Gene A,Gene B,Label,Score,Precision,Recall,False Positive Rate
YGR254W,YJR084W,0,0.23425338,0.0,0.0,0.00010001000191550702
YNL025C,YAR009C,0,0.09996578,0.0,0.0,0.00020002000383101404
YGL006W,YLR333C,0,0.06878701,0.0,0.0,0.00030002999119460583
YIL106W,YEL001C,0,0.057962596,0.0,0.0,0.0004000400076620281
YDR268W,YBR060C,0,0.057165116,0.0,0.0,0.0005000500241294503
YPL036W,YPR148C,0,0.0043612123,0.0,0.0,0.0006000599823892117
YGR254W,YBR217W,1,0.0034058094,0.1428571492433548,0.0009990009712055326,0.0006000599823892117
YNL242W,YHR174W,1,-0.051576465,0.25,0.001998001942411065,0.0006000599823892117
YGR254W,YNR007C,1,-0.05727858,0.3333333432674408,0.0029970030300319195,0.0006000599823892117
YEL020W-A,YBR049C,0,-0.06638931,0.30000001192092896,0.0029970030300319195,0.0007000699988566339
YGL180W,YNL079C,1,-0.07315554,0.3636363744735718,0.00399600388482213,0.0007000699988566339
YDL081C,YML004C,0,-0.08246316,0.3333333432674408,0.00399600388482213,0.0008000800153240561
YDL081C,YHL050C,0,-0.086960375,0.3076923191547394,0.00399600388482213,0.0009000900317914784
YDR377W,YKL145W,0,-0.09999725,0.2857142984867096,0.00399600388482213,0.0010001000482589006
YEL005C,YDR328C,0,-0.100359485,0.2666666805744171,0.00399600388482213,0.001100110006518662
YGR254W,YNL242W,1,-0.10321987,0.3125,0.004995005205273628,0.001100110006518662
YJL045W,YPR017C,0,-0.10515717,0.29411765933036804,0.004995005205273628,0.0012001199647784233
YDR471W,YHR139C,0,-0.10918299,0.2777777910232544,0.004995005205273628,0.0013001300394535065
YGR254W,YPR049C,1,-0.11209381,0.31578946113586426,0.005994006060063839,0.0013001300394535065
YDR213W,YDR004W,0,-0.11698259,0.30000001192092896,0.005994006060063839,0.0014001399977132678
YGR254W,YDR495C,1,-0.121203646,0.3333333432674408,0.00699300691485405,0.0014001399977132678
YGL212W,YBR080C,1,-0.12322809,0.3636363744735718,0.00799200776964426,0.0014001399977132678
YJR123W,YGL226W,0,-0.12337507,0.3478260934352875,0.00799200776964426,0.001500150072388351
YDR328C,YKL132C,0,-0.12537712,0.3333333432674408,0.00799200776964426,0.0016001600306481123
YGR024C,YDR204W,0,-0.12754649,0.3199999928474426,0.00799200776964426,0.0017001699889078736
YBR162C,YPL189W,0,-0.13925806,0.3076923191547394,0.00799200776964426,0.0018001800635829568
YJR048W,YDR105C,0,-0.14111209,0.29629629850387573,0.00799200776964426,0.0019001900218427181
YML081W,YMR002W,0,-0.14337167,0.2857142984867096,0.00799200776964426,0.0020002000965178013
YLR423C,YOR332W,1,-0.15378186,0.3103448152542114,0.008991008624434471,0.0020002000965178013
YEL020W-A,YDR235W,0,-0.15695733,0.30000001192092896,0.008991008624434471,0.002100209938362241
YOR319W,YGL194C,0,-0.1582706,0.29032257199287415,0.008991008624434471,0.002200220013037324
YNR007C,YOR332W,1,-0.16034624,0.3125,0.009990010410547256,0.002200220013037324
YOR252W,YJL026W,0,-0.16300641,0.3030303120613098,0.009990010410547256,0.002300230087712407
YIL056W,YER177W,0,-0.16679943,0.29411765933036804,0.009990010410547256,0.0024002399295568466
YEL020W-A,YER127W,0,-0.16805084,0.2857142984867096,0.009990010410547256,0.0025002500042319298
YEL027W,YBR217W,1,-0.16886628,0.3055555522441864,0.010989011265337467,0.0025002500042319298
YOR193W,YLR466W,0,-0.17005292,0.29729729890823364,0.010989011265337467,0.002600260078907013
YML133C,YMR226C,0,-0.17095172,0.28947368264198303,0.010989011265337467,0.0027002699207514524
YEL048C,YCL035C,0,-0.17170507,0.28205129504203796,0.010989011265337467,0.0028002799954265356
YGR254W,YLR423C,1,-0.17339817,0.30000001192092896,0.011988012120127678,0.0028002799954265356
YEL020W-A,YFL049W,0,-0.17416063,0.2926829159259796,0.011988012120127678,0.0029002900701016188
YDR268W,YMR001C,0,-0.17674989,0.2857142984867096,0.011988012120127678,0.003000300144776702
YOR177C,YIL062C,0,-0.17748034,0.27906978130340576,0.011988012120127678,0.0031003099866211414
YGR161W-A,YEL001C,0,-0.17984569,0.27272728085517883,0.011988012120127678,0.0032003200612962246
YEL020W-A,YDL098C,0,-0.1826567,0.2666666805744171,0.011988012120127678,0.0033003301359713078
YNL284C-B,YLR435W,0,-0.18328744,0.260869562625885,0.011988012120127678,0.0034003399778157473
YPL161C,YIL123W,0,-0.18535501,0.25531914830207825,0.011988012120127678,0.0035003500524908304
YDL235C,YOR081C,0,-0.18723324,0.25,0.011988012120127678,0.0036003601271659136
YLR466W,YIL062C,0,-0.18821292,0.2448979616165161,0.011988012120127678,0.003700369969010353
YLR258W,YPL239W,0,-0.1885229,0.23999999463558197,0.011988012120127678,0.0038003800436854362
YBL100W-B,YDR365W-A,0,-0.18964262,0.23529411852359772,0.011988012120127678,0.0039003901183605194
YGR254W,YKL048C,0,-0.18969361,0.23076923191547394,0.011988012120127678,0.004000400193035603
YHR138C,YOR332W,1,-0.19057149,0.24528302252292633,0.012987012974917889,0.004000400193035603
YLR423C,YFL039C,1,-0.19218476,0.25925925374031067,0.0139860138297081,0.004000400193035603
YDR039C,YIL062C,0,-0.1943655,0.2545454502105713,0.0139860138297081,0.004100410267710686
YPL141C,YOL103W-A,0,-0.19449882,0.25,0.0139860138297081,0.004200419876724482
YNL286W,YPR158W-B,0,-0.19610615,0.24561403691768646,0.0139860138297081,0.004300429951399565
YBR046C,YLR227W-A,0,-0.19659641,0.24137930572032928,0.0139860138297081,0.004400440026074648
YPR158W-B,YHR142W,0,-0.19819993,0.23728813230991364,0.0139860138297081,0.004500450100749731
YER038C,YNL029C,0,-0.20224014,0.23333333432674408,0.0139860138297081,0.004600460175424814
YMR009W,YNR055C,0,-0.20388748,0.2295081913471222,0.0139860138297081,0.004700470250099897
YGL018C,YNR053C,0,-0.20416847,0.22580644488334656,0.0139860138297081,0.004800479859113693
YBR208C,YLR363C,0,-0.20514975,0.2222222238779068,0.0139860138297081,0.004900489933788776
YOR002W,YGR161W-A,0,-0.2067197,0.21875,0.0139860138297081,0.0050005000084638596
YDL220C,YIL062C,0,-0.2067763,0.2153846174478531,0.0139860138297081,0.005100510083138943
YDR309C,YOL103W-A,0,-0.2080041,0.21212121844291687,0.0139860138297081,0.005200520157814026
YOL122C,YGR161C-D,0,-0.20887336,0.20895522832870483,0.0139860138297081,0.005300530232489109
YLR382C,YDR098C-B,0,-0.2092557,0.20588235557079315,0.0139860138297081,0.005400539841502905
YDR345C,YJR153W,0,-0.20957854,0.2028985470533371,0.0139860138297081,0.005500549916177988
YOL103W-A,YDR365C,0,-0.20960961,0.20000000298023224,0.0139860138297081,0.005600559990853071
YHR214C-C,YPL253C,0,-0.21006048,0.19718310236930847,0.0139860138297081,0.005700570065528154
YDR098C-A,YKR093W,0,-0.21027653,0.1944444477558136,0.0139860138297081,0.0058005801402032375
YNL242W,YOR332W,1,-0.21068585,0.2054794579744339,0.01498501468449831,0.0058005801402032375
YDR098C-A,YDR098C-B,0,-0.21113846,0.20270270109176636,0.01498501468449831,0.005900590214878321
YNL054W-A,YIL008W,0,-0.2121264,0.20000000298023224,0.01498501468449831,0.006000600289553404
YDR098C-A,YGR094W,0,-0.21345022,0.19736842811107635,0.01498501468449831,0.0061006098985672
YGR017W,YNL278W,0,-0.21400161,0.19480518996715546,0.01498501468449831,0.006200619973242283
YPR158W-B,YPL036W,0,-0.21405385,0.19230769574642181,0.01498501468449831,0.006300630047917366
YCL001W,YJL083W,0,-0.21415062,0.18987341225147247,0.01498501468449831,0.006400640122592449
YFL011W,YNR030W,0,-0.2143858,0.1875,0.01498501468449831,0.006500650197267532
YHR214C-C,YBL100W-B,0,-0.21455884,0.18518517911434174,0.01498501468449831,0.0066006602719426155
YNL284C-B,YOL009C,0,-0.21533403,0.18292683362960815,0.01498501468449831,0.006700669880956411
YER007C-A,YHR139C,0,-0.21544658,0.1807228922843933,0.01498501468449831,0.0068006799556314945
YPR158W-B,YJL186W,0,-0.21573626,0.1785714328289032,0.01498501468449831,0.006900690030306578
YKL062W,YLR150W,0,-0.21628946,0.1764705926179886,0.01498501468449831,0.007000700104981661
YDR098C-A,YNL286W,0,-0.21686104,0.1744185984134674,0.01498501468449831,0.007100710179656744
YDR316W-B,YOL116W,0,-0.21705104,0.17241379618644714,0.01498501468449831,0.007200720254331827
YLR131C,YGR161W-A,0,-0.2178514,0.17045454680919647,0.01498501468449831,0.007300729863345623
YER028C,YPR199C,0,-0.21808447,0.16853933036327362,0.01498501468449831,0.007400739938020706
YHR214C-C,YIL173W,0,-0.2181646,0.1666666716337204,0.01498501468449831,0.007500750012695789
YDR098C-A,YJL167W,0,-0.21840036,0.16483516991138458,0.01498501468449831,0.0076007600873708725
YLL031C,YBR089C-A,0,-0.21858919,0.16304348409175873,0.01498501468449831,0.007700770162045956
YOR241W,YDR098C-B,0,-0.2186499,0.16129031777381897,0.01498501468449831,0.007800780236721039
YGR161W-A,YLR382C,0,-0.21880902,0.1595744639635086,0.01498501468449831,0.007900790311396122
YDR343C,YFR050C,0,-0.21926302,0.15789473056793213,0.01498501468449831,0.008000800386071205
YPR199C,YDR365W-A,0,-0.2195851,0.15625,0.01498501468449831,0.008100810460746288
YNL250W,YPL145C,0,-0.21959507,0.15463916957378387,0.01498501468449831,0.008200820535421371
YMR220W,YGR109W-A,0,-0.21970984,0.15306122601032257,0.01498501468449831,0.00830082967877388
YPR095C,YHR214C-C,0,-0.22065741,0.1515151560306549,0.01498501468449831,0.008400839753448963
YPR158W-B,YLR313C,0,-0.22090337,0.15000000596046448,0.01498501468449831,0.008500849828124046
YNL284C-B,YGL195W,0,-0.2210936,0.14851485192775726,0.01498501468449831,0.00860085990279913
YNL054W-A,YNR030W,0,-0.221413,0.14705882966518402,0.01498501468449831,0.008700869977474213
YNL132W,YDR316W-B,0,-0.22157729,0.1456310749053955,0.01498501468449831,0.008800880052149296
YGR109W-A,YCL048W,0,-0.22280586,0.14423076808452606,0.01498501468449831,0.008900890126824379
YNL221C,YHR214C-C,0,-0.22281101,0.1428571492433548,0.01498501468449831,0.009000900201499462
YNL284C-B,YBL031W,0,-0.22291248,0.14150942862033844,0.01498501468449831,0.009100910276174545
YER056C,YER143W,0,-0.22294328,0.14018692076206207,0.01498501468449831,0.009200920350849628
YGR109W-A,YDL076C,0,-0.22305709,0.1388888955116272,0.01498501468449831,0.009300930425524712
YDR210C-D,YKL138C,0,-0.22308369,0.1376146823167801,0.01498501468449831,0.009400940500199795
YDR316W-B,YBR193C,0,-0.2234213,0.13636364042758942,0.01498501468449831,0.009500949643552303
YNL054W-A,YPL239W,0,-0.22401083,0.13513512909412384,0.01498501468449831,0.009600959718227386
YDR098C-A,YDR080W,0,-0.22418731,0.1339285671710968,0.01498501468449831,0.00970096979290247
YDL091C,YPR158W-B,0,-0.22440958,0.13274335861206055,0.01498501468449831,0.009800979867577553
YJL127C,YGR161C-D,0,-0.2244822,0.1315789520740509,0.01498501468449831,0.009900989942252636
YDL113C,YDR316W-B,0,-0.22510423,0.1304347813129425,0.01498501468449831,0.010001000016927719
YDR365W-A,YBL025W,0,-0.2252144,0.12931033968925476,0.01498501468449831,0.010101010091602802
YNL284C-B,YGL144C,0,-0.22542882,0.12820513546466827,0.01498501468449831,0.010201020166277885
YCR105W,YGL107C,0,-0.22550082,0.12711864709854126,0.01498501468449831,0.010301030240952969
YDR098C-A,YPR169W,0,-0.22571504,0.1260504275560379,0.01498501468449831,0.010401040315628052
YOL011W,YHR214C-C,0,-0.22608852,0.125,0.01498501468449831,0.010501050390303135
YIL019W,YDR316W-B,0,-0.22645712,0.12396693974733353,0.01498501468449831,0.010601060464978218
YDR150W,YNL054W-A,0,-0.22659124,0.12295082211494446,0.01498501468449831,0.010701070539653301
YDR098C-B,YLL057C,0,-0.22667989,0.12195122241973877,0.01498501468449831,0.01080107968300581
YDR210C-D,YDR328C,0,-0.22775255,0.12096773833036423,0.01498501468449831,0.010901089757680893
YDR217C,YDR365W-A,0,-0.22855589,0.11999999731779099,0.01498501468449831,0.011001099832355976
YDR210C-D,YHL011C,0,-0.22870007,0.1190476194024086,0.01498501468449831,0.01110110990703106
YPL175W,YDR098C-B,0,-0.22894251,0.11811023950576782,0.01498501468449831,0.011201119981706142
YPR158W-B,YOR241W,0,-0.22906753,0.1171875,0.01498501468449831,0.011301130056381226
YLR426W,YGR109W-A,0,-0.22925538,0.11627907305955887,0.01498501468449831,0.011401140131056309
YPL262W,YLR247C,0,-0.22977364,0.11538461595773697,0.01498501468449831,0.011501150205731392
YFR016C,YDR098C-B,0,-0.23027915,0.11450381577014923,0.01498501468449831,0.011601160280406475
YNL094W,YDR365W-A,0,-0.23045108,0.11363636702299118,0.01498501468449831,0.011701170355081558
YMR048W,YDR365W-A,0,-0.23109762,0.11278195679187775,0.01498501468449831,0.011801180429756641
YCR005C,YOR086C,0,-0.23162434,0.11194030195474625,0.01498501468449831,0.011901190504431725
YIL048W,YCL062W,1,-0.23164266,0.11851851642131805,0.01598401553928852,0.011901190504431725
YDR122W,YER108C,0,-0.23164272,0.11764705926179886,0.01598401553928852,0.012001200579106808
YPL056C,YBR090C-A,0,-0.23166376,0.11678832024335861,0.01598401553928852,0.012101209722459316
YIL106W,YBR090C-A,0,-0.23167014,0.11594203114509583,0.01598401553928852,0.0122012197971344
YMR274C,YHR079C-B,0,-0.23169863,0.11510791629552841,0.01598401553928852,0.012301229871809483
YOL059W,YCL012W,0,-0.23171712,0.11428571492433548,0.01598401553928852,0.012401239946484566
YCL062W,YEL027W,1,-0.23172045,0.12056737393140793,0.016983017325401306,0.012401239946484566
YGR109W-A,YOR260W,0,-0.23172373,0.11971831321716309,0.016983017325401306,0.012501250021159649
YFL026W,YHR079C-B,0,-0.23172808,0.11888112127780914,0.016983017325401306,0.012601260095834732
YFL005W,YCR058C,0,-0.23172829,0.1180555522441864,0.016983017325401306,0.012701270170509815
YCL062W,YOR326W,1,-0.23173392,0.12413793057203293,0.017982017248868942,0.012701270170509815
YAR033W,YJL021C,0,-0.23173751,0.12328767031431198,0.017982017248868942,0.012801280245184898
YOL098C,YBR090C-A,0,-0.23175637,0.12244898080825806,0.017982017248868942,0.012901290319859982
YHR214C-C,YNL161W,0,-0.23176381,0.12162162363529205,0.017982017248868942,0.013001300394535065
YCR058C,YNR059W,0,-0.23177189,0.12080536782741547,0.017982017248868942,0.013101310469210148
YER108C,YGR142W,0,-0.23177715,0.11999999731779099,0.017982017248868942,0.013201320543885231
YOR358W,YER108C,0,-0.23192225,0.1192052960395813,0.017982017248868942,0.01330132968723774
YHR201C,YHR079C-B,0,-0.23211592,0.1184210553765297,0.017982017248868942,0.013401339761912823
YHR039C-B,YOR332W,1,-0.23218691,0.12418300658464432,0.018981019034981728,0.013401339761912823
YLR227W-A,YGR097W,0,-0.23231602,0.12337662279605865,0.018981019034981728,0.013501349836587906
YAL019W,YCR058C,0,-0.23239893,0.1225806474685669,0.018981019034981728,0.013601359911262989
YDL098C,YFR024C,0,-0.23240802,0.12179487198591232,0.018981019034981728,0.013701369985938072
YLR085C,YBR100W,0,-0.23245427,0.12101911008358002,0.018981019034981728,0.013801380060613155
YKL032C,YLL057C,0,-0.23247828,0.12025316804647446,0.018981019034981728,0.013901390135288239
YIL041W,YHR039C-B,1,-0.23250501,0.1257861703634262,0.019980020821094513,0.013901390135288239
YCL062W,YJL178C,1,-0.23256111,0.13124999403953552,0.02097902074456215,0.013901390135288239
YDR098C-A,YLR001C,0,-0.23256159,0.1304347813129425,0.02097902074456215,0.014001400209963322
YCL062W,YBL050W,1,-0.23257542,0.1358024626970291,0.021978022530674934,0.014001400209963322
YCL062W,YML001W,1,-0.23261735,0.1411042958498001,0.02297702245414257,0.014001400209963322
YDR098C-A,YBR248C,0,-0.23265594,0.14024390280246735,0.02297702245414257,0.014101410284638405
YDR098C-A,YNL156C,0,-0.23266467,0.13939394056797028,0.02297702245414257,0.014201420359313488
YCL062W,YBR217W,1,-0.23267345,0.14457830786705017,0.023976024240255356,0.014201420359313488
YNL015W,YHR039C-B,1,-0.232711,0.1497005969285965,0.024975024163722992,0.014201420359313488
YPR158W-B,YFR016C,0,-0.23286304,0.1488095223903656,0.024975024163722992,0.014301430433988571
YLR423C,YHR039C-B,1,-0.23287496,0.1538461595773697,0.025974025949835777,0.014301430433988571
YLR426W,YHR079C-B,0,-0.23288473,0.15294118225574493,0.025974025949835777,0.014401440508663654
YCL012W,YIL130W,0,-0.23312387,0.1520467847585678,0.025974025949835777,0.014501450583338737
YDR210C-D,YDR175C,0,-0.23317069,0.151162788271904,0.025974025949835777,0.014601459726691246
YPL171C,YER100W,0,-0.23320656,0.15028901398181915,0.025974025949835777,0.01470146980136633
YOR334W,YCL012W,0,-0.23325801,0.14942528307437897,0.025974025949835777,0.014801479876041412
YFR010W,YBR100W,0,-0.23330899,0.1485714316368103,0.025974025949835777,0.014901489950716496
YDR210C-D,YKL039W,0,-0.23352835,0.14772726595401764,0.025974025949835777,0.015001500025391579
YJL021C,YDR300C,0,-0.2337836,0.14689265191555023,0.025974025949835777,0.015101510100066662
YDR227W,YGR161C-D,0,-0.23379672,0.14606741070747375,0.025974025949835777,0.015201520174741745
YDR098C-A,YNL025C,0,-0.23384202,0.14525139331817627,0.025974025949835777,0.015301530249416828
YDL149W,YHR039C-B,1,-0.23387454,0.15000000596046448,0.026973027735948563,0.015301530249416828
YCL062W,YGL180W,1,-0.23392576,0.15469613671302795,0.0279720276594162,0.015301530249416828
YCL062W,YNL223W,1,-0.23395279,0.15934066474437714,0.028971029445528984,0.015301530249416828
YBR211C,YGR161C-D,0,-0.23398887,0.15846994519233704,0.028971029445528984,0.015401540324091911
YCL012W,YIL062C,0,-0.2339901,0.15760870277881622,0.028971029445528984,0.015501550398766994
YGL246C,YCR058C,0,-0.23416512,0.15675675868988037,0.028971029445528984,0.015601560473442078
YLL024C,YCL012W,0,-0.2342051,0.15591397881507874,0.028971029445528984,0.015701569616794586
YCL062W,YFL004W,1,-0.23422393,0.16042780876159668,0.02997002936899662,0.015701569616794586
YJL021C,YOR004W,0,-0.23426107,0.1595744639635086,0.02997002936899662,0.015801580622792244
YJL021C,YKL029C,0,-0.23428321,0.1587301641702652,0.02997002936899662,0.015901589766144753
YNL284C-B,YPL189W,0,-0.23436688,0.15789473056793213,0.02997002936899662,0.01600160077214241
YDL175C,YCR058C,0,-0.23459467,0.15706805884838104,0.02997002936899662,0.01610160991549492
YJL021C,YMR261C,0,-0.23465058,0.15625,0.02997002936899662,0.016201620921492577
YHR039C-B,YER072W,1,-0.2347968,0.1606217622756958,0.030969031155109406,0.016201620921492577
YDR160W,YBR090C-A,0,-0.23486796,0.15979380905628204,0.030969031155109406,0.016301630064845085
YCL062W,YPL045W,1,-0.23501718,0.16410256922245026,0.03196803107857704,0.016301630064845085
YKL052C,YNL054W-A,0,-0.23503433,0.16326530277729034,0.03196803107857704,0.016401641070842743
YNL054W-A,YIL005W,0,-0.23516442,0.16243654489517212,0.03196803107857704,0.01650165021419525
YDR188W,YER108C,0,-0.2352612,0.16161616146564484,0.03196803107857704,0.01660165935754776
YIL138C,YHR039C-B,1,-0.2352941,0.1658291518688202,0.032967034727334976,0.01660165935754776
YAL007C,YER108C,0,-0.2353933,0.16500000655651093,0.032967034727334976,0.016701670363545418
YLR227W-A,YBR211C,0,-0.2354308,0.16417910158634186,0.032967034727334976,0.016801679506897926
YNL284C-B,YPR199C,0,-0.23555507,0.16336633265018463,0.032967034727334976,0.016901690512895584
YGR161W-A,YJL196C,0,-0.23561732,0.1625615805387497,0.032967034727334976,0.017001699656248093
YIL053W,YHR079C-B,0,-0.23565462,0.1617647111415863,0.032967034727334976,0.01710171066224575
YGR109W-A,YGR129W,0,-0.23585114,0.1609756052494049,0.032967034727334976,0.01720171980559826
YLR056W,YKL005C,0,-0.23596014,0.16019417345523834,0.032967034727334976,0.017301730811595917
YDR500C,YCL012W,0,-0.2360289,0.15942029654979706,0.032967034727334976,0.017401739954948425
YHR039C-B,YLR043C,1,-0.23603295,0.16346153616905212,0.03396603465080261,0.017401739954948425
YLR102C,YCR058C,0,-0.23603879,0.16267941892147064,0.03396603465080261,0.017501750960946083
YLR386W,YHR039C-B,1,-0.23620357,0.1666666716337204,0.03496503457427025,0.017501750960946083
YJL021C,YCL064C,0,-0.23621269,0.16587677597999573,0.03496503457427025,0.01760176010429859
YCL012W,YNR053C,0,-0.23628765,0.16509434580802917,0.03496503457427025,0.0177017692476511
YAR033W,YGR161W-A,0,-0.2362886,0.16431924700737,0.03496503457427025,0.017801780253648758
YBR090C-A,YKL134C,0,-0.23633093,0.16355140507221222,0.03496503457427025,0.017901789397001266
YCL012W,YDR365C,0,-0.23642522,0.1627907007932663,0.03496503457427025,0.018001800402998924
YBR109C,YHR039C-B,1,-0.23644839,0.1666666716337204,0.035964034497737885,0.018001800402998924
YIL075C,YGR109W-A,0,-0.23649037,0.1658986210823059,0.035964034497737885,0.018101809546351433
YHR039C-B,YJL178C,1,-0.2365891,0.16972477734088898,0.03696303814649582,0.018101809546351433
YJL021C,YGR097W,0,-0.23668927,0.16894976794719696,0.03696303814649582,0.01820182055234909
YJR132W,YHR079C-B,0,-0.23678195,0.16818182170391083,0.03696303814649582,0.0183018296957016
YGR161W-A,YMR055C,0,-0.23678942,0.16742081940174103,0.03696303814649582,0.018401840701699257
YML100W,YOL103W-A,0,-0.23694085,0.1666666716337204,0.03696303814649582,0.018501849845051765
YFR047C,YGR161C-D,0,-0.23694086,0.16591928899288177,0.03696303814649582,0.018601860851049423
YCL062W,YLR431C,1,-0.23695764,0.1696428507566452,0.037962038069963455,0.018601860851049423
YDL135C,YBR100W,0,-0.2371063,0.1688888818025589,0.037962038069963455,0.018701869994401932
YDR210C-D,YLL053C,0,-0.23724493,0.16814158856868744,0.037962038069963455,0.01880188100039959
YDL135C,YCL012W,0,-0.23749997,0.16740088164806366,0.037962038069963455,0.018901890143752098
YLR227W-A,YDL106C,0,-0.23784235,0.1666666716337204,0.037962038069963455,0.019001899287104607
YCL062W,YDR080W,1,-0.2378599,0.17030568420886993,0.03896103799343109,0.019001899287104607
YFR024C,YPL198W,0,-0.2378748,0.16956521570682526,0.03896103799343109,0.019101910293102264
YJL021C,YJL035C,0,-0.23840956,0.16883116960525513,0.03896103799343109,0.019201919436454773
YNL284C-B,YBR268W,0,-0.23853025,0.1681034415960312,0.03896103799343109,0.01930193044245243
YCL062W,YGL095C,1,-0.23857887,0.17167381942272186,0.039960041642189026,0.01930193044245243
YDR229W,YFL039C,1,-0.23878469,0.17521367967128754,0.04095904156565666,0.01930193044245243
YHR138C,YHR039C-B,1,-0.23881367,0.17872340977191925,0.0419580414891243,0.01930193044245243
YDR210C-D,YAL015C,0,-0.23891488,0.17796610295772552,0.0419580414891243,0.01940193958580494
YPR158W-B,YPR046W,0,-0.23891588,0.17721518874168396,0.0419580414891243,0.019501950591802597
YHR214C-C,YKR099W,0,-0.23907793,0.1764705926179886,0.0419580414891243,0.019601959735155106
YPR057W,YER108C,0,-0.23953508,0.17573221027851105,0.0419580414891243,0.019701970741152763
YDR464W,YBR146W,0,-0.23954307,0.17499999701976776,0.0419580414891243,0.019801979884505272
YML076C,YBR100W,0,-0.23956232,0.17427386343479156,0.0419580414891243,0.01990199089050293
YNL054W-A,YMR131C,0,-0.23968369,0.1735537201166153,0.0419580414891243,0.020002000033855438
YKL145W,YGR296W,0,-0.23970634,0.17283950746059418,0.0419580414891243,0.020102011039853096
YBR090C-A,YER123W,0,-0.23982607,0.17213115096092224,0.0419580414891243,0.020202020183205605
YPL045W,YHR039C-B,1,-0.23992094,0.1755101978778839,0.042957041412591934,0.020202020183205605
YDR210C-D,YKL196C,0,-0.23994887,0.17479674518108368,0.042957041412591934,0.020302029326558113
YAL056W,YER178W,0,-0.24001771,0.17408907413482666,0.042957041412591934,0.02040204033255577
YFR024C,YLR068W,0,-0.24006015,0.1733870953321457,0.042957041412591934,0.02050204947590828
YDR098C-A,YOR002W,0,-0.24029675,0.1726907640695572,0.042957041412591934,0.020602060481905937
YDR316W-B,YOR110W,0,-0.24035087,0.1720000058412552,0.042957041412591934,0.020702069625258446
YHR039C-B,YCL063W,1,-0.24045372,0.175298810005188,0.04395604506134987,0.020702069625258446
YNL284C-B,YPL076W,0,-0.24059398,0.1746031790971756,0.04395604506134987,0.020802080631256104
YLR227W-A,YIL033C,0,-0.24068972,0.17391304671764374,0.04395604506134987,0.020902089774608612
YJL012C,YHR039C-B,1,-0.24083191,0.17716535925865173,0.044955044984817505,0.020902089774608612
YDR098C-A,YJL180C,0,-0.2409029,0.1764705926179886,0.044955044984817505,0.02100210078060627
YBR080C,YLR423C,1,-0.24099351,0.1796875,0.04595404490828514,0.02100210078060627
YHR009C,YHR005C,0,-0.24103326,0.17898832261562347,0.04595404490828514,0.02110210992395878
YPL168W,YOL103W-A,0,-0.24114396,0.1782945692539215,0.04595404490828514,0.021202120929956436
YOR262W,YNL054W-A,0,-0.24150465,0.17760618031024933,0.04595404490828514,0.021302130073308945
YDR098C-A,YLR060W,0,-0.2415882,0.17692308127880096,0.04595404490828514,0.021402141079306602
YKL185W,YCR035C,0,-0.24170199,0.17624521255493164,0.04595404490828514,0.02150215022265911
YDR256C,YGR080W,0,-0.24171586,0.17557251453399658,0.04595404490828514,0.02160215936601162
YPR158W-B,YBL007C,0,-0.24173942,0.1749049425125122,0.04595404490828514,0.021702170372009277
YLR431C,YHR039C-B,1,-0.2417444,0.17803029716014862,0.046953048557043076,0.021702170372009277
YGR109W-A,YNR024W,0,-0.24174738,0.1773584932088852,0.046953048557043076,0.021802179515361786
YIL138C,YDR080W,1,-0.24187759,0.18045112490653992,0.04795204848051071,0.021802179515361786
YOL103W-A,YDR384C,0,-0.24209575,0.17977528274059296,0.04795204848051071,0.021902190521359444
YNL284C-B,YNL287W,0,-0.24246533,0.17910447716712952,0.04795204848051071,0.022002199664711952
YDR365W-A,YKR099W,0,-0.24248585,0.17843866348266602,0.04795204848051071,0.02210221067070961
YDR316W-B,YHL035C,0,-0.24263252,0.17777778208255768,0.04795204848051071,0.02220221981406212
YLR227W-A,YDR110W,0,-0.24284026,0.17712177336215973,0.04795204848051071,0.022302230820059776
YOL122C,YDR316W-B,0,-0.24309728,0.1764705926179886,0.04795204848051071,0.022402239963412285
YML127W,YBL072C,0,-0.24318495,0.17582418024539948,0.04795204848051071,0.022502250969409943
YFR024C-A,YGR109W-A,0,-0.24319884,0.17518247663974762,0.04795204848051071,0.02260226011276245
YFR024C,YNL036W,0,-0.24332482,0.17454545199871063,0.04795204848051071,0.02270227111876011
YFR024C,YPL063W,0,-0.24334225,0.17391304671764374,0.04795204848051071,0.022802280262112617
YFR024C,YNL156C,0,-0.24377093,0.17328520119190216,0.04795204848051071,0.022902289405465126
YDR365W-A,YML055W,0,-0.24377283,0.17266187071800232,0.04795204848051071,0.023002300411462784
YGR161W-A,YNL194C,0,-0.24492693,0.17204301059246063,0.04795204848051071,0.023102309554815292
YOR032C,YBR100W,0,-0.24493912,0.17142857611179352,0.04795204848051071,0.02320232056081295
YCL062W,YKL051W,1,-0.24499348,0.1743772178888321,0.04895104840397835,0.02320232056081295
YBR090C-A,YHR106W,0,-0.24523802,0.173758864402771,0.04895104840397835,0.02330232970416546
YDR365W-A,YDR179C,0,-0.2452653,0.1731448769569397,0.04895104840397835,0.023402340710163116
YEL018W,YER108C,0,-0.24527001,0.17253521084785461,0.04895104840397835,0.023502349853515625
YPL179W,YGR161C-D,0,-0.24541874,0.17192982137203217,0.04895104840397835,0.023602360859513283
YDR407C,YDR098C-B,0,-0.24571593,0.17132867872714996,0.04895104840397835,0.02370237000286579
YBR090C-A,YLR054C,0,-0.2458899,0.17073170840740204,0.04895104840397835,0.02380238100886345
YDR268W,YMR183C,0,-0.24592555,0.1701388955116272,0.04895104840397835,0.023902390152215958
YFL035C-B,YFR025C,0,-0.24609822,0.16955018043518066,0.04895104840397835,0.024002401158213615
YLR345W,YLR154W-C,0,-0.24609822,0.16896551847457886,0.04895104840397835,0.024102410301566124
YHR033W,YDR210W-C,0,-0.24609822,0.1683848798274994,0.04895104840397835,0.024202419444918633
YKL045W,YFL035C-A,0,-0.24609822,0.16780821979045868,0.04895104840397835,0.02430243045091629
YBR086C,YFL035C-A,0,-0.24609822,0.16723549365997314,0.04895104840397835,0.0244024395942688
YCL029C,YFL035C-A,0,-0.24609822,0.1666666716337204,0.04895104840397835,0.024502450600266457
YOL084W,YKL138C-A,0,-0.24609822,0.16610169410705566,0.04895104840397835,0.024602459743618965
YFL026W,YFL035C-A,0,-0.24609822,0.16554054617881775,0.04895104840397835,0.024702470749616623
YBR200W-A,YBR078W,0,-0.24609822,0.16498316824436188,0.04895104840397835,0.02480247989296913
YKL087C,YER053C-A,0,-0.24609822,0.16442953050136566,0.04895104840397835,0.02490249089896679
YOL059W,YER053C-A,0,-0.24609822,0.1638796031475067,0.04895104840397835,0.025002500042319298
YCL005W-A,YPL248C,0,-0.24609822,0.16333332657814026,0.04895104840397835,0.025102511048316956
YOL032W,YFL018W-A,0,-0.24609822,0.1627907007932663,0.04895104840397835,0.025202520191669464
YBR254C,YKL138C-A,0,-0.24609822,0.16225165128707886,0.04895104840397835,0.025302529335021973
YNR038W,YFL035C-A,0,-0.24609822,0.16171617805957794,0.04895104840397835,0.02540254034101963
YDR377W,YKR095W-A,0,-0.24609822,0.16118420660495758,0.04895104840397835,0.02550254948437214
YER060W-A,YBR100W,0,-0.24609822,0.16065573692321777,0.04895104840397835,0.025602560490369797
YDR190C,YFL018W-A,0,-0.24609822,0.16013072431087494,0.04895104840397835,0.025702569633722305
YFL035C-B,YML059C,0,-0.24609822,0.1596091240644455,0.04895104840397835,0.025802580639719963
YDL134C-A,YDR175C,0,-0.24609822,0.15909090638160706,0.04895104840397835,0.02590258978307247
YDR204W,YOR343C-A,0,-0.24609822,0.15857605636119843,0.04895104840397835,0.02600260078907013
YBR200W-A,YLR328W,0,-0.24609822,0.15806451439857483,0.04895104840397835,0.026102609932422638
YDL220C,YOR343C-A,0,-0.24609822,0.15755626559257507,0.04895104840397835,0.026202620938420296
YBR200W-A,YBL005W,0,-0.24609822,0.15705128014087677,0.04895104840397835,0.026302630081772804
YLL031C,YFL035C-A,0,-0.24609822,0.15654951333999634,0.04895104840397835,0.026402641087770462
YBR200W-A,YPR010C,0,-0.24609822,0.15605095028877258,0.04895104840397835,0.02650265023112297
YKL138C-A,YGR260W,0,-0.24609822,0.15555556118488312,0.04895104840397835,0.02660265937447548
YDR435C,YOR343C-A,0,-0.24609822,0.15506328642368317,0.04895104840397835,0.026702670380473137
YDL134C-A,YGL078C,0,-0.24609822,0.15457412600517273,0.04895104840397835,0.026802679523825645
YNL242W,YJL012C-A,1,-0.24609822,0.15723270177841187,0.049950048327445984,0.026802679523825645
YML100W,YER053C-A,0,-0.24609822,0.15673981606960297,0.049950048327445984,0.026902690529823303
YBR046C,YFL018W-A,0,-0.24609822,0.15625,0.049950048327445984,0.027002699673175812
YHR214W,YFL035C-A,0,-0.24609822,0.15576323866844177,0.049950048327445984,0.02710271067917347
YPL043W,YOR343C-A,0,-0.24609822,0.1552795022726059,0.049950048327445984,0.027202719822525978
YNR024W,YOL086W-A,0,-0.24609822,0.15479876101016998,0.049950048327445984,0.027302730828523636
YFL035C-B,YHR139C,0,-0.24609822,0.15432098507881165,0.049950048327445984,0.027402739971876144
YJL127C,YFL035C-A,0,-0.24609822,0.1538461595773697,0.049950048327445984,0.027502750977873802
YML059C,YDR210W-C,0,-0.24609822,0.15337423980236053,0.049950048327445984,0.02760276012122631
YNL326C,YJL012C-A,1,-0.24609822,0.15596330165863037,0.05094905197620392,0.02760276012122631
YJL012C-A,YLR043C,1,-0.24609822,0.15853658318519592,0.051948051899671555,0.02760276012122631
YDL134C-A,YDR276C,0,-0.24609822,0.15805470943450928,0.051948051899671555,0.02770277112722397
YEL032W,YDR210W-C,0,-0.24609822,0.15757575631141663,0.051948051899671555,0.027802780270576477
YGR181W,YCL005W-A,0,-0.24609822,0.15709969401359558,0.051948051899671555,0.027902789413928986
YDL134C-A,YLR093C,0,-0.24609822,0.15662650763988495,0.051948051899671555,0.028002800419926643
YJL133C-A,YPL198W,0,-0.24609822,0.15615615248680115,0.051948051899671555,0.028102809563279152
YFL035C-A,YBR301W,0,-0.24609822,0.15568862855434418,0.051948051899671555,0.02820282056927681
YFL035C-B,YLR435W,0,-0.24609822,0.15522387623786926,0.051948051899671555,0.028302829712629318
YCL005W-A,YPL056C,0,-0.24609822,0.1547619104385376,0.051948051899671555,0.028402840718626976
YFL035C-B,YER123W,0,-0.24609822,0.1543026715517044,0.051948051899671555,0.028502849861979485
YCL005W-A,YDR217C,0,-0.24609822,0.1538461595773697,0.051948051899671555,0.028602860867977142
YOR002W,YLR154W-C,0,-0.24609822,0.15339232981204987,0.051948051899671555,0.02870287001132965
YLR411W,YDR210W-C,0,-0.24609822,0.15294118225574493,0.051948051899671555,0.02880288101732731
YKR095W-A,YDR019C,0,-0.24609822,0.1524926722049713,0.051948051899671555,0.028902890160679817
YFR024C,YHL050C,0,-0.24609822,0.1520467847585678,0.051948051899671555,0.029002901166677475
YDR407C,YDR210W-C,0,-0.24609822,0.15160350501537323,0.051948051899671555,0.029102910310029984
YFL035C-B,YGL105W,0,-0.24609822,0.151162788271904,0.051948051899671555,0.029202919453382492
YHR204W,YDR210W-C,0,-0.24609822,0.1507246345281601,0.051948051899671555,0.02930293045938015
YKR095W-A,YDR040C,0,-0.24609822,0.15028901398181915,0.051948051899671555,0.02940293960273266
YJL021C,YDL145C,0,-0.24609822,0.14985591173171997,0.051948051899671555,0.029502950608730316
YKR095W-A,YGR165W,0,-0.24609822,0.14942528307437897,0.051948051899671555,0.029602959752082825
YOL121C,YER108C,0,-0.24609822,0.14899712800979614,0.051948051899671555,0.029702970758080482
YIL120W,YKR095W-A,0,-0.24609822,0.1485714316368103,0.051948051899671555,0.02980297990143299
YGL246C,YCL005W-A,0,-0.24609822,0.14814814925193787,0.051948051899671555,0.02990299090743065
YOL086W-A,YCR063W,0,-0.24609822,0.14772726595401764,0.051948051899671555,0.030003000050783157
YKL014C,YDR210W-C,0,-0.24609822,0.14730878174304962,0.051948051899671555,0.030103011056780815
YAR042W,YKL138C-A,0,-0.24609822,0.14689265191555023,0.051948051899671555,0.030203020200133324
YJL133C-A,YNL063W,0,-0.24609822,0.14647887647151947,0.051948051899671555,0.03030303120613098
YDR441C,YDL134C-A,0,-0.24609822,0.14606741070747375,0.051948051899671555,0.03040304034948349
YHR113W,YDR210W-C,0,-0.24609822,0.14565826952457428,0.051948051899671555,0.030503049492836
YPL133C,YKL138C-A,0,-0.24609822,0.14525139331817627,0.051948051899671555,0.030603060498833656
YER179W,YBR200W-A,0,-0.24609822,0.14484679698944092,0.051948051899671555,0.030703069642186165
YML045W,YFL035C-A,0,-0.24609822,0.14444445073604584,0.051948051899671555,0.030803080648183823
YMR232W,YJL133C-A,0,-0.24609822,0.14404432475566864,0.051948051899671555,0.03090308979153633
YJL012C-A,YOR068C,1,-0.24609822,0.1464088410139084,0.05294705182313919,0.03090308979153633
YJR049C,YKR095W-A,0,-0.24609822,0.1460055112838745,0.05294705182313919,0.03100310079753399
YJL133C-A,YMR050C,0,-0.24609822,0.14560440182685852,0.05294705182313919,0.031103109940886497
YPL280W,YKL138C-A,0,-0.24609822,0.14520548284053802,0.05294705182313919,0.031203120946884155
YHR009C,YJL133C-A,0,-0.24609822,0.14480873942375183,0.05294705182313919,0.031303130090236664
YCR016W,YKL138C-A,0,-0.24609822,0.14441417157649994,0.05294705182313919,0.03140313923358917
YJL012C-A,YER072W,1,-0.24609822,0.14673912525177002,0.053946055471897125,0.03140313923358917
YBR233W-A,YPL006W,0,-0.24609822,0.1463414579629898,0.053946055471897125,0.03150315210223198
YKR095W-A,YPR174C,0,-0.24609822,0.1459459513425827,0.053946055471897125,0.03160316124558449
YFL035C-B,YKL063C,0,-0.24609822,0.14555256068706512,0.053946055471897125,0.031703170388936996
YBR200W-A,YHR073W,0,-0.24609822,0.14516128599643707,0.053946055471897125,0.031803179532289505
YJL012C-A,YPL019C,1,-0.24609822,0.14745308458805084,0.05494505539536476,0.031803179532289505
YCL005W-A,YIR019C,0,-0.24609822,0.14705882966518402,0.05494505539536476,0.031903188675642014
YKR095W-A,YBR169C,0,-0.24609822,0.14666666090488434,0.05494505539536476,0.03200320154428482
YLR386W,YJL012C-A,1,-0.24609822,0.1489361673593521,0.0559440553188324,0.03200320154428482
YGR007W,YOR343C-A,0,-0.24609822,0.14854110777378082,0.0559440553188324,0.03210321068763733
YDR517W,YFL035C-A,0,-0.24609822,0.14814814925193787,0.0559440553188324,0.03220321983098984
YOL086W-A,YKL040C,0,-0.24609822,0.14775726199150085,0.0559440553188324,0.032303228974342346
YDL134C-A,YOR316C,0,-0.24609822,0.1473684161901474,0.0559440553188324,0.03240324184298515
YNL054W,YHR039C-B,1,-0.24609822,0.14960630238056183,0.056943055242300034,0.03240324184298515
YJL133C-A,YGL058W,0,-0.24609822,0.14921465516090393,0.056943055242300034,0.03250325098633766
YIL038C,YOR343C-A,0,-0.24609822,0.14882506430149078,0.056943055242300034,0.03260326012969017
YLR396C,YJL012C-A,1,-0.24609822,0.1510416716337204,0.05794205889105797,0.03260326012969017
YCL005W-A,YLR058C,0,-0.24609822,0.15064935386180878,0.05794205889105797,0.03270326927304268
YHR148W,YOL086W-A,0,-0.24609822,0.15025906264781952,0.05794205889105797,0.032803282141685486
YDL134C-A,YOL059W,0,-0.24609822,0.14987079799175262,0.05794205889105797,0.032903291285037994
YMR175W,YBR100W,0,-0.24609822,0.1494845300912857,0.05794205889105797,0.0330033004283905
YJL012C-A,YHR138C,1,-0.24609822,0.15167094767093658,0.058941058814525604,0.0330033004283905
YOR320C,YOL086W-A,0,-0.24609822,0.15128205716609955,0.058941058814525604,0.03310330957174301
YJL045W,YJL133C-A,0,-0.24609822,0.1508951336145401,0.058941058814525604,0.03320331871509552
YJL012C-A,YFL004W,1,-0.24609822,0.15306122601032257,0.05994005873799324,0.03320331871509552
YGR254W,YHR039C-B,1,-0.24609822,0.1552162915468216,0.060939062386751175,0.03320331871509552
YCL012W,YFL035C-A,0,-0.24609822,0.15482233464717865,0.060939062386751175,0.03330333158373833
YOR193W,YJL133C-A,0,-0.24609822,0.15443037450313568,0.060939062386751175,0.033403340727090836
YJL012C-A,YBR217W,1,-0.24609822,0.15656565129756927,0.06193806231021881,0.033403340727090836
YFL035C-B,YMR195W,0,-0.24609822,0.1561712920665741,0.06193806231021881,0.033503349870443344
YJL012C-A,YLR093C,1,-0.24609822,0.15829145908355713,0.06293706595897675,0.033503349870443344
YDL106C,YER053C-A,0,-0.24609822,0.15789473056793213,0.06293706595897675,0.03360335901379585
YLL031C,YER053C-A,0,-0.24609822,0.1574999988079071,0.06293706595897675,0.03370337188243866
YGL144C,YFL035C-A,0,-0.24609822,0.15710723400115967,0.06293706595897675,0.03380338102579117
YFR024C,YDR243C,0,-0.24609822,0.15671642124652863,0.06293706595897675,0.03390339016914368
YKL110C,YJL133C-A,0,-0.24609822,0.15632754564285278,0.06293706595897675,0.034003399312496185
YML041C,YDR210W-C,0,-0.24609822,0.15594059228897095,0.06293706595897675,0.03410341218113899
YDL134C-A,YCL039W,0,-0.24609822,0.15555556118488312,0.06293706595897675,0.0342034213244915
YKR095W-A,YLR260W,0,-0.24609822,0.1551724076271057,0.06293706595897675,0.03430343046784401
YKL134C,YER053C-A,0,-0.24609822,0.15479116141796112,0.06293706595897675,0.03440343961119652
YJL012C-A,YDR080W,1,-0.24609822,0.1568627506494522,0.06393606215715408,0.03440343961119652
YJL133C-A,YDR110W,0,-0.24609822,0.15647922456264496,0.06393606215715408,0.034503448754549026
YFL018W-A,YLR068W,0,-0.24609822,0.15609756112098694,0.06393606215715408,0.034603461623191833
YDR500C,YOL086W-A,0,-0.24609822,0.15571776032447815,0.06393606215715408,0.03470347076654434
YLR037C,YOR343C-A,0,-0.24609822,0.1553398072719574,0.06393606215715408,0.03480347990989685
YDR464W,YFL035C-A,0,-0.24609822,0.1549636870622635,0.06393606215715408,0.03490348905324936
YKL138C-A,YPL076W,0,-0.24609822,0.15458936989307404,0.06393606215715408,0.035003501921892166
YKR095W-A,YER005W,0,-0.24609822,0.15421687066555023,0.06393606215715408,0.035103511065244675
YDL134C-A,YBR090C-A,0,-0.24609822,0.1538461595773697,0.06393606215715408,0.03520352020859718
YJL012C-A,YJL012C,1,-0.24609822,0.1558752954006195,0.06493506580591202,0.03520352020859718
YBR233W-A,YFL035C-A,0,-0.24609822,0.15550239384174347,0.06493506580591202,0.03530352935194969
YJL133C-A,YKL134C,0,-0.24609822,0.1551312655210495,0.06493506580591202,0.0354035384953022
YJL012C-A,YGR209C,1,-0.24609822,0.15714286267757416,0.06593406945466995,0.0354035384953022
YPL133C,YKR095W-A,0,-0.24609822,0.15676960349082947,0.06593406945466995,0.03550355136394501
YLR154W-C,YHR190W,0,-0.24609822,0.15639810264110565,0.06593406945466995,0.035603560507297516
YNL284C-B,YER108C,0,-0.24609822,0.1560283750295639,0.06593406945466995,0.035703569650650024
YJL012C-A,YOR332W,1,-0.24609822,0.15801887214183807,0.06693306565284729,0.035703569650650024
YHR202W,YLR154W-C,0,-0.24609822,0.1576470583677292,0.06693306565284729,0.03580357879400253
YFR034C,YFL018W-A,0,-0.24609822,0.15727698802947998,0.06693306565284729,0.03590359166264534
YBR029C,YLR154W-C,0,-0.24609822,0.15690866112709045,0.06693306565284729,0.03600360080599785
YPR068C,YHR079C-B,0,-0.24609822,0.15654206275939941,0.06693306565284729,0.03610360994935036
YJL021C,YKL039W,0,-0.24609822,0.15617716312408447,0.06693306565284729,0.036203619092702866
YPR134W,YFL035C-A,0,-0.24609822,0.15581394731998444,0.06693306565284729,0.03630363196134567
YHR039C-A,YHR039C-B,1,-0.24609822,0.15777261555194855,0.06793206930160522,0.03630363196134567
YCL005W-A,YER123W,0,-0.24609822,0.15740740299224854,0.06793206930160522,0.03640364110469818
YIL147C,YER053C-A,0,-0.24609822,0.15704387426376343,0.06793206930160522,0.03650365024805069
YNL214W,YFL035C-A,0,-0.24609822,0.15668202936649323,0.06793206930160522,0.0366036593914032
YFR024C-A,YFL035C-A,0,-0.24609822,0.15632183849811554,0.06793206930160522,0.03670366853475571
YOL135C,YER053C-A,0,-0.24609822,0.15596330165863037,0.06793206930160522,0.036803681403398514
YLR154W-C,YKL006W,0,-0.24609822,0.15560640394687653,0.06793206930160522,0.03690369054675102
YFL025C,YJL133C-A,0,-0.24609822,0.155251145362854,0.06793206930160522,0.03700369969010353
YNL023C,YFL018W-A,0,-0.24609822,0.15489749610424042,0.06793206930160522,0.03710370883345604
YHR039C-A,YJL012C-A,1,-0.24609822,0.1568181812763214,0.06893106549978256,0.03710370883345604
YKR095W-A,YLR249W,0,-0.24609822,0.15646257996559143,0.06893106549978256,0.037203721702098846
YML001W,YJL012C-A,1,-0.24609822,0.15837104618549347,0.0699300691485405,0.037203721702098846
YJL012C-A,YCL063W,1,-0.24609822,0.16027088463306427,0.07092907279729843,0.037203721702098846
YJR123W,YJL133C-A,0,-0.24609822,0.1599099040031433,0.07092907279729843,0.037303730845451355
YDR210W-C,YGR094W,0,-0.24609822,0.15955056250095367,0.07092907279729843,0.037403739988803864
YCL005W-A,YDR023W,0,-0.24609822,0.15919283032417297,0.07092907279729843,0.03750374913215637
YIL119C,YOR343C-A,0,-0.24609822,0.15883669257164001,0.07092907279729843,0.03760376200079918
YHR150W,YLR154W-C,0,-0.24609822,0.1584821492433548,0.07092907279729843,0.03770377114415169
YOR372C,YDR210W-C,0,-0.24609822,0.15812917053699493,0.07092907279729843,0.037803780287504196
YOR207C,YJL133C-A,0,-0.24609822,0.15777777135372162,0.07092907279729843,0.037903789430856705
YNL056W,YLR154W-C,0,-0.24609822,0.15742793679237366,0.07092907279729843,0.03800379857420921
YNR007C,YJL012C-A,1,-0.24609822,0.1592920422554016,0.07192806899547577,0.03800379857420921
YJL021C,YOR383C,0,-0.24609822,0.1589404046535492,0.07192806899547577,0.03810381144285202
YCL005W-A,YPR105C,0,-0.24609822,0.15859030187129974,0.07192806899547577,0.03820382058620453
YDR229W,YJL012C-A,1,-0.24609822,0.16043956577777863,0.0729270726442337,0.03820382058620453
YOR002W,YKR095W-A,0,-0.24609822,0.1600877195596695,0.0729270726442337,0.03830382972955704
YLR154W-C,YKL081W,0,-0.24609822,0.15973742306232452,0.0729270726442337,0.038403838872909546
YER149C,YOR343C-A,0,-0.24609822,0.15938864648342133,0.0729270726442337,0.03850385174155235
YFL035C-B,YPL056C,0,-0.24609822,0.1590413898229599,0.0729270726442337,0.03860386088490486
YBR200W-A,YPR174C,0,-0.24609822,0.15869565308094025,0.0729270726442337,0.03870387002825737
YML092C,YER053C-A,0,-0.24609822,0.15835140645503998,0.0729270726442337,0.03880387917160988
YFL035C-B,YFR038W,0,-0.24609822,0.1580086648464203,0.0729270726442337,0.038903892040252686
YPL140C,YOR343C-A,0,-0.24609822,0.1576673835515976,0.0729270726442337,0.039003901183605194
YBR200W-A,YGR122W,0,-0.24609822,0.1573275923728943,0.0729270726442337,0.0391039103269577
YPR095C,YBR200W-A,0,-0.24609822,0.15698924660682678,0.0729270726442337,0.03920391947031021
YKL051W,YJL012C-A,1,-0.24609822,0.15879827737808228,0.07392607629299164,0.03920391947031021
YCL005W-A,YNL023C,0,-0.24609822,0.15845824778079987,0.07392607629299164,0.03930392861366272
YBR233W-A,YOL103W-A,0,-0.24609822,0.15811966359615326,0.07392607629299164,0.03940394148230553
YGL092W,YFL018W-A,0,-0.24609822,0.15778250992298126,0.07392607629299164,0.039503950625658035
YBR200W-A,YDR261C,0,-0.24609822,0.15744680166244507,0.07392607629299164,0.039603959769010544
YLR154W-C,YGR030C,0,-0.24609822,0.15711252391338348,0.07392607629299164,0.03970396891236305
YKL138C-A,YJL035C,0,-0.24609822,0.15677966177463531,0.07392607629299164,0.03980398178100586
YEL027W,YJL012C-A,1,-0.24609822,0.15856236219406128,0.07492507249116898,0.03980398178100586
YKR077W,YFL035C-A,0,-0.24609822,0.1582278460264206,0.07492507249116898,0.03990399092435837
YFL035C-B,YHR149C,0,-0.24609822,0.15789473056793213,0.07492507249116898,0.040004000067710876
YLR093C,YFL035C-A,0,-0.24609822,0.15756303071975708,0.07492507249116898,0.040104009211063385
YCL005W-A,YML059C,0,-0.24609822,0.15723270177841187,0.07492507249116898,0.04020402207970619
YLR102C,YDR210W-C,0,-0.24609822,0.15690375864505768,0.07492507249116898,0.0403040312230587
YHL028W,YDR210W-C,0,-0.24609822,0.15657620131969452,0.07492507249116898,0.04040404036641121
YKL138C-A,YPR148C,0,-0.24609822,0.15625,0.07492507249116898,0.04050404950976372
YDL235C,YDL134C-A,0,-0.24609822,0.15592515468597412,0.07492507249116898,0.040604058653116226
YDR316W-B,YHR079C-B,0,-0.24609822,0.15560166537761688,0.07492507249116898,0.04070407152175903
YDR127W,YFL035C-B,0,-0.24609822,0.1552795022726059,0.07492507249116898,0.04080408066511154
YCR018C,YHR079C-B,0,-0.24609822,0.15495868027210236,0.07492507249116898,0.04090408980846405
YGR208W,YFL035C-A,0,-0.24609822,0.15463916957378387,0.07492507249116898,0.04100409895181656
YCL005W-A,YKR034W,0,-0.24609822,0.15432098507881165,0.07492507249116898,0.041104111820459366
YDL134C-A,YDR464W,0,-0.24609822,0.15400411188602448,0.07492507249116898,0.041204120963811874
YFL035C-B,YER093C,0,-0.24609822,0.15368852019309998,0.07492507249116898,0.04130413010716438
YCL062W,YGR254W,1,-0.24609822,0.1554192155599594,0.07592407613992691,0.04130413010716438
YKR095W-A,YNL132W,0,-0.24609822,0.15510204434394836,0.07592407613992691,0.04140413925051689
YJL133C-A,YGR161C-D,0,-0.24609822,0.1547861546278,0.07592407613992691,0.0415041521191597
YDL134C-A,YOR004W,0,-0.24609822,0.15447154641151428,0.07592407613992691,0.04160416126251221
YDL077C,YHR039C-B,1,-0.24609822,0.15618661046028137,0.07692307978868484,0.04160416126251221
YIL007C,YKR095W-A,0,-0.24609822,0.1558704525232315,0.07692307978868484,0.041704170405864716
YDR210W-C,YBR188C,0,-0.24609822,0.15555556118488312,0.07692307978868484,0.041804179549217224
YAR009C,YLR154W-C,0,-0.24609822,0.1552419364452362,0.07692307978868484,0.04190418869256973
YPL140C,YFL035C-A,0,-0.24609822,0.15492957830429077,0.07692307978868484,0.04200420156121254
YKL138C-A,YKL081W,0,-0.24609822,0.15461847186088562,0.07692307978868484,0.04210421070456505
YBR233W-A,YHR214C-C,0,-0.24609822,0.15430861711502075,0.07692307978868484,0.04220421984791756
YLL018C,YCL005W-A,0,-0.24609822,0.15399999916553497,0.07692307978868484,0.042304228991270065
YFL035C-B,YPR097W,0,-0.24609822,0.15369261801242828,0.07692307978868484,0.04240424185991287
YGR005C,YOL086W-A,0,-0.24609822,0.1533864587545395,0.07692307978868484,0.04250425100326538
YBR091C,YLR154W-C,0,-0.24609822,0.1530815064907074,0.07692307978868484,0.04260426014661789
YPR049C,YHR039C-B,1,-0.24609822,0.1547619104385376,0.07792207598686218,0.04260426014661789
YER062C,YJL133C-A,0,-0.24609822,0.15445543825626373,0.07792207598686218,0.0427042692899704
YFL035C-B,YCR036W,0,-0.24609822,0.15415020287036896,0.07792207598686218,0.042804282158613205
YEL044W,YFL035C-A,0,-0.24609822,0.1538461595773697,0.07792207598686218,0.042904291301965714
YHR201C,YKL138C-A,0,-0.24609822,0.15354330837726593,0.07792207598686218,0.04300430044531822
YOL121C,YCL012W,0,-0.24609822,0.15324164927005768,0.07792207598686218,0.04310430958867073
YNL233W,YKL138C-A,0,-0.24609822,0.15294118225574493,0.07792207598686218,0.04320431873202324
YLR333C,YOL086W-A,0,-0.24609822,0.1526418775320053,0.07792207598686218,0.043304331600666046
YLR167W,YJL133C-A,0,-0.24609822,0.15234375,0.07792207598686218,0.043404340744018555
YCL062W,YJL012C-A,1,-0.24609822,0.15399609506130219,0.07892107963562012,0.043404340744018555
YBR005W,YKR095W-A,0,-0.24609822,0.15369649231433868,0.07892107963562012,0.04350434988737106
YLR154W-C,YJR096W,0,-0.24609822,0.1533980518579483,0.07892107963562012,0.04360435903072357
YJL183W,YDL134C-A,0,-0.24609822,0.15310077369213104,0.07892107963562012,0.04370437189936638
YDL072C,YKR095W-A,0,-0.24609822,0.1528046429157257,0.07892107963562012,0.04380438104271889
YCR086W,YER053C-A,0,-0.24609822,0.1525096595287323,0.07892107963562012,0.043904390186071396
YGR103W,YKL138C-A,0,-0.24609822,0.15221579372882843,0.07892107963562012,0.044004399329423904
YLR154W-C,YBR193C,0,-0.24609822,0.1519230753183365,0.07892107963562012,0.04410441219806671
YHR039C-A,YCL062W,1,-0.24609822,0.1535508632659912,0.07992008328437805,0.04410441219806671
YCL005W-A,YIL068C,0,-0.24609822,0.15325669944286346,0.07992008328437805,0.04420442134141922
YDR210W-C,YFR025C,0,-0.24609822,0.15296366810798645,0.07992008328437805,0.04430443048477173
YDL160C,YOR343C-A,0,-0.24609822,0.15267175436019897,0.07992008328437805,0.04440443962812424
YLR154W-C,YKL196C,0,-0.24609822,0.15238095819950104,0.07992008328437805,0.044504448771476746
YFR049W,YFL035C-A,0,-0.24609822,0.15209124982357025,0.07992008328437805,0.04460446164011955
YDR098C-A,YDL134C-A,0,-0.24609822,0.151802659034729,0.07992008328437805,0.04470447078347206
YLR154W-C,YBR146W,0,-0.24609822,0.1515151560306549,0.07992008328437805,0.04480447992682457
YJR132W,YER053C-A,0,-0.24609822,0.15122874081134796,0.07992008328437805,0.04490448907017708
YKR095W-A,YGR161C-D,0,-0.24609822,0.15094339847564697,0.07992008328437805,0.045004501938819885
YFL018W-A,YGL151W,0,-0.24609822,0.15065912902355194,0.07992008328437805,0.045104511082172394
YHR118C,YDR210W-C,0,-0.24609822,0.15037593245506287,0.07992008328437805,0.0452045202255249
YDR040C,YOR343C-A,0,-0.24609822,0.15009380877017975,0.07992008328437805,0.04530452936887741
YBR200W-A,YNL247W,0,-0.24609822,0.1498127281665802,0.07992008328437805,0.04540454223752022
YKL087C,YOR343C-A,0,-0.24609822,0.14953270554542542,0.07992008328437805,0.045504551380872726
YAL015C,YJL133C-A,0,-0.24609822,0.1492537260055542,0.07992008328437805,0.045604560524225235
YFL035C-B,YLR037C,0,-0.24609822,0.14897578954696655,0.07992008328437805,0.045704569667577744
YKL138C-A,YBR023C,0,-0.24609822,0.14869888126850128,0.07992008328437805,0.04580457881093025
YOR060C,YER053C-A,0,-0.24609822,0.1484230011701584,0.07992008328437805,0.04590459167957306
YKR095W-A,YNL094W,0,-0.24609822,0.14814814925193787,0.07992008328437805,0.04600460082292557
YGR161W-A,YBR200W-A,0,-0.24609822,0.14787431061267853,0.07992008328437805,0.046104609966278076
YDL134C-A,YPL097W,0,-0.24609822,0.14760147035121918,0.07992008328437805,0.046204619109630585
YLR423C,YJL012C-A,1,-0.24609822,0.14917127788066864,0.08091907948255539,0.046204619109630585
YEL048C,YKR095W-A,0,-0.24609822,0.14889705181121826,0.08091907948255539,0.04630463197827339
YIL048W,YJL012C-A,1,-0.24609822,0.1504587084054947,0.08191808313131332,0.04630463197827339
YLL018C-A,YKR095W-A,0,-0.24609822,0.15018315613269806,0.08191808313131332,0.0464046411216259
YKL138C-A,YNL123W,0,-0.24609822,0.14990858733654022,0.08191808313131332,0.04650465026497841
YER038C,YER053C-A,0,-0.24609822,0.14963503181934357,0.08191808313131332,0.04660465940833092
YHR114W,YER053C-A,0,-0.24609822,0.1493624746799469,0.08191808313131332,0.046704672276973724
YNL054W,YFL018W-A,0,-0.24609822,0.14909091591835022,0.08191808313131332,0.04680468142032623
YFL035C-B,YOR227W,0,-0.24609822,0.14882032573223114,0.08191808313131332,0.04690469056367874
YCL005W-A,YHR033W,0,-0.24609822,0.14855071902275085,0.08191808313131332,0.04700469970703125
YPL100W,YLR154W-C,0,-0.24609822,0.14828209578990936,0.08191808313131332,0.04710470885038376
YJL012C-A,YBR105C,1,-0.24609822,0.1498194932937622,0.08291707932949066,0.04710470885038376
YGR082W,YDR210W-C,0,-0.24609822,0.14954954385757446,0.08291707932949066,0.047204721719026566
YCL062W,YPL100W,1,-0.24609822,0.15107913315296173,0.0839160829782486,0.047204721719026566
YMR243C,YCL005W-A,0,-0.24609822,0.15080790221691132,0.0839160829782486,0.047304730862379074
YFL035C-B,YHL026C,0,-0.24609822,0.1505376398563385,0.0839160829782486,0.04740474000573158
YDR213W,YJL133C-A,0,-0.24609822,0.1502683311700821,0.0839160829782486,0.04750474914908409
YPL140C,YER053C-A,0,-0.24609822,0.15000000596046448,0.0839160829782486,0.0476047620177269
YMR261C,YBR200W-A,0,-0.24609822,0.14973261952400208,0.0839160829782486,0.04770477116107941
YCL005W-A,YCL048W,0,-0.24609822,0.14946618676185608,0.0839160829782486,0.047804780304431915
YFR038W,YFL018W-A,0,-0.24609822,0.1492007076740265,0.0839160829782486,0.047904789447784424
YLR148W,YJL012C-A,1,-0.24609822,0.15070922672748566,0.08491508662700653,0.047904789447784424
YLR154W-C,YLR435W,0,-0.24609822,0.1504424810409546,0.08491508662700653,0.04800480231642723
YJL012C-A,YBL050W,1,-0.24609822,0.15194346010684967,0.08591408282518387,0.04800480231642723
YML045W,YOL086W-A,0,-0.24609822,0.15167547762393951,0.08591408282518387,0.04810481145977974
YCR086W,YBR200W-A,0,-0.24609822,0.15140844881534576,0.08591408282518387,0.04820482060313225
YLR284C,YDR210W-C,0,-0.24609822,0.15114235877990723,0.08591408282518387,0.048304829746484756
YKL043W,YER108C,0,-0.24609822,0.1508771926164627,0.08591408282518387,0.048404838889837265
YJL012C-A,YEL013W,1,-0.24609822,0.15236426889896393,0.0869130864739418,0.048404838889837265
YJL133C-A,YBR016W,0,-0.24609822,0.1520978957414627,0.0869130864739418,0.04850485175848007
YLR167W,YKL138C-A,0,-0.24609822,0.1518324613571167,0.0869130864739418,0.04860486090183258
YKL138C-A,YGL194C,0,-0.24609822,0.1515679508447647,0.0869130864739418,0.04870487004518509
YLR154W-C,YHR079C-B,0,-0.24609822,0.15130434930324554,0.0869130864739418,0.0488048791885376
YJR073C,YGR161C-D,0,-0.24643278,0.1510416716337204,0.0869130864739418,0.048904892057180405
YNL054W-A,YKR083C,0,-0.24647418,0.15077990293502808,0.0869130864739418,0.04900490120053291
YDR316W-B,YCL064C,0,-0.24671407,0.15051902830600739,0.0869130864739418,0.04910491034388542
YNL284C-B,YOL032W,0,-0.24671768,0.15025906264781952,0.0869130864739418,0.04920491948723793
YHR214C-C,YHL021C,0,-0.24678165,0.15000000596046448,0.0869130864739418,0.04930492863059044
YGR161W-A,YGR211W,0,-0.24739864,0.14974182844161987,0.0869130864739418,0.049404941499233246
YFR024C,YBR100W,0,-0.24789274,0.1494845300912857,0.0869130864739418,0.049504950642585754
YNL051W,YCL012W,0,-0.24790984,0.14922812581062317,0.0869130864739418,0.04960495978593826
YHR079C-B,YGL238W,0,-0.24792579,0.14897260069847107,0.0869130864739418,0.04970496892929077
YKL006C-A,YOL103W-A,0,-0.24797633,0.1487179547548294,0.0869130864739418,0.04980498179793358
YDR039C,YCR058C,0,-0.24798194,0.1484641581773758,0.0869130864739418,0.04990499094128609
YFR024C,YNL118C,0,-0.2481941,0.14821124076843262,0.0869130864739418,0.050005000084638596
YNL243W,YIL008W,0,-0.24841776,0.14795918762683868,0.0869130864739418,0.050105009227991104
YCL062W,YLR423C,1,-0.2486026,0.14940577745437622,0.08791209012269974,0.050105009227991104
YDR365W-A,YBL047C,0,-0.248801,0.14915254712104797,0.08791209012269974,0.05020502209663391
YGR161W-A,YDR515W,0,-0.24903499,0.14890016615390778,0.08791209012269974,0.05030503123998642
YMR261C,YOL103W-A,0,-0.24911949,0.14864864945411682,0.08791209012269974,0.05040504038333893
YKL132C,YDL149W,0,-0.24939461,0.14839798212051392,0.08791209012269974,0.05050504952669144
YCL062W,YDR126W,1,-0.2496969,0.1498316526412964,0.08891108632087708,0.05050504952669144
YPR106W,YDR365W-A,0,-0.24978384,0.14957983791828156,0.08891108632087708,0.050605058670043945
YBR217W,YFL039C,1,-0.2499711,0.15100671350955963,0.08991008996963501,0.050605058670043945
YLR432W,YOR132W,0,-0.25009432,0.15075376629829407,0.08991008996963501,0.05070507153868675
YCR024C,YOL103W-A,0,-0.25071043,0.15050166845321655,0.08991008996963501,0.05080508068203926
YGR109W-A,YNL062C,0,-0.25075418,0.1502504199743271,0.08991008996963501,0.05090508982539177
YFR024C,YCR016W,0,-0.25092342,0.15000000596046448,0.08991008996963501,0.05100509896874428
YPL169C,YHR214C-C,0,-0.2509526,0.14975041151046753,0.08991008996963501,0.051105111837387085
YOR241W,YBR100W,0,-0.25118744,0.14950166642665863,0.08991008996963501,0.051205120980739594
YIL041W,YCL062W,1,-0.25142148,0.1509121060371399,0.09090909361839294,0.051205120980739594
YPL175W,YCL012W,0,-0.25163978,0.15066225826740265,0.09090909361839294,0.0513051301240921
YGL243W,YER108C,0,-0.2519194,0.15041323006153107,0.09090909361839294,0.05140513926744461
YJR109C,YCL012W,0,-0.25200737,0.15016502141952515,0.09090909361839294,0.05150515213608742
YGR161W-A,YHR114W,0,-0.25209236,0.1499176323413849,0.09090909361839294,0.051605161279439926
YIL069C,YGR296W,0,-0.25245038,0.1496710479259491,0.09090909361839294,0.051705170422792435
YCL062W,YPL019C,1,-0.25268167,0.151067316532135,0.09190808981657028,0.051705170422792435
YJL021C,YAL028W,0,-0.25273645,0.15081967413425446,0.09190808981657028,0.05180517956614494
YOL023W,YCR058C,0,-0.25278148,0.15057283639907837,0.09190808981657028,0.05190518870949745
YNL284C-B,YLR284C,0,-0.2530302,0.15032680332660675,0.09190808981657028,0.05200520157814026
YGR109W-A,YBR169C,0,-0.2536391,0.1500815600156784,0.09190808981657028,0.05210521072149277
YER072W,YBR100W,0,-0.2537558,0.14983713626861572,0.09190808981657028,0.052205219864845276
YBR065C,YDR316W-B,0,-0.25377667,0.1495935022830963,0.09190808981657028,0.052305229008197784
YDL160C,YCR018C,0,-0.25381634,0.14935064315795898,0.09190808981657028,0.05240524187684059
YPR057W,YDR365W-A,0,-0.253878,0.14910858869552612,0.09190808981657028,0.0525052510201931
YCL062W,YNL326C,1,-0.2541509,0.15048544108867645,0.09290709346532822,0.0525052510201931
YMR215W,YPL189W,0,-0.25428325,0.15024232864379883,0.09290709346532822,0.05260526016354561
YJL167W,YNL181W,0,-0.25465125,0.15000000596046448,0.09290709346532822,0.05270526930689812
YBR153W,YJL021C,0,-0.25488234,0.1497584581375122,0.09290709346532822,0.052805282175540924
YFR024C,YPL097W,0,-0.25489253,0.14951768517494202,0.09290709346532822,0.05290529131889343
YDR427W,YDR316W-B,0,-0.25498277,0.1492776870727539,0.09290709346532822,0.05300530046224594
YDR495C,YHR039C-B,1,-0.2553968,0.15064102411270142,0.09390609711408615,0.05300530046224594
YOR326W,YHR039C-B,1,-0.25553137,0.15199999511241913,0.09490509331226349,0.05300530046224594
YPR158W-B,YNL054W,0,-0.25562018,0.15175719559192657,0.09490509331226349,0.05310530960559845
YDR210C-D,YIL098C,0,-0.25569758,0.1515151560306549,0.09490509331226349,0.05320531874895096
YBR080C,YHR039C-B,1,-0.25604504,0.15286624431610107,0.09590409696102142,0.05320531874895096
YCL062W,YAL040C,1,-0.25608042,0.1542130410671234,0.09690310060977936,0.05320531874895096
YDR210C-D,YJR132W,0,-0.25609937,0.15396825969219208,0.09690310060977936,0.053305331617593765
YIL043C,YHL050C,0,-0.25633335,0.15372425317764282,0.09690310060977936,0.053405340760946274
YGR235C,YNL054W-A,0,-0.25635144,0.15348100662231445,0.09690310060977936,0.05350534990429878
YHR079C-B,YNL118C,0,-0.2566031,0.15323854982852936,0.09690310060977936,0.05360535904765129
YKR027W,YNL054W-A,0,-0.2567832,0.15299683809280396,0.09690310060977936,0.0537053719162941
YPR106W,YGR109W-A,0,-0.25712332,0.15275590121746063,0.09690310060977936,0.053805381059646606
YGR109W-A,YKL150W,0,-0.25739825,0.1525157243013382,0.09690310060977936,0.053905390202999115
YLR315W,YGR109W-A,0,-0.25750196,0.15227629244327545,0.09690310060977936,0.054005399346351624
YOR086C,YBR100W,0,-0.2579575,0.1520376205444336,0.09690310060977936,0.05410541221499443
YLL031C,YML055W,0,-0.25809628,0.15179969370365143,0.09690310060977936,0.05420542135834694
YLR234W,YDR316W-B,0,-0.25818917,0.15156249701976776,0.09690310060977936,0.05430543050169945
YBR211C,YER108C,0,-0.25844854,0.15132606029510498,0.09690310060977936,0.054405439645051956
YIL120W,YBR090C-A,0,-0.25849766,0.1510903388261795,0.09690310060977936,0.054505448788404465
YMR195W,YBR100W,0,-0.25862253,0.15085536241531372,0.09690310060977936,0.05460546165704727
YDR040C,YGL127C,0,-0.25874543,0.15062111616134644,0.09690310060977936,0.05470547080039978
YGL095C,YHR039C-B,1,-0.2589596,0.15193799138069153,0.0979020968079567,0.05470547080039978
YEL020W-A,YML127W,0,-0.25901774,0.15170279145240784,0.0979020968079567,0.05480547994375229
YDL175C,YOL103W-A,0,-0.2590498,0.15146832168102264,0.0979020968079567,0.0549054890871048
YDR427W,YGR109W-A,0,-0.25941557,0.15123456716537476,0.0979020968079567,0.055005501955747604
YCL062W,YHR039C-B,1,-0.25944114,0.1525423675775528,0.09890110045671463,0.055005501955747604
YFR024C,YOR272W,0,-0.2595443,0.1523076891899109,0.09890110045671463,0.05510551109910011
YBR107C,YGR109W-A,0,-0.26005724,0.1520737260580063,0.09890110045671463,0.05520552024245262
YMR001C,YBR089C-A,0,-0.26022714,0.15184049308300018,0.09890110045671463,0.05530552938580513
YDR490C,YFR024C,0,-0.26027572,0.1516079604625702,0.09890110045671463,0.05540554225444794
YCL062W,YBR105C,1,-0.26034248,0.1529051959514618,0.09990009665489197,0.05540554225444794
YIL120W,YBR272C,0,-0.2606682,0.15267175436019897,0.09990009665489197,0.055505551397800446
YHR214C-C,YDR165W,0,-0.26074725,0.15243902802467346,0.09990009665489197,0.055605560541152954
YKL149C,YBR121C,0,-0.26126248,0.15220700204372406,0.09990009665489197,0.05570556968450546
YCL062W,YOR332W,1,-0.26153636,0.1534954458475113,0.1008991003036499,0.05570556968450546
YOR195W,YGR161C-D,0,-0.26206055,0.15326252579689026,0.1008991003036499,0.05580557882785797
YLR361C,YCL012W,0,-0.26212025,0.15303030610084534,0.1008991003036499,0.05590559169650078
YGR209C,YPL100W,1,-0.26237878,0.1543116420507431,0.10189810395240784,0.05590559169650078
YMR286W,YGR109W-A,0,-0.26268733,0.15407854318618774,0.10189810395240784,0.05600560083985329
YHL028W,YOL103W-A,0,-0.26291278,0.1538461595773697,0.10189810395240784,0.056105609983205795
YBL087C,YHR079C-B,0,-0.26300865,0.15361446142196655,0.10189810395240784,0.056205619126558304
YCR065W,YDR365W-A,0,-0.2630486,0.15338346362113953,0.10189810395240784,0.05630563199520111
YLR150W,YDR105C,0,-0.26310265,0.15315315127372742,0.10189810395240784,0.05640564113855362
YJL098W,YBR090C-A,0,-0.26321262,0.15292353928089142,0.10189810395240784,0.05650565028190613
YML021C,YHR214C-C,0,-0.26321656,0.15269461274147034,0.10189810395240784,0.056605659425258636
YLL018C,YOL103W-A,0,-0.26329252,0.15246637165546417,0.10189810395240784,0.056705672293901443
YOL103W-A,YGR122W,0,-0.263365,0.15223880112171173,0.10189810395240784,0.05680568143725395
YPR114W,YBR090C-A,0,-0.26356333,0.1520119160413742,0.10189810395240784,0.05690569058060646
YDR365W-A,YHL006C,0,-0.26401347,0.1517857164144516,0.10189810395240784,0.05700569972395897
YNL133C,YBR100W,0,-0.26445913,0.15156017243862152,0.10189810395240784,0.05710570886731148
YHR079C-B,YDR284C,0,-0.26467627,0.15133531391620636,0.10189810395240784,0.057205721735954285
YJL021C,YNL038W,0,-0.2646917,0.15111111104488373,0.10189810395240784,0.05730573087930679
YGR235C,YOL103W-A,0,-0.2650475,0.15088757872581482,0.10189810395240784,0.0574057400226593
YCL012W,YKR095W,0,-0.26517606,0.15066470205783844,0.10189810395240784,0.05750574916601181
YNL242W,YNL079C,1,-0.2651981,0.15191739797592163,0.10289710015058517,0.05750574916601181
YHR039C-B,YBL078C,1,-0.2653045,0.15316642820835114,0.10389610379934311,0.05750574916601181
YLR333C,YDR365W-A,0,-0.2653438,0.15294118225574493,0.10389610379934311,0.05760576203465462
YKR093W,YCL012W,0,-0.26538414,0.15271659195423126,0.10389610379934311,0.057705771178007126
YNR038W,YBR100W,0,-0.265527,0.1524926722049713,0.10389610379934311,0.057805780321359634
YPR128C,YGR097W,0,-0.265604,0.1522693932056427,0.10389610379934311,0.05790578946471214
YGR109W-A,YOR335C,0,-0.26575553,0.1520467847585678,0.10389610379934311,0.05800580233335495
YOL078W,YLR249W,0,-0.26621473,0.15182481706142426,0.10389610379934311,0.05810581147670746
YLR227W-A,YPL179W,0,-0.26633424,0.15160350501537323,0.10389610379934311,0.05820582062005997
YCL012W,YDR110W,0,-0.26677835,0.15138281881809235,0.10389610379934311,0.058305829763412476
YGR161W-A,YOR110W,0,-0.26700932,0.151162788271904,0.10389610379934311,0.058405838906764984
YCL051W,YGR161C-D,0,-0.2670517,0.15094339847564697,0.10389610379934311,0.05850585177540779
YDR098C-B,YKL077W,0,-0.26714545,0.1507246345281601,0.10389610379934311,0.0586058609187603
YER031C,YFR016C,0,-0.26766106,0.15050651133060455,0.10389610379934311,0.05870587006211281
YGR254W,YDL230W,0,-0.26769856,0.15028901398181915,0.10389610379934311,0.05880587920546532
YLR386W,YCL062W,1,-0.2677298,0.1515151560306549,0.10489510744810104,0.05880587920546532
YJR132W,YGR109W-A,0,-0.26783833,0.15129682421684265,0.10489510744810104,0.058905892074108124
YCL062W,YDR229W,1,-0.2681656,0.15251798927783966,0.10589410364627838,0.058905892074108124
YOR016C,YER108C,0,-0.26820603,0.15229885280132294,0.10589410364627838,0.05900590121746063
YLR227W-A,YIL030C,0,-0.26823103,0.15208034217357635,0.10589410364627838,0.05910591036081314
YDR528W,YHR079C-B,0,-0.26825625,0.15186245739459991,0.10589410364627838,0.05920591950416565
YFR024C,YDR021W,0,-0.26885206,0.1516452133655548,0.10589410364627838,0.059305932372808456
YDL124W,YHR079C-B,0,-0.2689923,0.15142856538295746,0.10589410364627838,0.059405941516160965
YDL175C,YCL012W,0,-0.2692674,0.15121255815029144,0.10589410364627838,0.059505950659513474
YGR109W-A,YKL079W,0,-0.2693112,0.15099714696407318,0.10589410364627838,0.05960595980286598
YCL062W,YGR209C,1,-0.26978528,0.15220484137535095,0.10689310729503632,0.05960595980286598
YGR212W,YDL124W,0,-0.26999918,0.15198864042758942,0.10689310729503632,0.05970596894621849
YGL212W,YHR039C-B,1,-0.27015206,0.1531914919614792,0.10789211094379425,0.05970596894621849
YMR175W,YDR365W-A,0,-0.2703688,0.15297450125217438,0.10789211094379425,0.0598059818148613
YFR024C,YCL067C,0,-0.27050495,0.1527581363916397,0.10789211094379425,0.059905990958213806
YDR210C-D,YBR149W,0,-0.27087018,0.1525423675775528,0.10789211094379425,0.060006000101566315
YJL181W,YIL069C,0,-0.27098373,0.15232722461223602,0.10789211094379425,0.06010600924491882
YDR256C,YCL012W,0,-0.27106708,0.152112677693367,0.10789211094379425,0.06020602211356163
YGL243W,YGR109W-A,0,-0.27110493,0.15189872682094574,0.10789211094379425,0.06030603125691414
YBR005W,YDR098C-B,0,-0.27125528,0.15168538689613342,0.10789211094379425,0.06040604040026665
YCR021C,YBR100W,0,-0.271288,0.15147265791893005,0.10789211094379425,0.060506049543619156
YHR214C-C,YNL176C,0,-0.2714529,0.15126051008701324,0.10789211094379425,0.06060606241226196
YCR107W,YFL005W,0,-0.27152586,0.1510489583015442,0.10789211094379425,0.06070607155561447
YCR058C,YOL032W,0,-0.27170187,0.1508379876613617,0.10789211094379425,0.06080608069896698
YNL223W,YHR039C-B,1,-0.2724904,0.1520223170518875,0.10889110714197159,0.06080608069896698
YDR343C,YGR005C,0,-0.27256396,0.15181058645248413,0.10889110714197159,0.06090608984231949
YDR210C-D,YJL045W,0,-0.27265567,0.1515994369983673,0.10889110714197159,0.061006098985672
YBR029C,YHR190W,0,-0.27284524,0.15138888359069824,0.10889110714197159,0.061106111854314804
YEL020W-A,YFR050C,0,-0.2728822,0.15117891132831573,0.10889110714197159,0.06120612099766731
YDR407C,YIL018W,0,-0.27291015,0.15096953511238098,0.10889110714197159,0.06130613014101982
YFR024C,YNL176C,0,-0.27306506,0.1507607251405716,0.10889110714197159,0.06140613928437233
YOR045W,YDR098C-A,0,-0.27310538,0.15055248141288757,0.10889110714197159,0.06150615215301514
YOL116W,YER159C,0,-0.27345526,0.1503448337316513,0.10889110714197159,0.061606161296367645
YNL015W,YCL062W,1,-0.27405703,0.1515151560306549,0.10989011079072952,0.061606161296367645
YJL021C,YLR292C,0,-0.27406967,0.15130673348903656,0.10989011079072952,0.061706170439720154
YOR273C,YCR058C,0,-0.27442348,0.15109890699386597,0.10989011079072952,0.06180617958307266
YOR192C,YHR090C,0,-0.2744326,0.15089163184165955,0.10989011079072952,0.06190619245171547
YNL054W-A,YCR021C,0,-0.27479884,0.15068493783473969,0.10989011079072952,0.06200620159506798
YPR158W-B,YCL035C,0,-0.2749753,0.150478795170784,0.10989011079072952,0.062106210738420486
YER108C,YBR188C,0,-0.27526516,0.15027321875095367,0.10989011079072952,0.062206219881772995
YBR086C,YGL226W,0,-0.2753835,0.15006820857524872,0.10989011079072952,0.062306229025125504
YPL004C,YFL011W,0,-0.2757678,0.14986376464366913,0.10989011079072952,0.06240624189376831
YJL012C,YOL103W-A,0,-0.2759825,0.14965985715389252,0.10989011079072952,0.06250625103712082
YJR052W,YDR365W-A,0,-0.27704147,0.14945651590824127,0.10989011079072952,0.06260626018047333
YPR175W,YPL013C,0,-0.2770694,0.1492537260055542,0.10989011079072952,0.06270626932382584
YBR114W,YNL054W-A,0,-0.27708808,0.1490514874458313,0.10989011079072952,0.06280627846717834
YNL242W,YHR039C-B,1,-0.27756205,0.15020297467708588,0.11088911443948746,0.06280627846717834
YCL062W,YHR138C,1,-0.2776677,0.15135134756565094,0.1118881106376648,0.06280627846717834
YDR210C-D,YEL005C,0,-0.27846432,0.15114709734916687,0.1118881106376648,0.06290628761053085
YJL021C,YDR004W,0,-0.27850848,0.15094339847564697,0.1118881106376648,0.06300630420446396
YCL062W,YLR148W,1,-0.2788078,0.15208613872528076,0.11288711428642273,0.06300630420446396
YMR053C,YCL001W,0,-0.2791046,0.15188172459602356,0.11288711428642273,0.06310631334781647
YOL103W-A,YDR300C,0,-0.27944615,0.15167784690856934,0.11288711428642273,0.06320632249116898
YOR267C,YHR035W,0,-0.27993375,0.15147453546524048,0.11288711428642273,0.06330633163452148
YFR024C,YDR515W,0,-0.28009555,0.1512717604637146,0.11288711428642273,0.06340634077787399
YCL017C,YPL161C,0,-0.28009647,0.1510695219039917,0.11288711428642273,0.0635063499212265
YDR412W,YBR090C-A,0,-0.2805248,0.15086781978607178,0.11288711428642273,0.06360635906457901
YIL048W,YBL050W,1,-0.28067654,0.15199999511241913,0.11388611048460007,0.06360635906457901
YJL021C,YIL038C,0,-0.2806864,0.1517976075410843,0.11388611048460007,0.06370636820793152
YGR212W,YBR089C-A,0,-0.28074697,0.15159574151039124,0.11388611048460007,0.06380637735128403
YHR039C-A,YGL180W,1,-0.28075063,0.15272244811058044,0.114885114133358,0.06380637735128403
YNR032C-A,YGR109W-A,0,-0.28078544,0.15251989662647247,0.114885114133358,0.06390639394521713
YLL018C-A,YLR249W,0,-0.28121114,0.15231788158416748,0.114885114133358,0.06400640308856964
YPR106W,YPL010W,0,-0.28171915,0.15211640298366547,0.114885114133358,0.06410641223192215
YGR109W-A,YJL168C,0,-0.28221387,0.15191546082496643,0.114885114133358,0.06420642137527466
YMR072W,YGL238W,0,-0.2824106,0.15171504020690918,0.114885114133358,0.06430643051862717
YDR210C-D,YDR078C,0,-0.28253943,0.1515151560306549,0.114885114133358,0.06440643966197968
YOL103W-A,YKL081W,0,-0.28256303,0.15131579339504242,0.114885114133358,0.06450644880533218
YLR227W-A,YER007C-A,0,-0.28280622,0.15111695230007172,0.114885114133358,0.06460645794868469
YGR082W,YPL130W,0,-0.28286096,0.1509186327457428,0.114885114133358,0.0647064670920372
YDR129C,YDR213W,0,-0.28313693,0.15072083473205566,0.114885114133358,0.0648064836859703
YGL104C,YMR050C,0,-0.28334552,0.15052355825901031,0.114885114133358,0.06490649282932281
YLR006C,YBL100W-B,0,-0.2836299,0.15032680332660675,0.114885114133358,0.06500650197267532
YGR204W,YHR214C-C,0,-0.2836541,0.15013055503368378,0.114885114133358,0.06510651111602783
YMR040W,YDR098C-B,0,-0.28445286,0.1499348133802414,0.114885114133358,0.06520652025938034
YML011C,YHR214W,0,-0.28524536,0.1497395783662796,0.114885114133358,0.06530652940273285
YLR423C,YER072W,1,-0.28550428,0.1508452594280243,0.11588411778211594,0.06530652940273285
YDR343C,YCR044C,0,-0.2857431,0.15064935386180878,0.11588411778211594,0.06540653854608536
YOL020W,YCR038C,0,-0.28597185,0.15045395493507385,0.11588411778211594,0.06550654768943787
YOR273C,YDR098C-B,0,-0.28598455,0.15025906264781952,0.11588411778211594,0.06560656428337097
YGR161W-A,YOR358W,0,-0.2861104,0.15006467700004578,0.11588411778211594,0.06570657342672348
YLR001C,YOR341W,0,-0.28673497,0.14987079799175262,0.11588411778211594,0.06580658257007599
YLR292C,YPL040C,0,-0.28715515,0.14967742562294006,0.11588411778211594,0.0659065917134285
YPR131C,YGL045W,0,-0.28716475,0.1494845300912857,0.11588411778211594,0.066006600856781
YFR024C,YAR042W,0,-0.28730005,0.14929215610027313,0.11588411778211594,0.06610661000013351
YNL054W-A,YJL197W,0,-0.2886073,0.14910025894641876,0.11588411778211594,0.06620661914348602
YGR212W,YFR025C,0,-0.28867823,0.1489088535308838,0.11588411778211594,0.06630662828683853
YJL216C,YGL129C,0,-0.28969538,0.1487179547548294,0.11588411778211594,0.06640663743019104
YIL098C,YNL054W-A,0,-0.29001343,0.14852753281593323,0.11588411778211594,0.06650665402412415
YLR333C,YNL118C,0,-0.29012555,0.14833760261535645,0.11588411778211594,0.06660666316747665
YGR055W,YGR109W-A,0,-0.29034206,0.14814814925193787,0.11588411778211594,0.06670667231082916
YPR173C,YOL103W-A,0,-0.29036283,0.14795918762683868,0.11588411778211594,0.06680668145418167
YOL098C,YGR161C-D,0,-0.29044384,0.1477707028388977,0.11588411778211594,0.06690669059753418
YDR517W,YER108C,0,-0.29116333,0.14758269488811493,0.11588411778211594,0.06700669974088669
YPR097W,YER159C,0,-0.29140612,0.14739517867565155,0.11588411778211594,0.0671067088842392
YPR100W,YDR365W-A,0,-0.29186824,0.14720812439918518,0.11588411778211594,0.0672067180275917
YNL137C,YIL144W,0,-0.29201937,0.14702154695987701,0.11588411778211594,0.06730672717094421
YMR048W,YCR021C,0,-0.29240477,0.14683544635772705,0.11588411778211594,0.06740674376487732
YKL087C,YGR208W,0,-0.2925692,0.1466498076915741,0.11588411778211594,0.06750675290822983
YNR032C-A,YOR002W,0,-0.2926333,0.14646464586257935,0.11588411778211594,0.06760676205158234
YLR150W,YCR038C,0,-0.29391074,0.1462799459695816,0.11588411778211594,0.06770677119493484
YGR254W,YLR148W,1,-0.29432452,0.14735516905784607,0.11688311398029327,0.06770677119493484
YCL017C,YGR129W,0,-0.29436707,0.1471698135137558,0.11688311398029327,0.06780678033828735
YDL100C,YOL126C,0,-0.29502583,0.14698491990566254,0.11688311398029327,0.06790678948163986
YLR345W,YOR319W,0,-0.29532784,0.14680050313472748,0.11688311398029327,0.06800679862499237
YNL054W-A,YDR040C,0,-0.29540083,0.14661654829978943,0.11688311398029327,0.06810680776834488
YKL150W,YDR365W-A,0,-0.29704815,0.1464330404996872,0.11688311398029327,0.06820682436227798
YKR093W,YMR105C,0,-0.29792815,0.14624999463558197,0.11688311398029327,0.0683068335056305
YDR398W,YNL214W,0,-0.298146,0.14606741070747375,0.11688311398029327,0.068406842648983
YPR158W-B,YLL006W,0,-0.29843435,0.14588528871536255,0.11688311398029327,0.06850685179233551
YLR386W,YBR217W,1,-0.29924345,0.1469489485025406,0.11788211762905121,0.06850685179233551
YMR110C,YDR316W-B,0,-0.29963642,0.14676617085933685,0.11788211762905121,0.06860686093568802
YKL033W,YDR316W-B,0,-0.30065197,0.14658385515213013,0.11788211762905121,0.06870687007904053
YPR188C,YBR094W,0,-0.30081356,0.14640198647975922,0.11788211762905121,0.06880687922239304
YDR075W,YPR007C,0,-0.30086574,0.14622056484222412,0.11788211762905121,0.06890688836574554
YLR390W-A,YDR365W-A,0,-0.30091318,0.14603960514068604,0.11788211762905121,0.06900689750909805
YDR160W,YPL021W,0,-0.30124944,0.14585909247398376,0.11788211762905121,0.06910691410303116
YOR002W,YLR367W,0,-0.30126056,0.14567901194095612,0.11788211762905121,0.06920692324638367
YPR158W-B,YHR154W,0,-0.30156693,0.14549937844276428,0.11788211762905121,0.06930693238973618
YFR014C,YLR075W,0,-0.30198604,0.14532019197940826,0.11788211762905121,0.06940694153308868
YNL287W,YJL216C,0,-0.30209714,0.14514145255088806,0.11788211762905121,0.06950695067644119
YHL038C,YPL145C,0,-0.3021109,0.14496314525604248,0.11788211762905121,0.0696069598197937
YDL149W,YNL079C,1,-0.3022055,0.14601227641105652,0.11888112127780914,0.0696069598197937
YOR079C,YHR079C-B,0,-0.30223876,0.1458333283662796,0.11888112127780914,0.06970696896314621
YKL006C-A,YAL028W,0,-0.3030061,0.1456548273563385,0.11888112127780914,0.06980697810649872
YER142C,YJL167W,0,-0.30323645,0.14547677338123322,0.11888112127780914,0.06990698724985123
YER007C-A,YPR007C,0,-0.30329195,0.14529915153980255,0.11888112127780914,0.07000700384378433
YNL103W,YLR390W-A,0,-0.30395246,0.14512194693088531,0.11888112127780914,0.07010701298713684
YPR158W-B,YFR010W,0,-0.30513284,0.1449451893568039,0.11888112127780914,0.07020702213048935
YHR210C,YLL018C-A,0,-0.30521923,0.1447688490152359,0.11888112127780914,0.07030703127384186
YOR117W,YCL048W,0,-0.30576587,0.14459295570850372,0.11888112127780914,0.07040704041719437
YDR259C,YKL080W,0,-0.3063052,0.14441747963428497,0.11888112127780914,0.07050704956054688
YDR007W,YJL167W,0,-0.30664727,0.14424242079257965,0.11888112127780914,0.07060705870389938
YNR032C-A,YHR157W,0,-0.30710244,0.14406779408454895,0.11888112127780914,0.07070706784725189
YGL076C,YLR288C,0,-0.30711132,0.14389358460903168,0.11888112127780914,0.0708070769906044
YPL234C,YDR430C,0,-0.3073412,0.14371980726718903,0.11888112127780914,0.0709070935845375
YDR399W,YLR466W,0,-0.30761907,0.1435464471578598,0.11888112127780914,0.07100710272789001
YDR210C-D,YMR110C,0,-0.30830365,0.1433734893798828,0.11888112127780914,0.07110711187124252
YDR229W,YNL079C,1,-0.30838448,0.144404336810112,0.11988011747598648,0.07110711187124252
YLR390W-A,YCL067C,0,-0.3093829,0.14423076808452606,0.11988011747598648,0.07120712101459503
YHL017W,YAL026C,0,-0.30947483,0.14405761659145355,0.11988011747598648,0.07130713015794754
YKL138C,YDL139C,0,-0.31020492,0.14388489723205566,0.11988011747598648,0.07140713930130005
YGR161W-A,YGL078C,0,-0.31132808,0.14371258020401,0.11988011747598648,0.07150714844465256
YDR381W,YNL251C,0,-0.31173477,0.1435406655073166,0.11988011747598648,0.07160715758800507
YML067C,YPL280W,0,-0.31227544,0.1433691829442978,0.11988011747598648,0.07170717418193817
YCL068C,YKL145W,0,-0.31268704,0.14319808781147003,0.11988011747598648,0.07180718332529068
YGR161W-A,YPL013C,0,-0.3129245,0.1430274099111557,0.11988011747598648,0.07190719246864319
YBR078W,YNR071C,0,-0.3129777,0.1428571492433548,0.11988011747598648,0.0720072016119957
YKL051W,YBR217W,1,-0.31431153,0.1438763439655304,0.12087912112474442,0.0720072016119957
YLR185W,YNL317W,0,-0.31431657,0.14370545744895935,0.12087912112474442,0.0721072107553482
YDR160W,YLR175W,0,-0.31471765,0.14353498816490173,0.12087912112474442,0.07220721989870071
YDR212W,YKL043W,0,-0.3153165,0.14336493611335754,0.12087912112474442,0.07230722904205322
YFR024C,YOL012C,0,-0.31575358,0.1431952714920044,0.12087912112474442,0.07240723818540573
YLR227W-A,YKL192C,0,-0.31577346,0.14302600920200348,0.12087912112474442,0.07250724732875824
YDR098C-A,YPR105C,0,-0.31675613,0.1428571492433548,0.12087912112474442,0.07260726392269135
YLL018C-A,YDR303C,0,-0.3168501,0.14268867671489716,0.12087912112474442,0.07270727306604385
YGR193C,YMR050C,0,-0.31703037,0.14252060651779175,0.12087912112474442,0.07280728220939636
YDR235W,YPL021W,0,-0.3184824,0.14235293865203857,0.12087912112474442,0.07290729135274887
YGL073W,YGR296W,0,-0.31861746,0.14218565821647644,0.12087912112474442,0.07300730049610138
YFR040W,YKL006W,0,-0.31935033,0.14201878011226654,0.12087912112474442,0.07310730963945389
YPR158W-B,YER177W,0,-0.31996652,0.14185228943824768,0.12087912112474442,0.0732073187828064
YNL081C,YGR083C,0,-0.3199756,0.14168618619441986,0.12087912112474442,0.0733073279261589
YLR417W,YGR044C,0,-0.32010776,0.14152047038078308,0.12087912112474442,0.07340733706951141
YGL142C,YNL214W,0,-0.32045215,0.14135514199733734,0.12087912112474442,0.07350735366344452
YLR227W-A,YGR165W,0,-0.32076412,0.14119020104408264,0.12087912112474442,0.07360736280679703
YBR086C,YGR211W,0,-0.32114154,0.14102564752101898,0.12087912112474442,0.07370737195014954
YDR210C-D,YOR330C,0,-0.321342,0.14086146652698517,0.12087912112474442,0.07380738109350204
YDR500C,YJR050W,0,-0.32154816,0.1406976729631424,0.12087912112474442,0.07390739023685455
YML045W,YJR042W,0,-0.32163602,0.14053426682949066,0.12087912112474442,0.07400739938020706
YIL156W,YDR437W,0,-0.32286492,0.14037123322486877,0.12087912112474442,0.07410740852355957
YDR098C-B,YNL055C,0,-0.32356298,0.14020857214927673,0.12087912112474442,0.07420741766691208
YGR174C,YDL117W,0,-0.32360888,0.14004629850387573,0.12087912112474442,0.07430743426084518
YER038C,YOR009W,0,-0.32431766,0.13988439738750458,0.12087912112474442,0.07440744340419769
YFR047C,YDR041W,0,-0.32472634,0.13972286880016327,0.12087912112474442,0.0745074525475502
YJR042W,YDR437W,0,-0.32481918,0.1395617127418518,0.12087912112474442,0.07460746169090271
YNL284C-B,YER072W,0,-0.3250849,0.139400914311409,0.12087912112474442,0.07470747083425522
YML045W,YDR268W,0,-0.32517645,0.13924050331115723,0.12087912112474442,0.07480747997760773
YGR161W-A,YGR208W,0,-0.3254125,0.1390804648399353,0.12087912112474442,0.07490748912096024
YOR090C,YNL054W-A,0,-0.32567328,0.13892078399658203,0.12087912112474442,0.07500749826431274
YHR174W,YHR138C,1,-0.32642764,0.13990825414657593,0.12187812477350235,0.07500749826431274
YLR061W,YJR096W,0,-0.32643095,0.1397479921579361,0.12187812477350235,0.07510750740766525
YGL189C,YLR220W,0,-0.3267243,0.1395881026983261,0.12187812477350235,0.07520752400159836
YLR185W,YHL050C,0,-0.32683706,0.13942857086658478,0.12187812477350235,0.07530753314495087
YHL011C,YCR038C,0,-0.32684788,0.1392694115638733,0.12187812477350235,0.07540754228830338
YLR223C,YGR266W,0,-0.32698223,0.13911060988903046,0.12187812477350235,0.07550755143165588
YPL116W,YNL024C,0,-0.32699984,0.13895216584205627,0.12187812477350235,0.07560756057500839
YJL174W,YDR098C-B,0,-0.32765326,0.13879407942295074,0.12187812477350235,0.0757075697183609
YDL139C,YCL035C,0,-0.32793152,0.13863636553287506,0.12187812477350235,0.07580757886171341
YAL011W,YPR141C,0,-0.3282279,0.13847899436950684,0.12187812477350235,0.07590758800506592
YAR009C,YDR227W,0,-0.32829976,0.13832199573516846,0.12187812477350235,0.07600759714841843
YHR174W,YBL078C,1,-0.329207,0.13929784297943115,0.12287712097167969,0.07600759714841843
YDR039C,YBR268W,0,-0.3308447,0.1391402781009674,0.12287712097167969,0.07610761374235153
YDR025W,YDR098C-B,0,-0.3309473,0.13898305594921112,0.12287712097167969,0.07620762288570404
YIL037C,YCL039W,0,-0.3315876,0.1388261914253235,0.12287712097167969,0.07630763202905655
YEL001C,YEL039C,0,-0.33211857,0.1386696696281433,0.12287712097167969,0.07640764117240906
YJL183W,YDR268W,0,-0.332465,0.13851352035999298,0.12287712097167969,0.07650765031576157
YDR210C-D,YGL005C,0,-0.33297208,0.13835769891738892,0.12287712097167969,0.07660765945911407
YLR390W-A,YBL035C,0,-0.33302101,0.1382022500038147,0.12287712097167969,0.07670766860246658
YOR090C,YIL118W,0,-0.333171,0.13804714381694794,0.12287712097167969,0.07680767774581909
YJL174W,YOL051W,0,-0.33378682,0.13789238035678864,0.12287712097167969,0.0769076943397522
YLR431C,YJL178C,1,-0.3339598,0.13885778188705444,0.12387612462043762,0.0769076943397522
YDL154W,YKL081W,0,-0.33424318,0.13870246708393097,0.12387612462043762,0.0770077034831047
YDR127W,YIL052C,0,-0.33470944,0.13854748010635376,0.12387612462043762,0.07710771262645721
YKL026C,YAL026C,0,-0.33475667,0.1383928507566452,0.12387612462043762,0.07720772176980972
YPR114W,YPR068C,0,-0.3358241,0.1382385790348053,0.12387612462043762,0.07730773091316223
YMR286W,YDR176W,0,-0.3359439,0.13808463513851166,0.12387612462043762,0.07740774005651474
YCL051W,YGR138C,0,-0.3361037,0.13793103396892548,0.12387612462043762,0.07750774919986725
YGL067W,YFL011W,0,-0.33629835,0.13777777552604675,0.12387612462043762,0.07760775834321976
YPL168W,YGL238W,0,-0.33658192,0.1376248598098755,0.12387612462043762,0.07770776748657227
YHR205W,YDR316W-B,0,-0.33702892,0.13747228682041168,0.12387612462043762,0.07780778408050537
YOR207C,YGR260W,0,-0.337903,0.13732004165649414,0.12387612462043762,0.07790779322385788
YBL087C,YGR161C-D,0,-0.33810484,0.13716813921928406,0.12387612462043762,0.07800780236721039
YDL235C,YFL061W,0,-0.33865997,0.13701657950878143,0.12387612462043762,0.0781078115105629
YHR174W,YPR049C,1,-0.33897123,0.13796909153461456,0.12487512826919556,0.0781078115105629
YOR267C,YDR179C,0,-0.33907363,0.13781698048114777,0.12487512826919556,0.0782078206539154
YIL173W,YBL047C,0,-0.33961648,0.13766519725322723,0.12487512826919556,0.07830782979726791
YNL024C,YOR109W,0,-0.33975598,0.13751375675201416,0.12487512826919556,0.07840783894062042
YPL133C,YNL288W,0,-0.34139824,0.13736264407634735,0.12487512826919556,0.07850784808397293
YER007C-A,YJL058C,0,-0.3414756,0.1372118592262268,0.12487512826919556,0.07860785722732544
YJL003W,YER108C,0,-0.34177735,0.13706140220165253,0.12487512826919556,0.07870787382125854
YEL020W-A,YOL135C,0,-0.34203315,0.1369112879037857,0.12487512826919556,0.07880788296461105
YDL135C,YMR156C,0,-0.3420523,0.13676148653030396,0.12487512826919556,0.07890789210796356
YML127W,YDR397C,0,-0.34205258,0.13661202788352966,0.12487512826919556,0.07900790125131607
YOL059W,YML076C,0,-0.34224218,0.13646288216114044,0.12487512826919556,0.07910791039466858
YDR080W,YCL035C,0,-0.34228408,0.13631406426429749,0.12487512826919556,0.07920791953802109
YNR032C-A,YDR002W,0,-0.34255266,0.1361655741930008,0.12487512826919556,0.0793079286813736
YIR019C,YML092C,0,-0.34316483,0.13601741194725037,0.12487512826919556,0.0794079378247261
YDR201W,YIL123W,0,-0.34342453,0.135869562625885,0.12487512826919556,0.07950795441865921
YHR158C,YKL060C,0,-0.3434384,0.13572204113006592,0.12487512826919556,0.07960796356201172
YMR226C,YBR131W,0,-0.34348223,0.1355748325586319,0.12487512826919556,0.07970797270536423
YGR254W,YGL095C,1,-0.3437589,0.13651137053966522,0.1258741319179535,0.07970797270536423
YNL015W,YDR495C,1,-0.34382483,0.13744588196277618,0.12687312066555023,0.07970797270536423
YGL067W,YHR006W,0,-0.34392333,0.13729730248451233,0.12687312066555023,0.07980798184871674
YOL023W,YNL054W-A,0,-0.34430596,0.13714902102947235,0.12687312066555023,0.07990799099206924
YGR235C,YDR365W-A,0,-0.3452412,0.13700108230113983,0.12687312066555023,0.08000800013542175
YER179W,YKR088C,0,-0.3462118,0.1368534415960312,0.12687312066555023,0.08010800927877426
YOR045W,YGL085W,0,-0.34641445,0.1367061287164688,0.12687312066555023,0.08020801842212677
YPL100W,YLR043C,1,-0.34646767,0.13763441145420074,0.12787212431430817,0.08020801842212677
YMR318C,YER155C,0,-0.34661674,0.13748657703399658,0.12787212431430817,0.08030802756547928
YDL098C,YDR019C,0,-0.3470188,0.1373390555381775,0.12787212431430817,0.08040804415941238
YCR024C,YGR208W,0,-0.34706753,0.13719184696674347,0.12787212431430817,0.08050805330276489
YGR217W,YLR093C,0,-0.34728232,0.1370449662208557,0.12787212431430817,0.0806080624461174
YLR200W,YIL173W,0,-0.34753624,0.13689839839935303,0.12787212431430817,0.08070807158946991
YDR145W,YLR059C,0,-0.34777537,0.1367521435022354,0.12787212431430817,0.08080808073282242
YIL138C,YOR332W,1,-0.3480024,0.13767342269420624,0.1288711279630661,0.08080808073282242
YML120C,YOR011W,0,-0.34891745,0.13752664625644684,0.1288711279630661,0.08090808987617493
YER014W,YKR007W,0,-0.34939396,0.1373801976442337,0.1288711279630661,0.08100809901952744
YDR041W,YDR110W,0,-0.34962714,0.13723404705524445,0.1288711279630661,0.08110810816287994
YNL214W,YIL011W,0,-0.34978122,0.13708820939064026,0.1288711279630661,0.08120811730623245
YPL169C,YMR225C,0,-0.35023838,0.13694266974925995,0.1288711279630661,0.08130813390016556
YHR090C,YER108C,0,-0.35054898,0.1367974579334259,0.1288711279630661,0.08140814304351807
YEL001C,YDL113C,0,-0.350703,0.13665254414081573,0.1288711279630661,0.08150815218687057
YLR102C,YDR500C,0,-0.3508418,0.13650794327259064,0.1288711279630661,0.08160816133022308
YBR233W-A,YNL288W,0,-0.35088345,0.13636364042758942,0.1288711279630661,0.08170817047357559
YLR347C,YDL123W,0,-0.35141924,0.13621963560581207,0.1288711279630661,0.0818081796169281
YGL115W,YHR157W,0,-0.35143217,0.1360759437084198,0.1288711279630661,0.08190818876028061
YLR037C,YPL207W,0,-0.35223442,0.1359325647354126,0.1288711279630661,0.08200819790363312
YER142C,YLL014W,0,-0.35226738,0.13578946888446808,0.1288711279630661,0.08210821449756622
YKR027W,YFR049W,0,-0.35242546,0.13564668595790863,0.1288711279630661,0.08220822364091873
YDR399W,YDR284C,0,-0.3532523,0.13550420105457306,0.1288711279630661,0.08230823278427124
YJR118C,YLR466W,0,-0.35332155,0.13536201417446136,0.1288711279630661,0.08240824192762375
YPR071W,YCL064C,0,-0.3533731,0.13522012531757355,0.1288711279630661,0.08250825107097626
YML067C,YCR105W,0,-0.35488898,0.1350785344839096,0.1288711279630661,0.08260826021432877
YHR154W,YCR021C,0,-0.3549284,0.13493724167346954,0.1288711279630661,0.08270826935768127
YDR210C-D,YBR189W,0,-0.3553741,0.13479623198509216,0.1288711279630661,0.08280827850103378
YER177W,YPL183C,0,-0.3554998,0.13465553522109985,0.1288711279630661,0.08290828764438629
YBR016W,YER060W-A,0,-0.35559377,0.13451512157917023,0.1288711279630661,0.0830083042383194
YDR422C,YBR146W,0,-0.35587543,0.13437500596046448,0.1288711279630661,0.0831083133816719
YKR093W,YKL149C,0,-0.3559448,0.1342351734638214,0.1288711279630661,0.08320832252502441
YLR234W,YHR190W,0,-0.35700428,0.13409563899040222,0.1288711279630661,0.08330833166837692
YMR225C,YDR273W,0,-0.35708553,0.13395638763904572,0.1288711279630661,0.08340834081172943
YIL138C,YCL063W,1,-0.35817215,0.1348547786474228,0.12987013161182404,0.08340834081172943
YMR175W,YLR223C,0,-0.3583251,0.1347150206565857,0.12987013161182404,0.08350834995508194
YFL056C,YGR129W,0,-0.35842898,0.13457557559013367,0.12987013161182404,0.08360835909843445
YDR495C,YBR109C,1,-0.35920975,0.13547052443027496,0.13086913526058197,0.08360835909843445
YLL018C-A,YGL151W,0,-0.35940126,0.13533057272434235,0.13086913526058197,0.08370836824178696
YPL234C,YGL027C,0,-0.35965538,0.1351909190416336,0.13086913526058197,0.08380837738513947
YDR377W,YNL288W,0,-0.3611425,0.13505154848098755,0.13086913526058197,0.08390839397907257
YDL230W,YKL185W,0,-0.36135817,0.13491246104240417,0.13086913526058197,0.08400840312242508
YOR090C,YOR357C,0,-0.36171532,0.13477365672588348,0.13086913526058197,0.08410841226577759
YBR233W-A,YDR528W,0,-0.36270046,0.13463515043258667,0.13086913526058197,0.0842084214091301
YBR233W-A,YIL009W,0,-0.36301792,0.13449692726135254,0.13086913526058197,0.0843084305524826
YDR175C,YGR040W,0,-0.36402708,0.1343589723110199,0.13086913526058197,0.08440843969583511
YDR439W,YPR046W,0,-0.3656408,0.13422131538391113,0.13086913526058197,0.08450844883918762
YOR332W,YLR093C,1,-0.36609,0.13510747253894806,0.1318681389093399,0.08450844883918762
YNR032C-A,YDR399W,0,-0.3660985,0.1349693238735199,0.1318681389093399,0.08460845798254013
YEL020W-A,YBR045C,0,-0.36682048,0.13483145833015442,0.1318681389093399,0.08470846712589264
YJL180C,YKL029C,0,-0.3672167,0.13469387590885162,0.1318681389093399,0.08480848371982574
YCR107W,YLR247C,0,-0.36732125,0.1345565766096115,0.1318681389093399,0.08490849286317825
YGL126W,YHL035C,0,-0.36742043,0.1344195455312729,0.1318681389093399,0.08500850200653076
YIL041W,YDL077C,1,-0.36816862,0.13530009984970093,0.13286712765693665,0.08500850200653076
YDR381W,YOL078W,0,-0.3682703,0.1351626068353653,0.13286712765693665,0.08510851114988327
YGR024C,YJR048W,0,-0.36827958,0.13502538204193115,0.13286712765693665,0.08520852029323578
YHR111W,YHL015W,0,-0.36855245,0.1348884403705597,0.13286712765693665,0.08530852943658829
YIL013C,YNL247W,0,-0.36888614,0.13475176692008972,0.13286712765693665,0.0854085385799408
YGL189C,YJL045W,0,-0.36892062,0.13461539149284363,0.13286712765693665,0.0855085477232933
YDR323C,YIL096C,0,-0.36905056,0.13447926938533783,0.13286712765693665,0.08560856431722641
YDR500C,YHR138C,0,-0.36920524,0.13434343039989471,0.13286712765693665,0.08570857346057892
YGR254W,YNL223W,1,-0.36988506,0.13521695137023926,0.13386613130569458,0.08570857346057892
YNR007C,YHR174W,1,-0.3698982,0.13608871400356293,0.13486513495445251,0.08570857346057892
YOR177C,YEL024W,0,-0.37015298,0.1359516680240631,0.13486513495445251,0.08580858260393143
YEL027W,YDR495C,1,-0.3703917,0.1368209272623062,0.13586413860321045,0.08580858260393143
YGR097W,YJL003W,0,-0.3704221,0.1366834193468094,0.13586413860321045,0.08590859174728394
YNL041C,YCL064C,0,-0.3705255,0.13654617965221405,0.13586413860321045,0.08600860089063644
YDR244W,YER178W,0,-0.3706934,0.1364092230796814,0.13586413860321045,0.08610861003398895
YLR333C,YPL075W,0,-0.37077197,0.13627254962921143,0.13586413860321045,0.08620861917734146
YLR148W,YOR332W,1,-0.37088788,0.13713712990283966,0.13686314225196838,0.08620861917734146
YAR033W,YJL216C,0,-0.37144533,0.13699999451637268,0.13686314225196838,0.08630862832069397
YIL013C,YEL048C,0,-0.37159145,0.13686314225196838,0.13686314225196838,0.08640863746404648
YNL156C,YLL014W,0,-0.37162825,0.13672654330730438,0.13686314225196838,0.08650865405797958
YHR170W,YCL067C,0,-0.37163225,0.13659022748470306,0.13686314225196838,0.08660866320133209
YPR154W,YGL189C,0,-0.37167516,0.13645417988300323,0.13686314225196838,0.0867086723446846
YDR439W,YHR190W,0,-0.37175342,0.1363184154033661,0.13686314225196838,0.08680868148803711
YNL284C-B,YBR086C,0,-0.37196466,0.13618290424346924,0.13686314225196838,0.08690869063138962
YOR172W,YOL052C-A,0,-0.37200516,0.13604766130447388,0.13686314225196838,0.08700869977474213
YDL240W,YMR156C,0,-0.37251896,0.1359127014875412,0.13686314225196838,0.08710870891809464
YML092C,YIL011W,0,-0.37324995,0.13577799499034882,0.13686314225196838,0.08720871806144714
YPR067W,YDR040C,0,-0.37325528,0.13564357161521912,0.13686314225196838,0.08730872720479965
YJR046W,YBR089C-A,0,-0.37342831,0.1355094015598297,0.13686314225196838,0.08740874379873276
YOR189W,YER129W,0,-0.37377217,0.1353754997253418,0.13686314225196838,0.08750875294208527
YHR174W,YKL051W,1,-0.37415433,0.1362290233373642,0.13786213099956512,0.08750875294208527
YJL173C,YOR358W,0,-0.37418061,0.13609467446804047,0.13786213099956512,0.08760876208543777
YMR220W,YPL156C,0,-0.37424582,0.13596059381961823,0.13786213099956512,0.08770877122879028
YLL018C,YCL067C,0,-0.3745649,0.13582676649093628,0.13786213099956512,0.08780878037214279
YER177W,YLR190W,0,-0.3746024,0.13569322228431702,0.13786213099956512,0.0879087895154953
YCL068C,YDR308C,0,-0.37467003,0.13555991649627686,0.13786213099956512,0.08800879865884781
YCL048W,YKL039W,0,-0.37474388,0.13542689383029938,0.13786213099956512,0.08810880780220032
YNL242W,YFL039C,1,-0.37483963,0.136274516582489,0.13886113464832306,0.08810880780220032
YBR054W,YGR017W,0,-0.375664,0.13614103198051453,0.13886113464832306,0.08820882439613342
YAL028W,YHR214W,0,-0.37571397,0.13600783050060272,0.13886113464832306,0.08830883353948593
YFL005W,YIL107C,0,-0.37572902,0.1358748823404312,0.13886113464832306,0.08840884268283844
YGL226W,YLR337C,0,-0.37590504,0.1357421875,0.13886113464832306,0.08850885182619095
YDR367W,YPL075W,0,-0.37687933,0.13560976088047028,0.13886113464832306,0.08860886096954346
YGL226W,YNL161W,0,-0.37773868,0.13547758758068085,0.13886113464832306,0.08870887011289597
YCR107W,YMR048W,0,-0.37791392,0.1353456676006317,0.13886113464832306,0.08880887925624847
YKR075C,YNR059W,0,-0.3781948,0.13521400094032288,0.13886113464832306,0.08890888839960098
YPR180W,YBL072C,0,-0.3791422,0.13508260250091553,0.13886113464832306,0.08900889754295349
YIL041W,YLR148W,1,-0.37979332,0.13592232763767242,0.139860138297081,0.08900889754295349
YKR085C,YHR157W,0,-0.37985674,0.13579049706459045,0.139860138297081,0.0891089141368866
YPR173C,YLR061W,0,-0.3803214,0.13565891981124878,0.139860138297081,0.0892089232802391
YPR106W,YOR065W,0,-0.38041872,0.1355275958776474,0.139860138297081,0.08930893242359161
YHR170W,YDR437W,0,-0.38083187,0.13539652526378632,0.139860138297081,0.08940894156694412
YJR048W,YPL021W,0,-0.3815738,0.13526569306850433,0.139860138297081,0.08950895071029663
YBR233W-A,YHR149C,0,-0.38160136,0.13513512909412384,0.139860138297081,0.08960895985364914
YFL025C,YCR031C,0,-0.3817114,0.13500481843948364,0.139860138297081,0.08970896899700165
YNL250W,YBR054W,0,-0.38186282,0.13487476110458374,0.139860138297081,0.08980897814035416
YOR034C,YKL080W,0,-0.38201064,0.13474494218826294,0.139860138297081,0.08990898728370667
YOR320C,YOR065W,0,-0.3823571,0.13461539149284363,0.139860138297081,0.09000900387763977
YIL048W,YFL039C,1,-0.3824222,0.1354466825723648,0.14085914194583893,0.09000900387763977
YCL001W,YML082W,0,-0.3825377,0.13531669974327087,0.14085914194583893,0.09010901302099228
YBR180W,YLL014W,0,-0.38262805,0.13518695533275604,0.14085914194583893,0.09020902216434479
YDR323C,YMR072W,0,-0.38263205,0.1350574642419815,0.14085914194583893,0.0903090313076973
YGR161C-D,YMR183C,0,-0.38283482,0.13492822647094727,0.14085914194583893,0.0904090404510498
YNL181W,YBR193C,0,-0.38320747,0.13479924201965332,0.14085914194583893,0.09050904959440231
YPR055W,YGL240W,0,-0.38417134,0.13467048108577728,0.14085914194583893,0.09060905873775482
YGL076C,YPR141C,0,-0.38465565,0.13454198837280273,0.14085914194583893,0.09070906788110733
YHL017W,YLR200W,0,-0.38532105,0.1344137340784073,0.14085914194583893,0.09080908447504044
YML045W,YDR150W,0,-0.38658744,0.13428571820259094,0.14085914194583893,0.09090909361839294
YOR136W,YLR067C,0,-0.38682908,0.1341579407453537,0.14085914194583893,0.09100910276174545
YDR229W,YLR043C,1,-0.38717067,0.13498099148273468,0.14185814559459686,0.09100910276174545
YOR189W,YGL107C,0,-0.38738903,0.134852796792984,0.14185814559459686,0.09110911190509796
YDL077C,YEL027W,1,-0.3875247,0.1356736272573471,0.1428571492433548,0.09110911190509796
YBR217W,YER072W,1,-0.38755545,0.13649289309978485,0.14385613799095154,0.09110911190509796
YBR054W,YCL051W,0,-0.38768908,0.13636364042758942,0.14385613799095154,0.09120912104845047
YIL167W,YMR118C,0,-0.3878956,0.13623462617397308,0.14385613799095154,0.09130913019180298
YHL028W,YOR004W,0,-0.3883309,0.13610586524009705,0.14385613799095154,0.09140913933515549
YML057W,YMR074C,0,-0.38869926,0.1359773427248001,0.14385613799095154,0.091509148478508
YFL005W,YGL129C,0,-0.38932168,0.13584905862808228,0.14385613799095154,0.0916091576218605
YOR191W,YIL064W,0,-0.38954517,0.13572101294994354,0.14385613799095154,0.09170917421579361
YLR004C,YLR059C,0,-0.38965496,0.1355932205915451,0.14385613799095154,0.09180918335914612
YIL036W,YAL026C,0,-0.3897042,0.13546566665172577,0.14385613799095154,0.09190919250249863
YOR157C,YGR296W,0,-0.39011362,0.13533835113048553,0.14385613799095154,0.09200920164585114
YDR309C,YDR005C,0,-0.39049312,0.1352112740278244,0.14385613799095154,0.09210921078920364
YMR055C,YER123W,0,-0.39059392,0.13508442044258118,0.14385613799095154,0.09220921993255615
YDR189W,YJR120W,0,-0.39101985,0.13495782017707825,0.14385613799095154,0.09230922907590866
YLR367W,YBR016W,0,-0.3915804,0.13483145833015442,0.14385613799095154,0.09240923821926117
YLR431C,YJL012C,1,-0.3917291,0.13564078509807587,0.14485514163970947,0.09240923821926117
YNL023C,YBR180W,0,-0.3919187,0.1355140209197998,0.14485514163970947,0.09250924736261368
YDL072C,YGR060W,0,-0.39257964,0.13538749516010284,0.14485514163970947,0.09260926395654678
YMR243C,YDL243C,0,-0.3925889,0.1352611929178238,0.14485514163970947,0.09270927309989929
YOL020W,YDR160W,0,-0.3926204,0.13513512909412384,0.14485514163970947,0.0928092822432518
YHR024C,YCR106W,0,-0.3928793,0.135009303689003,0.14485514163970947,0.09290929138660431
YLR386W,YHR039C-A,1,-0.39288604,0.13581395149230957,0.1458541452884674,0.09290929138660431
YGR103W,YGL018C,0,-0.39298123,0.13568773865699768,0.1458541452884674,0.09300930052995682
YDR175C,YER038C,0,-0.3931162,0.1355617493391037,0.1458541452884674,0.09310930967330933
YOR316C,YPR068C,0,-0.39332056,0.13543599843978882,0.1458541452884674,0.09320931881666183
YDL247W,YLR054C,0,-0.39369974,0.13531047105789185,0.1458541452884674,0.09330932796001434
YNL025C,YFL011W,0,-0.39401987,0.13518518209457397,0.1458541452884674,0.09340934455394745
YDR098C,YDR005C,0,-0.3942722,0.1350601315498352,0.1458541452884674,0.09350935369729996
YFL011W,YPR017C,0,-0.39427832,0.13493530452251434,0.1458541452884674,0.09360936284065247
YFL061W,YOR065W,0,-0.39441243,0.13481071591377258,0.1458541452884674,0.09370937198400497
YOR087W,YNL081C,0,-0.39463094,0.13468635082244873,0.1458541452884674,0.09380938112735748
YLR006C,YFL011W,0,-0.3946877,0.13456220924854279,0.1458541452884674,0.09390939027070999
YPR128C,YGL129C,0,-0.39491054,0.13443830609321594,0.1458541452884674,0.0940093994140625
YKL052C,YMR133W,0,-0.39495453,0.134314626455307,0.1458541452884674,0.09410940855741501
YNL284C-B,YMR175W,0,-0.3951607,0.13419117033481598,0.1458541452884674,0.09420941770076752
YCR036W,YIL167W,0,-0.39523244,0.13406795263290405,0.1458541452884674,0.09430943429470062
YOR081C,YPL010W,0,-0.3955375,0.13394495844841003,0.1458541452884674,0.09440944343805313
YNL183C,YLR167W,0,-0.39555863,0.13382218778133392,0.1458541452884674,0.09450945258140564
YNL190W,YGR057C,0,-0.39571342,0.13369964063167572,0.1458541452884674,0.09460946172475815
YDL134C,YLR068W,0,-0.3958884,0.13357731699943542,0.1458541452884674,0.09470947086811066
YKL192C,YKR095W,0,-0.39656422,0.13345521688461304,0.1458541452884674,0.09480948001146317
YOL023W,YHR214W,0,-0.39662343,0.13333334028720856,0.1458541452884674,0.09490948915481567
YNR032C-A,YPL146C,0,-0.3966652,0.1332116723060608,0.1458541452884674,0.09500949829816818
YPR110C,YDR160W,0,-0.3989727,0.13309024274349213,0.1458541452884674,0.09510950744152069
YMR261C,YJL013C,0,-0.39914474,0.13296903669834137,0.1458541452884674,0.0952095240354538
YPL176C,YGR030C,0,-0.3994036,0.13284803926944733,0.1458541452884674,0.0953095331788063
YLR148W,YFL039C,1,-0.399968,0.13363637030124664,0.14685314893722534,0.0953095331788063
YJL054W,YLL006W,0,-0.40033683,0.13351498544216156,0.14685314893722534,0.09540954232215881
YGR103W,YCR091W,0,-0.40034094,0.13339382410049438,0.14685314893722534,0.09550955146551132
YDL243C,YOL059W,0,-0.40078077,0.13327288627624512,0.14685314893722534,0.09560956060886383
YLL048C,YKL149C,0,-0.40081808,0.13315217196941376,0.14685314893722534,0.09570956975221634
YPL013C,YKL132C,0,-0.40083557,0.1330316811800003,0.14685314893722534,0.09580957889556885
YPL215W,YBR121C,0,-0.4008986,0.13291139900684357,0.14685314893722534,0.09590958803892136
YLR083C,YBL063W,0,-0.401377,0.13279132544994354,0.14685314893722534,0.09600960463285446
YJR118C,YER015W,0,-0.40194246,0.13267147541046143,0.14685314893722534,0.09610961377620697
YDR345C,YKL145W,0,-0.40213096,0.13255184888839722,0.14685314893722534,0.09620962291955948
YDR080W,YNL079C,1,-0.40237847,0.13333334028720856,0.14785215258598328,0.09620962291955948
YIL048W,YGR254W,1,-0.40302503,0.13411341607570648,0.1488511562347412,0.09620962291955948
YLR293C,YPR155C,0,-0.4032034,0.13399280607700348,0.1488511562347412,0.09630963206291199
YLR258W,YJR150C,0,-0.40320775,0.13387241959571838,0.1488511562347412,0.0964096412062645
YPR154W,YHR149C,0,-0.4037201,0.13375224173069,0.1488511562347412,0.096509650349617
YPL116W,YJL001W,0,-0.4038289,0.13363228738307953,0.1488511562347412,0.09660965949296951
YPL115C,YPL262W,0,-0.4040026,0.13351254165172577,0.1488511562347412,0.09670966863632202
YEL001C,YLR052W,0,-0.40451032,0.13339301943778992,0.1488511562347412,0.09680967777967453
YLR347C,YDL149W,0,-0.40464944,0.13327370584011078,0.1488511562347412,0.09690969437360764
YBL013W,YOR157C,0,-0.40505022,0.13315460085868835,0.1488511562347412,0.09700970351696014
YIL048W,YER072W,1,-0.40545365,0.1339285671710968,0.14985014498233795,0.09700970351696014
YAR033W,YJR052W,0,-0.40653744,0.13380910456180573,0.14985014498233795,0.09710971266031265
YER044C-A,YLR249W,0,-0.4066682,0.13368983566761017,0.14985014498233795,0.09720972180366516
YLL018C,YGR122W,0,-0.40686816,0.13357079029083252,0.14985014498233795,0.09730973094701767
YIL130W,YIL062C,0,-0.40691835,0.13345195353031158,0.14985014498233795,0.09740974009037018
YKR096W,YEL051W,0,-0.40711424,0.13333334028720856,0.14985014498233795,0.09750974923372269
YDL160C,YLL018C-A,0,-0.40723893,0.13321492075920105,0.14985014498233795,0.0976097583770752
YGL005C,YDR328C,0,-0.40734026,0.13309670984745026,0.14985014498233795,0.0977097675204277
YGR024C,YFL061W,0,-0.4083073,0.13297872245311737,0.14985014498233795,0.09780978411436081
YIL053W,YGR296W,0,-0.40866432,0.1328609436750412,0.14985014498233795,0.09790979325771332
YLR367W,YFR040W,0,-0.40867624,0.13274335861206055,0.14985014498233795,0.09800980240106583
YDR229W,YDR080W,1,-0.40895668,0.13351017236709595,0.1508491486310959,0.09800980240106583
YOL154W,YOR113W,0,-0.4092344,0.13339222967624664,0.1508491486310959,0.09810981154441833
YDR092W,YGR122W,0,-0.40929812,0.13327449560165405,0.1508491486310959,0.09820982068777084
YLR234W,YNL063W,0,-0.40947384,0.13315697014331818,0.1508491486310959,0.09830982983112335
YKL145W,YMR009W,0,-0.4095841,0.133039653301239,0.1508491486310959,0.09840983897447586
YNL250W,YJL181W,0,-0.4102349,0.13292253017425537,0.1508491486310959,0.09850984811782837
YPL045W,YNL079C,1,-0.41039062,0.1336851418018341,0.15184815227985382,0.09850984811782837
YBR109C,YGR244C,0,-0.41046205,0.1335676610469818,0.15184815227985382,0.09860985726118088
YKL141W,YLR460C,0,-0.4107033,0.13345038890838623,0.15184815227985382,0.09870987385511398
YGL073W,YBR131W,0,-0.41123384,0.13333334028720856,0.15184815227985382,0.09880988299846649
YBR091C,YBL007C,0,-0.41138294,0.1332164704799652,0.15184815227985382,0.098909892141819
YIL138C,YPL045W,1,-0.41159907,0.13397547602653503,0.15284715592861176,0.098909892141819
YNR007C,YLR043C,1,-0.4120872,0.1347331553697586,0.1538461595773697,0.098909892141819
YJL012C,YBL078C,1,-0.4124534,0.13548950850963593,0.15484514832496643,0.098909892141819
YGR235C,YKL060C,0,-0.41268924,0.13537117838859558,0.15484514832496643,0.09900990128517151
YMR318C,YDR464W,0,-0.41272292,0.13525305688381195,0.15484514832496643,0.09910991042852402
YJL078C,YBR005W,0,-0.41282958,0.13513512909412384,0.15484514832496643,0.09920991957187653
YDL105W,YJL026W,0,-0.4128875,0.13501742482185364,0.15484514832496643,0.09930992871522903
YOR045W,YLR263W,0,-0.4129337,0.13489991426467896,0.15484514832496643,0.09940993785858154
YDL077C,YNL079C,1,-0.41348615,0.13565216958522797,0.15584415197372437,0.09940993785858154
YML067C,YAL028W,0,-0.4150247,0.13553431630134583,0.15584415197372437,0.09950995445251465
YJR153W,YCR021C,0,-0.41510853,0.1354166716337204,0.15584415197372437,0.09960996359586716
YJL012C,YCR021C,0,-0.4157587,0.1352992206811905,0.15584415197372437,0.09970997273921967
YDR021W,YCR021C,0,-0.41616246,0.1351819783449173,0.15584415197372437,0.09980998188257217
YMR231W,YFL039C,1,-0.41637638,0.13593073189258575,0.1568431556224823,0.09980998188257217
YPR106W,YKR085C,0,-0.41641378,0.1358131468296051,0.1568431556224823,0.09990999102592468
YGR212W,YAL026C,0,-0.41654128,0.13569577038288116,0.1568431556224823,0.10001000016927719
YOR363C,YKL110C,0,-0.4167194,0.13557858765125275,0.1568431556224823,0.1001100093126297
YNL015W,YML001W,1,-0.41718793,0.1363244205713272,0.15784215927124023,0.1001100093126297
YGL212W,YBR105C,1,-0.4172748,0.137068971991539,0.15884116291999817,0.1001100093126297
YKR075C,YER123W,0,-0.41738737,0.13695091009140015,0.15884116291999817,0.10021001845598221
YGL067W,YGR244C,0,-0.417514,0.1368330419063568,0.15884116291999817,0.10031002759933472
YBR168W,YLR466W,0,-0.417665,0.13671539723873138,0.15884116291999817,0.10041004419326782
YIL022W,YNL133C,0,-0.4176775,0.13659793138504028,0.15884116291999817,0.10051005333662033
YDR025W,YDR284C,0,-0.4179382,0.1364806890487671,0.15884116291999817,0.10061006247997284
YNL137C,YFR040W,0,-0.41799587,0.13636364042758942,0.15884116291999817,0.10071007162332535
YCR045C,YHL011C,0,-0.4180931,0.13624678552150726,0.15884116291999817,0.10081008076667786
YIL019W,YOR009W,0,-0.41837755,0.13613013923168182,0.15884116291999817,0.10091008991003036
YNL246W,YLR288C,0,-0.4185053,0.1360136866569519,0.15884116291999817,0.10101009905338287
YBR060C,YGR260W,0,-0.41880706,0.1358974426984787,0.15884116291999817,0.10111010819673538
YMR234W,YDR439W,0,-0.41896203,0.13578137755393982,0.15884116291999817,0.10121011734008789
YNL137C,YJL127C,0,-0.41950452,0.13566553592681885,0.15884116291999817,0.101310133934021
YNL221C,YGL129C,0,-0.4197626,0.1355498731136322,0.15884116291999817,0.1014101430773735
YJL057C,YHL015W,0,-0.4198945,0.13543441891670227,0.15884116291999817,0.10151015222072601
YDL072C,YMR234W,0,-0.42034814,0.13531914353370667,0.15884116291999817,0.10161016136407852
YOL098C,YER015W,0,-0.42108747,0.13520407676696777,0.15884116291999817,0.10171017050743103
YOR049C,YPL280W,0,-0.42136005,0.1350892037153244,0.15884116291999817,0.10181017965078354
YHR204W,YKL150W,0,-0.4214324,0.13497453927993774,0.15884116291999817,0.10191018879413605
YGL167C,YDR464W,0,-0.42202228,0.1348600536584854,0.15884116291999817,0.10201019793748856
YNL233W,YML047C,0,-0.42209384,0.1347457617521286,0.15884116291999817,0.10211021453142166
YGR057C,YGR060W,0,-0.42210376,0.1346316635608673,0.15884116291999817,0.10221022367477417
YJL162C,YAL028W,0,-0.422251,0.13451775908470154,0.15884116291999817,0.10231023281812668
YIR019C,YCR024C,0,-0.42255732,0.13440406322479248,0.15884116291999817,0.10241024196147919
YBL056W,YLR054C,0,-0.42284262,0.13429054617881775,0.15884116291999817,0.1025102511048317
YGR202C,YKR083C,0,-0.42318714,0.13417720794677734,0.15884116291999817,0.1026102602481842
YOR383C,YDL211C,0,-0.42379913,0.13406407833099365,0.15884116291999817,0.10271026939153671
YML082W,YML047C,0,-0.42390823,0.13395114243030548,0.15884116291999817,0.10281027853488922
YGL126W,YKL058W,0,-0.4246466,0.13383838534355164,0.15884116291999817,0.10291028767824173
YER028C,YMR237W,0,-0.42467317,0.1337258219718933,0.15884116291999817,0.10301030427217484
YNL181W,YCR005C,0,-0.4247195,0.1336134523153305,0.15884116291999817,0.10311031341552734
YKL051W,YLR043C,1,-0.42508727,0.13434089720249176,0.1598401665687561,0.10311031341552734
YJR118C,YOR113W,0,-0.42524928,0.1342281848192215,0.1598401665687561,0.10321032255887985
YLR423C,YLR043C,1,-0.42570752,0.13495390117168427,0.16083915531635284,0.10321032255887985
YDR175C,YLR055C,0,-0.4258034,0.13484087586402893,0.16083915531635284,0.10331033170223236
YLR258W,YAL059W,0,-0.42687294,0.13472802937030792,0.16083915531635284,0.10341034084558487
YPR095C,YPL010W,0,-0.4270185,0.13461539149284363,0.16083915531635284,0.10351034998893738
YDR227W,YIL062C,0,-0.42726043,0.13450291752815247,0.16083915531635284,0.10361035913228989
YFL049W,YLR432W,0,-0.42730042,0.13439065217971802,0.16083915531635284,0.1037103682756424
YGR235C,YDR025W,0,-0.42794713,0.1342785656452179,0.16083915531635284,0.1038103774189949
YDR365C,YNL081C,0,-0.42800996,0.1341666728258133,0.16083915531635284,0.10391039401292801
YIL037C,YMR225C,0,-0.42832616,0.13405495882034302,0.16083915531635284,0.10401040315628052
YIL048W,YJL178C,1,-0.4285027,0.13477537035942078,0.16183815896511078,0.10401040315628052
YGR007W,YPL239W,0,-0.4293823,0.13466334342956543,0.16183815896511078,0.10411041229963303
YJR073C,YBR248C,0,-0.4297174,0.1345514953136444,0.16183815896511078,0.10421042144298553
YOR271C,YPL189W,0,-0.42981908,0.1344398409128189,0.16183815896511078,0.10431043058633804
YER007C-A,YML004C,0,-0.42989424,0.13432836532592773,0.16183815896511078,0.10441043972969055
YNR032C-A,YCL064C,0,-0.43047735,0.1342170685529709,0.16183815896511078,0.10451044887304306
YOL096C,YLR054C,0,-0.43121955,0.13410596549510956,0.16183815896511078,0.10461045801639557
YNR048W,YPL248C,0,-0.43125814,0.13399504125118256,0.16183815896511078,0.10471047461032867
YJR042W,YPL179W,0,-0.43161196,0.13388429582118988,0.16183815896511078,0.10481048375368118
YGR181W,YPR105C,0,-0.4316177,0.13377374410629272,0.16183815896511078,0.10491049289703369
YKL033W,YCR021C,0,-0.43163988,0.1336633712053299,0.16183815896511078,0.1050105020403862
YEL051W,YBL025W,0,-0.43186948,0.1335531771183014,0.16183815896511078,0.10511051118373871
YHL015W,YGR142W,0,-0.43193427,0.13344316184520721,0.16183815896511078,0.10521052032709122
YLR431C,YHR174W,1,-0.4324941,0.13415637612342834,0.1628371626138687,0.10521052032709122
YPR173C,YOR193W,0,-0.4325138,0.1340460479259491,0.1628371626138687,0.10531052947044373
YEL048C,YMR226C,0,-0.4327046,0.13393591344356537,0.1628371626138687,0.10541053861379623
YBR086C,YDR045C,0,-0.43277884,0.13382594287395477,0.1628371626138687,0.10551054775714874
YFR010W,YMR205C,0,-0.4329221,0.1337161660194397,0.1628371626138687,0.10561056435108185
YHR165C,YHR118C,0,-0.433114,0.13360655307769775,0.1628371626138687,0.10571057349443436
YOL126C,YER102W,0,-0.4338114,0.13349713385105133,0.1628371626138687,0.10581058263778687
YGL076C,YML127W,0,-0.4339148,0.13338789343833923,0.1628371626138687,0.10591059178113937
YDR075W,YJL026W,0,-0.43427354,0.13327881693840027,0.1628371626138687,0.10601060092449188
YHR001W-A,YGR260W,0,-0.43428487,0.13316993415355682,0.1628371626138687,0.10611061006784439
YMR055C,YOR103C,0,-0.43431035,0.1330612301826477,0.1628371626138687,0.1062106192111969
YLR258W,YFL011W,0,-0.43437186,0.13295269012451172,0.1628371626138687,0.10631062835454941
YDL247W,YLR023C,0,-0.4347205,0.13284432888031006,0.1628371626138687,0.10641063749790192
YLR223C,YBR193C,0,-0.43487373,0.13273616135120392,0.1628371626138687,0.10651065409183502
YOR045W,YOR048C,0,-0.43490317,0.1326281577348709,0.1628371626138687,0.10661066323518753
YER155C,YPR174C,0,-0.43499425,0.13252031803131104,0.1628371626138687,0.10671067237854004
YGR178C,YJL003W,0,-0.4352572,0.13241267204284668,0.1628371626138687,0.10681068152189255
YJL174W,YBR112C,0,-0.4353745,0.13230518996715546,0.1628371626138687,0.10691069066524506
YBL063W,YMR002W,0,-0.4355394,0.13219788670539856,0.1628371626138687,0.10701069980859756
YDR268W,YER060W-A,0,-0.43572026,0.132090762257576,0.1628371626138687,0.10711070895195007
YCL016C,YJL216C,0,-0.43591154,0.13198380172252655,0.1628371626138687,0.10721071809530258
YHL038C,YPR017C,0,-0.4359542,0.13187702000141144,0.1628371626138687,0.10731073468923569
YLR039C,YLR432W,0,-0.436385,0.13177041709423065,0.1628371626138687,0.1074107438325882
YDL106C,YDR381W,0,-0.43643788,0.131663978099823,0.1628371626138687,0.1075107529759407
YDR464W,YDL134C,0,-0.43649504,0.13155770301818848,0.1628371626138687,0.10761076211929321
YBR080C,YCL063W,1,-0.436625,0.13225805759429932,0.16383616626262665,0.10761076211929321
YML001W,YLR431C,1,-0.4369549,0.13295729458332062,0.16483516991138458,0.10761076211929321
YIL147C,YKR077W,0,-0.4369673,0.13285024464130402,0.16483516991138458,0.10771077126264572
YDR381W,YDR317W,0,-0.4373039,0.13274335861206055,0.16483516991138458,0.10781078040599823
YDL100C,YJL045W,0,-0.43740827,0.1326366513967514,0.16483516991138458,0.10791078954935074
YER129W,YBL025W,0,-0.43752697,0.1325301229953766,0.16483516991138458,0.10801079869270325
YBL056W,YHR020W,0,-0.43769953,0.1324237585067749,0.16483516991138458,0.10811080783605576
YIL098C,YBR180W,0,-0.43774354,0.13231755793094635,0.16483516991138458,0.10821082442998886
YNL243W,YCL001W,0,-0.43776077,0.13221153616905212,0.16483516991138458,0.10831083357334137
YNL223W,YNL079C,1,-0.43780148,0.13290631771087646,0.16583415865898132,0.10831083357334137
YPL076W,YPR141C,0,-0.4381834,0.13279999792575836,0.16583415865898132,0.10841084271669388
YLR052W,YNR052C,0,-0.43818393,0.1326938420534134,0.16583415865898132,0.10851085186004639
YLR055C,YMR118C,0,-0.43829742,0.13258786499500275,0.16583415865898132,0.1086108610033989
YDR080W,YFL039C,1,-0.43881434,0.13328012824058533,0.16683316230773926,0.1086108610033989
YPR161C,YDR175C,0,-0.43883923,0.1331738382577896,0.16683316230773926,0.1087108701467514
YDR213W,YDR100W,0,-0.43943852,0.13306772708892822,0.16683316230773926,0.10881087929010391
YLR043C,YLR093C,1,-0.4394722,0.13375796377658844,0.1678321659564972,0.10881087929010391
YOR018W,YCL001W,0,-0.4395711,0.13365155458450317,0.1678321659564972,0.10891088843345642
YGL116W,YNL081C,0,-0.43985555,0.13354530930519104,0.1678321659564972,0.10901089757680893
YOR032C,YNL048W,0,-0.44014615,0.13343924283981323,0.1678321659564972,0.10911091417074203
YLR390W-A,YKR099W,0,-0.44017813,0.13333334028720856,0.1678321659564972,0.10921092331409454
YLR056W,YJR050W,0,-0.4403537,0.13322760164737701,0.1678321659564972,0.10931093245744705
YKR078W,YDR422C,0,-0.44037202,0.1331220269203186,0.1678321659564972,0.10941094160079956
YOL023W,YHL003C,0,-0.44045007,0.13301663100719452,0.1678321659564972,0.10951095074415207
YLL031C,YCR018C,0,-0.4404844,0.13291139900684357,0.1678321659564972,0.10961095988750458
YIL096C,YMR072W,0,-0.44056028,0.13280633091926575,0.1678321659564972,0.10971096903085709
YJL181W,YFR010W,0,-0.44128516,0.13270142674446106,0.1678321659564972,0.1098109781742096
YKR007W,YOR113W,0,-0.44130924,0.1325966864824295,0.1678321659564972,0.1099109947681427
YML133C,YOL052C-A,0,-0.44187626,0.13249211013317108,0.1678321659564972,0.11001100391149521
YHR185C,YGL087C,0,-0.44193107,0.13238771259784698,0.1678321659564972,0.11011101305484772
YPL004C,YCR105W,0,-0.4427955,0.13228346407413483,0.1678321659564972,0.11021102219820023
YIL041W,YNL326C,1,-0.44308445,0.13296617567539215,0.16883116960525513,0.11021102219820023
YGL093W,YLR190W,0,-0.44312233,0.13286162912845612,0.16883116960525513,0.11031103134155273
YGL243W,YPR141C,0,-0.4435126,0.1327572613954544,0.16883116960525513,0.11041104048490524
YNL242W,YLR043C,1,-0.44397965,0.13343799114227295,0.16983017325401306,0.11041104048490524
YNR032C-A,YBR049C,0,-0.4443645,0.13333334028720856,0.16983017325401306,0.11051104962825775
YGR030C,YMR118C,0,-0.44446787,0.1332288384437561,0.16983017325401306,0.11061105877161026
YGR266W,YKR099W,0,-0.44464883,0.13312451541423798,0.16983017325401306,0.11071106791496277
YNL328C,YPR155C,0,-0.44469777,0.1330203413963318,0.16983017325401306,0.11081108450889587
YEL018W,YLR037C,0,-0.44489545,0.13291634619235992,0.16983017325401306,0.11091109365224838
YIL118W,YGL194C,0,-0.44503236,0.1328125,0.16983017325401306,0.11101110279560089
YDR495C,YJL178C,1,-0.44505176,0.1334894597530365,0.170829176902771,0.11101110279560089
YER056C,YDR268W,0,-0.44546446,0.1333853304386139,0.170829176902771,0.1111111119389534
YOL078W,YLR075W,0,-0.44567153,0.13328136503696442,0.170829176902771,0.11121112108230591
YJL162C,YLR360W,0,-0.446058,0.13317756354808807,0.170829176902771,0.11131113022565842
YGR254W,YNL054W,1,-0.446281,0.13385213911533356,0.17182816565036774,0.11131113022565842
YLR386W,YEL027W,1,-0.44661275,0.13452565670013428,0.17282716929912567,0.11131113022565842
YGL189C,YCL051W,0,-0.44671762,0.13442113995552063,0.17282716929912567,0.11141113936901093
YGL126W,YNR019W,0,-0.44688246,0.13431677222251892,0.17282716929912567,0.11151114851236343
YLR167W,YDL106C,0,-0.4469252,0.13421256840229034,0.17282716929912567,0.11161115765571594
YPR154W,YMR230W,0,-0.44708696,0.1341085284948349,0.17282716929912567,0.11171117424964905
YPR161C,YOR103C,0,-0.44737825,0.1340046525001526,0.17282716929912567,0.11181118339300156
YKR078W,YJR120W,0,-0.4474391,0.13390092551708221,0.17282716929912567,0.11191119253635406
YML021C,YBR218C,0,-0.44791293,0.13379737734794617,0.17282716929912567,0.11201120167970657
YMR175W,YDR257C,0,-0.4481571,0.13369397819042206,0.17282716929912567,0.11211121082305908
YPL146C,YML047C,0,-0.44887,0.1335907280445099,0.17282716929912567,0.11221121996641159
YOR136W,YGR083C,0,-0.44907165,0.13348765671253204,0.17282716929912567,0.1123112291097641
YCR105W,YHR005C,0,-0.44929934,0.13338473439216614,0.17282716929912567,0.11241123825311661
YCR031C,YKL051W,0,-0.44941005,0.13328197598457336,0.17282716929912567,0.11251125484704971
YDL149W,YHR174W,1,-0.44947,0.1339491903781891,0.1738261729478836,0.11251125484704971
YIR019C,YMR110C,0,-0.449559,0.13384614884853363,0.1738261729478836,0.11261126399040222
YEL001C,YGL198W,0,-0.45034626,0.1337432712316513,0.1738261729478836,0.11271127313375473
YPL021W,YPL145C,0,-0.45060542,0.13364055752754211,0.1738261729478836,0.11281128227710724
YDL012C,YDL102W,0,-0.451054,0.13353799283504486,0.1738261729478836,0.11291129142045975
YJL078C,YJL089W,0,-0.45117038,0.13343557715415955,0.1738261729478836,0.11301130056381226
YJL078C,YLL018C-A,0,-0.45146528,0.13333334028720856,0.1738261729478836,0.11311130970716476
YMR243C,YOR258W,0,-0.4519513,0.1332312375307083,0.1738261729478836,0.11321131885051727
YLR083C,YPR068C,0,-0.45197368,0.1331292986869812,0.1738261729478836,0.11331132799386978
YGL063W,YLR039C,0,-0.45206845,0.13302752375602722,0.1738261729478836,0.11341134458780289
YKL043W,YER071C,0,-0.4527792,0.13292589783668518,0.1738261729478836,0.1135113537311554
YML045W,YAR042W,0,-0.45289803,0.13282442092895508,0.1738261729478836,0.1136113628745079
YNL048W,YEL027W,0,-0.45295593,0.1327231079339981,0.1738261729478836,0.11371137201786041
YPL141C,YGR007W,0,-0.45305446,0.13262194395065308,0.1738261729478836,0.11381138116121292
YNR032C-A,YDR471W,0,-0.45326605,0.13252094388008118,0.1738261729478836,0.11391139030456543
YJL035C,YPR141C,0,-0.45330182,0.13242009282112122,0.1738261729478836,0.11401139944791794
YOR117W,YGR044C,0,-0.45359185,0.1323193907737732,0.1738261729478836,0.11411140859127045
YER109C,YGL194C,0,-0.45366237,0.1322188377380371,0.1738261729478836,0.11421141773462296
YBR016W,YML055W,0,-0.45390147,0.13211844861507416,0.1738261729478836,0.11431143432855606
YNL328C,YOR110W,0,-0.45400986,0.13201820850372314,0.1738261729478836,0.11441144347190857
YLR315W,YCL016C,0,-0.45407248,0.13191811740398407,0.1738261729478836,0.11451145261526108
YHR039C-A,YDR229W,1,-0.45440093,0.13257575035095215,0.17482517659664154,0.11451145261526108
YPL215W,YDL139C,0,-0.455049,0.13247539103031158,0.17482517659664154,0.11461146175861359
YDL149W,YOR326W,1,-0.45510656,0.13313162326812744,0.17582418024539948,0.11461146175861359
YKL069W,YDR434W,0,-0.45524222,0.1330309957265854,0.17582418024539948,0.1147114709019661
YEL020W-A,YGR202C,0,-0.45560607,0.13293051719665527,0.17582418024539948,0.1148114800453186
YER081W,YGL198W,0,-0.4556642,0.1328301876783371,0.17582418024539948,0.11491148918867111
YPR055W,YIL148W,0,-0.45605198,0.13273002207279205,0.17582418024539948,0.11501149833202362
YEL044W,YGR094W,0,-0.4563068,0.13262999057769775,0.17582418024539948,0.11511150747537613
YLR185W,YKL149C,0,-0.45672208,0.1325301229953766,0.17582418024539948,0.11521152406930923
YOR247W,YBR089C-A,0,-0.45693758,0.13243040442466736,0.17582418024539948,0.11531153321266174
YIL138C,YGL180W,1,-0.45710564,0.13308270275592804,0.1768231838941574,0.11531153321266174
YDR148C,YPR097W,0,-0.45736793,0.13298271596431732,0.1768231838941574,0.11541154235601425
YNR055C,YIL167W,0,-0.45754948,0.13288287818431854,0.1768231838941574,0.11551155149936676
YOR334W,YLL014W,0,-0.45758507,0.1327831894159317,0.1768231838941574,0.11561156064271927
YCR024C,YGL192W,0,-0.4576312,0.132683664560318,0.1768231838941574,0.11571156978607178
YBL013W,YOR136W,0,-0.45791936,0.13258427381515503,0.1768231838941574,0.11581157892942429
YIL106W,YPL233W,0,-0.45819417,0.132485032081604,0.1768231838941574,0.1159115880727768
YNL194C,YHR133C,0,-0.4584737,0.13238593935966492,0.1768231838941574,0.1160116046667099
YNL145W,YDR343C,0,-0.45872742,0.13228699564933777,0.1768231838941574,0.11611161381006241
YDR386W,YLR023C,0,-0.45884567,0.13218820095062256,0.1768231838941574,0.11621162295341492
YLR347C,YPL006W,0,-0.4590174,0.1320895552635193,0.1768231838941574,0.11631163209676743
YNL059C,YGL129C,0,-0.45921686,0.13199105858802795,0.1768231838941574,0.11641164124011993
YOL042W,YIL118W,0,-0.4592962,0.13189269602298737,0.1768231838941574,0.11651165038347244
YGR204W,YHR139C,0,-0.4598611,0.1317944973707199,0.1768231838941574,0.11661165952682495
YGL095C,YIL138C,1,-0.45996168,0.1324404776096344,0.17782217264175415,0.11661165952682495
YGR193C,YOR113W,0,-0.46028954,0.13234201073646545,0.17782217264175415,0.11671166867017746
YPL141C,YBR029C,0,-0.46056214,0.13224367797374725,0.17782217264175415,0.11681167781352997
YDL235C,YCR105W,0,-0.46069804,0.13214550912380219,0.17782217264175415,0.11691169440746307
YDR427W,YMR118C,0,-0.4607402,0.13204747438430786,0.17782217264175415,0.11701170355081558
YDR308C,YGR260W,0,-0.4608117,0.13194958865642548,0.17782217264175415,0.11711171269416809
YAL002W,YGR209C,1,-0.46091685,0.1325925886631012,0.17882117629051208,0.11711171269416809
YPR097W,YIL062C,0,-0.46106315,0.13249444961547852,0.17882117629051208,0.1172117218375206
YJL013C,YPL253C,0,-0.46118376,0.13239644467830658,0.17882117629051208,0.11731173098087311
YKL062W,YOL144W,0,-0.46125838,0.13229858875274658,0.17882117629051208,0.11741174012422562
YGL212W,YEL027W,1,-0.46134958,0.1329394429922104,0.17982017993927002,0.11741174012422562
YGR055W,YLR432W,0,-0.4620312,0.1328413337469101,0.17982017993927002,0.11751174926757812
YKR075C,YLR260W,0,-0.4622255,0.13274335861206055,0.17982017993927002,0.11761175841093063
YDR323C,YML101C,0,-0.4625935,0.13264554738998413,0.17982017993927002,0.11771176755428314
YGL243W,YOR247W,0,-0.4626241,0.13254787027835846,0.17982017993927002,0.11781178414821625
YLR333C,YOR358W,0,-0.4626303,0.13245032727718353,0.17982017993927002,0.11791179329156876
YJL127C,YLR044C,0,-0.46277705,0.13235294818878174,0.17982017993927002,0.11801180243492126
YKR075C,YLR293C,0,-0.46294186,0.1322556883096695,0.17982017993927002,0.11811181157827377
YBL100W-B,YDL012C,0,-0.4629689,0.13215859234333038,0.17982017993927002,0.11821182072162628
YGL231C,YML102W,0,-0.46317306,0.13206163048744202,0.17982017993927002,0.11831182986497879
YBR193C,YML047C,0,-0.463279,0.1319648027420044,0.17982017993927002,0.1184118390083313
YLR118C,YBR107C,0,-0.46333227,0.1318681389093399,0.17982017993927002,0.11851184815168381
YDL113C,YPL049C,0,-0.46345887,0.13177159428596497,0.17982017993927002,0.11861186474561691
YGL058W,YFR034C,0,-0.46372405,0.13167519867420197,0.17982017993927002,0.11871187388896942
YKL150W,YIL148W,0,-0.4637542,0.1315789520740509,0.17982017993927002,0.11881188303232193
YJL003W,YLR054C,0,-0.4638836,0.13148283958435059,0.17982017993927002,0.11891189217567444
YER044C-A,YKR052C,0,-0.4643217,0.131386861205101,0.17982017993927002,0.11901190131902695
YPL176C,YPL021W,0,-0.46435264,0.13129103183746338,0.17982017993927002,0.11911191046237946
YBR233W-A,YBR279W,0,-0.46455768,0.1311953365802765,0.17982017993927002,0.11921191960573196
YOR359W,YLR292C,0,-0.46471438,0.13109977543354034,0.17982017993927002,0.11931192874908447
YLR044C,YGR007W,0,-0.46517318,0.13100436329841614,0.17982017993927002,0.11941193789243698
YJL181W,YHR158C,0,-0.46540105,0.13090908527374268,0.17982017993927002,0.11951195448637009
YLR382C,YLR007W,0,-0.4654585,0.13081395626068115,0.17982017993927002,0.1196119636297226
YIL068C,YPL198W,0,-0.46553293,0.13071896135807037,0.17982017993927002,0.1197119727730751
YMR105C,YDR328C,0,-0.46569696,0.13062408566474915,0.17982017993927002,0.11981198191642761
YML011C,YER177W,0,-0.46579608,0.13052937388420105,0.17982017993927002,0.11991199105978012
YML133C,YMR015C,0,-0.46579874,0.1304347813129425,0.17982017993927002,0.12001200020313263
YKR034W,YPL049C,0,-0.46587637,0.1303403377532959,0.17982017993927002,0.12011200934648514
YOR358W,YBR034C,0,-0.4659185,0.13024601340293884,0.17982017993927002,0.12021201848983765
YGL095C,YOR068C,1,-0.46624008,0.13087491691112518,0.18081918358802795,0.12021201848983765
YGL126W,YCR038C,0,-0.46643004,0.13078035414218903,0.18081918358802795,0.12031202763319016
YIR019C,YLR466W,0,-0.46645996,0.1306859254837036,0.18081918358802795,0.12041204422712326
YFR016C,YFR025C,0,-0.46664643,0.13059163093566895,0.18081918358802795,0.12051205337047577
YGR254W,YHR138C,1,-0.46685404,0.13121846318244934,0.1818181872367859,0.12051205337047577
YEL001C,YLR181C,0,-0.46703786,0.13112391531467438,0.1818181872367859,0.12061206251382828
YOR049C,YGR122W,0,-0.46743384,0.13102951645851135,0.1818181872367859,0.12071207165718079
YDR343C,YDR176W,0,-0.46776247,0.13093525171279907,0.1818181872367859,0.1208120808005333
YLR315W,YJL212C,0,-0.46781126,0.13084112107753754,0.1818181872367859,0.1209120899438858
YGL073W,YMR015C,0,-0.46797356,0.13074712455272675,0.1818181872367859,0.12101209908723831
YPR161C,YGL096W,0,-0.46805587,0.1306532621383667,0.1818181872367859,0.12111210823059082
YLL016W,YPL135W,0,-0.46823993,0.1305595338344574,0.1818181872367859,0.12121212482452393
YPR188C,YER081W,0,-0.4683452,0.13046595454216003,0.1818181872367859,0.12131213396787643
YOR136W,YLR092W,0,-0.46876237,0.13037249445915222,0.1818181872367859,0.12141214311122894
YOR320C,YPR003C,0,-0.46900952,0.13027916848659515,0.1818181872367859,0.12151215225458145
YDR092W,YPL058C,0,-0.46917048,0.13018597662448883,0.1818181872367859,0.12161216139793396
YJL181W,YOL084W,0,-0.4692191,0.13009291887283325,0.1818181872367859,0.12171217054128647
YDR439W,YCR005C,0,-0.46960014,0.12999999523162842,0.1818181872367859,0.12181217968463898
YGR097W,YFR049W,0,-0.46968994,0.12990720570087433,0.1818181872367859,0.12191218882799149
YKL069W,YOR363C,0,-0.47016948,0.12981455028057098,0.1818181872367859,0.122012197971344
YER028C,YLR056W,0,-0.4701944,0.12972202897071838,0.1818181872367859,0.1221122145652771
YPL140C,YJL196C,0,-0.47041714,0.12962962687015533,0.1818181872367859,0.12221222370862961
YJR118C,YLR313C,0,-0.47087446,0.12953737378120422,0.1818181872367859,0.12231223285198212
YCL017C,YEL027W,0,-0.47168073,0.12944523990154266,0.1818181872367859,0.12241224199533463
YDR437W,YMR149W,0,-0.47209242,0.12935324013233185,0.1818181872367859,0.12251225113868713
YGL180W,YFL039C,1,-0.47210196,0.12997159361839294,0.18281717598438263,0.12251225113868713
YML092C,YBR089C-A,0,-0.47228774,0.12987934052944183,0.18281717598438263,0.12261226028203964
YLL018C-A,YNR052C,0,-0.47245982,0.12978723645210266,0.18281717598438263,0.12271226942539215
YHR113W,YJL168C,0,-0.47252092,0.12969525158405304,0.18281717598438263,0.12281227856874466
YOR157C,YLL057C,0,-0.473063,0.12960340082645416,0.18281717598438263,0.12291228771209717
YML067C,YNL133C,0,-0.47309586,0.12951168417930603,0.18281717598438263,0.12301230430603027
YAL030W,YMR050C,0,-0.47314054,0.12942008674144745,0.18281717598438263,0.12311231344938278
YMR205C,YDL149W,0,-0.47330728,0.1293286234140396,0.18281717598438263,0.12321232259273529
YDR007W,YML076C,0,-0.47342017,0.12923729419708252,0.18281717598438263,0.1233123317360878
YKL033W,YLL018C-A,0,-0.47360066,0.12914608418941498,0.18281717598438263,0.12341234087944031
YDR217C,YLL067C,0,-0.4736142,0.12905500829219818,0.18281717598438263,0.12351235002279282
YDR372C,YIL037C,0,-0.4737237,0.12896406650543213,0.18281717598438263,0.12361235916614532
YOL132W,YOL121C,0,-0.47380388,0.12887324392795563,0.18281717598438263,0.12371236830949783
YKR089C,YGL195W,0,-0.47389722,0.12878254055976868,0.18281717598438263,0.12381238490343094
YOR045W,YGL063W,0,-0.4740058,0.12869198620319366,0.18281717598438263,0.12391239404678345
YPR055W,YBR268W,0,-0.47407725,0.1286015510559082,0.18281717598438263,0.12401240319013596
YMR050C,YCL039W,0,-0.47424218,0.1285112351179123,0.18281717598438263,0.12411241233348846
YKL145W,YGL129C,0,-0.47428533,0.12842105329036713,0.18281717598438263,0.12421242147684097
YHR214W,YDR386W,0,-0.47489086,0.1283309906721115,0.18281717598438263,0.12431243062019348
YGL180W,YJL178C,1,-0.4749733,0.1289418339729309,0.18381617963314056,0.12431243062019348
YDR439W,YHR133C,0,-0.47515094,0.12885154783725739,0.18381617963314056,0.12441243976354599
YPR010C,YER129W,0,-0.47518033,0.12876136600971222,0.18381617963314056,0.1245124489068985
YML021C,YMR133W,0,-0.47552088,0.128671333193779,0.18381617963314056,0.12461245805025101
YER031C,YOL132W,0,-0.4756221,0.12858140468597412,0.18381617963314056,0.12471247464418411
YOL012C,YHR138C,0,-0.4759862,0.1284916251897812,0.18381617963314056,0.12481248378753662
YHR122W,YBR146W,0,-0.476041,0.1284019500017166,0.18381617963314056,0.12491249293088913
YLR083C,YPR067W,0,-0.47636858,0.12831240892410278,0.18381617963314056,0.12501250207424164
YJL181W,YOR117W,0,-0.4764155,0.1282230019569397,0.18381617963314056,0.12511251866817474
YGL212W,YNL242W,1,-0.4764702,0.12883009016513824,0.1848151832818985,0.12511251866817474
YLR102C,YNR071C,0,-0.4765051,0.12874042987823486,0.1848151832818985,0.12521252036094666
YAL068C,YHR133C,0,-0.47655383,0.12865090370178223,0.1848151832818985,0.12531253695487976
YMR072W,YBR045C,0,-0.47698364,0.12856149673461914,0.1848151832818985,0.12541253864765167
YOL069W,YNL036W,0,-0.4770726,0.1284722238779068,0.1848151832818985,0.12551255524158478
YLR004C,YOR335C,0,-0.4770749,0.128383070230484,0.1848151832818985,0.1256125569343567
YER123W,YDR259C,0,-0.47722054,0.12829403579235077,0.1848151832818985,0.1257125735282898
YOR332W,YBL078C,1,-0.47725862,0.12889812886714935,0.18581418693065643,0.1257125735282898
YDL113C,YHL025W,0,-0.4774694,0.1288088709115982,0.18581418693065643,0.1258125752210617
YML041C,YER060W,0,-0.4775542,0.12871971726417542,0.18581418693065643,0.1259125918149948
YBR029C,YAL056W,0,-0.47771752,0.12863071262836456,0.18581418693065643,0.12601260840892792
YDR100W,YHL015W,0,-0.4781222,0.12854181230068207,0.18581418693065643,0.12611261010169983
YLR386W,YHR138C,1,-0.47853336,0.1291436403989792,0.18681319057941437,0.12611261010169983
YDR367W,YPR141C,0,-0.47885397,0.12905451655387878,0.18681319057941437,0.12621262669563293
YLR382C,YOR103C,0,-0.47886595,0.12896551191806793,0.18681319057941437,0.12631262838840485
YDR516C,YOR266W,0,-0.47900593,0.12887664139270782,0.18681319057941437,0.12641264498233795
YEL027W,YPR049C,1,-0.4791117,0.12947657704353333,0.1878121942281723,0.12641264498233795
YGR120C,YCR018C,0,-0.47915933,0.12938746809959412,0.1878121942281723,0.12651264667510986
YPL045W,YOR068C,1,-0.47927576,0.1299862414598465,0.18881118297576904,0.12651264667510986
YHR185C,YKR088C,0,-0.47963586,0.12989690899848938,0.18881118297576904,0.12661266326904297
YPL280W,YNL068C,0,-0.47967735,0.12980769574642181,0.18881118297576904,0.12671266496181488
YGR181W,YGR060W,0,-0.4804684,0.1297186017036438,0.18881118297576904,0.12681268155574799
YDR100W,YDR317W,0,-0.48064014,0.12962962687015533,0.18881118297576904,0.1269126981496811
YJL012C,YLR043C,1,-0.48093194,0.13022617995738983,0.18981018662452698,0.1269126981496811
YLL016W,YER178W,0,-0.4817538,0.13013698160648346,0.18981018662452698,0.127012699842453
YHR108W,YCR107W,0,-0.48234543,0.13004791736602783,0.18981018662452698,0.1271127164363861
YDR111C,YGL192W,0,-0.48256847,0.12995895743370056,0.18981018662452698,0.12721271812915802
YER028C,YMR074C,0,-0.48267946,0.12987013161182404,0.18981018662452698,0.12731273472309113
YNL054W,YHR193C,0,-0.48306558,0.12978142499923706,0.18981018662452698,0.12741273641586304
YNL250W,YJR048W,0,-0.48312113,0.12969283759593964,0.18981018662452698,0.12751275300979614
YIL098C,YKR079C,0,-0.48332873,0.12960436940193176,0.18981018662452698,0.12761275470256805
YHL017W,YMR072W,0,-0.4834443,0.12951602041721344,0.18981018662452698,0.12771277129650116
YDL149W,YJL012C,1,-0.4835321,0.1301089972257614,0.1908091902732849,0.12771277129650116
YFL005W,YIL053W,0,-0.4836488,0.13002042472362518,0.1908091902732849,0.12781278789043427
YDL189W,YOR172W,0,-0.48375115,0.1299319714307785,0.1908091902732849,0.12791278958320618
YMR001C,YHL035C,0,-0.48402134,0.12984363734722137,0.1908091902732849,0.12801280617713928
YDR122W,YGR060W,0,-0.48425257,0.129755437374115,0.1908091902732849,0.1281128078699112
YDR516C,YMR220W,0,-0.48426923,0.12966734170913696,0.1908091902732849,0.1282128244638443
YLR293C,YDL124W,0,-0.48434886,0.12957938015460968,0.1908091902732849,0.1283128261566162
YPR199C,YLR068W,0,-0.48444042,0.12949152290821075,0.1908091902732849,0.12841284275054932
YEL027W,YLR396C,1,-0.48458138,0.13008129596710205,0.19180819392204285,0.12841284275054932
YJL162C,YCR086W,0,-0.4847405,0.1299932301044464,0.19180819392204285,0.12851284444332123
YKR064W,YNL246W,0,-0.48504964,0.12990528345108032,0.19180819392204285,0.12861286103725433
YHR201C,YIL137C,0,-0.4851929,0.1298174411058426,0.19180819392204285,0.12871287763118744
YBR005W,YDR528W,0,-0.48530874,0.1297297328710556,0.19180819392204285,0.12881287932395935
YLR390W-A,YDL189W,0,-0.4854695,0.12964212894439697,0.19180819392204285,0.12891289591789246
YCR024C,YPR131C,0,-0.4854705,0.1295546591281891,0.19180819392204285,0.12901289761066437
YGR005C,YKL060C,0,-0.48548022,0.12946729362010956,0.19180819392204285,0.12911291420459747
YGR024C,YNL164C,0,-0.48573077,0.12938004732131958,0.19180819392204285,0.12921291589736938
YNL318C,YJL196C,0,-0.48604432,0.12929293513298035,0.19180819392204285,0.1293129324913025
YDR127W,YDL134C,0,-0.48608306,0.12920592725276947,0.19180819392204285,0.1294129341840744
YBL051C,YLR299W,0,-0.4863765,0.12911903858184814,0.19180819392204285,0.1295129507780075
YDL077C,YIL138C,1,-0.4863803,0.1297042965888977,0.19280719757080078,0.1295129507780075
YLL018C,YER015W,0,-0.48648158,0.12961719930171967,0.19280719757080078,0.1296129673719406
YLL018C-A,YLL053C,0,-0.48667195,0.12953020632266998,0.19280719757080078,0.12971296906471252
YCR031C,YCR021C,0,-0.48695448,0.12944333255290985,0.19280719757080078,0.12981298565864563
YMR055C,YBR168W,0,-0.48719937,0.12935656309127808,0.19280719757080078,0.12991298735141754
YML120C,YGL027C,0,-0.48748875,0.12926992774009705,0.19280719757080078,0.13001300394535065
YNL054W,YOR332W,1,-0.48765394,0.12985274195671082,0.19380620121955872,0.13001300394535065
YHR039C-A,YPR049C,1,-0.48769912,0.1304347813129425,0.19480518996715546,0.13001300394535065
YEL020W-A,YML092C,0,-0.48782477,0.1303475946187973,0.19480518996715546,0.13011300563812256
YLL016W,YDR004W,0,-0.48819485,0.13026052713394165,0.19480518996715546,0.13021302223205566
YJL179W,YPL018W,0,-0.4882446,0.13017356395721436,0.19480518996715546,0.13031302392482758
YGL189C,YOR193W,0,-0.48825872,0.1300867199897766,0.19480518996715546,0.13041304051876068
YFL056C,YIR004W,0,-0.48828384,0.12999999523162842,0.19480518996715546,0.1305130571126938
YGR202C,YGL226W,0,-0.48845968,0.12991338968276978,0.19480518996715546,0.1306130588054657
YJR123W,YLL053C,0,-0.4886027,0.12982690334320068,0.19480518996715546,0.1307130753993988
YJR120W,YNL247W,0,-0.48881844,0.12974052131175995,0.19480518996715546,0.13081307709217072
YJR153W,YDR111C,0,-0.4888905,0.12965425848960876,0.19480518996715546,0.13091309368610382
YDR495C,YBR105C,1,-0.48889437,0.1302325576543808,0.1958041936159134,0.13091309368610382
YDR126W,YJL178C,1,-0.4889045,0.13081009685993195,0.19680319726467133,0.13091309368610382
YOR027W,YER060W-A,0,-0.48895594,0.13072329759597778,0.19680319726467133,0.13101309537887573
YOL059W,YBL014C,0,-0.48918146,0.13063660264015198,0.19680319726467133,0.13111311197280884
YGR205W,YNL038W,0,-0.48926088,0.13055002689361572,0.19680319726467133,0.13121312856674194
YOR326W,YBR217W,1,-0.48941383,0.1311258226633072,0.19780220091342926,0.13121312856674194
YDR234W,YMR156C,0,-0.48955932,0.13103905320167542,0.19780220091342926,0.13131313025951385
YGR055W,YLL018C-A,0,-0.48963493,0.130952388048172,0.19780220091342926,0.13141314685344696
YBR080C,YDR229W,1,-0.48976398,0.13152676820755005,0.1988012045621872,0.13141314685344696
YEL001C,YMR313C,0,-0.48995218,0.13143989443778992,0.1988012045621872,0.13151314854621887
YFL025C,YFL011W,0,-0.49006554,0.13135313987731934,0.1988012045621872,0.13161316514015198
YMR050C,YMR225C,0,-0.49013582,0.1312664896249771,0.1988012045621872,0.1317131668329239
YJR048W,YNL041C,0,-0.49028012,0.13117995858192444,0.1988012045621872,0.131813183426857
YDR345C,YLR055C,0,-0.4903328,0.13109354674816132,0.1988012045621872,0.1319131851196289
YKL016C,YDL154W,0,-0.4909755,0.13100723922252655,0.1988012045621872,0.132013201713562
YCR045C,YDR213W,0,-0.4911895,0.13092105090618134,0.1988012045621872,0.13211321830749512
YBL013W,YDR007W,0,-0.49120352,0.13083498179912567,0.1988012045621872,0.13221322000026703
YEL027W,YNL242W,1,-0.49155834,0.1314060389995575,0.19980019330978394,0.13221322000026703
YHR185C,YDR517W,0,-0.49206376,0.13131976127624512,0.19980019330978394,0.13231323659420013
YJL013C,YMR131C,0,-0.49254638,0.1312336027622223,0.19980019330978394,0.13241323828697205
YML133C,YJR153W,0,-0.4927983,0.13114753365516663,0.19980019330978394,0.13251325488090515
YNL243W,YDR045C,0,-0.49289113,0.1310615986585617,0.19980019330978394,0.13261325657367706
YJL162C,YBR114W,0,-0.4930739,0.13097576797008514,0.19980019330978394,0.13271327316761017
YOL132W,YMR050C,0,-0.4931281,0.13089005649089813,0.19980019330978394,0.13281327486038208
YKR078W,YKL051W,0,-0.49320355,0.13080444931983948,0.19980019330978394,0.13291329145431519
YCR045C,YFL026W,0,-0.49334636,0.13071896135807037,0.19980019330978394,0.1330133080482483
YPL100W,YLR061W,0,-0.49366823,0.13063357770442963,0.19980019330978394,0.1331133097410202
YLL018C,YOR113W,0,-0.49397823,0.13054829835891724,0.19980019330978394,0.1332133263349533
YNL024C,YMR002W,0,-0.4942712,0.1304631382226944,0.19980019330978394,0.13331332802772522
YOR081C,YDL124W,0,-0.49446458,0.1303780972957611,0.19980019330978394,0.13341334462165833
YGR060W,YDR057W,0,-0.49448296,0.13029316067695618,0.19980019330978394,0.13351334631443024
YER159C,YGL194C,0,-0.4947079,0.1302083283662796,0.19980019330978394,0.13361336290836334
YBR046C,YML045W,0,-0.49533942,0.13012361526489258,0.19980019330978394,0.13371336460113525
YAR009C,YAL068C,0,-0.49562648,0.1300390064716339,0.19980019330978394,0.13381338119506836
YKL110C,YKL032C,0,-0.4956805,0.1299545168876648,0.19980019330978394,0.13391339778900146
YPR007C,YPR141C,0,-0.4958725,0.12987013161182404,0.19980019330978394,0.13401339948177338
YLR039C,YAL011W,0,-0.49604875,0.12978585064411163,0.19980019330978394,0.13411341607570648
YEL039C,YGL093W,0,-0.4961188,0.12970168888568878,0.19980019330978394,0.1342134177684784
YML001W,YGL180W,1,-0.49630114,0.1302657127380371,0.20079919695854187,0.1342134177684784
YIL147C,YEL027W,0,-0.49635592,0.13018134236335754,0.20079919695854187,0.1343134343624115
YHR165C,YLR060W,0,-0.49722496,0.13009709119796753,0.20079919695854187,0.1344134360551834
YHL011C,YPR131C,0,-0.4972659,0.13001292943954468,0.20079919695854187,0.13451345264911652
YHR039C-A,YLR431C,1,-0.49731538,0.13057531416416168,0.2017982006072998,0.13451345264911652
YLR004C,YGR007W,0,-0.49779835,0.1304909586906433,0.2017982006072998,0.13461345434188843
YEL027W,YDL149W,1,-0.49802586,0.13105228543281555,0.20279720425605774,0.13461345434188843
YBR078W,YBL025W,0,-0.4980278,0.13096773624420166,0.20279720425605774,0.13471347093582153
YBR153W,YJL196C,0,-0.49824703,0.13088330626487732,0.20279720425605774,0.13481348752975464
YMR231W,YGR209C,1,-0.49842072,0.13144329190254211,0.20379620790481567,0.13481348752975464
YPR017C,YNL068C,0,-0.49873146,0.13135865330696106,0.20379620790481567,0.13491348922252655
YGR254W,YCL039W,0,-0.49884024,0.13127413392066956,0.20379620790481567,0.13501350581645966
YDR377W,YER142C,0,-0.4990775,0.13118970394134521,0.20379620790481567,0.13511350750923157
YOR193W,YER007C-A,0,-0.49912015,0.13110539317131042,0.20379620790481567,0.13521352410316467
YPL280W,YLR360W,0,-0.49930117,0.13102120161056519,0.20379620790481567,0.13531352579593658
YER143W,YOL059W,0,-0.49943456,0.1309370994567871,0.20379620790481567,0.1354135423898697
YOL126C,YBR091C,0,-0.4994759,0.13085311651229858,0.20379620790481567,0.1355135440826416
YPR128C,YMR133W,0,-0.49951312,0.13076923787593842,0.20379620790481567,0.1356135606765747
YER031C,YDR135C,0,-0.49981913,0.1306854635477066,0.20379620790481567,0.1357135772705078
YPL141C,YKL081W,0,-0.49985185,0.13060179352760315,0.20379620790481567,0.13581357896327972
YOR326W,YLR093C,1,-0.4998618,0.1311580240726471,0.2047952115535736,0.13581357896327972
YOL098C,YFR049W,0,-0.49994865,0.13107417523860931,0.2047952115535736,0.13591359555721283
YJL012C,YFL039C,1,-0.49997327,0.13162939250469208,0.20579420030117035,0.13591359555721283
YNL054W,YJL012C,1,-0.50034875,0.13218390941619873,0.20679320394992828,0.13591359555721283
YML101C,YOR227W,0,-0.5005162,0.13209955394268036,0.20679320394992828,0.13601359724998474
YOR191W,YDR361C,0,-0.5005938,0.13201530277729034,0.20679320394992828,0.13611361384391785
YDL003W,YGR260W,0,-0.5010574,0.13193117082118988,0.20679320394992828,0.13621361553668976
YER060W-A,YPR174C,0,-0.50147843,0.13184712827205658,0.20679320394992828,0.13631363213062286
YBL031W,YBR180W,0,-0.50149906,0.13176320493221283,0.20679320394992828,0.13641364872455597
YBR272C,YPR174C,0,-0.50154305,0.13167938590049744,0.20679320394992828,0.13651365041732788
YGR224W,YCR106W,0,-0.5015888,0.1315956711769104,0.20679320394992828,0.136613667011261
YKL026C,YDR040C,0,-0.50170434,0.13151207566261292,0.20679320394992828,0.1367136687040329
YOR156C,YEL006W,0,-0.50193954,0.1314285695552826,0.20679320394992828,0.136813685297966
YFR038W,YGR260W,0,-0.5022783,0.13134518265724182,0.20679320394992828,0.13691368699073792
YNL041C,YIL018W,0,-0.50234723,0.1312618851661682,0.20679320394992828,0.13701370358467102
YGL189C,YGR055W,0,-0.50247407,0.13117870688438416,0.20679320394992828,0.13711370527744293
YLR148W,YHR174W,1,-0.50268376,0.13172894716262817,0.20779220759868622,0.13711370527744293
YAL011W,YMR205C,0,-0.50294447,0.1316455751657486,0.20779220759868622,0.13721372187137604
YER060W,YPL178W,0,-0.503219,0.13156230747699738,0.20779220759868622,0.13731373846530914
YAR009C,YLR067C,0,-0.503247,0.1314791440963745,0.20779220759868622,0.13741374015808105
YAL040C,YNL223W,1,-0.5033095,0.1320277899503708,0.20879121124744415,0.13741374015808105
YMR059W,YLR061W,0,-0.503708,0.1319444477558136,0.20879121124744415,0.13751375675201416
YDR490C,YLR194C,0,-0.5037209,0.13186119496822357,0.20879121124744415,0.13761375844478607
YAR009C,YBR005W,0,-0.50406694,0.1317780613899231,0.20879121124744415,0.13771377503871918
YNL181W,YLL021W,0,-0.504812,0.13169501721858978,0.20879121124744415,0.1378137767314911
YCL017C,YDL119C,0,-0.50526816,0.13161209225654602,0.20879121124744415,0.1379137933254242
YDL154W,YNL156C,0,-0.50533533,0.13152925670146942,0.20879121124744415,0.1380137950181961
YCR107W,YDR323C,0,-0.50539136,0.13144654035568237,0.20879121124744415,0.1381138116121292
YOL098C,YOR136W,0,-0.50558573,0.13136392831802368,0.20879121124744415,0.13821382820606232
YDR108W,YDL012C,0,-0.50569296,0.13128140568733215,0.20879121124744415,0.13831382989883423
YIL138C,YPL100W,1,-0.50581634,0.1318267434835434,0.2097902148962021,0.13831382989883423
YPL140C,YOR247W,0,-0.5058446,0.13174404203891754,0.2097902148962021,0.13841384649276733
YGL212W,YCL063W,1,-0.5059564,0.13228839635849,0.21078920364379883,0.13841384649276733
YGL016W,YFR053C,0,-0.50596356,0.1322055160999298,0.21078920364379883,0.13851384818553925
YMR225C,YER032W,0,-0.50635004,0.1321227252483368,0.21078920364379883,0.13861386477947235
YOR253W,YCL039W,0,-0.50657886,0.13204005360603333,0.21078920364379883,0.13871386647224426
YFR025C,YJR096W,0,-0.5068053,0.13195747137069702,0.21078920364379883,0.13881388306617737
YDR175C,YOR195W,0,-0.5069176,0.13187499344348907,0.21078920364379883,0.13891388475894928
YBR169C,YMR001C,0,-0.5071713,0.13179263472557068,0.21078920364379883,0.13901390135288239
YBL050W,YDR495C,1,-0.50721204,0.13233457505702972,0.21178820729255676,0.13901390135288239
YPL120W,YJL216C,0,-0.5073559,0.1322520226240158,0.21178820729255676,0.1391139179468155
YOL020W,YIL167W,0,-0.5073873,0.13216957449913025,0.21178820729255676,0.1392139196395874
YAL048C,YER109C,0,-0.50753087,0.13208723068237305,0.21178820729255676,0.1393139362335205
YPL021W,YER071C,0,-0.5075798,0.132004976272583,0.21178820729255676,0.13941393792629242
YMR261C,YDR259C,0,-0.5076107,0.13192284107208252,0.21178820729255676,0.13951395452022552
YJR150C,YNL123W,0,-0.507895,0.1318407952785492,0.21178820729255676,0.13961395621299744
YPL045W,YFL039C,1,-0.50790995,0.13238036632537842,0.2127872109413147,0.13961395621299744
YOL084W,YHR201C,0,-0.5081196,0.13229814171791077,0.2127872109413147,0.13971397280693054
YIL138C,YOR326W,1,-0.5081568,0.1328367441892624,0.21378621459007263,0.13971397280693054
YLR390W-A,YBR295W,0,-0.50840753,0.1327543407678604,0.21378621459007263,0.13981397449970245
YLR249W,YPL189W,0,-0.5084301,0.1326720416545868,0.21378621459007263,0.13991399109363556
YPL168W,YEL051W,0,-0.50843805,0.13258983194828033,0.21378621459007263,0.14001400768756866
YJL012C,YJL178C,1,-0.50853306,0.13312692940235138,0.21478521823883057,0.14001400768756866
YIL041W,YCL063W,1,-0.5085818,0.1336633712053299,0.2157842218875885,0.14001400768756866
YBL080C,YFR016C,0,-0.5087842,0.13358069956302643,0.2157842218875885,0.14011400938034058
YJL181W,YHR157W,0,-0.5089377,0.1334981471300125,0.2157842218875885,0.14021402597427368
YKL110C,YFR040W,0,-0.50901455,0.13341568410396576,0.2157842218875885,0.1403140276670456
YDR343C,YCR038C,0,-0.5090766,0.13333334028720856,0.2157842218875885,0.1404140442609787
YDR200C,YGL127C,0,-0.5092776,0.13325108587741852,0.2157842218875885,0.1405140459537506
YLR061W,YGR129W,0,-0.50930333,0.13316892087459564,0.2157842218875885,0.14061406254768372
YML102W,YJL179W,0,-0.5095749,0.13308687508106232,0.2157842218875885,0.14071406424045563
YGL212W,YGL095C,1,-0.5098444,0.13362069427967072,0.21678321063518524,0.14071406424045563
YPR143W,YKL138C,0,-0.5099615,0.13353845477104187,0.21678321063518524,0.14081408083438873
YHL003C,YDL154W,0,-0.5100019,0.13345633447170258,0.21678321063518524,0.14091409742832184
YOL042W,YDR301W,0,-0.51040757,0.13337430357933044,0.21678321063518524,0.14101409912109375
YHR005C,YNR071C,0,-0.51068723,0.13329237699508667,0.21678321063518524,0.14111411571502686
YCR024C,YOL095C,0,-0.510749,0.13321055471897125,0.21678321063518524,0.14121411740779877
YFR024C-A,YGR060W,0,-0.51092684,0.1331288367509842,0.21678321063518524,0.14131413400173187
YCR107W,YDR301W,0,-0.51104677,0.1330472081899643,0.21678321063518524,0.14141413569450378
YDL235C,YGR138C,0,-0.51106,0.13296568393707275,0.21678321063518524,0.1415141522884369
YDR490C,YKR100C,0,-0.51110184,0.13288426399230957,0.21678321063518524,0.1416141539812088
YFL005W,YOL078W,0,-0.51113987,0.13280293345451355,0.21678321063518524,0.1417141705751419
YJR120W,YPR010C,0,-0.5115222,0.1327217072248459,0.21678321063518524,0.141814187169075
YJR042W,YJL216C,0,-0.51171595,0.13264058530330658,0.21678321063518524,0.14191418886184692
YJL174W,YOR258W,0,-0.51197886,0.13255955278873444,0.21678321063518524,0.14201420545578003
YGR254W,YDR229W,1,-0.5120307,0.13308914005756378,0.21778221428394318,0.14201420545578003
YER167W,YDR257C,0,-0.5120721,0.1330079287290573,0.21778221428394318,0.14211420714855194
YIL138C,YBL050W,1,-0.51226425,0.13353659212589264,0.2187812179327011,0.14211420714855194
YDR372C,YHL006C,0,-0.51233387,0.13345521688461304,0.2187812179327011,0.14221422374248505
YBR211C,YGL107C,0,-0.5125482,0.1333739310503006,0.2187812179327011,0.14231422543525696
YGR205W,YNL176C,0,-0.5125971,0.1332927644252777,0.2187812179327011,0.14241424202919006
YDR345C,YOR129C,0,-0.5126302,0.1332116723060608,0.2187812179327011,0.14251425862312317
YOR119C,YJL167W,0,-0.51267374,0.13313069939613342,0.2187812179327011,0.14261426031589508
YLR277C,YBR146W,0,-0.5131073,0.13304981589317322,0.2187812179327011,0.14271427690982819
YIL138C,YLR423C,1,-0.513209,0.1335761994123459,0.21978022158145905,0.14271427690982819
YDR325W,YLL014W,0,-0.5133478,0.13349515199661255,0.21978022158145905,0.1428142786026001
YBR109C,YPL040C,0,-0.51335335,0.13341419398784637,0.21978022158145905,0.1429142951965332
YDR435C,YML047C,0,-0.5133961,0.13333334028720856,0.21978022158145905,0.14301429688930511
YAL002W,YDR188W,0,-0.51363766,0.1332525759935379,0.21978022158145905,0.14311431348323822
YNR024W,YBR112C,0,-0.5137024,0.1331719160079956,0.21978022158145905,0.14321431517601013
YBR065C,YNL180C,0,-0.5137745,0.13309134542942047,0.21978022158145905,0.14331433176994324
YER044C-A,YPL135W,0,-0.5137831,0.1330108791589737,0.21978022158145905,0.14341434836387634
YLR347C,YPL161C,0,-0.5139265,0.13293051719665527,0.21978022158145905,0.14351435005664825
YKL141W,YMR091C,0,-0.5144192,0.13285024464130402,0.21978022158145905,0.14361436665058136
YPR161C,YDR516C,0,-0.5146618,0.13277006149291992,0.21978022158145905,0.14371436834335327
YDL106C,YLR181C,0,-0.51479816,0.13268998265266418,0.21978022158145905,0.14381438493728638
YGL104C,YCL051W,0,-0.5148053,0.1326100081205368,0.21978022158145905,0.1439143866300583
YDL154W,YOL061W,0,-0.5149309,0.1325301229953766,0.21978022158145905,0.1440144032239914
YOL020W,YGL194C,0,-0.51494336,0.13245032727718353,0.21978022158145905,0.1441144049167633
YLR423C,YNL079C,1,-0.51520634,0.1329723298549652,0.22077922523021698,0.1441144049167633
YOR372C,YDR437W,0,-0.51530254,0.13289237022399902,0.22077922523021698,0.1442144215106964
YIL068C,YDR019C,0,-0.5160172,0.1328125,0.22077922523021698,0.14431443810462952
YPR143W,YBR043C,0,-0.5164217,0.13273273408412933,0.22077922523021698,0.14441443979740143
YBL080C,YLR324W,0,-0.51674736,0.13265305757522583,0.22077922523021698,0.14451445639133453
YDR287W,YMR048W,0,-0.5168468,0.13257348537445068,0.22077922523021698,0.14461445808410645
YDR127W,YOR357C,0,-0.5169991,0.1324940025806427,0.22077922523021698,0.14471447467803955
YJL045W,YGR055W,0,-0.517014,0.13241462409496307,0.22077922523021698,0.14481447637081146
YCR045C,YNR059W,0,-0.51704466,0.1323353350162506,0.22077922523021698,0.14491449296474457
YNL288W,YGL127C,0,-0.51723695,0.1322561353445053,0.22077922523021698,0.14501449465751648
YDR200C,YNR037C,0,-0.5175147,0.13217703998088837,0.22077922523021698,0.14511451125144958
YOL132W,YFR053C,0,-0.51756585,0.1320980340242386,0.22077922523021698,0.1452145278453827
YLL018C-A,YJL216C,0,-0.5176054,0.13201911747455597,0.22077922523021698,0.1453145295381546
YDR148C,YOR081C,0,-0.51776755,0.1319403052330017,0.22077922523021698,0.1454145461320877
YDR367W,YOR158W,0,-0.51808286,0.1318615823984146,0.22077922523021698,0.14551454782485962
YBR003W,YPL248C,0,-0.5181304,0.13178294897079468,0.22077922523021698,0.14561456441879272
YOL012C,YGR296W,0,-0.5183507,0.1317044049501419,0.22077922523021698,0.14571456611156464
YGL144C,YIL167W,0,-0.51847947,0.1316259652376175,0.22077922523021698,0.14581458270549774
YGL142C,YCR021C,0,-0.51861155,0.13154761493206024,0.22077922523021698,0.14591458439826965
YKL051W,YNL079C,1,-0.51864564,0.13206425309181213,0.22177822887897491,0.14591458439826965
YAL056W,YHR005C,0,-0.5188159,0.13198572397232056,0.22177822887897491,0.14601460099220276
YML045W,YJR150C,0,-0.5191381,0.13190731406211853,0.22177822887897491,0.14611461758613586
YEL027W,YLR148W,1,-0.51942396,0.1324228048324585,0.22277721762657166,0.14611461758613586
YNL243W,YOR252W,0,-0.51945084,0.13234421610832214,0.22277721762657166,0.14621461927890778
YCR107W,YDR407C,0,-0.5197819,0.13226571679115295,0.22277721762657166,0.14631463587284088
YPL141C,YNL029C,0,-0.51984763,0.13218732178211212,0.22277721762657166,0.1464146375656128
YOR119C,YEL001C,0,-0.5200803,0.13210900127887726,0.22277721762657166,0.1465146541595459
YOR087W,YGL006W,0,-0.52022886,0.13203078508377075,0.22277721762657166,0.1466146558523178
YNL328C,YCR018C,0,-0.5205523,0.1319526582956314,0.22277721762657166,0.14671467244625092
YLR315W,YKL138C,0,-0.52087617,0.13187463581562042,0.22277721762657166,0.14681467413902283
YJR150C,YAL030W,0,-0.52089006,0.1317966878414154,0.22277721762657166,0.14691469073295593
YER023W,YMR035W,0,-0.5210073,0.13171884417533875,0.22277721762657166,0.14701470732688904
YNL145W,YHR142W,0,-0.5213082,0.13164108991622925,0.22277721762657166,0.14711470901966095
YDR343C,YNL029C,0,-0.5213655,0.13156342506408691,0.22277721762657166,0.14721472561359406
YOL023W,YGR094W,0,-0.5216624,0.13148584961891174,0.22277721762657166,0.14731472730636597
YMR048W,YEL006W,0,-0.5221611,0.13140836358070374,0.22277721762657166,0.14741474390029907
YBR130C,YAR009C,0,-0.5221776,0.13133098185062408,0.22277721762657166,0.14751474559307098
YLR148W,YAL040C,1,-0.5223061,0.1318422555923462,0.2237762212753296,0.14751474559307098
YDR287W,YDR412W,0,-0.522725,0.1317647099494934,0.2237762212753296,0.1476147621870041
YDR078C,YKL039W,0,-0.52286017,0.1316872388124466,0.2237762212753296,0.1477147787809372
YAR009C,YPL193W,0,-0.5228766,0.13160987198352814,0.2237762212753296,0.1478147804737091
YDR098C,YOL084W,0,-0.5229293,0.13153259456157684,0.2237762212753296,0.1479147970676422
YBR233W-A,YDR235W,0,-0.5230998,0.13145539164543152,0.2237762212753296,0.14801479876041412
YGL104C,YNR030W,0,-0.52353567,0.13137829303741455,0.2237762212753296,0.14811481535434723
YJL059W,YMR074C,0,-0.5236847,0.13130128383636475,0.2237762212753296,0.14821481704711914
YAL002W,YPL075W,0,-0.52372813,0.1312243640422821,0.2237762212753296,0.14831483364105225
YGL067W,YLR360W,0,-0.523926,0.13114753365516663,0.2237762212753296,0.14841483533382416
YPL001W,YER028C,0,-0.52409303,0.1310708075761795,0.2237762212753296,0.14851485192775726
YDL240W,YLR390W-A,0,-0.52418995,0.13099415600299835,0.2237762212753296,0.14861486852169037
YEL013W,YBR217W,1,-0.5242324,0.13150204718112946,0.22477522492408752,0.14861486852169037
YDR325W,YLL066C,0,-0.5242635,0.13142523169517517,0.22477522492408752,0.14871487021446228
YCL016C,YLL057C,0,-0.5245085,0.13134850561618805,0.22477522492408752,0.14881488680839539
YJR131W,YKL002W,0,-0.5245261,0.13127188384532928,0.22477522492408752,0.1489148885011673
YDR441C,YKR053C,0,-0.5247034,0.1311953365802765,0.22477522492408752,0.1490149050951004
YHR190W,YHR114W,0,-0.5247259,0.13111887872219086,0.22477522492408752,0.14911490678787231
YDR359C,YGL129C,0,-0.52473223,0.1310425102710724,0.22477522492408752,0.14921492338180542
YDR002W,YBR218C,0,-0.5248139,0.13096624612808228,0.22477522492408752,0.14931492507457733
YFL056C,YER040W,0,-0.5248288,0.13089005649089813,0.22477522492408752,0.14941494166851044
YER177W,YER139C,0,-0.52485216,0.13081395626068115,0.22477522492408752,0.14951495826244354
YLR092W,YGL198W,0,-0.52498543,0.13073794543743134,0.22477522492408752,0.14961495995521545
YAL011W,YDR257C,0,-0.52499473,0.13066202402114868,0.22477522492408752,0.14971497654914856
YGR103W,YKR089C,0,-0.5250161,0.1305861920118332,0.22477522492408752,0.14981497824192047
YPR173C,YDR325W,0,-0.52502143,0.13051043450832367,0.22477522492408752,0.14991499483585358
YBR114W,YKL058W,0,-0.52605724,0.1304347813129425,0.22477522492408752,0.1500149965286255
YDR495C,YFL039C,1,-0.5261971,0.1309385895729065,0.22577422857284546,0.1500149965286255
YHR210C,YNL130C,0,-0.5262373,0.1308627724647522,0.22577422857284546,0.1501150131225586
YKL192C,YKR099W,0,-0.5264065,0.13078702986240387,0.22577422857284546,0.1502150148153305
YPL225W,YPL198W,0,-0.5264964,0.1307113915681839,0.22577422857284546,0.1503150314092636
YGL212W,YIL041W,1,-0.5265344,0.13121387362480164,0.2267732322216034,0.1503150314092636
YBR130C,YOL023W,0,-0.52659786,0.13113807141780853,0.2267732322216034,0.15041504800319672
YDR434W,YDR005C,0,-0.5266458,0.1310623586177826,0.2267732322216034,0.15051504969596863
YKR007W,YDR217C,0,-0.5267098,0.13098673522472382,0.2267732322216034,0.15061506628990173
YDR268W,YNR019W,0,-0.52672505,0.130911186337471,0.2267732322216034,0.15071506798267365
YCR044C,YCL035C,0,-0.5268245,0.13083574175834656,0.2267732322216034,0.15081508457660675
YPR068C,YEL044W,0,-0.5269265,0.13076037168502808,0.2267732322216034,0.15091508626937866
YDR513W,YKL060C,0,-0.5271187,0.13068509101867676,0.2267732322216034,0.15101510286331177
YLR061W,YNL063W,0,-0.5274358,0.1306098997592926,0.2267732322216034,0.15111510455608368
YKR100C,YJL168C,0,-0.527784,0.13053478300571442,0.2267732322216034,0.15121512115001678
YEL001C,YPL076W,0,-0.52788234,0.1304597705602646,0.2267732322216034,0.1513151377439499
YIL098C,YNR055C,0,-0.5281191,0.13038483262062073,0.2267732322216034,0.1514151394367218
YLR315W,YOR158W,0,-0.5286145,0.13030998408794403,0.2267732322216034,0.1515151560306549
YPL058C,YBL100W-B,0,-0.5287055,0.1302352249622345,0.2267732322216034,0.15161515772342682
YDR422C,YOR011W,0,-0.5287342,0.13016055524349213,0.2267732322216034,0.15171517431735992
YHR009C,YGR007W,0,-0.52922046,0.13008596003055573,0.2267732322216034,0.15181517601013184
YKL002W,YGR094W,0,-0.5292512,0.1300114542245865,0.2267732322216034,0.15191519260406494
YER044C-A,YNL076W,0,-0.5293275,0.1299370378255844,0.2267732322216034,0.15201519429683685
YML098W,YPL235W,0,-0.52967656,0.1298626959323883,0.2267732322216034,0.15211521089076996
YGL098W,YLR150W,0,-0.5297073,0.12978844344615936,0.2267732322216034,0.15221522748470306
YAL002W,YBR109C,1,-0.52994573,0.13028571009635925,0.22777222096920013,0.15221522748470306
YEL039C,YIL144W,0,-0.52996516,0.13021130859851837,0.22777222096920013,0.15231522917747498
YIL119C,YLR384C,0,-0.5301925,0.13013698160648346,0.22777222096920013,0.15241524577140808
YNL326C,YNL223W,1,-0.5303047,0.13063320517539978,0.22877122461795807,0.15241524577140808
YBL072C,YMR237W,0,-0.53042245,0.13055872917175293,0.22877122461795807,0.15251524746418
YGL212W,YPL019C,1,-0.5304799,0.1310541331768036,0.229770228266716,0.15251524746418
YMR059W,YER109C,0,-0.530938,0.1309794932603836,0.229770228266716,0.1526152640581131
YKL069W,YDR438W,0,-0.5310721,0.13090495765209198,0.229770228266716,0.152715265750885
YCL051W,YBR060C,0,-0.5315757,0.13083049654960632,0.229770228266716,0.15281528234481812
YDR004W,YLR435W,0,-0.53179383,0.13075610995292664,0.229770228266716,0.15291529893875122
YEL027W,YNL223W,1,-0.5319611,0.13124999403953552,0.23076923191547394,0.15291529893875122
YOR363C,YNL180C,0,-0.5320684,0.1311754733324051,0.23076923191547394,0.15301530063152313
YDL240W,YPR007C,0,-0.5323076,0.13110102713108063,0.23076923191547394,0.15311531722545624
YOL042W,YOR357C,0,-0.5324486,0.13102665543556213,0.23076923191547394,0.15321531891822815
YMR001C,YMR156C,0,-0.5327046,0.130952388048172,0.23076923191547394,0.15331533551216125
YOL154W,YML057W,0,-0.53287673,0.13087818026542664,0.23076923191547394,0.15341533720493317
YDR057W,YER081W,0,-0.5329311,0.13080407679080963,0.23076923191547394,0.15351535379886627
YPR131C,YCL035C,0,-0.5329815,0.1307300478219986,0.23076923191547394,0.15361535549163818
YNR032C-A,YDR325W,0,-0.5329897,0.13065610826015472,0.23076923191547394,0.1537153720855713
YIR019C,YMR074C,0,-0.53318727,0.13058224320411682,0.23076923191547394,0.1538153886795044
YGL142C,YMR230W,0,-0.5336523,0.13050846755504608,0.23076923191547394,0.1539153903722763
YHR039C-A,YLR093C,1,-0.5337082,0.13099943101406097,0.23176823556423187,0.1539153903722763
YJR118C,YDR041W,0,-0.53371936,0.1309255063533783,0.23176823556423187,0.1540154069662094
YGL018C,YJR054W,0,-0.5337931,0.13085167109966278,0.23176823556423187,0.15411540865898132
YOL122C,YLR263W,0,-0.5339884,0.13077791035175323,0.23176823556423187,0.15421542525291443
YJL013C,YBR089C-A,0,-0.5341444,0.13070422410964966,0.23176823556423187,0.15431542694568634
YER176W,YDR516C,0,-0.5342356,0.13063062727451324,0.23176823556423187,0.15441544353961945
YDR229W,YBR105C,1,-0.5342449,0.13111986219882965,0.2327672392129898,0.15441544353961945
YER044C-A,YIL118W,0,-0.5343765,0.1310461163520813,0.2327672392129898,0.15451544523239136
YHR024C,YDL149W,0,-0.53451777,0.1309724599123001,0.2327672392129898,0.15461546182632446
YMR231W,YLR043C,1,-0.53472424,0.13146068155765533,0.23376622796058655,0.15461546182632446
YGR209C,YJL012C,1,-0.5347729,0.1319483369588852,0.23476523160934448,0.15461546182632446
YIL013C,YPR034W,0,-0.5348661,0.13187429308891296,0.23476523160934448,0.15471547842025757
YAL051W,YPR133C,0,-0.5348691,0.1318003386259079,0.23476523160934448,0.15481548011302948
YJR084W,YDR040C,0,-0.5351009,0.1317264586687088,0.23476523160934448,0.15491549670696259
YOR254C,YDL117W,0,-0.53518796,0.13165266811847687,0.23476523160934448,0.1550154983997345
YOR009W,YBL025W,0,-0.535419,0.1315789520740509,0.23476523160934448,0.1551155149936676
YML001W,YOR068C,1,-0.53549325,0.13206490874290466,0.23576423525810242,0.1551155149936676
YGL196W,YNL081C,0,-0.5355958,0.13199105858802795,0.23576423525810242,0.15521551668643951
YNL263C,YHR149C,0,-0.5356239,0.13191726803779602,0.23576423525810242,0.15531553328037262
YCL001W,YPL018W,0,-0.53564036,0.13184358179569244,0.23576423525810242,0.15541553497314453
YHL031C,YJR118C,0,-0.53574944,0.13176995515823364,0.23576423525810242,0.15551555156707764
YNL190W,YOR249C,0,-0.5357666,0.1316964328289032,0.23576423525810242,0.15561556816101074
YIL053W,YDR028C,0,-0.5358534,0.13162298500537872,0.23576423525810242,0.15571556985378265
YOR087W,YFR016C,0,-0.53598833,0.13154961168766022,0.23576423525810242,0.15581558644771576
YGL067W,YAL056W,0,-0.5360608,0.13147632777690887,0.23576423525810242,0.15591558814048767
YOR316C,YLR333C,0,-0.5362898,0.1314031183719635,0.23576423525810242,0.15601560473442078
YKL192C,YCR106W,0,-0.53643036,0.1313299983739853,0.23576423525810242,0.1561156064271927
YDL098C,YHR001W-A,0,-0.53665686,0.13125695288181305,0.23576423525810242,0.1562156230211258
YBL051C,YNR071C,0,-0.5368836,0.13118399679660797,0.23576423525810242,0.1563156247138977
YFL005W,YLR260W,0,-0.53689927,0.13111111521720886,0.23576423525810242,0.1564156413078308
YHR174W,YMR231W,1,-0.5369321,0.13159355521202087,0.23676323890686035,0.1564156413078308
YIL041W,YNL242W,1,-0.53709865,0.1320754736661911,0.2377622425556183,0.1564156413078308
YGR046W,YPL058C,0,-0.53722703,0.13200221955776215,0.2377622425556183,0.15651565790176392
YOR136W,YCL016C,0,-0.53723884,0.13192903995513916,0.2377622425556183,0.15661565959453583
YLR386W,YFL039C,1,-0.5373827,0.1324099749326706,0.23876124620437622,0.15661565959453583
YGL005C,YIL033C,0,-0.537693,0.13233666121959686,0.23876124620437622,0.15671567618846893
YJR117W,YCR038C,0,-0.5377288,0.1322634220123291,0.23876124620437622,0.15681567788124084
YIL156W,YGR244C,0,-0.53784823,0.1321902722120285,0.23876124620437622,0.15691569447517395
YDR212W,YPL156C,0,-0.5379893,0.13211719691753387,0.23876124620437622,0.15701569616794586
YPL045W,YBL050W,1,-0.53805804,0.1325966864824295,0.23976023495197296,0.15701569616794586
YJR102C,YKL006W,0,-0.5382626,0.13252346217632294,0.23976023495197296,0.15711571276187897
YML023C,YDR244W,0,-0.5383904,0.13245032727718353,0.23976023495197296,0.15721571445465088
YER167W,YGL129C,0,-0.53846574,0.1323772817850113,0.23976023495197296,0.15731573104858398
YNL242W,YJL178C,1,-0.5387726,0.13285556435585022,0.2407592386007309,0.15731573104858398
YHR165C,YKL077W,0,-0.53888595,0.13278236985206604,0.2407592386007309,0.1574157476425171
YDL230W,YOR101W,0,-0.5389317,0.13270924985408783,0.2407592386007309,0.157515749335289
YPL203W,YOR004W,0,-0.53895676,0.13263621926307678,0.2407592386007309,0.1576157659292221
YNL054W,YJL178C,1,-0.53925574,0.1331133097410202,0.24175824224948883,0.1576157659292221
YDL077C,YLR043C,1,-0.5393026,0.13358987867832184,0.24275724589824677,0.1576157659292221
YHR073W,YGL116W,0,-0.53969014,0.13351649045944214,0.24275724589824677,0.15771576762199402
YIL098C,YNL318C,0,-0.53970134,0.13344316184520721,0.24275724589824677,0.15781578421592712
YGL107C,YLR460C,0,-0.53972864,0.13336992263793945,0.24275724589824677,0.15791578590869904
YOR358W,YKR034W,0,-0.53979397,0.13329675793647766,0.24275724589824677,0.15801580250263214
YGR253C,YIR031C,0,-0.5398352,0.13322368264198303,0.24275724589824677,0.15811580419540405
YML045W,YJL013C,0,-0.5399425,0.13315068185329437,0.24275724589824677,0.15821582078933716
YKR075C,YDR176W,0,-0.53999007,0.13307777047157288,0.24275724589824677,0.15831583738327026
YDR439W,YDR276C,0,-0.54013646,0.13300491869449615,0.24275724589824677,0.15841583907604218
YER155C,YGR030C,0,-0.5403893,0.1329321712255478,0.24275724589824677,0.15851585566997528
YEL027W,YIL138C,1,-0.5403937,0.13340623676776886,0.2437562495470047,0.15851585566997528
YBL051C,YER060W-A,0,-0.5405562,0.13333334028720856,0.2437562495470047,0.1586158573627472
YKL145W,YHR194W,0,-0.54085875,0.13326051831245422,0.2437562495470047,0.1587158739566803
YDR229W,YJL178C,1,-0.541417,0.1337336301803589,0.24475523829460144,0.1587158739566803
YPR003C,YHR114W,0,-0.5416188,0.13366065919399261,0.24475523829460144,0.1588158756494522
YLL048C,YDL243C,0,-0.541672,0.1335877925157547,0.24475523829460144,0.15891589224338531
YGR057C,YMR050C,0,-0.54167944,0.13351498544216156,0.24475523829460144,0.15901590883731842
YMR318C,YDR246W,0,-0.5416863,0.13344226777553558,0.24475523829460144,0.15911591053009033
YLL031C,YDR328C,0,-0.5419438,0.13336962461471558,0.24475523829460144,0.15921592712402344
YGL095C,YOR326W,1,-0.54206467,0.1338411271572113,0.24575424194335938,0.15921592712402344
YHR169W,YPL203W,0,-0.5420996,0.13376834988594055,0.24575424194335938,0.15931592881679535
YLR131C,YOR113W,0,-0.54225314,0.13369564712047577,0.24575424194335938,0.15941594541072845
YLR131C,YHL035C,0,-0.54238623,0.13362303376197815,0.24575424194335938,0.15951594710350037
YKR093W,YGR165W,0,-0.54247415,0.1335504949092865,0.24575424194335938,0.15961596369743347
YHR139C,YOR319W,0,-0.5425491,0.13347803056240082,0.24575424194335938,0.15971596539020538
YDR513W,YPL130W,0,-0.54256636,0.1334056407213211,0.24575424194335938,0.1598159819841385
YBR162W-A,YBL063W,0,-0.5426609,0.13333334028720856,0.24575424194335938,0.1599159985780716
YOL098C,YKL087C,0,-0.5427158,0.13326109945774078,0.24575424194335938,0.1600160002708435
YHR001W-A,YLR007W,0,-0.5427842,0.13318894803524017,0.24575424194335938,0.1601160168647766
YIL075C,YDR178W,0,-0.5427973,0.13311688601970673,0.24575424194335938,0.16021601855754852
YBR272C,YNL111C,0,-0.5428107,0.13304488360881805,0.24575424194335938,0.16031603515148163
YDR398W,YMR133W,0,-0.5430094,0.13297297060489655,0.24575424194335938,0.16041603684425354
YDR256C,YDR227W,0,-0.5432267,0.132901132106781,0.24575424194335938,0.16051605343818665
YCL051W,YKL029C,0,-0.5432912,0.13282936811447144,0.24575424194335938,0.16061605513095856
YDR545W,YPL140C,0,-0.5433475,0.13275769352912903,0.24575424194335938,0.16071607172489166
YGL246C,YNL145W,0,-0.5433886,0.1326860785484314,0.24575424194335938,0.16081608831882477
YPL105C,YIL013C,0,-0.54381025,0.13261455297470093,0.24575424194335938,0.16091609001159668
YGL115W,YLR017W,0,-0.54411113,0.13254310190677643,0.24575424194335938,0.16101610660552979
YPR037C,YGL027C,0,-0.54447114,0.1324717253446579,0.24575424194335938,0.1611161082983017
YKR077W,YDR021W,0,-0.5444826,0.13240042328834534,0.24575424194335938,0.1612161248922348
YDL220C,YDL135C,0,-0.54453766,0.13232921063899994,0.24575424194335938,0.1613161265850067
YGL027C,YIL167W,0,-0.5448657,0.13225805759429932,0.24575424194335938,0.16141614317893982
YJL013C,YCR005C,0,-0.54496855,0.13218699395656586,0.24575424194335938,0.16151614487171173
YLL016W,YOR081C,0,-0.5449858,0.13211600482463837,0.24575424194335938,0.16161616146564484
YGL171W,YHL050C,0,-0.5451088,0.13204509019851685,0.24575424194335938,0.16171617805957794
YPR037C,YDR301W,0,-0.5451327,0.1319742500782013,0.24575424194335938,0.16181617975234985
YLR284C,YBR109C,0,-0.54519665,0.1319034844636917,0.24575424194335938,0.16191619634628296
YAL048C,YMR195W,0,-0.54521847,0.1318327933549881,0.24575424194335938,0.16201619803905487
YHR205W,YOR247W,0,-0.5452473,0.13176219165325165,0.24575424194335938,0.16211621463298798
YBR069C,YPR141C,0,-0.54526067,0.13169164955615997,0.24575424194335938,0.1622162163257599
YLR288C,YPR133C,0,-0.54527676,0.13162118196487427,0.24575424194335938,0.162316232919693
YJL059W,YBL051C,0,-0.54556024,0.13155080378055573,0.24575424194335938,0.1624162346124649
YIL037C,YDR057W,0,-0.54556835,0.13148048520088196,0.24575424194335938,0.162516251206398
YDR019C,YMR237W,0,-0.5457252,0.13141025602817535,0.24575424194335938,0.16261626780033112
YGR165W,YOR011W,0,-0.5457791,0.13134010136127472,0.24575424194335938,0.16271626949310303
YGR165W,YHL026C,0,-0.54599893,0.13127000629901886,0.24575424194335938,0.16281628608703613
YDR437W,YCL054W,0,-0.5461962,0.13120000064373016,0.24575424194335938,0.16291628777980804
YMR053C,YFL061W,0,-0.5462074,0.13113006949424744,0.24575424194335938,0.16301630437374115
YPL126W,YDR175C,0,-0.5464026,0.13106019794940948,0.24575424194335938,0.16311630606651306
YJL054W,YMR156C,0,-0.5468403,0.1309904158115387,0.24575424194335938,0.16321632266044617
YDR002W,YDL154W,0,-0.5470487,0.13092070817947388,0.24575424194335938,0.16331632435321808
YGL005C,YNL130C,0,-0.5473875,0.13085106015205383,0.24575424194335938,0.16341634094715118
YPL280W,YIL062C,0,-0.5483177,0.13078150153160095,0.24575424194335938,0.1635163575410843
YJR035W,YEL039C,0,-0.5484686,0.13071200251579285,0.24575424194335938,0.1636163592338562
YFR047C,YJL179W,0,-0.5484865,0.1306425929069519,0.24575424194335938,0.1637163758277893
YDR367W,YBL038W,0,-0.5484921,0.13057324290275574,0.24575424194335938,0.16381637752056122
YHR073W,YDR040C,0,-0.5487459,0.13050398230552673,0.24575424194335938,0.16391639411449432
YGR254W,YDR126W,1,-0.5490074,0.13096500933170319,0.2467532455921173,0.16391639411449432
YOR383C,YNL294C,0,-0.5493789,0.13089559972286224,0.2467532455921173,0.16401639580726624
YGR254W,YNR048W,0,-0.5493952,0.13082626461982727,0.2467532455921173,0.16411641240119934
YKR027W,YMR158W,0,-0.54941094,0.13075701892375946,0.2467532455921173,0.16421642899513245
YIL043C,YBR272C,0,-0.54967964,0.13068783283233643,0.2467532455921173,0.16431643068790436
YOR177C,YER178W,0,-0.54979515,0.13061872124671936,0.2467532455921173,0.16441644728183746
YML001W,YBR217W,1,-0.54984057,0.13107822835445404,0.24775224924087524,0.16441644728183746
YDR375C,YER100W,0,-0.5498775,0.13100898265838623,0.24775224924087524,0.16451644897460938
YLL016W,YDR292C,0,-0.5499302,0.1309398114681244,0.24775224924087524,0.16461646556854248
YER031C,YDR178W,0,-0.54994047,0.13087071478366852,0.24775224924087524,0.1647164672613144
YOR252W,YGR142W,0,-0.5501119,0.13080169260501862,0.24775224924087524,0.1648164838552475
YNL137C,YDR078C,0,-0.5501267,0.1307327300310135,0.24775224924087524,0.1649164855480194
YFL061W,YDR469W,0,-0.55025756,0.13066385686397552,0.24775224924087524,0.16501650214195251
YDR129C,YKL138C,0,-0.5508443,0.13059504330158234,0.24775224924087524,0.16511651873588562
YLR390W-A,YGL231C,0,-0.5508579,0.1305263191461563,0.24775224924087524,0.16521652042865753
YLR386W,YOR068C,1,-0.55088425,0.13098369538784027,0.24875125288963318,0.16521652042865753
YGR024C,YGL006W,0,-0.55096674,0.1309148222208023,0.24875125288963318,0.16531653702259064
YAL015C,YNL020C,0,-0.5509983,0.1308460384607315,0.24875125288963318,0.16541653871536255
YLR426W,YDL223C,0,-0.5512461,0.13077731430530548,0.24875125288963318,0.16551655530929565
YMR175W,YKL155C,0,-0.5513451,0.13070866465568542,0.24875125288963318,0.16561655700206757
YPR161C,YJL096W,0,-0.5514039,0.13064008951187134,0.24875125288963318,0.16571657359600067
YNL137C,YJL181W,0,-0.5518285,0.13057157397270203,0.24875125288963318,0.16581657528877258
YOR207C,YPL161C,0,-0.55195045,0.13050314784049988,0.24875125288963318,0.1659165918827057
YKL043W,YBL100W-B,0,-0.55195737,0.1304347813129425,0.24875125288963318,0.1660166084766388
YGL073W,YJL127C,0,-0.55207497,0.1303664892911911,0.24875125288963318,0.1661166101694107
YGL167C,YHR096C,0,-0.5520767,0.13029827177524567,0.24875125288963318,0.1662166267633438
YLR386W,YGR254W,1,-0.55218565,0.13075314462184906,0.2497502565383911,0.1662166267633438
YIL075C,YHR170W,0,-0.5523833,0.13068479299545288,0.2497502565383911,0.16631662845611572
YLR460C,YBL091C,0,-0.55242765,0.13061651587486267,0.2497502565383911,0.16641664505004883
YLR004C,YDR276C,0,-0.5525669,0.13054829835891724,0.2497502565383911,0.16651664674282074
YOR207C,YCL064C,0,-0.55267096,0.13048017024993896,0.2497502565383911,0.16661666333675385
YCR086W,YGR057C,0,-0.5527038,0.13041210174560547,0.2497502565383911,0.16671666502952576
YER056C,YDR009W,0,-0.55326545,0.13034410774707794,0.2497502565383911,0.16681668162345886
YNL233W,YLR466W,0,-0.5534824,0.13027618825435638,0.2497502565383911,0.16691669821739197
YDR229W,YGR209C,1,-0.553614,0.13072916865348816,0.25074926018714905,0.16691669821739197
YGR122W,YOR335C,0,-0.5542905,0.13066111505031586,0.25074926018714905,0.16701669991016388
YDR041W,YDR165W,0,-0.55436623,0.13059313595294952,0.25074926018714905,0.16711671650409698
YBL072C,YOR086C,0,-0.5544481,0.13052521646022797,0.25074926018714905,0.1672167181968689
YHR202W,YIR026C,0,-0.5545021,0.13045738637447357,0.25074926018714905,0.167316734790802
YLR293C,YDR317W,0,-0.55453527,0.13038961589336395,0.25074926018714905,0.1674167364835739
YLL031C,YGL061C,0,-0.5546211,0.1303219050168991,0.25074926018714905,0.16751675307750702
YOR363C,YDR300C,0,-0.5547626,0.13025428354740143,0.25074926018714905,0.16761675477027893
YKL197C,YNL247W,0,-0.5548012,0.13018672168254852,0.25074926018714905,0.16771677136421204
YJR048W,YDL113C,0,-0.55488265,0.1301192343235016,0.25074926018714905,0.16781678795814514
YLR185W,YLR361C,0,-0.554891,0.13005180656909943,0.25074926018714905,0.16791678965091705
YOR019W,YOR359W,0,-0.5550381,0.12998446822166443,0.25074926018714905,0.16801680624485016
YOR119C,YOR109W,0,-0.55554724,0.1299171894788742,0.25074926018714905,0.16811680793762207
YNL214W,YIR031C,0,-0.55562896,0.12984997034072876,0.25074926018714905,0.16821682453155518
YOR252W,YDR317W,0,-0.5559998,0.12978284060955048,0.25074926018714905,0.1683168262243271
YNL015W,YPL019C,1,-0.55648786,0.1302325576543808,0.251748263835907,0.1683168262243271
YML127W,YDR464W,0,-0.5566616,0.13016529381275177,0.251748263835907,0.1684168428182602
YEL027W,YHR138C,1,-0.5567535,0.13061435520648956,0.2527472674846649,0.1684168428182602
YML001W,YCL063W,1,-0.5568371,0.13106295466423035,0.25374624133110046,0.1684168428182602
YEL039C,YNL111C,0,-0.5570499,0.13099536299705505,0.25374624133110046,0.1685168445110321
YBR130C,YPL193W,0,-0.5571078,0.13092783093452454,0.25374624133110046,0.1686168611049652
YNR007C,YER072W,1,-0.55716157,0.13137558102607727,0.2547452449798584,0.1686168611049652
YER139C,YLR058C,0,-0.5573498,0.1313079297542572,0.2547452449798584,0.16871687769889832
YNL079C,YLR093C,1,-0.5575708,0.1317550241947174,0.25574424862861633,0.16871687769889832
YOR192C,YJR153W,0,-0.5576831,0.1316872388124466,0.25574424862861633,0.16881687939167023
YGR254W,YIL013C,0,-0.5576862,0.13161954283714294,0.25574424862861633,0.16891689598560333
YDL098C,YER093C,0,-0.55779016,0.13155190646648407,0.25574424862861633,0.16901689767837524
YER062C,YOL098C,0,-0.5578973,0.13148432970046997,0.25574424862861633,0.16911691427230835
YPR188C,YMR237W,0,-0.55790985,0.13141684234142303,0.25574424862861633,0.16921691596508026
YGR212W,YBR114W,0,-0.55795944,0.13134941458702087,0.25574424862861633,0.16931693255901337
YDR092W,YLR055C,0,-0.55816674,0.1312820464372635,0.25574424862861633,0.16941693425178528
YER044C-A,YNL247W,0,-0.5583457,0.13121476769447327,0.25574424862861633,0.16951695084571838
YPL140C,YIL062C,0,-0.5584572,0.13114753365516663,0.25574424862861633,0.1696169674396515
YLR315W,YBR094W,0,-0.55854386,0.13108038902282715,0.25574424862861633,0.1697169691324234
YDR080W,YBL078C,1,-0.55880535,0.13152506947517395,0.25674325227737427,0.1697169691324234
YKL134C,YHR080C,0,-0.55911565,0.13145780563354492,0.25674325227737427,0.1698169857263565
YBL038W,YGR094W,0,-0.55913424,0.13139058649539948,0.25674325227737427,0.16991698741912842
YPR068C,YKL006W,0,-0.5592067,0.1313234567642212,0.25674325227737427,0.17001700401306152
YDR256C,YLR060W,0,-0.5594834,0.13125638663768768,0.25674325227737427,0.17011700570583344
YML057W,YNR053C,0,-0.5596035,0.13118937611579895,0.25674325227737427,0.17021702229976654
YGL126W,YMR261C,0,-0.55974525,0.13112245500087738,0.25674325227737427,0.17031703889369965
YGR178C,YFL026W,0,-0.5600027,0.1310555785894394,0.25674325227737427,0.17041704058647156
YBR094W,YMR118C,0,-0.5600802,0.13098879158496857,0.25674325227737427,0.17051705718040466
YCR107W,YIL118W,0,-0.56020683,0.13092206418514252,0.25674325227737427,0.17061705887317657
YGL142C,YKR007W,0,-0.56023526,0.13085539638996124,0.25674325227737427,0.17071707546710968
YHR210C,YHR110W,0,-0.56028026,0.13078880310058594,0.25674325227737427,0.1708170771598816
YDR256C,YMR183C,0,-0.5603126,0.1307222843170166,0.25674325227737427,0.1709170937538147
YDR150W,YGR094W,0,-0.5603354,0.13065582513809204,0.25674325227737427,0.1710170954465866
YGR202C,YHR139C,0,-0.56033707,0.13058942556381226,0.25674325227737427,0.17111711204051971
YKR007W,YHL035C,0,-0.56061107,0.13052311539649963,0.25674325227737427,0.17121712863445282
YJL181W,YGL194C,0,-0.56069434,0.1304568499326706,0.25674325227737427,0.17131713032722473
YGR170W,YKL196C,0,-0.5611204,0.13039065897464752,0.25674325227737427,0.17141714692115784
YPR097W,YDR406W,0,-0.56122476,0.13032454252243042,0.25674325227737427,0.17151714861392975
YNL214W,YLR058C,0,-0.5615308,0.1302584856748581,0.25674325227737427,0.17161716520786285
YPR106W,YFL005W,0,-0.5616361,0.13019250333309174,0.25674325227737427,0.17171716690063477
YEL027W,YLR431C,1,-0.5616752,0.1306329071521759,0.2577422559261322,0.17171716690063477
YFR050C,YOR086C,0,-0.5617652,0.13056680560112,0.2577422559261322,0.17181718349456787
YMR274C,YOL009C,0,-0.5618614,0.13050076365470886,0.2577422559261322,0.17191718518733978
YOR319W,YBR168W,0,-0.56187266,0.1304347813129425,0.2577422559261322,0.1720172017812729
YDR235W,YMR035W,0,-0.5619693,0.13036887347698212,0.2577422559261322,0.172117218375206
YPR148C,YPL248C,0,-0.5621308,0.1303030252456665,0.2577422559261322,0.1722172200679779
YGR178C,YJR050W,0,-0.56214106,0.13023725152015686,0.2577422559261322,0.172317236661911
YMR015C,YKL134C,0,-0.56218797,0.130171537399292,0.2577422559261322,0.17241723835468292
YOR207C,YBR212W,0,-0.5622376,0.1301058977842331,0.2577422559261322,0.17251725494861603
YDL077C,YGR254W,1,-0.5623068,0.13054434955120087,0.25874125957489014,0.17251725494861603
YNL056W,YMR322C,0,-0.56231856,0.13047859072685242,0.25874125957489014,0.17261725664138794
YLR044C,YMR035W,0,-0.5625458,0.13041289150714874,0.25874125957489014,0.17271727323532104
YDR528W,YPL253C,0,-0.5626061,0.13034725189208984,0.25874125957489014,0.17281727492809296
YDL105W,YMR215W,0,-0.5626402,0.13028168678283691,0.25874125957489014,0.17291729152202606
YOR068C,YER072W,1,-0.5627327,0.13071896135807037,0.25974026322364807,0.17291729152202606
YGR254W,YEL013W,1,-0.5630368,0.13115577399730682,0.260739266872406,0.17291729152202606
YIL075C,YLR175W,0,-0.5630753,0.13108991086483002,0.260739266872406,0.17301730811595917
YGR254W,YNL167C,0,-0.5631242,0.1310240924358368,0.260739266872406,0.17311730980873108
YLL024C,YCR005C,0,-0.5631597,0.13095834851264954,0.260739266872406,0.17321732640266418
YJL012C,YPL100W,1,-0.5631906,0.1313941776752472,0.26173827052116394,0.17321732640266418
YGR103W,YPL097W,0,-0.563282,0.13132831454277039,0.26173827052116394,0.1733173280954361
YER093C,YGR017W,0,-0.5633189,0.13126252591609955,0.26173827052116394,0.1734173446893692
YLR167W,YMR118C,0,-0.5635098,0.1311967968940735,0.26173827052116394,0.1735173463821411
YER179W,YDR292C,0,-0.56360316,0.1311311274766922,0.26173827052116394,0.17361736297607422
YNL194C,YNL038W,0,-0.5636134,0.13106553256511688,0.26173827052116394,0.17371736466884613
YBL038W,YLL021W,0,-0.56364036,0.13099999725818634,0.26173827052116394,0.17381738126277924
YGL061C,YKL039W,0,-0.5638015,0.13093453645706177,0.26173827052116394,0.17391739785671234
YDR422C,YHR133C,0,-0.56387985,0.13086913526058197,0.26173827052116394,0.17401739954948425
YLR061W,YIL005W,0,-0.5639467,0.13080379366874695,0.26173827052116394,0.17411741614341736
YKL040C,YGR094W,0,-0.5643892,0.1307385265827179,0.26173827052116394,0.17421741783618927
YLR185W,YDR078C,0,-0.5643896,0.13067331910133362,0.26173827052116394,0.17431743443012238
YNL103W,YKL192C,0,-0.5645493,0.13060817122459412,0.26173827052116394,0.1744174361228943
YGL115W,YNR071C,0,-0.5647851,0.13054309785366058,0.26173827052116394,0.1745174527168274
YKR095W,YGL226W,0,-0.5649891,0.13047808408737183,0.26173827052116394,0.1746174544095993
YJL179W,YGL107C,0,-0.5650675,0.13041314482688904,0.26173827052116394,0.1747174710035324
YDR188W,YMR195W,0,-0.5653442,0.13034826517105103,0.26173827052116394,0.17481748759746552
YHR035W,YJL003W,0,-0.565366,0.1302834451198578,0.26173827052116394,0.17491748929023743
YGL105W,YPL233W,0,-0.5656701,0.13021868467330933,0.26173827052116394,0.17501750588417053
YPR175W,YMR050C,0,-0.5656705,0.13015399873256683,0.26173827052116394,0.17511750757694244
YML001W,YHR174W,1,-0.565735,0.13058589398860931,0.2627372741699219,0.17511750757694244
YHR024C,YPL178W,0,-0.56576264,0.13052108883857727,0.2627372741699219,0.17521752417087555
YDR007W,YDR023W,0,-0.56617427,0.13045634329319,0.2627372741699219,0.17531752586364746
YFL061W,YFR053C,0,-0.56619513,0.1303916722536087,0.2627372741699219,0.17541754245758057
YHR146W,YJL180C,0,-0.5663199,0.13032706081867218,0.2627372741699219,0.17551755905151367
YDR126W,YLR043C,1,-0.56642115,0.13075779378414154,0.2637362778186798,0.17551755905151367
YER028C,YDL134C,0,-0.56647,0.13069306313991547,0.2637362778186798,0.17561756074428558
YHR113W,YLR067C,0,-0.5664882,0.13062840700149536,0.2637362778186798,0.1757175773382187
YJR153W,YKL005C,0,-0.5667912,0.13056379556655884,0.2637362778186798,0.1758175790309906
YDL072C,YDR308C,0,-0.56699574,0.13049925863742828,0.2637362778186798,0.1759175956249237
YCR016W,YDR007W,0,-0.56711245,0.1304347813129425,0.2637362778186798,0.17601759731769562
YEL006W,YBR168W,0,-0.5671665,0.1303703635931015,0.2637362778186798,0.17611761391162872
YML101C,YLR143W,0,-0.5673019,0.13030602037906647,0.2637362778186798,0.17621761560440063
YBR109C,YBR217W,1,-0.5674609,0.13073506951332092,0.26473525166511536,0.17621761560440063
YGL115W,YPL189W,0,-0.56747305,0.13067060708999634,0.26473525166511536,0.17631763219833374
YDR023W,YPL168W,0,-0.5678854,0.13060620427131653,0.26473525166511536,0.17641764879226685
YDL154W,YDR300C,0,-0.56835335,0.1305418759584427,0.26473525166511536,0.17651765048503876
YDR080W,YBR109C,1,-0.5684171,0.13096997141838074,0.2657342553138733,0.17651765048503876
YOR045W,YNL167C,0,-0.56848514,0.13090550899505615,0.2657342553138733,0.17661766707897186
YPR155C,YGL194C,0,-0.5686099,0.13084112107753754,0.2657342553138733,0.17671766877174377
YJL181W,YER038C,0,-0.5686125,0.1307767927646637,0.2657342553138733,0.17681768536567688
YIL119C,YBR109C,0,-0.56865776,0.13071252405643463,0.2657342553138733,0.1769176870584488
YGR283C,YJL026W,0,-0.56909883,0.13064832985401154,0.2657342553138733,0.1770177036523819
YDR427W,YFL049W,0,-0.56911254,0.13058419525623322,0.2657342553138733,0.1771177053451538
YFR031C-A,YPL133C,0,-0.569224,0.13052012026309967,0.2657342553138733,0.17721772193908691
YGR174C,YDR188W,0,-0.569435,0.1304561048746109,0.2657342553138733,0.17731773853302002
YOR189W,YIL173W,0,-0.56950736,0.1303921639919281,0.2657342553138733,0.17741774022579193
YBR130C,YGL139W,0,-0.56955194,0.13032826781272888,0.2657342553138733,0.17751775681972504
YNR007C,YBR109C,1,-0.5696559,0.13075415790081024,0.2667332589626312,0.17751775681972504
YHR165C,YBR029C,0,-0.56984293,0.13069015741348267,0.2667332589626312,0.17761775851249695
YJL013C,YGL194C,0,-0.569855,0.13062621653079987,0.2667332589626312,0.17771777510643005
YGR202C,YPL198W,0,-0.5698602,0.13056235015392303,0.2667332589626312,0.17781777679920197
YKL051W,YBR109C,1,-0.5700551,0.130987286567688,0.26773226261138916,0.17781777679920197
YDR092W,YER123W,0,-0.57006013,0.1309233009815216,0.26773226261138916,0.17791779339313507
YGL126W,YBL091C,0,-0.5701938,0.130859375,0.26773226261138916,0.17801779508590698
YNR071C,YBL014C,0,-0.5701963,0.13079550862312317,0.26773226261138916,0.1781178116798401
YAR033W,YGL058W,0,-0.57032526,0.1307317018508911,0.26773226261138916,0.1782178282737732
YNL056W,YNL041C,0,-0.5707029,0.13066796958446503,0.26773226261138916,0.1783178299665451
YOL055C,YLR055C,0,-0.57075274,0.13060428202152252,0.26773226261138916,0.1784178465604782
YHR118C,YMR226C,0,-0.57080543,0.130540668964386,0.26773226261138916,0.17851784825325012
YKL045W,YPL061W,0,-0.57095647,0.13047711551189423,0.26773226261138916,0.17861786484718323
YCR105W,YDR289C,0,-0.5709655,0.13041362166404724,0.26773226261138916,0.17871786653995514
YKL150W,YLR011W,0,-0.5711696,0.13035018742084503,0.26773226261138916,0.17881788313388824
YIL013C,YDR303C,0,-0.5714148,0.1302868276834488,0.26773226261138916,0.17891788482666016
YLL024C,YCR016W,0,-0.5715989,0.13022351264953613,0.26773226261138916,0.17901790142059326
YKR053C,YIL130W,0,-0.57169986,0.13016027212142944,0.26773226261138916,0.17911791801452637
YDL105W,YDR343C,0,-0.57173425,0.13009709119796753,0.26773226261138916,0.17921791970729828
YIL041W,YDL149W,1,-0.5717535,0.13051916658878326,0.2687312662601471,0.17921791970729828
YJL003W,YDR365C,0,-0.57187736,0.1304558664560318,0.2687312662601471,0.17931793630123138
YNR032C-A,YGR057C,0,-0.5719842,0.1303926259279251,0.2687312662601471,0.1794179379940033
YPR003C,YPR046W,0,-0.5721835,0.1303294599056244,0.2687312662601471,0.1795179545879364
YPR067W,YGR097W,0,-0.5723554,0.13026633858680725,0.2687312662601471,0.1796179562807083
YGR082W,YOR330C,0,-0.5724925,0.13020329177379608,0.2687312662601471,0.17971797287464142
YGR103W,YGL087C,0,-0.5727558,0.1301403045654297,0.2687312662601471,0.17981797456741333
YDR464W,YLR220W,0,-0.57284,0.13007736206054688,0.2687312662601471,0.17991799116134644
YKR085C,YNR019W,0,-0.57285476,0.13001449406147003,0.2687312662601471,0.18001800775527954
YHR120W,YAL030W,0,-0.57290995,0.12995168566703796,0.2687312662601471,0.18011800944805145
YLR239C,YEL005C,0,-0.5730083,0.12988893687725067,0.2687312662601471,0.18021802604198456
YIL022W,YBR054W,0,-0.5731215,0.12982624769210815,0.2687312662601471,0.18031802773475647
YDL189W,YLR460C,0,-0.5731703,0.1297636330127716,0.2687312662601471,0.18041804432868958
YGR202C,YFL005W,0,-0.573189,0.12970106303691864,0.2687312662601471,0.1805180460214615
YGL095C,YJL012C,1,-0.57319605,0.13012048602104187,0.26973026990890503,0.1805180460214615
YKL194C,YNL029C,0,-0.5733822,0.13005779683589935,0.26973026990890503,0.1806180626153946
YPL137C,YDR078C,0,-0.5734109,0.1299951821565628,0.26973026990890503,0.1807180792093277
YBR114W,YDR276C,0,-0.57343346,0.12993262708187103,0.26973026990890503,0.1808180809020996
YER007C-A,YGL194C,0,-0.57351446,0.12987013161182404,0.26973026990890503,0.18091809749603271
YCR091W,YPR017C,0,-0.57359004,0.12980769574642181,0.26973026990890503,0.18101809918880463
YOR264W,YPR155C,0,-0.5738325,0.12974531948566437,0.26973026990890503,0.18111811578273773
YIL048W,YNL079C,1,-0.5738644,0.130163311958313,0.27072927355766296,0.18111811578273773
YFR016C,YOL121C,0,-0.57388985,0.130100816488266,0.27072927355766296,0.18121811747550964
YIL138C,YBR105C,1,-0.5742497,0.13051822781562805,0.2717282772064209,0.18121811747550964
YFR047C,YER041W,0,-0.57440275,0.1304556429386139,0.2717282772064209,0.18131813406944275
YML004C,YGR296W,0,-0.57442474,0.1303931027650833,0.2717282772064209,0.18141813576221466
YDR175C,YIL167W,0,-0.57445157,0.1303306221961975,0.2717282772064209,0.18151815235614777
YLL066C,YJL167W,0,-0.574479,0.13026820123195648,0.2717282772064209,0.18161816895008087
YFR014C,YBR065C,0,-0.57466984,0.13020583987236023,0.2717282772064209,0.18171817064285278
YDR204W,YHL003C,0,-0.5749247,0.13014353811740875,0.2717282772064209,0.1818181872367859
YBL087C,YCL051W,0,-0.57508403,0.13008129596710205,0.2717282772064209,0.1819181889295578
YIL019W,YNR032C-A,0,-0.5751697,0.13001911342144012,0.2717282772064209,0.1820182055234909
YDR080W,YER072W,1,-0.57528675,0.1304347813129425,0.27272728085517883,0.1820182055234909
YOR049C,YOL084W,0,-0.57534397,0.13037249445915222,0.27272728085517883,0.18211820721626282
YMR261C,YDR437W,0,-0.57539463,0.1303102672100067,0.27272728085517883,0.18221822381019592
YIL173W,YMR035W,0,-0.5754367,0.1302480846643448,0.27272728085517883,0.18231822550296783
YDR190C,YML016C,0,-0.57555604,0.13018597662448883,0.27272728085517883,0.18241824209690094
YLR083C,YDR301W,0,-0.5757096,0.13012392818927765,0.27272728085517883,0.18251825869083405
YNR032C-A,YLR220W,0,-0.5757204,0.13006193935871124,0.27272728085517883,0.18261826038360596
YDR513W,YBR107C,0,-0.575799,0.12999999523162842,0.27272728085517883,0.18271827697753906
YOR087W,YIL153W,0,-0.5758935,0.12993812561035156,0.27272728085517883,0.18281827867031097
YPL248C,YDR284C,0,-0.5759784,0.12987631559371948,0.27272728085517883,0.18291829526424408
YDR372C,YOL095C,0,-0.5763472,0.12981455028057098,0.27272728085517883,0.183018296957016
YFL061W,YLR150W,0,-0.57663476,0.12975284457206726,0.27272728085517883,0.1831183135509491
YKL016C,YER081W,0,-0.5770191,0.1296912133693695,0.27272728085517883,0.183218315243721
YFL025C,YCL064C,0,-0.5771601,0.12962962687015533,0.27272728085517883,0.1833183318376541
YPL198W,YNL161W,0,-0.5773579,0.12956809997558594,0.27272728085517883,0.18341834843158722
YLR200W,YOR009W,0,-0.5773953,0.1295066475868225,0.27272728085517883,0.18351835012435913
YNR037C,YNL161W,0,-0.5774858,0.12944523990154266,0.27272728085517883,0.18361836671829224
YFR049W,YPL161C,0,-0.57761574,0.1293838918209076,0.27272728085517883,0.18371836841106415
YJL183W,YEL019C,0,-0.57798684,0.1293226033449173,0.27272728085517883,0.18381838500499725
YMR318C,YIR019C,0,-0.5781219,0.12926135957241058,0.27272728085517883,0.18391838669776917
YNL156C,YHR157W,0,-0.5781311,0.12920019030570984,0.27272728085517883,0.18401840329170227
YHR202W,YHR193C,0,-0.5783901,0.12913906574249268,0.27272728085517883,0.18411840498447418
YDR243C,YDR135C,0,-0.57840264,0.12907801568508148,0.27272728085517883,0.1842184215784073
YNL054W,YER081W,0,-0.5784164,0.12901701033115387,0.27272728085517883,0.1843184381723404
YMR048W,YLR315W,0,-0.5784307,0.12895606458187103,0.27272728085517883,0.1844184398651123
YNL137C,YAL030W,0,-0.57845867,0.12889517843723297,0.27272728085517883,0.1845184564590454
YLL026W,YJL167W,0,-0.57848036,0.12883435189723969,0.27272728085517883,0.18461845815181732
YNL145W,YPL235W,0,-0.5785059,0.12877358496189117,0.27272728085517883,0.18471847474575043
YDR439W,YKL052C,0,-0.5785599,0.12871287763118744,0.27272728085517883,0.18481847643852234
YOR016C,YBR054W,0,-0.57877636,0.12865221500396729,0.27272728085517883,0.18491849303245544
YDL003W,YER044C-A,0,-0.5788772,0.1285916119813919,0.27272728085517883,0.18501849472522736
YMR055C,YDR057W,0,-0.57908446,0.1285310685634613,0.27272728085517883,0.18511851131916046
YFR031C-A,YIL119C,0,-0.5791162,0.12847058475017548,0.27272728085517883,0.18521852791309357
YLL006W,YGR120C,0,-0.57912767,0.12841016054153442,0.27272728085517883,0.18531852960586548
YKL197C,YHR190W,0,-0.5791298,0.12834978103637695,0.27272728085517883,0.18541854619979858
YPL116W,YCL068C,0,-0.579195,0.12828947603702545,0.27272728085517883,0.1855185478925705
YMR275C,YHR080C,0,-0.5792327,0.12822921574115753,0.27272728085517883,0.1856185644865036
YNR030W,YMR156C,0,-0.57929283,0.1281690150499344,0.27272728085517883,0.1857185661792755
YFR034C,YEL051W,0,-0.579306,0.12810887396335602,0.27272728085517883,0.18581858277320862
YOR272W,YNL063W,0,-0.57934105,0.12804877758026123,0.27272728085517883,0.18591858446598053
YDR129C,YJL216C,0,-0.5794212,0.12798874080181122,0.27272728085517883,0.18601860105991364
YJL078C,YMR009W,0,-0.5794643,0.12792877852916718,0.27272728085517883,0.18611861765384674
YPL061W,YIL005W,0,-0.57963526,0.12786884605884552,0.27272728085517883,0.18621861934661865
YOR316C,YDL117W,0,-0.57975423,0.12780898809432983,0.27272728085517883,0.18631863594055176
YAR009C,YKL048C,0,-0.579944,0.12774917483329773,0.27272728085517883,0.18641863763332367
YER093C,YLR061W,0,-0.5800135,0.1276894360780716,0.27272728085517883,0.18651865422725677
YBR109C,YDR190C,0,-0.58006716,0.12762972712516785,0.27272728085517883,0.1866186559200287
YLR360W,YGR253C,0,-0.58024454,0.12757009267807007,0.27272728085517883,0.1867186725139618
YAL051W,YIL167W,0,-0.5802851,0.12751050293445587,0.27272728085517883,0.1868186891078949
YLR052W,YOR266W,0,-0.58051157,0.12745098769664764,0.27272728085517883,0.1869186908006668
YPR188C,YKL080W,0,-0.5805359,0.1273915022611618,0.27272728085517883,0.18701870739459991
YPR174C,YDR179C,0,-0.58058035,0.12733209133148193,0.27272728085517883,0.18711870908737183
YPR161C,YMR105C,0,-0.58064413,0.12727272510528564,0.27272728085517883,0.18721872568130493
YLL048C,YBR114W,0,-0.58084905,0.12721341848373413,0.27272728085517883,0.18731872737407684
YPL215W,YIL123W,0,-0.5808742,0.1271541714668274,0.27272728085517883,0.18741874396800995
YOR266W,YLR181C,0,-0.5808885,0.12709496915340424,0.27272728085517883,0.18751874566078186
YIL156W,YOR049C,0,-0.5810138,0.12703582644462585,0.27272728085517883,0.18761876225471497
YAR033W,YPR131C,0,-0.5812657,0.12697674334049225,0.27272728085517883,0.18771877884864807
YER040W,YBR121C,0,-0.5813167,0.12691771984100342,0.27272728085517883,0.18781878054141998
YAR033W,YHR024C,0,-0.5814245,0.12685874104499817,0.27272728085517883,0.1879187971353531
YDR482C,YDR430C,0,-0.58148706,0.1267998069524765,0.27272728085517883,0.188018798828125
YPR114W,YNL029C,0,-0.58150315,0.1267409473657608,0.27272728085517883,0.1881188154220581
YGR103W,YCR018C,0,-0.5816006,0.1266821324825287,0.27272728085517883,0.18821881711483002
YNL242W,YPL045W,1,-0.5816667,0.12708720564842224,0.27372628450393677,0.18821881711483002
YOR252W,YMR205C,0,-0.5816929,0.12702828645706177,0.27372628450393677,0.18831883370876312
YGL212W,YBR109C,1,-0.5818582,0.12743280827999115,0.2747252881526947,0.18831883370876312
YER100W,YHR001W-A,0,-0.58187854,0.12737378478050232,0.2747252881526947,0.18841883540153503
YMR205C,YLR360W,0,-0.5819582,0.12731482088565826,0.2747252881526947,0.18851885199546814
YLR442C,YHR169W,0,-0.5819734,0.1272559016942978,0.2747252881526947,0.18861886858940125
YDR041W,YIL038C,0,-0.58207333,0.1271970421075821,0.2747252881526947,0.18871887028217316
YNL240C,YIL018W,0,-0.5821909,0.12713822722434998,0.2747252881526947,0.18881888687610626
YBR054W,YBR045C,0,-0.58232725,0.12707948684692383,0.2747252881526947,0.18891888856887817
YBR069C,YDR028C,0,-0.58237815,0.12702079117298126,0.2747252881526947,0.18901890516281128
YGL070C,YPR180W,0,-0.5824932,0.12696214020252228,0.2747252881526947,0.1891189068555832
YKL155C,YBR162C,0,-0.58249784,0.12690354883670807,0.2747252881526947,0.1892189234495163
YDR345C,YOL023W,0,-0.5825274,0.12684501707553864,0.2747252881526947,0.1893189251422882
YNL024C,YDR200C,0,-0.5826551,0.12678654491901398,0.2747252881526947,0.1894189417362213
YOL055C,YLR023C,0,-0.58273304,0.1267281174659729,0.2747252881526947,0.18951895833015442
YKL149C,YLL018C-A,0,-0.5827588,0.1266697347164154,0.2747252881526947,0.18961896002292633
YLR386W,YML001W,1,-0.58280253,0.1270718276500702,0.27572426199913025,0.18961896002292633
YBR268W,YGL139W,0,-0.5829196,0.12701334059238434,0.27572426199913025,0.18971897661685944
YOR241W,YNL036W,0,-0.58307034,0.12695492804050446,0.27572426199913025,0.18981897830963135
YML100W,YDL093W,0,-0.5831834,0.12689654529094696,0.27572426199913025,0.18991899490356445
YGL238W,YPL189W,0,-0.5834552,0.12683823704719543,0.27572426199913025,0.19001899659633636
YOR241W,YPL061W,0,-0.58355165,0.1267799735069275,0.27572426199913025,0.19011901319026947
YBR181C,YPL076W,0,-0.58370197,0.12672176957130432,0.27572426199913025,0.19021901488304138
YDL081C,YGL085W,0,-0.5837858,0.12666361033916473,0.27572426199913025,0.1903190314769745
YDR516C,YCR016W,0,-0.58392227,0.12660551071166992,0.27572426199913025,0.1904190480709076
YOR191W,YER177W,0,-0.5839411,0.1265474557876587,0.27572426199913025,0.1905190497636795
YAL007C,YMR156C,0,-0.58406913,0.12648946046829224,0.27572426199913025,0.1906190663576126
YDL077C,YBR080C,1,-0.5841124,0.12688960134983063,0.2767232656478882,0.1906190663576126
YPL141C,YOL095C,0,-0.58415675,0.12683150172233582,0.2767232656478882,0.19071906805038452
YBR085W,YGR165W,0,-0.58417404,0.12677346169948578,0.2767232656478882,0.19081908464431763
YKL145W,YDR437W,0,-0.58421516,0.12671546638011932,0.2767232656478882,0.19091908633708954
YCL035C,YPL254W,0,-0.5849333,0.12665751576423645,0.2767232656478882,0.19101910293102264
YGR046W,YAR009C,0,-0.58511114,0.12659963965415955,0.2767232656478882,0.19111910462379456
YBR038W,YDR004W,0,-0.5852109,0.12654179334640503,0.2767232656478882,0.19121912121772766
YDR235W,YJR117W,0,-0.5852773,0.12648402154445648,0.2767232656478882,0.19131913781166077
YHR108W,YLL026W,0,-0.5854895,0.12642629444599152,0.2767232656478882,0.19141913950443268
YGR193C,YOL084W,0,-0.5855248,0.12636861205101013,0.2767232656478882,0.19151915609836578
YOL144W,YHR033W,0,-0.5856612,0.12631098926067352,0.2767232656478882,0.1916191577911377
YOR316C,YMR153W,0,-0.5858432,0.1262534111738205,0.2767232656478882,0.1917191743850708
YJL127C,YBR149W,0,-0.58597445,0.12619589269161224,0.2767232656478882,0.1918191760778427
YHR214W,YGL064C,0,-0.5860018,0.12613843381404877,0.2767232656478882,0.19191919267177582
YLR360W,YLL014W,0,-0.5861343,0.12608101963996887,0.2767232656478882,0.19201920926570892
YGL107C,YPR046W,0,-0.58625627,0.12602366507053375,0.2767232656478882,0.19211921095848083
YML086C,YDL211C,0,-0.5862565,0.12596635520458221,0.2767232656478882,0.19221922755241394
YPL019C,YPR049C,1,-0.58640265,0.1263636350631714,0.2777222692966461,0.19221922755241394
YJL180C,YER149C,0,-0.5865499,0.1263062208890915,0.2777222692966461,0.19231922924518585
YFR047C,YER032W,0,-0.5867497,0.12624886631965637,0.2777222692966461,0.19241924583911896
YPL045W,YOR332W,1,-0.58686864,0.12664549052715302,0.27872127294540405,0.19241924583911896
YLR386W,YLR093C,1,-0.58695316,0.1270417422056198,0.279720276594162,0.19241924583911896
YFR016C,YMR001C,0,-0.58696485,0.1269841343164444,0.279720276594162,0.19251924753189087
YDR367W,YOR156C,0,-0.5869902,0.12692657113075256,0.279720276594162,0.19261926412582397
YNL221C,YBR268W,0,-0.5870198,0.1268690526485443,0.279720276594162,0.1927192658185959
YLR367W,YDR135C,0,-0.58701986,0.12681159377098083,0.279720276594162,0.192819282412529
YLR004C,YBL100W-B,0,-0.5870292,0.12675419449806213,0.279720276594162,0.1929192990064621
YEL039C,YBR094W,0,-0.5870347,0.12669683992862701,0.279720276594162,0.193019300699234
YKL033W,YDR471W,0,-0.5871954,0.12663953006267548,0.279720276594162,0.19311931729316711
YEL006W,YIL011W,0,-0.5872307,0.1265822798013687,0.279720276594162,0.19321931898593903
YPL021W,YDL117W,0,-0.5873349,0.12652507424354553,0.279720276594162,0.19331933557987213
YNL103W,YKL039W,0,-0.58765745,0.12646792829036713,0.279720276594162,0.19341933727264404
YNL246W,YLR363C,0,-0.58777046,0.1264108419418335,0.279720276594162,0.19351935386657715
YML023C,YDR176W,0,-0.58804834,0.12635378539562225,0.279720276594162,0.19361935555934906
YBR028C,YML047C,0,-0.5880594,0.12629680335521698,0.279720276594162,0.19371937215328217
YDR091C,YER123W,0,-0.5881587,0.1262398511171341,0.279720276594162,0.19381938874721527
YNL076W,YGL045W,0,-0.58836234,0.12618295848369598,0.279720276594162,0.19391939043998718
YOL059W,YPR141C,0,-0.5883645,0.12612612545490265,0.279720276594162,0.1940194070339203
YNR048W,YHR142W,0,-0.5885385,0.1260693371295929,0.279720276594162,0.1941194087266922
YGL142C,YCR018C,0,-0.5886576,0.12601260840892792,0.279720276594162,0.1942194253206253
YML045W,YOL076W,0,-0.58865976,0.12595590949058533,0.279720276594162,0.19431942701339722
YCL001W,YDR438W,0,-0.58872193,0.1258992850780487,0.279720276594162,0.19441944360733032
YNL130C,YGL198W,0,-0.58875513,0.12584269046783447,0.279720276594162,0.19451944530010223
YLR367W,YBR168W,0,-0.58899856,0.1257861703634262,0.279720276594162,0.19461946189403534
YML081W,YOR011W,0,-0.58920884,0.12572968006134033,0.279720276594162,0.19471947848796844
YLR223C,YKR089C,0,-0.58929306,0.12567324936389923,0.279720276594162,0.19481948018074036
YOR320C,YPL021W,0,-0.58938503,0.1256168633699417,0.279720276594162,0.19491949677467346
YOR045W,YJL045W,0,-0.5893942,0.12556053698062897,0.279720276594162,0.19501949846744537
YER060W-A,YGL226W,0,-0.589483,0.1255042552947998,0.279720276594162,0.19511951506137848
YHR108W,YDR289C,0,-0.58956504,0.12544803321361542,0.279720276594162,0.1952195167541504
YPR128C,YDL105W,0,-0.5895686,0.1253918558359146,0.279720276594162,0.1953195333480835
YJR049C,YPL183C,0,-0.5897254,0.1253357231616974,0.279720276594162,0.1954195350408554
YDR098C,YKL134C,0,-0.5898038,0.12527963519096375,0.279720276594162,0.1955195516347885
YGL104C,YDR092W,0,-0.589857,0.12522360682487488,0.279720276594162,0.19561956822872162
YNL167C,YPL145C,0,-0.59006035,0.1251676380634308,0.279720276594162,0.19571956992149353
YLR411W,YPL056C,0,-0.5901128,0.12511171400547028,0.279720276594162,0.19581958651542664
YDR175C,YDR002W,0,-0.59012413,0.12505583465099335,0.279720276594162,0.19591958820819855
YOL121C,YOR158W,0,-0.59013057,0.125,0.279720276594162,0.19601960480213165
YGR254W,YOR113W,0,-0.590141,0.12494422495365143,0.279720276594162,0.19611960649490356
YPL138C,YLR249W,0,-0.5901457,0.12488849461078644,0.279720276594162,0.19621962308883667
YBR217W,YLR043C,1,-0.5901598,0.12527865171432495,0.2807192802429199,0.19621962308883667
YOL098C,YER177W,0,-0.590194,0.1252228170633316,0.2807192802429199,0.19631962478160858
YLR059C,YLR023C,0,-0.59054637,0.12516704201698303,0.2807192802429199,0.1964196413755417
YAL019W,YDL046W,0,-0.59056497,0.12511131167411804,0.2807192802429199,0.1965196579694748
YCR086W,YOL095C,0,-0.59066844,0.12505562603473663,0.2807192802429199,0.1966196596622467
YOR117W,YPR100W,0,-0.59091395,0.125,0.2807192802429199,0.1967196762561798
YDR229W,YOR068C,1,-0.59092855,0.12538905441761017,0.28171828389167786,0.1967196762561798
YKL149C,YKR031C,0,-0.5910423,0.12533333897590637,0.28171828389167786,0.19681967794895172
YGL144C,YGR122W,0,-0.5912175,0.12527765333652496,0.28171828389167786,0.19691969454288483
YER072W,YIR031C,0,-0.5912368,0.12522202730178833,0.28171828389167786,0.19701969623565674
YKL045W,YER044C-A,0,-0.5912607,0.12516644597053528,0.28171828389167786,0.19711971282958984
YML081W,YHR110W,0,-0.59155285,0.1251109093427658,0.28171828389167786,0.19721971452236176
YGL058W,YPL018W,0,-0.59155405,0.1250554323196411,0.28171828389167786,0.19731973111629486
YOR380W,YGR181W,0,-0.5915569,0.125,0.28171828389167786,0.19741974771022797
YLR284C,YIL123W,0,-0.59158385,0.12494461983442307,0.28171828389167786,0.19751974940299988
YPR161C,YKR088C,0,-0.5915865,0.12488928437232971,0.28171828389167786,0.19761976599693298
YOR383C,YGR120C,0,-0.5916235,0.12483400106430054,0.28171828389167786,0.1977197676897049
YDR040C,YMR091C,0,-0.5916494,0.12477876245975494,0.28171828389167786,0.197819784283638
YML011C,YOL023W,0,-0.59165037,0.12472357600927353,0.28171828389167786,0.1979197859764099
YIL038C,YNR037C,0,-0.5916992,0.1246684342622757,0.28171828389167786,0.19801980257034302
YBR078W,YPR071W,0,-0.59176004,0.12461334466934204,0.28171828389167786,0.19811981916427612
YPL203W,YGR097W,0,-0.591808,0.12455830723047256,0.28171828389167786,0.19821982085704803
YBL087C,YNL194C,0,-0.591938,0.12450331449508667,0.28171828389167786,0.19831983745098114
YDR377W,YOR132W,0,-0.59199023,0.12444836646318436,0.28171828389167786,0.19841983914375305
YCR031C,YHR113W,0,-0.5919914,0.12439347058534622,0.28171828389167786,0.19851985573768616
YJR042W,YGL231C,0,-0.59204936,0.12433862686157227,0.28171828389167786,0.19861985743045807
YGR129W,YJL003W,0,-0.5920688,0.12428382784128189,0.28171828389167786,0.19871987402439117
YMR215W,YOR019W,0,-0.5920745,0.1242290735244751,0.28171828389167786,0.19881987571716309
YMR175W,YJL196C,0,-0.5920921,0.12417437136173248,0.28171828389167786,0.1989198923110962
YGL098W,YHL031C,0,-0.5921123,0.12411972135305405,0.28171828389167786,0.1990199089050293
YHL011C,YBR089C-A,0,-0.5921396,0.1240651085972786,0.28171828389167786,0.1991199105978012
YDR175C,YAL059W,0,-0.5921908,0.12401055544614792,0.28171828389167786,0.19921992719173431
YOR358W,YHR005C,0,-0.5924667,0.12395604699850082,0.28171828389167786,0.19931992888450623
YGL005C,YNL111C,0,-0.5926782,0.12390158325433731,0.28171828389167786,0.19941994547843933
YGL212W,YFL004W,1,-0.592959,0.12428633868694305,0.2827172875404358,0.19941994547843933
YDR345C,YCR038C,0,-0.5933473,0.12423178553581238,0.2827172875404358,0.19951994717121124
YGR205W,YJR084W,0,-0.5933527,0.12417726963758469,0.2827172875404358,0.19961996376514435
YGR046W,YMR183C,0,-0.5934535,0.12412280589342117,0.2827172875404358,0.19971996545791626
YDL106C,YDR464W,0,-0.59345686,0.12406839430332184,0.2827172875404358,0.19981998205184937
YNL045W,YLR352W,0,-0.59358287,0.12401401996612549,0.2827172875404358,0.19991999864578247
YLR390W-A,YJL127C,0,-0.59381115,0.12395970523357391,0.2827172875404358,0.20002000033855438
YCL001W,YBL091C,0,-0.5939349,0.12390542775392532,0.2827172875404358,0.2001200169324875
YGR217W,YGL129C,0,-0.59401035,0.12385120242834091,0.2827172875404358,0.2002200186252594
YBR107C,YOR271C,0,-0.5940628,0.12379702180624008,0.2827172875404358,0.2003200352191925
YHR210C,YLR258W,0,-0.5940728,0.12374289333820343,0.2827172875404358,0.20042003691196442
YOR319W,YBR301W,0,-0.5941496,0.12368880957365036,0.2827172875404358,0.20052005350589752
YPL198W,YKL134C,0,-0.5941886,0.12363477796316147,0.2827172875404358,0.20062005519866943
YDL145C,YMR118C,0,-0.5942949,0.12358078360557556,0.2827172875404358,0.20072007179260254
YDR463W,YFL011W,0,-0.5943494,0.12352684140205383,0.2827172875404358,0.20082008838653564
YOR326W,YDR126W,1,-0.5944691,0.12390924990177155,0.2837162911891937,0.20082008838653564
YHL031C,YER023W,0,-0.5949501,0.12385521084070206,0.2837162911891937,0.20092009007930756
YOL132W,YDR244W,0,-0.59501696,0.12380122393369675,0.2837162911891937,0.20102010667324066
YMR243C,YHR009C,0,-0.5952537,0.12374727427959442,0.2837162911891937,0.20112010836601257
YJR027W,YOR359W,0,-0.595575,0.12369337677955627,0.2837162911891937,0.20122012495994568
YBL050W,YOR068C,1,-0.595589,0.12407488375902176,0.28471529483795166,0.20122012495994568
YGR046W,YML047C,0,-0.59566164,0.12402088940143585,0.28471529483795166,0.2013201266527176
YGR097W,YJL179W,0,-0.5959021,0.12396693974733353,0.28471529483795166,0.2014201432466507
YDR002W,YPL189W,0,-0.5959993,0.12391304224729538,0.28471529483795166,0.2015201449394226
YJR084W,YER123W,0,-0.5960338,0.12385918945074081,0.28471529483795166,0.2016201615333557
YBR279W,YER038C,0,-0.5961236,0.12380538880825043,0.28471529483795166,0.20172017812728882
YDL106C,YJL001W,0,-0.59626436,0.12375162541866302,0.28471529483795166,0.20182017982006073
YKL069W,YOR316C,0,-0.5962964,0.1236979141831398,0.28471529483795166,0.20192019641399384
YCL068C,YDL123W,0,-0.596315,0.12364425510168076,0.28471529483795166,0.20202019810676575
YER123W,YLR249W,0,-0.5963652,0.1235906332731247,0.28471529483795166,0.20212021470069885
YJR132W,YNL056W,0,-0.59652877,0.12353706359863281,0.28471529483795166,0.20222021639347076
YBR189W,YNL214W,0,-0.5965409,0.12348353862762451,0.28471529483795166,0.20232023298740387
YNL025C,YAL026C,0,-0.5967045,0.12343005836009979,0.28471529483795166,0.20242023468017578
YGR181W,YMR237W,0,-0.5967577,0.12337662279605865,0.28471529483795166,0.2025202512741089
YHR001W-A,YCR063W,0,-0.5967827,0.1233232393860817,0.28471529483795166,0.202620267868042
YHL017W,YPR037C,0,-0.59679496,0.12326989322900772,0.28471529483795166,0.2027202695608139
YNL062C,YHR001W-A,0,-0.5971043,0.12321659922599792,0.28471529483795166,0.202820286154747
YBL050W,YJL012C,1,-0.59735876,0.12359550595283508,0.2857142984867096,0.202820286154747
YJL212C,YMR072W,0,-0.597494,0.12354211509227753,0.2857142984867096,0.20292028784751892
YBR069C,YGR178C,0,-0.59754086,0.12348877638578415,0.2857142984867096,0.20302030444145203
YBR272C,YLR352W,0,-0.59757626,0.12343547493219376,0.2857142984867096,0.20312030613422394
YDR041W,YLR068W,0,-0.59764236,0.12338222563266754,0.2857142984867096,0.20322032272815704
YKL045W,YKL141W,0,-0.59764445,0.12332902103662491,0.2857142984867096,0.20332033932209015
YGL151W,YOR271C,0,-0.5976727,0.12327586114406586,0.2857142984867096,0.20342034101486206
YLR360W,YIL062C,0,-0.5977292,0.12322274595499039,0.2857142984867096,0.20352035760879517
YLL016W,YGR097W,0,-0.59794813,0.1231696829199791,0.2857142984867096,0.20362035930156708
YNL137C,YJL069C,0,-0.5981016,0.12311665713787079,0.2857142984867096,0.20372037589550018
YIL036W,YDR365C,0,-0.59820485,0.12306368350982666,0.2857142984867096,0.2038203775882721
YOR081C,YML092C,0,-0.59823287,0.12301075458526611,0.2857142984867096,0.2039203941822052
YHR037W,YLL014W,0,-0.5984639,0.12295787036418915,0.2857142984867096,0.2040203958749771
YAL040C,YOR068C,1,-0.59872293,0.12333476543426514,0.28671327233314514,0.2040203958749771
YGR174C,YGL061C,0,-0.5987675,0.12328178435564041,0.28671327233314514,0.20412041246891022
YLL018C-A,YCL064C,0,-0.5991043,0.12322885543107986,0.28671327233314514,0.20422042906284332
YBR080C,YLR148W,1,-0.5991901,0.1236051470041275,0.2877122759819031,0.20422042906284332
YOL032W,YKL114C,0,-0.5993247,0.1235521212220192,0.2877122759819031,0.20432043075561523
YGL142C,YCL068C,0,-0.5994711,0.12349914014339447,0.2877122759819031,0.20442044734954834
YOL121C,YOR157C,0,-0.5995079,0.12344620376825333,0.2877122759819031,0.20452044904232025
YGL006W,YNL111C,0,-0.5995295,0.12339331954717636,0.2877122759819031,0.20462046563625336
YDR439W,YHR005C,0,-0.5996596,0.12334047257900238,0.2877122759819031,0.20472046732902527
YOR258W,YER005W,0,-0.5996748,0.12328767031431198,0.2877122759819031,0.20482048392295837
YGR235C,YHR157W,0,-0.5997796,0.12323492020368576,0.2877122759819031,0.20492048561573029
YIR019C,YLR382C,0,-0.5999616,0.12318220734596252,0.2877122759819031,0.2050205022096634
YLL016W,YPL075W,0,-0.60020304,0.12312953919172287,0.2877122759819031,0.2051205188035965
YML098W,YJL212C,0,-0.6006423,0.1230769231915474,0.2877122759819031,0.2052205204963684
YER177W,YER129W,0,-0.60077405,0.1230243518948555,0.2877122759819031,0.2053205370903015
YGR204W,YJR084W,0,-0.6008773,0.12297181785106659,0.2877122759819031,0.20542053878307343
YLR039C,YJL167W,0,-0.6009362,0.12291933596134186,0.2877122759819031,0.20552055537700653
YHL038C,YAL068C,0,-0.6010246,0.12286689132452011,0.2877122759819031,0.20562055706977844
YIL098C,YOR026W,0,-0.601091,0.12281449884176254,0.2877122759819031,0.20572057366371155
YBR119W,YGL049C,0,-0.60122347,0.12276215106248856,0.2877122759819031,0.20582057535648346
YMR105C,YIL018W,0,-0.6013262,0.12270984053611755,0.2877122759819031,0.20592059195041656
YLR220W,YLR092W,0,-0.6013558,0.12265758216381073,0.2877122759819031,0.20602060854434967
YBR105C,YNL079C,1,-0.6013658,0.12303107976913452,0.288711279630661,0.20602060854434967
YBR211C,YJL045W,0,-0.60141134,0.12297872453927994,0.288711279630661,0.20612061023712158
YGR082W,YLL021W,0,-0.601581,0.12292641401290894,0.288711279630661,0.2062206268310547
YFR031C-A,YDR150W,0,-0.60168767,0.12287414819002151,0.288711279630661,0.2063206285238266
YKL045W,YOR068C,0,-0.6018522,0.12282192707061768,0.288711279630661,0.2064206451177597
YER139C,YKL132C,0,-0.6018883,0.12276975065469742,0.288711279630661,0.20652064681053162
YCL068C,YBR254C,0,-0.6019462,0.12271761894226074,0.288711279630661,0.20662066340446472
YLR185W,YHR033W,0,-0.6020833,0.12266553193330765,0.288711279630661,0.20672066509723663
YNL103W,YDR500C,0,-0.6023202,0.12261348962783813,0.288711279630661,0.20682068169116974
YAL028W,YER023W,0,-0.60247433,0.1225614920258522,0.288711279630661,0.20692069828510284
YGR235C,YAL030W,0,-0.60255146,0.12250953912734985,0.288711279630661,0.20702069997787476
YMR232W,YHR142W,0,-0.60260594,0.12245762348175049,0.288711279630661,0.20712071657180786
YPR134W,YDR399W,0,-0.60277736,0.1224057599902153,0.288711279630661,0.20722071826457977
YDR545W,YJR123W,0,-0.6028328,0.1223539337515831,0.288711279630661,0.20732073485851288
YML067C,YNL130C,0,-0.60309076,0.12230215966701508,0.288711279630661,0.2074207365512848
YBL038W,YOR195W,0,-0.60310066,0.12225042283535004,0.288711279630661,0.2075207531452179
YEL018W,YBR295W,0,-0.60328984,0.12219873070716858,0.288711279630661,0.2076207548379898
YDR377W,YLR194C,0,-0.60332143,0.1221470832824707,0.288711279630661,0.2077207714319229
YML001W,YLR396C,1,-0.60348916,0.12251795828342438,0.28971028327941895,0.2077207714319229
YJL059W,YML120C,0,-0.60354125,0.12246621400117874,0.28971028327941895,0.20782078802585602
YNR032C-A,YJL174W,0,-0.6035624,0.12241452187299728,0.28971028327941895,0.20792078971862793
YCR045C,YLL026W,0,-0.6037605,0.12236286699771881,0.28971028327941895,0.20802080631256104
YOR177C,YDR375C,0,-0.603776,0.12231126427650452,0.28971028327941895,0.20812080800533295
YIL156W,YOR383C,0,-0.6038027,0.1222596988081932,0.28971028327941895,0.20822082459926605
YDR490C,YOR189W,0,-0.60382855,0.12220817804336548,0.28971028327941895,0.20832082629203796
YPR173C,YMR230W,0,-0.6038908,0.12215669453144073,0.28971028327941895,0.20842084288597107
YPL193W,YNL055C,0,-0.60402095,0.12210526317358017,0.28971028327941895,0.20852085947990417
YFR031C-A,YDR325W,0,-0.60405827,0.12205386906862259,0.28971028327941895,0.2086208611726761
YJL162C,YPL203W,0,-0.60411835,0.12200252711772919,0.28971028327941895,0.2087208777666092
YER040W,YLL057C,0,-0.60426056,0.12195122241973877,0.28971028327941895,0.2088208794593811
YOR320C,YPL253C,0,-0.6042675,0.12189995497465134,0.28971028327941895,0.2089208960533142
YMR118C,YPL189W,0,-0.6043682,0.12184873968362808,0.28971028327941895,0.20902089774608612
YML133C,YER149C,0,-0.60456765,0.12179756164550781,0.28971028327941895,0.20912091434001923
YCL016C,YDR381W,0,-0.6046246,0.12174642831087112,0.28971028327941895,0.20922091603279114
YBR279W,YER023W,0,-0.60474527,0.12169533967971802,0.28971028327941895,0.20932093262672424
YOL069W,YER044C-A,0,-0.6059061,0.12164429575204849,0.28971028327941895,0.20942094922065735
YLR417W,YIL173W,0,-0.6059522,0.12159328907728195,0.28971028327941895,0.20952095091342926
YOR091W,YAL026C,0,-0.6061552,0.12154232710599899,0.28971028327941895,0.20962096750736237
YKL062W,YML102W,0,-0.6066154,0.12149140983819962,0.28971028327941895,0.20972096920013428
YML057W,YLR175W,0,-0.60674524,0.12144053727388382,0.28971028327941895,0.20982098579406738
YDL098C,YHR194W,0,-0.60675955,0.12138970196247101,0.28971028327941895,0.2099209874868393
YDL124W,YKR088C,0,-0.6068059,0.12133891135454178,0.28971028327941895,0.2100210040807724
YOR068C,YBL078C,1,-0.60695827,0.12170639634132385,0.2907092869281769,0.2100210040807724
YHL017W,YOR032C,0,-0.60700715,0.12165551632642746,0.2907092869281769,0.2101210057735443
YML041C,YFR014C,0,-0.60715544,0.12160468101501465,0.2907092869281769,0.21022102236747742
YOR326W,YLR043C,1,-0.60776,0.12197159230709076,0.2917082905769348,0.21022102236747742
YDR145W,YGR094W,0,-0.6077943,0.12192066758871078,0.2917082905769348,0.21032103896141052
YPL019C,YNL054W,1,-0.6078791,0.12228714674711227,0.29270729422569275,0.21032103896141052
YPR007C,YPL179W,0,-0.60792375,0.12223612517118454,0.29270729422569275,0.21042104065418243
YPL169C,YDR028C,0,-0.6080712,0.12218515574932098,0.29270729422569275,0.21052105724811554
YFL061W,YOR158W,0,-0.60823417,0.12213422358036041,0.29270729422569275,0.21062105894088745
YMR175W,YEL051W,0,-0.6082346,0.12208333611488342,0.29270729422569275,0.21072107553482056
YEL039C,YHL015W,0,-0.6082809,0.12203248590230942,0.29270729422569275,0.21082107722759247
YNL145W,YGL018C,0,-0.60835826,0.121981680393219,0.29270729422569275,0.21092109382152557
YDR080W,YHR114W,0,-0.6087043,0.12193091958761215,0.29270729422569275,0.21102109551429749
YBR153W,YDR516C,0,-0.60880053,0.1218801960349083,0.29270729422569275,0.2111211121082306
YIL156W,YKL043W,0,-0.60894144,0.12182952463626862,0.29270729422569275,0.2112211287021637
YDR175C,YOR271C,0,-0.60903853,0.12177888303995132,0.29270729422569275,0.2113211303949356
YIL041W,YPL045W,1,-0.6090659,0.12214374542236328,0.2937062978744507,0.2113211303949356
YER177W,YGL151W,0,-0.60938597,0.12209302186965942,0.2937062978744507,0.2114211469888687
YDR343C,YLR054C,0,-0.6094421,0.12204234302043915,0.2937062978744507,0.21152114868164062
YBR189W,YML102W,0,-0.60949,0.12199170142412186,0.2937062978744507,0.21162116527557373
YDL077C,YPL019C,1,-0.60953355,0.1223558709025383,0.2947053015232086,0.21162116527557373
YBR086C,YGR253C,0,-0.6095774,0.12230513989925385,0.2947053015232086,0.21172116696834564
YDR323C,YNL031C,0,-0.609599,0.12225445359945297,0.2947053015232086,0.21182118356227875
YPL221W,YCR038C,0,-0.609699,0.12220381200313568,0.2947053015232086,0.21192118525505066
YHL011C,YNL036W,0,-0.6098213,0.12215320765972137,0.2947053015232086,0.21202120184898376
YDR217C,YKL138C,0,-0.60987675,0.12210264801979065,0.2947053015232086,0.21212121844291687
YPR134W,YGR170W,0,-0.6099155,0.1220521330833435,0.2947053015232086,0.21222122013568878
YDR078C,YDL012C,0,-0.6100787,0.12200165539979935,0.2947053015232086,0.2123212367296219
YPL233W,YJR096W,0,-0.6101173,0.12195122241973877,0.2947053015232086,0.2124212384223938
YCR105W,YBR005W,0,-0.6101612,0.12190082669258118,0.2947053015232086,0.2125212550163269
YJR042W,YNL076W,0,-0.6101749,0.12185047566890717,0.2947053015232086,0.21262125670909882
YKR053C,YGR138C,0,-0.61034405,0.12180016189813614,0.2947053015232086,0.21272127330303192
YLL016W,YOR060C,0,-0.6105709,0.12174990028142929,0.2947053015232086,0.21282127499580383
YHR174W,YNL054W,1,-0.6106327,0.1221122145652771,0.29570430517196655,0.21282127499580383
YHR170W,YIL167W,0,-0.61070645,0.12206185609102249,0.29570430517196655,0.21292129158973694
YPL036W,YDR464W,0,-0.6109099,0.12201154232025146,0.29570430517196655,0.21302130818367004
YOR048C,YLR054C,0,-0.61091614,0.12196126580238342,0.29570430517196655,0.21312130987644196
YML016C,YLL014W,0,-0.61095333,0.12191104143857956,0.29570430517196655,0.21322132647037506
YGL073W,YMR001C,0,-0.6110244,0.12186084687709808,0.29570430517196655,0.21332132816314697
YNL025C,YER041W,0,-0.61103237,0.12181069701910019,0.29570430517196655,0.21342134475708008
YLR259C,YDR110W,0,-0.61112404,0.12176059186458588,0.29570430517196655,0.213521346449852
YOR193W,YPL058C,0,-0.6111976,0.12171052396297455,0.29570430517196655,0.2136213630437851
YGR253C,YLR001C,0,-0.6114051,0.1216605007648468,0.29570430517196655,0.213721364736557
YDR381W,YDR395W,0,-0.61146796,0.12161051481962204,0.29570430517196655,0.2138213813304901
YML133C,YOL084W,0,-0.61147547,0.12156057357788086,0.29570430517196655,0.21392139792442322
YGL192W,YDR317W,0,-0.6115017,0.12151066958904266,0.29570430517196655,0.21402139961719513
YBR085W,YBR049C,0,-0.6115745,0.12146081030368805,0.29570430517196655,0.21412141621112823
YDL235C,YOR266W,0,-0.6116356,0.12141099572181702,0.29570430517196655,0.21422141790390015
YNL183C,YBR045C,0,-0.61164355,0.12136121094226837,0.29570430517196655,0.21432143449783325
YDL235C,YLR315W,0,-0.61170423,0.1213114783167839,0.29570430517196655,0.21442143619060516
YDR212W,YJL216C,0,-0.61171055,0.12126177549362183,0.29570430517196655,0.21452145278453827
YCR016W,YNL063W,0,-0.611729,0.12121212482452393,0.29570430517196655,0.21462146937847137
YMR175W,YMR125W,0,-0.611778,0.12116250395774841,0.29570430517196655,0.2147214710712433
YDR235W,YHR210C,0,-0.61188173,0.12111292779445648,0.29570430517196655,0.2148214876651764
YHR154W,YHR138C,0,-0.6121663,0.12106339633464813,0.29570430517196655,0.2149214893579483
YDR381W,YKL043W,0,-0.6121887,0.12101390212774277,0.29570430517196655,0.2150215059518814
YPR007C,YLR292C,0,-0.6122882,0.12096444517374039,0.29570430517196655,0.21512150764465332
YMR105C,YNR059W,0,-0.6123482,0.12091503292322159,0.29570430517196655,0.21522152423858643
YPL280W,YOR207C,0,-0.6124214,0.12086565792560577,0.29570430517196655,0.21532152593135834
YLR148W,YLR093C,1,-0.61242366,0.12122449278831482,0.2967033088207245,0.21532152593135834
YPR148C,YIL148W,0,-0.61256576,0.12117502838373184,0.2967033088207245,0.21542154252529144
YGR244C,YLL057C,0,-0.6126231,0.12112560868263245,0.2967033088207245,0.21552155911922455
YFL025C,YDR343C,0,-0.6127044,0.12107623368501663,0.2967033088207245,0.21562156081199646
YLR386W,YNL079C,1,-0.61285007,0.12143439054489136,0.2977023124694824,0.21562156081199646
YHR169W,YFR040W,0,-0.612926,0.12138492614030838,0.2977023124694824,0.21572157740592957
YAL068C,YHR114W,0,-0.61318934,0.12133550643920898,0.2977023124694824,0.21582157909870148
YDR039C,YOR358W,0,-0.61326694,0.12128612399101257,0.2977023124694824,0.21592159569263458
YGL104C,YJL183W,0,-0.61340165,0.12123677879571915,0.2977023124694824,0.2160215973854065
YML092C,YNL059C,0,-0.6134199,0.1211874783039093,0.2977023124694824,0.2161216139793396
YGR017W,YBR015C,0,-0.6134714,0.12113821506500244,0.2977023124694824,0.2162216156721115
YAL040C,YLR043C,1,-0.6135361,0.1214953288435936,0.29870128631591797,0.2162216156721115
YFL061W,YPR105C,0,-0.6135453,0.12144597619771957,0.29870128631591797,0.21632163226604462
YFL026W,YKL040C,0,-0.61354995,0.12139666825532913,0.29870128631591797,0.21642164885997772
YDL240W,YNL318C,0,-0.6136558,0.12134740501642227,0.29870128631591797,0.21652165055274963
YBR054W,YDR201W,0,-0.6139594,0.1212981715798378,0.29870128631591797,0.21662166714668274
YHL025W,YCR038C,0,-0.61402166,0.12124898284673691,0.29870128631591797,0.21672166883945465
YOL122C,YLL014W,0,-0.6140604,0.1211998388171196,0.29870128631591797,0.21682168543338776
YFR010W,YMR050C,0,-0.6142889,0.12115073204040527,0.29870128631591797,0.21692168712615967
YDR007W,YPR057W,0,-0.61429226,0.12110166251659393,0.29870128631591797,0.21702170372009277
YEL001C,YGL087C,0,-0.61450565,0.12105263024568558,0.29870128631591797,0.21712170541286469
YLR284C,YDR045C,0,-0.6148503,0.1210036426782608,0.29870128631591797,0.2172217220067978
YHR201C,YGR122W,0,-0.6150389,0.12095469236373901,0.29870128631591797,0.2173217386007309
YOR117W,YDR039C,0,-0.61530507,0.12090577930212021,0.29870128631591797,0.2174217402935028
YOR027W,YMR220W,0,-0.6153159,0.12085691094398499,0.29870128631591797,0.2175217568874359
YBR208C,YBR168W,0,-0.6154105,0.12080807983875275,0.29870128631591797,0.21762175858020782
YOL020W,YDR528W,0,-0.6154686,0.12075928598642349,0.29870128631591797,0.21772177517414093
YPR143W,YPL040C,0,-0.61604774,0.12071053683757782,0.29870128631591797,0.21782177686691284
YIL119C,YGL049C,0,-0.61608505,0.12066182494163513,0.29870128631591797,0.21792179346084595
YGL073W,YHL050C,0,-0.616145,0.12061315029859543,0.29870128631591797,0.21802179515361786
YOR326W,YNL079C,1,-0.6162237,0.12096773833036423,0.2997002899646759,0.21802179515361786
YLR315W,YKL077W,0,-0.6162337,0.12091898173093796,0.2997002899646759,0.21812181174755096
YKL191W,YDR276C,0,-0.61624134,0.12087026238441467,0.2997002899646759,0.21822182834148407
YJR027W,YHR037W,0,-0.616431,0.12082158774137497,0.2997002899646759,0.21832183003425598
YER056C,YFL061W,0,-0.6164526,0.12077295035123825,0.2997002899646759,0.2184218466281891
YBR248C,YOR086C,0,-0.61648643,0.12072434276342392,0.2997002899646759,0.218521848320961
YOR191W,YDR325W,0,-0.61691403,0.12067578732967377,0.2997002899646759,0.2186218649148941
YPL120W,YIL173W,0,-0.6170627,0.120627261698246,0.2997002899646759,0.21872186660766602
YEL005C,YLR143W,0,-0.61715364,0.12057878077030182,0.2997002899646759,0.21882188320159912
YNL326C,YGR209C,1,-0.6172497,0.12093210220336914,0.30069929361343384,0.21882188320159912
YOR250C,YGR224W,0,-0.61763537,0.1208835318684578,0.30069929361343384,0.21892188489437103
YPR134W,YGL105W,0,-0.617642,0.12083500623703003,0.30069929361343384,0.21902190148830414
YPL215W,YOR004W,0,-0.61770666,0.12078651785850525,0.30069929361343384,0.21912191808223724
YOR027W,YKL063C,0,-0.61771333,0.12073806673288345,0.30069929361343384,0.21922191977500916
YHR122W,YIR019C,0,-0.6178232,0.12068965286016464,0.30069929361343384,0.21932193636894226
YLR075W,YGL045W,0,-0.61795706,0.12064128369092941,0.30069929361343384,0.21942193806171417
YOR192C,YLR313C,0,-0.61816126,0.12059295177459717,0.30069929361343384,0.21952195465564728
YNL015W,YLR043C,1,-0.6184789,0.12094513326883316,0.3016982972621918,0.21952195465564728
YIL036W,YIL096C,0,-0.6187811,0.12089671939611435,0.3016982972621918,0.2196219563484192
YAL002W,YKL063C,0,-0.61882925,0.12084834277629852,0.3016982972621918,0.2197219729423523
YJR120W,YKR064W,0,-0.61883146,0.12080000340938568,0.3016982972621918,0.2198219895362854
YER005W,YLR263W,0,-0.6188878,0.12075170129537582,0.3016982972621918,0.2199219912290573
YIL022W,YOL042W,0,-0.6189927,0.12070343643426895,0.3016982972621918,0.22002200782299042
YJR042W,YLR190W,0,-0.61906826,0.12065521627664566,0.3016982972621918,0.22012200951576233
YGR181W,YMR131C,0,-0.6192384,0.12060702592134476,0.3016982972621918,0.22022202610969543
YLR102C,YJL180C,0,-0.619262,0.12055888026952744,0.3016982972621918,0.22032202780246735
YPR173C,YHR073W,0,-0.6193417,0.1205107718706131,0.3016982972621918,0.22042204439640045
YLR085C,YDL139C,0,-0.6193888,0.12046270072460175,0.3016982972621918,0.22052204608917236
YFL056C,YPL137C,0,-0.6194812,0.12041467428207397,0.3016982972621918,0.22062206268310547
YJR027W,YNL180C,0,-0.6195608,0.12036667764186859,0.3016982972621918,0.22072207927703857
YPL233W,YDL076C,0,-0.6200603,0.12031872570514679,0.3016982972621918,0.22082208096981049
YFR010W,YGR094W,0,-0.6200629,0.12027081102132797,0.3016982972621918,0.2209220975637436
YLR148W,YBR109C,1,-0.6203284,0.12062101811170578,0.3026973009109497,0.2209220975637436
YLR239C,YPR174C,0,-0.6204185,0.1205730214715004,0.3026973009109497,0.2210220992565155
YJR117W,YOR249C,0,-0.6204475,0.120525062084198,0.3026973009109497,0.2211221158504486
YEL019C,YEL024W,0,-0.620703,0.12047713994979858,0.3026973009109497,0.22122211754322052
YGL243W,YPR003C,0,-0.6208328,0.12042925506830215,0.3026973009109497,0.22132213413715363
YDR303C,YPL189W,0,-0.6208718,0.12038140743970871,0.3026973009109497,0.22142213582992554
YKR078W,YNL036W,0,-0.6209514,0.12033359706401825,0.3026973009109497,0.22152215242385864
YAR009C,YBR089C-A,0,-0.62113667,0.12028583139181137,0.3026973009109497,0.22162216901779175
YMR232W,YDL018C,0,-0.62129474,0.12023809552192688,0.3026973009109497,0.22172217071056366
YML001W,YMR231W,1,-0.6214107,0.1205870658159256,0.30369630455970764,0.22172217071056366
YHR142W,YMR156C,0,-0.6214894,0.12053925544023514,0.30369630455970764,0.22182218730449677
YCR024C,YIL005W,0,-0.62158644,0.12049147486686707,0.30369630455970764,0.22192218899726868
YDR080W,YJL178C,1,-0.62175703,0.12083993852138519,0.3046953082084656,0.22192218899726868
YDR323C,YGL076C,0,-0.6218418,0.12079207599163055,0.3046953082084656,0.22202220559120178
YKR093W,YNL031C,0,-0.6219377,0.1207442581653595,0.3046953082084656,0.2221222072839737
YGL127C,YGL111W,0,-0.6221247,0.12069647759199142,0.3046953082084656,0.2222222238779068
YDR007W,YHR118C,0,-0.62220216,0.12064873427152634,0.3046953082084656,0.2223222255706787
YEL019C,YEL039C,0,-0.62232774,0.12060102820396423,0.3046953082084656,0.22242224216461182
YPL171C,YPR105C,0,-0.6224402,0.12055335938930511,0.3046953082084656,0.22252225875854492
YER063W,YOR249C,0,-0.6225785,0.12050572782754898,0.3046953082084656,0.22262226045131683
YLR093C,YPL254W,0,-0.6226633,0.12045813351869583,0.3046953082084656,0.22272227704524994
YDR490C,YPL225W,0,-0.6226642,0.12041058391332626,0.3046953082084656,0.22282227873802185
YER081W,YBL047C,0,-0.6226951,0.12036306411027908,0.3046953082084656,0.22292229533195496
YBR065C,YPL135W,0,-0.6228163,0.12031558156013489,0.3046953082084656,0.22302229702472687
YMR055C,YGR165W,0,-0.62287545,0.12026813626289368,0.3046953082084656,0.22312231361865997
YOR027W,YBL091C,0,-0.6229297,0.12022073566913605,0.3046953082084656,0.22322231531143188
YER063W,YML013W,0,-0.62313044,0.1201733648777008,0.3046953082084656,0.223322331905365
YLR039C,YKL080W,0,-0.62320626,0.12012603133916855,0.3046953082084656,0.2234223484992981
YFR010W,YLR181C,0,-0.6232115,0.12007874250411987,0.3046953082084656,0.22352235019207
YNL183C,YGL045W,0,-0.6232326,0.12003148347139359,0.3046953082084656,0.2236223667860031
YDR039C,YLL067C,0,-0.6232531,0.11998426169157028,0.3046953082084656,0.22372236847877502
YDR127W,YNL111C,0,-0.6234644,0.11993708461523056,0.3046953082084656,0.22382238507270813
YNL024C,YJL196C,0,-0.6236766,0.11988993734121323,0.3046953082084656,0.22392238676548004
YIL119C,YIL018W,0,-0.62374663,0.11984282732009888,0.3046953082084656,0.22402240335941315
YAR033W,YOR101W,0,-0.62379014,0.11979575455188751,0.3046953082084656,0.22412240505218506
YLR396C,YHR174W,1,-0.6239356,0.12014134228229523,0.3056943118572235,0.22412240505218506
YAL011W,YPL013C,0,-0.62412775,0.1200941950082779,0.3056943118572235,0.22422242164611816
YNL048W,YER032W,0,-0.6241359,0.12004707753658295,0.3056943118572235,0.22432243824005127
YIL052C,YGL219C,0,-0.62415946,0.11999999731779099,0.3056943118572235,0.22442243993282318
YMR192W,YDR150W,0,-0.6241653,0.1199529618024826,0.3056943118572235,0.2245224565267563
YDL149W,YOR068C,1,-0.62424886,0.12029780447483063,0.30669331550598145,0.2245224565267563
YJL059W,YOR026W,0,-0.6242649,0.12025068700313568,0.30669331550598145,0.2246224582195282
YKL194C,YCR065W,0,-0.6242894,0.12020359933376312,0.30669331550598145,0.2247224748134613
YIL041W,YGL180W,1,-0.6244978,0.12054794281721115,0.3076923191547394,0.2247224748134613
YDL149W,YEL013W,1,-0.62467754,0.12089201807975769,0.3086913228034973,0.2247224748134613
YKL051W,YKL087C,0,-0.6247071,0.12084473669528961,0.3086913228034973,0.22482247650623322
YKR093W,YPR133C,0,-0.6250908,0.12079750001430511,0.3086913228034973,0.22492249310016632
YBL013W,YMR195W,0,-0.625172,0.120750293135643,0.3086913228034973,0.22502250969409943
YPL209C,YJL180C,0,-0.62517536,0.12070312350988388,0.3086913228034973,0.22512251138687134
YPL058C,YBR212W,0,-0.62525296,0.12065599113702774,0.3086913228034973,0.22522252798080444
YLR052W,YIL144W,0,-0.6252806,0.12060889601707458,0.3086913228034973,0.22532252967357635
YDR513W,YHR120W,0,-0.6253526,0.12056183815002441,0.3086913228034973,0.22542254626750946
YCR091W,YNL111C,0,-0.6253608,0.12051481753587723,0.3086913228034973,0.22552254796028137
YPL225W,YLR328W,0,-0.62547195,0.12046783417463303,0.3086913228034973,0.22562256455421448
YBR085W,YJL001W,0,-0.6255691,0.12042088806629181,0.3086913228034973,0.2257225662469864
YDR127W,YDL235C,0,-0.6256392,0.12037397921085358,0.3086913228034973,0.2258225828409195
YNL063W,YKR083C,0,-0.62576437,0.12032710015773773,0.3086913228034973,0.2259225994348526
YNL288W,YGL192W,0,-0.62586296,0.12028026580810547,0.3086913228034973,0.2260226011276245
YER031C,YGL061C,0,-0.62587523,0.1202334612607956,0.3086913228034973,0.22612261772155762
YDR235W,YPL225W,0,-0.6259695,0.1201867014169693,0.3086913228034973,0.22622261941432953
YGL045W,YOR086C,0,-0.62600076,0.1201399713754654,0.3086913228034973,0.22632263600826263
YOR258W,YHR120W,0,-0.626624,0.12009327858686447,0.3086913228034973,0.22642263770103455
YGR254W,YLR431C,1,-0.62665415,0.12043511867523193,0.30969029664993286,0.22642263770103455
YHR210C,YLR118C,0,-0.62677574,0.12038835138082504,0.30969029664993286,0.22652265429496765
YCR031C,YDR317W,0,-0.6268282,0.12034161388874054,0.30969029664993286,0.22662265598773956
YLR367W,YBR149W,0,-0.62697923,0.12029491364955902,0.30969029664993286,0.22672267258167267
YPR173C,YPL161C,0,-0.6271132,0.12024825811386108,0.30969029664993286,0.22682268917560577
YFR047C,YPR055W,0,-0.6272353,0.12020162492990494,0.30969029664993286,0.22692269086837769
YDL135C,YGL107C,0,-0.62737226,0.12015503644943237,0.30969029664993286,0.2270227074623108
YLR258W,YNL038W,0,-0.6274109,0.12010848522186279,0.30969029664993286,0.2271227091550827
YFR038W,YCR005C,0,-0.62741446,0.1200619637966156,0.30969029664993286,0.2272227257490158
YPL001W,YPL234C,0,-0.6274165,0.12001548707485199,0.30969029664993286,0.22732272744178772
YOR247W,YBL008W,0,-0.62760985,0.11996904015541077,0.30969029664993286,0.22742274403572083
YMR274C,YHR090C,0,-0.62762535,0.11992263048887253,0.30969029664993286,0.22752274572849274
YGR024C,YMR274C,0,-0.6276294,0.11987625807523727,0.30969029664993286,0.22762276232242584
YHR110W,YER167W,0,-0.627911,0.11982991546392441,0.30969029664993286,0.22772277891635895
YOL011W,YDR040C,0,-0.6281712,0.11978361755609512,0.30969029664993286,0.22782278060913086
YBL100W-B,YPL061W,0,-0.62831545,0.11973734945058823,0.30969029664993286,0.22792279720306396
YPL168W,YNR030W,0,-0.6284411,0.11969111859798431,0.30969029664993286,0.22802279889583588
YIL144W,YPL063W,0,-0.62865055,0.11964492499828339,0.30969029664993286,0.22812281548976898
YLR293C,YDR438W,0,-0.6287099,0.11959876865148544,0.30969029664993286,0.2282228171825409
YGR205W,YKL081W,0,-0.62875164,0.11955264210700989,0.30969029664993286,0.228322833776474
YDR545W,YPL040C,0,-0.6287831,0.11950655281543732,0.30969029664993286,0.2284228354692459
YNL221C,YGL127C,0,-0.62900674,0.11946050077676773,0.30969029664993286,0.22852285206317902
YLL016W,YLR460C,0,-0.62905025,0.11941448599100113,0.30969029664993286,0.22862286865711212
YPL036W,YDR217C,0,-0.62907815,0.11936850100755692,0.30969029664993286,0.22872287034988403
YLR386W,YCL063W,1,-0.6293454,0.11970746517181396,0.3106893002986908,0.22872287034988403
YIL173W,YJR096W,0,-0.6293857,0.11966140568256378,0.3106893002986908,0.22882288694381714
YPL021W,YGL151W,0,-0.6294229,0.11961538344621658,0.3106893002986908,0.22892288863658905
YPL221W,YDR019C,0,-0.6295079,0.11956939846277237,0.3106893002986908,0.22902290523052216
YPL210C,YDL087C,0,-0.6297176,0.11952344328165054,0.3106893002986908,0.22912290692329407
YLR347C,YOL126C,0,-0.62975,0.1194775253534317,0.3106893002986908,0.22922292351722717
YOR192C,YLR337C,0,-0.629756,0.11943164467811584,0.3106893002986908,0.22932292520999908
YGL107C,YGL194C,0,-0.6298505,0.11938579380512238,0.3106893002986908,0.2294229418039322
YPL161C,YHR080C,0,-0.63012826,0.11933998763561249,0.3106893002986908,0.2295229583978653
YCL017C,YDR280W,0,-0.6301335,0.11929421126842499,0.3106893002986908,0.2296229600906372
YPL234C,YMR158W,0,-0.6301733,0.11924846470355988,0.3106893002986908,0.2297229766845703
YGL028C,YOL052C-A,0,-0.6301781,0.11920276284217834,0.3106893002986908,0.22982297837734222
YAL040C,YLR423C,1,-0.6301849,0.11954022943973541,0.31168830394744873,0.22982297837734222
YPR049C,YLR093C,1,-0.6303073,0.11987744271755219,0.31268730759620667,0.22982297837734222
YDR039C,YPL254W,0,-0.6304456,0.11983154714107513,0.31268730759620667,0.22992299497127533
YAL051W,YLR466W,0,-0.63050044,0.11978568881750107,0.31268730759620667,0.23002299666404724
YBL013W,YKR085C,0,-0.63066196,0.11973986029624939,0.31268730759620667,0.23012301325798035
YOR262W,YKL054C,0,-0.6307485,0.1196940690279007,0.31268730759620667,0.23022301495075226
YGR235C,YOR011W,0,-0.63086665,0.11964831501245499,0.31268730759620667,0.23032303154468536
YGL006W,YOR004W,0,-0.6311321,0.11960259824991226,0.31268730759620667,0.23042304813861847
YHL017W,YDL046W,0,-0.6314013,0.11955691128969193,0.31268730759620667,0.23052304983139038
YOR045W,YFR040W,0,-0.63151526,0.11951126158237457,0.31268730759620667,0.2306230664253235
YML120C,YKL002W,0,-0.63160896,0.1194656491279602,0.31268730759620667,0.2307230681180954
YPL203W,YLR460C,0,-0.63161397,0.11942006647586823,0.31268730759620667,0.2308230847120285
YOL069W,YBR119W,0,-0.63163733,0.11937452107667923,0.31268730759620667,0.23092308640480042
YIL041W,YPL019C,1,-0.6317383,0.11971025913953781,0.3136863112449646,0.23092308640480042
YHL017W,YDR111C,0,-0.63184714,0.11966463178396225,0.3136863112449646,0.23102310299873352
YER014W,YMR220W,0,-0.631896,0.11961904913187027,0.3136863112449646,0.23112311959266663
YHL050C,YCL054W,0,-0.6319256,0.11957349628210068,0.3136863112449646,0.23122312128543854
YPR148C,YML082W,0,-0.6320021,0.11952798068523407,0.3136863112449646,0.23132313787937164
YML101C,YLR337C,0,-0.632025,0.11948249489068985,0.3136863112449646,0.23142313957214355
YER100W,YML086C,0,-0.6320714,0.11943704634904861,0.3136863112449646,0.23152315616607666
YLR426W,YDR057W,0,-0.63213694,0.11939163506031036,0.3136863112449646,0.23162315785884857
YPL183C,YNR071C,0,-0.63215196,0.1193462535738945,0.3136863112449646,0.23172317445278168
YDR377W,YGL093W,0,-0.6322087,0.11930090934038162,0.3136863112449646,0.2318231761455536
YOR157C,YGL219C,0,-0.6324065,0.11925560235977173,0.3136863112449646,0.2319231927394867
YKL032C,YJL208C,0,-0.6325239,0.11921032518148422,0.3136863112449646,0.2320232093334198
YDR176W,YJL001W,0,-0.6327282,0.1191650852560997,0.3136863112449646,0.2321232110261917
YMR192W,YDR381W,0,-0.63274324,0.11911987513303757,0.3136863112449646,0.23222322762012482
YCL051W,YLR260W,0,-0.6328635,0.11907470971345901,0.3136863112449646,0.23232322931289673
YLR007W,YJL216C,0,-0.6329695,0.11902956664562225,0.3136863112449646,0.23242324590682983
YIL148W,YOL051W,0,-0.6329962,0.11898446083068848,0.3136863112449646,0.23252324759960175
YGR097W,YJR108W,0,-0.6330999,0.11893939226865768,0.3136863112449646,0.23262326419353485
YLR167W,YFR030W,0,-0.6331873,0.11889436095952988,0.3136863112449646,0.23272326588630676
YDR212W,YOR330C,0,-0.6332221,0.11884935945272446,0.3136863112449646,0.23282328248023987
YAL048C,YNL038W,0,-0.63326836,0.11880438774824142,0.3136863112449646,0.23292329907417297
YGR202C,YGR138C,0,-0.6333889,0.11875945329666138,0.3136863112449646,0.23302330076694489
YDR212W,YDR516C,0,-0.6337439,0.11871455609798431,0.3136863112449646,0.233123317360878
YHR096C,YCR044C,0,-0.6339083,0.11866968870162964,0.3136863112449646,0.2332233190536499
YCR044C,YER159C,0,-0.63396406,0.11862485855817795,0.3136863112449646,0.233323335647583
YEL005C,YDL235C,0,-0.6340201,0.11858005821704865,0.3136863112449646,0.23342333734035492
YGR057C,YAL059W,0,-0.6340873,0.11853529512882233,0.3136863112449646,0.23352335393428802
YPL234C,YLR299W,0,-0.6342211,0.11849056929349899,0.3136863112449646,0.23362335562705994
YGL246C,YBL031W,0,-0.6342722,0.11844586580991745,0.3136863112449646,0.23372337222099304
YER031C,YBR169C,0,-0.63427746,0.11840120702981949,0.3136863112449646,0.23382338881492615
YPR095C,YKR083C,0,-0.6343043,0.11835657805204391,0.3136863112449646,0.23392339050769806
YIL119C,YHR146W,0,-0.6343422,0.11831197887659073,0.3136863112449646,0.23402340710163116
YER044C-A,YER109C,0,-0.63440025,0.11826741695404053,0.3136863112449646,0.23412340879440308
YPR046W,YCR021C,0,-0.63442504,0.11822289228439331,0.3136863112449646,0.23422342538833618
YDR345C,YNL048W,0,-0.6345762,0.11817839741706848,0.3136863112449646,0.2343234270811081
YJR132W,YNL214W,0,-0.63464034,0.11813393235206604,0.3136863112449646,0.2344234436750412
YJL162C,YML120C,0,-0.63469815,0.11808950453996658,0.3136863112449646,0.2345234453678131
YOR264W,YOR258W,0,-0.635133,0.11804511398077011,0.3136863112449646,0.23462346196174622
YLR023C,YNL094W,0,-0.6351781,0.11800075322389603,0.3136863112449646,0.23472347855567932
YBR272C,YMR001C,0,-0.63529325,0.11795642226934433,0.3136863112449646,0.23482348024845123
YNL317W,YGL194C,0,-0.6354046,0.11791212856769562,0.3136863112449646,0.23492349684238434
YDL209C,YAL030W,0,-0.6356417,0.1178678646683693,0.3136863112449646,0.23502349853515625
YGL027C,YKR049C,0,-0.6358695,0.11782363802194595,0.3136863112449646,0.23512351512908936
YDL003W,YMR105C,0,-0.63602114,0.117779441177845,0.3136863112449646,0.23522351682186127
YHL038C,YLR118C,0,-0.6361364,0.11773528158664703,0.3136863112449646,0.23532353341579437
YKR031C,YHR133C,0,-0.6362016,0.11769115179777145,0.3136863112449646,0.23542353510856628
YCR107W,YMR153W,0,-0.6363331,0.11764705926179886,0.3136863112449646,0.2355235517024994
YLR118C,YJR050W,0,-0.6364291,0.11760299652814865,0.3136863112449646,0.2356235682964325
YBR119W,YEL006W,0,-0.6364896,0.11755896359682083,0.3136863112449646,0.2357235699892044
YJR150C,YJL216C,0,-0.636508,0.117514967918396,0.3136863112449646,0.2358235865831375
YDR268W,YDR200C,0,-0.63657737,0.11747100949287415,0.3136863112449646,0.23592358827590942
YKL192C,YDR135C,0,-0.63670766,0.11742707341909409,0.3136863112449646,0.23602360486984253
YLR148W,YBL078C,1,-0.6367152,0.11775700747966766,0.31468531489372253,0.23602360486984253
YIR004W,YKR049C,0,-0.6367432,0.11771300435066223,0.31468531489372253,0.23612360656261444
YIR019C,YIL069C,0,-0.6367589,0.11766903102397919,0.31468531489372253,0.23622362315654755
YDR256C,YOL095C,0,-0.6368605,0.11762509495019913,0.31468531489372253,0.23632363975048065
YLR118C,YER143W,0,-0.6369984,0.11758118867874146,0.31468531489372253,0.23642364144325256
YBR211C,YPR114W,0,-0.63701653,0.11753731220960617,0.31468531489372253,0.23652365803718567
YER044C-A,YML102W,0,-0.63714457,0.11749347299337387,0.31468531489372253,0.23662365972995758
YGL028C,YNR024W,0,-0.6372068,0.11744966357946396,0.31468531489372253,0.23672367632389069
YGR181W,YLR067C,0,-0.6372304,0.11740589141845703,0.31468531489372253,0.2368236780166626
YML001W,YER072W,1,-0.6374321,0.11773472279310226,0.31568431854248047,0.2368236780166626
YOR032C,YBR212W,0,-0.63752294,0.11769087612628937,0.31568431854248047,0.2369236946105957
YDR515W,YGL096W,0,-0.6375253,0.11764705926179886,0.31568431854248047,0.23702369630336761
YFR016C,YGL058W,0,-0.6376674,0.11760327219963074,0.31568431854248047,0.23712371289730072
YPR180W,YLR017W,0,-0.6378747,0.1175595223903656,0.31568431854248047,0.23722372949123383
YDL154W,YOR259C,0,-0.63791835,0.11751580238342285,0.31568431854248047,0.23732373118400574
YLR006C,YGL129C,0,-0.6379874,0.11747211962938309,0.31568431854248047,0.23742374777793884
YIL052C,YGR044C,0,-0.6380861,0.11742846667766571,0.31568431854248047,0.23752374947071075
YHR001W-A,YIL096C,0,-0.63815403,0.11738484352827072,0.31568431854248047,0.23762376606464386
YPL045W,YBR109C,1,-0.63816047,0.1177125871181488,0.3166833221912384,0.23762376606464386
YBR101C,YLL014W,0,-0.6383747,0.11766889691352844,0.3166833221912384,0.23772376775741577
YCL068C,YNL111C,0,-0.6383823,0.11762522906064987,0.3166833221912384,0.23782378435134888
YLR324W,YLR007W,0,-0.6384815,0.11758160591125488,0.3166833221912384,0.2379237860441208
YNL318C,YOR158W,0,-0.6385486,0.11753800511360168,0.3166833221912384,0.2380238026380539
YLR258W,YBR101C,0,-0.63876855,0.11749444156885147,0.3166833221912384,0.238123819231987
YDR463W,YDR276C,0,-0.6388943,0.11745090782642365,0.3166833221912384,0.2382238209247589
YPL169C,YKR052C,0,-0.63910246,0.1174074038863182,0.3166833221912384,0.23832383751869202
YMR059W,YDL243C,0,-0.6391572,0.11736393719911575,0.3166833221912384,0.23842383921146393
YAL002W,YPL130W,0,-0.6397494,0.11732050031423569,0.3166833221912384,0.23852385580539703
YGR235C,YLR451W,0,-0.63977563,0.1172771006822586,0.3166833221912384,0.23862385749816895
YNL194C,YOR026W,0,-0.6398208,0.11723373085260391,0.3166833221912384,0.23872387409210205
YKL016C,YGR040W,0,-0.6400511,0.1171903908252716,0.3166833221912384,0.23882387578487396
YML102W,YPL221W,0,-0.64010584,0.11714708060026169,0.3166833221912384,0.23892389237880707
YEL018W,YNL025C,0,-0.6401682,0.11710380762815475,0.3166833221912384,0.23902390897274017
YNL142W,YNL036W,0,-0.64017797,0.11706056445837021,0.3166833221912384,0.23912391066551208
YCR045C,YLR019W,0,-0.64019036,0.11701735109090805,0.3166833221912384,0.2392239272594452
YER063W,YNL062C,0,-0.64029694,0.11697416752576828,0.3166833221912384,0.2393239289522171
YMR072W,YNL094W,0,-0.6403096,0.1169310212135315,0.3166833221912384,0.2394239455461502
YIL041W,YPR049C,1,-0.64051354,0.11725663393735886,0.31768232583999634,0.2394239455461502
YDR345C,YDR406W,0,-0.6405494,0.1172134205698967,0.31768232583999634,0.23952394723892212
YKL051W,YMR231W,1,-0.64059985,0.1175386905670166,0.3186813294887543,0.23952394723892212
YBR080C,YLR431C,1,-0.64061403,0.1178637221455574,0.3196803331375122,0.23952394723892212
YNL221C,YML016C,0,-0.6406903,0.11782032251358032,0.3196803331375122,0.23962396383285522
YJL127C,YPL063W,0,-0.6407467,0.11777696013450623,0.3196803331375122,0.23972396552562714
YKR078W,YMR074C,0,-0.64076054,0.11773362755775452,0.3196803331375122,0.23982398211956024
YGL028C,YDR268W,0,-0.64102316,0.1176903247833252,0.3196803331375122,0.23992399871349335
YDR276C,YGL127C,0,-0.641086,0.11764705926179886,0.3196803331375122,0.24002400040626526
YKR078W,YOL076W,0,-0.6411644,0.11760382354259491,0.3196803331375122,0.24012401700019836
YOR087W,YLR011W,0,-0.64139557,0.11756061762571335,0.3196803331375122,0.24022401869297028
YLL018C-A,YNL142W,0,-0.6415026,0.11751744151115417,0.3196803331375122,0.24032403528690338
YIL098C,YNL023C,0,-0.64158237,0.11747430264949799,0.3196803331375122,0.2404240369796753
YOR065W,YPL063W,0,-0.64158773,0.11743119359016418,0.3196803331375122,0.2405240535736084
YPL076W,YPL161C,0,-0.64178,0.11738811433315277,0.3196803331375122,0.2406240552663803
YLR423C,YBR105C,1,-0.64183545,0.11771176755428314,0.32067930698394775,0.2406240552663803
YGL096W,YJL001W,0,-0.6419511,0.11766862124204636,0.32067930698394775,0.24072407186031342
YMR009W,YBL014C,0,-0.64196897,0.11762550473213196,0.32067930698394775,0.24082408845424652
YFR014C,YGL061C,0,-0.6421025,0.11758241802453995,0.32067930698394775,0.24092409014701843
YKL045W,YOR383C,0,-0.6424314,0.11753936111927032,0.32067930698394775,0.24102410674095154
YGL231C,YLR413W,0,-0.64260113,0.11749634146690369,0.32067930698394775,0.24112410843372345
YDR471W,YAL056W,0,-0.64275956,0.11745335161685944,0.32067930698394775,0.24122412502765656
YHR024C,YFR040W,0,-0.6427876,0.11741038411855698,0.32067930698394775,0.24132412672042847
YDR469W,YDL134C,0,-0.64328456,0.1173674613237381,0.32067930698394775,0.24142414331436157
YOR177C,YLR150W,0,-0.64330184,0.11732456088066101,0.32067930698394775,0.24152414500713348
YLR118C,YHR139C,0,-0.6433636,0.11728169769048691,0.32067930698394775,0.2416241616010666
YER100W,YJR096W,0,-0.64342105,0.1172388568520546,0.32067930698394775,0.2417241781949997
YBR029C,YLR194C,0,-0.6435176,0.11719605326652527,0.32067930698394775,0.2418241798877716
YER028C,YLR417W,0,-0.6435348,0.11715328693389893,0.32067930698394775,0.2419241964817047
YIL130W,YGL129C,0,-0.64353824,0.11711054295301437,0.32067930698394775,0.24202419817447662
YMR207C,YCR005C,0,-0.6435462,0.1170678362250328,0.32067930698394775,0.24212421476840973
YMR234W,YFL061W,0,-0.64359474,0.11702515184879303,0.32067930698394775,0.24222421646118164
YKL054C,YMR226C,0,-0.64367664,0.11698250472545624,0.32067930698394775,0.24232423305511475
YGL246C,YOR259C,0,-0.6437757,0.11693988740444183,0.32067930698394775,0.24242424964904785
YHR111W,YJL179W,0,-0.64391434,0.11689730733633041,0.32067930698394775,0.24252425134181976
YDR129C,YIL148W,0,-0.6442783,0.11685474961996078,0.32067930698394775,0.24262426793575287
YPR067W,YER038C,0,-0.644456,0.11681222915649414,0.32067930698394775,0.24272426962852478
YIL075C,YNL081C,0,-0.64480054,0.11676973104476929,0.32067930698394775,0.24282428622245789
YGR005C,YMR001C,0,-0.6450956,0.11672727018594742,0.32067930698394775,0.2429242879152298
YDL100C,YLR052W,0,-0.6451291,0.11668483912944794,0.32067930698394775,0.2430243045091629
YHR210C,YAR009C,0,-0.64528656,0.11664244532585144,0.32067930698394775,0.24312430620193481
YBR107C,YML096W,0,-0.645437,0.11660007387399673,0.32067930698394775,0.24322432279586792
YHR158C,YGR060W,0,-0.6454954,0.11655773222446442,0.32067930698394775,0.24332433938980103
YBR038W,YDR386W,0,-0.64556956,0.11651542782783508,0.32067930698394775,0.24342434108257294
YCR107W,YML120C,0,-0.64557445,0.11647314578294754,0.32067930698394775,0.24352435767650604
YHR024C,YOL051W,0,-0.64564943,0.11643090099096298,0.32067930698394775,0.24362435936927795
YGL076C,YOR113W,0,-0.6456816,0.11638868600130081,0.32067930698394775,0.24372437596321106
YOR380W,YPR034W,0,-0.6457783,0.11634650081396103,0.32067930698394775,0.24382437765598297
YCL048W,YOR254C,0,-0.64595056,0.11630434542894363,0.32067930698394775,0.24392439424991608
YGR161C,YKR088C,0,-0.6460004,0.11626222729682922,0.32067930698394775,0.244024395942688
YOL076W,YKR034W,0,-0.64604306,0.1162201315164566,0.32067930698394775,0.2441244125366211
YLR019W,YOL052C-A,0,-0.64641595,0.11617806553840637,0.32067930698394775,0.2442244291305542
YNL020C,YCL001W,0,-0.64646125,0.11613603681325912,0.32067930698394775,0.2443244308233261
YCL064C,YKL087C,0,-0.6465056,0.11609403043985367,0.32067930698394775,0.24442444741725922
YIL106W,YJL181W,0,-0.6465583,0.1160520613193512,0.32067930698394775,0.24452444911003113
YDR317W,YDL076C,0,-0.64669466,0.11601012200117111,0.32067930698394775,0.24462446570396423
YPR095C,YNL036W,0,-0.6467583,0.11596820503473282,0.32067930698394775,0.24472446739673615
YIL043C,YDR080W,0,-0.6469047,0.11592632532119751,0.32067930698394775,0.24482448399066925
YNR007C,YJL178C,1,-0.6469432,0.11624548584222794,0.3216783106327057,0.24482448399066925
YHL015W,YIL130W,0,-0.647027,0.11620353907346725,0.3216783106327057,0.24492448568344116
YJL059W,YGL246C,0,-0.6471175,0.11616161465644836,0.3216783106327057,0.24502450227737427
YER142C,YIL005W,0,-0.64719176,0.11611972749233246,0.3216783106327057,0.24512451887130737
YGL189C,YNR071C,0,-0.6472064,0.11607786267995834,0.3216783106327057,0.24522452056407928
YOL076W,YGL049C,0,-0.6472566,0.11603603512048721,0.3216783106327057,0.2453245371580124
YJR108W,YIL018W,0,-0.6474396,0.11599423736333847,0.3216783106327057,0.2454245388507843
YOR193W,YBL025W,0,-0.6475594,0.11595246940851212,0.3216783106327057,0.2455245554447174
YOR252W,YDR175C,0,-0.6476306,0.11591072380542755,0.3216783106327057,0.24562455713748932
YCR105W,YLR023C,0,-0.6477945,0.11586901545524597,0.3216783106327057,0.24572457373142242
YLR194C,YFR050C,0,-0.6478882,0.11582733690738678,0.3216783106327057,0.24582457542419434
YOR380W,YJL001W,0,-0.6479045,0.11578568816184998,0.3216783106327057,0.24592459201812744
YIL007C,YLL006W,0,-0.6484089,0.11574406921863556,0.3216783106327057,0.24602460861206055
YIL041W,YJL012C,1,-0.6485648,0.11606180667877197,0.3226773142814636,0.24602460861206055
YBR279W,YBR023C,0,-0.64868855,0.11602011322975159,0.3226773142814636,0.24612461030483246
YOR258W,YPL061W,0,-0.64896894,0.11597845703363419,0.3226773142814636,0.24622462689876556
YDR213W,YIL154C,0,-0.6490383,0.11593683063983917,0.3226773142814636,0.24632462859153748
YMR318C,YDR365C,0,-0.6491289,0.11589522659778595,0.3226773142814636,0.24642464518547058
YNL240C,YOR357C,0,-0.6492176,0.11585365980863571,0.3226773142814636,0.2465246468782425
YLR284C,YDR075W,0,-0.64939797,0.11581211537122726,0.3226773142814636,0.2466246634721756
YOL011W,YDR430C,0,-0.6494082,0.1157706081867218,0.3226773142814636,0.2467246651649475
YGR007W,YNL278W,0,-0.64946425,0.11572913080453873,0.3226773142814636,0.24682468175888062
YPR148C,YDL139C,0,-0.64948,0.11568767577409744,0.3226773142814636,0.24692469835281372
YIL138C,YNR007C,1,-0.64962506,0.11600429564714432,0.32367631793022156,0.24692469835281372
YLR011W,YDR469W,0,-0.64977276,0.11596278101205826,0.32367631793022156,0.24702470004558563
YBR005W,YLR249W,0,-0.64981914,0.11592128872871399,0.32367631793022156,0.24712471663951874
YGL028C,YLR442C,0,-0.649855,0.11587982624769211,0.32367631793022156,0.24722471833229065
YAL048C,YDR122W,0,-0.6499847,0.11583840101957321,0.32367631793022156,0.24732473492622375
YNR048W,YOR335C,0,-0.6500225,0.1157969981431961,0.32367631793022156,0.24742473661899567
YGL144C,YNL251C,0,-0.650035,0.11575562506914139,0.32367631793022156,0.24752475321292877
YMR158W,YHL025W,0,-0.6501123,0.11571428924798965,0.32367631793022156,0.24762476980686188
YPL036W,YJL003W,0,-0.6501976,0.11567297577857971,0.32367631793022156,0.2477247714996338
YNL145W,YML061C,0,-0.65032065,0.11563169211149216,0.32367631793022156,0.2478247880935669
YOR264W,YDL149W,0,-0.6503482,0.11559043824672699,0.32367631793022156,0.2479247897863388
YGL095C,YBL050W,1,-0.6504822,0.11590585112571716,0.3246753215789795,0.2479247897863388
YNL015W,YBR080C,1,-0.65056527,0.11622103303670883,0.3256743252277374,0.2479247897863388
YHL038C,YGR174C,0,-0.6505674,0.11617961525917053,0.3256743252277374,0.2480248063802719
YHR154W,YDR517W,0,-0.6506376,0.11613822728395462,0.3256743252277374,0.24812480807304382
YJR084W,YGR244C,0,-0.65084124,0.1160968691110611,0.3256743252277374,0.24822482466697693
YCR018C,YCR021C,0,-0.6509322,0.11605553328990936,0.3256743252277374,0.24832482635974884
YIL052C,YHR037W,0,-0.65118754,0.11601423472166061,0.3256743252277374,0.24842484295368195
YDR280W,YHR146W,0,-0.651198,0.11597296595573425,0.3256743252277374,0.24852485954761505
YIL138C,YPR049C,1,-0.6512134,0.11628734320402145,0.32667332887649536,0.24852485954761505
YLR148W,YJL178C,1,-0.65141606,0.11660148948431015,0.3276723325252533,0.24852485954761505
YKL150W,YLR435W,0,-0.65147495,0.11656005680561066,0.3276723325252533,0.24862486124038696
YNL041C,YLR007W,0,-0.65149057,0.11651864647865295,0.3276723325252533,0.24872487783432007
YNL103W,YFR016C,0,-0.651613,0.11647727340459824,0.3276723325252533,0.24882487952709198
YNL286W,YPR068C,0,-0.6516367,0.11643592268228531,0.3276723325252533,0.24892489612102509
YGR217W,YMR322C,0,-0.6516876,0.11639460921287537,0.3276723325252533,0.249024897813797
YLR315W,YPL058C,0,-0.65170085,0.11635331809520721,0.3276723325252533,0.2491249144077301
YLR386W,YJL178C,1,-0.65177727,0.11666666716337204,0.32867133617401123,0.2491249144077301
YPL224C,YLR181C,0,-0.6519785,0.11662530899047852,0.32867133617401123,0.24922491610050201
YPL001W,YNL094W,0,-0.651991,0.11658398061990738,0.32867133617401123,0.24932493269443512
YDR515W,YPL233W,0,-0.65212584,0.11654268205165863,0.32867133617401123,0.24942494928836823
YDR213W,YGR205W,0,-0.65218043,0.11650141328573227,0.32867133617401123,0.24952495098114014
YLR011W,YBR089C-A,0,-0.6523323,0.1164601743221283,0.32867133617401123,0.24962496757507324
YBR169C,YLR196W,0,-0.652367,0.11641896516084671,0.32867133617401123,0.24972496926784515
YPL075W,YDR284C,0,-0.65238464,0.11637778580188751,0.32867133617401123,0.24982498586177826
YPL141C,YPR007C,0,-0.65245175,0.1163366362452507,0.32867133617401123,0.24992498755455017
YPR008W,YLR056W,0,-0.65248823,0.11629550904035568,0.32867133617401123,0.2500250041484833
YIL053W,YOR330C,0,-0.6525601,0.11625441908836365,0.32867133617401123,0.2501250207424164
YML004C,YCL048W,0,-0.6525855,0.1162133514881134,0.32867133617401123,0.2502250373363495
YJR108W,YLR115W,0,-0.65263796,0.11617231369018555,0.32867133617401123,0.2503250241279602
YDR381W,YHR001W-A,0,-0.6526648,0.11613131314516068,0.32867133617401123,0.2504250407218933
YOL020W,YGR181W,0,-0.65276384,0.1160903349518776,0.32867133617401123,0.2505250573158264
YDR500C,YAR009C,0,-0.65287554,0.1160493791103363,0.32867133617401123,0.2506250739097595
YDL072C,YKL134C,0,-0.65304995,0.116008460521698,0.32867133617401123,0.25072506070137024
YPR120C,YBR193C,0,-0.6531334,0.11596757173538208,0.32867133617401123,0.25082507729530334
YGR165W,YBL031W,0,-0.6532068,0.11592670530080795,0.32867133617401123,0.25092509388923645
YNL180C,YPL049C,0,-0.65320694,0.11588587611913681,0.32867133617401123,0.25102511048316956
YAL059W,YOR011W,0,-0.6532495,0.11584506928920746,0.32867133617401123,0.25112512707710266
YFR050C,YLR288C,0,-0.65336835,0.1158042922616005,0.32867133617401123,0.2512251138687134
YDL230W,YGL231C,0,-0.65339506,0.11576354503631592,0.32867133617401123,0.2513251304626465
YLR396C,YDL149W,1,-0.65344405,0.1160745695233345,0.32967033982276917,0.2513251304626465
YML107C,YNL243W,0,-0.6536319,0.11603375524282455,0.32967033982276917,0.2514251470565796
YKR053C,YCL001W,0,-0.6536335,0.115992970764637,0.32967033982276917,0.2515251636505127
YNL243W,YLL057C,0,-0.6538378,0.11595221608877182,0.32967033982276917,0.2516251504421234
YPL036W,YIL053W,0,-0.65401924,0.11591148376464844,0.32967033982276917,0.2517251670360565
YHR205W,YJL012C,0,-0.65414715,0.11587078869342804,0.32967033982276917,0.2518251836299896
YDR377W,YDR292C,0,-0.6541908,0.11583011597394943,0.32967033982276917,0.25192520022392273
YIR019C,YBR086C,0,-0.65425444,0.11578947305679321,0.32967033982276917,0.25202521681785583
YJL012C,YLR093C,1,-0.6542903,0.11609961092472076,0.3306693434715271,0.25202521681785583
YLR006C,YDR179C,0,-0.6543455,0.11605890840291977,0.3306693434715271,0.25212520360946655
YPL019C,YJL178C,1,-0.6543648,0.11636873334646225,0.33166831731796265,0.25212520360946655
YER062C,YOR272W,0,-0.65437365,0.11632796376943588,0.33166831731796265,0.25222522020339966
YAR009C,YLR075W,0,-0.65443766,0.1162872165441513,0.33166831731796265,0.25232523679733276
YDR160W,YPL221W,0,-0.65461147,0.11624649912118912,0.33166831731796265,0.25242525339126587
YOL078W,YBR015C,0,-0.6547816,0.11620581150054932,0.33166831731796265,0.2525252401828766
YLL024C,YFL025C,0,-0.65490067,0.1161651536822319,0.33166831731796265,0.2526252567768097
YNR032C-A,YGL049C,0,-0.6549841,0.11612451821565628,0.33166831731796265,0.2527252733707428
YMR234W,YJL096W,0,-0.6551659,0.11608391255140305,0.33166831731796265,0.2528252899646759
YGR204W,YMR274C,0,-0.6552206,0.1160433441400528,0.33166831731796265,0.252925306558609
YER179W,YDR150W,0,-0.65531695,0.11600279808044434,0.33166831731796265,0.2530252933502197
YIL106W,YDR002W,0,-0.6554506,0.11596227437257767,0.33166831731796265,0.25312530994415283
YDR092W,YMR001C,0,-0.65563905,0.11592178791761398,0.33166831731796265,0.25322532653808594
YIL048W,YBR109C,1,-0.65564346,0.11623036861419678,0.3326673209667206,0.25322532653808594
YDR092W,YIR004W,0,-0.65578926,0.11618981510400772,0.3326673209667206,0.25332534313201904
YLL016W,YER005W,0,-0.6558294,0.11614928394556046,0.3326673209667206,0.25342532992362976
YMR091C,YDL139C,0,-0.6559135,0.11610879004001617,0.3326673209667206,0.25352534651756287
YHR122W,YLR058C,0,-0.6559272,0.11606831848621368,0.3326673209667206,0.25362536311149597
YAR009C,YNL038W,0,-0.6561512,0.11602787673473358,0.3326673209667206,0.2537253797054291
YER093C,YOR253W,0,-0.6562308,0.11598745733499527,0.3326673209667206,0.2538253962993622
YBR080C,YPL019C,1,-0.65648663,0.11629526317119598,0.3336663246154785,0.2538253962993622
YBR217W,YNL079C,1,-0.65655017,0.11660285294055939,0.33466532826423645,0.2538253962993622
YDL106C,YPL239W,0,-0.6566329,0.11656228452920914,0.33466532826423645,0.2539253830909729
YHR122W,YJL180C,0,-0.65685093,0.11652173846960068,0.33466532826423645,0.254025399684906
YLR004C,YIL123W,0,-0.6569029,0.1164812222123146,0.33466532826423645,0.2541254162788391
YOL069W,YMR158W,0,-0.6569437,0.11644073575735092,0.33466532826423645,0.2542254328727722
YLR390W-A,YOL078W,0,-0.65695286,0.11640027910470963,0.33466532826423645,0.25432541966438293
YOR156C,YLR259C,0,-0.65718985,0.11635984480381012,0.33466532826423645,0.25442543625831604
YHR039C-A,YNL242W,1,-0.6573976,0.11666666716337204,0.3356643319129944,0.25442543625831604
YPL140C,YEL044W,0,-0.6574756,0.11662617325782776,0.3356643319129944,0.25452545285224915
YER005W,YDR301W,0,-0.65752316,0.11658570170402527,0.3356643319129944,0.25462546944618225
YGL189C,YNL294C,0,-0.65759444,0.11654526740312576,0.3356643319129944,0.25472548604011536
YKL069W,YLL024C,0,-0.6576047,0.11650485545396805,0.3356643319129944,0.2548254728317261
YHR169W,YER143W,0,-0.657707,0.11646447330713272,0.3356643319129944,0.2549254894256592
YNL130C,YJR054W,0,-0.65770876,0.11642411351203918,0.3356643319129944,0.2550255060195923
YBR107C,YLR061W,0,-0.65771484,0.11638379096984863,0.3356643319129944,0.2551255226135254
YLL018C,YCL048W,0,-0.65774107,0.11634349077939987,0.3356643319129944,0.2552255094051361
YJL045W,YMR237W,0,-0.657748,0.1163032203912735,0.3356643319129944,0.2553255259990692
YLR386W,YLR431C,1,-0.65779614,0.11660899966955185,0.3366633355617523,0.2553255259990692
YOR358W,YBR045C,0,-0.6578009,0.1165686622262001,0.3366633355617523,0.2554255425930023
YBR078W,YDL139C,0,-0.65787613,0.11652835458517075,0.3366633355617523,0.2555255591869354
YML100W,YNL250W,0,-0.65800273,0.11648807674646378,0.3366633355617523,0.25562557578086853
YBL087C,YER159C,0,-0.65801406,0.1164478212594986,0.3366633355617523,0.25572556257247925
YDR229W,YER072W,1,-0.6580727,0.11675301939249039,0.33766233921051025,0.25572556257247925
YBL050W,YNL079C,1,-0.65808165,0.11705800890922546,0.3386613428592682,0.25572556257247925
YJL174W,YKL079W,0,-0.6581192,0.11701760441064835,0.3386613428592682,0.25582557916641235
YHL003C,YDR317W,0,-0.65825,0.11697722226381302,0.3386613428592682,0.25592559576034546
YGR212W,YNL036W,0,-0.6583332,0.11693687736988068,0.3386613428592682,0.25602561235427856
YMR040W,YIL096C,0,-0.65838516,0.11689655482769012,0.3386613428592682,0.2561255991458893
YMR192W,YER143W,0,-0.6585429,0.11685625463724136,0.3386613428592682,0.2562256157398224
YKL185W,YMR074C,0,-0.65855885,0.11681599169969559,0.3386613428592682,0.2563256323337555
YDL123W,YNR053C,0,-0.6585618,0.1167757511138916,0.3386613428592682,0.2564256489276886
YKR049C,YPL253C,0,-0.658564,0.11673554033041,0.3386613428592682,0.2565256655216217
YNL020C,YDR160W,0,-0.65866065,0.1166953518986702,0.3386613428592682,0.2566256523132324
YDL124W,YDR179C,0,-0.65875113,0.11665519326925278,0.3386613428592682,0.2567256689071655
YPL207W,YDR244W,0,-0.6588323,0.11661506444215775,0.3386613428592682,0.25682568550109863
YMR041C,YLR023C,0,-0.6588532,0.1165749654173851,0.3386613428592682,0.25692570209503174
YNL223W,YJL178C,1,-0.65885484,0.11687865108251572,0.3396603465080261,0.25692570209503174
YAL011W,YCR038C,0,-0.6590196,0.1168384850025177,0.3396603465080261,0.25702568888664246
YDR235W,YIL018W,0,-0.65919757,0.11679834872484207,0.3396603465080261,0.25712570548057556
YJL096W,YDR227W,0,-0.65927935,0.11675824224948883,0.3396603465080261,0.25722572207450867
YNL081C,YCL067C,0,-0.6594243,0.11671815812587738,0.3396603465080261,0.2573257386684418
YDL093W,YGR030C,0,-0.6594336,0.11667810380458832,0.3396603465080261,0.2574257552623749
YBL080C,YMR274C,0,-0.6596166,0.11663807928562164,0.3396603465080261,0.2575257420539856
YJL054W,YHR080C,0,-0.6598053,0.11659807711839676,0.3396603465080261,0.2576257586479187
YGR181W,YLR190W,0,-0.66038334,0.11655810475349426,0.3396603465080261,0.2577257752418518
YDR098C,YJL058C,0,-0.6604582,0.11651816219091415,0.3396603465080261,0.2578257918357849
YNL242W,YLR148W,1,-0.66060543,0.11682082712650299,0.34065935015678406,0.2578257918357849
YHL038C,YJL186W,0,-0.6607882,0.1167808249592781,0.34065935015678406,0.25792577862739563
YHR073W,YKL132C,0,-0.66082454,0.11674084514379501,0.34065935015678406,0.25802579522132874
YNL173C,YHR142W,0,-0.66111135,0.11670088768005371,0.34065935015678406,0.25812581181526184
YKR078W,YHR113W,0,-0.66116965,0.1166609674692154,0.34065935015678406,0.25822582840919495
YKR083C,YDR303C,0,-0.66126525,0.11662106961011887,0.34065935015678406,0.25832584500312805
YLR413W,YOR109W,0,-0.661337,0.11658119410276413,0.34065935015678406,0.25842583179473877
YJR150C,YPL235W,0,-0.6614717,0.11654135584831238,0.34065935015678406,0.2585258483886719
YNL240C,YJL003W,0,-0.6615071,0.11650153994560242,0.34065935015678406,0.258625864982605
YGR202C,YDL124W,0,-0.661559,0.11646174639463425,0.34065935015678406,0.2587258815765381
YKL134C,YNL130C,0,-0.6617296,0.11642199009656906,0.34065935015678406,0.2588258683681488
YGR030C,YNR055C,0,-0.6617383,0.11638225615024567,0.34065935015678406,0.2589258849620819
YML011C,YDL247W,0,-0.661762,0.11634254455566406,0.34065935015678406,0.259025901556015
YER062C,YEL032W,0,-0.6617924,0.11630286276340485,0.34065935015678406,0.2591259181499481
YKL069W,YGR040W,0,-0.661837,0.11626321077346802,0.34065935015678406,0.2592259347438812
YGR202C,YLR220W,0,-0.66197133,0.11622358858585358,0.34065935015678406,0.25932592153549194
YJR120W,YBR060C,0,-0.66213393,0.11618398874998093,0.34065935015678406,0.25942593812942505
YMR063W,YBR279W,0,-0.6621618,0.11614441126585007,0.34065935015678406,0.25952595472335815
YLR284C,YDR234W,0,-0.66218317,0.11610487103462219,0.34065935015678406,0.25962597131729126
YIL137C,YPL248C,0,-0.6621926,0.11606535315513611,0.34065935015678406,0.259725958108902
YNR032C-A,YCR063W,0,-0.66221726,0.11602585762739182,0.34065935015678406,0.2598259747028351
YKL045W,YOL059W,0,-0.662325,0.11598639190196991,0.34065935015678406,0.2599259912967682
YLL016W,YLR054C,0,-0.6623541,0.11594695597887039,0.34065935015678406,0.2600260078907013
YKR093W,YHR165C,0,-0.66236806,0.11590754240751266,0.34065935015678406,0.2601260244846344
YBR080C,YKL051W,1,-0.662459,0.11620794981718063,0.341658353805542,0.2601260244846344
YNL123W,YDL223C,0,-0.66248226,0.11616847664117813,0.341658353805542,0.2602260112762451
YHR169W,YNL287W,0,-0.6625085,0.11612903326749802,0.341658353805542,0.2603260278701782
YJR120W,YOL061W,0,-0.662537,0.11608961224555969,0.341658353805542,0.26042604446411133
YJR042W,YBR085W,0,-0.662591,0.11605022102594376,0.341658353805542,0.26052606105804443
YIR019C,YGR260W,0,-0.6626806,0.11601085215806961,0.341658353805542,0.26062604784965515
YAL002W,YPL198W,0,-0.6628121,0.11597151309251785,0.341658353805542,0.26072606444358826
YLR293C,YLR360W,0,-0.66283,0.11593220382928848,0.341658353805542,0.26082608103752136
YNL137C,YBL014C,0,-0.66287434,0.1158929169178009,0.341658353805542,0.26092609763145447
YPL116W,YPR097W,0,-0.6629087,0.11585365980863571,0.341658353805542,0.2610261142253876
YMR274C,YOR158W,0,-0.6630299,0.11581442505121231,0.341658353805542,0.2611261010169983
YJL162C,YER023W,0,-0.66314614,0.1157752200961113,0.341658353805542,0.2612261176109314
YHL028W,YIR004W,0,-0.6632308,0.11573603749275208,0.341658353805542,0.2613261342048645
YDR495C,YNL079C,1,-0.6633676,0.11603518575429916,0.3426573574542999,0.2613261342048645
YBL050W,YMR231W,1,-0.6634313,0.11633412539958954,0.3436563313007355,0.2613261342048645
YOR019W,YER127W,0,-0.6634426,0.11629479378461838,0.3436563313007355,0.2614261507987976
YFL025C,YMR050C,0,-0.66349363,0.1162554919719696,0.3436563313007355,0.2615261673927307
YCR036W,YLL014W,0,-0.6636691,0.11621621251106262,0.3436563313007355,0.26162615418434143
YOL154W,YDR213W,0,-0.6638645,0.11617697030305862,0.3436563313007355,0.26172617077827454
YGL067W,YML004C,0,-0.6639999,0.11613774299621582,0.3436563313007355,0.26182618737220764
YPR049C,YBR109C,1,-0.6640532,0.11643604189157486,0.3446553349494934,0.26182618737220764
YBR107C,YPL198W,0,-0.66428685,0.11639676243066788,0.3446553349494934,0.26192620396614075
YGR211W,YKL002W,0,-0.6643244,0.11635750532150269,0.3446553349494934,0.26202619075775146
YDR482C,YNL063W,0,-0.6643555,0.11631827056407928,0.3446553349494934,0.26212620735168457
YHR174W,YAL002W,1,-0.66449845,0.11661610752344131,0.34565433859825134,0.26212620735168457
YDR482C,YPR003C,0,-0.66461957,0.11657682061195374,0.34565433859825134,0.2622262239456177
YKR053C,YBR094W,0,-0.6646507,0.11653755605220795,0.34565433859825134,0.2623262405395508
YJR073C,YOR272W,0,-0.66470647,0.11649831384420395,0.34565433859825134,0.2624262571334839
YIL048W,YLR043C,1,-0.6647215,0.11679568886756897,0.3466533422470093,0.2624262571334839
YOL032W,YGL238W,0,-0.6652626,0.1167563945055008,0.3466533422470093,0.2625262439250946
YMR232W,YPR188C,0,-0.6654302,0.11671712249517441,0.3466533422470093,0.2626262605190277
YJL098W,YLR093C,0,-0.6654885,0.11667787283658981,0.3466533422470093,0.2627262771129608
YPL115C,YAL028W,0,-0.66555655,0.1166386529803276,0.3466533422470093,0.2628262937068939
YJR150C,YML057W,0,-0.66558087,0.11659946292638779,0.3466533422470093,0.26292628049850464
YER176W,YOR247W,0,-0.66568756,0.11656029522418976,0.3466533422470093,0.26302629709243774
YML086C,YDR025W,0,-0.6657988,0.11652115732431412,0.3466533422470093,0.26312631368637085
YML004C,YOR048C,0,-0.6662234,0.11648204177618027,0.3466533422470093,0.26322633028030396
YIR019C,YOR019W,0,-0.666258,0.1164429560303688,0.3466533422470093,0.26332634687423706
YOR068C,YER102W,0,-0.6663501,0.11640389263629913,0.3466533422470093,0.2634263336658478
YHR158C,YLR023C,0,-0.6664145,0.11636485904455185,0.3466533422470093,0.2635263502597809
YOR068C,YFL039C,1,-0.6664369,0.11666107922792435,0.3476523458957672,0.2635263502597809
YDR398W,YNL041C,0,-0.66645765,0.11662198603153229,0.3476523458957672,0.263626366853714
YMR231W,YNL079C,1,-0.6666117,0.1169179230928421,0.34865134954452515,0.263626366853714
YOR383C,YMR015C,0,-0.6666409,0.11687877029180527,0.34865134954452515,0.2637263834476471
YBL025W,YHR080C,0,-0.66675997,0.11683963984251022,0.34865134954452515,0.2638263702392578
YOR372C,YDR045C,0,-0.66676414,0.11680053919553757,0.34865134954452515,0.2639263868331909
YML067C,YDR359C,0,-0.6667656,0.1167614609003067,0.34865134954452515,0.264026403427124
YBL007C,YHR096C,0,-0.666862,0.11672240495681763,0.34865134954452515,0.26412642002105713
YER038C,YHR090C,0,-0.66686666,0.11668338626623154,0.34865134954452515,0.26422643661499023
YCL016C,YOL078W,0,-0.6668793,0.11664438247680664,0.34865134954452515,0.26432642340660095
YOR273C,YDR359C,0,-0.66688323,0.11660541594028473,0.34865134954452515,0.26442644000053406
YNL015W,YBR105C,1,-0.66689086,0.11690046638250351,0.3496503531932831,0.26442644000053406
YHR009C,YCL067C,0,-0.6669347,0.11686143279075623,0.3496503531932831,0.26452645659446716
YDL247W,YDR381W,0,-0.66694784,0.11682242900133133,0.3496503531932831,0.26462647318840027
YDR406W,YNL240C,0,-0.66723883,0.11678344756364822,0.3496503531932831,0.264726459980011
YMR048W,YBR086C,0,-0.6673515,0.1167444959282875,0.3496503531932831,0.2648264765739441
YPL130W,YKL080W,0,-0.66736746,0.11670556664466858,0.3496503531932831,0.2649264931678772
YHR024C,YDR437W,0,-0.6674466,0.11666666716337204,0.3496503531932831,0.2650265097618103
YKL110C,YDR108W,0,-0.66754663,0.11662779003381729,0.3496503531932831,0.2651265263557434
YGL018C,YLL021W,0,-0.6676146,0.11658894270658493,0.3496503531932831,0.2652265131473541
YDR235W,YDR023W,0,-0.6676185,0.11655011773109436,0.3496503531932831,0.26532652974128723
YHR088W,YNR052C,0,-0.66764045,0.11651131510734558,0.3496503531932831,0.26542654633522034
YFR010W,YMR035W,0,-0.6676763,0.11647254228591919,0.3496503531932831,0.26552656292915344
YML098W,YDR165W,0,-0.6681707,0.11643379926681519,0.3496503531932831,0.26562654972076416
YGR296W,YPL063W,0,-0.6682606,0.11639507859945297,0.3496503531932831,0.26572656631469727
YHR039C-A,YLR423C,1,-0.66829515,0.11668883264064789,0.350649356842041,0.26572656631469727
YDR150W,YER149C,0,-0.66843235,0.1166500523686409,0.350649356842041,0.26582658290863037
YMR225C,YHR020W,0,-0.6685219,0.1166112944483757,0.350649356842041,0.2659265995025635
YDR372C,YPL168W,0,-0.66871464,0.11657256633043289,0.350649356842041,0.2660266160964966
YHR150W,YPL063W,0,-0.6687676,0.11653386801481247,0.350649356842041,0.2661266028881073
YOL116W,YGR083C,0,-0.6691834,0.11649518460035324,0.350649356842041,0.2662266194820404
YDR126W,YNL079C,1,-0.669186,0.11678832024335861,0.35164836049079895,0.2662266194820404
YDL240W,YBR065C,0,-0.66921127,0.1167495846748352,0.35164836049079895,0.2663266360759735
YNL318C,YCR063W,0,-0.66946316,0.11671087890863419,0.35164836049079895,0.2664266526699066
YGR097W,YDL123W,0,-0.66960216,0.11667218804359436,0.35164836049079895,0.26652663946151733
YDR435C,YLR059C,0,-0.66965413,0.11663353443145752,0.35164836049079895,0.26662665605545044
YBL056W,YPL239W,0,-0.6697073,0.11659489572048187,0.35164836049079895,0.26672667264938354
YOL098C,YHR113W,0,-0.6697633,0.11655629426240921,0.35164836049079895,0.26682668924331665
YEL019C,YGR253C,0,-0.66977024,0.11651770770549774,0.35164836049079895,0.26692670583724976
YAR042W,YNL048W,0,-0.66978395,0.11647915095090866,0.35164836049079895,0.2670266926288605
YBR069C,YMR081C,0,-0.6697936,0.11644062399864197,0.35164836049079895,0.2671267092227936
YDR513W,YDL220C,0,-0.66982293,0.11640211939811707,0.35164836049079895,0.2672267258167267
YBR114W,YBR003W,0,-0.669886,0.11636363714933395,0.35164836049079895,0.2673267424106598
YDL160C,YNL294C,0,-0.67004347,0.11632518470287323,0.35164836049079895,0.2674267292022705
YDL098C,YKL138C,0,-0.6700628,0.1162867546081543,0.35164836049079895,0.2675267457962036
YHR033W,YGL116W,0,-0.67013764,0.11624834686517715,0.35164836049079895,0.2676267623901367
YDR127W,YGL087C,0,-0.6703516,0.1162099689245224,0.35164836049079895,0.2677267789840698
YHR073W,YDL149W,0,-0.67039216,0.11617162078619003,0.35164836049079895,0.26782679557800293
YIL153W,YMR035W,0,-0.67039645,0.11613328754901886,0.35164836049079895,0.26792678236961365
YPL137C,YDL046W,0,-0.67045784,0.11609498411417007,0.35164836049079895,0.26802679896354675
YNR055C,YBL091C,0,-0.670501,0.11605671048164368,0.35164836049079895,0.26812681555747986
YKL058W,YGL238W,0,-0.6705277,0.11601845920085907,0.35164836049079895,0.26822683215141296
YNL145W,YJL003W,0,-0.670575,0.11598023027181625,0.35164836049079895,0.2683268189430237
YDL003W,YJR084W,0,-0.6707765,0.11594203114509583,0.35164836049079895,0.2684268355369568
YLR092W,YPL063W,0,-0.67082965,0.11590385437011719,0.35164836049079895,0.2685268521308899
YJL127C,YLR432W,0,-0.6708411,0.11586569994688034,0.35164836049079895,0.268626868724823
YPR067W,YMR230W,0,-0.67104316,0.11582757532596588,0.35164836049079895,0.2687268853187561
YDR468C,YPR106W,0,-0.671069,0.11578947305679321,0.35164836049079895,0.2688268721103668
YPR017C,YGL240W,0,-0.67110896,0.11575140058994293,0.35164836049079895,0.2689268887042999
YDL240W,YDR122W,0,-0.67112315,0.11571334302425385,0.35164836049079895,0.26902690529823303
YIL137C,YIL008W,0,-0.67118144,0.11567532271146774,0.35164836049079895,0.26912692189216614
YCR106W,YDR365C,0,-0.6712228,0.11563731729984283,0.35164836049079895,0.26922690868377686
YPR188C,YCR018C,0,-0.6712693,0.11559934169054031,0.35164836049079895,0.26932692527770996
YHR024C,YJL001W,0,-0.6713182,0.11556138843297958,0.35164836049079895,0.26942694187164307
YDR256C,YNL068C,0,-0.6713915,0.11552346497774124,0.35164836049079895,0.26952695846557617
YDR246W,YBL014C,0,-0.6714035,0.11548556387424469,0.35164836049079895,0.2696269750595093
YER143W,YDL211C,0,-0.6714561,0.11544768512248993,0.35164836049079895,0.26972696185112
YLR039C,YPL056C,0,-0.67164695,0.11540983617305756,0.35164836049079895,0.2698269784450531
YDR287W,YDR213W,0,-0.6717043,0.11537200957536697,0.35164836049079895,0.2699269950389862
YER056C,YBL005W,0,-0.6719847,0.11533420532941818,0.35164836049079895,0.2700270116329193
YIR031C,YNR033W,0,-0.6722102,0.11529643088579178,0.35164836049079895,0.27012699842453003
YJR073C,YBL091C,0,-0.67223287,0.11525867879390717,0.35164836049079895,0.27022701501846313
YDL100C,YNR059W,0,-0.672627,0.11522094905376434,0.35164836049079895,0.27032703161239624
YIL038C,YBL091C,0,-0.6728525,0.11518324911594391,0.35164836049079895,0.27042704820632935
YDL154W,YBR049C,0,-0.6730118,0.11514556407928467,0.35164836049079895,0.27052706480026245
YJR041C,YGR007W,0,-0.67312515,0.11510791629552841,0.35164836049079895,0.27062705159187317
YDL100C,YOR110W,0,-0.6732937,0.11507028341293335,0.35164836049079895,0.2707270681858063
YGL212W,YLR093C,1,-0.6733428,0.11535947769880295,0.3526473641395569,0.2707270681858063
YBR153W,YBL051C,0,-0.673354,0.11532179266214371,0.3526473641395569,0.2708270847797394
YGL067W,YDR515W,0,-0.67347026,0.11528412997722626,0.3526473641395569,0.2709271013736725
YER005W,YDR080W,0,-0.67350745,0.1152464896440506,0.3526473641395569,0.2710270881652832
YIL022W,YNR059W,0,-0.6735821,0.11520887911319733,0.3526473641395569,0.2711271047592163
YKL045W,YDR301W,0,-0.6736536,0.11517129093408585,0.3526473641395569,0.2712271213531494
YOR250C,YGL058W,0,-0.6736653,0.11513372510671616,0.3526473641395569,0.2713271379470825
YDR427W,YLL016W,0,-0.6736672,0.11509618163108826,0.3526473641395569,0.2714271545410156
YIL062C,YNL066W,0,-0.6736816,0.11505866795778275,0.3526473641395569,0.27152714133262634
YLR006C,YPR180W,0,-0.6736958,0.11502117663621902,0.3526473641395569,0.27162715792655945
YHR014W,YML055W,0,-0.6737361,0.11498371511697769,0.3526473641395569,0.27172717452049255
YHR138C,YNL079C,1,-0.6738155,0.11527189612388611,0.3536463677883148,0.27172717452049255
YDR243C,YKL134C,0,-0.6739316,0.115234375,0.3536463677883148,0.27182719111442566
YBR054W,YDR217C,0,-0.67407596,0.11519687622785568,0.3536463677883148,0.2719271779060364
YOR335C,YGL219C,0,-0.6741272,0.11515939980745316,0.3536463677883148,0.2720271944999695
YJL078C,YGL093W,0,-0.6741291,0.11512195318937302,0.3536463677883148,0.2721272110939026
YIL007C,YKL129C,0,-0.6741601,0.11508452892303467,0.3536463677883148,0.2722272276878357
YPR046W,YBL047C,0,-0.67425644,0.11504712700843811,0.3536463677883148,0.2723272442817688
YMR313C,YKL040C,0,-0.67437625,0.11500974744558334,0.3536463677883148,0.2724272310733795
YPL126W,YOR157C,0,-0.6745229,0.11497239023447037,0.3536463677883148,0.2725272476673126
YDR515W,YPL049C,0,-0.6747798,0.11493506282567978,0.3536463677883148,0.2726272642612457
YOR252W,YOL051W,0,-0.67483866,0.11489775776863098,0.3536463677883148,0.27272728085517883
YGL005C,YNR071C,0,-0.6752219,0.11486048251390457,0.3536463677883148,0.27282729744911194
YHR201C,YOL012C,0,-0.6753701,0.11482322216033936,0.3536463677883148,0.27292728424072266
YPR106W,YOL095C,0,-0.67538154,0.11478599160909653,0.3536463677883148,0.27302730083465576
YGR078C,YOR032C,0,-0.6754749,0.11474878340959549,0.3536463677883148,0.27312731742858887
YPL004C,YEL001C,0,-0.6755923,0.11471159756183624,0.3536463677883148,0.273227334022522
YCR045C,YMR015C,0,-0.6757095,0.11467444151639938,0.3536463677883148,0.2733273208141327
YNL251C,YKL006W,0,-0.67572606,0.11463730782270432,0.3536463677883148,0.2734273374080658
YDR023W,YNR037C,0,-0.675755,0.11460019648075104,0.3536463677883148,0.2735273540019989
YDR235W,YOR273C,0,-0.67576456,0.11456310749053955,0.3536463677883148,0.273627370595932
YPL105C,YNL251C,0,-0.6758845,0.11452604085206985,0.3536463677883148,0.2737273871898651
YGR005C,YKR034W,0,-0.6758946,0.11448900401592255,0.3536463677883148,0.27382737398147583
YIL056W,YCR024C,0,-0.67602444,0.11445198953151703,0.3536463677883148,0.27392739057540894
YBL100W-B,YJL083W,0,-0.67610514,0.1144149973988533,0.3536463677883148,0.27402740716934204
YOR267C,YLR360W,0,-0.67622924,0.11437802761793137,0.3536463677883148,0.27412742376327515
YPL203W,YDL139C,0,-0.6763128,0.11434108763933182,0.3536463677883148,0.27422741055488586
YPR106W,YDR165W,0,-0.67635846,0.11430416256189346,0.3536463677883148,0.27432742714881897
YDR256C,YDR243C,0,-0.67649126,0.1142672672867775,0.3536463677883148,0.2744274437427521
YEL051W,YKR052C,0,-0.6765137,0.11423039436340332,0.3536463677883148,0.2745274603366852
YOR068C,YAL002W,1,-0.6765636,0.11451613157987595,0.35464534163475037,0.2745274603366852
YPR131C,YPL058C,0,-0.6766275,0.114479199051857,0.35464534163475037,0.2746274769306183
YBR193C,YNR053C,0,-0.6767677,0.11444229632616043,0.35464534163475037,0.274727463722229
YDR080W,YOR332W,1,-0.6767734,0.114727683365345,0.3556443452835083,0.274727463722229
YGL092W,YER060W-A,0,-0.6770961,0.11469072103500366,0.3556443452835083,0.2748274803161621
YBR248C,YJL003W,0,-0.6771239,0.11465378105640411,0.3556443452835083,0.2749274969100952
YHR110W,YDR381W,0,-0.67713284,0.11461687088012695,0.3556443452835083,0.2750275135040283
YBR016W,YPL233W,0,-0.6771498,0.11457998305559158,0.3556443452835083,0.27512750029563904
YJR048W,YCR065W,0,-0.67717505,0.114543117582798,0.3556443452835083,0.27522751688957214
YNL318C,YCL016C,0,-0.6772665,0.11450627446174622,0.3556443452835083,0.27532753348350525
YDL149W,YLR148W,1,-0.67760384,0.11479099839925766,0.35664334893226624,0.27532753348350525
YLR324W,YDR257C,0,-0.67765427,0.1147540956735611,0.35664334893226624,0.27542755007743835
YDR075W,YKL196C,0,-0.6776835,0.11471722275018692,0.35664334893226624,0.27552756667137146
YLR432W,YDR259C,0,-0.6777475,0.11468037217855453,0.35664334893226624,0.2756275534629822
YEL044W,YKL114C,0,-0.6778283,0.11464354395866394,0.35664334893226624,0.2757275700569153
YFR024C-A,YCR063W,0,-0.6779429,0.11460673809051514,0.35664334893226624,0.2758275866508484
YMR230W,YGR138C,0,-0.6779599,0.11456996202468872,0.35664334893226624,0.2759276032447815
YLR193C,YBL013W,0,-0.6780424,0.1145332083106041,0.35664334893226624,0.2760275900363922
YLR004C,YDR515W,0,-0.67830455,0.11449646949768066,0.35664334893226624,0.2761276066303253
YDR469W,YKL155C,0,-0.6783736,0.11445976048707962,0.35664334893226624,0.2762276232242584
YDR273W,YGL049C,0,-0.6784626,0.11442307382822037,0.35664334893226624,0.27632763981819153
YDR386W,YMR183C,0,-0.6785369,0.1143864169716835,0.35664334893226624,0.27642765641212463
YPR067W,YPR120C,0,-0.6786531,0.11434977501630783,0.35664334893226624,0.27652764320373535
YOR156C,YNR055C,0,-0.6787633,0.11431316286325455,0.35664334893226624,0.27662765979766846
YGL189C,YBR112C,0,-0.6788392,0.11427656561136246,0.35664334893226624,0.27672767639160156
YDR190C,YAL026C,0,-0.67889965,0.11423999816179276,0.35664334893226624,0.27682769298553467
YIL038C,YCR018C,0,-0.6790209,0.11420345306396484,0.35664334893226624,0.2769276797771454
YAL019W,YCL064C,0,-0.67903495,0.11416693031787872,0.35664334893226624,0.2770276963710785
YLL014W,YJL168C,0,-0.67916536,0.11413043737411499,0.35664334893226624,0.2771277129650116
YDR422C,YLR068W,0,-0.6792854,0.11409395933151245,0.35664334893226624,0.2772277295589447
YLR148W,YAL002W,1,-0.67939484,0.11437699943780899,0.35764235258102417,0.2772277295589447
YIL022W,YOR319W,0,-0.6794317,0.11434046924114227,0.35764235258102417,0.2773277461528778
YML081W,YMR205C,0,-0.67944145,0.11430396139621735,0.35764235258102417,0.2774277329444885
YPL045W,YJL178C,1,-0.67964005,0.11458665877580643,0.3586413562297821,0.2774277329444885
YAL015C,YML076C,0,-0.67965424,0.11455009877681732,0.3586413562297821,0.27752774953842163
YLR284C,YDL093W,0,-0.6797116,0.11451355367898941,0.3586413562297821,0.27762776613235474
YKR085C,YGL192W,0,-0.67972505,0.11447703838348389,0.3586413562297821,0.27772778272628784
YGR024C,YPL056C,0,-0.6797601,0.11444054543972015,0.3586413562297821,0.27782776951789856
YDL077C,YHR039C-A,1,-0.67987895,0.11472275108098984,0.35964035987854004,0.27782776951789856
YFL025C,YEL051W,0,-0.67996764,0.11468620598316193,0.35964035987854004,0.27792778611183167
YKL145W,YCL035C,0,-0.68000615,0.1146496832370758,0.35964035987854004,0.27802780270576477
YPL061W,YGR245C,0,-0.68028104,0.11461318284273148,0.35964035987854004,0.2781278192996979
YJR153W,YMR050C,0,-0.6806716,0.11457670480012894,0.35964035987854004,0.278227835893631
YAL002W,YJL012C,1,-0.6807736,0.11485841870307922,0.360639363527298,0.278227835893631
YDR471W,YPL100W,0,-0.6808312,0.11482188105583191,0.360639363527298,0.2783278226852417
YOL032W,YCL064C,0,-0.6808444,0.11478537321090698,0.360639363527298,0.2784278392791748
YPL141C,YIL119C,0,-0.680977,0.11474888771772385,0.360639363527298,0.2785278558731079
YLR396C,YLR423C,1,-0.6811509,0.1150301843881607,0.3616383671760559,0.2785278558731079
YDL003W,YIL033C,0,-0.6812849,0.11499364674091339,0.3616383671760559,0.278627872467041
YBR112C,YGL085W,0,-0.6813785,0.11495713144540787,0.3616383671760559,0.27872785925865173
YCR018C,YKL077W,0,-0.68143964,0.11492063850164413,0.3616383671760559,0.27882787585258484
YIL037C,YDR023W,0,-0.68149185,0.1148841604590416,0.3616383671760559,0.27892789244651794
YGR253C,YBR045C,0,-0.681548,0.11484771221876144,0.3616383671760559,0.27902790904045105
YLR396C,YPL019C,1,-0.6815783,0.11512845009565353,0.36263737082481384,0.27902790904045105
YLR054C,YBL014C,0,-0.6815858,0.1150919497013092,0.36263737082481384,0.27912792563438416
YHR039C-A,YGL095C,1,-0.68162096,0.1153724268078804,0.3636363744735718,0.27912792563438416
YNR007C,YOR326W,1,-0.68163455,0.11565272510051727,0.3646353781223297,0.27912792563438416
YHR096C,YDL119C,0,-0.68181396,0.1156160905957222,0.3646353781223297,0.2792279124259949
YJL096W,YOR271C,0,-0.68190885,0.11557947844266891,0.3646353781223297,0.279327929019928
YNL221C,YOR019W,0,-0.6819097,0.11554289609193802,0.3646353781223297,0.2794279456138611
YOR087W,YDR434W,0,-0.6819103,0.11550632864236832,0.3646353781223297,0.2795279622077942
YEL006W,YMR133W,0,-0.68195117,0.115469790995121,0.3646353781223297,0.2796279489994049
YLL024C,YNL025C,0,-0.6820681,0.11543326824903488,0.3646353781223297,0.279727965593338
YJR073C,YDR259C,0,-0.68212676,0.11539677530527115,0.3646353781223297,0.2798279821872711
YLL006W,YDR384C,0,-0.6821463,0.1153603047132492,0.3646353781223297,0.2799279987812042
YDR343C,YHL025W,0,-0.68222487,0.11532385647296906,0.3646353781223297,0.28002801537513733
YMR207C,YJL196C,0,-0.6825088,0.1152874305844307,0.3646353781223297,0.28012800216674805
YNL038W,YDL123W,0,-0.68251157,0.11525102704763412,0.3646353781223297,0.28022801876068115
YER014W,YKL134C,0,-0.68258715,0.11521464586257935,0.3646353781223297,0.28032803535461426
YIL033C,YPL178W,0,-0.682758,0.11517828702926636,0.3646353781223297,0.28042805194854736
YLR185W,YMR275C,0,-0.6829009,0.11514195799827576,0.3646353781223297,0.2805280387401581
YGL196W,YOR254C,0,-0.68292415,0.11510564386844635,0.3646353781223297,0.2806280553340912
YNL318C,YLR345W,0,-0.6830003,0.11506935954093933,0.3646353781223297,0.2807280719280243
YDR398W,YAL026C,0,-0.6830356,0.1150330901145935,0.3646353781223297,0.2808280885219574
YGR046W,YDL145C,0,-0.6830901,0.11499685049057007,0.3646353781223297,0.2809281051158905
YEL001C,YOL078W,0,-0.6835383,0.11496063321828842,0.3646353781223297,0.2810280919075012
YPR071W,YJL196C,0,-0.6837747,0.11492443084716797,0.3646353781223297,0.2811281085014343
YDR468C,YOR001W,0,-0.6841805,0.1148882582783699,0.3646353781223297,0.28122812509536743
YEL024W,YMR237W,0,-0.68418336,0.11485210806131363,0.3646353781223297,0.28132814168930054
YNL059C,YLR360W,0,-0.6842072,0.11481598019599915,0.3646353781223297,0.28142812848091125
YLR052W,YHR158C,0,-0.6843004,0.11477987468242645,0.3646353781223297,0.28152814507484436
YPR154W,YKL033W,0,-0.6843951,0.11474379152059555,0.3646353781223297,0.28162816166877747
YIL148W,YOL052C-A,0,-0.68446016,0.11470773071050644,0.3646353781223297,0.28172817826271057
YOR119C,YBR015C,0,-0.6845486,0.11467169225215912,0.3646353781223297,0.2818281948566437
YIL119C,YML061C,0,-0.6846342,0.11463567614555359,0.3646353781223297,0.2819281816482544
YER177W,YFR034C,0,-0.68476796,0.11459968239068985,0.3646353781223297,0.2820281982421875
YDL160C,YMR081C,0,-0.6848781,0.1145637184381485,0.3646353781223297,0.2821282148361206
YER177W,YDR204W,0,-0.68491614,0.11452776938676834,0.3646353781223297,0.2822282314300537
YGL116W,YBR162C,0,-0.6850517,0.11449184268712997,0.3646353781223297,0.28232821822166443
YAL019W,YNL029C,0,-0.68535376,0.114455945789814,0.3646353781223297,0.28242823481559753
YGL076C,YPL040C,0,-0.68545485,0.11442006379365921,0.3646353781223297,0.28252825140953064
YMR243C,YER176W,0,-0.6855346,0.11438420414924622,0.3646353781223297,0.28262826800346375
YCR105W,YEL001C,0,-0.68565464,0.11434837430715561,0.3646353781223297,0.28272828459739685
YML133C,YJR118C,0,-0.68569064,0.1143125593662262,0.3646353781223297,0.28282827138900757
YOR004W,YOL032W,0,-0.6861738,0.11427676677703857,0.3646353781223297,0.2829282879829407
YGR178C,YOR357C,0,-0.68625987,0.11424100399017334,0.3646353781223297,0.2830283045768738
YPL137C,YCR024C,0,-0.68644965,0.1142052561044693,0.3646353781223297,0.2831283211708069
YIL011W,YGL240W,0,-0.686568,0.11416953057050705,0.3646353781223297,0.2832283079624176
YGR046W,YGL070C,0,-0.6866287,0.11413383483886719,0.3646353781223297,0.2833283245563507
YLL016W,YPR169W,0,-0.6868541,0.11409815400838852,0.3646353781223297,0.2834283411502838
YDL098C,YGR224W,0,-0.6868968,0.11406250298023224,0.3646353781223297,0.2835283577442169
YMR313C,YDL211C,0,-0.68690884,0.11402686685323715,0.3646353781223297,0.28362837433815
YIL019W,YER063W,0,-0.68692386,0.11399125307798386,0.3646353781223297,0.28372836112976074
YER063W,YGR005C,0,-0.68696964,0.11395566910505295,0.3646353781223297,0.28382837772369385
YOR068C,YPL233W,0,-0.68704104,0.11392010003328323,0.3646353781223297,0.28392839431762695
YBL056W,YDR375C,0,-0.6870606,0.11388455331325531,0.3646353781223297,0.28402841091156006
YDR516C,YGR142W,0,-0.6870673,0.11384903639554977,0.3646353781223297,0.28412842750549316
YFL025C,YOL126C,0,-0.68719447,0.11381353437900543,0.3646353781223297,0.2842284142971039
YCL029C,YOR027W,0,-0.6872754,0.11377805471420288,0.3646353781223297,0.284328430891037
YMR101C,YOL032W,0,-0.6873225,0.11374259740114212,0.3646353781223297,0.2844284474849701
YHR148W,YOR136W,0,-0.6874567,0.11370716243982315,0.3646353781223297,0.2845284640789032
YOR132W,YLR054C,0,-0.68757355,0.11367174983024597,0.3646353781223297,0.2846284508705139
YFL026W,YMR322C,0,-0.68764496,0.11363636702299118,0.3646353781223297,0.284728467464447
YDR500C,YDR359C,0,-0.68766534,0.11360099911689758,0.3646353781223297,0.2848284840583801
YDL018C,YIR026C,0,-0.68768275,0.11356565356254578,0.3646353781223297,0.28492850065231323
YDL149W,YBR109C,1,-0.6876861,0.11384136974811554,0.36563435196876526,0.28492850065231323
YKL191W,YBR054W,0,-0.68794036,0.11380597203969955,0.36563435196876526,0.28502851724624634
YIL119C,YBR162C,0,-0.68799996,0.11377059668302536,0.36563435196876526,0.28512850403785706
YOR359W,YPL173W,0,-0.68822896,0.11373523622751236,0.36563435196876526,0.28522852063179016
YLR386W,YLR423C,1,-0.6882405,0.11401056498289108,0.3666333556175232,0.28522852063179016
YDR361C,YDR246W,0,-0.68844867,0.1139751523733139,0.3666333556175232,0.28532853722572327
YLR185W,YPL141C,0,-0.6885023,0.11393976956605911,0.3666333556175232,0.28542855381965637
YOR101W,YOR172W,0,-0.68855584,0.11390440911054611,0.3666333556175232,0.2855285406112671
YGR266W,YMR226C,0,-0.68903327,0.1138690635561943,0.3666333556175232,0.2856285572052002
YHR205W,YDR175C,0,-0.6891297,0.11383374780416489,0.3666333556175232,0.2857285737991333
YDR213W,YHR073W,0,-0.6891645,0.11379844695329666,0.3666333556175232,0.2858285903930664
YCL029C,YDR317W,0,-0.68931496,0.11376317590475082,0.3666333556175232,0.2859286069869995
YPL130W,YDR399W,0,-0.689556,0.11372791975736618,0.3666333556175232,0.28602859377861023
YEL051W,YNL063W,0,-0.6895659,0.11369268596172333,0.3666333556175232,0.28612861037254333
YPR067W,YGL005C,0,-0.68966913,0.11365748196840286,0.3666333556175232,0.28622862696647644
YLR352W,YBL072C,0,-0.68976295,0.11362229287624359,0.3666333556175232,0.28632864356040955
YDR323C,YKL080W,0,-0.68988466,0.11358712613582611,0.3666333556175232,0.28642863035202026
YDR435C,YKL114C,0,-0.6899158,0.11355198174715042,0.3666333556175232,0.28652864694595337
YOR045W,YDR435C,0,-0.69003344,0.11351685971021652,0.3666333556175232,0.2866286635398865
YGR024C,YLR039C,0,-0.69005835,0.11348176002502441,0.3666333556175232,0.2867286801338196
YOR363C,YGR283C,0,-0.69006574,0.1134466752409935,0.3666333556175232,0.2868286967277527
YAL048C,YOR316C,0,-0.6902034,0.11341162025928497,0.3666333556175232,0.2869286835193634
YLR200W,YOR330C,0,-0.69023025,0.11337658017873764,0.3666333556175232,0.2870287001132965
YCR036W,YGL116W,0,-0.69038117,0.1133415699005127,0.3666333556175232,0.2871287167072296
YDR127W,YCR021C,0,-0.69055736,0.11330657452344894,0.3666333556175232,0.2872287333011627
YLR277C,YOR258W,0,-0.69065,0.11327160149812698,0.3666333556175232,0.28732872009277344
YLR333C,YPR133C,0,-0.690665,0.11323665827512741,0.3666333556175232,0.28742873668670654
YGR174C,YJR041C,0,-0.69095874,0.11320172995328903,0.3666333556175232,0.28752875328063965
YBR272C,YER178W,0,-0.69101834,0.11316682398319244,0.3666333556175232,0.28762876987457275
YBR169C,YKL080W,0,-0.69110286,0.11313193291425705,0.3666333556175232,0.28772878646850586
YDR430C,YGL231C,0,-0.6911292,0.11309707164764404,0.3666333556175232,0.2878287732601166
YGL028C,YNL025C,0,-0.6912497,0.11306223273277283,0.3666333556175232,0.2879287898540497
YPL225W,YAL051W,0,-0.69131744,0.1130274087190628,0.3666333556175232,0.2880288064479828
YAR042W,YNL251C,0,-0.6914247,0.11299261450767517,0.3666333556175232,0.2881288230419159
YKL029C,YHR138C,0,-0.69151664,0.11295783519744873,0.3666333556175232,0.2882288098335266
YDR545W,YOR032C,0,-0.69169986,0.11292307823896408,0.3666333556175232,0.2883288264274597
YDR145W,YOR177C,0,-0.6919848,0.11288834363222122,0.3666333556175232,0.2884288430213928
YIL048W,YEL027W,1,-0.6919986,0.1131611317396164,0.36763235926628113,0.2884288430213928
YLR382C,YPR068C,0,-0.69201744,0.11312634497880936,0.36763235926628113,0.2885288596153259
YOL061W,YGL240W,0,-0.6920321,0.11309158056974411,0.36763235926628113,0.28862887620925903
YER109C,YOR357C,0,-0.69203997,0.11305683851242065,0.36763235926628113,0.28872886300086975
YMR313C,YDR257C,0,-0.69217646,0.11302211135625839,0.36763235926628113,0.28882887959480286
YBR279W,YOR081C,0,-0.69218194,0.11298741400241852,0.36763235926628113,0.28892889618873596
YML107C,YAL002W,0,-0.6922827,0.11295273154973984,0.36763235926628113,0.28902891278266907
YDL003W,YMR195W,0,-0.69230163,0.11291807144880295,0.36763235926628113,0.2891288995742798
YLL024C,YGL049C,0,-0.6923249,0.11288343369960785,0.36763235926628113,0.2892289161682129
YLR193C,YDL149W,0,-0.6923332,0.11284881830215454,0.36763235926628113,0.289328932762146
YHR204W,YIL173W,0,-0.69252443,0.11281422525644302,0.36763235926628113,0.2894289493560791
YOR380W,YPR057W,0,-0.6926391,0.1127796471118927,0.36763235926628113,0.2895289659500122
YOR079C,YPL006W,0,-0.69278693,0.11274509876966476,0.36763235926628113,0.2896289527416229
YHR165C,YER179W,0,-0.69291365,0.11271056532859802,0.36763235926628113,0.28972896933555603
YMR158W,YIL123W,0,-0.6929172,0.11267605423927307,0.36763235926628113,0.28982898592948914
YGL028C,YNL263C,0,-0.69297075,0.11264156550168991,0.36763235926628113,0.28992900252342224
YOR060C,YPL161C,0,-0.6929771,0.11260709911584854,0.36763235926628113,0.29002898931503296
YBL078C,YNL079C,1,-0.6930895,0.11287855356931686,0.36863136291503906,0.29002898931503296
YIL037C,YPL225W,0,-0.6930897,0.11284403502941132,0.36863136291503906,0.29012900590896606
YDL093W,YHR150W,0,-0.6931375,0.11280953884124756,0.36863136291503906,0.29022902250289917
YIL075C,YPL193W,0,-0.6933737,0.112775057554245,0.36863136291503906,0.2903290390968323
YHR150W,YKL058W,0,-0.693449,0.11274060606956482,0.36863136291503906,0.2904290556907654
YER007C-A,YGL192W,0,-0.6935185,0.11270616948604584,0.36863136291503906,0.2905290424823761
YNL194C,YPR097W,0,-0.69357944,0.11267175525426865,0.36863136291503906,0.2906290590763092
YNL015W,YAL002W,1,-0.6935861,0.11294261366128922,0.369630366563797,0.2906290590763092
YOL032W,YNR030W,0,-0.69367397,0.11290814727544785,0.369630366563797,0.2907290756702423
YOR241W,YMR133W,0,-0.69368875,0.11287370324134827,0.369630366563797,0.2908290922641754
YOR078W,YCR038C,0,-0.69373906,0.11283928155899048,0.369630366563797,0.29092907905578613
YLL024C,YLL014W,0,-0.6937424,0.11280487477779388,0.369630366563797,0.29102909564971924
YKL052C,YER071C,0,-0.69387114,0.11277049779891968,0.369630366563797,0.29112911224365234
YLR259C,YNR052C,0,-0.69393575,0.11273613572120667,0.369630366563797,0.29122912883758545
YER063W,YIL123W,0,-0.6940067,0.11270179599523544,0.369630366563797,0.29132914543151855
YDR276C,YKL032C,0,-0.69410574,0.11266747862100601,0.369630366563797,0.2914291322231293
YHR113W,YDL076C,0,-0.6941147,0.11263318359851837,0.369630366563797,0.2915291488170624
YGL063W,YHR158C,0,-0.6941936,0.11259890347719193,0.369630366563797,0.2916291654109955
YER063W,YJR117W,0,-0.6941961,0.11256464570760727,0.369630366563797,0.2917291820049286
YPR010C,YPL248C,0,-0.6943017,0.1125304102897644,0.369630366563797,0.2918291687965393
YCR086W,YML133C,0,-0.6943582,0.11249619722366333,0.369630366563797,0.2919291853904724
YOR326W,YPL100W,1,-0.69444644,0.11276596039533615,0.37062937021255493,0.2919291853904724
YLR413W,YJL216C,0,-0.69447005,0.1127316951751709,0.37062937021255493,0.2920292019844055
YJL089W,YKL155C,0,-0.69453096,0.11269744485616684,0.37062937021255493,0.2921292185783386
YGR253C,YBL047C,0,-0.69465363,0.11266322433948517,0.37062937021255493,0.29222923517227173
YNR048W,YKL005C,0,-0.6946604,0.11262902617454529,0.37062937021255493,0.29232922196388245
YLR451W,YBR146W,0,-0.6946937,0.1125948429107666,0.37062937021255493,0.29242923855781555
YIL069C,YNL176C,0,-0.69471514,0.1125606819987297,0.37062937021255493,0.29252925515174866
YOR191W,YDL220C,0,-0.6948712,0.112526535987854,0.37062937021255493,0.29262927174568176
YEL039C,YBR188C,0,-0.69496465,0.11249241977930069,0.37062937021255493,0.2927292585372925
YHR201C,YIL167W,0,-0.6949829,0.11245831847190857,0.37062937021255493,0.2928292751312256
YDR300C,YJL003W,0,-0.6950115,0.11242423951625824,0.37062937021255493,0.2929292917251587
YHR035W,YCL051W,0,-0.6950536,0.1123901829123497,0.37062937021255493,0.2930293083190918
YFL026W,YJL026W,0,-0.6951171,0.11235614866018295,0.37062937021255493,0.2931293249130249
YOR359W,YJL001W,0,-0.69523346,0.1123221293091774,0.37062937021255493,0.2932293117046356
YGR003W,YGL127C,0,-0.6953287,0.11228813230991364,0.37062937021255493,0.2933293282985687
YHR201C,YMR237W,0,-0.6953391,0.11225415766239166,0.37062937021255493,0.29342934489250183
YOR267C,YLR460C,0,-0.6954025,0.11222020536661148,0.37062937021255493,0.29352936148643494
YDL072C,YLR143W,0,-0.6956519,0.11218626797199249,0.37062937021255493,0.29362934827804565
YOL076W,YLR248W,0,-0.69565904,0.11215236037969589,0.37062937021255493,0.29372936487197876
YDR287W,YNL024C,0,-0.69567716,0.11211846768856049,0.37062937021255493,0.29382938146591187
YGL196W,YOR341W,0,-0.6956923,0.11208458989858627,0.37062937021255493,0.29392939805984497
YDR127W,YLL053C,0,-0.695698,0.11205074191093445,0.37062937021255493,0.2940294146537781
YMR243C,YHR194W,0,-0.6957793,0.11201690882444382,0.37062937021255493,0.2941294014453888
YDL149W,YMR231W,1,-0.6958121,0.11228493601083755,0.37162837386131287,0.2941294014453888
YKL141W,YDL189W,0,-0.69584644,0.11225105822086334,0.37162837386131287,0.2942294180393219
YGR205W,YGL195W,0,-0.69592667,0.11221719533205032,0.37162837386131287,0.294329434633255
YJL162C,YBR211C,0,-0.69594157,0.1121833547949791,0.37162837386131287,0.2944294512271881
YPL001W,YIL062C,0,-0.6959441,0.11214952915906906,0.37162837386131287,0.2945294678211212
YIL048W,YOR326W,1,-0.6960089,0.11241711676120758,0.3726273775100708,0.2945294678211212
YNL326C,YLR423C,1,-0.69619274,0.11268454045057297,0.37362638115882874,0.2945294678211212
YLR148W,YJL012C,1,-0.6962044,0.11295180767774582,0.37462538480758667,0.2945294678211212
YDR372C,YLR059C,0,-0.69623375,0.11291779577732086,0.37462538480758667,0.29462945461273193
YJL096W,YOR195W,0,-0.6962477,0.1128838062286377,0.37462538480758667,0.29472947120666504
YCR044C,YEL044W,0,-0.6965513,0.11284983158111572,0.37462538480758667,0.29482948780059814
YKL194C,YBR162W-A,0,-0.6966634,0.11281588673591614,0.37462538480758667,0.29492950439453125
YOR260W,YIL062C,0,-0.6967007,0.11278195679187775,0.37462538480758667,0.29502949118614197
YLR259C,YLR054C,0,-0.69677866,0.11274804919958115,0.37462538480758667,0.2951295077800751
YPR105C,YKL058W,0,-0.696916,0.11271415650844574,0.37462538480758667,0.2952295243740082
YDR229W,YDR495C,1,-0.69691825,0.11298076808452606,0.3756243884563446,0.2952295243740082
YPL234C,YDL134C,0,-0.69697607,0.11294683068990707,0.3756243884563446,0.2953295409679413
YFR010W,YER033C,0,-0.6969855,0.11291291564702988,0.3756243884563446,0.2954295575618744
YAL026C,YGL226W,0,-0.6970149,0.11287901550531387,0.3756243884563446,0.2955295443534851
YGR017W,YLR056W,0,-0.6971009,0.11284513771533966,0.3756243884563446,0.2956295609474182
YLR148W,YHR138C,1,-0.6971122,0.11311130970716476,0.37662336230278015,0.2956295609474182
YGR181W,YLR175W,0,-0.69711804,0.11307738721370697,0.37662336230278015,0.2957295775413513
YOL029C,YMR195W,0,-0.6974188,0.11304347962141037,0.37662336230278015,0.2958295941352844
YOR267C,YGL107C,0,-0.6974889,0.11300959438085556,0.37662336230278015,0.29592958092689514
YJL089W,YGL194C,0,-0.69752777,0.11297572404146194,0.37662336230278015,0.29602959752082825
YOR207C,YPR133C,0,-0.697544,0.11294188350439072,0.37662336230278015,0.29612961411476135
YLR055C,YER015W,0,-0.6976769,0.11290805786848068,0.37662336230278015,0.29622963070869446
YLR118C,YPL215W,0,-0.6980107,0.11287425458431244,0.37662336230278015,0.29632964730262756
YML086C,YIL043C,0,-0.6980479,0.11284046620130539,0.37662336230278015,0.2964296340942383
YKL058W,YBL014C,0,-0.6981381,0.11280670017004013,0.37662336230278015,0.2965296506881714
YGL167C,YKL051W,0,-0.6982027,0.11277295649051666,0.37662336230278015,0.2966296672821045
YOR081C,YHL026C,0,-0.69821334,0.11273923516273499,0.37662336230278015,0.2967296838760376
YKR052C,YLR337C,0,-0.6982206,0.1127055287361145,0.37662336230278015,0.2968296706676483
YGR024C,YGL198W,0,-0.69830084,0.11267184466123581,0.37662336230278015,0.2969296872615814
YBR038W,YPL001W,0,-0.698313,0.11263818293809891,0.37662336230278015,0.2970297038555145
YKR075C,YEL044W,0,-0.6983173,0.1126045435667038,0.37662336230278015,0.29712972044944763
YDR427W,YER176W,0,-0.69864154,0.11257091909646988,0.37662336230278015,0.29722973704338074
YLR220W,YLR409C,0,-0.69864905,0.11253731697797775,0.37662336230278015,0.29732972383499146
YER062C,YDL119C,0,-0.6986942,0.11250372976064682,0.37662336230278015,0.29742974042892456
YPL036W,YGL045W,0,-0.69870543,0.11247016489505768,0.37662336230278015,0.29752975702285767
YOR119C,YJR118C,0,-0.69875395,0.11243662238121033,0.37662336230278015,0.29762977361679077
YLR037C,YLL067C,0,-0.69876325,0.11240310221910477,0.37662336230278015,0.2977297604084015
YKR027W,YKR099W,0,-0.69877744,0.1123695969581604,0.37662336230278015,0.2978297770023346
YPL198W,YBR208C,0,-0.69879293,0.11233611404895782,0.37662336230278015,0.2979297935962677
YDR482C,YBR043C,0,-0.6989814,0.11230265349149704,0.37662336230278015,0.2980298101902008
YKL002W,YDR057W,0,-0.69916964,0.11226920783519745,0.37662336230278015,0.2981298267841339
YKL197C,YDR365C,0,-0.69917667,0.11223578453063965,0.37662336230278015,0.29822981357574463
YNL031C,YDR438W,0,-0.69918215,0.11220238357782364,0.37662336230278015,0.29832983016967773
YKL043W,YER038C,0,-0.69920456,0.11216899752616882,0.37662336230278015,0.29842984676361084
YBL087C,YLL031C,0,-0.6992363,0.1121356338262558,0.37662336230278015,0.29852986335754395
YGL006W,YOR078W,0,-0.69924223,0.11210229247808456,0.37662336230278015,0.29862985014915466
YGR202C,YFL061W,0,-0.699311,0.11206896603107452,0.37662336230278015,0.29872986674308777
YDR268W,YLR248W,0,-0.6993573,0.11203566193580627,0.37662336230278015,0.2988298833370209
YBR085W,YGR129W,0,-0.69941723,0.11200238019227982,0.37662336230278015,0.298929899930954
YDL240W,YCL048W,0,-0.69944525,0.11196911334991455,0.37662336230278015,0.2990299165248871
YPR037C,YIL167W,0,-0.69946337,0.11193586885929108,0.37662336230278015,0.2991299033164978
YBR130C,YLL018C,0,-0.6997042,0.1119026392698288,0.37662336230278015,0.2992299199104309
YOL098C,YDR276C,0,-0.69977975,0.1118694394826889,0.37662336230278015,0.299329936504364
YGL093W,YBR015C,0,-0.69990385,0.11183624714612961,0.37662336230278015,0.2994299530982971
YLR118C,YPL130W,0,-0.6999922,0.1118030846118927,0.37662336230278015,0.29952993988990784
YBR130C,YKL060C,0,-0.7000575,0.11176993697881699,0.37662336230278015,0.29962995648384094
YDR375C,YGR094W,0,-0.700333,0.11173681169748306,0.37662336230278015,0.29972997307777405
YNL183C,YDR002W,0,-0.7004322,0.11170370131731033,0.37662336230278015,0.29982998967170715
YDL235C,YML016C,0,-0.700457,0.1116706132888794,0.37662336230278015,0.29993000626564026
YPR037C,YML061C,0,-0.7004963,0.11163754761219025,0.37662336230278015,0.300029993057251
YJL058C,YER081W,0,-0.7005589,0.11160449683666229,0.37662336230278015,0.3001300096511841
YDR148C,YJR150C,0,-0.70061445,0.11157146841287613,0.37662336230278015,0.3002300262451172
YOL126C,YBL038W,0,-0.70081544,0.11153846234083176,0.37662336230278015,0.3003300428390503
YLR011W,YPL178W,0,-0.7008909,0.11150547116994858,0.37662336230278015,0.300430029630661
YJL089W,YBR268W,0,-0.7010201,0.11147250235080719,0.37662336230278015,0.3005300462245941
YOR191W,YOR262W,0,-0.7010255,0.111439548432827,0.37662336230278015,0.3006300628185272
YML067C,YPL004C,0,-0.7010653,0.11140661686658859,0.37662336230278015,0.3007300794124603
YEL018W,YPL004C,0,-0.70139956,0.11137370765209198,0.37662336230278015,0.30083009600639343
YJL096W,YPR133C,0,-0.7014841,0.11134081333875656,0.37662336230278015,0.30093008279800415
YOL069W,YOR227W,0,-0.701637,0.11130794137716293,0.37662336230278015,0.30103009939193726
YJL174W,YLR189C,0,-0.7019986,0.1112750917673111,0.37662336230278015,0.30113011598587036
YOL121C,YKL129C,0,-0.7020632,0.11124225705862045,0.37662336230278015,0.30123013257980347
YAR033W,YNL054W,0,-0.7020961,0.111209437251091,0.37662336230278015,0.3013301193714142
YLR037C,YNL164C,0,-0.702124,0.11117664724588394,0.37662336230278015,0.3014301359653473
YNL137C,YBR248C,0,-0.7021251,0.11114386469125748,0.37662336230278015,0.3015301525592804
YJR102C,YDR309C,0,-0.70213604,0.1111111119389534,0.37662336230278015,0.3016301691532135
YGR024C,YJL045W,0,-0.7021401,0.11107837408781052,0.37662336230278015,0.3017301857471466
YOR262W,YIL005W,0,-0.70214236,0.11104565858840942,0.37662336230278015,0.3018301725387573
YEL005C,YHR020W,0,-0.7024965,0.11101295799016953,0.37662336230278015,0.30193018913269043
YGR142W,YIR026C,0,-0.70250964,0.11098027974367142,0.37662336230278015,0.30203020572662354
YDR309C,YBR015C,0,-0.7025374,0.1109476163983345,0.37662336230278015,0.30213022232055664
YBR181C,YDR406W,0,-0.7025708,0.11091497540473938,0.37662336230278015,0.30223020911216736
YKL069W,YOR026W,0,-0.70263445,0.11088234931230545,0.37662336230278015,0.30233022570610046
YCR031C,YNL059C,0,-0.70263624,0.11084975302219391,0.37662336230278015,0.30243024230003357
YIL087C,YOR060C,0,-0.7026696,0.11081716418266296,0.37662336230278015,0.3025302588939667
YEL013W,YOR332W,1,-0.7026882,0.11107846349477768,0.3776223659515381,0.3025302588939667
YOR081C,YLR384C,0,-0.7028799,0.11104582995176315,0.3776223659515381,0.3026302754878998
YGR082W,YPL021W,0,-0.70289016,0.11101321876049042,0.3776223659515381,0.3027302622795105
YOL154W,YER155C,0,-0.702899,0.11098062247037888,0.3776223659515381,0.3028302788734436
YDR040C,YOR026W,0,-0.70303464,0.11094804853200912,0.3776223659515381,0.3029302954673767
YMR318C,YDR516C,0,-0.7030399,0.11091548949480057,0.3776223659515381,0.3030303120613098
YJR046W,YLR075W,0,-0.7031133,0.1108829602599144,0.3776223659515381,0.30313029885292053
YKL014C,YMR175W,0,-0.70312107,0.11085043847560883,0.3776223659515381,0.30323031544685364
YER044C-A,YGR129W,0,-0.70322835,0.11081793904304504,0.3776223659515381,0.30333033204078674
YPL115C,YLR360W,0,-0.7032908,0.11078546196222305,0.3776223659515381,0.30343034863471985
YOL135C,YKL002W,0,-0.7033291,0.11075299978256226,0.3776223659515381,0.30353036522865295
YOL135C,YPL189W,0,-0.7033944,0.11072055995464325,0.3776223659515381,0.30363035202026367
YPR133C,YNR030W,0,-0.7034495,0.11068814247846603,0.3776223659515381,0.3037303686141968
YKR089C,YML047C,0,-0.703462,0.11065573990345001,0.3776223659515381,0.3038303852081299
YJR102C,YNL020C,0,-0.70359457,0.11062335222959518,0.3776223659515381,0.303930401802063
YJL059W,YHR154W,0,-0.7035979,0.11059098690748215,0.3776223659515381,0.3040303885936737
YNL242W,YOR326W,1,-0.70360005,0.11085112392902374,0.378621369600296,0.3040303885936737
YEL018W,YPL137C,0,-0.7036916,0.11081871390342712,0.378621369600296,0.3041304051876068
YGR212W,YJR150C,0,-0.703912,0.1107863187789917,0.378621369600296,0.3042304217815399
YDR080W,YOR068C,1,-0.7039403,0.11104617267847061,0.37962037324905396,0.3042304217815399
YJR118C,YDL223C,0,-0.70400023,0.1110137328505516,0.37962037324905396,0.304330438375473
YOR019W,YML047C,0,-0.704013,0.11098130792379379,0.37962037324905396,0.30443045496940613
YLL026W,YDR386W,0,-0.70401883,0.11094890534877777,0.37962037324905396,0.30453044176101685
YIR019C,YLR409C,0,-0.70415795,0.11091651767492294,0.37962037324905396,0.30463045835494995
YMR158W,YPL076W,0,-0.70426893,0.1108841523528099,0.37962037324905396,0.30473047494888306
YML001W,YNL223W,1,-0.7043179,0.11114352196455002,0.3806193768978119,0.30473047494888306
YNL051W,YER014W,0,-0.70448947,0.1111111119389534,0.3806193768978119,0.30483049154281616
YKL145W,YLR056W,0,-0.7045121,0.11107871681451797,0.3806193768978119,0.3049304783344269
YKR078W,YGL085W,0,-0.70455694,0.11104634404182434,0.3806193768978119,0.30503049492836
YKL006W,YIL167W,0,-0.7046559,0.1110139861702919,0.3806193768978119,0.3051305115222931
YMR226C,YBR301W,0,-0.70470715,0.11098165065050125,0.3806193768978119,0.3052305281162262
YML041C,YHR120W,0,-0.70473874,0.1109493300318718,0.3806193768978119,0.3053305447101593
YAL002W,YPR017C,0,-0.70474446,0.11091703176498413,0.3806193768978119,0.30543053150177
YMR105C,YPR034W,0,-0.7048007,0.11088474839925766,0.3806193768978119,0.3055305480957031
YDR229W,YLR148W,1,-0.7050123,0.11114344000816345,0.3816183805465698,0.3055305480957031
YPR049C,YLR043C,1,-0.70503247,0.11140197515487671,0.38261738419532776,0.3055305480957031
YKL006C-A,YDR386W,0,-0.7050977,0.11136958748102188,0.38261738419532776,0.30563056468963623
YJL045W,YPR010C,0,-0.70514536,0.11133720725774765,0.38261738419532776,0.30573058128356934
YGL171W,YNR071C,0,-0.7051711,0.1113048568367958,0.38261738419532776,0.30583059787750244
YLR386W,YLR043C,1,-0.70531154,0.11156304180622101,0.3836163878440857,0.30583059787750244
YER072W,YML096W,0,-0.7053859,0.11153063923120499,0.3836163878440857,0.30593058466911316
YMR053C,YLR234W,0,-0.7054391,0.11149825900793076,0.3836163878440857,0.30603060126304626
YOL069W,YDR175C,0,-0.7054435,0.11146589368581772,0.3836163878440857,0.30613061785697937
YDL077C,YLR148W,1,-0.7054676,0.11172373592853546,0.38461539149284363,0.30613061785697937
YBR211C,YER005W,0,-0.7054962,0.11169132590293884,0.38461539149284363,0.3062306344509125
YOR264W,YGL087C,0,-0.7055241,0.11165893077850342,0.38461539149284363,0.3063306212425232
YPR106W,YMR149W,0,-0.7056558,0.11162655800580978,0.38461539149284363,0.3064306378364563
YLR396C,YLR043C,1,-0.7056707,0.11188405752182007,0.38561439514160156,0.3064306378364563
YDR217C,YLR313C,0,-0.7057091,0.11185164004564285,0.38561439514160156,0.3065306544303894
YNL038W,YPL018W,0,-0.70573795,0.11181923747062683,0.38561439514160156,0.3066306710243225
YIR004W,YGL105W,0,-0.7057699,0.111786849796772,0.38561439514160156,0.3067306876182556
YHR039C-A,YMR231W,1,-0.7057798,0.11204400658607483,0.3866133987903595,0.3067306876182556
YCR018C,YDR025W,0,-0.7058443,0.11201157420873642,0.3866133987903595,0.30683067440986633
YFR030W,YCR038C,0,-0.70587885,0.1119791641831398,0.3866133987903595,0.30693069100379944
YGL167C,YPR131C,0,-0.70592463,0.11194677650928497,0.3866133987903595,0.30703070759773254
YPR143W,YJR153W,0,-0.70593274,0.11191440373659134,0.3866133987903595,0.30713072419166565
YDR434W,YGR083C,0,-0.70606124,0.1118820458650589,0.3866133987903595,0.30723071098327637
YIL137C,YOR079C,0,-0.70609,0.11184971034526825,0.3866133987903595,0.3073307275772095
YPL234C,YGL005C,0,-0.7060939,0.11181739717721939,0.3866133987903595,0.3074307441711426
YPR100W,YLR060W,0,-0.7061018,0.11178509891033173,0.3866133987903595,0.3075307607650757
YDL003W,YER005W,0,-0.7061081,0.11175281554460526,0.3866133987903595,0.3076307773590088
YGR181W,YPL021W,0,-0.70611,0.11172055453062057,0.3866133987903595,0.3077307641506195
YDR287W,YLR092W,0,-0.70616627,0.11168830841779709,0.3866133987903595,0.3078307807445526
YGL194C,YNL029C,0,-0.70625424,0.1116560846567154,0.3866133987903595,0.3079307973384857
YKL149C,YCR024C,0,-0.7063557,0.11162388324737549,0.3866133987903595,0.3080308139324188
YEL013W,YLR043C,1,-0.7063563,0.11188004910945892,0.38761240243911743,0.3080308139324188
YLR248W,YGR129W,0,-0.7063786,0.11184779554605484,0.38761240243911743,0.30813080072402954
YNL025C,YLR194C,0,-0.70638597,0.11181556433439255,0.38761240243911743,0.30823081731796265
YGR082W,YPL169C,0,-0.7067132,0.11178334802389145,0.38761240243911743,0.30833083391189575
YDR111C,YBR109C,0,-0.70671844,0.11175115406513214,0.38761240243911743,0.30843085050582886
YIL013C,YBR003W,0,-0.70682526,0.11171897500753403,0.38761240243911743,0.30853086709976196
YNL045W,YER060W,0,-0.70686007,0.1116868183016777,0.38761240243911743,0.3086308538913727
YJL059W,YPL021W,0,-0.70688415,0.11165467649698257,0.38761240243911743,0.3087308704853058
YLR396C,YER072W,1,-0.70707417,0.11191023886203766,0.388611376285553,0.3087308704853058
YGR138C,YHR014W,0,-0.70710254,0.11187805235385895,0.388611376285553,0.3088308870792389
YNL056W,YHR114W,0,-0.7071761,0.11184588819742203,0.388611376285553,0.308930903673172
YDR200C,YPR174C,0,-0.70722485,0.1118137389421463,0.388611376285553,0.3090308904647827
YBR162W-A,YAL011W,0,-0.7072799,0.11178161203861237,0.388611376285553,0.3091309070587158
YFR010W,YLL067C,0,-0.7073051,0.11174950003623962,0.388611376285553,0.3092309236526489
YNL063W,YOR113W,0,-0.7073121,0.11171740293502808,0.388611376285553,0.30933094024658203
YPL141C,YDR179C,0,-0.7073568,0.11168532818555832,0.388611376285553,0.30943095684051514
YDR367W,YJL180C,0,-0.70742893,0.11165327578783035,0.388611376285553,0.30953094363212585
YNL326C,YDR495C,1,-0.70743966,0.11190817505121231,0.3896103799343109,0.30953094363212585
YLR023C,YBL014C,0,-0.70752513,0.11187607795000076,0.3896103799343109,0.30963096022605896
YJL045W,YBL007C,0,-0.7076044,0.11184398829936981,0.3896103799343109,0.30973097681999207
YNL326C,YNL079C,1,-0.7076473,0.11209862679243088,0.39060938358306885,0.30973097681999207
YKL006C-A,YCL064C,0,-0.70782673,0.11206649243831635,0.39060938358306885,0.30983099341392517
YMR237W,YCL067C,0,-0.7078326,0.1120343804359436,0.39060938358306885,0.3099309802055359
YOR319W,YLR328W,0,-0.7079289,0.11200229078531265,0.39060938358306885,0.310030996799469
YNL250W,YDR280W,0,-0.7079705,0.1119702160358429,0.39060938358306885,0.3101310133934021
YER062C,YLR067C,0,-0.70801544,0.11193816363811493,0.39060938358306885,0.3102310299873352
YBR038W,YHR111W,0,-0.70812917,0.11190612614154816,0.39060938358306885,0.3103310465812683
YJR073C,YOR048C,0,-0.7082988,0.11187410354614258,0.39060938358306885,0.31043103337287903
YBL050W,YEL013W,1,-0.708325,0.11212814599275589,0.3916083872318268,0.31043103337287903
YPL117C,YMR074C,0,-0.70835984,0.11209607869386673,0.3916083872318268,0.31053104996681213
YBR046C,YKL185W,0,-0.70843995,0.11206403374671936,0.3916083872318268,0.31063106656074524
YMR156C,YMR183C,0,-0.7084979,0.11203201115131378,0.3916083872318268,0.31073108315467834
YML001W,YDR495C,1,-0.7085093,0.11228571087121964,0.3926073908805847,0.31073108315467834
YOL061W,YHR138C,0,-0.7085718,0.11225364357233047,0.3926073908805847,0.31083106994628906
YPL225W,YMR177W,0,-0.7086028,0.11222159117460251,0.3926073908805847,0.31093108654022217
YBR038W,YFR040W,0,-0.7087339,0.11218955367803574,0.3926073908805847,0.3110311031341553
YDR500C,YJR117W,0,-0.7088356,0.11215753108263016,0.3926073908805847,0.3111311197280884
YLR431C,YNL326C,1,-0.7088567,0.11241084337234497,0.39360639452934265,0.3111311197280884
YCR086W,YDL076C,0,-0.7090597,0.11237877607345581,0.39360639452934265,0.3112311363220215
YML133C,YAL059W,0,-0.7093291,0.11234673857688904,0.39360639452934265,0.3113311231136322
YOR372C,YHR197W,0,-0.7096001,0.11231470853090286,0.39360639452934265,0.3114311397075653
YHR108W,YNR024W,0,-0.70960903,0.11228270083665848,0.39360639452934265,0.3115311563014984
YHR073W,YKL192C,0,-0.7097205,0.11225071549415588,0.39360639452934265,0.3116311728954315
YLL006W,YLR060W,0,-0.7098516,0.11221873760223389,0.39360639452934265,0.31173115968704224
YBR211C,YDL106C,0,-0.7098894,0.11218678951263428,0.39360639452934265,0.31183117628097534
YDL124W,YNL130C,0,-0.7099234,0.11215485632419586,0.39360639452934265,0.31193119287490845
YNL190W,YGR260W,0,-0.71007586,0.11212293803691864,0.39360639452934265,0.31203120946884155
YPL058C,YER178W,0,-0.7101016,0.11209104210138321,0.39360639452934265,0.31213122606277466
YOR266W,YDR160W,0,-0.710189,0.11205916106700897,0.39360639452934265,0.3122312128543854
YBR054W,YIL098C,0,-0.7102171,0.11202729493379593,0.39360639452934265,0.3123312294483185
YGL018C,YLR247C,0,-0.710233,0.11199545115232468,0.39360639452934265,0.3124312460422516
YDL113C,YML127W,0,-0.7102752,0.11196362972259521,0.39360639452934265,0.3125312626361847
YDL160C,YAR033W,0,-0.7102915,0.11193181574344635,0.39360639452934265,0.3126312494277954
YGL067W,YPR114W,0,-0.71039546,0.11190003156661987,0.39360639452934265,0.3127312660217285
YBR107C,YOR065W,0,-0.7104783,0.11186825484037399,0.39360639452934265,0.3128312826156616
YIL043C,YHL035C,0,-0.7107239,0.1118365004658699,0.39360639452934265,0.3129312992095947
YOL055C,YMR183C,0,-0.71089053,0.1118047684431076,0.39360639452934265,0.31303131580352783
YGR253C,YDR301W,0,-0.71090806,0.1117730513215065,0.39360639452934265,0.31313130259513855
YDL003W,YPL040C,0,-0.71094906,0.11174134910106659,0.39360639452934265,0.31323131918907166
YOR264W,YLR363C,0,-0.71097434,0.11170966923236847,0.39360639452934265,0.31333133578300476
YKR034W,YIL018W,0,-0.71101856,0.11167800426483154,0.39360639452934265,0.31343135237693787
YIL144W,YHL035C,0,-0.71102583,0.11164636164903641,0.39360639452934265,0.3135313391685486
YIL041W,YNL223W,1,-0.7110547,0.1118980199098587,0.3946053981781006,0.3135313391685486
YGL212W,YLR148W,1,-0.7112266,0.11214952915906906,0.3956044018268585,0.3135313391685486
YNL167C,YBL072C,0,-0.71126354,0.11211778223514557,0.3956044018268585,0.3136313557624817
YDR025W,YGR044C,0,-0.7115005,0.11208604276180267,0.3956044018268585,0.3137313723564148
YDR127W,YPR120C,0,-0.7115269,0.11205433309078217,0.3956044018268585,0.3138313889503479
YLR223C,YER044C-A,0,-0.7116239,0.11202263087034225,0.3956044018268585,0.313931405544281
YHR146W,YOR341W,0,-0.7118099,0.11199095100164413,0.3956044018268585,0.3140313923358917
YOR136W,YDR110W,0,-0.7118976,0.11195928603410721,0.3956044018268585,0.31413140892982483
YLR386W,YOR326W,1,-0.71194553,0.11221028864383698,0.39660340547561646,0.31413140892982483
YCL017C,YOL042W,0,-0.7122785,0.11217857897281647,0.39660340547561646,0.31423142552375793
YOR258W,YCL064C,0,-0.7123009,0.11214689165353775,0.39660340547561646,0.31433144211769104
YIL138C,YNL054W,1,-0.7123755,0.11239762604236603,0.3976024091243744,0.31433144211769104
YNL183C,YDL220C,0,-0.7124405,0.11236589401960373,0.3976024091243744,0.31443142890930176
YDR482C,YLR328W,0,-0.7124821,0.11233417689800262,0.3976024091243744,0.31453144550323486
YKL033W,YPL006W,0,-0.7125139,0.11230248212814331,0.3976024091243744,0.31463146209716797
YER100W,YBR005W,0,-0.7125398,0.11227080225944519,0.3976024091243744,0.3147314786911011
YGL063W,YOR227W,0,-0.71254885,0.11223914474248886,0.3976024091243744,0.3148314952850342
YLL053C,YDR365C,0,-0.71255517,0.11220750212669373,0.3976024091243744,0.3149314820766449
YDL003W,YPL138C,0,-0.71264863,0.11217587441205978,0.3976024091243744,0.315031498670578
YML059C,YPL010W,0,-0.7126899,0.11214426904916763,0.3976024091243744,0.3151315152645111
YDR430C,YLR337C,0,-0.7127185,0.11211267858743668,0.3976024091243744,0.3152315318584442
YPR173C,YDL113C,0,-0.71273303,0.11208110302686691,0.3976024091243744,0.31533151865005493
YOR081C,YDL211C,0,-0.71289515,0.11204954981803894,0.3976024091243744,0.31543153524398804
YIL075C,YFL005W,0,-0.7129617,0.11201801151037216,0.3976024091243744,0.31553155183792114
YGR193C,YNL288W,0,-0.7129972,0.11198649555444717,0.3976024091243744,0.31563156843185425
YDR127W,YGL058W,0,-0.7130228,0.11195499449968338,0.3976024091243744,0.31573158502578735
YBR060C,YDR317W,0,-0.7130432,0.11192350834608078,0.3976024091243744,0.31583157181739807
YMR275C,YPL173W,0,-0.7130592,0.11189204454421997,0.3976024091243744,0.3159315884113312
YJL045W,YGR120C,0,-0.71345973,0.11186059564352036,0.3976024091243744,0.3160316050052643
YHL038C,YKL114C,0,-0.71351206,0.11182916909456253,0.3976024091243744,0.3161316215991974
YDR127W,YMR118C,0,-0.71353614,0.1117977499961853,0.3976024091243744,0.3162316083908081
YIL107C,YPL254W,0,-0.713557,0.11176636070013046,0.3976024091243744,0.3163316249847412
YDR434W,YMR322C,0,-0.71360266,0.11173497885465622,0.3976024091243744,0.3164316415786743
YBR029C,YGL006W,0,-0.7136055,0.11170361936092377,0.3976024091243744,0.3165316581726074
YIL156W,YNL181W,0,-0.7136693,0.11167227476835251,0.3976024091243744,0.3166316747665405
YKR064W,YKL080W,0,-0.7139027,0.11164095252752304,0.3976024091243744,0.31673166155815125
YBL087C,YGR142W,0,-0.71391857,0.11160964518785477,0.3976024091243744,0.31683167815208435
YAL015C,YLR249W,0,-0.7141236,0.11157836019992828,0.3976024091243744,0.31693169474601746
YLR293C,YGR003W,0,-0.71423364,0.1115470826625824,0.3976024091243744,0.31703171133995056
YCR031C,YCR106W,0,-0.71426165,0.1115158274769783,0.3976024091243744,0.31713172793388367
YDR516C,YLR435W,0,-0.71435726,0.111484594643116,0.3976024091243744,0.3172317147254944
YPR110C,YMR035W,0,-0.71439195,0.11145337671041489,0.3976024091243744,0.3173317313194275
YPR154W,YKL040C,0,-0.7144593,0.11142217367887497,0.3976024091243744,0.3174317479133606
YPR175W,YJR153W,0,-0.7145506,0.11139098554849625,0.3976024091243744,0.3175317645072937
YCL051W,YLR200W,0,-0.71459985,0.11135981976985931,0.3976024091243744,0.3176317512989044
YNL223W,YMR231W,1,-0.7146698,0.11160839349031448,0.3986014127731323,0.3176317512989044
YNL183C,YDL012C,0,-0.7146965,0.11157718300819397,0.3986014127731323,0.3177317678928375
YER139C,YGL238W,0,-0.7147349,0.11154598742723465,0.3986014127731323,0.31783178448677063
YGL025C,YKL110C,0,-0.7147658,0.11151481419801712,0.3986014127731323,0.31793180108070374
YGL212W,YOR332W,1,-0.7148632,0.11176306009292603,0.39960038661956787,0.31793180108070374
YKL069W,YML081W,0,-0.71497476,0.11173184216022491,0.39960038661956787,0.31803181767463684
YDR471W,YOR109W,0,-0.71498454,0.111700639128685,0.39960038661956787,0.31813180446624756
YNL045W,YHL031C,0,-0.7150823,0.11166945844888687,0.39960038661956787,0.31823182106018066
YNL326C,YJL012C,1,-0.7150898,0.11191738396883011,0.4005993902683258,0.31823182106018066
YLR131C,YIL037C,0,-0.71512485,0.1118861585855484,0.4005993902683258,0.31833183765411377
YMR149W,YOR059C,0,-0.7151536,0.11185494810342789,0.4005993902683258,0.3184318542480469
YLR052W,YDL106C,0,-0.71515405,0.11182375997304916,0.4005993902683258,0.3185318410396576
YDL220C,YJR131W,0,-0.7152505,0.11179258674383163,0.4005993902683258,0.3186318576335907
YBR101C,YLR292C,0,-0.7153994,0.1117614284157753,0.4005993902683258,0.3187318742275238
YPR134W,YPR034W,0,-0.7154193,0.11173028498888016,0.4005993902683258,0.3188318908214569
YMR040W,YKL155C,0,-0.71542597,0.1116991639137268,0.4005993902683258,0.31893190741539
YJL078C,YLR323C,0,-0.7155427,0.11166805773973465,0.4005993902683258,0.31903189420700073
YHR148W,YLR417W,0,-0.7157501,0.11163697391748428,0.4005993902683258,0.31913191080093384
YDL230W,YDR201W,0,-0.71580195,0.11160589754581451,0.4005993902683258,0.31923192739486694
YDR309C,YKL040C,0,-0.71583366,0.11157484352588654,0.4005993902683258,0.31933194398880005
YNL223W,YLR043C,1,-0.71585095,0.1118219718337059,0.40159839391708374,0.31933194398880005
YDL072C,YGL111W,0,-0.7158698,0.11179088056087494,0.40159839391708374,0.31943193078041077
YOR156C,YGL111W,0,-0.715919,0.11175979673862457,0.40159839391708374,0.31953194737434387
YJL054W,YBR218C,0,-0.7160094,0.111728735268116,0.40159839391708374,0.319631963968277
YDR482C,YDR256C,0,-0.7161975,0.11169769614934921,0.40159839391708374,0.3197319805622101
YNL020C,YJL003W,0,-0.7162248,0.11166666448116302,0.40159839391708374,0.3198319971561432
YPL076W,YML082W,0,-0.71626985,0.11163565516471863,0.40159839391708374,0.3199319839477539
YPL004C,YDR045C,0,-0.71629953,0.11160466074943542,0.40159839391708374,0.320032000541687
YER056C,YKL051W,0,-0.71630144,0.11157368868589401,0.40159839391708374,0.3201320171356201
YER149C,YLR115W,0,-0.71639764,0.1115427315235138,0.40159839391708374,0.3202320337295532
YLR386W,YBL078C,1,-0.7165177,0.11178918182849884,0.4025973975658417,0.3202320337295532
YOR034C,YLL006W,0,-0.71672404,0.11175817996263504,0.4025973975658417,0.32033202052116394
YKL141W,YLR004C,0,-0.7167542,0.11172720044851303,0.4025973975658417,0.32043203711509705
YDR463W,YKL099C,0,-0.716861,0.11169622838497162,0.4025973975658417,0.32053205370903015
YKR096W,YOR358W,0,-0.7168635,0.111665278673172,0.4025973975658417,0.32063207030296326
YIR019C,YOR357C,0,-0.71721613,0.11163435131311417,0.4025973975658417,0.32073208689689636
YBR181C,YBR218C,0,-0.7174684,0.11160343140363693,0.4025973975658417,0.3208320736885071
YHR154W,YMR002W,0,-0.7175473,0.11157253384590149,0.4025973975658417,0.3209320902824402
YNL103W,YPL058C,0,-0.71760356,0.11154165863990784,0.4025973975658417,0.3210321068763733
YNL142W,YER149C,0,-0.7176703,0.11151079088449478,0.4025973975658417,0.3211321234703064
YOR264W,YNL020C,0,-0.717703,0.11147994548082352,0.4025973975658417,0.3212321102619171
YPL171C,YNL068C,0,-0.71780455,0.11144911497831345,0.4025973975658417,0.3213321268558502
YKR100C,YKR085C,0,-0.7179136,0.11141829937696457,0.4025973975658417,0.3214321434497833
YGL095C,YAL040C,1,-0.7180786,0.11166390031576157,0.4035964012145996,0.3214321434497833
YER044C-A,YPL183C,0,-0.7181246,0.1116330474615097,0.4035964012145996,0.32153216004371643
YPL140C,YLR056W,0,-0.7182386,0.11160220950841904,0.4035964012145996,0.32163217663764954
YCR091W,YMR230W,0,-0.71831405,0.11157138645648956,0.4035964012145996,0.32173216342926025
YER041W,YLR367W,0,-0.7183751,0.11154058575630188,0.4035964012145996,0.32183218002319336
YPR003C,YPL225W,0,-0.7184583,0.11150979995727539,0.4035964012145996,0.32193219661712646
YHL011C,YFR025C,0,-0.718487,0.1114790290594101,0.4035964012145996,0.32203221321105957
YNL242W,YCL063W,1,-0.7185278,0.1117241382598877,0.40459540486335754,0.32203221321105957
YLR423C,YDR495C,1,-0.7187252,0.11196911334991455,0.4055944085121155,0.32203221321105957
YJR041C,YDR386W,0,-0.7189536,0.1119382381439209,0.4055944085121155,0.3221322000026703
YIL138C,YER072W,1,-0.7191355,0.11218301951885223,0.4065934121608734,0.3221322000026703
YLR259C,YLR292C,0,-0.7193092,0.1121521070599556,0.4065934121608734,0.3222322165966034
YKL192C,YOR271C,0,-0.7193655,0.11212120950222015,0.4065934121608734,0.3223322331905365
YGL107C,YLR189C,0,-0.7195883,0.1120903342962265,0.4065934121608734,0.3224322497844696
YPL207W,YJL003W,0,-0.71962595,0.11205947399139404,0.4065934121608734,0.3225322663784027
YMR063W,YJL001W,0,-0.7201625,0.11202862858772278,0.4065934121608734,0.3226322531700134
YGL098W,YHL015W,0,-0.720255,0.11199779808521271,0.4065934121608734,0.32273226976394653
YAL048C,YMR158W,0,-0.7203342,0.11196698993444443,0.4065934121608734,0.32283228635787964
YLR181C,YNR071C,0,-0.7203686,0.11193619668483734,0.4065934121608734,0.32293230295181274
YER056C,YLR466W,0,-0.72038996,0.11190541833639145,0.4065934121608734,0.32303228974342346
YML021C,YFL049W,0,-0.72039056,0.11187465488910675,0.4065934121608734,0.32313230633735657
YLR234W,YGR260W,0,-0.72049844,0.11184391379356384,0.4065934121608734,0.3232323229312897
YCR105W,YLR175W,0,-0.7205262,0.11181318759918213,0.4065934121608734,0.3233323395252228
YGL073W,YIR031C,0,-0.7206094,0.11178247630596161,0.4065934121608734,0.3234323561191559
YOR264W,YNL055C,0,-0.7207551,0.11175178736448288,0.4065934121608734,0.3235323429107666
YOR334W,YLR360W,0,-0.72075963,0.11172110587358475,0.4065934121608734,0.3236323595046997
YGL076C,YIR004W,0,-0.720772,0.1116904467344284,0.4065934121608734,0.3237323760986328
YLR239C,YLR092W,0,-0.72077334,0.11165980994701385,0.4065934121608734,0.3238323926925659
YIL048W,YIL041W,1,-0.72088075,0.11190345883369446,0.40759241580963135,0.3238323926925659
YHR120W,YDR040C,0,-0.72106254,0.11187276989221573,0.40759241580963135,0.32393237948417664
YKR075C,YPL058C,0,-0.72113025,0.11184210330247879,0.40759241580963135,0.32403239607810974
YLR223C,YGR055W,0,-0.72134197,0.11181145161390305,0.40759241580963135,0.32413241267204285
YFR027W,YJR118C,0,-0.72146213,0.11178082227706909,0.40759241580963135,0.32423242926597595
YER038C,YGR017W,0,-0.72159266,0.11175020784139633,0.40759241580963135,0.32433244585990906
YDR078C,YJL083W,0,-0.72159994,0.11171960830688477,0.40759241580963135,0.3244324326515198
YPR034W,YER159C,0,-0.7216326,0.1116890236735344,0.40759241580963135,0.3245324492454529
YOL012C,YKR034W,0,-0.7216821,0.11165845394134521,0.40759241580963135,0.324632465839386
YOR011W,YAL051W,0,-0.7217561,0.11162790656089783,0.40759241580963135,0.3247324824333191
YBR101C,YIL018W,0,-0.7217914,0.11159737408161163,0.40759241580963135,0.3248324692249298
YDR350C,YPR007C,0,-0.72194195,0.11156685650348663,0.40759241580963135,0.3249324858188629
YLR431C,YER072W,1,-0.72196615,0.11180973052978516,0.4085914194583893,0.3249324858188629
YNR038W,YPL010W,0,-0.7220148,0.11177917569875717,0.4085914194583893,0.325032502412796
YFR047C,YKL149C,0,-0.7221527,0.11174863576889038,0.4085914194583893,0.3251325190067291
YLR239C,YGR208W,0,-0.7223469,0.11171811074018478,0.4085914194583893,0.32523253560066223
YML011C,YLR409C,0,-0.7224076,0.11168760061264038,0.4085914194583893,0.32533252239227295
YIL041W,YLR396C,1,-0.722468,0.11193010956048965,0.4095904231071472,0.32533252239227295
YGR174C,YNL132W,0,-0.722546,0.11189956218004227,0.4095904231071472,0.32543253898620605
YPL045W,YGR209C,1,-0.72260225,0.11214188486337662,0.41058939695358276,0.32543253898620605
YHR096C,YJR131W,0,-0.72263837,0.11211129277944565,0.41058939695358276,0.32553255558013916
YMR158W,YDR464W,0,-0.72268534,0.11208072304725647,0.41058939695358276,0.32563257217407227
YNR019W,YDL123W,0,-0.7227894,0.11205016076564789,0.41058939695358276,0.325732558965683
YDR176W,YHL006C,0,-0.72283256,0.1120196208357811,0.41058939695358276,0.3258325755596161
YGR235C,YDR273W,0,-0.72287405,0.1119891032576561,0.41058939695358276,0.3259325921535492
YKR077W,YHR133C,0,-0.7229527,0.1119585931301117,0.41058939695358276,0.3260326087474823
YML013W,YPL239W,0,-0.7229732,0.11192810535430908,0.41058939695358276,0.3261326253414154
YPL175W,YHR080C,0,-0.7230909,0.11189763247966766,0.41058939695358276,0.3262326121330261
YHR165C,YLR037C,0,-0.72320473,0.11186717450618744,0.41058939695358276,0.32633262872695923
YDR256C,YDR040C,0,-0.72322714,0.11183673143386841,0.41058939695358276,0.32643264532089233
YBL080C,YNL250W,0,-0.7233509,0.11180631071329117,0.41058939695358276,0.32653266191482544
YDR463W,YDL119C,0,-0.72355044,0.11177590489387512,0.41058939695358276,0.32663264870643616
YOR045W,YMR195W,0,-0.7236254,0.11174551397562027,0.41058939695358276,0.32673266530036926
YBR003W,YPL075W,0,-0.7236923,0.11171513795852661,0.41058939695358276,0.32683268189430237
YML041C,YLR189C,0,-0.72378266,0.11168478429317474,0.41058939695358276,0.3269326984882355
YHR190W,YDR165W,0,-0.72391117,0.11165443807840347,0.41058939695358276,0.3270327150821686
YBR109C,YMR153W,0,-0.7239319,0.11162411421537399,0.41058939695358276,0.3271327018737793
YOR045W,YOR049C,0,-0.72394097,0.1115938127040863,0.41058939695358276,0.3272327184677124
YGL085W,YNR033W,0,-0.7239615,0.11156351864337921,0.41058939695358276,0.3273327350616455
YFL026W,YGR060W,0,-0.723979,0.11153323948383331,0.41058939695358276,0.3274327516555786
YHR120W,YCR021C,0,-0.72400236,0.1115029826760292,0.41058939695358276,0.32753273844718933
YOR018W,YER123W,0,-0.72406185,0.11147274076938629,0.41058939695358276,0.32763275504112244
YHR033W,YLR360W,0,-0.7240629,0.11144251376390457,0.41058939695358276,0.32773277163505554
YLR044C,YJR052W,0,-0.72408235,0.11141230911016464,0.41058939695358276,0.32783278822898865
YBR162W-A,YLR052W,0,-0.724139,0.11138211190700531,0.41058939695358276,0.32793280482292175
YLR215C,YLR220W,0,-0.7241783,0.11135193705558777,0.41058939695358276,0.32803279161453247
YNL132W,YER005W,0,-0.72425294,0.11132177710533142,0.41058939695358276,0.3281328082084656
YGR204W,YJL013C,0,-0.7242969,0.11129163205623627,0.41058939695358276,0.3282328248023987
YNL142W,YDR057W,0,-0.7243974,0.11126150190830231,0.41058939695358276,0.3283328413963318
YNL137C,YLR085C,0,-0.72457266,0.11123139411211014,0.41058939695358276,0.3284328579902649
YLR059C,YML127W,0,-0.724704,0.11120130121707916,0.41058939695358276,0.3285328447818756
YGR024C,YLR190W,0,-0.7247044,0.11117122322320938,0.41058939695358276,0.3286328613758087
YPL036W,YJL083W,0,-0.7247286,0.1111411601305008,0.41058939695358276,0.3287328779697418
YJL059W,YPR120C,0,-0.7248316,0.1111111119389534,0.41058939695358276,0.3288328945636749
YAL007C,YGR211W,0,-0.7248341,0.1110810786485672,0.41058939695358276,0.32893288135528564
YGL067W,YHR110W,0,-0.72485757,0.11105106770992279,0.41058939695358276,0.32903289794921875
YLR451W,YCR018C,0,-0.7249155,0.11102107167243958,0.41058939695358276,0.32913291454315186
YJR131W,YJR054W,0,-0.7249508,0.11099109053611755,0.41058939695358276,0.32923293113708496
YMR274C,YPL010W,0,-0.7249893,0.11096112430095673,0.41058939695358276,0.32933294773101807
YBR080C,YJL178C,1,-0.7250395,0.11120107769966125,0.4115884006023407,0.32933294773101807
YJR042W,YLR382C,0,-0.725103,0.11117107421159744,0.4115884006023407,0.3294329345226288
YDR345C,YGR165W,0,-0.725134,0.11114108562469482,0.4115884006023407,0.3295329511165619
YLL018C,YIL033C,0,-0.7253245,0.1111111119389534,0.4115884006023407,0.329632967710495
YDR111C,YLR248W,0,-0.7254833,0.11108115315437317,0.4115884006023407,0.3297329843044281
YHR009C,YDR471W,0,-0.72550285,0.11105120927095413,0.4115884006023407,0.3298329710960388
YOR236W,YMR050C,0,-0.725523,0.11102128773927689,0.4115884006023407,0.3299329876899719
YHR202W,YNR037C,0,-0.7255399,0.11099138110876083,0.4115884006023407,0.33003300428390503
YDR469W,YNL176C,0,-0.7255573,0.11096148937940598,0.4115884006023407,0.33013302087783813
YDR235W,YMR195W,0,-0.7255837,0.11093161255121231,0.4115884006023407,0.33023303747177124
YKL129C,YGL027C,0,-0.725701,0.11090175062417984,0.4115884006023407,0.33033302426338196
YAR042W,YBL063W,0,-0.7258905,0.11087190359830856,0.4115884006023407,0.33043304085731506
YIL052C,YGR165W,0,-0.72599614,0.11084207892417908,0.4115884006023407,0.33053305745124817
YOR156C,YOR011W,0,-0.72620606,0.11081226170063019,0.4115884006023407,0.3306330740451813
YLR234W,YMR242C,0,-0.72630596,0.11078246682882309,0.4115884006023407,0.330733060836792
YCR036W,YDR002W,0,-0.72642434,0.11075268685817719,0.4115884006023407,0.3308330774307251
YML101C,YKL197C,0,-0.7264267,0.11072292178869247,0.4115884006023407,0.3309330940246582
YJL057C,YLR223C,0,-0.72652984,0.11069317907094955,0.4115884006023407,0.3310331106185913
YIL013C,YML120C,0,-0.726712,0.11066344380378723,0.4115884006023407,0.3311331272125244
YIL119C,YLR068W,0,-0.72678566,0.1106337308883667,0.4115884006023407,0.33123311400413513
YML098W,YHR114W,0,-0.7268089,0.11060402542352676,0.4115884006023407,0.33133313059806824
YOL023W,YEL006W,0,-0.72685695,0.11057434231042862,0.4115884006023407,0.33143314719200134
YAL040C,YEL013W,1,-0.72688615,0.11081298440694809,0.41258740425109863,0.33143314719200134
YCR091W,YBR272C,0,-0.72690904,0.11078326404094696,0.41258740425109863,0.33153316378593445
YJR153W,YNL130C,0,-0.7269273,0.11075355112552643,0.41258740425109863,0.33163315057754517
YGR204W,YGL127C,0,-0.7269393,0.11072386056184769,0.41258740425109863,0.33173316717147827
YJR052W,YDL076C,0,-0.72701335,0.11069418489933014,0.41258740425109863,0.3318331837654114
YDR372C,YPR133C,0,-0.7272444,0.11066452413797379,0.41258740425109863,0.3319332003593445
YMR063W,YNL142W,0,-0.7273425,0.11063487827777863,0.41258740425109863,0.3320332169532776
YGR266W,YDR386W,0,-0.72739506,0.11060524731874466,0.41258740425109863,0.3321332037448883
YOL098C,YFL056C,0,-0.72740006,0.11057563871145248,0.41258740425109863,0.3322332203388214
YPR173C,YHR005C,0,-0.7274722,0.1105460375547409,0.41258740425109863,0.3323332369327545
YBL080C,YER060W,0,-0.7274958,0.11051645874977112,0.41258740425109863,0.3324332535266876
YOL154W,YCR063W,0,-0.7277013,0.11048689484596252,0.41258740425109863,0.33253324031829834
YLR411W,YOL096C,0,-0.7277534,0.11045733839273453,0.41258740425109863,0.33263325691223145
YER007C-A,YMR225C,0,-0.7278371,0.11042780429124832,0.41258740425109863,0.33273327350616455
YFL026W,YJR108W,0,-0.7278973,0.1103982925415039,0.41258740425109863,0.33283329010009766
YER127W,YNR033W,0,-0.7279283,0.11036878824234009,0.41258740425109863,0.33293330669403076
YLR001C,YNR053C,0,-0.7279657,0.11033929884433746,0.41258740425109863,0.3330332934856415
YBR091C,YDL149W,0,-0.7279887,0.11030983179807663,0.41258740425109863,0.3331333100795746
YGR007W,YDL012C,0,-0.72816765,0.11028037220239639,0.41258740425109863,0.3332333266735077
YDL077C,YDL149W,1,-0.72829354,0.11051788926124573,0.41358640789985657,0.3332333266735077
YFL056C,YGR120C,0,-0.7284254,0.1104883924126625,0.41358640789985657,0.3333333432674408
YHR154W,YHR142W,0,-0.7285055,0.11045891046524048,0.41358640789985657,0.3334333300590515
YDL117W,YOR110W,0,-0.72853315,0.11042945086956024,0.41358640789985657,0.3335333466529846
YOR252W,YGL129C,0,-0.728636,0.1103999987244606,0.41358640789985657,0.3336333632469177
YFL025C,YDL106C,0,-0.72869515,0.11037056893110275,0.41358640789985657,0.33373337984085083
YOR177C,YHR149C,0,-0.7287246,0.1103411540389061,0.41358640789985657,0.33383339643478394
YKL033W,YPL133C,0,-0.72873926,0.11031175404787064,0.41358640789985657,0.33393338322639465
YHR009C,YMR230W,0,-0.7287618,0.11028236895799637,0.41358640789985657,0.33403339982032776
YLR148W,YPL019C,1,-0.728786,0.11051930487155914,0.4145854115486145,0.33403339982032776
YBR060C,YGL194C,0,-0.72878826,0.11048988252878189,0.4145854115486145,0.33413341641426086
YNL031C,YCR036W,0,-0.7288126,0.11046047508716583,0.4145854115486145,0.33423343300819397
YKR053C,YMR220W,0,-0.72893584,0.11043108254671097,0.4145854115486145,0.3343334197998047
YJR042W,YOL121C,0,-0.7289984,0.1104017049074173,0.4145854115486145,0.3344334363937378
YIL153W,YJL001W,0,-0.7292179,0.11037234216928482,0.4145854115486145,0.3345334529876709
YHL028W,YBL063W,0,-0.7292323,0.11034299433231354,0.4145854115486145,0.334633469581604
YOR087W,YML092C,0,-0.72933507,0.11031366139650345,0.4145854115486145,0.3347334861755371
YDR100W,YFR030W,0,-0.7293793,0.11028435081243515,0.4145854115486145,0.3348334729671478
YGR174C,YKL032C,0,-0.7294444,0.11025504767894745,0.4145854115486145,0.33493348956108093
YFR047C,YPR161C,0,-0.72957647,0.11022576689720154,0.4145854115486145,0.33503350615501404
YGL098W,YFR030W,0,-0.7296696,0.11019649356603622,0.4145854115486145,0.33513352274894714
YEL027W,YOR326W,1,-0.7296978,0.1104327067732811,0.41558441519737244,0.33513352274894714
YIL069C,YOL032W,0,-0.7297082,0.1104033961892128,0.41558441519737244,0.33523350954055786
YBR208C,YDL012C,0,-0.729808,0.11037410795688629,0.41558441519737244,0.33533352613449097
YDL093W,YGL151W,0,-0.72983193,0.11034482717514038,0.41558441519737244,0.3354335427284241
YOR267C,YLR093C,0,-0.72983575,0.11031556874513626,0.41558441519737244,0.3355335593223572
YIL156W,YJL197W,0,-0.7299254,0.11028631776571274,0.41558441519737244,0.3356335759162903
YIL048W,YBR105C,1,-0.72992563,0.11052212864160538,0.41658341884613037,0.3356335759162903
YLR102C,YPL010W,0,-0.7299894,0.11049284785985947,0.41658341884613037,0.335733562707901
YDR545W,YGL061C,0,-0.7300689,0.11046357452869415,0.41658341884613037,0.3358335793018341
YJR132W,YLR460C,0,-0.73009646,0.11043432354927063,0.41658341884613037,0.3359335958957672
YEL051W,YNL081C,0,-0.730106,0.1104050800204277,0.41658341884613037,0.3360336124897003
YML041C,YGL129C,0,-0.7301513,0.11037585884332657,0.41658341884613037,0.33613359928131104
YOR081C,YPL210C,0,-0.7301611,0.11034665256738663,0.41658341884613037,0.33623361587524414
YIL056W,YGR174C,0,-0.73023105,0.11031746119260788,0.41658341884613037,0.33633363246917725
YBR029C,YBR208C,0,-0.73032784,0.11028828471899033,0.41658341884613037,0.33643364906311035
YDR309C,YJR050W,0,-0.7303407,0.11025912314653397,0.41658341884613037,0.33653366565704346
YBR114W,YHL050C,0,-0.730433,0.1102299764752388,0.41658341884613037,0.3366336524486542
YDR350C,YGR083C,0,-0.7305033,0.11020084470510483,0.41658341884613037,0.3367336690425873
YFL004W,YBR109C,1,-0.7305052,0.11043593287467957,0.4175824224948883,0.3367336690425873
YDR235W,YNL246W,0,-0.7305796,0.11040676385164261,0.4175824224948883,0.3368336856365204
YOL122C,YNR030W,0,-0.73059785,0.11037760972976685,0.4175824224948883,0.3369337022304535
YAR042W,YDR019C,0,-0.7306969,0.11034847050905228,0.4175824224948883,0.3370336890220642
YGR211W,YDR135C,0,-0.73073375,0.1103193461894989,0.4175824224948883,0.3371337056159973
YDR148C,YIL068C,0,-0.73098624,0.11029023677110672,0.4175824224948883,0.3372337222099304
YDR345C,YAL019W,0,-0.73101103,0.11026114225387573,0.4175824224948883,0.3373337388038635
YDL093W,YPR174C,0,-0.73104846,0.11023207008838654,0.4175824224948883,0.33743375539779663
YBR248C,YOR358W,0,-0.73111546,0.11020300537347794,0.4175824224948883,0.33753374218940735
YDR178W,YDL145C,0,-0.73114157,0.11017395555973053,0.4175824224948883,0.33763375878334045
YDL235C,YNL094W,0,-0.7311654,0.11014492809772491,0.4175824224948883,0.33773377537727356
YIL138C,YLR093C,1,-0.73124194,0.11037934571504593,0.41858142614364624,0.33773377537727356
YOL069W,YDR045C,0,-0.73128617,0.11035027354955673,0.41858142614364624,0.33783379197120667
YHR202W,YNR055C,0,-0.73129344,0.11032122373580933,0.41858142614364624,0.3379337787628174
YHR165C,YDR395W,0,-0.7312969,0.11029218137264252,0.41858142614364624,0.3380337953567505
YHR138C,YPL100W,1,-0.731321,0.11052631586790085,0.4195804297924042,0.3380337953567505
YDL247W,YDR268W,0,-0.73151374,0.11049723625183105,0.4195804297924042,0.3381338119506836
YLR347C,YPL021W,0,-0.7315483,0.11046817153692245,0.4195804297924042,0.3382338285446167
YML023C,YGL240W,0,-0.7316297,0.11043912917375565,0.4195804297924042,0.3383338451385498
YNL059C,YPR007C,0,-0.7316991,0.11041009426116943,0.4195804297924042,0.3384338319301605
YOL122C,YBR091C,0,-0.7317481,0.11038107424974442,0.4195804297924042,0.33853384852409363
YML120C,YLL031C,0,-0.7319206,0.11035207659006119,0.4195804297924042,0.33863386511802673
YDR343C,YJR118C,0,-0.73193645,0.11032308638095856,0.4195804297924042,0.33873388171195984
YGR266W,YJL035C,0,-0.7319815,0.11029411852359772,0.4195804297924042,0.33883386850357056
YML107C,YFR010W,0,-0.7323309,0.11026515811681747,0.4195804297924042,0.33893388509750366
YPL141C,YBR121C,0,-0.7323804,0.11023622006177902,0.4195804297924042,0.33903390169143677
YKL016C,YGR193C,0,-0.7324265,0.11020729690790176,0.4195804297924042,0.3391339182853699
YOL042W,YDR039C,0,-0.7324532,0.1101783812046051,0.4195804297924042,0.339233934879303
YDR350C,YLR061W,0,-0.73250973,0.11014948785305023,0.4195804297924042,0.3393339216709137
YEL027W,YDL087C,0,-0.73257184,0.11012060940265656,0.4195804297924042,0.3394339382648468
YLL048C,YIL007C,0,-0.73259735,0.11009174585342407,0.4195804297924042,0.3395339548587799
YBL013W,YGR040W,0,-0.7326356,0.11006288975477219,0.4195804297924042,0.339633971452713
YJL110C,YPR003C,0,-0.7327881,0.11003405600786209,0.4195804297924042,0.3397339880466461
YHR157W,YNR033W,0,-0.73279476,0.11000523716211319,0.4195804297924042,0.33983397483825684
YER044C-A,YLL006W,0,-0.73283374,0.10997643321752548,0.4195804297924042,0.33993399143218994
YDR078C,YPL075W,0,-0.73294926,0.10994764417409897,0.4195804297924042,0.34003400802612305
YOR068C,YPR049C,1,-0.7331284,0.1101805791258812,0.4205794334411621,0.34003400802612305
YAL002W,YBR217W,1,-0.73314786,0.11041339486837387,0.42157840728759766,0.34003400802612305
YDR004W,YPL043W,0,-0.73320735,0.1103845164179802,0.42157840728759766,0.34013402462005615
YOL042W,YNR033W,0,-0.7334124,0.11035564541816711,0.42157840728759766,0.34023401141166687
YPL224C,YHR197W,0,-0.73347616,0.11032679677009583,0.42157840728759766,0.3403340280056
YER179W,YKL060C,0,-0.73358727,0.11029796302318573,0.42157840728759766,0.3404340445995331
YMR101C,YKL150W,0,-0.7336122,0.11026913672685623,0.42157840728759766,0.3405340611934662
YDR201W,YML004C,0,-0.7336259,0.11024033278226852,0.42157840728759766,0.3406340777873993
YNL242W,YFL004W,1,-0.7336532,0.11047270894050598,0.4225774109363556,0.3406340777873993
YGR082W,YJL013C,0,-0.7336565,0.11044386774301529,0.4225774109363556,0.34073406457901
YNL242W,YAL040C,1,-0.7337773,0.11067606508731842,0.4235764145851135,0.34073406457901
YDR280W,YNL278W,0,-0.7338444,0.11064717918634415,0.4235764145851135,0.3408340811729431
YPR097W,YKR072C,0,-0.7338631,0.11061831563711166,0.4235764145851135,0.3409340977668762
YBR112C,YCL048W,0,-0.7339338,0.11058945953845978,0.4235764145851135,0.3410341143608093
YPR155C,YHL015W,0,-0.73395956,0.11056062579154968,0.4235764145851135,0.34113410115242004
YPL169C,YGR266W,0,-0.7339734,0.11053180694580078,0.4235764145851135,0.34123411774635315
YBR085W,YGL045W,0,-0.7341068,0.11050299555063248,0.4235764145851135,0.34133413434028625
YLR037C,YBL025W,0,-0.73411894,0.11047420650720596,0.4235764145851135,0.34143415093421936
YAL002W,YAL007C,0,-0.73422766,0.11044542491436005,0.4235764145851135,0.34153416752815247
YLR363C,YER081W,0,-0.7342355,0.11041666567325592,0.4235764145851135,0.3416341543197632
YHR204W,YLR411W,0,-0.7343458,0.11038792133331299,0.4235764145851135,0.3417341709136963
YNL045W,YER127W,0,-0.73436403,0.11035918444395065,0.4235764145851135,0.3418341875076294
YAL030W,YNL287W,0,-0.7345983,0.11033046990633011,0.4235764145851135,0.3419342041015625
YEL027W,YGR209C,1,-0.73467076,0.11056191474199295,0.42457541823387146,0.3419342041015625
YNL250W,YDR025W,0,-0.7348474,0.11053316295146942,0.42457541823387146,0.3420341908931732
YHR039C-A,YBL078C,1,-0.7350104,0.11076442897319794,0.4255744218826294,0.3420341908931732
YDR145W,YNL045W,0,-0.73510575,0.11073563992977142,0.4255744218826294,0.3421342074871063
YPR161C,YMR015C,0,-0.735121,0.1107068583369255,0.4255744218826294,0.34223422408103943
YNL190W,YPL248C,0,-0.7351283,0.11067809909582138,0.4255744218826294,0.34233424067497253
YLR293C,YIL167W,0,-0.7351353,0.11064934730529785,0.4255744218826294,0.34243425726890564
YLL024C,YJR052W,0,-0.73516273,0.11062061786651611,0.4255744218826294,0.34253424406051636
YEL005C,YBR029C,0,-0.7352214,0.11059190332889557,0.4255744218826294,0.34263426065444946
YER109C,YOR272W,0,-0.7353158,0.11056319624185562,0.4255744218826294,0.34273427724838257
YLR143W,YCR005C,0,-0.73549664,0.11053451150655746,0.4255744218826294,0.3428342938423157
YBR043C,YKL138C,0,-0.7355299,0.1105058342218399,0.4255744218826294,0.3429342806339264
YER014W,YMR215W,0,-0.73562,0.11047717928886414,0.4255744218826294,0.3430342972278595
YML021C,YLR363C,0,-0.7357116,0.11044853180646896,0.4255744218826294,0.3431343138217926
YAL002W,YIL130W,0,-0.73583174,0.11041990667581558,0.4255744218826294,0.3432343304157257
YML107C,YNR071C,0,-0.73583424,0.1103912964463234,0.4255744218826294,0.3433343470096588
YLR239C,YMR072W,0,-0.7358974,0.1103626936674118,0.4255744218826294,0.34343433380126953
YOR316C,YHR142W,0,-0.7359122,0.110334113240242,0.4255744218826294,0.34353435039520264
YEL027W,YPL045W,1,-0.7359669,0.11056447774171829,0.42657342553138733,0.34353435039520264
YKR088C,YKR034W,0,-0.7359816,0.11053585261106491,0.42657342553138733,0.34363436698913574
YOR380W,YPR100W,0,-0.7360252,0.11050724983215332,0.42657342553138733,0.34373438358306885
YCL016C,YKL060C,0,-0.7360475,0.11047865450382233,0.42657342553138733,0.34383437037467957
YPR034W,YHL035C,0,-0.7360525,0.11045007407665253,0.42657342553138733,0.34393438696861267
YLR194C,YPR017C,0,-0.7361051,0.11042151600122452,0.42657342553138733,0.3440344035625458
YPL203W,YKR064W,0,-0.73617005,0.1103929653763771,0.42657342553138733,0.3441344201564789
YDR009W,YPL173W,0,-0.73620796,0.11036443710327148,0.42657342553138733,0.344234436750412
YKL052C,YGL061C,0,-0.73625374,0.11033591628074646,0.42657342553138733,0.3443344235420227
YNL015W,YCL063W,1,-0.7362639,0.11056574434041977,0.42757242918014526,0.3443344235420227
YOL023W,YHR106W,0,-0.73628664,0.11053719371557236,0.42757242918014526,0.3444344401359558
YGR283C,YKL054C,0,-0.7363688,0.11050865054130554,0.42757242918014526,0.3445344567298889
YJR049C,YDR289C,0,-0.7364311,0.11048012226819992,0.42757242918014526,0.344634473323822
YBR054W,YAL011W,0,-0.73648214,0.11045161634683609,0.42757242918014526,0.34473446011543274
YHR154W,YOR157C,0,-0.7365457,0.11042311787605286,0.42757242918014526,0.34483447670936584
YFR027W,YPL280W,0,-0.73677444,0.11039463430643082,0.42757242918014526,0.34493449330329895
YBL056W,YGR202C,0,-0.73690486,0.11036616563796997,0.42757242918014526,0.34503450989723206
YPR106W,YCR021C,0,-0.73691785,0.11033771932125092,0.42757242918014526,0.34513452649116516
YDR441C,YGL027C,0,-0.7369565,0.11030928045511246,0.42757242918014526,0.3452345132827759
YML001W,YIL138C,1,-0.73700774,0.11053851991891861,0.4285714328289032,0.3452345132827759
YPR131C,YBR015C,0,-0.7370968,0.11051004379987717,0.4285714328289032,0.345334529876709
YNL246W,YPL021W,0,-0.73710644,0.11048159003257751,0.4285714328289032,0.3454345464706421
YOR136W,YPL253C,0,-0.7371571,0.11045314371585846,0.4285714328289032,0.3455345630645752
YNL318C,YHL011C,0,-0.7371763,0.1104247123003006,0.4285714328289032,0.3456345498561859
YFR025C,YGR142W,0,-0.7372787,0.11039629578590393,0.4285714328289032,0.345734566450119
YGL212W,YLR043C,1,-0.73728704,0.11062516272068024,0.42957043647766113,0.345734566450119
YER031C,YER159C,0,-0.7373171,0.11059670895338058,0.42957043647766113,0.3458345830440521
YDL105W,YMR220W,0,-0.7374059,0.11056827008724213,0.42957043647766113,0.34593459963798523
YMR215W,YLR313C,0,-0.73753476,0.11053984612226486,0.42957043647766113,0.34603461623191833
YBR168W,YPL097W,0,-0.7375531,0.11051143705844879,0.42957043647766113,0.34613460302352905
YLR085C,YDR545W,0,-0.7376932,0.11048304289579391,0.42957043647766113,0.34623461961746216
YFR027W,YKL077W,0,-0.7377323,0.11045466363430023,0.42957043647766113,0.34633463621139526
YHR110W,YML016C,0,-0.73773384,0.11042629927396774,0.42957043647766113,0.34643465280532837
YBR086C,YER123W,0,-0.73795927,0.11039794236421585,0.42957043647766113,0.3465346395969391
YIL018W,YPL049C,0,-0.738245,0.11036960780620575,0.42957043647766113,0.3466346561908722
YDR482C,YOL121C,0,-0.7383592,0.11034128814935684,0.42957043647766113,0.3467346727848053
YLR390W-A,YGR078C,0,-0.73840153,0.11031298339366913,0.42957043647766113,0.3468346893787384
YDR528W,YNL029C,0,-0.73847055,0.11028468608856201,0.42957043647766113,0.3469347059726715
YPR057W,YAL051W,0,-0.73854125,0.11025641113519669,0.42957043647766113,0.3470346927642822
YOR267C,YPR134W,0,-0.73864007,0.11022814363241196,0.42957043647766113,0.34713470935821533
YDL077C,YGR209C,1,-0.7386613,0.11045617610216141,0.43056944012641907,0.34713470935821533
YHR142W,YJL001W,0,-0.73868597,0.11042787879705429,0.43056944012641907,0.34723472595214844
YMR040W,YPL145C,0,-0.73870146,0.11039958894252777,0.43056944012641907,0.34733474254608154
YDR372C,YOL032W,0,-0.73879457,0.11037132143974304,0.43056944012641907,0.34743472933769226
YOR049C,YER056C,0,-0.73880076,0.11034306138753891,0.43056944012641907,0.34753474593162537
YHR165C,YCR016W,0,-0.73883605,0.11031481623649597,0.43056944012641907,0.34763476252555847
YPL116W,YGL085W,0,-0.73885524,0.11028659343719482,0.43056944012641907,0.3477347791194916
YKR034W,YLL014W,0,-0.738919,0.11025837808847427,0.43056944012641907,0.3478347957134247
YGR254W,YPL045W,1,-0.738943,0.11048593372106552,0.431568443775177,0.3478347957134247
YBR091C,YDR057W,0,-0.7390473,0.11045768111944199,0.431568443775177,0.3479347825050354
YBR279W,YLR067C,0,-0.7393627,0.11042945086956024,0.431568443775177,0.3480347990989685
YCL051W,YBR131W,0,-0.73936284,0.1104012280702591,0.431568443775177,0.3481348156929016
YMR192W,YIL107C,0,-0.73947966,0.11037302017211914,0.431568443775177,0.3482348322868347
YDR259C,YGL194C,0,-0.7394836,0.11034482717514038,0.431568443775177,0.34833481907844543
YBR038W,YMR009W,0,-0.73951304,0.11031664907932281,0.431568443775177,0.34843483567237854
YKL002W,YBR131W,0,-0.7397692,0.11028848588466644,0.431568443775177,0.34853485226631165
YBR080C,YOR332W,1,-0.7399384,0.11051557213068008,0.43256744742393494,0.34853485226631165
YGL144C,YPR097W,0,-0.7399883,0.11048737168312073,0.43256744742393494,0.34863486886024475
YPL056C,YMR118C,0,-0.7405287,0.11045918613672256,0.43256744742393494,0.34873488545417786
YNL190W,YDR028C,0,-0.7405467,0.1104310154914856,0.43256744742393494,0.3488348722457886
YOR262W,YGR181W,0,-0.74058485,0.11040285229682922,0.43256744742393494,0.3489348888397217
YLR148W,YKL051W,1,-0.74076724,0.1106296181678772,0.4335664212703705,0.3489348888397217
YGL027C,YNL094W,0,-0.7407774,0.11060142517089844,0.4335664212703705,0.3490349054336548
YBR109C,YJL012C,1,-0.7408693,0.11082802712917328,0.4345654249191284,0.3490349054336548
YDR463W,YGR260W,0,-0.74096084,0.11079979687929153,0.4345654249191284,0.3491349220275879
YDR513W,YNR059W,0,-0.7409748,0.11077158153057098,0.4345654249191284,0.3492349088191986
YIL014W,YLR093C,0,-0.741138,0.11074338108301163,0.4345654249191284,0.3493349254131317
YCR044C,YKR095W,0,-0.7412307,0.11071519553661346,0.4345654249191284,0.3494349420070648
YNL288W,YJL083W,0,-0.7414795,0.1106870248913765,0.4345654249191284,0.3495349586009979
YCL017C,YER060W,0,-0.74148345,0.11065886914730072,0.4345654249191284,0.34963497519493103
YIL052C,YKL002W,0,-0.74176526,0.11063072085380554,0.4345654249191284,0.34973496198654175
YLR431C,YLR043C,1,-0.74177957,0.11085685342550278,0.43556442856788635,0.34973496198654175
YDR204W,YPL130W,0,-0.7418903,0.11082867532968521,0.43556442856788635,0.34983497858047485
YFL026W,YDR234W,0,-0.7419208,0.11080050468444824,0.43556442856788635,0.34993499517440796
YPL019C,YDR126W,1,-0.7420541,0.11102642118930817,0.4365634322166443,0.34993499517440796
YIL052C,YHR014W,0,-0.742082,0.11099822074174881,0.4365634322166443,0.35003501176834106
YPR188C,YNL161W,0,-0.7420974,0.11097003519535065,0.4365634322166443,0.35013502836227417
YLR131C,YLR023C,0,-0.7423285,0.11094186455011368,0.4365634322166443,0.3502350151538849
YHR009C,YBR112C,0,-0.74243534,0.1109137088060379,0.4365634322166443,0.350335031747818
YBR054W,YDR386W,0,-0.74245656,0.11088556051254272,0.4365634322166443,0.3504350483417511
YML059C,YDR004W,0,-0.742576,0.11085743457078934,0.4365634322166443,0.3505350649356842
YLR248W,YLR288C,0,-0.74261856,0.11082931607961655,0.4365634322166443,0.3506350517272949
YNL328C,YMR195W,0,-0.7426286,0.11080121994018555,0.4365634322166443,0.350735068321228
YIL069C,YMR313C,0,-0.7429551,0.11077313125133514,0.4365634322166443,0.35083508491516113
YOL121C,YER167W,0,-0.7431536,0.11074505746364594,0.4365634322166443,0.35093510150909424
YMR220W,YOR227W,0,-0.7435235,0.11071699857711792,0.4365634322166443,0.35103511810302734
YPL036W,YKL134C,0,-0.74367166,0.1106889545917511,0.4365634322166443,0.35113510489463806
YKL014C,YER177W,0,-0.74368,0.11066092550754547,0.4365634322166443,0.35123512148857117
YPL004C,YCL064C,0,-0.74379086,0.11063291132450104,0.4365634322166443,0.3513351380825043
YAL040C,YFL004W,1,-0.74389875,0.1108580082654953,0.4375624358654022,0.3513351380825043
YBL005W,YDL031W,0,-0.743966,0.11082995682954788,0.4375624358654022,0.3514351546764374
YGR080W,YGL085W,0,-0.7439902,0.11080192029476166,0.4375624358654022,0.3515351414680481
YLL006W,YNR071C,0,-0.7440753,0.11077389866113663,0.4375624358654022,0.3516351580619812
YBR101C,YDR516C,0,-0.74412596,0.11074589192867279,0.4375624358654022,0.3517351746559143
YLL018C-A,YPR068C,0,-0.7441579,0.11071790009737015,0.4375624358654022,0.3518351912498474
YIL052C,YOR266W,0,-0.7441685,0.1106899157166481,0.4375624358654022,0.3519352078437805
YNL103W,YKR083C,0,-0.74421275,0.11066195368766785,0.4375624358654022,0.35203519463539124
YCL016C,YDL102W,0,-0.74425006,0.11063399910926819,0.4375624358654022,0.35213521122932434
YOR191W,YNR071C,0,-0.74430525,0.11060605943202972,0.4375624358654022,0.35223522782325745
YDR145W,YML120C,0,-0.7443274,0.11057813465595245,0.4375624358654022,0.35233524441719055
YDR256C,YEL005C,0,-0.74433374,0.11055022478103638,0.4375624358654022,0.35243523120880127
YLR333C,YER081W,0,-0.7443445,0.1105223298072815,0.4375624358654022,0.3525352478027344
YKR053C,YDR165W,0,-0.7443725,0.1104944497346878,0.4375624358654022,0.3526352643966675
YOR002W,YOR189W,0,-0.74439466,0.11046658456325531,0.4375624358654022,0.3527352809906006
YNL059C,YKL040C,0,-0.74442184,0.11043872684240341,0.4375624358654022,0.3528352975845337
YGR178C,YKL087C,0,-0.7444365,0.1104108914732933,0.4375624358654022,0.3529352843761444
YJR073C,YNL066W,0,-0.74449456,0.1103830635547638,0.4375624358654022,0.3530353009700775
YOL069W,YAL028W,0,-0.7445637,0.11035525053739548,0.4375624358654022,0.3531353175640106
YAL040C,YPL100W,1,-0.7445822,0.11057934165000916,0.43856143951416016,0.3531353175640106
YGL139W,YPR148C,0,-0.744661,0.11055149883031845,0.43856143951416016,0.3532353341579437
YGR005C,YOL052C-A,0,-0.7446815,0.11052366346120834,0.43856143951416016,0.35333532094955444
YCR086W,YNL278W,0,-0.74469185,0.11049585044384003,0.43856143951416016,0.35343533754348755
YOL121C,YMR133W,0,-0.74494016,0.11046804487705231,0.43856143951416016,0.35353535413742065
YHR174W,YBL050W,1,-0.745003,0.11069182306528091,0.4395604431629181,0.35353535413742065
YPL130W,YNL161W,0,-0.7452452,0.11066398024559021,0.4395604431629181,0.35363537073135376
YER060W-A,YOR009W,0,-0.74525523,0.1106361597776413,0.4395604431629181,0.35373538732528687
YDL160C,YNL180C,0,-0.7453134,0.11060834676027298,0.4395604431629181,0.3538353741168976
YNL142W,YDR176W,0,-0.74550426,0.11058054864406586,0.4395604431629181,0.3539353907108307
YKL039W,YDL031W,0,-0.7455355,0.11055276542901993,0.4395604431629181,0.3540354073047638
YJL089W,YGL238W,0,-0.74558985,0.11052499711513519,0.4395604431629181,0.3541354238986969
YPL138C,YER100W,0,-0.74559546,0.11049723625183105,0.4395604431629181,0.3542354106903076
YOR267C,YKL045W,0,-0.74578357,0.11046949774026871,0.4395604431629181,0.3543354272842407
YDR268W,YBR208C,0,-0.74580026,0.11044176667928696,0.4395604431629181,0.35443544387817383
YDR268W,YCL067C,0,-0.7458097,0.1104140505194664,0.4395604431629181,0.35453546047210693
YPR071W,YJL069C,0,-0.7458446,0.11038634926080704,0.4395604431629181,0.35463547706604004
YOR129C,YCL048W,0,-0.745957,0.11035866290330887,0.4395604431629181,0.35473546385765076
YER177W,YPR199C,0,-0.74601114,0.1103309914469719,0.4395604431629181,0.35483548045158386
YGL058W,YDR359C,0,-0.7460767,0.11030333489179611,0.4395604431629181,0.35493549704551697
YFR050C,YGR040W,0,-0.74615395,0.11027568578720093,0.4395604431629181,0.3550355136394501
YIL098C,YPR105C,0,-0.74621665,0.11024805903434753,0.4395604431629181,0.3551355004310608
YJR035W,YBR065C,0,-0.74633706,0.11022043973207474,0.4395604431629181,0.3552355170249939
YMR262W,YER178W,0,-0.7464154,0.11019283533096313,0.4395604431629181,0.355335533618927
YJR120W,YGR217W,0,-0.7464466,0.11016524583101273,0.4395604431629181,0.3554355502128601
YOL078W,YLR055C,0,-0.7464732,0.11013767123222351,0.4395604431629181,0.3555355668067932
YBL056W,YMR081C,0,-0.7464863,0.11011011153459549,0.4395604431629181,0.35563555359840393
YMR192W,YOL122C,0,-0.7465037,0.11008255928754807,0.4395604431629181,0.35573557019233704
YGR165W,YER149C,0,-0.7465799,0.11005502939224243,0.4395604431629181,0.35583558678627014
YLR423C,YNL223W,1,-0.74660385,0.11027757078409195,0.440559446811676,0.35583558678627014
YGR138C,YGL129C,0,-0.7467227,0.11025000363588333,0.440559446811676,0.35593560338020325
YGR004W,YBR272C,0,-0.7468002,0.11022244393825531,0.440559446811676,0.35603559017181396
YER031C,YDR350C,0,-0.7468991,0.11019489914178848,0.440559446811676,0.35613560676574707
YNL045W,YFR025C,0,-0.74694777,0.11016737669706345,0.440559446811676,0.3562356233596802
YJR084W,YGL058W,0,-0.7470887,0.110139861702919,0.440559446811676,0.3563356399536133
YDR381W,YFR049W,0,-0.7472359,0.11011236160993576,0.440559446811676,0.3564356565475464
YHR169W,YOR068C,0,-0.7472464,0.11008486896753311,0.440559446811676,0.3565356433391571
YLR234W,YER033C,0,-0.74727726,0.11005739867687225,0.440559446811676,0.3566356599330902
YJR073C,YLR435W,0,-0.7472789,0.11002994328737259,0.440559446811676,0.3567356765270233
YPL116W,YGL076C,0,-0.7472894,0.11000249534845352,0.440559446811676,0.3568356931209564
YLR451W,YDR406W,0,-0.7473613,0.10997506231069565,0.440559446811676,0.35693567991256714
YBL100W-B,YCR063W,0,-0.7474549,0.10994764417409897,0.440559446811676,0.35703569650650024
YBR218C,YPR046W,0,-0.74758196,0.10992024093866348,0.440559446811676,0.35713571310043335
YCL051W,YNL041C,0,-0.7476294,0.1098928451538086,0.440559446811676,0.35723572969436646
YAL059W,YMR133W,0,-0.7476425,0.1098654717206955,0.440559446811676,0.35733574628829956
YPR110C,YBR193C,0,-0.74783707,0.109838105738163,0.440559446811676,0.3574357330799103
YJL045W,YJR052W,0,-0.7478646,0.10981075465679169,0.440559446811676,0.3575357496738434
YOL059W,YKR099W,0,-0.747972,0.10978341847658157,0.440559446811676,0.3576357662677765
YIL064W,YPR100W,0,-0.7481948,0.10975609719753265,0.440559446811676,0.3577357828617096
YDR439W,YMR040W,0,-0.7482616,0.10972879081964493,0.440559446811676,0.3578357696533203
YNL326C,YHR138C,1,-0.748283,0.10995025187730789,0.44155845046043396,0.3578357696533203
YHR165C,YLR442C,0,-0.7483214,0.10992290824651718,0.44155845046043396,0.3579357862472534
YDR325W,YJL168C,0,-0.74845505,0.10989557206630707,0.44155845046043396,0.3580358028411865
YFL004W,YDR126W,1,-0.74861526,0.11011683195829391,0.4425574541091919,0.3580358028411865
YER179W,YOL095C,0,-0.7486713,0.11008946597576141,0.4425574541091919,0.35813581943511963
YPR154W,YHR148W,0,-0.7486851,0.1100621148943901,0.4425574541091919,0.35823583602905273
YJL181W,YER143W,0,-0.74870694,0.1100347712635994,0.4425574541091919,0.35833582282066345
YBR080C,YGL180W,1,-0.7487962,0.11025577038526535,0.44355645775794983,0.35833582282066345
YHR190W,YBR121C,0,-0.7488208,0.11022840440273285,0.44355645775794983,0.35843583941459656
YNL318C,YOL023W,0,-0.74889684,0.11020104587078094,0.44355645775794983,0.35853585600852966
YOR334W,YOR193W,0,-0.74905276,0.11017369478940964,0.44355645775794983,0.35863587260246277
YOL154W,YPL115C,0,-0.7490945,0.11014636605978012,0.44355645775794983,0.3587358593940735
YDR359C,YHR106W,0,-0.7493328,0.1101190447807312,0.44355645775794983,0.3588358759880066
YHR148W,YNL156C,0,-0.74935365,0.11009174585342407,0.44355645775794983,0.3589358925819397
YGR235C,YDR422C,0,-0.7493907,0.11006445437669754,0.44355645775794983,0.3590359091758728
YGR174C,YDL093W,0,-0.7494582,0.1100371778011322,0.44355645775794983,0.3591359257698059
YOR266W,YKL054C,0,-0.74959695,0.11000990867614746,0.44355645775794983,0.3592359125614166
YIL041W,YNR007C,1,-0.7496848,0.11023037135601044,0.4445554316043854,0.3592359125614166
YMR001C,YLR054C,0,-0.74978614,0.11020307242870331,0.4445554316043854,0.35933592915534973
YLR185W,YHL017W,0,-0.74984574,0.11017578840255737,0.4445554316043854,0.35943594574928284
YDR002W,YHR120W,0,-0.74986815,0.11014851182699203,0.4445554316043854,0.35953596234321594
YFL061W,YMR313C,0,-0.7499318,0.11012125760316849,0.4445554316043854,0.35963594913482666
YPL138C,YDR201W,0,-0.7499957,0.11009401082992554,0.4445554316043854,0.35973596572875977
YOR247W,YPL010W,0,-0.75007534,0.11006677895784378,0.4445554316043854,0.35983598232269287
YER062C,YOR156C,0,-0.75011694,0.11003956198692322,0.4445554316043854,0.359935998916626
YDL100C,YBR085W,0,-0.7501559,0.11001235991716385,0.4445554316043854,0.3600360155105591
YNL242W,YBR109C,1,-0.75020146,0.11023233085870743,0.4455544352531433,0.3600360155105591
YDR127W,YBL051C,0,-0.7502614,0.11020509153604507,0.4455544352531433,0.3601360023021698
YCL039W,YMR183C,0,-0.75029504,0.11017786711454391,0.4455544352531433,0.3602360188961029
YPL105C,YHR073W,0,-0.75032187,0.11015065759420395,0.4455544352531433,0.360336035490036
YOR101W,YGR142W,0,-0.75033355,0.11012345552444458,0.4455544352531433,0.3604360520839691
YIL153W,YDR365C,0,-0.7504548,0.110096275806427,0.4455544352531433,0.36053603887557983
YOL020W,YDR023W,0,-0.7505338,0.11006910353899002,0.4455544352531433,0.36063605546951294
YMR231W,YBL078C,1,-0.7505475,0.11028867214918137,0.44655343890190125,0.36063605546951294
YKR053C,YOR048C,0,-0.7505512,0.110261470079422,0.44655343890190125,0.36073607206344604
YOL122C,YGL107C,0,-0.75061643,0.11023427546024323,0.44655343890190125,0.36083608865737915
YBR112C,YBL014C,0,-0.7507287,0.11020710319280624,0.44655343890190125,0.36093610525131226
YDR386W,YKL063C,0,-0.7507999,0.11017993837594986,0.44655343890190125,0.361036092042923
YDR041W,YOR079C,0,-0.750857,0.11015278100967407,0.44655343890190125,0.3611361086368561
YDR092W,YBR005W,0,-0.7509105,0.11012564599514008,0.44655343890190125,0.3612361252307892
YBR162W-A,YBR193C,0,-0.75095415,0.11009852588176727,0.44655343890190125,0.3613361418247223
YGR078C,YCL067C,0,-0.75099885,0.11007141321897507,0.44655343890190125,0.3614361584186554
YJR150C,YDR395W,0,-0.75101066,0.11004431545734406,0.44655343890190125,0.3615361452102661
YOR227W,YMR242C,0,-0.75103784,0.11001722514629364,0.44655343890190125,0.3616361618041992
YHR185C,YHR088W,0,-0.7513008,0.10999015718698502,0.44655343890190125,0.3617361783981323
YPL234C,YJL098W,0,-0.75130355,0.10996309667825699,0.44655343890190125,0.36183619499206543
YMR158W,YNR059W,0,-0.7513099,0.10993605852127075,0.44655343890190125,0.36193618178367615
YPL262W,YDR078C,0,-0.7515714,0.10990902036428452,0.44655343890190125,0.36203619837760925
YOR358W,YOR272W,0,-0.75163186,0.10988200455904007,0.44655343890190125,0.36213621497154236
YMR156C,YPL010W,0,-0.7518519,0.10985500365495682,0.44655343890190125,0.36223623156547546
YLR167W,YMR048W,0,-0.75187576,0.10982801020145416,0.44655343890190125,0.36233624815940857
YBR080C,YAL002W,1,-0.75205576,0.11004666984081268,0.4475524425506592,0.36233624815940857
YLR150W,YGL064C,0,-0.75216246,0.11001964658498764,0.4475524425506592,0.3624362349510193
YPL141C,YER056C,0,-0.7523062,0.1099926307797432,0.4475524425506592,0.3625362515449524
YDR150W,YHR154W,0,-0.7523202,0.10996563732624054,0.4475524425506592,0.3626362681388855
YER007C-A,YIL005W,0,-0.7524432,0.10993865132331848,0.4475524425506592,0.3627362847328186
YFL005W,YER155C,0,-0.75247717,0.10991168022155762,0.4475524425506592,0.3628362715244293
YBL038W,YHR197W,0,-0.7524904,0.10988471657037735,0.4475524425506592,0.3629362881183624
YCR086W,YOR110W,0,-0.7528925,0.10985777527093887,0.4475524425506592,0.36303630471229553
YDR434W,YPL117C,0,-0.75295043,0.109830841422081,0.4475524425506592,0.36313632130622864
YBL056W,YGL018C,0,-0.75297284,0.10980392247438431,0.4475524425506592,0.36323633790016174
YNL062C,YBR208C,0,-0.7529857,0.10977701842784882,0.4475524425506592,0.36333632469177246
YDR098C,YBR272C,0,-0.75301874,0.10975012183189392,0.4475524425506592,0.36343634128570557
YDL235C,YLL067C,0,-0.753054,0.10972324013710022,0.4475524425506592,0.36353635787963867
YDL175C,YER014W,0,-0.7530881,0.10969637334346771,0.4475524425506592,0.3636363744735718
YHR110W,YPR010C,0,-0.75310993,0.1096695214509964,0.4475524425506592,0.3637363612651825
YGR055W,YIL153W,0,-0.7532314,0.10964268445968628,0.4475524425506592,0.3638363778591156
YKL069W,YNL161W,0,-0.753363,0.10961585491895676,0.4475524425506592,0.3639363944530487
YNL223W,YLR093C,1,-0.7534013,0.10983365774154663,0.4485514461994171,0.3639363944530487
YLR423C,YFL004W,1,-0.7534342,0.11005135625600815,0.44955044984817505,0.3639363944530487
YEL018W,YHL035C,0,-0.75347674,0.11002445220947266,0.44955044984817505,0.3640364110469818
YJL078C,YML127W,0,-0.75353384,0.10999755561351776,0.44955044984817505,0.3641364276409149
YNL183C,YAL028W,0,-0.75382876,0.10997067391872406,0.44955044984817505,0.36423641443252563
YMR192W,YJL096W,0,-0.75384545,0.10994380712509155,0.44955044984817505,0.36433643102645874
YAL002W,YJR131W,0,-0.75392056,0.10991695523262024,0.44955044984817505,0.36443644762039185
YMR225C,YKL005C,0,-0.75402,0.10989011079072952,0.44955044984817505,0.36453646421432495
YHR201C,YKL048C,0,-0.7540816,0.10986328125,0.44955044984817505,0.36463645100593567
YMR101C,YMR153W,0,-0.7541858,0.10983646661043167,0.44955044984817505,0.3647364675998688
YLR384C,YLR263W,0,-0.7542933,0.10980966687202454,0.44955044984817505,0.3648364841938019
YGR253C,YCR021C,0,-0.7543601,0.109782874584198,0.44955044984817505,0.364936500787735
YLR037C,YGR283C,0,-0.75439525,0.10975609719753265,0.44955044984817505,0.3650365173816681
YIL137C,YAL068C,0,-0.75440454,0.1097293347120285,0.44955044984817505,0.3651365041732788
YGR202C,YDR091C,0,-0.7545508,0.10970258712768555,0.44955044984817505,0.3652365207672119
YNL054W,YGL107C,0,-0.7545692,0.10967584699392319,0.44955044984817505,0.365336537361145
YBL035C,YKL052C,0,-0.7546227,0.10964912176132202,0.44955044984817505,0.3654365539550781
YGR212W,YGR266W,0,-0.7546785,0.10962241142988205,0.44955044984817505,0.36553654074668884
YDR243C,YKL079W,0,-0.75475574,0.10959571599960327,0.44955044984817505,0.36563655734062195
YHR035W,YCL016C,0,-0.75485754,0.10956902801990509,0.44955044984817505,0.36573657393455505
YPL224C,YMR131C,0,-0.7549397,0.1095423549413681,0.44955044984817505,0.36583659052848816
YBR301W,YML082W,0,-0.75507665,0.10951569676399231,0.44955044984817505,0.36593660712242126
YMR286W,YDR234W,0,-0.7551751,0.10948905348777771,0.44955044984817505,0.366036593914032
YOR249C,YGL192W,0,-0.7552239,0.10946241766214371,0.44955044984817505,0.3661366105079651
YAL015C,YMR101C,0,-0.7552748,0.1094357967376709,0.44955044984817505,0.3662366271018982
YLR293C,YHR138C,0,-0.7555177,0.10940919071435928,0.44955044984817505,0.3663366436958313
YLR189C,YPL178W,0,-0.75553775,0.10938259959220886,0.44955044984817505,0.366436630487442
YDR386W,YPL010W,0,-0.75557053,0.10935601592063904,0.44955044984817505,0.3665366470813751
YGL067W,YER093C,0,-0.7555845,0.10932944715023041,0.44955044984817505,0.3666366636753082
YLR189C,YHR133C,0,-0.7556441,0.10930289328098297,0.44955044984817505,0.36673668026924133
YOR049C,YNL216W,0,-0.75567484,0.10927634686231613,0.44955044984817505,0.36683669686317444
YML001W,YNL054W,1,-0.75577664,0.10949259251356125,0.450549453496933,0.36683669686317444
YIL075C,YDR176W,0,-0.7558377,0.10946601629257202,0.450549453496933,0.36693668365478516
YOR068C,YJL012C,1,-0.75589037,0.1096821129322052,0.4515484571456909,0.36693668365478516
YDL135C,YHR111W,0,-0.7559794,0.10965550690889359,0.4515484571456909,0.36703670024871826
YGR055W,YLR037C,0,-0.75610495,0.10962890833616257,0.4515484571456909,0.36713671684265137
YMR231W,YBR217W,1,-0.7562051,0.10984481126070023,0.45254746079444885,0.36713671684265137
YBL100W-B,YOR319W,0,-0.7563276,0.10981818288564682,0.45254746079444885,0.3672367334365845
YPR007C,YBR049C,0,-0.7564137,0.10979156196117401,0.45254746079444885,0.3673367202281952
YNL167C,YLR004C,0,-0.7565241,0.109764963388443,0.45254746079444885,0.3674367368221283
YFL056C,YIR031C,0,-0.75657773,0.10973837226629257,0.45254746079444885,0.3675367534160614
YKR095W,YJL168C,0,-0.756721,0.10971179604530334,0.45254746079444885,0.3676367700099945
YKL069W,YOR383C,0,-0.7568668,0.10968522727489471,0.45254746079444885,0.3677367866039276
YNL190W,YOR358W,0,-0.7569432,0.10965868085622787,0.45254746079444885,0.36783677339553833
YGL061C,YOL095C,0,-0.75700045,0.10963214188814163,0.45254746079444885,0.36793678998947144
YNL054W,YBR109C,1,-0.7570162,0.10984756797552109,0.4535464644432068,0.36793678998947144
YBR086C,YPL173W,0,-0.7570441,0.10982099920511246,0.4535464644432068,0.36803680658340454
YJR131W,YDL145C,0,-0.75709784,0.10979443788528442,0.4535464644432068,0.36813682317733765
YNL103W,YEL044W,0,-0.75726867,0.10976789146661758,0.4535464644432068,0.36823680996894836
YKL141W,YMR230W,0,-0.75731444,0.10974135994911194,0.4535464644432068,0.36833682656288147
YNL294C,YDR246W,0,-0.75741684,0.10971483588218689,0.4535464644432068,0.3684368431568146
YMR242C,YDR259C,0,-0.7576605,0.10968833416700363,0.4535464644432068,0.3685368597507477
YPL141C,YDR005C,0,-0.7580607,0.10966183245182037,0.4535464644432068,0.3686368763446808
YGR046W,YCR018C,0,-0.7583575,0.1096353530883789,0.4535464644432068,0.3687368631362915
YPR003C,YHR020W,0,-0.75842357,0.10960888117551804,0.4535464644432068,0.3688368797302246
YJR108W,YBL025W,0,-0.7585237,0.10958243161439896,0.4535464644432068,0.3689368963241577
YDR323C,YAL059W,0,-0.7585635,0.10955598205327988,0.4535464644432068,0.3690369129180908
YPR017C,YPL189W,0,-0.7587557,0.10952955484390259,0.4535464644432068,0.36913689970970154
YOR357C,YDL139C,0,-0.7588483,0.1095031350851059,0.4535464644432068,0.36923691630363464
YML016C,YKR083C,0,-0.75893784,0.1094767302274704,0.4535464644432068,0.36933693289756775
YPL001W,YER123W,0,-0.7589861,0.1094503402709961,0.4535464644432068,0.36943694949150085
YBL005W,YBR193C,0,-0.7591208,0.10942395776510239,0.4535464644432068,0.36953696608543396
YMR318C,YML047C,0,-0.75918555,0.10939759016036987,0.4535464644432068,0.3696369528770447
YBL080C,YDR303C,0,-0.7592046,0.10937123745679855,0.4535464644432068,0.3697369694709778
YLR148W,YDR126W,1,-0.75922585,0.10958573967218399,0.4545454680919647,0.3697369694709778
YNL015W,YMR231W,1,-0.75936997,0.10980014503002167,0.45554444193840027,0.3697369694709778
YAL007C,YKR049C,0,-0.7595259,0.10977371037006378,0.45554444193840027,0.3698369860649109
YPL169C,YNL318C,0,-0.75959086,0.10974729061126709,0.45554444193840027,0.369937002658844
YEL027W,YKL051W,1,-0.7596146,0.10996150225400925,0.4565434455871582,0.369937002658844
YJL110C,YOL012C,0,-0.7596793,0.10993505269289017,0.4565434455871582,0.3700369894504547
YOR192C,YFR050C,0,-0.75974965,0.10990861058235168,0.4565434455871582,0.3701370060443878
YCR045C,YNR052C,0,-0.7597712,0.1098821833729744,0.4565434455871582,0.3702370226383209
YGL067W,YPL036W,0,-0.75981903,0.1098557710647583,0.4565434455871582,0.37033703923225403
YJL174W,YEL051W,0,-0.75987184,0.1098293662071228,0.4565434455871582,0.37043705582618713
YPL013C,YIL033C,0,-0.75991964,0.1098029762506485,0.4565434455871582,0.37053704261779785
YDR145W,YKL138C,0,-0.7599925,0.10977660119533539,0.4565434455871582,0.37063705921173096
YPL171C,YEL006W,0,-0.76002264,0.10975024104118347,0.4565434455871582,0.37073707580566406
YKL069W,YLR115W,0,-0.760044,0.10972388833761215,0.4565434455871582,0.37083709239959717
YPL280W,YPR086W,0,-0.7600751,0.10969755053520203,0.4565434455871582,0.3709370791912079
YOL061W,YOR249C,0,-0.7600807,0.1096712276339531,0.4565434455871582,0.371037095785141
YKL150W,YMR177W,0,-0.76008785,0.10964491218328476,0.4565434455871582,0.3711371123790741
YHL038C,YNL286W,0,-0.760139,0.10961861163377762,0.4565434455871582,0.3712371289730072
YFR031C-A,YPL189W,0,-0.7602681,0.10959232598543167,0.4565434455871582,0.3713371455669403
YPL120W,YLR293C,0,-0.76027095,0.10956604778766632,0.4565434455871582,0.371437132358551
YPR017C,YMR225C,0,-0.7605084,0.10953979194164276,0.4565434455871582,0.37153714895248413
YLR396C,YLR148W,1,-0.7605268,0.10975317656993866,0.45754244923591614,0.37153714895248413
YGR044C,YBL047C,0,-0.7605846,0.10972688347101212,0.45754244923591614,0.37163716554641724
YML127W,YOR372C,0,-0.76069176,0.10970059782266617,0.45754244923591614,0.37173718214035034
YNL015W,YLR396C,1,-0.76074255,0.10991379618644714,0.4585414528846741,0.37173718214035034
YJR046W,YPL058C,0,-0.76084447,0.10988748073577881,0.4585414528846741,0.37183716893196106
YER056C,YCR018C,0,-0.76096797,0.10986118018627167,0.4585414528846741,0.37193718552589417
YGR181W,YDR422C,0,-0.76116395,0.10983488708734512,0.4585414528846741,0.37203720211982727
YLR347C,YMR133W,0,-0.76129127,0.10980860888957977,0.4585414528846741,0.3721372187137604
YBL050W,YPL019C,1,-0.761297,0.11002152413129807,0.459540456533432,0.3721372187137604
YGL095C,YPL100W,1,-0.76142657,0.110234335064888,0.46053946018218994,0.3721372187137604
YNL056W,YHR154W,0,-0.7614602,0.11020798236131668,0.46053946018218994,0.3722372353076935
YLR185W,YLR426W,0,-0.76161766,0.11018164455890656,0.46053946018218994,0.3723372220993042
YDR441C,YGL105W,0,-0.7616297,0.11015531420707703,0.46053946018218994,0.3724372386932373
YIL043C,YOR059C,0,-0.7616836,0.11012899875640869,0.46053946018218994,0.3725372552871704
YOR363C,YMR015C,0,-0.761685,0.11010269820690155,0.46053946018218994,0.3726372718811035
YPR067W,YBL091C,0,-0.76187766,0.110076405107975,0.46053946018218994,0.3727372884750366
YOR258W,YDL031W,0,-0.76188695,0.11005013436079025,0.46053946018218994,0.37283727526664734
YLR037C,YDR301W,0,-0.76188743,0.1100238636136055,0.46053946018218994,0.37293729186058044
YKR072C,YDL149W,0,-0.76193595,0.10999761521816254,0.46053946018218994,0.37303730845451355
YLL018C,YKL002W,0,-0.76194406,0.10997137427330017,0.46053946018218994,0.37313732504844666
YNL199C,YHR035W,0,-0.762025,0.109945148229599,0.46053946018218994,0.3732373118400574
YHR024C,YFR030W,0,-0.76209164,0.10991892963647842,0.46053946018218994,0.3733373284339905
YOL032W,YDL211C,0,-0.7621536,0.10989272594451904,0.46053946018218994,0.3734373450279236
YOR101W,YOR086C,0,-0.7622005,0.10986653715372086,0.46053946018218994,0.3735373616218567
YDR439W,YDR284C,0,-0.76225436,0.10984036326408386,0.46053946018218994,0.3736373782157898
YHR210C,YLR200W,0,-0.7622919,0.10981419682502747,0.46053946018218994,0.3737373650074005
YLR148W,YLR423C,1,-0.76231766,0.11002619564533234,0.4615384638309479,0.3737373650074005
YNL183C,YIR004W,0,-0.76236904,0.10999999940395355,0.4615384638309479,0.3738373816013336
YGL127C,YPR086W,0,-0.7624526,0.10997381806373596,0.4615384638309479,0.3739373981952667
YIL153W,YKL134C,0,-0.7624692,0.10994764417409897,0.4615384638309479,0.37403741478919983
YLL031C,YHR110W,0,-0.7625098,0.10992148518562317,0.4615384638309479,0.37413740158081055
YLR175W,YDL149W,0,-0.7626842,0.10989534109830856,0.4615384638309479,0.37423741817474365
YGL142C,YNL161W,0,-0.7626903,0.10986920446157455,0.4615384638309479,0.37433743476867676
YPL056C,YDL076C,0,-0.7627568,0.10984308272600174,0.4615384638309479,0.37443745136260986
YIR019C,YCL039W,0,-0.76282454,0.10981696844100952,0.4615384638309479,0.37453746795654297
YHR165C,YGL045W,0,-0.7628472,0.1097908765077591,0.4615384638309479,0.3746374547481537
YOR267C,YLR055C,0,-0.76297545,0.10976479202508926,0.4615384638309479,0.3747374713420868
YDL235C,YKR049C,0,-0.76304233,0.10973871499300003,0.4615384638309479,0.3748374879360199
YCR107W,YAR042W,0,-0.763106,0.10971266031265259,0.4615384638309479,0.374937504529953
YPL239W,YDR273W,0,-0.7632288,0.10968661308288574,0.4615384638309479,0.3750374913215637
YDR471W,YDR243C,0,-0.7632834,0.1096605733036995,0.4615384638309479,0.3751375079154968
YOR320C,YDR108W,0,-0.763288,0.10963454842567444,0.4615384638309479,0.37523752450942993
YDL160C,YGL053W,0,-0.76335776,0.10960853844881058,0.4615384638309479,0.37533754110336304
YDR041W,YLR150W,0,-0.7636174,0.10958254337310791,0.4615384638309479,0.37543755769729614
YPR128C,YDL018C,0,-0.7637,0.10955655574798584,0.4615384638309479,0.37553754448890686
YLR333C,YHR190W,0,-0.76387894,0.10953058302402496,0.4615384638309479,0.37563756108283997
YNL015W,YGL212W,1,-0.763893,0.10974164307117462,0.4625374674797058,0.37563756108283997
YML098W,YJR123W,0,-0.76390433,0.10971564054489136,0.4625374674797058,0.37573757767677307
YDR422C,YDR234W,0,-0.7639313,0.10968964546918869,0.4625374674797058,0.3758375942707062
YOR236W,YPR180W,0,-0.7640159,0.10966366529464722,0.4625374674797058,0.3759375810623169
YER179W,YIR019C,0,-0.7640228,0.10963770002126694,0.4625374674797058,0.37603759765625
YFR010W,YOR247W,0,-0.76415205,0.10961174219846725,0.4625374674797058,0.3761376142501831
YIL041W,YLR043C,1,-0.7642802,0.10982248187065125,0.46353647112846375,0.3761376142501831
YPR071W,YBR146W,0,-0.7643312,0.10979649424552917,0.46353647112846375,0.3762376308441162
YKL069W,YPL140C,0,-0.7643343,0.1097705215215683,0.46353647112846375,0.3763376474380493
YKR075C,YDR200C,0,-0.7643707,0.10974456369876862,0.46353647112846375,0.37643763422966003
YOR011W,YBR060C,0,-0.7644949,0.10971860587596893,0.46353647112846375,0.37653765082359314
YOR079C,YEL044W,0,-0.76476085,0.10969267040491104,0.46353647112846375,0.37663766741752625
YLR185W,YJR049C,0,-0.7648181,0.10966674238443375,0.46353647112846375,0.37673768401145935
YIR019C,YKR088C,0,-0.7648475,0.10964082926511765,0.46353647112846375,0.37683767080307007
YKR064W,YAL030W,0,-0.7649797,0.10961493104696274,0.46353647112846375,0.3769376873970032
YKL016C,YBR045C,0,-0.7650114,0.10958904027938843,0.46353647112846375,0.3770377039909363
YIL119C,YLR060W,0,-0.7650881,0.10956316441297531,0.46353647112846375,0.3771377205848694
YDR482C,YPL173W,0,-0.76529586,0.10953729599714279,0.46353647112846375,0.3772377371788025
YMR318C,YDR075W,0,-0.7653121,0.10951144993305206,0.46353647112846375,0.3773377239704132
YHR202W,YKR072C,0,-0.7653887,0.10948560386896133,0.46353647112846375,0.3774377405643463
YLR007W,YMR002W,0,-0.7654649,0.1094597801566124,0.46353647112846375,0.3775377571582794
YOR320C,YKL063C,0,-0.7654743,0.10943396389484406,0.46353647112846375,0.3776377737522125
YGL144C,YNL036W,0,-0.765633,0.10940815508365631,0.46353647112846375,0.37773776054382324
YJR102C,YCR035C,0,-0.76574945,0.10938236862421036,0.46353647112846375,0.37783777713775635
YLR215C,YKR031C,0,-0.7657814,0.109356589615345,0.46353647112846375,0.37793779373168945
YOR262W,YNL020C,0,-0.7657976,0.10933081805706024,0.46353647112846375,0.37803781032562256
YNL326C,YBR105C,1,-0.7658142,0.10954063385725021,0.4645354747772217,0.37803781032562256
YKR034W,YDR303C,0,-0.76585925,0.10951483994722366,0.4645354747772217,0.37813782691955566
YMR118C,YML096W,0,-0.7658745,0.10948905348777771,0.4645354747772217,0.3782378137111664
YGR024C,YNL094W,0,-0.7660035,0.10946327447891235,0.4645354747772217,0.3783378303050995
YER176W,YLR023C,0,-0.76631904,0.10943751782178879,0.4645354747772217,0.3784378468990326
YDR308C,YLR413W,0,-0.76633286,0.10941176116466522,0.4645354747772217,0.3785378634929657
YAL002W,YDR439W,0,-0.76634574,0.10938602685928345,0.4645354747772217,0.3786378502845764
YKR034W,YBR149W,0,-0.76649845,0.10936030000448227,0.4645354747772217,0.3787378668785095
YNL054W,YLR043C,1,-0.76656663,0.10956971347332001,0.4655344784259796,0.3787378668785095
YDR435C,YMR153W,0,-0.76689684,0.10954395681619644,0.4655344784259796,0.3788378834724426
YPR008W,YCR036W,0,-0.7670295,0.10951821506023407,0.4655344784259796,0.37893790006637573
YOR273C,YOR059C,0,-0.76703274,0.1094924807548523,0.4655344784259796,0.37903791666030884
YNL015W,YLR431C,1,-0.76724267,0.10970167070627213,0.46653345227241516,0.37903791666030884
YJL094C,YCL067C,0,-0.7673117,0.10967590659856796,0.46653345227241516,0.37913790345191956
YER062C,YBR254C,0,-0.7673149,0.1096501499414444,0.46653345227241516,0.37923792004585266
YDL230W,YMR091C,0,-0.7673702,0.10962441563606262,0.46653345227241516,0.37933793663978577
YGL104C,YPR055W,0,-0.7673781,0.10959868878126144,0.46653345227241516,0.37943795323371887
YNL031C,YOR319W,0,-0.76739645,0.10957296937704086,0.46653345227241516,0.3795379400253296
YDR430C,YFR053C,0,-0.7674537,0.10954726487398148,0.46653345227241516,0.3796379566192627
YDR427W,YMR195W,0,-0.7674954,0.10952157527208328,0.46653345227241516,0.3797379732131958
YOR192C,YNR024W,0,-0.76752627,0.10949589312076569,0.46653345227241516,0.3798379898071289
YDR129C,YOR264W,0,-0.76761746,0.10947023332118988,0.46653345227241516,0.379938006401062
YPR105C,YMR118C,0,-0.76765347,0.10944457352161407,0.46653345227241516,0.38003799319267273
YKR049C,YFR034C,0,-0.76766896,0.10941892862319946,0.46653345227241516,0.38013800978660583
YBR038W,YDR129C,0,-0.7676966,0.10939329862594604,0.46653345227241516,0.38023802638053894
YOL055C,YLL021W,0,-0.76775646,0.10936768352985382,0.46653345227241516,0.38033804297447205
YNL054W,YER072W,1,-0.76781166,0.10957621037960052,0.4675324559211731,0.38033804297447205
YNL263C,YLR466W,0,-0.76813877,0.10955056548118591,0.4675324559211731,0.38043802976608276
YIL144W,YGL085W,0,-0.7681947,0.1095249205827713,0.4675324559211731,0.38053804636001587
YDL106C,YLR361C,0,-0.76824224,0.10949929803609848,0.4675324559211731,0.380638062953949
YFR010W,YLR007W,0,-0.7682643,0.10947368294000626,0.4675324559211731,0.3807380795478821
YIL154C,YNL059C,0,-0.76833653,0.10944808274507523,0.4675324559211731,0.3808380961418152
YDR229W,YPL045W,1,-0.7683821,0.10965630412101746,0.46853145956993103,0.3808380961418152
YIR019C,YDR021W,0,-0.7684425,0.10963066667318344,0.46853145956993103,0.3809380829334259
YIL048W,YNL242W,1,-0.7685008,0.10983874648809433,0.46953046321868896,0.3809380829334259
YIL030C,YGL005C,0,-0.7685821,0.10981308668851852,0.46953046321868896,0.381038099527359
YFL004W,YNL079C,1,-0.7686795,0.11002102494239807,0.4705294668674469,0.381038099527359
YJL186W,YJL127C,0,-0.7688073,0.10999532788991928,0.4705294668674469,0.3811381161212921
YGR266W,YNL294C,0,-0.7688838,0.10996964573860168,0.4705294668674469,0.3812381327152252
YDR517W,YOR359W,0,-0.76888776,0.10994397848844528,0.4705294668674469,0.38133811950683594
YLR324W,YDL117W,0,-0.7689173,0.10991831868886948,0.4705294668674469,0.38143813610076904
YOR262W,YJR027W,0,-0.76896536,0.10989267379045486,0.4705294668674469,0.38153815269470215
YHL003C,YPL233W,0,-0.7689736,0.10986703634262085,0.4705294668674469,0.38163816928863525
YMR207C,YPL254W,0,-0.7691426,0.10984142124652863,0.4705294668674469,0.38173818588256836
YBR080C,YHR138C,1,-0.7691506,0.11004896461963654,0.47152847051620483,0.38173818588256836
YGL092W,YPL061W,0,-0.7691568,0.11002331227064133,0.47152847051620483,0.3818381726741791
YPR105C,YML047C,0,-0.7691798,0.10999766737222672,0.47152847051620483,0.3819381892681122
YAL048C,YDR021W,0,-0.7692443,0.1099720373749733,0.47152847051620483,0.3820382058620453
YDR434W,YBR208C,0,-0.7692714,0.10994642227888107,0.47152847051620483,0.3821382224559784
YOR090C,YDR434W,0,-0.76935244,0.10992082208395004,0.47152847051620483,0.3822382092475891
YLR011W,YGR097W,0,-0.7693678,0.10989522933959961,0.47152847051620483,0.3823382258415222
YJR108W,YDL031W,0,-0.7693701,0.10986964404582977,0.47152847051620483,0.3824382424354553
YDR386W,YMR074C,0,-0.76938605,0.10984407365322113,0.47152847051620483,0.3825382590293884
YAL040C,YPR049C,1,-0.76938665,0.11005118489265442,0.47252747416496277,0.3825382590293884
YEL039C,YML086C,0,-0.7694117,0.11002558469772339,0.47252747416496277,0.38263827562332153
YOL154W,YML120C,0,-0.76943696,0.10999999940395355,0.47252747416496277,0.38273826241493225
YBL087C,YJR117W,0,-0.7695794,0.10997442156076431,0.47252747416496277,0.38283827900886536
YJL001W,YGR083C,0,-0.76964796,0.10994885861873627,0.47252747416496277,0.38293829560279846
YCL068C,YLL006W,0,-0.7696551,0.10992331057786942,0.47252747416496277,0.38303831219673157
YPR154W,YOR091W,0,-0.7696674,0.10989776998758316,0.47252747416496277,0.3831382989883423
YKR075C,YAL030W,0,-0.76970506,0.1098722442984581,0.47252747416496277,0.3832383155822754
YML001W,YDR126W,1,-0.76973283,0.11007896065711975,0.4735264778137207,0.3832383155822754
YOR252W,YDR150W,0,-0.7699249,0.1100533977150917,0.4735264778137207,0.3833383321762085
YIL138C,YLR043C,1,-0.76998377,0.11025997996330261,0.47452548146247864,0.3833383321762085
YPL001W,YGL198W,0,-0.7699878,0.11023439466953278,0.47452548146247864,0.3834383487701416
YHR039C-A,YDR080W,1,-0.7700627,0.11044083535671234,0.4755244851112366,0.3834383487701416
YGR178C,YPL239W,0,-0.7701616,0.11041522026062012,0.4755244851112366,0.3835383653640747
YDR080W,YPL100W,1,-0.7701652,0.11062151938676834,0.4765234887599945,0.3835383653640747
YOR191W,YER100W,0,-0.77026546,0.11059587448835373,0.4765234887599945,0.3836383521556854
YOR358W,YDL012C,0,-0.77034175,0.11057023704051971,0.4765234887599945,0.38373836874961853
YIL007C,YOL095C,0,-0.77035415,0.1105446144938469,0.4765234887599945,0.38383838534355164
YER028C,YLR333C,0,-0.7703999,0.11051899939775467,0.4765234887599945,0.38393840193748474
YDR377W,YMR234W,0,-0.7705115,0.11049339920282364,0.4765234887599945,0.38403841853141785
YDR189W,YPR003C,0,-0.7707417,0.1104678064584732,0.4765234887599945,0.38413840532302856
YDL077C,YAL040C,1,-0.7709105,0.11067377030849457,0.47752249240875244,0.38413840532302856
YLR451W,YNR038W,0,-0.7709106,0.11064814776182175,0.47752249240875244,0.38423842191696167
YAL028W,YEL027W,0,-0.7709656,0.11062254011631012,0.47752249240875244,0.3843384385108948
YLR293C,YNL173C,0,-0.7710233,0.11059694737195969,0.47752249240875244,0.3844384551048279
YLR189C,YOR259C,0,-0.7710991,0.11057136207818985,0.47752249240875244,0.3845384418964386
YIL048W,YBR080C,1,-0.77113783,0.11077705770730972,0.478521466255188,0.3845384418964386
YDR289C,YOR086C,0,-0.7711506,0.1107514426112175,0.478521466255188,0.3846384584903717
YDR243C,YHR001W-A,0,-0.77118635,0.11072584241628647,0.478521466255188,0.3847384750843048
YKL048C,YOR227W,0,-0.77120113,0.11070025712251663,0.478521466255188,0.3848384916782379
YAL040C,YIL138C,1,-0.7712723,0.1109057292342186,0.4795204699039459,0.3848384916782379
YOR016C,YHR139C,0,-0.77144396,0.11088011413812637,0.4795204699039459,0.384938508272171
YOL132W,YPL097W,0,-0.7717689,0.11085450649261475,0.4795204699039459,0.38503849506378174
YBR054W,YBR109C,0,-0.77181375,0.11082890629768372,0.4795204699039459,0.38513851165771484
YKL150W,YJL058C,0,-0.77186334,0.11080332100391388,0.4795204699039459,0.38523852825164795
YAL007C,YOL029C,0,-0.7719002,0.11077775061130524,0.4795204699039459,0.38533854484558105
YHR146W,YLR409C,0,-0.7719109,0.11075219511985779,0.4795204699039459,0.3854385316371918
YBR091C,YLR259C,0,-0.7719642,0.11072664707899094,0.4795204699039459,0.3855385482311249
YKL048C,YDR040C,0,-0.7720026,0.11070110648870468,0.4795204699039459,0.385638564825058
YPR095C,YAL011W,0,-0.7720709,0.11067558079957962,0.4795204699039459,0.3857385814189911
YDR434W,YIL069C,0,-0.7720903,0.11065007001161575,0.4795204699039459,0.3858385980129242
YCL064C,YGR040W,0,-0.7721007,0.11062456667423248,0.4795204699039459,0.3859385848045349
YLR396C,YBR109C,1,-0.7721596,0.11082949489355087,0.48051947355270386,0.3859385848045349
YOR002W,YKR049C,0,-0.7722477,0.11080396175384521,0.48051947355270386,0.386038601398468
YBR130C,YKL006C-A,0,-0.7722925,0.11077844351530075,0.48051947355270386,0.3861386179924011
YNL062C,YDR317W,0,-0.7724271,0.11075293272733688,0.48051947355270386,0.38623863458633423
YIL048W,YAL040C,1,-0.77259386,0.11095764487981796,0.4815184772014618,0.38623863458633423
YKL185W,YMR101C,0,-0.77259576,0.11093210428953171,0.4815184772014618,0.38633862137794495
YHR185C,YPR017C,0,-0.7727088,0.11090657860040665,0.4815184772014618,0.38643863797187805
YDR126W,YBR109C,1,-0.77277756,0.1111111119389534,0.4825174808502197,0.38643863797187805
YOR316C,YMR207C,0,-0.77279174,0.11108555644750595,0.4825174808502197,0.38653865456581116
YDR517W,YLR143W,0,-0.7728733,0.1110600158572197,0.4825174808502197,0.38663867115974426
YOR081C,YBR168W,0,-0.77299654,0.11103448271751404,0.4825174808502197,0.38673868775367737
YOL084W,YNL130C,0,-0.7732208,0.11100896447896957,0.4825174808502197,0.3868386745452881
YAL040C,YBL050W,1,-0.77325606,0.11121323704719543,0.48351648449897766,0.3868386745452881
YDL091C,YLL066C,0,-0.77342784,0.11118768900632858,0.48351648449897766,0.3869386911392212
YJL012C,YOR332W,1,-0.7734891,0.1113918200135231,0.4845154881477356,0.3869386911392212
YFL005W,YGL167C,0,-0.7735038,0.11136624217033386,0.4845154881477356,0.3870387077331543
YLR019W,YPL018W,0,-0.7735392,0.11134067922830582,0.4845154881477356,0.3871387243270874
YNL015W,YBR217W,1,-0.77355623,0.1115446388721466,0.48551449179649353,0.3871387243270874
YHR118C,YPL161C,0,-0.77368367,0.11151904612779617,0.48551449179649353,0.3872387111186981
YGL095C,YBR109C,1,-0.7737174,0.11172287166118622,0.48651349544525146,0.3872387111186981
YER031C,YOR049C,0,-0.7738992,0.1116972491145134,0.48651349544525146,0.3873387277126312
YDR528W,YKR034W,0,-0.7742157,0.11167163401842117,0.48651349544525146,0.38743874430656433
YBL087C,YDL102W,0,-0.77423286,0.11164603382349014,0.48651349544525146,0.38753876090049744
YML061C,YPL018W,0,-0.7742944,0.11162044107913971,0.48651349544525146,0.38763877749443054
YDR092W,YOL012C,0,-0.77434695,0.11159487068653107,0.48651349544525146,0.38773876428604126
YKR053C,YPL224C,0,-0.77439237,0.11156930029392242,0.48651349544525146,0.38783878087997437
YMR059W,YDL018C,0,-0.7744895,0.11154374480247498,0.48651349544525146,0.38793879747390747
YMR226C,YNL278W,0,-0.774526,0.11151820421218872,0.48651349544525146,0.3880388140678406
YDL012C,YER081W,0,-0.7746482,0.11149267107248306,0.48651349544525146,0.3881388008594513
YFR010W,YLR175W,0,-0.7746538,0.1114671528339386,0.48651349544525146,0.3882388174533844
YLR277C,YGR178C,0,-0.7746602,0.11144164949655533,0.48651349544525146,0.3883388340473175
YFR027W,YBL047C,0,-0.7748399,0.11141615360975266,0.48651349544525146,0.3884388506412506
YFR027W,YNL246W,0,-0.7748668,0.11139066517353058,0.48651349544525146,0.3885388672351837
YMR053C,YKR064W,0,-0.77493024,0.11136519908905029,0.48651349544525146,0.38863885402679443
YGL045W,YJR054W,0,-0.7750441,0.11133973300457001,0.48651349544525146,0.38873887062072754
YNL054W,YBR105C,1,-0.7750454,0.11154285818338394,0.4875124990940094,0.38873887062072754
YNL045W,YDR080W,0,-0.77506185,0.11151736974716187,0.4875124990940094,0.38883888721466064
YLL018C-A,YDR343C,0,-0.7750704,0.11149188876152039,0.4875124990940094,0.38893890380859375
YBR029C,YBR119W,0,-0.7751293,0.1114664226770401,0.4875124990940094,0.38903889060020447
YHR204W,YPR148C,0,-0.7751919,0.11144097149372101,0.4875124990940094,0.3891389071941376
YDR145W,YPL262W,0,-0.7752694,0.11141552776098251,0.4875124990940094,0.3892389237880707
YOL069W,YJR052W,0,-0.775352,0.11139009147882462,0.4875124990940094,0.3893389403820038
YNL051W,YDR268W,0,-0.77542126,0.11136467009782791,0.4875124990940094,0.3894389569759369
YGL212W,YBL050W,1,-0.77544045,0.111567422747612,0.48851150274276733,0.3894389569759369
YHR205W,YPL168W,0,-0.77547216,0.11154197156429291,0.48851150274276733,0.3895389437675476
YDL077C,YGL095C,1,-0.7755264,0.11174458265304565,0.4895104765892029,0.3895389437675476
YPL248C,YPL075W,0,-0.77557015,0.11171910911798477,0.4895104765892029,0.3896389603614807
YBR038W,YGR211W,0,-0.7755827,0.11169364303350449,0.4895104765892029,0.3897389769554138
YBR080C,YLR043C,1,-0.7756436,0.1118960827589035,0.4905094802379608,0.3897389769554138
YPR068C,YHR170W,0,-0.77573466,0.11187058687210083,0.4905094802379608,0.3898389935493469
YDR469W,YMR118C,0,-0.77582645,0.11184510588645935,0.4905094802379608,0.38993898034095764
YNL326C,YER072W,1,-0.7758688,0.11204736679792404,0.49150848388671875,0.38993898034095764
YLR360W,YDL117W,0,-0.77591634,0.11202185600996017,0.49150848388671875,0.39003899693489075
YDR127W,YKL051W,0,-0.7759416,0.1119963601231575,0.49150848388671875,0.39013901352882385
YJR073C,YML041C,0,-0.7760618,0.11197087168693542,0.49150848388671875,0.39023903012275696
YLL014W,YGR040W,0,-0.7760713,0.11194539070129395,0.49150848388671875,0.39033904671669006
YML023C,YHR210C,0,-0.776083,0.11191992461681366,0.49150848388671875,0.3904390335083008
YOL135C,YOR249C,0,-0.7762668,0.11189447343349457,0.49150848388671875,0.3905390501022339
YGR174C,YNL023C,0,-0.77631235,0.11186902970075607,0.49150848388671875,0.390639066696167
YPL175W,YOR253W,0,-0.7764237,0.11184360086917877,0.49150848388671875,0.3907390832901001
YPL075W,YNL081C,0,-0.7765006,0.11181817948818207,0.49150848388671875,0.3908390700817108
YGR082W,YBR043C,0,-0.7765416,0.11179277300834656,0.49150848388671875,0.3909390866756439
YMR205C,YLL057C,0,-0.77655745,0.11176738142967224,0.49150848388671875,0.391039103269577
YFR024C-A,YIL123W,0,-0.776626,0.11174199730157852,0.49150848388671875,0.39113911986351013
YPL133C,YLL057C,0,-0.7766391,0.1117166206240654,0.49150848388671875,0.39123913645744324
YDR025W,YJL216C,0,-0.77668345,0.11169125884771347,0.49150848388671875,0.39133912324905396
YOR363C,YDL105W,0,-0.7766892,0.11166591197252274,0.49150848388671875,0.39143913984298706
YGL126W,YGL061C,0,-0.7768868,0.1116405725479126,0.49150848388671875,0.39153915643692017
YDL175C,YOR236W,0,-0.7770541,0.11161524802446365,0.49150848388671875,0.39163917303085327
YHR210C,YHL031C,0,-0.7770555,0.1115899309515953,0.49150848388671875,0.391739159822464
YER028C,YDL145C,0,-0.77718496,0.11156462877988815,0.49150848388671875,0.3918391764163971
YMR072W,YKR049C,0,-0.7773287,0.1115393340587616,0.49150848388671875,0.3919391930103302
YLR011W,YCR021C,0,-0.77749443,0.11151405423879623,0.49150848388671875,0.3920392096042633
YCR105W,YNL194C,0,-0.77749634,0.11148878186941147,0.49150848388671875,0.3921392261981964
YAL040C,YDR080W,1,-0.77757096,0.11169007420539856,0.4925074875354767,0.3921392261981964
YDR469W,YJR054W,0,-0.77757835,0.111664779484272,0.4925074875354767,0.39223921298980713
YNL020C,YDL105W,0,-0.77762806,0.11163949221372604,0.4925074875354767,0.39233922958374023
YDR375C,YBR078W,0,-0.7776363,0.11161421984434128,0.4925074875354767,0.39243924617767334
YLR361C,YJL035C,0,-0.7776401,0.11158895492553711,0.4925074875354767,0.39253926277160645
YNR019W,YGL127C,0,-0.7776406,0.11156370490789413,0.4925074875354767,0.39263924956321716
YIR019C,YGR244C,0,-0.7776513,0.11153846234083176,0.4925074875354767,0.39273926615715027
YIL007C,YKL052C,0,-0.7779746,0.11151323467493057,0.4925074875354767,0.3928392827510834
YHL017W,YOL121C,0,-0.77799344,0.11148801445960999,0.4925074875354767,0.3929392993450165
YLL066C,YML096W,0,-0.77802587,0.11146280914545059,0.4925074875354767,0.3930393159389496
YHR039C-A,YPL019C,1,-0.7780473,0.11166365444660187,0.4935064911842346,0.3930393159389496
YDR213W,YNL081C,0,-0.7781483,0.11163841933012009,0.4935064911842346,0.3931393027305603
YBL007C,YHR106W,0,-0.7781826,0.1116131916642189,0.4935064911842346,0.3932393193244934
YML013W,YLL014W,0,-0.77818394,0.11158798635005951,0.4935064911842346,0.3933393359184265
YFR047C,YPL193W,0,-0.7782439,0.11156278103590012,0.4935064911842346,0.3934393525123596
YIL048W,YIL138C,1,-0.7782577,0.1117633804678917,0.49450549483299255,0.3934393525123596
YDR091C,YGL093W,0,-0.7784382,0.11173814535140991,0.49450549483299255,0.39353933930397034
YMR009W,YIL096C,0,-0.77858067,0.11171293258666992,0.49450549483299255,0.39363935589790344
YDR213W,YGL085W,0,-0.7786689,0.11168772727251053,0.49450549483299255,0.39373937249183655
YGL243W,YNL278W,0,-0.77868557,0.11166252940893173,0.49450549483299255,0.39383938908576965
YGL098W,YKL006W,0,-0.7788558,0.11163734644651413,0.49450549483299255,0.39393940567970276
YLR044C,YOR129C,0,-0.77886486,0.11161217838525772,0.49450549483299255,0.3940393924713135
YPL234C,YGR296W,0,-0.77889097,0.11158701777458191,0.49450549483299255,0.3941394090652466
YPR068C,YDL119C,0,-0.778972,0.1115618646144867,0.49450549483299255,0.3942394256591797
YOL012C,YPR180W,0,-0.77901304,0.11153672635555267,0.49450549483299255,0.3943394422531128
YLR442C,YPR071W,0,-0.779053,0.11151160299777985,0.49450549483299255,0.3944394290447235
YDL003W,YBL056W,0,-0.77916956,0.11148648709058762,0.49450549483299255,0.3945394456386566
YHR185C,YDR122W,0,-0.7792624,0.11146138608455658,0.49450549483299255,0.3946394622325897
YBL080C,YGR129W,0,-0.7792851,0.11143629252910614,0.49450549483299255,0.3947394788265228
YLR360W,YDL154W,0,-0.7794297,0.1114112064242363,0.49450549483299255,0.39483949542045593
YDR500C,YPL040C,0,-0.77954674,0.11138613522052765,0.49450549483299255,0.39493948221206665
YOL011W,YHR194W,0,-0.77962697,0.1113610789179802,0.49450549483299255,0.39503949880599976
YDR528W,YHR014W,0,-0.77966475,0.11133603006601334,0.49450549483299255,0.39513951539993286
YOR087W,YHR154W,0,-0.7796701,0.11131099611520767,0.49450549483299255,0.39523953199386597
YJL078C,YBR272C,0,-0.77967525,0.1112859696149826,0.49450549483299255,0.3953395485877991
YER139C,YGL049C,0,-0.77968776,0.11126095801591873,0.49450549483299255,0.3954395353794098
YLR118C,YGL078C,0,-0.77971387,0.11123595386743546,0.49450549483299255,0.3955395519733429
YHL017W,YGR080W,0,-0.77994096,0.11121096462011337,0.49450549483299255,0.395639568567276
YGR178C,YJL083W,0,-0.7799618,0.11118598282337189,0.49450549483299255,0.3957395851612091
YPL146C,YBR119W,0,-0.7799846,0.1111610159277916,0.49450549483299255,0.3958395719528198
YHL038C,YMR050C,0,-0.7800889,0.1111360564827919,0.49450549483299255,0.39593958854675293
YBR085W,YPL097W,0,-0.78013766,0.1111111119389534,0.49450549483299255,0.39603960514068604
YJL181W,YDR087C,0,-0.78025997,0.1110861748456955,0.49450549483299255,0.39613962173461914
YLR426W,YML045W,0,-0.7803347,0.11106125265359879,0.49450549483299255,0.39623963832855225
YDL230W,YPL056C,0,-0.7803438,0.11103633791208267,0.49450549483299255,0.39633962512016296
YIL144W,YOR249C,0,-0.7803755,0.11101143807172775,0.49450549483299255,0.39643964171409607
YPL225W,YLR333C,0,-0.7804836,0.11098654568195343,0.49450549483299255,0.3965396583080292
YPL209C,YKL002W,0,-0.78050303,0.1109616681933403,0.49450549483299255,0.3966396749019623
YIL041W,YNL079C,1,-0.7805128,0.11116091161966324,0.4955044984817505,0.3966396749019623
YIL119C,YBR085W,0,-0.78056765,0.11113600432872772,0.4955044984817505,0.396739661693573
YNL054W,YDR009W,0,-0.7808498,0.1111111119389534,0.4955044984817505,0.3968396782875061
YBR046C,YML061C,0,-0.78085196,0.11108622699975967,0.4955044984817505,0.3969396948814392
YDR309C,YER143W,0,-0.7808595,0.11106134951114655,0.4955044984817505,0.3970397114753723
YMR261C,YGL219C,0,-0.78086066,0.11103648692369461,0.4955044984817505,0.3971397280693054
YBR211C,YJL196C,0,-0.7809669,0.11101163923740387,0.4955044984817505,0.39723971486091614
YMR059W,YDR105C,0,-0.78100705,0.11098679900169373,0.4955044984817505,0.39733973145484924
YOL023W,YDR438W,0,-0.7810514,0.11096196621656418,0.4955044984817505,0.39743974804878235
YML120C,YCL054W,0,-0.78113353,0.11093714833259583,0.4955044984817505,0.39753976464271545
YJL013C,YOL059W,0,-0.7812189,0.11091234534978867,0.4955044984817505,0.39763975143432617
YML120C,YIR031C,0,-0.78124833,0.1108875498175621,0.4955044984817505,0.3977397680282593
YLR426W,YGL005C,0,-0.7815975,0.11086276173591614,0.4955044984817505,0.3978397846221924
YGL027C,YGR030C,0,-0.7816409,0.11083798855543137,0.4955044984817505,0.3979398012161255
YMR055C,YCR018C,0,-0.78173804,0.11081322282552719,0.4955044984817505,0.3980398178100586
YAL019W,YIL173W,0,-0.78177845,0.11078847199678421,0.4955044984817505,0.3981398046016693
YPR120C,YKL196C,0,-0.7818128,0.11076373606920242,0.4955044984817505,0.3982398211956024
YLL026W,YML045W,0,-0.7818233,0.11073900759220123,0.4955044984817505,0.3983398377895355
YNL137C,YDR201W,0,-0.7818289,0.11071428656578064,0.4955044984817505,0.39843985438346863
YOL084W,YGL058W,0,-0.7818445,0.11068958044052124,0.4955044984817505,0.39853984117507935
YPR068C,YML031W,0,-0.78184736,0.11066488176584244,0.4955044984817505,0.39863985776901245
YDL189W,YKL043W,0,-0.7818545,0.11064019799232483,0.4955044984817505,0.39873987436294556
YAL011W,YIL118W,0,-0.7819438,0.11061552166938782,0.4955044984817505,0.39883989095687866
YBR107C,YDR386W,0,-0.78194475,0.110590860247612,0.4955044984817505,0.39893990755081177
YPR008W,YBR028C,0,-0.7821332,0.11056620627641678,0.4955044984817505,0.3990398943424225
YPR148C,YCR044C,0,-0.78218067,0.11054156720638275,0.4955044984817505,0.3991399109363556
YDL105W,YGR057C,0,-0.7821915,0.11051693558692932,0.4955044984817505,0.3992399275302887
YCL016C,YJR046W,0,-0.7822298,0.11049231141805649,0.4955044984817505,0.3993399441242218
YKR100C,YKL048C,0,-0.78224826,0.11046770960092545,0.4955044984817505,0.3994399309158325
YHR139C,YHR120W,0,-0.7824012,0.1104431077837944,0.4955044984817505,0.3995399475097656
YCL017C,YML100W,0,-0.7824069,0.11041852086782455,0.4955044984817505,0.39963996410369873
YKR079C,YBL047C,0,-0.78248394,0.1103939488530159,0.4955044984817505,0.39973998069763184
YOR191W,YPL280W,0,-0.7825444,0.11036938428878784,0.4955044984817505,0.39983999729156494
YGR254W,YKL032C,0,-0.7825786,0.11034482717514038,0.4955044984817505,0.39993998408317566
YLL018C,YGR296W,0,-0.78267026,0.11032028496265411,0.4955044984817505,0.40004000067710876
YDR122W,YBL025W,0,-0.78267634,0.11029575020074844,0.4955044984817505,0.40014001727104187
YML086C,YHR197W,0,-0.7828635,0.11027123034000397,0.4955044984817505,0.400240033864975
YAR009C,YBL063W,0,-0.78299415,0.11024671792984009,0.4955044984817505,0.4003400206565857
YBR038W,YGL246C,0,-0.78305674,0.1102222204208374,0.4955044984817505,0.4004400372505188
YNL137C,YDR150W,0,-0.7831805,0.11019773036241531,0.4955044984817505,0.4005400538444519
YHR088W,YOL116W,0,-0.78331876,0.11017325520515442,0.4955044984817505,0.400640070438385
YPR154W,YLR417W,0,-0.78345084,0.11014878749847412,0.4955044984817505,0.4007400870323181
YML133C,YEL044W,0,-0.7835219,0.11012433469295502,0.4955044984817505,0.40084007382392883
YGL231C,YHR138C,0,-0.78366315,0.11009988933801651,0.4955044984817505,0.40094009041786194
YIL041W,YLR431C,1,-0.783672,0.11029738187789917,0.4965035021305084,0.40094009041786194
YFL004W,YNL054W,1,-0.78372395,0.11049478501081467,0.49750250577926636,0.40094009041786194
YOL096C,YBR121C,0,-0.7837287,0.11047027260065079,0.49750250577926636,0.40104010701179504
YGL212W,YLR423C,1,-0.7838589,0.11066755652427673,0.4985015094280243,0.40104010701179504
YDL113C,YIR026C,0,-0.78396547,0.11064301431179047,0.4985015094280243,0.40114012360572815
YDR328C,YBR045C,0,-0.7840396,0.1106184870004654,0.4985015094280243,0.40124011039733887
YDR308C,YGR211W,0,-0.78423333,0.11059397459030151,0.4985015094280243,0.401340126991272
YPL262W,YML092C,0,-0.7843491,0.11056946963071823,0.4985015094280243,0.4014401435852051
YGL171W,YCR038C,0,-0.7843733,0.11054497212171555,0.4985015094280243,0.4015401601791382
YGL028C,YKL081W,0,-0.7843902,0.11052048951387405,0.4985015094280243,0.4016401767730713
YMR053C,YLR067C,0,-0.7843932,0.11049601435661316,0.4985015094280243,0.401740163564682
YLR011W,YNR033W,0,-0.7844465,0.11047155410051346,0.4985015094280243,0.4018401801586151
YPL115C,YOL116W,0,-0.784588,0.11044710129499435,0.4985015094280243,0.4019401967525482
YIL138C,YOR068C,1,-0.7846712,0.11064394563436508,0.4995005130767822,0.4019401967525482
YGL115W,YGL219C,0,-0.7847173,0.11061947047710419,0.4995005130767822,0.4020402133464813
YFR034C,YGL129C,0,-0.78481984,0.11059500277042389,0.4995005130767822,0.40214020013809204
YLR426W,YLR023C,0,-0.78485227,0.11057054251432419,0.4995005130767822,0.40224021673202515
YOR249C,YMR183C,0,-0.78495276,0.11054609715938568,0.4995005130767822,0.40234023332595825
YGR205W,YKR053C,0,-0.7850394,0.11052165925502777,0.4995005130767822,0.40244024991989136
YPL001W,YBR005W,0,-0.7850945,0.11049723625183105,0.4995005130767822,0.40254026651382446
YDR268W,YPL056C,0,-0.78516066,0.11047282069921494,0.4995005130767822,0.4026402533054352
YOR264W,YNL118C,0,-0.7851825,0.11044842004776001,0.4995005130767822,0.4027402698993683
YDR227W,YOR260W,0,-0.7851864,0.11042402684688568,0.4995005130767822,0.4028402864933014
YBR169C,YPL235W,0,-0.78519225,0.11039964854717255,0.4995005130767822,0.4029403030872345
YGR235C,YGL111W,0,-0.78523684,0.11037527769804001,0.4995005130767822,0.4030402898788452
YNL286W,YLL067C,0,-0.7852441,0.11035091429948807,0.4995005130767822,0.4031403064727783
YML021C,YFR010W,0,-0.7852702,0.11032656580209732,0.4995005130767822,0.4032403230667114
YPR173C,YIL038C,0,-0.785292,0.11030222475528717,0.4995005130767822,0.40334033966064453
YLR092W,YNL278W,0,-0.7855041,0.11027789860963821,0.4995005130767822,0.40344035625457764
YHR165C,YHL031C,0,-0.78562987,0.11025357991456985,0.4995005130767822,0.40354034304618835
YKL051W,YOR332W,1,-0.78573203,0.11044973880052567,0.5004994869232178,0.40354034304618835
YIL138C,YFL004W,1,-0.78579116,0.11064580082893372,0.5014985203742981,0.40354034304618835
YIL064W,YCL044C,0,-0.78581166,0.11062142252922058,0.5014985203742981,0.40364035964012146
YLL016W,YCR065W,0,-0.7858676,0.11059704422950745,0.5014985203742981,0.40374037623405457
YBR086C,YFR014C,0,-0.78589916,0.1105726882815361,0.5014985203742981,0.40384039282798767
YDR080W,YOR326W,1,-0.78611386,0.11076855659484863,0.5024974942207336,0.40384039282798767
YHR035W,YKR085C,0,-0.78613853,0.1107441633939743,0.5024974942207336,0.4039403796195984
YDR122W,YPL013C,0,-0.78614295,0.11071978509426117,0.5024974942207336,0.4040403962135315
YDR515W,YML082W,0,-0.7862431,0.11069542169570923,0.5024974942207336,0.4041404128074646
YIL107C,YHR154W,0,-0.7865056,0.11067106574773788,0.5024974942207336,0.4042404294013977
YDR243C,YMR105C,0,-0.78662443,0.11064672470092773,0.5024974942207336,0.4043404459953308
YOR380W,YKL052C,0,-0.7867873,0.11062239110469818,0.5024974942207336,0.40444043278694153
YOR117W,YJR035W,0,-0.7869173,0.11059806495904922,0.5024974942207336,0.40454044938087463
YBR168W,YGL151W,0,-0.7870071,0.11057375371456146,0.5024974942207336,0.40464046597480774
YML061C,YBR301W,0,-0.7870282,0.1105494499206543,0.5024974942207336,0.40474048256874084
YDR384C,YLL057C,0,-0.78707075,0.11052516102790833,0.5024974942207336,0.40484046936035156
YKL150W,YPR131C,0,-0.78714323,0.11050087958574295,0.5024974942207336,0.40494048595428467
YDR345C,YMR318C,0,-0.787367,0.11047660559415817,0.5024974942207336,0.4050405025482178
YNL045W,YPL049C,0,-0.78738093,0.11045234650373459,0.5024974942207336,0.4051405191421509
YJL054W,YHR106W,0,-0.7877158,0.1104281023144722,0.5024974942207336,0.405240535736084
YMR055C,YKL006W,0,-0.7877631,0.1104038655757904,0.5024974942207336,0.4053405225276947
YJL045W,YDR412W,0,-0.7879025,0.11037963628768921,0.5024974942207336,0.4054405391216278
YDR441C,YOR156C,0,-0.78790665,0.1103554219007492,0.5024974942207336,0.4055405557155609
YNL156C,YMR177W,0,-0.7881093,0.1103312149643898,0.5024974942207336,0.405640572309494
YIL118W,YFL011W,0,-0.7881478,0.11030701547861099,0.5024974942207336,0.4057405889034271
YOR156C,YER178W,0,-0.7882159,0.11028283089399338,0.5024974942207336,0.40584057569503784
YGL070C,YPL161C,0,-0.7882333,0.11025866121053696,0.5024974942207336,0.40594059228897095
YOR049C,YBR005W,0,-0.7882972,0.11023449152708054,0.5024974942207336,0.40604060888290405
YER109C,YLL006W,0,-0.7884449,0.1102103441953659,0.5024974942207336,0.40614062547683716
YOL055C,YMR177W,0,-0.788466,0.11018619686365128,0.5024974942207336,0.4062406122684479
YBR080C,YHR039C-A,1,-0.7884846,0.11038107424974442,0.503496527671814,0.4062406122684479
YDR406W,YDR437W,0,-0.78857243,0.110356904566288,0.503496527671814,0.406340628862381
YPR143W,YBL025W,0,-0.7886108,0.11033274978399277,0.503496527671814,0.4064406454563141
YGL104C,YIL009W,0,-0.7887925,0.11030860245227814,0.503496527671814,0.4065406620502472
YPR110C,YDR545W,0,-0.7888812,0.1102844625711441,0.503496527671814,0.4066406786441803
YEL027W,YDR126W,1,-0.78897166,0.11047910898923874,0.5044955015182495,0.4066406786441803
YDR078C,YIL123W,0,-0.7890619,0.11045494675636292,0.5044955015182495,0.406740665435791
YLR382C,YOR019W,0,-0.7891344,0.11043079197406769,0.5044955015182495,0.4068406820297241
YLR131C,YCL054W,0,-0.78925574,0.11040664464235306,0.5044955015182495,0.4069406986236572
YOR383C,YKL114C,0,-0.78925896,0.11038251221179962,0.5044955015182495,0.40704071521759033
YBR162W-A,YJL058C,0,-0.78927314,0.11035839468240738,0.5044955015182495,0.40714070200920105
YPL280W,YML098W,0,-0.7892934,0.11033427715301514,0.5044955015182495,0.40724071860313416
YDL175C,YML047C,0,-0.7893959,0.11031018197536469,0.5044955015182495,0.40734073519706726
YDR259C,YPL189W,0,-0.7894983,0.11028608679771423,0.5044955015182495,0.40744075179100037
YIL154C,YNR071C,0,-0.7895067,0.11026200652122498,0.5044955015182495,0.40754076838493347
YCL017C,YEL039C,0,-0.7895335,0.11023794114589691,0.5044955015182495,0.4076407551765442
YBR254C,YGR165W,0,-0.7896105,0.11021388322114944,0.5044955015182495,0.4077407717704773
YDR229W,YOR326W,1,-0.78961205,0.11040803045034409,0.5054945349693298,0.4077407717704773
YLL031C,YOR011W,0,-0.78965104,0.11038394272327423,0.5054945349693298,0.4078407883644104
YER142C,YGL049C,0,-0.78969264,0.11035986989736557,0.5054945349693298,0.4079408049583435
YPL133C,YOR271C,0,-0.7896948,0.1103358045220375,0.5054945349693298,0.4080407917499542
YDL247W,YDR386W,0,-0.78971577,0.11031175404787064,0.5054945349693298,0.40814080834388733
YDR422C,YNL233W,0,-0.7897407,0.11028770357370377,0.5054945349693298,0.40824082493782043
YDR350C,YGL238W,0,-0.7897744,0.11026367545127869,0.5054945349693298,0.40834084153175354
YML023C,YDR468C,0,-0.7898221,0.1102396547794342,0.5054945349693298,0.40844085812568665
YHR174W,YDR495C,1,-0.789829,0.11043345928192139,0.5064935088157654,0.40844085812568665
YPL175W,YAL026C,0,-0.78984404,0.11040940880775452,0.5064935088157654,0.40854084491729736
YNR059W,YDL223C,0,-0.79009056,0.11038536578416824,0.5064935088157654,0.40864086151123047
YGL073W,YDR080W,0,-0.79016125,0.11036133766174316,0.5064935088157654,0.4087408781051636
YOL078W,YLR460C,0,-0.790171,0.11033732444047928,0.5064935088157654,0.4088408946990967
YCL017C,YDR397C,0,-0.79034245,0.11031331866979599,0.5064935088157654,0.4089408814907074
YPR114W,YDL105W,0,-0.7903688,0.1102893203496933,0.5064935088157654,0.4090408980846405
YDR287W,YPR169W,0,-0.7903925,0.1102653294801712,0.5064935088157654,0.4091409146785736
YBL050W,YFL039C,1,-0.79083276,0.11045879870653152,0.5074924826622009,0.4091409146785736
YML061C,YMR313C,0,-0.7909918,0.11043478548526764,0.5074924826622009,0.4092409312725067
YPL209C,YLR061W,0,-0.7909963,0.11041077971458435,0.5074924826622009,0.4093409478664398
YDR397C,YOR048C,0,-0.79105365,0.11038678884506226,0.5074924826622009,0.40944093465805054
YMR156C,YNL278W,0,-0.7910739,0.11036280542612076,0.5074924826622009,0.40954095125198364
YOR172W,YHR138C,0,-0.7910812,0.11033883690834045,0.5074924826622009,0.40964096784591675
YNL287W,YLR409C,0,-0.79109573,0.11031487584114075,0.5074924826622009,0.40974098443984985
YPL224C,YBR131W,0,-0.7911155,0.11029092222452164,0.5074924826622009,0.40984097123146057
YNL142W,YBL091C,0,-0.79122984,0.11026698350906372,0.5074924826622009,0.4099409878253937
YPL045W,YER072W,1,-0.7912339,0.1104600727558136,0.5084915161132812,0.4099409878253937
YOL023W,YCR018C,0,-0.79142404,0.1104361042380333,0.5084915161132812,0.4100410044193268
YJR108W,YBR149W,0,-0.791446,0.11041215062141418,0.5084915161132812,0.4101410210132599
YEL018W,YGL104C,0,-0.7914592,0.11038820445537567,0.5084915161132812,0.410241037607193
YKR053C,YJR117W,0,-0.7914636,0.11036426573991776,0.5084915161132812,0.4103410243988037
YNL059C,YGL096W,0,-0.79149675,0.11034034192562103,0.5084915161132812,0.4104410409927368
YML011C,YGL107C,0,-0.7916225,0.11031642556190491,0.5084915161132812,0.4105410575866699
YGR082W,YKL079W,0,-0.791708,0.11029252409934998,0.5084915161132812,0.410641074180603
YLR019W,YJL035C,0,-0.79197276,0.11026863008737564,0.5084915161132812,0.41074106097221375
YPL176C,YNR053C,0,-0.7920724,0.1102447509765625,0.5084915161132812,0.41084107756614685
YPL262W,YKL197C,0,-0.79208493,0.11022087186574936,0.5084915161132812,0.41094109416007996
YMR215W,YMR072W,0,-0.79212964,0.11019701510667801,0.5084915161132812,0.41104111075401306
YER177W,YGR003W,0,-0.79229903,0.11017315834760666,0.5084915161132812,0.41114112734794617
YAL028W,YMR313C,0,-0.79231274,0.1101493164896965,0.5084915161132812,0.4112411141395569
YAL028W,YDR412W,0,-0.7923889,0.11012548953294754,0.5084915161132812,0.41134113073349
YPR134W,YER005W,0,-0.7924036,0.11010166257619858,0.5084915161132812,0.4114411473274231
YGL092W,YLR054C,0,-0.792472,0.1100778579711914,0.5084915161132812,0.4115411639213562
YML023C,YEL019C,0,-0.7925416,0.11005405336618423,0.5084915161132812,0.4116411507129669
YJL179W,YNL118C,0,-0.7926198,0.11003026366233826,0.5084915161132812,0.4117411673069
YML057W,YIL008W,0,-0.792676,0.11000648140907288,0.5084915161132812,0.41184118390083313
YGL018C,YHR133C,0,-0.792714,0.10998271405696869,0.5084915161132812,0.41194120049476624
YLR284C,YDR176W,0,-0.7927668,0.1099589541554451,0.5084915161132812,0.41204121708869934
YDR178W,YCR038C,0,-0.79280126,0.1099352017045021,0.5084915161132812,0.41214120388031006
YDR309C,YOR258W,0,-0.7928908,0.1099114641547203,0.5084915161132812,0.41224122047424316
YPR161C,YEL048C,0,-0.79308105,0.1098877340555191,0.5084915161132812,0.41234123706817627
YCL017C,YDR078C,0,-0.7932831,0.1098640188574791,0.5084915161132812,0.4124412536621094
YBL007C,YKR100C,0,-0.7933699,0.10984031111001968,0.5084915161132812,0.4125412404537201
YPL209C,YOR264W,0,-0.7934847,0.10981661081314087,0.5084915161132812,0.4126412570476532
YBL031W,YHR118C,0,-0.79356647,0.10979292541742325,0.5084915161132812,0.4127412736415863
YDR406W,YPR046W,0,-0.7936709,0.10976924747228622,0.5084915161132812,0.4128412902355194
YIL148W,YGL151W,0,-0.7937373,0.1097455769777298,0.5084915161132812,0.4129413068294525
YDR092W,YGL171W,0,-0.79384196,0.10972192138433456,0.5084915161132812,0.41304129362106323
YDR041W,YOR059C,0,-0.7940583,0.10969827324151993,0.5084915161132812,0.41314131021499634
YJL054W,YIL130W,0,-0.7941582,0.10967463999986649,0.5084915161132812,0.41324132680892944
YLR004C,YMR183C,0,-0.79428077,0.10965101420879364,0.5084915161132812,0.41334134340286255
YER007C-A,YER155C,0,-0.79432297,0.10962739586830139,0.5084915161132812,0.41344133019447327
YDR430C,YPR057W,0,-0.7944671,0.10960379242897034,0.5084915161132812,0.41354134678840637
YDR287W,YBR153W,0,-0.7944714,0.10958019644021988,0.5084915161132812,0.4136413633823395
YGR082W,YGL005C,0,-0.79450476,0.10955660790205002,0.5084915161132812,0.4137413799762726
YBR054W,YLR054C,0,-0.79475343,0.10953303426504135,0.5084915161132812,0.4138413965702057
YCL029C,YBR054W,0,-0.7947564,0.10950946807861328,0.5084915161132812,0.4139413833618164
YGL243W,YCL035C,0,-0.79493165,0.10948590934276581,0.5084915161132812,0.4140413999557495
YPL225W,YLR384C,0,-0.79494286,0.10946236550807953,0.5084915161132812,0.4141414165496826
YKL052C,YDR168W,0,-0.7949568,0.10943882912397385,0.5084915161132812,0.4142414331436157
YHL038C,YKR089C,0,-0.795066,0.10941530764102936,0.5084915161132812,0.41434141993522644
YKL026C,YDR430C,0,-0.79509795,0.10939179360866547,0.5084915161132812,0.41444143652915955
YGR204W,YLL053C,0,-0.7951484,0.10936828702688217,0.5084915161132812,0.41454145312309265
YER044C-A,YBR023C,0,-0.7952497,0.10934478789567947,0.5084915161132812,0.41464146971702576
YML059C,YKL002W,0,-0.79534817,0.10932130366563797,0.5084915161132812,0.41474148631095886
YGL243W,YLR248W,0,-0.7953619,0.10929783433675766,0.5084915161132812,0.4148414731025696
YCL017C,YMR041C,0,-0.7953893,0.10927436500787735,0.5084915161132812,0.4149414896965027
YFR027W,YGR244C,0,-0.7954879,0.10925091058015823,0.5084915161132812,0.4150415062904358
YAL002W,YBR121C,0,-0.7955458,0.10922747105360031,0.5084915161132812,0.4151415228843689
YHR122W,YFR038W,0,-0.7955507,0.10920403152704239,0.5084915161132812,0.4152415096759796
YER038C,YDR395W,0,-0.79555345,0.10918060690164566,0.5084915161132812,0.4153415262699127
YPL056C,YCL001W,0,-0.79564214,0.10915719717741013,0.5084915161132812,0.4154415428638458
YLR037C,YKL081W,0,-0.7956623,0.10913378745317459,0.5084915161132812,0.41554155945777893
YER176W,YBR003W,0,-0.7956904,0.10911040008068085,0.5084915161132812,0.41564157605171204
YDR100W,YBR023C,0,-0.79582703,0.1090870127081871,0.5084915161132812,0.41574156284332275
YDR343C,YNL024C,0,-0.7958405,0.10906364023685455,0.5084915161132812,0.41584157943725586
YLR313C,YCL039W,0,-0.7958919,0.1090402752161026,0.5084915161132812,0.41594159603118896
YLR460C,YDL139C,0,-0.7959248,0.10901691764593124,0.5084915161132812,0.41604161262512207
YHR214W,YNR038W,0,-0.79623556,0.10899357497692108,0.5084915161132812,0.4161415994167328
YKR034W,YER071C,0,-0.79634154,0.10897023975849152,0.5084915161132812,0.4162416160106659
YPL013C,YGR138C,0,-0.7964177,0.10894691944122314,0.5084915161132812,0.416341632604599
YKR078W,YDR100W,0,-0.7966486,0.10892360657453537,0.5084915161132812,0.4164416491985321
YGR004W,YIL018W,0,-0.7966783,0.10890030115842819,0.5084915161132812,0.4165416657924652
YKR027W,YHR193C,0,-0.7967851,0.10887700319290161,0.5084915161132812,0.4166416525840759
YBL072C,YNL063W,0,-0.7968447,0.10885372012853622,0.5084915161132812,0.41674166917800903
YMR040W,YNL118C,0,-0.7970314,0.10883044451475143,0.5084915161132812,0.41684168577194214
YDL003W,YIL173W,0,-0.7970573,0.10880718380212784,0.5084915161132812,0.41694170236587524
YDR367W,YGR205W,0,-0.7972158,0.10878393054008484,0.5084915161132812,0.41704171895980835
YAL026C,YPL233W,0,-0.7973182,0.10876068472862244,0.5084915161132812,0.41714170575141907
YGR005C,YLR092W,0,-0.7974509,0.10873744636774063,0.5084915161132812,0.4172417223453522
YDR471W,YLR023C,0,-0.7975583,0.10871422290802002,0.5084915161132812,0.4173417389392853
YJR042W,YLR288C,0,-0.797565,0.10869100689888,0.5084915161132812,0.4174417555332184
YGL045W,YMR091C,0,-0.7975793,0.10866780579090118,0.5084915161132812,0.4175417423248291
YGR082W,YBR218C,0,-0.79762745,0.10864461213350296,0.5084915161132812,0.4176417589187622
YDL189W,YBL047C,0,-0.7979485,0.10862142592668533,0.5084915161132812,0.4177417755126953
YNL183C,YCR038C,0,-0.7979729,0.1085982471704483,0.5084915161132812,0.4178417921066284
YGL231C,YLR150W,0,-0.7980424,0.10857508331537247,0.5084915161132812,0.4179418087005615
YHL025W,YER167W,0,-0.79814696,0.10855192691087723,0.5084915161132812,0.41804179549217224
YDR213W,YDR407C,0,-0.7981584,0.10852878540754318,0.5084915161132812,0.41814181208610535
YOR250C,YBR131W,0,-0.79831064,0.10850565135478973,0.5084915161132812,0.41824182868003845
YBL031W,YLR075W,0,-0.7983285,0.10848252475261688,0.5084915161132812,0.41834184527397156
YJR132W,YCL016C,0,-0.7985114,0.10845940560102463,0.5084915161132812,0.4184418320655823
YHR202W,YBR188C,0,-0.7985213,0.10843630135059357,0.5084915161132812,0.4185418486595154
YAL048C,YDR292C,0,-0.7985915,0.1084132045507431,0.5084915161132812,0.4186418652534485
YLR011W,YGR138C,0,-0.7987914,0.10839012265205383,0.5084915161132812,0.4187418818473816
YHR039C-A,YNL054W,1,-0.7988938,0.10857994109392166,0.5094904899597168,0.4187418818473816
YLR442C,YOR357C,0,-0.7989743,0.10855682939291,0.5094904899597168,0.4188418984413147
YGL212W,YHR039C-A,1,-0.79910576,0.10874654352664948,0.5104895234107971,0.4188418984413147
YLR011W,YDR381W,0,-0.7991427,0.10872340202331543,0.5104895234107971,0.4189418852329254
YGR296W,YGR040W,0,-0.7993294,0.10870027542114258,0.5104895234107971,0.4190419018268585
YDR004W,YMR001C,0,-0.7993928,0.10867715626955032,0.5104895234107971,0.4191419184207916
YNL221C,YCR036W,0,-0.7993965,0.10865405201911926,0.5104895234107971,0.41924193501472473
YOR177C,YPR148C,0,-0.7994685,0.1086309552192688,0.5104895234107971,0.41934192180633545
YLR085C,YKL155C,0,-0.79948485,0.10860786586999893,0.5104895234107971,0.41944193840026855
YIL156W,YOL126C,0,-0.7995255,0.10858478397130966,0.5104895234107971,0.41954195499420166
YBR080C,YNL326C,1,-0.79958665,0.10877416282892227,0.5114884972572327,0.41954195499420166
YDL149W,YPL100W,1,-0.7997664,0.10896346718072891,0.512487530708313,0.41954195499420166
YER014W,YAL056W,0,-0.7997794,0.10894032567739487,0.512487530708313,0.41964197158813477
YAR009C,YOR009W,0,-0.79983914,0.10891719907522202,0.512487530708313,0.41974198818206787
YNL164C,YCL064C,0,-0.79985726,0.10889407992362976,0.512487530708313,0.4198419749736786
YML059C,YLR061W,0,-0.7999866,0.1088709682226181,0.512487530708313,0.4199419915676117
YGR283C,YLR466W,0,-0.80002296,0.10884786397218704,0.512487530708313,0.4200420081615448
YCR107W,YBL063W,0,-0.8000623,0.10882477462291718,0.512487530708313,0.4201420247554779
YNL029C,YLL057C,0,-0.80006397,0.1088017001748085,0.512487530708313,0.4202420115470886
YGR165W,YBR131W,0,-0.8001405,0.10877862572669983,0.512487530708313,0.42034202814102173
YBL013W,YDR190C,0,-0.80034614,0.10875556617975235,0.512487530708313,0.42044204473495483
YDR040C,YMR125W,0,-0.8005066,0.10873251408338547,0.512487530708313,0.42054206132888794
YER176W,YNR037C,0,-0.8005954,0.10870946943759918,0.512487530708313,0.42064207792282104
YJL054W,YGR060W,0,-0.8006557,0.10868643969297409,0.512487530708313,0.42074206471443176
YGR224W,YBL072C,0,-0.8006606,0.1086634173989296,0.512487530708313,0.42084208130836487
YKL002W,YGR296W,0,-0.8006911,0.1086404100060463,0.512487530708313,0.420942097902298
YDL077C,YNL326C,1,-0.8006958,0.10882913321256638,0.5134865045547485,0.420942097902298
YGL076C,YBL051C,0,-0.80073595,0.10880609601736069,0.5134865045547485,0.4210421144962311
YOR359W,YPR068C,0,-0.8007382,0.1087830662727356,0.5134865045547485,0.4211421012878418
YGL018C,YLL014W,0,-0.8007437,0.1087600514292717,0.5134865045547485,0.4212421178817749
YMR231W,YER072W,1,-0.800758,0.10894859582185745,0.5144855380058289,0.4212421178817749
YER062C,YKL099C,0,-0.80079746,0.10892555117607117,0.5144855380058289,0.421342134475708
YBL035C,YGR080W,0,-0.8009249,0.10890251398086548,0.5144855380058289,0.4214421510696411
YOR109W,YMR035W,0,-0.8011129,0.10887949168682098,0.5144855380058289,0.4215421676635742
YGL028C,YHR190W,0,-0.80116045,0.10885647684335709,0.5144855380058289,0.42164215445518494
YDR441C,YOL042W,0,-0.80125654,0.10883347690105438,0.5144855380058289,0.42174217104911804
YFR025C,YPL006W,0,-0.80127287,0.10881047695875168,0.5144855380058289,0.42184218764305115
YFR047C,YGL078C,0,-0.8012781,0.10878749191761017,0.5144855380058289,0.42194220423698425
YHR039C-A,YEL013W,1,-0.80144703,0.10897571593523026,0.5154845118522644,0.42194220423698425
YKL052C,YPL076W,0,-0.80146885,0.10895270109176636,0.5154845118522644,0.42204219102859497
YOR332W,YPL100W,1,-0.80147815,0.1091408059000969,0.5164835453033447,0.42204219102859497
YOR334W,YOR249C,0,-0.80149555,0.1091177687048912,0.5164835453033447,0.4221422076225281
YJR132W,YOL032W,0,-0.8016243,0.10909474641084671,0.5164835453033447,0.4222422242164612
YPR055W,YBL091C,0,-0.80193686,0.10907173156738281,0.5164835453033447,0.4223422408103943
YDR375C,YGL093W,0,-0.8020308,0.10904872417449951,0.5164835453033447,0.4224422574043274
YLR451W,YAL068C,0,-0.80205894,0.10902572423219681,0.5164835453033447,0.4225422441959381
YPL100W,YCL001W,0,-0.8020735,0.1090027391910553,0.5164835453033447,0.4226422607898712
YOR273C,YEL051W,0,-0.80228436,0.10897976160049438,0.5164835453033447,0.4227422773838043
YKL197C,YGR224W,0,-0.80230045,0.10895679891109467,0.5164835453033447,0.4228422939777374
YLR223C,YBR023C,0,-0.8023207,0.10893383622169495,0.5164835453033447,0.42294228076934814
YPL120W,YJL013C,0,-0.80257666,0.10891088843345642,0.5164835453033447,0.42304229736328125
YER072W,YKL039W,0,-0.80277324,0.10888795554637909,0.5164835453033447,0.42314231395721436
YNL024C,YLR288C,0,-0.8028276,0.10886502265930176,0.5164835453033447,0.42324233055114746
YML101C,YER063W,0,-0.80285513,0.10884210467338562,0.5164835453033447,0.42334234714508057
YNL199C,YLL014W,0,-0.80291617,0.10881919413805008,0.5164835453033447,0.4234423339366913
YKL051W,YDR080W,1,-0.80310285,0.10900673270225525,0.5174825191497803,0.4234423339366913
YIL064W,YMR101C,0,-0.8031086,0.10898379981517792,0.5174825191497803,0.4235423505306244
YOR034C,YOR260W,0,-0.8031918,0.10896087437868118,0.5174825191497803,0.4236423671245575
YKR034W,YGR211W,0,-0.80320597,0.10893795639276505,0.5174825191497803,0.4237423837184906
YKR093W,YBR153W,0,-0.803241,0.1089150533080101,0.5174825191497803,0.4238423705101013
YHR185C,YDR280W,0,-0.803372,0.10889215767383575,0.5174825191497803,0.4239423871040344
YPR037C,YKL114C,0,-0.8034625,0.108869269490242,0.5174825191497803,0.42404240369796753
YLR386W,YDR080W,1,-0.80346525,0.10905652493238449,0.5184814929962158,0.42404240369796753
YNL103W,YAL059W,0,-0.8035356,0.10903361439704895,0.5184814929962158,0.42414242029190063
YHR118C,YJL035C,0,-0.80354166,0.109010711312294,0.5184814929962158,0.42424243688583374
YNL041C,YOR253W,0,-0.80355537,0.10898782312870026,0.5184814929962158,0.42434242367744446
YDR528W,YPL198W,0,-0.80367136,0.1089649349451065,0.5184814929962158,0.42444244027137756
YKL054C,YOR019W,0,-0.8036927,0.10894206911325455,0.5184814929962158,0.42454245686531067
YIL009W,YNR052C,0,-0.803705,0.10891920328140259,0.5184814929962158,0.4246424734592438
YDR515W,YPL168W,0,-0.8037746,0.10889635235071182,0.5184814929962158,0.4247424602508545
YOR267C,YIR031C,0,-0.80382574,0.10887350887060165,0.5184814929962158,0.4248424768447876
YPR008W,YDR343C,0,-0.8038701,0.10885067284107208,0.5184814929962158,0.4249424934387207
YOR068C,YBR217W,1,-0.80390406,0.10903753340244293,0.5194805264472961,0.4249424934387207
YLR361C,YBR180W,0,-0.8039367,0.10901467502117157,0.5194805264472961,0.4250425100326538
YOR156C,YBR149W,0,-0.8040246,0.1089918240904808,0.5194805264472961,0.4251425266265869
YKL006C-A,YDL106C,0,-0.8040279,0.10896898806095123,0.5194805264472961,0.42524251341819763
YLR193C,YKL114C,0,-0.8040453,0.10894615203142166,0.5194805264472961,0.42534253001213074
YNL243W,YPL097W,0,-0.804059,0.10892333835363388,0.5194805264472961,0.42544254660606384
YJR042W,YDL012C,0,-0.8041611,0.1089005246758461,0.5194805264472961,0.42554256319999695
YOR195W,YBR045C,0,-0.80419517,0.10887771844863892,0.5194805264472961,0.42564254999160767
YLR423C,YCL063W,1,-0.8043654,0.1090642660856247,0.5204795002937317,0.42564254999160767
YNR055C,YPL161C,0,-0.804469,0.10904143750667572,0.5204795002937317,0.42574256658554077
YML041C,YGR138C,0,-0.80449,0.10901862382888794,0.5204795002937317,0.4258425831794739
YLR386W,YGL095C,1,-0.80453706,0.10920502245426178,0.521478533744812,0.4258425831794739
YIL119C,YKL006W,0,-0.80454636,0.10918217897415161,0.521478533744812,0.425942599773407
YBR046C,YIL068C,0,-0.8045565,0.10915935039520264,0.521478533744812,0.4260426163673401
YLR259C,YPR180W,0,-0.8046613,0.10913652181625366,0.521478533744812,0.4261426031589508
YLR411W,YDR234W,0,-0.80467594,0.10911371558904648,0.521478533744812,0.4262426197528839
YOR016C,YNL294C,0,-0.8047333,0.1090909093618393,0.521478533744812,0.426342636346817
YOR383C,YNL023C,0,-0.8048285,0.1090681180357933,0.521478533744812,0.4264426529407501
YER028C,YNL294C,0,-0.8048612,0.10904533416032791,0.521478533744812,0.42654263973236084
YKL043W,YBR146W,0,-0.80487835,0.10902255773544312,0.521478533744812,0.42664265632629395
YOR266W,YMR183C,0,-0.804924,0.10899978876113892,0.521478533744812,0.42674267292022705
YLR431C,YOR068C,1,-0.8050107,0.10918580740690231,0.5224775075912476,0.42674267292022705
YPL176C,YKL054C,0,-0.80509317,0.10916301608085632,0.5224775075912476,0.42684268951416016
YGL098W,YDR021W,0,-0.80511343,0.10914023220539093,0.5224775075912476,0.42694270610809326
YOL051W,YGL105W,0,-0.8051448,0.10911746323108673,0.5224775075912476,0.427042692899704
YGR204W,YKR099W,0,-0.80516255,0.10909470170736313,0.5224775075912476,0.4271427094936371
YPL209C,YMR053C,0,-0.80517006,0.10907194763422012,0.5224775075912476,0.4272427260875702
YGL045W,YER127W,0,-0.8051995,0.10904920846223831,0.5224775075912476,0.4273427426815033
YOR383C,YKL087C,0,-0.8052068,0.1090264767408371,0.5224775075912476,0.427442729473114
YJL057C,YCR105W,0,-0.80527735,0.10900375247001648,0.5224775075912476,0.4275427460670471
YOR266W,YHR154W,0,-0.8053471,0.10898103564977646,0.5224775075912476,0.4276427626609802
YGR283C,YBR149W,0,-0.80564964,0.10895833373069763,0.5224775075912476,0.42774277925491333
YLR423C,YMR231W,1,-0.80568945,0.109143927693367,0.5234765410423279,0.42774277925491333
YJL110C,YLR118C,0,-0.80586624,0.10912119597196579,0.5234765410423279,0.42784279584884644
YDL081C,YLL021W,0,-0.8059715,0.10909847915172577,0.5234765410423279,0.42794278264045715
YLL026W,YER005W,0,-0.8059875,0.10907576978206635,0.5234765410423279,0.42804279923439026
YBR211C,YHR005C,0,-0.8060082,0.10905306786298752,0.5234765410423279,0.42814281582832336
YFR016C,YKL150W,0,-0.80601037,0.10903038084506989,0.5234765410423279,0.42824283242225647
YPR134W,YLR361C,0,-0.8061248,0.10900769382715225,0.5234765410423279,0.4283428490161896
YDR359C,YDL076C,0,-0.80618346,0.10898502171039581,0.5234765410423279,0.4284428358078003
YKL069W,YER100W,0,-0.8062123,0.10896236449480057,0.5234765410423279,0.4285428524017334
YJL110C,YJR041C,0,-0.80623794,0.10893970727920532,0.5234765410423279,0.4286428689956665
YKR083C,YBR045C,0,-0.8062953,0.10891706496477127,0.5234765410423279,0.4287428855895996
YOL126C,YOL023W,0,-0.80629647,0.10889443010091782,0.5234765410423279,0.4288428723812103
YPL193W,YIR031C,0,-0.8063171,0.10887180268764496,0.5234765410423279,0.42894288897514343
YPR128C,YMR091C,0,-0.8063432,0.1088491901755333,0.5234765410423279,0.42904290556907654
YDR201W,YLR293C,0,-0.80663145,0.10882658511400223,0.5234765410423279,0.42914292216300964
YDR490C,YDL098C,0,-0.80666983,0.10880398750305176,0.5234765410423279,0.42924293875694275
YGR120C,YPL179W,0,-0.80667865,0.10878139734268188,0.5234765410423279,0.42934292554855347
YMR015C,YER109C,0,-0.80667925,0.1087588220834732,0.5234765410423279,0.4294429421424866
YBL013W,YHR194W,0,-0.806743,0.10873625427484512,0.5234765410423279,0.4295429587364197
YIL144W,YGR253C,0,-0.80684996,0.10871369391679764,0.5234765410423279,0.4296429753303528
YPL280W,YKR083C,0,-0.8068845,0.10869114100933075,0.5234765410423279,0.4297429621219635
YLR347C,YNL133C,0,-0.8069005,0.10866860300302505,0.5234765410423279,0.4298429787158966
YGL212W,YLR386W,1,-0.80692816,0.10885340720415115,0.5244755148887634,0.4298429787158966
YEL018W,YNL036W,0,-0.80701303,0.10883084684610367,0.5244755148887634,0.4299429953098297
YHR039C-A,YOR068C,1,-0.8070266,0.10901554673910141,0.5254745483398438,0.4299429953098297
YKR093W,YDR040C,0,-0.8070841,0.10899295657873154,0.5254745483398438,0.4300430119037628
YLL066C,YPR071W,0,-0.80709326,0.10897037386894226,0.5254745483398438,0.4301430284976959
YIL056W,YMR322C,0,-0.80716765,0.10894780606031418,0.5254745483398438,0.43024301528930664
YDR309C,YMR183C,0,-0.8072287,0.1089252457022667,0.5254745483398438,0.43034303188323975
YAR033W,YPL183C,0,-0.807238,0.1089026927947998,0.5254745483398438,0.43044304847717285
YDR190C,YIL033C,0,-0.8073112,0.10888014733791351,0.5254745483398438,0.43054306507110596
YBL080C,YLR442C,0,-0.8073306,0.10885761678218842,0.5254745483398438,0.4306430518627167
YDR160W,YOR227W,0,-0.8073852,0.10883509367704391,0.5254745483398438,0.4307430684566498
YDR160W,YOR060C,0,-0.8074961,0.10881257802248001,0.5254745483398438,0.4308430850505829
YLR148W,YOR326W,1,-0.8075304,0.10899689793586731,0.5264735221862793,0.4308430850505829
YBR085W,YKL058W,0,-0.8075553,0.10897435992956161,0.5264735221862793,0.430943101644516
YIL041W,YLR093C,1,-0.80755866,0.10915856808423996,0.5274725556373596,0.430943101644516
YNL199C,YDR028C,0,-0.80766714,0.10913600772619247,0.5274725556373596,0.4310431182384491
YIL022W,YGR217W,0,-0.8076881,0.10911345481872559,0.5274725556373596,0.4311431050300598
YBR208C,YHL015W,0,-0.8077278,0.1090909093618393,0.5274725556373596,0.4312431216239929
YIL147C,YKL039W,0,-0.8077884,0.1090683713555336,0.5274725556373596,0.431343138217926
YML120C,YGL195W,0,-0.8077992,0.1090458482503891,0.5274725556373596,0.43144315481185913
YER033C,YGR260W,0,-0.8078251,0.1090233325958252,0.5274725556373596,0.43154314160346985
YDL235C,YOR136W,0,-0.80796885,0.10900082439184189,0.5274725556373596,0.43164315819740295
YNL263C,YPR010C,0,-0.80813026,0.10897833108901978,0.5274725556373596,0.43174317479133606
YIL048W,YGL212W,1,-0.80842865,0.10916219651699066,0.5284715294837952,0.43174317479133606
YOR136W,YPL049C,0,-0.8086511,0.10913967341184616,0.5284715294837952,0.43184319138526917
YML061C,YDR437W,0,-0.8087034,0.10911716520786285,0.5284715294837952,0.43194320797920227
YNL130C,YGL064C,0,-0.8087989,0.10909465700387955,0.5284715294837952,0.432043194770813
YIL005W,YMR149W,0,-0.80881226,0.10907216370105743,0.5284715294837952,0.4321432113647461
YGL085W,YPL006W,0,-0.8088747,0.10904967784881592,0.5284715294837952,0.4322432279586792
YDR438W,YOL052C-A,0,-0.80889714,0.1090272068977356,0.5284715294837952,0.4323432445526123
YDL087C,YIL011W,0,-0.8090769,0.10900473594665527,0.5284715294837952,0.432443231344223
YLR293C,YML057W,0,-0.80919623,0.10898227989673615,0.5284715294837952,0.43254324793815613
YER143W,YJL197W,0,-0.8093368,0.10895983874797821,0.5284715294837952,0.43264326453208923
YBR078W,YJR096W,0,-0.8093438,0.10893739759922028,0.5284715294837952,0.43274328112602234
YPR154W,YBR254C,0,-0.8095784,0.10891497135162354,0.5284715294837952,0.43284329771995544
YGL073W,YER031C,0,-0.80960274,0.1088925451040268,0.5284715294837952,0.43294328451156616
YMR262W,YGL116W,0,-0.8096107,0.10887014120817184,0.5284715294837952,0.43304330110549927
YOR358W,YLR175W,0,-0.8097774,0.1088477373123169,0.5284715294837952,0.4331433176994324
YPL209C,YDR361C,0,-0.8098391,0.10882534086704254,0.5284715294837952,0.4332433342933655
YJR042W,YDR276C,0,-0.8098526,0.10880295932292938,0.5284715294837952,0.4333433210849762
YIR004W,YGR224W,0,-0.809963,0.10878058522939682,0.5284715294837952,0.4334433376789093
YML041C,YDR468C,0,-0.810156,0.10875822603702545,0.5284715294837952,0.4335433542728424
YGR024C,YPR100W,0,-0.8101747,0.10873586684465408,0.5284715294837952,0.4336433708667755
YHR096C,YPL145C,0,-0.81018794,0.10871352255344391,0.5284715294837952,0.4337433874607086
YDR175C,YOR026W,0,-0.81029105,0.10869118571281433,0.5284715294837952,0.43384337425231934
YLR189C,YER167W,0,-0.8104063,0.10866885632276535,0.5284715294837952,0.43394339084625244
YNL031C,YBL063W,0,-0.8104385,0.10864654183387756,0.5284715294837952,0.43404340744018555
YIL106W,YGR055W,0,-0.81047845,0.10862422734498978,0.5284715294837952,0.43414342403411865
YDR256C,YPL001W,0,-0.81052375,0.10860192775726318,0.5284715294837952,0.43424341082572937
YOL122C,YOR247W,0,-0.810593,0.10857963562011719,0.5284715294837952,0.4343434274196625
YNL023C,YOR157C,0,-0.8106123,0.10855735838413239,0.5284715294837952,0.4344434440135956
YDR145W,YBL025W,0,-0.8106173,0.10853508114814758,0.5284715294837952,0.4345434606075287
YLR390W-A,YNR055C,0,-0.810642,0.10851281881332397,0.5284715294837952,0.4346434772014618
YKL134C,YHL050C,0,-0.8107724,0.10849056392908096,0.5284715294837952,0.4347434639930725
YDR323C,YKL194C,0,-0.81085134,0.10846832394599915,0.5284715294837952,0.4348434805870056
YLR006C,YNL123W,0,-0.81085193,0.10844608396291733,0.5284715294837952,0.4349434971809387
YBR060C,YNR059W,0,-0.8108833,0.1084238588809967,0.5284715294837952,0.4350435137748718
YJL186W,YNL094W,0,-0.8109431,0.10840164124965668,0.5284715294837952,0.43514350056648254
YKL014C,YIL120W,0,-0.8109435,0.10837943106889725,0.5284715294837952,0.43524351716041565
YBR279W,YBR208C,0,-0.8109726,0.10835722833871841,0.5284715294837952,0.43534353375434875
YNL137C,YMR313C,0,-0.81099737,0.10833504050970078,0.5284715294837952,0.43544355034828186
YNR033W,YJL197W,0,-0.81116295,0.10831286013126373,0.5284715294837952,0.43554356694221497
YDR261C,YDR165W,0,-0.8111768,0.10829068720340729,0.5284715294837952,0.4356435537338257
YJL162C,YOL012C,0,-0.81121075,0.10826852172613144,0.5284715294837952,0.4357435703277588
YLR390W-A,YHL031C,0,-0.81138253,0.10824637115001678,0.5284715294837952,0.4358435869216919
YLR193C,YLR247C,0,-0.8113847,0.10822422057390213,0.5284715294837952,0.435943603515625
YHR158C,YPL010W,0,-0.8114239,0.10820208489894867,0.5284715294837952,0.4360435903072357
YJR027W,YML013W,0,-0.8116505,0.1081799566745758,0.5284715294837952,0.4361436069011688
YJL059W,YDR100W,0,-0.8116534,0.10815784335136414,0.5284715294837952,0.43624362349510193
YPR049C,YOR332W,1,-0.81180966,0.10834014415740967,0.5294705033302307,0.43624362349510193
YDL149W,YAL002W,1,-0.8118135,0.10852237790822983,0.530469536781311,0.43624362349510193
YHL035C,YDR257C,0,-0.81182086,0.10850020498037338,0.530469536781311,0.43634364008903503
YGL116W,YHR193C,0,-0.8119587,0.10847803950309753,0.530469536781311,0.43644365668296814
YER033C,YDR528W,0,-0.81196165,0.10845588147640228,0.530469536781311,0.43654364347457886
YPL105C,YGR142W,0,-0.8120402,0.10843373835086823,0.530469536781311,0.43664366006851196
YOR262W,YFR053C,0,-0.81206286,0.10841159522533417,0.530469536781311,0.43674367666244507
YLR347C,YKR052C,0,-0.8121736,0.1083894670009613,0.530469536781311,0.4368436932563782
YER155C,YHL006C,0,-0.81221724,0.10836734622716904,0.530469536781311,0.4369436800479889
YDR545W,YEL032W,0,-0.8123827,0.10834523290395737,0.530469536781311,0.437043696641922
YDR178W,YLR432W,0,-0.8124256,0.10832313448190689,0.530469536781311,0.4371437132358551
YKR053C,YNL059C,0,-0.81243706,0.10830104351043701,0.530469536781311,0.4372437298297882
YLL053C,YKL099C,0,-0.81251657,0.10827895253896713,0.530469536781311,0.4373437464237213
YOR320C,YDL012C,0,-0.81258607,0.10825688391923904,0.530469536781311,0.43744373321533203
YJL059W,YHL003C,0,-0.8126259,0.10823481529951096,0.530469536781311,0.43754374980926514
YNL250W,YHR006W,0,-0.81271636,0.10821275413036346,0.530469536781311,0.43764376640319824
YMR234W,YPL224C,0,-0.8128245,0.10819070786237717,0.530469536781311,0.43774378299713135
YOR254C,YGR044C,0,-0.8128295,0.10816866904497147,0.530469536781311,0.43784376978874207
YIL147C,YPR097W,0,-0.8128822,0.10814663767814636,0.530469536781311,0.43794378638267517
YLR249W,YDR273W,0,-0.81297505,0.10812462121248245,0.530469536781311,0.4380438029766083
YML067C,YMR055C,0,-0.81308997,0.10810260474681854,0.530469536781311,0.4381438195705414
YGL087C,YGR004W,0,-0.81321,0.10808060318231583,0.530469536781311,0.4382438361644745
YKR100C,YLR190W,0,-0.8132782,0.10805860906839371,0.530469536781311,0.4383438229560852
YLL016W,YHR194W,0,-0.81330526,0.10803662240505219,0.530469536781311,0.4384438395500183
YBL063W,YIL033C,0,-0.8133762,0.10801464319229126,0.530469536781311,0.4385438561439514
YOL023W,YPL145C,0,-0.81340206,0.10799267888069153,0.530469536781311,0.4386438727378845
YJR120W,YCR018C,0,-0.81341684,0.1079707220196724,0.530469536781311,0.43874385952949524
YOR272W,YGL226W,0,-0.81349444,0.10794877260923386,0.530469536781311,0.43884387612342834
YHR142W,YKL002W,0,-0.8135433,0.10792683064937592,0.530469536781311,0.43894389271736145
YOR129C,YLR007W,0,-0.81362224,0.10790489614009857,0.530469536781311,0.43904390931129456
YLR258W,YKR083C,0,-0.8137187,0.10788297653198242,0.530469536781311,0.43914392590522766
YPL019C,YFL039C,1,-0.81372035,0.1080641895532608,0.5314685106277466,0.43914392590522766
YDR490C,YOR316C,0,-0.8137914,0.10804224014282227,0.5314685106277466,0.4392439126968384
YGR193C,YBR086C,0,-0.81392694,0.10802030563354492,0.5314685106277466,0.4393439292907715
YOR016C,YLR001C,0,-0.8139849,0.10799837857484818,0.5314685106277466,0.4394439458847046
YBR038W,YOR119C,0,-0.8140172,0.10797645896673203,0.5314685106277466,0.4395439624786377
YLR360W,YLR115W,0,-0.81405354,0.10795454680919647,0.5314685106277466,0.4396439790725708
YCR035C,YDL018C,0,-0.8141023,0.10793264210224152,0.5314685106277466,0.4397439658641815
YDR108W,YHL026C,0,-0.8142172,0.10791075229644775,0.5314685106277466,0.4398439824581146
YHR154W,YPL063W,0,-0.81427693,0.10788886994123459,0.5314685106277466,0.43994399905204773
YGR204W,YGR005C,0,-0.81433594,0.10786698758602142,0.5314685106277466,0.44004401564598083
YCR024C,YGR097W,0,-0.8143908,0.10784512758255005,0.5314685106277466,0.44014400243759155
YGR129W,YFR030W,0,-0.81456757,0.10782326757907867,0.5314685106277466,0.44024401903152466
YIL144W,YDR303C,0,-0.81465256,0.1078014150261879,0.5314685106277466,0.44034403562545776
YPL126W,YJR035W,0,-0.8146832,0.10777957737445831,0.5314685106277466,0.44044405221939087
YIL019W,YCR106W,0,-0.81471217,0.10775774717330933,0.5314685106277466,0.440544068813324
YKL197C,YBR168W,0,-0.8147596,0.10773592442274094,0.5314685106277466,0.4406440556049347
YDR111C,YDR398W,0,-0.81476593,0.10771410912275314,0.5314685106277466,0.4407440721988678
YJR050W,YGR094W,0,-0.8148701,0.10769230872392654,0.5314685106277466,0.4408440887928009
YNL180C,YML031W,0,-0.8149811,0.10767050832509995,0.5314685106277466,0.440944105386734
YBR112C,YDR365C,0,-0.81501985,0.10764872282743454,0.5314685106277466,0.4410440921783447
YMR063W,YPL178W,0,-0.8152176,0.10762694478034973,0.5314685106277466,0.44114410877227783
YCR065W,YBR168W,0,-0.81529105,0.10760518163442612,0.5314685106277466,0.44124412536621094
YML011C,YGL006W,0,-0.81538117,0.1075834184885025,0.5314685106277466,0.44134414196014404
YGL116W,YMR156C,0,-0.8154491,0.10756166279315948,0.5314685106277466,0.44144415855407715
YER014W,YEL006W,0,-0.8154918,0.10753992199897766,0.5314685106277466,0.44154414534568787
YBR101C,YLR001C,0,-0.8154938,0.10751818865537643,0.5314685106277466,0.44164416193962097
YPL161C,YNL055C,0,-0.81550133,0.1074964627623558,0.5314685106277466,0.4417441785335541
YER062C,YPR199C,0,-0.8155172,0.10747474431991577,0.5314685106277466,0.4418441951274872
YAL056W,YBR295W,0,-0.8155309,0.10745304077863693,0.5314685106277466,0.4419441819190979
YPL045W,YJL012C,1,-0.8156041,0.10763327777385712,0.5324675440788269,0.4419441819190979
YDR200C,YDL119C,0,-0.8156848,0.10761155188083649,0.5324675440788269,0.442044198513031
YGR024C,YDR517W,0,-0.8158214,0.10758982598781586,0.5324675440788269,0.4421442151069641
YGL115W,YOL029C,0,-0.8158325,0.10756811499595642,0.5324675440788269,0.4422442317008972
YER072W,YKL006C-A,0,-0.8159615,0.10754641145467758,0.5324675440788269,0.4423442482948303
YGL171W,YMR133W,0,-0.81612265,0.10752471536397934,0.5324675440788269,0.44244423508644104
YGR097W,YDL018C,0,-0.8161559,0.1075030267238617,0.5324675440788269,0.44254425168037415
YIL153W,YKL155C,0,-0.81616926,0.10748134553432465,0.5324675440788269,0.44264426827430725
YER007C-A,YLR007W,0,-0.81617475,0.10745967924594879,0.5324675440788269,0.44274428486824036
YOR252W,YIL037C,0,-0.81619275,0.10743801295757294,0.5324675440788269,0.4428442716598511
YOR330C,YBR162C,0,-0.8162936,0.10741636157035828,0.5324675440788269,0.4429442882537842
YGL212W,YPL100W,1,-0.81633747,0.10759621113538742,0.5334665179252625,0.4429442882537842
YDR111C,YDR176W,0,-0.8165802,0.10757453739643097,0.5334665179252625,0.4430443048477173
YAR033W,YPL253C,0,-0.81667113,0.10755287110805511,0.5334665179252625,0.4431443214416504
YKR100C,YDR028C,0,-0.81667316,0.10753121227025986,0.5334665179252625,0.4432443380355835
YBR016W,YGR120C,0,-0.81669056,0.1075095608830452,0.5334665179252625,0.4433443248271942
YOR091W,YKR031C,0,-0.8167099,0.10748792439699173,0.5334665179252625,0.4434443414211273
YHL050C,YER127W,0,-0.81674564,0.10746628791093826,0.5334665179252625,0.4435443580150604
YFR014C,YNL081C,0,-0.8167466,0.10744466632604599,0.5334665179252625,0.44364437460899353
YDR229W,YGL095C,1,-0.8168671,0.10762421786785126,0.5344655513763428,0.44364437460899353
YHL017W,YLR299W,0,-0.8169266,0.1076025739312172,0.5344655513763428,0.44374436140060425
YOR090C,YMR101C,0,-0.8170477,0.10758093744516373,0.5344655513763428,0.44384437799453735
YDR325W,YOR079C,0,-0.8170612,0.10755930840969086,0.5344655513763428,0.44394439458847046
YHR165C,YMR261C,0,-0.8170873,0.10753768682479858,0.5344655513763428,0.44404441118240356
YML107C,YOL135C,0,-0.81719995,0.1075160801410675,0.5344655513763428,0.44414442777633667
YEL044W,YGL219C,0,-0.8172072,0.10749447345733643,0.5344655513763428,0.4442444145679474
YAR009C,YGR055W,0,-0.8172618,0.10747288167476654,0.5344655513763428,0.4443444311618805
YDR471W,YFR053C,0,-0.8172754,0.10745129734277725,0.5344655513763428,0.4444444477558136
YOR316C,YPL058C,0,-0.8172773,0.10742972046136856,0.5344655513763428,0.4445444643497467
YFR010W,YBR101C,0,-0.8174468,0.10740815103054047,0.5344655513763428,0.4446444511413574
YPL183C,YJR108W,0,-0.81754065,0.10738658905029297,0.5344655513763428,0.4447444677352905
YJR132W,YBR119W,0,-0.8175627,0.10736504197120667,0.5344655513763428,0.44484448432922363
YPR007C,YIL123W,0,-0.81758153,0.10734350234270096,0.5344655513763428,0.44494450092315674
YDL247W,YLR007W,0,-0.8175857,0.10732196271419525,0.5344655513763428,0.44504451751708984
YJL078C,YBR085W,0,-0.81766844,0.10730043798685074,0.5344655513763428,0.44514450430870056
YPR131C,YMR035W,0,-0.8176694,0.10727892816066742,0.5344655513763428,0.44524452090263367
YDR023W,YHR014W,0,-0.8177018,0.1072574183344841,0.5344655513763428,0.4453445374965668
YDL091C,YLR323C,0,-0.81782746,0.10723591595888138,0.5344655513763428,0.4454445540904999
YPL262W,YCL054W,0,-0.8178489,0.10721442848443985,0.5344655513763428,0.4455445408821106
YDR009W,YGL240W,0,-0.81801987,0.10719294846057892,0.5344655513763428,0.4456445574760437
YMR040W,YGL171W,0,-0.81805885,0.10717147588729858,0.5344655513763428,0.4457445740699768
YDR300C,YHR114W,0,-0.81811345,0.10715001076459885,0.5344655513763428,0.4458445906639099
YDL175C,YLR263W,0,-0.8181529,0.1071285530924797,0.5344655513763428,0.445944607257843
YGR004W,YER109C,0,-0.8182126,0.10710711032152176,0.5344655513763428,0.44604459404945374
YOR189W,YPL198W,0,-0.81824446,0.10708566755056381,0.5344655513763428,0.44614461064338684
YKL014C,YHL028W,0,-0.8182473,0.10706423968076706,0.5344655513763428,0.44624462723731995
YGL116W,YHL050C,0,-0.8182497,0.1070428192615509,0.5344655513763428,0.44634464383125305
YJR073C,YJR153W,0,-0.8183025,0.10702140629291534,0.5344655513763428,0.44644463062286377
YML098W,YBL038W,0,-0.8183242,0.10700000077486038,0.5344655513763428,0.4465446472167969
YIR026C,YPL189W,0,-0.8183944,0.10697860270738602,0.5344655513763428,0.44664466381073
YDR256C,YHL028W,0,-0.8184358,0.10695721954107285,0.5344655513763428,0.4467446804046631
YOR158W,YGL105W,0,-0.8184929,0.10693583637475967,0.5344655513763428,0.4468446969985962
YLR293C,YHR001W-A,0,-0.818539,0.1069144681096077,0.5344655513763428,0.4469446837902069
YDL124W,YPL198W,0,-0.81855893,0.10689310729503632,0.5344655513763428,0.44704470038414
YDR091C,YDL105W,0,-0.8185607,0.10687175393104553,0.5344655513763428,0.4471447169780731
YHR185C,YMR225C,0,-0.81860244,0.10685040801763535,0.5344655513763428,0.4472447335720062
YOR079C,YDL046W,0,-0.8186619,0.10682907700538635,0.5344655513763428,0.44734472036361694
YKR027W,YHR080C,0,-0.818699,0.10680774599313736,0.5344655513763428,0.44744473695755005
YGR024C,YBR130C,0,-0.8187046,0.10678642988204956,0.5344655513763428,0.44754475355148315
YOR172W,YLR175W,0,-0.8187212,0.10676511377096176,0.5344655513763428,0.44764477014541626
YMR234W,YKL145W,0,-0.8187821,0.10674381256103516,0.5344655513763428,0.44774478673934937
YOR045W,YGL092W,0,-0.8188535,0.10672251880168915,0.5344655513763428,0.4478447735309601
YBL080C,YJR109C,0,-0.81889975,0.10670123994350433,0.5344655513763428,0.4479447901248932
YNL242W,YBL050W,1,-0.81894076,0.10687936097383499,0.5354645252227783,0.4479447901248932
YIL119C,YNL176C,0,-0.81896377,0.10685805231332779,0.5354645252227783,0.4480448067188263
YMR232W,YDR372C,0,-0.8190695,0.10683675855398178,0.5354645252227783,0.4481448233127594
YHL028W,YDR469W,0,-0.8191891,0.10681546479463577,0.5354645252227783,0.4482448101043701
YPL234C,YPL203W,0,-0.8192347,0.10679417848587036,0.5354645252227783,0.4483448266983032
YPL019C,YOR068C,1,-0.8193096,0.1069721132516861,0.5364635586738586,0.4483448266983032
YBR189W,YHL035C,0,-0.8193512,0.1069508045911789,0.5364635586738586,0.44844484329223633
YBR146W,YKL077W,0,-0.81946826,0.10692951083183289,0.5364635586738586,0.44854485988616943
YHL038C,YHR005C,0,-0.8195126,0.10690822452306747,0.5364635586738586,0.44864487648010254
YHR142W,YDR397C,0,-0.8195245,0.10688694566488266,0.5364635586738586,0.44874486327171326
YJL089W,YNL066W,0,-0.8195443,0.10686567425727844,0.5364635586738586,0.44884487986564636
YCR107W,YPL141C,0,-0.81972206,0.10684441030025482,0.5364635586738586,0.44894489645957947
YBR112C,YHR149C,0,-0.81975305,0.1068231537938118,0.5364635586738586,0.4490449130535126
YER062C,YOL069W,0,-0.8197769,0.10680191218852997,0.5364635586738586,0.4491448998451233
YBR107C,YHR154W,0,-0.8198248,0.10678067058324814,0.5364635586738586,0.4492449164390564
YKL026C,YOL121C,0,-0.8198768,0.1067594438791275,0.5364635586738586,0.4493449330329895
YPL116W,YDR244W,0,-0.8199109,0.10673822462558746,0.5364635586738586,0.4494449496269226
YBR180W,YML055W,0,-0.8199141,0.10671701282262802,0.5364635586738586,0.4495449662208557
YDR345C,YPL198W,0,-0.8200263,0.10669580847024918,0.5364635586738586,0.44964495301246643
YKR078W,YOR273C,0,-0.8200382,0.10667461156845093,0.5364635586738586,0.44974496960639954
YDR345C,YCR086W,0,-0.82009137,0.10665342956781387,0.5364635586738586,0.44984498620033264
YPL063W,YLR292C,0,-0.8202604,0.10663224756717682,0.5364635586738586,0.44994500279426575
YMR048W,YER032W,0,-0.8203082,0.10661108046770096,0.5364635586738586,0.45004501938819885
YMR001C,YDL134C,0,-0.82033324,0.1065899133682251,0.5364635586738586,0.45014500617980957
YHR073W,YHR133C,0,-0.82036114,0.10656876116991043,0.5364635586738586,0.4502450227737427
YER041W,YKL087C,0,-0.8203858,0.10654761642217636,0.5364635586738586,0.4503450393676758
YPL036W,YPR003C,0,-0.820403,0.10652647912502289,0.5364635586738586,0.4504450559616089
YJL162C,YKR089C,0,-0.82043135,0.10650535672903061,0.5364635586738586,0.4505450427532196
YDR039C,YOR065W,0,-0.82056665,0.10648423433303833,0.5364635586738586,0.4506450593471527
YIR004W,YKL040C,0,-0.82065165,0.10646312683820724,0.5364635586738586,0.4507450759410858
YDR343C,YLL006W,0,-0.8208045,0.10644201934337616,0.5364635586738586,0.4508450925350189
YNL054W,YJL179W,0,-0.82085943,0.10642092674970627,0.5364635586738586,0.450945109128952
YDR007W,YMR133W,0,-0.8209828,0.10639984160661697,0.5364635586738586,0.45104509592056274
YHR148W,YDR317W,0,-0.82102454,0.10637876391410828,0.5364635586738586,0.45114511251449585
YFR027W,YBR211C,0,-0.8210856,0.10635769367218018,0.5364635586738586,0.45124512910842896
YKR053C,YDR280W,0,-0.8211162,0.10633663088083267,0.5364635586738586,0.45134514570236206
YBR038W,YPL221W,0,-0.8211516,0.10631558299064636,0.5364635586738586,0.4514451324939728
YPL130W,YGR245C,0,-0.82116914,0.10629453510046005,0.5364635586738586,0.4515451490879059
YFR040W,YDL119C,0,-0.8211771,0.10627350211143494,0.5364635586738586,0.451645165681839
YMR322C,YPL173W,0,-0.8212105,0.10625247657299042,0.5364635586738586,0.4517451822757721
YBR043C,YPL253C,0,-0.82130706,0.1062314510345459,0.5364635586738586,0.4518451988697052
YOR334W,YFR024C-A,0,-0.8213798,0.10621044039726257,0.5364635586738586,0.4519451856613159
YPR154W,YDR078C,0,-0.8214034,0.10618943721055984,0.5364635586738586,0.452045202255249
YKL194C,YDR111C,0,-0.82146645,0.10616844892501831,0.5364635586738586,0.45214521884918213
YNL243W,YGL085W,0,-0.82147014,0.10614746063947678,0.5364635586738586,0.45224523544311523
YGR170W,YGL194C,0,-0.82161593,0.10612647980451584,0.5364635586738586,0.45234522223472595
YML107C,YBR086C,0,-0.82161665,0.1061055138707161,0.5364635586738586,0.45244523882865906
YCR091W,YPR199C,0,-0.821702,0.10608454793691635,0.5364635586738586,0.45254525542259216
YFL056C,YDL189W,0,-0.8217292,0.1060635969042778,0.5364635586738586,0.45264527201652527
YDL098C,YDL113C,0,-0.8217312,0.10604265332221985,0.5364635586738586,0.4527452886104584
YDR375C,YBR119W,0,-0.82184494,0.10602171719074249,0.5364635586738586,0.4528452754020691
YDR361C,YNL063W,0,-0.821887,0.10600078850984573,0.5364635586738586,0.4529452919960022
YJL045W,YJL167W,0,-0.82191896,0.10597986727952957,0.5364635586738586,0.4530453085899353
YDR439W,YDR399W,0,-0.82194865,0.1059589609503746,0.5364635586738586,0.4531453251838684
YDL160C,YGR080W,0,-0.8219571,0.10593805462121964,0.5364635586738586,0.4532453119754791
YMR318C,YPL130W,0,-0.82196903,0.10591716319322586,0.5364635586738586,0.45334532856941223
YJL059W,YGR040W,0,-0.8220165,0.10589627176523209,0.5364635586738586,0.45344534516334534
YGR254W,YPL100W,1,-0.82202876,0.1060725525021553,0.5374625325202942,0.45344534516334534
YPR067W,YHR088W,0,-0.82203865,0.10605164617300034,0.5374625325202942,0.45354536175727844
YIL106W,YGR165W,0,-0.8220408,0.10603074729442596,0.5374625325202942,0.45364537835121155
YGL098W,YLR292C,0,-0.822078,0.10600985586643219,0.5374625325202942,0.45374536514282227
YLR118C,YJL173C,0,-0.8221282,0.10598896443843842,0.5374625325202942,0.45384538173675537
YGR296W,YCL064C,0,-0.8221655,0.10596808791160583,0.5374625325202942,0.4539453983306885
YNL221C,YDR381W,0,-0.822186,0.10594722628593445,0.5374625325202942,0.4540454149246216
YGL025C,YNL029C,0,-0.82224464,0.10592636466026306,0.5374625325202942,0.4541454017162323
YGR217W,YGR193C,0,-0.8223132,0.10590551048517227,0.5374625325202942,0.4542454183101654
YDR217C,YDR284C,0,-0.8223649,0.10588467121124268,0.5374625325202942,0.4543454349040985
YDR268W,YKL063C,0,-0.8224541,0.10586383193731308,0.5374625325202942,0.4544454514980316
YOR357C,YPL018W,0,-0.8224554,0.10584300756454468,0.5374625325202942,0.4545454680919647
YBR153W,YEL001C,0,-0.822492,0.10582219064235687,0.5374625325202942,0.45464545488357544
YHR169W,YCL067C,0,-0.8225024,0.10580137372016907,0.5374625325202942,0.45474547147750854
YFR010W,YPL117C,0,-0.8226429,0.10578057169914246,0.5374625325202942,0.45484548807144165
YGR142W,YGR040W,0,-0.822647,0.10575977712869644,0.5374625325202942,0.45494550466537476
YPL001W,YIL068C,0,-0.8226495,0.10573899000883102,0.5374625325202942,0.4550454914569855
YKR007W,YLR248W,0,-0.8226824,0.1057182177901268,0.5374625325202942,0.4551455080509186
YHL017W,YLR055C,0,-0.82270145,0.10569744557142258,0.5374625325202942,0.4552455246448517
YMR158W,YOR019W,0,-0.8227924,0.10567668080329895,0.5374625325202942,0.4553455412387848
YPR175W,YLR382C,0,-0.82280076,0.10565593093633652,0.5374625325202942,0.4554455578327179
YKL150W,YGR161C,0,-0.82286656,0.10563518851995468,0.5374625325202942,0.4555455446243286
YHR142W,YLR248W,0,-0.82294226,0.10561444610357285,0.5374625325202942,0.4556455612182617
YIL056W,YBR248C,0,-0.82307935,0.1055937185883522,0.5374625325202942,0.4557455778121948
YGR296W,YML082W,0,-0.8231058,0.10557299852371216,0.5374625325202942,0.45584559440612793
YBL008W,YHR106W,0,-0.8231143,0.10555228590965271,0.5374625325202942,0.45594558119773865
YDR229W,YPR049C,1,-0.8231249,0.10572773963212967,0.5384615659713745,0.45594558119773865
YMR318C,YAL019W,0,-0.8233056,0.10570700466632843,0.5384615659713745,0.45604559779167175
YGL095C,YMR231W,1,-0.8233056,0.10588235408067703,0.5394605398178101,0.45604559779167175
YDR317W,YDR005C,0,-0.8233074,0.105861596763134,0.5394605398178101,0.45614561438560486
YKL014C,YPR017C,0,-0.82337594,0.10584084689617157,0.5394605398178101,0.45624563097953796
YIL098C,YNL076W,0,-0.82340264,0.10582010447978973,0.5394605398178101,0.45634564757347107
YPL169C,YKL032C,0,-0.8234309,0.1057993695139885,0.5394605398178101,0.4564456343650818
YER031C,YBR295W,0,-0.82348895,0.10577864944934845,0.5394605398178101,0.4565456509590149
YMR158W,YCR044C,0,-0.82351375,0.1057579293847084,0.5394605398178101,0.456645667552948
YML016C,YOR341W,0,-0.82356787,0.10573722422122955,0.5394605398178101,0.4567456841468811
YPR199C,YNL247W,0,-0.82383907,0.1057165265083313,0.5394605398178101,0.4568456709384918
YJR153W,YOR260W,0,-0.8240272,0.10569582879543304,0.5394605398178101,0.4569456875324249
YPL169C,YAR042W,0,-0.82411945,0.10567514598369598,0.5394605398178101,0.45704570412635803
YGL195W,YER071C,0,-0.824149,0.10565447062253952,0.5394605398178101,0.45714572072029114
YLR315W,YDR019C,0,-0.8241818,0.10563380271196365,0.5394605398178101,0.45724573731422424
YMR041C,YER127W,0,-0.8241929,0.10561314225196838,0.5394605398178101,0.45734572410583496
YLR193C,YOR109W,0,-0.82421875,0.10559248924255371,0.5394605398178101,0.45744574069976807
YDL072C,YDL031W,0,-0.8242434,0.10557185113430023,0.5394605398178101,0.45754575729370117
YOR034C,YPL210C,0,-0.82426465,0.10555121302604675,0.5394605398178101,0.4576457738876343
YML102W,YBR049C,0,-0.82433593,0.10553058236837387,0.5394605398178101,0.457745760679245
YBR089C-A,YPL189W,0,-0.8244293,0.10550996661186218,0.5394605398178101,0.4578457772731781
YGR283C,YCR021C,0,-0.8244405,0.1054893508553505,0.5394605398178101,0.4579457938671112
YOR334W,YDR227W,0,-0.824476,0.10546875,0.5394605398178101,0.4580458104610443
YHR088W,YDL211C,0,-0.82448244,0.1054481565952301,0.5394605398178101,0.4581458270549774
YER155C,YDL046W,0,-0.82461226,0.1054275706410408,0.5394605398178101,0.45824581384658813
YDR243C,YKR077W,0,-0.8246486,0.1054069846868515,0.5394605398178101,0.45834583044052124
YEL018W,YDL223C,0,-0.8249711,0.1053864136338234,0.5394605398178101,0.45844584703445435
YJL026W,YBR089C-A,0,-0.8249917,0.10536585003137589,0.5394605398178101,0.45854586362838745
YPL043W,YER139C,0,-0.8251661,0.10534530133008957,0.5394605398178101,0.45864585041999817
YIL037C,YDR259C,0,-0.82517457,0.10532475262880325,0.5394605398178101,0.4587458670139313
YHR148W,YGL219C,0,-0.825194,0.10530421137809753,0.5394605398178101,0.4588458836078644
YIL075C,YLR059C,0,-0.82532096,0.10528367757797241,0.5394605398178101,0.4589459002017975
YPL045W,YBR105C,1,-0.82533884,0.1054580882191658,0.5404595136642456,0.4589459002017975
YDR243C,YDR005C,0,-0.8253571,0.10543753951787949,0.5404595136642456,0.4590459167957306
YMR192W,YLL053C,0,-0.8254162,0.10541699081659317,0.5404595136642456,0.4591459035873413
YER123W,YMR177W,0,-0.8254906,0.10539645701646805,0.5404595136642456,0.4592459201812744
YDR323C,YPR097W,0,-0.8254956,0.10537592321634293,0.5404595136642456,0.4593459367752075
YHR096C,YMR313C,0,-0.82572126,0.105355404317379,0.5404595136642456,0.4594459533691406
YHL038C,YDR021W,0,-0.8257843,0.10533489286899567,0.5404595136642456,0.45954594016075134
YGL027C,YGR138C,0,-0.82579935,0.10531438887119293,0.5404595136642456,0.45964595675468445
YLR039C,YDR007W,0,-0.82582784,0.1052938923239708,0.5404595136642456,0.45974597334861755
YLR396C,YBL078C,1,-0.8261044,0.10546799004077911,0.5414585471153259,0.45974597334861755
YGR080W,YML031W,0,-0.8261435,0.10544747114181519,0.5414585471153259,0.45984598994255066
YGR209C,YBR105C,1,-0.82616127,0.10562147200107574,0.5424575209617615,0.45984598994255066
YER142C,YDL154W,0,-0.8261882,0.10560093075037003,0.5424575209617615,0.45994600653648376
YKR078W,YHR037W,0,-0.8262445,0.1055803969502449,0.5424575209617615,0.4600459933280945
YGR254W,YBL080C,0,-0.8262583,0.10555987805128098,0.5424575209617615,0.4601460099220276
YER056C,YOR059C,0,-0.8263401,0.10553935915231705,0.5424575209617615,0.4602460265159607
YOR267C,YJL162C,0,-0.8263416,0.10551884770393372,0.5424575209617615,0.4603460431098938
YDR002W,YGL061C,0,-0.82638025,0.10549835115671158,0.5424575209617615,0.4604460299015045
YPR055W,YFR050C,0,-0.8264774,0.10547785460948944,0.5424575209617615,0.4605460464954376
YNL190W,YEL044W,0,-0.8265182,0.1054573729634285,0.5424575209617615,0.4606460630893707
YNL221C,YDR227W,0,-0.82652795,0.10543689131736755,0.5424575209617615,0.46074607968330383
YHR108W,YPR106W,0,-0.82675576,0.1054164245724678,0.5424575209617615,0.46084609627723694
YPL116W,YOL144W,0,-0.82679236,0.10539596527814865,0.5424575209617615,0.46094608306884766
YHR035W,YDR323C,0,-0.8268455,0.1053755059838295,0.5424575209617615,0.46104609966278076
YML001W,YJL012C,1,-0.8268813,0.10554908961057663,0.5434565544128418,0.46104609966278076
YBR029C,YNR033W,0,-0.8269619,0.10552861541509628,0.5434565544128418,0.46114611625671387
YMR101C,YOR172W,0,-0.8269744,0.10550814867019653,0.5434565544128418,0.461246132850647
YJL057C,YBL031W,0,-0.8270056,0.10548768937587738,0.5434565544128418,0.4613461494445801
YHR122W,YHR202W,0,-0.82703996,0.10546723753213882,0.5434565544128418,0.4614461362361908
YDR160W,YDR190C,0,-0.82707405,0.10544679313898087,0.5434565544128418,0.4615461528301239
YPR106W,YGL238W,0,-0.82708025,0.1054263561964035,0.5434565544128418,0.461646169424057
YDR080W,YGR209C,1,-0.8270955,0.10559968650341034,0.5444555282592773,0.461646169424057
YBR180W,YHR190W,0,-0.8271456,0.10557923465967178,0.5444555282592773,0.4617461860179901
YDR235W,YPL234C,0,-0.82738245,0.10555878281593323,0.5444555282592773,0.46184617280960083
YPR120C,YDL149W,0,-0.82743037,0.10553834587335587,0.5444555282592773,0.46194618940353394
YER031C,YDR039C,0,-0.8275856,0.1055179089307785,0.5444555282592773,0.46204620599746704
YIL154C,YHR202W,0,-0.8276236,0.10549748688936234,0.5444555282592773,0.46214622259140015
YBR023C,YDR292C,0,-0.82766414,0.10547706484794617,0.5444555282592773,0.46224623918533325
YNL059C,YGR120C,0,-0.82773435,0.10545665770769119,0.5444555282592773,0.46234622597694397
YLR426W,YGR260W,0,-0.8277905,0.10543625801801682,0.5444555282592773,0.4624462425708771
YPL133C,YGR165W,0,-0.82789457,0.10541585832834244,0.5444555282592773,0.4625462591648102
YGL212W,YNL079C,1,-0.82790184,0.10558886080980301,0.5454545617103577,0.4625462591648102
YKL016C,YDR395W,0,-0.8279965,0.10556844621896744,0.5454545617103577,0.4626462757587433
YMR076C,YOR060C,0,-0.82800484,0.10554803907871246,0.5454545617103577,0.462746262550354
YCR091W,YER023W,0,-0.8280084,0.10552763938903809,0.5454545617103577,0.4628462791442871
YER014W,YHR214W,0,-0.82801974,0.1055072471499443,0.5454545617103577,0.4629462957382202
YHR142W,YCR063W,0,-0.828174,0.10548686236143112,0.5454545617103577,0.4630463123321533
YPR049C,YMR231W,1,-0.82829046,0.10565964877605438,0.5464535355567932,0.4630463123321533
YDR009W,YKL087C,0,-0.82836103,0.10563924163579941,0.5464535355567932,0.4631463289260864
YOR189W,YDR528W,0,-0.82836926,0.10561884194612503,0.5464535355567932,0.46324631571769714
YNR053C,YGL219C,0,-0.8283862,0.10559845715761185,0.5464535355567932,0.46334633231163025
YDR375C,YCR044C,0,-0.8284596,0.10557807236909866,0.5464535355567932,0.46344634890556335
YOR045W,YGL025C,0,-0.8285494,0.10555770248174667,0.5464535355567932,0.46354636549949646
YNR052C,YMR183C,0,-0.828616,0.10553733259439468,0.5464535355567932,0.4636463522911072
YPR128C,YDL211C,0,-0.82862926,0.10551697760820389,0.5464535355567932,0.4637463688850403
YBL008W,YKL197C,0,-0.8286972,0.10549662262201309,0.5464535355567932,0.4638463854789734
YML045W,YDR500C,0,-0.8287097,0.10547628253698349,0.5464535355567932,0.4639464020729065
YER159C,YNL055C,0,-0.8288611,0.10545594990253448,0.5464535355567932,0.4640464186668396
YKR089C,YKL099C,0,-0.8289374,0.10543561726808548,0.5464535355567932,0.4641464054584503
YJL012C,YDR463W,0,-0.8291689,0.10541529953479767,0.5464535355567932,0.4642464220523834
YGR004W,YGR097W,0,-0.82920563,0.10539498925209045,0.5464535355567932,0.46434643864631653
YFR040W,YHR106W,0,-0.82923806,0.10537468641996384,0.5464535355567932,0.46444645524024963
YHR122W,YEL032W,0,-0.82924414,0.10535439103841782,0.5464535355567932,0.46454644203186035
YNL132W,YGL192W,0,-0.829314,0.10533410310745239,0.5464535355567932,0.46464645862579346
YPL168W,YBL031W,0,-0.82935584,0.10531382262706757,0.5464535355567932,0.46474647521972656
YEL027W,YPL100W,1,-0.8293654,0.10548604279756546,0.5474525690078735,0.46474647521972656
YJL181W,YEL048C,0,-0.82945096,0.10546573996543884,0.5474525690078735,0.46484649181365967
YLR432W,YBR003W,0,-0.8295491,0.10544545203447342,0.5474525690078735,0.4649465084075928
YMR009W,YKL039W,0,-0.8297219,0.105425164103508,0.5474525690078735,0.4650464951992035
YGR057C,YLL053C,0,-0.8297547,0.10540488362312317,0.5474525690078735,0.4651465117931366
YDR189W,YDL081C,0,-0.8298762,0.10538461804389954,0.5474525690078735,0.4652465283870697
YGL096W,YLR409C,0,-0.8299469,0.1053643524646759,0.5474525690078735,0.4653465449810028
YGL087C,YGR161C,0,-0.8300139,0.10534410178661346,0.5474525690078735,0.4654465317726135
YOR189W,YJL069C,0,-0.83002985,0.10532385110855103,0.5474525690078735,0.46554654836654663
YDR463W,YLR007W,0,-0.83031917,0.10530361533164978,0.5474525690078735,0.46564656496047974
YDR325W,YHR020W,0,-0.8304782,0.10528337955474854,0.5474525690078735,0.46574658155441284
YPR174C,YNR033W,0,-0.8305224,0.10526315867900848,0.5474525690078735,0.46584659814834595
YOR117W,YGR161C,0,-0.8305576,0.10524294525384903,0.5474525690078735,0.46594658493995667
YKR083C,YBR193C,0,-0.8305949,0.10522273182868958,0.5474525690078735,0.46604660153388977
YDR377W,YKL114C,0,-0.83060765,0.10520253330469131,0.5474525690078735,0.4661466181278229
YHL017W,YNL240C,0,-0.8306192,0.10518234223127365,0.5474525690078735,0.466246634721756
YFL049W,YMR125W,0,-0.830711,0.10516215860843658,0.5474525690078735,0.4663466215133667
YPL063W,YDL102W,0,-0.83073044,0.10514198243618011,0.5474525690078735,0.4664466381072998
YLR347C,YML057W,0,-0.83075833,0.10512181371450424,0.5474525690078735,0.4665466547012329
YBR023C,YBR180W,0,-0.8307748,0.10510165244340897,0.5474525690078735,0.466646671295166
YER109C,YHR114W,0,-0.83079386,0.10508149862289429,0.5474525690078735,0.4667466878890991
YNR048W,YGL093W,0,-0.8308296,0.1050613522529602,0.5474525690078735,0.46684667468070984
YBR211C,YNL246W,0,-0.8308642,0.10504121333360672,0.5474525690078735,0.46694669127464294
YPR161C,YCL016C,0,-0.8310106,0.10502108186483383,0.5474525690078735,0.46704670786857605
YOR247W,YPR174C,0,-0.83108675,0.10500095784664154,0.5474525690078735,0.46714672446250916
YLR083C,YDR243C,0,-0.8310971,0.10498084127902985,0.5474525690078735,0.4672467112541199
YDL100C,YOR001W,0,-0.83118725,0.10496073216199875,0.5474525690078735,0.467346727848053
YDR268W,YOR341W,0,-0.8312533,0.10494063794612885,0.5474525690078735,0.4674467444419861
YBR016W,YBL031W,0,-0.83126235,0.10492054373025894,0.5474525690078735,0.4675467610359192
YPL116W,YMR158W,0,-0.8314158,0.10490045696496964,0.5474525690078735,0.4676467776298523
YML057W,YPL056C,0,-0.83151627,0.10488038510084152,0.5474525690078735,0.467746764421463
YLR115W,YER032W,0,-0.83154976,0.10486031323671341,0.5474525690078735,0.4678467810153961
YML059C,YJL003W,0,-0.8315952,0.1048402488231659,0.5474525690078735,0.4679467976093292
YGR266W,YLR313C,0,-0.8316195,0.10482019931077957,0.5474525690078735,0.46804681420326233
YAL002W,YJL178C,1,-0.8316392,0.10499139130115509,0.5484515428543091,0.46804681420326233
YLR386W,YDR229W,1,-0.8316543,0.10516252368688583,0.5494505763053894,0.46804681420326233
YGL016W,YER159C,0,-0.8316691,0.10514242202043533,0.5494505763053894,0.46814680099487305
YKL185W,YHR009C,0,-0.8317424,0.10512232780456543,0.5494505763053894,0.46824681758880615
YKR089C,YHR190W,0,-0.8317565,0.10510223358869553,0.5494505763053894,0.46834683418273926
YHR103W,YKL040C,0,-0.83179307,0.10508215427398682,0.5494505763053894,0.46844685077667236
YKL051W,YJL012C,1,-0.8318112,0.10525310039520264,0.550449550151825,0.46844685077667236
YDR289C,YLR143W,0,-0.8318293,0.10523299872875214,0.550449550151825,0.46854686737060547
YOL096C,YDR234W,0,-0.831833,0.10521290451288223,0.550449550151825,0.4686468541622162
YKL045W,YHR190W,0,-0.83199227,0.10519282519817352,0.550449550151825,0.4687468707561493
YDR500C,YHR122W,0,-0.8320229,0.10517274588346481,0.550449550151825,0.4688468873500824
YPL116W,YER063W,0,-0.8320514,0.1051526740193367,0.550449550151825,0.4689469039440155
YBR043C,YMR118C,0,-0.83226335,0.10513260960578918,0.550449550151825,0.4690468907356262
YHR174W,YOR068C,1,-0.83233774,0.1053033173084259,0.5514485239982605,0.4690468907356262
YMR076C,YDL243C,0,-0.83236456,0.1052832379937172,0.5514485239982605,0.4691469073295593
YBL087C,YGR224W,0,-0.83242345,0.10526315867900848,0.5514485239982605,0.46924692392349243
YOR191W,YBR162W-A,0,-0.832533,0.10524308681488037,0.5514485239982605,0.46934694051742554
YNL183C,YDL093W,0,-0.83288586,0.10522302985191345,0.5514485239982605,0.46944695711135864
YBL008W,YNR052C,0,-0.83290064,0.10520297288894653,0.5514485239982605,0.46954694390296936
YML127W,YHL025W,0,-0.8329922,0.10518292337656021,0.5514485239982605,0.46964696049690247
YBL050W,YLR043C,1,-0.83300734,0.10535340011119843,0.5524475574493408,0.46964696049690247
YCR091W,YLR247C,0,-0.8330077,0.10533333569765091,0.5524475574493408,0.46974697709083557
YLR299W,YNR052C,0,-0.8332317,0.1053132712841034,0.5524475574493408,0.4698469936847687
YOR002W,YOR081C,0,-0.8332604,0.10529322177171707,0.5524475574493408,0.4699469804763794
YPL115C,YMR015C,0,-0.8333272,0.10527317970991135,0.5524475574493408,0.4700469970703125
YPL100W,YKL150W,0,-0.8334168,0.10525313764810562,0.5524475574493408,0.4701470136642456
YGR138C,YMR118C,0,-0.8334496,0.10523311048746109,0.5524475574493408,0.4702470302581787
YAL002W,YFR049W,0,-0.8334966,0.10521309077739716,0.5524475574493408,0.4703470468521118
YHR090C,YJL168C,0,-0.83363676,0.10519307851791382,0.5524475574493408,0.47044703364372253
YML021C,YAL051W,0,-0.83368444,0.10517306625843048,0.5524475574493408,0.47054705023765564
YKL045W,YFL011W,0,-0.83375955,0.10515306890010834,0.5524475574493408,0.47064706683158875
YHR146W,YLR363C,0,-0.83392656,0.10513307899236679,0.5524475574493408,0.47074708342552185
YDR091C,YFL056C,0,-0.83395135,0.10511309653520584,0.5524475574493408,0.47084707021713257
YKR096W,YIL009W,0,-0.8340012,0.10509312152862549,0.5524475574493408,0.4709470868110657
YGR099W,YER063W,0,-0.8340883,0.10507315397262573,0.5524475574493408,0.4710471034049988
YNL294C,YDR384C,0,-0.83434,0.10505319386720657,0.5524475574493408,0.4711471199989319
YKR053C,YMR153W,0,-0.83443415,0.10503324121236801,0.5524475574493408,0.471247136592865
YLR093C,YBL014C,0,-0.8344954,0.10501329600811005,0.5524475574493408,0.4713471233844757
YDR246W,YOR086C,0,-0.8345369,0.10499335825443268,0.5524475574493408,0.4714471399784088
YOR326W,YBR105C,1,-0.83478165,0.10516324639320374,0.5534465312957764,0.4714471399784088
YDR229W,YNL223W,1,-0.8348594,0.10533308237791061,0.5544455647468567,0.4714471399784088
YJR073C,YGR266W,0,-0.83486986,0.10531309247016907,0.5544455647468567,0.4715471565723419
YDR002W,YGL139W,0,-0.83500004,0.10529311001300812,0.5544455647468567,0.471647173166275
YDR482C,YBR131W,0,-0.8351245,0.10527314245700836,0.5544455647468567,0.47174715995788574
YLR248W,YIL062C,0,-0.83519137,0.1052531749010086,0.5544455647468567,0.47184717655181885
YNL190W,YDL139C,0,-0.83521307,0.10523322224617004,0.5544455647468567,0.47194719314575195
YDR323C,YGR181W,0,-0.8352474,0.10521326959133148,0.5544455647468567,0.47204720973968506
YMR231W,YBR105C,1,-0.83529115,0.10538286715745926,0.5554445385932922,0.47204720973968506
YDR398W,YLR361C,0,-0.83547044,0.1053628921508789,0.5554445385932922,0.47214722633361816
YKL149C,YOR026W,0,-0.83553994,0.10534293204545975,0.5554445385932922,0.4722472131252289
YNL326C,YCL063W,1,-0.835544,0.10551241040229797,0.5564435720443726,0.4722472131252289
YJL127C,YLR019W,0,-0.8355999,0.10549242794513702,0.5564435720443726,0.472347229719162
YML023C,YCL048W,0,-0.83560026,0.10547244548797607,0.5564435720443726,0.4724472463130951
YML011C,YKR089C,0,-0.83568656,0.10545247793197632,0.5564435720443726,0.4725472629070282
YIL013C,YNR053C,0,-0.8357408,0.10543251782655716,0.5564435720443726,0.4726472795009613
YDR469W,YNL081C,0,-0.8357934,0.1054125651717186,0.5564435720443726,0.472747266292572
YDR148C,YGR060W,0,-0.8358065,0.10539261996746063,0.5564435720443726,0.4728472828865051
YGR217W,YNL194C,0,-0.83581805,0.10537268221378326,0.5564435720443726,0.47294729948043823
YDR325W,YML086C,0,-0.83585703,0.10535275191068649,0.5564435720443726,0.47304731607437134
YGR024C,YCR065W,0,-0.8358848,0.10533282905817032,0.5564435720443726,0.47314730286598206
YML101C,YLR190W,0,-0.83589566,0.10531291365623474,0.5564435720443726,0.47324731945991516
YDR280W,YMR072W,0,-0.83592224,0.10529300570487976,0.5564435720443726,0.47334733605384827
YAR042W,YMR040W,0,-0.8359479,0.10527310520410538,0.5564435720443726,0.47344735264778137
YIR031C,YCL039W,0,-0.83611727,0.10525321215391159,0.5564435720443726,0.4735473692417145
YIL048W,YLR423C,1,-0.8361218,0.1054222583770752,0.5574425458908081,0.4735473692417145
YDR148C,YJR108W,0,-0.8361566,0.10540234297513962,0.5574425458908081,0.4736473560333252
YNL059C,YJR027W,0,-0.8362696,0.10538243502378464,0.5574425458908081,0.4737473726272583
YKL026C,YBR131W,0,-0.836282,0.10536253452301025,0.5574425458908081,0.4738473892211914
YDR178W,YDR217C,0,-0.83631206,0.10534264892339706,0.5574425458908081,0.4739474058151245
YGL243W,YLR023C,0,-0.8364277,0.10532276332378387,0.5574425458908081,0.47404739260673523
YDR160W,YPR141C,0,-0.8364887,0.10530288517475128,0.5574425458908081,0.47414740920066833
YLL066C,YNL048W,0,-0.8365042,0.10528302192687988,0.5574425458908081,0.47424742579460144
YLR417W,YPL100W,0,-0.83652854,0.10526315867900848,0.5574425458908081,0.47434744238853455
YER123W,YLR115W,0,-0.8365545,0.10524330288171768,0.5574425458908081,0.47444745898246765
YDL154W,YGL226W,0,-0.8365656,0.10522346198558807,0.5574425458908081,0.47454744577407837
YDL220C,YMR118C,0,-0.8367343,0.10520362108945847,0.5574425458908081,0.4746474623680115
YPL100W,YDL243C,0,-0.8368015,0.10518378764390945,0.5574425458908081,0.4747474789619446
YFL004W,YJL178C,1,-0.8368063,0.10535243153572083,0.5584415793418884,0.4747474789619446
YOR136W,YLR360W,0,-0.8368187,0.10533258318901062,0.5584415793418884,0.4748474955558777
YPR037C,YLR323C,0,-0.8368269,0.10531273484230042,0.5584415793418884,0.4749474823474884
YDR075W,YNR030W,0,-0.8368331,0.1052929013967514,0.5584415793418884,0.4750474989414215
YBR279W,YDL135C,0,-0.8368405,0.10527306795120239,0.5584415793418884,0.4751475155353546
YJR120W,YDL220C,0,-0.8370007,0.10525324940681458,0.5584415793418884,0.4752475321292877
YLR377C,YGR083C,0,-0.83703816,0.10523343086242676,0.5584415793418884,0.4753475487232208
YKL129C,YGR142W,0,-0.8371111,0.10521362721920013,0.5584415793418884,0.47544753551483154
YKL129C,YOR359W,0,-0.8371527,0.10519383102655411,0.5584415793418884,0.47554755210876465
YDR075W,YNL214W,0,-0.8372551,0.10517403483390808,0.5584415793418884,0.47564756870269775
YPL056C,YNR038W,0,-0.8373157,0.10515425354242325,0.5584415793418884,0.47574758529663086
YPL175W,YJL216C,0,-0.8373257,0.10513447225093842,0.5584415793418884,0.4758475720882416
YLR417W,YBR112C,0,-0.8373729,0.10511470586061478,0.5584415793418884,0.4759475886821747
YJR049C,YER109C,0,-0.8375603,0.10509493947029114,0.5584415793418884,0.4760476052761078
YML067C,YGR202C,0,-0.83761597,0.10507518798112869,0.5584415793418884,0.4761476218700409
YAL059W,YKL079W,0,-0.8376777,0.10505544394254684,0.5584415793418884,0.476247638463974
YGL139W,YFR040W,0,-0.83772314,0.105035699903965,0.5584415793418884,0.4763476252555847
YOR016C,YLR044C,0,-0.83773005,0.10501597076654434,0.5584415793418884,0.4764476418495178
YJR041C,YER081W,0,-0.837916,0.10499624162912369,0.5584415793418884,0.4765476584434509
YHR108W,YBR094W,0,-0.83797395,0.10497652739286423,0.5584415793418884,0.47664767503738403
YGR202C,YHR096C,0,-0.83823335,0.10495681315660477,0.5584415793418884,0.47674766182899475
YPL004C,YOR101W,0,-0.838246,0.1049371138215065,0.5584415793418884,0.47684767842292786
YGR266W,YNR019W,0,-0.8382523,0.10491741448640823,0.5584415793418884,0.47694769501686096
YGR046W,YMR205C,0,-0.83832633,0.10489773005247116,0.5584415793418884,0.47704771161079407
YDR201W,YPL178W,0,-0.83835256,0.10487804561853409,0.5584415793418884,0.4771477282047272
YLR223C,YKL039W,0,-0.8383781,0.10485837608575821,0.5584415793418884,0.4772477149963379
YGL243W,YJL173C,0,-0.83842754,0.10483870655298233,0.5584415793418884,0.477347731590271
YEL013W,YER072W,1,-0.8388324,0.10500656068325043,0.559440553188324,0.477347731590271
YGR055W,YGL198W,0,-0.838912,0.10498687624931335,0.559440553188324,0.4774477481842041
YCL001W,YGL129C,0,-0.8390583,0.10496719926595688,0.559440553188324,0.4775477647781372
YBL100W-B,YNL278W,0,-0.8391974,0.104947529733181,0.559440553188324,0.4776477515697479
YKL054C,YPL161C,0,-0.8392668,0.10492786020040512,0.559440553188324,0.47774776816368103
YCL063W,YLR043C,1,-0.83926916,0.10509554296731949,0.5604395866394043,0.47774776816368103
YMR242C,YKL063C,0,-0.8394747,0.10507585853338242,0.5604395866394043,0.47784778475761414
YDR213W,YGR055W,0,-0.8394791,0.10505618155002594,0.5604395866394043,0.47794780135154724
YDR516C,YPL225W,0,-0.839615,0.10503651201725006,0.5604395866394043,0.47804781794548035
YBR109C,YPL100W,1,-0.83984196,0.10520404577255249,0.5614385604858398,0.47804781794548035
YPL019C,YNL079C,1,-0.83987916,0.10537151247262955,0.5624375343322754,0.47804781794548035
YMR063W,YIL154C,0,-0.839906,0.10535179823637009,0.5624375343322754,0.47814780473709106
YML067C,YOR189W,0,-0.83995235,0.10533208400011063,0.5624375343322754,0.47824782133102417
YHR005C,YHR193C,0,-0.84004605,0.10531238466501236,0.5624375343322754,0.4783478379249573
YJR132W,YGL104C,0,-0.8401469,0.10529268532991409,0.5624375343322754,0.4784478545188904
YLR411W,YHL021C,0,-0.84015477,0.10527300089597702,0.5624375343322754,0.4785478413105011
YIL106W,YLR432W,0,-0.84024966,0.10525331646203995,0.5624375343322754,0.4786478579044342
YIL048W,YLR431C,1,-0.84044504,0.1054205596446991,0.5634365677833557,0.4786478579044342
YAL059W,YKL040C,0,-0.84048903,0.10540086030960083,0.5634365677833557,0.4787478744983673
YDR516C,YGL078C,0,-0.8405386,0.10538116842508316,0.5634365677833557,0.4788478910923004
YER072W,YLR093C,1,-0.84059453,0.10554829239845276,0.5644355416297913,0.4788478910923004
YLR293C,YDR168W,0,-0.84065974,0.1055285781621933,0.5644355416297913,0.4789479076862335
YIL013C,YOR195W,0,-0.84067106,0.10550887137651443,0.5644355416297913,0.47904789447784424
YGR099W,YER072W,0,-0.84073126,0.10548917204141617,0.5644355416297913,0.47914791107177734
YNL059C,YKL043W,0,-0.84077406,0.1054694801568985,0.5644355416297913,0.47924792766571045
YOR363C,YBR091C,0,-0.8408841,0.10544979572296143,0.5644355416297913,0.47934794425964355
YBR254C,YDR438W,0,-0.84095216,0.10543011873960495,0.5644355416297913,0.4794479310512543
YDL240W,YEL024W,0,-0.8410475,0.10541044920682907,0.5644355416297913,0.4795479476451874
YPL036W,YIL167W,0,-0.84108734,0.10539078712463379,0.5644355416297913,0.4796479642391205
YCL029C,YDR007W,0,-0.8412137,0.1053711324930191,0.5644355416297913,0.4797479808330536
YJR123W,YNR037C,0,-0.8412368,0.10535148531198502,0.5644355416297913,0.4798479974269867
YFL056C,YKR064W,0,-0.8413695,0.10533184558153152,0.5644355416297913,0.4799479842185974
YHR165C,YCL068C,0,-0.8414985,0.10531220585107803,0.5644355416297913,0.4800480008125305
YDR386W,YBR045C,0,-0.841586,0.10529258102178574,0.5644355416297913,0.4801480174064636
YHR035W,YMR074C,0,-0.8416228,0.10527296364307404,0.5644355416297913,0.48024803400039673
YNL190W,YIL098C,0,-0.8419838,0.10525335371494293,0.5644355416297913,0.48034802079200745
YIR031C,YJL069C,0,-0.84200406,0.10523375123739243,0.5644355416297913,0.48044803738594055
YLL031C,YHR133C,0,-0.8420863,0.10521415621042252,0.5644355416297913,0.48054805397987366
YJL058C,YBR045C,0,-0.84211564,0.1051945611834526,0.5644355416297913,0.48064807057380676
YBR101C,YOR236W,0,-0.84218585,0.10517498105764389,0.5644355416297913,0.48074808716773987
YDR111C,YMR118C,0,-0.842222,0.10515540838241577,0.5644355416297913,0.4808480739593506
YDL220C,YPL036W,0,-0.8422822,0.10513583570718765,0.5644355416297913,0.4809480905532837
YJL045W,YER129W,0,-0.84245896,0.10511627793312073,0.5644355416297913,0.4810481071472168
YDR292C,YGL240W,0,-0.8424816,0.1050967276096344,0.5644355416297913,0.4811481237411499
YJR120W,YPL156C,0,-0.8425288,0.10507717728614807,0.5644355416297913,0.4812481105327606
YDL098C,YDR438W,0,-0.8425381,0.10505764186382294,0.5644355416297913,0.4813481271266937
YHR037W,YDR395W,0,-0.84253836,0.1050381138920784,0.5644355416297913,0.48144814372062683
YNL288W,YPR199C,0,-0.8425801,0.10501858592033386,0.5644355416297913,0.48154816031455994
YBR248C,YNL181W,0,-0.8426244,0.10499907284975052,0.5644355416297913,0.48164817690849304
YDR468C,YPR100W,0,-0.8427936,0.10497955977916718,0.5644355416297913,0.48174816370010376
YPL120W,YGL167C,0,-0.84295475,0.10496006160974503,0.5644355416297913,0.48184818029403687
YJR049C,YHR201C,0,-0.84300435,0.10494056344032288,0.5644355416297913,0.48194819688796997
YLL006W,YML016C,0,-0.84302616,0.10492108017206192,0.5644355416297913,0.4820482134819031
YGL070C,YOR009W,0,-0.8430865,0.10490159690380096,0.5644355416297913,0.4821482002735138
YIL120W,YOR358W,0,-0.843091,0.1048821210861206,0.5644355416297913,0.4822482168674469
YKL185W,YML101C,0,-0.8432585,0.10486266016960144,0.5644355416297913,0.48234823346138
YLL016W,YHR146W,0,-0.84330344,0.10484319925308228,0.5644355416297913,0.4824482500553131
YER139C,YGL192W,0,-0.84338236,0.10482374578714371,0.5644355416297913,0.4825482666492462
YDR080W,YBL047C,0,-0.8434477,0.10480429977178574,0.5644355416297913,0.48264825344085693
YOR273C,YJL208C,0,-0.84349525,0.10478486865758896,0.5644355416297913,0.48274827003479004
YJL181W,YPL075W,0,-0.84355986,0.10476543754339218,0.5644355416297913,0.48284828662872314
YDL113C,YMR313C,0,-0.8436736,0.104746013879776,0.5644355416297913,0.48294830322265625
YFR010W,YKR095W,0,-0.84373486,0.10472659766674042,0.5644355416297913,0.48304829001426697
YIL144W,YKR049C,0,-0.84383655,0.10470718890428543,0.5644355416297913,0.4831483066082001
YPL100W,YLR092W,0,-0.8439152,0.10468778759241104,0.5644355416297913,0.4832483232021332
YDL077C,YFL039C,1,-0.8439393,0.10485365241765976,0.5654345750808716,0.4832483232021332
YKL132C,YJR096W,0,-0.8439878,0.10483422875404358,0.5654345750808716,0.4833483397960663
YIR019C,YPR017C,0,-0.8440037,0.104814812541008,0.5654345750808716,0.4834483563899994
YMR015C,YGL061C,0,-0.84407866,0.1047954112291336,0.5654345750808716,0.4835483431816101
YNL183C,YNL214W,0,-0.84408903,0.10477600991725922,0.5654345750808716,0.4836483597755432
YPL209C,YML092C,0,-0.8440906,0.10475661605596542,0.5654345750808716,0.4837483763694763
YNL015W,YJL178C,1,-0.84413624,0.10492227971553802,0.5664335489273071,0.4837483763694763
YAL040C,YBL078C,1,-0.8442036,0.10508788377046585,0.5674325823783875,0.4837483763694763
YML011C,YNR032C-A,0,-0.84431756,0.10506844520568848,0.5674325823783875,0.4838483929634094
YGL212W,YBL078C,1,-0.8443756,0.10523395240306854,0.568431556224823,0.4838483929634094
YDR256C,YOR034C,0,-0.8444463,0.10521449893712997,0.568431556224823,0.48394840955734253
YDR490C,YPL117C,0,-0.8445178,0.1051950454711914,0.568431556224823,0.48404839634895325
YBR109C,YDR025W,0,-0.8445183,0.10517559945583344,0.568431556224823,0.48414841294288635
YKR007W,YFR025C,0,-0.8445296,0.10515616089105606,0.568431556224823,0.48424842953681946
YJR027W,YDR002W,0,-0.8445574,0.10513672977685928,0.568431556224823,0.48434844613075256
YNL041C,YJL173C,0,-0.8447248,0.1051173135638237,0.568431556224823,0.4844484329223633
YGL104C,YDR091C,0,-0.8447474,0.10509789735078812,0.568431556224823,0.4845484495162964
YHR090C,YGL085W,0,-0.84478104,0.10507848858833313,0.568431556224823,0.4846484661102295
YDR323C,YNR024W,0,-0.8447865,0.10505908727645874,0.568431556224823,0.4847484827041626
YDR004W,YOR273C,0,-0.84482026,0.10503969341516495,0.568431556224823,0.4848484992980957
YIL005W,YDR110W,0,-0.8449997,0.10502029955387115,0.568431556224823,0.4849484860897064
YCR107W,YOL023W,0,-0.8450314,0.10500092059373856,0.568431556224823,0.4850485026836395
YDR517W,YGL171W,0,-0.84524226,0.10498154908418655,0.568431556224823,0.48514851927757263
YPL137C,YML004C,0,-0.8452475,0.10496218502521515,0.568431556224823,0.48524853587150574
YBR101C,YGR083C,0,-0.8452741,0.10494282841682434,0.568431556224823,0.48534852266311646
YDR528W,YPL193W,0,-0.84528124,0.10492347180843353,0.568431556224823,0.48544853925704956
YBR218C,YFR053C,0,-0.84528434,0.10490413010120392,0.568431556224823,0.48554855585098267
YNL328C,YOR236W,0,-0.8453249,0.1048847958445549,0.568431556224823,0.48564857244491577
YBR279W,YPL176C,0,-0.84584963,0.10486546158790588,0.568431556224823,0.4857485890388489
YDR325W,YER062C,0,-0.8459439,0.10484614223241806,0.568431556224823,0.4858485758304596
YEL044W,YDL149W,0,-0.8459569,0.10482682287693024,0.568431556224823,0.4859485924243927
YHR202W,YDR292C,0,-0.8459655,0.10480751842260361,0.568431556224823,0.4860486090183258
YGL196W,YJR108W,0,-0.8459928,0.10478821396827698,0.568431556224823,0.4861486256122589
YML001W,YGR254W,1,-0.84600616,0.10495305061340332,0.5694305896759033,0.4861486256122589
YHR006W,YPL248C,0,-0.846099,0.1049337238073349,0.5694305896759033,0.48624861240386963
YEL019C,YER143W,0,-0.84623003,0.10491441190242767,0.5694305896759033,0.48634862899780273
YDR495C,YPL100W,1,-0.8462771,0.10507912933826447,0.5704295635223389,0.48634862899780273
YPR161C,YJR084W,0,-0.846364,0.10505979508161545,0.5704295635223389,0.48644864559173584
YPR037C,YHR157W,0,-0.8465129,0.10504046827554703,0.5704295635223389,0.48654866218566895
YLR085C,YJL196C,0,-0.8465791,0.1050211489200592,0.5704295635223389,0.48664867877960205
YMR059W,YIL107C,0,-0.84670067,0.10500183701515198,0.5704295635223389,0.48674866557121277
YPR173C,YDR150W,0,-0.8467431,0.10498253256082535,0.5704295635223389,0.4868486821651459
YHL050C,YBR045C,0,-0.8467859,0.10496323555707932,0.5704295635223389,0.486948698759079
YPL221W,YLR352W,0,-0.84683275,0.10494394600391388,0.5704295635223389,0.4870487153530121
YHL017W,YLL018C,0,-0.84690166,0.10492465645074844,0.5704295635223389,0.4871487021446228
YBR279W,YGL144C,0,-0.8471621,0.1049053817987442,0.5704295635223389,0.4872487187385559
YKL063C,YOR335C,0,-0.8472203,0.10488611459732056,0.5704295635223389,0.487348735332489
YHR170W,YKL039W,0,-0.8473753,0.10486684739589691,0.5704295635223389,0.4874487519264221
YIL156W,YOR110W,0,-0.8473904,0.10484759509563446,0.5704295635223389,0.4875487685203552
YKL149C,YPL146C,0,-0.84747386,0.10482834279537201,0.5704295635223389,0.48764875531196594
YPL203W,YDR359C,0,-0.84747684,0.10480910539627075,0.5704295635223389,0.48774877190589905
YKL051W,YAL002W,1,-0.84766126,0.10497339069843292,0.5714285969734192,0.48774877190589905
YOR177C,YLR175W,0,-0.84790516,0.10495413094758987,0.5714285969734192,0.48784878849983215
YJL096W,YER028C,0,-0.84791327,0.10493487119674683,0.5714285969734192,0.48794880509376526
YHR039C-A,YDL149W,1,-0.8479785,0.10509904474020004,0.5724275708198547,0.48794880509376526
YKR096W,YHR169W,0,-0.84802055,0.1050797700881958,0.5724275708198547,0.488048791885376
YIL119C,YOL012C,0,-0.84811604,0.10506050288677216,0.5724275708198547,0.4881488084793091
YCR086W,YDL145C,0,-0.84845614,0.10504124313592911,0.5724275708198547,0.4882488250732422
YLR451W,YFR049W,0,-0.84846926,0.10502199083566666,0.5724275708198547,0.4883488416671753
YLR324W,YKR085C,0,-0.8484808,0.1050027459859848,0.5724275708198547,0.4884488582611084
YML041C,YDR087C,0,-0.848485,0.10498350858688354,0.5724275708198547,0.4885488450527191
YPL137C,YBR248C,0,-0.848647,0.10496427863836288,0.5724275708198547,0.4886488616466522
YGL067W,YLR056W,0,-0.848696,0.10494505614042282,0.5724275708198547,0.4887488782405853
YOL084W,YER093C,0,-0.8488461,0.10492584109306335,0.5724275708198547,0.48884889483451843
YOR193W,YGL240W,0,-0.84896636,0.10490662604570389,0.5724275708198547,0.48894888162612915
YLR409C,YGR129W,0,-0.8490366,0.10488742589950562,0.5724275708198547,0.48904889822006226
YGR283C,YNL076W,0,-0.84910154,0.10486822575330734,0.5724275708198547,0.48914891481399536
YDR343C,YHR194W,0,-0.8491498,0.10484904050827026,0.5724275708198547,0.48924893140792847
YNL137C,YLR001C,0,-0.84916353,0.10482985526323318,0.5724275708198547,0.4893489480018616
YGL078C,YOR259C,0,-0.84919834,0.1048106849193573,0.5724275708198547,0.4894489347934723
YGL144C,YOR011W,0,-0.8492781,0.10479151457548141,0.5724275708198547,0.4895489513874054
YOR363C,YMR220W,0,-0.8493128,0.10477235168218613,0.5724275708198547,0.4896489679813385
YDR287W,YCR105W,0,-0.8493532,0.10475319623947144,0.5724275708198547,0.4897489845752716
YIL120W,YML055W,0,-0.8495003,0.10473405569791794,0.5724275708198547,0.4898489713668823
YML076C,YML055W,0,-0.8496859,0.10471491515636444,0.5724275708198547,0.48994898796081543
YPR049C,YGR209C,1,-0.8497802,0.1048784926533699,0.5734265446662903,0.48994898796081543
YDR435C,YBR112C,0,-0.84985685,0.10485933721065521,0.5734265446662903,0.49004900455474854
YCR105W,YOR383C,0,-0.84990835,0.10484018176794052,0.5734265446662903,0.49014902114868164
YJL096W,YJR117W,0,-0.8499459,0.10482103377580643,0.5734265446662903,0.49024903774261475
YPR067W,YLR435W,0,-0.8500149,0.10480190068483353,0.5734265446662903,0.49034902453422546
YMR009W,YDR025W,0,-0.8500354,0.10478276759386063,0.5734265446662903,0.49044904112815857
YHL003C,YPL117C,0,-0.85006416,0.10476364195346832,0.5734265446662903,0.4905490577220917
YHR039C-A,YJL012C,1,-0.85008574,0.10492701083421707,0.5744255781173706,0.4905490577220917
YNL286W,YKR100C,0,-0.8501059,0.10490786284208298,0.5744255781173706,0.4906490743160248
YLR423C,YEL013W,1,-0.85012996,0.10507114231586456,0.5754245519638062,0.4906490743160248
YOR195W,YDL223C,0,-0.8502244,0.10505197942256927,0.5754245519638062,0.4907490611076355
YLR215C,YLR058C,0,-0.85033107,0.10503282397985458,0.5754245519638062,0.4908490777015686
YCR105W,YHR106W,0,-0.8503909,0.10501367598772049,0.5754245519638062,0.4909490942955017
YKL033W,YOL032W,0,-0.8503928,0.1049945279955864,0.5754245519638062,0.4910491108894348
YOR117W,YJL179W,0,-0.8504615,0.1049753949046135,0.5754245519638062,0.4911491274833679
YAL002W,YJR120W,0,-0.8505058,0.10495626926422119,0.5754245519638062,0.49124911427497864
YKL058W,YMR195W,0,-0.8505087,0.10493714362382889,0.5754245519638062,0.49134913086891174
YGR181W,YOR358W,0,-0.8505213,0.10491803288459778,0.5754245519638062,0.49144914746284485
YNR048W,YHR150W,0,-0.8506558,0.10489892214536667,0.5754245519638062,0.49154916405677795
YDL135C,YGL226W,0,-0.8506632,0.10487982630729675,0.5754245519638062,0.49164915084838867
YJL045W,YPL130W,0,-0.8509426,0.10486073046922684,0.5754245519638062,0.4917491674423218
YNL216W,YER081W,0,-0.85102975,0.10484164208173752,0.5754245519638062,0.4918491840362549
YAL019W,YOR060C,0,-0.85108674,0.1048225685954094,0.5754245519638062,0.491949200630188
YBR046C,YER177W,0,-0.8510926,0.10480349510908127,0.5754245519638062,0.4920492172241211
YMR243C,YFR053C,0,-0.8513335,0.10478442907333374,0.5754245519638062,0.4921492040157318
YEL039C,YKL043W,0,-0.8513516,0.10476537048816681,0.5754245519638062,0.4922492206096649
YCL017C,YPR017C,0,-0.85145426,0.10474631935358047,0.5754245519638062,0.492349237203598
YNL063W,YCL067C,0,-0.8514677,0.10472727566957474,0.5754245519638062,0.49244925379753113
YNL056W,YML120C,0,-0.85153437,0.104708231985569,0.5754245519638062,0.49254924058914185
YLR052W,YML081W,0,-0.8516202,0.10468920320272446,0.5754245519638062,0.49264925718307495
YJR048W,YHR214W,0,-0.85164154,0.10467018187046051,0.5754245519638062,0.49274927377700806
YLL016W,YOL042W,0,-0.8518504,0.10465116053819656,0.5754245519638062,0.49284929037094116
YDR430C,YDR176W,0,-0.8518754,0.10463215410709381,0.5754245519638062,0.49294930696487427
YJL089W,YIL069C,0,-0.85194445,0.10461314767599106,0.5754245519638062,0.493049293756485
YAL002W,YDR201W,0,-0.8519876,0.1045941561460495,0.5754245519638062,0.4931493103504181
YLR324W,YJL179W,0,-0.85202754,0.10457516461610794,0.5754245519638062,0.4932493269443512
YDR150W,YDR464W,0,-0.8520571,0.10455618053674698,0.5754245519638062,0.4933493435382843
YDR122W,YPR017C,0,-0.8524612,0.10453720390796661,0.5754245519638062,0.493449330329895
YOL042W,YMR074C,0,-0.85263133,0.10451823472976685,0.5754245519638062,0.4935493469238281
YNR024W,YER071C,0,-0.85269773,0.10449927300214767,0.5754245519638062,0.49364936351776123
YLR054C,YPL253C,0,-0.8527348,0.1044803187251091,0.5754245519638062,0.49374938011169434
YLR193C,YDR437W,0,-0.85294986,0.10446137189865112,0.5754245519638062,0.49384939670562744
YIL036W,YKL058W,0,-0.8531456,0.10444243252277374,0.5754245519638062,0.49394938349723816
YKL016C,YNL216W,0,-0.8532032,0.10442349314689636,0.5754245519638062,0.49404940009117126
YBL080C,YKL032C,0,-0.8532952,0.10440456867218018,0.5754245519638062,0.49414941668510437
YGL167C,YDR309C,0,-0.85330355,0.10438564419746399,0.5754245519638062,0.4942494332790375
YGR004W,YNL288W,0,-0.8534324,0.104366734623909,0.5754245519638062,0.4943494200706482
YOR117W,YBR119W,0,-0.8534341,0.104347825050354,0.5754245519638062,0.4944494366645813
YOR045W,YMR313C,0,-0.8535911,0.10432892292737961,0.5754245519638062,0.4945494532585144
YBR069C,YMR153W,0,-0.85362923,0.1043100357055664,0.5754245519638062,0.4946494698524475
YDR361C,YLR115W,0,-0.85368,0.1042911484837532,0.5754245519638062,0.4947494864463806
YNL263C,YKR007W,0,-0.8536869,0.1042722687125206,0.5754245519638062,0.49484947323799133
YDR243C,YMR322C,0,-0.85377717,0.10425339639186859,0.5754245519638062,0.49494948983192444
YGR205W,YOR027W,0,-0.8537922,0.10423452407121658,0.5754245519638062,0.49504950642585754
YHL038C,YDL123W,0,-0.8538363,0.10421566665172577,0.5754245519638062,0.49514952301979065
YBR153W,YKL052C,0,-0.8539666,0.10419681668281555,0.5754245519638062,0.49524953961372375
YHL038C,YNL247W,0,-0.85404813,0.10417797416448593,0.5754245519638062,0.4953495264053345
YGL063W,YDR406W,0,-0.8540901,0.10415913164615631,0.5754245519638062,0.4954495429992676
YDR513W,YOR109W,0,-0.85425997,0.10414029657840729,0.5754245519638062,0.4955495595932007
YOL135C,YHL026C,0,-0.8543824,0.10412147641181946,0.5754245519638062,0.4956495761871338
YAR042W,YNL123W,0,-0.85450304,0.10410265624523163,0.5754245519638062,0.4957495629787445
YFR031C-A,YNL288W,0,-0.8545377,0.1040838435292244,0.5754245519638062,0.4958495795726776
YDL105W,YIL037C,0,-0.8546177,0.10406503826379776,0.5754245519638062,0.4959495961666107
YER072W,YML047C,0,-0.8546642,0.10404624044895172,0.5754245519638062,0.4960496127605438
YDL106C,YFR025C,0,-0.8547183,0.10402745008468628,0.5754245519638062,0.49614962935447693
YPR134W,YOL009C,0,-0.8547323,0.10400866717100143,0.5754245519638062,0.49624961614608765
YJL013C,YGR224W,0,-0.8548831,0.10398989170789719,0.5754245519638062,0.49634963274002075
YGL085W,YOR341W,0,-0.854959,0.10397111624479294,0.5754245519638062,0.49644964933395386
YLL031C,YBL091C,0,-0.85497594,0.10395235568284988,0.5754245519638062,0.49654966592788696
YIL014W,YNL029C,0,-0.8550545,0.10393359512090683,0.5754245519638062,0.4966496527194977
YPL209C,YHL050C,0,-0.8550687,0.10391484946012497,0.5754245519638062,0.4967496693134308
YHR088W,YNL180C,0,-0.85536444,0.10389610379934311,0.5754245519638062,0.4968496859073639
YKL029C,YKL079W,0,-0.85538924,0.10387736558914185,0.5754245519638062,0.496949702501297
YCR086W,YBL025W,0,-0.85539234,0.10385863482952118,0.5754245519638062,0.4970497190952301
YOR068C,YOR132W,0,-0.85543406,0.10383991152048111,0.5754245519638062,0.4971497058868408
YPL100W,YPL013C,0,-0.8554821,0.10382119566202164,0.5754245519638062,0.4972497224807739
YDR178W,YKL054C,0,-0.855492,0.10380248725414276,0.5754245519638062,0.49734973907470703
YKL016C,YNL130C,0,-0.8555137,0.10378378629684448,0.5754245519638062,0.49744975566864014
YLR390W-A,YGR161C,0,-0.85559654,0.1037650853395462,0.5754245519638062,0.49754974246025085
YBL031W,YFR053C,0,-0.8556694,0.10374639928340912,0.5754245519638062,0.49764975905418396
YER127W,YGR122W,0,-0.8557166,0.10372771322727203,0.5754245519638062,0.49774977564811707
YHL011C,YJL058C,0,-0.8557193,0.10370904207229614,0.5754245519638062,0.49784979224205017
YOL078W,YOR271C,0,-0.85585487,0.10369037091732025,0.5754245519638062,0.4979498088359833
YKL045W,YJL216C,0,-0.8558786,0.10367170721292496,0.5754245519638062,0.498049795627594
YKR089C,YGL151W,0,-0.8559973,0.10365305095911026,0.5754245519638062,0.4981498122215271
YPR114W,YNL041C,0,-0.8561783,0.10363440215587616,0.5754245519638062,0.4982498288154602
YHR088W,YPR128C,0,-0.85621405,0.10361576080322266,0.5754245519638062,0.4983498454093933
YPL280W,YAL028W,0,-0.8564321,0.10359711945056915,0.5754245519638062,0.49844983220100403
YAL019W,YDL223C,0,-0.8564805,0.10357849299907684,0.5754245519638062,0.49854984879493713
YDL189W,YOR250C,0,-0.8565892,0.10355987399816513,0.5754245519638062,0.49864986538887024
YER014W,YPL049C,0,-0.8566303,0.10354125499725342,0.5754245519638062,0.49874988198280334
YEL018W,YHR073W,0,-0.8567004,0.1035226434469223,0.5754245519638062,0.49884989857673645
YOR018W,YNL025C,0,-0.85670435,0.10350404679775238,0.5754245519638062,0.49894988536834717
YJL078C,YJL094C,0,-0.85681915,0.10348545014858246,0.5754245519638062,0.4990499019622803
YOL055C,YOR129C,0,-0.8568431,0.10346686094999313,0.5754245519638062,0.4991499185562134
YCL016C,YKR088C,0,-0.8569375,0.1034482792019844,0.5754245519638062,0.4992499351501465
YOL126C,YLR432W,0,-0.85699415,0.10342969745397568,0.5754245519638062,0.4993499219417572
YGR211W,YLR292C,0,-0.857043,0.10341113060712814,0.5754245519638062,0.4994499385356903
YCR035C,YNL063W,0,-0.857118,0.1033925712108612,0.5754245519638062,0.4995499551296234
YDR482C,YPL215W,0,-0.8571279,0.10337401181459427,0.5754245519638062,0.4996499717235565
YMR231W,YPL100W,1,-0.8571472,0.10353489965200424,0.5764235854148865,0.4996499717235565
YGL076C,YPR106W,0,-0.8571818,0.10351632535457611,0.5764235854148865,0.4997499883174896
YPR120C,YPL010W,0,-0.85720754,0.10349775850772858,0.5764235854148865,0.49984997510910034
YLR345W,YKL063C,0,-0.857237,0.10347919911146164,0.5764235854148865,0.49994999170303345
YNL025C,YLR382C,0,-0.857339,0.1034606397151947,0.5764235854148865,0.5000500082969666
YER028C,YBL025W,0,-0.8573843,0.10344209522008896,0.5764235854148865,0.5001500248908997
YIL030C,YLR432W,0,-0.8575789,0.10342355072498322,0.5764235854148865,0.5002500414848328
YPR008W,YDR365C,0,-0.8576492,0.10340502113103867,0.5764235854148865,0.5003500580787659
YEL001C,YDL209C,0,-0.8576827,0.10338649153709412,0.5764235854148865,0.500450074672699
YGR205W,YAL059W,0,-0.85773623,0.10336796939373016,0.5764235854148865,0.5005500316619873
YIL019W,YOR090C,0,-0.85781884,0.10334945470094681,0.5764235854148865,0.5006500482559204
YNL294C,YDR301W,0,-0.8579031,0.10333094745874405,0.5764235854148865,0.5007500648498535
YHR158C,YNL130C,0,-0.85799646,0.10331244766712189,0.5764235854148865,0.5008500814437866
YIL036W,YNR059W,0,-0.8581835,0.10329394787549973,0.5764235854148865,0.5009500980377197
YDR021W,YJL083W,0,-0.85832477,0.10327546298503876,0.5764235854148865,0.5010501146316528
YPL137C,YOR316C,0,-0.8583249,0.10325697809457779,0.5764235854148865,0.5011501312255859
YHL038C,YBL025W,0,-0.85834396,0.10323850065469742,0.5764235854148865,0.501250147819519
YML127W,YPR199C,0,-0.85859895,0.10322003811597824,0.5764235854148865,0.5013501644134521
YJL096W,YHR149C,0,-0.85860157,0.10320157557725906,0.5764235854148865,0.5014501214027405
YMR175W,YDL093W,0,-0.8586104,0.10318312048912048,0.5764235854148865,0.5015501379966736
YMR313C,YDR284C,0,-0.8587339,0.1031646728515625,0.5764235854148865,0.5016501545906067
YHR039C-A,YLR148W,1,-0.85875416,0.1033249944448471,0.577422559261322,0.5016501545906067
YLR004C,YNL023C,0,-0.8587618,0.10330652445554733,0.577422559261322,0.5017501711845398
YOR091W,YOL084W,0,-0.85884213,0.10328806191682816,0.577422559261322,0.5018501877784729
YIL119C,YGL231C,0,-0.8588463,0.10326960682868958,0.577422559261322,0.501950204372406
YHL031C,YHR150W,0,-0.85889804,0.10325115919113159,0.577422559261322,0.5020502209663391
YMR231W,YBR109C,1,-0.8589339,0.10341132432222366,0.5784215927124023,0.5020502209663391
YJR132W,YLR189C,0,-0.8590282,0.10339285433292389,0.5784215927124023,0.5021502375602722
YCR016W,YKL129C,0,-0.8591124,0.10337439924478531,0.5784215927124023,0.5022502541542053
YGL027C,YPR086W,0,-0.859251,0.10335594415664673,0.5784215927124023,0.5023502111434937
YPR057W,YNL164C,0,-0.85929203,0.10333749651908875,0.5784215927124023,0.5024502277374268
YLL048C,YDR377W,0,-0.8593924,0.10331905633211136,0.5784215927124023,0.5025502443313599
YHR169W,YPL006W,0,-0.8594065,0.10330062359571457,0.5784215927124023,0.502650260925293
YPL115C,YDL119C,0,-0.8595308,0.10328219830989838,0.5784215927124023,0.5027502775192261
YGL096W,YPR010C,0,-0.85953236,0.10326378047466278,0.5784215927124023,0.5028502941131592
YLR189C,YBR028C,0,-0.8596405,0.10324536263942719,0.5784215927124023,0.5029503107070923
YAL015C,YBR023C,0,-0.8596543,0.10322695970535278,0.5784215927124023,0.5030503273010254
YMR230W,YHR190W,0,-0.8597034,0.10320855677127838,0.5784215927124023,0.5031503438949585
YOR334W,YLR054C,0,-0.85989475,0.10319016128778458,0.5784215927124023,0.5032503008842468
YPL137C,YFR016C,0,-0.8599205,0.10317177325487137,0.5784215927124023,0.5033503174781799
YPL120W,YGL085W,0,-0.85998404,0.10315339267253876,0.5784215927124023,0.503450334072113
YIL056W,YLR249W,0,-0.8601124,0.10313501954078674,0.5784215927124023,0.5035503506660461
YDR204W,YJL069C,0,-0.8602989,0.10311665385961533,0.5784215927124023,0.5036503672599792
YML098W,YGL085W,0,-0.8603364,0.10309828817844391,0.5784215927124023,0.5037503838539124
YNL054W,YBL063W,0,-0.86037505,0.10307993739843369,0.5784215927124023,0.5038504004478455
YLL048C,YIR031C,0,-0.8605617,0.10306158661842346,0.5784215927124023,0.5039504170417786
YOR247W,YPL117C,0,-0.86068046,0.10304324328899384,0.5784215927124023,0.5040504336357117
YJR109C,YKR031C,0,-0.8607472,0.1030249074101448,0.5784215927124023,0.504150390625
YGR202C,YOL135C,0,-0.86081815,0.10300657898187637,0.5784215927124023,0.5042504072189331
YLR284C,YKR079C,0,-0.86084116,0.10298825800418854,0.5784215927124023,0.5043504238128662
YNL056W,YDR372C,0,-0.86084545,0.1029699444770813,0.5784215927124023,0.5044504404067993
YDR375C,YGL058W,0,-0.86084676,0.10295163840055466,0.5784215927124023,0.5045504570007324
YLR054C,YNL029C,0,-0.86115324,0.10293333232402802,0.5784215927124023,0.5046504735946655
YML098W,YNR053C,0,-0.861179,0.10291503369808197,0.5784215927124023,0.5047504901885986
YER040W,YGL049C,0,-0.8612591,0.10289674997329712,0.5784215927124023,0.5048505067825317
YOR380W,YKR064W,0,-0.86134434,0.10287846624851227,0.5784215927124023,0.5049505233764648
YMR230W,YNL251C,0,-0.86151135,0.10286018997430801,0.5784215927124023,0.5050504803657532
YNL048W,YHL006C,0,-0.86160433,0.10284192115068436,0.5784215927124023,0.5051504969596863
YPR008W,YLR411W,0,-0.86168075,0.1028236523270607,0.5784215927124023,0.5052505135536194
YGR004W,YOR157C,0,-0.8617585,0.10280539840459824,0.5784215927124023,0.5053505301475525
YBR109C,YPR148C,0,-0.861765,0.10278714448213577,0.5784215927124023,0.5054505467414856
YNL242W,YGR209C,1,-0.86177325,0.10294639319181442,0.5794205665588379,0.5054505467414856
YDR377W,YFR038W,0,-0.8619963,0.10292812436819077,0.5794205665588379,0.5055505633354187
YOR316C,YNL024C,0,-0.8620602,0.1029098629951477,0.5794205665588379,0.5056505799293518
YIL118W,YPL013C,0,-0.86211014,0.10289160907268524,0.5794205665588379,0.5057505965232849
YIL048W,YGL095C,1,-0.8622459,0.10305072367191315,0.5804196000099182,0.5057505965232849
YJR046W,YKL087C,0,-0.8623017,0.10303245484828949,0.5804196000099182,0.505850613117218
YIL014W,YNL278W,0,-0.86237204,0.10301418602466583,0.5804196000099182,0.5059505701065063
YGR138C,YIL173W,0,-0.86246145,0.10299592465162277,0.5804196000099182,0.5060505867004395
YEL013W,YBL078C,1,-0.86247027,0.10315491259098053,0.5814185738563538,0.5060505867004395
YOR177C,YIL008W,0,-0.86252904,0.10313662886619568,0.5814185738563538,0.5061506032943726
YER062C,YMR225C,0,-0.8626405,0.10311835259199142,0.5814185738563538,0.5062506198883057
YDR229W,YAL002W,1,-0.86290145,0.10327723622322083,0.5824176073074341,0.5062506198883057
YDR201W,YHL021C,0,-0.8630792,0.10325894504785538,0.5824176073074341,0.5063506364822388
YPL146C,YJL083W,0,-0.86309695,0.10324066132307053,0.5824176073074341,0.5064506530761719
YGR266W,YFL049W,0,-0.8631624,0.10322237759828568,0.5824176073074341,0.506550669670105
YDR495C,YCL063W,1,-0.8632009,0.10338112711906433,0.5834165811538696,0.506550669670105
YOL012C,YJL083W,0,-0.86320126,0.10336282849311829,0.5834165811538696,0.5066506862640381
YGL006W,YOR048C,0,-0.86334896,0.10334453731775284,0.5834165811538696,0.5067507028579712
YKL191W,YOL132W,0,-0.86335003,0.10332625359296799,0.5834165811538696,0.5068506598472595
YPR008W,YJL098W,0,-0.86338234,0.10330797731876373,0.5834165811538696,0.5069506764411926
YDR092W,YIL107C,0,-0.8634167,0.10328970849514008,0.5834165811538696,0.5070506930351257
YJR117W,YMR158W,0,-0.86346245,0.10327143967151642,0.5834165811538696,0.5071507096290588
YNL142W,YCR005C,0,-0.8634788,0.10325318574905396,0.5834165811538696,0.5072507262229919
YDR528W,YBL091C,0,-0.86347914,0.10323493182659149,0.5834165811538696,0.507350742816925
YDR463W,YKR085C,0,-0.8635528,0.10321668535470963,0.5834165811538696,0.5074507594108582
YDR516C,YLR189C,0,-0.8637353,0.10319844633340836,0.5834165811538696,0.5075507760047913
YPL141C,YGR244C,0,-0.8638284,0.10318021476268768,0.5834165811538696,0.5076507925987244
YDR129C,YDR019C,0,-0.86411536,0.10316198319196701,0.5834165811538696,0.5077507495880127
YJL078C,YOR004W,0,-0.864141,0.10314376652240753,0.5834165811538696,0.5078507661819458
YAL040C,YGR209C,1,-0.8641411,0.10330213606357574,0.5844155550003052,0.5078507661819458
YDR441C,YML098W,0,-0.8641927,0.10328389704227448,0.5844155550003052,0.5079507827758789
YOR090C,YOR117W,0,-0.86420274,0.1032656654715538,0.5844155550003052,0.508050799369812
YDL031W,YDL076C,0,-0.86438,0.10324744135141373,0.5844155550003052,0.5081508159637451
YPR128C,YGR055W,0,-0.86438215,0.10322922468185425,0.5844155550003052,0.5082508325576782
YBR268W,YDL076C,0,-0.8644539,0.10321100801229477,0.5844155550003052,0.5083508491516113
YPR188C,YNL063W,0,-0.86454225,0.10319280624389648,0.5844155550003052,0.5084508657455444
YLR284C,YDL209C,0,-0.8645561,0.1031746044754982,0.5844155550003052,0.5085508823394775
YOL144W,YNL161W,0,-0.86457896,0.10315641015768051,0.5844155550003052,0.5086508393287659
YHL038C,YLR039C,0,-0.8649075,0.10313822329044342,0.5844155550003052,0.508750855922699
YPL105C,YLR189C,0,-0.86491716,0.10312004387378693,0.5844155550003052,0.5088508725166321
YHL038C,YLL024C,0,-0.864928,0.10310186445713043,0.5844155550003052,0.5089508891105652
YBR015C,YER127W,0,-0.86497486,0.10308369994163513,0.5844155550003052,0.5090509057044983
YJL162C,YPL120W,0,-0.8649769,0.10306553542613983,0.5844155550003052,0.5091509222984314
YAL040C,YNL079C,1,-0.8650013,0.1032235324382782,0.5854145884513855,0.5091509222984314
YLR396C,YCL063W,1,-0.86505353,0.10338146984577179,0.586413562297821,0.5091509222984314
YAL019W,YLR292C,0,-0.86513317,0.1033632680773735,0.586413562297821,0.5092509388923645
YMR243C,YOR266W,0,-0.8651681,0.10334507375955582,0.586413562297821,0.5093509554862976
YOR090C,YBR029C,0,-0.8652986,0.10332687944173813,0.586413562297821,0.5094509720802307
YPL043W,YLR001C,0,-0.8653215,0.10330869257450104,0.586413562297821,0.509550929069519
YBR114W,YDR165W,0,-0.86534727,0.10329051315784454,0.586413562297821,0.5096509456634521
YMR234W,YML041C,0,-0.8654573,0.10327234119176865,0.586413562297821,0.5097509622573853
YDR212W,YER005W,0,-0.8654814,0.10325417667627335,0.586413562297821,0.5098509788513184
YGL087C,YDR399W,0,-0.8655207,0.10323601961135864,0.586413562297821,0.5099509954452515
YLR193C,YPR134W,0,-0.86557245,0.10321786254644394,0.586413562297821,0.5100510120391846
YLR426W,YDR500C,0,-0.8655865,0.10319972038269043,0.586413562297821,0.5101510286331177
YNL242W,YNL326C,1,-0.8657049,0.10335735976696014,0.5874125957489014,0.5101510286331177
YLR386W,YBR105C,1,-0.86590004,0.10351493954658508,0.5884115695953369,0.5101510286331177
YGR193C,YDR025W,0,-0.8659526,0.10349675267934799,0.5884115695953369,0.5102510452270508
YDL154W,YNL278W,0,-0.8659891,0.1034785658121109,0.5884115695953369,0.5103510618209839
YML001W,YPL019C,1,-0.8660153,0.10363604128360748,0.5894106030464172,0.5103510618209839
YMR318C,YBR169C,0,-0.8660352,0.1036178469657898,0.5894106030464172,0.5104510188102722
YJR102C,YDR438W,0,-0.86608434,0.10359964519739151,0.5894106030464172,0.5105510354042053
YKL196C,YBL005W,0,-0.86615264,0.10358145833015442,0.5894106030464172,0.5106510519981384
YJR153W,YER129W,0,-0.8661921,0.10356327891349792,0.5894106030464172,0.5107510685920715
YOL122C,YJL168C,0,-0.86632764,0.10354510694742203,0.5894106030464172,0.5108510851860046
YLL006W,YGR142W,0,-0.8663323,0.10352693498134613,0.5894106030464172,0.5109511017799377
YNL286W,YNL251C,0,-0.8664155,0.10350877046585083,0.5894106030464172,0.5110511183738708
YGL005C,YGL238W,0,-0.8664454,0.10349061340093613,0.5894106030464172,0.511151134967804
YML081W,YHR158C,0,-0.8664818,0.10347246378660202,0.5894106030464172,0.5112511515617371
YFR024C-A,YPL018W,0,-0.86655533,0.10345432162284851,0.5894106030464172,0.5113511085510254
YDR471W,YPL058C,0,-0.8665674,0.1034361869096756,0.5894106030464172,0.5114511251449585
YPL116W,YIL009W,0,-0.866833,0.10341805219650269,0.5894106030464172,0.5115511417388916
YLR352W,YGR083C,0,-0.8669317,0.10339993238449097,0.5894106030464172,0.5116511583328247
YNL221C,YKL150W,0,-0.86707556,0.10338181257247925,0.5894106030464172,0.5117511749267578
YGR078C,YDR301W,0,-0.8670988,0.10336370021104813,0.5894106030464172,0.5118511915206909
YMR226C,YOL116W,0,-0.86731064,0.1033455953001976,0.5894106030464172,0.511951208114624
YPL133C,YHR033W,0,-0.8673383,0.10332749783992767,0.5894106030464172,0.5120512247085571
YAL015C,YBR208C,0,-0.8674861,0.10330940037965775,0.5894106030464172,0.5121512413024902
YOR032C,YMR242C,0,-0.86749184,0.10329131782054901,0.5894106030464172,0.5122511982917786
YDR092W,YKL052C,0,-0.8675208,0.10327323526144028,0.5894106030464172,0.5123512148857117
YGL144C,YNL214W,0,-0.86755514,0.10325516015291214,0.5894106030464172,0.5124512314796448
YHR005C,YGL219C,0,-0.86766076,0.1032370924949646,0.5894106030464172,0.5125512480735779
YDR004W,YOR011W,0,-0.8678212,0.10321903228759766,0.5894106030464172,0.512651264667511
YNL243W,YHR009C,0,-0.8679415,0.10320097953081131,0.5894106030464172,0.5127512812614441
YOL122C,YDR098C,0,-0.86808586,0.10318293422460556,0.5894106030464172,0.5128512978553772
YDR515W,YOR026W,0,-0.8681257,0.10316488891839981,0.5894106030464172,0.5129513144493103
YBL078C,YLR043C,1,-0.86815655,0.10332167893648148,0.5904095768928528,0.5129513144493103
YLR431C,YNL223W,1,-0.86815727,0.10347840934991837,0.5914086103439331,0.5129513144493103
YKR096W,YDR261C,0,-0.86830235,0.10346032679080963,0.5914086103439331,0.5130513310432434
YGL104C,YOL132W,0,-0.8684124,0.1034422516822815,0.5914086103439331,0.5131512880325317
YCL048W,YBR089C-A,0,-0.8684255,0.10342417657375336,0.5914086103439331,0.5132513046264648
YOL055C,YML061C,0,-0.8685336,0.10340611636638641,0.5914086103439331,0.513351321220398
YNL020C,YPL018W,0,-0.86856925,0.10338805615901947,0.5914086103439331,0.513451337814331
YIL041W,YMR231W,1,-0.8686584,0.10354461520910263,0.5924075841903687,0.513451337814331
YIL138C,YJL012C,1,-0.86872745,0.10370111465454102,0.593406617641449,0.513451337814331
YPR106W,YHR113W,0,-0.8687606,0.10368301719427109,0.593406617641449,0.5135513544082642
YKL014C,YPR071W,0,-0.86887014,0.10366491973400116,0.593406617641449,0.5136513710021973
YJR050W,YDR359C,0,-0.86887014,0.10364682972431183,0.593406617641449,0.5137513875961304
YOR136W,YPL248C,0,-0.86888325,0.1036287471652031,0.593406617641449,0.5138514041900635
YIL007C,YMR313C,0,-0.86890054,0.10361067205667496,0.593406617641449,0.5139514207839966
YML001W,YHR138C,1,-0.8689097,0.10376700013875961,0.5944055914878845,0.5139514207839966
YMR050C,YOL059W,0,-0.8689556,0.10374891012907028,0.5944055914878845,0.5140513777732849
YBR043C,YCR044C,0,-0.86901665,0.10373082011938095,0.5944055914878845,0.514151394367218
YBR211C,YDL223C,0,-0.8690226,0.10371274501085281,0.5944055914878845,0.5142514109611511
YHR165C,YLR466W,0,-0.86918604,0.10369466990232468,0.5944055914878845,0.5143514275550842
YDR469W,YOL078W,0,-0.8692676,0.10367660224437714,0.5944055914878845,0.5144514441490173
YBR085W,YBL047C,0,-0.8693129,0.1036585345864296,0.5944055914878845,0.5145514607429504
YDR127W,YPL145C,0,-0.8693892,0.10364048182964325,0.5944055914878845,0.5146514773368835
YFL004W,YFL039C,1,-0.8694298,0.10379658639431,0.5954046249389648,0.5146514773368835
YDR148C,YHR133C,0,-0.8694705,0.10377851128578186,0.5954046249389648,0.5147514939308167
YNL048W,YPR174C,0,-0.86949265,0.10376044362783432,0.5954046249389648,0.5148515105247498
YOR027W,YKL080W,0,-0.869545,0.10374238342046738,0.5954046249389648,0.5149514675140381
YBR162W-A,YPR134W,0,-0.8695823,0.10372433066368103,0.5954046249389648,0.5150514841079712
YNL051W,YNL161W,0,-0.8696753,0.10370627790689468,0.5954046249389648,0.5151515007019043
YPL203W,YOR011W,0,-0.86973333,0.10368824005126953,0.5954046249389648,0.5152515172958374
YKL145W,YOL051W,0,-0.8697859,0.10367020219564438,0.5954046249389648,0.5153515338897705
YJL089W,YKR095W,0,-0.8699279,0.10365217179059982,0.5954046249389648,0.5154515504837036
YFR027W,YNL214W,0,-0.8699415,0.10363414883613586,0.5954046249389648,0.5155515670776367
YDR384C,YCL001W,0,-0.86997426,0.1036161333322525,0.5954046249389648,0.5156515836715698
YOR264W,YLR260W,0,-0.8700712,0.10359812527894974,0.5954046249389648,0.5157516002655029
YOL012C,YDL046W,0,-0.8701582,0.10358011722564697,0.5954046249389648,0.5158515572547913
YAR033W,YOR316C,0,-0.8702129,0.1035621166229248,0.5954046249389648,0.5159515738487244
YNL223W,YHR174W,1,-0.8702134,0.1037178561091423,0.5964035987854004,0.5159515738487244
YHR035W,YNL056W,0,-0.87032425,0.10369984060525894,0.5964035987854004,0.5160515904426575
YLR143W,YJR096W,0,-0.87037826,0.10368183255195618,0.5964035987854004,0.5161516070365906
YBR181C,YHL035C,0,-0.87042046,0.10366383194923401,0.5964035987854004,0.5162516236305237
YNL221C,YBR169C,0,-0.87042785,0.10364583134651184,0.5964035987854004,0.5163516402244568
YOR090C,YPL253C,0,-0.8704388,0.10362784564495087,0.5964035987854004,0.5164516568183899
YER177W,YCR021C,0,-0.8704572,0.10360985994338989,0.5964035987854004,0.516551673412323
YAL011W,YFL011W,0,-0.8704959,0.10359188169240952,0.5964035987854004,0.5166516900062561
YPL058C,YGL115W,0,-0.8705008,0.10357390344142914,0.5964035987854004,0.5167516469955444
YBR109C,YDR438W,0,-0.8706045,0.10355594009160995,0.5964035987854004,0.5168516635894775
YKL110C,YPL179W,0,-0.87074363,0.10353798419237137,0.5964035987854004,0.5169516801834106
YJL181W,YBR034C,0,-0.8708396,0.10352002829313278,0.5964035987854004,0.5170516967773438
YER041W,YPL049C,0,-0.87091684,0.10350207984447479,0.5964035987854004,0.5171517133712769
YDR482C,YLL018C,0,-0.8709872,0.1034841388463974,0.5964035987854004,0.51725172996521
YGR266W,YML016C,0,-0.871017,0.1034662052989006,0.5964035987854004,0.5173517465591431
YDR287W,YPL207W,0,-0.8710536,0.1034482792019844,0.5964035987854004,0.5174517631530762
YOR119C,YDR019C,0,-0.8710861,0.1034303531050682,0.5964035987854004,0.5175517797470093
YPR008W,YBR168W,0,-0.8712381,0.1034124344587326,0.5964035987854004,0.5176517367362976
YDR039C,YOR273C,0,-0.87124,0.1033945307135582,0.5964035987854004,0.5177517533302307
YJR123W,YKL048C,0,-0.8712503,0.10337662696838379,0.5964035987854004,0.5178517699241638
YHL031C,YMR230W,0,-0.871344,0.10335872322320938,0.5964035987854004,0.5179517865180969
YHR202W,YER139C,0,-0.8713585,0.10334083437919617,0.5964035987854004,0.51805180311203
YGR003W,YHL050C,0,-0.8714318,0.10332294553518295,0.5964035987854004,0.5181518197059631
YLR360W,YLR352W,0,-0.871488,0.10330507159233093,0.5964035987854004,0.5182518362998962
YPL215W,YPL221W,0,-0.87173986,0.10328719764947891,0.5964035987854004,0.5183518528938293
YLR093C,YJR131W,0,-0.8719418,0.10326933115720749,0.5964035987854004,0.5184518694877625
YBR114W,YGL111W,0,-0.87196684,0.10325147211551666,0.5964035987854004,0.5185518264770508
YLR131C,YBL013W,0,-0.8720329,0.10323361307382584,0.5964035987854004,0.5186518430709839
YML023C,YKL155C,0,-0.87235403,0.1032157689332962,0.5964035987854004,0.518751859664917
YFL004W,YOR326W,1,-0.87237966,0.1033707857131958,0.5974025726318359,0.518751859664917
YKR083C,YPL233W,0,-0.87243855,0.10335291922092438,0.5974025726318359,0.5188518762588501
YHR204W,YOR079C,0,-0.8724402,0.10333506017923355,0.5974025726318359,0.5189518928527832
YLR167W,YPR086W,0,-0.8724872,0.10331720858812332,0.5974025726318359,0.5190519094467163
YFR040W,YHR197W,0,-0.8724997,0.10329936444759369,0.5974025726318359,0.5191519260406494
YHR150W,YGL085W,0,-0.87253714,0.10328152030706406,0.5974025726318359,0.5192519426345825
YER142C,YML055W,0,-0.8725879,0.10326368361711502,0.5974025726318359,0.5193519592285156
YFL026W,YKL005C,0,-0.87260187,0.10324585437774658,0.5974025726318359,0.519451916217804
YNL251C,YMR156C,0,-0.87283313,0.10322803258895874,0.5974025726318359,0.5195519328117371
YGL246C,YBR045C,0,-0.87293184,0.1032102182507515,0.5974025726318359,0.5196519494056702
YIL036W,YER167W,0,-0.87296736,0.10319240391254425,0.5974025726318359,0.5197519659996033
YOR117W,YHR037W,0,-0.87313545,0.1031746044754982,0.5974025726318359,0.5198519825935364
YPR106W,YNL156C,0,-0.87315834,0.10315680503845215,0.5974025726318359,0.5199519991874695
YFR027W,YNL068C,0,-0.87329125,0.1031390130519867,0.5974025726318359,0.5200520157814026
YDR397C,YDR200C,0,-0.8733103,0.10312122851610184,0.5974025726318359,0.5201520323753357
YKL191W,YPL076W,0,-0.87345827,0.10310345143079758,0.5974025726318359,0.5202520489692688
YIL069C,YOR011W,0,-0.87348676,0.10308567434549332,0.5974025726318359,0.5203520059585571
YNL118C,YCL067C,0,-0.87349427,0.10306790471076965,0.5974025726318359,0.5204520225524902
YNL051W,YJR048W,0,-0.8735963,0.10305014997720718,0.5974025726318359,0.5205520391464233
YOL076W,YGR296W,0,-0.8737793,0.10303238779306412,0.5974025726318359,0.5206520557403564
YDL076C,YHR080C,0,-0.8738841,0.10301464051008224,0.5974025726318359,0.5207520723342896
YLR409C,YLR115W,0,-0.87396634,0.10299690067768097,0.5974025726318359,0.5208520889282227
YPR095C,YDL087C,0,-0.87418294,0.1029791608452797,0.5974025726318359,0.5209521055221558
YPR008W,YDR317W,0,-0.87421787,0.10296143591403961,0.5974025726318359,0.5210521221160889
YJL012C,YEL001C,0,-0.87423706,0.10294371098279953,0.5974025726318359,0.521152138710022
YKL026C,YEL032W,0,-0.87424815,0.10292598605155945,0.5974025726318359,0.5212520956993103
YDR098C,YKL110C,0,-0.8742647,0.10290827602148056,0.5974025726318359,0.5213521122932434
YHR122W,YDR122W,0,-0.8742862,0.10289057344198227,0.5974025726318359,0.5214521288871765
YFL061W,YAL068C,0,-0.87434804,0.10287287086248398,0.5974025726318359,0.5215521454811096
YJR042W,YDR019C,0,-0.87436545,0.10285517573356628,0.5974025726318359,0.5216521620750427
YML004C,YPL235W,0,-0.87451565,0.10283748805522919,0.5974025726318359,0.5217521786689758
YER056C,YML047C,0,-0.8745246,0.10281980782747269,0.5974025726318359,0.5218521952629089
YAR042W,YBR065C,0,-0.87454677,0.10280213505029678,0.5974025726318359,0.521952211856842
YOR341W,YDL211C,0,-0.8745574,0.10278446227312088,0.5974025726318359,0.5220522284507751
YDR359C,YIR026C,0,-0.87477946,0.10276679694652557,0.5974025726318359,0.5221521854400635
YPL209C,YMR059W,0,-0.8749813,0.10274913907051086,0.5974025726318359,0.5222522020339966
YML011C,YIL137C,0,-0.87500525,0.10273148864507675,0.5974025726318359,0.5223522186279297
YIL147C,YPL075W,0,-0.87510407,0.10271384567022324,0.5974025726318359,0.5224522352218628
YER071C,YPR086W,0,-0.87514675,0.10269620269536972,0.5974025726318359,0.5225522518157959
YOL096C,YGR004W,0,-0.87522304,0.1026785746216774,0.5974025726318359,0.522652268409729
YLL026W,YLR413W,0,-0.87544847,0.10266094654798508,0.5974025726318359,0.5227522850036621
YOR258W,YIR031C,0,-0.87547314,0.10264332592487335,0.5974025726318359,0.5228523015975952
YPL169C,YBR212W,0,-0.8754964,0.10262570530176163,0.5974025726318359,0.5229523181915283
YFR014C,YIL130W,0,-0.87565756,0.1026080995798111,0.5974025726318359,0.5230523347854614
YIL144W,YLR337C,0,-0.87571347,0.10259049385786057,0.5974025726318359,0.5231522917747498
YIL007C,YOR081C,0,-0.87575316,0.10257289558649063,0.5974025726318359,0.5232523083686829
YPL175W,YKL197C,0,-0.87582684,0.1025553047657013,0.5974025726318359,0.523352324962616
YGL063W,YEL048C,0,-0.875901,0.10253772139549255,0.5974025726318359,0.5234523415565491
YDR080W,YLR328W,0,-0.8759227,0.10252014547586441,0.5974025726318359,0.5235523581504822
YDR375C,YOR004W,0,-0.87596595,0.10250256955623627,0.5974025726318359,0.5236523747444153
YDR289C,YNR033W,0,-0.87597954,0.10248500108718872,0.5974025726318359,0.5237523913383484
YOR250C,YMR072W,0,-0.87610483,0.10246744006872177,0.5974025726318359,0.5238524079322815
YDL154W,YJR046W,0,-0.876191,0.10244988650083542,0.5974025726318359,0.5239524245262146
YHR214W,YKL048C,0,-0.8762686,0.10243234038352966,0.5974025726318359,0.5240523815155029
YHR202W,YBR191W,0,-0.8763056,0.10241479426622391,0.5974025726318359,0.524152398109436
YNL317W,YJL003W,0,-0.8764509,0.10239726305007935,0.5974025726318359,0.5242524147033691
YKL033W,YJL174W,0,-0.87649477,0.10237973183393478,0.5974025726318359,0.5243524312973022
YOR189W,YJL003W,0,-0.87657905,0.10236220806837082,0.5974025726318359,0.5244524478912354
YKL026C,YPR097W,0,-0.87675226,0.10234468430280685,0.5974025726318359,0.5245524644851685
YGR193C,YCL064C,0,-0.8767655,0.10232717543840408,0.5974025726318359,0.5246524810791016
YGL194C,YER060W,0,-0.87679505,0.10230966657400131,0.5974025726318359,0.5247524976730347
YHL038C,YDR375C,0,-0.8769356,0.10229216516017914,0.5974025726318359,0.5248525142669678
YLR367W,YJL180C,0,-0.8770455,0.10227467119693756,0.5974025726318359,0.5249524712562561
YJR132W,YNL063W,0,-0.8770516,0.10225718468427658,0.5974025726318359,0.5250524878501892
YHR103W,YPL137C,0,-0.87718546,0.1022396981716156,0.5974025726318359,0.5251525044441223
YNL294C,YMR133W,0,-0.8773992,0.10222221910953522,0.5974025726318359,0.5252525210380554
YAL002W,YLR043C,1,-0.8775953,0.10237566381692886,0.5984016060829163,0.5252525210380554
YIL007C,YNL288W,0,-0.87765443,0.10235816985368729,0.5984016060829163,0.5253525376319885
YPL075W,YML096W,0,-0.87766635,0.1023406833410263,0.5984016060829163,0.5254525542259216
YDL018C,YPR141C,0,-0.87783873,0.10232319682836533,0.5984016060829163,0.5255525708198547
YBL080C,YJR132W,0,-0.87785375,0.10230572521686554,0.5984016060829163,0.5256525874137878
YGL096W,YOR079C,0,-0.8778602,0.10228825360536575,0.5984016060829163,0.525752604007721
YOR316C,YLL067C,0,-0.87794554,0.10227078944444656,0.5984016060829163,0.5258525609970093
YDR160W,YHR149C,0,-0.87807894,0.10225332528352737,0.5984016060829163,0.5259525775909424
YIR031C,YJL196C,0,-0.8781066,0.10223587602376938,0.5984016060829163,0.5260525941848755
YMR076C,YGR055W,0,-0.8781903,0.10221842676401138,0.5984016060829163,0.5261526107788086
YLR223C,YNR052C,0,-0.87821054,0.10220099240541458,0.5984016060829163,0.5262526273727417
YKR078W,YFL049W,0,-0.87821865,0.10218355804681778,0.5984016060829163,0.5263526439666748
YLR431C,YPL019C,1,-0.87831306,0.10233668982982635,0.5994005799293518,0.5263526439666748
YJR046W,YNL247W,0,-0.8783374,0.10231923311948776,0.5994005799293518,0.5264526605606079
YJL054W,YDL175C,0,-0.87851477,0.10230179131031036,0.5994005799293518,0.526552677154541
YNL038W,YGR211W,0,-0.8785306,0.10228434950113297,0.5994005799293518,0.5266526937484741
YPL130W,YKL048C,0,-0.8785522,0.10226691514253616,0.5994005799293518,0.5267526507377625
YGL212W,YER072W,1,-0.87856054,0.1024199053645134,0.6003996133804321,0.5267526507377625
YBR107C,YGR129W,0,-0.87864554,0.1024024561047554,0.6003996133804321,0.5268526673316956
YHR039C-A,YLR396C,1,-0.8786551,0.10255536437034607,0.6013985872268677,0.5268526673316956
YDL098C,YIL106W,0,-0.8788309,0.10253790020942688,0.6013985872268677,0.5269526839256287
YNL059C,YDR276C,0,-0.8788494,0.10252043604850769,0.6013985872268677,0.5270527005195618
YPR188C,YDL189W,0,-0.8789344,0.1025029793381691,0.6013985872268677,0.5271527171134949
YER063W,YCL067C,0,-0.8791275,0.1024855300784111,0.6013985872268677,0.527252733707428
YOR254C,YBR301W,0,-0.87914,0.1024680882692337,0.6013985872268677,0.5273527503013611
YBR119W,YGL096W,0,-0.87918174,0.1024506464600563,0.6013985872268677,0.5274527668952942
YBR217W,YLR093C,1,-0.8791851,0.10260336846113205,0.602397620677948,0.5274527668952942
YOR034C,YNL048W,0,-0.879279,0.10258591175079346,0.602397620677948,0.5275527834892273
YOR079C,YLL053C,0,-0.87958586,0.10256846249103546,0.602397620677948,0.5276527404785156
YDR148C,YGL085W,0,-0.8796438,0.10255102068185806,0.602397620677948,0.5277527570724487
YER031C,YDR515W,0,-0.8796524,0.10253358632326126,0.602397620677948,0.5278527736663818
YOR011W,YKL080W,0,-0.87968767,0.10251615196466446,0.602397620677948,0.5279527902603149
YGR235C,YJL183W,0,-0.8797878,0.10249872505664825,0.602397620677948,0.528052806854248
YFL061W,YDR528W,0,-0.8797965,0.10248130559921265,0.602397620677948,0.5281528234481812
YDL106C,YJL168C,0,-0.8798169,0.10246389359235764,0.602397620677948,0.5282528400421143
YGL098W,YER062C,0,-0.8798362,0.10244648158550262,0.602397620677948,0.5283528566360474
YPL120W,YGR208W,0,-0.8798933,0.10242908447980881,0.602397620677948,0.5284528732299805
YJL089W,YPL013C,0,-0.87993264,0.10241168737411499,0.602397620677948,0.5285528302192688
YHR148W,YPL013C,0,-0.8800305,0.10239429771900177,0.602397620677948,0.5286528468132019
YDL077C,YDR229W,1,-0.88007855,0.10254669189453125,0.6033965945243835,0.5286528468132019
YDR201W,YBR121C,0,-0.88018477,0.10252927988767624,0.6033965945243835,0.528752863407135
YLR345W,YKR031C,0,-0.8803537,0.10251188278198242,0.6033965945243835,0.5288528800010681
YER123W,YDR040C,0,-0.88042235,0.1024944856762886,0.6033965945243835,0.5289528965950012
YLR259C,YKR088C,0,-0.88043344,0.10247709602117538,0.6033965945243835,0.5290529131889343
YDR308C,YPL056C,0,-0.880669,0.10245971381664276,0.6033965945243835,0.5291529297828674
YPR003C,YPR086W,0,-0.8806968,0.10244233161211014,0.6033965945243835,0.5292529463768005
YDR229W,YLR423C,1,-0.8808546,0.1025945395231247,0.6043956279754639,0.5292529463768005
YMR110C,YLR352W,0,-0.8809582,0.10257714241743088,0.6043956279754639,0.5293529629707336
YOR065W,YDR160W,0,-0.8809607,0.10255975276231766,0.6043956279754639,0.529452919960022
YNL199C,YDR500C,0,-0.88097775,0.10254237055778503,0.6043956279754639,0.5295529365539551
YDL223C,YML082W,0,-0.8809806,0.10252499580383301,0.6043956279754639,0.5296529531478882
YPR114W,YIL053W,0,-0.8812895,0.10250762104988098,0.6043956279754639,0.5297529697418213
YJR073C,YPL239W,0,-0.8815019,0.10249026119709015,0.6043956279754639,0.5298529863357544
YDR276C,YPL178W,0,-0.8815435,0.10247290134429932,0.6043956279754639,0.5299530029296875
YJL035C,YNR059W,0,-0.8815639,0.10245554894208908,0.6043956279754639,0.5300530195236206
YML120C,YOR383C,0,-0.88165295,0.10243819653987885,0.6043956279754639,0.5301530361175537
YNL328C,YAL048C,0,-0.88170767,0.1024208590388298,0.6043956279754639,0.5302530527114868
YBR094W,YPL049C,0,-0.8817493,0.10240352153778076,0.6043956279754639,0.5303530097007751
YDL098C,YGL129C,0,-0.88179314,0.10238619148731232,0.6043956279754639,0.5304530262947083
YIL007C,YHR170W,0,-0.88189125,0.10236886888742447,0.6043956279754639,0.5305530428886414
YIL119C,YGL016W,0,-0.88194,0.10235154628753662,0.6043956279754639,0.5306530594825745
YDR464W,YHR014W,0,-0.8819877,0.10233423858880997,0.6043956279754639,0.5307530760765076
YBR101C,YGR060W,0,-0.88223374,0.10231693089008331,0.6043956279754639,0.5308530926704407
YAL040C,YCL063W,1,-0.8822899,0.10246872156858444,0.6053946018218994,0.5308530926704407
YHR113W,YOR335C,0,-0.88237906,0.102451391518116,0.6053946018218994,0.5309531092643738
YPL137C,YGL005C,0,-0.8825301,0.10243407636880875,0.6053946018218994,0.5310531258583069
YDR276C,YOL116W,0,-0.882604,0.10241676867008209,0.6053946018218994,0.53115314245224
YML023C,YFR014C,0,-0.88288367,0.10239946097135544,0.6053946018218994,0.5312530994415283
YDR229W,YBL050W,1,-0.88290536,0.10255111008882523,0.6063936352729797,0.5312530994415283
YLR396C,YNL223W,1,-0.88293636,0.10270269960165024,0.6073926091194153,0.5312530994415283
YEL032W,YDL087C,0,-0.8830035,0.1026853546500206,0.6073926091194153,0.5313531160354614
YOR334W,YDR545W,0,-0.883314,0.10266801714897156,0.6073926091194153,0.5314531326293945
YGL196W,YIL009W,0,-0.8833778,0.10265068709850311,0.6073926091194153,0.5315531492233276
YKR079C,YGL085W,0,-0.88348687,0.10263335704803467,0.6073926091194153,0.5316531658172607
YPL049C,YOR086C,0,-0.88356435,0.10261603444814682,0.6073926091194153,0.5317531824111938
YNL031C,YLR052W,0,-0.8836796,0.10259871929883957,0.6073926091194153,0.531853199005127
YHR103W,YGL144C,0,-0.8838179,0.10258140414953232,0.6073926091194153,0.5319532155990601
YPR173C,YOL009C,0,-0.8838588,0.10256410390138626,0.6073926091194153,0.5320532321929932
YJR117W,YPL176C,0,-0.88390744,0.1025468036532402,0.6073926091194153,0.5321531891822815
YGL129C,YMR177W,0,-0.8840834,0.10252951085567474,0.6073926091194153,0.5322532057762146
YDR468C,YPL126W,0,-0.88412106,0.10251222550868988,0.6073926091194153,0.5323532223701477
YJL012C,YOR129C,0,-0.8841529,0.10249494016170502,0.6073926091194153,0.5324532389640808
YPL234C,YLR052W,0,-0.8841586,0.10247766971588135,0.6073926091194153,0.5325532555580139
YBR085W,YHR024C,0,-0.88417494,0.10246039927005768,0.6073926091194153,0.532653272151947
YOR027W,YNL023C,0,-0.8842006,0.1024431362748146,0.6073926091194153,0.5327532887458801
YHR210C,YFL049W,0,-0.8842282,0.10242587327957153,0.6073926091194153,0.5328533053398132
YMR081C,YML059C,0,-0.88432276,0.10240862518548965,0.6073926091194153,0.5329533219337463
YHR205W,YHR193C,0,-0.8843783,0.10239137709140778,0.6073926091194153,0.5330532789230347
YIL011W,YLR337C,0,-0.88465035,0.1023741364479065,0.6073926091194153,0.5331532955169678
YFR010W,YPL135W,0,-0.8847153,0.10235690325498581,0.6073926091194153,0.5332533121109009
YGR244C,YGR245C,0,-0.8848456,0.10233967006206512,0.6073926091194153,0.533353328704834
YIL096C,YCL039W,0,-0.8848474,0.10232245177030563,0.6073926091194153,0.5334533452987671
YDR345C,YNL176C,0,-0.88485765,0.10230523347854614,0.6073926091194153,0.5335533618927002
YCL016C,YNL214W,0,-0.8848971,0.10228802263736725,0.6073926091194153,0.5336533784866333
YOR157C,YBL005W,0,-0.8849673,0.10227081924676895,0.6073926091194153,0.5337533950805664
YLR386W,YHR174W,1,-0.8849689,0.10242179781198502,0.6083915829658508,0.5337533950805664
YFL004W,YAL002W,1,-0.8850521,0.1025727242231369,0.6093906164169312,0.5337533950805664
YKL110C,YPL006W,0,-0.8850664,0.10255548357963562,0.6093906164169312,0.5338534116744995
YLR352W,YCL048W,0,-0.88527143,0.10253824293613434,0.6093906164169312,0.5339533686637878
YGL070C,YPR131C,0,-0.88556683,0.10252100974321365,0.6093906164169312,0.534053385257721
YHL028W,YCR038C,0,-0.8855834,0.10250378400087357,0.6093906164169312,0.534153401851654
YPL239W,YCL039W,0,-0.8856013,0.10248655825853348,0.6093906164169312,0.5342534184455872
YML067C,YGL092W,0,-0.88567877,0.10246933996677399,0.6093906164169312,0.5343534350395203
YOR060C,YOR059C,0,-0.8857255,0.10245213657617569,0.6093906164169312,0.5344534516334534
YEL018W,YMR225C,0,-0.8858143,0.1024349257349968,0.6093906164169312,0.5345534682273865
YMR274C,YBR149W,0,-0.88587046,0.1024177297949791,0.6093906164169312,0.5346534848213196
YLL031C,YLL057C,0,-0.8858712,0.1024005338549614,0.6093906164169312,0.5347535014152527
YNL059C,YPL006W,0,-0.8860358,0.10238335281610489,0.6093906164169312,0.534853458404541
YHR138C,YER072W,1,-0.88618004,0.1025339812040329,0.6103895902633667,0.534853458404541
YLR259C,YNL029C,0,-0.88619864,0.1025167778134346,0.6103895902633667,0.5349534749984741
YPR037C,YNL094W,0,-0.8862506,0.1024995818734169,0.6103895902633667,0.5350534915924072
YNL326C,YPL100W,1,-0.88629055,0.10265012085437775,0.611388623714447,0.5350534915924072
YPL004C,YBL008W,0,-0.8863063,0.10263290256261826,0.611388623714447,0.5351535081863403
YER155C,YKL005C,0,-0.88632786,0.10261569172143936,0.611388623714447,0.5352535247802734
YKR049C,YDL031W,0,-0.8864075,0.10259848833084106,0.611388623714447,0.5353535413742065
YJR132W,YHR210C,0,-0.8864484,0.10258129239082336,0.611388623714447,0.5354535579681396
YDR078C,YNL055C,0,-0.8865142,0.10256410390138626,0.611388623714447,0.5355535745620728
YGL212W,YNL326C,1,-0.8865508,0.10271447896957397,0.6123875975608826,0.5355535745620728
YIL096C,YOR132W,0,-0.8865957,0.10269726812839508,0.6123875975608826,0.5356535911560059
YCR086W,YPR086W,0,-0.88659954,0.10268006473779678,0.6123875975608826,0.5357535481452942
YJL045W,YDR019C,0,-0.8866514,0.10266286879777908,0.6123875975608826,0.5358535647392273
YJL183W,YDR019C,0,-0.88672364,0.10264568030834198,0.6123875975608826,0.5359535813331604
YOR172W,YLL014W,0,-0.88673794,0.10262849181890488,0.6123875975608826,0.5360535979270935
YOL023W,YMR313C,0,-0.88673913,0.10261131823062897,0.6123875975608826,0.5361536145210266
YKL149C,YDR406W,0,-0.8868313,0.10259414464235306,0.6123875975608826,0.5362536311149597
YAL019W,YLR075W,0,-0.8869877,0.10257697105407715,0.6123875975608826,0.5363536477088928
YOR068C,YBR109C,1,-0.8870082,0.10272712260484695,0.6133866310119629,0.5363536477088928
YGL005C,YDR190C,0,-0.88709164,0.10270993411540985,0.6133866310119629,0.5364536643028259
YER028C,YNL181W,0,-0.8871511,0.10269276052713394,0.6133866310119629,0.536553680896759
YJR108W,YJR096W,0,-0.8871696,0.10267558693885803,0.6133866310119629,0.5366536378860474
YPL239W,YDR040C,0,-0.8871856,0.10265842080116272,0.6133866310119629,0.5367536544799805
YNL059C,YDR244W,0,-0.88719046,0.10264125466346741,0.6133866310119629,0.5368536710739136
YFL025C,YIL008W,0,-0.88722754,0.10262410342693329,0.6133866310119629,0.5369536876678467
YBR272C,YPR133C,0,-0.8874785,0.10260695219039917,0.6133866310119629,0.5370537042617798
YOR065W,YML127W,0,-0.88753974,0.10258980840444565,0.6133866310119629,0.5371537208557129
YJR035W,YOR011W,0,-0.88759184,0.10257267206907272,0.6133866310119629,0.537253737449646
YKL002W,YLR175W,0,-0.88771987,0.1025555357336998,0.6133866310119629,0.5373537540435791
YOR358W,YKL114C,0,-0.88782096,0.10253840684890747,0.6133866310119629,0.5374537706375122
YPL036W,YIL123W,0,-0.8878702,0.10252128541469574,0.6133866310119629,0.5375537276268005
YKR031C,YDR359C,0,-0.88793623,0.1025041714310646,0.6133866310119629,0.5376537442207336
YBR180W,YHR138C,0,-0.8880341,0.10248706489801407,0.6133866310119629,0.5377537608146667
YJL216C,YPL178W,0,-0.8880552,0.10246995836496353,0.6133866310119629,0.5378537774085999
YER063W,YBR119W,0,-0.88813865,0.10245285928249359,0.6133866310119629,0.537953794002533
YDR007W,YPR068C,0,-0.8882407,0.10243576765060425,0.6133866310119629,0.5380538105964661
YDR375C,YER044C-A,0,-0.8883741,0.1024186834692955,0.6133866310119629,0.5381538271903992
YGL104C,YBR248C,0,-0.8885982,0.10240159928798676,0.6133866310119629,0.5382538437843323
YOR090C,YGR253C,0,-0.8886056,0.1023845225572586,0.6133866310119629,0.5383538603782654
YAL030W,YPR086W,0,-0.8886199,0.10236745327711105,0.6133866310119629,0.5384538173675537
YOR316C,YBL008W,0,-0.88867915,0.1023503914475441,0.6133866310119629,0.5385538339614868
YFR010W,YKR052C,0,-0.8887427,0.10233332961797714,0.6133866310119629,0.5386538505554199
YLR044C,YIL062C,0,-0.8887638,0.10231628268957138,0.6133866310119629,0.538753867149353
YKL185W,YNL081C,0,-0.8888134,0.10229923576116562,0.6133866310119629,0.5388538837432861
YNR007C,YPL045W,1,-0.8889322,0.10244877636432648,0.6143856048583984,0.5388538837432861
YCR107W,YLR333C,0,-0.8891016,0.10243171453475952,0.6143856048583984,0.5389539003372192
YMR081C,YGL198W,0,-0.88928366,0.10241465270519257,0.6143856048583984,0.5390539169311523
YDL145C,YIL008W,0,-0.8893827,0.1023976057767868,0.6143856048583984,0.5391539335250854
YNL328C,YMR220W,0,-0.88958824,0.10238055884838104,0.6143856048583984,0.5392539501190186
YMR076C,YPL036W,0,-0.8896196,0.10236351191997528,0.6143856048583984,0.5393539071083069
YGL189C,YNL133C,0,-0.88966846,0.10234647989273071,0.6143856048583984,0.53945392370224
YEL006W,YLR323C,0,-0.8896755,0.10232944786548615,0.6143856048583984,0.5395539402961731
YBL050W,YOR332W,1,-0.8897569,0.10247878730297089,0.6153846383094788,0.5395539402961731
YNL145W,YFL011W,0,-0.889922,0.10246174037456512,0.6153846383094788,0.5396539568901062
YLR390W-A,YMR055C,0,-0.8899964,0.10244470089673996,0.6153846383094788,0.5397539734840393
YFL049W,YLR093C,0,-0.89015293,0.10242766886949539,0.6153846383094788,0.5398539900779724
YBR080C,YNR007C,1,-0.89017165,0.10257688909769058,0.6163836121559143,0.5398539900779724
YHR035W,YNL142W,0,-0.8901862,0.10255984216928482,0.6163836121559143,0.5399540066719055
YHR146W,YJL089W,0,-0.8901994,0.10254279524087906,0.6163836121559143,0.5400540232658386
YGR060W,YPR046W,0,-0.89025104,0.1025257557630539,0.6163836121559143,0.5401540398597717
YDR075W,YDL247W,0,-0.89025486,0.10250872373580933,0.6163836121559143,0.5402539968490601
YMR262W,YOR335C,0,-0.8905189,0.10249169170856476,0.6163836121559143,0.5403540134429932
YLL016W,YOR079C,0,-0.89052045,0.10247467458248138,0.6163836121559143,0.5404540300369263
YJL057C,YOR078W,0,-0.8908925,0.10245765745639801,0.6163836121559143,0.5405540466308594
YHR096C,YCL054W,0,-0.8909055,0.10244064778089523,0.6163836121559143,0.5406540632247925
YLL016W,YNL094W,0,-0.89096725,0.10242363810539246,0.6163836121559143,0.5407540798187256
YBR003W,YGL105W,0,-0.89120626,0.10240663588047028,0.6163836121559143,0.5408540964126587
YPR131C,YLR150W,0,-0.8912517,0.10238964855670929,0.6163836121559143,0.5409541130065918
YOR264W,YKR049C,0,-0.8914989,0.1023726537823677,0.6163836121559143,0.5410541296005249
YLR102C,YER127W,0,-0.8915254,0.10235567390918732,0.6163836121559143,0.5411540865898132
YCL063W,YJL178C,1,-0.89159346,0.10250455886125565,0.6173826456069946,0.5411540865898132
YER063W,YKL063C,0,-0.8919134,0.10248756408691406,0.6173826456069946,0.5412541031837463
YEL013W,YCL063W,1,-0.8919275,0.10263638198375702,0.6183816194534302,0.5412541031837463
YPL234C,YAL056W,0,-0.8919697,0.10261936485767365,0.6183816194534302,0.5413541197776794
YPL138C,YPL161C,0,-0.8920202,0.10260235518217087,0.6183816194534302,0.5414541363716125
YER129W,YKL040C,0,-0.89205134,0.10258535295724869,0.6183816194534302,0.5415541529655457
YOR081C,YNL063W,0,-0.89207685,0.10256835073232651,0.6183816194534302,0.5416541695594788
YPL061W,YCL054W,0,-0.892277,0.10255135595798492,0.6183816194534302,0.5417541861534119
YNL103W,YOR272W,0,-0.89228225,0.10253436863422394,0.6183816194534302,0.541854202747345
YPL225W,YFR030W,0,-0.8922831,0.10251738876104355,0.6183816194534302,0.5419542193412781
YGR244C,YOR357C,0,-0.89231575,0.10250041633844376,0.6183816194534302,0.5420541763305664
YHR174W,YGR209C,1,-0.89236844,0.10264900326728821,0.6193805932998657,0.5420541763305664
YJL173C,YIL005W,0,-0.89249086,0.10263201594352722,0.6193805932998657,0.5421541929244995
YHR108W,YLL067C,0,-0.8926219,0.10261502861976624,0.6193805932998657,0.5422542095184326
YGR078C,YGR296W,0,-0.89264417,0.10259804874658585,0.6193805932998657,0.5423542261123657
YNL246W,YOL116W,0,-0.892645,0.10258106887340546,0.6193805932998657,0.5424542427062988
YNL020C,YJL026W,0,-0.89265585,0.10256410390138626,0.6193805932998657,0.5425542593002319
YPR134W,YLR409C,0,-0.892658,0.10254713892936707,0.6193805932998657,0.542654275894165
YOL020W,YHR158C,0,-0.89270604,0.10253018140792847,0.6193805932998657,0.5427542924880981
YPL116W,YHR165C,0,-0.8929285,0.10251322388648987,0.6193805932998657,0.5428543090820312
YMR318C,YBR109C,0,-0.89296067,0.10249628126621246,0.6193805932998657,0.5429542660713196
YIL048W,YKL051W,1,-0.89300156,0.10264462977647781,0.620379626750946,0.5429542660713196
YER179W,YPR095C,0,-0.89307,0.10262766480445862,0.620379626750946,0.5430542826652527
YHR185C,YMR048W,0,-0.8931209,0.10261070728302002,0.620379626750946,0.5431542992591858
YKR078W,YPR068C,0,-0.8931359,0.10259375721216202,0.620379626750946,0.5432543158531189
YPL004C,YGL078C,0,-0.89321876,0.10257680714130402,0.620379626750946,0.543354332447052
YMR156C,YFR053C,0,-0.8933097,0.10255986452102661,0.620379626750946,0.5434543490409851
YOL084W,YER178W,0,-0.8933759,0.1025429293513298,0.620379626750946,0.5435543656349182
YHR073W,YDL243C,0,-0.89341164,0.10252600163221359,0.620379626750946,0.5436543822288513
YOR016C,YPL183C,0,-0.89342535,0.10250908136367798,0.620379626750946,0.5437543988227844
YGL167C,YDR399W,0,-0.89345145,0.10249216109514236,0.620379626750946,0.5438543558120728
YMR231W,YJL012C,1,-0.8935263,0.10264026373624802,0.6213786005973816,0.5438543558120728
YGL098W,YLR277C,0,-0.89356124,0.10262332856655121,0.6213786005973816,0.5439543724060059
YJL078C,YGR283C,0,-0.89356506,0.102606400847435,0.6213786005973816,0.544054388999939
YOR002W,YGR193C,0,-0.8935987,0.10258948057889938,0.6213786005973816,0.5441544055938721
YOR247W,YBR049C,0,-0.8936553,0.10257256031036377,0.6213786005973816,0.5442544221878052
YDL077C,YHR138C,1,-0.893666,0.10272052884101868,0.6223776340484619,0.5442544221878052
YDR500C,YGL116W,0,-0.8937582,0.10270359367132187,0.6223776340484619,0.5443544387817383
YPR155C,YGL045W,0,-0.893852,0.10268666595220566,0.6223776340484619,0.5444544553756714
YDR129C,YER177W,0,-0.89391685,0.10266974568367004,0.6223776340484619,0.5445544719696045
YBR114W,YAL011W,0,-0.89393747,0.10265282541513443,0.6223776340484619,0.5446544885635376
YFL025C,YPL254W,0,-0.8939395,0.10263591259717941,0.6223776340484619,0.5447545051574707
YPR046W,YGR040W,0,-0.8940073,0.10261900722980499,0.6223776340484619,0.544854462146759
YOR236W,YOL078W,0,-0.89405036,0.10260210931301117,0.6223776340484619,0.5449544787406921
YKL079W,YGL064C,0,-0.8942504,0.10258521139621735,0.6223776340484619,0.5450544953346252
YDL175C,YGR138C,0,-0.89425576,0.10256832093000412,0.6223776340484619,0.5451545119285583
YBL087C,YJR108W,0,-0.89428437,0.10255143791437149,0.6223776340484619,0.5452545285224915
YOL055C,YDR244W,0,-0.8943331,0.10253456234931946,0.6223776340484619,0.5453545451164246
YLR377C,YER040W,0,-0.8944371,0.10251768678426743,0.6223776340484619,0.5454545617103577
YLR059C,YLR384C,0,-0.8945359,0.10250082612037659,0.6223776340484619,0.5455545783042908
YIL106W,YFR016C,0,-0.8946291,0.10248395800590515,0.6223776340484619,0.5456545948982239
YER007C-A,YOL009C,0,-0.8949046,0.10246710479259491,0.6223776340484619,0.5457545518875122
YBL007C,YHR120W,0,-0.89495695,0.10245025157928467,0.6223776340484619,0.5458545684814453
YIL037C,YBR060C,0,-0.89508164,0.10243341326713562,0.6223776340484619,0.5459545850753784
YPL224C,YNR038W,0,-0.8950845,0.10241656750440598,0.6223776340484619,0.5460546016693115
YOR009W,YBR089C-A,0,-0.89513624,0.10239973664283752,0.6223776340484619,0.5461546182632446
YPL056C,YHL006C,0,-0.89518726,0.10238290578126907,0.6223776340484619,0.5462546348571777
YDL077C,YBL078C,1,-0.8954195,0.10253039747476578,0.6233766078948975,0.5462546348571777
YLR417W,YDR122W,0,-0.8954735,0.10251355171203613,0.6233766078948975,0.5463546514511108
YGL107C,YDR179C,0,-0.8955107,0.10249671339988708,0.6233766078948975,0.546454668045044
YDR189W,YOR027W,0,-0.895542,0.10247988253831863,0.6233766078948975,0.546554684638977
YGR266W,YJL212C,0,-0.8955611,0.10246305167675018,0.6233766078948975,0.5466546416282654
YIL068C,YHR020W,0,-0.8956653,0.10244623571634293,0.6233766078948975,0.5467546582221985
YBR029C,YPL233W,0,-0.8957145,0.10242941230535507,0.6233766078948975,0.5468546748161316
YIL030C,YDR057W,0,-0.89573765,0.10241260379552841,0.6233766078948975,0.5469546914100647
YGL167C,YPL161C,0,-0.8957555,0.10239580273628235,0.6233766078948975,0.5470547080039978
YDR490C,YOR249C,0,-0.8957883,0.10237900167703629,0.6233766078948975,0.5471547245979309
YDL175C,YIL130W,0,-0.8957913,0.10236220806837082,0.6233766078948975,0.547254741191864
YDR108W,YOR341W,0,-0.8958498,0.10234541445970535,0.6233766078948975,0.5473547577857971
YIL098C,YPR071W,0,-0.8958553,0.10232863575220108,0.6233766078948975,0.5474547743797302
YPR188C,YOR316C,0,-0.8958585,0.10231185704469681,0.6233766078948975,0.5475547313690186
YPR155C,YIL167W,0,-0.8958821,0.10229507833719254,0.6233766078948975,0.5476547479629517
YPL058C,YGR224W,0,-0.89589226,0.10227831453084946,0.6233766078948975,0.5477547645568848
YDR407C,YHR106W,0,-0.89595497,0.10226155072450638,0.6233766078948975,0.5478547811508179
YHL015W,YDL123W,0,-0.89610076,0.1022447943687439,0.6233766078948975,0.547954797744751
YDL077C,YKL051W,1,-0.8961376,0.10239187628030777,0.6243756413459778,0.547954797744751
YNL326C,YBL050W,1,-0.8961928,0.10253890603780746,0.6253746151924133,0.547954797744751
YNR038W,YJR050W,0,-0.8962233,0.102522112429142,0.6253746151924133,0.5480548143386841
YDR422C,YKL052C,0,-0.89634454,0.10250531882047653,0.6253746151924133,0.5481548309326172
YJL094C,YOR195W,0,-0.89642715,0.10248854011297226,0.6253746151924133,0.5482548475265503
YLR059C,YPL145C,0,-0.8964602,0.10247176140546799,0.6253746151924133,0.5483548641204834
YGR097W,YGR224W,0,-0.8965075,0.10245499014854431,0.6253746151924133,0.5484548211097717
YER177W,YDR019C,0,-0.89655256,0.10243822634220123,0.6253746151924133,0.5485548377037048
YNL250W,YGR004W,0,-0.89656556,0.10242146253585815,0.6253746151924133,0.5486548542976379
YBR119W,YML092C,0,-0.896659,0.10240471363067627,0.6253746151924133,0.548754870891571
YKR093W,YBL047C,0,-0.8966664,0.10238796472549438,0.6253746151924133,0.5488548874855042
YGR193C,YEL051W,0,-0.896773,0.1023712158203125,0.6253746151924133,0.5489549040794373
YDL209C,YLR220W,0,-0.8968425,0.10235448181629181,0.6253746151924133,0.5490549206733704
YDL175C,YIL167W,0,-0.8969048,0.10233774781227112,0.6253746151924133,0.5491549372673035
YML059C,YKL058W,0,-0.89693534,0.10232102125883102,0.6253746151924133,0.5492549538612366
YGL231C,YOR157C,0,-0.89697385,0.10230429470539093,0.6253746151924133,0.5493549108505249
YDL077C,YMR231W,1,-0.8972492,0.10245098173618317,0.6263736486434937,0.5493549108505249
YKL052C,YNL317W,0,-0.89729714,0.10243424028158188,0.6263736486434937,0.549454927444458
YLR423C,YDR126W,1,-0.8973582,0.10258085280656815,0.6273726224899292,0.549454927444458
YIL147C,YDL105W,0,-0.89741397,0.10256410390138626,0.6273726224899292,0.5495549440383911
YFR031C-A,YJL096W,0,-0.8974273,0.10254735499620438,0.6273726224899292,0.5496549606323242
YDR384C,YIL123W,0,-0.8976226,0.10253061354160309,0.6273726224899292,0.5497549772262573
YEL018W,YPR161C,0,-0.8976377,0.1025138720870018,0.6273726224899292,0.5498549938201904
YPL105C,YBR078W,0,-0.8977916,0.1024971455335617,0.6273726224899292,0.5499550104141235
YAL002W,YLR093C,1,-0.89794755,0.10264360159635544,0.6283716559410095,0.5499550104141235
YAL002W,YMR231W,1,-0.8982409,0.10279001295566559,0.6293706297874451,0.5499550104141235
YDR268W,YBR016W,0,-0.8984051,0.10277324914932251,0.6293706297874451,0.5500550270080566
YHR006W,YLR055C,0,-0.8984146,0.10275648534297943,0.6293706297874451,0.5501550436019897
YOR136W,YPL076W,0,-0.89850366,0.10273972898721695,0.6293706297874451,0.5502550005912781
YGR030C,YJR096W,0,-0.89851034,0.10272297263145447,0.6293706297874451,0.5503550171852112
YCR036W,YJL179W,0,-0.8985809,0.10270623117685318,0.6293706297874451,0.5504550337791443
YDR375C,YMR101C,0,-0.89863074,0.10268948972225189,0.6293706297874451,0.5505550503730774
YPR128C,YMR002W,0,-0.8986651,0.1026727482676506,0.6293706297874451,0.5506550669670105
YGR046W,YNR052C,0,-0.8986869,0.10265602171421051,0.6293706297874451,0.5507550835609436
YHL038C,YKL087C,0,-0.8986913,0.10263929516077042,0.6293706297874451,0.5508551001548767
YDR500C,YER023W,0,-0.89882386,0.10262257605791092,0.6293706297874451,0.5509551167488098
YHR114W,YNL118C,0,-0.89885736,0.10260586440563202,0.6293706297874451,0.5510551333427429
YNL190W,YKL006W,0,-0.89893913,0.10258915275335312,0.6293706297874451,0.5511550903320312
YEL005C,YNL111C,0,-0.89900756,0.10257244855165482,0.6293706297874451,0.5512551069259644
YLR185W,YIL011W,0,-0.8990277,0.10255575180053711,0.6293706297874451,0.5513551235198975
YKR034W,YOR335C,0,-0.89903474,0.1025390625,0.6293706297874451,0.5514551401138306
YPR055W,YKL005C,0,-0.89904344,0.10252237319946289,0.6293706297874451,0.5515551567077637
YML045W,YBR049C,0,-0.89911187,0.10250569134950638,0.6293706297874451,0.5516551733016968
YLR193C,YNL278W,0,-0.8991358,0.10248901695013046,0.6293706297874451,0.5517551898956299
YCR107W,YER056C,0,-0.8992367,0.10247235000133514,0.6293706297874451,0.551855206489563
YIL007C,YLR333C,0,-0.8993194,0.10245568305253983,0.6293706297874451,0.5519552230834961
YER149C,YGR097W,0,-0.8993248,0.1024390235543251,0.6293706297874451,0.5520551800727844
YDR280W,YBL038W,0,-0.8994349,0.10242237150669098,0.6293706297874451,0.5521551966667175
YEL013W,YDR495C,1,-0.8995718,0.10256826877593994,0.6303696036338806,0.5521551966667175
YGR202C,YOR026W,0,-0.89961934,0.10255160182714462,0.6303696036338806,0.5522552132606506
YOR157C,YAL026C,0,-0.8996396,0.1025349348783493,0.6303696036338806,0.5523552298545837
YNR024W,YPR100W,0,-0.899663,0.10251827538013458,0.6303696036338806,0.5524552464485168
YLR223C,YKR100C,0,-0.89986527,0.10250162333250046,0.6303696036338806,0.55255526304245
YLR054C,YGL192W,0,-0.89991534,0.10248497873544693,0.6303696036338806,0.5526552796363831
YKL191W,YLR284C,0,-0.89992166,0.1024683341383934,0.6303696036338806,0.5527552962303162
YNL015W,YNL054W,1,-0.8999404,0.10261406004428864,0.6313686370849609,0.5527552962303162
YOL023W,YGR017W,0,-0.89995587,0.10259740054607391,0.6313686370849609,0.5528553128242493
YFL025C,YKL149C,0,-0.9000658,0.10258074849843979,0.6313686370849609,0.5529552698135376
YPL210C,YDR301W,0,-0.90007675,0.10256410390138626,0.6313686370849609,0.5530552864074707
YOR207C,YFL056C,0,-0.90012836,0.10254745930433273,0.6313686370849609,0.5531553030014038
YHR194W,YBR089C-A,0,-0.90027833,0.1025308221578598,0.6313686370849609,0.5532553195953369
YMR234W,YHR146W,0,-0.90032256,0.10251419246196747,0.6313686370849609,0.55335533618927
YIL037C,YHL003C,0,-0.90048337,0.10249757021665573,0.6313686370849609,0.5534553527832031
YJL054W,YNL066W,0,-0.9004986,0.102480947971344,0.6313686370849609,0.5535553693771362
YNL263C,YDR317W,0,-0.9009881,0.10246433317661285,0.6313686370849609,0.5536553859710693
YBR189W,YMR237W,0,-0.9009924,0.10244772583246231,0.6313686370849609,0.5537554025650024
YPL036W,YBR086C,0,-0.9010024,0.10243111848831177,0.6313686370849609,0.5538553595542908
YDR301W,YNR033W,0,-0.90107775,0.10241451859474182,0.6313686370849609,0.5539553761482239
YOL020W,YGR080W,0,-0.90110683,0.10239792615175247,0.6313686370849609,0.554055392742157
YDR482C,YDR091C,0,-0.90111375,0.10238134115934372,0.6313686370849609,0.5541554093360901
YGL098W,YLR259C,0,-0.90114164,0.10236475616693497,0.6313686370849609,0.5542554259300232
YHR174W,YBR109C,1,-0.90125155,0.10251012444496155,0.6323676109313965,0.5542554259300232
YER028C,YPL043W,0,-0.90128255,0.1024935245513916,0.6323676109313965,0.5543554425239563
YMR091C,YDL211C,0,-0.901369,0.10247693210840225,0.6323676109313965,0.5544554591178894
YBR005W,YPL097W,0,-0.9013752,0.1024603396654129,0.6323676109313965,0.5545554757118225
YNR038W,YIL043C,0,-0.9013834,0.10244376212358475,0.6323676109313965,0.5546554923057556
YKL138C,YJR050W,0,-0.9013994,0.10242718458175659,0.6323676109313965,0.554755449295044
YDL100C,YBL014C,0,-0.90140927,0.10241061449050903,0.6323676109313965,0.554855465888977
YER100W,YER093C,0,-0.9014654,0.10239404439926147,0.6323676109313965,0.5549554824829102
YNL250W,YBR060C,0,-0.9014894,0.10237748920917511,0.6323676109313965,0.5550554990768433
YLR185W,YGR129W,0,-0.90157807,0.10236093401908875,0.6323676109313965,0.5551555156707764
YJR132W,YOR132W,0,-0.90158665,0.10234437882900238,0.6323676109313965,0.5552555322647095
YOL061W,YDR437W,0,-0.9016907,0.10232783854007721,0.6323676109313965,0.5553555488586426
YML100W,YOR253W,0,-0.90174866,0.10231129825115204,0.6323676109313965,0.5554555654525757
YFR010W,YKL077W,0,-0.90185046,0.10229476541280746,0.6323676109313965,0.5555555820465088
YJL183W,YDR105C,0,-0.9019648,0.10227823257446289,0.6323676109313965,0.5556555390357971
YJR109C,YKL196C,0,-0.9020653,0.10226171463727951,0.6323676109313965,0.5557555556297302
YLR234W,YBR034C,0,-0.90214646,0.10224519670009613,0.6323676109313965,0.5558555722236633
YIL106W,YCR086W,0,-0.9022188,0.10222867876291275,0.6323676109313965,0.5559555888175964
YBR268W,YDR284C,0,-0.90238893,0.10221217572689056,0.6323676109313965,0.5560556054115295
YPL004C,YGR055W,0,-0.90249395,0.10219567269086838,0.6323676109313965,0.5561556220054626
YPL141C,YDR078C,0,-0.9025153,0.10217917710542679,0.6323676109313965,0.5562556385993958
YGR202C,YOR193W,0,-0.90256274,0.1021626889705658,0.6323676109313965,0.5563556551933289
YER072W,YBL035C,0,-0.90266883,0.1021462008357048,0.6323676109313965,0.556455671787262
YBL051C,YDR176W,0,-0.9026878,0.10212972015142441,0.6323676109313965,0.5565556287765503
YOR264W,YPR133C,0,-0.9027374,0.10211324691772461,0.6323676109313965,0.5566556453704834
YBL080C,YGR296W,0,-0.90285826,0.10209677368402481,0.6323676109313965,0.5567556619644165
YJL078C,YDR517W,0,-0.90290546,0.10208030790090561,0.6323676109313965,0.5568556785583496
YOL076W,YFR034C,0,-0.90292084,0.102063849568367,0.6323676109313965,0.5569556951522827
YKL048C,YHR114W,0,-0.90297437,0.102047398686409,0.6323676109313965,0.5570557117462158
YDR287W,YAL068C,0,-0.903234,0.10203094780445099,0.6323676109313965,0.5571557283401489
YOL132W,YML055W,0,-0.9033884,0.10201450437307358,0.6323676109313965,0.557255744934082
YOR267C,YNL048W,0,-0.9033898,0.10199806839227676,0.6323676109313965,0.5573557615280151
YDL072C,YHL006C,0,-0.90350795,0.10198163241147995,0.6323676109313965,0.5574557185173035
YCR065W,YLR259C,0,-0.9035121,0.10196520388126373,0.6323676109313965,0.5575557351112366
YPL183C,YPL189W,0,-0.90360034,0.10194878280162811,0.6323676109313965,0.5576557517051697
YER063W,YPL189W,0,-0.9036877,0.10193236917257309,0.6323676109313965,0.5577557682991028
YCL017C,YJL179W,0,-0.90390325,0.10191595554351807,0.6323676109313965,0.5578557848930359
YMR232W,YOR341W,0,-0.90391004,0.10189954936504364,0.6323676109313965,0.557955801486969
YDR129C,YDR078C,0,-0.90403426,0.10188315063714981,0.6323676109313965,0.5580558180809021
YBR109C,YBR105C,1,-0.90403974,0.10202767699956894,0.6333666443824768,0.5580558180809021
YNL199C,YHR194W,0,-0.90423584,0.10201126337051392,0.6333666443824768,0.5581558346748352
YDR268W,YER155C,0,-0.9046658,0.10199484974145889,0.6333666443824768,0.5582558512687683
YBL050W,YNL054W,1,-0.9046713,0.10213929414749146,0.6343656182289124,0.5582558512687683
YDL235C,YPL176C,0,-0.904708,0.10212286561727524,0.6343656182289124,0.5583558082580566
YDR243C,YPL049C,0,-0.9047315,0.10210644453763962,0.6343656182289124,0.5584558248519897
YDR201W,YFR049W,0,-0.9048743,0.1020900309085846,0.6343656182289124,0.5585558414459229
YMR234W,YDR464W,0,-0.9049033,0.10207362473011017,0.6343656182289124,0.558655858039856
YLR148W,YGL180W,1,-0.9049053,0.10221793502569199,0.6353646516799927,0.558655858039856
YMR055C,YGL151W,0,-0.9051068,0.10220151394605637,0.6353646516799927,0.5587558746337891
YIL156W,YER176W,0,-0.9051225,0.10218509286642075,0.6353646516799927,0.5588558912277222
YOR273C,YJL216C,0,-0.9051415,0.10216867178678513,0.6353646516799927,0.5589559078216553
YPR105C,YBR193C,0,-0.90518713,0.1021522656083107,0.6353646516799927,0.5590559244155884
YKL069W,YML016C,0,-0.9052415,0.10213585942983627,0.6353646516799927,0.5591559410095215
YFL026W,YMR091C,0,-0.9054481,0.10211946070194244,0.6353646516799927,0.5592558979988098
YOR156C,YFL049W,0,-0.9055221,0.10210306942462921,0.6353646516799927,0.5593559145927429
YFL056C,YDR200C,0,-0.9057523,0.10208667814731598,0.6353646516799927,0.559455931186676
YPL224C,YAL068C,0,-0.9057659,0.10207029432058334,0.6353646516799927,0.5595559477806091
YAL048C,YGR057C,0,-0.9059464,0.1020539179444313,0.6353646516799927,0.5596559643745422
YLR118C,YDR528W,0,-0.9060676,0.10203754156827927,0.6353646516799927,0.5597559809684753
YLR386W,YPR049C,1,-0.906131,0.1021815836429596,0.6363636255264282,0.5597559809684753
YDR303C,YLR337C,0,-0.9062363,0.10216519981622696,0.6363636255264282,0.5598559975624084
YAL040C,YDR126W,1,-0.9062927,0.10230917483568192,0.6373626589775085,0.5598559975624084
YOR018W,YDL072C,0,-0.9064398,0.10229276865720749,0.6373626589775085,0.5599560141563416
YGL005C,YHR142W,0,-0.9065957,0.10227636992931366,0.6373626589775085,0.5600560307502747
YLR426W,YIL087C,0,-0.90659916,0.10225997865200043,0.6373626589775085,0.560155987739563
YMR015C,YHR014W,0,-0.90666246,0.1022435873746872,0.6373626589775085,0.5602560043334961
YBR054W,YDR160W,0,-0.90671396,0.10222720354795456,0.6373626589775085,0.5603560209274292
YNL118C,YOR059C,0,-0.906726,0.10221082717180252,0.6373626589775085,0.5604560375213623
YJL183W,YDL124W,0,-0.9068537,0.10219445824623108,0.6373626589775085,0.5605560541152954
YHR033W,YML081W,0,-0.9068872,0.10217808932065964,0.6373626589775085,0.5606560707092285
YML067C,YER062C,0,-0.9070685,0.10216172784566879,0.6373626589775085,0.5607560873031616
YDR345C,YFL049W,0,-0.90719366,0.10214537382125854,0.6373626589775085,0.5608561038970947
YIL075C,YGR080W,0,-0.9072168,0.1021290197968483,0.6373626589775085,0.5609561204910278
YPL004C,YDR469W,0,-0.90728414,0.10211267322301865,0.6373626589775085,0.5610560774803162
YOL042W,YJR046W,0,-0.90729547,0.10209633409976959,0.6373626589775085,0.5611560940742493
YDL160C,YOR357C,0,-0.90731,0.10208000242710114,0.6373626589775085,0.5612561106681824
YLR411W,YHL025W,0,-0.90739334,0.10206367075443268,0.6373626589775085,0.5613561272621155
YML061C,YEL006W,0,-0.9074578,0.10204734653234482,0.6373626589775085,0.5614561438560486
YHR148W,YHR214W,0,-0.9076264,0.10203102231025696,0.6373626589775085,0.5615561604499817
YBL087C,YNL181W,0,-0.9076878,0.10201471298933029,0.6373626589775085,0.5616561770439148
YER176W,YPL239W,0,-0.9078449,0.10199840366840363,0.6373626589775085,0.5617561936378479
YNL242W,YER072W,1,-0.9078535,0.10214194655418396,0.6383616328239441,0.5617561936378479
YJR102C,YCL029C,0,-0.9079797,0.1021256223320961,0.6383616328239441,0.561856210231781
YDR430C,YIR031C,0,-0.9080949,0.10210929811000824,0.6383616328239441,0.5619561672210693
YGR266W,YLR363C,0,-0.9081539,0.10209298878908157,0.6383616328239441,0.5620561838150024
YNL214W,YOR359W,0,-0.9082122,0.10207667946815491,0.6383616328239441,0.5621562004089355
YDL093W,YOR249C,0,-0.90826035,0.10206037014722824,0.6383616328239441,0.5622562170028687
YER063W,YER149C,0,-0.90826213,0.10204407572746277,0.6383616328239441,0.5623562335968018
YJR102C,YDR308C,0,-0.908273,0.1020277813076973,0.6383616328239441,0.5624562501907349
YOR081C,YFL049W,0,-0.90828097,0.10201149433851242,0.6383616328239441,0.562556266784668
YML096W,YDL223C,0,-0.908301,0.10199521481990814,0.6383616328239441,0.5626562833786011
YCL051W,YOR113W,0,-0.9086244,0.10197893530130386,0.6383616328239441,0.5627562999725342
YGR217W,YPL040C,0,-0.90865314,0.10196266323328018,0.6383616328239441,0.5628562569618225
YMR274C,YLR054C,0,-0.90875936,0.1019463911652565,0.6383616328239441,0.5629562735557556
YDR468C,YDR004W,0,-0.90879774,0.10193013399839401,0.6383616328239441,0.5630562901496887
YNL317W,YER071C,0,-0.9089042,0.10191387683153152,0.6383616328239441,0.5631563067436218
YOR172W,YPL179W,0,-0.9089283,0.10189762711524963,0.6383616328239441,0.5632563233375549
YOR019W,YLL053C,0,-0.90898705,0.10188137739896774,0.6383616328239441,0.563356339931488
YGL067W,YOR086C,0,-0.90898824,0.10186513513326645,0.6383616328239441,0.5634563565254211
YDR287W,YMR149W,0,-0.9091008,0.10184890031814575,0.6383616328239441,0.5635563731193542
YLR426W,YIL022W,0,-0.90925276,0.10183267295360565,0.6383616328239441,0.5636563897132874
YML023C,YAL019W,0,-0.9093002,0.10181644558906555,0.6383616328239441,0.5637563467025757
YOR326W,YBL078C,1,-0.9093245,0.10195953398942947,0.6393606662750244,0.5637563467025757
YDR201W,YIL011W,0,-0.90936375,0.10194329172372818,0.6393606662750244,0.5638563632965088
YOR156C,YGR083C,0,-0.9096081,0.10192705690860748,0.6393606662750244,0.5639563798904419
YDR189W,YOR383C,0,-0.9097214,0.10191082954406738,0.6393606662750244,0.564056396484375
YDR437W,YBR131W,0,-0.9098475,0.10189460217952728,0.6393606662750244,0.5641564130783081
YGL105W,YPL010W,0,-0.9099686,0.10187838226556778,0.6393606662750244,0.5642564296722412
YAL002W,YOR332W,1,-0.91008663,0.10202132910490036,0.64035964012146,0.5642564296722412
YNL246W,YER127W,0,-0.9102963,0.10200509428977966,0.64035964012146,0.5643564462661743
YBR153W,YHR014W,0,-0.910359,0.10198885947465897,0.64035964012146,0.5644564628601074
YFL056C,YLR367W,0,-0.91056335,0.10197263956069946,0.64035964012146,0.5645564794540405
YHR185C,YKL129C,0,-0.91057205,0.10195641964673996,0.64035964012146,0.5646564364433289
YLR377C,YER167W,0,-0.91071117,0.10194020718336105,0.64035964012146,0.564756453037262
YPL146C,YKL145W,0,-0.9107187,0.10192399471998215,0.64035964012146,0.5648564696311951
YDR004W,YDR406W,0,-0.9107262,0.10190778970718384,0.64035964012146,0.5649564862251282
YHR148W,YDL076C,0,-0.91076434,0.10189159214496613,0.64035964012146,0.5650565028190613
YGL212W,YNR007C,1,-0.91080165,0.10203433036804199,0.6413586139678955,0.5650565028190613
YKL058W,YIL130W,0,-0.9109328,0.10201811790466309,0.6413586139678955,0.5651565194129944
YBR153W,YGR217W,0,-0.91105306,0.10200190544128418,0.6413586139678955,0.5652565360069275
YMR232W,YML127W,0,-0.9111841,0.10198570042848587,0.6413586139678955,0.5653565526008606
YOR316C,YDR092W,0,-0.911335,0.10196950286626816,0.6413586139678955,0.5654565691947937
YDL189W,YLR092W,0,-0.91141653,0.10195331275463104,0.6413586139678955,0.565556526184082
YDR129C,YJR120W,0,-0.9115282,0.10193712264299393,0.6413586139678955,0.5656565427780151
YHR001W-A,YBR049C,0,-0.9115844,0.10192093998193741,0.6413586139678955,0.5657565593719482
YER028C,YNR033W,0,-0.91159034,0.10190476477146149,0.6413586139678955,0.5658565759658813
YGL096W,YCL054W,0,-0.91159487,0.10188858956098557,0.6413586139678955,0.5659565925598145
YCR107W,YDL247W,0,-0.9116596,0.10187242180109024,0.6413586139678955,0.5660566091537476
YNL240C,YKL005C,0,-0.91173255,0.10185626149177551,0.6413586139678955,0.5661566257476807
YNL062C,YBR015C,0,-0.9117727,0.10184010118246078,0.6413586139678955,0.5662566423416138
YPL141C,YER032W,0,-0.91180336,0.10182394832372665,0.6413586139678955,0.5663566589355469
YML100W,YEL019C,0,-0.9119414,0.10180780291557312,0.6413586139678955,0.5664566159248352
YIL130W,YCL039W,0,-0.91196954,0.10179165750741959,0.6413586139678955,0.5665566325187683
YLR223C,YLR382C,0,-0.9119967,0.10177551954984665,0.6413586139678955,0.5666566491127014
YPL116W,YJR084W,0,-0.9120711,0.10175938904285431,0.6413586139678955,0.5667566657066345
YCL017C,YBR211C,0,-0.9122671,0.10174326598644257,0.6413586139678955,0.5668566823005676
YBR153W,YLR333C,0,-0.91246605,0.10172714293003082,0.6413586139678955,0.5669566988945007
YFR010W,YNL041C,0,-0.9125221,0.10171102732419968,0.6413586139678955,0.5670567154884338
YKL110C,YHR133C,0,-0.9125308,0.10169491171836853,0.6413586139678955,0.5671567320823669
YDR367W,YOR319W,0,-0.9125718,0.10167881101369858,0.6413586139678955,0.5672567486763
YOR258W,YPL156C,0,-0.9126389,0.10166271030902863,0.6413586139678955,0.5673567652702332
YBR080C,YEL013W,1,-0.91270316,0.1018049418926239,0.6423576474189758,0.5673567652702332
YER007C-A,YNR019W,0,-0.91281986,0.10178882628679276,0.6423576474189758,0.5674567222595215
YDL235C,YPL234C,0,-0.9128512,0.10177271068096161,0.6423576474189758,0.5675567388534546
YPR199C,YLR019W,0,-0.9130086,0.10175660997629166,0.6423576474189758,0.5676567554473877
YLR288C,YBR149W,0,-0.91301286,0.1017405092716217,0.6423576474189758,0.5677567720413208
YIL037C,YJR035W,0,-0.91305554,0.10172440856695175,0.6423576474189758,0.5678567886352539
YGL139W,YGR005C,0,-0.9130565,0.101708322763443,0.6423576474189758,0.567956805229187
YGR055W,YKL134C,0,-0.91313326,0.10169223695993423,0.6423576474189758,0.5680568218231201
YHR103W,YGR283C,0,-0.9131465,0.10167615115642548,0.6423576474189758,0.5681568384170532
YGR024C,YBR091C,0,-0.9131608,0.10166008025407791,0.6423576474189758,0.5682568550109863
YNL223W,YEL013W,1,-0.9132662,0.10180208832025528,0.6433566212654114,0.5682568550109863
YDR244W,YIL033C,0,-0.9133352,0.10178599506616592,0.6433566212654114,0.5683568120002747
YCL064C,YDR317W,0,-0.9133704,0.10176990926265717,0.6433566212654114,0.5684568285942078
YEL001C,YDL031W,0,-0.91345537,0.101753830909729,0.6433566212654114,0.5685568451881409
YOR267C,YHR111W,0,-0.9134605,0.10173776000738144,0.6433566212654114,0.568656861782074
YMR059W,YOR341W,0,-0.91347873,0.10172168910503387,0.6433566212654114,0.5687568783760071
YGL095C,YDR126W,1,-0.91363966,0.1018635481595993,0.6443556547164917,0.5687568783760071
YFL004W,YBR105C,1,-0.9137324,0.10200536996126175,0.6453546285629272,0.5687568783760071
YGR244C,YCR024C,0,-0.9137862,0.1019892618060112,0.6453546285629272,0.5688568949699402
YBR069C,YBR049C,0,-0.9139794,0.10197316855192184,0.6453546285629272,0.5689569115638733
YDR078C,YNL214W,0,-0.91403675,0.10195706784725189,0.6453546285629272,0.5690569281578064
YNL250W,YNL036W,0,-0.9141238,0.10194098204374313,0.6453546285629272,0.5691569447517395
YIL068C,YNL288W,0,-0.914364,0.10192489624023438,0.6453546285629272,0.5692569017410278
YER056C,YFL026W,0,-0.9145241,0.10190881788730621,0.6453546285629272,0.5693569183349609
YBR188C,YJL168C,0,-0.9147173,0.10189274698495865,0.6453546285629272,0.569456934928894
YGR178C,YDR359C,0,-0.91472757,0.10187667608261108,0.6453546285629272,0.5695569515228271
YGL144C,YBR301W,0,-0.9147799,0.10186061263084412,0.6453546285629272,0.5696569681167603
YLL066C,YPR199C,0,-0.914814,0.10184455662965775,0.6453546285629272,0.5697569847106934
YOR132W,YJL196C,0,-0.9148507,0.10182850062847137,0.6453546285629272,0.5698570013046265
YEL018W,YJL089W,0,-0.9150336,0.1018124520778656,0.6453546285629272,0.5699570178985596
YIL119C,YIL130W,0,-0.9150882,0.10179640352725983,0.6453546285629272,0.5700570344924927
YML098W,YPL115C,0,-0.91528606,0.10178036987781525,0.6453546285629272,0.570156991481781
YMR175W,YGR129W,0,-0.9155358,0.10176433622837067,0.6453546285629272,0.5702570080757141
YOL042W,YNR059W,0,-0.9155674,0.10174831002950668,0.6453546285629272,0.5703570246696472
YOL020W,YGL151W,0,-0.91564083,0.1017322838306427,0.6453546285629272,0.5704570412635803
YDR469W,YKL060C,0,-0.91570795,0.10171626508235931,0.6453546285629272,0.5705570578575134
YJL003W,YGL078C,0,-0.91594553,0.10170025378465652,0.6453546285629272,0.5706570744514465
YNL142W,YDL149W,0,-0.9160577,0.10168424248695374,0.6453546285629272,0.5707570910453796
YDL077C,YCL063W,1,-0.9164134,0.10182562470436096,0.6463536620140076,0.5707570910453796
YKR093W,YPL178W,0,-0.9164367,0.10180959850549698,0.6463536620140076,0.5708571076393127
YER093C,YDR045C,0,-0.9164554,0.10179357975721359,0.6463536620140076,0.5709571242332458
YDR439W,YDL134C,0,-0.9164598,0.1017775684595108,0.6463536620140076,0.5710570812225342
YIL075C,YDL031W,0,-0.91646206,0.10176155716180801,0.6463536620140076,0.5711570978164673
YML107C,YMR110C,0,-0.9165119,0.10174556076526642,0.6463536620140076,0.5712571144104004
YMR076C,YDL106C,0,-0.91662335,0.10172955691814423,0.6463536620140076,0.5713571310043335
YBL031W,YMR183C,0,-0.91664267,0.10171356797218323,0.6463536620140076,0.5714571475982666
YDL081C,YKR099W,0,-0.91670895,0.10169757902622223,0.6463536620140076,0.5715571641921997
YIL056W,YPL176C,0,-0.9168793,0.10168159753084183,0.6463536620140076,0.5716571807861328
YJL096W,YDR122W,0,-0.9168974,0.10166561603546143,0.6463536620140076,0.5717571973800659
YAL056W,YER155C,0,-0.9169979,0.10164964944124222,0.6463536620140076,0.571857213973999
YOR264W,YLR093C,0,-0.9171437,0.10163367539644241,0.6463536620140076,0.5719571709632874
YPL171C,YFR030W,0,-0.91718173,0.1016177162528038,0.6463536620140076,0.5720571875572205
YML004C,YGL107C,0,-0.9172493,0.10160175710916519,0.6463536620140076,0.5721572041511536
YPR175W,YDR517W,0,-0.9172907,0.10158580541610718,0.6463536620140076,0.5722572207450867
YKL006C-A,YPL063W,0,-0.9173006,0.10156986117362976,0.6463536620140076,0.5723572373390198
YLL031C,YJL058C,0,-0.9173143,0.10155391693115234,0.6463536620140076,0.5724572539329529
YOR002W,YML102W,0,-0.9173372,0.10153798013925552,0.6463536620140076,0.572557270526886
YNR048W,YDR463W,0,-0.9173589,0.1015220433473587,0.6463536620140076,0.5726572871208191
YLR345W,YOR357C,0,-0.9174323,0.10150612145662308,0.6463536620140076,0.5727573037147522
YOR027W,YCR038C,0,-0.9175582,0.10149019956588745,0.6463536620140076,0.5728572607040405
YNL020C,YGL238W,0,-0.91758883,0.10147427767515182,0.6463536620140076,0.5729572772979736
YCL044C,YDL117W,0,-0.9176829,0.1014583632349968,0.6463536620140076,0.5730572938919067
YBL050W,YOR326W,1,-0.9177618,0.10159924626350403,0.6473526358604431,0.5730572938919067
YOR227W,YIL005W,0,-0.91784155,0.1015833169221878,0.6473526358604431,0.5731573104858398
YLL067C,YFR053C,0,-0.9179007,0.10156739503145218,0.6473526358604431,0.573257327079773
YAL048C,YKR088C,0,-0.91790473,0.10155148059129715,0.6473526358604431,0.573357343673706
YJL078C,YER044C-A,0,-0.91798997,0.10153556615114212,0.6473526358604431,0.5734573602676392
YDR004W,YBR146W,0,-0.9181446,0.10151965916156769,0.6473526358604431,0.5735573768615723
YBR279W,YDR301W,0,-0.9183804,0.10150375962257385,0.6473526358604431,0.5736573934555054
YGL092W,YNR071C,0,-0.9184172,0.10148786008358002,0.6473526358604431,0.5737573504447937
YLL018C,YBR101C,0,-0.91858923,0.10147196799516678,0.6473526358604431,0.5738573670387268
YDR309C,YHR096C,0,-0.91864777,0.10145608335733414,0.6473526358604431,0.5739573836326599
YGR178C,YLR001C,0,-0.9187081,0.1014401987195015,0.6473526358604431,0.574057400226593
YDR009W,YCR038C,0,-0.91885376,0.10142432153224945,0.6473526358604431,0.5741574168205261
YKL033W,YHR024C,0,-0.9188955,0.101408451795578,0.6473526358604431,0.5742574334144592
YMR158W,YNL094W,0,-0.91892195,0.10139258205890656,0.6473526358604431,0.5743574500083923
YPL209C,YMR215W,0,-0.91899323,0.1013767197728157,0.6473526358604431,0.5744574666023254
YJL078C,YLR220W,0,-0.9191433,0.10136086493730545,0.6473526358604431,0.5745574831962585
YOR191W,YPR034W,0,-0.9192178,0.1013450101017952,0.6473526358604431,0.5746574401855469
YMR175W,YKL081W,0,-0.9192263,0.10132916271686554,0.6473526358604431,0.57475745677948
YDL106C,YLR328W,0,-0.91924787,0.10131332278251648,0.6473526358604431,0.5748574733734131
YNL025C,YDR045C,0,-0.91928256,0.10129748284816742,0.6473526358604431,0.5749574899673462
YOL020W,YNL263C,0,-0.9192859,0.10128165036439896,0.6473526358604431,0.5750575065612793
YDR129C,YML082W,0,-0.91930854,0.10126582533121109,0.6473526358604431,0.5751575231552124
YBR085W,YIL043C,0,-0.91941524,0.10125000029802322,0.6473526358604431,0.5752575397491455
YGR205W,YDR398W,0,-0.9194213,0.10123418271541595,0.6473526358604431,0.5753575563430786
YJR035W,YGR083C,0,-0.91943085,0.10121837258338928,0.6473526358604431,0.5754575729370117
YKR077W,YNR033W,0,-0.91950774,0.10120256245136261,0.6473526358604431,0.5755575299263
YKL155C,YKL005C,0,-0.9197068,0.10118675976991653,0.6473526358604431,0.5756575465202332
YKR053C,YNR071C,0,-0.9197662,0.10117095708847046,0.6473526358604431,0.5757575631141663
YIL052C,YHR157W,0,-0.91996896,0.10115516930818558,0.6473526358604431,0.5758575797080994
YFL004W,YDR495C,1,-0.920261,0.10129545629024506,0.6483516693115234,0.5758575797080994
YGR204W,YKL138C,0,-0.92027664,0.10127965360879898,0.6483516693115234,0.5759575963020325
YLL024C,YBR189W,0,-0.9205229,0.1012638509273529,0.6483516693115234,0.5760576128959656
YLR061W,YGR017W,0,-0.9208131,0.10124804824590683,0.6483516693115234,0.5761576294898987
YJL045W,YLR360W,0,-0.9208611,0.10123226046562195,0.6483516693115234,0.5762576460838318
YGR097W,YNL024C,0,-0.92087424,0.10121647268533707,0.6483516693115234,0.5763576626777649
YGL167C,YJL173C,0,-0.92090285,0.10120068490505219,0.6483516693115234,0.5764576196670532
YIL030C,YIL173W,0,-0.9209831,0.1011849045753479,0.6483516693115234,0.5765576362609863
YLL024C,YOR316C,0,-0.92100513,0.10116913169622421,0.6483516693115234,0.5766576528549194
YDR463W,YOR330C,0,-0.92110837,0.10115336626768112,0.6483516693115234,0.5767576694488525
YMR192W,YPL126W,0,-0.92125106,0.10113760083913803,0.6483516693115234,0.5768576860427856
YOR117W,YKL150W,0,-0.9213947,0.10112184286117554,0.6483516693115234,0.5769577026367188
YAL002W,YDR495C,1,-0.92154276,0.10126187652349472,0.649350643157959,0.5769577026367188
YDL235C,YDR004W,0,-0.9216775,0.10124610364437103,0.649350643157959,0.5770577192306519
YBR046C,YLR061W,0,-0.9217732,0.10123033821582794,0.649350643157959,0.577157735824585
YOR372C,YBL063W,0,-0.9217783,0.10121457278728485,0.649350643157959,0.5772577524185181
YOR002W,YFR030W,0,-0.92181957,0.10119881480932236,0.649350643157959,0.5773577094078064
YOR363C,YDL220C,0,-0.921854,0.10118306428194046,0.649350643157959,0.5774577260017395
YMR048W,YJL127C,0,-0.92192495,0.10116731375455856,0.649350643157959,0.5775577425956726
YDR229W,YIL138C,1,-0.9219693,0.10130719095468521,0.6503496766090393,0.5775577425956726
YNL199C,YMR040W,0,-0.92200756,0.10129142552614212,0.6503496766090393,0.5776577591896057
YMR001C,YPL049C,0,-0.92210436,0.10127566754817963,0.6503496766090393,0.5777577757835388
YDR276C,YCL048W,0,-0.92213297,0.10125991702079773,0.6503496766090393,0.5778577923774719
YDR204W,YLR200W,0,-0.9221842,0.10124416649341583,0.6503496766090393,0.577957808971405
YGL028C,YMR153W,0,-0.9221846,0.10122842341661453,0.6503496766090393,0.5780578255653381
YHR185C,YKL132C,0,-0.92220926,0.10121268779039383,0.6503496766090393,0.5781578421592712
YAL030W,YHL025W,0,-0.9222493,0.10119695216417313,0.6503496766090393,0.5782577991485596
YPR106W,YPL224C,0,-0.92248654,0.10118122398853302,0.6503496766090393,0.5783578157424927
YDR528W,YPL156C,0,-0.922523,0.10116550326347351,0.6503496766090393,0.5784578323364258
YMR158W,YNL164C,0,-0.92261624,0.101149782538414,0.6503496766090393,0.5785578489303589
YAR033W,YBR162C,0,-0.9226209,0.10113406926393509,0.6503496766090393,0.578657865524292
YLR006C,YKL040C,0,-0.9226433,0.10111836344003677,0.6503496766090393,0.5787578821182251
YGL243W,YML004C,0,-0.92268324,0.10110265761613846,0.6503496766090393,0.5788578987121582
YEL018W,YLR247C,0,-0.92278266,0.10108695924282074,0.6503496766090393,0.5789579153060913
YDR469W,YGR094W,0,-0.92293406,0.10107126086950302,0.6503496766090393,0.5790579319000244
YDR406W,YJL216C,0,-0.92317045,0.1010555699467659,0.6503496766090393,0.5791578888893127
YNL328C,YDL243C,0,-0.92326534,0.10103988647460938,0.6503496766090393,0.5792579054832458
YPR143W,YNL288W,0,-0.9232825,0.10102421045303345,0.6503496766090393,0.579357922077179
YDL106C,YGR097W,0,-0.92329097,0.10100853443145752,0.6503496766090393,0.5794579386711121
YBR181C,YPL058C,0,-0.9232987,0.10099286586046219,0.6503496766090393,0.5795579552650452
YDL100C,YER178W,0,-0.9233638,0.10097719728946686,0.6503496766090393,0.5796579718589783
YOL009C,YGL231C,0,-0.9234444,0.10096153616905212,0.6503496766090393,0.5797579884529114
YKR089C,YKL002W,0,-0.92352057,0.10094588249921799,0.6503496766090393,0.5798580050468445
YDR126W,YFL039C,1,-0.9235972,0.10108526796102524,0.6513486504554749,0.5798580050468445
YHR103W,YPR148C,0,-0.9236219,0.10106959939002991,0.6513486504554749,0.5799580216407776
YGR080W,YMR002W,0,-0.9238591,0.10105393826961517,0.6513486504554749,0.5800579786300659
YNR019W,YNL065W,0,-0.92397857,0.10103827714920044,0.6513486504554749,0.580157995223999
YBR091C,YDR384C,0,-0.92399263,0.1010226234793663,0.6513486504554749,0.5802580118179321
YDR078C,YOR359W,0,-0.92399764,0.10100696980953217,0.6513486504554749,0.5803580284118652
YDR256C,YPL189W,0,-0.9240961,0.10099132359027863,0.6513486504554749,0.5804580450057983
YLR039C,YMR313C,0,-0.92420065,0.10097568482160568,0.6513486504554749,0.5805580615997314
YFL011W,YHR197W,0,-0.92424333,0.10096004605293274,0.6513486504554749,0.5806580781936646
YER014W,YHR014W,0,-0.9243332,0.10094442218542099,0.6513486504554749,0.5807580947875977
YNL015W,YHR039C-A,1,-0.92449784,0.10108359158039093,0.6523476243019104,0.5807580947875977
YLR324W,YMR074C,0,-0.92456543,0.10106794536113739,0.6523476243019104,0.5808581113815308
YBL035C,YNL251C,0,-0.92457044,0.10105230659246445,0.6523476243019104,0.5809580683708191
YIL075C,YLR061W,0,-0.9245962,0.1010366678237915,0.6523476243019104,0.5810580849647522
YNL328C,YML041C,0,-0.92465127,0.10102103650569916,0.6523476243019104,0.5811581015586853
YGL018C,YMR035W,0,-0.92479336,0.10100541263818741,0.6523476243019104,0.5812581181526184
YIL087C,YNL111C,0,-0.9249091,0.10098979622125626,0.6523476243019104,0.5813581347465515
YLR363C,YDR437W,0,-0.9249135,0.1009741798043251,0.6523476243019104,0.5814581513404846
YDR292C,YPL253C,0,-0.9251741,0.10095856338739395,0.6523476243019104,0.5815581679344177
YLR411W,YBR301W,0,-0.92521405,0.10094296187162399,0.6523476243019104,0.5816581845283508
YLR083C,YNL161W,0,-0.92529,0.10092736035585403,0.6523476243019104,0.5817582011222839
YMR009W,YDR028C,0,-0.9253038,0.10091175884008408,0.6523476243019104,0.5818581581115723
YML023C,YGL129C,0,-0.9253578,0.10089616477489471,0.6523476243019104,0.5819581747055054
YCR036W,YHR133C,0,-0.92539835,0.10088057816028595,0.6523476243019104,0.5820581912994385
YPL209C,YPR169W,0,-0.92546976,0.10086499899625778,0.6523476243019104,0.5821582078933716
YBR043C,YOR117W,0,-0.9255409,0.10084941983222961,0.6523476243019104,0.5822582244873047
YMR234W,YKL060C,0,-0.9257504,0.10083384811878204,0.6523476243019104,0.5823582410812378
YJL186W,YLR093C,0,-0.92580056,0.10081827640533447,0.6523476243019104,0.5824582576751709
YCR045C,YLR248W,0,-0.92581856,0.1008027195930481,0.6523476243019104,0.582558274269104
YOR258W,YLR435W,0,-0.9258418,0.10078715533018112,0.6523476243019104,0.5826582908630371
YAL002W,YIL123W,0,-0.9260316,0.10077160596847534,0.6523476243019104,0.5827582478523254
YGL196W,YBR301W,0,-0.9260535,0.10075605660676956,0.6523476243019104,0.5828582644462585
YLR284C,YGL107C,0,-0.9262191,0.10074051469564438,0.6523476243019104,0.5829582810401917
YPL116W,YDR422C,0,-0.9263334,0.1007249727845192,0.6523476243019104,0.5830582976341248
YKL016C,YAL056W,0,-0.92646205,0.10070943832397461,0.6523476243019104,0.5831583142280579
YML021C,YDR039C,0,-0.92649543,0.10069391131401062,0.6523476243019104,0.583258330821991
YBL080C,YKR064W,0,-0.92666984,0.10067838430404663,0.6523476243019104,0.5833583474159241
YGR202C,YER129W,0,-0.92672217,0.10066286474466324,0.6523476243019104,0.5834583640098572
YDL124W,YDR244W,0,-0.92692685,0.10064735263586044,0.6523476243019104,0.5835583806037903
YHL038C,YBR034C,0,-0.9270506,0.10063184052705765,0.6523476243019104,0.5836583375930786
YGR205W,YAL051W,0,-0.92715967,0.10061633586883545,0.6523476243019104,0.5837583541870117
YNL317W,YBR028C,0,-0.9272182,0.10060083121061325,0.6523476243019104,0.5838583707809448
YOL023W,YPR141C,0,-0.9272554,0.10058533400297165,0.6523476243019104,0.5839583873748779
YML067C,YJL162C,0,-0.9272859,0.10056984424591064,0.6523476243019104,0.584058403968811
YDR168W,YGR122W,0,-0.9274113,0.10055435448884964,0.6523476243019104,0.5841584205627441
YDL189W,YPL175W,0,-0.92748106,0.10053887963294983,0.6523476243019104,0.5842584371566772
YBL080C,YKR089C,0,-0.92749536,0.10052339732646942,0.6523476243019104,0.5843584537506104
YHR035W,YIL053W,0,-0.9275962,0.10050792992115021,0.6523476243019104,0.5844584703445435
YOR087W,YOR236W,0,-0.9276508,0.100492462515831,0.6523476243019104,0.5845584273338318
YMR063W,YPR055W,0,-0.9276538,0.10047699511051178,0.6523476243019104,0.5846584439277649
YBR005W,YMR177W,0,-0.92767525,0.10046153515577316,0.6523476243019104,0.584758460521698
YPR007C,YBR089C-A,0,-0.92770994,0.10044608265161514,0.6523476243019104,0.5848584771156311
YBR080C,YFL004W,1,-0.9277693,0.10058443248271942,0.6533466577529907,0.5848584771156311
YHR150W,YJL069C,0,-0.92777956,0.10056896507740021,0.6533466577529907,0.5849584937095642
YNR048W,YHL028W,0,-0.9278152,0.10055350512266159,0.6533466577529907,0.5850585103034973
YER031C,YPL056C,0,-0.9278817,0.10053804516792297,0.6533466577529907,0.5851585268974304
YER062C,YGR017W,0,-0.92804384,0.10052259266376495,0.6533466577529907,0.5852585434913635
YLR259C,YBR094W,0,-0.92809236,0.10050714761018753,0.6533466577529907,0.5853585600852966
YGR078C,YDR005C,0,-0.92814887,0.10049170255661011,0.6533466577529907,0.585458517074585
YNL051W,YCR024C,0,-0.9282774,0.10047626495361328,0.6533466577529907,0.5855585336685181
YBR029C,YNR059W,0,-0.92833865,0.10046082735061646,0.6533466577529907,0.5856585502624512
YBL007C,YPR046W,0,-0.9284284,0.10044539719820023,0.6533466577529907,0.5857585668563843
YLR277C,YPL203W,0,-0.9285705,0.1004299744963646,0.6533466577529907,0.5858585834503174
YDL087C,YLR067C,0,-0.9287951,0.10041455179452896,0.6533466577529907,0.5859586000442505
YBL056W,YLL021W,0,-0.9289496,0.10039914399385452,0.6533466577529907,0.5860586166381836
YMR243C,YMR322C,0,-0.9290296,0.10038372874259949,0.6533466577529907,0.5861586332321167
YER139C,YDL119C,0,-0.92911434,0.10036832094192505,0.6533466577529907,0.5862586498260498
YCL016C,YKL079W,0,-0.9291364,0.10035292059183121,0.6533466577529907,0.5863586068153381
YLR118C,YKL040C,0,-0.9292408,0.10033752769231796,0.6533466577529907,0.5864586234092712
YLL031C,YDR122W,0,-0.9292793,0.10032213479280472,0.6533466577529907,0.5865586400032043
YJL174W,YKL145W,0,-0.9293783,0.10030674934387207,0.6533466577529907,0.5866586565971375
YLR019W,YDR257C,0,-0.9293946,0.10029136389493942,0.6533466577529907,0.5867586731910706
YPR134W,YER129W,0,-0.9293953,0.10027598589658737,0.6533466577529907,0.5868586897850037
YIL013C,YFR049W,0,-0.9294262,0.10026061534881592,0.6533466577529907,0.5869587063789368
YGL105W,YDL087C,0,-0.9294462,0.10024524480104446,0.6533466577529907,0.5870587229728699
YGR170W,YPL225W,0,-0.92975366,0.10022988170385361,0.6533466577529907,0.587158739566803
YDL154W,YBR301W,0,-0.92976546,0.10021452605724335,0.6533466577529907,0.5872586965560913
YNL029C,YDL076C,0,-0.9298289,0.10019917041063309,0.6533466577529907,0.5873587131500244
YOR049C,YHR214W,0,-0.9298749,0.10018382221460342,0.6533466577529907,0.5874587297439575
YOR068C,YBR034C,0,-0.92988527,0.10016848146915436,0.6533466577529907,0.5875587463378906
YMR225C,YDL117W,0,-0.9299705,0.10015314072370529,0.6533466577529907,0.5876587629318237
YLR377C,YDL012C,0,-0.93024576,0.10013780742883682,0.6533466577529907,0.5877587795257568
YER072W,YIL009W,0,-0.93047774,0.10012247413396835,0.6533466577529907,0.5878587961196899
YDL240W,YPR017C,0,-0.93048334,0.10010714828968048,0.6533466577529907,0.587958812713623
YKL197C,YBR188C,0,-0.93060625,0.1000918298959732,0.6533466577529907,0.5880588293075562
YMR232W,YPL021W,0,-0.93062365,0.10007651150226593,0.6533466577529907,0.5881587862968445
YJL110C,YMR205C,0,-0.9307319,0.10006120055913925,0.6533466577529907,0.5882588028907776
YFR010W,YNL029C,0,-0.9307368,0.10004588961601257,0.6533466577529907,0.5883588194847107
YCR036W,YGR122W,0,-0.9308139,0.10003059357404709,0.6533466577529907,0.5884588360786438
YLR367W,YGL231C,0,-0.9309788,0.10001529008150101,0.6533466577529907,0.5885588526725769
YFR049W,YPL253C,0,-0.9310826,0.10000000149011612,0.6533466577529907,0.58865886926651
YJL054W,YJL197W,0,-0.9311173,0.09998471289873123,0.6533466577529907,0.5887588858604431
YCR031C,YLR007W,0,-0.93113446,0.09996943175792694,0.6533466577529907,0.5888589024543762
YER062C,YEL024W,0,-0.93115985,0.09995415061712265,0.6533466577529907,0.5889589190483093
YLL031C,YMR237W,0,-0.93119514,0.09993887692689896,0.6533466577529907,0.5890589356422424
YLR333C,YKL138C,0,-0.9312041,0.09992360323667526,0.6533466577529907,0.5891588926315308
YPR143W,YHR001W-A,0,-0.9312124,0.09990834444761276,0.6533466577529907,0.5892589092254639
YLR396C,YBR105C,1,-0.9312923,0.1000458225607872,0.6543456315994263,0.5892589092254639
YDL072C,YGL238W,0,-0.93138254,0.10003054141998291,0.6543456315994263,0.589358925819397
YPL115C,YKR007W,0,-0.9314157,0.10001526772975922,0.6543456315994263,0.5894589424133301
YBR107C,YDR317W,0,-0.93152773,0.10000000149011612,0.6543456315994263,0.5895589590072632
YDR372C,YKL155C,0,-0.9316273,0.09998473525047302,0.6543456315994263,0.5896589756011963
YER179W,YPL043W,0,-0.93174577,0.09996947646141052,0.6543456315994263,0.5897589921951294
YDL175C,YDL012C,0,-0.93182814,0.09995421767234802,0.6543456315994263,0.5898590087890625
YOR191W,YDR168W,0,-0.9319216,0.09993896633386612,0.6543456315994263,0.5899590253829956
YOR192C,YDR057W,0,-0.9319439,0.09992372244596481,0.6543456315994263,0.5900589823722839
YNL286W,YEL006W,0,-0.9320092,0.09990847855806351,0.6543456315994263,0.590158998966217
YGL025C,YOR079C,0,-0.93211734,0.0998932421207428,0.6543456315994263,0.5902590155601501
YMR048W,YOR132W,0,-0.93235123,0.09987801313400269,0.6543456315994263,0.5903590321540833
YMR286W,YMR041C,0,-0.9324678,0.09986278414726257,0.6543456315994263,0.5904590487480164
YDR515W,YBR049C,0,-0.93247914,0.09984756261110306,0.6543456315994263,0.5905590653419495
YML023C,YKL002W,0,-0.93262804,0.09983234107494354,0.6543456315994263,0.5906590819358826
YEL027W,YPL019C,1,-0.9326521,0.0999695211648941,0.6553446650505066,0.5906590819358826
YGL073W,YGR082W,0,-0.9326781,0.09995429217815399,0.6553446650505066,0.5907590985298157
YDR495C,YJL012C,1,-0.9327084,0.10009140521287918,0.6563436388969421,0.5907590985298157
YDL077C,YLR423C,1,-0.9328859,0.10022848099470139,0.6573426723480225,0.5907590985298157
YEL048C,YGL127C,0,-0.9329015,0.10021322220563889,0.6573426723480225,0.5908591151237488
YBR060C,YLR115W,0,-0.93293905,0.10019795596599579,0.6573426723480225,0.5909590721130371
YLR102C,YDR105C,0,-0.9329952,0.10018270462751389,0.6573426723480225,0.5910590887069702
YML120C,YLR017W,0,-0.9330684,0.10016745328903198,0.6573426723480225,0.5911591053009033
YNL015W,YEL013W,1,-0.9331019,0.10030441731214523,0.658341646194458,0.5911591053009033
YPR067W,YMR275C,0,-0.9334127,0.10028915107250214,0.658341646194458,0.5912591218948364
YLR085C,YER031C,0,-0.9334879,0.10027389228343964,0.658341646194458,0.5913591384887695
YGL189C,YMR059W,0,-0.9334898,0.10025863349437714,0.658341646194458,0.5914591550827026
YDR463W,YOR103C,0,-0.9335034,0.10024338215589523,0.658341646194458,0.5915591716766357
YLR037C,YOR372C,0,-0.93350756,0.10022813826799393,0.658341646194458,0.5916591882705688
YOR267C,YPR086W,0,-0.93355453,0.10021289438009262,0.658341646194458,0.591759204864502
YGR204W,YIL130W,0,-0.93370855,0.10019765794277191,0.658341646194458,0.5918591618537903
YML100W,YGR202C,0,-0.93375194,0.1001824289560318,0.658341646194458,0.5919591784477234
YBR217W,YJL178C,1,-0.9338037,0.10031919926404953,0.6593406796455383,0.5919591784477234
YHR035W,YHR096C,0,-0.9339875,0.10030394792556763,0.6593406796455383,0.5920591950416565
YOR334W,YNL180C,0,-0.9340588,0.10028871148824692,0.6593406796455383,0.5921592116355896
YNL328C,YNL062C,0,-0.93407595,0.10027347505092621,0.6593406796455383,0.5922592282295227
YBR038W,YKL029C,0,-0.934222,0.1002582386136055,0.6593406796455383,0.5923592448234558
YER159C,YKL114C,0,-0.93443894,0.10024301707744598,0.6593406796455383,0.5924592614173889
YIL120W,YGL078C,0,-0.9344548,0.10022778809070587,0.6593406796455383,0.592559278011322
YPL019C,YMR231W,1,-0.93456924,0.10036440938711166,0.6603396534919739,0.592559278011322
YOR359W,YGR122W,0,-0.93460894,0.10034917294979095,0.6603396534919739,0.5926592946052551
YDR482C,YHR202W,0,-0.9347552,0.10033394396305084,0.6603396534919739,0.5927592515945435
YDL149W,YJL178C,1,-0.93481934,0.10047048330307007,0.6613386869430542,0.5927592515945435
YMR118C,YCL039W,0,-0.9348694,0.10045523196458817,0.6613386869430542,0.5928592681884766
YHR113W,YOR249C,0,-0.93490696,0.10043999552726746,0.6613386869430542,0.5929592847824097
YLR234W,YDR303C,0,-0.93495214,0.10042475908994675,0.6613386869430542,0.5930593013763428
YOR177C,YFR025C,0,-0.93495786,0.10040952265262604,0.6613386869430542,0.5931593179702759
YDL247W,YCR035C,0,-0.93506277,0.10039430111646652,0.6613386869430542,0.593259334564209
YJR048W,YBL091C,0,-0.9350686,0.10037907212972641,0.6613386869430542,0.5933593511581421
YPL225W,YLR001C,0,-0.93517005,0.10036385804414749,0.6613386869430542,0.5934593677520752
YOR334W,YNL294C,0,-0.9351785,0.10034864395856857,0.6613386869430542,0.5935593843460083
YBR153W,YIR019C,0,-0.93525314,0.10033343732357025,0.6613386869430542,0.5936593413352966
YGR170W,YKL043W,0,-0.9354006,0.10031823068857193,0.6613386869430542,0.5937593579292297
YJL012C,YPR169W,0,-0.9354234,0.1003030315041542,0.6613386869430542,0.5938593745231628
YLR220W,YLR007W,0,-0.93553233,0.10028783231973648,0.6613386869430542,0.593959391117096
YBL013W,YBR049C,0,-0.9357381,0.10027264803647995,0.6613386869430542,0.594059407711029
YPR010C,YNR030W,0,-0.9357388,0.10025745630264282,0.6613386869430542,0.5941594243049622
YAL040C,YHR138C,1,-0.9357742,0.10039369761943817,0.6623376607894897,0.5941594243049622
YOL126C,YDL209C,0,-0.93584335,0.10037849843502045,0.6623376607894897,0.5942594408988953
YKL194C,YIR004W,0,-0.9359716,0.10036330670118332,0.6623376607894897,0.5943594574928284
YOR172W,YBR212W,0,-0.9360752,0.10034811496734619,0.6623376607894897,0.5944594740867615
YIL064W,YOR189W,0,-0.9361532,0.10033293068408966,0.6623376607894897,0.5945594310760498
YJR117W,YOR109W,0,-0.9362726,0.10031774640083313,0.6623376607894897,0.5946594476699829
YPR055W,YMR149W,0,-0.9363562,0.1003025695681572,0.6623376607894897,0.594759464263916
YIL154C,YCR065W,0,-0.93646526,0.10028740018606186,0.6623376607894897,0.5948594808578491
YNL103W,YKR089C,0,-0.93663204,0.10027223080396652,0.6623376607894897,0.5949594974517822
YKR075C,YOR060C,0,-0.93663335,0.10025706887245178,0.6623376607894897,0.5950595140457153
YBR208C,YNL066W,0,-0.93674207,0.10024191439151764,0.6623376607894897,0.5951595306396484
YDR127W,YOR249C,0,-0.9369061,0.1002267599105835,0.6623376607894897,0.5952595472335815
YNL045W,YGR003W,0,-0.93694127,0.10021160542964935,0.6623376607894897,0.5953595638275146
YAL011W,YBR295W,0,-0.9370893,0.1001964658498764,0.6623376607894897,0.595459520816803
YPL120W,YDR165W,0,-0.9373137,0.10018132627010345,0.6623376607894897,0.5955595374107361
YML023C,YPL175W,0,-0.93733764,0.1001661866903305,0.6623376607894897,0.5956595540046692
YDR229W,YCL063W,1,-0.93742716,0.10030211508274078,0.6633366346359253,0.5956595540046692
YLR426W,YDL139C,0,-0.9376091,0.10028696805238724,0.6633366346359253,0.5957595705986023
YOL126C,YCR018C,0,-0.9376712,0.10027182102203369,0.6633366346359253,0.5958595871925354
YPL063W,YJR054W,0,-0.937783,0.10025668144226074,0.6633366346359253,0.5959596037864685
YMR101C,YNL214W,0,-0.93797374,0.10024154931306839,0.6633366346359253,0.5960596203804016
YPL209C,YEL018W,0,-0.93801236,0.10022641718387604,0.6633366346359253,0.5961596369743347
YOR193W,YLL016W,0,-0.93808293,0.10021129250526428,0.6633366346359253,0.5962596535682678
YOR065W,YDR430C,0,-0.9381286,0.10019616782665253,0.6633366346359253,0.5963596105575562
YFR010W,YDR328C,0,-0.9383346,0.10018105059862137,0.6633366346359253,0.5964596271514893
YML041C,YER063W,0,-0.9383999,0.1001659408211708,0.6633366346359253,0.5965596437454224
YDR309C,YOR110W,0,-0.9384402,0.10015083104372025,0.6633366346359253,0.5966596603393555
YKR053C,YDR395W,0,-0.9384664,0.10013572871685028,0.6633366346359253,0.5967596769332886
YPL171C,YKL155C,0,-0.93851864,0.10012062638998032,0.6633366346359253,0.5968596935272217
YGL061C,YMR226C,0,-0.9385518,0.10010553151369095,0.6633366346359253,0.5969597101211548
YFR031C-A,YGR017W,0,-0.9386158,0.10009044408798218,0.6633366346359253,0.5970597267150879
YPR128C,YML057W,0,-0.93908393,0.10007535666227341,0.6633366346359253,0.597159743309021
YPL141C,YOR249C,0,-0.93911827,0.10006027668714523,0.6633366346359253,0.5972597002983093
YOR016C,YKR089C,0,-0.93915665,0.10004520416259766,0.6633366346359253,0.5973597168922424
YGR161C,YOR011W,0,-0.93917215,0.10003013163805008,0.6633366346359253,0.5974597334861755
YCL016C,YDL123W,0,-0.93925977,0.1000150591135025,0.6633366346359253,0.5975597500801086
YKL197C,YLR323C,0,-0.93953013,0.10000000149011612,0.6633366346359253,0.5976597666740417
YIL007C,YGR202C,0,-0.93957376,0.09998494386672974,0.6633366346359253,0.5977597832679749
YER159C,YDL123W,0,-0.93962944,0.09996988624334335,0.6633366346359253,0.597859799861908
YOR258W,YDR045C,0,-0.9396421,0.09995483607053757,0.6633366346359253,0.5979598164558411
YER041W,YBR003W,0,-0.93982935,0.09993979334831238,0.6633366346359253,0.5980598330497742
YNL041C,YLR220W,0,-0.9400401,0.09992475807666779,0.6633366346359253,0.5981597900390625
YDR243C,YLR011W,0,-0.94017065,0.0999097228050232,0.6633366346359253,0.5982598066329956
YOR045W,YDL119C,0,-0.9403144,0.0998946875333786,0.6633366346359253,0.5983598232269287
YDL240W,YBR016W,0,-0.94033134,0.0998796597123146,0.6633366346359253,0.5984598398208618
YHR204W,YDR040C,0,-0.94037414,0.09986463934183121,0.6633366346359253,0.5985598564147949
YNL048W,YFR034C,0,-0.9403876,0.0998496264219284,0.6633366346359253,0.598659873008728
YGR204W,YGR165W,0,-0.9404173,0.0998346135020256,0.6633366346359253,0.5987598896026611
YDR517W,YOL059W,0,-0.94042146,0.0998196005821228,0.6633366346359253,0.5988599061965942
YNL156C,YLR435W,0,-0.94060075,0.0998046025633812,0.6633366346359253,0.5989599227905273
YDR309C,YHR138C,0,-0.94061315,0.09978959709405899,0.6633366346359253,0.5990598797798157
YPR068C,YAL068C,0,-0.9406811,0.09977460652589798,0.6633366346359253,0.5991598963737488
YCR063W,YNL065W,0,-0.9408461,0.09975961595773697,0.6633366346359253,0.5992599129676819
YDR323C,YOL122C,0,-0.94084895,0.09974463284015656,0.6633366346359253,0.599359929561615
YIL167W,YDR005C,0,-0.9408728,0.09972964972257614,0.6633366346359253,0.5994599461555481
YDL077C,YER072W,1,-0.9409629,0.09986484795808792,0.6643356680870056,0.5994599461555481
YGR205W,YAL011W,0,-0.94098186,0.09984984993934631,0.6643356680870056,0.5995599627494812
YFL061W,YLR060W,0,-0.9410994,0.0998348593711853,0.6643356680870056,0.5996599793434143
YDR091C,YBL051C,0,-0.9411186,0.09981987625360489,0.6643356680870056,0.5997599959373474
YBR211C,YKR088C,0,-0.94115174,0.09980489313602448,0.6643356680870056,0.5998600125312805
YDR350C,YGL231C,0,-0.94125724,0.09978991746902466,0.6643356680870056,0.5999599695205688
YJR102C,YOR383C,0,-0.94132864,0.09977494180202484,0.6643356680870056,0.600059986114502
YLR075W,YLR299W,0,-0.9413438,0.09975997358560562,0.6643356680870056,0.6001600027084351
YDL091C,YNL068C,0,-0.9413496,0.099745012819767,0.6643356680870056,0.6002600193023682
YPL100W,YPR169W,0,-0.9414052,0.09973005205392838,0.6643356680870056,0.6003600358963013
YLR324W,YHR149C,0,-0.94143856,0.09971509873867035,0.6643356680870056,0.6004600524902344
YDR441C,YGL243W,0,-0.9415375,0.09970015287399292,0.6643356680870056,0.6005600690841675
YOR027W,YBR121C,0,-0.9415773,0.09968520700931549,0.6643356680870056,0.6006600856781006
YBR101C,YDR300C,0,-0.94173765,0.09967026114463806,0.6643356680870056,0.6007601022720337
YBR112C,YOR319W,0,-0.9417865,0.09965533018112183,0.6643356680870056,0.600860059261322
YLL053C,YNL278W,0,-0.9418378,0.09964039921760559,0.6643356680870056,0.6009600758552551
YDR434W,YMR040W,0,-0.9418622,0.09962546825408936,0.6643356680870056,0.6010600924491882
YMR318C,YOR334W,0,-0.9418975,0.09961054474115372,0.6643356680870056,0.6011601090431213
YGR103W,YNL048W,0,-0.9419161,0.09959562867879868,0.6643356680870056,0.6012601256370544
YBR038W,YAL028W,0,-0.94214773,0.09958071261644363,0.6643356680870056,0.6013601422309875
YML011C,YDR005C,0,-0.9423013,0.09956580400466919,0.6643356680870056,0.6014601588249207
YAL019W,YDL211C,0,-0.94234705,0.09955089539289474,0.6643356680870056,0.6015601754188538
YOL076W,YBR254C,0,-0.9424356,0.0995359942317009,0.6643356680870056,0.6016601920127869
YMR232W,YFR040W,0,-0.9424826,0.09952110052108765,0.6643356680870056,0.6017601490020752
YDR323C,YHR080C,0,-0.9426023,0.0995062068104744,0.6643356680870056,0.6018601655960083
YML045W,YOR247W,0,-0.9426179,0.09949132055044174,0.6643356680870056,0.6019601821899414
YDL189W,YPL224C,0,-0.94264114,0.09947644174098969,0.6643356680870056,0.6020601987838745
YOL020W,YPL004C,0,-0.942646,0.09946156293153763,0.6643356680870056,0.6021602153778076
YMR105C,YHR157W,0,-0.94275045,0.09944668412208557,0.6643356680870056,0.6022602319717407
YML086C,YHR170W,0,-0.9427774,0.09943182021379471,0.6643356680870056,0.6023602485656738
YHR111W,YAL056W,0,-0.9429977,0.09941695630550385,0.6643356680870056,0.6024602651596069
YHR035W,YOR129C,0,-0.94299984,0.09940209239721298,0.6643356680870056,0.60256028175354
YIL120W,YIL038C,0,-0.9431826,0.09938723593950272,0.6643356680870056,0.6026602387428284
YKL063C,YLR260W,0,-0.9431946,0.09937238693237305,0.6643356680870056,0.6027602553367615
YGR004W,YLR150W,0,-0.9432752,0.09935753792524338,0.6643356680870056,0.6028602719306946
YKR096W,YKL149C,0,-0.9435055,0.0993426963686943,0.6643356680870056,0.6029602885246277
YHR154W,YER040W,0,-0.943526,0.09932785481214523,0.6643356680870056,0.6030603051185608
YLR167W,YOR081C,0,-0.94359076,0.09931302070617676,0.6643356680870056,0.6031603217124939
YBL005W,YBR045C,0,-0.9436034,0.09929819405078888,0.6643356680870056,0.603260338306427
YER123W,YLR384C,0,-0.9436382,0.099283367395401,0.6643356680870056,0.6033603549003601
YOL051W,YNR059W,0,-0.9436579,0.09926854819059372,0.6643356680870056,0.6034603714942932
YML098W,YNL081C,0,-0.9438727,0.09925372898578644,0.6643356680870056,0.6035603284835815
YDR111C,YLR460C,0,-0.9440638,0.09923891723155975,0.6643356680870056,0.6036603450775146
YLR396C,YLR431C,1,-0.94406843,0.09937331825494766,0.6653346419334412,0.6036603450775146
YBL050W,YBR105C,1,-0.94408417,0.09950768202543259,0.6663336753845215,0.6036603450775146
YPL105C,YGR296W,0,-0.94410396,0.09949284046888351,0.6663336753845215,0.6037603616714478
YLR220W,YPL049C,0,-0.9442971,0.09947799891233444,0.6663336753845215,0.6038603782653809
YGR283C,YPL225W,0,-0.94432104,0.09946316480636597,0.6663336753845215,0.603960394859314
YPL120W,YNL278W,0,-0.9444798,0.09944833815097809,0.6663336753845215,0.6040604114532471
YBR078W,YKL052C,0,-0.94448864,0.09943351149559021,0.6663336753845215,0.6041604280471802
YJR046W,YNL194C,0,-0.9445895,0.09941869229078293,0.6663336753845215,0.6042604446411133
YKL045W,YER041W,0,-0.9446434,0.09940387308597565,0.6663336753845215,0.6043604612350464
YIL154C,YMR002W,0,-0.9447657,0.09938906133174896,0.6663336753845215,0.6044604182243347
YAL028W,YBL051C,0,-0.94476867,0.09937425702810287,0.6663336753845215,0.6045604348182678
YDL105W,YOR059C,0,-0.9448179,0.09935945272445679,0.6663336753845215,0.6046604514122009
YML098W,YGL058W,0,-0.94483566,0.0993446558713913,0.6663336753845215,0.604760468006134
YGR055W,YCR021C,0,-0.9448458,0.0993298590183258,0.6663336753845215,0.6048604846000671
YDR513W,YIL153W,0,-0.9449135,0.09931506961584091,0.6663336753845215,0.6049605011940002
YBR005W,YCR038C,0,-0.94500136,0.09930028021335602,0.6663336753845215,0.6050605177879333
YPL141C,YGR003W,0,-0.94507277,0.09928549826145172,0.6663336753845215,0.6051605343818665
YOR068C,YPL100W,1,-0.9451003,0.09941955655813217,0.667332649230957,0.6051605343818665
YNL243W,YDR204W,0,-0.9451668,0.09940475970506668,0.667332649230957,0.6052605509757996
YML021C,YPR055W,0,-0.94533205,0.09938997030258179,0.667332649230957,0.6053605079650879
YER177W,YHL021C,0,-0.9454596,0.09937518835067749,0.667332649230957,0.605460524559021
YGL095C,YLR093C,1,-0.94557583,0.09950914978981018,0.6683316826820374,0.605460524559021
YNL243W,YFL025C,0,-0.9456986,0.09949434548616409,0.6683316826820374,0.6055605411529541
YGL126W,YNL023C,0,-0.9457718,0.0994795560836792,0.6683316826820374,0.6056605577468872
YHL028W,YEL006W,0,-0.94586575,0.0994647666811943,0.6683316826820374,0.6057605743408203
YPL225W,YNL194C,0,-0.94588494,0.09944997727870941,0.6683316826820374,0.6058605909347534
YDR111C,YHL031C,0,-0.9459522,0.09943519532680511,0.6683316826820374,0.6059606075286865
YLR259C,YPL018W,0,-0.9459653,0.09942042082548141,0.6683316826820374,0.6060606241226196
YDL235C,YDR435C,0,-0.9459747,0.09940564632415771,0.6683316826820374,0.6061606407165527
YNL059C,YHR202W,0,-0.9460448,0.09939087927341461,0.6683316826820374,0.6062605977058411
YPL234C,YOR195W,0,-0.9460566,0.09937611222267151,0.6683316826820374,0.6063606142997742
YDL018C,YDL223C,0,-0.94610214,0.099361352622509,0.6683316826820374,0.6064606308937073
YJR153W,YPR106W,0,-0.9462162,0.0993466004729271,0.6683316826820374,0.6065606474876404
YMR261C,YLR143W,0,-0.94623315,0.09933184832334518,0.6683316826820374,0.6066606640815735
YDR111C,YHR170W,0,-0.94624007,0.09931710362434387,0.6683316826820374,0.6067606806755066
YPR106W,YLR175W,0,-0.94625103,0.09930235892534256,0.6683316826820374,0.6068606972694397
YCL068C,YGL018C,0,-0.9463575,0.09928762167692184,0.6683316826820374,0.6069607138633728
YNL145W,YOR078W,0,-0.9464755,0.09927289187908173,0.6683316826820374,0.6070607304573059
YDR039C,YIR026C,0,-0.94653153,0.09925816208124161,0.6683316826820374,0.6071606874465942
YKL063C,YGL240W,0,-0.9466649,0.09924343228340149,0.6683316826820374,0.6072607040405273
YLR284C,YHR197W,0,-0.9466926,0.09922871738672256,0.6683316826820374,0.6073607206344604
YPR134W,YGR005C,0,-0.946694,0.09921400249004364,0.6683316826820374,0.6074607372283936
YLR377C,YOL011W,0,-0.94674623,0.09919928759336472,0.6683316826820374,0.6075607538223267
YKR075C,YOR266W,0,-0.9467727,0.09918458014726639,0.6683316826820374,0.6076607704162598
YBR005W,YIL144W,0,-0.9468211,0.09916988015174866,0.6683316826820374,0.6077607870101929
YCR016W,YCL067C,0,-0.9468361,0.09915518015623093,0.6683316826820374,0.607860803604126
YOL121C,YLR337C,0,-0.9469112,0.09914048761129379,0.6683316826820374,0.6079608201980591
YKL149C,YHR202W,0,-0.94699275,0.09912579506635666,0.6683316826820374,0.6080607771873474
YOL020W,YIL033C,0,-0.9470347,0.09911110997200012,0.6683316826820374,0.6081607937812805
YPL145C,YLR466W,0,-0.94705033,0.09909643232822418,0.6683316826820374,0.6082608103752136
YML081W,YDR100W,0,-0.94717133,0.09908175468444824,0.6683316826820374,0.6083608269691467
YML057W,YBR045C,0,-0.9471997,0.0990670844912529,0.6683316826820374,0.6084608435630798
YML059C,YGR224W,0,-0.9473866,0.09905241429805756,0.6683316826820374,0.6085608601570129
YDL098C,YIL130W,0,-0.9475646,0.09903775155544281,0.6683316826820374,0.608660876750946
YGR082W,YNR038W,0,-0.94768715,0.09902308881282806,0.6683316826820374,0.6087608933448792
YLR194C,YLL014W,0,-0.94771934,0.09900843352079391,0.6683316826820374,0.6088609099388123
YDL235C,YOR358W,0,-0.9478781,0.09899378567934036,0.6683316826820374,0.6089608669281006
YEL019C,YGL116W,0,-0.94834435,0.09897913783788681,0.6683316826820374,0.6090608835220337
YOR065W,YDL012C,0,-0.9483962,0.09896449744701385,0.6683316826820374,0.6091609001159668
YKR078W,YHR133C,0,-0.9484588,0.0989498570561409,0.6683316826820374,0.6092609167098999
YOR380W,YMR225C,0,-0.9484761,0.09893522411584854,0.6683316826820374,0.609360933303833
YPL133C,YOR250C,0,-0.94849586,0.09892059862613678,0.6683316826820374,0.6094609498977661
YJL096W,YMR230W,0,-0.94859684,0.09890597313642502,0.6683316826820374,0.6095609664916992
YHR111W,YMR002W,0,-0.9486629,0.09889135509729385,0.6683316826820374,0.6096609830856323
YNL326C,YDR126W,1,-0.9487575,0.09902453422546387,0.6693306565284729,0.6096609830856323
YML120C,YDR246W,0,-0.9489497,0.09900990128517151,0.6693306565284729,0.6097609996795654
YBR189W,YGR007W,0,-0.94903576,0.09899526834487915,0.6693306565284729,0.6098609566688538
YHR142W,YNL156C,0,-0.94912064,0.09898065030574799,0.6693306565284729,0.6099609732627869
YDR075W,YHR001W-A,0,-0.949183,0.09896602481603622,0.6693306565284729,0.61006098985672
YER014W,YDR009W,0,-0.9492601,0.09895140677690506,0.6693306565284729,0.6101610064506531
YPR037C,YMR261C,0,-0.94934464,0.09893679618835449,0.6693306565284729,0.6102610230445862
YLR115W,YKL051W,0,-0.9497082,0.09892219305038452,0.6693306565284729,0.6103610396385193
YOR087W,YGR083C,0,-0.9498755,0.09890758991241455,0.6693306565284729,0.6104610562324524
YNL242W,YDR080W,1,-0.9499043,0.09904059022665024,0.6703296899795532,0.6104610562324524
YGR057C,YLR190W,0,-0.9501935,0.09902597218751907,0.6703296899795532,0.6105610728263855
YOR267C,YFR034C,0,-0.95031416,0.0990113615989685,0.6703296899795532,0.6106610894203186
YPR067W,YMR322C,0,-0.95047295,0.09899675101041794,0.6703296899795532,0.6107610464096069
YKR089C,YBL063W,0,-0.95049894,0.09898214787244797,0.6703296899795532,0.61086106300354
YLR148W,YFL004W,1,-0.9505048,0.0991150438785553,0.6713286638259888,0.61086106300354
YDR213W,YOR011W,0,-0.95052934,0.09910042583942413,0.6713286638259888,0.6109610795974731
YNL183C,YNL216W,0,-0.95057416,0.09908581525087357,0.6713286638259888,0.6110610961914062
YER176W,YCR106W,0,-0.950626,0.099071204662323,0.6713286638259888,0.6111611127853394
YFR025C,YGL127C,0,-0.9506525,0.09905660152435303,0.6713286638259888,0.6112611293792725
YFR027W,YDR386W,0,-0.95090127,0.09904200583696365,0.6713286638259888,0.6113611459732056
YNL183C,YBR254C,0,-0.95090723,0.09902741014957428,0.6713286638259888,0.6114611625671387
YMR072W,YGR260W,0,-0.9509789,0.0990128219127655,0.6713286638259888,0.6115611791610718
YKL033W,YPL137C,0,-0.9510026,0.09899823367595673,0.6713286638259888,0.6116611957550049
YPL221W,YPL235W,0,-0.9510238,0.09898365288972855,0.6713286638259888,0.6117611527442932
YGL027C,YER159C,0,-0.95109403,0.09896907210350037,0.6713286638259888,0.6118611693382263
YNL063W,YHL021C,0,-0.9512335,0.09895449876785278,0.6713286638259888,0.6119611859321594
YCL029C,YOR334W,0,-0.9512737,0.0989399328827858,0.6713286638259888,0.6120612025260925
YLR248W,YGR296W,0,-0.95127404,0.09892536699771881,0.6713286638259888,0.6121612191200256
YNL286W,YBR069C,0,-0.9513266,0.09891080111265182,0.6713286638259888,0.6122612357139587
YER060W,YDR257C,0,-0.95151997,0.09889625012874603,0.6713286638259888,0.6123612523078918
YML023C,YDR280W,0,-0.9515346,0.09888169169425964,0.6713286638259888,0.612461268901825
YKR078W,YHR157W,0,-0.95164704,0.09886714816093445,0.6713286638259888,0.6125612854957581
YOR136W,YKR085C,0,-0.9516984,0.09885260462760925,0.6713286638259888,0.6126612424850464
YHR024C,YNL024C,0,-0.951903,0.09883806109428406,0.6713286638259888,0.6127612590789795
YBR043C,YGR211W,0,-0.9520618,0.09882353246212006,0.6713286638259888,0.6128612756729126
YHR088W,YHL003C,0,-0.9520892,0.09880899637937546,0.6713286638259888,0.6129612922668457
YHR204W,YLR234W,0,-0.95230305,0.09879447519779205,0.6713286638259888,0.6130613088607788
YML061C,YOR157C,0,-0.95232,0.09877994656562805,0.6713286638259888,0.6131613254547119
YBL080C,YER040W,0,-0.95235145,0.09876543283462524,0.6713286638259888,0.613261342048645
YKL191W,YDR009W,0,-0.95241296,0.09875091910362244,0.6713286638259888,0.6133613586425781
YOL020W,YDR212W,0,-0.9526249,0.09873640537261963,0.6713286638259888,0.6134613752365112
YLR085C,YHR194W,0,-0.95264256,0.09872190654277802,0.6713286638259888,0.6135613322257996
YCR091W,YMR009W,0,-0.9526614,0.0987074002623558,0.6713286638259888,0.6136613488197327
YDR007W,YBR169C,0,-0.9526789,0.09869290888309479,0.6713286638259888,0.6137613654136658
YDR091C,YKL196C,0,-0.95273066,0.09867841750383377,0.6713286638259888,0.6138613820075989
YLR194C,YBR191W,0,-0.9527643,0.09866392612457275,0.6713286638259888,0.613961398601532
YOR363C,YBR121C,0,-0.9527801,0.09864944219589233,0.6713286638259888,0.6140614151954651
YBR119W,YDR021W,0,-0.9527978,0.09863496571779251,0.6713286638259888,0.6141614317893982
YLL048C,YML101C,0,-0.9528352,0.09862048923969269,0.6713286638259888,0.6142614483833313
YLR352W,YDR437W,0,-0.95285094,0.09860601276159286,0.6713286638259888,0.6143614649772644
YER044C-A,YBR188C,0,-0.95286345,0.09859155118465424,0.6713286638259888,0.6144614219665527
YCR036W,YDR087C,0,-0.9528793,0.0985770896077156,0.6713286638259888,0.6145614385604858
YEL006W,YMR125W,0,-0.95296323,0.09856262803077698,0.6713286638259888,0.614661455154419
YFR027W,YGR017W,0,-0.9529649,0.09854817390441895,0.6713286638259888,0.614761471748352
YDL113C,YNR038W,0,-0.9530059,0.09853372722864151,0.6713286638259888,0.6148614883422852
YHR194W,YBR028C,0,-0.95307934,0.09851928055286407,0.6713286638259888,0.6149615049362183
YNL199C,YDR108W,0,-0.95314753,0.09850483387708664,0.6713286638259888,0.6150615215301514
YOR091W,YDL124W,0,-0.953223,0.0984904021024704,0.6713286638259888,0.6151615381240845
YDL235C,YJR054W,0,-0.95332325,0.09847597032785416,0.6713286638259888,0.6152615547180176
YDR229W,YPL019C,1,-0.95342505,0.09860806167125702,0.6723276972770691,0.6152615547180176
YDR323C,YHR020W,0,-0.95348537,0.09859361499547958,0.6723276972770691,0.6153615117073059
YKR100C,YIL137C,0,-0.9535155,0.09857916831970215,0.6723276972770691,0.615461528301239
YPL058C,YGR142W,0,-0.9535215,0.09856473654508591,0.6723276972770691,0.6155615448951721
YER142C,YBR065C,0,-0.9535537,0.09855029731988907,0.6723276972770691,0.6156615614891052
YLR148W,YNL223W,1,-0.9536004,0.09868228435516357,0.6733266711235046,0.6156615614891052
YIL106W,YNL164C,0,-0.953616,0.09866783767938614,0.6733266711235046,0.6157615780830383
YOL076W,YBR272C,0,-0.95365596,0.0986533984541893,0.6733266711235046,0.6158615946769714
YAL002W,YOL029C,0,-0.95368457,0.09863895922899246,0.6733266711235046,0.6159616112709045
YOR326W,YFL039C,1,-0.9537164,0.09877084940671921,0.6743256449699402,0.6159616112709045
YDR513W,YDR039C,0,-0.9537885,0.09875640273094177,0.6743256449699402,0.6160616278648376
YKR031C,YBL005W,0,-0.95390654,0.09874195605516434,0.6743256449699402,0.6161616444587708
YNL145W,YGR178C,0,-0.95392823,0.0987275093793869,0.6743256449699402,0.6162616014480591
YDR201W,YJL096W,0,-0.9541589,0.09871307760477066,0.6743256449699402,0.6163616180419922
YGL196W,YLL006W,0,-0.9541774,0.09869863837957382,0.6743256449699402,0.6164616346359253
YPL001W,YPL140C,0,-0.9542062,0.09868421405553818,0.6743256449699402,0.6165616512298584
YOR001W,YDR284C,0,-0.954262,0.09866978228092194,0.6743256449699402,0.6166616678237915
YER005W,YDR057W,0,-0.95433354,0.09865536540746689,0.6743256449699402,0.6167616844177246
YLR423C,YPR049C,1,-0.9543729,0.0987870842218399,0.6753246784210205,0.6167616844177246
YJR109C,YER044C-A,0,-0.95439863,0.09877264499664307,0.6753246784210205,0.6168617010116577
YER143W,YKR095W,0,-0.9544294,0.09875822067260742,0.6753246784210205,0.6169617176055908
YOL098C,YBR085W,0,-0.95465946,0.09874378889799118,0.6753246784210205,0.6170617341995239
YBR279W,YOR316C,0,-0.9548038,0.09872937202453613,0.6753246784210205,0.6171616911888123
YGR212W,YGR024C,0,-0.95482135,0.09871495515108109,0.6753246784210205,0.6172617077827454
YPL120W,YNL287W,0,-0.9548391,0.09870053827762604,0.6753246784210205,0.6173617243766785
YDL100C,YCR036W,0,-0.9550282,0.09868612885475159,0.6753246784210205,0.6174617409706116
YOR272W,YLR352W,0,-0.9551264,0.09867172688245773,0.6753246784210205,0.6175617575645447
YML120C,YCL051W,0,-0.9551555,0.09865732491016388,0.6753246784210205,0.6176617741584778
YIL022W,YGL243W,0,-0.95527387,0.09864293038845062,0.6753246784210205,0.6177617907524109
YER100W,YPL140C,0,-0.955281,0.09862853586673737,0.6753246784210205,0.617861807346344
YHL038C,YHL028W,0,-0.95547926,0.0986141487956047,0.6753246784210205,0.6179618239402771
YDR468C,YKR007W,0,-0.955636,0.09859976917505264,0.6753246784210205,0.6180617809295654
YDR129C,YDR259C,0,-0.9556614,0.09858538955450058,0.6753246784210205,0.6181617975234985
YPL224C,YPR105C,0,-0.9556916,0.09857100993394852,0.6753246784210205,0.6182618141174316
YOR158W,YPR046W,0,-0.9559529,0.09855663776397705,0.6753246784210205,0.6183618307113647
YLR194C,YCR021C,0,-0.9559665,0.09854227304458618,0.6753246784210205,0.6184618473052979
YJR102C,YOR060C,0,-0.95598865,0.09852790832519531,0.6753246784210205,0.618561863899231
YPL130W,YNL029C,0,-0.95604086,0.09851355105638504,0.6753246784210205,0.6186618804931641
YBR085W,YOL078W,0,-0.9560772,0.09849920123815536,0.6753246784210205,0.6187618970870972
YHR185C,YJL162C,0,-0.95611966,0.09848485141992569,0.6753246784210205,0.6188619136810303
YJR084W,YPR148C,0,-0.95614445,0.09847050160169601,0.6753246784210205,0.6189618706703186
YPR131C,YHR197W,0,-0.95616317,0.09845615923404694,0.6753246784210205,0.6190618872642517
YNL250W,YDR244W,0,-0.95619535,0.09844182431697845,0.6753246784210205,0.6191619038581848
YIL036W,YDR256C,0,-0.956293,0.09842748939990997,0.6753246784210205,0.6192619204521179
YKL058W,YER060W,0,-0.95631766,0.09841316193342209,0.6753246784210205,0.619361937046051
YAR033W,YBR028C,0,-0.95645213,0.0983988344669342,0.6753246784210205,0.6194619536399841
YKR007W,YHR090C,0,-0.9564718,0.09838451445102692,0.6753246784210205,0.6195619702339172
YMR053C,YPL161C,0,-0.9565284,0.09837019443511963,0.6753246784210205,0.6196619868278503
YOL009C,YPL161C,0,-0.9565339,0.09835588186979294,0.6753246784210205,0.6197620034217834
YDL093W,YOR019W,0,-0.95656085,0.09834157675504684,0.6753246784210205,0.6198619604110718
YLR284C,YJR117W,0,-0.95658934,0.09832727164030075,0.6753246784210205,0.6199619770050049
YDR545W,YNR037C,0,-0.95662296,0.09831297397613525,0.6753246784210205,0.620061993598938
YNL029C,YCR005C,0,-0.9567671,0.09829867631196976,0.6753246784210205,0.6201620101928711
YGL005C,YJL197W,0,-0.9568603,0.09828438609838486,0.6753246784210205,0.6202620267868042
YDL018C,YLR075W,0,-0.956862,0.09827009588479996,0.6753246784210205,0.6203620433807373
YLL024C,YGR244C,0,-0.95687354,0.09825581312179565,0.6753246784210205,0.6204620599746704
YNL020C,YNL063W,0,-0.9569044,0.09824153780937195,0.6753246784210205,0.6205620765686035
YPL234C,YKL058W,0,-0.9569415,0.09822726249694824,0.6753246784210205,0.6206620931625366
YKL129C,YOR271C,0,-0.9570223,0.09821298718452454,0.6753246784210205,0.620762050151825
YDR108W,YJL208C,0,-0.95705354,0.09819871932268143,0.6753246784210205,0.6208620667457581
YPL100W,YFR038W,0,-0.95715904,0.09818445891141891,0.6753246784210205,0.6209620833396912
YPL043W,YLR019W,0,-0.95720124,0.0981701985001564,0.6753246784210205,0.6210620999336243
YLR055C,YPR141C,0,-0.95729506,0.09815594553947449,0.6753246784210205,0.6211621165275574
YFR027W,YJR050W,0,-0.9573171,0.09814169257879257,0.6753246784210205,0.6212621331214905
YOR172W,YHR149C,0,-0.9573581,0.09812744706869125,0.6753246784210205,0.6213621497154236
YGR212W,YLR039C,0,-0.95736825,0.09811320900917053,0.6753246784210205,0.6214621663093567
YEL027W,YLR337C,0,-0.9574189,0.09809897094964981,0.6753246784210205,0.6215621829032898
YKL149C,YLR023C,0,-0.9574493,0.09808473289012909,0.6753246784210205,0.6216621398925781
YBR080C,YPR049C,1,-0.95746994,0.09821557998657227,0.676323652267456,0.6216621398925781
YBR043C,YJR120W,0,-0.95770645,0.09820133447647095,0.676323652267456,0.6217621564865112
YNL243W,YLR234W,0,-0.95771635,0.09818708896636963,0.676323652267456,0.6218621730804443
YOR193W,YOL059W,0,-0.95783377,0.09817285090684891,0.676323652267456,0.6219621896743774
YFR049W,YBL014C,0,-0.9580034,0.09815862029790878,0.676323652267456,0.6220622062683105
YKL080W,YKL196C,0,-0.958043,0.09814438968896866,0.676323652267456,0.6221622228622437
YPL248C,YKR095W,0,-0.95811355,0.09813016653060913,0.676323652267456,0.6222622394561768
YNL199C,YPR128C,0,-0.9581338,0.0981159433722496,0.676323652267456,0.6223622560501099
YGL093W,YGR138C,0,-0.95814,0.09810172766447067,0.676323652267456,0.622462272644043
YKR007W,YOR009W,0,-0.958148,0.09808751195669174,0.676323652267456,0.6225622296333313
YLR377C,YDL093W,0,-0.9582733,0.09807330369949341,0.676323652267456,0.6226622462272644
YNL286W,YDR273W,0,-0.9582745,0.09805909544229507,0.676323652267456,0.6227622628211975
YGR193C,YDR005C,0,-0.95847344,0.09804489463567734,0.676323652267456,0.6228622794151306
YMR262W,YLL057C,0,-0.9584954,0.0980307012796402,0.676323652267456,0.6229622960090637
YNL233W,YKL129C,0,-0.9585277,0.09801650792360306,0.676323652267456,0.6230623126029968
YNL133C,YPR046W,0,-0.9585409,0.09800231456756592,0.676323652267456,0.6231623291969299
YDR375C,YIL087C,0,-0.958581,0.09798812866210938,0.676323652267456,0.623262345790863
YLR102C,YCL016C,0,-0.95872784,0.09797395020723343,0.676323652267456,0.6233623623847961
YMR232W,YKR088C,0,-0.9588287,0.09795977175235748,0.676323652267456,0.6234623193740845
YBL007C,YHL035C,0,-0.9588542,0.09794560074806213,0.676323652267456,0.6235623359680176
YHR150W,YOR254C,0,-0.95909584,0.09793143719434738,0.676323652267456,0.6236623525619507
YPR106W,YBL051C,0,-0.95912814,0.09791726619005203,0.676323652267456,0.6237623691558838
YKR075C,YKR049C,0,-0.9591986,0.09790311008691788,0.676323652267456,0.6238623857498169
YOR157C,YBL047C,0,-0.95938265,0.09788895398378372,0.676323652267456,0.62396240234375
YKR085C,YPL018W,0,-0.95939875,0.09787479788064957,0.676323652267456,0.6240624189376831
YHR039C-A,YPL045W,1,-0.95947707,0.09800520539283752,0.6773226857185364,0.6240624189376831
YDR441C,YOR019W,0,-0.95948553,0.09799104183912277,0.6773226857185364,0.6241624355316162
YDL209C,YOR009W,0,-0.9595357,0.09797687828540802,0.6773226857185364,0.6242624521255493
YNL145W,YIL014W,0,-0.95963895,0.09796272218227386,0.6773226857185364,0.6243624091148376
YNL286W,YLR361C,0,-0.9598105,0.09794856607913971,0.6773226857185364,0.6244624257087708
YHR204W,YIL120W,0,-0.95981646,0.09793442487716675,0.6773226857185364,0.6245624423027039
YLL031C,YDR515W,0,-0.95982563,0.09792027622461319,0.6773226857185364,0.624662458896637
YIL019W,YOL122C,0,-0.95984244,0.09790613502264023,0.6773226857185364,0.6247624754905701
YGL063W,YJR042W,0,-0.95987403,0.09789200127124786,0.6773226857185364,0.6248624920845032
YDR256C,YBR119W,0,-0.96005714,0.0978778675198555,0.6773226857185364,0.6249625086784363
YMR055C,YLR023C,0,-0.9600886,0.09786374121904373,0.6773226857185364,0.6250625252723694
YEL005C,YPR003C,0,-0.96013486,0.09784961491823196,0.6773226857185364,0.6251625418663025
YMR243C,YHR118C,0,-0.96027076,0.0978354960680008,0.6773226857185364,0.6252624988555908
YJR109C,YBL008W,0,-0.9603238,0.09782138466835022,0.6773226857185364,0.6253625154495239
YLR431C,YBR217W,1,-0.96040285,0.09795153141021729,0.6783216595649719,0.6253625154495239
YGR004W,YEL006W,0,-0.9604913,0.09793739765882492,0.6783216595649719,0.625462532043457
YOR068C,YGL085W,0,-0.96064854,0.09792327880859375,0.6783216595649719,0.6255625486373901
YER063W,YER139C,0,-0.9606911,0.09790915995836258,0.6783216595649719,0.6256625652313232
YDR308C,YDR100W,0,-0.9606987,0.09789504110813141,0.6783216595649719,0.6257625818252563
YLR058C,YPL156C,0,-0.9607569,0.09788092970848083,0.6783216595649719,0.6258625984191895
YDR500C,YOR156C,0,-0.9608004,0.09786681830883026,0.6783216595649719,0.6259626150131226
YMR232W,YLR324W,0,-0.9608011,0.09785271435976028,0.6783216595649719,0.6260626316070557
YOR032C,YGR245C,0,-0.9608506,0.0978386178612709,0.6783216595649719,0.626162588596344
YLR386W,YDR495C,1,-0.9611081,0.09796859323978424,0.6793206930160522,0.626162588596344
YDL160C,YLR044C,0,-0.9612181,0.09795448184013367,0.6793206930160522,0.6262626051902771
YDR399W,YPR046W,0,-0.9613079,0.0979403704404831,0.6793206930160522,0.6263626217842102
YER062C,YDR204W,0,-0.9614252,0.09792626649141312,0.6793206930160522,0.6264626383781433
YBR153W,YDR469W,0,-0.96150494,0.09791216999292374,0.6793206930160522,0.6265626549720764
YOR002W,YGR040W,0,-0.96159387,0.09789807349443436,0.6793206930160522,0.6266626715660095
YLR037C,YGR094W,0,-0.9616015,0.09788397699594498,0.6793206930160522,0.6267626881599426
YIL106W,YIR004W,0,-0.9616114,0.0978698879480362,0.6793206930160522,0.6268627047538757
YDR244W,YHL050C,0,-0.96177435,0.09785580635070801,0.6793206930160522,0.6269627213478088
YDR075W,YNL059C,0,-0.9617884,0.09784172475337982,0.6793206930160522,0.6270626783370972
YLR193C,YER038C,0,-0.9620334,0.09782765060663223,0.6793206930160522,0.6271626949310303
YOR068C,YPR131C,0,-0.962216,0.09781357645988464,0.6793206930160522,0.6272627115249634
YJR049C,YCR018C,0,-0.96226394,0.09779950976371765,0.6793206930160522,0.6273627281188965
YJR050W,YCR038C,0,-0.96257114,0.09778545051813126,0.6793206930160522,0.6274627447128296
YKL132C,YNL164C,0,-0.96272755,0.09777138382196426,0.6793206930160522,0.6275627613067627
YDR189W,YHR090C,0,-0.96288395,0.09775733202695847,0.6793206930160522,0.6276627779006958
YKL134C,YBR168W,0,-0.9629036,0.09774328023195267,0.6793206930160522,0.6277627944946289
YMR261C,YDR122W,0,-0.9630997,0.09772923588752747,0.6793206930160522,0.627862811088562
YOR087W,YDR381W,0,-0.96312,0.09771519154310226,0.6793206930160522,0.6279627680778503
YPR067W,YGL238W,0,-0.9631946,0.09770114719867706,0.6793206930160522,0.6280627846717834
YPR017C,YGR120C,0,-0.9632591,0.09768711030483246,0.6793206930160522,0.6281628012657166
YJL054W,YER102W,0,-0.96327233,0.09767308086156845,0.6793206930160522,0.6282628178596497
YJR042W,YPR097W,0,-0.96333325,0.09765905141830444,0.6793206930160522,0.6283628344535828
YDL003W,YOR117W,0,-0.96336114,0.09764502942562103,0.6793206930160522,0.6284628510475159
YHR150W,YNL161W,0,-0.9634018,0.09763101488351822,0.6793206930160522,0.628562867641449
YDR111C,YNL062C,0,-0.9635261,0.0976170003414154,0.6793206930160522,0.6286628842353821
YGL212W,YAL002W,1,-0.9635545,0.09774652123451233,0.6803196668624878,0.6286628842353821
YBR086C,YBR254C,0,-0.96358323,0.09773249179124832,0.6803196668624878,0.6287629008293152
YJR150C,YGR030C,0,-0.96382344,0.09771846979856491,0.6803196668624878,0.6288628578186035
YER007C-A,YDL018C,0,-0.9638759,0.0977044478058815,0.6803196668624878,0.6289628744125366
YBR091C,YDR308C,0,-0.9639839,0.09769043326377869,0.6803196668624878,0.6290628910064697
YCR107W,YBR208C,0,-0.9640156,0.09767641872167587,0.6803196668624878,0.6291629076004028
YGR057C,YER129W,0,-0.9640771,0.09766241163015366,0.6803196668624878,0.6292629241943359
YPL210C,YKL196C,0,-0.964236,0.09764841198921204,0.6803196668624878,0.629362940788269
YDR126W,YER072W,1,-0.9643434,0.09777777642011642,0.6813187003135681,0.629362940788269
YKL029C,YOR009W,0,-0.964545,0.09776376187801361,0.6813187003135681,0.6294629573822021
YPR188C,YLR115W,0,-0.964779,0.0977497473359108,0.6813187003135681,0.6295629739761353
YGR103W,YDR176W,0,-0.9650173,0.09773574024438858,0.6813187003135681,0.6296629905700684
YHR205W,YMR234W,0,-0.9650867,0.09772173315286636,0.6813187003135681,0.6297629475593567
YPL004C,YIL038C,0,-0.96512973,0.09770773351192474,0.6813187003135681,0.6298629641532898
YMR063W,YCL051W,0,-0.9651488,0.09769374132156372,0.6813187003135681,0.6299629807472229
YGL025C,YER142C,0,-0.96528745,0.0976797491312027,0.6813187003135681,0.630062997341156
YLR382C,YJL208C,0,-0.9653288,0.09766575694084167,0.6813187003135681,0.6301630139350891
YIL064W,YKL043W,0,-0.9653691,0.09765177220106125,0.6813187003135681,0.6302630305290222
YOL069W,YER028C,0,-0.96548533,0.09763779491186142,0.6813187003135681,0.6303630471229553
YLR363C,YDR244W,0,-0.9655,0.09762381762266159,0.6813187003135681,0.6304630637168884
YLR315W,YLL018C-A,0,-0.96557593,0.09760984778404236,0.6813187003135681,0.6305630803108215
YLR148W,YBR217W,1,-0.96570957,0.09773898124694824,0.6823176741600037,0.6305630803108215
YMR041C,YKL134C,0,-0.96589315,0.09772499650716782,0.6823176741600037,0.6306630373001099
YNR037C,YJL208C,0,-0.9659679,0.09771101921796799,0.6823176741600037,0.630763053894043
YLL048C,YBL008W,0,-0.96601176,0.09769704192876816,0.6823176741600037,0.6308630704879761
YNL068C,YCL035C,0,-0.96603143,0.09768306463956833,0.6823176741600037,0.6309630870819092
YPR067W,YBR119W,0,-0.96613455,0.0976690948009491,0.6823176741600037,0.6310631036758423
YOR119C,YJL212C,0,-0.9662032,0.09765513241291046,0.6823176741600037,0.6311631202697754
YAL068C,YJL179W,0,-0.9662471,0.09764117002487183,0.6823176741600037,0.6312631368637085
YBR105C,YLR093C,1,-0.96641517,0.09777015447616577,0.683316707611084,0.6312631368637085
YNL103W,YBL047C,0,-0.9664488,0.09775618463754654,0.683316707611084,0.6313631534576416
YAL007C,YCR065W,0,-0.96649575,0.09774221479892731,0.683316707611084,0.6314631700515747
YOR262W,YOR059C,0,-0.96649635,0.09772824496030807,0.683316707611084,0.631563127040863
YJL054W,YLR006C,0,-0.9665072,0.09771428257226944,0.683316707611084,0.6316631436347961
YIL036W,YDR361C,0,-0.9667374,0.0977003276348114,0.683316707611084,0.6317631602287292
YIL064W,YDL093W,0,-0.966877,0.09768637269735336,0.683316707611084,0.6318631768226624
YOR049C,YNL066W,0,-0.9669126,0.09767242521047592,0.683316707611084,0.6319631934165955
YMR275C,YCL039W,0,-0.96704173,0.09765847772359848,0.683316707611084,0.6320632100105286
YLR347C,YER102W,0,-0.9674417,0.09764453768730164,0.683316707611084,0.6321632266044617
YIL130W,YBL047C,0,-0.9674796,0.09763060510158539,0.683316707611084,0.6322632431983948
YAR033W,YKR031C,0,-0.9676645,0.09761667251586914,0.683316707611084,0.6323632597923279
YGR170W,YBR028C,0,-0.96783495,0.0976027399301529,0.683316707611084,0.6324632167816162
YDR325W,YOL029C,0,-0.967901,0.09758881479501724,0.683316707611084,0.6325632333755493
YML059C,YHL015W,0,-0.9680462,0.09757488965988159,0.683316707611084,0.6326632499694824
YMR110C,YDR434W,0,-0.96821046,0.09756097197532654,0.683316707611084,0.6327632665634155
YBR046C,YOL154W,0,-0.96830857,0.09754706174135208,0.683316707611084,0.6328632831573486
YML100W,YDR381W,0,-0.9684075,0.09753315150737762,0.683316707611084,0.6329632997512817
YPR046W,YBR028C,0,-0.9686661,0.09751924872398376,0.683316707611084,0.6330633163452148
YEL019C,YLR068W,0,-0.96873164,0.0975053459405899,0.683316707611084,0.633163332939148
YNL132W,YDL243C,0,-0.96873605,0.09749145060777664,0.683316707611084,0.633263349533081
YAL056W,YKL114C,0,-0.9687419,0.09747755527496338,0.683316707611084,0.6333633661270142
YKL054C,YER032W,0,-0.9687563,0.09746366739273071,0.683316707611084,0.6334633231163025
YDR490C,YDL139C,0,-0.96876967,0.09744977951049805,0.683316707611084,0.6335633397102356
YML041C,YNL240C,0,-0.9688057,0.09743589907884598,0.683316707611084,0.6336633563041687
YGL142C,YLR060W,0,-0.9688238,0.09742201864719391,0.683316707611084,0.6337633728981018
YKR096W,YNR019W,0,-0.96897686,0.09740814566612244,0.683316707611084,0.6338633894920349
YKR079C,YPL173W,0,-0.96907544,0.09739427268505096,0.683316707611084,0.633963406085968
YOL069W,YMR322C,0,-0.96912515,0.09738040715456009,0.683316707611084,0.6340634226799011
YGL129C,YIL062C,0,-0.9691422,0.09736654907464981,0.683316707611084,0.6341634392738342
YPL056C,YEL006W,0,-0.96932614,0.09735269099473953,0.683316707611084,0.6342634558677673
YMR232W,YLR175W,0,-0.96936226,0.09733883291482925,0.683316707611084,0.6343634128570557
YLR059C,YHR120W,0,-0.9693849,0.09732498228549957,0.683316707611084,0.6344634294509888
YKL016C,YER056C,0,-0.9694787,0.09731113910675049,0.683316707611084,0.6345634460449219
YDR430C,YBR045C,0,-0.9695773,0.0972972959280014,0.683316707611084,0.634663462638855
YJL057C,YKL052C,0,-0.9696164,0.09728346019983292,0.683316707611084,0.6347634792327881
YOR002W,YLR001C,0,-0.96964145,0.09726962447166443,0.683316707611084,0.6348634958267212
YMR243C,YLR360W,0,-0.9696617,0.09725579619407654,0.683316707611084,0.6349635124206543
YBR268W,YPR086W,0,-0.96983576,0.09724196791648865,0.683316707611084,0.6350635290145874
YOR119C,YML013W,0,-0.969877,0.09722814708948135,0.683316707611084,0.6351635456085205
YCL016C,YFR030W,0,-0.9699371,0.09721432626247406,0.683316707611084,0.6352635025978088
YPR134W,YFR038W,0,-0.96995485,0.09720051288604736,0.683316707611084,0.6353635191917419
YCL064C,YGR094W,0,-0.9700259,0.09718669950962067,0.683316707611084,0.635463535785675
YDR235W,YMR262W,0,-0.9701307,0.09717289358377457,0.683316707611084,0.6355635523796082
YML092C,YLR435W,0,-0.970245,0.09715908765792847,0.683316707611084,0.6356635689735413
YLR085C,YKR079C,0,-0.97038925,0.09714528918266296,0.683316707611084,0.6357635855674744
YDR243C,YLR001C,0,-0.97040296,0.09713149815797806,0.683316707611084,0.6358636021614075
YBR005W,YLR313C,0,-0.9705522,0.09711770713329315,0.683316707611084,0.6359636187553406
YDL209C,YDL087C,0,-0.97058,0.09710391610860825,0.683316707611084,0.6360636353492737
YDR441C,YDR343C,0,-0.97058547,0.09709013253450394,0.683316707611084,0.636163592338562
YJR131W,YLR001C,0,-0.97069776,0.09707635641098022,0.683316707611084,0.6362636089324951
YKL141W,YLR001C,0,-0.97078764,0.09706258028745651,0.683316707611084,0.6363636255264282
YBR069C,YMR313C,0,-0.97098255,0.0970488116145134,0.683316707611084,0.6364636421203613
YDR111C,YNL055C,0,-0.9711081,0.09703504294157028,0.683316707611084,0.6365636587142944
YDL117W,YDR284C,0,-0.97115195,0.09702127426862717,0.683316707611084,0.6366636753082275
YOR316C,YHR114W,0,-0.9711623,0.09700751304626465,0.683316707611084,0.6367636919021606
YIL009W,YHL025W,0,-0.97134316,0.09699375927448273,0.683316707611084,0.6368637084960938
YER176W,YHR006W,0,-0.9713452,0.0969800055027008,0.683316707611084,0.6369637250900269
YDL160C,YJL168C,0,-0.9714415,0.09696625918149948,0.683316707611084,0.6370636820793152
YGL192W,YJL083W,0,-0.9714439,0.09695251286029816,0.683316707611084,0.6371636986732483
YGL246C,YBR112C,0,-0.9714459,0.09693877398967743,0.683316707611084,0.6372637152671814
YNR007C,YFL004W,1,-0.9717895,0.09706674516201019,0.6843156814575195,0.6372637152671814
YGR208W,YHR014W,0,-0.9718764,0.09705299139022827,0.6843156814575195,0.6373637318611145
YNL051W,YGL195W,0,-0.97191167,0.09703923761844635,0.6843156814575195,0.6374637484550476
YLR148W,YDR495C,1,-0.9720011,0.09716714173555374,0.6853147149085999,0.6374637484550476
YDL175C,YOR207C,0,-0.97206366,0.09715338051319122,0.6853147149085999,0.6375637650489807
YDL160C,YDR399W,0,-0.9721075,0.0971396192908287,0.6853147149085999,0.6376637816429138
YCR016W,YBR023C,0,-0.97214484,0.09712586551904678,0.6853147149085999,0.6377637982368469
YNL199C,YDR273W,0,-0.9721559,0.09711211919784546,0.6853147149085999,0.63786381483078
YIL153W,YGL144C,0,-0.97224855,0.09709837287664413,0.6853147149085999,0.6379637718200684
YBL013W,YGL092W,0,-0.9722583,0.09708463400602341,0.6853147149085999,0.6380637884140015
YNL199C,YOR195W,0,-0.97229826,0.09707089513540268,0.6853147149085999,0.6381638050079346
YDL175C,YOR254C,0,-0.97248423,0.09705715626478195,0.6853147149085999,0.6382638216018677
YER179W,YLR118C,0,-0.97257805,0.09704343229532242,0.6853147149085999,0.6383638381958008
YBR217W,YBR105C,1,-0.9729632,0.09717114269733429,0.6863136887550354,0.6383638381958008
YJL035C,YOR086C,0,-0.97303736,0.09715740382671356,0.6863136887550354,0.6384638547897339
YMR192W,YGL018C,0,-0.9731188,0.09714366495609283,0.6863136887550354,0.638563871383667
YBL050W,YGL180W,1,-0.9731631,0.09727131575345993,0.687312662601471,0.638563871383667
YEL013W,YGL180W,1,-0.9731765,0.09739892929792404,0.6883116960525513,0.638563871383667
YMR055C,YGL105W,0,-0.97318554,0.09738516062498093,0.6883116960525513,0.6386638879776001
YPL120W,YDR300C,0,-0.9732051,0.09737139940261841,0.6883116960525513,0.6387639045715332
YOL069W,YLR263W,0,-0.9733087,0.09735763818025589,0.6883116960525513,0.6388638615608215
YER109C,YGL016W,0,-0.973333,0.09734388440847397,0.6883116960525513,0.6389638781547546
YKL191W,YIL107C,0,-0.9734627,0.09733013063669205,0.6883116960525513,0.6390638947486877
YDR328C,YHL026C,0,-0.9734639,0.09731638431549072,0.6883116960525513,0.6391639113426208
YOL078W,YDL223C,0,-0.9734744,0.0973026379942894,0.6883116960525513,0.639263927936554
YOR316C,YPR008W,0,-0.9735882,0.09728889912366867,0.6883116960525513,0.6393639445304871
YKL191W,YJR108W,0,-0.97360647,0.09727516770362854,0.6883116960525513,0.6394639611244202
YLR411W,YLR007W,0,-0.9736285,0.09726143628358841,0.6883116960525513,0.6395639777183533
YBR146W,YMR195W,0,-0.9736875,0.09724770486354828,0.6883116960525513,0.6396639943122864
YDL135C,YGR055W,0,-0.9737406,0.09723398089408875,0.6883116960525513,0.6397639513015747
YGR205W,YPL207W,0,-0.9737861,0.09722026437520981,0.6883116960525513,0.6398639678955078
YKL196C,YMR091C,0,-0.97379005,0.09720654785633087,0.6883116960525513,0.6399639844894409
YDR276C,YPL156C,0,-0.97385216,0.09719283133745193,0.6883116960525513,0.640064001083374
YNL076W,YDR300C,0,-0.9740138,0.0971791222691536,0.6883116960525513,0.6401640176773071
YCR036W,YLR259C,0,-0.9740374,0.09716542065143585,0.6883116960525513,0.6402640342712402
YPR003C,YDR100W,0,-0.97406006,0.09715171903371811,0.6883116960525513,0.6403640508651733
YOR016C,YJR108W,0,-0.974087,0.09713802486658096,0.6883116960525513,0.6404640674591064
YNL317W,YLR313C,0,-0.97410345,0.09712433069944382,0.6883116960525513,0.6405640840530396
YDR178W,YDR437W,0,-0.97425497,0.09711064398288727,0.6883116960525513,0.6406640410423279
YPL209C,YOR078W,0,-0.97426057,0.09709695726633072,0.6883116960525513,0.640764057636261
YCL017C,YOR330C,0,-0.97438407,0.09708327800035477,0.6883116960525513,0.6408640742301941
YML021C,YLR007W,0,-0.9743854,0.09706959873437881,0.6883116960525513,0.6409640908241272
YPR100W,YCL067C,0,-0.97448075,0.09705592691898346,0.6883116960525513,0.6410641074180603
YGR165W,YPR086W,0,-0.97450376,0.0970422551035881,0.6883116960525513,0.6411641240119934
YNL020C,YNL287W,0,-0.9745461,0.09702859073877335,0.6883116960525513,0.6412641406059265
YDL209C,YBR162C,0,-0.97459114,0.09701492637395859,0.6883116960525513,0.6413641571998596
YPL036W,YHR158C,0,-0.9746145,0.09700126945972443,0.6883116960525513,0.6414641737937927
YDL100C,YKR027W,0,-0.97514606,0.09698761254549026,0.6883116960525513,0.641564130783081
YMR001C,YMR237W,0,-0.97518003,0.0969739630818367,0.6883116960525513,0.6416641473770142
YEL013W,YJL178C,1,-0.97531736,0.09710104018449783,0.6893106698989868,0.6416641473770142
YLR442C,YMR275C,0,-0.9755902,0.09708737581968307,0.6893106698989868,0.6417641639709473
YBR162W-A,YOL012C,0,-0.97565687,0.09707371890544891,0.6893106698989868,0.6418641805648804
YPL209C,YPR095C,0,-0.97569036,0.09706006199121475,0.6893106698989868,0.6419641971588135
YLR347C,YDL106C,0,-0.975966,0.09704641252756119,0.6893106698989868,0.6420642137527466
YOR250C,YOR065W,0,-0.97601616,0.09703276306390762,0.6893106698989868,0.6421642303466797
YCR065W,YOR059C,0,-0.9760456,0.09701912105083466,0.6893106698989868,0.6422642469406128
YGR046W,YJL167W,0,-0.97622573,0.09700548648834229,0.6893106698989868,0.6423642635345459
YPL140C,YPL173W,0,-0.9762447,0.09699184447526932,0.6893106698989868,0.6424642205238342
YPL075W,YPL254W,0,-0.9762615,0.09697821736335754,0.6893106698989868,0.6425642371177673
YHR138C,YOR086C,0,-0.9762788,0.09696459025144577,0.6893106698989868,0.6426642537117004
YOR207C,YDR438W,0,-0.9763267,0.096950963139534,0.6893106698989868,0.6427642703056335
YOR359W,YPL076W,0,-0.97642183,0.09693734347820282,0.6893106698989868,0.6428642868995667
YOL144W,YGR193C,0,-0.9764955,0.09692372381687164,0.6893106698989868,0.6429643034934998
YJR102C,YEL032W,0,-0.9765078,0.09691011160612106,0.6893106698989868,0.6430643200874329
YJR084W,YJR054W,0,-0.9765545,0.09689650684595108,0.6893106698989868,0.643164336681366
YJR027W,YLR337C,0,-0.97666,0.0968828946352005,0.6893106698989868,0.6432643532752991
YHR142W,YJL003W,0,-0.97670865,0.09686929732561111,0.6893106698989868,0.6433643102645874
YPL045W,YFL004W,1,-0.9771633,0.09699606895446777,0.6903097033500671,0.6433643102645874
YGL212W,YHR138C,1,-0.97737145,0.09712280333042145,0.6913086771965027,0.6433643102645874
YOR032C,YPR100W,0,-0.9774612,0.09710917621850967,0.6913086771965027,0.6434643268585205
YLR234W,YCR106W,0,-0.97748935,0.0970955491065979,0.6913086771965027,0.6435643434524536
YDR145W,YDR361C,0,-0.9776654,0.09708192944526672,0.6913086771965027,0.6436643600463867
YHR214W,YBL051C,0,-0.9777926,0.09706830978393555,0.6913086771965027,0.6437643766403198
YLR328W,YDL211C,0,-0.97788763,0.09705469757318497,0.6913086771965027,0.6438643932342529
YPR161C,YHR138C,0,-0.9778929,0.09704108536243439,0.6913086771965027,0.643964409828186
YFR024C-A,YOR027W,0,-0.9779662,0.0970274806022644,0.6913086771965027,0.6440644264221191
YKL155C,YLR248W,0,-0.978096,0.09701387584209442,0.6913086771965027,0.6441644430160522
YBR162W-A,YPL176C,0,-0.97812223,0.09700027853250504,0.6913086771965027,0.6442644000053406
YEL013W,YPR049C,1,-0.9782996,0.09712684154510498,0.692307710647583,0.6442644000053406
YLR085C,YNL094W,0,-0.97840774,0.0971132293343544,0.692307710647583,0.6443644165992737
YOR191W,YLL006W,0,-0.97848785,0.09709962457418442,0.692307710647583,0.6444644331932068
YNL059C,YDL102W,0,-0.97849023,0.09708601981401443,0.692307710647583,0.6445644497871399
YOR191W,YBR162C,0,-0.97861624,0.09707242250442505,0.692307710647583,0.644664466381073
YDR004W,YEL024W,0,-0.9788238,0.09705882519483566,0.692307710647583,0.6447644829750061
YPL171C,YKR027W,0,-0.9788444,0.09704523533582687,0.692307710647583,0.6448644995689392
YPR055W,YGR080W,0,-0.9789101,0.09703164547681808,0.692307710647583,0.6449645161628723
YHR150W,YLR299W,0,-0.97897434,0.09701806306838989,0.692307710647583,0.6450645327568054
YIL041W,YML001W,1,-0.97902143,0.09714445471763611,0.6933066844940186,0.6450645327568054
YBR295W,YBL014C,0,-0.9790236,0.09713085740804672,0.6933066844940186,0.6451644897460938
YML016C,YHR114W,0,-0.97913647,0.09711726754903793,0.6933066844940186,0.6452645063400269
YBL087C,YDR122W,0,-0.9794756,0.09710367769002914,0.6933066844940186,0.64536452293396
YNL251C,YLR058C,0,-0.97961617,0.09709009528160095,0.6933066844940186,0.6454645395278931
YEL027W,YBR105C,1,-0.9797034,0.09721639752388,0.6943057179450989,0.6454645395278931
YNL176C,YDR257C,0,-0.9799657,0.09720280021429062,0.6943057179450989,0.6455645561218262
YOR383C,YKL063C,0,-0.98004746,0.09718920290470123,0.6943057179450989,0.6456645727157593
YDR057W,YLR328W,0,-0.9801433,0.09717561304569244,0.6943057179450989,0.6457645893096924
YMR053C,YDR190C,0,-0.98019946,0.09716203063726425,0.6943057179450989,0.6458646059036255
YKR052C,YML055W,0,-0.9802153,0.09714844822883606,0.6943057179450989,0.6459646224975586
YER072W,YBR105C,1,-0.98026395,0.09727463126182556,0.6953046917915344,0.6459646224975586
YDL149W,YCL063W,1,-0.9803107,0.09740078449249268,0.6963037252426147,0.6459646224975586
YDR178W,YBR016W,0,-0.9803326,0.0973871722817421,0.6963037252426147,0.6460645794868469
YNR059W,YPL156C,0,-0.9803573,0.09737356752157211,0.6963037252426147,0.64616459608078
YKL185W,YDR430C,0,-0.9803598,0.09735996276140213,0.6963037252426147,0.6462646126747131
YNL133C,YNL024C,0,-0.98051393,0.09734636545181274,0.6963037252426147,0.6463646292686462
YHL031C,YDR190C,0,-0.98057866,0.09733277559280396,0.6963037252426147,0.6464646458625793
YOR334W,YDL220C,0,-0.98059416,0.09731918573379517,0.6963037252426147,0.6465646624565125
YKL048C,YPR100W,0,-0.98061836,0.09730559587478638,0.6963037252426147,0.6466646790504456
YNL326C,YNR007C,1,-0.98072207,0.09743160009384155,0.6973026990890503,0.6466646790504456
YGL246C,YMR158W,0,-0.98073745,0.09741800278425217,0.6973026990890503,0.6467646956443787
YIL030C,YOR254C,0,-0.9807447,0.09740441292524338,0.6973026990890503,0.6468647122383118
YDR375C,YHR096C,0,-0.9808719,0.09739081561565399,0.6973026990890503,0.6469646692276001
YIL123W,YLR263W,0,-0.9808854,0.0973772332072258,0.6973026990890503,0.6470646858215332
YBR029C,YBR254C,0,-0.98092985,0.09736365079879761,0.6973026990890503,0.6471647024154663
YLL006W,YMR149W,0,-0.9809761,0.09735006839036942,0.6973026990890503,0.6472647190093994
YFL025C,YGL005C,0,-0.9809916,0.09733649343252182,0.6973026990890503,0.6473647356033325
YML021C,YPL056C,0,-0.98099387,0.09732292592525482,0.6973026990890503,0.6474647521972656
YDR178W,YOR113W,0,-0.98121727,0.09730935096740723,0.6973026990890503,0.6475647687911987
YPR067W,YGL243W,0,-0.9812486,0.09729579091072083,0.6973026990890503,0.6476647853851318
YDR204W,YNL065W,0,-0.9815141,0.09728223085403442,0.6973026990890503,0.6477648019790649
YNL076W,YDR397C,0,-0.981573,0.09726867079734802,0.6973026990890503,0.6478647589683533
YOL096C,YCR044C,0,-0.98159075,0.09725511819124222,0.6973026990890503,0.6479647755622864
YIR031C,YDR005C,0,-0.98162997,0.09724157303571701,0.6973026990890503,0.6480647921562195
YFL049W,YOR195W,0,-0.98170686,0.0972280278801918,0.6973026990890503,0.6481648087501526
YGR055W,YAL056W,0,-0.9817271,0.0972144827246666,0.6973026990890503,0.6482648253440857
YOR049C,YOR009W,0,-0.9818622,0.09720094501972198,0.6973026990890503,0.6483648419380188
YGR181W,YJL196C,0,-0.98198783,0.09718741476535797,0.6973026990890503,0.6484648585319519
YEL018W,YIL009W,0,-0.98205066,0.09717388451099396,0.6973026990890503,0.648564875125885
YLL048C,YOR157C,0,-0.9820893,0.09716035425662994,0.6973026990890503,0.6486648917198181
YPR188C,YMR313C,0,-0.98223984,0.09714683145284653,0.6973026990890503,0.6487648487091064
YPR105C,YDR045C,0,-0.9822434,0.09713331609964371,0.6973026990890503,0.6488648653030396
YCL017C,YBR131W,0,-0.98231804,0.09711980074644089,0.6973026990890503,0.6489648818969727
YDR023W,YNL214W,0,-0.982332,0.09710628539323807,0.6973026990890503,0.6490648984909058
YJL096W,YBR301W,0,-0.98234344,0.09709277749061584,0.6973026990890503,0.6491649150848389
YGR060W,YER167W,0,-0.9824978,0.09707927703857422,0.6973026990890503,0.649264931678772
YJL078C,YOR129C,0,-0.98258543,0.09706577658653259,0.6973026990890503,0.6493649482727051
YLR193C,YPL168W,0,-0.98271585,0.09705228358507156,0.6973026990890503,0.6494649648666382
YOR193W,YIL130W,0,-0.98279047,0.09703879058361053,0.6973026990890503,0.6495649814605713
YBL056W,YLR442C,0,-0.9828533,0.0970252975821495,0.6973026990890503,0.6496649384498596
YEL018W,YDR004W,0,-0.98292565,0.09701181203126907,0.6973026990890503,0.6497649550437927
YOL032W,YPL058C,0,-0.98293483,0.09699833393096924,0.6973026990890503,0.6498649716377258
YOR016C,YBR034C,0,-0.983058,0.0969848558306694,0.6973026990890503,0.6499649882316589
YNL103W,YPL156C,0,-0.9830911,0.09697137773036957,0.6973026990890503,0.650065004825592
YBR153W,YPL100W,0,-0.9830946,0.09695791453123093,0.6973026990890503,0.6501650214195251
YGR005C,YER159C,0,-0.98312604,0.09694444388151169,0.6973026990890503,0.6502650380134583
YGL144C,YBL047C,0,-0.9833921,0.09693098068237305,0.6973026990890503,0.6503650546073914
YBR060C,YKL058W,0,-0.98344254,0.096917524933815,0.6973026990890503,0.6504650712013245
YPR161C,YDL018C,0,-0.9835005,0.09690406918525696,0.6973026990890503,0.6505650281906128
YPL013C,YCR018C,0,-0.9835814,0.09689061343669891,0.6973026990890503,0.6506650447845459
YOR264W,YHR005C,0,-0.98362184,0.09687716513872147,0.6973026990890503,0.650765061378479
YMR318C,YMR131C,0,-0.9839592,0.09686372429132462,0.6973026990890503,0.6508650779724121
YLR345W,YNR052C,0,-0.9840907,0.09685028344392776,0.6973026990890503,0.6509650945663452
YJR048W,YAL051W,0,-0.98416686,0.09683685004711151,0.6973026990890503,0.6510651111602783
YLR007W,YJL197W,0,-0.98437715,0.09682341665029526,0.6973026990890503,0.6511651277542114
YPR008W,YNL024C,0,-0.9845514,0.096809983253479,0.6973026990890503,0.6512651443481445
YHR150W,YPL061W,0,-0.98482,0.09679655730724335,0.6973026990890503,0.6513651609420776
YLR058C,YKR099W,0,-0.98491776,0.09678313881158829,0.6973026990890503,0.651465117931366
YNR007C,YMR231W,1,-0.9849496,0.09690836071968079,0.6983016729354858,0.651465117931366
YBR065C,YGR003W,0,-0.9850726,0.09689492732286453,0.6983016729354858,0.6515651345252991
YJR153W,YOR158W,0,-0.9853002,0.09688149392604828,0.6983016729354858,0.6516651511192322
YML100W,YIR031C,0,-0.9854096,0.09686806797981262,0.6983016729354858,0.6517651677131653
YNL054W,YML082W,0,-0.9855931,0.09685464948415756,0.6983016729354858,0.6518651843070984
YHL017W,YIL123W,0,-0.9856503,0.0968412309885025,0.6983016729354858,0.6519652009010315
YHR158C,YDL087C,0,-0.9857974,0.09682781249284744,0.6983016729354858,0.6520652174949646
YLR284C,YHR210C,0,-0.985836,0.09681440144777298,0.6983016729354858,0.6521652340888977
YDR412W,YIL043C,0,-0.98585427,0.09680099785327911,0.6983016729354858,0.6522652506828308
YLR223C,YML076C,0,-0.9859183,0.09678759425878525,0.6983016729354858,0.6523652076721191
YKL052C,YPL135W,0,-0.98608744,0.09677419066429138,0.6983016729354858,0.6524652242660522
YJL059W,YHR158C,0,-0.9862101,0.09676079452037811,0.6983016729354858,0.6525652408599854
YOR380W,YBL007C,0,-0.98629904,0.09674740582704544,0.6983016729354858,0.6526652574539185
YPL036W,YHR080C,0,-0.9863678,0.09673401713371277,0.6983016729354858,0.6527652740478516
YDR412W,YLR288C,0,-0.9865601,0.0967206284403801,0.6983016729354858,0.6528652906417847
YPL140C,YER149C,0,-0.9866133,0.09670724719762802,0.6983016729354858,0.6529653072357178
YDR375C,YJR050W,0,-0.9866203,0.09669387340545654,0.6983016729354858,0.6530653238296509
YML021C,YAL026C,0,-0.9866233,0.09668049961328506,0.6983016729354858,0.653165340423584
YBR091C,YOR260W,0,-0.9866762,0.09666712582111359,0.6983016729354858,0.6532652974128723
YER044C-A,YKR077W,0,-0.98671114,0.0966537594795227,0.6983016729354858,0.6533653140068054
YHR110W,YNL176C,0,-0.98689985,0.09664040058851242,0.6983016729354858,0.6534653306007385
YGR266W,YOR113W,0,-0.9869008,0.09662704169750214,0.6983016729354858,0.6535653471946716
YNL045W,YIL119C,0,-0.98691046,0.09661368280649185,0.6983016729354858,0.6536653637886047
YGL028C,YHL035C,0,-0.9869456,0.09660033136606216,0.6983016729354858,0.6537653803825378
YIL119C,YCR035C,0,-0.98716295,0.09658697992563248,0.6983016729354858,0.653865396976471
YKL194C,YKR072C,0,-0.9872602,0.09657363593578339,0.6983016729354858,0.653965413570404
YMR262W,YNR059W,0,-0.98727155,0.09656029939651489,0.6983016729354858,0.6540654301643372
YGR142W,YNR030W,0,-0.98739696,0.0965469628572464,0.6983016729354858,0.6541653871536255
YMR231W,YOR332W,1,-0.9874661,0.09667173027992249,0.6993007063865662,0.6541653871536255
YIL064W,YDR129C,0,-0.98752034,0.0966583788394928,0.6993007063865662,0.6542654037475586
YBR130C,YLR361C,0,-0.9875233,0.09664503484964371,0.6993007063865662,0.6543654203414917
YDL134C,YDR135C,0,-0.9877511,0.09663169831037521,0.6993007063865662,0.6544654369354248
YJL059W,YGL226W,0,-0.9877758,0.09661835432052612,0.6993007063865662,0.6545654535293579
YAL002W,YBL078C,1,-0.9878113,0.09674303233623505,0.7002996802330017,0.6545654535293579
YNL024C,YAL026C,0,-0.9879496,0.09672968089580536,0.7002996802330017,0.654665470123291
YIR026C,YPR141C,0,-0.9880042,0.09671633690595627,0.7002996802330017,0.6547654867172241
YLR001C,YBR131W,0,-0.9881531,0.09670299291610718,0.7002996802330017,0.6548655033111572
YAL002W,YLR259C,0,-0.9882302,0.09668965637683868,0.7002996802330017,0.6549655199050903
YPL169C,YPL253C,0,-0.98837936,0.09667631983757019,0.7002996802330017,0.6550654768943787
YLR432W,YBR131W,0,-0.988407,0.0966629907488823,0.7002996802330017,0.6551654934883118
YKR075C,YHL003C,0,-0.9884211,0.0966496616601944,0.7002996802330017,0.6552655100822449
YEL019C,YHL050C,0,-0.98843396,0.0966363400220871,0.7002996802330017,0.655365526676178
YLR175W,YMR237W,0,-0.9884803,0.0966230183839798,0.7002996802330017,0.6554655432701111
YGR055W,YER093C,0,-0.98849034,0.0966097041964531,0.7002996802330017,0.6555655598640442
YGL028C,YBR131W,0,-0.9885858,0.09659639000892639,0.7002996802330017,0.6556655764579773
YDR515W,YPL117C,0,-0.98871946,0.09658308327198029,0.7002996802330017,0.6557655930519104
YJR150C,YBR268W,0,-0.9887649,0.09656977653503418,0.7002996802330017,0.6558656096458435
YJL054W,YMR076C,0,-0.98877144,0.09655647724866867,0.7002996802330017,0.6559656262397766
YPL018W,YML055W,0,-0.9888089,0.09654317796230316,0.7002996802330017,0.6560655832290649
YOR018W,YDR301W,0,-0.98882306,0.09652987867593765,0.7002996802330017,0.656165599822998
YGR082W,YDL102W,0,-0.98894227,0.09651659429073334,0.7002996802330017,0.6562656164169312
YJL127C,YGR017W,0,-0.98896587,0.09650330245494843,0.7002996802330017,0.6563656330108643
YDR435C,YFR038W,0,-0.9889811,0.09649001806974411,0.7002996802330017,0.6564656496047974
YDR145W,YOL098C,0,-0.988999,0.09647674113512039,0.7002996802330017,0.6565656661987305
YDR439W,YKR072C,0,-0.98920476,0.09646346420049667,0.7002996802330017,0.6566656827926636
YDR092W,YMR313C,0,-0.98930097,0.09645019471645355,0.7002996802330017,0.6567656993865967
YBR189W,YNL240C,0,-0.9893298,0.09643692523241043,0.7002996802330017,0.6568657159805298
YJL069C,YJL083W,0,-0.9894663,0.09642365574836731,0.7002996802330017,0.6569656729698181
YJR046W,YBR028C,0,-0.98946905,0.09641040116548538,0.7002996802330017,0.6570656895637512
YNL318C,YBR208C,0,-0.9894787,0.09639713913202286,0.7002996802330017,0.6571657061576843
YLR220W,YIL130W,0,-0.9895637,0.09638388454914093,0.7002996802330017,0.6572657227516174
YIL153W,YLR460C,0,-0.9895712,0.0963706374168396,0.7002996802330017,0.6573657393455505
YNR024W,YBR162C,0,-0.98957515,0.09635739028453827,0.7002996802330017,0.6574657559394836
YHR111W,YDR469W,0,-0.98974705,0.09634414315223694,0.7002996802330017,0.6575657725334167
YGR204W,YML045W,0,-0.98984444,0.0963309034705162,0.7002996802330017,0.6576657891273499
YML013W,YGR211W,0,-0.9898721,0.09631767123937607,0.7002996802330017,0.657765805721283
YFR047C,YJL003W,0,-0.989884,0.09630443900823593,0.7002996802330017,0.6578657627105713
YBR080C,YEL027W,1,-0.9899099,0.09642857313156128,0.701298713684082,0.6578657627105713
YPL126W,YGR224W,0,-0.9901148,0.09641532599925995,0.701298713684082,0.6579657793045044
YNL223W,YBR217W,1,-0.99014664,0.09653941541910172,0.7022976875305176,0.6579657793045044
YGL063W,YHR169W,0,-0.9903295,0.09652615338563919,0.7022976875305176,0.6580657958984375
YGR165W,YBR149W,0,-0.99034405,0.09651290625333786,0.7022976875305176,0.6581658124923706
YOL096C,YER159C,0,-0.9904051,0.09649965912103653,0.7022976875305176,0.6582658290863037
YER040W,YOR172W,0,-0.99041367,0.0964864119887352,0.7022976875305176,0.6583658456802368
YDR100W,YOR259C,0,-0.9904717,0.09647317230701447,0.7022976875305176,0.6584658622741699
YGR129W,YHR170W,0,-0.9904866,0.09645993262529373,0.7022976875305176,0.658565878868103
YKL069W,YNR019W,0,-0.99049485,0.0964467003941536,0.7022976875305176,0.6586658954620361
YPL056C,YLR058C,0,-0.9906347,0.09643346816301346,0.7022976875305176,0.6587658524513245
YPR173C,YLR382C,0,-0.9906385,0.09642024338245392,0.7022976875305176,0.6588658690452576
YGR060W,YJL168C,0,-0.9907167,0.09640701860189438,0.7022976875305176,0.6589658856391907
YNL020C,YBL007C,0,-0.99074733,0.09639380127191544,0.7022976875305176,0.6590659022331238
YLR315W,YDL046W,0,-0.9908689,0.09638058394193649,0.7022976875305176,0.6591659188270569
YDR406W,YBL014C,0,-0.99095213,0.09636737406253815,0.7022976875305176,0.65926593542099
YBR065C,YER015W,0,-0.99096787,0.0963541641831398,0.7022976875305176,0.6593659520149231
YGR204W,YEL051W,0,-0.99097073,0.09634096175432205,0.7022976875305176,0.6594659686088562
YIL041W,YKL051W,1,-0.9910077,0.09646478295326233,0.7032967209815979,0.6594659686088562
YKL051W,YLR093C,1,-0.99102926,0.09658857434988022,0.7042956948280334,0.6594659686088562
YLR423C,YGL180W,1,-0.99103963,0.09671232849359512,0.7052947282791138,0.6594659686088562
YPR097W,YLR288C,0,-0.9911444,0.09669908136129379,0.7052947282791138,0.6595659852027893
YJL110C,YHR210C,0,-0.9912163,0.09668584167957306,0.7052947282791138,0.6596659421920776
YIL030C,YMR110C,0,-0.99129844,0.09667260199785233,0.7052947282791138,0.6597659587860107
YBR272C,YIL173W,0,-0.99141777,0.09665936231613159,0.7052947282791138,0.6598659753799438
YPL061W,YDR292C,0,-0.991554,0.09664613008499146,0.7052947282791138,0.659965991973877
YIL036W,YIL069C,0,-0.9917164,0.09663290530443192,0.7052947282791138,0.6600660085678101
YDL077C,YDR495C,1,-0.9917668,0.09675653278827667,0.7062937021255493,0.6600660085678101
YHR035W,YBL008W,0,-0.9918481,0.09674329310655594,0.7062937021255493,0.6601660251617432
YKR089C,YLL067C,0,-0.99190867,0.0967300608754158,0.7062937021255493,0.6602660417556763
YLR223C,YGR122W,0,-0.99203074,0.09671682864427567,0.7062937021255493,0.6603660583496094
YEL048C,YGR170W,0,-0.99205387,0.09670359641313553,0.7062937021255493,0.6604660749435425
YOR049C,YKL039W,0,-0.9921335,0.09669037163257599,0.7062937021255493,0.6605660319328308
YLR413W,YHR080C,0,-0.9921367,0.09667714685201645,0.7062937021255493,0.6606660485267639
YBR023C,YPL179W,0,-0.9921824,0.0966639295220375,0.7062937021255493,0.660766065120697
YJL012C,YNL176C,0,-0.992206,0.09665071964263916,0.7062937021255493,0.6608660817146301
YKR095W,YGL194C,0,-0.9922581,0.09663750976324081,0.7062937021255493,0.6609660983085632
YKL192C,YPL006W,0,-0.9923632,0.09662429988384247,0.7062937021255493,0.6610661149024963
YGR055W,YPL135W,0,-0.99244297,0.09661109745502472,0.7062937021255493,0.6611661314964294
YLR382C,YCR065W,0,-0.9924594,0.09659789502620697,0.7062937021255493,0.6612661480903625
YBR038W,YGR004W,0,-0.9924766,0.09658470004796982,0.7062937021255493,0.6613661646842957
YML127W,YDR105C,0,-0.9924904,0.09657150506973267,0.7062937021255493,0.661466121673584
YLR396C,YBL050W,1,-0.99253106,0.09669489413499832,0.7072927355766296,0.661466121673584
YCL029C,YNL233W,0,-0.99259937,0.09668168425559998,0.7072927355766296,0.6615661382675171
YMR192W,YNL250W,0,-0.99292684,0.09666848927736282,0.7072927355766296,0.6616661548614502
YKL149C,YPL183C,0,-0.9929701,0.09665528684854507,0.7072927355766296,0.6617661714553833
YJL054W,YLR345W,0,-0.99298215,0.09664209932088852,0.7072927355766296,0.6618661880493164
YDR430C,YKL032C,0,-0.9930538,0.09662890434265137,0.7072927355766296,0.6619662046432495
YDR045C,YKL002W,0,-0.99314487,0.09661571681499481,0.7072927355766296,0.6620662212371826
YPL045W,YPL100W,1,-0.9931704,0.09673897922039032,0.7082917094230652,0.6620662212371826
YPL043W,YJL001W,0,-0.99317443,0.09672578424215317,0.7082917094230652,0.6621662378311157
YBR114W,YPL004C,0,-0.9932656,0.09671258926391602,0.7082917094230652,0.6622662544250488
YJL183W,YDL134C,0,-0.9935092,0.09669940173625946,0.7082917094230652,0.6623662114143372
YJR073C,YER072W,0,-0.9935305,0.0966862142086029,0.7082917094230652,0.6624662280082703
YMR055C,YBL008W,0,-0.9935322,0.09667302668094635,0.7082917094230652,0.6625662446022034
YOL023W,YOR249C,0,-0.9935429,0.09665984660387039,0.7082917094230652,0.6626662611961365
YDR189W,YDL091C,0,-0.9937097,0.09664667397737503,0.7082917094230652,0.6627662777900696
YNL190W,YKL058W,0,-0.99373066,0.09663350135087967,0.7082917094230652,0.6628662943840027
YLR185W,YNL068C,0,-0.99381113,0.0966203361749649,0.7082917094230652,0.6629663109779358
YIL048W,YGR209C,1,-0.99382794,0.09674342721700668,0.7092906832695007,0.6629663109779358
YGR211W,YNL029C,0,-0.993937,0.09673024713993073,0.7092906832695007,0.6630663275718689
YFR010W,YCL044C,0,-0.99407125,0.09671706706285477,0.7092906832695007,0.663166344165802
YKL002W,YBR188C,0,-0.994086,0.0967038944363594,0.7092906832695007,0.6632663011550903
YGL104C,YDR343C,0,-0.9943564,0.09669072926044464,0.7092906832695007,0.6633663177490234
YOL084W,YNL161W,0,-0.9944072,0.09667755663394928,0.7092906832695007,0.6634663343429565
YLR239C,YGR097W,0,-0.9944762,0.09666439890861511,0.7092906832695007,0.6635663509368896
YDR078C,YGR161C,0,-0.994501,0.09665124118328094,0.7092906832695007,0.6636663675308228
YER177W,YDR300C,0,-0.9946736,0.09663808345794678,0.7092906832695007,0.6637663841247559
YCR005C,YNL161W,0,-0.99468446,0.0966249331831932,0.7092906832695007,0.663866400718689
YMR105C,YLR189C,0,-0.99471724,0.09661178290843964,0.7092906832695007,0.6639664173126221
YOR026W,YLR054C,0,-0.9947423,0.09659864008426666,0.7092906832695007,0.6640664339065552
YJL096W,YMR207C,0,-0.9947581,0.09658549726009369,0.7092906832695007,0.6641663908958435
YOR253W,YKR052C,0,-0.9949744,0.09657236188650131,0.7092906832695007,0.6642664074897766
YMR261C,YPL254W,0,-0.99499345,0.09655922651290894,0.7092906832695007,0.6643664240837097
YBR080C,YLR396C,1,-0.99500394,0.09668207913637161,0.710289716720581,0.6643664240837097
YER143W,YDR080W,0,-0.9950644,0.09666893631219864,0.710289716720581,0.6644664406776428
YKL051W,YJL178C,1,-0.99511194,0.09679173678159714,0.7112886905670166,0.6644664406776428
YPR067W,YJR050W,0,-0.9951824,0.09677857905626297,0.7112886905670166,0.6645664572715759
YLR258W,YER060W,0,-0.9952308,0.0967654287815094,0.7112886905670166,0.664666473865509
YMR322C,YOR048C,0,-0.99527156,0.09675227850675583,0.7112886905670166,0.6647664904594421
YPR068C,YPL178W,0,-0.9953133,0.09673912823200226,0.7112886905670166,0.6648665070533752
YOL135C,YOL116W,0,-0.9953177,0.09672598540782928,0.7112886905670166,0.6649665236473083
YKL150W,YGL016W,0,-0.9954288,0.09671285003423691,0.7112886905670166,0.6650664806365967
YLR284C,YOR195W,0,-0.9955299,0.09669971466064453,0.7112886905670166,0.6651664972305298
YDR256C,YHR080C,0,-0.9956403,0.09668658673763275,0.7112886905670166,0.6652665138244629
YDR229W,YLR093C,1,-0.99564373,0.09680923074483871,0.7122877240180969,0.6652665138244629
YFR024C-A,YDR372C,0,-0.9956492,0.09679608792066574,0.7122877240180969,0.665366530418396
YDL106C,YDR105C,0,-0.99567115,0.09678295254707336,0.7122877240180969,0.6654665470123291
YLR044C,YDR328C,0,-0.99583864,0.09676981717348099,0.7122877240180969,0.6655665636062622
YAL002W,YHR210C,0,-0.9958812,0.09675668179988861,0.7122877240180969,0.6656665802001953
YMR081C,YKR077W,0,-0.9959612,0.09674355387687683,0.7122877240180969,0.6657665967941284
YDR361C,YKL040C,0,-0.9961034,0.09673043340444565,0.7122877240180969,0.6658666133880615
YOR177C,YGL111W,0,-0.9961951,0.09671730548143387,0.7122877240180969,0.6659665703773499
YDR422C,YGL096W,0,-0.9962083,0.09670419245958328,0.7122877240180969,0.666066586971283
YPL225W,YIR031C,0,-0.99633324,0.0966910794377327,0.7122877240180969,0.6661666035652161
YNL318C,YPR046W,0,-0.99646807,0.09667796641588211,0.7122877240180969,0.6662666201591492
YGL126W,YBR016W,0,-0.99665344,0.09666486084461212,0.7122877240180969,0.6663666367530823
YGR057C,YDL119C,0,-0.99671793,0.09665175527334213,0.7122877240180969,0.6664666533470154
YPL203W,YDR243C,0,-0.9968333,0.09663865715265274,0.7122877240180969,0.6665666699409485
YJR035W,YDR165W,0,-0.99688244,0.09662555903196335,0.7122877240180969,0.6666666865348816
YGL212W,YBR217W,1,-0.99704826,0.09674796462059021,0.7132866978645325,0.6666666865348816
YNL173C,YER071C,0,-0.9971458,0.09673485904932022,0.7132866978645325,0.6667667031288147
YBL056W,YMR001C,0,-0.99725616,0.09672175347805023,0.7132866978645325,0.666866660118103
YMR192W,YNL118C,0,-0.9973239,0.09670865535736084,0.7132866978645325,0.6669666767120361
YGR244C,YPR071W,0,-0.9975574,0.09669555723667145,0.7132866978645325,0.6670666933059692
YDL076C,YDR395W,0,-0.997681,0.09668246656656265,0.7132866978645325,0.6671667098999023
YKL149C,YDR200C,0,-0.9977441,0.09666937589645386,0.7132866978645325,0.6672667264938354
YKL026C,YPR071W,0,-0.99782157,0.09665628522634506,0.7132866978645325,0.6673667430877686
YNL038W,YPL010W,0,-0.9978764,0.09664320200681686,0.7132866978645325,0.6674667596817017
YHR197W,YPR155C,0,-0.9979075,0.09663012623786926,0.7132866978645325,0.6675667762756348
YIL148W,YOR009W,0,-0.9981872,0.09661705046892166,0.7132866978645325,0.6676667928695679
YAL007C,YAL026C,0,-0.9982058,0.09660397469997406,0.7132866978645325,0.6677667498588562
YDL189W,YPR057W,0,-0.9982574,0.09659090638160706,0.7132866978645325,0.6678667664527893
YML004C,YGL092W,0,-0.998266,0.09657784551382065,0.7132866978645325,0.6679667830467224
YDL189W,YPL203W,0,-0.99837303,0.09656478464603424,0.7132866978645325,0.6680667996406555
YDL243C,YLR054C,0,-0.99843144,0.09655172377824783,0.7132866978645325,0.6681668162345886
YDL220C,YER033C,0,-0.99863076,0.09653867036104202,0.7132866978645325,0.6682668328285217
YMR313C,YPL040C,0,-0.9986558,0.09652561694383621,0.7132866978645325,0.6683668494224548
YIL011W,YER060W,0,-0.99886644,0.096512570977211,0.7132866978645325,0.6684668660163879
YDL149W,YBR217W,1,-0.9989253,0.09663467854261398,0.7142857313156128,0.6684668660163879
YLR260W,YMR177W,0,-0.9990027,0.09662162512540817,0.7142857313156128,0.668566882610321
YOR049C,YMR131C,0,-0.9990165,0.09660856425762177,0.7142857313156128,0.6686668395996094
YFL005W,YMR002W,0,-0.9991274,0.09659551829099655,0.7142857313156128,0.6687668561935425
YDR372C,YOR383C,0,-0.9991412,0.09658246487379074,0.7142857313156128,0.6688668727874756
YDR201W,YLL014W,0,-0.99920845,0.09656941890716553,0.7142857313156128,0.6689668893814087
YDL240W,YHL028W,0,-0.99921715,0.09655638039112091,0.7142857313156128,0.6690669059753418
YFL056C,YDR261C,0,-0.9992212,0.0965433418750763,0.7142857313156128,0.6691669225692749
YDR075W,YHR138C,0,-0.9994656,0.09653031080961227,0.7142857313156128,0.669266939163208
YBR016W,YBR094W,0,-0.9995421,0.09651727974414825,0.7142857313156128,0.6693669557571411
YBR029C,YGL092W,0,-0.999612,0.09650424867868423,0.7142857313156128,0.6694669723510742
YGL067W,YLR293C,0,-0.9996383,0.09649122506380081,0.7142857313156128,0.6695669293403625
YPL253C,YCR063W,0,-0.99966836,0.09647820889949799,0.7142857313156128,0.6696669459342957
YGL053W,YHR114W,0,-0.99969745,0.09646519273519516,0.7142857313156128,0.6697669625282288
YEL005C,YLR413W,0,-0.99970543,0.09645217657089233,0.7142857313156128,0.6698669791221619
YDL149W,YKL051W,1,-0.99977624,0.09657404571771622,0.7152847051620483,0.6698669791221619
YHR103W,YCL044C,0,-0.9997808,0.0965610221028328,0.7152847051620483,0.669966995716095
YOR250C,YPR034W,0,-0.999861,0.09654800593852997,0.7152847051620483,0.6700670123100281
YGL028C,YML100W,0,-0.999871,0.09653498977422714,0.7152847051620483,0.6701670289039612
YIL007C,YDR009W,0,-0.9998723,0.09652197360992432,0.7152847051620483,0.6702670454978943
YML059C,YMR313C,0,-1.0000097,0.09650896489620209,0.7152847051620483,0.6703670620918274
YPR034W,YOR009W,0,-1.000138,0.09649595618247986,0.7152847051620483,0.6704670190811157
YEL013W,YNL054W,1,-1.0004541,0.09661770612001419,0.7162837386131287,0.6704670190811157
YKL016C,YDL124W,0,-1.0005329,0.09660468995571136,0.7162837386131287,0.6705670356750488
YNL243W,YPL063W,0,-1.0006343,0.09659167379140854,0.7162837386131287,0.6706670522689819
YPL141C,YKL005C,0,-1.0007427,0.09657866507768631,0.7162837386131287,0.670767068862915
YBL051C,YGR211W,0,-1.0009791,0.09656565636396408,0.7162837386131287,0.6708670854568481
YGL115W,YEL044W,0,-1.0009817,0.09655265510082245,0.7162837386131287,0.6709671020507812
YLR085C,YOR117W,0,-1.0011027,0.09653965383768082,0.7162837386131287,0.6710671186447144
YLR248W,YGR253C,0,-1.0011786,0.09652665257453918,0.7162837386131287,0.6711671352386475
YIL098C,YPR133C,0,-1.0011864,0.09651366621255875,0.7162837386131287,0.6712671518325806
YFR027W,YJL216C,0,-1.0013119,0.09650067239999771,0.7162837386131287,0.6713671088218689
YDR127W,YER129W,0,-1.001352,0.09648768603801727,0.7162837386131287,0.671467125415802
YKL077W,YBL025W,0,-1.0013846,0.09647470712661743,0.7162837386131287,0.6715671420097351
YGL098W,YNL142W,0,-1.0014051,0.09646172821521759,0.7162837386131287,0.6716671586036682
YOR192C,YCR063W,0,-1.0016841,0.09644874930381775,0.7162837386131287,0.6717671751976013
YLL018C,YPR086W,0,-1.0016903,0.0964357778429985,0.7162837386131287,0.6718671917915344
YPR155C,YOR110W,0,-1.001749,0.09642280638217926,0.7162837386131287,0.6719672083854675
YNL240C,YNR053C,0,-1.0017624,0.09640984237194061,0.7162837386131287,0.6720672249794006
YCL017C,YGL144C,0,-1.0017751,0.09639687836170197,0.7162837386131287,0.6721672415733337
YLR004C,YCL016C,0,-1.0017824,0.09638392180204391,0.7162837386131287,0.6722671985626221
YLR061W,YJL196C,0,-1.0017898,0.09637096524238586,0.7162837386131287,0.6723672151565552
YHL015W,YAL026C,0,-1.0019132,0.09635801613330841,0.7162837386131287,0.6724672317504883
YPL137C,YDR343C,0,-1.0019546,0.09634506702423096,0.7162837386131287,0.6725672483444214
YIL098C,YFR040W,0,-1.0021225,0.0963321253657341,0.7162837386131287,0.6726672649383545
YLR019W,YMR091C,0,-1.0021697,0.09631918370723724,0.7162837386131287,0.6727672815322876
YBL014C,YHR193C,0,-1.002184,0.09630624949932098,0.7162837386131287,0.6728672981262207
YJL162C,YOL069W,0,-1.002274,0.09629331529140472,0.7162837386131287,0.6729673147201538
YLR085C,YKR007W,0,-1.0022762,0.09628038108348846,0.7162837386131287,0.6730673313140869
YBR015C,YDR110W,0,-1.0025095,0.0962674543261528,0.7162837386131287,0.6731672883033752
YML057W,YEL032W,0,-1.0026413,0.09625452756881714,0.7162837386131287,0.6732673048973083
YFR027W,YBR028C,0,-1.0026468,0.09624160826206207,0.7162837386131287,0.6733673214912415
YML100W,YDR301W,0,-1.0027754,0.0962286964058876,0.7162837386131287,0.6734673380851746
YBR003W,YPL063W,0,-1.0028969,0.09621578454971313,0.7162837386131287,0.6735673546791077
YKL026C,YJL173C,0,-1.0029417,0.09620287269353867,0.7162837386131287,0.6736673712730408
YMR215W,YKR027W,0,-1.0029494,0.0961899682879448,0.7162837386131287,0.6737673878669739
YAL019W,YJL197W,0,-1.0029612,0.09617706388235092,0.7162837386131287,0.673867404460907
YDR023W,YPL010W,0,-1.003013,0.09616415947675705,0.7162837386131287,0.6739674210548401
YJR102C,YER014W,0,-1.0031306,0.09615126997232437,0.7162837386131287,0.6740673780441284
YOR091W,YKR027W,0,-1.0031662,0.0961383730173111,0.7162837386131287,0.6741673946380615
YER176W,YGR217W,0,-1.0031687,0.09612548351287842,0.7162837386131287,0.6742674112319946
YIL048W,YCL063W,1,-1.0032114,0.09624665230512619,0.7172827124595642,0.6742674112319946
YML023C,YLR360W,0,-1.003212,0.09623374789953232,0.7172827124595642,0.6743674278259277
YPL105C,YLR333C,0,-1.0032212,0.09622085094451904,0.7172827124595642,0.6744674444198608
YLR423C,YDR080W,1,-1.0032355,0.09634195268154144,0.7182817459106445,0.6744674444198608
YGL061C,YLR220W,0,-1.0032417,0.09632904827594757,0.7182817459106445,0.674567461013794
YGL005C,YOR260W,0,-1.0032594,0.0963161438703537,0.7182817459106445,0.674667477607727
YJL162C,YGR283C,0,-1.0034267,0.09630323946475983,0.7182817459106445,0.6747674942016602
YIL048W,YDR495C,1,-1.0035408,0.09642426669597626,0.7192807197570801,0.6747674942016602
YDR201W,YNL221C,0,-1.003547,0.09641135483980179,0.7192807197570801,0.6748675107955933
YKR053C,YBL007C,0,-1.0036254,0.09639845043420792,0.7192807197570801,0.6749674677848816
YER143W,YGR004W,0,-1.0037159,0.09638553857803345,0.7192807197570801,0.6750674843788147
YOL042W,YJR049C,0,-1.0042945,0.09637264162302017,0.7192807197570801,0.6751675009727478
YKL191W,YML013W,0,-1.0042996,0.0963597446680069,0.7192807197570801,0.6752675175666809
YBR279W,YLR248W,0,-1.0046536,0.09634684771299362,0.7192807197570801,0.675367534160614
YOR267C,YLR102C,0,-1.0047108,0.09633395820856094,0.7192807197570801,0.6754675507545471
YPR071W,YER015W,0,-1.0047656,0.09632106870412827,0.7192807197570801,0.6755675673484802
YAL019W,YLR017W,0,-1.0048355,0.09630818665027618,0.7192807197570801,0.6756675839424133
YPL209C,YPL248C,0,-1.0048957,0.0962953045964241,0.7192807197570801,0.6757676005363464
YGR224W,YMR131C,0,-1.0049338,0.09628242999315262,0.7192807197570801,0.6758675575256348
YOR258W,YDR284C,0,-1.0051762,0.09626955538988113,0.7192807197570801,0.6759675741195679
YCL048W,YDL211C,0,-1.0052726,0.09625668078660965,0.7192807197570801,0.676067590713501
YOR117W,YIL118W,0,-1.0052791,0.09624382108449936,0.7192807197570801,0.6761676073074341
YIL098C,YKL005C,0,-1.0054009,0.09623095393180847,0.7192807197570801,0.6762676239013672
YOL122C,YNL130C,0,-1.0054721,0.09621809422969818,0.7192807197570801,0.6763676404953003
YPL043W,YHR014W,0,-1.0055273,0.09620523452758789,0.7192807197570801,0.6764676570892334
YJL012C,YLL031C,0,-1.0055803,0.0961923822760582,0.7192807197570801,0.6765676736831665
YBR065C,YBR301W,0,-1.0055821,0.0961795374751091,0.7192807197570801,0.6766676902770996
YNL094W,YPR174C,0,-1.0059241,0.0961666852235794,0.7192807197570801,0.6767676472663879
YCL044C,YER060W,0,-1.0061166,0.09615384787321091,0.7192807197570801,0.676867663860321
YBR089C-A,YHR157W,0,-1.0061476,0.09614101052284241,0.7192807197570801,0.6769676804542542
YJL179W,YLR328W,0,-1.0062021,0.09612817317247391,0.7192807197570801,0.6770676970481873
YDR325W,YML057W,0,-1.006297,0.09611533582210541,0.7192807197570801,0.6771677136421204
YFR047C,YGR208W,0,-1.0065432,0.0961025059223175,0.7192807197570801,0.6772677302360535
YJR120W,YPL221W,0,-1.0065695,0.0960896834731102,0.7192807197570801,0.6773677468299866
YMR215W,YNL156C,0,-1.0067754,0.0960768610239029,0.7192807197570801,0.6774677634239197
YFL025C,YGL144C,0,-1.0068388,0.09606404602527618,0.7192807197570801,0.6775677800178528
YHL015W,YDL139C,0,-1.0068446,0.09605123102664948,0.7192807197570801,0.6776677370071411
YGR099W,YLR292C,0,-1.0070109,0.09603841602802277,0.7192807197570801,0.6777677536010742
YBR016W,YDR303C,0,-1.0070213,0.09602560847997665,0.7192807197570801,0.6778677701950073
YJL054W,YJR117W,0,-1.0071185,0.09601280093193054,0.7192807197570801,0.6779677867889404
YLR039C,YMR153W,0,-1.0074176,0.09600000083446503,0.7192807197570801,0.6780678033828735
YDR427W,YLR337C,0,-1.0074426,0.09598720073699951,0.7192807197570801,0.6781678199768066
YDR023W,YPL061W,0,-1.0074553,0.0959744080901146,0.7192807197570801,0.6782678365707397
YPL203W,YKL054C,0,-1.0076128,0.09596161544322968,0.7192807197570801,0.6783678531646729
YOL009C,YGR142W,0,-1.007867,0.09594883024692535,0.7192807197570801,0.678467869758606
YPL056C,YLL057C,0,-1.0080109,0.09593604505062103,0.7192807197570801,0.6785678863525391
YDL072C,YMR286W,0,-1.0080882,0.09592325985431671,0.7192807197570801,0.6786678433418274
YGR217W,YGR161C,0,-1.0082004,0.09591048210859299,0.7192807197570801,0.6787678599357605
YNL223W,YGR209C,1,-1.0082803,0.09603089839220047,0.7202796936035156,0.6787678599357605
YDL230W,YGL192W,0,-1.0082889,0.09601811319589615,0.7202796936035156,0.6788678765296936
YGL098W,YGL144C,0,-1.0083268,0.09600532799959183,0.7202796936035156,0.6789678931236267
YML004C,YLR007W,0,-1.008392,0.0959925428032875,0.7202796936035156,0.6790679097175598
YDR108W,YLR413W,0,-1.0083922,0.09597976505756378,0.7202796936035156,0.6791679263114929
YBR046C,YKL054C,0,-1.0084324,0.09596698731184006,0.7202796936035156,0.679267942905426
YDR398W,YDL211C,0,-1.0085162,0.09595421701669693,0.7202796936035156,0.6793679594993591
YDL077C,YJL012C,1,-1.0085582,0.09607451409101486,0.721278727054596,0.6793679594993591
YLR323C,YDL139C,0,-1.0086606,0.09606173634529114,0.721278727054596,0.6794679760932922
YGL142C,YHR111W,0,-1.0087364,0.09604895859956741,0.721278727054596,0.6795679330825806
YGR080W,YPL117C,0,-1.0088762,0.09603618085384369,0.721278727054596,0.6796679496765137
YIL052C,YDL139C,0,-1.0090232,0.09602341055870056,0.721278727054596,0.6797679662704468
YDR309C,YNL111C,0,-1.0091624,0.09601064026355743,0.721278727054596,0.6798679828643799
YGR057C,YGR040W,0,-1.0093642,0.0959978699684143,0.721278727054596,0.679967999458313
YKR075C,YDR019C,0,-1.0094025,0.09598510712385178,0.721278727054596,0.6800680160522461
YNL054W,YLR196W,0,-1.0094138,0.09597235172986984,0.721278727054596,0.6801680326461792
YPR169W,YLR466W,0,-1.0094773,0.09595959633588791,0.721278727054596,0.6802680492401123
YNL023C,YDL211C,0,-1.0095248,0.09594684094190598,0.721278727054596,0.6803680658340454
YNR055C,YNL161W,0,-1.0095396,0.09593409299850464,0.721278727054596,0.6804680228233337
YLR234W,YLR052W,0,-1.0095657,0.0959213525056839,0.721278727054596,0.6805680394172668
YPL146C,YNR059W,0,-1.0095932,0.09590860456228256,0.721278727054596,0.6806680560112
YDL003W,YDR175C,0,-1.0096179,0.09589587152004242,0.721278727054596,0.6807680726051331
YDR091C,YLR248W,0,-1.009629,0.09588313102722168,0.721278727054596,0.6808680891990662
YGR103W,YJL026W,0,-1.0096827,0.09587040543556213,0.721278727054596,0.6809681057929993
YOL121C,YJR027W,0,-1.0098902,0.09585767239332199,0.721278727054596,0.6810681223869324
YML059C,YNL164C,0,-1.0099503,0.09584494680166245,0.721278727054596,0.6811681389808655
YBR101C,YHR114W,0,-1.0099926,0.0958322286605835,0.721278727054596,0.6812681555747986
YPL100W,YOR060C,0,-1.009997,0.09581951051950455,0.721278727054596,0.6813681125640869
YOL144W,YJR118C,0,-1.0101261,0.0958067923784256,0.721278727054596,0.68146812915802
YLR004C,YGR003W,0,-1.010707,0.09579408168792725,0.721278727054596,0.6815681457519531
YGR165W,YBL005W,0,-1.0107194,0.0957813709974289,0.721278727054596,0.6816681623458862
YHR103W,YJR120W,0,-1.0108659,0.09576866775751114,0.721278727054596,0.6817681789398193
YOL042W,YOR158W,0,-1.010893,0.09575596451759338,0.721278727054596,0.6818681955337524
YNL045W,YNL247W,0,-1.0109907,0.09574326872825623,0.721278727054596,0.6819682121276855
YKL155C,YNL164C,0,-1.0109926,0.09573057293891907,0.721278727054596,0.6820682287216187
YNL167C,YNL048W,0,-1.0110263,0.0957178846001625,0.721278727054596,0.6821682453155518
YJR102C,YDL091C,0,-1.0111027,0.09570519626140594,0.721278727054596,0.6822682023048401
YFL004W,YLR043C,1,-1.0112048,0.09582504630088806,0.7222777009010315,0.6822682023048401
YLL067C,YPL179W,0,-1.0112879,0.0958123505115509,0.7222777009010315,0.6823682188987732
YOL126C,YLR328W,0,-1.0112971,0.09579965472221375,0.7222777009010315,0.6824682354927063
YKL043W,YPL075W,0,-1.0113143,0.09578696638345718,0.7222777009010315,0.6825682520866394
YHL031C,YLR056W,0,-1.0114188,0.09577427804470062,0.7222777009010315,0.6826682686805725
YPR003C,YIR031C,0,-1.0114813,0.09576158970594406,0.7222777009010315,0.6827682852745056
YGR170W,YPR131C,0,-1.0115435,0.0957489088177681,0.7222777009010315,0.6828683018684387
YAL019W,YNR071C,0,-1.011651,0.09573622792959213,0.7222777009010315,0.6829683184623718
YOL122C,YEL044W,0,-1.0117242,0.09572355449199677,0.7222777009010315,0.6830683350563049
YPL224C,YBL063W,0,-1.0117642,0.0957108810544014,0.7222777009010315,0.6831682920455933
YGL028C,YDR261C,0,-1.0117953,0.09569821506738663,0.7222777009010315,0.6832683086395264
YPL176C,YJR052W,0,-1.0118248,0.09568554908037186,0.7222777009010315,0.6833683252334595
YMR192W,YFR024C-A,0,-1.0118889,0.09567288309335709,0.7222777009010315,0.6834683418273926
YDR190C,YER159C,0,-1.0119184,0.09566022455692291,0.7222777009010315,0.6835683584213257
YGR103W,YOR059C,0,-1.0119425,0.09564757347106934,0.7222777009010315,0.6836683750152588
YPL209C,YCR018C,0,-1.0120411,0.09563492238521576,0.7222777009010315,0.6837683916091919
YPL019C,YDR495C,1,-1.0121676,0.09575452655553818,0.7232767343521118,0.6837683916091919
YOL076W,YGL107C,0,-1.0121968,0.095741868019104,0.7232767343521118,0.683868408203125
YOR236W,YLR248W,0,-1.0122362,0.09572920948266983,0.7232767343521118,0.6839684247970581
YFR010W,YGR138C,0,-1.012335,0.09571655094623566,0.7232767343521118,0.6840683817863464
YGL067W,YML061C,0,-1.0124723,0.09570389986038208,0.7232767343521118,0.6841683983802795
YBR101C,YNL065W,0,-1.0125995,0.0956912487745285,0.7232767343521118,0.6842684149742126
YDR365C,YGR122W,0,-1.0126426,0.09567860513925552,0.7232767343521118,0.6843684315681458
YHR205W,YGL093W,0,-1.0127494,0.09566596150398254,0.7232767343521118,0.6844684481620789
YBL035C,YIL120W,0,-1.0128425,0.09565332531929016,0.7232767343521118,0.684568464756012
YIL048W,YNL223W,1,-1.0129296,0.09577278792858124,0.7242757081985474,0.684568464756012
YMR063W,YOR132W,0,-1.0129464,0.09576013684272766,0.7242757081985474,0.6846684813499451
YLL016W,YOR320C,0,-1.0129617,0.09574749320745468,0.7242757081985474,0.6847684979438782
YPL137C,YPR037C,0,-1.013239,0.0957348495721817,0.7242757081985474,0.6848685145378113
YBR181C,YOR109W,0,-1.0133255,0.09572220593690872,0.7242757081985474,0.6849684715270996
YGL142C,YDR098C,0,-1.0133467,0.09570956975221634,0.7242757081985474,0.6850684881210327
YDR204W,YJR108W,0,-1.0133659,0.09569694101810455,0.7242757081985474,0.6851685047149658
YBL007C,YDR025W,0,-1.0134497,0.09568430483341217,0.7242757081985474,0.6852685213088989
YGL096W,YBL005W,0,-1.0134993,0.09567168354988098,0.7242757081985474,0.685368537902832
YGR165W,YPR169W,0,-1.0135533,0.0956590548157692,0.7242757081985474,0.6854685544967651
YJL094C,YDL113C,0,-1.013998,0.0956464409828186,0.7242757081985474,0.6855685710906982
YOR192C,YCL068C,0,-1.0140383,0.09563381969928741,0.7242757081985474,0.6856685876846313
YPL209C,YNL065W,0,-1.0141705,0.09562120586633682,0.7242757081985474,0.6857686042785645
YKL014C,YPL140C,0,-1.0144415,0.09560859948396683,0.7242757081985474,0.6858685612678528
YMR274C,YGR211W,0,-1.0145406,0.09559599310159683,0.7242757081985474,0.6859685778617859
YPL175W,YIL033C,0,-1.0147331,0.09558338671922684,0.7242757081985474,0.686068594455719
YPR008W,YJL208C,0,-1.0148625,0.09557078778743744,0.7242757081985474,0.6861686110496521
YOR032C,YBR003W,0,-1.0150447,0.09555818885564804,0.7242757081985474,0.6862686276435852
YKL192C,YGR260W,0,-1.0151019,0.09554559737443924,0.7242757081985474,0.6863686442375183
YOL084W,YBR045C,0,-1.0153825,0.09553300589323044,0.7242757081985474,0.6864686608314514
YIL041W,YGR209C,1,-1.0154499,0.09565217047929764,0.7252747416496277,0.6864686608314514
YCL029C,YDL223C,0,-1.0155246,0.09563957154750824,0.7252747416496277,0.6865686774253845
YIL048W,YEL013W,1,-1.0156701,0.09575869143009186,0.7262737154960632,0.6865686774253845
YPL173W,YKL039W,0,-1.0158472,0.09574608504772186,0.7262737154960632,0.6866686940193176
YAL015C,YDR122W,0,-1.015942,0.09573347121477127,0.7262737154960632,0.686768651008606
YNL103W,YMR156C,0,-1.0160446,0.09572087228298187,0.7262737154960632,0.6868686676025391
YNL015W,YHR174W,1,-1.0161109,0.09583991765975952,0.7272727489471436,0.6868686676025391
YDR007W,YDR365C,0,-1.0163202,0.09582730382680893,0.7272727489471436,0.6869686841964722
YPL115C,YJR117W,0,-1.0164504,0.09581468999385834,0.7272727489471436,0.6870687007904053
YAL048C,YOR207C,0,-1.016467,0.09580207616090775,0.7272727489471436,0.6871687173843384
YDR045C,YKL051W,0,-1.0165039,0.09578947722911835,0.7272727489471436,0.6872687339782715
YJL174W,YPL254W,0,-1.0167125,0.09577687084674835,0.7272727489471436,0.6873687505722046
YLR085C,YHR149C,0,-1.0167916,0.09576427191495895,0.7272727489471436,0.6874687671661377
YMR215W,YIL038C,0,-1.0168672,0.09575168043375015,0.7272727489471436,0.6875687837600708
YDR372C,YIL154C,0,-1.0169072,0.09573908150196075,0.7272727489471436,0.6876687407493591
YDR150W,YJR150C,0,-1.0170482,0.09572649747133255,0.7272727489471436,0.6877687573432922
YKL141W,YDR005C,0,-1.017055,0.09571391344070435,0.7272727489471436,0.6878687739372253
YHL028W,YAL007C,0,-1.0171444,0.09570132941007614,0.7272727489471436,0.6879687905311584
YHR202W,YLR328W,0,-1.0171938,0.09568874537944794,0.7272727489471436,0.6880688071250916
YLR431C,YCL063W,1,-1.0173299,0.09580759704113007,0.7282717227935791,0.6880688071250916
YOR117W,YFL005W,0,-1.0173728,0.09579500555992126,0.7282717227935791,0.6881688237190247
YIL041W,YER072W,1,-1.017468,0.09591381251811981,0.7292707562446594,0.6881688237190247
YJL162C,YCR065W,0,-1.0175581,0.09590120613574982,0.7292707562446594,0.6882688403129578
YDR323C,YMR091C,0,-1.017749,0.09588861465454102,0.7292707562446594,0.6883688569068909
YGL092W,YBR015C,0,-1.0177891,0.09587601572275162,0.7292707562446594,0.688468873500824
YGL028C,YLR131C,0,-1.0178193,0.09586342424154282,0.7292707562446594,0.6885688304901123
YGL212W,YOR068C,1,-1.0179111,0.0959821417927742,0.730269730091095,0.6885688304901123
YLR249W,YOR249C,0,-1.0179806,0.0959695428609848,0.730269730091095,0.6886688470840454
YLR324W,YPL010W,0,-1.0180892,0.0959569439291954,0.730269730091095,0.6887688636779785
YMR234W,YNL025C,0,-1.0182147,0.0959443524479866,0.730269730091095,0.6888688802719116
YGL098W,YBL047C,0,-1.0182215,0.0959317609667778,0.730269730091095,0.6889688968658447
YGL231C,YDR244W,0,-1.0183493,0.095919169485569,0.730269730091095,0.6890689134597778
YAL002W,YDR126W,1,-1.0184642,0.09603778272867203,0.7312687039375305,0.6890689134597778
YCL068C,YOL096C,0,-1.0184668,0.09602518379688263,0.7312687039375305,0.6891689300537109
YGL212W,YKL051W,1,-1.0185318,0.09614375978708267,0.7322677373886108,0.6891689300537109
YML023C,YBL005W,0,-1.0185461,0.09613114595413208,0.7322677373886108,0.689268946647644
YPL141C,YPL043W,0,-1.0187474,0.09611853957176208,0.7322677373886108,0.6893689632415771
YKL110C,YER028C,0,-1.0187805,0.09610594063997269,0.7322677373886108,0.6894689202308655
YER028C,YLR007W,0,-1.0187885,0.09609334170818329,0.7322677373886108,0.6895689368247986
YDL230W,YLR006C,0,-1.0188222,0.09608074277639389,0.7322677373886108,0.6896689534187317
YJL167W,YKR085C,0,-1.0188445,0.09606815129518509,0.7322677373886108,0.6897689700126648
YJL078C,YBR003W,0,-1.018878,0.09605555981397629,0.7322677373886108,0.6898689866065979
YMR048W,YMR225C,0,-1.018878,0.09604297578334808,0.7322677373886108,0.689969003200531
YOR119C,YDR427W,0,-1.01893,0.09603039175271988,0.7322677373886108,0.6900690197944641
YKL110C,YFR034C,0,-1.0189658,0.09601781517267227,0.7322677373886108,0.6901690363883972
YLR293C,YPR046W,0,-1.0190089,0.09600523859262466,0.7322677373886108,0.6902690529823303
YOR334W,YNL318C,0,-1.0192196,0.09599266946315765,0.7322677373886108,0.6903690099716187
YLR039C,YPR141C,0,-1.0192473,0.09598010033369064,0.7322677373886108,0.6904690265655518
YOR101W,YKR085C,0,-1.0193155,0.09596753120422363,0.7322677373886108,0.6905690431594849
YOR258W,YGL192W,0,-1.019362,0.09595496952533722,0.7322677373886108,0.690669059753418
YLR328W,YLR263W,0,-1.0194043,0.0959424078464508,0.7322677373886108,0.6907690763473511
YNR048W,YCR038C,0,-1.0194358,0.09592985361814499,0.7322677373886108,0.6908690929412842
YPL045W,YDR495C,1,-1.0194402,0.09604815393686295,0.7332667112350464,0.6908690929412842
YPR131C,YBR060C,0,-1.0194519,0.09603558480739594,0.7332667112350464,0.6909691095352173
YPR175W,YIL120W,0,-1.0195305,0.09602302312850952,0.7332667112350464,0.6910691261291504
YLR083C,YNL190W,0,-1.0195394,0.09601046144962311,0.7332667112350464,0.6911691427230835
YPR057W,YFR034C,0,-1.0196245,0.09599790722131729,0.7332667112350464,0.6912690997123718
YML011C,YGL092W,0,-1.0197105,0.09598535299301147,0.7332667112350464,0.6913691163063049
YFL005W,YLR200W,0,-1.019739,0.09597280621528625,0.7332667112350464,0.691469132900238
YDL098C,YGL027C,0,-1.0197881,0.09596025943756104,0.7332667112350464,0.6915691494941711
YFL005W,YJL035C,0,-1.0198379,0.09594771265983582,0.7332667112350464,0.6916691660881042
YOR177C,YNR059W,0,-1.0201014,0.09593517333269119,0.7332667112350464,0.6917691826820374
YDR325W,YMR237W,0,-1.02064,0.09592263400554657,0.7332667112350464,0.6918691992759705
YKR077W,YKR034W,0,-1.0206966,0.09591010212898254,0.7332667112350464,0.6919692158699036
YFL004W,YMR231W,1,-1.0208148,0.09602822363376617,0.7342657446861267,0.6919692158699036
YLR175W,YOL095C,0,-1.0209835,0.09601567685604095,0.7342657446861267,0.6920692324638367
YPL076W,YMR133W,0,-1.0211141,0.09600313752889633,0.7342657446861267,0.692169189453125
YPL146C,YFR053C,0,-1.0211756,0.09599059820175171,0.7342657446861267,0.6922692060470581
YMR076C,YDR437W,0,-1.0212748,0.09597805887460709,0.7342657446861267,0.6923692226409912
YDR372C,YPR174C,0,-1.0213107,0.09596553444862366,0.7342657446861267,0.6924692392349243
YLR039C,YDL046W,0,-1.0213507,0.09595300257205963,0.7342657446861267,0.6925692558288574
YIL147C,YDL145C,0,-1.0214667,0.0959404781460762,0.7342657446861267,0.6926692724227905
YEL019C,YER014W,0,-1.0215021,0.09592795372009277,0.7342657446861267,0.6927692890167236
YKR007W,YBR295W,0,-1.0215153,0.09591543674468994,0.7342657446861267,0.6928693056106567
YHR158C,YGL231C,0,-1.0217332,0.09590291976928711,0.7342657446861267,0.6929693222045898
YER139C,YBR162C,0,-1.0218061,0.09589041024446487,0.7342657446861267,0.6930692791938782
YMR001C,YBR301W,0,-1.0219172,0.09587790071964264,0.7342657446861267,0.6931692957878113
YOR004W,YDR105C,0,-1.0219494,0.095865398645401,0.7342657446861267,0.6932693123817444
YDL149W,YGL226W,0,-1.0221215,0.09585289657115936,0.7342657446861267,0.6933693289756775
YLR382C,YLR432W,0,-1.0221351,0.09584039449691772,0.7342657446861267,0.6934693455696106
YMR053C,YLL006W,0,-1.0221992,0.09582789987325668,0.7342657446861267,0.6935693621635437
YMR192W,YDR367W,0,-1.022206,0.09581540524959564,0.7342657446861267,0.6936693787574768
YDR148C,YBR078W,0,-1.0222808,0.0958029180765152,0.7342657446861267,0.6937693953514099
YJL110C,YNL263C,0,-1.0225081,0.09579043090343475,0.7342657446861267,0.693869411945343
YOR156C,YDL124W,0,-1.022515,0.0957779511809349,0.7342657446861267,0.6939693689346313
YHL003C,YNL041C,0,-1.022566,0.09576547145843506,0.7342657446861267,0.6940693855285645
YLR431C,YBR109C,1,-1.0225902,0.09588327258825302,0.7352647185325623,0.6940693855285645
YJL127C,YNL194C,0,-1.0226291,0.09587078541517258,0.7352647185325623,0.6941694021224976
YDR317W,YDL117W,0,-1.0227652,0.09585829824209213,0.7352647185325623,0.6942694187164307
YBR114W,YCL064C,0,-1.0227771,0.09584581106901169,0.7352647185325623,0.6943694353103638
YGL226W,YJR096W,0,-1.0227934,0.09583333134651184,0.7352647185325623,0.6944694519042969
YCL064C,YGL198W,0,-1.0230404,0.09582085907459259,0.7352647185325623,0.69456946849823
YNL173C,YKR079C,0,-1.0231165,0.09580838680267334,0.7352647185325623,0.6946694850921631
YAL015C,YMR055C,0,-1.0231638,0.09579591453075409,0.7352647185325623,0.6947695016860962
YML098W,YDR350C,0,-1.0232366,0.09578344970941544,0.7352647185325623,0.6948694586753845
YLL048C,YDR135C,0,-1.023343,0.09577098488807678,0.7352647185325623,0.6949694752693176
YKL029C,YBR028C,0,-1.0234474,0.09575852006673813,0.7352647185325623,0.6950694918632507
YMR015C,YNL062C,0,-1.0235449,0.09574606269598007,0.7352647185325623,0.6951695084571838
YCR086W,YLR409C,0,-1.0236663,0.09573361277580261,0.7352647185325623,0.6952695250511169
YHR122W,YDL012C,0,-1.0237213,0.09572116285562515,0.7352647185325623,0.69536954164505
YLR277C,YKR007W,0,-1.0238186,0.09570871293544769,0.7352647185325623,0.6954695582389832
YLR006C,YOR372C,0,-1.0238519,0.09569627046585083,0.7352647185325623,0.6955695748329163
YJL054W,YBL056W,0,-1.0238545,0.09568382799625397,0.7352647185325623,0.6956695914268494
YLR004C,YOR158W,0,-1.0238593,0.0956713929772377,0.7352647185325623,0.6957695484161377
YDR463W,YGL107C,0,-1.0238724,0.09565895795822144,0.7352647185325623,0.6958695650100708
YMR110C,YDR384C,0,-1.0239412,0.09564652293920517,0.7352647185325623,0.6959695816040039
YIL048W,YPL100W,1,-1.023949,0.09576403349637985,0.7362637519836426,0.6959695816040039
YNL294C,YOR260W,0,-1.0239909,0.09575159102678299,0.7362637519836426,0.696069598197937
YGR174C,YPR046W,0,-1.0240413,0.09573915600776672,0.7362637519836426,0.6961696147918701
YLR148W,YNL054W,1,-1.0241455,0.09585660696029663,0.7372627258300781,0.6961696147918701
YGR181W,YDR007W,0,-1.0241977,0.09584415704011917,0.7372627258300781,0.6962696313858032
YCR031C,YOR319W,0,-1.024313,0.09583170711994171,0.7372627258300781,0.6963696479797363
YDL018C,YLR058C,0,-1.0243452,0.09581926465034485,0.7372627258300781,0.6964696645736694
YGR082W,YMR205C,0,-1.0243781,0.09580682963132858,0.7372627258300781,0.6965696811676025
YFR027W,YGR208W,0,-1.0246464,0.09579439461231232,0.7372627258300781,0.6966696381568909
YHR039C-A,YBR105C,1,-1.0248331,0.09591174870729446,0.7382617592811584,0.6966696381568909
YIL069C,YFR038W,0,-1.0248597,0.095899298787117,0.7382617592811584,0.696769654750824
YPL168W,YDR105C,0,-1.0249219,0.09588685631752014,0.7382617592811584,0.6968696713447571
YOR002W,YLR460C,0,-1.0249307,0.09587441384792328,0.7382617592811584,0.6969696879386902
YNL036W,YOR113W,0,-1.0249454,0.09586197882890701,0.7382617592811584,0.6970697045326233
YDL189W,YJR050W,0,-1.0249509,0.09584954380989075,0.7382617592811584,0.6971697211265564
YGL167C,YLR328W,0,-1.0250098,0.09583711624145508,0.7382617592811584,0.6972697377204895
YGL005C,YPL049C,0,-1.0250728,0.09582468867301941,0.7382617592811584,0.6973697543144226
YOR026W,YIL008W,0,-1.0251456,0.09581226855516434,0.7382617592811584,0.6974697709083557
YOL098C,YDR165W,0,-1.0251783,0.09579984098672867,0.7382617592811584,0.697569727897644
YDL220C,YKL052C,0,-1.0252309,0.0957874283194542,0.7382617592811584,0.6976697444915771
YNL054W,YLR093C,1,-1.025279,0.09590461105108261,0.739260733127594,0.6976697444915771
YGR046W,YNR053C,0,-1.0254525,0.09589218348264694,0.739260733127594,0.6977697610855103
YNL199C,YOL116W,0,-1.0254682,0.09587976336479187,0.739260733127594,0.6978697776794434
YOR177C,YBR189W,0,-1.0254698,0.0958673432469368,0.739260733127594,0.6979697942733765
YOR247W,YGR044C,0,-1.025632,0.09585492312908173,0.739260733127594,0.6980698108673096
YKL026C,YBR208C,0,-1.0258365,0.09584251046180725,0.739260733127594,0.6981698274612427
YGL095C,YEL013W,1,-1.0258673,0.09595959633588791,0.7402597665786743,0.6981698274612427
YOL011W,YHL050C,0,-1.0258832,0.09594716876745224,0.7402597665786743,0.6982698440551758
YBR107C,YBL005W,0,-1.0259751,0.09593474864959717,0.7402597665786743,0.6983698606491089
YCR035C,YPR141C,0,-1.0260165,0.0959223285317421,0.7402597665786743,0.6984698176383972
YKR089C,YOR266W,0,-1.0260925,0.09590991586446762,0.7402597665786743,0.6985698342323303
YCL068C,YBL051C,0,-1.0261121,0.09589750319719315,0.7402597665786743,0.6986698508262634
YFR047C,YOR086C,0,-1.0261376,0.09588509052991867,0.7402597665786743,0.6987698674201965
YHL017W,YDL113C,0,-1.0261426,0.09587268531322479,0.7402597665786743,0.6988698840141296
YAL040C,YPL045W,1,-1.0261526,0.0959896519780159,0.7412587404251099,0.6988698840141296
YHR205W,YMR009W,0,-1.0261996,0.09597723186016083,0.7412587404251099,0.6989699006080627
YOR241W,YNL081C,0,-1.0262575,0.09596481919288635,0.7412587404251099,0.6990699172019958
YJL179W,YCR063W,0,-1.0264778,0.09595241397619247,0.7412587404251099,0.699169933795929
YHR154W,YHR114W,0,-1.0266799,0.0959400087594986,0.7412587404251099,0.6992699503898621
YIL009W,YIL173W,0,-1.026782,0.09592760354280472,0.7412587404251099,0.6993699073791504
YDR078C,YDL018C,0,-1.0268786,0.09591519832611084,0.7412587404251099,0.6994699239730835
YBR162W-A,YMR009W,0,-1.0269401,0.09590280801057816,0.7412587404251099,0.6995699405670166
YLL066C,YPL004C,0,-1.0271426,0.09589041024446487,0.7412587404251099,0.6996699571609497
YKR049C,YKR083C,0,-1.0271533,0.09587801992893219,0.7412587404251099,0.6997699737548828
YGL028C,YGL126W,0,-1.0272273,0.0958656296133995,0.7412587404251099,0.6998699903488159
YBL080C,YKL052C,0,-1.0273676,0.09585324674844742,0.7412587404251099,0.699970006942749
YKR093W,YMR207C,0,-1.0274013,0.09584087133407593,0.7412587404251099,0.7000700235366821
YER041W,YDR244W,0,-1.0277097,0.09582848846912384,0.7412587404251099,0.7001700401306152
YKL052C,YLR313C,0,-1.0278083,0.09581611305475235,0.7412587404251099,0.7002700567245483
YOR363C,YPL018W,0,-1.0278107,0.09580374509096146,0.7412587404251099,0.7003700137138367
YAL048C,YOR001W,0,-1.0278357,0.09579137712717056,0.7412587404251099,0.7004700303077698
YGR057C,YDL123W,0,-1.0278463,0.09577900916337967,0.7412587404251099,0.7005700469017029
YDL135C,YHL011C,0,-1.0280842,0.09576664865016937,0.7412587404251099,0.700670063495636
YPR161C,YBR208C,0,-1.0282422,0.09575428813695908,0.7412587404251099,0.7007700800895691
YKL141W,YBR045C,0,-1.0283803,0.09574193507432938,0.7412587404251099,0.7008700966835022
YHR205W,YKL040C,0,-1.0284055,0.09572958201169968,0.7412587404251099,0.7009701132774353
YGR099W,YEL051W,0,-1.0284318,0.09571723639965057,0.7412587404251099,0.7010701298713684
YNL242W,YMR231W,1,-1.0284827,0.09583386778831482,0.7422577142715454,0.7010701298713684
YKR096W,YBL014C,0,-1.0285865,0.09582151472568512,0.7422577142715454,0.7011701464653015
YBL007C,YML102W,0,-1.0286022,0.09580915421247482,0.7422577142715454,0.7012701034545898
YHR020W,YDL123W,0,-1.0286659,0.09579680114984512,0.7422577142715454,0.701370120048523
YOL069W,YHR149C,0,-1.0287702,0.09578445553779602,0.7422577142715454,0.701470136642456
YNL240C,YLR384C,0,-1.0287752,0.09577210992574692,0.7422577142715454,0.7015701532363892
YMR041C,YHR157W,0,-1.0288852,0.09575976431369781,0.7422577142715454,0.7016701698303223
YKR078W,YPR180W,0,-1.0293021,0.09574742615222931,0.7422577142715454,0.7017701864242554
YNL242W,YNL054W,1,-1.0294048,0.095863938331604,0.7432567477226257,0.7017701864242554
YPR134W,YDL046W,0,-1.0295596,0.0958515852689743,0.7432567477226257,0.7018702030181885
YJL178C,YLR093C,1,-1.0296757,0.09596805274486542,0.7442557215690613,0.7018702030181885
YHR113W,YPL058C,0,-1.029789,0.09595569223165512,0.7442557215690613,0.7019702196121216
YLR382C,YFR038W,0,-1.029863,0.09594333916902542,0.7442557215690613,0.7020702362060547
YKR089C,YIL009W,0,-1.0298969,0.09593097865581512,0.7442557215690613,0.702170193195343
YBR023C,YKL087C,0,-1.0300924,0.09591863304376602,0.7442557215690613,0.7022702097892761
YPR169W,YPL189W,0,-1.0301055,0.09590627998113632,0.7442557215690613,0.7023702263832092
YNL015W,YDR229W,1,-1.0302427,0.09602265059947968,0.7452547550201416,0.7023702263832092
YGL073W,YNL065W,0,-1.030353,0.09601029753684998,0.7452547550201416,0.7024702429771423
YJL181W,YJL094C,0,-1.0304056,0.09599794447422028,0.7452547550201416,0.7025702595710754
YIL009W,YMR195W,0,-1.0306555,0.09598559141159058,0.7452547550201416,0.7026702761650085
YGR204W,YPL076W,0,-1.030712,0.09597323834896088,0.7452547550201416,0.7027702927589417
YIL144W,YNL247W,0,-1.0308292,0.09596089273691177,0.7452547550201416,0.7028703093528748
YOR177C,YHR197W,0,-1.0308344,0.09594855457544327,0.7452547550201416,0.7029703259468079
YIL022W,YPL210C,0,-1.0308801,0.09593621641397476,0.7452547550201416,0.7030702829360962
YNL242W,YAL002W,1,-1.0309231,0.09605246037244797,0.7462537288665771,0.7030702829360962
YIL064W,YNL055C,0,-1.0309849,0.09604011476039886,0.7462537288665771,0.7031702995300293
YHR039C-A,YAL002W,1,-1.031142,0.09615632146596909,0.7472527623176575,0.7031702995300293
YHR149C,YNL094W,0,-1.0311542,0.09614396095275879,0.7472527623176575,0.7032703161239624
YGL095C,YBL078C,1,-1.0311568,0.09626012295484543,0.748251736164093,0.7032703161239624
YIL064W,YPR037C,0,-1.0312454,0.09624774754047394,0.748251736164093,0.7033703327178955
YBR080C,YBL050W,1,-1.0315311,0.09636387228965759,0.7492507696151733,0.7033703327178955
YLR426W,YJL186W,0,-1.0316354,0.0963514894247055,0.7492507696151733,0.7034703493118286
YNL015W,YGR254W,1,-1.031673,0.09646756947040558,0.7502497434616089,0.7034703493118286
YDR127W,YGR099W,0,-1.031974,0.0964551791548729,0.7502497434616089,0.7035703659057617
YMR192W,YER056C,0,-1.0320235,0.09644278883934021,0.7502497434616089,0.7036703824996948
YML023C,YOR059C,0,-1.0320827,0.09643040597438812,0.7502497434616089,0.7037703990936279
YJL186W,YNL221C,0,-1.0322485,0.09641802310943604,0.7502497434616089,0.703870415687561
YLL016W,YMR313C,0,-1.0323805,0.09640564769506454,0.7502497434616089,0.7039703726768494
YDR201W,YBR119W,0,-1.0325893,0.09639327228069305,0.7502497434616089,0.7040703892707825
YBR023C,YER060W,0,-1.0326036,0.09638090431690216,0.7502497434616089,0.7041704058647156
YKR064W,YKR077W,0,-1.0327004,0.09636853635311127,0.7502497434616089,0.7042704224586487
YNL031C,YPL248C,0,-1.0328959,0.09635616838932037,0.7502497434616089,0.7043704390525818
YOR191W,YMR225C,0,-1.0329027,0.09634380787611008,0.7502497434616089,0.7044704556465149
YNL054W,YCL063W,1,-1.0331855,0.09645972400903702,0.7512487769126892,0.7044704556465149
YLR277C,YDL139C,0,-1.0332009,0.09644734859466553,0.7512487769126892,0.704570472240448
YBR069C,YDR309C,0,-1.0332866,0.09643498063087463,0.7512487769126892,0.7046704888343811
YNL326C,YKL051W,1,-1.0333407,0.0965508371591568,0.7522477507591248,0.7046704888343811
YLL048C,YPL173W,0,-1.0333937,0.09653846174478531,0.7522477507591248,0.7047705054283142
YKR078W,YOL012C,0,-1.0336212,0.09652608633041382,0.7522477507591248,0.7048704624176025
YJL173C,YDR317W,0,-1.0337778,0.09651371091604233,0.7522477507591248,0.7049704790115356
YLR131C,YPR188C,0,-1.0338764,0.09650134295225143,0.7522477507591248,0.7050704956054688
YBR153W,YPR133C,0,-1.0339471,0.09648898243904114,0.7522477507591248,0.7051705121994019
YNL183C,YER032W,0,-1.0340487,0.09647661447525024,0.7522477507591248,0.705270528793335
YLR102C,YKR077W,0,-1.0342203,0.09646426141262054,0.7522477507591248,0.7053705453872681
YDR513W,YKL048C,0,-1.034496,0.09645190089941025,0.7522477507591248,0.7054705619812012
YDL087C,YOR271C,0,-1.0345867,0.09643954783678055,0.7522477507591248,0.7055705785751343
YFR016C,YCL068C,0,-1.0346972,0.09642720222473145,0.7522477507591248,0.7056705951690674
YER072W,YOL084W,0,-1.0348849,0.09641484916210175,0.7522477507591248,0.7057705521583557
YPL058C,YLR323C,0,-1.034939,0.09640251100063324,0.7522477507591248,0.7058705687522888
YHR039C-A,YAL040C,1,-1.034993,0.09651817381381989,0.7532467246055603,0.7058705687522888
YDL003W,YPL116W,0,-1.035062,0.09650582075119019,0.7532467246055603,0.7059705853462219
YHR006W,YIL173W,0,-1.0350666,0.09649347513914108,0.7532467246055603,0.706070601940155
YKL149C,YIR031C,0,-1.0351065,0.09648112952709198,0.7532467246055603,0.7061706185340881
YGR202C,YGR097W,0,-1.035221,0.09646878391504288,0.7532467246055603,0.7062706351280212
YIL107C,YBL014C,0,-1.0352513,0.09645643830299377,0.7532467246055603,0.7063706517219543
YJL180C,YDL046W,0,-1.0352554,0.09644410014152527,0.7532467246055603,0.7064706683158875
YFL056C,YHR202W,0,-1.0352759,0.09643176943063736,0.7532467246055603,0.7065706849098206
YML098W,YDR280W,0,-1.0352958,0.09641943871974945,0.7532467246055603,0.7066706418991089
YML059C,YDR273W,0,-1.0355756,0.09640710800886154,0.7532467246055603,0.706770658493042
YIL173W,YHR080C,0,-1.0356263,0.09639478474855423,0.7532467246055603,0.7068706750869751
YDL209C,YGR005C,0,-1.0356553,0.09638246148824692,0.7532467246055603,0.7069706916809082
YHR120W,YDL223C,0,-1.0356668,0.0963701456785202,0.7532467246055603,0.7070707082748413
YDL220C,YOR330C,0,-1.0357256,0.09635782986879349,0.7532467246055603,0.7071707248687744
YMR009W,YGL116W,0,-1.0359565,0.09634551405906677,0.7532467246055603,0.7072707414627075
YDR528W,YDR160W,0,-1.0359813,0.09633320569992065,0.7532467246055603,0.7073707580566406
YKL194C,YJR052W,0,-1.0359998,0.09632089734077454,0.7532467246055603,0.7074707746505737
YHR142W,YPR131C,0,-1.036008,0.09630859643220901,0.7532467246055603,0.7075707316398621
YJL035C,YNR071C,0,-1.0362114,0.0962962955236435,0.7532467246055603,0.7076707482337952
YIL120W,YDR078C,0,-1.0362695,0.09628400206565857,0.7532467246055603,0.7077707648277283
YIL137C,YDL102W,0,-1.036412,0.09627170860767365,0.7532467246055603,0.7078707814216614
YNR052C,YLR067C,0,-1.0364925,0.09625941514968872,0.7532467246055603,0.7079707980155945
YPL001W,YGL139W,0,-1.0364972,0.0962471291422844,0.7532467246055603,0.7080708146095276
YJL059W,YDR021W,0,-1.0368226,0.09623484313488007,0.7532467246055603,0.7081708312034607
YDR309C,YDR301W,0,-1.0368434,0.09622256457805634,0.7532467246055603,0.7082708477973938
YGR253C,YKL006W,0,-1.0369556,0.0962102860212326,0.7532467246055603,0.7083708643913269
YLR361C,YDR261C,0,-1.0369669,0.09619800746440887,0.7532467246055603,0.7084708213806152
YJL045W,YIL011W,0,-1.0371287,0.09618573635816574,0.7532467246055603,0.7085708379745483
YPR174C,YMR156C,0,-1.0371515,0.0961734727025032,0.7532467246055603,0.7086708545684814
YER056C,YBL014C,0,-1.0371611,0.09616120159626007,0.7532467246055603,0.7087708711624146
YDR361C,YCL044C,0,-1.0372019,0.09614893794059753,0.7532467246055603,0.7088708877563477
YNL190W,YOR110W,0,-1.0372114,0.0961366817355156,0.7532467246055603,0.7089709043502808
YHR035W,YBR189W,0,-1.037269,0.09612442553043365,0.7532467246055603,0.7090709209442139
YPR161C,YPR141C,0,-1.0372756,0.09611217677593231,0.7532467246055603,0.709170937538147
YOL078W,YDR021W,0,-1.0372871,0.09609992057085037,0.7532467246055603,0.7092709541320801
YNL294C,YGL058W,0,-1.0373303,0.09608767926692963,0.7532467246055603,0.7093709111213684
YLR017W,YOR357C,0,-1.0374198,0.09607543051242828,0.7532467246055603,0.7094709277153015
YHR201C,YDR301W,0,-1.0374855,0.09606318920850754,0.7532467246055603,0.7095709443092346
YOR101W,YDR108W,0,-1.037662,0.09605095535516739,0.7532467246055603,0.7096709609031677
YDR178W,YFR050C,0,-1.0379138,0.09603872150182724,0.7532467246055603,0.7097709774971008
YLR431C,YBR105C,1,-1.0379181,0.09615384787321091,0.7542457580566406,0.7097709774971008
YDR361C,YPL179W,0,-1.0380889,0.09614159911870956,0.7542457580566406,0.7098709940910339
YJL110C,YGL198W,0,-1.0381176,0.09612935781478882,0.7542457580566406,0.709971010684967
YML041C,YOR081C,0,-1.0382595,0.09611712396144867,0.7542457580566406,0.7100710272789001
YLR215C,YHR113W,0,-1.0387187,0.09610489010810852,0.7542457580566406,0.7101710438728333
YDL145C,YPR120C,0,-1.0388085,0.09609265625476837,0.7542457580566406,0.7102710008621216
YPL001W,YGL005C,0,-1.0389867,0.09608042985200882,0.7542457580566406,0.7103710174560547
YDL098C,YGL167C,0,-1.039048,0.09606820344924927,0.7542457580566406,0.7104710340499878
YJR131W,YMR074C,0,-1.0391284,0.09605597704648972,0.7542457580566406,0.7105710506439209
YAL028W,YDL106C,0,-1.0391575,0.09604375809431076,0.7542457580566406,0.710671067237854
YPL045W,YEL013W,1,-1.0392315,0.09615873545408249,0.7552447319030762,0.710671067237854
YLR277C,YIL167W,0,-1.039385,0.09614650905132294,0.7552447319030762,0.7107710838317871
YOR357C,YBL091C,0,-1.0396012,0.09613428264856339,0.7552447319030762,0.7108711004257202
YBR101C,YDR276C,0,-1.039678,0.09612205624580383,0.7552447319030762,0.7109711170196533
YLL048C,YGR007W,0,-1.0400321,0.09610983729362488,0.7552447319030762,0.7110711336135864
YJL045W,YOR060C,0,-1.0401157,0.09609762579202652,0.7552447319030762,0.7111710906028748
YOL042W,YJL001W,0,-1.0401268,0.09608540683984756,0.7552447319030762,0.7112711071968079
YER062C,YCL067C,0,-1.0401549,0.0960731953382492,0.7552447319030762,0.711371123790741
YBR086C,YDR160W,0,-1.0403352,0.09606099128723145,0.7552447319030762,0.7114711403846741
YLR118C,YGR007W,0,-1.040412,0.09604878723621368,0.7552447319030762,0.7115711569786072
YLL006W,YIL005W,0,-1.0404121,0.09603658318519592,0.7552447319030762,0.7116711735725403
YOR316C,YDR292C,0,-1.0404156,0.09602438658475876,0.7552447319030762,0.7117711901664734
YOR129C,YLR001C,0,-1.0405163,0.0960121899843216,0.7552447319030762,0.7118712067604065
YGL058W,YNL156C,0,-1.0405182,0.09600000083446503,0.7552447319030762,0.7119712233543396
YNL167C,YLR263W,0,-1.0405971,0.09598781168460846,0.7552447319030762,0.7120711803436279
YIL138C,YBL078C,1,-1.0406064,0.09610258042812347,0.7562437653541565,0.7120711803436279
YEL032W,YGR142W,0,-1.040615,0.09609037637710571,0.7562437653541565,0.712171196937561
YLR345W,YIL148W,0,-1.0406165,0.09607817977666855,0.7562437653541565,0.7122712135314941
YNL317W,YPL075W,0,-1.0409529,0.09606599062681198,0.7562437653541565,0.7123712301254272
YGL070C,YOR060C,0,-1.0410011,0.09605380147695541,0.7562437653541565,0.7124712467193604
YMR192W,YNR048W,0,-1.0410029,0.09604161232709885,0.7562437653541565,0.7125712633132935
YEL032W,YNR059W,0,-1.0410568,0.09602943062782288,0.7562437653541565,0.7126712799072266
YPL105C,YKL039W,0,-1.0412314,0.0960172489285469,0.7562437653541565,0.7127712965011597
YGL095C,YGL180W,1,-1.0413191,0.09613189846277237,0.757242739200592,0.7127712965011597
YIL118W,YDR135C,0,-1.0414858,0.0961197093129158,0.757242739200592,0.7128713130950928
YNR019W,YLR181C,0,-1.0416322,0.09610752016305923,0.757242739200592,0.7129712700843811
YGL067W,YER063W,0,-1.0416566,0.09609533101320267,0.757242739200592,0.7130712866783142
YOL122C,YIL120W,0,-1.0416932,0.0960831567645073,0.757242739200592,0.7131713032722473
YIL107C,YDR308C,0,-1.0417312,0.09607097506523132,0.757242739200592,0.7132713198661804
YML013W,YBR131W,0,-1.0418367,0.09605880081653595,0.757242739200592,0.7133713364601135
YML067C,YOR078W,0,-1.041847,0.09604662656784058,0.757242739200592,0.7134713530540466
YHR210C,YPL140C,0,-1.0419508,0.0960344597697258,0.757242739200592,0.7135713696479797
YDL175C,YHR113W,0,-1.0421298,0.09602229297161102,0.757242739200592,0.7136713862419128
YOL096C,YHL035C,0,-1.0423789,0.09601013362407684,0.757242739200592,0.713771402835846
YML101C,YGR174C,0,-1.0424458,0.09599797427654266,0.757242739200592,0.7138713598251343
YJL173C,YMR074C,0,-1.0425276,0.09598581492900848,0.757242739200592,0.7139713764190674
YDR201W,YGR080W,0,-1.0426716,0.0959736630320549,0.757242739200592,0.7140713930130005
YHR201C,YMR074C,0,-1.0427079,0.09596151113510132,0.757242739200592,0.7141714096069336
YHR210C,YGL085W,0,-1.0428045,0.09594936668872833,0.757242739200592,0.7142714262008667
YKL054C,YFR030W,0,-1.0430543,0.09593722224235535,0.757242739200592,0.7143714427947998
YGL058W,YOR259C,0,-1.0430942,0.09592508524656296,0.757242739200592,0.7144714593887329
YML023C,YDR435C,0,-1.0432624,0.09591294080018997,0.757242739200592,0.714571475982666
YER109C,YBR112C,0,-1.043318,0.09590081125497818,0.757242739200592,0.7146714925765991
YER062C,YKL194C,0,-1.0434694,0.09588868170976639,0.757242739200592,0.7147714495658875
YOL012C,YHR090C,0,-1.0435385,0.0958765521645546,0.757242739200592,0.7148714661598206
YLR277C,YGR003W,0,-1.0436132,0.0958644226193428,0.757242739200592,0.7149714827537537
YHR037W,YBR015C,0,-1.0436538,0.09585230052471161,0.757242739200592,0.7150714993476868
YML120C,YOR156C,0,-1.0438442,0.09584017843008041,0.757242739200592,0.7151715159416199
YMR041C,YLR411W,0,-1.0439174,0.09582806378602982,0.757242739200592,0.715271532535553
YOR034C,YMR110C,0,-1.0439398,0.09581594914197922,0.757242739200592,0.7153715491294861
YOR027W,YIL173W,0,-1.0439645,0.09580384194850922,0.757242739200592,0.7154715657234192
YJL094C,YLR313C,0,-1.0442988,0.09579173475503922,0.757242739200592,0.7155715823173523
YDR212W,YER093C,0,-1.044363,0.09577962756156921,0.757242739200592,0.7156715393066406
YER038C,YPL061W,0,-1.0443771,0.09576752781867981,0.757242739200592,0.7157715559005737
YMR225C,YDL046W,0,-1.044395,0.095755435526371,0.757242739200592,0.7158715724945068
YDR150W,YKL006C-A,0,-1.0444307,0.0957433357834816,0.757242739200592,0.7159715890884399
YKL145W,YNL068C,0,-1.0444862,0.09573124349117279,0.757242739200592,0.716071605682373
YOR090C,YML011C,0,-1.0445533,0.09571915864944458,0.757242739200592,0.7161716222763062
YGR217W,YDR399W,0,-1.0446236,0.09570707380771637,0.757242739200592,0.7162716388702393
YGL104C,YOR260W,0,-1.0449895,0.09569498896598816,0.757242739200592,0.7163716554641724
YGL126W,YGR161C,0,-1.045061,0.09568291157484055,0.757242739200592,0.7164716720581055
YOR065W,YDR517W,0,-1.0451137,0.09567083418369293,0.757242739200592,0.7165716290473938
YAR033W,YNL294C,0,-1.0453703,0.09565875679254532,0.757242739200592,0.7166716456413269
YBL038W,YPL178W,0,-1.04547,0.0956466868519783,0.757242739200592,0.71677166223526
YDR229W,YNL326C,1,-1.0455198,0.0957607850432396,0.7582417726516724,0.71677166223526
YDL098C,YBR094W,0,-1.0455852,0.09574870765209198,0.7582417726516724,0.7168716788291931
YGR120C,YLR067C,0,-1.0456128,0.09573663026094437,0.7582417726516724,0.7169716954231262
YMR001C,YPL253C,0,-1.0456877,0.09572455286979675,0.7582417726516724,0.7170717120170593
YBR046C,YBL056W,0,-1.0457232,0.09571248292922974,0.7582417726516724,0.7171717286109924
YLL016W,YGR040W,0,-1.0457821,0.09570041298866272,0.7582417726516724,0.7172717452049255
YHR150W,YLR143W,0,-1.0458122,0.0956883504986763,0.7582417726516724,0.7173717617988586
YOR129C,YKR052C,0,-1.045825,0.09567628800868988,0.7582417726516724,0.717471718788147
YER142C,YDL018C,0,-1.0459031,0.09566423296928406,0.7582417726516724,0.7175717353820801
YJR050W,YJR096W,0,-1.0460742,0.09565217047929764,0.7582417726516724,0.7176717519760132
YOL042W,YML081W,0,-1.0463803,0.09564012289047241,0.7582417726516724,0.7177717685699463
YLR059C,YLR019W,0,-1.0463897,0.09562806785106659,0.7582417726516724,0.7178717851638794
YDR482C,YHR001W-A,0,-1.0463972,0.09561602771282196,0.7582417726516724,0.7179718017578125
YDR148C,YHR020W,0,-1.0465014,0.09560398012399673,0.7582417726516724,0.7180718183517456
YKL045W,YLR039C,0,-1.0471268,0.0955919399857521,0.7582417726516724,0.7181718349456787
YDR235W,YIL009W,0,-1.0471858,0.09557989984750748,0.7582417726516724,0.7182718515396118
YFR010W,YBL031W,0,-1.0472264,0.09556786715984344,0.7582417726516724,0.7183718085289001
YLR234W,YNR030W,0,-1.0473062,0.09555583447217941,0.7582417726516724,0.7184718251228333
YHR148W,YMR313C,0,-1.0474566,0.09554380923509598,0.7582417726516724,0.7185718417167664
YCR045C,YLR460C,0,-1.047522,0.09553178399801254,0.7582417726516724,0.7186718583106995
YCL017C,YMR243C,0,-1.0475237,0.09551975876092911,0.7582417726516724,0.7187718749046326
YLR451W,YNL278W,0,-1.0475572,0.09550774097442627,0.7582417726516724,0.7188718914985657
YHR149C,YIL043C,0,-1.0476555,0.09549572318792343,0.7582417726516724,0.7189719080924988
YIL048W,YPR049C,1,-1.0476712,0.09560950845479965,0.7592407464981079,0.7189719080924988
YHR165C,YLR006C,0,-1.0477551,0.09559748321771622,0.7592407464981079,0.7190719246864319
YKL060C,YNL065W,0,-1.0477649,0.09558545798063278,0.7592407464981079,0.719171941280365
YLR361C,YBR212W,0,-1.0479281,0.09557344019412994,0.7592407464981079,0.7192718982696533
YPR173C,YPL239W,0,-1.0479437,0.0955614224076271,0.7592407464981079,0.7193719148635864
YBL007C,YKL129C,0,-1.0480145,0.09554941207170486,0.7592407464981079,0.7194719314575195
YMR158W,YDR328C,0,-1.0480565,0.09553739428520203,0.7592407464981079,0.7195719480514526
YGR165W,YJR118C,0,-1.0480666,0.09552539139986038,0.7592407464981079,0.7196719646453857
YER142C,YOL023W,0,-1.0480677,0.09551338106393814,0.7592407464981079,0.7197719812393188
YIL056W,YMR275C,0,-1.0480902,0.0955013856291771,0.7592407464981079,0.719871997833252
YMR076C,YKR093W,0,-1.0480951,0.09548938274383545,0.7592407464981079,0.7199720144271851
YLR435W,YGR122W,0,-1.04811,0.0954773873090744,0.7592407464981079,0.7200720310211182
YCL029C,YLR190W,0,-1.0481212,0.09546539187431335,0.7592407464981079,0.7201719880104065
YOL076W,YNR055C,0,-1.0481346,0.0954534038901329,0.7592407464981079,0.7202720046043396
YCL051W,YFR049W,0,-1.0481651,0.09544141590595245,0.7592407464981079,0.7203720211982727
YAL015C,YPL058C,0,-1.0483911,0.0954294353723526,0.7592407464981079,0.7204720377922058
YDL247W,YJL083W,0,-1.0484833,0.09541745483875275,0.7592407464981079,0.7205720543861389
YKL185W,YAR042W,0,-1.0488144,0.0954054743051529,0.7592407464981079,0.720672070980072
YLR085C,YGR004W,0,-1.0490346,0.09539350122213364,0.7592407464981079,0.7207720875740051
YPR007C,YLL053C,0,-1.0490851,0.09538152813911438,0.7592407464981079,0.7208721041679382
YHR197W,YDL139C,0,-1.049112,0.09536955505609512,0.7592407464981079,0.7209721207618713
YNL181W,YKR099W,0,-1.0491462,0.09535758942365646,0.7592407464981079,0.7210720777511597
YIL069C,YGR030C,0,-1.0493962,0.0953456312417984,0.7592407464981079,0.7211720943450928
YPL179W,YDL076C,0,-1.0494499,0.09533366560935974,0.7592407464981079,0.7212721109390259
YBL056W,YDR471W,0,-1.0496213,0.09532170742750168,0.7592407464981079,0.721372127532959
YOL020W,YNL023C,0,-1.0496459,0.09530975669622421,0.7592407464981079,0.7214721441268921
YOR002W,YDR427W,0,-1.049827,0.09529780596494675,0.7592407464981079,0.7215721607208252
YDL072C,YIL068C,0,-1.0498822,0.09528585523366928,0.7592407464981079,0.7216721773147583
YHR103W,YNL294C,0,-1.0500544,0.09527391195297241,0.7592407464981079,0.7217721939086914
YGL231C,YIL011W,0,-1.0502043,0.09526196867227554,0.7592407464981079,0.7218722105026245
YOR380W,YKL016C,0,-1.0502646,0.09525003284215927,0.7592407464981079,0.7219721674919128
YER143W,YOR259C,0,-1.0503092,0.095238097012043,0.7592407464981079,0.722072184085846
YML100W,YGL139W,0,-1.050373,0.09522616118192673,0.7592407464981079,0.722172200679779
YOL135C,YFR049W,0,-1.0507176,0.09521423280239105,0.7592407464981079,0.7222722172737122
YDR160W,YLR288C,0,-1.0507681,0.09520230442285538,0.7592407464981079,0.7223722338676453
YLR442C,YOR330C,0,-1.0510076,0.0951903834939003,0.7592407464981079,0.7224722504615784
YKL079W,YDR135C,0,-1.0510671,0.09517846256494522,0.7592407464981079,0.7225722670555115
YJR049C,YOR011W,0,-1.0510993,0.09516654163599014,0.7592407464981079,0.7226722836494446
YMR105C,YJR131W,0,-1.0511165,0.09515462815761566,0.7592407464981079,0.7227723002433777
YLR092W,YJL001W,0,-1.0511715,0.09514271467924118,0.7592407464981079,0.7228723168373108
YGR082W,YLR248W,0,-1.0513358,0.0951308012008667,0.7592407464981079,0.7229722738265991
YOL069W,YGL045W,0,-1.0514711,0.09511889517307281,0.7592407464981079,0.7230722904205322
YDL220C,YKL197C,0,-1.0515944,0.09510699659585953,0.7592407464981079,0.7231723070144653
YOR034C,YLR220W,0,-1.0516841,0.09509509801864624,0.7592407464981079,0.7232723236083984
YIL148W,YLL053C,0,-1.0518869,0.09508319944143295,0.7592407464981079,0.7233723402023315
YBR272C,YKL087C,0,-1.0520434,0.09507130086421967,0.7592407464981079,0.7234723567962646
YBR272C,YDR110W,0,-1.0524812,0.09505940973758698,0.7592407464981079,0.7235723733901978
YDR080W,YHL026C,0,-1.0528147,0.09504752606153488,0.7592407464981079,0.7236723899841309
YBL007C,YNL221C,0,-1.0528973,0.09503563493490219,0.7592407464981079,0.723772406578064
YER177W,YHR146W,0,-1.0531226,0.0950237587094307,0.7592407464981079,0.7238723635673523
YLR361C,YDL243C,0,-1.0532433,0.0950118750333786,0.7592407464981079,0.7239723801612854
YBR080C,YAL040C,1,-1.0532632,0.0951249971985817,0.7602397799491882,0.7239723801612854
YPR134W,YPL168W,0,-1.0532683,0.0951131135225296,0.7602397799491882,0.7240723967552185
YML133C,YPR105C,0,-1.0533181,0.09510122239589691,0.7602397799491882,0.7241724133491516
YHR150W,YLR288C,0,-1.0536547,0.09508933871984482,0.7602397799491882,0.7242724299430847
YHR148W,YDR328C,0,-1.0537492,0.09507746249437332,0.7602397799491882,0.7243724465370178
YOR016C,YDR189W,0,-1.0537969,0.09506558626890182,0.7602397799491882,0.7244724631309509
YDR023W,YOR357C,0,-1.0538235,0.09505371004343033,0.7602397799491882,0.724572479724884
YDL003W,YOR358W,0,-1.0538492,0.09504184126853943,0.7602397799491882,0.7246724963188171
YDL230W,YKR096W,0,-1.0538911,0.09502997249364853,0.7602397799491882,0.7247724533081055
YKR093W,YDR434W,0,-1.0540669,0.09501810371875763,0.7602397799491882,0.7248724699020386
YML127W,YER102W,0,-1.054132,0.09500624239444733,0.7602397799491882,0.7249724864959717
YBR114W,YDL087C,0,-1.0544983,0.09499438107013702,0.7602397799491882,0.7250725030899048
YNL059C,YBR212W,0,-1.054502,0.09498252719640732,0.7602397799491882,0.7251725196838379
YKL087C,YGL151W,0,-1.054522,0.09497067332267761,0.7602397799491882,0.725272536277771
YER176W,YBR065C,0,-1.0546385,0.0949588194489479,0.7602397799491882,0.7253725528717041
YBL007C,YFR049W,0,-1.0547194,0.0949469730257988,0.7602397799491882,0.7254725694656372
YHL003C,YLR248W,0,-1.0547704,0.09493512660264969,0.7602397799491882,0.7255725860595703
YGL067W,YLR115W,0,-1.0548038,0.09492328763008118,0.7602397799491882,0.7256725430488586
YLR247C,YPL178W,0,-1.0548084,0.09491144865751266,0.7602397799491882,0.7257725596427917
YNL251C,YKL192C,0,-1.0548108,0.09489961713552475,0.7602397799491882,0.7258725762367249
YGR224W,YHL015W,0,-1.0548433,0.09488777816295624,0.7602397799491882,0.725972592830658
YFL025C,YOR253W,0,-1.0549242,0.09487595409154892,0.7602397799491882,0.7260726094245911
YHR202W,YDL119C,0,-1.0553108,0.094864122569561,0.7602397799491882,0.7261726260185242
YGL180W,YPL100W,1,-1.0553424,0.09497693926095963,0.7612387537956238,0.7261726260185242
YCL017C,YLR067C,0,-1.0554041,0.09496510773897171,0.7612387537956238,0.7262726426124573
YLL018C,YOR129C,0,-1.0554081,0.0949532687664032,0.7612387537956238,0.7263726592063904
YMR063W,YMR001C,0,-1.0554128,0.09494143724441528,0.7612387537956238,0.7264726758003235
YIL009W,YIL130W,0,-1.0554326,0.09492961317300797,0.7612387537956238,0.7265726327896118
YCR086W,YGR083C,0,-1.0555289,0.09491778910160065,0.7612387537956238,0.7266726493835449
YDR407C,YGR097W,0,-1.0555308,0.09490596503019333,0.7612387537956238,0.726772665977478
YDR019C,YDR246W,0,-1.0557047,0.09489414840936661,0.7612387537956238,0.7268726825714111
YDR189W,YLR196W,0,-1.0558332,0.09488233178853989,0.7612387537956238,0.7269726991653442
YDR490C,YBR016W,0,-1.0559744,0.09487051516771317,0.7612387537956238,0.7270727157592773
YNL183C,YGL061C,0,-1.0560014,0.09485870599746704,0.7612387537956238,0.7271727323532104
YHR148W,YKL134C,0,-1.0560464,0.09484690427780151,0.7612387537956238,0.7272727489471436
YKL110C,YOR358W,0,-1.0560607,0.09483509510755539,0.7612387537956238,0.7273727655410767
YPR071W,YOR129C,0,-1.0561178,0.09482329338788986,0.7612387537956238,0.727472722530365
YPL224C,YJR052W,0,-1.0561252,0.09481149911880493,0.7612387537956238,0.7275727391242981
YPR086W,YBR121C,0,-1.0561746,0.09479970484972,0.7612387537956238,0.7276727557182312
YML100W,YKL033W,0,-1.0563023,0.09478791058063507,0.7612387537956238,0.7277727723121643
YGR181W,YKR052C,0,-1.0563432,0.09477611631155014,0.7612387537956238,0.7278727889060974
YCR024C,YHR118C,0,-1.0563537,0.0947643294930458,0.7612387537956238,0.7279728055000305
YGL096W,YNL130C,0,-1.0563613,0.09475255012512207,0.7612387537956238,0.7280728220939636
YJL054W,YNL317W,0,-1.0564444,0.09474077075719833,0.7612387537956238,0.7281728386878967
YNL048W,YNR024W,0,-1.0565596,0.0947289913892746,0.7612387537956238,0.7282728552818298
YLR102C,YNL173C,0,-1.0565683,0.09471721202135086,0.7612387537956238,0.7283728122711182
YML023C,YDR516C,0,-1.0566492,0.09470544010400772,0.7612387537956238,0.7284728288650513
YIL107C,YIL120W,0,-1.0567533,0.09469367563724518,0.7612387537956238,0.7285728454589844
YGR181W,YLR118C,0,-1.0570278,0.09468191117048264,0.7612387537956238,0.7286728620529175
YML021C,YOR266W,0,-1.0570551,0.09467014670372009,0.7612387537956238,0.7287728786468506
YLL048C,YDR080W,0,-1.0571586,0.09465838223695755,0.7612387537956238,0.7288728952407837
YDR441C,YIR019C,0,-1.0571777,0.0946466252207756,0.7612387537956238,0.7289729118347168
YPL168W,YPL189W,0,-1.0575086,0.09463487565517426,0.7612387537956238,0.7290729284286499
YKR075C,YNL024C,0,-1.057517,0.09462311863899231,0.7612387537956238,0.729172945022583
YML011C,YDR111C,0,-1.0577539,0.09461137652397156,0.7612387537956238,0.7292729020118713
YOR363C,YMR101C,0,-1.0577573,0.09459962695837021,0.7612387537956238,0.7293729186058044
YGL061C,YLR247C,0,-1.0578024,0.09458788484334946,0.7612387537956238,0.7294729351997375
YIL075C,YER056C,0,-1.0579396,0.0945761427283287,0.7612387537956238,0.7295729517936707
YDR217C,YOR330C,0,-1.0581706,0.09456440806388855,0.7612387537956238,0.7296729683876038
YDL149W,YGL095C,1,-1.0582811,0.09467675536870956,0.7622377872467041,0.7296729683876038
YPR068C,YCL039W,0,-1.0583026,0.09466501325368881,0.7622377872467041,0.7297729849815369
YLR190W,YLR413W,0,-1.0583134,0.09465327113866806,0.7622377872467041,0.72987300157547
YML023C,YKL134C,0,-1.0584546,0.09464152902364731,0.7622377872467041,0.7299730181694031
YDL243C,YPL018W,0,-1.0585009,0.09462978690862656,0.7622377872467041,0.7300730347633362
YLL048C,YBR112C,0,-1.0587306,0.0946180522441864,0.7622377872467041,0.7301729917526245
YIL037C,YDL243C,0,-1.0588677,0.09460632503032684,0.7622377872467041,0.7302730083465576
YDR439W,YMR242C,0,-1.0591367,0.09459459781646729,0.7622377872467041,0.7303730249404907
YGL212W,YLR396C,1,-1.0591497,0.09470683336257935,0.7632367610931396,0.7303730249404907
YLR432W,YGL194C,0,-1.0592076,0.0946950912475586,0.7632367610931396,0.7304730415344238
YBR112C,YNL247W,0,-1.0592848,0.09468335658311844,0.7632367610931396,0.7305730581283569
YIL007C,YPR017C,0,-1.0595258,0.09467162191867828,0.7632367610931396,0.73067307472229
YPL224C,YPL156C,0,-1.0596758,0.09465989470481873,0.7632367610931396,0.7307730913162231
YNL176C,YDR135C,0,-1.0597183,0.09464816749095917,0.7632367610931396,0.7308731079101562
YOR363C,YBR107C,0,-1.0597506,0.09463644027709961,0.7632367610931396,0.7309731245040894
YNL190W,YDR057W,0,-1.0597723,0.09462472051382065,0.7632367610931396,0.7310730814933777
YGR007W,YML096W,0,-1.0598649,0.09461300075054169,0.7632367610931396,0.7311730980873108
YOR363C,YGL087C,0,-1.0599692,0.09460128843784332,0.7632367610931396,0.7312731146812439
YGL028C,YDL018C,0,-1.0601084,0.09458957612514496,0.7632367610931396,0.731373131275177
YPR017C,YLR196W,0,-1.0602292,0.0945778638124466,0.7632367610931396,0.7314731478691101
YHR073W,YPR141C,0,-1.0603405,0.09456615895032883,0.7632367610931396,0.7315731644630432
YFL025C,YJR117W,0,-1.0603988,0.09455445408821106,0.7632367610931396,0.7316731810569763
YAL007C,YPL233W,0,-1.0606713,0.09454275667667389,0.7632367610931396,0.7317731976509094
YLL048C,YNL130C,0,-1.0609099,0.09453105926513672,0.7632367610931396,0.7318732142448425
YLR293C,YGL061C,0,-1.06099,0.09451936185359955,0.7632367610931396,0.7319731712341309
YLR118C,YNL133C,0,-1.0610346,0.09450767189264297,0.7632367610931396,0.732073187828064
YPR155C,YDL134C,0,-1.0610514,0.0944959819316864,0.7632367610931396,0.7321732044219971
YDR246W,YPL097W,0,-1.0611477,0.09448429197072983,0.7632367610931396,0.7322732210159302
YER093C,YCR063W,0,-1.0612396,0.09447260946035385,0.7632367610931396,0.7323732376098633
YAL040C,YLR093C,1,-1.0612458,0.09458456933498383,0.7642357349395752,0.7323732376098633
YNL242W,YKL051W,1,-1.0612675,0.09469649940729141,0.7652347683906555,0.7323732376098633
YBL035C,YDR406W,0,-1.0612779,0.09468479454517365,0.7652347683906555,0.7324732542037964
YHR138C,YFL004W,1,-1.0613059,0.09479668736457825,0.7662337422370911,0.7324732542037964
YER149C,YGL115W,0,-1.0615414,0.09478497505187988,0.7662337422370911,0.7325732707977295
YPL215W,YOR227W,0,-1.0615622,0.09477326273918152,0.7662337422370911,0.7326732873916626
YMR081C,YCR024C,0,-1.0615662,0.09476155042648315,0.7662337422370911,0.7327733039855957
YDR375C,YPL168W,0,-1.0617083,0.09474984556436539,0.7662337422370911,0.732873260974884
YPL063W,YBL025W,0,-1.0617285,0.09473814070224762,0.7662337422370911,0.7329732775688171
YOR177C,YJL208C,0,-1.0618615,0.09472644329071045,0.7662337422370911,0.7330732941627502
YLR426W,YAL026C,0,-1.0620265,0.09471474587917328,0.7662337422370911,0.7331733107566833
YHL017W,YNL167C,0,-1.0621026,0.09470304846763611,0.7662337422370911,0.7332733273506165
YCR091W,YOR032C,0,-1.0624706,0.09469135850667953,0.7662337422370911,0.7333733439445496
YKL192C,YHL035C,0,-1.0628915,0.09467966854572296,0.7662337422370911,0.7334733605384827
YHR142W,YLR432W,0,-1.0629274,0.09466798603534698,0.7662337422370911,0.7335733771324158
YEL018W,YHR014W,0,-1.063089,0.09465630352497101,0.7662337422370911,0.7336733937263489
YPR114W,YHR118C,0,-1.0633098,0.09464462101459503,0.7662337422370911,0.7337733507156372
YPL233W,YHR080C,0,-1.0633856,0.09463294595479965,0.7662337422370911,0.7338733673095703
YOR380W,YLR067C,0,-1.0635271,0.09462127089500427,0.7662337422370911,0.7339733839035034
YPR037C,YER071C,0,-1.0635277,0.09460959583520889,0.7662337422370911,0.7340734004974365
YML107C,YNL278W,0,-1.063563,0.09459792822599411,0.7662337422370911,0.7341734170913696
YDR080W,YPL019C,1,-1.0635917,0.09470958262681961,0.7672327756881714,0.7341734170913696
YER040W,YDR359C,0,-1.0636075,0.09469790011644363,0.7672327756881714,0.7342734336853027
YML001W,YFL004W,1,-1.0636556,0.09480951726436615,0.7682317495346069,0.7342734336853027
YNL294C,YJL179W,0,-1.0637566,0.09479782730340958,0.7682317495346069,0.7343734502792358
YMR053C,YJL035C,0,-1.0637621,0.0947861447930336,0.7682317495346069,0.734473466873169
YKL051W,YOR110W,0,-1.0638007,0.09477446228265762,0.7682317495346069,0.734573483467102
YOR262W,YIL030C,0,-1.0638424,0.09476278722286224,0.7682317495346069,0.7346734404563904
YLR061W,YGL064C,0,-1.0639588,0.09475111216306686,0.7682317495346069,0.7347734570503235
YIL022W,YDR328C,0,-1.0643638,0.09473943710327148,0.7682317495346069,0.7348734736442566
YGL028C,YCR035C,0,-1.0643739,0.0947277620434761,0.7682317495346069,0.7349734902381897
YML011C,YIR026C,0,-1.0646527,0.09471609443426132,0.7682317495346069,0.7350735068321228
YLL031C,YLR313C,0,-1.0648453,0.09470443427562714,0.7682317495346069,0.7351735234260559
YAL056W,YBL063W,0,-1.0648756,0.09469277411699295,0.7682317495346069,0.735273540019989
YAL030W,YOR079C,0,-1.065134,0.09468111395835876,0.7682317495346069,0.7353735566139221
YNR007C,YPL100W,1,-1.0651449,0.09479256719350815,0.7692307829856873,0.7353735566139221
YIL033C,YKR052C,0,-1.065147,0.09478089958429337,0.7692307829856873,0.7354735732078552
YHR169W,YER123W,0,-1.06521,0.09476923197507858,0.7692307829856873,0.7355735301971436
YNL242W,YGL180W,1,-1.0652587,0.09488063305616379,0.7702297568321228,0.7355735301971436
YOR068C,YMR015C,0,-1.0652783,0.09486895799636841,0.7702297568321228,0.7356735467910767
YJL054W,YKL080W,0,-1.0654416,0.09485728293657303,0.7702297568321228,0.7357735633850098
YDR471W,YOR259C,0,-1.0654684,0.09484561532735825,0.7702297568321228,0.7358735799789429
YBR091C,YBR295W,0,-1.065583,0.09483394771814346,0.7702297568321228,0.735973596572876
YDR435C,YKL192C,0,-1.0656563,0.09482228755950928,0.7702297568321228,0.7360736131668091
YHR138C,YOR326W,1,-1.0659081,0.09493359923362732,0.7712287902832031,0.7360736131668091
YIL048W,YDR080W,1,-1.0659142,0.09504488110542297,0.7722277641296387,0.7360736131668091
YNR055C,YNR037C,0,-1.0659441,0.0950331911444664,0.7722277641296387,0.7361736297607422
YPR057W,YHR190W,0,-1.0659572,0.09502150863409042,0.7722277641296387,0.7362736463546753
YPL210C,YPR180W,0,-1.0659747,0.09500983357429504,0.7722277641296387,0.7363736629486084
YMR048W,YHR157W,0,-1.06601,0.09499815851449966,0.7722277641296387,0.7364736199378967
YOR247W,YLR361C,0,-1.0663247,0.09498648345470428,0.7722277641296387,0.7365736365318298
YDR463W,YML013W,0,-1.0667344,0.0949748158454895,0.7722277641296387,0.7366736531257629
YKL145W,YHR020W,0,-1.0670495,0.09496314823627472,0.7722277641296387,0.736773669719696
YPL140C,YDR406W,0,-1.0673869,0.09495148062705994,0.7722277641296387,0.7368736863136292
YDL149W,YLR431C,1,-1.0674524,0.09506263583898544,0.773226797580719,0.7368736863136292
YIL041W,YHR039C-A,1,-1.0674746,0.09517376869916916,0.7742257714271545,0.7368736863136292
YLR011W,YBR295W,0,-1.0675017,0.09516208618879318,0.7742257714271545,0.7369737029075623
YPL126W,YLR011W,0,-1.0676175,0.09515039622783661,0.7742257714271545,0.7370737195014954
YNL132W,YNL287W,0,-1.0676241,0.09513872116804123,0.7742257714271545,0.7371737360954285
YAL030W,YOR009W,0,-1.0676568,0.09512703865766525,0.7742257714271545,0.7372737526893616
YBR085W,YBR254C,0,-1.0677481,0.09511536359786987,0.7742257714271545,0.7373737096786499
YDR235W,YDR430C,0,-1.0677567,0.09510369598865509,0.7742257714271545,0.737473726272583
YOR273C,YDL046W,0,-1.067765,0.09509202092885971,0.7742257714271545,0.7375737428665161
YGL142C,YPL120W,0,-1.0679333,0.09508036077022552,0.7742257714271545,0.7376737594604492
YHR202W,YML096W,0,-1.068039,0.09506869316101074,0.7742257714271545,0.7377737760543823
YGL171W,YFR030W,0,-1.0680853,0.09505703300237656,0.7742257714271545,0.7378737926483154
YOR372C,YDR105C,0,-1.0681031,0.09504537284374237,0.7742257714271545,0.7379738092422485
YNL023C,YPL010W,0,-1.0682017,0.09503372013568878,0.7742257714271545,0.7380738258361816
YHR205W,YDL093W,0,-1.0682241,0.09502206742763519,0.7742257714271545,0.7381738424301147
YER072W,YDR179C,0,-1.0683082,0.0950104221701622,0.7742257714271545,0.7382737994194031
YOL055C,YLR299W,0,-1.0684979,0.09499877691268921,0.7742257714271545,0.7383738160133362
YKL185W,YIL137C,0,-1.0685494,0.09498713165521622,0.7742257714271545,0.7384738326072693
YNL133C,YLR044C,0,-1.0686624,0.09497549384832382,0.7742257714271545,0.7385738492012024
YLR194C,YER127W,0,-1.068702,0.09496385604143143,0.7742257714271545,0.7386738657951355
YCR031C,YKR034W,0,-1.0687469,0.09495221823453903,0.7742257714271545,0.7387738823890686
YLR001C,YMR035W,0,-1.0688069,0.09494058787822723,0.7742257714271545,0.7388738989830017
YDR434W,YDL119C,0,-1.0688863,0.09492895752191544,0.7742257714271545,0.7389739155769348
YOR101W,YLL053C,0,-1.0690213,0.09491732716560364,0.7742257714271545,0.7390739321708679
YER044C-A,YNR037C,0,-1.0690327,0.09490570425987244,0.7742257714271545,0.7391738891601562
YDR367W,YHL006C,0,-1.0691589,0.09489408880472183,0.7742257714271545,0.7392739057540894
YGR202C,YOR330C,0,-1.0693592,0.09488246589899063,0.7742257714271545,0.7393739223480225
YLR181C,YDR110W,0,-1.0693675,0.09487085044384003,0.7742257714271545,0.7394739389419556
YEL027W,YAL040C,1,-1.0695702,0.09498164057731628,0.7752248048782349,0.7394739389419556
YLR083C,YPR046W,0,-1.0696235,0.09497001767158508,0.7752248048782349,0.7395739555358887
YDR189W,YLR352W,0,-1.0696622,0.09495839476585388,0.7752248048782349,0.7396739721298218
YHL038C,YLR432W,0,-1.0697386,0.09494677931070328,0.7752248048782349,0.7397739887237549
YER176W,YNL024C,0,-1.069825,0.09493516385555267,0.7752248048782349,0.739874005317688
YER056C,YPL235W,0,-1.0701166,0.09492354840040207,0.7752248048782349,0.7399740219116211
YHR149C,YOR086C,0,-1.0702016,0.09491194039583206,0.7752248048782349,0.7400739789009094
YIL098C,YHR106W,0,-1.0703177,0.09490033239126205,0.7752248048782349,0.7401739954948425
YER028C,YIL030C,0,-1.0704426,0.09488872438669205,0.7752248048782349,0.7402740120887756
YHL050C,YHR080C,0,-1.0706949,0.09487712383270264,0.7752248048782349,0.7403740286827087
YEL013W,YLR093C,1,-1.0707822,0.09498777240514755,0.7762237787246704,0.7403740286827087
YNL286W,YBL087C,0,-1.0709872,0.09497616440057755,0.7762237787246704,0.7404740452766418
YDL077C,YEL013W,1,-1.0710673,0.09508677572011948,0.777222752571106,0.7404740452766418
YOR264W,YGR004W,0,-1.0713087,0.09507515281438828,0.777222752571106,0.740574061870575
YGL098W,YOR002W,0,-1.0715531,0.09506353735923767,0.777222752571106,0.7406740784645081
YDR422C,YER005W,0,-1.0716144,0.09505192190408707,0.777222752571106,0.7407740950584412
YDR343C,YGL115W,0,-1.0716555,0.09504031389951706,0.777222752571106,0.7408741116523743
YDR189W,YGR161C,0,-1.0717162,0.09502870589494705,0.777222752571106,0.7409740686416626
YIL036W,YGL104C,0,-1.0717165,0.09501709789037704,0.777222752571106,0.7410740852355957
YKL033W,YNL317W,0,-1.0717417,0.09500549733638763,0.777222752571106,0.7411741018295288
YLL066C,YGL049C,0,-1.0719849,0.09499389678239822,0.777222752571106,0.7412741184234619
YPR110C,YER071C,0,-1.0720048,0.09498229622840881,0.777222752571106,0.741374135017395
YGR005C,YGL064C,0,-1.0720102,0.094970703125,0.777222752571106,0.7414741516113281
YDL175C,YDR045C,0,-1.0720844,0.09495911002159119,0.777222752571106,0.7415741682052612
YMR207C,YJL069C,0,-1.0722505,0.09494752436876297,0.777222752571106,0.7416741847991943
YJL012C,YGL078C,0,-1.0722591,0.09493593871593475,0.777222752571106,0.7417742013931274
YDR463W,YNL194C,0,-1.0722848,0.09492435306310654,0.777222752571106,0.7418741583824158
YOR193W,YLR011W,0,-1.0723686,0.09491277486085892,0.777222752571106,0.7419741749763489
YPL209C,YBL007C,0,-1.0724148,0.0949011966586113,0.777222752571106,0.742074191570282
YOR087W,YNR024W,0,-1.0725044,0.09488961845636368,0.777222752571106,0.7421742081642151
YER093C,YGL111W,0,-1.0725708,0.09487804770469666,0.777222752571106,0.7422742247581482
YIL005W,YEL044W,0,-1.0726225,0.09486647695302963,0.777222752571106,0.7423742413520813
YLR431C,YDR495C,1,-1.0727444,0.09497683495283127,0.7782217860221863,0.7423742413520813
YGL025C,YKR079C,0,-1.0727975,0.09496525675058365,0.7782217860221863,0.7424742579460144
YEL001C,YBR028C,0,-1.072809,0.09495367854833603,0.7782217860221863,0.7425742745399475
YLR234W,YBR131W,0,-1.0728903,0.094942107796669,0.7782217860221863,0.7426742911338806
YLL066C,YBL013W,0,-1.0729337,0.09493053704500198,0.7782217860221863,0.742774248123169
YMR243C,YJL078C,0,-1.073053,0.09491897374391556,0.7782217860221863,0.742874264717102
YKL062W,YDR395W,0,-1.0731268,0.09490741044282913,0.7782217860221863,0.7429742813110352
YPL115C,YBR045C,0,-1.0733176,0.0948958471417427,0.7782217860221863,0.7430742979049683
YEL013W,YGR209C,1,-1.0734066,0.09500609338283539,0.7792207598686218,0.7430742979049683
YOR372C,YPR068C,0,-1.07358,0.09499452263116837,0.7792207598686218,0.7431743144989014
YOR004W,YPL058C,0,-1.0736021,0.09498295187950134,0.7792207598686218,0.7432743310928345
YOL154W,YNL194C,0,-1.0736132,0.09497138857841492,0.7792207598686218,0.7433743476867676
YMR318C,YDL046W,0,-1.0737323,0.09495982527732849,0.7792207598686218,0.7434743642807007
YFL004W,YGL180W,1,-1.0737568,0.0950699970126152,0.7802197933197021,0.7434743642807007
YML100W,YHL006C,0,-1.0737594,0.09505842626094818,0.7802197933197021,0.7435743808746338
YMR261C,YNL181W,0,-1.0738208,0.09504685550928116,0.7802197933197021,0.7436743378639221
YGL189C,YER100W,0,-1.0738809,0.09503528475761414,0.7802197933197021,0.7437743544578552
YLR277C,YPL100W,0,-1.0739502,0.0950237289071083,0.7802197933197021,0.7438743710517883
YJL098W,YGL151W,0,-1.074023,0.09501216560602188,0.7802197933197021,0.7439743876457214
YFR027W,YOL078W,0,-1.0740283,0.09500060975551605,0.7802197933197021,0.7440744042396545
YMR286W,YJL173C,0,-1.0740356,0.09498905390501022,0.7802197933197021,0.7441744208335876
YOR380W,YOL135C,0,-1.0742059,0.09497750550508499,0.7802197933197021,0.7442744374275208
YEL044W,YPL117C,0,-1.0742205,0.09496594965457916,0.7802197933197021,0.7443744540214539
YBL051C,YGR094W,0,-1.0747102,0.09495440870523453,0.7802197933197021,0.744474470615387
YNR048W,YCR024C,0,-1.0749242,0.09494286775588989,0.7802197933197021,0.7445744872093201
YPL209C,YGR204W,0,-1.0749412,0.09493132680654526,0.7802197933197021,0.7446744441986084
YGL167C,YJL098W,0,-1.0749621,0.09491978585720062,0.7802197933197021,0.7447744607925415
YEL005C,YOL023W,0,-1.0750091,0.09490825235843658,0.7802197933197021,0.7448744773864746
YJL186W,YPL010W,0,-1.0751069,0.09489671885967255,0.7802197933197021,0.7449744939804077
YPL045W,YKL051W,1,-1.0753415,0.09500668197870255,0.7812187671661377,0.7449744939804077
YHR035W,YLR367W,0,-1.0754085,0.09499514102935791,0.7812187671661377,0.7450745105743408
YPL120W,YDL102W,0,-1.0754864,0.09498360008001328,0.7812187671661377,0.7451745271682739
YIL138C,YNL079C,1,-1.0757476,0.0950935110449791,0.782217800617218,0.7451745271682739
YDL077C,YPL100W,1,-1.0761621,0.09520339965820312,0.7832167744636536,0.7451745271682739
YDR204W,YHL026C,0,-1.0762173,0.0951918438076973,0.7832167744636536,0.745274543762207
YMR225C,YDR292C,0,-1.0762362,0.09518028050661087,0.7832167744636536,0.7453745603561401
YFL049W,YDR040C,0,-1.0762501,0.09516873210668564,0.7832167744636536,0.7454745769500732
YGL063W,YHR088W,0,-1.0762666,0.09515717625617981,0.7832167744636536,0.7455745339393616
YCL029C,YOR113W,0,-1.0762805,0.09514562785625458,0.7832167744636536,0.7456745505332947
YOR207C,YDR168W,0,-1.0762837,0.09513408690690994,0.7832167744636536,0.7457745671272278
YFL061W,YGR266W,0,-1.0764498,0.09512254595756531,0.7832167744636536,0.7458745837211609
YDR150W,YBR065C,0,-1.0765172,0.09511100500822067,0.7832167744636536,0.745974600315094
YGL104C,YNL233W,0,-1.0766215,0.09509946405887604,0.7832167744636536,0.7460746169090271
YOL023W,YDL117W,0,-1.0766968,0.095087930560112,0.7832167744636536,0.7461746335029602
YPR134W,YMR156C,0,-1.0767151,0.09507639706134796,0.7832167744636536,0.7462746500968933
YIL007C,YFL061W,0,-1.0768676,0.09506487101316452,0.7832167744636536,0.7463746666908264
YMR286W,YNL111C,0,-1.0768796,0.09505334496498108,0.7832167744636536,0.7464746236801147
YDR468C,YHR090C,0,-1.076928,0.09504182636737823,0.7832167744636536,0.7465746402740479
YOR207C,YLR361C,0,-1.0772101,0.0950303003191948,0.7832167744636536,0.746674656867981
YFR025C,YHR138C,0,-1.0772485,0.09501878917217255,0.7832167744636536,0.7467746734619141
YLR004C,YDL119C,0,-1.0773107,0.0950072705745697,0.7832167744636536,0.7468746900558472
YDR243C,YPL224C,0,-1.0773786,0.09499575942754745,0.7832167744636536,0.7469747066497803
YOL051W,YJL208C,0,-1.0774305,0.09498424828052521,0.7832167744636536,0.7470747232437134
YDR482C,YGL064C,0,-1.0776522,0.09497274458408356,0.7832167744636536,0.7471747398376465
YMR286W,YNL194C,0,-1.0776911,0.0949612408876419,0.7832167744636536,0.7472747564315796
YKL062W,YNL287W,0,-1.0779454,0.09494973719120026,0.7832167744636536,0.7473747134208679
YLR037C,YOR136W,0,-1.0781089,0.0949382409453392,0.7832167744636536,0.747474730014801
YGR217W,YNL132W,0,-1.0781966,0.09492674469947815,0.7832167744636536,0.7475747466087341
YBL056W,YLR363C,0,-1.0782821,0.09491525590419769,0.7832167744636536,0.7476747632026672
YBL008W,YNL036W,0,-1.0783304,0.09490376710891724,0.7832167744636536,0.7477747797966003
YHR122W,YDR179C,0,-1.0783322,0.09489227831363678,0.7832167744636536,0.7478747963905334
YOR380W,YOR254C,0,-1.0784241,0.09488079696893692,0.7832167744636536,0.7479748129844666
YJL212C,YOR110W,0,-1.0786182,0.09486931562423706,0.7832167744636536,0.7480748295783997
YLR386W,YNL242W,1,-1.0787772,0.09497882425785065,0.7842158079147339,0.7480748295783997
YJR120W,YBR218C,0,-1.0788279,0.09496733546257019,0.7842158079147339,0.7481748461723328
YBR069C,YKR100C,0,-1.0788927,0.09495584666728973,0.7842158079147339,0.7482748031616211
YML016C,YOR158W,0,-1.0789819,0.09494436532258987,0.7842158079147339,0.7483748197555542
YGR161C,YHL035C,0,-1.079273,0.09493288397789001,0.7842158079147339,0.7484748363494873
YDL243C,YPR068C,0,-1.0795507,0.09492140263319016,0.7842158079147339,0.7485748529434204
YCL068C,YKR095W,0,-1.0797392,0.09490992873907089,0.7842158079147339,0.7486748695373535
YIL041W,YBR080C,1,-1.0797557,0.09501934051513672,0.7852147817611694,0.7486748695373535
YFR040W,YFR034C,0,-1.0798674,0.09500785917043686,0.7852147817611694,0.7487748861312866
YCL044C,YKL040C,0,-1.0799448,0.094996377825737,0.7852147817611694,0.7488749027252197
YJL057C,YBR180W,0,-1.0800787,0.09498489648103714,0.7852147817611694,0.7489749193191528
YLR085C,YLR258W,0,-1.0801156,0.09497341513633728,0.7852147817611694,0.7490749359130859
YOR189W,YGR165W,0,-1.080145,0.09496194124221802,0.7852147817611694,0.7491748929023743
YOR191W,YGR129W,0,-1.0801946,0.09495047479867935,0.7852147817611694,0.7492749094963074
YOL098C,YDR057W,0,-1.0802419,0.09493900090456009,0.7852147817611694,0.7493749260902405
YCL063W,YBR105C,1,-1.0802616,0.09504830837249756,0.7862138152122498,0.7493749260902405
YHR139C,YDR179C,0,-1.0802855,0.0950368344783783,0.7862138152122498,0.7494749426841736
YGL139W,YBR045C,0,-1.0807548,0.09502535313367844,0.7862138152122498,0.7495749592781067
YFL056C,YLL021W,0,-1.0807763,0.09501388669013977,0.7862138152122498,0.7496749758720398
YOR195W,YNL066W,0,-1.0808012,0.09500241279602051,0.7862138152122498,0.7497749924659729
YGR209C,YJL178C,1,-1.0808095,0.09511164575815201,0.7872127890586853,0.7497749924659729
YDR517W,YKL080W,0,-1.0808121,0.09510017186403275,0.7872127890586853,0.749875009059906
YEL027W,YNL081C,0,-1.08084,0.09508869051933289,0.7872127890586853,0.7499750256538391
YML011C,YGR003W,0,-1.0810361,0.09507721662521362,0.7872127890586853,0.7500749826431274
YOR192C,YDL076C,0,-1.0810864,0.09506575018167496,0.7872127890586853,0.7501749992370605
YDL220C,YHR006W,0,-1.0811487,0.09505428373813629,0.7872127890586853,0.7502750158309937
YGL212W,YIL138C,1,-1.0812659,0.09516342729330063,0.7882117629051208,0.7502750158309937
YIL007C,YDR160W,0,-1.0812694,0.09515195339918137,0.7882117629051208,0.7503750324249268
YML100W,YIL167W,0,-1.0812855,0.0951404795050621,0.7882117629051208,0.7504750490188599
YLR215C,YPR017C,0,-1.0813297,0.09512900561094284,0.7882117629051208,0.750575065612793
YDL077C,YNL054W,1,-1.0814583,0.095238097012043,0.7892107963562012,0.750575065612793
YMR243C,YPL235W,0,-1.0815171,0.09522661566734314,0.7892107963562012,0.7506750822067261
YDR190C,YJR096W,0,-1.0815737,0.09521513432264328,0.7892107963562012,0.7507750988006592
YPL115C,YDR150W,0,-1.0816115,0.09520366042852402,0.7892107963562012,0.7508751153945923
YEL005C,YOR258W,0,-1.0818477,0.09519219398498535,0.7892107963562012,0.7509750723838806
YLR386W,YPL045W,1,-1.0820408,0.09530120342969894,0.7902097702026367,0.7509750723838806
YDR309C,YJL098W,0,-1.082045,0.09528972208499908,0.7902097702026367,0.7510750889778137
YLR085C,YER093C,0,-1.0820677,0.09527824819087982,0.7902097702026367,0.7511751055717468
YGR046W,YLR451W,0,-1.0822234,0.09526677429676056,0.7902097702026367,0.7512751221656799
YOR065W,YBR060C,0,-1.0823122,0.0952553004026413,0.7902097702026367,0.751375138759613
YGR046W,YMR015C,0,-1.0824575,0.09524382650852203,0.7902097702026367,0.7514751553535461
YKL014C,YBR015C,0,-1.0824676,0.09523236006498337,0.7902097702026367,0.7515751719474792
YLR324W,YLR044C,0,-1.0825431,0.0952209010720253,0.7902097702026367,0.7516751885414124
YEL005C,YIL030C,0,-1.0825884,0.09520943462848663,0.7902097702026367,0.7517752051353455
YDR145W,YDR045C,0,-1.0826279,0.09519797563552856,0.7902097702026367,0.7518751621246338
YAR042W,YLR328W,0,-1.0829889,0.09518652409315109,0.7902097702026367,0.7519751787185669
YML057W,YGL064C,0,-1.0830908,0.09517507255077362,0.7902097702026367,0.7520751953125
YFR040W,YGL240W,0,-1.0831753,0.09516362100839615,0.7902097702026367,0.7521752119064331
YPL045W,YAL002W,1,-1.083332,0.09527246654033661,0.791208803653717,0.7521752119064331
YDR350C,YML061C,0,-1.0834308,0.09526100754737854,0.791208803653717,0.7522752285003662
YDR129C,YNL233W,0,-1.0835487,0.09524954855442047,0.791208803653717,0.7523752450942993
YCR065W,YLR263W,0,-1.083603,0.095238097012043,0.791208803653717,0.7524752616882324
YHL003C,YPR086W,0,-1.0836343,0.09522664546966553,0.791208803653717,0.7525752782821655
YPR169W,YDR359C,0,-1.083815,0.09521519392728806,0.791208803653717,0.7526752948760986
YDR287W,YNL176C,0,-1.0838876,0.09520374983549118,0.791208803653717,0.752775251865387
YKL197C,YMR195W,0,-1.0839158,0.0951923057436943,0.791208803653717,0.7528752684593201
YPL115C,YLR006C,0,-1.0840117,0.09518086910247803,0.791208803653717,0.7529752850532532
YGR174C,YEL044W,0,-1.0842189,0.09516943246126175,0.791208803653717,0.7530753016471863
YDL012C,YBL072C,0,-1.0843539,0.09515799582004547,0.791208803653717,0.7531753182411194
YER014W,YMR055C,0,-1.0843617,0.09514656662940979,0.791208803653717,0.7532753348350525
YHR148W,YPL036W,0,-1.0843987,0.09513513743877411,0.791208803653717,0.7533753514289856
YOR207C,YBL063W,0,-1.0845377,0.09512370824813843,0.791208803653717,0.7534753680229187
YER062C,YIL087C,0,-1.0845574,0.09511228650808334,0.791208803653717,0.7535753846168518
YHR088W,YKL080W,0,-1.0846454,0.09510086476802826,0.791208803653717,0.7536753416061401
YNR048W,YOR272W,0,-1.0847789,0.09508944302797318,0.791208803653717,0.7537753582000732
YJR109C,YJL197W,0,-1.0848389,0.09507802873849869,0.791208803653717,0.7538753747940063
YNL137C,YKL110C,0,-1.0848895,0.0950666218996048,0.791208803653717,0.7539753913879395
YGL093W,YDR135C,0,-1.0848992,0.09505520761013031,0.791208803653717,0.7540754079818726
YKR093W,YMR050C,0,-1.084977,0.09504380077123642,0.791208803653717,0.7541754245758057
YLR451W,YOL095C,0,-1.0850062,0.09503239393234253,0.791208803653717,0.7542754411697388
YOL126C,YOR372C,0,-1.0851706,0.09502099454402924,0.791208803653717,0.7543754577636719
YPL138C,YHR096C,0,-1.0852542,0.09500959515571594,0.791208803653717,0.754475474357605
YBL056W,YHR165C,0,-1.0854763,0.09499820321798325,0.791208803653717,0.7545754313468933
YER041W,YKL054C,0,-1.0854858,0.09498680382966995,0.791208803653717,0.7546754479408264
YJR048W,YMR156C,0,-1.0856013,0.09497541934251785,0.791208803653717,0.7547754645347595
YDR273W,YOL052C-A,0,-1.0861219,0.09496402740478516,0.791208803653717,0.7548754811286926
YIL147C,YCL054W,0,-1.0861232,0.09495264291763306,0.791208803653717,0.7549754977226257
YML081W,YGL096W,0,-1.0862948,0.09494125843048096,0.791208803653717,0.7550755143165588
YOR241W,YBL091C,0,-1.0863643,0.09492988139390945,0.791208803653717,0.7551755309104919
YFR010W,YLR352W,0,-1.0866216,0.09491850435733795,0.791208803653717,0.755275547504425
YLL066C,YHR202W,0,-1.0866405,0.09490712732076645,0.791208803653717,0.7553755640983582
YDR189W,YPL135W,0,-1.0867089,0.09489575773477554,0.791208803653717,0.7554755210876465
YOR019W,YNL251C,0,-1.0867548,0.09488438814878464,0.791208803653717,0.7555755376815796
YHR122W,YDL046W,0,-1.0867853,0.09487302601337433,0.791208803653717,0.7556755542755127
YGR046W,YDR122W,0,-1.0874416,0.09486165642738342,0.791208803653717,0.7557755708694458
YEL005C,YFR053C,0,-1.0874846,0.09485030174255371,0.791208803653717,0.7558755874633789
YCL017C,YHR205W,0,-1.0876791,0.0948389396071434,0.791208803653717,0.755975604057312
YPR114W,YIR026C,0,-1.0877669,0.09482758492231369,0.791208803653717,0.7560756206512451
YOL084W,YPR148C,0,-1.0877761,0.09481623023748398,0.791208803653717,0.7561756372451782
YLR039C,YML004C,0,-1.0878122,0.09480488300323486,0.791208803653717,0.7562756538391113
YJR035W,YPL193W,0,-1.0878358,0.09479353576898575,0.791208803653717,0.7563756108283997
YMR015C,YJR108W,0,-1.0878515,0.09478219598531723,0.791208803653717,0.7564756274223328
YKL058W,YDR165W,0,-1.0878751,0.09477084875106812,0.791208803653717,0.7565756440162659
YPR003C,YHR080C,0,-1.0878901,0.0947595089673996,0.791208803653717,0.756675660610199
YER176W,YBL047C,0,-1.0881888,0.09474817663431168,0.791208803653717,0.7567756772041321
YHR039C-A,YJL178C,1,-1.0882361,0.09485645592212677,0.7922077775001526,0.7567756772041321
YPL138C,YOR207C,0,-1.0882564,0.09484511613845825,0.7922077775001526,0.7568756937980652
YJR042W,YDR359C,0,-1.0883113,0.09483376890420914,0.7922077775001526,0.7569757103919983
YGL027C,YLR220W,0,-1.0883591,0.09482242912054062,0.7922077775001526,0.7570757269859314
YNL133C,YGR244C,0,-1.088403,0.0948110967874527,0.7922077775001526,0.7571757435798645
YLR185W,YOR359W,0,-1.0884862,0.09479976445436478,0.7922077775001526,0.7572757005691528
YJL162C,YPL254W,0,-1.0885261,0.09478843212127686,0.7922077775001526,0.7573757171630859
YDR435C,YBR254C,0,-1.0885856,0.09477709978818893,0.7922077775001526,0.757475733757019
YIL048W,YDL149W,1,-1.0886154,0.09488527476787567,0.7932068109512329,0.757475733757019
YBR268W,YMR313C,0,-1.0887084,0.09487394243478775,0.7932068109512329,0.7575757503509521
YNL183C,YNL288W,0,-1.0887586,0.09486260265111923,0.7932068109512329,0.7576757669448853
YPL209C,YOL135C,0,-1.0887771,0.09485127031803131,0.7932068109512329,0.7577757835388184
YPL207W,YBR109C,0,-1.0887848,0.09483994543552399,0.7932068109512329,0.7578758001327515
YOR241W,YIL137C,0,-1.0890521,0.09482861310243607,0.7932068109512329,0.7579758167266846
YKR064W,YOR358W,0,-1.0894892,0.09481728821992874,0.7932068109512329,0.7580758333206177
YDR091C,YKR088C,0,-1.0895138,0.09480597078800201,0.7932068109512329,0.758175790309906
YKR085C,YEL051W,0,-1.089878,0.09479465335607529,0.7932068109512329,0.7582758069038391
YGL180W,YAL002W,1,-1.0898949,0.09490270912647247,0.7942057847976685,0.7582758069038391
YLR284C,YBR094W,0,-1.0903271,0.09489138424396515,0.7942057847976685,0.7583758234977722
YLR386W,YNL326C,1,-1.0903777,0.09499940276145935,0.7952048182487488,0.7583758234977722
YLL048C,YPR120C,0,-1.0906456,0.09498807042837143,0.7952048182487488,0.7584758400917053
YCR024C,YKL087C,0,-1.0907203,0.09497673064470291,0.7952048182487488,0.7585758566856384
YFR040W,YLR248W,0,-1.0907519,0.09496540576219559,0.7952048182487488,0.7586758732795715
YLR239C,YLR361C,0,-1.0907598,0.09495407342910767,0.7952048182487488,0.7587758898735046
YPL138C,YLR143W,0,-1.0907816,0.09494274854660034,0.7952048182487488,0.7588759064674377
YDR406W,YKL051W,0,-1.0911793,0.09493142366409302,0.7952048182487488,0.7589759230613708
YLL053C,YKL040C,0,-1.0911862,0.09492010623216629,0.7952048182487488,0.7590758800506592
YIL036W,YDR175C,0,-1.0912106,0.09490878880023956,0.7952048182487488,0.7591758966445923
YMR232W,YML061C,0,-1.0912266,0.09489747136831284,0.7952048182487488,0.7592759132385254
YJR120W,YOR156C,0,-1.0913604,0.0948861613869667,0.7952048182487488,0.7593759298324585
YNL056W,YIL043C,0,-1.09151,0.09487485140562057,0.7952048182487488,0.7594759464263916
YKL048C,YLR409C,0,-1.0916042,0.09486354142427444,0.7952048182487488,0.7595759630203247
YDR513W,YJR041C,0,-1.0917379,0.09485223889350891,0.7952048182487488,0.7596759796142578
YCR091W,YCL044C,0,-1.0917728,0.09484093636274338,0.7952048182487488,0.7597759962081909
YOR247W,YPL235W,0,-1.0918616,0.09482964128255844,0.7952048182487488,0.759876012802124
YML011C,YPL137C,0,-1.0919715,0.0948183462023735,0.7952048182487488,0.7599759697914124
YDR111C,YBL008W,0,-1.0920091,0.09480705112218857,0.7952048182487488,0.7600759863853455
YHR190W,YGL192W,0,-1.0922506,0.09479576349258423,0.7952048182487488,0.7601760029792786
YKL150W,YPL175W,0,-1.0923289,0.09478447586297989,0.7952048182487488,0.7602760195732117
YOR247W,YLR068W,0,-1.092583,0.09477318823337555,0.7952048182487488,0.7603760361671448
YML061C,YDL149W,0,-1.092807,0.0947619080543518,0.7952048182487488,0.7604760527610779
YMR215W,YPL193W,0,-1.0928521,0.09475062787532806,0.7952048182487488,0.760576069355011
YNL183C,YML059C,0,-1.0929372,0.09473934769630432,0.7952048182487488,0.7606760859489441
YOR103C,YDR284C,0,-1.0929753,0.09472807496786118,0.7952048182487488,0.7607761025428772
YPL036W,YOR260W,0,-1.0930306,0.09471680223941803,0.7952048182487488,0.7608760595321655
YCR024C,YDL243C,0,-1.0930625,0.09470552951097488,0.7952048182487488,0.7609760761260986
YPR199C,YPL135W,0,-1.0931948,0.09469426423311234,0.7952048182487488,0.7610760927200317
YLR148W,YDR080W,1,-1.0936753,0.09480194747447968,0.7962037920951843,0.7610760927200317
YGR212W,YHL015W,0,-1.093825,0.09479067474603653,0.7962037920951843,0.7611761093139648
YMR192W,YGL027C,0,-1.0940628,0.09477940201759338,0.7962037920951843,0.761276125907898
YOR172W,YNL076W,0,-1.0940889,0.09476813673973083,0.7962037920951843,0.761376142501831
YDR235W,YLR247C,0,-1.0941094,0.09475686401128769,0.7962037920951843,0.7614761590957642
YGL196W,YNR038W,0,-1.0941647,0.09474559873342514,0.7962037920951843,0.7615761756896973
YNL223W,YFL004W,1,-1.0941749,0.09485320001840591,0.7972028255462646,0.7615761756896973
YIL030C,YCR065W,0,-1.0942335,0.09484192728996277,0.7972028255462646,0.7616761922836304
YLR143W,YGR040W,0,-1.0944113,0.09483066201210022,0.7972028255462646,0.7617761492729187
YDR280W,YKR083C,0,-1.0946232,0.09481938928365707,0.7972028255462646,0.7618761658668518
YLR083C,YBR218C,0,-1.0946499,0.09480812400579453,0.7972028255462646,0.7619761824607849
YDL175C,YGL016W,0,-1.0948561,0.09479686617851257,0.7972028255462646,0.762076199054718
YNL214W,YFR038W,0,-1.09524,0.09478560090065002,0.7972028255462646,0.7621762156486511
YPL235W,YJL168C,0,-1.0954599,0.09477434307336807,0.7972028255462646,0.7622762322425842
YDL105W,YLR263W,0,-1.0955151,0.09476309269666672,0.7972028255462646,0.7623762488365173
YNL020C,YER127W,0,-1.0955209,0.09475184231996536,0.7972028255462646,0.7624762654304504
YHR006W,YDR135C,0,-1.0955578,0.09474059194326401,0.7972028255462646,0.7625762820243835
YPR174C,YFR030W,0,-1.0956017,0.09472934156656265,0.7972028255462646,0.7626762390136719
YOR207C,YLR323C,0,-1.0956533,0.0947180986404419,0.7972028255462646,0.762776255607605
YIL106W,YJL212C,0,-1.0957156,0.09470686316490173,0.7972028255462646,0.7628762722015381
YBR248C,YBR149W,0,-1.0957615,0.09469562023878098,0.7972028255462646,0.7629762887954712
YOR034C,YOR009W,0,-1.095776,0.09468438476324081,0.7972028255462646,0.7630763053894043
YDR235W,YDR468C,0,-1.0957761,0.09467314928770065,0.7972028255462646,0.7631763219833374
YCL029C,YNL142W,0,-1.0959362,0.09466192126274109,0.7972028255462646,0.7632763385772705
YJR035W,YOL029C,0,-1.0959547,0.09465069323778152,0.7972028255462646,0.7633763551712036
YDR516C,YLR092W,0,-1.095996,0.09463946521282196,0.7972028255462646,0.7634763717651367
YPL203W,YGR083C,0,-1.0960431,0.094628244638443,0.7972028255462646,0.763576328754425
YER179W,YKR049C,0,-1.0962164,0.09461702406406403,0.7972028255462646,0.7636763453483582
YIL147C,YNL240C,0,-1.0962448,0.09460581094026566,0.7972028255462646,0.7637763619422913
YDR441C,YKL069W,0,-1.0962946,0.09459459781646729,0.7972028255462646,0.7638763785362244
YLR239C,YPR180W,0,-1.096319,0.09458338469266891,0.7972028255462646,0.7639763951301575
YDR259C,YJR050W,0,-1.0963832,0.09457217156887054,0.7972028255462646,0.7640764117240906
YKR053C,YBL100W-B,0,-1.0965016,0.09456096589565277,0.7972028255462646,0.7641764283180237
YMR195W,YOR059C,0,-1.0966197,0.094549760222435,0.7972028255462646,0.7642764449119568
YPL116W,YBR114W,0,-1.0967829,0.09453856199979782,0.7972028255462646,0.7643764615058899
YLR367W,YMR153W,0,-1.0968902,0.09452736377716064,0.7972028255462646,0.7644764184951782
YLR167W,YGR211W,0,-1.0969881,0.09451616555452347,0.7972028255462646,0.7645764350891113
YKL194C,YOR136W,0,-1.0971297,0.09450497478246689,0.7972028255462646,0.7646764516830444
YBR069C,YJL089W,0,-1.0972368,0.09449378401041031,0.7972028255462646,0.7647764682769775
YDR482C,YFR024C-A,0,-1.0977414,0.09448259323835373,0.7972028255462646,0.7648764848709106
YEL005C,YGL053W,0,-1.0977911,0.09447140991687775,0.7972028255462646,0.7649765014648438
YOR358W,YPL161C,0,-1.0978637,0.09446022659540176,0.7972028255462646,0.7650765180587769
YML102W,YLR060W,0,-1.0978856,0.09444905072450638,0.7972028255462646,0.76517653465271
YLR148W,YPR049C,1,-1.0978941,0.09455621242523193,0.7982017993927002,0.76517653465271
YBL091C,YDR087C,0,-1.0979557,0.09454502165317535,0.7982017993927002,0.7652765512466431
YLR411W,YER093C,0,-1.0979844,0.09453383833169937,0.7982017993927002,0.7653765082359314
YDL003W,YNL094W,0,-1.0980146,0.09452265501022339,0.7982017993927002,0.7654765248298645
YDR345C,YNL216W,0,-1.0981513,0.0945114716887474,0.7982017993927002,0.7655765414237976
YOR189W,YKL060C,0,-1.0982318,0.09450029581785202,0.7982017993927002,0.7656765580177307
YER123W,YMR195W,0,-1.0983077,0.09448911994695663,0.7982017993927002,0.7657765746116638
YAL048C,YMR041C,0,-1.0986959,0.09447794407606125,0.7982017993927002,0.7658765912055969
YOR045W,YKL196C,0,-1.0991693,0.09446677565574646,0.7982017993927002,0.76597660779953
YDR495C,YDR126W,1,-1.0992655,0.09457382559776306,0.7992007732391357,0.76597660779953
YOR081C,YOL096C,0,-1.0993019,0.09456264972686768,0.7992007732391357,0.7660766243934631
YOL029C,YGL219C,0,-1.0993837,0.09455147385597229,0.7992007732391357,0.7661766409873962
YER062C,YAL015C,0,-1.0995822,0.0945402979850769,0.7992007732391357,0.7662765979766846
YNL216W,YNL161W,0,-1.0996888,0.09452912956476212,0.7992007732391357,0.7663766145706177
YKR096W,YHR201C,0,-1.0997921,0.09451796114444733,0.7992007732391357,0.7664766311645508
YLR131C,YDL093W,0,-1.0998569,0.09450679272413254,0.7992007732391357,0.7665766477584839
YCR031C,YDR359C,0,-1.0999376,0.09449563175439835,0.7992007732391357,0.766676664352417
YNL048W,YOL029C,0,-1.1000873,0.09448447078466415,0.7992007732391357,0.7667766809463501
YIL087C,YNL029C,0,-1.1001486,0.09447330981492996,0.7992007732391357,0.7668766975402832
YBR188C,YLL014W,0,-1.1003397,0.09446215629577637,0.7992007732391357,0.7669767141342163
YPR037C,YOR059C,0,-1.100423,0.09445100277662277,0.7992007732391357,0.7670767307281494
YHL017W,YLR324W,0,-1.100509,0.09443985670804977,0.7992007732391357,0.7671767473220825
YBR038W,YHL028W,0,-1.1005378,0.09442870318889618,0.7992007732391357,0.7672767043113708
YBR168W,YDR087C,0,-1.1005576,0.09441756457090378,0.7992007732391357,0.767376720905304
YJL078C,YDR398W,0,-1.1007392,0.09440641850233078,0.7992007732391357,0.7674767374992371
YDR129C,YGL238W,0,-1.1007653,0.09439527988433838,0.7992007732391357,0.7675767540931702
YIL056W,YJR050W,0,-1.1008075,0.09438414126634598,0.7992007732391357,0.7676767706871033
YPR049C,YNL054W,1,-1.1008168,0.09449097514152527,0.8001998066902161,0.7676767706871033
YDR201W,YBR091C,0,-1.1009129,0.09447982907295227,0.8001998066902161,0.7677767872810364
YOR156C,YGR003W,0,-1.1009519,0.09446869045495987,0.8001998066902161,0.7678768038749695
YDR004W,YML004C,0,-1.1009989,0.09445754438638687,0.8001998066902161,0.7679768204689026
YBL056W,YML081W,0,-1.1010932,0.09444641321897507,0.8001998066902161,0.7680768370628357
YER093C,YLR001C,0,-1.1011249,0.09443527460098267,0.8001998066902161,0.768176794052124
YER028C,YNR059W,0,-1.1011368,0.09442414343357086,0.8001998066902161,0.7682768106460571
YBR023C,YBL047C,0,-1.1011765,0.09441301226615906,0.8001998066902161,0.7683768272399902
YOR316C,YLR299W,0,-1.1012117,0.09440188854932785,0.8001998066902161,0.7684768438339233
YHL017W,YKR077W,0,-1.1014075,0.09439076483249664,0.8001998066902161,0.7685768604278564
YNL048W,YBR212W,0,-1.1016306,0.09437964111566544,0.8001998066902161,0.7686768770217896
YKL132C,YPL254W,0,-1.1016531,0.09436851739883423,0.8001998066902161,0.7687768936157227
YIL147C,YFR038W,0,-1.1019298,0.09435740113258362,0.8001998066902161,0.7688769102096558
YPL115C,YNL062C,0,-1.1019677,0.0943462923169136,0.8001998066902161,0.7689769268035889
YKL185W,YCL016C,0,-1.1021045,0.094335176050663,0.8001998066902161,0.7690768837928772
YFL061W,YML047C,0,-1.1021918,0.09432406723499298,0.8001998066902161,0.7691769003868103
YMR232W,YCR091W,0,-1.1023438,0.09431296586990356,0.8001998066902161,0.7692769169807434
YHR197W,YBR301W,0,-1.1023775,0.09430185705423355,0.8001998066902161,0.7693769335746765
YPR134W,YNL063W,0,-1.1026801,0.09429075568914413,0.8001998066902161,0.7694769501686096
YPR188C,YOR086C,0,-1.1029111,0.09427966177463531,0.8001998066902161,0.7695769667625427
YPR105C,YKR052C,0,-1.1030827,0.0942685678601265,0.8001998066902161,0.7696769833564758
YGR024C,YPL239W,0,-1.1032138,0.09425747394561768,0.8001998066902161,0.7697769999504089
YPL141C,YBR023C,0,-1.1034548,0.09424638003110886,0.8001998066902161,0.769877016544342
YDR441C,YNL123W,0,-1.1037266,0.09423529356718063,0.8001998066902161,0.7699769735336304
YOR262W,YGL027C,0,-1.1037669,0.09422420710325241,0.8001998066902161,0.7700769901275635
YDR150W,YOR060C,0,-1.10388,0.09421312808990479,0.8001998066902161,0.7701770067214966
YDR098C,YIL009W,0,-1.104075,0.09420204907655716,0.8001998066902161,0.7702770233154297
YPL235W,YBR028C,0,-1.1041505,0.09419097006320953,0.8001998066902161,0.7703770399093628
YLL018C,YPL056C,0,-1.1041598,0.09417989104986191,0.8001998066902161,0.7704770565032959
YNL076W,YMR153W,0,-1.104206,0.09416881948709488,0.8001998066902161,0.770577073097229
YPR128C,YDR259C,0,-1.104308,0.09415775537490845,0.8001998066902161,0.7706770896911621
YPR097W,YNR055C,0,-1.1044458,0.09414668381214142,0.8001998066902161,0.7707771062850952
YNR007C,YCL063W,1,-1.104652,0.09425314515829086,0.8011987805366516,0.7707771062850952
YGL115W,YMR225C,0,-1.1048391,0.09424206614494324,0.8011987805366516,0.7708770632743835
YOR119C,YOR241W,0,-1.1049798,0.09423099458217621,0.8011987805366516,0.7709770798683167
YGR030C,YMR035W,0,-1.1050768,0.09421992301940918,0.8011987805366516,0.7710770964622498
YOL020W,YNL038W,0,-1.105155,0.09420885890722275,0.8011987805366516,0.7711771130561829
YJL054W,YGR055W,0,-1.1053853,0.09419779479503632,0.8011987805366516,0.771277129650116
YPL116W,YMR237W,0,-1.1055256,0.09418673068284988,0.8011987805366516,0.7713771462440491
YJR084W,YPR131C,0,-1.1055759,0.09417566657066345,0.8011987805366516,0.7714771628379822
YAR009C,YMR205C,0,-1.1055807,0.09416460990905762,0.8011987805366516,0.7715771794319153
YGL093W,YGR040W,0,-1.1055968,0.09415356069803238,0.8011987805366516,0.7716771960258484
YLR052W,YKL051W,0,-1.105694,0.09414250403642654,0.8011987805366516,0.7717771530151367
YML067C,YOR060C,0,-1.1057556,0.0941314548254013,0.8011987805366516,0.7718771696090698
YDL160C,YJR123W,0,-1.105922,0.09412040561437607,0.8011987805366516,0.7719771862030029
YDL149W,YNL223W,1,-1.105984,0.09422671049833298,0.8021978139877319,0.7719771862030029
YGL095C,YNL054W,1,-1.1060622,0.0943329781293869,0.8031967878341675,0.7719771862030029
YGL025C,YOL096C,0,-1.106325,0.09432191401720047,0.8031967878341675,0.772077202796936
YLR258W,YMR225C,0,-1.1063846,0.09431084990501404,0.8031967878341675,0.7721772193908691
YKL045W,YJL089W,0,-1.1065339,0.0942997857928276,0.8031967878341675,0.7722772359848022
YLR417W,YDR244W,0,-1.1065524,0.09428872913122177,0.8031967878341675,0.7723772525787354
YER093C,YKL051W,0,-1.1066645,0.09427767246961594,0.8031967878341675,0.7724772691726685
YDR292C,YNL161W,0,-1.1066651,0.0942666232585907,0.8031967878341675,0.7725772857666016
YHR205W,YLR435W,0,-1.1068094,0.09425556659698486,0.8031967878341675,0.7726772427558899
YDR075W,YEL001C,0,-1.1072106,0.09424451738595963,0.8031967878341675,0.772777259349823
YKL192C,YEL027W,0,-1.1072403,0.09423347562551498,0.8031967878341675,0.7728772759437561
YBR038W,YGR202C,0,-1.1074519,0.09422243386507034,0.8031967878341675,0.7729772925376892
YDR213W,YLR190W,0,-1.1076297,0.0942113921046257,0.8031967878341675,0.7730773091316223
YAL059W,YOR195W,0,-1.1077276,0.09420035034418106,0.8031967878341675,0.7731773257255554
YOL042W,YER109C,0,-1.1078204,0.09418931603431702,0.8031967878341675,0.7732773423194885
YMR175W,YDR386W,0,-1.1078296,0.09417828172445297,0.8031967878341675,0.7733773589134216
YAL056W,YDR438W,0,-1.1078489,0.09416725486516953,0.8031967878341675,0.7734773755073547
YNL183C,YDR257C,0,-1.1078935,0.09415622800588608,0.8031967878341675,0.7735773324966431
YOR380W,YBL035C,0,-1.1079122,0.09414520114660263,0.8031967878341675,0.7736773490905762
YIL107C,YNL278W,0,-1.1080467,0.09413417428731918,0.8031967878341675,0.7737773656845093
YPR067W,YIL148W,0,-1.1084186,0.09412315487861633,0.8031967878341675,0.7738773822784424
YLR220W,YOR227W,0,-1.1085376,0.09411213546991348,0.8031967878341675,0.7739773988723755
YLR052W,YDR025W,0,-1.108893,0.09410112351179123,0.8031967878341675,0.7740774154663086
YHL031C,YOR358W,0,-1.1089826,0.09409011155366898,0.8031967878341675,0.7741774320602417
YOR032C,YOR330C,0,-1.1090232,0.09407909959554672,0.8031967878341675,0.7742774486541748
YLR347C,YLL067C,0,-1.1092209,0.09406809508800507,0.8031967878341675,0.7743774652481079
YOR087W,YPL135W,0,-1.109222,0.09405709058046341,0.8031967878341675,0.7744774222373962
YNL167C,YBR060C,0,-1.1092241,0.09404608607292175,0.8031967878341675,0.7745774388313293
YDR201W,YPL189W,0,-1.1093062,0.0940350890159607,0.8031967878341675,0.7746774554252625
YEL032W,YLR313C,0,-1.1094772,0.09402409195899963,0.8031967878341675,0.7747774720191956
YKL058W,YHL015W,0,-1.1095015,0.09401309490203857,0.8031967878341675,0.7748774886131287
YML041C,YGL240W,0,-1.10959,0.09400210529565811,0.8031967878341675,0.7749775052070618
YOR177C,YPL120W,0,-1.109654,0.09399111568927765,0.8031967878341675,0.7750775218009949
YOR192C,YPL061W,0,-1.109705,0.09398012608289719,0.8031967878341675,0.775177538394928
YIL069C,YLL053C,0,-1.1097739,0.09396914392709732,0.8031967878341675,0.7752775549888611
YPL176C,YLR363C,0,-1.1097928,0.09395816177129745,0.8031967878341675,0.7753775119781494
YBR114W,YLR299W,0,-1.1098335,0.09394718706607819,0.8031967878341675,0.7754775285720825
YBR153W,YMR158W,0,-1.109875,0.09393620491027832,0.8031967878341675,0.7755775451660156
YBR038W,YNL045W,0,-1.1099151,0.09392523020505905,0.8031967878341675,0.7756775617599487
YNL051W,YOR132W,0,-1.1099197,0.09391426295042038,0.8031967878341675,0.7757775783538818
YNL263C,YOL012C,0,-1.1100959,0.09390329569578171,0.8031967878341675,0.7758775949478149
YKL185W,YNL247W,0,-1.1102422,0.09389232844114304,0.8031967878341675,0.775977611541748
YHR103W,YJL083W,0,-1.1104016,0.09388136118650436,0.8031967878341675,0.7760776281356812
YGL212W,YDR126W,1,-1.1105307,0.09398715943098068,0.8041958212852478,0.7760776281356812
YPR134W,YGR044C,0,-1.1106455,0.09397618472576141,0.8041958212852478,0.7761776447296143
YDL124W,YDL113C,0,-1.1106572,0.09396521747112274,0.8041958212852478,0.7762776017189026
YNL233W,YDR434W,0,-1.1110349,0.09395425021648407,0.8041958212852478,0.7763776183128357
YOL096C,YKL197C,0,-1.1111125,0.0939432829618454,0.8041958212852478,0.7764776349067688
YOR193W,YKL129C,0,-1.1114752,0.09393232315778732,0.8041958212852478,0.7765776515007019
YLR017W,YMR237W,0,-1.1116058,0.09392136335372925,0.8041958212852478,0.776677668094635
YKL014C,YDR308C,0,-1.1117086,0.09391040354967117,0.8041958212852478,0.7767776846885681
YHR169W,YIR004W,0,-1.111905,0.0938994511961937,0.8041958212852478,0.7768777012825012
YML061C,YJL058C,0,-1.112088,0.09388849884271622,0.8041958212852478,0.7769777178764343
YFR010W,YBL063W,0,-1.1122524,0.09387755393981934,0.8041958212852478,0.7770777344703674
YFR050C,YMR262W,0,-1.1122799,0.09386660158634186,0.8041958212852478,0.7771776914596558
YHL017W,YNL156C,0,-1.1122891,0.09385566413402557,0.8041958212852478,0.7772777080535889
YHR205W,YPL115C,0,-1.1124082,0.09384471923112869,0.8041958212852478,0.777377724647522
YMR232W,YCL039W,0,-1.1124185,0.09383378177881241,0.8041958212852478,0.7774777412414551
YCR035C,YLR055C,0,-1.1125551,0.09382284432649612,0.8041958212852478,0.7775777578353882
YCL063W,YLR093C,1,-1.1135714,0.09392844885587692,0.8051947951316833,0.7775777578353882
YDR482C,YDR308C,0,-1.113837,0.09391750395298004,0.8051947951316833,0.7776777744293213
YMR322C,YGL127C,0,-1.1138777,0.09390655905008316,0.8051947951316833,0.7777777910232544
YOL098C,YOR359W,0,-1.1142557,0.09389562159776688,0.8051947951316833,0.7778778076171875
YNL286W,YMR156C,0,-1.1142628,0.09388468414545059,0.8051947951316833,0.7779778242111206
YGR174C,YKR052C,0,-1.1143513,0.09387374669313431,0.8051947951316833,0.7780777812004089
YGL196W,YCR036W,0,-1.1145066,0.09386281669139862,0.8051947951316833,0.778177797794342
YKL006C-A,YOR358W,0,-1.1145314,0.09385188668966293,0.8051947951316833,0.7782778143882751
YFR030W,YJL196C,0,-1.114608,0.09384095668792725,0.8051947951316833,0.7783778309822083
YHR103W,YIL008W,0,-1.1146218,0.09383003413677216,0.8051947951316833,0.7784778475761414
YNL020C,YPL117C,0,-1.1146322,0.09381911158561707,0.8051947951316833,0.7785778641700745
YHR088W,YPR046W,0,-1.114724,0.09380819648504257,0.8051947951316833,0.7786778807640076
YOR068C,YDR495C,1,-1.1147258,0.09391365200281143,0.8061938285827637,0.7786778807640076
YCR045C,YMR207C,0,-1.1147467,0.09390272200107574,0.8061938285827637,0.7787778973579407
YPR037C,YLR056W,0,-1.1151028,0.09389179944992065,0.8061938285827637,0.7788779139518738
YDR150W,YHR202W,0,-1.1151606,0.09388087689876556,0.8061938285827637,0.7789778709411621
YGR202C,YGL018C,0,-1.1154065,0.09386995434761047,0.8061938285827637,0.7790778875350952
YPR008W,YJL094C,0,-1.1155165,0.09385903924703598,0.8061938285827637,0.7791779041290283
YHR088W,YBR094W,0,-1.1155618,0.09384812414646149,0.8061938285827637,0.7792779207229614
YLR288C,YBR094W,0,-1.1156129,0.093837209045887,0.8061938285827637,0.7793779373168945
YLL048C,YKL138C,0,-1.1159301,0.0938263013958931,0.8061938285827637,0.7794779539108276
YKL141W,YPL198W,0,-1.1160793,0.0938153937458992,0.8061938285827637,0.7795779705047607
YNL137C,YJR049C,0,-1.1160953,0.0938044860959053,0.8061938285827637,0.7796779870986938
YMR195W,YDL087C,0,-1.1161262,0.093793585896492,0.8061938285827637,0.779778003692627
YFL026W,YLR363C,0,-1.1162055,0.0937826856970787,0.8061938285827637,0.7798779606819153
YGL098W,YNL240C,0,-1.1164705,0.0937717854976654,0.8061938285827637,0.7799779772758484
YHR103W,YER155C,0,-1.1166576,0.0937608927488327,0.8061938285827637,0.7800779938697815
YAR033W,YKL051W,0,-1.1167201,0.09375,0.8061938285827637,0.7801780104637146
YIL064W,YPL100W,0,-1.1167203,0.0937391072511673,0.8061938285827637,0.7802780270576477
YDR361C,YNL094W,0,-1.1170803,0.09372822195291519,0.8061938285827637,0.7803780436515808
YLR093C,YPR199C,0,-1.1171823,0.09371733665466309,0.8061938285827637,0.7804780602455139
YNL023C,YKL039W,0,-1.1172439,0.09370645880699158,0.8061938285827637,0.780578076839447
YOL132W,YDR009W,0,-1.1176008,0.09369557350873947,0.8061938285827637,0.7806780934333801
YCR018C,YBR180W,0,-1.1177895,0.09368469566106796,0.8061938285827637,0.7807780504226685
YMR226C,YHL026C,0,-1.1177994,0.09367382526397705,0.8061938285827637,0.7808780670166016
YPR057W,YHL015W,0,-1.1178504,0.09366295486688614,0.8061938285827637,0.7809780836105347
YMR101C,YGR129W,0,-1.1178718,0.09365208446979523,0.8061938285827637,0.7810781002044678
YDR111C,YML102W,0,-1.1180841,0.09364121407270432,0.8061938285827637,0.7811781167984009
YDR145W,YMR153W,0,-1.1181941,0.093630351126194,0.8061938285827637,0.781278133392334
YDR463W,YPR034W,0,-1.1182137,0.09361948817968369,0.8061938285827637,0.7813781499862671
YLR234W,YPL176C,0,-1.1183239,0.09360863268375397,0.8061938285827637,0.7814781665802002
YLR377C,YFL061W,0,-1.118568,0.09359776973724365,0.8061938285827637,0.7815781831741333
YIL069C,YPL175W,0,-1.1185834,0.09358692169189453,0.8061938285827637,0.7816781401634216
YMR261C,YCL051W,0,-1.1188287,0.09357606619596481,0.8061938285827637,0.7817781567573547
YML127W,YJR052W,0,-1.1190003,0.09356521815061569,0.8061938285827637,0.7818781733512878
YIL167W,YOR059C,0,-1.1191198,0.09355437010526657,0.8061938285827637,0.781978189945221
YOR247W,YNR055C,0,-1.1191398,0.09354352951049805,0.8061938285827637,0.782078206539154
YHR088W,YPR086W,0,-1.1192771,0.09353268146514893,0.8061938285827637,0.7821782231330872
YML107C,YER060W-A,0,-1.1192932,0.093521848320961,0.8061938285827637,0.7822782397270203
YLR039C,YMR110C,0,-1.1194898,0.09351100772619247,0.8061938285827637,0.7823782563209534
YIL096C,YIL009W,0,-1.1196284,0.09350017458200455,0.8061938285827637,0.7824782729148865
YIL087C,YNL066W,0,-1.1196758,0.09348934143781662,0.8061938285827637,0.7825782299041748
YJR035W,YHR037W,0,-1.1196917,0.09347851574420929,0.8061938285827637,0.7826782464981079
YNL183C,YGL171W,0,-1.1197385,0.09346768260002136,0.8061938285827637,0.782778263092041
YEL001C,YDR092W,0,-1.1197562,0.09345686435699463,0.8061938285827637,0.7828782796859741
YIR004W,YDR289C,0,-1.1199423,0.0934460386633873,0.8061938285827637,0.7829782962799072
YML098W,YER142C,0,-1.1199511,0.09343522042036057,0.8061938285827637,0.7830783128738403
YJR050W,YOR259C,0,-1.1200032,0.09342440217733383,0.8061938285827637,0.7831783294677734
YDR148C,YER072W,0,-1.1200984,0.0934135913848877,0.8061938285827637,0.7832783460617065
YOL144W,YBR101C,0,-1.1204611,0.09340278059244156,0.8061938285827637,0.7833783626556396
YDR350C,YNR038W,0,-1.1204671,0.09339196979999542,0.8061938285827637,0.783478319644928
YIL173W,YJL083W,0,-1.1204839,0.09338115900754929,0.8061938285827637,0.7835783362388611
YML100W,YNL233W,0,-1.1204844,0.09337035566568375,0.8061938285827637,0.7836783528327942
YGR005C,YLR435W,0,-1.120551,0.0933595523238182,0.8061938285827637,0.7837783694267273
YPR148C,YER139C,0,-1.120584,0.09334875643253326,0.8061938285827637,0.7838783860206604
YIL154C,YDL139C,0,-1.1207612,0.09333796054124832,0.8061938285827637,0.7839784026145935
YNL038W,YER167W,0,-1.1207926,0.09332716464996338,0.8061938285827637,0.7840784192085266
YHR103W,YPR143W,0,-1.1208212,0.09331637620925903,0.8061938285827637,0.7841784358024597
YIR019C,YML047C,0,-1.120992,0.09330558776855469,0.8061938285827637,0.7842784523963928
YMR322C,YPL221W,0,-1.121014,0.09329479932785034,0.8061938285827637,0.7843784093856812
YDR328C,YLR292C,0,-1.1211648,0.093284010887146,0.8061938285827637,0.7844784259796143
YJL096W,YPL254W,0,-1.1213092,0.09327322989702225,0.8061938285827637,0.7845784425735474
YGR181W,YNL063W,0,-1.1213951,0.0932624489068985,0.8061938285827637,0.7846784591674805
YER014W,YDR204W,0,-1.1214142,0.09325167536735535,0.8061938285827637,0.7847784757614136
YPL120W,YNL156C,0,-1.1215054,0.0932409018278122,0.8061938285827637,0.7848784923553467
YBR248C,YGR030C,0,-1.1217453,0.09323012828826904,0.8061938285827637,0.7849785089492798
YLR258W,YGR080W,0,-1.121966,0.09321936219930649,0.8061938285827637,0.7850785255432129
YGL180W,YBR105C,1,-1.1220126,0.09332409501075745,0.8071928024291992,0.7850785255432129
YNL041C,YOL095C,0,-1.1220655,0.0933133140206337,0.8071928024291992,0.785178542137146
YDR407C,YBR015C,0,-1.1221356,0.09330254048109055,0.8071928024291992,0.7852784991264343
YGR046W,YJL069C,0,-1.1221523,0.0932917669415474,0.8071928024291992,0.7853785157203674
YJR042W,YBL025W,0,-1.1222057,0.09328100085258484,0.8071928024291992,0.7854785323143005
YDR482C,YDR243C,0,-1.122221,0.09327022731304169,0.8071928024291992,0.7855785489082336
YOL098C,YER060W,0,-1.1222464,0.09325946122407913,0.8071928024291992,0.7856785655021667
YGR103W,YPL221W,0,-1.1222878,0.09324870258569717,0.8071928024291992,0.7857785820960999
YFL056C,YLR037C,0,-1.1223049,0.09323794394731522,0.8071928024291992,0.785878598690033
YHL028W,YIL098C,0,-1.1223649,0.09322718530893326,0.8071928024291992,0.7859786152839661
YLR039C,YOL069W,0,-1.1225302,0.0932164266705513,0.8071928024291992,0.7860786318778992
YGL006W,YPR148C,0,-1.1225585,0.09320567548274994,0.8071928024291992,0.7861785888671875
YOR320C,YNL023C,0,-1.1227131,0.09319492429494858,0.8071928024291992,0.7862786054611206
YML059C,YJR118C,0,-1.1228007,0.09318418055772781,0.8071928024291992,0.7863786220550537
YML016C,YFR038W,0,-1.1228074,0.09317342936992645,0.8071928024291992,0.7864786386489868
YML059C,YNR024W,0,-1.1228406,0.09316268563270569,0.8071928024291992,0.7865786552429199
YGR097W,YMR091C,0,-1.122846,0.09315194934606552,0.8071928024291992,0.786678671836853
YOR034C,YMR322C,0,-1.1230631,0.09314121305942535,0.8071928024291992,0.7867786884307861
YNL145W,YGL087C,0,-1.1232164,0.09313047677278519,0.8071928024291992,0.7868787050247192
YPL056C,YHL011C,0,-1.1233478,0.09311974048614502,0.8071928024291992,0.7869787216186523
YPL171C,YHR080C,0,-1.1234305,0.09310901165008545,0.8071928024291992,0.7870786786079407
YPR180W,YNL094W,0,-1.1234814,0.09309828281402588,0.8071928024291992,0.7871786952018738
YLR417W,YPR180W,0,-1.1235292,0.09308755397796631,0.8071928024291992,0.7872787117958069
YFL004W,YBR217W,1,-1.1235877,0.09319202601909637,0.8081918358802795,0.7872787117958069
YDR273W,YER015W,0,-1.1236703,0.0931812971830368,0.8081918358802795,0.78737872838974
YOR090C,YNL023C,0,-1.1238769,0.09317056089639664,0.8081918358802795,0.7874787449836731
YOR086C,YOR259C,0,-1.1238827,0.09315983206033707,0.8081918358802795,0.7875787615776062
YOR002W,YHR142W,0,-1.1240579,0.0931491106748581,0.8081918358802795,0.7876787781715393
YLR007W,YGR094W,0,-1.1243355,0.09313838183879852,0.8081918358802795,0.7877787947654724
YOL055C,YNL094W,0,-1.1245638,0.09312766045331955,0.8081918358802795,0.7878788113594055
YJR117W,YMR237W,0,-1.1246598,0.09311694651842117,0.8081918358802795,0.7879787683486938
YGL126W,YPL210C,0,-1.1248224,0.0931062251329422,0.8081918358802795,0.788078784942627
YNL223W,YOR326W,1,-1.1248304,0.09321058541536331,0.8091908097267151,0.788078784942627
YML011C,YDR165W,0,-1.1248789,0.09319986402988434,0.8091908097267151,0.7881788015365601
YHR108W,YGL078C,0,-1.1248893,0.09318914264440536,0.8091908097267151,0.7882788181304932
YDR422C,YER129W,0,-1.124981,0.09317842125892639,0.8091908097267151,0.7883788347244263
YOR110W,YBL025W,0,-1.1251597,0.09316769987344742,0.8091908097267151,0.7884788513183594
YNL250W,YPL006W,0,-1.1253619,0.09315698593854904,0.8091908097267151,0.7885788679122925
YLR363C,YIL008W,0,-1.1255124,0.09314627200365067,0.8091908097267151,0.7886788845062256
YDR213W,YKR099W,0,-1.1255707,0.09313556551933289,0.8091908097267151,0.7887789011001587
YNL076W,YER005W,0,-1.125828,0.0931248590350151,0.8091908097267151,0.788878858089447
YOL009C,YNL063W,0,-1.1259556,0.09311415255069733,0.8091908097267151,0.7889788746833801
YPR188C,YGL078C,0,-1.1259938,0.09310344606637955,0.8091908097267151,0.7890788912773132
YHR138C,YPL019C,1,-1.1260306,0.09320767968893051,0.8101897835731506,0.7890788912773132
YLR347C,YLR260W,0,-1.1260982,0.09319696575403214,0.8101897835731506,0.7891789078712463
YPR068C,YDL149W,0,-1.1261513,0.09318625926971436,0.8101897835731506,0.7892789244651794
YPL209C,YDR122W,0,-1.1261672,0.09317555278539658,0.8101897835731506,0.7893789410591125
YBR038W,YOR330C,0,-1.1262215,0.0931648463010788,0.8101897835731506,0.7894789576530457
YKR064W,YOL095C,0,-1.1262786,0.09315414726734161,0.8101897835731506,0.7895789742469788
YEL027W,YFL004W,1,-1.1263334,0.09325829893350601,0.811188817024231,0.7895789742469788
YIL014W,YER149C,0,-1.1263525,0.09324758499860764,0.811188817024231,0.7896789908409119
YNR019W,YBR112C,0,-1.1271334,0.09323687851428986,0.811188817024231,0.789779007434845
YFR016C,YOR227W,0,-1.1271656,0.09322617948055267,0.811188817024231,0.7898789644241333
YBR054W,YDR111C,0,-1.1271942,0.0932154729962349,0.811188817024231,0.7899789810180664
YHR154W,YGR097W,0,-1.1272428,0.09320477396249771,0.811188817024231,0.7900789976119995
YFR027W,YML081W,0,-1.1273899,0.09319407492876053,0.811188817024231,0.7901790142059326
YNL199C,YOL029C,0,-1.1273941,0.09318338334560394,0.811188817024231,0.7902790307998657
YDR350C,YDL223C,0,-1.127613,0.09317269176244736,0.811188817024231,0.7903790473937988
YMR076C,YBR181C,0,-1.1281438,0.09316200017929077,0.811188817024231,0.7904790639877319
YMR220W,YHR120W,0,-1.1282865,0.09315131604671478,0.811188817024231,0.790579080581665
YGL196W,YHR113W,0,-1.128304,0.0931406319141388,0.811188817024231,0.7906790971755981
YKL045W,YOR357C,0,-1.1283712,0.0931299477815628,0.811188817024231,0.7907790541648865
YPL135W,YDL223C,0,-1.1283944,0.09311926364898682,0.811188817024231,0.7908790707588196
YLR052W,YMR205C,0,-1.1286647,0.09310858696699142,0.811188817024231,0.7909790873527527
YCL017C,YPR086W,0,-1.1286733,0.09309791028499603,0.811188817024231,0.7910791039466858
YPR106W,YPL179W,0,-1.1291366,0.09308724105358124,0.811188817024231,0.7911791205406189
YBL080C,YBR060C,0,-1.1291565,0.09307657182216644,0.811188817024231,0.791279137134552
YIL036W,YHR108W,0,-1.1291666,0.09306590259075165,0.811188817024231,0.7913791537284851
YER155C,YHR106W,0,-1.1292021,0.09305524080991745,0.811188817024231,0.7914791703224182
YER155C,YOR132W,0,-1.1292198,0.09304457157850266,0.811188817024231,0.7915791869163513
YBR109C,YER072W,1,-1.1292559,0.09314848482608795,0.8121877908706665,0.7915791869163513
YGL095C,YLR431C,1,-1.1292586,0.09325237572193146,0.8131868243217468,0.7915791869163513
YLR215C,YJL094C,0,-1.1292615,0.09324169158935547,0.8131868243217468,0.7916791439056396
YML023C,YPL105C,0,-1.1293504,0.09323101490736008,0.8131868243217468,0.7917791604995728
YOR119C,YPR071W,0,-1.1296177,0.09322033822536469,0.8131868243217468,0.7918791770935059
YNL056W,YIL038C,0,-1.129665,0.0932096615433693,0.8131868243217468,0.791979193687439
YMR207C,YHR194W,0,-1.1296773,0.0931989923119545,0.8131868243217468,0.7920792102813721
YLL048C,YML127W,0,-1.1298082,0.0931883230805397,0.8131868243217468,0.7921792268753052
YJR046W,YPR105C,0,-1.1299651,0.09317765384912491,0.8131868243217468,0.7922792434692383
YDR078C,YNL294C,0,-1.1300567,0.09316699206829071,0.8131868243217468,0.7923792600631714
YLR328W,YKR083C,0,-1.130091,0.09315633028745651,0.8131868243217468,0.7924792766571045
YER033C,YDR110W,0,-1.1302116,0.09314566850662231,0.8131868243217468,0.7925792336463928
YDR367W,YHR006W,0,-1.1303124,0.09313501417636871,0.8131868243217468,0.7926792502403259
YBR107C,YLR011W,0,-1.1305038,0.09312435984611511,0.8131868243217468,0.792779266834259
YGL243W,YKL006W,0,-1.1305394,0.09311370551586151,0.8131868243217468,0.7928792834281921
YFL061W,YDR028C,0,-1.130564,0.09310305118560791,0.8131868243217468,0.7929793000221252
YPR055W,YGL195W,0,-1.1306584,0.0930924043059349,0.8131868243217468,0.7930793166160583
YJR048W,YCR091W,0,-1.1307011,0.0930817574262619,0.8131868243217468,0.7931793332099915
YNL326C,YGL180W,1,-1.1308571,0.09318545460700989,0.8141857981681824,0.7931793332099915
YGL180W,YGR209C,1,-1.1309973,0.09328912943601608,0.8151848316192627,0.7931793332099915
YKL014C,YGR040W,0,-1.131144,0.09327846020460129,0.8151848316192627,0.7932793498039246
YLR083C,YNL142W,0,-1.1311666,0.09326779842376709,0.8151848316192627,0.7933793663978577
YDL175C,YLR347C,0,-1.1312646,0.09325714409351349,0.8151848316192627,0.793479323387146
YDR276C,YHL006C,0,-1.1312727,0.09324648976325989,0.8151848316192627,0.7935793399810791
YLR083C,YLR460C,0,-1.1312957,0.09323583543300629,0.8151848316192627,0.7936793565750122
YDR256C,YKL197C,0,-1.1313262,0.09322518110275269,0.8151848316192627,0.7937793731689453
YML059C,YOL061W,0,-1.1313934,0.09321453422307968,0.8151848316192627,0.7938793897628784
YNL045W,YPR034W,0,-1.131421,0.09320387989282608,0.8151848316192627,0.7939794063568115
YOL126C,YGR080W,0,-1.1316378,0.09319324046373367,0.8151848316192627,0.7940794229507446
YOL020W,YNL056W,0,-1.1320057,0.09318259358406067,0.8151848316192627,0.7941794395446777
YIL156W,YGR193C,0,-1.1320972,0.09317195415496826,0.8151848316192627,0.7942794561386108
YML031W,YIR031C,0,-1.1321008,0.09316132217645645,0.8151848316192627,0.7943794131278992
YNL156C,YMR237W,0,-1.1321428,0.09315068274736404,0.8151848316192627,0.7944794297218323
YDL145C,YDR087C,0,-1.1321611,0.09314005076885223,0.8151848316192627,0.7945794463157654
YPR154W,YOL061W,0,-1.1321664,0.09312941879034042,0.8151848316192627,0.7946794629096985
YLR085C,YPR057W,0,-1.1322329,0.09311879426240921,0.8151848316192627,0.7947794795036316
YPL105C,YPL233W,0,-1.1322582,0.093108169734478,0.8151848316192627,0.7948794960975647
YDL175C,YML102W,0,-1.1324245,0.09309754520654678,0.8151848316192627,0.7949795126914978
YLL014W,YLR328W,0,-1.1324271,0.09308692812919617,0.8151848316192627,0.7950795292854309
YOL098C,YNL059C,0,-1.1325089,0.09307631105184555,0.8151848316192627,0.795179545879364
YOR090C,YOL012C,0,-1.132674,0.09306569397449493,0.8151848316192627,0.7952795028686523
YIL053W,YOR260W,0,-1.132694,0.09305507689714432,0.8151848316192627,0.7953795194625854
YPL140C,YLR263W,0,-1.1327729,0.0930444672703743,0.8151848316192627,0.7954795360565186
YJR052W,YKL099C,0,-1.1329279,0.09303386509418488,0.8151848316192627,0.7955795526504517
YDR212W,YHR149C,0,-1.1330767,0.09302325546741486,0.8151848316192627,0.7956795692443848
YHR006W,YBL008W,0,-1.1330833,0.09301265329122543,0.8151848316192627,0.7957795858383179
YPR143W,YBR149W,0,-1.1332452,0.09300205111503601,0.8151848316192627,0.795879602432251
YOR060C,YEL027W,0,-1.1333363,0.09299145638942719,0.8151848316192627,0.7959796190261841
YDR482C,YIL007C,0,-1.1333859,0.09298085421323776,0.8151848316192627,0.7960796356201172
YHR024C,YOL029C,0,-1.1334603,0.09297025948762894,0.8151848316192627,0.7961795926094055
YKL051W,YER072W,1,-1.1336083,0.09307359158992767,0.8161838054656982,0.7961795926094055
YLR004C,YIL154C,0,-1.1338167,0.09306298941373825,0.8161838054656982,0.7962796092033386
YDR098C,YOR136W,0,-1.1340212,0.09305239468812943,0.8161838054656982,0.7963796257972717
YPR003C,YER093C,0,-1.1340667,0.09304179251194,0.8161838054656982,0.7964796423912048
YGL025C,YOR060C,0,-1.1343155,0.09303119778633118,0.8161838054656982,0.7965796589851379
YBR015C,YJL196C,0,-1.134337,0.09302061051130295,0.8161838054656982,0.796679675579071
YCL048W,YNR059W,0,-1.1343447,0.09301001578569412,0.8161838054656982,0.7967796921730042
YOL055C,YOL011W,0,-1.134357,0.0929994285106659,0.8161838054656982,0.7968797087669373
YLR323C,YOR001W,0,-1.1344919,0.09298884868621826,0.8161838054656982,0.7969797253608704
YBR023C,YGL064C,0,-1.1346642,0.09297826141119003,0.8161838054656982,0.7970796823501587
YGL025C,YNL161W,0,-1.1352682,0.0929676815867424,0.8161838054656982,0.7971796989440918
YHR039C-A,YBR109C,1,-1.135622,0.09307088702917099,0.8171828389167786,0.7971796989440918
YLR431C,YDR080W,1,-1.1356736,0.09317406266927719,0.8181818127632141,0.7971796989440918
YDL230W,YKR089C,0,-1.1356865,0.09316346049308777,0.8181818127632141,0.7972797155380249
YLR386W,YKL051W,1,-1.1358263,0.09326660633087158,0.8191808462142944,0.7972797155380249
YNL221C,YKL032C,0,-1.1358504,0.09325599670410156,0.8191808462142944,0.797379732131958
YDR495C,YMR231W,1,-1.1358892,0.09335910528898239,0.82017982006073,0.797379732131958
YDR201W,YCL068C,0,-1.136004,0.09334849566221237,0.82017982006073,0.7974797487258911
YKL033W,YPL210C,0,-1.1360631,0.09333787858486176,0.82017982006073,0.7975797653198242
YPR100W,YGL198W,0,-1.1361871,0.09332726895809174,0.82017982006073,0.7976797819137573
YOL032W,YLR067C,0,-1.13639,0.09331665933132172,0.82017982006073,0.7977797985076904
YGL028C,YHR150W,0,-1.136635,0.0933060571551323,0.82017982006073,0.7978798151016235
YML100W,YGR094W,0,-1.1368759,0.09329545497894287,0.82017982006073,0.7979797720909119
YPL076W,YJL083W,0,-1.1368859,0.09328485280275345,0.82017982006073,0.798079788684845
YOR019W,YOR132W,0,-1.1369516,0.09327425807714462,0.82017982006073,0.7981798052787781
YGR005C,YLR007W,0,-1.1369946,0.0932636633515358,0.82017982006073,0.7982798218727112
YJL127C,YGL016W,0,-1.1372193,0.09325306862592697,0.82017982006073,0.7983798384666443
YOR049C,YGL198W,0,-1.1375287,0.09324247390031815,0.82017982006073,0.7984798550605774
YPR055W,YNL118C,0,-1.137618,0.09323188662528992,0.82017982006073,0.7985798716545105
YML081W,YMR133W,0,-1.1376581,0.09322129935026169,0.82017982006073,0.7986798882484436
YGR055W,YKL029C,0,-1.1377095,0.09321071952581406,0.82017982006073,0.7987799048423767
YBR162W-A,YAL026C,0,-1.1377505,0.09320013970136642,0.82017982006073,0.798879861831665
YGR202C,YBR181C,0,-1.1378505,0.09318955987691879,0.82017982006073,0.7989798784255981
YGR202C,YPL130W,0,-1.1379893,0.09317898005247116,0.82017982006073,0.7990798950195312
YNL294C,YDL145C,0,-1.1380324,0.09316840767860413,0.82017982006073,0.7991799116134644
YBR217W,YBL078C,1,-1.1380749,0.09327130019664764,0.8211787939071655,0.7991799116134644
YLL031C,YNL251C,0,-1.1381885,0.09326072037220001,0.8211787939071655,0.7992799282073975
YEL048C,YEL044W,0,-1.1382627,0.09325014054775238,0.8211787939071655,0.7993799448013306
YPL146C,YGR005C,0,-1.1386847,0.09323956072330475,0.8211787939071655,0.7994799613952637
YPL115C,YCL067C,0,-1.1388214,0.09322898834943771,0.8211787939071655,0.7995799779891968
YER056C,YLR052W,0,-1.1389508,0.09321841597557068,0.8211787939071655,0.7996799945831299
YOR158W,YPL178W,0,-1.1391274,0.09320784360170364,0.8211787939071655,0.7997799515724182
YKL129C,YDR284C,0,-1.139194,0.0931972786784172,0.8211787939071655,0.7998799681663513
YML100W,YDR422C,0,-1.1392767,0.09318671375513077,0.8211787939071655,0.7999799847602844
YER100W,YHR080C,0,-1.139405,0.09317614883184433,0.8211787939071655,0.8000800013542175
YER038C,YKL197C,0,-1.1394835,0.09316559135913849,0.8211787939071655,0.8001800179481506
YML081W,YKR034W,0,-1.1395593,0.09315503388643265,0.8211787939071655,0.8002800345420837
YNL328C,YLR007W,0,-1.1399767,0.0931444764137268,0.8211787939071655,0.8003800511360168
YGR211W,YFR030W,0,-1.1400188,0.09313391894102097,0.8211787939071655,0.80048006772995
YJL098W,YJL196C,0,-1.1401489,0.09312336891889572,0.8211787939071655,0.8005800843238831
YHR111W,YNL059C,0,-1.1403458,0.09311282634735107,0.8211787939071655,0.8006800413131714
YJL110C,YDR377W,0,-1.1403842,0.09310227632522583,0.8211787939071655,0.8007800579071045
YMR234W,YBR295W,0,-1.1404729,0.09309173375368118,0.8211787939071655,0.8008800745010376
YMR110C,YGR142W,0,-1.1405895,0.09308119118213654,0.8211787939071655,0.8009800910949707
YMR063W,YOL011W,0,-1.1406684,0.09307064861059189,0.8211787939071655,0.8010801076889038
YNL059C,YGR296W,0,-1.1407161,0.09306011348962784,0.8211787939071655,0.8011801242828369
YIL075C,YJL026W,0,-1.1410018,0.09304957836866379,0.8211787939071655,0.80128014087677
YGL142C,YNL216W,0,-1.1410085,0.09303905069828033,0.8211787939071655,0.8013801574707031
YMR063W,YNL243W,0,-1.1410905,0.09302852302789688,0.8211787939071655,0.8014801740646362
YNL214W,YDL046W,0,-1.1411102,0.09301799535751343,0.8211787939071655,0.8015801310539246
YFR016C,YGR138C,0,-1.1412811,0.09300746768712997,0.8211787939071655,0.8016801476478577
YNL317W,YNL180C,0,-1.1413152,0.09299694746732712,0.8211787939071655,0.8017801642417908
YBR101C,YHR197W,0,-1.1414428,0.09298642724752426,0.8211787939071655,0.8018801808357239
YGL189C,YDL105W,0,-1.141592,0.0929759070277214,0.8211787939071655,0.801980197429657
YDR110W,YNL111C,0,-1.1416132,0.09296539425849915,0.8211787939071655,0.8020802140235901
YHR139C,YHR118C,0,-1.141691,0.09295488148927689,0.8211787939071655,0.8021802306175232
YJL110C,YLR299W,0,-1.1419218,0.09294436872005463,0.8211787939071655,0.8022802472114563
YDL235C,YDR168W,0,-1.1420552,0.09293386340141296,0.8211787939071655,0.8023802638053894
YLR039C,YBR101C,0,-1.1421933,0.0929233580827713,0.8211787939071655,0.8024802207946777
YHR185C,YOR260W,0,-1.1422412,0.09291285276412964,0.8211787939071655,0.8025802373886108
YGR024C,YLR007W,0,-1.1423063,0.09290234744548798,0.8211787939071655,0.802680253982544
YER023W,YBR149W,0,-1.1423302,0.09289184957742691,0.8211787939071655,0.802780270576477
YKR093W,YIL118W,0,-1.1430646,0.09288135915994644,0.8211787939071655,0.8028802871704102
YLR102C,YBR218C,0,-1.1430953,0.09287086129188538,0.8211787939071655,0.8029803037643433
YLR102C,YGR205W,0,-1.143379,0.09286037087440491,0.8211787939071655,0.8030803203582764
YDR201W,YJR052W,0,-1.1434008,0.09284988045692444,0.8211787939071655,0.8031803369522095
YDR268W,YEL024W,0,-1.1434973,0.09283939749002457,0.8211787939071655,0.8032803535461426
YLR239C,YCL029C,0,-1.1436424,0.0928289070725441,0.8211787939071655,0.8033803105354309
YLR215C,YDR007W,0,-1.1437306,0.09281843155622482,0.8211787939071655,0.803480327129364
YJR041C,YDR204W,0,-1.1437545,0.09280794858932495,0.8211787939071655,0.8035803437232971
YLR259C,YCL039W,0,-1.1439219,0.09279747307300568,0.8211787939071655,0.8036803603172302
YER062C,YDR200C,0,-1.1439488,0.0927869975566864,0.8211787939071655,0.8037803769111633
YOL126C,YML081W,0,-1.1443605,0.09277652204036713,0.8211787939071655,0.8038803935050964
YGL067W,YHR088W,0,-1.1447707,0.09276605397462845,0.8211787939071655,0.8039804100990295
YMR053C,YLR019W,0,-1.1447959,0.09275558590888977,0.8211787939071655,0.8040804266929626
YDR129C,YIL118W,0,-1.1449319,0.09274511784315109,0.8211787939071655,0.8041804432868958
YGR046W,YGR040W,0,-1.1450849,0.09273465722799301,0.8211787939071655,0.8042804002761841
YCR065W,YER159C,0,-1.1451174,0.09272419661283493,0.8211787939071655,0.8043804168701172
YHR090C,YLR019W,0,-1.1451364,0.09271373599767685,0.8211787939071655,0.8044804334640503
YDR111C,YJL089W,0,-1.1455357,0.09270328283309937,0.8211787939071655,0.8045804500579834
YER041W,YGR161C,0,-1.1457183,0.09269282966852188,0.8211787939071655,0.8046804666519165
YBR114W,YLR324W,0,-1.1465538,0.0926823765039444,0.8211787939071655,0.8047804832458496
YIL030C,YPL010W,0,-1.1465572,0.09267193078994751,0.8211787939071655,0.8048804998397827
YDR528W,YMR237W,0,-1.1465795,0.09266147762537003,0.8211787939071655,0.8049805164337158
YML059C,YDR019C,0,-1.1466167,0.09265103936195374,0.8211787939071655,0.8050805330276489
YPL171C,YDR292C,0,-1.146909,0.09264059364795685,0.8211787939071655,0.8051804900169373
YGL226W,YDR284C,0,-1.1469713,0.09263015538454056,0.8211787939071655,0.8052805066108704
YLR384C,YPL117C,0,-1.146996,0.09261971712112427,0.8211787939071655,0.8053805232048035
YOL076W,YHR006W,0,-1.147014,0.09260928630828857,0.8211787939071655,0.8054805397987366
YIL064W,YDR273W,0,-1.1473656,0.09259884804487228,0.8211787939071655,0.8055805563926697
YHR170W,YIL011W,0,-1.147394,0.09258841723203659,0.8211787939071655,0.8056805729866028
YIR004W,YHR114W,0,-1.1474679,0.0925779938697815,0.8211787939071655,0.8057805895805359
YJR150C,YPL239W,0,-1.1474894,0.0925675705075264,0.8211787939071655,0.805880606174469
YLR277C,YKL058W,0,-1.1474996,0.0925571471452713,0.8211787939071655,0.8059806227684021
YFR027W,YIL096C,0,-1.1475465,0.0925467237830162,0.8211787939071655,0.8060805797576904
YOR241W,YPL173W,0,-1.1477346,0.0925363078713417,0.8211787939071655,0.8061805963516235
YNR048W,YDR111C,0,-1.14781,0.0925258919596672,0.8211787939071655,0.8062806129455566
YNL059C,YDL134C,0,-1.147853,0.0925154760479927,0.8211787939071655,0.8063806295394897
YDR189W,YPL117C,0,-1.1479326,0.0925050675868988,0.8211787939071655,0.8064806461334229
YGL045W,YPL018W,0,-1.1483445,0.0924946516752243,0.8211787939071655,0.806580662727356
YGR254W,YJL178C,1,-1.1485522,0.09259676188230515,0.8221778273582458,0.806580662727356
YKL185W,YDR080W,0,-1.1486692,0.09258634597063065,0.8221778273582458,0.8066806793212891
YBR109C,YPL221W,0,-1.148809,0.09257593005895615,0.8221778273582458,0.8067806959152222
YCL044C,YDR025W,0,-1.1488786,0.09256551414728165,0.8221778273582458,0.8068807125091553
YOR018W,YLR409C,0,-1.1495383,0.09255510568618774,0.8221778273582458,0.8069806694984436
YJL089W,YBR015C,0,-1.1496788,0.09254469722509384,0.8221778273582458,0.8070806860923767
YBL063W,YML102W,0,-1.1498291,0.09253429621458054,0.8221778273582458,0.8071807026863098
YDL098C,YBR279W,0,-1.1498493,0.09252388775348663,0.8221778273582458,0.8072807192802429
YLR423C,YAL002W,1,-1.1502796,0.09262590110301971,0.8231768012046814,0.8072807192802429
YOR032C,YNL180C,0,-1.150494,0.09261548519134521,0.8231768012046814,0.807380735874176
YKR093W,YHR148W,0,-1.1507657,0.09260507673025131,0.8231768012046814,0.8074807524681091
YMR262W,YNR055C,0,-1.151076,0.092594675719738,0.8231768012046814,0.8075807690620422
YMR192W,YLR185W,0,-1.1510788,0.0925842672586441,0.8231768012046814,0.8076807856559753
YER040W,YGR122W,0,-1.1511881,0.0925738662481308,0.8231768012046814,0.8077808022499084
YOR258W,YJR052W,0,-1.1512275,0.09256346523761749,0.8231768012046814,0.8078807592391968
YCR031C,YBR023C,0,-1.1512324,0.09255307167768478,0.8231768012046814,0.8079807758331299
YEL051W,YJL001W,0,-1.1514158,0.09254267811775208,0.8231768012046814,0.808080792427063
YLR284C,YLR093C,0,-1.1516783,0.09253228455781937,0.8231768012046814,0.8081808090209961
YOR241W,YGL144C,0,-1.1516955,0.09252189844846725,0.8231768012046814,0.8082808256149292
YBR109C,YOR253W,0,-1.1518526,0.09251150488853455,0.8231768012046814,0.8083808422088623
YGR046W,YJL098W,0,-1.1518607,0.09250112622976303,0.8231768012046814,0.8084808588027954
YNL145W,YIR026C,0,-1.1520534,0.09249074012041092,0.8231768012046814,0.8085808753967285
YCL051W,YOR250C,0,-1.1522844,0.0924803614616394,0.8231768012046814,0.8086808919906616
YBL080C,YPL116W,0,-1.1523843,0.09246998280286789,0.8231768012046814,0.80878084897995
YJR108W,YKL002W,0,-1.1524642,0.09245960414409637,0.8231768012046814,0.8088808655738831
YDR009W,YKL058W,0,-1.1526887,0.09244923293590546,0.8231768012046814,0.8089808821678162
YDR287W,YOL055C,0,-1.1526997,0.09243886172771454,0.8231768012046814,0.8090808987617493
YDL135C,YCR036W,0,-1.1528121,0.09242849051952362,0.8231768012046814,0.8091809153556824
YNL059C,YDR087C,0,-1.1528292,0.0924181267619133,0.8231768012046814,0.8092809319496155
YKL134C,YDR301W,0,-1.1529745,0.09240776300430298,0.8231768012046814,0.8093809485435486
YJL162C,YLR247C,0,-1.1530242,0.09239739924669266,0.8231768012046814,0.8094809651374817
YKL002W,YGL198W,0,-1.1530769,0.09238703548908234,0.8231768012046814,0.8095809817314148
YGR082W,YBL031W,0,-1.153149,0.09237667918205261,0.8231768012046814,0.8096809387207031
YDL149W,YPL045W,1,-1.1533929,0.0924784243106842,0.8241758346557617,0.8096809387207031
YBL008W,YGL093W,0,-1.15347,0.09246805310249329,0.8241758346557617,0.8097809553146362
YDL105W,YBR248C,0,-1.153589,0.09245769679546356,0.8241758346557617,0.8098809719085693
YDL220C,YKR077W,0,-1.1536617,0.09244733303785324,0.8241758346557617,0.8099809885025024
YPR114W,YMR050C,0,-1.1537428,0.09243697673082352,0.8241758346557617,0.8100810050964355
YOL042W,YNL317W,0,-1.153868,0.09242662042379379,0.8241758346557617,0.8101810216903687
YDR145W,YOR207C,0,-1.1539247,0.09241626411676407,0.8241758346557617,0.8102810382843018
YGL195W,YGL111W,0,-1.1541741,0.09240591526031494,0.8241758346557617,0.8103810548782349
YOR372C,YFR050C,0,-1.154202,0.09239556640386581,0.8241758346557617,0.810481071472168
YMR232W,YPR148C,0,-1.1542504,0.09238521754741669,0.8241758346557617,0.8105810284614563
YGR170W,YDR122W,0,-1.1544452,0.09237487614154816,0.8241758346557617,0.8106810450553894
YBR130C,YDR189W,0,-1.1545053,0.09236453473567963,0.8241758346557617,0.8107810616493225
YLR367W,YKR095W,0,-1.1545638,0.0923541933298111,0.8241758346557617,0.8108810782432556
YKR075C,YPL040C,0,-1.1546335,0.09234385192394257,0.8241758346557617,0.8109810948371887
YDR386W,YGL018C,0,-1.154853,0.09233351796865463,0.8241758346557617,0.8110811114311218
YBR211C,YBR254C,0,-1.15525,0.0923231840133667,0.8241758346557617,0.8111811280250549
YMR081C,YJL045W,0,-1.1552948,0.09231285750865936,0.8241758346557617,0.811281144618988
YPL235W,YKR095W,0,-1.1553092,0.09230253100395203,0.8241758346557617,0.8113811612129211
YBR119W,YNL059C,0,-1.1554667,0.09229220449924469,0.8241758346557617,0.8114811778068542
YOR091W,YGR165W,0,-1.1554822,0.09228187799453735,0.8241758346557617,0.8115811347961426
YJL054W,YAL007C,0,-1.1555572,0.09227155894041061,0.8241758346557617,0.8116811513900757
YJL054W,YHR133C,0,-1.155932,0.09226123988628387,0.8241758346557617,0.8117811679840088
YNR059W,YGL238W,0,-1.1560148,0.09225092083215714,0.8241758346557617,0.8118811845779419
YMR286W,YFR050C,0,-1.1561507,0.09224060922861099,0.8241758346557617,0.811981201171875
YNL243W,YDL134C,0,-1.1562221,0.09223029762506485,0.8241758346557617,0.8120812177658081
YPL001W,YPR155C,0,-1.1562233,0.09221998602151871,0.8241758346557617,0.8121812343597412
YGR120C,YPL233W,0,-1.1563243,0.09220968186855316,0.8241758346557617,0.8122812509536743
YLR085C,YJR052W,0,-1.1563656,0.09219937771558762,0.8241758346557617,0.8123812675476074
YMR009W,YDL139C,0,-1.1564535,0.09218907356262207,0.8241758346557617,0.8124812245368958
YDR201W,YMR149W,0,-1.1564994,0.09217876940965652,0.8241758346557617,0.8125812411308289
YHR073W,YOR109W,0,-1.1567858,0.09216847270727158,0.8241758346557617,0.812681257724762
YPR128C,YBR121C,0,-1.1568131,0.09215817600488663,0.8241758346557617,0.8127812743186951
YLR442C,YGL139W,0,-1.1568518,0.09214788675308228,0.8241758346557617,0.8128812909126282
YOR101W,YNL076W,0,-1.156916,0.09213759005069733,0.8241758346557617,0.8129813075065613
YIL048W,YFL004W,1,-1.1573336,0.09223897010087967,0.8251748085021973,0.8129813075065613
YNL029C,YMR237W,0,-1.1573415,0.09222867339849472,0.8251748085021973,0.8130813241004944
YGR046W,YHR090C,0,-1.1574693,0.09221837669610977,0.8251748085021973,0.8131813406944275
YNR037C,YGR260W,0,-1.1575351,0.09220807999372482,0.8251748085021973,0.8132813572883606
YIL009W,YGL105W,0,-1.1576513,0.09219779074192047,0.8251748085021973,0.8133813142776489
YGR193C,YGL219C,0,-1.1580995,0.09218750149011612,0.8251748085021973,0.813481330871582
YBR295W,YNL024C,0,-1.1585975,0.09217721223831177,0.8251748085021973,0.8135813474655151
YDR246W,YDR384C,0,-1.1587539,0.09216693043708801,0.8251748085021973,0.8136813640594482
YDR091C,YPL234C,0,-1.1589696,0.09215664118528366,0.8251748085021973,0.8137813806533813
YKL026C,YIL008W,0,-1.1591746,0.0921463668346405,0.8251748085021973,0.8138813972473145
YIL056W,YPL156C,0,-1.1592495,0.09213608503341675,0.8251748085021973,0.8139814138412476
YJL045W,YCR035C,0,-1.1592708,0.09212581068277359,0.8251748085021973,0.8140814304351807
YDR545W,YGR097W,0,-1.1592817,0.09211553633213043,0.8251748085021973,0.8141814470291138
YMR063W,YBL031W,0,-1.1593341,0.09210526198148727,0.8251748085021973,0.8142814040184021
YPR034W,YDR190C,0,-1.1593807,0.09209499508142471,0.8251748085021973,0.8143814206123352
YNL240C,YDR168W,0,-1.159487,0.09208472818136215,0.8251748085021973,0.8144814372062683
YHR214W,YPL075W,0,-1.1595645,0.09207446128129959,0.8251748085021973,0.8145814538002014
YML059C,YFL049W,0,-1.1596318,0.09206420183181763,0.8251748085021973,0.8146814703941345
YPR154W,YML023C,0,-1.1597154,0.09205394238233566,0.8251748085021973,0.8147814869880676
YIL030C,YHR150W,0,-1.1599209,0.0920436829328537,0.8251748085021973,0.8148815035820007
YDL230W,YJL003W,0,-1.1599343,0.09203342348337173,0.8251748085021973,0.8149815201759338
YMR158W,YDR268W,0,-1.15997,0.09202317148447037,0.8251748085021973,0.8150815367698669
YDR259C,YER081W,0,-1.1600351,0.092012919485569,0.8251748085021973,0.8151814937591553
YCR016W,YKL058W,0,-1.160184,0.09200267493724823,0.8251748085021973,0.8152815103530884
YMR195W,YHL021C,0,-1.1603447,0.09199243038892746,0.8251748085021973,0.8153815269470215
YLR345W,YJR035W,0,-1.1604438,0.09198218584060669,0.8251748085021973,0.8154815435409546
YDR517W,YPL210C,0,-1.1604624,0.09197194129228592,0.8251748085021973,0.8155815601348877
YOL135C,YNL068C,0,-1.1608503,0.09196170419454575,0.8251748085021973,0.8156815767288208
YNL221C,YLR382C,0,-1.1608983,0.09195146709680557,0.8251748085021973,0.8157815933227539
YHR174W,YJL178C,1,-1.161036,0.09205253422260284,0.8261738419532776,0.8157815933227539
YCR065W,YOR132W,0,-1.161062,0.09204228967428207,0.8261738419532776,0.815881609916687
YBR078W,YGL111W,0,-1.1610912,0.0920320525765419,0.8261738419532776,0.8159816265106201
YOR172W,YML055W,0,-1.1614631,0.09202180802822113,0.8261738419532776,0.8160815834999084
YDR204W,YJL212C,0,-1.1614883,0.09201157093048096,0.8261738419532776,0.8161816000938416
YIL013C,YKL197C,0,-1.1621252,0.09200133383274078,0.8261738419532776,0.8162816166877747
YNL059C,YBR218C,0,-1.1624175,0.09199110418558121,0.8261738419532776,0.8163816332817078
YJR117W,YBL035C,0,-1.1624768,0.09198086708784103,0.8261738419532776,0.8164816498756409
YBR268W,YLR017W,0,-1.162515,0.09197063744068146,0.8261738419532776,0.816581666469574
YEL018W,YHR080C,0,-1.1625383,0.09196041524410248,0.8261738419532776,0.8166816830635071
YDR301W,YDR395W,0,-1.1629642,0.0919501855969429,0.8261738419532776,0.8167816996574402
YDR227W,YPL175W,0,-1.162981,0.09193996340036392,0.8261738419532776,0.8168817162513733
YDR422C,YCL039W,0,-1.1630784,0.09192974865436554,0.8261738419532776,0.8169816732406616
YDR190C,YIL130W,0,-1.163259,0.09191952645778656,0.8261738419532776,0.8170816898345947
YKL002W,YCL067C,0,-1.1639129,0.09190931171178818,0.8261738419532776,0.8171817064285278
YBR105C,YPL100W,1,-1.1639183,0.09201022237539291,0.8271728157997131,0.8171817064285278
YPL171C,YHR073W,0,-1.1640557,0.09200000017881393,0.8271728157997131,0.8172817230224609
YNL062C,YDR080W,0,-1.1644675,0.09198977798223495,0.8271728157997131,0.817381739616394
YOL059W,YML096W,0,-1.1647991,0.09197956323623657,0.8271728157997131,0.8174817562103271
YKR093W,YDR007W,0,-1.1648033,0.09196934103965759,0.8271728157997131,0.8175817728042603
YEL051W,YPR086W,0,-1.1648078,0.09195912629365921,0.8271728157997131,0.8176817893981934
YNL181W,YKR049C,0,-1.1650316,0.09194891899824142,0.8271728157997131,0.8177818059921265
YGR209C,YCL063W,1,-1.165081,0.0920497477054596,0.8281718492507935,0.8177818059921265
YPL137C,YDL087C,0,-1.1654724,0.09203952550888062,0.8281718492507935,0.8178817629814148
YKR089C,YPL207W,0,-1.1656177,0.09202931076288223,0.8281718492507935,0.8179817795753479
YOR357C,YLR175W,0,-1.1657087,0.09201908856630325,0.8281718492507935,0.818081796169281
YJR073C,YER038C,0,-1.1659119,0.09200888127088547,0.8281718492507935,0.8181818127632141
YCL044C,YOR271C,0,-1.1659367,0.09199866652488708,0.8281718492507935,0.8182818293571472
YPL138C,YDR129C,0,-1.1659425,0.0919884592294693,0.8281718492507935,0.8183818459510803
YNL054W,YBL078C,1,-1.1659794,0.0920892059803009,0.829170823097229,0.8183818459510803
YNL176C,YDL123W,0,-1.1660714,0.09207899123430252,0.829170823097229,0.8184818625450134
YPL100W,YGR122W,0,-1.1660848,0.09206877648830414,0.829170823097229,0.8185818791389465
YNL328C,YBL008W,0,-1.1660931,0.09205856174230576,0.829170823097229,0.8186818957328796
YPL133C,YNL180C,0,-1.1661029,0.09204835444688797,0.829170823097229,0.818781852722168
YBR254C,YLR432W,0,-1.1664357,0.09203814715147018,0.829170823097229,0.8188818693161011
YDL124W,YDR165W,0,-1.1666262,0.0920279398560524,0.829170823097229,0.8189818859100342
YLR284C,YDL124W,0,-1.1666605,0.09201774001121521,0.829170823097229,0.8190819025039673
YOL154W,YPR010C,0,-1.1667542,0.09200754016637802,0.829170823097229,0.8191819190979004
YGR078C,YIL068C,0,-1.1670301,0.09199734032154083,0.829170823097229,0.8192819356918335
YGL092W,YBR149W,0,-1.1671187,0.09198714047670364,0.829170823097229,0.8193819522857666
YPL138C,YJR108W,0,-1.1671251,0.09197694808244705,0.829170823097229,0.8194819688796997
YLR435W,YJL083W,0,-1.1674987,0.09196675568819046,0.829170823097229,0.8195819854736328
YML081W,YOR065W,0,-1.1675575,0.09195657074451447,0.829170823097229,0.8196819424629211
YOR091W,YFR027W,0,-1.1676425,0.09194638580083847,0.829170823097229,0.8197819590568542
YBR114W,YMR041C,0,-1.1676714,0.09193620085716248,0.829170823097229,0.8198819756507874
YDL247W,YOR004W,0,-1.1681342,0.09192601591348648,0.829170823097229,0.8199819922447205
YPL224C,YMR322C,0,-1.1681823,0.09191583842039108,0.829170823097229,0.8200820088386536
YDL154W,YDL076C,0,-1.168201,0.09190566092729568,0.829170823097229,0.8201820254325867
YDR439W,YOR026W,0,-1.168215,0.09189548343420029,0.829170823097229,0.8202820420265198
YPL145C,YDR395W,0,-1.1682642,0.09188530594110489,0.829170823097229,0.8203820586204529
YNR059W,YOR059C,0,-1.1683135,0.09187513589859009,0.829170823097229,0.820482075214386
YLR367W,YML086C,0,-1.168503,0.09186496585607529,0.829170823097229,0.8205820322036743
YGR161C,YKL080W,0,-1.168616,0.09185480326414108,0.829170823097229,0.8206820487976074
YNL173C,YNL287W,0,-1.1686789,0.09184464067220688,0.829170823097229,0.8207820653915405
YOR091W,YIL014W,0,-1.1687651,0.09183447808027267,0.829170823097229,0.8208820819854736
YKR096W,YOL032W,0,-1.16888,0.09182431548833847,0.829170823097229,0.8209820985794067
YEL018W,YBR254C,0,-1.1690218,0.09181416034698486,0.829170823097229,0.8210821151733398
YDR441C,YOR247W,0,-1.1691861,0.09180400520563126,0.829170823097229,0.821182131767273
YBR268W,YMR074C,0,-1.1693474,0.09179385006427765,0.829170823097229,0.821282148361206
YNL025C,YHL050C,0,-1.1694677,0.09178370237350464,0.829170823097229,0.8213821649551392
YPR154W,YPR010C,0,-1.1696903,0.09177355468273163,0.829170823097229,0.8214821219444275
YHL031C,YLR092W,0,-1.1697214,0.09176340699195862,0.829170823097229,0.8215821385383606
YKL197C,YFR038W,0,-1.1697338,0.09175325930118561,0.829170823097229,0.8216821551322937
YIL130W,YKR083C,0,-1.1699369,0.0917431190609932,0.829170823097229,0.8217821717262268
YPL133C,YBL007C,0,-1.1700144,0.09173297882080078,0.829170823097229,0.8218821883201599
YJR049C,YGL016W,0,-1.1704378,0.09172283858060837,0.829170823097229,0.821982204914093
YER028C,YDR317W,0,-1.170542,0.09171270579099655,0.829170823097229,0.8220822215080261
YBR086C,YIL123W,0,-1.1705489,0.09170257300138474,0.829170823097229,0.8221822381019592
YDR004W,YAL056W,0,-1.1706858,0.09169244021177292,0.829170823097229,0.8222822546958923
YBR189W,YGL064C,0,-1.1707774,0.0916823148727417,0.829170823097229,0.8223822116851807
YML081W,YLR060W,0,-1.1708065,0.09167218953371048,0.829170823097229,0.8224822282791138
YGR161C,YGL194C,0,-1.1708288,0.09166206419467926,0.829170823097229,0.8225822448730469
YJR132W,YER014W,0,-1.1709251,0.09165194630622864,0.829170823097229,0.82268226146698
YFR031C-A,YER060W,0,-1.1711371,0.09164182096719742,0.829170823097229,0.8227822780609131
YLL006W,YNL055C,0,-1.1711663,0.0916317030787468,0.829170823097229,0.8228822946548462
YLR347C,YLL014W,0,-1.1712282,0.09162159264087677,0.829170823097229,0.8229823112487793
YFR014C,YAL030W,0,-1.1714153,0.09161148220300674,0.829170823097229,0.8230823278427124
YDL081C,YOR119C,0,-1.1714494,0.09160137176513672,0.829170823097229,0.8231823444366455
YOR002W,YOR258W,0,-1.1714501,0.0915912613272667,0.829170823097229,0.8232823014259338
YNL326C,YLR093C,1,-1.1717718,0.09169149398803711,0.8301698565483093,0.8232823014259338
YNL059C,YPL224C,0,-1.171793,0.09168137609958649,0.8301698565483093,0.8233823180198669
YDR471W,YCR044C,0,-1.1717982,0.09167126566171646,0.8301698565483093,0.8234823346138
YIL053W,YMR195W,0,-1.1718571,0.09166115522384644,0.8301698565483093,0.8235823512077332
YNL036W,YER159C,0,-1.1719713,0.09165104478597641,0.8301698565483093,0.8236823678016663
YKL033W,YGL027C,0,-1.1720663,0.09164093434810638,0.8301698565483093,0.8237823843955994
YOR266W,YIR004W,0,-1.1721867,0.09163083136081696,0.8301698565483093,0.8238824009895325
YGL139W,YPR131C,0,-1.1721959,0.09162072837352753,0.8301698565483093,0.8239824175834656
YPL183C,YOR113W,0,-1.1727568,0.0916106253862381,0.8301698565483093,0.8240824341773987
YCR024C,YLL021W,0,-1.1731318,0.09160052984952927,0.8301698565483093,0.824182391166687
YDL003W,YGR202C,0,-1.1738019,0.09159043431282043,0.8301698565483093,0.8242824077606201
YER063W,YGR244C,0,-1.1738272,0.0915803387761116,0.8301698565483093,0.8243824243545532
YNL190W,YLR059C,0,-1.1743112,0.09157025068998337,0.8301698565483093,0.8244824409484863
YAL059W,YMR091C,0,-1.1744382,0.09156015515327454,0.8301698565483093,0.8245824575424194
YOR026W,YGR094W,0,-1.1746597,0.0915500745177269,0.8301698565483093,0.8246824741363525
YOR252W,YNL059C,0,-1.1748161,0.09153998643159866,0.8301698565483093,0.8247824907302856
YGL005C,YGL018C,0,-1.1749327,0.09152990579605103,0.8301698565483093,0.8248825073242188
YKL014C,YPR034W,0,-1.1752049,0.09151982516050339,0.8301698565483093,0.8249825239181519
YMR242C,YGL016W,0,-1.1752639,0.09150974452495575,0.8301698565483093,0.8250824809074402
YDL175C,YDR350C,0,-1.1755672,0.09149967133998871,0.8301698565483093,0.8251824975013733
YBR109C,YFL039C,1,-1.1757145,0.09159969538450241,0.8311688303947449,0.8251824975013733
YDL098C,YFR034C,0,-1.1760418,0.09158960729837418,0.8311688303947449,0.8252825140953064
YHR037W,YPL040C,0,-1.1763557,0.09157952666282654,0.8311688303947449,0.8253825306892395
YDL003W,YMR318C,0,-1.1769996,0.0915694460272789,0.8311688303947449,0.8254825472831726
YNL063W,YDL139C,0,-1.1771277,0.09155937284231186,0.8311688303947449,0.8255825638771057
YJL183W,YER038C,0,-1.1772206,0.09154929220676422,0.8311688303947449,0.8256825804710388
YOL051W,YPL178W,0,-1.1776224,0.09153922647237778,0.8311688303947449,0.8257825970649719
YDR217C,YJL069C,0,-1.1776359,0.09152915328741074,0.8311688303947449,0.825882613658905
YDR464W,YDR179C,0,-1.177655,0.09151908755302429,0.8311688303947449,0.8259825706481934
YGL243W,YJL083W,0,-1.1777186,0.09150902181863785,0.8311688303947449,0.8260825872421265
YBL013W,YDR246W,0,-1.1777195,0.0914989560842514,0.8311688303947449,0.8261826038360596
YIL053W,YDR190C,0,-1.1781018,0.09148889034986496,0.8311688303947449,0.8262826204299927
YPR008W,YGR083C,0,-1.1781524,0.09147883206605911,0.8311688303947449,0.8263826370239258
YER176W,YNR071C,0,-1.1782123,0.09146877378225327,0.8311688303947449,0.8264826536178589
YHR039C-A,YHR174W,1,-1.1782184,0.09156864881515503,0.8321678042411804,0.8264826536178589
YNL294C,YGL192W,0,-1.1783373,0.09155858308076859,0.8321678042411804,0.826582670211792
YLR239C,YPR086W,0,-1.1784027,0.09154852479696274,0.8321678042411804,0.8266826868057251
YGR097W,YER155C,0,-1.1785915,0.0915384590625763,0.8321678042411804,0.8267827033996582
YKL002W,YHR080C,0,-1.178821,0.09152840077877045,0.8321678042411804,0.8268826603889465
YPR143W,YDL100C,0,-1.1788721,0.0915183499455452,0.8321678042411804,0.8269826769828796
YDR204W,YNL214W,0,-1.1788774,0.09150829166173935,0.8321678042411804,0.8270826935768127
YBR162W-A,YHR005C,0,-1.179117,0.0914982408285141,0.8321678042411804,0.8271827101707458
YOR026W,YNL065W,0,-1.179203,0.09148818999528885,0.8321678042411804,0.827282726764679
YAL002W,YLL057C,0,-1.179233,0.0914781466126442,0.8321678042411804,0.8273827433586121
YDR325W,YJR096W,0,-1.1795528,0.09146810322999954,0.8321678042411804,0.8274827599525452
YHR138C,YNL054W,1,-1.179685,0.09156785160303116,0.8331668376922607,0.8274827599525452
YBR272C,YNL123W,0,-1.17972,0.09155780076980591,0.8331668376922607,0.8275827765464783
YPR071W,YDL223C,0,-1.1800222,0.09154774993658066,0.8331668376922607,0.8276827931404114
YGL067W,YBR034C,0,-1.1800534,0.09153769910335541,0.8331668376922607,0.8277827501296997
YNL233W,YNL055C,0,-1.1801174,0.09152765572071075,0.8331668376922607,0.8278827667236328
YBR043C,YEL024W,0,-1.1803343,0.0915176123380661,0.8331668376922607,0.8279827833175659
YBR130C,YLR058C,0,-1.1803796,0.09150756895542145,0.8331668376922607,0.828082799911499
YMR215W,YOR101W,0,-1.1811655,0.09149753302335739,0.8331668376922607,0.8281828165054321
YBL005W,YPR086W,0,-1.1812958,0.09148749709129333,0.8331668376922607,0.8282828330993652
YLR215C,YDR430C,0,-1.1813841,0.09147746115922928,0.8331668376922607,0.8283828496932983
YJR042W,YDR398W,0,-1.1815791,0.09146742522716522,0.8331668376922607,0.8284828662872314
YMR232W,YMR322C,0,-1.1816472,0.09145739674568176,0.8331668376922607,0.8285828828811646
YOR019W,YDR244W,0,-1.1818347,0.0914473682641983,0.8331668376922607,0.8286828398704529
YKL033W,YNL054W,0,-1.1820071,0.09143733978271484,0.8331668376922607,0.828782856464386
YER028C,YNL288W,0,-1.1820121,0.09142731875181198,0.8331668376922607,0.8288828730583191
YDR110W,YKL039W,0,-1.1821567,0.09141729772090912,0.8331668376922607,0.8289828896522522
YDR482C,YIL011W,0,-1.1829122,0.09140727669000626,0.8331668376922607,0.8290829062461853
YPL138C,YDR468C,0,-1.1831863,0.09139726310968399,0.8331668376922607,0.8291829228401184
YDL106C,YLR466W,0,-1.1832231,0.09138724207878113,0.8331668376922607,0.8292829394340515
YNL173C,YGR165W,0,-1.1832606,0.09137723594903946,0.8331668376922607,0.8293829560279846
YJR108W,YKL099C,0,-1.183542,0.0913672223687172,0.8331668376922607,0.8294829726219177
YIL056W,YBR094W,0,-1.1837236,0.09135721623897552,0.8331668376922607,0.829582929611206
YGR212W,YHR020W,0,-1.1840165,0.09134721010923386,0.8331668376922607,0.8296829462051392
YJR073C,YGL219C,0,-1.1840203,0.09133720397949219,0.8331668376922607,0.8297829627990723
YLR102C,YOR001W,0,-1.1841636,0.09132719784975052,0.8331668376922607,0.8298829793930054
YIL048W,YHR138C,1,-1.1843517,0.09142669290304184,0.8341658115386963,0.8298829793930054
YNL145W,YHR088W,0,-1.1843572,0.09141668677330017,0.8341658115386963,0.8299829959869385
YBL008W,YBR094W,0,-1.1843827,0.0914066806435585,0.8341658115386963,0.8300830125808716
YDR323C,YPL115C,0,-1.1844387,0.09139667451381683,0.8341658115386963,0.8301830291748047
YFR016C,YDR110W,0,-1.1844693,0.09138666838407516,0.8341658115386963,0.8302830457687378
YBL050W,YPL100W,1,-1.1845815,0.09148610383272171,0.8351648449897766,0.8302830457687378
YIL036W,YAL028W,0,-1.1846908,0.09147609025239944,0.8351648449897766,0.8303830623626709
YDR287W,YLR345W,0,-1.1847055,0.09146608412265778,0.8351648449897766,0.8304830193519592
YKR096W,YER093C,0,-1.1847612,0.09145607799291611,0.8351648449897766,0.8305830359458923
YHR111W,YOR078W,0,-1.1848359,0.09144607186317444,0.8351648449897766,0.8306830525398254
YAL019W,YHR080C,0,-1.1848919,0.09143607318401337,0.8351648449897766,0.8307830691337585
YIL052C,YNL023C,0,-1.1851408,0.0914260745048523,0.8351648449897766,0.8308830857276917
YJR109C,YKL110C,0,-1.1851609,0.09141607582569122,0.8351648449897766,0.8309831023216248
YMR125W,YLR067C,0,-1.1851912,0.09140607714653015,0.8351648449897766,0.8310831189155579
YPL115C,YPL100W,0,-1.1852827,0.09139608591794968,0.8351648449897766,0.831183135509491
YHR006W,YGL006W,0,-1.1852921,0.0913860946893692,0.8351648449897766,0.8312831521034241
YBR107C,YCR016W,0,-1.1856301,0.09137610346078873,0.8351648449897766,0.8313831090927124
YJL012C,YHR148W,0,-1.1860716,0.09136611968278885,0.8351648449897766,0.8314831256866455
YMR050C,YMR131C,0,-1.1861582,0.09135613590478897,0.8351648449897766,0.8315831422805786
YKL062W,YDL154W,0,-1.186454,0.09134615212678909,0.8351648449897766,0.8316831588745117
YBR272C,YPL117C,0,-1.1864753,0.09133617579936981,0.8351648449897766,0.8317831754684448
YIL154C,YPL056C,0,-1.1868955,0.09132619947195053,0.8351648449897766,0.8318831920623779
YGL104C,YOR119C,0,-1.186918,0.09131622314453125,0.8351648449897766,0.831983208656311
YGL028C,YIL087C,0,-1.1871907,0.09130624681711197,0.8351648449897766,0.8320832252502441
YLR085C,YCR065W,0,-1.187201,0.09129627794027328,0.8351648449897766,0.8321832418441772
YBR130C,YKL194C,0,-1.1872156,0.0912863090634346,0.8351648449897766,0.8322831988334656
YLR293C,YOR383C,0,-1.1874602,0.09127634018659592,0.8351648449897766,0.8323832154273987
YKR072C,YER060W,0,-1.1876285,0.09126637876033783,0.8351648449897766,0.8324832320213318
YOR264W,YER127W,0,-1.1876707,0.09125640988349915,0.8351648449897766,0.8325832486152649
YPR049C,YAL002W,1,-1.187687,0.09135559946298599,0.8361638188362122,0.8325832486152649
YEL013W,YBR105C,1,-1.1880498,0.09145476669073105,0.8371628522872925,0.8325832486152649
YOR192C,YHR006W,0,-1.1881471,0.09144478291273117,0.8371628522872925,0.832683265209198
YHR113W,YGL198W,0,-1.1881846,0.09143480658531189,0.8371628522872925,0.8327832818031311
YJL054W,YPR175W,0,-1.1882348,0.09142483025789261,0.8371628522872925,0.8328832983970642
YER072W,YBR188C,0,-1.188393,0.09141485393047333,0.8371628522872925,0.8329833149909973
YJL059W,YMR261C,0,-1.1887302,0.09140488505363464,0.8371628522872925,0.8330833315849304
YLR361C,YLR288C,0,-1.1889307,0.09139491617679596,0.8371628522872925,0.8331832885742188
YGR055W,YBL051C,0,-1.1889565,0.09138494729995728,0.8371628522872925,0.8332833051681519
YNL183C,YNL063W,0,-1.188997,0.09137498587369919,0.8371628522872925,0.833383321762085
YOL144W,YLR220W,0,-1.1891668,0.0913650244474411,0.8371628522872925,0.8334833383560181
YBR162W-A,YPR133C,0,-1.1892028,0.09135506302118301,0.8371628522872925,0.8335833549499512
YNL263C,YIL118W,0,-1.1892937,0.09134510904550552,0.8371628522872925,0.8336833715438843
YGR211W,YDR384C,0,-1.18947,0.09133514761924744,0.8371628522872925,0.8337833881378174
YLR019W,YDL134C,0,-1.1895211,0.09132519364356995,0.8371628522872925,0.8338834047317505
YPL001W,YOL121C,0,-1.1896776,0.09131524711847305,0.8371628522872925,0.8339834213256836
YIL119C,YDR343C,0,-1.1899735,0.09130529314279556,0.8371628522872925,0.8340834379196167
YIL137C,YGL195W,0,-1.1900554,0.09129534661769867,0.8371628522872925,0.834183394908905
YML061C,YMR242C,0,-1.1900816,0.09128540009260178,0.8371628522872925,0.8342834115028381
YKL132C,YOR001W,0,-1.1902502,0.09127546101808548,0.8371628522872925,0.8343834280967712
YGL212W,YAL040C,1,-1.1903169,0.09137442708015442,0.838161826133728,0.8343834280967712
YJL003W,YGL226W,0,-1.1903896,0.09136448055505753,0.838161826133728,0.8344834446907043
YGR174C,YCL051W,0,-1.1904408,0.09135452657938004,0.838161826133728,0.8345834612846375
YNL199C,YCR038C,0,-1.1905475,0.09134458005428314,0.838161826133728,0.8346834778785706
YFR016C,YMR207C,0,-1.190648,0.09133464097976685,0.838161826133728,0.8347834944725037
YMR243C,YMR074C,0,-1.1910963,0.09132469445466995,0.838161826133728,0.8348835110664368
YER100W,YLR175W,0,-1.1911091,0.09131475538015366,0.838161826133728,0.8349835276603699
YMR234W,YGL058W,0,-1.1914843,0.09130482375621796,0.838161826133728,0.8350834846496582
YDR023W,YBR248C,0,-1.1915002,0.09129488468170166,0.838161826133728,0.8351835012435913
YDR361C,YGR253C,0,-1.1919049,0.09128495305776596,0.838161826133728,0.8352835178375244
YGL171W,YIL130W,0,-1.1921308,0.09127502143383026,0.838161826133728,0.8353835344314575
YDL077C,YGL180W,1,-1.1921804,0.09137386828660965,0.8391608595848083,0.8353835344314575
YLR423C,YNL054W,1,-1.1922511,0.09147270023822784,0.8401598334312439,0.8353835344314575
YPR017C,YGL171W,0,-1.1923903,0.09146275371313095,0.8401598334312439,0.8354835510253906
YKR085C,YLR007W,0,-1.1925106,0.09145280718803406,0.8401598334312439,0.8355835676193237
YOL126C,YIL154C,0,-1.1925309,0.09144286066293716,0.8401598334312439,0.8356835842132568
YDR098C,YMR074C,0,-1.1930106,0.09143292158842087,0.8401598334312439,0.8357836008071899
YBR112C,YHR114W,0,-1.1934391,0.09142298251390457,0.8401598334312439,0.835883617401123
YER072W,YJL178C,1,-1.1934628,0.0915217399597168,0.8411588668823242,0.835883617401123
YDL113C,YPR105C,0,-1.193518,0.0915117934346199,0.8411588668823242,0.8359835743904114
YMR059W,YDR469W,0,-1.1935276,0.09150184690952301,0.8411588668823242,0.8360835909843445
YER142C,YPL100W,0,-1.1938047,0.09149190783500671,0.8411588668823242,0.8361836075782776
YJL186W,YBL051C,0,-1.1942798,0.09148196130990982,0.8411588668823242,0.8362836241722107
YLR277C,YGR080W,0,-1.194294,0.09147202968597412,0.8411588668823242,0.8363836407661438
YIL130W,YMR125W,0,-1.1943462,0.09146209061145782,0.8411588668823242,0.8364836573600769
YJL054W,YBR181C,0,-1.1943651,0.09145215898752213,0.8411588668823242,0.83658367395401
YGL006W,YDR273W,0,-1.1944337,0.09144222736358643,0.8411588668823242,0.8366836905479431
YDR372C,YLR248W,0,-1.1945655,0.09143229573965073,0.8411588668823242,0.8367837071418762
YJL054W,YOR380W,0,-1.195035,0.09142236411571503,0.8411588668823242,0.8368836641311646
YGL005C,YKL134C,0,-1.1952071,0.09141243994235992,0.8411588668823242,0.8369836807250977
YNL031C,YGL105W,0,-1.1953899,0.09140251576900482,0.8411588668823242,0.8370836973190308
YCR091W,YHR150W,0,-1.1955147,0.09139259904623032,0.8411588668823242,0.8371837139129639
YHR210C,YHR202W,0,-1.1955489,0.09138267487287521,0.8411588668823242,0.837283730506897
YDR515W,YHL015W,0,-1.1956117,0.09137275815010071,0.8411588668823242,0.8373837471008301
YKL062W,YJL098W,0,-1.195851,0.0913628488779068,0.8411588668823242,0.8374837636947632
YIL019W,YGR099W,0,-1.1958865,0.0913529321551323,0.8411588668823242,0.8375837802886963
YGR193C,YGL064C,0,-1.196038,0.09134302288293839,0.8411588668823242,0.8376837968826294
YLR093C,YJL083W,0,-1.1960711,0.09133311361074448,0.8411588668823242,0.8377837538719177
YKL069W,YAL007C,0,-1.1962392,0.09132321178913116,0.8411588668823242,0.8378837704658508
YGR082W,YCL044C,0,-1.1963521,0.09131330996751785,0.8411588668823242,0.8379837870597839
YHR210C,YOL029C,0,-1.1965587,0.09130340814590454,0.8411588668823242,0.838083803653717
YDR122W,YOR059C,0,-1.1967885,0.09129350632429123,0.8411588668823242,0.8381838202476501
YJL001W,YBL025W,0,-1.1968926,0.09128360450267792,0.8411588668823242,0.8382838368415833
YDL124W,YDL031W,0,-1.1969736,0.0912737101316452,0.8411588668823242,0.8383838534355164
YNL048W,YHR114W,0,-1.1970623,0.09126382321119308,0.8411588668823242,0.8384838700294495
YIL030C,YIL009W,0,-1.197176,0.09125392884016037,0.8411588668823242,0.8385838866233826
YLL048C,YHR001W-A,0,-1.1972665,0.09124404191970825,0.8411588668823242,0.8386838436126709
YDL175C,YDR399W,0,-1.1974044,0.09123415499925613,0.8411588668823242,0.838783860206604
YGR254W,YNL079C,1,-1.1975093,0.09133261442184448,0.8421578407287598,0.838783860206604
YNL317W,YBL091C,0,-1.1975414,0.09132272005081177,0.8421578407287598,0.8388838768005371
YCL029C,YMR009W,0,-1.1976941,0.09131282567977905,0.8421578407287598,0.8389838933944702
YOR380W,YDR463W,0,-1.1977668,0.09130293875932693,0.8421578407287598,0.8390839099884033
YNL054W,YPL063W,0,-1.1979426,0.09129304438829422,0.8421578407287598,0.8391839265823364
YPL169C,YPL063W,0,-1.1979983,0.0912831649184227,0.8421578407287598,0.8392839431762695
YKL150W,YJL035C,0,-1.1982472,0.09127327799797058,0.8421578407287598,0.8393839597702026
YDR361C,YDR381W,0,-1.1983482,0.09126339852809906,0.8421578407287598,0.8394839763641357
YNL142W,YNR053C,0,-1.1984748,0.09125351905822754,0.8421578407287598,0.8395839333534241
YOL122C,YGL139W,0,-1.1989126,0.09124363958835602,0.8421578407287598,0.8396839499473572
YCR044C,YKL114C,0,-1.1989955,0.0912337675690651,0.8421578407287598,0.8397839665412903
YGR254W,YOR326W,1,-1.1991497,0.09133210778236389,0.8431568145751953,0.8397839665412903
YKL149C,YGR211W,0,-1.1996005,0.09132222831249237,0.8431568145751953,0.8398839831352234
YKR078W,YKL048C,0,-1.1997458,0.09131234139204025,0.8431568145751953,0.8399839997291565
YJL013C,YNL048W,0,-1.199768,0.09130246937274933,0.8431568145751953,0.8400840163230896
YDR490C,YLR260W,0,-1.1997974,0.09129258990287781,0.8431568145751953,0.8401840329170227
YKR099W,YGR094W,0,-1.1998048,0.09128271788358688,0.8431568145751953,0.8402840495109558
YOR273C,YOL029C,0,-1.2001978,0.09127284586429596,0.8431568145751953,0.8403840661048889
YNL056W,YLR196W,0,-1.2005668,0.09126297384500504,0.8431568145751953,0.8404840230941772
YIL009W,YCL054W,0,-1.2005943,0.09125310927629471,0.8431568145751953,0.8405840396881104
YDR160W,YLR247C,0,-1.2006444,0.09124324470758438,0.8431568145751953,0.8406840562820435
YKR064W,YNL176C,0,-1.2007332,0.09123338013887405,0.8431568145751953,0.8407840728759766
YKL033W,YKL062W,0,-1.2007515,0.09122351557016373,0.8431568145751953,0.8408840894699097
YPL019C,YBL078C,1,-1.2009002,0.09132173657417297,0.8441558480262756,0.8408840894699097
YDR021W,YMR195W,0,-1.2015352,0.09131186455488205,0.8441558480262756,0.8409841060638428
YMR074C,YDL119C,0,-1.2017038,0.09130199998617172,0.8441558480262756,0.8410841226577759
YGR209C,YLR043C,1,-1.2018933,0.09140017628669739,0.8451548218727112,0.8410841226577759
YML081W,YDR259C,0,-1.202146,0.09139029681682587,0.8451548218727112,0.841184139251709
YDL003W,YKL039W,0,-1.2022864,0.09138042479753494,0.8451548218727112,0.8412841558456421
YNL045W,YPL178W,0,-1.2025366,0.09137056022882462,0.8451548218727112,0.8413841128349304
YPL203W,YGL045W,0,-1.2025824,0.09136068820953369,0.8451548218727112,0.8414841294288635
YER063W,YGL107C,0,-1.2025895,0.09135082364082336,0.8451548218727112,0.8415841460227966
YBL080C,YKL026C,0,-1.2026405,0.09134096652269363,0.8451548218727112,0.8416841626167297
YOL069W,YMR215W,0,-1.2027272,0.0913311019539833,0.8451548218727112,0.8417841792106628
YGL053W,YMR195W,0,-1.2031983,0.09132124483585358,0.8451548218727112,0.841884195804596
YGL104C,YGL045W,0,-1.2033298,0.09131138771772385,0.8451548218727112,0.841984212398529
YER143W,YCR038C,0,-1.2039902,0.09130153059959412,0.8451548218727112,0.8420842289924622
YPR095C,YBR169C,0,-1.2040277,0.09129168093204498,0.8451548218727112,0.8421842455863953
YNL142W,YBR045C,0,-1.2040586,0.09128183126449585,0.8451548218727112,0.8422842025756836
YDR309C,YLR196W,0,-1.2040815,0.09127198159694672,0.8451548218727112,0.8423842191696167
YIL030C,YDR259C,0,-1.2040923,0.09126213937997818,0.8451548218727112,0.8424842357635498
YGR205W,YNL233W,0,-1.2043676,0.09125228971242905,0.8451548218727112,0.8425842523574829
YJR073C,YDR284C,0,-1.204469,0.09124244749546051,0.8451548218727112,0.842684268951416
YOL076W,YOL012C,0,-1.2045343,0.09123261272907257,0.8451548218727112,0.8427842855453491
YKL194C,YER143W,0,-1.2046133,0.09122277051210403,0.8451548218727112,0.8428843021392822
YDL154W,YDL087C,0,-1.2047422,0.0912129357457161,0.8451548218727112,0.8429843187332153
YKR007W,YOR250C,0,-1.2047602,0.09120310842990875,0.8451548218727112,0.8430843353271484
YIL019W,YGL231C,0,-1.2051309,0.09119327366352081,0.8451548218727112,0.8431842923164368
YDR464W,YPR068C,0,-1.2053478,0.09118344634771347,0.8451548218727112,0.8432843089103699
YDR108W,YLR313C,0,-1.205723,0.09117361903190613,0.8451548218727112,0.843384325504303
YML059C,YOR259C,0,-1.2058209,0.09116379171609879,0.8451548218727112,0.8434843420982361
YDR398W,YPR174C,0,-1.2061409,0.09115397185087204,0.8451548218727112,0.8435843586921692
YLL018C,YPR010C,0,-1.2063475,0.0911441519856453,0.8451548218727112,0.8436843752861023
YDR398W,YHR118C,0,-1.2066225,0.09113433212041855,0.8451548218727112,0.8437843918800354
YOR252W,YHR001W-A,0,-1.2066741,0.0911245122551918,0.8451548218727112,0.8438844084739685
YNR055C,YKL005C,0,-1.206922,0.09111469984054565,0.8451548218727112,0.8439844250679016
YCR024C,YKL197C,0,-1.2073483,0.0911048874258995,0.8451548218727112,0.8440843820571899
YJL098W,YDR200C,0,-1.2074153,0.09109508246183395,0.8451548218727112,0.844184398651123
YDR468C,YHR006W,0,-1.2077217,0.0910852700471878,0.8451548218727112,0.8442844152450562
YOR027W,YLR193C,0,-1.2078314,0.09107546508312225,0.8451548218727112,0.8443844318389893
YDL091C,YDR005C,0,-1.2078544,0.0910656601190567,0.8451548218727112,0.8444844484329224
YPR037C,YER127W,0,-1.2080941,0.09105586260557175,0.8451548218727112,0.8445844650268555
YIL053W,YIL123W,0,-1.2081246,0.0910460576415062,0.8451548218727112,0.8446844816207886
YLR396C,YGL095C,1,-1.2082174,0.09114386886358261,0.8461538553237915,0.8446844816207886
YNL167C,YPR120C,0,-1.2082366,0.09113406389951706,0.8461538553237915,0.8447844982147217
YGL018C,YER167W,0,-1.2083557,0.09112425893545151,0.8461538553237915,0.8448845148086548
YJR102C,YKL039W,0,-1.2085992,0.09111446142196655,0.8461538553237915,0.8449844717979431
YHR033W,YBR146W,0,-1.2089689,0.091104656457901,0.8461538553237915,0.8450844883918762
YDL018C,YDR397C,0,-1.2091147,0.09109485894441605,0.8461538553237915,0.8451845049858093
YKL051W,YDR126W,1,-1.2091804,0.09119260311126709,0.847152829170227,0.8451845049858093
YFL025C,YJR048W,0,-1.2092164,0.09118279814720154,0.847152829170227,0.8452845215797424
YLR011W,YNR038W,0,-1.2098873,0.09117299318313599,0.847152829170227,0.8453845381736755
YIL022W,YOR335C,0,-1.209909,0.09116318821907043,0.847152829170227,0.8454845547676086
YGR024C,YOR004W,0,-1.2099913,0.09115339070558548,0.847152829170227,0.8455845713615417
YDR287W,YLR337C,0,-1.2101231,0.09114359319210052,0.847152829170227,0.8456845879554749
YMR274C,YLR411W,0,-1.2101585,0.09113379567861557,0.847152829170227,0.845784604549408
YNL199C,YDL209C,0,-1.2101628,0.09112400561571121,0.847152829170227,0.8458845615386963
YCR045C,YBR119W,0,-1.2102988,0.09111421555280685,0.847152829170227,0.8459845781326294
YDR407C,YMR153W,0,-1.2104869,0.0911044254899025,0.847152829170227,0.8460845947265625
YER056C,YDR005C,0,-1.2105479,0.09109464287757874,0.847152829170227,0.8461846113204956
YKL054C,YDR165W,0,-1.2106183,0.09108485281467438,0.847152829170227,0.8462846279144287
YNL326C,YPR049C,1,-1.2106888,0.09118247032165527,0.8481518626213074,0.8462846279144287
YJR109C,YER005W,0,-1.2107089,0.09117268025875092,0.8481518626213074,0.8463846445083618
YLR019W,YNL068C,0,-1.210714,0.09116289019584656,0.8481518626213074,0.8464846611022949
YMR274C,YBR003W,0,-1.2107943,0.0911531001329422,0.8481518626213074,0.846584677696228
YIL007C,YHR113W,0,-1.2109189,0.09114331752061844,0.8481518626213074,0.8466846942901611
YGL095C,YBR105C,1,-1.2109509,0.09124087542295456,0.8491508364677429,0.8466846942901611
YML061C,YOR060C,0,-1.2110236,0.0912310853600502,0.8491508364677429,0.8467846512794495
YMR063W,YBL013W,0,-1.2113136,0.09122129529714584,0.8491508364677429,0.8468846678733826
YOR253W,YMR177W,0,-1.2114172,0.09121150523424149,0.8491508364677429,0.8469846844673157
YBR268W,YPL097W,0,-1.2116703,0.09120171517133713,0.8491508364677429,0.8470847010612488
YOR189W,YOR079C,0,-1.2116771,0.09119193255901337,0.8491508364677429,0.8471847176551819
YPL140C,YDR105C,0,-1.2116852,0.0911821499466896,0.8491508364677429,0.847284734249115
YOR087W,YOR253W,0,-1.2117181,0.09117236733436584,0.8491508364677429,0.8473847508430481
YDR098C,YMR149W,0,-1.211846,0.09116259217262268,0.8491508364677429,0.8474847674369812
YGL126W,YCL054W,0,-1.2118983,0.09115281701087952,0.8491508364677429,0.8475847840309143
YHR201C,YLR061W,0,-1.2119682,0.09114304184913635,0.8491508364677429,0.8476847410202026
YLR052W,YOL032W,0,-1.2119938,0.09113326668739319,0.8491508364677429,0.8477847576141357
YHR138C,YBR109C,1,-1.212317,0.09123070538043976,0.8501498699188232,0.8477847576141357
YLL066C,YIL119C,0,-1.212453,0.091220922768116,0.8501498699188232,0.8478847742080688
YIR004W,YDR135C,0,-1.213258,0.09121114760637283,0.8501498699188232,0.847984790802002
YJL057C,YDL134C,0,-1.2133158,0.09120137244462967,0.8501498699188232,0.8480848073959351
YJR042W,YPR120C,0,-1.213701,0.0911915972828865,0.8501498699188232,0.8481848239898682
YBR049C,YMR149W,0,-1.21373,0.09118182957172394,0.8501498699188232,0.8482848405838013
YBR248C,YHR133C,0,-1.214044,0.09117206186056137,0.8501498699188232,0.8483848571777344
YML100W,YLR175W,0,-1.2141035,0.0911622941493988,0.8501498699188232,0.8484848737716675
YNR007C,YKL051W,1,-1.2141571,0.09125964343547821,0.8511488437652588,0.8484848737716675
YMR215W,YMR237W,0,-1.2145628,0.09124986827373505,0.8511488437652588,0.8485848307609558
YML086C,YPL049C,0,-1.2145946,0.09124009311199188,0.8511488437652588,0.8486848473548889
YLR396C,YEL013W,1,-1.214659,0.0913374051451683,0.8521478772163391,0.8486848473548889
YPR110C,YPL135W,0,-1.2147872,0.09132762253284454,0.8521478772163391,0.848784863948822
YBR119W,YIL154C,0,-1.2148306,0.09131784737110138,0.8521478772163391,0.8488848805427551
YKR064W,YDR399W,0,-1.214879,0.09130807220935822,0.8521478772163391,0.8489848971366882
YJL012C,YPR120C,0,-1.2150528,0.09129829704761505,0.8521478772163391,0.8490849137306213
YMR105C,YNL317W,0,-1.2153287,0.09128852933645248,0.8521478772163391,0.8491849303245544
YBR046C,YPR141C,0,-1.2153318,0.09127876162528992,0.8521478772163391,0.8492849469184875
YNL194C,YDR289C,0,-1.2153347,0.09126899391412735,0.8521478772163391,0.8493849635124207
YGL126W,YDR398W,0,-1.2153883,0.09125922620296478,0.8521478772163391,0.849484920501709
YAR033W,YMR110C,0,-1.215405,0.09124946594238281,0.8521478772163391,0.8495849370956421
YHR194W,YGR142W,0,-1.2155123,0.09123970568180084,0.8521478772163391,0.8496849536895752
YPL001W,YCR065W,0,-1.2155995,0.09122994542121887,0.8521478772163391,0.8497849702835083
YDL235C,YGL005C,0,-1.2158138,0.0912201926112175,0.8521478772163391,0.8498849868774414
YFR014C,YKR079C,0,-1.2158221,0.09121043980121613,0.8521478772163391,0.8499850034713745
YPL061W,YOR158W,0,-1.2161627,0.09120068699121475,0.8521478772163391,0.8500850200653076
YJL179W,YGL238W,0,-1.216604,0.09119093418121338,0.8521478772163391,0.8501850366592407
YGL126W,YLR435W,0,-1.2166501,0.0911811888217926,0.8521478772163391,0.8502850532531738
YLR200W,YGL151W,0,-1.2167331,0.09117144346237183,0.8521478772163391,0.8503850102424622
YLL066C,YEL032W,0,-1.2167639,0.09116169810295105,0.8521478772163391,0.8504850268363953
YPR154W,YPR071W,0,-1.216814,0.09115195274353027,0.8521478772163391,0.8505850434303284
YKR100C,YML081W,0,-1.2172348,0.0911422148346901,0.8521478772163391,0.8506850600242615
YJL180C,YPL210C,0,-1.2174484,0.09113247692584991,0.8521478772163391,0.8507850766181946
YHR139C,YFR053C,0,-1.2175192,0.09112274646759033,0.8521478772163391,0.8508850932121277
YHR122W,YHR201C,0,-1.2176688,0.09111300855875015,0.8521478772163391,0.8509851098060608
YML107C,YMR048W,0,-1.2178769,0.09110327810049057,0.8521478772163391,0.8510851263999939
YIL014W,YHR080C,0,-1.2179188,0.09109354764223099,0.8521478772163391,0.851185142993927
YDL189W,YOR249C,0,-1.2179856,0.091083824634552,0.8521478772163391,0.8512850999832153
YHR110W,YLR001C,0,-1.218036,0.09107409417629242,0.8521478772163391,0.8513851165771484
YPR037C,YPL006W,0,-1.2182589,0.09106437861919403,0.8521478772163391,0.8514851331710815
YOR048C,YGL116W,0,-1.2183071,0.09105465561151505,0.8521478772163391,0.8515851497650146
YHR165C,YLR260W,0,-1.2183146,0.09104493260383606,0.8521478772163391,0.8516851663589478
YDR080W,YOR259C,0,-1.2185247,0.09103521704673767,0.8521478772163391,0.8517851829528809
YBR109C,YNR038W,0,-1.218595,0.09102550148963928,0.8521478772163391,0.851885199546814
YOL122C,YOR001W,0,-1.2186857,0.09101579338312149,0.8521478772163391,0.8519852161407471
YOR091W,YNL286W,0,-1.218775,0.0910060778260231,0.8521478772163391,0.8520852327346802
YJR073C,YHR190W,0,-1.2187957,0.09099636971950531,0.8521478772163391,0.8521851897239685
YLR396C,YPL100W,1,-1.2189019,0.09109333157539368,0.8531468510627747,0.8521851897239685
YHR197W,YPR086W,0,-1.2191665,0.09108361601829529,0.8531468510627747,0.8522852063179016
YPL210C,YLR092W,0,-1.2192512,0.0910739079117775,0.8531468510627747,0.8523852229118347
YGR060W,YHR193C,0,-1.2192545,0.09106419235467911,0.8531468510627747,0.8524852395057678
YLL024C,YHL011C,0,-1.2194024,0.09105448424816132,0.8531468510627747,0.8525852560997009
YKR079C,YGL053W,0,-1.2198417,0.09104477614164352,0.8531468510627747,0.852685272693634
YDR350C,YPR120C,0,-1.2200911,0.09103506803512573,0.8531468510627747,0.8527852892875671
YNL180C,YPR155C,0,-1.2201424,0.09102536737918854,0.8531468510627747,0.8528853058815002
YHR111W,YDR246W,0,-1.22049,0.09101566672325134,0.8531468510627747,0.8529853224754333
YNL059C,YGR161C,0,-1.220673,0.09100596606731415,0.8531468510627747,0.8530852794647217
YPL224C,YER093C,0,-1.2217227,0.09099627286195755,0.8531468510627747,0.8531852960586548
YDR122W,YCR036W,0,-1.222395,0.09098657220602036,0.8531468510627747,0.8532853126525879
YGR254W,YBR109C,1,-1.2225596,0.09108341485261917,0.8541458249092102,0.8532853126525879
YDR217C,YGL238W,0,-1.2225964,0.09107371419668198,0.8541458249092102,0.853385329246521
YHR165C,YBR085W,0,-1.2226143,0.09106401354074478,0.8541458249092102,0.8534853458404541
YBR005W,YKL197C,0,-1.2226653,0.09105431288480759,0.8541458249092102,0.8535853624343872
YKL062W,YGR170W,0,-1.22304,0.09104461967945099,0.8541458249092102,0.8536853790283203
YBL035C,YPL097W,0,-1.2231351,0.09103492647409439,0.8541458249092102,0.8537853956222534
YGR142W,YJL168C,0,-1.2232436,0.09102523326873779,0.8541458249092102,0.8538854122161865
YLR075W,YNR052C,0,-1.2233336,0.0910155400633812,0.8541458249092102,0.8539853692054749
YDR229W,YHR138C,1,-1.2233596,0.09111229330301285,0.8551448583602905,0.8539853692054749
YIL144W,YGL093W,0,-1.2234291,0.09110260009765625,0.8551448583602905,0.854085385799408
YDR100W,YKR052C,0,-1.2234507,0.09109289944171906,0.8551448583602905,0.8541854023933411
YER179W,YOL132W,0,-1.2234637,0.09108320623636246,0.8551448583602905,0.8542854189872742
YAL028W,YMR072W,0,-1.2235084,0.09107352048158646,0.8551448583602905,0.8543854355812073
YOL132W,YPR068C,0,-1.2237471,0.09106382727622986,0.8551448583602905,0.8544854521751404
YPR067W,YFR053C,0,-1.2237852,0.09105414152145386,0.8551448583602905,0.8545854687690735
YDL091C,YBR045C,0,-1.2238693,0.09104445576667786,0.8551448583602905,0.8546854853630066
YNL183C,YKL138C,0,-1.2240309,0.09103477746248245,0.8551448583602905,0.8547855019569397
YPR017C,YHL015W,0,-1.2241621,0.09102509915828705,0.8551448583602905,0.854885458946228
YGR161C,YDR284C,0,-1.2245381,0.09101542085409164,0.8551448583602905,0.8549854755401611
YBL008W,YNR038W,0,-1.225015,0.09100574254989624,0.8551448583602905,0.8550854921340942
YDL077C,YBR105C,1,-1.2251282,0.09110236912965775,0.8561438322067261,0.8550854921340942
YDR367W,YIL173W,0,-1.2253783,0.09109268337488174,0.8561438322067261,0.8551855087280273
YMR275C,YNL076W,0,-1.2259607,0.09108300507068634,0.8561438322067261,0.8552855253219604
YGR099W,YJR054W,0,-1.2260612,0.09107332676649094,0.8561438322067261,0.8553855419158936
YMR220W,YMR091C,0,-1.2260994,0.09106364846229553,0.8561438322067261,0.8554855585098267
YPL061W,YER032W,0,-1.226207,0.09105397015810013,0.8561438322067261,0.8555855751037598
YGR235C,YPR143W,0,-1.226229,0.09104429930448532,0.8561438322067261,0.8556855916976929
YPL120W,YLR189C,0,-1.2263045,0.09103462845087051,0.8561438322067261,0.855785608291626
YBR109C,YLR043C,1,-1.2265263,0.09113117307424545,0.8571428656578064,0.855785608291626
YPR067W,YOR358W,0,-1.2267256,0.09112149477005005,0.8571428656578064,0.8558855652809143
YBR080C,YGR254W,1,-1.2269413,0.0912180095911026,0.8581418395042419,0.8558855652809143
YDR517W,YDR005C,0,-1.226985,0.0912083238363266,0.8581418395042419,0.8559855818748474
YCL016C,YGL226W,0,-1.2271926,0.0911986380815506,0.8581418395042419,0.8560855984687805
YPL137C,YER176W,0,-1.2272729,0.0911889597773552,0.8581418395042419,0.8561856150627136
YPL043W,YDL123W,0,-1.2274703,0.09117928147315979,0.8581418395042419,0.8562856316566467
YDR359C,YMR131C,0,-1.2275056,0.09116960316896439,0.8581418395042419,0.8563856482505798
YNR007C,YBR217W,1,-1.2276385,0.09126605093479156,0.8591408729553223,0.8563856482505798
YOR119C,YKL048C,0,-1.2277604,0.09125636518001556,0.8591408729553223,0.8564856648445129
YBR003W,YHR190W,0,-1.2279239,0.09124668687582016,0.8591408729553223,0.856585681438446
YFR027W,YPL018W,0,-1.2280058,0.09123700112104416,0.8591408729553223,0.8566856980323792
YNL094W,YOR079C,0,-1.2281026,0.09122732281684875,0.8591408729553223,0.8567856550216675
YBR114W,YNL025C,0,-1.2285783,0.09121765196323395,0.8591408729553223,0.8568856716156006
YDR176W,YBR131W,0,-1.2288367,0.09120797365903854,0.8591408729553223,0.8569856882095337
YDL105W,YER093C,0,-1.2288828,0.09119830280542374,0.8591408729553223,0.8570857048034668
YER149C,YPR174C,0,-1.228927,0.09118863195180893,0.8591408729553223,0.8571857213973999
YOR236W,YIL011W,0,-1.2289755,0.09117896854877472,0.8591408729553223,0.857285737991333
YGL116W,YER167W,0,-1.2290108,0.09116929769515991,0.8591408729553223,0.8573857545852661
YER007C-A,YPL175W,0,-1.2291272,0.0911596342921257,0.8591408729553223,0.8574857711791992
YLR059C,YHR080C,0,-1.2293773,0.09114997088909149,0.8591408729553223,0.8575857877731323
YCL017C,YBR162W-A,0,-1.2295938,0.09114031493663788,0.8591408729553223,0.8576857447624207
YDR009W,YKL051W,0,-1.2303092,0.09113065898418427,0.8591408729553223,0.8577857613563538
YPR106W,YKL197C,0,-1.2303696,0.09112100303173065,0.8591408729553223,0.8578857779502869
YGR017W,YLR175W,0,-1.2305889,0.09111134707927704,0.8591408729553223,0.85798579454422
YKR093W,YLR432W,0,-1.2308786,0.09110169857740402,0.8591408729553223,0.8580858111381531
YKL051W,YBR105C,1,-1.230928,0.09119796752929688,0.8601398468017578,0.8580858111381531
YMR076C,YGR044C,0,-1.2311404,0.09118830412626266,0.8601398468017578,0.8581858277320862
YBL051C,YLL067C,0,-1.231353,0.09117864817380905,0.8601398468017578,0.8582858443260193
YGL005C,YDR412W,0,-1.2314427,0.09116899967193604,0.8601398468017578,0.8583858609199524
YCR045C,YGR030C,0,-1.2315905,0.09115934371948242,0.8601398468017578,0.8584858775138855
YPL137C,YPL207W,0,-1.2316272,0.0911496952176094,0.8601398468017578,0.8585858345031738
YKL145W,YNL123W,0,-1.2317178,0.09114004671573639,0.8601398468017578,0.8586858510971069
YMR220W,YDR110W,0,-1.231737,0.09113039821386337,0.8601398468017578,0.85878586769104
YKL048C,YLR451W,0,-1.2319193,0.09112075716257095,0.8601398468017578,0.8588858842849731
YAL015C,YNL132W,0,-1.231991,0.09111110866069794,0.8601398468017578,0.8589859008789062
YKR053C,YHR157W,0,-1.2319996,0.09110146760940552,0.8601398468017578,0.8590859174728394
YLR299W,YKL039W,0,-1.2320769,0.0910918340086937,0.8601398468017578,0.8591859340667725
YLR248W,YBR028C,0,-1.2321501,0.09108219295740128,0.8601398468017578,0.8592859506607056
YDL149W,YDR080W,1,-1.2321677,0.09117833524942398,0.8611388802528381,0.8592859506607056
YGR040W,YML082W,0,-1.2322841,0.09116869419813156,0.8611388802528381,0.8593859672546387
YGR170W,YGL045W,0,-1.2323418,0.09115905314683914,0.8611388802528381,0.859485924243927
YPL036W,YHR118C,0,-1.2324251,0.09114941209554672,0.8611388802528381,0.8595859408378601
YDR040C,YMR035W,0,-1.2324382,0.0911397784948349,0.8611388802528381,0.8596859574317932
YDL240W,YDR217C,0,-1.2324889,0.09113013744354248,0.8611388802528381,0.8597859740257263
YNL024C,YOL059W,0,-1.23259,0.09112050384283066,0.8611388802528381,0.8598859906196594
YNL294C,YKR077W,0,-1.2329466,0.09111087769269943,0.8611388802528381,0.8599860072135925
YLR001C,YOR026W,0,-1.23319,0.09110124409198761,0.8611388802528381,0.8600860238075256
YJL057C,YPR188C,0,-1.2332869,0.09109161794185638,0.8611388802528381,0.8601860404014587
YOR320C,YNL065W,0,-1.2335799,0.09108199179172516,0.8611388802528381,0.8602860569953918
YKR100C,YJL179W,0,-1.2335862,0.09107237309217453,0.8611388802528381,0.8603860139846802
YKL197C,YIL130W,0,-1.2336166,0.0910627543926239,0.8611388802528381,0.8604860305786133
YPR100W,YBR045C,0,-1.2336427,0.09105312824249268,0.8611388802528381,0.8605860471725464
YDR145W,YDR135C,0,-1.2337732,0.09104351699352264,0.8611388802528381,0.8606860637664795
YGR138C,YCR021C,0,-1.2339258,0.09103389829397202,0.8611388802528381,0.8607860803604126
YMR262W,YML061C,0,-1.2339292,0.09102428704500198,0.8611388802528381,0.8608860969543457
YER062C,YCL048W,0,-1.2339575,0.09101467579603195,0.8611388802528381,0.8609861135482788
YCR106W,YDL149W,0,-1.2339966,0.09100506454706192,0.8611388802528381,0.8610861301422119
YDR375C,YIL119C,0,-1.2342787,0.09099546074867249,0.8611388802528381,0.861186146736145
YOR264W,YDR430C,0,-1.2346963,0.09098585695028305,0.8611388802528381,0.8612861037254333
YBR189W,YPL262W,0,-1.2347968,0.09097625315189362,0.8611388802528381,0.8613861203193665
YER093C,YDR276C,0,-1.2349052,0.09096664935350418,0.8611388802528381,0.8614861369132996
YLL024C,YPL004C,0,-1.2349077,0.09095705300569534,0.8611388802528381,0.8615861535072327
YPL171C,YDL139C,0,-1.23507,0.0909474566578865,0.8611388802528381,0.8616861701011658
YOR241W,YBR131W,0,-1.2350719,0.09093786031007767,0.8611388802528381,0.8617861866950989
YLR148W,YPL045W,1,-1.2350743,0.09103375673294067,0.8621378540992737,0.8617861866950989
YOR207C,YDL102W,0,-1.2351127,0.09102415293455124,0.8621378540992737,0.861886203289032
YDL117W,YGL049C,0,-1.2351213,0.0910145565867424,0.8621378540992737,0.8619862198829651
YJL098W,YGL116W,0,-1.2351274,0.09100495278835297,0.8621378540992737,0.8620862364768982
YPL137C,YJR052W,0,-1.2351665,0.09099536389112473,0.8621378540992737,0.8621861934661865
YNL199C,YPL248C,0,-1.2352947,0.09098576754331589,0.8621378540992737,0.8622862100601196
YMR243C,YIL087C,0,-1.2353454,0.09097617864608765,0.8621378540992737,0.8623862266540527
YPR008W,YPR086W,0,-1.2354503,0.09096658229827881,0.8621378540992737,0.8624862432479858
YKL014C,YLR007W,0,-1.2355727,0.09095700085163116,0.8621378540992737,0.862586259841919
YGL053W,YNL161W,0,-1.2355816,0.09094741195440292,0.8621378540992737,0.862686276435852
YOR383C,YPL006W,0,-1.2358048,0.09093783050775528,0.8621378540992737,0.8627862930297852
YLR313C,YBL014C,0,-1.235886,0.09092824906110764,0.8621378540992737,0.8628863096237183
YNL326C,YAL002W,1,-1.2359245,0.0910240188241005,0.863136887550354,0.8628863096237183
YHR006W,YDR176W,0,-1.2360318,0.09101442992687225,0.863136887550354,0.8629863262176514
YBR091C,YBR005W,0,-1.2364968,0.09100484848022461,0.863136887550354,0.8630862832069397
YML059C,YOR341W,0,-1.2365026,0.09099525958299637,0.863136887550354,0.8631862998008728
YDR435C,YDR179C,0,-1.2368929,0.09098567813634872,0.863136887550354,0.8632863163948059
YLL018C,YDR412W,0,-1.2369201,0.09097609668970108,0.863136887550354,0.863386332988739
YMR232W,YLR004C,0,-1.2369311,0.09096652269363403,0.863136887550354,0.8634863495826721
YOR334W,YMR125W,0,-1.2370684,0.09095694124698639,0.863136887550354,0.8635863661766052
YKL077W,YPR086W,0,-1.2370842,0.09094736725091934,0.863136887550354,0.8636863827705383
YPL100W,YDR005C,0,-1.2372308,0.0909377932548523,0.863136887550354,0.8637863993644714
YOR380W,YJR153W,0,-1.2372674,0.09092822670936584,0.863136887550354,0.8638864159584045
YBR130C,YJR123W,0,-1.237463,0.0909186601638794,0.863136887550354,0.8639863729476929
YNL041C,YML055W,0,-1.2375631,0.09090909361839294,0.863136887550354,0.864086389541626
YGR174C,YMR074C,0,-1.237618,0.0908995270729065,0.863136887550354,0.8641864061355591
YDR178W,YDR041W,0,-1.2376764,0.09088996052742004,0.863136887550354,0.8642864227294922
YML092C,YDR168W,0,-1.2377824,0.09088040143251419,0.863136887550354,0.8643864393234253
YKL051W,YEL013W,1,-1.2378825,0.09097602218389511,0.8641358613967896,0.8643864393234253
YGR266W,YER071C,0,-1.2380726,0.09096645563840866,0.8641358613967896,0.8644864559173584
YOR119C,YLR055C,0,-1.2381235,0.09095688909292221,0.8641358613967896,0.8645864725112915
YEL013W,YPL100W,1,-1.2381988,0.09105246514081955,0.8651348948478699,0.8645864725112915
YJL162C,YOR078W,0,-1.238301,0.0910428911447525,0.8651348948478699,0.8646864891052246
YLR194C,YCR036W,0,-1.2384751,0.09103332459926605,0.8651348948478699,0.8647865056991577
YDR377W,YHR111W,0,-1.2385659,0.0910237580537796,0.8651348948478699,0.864886462688446
YNL023C,YIL137C,0,-1.2390985,0.09101419150829315,0.8651348948478699,0.8649864792823792
YLR239C,YNL076W,0,-1.2400424,0.0910046249628067,0.8651348948478699,0.8650864958763123
YPL171C,YJR052W,0,-1.2400855,0.09099505841732025,0.8651348948478699,0.8651865124702454
YDR323C,YDL243C,0,-1.240173,0.0909854993224144,0.8651348948478699,0.8652865290641785
YBR086C,YIL087C,0,-1.2403772,0.09097594022750854,0.8651348948478699,0.8653865456581116
YOR193W,YER159C,0,-1.2406186,0.09096638858318329,0.8651348948478699,0.8654865622520447
YKR100C,YDR301W,0,-1.2408735,0.09095682948827744,0.8651348948478699,0.8655865788459778
YOL029C,YKL099C,0,-1.2409723,0.09094727784395218,0.8651348948478699,0.8656865954399109
YMR076C,YLR352W,0,-1.2411759,0.09093772619962692,0.8651348948478699,0.8657865524291992
YHR154W,YDR384C,0,-1.2415787,0.09092818200588226,0.8651348948478699,0.8658865690231323
YBR109C,YMR035W,0,-1.2416419,0.0909186378121376,0.8651348948478699,0.8659865856170654
YDR301W,YNR053C,0,-1.2417481,0.09090909361839294,0.8651348948478699,0.8660866022109985
YOR189W,YNL164C,0,-1.2427696,0.09089954942464828,0.8651348948478699,0.8661866188049316
YIL069C,YPL183C,0,-1.2427894,0.09089000523090363,0.8651348948478699,0.8662866353988647
YOL032W,YCR065W,0,-1.242792,0.09088046848773956,0.8651348948478699,0.8663866519927979
YML081W,YLR333C,0,-1.2428787,0.0908709317445755,0.8651348948478699,0.866486668586731
YOL042W,YPL140C,0,-1.243012,0.09086140245199203,0.8651348948478699,0.8665866851806641
YPL173W,YKR099W,0,-1.2433572,0.09085186570882797,0.8651348948478699,0.8666866421699524
YGR057C,YFR034C,0,-1.2433958,0.0908423364162445,0.8651348948478699,0.8667866587638855
YAL002W,YPR199C,0,-1.2434392,0.09083280712366104,0.8651348948478699,0.8668866753578186
YFL005W,YNL111C,0,-1.2439888,0.09082328528165817,0.8651348948478699,0.8669866919517517
YPL105C,YKL029C,0,-1.2441478,0.09081375598907471,0.8651348948478699,0.8670867085456848
YLR258W,YOR363C,0,-1.24416,0.09080423414707184,0.8651348948478699,0.8671867251396179
YPL004C,YMR156C,0,-1.2441967,0.09079471230506897,0.8651348948478699,0.867286741733551
YBR094W,YMR183C,0,-1.2446873,0.0907851979136467,0.8651348948478699,0.8673867583274841
YNL051W,YNL023C,0,-1.2450601,0.09077568352222443,0.8651348948478699,0.8674867749214172
YML067C,YKL196C,0,-1.2451385,0.09076616913080215,0.8651348948478699,0.8675867319107056
YPR154W,YOR081C,0,-1.2451398,0.09075665473937988,0.8651348948478699,0.8676867485046387
YMR205C,YDR023W,0,-1.2451403,0.09074714779853821,0.8651348948478699,0.8677867650985718
YOR018W,YJR046W,0,-1.245203,0.09073763340711594,0.8651348948478699,0.8678867816925049
YOL154W,YJR132W,0,-1.2452387,0.09072812646627426,0.8651348948478699,0.867986798286438
YGR181W,YPL006W,0,-1.245466,0.09071862697601318,0.8651348948478699,0.8680868148803711
YKR049C,YBR272C,0,-1.2455018,0.09070912003517151,0.8651348948478699,0.8681868314743042
YHR138C,YPR049C,1,-1.2455258,0.09080435335636139,0.8661338686943054,0.8681868314743042
YDR188W,YNL181W,0,-1.2457527,0.09079484641551971,0.8661338686943054,0.8682868480682373
YIL087C,YLR007W,0,-1.2457858,0.09078533947467804,0.8661338686943054,0.8683868646621704
YFL004W,YEL013W,1,-1.2458075,0.09088053554296494,0.867132842540741,0.8683868646621704
YDL235C,YOL076W,0,-1.2459931,0.09087102115154266,0.867132842540741,0.8684868216514587
YOL098C,YER100W,0,-1.2460742,0.09086150676012039,0.867132842540741,0.8685868382453918
YDL105W,YLR055C,0,-1.2461908,0.09085199981927872,0.867132842540741,0.868686854839325
YEL013W,YMR231W,1,-1.2463348,0.09094715118408203,0.8681318759918213,0.868686854839325
YDR165W,YMR183C,0,-1.2463573,0.09093762934207916,0.8681318759918213,0.8687868714332581
YML004C,YHR110W,0,-1.2463719,0.09092811495065689,0.8681318759918213,0.8688868880271912
YPL221W,YDR234W,0,-1.2464961,0.09091860055923462,0.8681318759918213,0.8689869046211243
YNR007C,YOR068C,1,-1.2466027,0.09101370722055435,0.8691308498382568,0.8689869046211243
YGL126W,YPL130W,0,-1.2467643,0.09100418537855148,0.8691308498382568,0.8690869212150574
YGR099W,YLR215C,0,-1.2470195,0.09099466353654861,0.8691308498382568,0.8691869378089905
YMR192W,YIL008W,0,-1.2470529,0.09098514914512634,0.8691308498382568,0.8692869544029236
YBR091C,YHR111W,0,-1.2471056,0.09097563475370407,0.8691308498382568,0.8693869113922119
YOR334W,YDL145C,0,-1.2474369,0.0909661203622818,0.8691308498382568,0.869486927986145
YBR069C,YLR075W,0,-1.2477181,0.09095661342144012,0.8691308498382568,0.8695869445800781
YJR153W,YJR096W,0,-1.248249,0.09094710648059845,0.8691308498382568,0.8696869611740112
YDR078C,YDL145C,0,-1.2482557,0.09093759953975677,0.8691308498382568,0.8697869777679443
YHL028W,YMR001C,0,-1.2487175,0.0909280925989151,0.8691308498382568,0.8698869943618774
YDR045C,YOR026W,0,-1.2488961,0.09091859310865402,0.8691308498382568,0.8699870109558105
YDL230W,YGL005C,0,-1.2493439,0.09090909361839294,0.8691308498382568,0.8700870275497437
YGR178C,YGL238W,0,-1.2493937,0.09089959412813187,0.8691308498382568,0.8701870441436768
YLL067C,YBR301W,0,-1.2494988,0.09089009463787079,0.8691308498382568,0.8702870011329651
YGR217W,YDR150W,0,-1.2496462,0.09088060259819031,0.8691308498382568,0.8703870177268982
YCL067C,YNL065W,0,-1.249677,0.09087111055850983,0.8691308498382568,0.8704870343208313
YIL033C,YNR037C,0,-1.2496865,0.09086161851882935,0.8691308498382568,0.8705870509147644
YDR087C,YOR113W,0,-1.2499244,0.09085213392972946,0.8691308498382568,0.8706870675086975
YNL190W,YNL118C,0,-1.2500005,0.09084264189004898,0.8691308498382568,0.8707870841026306
YBR169C,YHR150W,0,-1.2500552,0.0908331573009491,0.8691308498382568,0.8708871006965637
YBR218C,YDR246W,0,-1.2502197,0.09082368016242981,0.8691308498382568,0.8709871172904968
YPL224C,YGR161C,0,-1.250392,0.09081419557332993,0.8691308498382568,0.8710871338844299
YDR359C,YNL216W,0,-1.2506158,0.09080471843481064,0.8691308498382568,0.8711870908737183
YFL025C,YHR148W,0,-1.2509881,0.09079524129629135,0.8691308498382568,0.8712871074676514
YLR386W,YNL054W,1,-1.2512772,0.09089011698961258,0.8701298832893372,0.8712871074676514
YPL045W,YPL019C,1,-1.251348,0.09098497778177261,0.8711288571357727,0.8712871074676514
YIL087C,YNR033W,0,-1.2517011,0.09097548574209213,0.8711288571357727,0.8713871240615845
YBR268W,YJR108W,0,-1.2517121,0.09096599370241165,0.8711288571357727,0.8714871406555176
YPL019C,YGR209C,1,-1.2520206,0.0910608097910881,0.872127890586853,0.8714871406555176
YOR172W,YLR288C,0,-1.2521633,0.09105131775140762,0.872127890586853,0.8715871572494507
YGL180W,YCL063W,1,-1.252187,0.09114610403776169,0.8731268644332886,0.8715871572494507
YMR274C,YGR161C,0,-1.2529478,0.09113659709692001,0.8731268644332886,0.8716871738433838
YGR005C,YLR292C,0,-1.2529907,0.09112709760665894,0.8731268644332886,0.8717871904373169
YKR075C,YGL018C,0,-1.2530103,0.09111759811639786,0.8731268644332886,0.87188720703125
YPL056C,YBL014C,0,-1.2530571,0.09110809862613678,0.8731268644332886,0.8719872236251831
YHR205W,YDR045C,0,-1.2533206,0.0910986065864563,0.8731268644332886,0.8720871806144714
YLR150W,YPL235W,0,-1.2533776,0.09108910709619522,0.8731268644332886,0.8721871972084045
YOR048C,YDR080W,0,-1.2535526,0.09107961505651474,0.8731268644332886,0.8722872138023376
YIL087C,YIL038C,0,-1.2536473,0.09107012301683426,0.8731268644332886,0.8723872303962708
YJL057C,YMR175W,0,-1.2536888,0.09106063842773438,0.8731268644332886,0.8724872469902039
YDL160C,YBL091C,0,-1.2536991,0.09105115383863449,0.8731268644332886,0.872587263584137
YOR032C,YPL056C,0,-1.2542593,0.0910416692495346,0.8731268644332886,0.8726872801780701
YLR131C,YBR029C,0,-1.2543049,0.09103218466043472,0.8731268644332886,0.8727872967720032
YBR043C,YOR001W,0,-1.2543225,0.09102270007133484,0.8731268644332886,0.8728873133659363
YPR188C,YJL096W,0,-1.254382,0.09101322293281555,0.8731268644332886,0.8729872703552246
YJL186W,YGL105W,0,-1.2546177,0.09100374579429626,0.8731268644332886,0.8730872869491577
YHR201C,YHR120W,0,-1.2546675,0.09099427610635757,0.8731268644332886,0.8731873035430908
YBR016W,YGL064C,0,-1.2547538,0.09098479896783829,0.8731268644332886,0.8732873201370239
YOR262W,YMR041C,0,-1.2547649,0.0909753292798996,0.8731268644332886,0.873387336730957
YBR153W,YPR057W,0,-1.255127,0.09096585959196091,0.8731268644332886,0.8734873533248901
YPL168W,YPR086W,0,-1.2552147,0.09095639735460281,0.8731268644332886,0.8735873699188232
YGR046W,YPR199C,0,-1.2553234,0.09094692766666412,0.8731268644332886,0.8736873865127563
YDL145C,YKL006W,0,-1.255333,0.09093746542930603,0.8731268644332886,0.8737874031066895
YNL029C,YHR106W,0,-1.255674,0.09092800319194794,0.8731268644332886,0.8738873600959778
YML021C,YBL056W,0,-1.2556943,0.09091854840517044,0.8731268644332886,0.8739873766899109
YPR161C,YOR109W,0,-1.255892,0.09090909361839294,0.8731268644332886,0.874087393283844
YBL008W,YBL072C,0,-1.2561985,0.09089963883161545,0.8731268644332886,0.8741874098777771
YBR218C,YOR330C,0,-1.2569495,0.09089018404483795,0.8731268644332886,0.8742874264717102
YLL014W,YBR028C,0,-1.2570754,0.09088072925806046,0.8731268644332886,0.8743874430656433
YGL018C,YFR053C,0,-1.2570932,0.09087128192186356,0.8731268644332886,0.8744874596595764
YGR099W,YLR039C,0,-1.2574549,0.09086183458566666,0.8731268644332886,0.8745874762535095
YNL056W,YGR004W,0,-1.2576777,0.09085238724946976,0.8731268644332886,0.8746874928474426
YJL162C,YER123W,0,-1.2577372,0.09084294736385345,0.8731268644332886,0.874787449836731
YBR211C,YOR236W,0,-1.2580451,0.09083350747823715,0.8731268644332886,0.8748874664306641
YOR259C,YPR086W,0,-1.258183,0.09082406759262085,0.8731268644332886,0.8749874830245972
YGR217W,YPL210C,0,-1.2584587,0.09081462770700455,0.8731268644332886,0.8750874996185303
YJR118C,YLR220W,0,-1.258791,0.09080519527196884,0.8731268644332886,0.8751875162124634
YDR200C,YFR038W,0,-1.2590537,0.09079576283693314,0.8731268644332886,0.8752875328063965
YDR092W,YLR019W,0,-1.2591516,0.09078633040189743,0.8731268644332886,0.8753875494003296
YIL106W,YDR178W,0,-1.2591841,0.09077689796686172,0.8731268644332886,0.8754875659942627
YLL021W,YDR165W,0,-1.2593082,0.09076747298240662,0.8731268644332886,0.8755875825881958
YKR027W,YGR296W,0,-1.2595131,0.09075804799795151,0.8731268644332886,0.8756875395774841
YML059C,YBR003W,0,-1.2595152,0.0907486230134964,0.8731268644332886,0.8757875561714172
YGR217W,YHL026C,0,-1.2597315,0.09073920547962189,0.8731268644332886,0.8758875727653503
YDL106C,YOR113W,0,-1.2603611,0.09072978049516678,0.8731268644332886,0.8759875893592834
YDL093W,YER060W,0,-1.2604288,0.09072036296129227,0.8731268644332886,0.8760876059532166
YBR023C,YLR175W,0,-1.2604485,0.09071095287799835,0.8731268644332886,0.8761876225471497
YOR272W,YMR183C,0,-1.2605264,0.09070153534412384,0.8731268644332886,0.8762876391410828
YDL072C,YMR072W,0,-1.2609462,0.09069212526082993,0.8731268644332886,0.8763876557350159
YML061C,YDL139C,0,-1.2609739,0.09068271517753601,0.8731268644332886,0.876487672328949
YGL028C,YGL105W,0,-1.2610679,0.0906733050942421,0.8731268644332886,0.8765876293182373
YJR046W,YML076C,0,-1.2612293,0.09066390246152878,0.8731268644332886,0.8766876459121704
YJL059W,YAL051W,0,-1.261316,0.09065449982881546,0.8731268644332886,0.8767876625061035
YMR053C,YDR435C,0,-1.2613907,0.09064509719610214,0.8731268644332886,0.8768876791000366
YOR091W,YKL058W,0,-1.2615153,0.09063569456338882,0.8731268644332886,0.8769876956939697
YDR482C,YLL031C,0,-1.2615381,0.0906262993812561,0.8731268644332886,0.8770877122879028
YML021C,YIL043C,0,-1.2616339,0.09061689674854279,0.8731268644332886,0.8771877288818359
YIR004W,YGL171W,0,-1.2616858,0.09060750901699066,0.8731268644332886,0.877287745475769
YML041C,YDL134C,0,-1.2617047,0.09059811383485794,0.8731268644332886,0.8773877620697021
YMR243C,YNL094W,0,-1.2617949,0.09058872610330582,0.8731268644332886,0.8774877190589905
YPL140C,YIL154C,0,-1.2618806,0.0905793309211731,0.8731268644332886,0.8775877356529236
YKL045W,YFR027W,0,-1.2618843,0.09056995064020157,0.8731268644332886,0.8776877522468567
YIL053W,YKL048C,0,-1.2621521,0.09056056290864944,0.8731268644332886,0.8777877688407898
YHR014W,YDR438W,0,-1.2621552,0.09055118262767792,0.8731268644332886,0.8778877854347229
YKL033W,YHR106W,0,-1.2621865,0.09054180234670639,0.8731268644332886,0.877987802028656
YKR049C,YGR094W,0,-1.2623079,0.09053242206573486,0.8731268644332886,0.8780878186225891
YDR386W,YDR289C,0,-1.2623333,0.09052304178476334,0.8731268644332886,0.8781878352165222
YDR325W,YDR430C,0,-1.2623358,0.0905136689543724,0.8731268644332886,0.8782878518104553
YHR174W,YJL012C,1,-1.2626901,0.09060785174369812,0.8741258978843689,0.8782878518104553
YER031C,YLR292C,0,-1.2632849,0.090598464012146,0.8741258978843689,0.8783878684043884
YHR148W,YMR207C,0,-1.2634637,0.09058909118175507,0.8741258978843689,0.8784878253936768
YDR325W,YML082W,0,-1.2635559,0.09057971090078354,0.8741258978843689,0.8785878419876099
YPR161C,YHR088W,0,-1.2636038,0.09057033061981201,0.8741258978843689,0.878687858581543
YDR441C,YPL117C,0,-1.2636789,0.09056095778942108,0.8741258978843689,0.8787878751754761
YOL096C,YBR162C,0,-1.2639533,0.09055158495903015,0.8741258978843689,0.8788878917694092
YDL098C,YNL132W,0,-1.2642576,0.09054221957921982,0.8741258978843689,0.8789879083633423
YGR078C,YIL153W,0,-1.265418,0.09053285419940948,0.8741258978843689,0.8790879249572754
YDR145W,YDL134C,0,-1.2654784,0.09052348136901855,0.8741258978843689,0.8791879415512085
YBR028C,YOR259C,0,-1.2654994,0.09051412343978882,0.8741258978843689,0.8792879581451416
YER056C,YMR215W,0,-1.266347,0.09050475805997849,0.8741258978843689,0.8793879151344299
YGL095C,YAL002W,1,-1.2668394,0.09059882164001465,0.8751248717308044,0.8793879151344299
YIL056W,YDR261C,0,-1.2668402,0.09058944880962372,0.8751248717308044,0.879487931728363
YDL230W,YDR528W,0,-1.2679027,0.09058008342981339,0.8751248717308044,0.8795879483222961
YOL009C,YGL087C,0,-1.2682381,0.09057071805000305,0.8751248717308044,0.8796879649162292
YLR396C,YOR326W,1,-1.2685828,0.09066473692655563,0.8761239051818848,0.8796879649162292
YBR046C,YPR120C,0,-1.2685843,0.0906553640961647,0.8761239051818848,0.8797879815101624
YCR091W,YDR273W,0,-1.2686865,0.09064599126577377,0.8761239051818848,0.8798879981040955
YDR091C,YMR313C,0,-1.2692573,0.09063662588596344,0.8761239051818848,0.8799880146980286
YOR273C,YNL076W,0,-1.2696811,0.0906272605061531,0.8761239051818848,0.8800880312919617
YDR080W,YNL054W,1,-1.2697114,0.09072121977806091,0.8771228790283203,0.8800880312919617
YGL104C,YDR057W,0,-1.2697433,0.09071184694766998,0.8771228790283203,0.8801880478858948
YPR008W,YGL092W,0,-1.2701168,0.09070248156785965,0.8771228790283203,0.8802880048751831
YNL286W,YLR360W,0,-1.2702718,0.09069310873746872,0.8771228790283203,0.8803880214691162
YOR252W,YPR161C,0,-1.270549,0.09068374335765839,0.8771228790283203,0.8804880380630493
YGL073W,YOL098C,0,-1.2705848,0.09067437797784805,0.8771228790283203,0.8805880546569824
YMR242C,YBR015C,0,-1.2710708,0.09066501259803772,0.8771228790283203,0.8806880712509155
YDR427W,YDR190C,0,-1.2711802,0.09065565466880798,0.8771228790283203,0.8807880878448486
YAR033W,YBR091C,0,-1.271292,0.09064629673957825,0.8771228790283203,0.8808881044387817
YML102W,YFR034C,0,-1.2713938,0.09063693881034851,0.8771228790283203,0.8809881210327148
YMR072W,YDL223C,0,-1.2714978,0.09062758088111877,0.8771228790283203,0.881088137626648
YPR134W,YDR175C,0,-1.2715821,0.09061823040246964,0.8771228790283203,0.8811880946159363
YNL251C,YLL067C,0,-1.2716392,0.0906088724732399,0.8771228790283203,0.8812881112098694
YGL231C,YOR113W,0,-1.2718308,0.09059952199459076,0.8771228790283203,0.8813881278038025
YNL317W,YPR120C,0,-1.2723418,0.09059017896652222,0.8771228790283203,0.8814881443977356
YKL062W,YNR055C,0,-1.272418,0.09058082848787308,0.8771228790283203,0.8815881609916687
YML076C,YGR094W,0,-1.2724456,0.09057148545980453,0.8771228790283203,0.8816881775856018
YDR201W,YLR435W,0,-1.2724704,0.09056214243173599,0.8771228790283203,0.8817881941795349
YJL183W,YGL064C,0,-1.2724719,0.09055280685424805,0.8771228790283203,0.881888210773468
YIL075C,YJL167W,0,-1.2724769,0.0905434638261795,0.8771228790283203,0.8819882273674011
YOL126C,YKR083C,0,-1.2725738,0.09053412824869156,0.8771228790283203,0.8820881843566895
YHR122W,YPL135W,0,-1.2726811,0.09052479267120361,0.8771228790283203,0.8821882009506226
YDR148C,YBR089C-A,0,-1.2729535,0.09051546454429626,0.8771228790283203,0.8822882175445557
YDR160W,YFR040W,0,-1.2729608,0.09050613641738892,0.8771228790283203,0.8823882341384888
YPR008W,YOR330C,0,-1.2730138,0.09049680829048157,0.8771228790283203,0.8824882507324219
YHR138C,YAL002W,1,-1.2734979,0.09059053659439087,0.8781218528747559,0.8824882507324219
YIL048W,YNL326C,1,-1.2735827,0.09068425744771957,0.8791208863258362,0.8824882507324219
YMR110C,YGR161C,0,-1.2735968,0.09067490696907043,0.8791208863258362,0.882588267326355
YNL045W,YBR049C,0,-1.2736607,0.09066557139158249,0.8791208863258362,0.8826882839202881
YGL238W,YHR193C,0,-1.2738984,0.09065622836351395,0.8791208863258362,0.8827883005142212
YPR049C,YOR326W,1,-1.2740917,0.09074989706277847,0.8801198601722717,0.8827883005142212
YDR189W,YMR243C,0,-1.2741507,0.09074054658412933,0.8801198601722717,0.8828883171081543
YML059C,YEL032W,0,-1.2742879,0.09073120355606079,0.8801198601722717,0.8829882740974426
YKL081W,YKR099W,0,-1.2745155,0.09072186052799225,0.8801198601722717,0.8830882906913757
YHR197W,YLR292C,0,-1.2745159,0.0907125174999237,0.8801198601722717,0.8831883072853088
YBR119W,YIL087C,0,-1.2746274,0.09070318192243576,0.8801198601722717,0.8832883238792419
YNL326C,YDR080W,1,-1.2752059,0.09079679101705551,0.881118893623352,0.8832883238792419
YGR030C,YDR080W,0,-1.275377,0.09078744053840637,0.881118893623352,0.883388340473175
YDL077C,YNR007C,1,-1.2754166,0.09088101983070374,0.8821178674697876,0.883388340473175
YNL145W,YDR398W,0,-1.2756951,0.0908716693520546,0.8821178674697876,0.8834883570671082
YKL132C,YLR055C,0,-1.2757144,0.09086231887340546,0.8821178674697876,0.8835883736610413
YDR009W,YLR451W,0,-1.2758703,0.09085296839475632,0.8821178674697876,0.8836883902549744
YPR175W,YIL118W,0,-1.2760091,0.09084361791610718,0.8821178674697876,0.8837884068489075
YGR007W,YIL062C,0,-1.2760227,0.09083427488803864,0.8821178674697876,0.8838883638381958
YER072W,YIL069C,0,-1.276031,0.09082493185997009,0.8821178674697876,0.8839883804321289
YJL054W,YPR131C,0,-1.2760484,0.09081558883190155,0.8821178674697876,0.884088397026062
YPR049C,YBR217W,1,-1.2760954,0.09090909361839294,0.8831169009208679,0.884088397026062
YDL247W,YKL006W,0,-1.2763615,0.0908997431397438,0.8831169009208679,0.8841884136199951
YOR262W,YGL246C,0,-1.2763925,0.09089040011167526,0.8831169009208679,0.8842884302139282
YLR345W,YER129W,0,-1.2764254,0.09088104963302612,0.8831169009208679,0.8843884468078613
YOR065W,YHL035C,0,-1.2770754,0.09087171405553818,0.8831169009208679,0.8844884634017944
YDR422C,YOL096C,0,-1.2771242,0.09086237102746964,0.8831169009208679,0.8845884799957275
YLR396C,YPR049C,1,-1.2772068,0.09095580875873566,0.8841158747673035,0.8845884799957275
YOL096C,YPL193W,0,-1.2773752,0.09094645828008652,0.8841158747673035,0.8846884965896606
YGR209C,YLR093C,1,-1.2777749,0.09103986620903015,0.8851149082183838,0.8846884965896606
YKL141W,YGL198W,0,-1.2790866,0.09103051573038101,0.8851149082183838,0.884788453578949
YLR085C,YOR004W,0,-1.2791783,0.09102116525173187,0.8851149082183838,0.8848884701728821
YPL262W,YBR146W,0,-1.2792017,0.09101181477308273,0.8851149082183838,0.8849884867668152
YDR517W,YML082W,0,-1.2792724,0.0910024642944336,0.8851149082183838,0.8850885033607483
YOR264W,YIL137C,0,-1.2795846,0.09099312126636505,0.8851149082183838,0.8851885199546814
YBR295W,YGL219C,0,-1.2799919,0.09098377823829651,0.8851149082183838,0.8852885365486145
YGL126W,YJR042W,0,-1.280102,0.09097443521022797,0.8851149082183838,0.8853885531425476
YCR086W,YHR111W,0,-1.2804844,0.09096509218215942,0.8851149082183838,0.8854885697364807
YLR363C,YMR131C,0,-1.280682,0.09095575660467148,0.8851149082183838,0.8855885863304138
YDL124W,YNL156C,0,-1.2807121,0.09094642102718353,0.8851149082183838,0.8856885433197021
YKR075C,YKR099W,0,-1.2811656,0.09093708544969559,0.8851149082183838,0.8857885599136353
YHR039C-A,YIL138C,1,-1.2811717,0.09103037416934967,0.8861138820648193,0.8857885599136353
YKR052C,YDL123W,0,-1.2812353,0.09102103859186172,0.8861138820648193,0.8858885765075684
YBR107C,YOR004W,0,-1.2814071,0.09101169556379318,0.8861138820648193,0.8859885931015015
YER142C,YOR383C,0,-1.2814293,0.09100235998630524,0.8861138820648193,0.8860886096954346
YMR237W,YGR122W,0,-1.2815536,0.09099302440881729,0.8861138820648193,0.8861886262893677
YDR268W,YPR155C,0,-1.2816799,0.09098368883132935,0.8861138820648193,0.8862886428833008
YHR205W,YGL144C,0,-1.2817265,0.090974360704422,0.8861138820648193,0.8863886594772339
YKR079C,YDR025W,0,-1.2818236,0.09096503257751465,0.8861138820648193,0.886488676071167
YDR243C,YNL062C,0,-1.2822262,0.0909557044506073,0.8861138820648193,0.8865886330604553
YNL015W,YNR007C,1,-1.2822964,0.09104891121387482,0.8871129155158997,0.8865886330604553
YLR037C,YNR071C,0,-1.282516,0.09103957563638687,0.8871129155158997,0.8866886496543884
YIL014W,YDR289C,0,-1.2827873,0.09103024005889893,0.8871129155158997,0.8867886662483215
YDR343C,YGL087C,0,-1.2829645,0.09102091193199158,0.8871129155158997,0.8868886828422546
YIL038C,YLR181C,0,-1.2832495,0.09101158380508423,0.8871129155158997,0.8869886994361877
YBR065C,YLR247C,0,-1.2835901,0.09100225567817688,0.8871129155158997,0.8870887160301208
YJR042W,YFL026W,0,-1.2836741,0.09099292755126953,0.8871129155158997,0.887188732624054
YPL004C,YFR050C,0,-1.283885,0.09098360687494278,0.8871129155158997,0.8872887492179871
YPL001W,YIR026C,0,-1.2839229,0.09097428619861603,0.8871129155158997,0.8873887658119202
YOR034C,YFR030W,0,-1.2839533,0.09096496552228928,0.8871129155158997,0.8874887228012085
YOL009C,YNL278W,0,-1.2839559,0.09095565229654312,0.8871129155158997,0.8875887393951416
YDR422C,YBR015C,0,-1.2840691,0.09094633162021637,0.8871129155158997,0.8876887559890747
YDR235W,YDR179C,0,-1.2844677,0.09093701839447021,0.8871129155158997,0.8877887725830078
YIL048W,YLR396C,1,-1.2845153,0.09103010594844818,0.8881118893623352,0.8877887725830078
YLR363C,YNR053C,0,-1.2850345,0.09102078527212143,0.8881118893623352,0.8878887891769409
YLL048C,YJR042W,0,-1.2856877,0.09101146459579468,0.8881118893623352,0.887988805770874
YIL096C,YIL130W,0,-1.2857955,0.09100215137004852,0.8881118893623352,0.8880888223648071
YBR189W,YML055W,0,-1.2858406,0.09099283814430237,0.8881118893623352,0.8881888389587402
YGL126W,YER005W,0,-1.2860777,0.09098352491855621,0.8881118893623352,0.8882888555526733
YKR053C,YMR110C,0,-1.2864535,0.09097421169281006,0.8881118893623352,0.8883888125419617
YNL263C,YDR122W,0,-1.2864552,0.0909649059176445,0.8881118893623352,0.8884888291358948
YDR098C,YPR010C,0,-1.2868316,0.09095560014247894,0.8881118893623352,0.8885888457298279
YJR132W,YPL036W,0,-1.2869146,0.09094629436731339,0.8881118893623352,0.888688862323761
YLR102C,YDR189W,0,-1.2869208,0.09093698859214783,0.8881118893623352,0.8887888789176941
YOL078W,YPR068C,0,-1.2870696,0.09092769026756287,0.8881118893623352,0.8888888955116272
YOL154W,YHL035C,0,-1.2875259,0.0909183919429779,0.8881118893623352,0.8889889121055603
YGL189C,YNL164C,0,-1.2876314,0.09090909361839294,0.8881118893623352,0.8890889286994934
YMR318C,YBR086C,0,-1.2876428,0.09089979529380798,0.8881118893623352,0.8891889452934265
YDR110W,YNL055C,0,-1.2878032,0.09089050441980362,0.8881118893623352,0.8892889022827148
YLR431C,YDR126W,1,-1.2878664,0.09098343551158905,0.8891108632087708,0.8892889022827148
YDR201W,YKL058W,0,-1.288196,0.09097413718700409,0.8891108632087708,0.889388918876648
YGL053W,YGR138C,0,-1.2885679,0.09096483886241913,0.8891108632087708,0.889488935470581
YLR299W,YBL025W,0,-1.289113,0.09095554053783417,0.8891108632087708,0.8895889520645142
YPL058C,YJL083W,0,-1.289382,0.0909462496638298,0.8891108632087708,0.8896889686584473
YPL105C,YPL193W,0,-1.2895391,0.09093695878982544,0.8891108632087708,0.8897889852523804
YDL098C,YGR099W,0,-1.289803,0.09092766791582108,0.8891108632087708,0.8898890018463135
YHR122W,YGR208W,0,-1.2898508,0.09091837704181671,0.8891108632087708,0.8899890184402466
YLR167W,YNL065W,0,-1.2900661,0.09090909361839294,0.8891108632087708,0.8900890350341797
YKL026C,YPL221W,0,-1.2902613,0.09089980274438858,0.8891108632087708,0.890188992023468
YGR055W,YJL212C,0,-1.2903123,0.09089051932096481,0.8891108632087708,0.8902890086174011
YEL019C,YHL006C,0,-1.2905581,0.09088124334812164,0.8891108632087708,0.8903890252113342
YGR097W,YBR162C,0,-1.2906153,0.09087195992469788,0.8891108632087708,0.8904890418052673
YHR110W,YCL035C,0,-1.29111,0.0908626839518547,0.8891108632087708,0.8905890583992004
YIL098C,YJL003W,0,-1.2913482,0.09085340797901154,0.8891108632087708,0.8906890749931335
YBR069C,YDL018C,0,-1.291418,0.09084413945674896,0.8891108632087708,0.8907890915870667
YNL054W,YDR495C,1,-1.2914869,0.09093692898750305,0.8901098966598511,0.8907890915870667
YOR253W,YLR299W,0,-1.2918372,0.09092764556407928,0.8901098966598511,0.8908891081809998
YLR277C,YKL149C,0,-1.292207,0.09091836959123611,0.8901098966598511,0.8909891247749329
YPL100W,YKR077W,0,-1.292364,0.09090909361839294,0.8901098966598511,0.8910890817642212
YCL051W,YER129W,0,-1.2925783,0.09089981764554977,0.8901098966598511,0.8911890983581543
YJR117W,YNL251C,0,-1.2925916,0.0908905416727066,0.8901098966598511,0.8912891149520874
YPL133C,YHR114W,0,-1.2930307,0.09088127315044403,0.8901098966598511,0.8913891315460205
YMR081C,YKL002W,0,-1.29357,0.09087200462818146,0.8901098966598511,0.8914891481399536
YCR024C,YNL161W,0,-1.2936269,0.09086273610591888,0.8901098966598511,0.8915891647338867
YPL130W,YLL021W,0,-1.2937181,0.09085347503423691,0.8901098966598511,0.8916891813278198
YHR035W,YBR153W,0,-1.2937734,0.09084420651197433,0.8901098966598511,0.8917891979217529
YBR109C,YOR332W,1,-1.2939644,0.09093689173460007,0.8911088705062866,0.8917891979217529
YGR004W,YGL105W,0,-1.2939816,0.0909276232123375,0.8911088705062866,0.891889214515686
YLR193C,YCL051W,0,-1.2941161,0.09091835469007492,0.8911088705062866,0.8919891715049744
YHR148W,YGR005C,0,-1.2945244,0.09090909361839294,0.8911088705062866,0.8920891880989075
YBR034C,YGL105W,0,-1.2946446,0.09089982509613037,0.8911088705062866,0.8921892046928406
YIL107C,YGR245C,0,-1.2947145,0.0908905640244484,0.8911088705062866,0.8922892212867737
YDR490C,YAL002W,0,-1.2953916,0.09088130295276642,0.8911088705062866,0.8923892378807068
YPL043W,YDR309C,0,-1.2957914,0.09087204933166504,0.8911088705062866,0.8924892544746399
YPL120W,YML057W,0,-1.2958472,0.09086278825998306,0.8911088705062866,0.892589271068573
YLR386W,YBR080C,1,-1.2962365,0.09095539152622223,0.8921079039573669,0.892589271068573
YKR064W,YPL175W,0,-1.296379,0.09094612300395966,0.8921079039573669,0.8926892876625061
YFR050C,YIL011W,0,-1.2963959,0.09093686193227768,0.8921079039573669,0.8927893042564392
YPR143W,YMR195W,0,-1.2964058,0.0909276008605957,0.8921079039573669,0.8928892612457275
YIL048W,YGL180W,1,-1.2965125,0.09102015942335129,0.8931068778038025,0.8928892612457275
YER139C,YLR068W,0,-1.2966176,0.09101089090108871,0.8931068778038025,0.8929892778396606
YKR078W,YOR101W,0,-1.2967103,0.09100162982940674,0.8931068778038025,0.8930892944335938
YPR154W,YPL171C,0,-1.296852,0.09099236875772476,0.8931068778038025,0.8931893110275269
YKR096W,YIL038C,0,-1.2972723,0.09098310768604279,0.8931068778038025,0.89328932762146
YML127W,YPR169W,0,-1.2973351,0.09097384661436081,0.8931068778038025,0.8933893442153931
YPL171C,YNL183C,0,-1.2976984,0.09096459299325943,0.8931068778038025,0.8934893608093262
YGL085W,YMR195W,0,-1.2978457,0.09095533937215805,0.8931068778038025,0.8935893774032593
YBL050W,YER072W,1,-1.2978485,0.09104781597852707,0.8941059112548828,0.8935893774032593
YOL069W,YPR175W,0,-1.2979045,0.09103855490684509,0.8941059112548828,0.8936893939971924
YLR093C,YNL055C,0,-1.2979587,0.09102929383516312,0.8941059112548828,0.8937893509864807
YFL056C,YHR096C,0,-1.2981589,0.09102003276348114,0.8941059112548828,0.8938893675804138
YOL011W,YGL116W,0,-1.298367,0.09101077914237976,0.8941059112548828,0.8939893841743469
YPR120C,YGL127C,0,-1.298607,0.09100152552127838,0.8941059112548828,0.89408940076828
YEL001C,YPR169W,0,-1.2988359,0.090992271900177,0.8941059112548828,0.8941894173622131
YPL280W,YGR142W,0,-1.2988738,0.09098302572965622,0.8941059112548828,0.8942894339561462
YAL059W,YNL240C,0,-1.2990934,0.09097377210855484,0.8941059112548828,0.8943894505500793
YNL051W,YLR215C,0,-1.2992418,0.09096452593803406,0.8941059112548828,0.8944894671440125
YNL015W,YFL039C,1,-1.2996025,0.09105691313743591,0.8951048851013184,0.8944894671440125
YLR056W,YNR037C,0,-1.299808,0.09104765951633453,0.8951048851013184,0.8945894837379456
YIL041W,YHR138C,1,-1.3000281,0.0911400094628334,0.8961039185523987,0.8945894837379456
YJL186W,YHR193C,0,-1.3000805,0.09113075584173203,0.8961039185523987,0.8946894407272339
YHR201C,YKL196C,0,-1.3002717,0.09112149477005005,0.8961039185523987,0.894789457321167
YPL207W,YGL116W,0,-1.3004354,0.09111224114894867,0.8961039185523987,0.8948894739151001
YOR158W,YFR049W,0,-1.3007247,0.09110298752784729,0.8961039185523987,0.8949894905090332
YOR273C,YDR284C,0,-1.3007293,0.09109373390674591,0.8961039185523987,0.8950895071029663
YOL122C,YCL016C,0,-1.3007331,0.09108448773622513,0.8961039185523987,0.8951895236968994
YER023W,YER102W,0,-1.3009734,0.09107523411512375,0.8961039185523987,0.8952895402908325
YHR111W,YJR049C,0,-1.3012916,0.09106598794460297,0.8961039185523987,0.8953895568847656
YMR110C,YER129W,0,-1.3017032,0.09105674922466278,0.8961039185523987,0.8954895734786987
YGR205W,YOR158W,0,-1.3019934,0.091047503054142,0.8961039185523987,0.8955895304679871
YIL153W,YHR106W,0,-1.3020152,0.09103826433420181,0.8961039185523987,0.8956895470619202
YDR280W,YNR059W,0,-1.3022938,0.09102902561426163,0.8961039185523987,0.8957895636558533
YHR205W,YHR197W,0,-1.3023636,0.09101978689432144,0.8961039185523987,0.8958895802497864
YLR215C,YPR086W,0,-1.3023642,0.09101055562496185,0.8961039185523987,0.8959895968437195
YOR236W,YKL196C,0,-1.3023804,0.09100131690502167,0.8961039185523987,0.8960896134376526
YER143W,YGL240W,0,-1.3026197,0.09099208563566208,0.8961039185523987,0.8961896300315857
YMR063W,YJR131W,0,-1.3027635,0.09098286181688309,0.8961039185523987,0.8962896466255188
YHR169W,YPL013C,0,-1.3027986,0.0909736305475235,0.8961039185523987,0.8963896632194519
YHR103W,YLR277C,0,-1.3028333,0.0909644067287445,0.8961039185523987,0.8964896202087402
YPR010C,YHL026C,0,-1.3029183,0.09095518290996552,0.8961039185523987,0.8965896368026733
YDR323C,YPL179W,0,-1.3031065,0.09094595909118652,0.8961039185523987,0.8966896533966064
YNL023C,YNL156C,0,-1.303136,0.09093674272298813,0.8961039185523987,0.8967896699905396
YBR119W,YHR139C,0,-1.3031827,0.09092751890420914,0.8961039185523987,0.8968896865844727
YBR131W,YPL233W,0,-1.3032947,0.09091830253601074,0.8961039185523987,0.8969897031784058
YPL137C,YAL019W,0,-1.3034853,0.09090909361839294,0.8961039185523987,0.8970897197723389
YMR234W,YOR195W,0,-1.3035867,0.09089987725019455,0.8961039185523987,0.897189736366272
YGR060W,YDR397C,0,-1.3036444,0.09089066833257675,0.8961039185523987,0.8972897529602051
YDR406W,YGR142W,0,-1.3037027,0.09088145941495895,0.8961039185523987,0.8973897099494934
YFL004W,YOR332W,1,-1.3038676,0.09097355604171753,0.8971028923988342,0.8973897099494934
YNR052C,YPL178W,0,-1.3044951,0.09096434712409973,0.8971028923988342,0.8974897265434265
YPL239W,YGL016W,0,-1.3048656,0.09095513075590134,0.8971028923988342,0.8975897431373596
YPL001W,YKR079C,0,-1.3049326,0.09094592183828354,0.8971028923988342,0.8976897597312927
YAR009C,YBR112C,0,-1.3054283,0.09093670547008514,0.8971028923988342,0.8977897763252258
YKL080W,YHL026C,0,-1.3058841,0.09092750400304794,0.8971028923988342,0.8978897929191589
YPR105C,YGR208W,0,-1.3060986,0.09091829508543015,0.8971028923988342,0.897989809513092
YBL007C,YDR150W,0,-1.3061013,0.09090909361839294,0.8971028923988342,0.8980898261070251
YLR044C,YPR010C,0,-1.3061914,0.09089989215135574,0.8971028923988342,0.8981898427009583
YNL142W,YDR406W,0,-1.3062406,0.09089069068431854,0.8971028923988342,0.8982897996902466
YBR248C,YOR157C,0,-1.306368,0.09088148921728134,0.8971028923988342,0.8983898162841797
YPL280W,YMR118C,0,-1.3065231,0.09087229520082474,0.8971028923988342,0.8984898328781128
YAR033W,YJL003W,0,-1.3074546,0.09086310118436813,0.8971028923988342,0.8985898494720459
YCL044C,YPL135W,0,-1.307579,0.09085390716791153,0.8971028923988342,0.898689866065979
YLR263W,YDL211C,0,-1.3077904,0.09084471315145493,0.8971028923988342,0.8987898826599121
YPR188C,YBR162W-A,0,-1.3078399,0.09083552658557892,0.8971028923988342,0.8988898992538452
YLR118C,YBL005W,0,-1.3079281,0.09082634001970291,0.8971028923988342,0.8989899158477783
YBR078W,YMR050C,0,-1.3081245,0.0908171534538269,0.8971028923988342,0.8990899324417114
YEL048C,YLR451W,0,-1.3081641,0.0908079668879509,0.8971028923988342,0.8991898894309998
YDR471W,YOR357C,0,-1.3083669,0.09079878777265549,0.8971028923988342,0.8992899060249329
YDL209C,YMR125W,0,-1.30903,0.09078960865736008,0.8971028923988342,0.899389922618866
YNL045W,YLR131C,0,-1.3091015,0.09078042954206467,0.8971028923988342,0.8994899392127991
YBR060C,YOR341W,0,-1.3091723,0.09077125042676926,0.8971028923988342,0.8995899558067322
YLR426W,YOL144W,0,-1.3093307,0.09076207876205444,0.8971028923988342,0.8996899724006653
YDR129C,YIL147C,0,-1.3094285,0.09075290709733963,0.8971028923988342,0.8997899889945984
YGR204W,YPL183C,0,-1.309676,0.09074373543262482,0.8971028923988342,0.8998900055885315
YKL045W,YOR260W,0,-1.3102602,0.09073456376791,0.8971028923988342,0.8999900221824646
YOL078W,YMR207C,0,-1.3103446,0.09072539955377579,0.8971028923988342,0.9000900387763977
YDL235C,YDL012C,0,-1.3105694,0.09071623533964157,0.8971028923988342,0.900189995765686
YDR430C,YOR227W,0,-1.3106337,0.09070707112550735,0.8971028923988342,0.9002900123596191
YGL095C,YNL326C,1,-1.3107352,0.09079890698194504,0.8981019258499146,0.9002900123596191
YPR049C,YDR495C,1,-1.311047,0.09089072793722153,0.8991008996963501,0.9002900123596191
YDR435C,YJR096W,0,-1.3111659,0.09088154882192612,0.8991008996963501,0.9003900289535522
YHR170W,YDR019C,0,-1.3112772,0.0908723771572113,0.8991008996963501,0.9004900455474854
YBL080C,YHL006C,0,-1.3115351,0.0908631980419159,0.8991008996963501,0.9005900621414185
YNL015W,YDR126W,1,-1.3115932,0.0909549742937088,0.9000998735427856,0.9005900621414185
YLR409C,YDL102W,0,-1.3116617,0.09094579517841339,0.9000998735427856,0.9006900787353516
YFR016C,YBR169C,0,-1.3117589,0.09093661606311798,0.9000998735427856,0.9007900953292847
YGR083C,YDL102W,0,-1.311895,0.09092743694782257,0.9000998735427856,0.9008901119232178
YHR210C,YJL045W,0,-1.3119035,0.09091826528310776,0.9000998735427856,0.9009901285171509
YDR176W,YNL036W,0,-1.3127755,0.09090909361839294,0.9000998735427856,0.9010900855064392
YBR101C,YMR156C,0,-1.3129131,0.09089992195367813,0.9000998735427856,0.9011901021003723
YNL223W,YNL054W,1,-1.3130821,0.09099162369966507,0.901098906993866,0.9011901021003723
YDR178W,YLR361C,0,-1.3130922,0.09098245203495026,0.901098906993866,0.9012901186943054
YER149C,YHR120W,0,-1.3137673,0.09097327291965485,0.901098906993866,0.9013901352882385
YHR096C,YGL045W,0,-1.313781,0.09096410125494003,0.901098906993866,0.9014901518821716
YPL171C,YML057W,0,-1.3137965,0.09095492959022522,0.901098906993866,0.9015901684761047
YNL326C,YEL013W,1,-1.3139951,0.09104657918214798,0.9020978808403015,0.9015901684761047
YDR437W,YBL025W,0,-1.3141347,0.09103740006685257,0.9020978808403015,0.9016901850700378
YJL186W,YGL016W,0,-1.3147196,0.09102822840213776,0.9020978808403015,0.901790201663971
YLL031C,YMR261C,0,-1.3147196,0.09101904928684235,0.9020978808403015,0.901890218257904
YBL078C,YER072W,1,-1.3147521,0.09111066162586212,0.9030969142913818,0.901890218257904
YNL020C,YGL167C,0,-1.3150812,0.09110148251056671,0.9030969142913818,0.9019901752471924
YKL062W,YOL052C-A,0,-1.3163766,0.0910923033952713,0.9030969142913818,0.9020901918411255
YIL048W,YPL045W,1,-1.3167181,0.09118387848138809,0.9040958881378174,0.9020901918411255
YCR016W,YGL027C,0,-1.3169254,0.09117469191551208,0.9040958881378174,0.9021902084350586
YJL057C,YKR096W,0,-1.3173909,0.09116550534963608,0.9040958881378174,0.9022902250289917
YBR016W,YBL091C,0,-1.3174905,0.09115632623434067,0.9040958881378174,0.9023902416229248
YNL173C,YPL135W,0,-1.3175902,0.09114714711904526,0.9040958881378174,0.9024902582168579
YFL056C,YER028C,0,-1.3176436,0.09113796800374985,0.9040958881378174,0.902590274810791
YIL087C,YDL018C,0,-1.3178663,0.09112878888845444,0.9040958881378174,0.9026902914047241
YHR039C-A,YER072W,1,-1.3181429,0.09122029691934586,0.9050949215888977,0.9026902914047241
YKL052C,YAL056W,0,-1.3182259,0.09121111780405045,0.9050949215888977,0.9027903079986572
YLR001C,YHR194W,0,-1.3186705,0.09120193123817444,0.9050949215888977,0.9028902649879456
YDR469W,YLR017W,0,-1.3187178,0.09119275212287903,0.9050949215888977,0.9029902815818787
YOR065W,YGL107C,0,-1.3187702,0.09118357300758362,0.9050949215888977,0.9030902981758118
YKL192C,YNL180C,0,-1.318893,0.0911744013428688,0.9050949215888977,0.9031903147697449
YJR084W,YDL046W,0,-1.318908,0.0911652222275734,0.9050949215888977,0.903290331363678
YLL048C,YJL078C,0,-1.3189344,0.09115605056285858,0.9050949215888977,0.9033903479576111
YKR007W,YDR308C,0,-1.3189809,0.09114687889814377,0.9050949215888977,0.9034903645515442
YJR102C,YBL056W,0,-1.3189998,0.09113771468400955,0.9050949215888977,0.9035903811454773
YGL025C,YNL094W,0,-1.319166,0.09112854301929474,0.9050949215888977,0.9036903977394104
YGL085W,YMR153W,0,-1.319176,0.09111937880516052,0.9050949215888977,0.9037903547286987
YLR248W,YKL079W,0,-1.319235,0.0911102145910263,0.9050949215888977,0.9038903713226318
YNL263C,YHR113W,0,-1.3193784,0.09110105782747269,0.9050949215888977,0.9039903879165649
YOR227W,YOR001W,0,-1.3195474,0.09109189361333847,0.9050949215888977,0.904090404510498
YGL095C,YGR209C,1,-1.3196173,0.09118327498435974,0.9060938954353333,0.904090404510498
YNR007C,YAL002W,1,-1.319833,0.09127462655305862,0.9070929288864136,0.904090404510498
YMR232W,YDL106C,0,-1.3198361,0.09126545488834381,0.9070929288864136,0.9041904211044312
YGL058W,YHL015W,0,-1.3202708,0.091256283223629,0.9070929288864136,0.9042904376983643
YBR191W,YNL055C,0,-1.320532,0.09124711155891418,0.9070929288864136,0.9043904542922974
YLR284C,YKL192C,0,-1.3206395,0.09123793989419937,0.9070929288864136,0.9044904708862305
YFR038W,YKR072C,0,-1.3212669,0.09122877568006516,0.9070929288864136,0.9045904874801636
YDR325W,YGR040W,0,-1.3214092,0.09121961146593094,0.9070929288864136,0.9046904444694519
YJR073C,YBR146W,0,-1.3215649,0.09121044725179672,0.9070929288864136,0.904790461063385
YIL022W,YIR026C,0,-1.3220744,0.0912012830376625,0.9070929288864136,0.9048904776573181
YMR156C,YDR087C,0,-1.3222725,0.09119212627410889,0.9070929288864136,0.9049904942512512
YKL045W,YOL084W,0,-1.3223045,0.09118296951055527,0.9070929288864136,0.9050905108451843
YLR347C,YJR123W,0,-1.3223233,0.09117381274700165,0.9070929288864136,0.9051905274391174
YKR078W,YNL164C,0,-1.3226545,0.09116465598344803,0.9070929288864136,0.9052905440330505
YLR059C,YLR150W,0,-1.3229418,0.091155506670475,0.9070929288864136,0.9053905606269836
YCR036W,YHR142W,0,-1.3229554,0.09114635735750198,0.9070929288864136,0.9054905772209167
YIR004W,YLR299W,0,-1.323082,0.09113720804452896,0.9070929288864136,0.9055905342102051
YOL032W,YOL116W,0,-1.3231074,0.09112805873155594,0.9070929288864136,0.9056905508041382
YAL059W,YKL132C,0,-1.3233018,0.09111891686916351,0.9070929288864136,0.9057905673980713
YDL175C,YKL063C,0,-1.3245687,0.09110977500677109,0.9070929288864136,0.9058905839920044
YPL209C,YLR102C,0,-1.324759,0.09110063314437866,0.9070929288864136,0.9059906005859375
YCR086W,YJL001W,0,-1.3248249,0.09109149128198624,0.9070929288864136,0.9060906171798706
YLR194C,YLR056W,0,-1.3251717,0.09108235687017441,0.9070929288864136,0.9061906337738037
YER143W,YDR386W,0,-1.3255978,0.09107322245836258,0.9070929288864136,0.9062906503677368
YML067C,YKL080W,0,-1.3256769,0.09106408804655075,0.9070929288864136,0.9063906669616699
YJR046W,YML082W,0,-1.3265661,0.09105495363473892,0.9070929288864136,0.9064906239509583
YLR423C,YLR093C,1,-1.3266144,0.09114609658718109,0.9080919027328491,0.9064906239509583
YJL012C,YDR087C,0,-1.3279626,0.09113695472478867,0.9080919027328491,0.9065906405448914
YOR260W,YDR384C,0,-1.3281448,0.09112782031297684,0.9080919027328491,0.9066906571388245
YER139C,YDR406W,0,-1.328156,0.09111868590116501,0.9080919027328491,0.9067906737327576
YBR054W,YKL051W,0,-1.3285384,0.09110955148935318,0.9080919027328491,0.9068906903266907
YDR201W,YKL002W,0,-1.3285836,0.09110042452812195,0.9080919027328491,0.9069907069206238
YLR056W,YNL216W,0,-1.3287531,0.09109129011631012,0.9080919027328491,0.9070907235145569
YOR119C,YDR200C,0,-1.3291533,0.09108216315507889,0.9080919027328491,0.90719074010849
YNL167C,YDR350C,0,-1.3291818,0.09107303619384766,0.9080919027328491,0.9072907567024231
YDR439W,YOR132W,0,-1.3291918,0.09106391668319702,0.9080919027328491,0.9073907136917114
YBL056W,YCL001W,0,-1.329396,0.09105478972196579,0.9080919027328491,0.9074907302856445
YKL191W,YKR099W,0,-1.3297745,0.09104567021131516,0.9080919027328491,0.9075907468795776
YER056C,YOR026W,0,-1.3298097,0.09103655815124512,0.9080919027328491,0.9076907634735107
YAL040C,YER072W,1,-1.3301417,0.09112758189439774,0.9090909361839294,0.9076907634735107
YJL167W,YPR120C,0,-1.3304391,0.0911184549331665,0.9090909361839294,0.9077907800674438
YPL036W,YLR181C,0,-1.330731,0.09110932797193527,0.9090909361839294,0.907890796661377
YDR377W,YBR162W-A,0,-1.3308955,0.09110020846128464,0.9090909361839294,0.9079908132553101
YJL057C,YNL118C,0,-1.3310006,0.091091088950634,0.9090909361839294,0.9080908298492432
YFR016C,YHR157W,0,-1.3318489,0.09108197689056396,0.9090909361839294,0.9081908464431763
YPR110C,YHR122W,0,-1.3319645,0.09107285737991333,0.9090909361839294,0.9082908034324646
YDR080W,YBR105C,1,-1.3321226,0.09116381406784058,0.910089910030365,0.9082908034324646
YDR004W,YLR092W,0,-1.3323319,0.09115469455718994,0.910089910030365,0.9083908200263977
YGR244C,YML013W,0,-1.3324617,0.0911455750465393,0.910089910030365,0.9084908366203308
YER063W,YMR105C,0,-1.3325043,0.09113645553588867,0.910089910030365,0.9085908532142639
YPL045W,YDR080W,1,-1.3329194,0.09122736752033234,0.9110888838768005,0.9085908532142639
YLR413W,YLR384C,0,-1.3329699,0.0912182405591011,0.9110888838768005,0.908690869808197
YJL058C,YGL151W,0,-1.333116,0.09120912104845047,0.9110888838768005,0.9087908864021301
YMR205C,YLR413W,0,-1.3331343,0.09120000153779984,0.9110888838768005,0.9088909029960632
YOR177C,YJR046W,0,-1.3336546,0.0911908820271492,0.9110888838768005,0.9089909195899963
YDR325W,YBR016W,0,-1.3337728,0.09118176251649857,0.9110888838768005,0.9090909361839294
YML081W,YOR273C,0,-1.3342369,0.09117265045642853,0.9110888838768005,0.9091908931732178
YKL134C,YDR200C,0,-1.3342788,0.0911635309457779,0.9110888838768005,0.9092909097671509
YJR052W,YLR181C,0,-1.334373,0.09115442633628845,0.9110888838768005,0.909390926361084
YDR021W,YDL102W,0,-1.3346548,0.09114531427621841,0.9110888838768005,0.9094909429550171
YDR009W,YPL193W,0,-1.3355036,0.09113620221614838,0.9110888838768005,0.9095909595489502
YOR189W,YDR365C,0,-1.3355122,0.09112709760665894,0.9110888838768005,0.9096909761428833
YIL043C,YBR023C,0,-1.3355854,0.0911179929971695,0.9110888838768005,0.9097909927368164
YPL209C,YBR065C,0,-1.3356164,0.09110888838768005,0.9110888838768005,0.9098910093307495
YKR079C,YDR517W,0,-1.3358169,0.09109979122877121,0.9110888838768005,0.9099910259246826
YGL196W,YGR266W,0,-1.3363566,0.09109069406986237,0.9110888838768005,0.910090982913971
YKL048C,YKR052C,0,-1.3365744,0.09108159691095352,0.9110888838768005,0.910190999507904
YOR065W,YGR211W,0,-1.336606,0.09107249975204468,0.9110888838768005,0.9102910161018372
YIL007C,YDR384C,0,-1.3372643,0.09106340259313583,0.9110888838768005,0.9103910326957703
YIL022W,YHR001W-A,0,-1.3375225,0.09105431288480759,0.9110888838768005,0.9104910492897034
YKL051W,YBL050W,1,-1.3376479,0.09114505350589752,0.9120879173278809,0.9104910492897034
YPL100W,YPR180W,0,-1.3381425,0.09113595634698868,0.9120879173278809,0.9105910658836365
YNR048W,YDR190C,0,-1.3385451,0.09112685918807983,0.9120879173278809,0.9106910824775696
YMR226C,YPR199C,0,-1.3385618,0.09111776202917099,0.9120879173278809,0.9107910990715027
YDR127W,YGR178C,0,-1.3396664,0.09110867232084274,0.9120879173278809,0.9108911156654358
YLR131C,YBR015C,0,-1.3396796,0.0910995826125145,0.9120879173278809,0.9109910726547241
YPL175W,YOR227W,0,-1.3396798,0.09109049290418625,0.9120879173278809,0.9110910892486572
YOR192C,YLL016W,0,-1.3398349,0.091081403195858,0.9120879173278809,0.9111911058425903
YDR045C,YDL119C,0,-1.3404344,0.09107232093811035,0.9120879173278809,0.9112911224365234
YMR048W,YGL070C,0,-1.3406091,0.0910632386803627,0.9120879173278809,0.9113911390304565
YLR196W,YCR005C,0,-1.3407147,0.09105415642261505,0.9120879173278809,0.9114911556243896
YFL039C,YER072W,1,-1.3408792,0.09114479273557663,0.9130868911743164,0.9114911556243896
YIL052C,YMR183C,0,-1.340902,0.09113570302724838,0.9130868911743164,0.9115911722183228
YLR085C,YNL062C,0,-1.3409941,0.09112662076950073,0.9130868911743164,0.9116911888122559
YHR090C,YMR153W,0,-1.3409945,0.09111753851175308,0.9130868911743164,0.911791205406189
YGR204W,YBR181C,0,-1.3412431,0.09110845625400543,0.9130868911743164,0.9118911623954773
YPL075W,YGR208W,0,-1.3415875,0.09109937399625778,0.9130868911743164,0.9119911789894104
YFL025C,YDR301W,0,-1.341702,0.09109029173851013,0.9130868911743164,0.9120911955833435
YDR256C,YHR001W-A,0,-1.3423271,0.09108121693134308,0.9130868911743164,0.9121912121772766
YHR108W,YLR167W,0,-1.3423376,0.09107214212417603,0.9130868911743164,0.9122912287712097
YGL016W,YJL058C,0,-1.3423847,0.09106306731700897,0.9130868911743164,0.9123912453651428
YGR161C,YHR133C,0,-1.342488,0.09105399250984192,0.9130868911743164,0.9124912619590759
YMR215W,YFR025C,0,-1.3425102,0.09104492515325546,0.9130868911743164,0.912591278553009
YHR073W,YFR038W,0,-1.342613,0.091035857796669,0.9130868911743164,0.9126912951469421
YIL098C,YNL164C,0,-1.3426625,0.09102679044008255,0.9130868911743164,0.9127912521362305
YNL156C,YDL149W,0,-1.3428086,0.0910177230834961,0.9130868911743164,0.9128912687301636
YGL076C,YDR188W,0,-1.3433201,0.09100866317749023,0.9130868911743164,0.9129912853240967
YPL215W,YBL047C,0,-1.3441136,0.09099960327148438,0.9130868911743164,0.9130913019180298
YPR134W,YER093C,0,-1.3443227,0.09099054336547852,0.9130868911743164,0.9131913185119629
YHR020W,YLR292C,0,-1.3451934,0.09098148345947266,0.9130868911743164,0.913291335105896
YBR085W,YNL247W,0,-1.3455454,0.0909724310040474,0.9130868911743164,0.9133913516998291
YPL234C,YDR045C,0,-1.3457167,0.09096337854862213,0.9130868911743164,0.9134913682937622
YML081W,YBR034C,0,-1.3460808,0.09095432609319687,0.9130868911743164,0.9135913848876953
YDR422C,YNL118C,0,-1.3460823,0.0909452736377716,0.9130868911743164,0.9136913418769836
YBR248C,YMR313C,0,-1.3461506,0.09093622863292694,0.9130868911743164,0.9137913584709167
YDR091C,YDR528W,0,-1.3467755,0.09092717617750168,0.9130868911743164,0.9138913750648499
YLR052W,YLR011W,0,-1.3470011,0.09091813117265701,0.9130868911743164,0.913991391658783
YJR117W,YER167W,0,-1.3470204,0.09090909361839294,0.9130868911743164,0.9140914082527161
YLR004C,YHR214W,0,-1.3472956,0.09090004861354828,0.9130868911743164,0.9141914248466492
YLL048C,YBR003W,0,-1.3474513,0.09089101105928421,0.9130868911743164,0.9142914414405823
YBL056W,YPL235W,0,-1.3474901,0.09088197350502014,0.9130868911743164,0.9143914580345154
YDL105W,YNL076W,0,-1.3476162,0.09087293595075607,0.9130868911743164,0.9144914746284485
YOR241W,YGR030C,0,-1.3477025,0.0908639058470726,0.9130868911743164,0.9145914316177368
YDR039C,YCR035C,0,-1.3478222,0.09085486829280853,0.9130868911743164,0.9146914482116699
YIL148W,YHR157W,0,-1.3479741,0.09084583818912506,0.9130868911743164,0.914791464805603
YFR027W,YJR084W,0,-1.3480215,0.09083680808544159,0.9130868911743164,0.9148914813995361
YJR084W,YJL003W,0,-1.348481,0.09082778543233871,0.9130868911743164,0.9149914979934692
YHR088W,YBR078W,0,-1.348654,0.09081876277923584,0.9130868911743164,0.9150915145874023
YIL007C,YGL085W,0,-1.3486798,0.09080974012613297,0.9130868911743164,0.9151915311813354
YDR377W,YGR044C,0,-1.3489764,0.09080071747303009,0.9130868911743164,0.9152915477752686
YDL003W,YFR025C,0,-1.3489912,0.09079169481992722,0.9130868911743164,0.9153915643692017
YLR039C,YLR115W,0,-1.3491488,0.09078267961740494,0.9130868911743164,0.91549152135849
YOR262W,YBR005W,0,-1.3496033,0.09077366441488266,0.9130868911743164,0.9155915379524231
YDR309C,YLR328W,0,-1.349703,0.09076464921236038,0.9130868911743164,0.9156915545463562
YDR406W,YDL149W,0,-1.3500441,0.0907556340098381,0.9130868911743164,0.9157915711402893
YML011C,YJR109C,0,-1.3500904,0.09074662625789642,0.9130868911743164,0.9158915877342224
YKR083C,YHR106W,0,-1.350545,0.09073761850595474,0.9130868911743164,0.9159916043281555
YOR241W,YKL060C,0,-1.3505611,0.09072861075401306,0.9130868911743164,0.9160916209220886
YJR050W,YBL025W,0,-1.350585,0.09071960300207138,0.9130868911743164,0.9161916375160217
YGL243W,YKR079C,0,-1.351618,0.0907106027007103,0.9130868911743164,0.9162916541099548
YGR254W,YJL012C,1,-1.3516448,0.09080083668231964,0.9140859246253967,0.9162916541099548
YDR308C,YNL247W,0,-1.3518293,0.09079182147979736,0.9140859246253967,0.9163916110992432
YML023C,YBL031W,0,-1.3524292,0.09078281372785568,0.9140859246253967,0.9164916276931763
YMR286W,YOR266W,0,-1.3525765,0.090773805975914,0.9140859246253967,0.9165916442871094
YDR361C,YDR019C,0,-1.3533363,0.09076480567455292,0.9140859246253967,0.9166916608810425
YDR276C,YPR100W,0,-1.3536369,0.09075580537319183,0.9140859246253967,0.9167916774749756
YGL095C,YNR007C,1,-1.3536592,0.0908459797501564,0.9150848984718323,0.9167916774749756
YJL026W,YJL196C,0,-1.3539954,0.09083697199821472,0.9150848984718323,0.9168916940689087
YJR042W,YPL253C,0,-1.354144,0.09082796424627304,0.9150848984718323,0.9169917106628418
YDR515W,YOR249C,0,-1.3546681,0.09081895649433136,0.9150848984718323,0.9170917272567749
YEL027W,YML001W,1,-1.3547162,0.09090909361839294,0.9160839319229126,0.9170917272567749
YPL036W,YPR100W,0,-1.3551265,0.09090007841587067,0.9160839319229126,0.917191743850708
YKL045W,YDL081C,0,-1.3552148,0.09089107066392899,0.9160839319229126,0.9172917008399963
YBR101C,YBR131W,0,-1.3552861,0.0908820629119873,0.9160839319229126,0.9173917174339294
YOR357C,YNL081C,0,-1.3557051,0.09087305516004562,0.9160839319229126,0.9174917340278625
YIL119C,YJR096W,0,-1.355711,0.09086404740810394,0.9160839319229126,0.9175917506217957
YNR024W,YOL135C,0,-1.355754,0.09085504710674286,0.9160839319229126,0.9176917672157288
YNL051W,YOR266W,0,-1.3557959,0.09084604680538177,0.9160839319229126,0.9177917838096619
YHR006W,YLL021W,0,-1.3557975,0.09083704650402069,0.9160839319229126,0.917891800403595
YJR102C,YLR299W,0,-1.3558129,0.0908280536532402,0.9160839319229126,0.9179918169975281
YPL120W,YBR149W,0,-1.3566959,0.09081905335187912,0.9160839319229126,0.9180918335914612
YDR427W,YMR091C,0,-1.3570178,0.09081006050109863,0.9160839319229126,0.9181917905807495
YML092C,YLR115W,0,-1.3571212,0.09080106765031815,0.9160839319229126,0.9182918071746826
YJR042W,YLR175W,0,-1.3571329,0.09079208225011826,0.9160839319229126,0.9183918237686157
YDR235W,YKR088C,0,-1.3572196,0.09078308939933777,0.9160839319229126,0.9184918403625488
YMR055C,YKL043W,0,-1.3573453,0.09077410399913788,0.9160839319229126,0.9185918569564819
YGR217W,YLR055C,0,-1.3574511,0.09076511859893799,0.9160839319229126,0.918691873550415
YDL124W,YLR093C,0,-1.357647,0.0907561331987381,0.9160839319229126,0.9187918901443481
YIL036W,YER040W,0,-1.3596752,0.0907471552491188,0.9160839319229126,0.9188919067382812
YPR008W,YDR005C,0,-1.3604448,0.09073817729949951,0.9160839319229126,0.9189919233322144
YLR377C,YDR019C,0,-1.3606954,0.09072919934988022,0.9160839319229126,0.9190918803215027
YHR088W,YHR146W,0,-1.3610766,0.09072022140026093,0.9160839319229126,0.9191918969154358
YNL038W,YOR048C,0,-1.3613842,0.09071125090122223,0.9160839319229126,0.9192919135093689
YDR513W,YGR253C,0,-1.3615856,0.09070227295160294,0.9160839319229126,0.919391930103302
YOR045W,YDR328C,0,-1.3616536,0.09069330245256424,0.9160839319229126,0.9194919466972351
YEL027W,YNL079C,1,-1.3618636,0.09078323096036911,0.9170829057693481,0.9194919466972351
YCR031C,YPL235W,0,-1.362107,0.09077425301074982,0.9170829057693481,0.9195919632911682
YER155C,YOR259C,0,-1.3622739,0.09076527506113052,0.9170829057693481,0.9196919798851013
YNL233W,YLR260W,0,-1.3626575,0.09075630456209183,0.9170829057693481,0.9197919964790344
YML107C,YER023W,0,-1.3628429,0.09074733406305313,0.9170829057693481,0.9198920130729675
YMR243C,YGL111W,0,-1.3631396,0.09073836356401443,0.9170829057693481,0.9199919700622559
YDR325W,YIL118W,0,-1.3631603,0.09072939306497574,0.9170829057693481,0.920091986656189
YDR328C,YDR381W,0,-1.3634175,0.09072043001651764,0.9170829057693481,0.9201920032501221
YGR254W,YGR209C,1,-1.3637464,0.09081027656793594,0.9180819392204285,0.9201920032501221
YPR071W,YPR131C,0,-1.3643466,0.09080130606889725,0.9180819392204285,0.9202920198440552
YNL031C,YJL098W,0,-1.3644952,0.09079233556985855,0.9180819392204285,0.9203920364379883
YEL032W,YLR019W,0,-1.3646283,0.09078336507081985,0.9180819392204285,0.9204920530319214
YAL040C,YPL019C,1,-1.3646389,0.09087317436933517,0.919080913066864,0.9204920530319214
YOL084W,YPR199C,0,-1.3647215,0.09086419641971588,0.919080913066864,0.9205920696258545
YDR028C,YMR237W,0,-1.3662355,0.09085522592067719,0.919080913066864,0.9206920862197876
YDL209C,YLR060W,0,-1.3663372,0.09084625542163849,0.919080913066864,0.9207921028137207
YMR231W,YCL063W,1,-1.3664404,0.09093602001667023,0.9200799465179443,0.9207921028137207
YPL001W,YHR033W,0,-1.3666675,0.09092704206705093,0.9200799465179443,0.920892059803009
YOR380W,YLR004C,0,-1.3667848,0.09091806411743164,0.9200799465179443,0.9209920763969421
YJL089W,YNL111C,0,-1.3667886,0.09090909361839294,0.9200799465179443,0.9210920929908752
YKR072C,YCL039W,0,-1.3669966,0.09090011566877365,0.9200799465179443,0.9211921095848083
YDR325W,YNL247W,0,-1.3672881,0.09089114516973495,0.9200799465179443,0.9212921261787415
YDR325W,YGR217W,0,-1.3675294,0.09088218212127686,0.9200799465179443,0.9213921427726746
YJL183W,YGR120C,0,-1.367578,0.09087321162223816,0.9200799465179443,0.9214921593666077
YDR309C,YBR168W,0,-1.3685665,0.09086424857378006,0.9200799465179443,0.9215921759605408
YGR181W,YKL002W,0,-1.3686521,0.09085528552532196,0.9200799465179443,0.9216921925544739
YLR175W,YNL029C,0,-1.3687313,0.09084632247686386,0.9200799465179443,0.9217921495437622
YHR154W,YNL062C,0,-1.3697258,0.09083735942840576,0.9200799465179443,0.9218921661376953
YDR201W,YOR253W,0,-1.3697484,0.09082840383052826,0.9200799465179443,0.9219921827316284
YGL093W,YGR005C,0,-1.3699652,0.09081944823265076,0.9200799465179443,0.9220921993255615
YGL073W,YLR299W,0,-1.3701254,0.09081049263477325,0.9200799465179443,0.9221922159194946
YDL091C,YMR110C,0,-1.3707091,0.09080153703689575,0.9200799465179443,0.9222922325134277
YKL048C,YGR003W,0,-1.3707668,0.09079258888959885,0.9200799465179443,0.9223922491073608
YBR248C,YLR313C,0,-1.372008,0.09078364074230194,0.9200799465179443,0.922492265701294
YNL199C,YOR258W,0,-1.372059,0.09077469259500504,0.9200799465179443,0.922592282295227
YMR055C,YBL005W,0,-1.3721013,0.09076574444770813,0.9200799465179443,0.9226922988891602
YJL057C,YMR156C,0,-1.3721589,0.09075679630041122,0.9200799465179443,0.9227922558784485
YLR431C,YHR138C,1,-1.3724235,0.09084638953208923,0.9210789203643799,0.9227922558784485
YLR284C,YLL006W,0,-1.372643,0.09083744138479233,0.9210789203643799,0.9228922724723816
YCL029C,YML098W,0,-1.3727393,0.09082849323749542,0.9210789203643799,0.9229922890663147
YJR041C,YLR451W,0,-1.3731315,0.09081954509019852,0.9210789203643799,0.9230923056602478
YBL080C,YGR080W,0,-1.3732936,0.09081059694290161,0.9210789203643799,0.9231923222541809
YAR009C,YBR078W,0,-1.3733284,0.0908016562461853,0.9210789203643799,0.923292338848114
YDR287W,YLR299W,0,-1.3736039,0.090792715549469,0.9210789203643799,0.9233923554420471
YNL045W,YPL100W,0,-1.3737215,0.09078377485275269,0.9210789203643799,0.9234923720359802
YNL056W,YIL008W,0,-1.3741071,0.09077483415603638,0.9210789203643799,0.9235923886299133
YJL173C,YLR175W,0,-1.3743501,0.09076590090990067,0.9210789203643799,0.9236923456192017
YOL098C,YER127W,0,-1.3749212,0.09075696766376495,0.9210789203643799,0.9237923622131348
YGR099W,YBL014C,0,-1.3749483,0.09074803441762924,0.9210789203643799,0.9238923788070679
YFL025C,YFR030W,0,-1.3750241,0.09073910117149353,0.9210789203643799,0.923992395401001
YPL203W,YHR106W,0,-1.3756953,0.09073016792535782,0.9210789203643799,0.9240924119949341
YPR143W,YML081W,0,-1.3761668,0.0907212421298027,0.9210789203643799,0.9241924285888672
YBR218C,YBL031W,0,-1.3763586,0.09071231633424759,0.9210789203643799,0.9242924451828003
YBL035C,YOR259C,0,-1.3763907,0.09070339053869247,0.9210789203643799,0.9243924617767334
YER149C,YPR057W,0,-1.3768495,0.09069447219371796,0.9210789203643799,0.9244924783706665
YKL016C,YLR284C,0,-1.3773944,0.09068555384874344,0.9210789203643799,0.9245924353599548
YGL005C,YLR115W,0,-1.3779902,0.09067663550376892,0.9210789203643799,0.9246924519538879
YMR048W,YKL155C,0,-1.3780795,0.0906677171587944,0.9210789203643799,0.924792468547821
YFR034C,YGL111W,0,-1.3800635,0.09065879881381989,0.9210789203643799,0.9248924851417542
YPR120C,YDR087C,0,-1.3803251,0.09064988791942596,0.9210789203643799,0.9249925017356873
YIL056W,YIL033C,0,-1.380373,0.09064097702503204,0.9210789203643799,0.9250925183296204
YJL054W,YNL288W,0,-1.3806766,0.09063206613063812,0.9210789203643799,0.9251925349235535
YHR210C,YMR156C,0,-1.3806846,0.0906231552362442,0.9210789203643799,0.9252925515174866
YMR243C,YPL178W,0,-1.381564,0.09061425179243088,0.9210789203643799,0.9253925681114197
YEL005C,YDL124W,0,-1.3819479,0.09060534834861755,0.9210789203643799,0.925492525100708
YML023C,YMR001C,0,-1.3819623,0.09059644490480423,0.9210789203643799,0.9255925416946411
YML127W,YIL033C,0,-1.3819945,0.0905875414609909,0.9210789203643799,0.9256925582885742
YHR204W,YKR093W,0,-1.382596,0.09057864546775818,0.9210789203643799,0.9257925748825073
YBR029C,YDR019C,0,-1.3826681,0.09056974202394485,0.9210789203643799,0.9258925914764404
YBR162C,YLR337C,0,-1.3831909,0.09056084603071213,0.9210789203643799,0.9259926080703735
YFR014C,YGR165W,0,-1.3833659,0.09055195748806,0.9210789203643799,0.9260926246643066
YML021C,YKL014C,0,-1.3835245,0.09054306149482727,0.9210789203643799,0.9261926412582397
YGL167C,YGR245C,0,-1.3836589,0.09053417295217514,0.9210789203643799,0.9262926578521729
YNR038W,YKL080W,0,-1.3836749,0.09052528440952301,0.9210789203643799,0.9263926148414612
YNL263C,YBR003W,0,-1.3839519,0.09051639586687088,0.9210789203643799,0.9264926314353943
YDL189W,YNL024C,0,-1.3842292,0.09050750732421875,0.9210789203643799,0.9265926480293274
YBL007C,YMR072W,0,-1.3843677,0.09049862623214722,0.9210789203643799,0.9266926646232605
YMR101C,YMR118C,0,-1.3843746,0.09048974514007568,0.9210789203643799,0.9267926812171936
YOR195W,YDR365C,0,-1.385411,0.09048086404800415,0.9210789203643799,0.9268926978111267
YPR046W,YHL025W,0,-1.386934,0.09047198295593262,0.9210789203643799,0.9269927144050598
YGL095C,YCL063W,1,-1.387342,0.09056122601032257,0.9220778942108154,0.9269927144050598
YBR080C,YHR174W,1,-1.3876377,0.09065044671297073,0.9230769276618958,0.9269927144050598
YKL132C,YKR099W,0,-1.3878577,0.090641550719738,0.9230769276618958,0.9270927309989929
YJR150C,YER159C,0,-1.3885888,0.09063266217708588,0.9230769276618958,0.927192747592926
YLR413W,YJL196C,0,-1.3888835,0.09062377363443375,0.9230769276618958,0.9272927045822144
YLR167W,YBR091C,0,-1.3890435,0.09061488509178162,0.9230769276618958,0.9273927211761475
YFR024C-A,YML092C,0,-1.3908237,0.09060600399971008,0.9230769276618958,0.9274927377700806
YDL091C,YKR077W,0,-1.3911489,0.09059711545705795,0.9230769276618958,0.9275927543640137
YML098W,YGL116W,0,-1.3917289,0.09058823436498642,0.9230769276618958,0.9276927709579468
YGR078C,YGR178C,0,-1.3919016,0.09057935327291489,0.9230769276618958,0.9277927875518799
YKL138C,YJL003W,0,-1.3920546,0.09057047963142395,0.9230769276618958,0.927892804145813
YDR098C,YOR271C,0,-1.3925316,0.09056159853935242,0.9230769276618958,0.9279928207397461
YHR090C,YGL171W,0,-1.3945651,0.09055272489786148,0.9230769276618958,0.9280928373336792
YLR382C,YNR037C,0,-1.3949351,0.09054385125637054,0.9230769276618958,0.9281927943229675
YOR129C,YOL095C,0,-1.395058,0.09053497761487961,0.9230769276618958,0.9282928109169006
YKR064W,YML082W,0,-1.3951235,0.09052611142396927,0.9230769276618958,0.9283928275108337
YIL138C,YJL178C,1,-1.3951952,0.09061520546674728,0.9240759015083313,0.9283928275108337
YPL262W,YHR033W,0,-1.3954952,0.09060632437467575,0.9240759015083313,0.9284928441047668
YML086C,YNL068C,0,-1.3958408,0.09059745073318481,0.9240759015083313,0.9285928606987
YDL235C,YER056C,0,-1.39666,0.09058858454227448,0.9240759015083313,0.9286928772926331
YPL145C,YBL091C,0,-1.3968494,0.09057971090078354,0.9240759015083313,0.9287928938865662
YIL087C,YOR253W,0,-1.3973614,0.0905708447098732,0.9240759015083313,0.9288929104804993
YLR432W,YDR021W,0,-1.3975074,0.09056197106838226,0.9240759015083313,0.9289929270744324
YNL068C,YGR094W,0,-1.397606,0.09055310487747192,0.9240759015083313,0.9290928840637207
YHR120W,YOR335C,0,-1.3977277,0.09054424613714218,0.9240759015083313,0.9291929006576538
YCL017C,YMR275C,0,-1.3985217,0.09053537994623184,0.9240759015083313,0.9292929172515869
YDR004W,YKL134C,0,-1.3988099,0.0905265212059021,0.9240759015083313,0.92939293384552
YDL077C,YNL242W,1,-1.3993413,0.09061551839113235,0.9250749349594116,0.92939293384552
YJL178C,YNL079C,1,-1.3995368,0.09070450067520142,0.9260739088058472,0.92939293384552
YKR096W,YER176W,0,-1.3996525,0.09069562703371048,0.9260739088058472,0.9294929504394531
YMR261C,YOR109W,0,-1.3997045,0.09068675339221954,0.9260739088058472,0.9295929670333862
YHR201C,YHR170W,0,-1.3997493,0.09067787975072861,0.9260739088058472,0.9296929836273193
YHR037W,YGL049C,0,-1.3999395,0.09066901355981827,0.9260739088058472,0.9297930002212524
YOR250C,YBR015C,0,-1.4000707,0.09066014736890793,0.9260739088058472,0.9298930168151855
YDR023W,YKR049C,0,-1.4003638,0.09065128117799759,0.9260739088058472,0.9299929738044739
YNL051W,YKR077W,0,-1.4010274,0.09064241498708725,0.9260739088058472,0.930092990398407
YIL096C,YHL006C,0,-1.4011836,0.09063355624675751,0.9260739088058472,0.9301930069923401
YLR352W,YDR301W,0,-1.4011842,0.09062469750642776,0.9260739088058472,0.9302930235862732
YNR048W,YHR149C,0,-1.4012296,0.09061583876609802,0.9260739088058472,0.9303930401802063
YOR320C,YDR397C,0,-1.4022105,0.09060698002576828,0.9260739088058472,0.9304930567741394
YGR254W,YFL004W,1,-1.4023776,0.09069585800170898,0.9270729422569275,0.9304930567741394
YER177W,YEL051W,0,-1.402409,0.09068699181079865,0.9270729422569275,0.9305930733680725
YJL059W,YBL035C,0,-1.4032011,0.0906781330704689,0.9270729422569275,0.9306930899620056
YGL144C,YGL171W,0,-1.403566,0.09066927433013916,0.9270729422569275,0.9307931065559387
YOR236W,YIL118W,0,-1.4039583,0.09066041558980942,0.9270729422569275,0.930893063545227
YKR093W,YGL105W,0,-1.4040668,0.09065155684947968,0.9270729422569275,0.9309930801391602
YJR109C,YFR025C,0,-1.4042518,0.09064270555973053,0.9270729422569275,0.9310930967330933
YPR067W,YGL151W,0,-1.4045404,0.09063385426998138,0.9270729422569275,0.9311931133270264
YGR005C,YDR406W,0,-1.404582,0.09062500298023224,0.9270729422569275,0.9312931299209595
YIL030C,YDL209C,0,-1.4046197,0.0906161516904831,0.9270729422569275,0.9313931465148926
YPL262W,YDL123W,0,-1.4047657,0.09060730040073395,0.9270729422569275,0.9314931631088257
YDR229W,YNR007C,1,-1.4060856,0.09069608151912689,0.928071916103363,0.9314931631088257
YLR004C,YJL094C,0,-1.4076138,0.09068723022937775,0.928071916103363,0.9315931797027588
YBR078W,YLR333C,0,-1.4078985,0.0906783789396286,0.928071916103363,0.9316931962966919
YGL196W,YGR005C,0,-1.4086272,0.09066952764987946,0.928071916103363,0.9317931532859802
YNR007C,YBR105C,1,-1.4086981,0.09075827151536942,0.9290709495544434,0.9317931532859802
YPL115C,YKR077W,0,-1.4093797,0.09074941277503967,0.9290709495544434,0.9318931698799133
YLR102C,YGL196W,0,-1.4097918,0.09074056148529053,0.9290709495544434,0.9319931864738464
YCR086W,YOR157C,0,-1.4099927,0.09073171019554138,0.9290709495544434,0.9320932030677795
YLR017W,YER032W,0,-1.4106169,0.09072285890579224,0.9290709495544434,0.9321932196617126
YHR204W,YLL018C,0,-1.4106256,0.09071400761604309,0.9290709495544434,0.9322932362556458
YLR363C,YBR162C,0,-1.4106439,0.09070515632629395,0.9290709495544434,0.9323932528495789
YHL003C,YMR242C,0,-1.4113133,0.0906963124871254,0.9290709495544434,0.932493269443512
YPL209C,YNL076W,0,-1.411506,0.09068746864795685,0.9290709495544434,0.9325932860374451
YIL107C,YHR157W,0,-1.4133575,0.0906786248087883,0.9290709495544434,0.9326932430267334
YOL096C,YNL066W,0,-1.4134288,0.09066978842020035,0.9290709495544434,0.9327932596206665
YGL212W,YGL180W,1,-1.4138353,0.09075843542814255,0.9300699234008789,0.9327932596206665
YMR232W,YML102W,0,-1.4143467,0.0907495841383934,0.9300699234008789,0.9328932762145996
YEL018W,YPR180W,0,-1.4148977,0.09074074029922485,0.9300699234008789,0.9329932928085327
YMR081C,YOR158W,0,-1.4154382,0.0907318964600563,0.9300699234008789,0.9330933094024658
YGR202C,YER176W,0,-1.4159323,0.09072305262088776,0.9300699234008789,0.9331933259963989
YKR072C,YCL054W,0,-1.4159443,0.0907142162322998,0.9300699234008789,0.933293342590332
YBR119W,YLR011W,0,-1.416045,0.09070537984371185,0.9300699234008789,0.9333933591842651
YLR194C,YLR196W,0,-1.416572,0.0906965434551239,0.9300699234008789,0.9334933757781982
YHR113W,YJR049C,0,-1.4168887,0.09068770706653595,0.9300699234008789,0.9335933327674866
YDL093W,YGR211W,0,-1.4170976,0.090678870677948,0.9300699234008789,0.9336933493614197
YJR102C,YDR135C,0,-1.417401,0.09067004173994064,0.9300699234008789,0.9337933659553528
YDR276C,YGR005C,0,-1.4175382,0.09066121280193329,0.9300699234008789,0.9338933825492859
YOR335C,YCR063W,0,-1.4186411,0.09065238386392593,0.9300699234008789,0.933993399143219
YOR363C,YMR237W,0,-1.4201285,0.09064356237649918,0.9300699234008789,0.9340934157371521
YDR397C,YBL072C,0,-1.4211355,0.09063473343849182,0.9300699234008789,0.9341934323310852
YBR248C,YJL179W,0,-1.4214668,0.09062591195106506,0.9300699234008789,0.9342934489250183
YGL076C,YKR079C,0,-1.421658,0.0906170904636383,0.9300699234008789,0.9343934655189514
YOR091W,YMR220W,0,-1.421955,0.09060826897621155,0.9300699234008789,0.9344934225082397
YOL154W,YAL048C,0,-1.4228549,0.09059945493936539,0.9300699234008789,0.9345934391021729
YHR204W,YOR320C,0,-1.4250922,0.09059064090251923,0.9300699234008789,0.934693455696106
YGR217W,YOR272W,0,-1.4253598,0.09058182686567307,0.9300699234008789,0.9347934722900391
YDL149W,YPR049C,1,-1.4261179,0.09067029505968094,0.9310689568519592,0.9347934722900391
YLR017W,YLR299W,0,-1.4265968,0.09066148102283478,0.9310689568519592,0.9348934888839722
YNL045W,YOR363C,0,-1.426683,0.09065265953540802,0.9310689568519592,0.9349935054779053
YKL141W,YDL223C,0,-1.4267468,0.09064384549856186,0.9310689568519592,0.9350935220718384
YLR017W,YJL035C,0,-1.4277543,0.0906350314617157,0.9310689568519592,0.9351935386657715
YPL215W,YDL018C,0,-1.4280636,0.09062621742486954,0.9310689568519592,0.9352935552597046
YGR283C,YPL175W,0,-1.4282489,0.09061740338802338,0.9310689568519592,0.9353935122489929
YBR080C,YOR326W,1,-1.4283036,0.09070581197738647,0.9320679306983948,0.9353935122489929
YFL061W,YCR105W,0,-1.4288553,0.09069699794054031,0.9320679306983948,0.935493528842926
YDL003W,YIL137C,0,-1.4292654,0.09068818390369415,0.9320679306983948,0.9355935454368591
YMR220W,YHR197W,0,-1.4295712,0.09067936986684799,0.9320679306983948,0.9356935620307922
YOR380W,YOR156C,0,-1.4300511,0.09067055583000183,0.9320679306983948,0.9357935786247253
YOR101W,YPR169W,0,-1.4302379,0.09066174179315567,0.9320679306983948,0.9358935952186584
YLR193C,YMR225C,0,-1.4304943,0.0906529352068901,0.9320679306983948,0.9359936118125916
YMR242C,YNL216W,0,-1.430638,0.09064412862062454,0.9320679306983948,0.9360936284065247
YKL051W,YHR138C,1,-1.4308981,0.09073246270418167,0.9330669045448303,0.9360936284065247
YOR091W,YKL069W,0,-1.4326894,0.09072364866733551,0.9330669045448303,0.9361936450004578
YIL036W,YBL035C,0,-1.4328926,0.09071484208106995,0.9330669045448303,0.9362936019897461
YHR111W,YNL094W,0,-1.4331696,0.09070602804422379,0.9330669045448303,0.9363936185836792
YEL018W,YKL110C,0,-1.4337895,0.09069722145795822,0.9330669045448303,0.9364936351776123
YBR080C,YJL012C,1,-1.434012,0.09078551083803177,0.9340659379959106,0.9364936351776123
YAL040C,YBR109C,1,-1.434752,0.09087378531694412,0.9350649118423462,0.9364936351776123
YNL054W,YNL317W,0,-1.4353268,0.09086496382951736,0.9350649118423462,0.9365936517715454
YHR020W,YNL065W,0,-1.4358926,0.0908561423420906,0.9350649118423462,0.9366936683654785
YEL027W,YGR254W,1,-1.4364244,0.09094438701868057,0.9360639452934265,0.9366936683654785
YML081W,YLL021W,0,-1.4364326,0.09093555808067322,0.9360639452934265,0.9367936849594116
YJL094C,YPR105C,0,-1.4365516,0.09092673659324646,0.9360639452934265,0.9368937015533447
YGR030C,YJR050W,0,-1.4372104,0.0909179151058197,0.9360639452934265,0.9369937181472778
YCR045C,YIL037C,0,-1.4375223,0.09090909361839294,0.9360639452934265,0.9370937347412109
YNL048W,YOR271C,0,-1.4384255,0.09090027213096619,0.9360639452934265,0.9371936917304993
YPL234C,YBR162C,0,-1.4387381,0.09089145064353943,0.9360639452934265,0.9372937083244324
YDL031W,YDR179C,0,-1.438975,0.09088263660669327,0.9360639452934265,0.9373937249183655
YAL015C,YHL021C,0,-1.4390886,0.0908738225698471,0.9360639452934265,0.9374937415122986
YOR247W,YOR253W,0,-1.4391849,0.09086500853300095,0.9360639452934265,0.9375937581062317
YHR204W,YDR087C,0,-1.439649,0.09085620194673538,0.9360639452934265,0.9376937747001648
YHR197W,YMR195W,0,-1.439764,0.09084739536046982,0.9360639452934265,0.9377937912940979
YLR223C,YKR095W,0,-1.4401338,0.09083858132362366,0.9360639452934265,0.937893807888031
YDR148C,YHR139C,0,-1.4414628,0.09082978218793869,0.9360639452934265,0.9379938244819641
YNL142W,YLR263W,0,-1.4418803,0.09082097560167313,0.9360639452934265,0.9380937814712524
YPL138C,YHR157W,0,-1.442392,0.09081217646598816,0.9360639452934265,0.9381937980651855
YKR099W,YMR177W,0,-1.4431355,0.0908033698797226,0.9360639452934265,0.9382938146591187
YDR105C,YJR096W,0,-1.4433103,0.09079457074403763,0.9360639452934265,0.9383938312530518
YBR085W,YBR162C,0,-1.444005,0.09078577905893326,0.9360639452934265,0.9384938478469849
YPL137C,YGL195W,0,-1.444344,0.09077697992324829,0.9360639452934265,0.938593864440918
YGL095C,YHR138C,1,-1.444447,0.09086506068706512,0.9370629191398621,0.938593864440918
YKR077W,YOR086C,0,-1.4448943,0.09085625410079956,0.9370629191398621,0.9386938810348511
YPL130W,YPR007C,0,-1.4459652,0.0908474549651146,0.9370629191398621,0.9387938976287842
YGL139W,YLR175W,0,-1.4461074,0.09083866328001022,0.9370629191398621,0.9388939142227173
YDR212W,YIL075C,0,-1.4461188,0.09082986414432526,0.9370629191398621,0.9389938712120056
YHR142W,YPL097W,0,-1.4473729,0.09082107245922089,0.9370629191398621,0.9390938878059387
YKL110C,YOR195W,0,-1.4480121,0.09081227332353592,0.9370629191398621,0.9391939043998718
YHR120W,YKL029C,0,-1.4483472,0.09080348163843155,0.9370629191398621,0.9392939209938049
YBR130C,YDR045C,0,-1.4488572,0.09079469740390778,0.9370629191398621,0.939393937587738
YPL146C,YHR106W,0,-1.4491979,0.0907859057188034,0.9370629191398621,0.9394939541816711
YBL078C,YBR105C,1,-1.4496415,0.09087389707565308,0.9380619525909424,0.9394939541816711
YGL058W,YHR020W,0,-1.4503026,0.0908651053905487,0.9380619525909424,0.9395939707756042
YAL040C,YJL012C,1,-1.4504249,0.09095307439565659,0.9390609264373779,0.9395939707756042
YIL148W,YPL145C,0,-1.450742,0.09094427525997162,0.9390609264373779,0.9396939873695374
YBL038W,YNR037C,0,-1.4513808,0.09093547612428665,0.9390609264373779,0.9397940039634705
YDL124W,YOL096C,0,-1.4521534,0.09092667698860168,0.9390609264373779,0.9398939609527588
YFL025C,YGL016W,0,-1.4525626,0.09091788530349731,0.9390609264373779,0.9399939775466919
YIL022W,YDR300C,0,-1.45288,0.09090909361839294,0.9390609264373779,0.940093994140625
YLR239C,YLR382C,0,-1.4531384,0.09090030193328857,0.9390609264373779,0.9401940107345581
YKL048C,YDR108W,0,-1.4541669,0.0908915102481842,0.9390609264373779,0.9402940273284912
YPL176C,YHL035C,0,-1.4547824,0.09088272601366043,0.9390609264373779,0.9403940439224243
YKR085C,YPL010W,0,-1.4547849,0.09087393432855606,0.9390609264373779,0.9404940605163574
YEL048C,YER005W,0,-1.4549296,0.09086515009403229,0.9390609264373779,0.9405940771102905
YGR004W,YBR248C,0,-1.4551067,0.09085637331008911,0.9390609264373779,0.9406940937042236
YLL026W,YJR120W,0,-1.4554965,0.09084758907556534,0.9390609264373779,0.940794050693512
YBR078W,YIL009W,0,-1.4555588,0.09083881229162216,0.9390609264373779,0.9408940672874451
YOR272W,YPL178W,0,-1.4565548,0.09083003550767899,0.9390609264373779,0.9409940838813782
YMR220W,YOR065W,0,-1.4566381,0.09082125872373581,0.9390609264373779,0.9410941004753113
YHR205W,YGR099W,0,-1.4566437,0.09081248193979263,0.9390609264373779,0.9411941170692444
YGL096W,YHR194W,0,-1.456867,0.09080371260643005,0.9390609264373779,0.9412941336631775
YDR482C,YNL142W,0,-1.4579127,0.09079493582248688,0.9390609264373779,0.9413941502571106
YDR212W,YLR384C,0,-1.4580235,0.0907861664891243,0.9390609264373779,0.9414941668510437
YNL045W,YOL096C,0,-1.458821,0.09077740460634232,0.9390609264373779,0.9415941834449768
YLR223C,YAL019W,0,-1.4591354,0.09076863527297974,0.9390609264373779,0.9416941404342651
YOL011W,YOR136W,0,-1.459758,0.09075987339019775,0.9390609264373779,0.9417941570281982
YDR528W,YDL145C,0,-1.4599307,0.09075111150741577,0.9390609264373779,0.9418941736221313
YDR212W,YHR133C,0,-1.4600282,0.09074234962463379,0.9390609264373779,0.9419941902160645
YEL051W,YJL069C,0,-1.4602399,0.0907335877418518,0.9390609264373779,0.9420942068099976
YNL142W,YAL056W,0,-1.4606352,0.09072483330965042,0.9390609264373779,0.9421942234039307
YOL012C,YOR157C,0,-1.4612286,0.09071607887744904,0.9390609264373779,0.9422942399978638
YIL048W,YAL002W,1,-1.4616432,0.09080382436513901,0.9400599598884583,0.9422942399978638
YFL039C,YLR043C,1,-1.4617364,0.09089154750108719,0.9410589337348938,0.9422942399978638
YLR345W,YDR057W,0,-1.4620248,0.09088277816772461,0.9410589337348938,0.9423942565917969
YLR223C,YOL061W,0,-1.4620979,0.09087400883436203,0.9410589337348938,0.94249427318573
YJL012C,YER072W,1,-1.4624503,0.09096170216798782,0.9420579671859741,0.94249427318573
YLR313C,YPL233W,0,-1.4624991,0.09095293283462524,0.9420579671859741,0.9425942301750183
YCL068C,YDR135C,0,-1.4638722,0.09094416350126266,0.9420579671859741,0.9426942467689514
YPL105C,YCL054W,0,-1.465109,0.09093539416790009,0.9420579671859741,0.9427942633628845
YPL175W,YNL161W,0,-1.4671255,0.0909266248345375,0.9420579671859741,0.9428942799568176
YNL045W,YHR037W,0,-1.468326,0.09091785550117493,0.9420579671859741,0.9429942965507507
YPL169C,YBR189W,0,-1.4690051,0.09090909361839294,0.9420579671859741,0.9430943131446838
YBR153W,YLR451W,0,-1.4696814,0.09090032428503036,0.9420579671859741,0.9431943297386169
YNL023C,YDL123W,0,-1.4698815,0.09089156985282898,0.9420579671859741,0.94329434633255
YKL192C,YIL062C,0,-1.4707259,0.090882807970047,0.9420579671859741,0.9433943629264832
YDR189W,YLR328W,0,-1.4709685,0.09087404608726501,0.9420579671859741,0.9434943199157715
YMR055C,YPL135W,0,-1.472365,0.09086529165506363,0.9420579671859741,0.9435943365097046
YML001W,YBR109C,1,-1.4724455,0.09095288813114166,0.9430569410324097,0.9435943365097046
YJL110C,YEL048C,0,-1.4731996,0.09094412624835968,0.9430569410324097,0.9436943531036377
YDR397C,YIL018W,0,-1.4732943,0.0909353643655777,0.9430569410324097,0.9437943696975708
YMR001C,YBR191W,0,-1.4735996,0.09092660248279572,0.9430569410324097,0.9438943862915039
YHR149C,YDR303C,0,-1.4737277,0.09091784805059433,0.9430569410324097,0.943994402885437
YHR169W,YOL095C,0,-1.4741255,0.09090909361839294,0.9430569410324097,0.9440944194793701
YIL022W,YGR178C,0,-1.4743751,0.09090033918619156,0.9430569410324097,0.9441944360733032
YKL110C,YKL132C,0,-1.4744263,0.09089158475399017,0.9430569410324097,0.9442944526672363
YNL214W,YGR030C,0,-1.4757695,0.09088283777236938,0.9430569410324097,0.9443944096565247
YGR235C,YPL178W,0,-1.4766626,0.090874083340168,0.9430569410324097,0.9444944262504578
YFL039C,YJL178C,1,-1.4784557,0.09096159040927887,0.9440559148788452,0.9444944262504578
YDR399W,YOR195W,0,-1.4788345,0.09095283597707748,0.9440559148788452,0.9445944428443909
YJL012C,YBR015C,0,-1.4788501,0.0909440889954567,0.9440559148788452,0.944694459438324
YLR118C,YNL180C,0,-1.4788891,0.09093533456325531,0.9440559148788452,0.9447944760322571
YML092C,YMR158W,0,-1.4790442,0.09092658758163452,0.9440559148788452,0.9448944926261902
YEL032W,YOR079C,0,-1.4792876,0.09091784060001373,0.9440559148788452,0.9449945092201233
YDR204W,YKL051W,0,-1.4794408,0.09090909361839294,0.9440559148788452,0.9450945258140564
YGL198W,YDR135C,0,-1.4799773,0.09090034663677216,0.9440559148788452,0.9451945424079895
YKR027W,YMR220W,0,-1.4803731,0.09089159965515137,0.9440559148788452,0.9452945590019226
YPL140C,YML081W,0,-1.480517,0.09088286012411118,0.9440559148788452,0.9453945159912109
YPR175W,YNR053C,0,-1.4805548,0.09087412059307098,0.9440559148788452,0.945494532585144
YIL052C,YER072W,0,-1.4812288,0.09086538106203079,0.9440559148788452,0.9455945491790771
YLR377C,YIL154C,0,-1.481528,0.0908566489815712,0.9440559148788452,0.9456945657730103
YDR235W,YOR195W,0,-1.4816282,0.0908479169011116,0.9440559148788452,0.9457945823669434
YLR258W,YHR202W,0,-1.4828722,0.09083917737007141,0.9440559148788452,0.9458945989608765
YNL233W,YDR513W,0,-1.4828931,0.09083045274019241,0.9440559148788452,0.9459946155548096
YIL038C,YIL009W,0,-1.4831296,0.09082172065973282,0.9440559148788452,0.9460946321487427
YPL137C,YJL089W,0,-1.4832017,0.09081299602985382,0.9440559148788452,0.9461946487426758
YBL050W,YGR209C,1,-1.4840214,0.09090035408735275,0.9450549483299255,0.9461946487426758
YLR423C,YNR007C,1,-1.4840497,0.09098770469427109,0.9460539221763611,0.9461946487426758
YPL105C,YOR195W,0,-1.4842408,0.0909789577126503,0.9460539221763611,0.9462946057319641
YOR091W,YMR234W,0,-1.484567,0.09097021818161011,0.9460539221763611,0.9463946223258972
YPL105C,YOR253W,0,-1.484968,0.09096148610115051,0.9460539221763611,0.9464946389198303
YKL048C,YIR031C,0,-1.4853082,0.09095274657011032,0.9460539221763611,0.9465946555137634
YBR065C,YDR395W,0,-1.4859889,0.09094401448965073,0.9460539221763611,0.9466946721076965
YPL105C,YNR038W,0,-1.4865963,0.09093528240919113,0.9460539221763611,0.9467946887016296
YIL030C,YER040W,0,-1.486608,0.09092655032873154,0.9460539221763611,0.9468947052955627
YOR332W,YER072W,1,-1.4868114,0.0910138264298439,0.9470529556274414,0.9468947052955627
YCL029C,YDR021W,0,-1.487456,0.09100508689880371,0.9470529556274414,0.9469947218894958
YBR114W,YGL240W,0,-1.4876008,0.09099635481834412,0.9470529556274414,0.947094738483429
YDR126W,YBR105C,1,-1.4897728,0.0910835936665535,0.948051929473877,0.947094738483429
YHR039C-A,YLR043C,1,-1.4903262,0.09117082506418228,0.9490509629249573,0.947094738483429
YNL132W,YJR046W,0,-1.4903865,0.09116207808256149,0.9490509629249573,0.9471946954727173
YNL223W,YPR049C,1,-1.4907954,0.09124927967786789,0.9500499367713928,0.9471946954727173
YER062C,YKR077W,0,-1.4908733,0.0912405252456665,0.9500499367713928,0.9472947120666504
YNL247W,YJL197W,0,-1.491303,0.09123177081346512,0.9500499367713928,0.9473947286605835
YLR194C,YGL144C,0,-1.4916046,0.09122302383184433,0.9500499367713928,0.9474947452545166
YNL199C,YOR241W,0,-1.4939594,0.09121426939964294,0.9500499367713928,0.9475947618484497
YJL057C,YKL048C,0,-1.4950589,0.09120552241802216,0.9500499367713928,0.9476947784423828
YDR148C,YGL226W,0,-1.496016,0.09119677543640137,0.9500499367713928,0.9477947950363159
YKL191W,YLR223C,0,-1.4961029,0.09118803590536118,0.9500499367713928,0.947894811630249
YHR037W,YNL156C,0,-1.4963388,0.09117928892374039,0.9500499367713928,0.9479948282241821
YOR087W,YER056C,0,-1.4973487,0.0911705493927002,0.9500499367713928,0.9480947852134705
YPR169W,YGL198W,0,-1.4977378,0.09116180986166,0.9500499367713928,0.9481948018074036
YOR091W,YOR189W,0,-1.4980216,0.09115307033061981,0.9500499367713928,0.9482948184013367
YGR030C,YGR083C,0,-1.4998853,0.09114433825016022,0.9500499367713928,0.9483948349952698
YPR174C,YLR384C,0,-1.5011244,0.09113559871912003,0.9500499367713928,0.9484948515892029
YNL156C,YGL127C,0,-1.5013651,0.09112686663866043,0.9500499367713928,0.948594868183136
YDR234W,YDR257C,0,-1.5025401,0.09111813455820084,0.9500499367713928,0.9486948847770691
YLR215C,YMR153W,0,-1.5025415,0.09110940992832184,0.9500499367713928,0.9487949013710022
YGR253C,YKL114C,0,-1.5037853,0.09110067784786224,0.9500499367713928,0.9488949179649353
YMR055C,YJR049C,0,-1.5055358,0.09109195321798325,0.9500499367713928,0.9489948749542236
YGL189C,YMR215W,0,-1.5059183,0.09108322858810425,0.9500499367713928,0.9490948915481567
YGR283C,YLR451W,0,-1.5060712,0.09107450395822525,0.9500499367713928,0.9491949081420898
YML098W,YKL196C,0,-1.5066074,0.09106578677892685,0.9500499367713928,0.949294924736023
YDR178W,YBR091C,0,-1.5066459,0.09105706959962845,0.9500499367713928,0.949394941329956
YHR111W,YBR149W,0,-1.506748,0.09104834496974945,0.9500499367713928,0.9494949579238892
YLR167W,YOR359W,0,-1.5075892,0.09103963524103165,0.9500499367713928,0.9495949745178223
YOR383C,YPL193W,0,-1.5081881,0.09103091806173325,0.9500499367713928,0.9496949911117554
YLR352W,YHR014W,0,-1.5093582,0.09102220833301544,0.9500499367713928,0.9497950077056885
YDL134C,YBR149W,0,-1.5098289,0.09101349115371704,0.9500499367713928,0.9498949646949768
YGL139W,YER123W,0,-1.5105262,0.09100478142499924,0.9500499367713928,0.9499949812889099
YBR109C,YBL078C,1,-1.5109482,0.09109175950288773,0.9510489702224731,0.9499949812889099
YDR129C,YLR299W,0,-1.5114697,0.09108304977416992,0.9510489702224731,0.950094997882843
YNL015W,YNL079C,1,-1.5117173,0.09116999804973602,0.9520479440689087,0.950094997882843
YPL120W,YOR358W,0,-1.5127547,0.09116128087043762,0.9520479440689087,0.9501950144767761
YHR174W,YER072W,1,-1.513472,0.09124820679426193,0.953046977519989,0.9501950144767761
YER041W,YDR273W,0,-1.5142651,0.09123948216438293,0.953046977519989,0.9502950310707092
YEL001C,YHR170W,0,-1.514347,0.09123075753450394,0.953046977519989,0.9503950476646423
YOL032W,YFR040W,0,-1.5144949,0.09122203290462494,0.953046977519989,0.9504950642585754
YNL130C,YLR299W,0,-1.515021,0.09121330827474594,0.953046977519989,0.9505950808525085
YMR243C,YJR109C,0,-1.5156996,0.09120459109544754,0.953046977519989,0.9506950974464417
YMR230W,YHR149C,0,-1.5161144,0.09119587391614914,0.953046977519989,0.95079505443573
YPL137C,YKR027W,0,-1.5162175,0.09118715673685074,0.953046977519989,0.9508950710296631
YGL105W,YIL123W,0,-1.51686,0.09117843955755234,0.953046977519989,0.9509950876235962
YKL040C,YBL025W,0,-1.5174041,0.09116972237825394,0.953046977519989,0.9510951042175293
YOL121C,YLR056W,0,-1.517467,0.09116101264953613,0.953046977519989,0.9511951208114624
YGR235C,YMR286W,0,-1.5194352,0.09115230292081833,0.953046977519989,0.9512951374053955
YKL051W,YBL078C,1,-1.5204678,0.09123913198709488,0.9540459513664246,0.9512951374053955
YPL100W,YPR057W,0,-1.5213624,0.09123041480779648,0.9540459513664246,0.9513951539993286
YDL189W,YDR110W,0,-1.5235751,0.09122170507907867,0.9540459513664246,0.9514951705932617
YGR211W,YPL178W,0,-1.5235804,0.09121298789978027,0.9540459513664246,0.9515951871871948
YCR035C,YNL038W,0,-1.5240355,0.09120427817106247,0.9540459513664246,0.9516951441764832
YOR045W,YMR215W,0,-1.5242677,0.09119556844234467,0.9540459513664246,0.9517951607704163
YOR129C,YIL038C,0,-1.5260358,0.09118685871362686,0.9540459513664246,0.9518951773643494
YLR223C,YHR149C,0,-1.5268576,0.09117815643548965,0.9540459513664246,0.9519951939582825
YPR143W,YPL235W,0,-1.5270642,0.09116945415735245,0.9540459513664246,0.9520952105522156
YGR103W,YBR153W,0,-1.5273931,0.09116075187921524,0.9540459513664246,0.9521952271461487
YBR119W,YLR361C,0,-1.5277395,0.09115204960107803,0.9540459513664246,0.9522952437400818
YLR196W,YPR120C,0,-1.5282131,0.09114334732294083,0.9540459513664246,0.9523952603340149
YLR175W,YKR083C,0,-1.5283564,0.09113465249538422,0.9540459513664246,0.952495276927948
YOR363C,YPR155C,0,-1.5287526,0.0911259576678276,0.9540459513664246,0.9525952339172363
YEL027W,YHR174W,1,-1.5294546,0.0912126675248146,0.9550449848175049,0.9525952339172363
YDR023W,YML031W,0,-1.5300487,0.0912039652466774,0.9550449848175049,0.9526952505111694
YPR134W,YNL214W,0,-1.5302727,0.09119527041912079,0.9550449848175049,0.9527952671051025
YMR110C,YPR148C,0,-1.5307934,0.09118656814098358,0.9550449848175049,0.9528952836990356
YGL115W,YOR158W,0,-1.5322297,0.09117787331342697,0.9550449848175049,0.9529953002929688
YEL018W,YLR060W,0,-1.5324192,0.09116917848587036,0.9550449848175049,0.9530953168869019
YFR024C-A,YER178W,0,-1.5335829,0.09116048365831375,0.9550449848175049,0.953195333480835
YER062C,YOR032C,0,-1.5344462,0.09115178883075714,0.9550449848175049,0.9532953500747681
YPL115C,YOL029C,0,-1.5350602,0.09114310145378113,0.9550449848175049,0.9533953666687012
YLR442C,YPL036W,0,-1.5354129,0.09113441407680511,0.9550449848175049,0.9534953236579895
YDR287W,YHR194W,0,-1.5374653,0.0911257266998291,0.9550449848175049,0.9535953402519226
YGR204W,YLR190W,0,-1.537545,0.09111703932285309,0.9550449848175049,0.9536953568458557
YHL003C,YEL032W,0,-1.53933,0.09110835939645767,0.9550449848175049,0.9537953734397888
YER177W,YBL038W,0,-1.5393426,0.09109967947006226,0.9550449848175049,0.9538953900337219
YIL041W,YBL078C,1,-1.5393958,0.0911862775683403,0.9560439586639404,0.9538953900337219
YHR174W,YPL019C,1,-1.5396059,0.09127286821603775,0.957042932510376,0.9538953900337219
YJL059W,YJL089W,0,-1.5397798,0.09126417338848114,0.957042932510376,0.953995406627655
YDL098C,YPL254W,0,-1.539835,0.09125547856092453,0.957042932510376,0.9540954232215881
YDR513W,YDL123W,0,-1.5398512,0.09124678373336792,0.957042932510376,0.9541954398155212
YOR227W,YMR118C,0,-1.5410429,0.0912380963563919,0.957042932510376,0.9542954564094543
YGR078C,YBL008W,0,-1.541048,0.0912294089794159,0.957042932510376,0.9543954133987427
YJR041C,YMR001C,0,-1.5414665,0.09122072160243988,0.957042932510376,0.9544954299926758
YNL294C,YJL197W,0,-1.5417844,0.09121203422546387,0.957042932510376,0.9545954465866089
YNR007C,YLR093C,1,-1.5429789,0.09129855036735535,0.9580419659614563,0.9545954465866089
YML023C,YNR038W,0,-1.5437717,0.09128986299037933,0.9580419659614563,0.954695463180542
YKL141W,YHR080C,0,-1.5449455,0.09128117561340332,0.9580419659614563,0.9547954797744751
YKL062W,YGR097W,0,-1.5452129,0.09127248823642731,0.9580419659614563,0.9548954963684082
YIL030C,YNL161W,0,-1.547218,0.0912638008594513,0.9580419659614563,0.9549955129623413
YBL051C,YNR038W,0,-1.5472307,0.09125511348247528,0.9580419659614563,0.9550955295562744
YIL087C,YOL116W,0,-1.5480552,0.09124643355607986,0.9580419659614563,0.9551955461502075
YOR101W,YKL155C,0,-1.54886,0.09123775362968445,0.9580419659614563,0.9552955031394958
YGL243W,YNL164C,0,-1.5499563,0.09122907370328903,0.9580419659614563,0.955395519733429
YDR122W,YGL171W,0,-1.5512013,0.09122039377689362,0.9580419659614563,0.9554955363273621
YML081W,YOL029C,0,-1.5519395,0.0912117213010788,0.9580419659614563,0.9555955529212952
YMR243C,YPL210C,0,-1.5526708,0.09120304137468338,0.9580419659614563,0.9556955695152283
YDL072C,YDL018C,0,-1.554194,0.09119436889886856,0.9580419659614563,0.9557955861091614
YCR045C,YJL045W,0,-1.5550265,0.09118569642305374,0.9580419659614563,0.9558956027030945
YDL243C,YAL068C,0,-1.5556521,0.09117703139781952,0.9580419659614563,0.9559956192970276
YKL026C,YBR301W,0,-1.5561271,0.0911683589220047,0.9580419659614563,0.9560956358909607
YHR103W,YDR292C,0,-1.5569829,0.09115969389677048,0.9580419659614563,0.956195592880249
YMR243C,YBL035C,0,-1.557461,0.09115102887153625,0.9580419659614563,0.9562956094741821
YBR109C,YNL079C,1,-1.5579574,0.09123741090297699,0.9590409398078918,0.9562956094741821
YGL180W,YDR126W,1,-1.5585657,0.09132377058267593,0.9600399732589722,0.9562956094741821
YKL006W,YPL235W,0,-1.5608009,0.09131509065628052,0.9600399732589722,0.9563956260681152
YOR090C,YGR138C,0,-1.5609088,0.0913064107298851,0.9600399732589722,0.9564956426620483
YLR363C,YGL078C,0,-1.5616039,0.09129773825407028,0.9600399732589722,0.9565956592559814
YGL070C,YJL069C,0,-1.5616386,0.09128906577825546,0.9600399732589722,0.9566956758499146
YGL243W,YBR254C,0,-1.561713,0.09128039330244064,0.9600399732589722,0.9567956924438477
YKL029C,YFR030W,0,-1.5617673,0.09127172827720642,0.9600399732589722,0.9568957090377808
YER044C-A,YLR367W,0,-1.5633662,0.0912630558013916,0.9600399732589722,0.9569957256317139
YGR024C,YLR175W,0,-1.5635583,0.09125439077615738,0.9600399732589722,0.9570956826210022
YGR161C,YER129W,0,-1.5642953,0.09124572575092316,0.9600399732589722,0.9571956992149353
YNL023C,YOR260W,0,-1.5643842,0.09123706817626953,0.9600399732589722,0.9572957158088684
YJL098W,YOR195W,0,-1.5648477,0.09122840315103531,0.9600399732589722,0.9573957324028015
YNL031C,YBR162C,0,-1.5658216,0.09121974557638168,0.9600399732589722,0.9574957489967346
YJL089W,YDR284C,0,-1.5669581,0.09121108800172806,0.9600399732589722,0.9575957655906677
YOR157C,YKL114C,0,-1.5674134,0.09120243042707443,0.9600399732589722,0.9576957821846008
YGL243W,YOR001W,0,-1.5675774,0.0911937728524208,0.9600399732589722,0.9577957987785339
YGL028C,YPR106W,0,-1.568371,0.09118512272834778,0.9600399732589722,0.957895815372467
YJL054W,YIL022W,0,-1.5696304,0.09117647260427475,0.9600399732589722,0.9579957723617554
YPL105C,YGR208W,0,-1.5712513,0.09116782248020172,0.9600399732589722,0.9580957889556885
YOR026W,YOR195W,0,-1.5715342,0.09115917235612869,0.9600399732589722,0.9581958055496216
YLR426W,YOR254C,0,-1.5725238,0.09115052968263626,0.9600399732589722,0.9582958221435547
YHR197W,YHR118C,0,-1.5727196,0.09114187955856323,0.9600399732589722,0.9583958387374878
YDR422C,YKR064W,0,-1.5731885,0.0911332368850708,0.9600399732589722,0.9584958553314209
YLR277C,YHR088W,0,-1.5732758,0.09112459421157837,0.9600399732589722,0.958595871925354
YDR212W,YOR253W,0,-1.5745697,0.09111595898866653,0.9600399732589722,0.9586958885192871
YJL186W,YNL132W,0,-1.5748463,0.0911073163151741,0.9600399732589722,0.9587959051132202
YKL054C,YLR067C,0,-1.5761459,0.09109868109226227,0.9600399732589722,0.9588958621025085
YLR007W,YLR323C,0,-1.5762457,0.09109004586935043,0.9600399732589722,0.9589958786964417
YGL104C,YGL087C,0,-1.5786024,0.0910814106464386,0.9600399732589722,0.9590958952903748
YBR130C,YHR148W,0,-1.5787859,0.09107278287410736,0.9600399732589722,0.9591959118843079
YOR065W,YLR299W,0,-1.5790807,0.09106415510177612,0.9600399732589722,0.959295928478241
YIL107C,YJL089W,0,-1.579712,0.09105552732944489,0.9600399732589722,0.9593959450721741
YLR007W,YPL233W,0,-1.580775,0.09104689955711365,0.9600399732589722,0.9594959616661072
YOL061W,YDR303C,0,-1.5808933,0.09103827178478241,0.9600399732589722,0.9595959782600403
YPL203W,YMR072W,0,-1.582069,0.09102965146303177,0.9600399732589722,0.9596959948539734
YKR099W,YKL114C,0,-1.5826247,0.09102102369070053,0.9600399732589722,0.9597959518432617
YOR334W,YGL070C,0,-1.5827863,0.09101240336894989,0.9600399732589722,0.9598959684371948
YDL189W,YGL171W,0,-1.5834117,0.09100379049777985,0.9600399732589722,0.9599959850311279
YHR006W,YMR040W,0,-1.583899,0.0909951701760292,0.9600399732589722,0.960096001625061
YMR230W,YPL254W,0,-1.5841165,0.09098655730485916,0.9600399732589722,0.9601960182189941
YNR007C,YNL054W,1,-1.5847172,0.09107261151075363,0.9610389471054077,0.9601960182189941
YLL018C,YDR188W,0,-1.5848395,0.09106399118900299,0.9610389471054077,0.9602960348129272
YNR038W,YIL009W,0,-1.5850606,0.09105537086725235,0.9610389471054077,0.9603960514068604
YML081W,YDL123W,0,-1.5852675,0.09104675054550171,0.9610389471054077,0.9604960680007935
YML127W,YDR284C,0,-1.5855954,0.09103813767433167,0.9610389471054077,0.9605960845947266
YDR464W,YDR045C,0,-1.5861456,0.09102952480316162,0.9610389471054077,0.9606960415840149
YNL056W,YPR131C,0,-1.5873704,0.09102091193199158,0.9610389471054077,0.960796058177948
YIL098C,YBR003W,0,-1.5875473,0.09101229906082153,0.9610389471054077,0.9608960747718811
YJR042W,YPR169W,0,-1.5882776,0.09100368618965149,0.9610389471054077,0.9609960913658142
YPL001W,YGR208W,0,-1.5892832,0.09099508076906204,0.9610389471054077,0.9610961079597473
YBL008W,YBL025W,0,-1.5899572,0.0909864753484726,0.9610389471054077,0.9611961245536804
YDL230W,YAL030W,0,-1.5900915,0.09097786992788315,0.9610389471054077,0.9612961411476135
YOR091W,YGL243W,0,-1.590312,0.0909692645072937,0.9610389471054077,0.9613961577415466
YGR103W,YHR154W,0,-1.5908735,0.09096066653728485,0.9610389471054077,0.9614961743354797
YKR079C,YPL198W,0,-1.592245,0.090952068567276,0.9610389471054077,0.9615961313247681
YDL093W,YOR086C,0,-1.5927994,0.09094347059726715,0.9610389471054077,0.9616961479187012
YOR380W,YMR262W,0,-1.5931462,0.0909348726272583,0.9610389471054077,0.9617961645126343
YDR100W,YCL035C,0,-1.5932186,0.09092627465724945,0.9610389471054077,0.9618961811065674
YGR004W,YCL054W,0,-1.5935218,0.0909176841378212,0.9610389471054077,0.9619961977005005
YEL048C,YJR046W,0,-1.593612,0.09090909361839294,0.9610389471054077,0.9620962142944336
YKL138C,YKL058W,0,-1.5943289,0.09090050309896469,0.9610389471054077,0.9621962308883667
YEL005C,YJR096W,0,-1.5944961,0.09089191257953644,0.9610389471054077,0.9622962474822998
YJR048W,YLR382C,0,-1.595696,0.09088332206010818,0.9610389471054077,0.9623962640762329
YJL183W,YLR292C,0,-1.5960603,0.09087473899126053,0.9610389471054077,0.9624962210655212
YGR161C,YIL009W,0,-1.596894,0.09086615592241287,0.9610389471054077,0.9625962376594543
YGL195W,YIR031C,0,-1.5975415,0.09085757285356522,0.9610389471054077,0.9626962542533875
YKR095W,YGR094W,0,-1.597759,0.09084899723529816,0.9610389471054077,0.9627962708473206
YDR441C,YBL072C,0,-1.5983582,0.0908404141664505,0.9610389471054077,0.9628962874412537
YKL062W,YLR019W,0,-1.5988779,0.09083183854818344,0.9610389471054077,0.9629963040351868
YGR254W,YLR043C,1,-1.6005061,0.0909176766872406,0.962037980556488,0.9629963040351868
YOR078W,YNL216W,0,-1.6007204,0.09090909361839294,0.962037980556488,0.9630963206291199
YJL173C,YKL196C,0,-1.6023638,0.09090051054954529,0.962037980556488,0.963196337223053
YGR202C,YDL117W,0,-1.6027615,0.09089192748069763,0.962037980556488,0.9632963538169861
YER142C,YMR110C,0,-1.603353,0.09088335186243057,0.962037980556488,0.9633963108062744
YNL326C,YJL178C,1,-1.6038806,0.09096914529800415,0.9630369544029236,0.9633963108062744
YLR200W,YMR177W,0,-1.6040671,0.0909605622291565,0.9630369544029236,0.9634963274002075
YNL221C,YCL054W,0,-1.6054628,0.09095197916030884,0.9630369544029236,0.9635963439941406
YNR059W,YNL066W,0,-1.606796,0.09094339609146118,0.9630369544029236,0.9636963605880737
YBR254C,YNL066W,0,-1.6076994,0.09093482047319412,0.9630369544029236,0.9637963771820068
YGR097W,YFR030W,0,-1.609301,0.09092623740434647,0.9630369544029236,0.9638963937759399
YPL019C,YJL012C,1,-1.6093802,0.09101197868585587,0.9640359878540039,0.9638963937759399
YBR069C,YDR045C,0,-1.6095583,0.09100339561700821,0.9640359878540039,0.963996410369873
YOR018W,YLR258W,0,-1.6099966,0.09099481254816055,0.9640359878540039,0.9640964269638062
YDR309C,YHL011C,0,-1.6102948,0.0909862369298935,0.9640359878540039,0.9641964435577393
YOR103C,YIR026C,0,-1.612238,0.09097765386104584,0.9640359878540039,0.9642964005470276
YLR075W,YNL111C,0,-1.6139369,0.09096907824277878,0.9640359878540039,0.9643964171409607
YDR217C,YDR303C,0,-1.614044,0.09096050262451172,0.9640359878540039,0.9644964337348938
YOR250C,YMR040W,0,-1.6143205,0.09095193445682526,0.9640359878540039,0.9645964503288269
YNL286W,YGR129W,0,-1.6145027,0.0909433588385582,0.9640359878540039,0.96469646692276
YLR333C,YNL024C,0,-1.6145582,0.09093479067087173,0.9640359878540039,0.9647964835166931
YLR193C,YBR218C,0,-1.6147146,0.09092622250318527,0.9640359878540039,0.9648965001106262
YLR284C,YKR072C,0,-1.6156644,0.09091765433549881,0.9640359878540039,0.9649965167045593
YOR236W,YPL207W,0,-1.6174216,0.09090909361839294,0.9640359878540039,0.9650965332984924
YBL078C,YLR093C,1,-1.6174375,0.09099472314119339,0.9650349617004395,0.9650965332984924
YLR223C,YDR045C,0,-1.6177678,0.09098615497350693,0.9650349617004395,0.9651964902877808
YDR516C,YOR358W,0,-1.6178126,0.09097758680582047,0.9650349617004395,0.9652965068817139
YHR138C,YBL050W,1,-1.6189542,0.09106318652629852,0.9660339951515198,0.9652965068817139
YKL141W,YDR284C,0,-1.6196051,0.09105461090803146,0.9660339951515198,0.965396523475647
YDL072C,YOR157C,0,-1.6212387,0.091046042740345,0.9660339951515198,0.9654965400695801
YKL045W,YDR204W,0,-1.6221552,0.09103746712207794,0.9660339951515198,0.9655965566635132
YLR258W,YBR003W,0,-1.6230466,0.09102889895439148,0.9660339951515198,0.9656965732574463
YIL036W,YLR248W,0,-1.6248074,0.09102033078670502,0.9660339951515198,0.9657965898513794
YDR367W,YKL060C,0,-1.6256042,0.09101176261901855,0.9660339951515198,0.9658966064453125
YMR118C,YER015W,0,-1.6263427,0.09100320190191269,0.9660339951515198,0.9659966230392456
YJR132W,YBL087C,0,-1.626436,0.09099463373422623,0.9660339951515198,0.9660965800285339
YMR318C,YLR060W,0,-1.6308184,0.09098607301712036,0.9660339951515198,0.966196596622467
YLR413W,YDR395W,0,-1.6323724,0.0909775123000145,0.9660339951515198,0.9662966132164001
YML059C,YOR129C,0,-1.6329443,0.09096895903348923,0.9660339951515198,0.9663966298103333
YIL007C,YKL149C,0,-1.6334178,0.09096039831638336,0.9660339951515198,0.9664966464042664
YLL026W,YBR212W,0,-1.633522,0.0909518450498581,0.9660339951515198,0.9665966629981995
YBR085W,YOR032C,0,-1.6345387,0.09094329178333282,0.9660339951515198,0.9666966795921326
YLR131C,YMR001C,0,-1.635992,0.09093473851680756,0.9660339951515198,0.9667966961860657
YGL028C,YIL009W,0,-1.6372015,0.09092618525028229,0.9660339951515198,0.9668967127799988
YNL062C,YHR133C,0,-1.637232,0.09091763943433762,0.9660339951515198,0.9669967293739319
YOR332W,YNL079C,1,-1.6380839,0.09100310504436493,0.9670329689979553,0.9669967293739319
YBL035C,YML081W,0,-1.6406596,0.09099454432725906,0.9670329689979553,0.9670966863632202
YPR106W,YKL132C,0,-1.640771,0.09098599851131439,0.9670329689979553,0.9671967029571533
YLR258W,YML081W,0,-1.6416891,0.09097744524478912,0.9670329689979553,0.9672967195510864
YKR064W,YJL069C,0,-1.6420994,0.09096889197826385,0.9670329689979553,0.9673967361450195
YOR101W,YLR143W,0,-1.6427546,0.09096034616231918,0.9670329689979553,0.9674967527389526
YPR055W,YDR395W,0,-1.6440568,0.09095180034637451,0.9670329689979553,0.9675967693328857
YHR148W,YKL080W,0,-1.6444042,0.09094325453042984,0.9670329689979553,0.9676967859268188
YKL040C,YPL010W,0,-1.6445336,0.09093470871448517,0.9670329689979553,0.967796802520752
YDR287W,YCL035C,0,-1.6459298,0.0909261703491211,0.9670329689979553,0.9678968191146851
YMR262W,YDR517W,0,-1.6466678,0.09091763198375702,0.9670329689979553,0.9679967761039734
YPR110C,YLL014W,0,-1.6467934,0.09090909361839294,0.9670329689979553,0.9680967926979065
YGL070C,YPL239W,0,-1.6473889,0.09090055525302887,0.9670329689979553,0.9681968092918396
YMR053C,YHL021C,0,-1.6474833,0.0908920168876648,0.9670329689979553,0.9682968258857727
YNR007C,YDR126W,1,-1.6482,0.09097737073898315,0.9680319428443909,0.9682968258857727
YPL215W,YPL013C,0,-1.6485093,0.09096883237361908,0.9680319428443909,0.9683968424797058
YHR138C,YLR093C,1,-1.6509402,0.09105416387319565,0.9690309762954712,0.9683968424797058
YIL154C,YOR079C,0,-1.6521912,0.09104561805725098,0.9690309762954712,0.9684968590736389
YFL039C,YOR332W,1,-1.6522104,0.09113092720508575,0.9700299501419067,0.9684968590736389
YPL138C,YPL120W,0,-1.6538327,0.09112237393856049,0.9700299501419067,0.968596875667572
YLL031C,YOR048C,0,-1.6545839,0.09111382067203522,0.9700299501419067,0.9686968922615051
YGR266W,YDR244W,0,-1.6564885,0.09110527485609055,0.9700299501419067,0.9687969088554382
YOL020W,YDR190C,0,-1.6571891,0.09109672904014587,0.9700299501419067,0.9688968658447266
YCR031C,YNR038W,0,-1.6573427,0.0910881832242012,0.9700299501419067,0.9689968824386597
YPL176C,YLR001C,0,-1.6585186,0.09107963740825653,0.9700299501419067,0.9690968990325928
YPL198W,YDR021W,0,-1.6587985,0.09107109159231186,0.9700299501419067,0.9691969156265259
YJR132W,YDR021W,0,-1.6588475,0.09106255322694778,0.9700299501419067,0.969296932220459
YKL026C,YMR053C,0,-1.6600549,0.09105401486158371,0.9700299501419067,0.9693969488143921
YNL242W,YNR007C,1,-1.6602843,0.09113924205303192,0.9710289835929871,0.9693969488143921
YHR194W,YDL046W,0,-1.6637388,0.09113069623708725,0.9710289835929871,0.9694969654083252
YHR001W-A,YMR195W,0,-1.6658018,0.09112215042114258,0.9710289835929871,0.9695969820022583
YHR033W,YNL173C,0,-1.6675622,0.0911136120557785,0.9710289835929871,0.9696969985961914
YOR078W,YEL051W,0,-1.6677238,0.09110507369041443,0.9710289835929871,0.9697969555854797
YPR143W,YPR175W,0,-1.6677473,0.09109653532505035,0.9710289835929871,0.9698969721794128
YIL064W,YJL183W,0,-1.6679977,0.09108799695968628,0.9710289835929871,0.969996988773346
YMR243C,YPL239W,0,-1.66876,0.0910794585943222,0.9710289835929871,0.970097005367279
YDR528W,YDR261C,0,-1.6701154,0.09107092767953873,0.9710289835929871,0.9701970219612122
YLL066C,YGR094W,0,-1.670123,0.09106239676475525,0.9710289835929871,0.9702970385551453
YOR253W,YDL031W,0,-1.6716747,0.09105386584997177,0.9710289835929871,0.9703970551490784
YOR236W,YNL065W,0,-1.6721959,0.0910453349351883,0.9710289835929871,0.9704970717430115
YGR170W,YGR122W,0,-1.6740742,0.09103681147098541,0.9710289835929871,0.9705970883369446
YPL171C,YMR261C,0,-1.6750051,0.09102828055620193,0.9710289835929871,0.9706970453262329
YPL140C,YPL100W,0,-1.6755023,0.09101975709199905,0.9710289835929871,0.970797061920166
YMR081C,YBR295W,0,-1.6758108,0.09101123362779617,0.9710289835929871,0.9708970785140991
YML011C,YGL085W,0,-1.6788244,0.09100271761417389,0.9710289835929871,0.9709970951080322
YPL207W,YGR208W,0,-1.6805415,0.09099419414997101,0.9710289835929871,0.9710971117019653
YKR064W,YJR046W,0,-1.6805452,0.09098567813634872,0.9710289835929871,0.9711971282958984
YCL044C,YPL179W,0,-1.6805639,0.09097716212272644,0.9710289835929871,0.9712971448898315
YGR078C,YNL123W,0,-1.681598,0.09096864610910416,0.9710289835929871,0.9713971614837646
YMR322C,YGR142W,0,-1.6828725,0.09096013754606247,0.9710289835929871,0.9714971780776978
YKR064W,YMR055C,0,-1.6841314,0.09095162153244019,0.9710289835929871,0.9715971350669861
YMR105C,YOR132W,0,-1.6855842,0.0909431129693985,0.9710289835929871,0.9716971516609192
YLR058C,YOR078W,0,-1.6868671,0.09093460440635681,0.9710289835929871,0.9717971682548523
YPL045W,YNL054W,1,-1.6870632,0.0910196453332901,0.9720279574394226,0.9717971682548523
YGL246C,YOR252W,0,-1.6877861,0.09101112931966782,0.9720279574394226,0.9718971848487854
YMR110C,YMR035W,0,-1.6880329,0.09100262075662613,0.9720279574394226,0.9719972014427185
YGR138C,YLR299W,0,-1.689122,0.09099410474300385,0.9720279574394226,0.9720972180366516
YHR204W,YOL144W,0,-1.6898715,0.09098559617996216,0.9720279574394226,0.9721972346305847
YNL180C,YNL063W,0,-1.6901741,0.09097709506750107,0.9720279574394226,0.9722972512245178
YDR002W,YKL080W,0,-1.6904265,0.09096858650445938,0.9720279574394226,0.9723972678184509
YHR039C-A,YNL079C,1,-1.6918515,0.0910535678267479,0.9730269908905029,0.9723972678184509
YOL084W,YDR276C,0,-1.6928809,0.09104505181312561,0.9730269908905029,0.9724972248077393
YLR043C,YJL178C,1,-1.6931374,0.09113001078367233,0.9740259647369385,0.9724972248077393
YOR262W,YML096W,0,-1.6939783,0.09112149477005005,0.9740259647369385,0.9725972414016724
YPR188C,YPL010W,0,-1.6941117,0.09111297875642776,0.9740259647369385,0.9726972579956055
YGL006W,YHR001W-A,0,-1.6974063,0.09110446274280548,0.9740259647369385,0.9727972745895386
YML021C,YPR143W,0,-1.7011425,0.0910959541797638,0.9740259647369385,0.9728972911834717
YKL080W,YLR150W,0,-1.7019329,0.0910874456167221,0.9740259647369385,0.9729973077774048
YLR451W,YGL093W,0,-1.7036436,0.09107893705368042,0.9740259647369385,0.9730973243713379
YDL189W,YHR148W,0,-1.7041745,0.09107042849063873,0.9740259647369385,0.973197340965271
YPL215W,YHR110W,0,-1.7044566,0.09106191992759705,0.9740259647369385,0.9732973575592041
YLL014W,YIR026C,0,-1.7048514,0.09105341881513596,0.9740259647369385,0.9733973145484924
YNR024W,YNL247W,0,-1.7071599,0.09104491770267487,0.9740259647369385,0.9734973311424255
YBL038W,YKL058W,0,-1.7077045,0.09103641659021378,0.9740259647369385,0.9735973477363586
YOR091W,YHR120W,0,-1.7079005,0.09102791547775269,0.9740259647369385,0.9736973643302917
YNL223W,YBL078C,1,-1.7102444,0.09111277014017105,0.9750249981880188,0.9736973643302917
YIL053W,YMR131C,0,-1.710771,0.09110426902770996,0.9750249981880188,0.9737973809242249
YDR025W,YDR365C,0,-1.7130115,0.09109576046466827,0.9750249981880188,0.973897397518158
YEL027W,YBR109C,1,-1.7139642,0.09118058532476425,0.9760239720344543,0.973897397518158
YLL021W,YOL051W,0,-1.7140468,0.09117207676172256,0.9760239720344543,0.9739974141120911
YDL072C,YGL087C,0,-1.7162296,0.09116356819868088,0.9760239720344543,0.9740974307060242
YNL167C,YNL317W,0,-1.7172587,0.09115506708621979,0.9760239720344543,0.9741974472999573
YKL033W,YIL130W,0,-1.7178106,0.0911465585231781,0.9760239720344543,0.9742974042892456
YKR079C,YLR061W,0,-1.7196378,0.09113805741071701,0.9760239720344543,0.9743974208831787
YLR258W,YLR248W,0,-1.71964,0.09112955629825592,0.9760239720344543,0.9744974374771118
YGR211W,YOR341W,0,-1.7205894,0.09112106263637543,0.9760239720344543,0.9745974540710449
YGL064C,YJL208C,0,-1.7209139,0.09111256152391434,0.9760239720344543,0.974697470664978
YBR101C,YPL140C,0,-1.7213948,0.09110406786203384,0.9760239720344543,0.9747974872589111
YLR277C,YMR001C,0,-1.7247312,0.09109557420015335,0.9760239720344543,0.9748975038528442
YHR204W,YKL033W,0,-1.7249177,0.09108708053827286,0.9760239720344543,0.9749975204467773
YOR241W,YPR057W,0,-1.7260659,0.09107858687639236,0.9760239720344543,0.9750975370407104
YNL062C,YMR242C,0,-1.7278612,0.09107010066509247,0.9760239720344543,0.9751974940299988
YGL243W,YGR245C,0,-1.730464,0.09106160700321198,0.9760239720344543,0.9752975106239319
YLR131C,YJL197W,0,-1.7323028,0.09105312079191208,0.9760239720344543,0.975397527217865
YOL144W,YOR079C,0,-1.7333939,0.09104463458061218,0.9760239720344543,0.9754975438117981
YBR029C,YKL081W,0,-1.73688,0.09103615581989288,0.9760239720344543,0.9755975604057312
YOL076W,YDR407C,0,-1.737047,0.09102766960859299,0.9760239720344543,0.9756975769996643
YGL246C,YLR143W,0,-1.741087,0.09101919084787369,0.9760239720344543,0.9757975935935974
YOR252W,YMR230W,0,-1.7424791,0.09101071208715439,0.9760239720344543,0.9758976101875305
YHR149C,YKL099C,0,-1.7425238,0.09100223332643509,0.9760239720344543,0.9759976267814636
YCR021C,YBR149W,0,-1.742615,0.09099376201629639,0.9760239720344543,0.976097583770752
YOR273C,YKL039W,0,-1.7449403,0.09098528325557709,0.9760239720344543,0.9761976003646851
YJL057C,YMR081C,0,-1.7449889,0.09097681194543839,0.9760239720344543,0.9762976169586182
YOR091W,YPL193W,0,-1.7474018,0.09096834063529968,0.9760239720344543,0.9763976335525513
YDL081C,YDL135C,0,-1.7494519,0.09095987677574158,0.9760239720344543,0.9764976501464844
YKL026C,YHR006W,0,-1.7496392,0.09095140546560287,0.9760239720344543,0.9765976667404175
YER149C,YLR409C,0,-1.7510002,0.09094294160604477,0.9760239720344543,0.9766976833343506
YKL087C,YPL097W,0,-1.751708,0.09093447774648666,0.9760239720344543,0.9767976999282837
YOR091W,YHR154W,0,-1.7522247,0.09092601388692856,0.9760239720344543,0.9768977165222168
YDR110W,YHR020W,0,-1.7524421,0.09091755002737045,0.9760239720344543,0.9769976735115051
YML031W,YGL078C,0,-1.7540586,0.09090909361839294,0.9760239720344543,0.9770976901054382
YJL094C,YNL094W,0,-1.7561179,0.09090062975883484,0.9760239720344543,0.9771977066993713
YPR161C,YNL221C,0,-1.7572114,0.09089217334985733,0.9760239720344543,0.9772977232933044
YOR078W,YPL178W,0,-1.760128,0.09088372439146042,0.9760239720344543,0.9773977398872375
YML021C,YKL099C,0,-1.7622056,0.09087526798248291,0.9760239720344543,0.9774977564811707
YDR276C,YFR053C,0,-1.7622548,0.090866819024086,0.9760239720344543,0.9775977730751038
YCR036W,YNL156C,0,-1.7640065,0.09085836261510849,0.9760239720344543,0.9776977896690369
YER056C,YLR367W,0,-1.7671344,0.09084991365671158,0.9760239720344543,0.97779780626297
YBL087C,YEL051W,0,-1.7682716,0.09084147214889526,0.9760239720344543,0.9778977632522583
YIL118W,YHR020W,0,-1.7702589,0.09083302319049835,0.9760239720344543,0.9779977798461914
YER056C,YDR280W,0,-1.7713541,0.09082458168268204,0.9760239720344543,0.9780977964401245
YBR248C,YGL111W,0,-1.7740858,0.09081614017486572,0.9760239720344543,0.9781978130340576
YBL035C,YGR245C,0,-1.774507,0.09080769866704941,0.9760239720344543,0.9782978296279907
YDR148C,YLR345W,0,-1.7753531,0.0907992571592331,0.9760239720344543,0.9783978462219238
YHR202W,YHR037W,0,-1.7791138,0.09079081565141678,0.9760239720344543,0.9784978628158569
YIL037C,YHR157W,0,-1.7848463,0.09078238159418106,0.9760239720344543,0.97859787940979
YML021C,YLR196W,0,-1.7869158,0.09077394753694534,0.9760239720344543,0.9786978960037231
YBR189W,YAL007C,0,-1.787545,0.09076551347970963,0.9760239720344543,0.9787978529930115
YHR111W,YJR096W,0,-1.7883991,0.09075707942247391,0.9760239720344543,0.9788978695869446
YNL173C,YPL006W,0,-1.7903271,0.09074865281581879,0.9760239720344543,0.9789978861808777
YMR322C,YBR212W,0,-1.7911315,0.09074022620916367,0.9760239720344543,0.9790979027748108
YHR020W,YHR193C,0,-1.7939649,0.09073179960250854,0.9760239720344543,0.9791979193687439
YHR088W,YGL058W,0,-1.7977931,0.09072337299585342,0.9760239720344543,0.979297935962677
YLR442C,YOR086C,0,-1.8034861,0.0907149463891983,0.9760239720344543,0.9793979525566101
YJR123W,YMR091C,0,-1.8056979,0.09070652723312378,0.9760239720344543,0.9794979691505432
YOR241W,YMR001C,0,-1.8070796,0.09069810807704926,0.9760239720344543,0.9795979857444763
YHR113W,YOL032W,0,-1.8114499,0.09068968892097473,0.9760239720344543,0.9796979427337646
YIL096C,YGR161C,0,-1.8132668,0.09068126976490021,0.9760239720344543,0.9797979593276978
YOR049C,YDL091C,0,-1.8156545,0.09067285060882568,0.9760239720344543,0.9798979759216309
YPL043W,YGL195W,0,-1.8183959,0.09066443890333176,0.9760239720344543,0.979997992515564
YKR089C,YNL251C,0,-1.8212464,0.09065602719783783,0.9760239720344543,0.9800980091094971
YHR113W,YMR110C,0,-1.8220836,0.0906476154923439,0.9760239720344543,0.9801980257034302
YJL012C,YML096W,0,-1.822798,0.09063920378684998,0.9760239720344543,0.9802980422973633
YGL076C,YBR268W,0,-1.823805,0.09063079953193665,0.9760239720344543,0.9803980588912964
YDR091C,YGL238W,0,-1.8254853,0.09062238782644272,0.9760239720344543,0.9804980754852295
YMR081C,YCR021C,0,-1.8261601,0.09061398357152939,0.9760239720344543,0.9805980324745178
YDR361C,YPL235W,0,-1.829048,0.09060557931661606,0.9760239720344543,0.9806980490684509
YBR078W,YLR044C,0,-1.829237,0.09059718251228333,0.9760239720344543,0.980798065662384
YIL009W,YOR271C,0,-1.8298016,0.09058877825737,0.9760239720344543,0.9808980822563171
YLR396C,YAL002W,1,-1.8305199,0.09067309647798538,0.9770230054855347,0.9808980822563171
YIL118W,YIL008W,0,-1.8319498,0.09066469222307205,0.9770230054855347,0.9809980988502502
YKL029C,YGR245C,0,-1.8328623,0.09065628796815872,0.9770230054855347,0.9810981154441833
YHR174W,YFL039C,1,-1.8378173,0.09074056893587112,0.9780219793319702,0.9810981154441833
YDR165W,YHR193C,0,-1.8425833,0.0907321572303772,0.9780219793319702,0.9811981320381165
YGR211W,YKL081W,0,-1.8471639,0.09072375297546387,0.9780219793319702,0.9812981486320496
YBR078W,YOL012C,0,-1.8512429,0.09071534126996994,0.9780219793319702,0.9813981652259827
YJL183W,YEL048C,0,-1.8521521,0.09070693701505661,0.9780219793319702,0.981498122215271
YPR154W,YBR295W,0,-1.8523068,0.09069853276014328,0.9780219793319702,0.9815981388092041
YPL203W,YFR014C,0,-1.8558689,0.09069013595581055,0.9780219793319702,0.9816981554031372
YHR039C-A,YML001W,1,-1.857689,0.09077435731887817,0.9790209531784058,0.9816981554031372
YAL019W,YPL043W,0,-1.8588984,0.09076595306396484,0.9790209531784058,0.9817981719970703
YKL134C,YLR288C,0,-1.8591683,0.09075754880905151,0.9790209531784058,0.9818981885910034
YNL242W,YHR138C,1,-1.8599448,0.09084174782037735,0.9800199866294861,0.9818981885910034
YBL050W,YBR109C,1,-1.8612391,0.0909259244799614,0.9810189604759216,0.9818981885910034
YGR209C,YBL078C,1,-1.8663588,0.09101009368896484,0.982017993927002,0.9818981885910034
YLR058C,YDR234W,0,-1.8709377,0.09100166708230972,0.982017993927002,0.9819982051849365
YOL076W,YPL254W,0,-1.8717697,0.0909932404756546,0.982017993927002,0.9820982217788696
YGR254W,YPL019C,1,-1.8724791,0.09107737988233566,0.9830169677734375,0.9820982217788696
YLR167W,YJL069C,0,-1.8751721,0.09106895327568054,0.9830169677734375,0.9821982383728027
YDR471W,YOR359W,0,-1.8768778,0.09106051921844482,0.9830169677734375,0.9822982549667358
YPR143W,YIL053W,0,-1.8774388,0.0910520926117897,0.9830169677734375,0.9823982119560242
YJL035C,YLR068W,0,-1.8835262,0.09104367345571518,0.9830169677734375,0.9824982285499573
YOR267C,YOR227W,0,-1.8839285,0.09103524684906006,0.9830169677734375,0.9825982451438904
YBR046C,YOR136W,0,-1.8842199,0.09102682769298553,0.9830169677734375,0.9826982617378235
YBR153W,YPL043W,0,-1.8855548,0.09101840853691101,0.9830169677734375,0.9827982783317566
YLR143W,YLR409C,0,-1.8889283,0.09100998938083649,0.9830169677734375,0.9828982949256897
YBR085W,YLR150W,0,-1.891422,0.09100157022476196,0.9830169677734375,0.9829983115196228
YNL024C,YOR272W,0,-1.895457,0.09099315851926804,0.9830169677734375,0.9830983281135559
YHL015W,YHR133C,0,-1.8958727,0.09098474681377411,0.9830169677734375,0.983198344707489
YLR377C,YMR322C,0,-1.898131,0.09097632765769958,0.9830169677734375,0.9832983016967773
YPR049C,YGL180W,1,-1.8999887,0.09106037020683289,0.9840160012245178,0.9832983016967773
YML001W,YLR043C,1,-1.9020565,0.0911443904042244,0.9850149750709534,0.9832983016967773
YOR004W,YLR323C,0,-1.9033602,0.09113596379756927,0.9850149750709534,0.9833983182907104
YHR169W,YGR094W,0,-1.9040372,0.09112754464149475,0.9850149750709534,0.9834983348846436
YMR215W,YDR023W,0,-1.9048748,0.09111911803483963,0.9850149750709534,0.9835983514785767
YPL171C,YDL091C,0,-1.9127374,0.0911106988787651,0.9850149750709534,0.9836983680725098
YMR243C,YBR034C,0,-1.9138765,0.09110227972269058,0.9850149750709534,0.9837983846664429
YPL179W,YNL161W,0,-1.9150978,0.09109386801719666,0.9850149750709534,0.983898401260376
YJR073C,YMR226C,0,-1.9205635,0.09108544886112213,0.9850149750709534,0.9839984178543091
YOR078W,YDR395W,0,-1.9247074,0.0910770371556282,0.9850149750709534,0.9840984344482422
YNL123W,YOR254C,0,-1.9258041,0.09106862545013428,0.9850149750709534,0.9841983914375305
YDR276C,YMR322C,0,-1.9258628,0.09106021374464035,0.9850149750709534,0.9842984080314636
YOR236W,YPL198W,0,-1.9259148,0.09105180203914642,0.9850149750709534,0.9843984246253967
YNL024C,YLR435W,0,-1.9309124,0.0910433977842331,0.9850149750709534,0.9844984412193298
YHR039C-A,YEL027W,1,-1.931442,0.09112732112407684,0.9860140085220337,0.9844984412193298
YOR332W,YLR043C,1,-1.9344466,0.0912112295627594,0.9870129823684692,0.9844984412193298
YDR365C,YHR020W,0,-1.9350693,0.09120280295610428,0.9870129823684692,0.9845984578132629
YHR039C-A,YOR332W,1,-1.9351543,0.09128668904304504,0.9880120158195496,0.9845984578132629
YLR061W,YPL254W,0,-1.9361454,0.09127826243638992,0.9880120158195496,0.984698474407196
YJL179W,YKL006W,0,-1.9452404,0.0912698432803154,0.9880120158195496,0.9847984910011292
YEL048C,YIL096C,0,-1.9470525,0.09126141667366028,0.9880120158195496,0.9848985075950623
YAL007C,YLR367W,0,-1.9476527,0.09125299751758575,0.9880120158195496,0.9849985241889954
YKR079C,YOR260W,0,-1.9476781,0.09124457836151123,0.9880120158195496,0.9850984811782837
YBR162W-A,YLR007W,0,-1.9507924,0.0912361592054367,0.9880120158195496,0.9851984977722168
YIL053W,YMR242C,0,-1.9524047,0.09122774749994278,0.9880120158195496,0.9852985143661499
YMR175W,YMR110C,0,-1.954401,0.09121933579444885,0.9880120158195496,0.985398530960083
YIL043C,YBR191W,0,-1.9575704,0.09121091663837433,0.9880120158195496,0.9854985475540161
YIL019W,YGR078C,0,-1.958241,0.0912025049328804,0.9880120158195496,0.9855985641479492
YHR138C,YGL180W,1,-1.960588,0.0912863090634346,0.9890109896659851,0.9855985641479492
YHR014W,YDR135C,0,-1.9640632,0.09127788990736008,0.9890109896659851,0.9856985807418823
YPR143W,YNL164C,0,-1.9675944,0.09126947820186615,0.9890109896659851,0.9857985973358154
YPR110C,YLR384C,0,-1.9698896,0.09126105904579163,0.9890109896659851,0.9858986139297485
YBR169C,YPR155C,0,-1.9705274,0.0912526473402977,0.9890109896659851,0.9859985709190369
YJL183W,YNR053C,0,-1.9755675,0.09124424308538437,0.9890109896659851,0.98609858751297
YIL069C,YGR208W,0,-1.9756103,0.09123583137989044,0.9890109896659851,0.9861986041069031
YBR181C,YOR254C,0,-1.9802709,0.09122742712497711,0.9890109896659851,0.9862986207008362
YPL215W,YPR100W,0,-1.9853222,0.09121901541948318,0.9890109896659851,0.9863986372947693
YDL072C,YOR136W,0,-1.98868,0.09121061116456985,0.9890109896659851,0.9864986538887024
YGR174C,YFR049W,0,-1.9916472,0.09120221436023712,0.9890109896659851,0.9865986704826355
YDL149W,YHR138C,1,-1.9956958,0.09128592163324356,0.9900099635124207,0.9865986704826355
YFL004W,YPL019C,1,-2.002765,0.0913696214556694,0.991008996963501,0.9865986704826355
YIL064W,YBR034C,0,-2.0041327,0.09136120975017548,0.991008996963501,0.9866986870765686
YKL029C,YNR053C,0,-2.0064633,0.09135279804468155,0.991008996963501,0.9867987036705017
YLR175W,YBR162C,0,-2.006597,0.09134438633918762,0.991008996963501,0.98689866065979
YGR161C,YHR138C,0,-2.0087414,0.0913359746336937,0.991008996963501,0.9869986772537231
YEL051W,YHL015W,0,-2.0125573,0.09132756292819977,0.991008996963501,0.9870986938476562
YLR409C,YBL072C,0,-2.0138023,0.09131915867328644,0.991008996963501,0.9871987104415894
YDR397C,YBR034C,0,-2.0157225,0.09131075441837311,0.991008996963501,0.9872987270355225
YIL038C,YDR190C,0,-2.024389,0.09130235016345978,0.991008996963501,0.9873987436294556
YLR409C,YNL123W,0,-2.024408,0.09129394590854645,0.991008996963501,0.9874987602233887
YER033C,YDR406W,0,-2.030009,0.09128554165363312,0.991008996963501,0.9875987768173218
YLR167W,YDR365C,0,-2.0326488,0.09127714484930038,0.991008996963501,0.9876987934112549
YEL027W,YFL039C,1,-2.0333683,0.09136074781417847,0.9920079708099365,0.9876987934112549
YPR169W,YGR208W,0,-2.035902,0.09135234355926514,0.9920079708099365,0.9877987504005432
YGL070C,YHR170W,0,-2.0415735,0.0913439393043518,0.9920079708099365,0.9878987669944763
YJR041C,YOR078W,0,-2.044796,0.09133554250001907,0.9920079708099365,0.9879987835884094
YGL076C,YER044C-A,0,-2.0461783,0.09132713824510574,0.9920079708099365,0.9880988001823425
YJR132W,YHR020W,0,-2.0506105,0.09131874144077301,0.9920079708099365,0.9881988167762756
YPR143W,YHL015W,0,-2.053767,0.09131034463644028,0.9920079708099365,0.9882988333702087
YBR169C,YHR080C,0,-2.0710926,0.09130194783210754,0.9920079708099365,0.9883988499641418
YPR120C,YGL111W,0,-2.0740402,0.09129355847835541,0.9920079708099365,0.988498866558075
YPL126W,YNR024W,0,-2.0751772,0.09128516167402267,0.9920079708099365,0.9885988831520081
YDR127W,YIR019C,0,-2.0839543,0.09127677232027054,0.9920079708099365,0.9886988401412964
YPL146C,YIL038C,0,-2.0888295,0.0912683829665184,0.9920079708099365,0.9887988567352295
YDR412W,YDR110W,0,-2.0892398,0.09125999361276627,0.9920079708099365,0.9888988733291626
YDR087C,YDR257C,0,-2.0944774,0.09125161170959473,0.9920079708099365,0.9889988899230957
YMR118C,YOL052C-A,0,-2.0947585,0.09124322235584259,0.9920079708099365,0.9890989065170288
YHR148W,YDR234W,0,-2.095012,0.09123484045267105,0.9920079708099365,0.9891989231109619
YGR078C,YOR241W,0,-2.1029916,0.09122645854949951,0.9920079708099365,0.989298939704895
YDR075W,YIR026C,0,-2.103185,0.09121807664632797,0.9920079708099365,0.9893989562988281
YBL072C,YGL111W,0,-2.104047,0.09120970219373703,0.9920079708099365,0.9894989728927612
YDR280W,YLR249W,0,-2.1056979,0.09120132029056549,0.9920079708099365,0.9895989894866943
YJL183W,YKL099C,0,-2.1140544,0.09119294583797455,0.9920079708099365,0.9896989464759827
YLR083C,YPL126W,0,-2.124569,0.0911845713853836,0.9920079708099365,0.9897989630699158
YJR048W,YJL180C,0,-2.124826,0.09117619693279266,0.9920079708099365,0.9898989796638489
YJR132W,YIL096C,0,-2.145762,0.09116782993078232,0.9920079708099365,0.989998996257782
YDR300C,YGR083C,0,-2.147794,0.09115946292877197,0.9920079708099365,0.9900990128517151
YFR031C-A,YOR271C,0,-2.1536894,0.09115109592676163,0.9920079708099365,0.9901990294456482
YLL014W,YLR175W,0,-2.1544476,0.09114272892475128,0.9920079708099365,0.9902990460395813
YCR016W,YIL148W,0,-2.1675832,0.09113436192274094,0.9920079708099365,0.9903990626335144
YLR384C,YDR087C,0,-2.1696975,0.09112599492073059,0.9920079708099365,0.9904990792274475
YLR150W,YJL208C,0,-2.1723652,0.09111763536930084,0.9920079708099365,0.9905990362167358
YML031W,YDR395W,0,-2.1734798,0.0911092758178711,0.9920079708099365,0.990699052810669
YOR207C,YOL144W,0,-2.1779354,0.09110091626644135,0.9920079708099365,0.990799069404602
YGR103W,YIL038C,0,-2.180963,0.0910925567150116,0.9920079708099365,0.9908990859985352
YPR010C,YGR245C,0,-2.1860805,0.09108420461416245,0.9920079708099365,0.9909991025924683
YHR170W,YDR365C,0,-2.1925368,0.0910758525133133,0.9920079708099365,0.9910991191864014
YLR075W,YBR121C,0,-2.1957881,0.09106750041246414,0.9920079708099365,0.9911991357803345
YOR236W,YGR283C,0,-2.1983898,0.09105914831161499,0.9920079708099365,0.9912991523742676
YAL028W,YJR096W,0,-2.205196,0.09105079621076584,0.9920079708099365,0.9913991689682007
YKL191W,YGR083C,0,-2.2055342,0.09104245156049728,0.9920079708099365,0.991499125957489
YDR377W,YBL038W,0,-2.2125878,0.09103410691022873,0.9920079708099365,0.9915991425514221
YNR038W,YOR048C,0,-2.2128952,0.09102576225996017,0.9920079708099365,0.9916991591453552
YLR333C,YOR078W,0,-2.215889,0.09101741760969162,0.9920079708099365,0.9917991757392883
YEL048C,YJL069C,0,-2.2184854,0.09100907295942307,0.9920079708099365,0.9918991923332214
YHL015W,YKL099C,0,-2.2287107,0.09100073575973511,0.9920079708099365,0.9919992089271545
YPL207W,YGL111W,0,-2.2293081,0.09099239110946655,0.9920079708099365,0.9920992255210876
YIL064W,YDR398W,0,-2.2348247,0.0909840539097786,0.9920079708099365,0.9921992421150208
YLR367W,YGL171W,0,-2.2375145,0.09097572416067123,0.9920079708099365,0.9922992587089539
YOR272W,YOR048C,0,-2.2407126,0.09096738696098328,0.9920079708099365,0.9923992156982422
YDR500C,YGR245C,0,-2.244779,0.09095905721187592,0.9920079708099365,0.9924992322921753
YNR007C,YHR138C,1,-2.2519994,0.09104231745004654,0.9930070042610168,0.9924992322921753
YPL019C,YER072W,1,-2.2547345,0.09112556278705597,0.9940059781074524,0.9924992322921753
YDR412W,YOR048C,0,-2.278432,0.09111721813678741,0.9940059781074524,0.9925992488861084
YFL004W,YER072W,1,-2.2790217,0.09120044112205505,0.9950050115585327,0.9925992488861084
YEL027W,YER072W,1,-2.2847383,0.0912836492061615,0.9960039854049683,0.9925992488861084
YDR002W,YLR333C,0,-2.315175,0.09127528965473175,0.9960039854049683,0.9926992654800415
YHR138C,YGR209C,1,-2.3201866,0.0913584753870964,0.9970030188560486,0.9926992654800415
YLR143W,YGL078C,0,-2.3236988,0.09135011583566666,0.9970030188560486,0.9927992820739746
YLR333C,YGL078C,0,-2.3335347,0.09134175628423691,0.9970030188560486,0.9928992986679077
YHR169W,YOR001W,0,-2.336159,0.09133339673280716,0.9970030188560486,0.9929993152618408
YOR207C,YIL096C,0,-2.340206,0.09132503718137741,0.9970030188560486,0.9930993318557739
YBR162W-A,YOR004W,0,-2.3450866,0.09131667762994766,0.9970030188560486,0.993199348449707
YBR181C,YBR034C,0,-2.3575122,0.09130832552909851,0.9970030188560486,0.9932993054389954
YOR252W,YLR068W,0,-2.3643703,0.09129997342824936,0.9970030188560486,0.9933993220329285
YLR017W,YNR053C,0,-2.3654332,0.09129162132740021,0.9970030188560486,0.9934993386268616
YML100W,YHR113W,0,-2.37533,0.09128326922655106,0.9970030188560486,0.9935993552207947
YOR078W,YDR021W,0,-2.397457,0.0912749245762825,0.9970030188560486,0.9936993718147278
YGL078C,YMR177W,0,-2.4002414,0.09126657247543335,0.9970030188560486,0.9937993884086609
YNL173C,YKR049C,0,-2.401565,0.0912582278251648,0.9970030188560486,0.993899405002594
YLR384C,YML096W,0,-2.407677,0.09124988317489624,0.9970030188560486,0.9939994215965271
YNL243W,YOL078W,0,-2.4095514,0.09124154597520828,0.9970030188560486,0.9940994381904602
YDR375C,YGL129C,0,-2.4102886,0.09123320132493973,0.9970030188560486,0.9941993951797485
YPL239W,YGR211W,0,-2.4132388,0.09122486412525177,0.9970030188560486,0.9942994117736816
YIL019W,YJL179W,0,-2.4402308,0.09121652692556381,0.9970030188560486,0.9943994283676147
YPL043W,YDR365C,0,-2.4435506,0.09120818972587585,0.9970030188560486,0.9944994449615479
YHL011C,YLR068W,0,-2.4875827,0.0911998525261879,0.9970030188560486,0.994599461555481
YOR252W,YPL146C,0,-2.503934,0.09119152277708054,0.9970030188560486,0.9946994781494141
YNL132W,YOR078W,0,-2.5249786,0.09118318557739258,0.9970030188560486,0.9947994947433472
YBR191W,YOR335C,0,-2.526997,0.09117485582828522,0.9970030188560486,0.9948995113372803
YDR148C,YIL033C,0,-2.527226,0.09116652607917786,0.9970030188560486,0.9949995279312134
YPR010C,YOR335C,0,-2.5299983,0.09115820378065109,0.9970030188560486,0.9950994849205017
YPR143W,YER007C-A,0,-2.5347214,0.09114987403154373,0.9970030188560486,0.9951995015144348
YIL064W,YGR245C,0,-2.538429,0.09114155173301697,0.9970030188560486,0.9952995181083679
YPL239W,YKL099C,0,-2.5417616,0.0911332294344902,0.9970030188560486,0.995399534702301
YDR365C,YGL078C,0,-2.5670304,0.09112490713596344,0.9970030188560486,0.9954995512962341
YKL014C,YOR004W,0,-2.5725427,0.09111659228801727,0.9970030188560486,0.9955995678901672
YKL141W,YML120C,0,-2.5841222,0.09110826998949051,0.9970030188560486,0.9956995844841003
YNL015W,YHR138C,1,-2.5868921,0.09119123965501785,0.9980019927024841,0.9956995844841003
YOR091W,YNR053C,0,-2.5879264,0.09118290990591049,0.9980019927024841,0.9957996010780334
YKL191W,YMR131C,0,-2.5887587,0.09117459505796432,0.9980019927024841,0.9958996176719666
YDR399W,YLR075W,0,-2.5973651,0.09116627275943756,0.9980019927024841,0.9959995746612549
YHR001W-A,YFR049W,0,-2.6223626,0.0911579504609108,0.9980019927024841,0.996099591255188
YJR123W,YOR335C,0,-2.6259527,0.09114963561296463,0.9980019927024841,0.9961996078491211
YPR010C,YGL078C,0,-2.6271825,0.09114132076501846,0.9980019927024841,0.9962996244430542
YLR150W,YLR175W,0,-2.6351442,0.0911330059170723,0.9980019927024841,0.9963996410369873
YML100W,YCL035C,0,-2.6381266,0.09112469106912613,0.9980019927024841,0.9964996576309204
YMR131C,YCL054W,0,-2.6497111,0.09111638367176056,0.9980019927024841,0.9965996742248535
YNL132W,YPL239W,0,-2.6602745,0.09110806882381439,0.9980019927024841,0.9966996908187866
YLR367W,YIR026C,0,-2.666103,0.09109976142644882,0.9980019927024841,0.9967997074127197
YBR149W,YHL021C,0,-2.6867185,0.09109145402908325,0.9980019927024841,0.9968996644020081
YGR283C,YDR021W,0,-2.6929667,0.09108315408229828,0.9980019927024841,0.9969996809959412
YLR249W,YBR034C,0,-2.70218,0.09107484668493271,0.9980019927024841,0.9970996975898743
YOR091W,YPR110C,0,-2.7314343,0.09106654673814774,0.9980019927024841,0.9971997141838074
YKL191W,YHR148W,0,-2.7696054,0.09105824679136276,0.9980019927024841,0.9972997307777405
YDR412W,YDR021W,0,-2.7771778,0.09104994684457779,0.9980019927024841,0.9973997473716736
YBL087C,YDR023W,0,-2.7840507,0.09104164689779282,0.9980019927024841,0.9974997639656067
YJR041C,YPR010C,0,-2.7850592,0.09103335440158844,0.9980019927024841,0.9975997805595398
YHR138C,YBL078C,1,-2.815121,0.09111617505550385,0.9990010261535645,0.9975997805595398
YMR286W,YBR268W,0,-2.8204994,0.09110787510871887,0.9990010261535645,0.9976997971534729
YPL004C,YMR110C,0,-2.8374243,0.0910995751619339,0.9990010261535645,0.9977997541427612
YOL121C,YHL015W,0,-2.869073,0.09109127521514893,0.9990010261535645,0.9978997707366943
YOR004W,YPL239W,0,-2.9862761,0.09108297526836395,0.9990010261535645,0.9979997873306274
YPL239W,YGL078C,0,-3.0045314,0.09107468277215958,0.9990010261535645,0.9980998039245605
YLR442C,YPL210C,0,-3.0375614,0.0910663902759552,0.9990010261535645,0.9981998205184937
YNL132W,YPL183C,0,-3.0785882,0.09105809777975082,0.9990010261535645,0.9982998371124268
YGL189C,YBR189W,0,-3.0832047,0.09104980528354645,0.9990010261535645,0.9983998537063599
YHR169W,YER127W,0,-3.0931501,0.09104151278734207,0.9990010261535645,0.998499870300293
YIL052C,YBL072C,0,-3.1470642,0.09103322774171829,0.9990010261535645,0.9985998868942261
YPL126W,YGL111W,0,-3.150581,0.09102494269609451,0.9990010261535645,0.9986998438835144
YIL019W,YPR143W,0,-3.157324,0.09101665765047073,0.9990010261535645,0.9987998604774475
YFR031C-A,YOL121C,0,-3.2162676,0.09100837260484695,0.9990010261535645,0.9988998770713806
YKR085C,YBR268W,0,-3.2237582,0.09100008755922318,0.9990010261535645,0.9989998936653137
YHR170W,YGL111W,0,-3.2737167,0.09099180996417999,0.9990010261535645,0.9990999102592468
YIR026C,YDR087C,0,-3.3212142,0.09098353236913681,0.9990010261535645,0.9991999268531799
YLR367W,YKL006W,0,-3.3553796,0.09097525477409363,0.9990010261535645,0.999299943447113
YKL141W,YKL016C,0,-3.3655114,0.09096697717905045,0.9990010261535645,0.9993999600410461
YBR189W,YLR333C,0,-3.413765,0.09095870703458786,0.9990010261535645,0.9994999766349792
YGR254W,YHR174W,1,-3.4831605,0.09104138612747192,1.0,0.9994999766349792
YBR189W,YBL072C,0,-3.4846172,0.09103310108184814,1.0,0.9995999336242676
YGR103W,YPL043W,0,-3.5287132,0.09102482348680496,1.0,0.9996999502182007
YHR197W,YGL171W,0,-3.6205575,0.09101654589176178,1.0,0.9997999668121338
YMR242C,YBR191W,0,-4.46234,0.0910082757472992,1.0,0.9998999834060669
YDR471W,YMR242C,0,-4.6452174,0.09099999815225601,1.0,1.0
