Gene A,Gene B,Label,Score,Precision,Recall,False Positive Rate
YER044C-A,YBR191W,0,23.671158,0.0,0.0,0.00010024057701230049
YMR319C,YBL099W,1,17.668297,0.5,0.0009765625,0.00010024057701230049
YBR039W,YNL065W,1,16.964176,0.6666666865348816,0.001953125,0.00010024057701230049
YPL078C,YMR319C,1,16.355885,0.75,0.0029296875,0.00010024057701230049
YHR096C,YNL065W,0,16.230358,0.6000000238418579,0.0029296875,0.00020048115402460098
YBR296C,YBR054W,1,15.65701,0.6666666865348816,0.00390625,0.00020048115402460098
YJR132W,YPL221W,0,15.514496,0.5714285969734192,0.00390625,0.0003007217310369015
YBL099W,YOR271C,1,15.423232,0.625,0.0048828125,0.0003007217310369015
YLR130C,YPL271W,1,15.244821,0.6666666865348816,0.005859375,0.0003007217310369015
YBR296C,YJR077C,1,15.238533,0.699999988079071,0.0068359375,0.0003007217310369015
YOL158C,YDR377W,1,15.190777,0.7272727489471436,0.0078125,0.0003007217310369015
YER053C,YHR136C,1,15.078088,0.75,0.0087890625,0.0003007217310369015
YER053C,YBR207W,1,15.0498495,0.7692307829856873,0.009765625,0.0003007217310369015
YLR377C,YBR162C,0,15.023685,0.7142857313156128,0.009765625,0.00040096230804920197
YPL271W,YGL254W,1,14.9325485,0.7333333492279053,0.0107421875,0.00040096230804920197
YPR143W,YOR065W,0,14.929602,0.6875,0.0107421875,0.0005012028850615025
YMR110C,YDR365C,0,14.845422,0.6470588445663452,0.0107421875,0.000601443462073803
YHR039C-A,YNR013C,1,14.820067,0.6666666865348816,0.01171875,0.000601443462073803
YLL051C,YOR273C,1,14.690733,0.6842105388641357,0.0126953125,0.000601443462073803
YOR306C,YBR039W,1,14.68647,0.699999988079071,0.013671875,0.000601443462073803
YDR270W,YBL030C,1,14.509932,0.7142857313156128,0.0146484375,0.000601443462073803
YPL271W,YKL217W,1,14.472713,0.7272727489471436,0.015625,0.000601443462073803
YBR054W,YPL198W,0,14.469457,0.695652186870575,0.015625,0.0007016840390861034
YPR156C,YJL117W,1,14.399493,0.7083333134651184,0.0166015625,0.0007016840390861034
YKL016C,YHR170W,0,14.277315,0.6800000071525574,0.0166015625,0.0008019246160984039
YLL009C,YLL051C,1,14.19335,0.692307710647583,0.017578125,0.0008019246160984039
YEL065W,YIL114C,1,14.191902,0.7037037014961243,0.0185546875,0.0008019246160984039
YGL255W,YNR013C,1,13.9588375,0.7142857313156128,0.01953125,0.0008019246160984039
YMR105C,YNL065W,0,13.887419,0.6896551847457886,0.01953125,0.0009021651931107044
YBR106W,YMR058W,1,13.799267,0.699999988079071,0.0205078125,0.0009021651931107044
YPR100W,YBR162C,0,13.761959,0.6774193644523621,0.0205078125,0.001002405770123005
YLR377C,YHR096C,0,13.759873,0.65625,0.0205078125,0.0011026463471353054
YPL271W,YBR207W,1,13.751278,0.6666666865348816,0.021484375,0.0011026463471353054
YDR534C,YLR214W,1,13.687672,0.6764705777168274,0.0224609375,0.0011026463471353054
YER072W,YMR105C,0,13.6007185,0.6571428775787354,0.0224609375,0.001202886924147606
YEL065W,YCR021C,1,13.585449,0.6666666865348816,0.0234375,0.001202886924147606
YGR202C,YJR048W,0,13.553676,0.6486486196517944,0.0234375,0.0013031275011599064
YEL017C-A,YPL271W,1,13.535412,0.6578947305679321,0.0244140625,0.0013031275011599064
YGL008C,YBR207W,1,13.534124,0.6666666865348816,0.025390625,0.0013031275011599064
YBR039W,YJR152W,1,13.520735,0.675000011920929,0.0263671875,0.0013031275011599064
YOR306C,YMR038C,1,13.467156,0.6829268336296082,0.02734375,0.0013031275011599064
YLR258W,YER060W,0,13.450647,0.6666666865348816,0.02734375,0.0014033680781722069
YPR020W,YMR038C,1,13.427713,0.6744186282157898,0.0283203125,0.0014033680781722069
YBR162W-A,YJL180C,0,13.421602,0.6590909361839294,0.0283203125,0.0015036086551845074
YOR271C,YBR054W,1,13.386911,0.6666666865348816,0.029296875,0.0015036086551845074
YIL043C,YHR037W,0,13.357494,0.6521739363670349,0.029296875,0.0016038492321968079
YBR296C,YOR270C,1,13.332584,0.6595744490623474,0.0302734375,0.0016038492321968079
YDR343C,YNL132W,0,13.283985,0.6458333134651184,0.0302734375,0.0017040898092091084
YPL078C,YBR294W,1,13.229287,0.6530612111091614,0.03125,0.0017040898092091084
YGR103W,YEL039C,0,13.199396,0.6399999856948853,0.03125,0.0018043303862214088
YBR254C,YBL047C,0,13.109905,0.6274510025978088,0.03125,0.0019045709632337093
YOR065W,YOR079C,0,13.108486,0.6153846383094788,0.03125,0.00200481154024601
YEL024W,YJR054W,0,13.055439,0.6037735939025879,0.03125,0.0021050521172583103
YEL024W,YOR001W,0,12.923784,0.5925925970077515,0.03125,0.002205292694270611
YER145C,YDL206W,1,12.908623,0.6000000238418579,0.0322265625,0.002205292694270611
YGR003W,YFR053C,0,12.86712,0.5892857313156128,0.0322265625,0.0023055332712829113
YDR098C,YHR096C,0,12.857513,0.5789473652839661,0.0322265625,0.002405773848295212
YOR065W,YDR190C,0,12.855547,0.568965494632721,0.0322265625,0.0025060144253075123
YLR118C,YCR016W,0,12.826588,0.5593220591545105,0.0322265625,0.0026062550023198128
YDL081C,YPR008W,0,12.818977,0.550000011920929,0.0322265625,0.0027064955793321133
YOR306C,YJR077C,1,12.818025,0.5573770403862,0.033203125,0.0027064955793321133
YKL016C,YDR178W,0,12.777103,0.5483871102333069,0.033203125,0.0028067361563444138
YDR322C-A,YDL004W,1,12.775272,0.5555555820465088,0.0341796875,0.0028067361563444138
YLR295C,YGL254W,1,12.756979,0.5625,0.03515625,0.0028067361563444138
YPL221W,YGR094W,0,12.756283,0.5538461804389954,0.03515625,0.0029069767333567142
YJR121W,YEL065W,1,12.690709,0.560606062412262,0.0361328125,0.0029069767333567142
YPL078C,YOR384W,1,12.643818,0.5671641826629639,0.037109375,0.0029069767333567142
YPL271W,YDR270W,1,12.638878,0.5735294222831726,0.0380859375,0.0029069767333567142
YCR024C-A,YBL099W,1,12.58712,0.5797101259231567,0.0390625,0.0029069767333567142
YHR190W,YOR195W,0,12.533438,0.5714285969734192,0.0390625,0.0030072173103690147
YLR345W,YIL096C,0,12.507435,0.5633803009986877,0.0390625,0.0031074578873813152
YOR079C,YBR039W,1,12.494427,0.5694444179534912,0.0400390625,0.0031074578873813152
YKL016C,YIL114C,1,12.473796,0.5753424763679504,0.041015625,0.0031074578873813152
YBR296C,YEL065W,1,12.429814,0.5810810923576355,0.0419921875,0.0031074578873813152
YEL027W,YNL065W,1,12.3715725,0.5866666436195374,0.04296875,0.0031074578873813152
YBL099W,YLL027W,1,12.327158,0.5921052694320679,0.0439453125,0.0031074578873813152
YNL221C,YNL055C,0,12.312969,0.5844155550003052,0.0439453125,0.0032076984643936157
YDR178W,YNL062C,0,12.304161,0.5769230723381042,0.0439453125,0.003307939041405916
YGL076C,YER142C,0,12.294891,0.5696202516555786,0.0439453125,0.0034081796184182167
YKL016C,YGR191W,1,12.289772,0.574999988079071,0.044921875,0.0034081796184182167
YBR290W,YLR214W,1,12.220211,0.5802469253540039,0.0458984375,0.0034081796184182167
YDL046W,YPL253C,0,12.211183,0.5731707215309143,0.0458984375,0.003508420195430517
YJL212C,YEL024W,0,12.181316,0.5662650465965271,0.0458984375,0.0036086607724428177
YLR258W,YBR034C,0,12.1783905,0.5595238208770752,0.0458984375,0.003708901349455118
YIL114C,YLR348C,1,12.163668,0.5647059082984924,0.046875,0.003708901349455118
YLR447C,YPR201W,1,12.131461,0.569767415523529,0.0478515625,0.003708901349455118
YBL030C,YGL255W,1,12.110775,0.5747126340866089,0.048828125,0.003708901349455118
YDR270W,YBR039W,1,12.072596,0.5795454382896423,0.0498046875,0.003708901349455118
YIL056W,YDR009W,0,12.060492,0.5730336904525757,0.0498046875,0.0038091419264674187
YML123C,YBL099W,1,12.025186,0.5777778029441833,0.05078125,0.0038091419264674187
YHR170W,YLR299W,0,12.024029,0.5714285969734192,0.05078125,0.003909382503479719
YER176W,YKL150W,0,12.017994,0.5652173757553101,0.05078125,0.00400962308049202
YOL096C,YOR272W,0,12.015167,0.5591397881507874,0.05078125,0.00410986365750432
YGL028C,YNL036W,0,11.994556,0.5531914830207825,0.05078125,0.004210104234516621
YPL271W,YDR038C,1,11.987734,0.557894766330719,0.0517578125,0.004210104234516621
YBR132C,YOR384W,1,11.919558,0.5625,0.052734375,0.004210104234516621
YDR023W,YGR138C,0,11.915011,0.5567010045051575,0.052734375,0.004310344811528921
YHL016C,YDR033W,1,11.870466,0.5612244606018066,0.0537109375,0.004310344811528921
YGR212W,YDR110W,0,11.857041,0.5555555820465088,0.0537109375,0.004410585388541222
YER145C,YOR273C,1,11.852308,0.5600000023841858,0.0546875,0.004410585388541222
YGR202C,YDR178W,0,11.84837,0.5544554591178894,0.0546875,0.004510825965553522
YPL234C,YHL047C,1,11.840046,0.5588235259056091,0.0556640625,0.004510825965553522
YDR384C,YIR031C,0,11.818388,0.553398072719574,0.0556640625,0.004611066542565823
YKL064W,YMR058W,1,11.791022,0.557692289352417,0.056640625,0.004611066542565823
YPR020W,YLR092W,1,11.76866,0.561904788017273,0.0576171875,0.004611066542565823
YPR020W,YGL254W,1,11.763308,0.5660377144813538,0.05859375,0.004611066542565823
YBL030C,YBR294W,1,11.762964,0.5700934529304504,0.0595703125,0.004611066542565823
YEL031W,YDL004W,1,11.750614,0.5740740895271301,0.060546875,0.004611066542565823
YML123C,YDR377W,1,11.743425,0.5779816508293152,0.0615234375,0.004611066542565823
YMR318C,YJR150C,0,11.726299,0.5727272629737854,0.0615234375,0.004711307119578123
YCR024C,YGR245C,0,11.701553,0.5675675868988037,0.0615234375,0.004811547696590424
YJL117W,YDR377W,1,11.69474,0.5714285969734192,0.0625,0.004811547696590424
YBR101C,YPR037C,0,11.694357,0.5663716793060303,0.0625,0.004911788273602724
YPL193W,YMR195W,0,11.692234,0.5614035129547119,0.0625,0.005012028850615025
YLL026W,YGL111W,0,11.688967,0.5565217137336731,0.0625,0.005112269427627325
YPL224C,YJL117W,1,11.661274,0.5603448152542114,0.0634765625,0.005112269427627325
YBR043C,YNL081C,0,11.644518,0.5555555820465088,0.0634765625,0.0052125100046396255
YER072W,YOL023W,0,11.622948,0.5508474707603455,0.0634765625,0.005312750581651926
YJR123W,YFR030W,0,11.616705,0.5462185144424438,0.0634765625,0.0054129911586642265
YDR148C,YLR292C,0,11.592676,0.5416666865348816,0.0634765625,0.005513231735676527
YBR296C,YNR013C,1,11.580244,0.5454545617103577,0.064453125,0.005513231735676527
YLR295C,YNL291C,1,11.577215,0.5491803288459778,0.0654296875,0.005513231735676527
YER007C-A,YER143W,0,11.555136,0.5447154641151428,0.0654296875,0.0056134723126888275
YLR056W,YDL149W,0,11.546542,0.5403226017951965,0.0654296875,0.005713712889701128
YKL192C,YDR317W,0,11.539754,0.5360000133514404,0.0654296875,0.0058139534667134285
YPR036W,YLR214W,1,11.522218,0.5396825671195984,0.06640625,0.0058139534667134285
YLR333C,YHL035C,0,11.50379,0.5354330539703369,0.06640625,0.005914194043725729
YLR185W,YKL150W,0,11.503694,0.53125,0.06640625,0.0060144346207380295
YOR357C,YLL053C,0,11.489058,0.5271317958831787,0.06640625,0.00611467519775033
YBL072C,YFR053C,0,11.479029,0.5230769515037537,0.06640625,0.0062149157747626305
YFL041W,YCR021C,1,11.475335,0.5267175436019897,0.0673828125,0.0062149157747626305
YBR132C,YMR319C,1,11.461189,0.5303030014038086,0.068359375,0.0062149157747626305
YDL240W,YBR016W,0,11.460075,0.5263158082962036,0.068359375,0.006315156351774931
YER072W,YDR350C,0,11.42012,0.5223880410194397,0.068359375,0.0064153969287872314
YGR204W,YDR111C,0,11.417765,0.5185185074806213,0.068359375,0.006515637505799532
YEL027W,YJL094C,1,11.401098,0.5220588445663452,0.0693359375,0.006515637505799532
YMR243C,YMR040W,0,11.3969555,0.5182482004165649,0.0693359375,0.006615878082811832
YGR060W,YKL196C,0,11.383154,0.5144927501678467,0.0693359375,0.006716118659824133
YKR089C,YBR005W,0,11.377529,0.5107913613319397,0.0693359375,0.006816359236836433
YBR296C,YLR034C,1,11.36079,0.5142857432365417,0.0703125,0.006816359236836433
YCR010C,YBR106W,1,11.360149,0.5177304744720459,0.0712890625,0.006816359236836433
YEL024W,YDR110W,0,11.347834,0.51408451795578,0.0712890625,0.006916599813848734
YLL051C,YGL077C,1,11.3346615,0.5174825191497803,0.072265625,0.006916599813848734
YML123C,YNL321W,1,11.330877,0.5208333134651184,0.0732421875,0.006916599813848734
YNR037C,YDR395W,0,11.306589,0.517241358757019,0.0732421875,0.007016840390861034
YBR295W,YCR021C,1,11.282169,0.5205479264259338,0.07421875,0.007016840390861034
YOR306C,YMR058W,1,11.277388,0.523809552192688,0.0751953125,0.007016840390861034
YMR203W,YHR136C,1,11.25807,0.5270270109176636,0.076171875,0.007016840390861034
YBR039W,YHR136C,1,11.236692,0.5302013158798218,0.0771484375,0.007016840390861034
YIL009W,YCL035C,0,11.229594,0.5266666412353516,0.0771484375,0.007117080967873335
YHR136C,YDR506C,1,11.228935,0.5298013091087341,0.078125,0.007117080967873335
YPL224C,YEL027W,1,11.2136755,0.5328947305679321,0.0791015625,0.007117080967873335
YPR199C,YKR072C,0,11.208044,0.529411792755127,0.0791015625,0.007217321544885635
YJR132W,YBR054W,0,11.206997,0.5259740352630615,0.0791015625,0.007317562121897936
YLR130C,YMR241W,1,11.191297,0.5290322303771973,0.080078125,0.007317562121897936
YKL016C,YDR270W,1,11.190006,0.5320512652397156,0.0810546875,0.007317562121897936
YDR345C,YBR212W,0,11.189906,0.5286624431610107,0.0810546875,0.007417802698910236
YPR169W,YFR049W,0,11.170754,0.5253164768218994,0.0810546875,0.007518043275922537
YER123W,YCR063W,0,11.143729,0.5220125913619995,0.0810546875,0.007618283852934837
YFL026W,YJR046W,0,11.142211,0.518750011920929,0.0810546875,0.007718524429947138
YDL210W,YOL130W,1,11.090801,0.52173912525177,0.08203125,0.007718524429947138
YBL099W,YDL004W,1,11.089878,0.5246913433074951,0.0830078125,0.007718524429947138
YHL040C,YKL120W,1,11.060804,0.5276073813438416,0.083984375,0.007718524429947138
YBR024W,YHL047C,1,11.05698,0.5304877758026123,0.0849609375,0.007718524429947138
YDR377W,YDR365C,0,11.050621,0.5272727012634277,0.0849609375,0.007818765006959438
YKL145W,YEL027W,0,11.035869,0.5240963697433472,0.0849609375,0.007919006049633026
YBR054W,YOR382W,1,10.990891,0.5269461274147034,0.0859375,0.007919006049633026
YOL011W,YBR005W,0,10.970257,0.523809552192688,0.0859375,0.00801924616098404
YPR003C,YBR127C,1,10.96412,0.526627242565155,0.0869140625,0.00801924616098404
YDR270W,YNL291C,1,10.942432,0.529411792755127,0.087890625,0.00801924616098404
YCR098C,YNL321W,1,10.916526,0.5321637392044067,0.0888671875,0.00801924616098404
YOR034C,YDR513W,0,10.910317,0.5290697813034058,0.0888671875,0.008119487203657627
YNL173C,YDR300C,0,10.904737,0.52601158618927,0.0888671875,0.00821972731500864
YDR298C,YNR039C,1,10.88942,0.5287356376647949,0.08984375,0.00821972731500864
YEL020W-A,YGR202C,0,10.870611,0.5257142782211304,0.08984375,0.008319968357682228
YDR361C,YJL180C,0,10.852646,0.5227272510528564,0.08984375,0.008420208469033241
YKL191W,YFR049W,0,10.843126,0.5197740197181702,0.08984375,0.008520449511706829
YEL027W,YER071C,0,10.843088,0.516853928565979,0.08984375,0.008620689623057842
YJR102C,YFR030W,0,10.835866,0.5139665007591248,0.08984375,0.00872093066573143
YEL017C-A,YDR135C,1,10.8271675,0.5166666507720947,0.0908203125,0.00872093066573143
YGR020C,YDL128W,1,10.814821,0.519336998462677,0.091796875,0.00872093066573143
YGR181W,YLR175W,0,10.80543,0.5164835453033447,0.091796875,0.008821170777082443
YDR178W,YDR464W,0,10.803255,0.5136612057685852,0.091796875,0.008921411819756031
YPL203W,YJR046W,0,10.800636,0.510869562625885,0.091796875,0.009021651931107044
YLR345W,YGL078C,0,10.7871065,0.5081080794334412,0.091796875,0.009121892973780632
YKL016C,YGL008C,1,10.78278,0.5107526779174805,0.0927734375,0.009121892973780632
YGL226W,YCR005C,0,10.765638,0.5080214142799377,0.0927734375,0.009222133085131645
YML120C,YDR399W,0,10.762728,0.5053191781044006,0.0927734375,0.009322374127805233
YER062C,YOR011W,0,10.762281,0.5026454925537109,0.0927734375,0.009422614239156246
YDR513W,YOR004W,0,10.753062,0.5,0.0927734375,0.009522855281829834
YPL004C,YPL239W,0,10.739571,0.49738219380378723,0.0927734375,0.009623095393180847
YER056C,YLR131C,0,10.738491,0.4947916567325592,0.0927734375,0.009723336435854435
YNL066W,YBL025W,0,10.719503,0.4922279715538025,0.0927734375,0.009823576547205448
YIL033C,YGL192W,0,10.698863,0.48969072103500366,0.0927734375,0.009923817589879036
YNL259C,YLL043W,1,10.693926,0.4923076927661896,0.09375,0.009923817589879036
YMR034C,YMR241W,1,10.693541,0.4948979616165161,0.0947265625,0.009923817589879036
YKL016C,YMR241W,1,10.690981,0.4974619150161743,0.095703125,0.009923817589879036
YJL133W,YPL274W,1,10.669136,0.5,0.0966796875,0.009923817589879036
YLR377C,YML004C,0,10.66669,0.4974874258041382,0.0966796875,0.01002405770123005
YPL004C,YNL065W,0,10.66186,0.4950000047683716,0.0966796875,0.010124298743903637
YPR154W,YNL142W,0,10.656665,0.49253731966018677,0.0966796875,0.01022453885525465
YNL263C,YBR054W,0,10.640078,0.4900990128517151,0.0966796875,0.010324779897928238
YJR123W,YDR028C,0,10.633987,0.4876847267150879,0.0966796875,0.010425020009279251
YJL110C,YKL141W,0,10.633692,0.4852941036224365,0.0966796875,0.010525261051952839
YML045W,YBL013W,0,10.6270895,0.4829268157482147,0.0966796875,0.010625501163303852
YBR039W,YHR050W,1,10.6248045,0.48543688654899597,0.09765625,0.010625501163303852
YPL262W,YLR409C,0,10.624675,0.483091801404953,0.09765625,0.01072574220597744
YPL126W,YHR139C,0,10.616787,0.48076921701431274,0.09765625,0.010825982317328453
YPL262W,YHL011C,0,10.60643,0.4784688949584961,0.09765625,0.01092622336000204
YPL013C,YFR030W,0,10.602659,0.4761904776096344,0.09765625,0.011026463471353054
YMR009W,YGR211W,0,10.601535,0.4739336371421814,0.09765625,0.011126704514026642
YMR105C,YLR058C,0,10.595673,0.4716981053352356,0.09765625,0.011226944625377655
YJR132W,YMR002W,0,10.593327,0.46948355436325073,0.09765625,0.011327185668051243
YOR177C,YAL059W,0,10.592272,0.4672897160053253,0.09765625,0.011427425779402256
YHR103W,YJR109C,0,10.580872,0.4651162922382355,0.09765625,0.011527666822075844
YMR041C,YGL116W,0,10.578951,0.46296295523643494,0.09765625,0.011627906933426857
YBR005W,YOR254C,0,10.576871,0.460829496383667,0.09765625,0.011728147976100445
YHR088W,YBR212W,0,10.576851,0.4587155878543854,0.09765625,0.011828388087451458
YEL024W,YDR021W,0,10.542566,0.456620991230011,0.09765625,0.011928629130125046
YJL212C,YMR035W,0,10.535074,0.4545454680919647,0.09765625,0.012028869241476059
YGR078C,YDR178W,0,10.5345955,0.4524886906147003,0.09765625,0.012129110284149647
YKL165C,YNL055C,1,10.521145,0.45495495200157166,0.0986328125,0.012129110284149647
YGR030C,YMR149W,0,10.515089,0.4529148042201996,0.0986328125,0.01222935039550066
YKL217W,YDL004W,1,10.511339,0.4553571343421936,0.099609375,0.01222935039550066
YIL019W,YKL039W,0,10.5100155,0.4533333480358124,0.099609375,0.012329591438174248
YMR319C,YCR098C,1,10.508182,0.4557522237300873,0.1005859375,0.012329591438174248
YHL016C,YLR214W,1,10.501623,0.458149790763855,0.1015625,0.012329591438174248
YIL013C,YPR067W,0,10.501571,0.45614033937454224,0.1015625,0.012429831549525261
YGL255W,YEL065W,1,10.494329,0.4585152864456177,0.1025390625,0.012429831549525261
YLR214W,YNL065W,1,10.492743,0.46086955070495605,0.103515625,0.012429831549525261
YCL017C,YFR053C,0,10.486177,0.4588744640350342,0.103515625,0.012530072592198849
YMR205C,YNR033W,0,10.479544,0.4568965435028076,0.103515625,0.012630312703549862
YPR156C,YPR003C,1,10.474592,0.45922747254371643,0.1044921875,0.012630312703549862
YHR190W,YLR313C,0,10.456501,0.4572649598121643,0.1044921875,0.01273055374622345
YML100W,YBR295W,0,10.456481,0.4553191363811493,0.1044921875,0.012830793857574463
YCR091W,YCR005C,0,10.452227,0.45338982343673706,0.1044921875,0.01293103490024805
YLL026W,YCR063W,0,10.451823,0.4514767825603485,0.1044921875,0.013031275011599064
YOR270C,YDL004W,1,10.444389,0.45378151535987854,0.10546875,0.013031275011599064
YAL007C,YEL032W,0,10.441082,0.45188283920288086,0.10546875,0.013131516054272652
YPR106W,YBR034C,0,10.431564,0.44999998807907104,0.10546875,0.013231756165623665
YDL230W,YLR017W,0,10.431402,0.44813278317451477,0.10546875,0.013331997208297253
YDR322C-A,YMR054W,1,10.419027,0.45041322708129883,0.1064453125,0.013331997208297253
YDL128W,YLR034C,1,10.412127,0.45267489552497864,0.107421875,0.013331997208297253
YGR020C,YDR456W,1,10.406314,0.4549180269241333,0.1083984375,0.013331997208297253
YFR024C-A,YJR048W,0,10.404843,0.45306122303009033,0.1083984375,0.013432237319648266
YBR114W,YOL132W,0,10.397573,0.45121949911117554,0.1083984375,0.013532478362321854
YER062C,YPR175W,0,10.3966255,0.449392706155777,0.1083984375,0.013632718473672867
YOL122C,YCR031C,0,10.394359,0.44758063554763794,0.1083984375,0.013732959516346455
YAL059W,YOR059C,0,10.377355,0.4457831382751465,0.1083984375,0.013833199627697468
YKL016C,YOR383C,1,10.371356,0.4480000138282776,0.109375,0.013833199627697468
YPL078C,YOR316C,1,10.35898,0.4501992166042328,0.1103515625,0.013833199627697468
YDR280W,YFR053C,0,10.352995,0.44841268658638,0.1103515625,0.013933440670371056
YOR195W,YGR260W,0,10.350525,0.4466403126716614,0.1103515625,0.014033680781722069
YLR017W,YPR155C,0,10.348443,0.4448818862438202,0.1103515625,0.014133921824395657
YPL265W,YJL117W,1,10.339983,0.4470588266849518,0.111328125,0.014133921824395657
YNL250W,YGR181W,0,10.319384,0.4453125,0.111328125,0.01423416193574667
YOR004W,YCL035C,0,10.3064165,0.443579763174057,0.111328125,0.014334402978420258
YDR528W,YPL058C,0,10.30616,0.44186046719551086,0.111328125,0.01443464308977127
YIL052C,YLR299W,0,10.302742,0.44015443325042725,0.111328125,0.014534884132444859
YJR077C,YLR214W,1,10.29805,0.4423076808452606,0.1123046875,0.014534884132444859
YOR332W,YNR060W,1,10.292112,0.4444444477558136,0.11328125,0.014534884132444859
YGR245C,YKL079W,0,10.288153,0.442748099565506,0.11328125,0.014635124243795872
YKL016C,YJR041C,0,10.286465,0.44106462597846985,0.11328125,0.01473536528646946
YNL291C,YDR377W,1,10.280909,0.4431818127632141,0.1142578125,0.01473536528646946
YPL262W,YOR253W,0,10.276261,0.4415094256401062,0.1142578125,0.014835605397820473
YGL096W,YIR031C,0,10.270536,0.4398496150970459,0.1142578125,0.01493584644049406
YPL092W,YHL040C,1,10.255594,0.4419475793838501,0.115234375,0.01493584644049406
YKR105C,YHR136C,1,10.247585,0.444029837846756,0.1162109375,0.01493584644049406
YER072W,YDR268W,0,10.241764,0.4423791766166687,0.1162109375,0.015036086551845074
YOR136W,YBR188C,0,10.238087,0.4407407343387604,0.1162109375,0.015136327594518661
YJR150C,YMR002W,0,10.232039,0.43911439180374146,0.1162109375,0.015236567705869675
YNL259C,YBR296C,1,10.231873,0.44117647409439087,0.1171875,0.015236567705869675
YMR241W,YHR136C,1,10.21829,0.4432234466075897,0.1181640625,0.015236567705869675
YNR060W,YBR039W,1,10.215075,0.44525548815727234,0.119140625,0.015236567705869675
YKR050W,YKL217W,1,10.2057495,0.44727271795272827,0.1201171875,0.015236567705869675
YGL126W,YDR395W,0,10.203455,0.44565218687057495,0.1201171875,0.015336808748543262
YML123C,YOR273C,1,10.2009535,0.4476534426212311,0.12109375,0.015336808748543262
YER179W,YDR292C,0,10.192517,0.4460431635379791,0.12109375,0.015437048859894276
YNL025C,YNL278W,0,10.180782,0.4444444477558136,0.12109375,0.015537289902567863
YER053C,YIL023C,1,10.141396,0.4464285671710968,0.1220703125,0.015537289902567863
YLR248W,YPL193W,0,10.140154,0.44483986496925354,0.1220703125,0.015637530013918877
YIR026C,YJL196C,0,10.119692,0.44326239824295044,0.1220703125,0.01573777012526989
YGL104C,YDR300C,0,10.105243,0.4416961073875427,0.1220703125,0.015838012099266052
YDR091C,YGR055W,0,10.104651,0.44014084339141846,0.1220703125,0.015938252210617065
YKL016C,YOR032C,0,10.102566,0.4385964870452881,0.1220703125,0.01603849232196808
YJL198W,YLL009C,1,10.064798,0.440559446811676,0.123046875,0.01603849232196808
YHR002W,YNL065W,1,10.052736,0.4425086975097656,0.1240234375,0.01603849232196808
YPL078C,YOR334W,1,10.044552,0.4444444477558136,0.125,0.01603849232196808
YDR135C,YKL080W,1,10.028564,0.4463667869567871,0.1259765625,0.01603849232196808
YDR213W,YOR157C,0,10.0239105,0.4448275864124298,0.1259765625,0.016138732433319092
YDL124W,YNL247W,0,10.023426,0.44329896569252014,0.1259765625,0.016238974407315254
YER062C,YAL019W,0,10.018044,0.44178083539009094,0.1259765625,0.016339214518666267
YNL065W,YBR054W,1,10.003501,0.44368600845336914,0.126953125,0.016339214518666267
YLL009C,YMR058W,1,9.999086,0.4455782175064087,0.1279296875,0.016339214518666267
YER145C,YKL080W,1,9.995677,0.4474576413631439,0.12890625,0.016339214518666267
YGL073W,YBR191W,0,9.990191,0.44594594836235046,0.12890625,0.01643945463001728
YPR188C,YGR055W,0,9.974609,0.4444444477558136,0.12890625,0.016539694741368294
YBL087C,YDL223C,0,9.9419565,0.4429530203342438,0.12890625,0.016639936715364456
YDL210W,YNL321W,1,9.9369755,0.44481605291366577,0.1298828125,0.016639936715364456
YDR345C,YGR211W,0,9.933657,0.44333332777023315,0.1298828125,0.01674017682671547
YCR107W,YGL076C,0,9.919535,0.44186046719551086,0.1298828125,0.016840416938066483
YMR205C,YDL223C,0,9.91539,0.44039735198020935,0.1298828125,0.016940657049417496
YOR207C,YGR174C,0,9.902723,0.43894389271736145,0.1298828125,0.017040899023413658
YGR096W,YBL099W,1,9.899536,0.44078946113586426,0.130859375,0.017040899023413658
YGR217W,YHR136C,1,9.898349,0.44262295961380005,0.1318359375,0.017040899023413658
YPR110C,YFR053C,0,9.870729,0.44117647409439087,0.1318359375,0.01714113913476467
YPL271W,YCR024C-A,1,9.869588,0.4429967403411865,0.1328125,0.01714113913476467
YHR026W,YDL206W,1,9.867029,0.44480520486831665,0.1337890625,0.01714113913476467
YPR020W,YJL133W,1,9.864599,0.446601927280426,0.134765625,0.01714113913476467
YKL194C,YDR234W,0,9.857042,0.44516128301620483,0.134765625,0.017241379246115685
YAL048C,YLR131C,0,9.854829,0.4437299072742462,0.134765625,0.017341619357466698
YML041C,YLR432W,0,9.8539,0.4423076808452606,0.134765625,0.01744186133146286
YLR058C,YPR199C,0,9.848252,0.44089457392692566,0.134765625,0.017542101442813873
YDR256C,YDR500C,0,9.842254,0.4394904375076294,0.134765625,0.017642341554164886
YDR298C,YKL220C,1,9.833822,0.4412698447704315,0.1357421875,0.017642341554164886
YBL038W,YDL211C,0,9.832129,0.43987342715263367,0.1357421875,0.0177425816655159
YJR073C,YHL015W,0,9.829681,0.4384858012199402,0.1357421875,0.017842823639512062
YPR100W,YNL123W,0,9.828684,0.4371069073677063,0.1357421875,0.017943063750863075
YLR138W,YDR276C,1,9.824984,0.43887147307395935,0.13671875,0.017943063750863075
YJR109C,YBR015C,0,9.822181,0.4375,0.13671875,0.01804330386221409
YAR009C,YML127W,0,9.820755,0.4361370801925659,0.13671875,0.0181435439735651
YER145C,YLR447C,1,9.820177,0.4378882050514221,0.1376953125,0.0181435439735651
YBL013W,YNL065W,0,9.816057,0.43653249740600586,0.1376953125,0.018243785947561264
YOR383C,YGL053W,0,9.814346,0.43518519401550293,0.1376953125,0.018344026058912277
YGL028C,YKL150W,0,9.811186,0.4338461458683014,0.1376953125,0.01844426617026329
YGR020C,YGL254W,1,9.811058,0.43558281660079956,0.138671875,0.01844426617026329
YLR007W,YLR460C,0,9.809584,0.43425077199935913,0.138671875,0.018544506281614304
YGL067W,YHL015W,0,9.806175,0.43292683362960815,0.138671875,0.018644748255610466
YOR363C,YIL120W,0,9.803001,0.43161094188690186,0.138671875,0.01874498836696148
YHL028W,YNL161W,0,9.7945175,0.43030303716659546,0.138671875,0.018845228478312492
YER072W,YNL068C,0,9.791893,0.4290030300617218,0.138671875,0.018945468589663506
YIL030C,YGR161C,0,9.791405,0.4277108311653137,0.138671875,0.019045710563659668
YJR132W,YNL173C,0,9.773218,0.4264264404773712,0.138671875,0.01914595067501068
YBR291C,YDL004W,1,9.7547455,0.428143709897995,0.1396484375,0.01914595067501068
YGL076C,YKL145W,0,9.728184,0.42686566710472107,0.1396484375,0.019246190786361694
YOR316C,YKL051W,0,9.726001,0.425595223903656,0.1396484375,0.019346430897712708
YDR205W,YIL023C,1,9.720138,0.42729970812797546,0.140625,0.019346430897712708
YOL078W,YNL036W,0,9.715122,0.42603549361228943,0.140625,0.01944667287170887
YDR280W,YNL081C,0,9.704477,0.4247787594795227,0.140625,0.019546912983059883
YDR276C,YLR034C,1,9.685746,0.4264705777168274,0.1416015625,0.019546912983059883
YBL030C,YNL321W,1,9.679456,0.42815250158309937,0.142578125,0.019546912983059883
YLR447C,YHR136C,1,9.6690445,0.429824560880661,0.1435546875,0.019546912983059883
YOR136W,YDL145C,0,9.668539,0.4285714328289032,0.1435546875,0.019647153094410896
YLR295C,YNR039C,1,9.667404,0.43023255467414856,0.14453125,0.019647153094410896
YBL030C,YDR506C,1,9.667344,0.4318840503692627,0.1455078125,0.019647153094410896
YOR136W,YHR193C,0,9.661099,0.43063583970069885,0.1455078125,0.01974739320576191
YPR003C,YDR033W,1,9.651442,0.4322766661643982,0.146484375,0.01974739320576191
YMR241W,YDR506C,1,9.637791,0.43390804529190063,0.1474609375,0.01974739320576191
YKL016C,YPL274W,1,9.635639,0.4355300962924957,0.1484375,0.01974739320576191
YPL262W,YNL036W,0,9.63554,0.4342857003211975,0.1484375,0.019847635179758072
YPL060W,YPR020W,1,9.626526,0.43589743971824646,0.1494140625,0.019847635179758072
YLL009C,YDR038C,1,9.625682,0.4375,0.150390625,0.019847635179758072
YLR193C,YDR437W,0,9.622686,0.4362606108188629,0.150390625,0.019947875291109085
YLR377C,YGL238W,0,9.615866,0.4350282549858093,0.150390625,0.0200481154024601
YDR322C-A,YJR040W,1,9.613409,0.43661972880363464,0.1513671875,0.0200481154024601
YLR460C,YDR365C,0,9.609603,0.43539324402809143,0.1513671875,0.02014835551381111
YGR103W,YFR010W,0,9.596572,0.43417367339134216,0.1513671875,0.020248597487807274
YJR121W,YLR138W,1,9.58807,0.4357541799545288,0.15234375,0.020248597487807274
YGR103W,YGR138C,0,9.585992,0.43454039096832275,0.15234375,0.020348837599158287
YBR101C,YJL001W,0,9.576908,0.4333333373069763,0.15234375,0.0204490777105093
YER177W,YKL110C,0,9.572765,0.4321329593658447,0.15234375,0.020549317821860313
YLR333C,YPL061W,0,9.567054,0.4309392273426056,0.15234375,0.020649559795856476
YOL084W,YDR078C,0,9.566413,0.42975205183029175,0.15234375,0.02074979990720749
YNL288W,YDR399W,0,9.562624,0.4285714328289032,0.15234375,0.020850040018558502
YLR237W,YLL009C,1,9.560739,0.4301369786262512,0.1533203125,0.020850040018558502
YKL110C,YHR113W,0,9.5603485,0.42896175384521484,0.1533203125,0.020950280129909515
YJR041C,YJL003W,0,9.558986,0.42779290676116943,0.1533203125,0.021050522103905678
YHR096C,YNL240C,0,9.557742,0.426630437374115,0.1533203125,0.02115076221525669
YKL026C,YDL102W,0,9.555172,0.42547425627708435,0.1533203125,0.021251002326607704
YJR040W,YOR382W,1,9.551764,0.42702701687812805,0.154296875,0.021251002326607704
YPR095C,YPL036W,0,9.551689,0.42587602138519287,0.154296875,0.021351242437958717
YPR036W,YPR201W,1,9.546038,0.42741936445236206,0.1552734375,0.021351242437958717
YER166W,YER185W,1,9.539351,0.42895442247390747,0.15625,0.021351242437958717
YGR065C,YLL027W,1,9.536269,0.43048128485679626,0.1572265625,0.021351242437958717
YDL210W,YIL134W,1,9.526656,0.4320000112056732,0.158203125,0.021351242437958717
YDR111C,YKL155C,0,9.521719,0.4308510720729828,0.158203125,0.02145148441195488
YGL139W,YNR037C,0,9.515486,0.42970821261405945,0.158203125,0.021551724523305893
YKL150W,YOR019W,0,9.50886,0.4285714328289032,0.158203125,0.021651964634656906
YER028C,YBR254C,0,9.507757,0.4274406433105469,0.158203125,0.02175220474600792
YLR130C,YNL259C,1,9.505302,0.4289473593235016,0.1591796875,0.02175220474600792
YOL144W,YOL052C-A,0,9.502207,0.4278215169906616,0.1591796875,0.02185244672000408
YBL030C,YPR156C,1,9.490843,0.4293193817138672,0.16015625,0.02185244672000408
YJR109C,YKL087C,0,9.479732,0.4281984269618988,0.16015625,0.021952686831355095
YCR021C,YJL197W,0,9.476707,0.4270833432674408,0.16015625,0.022052926942706108
YOR065W,YPR169W,0,9.46649,0.4259740114212036,0.16015625,0.02215316705405712
YOR306C,YIL134W,1,9.450269,0.4274611473083496,0.1611328125,0.02215316705405712
YPR020W,YPL274W,1,9.448425,0.4289405643939972,0.162109375,0.02215316705405712
YDL120W,YEL065W,1,9.44549,0.4304123818874359,0.1630859375,0.02215316705405712
YOL154W,YPL145C,0,9.44374,0.42930591106414795,0.1630859375,0.022253409028053284
YHL040C,YMR241W,1,9.443553,0.4307692348957062,0.1640625,0.022253409028053284
YML120C,YJR052W,0,9.439161,0.42966753244400024,0.1640625,0.022353649139404297
YOR363C,YMR002W,0,9.438723,0.4285714328289032,0.1640625,0.02245388925075531
YMR205C,YMR002W,0,9.434574,0.42748090624809265,0.1640625,0.022554129362106323
YOR177C,YKR085C,0,9.419889,0.4263959527015686,0.1640625,0.022654371336102486
YCL064C,YPL040C,0,9.410283,0.4253164529800415,0.1640625,0.0227546114474535
YLR347C,YOL052C-A,0,9.40826,0.42424243688583374,0.1640625,0.022854851558804512
YPR003C,YBR069C,1,9.39859,0.42569270730018616,0.1650390625,0.022854851558804512
YOR383C,YCR098C,1,9.395744,0.4271356761455536,0.166015625,0.022854851558804512
YOR330C,YBR191W,0,9.3954315,0.4260651767253876,0.166015625,0.022955091670155525
YDR434W,YOR260W,0,9.390848,0.42500001192092896,0.166015625,0.023055333644151688
YOR316C,YEL051W,1,9.384344,0.4264339208602905,0.1669921875,0.023055333644151688
YHR026W,YJL093C,1,9.378483,0.42786070704460144,0.16796875,0.023055333644151688
YJR123W,YPL135W,0,9.373119,0.4267989993095398,0.16796875,0.0231555737555027
YKL016C,YMR038C,1,9.371775,0.4282178282737732,0.1689453125,0.0231555737555027
YLL055W,YOR382W,1,9.370472,0.4296296238899231,0.169921875,0.0231555737555027
YHR002W,YFL041W,1,9.370083,0.43103447556495667,0.1708984375,0.0231555737555027
YLR102C,YBR248C,0,9.367374,0.4299754202365875,0.1708984375,0.023255813866853714
YDR343C,YIL011W,0,9.361859,0.42892158031463623,0.1708984375,0.023356053978204727
YFL050C,YBL030C,1,9.361697,0.43031784892082214,0.171875,0.023356053978204727
YML101C,YJL026W,0,9.360144,0.4292683005332947,0.171875,0.02345629595220089
YPR020W,YML081C-A,1,9.358472,0.43065693974494934,0.1728515625,0.02345629595220089
YML021C,YBR109C,0,9.352445,0.4296116530895233,0.1728515625,0.023556536063551903
YML101C,YOL011W,0,9.352411,0.4285714328289032,0.1728515625,0.023656776174902916
YKL016C,YPR071W,0,9.330729,0.4275362193584442,0.1728515625,0.02375701628625393
YMR015C,YIL167W,0,9.325991,0.42650601267814636,0.1728515625,0.02385725826025009
YPL120W,YDR009W,0,9.317032,0.42548078298568726,0.1728515625,0.023957498371601105
YFL011W,YKL029C,0,9.302849,0.42446044087409973,0.1728515625,0.024057738482952118
YPR199C,YGR094W,0,9.291642,0.4234449863433838,0.1728515625,0.02415797859430313
YDR178W,YHR139C,0,9.289719,0.42243435978889465,0.1728515625,0.024258220568299294
YML092C,YIL043C,0,9.2853565,0.4214285612106323,0.1728515625,0.024358460679650307
YOL132W,YKR064W,0,9.281972,0.4204275608062744,0.1728515625,0.02445870079100132
YIL006W,YLR447C,1,9.2757435,0.4218009412288666,0.173828125,0.02445870079100132
YLR185W,YNL036W,0,9.275304,0.4208037853240967,0.173828125,0.024558940902352333
YPL221W,YMR177W,1,9.273342,0.4221698045730591,0.1748046875,0.024558940902352333
YBR046C,YIR026C,0,9.270139,0.4211764633655548,0.1748046875,0.024659182876348495
YGL246C,YOL052C-A,0,9.265879,0.4201878011226654,0.1748046875,0.02475942298769951
YOR136W,YNR053C,0,9.262759,0.4192037582397461,0.1748046875,0.024859663099050522
YMR101C,YHR190W,0,9.258466,0.4182243049144745,0.1748046875,0.024959903210401535
YGL255W,YGL006W,1,9.255627,0.4195804297924042,0.17578125,0.024959903210401535
YPL271W,YMR054W,1,9.251862,0.42093023657798767,0.1767578125,0.024959903210401535
YLR347C,YPL056C,0,9.249179,0.4199535846710205,0.1767578125,0.025060145184397697
YJR150C,YOR059C,0,9.238942,0.41898149251937866,0.1767578125,0.02516038529574871
YKL045W,YLL018C,0,9.237256,0.41801387071609497,0.1767578125,0.025260625407099724
YDR038C,YPR020W,1,9.236048,0.4193548262119293,0.177734375,0.025260625407099724
YPL137C,YGR217W,0,9.226433,0.41839081048965454,0.177734375,0.025360865518450737
YBR132C,YNL065W,1,9.223356,0.4197247624397278,0.1787109375,0.025360865518450737
YBR112C,YNR037C,0,9.214166,0.41876429319381714,0.1787109375,0.0254611074924469
YDL240W,YFR047C,0,9.208809,0.4178082048892975,0.1787109375,0.025561347603797913
YIL147C,YMR040W,0,9.208025,0.4168564975261688,0.1787109375,0.025661587715148926
YBL030C,YDL206W,1,9.205921,0.41818180680274963,0.1796875,0.025661587715148926
YKL087C,YNL066W,0,9.197481,0.41723355650901794,0.1796875,0.02576182782649994
YNL055C,YMR034C,1,9.19546,0.418552041053772,0.1806640625,0.02576182782649994
YGL053W,YPL156C,0,9.194496,0.41760721802711487,0.1806640625,0.0258620698004961
YIL144W,YCR021C,0,9.190954,0.4166666567325592,0.1806640625,0.025962309911847115
YPR174C,YBR149W,0,9.181251,0.4157303273677826,0.1806640625,0.026062550023198128
YIL147C,YJL180C,0,9.18038,0.41479820013046265,0.1806640625,0.02616279013454914
YHR037W,YPL156C,0,9.176861,0.413870245218277,0.1806640625,0.026263032108545303
YKL016C,YJR152W,1,9.176212,0.4151785671710968,0.181640625,0.026263032108545303
YGR082W,YDR438W,0,9.173608,0.4142538905143738,0.181640625,0.026363272219896317
YOR306C,YHL008C,1,9.16885,0.41555556654930115,0.1826171875,0.026363272219896317
YLR130C,YPR128C,1,9.157746,0.4168514311313629,0.18359375,0.026363272219896317
YLR345W,YPL076W,0,9.157389,0.4159291982650757,0.18359375,0.02646351233124733
YLR220W,YGR224W,1,9.147035,0.41721853613853455,0.1845703125,0.02646351233124733
YGL255W,YNR055C,1,9.142816,0.41850221157073975,0.185546875,0.02646351233124733
YHR026W,YPR067W,1,9.140321,0.4197802245616913,0.1865234375,0.02646351233124733
YKL150W,YLR150W,0,9.13585,0.41885966062545776,0.1865234375,0.026563752442598343
YCL017C,YOL122C,0,9.134832,0.4179431200027466,0.1865234375,0.026663994416594505
YML120C,YGL061C,0,9.126654,0.41703057289123535,0.1865234375,0.02676423452794552
YDR178W,YLR413W,0,9.125457,0.4161219894886017,0.1865234375,0.02686447463929653
YOR087W,YLL048C,1,9.117541,0.417391300201416,0.1875,0.02686447463929653
YLR377C,YNL132W,0,9.115036,0.41648590564727783,0.1875,0.026964714750647545
YLR413W,YPL135W,0,9.109894,0.41558441519737244,0.1875,0.027064956724643707
YMR286W,YDR234W,0,9.109857,0.41468682885169983,0.1875,0.02716519683599472
YDR148C,YAL059W,0,9.107162,0.4137931168079376,0.1875,0.027265436947345734
YER063W,YJR046W,0,9.106095,0.41290321946144104,0.1875,0.027365677058696747
YGR235C,YPR114W,0,9.099663,0.41201716661453247,0.1875,0.02746591903269291
YBR132C,YKL217W,1,9.098921,0.41327622532844543,0.1884765625,0.02746591903269291
YER179W,YDR098C,0,9.089122,0.41239315271377563,0.1884765625,0.027566159144043922
YBR295W,YCR075C,1,9.087227,0.41364604234695435,0.189453125,0.027566159144043922
YLR333C,YOL116W,0,9.083842,0.4127659499645233,0.189453125,0.027666399255394936
YDR500C,YJR052W,0,9.07983,0.41188958287239075,0.189453125,0.02776663936674595
YPR007C,YNL081C,0,9.078615,0.41101694107055664,0.189453125,0.02786688134074211
YKL080W,YJL094C,1,9.077162,0.4122621417045593,0.1904296875,0.02786688134074211
YBR295W,YOR382W,1,9.075402,0.4135020971298218,0.19140625,0.02786688134074211
YEL027W,YIL023C,1,9.074427,0.4147368371486664,0.1923828125,0.02786688134074211
YCL029C,YKL141W,0,9.069189,0.4138655364513397,0.1923828125,0.027967121452093124
YLR284C,YLR167W,0,9.064562,0.41299790143966675,0.1923828125,0.028067361563444138
YMR203W,YBR132C,1,9.0611,0.4142259359359741,0.193359375,0.028067361563444138
YNL065W,YMR058W,1,9.047531,0.4154488444328308,0.1943359375,0.028067361563444138
YGL142C,YHR020W,0,9.047153,0.41458332538604736,0.1943359375,0.02816760167479515
YNR059W,YPR086W,0,9.041763,0.4137214124202728,0.1943359375,0.028267843648791313
YPL061W,YGL219C,0,9.031453,0.4128630757331848,0.1943359375,0.028368083760142326
YBR101C,YDR243C,0,9.030191,0.41200828552246094,0.1943359375,0.02846832387149334
YLL048C,YLR214W,1,9.028221,0.41322314739227295,0.1953125,0.02846832387149334
YDR513W,YCR018C,0,9.027085,0.41237112879753113,0.1953125,0.028568563982844353
YJL180C,YNL065W,0,9.019812,0.41152262687683105,0.1953125,0.028668805956840515
YKL006W,YKR031C,0,9.014172,0.41067761182785034,0.1953125,0.02876904606819153
YDR148C,YNL145W,0,9.013548,0.4098360538482666,0.1953125,0.02886928617954254
YDR469W,YPL061W,0,9.013234,0.40899795293807983,0.1953125,0.028969526290893555
YJL183W,YBR301W,0,9.012934,0.40816327929496765,0.1953125,0.029069768264889717
YBR132C,YML121W,1,9.010035,0.409368634223938,0.1962890625,0.029069768264889717
YNL020C,YDR381W,0,9.00689,0.4085365831851959,0.1962890625,0.02917000837624073
YPR067W,YBL099W,1,9.003693,0.409736305475235,0.197265625,0.02917000837624073
YIL075C,YBR121C,0,8.999607,0.40890687704086304,0.197265625,0.029270248487591743
YNL240C,YNL156C,0,8.998928,0.4080808162689209,0.197265625,0.029370488598942757
YDR441C,YBR193C,0,8.99699,0.4072580635547638,0.197265625,0.02947073057293892
YDR298C,YMR243C,1,8.996525,0.4084506928920746,0.1982421875,0.02947073057293892
YER142C,YGL192W,0,8.986645,0.4076305329799652,0.1982421875,0.029570970684289932
YOR252W,YGR161C,0,8.984288,0.4068136215209961,0.1982421875,0.029671210795640945
YCR023C,YNL065W,1,8.981386,0.40799999237060547,0.19921875,0.029671210795640945
YNL240C,YNR059W,0,8.974969,0.4071856141090393,0.19921875,0.02977145090699196
YNL275W,YLR034C,1,8.969152,0.40836653113365173,0.2001953125,0.02977145090699196
YBR130C,YOR383C,0,8.9681835,0.4075546860694885,0.2001953125,0.02987169288098812
YIL096C,YNR059W,0,8.967997,0.4067460298538208,0.2001953125,0.029971932992339134
YPL013C,YDR365C,0,8.962616,0.40594059228897095,0.2001953125,0.030072173103690147
YGL189C,YHR037W,0,8.961828,0.4051383435726166,0.2001953125,0.03017241321504116
YOR156C,YGR060W,0,8.953123,0.4043392539024353,0.2001953125,0.030272655189037323
YER185W,YDR033W,1,8.951986,0.4055117964744568,0.201171875,0.030272655189037323
YKL145W,YBL072C,0,8.95012,0.4047151207923889,0.201171875,0.030372895300388336
YML133C,YEL027W,0,8.946591,0.40392157435417175,0.201171875,0.03047313541173935
YBR054W,YER167W,0,8.946289,0.4031311273574829,0.201171875,0.030573375523090363
YDL072C,YNL221C,0,8.944294,0.40234375,0.201171875,0.030673617497086525
YLR390W-A,YNL287W,0,8.940389,0.401559442281723,0.201171875,0.030773857608437538
YPL092W,YDR205W,1,8.934307,0.4027237296104431,0.2021484375,0.030773857608437538
YIL075C,YPL239W,0,8.932526,0.4019417464733124,0.2021484375,0.03087409771978855
YKL016C,YCR027C,1,8.932512,0.40310078859329224,0.203125,0.03087409771978855
YGR257C,YMR243C,1,8.930308,0.40425533056259155,0.2041015625,0.03087409771978855
YJL059W,YBR101C,0,8.92904,0.403474897146225,0.2041015625,0.030974337831139565
YGR208W,YMR156C,0,8.927553,0.40269750356674194,0.2041015625,0.031074579805135727
YDR343C,YOR272W,0,8.924585,0.4019230902194977,0.2041015625,0.03117481991648674
YGR253C,YIL009W,0,8.919678,0.4011516273021698,0.2041015625,0.03127506002783775
YLR167W,YKL134C,0,8.911926,0.4003831446170807,0.2041015625,0.031375300139188766
YER031C,YBR005W,0,8.90922,0.39961758255958557,0.2041015625,0.03147554025053978
YDR105C,YDR365C,0,8.90696,0.39885497093200684,0.2041015625,0.03157578036189079
YHR006W,YMR205C,0,8.905216,0.3980952501296997,0.2041015625,0.031676024198532104
YFR047C,YOL023W,0,8.898621,0.3973383903503418,0.2041015625,0.03177626430988312
YDL210W,YDL004W,1,8.889859,0.39848196506500244,0.205078125,0.03177626430988312
YJR153W,YPL173W,0,8.889429,0.39772728085517883,0.205078125,0.03187650442123413
YGR191W,YLR214W,1,8.887972,0.39886578917503357,0.2060546875,0.03187650442123413
YHR026W,YGR065C,1,8.881294,0.4000000059604645,0.20703125,0.03187650442123413
YDR201W,YCR005C,0,8.879999,0.3992466926574707,0.20703125,0.031976744532585144
YBR016W,YMR153W,0,8.879524,0.39849624037742615,0.20703125,0.03207698464393616
YHR039C-A,YCR024C-A,1,8.876341,0.399624764919281,0.2080078125,0.03207698464393616
YLR295C,YLL043W,1,8.875245,0.4007490575313568,0.208984375,0.03207698464393616
YDR471W,YGL219C,0,8.874931,0.4000000059604645,0.208984375,0.03217722475528717
YNL111C,YHL035C,0,8.871134,0.3992537260055542,0.208984375,0.032277464866638184
YOR018W,YAL059W,0,8.866009,0.39851024746894836,0.208984375,0.0323777049779892
YPR114W,YCL035C,0,8.865645,0.3977695107460022,0.208984375,0.03247794881463051
YDR276C,YNL065W,1,8.860783,0.3988868296146393,0.2099609375,0.03247794881463051
YER031C,YDR178W,0,8.855915,0.39814814925193787,0.2099609375,0.03257818892598152
YDL189W,YFR014C,0,8.847887,0.3974122107028961,0.2099609375,0.032678429037332535
YOR009W,YNL055C,0,8.845107,0.39667895436286926,0.2099609375,0.03277866914868355
YER176W,YOL052C-A,0,8.843601,0.3959484398365021,0.2099609375,0.03287890926003456
YEL024W,YMR149W,0,8.841732,0.3952205777168274,0.2099609375,0.032979149371385574
YGL192W,YNR053C,0,8.840113,0.39449542760849,0.2099609375,0.03307938948273659
YHL008C,YOL122C,1,8.829763,0.3956044018268585,0.2109375,0.03307938948273659
YEL062W,YHL040C,1,8.823887,0.3967093229293823,0.2119140625,0.03307938948273659
YDR399W,YIL005W,0,8.821772,0.3959853947162628,0.2119140625,0.0331796295940876
YBL013W,YDR515W,0,8.821347,0.3952641189098358,0.2119140625,0.03327987343072891
YDL124W,YDR300C,0,8.815455,0.39454546570777893,0.2119140625,0.033380113542079926
YBR254C,YLR328W,0,8.812077,0.3938294053077698,0.2119140625,0.03348035365343094
YKL002W,YLR056W,0,8.803238,0.39311593770980835,0.2119140625,0.03358059376478195
YJL078C,YBR091C,0,8.800474,0.39240506291389465,0.2119140625,0.033680833876132965
YOR117W,YJR048W,0,8.799597,0.3916967511177063,0.2119140625,0.03378107398748398
YPL207W,YNL081C,0,8.796768,0.3909910023212433,0.2119140625,0.03388131409883499
YPR008W,YIR026C,0,8.791912,0.39028775691986084,0.2119140625,0.033981554210186005
YBR189W,YNL081C,0,8.785849,0.38958707451820374,0.2119140625,0.034081798046827316
YDR091C,YPL061W,0,8.780386,0.3888888955116272,0.2119140625,0.03418203815817833
YPL173W,YHR157W,0,8.778799,0.38819319009780884,0.2119140625,0.03428227826952934
YKR093W,YPR143W,0,8.778727,0.38749998807907104,0.2119140625,0.034382518380880356
YKL026C,YOR272W,0,8.77559,0.38680925965309143,0.2119140625,0.03448275849223137
YJL012C,YLR167W,0,8.773855,0.38612100481987,0.2119140625,0.03458299860358238
YER102W,YDR028C,0,8.771692,0.38543516397476196,0.2119140625,0.034683238714933395
YBR046C,YLR460C,0,8.766448,0.3847517669200897,0.2119140625,0.03478347882628441
YCR028C,YMR058W,1,8.764704,0.3858407139778137,0.212890625,0.03478347882628441
YLR056W,YMR035W,0,8.758981,0.3851590156555176,0.212890625,0.03488372266292572
YGL105W,YHR138C,0,8.750487,0.38447973132133484,0.212890625,0.03498396277427673
YNL243W,YHR193C,0,8.742432,0.3838028311729431,0.212890625,0.03508420288562775
YEL039C,YPR169W,0,8.740997,0.38312828540802,0.212890625,0.03518444299697876
YIL075C,YNL111C,0,8.74066,0.3824561536312103,0.212890625,0.03528468310832977
YLR220W,YCR005C,0,8.739714,0.3817863464355469,0.212890625,0.035384923219680786
YGR024C,YOR065W,0,8.737935,0.38111889362335205,0.212890625,0.0354851633310318
YOR316C,YLR447C,1,8.731535,0.3821989595890045,0.2138671875,0.0354851633310318
YMR205C,YKR052C,0,8.723516,0.38153308629989624,0.2138671875,0.03558540344238281
YOL011W,YBR023C,0,8.716128,0.3808695673942566,0.2138671875,0.035685647279024124
YBR189W,YJL180C,0,8.713953,0.3802083432674408,0.2138671875,0.03578588739037514
YIL147C,YAL068C,0,8.712656,0.37954938411712646,0.2138671875,0.03588612750172615
YKL016C,YCR024C-A,1,8.711621,0.38062283396720886,0.21484375,0.03588612750172615
YPL224C,YHL016C,1,8.702083,0.3816925585269928,0.2158203125,0.03588612750172615
YPL265W,YMR241W,1,8.701187,0.38275861740112305,0.216796875,0.03588612750172615
YML133C,YPL010W,0,8.70107,0.38209983706474304,0.216796875,0.035986367613077164
YKL014C,YIL153W,0,8.694973,0.3814432919025421,0.216796875,0.03608660772442818
YBR038W,YBL100W-B,0,8.693173,0.38078901171684265,0.216796875,0.03618684783577919
YNL328C,YBR295W,0,8.689594,0.38013699650764465,0.216796875,0.0362870879471302
YJR132W,YJL180C,0,8.682367,0.37948718667030334,0.216796875,0.036387328058481216
YPL058C,YNL036W,0,8.676899,0.3788395822048187,0.216796875,0.03648757189512253
YDR322C-A,YML081C-A,1,8.673846,0.3798977732658386,0.2177734375,0.03648757189512253
YOR045W,YDR235W,0,8.670736,0.3792516887187958,0.2177734375,0.03658781200647354
YLL055W,YOR291W,1,8.67063,0.38030558824539185,0.21875,0.03658781200647354
YOL084W,YJR050W,0,8.661859,0.37966102361679077,0.21875,0.036688052117824554
YJL212C,YBR016W,0,8.661211,0.3790186047554016,0.21875,0.03678829222917557
YHR113W,YDR019C,0,8.659315,0.37837839126586914,0.21875,0.03688853234052658
YOL096C,YJL180C,0,8.658037,0.3777402937412262,0.21875,0.036988772451877594
YNL137C,YJL012C,0,8.657993,0.37710437178611755,0.21875,0.03708901256322861
YFL050C,YDL206W,1,8.657582,0.3781512677669525,0.2197265625,0.03708901256322861
YDL113C,YLR150W,0,8.657496,0.3775167763233185,0.2197265625,0.03718925267457962
YBL035C,YHR096C,0,8.654684,0.37688443064689636,0.2197265625,0.03728949651122093
YLR447C,YNR013C,1,8.654012,0.37792640924453735,0.220703125,0.03728949651122093
YPL271W,YGR191W,1,8.653147,0.37896493077278137,0.2216796875,0.03728949651122093
YCR075C,YOL152W,1,8.642176,0.3799999952316284,0.22265625,0.03728949651122093
YKL129C,YBR188C,0,8.640816,0.3793677091598511,0.22265625,0.037389736622571945
YIL087C,YKR052C,0,8.63927,0.37873753905296326,0.22265625,0.03748997673392296
YCR105W,YML082W,0,8.637686,0.3781094551086426,0.22265625,0.03759021684527397
YMR230W,YDL046W,0,8.633406,0.37748345732688904,0.22265625,0.037690456956624985
YML023C,YKL185W,0,8.630629,0.37685951590538025,0.22265625,0.037790697067976
YPL078C,YER053C,1,8.630436,0.3778877854347229,0.2236328125,0.037790697067976
YFL005W,YDR276C,0,8.628304,0.37726524472236633,0.2236328125,0.03789093717932701
YCR010C,YGL077C,1,8.628173,0.37828946113586426,0.224609375,0.03789093717932701
YFL026W,YLL014W,0,8.62414,0.3776683211326599,0.224609375,0.037991177290678024
YGR181W,YDL113C,0,8.617318,0.37704917788505554,0.224609375,0.038091421127319336
YLR130C,YLR214W,1,8.613203,0.378068745136261,0.2255859375,0.038091421127319336
YDR377W,YJR152W,1,8.611881,0.379084974527359,0.2265625,0.038091421127319336
YBL087C,YDR435C,0,8.609795,0.37846654653549194,0.2265625,0.03819166123867035
YBR296C,YOL027C,1,8.608014,0.3794788420200348,0.2275390625,0.03819166123867035
YOR192C,YGL192W,0,8.604293,0.37886178493499756,0.2275390625,0.03829190135002136
YLR083C,YBR101C,0,8.598488,0.3782467544078827,0.2275390625,0.038392141461372375
YEL017C-A,YIL006W,1,8.592753,0.37925446033477783,0.228515625,0.038392141461372375
YHL038C,YDL081C,0,8.587998,0.3786407709121704,0.228515625,0.03849238157272339
YOR348C,YHR050W,1,8.58526,0.37964460253715515,0.2294921875,0.03849238157272339
YPL137C,YPR097W,0,8.578659,0.3790322542190552,0.2294921875,0.0385926216840744
YAL048C,YLR345W,0,8.5784235,0.3784219026565552,0.2294921875,0.038692861795425415
YLR367W,YFR025C,0,8.576809,0.37781351804733276,0.2294921875,0.03879310190677643
YBR043C,YOR273C,0,8.576544,0.37720707058906555,0.2294921875,0.03889334574341774
YML121W,YJR121W,1,8.575775,0.3782051205635071,0.23046875,0.03889334574341774
YOR004W,YEL051W,0,8.575704,0.3776000142097473,0.23046875,0.03899358585476875
YGR020C,YLR138W,1,8.573022,0.3785942494869232,0.2314453125,0.03899358585476875
YNL065W,YNL278W,0,8.571657,0.3779904246330261,0.2314453125,0.039093825966119766
YOR045W,YLR284C,0,8.571365,0.37738853693008423,0.2314453125,0.03919406607747078
YJL093C,YOR382W,1,8.570252,0.37837839126586914,0.232421875,0.03919406607747078
YDR175C,YIL011W,0,8.569596,0.3777777850627899,0.232421875,0.03929430618882179
YER145C,YBR290W,1,8.566573,0.3787638545036316,0.2333984375,0.03929430618882179
YBR291C,YMR038C,1,8.563963,0.37974682450294495,0.234375,0.03929430618882179
YLL028W,YDL128W,1,8.558705,0.38072669506073,0.2353515625,0.03929430618882179
YJR073C,YLR432W,0,8.557367,0.3801261782646179,0.2353515625,0.039394546300172806
YAL002W,YCL054W,0,8.553573,0.37952756881713867,0.2353515625,0.03949478641152382
YDL120W,YLR034C,1,8.552378,0.3805031478404999,0.236328125,0.03949478641152382
YPL248C,YDL134C,0,8.551575,0.3799058198928833,0.236328125,0.03959502652287483
YBR043C,YIL148W,0,8.548006,0.37931033968925476,0.236328125,0.039695270359516144
YPR134W,YER093C,0,8.547348,0.37871673703193665,0.236328125,0.03979551047086716
YPR175W,YNL246W,0,8.544495,0.37812501192092896,0.236328125,0.03989575058221817
YKL016C,YNR052C,0,8.543322,0.3775351047515869,0.236328125,0.03999599069356918
YEL027W,YOR348C,1,8.541076,0.3785046637058258,0.2373046875,0.03999599069356918
YMR053C,YJL098W,0,8.538995,0.37791600823402405,0.2373046875,0.0400962308049202
YJL129C,YFL041W,1,8.536768,0.3788819909095764,0.23828125,0.0400962308049202
YDR039C,YKL120W,1,8.532894,0.3798449635505676,0.2392578125,0.0400962308049202
YJR095W,YOR271C,1,8.531859,0.38080495595932007,0.240234375,0.0400962308049202
YDL081C,YGR138C,0,8.520989,0.3802163898944855,0.240234375,0.04019647091627121
YPL234C,YKL029C,0,8.519294,0.37962964177131653,0.240234375,0.04029671102762222
YOR011W,YGL105W,0,8.512794,0.37904468178749084,0.240234375,0.040396951138973236
YFL050C,YCR098C,1,8.510979,0.3799999952316284,0.2412109375,0.040396951138973236
YDR343C,YKR088C,0,8.509626,0.379416286945343,0.2412109375,0.04049719497561455
YKR093W,YBR212W,0,8.508824,0.3788343667984009,0.2412109375,0.04059743508696556
YER178W,YLR460C,0,8.5051,0.3782542049884796,0.2412109375,0.040697675198316574
YMR318C,YMR242C,0,8.498173,0.3776758313179016,0.2412109375,0.04079791530966759
YML123C,YLL027W,1,8.491129,0.3786259591579437,0.2421875,0.04079791530966759
YLR367W,YGR253C,0,8.487289,0.37804877758026123,0.2421875,0.0408981554210186
YCL044C,YER060W,0,8.487154,0.3774733543395996,0.2421875,0.040998395532369614
YBR043C,YBR191W,0,8.484562,0.37689968943595886,0.2421875,0.04109863564372063
YNL142W,YBR218C,0,8.484532,0.376327782869339,0.2421875,0.04119887575507164
YDR534C,YFL041W,1,8.481651,0.37727272510528564,0.2431640625,0.04119887575507164
YLR295C,YPR003C,1,8.478937,0.37821483612060547,0.244140625,0.04119887575507164
YHR202W,YPL061W,0,8.475519,0.37764349579811096,0.244140625,0.04129911959171295
YMR034C,YNL321W,1,8.470301,0.3785822093486786,0.2451171875,0.04129911959171295
YHR001W-A,YHL006C,0,8.466029,0.3780120611190796,0.2451171875,0.041399359703063965
YBR086C,YMR226C,0,8.465259,0.3774436116218567,0.2451171875,0.04149959981441498
YLR328W,YDR284C,0,8.464906,0.3768768906593323,0.2451171875,0.04159983992576599
YOR227W,YLR175W,0,8.463909,0.3763118386268616,0.2451171875,0.041700080037117004
YPL078C,YPL060W,1,8.46029,0.3772455155849457,0.24609375,0.041700080037117004
YHR108W,YBR023C,0,8.460268,0.3766816258430481,0.24609375,0.04180032014846802
YEL018W,YPL280W,0,8.459448,0.3761194050312042,0.24609375,0.04190056025981903
YMR243C,YLL027W,1,8.457506,0.37704917788505554,0.2470703125,0.04190056025981903
YDR534C,YJL133W,1,8.45277,0.3779761791229248,0.248046875,0.04190056025981903
YDL210W,YNL275W,1,8.452467,0.3789004385471344,0.2490234375,0.04190056025981903
YGL139W,YPR201W,1,8.451439,0.3798219561576843,0.25,0.04190056025981903
YIL119C,YER143W,0,8.451217,0.37925925850868225,0.25,0.042000800371170044
YBR054W,YKL185W,0,8.450631,0.3786982297897339,0.25,0.042101044207811356
YPL092W,YOR273C,1,8.449242,0.3796159625053406,0.2509765625,0.042101044207811356
YGR094W,YFR053C,0,8.446577,0.37905603647232056,0.2509765625,0.04220128431916237
YGR245C,YGL194C,0,8.437634,0.37849777936935425,0.2509765625,0.04230152443051338
YOL069W,YLR058C,0,8.428741,0.37794119119644165,0.2509765625,0.042401764541864395
YLL016W,YNL287W,0,8.422067,0.3773861825466156,0.2509765625,0.04250200465321541
YDL189W,YCL064C,0,8.413451,0.37683284282684326,0.2509765625,0.04260224476456642
YPL056C,YNL156C,0,8.402985,0.37628111243247986,0.2509765625,0.042702484875917435
YBR189W,YLL053C,0,8.401009,0.3757309913635254,0.2509765625,0.04280272498726845
YOR332W,YBR037C,1,8.400902,0.3766423463821411,0.251953125,0.04280272498726845
YNL051W,YBR191W,0,8.400595,0.3760932981967926,0.251953125,0.04290296882390976
YDR212W,YLR054C,0,8.398994,0.375545859336853,0.251953125,0.04300320893526077
YPR156C,YGR191W,1,8.395331,0.3764534890651703,0.2529296875,0.04300320893526077
YKL064W,YHL047C,1,8.389845,0.37735849618911743,0.25390625,0.04300320893526077
YDR300C,YLR299W,0,8.389725,0.37681159377098083,0.25390625,0.043103449046611786
YLR167W,YNL094W,0,8.385581,0.3762662708759308,0.25390625,0.0432036891579628
YBR037C,YKL175W,1,8.385281,0.37716764211654663,0.2548828125,0.0432036891579628
YER143W,YIL123W,0,8.384325,0.37662336230278015,0.2548828125,0.04330392926931381
YMR175W,YCR016W,0,8.381176,0.3760806918144226,0.2548828125,0.043404169380664825
YDR108W,YLL053C,0,8.380468,0.3755395710468292,0.2548828125,0.04350440949201584
YLR345W,YGR283C,0,8.379864,0.375,0.2548828125,0.04360464960336685
YGL255W,YIL023C,1,8.379227,0.375896692276001,0.255859375,0.04360464960336685
YLL024C,YKR075C,0,8.378637,0.3753581643104553,0.255859375,0.04370489344000816
YMR195W,YOR254C,0,8.3772,0.37482118606567383,0.255859375,0.04380513355135918
YIR019C,YOL052C-A,0,8.376887,0.3742857277393341,0.255859375,0.04390537366271019
YLR085C,YOR081C,0,8.375174,0.37375178933143616,0.255859375,0.0440056137740612
YDL081C,YGR097W,0,8.373161,0.37321937084198,0.255859375,0.044105853885412216
YOL084W,YDR365C,0,8.371706,0.3726884722709656,0.255859375,0.04420609399676323
YMR015C,YBR169C,0,8.366733,0.37215909361839294,0.255859375,0.04430633410811424
YEL048C,YMR226C,0,8.363408,0.3716312050819397,0.255859375,0.044406574219465256
YNR019W,YLR058C,0,8.362889,0.37110480666160583,0.255859375,0.04450681805610657
YDR435C,YFR034C,0,8.357807,0.37057992815971375,0.255859375,0.04460705816745758
YOR191W,YDL230W,0,8.354883,0.37005650997161865,0.255859375,0.044707298278808594
YLR367W,YGL045W,0,8.350828,0.36953455209732056,0.255859375,0.04480753839015961
YLL028W,YDR270W,1,8.342161,0.3704225420951843,0.2568359375,0.04480753839015961
YJL069C,YHR138C,0,8.33626,0.36990153789520264,0.2568359375,0.04490777850151062
YHR111W,YHR142W,0,8.33309,0.36938202381134033,0.2568359375,0.04500801861286163
YER053C,YEL017C-A,1,8.330381,0.37026646733283997,0.2578125,0.04500801861286163
YPR124W,YDR033W,1,8.326734,0.3711484670639038,0.2587890625,0.04500801861286163
YER142C,YKR053C,0,8.325546,0.37062937021255493,0.2587890625,0.045108258724212646
YJL078C,YNL194C,0,8.325096,0.37011173367500305,0.2587890625,0.04520849883556366
YOL158C,YOR306C,1,8.321283,0.37099024653434753,0.259765625,0.04520849883556366
YDR377W,YKL191W,0,8.317663,0.3704735338687897,0.259765625,0.04530874267220497
YER178W,YNL161W,0,8.312475,0.3699582815170288,0.259765625,0.045408982783555984
YAL053W,YDR456W,1,8.311724,0.3708333373069763,0.2607421875,0.045408982783555984
YAL028W,YLR363C,0,8.310281,0.3703190088272095,0.2607421875,0.045509222894907
YBR054W,YDR464W,0,8.309359,0.36980608105659485,0.2607421875,0.04560946300625801
YEL017C-A,YNL065W,1,8.308828,0.37067773938179016,0.26171875,0.04560946300625801
YPL169C,YJL212C,0,8.30551,0.37016573548316956,0.26171875,0.045709703117609024
YJR073C,YKR053C,0,8.305173,0.36965516209602356,0.26171875,0.04580994322896004
YDR122W,YNL065W,0,8.30279,0.3691460192203522,0.26171875,0.04591018334031105
YJR109C,YLR323C,0,8.301633,0.3686382472515106,0.26171875,0.046010423451662064
YER053C,YKL080W,1,8.301501,0.36950549483299255,0.2626953125,0.046010423451662064
YKR105C,YGL255W,1,8.300869,0.37037035822868347,0.263671875,0.046010423451662064
YBL038W,YJR108W,0,8.297942,0.36986300349235535,0.263671875,0.046110667288303375
YBR043C,YOL084W,0,8.296682,0.36935704946517944,0.263671875,0.04621090739965439
YOR254C,YMR035W,0,8.295572,0.3688524663448334,0.263671875,0.0463111475110054
YGR181W,YJL012C,0,8.295495,0.36834925413131714,0.263671875,0.046411387622356415
YPR143W,YGR055W,0,8.2926655,0.36784741282463074,0.263671875,0.04651162773370743
YDR456W,YEL051W,1,8.292488,0.36870747804641724,0.2646484375,0.04651162773370743
YPL280W,YBR005W,0,8.291479,0.36820653080940247,0.2646484375,0.04661186784505844
YLL024C,YIL056W,0,8.285529,0.36770692467689514,0.2646484375,0.046712107956409454
YDL124W,YDR399W,0,8.285006,0.36720865964889526,0.2646484375,0.04681234806776047
YPL004C,YER102W,0,8.284109,0.3667117655277252,0.2646484375,0.04691259190440178
YKL217W,YHR050W,1,8.282799,0.3675675690174103,0.265625,0.04691259190440178
YGR191W,YCR024C-A,1,8.282656,0.3684210479259491,0.2666015625,0.04691259190440178
YLL028W,YMR034C,1,8.281909,0.36927223205566406,0.267578125,0.04691259190440178
YOR334W,YML101C,0,8.280303,0.36877524852752686,0.267578125,0.04701283201575279
YGL189C,YKL087C,0,8.274202,0.3682795763015747,0.267578125,0.047113072127103806
YOR034C,YCR005C,0,8.272656,0.36778524518013,0.267578125,0.04721331223845482
YGL028C,YEL051W,0,8.271114,0.36729222536087036,0.267578125,0.04731355234980583
YPR175W,YEL051W,0,8.266619,0.36680054664611816,0.267578125,0.047413792461156845
YLR220W,YOR271C,1,8.264797,0.36764705181121826,0.2685546875,0.047413792461156845
YER102W,YLR054C,0,8.262721,0.3671562075614929,0.2685546875,0.04751403257250786
YDL209C,YGL231C,0,8.261244,0.36666667461395264,0.2685546875,0.04761427268385887
YOR359W,YBL014C,0,8.255821,0.366178423166275,0.2685546875,0.04771451652050018
YLR130C,YOR251C,1,8.245472,0.36702126264572144,0.26953125,0.04771451652050018
YKL014C,YLR324W,0,8.240226,0.36653387546539307,0.26953125,0.047814756631851196
YGR024C,YHR033W,0,8.237268,0.366047739982605,0.26953125,0.04791499674320221
YMR195W,YHR193C,0,8.23672,0.36556291580200195,0.26953125,0.04801523685455322
YNL173C,YLR435W,0,8.235244,0.3650793731212616,0.26953125,0.048115476965904236
YPR143W,YOR027W,0,8.233336,0.3645970821380615,0.26953125,0.04821571707725525
YPR156C,YOL027C,1,8.2325535,0.3654353618621826,0.2705078125,0.04821571707725525
YNL173C,YGL061C,0,8.230518,0.364953875541687,0.2705078125,0.04831595718860626
YKL016C,YML123C,1,8.230134,0.3657894730567932,0.271484375,0.04831595718860626
YOR251C,YDR377W,1,8.224392,0.3666228652000427,0.2724609375,0.04831595718860626
YMR175W,YER072W,0,8.222169,0.36614173650741577,0.2724609375,0.048416197299957275
YDL240W,YMR040W,0,8.217268,0.3656618595123291,0.2724609375,0.04851644113659859
YEL039C,YNL251C,0,8.213716,0.3651832342147827,0.2724609375,0.0486166812479496
YPR128C,YCR021C,1,8.211473,0.3660130798816681,0.2734375,0.0486166812479496
YKL002W,YPL193W,0,8.207744,0.36553525924682617,0.2734375,0.04871692135930061
YNL183C,YLR007W,0,8.201218,0.36505866050720215,0.2734375,0.04881716147065163
YDL240W,YMR035W,0,8.199091,0.3645833432674408,0.2734375,0.04891740158200264
YER179W,YOL121C,0,8.1983795,0.36410921812057495,0.2734375,0.04901764169335365
YLR167W,YJL083W,0,8.191135,0.3636363744735718,0.2734375,0.049117881804704666
YPR175W,YHL021C,0,8.190961,0.3631647229194641,0.2734375,0.04921812191605568
YBR054W,YLR277C,0,8.189278,0.36269429326057434,0.2734375,0.04931836575269699
YJR052W,YJL197W,0,8.183961,0.36222508549690247,0.2734375,0.049418605864048004
YML041C,YLR409C,0,8.181084,0.3617570996284485,0.2734375,0.04951884597539902
YJL127C,YBR169C,0,8.180597,0.3612903356552124,0.2734375,0.04961908608675003
YJL183W,YER167W,0,8.1776905,0.36082473397254944,0.2734375,0.049719326198101044
YOR383C,YLR007W,0,8.165674,0.36036035418510437,0.2734375,0.04981956630945206
YIL096C,YOR059C,0,8.164543,0.3598971664905548,0.2734375,0.04991980642080307
YHR146W,YHL006C,0,8.161764,0.35943517088890076,0.2734375,0.05002004653215408
YPL092W,YJL093C,1,8.161118,0.3602564036846161,0.2744140625,0.05002004653215408
YDR407C,YLR061W,0,8.159657,0.35979512333869934,0.2744140625,0.050120290368795395
YFL050C,YDR276C,1,8.158824,0.3606138229370117,0.275390625,0.050120290368795395
YMR243C,YMR058W,1,8.1579685,0.36143040657043457,0.2763671875,0.050120290368795395
YDL072C,YDR179C,0,8.1561365,0.3609693944454193,0.2763671875,0.05022053048014641
YKL014C,YJL180C,0,8.1517,0.3605095446109772,0.2763671875,0.05032077059149742
YIL098C,YHR139C,0,8.147479,0.36005088686943054,0.2763671875,0.050421010702848434
YDR435C,YOL011W,0,8.142771,0.35959339141845703,0.2763671875,0.05052125081419945
YMR243C,YOR032C,0,8.1415615,0.35913705825805664,0.2763671875,0.05062149092555046
YGR193C,YNR059W,0,8.138489,0.35868188738822937,0.2763671875,0.050721731036901474
YDR309C,YNL081C,0,8.131664,0.35822784900665283,0.2763671875,0.05082197114825249
YLR004C,YER081W,0,8.131614,0.3577749729156494,0.2763671875,0.0509222149848938
YGL142C,YLR017W,0,8.1297455,0.35732322931289673,0.2763671875,0.05102245509624481
YOL121C,YPL135W,0,8.129351,0.35687264800071716,0.2763671875,0.051122695207595825
YDR471W,YKL138C,0,8.129119,0.35642316937446594,0.2763671875,0.05122293531894684
YKL155C,YER155C,0,8.122566,0.35597485303878784,0.2763671875,0.05132317543029785
YER100W,YBR212W,0,8.120071,0.3555276393890381,0.2763671875,0.051423415541648865
YLR426W,YNL024C,0,8.1188755,0.35508155822753906,0.2763671875,0.05152365565299988
YOR383C,YDR028C,0,8.113693,0.3546365797519684,0.2763671875,0.05162389576435089
YJR073C,YDR019C,0,8.109732,0.35419273376464844,0.2763671875,0.0517241396009922
YLR083C,YJL216C,0,8.102027,0.35374999046325684,0.2763671875,0.051824379712343216
YGR161C,YOR272W,0,8.098403,0.3533083498477936,0.2763671875,0.05192461982369423
YJL078C,YKL150W,0,8.0983925,0.35286784172058105,0.2763671875,0.05202485993504524
YNL246W,YHL021C,0,8.098028,0.3524284064769745,0.2763671875,0.052125100046396255
YHL038C,YKR053C,0,8.0974455,0.3519900441169739,0.2763671875,0.05222534015774727
YKR050W,YOR332W,1,8.096315,0.3527950346469879,0.27734375,0.05222534015774727
YCL051W,YOR078W,0,8.095747,0.35235732793807983,0.27734375,0.05232558026909828
YGL028C,YBL038W,0,8.093473,0.3519206941127777,0.27734375,0.052425820380449295
YJR046W,YLR093C,0,8.092274,0.35148516297340393,0.27734375,0.05252606421709061
YGL198W,YLR292C,0,8.092188,0.3510506749153137,0.27734375,0.05262630432844162
YAL053W,YCR075C,1,8.090538,0.35185185074806213,0.2783203125,0.05262630432844162
YKL217W,YNL003C,1,8.089694,0.35265105962753296,0.279296875,0.05262630432844162
YKL014C,YHR110W,0,8.088366,0.3522167503833771,0.279296875,0.05272654443979263
YBL051C,YBR146W,0,8.085767,0.35178351402282715,0.279296875,0.052826784551143646
YPL120W,YDR471W,0,8.084769,0.3513513505458832,0.279296875,0.05292702466249466
YGL028C,YER028C,0,8.084729,0.35092025995254517,0.279296875,0.05302726477384567
YDL072C,YHR020W,0,8.072451,0.35049018263816833,0.279296875,0.053127504885196686
YGL167C,YFL041W,1,8.072272,0.3512851893901825,0.2802734375,0.053127504885196686
YGR217W,YNL055C,1,8.071232,0.35207822918891907,0.28125,0.053127504885196686
YIL052C,YDR028C,0,8.066074,0.35164836049079895,0.28125,0.0532277449965477
YPL146C,YBR149W,0,8.064505,0.35121950507164,0.28125,0.05332798883318901
YKR027W,YOR359W,0,8.061855,0.35079172253608704,0.28125,0.053428228944540024
YPR143W,YDL124W,0,8.059367,0.35036495327949524,0.28125,0.05352846905589104
YGR055W,YJL216C,0,8.058875,0.3499392569065094,0.28125,0.05362870916724205
YOR250C,YDR343C,0,8.058026,0.34951457381248474,0.28125,0.05372894927859306
YDR309C,YKL043W,0,8.057226,0.34909090399742126,0.28125,0.05382918938994408
YHL003C,YHR024C,0,8.056316,0.34866827726364136,0.28125,0.05392942950129509
YPL248C,YHR133C,0,8.054461,0.34824666380882263,0.28125,0.0540296696126461
YGR082W,YBR043C,0,8.050093,0.3478260934352875,0.28125,0.054129913449287415
YBR189W,YPL203W,0,8.048487,0.3474065065383911,0.28125,0.05423015356063843
YLR237W,YKR039W,1,8.047258,0.3481927812099457,0.2822265625,0.05423015356063843
YPR188C,YLR293C,0,8.043716,0.3477737605571747,0.2822265625,0.05433039367198944
YDR135C,YDR322C-A,1,8.042016,0.3485576808452606,0.283203125,0.05433039367198944
YBR054W,YJL127C,0,8.040352,0.3481392562389374,0.283203125,0.054430633783340454
YDL160C,YLR054C,0,8.039585,0.34772181510925293,0.283203125,0.05453087389469147
YDR023W,YNL161W,0,8.037691,0.34730538725852966,0.283203125,0.05463111400604248
YPR003C,YFR050C,0,8.036894,0.3468899428844452,0.283203125,0.054731354117393494
YGL231C,YPL254W,0,8.03681,0.3464755117893219,0.283203125,0.05483159422874451
YLL051C,YER185W,1,8.0360565,0.3472553789615631,0.2841796875,0.05483159422874451
YBL030C,YLR411W,1,8.03499,0.3480333685874939,0.28515625,0.05483159422874451
YCR028C,YKR052C,1,8.033645,0.34880951046943665,0.2861328125,0.05483159422874451
YKR039W,YML081C-A,1,8.031231,0.34958383440971375,0.287109375,0.05483159422874451
YDL206W,YBR024W,1,8.02881,0.3503562808036804,0.2880859375,0.05483159422874451
YPL271W,YJL133W,1,8.025784,0.35112693905830383,0.2890625,0.05483159422874451
YAR033W,YIL008W,0,8.025417,0.3507108986377716,0.2890625,0.05493183806538582
YKL220C,YDR377W,1,8.023457,0.35147929191589355,0.2900390625,0.05493183806538582
YPL001W,YLR220W,0,8.015552,0.3510638177394867,0.2900390625,0.05503207817673683
YPL061W,YKL114C,0,8.015009,0.350649356842041,0.2900390625,0.055132318288087845
YPL280W,YCL068C,0,8.014087,0.35023584961891174,0.2900390625,0.05523255839943886
YHR142W,YPR100W,0,8.012901,0.34982332587242126,0.2900390625,0.05533279851078987
YDR398W,YDR122W,0,8.012161,0.3494117558002472,0.2900390625,0.055433038622140884
YGR266W,YOR195W,0,8.011537,0.3490011692047119,0.2900390625,0.0555332787334919
YHR197W,YGR161C,0,8.008495,0.34859153628349304,0.2900390625,0.05563351884484291
YPL092W,YDR456W,1,8.007824,0.34935522079467773,0.291015625,0.05563351884484291
YGR224W,YBR149W,0,8.005737,0.34894612431526184,0.291015625,0.05573376268148422
YML081C-A,YNL065W,1,8.003614,0.34970760345458984,0.2919921875,0.05573376268148422
YJR123W,YHL025W,0,8.001537,0.3492990732192993,0.2919921875,0.055834002792835236
YGL058W,YDL145C,0,7.9992495,0.3488914966583252,0.2919921875,0.05593424290418625
YPL265W,YOR271C,1,7.996461,0.3496503531932831,0.29296875,0.05593424290418625
YDR377W,YKR027W,0,7.9944663,0.34924331307411194,0.29296875,0.05603448301553726
YJR095W,YHR050W,1,7.9883914,0.3499999940395355,0.2939453125,0.05603448301553726
YJR121W,YCR037C,1,7.984421,0.3507549464702606,0.294921875,0.05603448301553726
YML101C,YOR383C,0,7.981137,0.35034802556037903,0.294921875,0.056134723126888275
YLR167W,YDL145C,0,7.9799857,0.34994205832481384,0.294921875,0.05623496323823929
YOR316C,YDR377W,1,7.9776945,0.3506944477558136,0.2958984375,0.05623496323823929
YJL198W,YDR270W,1,7.9747777,0.3514450788497925,0.296875,0.05623496323823929
YJR073C,YOR363C,0,7.9735346,0.35103926062583923,0.296875,0.0563352033495903
YOL158C,YJL093C,1,7.9734964,0.3517877757549286,0.2978515625,0.0563352033495903
YDR430C,YMR230W,0,7.973131,0.3513824939727783,0.2978515625,0.056435443460941315
YDR471W,YKL079W,0,7.9711375,0.35097813606262207,0.2978515625,0.056535687297582626
YDR471W,YBR003W,0,7.9699426,0.35057470202445984,0.2978515625,0.05663592740893364
YBR039W,YOR192C,1,7.964505,0.3513203263282776,0.298828125,0.05663592740893364
YGR024C,YDR135C,0,7.9634247,0.35091742873191833,0.298828125,0.05673616752028465
YPL221W,YPL254W,0,7.95953,0.3505154550075531,0.298828125,0.056836407631635666
YDR276C,YMR054W,1,7.9572153,0.3512585759162903,0.2998046875,0.056836407631635666
YDR270W,YMR301C,1,7.956827,0.35199999809265137,0.30078125,0.056836407631635666
YMR002W,YLL057C,0,7.955923,0.35159817337989807,0.30078125,0.05693664774298668
YNR055C,YEL065W,1,7.9511757,0.352337509393692,0.3017578125,0.05693664774298668
YLL024C,YLR058C,0,7.949437,0.3519362211227417,0.3017578125,0.05703688785433769
YEL001C,YLR220W,0,7.945981,0.351535826921463,0.3017578125,0.057137127965688705
YMR054W,YBR207W,1,7.9420547,0.35227271914482117,0.302734375,0.057137127965688705
YLR234W,YOR086C,0,7.9408703,0.35187286138534546,0.302734375,0.05723736807703972
YKL014C,YKL062W,0,7.9395304,0.35147392749786377,0.302734375,0.05733761191368103
YDR200C,YBR162C,0,7.9383116,0.3510758876800537,0.302734375,0.05743785202503204
YGL087C,YPL178W,0,7.9335575,0.3506787419319153,0.302734375,0.05753809213638306
YPL234C,YOL096C,0,7.933098,0.3502824902534485,0.302734375,0.05763833224773407
YER056C,YOR109W,0,7.9307575,0.3498871326446533,0.302734375,0.05773857235908508
YDR325W,YBR162C,0,7.929042,0.3494926691055298,0.302734375,0.057838812470436096
YBR016W,YIL038C,0,7.9166145,0.3490990996360779,0.302734375,0.05793905258178711
YNL243W,YLL018C-A,0,7.9163656,0.3487064242362976,0.302734375,0.05803929269313812
YLL043W,YMR241W,1,7.9161425,0.3494381904602051,0.3037109375,0.05803929269313812
YJL174W,YOR032C,0,7.914617,0.3490460216999054,0.3037109375,0.058139536529779434
YDR343C,YER081W,0,7.9124155,0.34865471720695496,0.3037109375,0.05823977664113045
YJL059W,YFL011W,0,7.9118567,0.34826427698135376,0.3037109375,0.05834001675248146
YJR073C,YPR067W,0,7.911195,0.3478747308254242,0.3037109375,0.058440256863832474
YOL096C,YGL194C,0,7.9089513,0.3474860191345215,0.3037109375,0.05854049697518349
YDR135C,YGR257C,1,7.908918,0.3482142984867096,0.3046875,0.05854049697518349
YGL167C,YDR322C-A,1,7.9076643,0.348940908908844,0.3056640625,0.05854049697518349
YLR220W,YNL247W,0,7.903267,0.3485523462295532,0.3056640625,0.0586407370865345
YML092C,YLR058C,0,7.9016533,0.3481646180152893,0.3056640625,0.05874097719788551
YGL093W,YLR328W,0,7.900278,0.347777783870697,0.3056640625,0.058841217309236526
YDL124W,YGL171W,0,7.884758,0.3473917841911316,0.3056640625,0.05894146114587784
YBR295W,YJL117W,1,7.883895,0.34811529517173767,0.306640625,0.05894146114587784
YOR065W,YER149C,0,7.8807993,0.34772980213165283,0.306640625,0.05904170125722885
YCR105W,YJR027W,0,7.8799686,0.34734514355659485,0.306640625,0.059141941368579865
YLR390W-A,YGR208W,0,7.8752127,0.3469613194465637,0.306640625,0.05924218147993088
YDR435C,YPL179W,0,7.8745384,0.34657835960388184,0.306640625,0.05934242159128189
YNL145W,YLL018C-A,0,7.8679338,0.3461962640285492,0.306640625,0.059442661702632904
YLL055W,YPL274W,1,7.863366,0.3469162881374359,0.3076171875,0.059442661702632904
YOR260W,YNR059W,0,7.861184,0.3465346395969391,0.3076171875,0.05954290181398392
YJL094C,YGL192W,0,7.8562574,0.3461538553237915,0.3076171875,0.05964314192533493
YDR039C,YGL255W,1,7.856166,0.346871554851532,0.30859375,0.05964314192533493
YKL016C,YPR003C,1,7.856165,0.3475877046585083,0.3095703125,0.05964314192533493
YOR348C,YHL040C,1,7.855336,0.34830230474472046,0.310546875,0.05964314192533493
YDL135C,YML127W,0,7.853486,0.347921222448349,0.310546875,0.05974338576197624
YCR010C,YEL017C-A,1,7.850518,0.34863388538360596,0.3115234375,0.05974338576197624
YBR109C,YKR085C,0,7.848369,0.3482532799243927,0.3115234375,0.059843625873327255
YBR024W,YPL234C,1,7.8417373,0.34896400570869446,0.3125,0.059843625873327255
YDR078C,YOR172W,0,7.8403783,0.3485838770866394,0.3125,0.05994386598467827
YBR291C,YPL265W,1,7.8387766,0.34929269552230835,0.3134765625,0.05994386598467827
YPL221W,YKR052C,1,7.8384047,0.3499999940395355,0.314453125,0.05994386598467827
YPR124W,YNL003C,1,7.8382845,0.35070574283599854,0.3154296875,0.05994386598467827
YMR262W,YLR068W,0,7.837126,0.3503253757953644,0.3154296875,0.06004410609602928
YOR177C,YLR193C,0,7.8349524,0.3499458432197571,0.3154296875,0.060144346207380295
YIL013C,YBR162C,0,7.830493,0.34956708550453186,0.3154296875,0.06024458631873131
YJR153W,YOL052C-A,0,7.829549,0.3491891920566559,0.3154296875,0.06034482643008232
YDR098C,YER177W,0,7.8283134,0.3488121032714844,0.3154296875,0.060445066541433334
YLL009C,YMR319C,1,7.826516,0.34951457381248474,0.31640625,0.060445066541433334
YIL156W,YIL043C,0,7.8233786,0.34913793206214905,0.31640625,0.060545310378074646
YLR130C,YNR013C,1,7.8224945,0.349838525056839,0.3173828125,0.060545310378074646
YAR033W,YOR009W,0,7.8171387,0.3494623601436615,0.3173828125,0.06064555048942566
YGR046W,YNL055C,0,7.8158216,0.3490869998931885,0.3173828125,0.06074579060077667
YBR085W,YNL278W,0,7.815735,0.3487124443054199,0.3173828125,0.060846030712127686
YOR177C,YGR245C,0,7.8150406,0.34833869338035583,0.3173828125,0.0609462708234787
YHR033W,YFL026W,0,7.814022,0.3479657471179962,0.3173828125,0.06104651093482971
YDL124W,YDR040C,0,7.812291,0.3475935757160187,0.3173828125,0.061146751046180725
YMR243C,YDR122W,0,7.8086853,0.3472222089767456,0.3173828125,0.06124699115753174
YER185W,YOR381W,1,7.8071985,0.34791889786720276,0.318359375,0.06124699115753174
YLR295C,YOR071C,1,7.8027816,0.34861406683921814,0.3193359375,0.06124699115753174
YDR317W,YPL006W,0,7.798175,0.3482428193092346,0.3193359375,0.06134723499417305
YER044C-A,YLL053C,0,7.793067,0.3478723466396332,0.3193359375,0.06144747510552406
YHR158C,YDR343C,0,7.789239,0.3475026488304138,0.3193359375,0.061547715216875076
YGR181W,YBR168W,0,7.7888002,0.3471337556838989,0.3193359375,0.06164795532822609
YLR295C,YBL030C,1,7.787945,0.3478260934352875,0.3203125,0.06164795532822609
YPL116W,YPL135W,0,7.787857,0.347457617521286,0.3203125,0.0617481954395771
YPL183C,YNR071C,0,7.785407,0.347089946269989,0.3203125,0.061848435550928116
YDR080W,YMR035W,0,7.7853847,0.3467230498790741,0.3203125,0.06194867566227913
YJR073C,YEL044W,0,7.7831774,0.34635692834854126,0.3203125,0.06204891577363014
YOL027C,YJL093C,1,7.780748,0.3470464050769806,0.3212890625,0.06204891577363014
YOR027W,YLR075W,0,7.7794237,0.34668073058128357,0.3212890625,0.062149159610271454
YIL154C,YIL011W,0,7.7790513,0.34631580114364624,0.3212890625,0.06224939972162247
YDL120W,YLL051C,1,7.775755,0.34700316190719604,0.322265625,0.06224939972162247
YKL026C,YLR220W,0,7.7722416,0.34663864970207214,0.322265625,0.06234963983297348
YIL043C,YDR244W,0,7.772093,0.3462749123573303,0.322265625,0.06244987994432449
YHR148W,YDR276C,0,7.769677,0.3459119498729706,0.322265625,0.0625501200556755
YOL121C,YGR253C,0,7.7631865,0.34554973244667053,0.322265625,0.06265036016702652
YJL117W,YHR050W,1,7.762429,0.3462343215942383,0.3232421875,0.06265036016702652
YHR190W,YEL051W,0,7.7570987,0.34587252140045166,0.3232421875,0.06275060027837753
YML101C,YPR175W,0,7.7559614,0.3455114960670471,0.3232421875,0.06285084038972855
YJR077C,YBR127C,1,7.7556357,0.34619393944740295,0.32421875,0.06285084038972855
YER031C,YPL221W,0,7.752151,0.34583333134651184,0.32421875,0.06295108050107956
YML011C,YPL004C,0,7.751854,0.3454734683036804,0.32421875,0.06305132061243057
YKR093W,YJL035C,0,7.7517166,0.3451143503189087,0.32421875,0.06315156072378159
YFL050C,YLR034C,1,7.7516727,0.3457943797111511,0.3251953125,0.06315156072378159
YMR318C,YDL076C,0,7.7478514,0.3454356789588928,0.3251953125,0.0632518008351326
YOR383C,YCR024C-A,1,7.7466164,0.34611397981643677,0.326171875,0.0632518008351326
YDR367W,YFR025C,0,7.7413764,0.3457556962966919,0.326171875,0.06335204839706421
YHR204W,YBR191W,0,7.7385774,0.3453981280326843,0.326171875,0.06345228850841522
YDR045C,YMR118C,0,7.73781,0.34504133462905884,0.326171875,0.06355252861976624
YDR398W,YDR244W,0,7.736779,0.34468525648117065,0.326171875,0.06365276873111725
YOL032W,YKR095W,0,7.7360086,0.3443298935890198,0.326171875,0.06375300884246826
YER056C,YDR350C,0,7.7338476,0.3439752757549286,0.326171875,0.06385324895381927
YLR234W,YIL107C,0,7.733817,0.3436214029788971,0.326171875,0.06395348906517029
YJR102C,YGR245C,0,7.733551,0.3432682454586029,0.326171875,0.0640537291765213
YMR041C,YNL246W,0,7.7330513,0.342915803194046,0.326171875,0.06415396928787231
YPL183C,YPR100W,0,7.731174,0.34256410598754883,0.326171875,0.06425420939922333
YJR121W,YIL134W,1,7.7307243,0.3432376980781555,0.3271484375,0.06425420939922333
YMR318C,YFR053C,0,7.727756,0.34288638830184937,0.3271484375,0.06435444951057434
YNL036W,YOL095C,0,7.7247114,0.3425357937812805,0.3271484375,0.06445468962192535
YDL210W,YKL016C,1,7.724518,0.34320735931396484,0.328125,0.06445468962192535
YKL026C,YFR038W,0,7.7237997,0.34285715222358704,0.328125,0.06455492973327637
YJR040W,YLR214W,1,7.7187867,0.34352701902389526,0.3291015625,0.06455492973327637
YDR276C,YLR150W,0,7.718109,0.3431771993637085,0.3291015625,0.06465516984462738
YLR277C,YJL212C,0,7.717535,0.34282806515693665,0.3291015625,0.0647554099559784
YDR111C,YHR190W,0,7.714588,0.3424796760082245,0.3291015625,0.0648556500673294
YKL185W,YLR384C,0,7.7134714,0.34213197231292725,0.3291015625,0.06495589762926102
YBR054W,YER038C,0,7.713362,0.3417849838733673,0.3291015625,0.06505613774061203
YBR296C,YCR075C,1,7.711879,0.34245187044143677,0.330078125,0.06505613774061203
YKL016C,YHL011C,0,7.7050695,0.34210526943206787,0.330078125,0.06515637785196304
YEL027W,YNL321W,1,7.7050357,0.3427704870700836,0.3310546875,0.06515637785196304
YLR223C,YKL134C,0,7.704174,0.3424242436885834,0.3310546875,0.06525661796331406
YBR130C,YCL035C,0,7.703926,0.34207871556282043,0.3310546875,0.06535685807466507
YOL029C,YDL018C,0,7.7029734,0.3417338728904724,0.3310546875,0.06545709818601608
YLL031C,YGR266W,0,7.7022076,0.3413897156715393,0.3310546875,0.0655573382973671
YKL062W,YMR230W,0,7.6884837,0.3410462737083435,0.3310546875,0.06565757840871811
YMR041C,YOR001W,0,7.6874375,0.3407035171985626,0.3310546875,0.06575781852006912
YKR039W,YNR039C,1,7.6857934,0.3413654565811157,0.33203125,0.06575781852006912
YEL001C,YMR015C,0,7.6783094,0.3410230576992035,0.33203125,0.06585805863142014
YML059C,YDR234W,0,7.678075,0.34068137407302856,0.33203125,0.06595829874277115
YJR048W,YCR091W,0,7.677824,0.34034034609794617,0.33203125,0.06605853885412216
YNL031C,YBR188C,0,7.6752763,0.3400000035762787,0.33203125,0.06615877896547318
YHL011C,YBR180W,0,7.675149,0.3396603465080261,0.33203125,0.06625901907682419
YML101C,YPR055W,0,7.6731615,0.3393213450908661,0.33203125,0.0663592591881752
YDL120W,YHR050W,1,7.673044,0.3399800658226013,0.3330078125,0.0663592591881752
YER185W,YOR382W,1,7.671179,0.3406374454498291,0.333984375,0.0663592591881752
YPR067W,YLR313C,0,7.6709356,0.34029850363731384,0.333984375,0.06645949929952621
YJL180C,YGL238W,0,7.664343,0.3399602472782135,0.333984375,0.06655974686145782
YKL141W,YER062C,0,7.6598186,0.3396226465702057,0.333984375,0.06665998697280884
YOR034C,YLR345W,0,7.6577826,0.3392857015132904,0.333984375,0.06676022708415985
YER072W,YKL039W,0,7.6490626,0.33894944190979004,0.333984375,0.06686046719551086
YNL103W,YML101C,0,7.64876,0.3386138677597046,0.333984375,0.06696070730686188
YNR019W,YPR100W,0,7.6483774,0.3382789194583893,0.333984375,0.06706094741821289
YKL145W,YPL179W,0,7.648197,0.3379446566104889,0.333984375,0.0671611875295639
YHL015W,YIR031C,0,7.646652,0.33761104941368103,0.333984375,0.06726142764091492
YDR345C,YPR086W,0,7.6463566,0.3372780978679657,0.333984375,0.06736166775226593
YJL183W,YOR316C,0,7.6455593,0.3369458019733429,0.333984375,0.06746190786361694
YLR193C,YMR105C,0,7.6444016,0.3366141617298126,0.333984375,0.06756214797496796
YDR148C,YMR118C,0,7.643475,0.3362831771373749,0.333984375,0.06766238808631897
YHR088W,YPL221W,0,7.642813,0.33595284819602966,0.333984375,0.06776262819766998
YDR092W,YNR024W,0,7.640088,0.3356231451034546,0.333984375,0.067862868309021
YJL089W,YOR247W,0,7.635215,0.33529412746429443,0.333984375,0.06796310842037201
YNL003C,YDL004W,1,7.6328373,0.33594515919685364,0.3349609375,0.06796310842037201
YGL104C,YHR014W,0,7.626051,0.33561643958091736,0.3349609375,0.06806334853172302
YHR204W,YBR181C,0,7.622431,0.3352883756160736,0.3349609375,0.06816359609365463
YLR315W,YDL154W,0,7.6208644,0.3349609375,0.3349609375,0.06826383620500565
YNL045W,YPL117C,0,7.618765,0.3346341550350189,0.3349609375,0.06836407631635666
YBR034C,YHR194W,0,7.6174803,0.334307998418808,0.3349609375,0.06846431642770767
YBR189W,YDR246W,0,7.616874,0.3339824676513672,0.3349609375,0.06856455653905869
YLR345W,YLR007W,0,7.6167336,0.3336575925350189,0.3349609375,0.0686647966504097
YML011C,YDL123W,0,7.614923,0.3333333432674408,0.3349609375,0.06876503676176071
YBR039W,YLR348C,1,7.6124773,0.33398059010505676,0.3359375,0.06876503676176071
YDR213W,YJR118C,0,7.6116595,0.3336566388607025,0.3359375,0.06886527687311172
YAL056W,YCR005C,0,7.609915,0.3333333432674408,0.3359375,0.06896551698446274
YDR178W,YDL209C,0,7.6090894,0.33301064372062683,0.3359375,0.06906575709581375
YGL126W,YBR078W,0,7.598351,0.3326885998249054,0.3359375,0.06916599720716476
YMR205C,YGL085W,0,7.59524,0.3323671519756317,0.3359375,0.06926623731851578
YFR016C,YNL062C,0,7.5929284,0.3320463299751282,0.3359375,0.06936647742986679
YGL098W,YOR119C,0,7.591715,0.3317261338233948,0.3359375,0.0694667175412178
YPL262W,YLR060W,0,7.5901966,0.3314065635204315,0.3359375,0.06956695765256882
YOR306C,YLR411W,1,7.5887685,0.33205005526542664,0.3369140625,0.06956695765256882
YDL247W,YKL077W,0,7.5884886,0.33173078298568726,0.3369140625,0.06966719776391983
YJR150C,YOL032W,0,7.586481,0.33141210675239563,0.3369140625,0.06976744532585144
YBR132C,YPL092W,1,7.5864677,0.3320537507534027,0.337890625,0.06976744532585144
YNL036W,YNL055C,0,7.5815916,0.33173537254333496,0.337890625,0.06986768543720245
YOR087W,YGR191W,1,7.578719,0.3323754668235779,0.3388671875,0.06986768543720245
YBR109C,YGR040W,0,7.5743294,0.3320574164390564,0.3388671875,0.06996792554855347
YER102W,YMR177W,0,7.57341,0.33173996210098267,0.3388671875,0.07006816565990448
YBR085W,YML076C,0,7.572981,0.3314231038093567,0.3388671875,0.0701684057712555
YGR211W,YBR180W,0,7.571307,0.33110687136650085,0.3388671875,0.0702686458826065
YDR205W,YDR040C,1,7.5700655,0.331744521856308,0.33984375,0.0702686458826065
YER062C,YLR333C,0,7.5698767,0.33142855763435364,0.33984375,0.07036888599395752
YDL209C,YFR030W,0,7.5687985,0.33111321926116943,0.33984375,0.07046912610530853
YHR002W,YDR534C,1,7.5665216,0.3317490518093109,0.3408203125,0.07046912610530853
YLR130C,YPL224C,1,7.5655317,0.3323836624622345,0.341796875,0.07046912610530853
YER142C,YKL043W,0,7.5633993,0.3320683240890503,0.341796875,0.07056936621665955
YDR135C,YHL016C,1,7.563364,0.3327014148235321,0.3427734375,0.07056936621665955
YPL133C,YBR091C,0,7.5594816,0.3323863744735718,0.3427734375,0.07066960632801056
YKL006C-A,YML076C,0,7.5568047,0.3320719003677368,0.3427734375,0.07076984643936157
YHL047C,YDR377W,1,7.555298,0.33270320296287537,0.34375,0.07076984643936157
YOR316C,YJL173C,0,7.553789,0.33238905668258667,0.34375,0.07087008655071259
YOR002W,YNL142W,0,7.55301,0.33207547664642334,0.34375,0.0709703266620636
YDR317W,YER060W,0,7.5524035,0.33176249265670776,0.34375,0.07107056677341461
YIL013C,YBR065C,0,7.547737,0.33145010471343994,0.34375,0.07117080688476562
YGL028C,YBR208C,0,7.547204,0.3311382830142975,0.34375,0.07127104699611664
YIL019W,YBR045C,0,7.5462246,0.3308270573616028,0.34375,0.07137129455804825
YFL005W,YLR299W,0,7.5451684,0.33051642775535583,0.34375,0.07147153466939926
YOR191W,YCR005C,0,7.544592,0.33020636439323425,0.34375,0.07157177478075027
YPL004C,YHR170W,0,7.543187,0.3298968970775604,0.34375,0.07167201489210129
YER044C-A,YHL050C,0,7.539834,0.32958802580833435,0.34375,0.0717722550034523
YBL035C,YGR260W,0,7.5393705,0.32927969098091125,0.34375,0.07187249511480331
YNL065W,YLR034C,1,7.5382414,0.32990655303001404,0.3447265625,0.07187249511480331
YBR193C,YCR063W,0,7.533015,0.3295985162258148,0.3447265625,0.07197273522615433
YFR047C,YNL038W,0,7.5324783,0.32929104566574097,0.3447265625,0.07207297533750534
YLR220W,YJL197W,0,7.530978,0.32898417115211487,0.3447265625,0.07217321544885635
YKL043W,YKL040C,0,7.528794,0.32867783308029175,0.3447265625,0.07227345556020737
YJL054W,YJL094C,0,7.526165,0.3283720910549164,0.3447265625,0.07237369567155838
YGL126W,YMR175W,0,7.525816,0.3280669152736664,0.3447265625,0.0724739357829094
YNL291C,YFL041W,1,7.5247188,0.3286907970905304,0.345703125,0.0724739357829094
YLR075W,YIL130W,0,7.521943,0.3283858895301819,0.345703125,0.0725741758942604
YIL013C,YBR188C,0,7.517007,0.32808154821395874,0.345703125,0.07267441600561142
YDR178W,YGR142W,0,7.5109076,0.32777777314186096,0.345703125,0.07277465611696243
YCR010C,YOR383C,1,7.5105886,0.3283996284008026,0.3466796875,0.07277465611696243
YMR175W,YML127W,0,7.5094,0.3280961215496063,0.3466796875,0.07287489622831345
YDL072C,YLR061W,0,7.5056224,0.3277931809425354,0.3466796875,0.07297514379024506
YKL016C,YDR021W,0,7.504641,0.32749077677726746,0.3466796875,0.07307538390159607
YGL027C,YJR096W,0,7.5035543,0.3271889388561249,0.3466796875,0.07317562401294708
YOL132W,YJR048W,0,7.500795,0.32688766717910767,0.3466796875,0.0732758641242981
YEL024W,YOR341W,0,7.499467,0.32658693194389343,0.3466796875,0.07337610423564911
YDL120W,YMR058W,1,7.4993143,0.3272058963775635,0.34765625,0.07337610423564911
YLR193C,YCL051W,0,7.498507,0.32690542936325073,0.34765625,0.07347634434700012
YJL198W,YCR075C,1,7.498438,0.3275229334831238,0.3486328125,0.07347634434700012
YPL133C,YDR080W,0,7.4975367,0.3272227346897125,0.3486328125,0.07357658445835114
YLL048C,YOR019W,0,7.4901524,0.32692307233810425,0.3486328125,0.07367682456970215
YDL206W,YOR192C,1,7.485494,0.3275388777256012,0.349609375,0.07367682456970215
YER044C-A,YLR075W,0,7.483695,0.3272394835948944,0.349609375,0.07377706468105316
YOL121C,YHR150W,0,7.4816465,0.3269406259059906,0.349609375,0.07387730479240417
YLR023C,YJL168C,0,7.4814577,0.32664233446121216,0.349609375,0.07397754490375519
YBR069C,YDR092W,0,7.4757004,0.3263445794582367,0.349609375,0.0740777850151062
YAL019W,YEL039C,0,7.4722586,0.3260473608970642,0.349609375,0.07417802512645721
YJL162C,YCR105W,0,7.468381,0.3257506787776947,0.349609375,0.07427826523780823
YMR009W,YLR384C,0,7.4645157,0.3254545331001282,0.349609375,0.07437850534915924
YER179W,YDR244W,0,7.4615498,0.325158953666687,0.349609375,0.07447874546051025
YGR046W,YPL018W,0,7.460247,0.32486388087272644,0.349609375,0.07457899302244186
YDR129C,YGL027C,0,7.456107,0.32456934452056885,0.349609375,0.07467923313379288
YOR117W,YFL005W,0,7.4553595,0.3242753744125366,0.349609375,0.07477947324514389
YDR545W,YKR085C,0,7.453596,0.323981910943985,0.349609375,0.0748797133564949
YKL029C,YBR131W,0,7.4527698,0.32368898391723633,0.349609375,0.07497995346784592
YIL056W,YNL181W,0,7.4499826,0.32339656352996826,0.349609375,0.07508019357919693
YIL064W,YHR150W,0,7.4492936,0.3231046795845032,0.349609375,0.07518043369054794
YDL091C,YOR172W,0,7.4484677,0.32281333208084106,0.349609375,0.07528067380189896
YMR205C,YHR090C,0,7.4449306,0.32252252101898193,0.349609375,0.07538091391324997
YPR037C,YDR365C,0,7.44413,0.3222322165966034,0.349609375,0.07548115402460098
YJR123W,YBR169C,0,7.4428444,0.32194244861602783,0.349609375,0.075581394135952
YOR380W,YDR471W,0,7.440599,0.32165318727493286,0.349609375,0.07568163424730301
YPR008W,YBL008W,0,7.438716,0.32136446237564087,0.349609375,0.07578187435865402
YHR139C,YBR180W,0,7.43451,0.32107624411582947,0.349609375,0.07588211447000504
YML101C,YDR300C,0,7.4252186,0.32078853249549866,0.349609375,0.07598235458135605
YFR010W,YLR056W,0,7.4234715,0.3205013573169708,0.349609375,0.07608259469270706
YDR513W,YDR111C,0,7.423271,0.3202146589756012,0.349609375,0.07618284225463867
YGR055W,YIL120W,0,7.4219065,0.31992849707603455,0.349609375,0.07628308236598969
YDR217C,YNL055C,0,7.420067,0.3196428716182709,0.349609375,0.0763833224773407
YHR103W,YGL087C,0,7.419631,0.3193577229976654,0.349609375,0.07648356258869171
YOR045W,YAL002W,0,7.417612,0.3190730810165405,0.349609375,0.07658380270004272
YMR009W,YGR161C,0,7.4174433,0.31878894567489624,0.349609375,0.07668404281139374
YNL321W,YHL047C,1,7.4148817,0.3193950057029724,0.3505859375,0.07668404281139374
YBR180W,YHR190W,0,7.411959,0.3191111087799072,0.3505859375,0.07678428292274475
YLR333C,YFR040W,0,7.4070377,0.31882771849632263,0.3505859375,0.07688452303409576
YLR047C,YBR127C,1,7.4049287,0.3194321095943451,0.3515625,0.07688452303409576
YPL271W,YDR377W,1,7.403436,0.320035457611084,0.3525390625,0.07688452303409576
YJL186W,YLR093C,0,7.40308,0.3197520077228546,0.3525390625,0.07698476314544678
YNL190W,YML120C,0,7.400257,0.31946903467178345,0.3525390625,0.07708500325679779
YDR345C,YOL098C,0,7.3984556,0.31918656826019287,0.3525390625,0.0771852433681488
YDR091C,YLR292C,0,7.3946886,0.3189046084880829,0.3525390625,0.07728548347949982
YNR060W,YBR207W,1,7.3944383,0.3195057511329651,0.353515625,0.07728548347949982
YEL027W,YGR191W,1,7.392857,0.32010582089424133,0.3544921875,0.07728548347949982
YDR435C,YDR243C,0,7.3913193,0.3198238015174866,0.3544921875,0.07738572359085083
YDR322C-A,YPR003C,1,7.3906894,0.32042253017425537,0.35546875,0.07738572359085083
YKR034W,YNL156C,0,7.3904047,0.3201407194137573,0.35546875,0.07748596370220184
YKR093W,YJL089W,0,7.387612,0.31985941529273987,0.35546875,0.07758620381355286
YAR009C,YLR260W,0,7.387542,0.3195785880088806,0.35546875,0.07768644392490387
YLR460C,YNL278W,0,7.382818,0.31929823756217957,0.35546875,0.07778669148683548
YIL119C,YKR075C,0,7.382222,0.3190183937549591,0.35546875,0.07788693159818649
YCR031C,YNL054W,0,7.381833,0.31873905658721924,0.35546875,0.0779871717095375
YER100W,YKL150W,0,7.37955,0.3184601962566376,0.35546875,0.07808741182088852
YLR390W-A,YLR328W,0,7.3784137,0.3181818127632141,0.35546875,0.07818765193223953
YJR073C,YER109C,0,7.3768425,0.31790393590927124,0.35546875,0.07828789204359055
YHL028W,YPR169W,0,7.376404,0.3176265358924866,0.35546875,0.07838813215494156
YPR071W,YIL033C,0,7.3729334,0.3173496127128601,0.35546875,0.07848837226629257
YCR075C,YMR058W,1,7.364539,0.3179442584514618,0.3564453125,0.07848837226629257
YKL141W,YKR088C,0,7.362743,0.31766754388809204,0.3564453125,0.07858861237764359
YNL233W,YJR120W,0,7.357891,0.3173913061618805,0.3564453125,0.0786888524889946
YNL221C,YGR253C,0,7.356608,0.31711554527282715,0.3564453125,0.07878909260034561
YML133C,YDR007W,0,7.355241,0.3168402910232544,0.3564453125,0.07888933271169662
YFR047C,YNR033W,0,7.349408,0.31656548380851746,0.3564453125,0.07898957282304764
YIL030C,YOL011W,0,7.3464956,0.3162911534309387,0.3564453125,0.07908981293439865
YML121W,YDL185W,1,7.3452425,0.3168831169605255,0.357421875,0.07908981293439865
YOR252W,YGR142W,0,7.3440337,0.3166089951992035,0.357421875,0.07919005304574966
YDR287W,YOR048C,0,7.341678,0.3163353502750397,0.357421875,0.07929029315710068
YLL055W,YIL134W,1,7.3414154,0.3169257342815399,0.3583984375,0.07929029315710068
YDR381W,YLR054C,0,7.3406672,0.3166522979736328,0.3583984375,0.07939054071903229
YNL263C,YOR117W,0,7.3399787,0.3163793087005615,0.3583984375,0.0794907808303833
YIL069C,YIR031C,0,7.339926,0.31610679626464844,0.3583984375,0.07959102094173431
YCR105W,YPR106W,0,7.339899,0.31583476066589355,0.3583984375,0.07969126105308533
YIL075C,YCL051W,0,7.3392525,0.3155632019042969,0.3583984375,0.07979150116443634
YNL221C,YKR049C,0,7.3379908,0.315292090177536,0.3583984375,0.07989174127578735
YGR165W,YDR261C,0,7.337018,0.31502145528793335,0.3583984375,0.07999198138713837
YER177W,YHR158C,0,7.3349996,0.3147512972354889,0.3583984375,0.08009222149848938
YPL135W,YGL111W,0,7.331935,0.31448158621788025,0.3583984375,0.0801924616098404
YDR434W,YOR136W,0,7.3293886,0.3142123222351074,0.3583984375,0.0802927017211914
YJR109C,YKL155C,0,7.3293104,0.3139435350894928,0.3583984375,0.08039294183254242
YNL045W,YLR017W,0,7.325772,0.3136752247810364,0.3583984375,0.08049318194389343
YGR181W,YGR094W,0,7.325672,0.3134073317050934,0.3583984375,0.08059342205524445
YCR091W,YBR162C,0,7.321876,0.313139945268631,0.3583984375,0.08069366216659546
YDL072C,YHR154W,0,7.3187485,0.312872976064682,0.3583984375,0.08079390227794647
YGR138C,YCR023C,1,7.3185225,0.31345826387405396,0.359375,0.08079390227794647
YBL038W,YDR217C,0,7.312288,0.3131915032863617,0.359375,0.08089414238929749
YDL120W,YKL175W,1,7.31168,0.31377550959587097,0.3603515625,0.08089414238929749
YCR024C-A,YMR054W,1,7.3095045,0.31435853242874146,0.361328125,0.08089414238929749
YKL185W,YGR260W,0,7.308796,0.31409168243408203,0.361328125,0.0809943899512291
YMR110C,YCR063W,0,7.3055735,0.3138252794742584,0.361328125,0.08109463006258011
YLR194C,YCL001W,0,7.305542,0.31355932354927063,0.361328125,0.08119487017393112
YBL030C,YDR033W,1,7.303382,0.31414055824279785,0.3623046875,0.08119487017393112
YIL119C,YGL027C,0,7.30325,0.3138747811317444,0.3623046875,0.08129511028528214
YGR205W,YBR003W,0,7.3006544,0.3136094808578491,0.3623046875,0.08139535039663315
YBR101C,YJR041C,0,7.299247,0.3133445978164673,0.3623046875,0.08149559050798416
YHR202W,YJL035C,0,7.2991924,0.31308016180992126,0.3623046875,0.08159583061933517
YCR098C,YLR034C,1,7.29811,0.3136593699455261,0.36328125,0.08159583061933517
YLR382C,YNR038W,0,7.29191,0.31339511275291443,0.36328125,0.08169607073068619
YOR002W,YDL223C,0,7.289367,0.31313130259513855,0.36328125,0.0817963108420372
YKL165C,YFL041W,1,7.2882066,0.31370899081230164,0.3642578125,0.0817963108420372
YGL255W,YCR021C,1,7.2852497,0.3142857253551483,0.365234375,0.0817963108420372
YLR295C,YLL048C,1,7.2848387,0.3148614466190338,0.3662109375,0.0817963108420372
YGR082W,YLR260W,0,7.284305,0.31459730863571167,0.3662109375,0.08189655095338821
YGL167C,YLR061W,0,7.283905,0.31433361768722534,0.3662109375,0.08199679106473923
YIL053W,YIL069C,0,7.280941,0.31407034397125244,0.3662109375,0.08209703117609024
YOL154W,YKL150W,0,7.279975,0.31380751729011536,0.3662109375,0.08219727128744125
YBR086C,YLR323C,0,7.274803,0.3135451376438141,0.3662109375,0.08229751139879227
YDL072C,YAL048C,0,7.273572,0.31328320503234863,0.3662109375,0.08239775151014328
YOR273C,YPR097W,0,7.2716665,0.3130216896533966,0.3662109375,0.0824979916214943
YGL027C,YBR023C,0,7.2714067,0.3127606213092804,0.3662109375,0.0825982391834259
YML120C,YDR023W,0,7.2713146,0.3125,0.3662109375,0.08269847929477692
YLL055W,YJL133W,1,7.2634706,0.31307244300842285,0.3671875,0.08269847929477692
YPR055W,YLL018C-A,0,7.262233,0.3128119707107544,0.3671875,0.08279871940612793
YOR079C,YLR056W,0,7.257584,0.31255194544792175,0.3671875,0.08289895951747894
YCL029C,YFR053C,0,7.2570434,0.3122923672199249,0.3671875,0.08299919962882996
YDR350C,YLR150W,0,7.2562995,0.31203320622444153,0.3671875,0.08309943974018097
YGL076C,YGL049C,0,7.25554,0.31177446246147156,0.3671875,0.08319967985153198
YJL129C,YLR214W,1,7.251294,0.31234467029571533,0.3681640625,0.08319967985153198
YDR469W,YNL287W,0,7.2498636,0.3120861053466797,0.3681640625,0.083299919962883
YOL011W,YHR024C,0,7.2490034,0.31182795763015747,0.3681640625,0.08340016007423401
YOL126C,YDR007W,0,7.2461042,0.31157025694847107,0.3681640625,0.08350040018558502
YGR080W,YDL087C,0,7.2422657,0.3113129734992981,0.3681640625,0.08360064029693604
YGR181W,YBR208C,0,7.238112,0.31105610728263855,0.3681640625,0.08370088040828705
YGR080W,YOR101W,0,7.2358646,0.31079965829849243,0.3681640625,0.08380112051963806
YIL107C,YIL043C,0,7.2306557,0.31054365634918213,0.3681640625,0.08390136063098907
YHR118C,YLR384C,0,7.229599,0.31028807163238525,0.3681640625,0.08400160074234009
YHR039C-A,YMR034C,1,7.228981,0.31085526943206787,0.369140625,0.08400160074234009
YCR065W,YBR218C,0,7.22816,0.31059983372688293,0.369140625,0.0841018408536911
YEL001C,YDR289C,0,7.2244062,0.3103448152542114,0.369140625,0.08420208841562271
YGL028C,YBR162C,0,7.224231,0.31009024381637573,0.369140625,0.08430232852697372
YLR284C,YJR046W,0,7.2215157,0.3098360598087311,0.369140625,0.08440256863832474
YIL007C,YIL053W,0,7.220745,0.30958232283592224,0.369140625,0.08450280874967575
YDL124W,YBR028C,0,7.21827,0.30932897329330444,0.369140625,0.08460304886102676
YBR029C,YGR161C,0,7.2176094,0.3090760409832001,0.369140625,0.08470328897237778
YNL031C,YGR142W,0,7.2165704,0.30882352590560913,0.369140625,0.08480352908372879
YKL080W,YNL055C,1,7.2150774,0.309387743473053,0.3701171875,0.08480352908372879
YOR262W,YFR025C,0,7.2093163,0.30913540720939636,0.3701171875,0.0849037691950798
YER060W,YDL123W,0,7.2092695,0.3088834583759308,0.3701171875,0.08500400930643082
YNL318C,YOR078W,0,7.205653,0.30863192677497864,0.3701171875,0.08510424941778183
YLR037C,YNL173C,0,7.2035484,0.30838078260421753,0.3701171875,0.08520448952913284
YNL062C,YGR161C,0,7.2033587,0.30813008546829224,0.3701171875,0.08530472964048386
YIL134W,YBR294W,1,7.2026496,0.3086921274662018,0.37109375,0.08530472964048386
YNL068C,YDL046W,0,7.1985025,0.30844154953956604,0.37109375,0.08540496975183487
YLR352W,YGR208W,0,7.1985006,0.3081913888454437,0.37109375,0.08550520986318588
YDR345C,YPR128C,0,7.193372,0.30794164538383484,0.37109375,0.0856054499745369
YLR138W,YCR021C,1,7.189883,0.3085020184516907,0.3720703125,0.0856054499745369
YDR235W,YOR273C,0,7.189394,0.3082524240016937,0.3720703125,0.08570569008588791
YJL183W,YLR460C,0,7.189272,0.3080032467842102,0.3720703125,0.08580593764781952
YBR034C,YPL179W,0,7.188783,0.3077544569969177,0.3720703125,0.08590617775917053
YOR247W,YDR438W,0,7.1861935,0.3075060546398163,0.3720703125,0.08600641787052155
YNL214W,YNR059W,0,7.1850977,0.30725806951522827,0.3720703125,0.08610665798187256
YGL255W,YHR175W,1,7.1833363,0.3078162670135498,0.373046875,0.08610665798187256
YKL039W,YBR191W,0,7.1801434,0.30756843090057373,0.373046875,0.08620689809322357
YNR048W,YDR041W,0,7.1794033,0.3073210120201111,0.373046875,0.08630713820457458
YPR071W,YGL053W,0,7.178749,0.3070739507675171,0.373046875,0.0864073783159256
YOR016C,YML055W,0,7.17721,0.3068273067474365,0.373046875,0.08650761842727661
YGR205W,YNL317W,0,7.1770086,0.306581050157547,0.373046875,0.08660785853862762
YJL045W,YGL144C,0,7.1753807,0.3063352108001709,0.373046875,0.08670809864997864
YNL286W,YLR382C,0,7.172937,0.30608972907066345,0.373046875,0.08680833876132965
YDR372C,YGL194C,0,7.171995,0.30584466457366943,0.373046875,0.08690857887268066
YOR103C,YDR019C,0,7.171008,0.30559998750686646,0.373046875,0.08700881898403168
YOR068C,YLR367W,0,7.168531,0.3053557276725769,0.373046875,0.08710905909538269
YPL221W,YIL134W,1,7.165721,0.30591055750846863,0.3740234375,0.08710905909538269
YOR045W,YNL123W,0,7.164697,0.30566638708114624,0.3740234375,0.0872092992067337
YOR002W,YIL144W,0,7.1642804,0.3054226338863373,0.3740234375,0.08730953931808472
YBL038W,YDR276C,0,7.162738,0.30517926812171936,0.3740234375,0.08740978688001633
YLR258W,YNL278W,0,7.1626062,0.30493631958961487,0.3740234375,0.08751002699136734
YNL321W,YNL065W,1,7.158044,0.30548927187919617,0.375,0.08751002699136734
YDR441C,YKL058W,0,7.156105,0.30524641275405884,0.375,0.08761026710271835
YOL023W,YPL179W,0,7.1554604,0.30500397086143494,0.375,0.08771050721406937
YMR243C,YCL051W,0,7.1542907,0.3047619163990021,0.375,0.08781074732542038
YCR075C,YCR023C,1,7.151156,0.30531322956085205,0.3759765625,0.08781074732542038
YKR093W,YGR122W,0,7.14804,0.30507132411003113,0.3759765625,0.08791098743677139
YOR049C,YOR009W,0,7.1465807,0.30482977628707886,0.3759765625,0.0880112275481224
YCR036W,YPL156C,0,7.145646,0.3045886158943176,0.3759765625,0.08811146765947342
YLL028W,YCR028C,1,7.145422,0.30513834953308105,0.376953125,0.08811146765947342
YBR109C,YLR017W,0,7.1450434,0.3048973083496094,0.376953125,0.08821170777082443
YCR107W,YLR150W,0,7.141329,0.30465665459632874,0.376953125,0.08831194788217545
YPR003C,YLL048C,1,7.1373644,0.3052050471305847,0.3779296875,0.08831194788217545
YHR039C-A,YEL062W,1,7.1360617,0.30575257539749146,0.37890625,0.08831194788217545
YDR412W,YMR035W,0,7.1359167,0.30551180243492126,0.37890625,0.08841218799352646
YOL084W,YOR241W,0,7.1356773,0.3052714467048645,0.37890625,0.08851242810487747
YMR318C,YIL069C,0,7.1353664,0.3050314486026764,0.37890625,0.08861266821622849
YGL231C,YDR406W,0,7.134962,0.3047918379306793,0.37890625,0.0887129083275795
YLR054C,YNR033W,0,7.134843,0.3045525848865509,0.37890625,0.08881314843893051
YPL001W,YKL138C,0,7.133955,0.3043137192726135,0.37890625,0.08891338855028152
YOL011W,YCL054W,0,7.132883,0.3040752410888672,0.37890625,0.08901363611221313
YGR082W,YML101C,0,7.1326056,0.3038371205329895,0.37890625,0.08911387622356415
YPL239W,YBR193C,0,7.1300383,0.30359938740730286,0.37890625,0.08921411633491516
YMR319C,YDR160W,1,7.126863,0.30414387583732605,0.3798828125,0.08921411633491516
YPL265W,YEL065W,1,7.1258807,0.3046875,0.380859375,0.08921411633491516
YOL084W,YER109C,0,7.1213355,0.3044496476650238,0.380859375,0.08931435644626617
YGL196W,YLR061W,0,7.12108,0.30421218276023865,0.380859375,0.08941459655761719
YPL061W,YLR175W,0,7.116312,0.30397504568099976,0.380859375,0.0895148366689682
YBR279W,YFL026W,0,7.1148224,0.3037383258342743,0.380859375,0.08961507678031921
YJR041C,YMR226C,0,7.1095085,0.3035019338130951,0.380859375,0.08971531689167023
YDR345C,YNR033W,0,7.1063557,0.30326592922210693,0.380859375,0.08981555700302124
YJL167W,YBR180W,0,7.1053743,0.3030303120613098,0.380859375,0.08991579711437225
YLR390W-A,YPL189W,0,7.104145,0.30279502272605896,0.380859375,0.09001603722572327
YOR049C,YJR096W,0,7.1014433,0.30256012082099915,0.380859375,0.09011627733707428
YPL058C,YMR125W,0,7.1001554,0.302325576543808,0.380859375,0.09021651744842529
YPR100W,YPR169W,0,7.099708,0.3020913898944855,0.380859375,0.0903167575597763
YBR146W,YNL066W,0,7.099243,0.301857590675354,0.380859375,0.09041699767112732
YIL075C,YHR193C,0,7.0986977,0.3016241192817688,0.380859375,0.09051723778247833
YNL288W,YCL067C,0,7.098217,0.30139103531837463,0.380859375,0.09061748534440994
YLR196W,YIR031C,0,7.097709,0.3011583089828491,0.380859375,0.09071772545576096
YPL210C,YLL053C,0,7.096867,0.30092594027519226,0.380859375,0.09081796556711197
YGL061C,YPL018W,0,7.095596,0.30069389939308167,0.380859375,0.09091820567846298
YOR252W,YDR178W,0,7.0948343,0.3004622459411621,0.380859375,0.091018445789814
YLR237W,YBR291C,1,7.0944576,0.30100077390670776,0.3818359375,0.091018445789814
YPR114W,YCR105W,0,7.0939875,0.30076923966407776,0.3818359375,0.09111868590116501
YHR110W,YDR365C,0,7.091387,0.300538033246994,0.3818359375,0.09121892601251602
YIL148W,YOR132W,0,7.0908217,0.3003072142601013,0.3818359375,0.09131916612386703
YJR041C,YOR132W,0,7.0846105,0.30007675290107727,0.3818359375,0.09141940623521805
YCR010C,YLL048C,1,7.0827928,0.30061349272727966,0.3828125,0.09141940623521805
YHR149C,YNL055C,0,7.081213,0.30038315057754517,0.3828125,0.09151964634656906
YGR103W,YJL089W,0,7.080839,0.30015313625335693,0.3828125,0.09161988645792007
YFL011W,YER167W,0,7.0806,0.29992347955703735,0.3828125,0.09172012656927109
YMR205C,YCL001W,0,7.07743,0.2996941804885864,0.3828125,0.0918203666806221
YFR014C,YEL006W,0,7.075258,0.29946523904800415,0.3828125,0.09192060679197311
YDR039C,YOR381W,1,7.072798,0.30000001192092896,0.3837890625,0.09192060679197311
YML120C,YPL175W,0,7.071335,0.29977115988731384,0.3837890625,0.09202084690332413
YIR031C,YGR260W,0,7.0703163,0.29954269528388977,0.3837890625,0.09212108701467514
YGR254W,YDR021W,0,7.069291,0.29931455850601196,0.3837890625,0.09222133457660675
YBL056W,YGL085W,0,7.0678253,0.2990867495536804,0.3837890625,0.09232157468795776
YJL129C,YGL255W,1,7.0667524,0.29961976408958435,0.384765625,0.09232157468795776
YKL185W,YDR217C,0,7.0663915,0.29939210414886475,0.384765625,0.09242181479930878
YMR203W,YML123C,1,7.060644,0.2999240756034851,0.3857421875,0.09242181479930878
YKR053C,YPR100W,0,7.0536976,0.29969650506973267,0.3857421875,0.09252205491065979
YOR019W,YKR072C,0,7.051775,0.2994692921638489,0.3857421875,0.0926222950220108
YCR021C,YJL168C,0,7.051572,0.29924243688583374,0.3857421875,0.09272253513336182
YJR120W,YDR019C,0,7.0483494,0.29901590943336487,0.3857421875,0.09282277524471283
YNR071C,YGR094W,0,7.046071,0.29878970980644226,0.3857421875,0.09292301535606384
YOR101W,YML016C,0,7.045874,0.2985638678073883,0.3857421875,0.09302325546741486
YOL121C,YKL134C,0,7.0453596,0.298338383436203,0.3857421875,0.09312349557876587
YDR039C,YDL223C,0,7.0442677,0.2981131970882416,0.3857421875,0.09322373569011688
YGR138C,YIL033C,0,7.043658,0.2978883981704712,0.3857421875,0.0933239758014679
YNL286W,YDR092W,0,7.042925,0.2976638972759247,0.3857421875,0.09342421591281891
YMR205C,YFR049W,0,7.041581,0.2974397540092468,0.3857421875,0.09352445602416992
YOR002W,YDR160W,0,7.0394077,0.29721593856811523,0.3857421875,0.09362469613552094
YBL008W,YLL006W,0,7.035573,0.2969924807548523,0.3857421875,0.09372493624687195
YEL005C,YLR175W,0,7.0333233,0.2967693507671356,0.3857421875,0.09382518380880356
YBR024W,YGL008C,1,7.0251036,0.29729729890823364,0.38671875,0.09382518380880356
YLR061W,YKL196C,0,7.024171,0.29707425832748413,0.38671875,0.09392542392015457
YPR008W,YPR097W,0,7.024015,0.29685157537460327,0.38671875,0.09402566403150558
YGL027C,YDR040C,0,7.022759,0.2966292202472687,0.38671875,0.0941259041428566
YHR120W,YPL061W,0,7.0226254,0.29640719294548035,0.38671875,0.09422614425420761
YKR050W,YGR020C,1,7.0217257,0.29693344235420227,0.3876953125,0.09422614425420761
YKR007W,YBR212W,0,7.021466,0.2967115044593811,0.3876953125,0.09432638436555862
YIL154C,YGL005C,0,7.019965,0.2964899241924286,0.3876953125,0.09442662447690964
YKR078W,YNR037C,0,7.0194187,0.29626864194869995,0.3876953125,0.09452686458826065
YKR050W,YGL139W,1,7.0134726,0.2967934310436249,0.388671875,0.09452686458826065
YOR016C,YOR250C,0,7.0133266,0.2965722680091858,0.388671875,0.09462710469961166
YKL062W,YIL037C,0,7.0118313,0.29635146260261536,0.388671875,0.09472734481096268
YOR334W,YPL173W,0,7.009686,0.2961309552192688,0.388671875,0.09482758492231369
YGR024C,YBL025W,0,7.0096555,0.2959107756614685,0.388671875,0.0949278250336647
YOR192C,YKR085C,0,7.0095825,0.2956909239292145,0.388671875,0.09502806514501572
YDR129C,YBR248C,0,7.009427,0.2954714298248291,0.388671875,0.09512830525636673
YHR108W,YMR175W,0,7.008602,0.2952522337436676,0.388671875,0.09522854536771774
YDR280W,YLR092W,0,7.004617,0.29503336548805237,0.388671875,0.09532878547906876
YDR038C,YOL122C,1,7.004553,0.29555556178092957,0.3896484375,0.09532878547906876
YAL068C,YBR034C,0,7.001886,0.2953367829322815,0.3896484375,0.09542903304100037
YJL054W,YBL007C,0,7.001254,0.2951183319091797,0.3896484375,0.09552927315235138
YJL093C,YJR040W,1,7.0008354,0.295639306306839,0.390625,0.09552927315235138
YCR023C,YDR506C,1,6.9983726,0.2961595356464386,0.3916015625,0.09552927315235138
YIL052C,YCR005C,0,6.994871,0.29594096541404724,0.3916015625,0.09562951326370239
YCR106W,YKL081W,0,6.9937267,0.29572272300720215,0.3916015625,0.0957297533750534
YFL061W,YLR333C,0,6.9928293,0.29550477862358093,0.3916015625,0.09582999348640442
YKL080W,YLR460C,0,6.9925256,0.29528719186782837,0.3916015625,0.09593023359775543
YPR003C,YOL152W,1,6.9873066,0.29580575227737427,0.392578125,0.09593023359775543
YBR016W,YLL014W,0,6.982563,0.2955882251262665,0.392578125,0.09603047370910645
YDL210W,YDR160W,1,6.981479,0.2961058020591736,0.3935546875,0.09603047370910645
YML004C,YDR160W,0,6.9811254,0.29588839411735535,0.3935546875,0.09613071382045746
YBR101C,YJL127C,0,6.980842,0.2956713140010834,0.3935546875,0.09623095393180847
YDR343C,YKR072C,0,6.980426,0.2954545319080353,0.3935546875,0.09633119404315948
YDR009W,YNR019W,0,6.979519,0.29523810744285583,0.3935546875,0.0964314341545105
YKL006C-A,YKL134C,0,6.9780245,0.2950219511985779,0.3935546875,0.09653167426586151
YLL043W,YCR021C,1,6.976446,0.29553768038749695,0.39453125,0.09653167426586151
YDR434W,YOL096C,0,6.976305,0.29532164335250854,0.39453125,0.09663191437721252
YLR377C,YJR041C,0,6.975707,0.295105904340744,0.39453125,0.09673215448856354
YLL066C,YOR319W,0,6.974733,0.29489052295684814,0.39453125,0.09683239459991455
YGL167C,YKR039W,1,6.973816,0.2954048216342926,0.3955078125,0.09683239459991455
YEL024W,YGL195W,0,6.968643,0.2951894998550415,0.3955078125,0.09693263471126556
YFR047C,YHR201C,0,6.961768,0.29497450590133667,0.3955078125,0.09703288227319717
YHL011C,YHR106W,0,6.960961,0.2947598397731781,0.3955078125,0.09713312238454819
YOR026W,YNR059W,0,6.9572716,0.294545441865921,0.3955078125,0.0972333624958992
YPR036W,YEL065W,1,6.9562473,0.29505813121795654,0.396484375,0.0972333624958992
YGR202C,YMR175W,0,6.954619,0.294843852519989,0.396484375,0.09733360260725021
YNL167C,YML133C,0,6.954048,0.29462990164756775,0.396484375,0.09743384271860123
YLL018C-A,YDL018C,0,6.951687,0.29441624879837036,0.396484375,0.09753408282995224
YKL014C,YJL078C,0,6.950568,0.29420289397239685,0.396484375,0.09763432294130325
YPR095C,YBR016W,0,6.94602,0.2939898669719696,0.396484375,0.09773456305265427
YNL065W,YBR207W,1,6.944179,0.2945007383823395,0.3974609375,0.09773456305265427
YFL025C,YPR133C,0,6.941696,0.294287770986557,0.3974609375,0.09783480316400528
YHL028W,YER127W,0,6.938535,0.2940751314163208,0.3974609375,0.09793504327535629
YLL055W,YDR456W,1,6.9361258,0.29458484053611755,0.3984375,0.09793504327535629
YER062C,YDR280W,0,6.9356165,0.2943722903728485,0.3984375,0.0980352833867073
YKL165C,YCR028C,1,6.9318466,0.29488104581832886,0.3994140625,0.0980352833867073
YGR283C,YDR268W,0,6.931283,0.294668585062027,0.3994140625,0.09813552349805832
YJL045W,YPL198W,0,6.9283495,0.29445645213127136,0.3994140625,0.09823576360940933
YIL156W,YLR220W,0,6.9282813,0.2942446172237396,0.3994140625,0.09833600372076035
YKR050W,YIL114C,1,6.9276695,0.29475197196006775,0.400390625,0.09833600372076035
YBR101C,YFR016C,0,6.927202,0.2945402264595032,0.400390625,0.09843624383211136
YGR005C,YNL130C,0,6.925158,0.2943287789821625,0.400390625,0.09853648394346237
YHR033W,YDR328C,0,6.9234896,0.29411765933036804,0.400390625,0.09863673150539398
YNL024C,YDL087C,0,6.917323,0.2939068078994751,0.400390625,0.098736971616745
YLR056W,YPL021W,0,6.9172935,0.2936962842941284,0.400390625,0.09883721172809601
YPL076W,YLR247C,0,6.915447,0.2934860289096832,0.400390625,0.09893745183944702
YGL255W,YEL051W,1,6.9135356,0.29399141669273376,0.4013671875,0.09893745183944702
YIL022W,YKR075C,0,6.9067802,0.2937812805175781,0.4013671875,0.09903769195079803
YDR100W,YPL049C,0,6.9044547,0.29357144236564636,0.4013671875,0.09913793206214905
YOR032C,YML057W,0,6.9041843,0.2933618724346161,0.4013671875,0.09923817217350006
YKL080W,YLL027W,1,6.903768,0.2938659191131592,0.40234375,0.09923817217350006
YDR500C,YOR059C,0,6.9034657,0.29365643858909607,0.40234375,0.09933841228485107
YFR047C,YKL043W,0,6.901741,0.2934472858905792,0.40234375,0.09943865239620209
YCL054W,YNL278W,0,6.9004936,0.29323843121528625,0.40234375,0.0995388925075531
YDR039C,YNL246W,0,6.8988285,0.29302987456321716,0.40234375,0.09963913261890411
YNL190W,YHL035C,0,6.894974,0.29282161593437195,0.40234375,0.09973937273025513
YIL075C,YKL077W,0,6.8945646,0.2926136255264282,0.40234375,0.09983961284160614
YIR031C,YIL123W,0,6.893295,0.29240596294403076,0.40234375,0.09993985295295715
YMR063W,YGR161C,0,6.8921795,0.2921985685825348,0.40234375,0.10004009306430817
YKL165C,YGL008C,1,6.889563,0.2927002012729645,0.4033203125,0.10004009306430817
YNL083W,YNL065W,1,6.888955,0.29320111870765686,0.404296875,0.10004009306430817
YDR039C,YLR214W,1,6.8883505,0.2937013506889343,0.4052734375,0.10004009306430817
YER023W,YJL197W,0,6.8881483,0.2934936285018921,0.4052734375,0.10014033317565918
YMR053C,YJR153W,0,6.8879995,0.29328620433807373,0.4052734375,0.10024058073759079
YBR296C,YGR224W,1,6.8871593,0.29378530383110046,0.40625,0.10024058073759079
YPL036W,YFR050C,0,6.885863,0.29357796907424927,0.40625,0.1003408208489418
YDR456W,YJL133W,1,6.8843737,0.29407617449760437,0.4072265625,0.1003408208489418
YOL121C,YGR266W,0,6.881876,0.29386892914772034,0.4072265625,0.10044106096029282
YDR039C,YMR226C,0,6.8772902,0.2936619818210602,0.4072265625,0.10054130107164383
YDL105W,YML127W,0,6.876622,0.2934553027153015,0.4072265625,0.10064154118299484
YGR212W,YMR322C,0,6.8751144,0.2932489514350891,0.4072265625,0.10074178129434586
YMR243C,YOR383C,1,6.8747725,0.29374560713768005,0.408203125,0.10074178129434586
YLR167W,YGL219C,0,6.873205,0.2935393154621124,0.408203125,0.10084202140569687
YOL121C,YCR106W,0,6.8731575,0.2933333218097687,0.408203125,0.10094226151704788
YJR073C,YBR091C,0,6.8719015,0.2931276261806488,0.408203125,0.1010425016283989
YIR019C,YOR157C,0,6.869395,0.2929222285747528,0.408203125,0.10114274173974991
YFR024C-A,YOL059W,0,6.8681684,0.2927170991897583,0.408203125,0.10124298185110092
YLR426W,YER072W,0,6.868132,0.2925122380256653,0.408203125,0.10134322196245193
YGR161C,YBR162C,0,6.8648367,0.29230770468711853,0.408203125,0.10144346207380295
YBL100W-B,YBR168W,0,6.86465,0.2921034097671509,0.408203125,0.10154370218515396
YIL036W,YNL029C,0,6.8642387,0.2918994426727295,0.408203125,0.10164394229650497
YFL026W,YDL031W,0,6.862971,0.2916957437992096,0.408203125,0.10174418240785599
YPL036W,YOR260W,0,6.8618994,0.2914923429489136,0.408203125,0.1018444299697876
YJR120W,YNL066W,0,6.8601894,0.29128921031951904,0.408203125,0.10194467008113861
YGL126W,YPL036W,0,6.859123,0.291086345911026,0.408203125,0.10204491019248962
YGR003W,YMR002W,0,6.857588,0.29088377952575684,0.408203125,0.10214515030384064
YOR136W,YOR330C,0,6.8563137,0.29068151116371155,0.408203125,0.10224539041519165
YAR033W,YFR034C,0,6.8539443,0.29047951102256775,0.408203125,0.10234563052654266
YOR177C,YLR092W,0,6.8537073,0.29027777910232544,0.408203125,0.10244587063789368
YGL167C,YDR270W,1,6.853261,0.2907702922821045,0.4091796875,0.10244587063789368
YMR110C,YGR211W,0,6.850515,0.29056864976882935,0.4091796875,0.10254611074924469
YIL037C,YPL063W,0,6.8501825,0.2903672754764557,0.4091796875,0.1026463508605957
YOR177C,YLR059C,0,6.8470497,0.2901661992073059,0.4091796875,0.10274659097194672
YBR248C,YFR030W,0,6.8447633,0.2899653911590576,0.4091796875,0.10284683108329773
YNL190W,YGL194C,0,6.8440566,0.2897648811340332,0.4091796875,0.10294707119464874
YMR040W,YOR158W,0,6.842469,0.2895646095275879,0.4091796875,0.10304731130599976
YHR108W,YLR056W,0,6.8409147,0.28936463594436646,0.4091796875,0.10314755141735077
YGL006W,YPL234C,1,6.840441,0.28985506296157837,0.41015625,0.10314755141735077
YOR087W,YDR276C,1,6.8390303,0.29034483432769775,0.4111328125,0.10314755141735077
YGR205W,YDR111C,0,6.8376007,0.29014474153518677,0.4111328125,0.10324779152870178
YGL028C,YBR114W,0,6.8363914,0.28994491696357727,0.4111328125,0.1033480316400528
YKR093W,YNR059W,0,6.8355703,0.28974536061286926,0.4111328125,0.1034482792019844
YOR177C,YKL060C,0,6.834896,0.28954607248306274,0.4111328125,0.10354851931333542
YGR080W,YNL038W,0,6.8307905,0.2893470823764801,0.4111328125,0.10364875942468643
YOL027C,YBL099W,1,6.830551,0.2898351550102234,0.412109375,0.10364875942468643
YOR156C,YBR212W,0,6.8296576,0.2896362245082855,0.412109375,0.10374899953603745
YJR048W,YDL211C,0,6.8286705,0.28943759202957153,0.412109375,0.10384923964738846
YFL025C,YLR382C,0,6.8277397,0.28923919796943665,0.412109375,0.10394947975873947
YKL191W,YGL144C,0,6.827365,0.28904110193252563,0.412109375,0.10404971987009048
YER033C,YIL130W,0,6.8245287,0.2888432443141937,0.412109375,0.1041499599814415
YJL167W,YBR015C,0,6.8242188,0.2886456847190857,0.412109375,0.10425020009279251
YOL132W,YOR059C,0,6.823083,0.28844839334487915,0.412109375,0.10435044020414352
YEL019C,YDR080W,0,6.8203225,0.2882513701915741,0.412109375,0.10445068031549454
YNL250W,YBR162W-A,0,6.8189707,0.28805461525917053,0.412109375,0.10455092042684555
YBR065C,YDR110W,0,6.8183923,0.28785812854766846,0.412109375,0.10465116053819656
YBR069C,YCR021C,1,6.818144,0.28834354877471924,0.4130859375,0.10465116053819656
YLR333C,YBR023C,0,6.81814,0.2881471514701843,0.4130859375,0.10475140064954758
YOL084W,YNR024W,0,6.8180285,0.2879509925842285,0.4130859375,0.10485164076089859
YPL280W,YLR007W,0,6.8107553,0.2877551019191742,0.4130859375,0.1049518808722496
YOR119C,YEL001C,0,6.809264,0.28755947947502136,0.4130859375,0.10505212843418121
YGL008C,YLR447C,1,6.8040304,0.28804346919059753,0.4140625,0.10505212843418121
YER007C-A,YCL064C,0,6.799404,0.28784793615341187,0.4140625,0.10515236854553223
YOR065W,YGL016W,0,6.797341,0.2876526415348053,0.4140625,0.10525260865688324
YJR102C,YHR020W,0,6.7960453,0.2874576151371002,0.4140625,0.10535284876823425
YDR038C,YPR021C,1,6.795289,0.2879403829574585,0.4150390625,0.10535284876823425
YDR160W,YIL148W,0,6.7929287,0.2877454161643982,0.4150390625,0.10545308887958527
YLR333C,YLR460C,0,6.7925773,0.28755074739456177,0.4150390625,0.10555332899093628
YNL059C,YCL048W,0,6.7892146,0.28735631704330444,0.4150390625,0.10565356910228729
YNL176C,YGL226W,0,6.7889814,0.2871621549129486,0.4150390625,0.1057538092136383
YPR020W,YGR065C,1,6.7885413,0.2876434922218323,0.416015625,0.1057538092136383
YBR024W,YNR039C,1,6.784923,0.288124144077301,0.4169921875,0.1057538092136383
YKR078W,YEL024W,0,6.7827873,0.28792986273765564,0.4169921875,0.10585404932498932
YJL045W,YDR395W,0,6.78261,0.28773584961891174,0.4169921875,0.10595428943634033
YBR295W,YPR133C,0,6.782323,0.28754207491874695,0.4169921875,0.10605452954769135
YCR105W,YKL110C,0,6.782192,0.28734859824180603,0.4169921875,0.10615476965904236
YLR007W,YOL052C-A,0,6.7821217,0.2871553599834442,0.4169921875,0.10625500977039337
YOL011W,YOR136W,0,6.7814527,0.2869623601436615,0.4169921875,0.10635524988174438
YBL080C,YMR183C,0,6.781397,0.28676965832710266,0.4169921875,0.1064554899930954
YGL027C,YDL123W,0,6.7799916,0.2865771949291229,0.4169921875,0.10655573010444641
YDR406W,YLR313C,0,6.779066,0.2863849699497223,0.4169921875,0.10665597766637802
YPL058C,YLR196W,0,6.77767,0.28619304299354553,0.4169921875,0.10675621777772903
YLR249W,YPL061W,0,6.773208,0.2860013544559479,0.4169921875,0.10685645788908005
YGR165W,YPL239W,0,6.77067,0.2858099043369293,0.4169921875,0.10695669800043106
YNL180C,YGL192W,0,6.766313,0.28561872243881226,0.4169921875,0.10705693811178207
YLR324W,YLR411W,0,6.7629013,0.2854278087615967,0.4169921875,0.10715717822313309
YLR130C,YKL120W,1,6.762776,0.2859051525592804,0.41796875,0.10715717822313309
YLR288C,YDR165W,0,6.762191,0.2857142984867096,0.41796875,0.1072574183344841
YPL248C,YFR049W,0,6.758953,0.2855236828327179,0.41796875,0.10735765844583511
YDR023W,YIR031C,0,6.7585907,0.2853333353996277,0.41796875,0.10745789855718613
YNL137C,YLR313C,0,6.758437,0.2851432263851166,0.41796875,0.10755813866853714
YKL141W,YBR121C,0,6.7579327,0.28495338559150696,0.41796875,0.10765837877988815
YOR380W,YDR516C,0,6.754593,0.28476381301879883,0.41796875,0.10775861889123917
YHR050W,YCR021C,1,6.753914,0.2852393686771393,0.4189453125,0.10775861889123917
YOL122C,YNL288W,0,6.7529106,0.28504982590675354,0.4189453125,0.10785885900259018
YKR039W,YJR152W,1,6.752263,0.2855245769023895,0.419921875,0.10785885900259018
YML081C-A,YBR294W,1,6.750535,0.285998672246933,0.4208984375,0.10785885900259018
YLR130C,YGL071W,1,6.7500668,0.2864721417427063,0.421875,0.10785885900259018
YPL171C,YMR040W,0,6.749168,0.2862823009490967,0.421875,0.10795909911394119
YLR131C,YDR178W,0,6.747506,0.28609272837638855,0.421875,0.1080593392252922
YKL141W,YNL278W,0,6.742755,0.28590336441993713,0.421875,0.10815957933664322
YLL009C,YMR054W,1,6.7412252,0.28637567162513733,0.4228515625,0.10815957933664322
YMR215W,YDL113C,0,6.741025,0.2861863970756531,0.4228515625,0.10825982689857483
YML023C,YKL043W,0,6.740036,0.2859973609447479,0.4228515625,0.10836006700992584
YCR023C,YDR456W,1,6.73976,0.28646865487098694,0.423828125,0.10836006700992584
YOL158C,YLL018C-A,1,6.7372937,0.2869393229484558,0.4248046875,0.10836006700992584
YBR034C,YOL095C,0,6.7370434,0.2867501676082611,0.4248046875,0.10846030712127686
YLL051C,YBR291C,1,6.735404,0.2872200310230255,0.42578125,0.10846030712127686
YPR124W,YLL043W,1,6.7343917,0.2876892685890198,0.4267578125,0.10846030712127686
YJR084W,YIL043C,0,6.7307496,0.2874999940395355,0.4267578125,0.10856054723262787
YJL174W,YDL031W,0,6.729904,0.28731098771095276,0.4267578125,0.10866078734397888
YML011C,YKL110C,0,6.7298594,0.2871222198009491,0.4267578125,0.1087610274553299
YIL023C,YLR411W,1,6.7276154,0.28759029507637024,0.427734375,0.1087610274553299
YGL246C,YFR030W,0,6.726107,0.28740158677101135,0.427734375,0.10886126756668091
YFL041W,YOL130W,1,6.7238874,0.287868857383728,0.4287109375,0.10886126756668091
YDR023W,YIL130W,0,6.7233334,0.2876802086830139,0.4287109375,0.10896150767803192
YAR042W,YGL198W,0,6.7229266,0.2874918282032013,0.4287109375,0.10906174778938293
YER038C,YLR060W,0,6.7202616,0.2873036563396454,0.4287109375,0.10916198790073395
YGL085W,YJL196C,0,6.7153544,0.28711575269699097,0.4287109375,0.10926222801208496
YEL001C,YMR205C,0,6.7151594,0.28692811727523804,0.4287109375,0.10936246812343597
YDR129C,YKR034W,0,6.715138,0.2867406904697418,0.4287109375,0.10946270823478699
YIL064W,YNL180C,0,6.712916,0.2865535318851471,0.4287109375,0.109562948346138
YMR274C,YER038C,0,6.707175,0.28636661171913147,0.4287109375,0.10966318845748901
YPL060W,YLL027W,1,6.706197,0.2868318259716034,0.4296875,0.10966318845748901
YKR089C,YBR034C,0,6.7025294,0.28664496541023254,0.4296875,0.10976342856884003
YDR377W,YFL061W,0,6.702181,0.2864583432674408,0.4296875,0.10986367613077164
YGR046W,YMR050C,0,6.7019005,0.28627195954322815,0.4296875,0.10996391624212265
YFR024C-A,YMR133W,0,6.7018356,0.2860858142375946,0.4296875,0.11006415635347366
YMR072W,YLL053C,0,6.6980324,0.28589993715286255,0.4296875,0.11016439646482468
YLL009C,YHL040C,1,6.6975403,0.2863636314868927,0.4306640625,0.11016439646482468
YPL056C,YLR056W,0,6.6952686,0.2861778140068054,0.4306640625,0.11026463657617569
YDR150W,YDR234W,0,6.694996,0.28599220514297485,0.4306640625,0.1103648766875267
YHR210C,YPL235W,0,6.6897383,0.2858068645000458,0.4306640625,0.11046511679887772
YDR033W,YDR506C,1,6.688803,0.2862694263458252,0.431640625,0.11046511679887772
YER145C,YCR037C,1,6.68856,0.28673139214515686,0.4326171875,0.11046511679887772
YER053C,YBR132C,1,6.6872387,0.28719276189804077,0.43359375,0.11046511679887772
YDR205W,YOL122C,1,6.685436,0.28765353560447693,0.4345703125,0.11046511679887772
YBR043C,YGR165W,0,6.6830454,0.28746768832206726,0.4345703125,0.11056535691022873
YGR046W,YKL141W,0,6.67894,0.2872821092605591,0.4345703125,0.11066559702157974
YJR041C,YLL053C,0,6.672492,0.28709676861763,0.4345703125,0.11076583713293076
YNL031C,YNR059W,0,6.669621,0.28691166639328003,0.4345703125,0.11086607724428177
YAL002W,YBR268W,0,6.66698,0.28672680258750916,0.4345703125,0.11096631735563278
YLR295C,YLL027W,1,6.6669097,0.2871860861778259,0.435546875,0.11096631735563278
YNL275W,YCR037C,1,6.665742,0.28764477372169495,0.4365234375,0.11096631735563278
YBR054W,YHR014W,0,6.665003,0.2874598205089569,0.4365234375,0.1110665574669838
YDR075W,YJL001W,0,6.6647615,0.2872750759124756,0.4365234375,0.11116679757833481
YBR181C,YNL063W,0,6.661209,0.28709056973457336,0.4365234375,0.11126703768968582
YMR286W,YDR464W,0,6.661028,0.28690630197525024,0.4365234375,0.11136727780103683
YKR089C,YBR078W,0,6.6597834,0.2867222726345062,0.4365234375,0.11146752536296844
YLR377C,YGL005C,0,6.6588526,0.2865384519100189,0.4365234375,0.11156776547431946
YJR073C,YLR054C,0,6.6581984,0.2863548994064331,0.4365234375,0.11166800558567047
YFR024C-A,YJL197W,0,6.65753,0.2861715853214264,0.4365234375,0.11176824569702148
YPL018W,YHL021C,0,6.6556196,0.2859884798526764,0.4365234375,0.1118684858083725
YGL005C,YNL023C,0,6.6537075,0.2858056128025055,0.4365234375,0.11196872591972351
YGL061C,YBR301W,0,6.653592,0.2856230139732361,0.4365234375,0.11206896603107452
YLL018C-A,YNL059C,0,6.6509767,0.2854406237602234,0.4365234375,0.11216920614242554
YEL027W,YER166W,1,6.6501703,0.2858966290950775,0.4375,0.11216920614242554
YDR375C,YOL029C,0,6.647872,0.2857142984867096,0.4375,0.11226944625377655
YLR194C,YCL039W,0,6.647107,0.2855321764945984,0.4375,0.11236968636512756
YGR212W,YLR288C,0,6.646143,0.28535032272338867,0.4375,0.11246992647647858
YOR045W,YCL017C,0,6.645986,0.28516867756843567,0.4375,0.11257016658782959
YGR030C,YCR021C,0,6.645769,0.28498727083206177,0.4375,0.1126704066991806
YNL243W,YGR017W,0,6.6456,0.28480610251426697,0.4375,0.11277064681053162
YGR204W,YML041C,0,6.644203,0.28462517261505127,0.4375,0.11287088692188263
YFR014C,YKL043W,0,6.6440907,0.2844444513320923,0.4375,0.11297112703323364
YOR271C,YDL004W,1,6.6437244,0.2848984897136688,0.4384765625,0.11297112703323364
YNL094W,YHR170W,0,6.6431737,0.2847178280353546,0.4384765625,0.11307137459516525
YMR215W,YCL001W,0,6.641124,0.2845373749732971,0.4384765625,0.11317161470651627
YIL037C,YDR257C,0,6.6403294,0.2843571901321411,0.4384765625,0.11327185481786728
YER014W,YOR383C,0,6.6394787,0.2841772139072418,0.4384765625,0.11337209492921829
YGL139W,YDR456W,1,6.638872,0.2846299707889557,0.439453125,0.11337209492921829
YGL087C,YOL061W,0,6.636736,0.28445005416870117,0.439453125,0.1134723350405693
YIL147C,YIL011W,0,6.636139,0.28427037596702576,0.439453125,0.11357257515192032
YLR260W,YOR341W,0,6.6318116,0.28409090638160706,0.439453125,0.11367281526327133
YHL028W,YLR196W,0,6.631182,0.28391167521476746,0.439453125,0.11377305537462234
YOL029C,YJL001W,0,6.6301045,0.28373265266418457,0.439453125,0.11387329548597336
YLR196W,YDL076C,0,6.626076,0.2835538685321808,0.439453125,0.11397353559732437
YOL096C,YPL193W,0,6.6260195,0.2833753228187561,0.439453125,0.11407377570867538
YBR065C,YMR072W,0,6.624094,0.28319698572158813,0.439453125,0.1141740158200264
YBL035C,YMR074C,0,6.623107,0.2830188572406769,0.439453125,0.11427425593137741
YHR033W,YLL021W,0,6.6222477,0.2828409671783447,0.439453125,0.11437449604272842
YGR057C,YMR050C,0,6.621101,0.2826633155345917,0.439453125,0.11447473615407944
YKL141W,YKL062W,0,6.6189766,0.28248587250709534,0.439453125,0.11457497626543045
YHR154W,YAL028W,0,6.616805,0.2823086678981781,0.439453125,0.11467522382736206
YGL144C,YCR044C,0,6.609732,0.2821316719055176,0.439453125,0.11477546393871307
YBR181C,YLR058C,0,6.609329,0.28195488452911377,0.439453125,0.11487570405006409
YOR193W,YHR020W,0,6.609144,0.28177833557128906,0.439453125,0.1149759441614151
YPL056C,YFR053C,0,6.6085567,0.28160199522972107,0.439453125,0.11507618427276611
YDR256C,YLR390W-A,0,6.6076374,0.2814258933067322,0.439453125,0.11517642438411713
YGL061C,YIL009W,0,6.60464,0.28125,0.439453125,0.11527666449546814
YOL029C,YCR021C,0,6.602168,0.28107431530952454,0.439453125,0.11537690460681915
YHL028W,YKR027W,0,6.6010075,0.2808988690376282,0.439453125,0.11547714471817017
YEL031W,YGL008C,1,6.599997,0.28134748339653015,0.4404296875,0.11547714471817017
YBR109C,YJL001W,0,6.5997043,0.2811720669269562,0.4404296875,0.11557738482952118
YDR007W,YDR317W,0,6.598725,0.2809968888759613,0.4404296875,0.11567762494087219
YHR142W,YNL287W,0,6.5962124,0.28082191944122314,0.4404296875,0.1157778650522232
YFR024C-A,YPR106W,0,6.5935373,0.2806471586227417,0.4404296875,0.11587810516357422
YGR245C,YMR156C,0,6.5915875,0.28047263622283936,0.4404296875,0.11597834527492523
YIL119C,YDR190C,0,6.59126,0.2802983224391937,0.4404296875,0.11607858538627625
YGR235C,YKL033W,0,6.5907574,0.2801242172718048,0.4404296875,0.11617882549762726
YAL007C,YHL035C,0,6.5901737,0.279950350522995,0.4404296875,0.11627907305955887
YJL181W,YPR155C,0,6.5899267,0.2797766625881195,0.4404296875,0.11637931317090988
YGL085W,YPL145C,0,6.5872135,0.2796032130718231,0.4404296875,0.1164795532822609
YFL056C,YAL011W,0,6.585908,0.27943000197410583,0.4404296875,0.11657979339361191
YOR081C,YNR059W,0,6.5842915,0.2792569696903229,0.4404296875,0.11668003350496292
YMR110C,YPL013C,0,6.583477,0.27908414602279663,0.4404296875,0.11678027361631393
YDL072C,YIR031C,0,6.580798,0.2789115607738495,0.4404296875,0.11688051372766495
YML133C,YHR146W,0,6.579578,0.27873918414115906,0.4404296875,0.11698075383901596
YPL262W,YBR015C,0,6.5789948,0.27856701612472534,0.4404296875,0.11708099395036697
YEL051W,YCL001W,0,6.5787573,0.27839505672454834,0.4404296875,0.11718123406171799
YBR189W,YJR096W,0,6.5766063,0.27822330594062805,0.4404296875,0.117281474173069
YJL078C,YKL006W,0,6.575932,0.27805179357528687,0.4404296875,0.11738171428442001
YKL062W,YPR007C,0,6.573063,0.27788046002388,0.4404296875,0.11748195439577103
YOR260W,YLL053C,0,6.571733,0.27770936489105225,0.4404296875,0.11758219450712204
YMR076C,YFL005W,0,6.570772,0.2775384485721588,0.4404296875,0.11768243461847305
YBR279W,YIL123W,0,6.5705132,0.2773677706718445,0.4404296875,0.11778267472982407
YMR243C,YDR437W,0,6.569339,0.27719730138778687,0.4404296875,0.11788292229175568
YIL033C,YPL018W,0,6.5688143,0.27702704071998596,0.4404296875,0.11798316240310669
YHR201C,YOR011W,0,6.5685625,0.2768569588661194,0.4404296875,0.1180834025144577
YPR036W,YCR037C,1,6.567928,0.277300626039505,0.44140625,0.1180834025144577
YOR081C,YDL135C,0,6.566985,0.2771306037902832,0.44140625,0.11818364262580872
YPL100W,YDR343C,0,6.56513,0.2769607901573181,0.44140625,0.11828388273715973
YLR377C,YOR001W,0,6.5648823,0.27679118514060974,0.44140625,0.11838412284851074
YGR217W,YIL069C,0,6.563619,0.2766217887401581,0.44140625,0.11848436295986176
YIL107C,YLR411W,0,6.561596,0.27645260095596313,0.44140625,0.11858460307121277
YLL067C,YKR034W,0,6.560334,0.2762836217880249,0.44140625,0.11868484318256378
YOL132W,YCR106W,0,6.55773,0.2761148512363434,0.44140625,0.1187850832939148
YDR019C,YDR165W,0,6.5565996,0.2759462893009186,0.44140625,0.11888532340526581
YHR210C,YCR091W,0,6.555415,0.2757779061794281,0.44140625,0.11898556351661682
YOL020W,YEL006W,0,6.555344,0.2756097614765167,0.44140625,0.11908580362796783
YGL226W,YJL196C,0,6.551338,0.2754417955875397,0.44140625,0.11918604373931885
YLR085C,YBR085W,0,6.5490475,0.2752740681171417,0.44140625,0.11928628385066986
YLR259C,YCL048W,0,6.5480776,0.2751065194606781,0.44140625,0.11938652396202087
YDL093W,YOR172W,0,6.5477934,0.2749391794204712,0.44140625,0.11948677152395248
YNL194C,YPL221W,0,6.5472913,0.274772047996521,0.44140625,0.1195870116353035
YER063W,YCR024C,0,6.544529,0.2746050953865051,0.44140625,0.11968725174665451
YPL168W,YNL288W,0,6.539193,0.27443838119506836,0.44140625,0.11978749185800552
YOR191W,YDR078C,0,6.5387735,0.2742718458175659,0.44140625,0.11988773196935654
YOR348C,YNL291C,1,6.5358944,0.274711936712265,0.4423828125,0.11988773196935654
YLR083C,YGL196W,0,6.5351753,0.27454546093940735,0.4423828125,0.11998797208070755
YDL091C,YDR471W,0,6.533082,0.274379163980484,0.4423828125,0.12008821219205856
YNR032C-A,YDR111C,0,6.5280046,0.2742130756378174,0.4423828125,0.12018845230340958
YPR128C,YNL194C,0,6.5265102,0.27404719591140747,0.4423828125,0.12028869241476059
YDR178W,YOR320C,0,6.524251,0.2738814949989319,0.4423828125,0.1203889325261116
YKR077W,YNL247W,0,6.524007,0.273716002702713,0.4423828125,0.12048917263746262
YKR039W,YNL083W,1,6.522029,0.2741546034812927,0.443359375,0.12048917263746262
YFL061W,YER177W,0,6.521979,0.27398914098739624,0.443359375,0.12058941274881363
YMR034C,YDR506C,1,6.5202045,0.27442702651023865,0.4443359375,0.12058941274881363
YGL016W,YPL156C,0,6.519432,0.27426159381866455,0.4443359375,0.12068965286016464
YPL060W,YHR026W,1,6.5189614,0.27469879388809204,0.4453125,0.12068965286016464
YOR081C,YML061C,0,6.518272,0.2745334208011627,0.4453125,0.12078989297151566
YDR506C,YMR058W,1,6.5164123,0.2749699056148529,0.4462890625,0.12078989297151566
YCR010C,YDR534C,1,6.516031,0.2754058837890625,0.447265625,0.12078989297151566
YNR019W,YCL064C,0,6.5148115,0.27524039149284363,0.447265625,0.12089013308286667
YCR010C,YHR002W,1,6.5126762,0.2756756842136383,0.4482421875,0.12089013308286667
YOR065W,YER005W,0,6.5124273,0.27551019191741943,0.4482421875,0.12099037319421768
YML123C,YKL220C,1,6.511237,0.2759447991847992,0.44921875,0.12099037319421768
YHL028W,YMR230W,0,6.5108414,0.2757793664932251,0.44921875,0.12109062075614929
YJR052W,YGL018C,0,6.5104523,0.2756141424179077,0.44921875,0.1211908608675003
YGL104C,YLR223C,0,6.5083737,0.27544909715652466,0.44921875,0.12129110097885132
YNR039C,YHL040C,1,6.507156,0.27588269114494324,0.4501953125,0.12129110097885132
YOR191W,YGR082W,0,6.5067196,0.27571770548820496,0.4501953125,0.12139134109020233
YAL030W,YHR020W,0,6.506666,0.275552898645401,0.4501953125,0.12149158120155334
YJL198W,YML081C-A,1,6.5050383,0.2759856581687927,0.451171875,0.12149158120155334
YFR047C,YCR005C,0,6.501667,0.27582088112831116,0.451171875,0.12159182131290436
YGR030C,YCR063W,0,6.5011964,0.2756563127040863,0.451171875,0.12169206142425537
YML120C,YPL262W,0,6.50064,0.27549195289611816,0.451171875,0.12179230153560638
YLR451W,YGR030C,0,6.4978824,0.27532777190208435,0.451171875,0.1218925416469574
YJL129C,YPL265W,1,6.493352,0.27575936913490295,0.4521484375,0.1218925416469574
YLR466W,YDR087C,0,6.4929466,0.2755952477455139,0.4521484375,0.12199278175830841
YOR156C,YFL026W,0,6.4904604,0.2754313051700592,0.4521484375,0.12209302186965942
YJR042W,YDR204W,0,6.4902554,0.2752675414085388,0.4521484375,0.12219326198101044
YPR071W,YFR025C,0,6.4884567,0.27510398626327515,0.4521484375,0.12229350209236145
YOL011W,YNL142W,0,6.4880853,0.2749406099319458,0.4521484375,0.12239374220371246
YJL093C,YJL133W,1,6.4854565,0.27537092566490173,0.453125,0.12239374220371246
YOR227W,YMR074C,0,6.4832335,0.2752075791358948,0.453125,0.12249398231506348
YHR033W,YBR034C,0,6.4810963,0.2750444710254669,0.453125,0.12259422242641449
YOL011W,YBR212W,0,6.4809074,0.274881511926651,0.453125,0.1226944699883461
YBR188C,YMR131C,0,6.4807177,0.2747187614440918,0.453125,0.12279471009969711
YDR041W,YLR092W,0,6.480461,0.2745562195777893,0.453125,0.12289495021104813
YEL019C,YMR243C,0,6.4801083,0.27439385652542114,0.453125,0.12299519032239914
YPL115C,YPL135W,0,6.4796505,0.2742316722869873,0.453125,0.12309543043375015
YPL061W,YKL051W,0,6.4791327,0.2740696966648102,0.453125,0.12319567054510117
YGL045W,YLR328W,0,6.47618,0.2739078998565674,0.453125,0.12329591065645218
YDR323C,YER155C,0,6.470947,0.2737463116645813,0.453125,0.12339615076780319
YLR239C,YPR169W,0,6.4687757,0.27358490228652954,0.453125,0.1234963908791542
YPL056C,YNR059W,0,6.468028,0.2734237015247345,0.453125,0.12359663099050522
YDR322C-A,YOR384W,1,6.467104,0.273851603269577,0.4541015625,0.12359663099050522
YPL120W,YIL052C,0,6.4658794,0.273690402507782,0.4541015625,0.12369687110185623
YGL070C,YLR055C,0,6.4656157,0.27352941036224365,0.4541015625,0.12379711121320724
YPR106W,YDR175C,0,6.4647455,0.27336859703063965,0.4541015625,0.12389735132455826
YDR322C-A,YJL117W,1,6.464031,0.27379554510116577,0.455078125,0.12389735132455826
YLR239C,YMR195W,0,6.4638414,0.27363476157188416,0.455078125,0.12399759143590927
YKR039W,YOR271C,1,6.461864,0.27406102418899536,0.4560546875,0.12399759143590927
YHR014W,YLR067C,0,6.4563932,0.2739003002643585,0.4560546875,0.12409783154726028
YBR046C,YER109C,0,6.4553576,0.273739755153656,0.4560546875,0.1241980716586113
YPR169W,YLR299W,0,6.4542055,0.2735793888568878,0.4560546875,0.12429831922054291
YLL014W,YFR034C,0,6.454058,0.27341920137405396,0.4560546875,0.12439855933189392
YGR060W,YOL051W,0,6.45251,0.2732592225074768,0.4560546875,0.12449879944324493
YBR101C,YGL127C,0,6.4518795,0.273099422454834,0.4560546875,0.12459903955459595
YNL199C,YEL027W,0,6.45049,0.2729398012161255,0.4560546875,0.12469927966594696
YEL001C,YKL005C,0,6.4498253,0.2727803885936737,0.4560546875,0.12479951977729797
YGL142C,YMR074C,0,6.449319,0.27262112498283386,0.4560546875,0.12489975988864899
YDR150W,YMR009W,0,6.446036,0.27246206998825073,0.4560546875,0.125
YDR280W,YNR037C,0,6.442767,0.27230319380760193,0.4560546875,0.125100240111351
YMR072W,YDR176W,0,6.442221,0.27214452624320984,0.4560546875,0.12520048022270203
YHR110W,YGL096W,0,6.439348,0.2719860076904297,0.4560546875,0.12530072033405304
YJL133W,YNL003C,1,6.4377303,0.2724097669124603,0.45703125,0.12530072033405304
YOL032W,YJL196C,0,6.4374866,0.27225130796432495,0.45703125,0.12540096044540405
YJL096W,YHR073W,0,6.4292617,0.2720930278301239,0.45703125,0.12550120055675507
YOR049C,YJL078C,0,6.427906,0.2719349265098572,0.45703125,0.12560144066810608
YKL194C,YLL016W,0,6.4277554,0.2717770040035248,0.45703125,0.1257016807794571
YML120C,YPR017C,0,6.425666,0.2716192603111267,0.45703125,0.1258019208908081
YLR118C,YCL054W,0,6.4250407,0.27146172523498535,0.45703125,0.12590216100215912
YNL243W,YAL019W,0,6.422772,0.27130433917045593,0.45703125,0.12600240111351013
YBL008W,YDL012C,0,6.422223,0.2711471617221832,0.45703125,0.12610264122486115
YPL234C,YMR322C,0,6.4199934,0.27099016308784485,0.45703125,0.12620288133621216
YOL076W,YDR517W,0,6.418409,0.2708333432674408,0.45703125,0.12630312144756317
YBR248C,YDR040C,0,6.416295,0.27067670226097107,0.45703125,0.12640336155891418
YJL181W,YLR323C,0,6.4159374,0.27052024006843567,0.45703125,0.1265036016702652
YHR050W,YMR054W,1,6.4137125,0.2709416449069977,0.4580078125,0.1265036016702652
YDR039C,YNL321W,1,6.4095926,0.2713625729084015,0.458984375,0.1265036016702652
YAL007C,YOR009W,0,6.407238,0.27120599150657654,0.458984375,0.1266038566827774
YDR517W,YJR131W,0,6.403904,0.2710495889186859,0.458984375,0.12670409679412842
YPL130W,YMR072W,0,6.403892,0.2708933651447296,0.458984375,0.12680433690547943
YGR046W,YKL080W,0,6.4022017,0.27073732018470764,0.458984375,0.12690457701683044
YOR034C,YGL087C,0,6.402197,0.27058145403862,0.458984375,0.12700481712818146
YFR030W,YOR086C,0,6.4012623,0.2704257667064667,0.458984375,0.12710505723953247
YDR381W,YPR155C,0,6.3996725,0.2702702581882477,0.458984375,0.12720529735088348
YPL280W,YAL068C,0,6.398129,0.270114928483963,0.458984375,0.1273055374622345
YER072W,YGR245C,0,6.392853,0.26995980739593506,0.458984375,0.1274057775735855
YPR154W,YPR133C,0,6.3909917,0.26980483531951904,0.458984375,0.12750601768493652
YPL156C,YDR179C,0,6.3908896,0.26965004205703735,0.458984375,0.12760625779628754
YNL020C,YBR254C,0,6.3891573,0.26949542760849,0.458984375,0.12770649790763855
YKL026C,YLR194C,0,6.383624,0.26934096217155457,0.458984375,0.12780673801898956
YPL234C,YER123W,0,6.378664,0.26918670535087585,0.458984375,0.12790697813034058
YKL185W,YNL156C,0,6.3784637,0.26903262734413147,0.458984375,0.1280072182416916
YPL221W,YNL083W,1,6.3766356,0.2694508135318756,0.4599609375,0.1280072182416916
YIL036W,YCL017C,0,6.37436,0.2692967355251312,0.4599609375,0.1281074583530426
YEL027W,YCR021C,1,6.3738894,0.2697142958641052,0.4609375,0.1281074583530426
YLR054C,YDR365C,0,6.3719015,0.2695602476596832,0.4609375,0.12820769846439362
YDL091C,YKL185W,0,6.371578,0.26940637826919556,0.4609375,0.12830793857574463
YLL006W,YBR301W,0,6.371524,0.2692527174949646,0.4609375,0.12840817868709564
YGR205W,YGR245C,0,6.371499,0.2690992057323456,0.4609375,0.12850841879844666
YEL005C,YHL025W,0,6.3705854,0.2689458727836609,0.4609375,0.12860865890979767
YLR345W,YAL026C,0,6.3701267,0.2687927186489105,0.4609375,0.12870889902114868
YPR124W,YOR192C,1,6.366434,0.2692088782787323,0.4619140625,0.12870889902114868
YBR101C,YPL224C,0,6.3656507,0.2690557539463043,0.4619140625,0.1288091391324997
YPL001W,YLR175W,0,6.364756,0.2689027786254883,0.4619140625,0.1289093792438507
YLR061W,YLR058C,0,6.36137,0.26875001192092896,0.4619140625,0.12900961935520172
YJL045W,YMR230W,0,6.3599677,0.26859739422798157,0.4619140625,0.12910985946655273
YBR254C,YGL045W,0,6.3556104,0.2684449553489685,0.4619140625,0.12921009957790375
YOR016C,YGL167C,0,6.3547564,0.26829269528388977,0.4619140625,0.12931033968925476
YPR124W,YDL185W,1,6.3545504,0.2687074840068817,0.462890625,0.12931033968925476
YLR324W,YOR009W,0,6.353302,0.26855525374412537,0.462890625,0.12941057980060577
YER072W,YFL005W,0,6.352762,0.26840317249298096,0.462890625,0.1295108199119568
YGR055W,YER155C,0,6.351795,0.2682512700557709,0.462890625,0.1296110600233078
YJR121W,YOR271C,1,6.3504095,0.2686651647090912,0.4638671875,0.1296110600233078
YOL023W,YLR367W,0,6.3493767,0.2685132920742035,0.4638671875,0.1297113001346588
YDL206W,YLR348C,1,6.348626,0.26892656087875366,0.46484375,0.1297113001346588
YBR130C,YGR055W,0,6.347139,0.26877471804618835,0.46484375,0.12981155514717102
YMR274C,YMR158W,0,6.3468637,0.268623024225235,0.46484375,0.12991179525852203
YLR417W,YER060W,0,6.346756,0.26847150921821594,0.46484375,0.13001203536987305
YBR132C,YCR028C,1,6.3458576,0.2688838839530945,0.4658203125,0.13001203536987305
YGL076C,YNL164C,0,6.3455153,0.2687323987483978,0.4658203125,0.13011227548122406
YHR009C,YNL036W,0,6.3434467,0.2685810923576355,0.4658203125,0.13021251559257507
YPL138C,YKL141W,0,6.341556,0.2684299349784851,0.4658203125,0.1303127557039261
YHR142W,YLL021W,0,6.3401194,0.26827895641326904,0.4658203125,0.1304129958152771
YFR027W,YNL130C,0,6.337704,0.2681281566619873,0.4658203125,0.1305132359266281
YBL100W-B,YFR049W,0,6.336864,0.2679775357246399,0.4658203125,0.13061347603797913
YFL056C,YKL099C,0,6.335763,0.2678270637989044,0.4658203125,0.13071371614933014
YJR095W,YIL114C,1,6.3343368,0.2682379484176636,0.466796875,0.13071371614933014
YOL042W,YJL173C,0,6.3332243,0.2680875062942505,0.466796875,0.13081395626068115
YML133C,YCL035C,0,6.333211,0.26793721318244934,0.466796875,0.13091419637203217
YJR117W,YOR254C,0,6.333109,0.2677871286869049,0.466796875,0.13101443648338318
YDR513W,YOL126C,0,6.33259,0.26763716340065,0.466796875,0.1311146765947342
YPL224C,YPL221W,1,6.332512,0.2680470049381256,0.4677734375,0.1311146765947342
YMR318C,YLR384C,0,6.33072,0.2678970992565155,0.4677734375,0.1312149167060852
YJR084W,YER072W,0,6.330591,0.26774734258651733,0.4677734375,0.13131515681743622
YKL217W,YNR013C,1,6.328654,0.2681564390659332,0.46875,0.13131515681743622
YHL028W,YMR035W,0,6.327628,0.26800671219825745,0.46875,0.13141539692878723
YLL053C,YKL087C,0,6.3256626,0.2678571343421936,0.46875,0.13151563704013824
YIL056W,YNL048W,0,6.322217,0.2677077651023865,0.46875,0.13161587715148926
YNL054W,YNL055C,0,6.32071,0.2675585150718689,0.46875,0.13171611726284027
YKL141W,YHL015W,0,6.3201957,0.26740947365760803,0.46875,0.13181635737419128
YPR008W,YBR005W,0,6.3199706,0.2672605812549591,0.46875,0.1319165974855423
YBR054W,YMR118C,0,6.319873,0.2671118676662445,0.46875,0.1320168375968933
YEL017C-A,YML121W,1,6.3189893,0.267519474029541,0.4697265625,0.1320168375968933
YPR021C,YHR175W,1,6.318941,0.2679266333580017,0.470703125,0.1320168375968933
YER056C,YER015W,0,6.317812,0.26777777075767517,0.470703125,0.13211707770824432
YIL064W,YHR138C,0,6.316163,0.26762908697128296,0.470703125,0.13221731781959534
YHR009C,YNL247W,0,6.315618,0.2674805819988251,0.470703125,0.13231755793094635
YDL247W,YPL140C,0,6.3101482,0.2673322260379791,0.470703125,0.13241779804229736
YGR181W,YCR091W,0,6.3098125,0.2671840488910675,0.470703125,0.13251803815364838
YFR031C-A,YFL026W,0,6.3076572,0.2670360207557678,0.470703125,0.1326182782649994
YNL259C,YDL206W,1,6.306901,0.26744186878204346,0.4716796875,0.1326182782649994
YDR135C,YOL020W,1,6.30661,0.2678472697734833,0.47265625,0.1326182782649994
YDR145W,YDR023W,0,6.3053546,0.26769912242889404,0.47265625,0.1327185183763504
YGL067W,YOL096C,0,6.3050747,0.26755112409591675,0.47265625,0.13281875848770142
YIL036W,YLR460C,0,6.3007193,0.2674033045768738,0.47265625,0.13291899859905243
YIL019W,YPR071W,0,6.299444,0.26725566387176514,0.47265625,0.13301925361156464
YBR029C,YNR071C,0,6.299258,0.26710817217826843,0.47265625,0.13311949372291565
YOR049C,YPR086W,0,6.2973094,0.26696082949638367,0.47265625,0.13321973383426666
YOR103C,YKR052C,0,6.2969456,0.2668136656284332,0.47265625,0.13331997394561768
YMR015C,YGR044C,0,6.2966533,0.2666666805744171,0.47265625,0.1334202140569687
YOR316C,YHR157W,0,6.2964664,0.26651981472969055,0.47265625,0.1335204541683197
YDR178W,YNL161W,0,6.2959075,0.2663731276988983,0.47265625,0.13362069427967072
YJL078C,YMR118C,0,6.294402,0.2662266194820404,0.47265625,0.13372093439102173
YML098W,YPL198W,0,6.292671,0.26608026027679443,0.47265625,0.13382117450237274
YBR296C,YBR291C,1,6.290991,0.26648351550102234,0.4736328125,0.13382117450237274
YDR471W,YLR193C,0,6.2896976,0.26633718609809875,0.4736328125,0.13392141461372375
YEL027W,YNL111C,0,6.2866335,0.2661910057067871,0.4736328125,0.13402165472507477
YEL005C,YFR034C,0,6.2864,0.2660449743270874,0.4736328125,0.13412189483642578
YIL019W,YMR261C,0,6.2861485,0.265899121761322,0.4736328125,0.1342221349477768
YDR075W,YNR059W,0,6.2857347,0.2657534182071686,0.4736328125,0.1343223750591278
YJR123W,YHR024C,0,6.281329,0.26560789346694946,0.4736328125,0.13442261517047882
YPR175W,YDL087C,0,6.281278,0.2654625177383423,0.4736328125,0.13452285528182983
YGL076C,YOR034C,0,6.280875,0.26531729102134705,0.4736328125,0.13462309539318085
YLL055W,YLL027W,1,6.28001,0.2657189667224884,0.474609375,0.13462309539318085
YPL262W,YLR017W,0,6.278447,0.26557376980781555,0.474609375,0.13472333550453186
YDR039C,YKR099W,0,6.2780843,0.26542872190475464,0.474609375,0.13482357561588287
YLL018C-A,YDR057W,0,6.2741933,0.26528385281562805,0.474609375,0.1349238157272339
YDR516C,YNL118C,0,6.2657413,0.265139102935791,0.474609375,0.1350240558385849
YPR106W,YDR300C,0,6.2646546,0.2649945616722107,0.474609375,0.1351242959499359
YDR108W,YPL135W,0,6.262428,0.2648501396179199,0.474609375,0.13522453606128693
YAL002W,YDR002W,0,6.2618546,0.2647058963775635,0.474609375,0.13532477617263794
YPR156C,YMR177W,1,6.26143,0.2651061415672302,0.4755859375,0.13532477617263794
YJL167W,YHR142W,0,6.260828,0.26496192812919617,0.4755859375,0.13542501628398895
YDR322C-A,YMR177W,1,6.258525,0.26536160707473755,0.4765625,0.13542501628398895
YBR248C,YBR301W,0,6.257179,0.2652173936367035,0.4765625,0.13552525639533997
YNL183C,YDL031W,0,6.2570944,0.26507332921028137,0.4765625,0.13562549650669098
YCR098C,YNR013C,1,6.256791,0.26547232270240784,0.4775390625,0.13562549650669098
YOR049C,YML101C,0,6.2552395,0.2653282582759857,0.4775390625,0.135725736618042
YHR138C,YHR133C,0,6.2547383,0.2651843726634979,0.4775390625,0.135825976729393
YOL084W,YMR074C,0,6.2543116,0.26504063606262207,0.4775390625,0.13592621684074402
YIL148W,YIR031C,0,6.253668,0.26489707827568054,0.4775390625,0.13602645695209503
YJR073C,YDL102W,0,6.251416,0.26475363969802856,0.4775390625,0.13612669706344604
YBR132C,YIL006W,1,6.2460723,0.2651515007019043,0.478515625,0.13612669706344604
YPL234C,YCR024C-A,1,6.2459984,0.2655489444732666,0.4794921875,0.13612669706344604
YDL120W,YMR241W,1,6.243964,0.2659459412097931,0.48046875,0.13612669706344604
YER166W,YMR241W,1,6.242937,0.26634252071380615,0.4814453125,0.13612669706344604
YIL009W,YNR037C,0,6.24284,0.26619869470596313,0.4814453125,0.13622695207595825
YJL078C,YBR254C,0,6.2425604,0.26605504751205444,0.4814453125,0.13632719218730927
YDR398W,YCL064C,0,6.241978,0.2659115493297577,0.4814453125,0.13642743229866028
YDL206W,YIL114C,1,6.2408996,0.2663072645664215,0.482421875,0.13642743229866028
YPL179W,YJL001W,0,6.2406425,0.26616379618644714,0.482421875,0.1365276724100113
YIL043C,YDR284C,0,6.240053,0.2660204768180847,0.482421875,0.1366279125213623
YHR108W,YLR377C,0,6.239051,0.26587727665901184,0.482421875,0.13672815263271332
YJR153W,YOR247W,0,6.238324,0.2657342553138733,0.482421875,0.13682839274406433
YIL147C,YBR045C,0,6.2315683,0.2655913829803467,0.482421875,0.13692863285541534
YIL053W,YLR061W,0,6.227866,0.2654486894607544,0.482421875,0.13702887296676636
YGR296W,YEL027W,0,6.227833,0.26530611515045166,0.482421875,0.13712911307811737
YPL280W,YOR032C,0,6.2263927,0.26516371965408325,0.482421875,0.13722935318946838
YER093C,YDR317W,0,6.224786,0.2650214731693268,0.482421875,0.1373295933008194
YOR316C,YGL192W,0,6.2238727,0.26487934589385986,0.482421875,0.1374298334121704
YNL294C,YDR276C,0,6.2233057,0.26473739743232727,0.482421875,0.13753007352352142
YKL185W,YHR197W,0,6.2224007,0.2645955979824066,0.482421875,0.13763031363487244
YPL224C,YLL055W,1,6.220147,0.26498928666114807,0.4833984375,0.13763031363487244
YOL020W,YHR005C,0,6.219331,0.2648475170135498,0.4833984375,0.13773055374622345
YJL186W,YDR002W,0,6.2175264,0.2647058963775635,0.4833984375,0.13783079385757446
YIL119C,YGL018C,0,6.217127,0.2645643949508667,0.4833984375,0.13793103396892548
YBR016W,YDL102W,0,6.2164555,0.26442307233810425,0.4833984375,0.1380312740802765
YGR181W,YMR313C,0,6.211734,0.26428189873695374,0.4833984375,0.1381315141916275
YGR202C,YBR146W,0,6.2109785,0.26414087414741516,0.4833984375,0.13823175430297852
YJL174W,YNL024C,0,6.210355,0.2639999985694885,0.4833984375,0.13833199441432953
YGL126W,YER176W,0,6.2101393,0.26385927200317383,0.4833984375,0.13843223452568054
YLR288C,YLR435W,0,6.2085395,0.26371869444847107,0.4833984375,0.13853247463703156
YDL072C,YGR122W,0,6.207324,0.26357826590538025,0.4833984375,0.13863271474838257
YLR223C,YLR258W,0,6.2050123,0.26343798637390137,0.4833984375,0.13873295485973358
YLR313C,YHR014W,0,6.204859,0.2632978856563568,0.4833984375,0.1388331949710846
YER185W,YGL006W,1,6.201746,0.2636895179748535,0.484375,0.1388331949710846
YKL191W,YCR106W,0,6.2014856,0.26354941725730896,0.484375,0.1389334350824356
YEL006W,YKL040C,0,6.2009234,0.26340946555137634,0.484375,0.13903367519378662
YOR306C,YPR201W,1,6.199972,0.26380041241645813,0.4853515625,0.13903367519378662
YNL167C,YOL096C,0,6.19746,0.2636604905128479,0.4853515625,0.13913391530513763
YDL145C,YNL036W,0,6.1973867,0.2635206878185272,0.4853515625,0.13923415541648865
YPL060W,YHR050W,1,6.1967525,0.2639109790325165,0.486328125,0.13923415541648865
YDR213W,YKL081W,0,6.1964517,0.2637711763381958,0.486328125,0.13933439552783966
YCR023C,YNR013C,1,6.1963444,0.2641609311103821,0.4873046875,0.13933439552783966
YPL013C,YDR276C,0,6.195793,0.2640211582183838,0.4873046875,0.13943465054035187
YKL134C,YBR162C,0,6.1954837,0.26388153433799744,0.4873046875,0.13953489065170288
YDR098C,YML059C,0,6.194657,0.263742059469223,0.4873046875,0.1396351307630539
YKL145W,YDL223C,0,6.1938667,0.26360273361206055,0.4873046875,0.1397353708744049
YJL094C,YIL120W,0,6.1930857,0.26346355676651,0.4873046875,0.13983561098575592
YAL015C,YOL121C,0,6.187647,0.2633245289325714,0.4873046875,0.13993585109710693
YER041W,YER129W,0,6.1871004,0.26318565011024475,0.4873046875,0.14003609120845795
YDR039C,YBR296C,1,6.186394,0.2635740637779236,0.48828125,0.14003609120845795
YNL123W,YJL083W,0,6.184995,0.2634351849555969,0.48828125,0.14013633131980896
YER177W,YOL023W,0,6.182992,0.2632964849472046,0.48828125,0.14023657143115997
YLR075W,YDL211C,0,6.1825833,0.2631579041481018,0.48828125,0.140336811542511
YBR218C,YBR191W,0,6.1821804,0.26301947236061096,0.48828125,0.140437051653862
YDL100C,YOR009W,0,6.1806087,0.26288118958473206,0.48828125,0.140537291765213
YKL141W,YEL048C,0,6.1785097,0.2627430260181427,0.48828125,0.14063753187656403
YML067C,YER028C,0,6.1765776,0.26260504126548767,0.48828125,0.14073777198791504
YDR441C,YJL167W,0,6.1761684,0.2624672055244446,0.48828125,0.14083801209926605
YKL026C,YDR372C,0,6.1746683,0.26232948899269104,0.48828125,0.14093825221061707
YFR047C,YFL049W,0,6.1716833,0.26219192147254944,0.48828125,0.14103849232196808
YHL015W,YER129W,0,6.1715136,0.2620545029640198,0.48828125,0.1411387324333191
YLR411W,YBR127C,1,6.1711416,0.26244106888771057,0.4892578125,0.1411387324333191
YPR020W,YLL018C-A,1,6.1668983,0.26282721757888794,0.490234375,0.1411387324333191
YBR038W,YDR289C,0,6.1658,0.2626896798610687,0.490234375,0.1412389725446701
YER093C,YJL196C,0,6.1652293,0.26255229115486145,0.490234375,0.14133921265602112
YFL050C,YGR217W,1,6.164426,0.2629377841949463,0.4912109375,0.14133921265602112
YDR201W,YLR058C,0,6.163579,0.2628004252910614,0.4912109375,0.14143945276737213
YDR377W,YHR122W,0,6.1622334,0.26266318559646606,0.4912109375,0.14153969287872314
YJL057C,YLR060W,0,6.1614113,0.26252609491348267,0.4912109375,0.14163993299007416
YJR073C,YOR267C,0,6.157365,0.2623891532421112,0.4912109375,0.14174017310142517
YBL051C,YBR168W,0,6.1567726,0.2622523605823517,0.4912109375,0.14184041321277618
YIL038C,YBR169C,0,6.1560707,0.2621156871318817,0.4912109375,0.1419406533241272
YKL016C,YOR330C,0,6.1548014,0.2619791626930237,0.4912109375,0.1420408934354782
YOR273C,YHL006C,0,6.1543236,0.2618427872657776,0.4912109375,0.14214113354682922
YGR170W,YDR365C,0,6.1538734,0.26170656085014343,0.4912109375,0.14224137365818024
YOR192C,YBR003W,0,6.152791,0.26157045364379883,0.4912109375,0.14234161376953125
YER142C,YNL240C,0,6.152383,0.26143452525138855,0.4912109375,0.14244185388088226
YDL220C,YCR091W,0,6.1500635,0.2612987160682678,0.4912109375,0.14254209399223328
YBR291C,YJR152W,1,6.1484156,0.2616822421550751,0.4921875,0.14254209399223328
YOR267C,YIL011W,0,6.148406,0.26154643297195435,0.4921875,0.14264234900474548
YOL154W,YHL015W,0,6.1470537,0.26141080260276794,0.4921875,0.1427425891160965
YLL024C,YNL094W,0,6.146919,0.2612752616405487,0.4921875,0.1428428292274475
YIL007C,YOR034C,0,6.1466613,0.2611398994922638,0.4921875,0.14294306933879852
YHR103W,YEL001C,0,6.1456947,0.26100465655326843,0.4921875,0.14304330945014954
YDL210W,YGL139W,1,6.1449137,0.2613871693611145,0.4931640625,0.14304330945014954
YHR139C,YER032W,0,6.1447268,0.26125192642211914,0.4931640625,0.14314354956150055
YGR099W,YKL043W,0,6.1445465,0.2611168622970581,0.4931640625,0.14324378967285156
YDR482C,YDR276C,0,6.1444087,0.2609819173812866,0.4931640625,0.14334402978420258
YPR114W,YCR005C,0,6.143771,0.2608471214771271,0.4931640625,0.1434442698955536
YPL215W,YIR026C,0,6.143696,0.2607124447822571,0.4931640625,0.1435445100069046
YMR076C,YPL135W,0,6.142885,0.260577917098999,0.4931640625,0.14364475011825562
YHL040C,YGR065C,1,6.1404586,0.260959267616272,0.494140625,0.14364475011825562
YOR316C,YJR040W,1,6.1400194,0.2613402009010315,0.4951171875,0.14364475011825562
YHR002W,YNL003C,1,6.1397533,0.26172077655792236,0.49609375,0.14364475011825562
YBR169C,YLR460C,0,6.1387234,0.2615859806537628,0.49609375,0.14374499022960663
YOR117W,YLR432W,0,6.1381674,0.2614513635635376,0.49609375,0.14384523034095764
YDR025W,YGL240W,0,6.13643,0.26131686568260193,0.49609375,0.14394547045230865
YLR102C,YDR309C,0,6.1333785,0.2611825168132782,0.49609375,0.14404571056365967
YNL183C,YNL286W,0,6.1329184,0.2610483169555664,0.49609375,0.14414595067501068
YFL005W,YPL193W,0,6.1327496,0.26091423630714417,0.49609375,0.1442461907863617
YBR015C,YLR384C,0,6.1318226,0.2607802748680115,0.49609375,0.1443464308977127
YLR004C,YER033C,0,6.1318007,0.2606464922428131,0.49609375,0.14444667100906372
YPL171C,YIL069C,0,6.131033,0.2605128288269043,0.49609375,0.14454691112041473
YDR039C,YNL259C,1,6.130639,0.260891854763031,0.4970703125,0.14454691112041473
YGR007W,YOR109W,0,6.129668,0.2607581913471222,0.4970703125,0.14464715123176575
YLL018C-A,YDR190C,0,6.1261406,0.2606246769428253,0.4970703125,0.14474739134311676
YNL145W,YNL164C,0,6.125435,0.2604913115501404,0.4970703125,0.14484763145446777
YMR318C,YJR117W,0,6.1250615,0.260358065366745,0.4970703125,0.1449478715658188
YCR024C,YML016C,0,6.124773,0.26022493839263916,0.4970703125,0.1450481116771698
YDR516C,YHR201C,0,6.121313,0.26009199023246765,0.4970703125,0.1451483517885208
YOL084W,YKL002W,0,6.1191635,0.2599591314792633,0.4970703125,0.14524859189987183
YGR138C,YBR039W,1,6.117763,0.26033690571784973,0.498046875,0.14524859189987183
YBR131W,YBR301W,0,6.1177235,0.2602040767669678,0.498046875,0.14534883201122284
YML133C,YDL154W,0,6.1169825,0.26007139682769775,0.498046875,0.14544907212257385
YOR079C,YNR060W,1,6.114819,0.26044851541519165,0.4990234375,0.14544907212257385
YER014W,YLR052W,0,6.11447,0.26031583547592163,0.4990234375,0.14554931223392487
YMR286W,YLR384C,0,6.109644,0.26018330454826355,0.4990234375,0.14564955234527588
YOR267C,YER032W,0,6.108288,0.260050892829895,0.4990234375,0.1457497924566269
YLR220W,YGR191W,1,6.1067963,0.2604272663593292,0.5,0.1457497924566269
YDR345C,YGL196W,0,6.1047287,0.2602948546409607,0.5,0.1458500474691391
YDR375C,YHR150W,0,6.103854,0.2601625919342041,0.5,0.1459502875804901
YLR185W,YOR249C,0,6.1038156,0.26003047823905945,0.5,0.14605052769184113
YOR103C,YLR460C,0,6.103629,0.25989848375320435,0.5,0.14615076780319214
YGL018C,YPR068C,0,6.1026864,0.2597666084766388,0.5,0.14625100791454315
YLR118C,YOR011W,0,6.1025662,0.2596348822116852,0.5,0.14635124802589417
YIL013C,YJR052W,0,6.101757,0.2595033049583435,0.5,0.14645148813724518
YCL017C,YKR049C,0,6.1012254,0.2593718469142914,0.5,0.1465517282485962
YGL254W,YPR156C,1,6.101207,0.25974684953689575,0.5009765625,0.1465517282485962
YPL215W,YKR072C,0,6.1010523,0.25961539149284363,0.5009765625,0.1466519683599472
YGR024C,YPL018W,0,6.0953183,0.25948405265808105,0.5009765625,0.14675220847129822
YGR065C,YOL152W,1,6.093005,0.2598584294319153,0.501953125,0.14675220847129822
YDR280W,YGR296W,0,6.092816,0.2597271203994751,0.501953125,0.14685244858264923
YDR377W,YPL130W,0,6.0927267,0.25959596037864685,0.501953125,0.14695268869400024
YLR200W,YPL018W,0,6.092415,0.25946491956710815,0.501953125,0.14705292880535126
YGL073W,YPL234C,0,6.0908623,0.259333997964859,0.501953125,0.14715316891670227
YGL087C,YPR141C,0,6.0908136,0.2592032253742218,0.501953125,0.14725340902805328
YBL080C,YLR023C,0,6.088785,0.25907257199287415,0.501953125,0.1473536491394043
YCR105W,YGR094W,0,6.0878487,0.2589420676231384,0.501953125,0.1474538892507553
YPR021C,YGR191W,1,6.0867805,0.2593151926994324,0.5029296875,0.1474538892507553
YNL133C,YGL078C,0,6.084756,0.25918468832969666,0.5029296875,0.14755412936210632
YBR291C,YPL234C,1,6.0842104,0.2595573365688324,0.50390625,0.14755412936210632
YPL234C,YNL240C,0,6.0839157,0.25942686200141907,0.50390625,0.14765436947345734
YLR220W,YDR298C,1,6.0825844,0.2597990036010742,0.5048828125,0.14765436947345734
YOR045W,YJR041C,0,6.078741,0.2596684992313385,0.5048828125,0.14775460958480835
YHR210C,YFL056C,0,6.0782957,0.2595381438732147,0.5048828125,0.14785484969615936
YBR295W,YDR384C,0,6.0782933,0.2594079375267029,0.5048828125,0.14795508980751038
YNL190W,YOL084W,0,6.0769114,0.2592778205871582,0.5048828125,0.1480553299188614
YMR081C,YOL011W,0,6.0757217,0.25914788246154785,0.5048828125,0.1481555700302124
YBL038W,YLR060W,0,6.075218,0.25901803374290466,0.5048828125,0.14825581014156342
YOR071C,YKL217W,1,6.0751486,0.25938907265663147,0.505859375,0.14825581014156342
YGR245C,YGL219C,0,6.074819,0.25925925374031067,0.505859375,0.14835605025291443
YPR110C,YAL051W,0,6.072931,0.2591295540332794,0.505859375,0.14845629036426544
YJR041C,YDL106C,0,6.072357,0.2590000033378601,0.505859375,0.14855653047561646
YLR258W,YIL008W,0,6.070441,0.25887057185173035,0.505859375,0.14865677058696747
YDR244W,YNR053C,0,6.0701456,0.25874125957489014,0.505859375,0.14875701069831848
YGR254W,YHR169W,0,6.070072,0.25861209630966187,0.505859375,0.1488572508096695
YOR262W,YBL038W,0,6.069704,0.25848302245140076,0.505859375,0.1489574909210205
YJL003W,YDR165W,0,6.0690737,0.258354127407074,0.505859375,0.14905774593353271
YPR173C,YGL093W,0,6.068662,0.25822532176971436,0.505859375,0.14915798604488373
YEL048C,YNL288W,0,6.0683136,0.2580966651439667,0.505859375,0.14925822615623474
YML120C,YDL046W,0,6.0666523,0.25796812772750854,0.505859375,0.14935846626758575
YLR052W,YOR059C,0,6.0665383,0.25783970952033997,0.505859375,0.14945870637893677
YGR212W,YBR114W,0,6.0655646,0.2577114403247833,0.505859375,0.14955894649028778
YJL183W,YGR205W,0,6.065524,0.25758329033851624,0.505859375,0.1496591866016388
YDR040C,YNR033W,0,6.064868,0.2574552595615387,0.505859375,0.1497594267129898
YLR200W,YBR168W,0,6.06443,0.2573273777961731,0.505859375,0.14985966682434082
YLR060W,YFR030W,0,6.0642233,0.25719961524009705,0.505859375,0.14995990693569183
YDR261C,YFR053C,0,6.0631385,0.25707197189331055,0.505859375,0.15006014704704285
YPL001W,YMR105C,0,6.0626245,0.2569444477558136,0.505859375,0.15016038715839386
YMR195W,YOR059C,0,6.060372,0.2568170428276062,0.505859375,0.15026062726974487
YLR017W,YNL287W,0,6.0603704,0.25668978691101074,0.505859375,0.1503608673810959
YPL262W,YGR007W,0,6.059676,0.25656265020370483,0.505859375,0.1504611074924469
YNL321W,YJL133W,1,6.059246,0.2569306790828705,0.5068359375,0.1504611074924469
YKL058W,YDR040C,0,6.0587006,0.25680357217788696,0.5068359375,0.1505613476037979
YPR046W,YDR384C,0,6.057734,0.2566765546798706,0.5068359375,0.15066158771514893
YBR153W,YIL005W,0,6.053177,0.2565496861934662,0.5068359375,0.15076182782649994
YML123C,YLR138W,1,6.051938,0.25691699981689453,0.5078125,0.15076182782649994
YKR093W,YDR160W,0,6.051781,0.2567901313304901,0.5078125,0.15086206793785095
YOR332W,YBR290W,1,6.050973,0.25715696811676025,0.5087890625,0.15086206793785095
YKL110C,YOR383C,0,6.050514,0.25703009963035583,0.5087890625,0.15096230804920197
YOR270C,YLL018C-A,1,6.049468,0.2573964595794678,0.509765625,0.15096230804920197
YML041C,YDR007W,0,6.049329,0.25726959109306335,0.509765625,0.15106254816055298
YCL017C,YGL127C,0,6.049191,0.2571428716182709,0.509765625,0.151162788271904
YDL240W,YPR100W,0,6.0462933,0.25701624155044556,0.509765625,0.151263028383255
YDR019C,YJL035C,0,6.046239,0.2568897604942322,0.509765625,0.15136326849460602
YOR079C,YHR039C-A,1,6.044821,0.25725528597831726,0.5107421875,0.15136326849460602
YIL056W,YPL183C,0,6.044612,0.2571288049221039,0.5107421875,0.15146350860595703
YDL120W,YKL165C,1,6.0441484,0.25749385356903076,0.51171875,0.15146350860595703
YML127W,YNL133C,0,6.041066,0.2573673725128174,0.51171875,0.15156374871730804
YOR272W,YCL048W,0,6.040927,0.25724104046821594,0.51171875,0.15166398882865906
YMR226C,YIL123W,0,6.038851,0.25711482763290405,0.51171875,0.15176422894001007
YNL167C,YLR056W,0,6.037594,0.2569887340068817,0.51171875,0.15186446905136108
YDL120W,YPR201W,1,6.0348425,0.25735294818878174,0.5126953125,0.15186446905136108
YGR212W,YPR106W,0,6.034616,0.2572268545627594,0.5126953125,0.1519647091627121
YIL156W,YLR115W,0,6.0326195,0.2571008801460266,0.5126953125,0.1520649492740631
YJR042W,YER081W,0,6.030467,0.2569750249385834,0.5126953125,0.15216518938541412
YPR037C,YFR030W,0,6.0302615,0.2568493187427521,0.5126953125,0.15226544439792633
YDR513W,YAL068C,0,6.029048,0.25672370195388794,0.5126953125,0.15236568450927734
YPR003C,YNL055C,1,6.0287056,0.25708699226379395,0.513671875,0.15236568450927734
YNL031C,YLR011W,0,6.0286384,0.2569614052772522,0.513671875,0.15246592462062836
YMR234W,YDR234W,0,6.028284,0.2568359375,0.513671875,0.15256616473197937
YBR038W,YLR215C,0,6.02814,0.25671058893203735,0.513671875,0.15266640484333038
YBR101C,YBR034C,0,6.027835,0.25658535957336426,0.513671875,0.1527666449546814
YOR065W,YPL175W,0,6.0235605,0.2564602494239807,0.513671875,0.1528668850660324
YBR069C,YER179W,0,6.022084,0.2563352882862091,0.513671875,0.15296712517738342
YLL015W,YMR034C,1,6.0218744,0.25669750571250916,0.5146484375,0.15296712517738342
YJL094C,YIL148W,0,6.0207033,0.25657254457473755,0.5146484375,0.15306736528873444
YER023W,YHR197W,0,6.0201397,0.2564477026462555,0.5146484375,0.15316760540008545
YJL174W,YPR180W,0,6.0194054,0.2563229501247406,0.5146484375,0.15326784551143646
YPL130W,YER023W,0,6.019079,0.25619834661483765,0.5146484375,0.15336808562278748
YPL224C,YKL120W,1,6.019062,0.2565597593784332,0.515625,0.15336808562278748
YGL189C,YDR175C,0,6.016838,0.2564351558685303,0.515625,0.1534683257341385
YPR128C,YIL114C,1,6.016035,0.25679612159729004,0.5166015625,0.1534683257341385
YOR381W,YCR024C-A,1,6.015736,0.25715672969818115,0.517578125,0.1534683257341385
YNL038W,YKR077W,0,6.013757,0.25703200697898865,0.517578125,0.1535685658454895
YBR029C,YLR384C,0,6.0134645,0.2569074034690857,0.517578125,0.15366880595684052
YIL153W,YNR059W,0,6.012499,0.2567829489707947,0.517578125,0.15376904606819153
YDR325W,YLR193C,0,6.0121694,0.2566585838794708,0.517578125,0.15386928617954254
YEL048C,YFR030W,0,6.0082994,0.2565343677997589,0.517578125,0.15396952629089355
YER142C,YLR023C,0,6.003946,0.25641027092933655,0.517578125,0.15406976640224457
YEL001C,YDR244W,0,6.0023203,0.25628626346588135,0.517578125,0.15417000651359558
YDR386W,YGR120C,0,6.0016346,0.2561624050140381,0.517578125,0.1542702466249466
YER177W,YNL066W,0,6.001297,0.256038635969162,0.517578125,0.1543704867362976
YEL031W,YBR069C,1,5.999345,0.25639787316322327,0.5185546875,0.1543704867362976
YDR259C,YER129W,0,5.997925,0.25627413392066956,0.5185546875,0.15447072684764862
YKR049C,YIL009W,0,5.997427,0.2561505138874054,0.5185546875,0.15457096695899963
YBR054W,YJR152W,1,5.997327,0.2565091550350189,0.51953125,0.15457096695899963
YPR003C,YBR181C,0,5.996939,0.25638553500175476,0.51953125,0.15467120707035065
YKR039W,YDR160W,1,5.996461,0.25674372911453247,0.5205078125,0.15467120707035065
YOR191W,YFR031C-A,0,5.9963484,0.2566201388835907,0.5205078125,0.15477144718170166
YKR050W,YKL064W,1,5.993143,0.2569778561592102,0.521484375,0.15477144718170166
YJR123W,YDL117W,0,5.9929276,0.25685426592826843,0.521484375,0.15487168729305267
YEL020W-A,YLR417W,0,5.9924974,0.2567307651042938,0.521484375,0.1549719274044037
YDR469W,YHL021C,0,5.990585,0.25660741329193115,0.521484375,0.1550721675157547
YPR037C,YLR432W,0,5.9878454,0.25648415088653564,0.521484375,0.1551724076271057
YOR156C,YKR079C,0,5.987377,0.2563610076904297,0.521484375,0.15527264773845673
YML127W,YPL063W,0,5.986812,0.25623801350593567,0.521484375,0.15537288784980774
YMR195W,YJL216C,0,5.9860735,0.2561151087284088,0.521484375,0.15547314286231995
YER031C,YPL239W,0,5.9851627,0.2559923231601715,0.521484375,0.15557338297367096
YGL126W,YOL116W,0,5.984481,0.25586965680122375,0.521484375,0.15567362308502197
YNR060W,YHL040C,1,5.981535,0.2562260627746582,0.5224609375,0.15567362308502197
YDR213W,YNL181W,0,5.9782863,0.25610339641571045,0.5224609375,0.15577386319637299
YLR237W,YDR276C,1,5.977129,0.2564593255519867,0.5234375,0.15577386319637299
YJR042W,YKL150W,0,5.9761453,0.25633668899536133,0.5234375,0.155874103307724
YJR027W,YNR071C,0,5.974295,0.2562141418457031,0.5234375,0.155974343419075
YHR002W,YMR054W,1,5.970253,0.256569504737854,0.5244140625,0.155974343419075
YBR043C,YIL069C,0,5.969859,0.2564469873905182,0.5244140625,0.15607458353042603
YER031C,YBR180W,0,5.967823,0.2563245892524719,0.5244140625,0.15617482364177704
YHR096C,YPL168W,0,5.966754,0.2562022805213928,0.5244140625,0.15627506375312805
YHR185C,YOL052C-A,0,5.965432,0.25608012080192566,0.5244140625,0.15637530386447906
YJL054W,YDR359C,0,5.962349,0.25595805048942566,0.5244140625,0.15647554397583008
YMR038C,YDR040C,1,5.962149,0.2563125193119049,0.525390625,0.15647554397583008
YER127W,YLR466W,0,5.9620423,0.2561904788017273,0.525390625,0.1565757840871811
YPR128C,YIL006W,1,5.9616003,0.2565445005893707,0.5263671875,0.1565757840871811
YLR259C,YHR157W,0,5.96134,0.2564224600791931,0.5263671875,0.1566760241985321
YDR469W,YBL091C,0,5.958969,0.25630050897598267,0.5263671875,0.15677626430988312
YER056C,YBR107C,0,5.9587803,0.25617870688438416,0.5263671875,0.15687650442123413
YHL017W,YLL067C,0,5.958761,0.2560569941997528,0.5263671875,0.15697674453258514
YOR016C,YMR105C,0,5.9585905,0.2559354305267334,0.5263671875,0.15707698464393616
YDR190C,YFR053C,0,5.9579606,0.25581395626068115,0.5263671875,0.15717722475528717
YLR023C,YKL079W,0,5.9576845,0.25569260120391846,0.5263671875,0.15727746486663818
YGL073W,YDL145C,0,5.95376,0.2555713653564453,0.5263671875,0.1573777049779892
YJL198W,YDR456W,1,5.9518595,0.25592416524887085,0.52734375,0.1573777049779892
YDR422C,YOR059C,0,5.9497843,0.2558029294013977,0.52734375,0.1574779450893402
YGL018C,YPL156C,0,5.9452076,0.2556818127632141,0.52734375,0.15757818520069122
YER155C,YLR259C,0,5.9452024,0.25556081533432007,0.52734375,0.15767842531204224
YNL199C,YPL145C,0,5.9442477,0.2554399371147156,0.52734375,0.15777866542339325
YLR167W,YDR328C,0,5.943862,0.25531914830207825,0.52734375,0.15787890553474426
YHR201C,YER081W,0,5.94359,0.25519847869873047,0.52734375,0.15797914564609528
YBR162C,YDL211C,0,5.942145,0.25507792830467224,0.52734375,0.1580793857574463
YGL058W,YNR071C,0,5.940323,0.25495749711990356,0.52734375,0.1581796258687973
YLR059C,YBL005W,0,5.937441,0.25483718514442444,0.52734375,0.15827986598014832
YKL016C,YIL120W,0,5.935349,0.25471699237823486,0.52734375,0.15838010609149933
YGL104C,YPL280W,0,5.934844,0.25459688901901245,0.52734375,0.15848034620285034
YDR375C,YPL224C,0,5.934159,0.2544769048690796,0.52734375,0.15858058631420135
YLR223C,YOR259C,0,5.933714,0.2543570399284363,0.52734375,0.15868084132671356
YBR015C,YNR071C,0,5.933378,0.2542372941970825,0.52734375,0.15878108143806458
YLR001C,YDR317W,0,5.9332714,0.2541176378726959,0.52734375,0.1588813215494156
YMR243C,YLL016W,0,5.9331245,0.25399813055992126,0.52734375,0.1589815616607666
YBR153W,YPL021W,0,5.9325337,0.25387871265411377,0.52734375,0.15908180177211761
YIL013C,YDL100C,0,5.929235,0.25375938415527344,0.52734375,0.15918204188346863
YDR323C,YOR341W,0,5.9289446,0.25364020466804504,0.52734375,0.15928228199481964
YPL225W,YPL198W,0,5.9281425,0.2535211145877838,0.52734375,0.15938252210617065
YLR249W,YKL005C,0,5.927878,0.25340214371681213,0.52734375,0.15948276221752167
YPL036W,YML121W,1,5.9276557,0.25375235080718994,0.5283203125,0.15948276221752167
YKR093W,YJL180C,0,5.922557,0.25363337993621826,0.5283203125,0.15958300232887268
YNL132W,YHL031C,0,5.921236,0.25351452827453613,0.5283203125,0.1596832424402237
YKL141W,YIL009W,0,5.92097,0.25339579582214355,0.5283203125,0.1597834825515747
YJL012C,YJL212C,0,5.920065,0.25327715277671814,0.5283203125,0.15988372266292572
YGL144C,YKL197C,0,5.9195557,0.2531586289405823,0.5283203125,0.15998396277427673
YNL250W,YML102W,0,5.9187503,0.25304022431373596,0.5283203125,0.16008420288562775
YDR091C,YER072W,0,5.9165316,0.2529219388961792,0.5283203125,0.16018444299697876
YMR053C,YJR054W,0,5.9154844,0.2528037428855896,0.5283203125,0.16028468310832977
YJR042W,YNL246W,0,5.91506,0.25268566608428955,0.5283203125,0.1603849232196808
YPR067W,YDR110W,0,5.9129806,0.25256770849227905,0.5283203125,0.1604851633310318
YGL194C,YPL161C,0,5.9116945,0.2524498403072357,0.5283203125,0.1605854034423828
YOL132W,YDR188W,0,5.911438,0.25233209133148193,0.5283203125,0.16068564355373383
YLR193C,YLR292C,0,5.9112406,0.2522144615650177,0.5283203125,0.16078588366508484
YBR005W,YCL039W,0,5.910057,0.25209692120552063,0.5283203125,0.16088612377643585
YGR181W,YLR060W,0,5.909614,0.2519795000553131,0.5283203125,0.16098636388778687
YBR094W,YFR030W,0,5.909522,0.25186219811439514,0.5283203125,0.16108660399913788
YJR150C,YLR361C,0,5.909377,0.25174498558044434,0.5283203125,0.1611868441104889
YNL025C,YDR009W,0,5.9079103,0.2516278922557831,0.5283203125,0.1612870842218399
YML041C,YDR078C,0,5.906678,0.2515109181404114,0.5283203125,0.16138732433319092
YBR109C,YOR086C,0,5.9063053,0.2513940632343292,0.5283203125,0.16148756444454193
YMR076C,YHR096C,0,5.9062195,0.25127729773521423,0.5283203125,0.16158780455589294
YNL250W,YBL038W,0,5.9027433,0.2511606216430664,0.5283203125,0.16168804466724396
YBL080C,YML047C,0,5.9009504,0.2510440945625305,0.5283203125,0.16178828477859497
YPL171C,YIL144W,0,5.900694,0.2509276568889618,0.5283203125,0.16188853979110718
YOR359W,YBR191W,0,5.8994927,0.25081130862236023,0.5283203125,0.1619887799024582
YGR174C,YMR133W,0,5.8989224,0.2506950795650482,0.5283203125,0.1620890200138092
YHR146W,YGR030C,0,5.8978863,0.25057896971702576,0.5283203125,0.16218926012516022
YJR042W,YPL061W,0,5.8974695,0.25046294927597046,0.5283203125,0.16228950023651123
YOR192C,YBR208C,0,5.8960695,0.2503470480442047,0.5283203125,0.16238974034786224
YIL013C,YMR220W,0,5.8956594,0.2502312660217285,0.5283203125,0.16248998045921326
YGR205W,YPL001W,0,5.8949947,0.2501155734062195,0.5283203125,0.16259022057056427
YPR175W,YGL231C,0,5.8924093,0.25,0.5283203125,0.16269046068191528
YHR039C-A,YPR128C,1,5.891304,0.25034642219543457,0.529296875,0.16269046068191528
YHR169W,YGL240W,0,5.891298,0.2502308487892151,0.529296875,0.1627907007932663
YNL194C,YGL096W,0,5.8898835,0.25011536478996277,0.529296875,0.1628909409046173
YJL093C,YDR160W,1,5.888937,0.25046125054359436,0.5302734375,0.1628909409046173
YER177W,YOL061W,0,5.8886395,0.25034579634666443,0.5302734375,0.16299118101596832
YNL167C,YLR333C,0,5.8881683,0.2502304017543793,0.5302734375,0.16309142112731934
YDR213W,YGL053W,0,5.8881245,0.25011515617370605,0.5302734375,0.16319166123867035
YJR048W,YJR052W,0,5.8866844,0.25,0.5302734375,0.16329190135002136
YBR211C,YDR398W,0,5.8862267,0.2498849481344223,0.5302734375,0.16339214146137238
YOR177C,YOR341W,0,5.8856263,0.24977001547813416,0.5302734375,0.1634923815727234
YDR517W,YEL024W,0,5.884684,0.24965517222881317,0.5302734375,0.1635926216840744
YBL013W,YKR085C,0,5.8841906,0.24954044818878174,0.5302734375,0.16369286179542542
YKL016C,YHR201C,0,5.8824778,0.24942581355571747,0.5302734375,0.16379310190677643
YNL246W,YMR207C,0,5.881194,0.24931129813194275,0.5302734375,0.16389334201812744
YIL098C,YOR113W,0,5.8811646,0.2491968721151352,0.5302734375,0.16399358212947845
YPL280W,YIL030C,0,5.8810215,0.2490825653076172,0.5302734375,0.16409382224082947
YCL017C,YLR260W,0,5.8797665,0.24896836280822754,0.5302734375,0.16419406235218048
YDR204W,YOL121C,0,5.879037,0.24885426461696625,0.5302734375,0.1642943024635315
YGL098W,YPL239W,0,5.8779745,0.2487402707338333,0.5302734375,0.1643945425748825
YGL126W,YLR055C,0,5.8770328,0.24862636625766754,0.5302734375,0.16449478268623352
YER072W,YAL056W,0,5.8751287,0.24851258099079132,0.5302734375,0.16459502279758453
YDR377W,YIL130W,0,5.874247,0.24839890003204346,0.5302734375,0.16469526290893555
YLR237W,YKR052C,1,5.874153,0.24874256551265717,0.53125,0.16469526290893555
YKR053C,YGL144C,0,5.8740315,0.2486288845539093,0.53125,0.16479550302028656
YOR132W,YOR341W,0,5.8739676,0.2485153079032898,0.53125,0.16489574313163757
YLR277C,YOR273C,0,5.873651,0.24840182065963745,0.53125,0.1649959832429886
YLR417W,YMR242C,0,5.873207,0.24828845262527466,0.53125,0.1650962382555008
YOR101W,YJL167W,0,5.8730397,0.24817518889904022,0.53125,0.1651964783668518
YFR040W,YGL045W,0,5.87188,0.24806201457977295,0.53125,0.16529671847820282
YDR372C,YDR045C,0,5.8704348,0.24794894456863403,0.53125,0.16539695858955383
YBR043C,YHR194W,0,5.869301,0.24783599376678467,0.53125,0.16549719870090485
YIL019W,YPL061W,0,5.8657317,0.24772313237190247,0.53125,0.16559743881225586
YAL053W,YLR348C,1,5.864135,0.2480655461549759,0.5322265625,0.16559743881225586
YMR318C,YDR430C,0,5.86294,0.2479526847600937,0.5322265625,0.16569767892360687
YMR101C,YHR020W,0,5.862549,0.24783992767333984,0.5322265625,0.16579791903495789
YKL191W,YGL126W,0,5.8621197,0.24772727489471436,0.5322265625,0.1658981591463089
YLR220W,YIL114C,1,5.8616567,0.24806906282901764,0.533203125,0.1658981591463089
YPL061W,YMR133W,0,5.8613596,0.24795641005039215,0.533203125,0.1659983992576599
YJL012C,YLR052W,0,5.861351,0.24784384667873383,0.533203125,0.16609863936901093
YCR086W,YDR091C,0,5.860916,0.24773140251636505,0.533203125,0.16619887948036194
YHR165C,YBR191W,0,5.8608255,0.24761904776096344,0.533203125,0.16629911959171295
YJR153W,YDR300C,0,5.8585014,0.24750679731369019,0.533203125,0.16639935970306396
YHR122W,YBR119W,0,5.856776,0.2473946511745453,0.533203125,0.16649959981441498
YGR004W,YBR301W,0,5.853117,0.24728260934352875,0.533203125,0.166599839925766
YIL106W,YJL183W,0,5.8513355,0.24717067182064056,0.533203125,0.166700080037117
YPR114W,YNL318C,0,5.850653,0.24705882370471954,0.533203125,0.16680032014846802
YPR114W,YJL035C,0,5.847941,0.24694707989692688,0.533203125,0.16690056025981903
YOR049C,YJL094C,0,5.8464766,0.24683544039726257,0.533203125,0.16700080037117004
YPL262W,YPL117C,0,5.8457193,0.24672390520572662,0.533203125,0.16710104048252106
YML081C-A,YIL134W,1,5.84239,0.24706414341926575,0.5341796875,0.16710104048252106
YCL044C,YOR103C,0,5.84046,0.2469525933265686,0.5341796875,0.16720128059387207
YGR257C,YOL027C,1,5.8397775,0.2472924143075943,0.53515625,0.16720128059387207
YPR169W,YPL018W,0,5.8380294,0.24718087911605835,0.53515625,0.16730152070522308
YDL124W,YKL077W,0,5.836502,0.24706943333148956,0.53515625,0.1674017608165741
YDR148C,YLR044C,0,5.8346033,0.24695809185504913,0.53515625,0.1675020009279251
YKL141W,YGL151W,0,5.8329573,0.24684683978557587,0.53515625,0.16760224103927612
YJL058C,YLR056W,0,5.8314776,0.24673570692539215,0.53515625,0.16770248115062714
YOR320C,YCL048W,0,5.8307343,0.2466246634721756,0.53515625,0.16780272126197815
YOR087W,YGL008C,1,5.830314,0.24696356058120728,0.5361328125,0.16780272126197815
YDL247W,YNL194C,0,5.8302317,0.24685251712799072,0.5361328125,0.16790296137332916
YDR513W,YNR024W,0,5.828596,0.24674157798290253,0.5361328125,0.16800320148468018
YNL190W,YMR105C,0,5.8282247,0.2466307282447815,0.5361328125,0.1681034415960312
YNL076W,YJL216C,0,5.8242097,0.24651998281478882,0.5361328125,0.1682036817073822
YDR441C,YIL062C,0,5.824025,0.2464093416929245,0.5361328125,0.1683039367198944
YPR037C,YPL018W,0,5.823735,0.24629878997802734,0.5361328125,0.16840417683124542
YPL120W,YLR058C,0,5.8237267,0.24618834257125854,0.5361328125,0.16850441694259644
YBR024W,YCR021C,1,5.8227882,0.24652622640132904,0.537109375,0.16850441694259644
YOL023W,YGR122W,0,5.8223057,0.24641576409339905,0.537109375,0.16860465705394745
YOR236W,YBL047C,0,5.822299,0.2463054209947586,0.537109375,0.16870489716529846
YHR149C,YNR059W,0,5.819629,0.24619516730308533,0.537109375,0.16880513727664948
YGR060W,YHR190W,0,5.8188686,0.2460850179195404,0.537109375,0.1689053773880005
YOR381W,YNL083W,1,5.818441,0.2464221864938736,0.5380859375,0.1689053773880005
YCR045C,YMR081C,0,5.8165703,0.24631202220916748,0.5380859375,0.1690056174993515
YFL026W,YGR260W,0,5.8158045,0.24620196223258972,0.5380859375,0.16910585761070251
YPL198W,YHR014W,0,5.8156004,0.24609200656414032,0.5380859375,0.16920609772205353
YMR195W,YBL091C,0,5.8149276,0.24598214030265808,0.5380859375,0.16930633783340454
YFR016C,YBL008W,0,5.8148475,0.2458723783493042,0.5380859375,0.16940657794475555
YNL194C,YNL024C,0,5.814537,0.24576270580291748,0.5380859375,0.16950681805610657
YJL089W,YPL183C,0,5.814238,0.24565313756465912,0.5380859375,0.16960705816745758
YEL019C,YDL046W,0,5.8114796,0.2455436736345291,0.5380859375,0.1697072982788086
YGR212W,YNL029C,0,5.8093014,0.24543429911136627,0.5380859375,0.1698075383901596
YLR248W,YGR260W,0,5.808444,0.2453250288963318,0.5380859375,0.16990777850151062
YKL194C,YDR471W,0,5.807226,0.24521584808826447,0.5380859375,0.17000801861286163
YFR031C-A,YGL240W,0,5.806095,0.2451067566871643,0.5380859375,0.17010825872421265
YGL126W,YDL119C,0,5.804823,0.2449977695941925,0.5380859375,0.17020849883556366
YDL160C,YDL211C,0,5.8017564,0.24488888680934906,0.5380859375,0.17030873894691467
YEL005C,YIL148W,0,5.7997518,0.24478009343147278,0.5380859375,0.17040897905826569
YAL030W,YLR328W,0,5.799529,0.24467140436172485,0.5380859375,0.1705092191696167
YEL017C-A,YDR506C,1,5.796628,0.24500665068626404,0.5390625,0.1705092191696167
YOR383C,YPL076W,0,5.796341,0.2448979616165161,0.5390625,0.1706094592809677
YJL054W,YCR045C,0,5.7960706,0.24478936195373535,0.5390625,0.17070969939231873
YDR002W,YNR055C,0,5.788871,0.24468085169792175,0.5390625,0.17080993950366974
YPL280W,YPL161C,0,5.785694,0.2445724457502365,0.5390625,0.17091017961502075
YMR203W,YBR039W,1,5.7856207,0.24490699172019958,0.5400390625,0.17091017961502075
YML086C,YGL238W,0,5.784817,0.24479858577251434,0.5400390625,0.17101041972637177
YNL233W,YOR272W,0,5.784093,0.24469026923179626,0.5400390625,0.17111065983772278
YHR139C,YBR131W,0,5.7836566,0.24458204209804535,0.5400390625,0.1712108999490738
YGL087C,YDL145C,0,5.782548,0.2444739192724228,0.5400390625,0.1713111400604248
YDR091C,YER139C,0,5.7809334,0.2443658858537674,0.5400390625,0.17141138017177582
YJL129C,YOL027C,1,5.7809105,0.2446996420621872,0.541015625,0.17141138017177582
YLR409C,YDL087C,0,5.7806444,0.2445916086435318,0.541015625,0.17151163518428802
YML100W,YIL130W,0,5.7802596,0.24448366463184357,0.541015625,0.17161187529563904
YML081W,YDR078C,0,5.779566,0.2443758249282837,0.541015625,0.17171211540699005
YLR223C,YIL033C,0,5.7775035,0.24426807463169098,0.541015625,0.17181235551834106
YJR035W,YLR249W,0,5.775872,0.24416042864322662,0.541015625,0.17191259562969208
YJL012C,YPL224C,0,5.7757053,0.24405285716056824,0.541015625,0.1720128357410431
YJL174W,YPR161C,0,5.7756033,0.2439454048871994,0.541015625,0.1721130758523941
YPR105C,YOR254C,0,5.7754917,0.24383802711963654,0.541015625,0.17221331596374512
YFL061W,YNL123W,0,5.775259,0.24373075366020203,0.541015625,0.17231355607509613
YAR033W,YML086C,0,5.7708635,0.24362356960773468,0.541015625,0.17241379618644714
YER063W,YPL156C,0,5.770478,0.2435164898633957,0.541015625,0.17251403629779816
YHR090C,YBR191W,0,5.7680087,0.24340948462486267,0.541015625,0.17261427640914917
YNL156C,YNL055C,0,5.765592,0.243302583694458,0.541015625,0.17271451652050018
YDR160W,YCR106W,0,5.7633,0.2431957870721817,0.541015625,0.1728147566318512
YKL016C,YHR005C,0,5.7616887,0.24308907985687256,0.541015625,0.1729149967432022
YHR039C-A,YOL027C,1,5.7606936,0.2434210479259491,0.5419921875,0.1729149967432022
YGR217W,YMR038C,1,5.75774,0.24375273287296295,0.54296875,0.1729149967432022
YNL137C,YHL011C,0,5.7577047,0.24364592134952545,0.54296875,0.17301523685455322
YLR377C,YDR545W,0,5.7575464,0.24353919923305511,0.54296875,0.17311547696590424
YKR085C,YGL240W,0,5.75722,0.24343258142471313,0.54296875,0.17321571707725525
YOR068C,YMR131C,0,5.7567587,0.24332603812217712,0.54296875,0.17331595718860626
YJL110C,YPL156C,0,5.752677,0.24321959912776947,0.54296875,0.17341619729995728
YPL234C,YOR271C,1,5.751178,0.24355050921440125,0.5439453125,0.17341619729995728
YOR091W,YJR054W,0,5.7507052,0.2434440553188324,0.5439453125,0.1735164374113083
YLR411W,YHR142W,0,5.7487793,0.2433377057313919,0.5439453125,0.1736166775226593
YLR175W,YKL005C,0,5.7480373,0.24323144555091858,0.5439453125,0.17371691763401031
YEL005C,YPL013C,0,5.7471056,0.24312527477741241,0.5439453125,0.17381715774536133
YOR251C,YDR506C,1,5.746904,0.24345549941062927,0.544921875,0.17381715774536133
YDR471W,YNL180C,0,5.746525,0.2433493286371231,0.544921875,0.17391739785671234
YOL096C,YPR097W,0,5.7448635,0.2432432472705841,0.544921875,0.17401763796806335
YMR009W,YAL026C,0,5.744859,0.24313725531101227,0.544921875,0.17411787807941437
YBR034C,YOR335C,0,5.743423,0.2430313527584076,0.544921875,0.17421811819076538
YJR108W,YLR058C,0,5.743289,0.24292555451393127,0.544921875,0.1743183583021164
YFL025C,YMR041C,0,5.7426867,0.24281984567642212,0.544921875,0.1744185984134674
YKR085C,YER023W,0,5.740726,0.24271422624588013,0.544921875,0.17451883852481842
YIL075C,YDR217C,0,5.7390394,0.2426086962223053,0.544921875,0.17461907863616943
YMR053C,YLL021W,0,5.738596,0.24250325560569763,0.544921875,0.17471933364868164
YDR273W,YHR190W,0,5.7374964,0.24239791929721832,0.544921875,0.17481957376003265
YLR130C,YLR220W,1,5.7365484,0.2427268773317337,0.5458984375,0.17481957376003265
YOR381W,YDR040C,1,5.73645,0.2430555522441864,0.546875,0.17481957376003265
YDR397C,YNL036W,0,5.735485,0.24295011162757874,0.546875,0.17491981387138367
YKL032C,YPL254W,0,5.7349777,0.24284474551677704,0.546875,0.17502005398273468
YBR211C,YJR131W,0,5.734701,0.2427394837141037,0.546875,0.1751202940940857
YPL225W,YIL130W,0,5.734009,0.24263431131839752,0.546875,0.1752205342054367
YKL064W,YNR013C,1,5.730606,0.2429623156785965,0.5478515625,0.1752205342054367
YML011C,YHR001W-A,0,5.7304273,0.24285714328289032,0.5478515625,0.17532077431678772
YBR130C,YKL150W,0,5.7289886,0.2427520602941513,0.5478515625,0.17542101442813873
YDL247W,YKR085C,0,5.7259398,0.24264705181121826,0.5478515625,0.17552125453948975
YDR325W,YHR190W,0,5.722707,0.24254214763641357,0.5478515625,0.17562149465084076
YAL056W,YPL135W,0,5.7223063,0.24243733286857605,0.5478515625,0.17572173476219177
YJL059W,YDR213W,0,5.7222824,0.2423326075077057,0.5478515625,0.17582197487354279
YGL008C,YHR175W,1,5.7176595,0.2426597625017166,0.548828125,0.17582197487354279
YMR041C,YGL240W,0,5.7174635,0.24255502223968506,0.548828125,0.1759222149848938
YER044C-A,YDR039C,0,5.715562,0.24245038628578186,0.548828125,0.1760224550962448
YPL198W,YKL043W,0,5.715018,0.24234583973884583,0.548828125,0.17612269520759583
YDR040C,YMR058W,1,5.7149634,0.2426724135875702,0.5498046875,0.17612269520759583
YPL043W,YGL115W,0,5.714152,0.24256785213947296,0.5498046875,0.17622293531894684
YPR020W,YPL092W,1,5.713002,0.24289405345916748,0.55078125,0.17622293531894684
YNL243W,YJL026W,0,5.7116528,0.24278949201107025,0.55078125,0.17632317543029785
YKL058W,YMR195W,0,5.7106333,0.24268501996994019,0.55078125,0.17642341554164886
YGL126W,YOR019W,0,5.710316,0.24258065223693848,0.55078125,0.17652365565299988
YPR067W,YAR009C,0,5.710003,0.24247635900974274,0.55078125,0.1766238957643509
YKR093W,YKL043W,0,5.7079487,0.24237215518951416,0.55078125,0.1767241358757019
YBR130C,YJL094C,0,5.7067604,0.24226804077625275,0.55078125,0.17682437598705292
YPR021C,YPR036W,1,5.705449,0.24259339272975922,0.5517578125,0.17682437598705292
YNL240C,YPL253C,0,5.7026453,0.2424892634153366,0.5517578125,0.17692461609840393
YGL246C,YPR100W,0,5.7025175,0.24238523840904236,0.5517578125,0.17702485620975494
YML067C,YHR158C,0,5.7023764,0.24228130280971527,0.5517578125,0.17712509632110596
YDR178W,YDL102W,0,5.7016706,0.24217745661735535,0.5517578125,0.17722533643245697
YBR037C,YOR271C,1,5.7012525,0.2425021380186081,0.552734375,0.17722533643245697
YPL280W,YDL113C,0,5.7009196,0.24239829182624817,0.552734375,0.17732557654380798
YPL043W,YMR156C,0,5.7005258,0.2422945201396942,0.552734375,0.177425816655159
YPL141C,YBR248C,0,5.699125,0.24219083786010742,0.552734375,0.17752605676651
YKL006C-A,YLR001C,0,5.694973,0.242087259888649,0.552734375,0.17762629687786102
YBL080C,YAR009C,0,5.6943607,0.24198375642299652,0.552734375,0.17772653698921204
YML023C,YGR099W,0,5.694315,0.24188034236431122,0.552734375,0.17782677710056305
YOR117W,YJR108W,0,5.693734,0.24177701771259308,0.552734375,0.17792703211307526
YGL063W,YGR078C,0,5.692357,0.2416737824678421,0.552734375,0.17802727222442627
YPL120W,YPR174C,0,5.6917562,0.2415706366300583,0.552734375,0.17812751233577728
YDR148C,YOR260W,0,5.690641,0.24146758019924164,0.552734375,0.1782277524471283
YBL087C,YLR363C,0,5.690507,0.24136459827423096,0.552734375,0.1783279925584793
YPL105C,YHR157W,0,5.689913,0.24126172065734863,0.552734375,0.17842823266983032
YGL070C,YNL065W,0,5.689693,0.24115893244743347,0.552734375,0.17852847278118134
YDR091C,YKL194C,0,5.68948,0.24105621874332428,0.552734375,0.17862871289253235
YOR002W,YML031W,0,5.687587,0.24095359444618225,0.552734375,0.17872895300388336
YOL098C,YHR193C,0,5.6873884,0.24085105955600739,0.552734375,0.17882919311523438
YML045W,YCL035C,0,5.6870475,0.24074861407279968,0.552734375,0.1789294332265854
YOR316C,YLL018C-A,1,5.6864305,0.2410714328289032,0.5537109375,0.1789294332265854
YOR192C,YKL002W,0,5.685653,0.2409689724445343,0.5537109375,0.1790296733379364
YPL225W,YLR466W,0,5.6845703,0.24086661636829376,0.5537109375,0.17912991344928741
YKL138C,YAL051W,0,5.6839495,0.2407643347978592,0.5537109375,0.17923015356063843
YJR073C,YIL107C,0,5.68295,0.24066214263439178,0.5537109375,0.17933039367198944
YJL183W,YOR081C,0,5.681861,0.24056003987789154,0.5537109375,0.17943063378334045
YDR268W,YHR170W,0,5.6802163,0.24045801162719727,0.5537109375,0.17953087389469147
YLL018C-A,YPR068C,0,5.679407,0.24035608768463135,0.5537109375,0.17963111400604248
YBR218C,YHL021C,0,5.677285,0.2402542382478714,0.5537109375,0.1797313541173935
YER177W,YFR010W,0,5.673711,0.2401524782180786,0.5537109375,0.1798315942287445
YJR095W,YIL134W,1,5.673026,0.2404741793870926,0.5546875,0.1798315942287445
YML086C,YPL061W,0,5.672303,0.2403724044561386,0.5546875,0.17993183434009552
YGR211W,YBL047C,0,5.6720495,0.240270733833313,0.5546875,0.18003207445144653
YER176W,YIL018W,0,5.6711826,0.24016913771629333,0.5546875,0.18013231456279755
YGL067W,YEL039C,0,5.669784,0.24006763100624084,0.5546875,0.18023255467414856
YIL156W,YKL040C,0,5.669422,0.23996619880199432,0.5546875,0.18033279478549957
YAL048C,YOR157C,0,5.668355,0.23986487090587616,0.5546875,0.18043303489685059
YDL119C,YBR121C,0,5.667849,0.23976361751556396,0.5546875,0.1805332750082016
YGR170W,YER060W-A,0,5.666106,0.23966245353221893,0.5546875,0.1806335151195526
YBR023C,YKL040C,0,5.665154,0.23956136405467987,0.5546875,0.18073375523090363
YMR050C,YLR092W,0,5.663842,0.23946036398410797,0.5546875,0.18083399534225464
YIR019C,YMR074C,0,5.661042,0.23935945332050323,0.5546875,0.18093423545360565
YER028C,YDR165W,0,5.6604686,0.23925863206386566,0.5546875,0.18103447556495667
YGR065C,YGR217W,1,5.659892,0.2395789474248886,0.5556640625,0.18103447556495667
YFR031C-A,YKL052C,0,5.6591625,0.23947811126708984,0.5556640625,0.18113473057746887
YGL008C,YCR037C,1,5.6583414,0.23979806900024414,0.556640625,0.18113473057746887
YGL053W,YGR208W,0,5.65823,0.23969721794128418,0.556640625,0.18123497068881989
YHR088W,YBR086C,0,5.658019,0.23959647119045258,0.556640625,0.1813352108001709
YMR261C,YGL058W,0,5.6577907,0.23949579894542694,0.556640625,0.1814354509115219
YLL048C,YOR247W,0,5.6559086,0.23939521610736847,0.556640625,0.18153569102287292
YKL060C,YDL139C,0,5.6553335,0.23929470777511597,0.556640625,0.18163593113422394
YHR113W,YHR150W,0,5.653601,0.23919428884983063,0.556640625,0.18173617124557495
YDR398W,YDR100W,0,5.652869,0.23909395933151245,0.556640625,0.18183641135692596
YOL027C,YLR214W,1,5.6527042,0.23941299319267273,0.5576171875,0.18183641135692596
YCL068C,YEL051W,0,5.65238,0.23931266367435455,0.5576171875,0.18193665146827698
YPL171C,YHR001W-A,0,5.652144,0.23921239376068115,0.5576171875,0.182036891579628
YHR142W,YGR005C,0,5.6521387,0.2391122281551361,0.5576171875,0.182137131690979
YBR054W,YDR437W,0,5.650431,0.23901213705539703,0.5576171875,0.18223737180233002
YDR213W,YGR205W,0,5.6502013,0.23891213536262512,0.5576171875,0.18233761191368103
YBR181C,YLR092W,0,5.6480484,0.23881220817565918,0.5576171875,0.18243785202503204
YMR015C,YOR011W,0,5.647827,0.2387123703956604,0.5576171875,0.18253809213638306
YPR154W,YDR289C,0,5.647664,0.23861262202262878,0.5576171875,0.18263833224773407
YLR324W,YPR071W,0,5.6454887,0.23851294815540314,0.5576171875,0.18273857235908508
YDR259C,YER060W,0,5.645261,0.23841336369514465,0.5576171875,0.1828388124704361
YCL029C,YPL262W,0,5.6448693,0.23831385374069214,0.5576171875,0.1829390525817871
YMR053C,YDR528W,0,5.642948,0.2382144331932068,0.5576171875,0.18303929269313812
YLR239C,YDR325W,0,5.642279,0.2381151020526886,0.5576171875,0.18313953280448914
YJR117W,YKL002W,0,5.640651,0.23801584541797638,0.5576171875,0.18323977291584015
YNL029C,YER060W,0,5.639138,0.23791666328907013,0.5576171875,0.18334001302719116
YDL100C,YLR249W,0,5.6380615,0.23781757056713104,0.5576171875,0.18344025313854218
YGR057C,YPL145C,0,5.637929,0.23771856725215912,0.5576171875,0.1835404932498932
YBL007C,YGL171W,0,5.6307387,0.23761963844299316,0.5576171875,0.1836407333612442
YLR130C,YNR055C,1,5.630266,0.23793676495552063,0.55859375,0.1836407333612442
YBR146W,YNL118C,0,5.629672,0.23783783614635468,0.55859375,0.18374097347259521
YJL180C,YLR435W,0,5.6283655,0.2377389818429947,0.55859375,0.18384121358394623
YML021C,YMR040W,0,5.6282535,0.23764021694660187,0.55859375,0.18394145369529724
YJL117W,YDR040C,1,5.6279793,0.23795680701732635,0.5595703125,0.18394145369529724
YLL018C,YDR227W,0,5.626672,0.23785802721977234,0.5595703125,0.18404169380664825
YJL180C,YPL198W,0,5.625451,0.23775933682918549,0.5595703125,0.18414193391799927
YMR262W,YMR149W,0,5.6250954,0.2376607209444046,0.5595703125,0.18424217402935028
YOL122C,YGL027C,0,5.624631,0.23756219446659088,0.5595703125,0.1843424290418625
YDR325W,YGR138C,0,5.623339,0.23746374249458313,0.5595703125,0.1844426691532135
YPR161C,YLR249W,0,5.619211,0.23736536502838135,0.5595703125,0.18454290926456451
YLR417W,YAL059W,0,5.618499,0.23726707696914673,0.5595703125,0.18464314937591553
YPL280W,YLR093C,0,5.615001,0.23716887831687927,0.5595703125,0.18474338948726654
YNR038W,YDL076C,0,5.6142893,0.23707075417041779,0.5595703125,0.18484362959861755
YOL122C,YJL013C,0,5.614133,0.23697270452976227,0.5595703125,0.18494386970996857
YPR143W,YPL137C,0,5.613244,0.2368747442960739,0.5595703125,0.18504410982131958
YCL017C,YML107C,0,5.6128774,0.23677685856819153,0.5595703125,0.1851443499326706
YOR266W,YDR019C,0,5.611953,0.2366790622472763,0.5595703125,0.1852445900440216
YBL100W-B,YLR248W,0,5.611621,0.23658134043216705,0.5595703125,0.18534483015537262
YGR174C,YOR157C,0,5.61096,0.23648369312286377,0.5595703125,0.18544507026672363
YLR249W,YHR157W,0,5.6098995,0.23638613522052765,0.5595703125,0.18554531037807465
YBR003W,YGR138C,0,5.6085196,0.2362886667251587,0.5595703125,0.18564555048942566
YDR205W,YIL134W,1,5.6032286,0.23660346865653992,0.560546875,0.18564555048942566
YLR167W,YLR451W,0,5.6031513,0.23650597035884857,0.560546875,0.18574579060077667
YPR169W,YHR190W,0,5.601156,0.2364085614681244,0.560546875,0.18584603071212769
YBR208C,YGR296W,0,5.600066,0.23631124198436737,0.560546875,0.1859462708234787
YKL141W,YPL061W,0,5.599658,0.23621399700641632,0.560546875,0.1860465109348297
YBL038W,YML127W,0,5.595624,0.23611682653427124,0.560546875,0.18614675104618073
YCR023C,YPL234C,1,5.594859,0.23643092811107635,0.5615234375,0.18614675104618073
YOR236W,YOR009W,0,5.5943623,0.23633374273777008,0.5615234375,0.18624699115753174
YDR500C,YKR049C,0,5.5922937,0.23623664677143097,0.5615234375,0.18634723126888275
YLL015W,YMR177W,1,5.592156,0.23655030131340027,0.5625,0.18634723126888275
YNR032C-A,YBL035C,0,5.590109,0.23645320534706116,0.5625,0.18644747138023376
YLR345W,YPL175W,0,5.5900455,0.23635616898536682,0.5625,0.18654771149158478
YAL007C,YDR105C,0,5.5894103,0.23625922203063965,0.5625,0.1866479516029358
YGL096W,YDR437W,0,5.5887733,0.23616236448287964,0.5625,0.1867481917142868
YDR041W,YJL208C,0,5.58733,0.2360655665397644,0.5625,0.18684843182563782
YAR009C,YJL216C,0,5.5871453,0.23596885800361633,0.5625,0.18694867193698883
YKR064W,YDR135C,0,5.5866013,0.23587223887443542,0.5625,0.18704891204833984
YDR323C,YPL010W,0,5.586478,0.2357756793498993,0.5625,0.18714915215969086
YLR006C,YIL009W,0,5.5860443,0.23567920923233032,0.5625,0.18724939227104187
YNL221C,YDL123W,0,5.58559,0.23558282852172852,0.5625,0.18734963238239288
YPL146C,YCL016C,0,5.5851107,0.23548650741577148,0.5625,0.1874498724937439
YMR015C,YBL091C,0,5.584011,0.23539027571678162,0.5625,0.1875501275062561
YKL194C,YMR074C,0,5.5838575,0.23529411852359772,0.5625,0.18765036761760712
YCL017C,YNL142W,0,5.5830336,0.2351980358362198,0.5625,0.18775060772895813
YDL240W,YCR031C,0,5.5805793,0.23510204255580902,0.5625,0.18785084784030914
YGR212W,YDR422C,0,5.5799813,0.23500612378120422,0.5625,0.18795108795166016
YKL016C,YJL096W,0,5.579221,0.2349102795124054,0.5625,0.18805132806301117
YNL156C,YDR384C,0,5.5789266,0.23481450974941254,0.5625,0.18815156817436218
YGR138C,YNL003C,1,5.578705,0.235126331448555,0.5634765625,0.18815156817436218
YKL043W,YNL246W,0,5.5786242,0.23503054678440094,0.5634765625,0.1882518082857132
YGL126W,YHR194W,0,5.5785723,0.23493485152721405,0.5634765625,0.1883520483970642
YIL098C,YGL078C,0,5.5770545,0.23483923077583313,0.5634765625,0.18845228850841522
YMR059W,YDL124W,0,5.576295,0.23474369943141937,0.5634765625,0.18855252861976624
YNL259C,YLL009C,1,5.571678,0.2350548952817917,0.564453125,0.18855252861976624
YER139C,YBR023C,0,5.570924,0.23495934903621674,0.564453125,0.18865276873111725
YDR111C,YER127W,0,5.569362,0.23486387729644775,0.564453125,0.18875300884246826
YIL013C,YHL003C,0,5.5687,0.23476848006248474,0.564453125,0.18885324895381927
YNL142W,YOR110W,0,5.5683904,0.2346731573343277,0.564453125,0.1889534890651703
YMR274C,YFR049W,0,5.565233,0.23457792401313782,0.564453125,0.1890537291765213
YBL013W,YBR254C,0,5.5649166,0.2344827651977539,0.564453125,0.18915396928787231
YNL054W,YIL069C,0,5.5643435,0.23438766598701477,0.564453125,0.18925420939922333
YCR107W,YGL025C,0,5.564262,0.2342926561832428,0.564453125,0.18935444951057434
YJL012C,YNL081C,0,5.563177,0.234197735786438,0.564453125,0.18945468962192535
YHR088W,YDR517W,0,5.5623393,0.23410287499427795,0.564453125,0.18955492973327637
YPR020W,YCR028C,1,5.561475,0.23441295325756073,0.5654296875,0.18955492973327637
YJL174W,YER167W,0,5.5605636,0.2343180924654007,0.5654296875,0.18965516984462738
YNL132W,YER023W,0,5.5598755,0.23422330617904663,0.5654296875,0.1897554099559784
YIL107C,YNL055C,0,5.5588408,0.23412859439849854,0.5654296875,0.1898556500673294
YIL064W,YNL278W,0,5.5585666,0.2340339571237564,0.5654296875,0.18995589017868042
YOR260W,YBR023C,0,5.558023,0.23393939435482025,0.5654296875,0.19005613029003143
YPR154W,YOL078W,0,5.557986,0.23384490609169006,0.5654296875,0.19015637040138245
YGL167C,YNL055C,1,5.557164,0.23415422439575195,0.56640625,0.19015637040138245
YML041C,YLR061W,0,5.5560775,0.23405972123146057,0.56640625,0.19025661051273346
YML133C,YGL219C,0,5.555633,0.23396530747413635,0.56640625,0.19035685062408447
YDL210W,YER185W,1,5.555368,0.23427419364452362,0.5673828125,0.19035685062408447
YPL036W,YFL049W,0,5.5538273,0.2341797649860382,0.5673828125,0.19045709073543549
YMR195W,YGL226W,0,5.5478106,0.23408541083335876,0.5673828125,0.1905573308467865
YMR220W,YBR015C,0,5.547552,0.23399114608764648,0.5673828125,0.1906575709581375
YDR212W,YFR024C-A,0,5.5472326,0.23389694094657898,0.5673828125,0.19075782597064972
YGR007W,YPR100W,0,5.5467386,0.23380281031131744,0.5673828125,0.19085806608200073
YJR073C,YML011C,0,5.544365,0.23370876908302307,0.5673828125,0.19095830619335175
YHR090C,YPL135W,0,5.543791,0.23361480236053467,0.5673828125,0.19105854630470276
YDR217C,YKL087C,0,5.5430384,0.23352089524269104,0.5673828125,0.19115878641605377
YAL059W,YER167W,0,5.542727,0.23342707753181458,0.5673828125,0.19125902652740479
YOL126C,YPL061W,0,5.542314,0.23333333432674408,0.5673828125,0.1913592666387558
YLR175W,YBL047C,0,5.540738,0.23323966562747955,0.5673828125,0.1914595067501068
YOL154W,YER056C,0,5.540173,0.233146071434021,0.5673828125,0.19155974686145782
YAR009C,YPL097W,0,5.5398254,0.2330525517463684,0.5673828125,0.19165998697280884
YGR181W,YIL154C,0,5.539604,0.2329591065645218,0.5673828125,0.19176022708415985
YFR027W,YDR381W,0,5.5391145,0.23286573588848114,0.5673828125,0.19186046719551086
YML081C-A,YHR175W,1,5.5390263,0.23317307233810425,0.568359375,0.19186046719551086
YDR323C,YJL183W,0,5.5389757,0.2330797016620636,0.568359375,0.19196070730686188
YBR089C-A,YMR131C,0,5.5381365,0.23298639059066772,0.568359375,0.1920609474182129
YKR007W,YBR109C,0,5.5373573,0.23289315402507782,0.568359375,0.1921611875295639
YFL041W,YIL023C,1,5.536477,0.23319999873638153,0.5693359375,0.1921611875295639
YFL056C,YDL243C,0,5.5360546,0.23310676217079163,0.5693359375,0.19226142764091492
YKL016C,YNL275W,1,5.535136,0.23341326415538788,0.5703125,0.19226142764091492
YFR031C-A,YDR080W,0,5.5332403,0.23332001268863678,0.5703125,0.19236166775226593
YER179W,YDR372C,0,5.5332165,0.23322683572769165,0.5703125,0.19246190786361694
YKL062W,YNL288W,0,5.5326257,0.2331337332725525,0.5703125,0.19256214797496796
YBR016W,YBR218C,0,5.530479,0.2330407053232193,0.5703125,0.19266238808631897
YCR027C,YJR077C,1,5.5295715,0.233346626162529,0.5712890625,0.19266238808631897
YGR208W,YCL035C,0,5.527892,0.2332535833120346,0.5712890625,0.19276262819766998
YEL031W,YNL275W,1,5.527336,0.23355919122695923,0.572265625,0.19276262819766998
YGL104C,YIL038C,0,5.5271544,0.23346613347530365,0.572265625,0.192862868309021
YBR114W,YPR095C,0,5.526263,0.23337316513061523,0.572265625,0.192963108420372
YJL094C,YKL150W,0,5.525323,0.2332802563905716,0.572265625,0.19306334853172302
YKL191W,YCL048W,0,5.5226955,0.23318742215633392,0.572265625,0.19316358864307404
YPL141C,YDR317W,0,5.5225124,0.23309466242790222,0.572265625,0.19326382875442505
YEL005C,YDL189W,0,5.5214663,0.23300199210643768,0.572265625,0.19336406886577606
YBR016W,YNL038W,0,5.520772,0.23290938138961792,0.572265625,0.19346430897712708
YIL075C,YCR105W,0,5.5201015,0.23281684517860413,0.572265625,0.1935645490884781
YIL043C,YDR301W,0,5.5194345,0.2327243834733963,0.572265625,0.1936647891998291
YNL328C,YDL247W,0,5.5133295,0.23263199627399445,0.572265625,0.19376502931118011
YGR253C,YOL029C,0,5.5132923,0.23253968358039856,0.572265625,0.19386526942253113
YER056C,YER109C,0,5.512796,0.23244744539260864,0.572265625,0.19396552443504333
YMR220W,YNL287W,0,5.510288,0.2323552668094635,0.572265625,0.19406576454639435
YGR204W,YKL002W,0,5.509349,0.23226317763328552,0.572265625,0.19416600465774536
YOR016C,YCL035C,0,5.5093274,0.2321711629629135,0.572265625,0.19426624476909637
YDR377W,YPL135W,0,5.5076723,0.23207920789718628,0.572265625,0.1943664848804474
YJL096W,YML031W,0,5.506409,0.23198732733726501,0.572265625,0.1944667249917984
YJL173C,YOR358W,0,5.505204,0.23189552128314972,0.572265625,0.19456696510314941
YOR358W,YGL238W,0,5.5041704,0.2318038046360016,0.572265625,0.19466720521450043
YPR106W,YNL173C,0,5.50333,0.23171213269233704,0.572265625,0.19476744532585144
YOL055C,YER155C,0,5.50331,0.23162055015563965,0.572265625,0.19486768543720245
YOR262W,YCR063W,0,5.5028152,0.23152904212474823,0.572265625,0.19496792554855347
YHR205W,YPR134W,0,5.5012236,0.2314375936985016,0.572265625,0.19506816565990448
YBR180W,YIL005W,0,5.5010853,0.2313462346792221,0.572265625,0.1951684057712555
YKL069W,YHL021C,0,5.4999523,0.2312549352645874,0.572265625,0.1952686458826065
YBL087C,YGL238W,0,5.4990067,0.23116371035575867,0.572265625,0.19536888599395752
YOR117W,YLL067C,0,5.497672,0.2310725599527359,0.572265625,0.19546912610530853
YGL027C,YJR108W,0,5.494775,0.2309814691543579,0.572265625,0.19556936621665955
YLR214W,YLL018C-A,1,5.494066,0.2312844693660736,0.5732421875,0.19556936621665955
YGR007W,YBR212W,0,5.4932756,0.23119337856769562,0.5732421875,0.19566960632801056
YOL032W,YPL075W,0,5.4912424,0.2311023622751236,0.5732421875,0.19576984643936157
YER142C,YIR019C,0,5.4907365,0.23101140558719635,0.5732421875,0.19587008655071259
YHR110W,YFR034C,0,5.4896293,0.23092053830623627,0.5732421875,0.1959703266620636
YHR106W,YCR063W,0,5.4893436,0.23082973062992096,0.5732421875,0.1960705667734146
YCR091W,YPL233W,0,5.489295,0.23073899745941162,0.5732421875,0.19617080688476562
YOR267C,YEL018W,0,5.4882555,0.23064832389354706,0.5732421875,0.19627104699611664
YKL043W,YPR100W,0,5.488088,0.23055773973464966,0.5732421875,0.19637128710746765
YPL115C,YOL132W,0,5.4849553,0.23046721518039703,0.5732421875,0.19647152721881866
YNL243W,YBR029C,0,5.4810414,0.23037676513195038,0.5732421875,0.19657176733016968
YNL031C,YIR026C,0,5.477698,0.2302863895893097,0.5732421875,0.1966720074415207
YDR345C,YGL018C,0,5.476424,0.23019607365131378,0.5732421875,0.1967722475528717
YIL013C,YLL066C,0,5.4762526,0.23010584712028503,0.5732421875,0.19687248766422272
YLR360W,YMR072W,0,5.4760895,0.23001568019390106,0.5732421875,0.19697272777557373
YAL007C,YBR301W,0,5.475587,0.22992557287216187,0.5732421875,0.19707296788692474
YPL234C,YIL154C,0,5.475451,0.22983555495738983,0.5732421875,0.19717322289943695
YPR067W,YBR127C,1,5.4749594,0.23013699054718018,0.57421875,0.19717322289943695
YCR023C,YDR276C,1,5.4740686,0.23043818771839142,0.5751953125,0.19717322289943695
YPL133C,YJR109C,0,5.4729786,0.23034806549549103,0.5751953125,0.19727346301078796
YFR024C-A,YBR180W,0,5.4727545,0.2302580177783966,0.5751953125,0.19737370312213898
YOL122C,YGR060W,0,5.472454,0.23016802966594696,0.5751953125,0.19747394323349
YPR057W,YFR025C,0,5.4716406,0.23007813096046448,0.5751953125,0.197574183344841
YDR148C,YPL215W,0,5.4714165,0.22998829185962677,0.5751953125,0.19767442345619202
YCL017C,YOR267C,0,5.470885,0.22989851236343384,0.5751953125,0.19777466356754303
YGL006W,YKL054C,0,5.470625,0.22980882227420807,0.5751953125,0.19787490367889404
YMR232W,YNR071C,0,5.4704113,0.22971919178962708,0.5751953125,0.19797514379024506
YKR075C,YOR078W,0,5.4696236,0.22962963581085205,0.5751953125,0.19807538390159607
YDR398W,YPL006W,0,5.467844,0.2295401394367218,0.5751953125,0.19817562401294708
YLR194C,YGR122W,0,5.467179,0.22945071756839752,0.5751953125,0.1982758641242981
YJL110C,YKL029C,0,5.4656553,0.2293613702058792,0.5751953125,0.1983761042356491
YBR101C,YGL085W,0,5.4648247,0.22927209734916687,0.5751953125,0.19847634434700012
YJL173C,YKL002W,0,5.464382,0.2291828840970993,0.5751953125,0.19857658445835114
YHL038C,YKL132C,0,5.462789,0.2290937304496765,0.5751953125,0.19867682456970215
YPL115C,YGL144C,0,5.4617977,0.2290046662092209,0.5751953125,0.19877706468105316
YDR212W,YDR178W,0,5.4597406,0.22891566157341003,0.5751953125,0.19887730479240417
YDL106C,YDR019C,0,5.459172,0.22882673144340515,0.5751953125,0.1989775449037552
YCR086W,YGL144C,0,5.458807,0.22873786091804504,0.5751953125,0.1990777850151062
YIL009W,YOR132W,0,5.45786,0.2286490648984909,0.5751953125,0.19917802512645721
YJL035C,YHL025W,0,5.4563885,0.22856034338474274,0.5751953125,0.19927826523780823
YDR205W,YLR214W,1,5.4549427,0.22885958850383759,0.576171875,0.19927826523780823
YOR018W,YKL014C,0,5.4544,0.22877083718776703,0.576171875,0.19937850534915924
YLR131C,YGL238W,0,5.452698,0.22868217527866364,0.576171875,0.19947874546051025
YDR345C,YHR118C,0,5.4521217,0.22859357297420502,0.576171875,0.19957898557186127
YDR482C,YOR267C,0,5.4516315,0.22850503027439117,0.576171875,0.19967922568321228
YLR292C,YPL253C,0,5.4472017,0.2284165769815445,0.576171875,0.1997794657945633
YML100W,YOR002W,0,5.446844,0.2283281683921814,0.576171875,0.1998797059059143
YDR204W,YKL043W,0,5.4453363,0.22823984920978546,0.576171875,0.19997994601726532
YML133C,YJL216C,0,5.4450164,0.2281515896320343,0.576171875,0.20008018612861633
YML061C,YBR168W,0,5.4445553,0.22806338965892792,0.576171875,0.20018042623996735
YDR375C,YGL194C,0,5.4430947,0.2279752641916275,0.576171875,0.20028066635131836
YNL214W,YER159C,0,5.439435,0.22788721323013306,0.576171875,0.20038092136383057
YOL029C,YIL123W,0,5.4393806,0.2277992218732834,0.576171875,0.20048116147518158
YKR049C,YDL211C,0,5.439126,0.22771130502223969,0.576171875,0.2005814015865326
YPR161C,YDR135C,0,5.438957,0.22762346267700195,0.576171875,0.2006816416978836
YFR034C,YBL005W,0,5.4376726,0.227535679936409,0.576171875,0.20078188180923462
YOL122C,YER044C-A,0,5.4359617,0.22744795680046082,0.576171875,0.20088212192058563
YOR358W,YKL006W,0,5.4355917,0.2273603081703186,0.576171875,0.20098236203193665
YJR073C,YKL077W,0,5.435218,0.22727273404598236,0.576171875,0.20108260214328766
YNL328C,YBR089C-A,0,5.4335394,0.2271852195262909,0.576171875,0.20118284225463867
YGL025C,YMR149W,0,5.431691,0.2270977646112442,0.576171875,0.20128308236598969
YBR101C,YOR273C,0,5.430155,0.22701038420200348,0.576171875,0.2013833224773407
YOL084W,YOR060C,0,5.428529,0.22692307829856873,0.576171875,0.2014835625886917
YLR426W,YDR234W,0,5.426544,0.22683583199977875,0.576171875,0.20158380270004272
YHR035W,YKR007W,0,5.424422,0.22674866020679474,0.576171875,0.20168404281139374
YKR053C,YBR078W,0,5.424287,0.2266615480184555,0.576171875,0.20178428292274475
YIL098C,YHR138C,0,5.4242253,0.22657449543476105,0.576171875,0.20188452303409576
YGR078C,YBL007C,0,5.424174,0.22648751735687256,0.576171875,0.20198476314544678
YOR087W,YJR132W,0,5.423443,0.22640061378479004,0.576171875,0.2020850032567978
YGR024C,YNL190W,0,5.423038,0.2263137698173523,0.576171875,0.2021852433681488
YKL185W,YML061C,0,5.4229417,0.22622700035572052,0.576171875,0.20228548347949982
YNL031C,YGL198W,0,5.422844,0.22614029049873352,0.576171875,0.20238572359085083
YBR169C,YGL194C,0,5.4217243,0.2260536402463913,0.576171875,0.20248596370220184
YPR036W,YJR040W,1,5.421003,0.22635005414485931,0.5771484375,0.20248596370220184
YER179W,YGL092W,0,5.4206514,0.2262634038925171,0.5771484375,0.20258620381355286
YJR049C,YDR309C,0,5.4203405,0.22617681324481964,0.5771484375,0.20268644392490387
YER063W,YPR057W,0,5.419113,0.22609028220176697,0.5771484375,0.20278668403625488
YMR286W,YER123W,0,5.418111,0.22600382566452026,0.5771484375,0.2028869241476059
YOR019W,YDL102W,0,5.4178224,0.22591742873191833,0.5771484375,0.2029871642589569
YBR065C,YLR249W,0,5.4168596,0.22583110630512238,0.5771484375,0.20308740437030792
YOR027W,YPL061W,0,5.415373,0.2257448434829712,0.5771484375,0.20318764448165894
YMR034C,YCR021C,1,5.4141855,0.22604046761989594,0.578125,0.20318764448165894
YEL020W-A,YLR248W,0,5.413415,0.22595420479774475,0.578125,0.20328788459300995
YOL023W,YDR430C,0,5.412862,0.22586798667907715,0.578125,0.20338812470436096
YOR236W,YKL145W,0,5.4126315,0.22578184306621552,0.578125,0.20348836481571198
YML011C,YJR120W,0,5.412608,0.22569577395915985,0.578125,0.20358861982822418
YOR090C,YOL098C,0,5.4095945,0.22560974955558777,0.578125,0.2036888599395752
YBR101C,YBR086C,0,5.4094877,0.22552381455898285,0.578125,0.2037891000509262
YGR161C,YCL001W,0,5.408964,0.2254379242658615,0.578125,0.20388934016227722
YDR028C,YJR054W,0,5.4080825,0.22535210847854614,0.578125,0.20398958027362823
YJL127C,YNL055C,0,5.4067864,0.22526636719703674,0.578125,0.20408982038497925
YLL018C-A,YOR272W,0,5.4065456,0.22518067061901093,0.578125,0.20419006049633026
YDR381W,YLR460C,0,5.4061255,0.22509506344795227,0.578125,0.20429030060768127
YOR335C,YER081W,0,5.4045973,0.2250095009803772,0.578125,0.2043905407190323
YFR027W,YJL216C,0,5.4033604,0.2249240130186081,0.578125,0.2044907808303833
YEL006W,YMR177W,0,5.4022737,0.22483858466148376,0.578125,0.20459102094173431
YPR161C,YLR220W,0,5.4003406,0.2247532308101654,0.578125,0.20469126105308533
YDR468C,YKR095W,0,5.398518,0.22466793656349182,0.578125,0.20479150116443634
YPR100W,YBR149W,0,5.398428,0.224582701921463,0.578125,0.20489174127578735
YCR045C,YHR111W,0,5.3979745,0.22449754178524017,0.578125,0.20499198138713837
YIR019C,YKL052C,0,5.397104,0.22441242635250092,0.578125,0.20509222149848938
YLL066C,YLR248W,0,5.3960233,0.22432740032672882,0.578125,0.2051924616098404
YER062C,YKR100C,0,5.394683,0.2242424190044403,0.578125,0.2052927017211914
YOR081C,YJL196C,0,5.394119,0.22415751218795776,0.578125,0.20539294183254242
YBR085W,YLR352W,0,5.3911347,0.22407266497612,0.578125,0.20549318194389343
YFL005W,YBR034C,0,5.3908844,0.2239878922700882,0.578125,0.20559342205524445
YDR386W,YBL047C,0,5.388742,0.22390317916870117,0.578125,0.20569366216659546
YLL018C-A,YKR083C,0,5.388516,0.22381852567195892,0.578125,0.20579390227794647
YHR142W,YCL048W,0,5.388035,0.22373393177986145,0.578125,0.20589414238929749
YOL069W,YDR328C,0,5.3878164,0.22364941239356995,0.578125,0.2059943825006485
YAL028W,YDR365C,0,5.385488,0.22356495261192322,0.578125,0.2060946226119995
YCR016W,YGR260W,0,5.3847322,0.22348055243492126,0.578125,0.20619486272335052
YGL243W,YBR301W,0,5.3842373,0.22339622676372528,0.578125,0.20629510283470154
YKL062W,YJL078C,0,5.3835177,0.22331196069717407,0.578125,0.20639534294605255
YJR123W,YOL011W,0,5.3829093,0.22322775423526764,0.578125,0.20649558305740356
YMR207C,YMR002W,0,5.382861,0.22314360737800598,0.578125,0.20659582316875458
YNL048W,YGR094W,0,5.381833,0.2230595350265503,0.578125,0.2066960632801056
YOR065W,YER109C,0,5.3813057,0.22297552227973938,0.578125,0.2067963182926178
YFL026W,YCR063W,0,5.381273,0.22289156913757324,0.578125,0.2068965584039688
YPL116W,YDR189W,0,5.3808956,0.22280767560005188,0.578125,0.20699679851531982
YMR081C,YDR045C,0,5.377906,0.2227238565683365,0.578125,0.20709703862667084
YGL063W,YJL083W,0,5.377901,0.22264009714126587,0.578125,0.20719727873802185
YJL212C,YBR188C,0,5.37279,0.22255639731884003,0.578125,0.20729751884937286
YKL006W,YGL045W,0,5.3727365,0.22247275710105896,0.578125,0.20739775896072388
YDR513W,YPL018W,0,5.372372,0.22238917648792267,0.578125,0.2074979990720749
YDR343C,YDR234W,0,5.3723297,0.22230567038059235,0.578125,0.2075982391834259
YDL220C,YGL093W,0,5.3716116,0.2222222238779068,0.578125,0.20769847929477692
YJR132W,YKL138C,0,5.371567,0.22213883697986603,0.578125,0.20779871940612793
YNL156C,YKL005C,0,5.370219,0.22205550968647003,0.578125,0.20789895951747894
YPR169W,YPL021W,0,5.3701487,0.22197225689888,0.578125,0.20799919962882996
YKL033W,YLR093C,0,5.36961,0.22188904881477356,0.578125,0.20809943974018097
YNL190W,YBR146W,0,5.369599,0.22180591523647308,0.578125,0.20819967985153198
YLR417W,YKR077W,0,5.3671207,0.22172284126281738,0.578125,0.208299919962883
YGR138C,YBR024W,1,5.36584,0.22201423346996307,0.5791015625,0.208299919962883
YNL176C,YER015W,0,5.3655744,0.22193114459514618,0.5791015625,0.208400160074234
YOL084W,YOR357C,0,5.3637543,0.22184811532497406,0.5791015625,0.20850040018558502
YGR138C,YCL039W,0,5.360774,0.22176514565944672,0.5791015625,0.20860064029693604
YDL220C,YMR072W,0,5.360656,0.22168223559856415,0.5791015625,0.20870088040828705
YKR093W,YDL139C,0,5.358671,0.22159940004348755,0.5791015625,0.20880112051963806
YGL016W,YBR212W,0,5.3585324,0.22151662409305573,0.5791015625,0.20890136063098907
YBR268W,YDR469W,0,5.357792,0.22143390774726868,0.5791015625,0.2090016007423401
YIL148W,YKR034W,0,5.3564663,0.2213512510061264,0.5791015625,0.2091018408536911
YBR218C,YMR091C,0,5.355195,0.2212686538696289,0.5791015625,0.20920208096504211
YJL096W,YBR065C,0,5.3542814,0.22118613123893738,0.5791015625,0.20930232107639313
YLL016W,YCR036W,0,5.3542786,0.22110365331172943,0.5791015625,0.20940256118774414
YML041C,YLR060W,0,5.3535347,0.22102124989032745,0.5791015625,0.20950280129909515
YDR040C,YPR120C,0,5.3534813,0.22093889117240906,0.5791015625,0.20960304141044617
YCR018C,YDL134C,0,5.347576,0.22085660696029663,0.5791015625,0.20970328152179718
YFR010W,YHR118C,0,5.347496,0.22077438235282898,0.5791015625,0.2098035216331482
YLR223C,YDR309C,0,5.347378,0.2206922173500061,0.5791015625,0.2099037617444992
YIL075C,YJR052W,0,5.347276,0.220610111951828,0.5791015625,0.2100040167570114
YJR108W,YDR257C,0,5.3468933,0.22052808105945587,0.5791015625,0.21010425686836243
YLR175W,YOL095C,0,5.346859,0.22044609487056732,0.5791015625,0.21020449697971344
YML067C,YPL006W,0,5.345585,0.22036418318748474,0.5791015625,0.21030473709106445
YOR009W,YDR244W,0,5.3450804,0.22028231620788574,0.5791015625,0.21040497720241547
YBL056W,YOR363C,0,5.3450136,0.2202005237340927,0.5791015625,0.21050521731376648
YGL025C,YIL098C,0,5.3445415,0.22011877596378326,0.5791015625,0.2106054574251175
YNL048W,YPL156C,0,5.344513,0.22003710269927979,0.5791015625,0.2107056975364685
YNL051W,YKR088C,0,5.343266,0.21995548903942108,0.5791015625,0.21080593764781952
YMR220W,YBR193C,0,5.3423634,0.21987393498420715,0.5791015625,0.21090617775917053
YKL016C,YLL015W,1,5.3422275,0.22016307711601257,0.580078125,0.21090617775917053
YLR248W,YCR106W,0,5.3417835,0.22008150815963745,0.580078125,0.21100641787052155
YDR243C,YHR096C,0,5.340888,0.2199999988079071,0.580078125,0.21110665798187256
YPR173C,YGL194C,0,5.340191,0.21991854906082153,0.580078125,0.21120689809322357
YOR049C,YPL262W,0,5.3401804,0.21983715891838074,0.580078125,0.21130713820457458
YJL186W,YMR133W,0,5.339562,0.21975582838058472,0.580078125,0.2114073783159256
YLL009C,YHR175W,1,5.339502,0.22004437446594238,0.5810546875,0.2114073783159256
YKR053C,YHR138C,0,5.338147,0.21996302902698517,0.5810546875,0.2115076184272766
YMR286W,YBR181C,0,5.3379307,0.21988174319267273,0.5810546875,0.21160785853862762
YGR205W,YDR025W,0,5.3362484,0.21980051696300507,0.5810546875,0.21170809864997864
YMR322C,YGL194C,0,5.3357935,0.21971935033798218,0.5810546875,0.21180833876132965
YLL055W,YDL206W,1,5.3346624,0.22000738978385925,0.58203125,0.21180833876132965
YDR399W,YPR105C,0,5.334237,0.21992619335651398,0.58203125,0.21190857887268066
YJR048W,YPL135W,0,5.332155,0.21984507143497467,0.58203125,0.21200881898403168
YPR095C,YDL123W,0,5.3311386,0.21976400911808014,0.58203125,0.2121090590953827
YPR021C,YGR224W,1,5.3304977,0.2200516015291214,0.5830078125,0.2121090590953827
YER100W,YML086C,0,5.3304386,0.21997052431106567,0.5830078125,0.2122092992067337
YML004C,YOR004W,0,5.3302956,0.21988950669765472,0.5830078125,0.21230953931808472
YBR162W-A,YJR035W,0,5.3302727,0.21980854868888855,0.5830078125,0.21240977942943573
YDR122W,YGL111W,0,5.3295946,0.21972763538360596,0.5830078125,0.21251001954078674
YKR034W,YNL176C,0,5.3290014,0.21964679658412933,0.5830078125,0.21261025965213776
YNL048W,YGR211W,0,5.327878,0.21956601738929749,0.5830078125,0.21271049976348877
YDR325W,YGL127C,0,5.326392,0.2194852977991104,0.5830078125,0.21281073987483978
YLL031C,YHR033W,0,5.3257494,0.21940463781356812,0.5830078125,0.2129109799861908
YOR016C,YNR019W,0,5.3246965,0.2193240225315094,0.5830078125,0.2130112200975418
YBR218C,YKL005C,0,5.3244286,0.21924348175525665,0.5830078125,0.21311146020889282
YPL280W,YBR272C,0,5.3241534,0.21916300058364868,0.5830078125,0.21321171522140503
YNL181W,YPR169W,0,5.3239965,0.2190825641155243,0.5830078125,0.21331195533275604
YKL029C,YPL248C,0,5.322756,0.21900220215320587,0.5830078125,0.21341219544410706
YKL197C,YNL156C,0,5.320896,0.21892188489437103,0.5830078125,0.21351243555545807
YPR095C,YPL179W,0,5.320614,0.21884164214134216,0.5830078125,0.21361267566680908
YDR345C,YLR118C,0,5.3205347,0.21876144409179688,0.5830078125,0.2137129157781601
YGL167C,YLL018C-A,1,5.3200006,0.21904762089252472,0.583984375,0.2137129157781601
YPL168W,YDR301W,0,5.3199415,0.21896740794181824,0.583984375,0.2138131558895111
YLR223C,YNR059W,0,5.3178854,0.21888726949691772,0.583984375,0.21391339600086212
YER155C,YDR005C,0,5.31639,0.2188071757555008,0.583984375,0.21401363611221313
YBR109C,YNL048W,0,5.3151245,0.21872714161872864,0.583984375,0.21411387622356415
YDR145W,YEL027W,0,5.3137565,0.21864716708660126,0.583984375,0.21421411633491516
YLR052W,YDL149W,0,5.313389,0.21856725215911865,0.583984375,0.21431435644626617
YNL103W,YDR023W,0,5.313244,0.21848739683628082,0.583984375,0.2144145965576172
YDR019C,YKR052C,0,5.3127785,0.21840760111808777,0.583984375,0.2145148366689682
YML101C,YIL107C,0,5.3117833,0.2183278501033783,0.583984375,0.2146150767803192
YCR024C,YIL011W,0,5.3117723,0.2182481735944748,0.583984375,0.21471531689167023
YDR372C,YPL221W,0,5.311222,0.21816855669021606,0.583984375,0.21481555700302124
YGL006W,YPL207W,0,5.310801,0.21808898448944092,0.583984375,0.21491579711437225
YJL003W,YCR021C,0,5.3101745,0.21800947189331055,0.583984375,0.21501603722572327
YPL271W,YGL077C,1,5.3101687,0.21829445660114288,0.5849609375,0.21501603722572327
YBR101C,YBR301W,0,5.3072743,0.21821492910385132,0.5849609375,0.21511627733707428
YBR153W,YDR384C,0,5.306528,0.21813547611236572,0.5849609375,0.2152165174484253
YFR014C,YDL102W,0,5.3050804,0.2180560678243637,0.5849609375,0.2153167575597763
YHR035W,YFR030W,0,5.302732,0.21797670423984528,0.5849609375,0.21541699767112732
YJL054W,YOR359W,0,5.3011675,0.2178974151611328,0.5849609375,0.21551723778247833
YKL134C,YGR138C,0,5.300984,0.21781818568706512,0.5849609375,0.21561747789382935
YLR284C,YOR195W,0,5.3003693,0.21773900091648102,0.5849609375,0.21571771800518036
YER014W,YIL053W,0,5.299171,0.21765989065170288,0.5849609375,0.21581795811653137
YOR273C,YPL239W,0,5.296556,0.21758082509040833,0.5849609375,0.21591819822788239
YGL238W,YLR292C,0,5.295645,0.21750181913375854,0.5849609375,0.2160184383392334
YEL001C,YHR170W,0,5.295369,0.21742287278175354,0.5849609375,0.2161186784505844
YBR132C,YJL093C,1,5.294735,0.2177068144083023,0.5859375,0.2161186784505844
YKL054C,YLR323C,0,5.2946005,0.2176278531551361,0.5859375,0.21621891856193542
YDR259C,YOR026W,0,5.294303,0.21754895150661469,0.5859375,0.21631915867328644
YJR102C,YOR009W,0,5.2942677,0.21747009456157684,0.5859375,0.21641941368579865
YJR073C,YOR259C,0,5.293885,0.21739129722118378,0.5859375,0.21651965379714966
YGR046W,YOR236W,0,5.2929316,0.21731257438659668,0.5859375,0.21661989390850067
YDR021W,YPL018W,0,5.292096,0.21723388135433197,0.5859375,0.21672013401985168
YLL028W,YEL062W,1,5.2915583,0.2175171971321106,0.5869140625,0.21672013401985168
YML100W,YBL014C,0,5.2909184,0.2174384891986847,0.5869140625,0.2168203741312027
YOR081C,YNL023C,0,5.290434,0.21735985577106476,0.5869140625,0.2169206142425537
YDR007W,YNL317W,0,5.2894373,0.2172812670469284,0.5869140625,0.21702085435390472
YOL042W,YBR268W,0,5.288904,0.21720275282859802,0.5869140625,0.21712109446525574
YER072W,YLR292C,0,5.2879477,0.21712428331375122,0.5869140625,0.21722133457660675
YPL171C,YGL192W,0,5.287412,0.217045858502388,0.5869140625,0.21732157468795776
YPL116W,YHR138C,0,5.286298,0.21696750819683075,0.5869140625,0.21742181479930878
YER031C,YHR001W-A,0,5.2861385,0.21688920259475708,0.5869140625,0.2175220549106598
YOR189W,YHR096C,0,5.2850347,0.21681097149848938,0.5869140625,0.2176222950220108
YIL119C,YKR083C,0,5.284645,0.21673278510570526,0.5869140625,0.21772253513336182
YDR039C,YJR096W,0,5.2809405,0.21665464341640472,0.5869140625,0.21782277524471283
YNL036W,YNR055C,0,5.2806687,0.21657657623291016,0.5869140625,0.21792301535606384
YOL059W,YNR059W,0,5.2792068,0.21649855375289917,0.5869140625,0.21802325546741486
YBL091C,YKL099C,0,5.279104,0.21642059087753296,0.5869140625,0.21812349557876587
YFL056C,YCL001W,0,5.279038,0.21634268760681152,0.5869140625,0.21822373569011688
YAL048C,YKL029C,0,5.276517,0.21626484394073486,0.5869140625,0.2183239758014679
YHR185C,YLR234W,0,5.274456,0.21618704497814178,0.5869140625,0.2184242159128189
YPL169C,YNL055C,0,5.2728033,0.21610932052135468,0.5869140625,0.21852445602416992
YOR359W,YCR021C,0,5.272359,0.21603162586688995,0.5869140625,0.21862469613552094
YLR004C,YDR168W,0,5.271961,0.2159540057182312,0.5869140625,0.21872493624687195
YOL126C,YPL210C,0,5.2708282,0.21587643027305603,0.5869140625,0.21882517635822296
YIL009W,YBL005W,0,5.2673616,0.21579892933368683,0.5869140625,0.21892541646957397
YLL028W,YDL120W,1,5.2668867,0.21608039736747742,0.587890625,0.21892541646957397
YOR068C,YHR150W,0,5.264695,0.21600286662578583,0.587890625,0.219025656580925
YPL176C,YJR108W,0,5.2640676,0.215925395488739,0.587890625,0.219125896692276
YGL025C,YDR406W,0,5.2638335,0.21584796905517578,0.587890625,0.21922613680362701
YOL154W,YLL018C-A,0,5.2620783,0.21577060222625732,0.587890625,0.21932637691497803
YJL162C,YLR367W,0,5.2614446,0.21569329500198364,0.587890625,0.21942661702632904
YER072W,YPL117C,0,5.260584,0.21561604738235474,0.587890625,0.21952685713768005
YLR004C,YGR142W,0,5.2604046,0.2155388444662094,0.587890625,0.21962711215019226
YHR009C,YDR009W,0,5.2602153,0.21546170115470886,0.587890625,0.21972735226154327
YBL035C,YHR033W,0,5.2601576,0.2153846174478531,0.587890625,0.2198275923728943
YFR047C,YDR243C,0,5.258772,0.2153075784444809,0.587890625,0.2199278324842453
YEL039C,YML061C,0,5.2550755,0.21523059904575348,0.587890625,0.2200280725955963
YAL059W,YIL137C,0,5.2547846,0.21515367925167084,0.587890625,0.22012831270694733
YPL116W,YBR295W,0,5.2542043,0.21507681906223297,0.587890625,0.22022855281829834
YDL046W,YDL123W,0,5.253356,0.2150000035762787,0.587890625,0.22032879292964935
YAL056W,YBL072C,0,5.2524905,0.21492324769496918,0.587890625,0.22042903304100037
YKL081W,YLR466W,0,5.2510366,0.21484653651714325,0.587890625,0.22052927315235138
YDL105W,YPL198W,0,5.250371,0.2147698849439621,0.587890625,0.2206295132637024
YJR049C,YDR381W,0,5.248235,0.21469329297542572,0.587890625,0.2207297533750534
YIL056W,YPL021W,0,5.2477674,0.21461676061153412,0.587890625,0.22082999348640442
YKL045W,YDR257C,0,5.2473993,0.2145402729511261,0.587890625,0.22093023359775543
YPR154W,YCL067C,0,5.247305,0.21446384489536285,0.587890625,0.22103047370910645
YGL246C,YDR359C,0,5.2456646,0.2143874615430832,0.587890625,0.22113071382045746
YPL130W,YKL077W,0,5.244278,0.2143111377954483,0.587890625,0.22123095393180847
YOR363C,YHR113W,0,5.2441263,0.2142348736524582,0.587890625,0.22133119404315948
YHR197W,YGL058W,0,5.2434173,0.21415866911411285,0.587890625,0.2214314341545105
YDR441C,YDR160W,0,5.243416,0.2140825092792511,0.587890625,0.2215316742658615
YLR185W,YPR068C,0,5.241143,0.21400639414787292,0.587890625,0.22163191437721252
YOR316C,YGR191W,1,5.2402277,0.2142857164144516,0.5888671875,0.22163191437721252
YLR215C,YBR078W,0,5.2388096,0.21420958638191223,0.5888671875,0.22173215448856354
YLL018C,YFR016C,0,5.2358556,0.21413351595401764,0.5888671875,0.22183239459991455
YOL096C,YDR246W,0,5.23532,0.21405750513076782,0.5888671875,0.22193263471126556
YOL055C,YML086C,0,5.234353,0.21398155391216278,0.5888671875,0.22203287482261658
YBR189W,YGR040W,0,5.2333813,0.21390564739704132,0.5888671875,0.2221331149339676
YOL158C,YHR050W,1,5.2313023,0.21418440341949463,0.58984375,0.2221331149339676
YOR316C,YOR192C,1,5.2303133,0.21446295082569122,0.5908203125,0.2221331149339676
YBR038W,YCR105W,0,5.2293835,0.2143869549036026,0.5908203125,0.2222333550453186
YDR213W,YHR210C,0,5.229133,0.21431101858615875,0.5908203125,0.22233359515666962
YIL148W,YGL198W,0,5.228138,0.2142351269721985,0.5908203125,0.22243383526802063
YJL013C,YEL027W,0,5.2278476,0.214159294962883,0.5908203125,0.22253407537937164
YJL093C,YHR136C,1,5.2275267,0.2144373655319214,0.591796875,0.22253407537937164
YOL078W,YNL156C,0,5.22696,0.2143615186214447,0.591796875,0.22263431549072266
YOR034C,YLR260W,0,5.226372,0.2142857164144516,0.591796875,0.22273455560207367
YOR068C,YNL240C,0,5.2253065,0.21420997381210327,0.591796875,0.22283481061458588
YHR001W-A,YMR322C,0,5.223907,0.21413427591323853,0.591796875,0.2229350507259369
YJL026W,YLR075W,0,5.2224684,0.21405863761901855,0.591796875,0.2230352908372879
YDR122W,YLR068W,0,5.2221017,0.21398304402828217,0.591796875,0.22313553094863892
YGR055W,YKR072C,0,5.222082,0.21390752494335175,0.591796875,0.22323577105998993
YNL328C,YDL046W,0,5.220974,0.2138320356607437,0.591796875,0.22333601117134094
YPR100W,YOR113W,0,5.2209115,0.21375662088394165,0.591796875,0.22343625128269196
YHR205W,YOR189W,0,5.2208824,0.21368123590946198,0.591796875,0.22353649139404297
YFL061W,YGL053W,0,5.2206955,0.21360592544078827,0.591796875,0.22363673150539398
YPL141C,YJR118C,0,5.2198963,0.21353065967559814,0.591796875,0.223736971616745
YLR059C,YBR295W,0,5.2182407,0.2134554386138916,0.591796875,0.223837211728096
YCR105W,YMR220W,0,5.2177944,0.21338027715682983,0.591796875,0.22393745183944702
YLR130C,YOL152W,1,5.2177935,0.21365715563297272,0.5927734375,0.22393745183944702
YER177W,YLR384C,0,5.217784,0.21358197927474976,0.5927734375,0.22403769195079803
YAL059W,YNL278W,0,5.2168307,0.21350686252117157,0.5927734375,0.22413793206214905
YLR055C,YLR054C,0,5.216442,0.21343179047107697,0.5927734375,0.22423817217350006
YDL220C,YKR064W,0,5.216211,0.21335676312446594,0.5927734375,0.22433841228485107
YGR254W,YNR052C,0,5.215519,0.2132817953824997,0.5927734375,0.2244386523962021
YDL093W,YIL120W,0,5.2142096,0.21320688724517822,0.5927734375,0.2245388925075531
YOR316C,YHR033W,0,5.2138157,0.21313202381134033,0.5927734375,0.2246391326189041
YGR096W,YNL003C,1,5.2114563,0.2134082168340683,0.59375,0.2246391326189041
YMR230W,YPL076W,0,5.2107725,0.2133333384990692,0.59375,0.22473937273025513
YGR217W,YDR007W,0,5.2093716,0.2132585048675537,0.59375,0.22483961284160614
YCL029C,YIR019C,0,5.207001,0.21318373084068298,0.59375,0.22493985295295715
YDL189W,YDR100W,0,5.2069783,0.21310900151729584,0.59375,0.22504009306430817
YLR234W,YIL033C,0,5.2066946,0.21303433179855347,0.59375,0.22514033317565918
YJL026W,YHL021C,0,5.205726,0.21295972168445587,0.59375,0.2252405732870102
YML127W,YGL087C,0,5.2053523,0.21288515627384186,0.59375,0.2253408133983612
YJR073C,YEL020W-A,0,5.205059,0.21281063556671143,0.59375,0.22544105350971222
YBR112C,YLR313C,0,5.204732,0.21273617446422577,0.59375,0.22554129362106323
YFL056C,YDR361C,0,5.2046933,0.2126617729663849,0.59375,0.22564153373241425
YOR068C,YFR014C,0,5.202565,0.2125874161720276,0.59375,0.22574177384376526
YHL017W,YKL040C,0,5.2018604,0.21251310408115387,0.59375,0.22584201395511627
YPR128C,YPL117C,0,5.2017946,0.21243885159492493,0.59375,0.22594225406646729
YNL328C,YER149C,0,5.201218,0.21236465871334076,0.59375,0.2260425090789795
YIL068C,YDR100W,0,5.2010994,0.21229049563407898,0.59375,0.2261427491903305
YHR108W,YHR122W,0,5.1993437,0.21221640706062317,0.59375,0.22624298930168152
YEL020W-A,YAL068C,0,5.1991787,0.21214236319065094,0.59375,0.22634322941303253
YLR223C,YEL001C,0,5.198763,0.2120683640241623,0.59375,0.22644346952438354
YDL210W,YHR002W,1,5.1978846,0.21234309673309326,0.5947265625,0.22644346952438354
YKL062W,YML076C,0,5.1977673,0.21226908266544342,0.5947265625,0.22654370963573456
YBR254C,YPL018W,0,5.1972694,0.21219512820243835,0.5947265625,0.22664394974708557
YPR148C,YBR015C,0,5.196616,0.21212121844291687,0.5947265625,0.22674418985843658
YOL069W,YPL018W,0,5.194998,0.21204735338687897,0.5947265625,0.2268444299697876
YJL129C,YOL152W,1,5.1946306,0.21232160925865173,0.595703125,0.2268444299697876
YKL026C,YML016C,0,5.1938868,0.21224774420261383,0.595703125,0.2269446700811386
YDL145C,YDR284C,0,5.1936646,0.21217390894889832,0.595703125,0.22704491019248962
YIL107C,YDR028C,0,5.193304,0.21210013329982758,0.595703125,0.22714515030384064
YOR048C,YGR138C,0,5.192731,0.2120264172554016,0.595703125,0.22724539041519165
YOR247W,YOR136W,0,5.187656,0.21195274591445923,0.595703125,0.22734563052654266
YOR383C,YHR110W,0,5.187655,0.21187911927700043,0.595703125,0.22744587063789368
YPR106W,YNR052C,0,5.18504,0.2118055522441864,0.595703125,0.2275461107492447
YDL240W,YGR138C,0,5.184141,0.21173204481601715,0.595703125,0.2276463508605957
YNL025C,YDR372C,0,5.183693,0.2116585671901703,0.595703125,0.22774659097194672
YBR046C,YPL141C,0,5.18204,0.2115851491689682,0.595703125,0.22784683108329773
YER176W,YMR230W,0,5.1811123,0.2115117907524109,0.595703125,0.22794707119464874
YBR069C,YJR152W,1,5.1810246,0.21178509294986725,0.5966796875,0.22794707119464874
YLR315W,YBR028C,0,5.1798735,0.21171170473098755,0.5966796875,0.22804731130599976
YLR023C,YDR399W,0,5.179513,0.21163837611675262,0.5966796875,0.22814755141735077
YCR027C,YJL133W,1,5.1780844,0.21191135048866272,0.59765625,0.22814755141735077
YGR266W,YLR056W,0,5.1775866,0.2118380069732666,0.59765625,0.22824779152870178
YER155C,YMR035W,0,5.176241,0.21176470816135406,0.59765625,0.2283480316400528
YBR046C,YNR059W,0,5.172694,0.2116914540529251,0.59765625,0.2284482717514038
YPL169C,YOR172W,0,5.1726685,0.21161825954914093,0.59765625,0.22854851186275482
YGR266W,YMR050C,0,5.1725626,0.21154510974884033,0.59765625,0.22864875197410583
YOR117W,YGL198W,0,5.1723056,0.21147200465202332,0.59765625,0.22874899208545685
YDR490C,YPL193W,0,5.1720705,0.21139895915985107,0.59765625,0.22884923219680786
YOR177C,YDR395W,0,5.1694756,0.2113259732723236,0.59765625,0.22894947230815887
YCL029C,YER015W,0,5.1684365,0.21125301718711853,0.59765625,0.2290497124195099
YDL235C,YKR077W,0,5.1680956,0.21118012070655823,0.59765625,0.2291499525308609
YOR049C,YDR516C,0,5.16504,0.2111072838306427,0.59765625,0.2292502075433731
YPL265W,YLL027W,1,5.1640353,0.2113793045282364,0.5986328125,0.2292502075433731
YOR049C,YER005W,0,5.1614633,0.21130645275115967,0.5986328125,0.22935044765472412
YLR102C,YJL083W,0,5.1589756,0.21123363077640533,0.5986328125,0.22945068776607513
YJL096W,YDR361C,0,5.157805,0.21116086840629578,0.5986328125,0.22955092787742615
YOL158C,YIL023C,1,5.157481,0.21143250167369843,0.599609375,0.22955092787742615
YLR130C,YJL129C,1,5.157151,0.21170395612716675,0.6005859375,0.22955092787742615
YPL116W,YDL175C,0,5.1569195,0.21163110435009003,0.6005859375,0.22965116798877716
YBL035C,YER038C,0,5.156042,0.21155831217765808,0.6005859375,0.22975140810012817
YPL221W,YOL027C,1,5.15586,0.21182943880558014,0.6015625,0.22975140810012817
YLL024C,YDR434W,0,5.1552124,0.2117566168308258,0.6015625,0.2298516482114792
YIL098C,YBR218C,0,5.154235,0.21168385446071625,0.6015625,0.2299518883228302
YGR191W,YCR027C,1,5.154062,0.21195465326309204,0.6025390625,0.2299518883228302
YML120C,YMR156C,0,5.1534805,0.2118818610906601,0.6025390625,0.2300521284341812
YLR413W,YLR460C,0,5.1529937,0.21180912852287292,0.6025390625,0.23015236854553223
YBR069C,YER032W,0,5.1524286,0.21173644065856934,0.6025390625,0.23025260865688324
YKL032C,YCL001W,0,5.1511273,0.21166381239891052,0.6025390625,0.23035284876823425
YFR031C-A,YLR011W,0,5.1509132,0.2115912139415741,0.6025390625,0.23045308887958527
YHR205W,YKL043W,0,5.1509104,0.21151868999004364,0.6025390625,0.23055332899093628
YMR015C,YKL099C,0,5.149271,0.21144619584083557,0.6025390625,0.2306535691022873
YKL062W,YGL195W,0,5.147932,0.21137376129627228,0.6025390625,0.2307538092136383
YCR021C,YHR106W,0,5.147454,0.21130137145519257,0.6025390625,0.23085404932498932
YPR120C,YLR054C,0,5.146716,0.21122902631759644,0.6025390625,0.23095428943634033
YLL015W,YHR175W,1,5.1459055,0.21149897575378418,0.603515625,0.23095428943634033
YCL064C,YOR001W,0,5.1459017,0.21142661571502686,0.603515625,0.23105452954769135
YOR260W,YBR149W,0,5.1458035,0.2113543152809143,0.603515625,0.23115476965904236
YML061C,YBR301W,0,5.143815,0.21128204464912415,0.603515625,0.23125500977039337
YMR053C,YDR300C,0,5.1419725,0.21120984852313995,0.603515625,0.23135524988174438
YNL051W,YDR176W,0,5.1415453,0.21113768219947815,0.603515625,0.2314554899930954
YPL116W,YML041C,0,5.1414723,0.21106557548046112,0.603515625,0.2315557301044464
YBR101C,YKR079C,0,5.139653,0.21099351346492767,0.603515625,0.23165597021579742
YOR081C,YJL168C,0,5.1395717,0.2109214961528778,0.603515625,0.23175621032714844
YGR082W,YHR197W,0,5.139515,0.21084953844547272,0.603515625,0.23185645043849945
YBR114W,YJL098W,0,5.1371837,0.2107776254415512,0.603515625,0.23195669054985046
YOR071C,YOL027C,1,5.136503,0.2110467106103897,0.6044921875,0.23195669054985046
YHL015W,YGL194C,0,5.136266,0.210974782705307,0.6044921875,0.23205693066120148
YMR105C,YKL134C,0,5.134592,0.21090289950370789,0.6044921875,0.2321571707725525
YKL051W,YDL117W,0,5.1339846,0.21083106100559235,0.6044921875,0.2322574108839035
YDL240W,YLR313C,0,5.1334825,0.21075928211212158,0.6044921875,0.23235765099525452
YMR081C,YFL026W,0,5.1333055,0.2106875479221344,0.6044921875,0.23245790600776672
YEL005C,YDR471W,0,5.1323085,0.2106158584356308,0.6044921875,0.23255814611911774
YMR243C,YGR060W,0,5.13219,0.21054421365261078,0.6044921875,0.23265838623046875
YML101C,YDL012C,0,5.1309004,0.21047262847423553,0.6044921875,0.23275862634181976
YHR122W,YAL028W,0,5.128454,0.21040108799934387,0.6044921875,0.23285886645317078
YIL007C,YER028C,0,5.127071,0.2103295922279358,0.6044921875,0.2329591065645218
YPR037C,YNL251C,0,5.125151,0.21025815606117249,0.6044921875,0.2330593466758728
YIL069C,YPR148C,0,5.124519,0.21018676459789276,0.6044921875,0.23315958678722382
YMR158W,YDL145C,0,5.1232796,0.21011541783809662,0.6044921875,0.23325982689857483
YHR024C,YJL173C,0,5.1223764,0.21004411578178406,0.6044921875,0.23336006700992584
YPL221W,YGR129W,0,5.1204267,0.20997285842895508,0.6044921875,0.23346030712127686
YBR162W-A,YOR258W,0,5.120075,0.20990166068077087,0.6044921875,0.23356054723262787
YOL158C,YJR040W,1,5.1199274,0.2101694941520691,0.60546875,0.23356054723262787
YCL068C,YGR044C,0,5.118272,0.2100982666015625,0.60546875,0.23366078734397888
YPL176C,YPL135W,0,5.118236,0.21002709865570068,0.60546875,0.2337610274553299
YER142C,YER127W,0,5.1179166,0.20995597541332245,0.60546875,0.2338612675666809
YMR319C,YDL185W,1,5.1146927,0.21022342145442963,0.6064453125,0.2338612675666809
YKL062W,YBR279W,0,5.114664,0.2101522833108902,0.6064453125,0.23396150767803192
YDL012C,YOR335C,0,5.1135335,0.21008118987083435,0.6064453125,0.23406174778938293
YHR050W,YBR037C,1,5.112097,0.21034832298755646,0.607421875,0.23406174778938293
YDR007W,YCL001W,0,5.111988,0.21027721464633942,0.607421875,0.23416198790073395
YDR009W,YHR158C,0,5.110654,0.21020615100860596,0.607421875,0.23426222801208496
YMR205C,YKL058W,0,5.110056,0.21013513207435608,0.607421875,0.23436246812343597
YKR027W,YHR014W,0,5.1098824,0.21006417274475098,0.607421875,0.234462708234787
YLR363C,YBR212W,0,5.108019,0.20999324321746826,0.607421875,0.234562948346138
YLR092W,YLR447C,1,5.10715,0.21025986969470978,0.6083984375,0.234562948346138
YER167W,YOR259C,0,5.1068487,0.21018894016742706,0.6083984375,0.234663188457489
YML092C,YBL038W,0,5.1066866,0.21011804044246674,0.6083984375,0.23476342856884003
YGR120C,YCR005C,0,5.105504,0.21004720032215118,0.6083984375,0.23486366868019104
YGL077C,YBR039W,1,5.105111,0.21031345427036285,0.609375,0.23486366868019104
YIL154C,YPR169W,0,5.104873,0.21024258434772491,0.609375,0.23496390879154205
YNL055C,YLL048C,1,5.1047735,0.2105085849761963,0.6103515625,0.23496390879154205
YNR048W,YMR074C,0,5.104319,0.21043771505355835,0.6103515625,0.23506414890289307
YDR160W,YNL036W,0,5.1034164,0.2103668749332428,0.6103515625,0.23516438901424408
YJL127C,YEL051W,0,5.1032543,0.21029609441757202,0.6103515625,0.2352646291255951
YMR262W,YNL111C,0,5.1012545,0.21022535860538483,0.6103515625,0.2353648692369461
YGL028C,YGL195W,0,5.1010695,0.2101546674966812,0.6103515625,0.23546510934829712
YNL246W,YNL055C,0,5.100545,0.21008403599262238,0.6103515625,0.23556534945964813
YBR069C,YBR207W,1,5.0999365,0.2103494554758072,0.611328125,0.23556534945964813
YHL008C,YGL008C,1,5.099136,0.21061471104621887,0.6123046875,0.23556534945964813
YDR386W,YMR074C,0,5.098922,0.21054399013519287,0.6123046875,0.23566560447216034
YGR103W,YIL033C,0,5.0982285,0.21047331392765045,0.6123046875,0.23576584458351135
YIL106W,YLR333C,0,5.097108,0.2104026824235916,0.6123046875,0.23586608469486237
YPR007C,YBR028C,0,5.0967736,0.21033211052417755,0.6123046875,0.23596632480621338
YOL152W,YBR294W,1,5.0962825,0.21059691905975342,0.61328125,0.23596632480621338
YDR145W,YMR002W,0,5.096253,0.21052631735801697,0.61328125,0.2360665649175644
YML133C,YLR409C,0,5.095957,0.2104557603597641,0.61328125,0.2361668050289154
YMR226C,YBR121C,0,5.0953236,0.210385262966156,0.61328125,0.23626704514026642
YML086C,YCL067C,0,5.094736,0.2103147953748703,0.61328125,0.23636728525161743
YOL154W,YPR141C,0,5.0938654,0.21024438738822937,0.61328125,0.23646752536296844
YPL234C,YKL077W,0,5.093354,0.21017402410507202,0.61328125,0.23656776547431946
YGL167C,YML123C,1,5.0919976,0.21043826639652252,0.6142578125,0.23656776547431946
YFR014C,YGL078C,0,5.0917807,0.21036788821220398,0.6142578125,0.23666800558567047
YBR028C,YER015W,0,5.0907087,0.21029755473136902,0.6142578125,0.23676824569702148
YJL198W,YCR037C,1,5.0897923,0.21056149899959564,0.615234375,0.23676824569702148
YOR363C,YDR002W,0,5.0892406,0.2104911506175995,0.615234375,0.2368684858083725
YHR026W,YDR298C,1,5.0882177,0.21075484156608582,0.6162109375,0.2368684858083725
YPR036W,YJL133W,1,5.086564,0.211018368601799,0.6171875,0.2368684858083725
YGL063W,YMR156C,0,5.0861263,0.2109479308128357,0.6171875,0.2369687259197235
YBL100W-B,YAL030W,0,5.08587,0.21087753772735596,0.6171875,0.23706896603107452
YDR028C,YKL060C,0,5.085246,0.210807204246521,0.6171875,0.23716920614242554
YLR284C,YMR074C,0,5.0850773,0.21073691546916962,0.6171875,0.23726944625377655
YPR036W,YNL083W,1,5.08482,0.210999995470047,0.6181640625,0.23726944625377655
YGL006W,YGL016W,0,5.0847807,0.21092969179153442,0.6181640625,0.23736968636512756
YML120C,YDR359C,0,5.0834994,0.21085943281650543,0.6181640625,0.23746992647647858
YKL191W,YMR322C,0,5.0828314,0.21078920364379883,0.6181640625,0.2375701665878296
YBR279W,YLR167W,0,5.082235,0.210719034075737,0.6181640625,0.2376704066991806
YJR052W,YGL064C,0,5.0818124,0.21064892411231995,0.6181640625,0.23777064681053162
YGR060W,YDL123W,0,5.080694,0.21057884395122528,0.6181640625,0.23787088692188263
YCL064C,YOR059C,0,5.079546,0.2105088084936142,0.6181640625,0.23797112703323364
YGL067W,YJR048W,0,5.0794325,0.2104388326406479,0.6181640625,0.23807136714458466
YDR435C,YPL145C,0,5.0794096,0.21036888659000397,0.6181640625,0.23817160725593567
YBR043C,YLL031C,0,5.077272,0.21029900014400482,0.6181640625,0.23827184736728668
YML100W,YOL023W,0,5.0770693,0.21022915840148926,0.6181640625,0.2383720874786377
YGR296W,YHL021C,0,5.0766673,0.21015936136245728,0.6181640625,0.2384723275899887
YHL017W,YIL107C,0,5.0758257,0.21008960902690887,0.6181640625,0.23857256770133972
YMR203W,YLL009C,1,5.0748024,0.21035169064998627,0.619140625,0.23857256770133972
YNL291C,YCR023C,1,5.0743275,0.21061359345912933,0.6201171875,0.23857256770133972
YPL209C,YFL056C,0,5.0737233,0.21054376661777496,0.6201171875,0.23867280781269073
YHL017W,YAL015C,0,5.0730543,0.21047398447990417,0.6201171875,0.23877304792404175
YEL020W-A,YNL247W,0,5.0722227,0.21040424704551697,0.6201171875,0.23887330293655396
YPL141C,YHR110W,0,5.0707226,0.21033455431461334,0.6201171875,0.23897354304790497
YJL098W,YNL094W,0,5.0706873,0.2102649062871933,0.6201171875,0.23907378315925598
YMR286W,YDL154W,0,5.0700164,0.21019530296325684,0.6201171875,0.239174023270607
YHR002W,YBR037C,1,5.069828,0.21045665442943573,0.62109375,0.239174023270607
YOL020W,YGL240W,0,5.0687222,0.21038703620433807,0.62109375,0.239274263381958
YKL006C-A,YHR005C,0,5.068331,0.210317462682724,0.62109375,0.23937450349330902
YBR218C,YOR260W,0,5.066659,0.2102479338645935,0.62109375,0.23947474360466003
YHR026W,YLL048C,1,5.0658126,0.21050892770290375,0.6220703125,0.23947474360466003
YER093C,YOR359W,0,5.064264,0.21043938398361206,0.6220703125,0.23957498371601105
YOL069W,YPR017C,0,5.0637302,0.21036988496780396,0.6220703125,0.23967522382736206
YGR235C,YNL240C,0,5.0619845,0.21030043065547943,0.6220703125,0.23977546393871307
YJL216C,YGL151W,0,5.0610905,0.2102310210466385,0.6220703125,0.2398757040500641
YDR375C,YLR258W,0,5.0603666,0.21016165614128113,0.6220703125,0.2399759441614151
YLR190W,YFR025C,0,5.060341,0.21009235084056854,0.6220703125,0.2400761842727661
YMR274C,YLR324W,0,5.0578256,0.21002307534217834,0.6220703125,0.24017642438411713
YFR050C,YER109C,0,5.057617,0.20995385944843292,0.6220703125,0.24027666449546814
YEL018W,YDL100C,0,5.057178,0.2098846733570099,0.6220703125,0.24037690460681915
YDR178W,YLR263W,0,5.0565076,0.20981554687023163,0.6220703125,0.24047714471817017
YLR185W,YGR212W,0,5.056465,0.20974646508693695,0.6220703125,0.24057738482952118
YHR088W,YNR055C,0,5.0544343,0.20967741310596466,0.6220703125,0.2406776249408722
YML101C,YEL051W,0,5.05273,0.20960842072963715,0.6220703125,0.2407778650522232
YPL175W,YGR224W,0,5.0524187,0.2095394730567932,0.6220703125,0.24087810516357422
YGL167C,YMR058W,1,5.0522113,0.2097994089126587,0.623046875,0.24087810516357422
YKL138C,YLR249W,0,5.0503573,0.20973044633865356,0.623046875,0.24097834527492523
YJR132W,YER056C,0,5.049179,0.20966151356697083,0.623046875,0.24107858538627625
YDL189W,YBR295W,0,5.046116,0.20959264039993286,0.623046875,0.24117882549762726
YKL185W,YBR005W,0,5.0436106,0.20952381193637848,0.623046875,0.24127906560897827
YDR298C,YCR075C,1,5.043043,0.20978331565856934,0.6240234375,0.24127906560897827
YMR063W,YHR009C,0,5.042159,0.20971447229385376,0.6240234375,0.24137930572032928
YOR193W,YOR372C,0,5.0410557,0.20964567363262177,0.6240234375,0.2414795458316803
YDR243C,YER071C,0,5.0403347,0.20957690477371216,0.6240234375,0.2415797859430313
YPL239W,YNR071C,0,5.038562,0.20950819551944733,0.6240234375,0.24168002605438232
YPR154W,YGR244C,0,5.038518,0.20943953096866608,0.6240234375,0.24178026616573334
YDR021W,YGL194C,0,5.0381346,0.2093709111213684,0.6240234375,0.24188050627708435
YBR065C,YGL127C,0,5.037616,0.20930232107639313,0.6240234375,0.24198074638843536
YGL171W,YPL006W,0,5.0374985,0.20923379063606262,0.6240234375,0.24208100140094757
YDR276C,YNL176C,0,5.036563,0.2091653048992157,0.6240234375,0.24218124151229858
YML100W,YPR034W,0,5.03467,0.20909686386585236,0.6240234375,0.2422814816236496
YDL081C,YEL019C,0,5.034631,0.2090284526348114,0.6240234375,0.2423817217350006
YAL068C,YDR246W,0,5.034313,0.20896010100841522,0.6240234375,0.24248196184635162
YBL007C,YER038C,0,5.0341516,0.20889179408550262,0.6240234375,0.24258220195770264
YNL318C,YDR280W,0,5.0309,0.2088235318660736,0.6240234375,0.24268244206905365
YOR380W,YIL069C,0,5.0290117,0.20875531435012817,0.6240234375,0.24278268218040466
YEL020W-A,YOR011W,0,5.0280223,0.20868712663650513,0.6240234375,0.24288292229175568
YIL075C,YHR197W,0,5.02706,0.20861899852752686,0.6240234375,0.2429831624031067
YNL024C,YOR078W,0,5.0252333,0.20855091512203217,0.6240234375,0.2430834025144577
YBR069C,YML016C,0,5.0247965,0.20848287642002106,0.6240234375,0.24318364262580872
YPL126W,YPR046W,0,5.024592,0.20841486752033234,0.6240234375,0.24328388273715973
YPL215W,YJR049C,0,5.024328,0.2083469182252884,0.6240234375,0.24338412284851074
YGR181W,YOR236W,0,5.0237584,0.20827901363372803,0.6240234375,0.24348436295986176
YPR020W,YDR377W,1,5.0221615,0.20853698253631592,0.625,0.24348436295986176
YAL002W,YGR205W,0,5.018152,0.20846904814243317,0.625,0.24358460307121277
YDL098C,YJL181W,0,5.017837,0.2084011733531952,0.625,0.24368484318256378
YPR003C,YMR241W,1,5.017318,0.2086588591337204,0.6259765625,0.24368484318256378
YIL069C,YNR037C,0,5.0169325,0.20859095454216003,0.6259765625,0.2437850832939148
YDR386W,YGL192W,0,5.015941,0.20852309465408325,0.6259765625,0.2438853234052658
YKR050W,YHR136C,1,5.015599,0.20878048241138458,0.626953125,0.2438853234052658
YCL068C,YDR317W,0,5.014585,0.2087126076221466,0.626953125,0.24398556351661682
YOR172W,YHR150W,0,5.0116653,0.2086447775363922,0.626953125,0.24408580362796783
YDL220C,YML076C,0,5.0116224,0.2085769921541214,0.626953125,0.24418604373931885
YDR377W,YCR021C,1,5.0114574,0.20883403718471527,0.6279296875,0.24418604373931885
YDR377W,YBR005W,0,5.0109825,0.20876623690128326,0.6279296875,0.24428628385066986
YAL068C,YKL058W,0,5.0099573,0.20869848132133484,0.6279296875,0.24438652396202087
YML100W,YDR190C,0,5.0099564,0.2086307555437088,0.6279296875,0.2444867640733719
YJL162C,YGR003W,0,5.009093,0.20856308937072754,0.6279296875,0.2445870041847229
YDR325W,YLR017W,0,5.008814,0.20849545300006866,0.6279296875,0.2446872442960739
YOR262W,YDL247W,0,5.008432,0.20842787623405457,0.6279296875,0.24478748440742493
YHR194W,YGL194C,0,5.0077267,0.20836034417152405,0.6279296875,0.24488772451877594
YNL024C,YDR438W,0,5.0069523,0.20829284191131592,0.6279296875,0.24498796463012695
YOL020W,YDR039C,1,5.006713,0.20854921638965607,0.62890625,0.24498796463012695
YBR086C,YBL031W,0,5.0060854,0.20848171412944794,0.62890625,0.24508820474147797
YER062C,YLR292C,0,5.0013785,0.2084142416715622,0.62890625,0.24518844485282898
YPL126W,YDR434W,0,5.0009775,0.20834681391716003,0.62890625,0.2452886998653412
YGL167C,YJL093C,1,4.9988966,0.20860284566879272,0.6298828125,0.2452886998653412
YDR323C,YBL031W,0,4.998423,0.20853540301322937,0.6298828125,0.2453889399766922
YIL118W,YLR247C,0,4.998181,0.2084680050611496,0.6298828125,0.2454891800880432
YIL007C,YER015W,0,4.9973373,0.2084006518125534,0.6298828125,0.24558942019939423
YBR101C,YOR260W,0,4.996905,0.2083333283662796,0.6298828125,0.24568966031074524
YLR260W,YBL005W,0,4.996683,0.20826606452465057,0.6298828125,0.24578990042209625
YAR033W,YNR053C,0,4.996545,0.20819884538650513,0.6298828125,0.24589014053344727
YKR096W,YOL055C,0,4.99578,0.20813165605068207,0.6298828125,0.24599038064479828
YDR482C,YML120C,0,4.995296,0.2080645114183426,0.6298828125,0.2460906207561493
YHR088W,YER015W,0,4.9951725,0.2079974263906479,0.6298828125,0.2461908608675003
YHR210C,YOL032W,0,4.995036,0.20793037116527557,0.6298828125,0.24629110097885132
YMR261C,YGL167C,0,4.9949055,0.20786336064338684,0.6298828125,0.24639134109020233
YOR101W,YLR260W,0,4.993594,0.2077963948249817,0.6298828125,0.24649158120155334
YNL029C,YLL057C,0,4.993043,0.20772947371006012,0.6298828125,0.24659182131290436
YLR258W,YCL048W,0,4.992494,0.20766258239746094,0.6298828125,0.24669206142425537
YLL024C,YGR017W,0,4.9922323,0.20759575068950653,0.6298828125,0.24679230153560638
YDR127W,YPL225W,0,4.9921546,0.2075289636850357,0.6298828125,0.2468925416469574
YDL185W,YLL018C-A,1,4.991584,0.20778384804725647,0.630859375,0.2468925416469574
YDL031W,YDL076C,0,4.9906683,0.20771704614162445,0.630859375,0.2469927817583084
YDL031W,YOR113W,0,4.989419,0.20765027403831482,0.630859375,0.24709302186965942
YGR082W,YPL207W,0,4.988866,0.20758354663848877,0.630859375,0.24719326198101044
YMR059W,YDR135C,0,4.9877663,0.2075168639421463,0.630859375,0.24729350209236145
YOL052C-A,YPL178W,0,4.986367,0.20745022594928741,0.630859375,0.24739374220371246
YOL020W,YER177W,0,4.9863234,0.2073836326599121,0.630859375,0.24749398231506348
YDR023W,YGR161C,0,4.9828815,0.2073170691728592,0.630859375,0.2475942224264145
YHL038C,YMR177W,0,4.9823403,0.20725056529045105,0.630859375,0.2476944625377655
YFR010W,YLR052W,0,4.982279,0.2071840912103653,0.630859375,0.24779470264911652
YMR195W,YJL001W,0,4.9811687,0.20711766183376312,0.630859375,0.24789494276046753
YPL209C,YNL318C,0,4.980378,0.20705127716064453,0.630859375,0.24799518287181854
YLL015W,YHL040C,1,4.9798403,0.20730535686016083,0.6318359375,0.24799518287181854
YHR035W,YBR023C,0,4.9797573,0.20723894238471985,0.6318359375,0.24809542298316956
YOR247W,YBR089C-A,0,4.9786277,0.20717258751392365,0.6318359375,0.24819566309452057
YBR169C,YBR015C,0,4.97838,0.20710627734661102,0.6318359375,0.24829590320587158
YDR041W,YBR045C,0,4.9782133,0.2070399969816208,0.6318359375,0.2483961433172226
YIL030C,YKL060C,0,4.976218,0.20697376132011414,0.6318359375,0.2484963983297348
YIL156W,YKL006C-A,0,4.9756794,0.20690758526325226,0.6318359375,0.24859663844108582
YDL209C,YJL216C,0,4.9740453,0.20684143900871277,0.6318359375,0.24869687855243683
YGR080W,YLR190W,0,4.972576,0.20677532255649567,0.6318359375,0.24879711866378784
YPL280W,YHR157W,0,4.9719276,0.20670926570892334,0.6318359375,0.24889735877513885
YGR138C,YPL092W,1,4.971587,0.20696263015270233,0.6328125,0.24889735877513885
YCR031C,YMR195W,0,4.9700565,0.2068965584039688,0.6328125,0.24899759888648987
YHR165C,YBR065C,0,4.9694653,0.20683051645755768,0.6328125,0.24909783899784088
YGR055W,YOR011W,0,4.968077,0.20676451921463013,0.6328125,0.2491980791091919
YDR367W,YFL011W,0,4.9670596,0.20669856667518616,0.6328125,0.2492983192205429
YHR108W,YOR129C,0,4.9644904,0.20663265883922577,0.6328125,0.24939855933189392
YEL062W,YIL134W,1,4.9640403,0.20688556134700775,0.6337890625,0.24939855933189392
YOL023W,YAL051W,0,4.96362,0.20681962370872498,0.6337890625,0.24949879944324493
YPR174C,YER167W,0,4.9616337,0.20675374567508698,0.6337890625,0.24959903955459595
YAL048C,YKL081W,0,4.9616146,0.20668789744377136,0.6337890625,0.24969927966594696
YNL318C,YMR101C,0,4.9603443,0.20662209391593933,0.6337890625,0.24979951977729797
YDR471W,YML031W,0,4.959362,0.20655633509159088,0.6337890625,0.249899759888649
YBL013W,YDR057W,0,4.9584713,0.206490620970726,0.6337890625,0.25
YPR034W,YLR058C,0,4.9582195,0.20642493665218353,0.6337890625,0.2501002550125122
YJR150C,YMR105C,0,4.95778,0.20635929703712463,0.6337890625,0.250200480222702
YOR034C,YPR199C,0,4.957674,0.20629370212554932,0.6337890625,0.25030073523521423
YDL160C,YML120C,0,4.9572926,0.20622815191745758,0.6337890625,0.25040096044540405
YMR301C,YIL134W,1,4.9568167,0.20648030936717987,0.634765625,0.25040096044540405
YHR185C,YIL153W,0,4.956439,0.20641472935676575,0.634765625,0.25050121545791626
YHL028W,YML004C,0,4.9562497,0.2063492089509964,0.634765625,0.2506014406681061
YKL145W,YEL044W,0,4.955223,0.20628371834754944,0.634765625,0.2507016956806183
YLR093C,YIL123W,0,4.95484,0.20621827244758606,0.634765625,0.2508019208908081
YCR016W,YGR060W,0,4.9546094,0.20615287125110626,0.634765625,0.2509021759033203
YDR038C,YEL051W,1,4.952615,0.20640456676483154,0.6357421875,0.2509021759033203
YOR002W,YPL036W,0,4.9525604,0.20633915066719055,0.6357421875,0.25100240111351013
YHR154W,YMR050C,0,4.9511747,0.20627376437187195,0.6357421875,0.25110265612602234
YKL014C,YAL051W,0,4.950846,0.20620842278003693,0.6357421875,0.25120288133621216
YDR292C,YMR074C,0,4.9505444,0.20614312589168549,0.6357421875,0.25130313634872437
YPL262W,YGL070C,0,4.95027,0.20607787370681763,0.6357421875,0.2514033615589142
YOR273C,YIL114C,1,4.9497337,0.2063291072845459,0.63671875,0.2514033615589142
YDL081C,YER155C,0,4.948229,0.20626384019851685,0.63671875,0.2515036165714264
YPR017C,YKL029C,0,4.9476986,0.20619860291481018,0.63671875,0.2516038417816162
YHR035W,YNL045W,0,4.946905,0.2061334103345871,0.63671875,0.2517040967941284
YMR074C,YCR063W,0,4.945798,0.2060682624578476,0.63671875,0.25180432200431824
YER100W,YPR155C,0,4.9445324,0.20600315928459167,0.63671875,0.25190457701683044
YPR007C,YHR138C,0,4.9441977,0.20593808591365814,0.63671875,0.25200480222702026
YIL087C,YJR131W,0,4.9436765,0.20587307214736938,0.63671875,0.25210505723953247
YFR031C-A,YPL173W,0,4.943633,0.20580808818340302,0.63671875,0.2522052824497223
YCR031C,YDR528W,0,4.943424,0.20574313402175903,0.63671875,0.2523055374622345
YER100W,YDR257C,0,4.943019,0.20567823946475983,0.63671875,0.2524057626724243
YDR189W,YCL001W,0,4.9427695,0.205613374710083,0.63671875,0.2525060176849365
YML021C,YER176W,0,4.9424076,0.20554855465888977,0.63671875,0.25260624289512634
YDL091C,YLR460C,0,4.9423323,0.20548376441001892,0.63671875,0.25270649790763855
YDR213W,YOR009W,0,4.9408364,0.20541903376579285,0.63671875,0.25280672311782837
YGR253C,YNL065W,0,4.9397073,0.20535433292388916,0.63671875,0.2529069781303406
YOR363C,YDR365C,0,4.9388647,0.20528967678546906,0.63671875,0.2530072033405304
YAR042W,YNR059W,0,4.937603,0.20522505044937134,0.63671875,0.2531074583530426
YBR038W,YPR068C,0,4.936276,0.2051604837179184,0.63671875,0.2532077133655548
YDR039C,YLR348C,1,4.9334574,0.20541051030158997,0.6376953125,0.2532077133655548
YPL036W,YDR292C,0,4.9323997,0.20534591376781464,0.6376953125,0.25330793857574463
YGR024C,YPL133C,0,4.932375,0.2052813619375229,0.6376953125,0.25340819358825684
YHR169W,YPR007C,0,4.931904,0.20521683990955353,0.6376953125,0.25350841879844666
YHR139C,YLR328W,0,4.9312215,0.20515237748622894,0.6376953125,0.25360867381095886
YFL005W,YOL012C,0,4.9303274,0.20508794486522675,0.6376953125,0.2537088990211487
YMR059W,YKR052C,0,4.929871,0.20502354204654694,0.6376953125,0.2538091540336609
YOR156C,YDL119C,0,4.928541,0.2049591988325119,0.6376953125,0.2539093792438507
YOR045W,YPR134W,0,4.927725,0.20489488542079926,0.6376953125,0.2540096342563629
YEL044W,YDL076C,0,4.9266953,0.2048306167125702,0.6376953125,0.25410985946655273
YNL023C,YDR259C,0,4.9259353,0.2047663778066635,0.6376953125,0.25421011447906494
YMR318C,YOR266W,0,4.92583,0.2047021985054016,0.6376953125,0.25431033968925476
YDR127W,YBR114W,0,4.9257708,0.2046380490064621,0.6376953125,0.25441059470176697
YDL235C,YEL044W,0,4.924979,0.20457392930984497,0.6376953125,0.2545108199119568
YDL247W,YIL030C,0,4.92463,0.20450986921787262,0.6376953125,0.254611074924469
YHR154W,YNL240C,0,4.924568,0.20444583892822266,0.6376953125,0.2547113001346588
YIL037C,YGR165W,0,4.9244766,0.20438185334205627,0.6376953125,0.254811555147171
YDR375C,YBR109C,0,4.9237146,0.20431789755821228,0.6376953125,0.25491178035736084
YOL122C,YNR030W,0,4.923492,0.20425398647785187,0.6376953125,0.25501203536987305
YMR286W,YHR037W,0,4.9231453,0.20419012010097504,0.6376953125,0.25511226058006287
YKR053C,YDR438W,0,4.9228463,0.2041262835264206,0.6376953125,0.2552125155925751
YJL094C,YKL175W,1,4.922121,0.2043749988079071,0.638671875,0.2552125155925751
YCR031C,YJR046W,0,4.922031,0.20431114733219147,0.638671875,0.2553127408027649
YDL124W,YLR220W,0,4.92203,0.2042473405599594,0.638671875,0.2554129958152771
YAR009C,YHR118C,0,4.921403,0.20418357849121094,0.638671875,0.2555132210254669
YLL024C,YBR279W,0,4.9210353,0.20411984622478485,0.638671875,0.2556134760379791
YCL039W,YOR059C,0,4.9187474,0.20405615866184235,0.638671875,0.25571370124816895
YDR516C,YGL107C,0,4.9186506,0.20399251580238342,0.638671875,0.25581395626068115
YLR052W,YDR110W,0,4.9179616,0.2039289027452469,0.638671875,0.25591418147087097
YAL048C,YHR080C,0,4.9177527,0.20386533439159393,0.638671875,0.2560144364833832
YOL020W,YPL135W,0,4.917151,0.20380181074142456,0.638671875,0.256114661693573
YNL142W,YDR002W,0,4.916251,0.20373831689357758,0.638671875,0.2562149167060852
YIR019C,YKR007W,0,4.9160166,0.20367486774921417,0.638671875,0.256315141916275
YLR411W,YLL018C-A,1,4.9156075,0.2039227932691574,0.6396484375,0.256315141916275
YLL048C,YBL063W,0,4.914834,0.20385931432247162,0.6396484375,0.25641539692878723
YJR109C,YDR005C,0,4.9140825,0.2037958949804306,0.6396484375,0.25651565194129944
YLL028W,YOR348C,1,4.913748,0.20404355227947235,0.640625,0.25651565194129944
YDR375C,YDR427W,0,4.9124184,0.20398010313510895,0.640625,0.25661587715148926
YBR049C,YPL117C,0,4.910267,0.20391669869422913,0.640625,0.25671613216400146
YDR212W,YKL032C,0,4.910248,0.2038533240556717,0.640625,0.2568163573741913
YAL048C,YPR141C,0,4.9096665,0.20378999412059784,0.640625,0.2569166123867035
YKL138C,YOR254C,0,4.9074535,0.20372670888900757,0.640625,0.2570168375968933
YDR007W,YFR040W,0,4.9047375,0.20366345345973969,0.640625,0.2571170926094055
YPL116W,YML086C,0,4.90374,0.20360024273395538,0.640625,0.25721731781959534
YKR007W,YAL028W,0,4.902572,0.20353707671165466,0.640625,0.25731757283210754
YKL217W,YLR411W,1,4.901928,0.20378412306308746,0.6416015625,0.25731757283210754
YDR204W,YDR019C,0,4.9015617,0.20372092723846436,0.6416015625,0.25741779804229736
YKL002W,YFR034C,0,4.899474,0.20365777611732483,0.6416015625,0.25751805305480957
YGR097W,YGR211W,0,4.898896,0.20359466969966888,0.6416015625,0.2576182782649994
YDL100C,YIL009W,0,4.8975534,0.20353159308433533,0.6416015625,0.2577185332775116
YDR201W,YPR175W,0,4.89624,0.20346856117248535,0.6416015625,0.2578187584877014
YLR324W,YJR153W,0,4.8960495,0.20340557396411896,0.6416015625,0.2579190135002136
YOR018W,YHR197W,0,4.8957267,0.20334261655807495,0.6416015625,0.25801923871040344
YNL291C,YBR037C,1,4.895335,0.20358911156654358,0.642578125,0.25801923871040344
YHR142W,YNL194C,0,4.893566,0.20352613925933838,0.642578125,0.25811949372291565
YLR193C,YHL006C,0,4.892601,0.20346319675445557,0.642578125,0.25821971893310547
YOL020W,YKL138C,0,4.891009,0.20340031385421753,0.642578125,0.2583199739456177
YPR036W,YJL093C,1,4.889597,0.2036464810371399,0.6435546875,0.2583199739456177
YGR266W,YDR045C,0,4.889259,0.20358356833457947,0.6435546875,0.2584201991558075
YOL154W,YGL126W,0,4.8885894,0.20352068543434143,0.6435546875,0.2585204541683197
YOR191W,YGL243W,0,4.888408,0.20345786213874817,0.6435546875,0.2586206793785095
YER109C,YKL155C,0,4.8880367,0.2033950686454773,0.6435546875,0.25872093439102173
YJR150C,YKR099W,0,4.8879175,0.2033323049545288,0.6435546875,0.25882115960121155
YOR380W,YER032W,0,4.8872685,0.2032695859670639,0.6435546875,0.25892141461372375
YPR180W,YMR195W,0,4.8864326,0.20320691168308258,0.6435546875,0.2590216398239136
YNL180C,YBR212W,0,4.886282,0.20314426720142365,0.6435546875,0.2591218948364258
YLL051C,YEL062W,1,4.8858547,0.20338982343673706,0.64453125,0.2591218948364258
YOL055C,YGR174C,0,4.884555,0.20332717895507812,0.64453125,0.2592221200466156
YBL080C,YJL089W,0,4.8833857,0.20326454937458038,0.64453125,0.2593223750591278
YBL087C,YMR322C,0,4.8831444,0.20320196449756622,0.64453125,0.2594226002693176
YOR117W,YHR170W,0,4.882657,0.20313942432403564,0.64453125,0.25952285528182983
YER007C-A,YNL054W,0,4.8826265,0.20307692885398865,0.64453125,0.25962311029434204
YBR085W,YPR046W,0,4.8806944,0.20301446318626404,0.64453125,0.25972333550453186
YOR254C,YDR284C,0,4.8796043,0.20295202732086182,0.64453125,0.25982359051704407
YJR109C,YKR095W,0,4.878646,0.20288963615894318,0.64453125,0.2599238157272339
YDL081C,YOR086C,0,4.8785605,0.20282728970050812,0.64453125,0.2600240707397461
YOL154W,YML031W,0,4.878438,0.20276497304439545,0.64453125,0.2601242959499359
YHR110W,YNR024W,0,4.875244,0.20270270109176636,0.64453125,0.2602245509624481
YLR011W,YER127W,0,4.8752184,0.20264047384262085,0.64453125,0.26032477617263794
YKL191W,YBR162C,0,4.8747435,0.20257826149463654,0.64453125,0.26042503118515015
YIL087C,YFR034C,0,4.8739414,0.202516108751297,0.64453125,0.26052525639533997
YMR313C,YGL192W,0,4.873857,0.20245398581027985,0.64453125,0.2606255114078522
YDR261C,YNL240C,0,4.8726482,0.20239190757274628,0.64453125,0.260725736618042
YJR102C,YDR023W,0,4.87017,0.2023298591375351,0.64453125,0.2608259916305542
YDL240W,YJL057C,0,4.869331,0.2022678554058075,0.64453125,0.260926216840744
YFL005W,YLR055C,0,4.8686333,0.20220588147640228,0.64453125,0.2610264718532562
YHR120W,YOR157C,0,4.8685904,0.20214395225048065,0.64453125,0.26112669706344604
YHR148W,YIL107C,0,4.868013,0.2020820528268814,0.64453125,0.26122695207595825
YDR256C,YLR131C,0,4.8672085,0.20202019810676575,0.64453125,0.26132717728614807
YPL137C,YPR174C,0,4.8664126,0.20195838809013367,0.64453125,0.2614274322986603
YOL132W,YJL173C,0,4.8663177,0.20189660787582397,0.64453125,0.2615276575088501
YJL057C,YOL042W,0,4.8654895,0.20183485746383667,0.64453125,0.2616279125213623
YLR315W,YBL025W,0,4.8653145,0.20177315175533295,0.64453125,0.2617281377315521
YLR193C,YGR138C,0,4.865036,0.2017114907503128,0.64453125,0.26182839274406433
YAL028W,YGR296W,0,4.8631315,0.20164985954761505,0.64453125,0.26192861795425415
YHR202W,YGL061C,0,4.8576016,0.20158827304840088,0.64453125,0.26202887296676636
YER145C,YBR069C,1,4.85703,0.20183205604553223,0.6455078125,0.26202887296676636
YLR390W-A,YER005W,0,4.857029,0.20177045464515686,0.6455078125,0.2621290981769562
YPL169C,YDL220C,0,4.8549657,0.20170888304710388,0.6455078125,0.2622293531894684
YKR050W,YKL120W,1,4.8549595,0.20195241272449493,0.646484375,0.2622293531894684
YDR323C,YIL167W,0,4.8544664,0.20189082622528076,0.646484375,0.2623295783996582
YER176W,YLR194C,0,4.854368,0.20182926952838898,0.646484375,0.2624298334121704
YOL023W,YGL192W,0,4.8536954,0.20176775753498077,0.646484375,0.26253005862236023
YPL280W,YHR120W,0,4.853417,0.20170627534389496,0.646484375,0.26263031363487244
YKL006C-A,YDR028C,0,4.8525343,0.20164483785629272,0.646484375,0.26273053884506226
YOL098C,YHR037W,0,4.8524785,0.20158343017101288,0.646484375,0.26283079385757446
YPL168W,YDL046W,0,4.852068,0.2015220671892166,0.646484375,0.26293104887008667
YEL017C-A,YNL321W,1,4.8520403,0.2017650604248047,0.6474609375,0.26293104887008667
YGL139W,YIL043C,0,4.8517485,0.20170368254184723,0.6474609375,0.2630312740802765
YBR212W,YKR095W,0,4.8505254,0.20164233446121216,0.6474609375,0.2631315290927887
YBR254C,YDR328C,0,4.849527,0.20158103108406067,0.6474609375,0.2632317543029785
YGL098W,YNR037C,0,4.8454375,0.20151975750923157,0.6474609375,0.2633320093154907
YDR434W,YFL026W,0,4.845186,0.20145852863788605,0.6474609375,0.26343223452568054
YPL141C,YKL039W,0,4.844556,0.20139732956886292,0.6474609375,0.26353248953819275
YKL062W,YBR162W-A,0,4.8437366,0.20133616030216217,0.6474609375,0.26363271474838257
YIL064W,YHL003C,0,4.8426647,0.2012750506401062,0.6474609375,0.2637329697608948
YGR103W,YDL100C,0,4.8425255,0.20121395587921143,0.6474609375,0.2638331949710846
YPL126W,YLR023C,0,4.842412,0.20115290582180023,0.6474609375,0.2639334499835968
YMR002W,YKR072C,0,4.841627,0.20109190046787262,0.6474609375,0.2640336751937866
YGR283C,YBR045C,0,4.841483,0.2010309249162674,0.6474609375,0.26413393020629883
YKL145W,YHR120W,0,4.8411736,0.20096999406814575,0.6474609375,0.26423415541648865
YDR009W,YNL156C,0,4.839381,0.2009090930223465,0.6474609375,0.26433441042900085
YJL098W,YPR071W,0,4.839268,0.20084822177886963,0.6474609375,0.2644346356391907
YPR003C,YOL084W,0,4.83517,0.20078739523887634,0.6474609375,0.2645348906517029
YJL012C,YOL042W,0,4.8345757,0.20072661340236664,0.6474609375,0.2646351158618927
YDR189W,YDR517W,0,4.8342,0.20066586136817932,0.6474609375,0.2647353708744049
YPR034W,YCR038C,0,4.832037,0.2006051391363144,0.6474609375,0.2648355960845947
YKR053C,YMR040W,0,4.831668,0.20054446160793304,0.6474609375,0.26493585109710693
YDR002W,YHL025W,0,4.831113,0.20048382878303528,0.6474609375,0.26503607630729675
YGR235C,YJL026W,0,4.830941,0.2004232108592987,0.6474609375,0.26513633131980896
YLR293C,YDR108W,0,4.8308916,0.2003626525402069,0.6474609375,0.2652365565299988
YFR040W,YGR296W,0,4.830078,0.2003021091222763,0.6474609375,0.265336811542511
YHR014W,YFR053C,0,4.8294034,0.20024162530899048,0.6474609375,0.2654370367527008
YHR158C,YPR148C,0,4.826313,0.20018115639686584,0.6474609375,0.265537291765213
YGR266W,YOR129C,0,4.8247395,0.2001207321882248,0.6474609375,0.26563751697540283
YPR175W,YKL052C,0,4.8243775,0.20006035268306732,0.6474609375,0.26573777198791504
YKR079C,YPL135W,0,4.824035,0.20000000298023224,0.6474609375,0.26583799719810486
YCR031C,YJR150C,0,4.823258,0.19993968307971954,0.6474609375,0.26593825221061707
YPL210C,YMR133W,0,4.8224716,0.19987940788269043,0.6474609375,0.2660385072231293
YJL096W,YKR085C,0,4.822468,0.1998191624879837,0.6474609375,0.2661387324333191
YOL122C,YER023W,0,4.8216095,0.19975896179676056,0.6474609375,0.2662389874458313
YLR047C,YDL100C,1,4.8215795,0.20000000298023224,0.6484375,0.2662389874458313
YKL194C,YKL081W,0,4.821486,0.1999397724866867,0.6484375,0.2663392126560211
YKR007W,YER127W,0,4.8203897,0.19987958669662476,0.6484375,0.2664394676685333
YBR211C,YHR149C,0,4.819294,0.1998194456100464,0.6484375,0.26653969287872314
YJL059W,YBR069C,0,4.8192024,0.1997593194246292,0.6484375,0.26663994789123535
YDR246W,YLR054C,0,4.818328,0.1996992528438568,0.6484375,0.26674017310142517
YNL045W,YPR086W,0,4.8180943,0.1996392011642456,0.6484375,0.2668404281139374
YPL207W,YKL040C,0,4.8179193,0.19957919418811798,0.6484375,0.2669406533241272
YNL318C,YBR188C,0,4.817904,0.19951923191547394,0.6484375,0.2670409083366394
YKR093W,YPR057W,0,4.8165174,0.19945929944515228,0.6484375,0.2671411335468292
YBR069C,YKR007W,0,4.8162694,0.19939939677715302,0.6484375,0.26724138855934143
YDR129C,YMR002W,0,4.814314,0.19933953881263733,0.6484375,0.26734161376953125
YBR295W,YOL020W,1,4.813436,0.19957983493804932,0.6494140625,0.26734161376953125
YGL076C,YKL185W,0,4.8132863,0.19951994717121124,0.6494140625,0.26744186878204346
YAR033W,YBR191W,0,4.811867,0.19946010410785675,0.6494140625,0.2675420939922333
YEL044W,YNR033W,0,4.810898,0.19940030574798584,0.6494140625,0.2676423490047455
YMR215W,YDR365C,0,4.8100214,0.19934052228927612,0.6494140625,0.2677425742149353
YOR271C,YPL274W,1,4.8091335,0.19958046078681946,0.650390625,0.2677425742149353
YOR016C,YHR150W,0,4.8081255,0.19952067732810974,0.650390625,0.2678428292274475
YJL198W,YOR384W,1,4.8079267,0.19976040720939636,0.6513671875,0.2678428292274475
YBR085W,YKL002W,0,4.807168,0.19970059394836426,0.6513671875,0.26794305443763733
YKL014C,YJL026W,0,4.8058004,0.19964082539081573,0.6513671875,0.26804330945014954
YPR067W,YGL231C,0,4.8056526,0.1995810866355896,0.6513671875,0.26814353466033936
YML067C,YOR172W,0,4.804991,0.19952139258384705,0.6513671875,0.26824378967285156
YDR039C,YHL047C,1,4.8049507,0.19976076483726501,0.65234375,0.26824378967285156
YPL169C,YLR377C,0,4.8022637,0.19970104098320007,0.65234375,0.2683440148830414
YKR049C,YNL118C,0,4.8016906,0.1996413618326187,0.65234375,0.2684442698955536
YGL073W,YOL084W,0,4.799742,0.19958171248435974,0.65234375,0.2685444951057434
YLR377C,YPL021W,0,4.7996707,0.19952210783958435,0.65234375,0.2686447501182556
YNL045W,YIL167W,0,4.797366,0.19946253299713135,0.65234375,0.26874497532844543
YGR254W,YDR178W,0,4.7971067,0.19940298795700073,0.65234375,0.26884523034095764
YIL106W,YHR197W,0,4.7960815,0.1993434727191925,0.65234375,0.26894545555114746
YOR090C,YOR129C,0,4.793413,0.19928400218486786,0.65234375,0.26904571056365967
YOR193W,YNL287W,0,4.792819,0.1992245763540268,0.65234375,0.2691459357738495
YOR320C,YOR113W,0,4.791784,0.19916518032550812,0.65234375,0.2692461907863617
YKL197C,YPL178W,0,4.790715,0.19910581409931183,0.65234375,0.2693464457988739
YDR377W,YNL118C,0,4.789609,0.19904647767543793,0.65234375,0.2694466710090637
YAR033W,YMR230W,0,4.7893686,0.1989871859550476,0.65234375,0.2695469260215759
YFL011W,YJL003W,0,4.786965,0.19892793893814087,0.65234375,0.26964715123176575
YGR224W,YDR040C,1,4.7868037,0.1991664171218872,0.6533203125,0.26964715123176575
YPR128C,YDR430C,0,4.7865696,0.19910714030265808,0.6533203125,0.26974740624427795
YDR303C,YNL065W,0,4.785482,0.19904790818691254,0.6533203125,0.2698476314544678
YGR044C,YOR113W,0,4.785265,0.19898869097232819,0.6533203125,0.26994788646698
YOR018W,YNR053C,0,4.7849665,0.1989295333623886,0.6533203125,0.2700481116771698
YPL115C,YLR058C,0,4.7848344,0.19887039065361023,0.6533203125,0.270148366689682
YLL043W,YKL080W,1,4.784543,0.19910846650600433,0.654296875,0.270148366689682
YBL005W,YNL161W,0,4.7815523,0.19904932379722595,0.654296875,0.2702485918998718
YHR096C,YDR217C,0,4.7809734,0.19899019598960876,0.654296875,0.27034884691238403
YDR422C,YOR011W,0,4.7806883,0.19893111288547516,0.654296875,0.27044907212257385
YLR248W,YER129W,0,4.7805805,0.19887207448482513,0.654296875,0.27054932713508606
YPL001W,YGR142W,0,4.779706,0.1988130509853363,0.654296875,0.2706495523452759
YKL191W,YOR103C,0,4.777468,0.19875407218933105,0.654296875,0.2707498073577881
YBL087C,YNL054W,0,4.7765474,0.1986951380968094,0.654296875,0.2708500325679779
YOL084W,YOR157C,0,4.7765293,0.1986362338066101,0.654296875,0.2709502875804901
YLR259C,YOR110W,0,4.775274,0.19857735931873322,0.654296875,0.27105051279067993
YJL167W,YDR397C,0,4.77493,0.1985185146331787,0.654296875,0.27115076780319214
YNL056W,YAL059W,0,4.7742596,0.1984597146511078,0.654296875,0.27125099301338196
YGL243W,YPL058C,0,4.773819,0.19840094447135925,0.654296875,0.27135124802589417
YIL056W,YOR383C,0,4.7734556,0.1983422189950943,0.654296875,0.271451473236084
YDR471W,YLR360W,0,4.773374,0.19828350841999054,0.654296875,0.2715517282485962
YHR157W,YBR301W,0,4.771659,0.19822485744953156,0.654296875,0.271651953458786
YIL153W,YNL063W,0,4.771237,0.19816622138023376,0.654296875,0.2717522084712982
YHR024C,YER167W,0,4.7706146,0.19810763001441956,0.654296875,0.27185243368148804
YDL072C,YCL039W,0,4.7702436,0.19804906845092773,0.654296875,0.27195268869400024
YOR348C,YLL055W,1,4.7687902,0.1982860565185547,0.6552734375,0.27195268869400024
YLR143W,YGL045W,0,4.7684393,0.19822748005390167,0.6552734375,0.27205291390419006
YOL009C,YPL063W,0,4.768365,0.19816893339157104,0.6552734375,0.27215316891670227
YOR380W,YBR218C,0,4.767819,0.1981104165315628,0.6552734375,0.2722533941268921
YER109C,YGL194C,0,4.75975,0.19805194437503815,0.6552734375,0.2723536491394043
YOR068C,YBR169C,0,4.757698,0.19799350202083588,0.6552734375,0.2724539041519165
YJR042W,YER015W,0,4.756441,0.1979351043701172,0.6552734375,0.2725541293621063
YDR528W,YOL051W,0,4.7562294,0.1978767365217209,0.6552734375,0.27265438437461853
YLR054C,YGL127C,0,4.754776,0.19781839847564697,0.6552734375,0.27275460958480835
YJL094C,YIL033C,0,4.753682,0.19776009023189545,0.6552734375,0.27285486459732056
YJR118C,YEL032W,0,4.7524953,0.1977018266916275,0.6552734375,0.2729550898075104
YDL220C,YMR205C,0,4.7522845,0.19764359295368195,0.6552734375,0.2730553448200226
YFR024C-A,YIL056W,0,4.751975,0.19758538901805878,0.6552734375,0.2731555700302124
YPL133C,YKL080W,0,4.7518244,0.1975272297859192,0.6552734375,0.2732558250427246
YLL066C,YHR080C,0,4.7466035,0.197469100356102,0.6552734375,0.27335605025291443
YFR030W,YNL065W,0,4.7457027,0.19741100072860718,0.6552734375,0.27345630526542664
YKL006C-A,YBR193C,0,4.7440367,0.19735294580459595,0.6552734375,0.27355653047561646
YOR316C,YJL094C,1,4.743765,0.1975889503955841,0.65625,0.27355653047561646
YPR071W,YER127W,0,4.742626,0.1975308656692505,0.65625,0.27365678548812866
YOL130W,YOR192C,1,4.7389574,0.19776667654514313,0.6572265625,0.27365678548812866
YPL120W,YJR108W,0,4.736638,0.19770857691764832,0.6572265625,0.2737570106983185
YLR363C,YDR384C,0,4.7364845,0.1976505070924759,0.6572265625,0.2738572657108307
YOR091W,YGR017W,0,4.7355156,0.19759248197078705,0.6572265625,0.2739574909210205
YJR073C,YNL020C,0,4.7348385,0.1975344866514206,0.6572265625,0.2740577459335327
YDR098C,YGL192W,0,4.7341814,0.19747652113437653,0.6572265625,0.27415797114372253
YDR092W,YCR035C,0,4.733778,0.19741860032081604,0.6572265625,0.27425822615623474
YBR291C,YEL051W,1,4.732662,0.19765396416187286,0.658203125,0.27425822615623474
YHR202W,YGL107C,0,4.732342,0.19759601354599,0.658203125,0.27435845136642456
YKL016C,YOL096C,0,4.7308826,0.1975381076335907,0.658203125,0.27445870637893677
YNL328C,YGR082W,0,4.7304635,0.1974802166223526,0.658203125,0.2745589315891266
YKR052C,YJR096W,0,4.72976,0.19742238521575928,0.658203125,0.2746591866016388
YIL120W,YBL091C,0,4.727931,0.19736456871032715,0.658203125,0.2747594118118286
YHL031C,YBR060C,0,4.727719,0.1973067969083786,0.658203125,0.2748596668243408
YER155C,YDL123W,0,4.727444,0.19724905490875244,0.658203125,0.27495989203453064
YBR029C,YOR065W,0,4.725722,0.19719134271144867,0.658203125,0.27506014704704285
YBR162W-A,YOL029C,0,4.720189,0.19713366031646729,0.658203125,0.27516037225723267
YOR049C,YHL031C,0,4.71979,0.19707602262496948,0.658203125,0.2752606272697449
YAL007C,YAR009C,0,4.719537,0.19701841473579407,0.658203125,0.2753608524799347
YFL050C,YKL064W,1,4.7191267,0.1972530633211136,0.6591796875,0.2753608524799347
YBR132C,YGL006W,1,4.7186346,0.19748757779598236,0.66015625,0.2753608524799347
YDR407C,YOR319W,0,4.71852,0.19742991030216217,0.66015625,0.2754611074924469
YGR212W,YFR010W,0,4.7178864,0.19737225770950317,0.66015625,0.2755613327026367
YDR328C,YMR074C,0,4.7169266,0.19731464982032776,0.66015625,0.2756615877151489
YBR114W,YNL023C,0,4.7162704,0.19725707173347473,0.66015625,0.27576184272766113
YBL063W,YBR208C,0,4.715155,0.19719953835010529,0.66015625,0.27586206793785095
YBL100W-B,YDR438W,0,4.712972,0.19714201986789703,0.66015625,0.27596232295036316
YFR010W,YAL019W,0,4.7117033,0.19708454608917236,0.66015625,0.276062548160553
YBR101C,YML031W,0,4.711072,0.19702710211277008,0.66015625,0.2761628031730652
YPL224C,YJR046W,0,4.711059,0.19696970283985138,0.66015625,0.276263028383255
YBL013W,YDR359C,0,4.7088947,0.19691231846809387,0.66015625,0.2763632833957672
YDR002W,YBR212W,0,4.708663,0.19685497879981995,0.66015625,0.27646350860595703
YGR224W,YKL196C,0,4.708186,0.1967976689338684,0.66015625,0.27656376361846924
YDL247W,YOR157C,0,4.7078676,0.19674038887023926,0.66015625,0.27666398882865906
YDR201W,YDR259C,0,4.7078233,0.1966831535100937,0.66015625,0.27676424384117126
YDR243C,YCR106W,0,4.707043,0.1966259479522705,0.66015625,0.2768644690513611
YBR189W,YHR158C,0,4.7070417,0.19656877219676971,0.66015625,0.2769647240638733
YMR232W,YML057W,0,4.706812,0.1965116262435913,0.66015625,0.2770649492740631
YIL014W,YNL156C,0,4.7065716,0.19645452499389648,0.66015625,0.2771652042865753
YDR100W,YJR050W,0,4.7058706,0.19639743864536285,0.66015625,0.27726542949676514
YOL023W,YLR044C,0,4.7049007,0.1963403970003128,0.66015625,0.27736568450927734
YPL183C,YKL060C,0,4.704711,0.19628338515758514,0.66015625,0.27746590971946716
YER145C,YJL129C,1,4.704588,0.19651669263839722,0.6611328125,0.27746590971946716
YNL233W,YNL036W,0,4.7042828,0.19645966589450836,0.6611328125,0.27756616473197937
YML013W,YAL068C,0,4.702092,0.1964026689529419,0.6611328125,0.2776663899421692
YCR106W,YNL065W,0,4.701357,0.19634570181369781,0.6611328125,0.2777666449546814
YPR017C,YOR330C,0,4.7013483,0.19628877937793732,0.6611328125,0.2778668701648712
YBL031W,YMR226C,0,4.7010217,0.1962318867444992,0.6611328125,0.2779671251773834
YMR274C,YML047C,0,4.7009954,0.19617502391338348,0.6611328125,0.27806735038757324
YGL238W,YGL219C,0,4.7007213,0.19611819088459015,0.6611328125,0.27816760540008545
YAR009C,YCL068C,0,4.6996365,0.1960614025592804,0.6611328125,0.27826783061027527
YJR117W,YLR409C,0,4.6985197,0.19600462913513184,0.6611328125,0.2783680856227875
YOR316C,YKL175W,1,4.6973553,0.19623734056949615,0.662109375,0.2783680856227875
YLL048C,YBR191W,0,4.697208,0.1961805522441864,0.662109375,0.2784683108329773
YMR275C,YLR061W,0,4.696883,0.19612380862236023,0.662109375,0.2785685658454895
YPL115C,YOR026W,0,4.6967,0.19606709480285645,0.662109375,0.2786687910556793
YDR292C,YKL039W,0,4.6956663,0.19601041078567505,0.662109375,0.27876904606819153
YEL018W,YER005W,0,4.6955113,0.19595375657081604,0.662109375,0.27886930108070374
YKL026C,YBL025W,0,4.695295,0.19589713215827942,0.662109375,0.27896952629089355
YBL038W,YOL059W,0,4.694936,0.19584055244922638,0.662109375,0.27906978130340576
YNL051W,YHL011C,0,4.6948986,0.19578400254249573,0.662109375,0.2791700065135956
YNL199C,YOR086C,0,4.6933603,0.19572748243808746,0.662109375,0.2792702615261078
YGL005C,YNR024W,0,4.691911,0.1956709921360016,0.662109375,0.2793704867362976
YGR103W,YDR303C,0,4.688165,0.1956145465373993,0.662109375,0.2794707417488098
YML031W,YDL149W,0,4.686807,0.1955581158399582,0.662109375,0.27957096695899963
YGR202C,YLR093C,0,4.6841574,0.19550172984600067,0.662109375,0.27967122197151184
YER056C,YDR246W,0,4.6826386,0.19544537365436554,0.662109375,0.27977144718170166
YKL069W,YGL151W,0,4.6809015,0.1953890472650528,0.662109375,0.27987170219421387
YPR154W,YPL140C,0,4.6803107,0.19533275067806244,0.662109375,0.2799719274044037
YJR095W,YOR334W,1,4.679806,0.19556452333927155,0.6630859375,0.2799719274044037
YML011C,YDR513W,0,4.6791544,0.19550821185112,0.6630859375,0.2800721824169159
YDR268W,YDR365C,0,4.678436,0.19545193016529083,0.6630859375,0.2801724076271057
YBR037C,YCR037C,1,4.6781697,0.19568344950675964,0.6640625,0.2801724076271057
YDR189W,YFR034C,0,4.6773987,0.1956271529197693,0.6640625,0.2802726626396179
YER167W,YGL226W,0,4.677057,0.1955709010362625,0.6640625,0.28037288784980774
YML023C,YGL240W,0,4.676881,0.19551466405391693,0.6640625,0.28047314286231995
YBR107C,YDR395W,0,4.67624,0.19545847177505493,0.6640625,0.28057336807250977
YJL078C,YLR044C,0,4.6746006,0.19540229439735413,0.6640625,0.280673623085022
YML057W,YER127W,0,4.673478,0.1953461617231369,0.6640625,0.2807738482952118
YLR130C,YIL134W,1,4.6729693,0.1955772489309311,0.6650390625,0.2807738482952118
YDR301W,YDL223C,0,4.6712036,0.19552110135555267,0.6650390625,0.280874103307724
YDR075W,YDR005C,0,4.6708174,0.19546498358249664,0.6650390625,0.2809743285179138
YDR057W,YBR149W,0,4.6687055,0.195408895611763,0.6650390625,0.281074583530426
YLR277C,YOL096C,0,4.6678486,0.19535283744335175,0.6650390625,0.28117480874061584
YKL062W,YHR001W-A,0,4.667759,0.19529682397842407,0.6650390625,0.28127506375312805
YBR029C,YOR363C,0,4.6671686,0.1952408254146576,0.6650390625,0.28137528896331787
YHL016C,YMR054W,1,4.666532,0.19547148048877716,0.666015625,0.28137528896331787
YOR266W,YKL192C,0,4.665988,0.1954154670238495,0.666015625,0.2814755439758301
YDR212W,YKL077W,0,4.6636276,0.1953594982624054,0.666015625,0.2815757691860199
YLR059C,YGR260W,0,4.6630936,0.1953035444021225,0.666015625,0.2816760241985321
YBR218C,YKL043W,0,4.66253,0.19524763524532318,0.666015625,0.2817762494087219
YLL018C,YBL035C,0,4.6621404,0.19519175589084625,0.666015625,0.28187650442123413
YMR234W,YGL194C,0,4.661871,0.1951359063386917,0.666015625,0.28197672963142395
YLR295C,YDR276C,1,4.661313,0.19536612927913666,0.6669921875,0.28197672963142395
YBR107C,YAL059W,0,4.6612215,0.19531026482582092,0.6669921875,0.28207698464393616
YHR002W,YBR291C,1,4.660454,0.19554030895233154,0.66796875,0.28207698464393616
YGL246C,YFR047C,0,4.6591616,0.19548442959785461,0.66796875,0.28217723965644836
YMR286W,YOR065W,0,4.657202,0.19542856514453888,0.66796875,0.2822774648666382
YLR347C,YHR073W,0,4.656576,0.19537274539470673,0.66796875,0.2823777198791504
YER033C,YFR014C,0,4.656519,0.19531695544719696,0.66796875,0.2824779450893402
YBR295W,YNL240C,0,4.656144,0.19526121020317078,0.66796875,0.2825782001018524
YIL154C,YOR136W,0,4.6554837,0.1952054798603058,0.66796875,0.28267842531204224
YLR347C,YHR201C,0,4.655393,0.19514977931976318,0.66796875,0.28277868032455444
YDR235W,YCL039W,0,4.654822,0.19509412348270416,0.66796875,0.28287890553474426
YDR372C,YKL052C,0,4.6544423,0.19503849744796753,0.66796875,0.28297916054725647
YDR361C,YJR046W,0,4.6543827,0.19498290121555328,0.66796875,0.2830793857574463
YMR243C,YPR017C,0,4.6528354,0.19492733478546143,0.66796875,0.2831796407699585
YDR160W,YDR469W,0,4.6523647,0.19487179815769196,0.66796875,0.2832798659801483
YBL080C,YBL031W,0,4.6517634,0.19481629133224487,0.66796875,0.2833801209926605
YER177W,YOL144W,0,4.651618,0.19476081430912018,0.66796875,0.28348034620285034
YBR181C,YGL116W,0,4.6514106,0.19470538198947906,0.66796875,0.28358060121536255
YKL165C,YOL122C,1,4.6507225,0.19493454694747925,0.6689453125,0.28358060121536255
YDL098C,YMR232W,0,4.650319,0.19487908482551575,0.6689453125,0.28368082642555237
YKR075C,YIL053W,0,4.6496954,0.19482366740703583,0.6689453125,0.2837810814380646
YIL013C,YOR004W,0,4.64939,0.1947682648897171,0.6689453125,0.2838813066482544
YGL006W,YOR334W,1,4.6486654,0.1949971616268158,0.669921875,0.2838813066482544
YER031C,YDR300C,0,4.647862,0.19494174420833588,0.669921875,0.2839815616607666
YDL160C,YAL015C,0,4.647457,0.19488635659217834,0.669921875,0.2840817868709564
YGR024C,YDL091C,0,4.646083,0.1948310136795044,0.669921875,0.28418204188346863
YLR130C,YPR156C,1,4.644726,0.1950596272945404,0.6708984375,0.28418204188346863
YBL035C,YPL036W,0,4.641707,0.19500425457954407,0.6708984375,0.28428226709365845
YGR044C,YOR271C,0,4.641657,0.1949489265680313,0.6708984375,0.28438252210617065
YBR003W,YLL067C,0,4.640423,0.19489361345767975,0.6708984375,0.2844827473163605
YNL048W,YBR034C,0,4.6379695,0.19483834505081177,0.6708984375,0.2845830023288727
YMR081C,YHR090C,0,4.6368484,0.19478310644626617,0.6708984375,0.2846832275390625
YIL022W,YLR442C,0,4.636814,0.19472789764404297,0.6708984375,0.2847834825515747
YMR243C,YEL051W,1,4.6351776,0.19495607912540436,0.671875,0.2847834825515747
YLR118C,YNL221C,0,4.632139,0.19490085542201996,0.671875,0.2848837077617645
YIL011W,YHR080C,0,4.631231,0.19484564661979675,0.671875,0.28498396277427673
YDL230W,YNL142W,0,4.6307087,0.19479048252105713,0.671875,0.28508418798446655
YPR055W,YPR037C,0,4.6285043,0.1947353482246399,0.671875,0.28518444299697876
YPR175W,YJL212C,0,4.628152,0.19468024373054504,0.671875,0.28528469800949097
YNL221C,YPL021W,0,4.6266503,0.19462518393993378,0.671875,0.2853849232196808
YER044C-A,YOL132W,0,4.6263804,0.1945701390504837,0.671875,0.285485178232193
YKL155C,YPR199C,0,4.625372,0.19451512396335602,0.671875,0.2855854034423828
YJL094C,YDR395W,0,4.6244726,0.19446015357971191,0.671875,0.285685658454895
YGL098W,YLR367W,0,4.624222,0.194405198097229,0.671875,0.28578588366508484
YDR122W,YNL055C,0,4.624114,0.19435028731822968,0.671875,0.28588613867759705
YOR207C,YLR189C,0,4.6220303,0.19429539144039154,0.671875,0.28598636388778687
YNL251C,YNL111C,0,4.621272,0.194240540266037,0.671875,0.2860866189002991
YNR032C-A,YBL007C,0,4.6205883,0.19418571889400482,0.671875,0.2861868441104889
YDR422C,YOL144W,0,4.6204295,0.19413092732429504,0.671875,0.2862870991230011
YOR079C,YNL259C,1,4.6204157,0.1943582445383072,0.6728515625,0.2862870991230011
YIL053W,YNR037C,0,4.6192865,0.19430343806743622,0.6728515625,0.2863873243331909
YLR175W,YNL055C,0,4.618234,0.19424866139888763,0.6728515625,0.2864875793457031
YDR367W,YOR195W,0,4.6167912,0.19419391453266144,0.6728515625,0.28658780455589294
YPL115C,YOR319W,0,4.6161566,0.19413919746875763,0.6728515625,0.28668805956840515
YNL145W,YGL115W,0,4.6159005,0.1940845102071762,0.6728515625,0.28678828477859497
YIL096C,YHR106W,0,4.6152906,0.19402985274791718,0.6728515625,0.2868885397911072
YDL091C,YKR052C,0,4.6143155,0.19397522509098053,0.6728515625,0.286988765001297
YGL104C,YDR384C,0,4.613538,0.19392062723636627,0.6728515625,0.2870890200138092
YAL011W,YGL115W,0,4.6133513,0.1938660591840744,0.6728515625,0.287189245223999
YOR081C,YCR106W,0,4.6126304,0.1938115358352661,0.6728515625,0.28728950023651123
YER155C,YFR053C,0,4.612502,0.19375702738761902,0.6728515625,0.28738972544670105
YDR280W,YGR060W,0,4.612137,0.1937025636434555,0.6728515625,0.28748998045921326
YGR245C,YCL001W,0,4.6112146,0.19364811480045319,0.6728515625,0.2875902056694031
YIL075C,YER177W,0,4.6111083,0.19359371066093445,0.6728515625,0.2876904606819153
YHR190W,YER081W,0,4.609066,0.1935393214225769,0.6728515625,0.2877906858921051
YKL191W,YCR024C,0,4.6084733,0.19348497688770294,0.6728515625,0.2878909409046173
YAR033W,YDL102W,0,4.6083765,0.19343066215515137,0.6728515625,0.28799116611480713
YBL038W,YMR131C,0,4.6056986,0.193376362323761,0.6728515625,0.28809142112731934
YHL025W,YLR384C,0,4.6051664,0.1933221071958542,0.6728515625,0.28819164633750916
YPR100W,YMR149W,0,4.6034813,0.19326788187026978,0.6728515625,0.28829190135002136
YOR264W,YJL216C,0,4.6029806,0.19321368634700775,0.6728515625,0.2883921265602112
YJL180C,YGL096W,0,4.601897,0.19315952062606812,0.6728515625,0.2884923815727234
YOL032W,YNL287W,0,4.6009264,0.19310538470745087,0.6728515625,0.2885926365852356
YOL096C,YBR146W,0,4.600651,0.193051278591156,0.6728515625,0.2886928617954254
YJR120W,YBR301W,0,4.6002045,0.19299720227718353,0.6728515625,0.2887931168079376
YGL018C,YLR068W,0,4.6001806,0.19294315576553345,0.6728515625,0.28889334201812744
YNL321W,YEL051W,1,4.5976963,0.19316908717155457,0.673828125,0.28889334201812744
YBR038W,YOR359W,0,4.5953975,0.1931150257587433,0.673828125,0.28899359703063965
YER063W,YJL035C,0,4.5947294,0.1930609941482544,0.673828125,0.28909382224082947
YJL045W,YER081W,0,4.5930786,0.1930069923400879,0.673828125,0.2891940772533417
YPR134W,YPR174C,0,4.5922446,0.19295302033424377,0.673828125,0.2892943024635315
YOR266W,YGL231C,0,4.591284,0.19289907813072205,0.673828125,0.2893945574760437
YOR320C,YKL052C,0,4.591081,0.1928451657295227,0.673828125,0.2894947826862335
YOR193W,YKR077W,0,4.59091,0.19279128313064575,0.673828125,0.2895950376987457
YOR316C,YNL029C,0,4.587761,0.1927374303340912,0.673828125,0.28969526290893555
YPL198W,YBR094W,0,4.5876846,0.192683607339859,0.673828125,0.28979551792144775
YOR101W,YMR156C,0,4.5866313,0.19262981414794922,0.673828125,0.2898957431316376
YBR085W,YPL156C,0,4.586038,0.19257605075836182,0.673828125,0.2899959981441498
YNL024C,YCR018C,0,4.5851374,0.1925223171710968,0.673828125,0.2900962233543396
YBR295W,YDL211C,0,4.5850735,0.19246861338615417,0.673828125,0.2901964783668518
YLR085C,YPL116W,0,4.5848765,0.19241495430469513,0.673828125,0.2902967035770416
YGR212W,YER060W,0,4.5840073,0.19236131012439728,0.673828125,0.29039695858955383
YOR027W,YIL008W,0,4.5829563,0.19230769574642181,0.673828125,0.29049718379974365
YLR247C,YCR038C,0,4.582438,0.19225411117076874,0.673828125,0.29059743881225586
YJR132W,YGL194C,0,4.5817757,0.19220055639743805,0.673828125,0.2906976640224457
YPL171C,YLR019W,0,4.581485,0.19214703142642975,0.673828125,0.2907979190349579
YBL031W,YMR074C,0,4.5809937,0.19209353625774384,0.673828125,0.2908981442451477
YHR146W,YJR027W,0,4.578582,0.1920400708913803,0.673828125,0.2909983992576599
YNL318C,YGR060W,0,4.578245,0.19198665022850037,0.673828125,0.29109862446784973
YGR205W,YKL150W,0,4.577629,0.19193324446678162,0.673828125,0.29119887948036194
YGL061C,YHL011C,0,4.577264,0.19187986850738525,0.673828125,0.29129910469055176
YKL006C-A,YMR275C,0,4.5757174,0.19182652235031128,0.673828125,0.29139935970306396
YDR513W,YGR296W,0,4.575465,0.1917732059955597,0.673828125,0.2914995849132538
YLR382C,YGR122W,0,4.575204,0.1917199194431305,0.673828125,0.291599839925766
YER031C,YER060W,0,4.5749493,0.19166666269302368,0.673828125,0.2917000949382782
YJR118C,YLR460C,0,4.573908,0.19161343574523926,0.673828125,0.291800320148468
YDR490C,YGL028C,0,4.572661,0.19156023859977722,0.673828125,0.2919005751609802
YOR381W,YEL065W,1,4.5723343,0.19178462028503418,0.6748046875,0.2919005751609802
YGR004W,YAL026C,0,4.572298,0.19173140823841095,0.6748046875,0.29200080037117004
YBR038W,YJR048W,0,4.572109,0.1916782259941101,0.6748046875,0.29210105538368225
YDR004W,YJL208C,0,4.5712233,0.19162507355213165,0.6748046875,0.29220128059387207
YDR259C,YPR120C,0,4.5710855,0.1915719360113144,0.6748046875,0.2923015356063843
YJR132W,YDR028C,0,4.5704803,0.1915188431739807,0.6748046875,0.2924017608165741
YER178W,YGR142W,0,4.5702963,0.19146578013896942,0.6748046875,0.2925020158290863
YOR316C,YGR142W,0,4.5695624,0.19141274690628052,0.6748046875,0.2926022410392761
YLR220W,YDR040C,1,4.569063,0.19163666665554047,0.67578125,0.2926022410392761
YNL233W,YHR006W,0,4.568808,0.19158360362052917,0.67578125,0.29270249605178833
YJR042W,YPL130W,0,4.568714,0.19153058528900146,0.67578125,0.29280272126197815
YBR131W,YNL123W,0,4.5642567,0.19147758185863495,0.67578125,0.29290297627449036
YDR127W,YBR028C,0,4.563591,0.19142462313175201,0.67578125,0.2930032014846802
YLR059C,YAR009C,0,4.5625734,0.19137167930603027,0.67578125,0.2931034564971924
YDL210W,YPL060W,1,4.561995,0.19159524142742157,0.6767578125,0.2931034564971924
YPR173C,YNR055C,0,4.561818,0.19154228270053864,0.6767578125,0.2932036817073822
YOR380W,YOR266W,0,4.561491,0.19148936867713928,0.6767578125,0.2933039367198944
YIL106W,YHR139C,0,4.559534,0.19143646955490112,0.6767578125,0.29340416193008423
YBL038W,YLL014W,0,4.5582056,0.19138360023498535,0.6767578125,0.29350441694259644
YHR006W,YJL208C,0,4.5568113,0.19133076071739197,0.6767578125,0.29360464215278625
YLL028W,YLR130C,1,4.556514,0.1915539652109146,0.677734375,0.29360464215278625
YJL003W,YPR174C,0,4.556037,0.19150111079216003,0.677734375,0.29370489716529846
YML086C,YHR190W,0,4.5554495,0.19144827127456665,0.677734375,0.2938051223754883
YLL015W,YBR207W,1,4.555084,0.19167126715183258,0.6787109375,0.2938051223754883
YGL126W,YOR172W,0,4.554575,0.191618412733078,0.6787109375,0.2939053773880005
YKR007W,YOR004W,0,4.5542526,0.191565603017807,0.6787109375,0.2940056025981903
YDR204W,YHR006W,0,4.5541444,0.1915128082036972,0.6787109375,0.2941058576107025
YFL005W,YBL100W-B,0,4.554073,0.19146005809307098,0.6787109375,0.29420608282089233
YOR359W,YDR292C,0,4.55389,0.19140732288360596,0.6787109375,0.29430633783340454
YPL225W,YNL118C,0,4.552934,0.1913546323776245,0.6787109375,0.29440656304359436
YFL005W,YJR050W,0,4.5527644,0.19130195677280426,0.6787109375,0.29450681805610657
YPR175W,YPR131C,0,4.5520773,0.1912493109703064,0.6787109375,0.2946070432662964
YLR324W,YBR086C,0,4.5504427,0.19119669497013092,0.6787109375,0.2947072982788086
YBR046C,YIL013C,0,4.550434,0.19114410877227783,0.6787109375,0.2948075234889984
YBL007C,YIL018W,0,4.549302,0.19109155237674713,0.6787109375,0.2949077785015106
YPL137C,YBR149W,0,4.548743,0.19103902578353882,0.6787109375,0.2950080335140228
YMR053C,YLR189C,0,4.547735,0.1909865289926529,0.6787109375,0.29510825872421265
YJL186W,YDR179C,0,4.5475087,0.19093406200408936,0.6787109375,0.29520851373672485
YAL019W,YJR108W,0,4.5456963,0.1908816248178482,0.6787109375,0.2953087389469147
YGR005C,YDR005C,0,4.544929,0.19082921743392944,0.6787109375,0.2954089939594269
YOR273C,YKL040C,0,4.5446663,0.19077682495117188,0.6787109375,0.2955092191696167
YNR032C-A,YKL150W,0,4.5439186,0.1907244771718979,0.6787109375,0.2956094741821289
YKR053C,YLR460C,0,4.5437355,0.1906721591949463,0.6787109375,0.2957096993923187
YGL077C,YJL129C,1,4.5433774,0.19089412689208984,0.6796875,0.2957096993923187
YLR299W,YEL051W,0,4.5433292,0.19084179401397705,0.6796875,0.29580995440483093
YNL045W,YLR215C,0,4.5424595,0.19078947603702545,0.6796875,0.29591017961502075
YJR153W,YDR105C,0,4.542146,0.19073718786239624,0.6796875,0.29601043462753296
YKL016C,YLL057C,0,4.5417776,0.19068492949008942,0.6796875,0.2961106598377228
YBR114W,YPL221W,0,4.5395865,0.19063270092010498,0.6796875,0.296210914850235
YIL052C,YKR077W,0,4.5392246,0.19058050215244293,0.6796875,0.2963111400604248
YHR185C,YNL023C,0,4.5382037,0.19052833318710327,0.6796875,0.296411395072937
YOR250C,YOR065W,0,4.5373917,0.190476194024086,0.6796875,0.29651162028312683
YKL006C-A,YJL001W,0,4.5357776,0.19042406976222992,0.6796875,0.29661187529563904
YJL183W,YDR463W,0,4.534753,0.19037199020385742,0.6796875,0.29671210050582886
YJR073C,YLR068W,0,4.534009,0.1903199404478073,0.6796875,0.29681235551834106
YBR153W,YGR165W,0,4.533168,0.1902679055929184,0.6796875,0.2969125807285309
YHR165C,YCR021C,0,4.52624,0.19021590054035187,0.6796875,0.2970128357410431
YIL030C,YPR100W,0,4.525866,0.19016394019126892,0.6796875,0.2971130609512329
YML101C,YDR463W,0,4.5258393,0.19011199474334717,0.6796875,0.2972133159637451
YBR295W,YBR291C,1,4.5255613,0.19033315777778625,0.6806640625,0.2972133159637451
YHR006W,YLR150W,0,4.525379,0.1902811974287033,0.6806640625,0.29731354117393494
YEL024W,YMR183C,0,4.524767,0.19022925198078156,0.6806640625,0.29741379618644714
YNL291C,YNL003C,1,4.5231323,0.19045020639896393,0.681640625,0.29741379618644714
YOR262W,YOR009W,0,4.521161,0.19039826095104218,0.681640625,0.29751402139663696
YPL173W,YGL105W,0,4.521104,0.19034633040428162,0.681640625,0.29761427640914917
YLR234W,YBL038W,0,4.5198183,0.19029444456100464,0.681640625,0.297714501619339
YDR259C,YBL014C,0,4.518739,0.19024257361888885,0.681640625,0.2978147566318512
YER155C,YEL044W,0,4.5181475,0.19019073247909546,0.681640625,0.297914981842041
YGR205W,YDL012C,0,4.5181437,0.19013892114162445,0.681640625,0.2980152368545532
YKL138C,YLR019W,0,4.5181313,0.19008713960647583,0.681640625,0.29811549186706543
YIL022W,YDL012C,0,4.5168104,0.1900353878736496,0.681640625,0.29821571707725525
YLR059C,YOR065W,0,4.5162067,0.18998366594314575,0.681640625,0.29831597208976746
YOR249C,YML076C,0,4.515629,0.1899319738149643,0.681640625,0.2984161972999573
YAL048C,YNR053C,0,4.515416,0.18988031148910522,0.681640625,0.2985164523124695
YIL007C,YIL119C,0,4.5152583,0.18982866406440735,0.681640625,0.2986166775226593
YGR161C-D,YOR271C,0,4.514004,0.18977704644203186,0.681640625,0.2987169325351715
YLL018C-A,YNL029C,0,4.513841,0.18972547352313995,0.681640625,0.29881715774536133
YPL169C,YER123W,0,4.513541,0.18967391550540924,0.681640625,0.29891741275787354
YGL196W,YPR095C,0,4.512995,0.18962238729000092,0.681640625,0.29901763796806335
YDR367W,YOR081C,0,4.5120687,0.18957088887691498,0.681640625,0.29911789298057556
YPR114W,YGL096W,0,4.511843,0.18951942026615143,0.681640625,0.2992181181907654
YGR030C,YNL029C,0,4.51087,0.18946796655654907,0.681640625,0.2993183732032776
YIL064W,YLR115W,0,4.5103846,0.1894165575504303,0.681640625,0.2994185984134674
YDR019C,YER127W,0,4.5103016,0.18936516344547272,0.681640625,0.2995188534259796
YGL189C,YGR138C,0,4.5099583,0.18931379914283752,0.681640625,0.29961907863616943
YDR268W,YER123W,0,4.509075,0.1892624795436859,0.681640625,0.29971933364868164
YNL103W,YML082W,0,4.50861,0.1892111748456955,0.681640625,0.29981955885887146
YDL093W,YHR005C,0,4.5072055,0.18915988504886627,0.681640625,0.29991981387138367
YPL130W,YIL043C,0,4.506948,0.18910863995552063,0.681640625,0.3000200390815735
YHL031C,YOR359W,0,4.505664,0.18905742466449738,0.681640625,0.3001202940940857
YFR047C,YBR078W,0,4.5046725,0.18900622427463531,0.681640625,0.3002205193042755
YLR059C,YER127W,0,4.504471,0.18895506858825684,0.681640625,0.3003207743167877
YPR034W,YLR200W,0,4.502881,0.18890392780303955,0.681640625,0.30042099952697754
YAL048C,YLR277C,0,4.5028515,0.18885281682014465,0.681640625,0.30052125453948975
YOL095C,YBL005W,0,4.5015216,0.18880173563957214,0.681640625,0.30062147974967957
YKR093W,YER149C,0,4.5013924,0.18875066936016083,0.681640625,0.3007217347621918
YMR262W,YLR432W,0,4.5010324,0.1886996477842331,0.681640625,0.3008219599723816
YIL153W,YGR224W,0,4.4995284,0.18864865601062775,0.681640625,0.3009222149848938
YDR490C,YDL123W,0,4.4983163,0.1885976791381836,0.681640625,0.3010224401950836
YBR043C,YLR220W,0,4.497123,0.18854673206806183,0.681640625,0.3011226952075958
YJR118C,YGL231C,0,4.4969926,0.18849581480026245,0.681640625,0.30122292041778564
YPL004C,YOR129C,0,4.496432,0.18844492733478546,0.681640625,0.30132317543029785
YLL018C,YOL009C,0,4.4956894,0.18839405477046967,0.681640625,0.30142343044281006
YOL122C,YCR021C,1,4.495682,0.18861305713653564,0.6826171875,0.30142343044281006
YOL012C,YIL038C,0,4.4952316,0.18856218457221985,0.6826171875,0.3015236556529999
YDR098C-A,YER159C,0,4.4949484,0.18851132690906525,0.6826171875,0.3016239106655121
YIL156W,YBR045C,0,4.494933,0.18846049904823303,0.6826171875,0.3017241358757019
YHR035W,YJR131W,0,4.4924006,0.1884097009897232,0.6826171875,0.3018243908882141
YDR256C,YOR081C,0,4.491253,0.18835893273353577,0.6826171875,0.30192461609840393
YPL115C,YDR261C,0,4.49102,0.18830819427967072,0.6826171875,0.30202487111091614
YDR545W,YGR161C,0,4.4904747,0.18825747072696686,0.6826171875,0.30212509632110596
YPL060W,YPL274W,1,4.490406,0.18847604095935822,0.68359375,0.30212509632110596
YNL233W,YKR064W,0,4.490353,0.18842530250549316,0.68359375,0.30222535133361816
YIL043C,YGR260W,0,4.490116,0.1883745938539505,0.68359375,0.302325576543808
YER179W,YOR254C,0,4.489153,0.18832391500473022,0.68359375,0.3024258315563202
YDR367W,YOR271C,0,4.488979,0.18827326595783234,0.68359375,0.30252605676651
YML021C,YNL156C,0,4.48818,0.18822264671325684,0.68359375,0.3026263117790222
YJR120W,YPR095C,0,4.4880533,0.18817204236984253,0.68359375,0.30272653698921204
YMR053C,YFL005W,0,4.4870763,0.1881214678287506,0.68359375,0.30282679200172424
YJL181W,YOR341W,0,4.4861207,0.18807092308998108,0.68359375,0.30292701721191406
YMR286W,YKL043W,0,4.4844284,0.18802040815353394,0.68359375,0.30302727222442627
YDL160C,YBR060C,0,4.48425,0.18796992301940918,0.68359375,0.3031274974346161
YIL009W,YGL151W,0,4.4835014,0.1879194676876068,0.68359375,0.3032277524471283
YHR204W,YPR008W,0,4.48309,0.18786902725696564,0.68359375,0.3033279776573181
YIL043C,YJL001W,0,4.4822354,0.18781861662864685,0.68359375,0.3034282326698303
YOL122C,YPR143W,0,4.482022,0.18776823580265045,0.68359375,0.30352845788002014
YJL089W,YAL068C,0,4.4820104,0.18771788477897644,0.68359375,0.30362871289253235
YPL168W,YOR260W,0,4.48198,0.18766756355762482,0.68359375,0.30372893810272217
YNL025C,YMR050C,0,4.4809465,0.1876172572374344,0.68359375,0.3038291931152344
YOR334W,YOR172W,0,4.480805,0.18756699562072754,0.68359375,0.3039294183254242
YER179W,YGR040W,0,4.480738,0.18751674890518188,0.68359375,0.3040296733379364
YJR027W,YPL018W,0,4.4797316,0.18746651709079742,0.68359375,0.3041298985481262
YGL167C,YDR040C,1,4.4795103,0.1876840740442276,0.6845703125,0.3041298985481262
YGR193C,YKL197C,0,4.478534,0.18763382732868195,0.6845703125,0.3042301535606384
YHR110W,YFR040W,0,4.474125,0.18758362531661987,0.6845703125,0.30433037877082825
YKL002W,YDR273W,0,4.4732876,0.187533438205719,0.6845703125,0.30443063378334045
YJL059W,YDR268W,0,4.4728622,0.1874832808971405,0.6845703125,0.30453088879585266
YLR092W,YCR038C,0,4.4723043,0.1874331533908844,0.6845703125,0.3046311140060425
YPR110C,YGR253C,0,4.4710684,0.18738305568695068,0.6845703125,0.3047313690185547
YNL240C,YJL216C,0,4.470891,0.18733297288417816,0.6845703125,0.3048315942287445
YNL103W,YDR040C,0,4.4700804,0.18728293478488922,0.6845703125,0.3049318492412567
YNL180C,YBR180W,0,4.4698176,0.18723291158676147,0.6845703125,0.30503207445144653
YNL318C,YPR010C,0,4.469358,0.18718290328979492,0.6845703125,0.30513232946395874
YMR158W,YJL197W,0,4.46885,0.18713293969631195,0.6845703125,0.30523255467414856
YPL262W,YOR172W,0,4.467759,0.18708300590515137,0.6845703125,0.30533280968666077
YGR205W,YIL018W,0,4.46759,0.18703308701515198,0.6845703125,0.3054330348968506
YGR202C,YNL038W,0,4.4670367,0.18698319792747498,0.6845703125,0.3055332899093628
YJR150C,YPR046W,0,4.4668646,0.18693333864212036,0.6845703125,0.3056335151195526
YDL210W,YNR039C,1,4.4657764,0.18715009093284607,0.685546875,0.3056335151195526
YOR266W,YPL100W,0,4.4655924,0.18710021674633026,0.685546875,0.3057337701320648
YBR069C,YOR258W,0,4.4652486,0.18705035746097565,0.685546875,0.30583399534225464
YLR220W,YPL193W,0,4.464155,0.18700052797794342,0.685546875,0.30593425035476685
YDR091C,YJR035W,0,4.4637117,0.18695072829723358,0.685546875,0.30603447556495667
YBR043C,YOR247W,0,4.4636736,0.18690095841884613,0.685546875,0.30613473057746887
YOR071C,YCR098C,1,4.462496,0.18711738288402557,0.6865234375,0.30613473057746887
YEL062W,YBL099W,1,4.460291,0.18733368813991547,0.6875,0.30613473057746887
YDR287W,YLR196W,0,4.4598145,0.18728385865688324,0.6875,0.3062349557876587
YIL087C,YDL102W,0,4.4591026,0.1872340440750122,0.6875,0.3063352108001709
YDR261C,YBL005W,0,4.458926,0.18718425929546356,0.6875,0.3064354360103607
YML123C,YBR069C,1,4.4585156,0.18740032613277435,0.6884765625,0.3064354360103607
YPL262W,YLR249W,0,4.458006,0.18735051155090332,0.6884765625,0.3065356910228729
YHR009C,YER005W,0,4.456645,0.18730074167251587,0.6884765625,0.30663591623306274
YCR044C,YHL026C,0,4.456184,0.1872510015964508,0.6884765625,0.30673617124557495
YHR165C,YKL081W,0,4.455285,0.18720127642154694,0.6884765625,0.30683639645576477
YLR315W,YNL094W,0,4.452384,0.18715158104896545,0.6884765625,0.306936651468277
YDR201W,YKL114C,0,4.4521008,0.18710191547870636,0.6884765625,0.3070368766784668
YNL045W,YBR131W,0,4.4520802,0.18705226480960846,0.6884765625,0.307137131690979
YOR316C,YKR052C,1,4.4520135,0.18726789951324463,0.689453125,0.307137131690979
YDR513W,YGR138C,0,4.451865,0.18721824884414673,0.689453125,0.3072373569011688
YBR193C,YGR122W,0,4.4518166,0.18716861307621002,0.689453125,0.30733761191368103
YJL183W,YHR114W,0,4.451234,0.1871190071105957,0.689453125,0.30743783712387085
YPL130W,YDR105C,0,4.4510283,0.18706941604614258,0.689453125,0.30753809213638306
YHL038C,YMR050C,0,4.449787,0.18701986968517303,0.689453125,0.3076383173465729
YPL100W,YPR097W,0,4.4494476,0.18697033822536469,0.689453125,0.3077385723590851
YIL022W,YBL072C,0,4.449247,0.18692083656787872,0.689453125,0.3078388273715973
YGR080W,YKL197C,0,4.4484053,0.18687136471271515,0.689453125,0.3079390525817871
YHR139C,YIL096C,0,4.4475813,0.18682190775871277,0.689453125,0.3080393075942993
YCR031C,YIL068C,0,4.44631,0.18677248060703278,0.689453125,0.30813953280448914
YKL026C,YFL005W,0,4.446305,0.18672308325767517,0.689453125,0.30823978781700134
YKR089C,YHR006W,0,4.4462223,0.18667371571063995,0.689453125,0.30834001302719116
YHR039C-A,YNL003C,1,4.4457984,0.1868887096643448,0.6904296875,0.30834001302719116
YKL062W,YNL156C,0,4.4441204,0.18683932721614838,0.6904296875,0.30844026803970337
YBR034C,YCR021C,0,4.4432774,0.18678995966911316,0.6904296875,0.3085404932498932
YDR201W,YPL004C,0,4.443203,0.18674062192440033,0.6904296875,0.3086407482624054
YLR367W,YKL063C,0,4.441327,0.1866913139820099,0.6904296875,0.3087409734725952
YHR142W,YML096W,0,4.441204,0.18664202094078064,0.6904296875,0.3088412284851074
YGL073W,YOR049C,0,4.441185,0.18659277260303497,0.6904296875,0.30894145369529724
YPL215W,YHR120W,0,4.4408464,0.1865435391664505,0.6904296875,0.30904170870780945
YDR111C,YLL067C,0,4.4391575,0.18649433553218842,0.6904296875,0.30914193391799927
YDR039C,YNR060W,1,4.437864,0.18670886754989624,0.69140625,0.30914193391799927
YJR132W,YAL048C,0,4.437745,0.18665963411331177,0.69140625,0.3092421889305115
YGR254W,YIL014W,0,4.4362183,0.18661043047904968,0.69140625,0.3093424141407013
YIL019W,YKL197C,0,4.4343915,0.18656127154827118,0.69140625,0.3094426691532135
YOR381W,YNL065W,1,4.4340935,0.1867755502462387,0.6923828125,0.3094426691532135
YJR027W,YBR272C,0,4.432556,0.18672636151313782,0.6923828125,0.3095428943634033
YKR007W,YDR397C,0,4.43178,0.18667720258235931,0.6923828125,0.3096431493759155
YER109C,YBL100W-B,0,4.4301085,0.186628058552742,0.6923828125,0.30974337458610535
YGL196W,YOR372C,0,4.42901,0.18657894432544708,0.6923828125,0.30984362959861755
YER014W,YKR027W,0,4.4278955,0.18652985990047455,0.6923828125,0.3099438548088074
YGL076C,YKL029C,0,4.427386,0.1864808052778244,0.6923828125,0.3100441098213196
YIL037C,YKR034W,0,4.4272623,0.18643176555633545,0.6923828125,0.3101443350315094
YMR313C,YBR131W,0,4.4261594,0.18638275563716888,0.6923828125,0.3102445900440216
YBL038W,YNR033W,0,4.425207,0.1863337755203247,0.6923828125,0.3103448152542114
YGR055W,YEL051W,0,4.4244413,0.18628481030464172,0.6923828125,0.31044507026672363
YOR177C,YBR181C,0,4.423894,0.18623587489128113,0.6923828125,0.31054529547691345
YML081W,YHR106W,0,4.4232364,0.18618696928024292,0.6923828125,0.31064555048942566
YPR067W,YHL003C,0,4.423114,0.1861380934715271,0.6923828125,0.3107457756996155
YBR065C,YGR040W,0,4.4220123,0.18608923256397247,0.6923828125,0.3108460307121277
YOR264W,YFR030W,0,4.4208994,0.18604041635990143,0.6923828125,0.3109462857246399
YML100W,YIL106W,0,4.420611,0.18599160015583038,0.6923828125,0.3110465109348297
YGL104C,YMR091C,0,4.420575,0.18594282865524292,0.6923828125,0.3111467659473419
YKL099C,YMR035W,0,4.420521,0.18589407205581665,0.6923828125,0.31124699115753174
YHR106W,YLL057C,0,4.4194818,0.18584534525871277,0.6923828125,0.31134724617004395
YOR262W,YDL145C,0,4.4192777,0.18579664826393127,0.6923828125,0.31144747138023376
YLR347C,YHR005C,0,4.419152,0.18574796617031097,0.6923828125,0.31154772639274597
YDR189W,YLR384C,0,4.418128,0.18569931387901306,0.6923828125,0.3116479516029358
YLR234W,YNL048W,0,4.4180183,0.18565069139003754,0.6923828125,0.311748206615448
YIL156W,YNR059W,0,4.4179664,0.1856020987033844,0.6923828125,0.3118484318256378
YML061C,YHR194W,0,4.4173884,0.18555352091789246,0.6923828125,0.31194868683815
YBL051C,YMR195W,0,4.4161377,0.1855049729347229,0.6923828125,0.31204891204833984
YKR050W,YGL071W,1,4.41578,0.18571802973747253,0.693359375,0.31204891204833984
YER044C-A,YPL006W,0,4.4156694,0.1856694519519806,0.693359375,0.31214916706085205
YDR468C,YAL068C,0,4.41518,0.18562091886997223,0.693359375,0.31224939227104187
YLR345W,YIL120W,0,4.415076,0.18557240068912506,0.693359375,0.3123496472835541
YML023C,YER033C,0,4.414873,0.18552391231060028,0.693359375,0.3124498724937439
YPL234C,YNR059W,0,4.4136453,0.1854754388332367,0.693359375,0.3125501275062561
YFR050C,YOR271C,0,4.4134774,0.1854270100593567,0.693359375,0.3126503527164459
YGR060W,YLR299W,0,4.4123936,0.18537859618663788,0.693359375,0.31275060772895813
YJL058C,YDR234W,0,4.4119225,0.18533019721508026,0.693359375,0.31285083293914795
YNL221C,YLR466W,0,4.4114275,0.18528184294700623,0.693359375,0.31295108795166016
YGL077C,YLL015W,1,4.4110966,0.18549439311027527,0.6943359375,0.31295108795166016
YDR004W,YBL038W,0,4.410641,0.18544600903987885,0.6943359375,0.31305131316185
YDR244W,YDR179C,0,4.4105787,0.1853976547718048,0.6943359375,0.3131515681743622
YOR087W,YML120C,0,4.4080625,0.18534931540489197,0.6943359375,0.313251793384552
YNL045W,YPR010C,0,4.4078827,0.1853010207414627,0.6943359375,0.3133520483970642
YDR437W,YPR174C,0,4.407506,0.18525274097919464,0.6943359375,0.31345227360725403
YDL091C,YBL025W,0,4.406372,0.18520447611808777,0.6943359375,0.31355252861976624
YDR007W,YHR090C,0,4.405563,0.18515625596046448,0.6943359375,0.31365275382995605
YKL006C-A,YDL134C,0,4.4039407,0.18510805070400238,0.6943359375,0.31375300884246826
YDR098C,YDR005C,0,4.403452,0.18505986034870148,0.6943359375,0.3138532340526581
YIL036W,YGR094W,0,4.4020348,0.18501171469688416,0.6943359375,0.3139534890651703
YJR120W,YOR195W,0,4.4019375,0.18496358394622803,0.6943359375,0.3140537142753601
YNL221C,YJL035C,0,4.4012785,0.1849154680967331,0.6943359375,0.3141539692878723
YOR236W,YFL011W,0,4.4011536,0.18486739695072174,0.6943359375,0.3142542243003845
YKL043W,YBR028C,0,4.4010744,0.18481934070587158,0.6943359375,0.31435444951057434
YMR234W,YOR011W,0,4.4005437,0.1847713142633438,0.6943359375,0.31445470452308655
YGL073W,YHR035W,0,4.399994,0.18472330272197723,0.6943359375,0.31455492973327637
YKL062W,YBL100W-B,0,4.397988,0.18467532098293304,0.6943359375,0.3146551847457886
YHR201C,YBR295W,0,4.396741,0.18462736904621124,0.6943359375,0.3147554099559784
YPL178W,YHR080C,0,4.3966317,0.18457943201065063,0.6943359375,0.3148556649684906
YCR065W,YNL081C,0,4.3960657,0.1845315396785736,0.6943359375,0.3149558901786804
YDR273W,YOL052C-A,0,4.3914413,0.18448364734649658,0.6943359375,0.3150561451911926
YML102W,YMR207C,0,4.388744,0.18443579971790314,0.6943359375,0.31515637040138245
YIL068C,YNL278W,0,4.38846,0.1843879669904709,0.6943359375,0.31525662541389465
YER044C-A,YLR189C,0,4.3878336,0.18434016406536102,0.6943359375,0.3153568506240845
YBL080C,YAL059W,0,4.3876615,0.18429237604141235,0.6943359375,0.3154571056365967
YNR037C,YNL118C,0,4.3867273,0.18424461781978607,0.6943359375,0.3155573308467865
YPR106W,YPR174C,0,4.385431,0.18419688940048218,0.6943359375,0.3156575858592987
YER056C,YGR161W-A,0,4.3853874,0.18414919078350067,0.6943359375,0.3157578110694885
YPL116W,YML055W,0,4.38412,0.18410150706768036,0.6943359375,0.31585806608200073
YPR034W,YPL010W,0,4.3825717,0.18405383825302124,0.6943359375,0.31595829129219055
YNR071C,YGL078C,0,4.3824415,0.1840062141418457,0.6943359375,0.31605854630470276
YOR358W,YHR170W,0,4.381709,0.18395860493183136,0.6943359375,0.3161587715148926
YPR068C,YJR096W,0,4.3814173,0.1839110255241394,0.6943359375,0.3162590265274048
YOR359W,YNL066W,0,4.3813767,0.18386346101760864,0.6943359375,0.3163592517375946
YJR102C,YGR205W,0,4.381096,0.18381592631340027,0.6943359375,0.3164595067501068
YBR046C,YBR295W,0,4.3806148,0.18376842141151428,0.6943359375,0.31655973196029663
YMR015C,YPL117C,0,4.3795733,0.1837209314107895,0.6943359375,0.31665998697280884
YOR081C,YOR258W,0,4.379565,0.18367347121238708,0.6943359375,0.31676021218299866
YHR205W,YLR150W,0,4.3794436,0.18362602591514587,0.6943359375,0.31686046719551086
YJL094C,YLR409C,0,4.378066,0.18357862532138824,0.6943359375,0.3169606924057007
YBR069C,YHR146W,0,4.376788,0.1835312396287918,0.6943359375,0.3170609474182129
YDR464W,YDR021W,0,4.3766966,0.18348386883735657,0.6943359375,0.3171611726284027
YDL247W,YML055W,0,4.3764334,0.1834365278482437,0.6943359375,0.3172614276409149
YPR154W,YOR316C,0,4.376319,0.18338921666145325,0.6943359375,0.3173616826534271
YLR377C,YDL113C,0,4.375593,0.18334193527698517,0.6943359375,0.31746190786361694
YNL250W,YDR434W,0,4.3751335,0.18329466879367828,0.6943359375,0.31756216287612915
YMR105C,YBL008W,0,4.3742647,0.1832474172115326,0.6943359375,0.31766238808631897
YPR003C,YJL098W,0,4.37403,0.18320021033287048,0.6943359375,0.3177626430988312
YGL142C,YLL067C,0,4.371113,0.18315301835536957,0.6943359375,0.317862868309021
YOR334W,YDR427W,0,4.3709826,0.18310584127902985,0.6943359375,0.3179631233215332
YMR262W,YLR460C,0,4.370932,0.1830587089061737,0.6943359375,0.318063348531723
YKR100C,YNL288W,0,4.3708677,0.18301157653331757,0.6943359375,0.31816360354423523
YPR100W,YGR224W,0,4.3702283,0.182964488863945,0.6943359375,0.31826382875442505
YFL056C,YGR205W,0,4.3695545,0.18291741609573364,0.6943359375,0.31836408376693726
YPR128C,YLL027W,1,4.369502,0.18312756717205048,0.6953125,0.31836408376693726
YIL013C,YGL096W,0,4.3682623,0.18308047950267792,0.6953125,0.3184643089771271
YPR105C,YJR108W,0,4.367952,0.18303342163562775,0.6953125,0.3185645639896393
YKL194C,YCR035C,0,4.367601,0.18298637866973877,0.6953125,0.3186647891998291
YBR046C,YBR045C,0,4.3671565,0.18293936550617218,0.6953125,0.3187650442123413
YOR363C,YMR226C,0,4.36555,0.18289236724376678,0.6953125,0.31886526942253113
YBR107C,YNR071C,0,4.365224,0.18284539878368378,0.6953125,0.31896552443504333
YBR043C,YPR180W,0,4.3645215,0.18279846012592316,0.6953125,0.31906574964523315
YDR490C,YIL011W,0,4.3635983,0.18275153636932373,0.6953125,0.31916600465774536
YHR033W,YOR158W,0,4.36167,0.1827046424150467,0.6953125,0.3192662298679352
YLR345W,YKR072C,0,4.3613424,0.18265777826309204,0.6953125,0.3193664848804474
YHL050C,YER032W,0,4.3607917,0.18261092901229858,0.6953125,0.3194667100906372
YJR109C,YMR226C,0,4.3604894,0.18256410956382751,0.6953125,0.3195669651031494
YPR036W,YDL185W,1,4.3600855,0.1827736496925354,0.6962890625,0.3195669651031494
YHR006W,YDR078C,0,4.3584495,0.18272680044174194,0.6962890625,0.31966719031333923
YOR156C,YHL025W,0,4.3578205,0.18267999589443207,0.6962890625,0.31976744532585144
YMR015C,YJR054W,0,4.357713,0.1826331913471222,0.6962890625,0.31986767053604126
YDR007W,YDR217C,0,4.356035,0.1825864315032959,0.6962890625,0.31996792554855347
YDR256C,YNL183C,0,4.3559313,0.1825396865606308,0.6962890625,0.3200681507587433
YGR161W-A,YPL058C,0,4.355208,0.1824929565191269,0.6962890625,0.3201684057712555
YBL063W,YDL012C,0,4.3543673,0.18244627118110657,0.6962890625,0.3202686309814453
YMR286W,YLR023C,0,4.3533916,0.18239958584308624,0.6962890625,0.3203688859939575
YKR052C,YBR127C,1,4.3529787,0.1826086938381195,0.697265625,0.3203688859939575
YKL039W,YKL114C,0,4.3527346,0.18256200850009918,0.697265625,0.32046911120414734
YLL024C,YMR035W,0,4.3510914,0.18251533806324005,0.697265625,0.32056936621665955
YJR117W,YBR254C,0,4.350341,0.1824686974287033,0.697265625,0.32066962122917175
YPL179W,YDR301W,0,4.3498435,0.18242207169532776,0.697265625,0.3207698464393616
YGL126W,YMR048W,0,4.349122,0.1823754757642746,0.697265625,0.3208701014518738
YLR130C,YPL036W,1,4.3490973,0.1825842708349228,0.6982421875,0.3208701014518738
YDR516C,YGR007W,0,4.348884,0.18253766000270844,0.6982421875,0.3209703266620636
YKL080W,YDR179C,0,4.347986,0.18249106407165527,0.6982421875,0.3210705816745758
YOR157C,YJR050W,0,4.3470073,0.1824444979429245,0.6982421875,0.3211708068847656
YAL030W,YCL039W,0,4.3463516,0.1823979616165161,0.6982421875,0.32127106189727783
YIL069C,YER015W,0,4.3450766,0.18235144019126892,0.6982421875,0.32137128710746765
YPL262W,YCR036W,0,4.3440146,0.18230494856834412,0.6982421875,0.32147154211997986
YJR118C,YOR060C,0,4.3428364,0.1822584718465805,0.6982421875,0.3215717673301697
YDR235W,YLR017W,0,4.340863,0.18221202492713928,0.6982421875,0.3216720223426819
YMR110C,YHR110W,0,4.3396235,0.18216560781002045,0.6982421875,0.3217722475528717
YDL210W,YCR021C,1,4.337524,0.18237391114234924,0.69921875,0.3217722475528717
YBL056W,YNR055C,0,4.3364525,0.1823274791240692,0.69921875,0.3218725025653839
YOR192C,YLR200W,0,4.3364034,0.18228106200695038,0.69921875,0.32197272777557373
YDR098C,YER081W,0,4.33635,0.18223465979099274,0.69921875,0.32207298278808594
YCR107W,YMR041C,0,4.335779,0.18218830227851868,0.69921875,0.32217320799827576
YGL076C,YGR044C,0,4.3347645,0.18214194476604462,0.69921875,0.32227346301078796
YKL185W,YBL014C,0,4.3346252,0.18209563195705414,0.69921875,0.3223736882209778
YFR016C,YGL195W,0,4.334099,0.18204931914806366,0.69921875,0.32247394323349
YML021C,YLR277C,0,4.333741,0.18200305104255676,0.69921875,0.3225741684436798
YPL117C,YBR045C,0,4.3315306,0.18195679783821106,0.69921875,0.322674423456192
YJR123W,YCL039W,0,4.3311453,0.18191057443618774,0.69921875,0.32277464866638184
YPL141C,YGR120C,0,4.329108,0.18186436593532562,0.69921875,0.32287490367889404
YJL167W,YJL013C,0,4.328923,0.1818181872367859,0.69921875,0.32297512888908386
YPL221W,YGL077C,1,4.3288927,0.18202589452266693,0.7001953125,0.32297512888908386
YGR235C,YLR150W,0,4.3280153,0.181979700922966,0.7001953125,0.32307538390159607
YOR319W,YDL139C,0,4.327957,0.18193352222442627,0.7001953125,0.3231756091117859
YOR383C,YDR160W,1,4.3265824,0.18214105069637299,0.701171875,0.3231756091117859
YMR055C,YKL060C,0,4.325449,0.18209485709667206,0.701171875,0.3232758641242981
YLR234W,YJR050W,0,4.325427,0.18204867839813232,0.701171875,0.3233760893344879
YKL165C,YOR384W,1,4.3246384,0.18225601315498352,0.7021484375,0.3233760893344879
YJL054W,YCR031C,0,4.323648,0.1822098344564438,0.7021484375,0.3234763443470001
YKL054C,YBR212W,0,4.322213,0.18216367065906525,0.7021484375,0.32357656955718994
YMR234W,YOR192C,0,4.3221865,0.1821175217628479,0.7021484375,0.32367682456970215
YBR107C,YHR118C,0,4.320491,0.18207141757011414,0.7021484375,0.32377707958221436
YBR218C,YOR319W,0,4.319438,0.18202531337738037,0.7021484375,0.3238773047924042
YAL068C,YGL078C,0,4.3186545,0.181979238986969,0.7021484375,0.3239775598049164
YCL016C,YER093C,0,4.316942,0.18193319439888,0.7021484375,0.3240777850151062
YJL035C,YER032W,0,4.316828,0.1818871796131134,0.7021484375,0.3241780400276184
YPR003C,YBR024W,1,4.3166876,0.18209408223628998,0.703125,0.3241780400276184
YLL016W,YFL005W,0,4.3161716,0.182048037648201,0.703125,0.3242782652378082
YGR099W,YOR250C,0,4.3142033,0.1820020228624344,0.703125,0.32437852025032043
YGR055W,YDR412W,0,4.313598,0.18195602297782898,0.703125,0.32447874546051025
YDR038C,YOL152W,1,4.3115144,0.18216270208358765,0.7041015625,0.32447874546051025
YBR295W,YHR106W,0,4.3093767,0.18211670219898224,0.7041015625,0.32457900047302246
YKL064W,YLL018C-A,1,4.3072777,0.18232323229312897,0.705078125,0.32457900047302246
YPL175W,YOR011W,0,4.306013,0.18227720260620117,0.705078125,0.3246792256832123
YDR210C-D,YLR413W,0,4.3048916,0.18223120272159576,0.705078125,0.3247794806957245
YER159C,YJL001W,0,4.3047824,0.18218521773815155,0.705078125,0.3248797059059143
YNL031C,YJR042W,0,4.30367,0.18213924765586853,0.705078125,0.3249799609184265
YDR217C,YNL066W,0,4.3031907,0.1820933222770691,0.705078125,0.32508018612861633
YIL120W,YLL018C-A,0,4.3029904,0.18204739689826965,0.705078125,0.32518044114112854
YML086C,YER015W,0,4.302869,0.1820015162229538,0.705078125,0.32528066635131836
YER100W,YBR169C,0,4.3025646,0.18195565044879913,0.705078125,0.32538092136383057
YOL020W,YOR157C,0,4.30131,0.18190979957580566,0.705078125,0.3254811465740204
YHR146W,YFL011W,0,4.301306,0.18186397850513458,0.705078125,0.3255814015865326
YDR437W,YMR183C,0,4.301182,0.1818181872367859,0.705078125,0.3256816267967224
YLR234W,YDR204W,0,4.301098,0.1817724108695984,0.705078125,0.3257818818092346
YHR073W,YGL192W,0,4.300084,0.18172664940357208,0.705078125,0.32588210701942444
YOR136W,YLL014W,0,4.299483,0.18168093264102936,0.705078125,0.32598236203193665
YPL138C,YPR158W-B,0,4.297948,0.18163521587848663,0.705078125,0.32608258724212646
YDR075W,YDR023W,0,4.2964025,0.1815895438194275,0.705078125,0.32618284225463867
YJR073C,YOL096C,0,4.2944617,0.18154387176036835,0.705078125,0.3262830674648285
YOR250C,YML016C,0,4.2939467,0.18149824440479279,0.705078125,0.3263833224773407
YNL328C,YHR120W,0,4.293235,0.18145263195037842,0.705078125,0.3264835476875305
YPL056C,YPR068C,0,4.2925997,0.18140703439712524,0.705078125,0.3265838027000427
YOR319W,YGR138C,0,4.292203,0.18136146664619446,0.705078125,0.32668402791023254
YOR091W,YOR087W,0,4.290867,0.18131592869758606,0.705078125,0.32678428292274475
YPL060W,YMR058W,1,4.2899995,0.1815214604139328,0.7060546875,0.32678428292274475
YGR202C,YPR067W,0,4.289731,0.1814759075641632,0.7060546875,0.32688450813293457
YBR038W,YJR073C,0,4.2878413,0.1814303696155548,0.7060546875,0.3269847631454468
YNL259C,YGL139W,1,4.287653,0.18163572251796722,0.70703125,0.3269847631454468
YKR077W,YJL179W,0,4.2870126,0.18159016966819763,0.70703125,0.327085018157959
YPL215W,YDR398W,0,4.286339,0.18154463171958923,0.70703125,0.3271852433681488
YLL016W,YLR220W,0,4.2859306,0.18149912357330322,0.70703125,0.327285498380661
YJL096W,YEL039C,0,4.285516,0.1814536303281784,0.70703125,0.32738572359085083
YKR093W,YJR042W,0,4.2839146,0.18140816688537598,0.70703125,0.32748597860336304
YNL194C,YAL026C,0,4.282614,0.18136271834373474,0.70703125,0.32758620381355286
YKL196C,YNR052C,0,4.280864,0.1813172996044159,0.70703125,0.32768645882606506
YBR034C,YCR106W,0,4.280221,0.18127191066741943,0.70703125,0.3277866840362549
YKR049C,YDR359C,0,4.2799234,0.18122653663158417,0.70703125,0.3278869390487671
YGR217W,YLR214W,1,4.278508,0.18143142759799957,0.7080078125,0.3278869390487671
YEL024W,YER167W,0,4.2780848,0.1813860386610031,0.7080078125,0.3279871642589569
YGR065C,YJL133W,1,4.27797,0.18159079551696777,0.708984375,0.3279871642589569
YDR377W,YBR180W,0,4.2766085,0.18154539167881012,0.708984375,0.3280874192714691
YNR039C,YIL006W,1,4.275934,0.18174999952316284,0.7099609375,0.3280874192714691
YGR208W,YIL018W,0,4.275915,0.181704580783844,0.7099609375,0.32818764448165894
YBR168W,YIL130W,0,4.2758255,0.18165917694568634,0.7099609375,0.32828789949417114
YLR239C,YKL014C,0,4.2744985,0.18161378800868988,0.7099609375,0.32838812470436096
YAR009C,YER129W,0,4.274298,0.1815684288740158,0.7099609375,0.32848837971687317
YOR045W,YBR016W,0,4.2742586,0.18152309954166412,0.7099609375,0.328588604927063
YBL035C,YGR109W-A,0,4.2735314,0.18147778511047363,0.7099609375,0.3286888599395752
YGL092W,YPL010W,0,4.2733803,0.18143250048160553,0.7099609375,0.328789085149765
YBR153W,YPL040C,0,4.273362,0.18138723075389862,0.7099609375,0.3288893401622772
YBR162W-A,YNR030W,0,4.272934,0.1813419759273529,0.7099609375,0.32898956537246704
YBR005W,YGL107C,0,4.2722073,0.18129675090312958,0.7099609375,0.32908982038497925
YLR092W,YBR290W,1,4.271739,0.1815008670091629,0.7109375,0.32908982038497925
YPL126W,YGL127C,0,4.2711487,0.18145562708377838,0.7109375,0.32919004559516907
YBR131W,YDR135C,0,4.270323,0.18141041696071625,0.7109375,0.3292903006076813
YIL147C,YJR150C,0,4.2701216,0.1813652217388153,0.7109375,0.3293905258178711
YJL127C,YCL068C,0,4.2691536,0.18132005631923676,0.7109375,0.3294907808303833
YPL171C,YOR011W,0,4.26841,0.1812749058008194,0.7109375,0.3295910060405731
YDR227W,YCR018C,0,4.2683544,0.18122977018356323,0.7109375,0.3296912610530853
YER031C,YJR049C,0,4.26824,0.18118466436862946,0.7109375,0.32979148626327515
YGL067W,YDR328C,0,4.2675667,0.18113958835601807,0.7109375,0.32989174127578735
YIL007C,YLL018C-A,0,4.266715,0.18109452724456787,0.7109375,0.3299919664859772
YKL048C,YHR149C,0,4.2666674,0.18104949593544006,0.7109375,0.3300922214984894
YLR023C,YOL061W,0,4.266503,0.18100447952747345,0.7109375,0.3301924765110016
YIR019C,YPL075W,0,4.262068,0.18095947802066803,0.7109375,0.3302927017211914
YMR048W,YPL175W,0,4.261593,0.180914506316185,0.7109375,0.3303929567337036
YMR261C,YLR052W,0,4.2596254,0.18086956441402435,0.7109375,0.33049318194389343
YDL018C,YCR038C,0,4.259412,0.1808246374130249,0.7109375,0.33059343695640564
YPR110C,YCL001W,0,4.259281,0.18077974021434784,0.7109375,0.33069366216659546
YER041W,YLR323C,0,4.2582207,0.18073485791683197,0.7109375,0.33079391717910767
YNL318C,YDL113C,0,4.2571783,0.1806899905204773,0.7109375,0.3308941423892975
YIL014W,YLR093C,0,4.256995,0.1806451678276062,0.7109375,0.3309943974018097
YJR073C,YLL053C,0,4.2564573,0.1806003451347351,0.7109375,0.3310946226119995
YMR262W,YNL240C,0,4.2562065,0.1805555522441864,0.7109375,0.3311948776245117
YKL054C,YKR088C,0,4.2550106,0.18051078915596008,0.7109375,0.33129510283470154
YBL038W,YJR050W,0,4.2536597,0.18046604096889496,0.7109375,0.33139535784721375
YNL291C,YOR271C,1,4.2535887,0.1806691437959671,0.7119140625,0.33139535784721375
YGR257C,YFL041W,1,4.25358,0.18087215721607208,0.712890625,0.33139535784721375
YDR004W,YBR015C,0,4.253336,0.18082734942436218,0.712890625,0.33149558305740356
YIL013C,YLR056W,0,4.252915,0.18078257143497467,0.712890625,0.33159583806991577
YOR272W,YCL067C,0,4.2529063,0.18073780834674835,0.712890625,0.3316960632801056
YGL098W,YFR047C,0,4.2526555,0.18069307506084442,0.712890625,0.3317963182926178
YDR007W,YAL028W,0,4.252452,0.18064835667610168,0.712890625,0.3318965435028076
YMR183C,YBL025W,0,4.2514887,0.18060366809368134,0.712890625,0.3319967985153198
YML023C,YDR469W,0,4.251286,0.18055899441242218,0.712890625,0.33209702372550964
YJR109C,YBR065C,0,4.2509866,0.18051433563232422,0.712890625,0.33219727873802185
YOL154W,YDR246W,0,4.2496533,0.18046972155570984,0.712890625,0.33229750394821167
YIL056W,YDL012C,0,4.248983,0.18042510747909546,0.712890625,0.3323977589607239
YJR150C,YDR528W,0,4.247671,0.18038052320480347,0.712890625,0.3324979841709137
YLL028W,YOR273C,1,4.247195,0.18058300018310547,0.7138671875,0.3324979841709137
YHR111W,YOL059W,0,4.2453876,0.18053840100765228,0.7138671875,0.3325982391834259
YGL126W,YBR023C,0,4.245181,0.18049383163452148,0.7138671875,0.3326984643936157
YBL056W,YBR078W,0,4.244404,0.18044927716255188,0.7138671875,0.33279871940612793
YNL328C,YBR301W,0,4.243141,0.18040473759174347,0.7138671875,0.33289894461631775
YEL018W,YHR106W,0,4.2409163,0.18036022782325745,0.7138671875,0.33299919962882996
YNL240C,YPL006W,0,4.2407055,0.18031573295593262,0.7138671875,0.3330994248390198
YDR463W,YMR072W,0,4.239997,0.18027126789093018,0.7138671875,0.333199679851532
YOR016C,YJL162C,0,4.2397337,0.18022681772708893,0.7138671875,0.3332999050617218
YDR469W,YGL151W,0,4.2390947,0.18018239736557007,0.7138671875,0.333400160074234
YNL317W,YJL179W,0,4.2382584,0.1801379919052124,0.7138671875,0.3335004150867462
YBL087C,YBL047C,0,4.237808,0.18009361624717712,0.7138671875,0.33360064029693604
YNL233W,YMR040W,0,4.2373056,0.18004925549030304,0.7138671875,0.33370089530944824
YPL169C,YHL025W,0,4.2361584,0.18000492453575134,0.7138671875,0.33380112051963806
YNL025C,YMR205C,0,4.236104,0.17996060848236084,0.7138671875,0.33390137553215027
YPL133C,YCR031C,0,4.2346954,0.17991632223129272,0.7138671875,0.3340016007423401
YER176W,YAR009C,0,4.2333503,0.1798720508813858,0.7138671875,0.3341018557548523
YBR189W,YER060W-A,0,4.2315774,0.17982779443264008,0.7138671875,0.3342020809650421
YMR110C,YBL038W,0,4.2309875,0.17978356778621674,0.7138671875,0.3343023359775543
YPL169C,YNL190W,0,4.230705,0.17973937094211578,0.7138671875,0.33440256118774414
YML041C,YDR517W,0,4.230475,0.17969518899917603,0.7138671875,0.33450281620025635
YEL039C,YKR072C,0,4.2303576,0.17965102195739746,0.7138671875,0.33460304141044617
YBL087C,YMR074C,0,4.230259,0.17960688471794128,0.7138671875,0.3347032964229584
YPR057W,YOL095C,0,4.2275085,0.1795627623796463,0.7138671875,0.3348035216331482
YOR193W,YOR032C,0,4.2271843,0.1795186698436737,0.7138671875,0.3349037766456604
YKL150W,YHL050C,0,4.2266254,0.1794745922088623,0.7138671875,0.3350040018558502
YGR017W,YLR328W,0,4.2255955,0.1794305294752121,0.7138671875,0.3351042568683624
YLR284C,YHL028W,0,4.2253757,0.17938649654388428,0.7138671875,0.33520448207855225
YDR213W,YMR059W,0,4.224289,0.17934249341487885,0.7138671875,0.33530473709106445
YGR065C,YCR027C,1,4.223684,0.17954377830028534,0.71484375,0.33530473709106445
YOL023W,YIL144W,0,4.2226086,0.1794997602701187,0.71484375,0.3354049623012543
YNL251C,YDL087C,0,4.221184,0.1794557422399521,0.71484375,0.3355052173137665
YHR002W,YPL036W,1,4.2207913,0.17965686321258545,0.7158203125,0.3355052173137665
YLR360W,YHR005C,0,4.220753,0.17961284518241882,0.7158203125,0.3356054425239563
YIL075C,YMR156C,0,4.220434,0.1795688420534134,0.7158203125,0.3357056975364685
YER040W,YBR089C-A,0,4.218731,0.17952485382556915,0.7158203125,0.3358059227466583
YFL025C,YJR118C,0,4.218507,0.1794808954000473,0.7158203125,0.33590617775917053
YGL005C,YLR432W,0,4.218177,0.17943696677684784,0.7158203125,0.33600640296936035
YMR241W,YKL120W,1,4.2179475,0.17963778972625732,0.716796875,0.33600640296936035
YER014W,YLR200W,0,4.21478,0.17959383130073547,0.716796875,0.33610665798187256
YOL154W,YKL063C,0,4.214576,0.179549902677536,0.716796875,0.3362068831920624
YBR295W,YPR141C,0,4.2144213,0.17950598895549774,0.716796875,0.3363071382045746
YPL224C,YOR273C,1,4.214324,0.1797066032886505,0.7177734375,0.3363071382045746
YFR010W,YDR438W,0,4.213194,0.17966267466545105,0.7177734375,0.3364073634147644
YER179W,YBR146W,0,4.2130513,0.17961876094341278,0.7177734375,0.3365076184272766
YDL243C,YCR065W,0,4.212963,0.1795748770236969,0.7177734375,0.3366078734397888
YGR244C,YBR248C,0,4.212164,0.1795310229063034,0.7177734375,0.33670809864997864
YML041C,YGR260W,0,4.2113843,0.1794871836900711,0.7177734375,0.33680835366249084
YJL096W,YHR120W,0,4.20968,0.179443359375,0.7177734375,0.33690857887268066
YDR210C-D,YGR208W,0,4.209213,0.17939956486225128,0.7177734375,0.33700883388519287
YPR154W,YDR122W,0,4.2075715,0.17935578525066376,0.7177734375,0.3371090590953827
YDL072C,YEL024W,0,4.206827,0.17931202054023743,0.7177734375,0.3372093141078949
YKR089C,YGL045W,0,4.205948,0.17926828563213348,0.7177734375,0.3373095393180847
YGR024C,YEL006W,0,4.205866,0.17922458052635193,0.7177734375,0.3374097943305969
YDR439W,YGL127C,0,4.2046423,0.17918089032173157,0.7177734375,0.33751001954078674
YGR007W,YPR034W,0,4.2044697,0.1791372150182724,0.7177734375,0.33761027455329895
YGR178C,YJL180C,0,4.2031307,0.17909356951713562,0.7177734375,0.33771049976348877
YLR390W-A,YPR106W,0,4.2026577,0.17904993891716003,0.7177734375,0.337810754776001
YPL215W,YLR323C,0,4.2016196,0.17900633811950684,0.7177734375,0.3379109799861908
YJL186W,YLR352W,0,4.2008047,0.17896275222301483,0.7177734375,0.338011234998703
YDL235C,YML031W,0,4.200423,0.17891918122768402,0.7177734375,0.3381114602088928
YPL224C,YCR037C,1,4.1986856,0.17911900579929352,0.71875,0.3381114602088928
YNL025C,YOR383C,0,4.1986537,0.1790754199028015,0.71875,0.33821171522140503
YPR068C,YLR055C,0,4.198406,0.1790318638086319,0.71875,0.33831194043159485
YFL041W,YLR214W,1,4.19796,0.17923152446746826,0.7197265625,0.33831194043159485
YAL048C,YLR347C,0,4.1972895,0.17918793857097626,0.7197265625,0.33841219544410706
YDR430C,YNL130C,0,4.196058,0.17914438247680664,0.7197265625,0.3385124206542969
YOR193W,YGR161C,0,4.1960187,0.1791008561849594,0.7197265625,0.3386126756668091
YCR044C,YML047C,0,4.195588,0.17905732989311218,0.7197265625,0.3387129008769989
YMR055C,YPL235W,0,4.1952047,0.17901384830474854,0.7197265625,0.3388131558895111
YDL135C,YGR055W,0,4.194901,0.1789703667163849,0.7197265625,0.3389133810997009
YLR004C,YHR009C,0,4.1943264,0.17892692983150482,0.7197265625,0.33901363611221313
YBR023C,YLR460C,0,4.1923857,0.17888349294662476,0.7197265625,0.33911386132240295
YOR027W,YDR513W,0,4.192363,0.17884008586406708,0.7197265625,0.33921411633491516
YIL147C,YDR002W,0,4.1921296,0.1787966936826706,0.7197265625,0.339314341545105
YLR258W,YHR001W-A,0,4.1896257,0.1787533313035965,0.7197265625,0.3394145965576172
YOR383C,YBR015C,0,4.189527,0.1787099838256836,0.7197265625,0.339514821767807
YPL105C,YOL059W,0,4.1893735,0.17866666615009308,0.7197265625,0.3396150767803192
YJL026W,YOR103C,0,4.188814,0.17862336337566376,0.7197265625,0.33971530199050903
YML101C,YLL006W,0,4.18858,0.17858007550239563,0.7197265625,0.33981555700302124
YIL087C,YKR031C,0,4.1884766,0.1785368174314499,0.7197265625,0.33991581201553345
YKL051W,YBR121C,0,4.188014,0.17849358916282654,0.7197265625,0.34001603722572327
YPR106W,YBR089C-A,0,4.187768,0.17845036089420319,0.7197265625,0.3401162922382355
YDR040C,YKL079W,0,4.1875505,0.17840716242790222,0.7197265625,0.3402165174484253
YNR024W,YPL210C,0,4.185629,0.17836399376392365,0.7197265625,0.3403167724609375
YJR102C,YER081W,0,4.184932,0.17832082509994507,0.7197265625,0.3404169976711273
YJR118C,YLR247C,0,4.1838737,0.17827770113945007,0.7197265625,0.3405172526836395
YNL243W,YML082W,0,4.183366,0.17823457717895508,0.7197265625,0.34061747789382935
YHR033W,YEL006W,0,4.180819,0.17819148302078247,0.7197265625,0.34071773290634155
YLR102C,YGL085W,0,4.1792393,0.17814841866493225,0.7197265625,0.34081795811653137
YGL246C,YDL018C,0,4.178327,0.17810536921024323,0.7197265625,0.3409182131290436
YEL001C,YML047C,0,4.1774416,0.1780623346567154,0.7197265625,0.3410184383392334
YCR035C,YKR077W,0,4.177403,0.17801932990550995,0.7197265625,0.3411186933517456
YDR377W,YDL123W,0,4.1764793,0.1779763400554657,0.7197265625,0.3412189185619354
YOR002W,YJL173C,0,4.1763988,0.17793336510658264,0.7197265625,0.34131917357444763
YDL135C,YIL144W,0,4.176384,0.17789041996002197,0.7197265625,0.34141939878463745
YCR098C,YKR052C,1,4.1763344,0.17808879911899567,0.720703125,0.34141939878463745
YIL009W,YKR034W,0,4.1754904,0.1780458390712738,0.720703125,0.34151965379714966
YGL196W,YJR120W,0,4.1752586,0.17800289392471313,0.720703125,0.3416198790073395
YML021C,YNR059W,0,4.174987,0.17795996367931366,0.720703125,0.3417201340198517
YAR009C,YAL068C,0,4.174581,0.17791706323623657,0.720703125,0.3418203592300415
YOL116W,YER015W,0,4.174358,0.17787419259548187,0.720703125,0.3419206142425537
YCR023C,YBR106W,1,4.1730413,0.17807228863239288,0.7216796875,0.3419206142425537
YLL051C,YOR334W,1,4.1729326,0.17827029526233673,0.72265625,0.3419206142425537
YJR041C,YKL134C,0,4.1725774,0.17822736501693726,0.72265625,0.34202083945274353
YGL067W,YPR110C,0,4.17249,0.17818444967269897,0.72265625,0.34212109446525574
YKR050W,YMR301C,1,4.172449,0.1783822774887085,0.7236328125,0.34212109446525574
YIL120W,YDL102W,0,4.1723394,0.17833934724330902,0.7236328125,0.34222131967544556
YML107C,YPL253C,0,4.1716814,0.17829643189907074,0.7236328125,0.34232157468795776
YLL018C-A,YPL248C,0,4.17157,0.17825354635715485,0.7236328125,0.3424217998981476
YEL019C,YLR347C,0,4.1711073,0.17821067571640015,0.7236328125,0.3425220549106598
YOR068C,YLR068W,0,4.1710386,0.17816783487796783,0.7236328125,0.3426222801208496
YLR258W,YML081W,0,4.169257,0.17812499403953552,0.7236328125,0.3427225351333618
YPL248C,YCL054W,0,4.1692076,0.1780821979045868,0.7236328125,0.34282276034355164
YKR077W,YPL076W,0,4.1668277,0.17803940176963806,0.7236328125,0.34292301535606384
YML107C,YGL096W,0,4.1665463,0.17799663543701172,0.7236328125,0.34302327036857605
YOL098C,YKL060C,0,4.164747,0.17795388400554657,0.7236328125,0.34312349557876587
YMR105C,YMR050C,0,4.1638317,0.1779111623764038,0.7236328125,0.3432237505912781
YHR165C,YOR264W,0,4.163722,0.17786845564842224,0.7236328125,0.3433239758014679
YGR217W,YLL018C-A,1,4.163719,0.17806576192378998,0.724609375,0.3433239758014679
YOR363C,YCL039W,0,4.1602077,0.17802302539348602,0.724609375,0.3434242308139801
YPL146C,YPR131C,0,4.1583643,0.17798033356666565,0.724609375,0.3435244560241699
YDR430C,YER109C,0,4.1579275,0.17793765664100647,0.724609375,0.34362471103668213
YIL156W,YGR211W,0,4.157437,0.17789499461650848,0.724609375,0.34372493624687195
YLR234W,YGR138C,0,4.156325,0.1778523474931717,0.724609375,0.34382519125938416
YHR148W,YNL318C,0,4.1562448,0.1778097301721573,0.724609375,0.343925416469574
YHR035W,YGL092W,0,4.1540446,0.17776712775230408,0.724609375,0.3440256714820862
YJL162C,YDL145C,0,4.1539106,0.17772455513477325,0.724609375,0.344125896692276
YGR057C,YHR193C,0,4.152226,0.17768199741840363,0.724609375,0.3442261517047882
YJL167W,YLR019W,0,4.1521864,0.1776394546031952,0.724609375,0.344326376914978
YOR271C,YDL211C,0,4.152071,0.17759694159030914,0.724609375,0.34442663192749023
YCR105W,YLR360W,0,4.1511,0.1775544434785843,0.724609375,0.34452685713768005
YOL011W,YLR263W,0,4.1498537,0.17751196026802063,0.724609375,0.34462711215019226
YOR027W,YFR050C,0,4.1478825,0.17746950685977936,0.724609375,0.3447273373603821
YBR094W,YGR260W,0,4.1475744,0.17742706835269928,0.724609375,0.3448275923728943
YGR024C,YML081W,0,4.147151,0.1773846447467804,0.724609375,0.3449278175830841
YGR244C,YNL216W,0,4.1470833,0.1773422509431839,0.724609375,0.3450280725955963
YDR399W,YNR037C,0,4.1453714,0.1772998869419098,0.724609375,0.34512829780578613
YDR482C,YPL280W,0,4.144456,0.17725752294063568,0.724609375,0.34522855281829834
YGL167C,YJL168C,0,4.1444197,0.17721518874168396,0.724609375,0.34532877802848816
YPL234C,YDR437W,0,4.1438127,0.17717286944389343,0.724609375,0.34542903304100037
YMR203W,YER166W,1,4.1433134,0.17736929655075073,0.7255859375,0.34542903304100037
YNL065W,YIL134W,1,4.143128,0.17756563425064087,0.7265625,0.34542903304100037
YER063W,YMR055C,0,4.142905,0.17752327024936676,0.7265625,0.3455292582511902
YDR021W,YJL035C,0,4.141889,0.17748092114925385,0.7265625,0.3456295132637024
YNL233W,YHR106W,0,4.1397243,0.17743858695030212,0.7265625,0.3457297384738922
YIL153W,YKL043W,0,4.1390753,0.1773962825536728,0.7265625,0.3458299934864044
YOR259C,YPL178W,0,4.138899,0.17735399305820465,0.7265625,0.34593021869659424
YDR190C,YNR030W,0,4.1388226,0.1773117184638977,0.7265625,0.34603047370910645
YPL060W,YLR411W,1,4.138449,0.17750774323940277,0.7275390625,0.34603047370910645
YIL006W,YFL041W,1,4.13753,0.17770366370677948,0.728515625,0.34603047370910645
YMR053C,YOR110W,0,4.1366057,0.17766134440898895,0.728515625,0.34613069891929626
YLR239C,YGR046W,0,4.1355515,0.1776190549135208,0.728515625,0.34623095393180847
YOL023W,YHL035C,0,4.133987,0.17757676541805267,0.728515625,0.3463312089443207
YPL105C,YLR193C,0,4.1326075,0.17753450572490692,0.728515625,0.3464314341545105
YHR201C,YPR010C,0,4.1307945,0.17749226093292236,0.728515625,0.3465316891670227
YLR143W,YOR227W,0,4.13069,0.1774500459432602,0.728515625,0.3466319143772125
YDR517W,YCR035C,0,4.129907,0.17740784585475922,0.728515625,0.34673216938972473
YHR113W,YLR060W,0,4.129771,0.17736566066741943,0.728515625,0.34683239459991455
YDR135C,YLL043W,1,4.129483,0.1775612086057663,0.7294921875,0.34683239459991455
YBR107C,YDL018C,0,4.1282983,0.17751900851726532,0.7294921875,0.34693264961242676
YER100W,YKL099C,0,4.127919,0.17747683823108673,0.7294921875,0.3470328748226166
YNL051W,YNR055C,0,4.127834,0.17743468284606934,0.7294921875,0.3471331298351288
YBL038W,YNL063W,0,4.126425,0.17739254236221313,0.7294921875,0.3472333550453186
YLR083C,YKR077W,0,4.126169,0.17735043168067932,0.7294921875,0.3473336100578308
YHR202W,YPR057W,0,4.12591,0.1773083359003067,0.7294921875,0.34743383526802063
YJR123W,YNL180C,0,4.1258917,0.17726625502109528,0.7294921875,0.34753409028053284
YML041C,YML127W,0,4.125682,0.17722420394420624,0.7294921875,0.34763431549072266
YPR067W,YER033C,0,4.1237936,0.1771821677684784,0.7294921875,0.34773457050323486
YGL098W,YOL126C,0,4.123397,0.17714014649391174,0.7294921875,0.3478347957134247
YOL020W,YIL006W,1,4.1230893,0.1773352324962616,0.73046875,0.3478347957134247
YEL032W,YPR155C,0,4.1229024,0.17729319632053375,0.73046875,0.3479350507259369
YKR096W,YER177W,0,4.1225734,0.1772511899471283,0.73046875,0.3480352759361267
YJR102C,YLL031C,0,4.121126,0.17720919847488403,0.73046875,0.3481355309486389
YJR132W,YPL280W,0,4.1207438,0.17716722190380096,0.73046875,0.34823575615882874
YJL212C,YDR469W,0,4.1192107,0.1771252602338791,0.73046875,0.34833601117134094
YPR003C,YOR381W,1,4.1190004,0.17732007801532745,0.7314453125,0.34833601117134094
YGL067W,YPL105C,0,4.1174326,0.17727810144424438,0.7314453125,0.34843623638153076
YOR091W,YOR019W,0,4.116853,0.1772361546754837,0.7314453125,0.34853649139404297
YMR015C,YNL023C,0,4.1165953,0.17719422280788422,0.7314453125,0.3486367166042328
YBR162W-A,YBR015C,0,4.1161313,0.17715232074260712,0.7314453125,0.348736971616745
YGR057C,YPL076W,0,4.115705,0.1771104335784912,0.7314453125,0.3488371968269348
YGL027C,YCL001W,0,4.1155143,0.1770685613155365,0.7314453125,0.348937451839447
YPL271W,YLL015W,1,4.1140003,0.1772630512714386,0.732421875,0.348937451839447
YMR318C,YGR097W,0,4.112854,0.1772211790084839,0.732421875,0.34903767704963684
YGL063W,YNL156C,0,4.11257,0.17717930674552917,0.732421875,0.34913793206214905
YIL043C,YGL151W,0,4.1120024,0.17713746428489685,0.732421875,0.34923815727233887
YIL006W,YNL083W,1,4.1100225,0.17733176052570343,0.7333984375,0.34923815727233887
YNR038W,YPR046W,0,4.1097574,0.1772899031639099,0.7333984375,0.3493384122848511
YHR035W,YML086C,0,4.1077023,0.1772480458021164,0.7333984375,0.3494386672973633
YIL069C,YCR063W,0,4.107333,0.17720623314380646,0.7333984375,0.3495388925075531
YLR059C,YJR096W,0,4.105624,0.17716442048549652,0.7333984375,0.3496391475200653
YLR363C,YJL216C,0,4.1055293,0.17712263762950897,0.7333984375,0.3497393727302551
YER033C,YHR118C,0,4.104985,0.1770808845758438,0.7333984375,0.34983962774276733
YPL061W,YMR074C,0,4.1048303,0.17703913152217865,0.7333984375,0.34993985295295715
YJR150C,YKR095W,0,4.103833,0.17699740827083588,0.7333984375,0.35004010796546936
YBR181C,YOR109W,0,4.102866,0.1769556999206543,0.7333984375,0.3501403331756592
YIL019W,YPL224C,0,4.1018653,0.1769140213727951,0.7333984375,0.3502405881881714
YNL059C,YHR158C,0,4.1005964,0.1768723577260971,0.7333984375,0.3503408133983612
YBL008W,YCL067C,0,4.099746,0.1768307089805603,0.7333984375,0.3504410684108734
YKR093W,YDR500C,0,4.0989614,0.1767890751361847,0.7333984375,0.35054129362106323
YFL050C,YHR050W,1,4.098387,0.1769828200340271,0.734375,0.35054129362106323
YCL001W,YER032W,0,4.0979023,0.1769411712884903,0.734375,0.35064154863357544
YPR055W,YCL068C,0,4.0968738,0.17689955234527588,0.734375,0.35074177384376526
YCR018C,YOR335C,0,4.096647,0.17685794830322266,0.734375,0.35084202885627747
YDR377W,YCR105W,0,4.0966263,0.17681635916233063,0.734375,0.3509422540664673
YDL105W,YCR044C,0,4.0959635,0.176774799823761,0.734375,0.3510425090789795
YPR154W,YCR065W,0,4.0956783,0.17673325538635254,0.734375,0.3511427342891693
YBR086C,YDR087C,0,4.09486,0.17669172585010529,0.734375,0.3512429893016815
YBR029C,YHR114W,0,4.094545,0.17665022611618042,0.734375,0.35134321451187134
YML096W,YGL049C,0,4.094329,0.17660874128341675,0.734375,0.35144346952438354
YLR092W,YJR077C,1,4.0920987,0.17680206894874573,0.7353515625,0.35144346952438354
YER063W,YPL210C,0,4.0907164,0.17676056921482086,0.7353515625,0.35154369473457336
YPL056C,YNL216W,0,4.089743,0.1767190843820572,0.7353515625,0.35164394974708557
YBR132C,YGL167C,1,4.089598,0.17691224813461304,0.736328125,0.35164394974708557
YNL240C,YPL248C,0,4.089169,0.17687074840068817,0.736328125,0.3517441749572754
YNL045W,YMR232W,0,4.0876637,0.1768292635679245,0.736328125,0.3518444299697876
YDL220C,YCL064C,0,4.087314,0.17678780853748322,0.736328125,0.3519446551799774
YOR087W,YPL021W,0,4.0871716,0.17674636840820312,0.736328125,0.3520449101924896
YOR247W,YOR059C,0,4.0868473,0.17670494318008423,0.736328125,0.35214513540267944
YMR230W,YCL039W,0,4.0866413,0.17666354775428772,0.736328125,0.35224539041519165
YOR236W,YLR190W,0,4.0839725,0.1766221523284912,0.736328125,0.35234561562538147
YOL078W,YCL039W,0,4.083926,0.17658080160617828,0.736328125,0.3524458706378937
YNL250W,YMR009W,0,4.0829887,0.17653945088386536,0.736328125,0.3525460958480835
YAR033W,YLR175W,0,4.08278,0.17649812996387482,0.736328125,0.3526463508605957
YGR193C,YMR015C,0,4.0825367,0.17645682394504547,0.736328125,0.3527466058731079
YJR102C,YLR060W,0,4.0822606,0.17641553282737732,0.736328125,0.35284683108329773
YGL027C,YKL087C,0,4.0816703,0.17637427151203156,0.736328125,0.35294708609580994
YDR268W,YNR033W,0,4.081503,0.17633302509784698,0.736328125,0.35304731130599976
YNL259C,YDR456W,1,4.08121,0.17652560770511627,0.7373046875,0.35304731130599976
YAL068C,YMR091C,0,4.080536,0.17648433148860931,0.7373046875,0.35314756631851196
YER178W,YPL253C,0,4.080507,0.17644309997558594,0.7373046875,0.3532477915287018
YMR081C,YNL130C,0,4.0802298,0.17640186846256256,0.7373046875,0.353348046541214
YGL107C,YPL254W,0,4.07897,0.17636066675186157,0.7373046875,0.3534482717514038
YPL061W,YOR110W,0,4.0789385,0.17631947994232178,0.7373046875,0.353548526763916
YEL001C,YNL216W,0,4.078651,0.17627830803394318,0.7373046875,0.35364875197410583
YHR202W,YAL051W,0,4.0781803,0.17623716592788696,0.7373046875,0.35374900698661804
YGL025C,YML101C,0,4.0778995,0.17619603872299194,0.7373046875,0.35384923219680786
YLR247C,YJL168C,0,4.0778985,0.17615492641925812,0.7373046875,0.35394948720932007
YER014W,YOL076W,0,4.077767,0.17611382901668549,0.7373046875,0.3540497124195099
YHR033W,YPR141C,0,4.077523,0.17607276141643524,0.7373046875,0.3541499674320221
YHR165C,YBL087C,0,4.0774918,0.1760317087173462,0.7373046875,0.3542501926422119
YOR027W,YGL092W,0,4.077466,0.17599067091941833,0.7373046875,0.3543504476547241
YFR024C-A,YKR034W,0,4.0756536,0.17594966292381287,0.7373046875,0.35445067286491394
YPR128C,YPL010W,0,4.0753593,0.1759086698293686,0.7373046875,0.35455092787742615
YBR054W,YDR045C,0,4.0743866,0.1758676916360855,0.7373046875,0.35465115308761597
YDL124W,YKL132C,0,4.072832,0.17582672834396362,0.7373046875,0.3547514081001282
YER159C,YGL064C,0,4.072626,0.17578579485416412,0.7373046875,0.354851633310318
YML101C,YHR214W,0,4.0721097,0.17574487626552582,0.7373046875,0.3549518883228302
YDR300C,YJL035C,0,4.0712476,0.1757039725780487,0.7373046875,0.35505211353302
YDR398W,YDR365W-A,0,4.070733,0.17566309869289398,0.7373046875,0.3551523685455322
YIL018W,YOR259C,0,4.0678177,0.17562223970890045,0.7373046875,0.35525259375572205
YOR129C,YMR118C,0,4.0665245,0.17558139562606812,0.7373046875,0.35535284876823425
YNL199C,YHR142W,0,4.065197,0.17554056644439697,0.7373046875,0.3554530739784241
YOR191W,YDR025W,0,4.063567,0.17549976706504822,0.7373046875,0.3555533289909363
YEL048C,YMR275C,0,4.062917,0.17545898258686066,0.7373046875,0.3556535542011261
YDR135C,YJL133W,1,4.0618095,0.17565055191516876,0.73828125,0.3556535542011261
YPR173C,YPR161C,0,4.0618086,0.17560975253582,0.73828125,0.3557538092136383
YOR193W,YBR023C,0,4.061265,0.17556896805763245,0.73828125,0.3558540642261505
YLR377C,YNL081C,0,4.0609956,0.17552821338176727,0.73828125,0.35595428943634033
YDR528W,YLR044C,0,4.060416,0.1754874587059021,0.73828125,0.35605454444885254
YOL020W,YPL221W,1,4.0602045,0.1756788045167923,0.7392578125,0.35605454444885254
YLR284C,YPR068C,0,4.0596414,0.17563804984092712,0.7392578125,0.35615476965904236
YLR085C,YNL287W,0,4.05928,0.17559731006622314,0.7392578125,0.35625502467155457
YPL010W,YMR177W,0,4.054309,0.17555658519268036,0.7392578125,0.3563552498817444
YJL173C,YPL135W,0,4.053732,0.17551587522029877,0.7392578125,0.3564555048942566
YNR060W,YNL083W,1,4.052519,0.17570699751377106,0.740234375,0.3564555048942566
YMR118C,YIL130W,0,4.052346,0.17566628754138947,0.740234375,0.3565557301044464
YMR318C,YDR127W,0,4.051583,0.17562557756900787,0.740234375,0.3566559851169586
YOR079C,YHR194W,0,4.0504665,0.17558489739894867,0.740234375,0.35675621032714844
YNL199C,YOR009W,0,4.0497303,0.17554423213005066,0.740234375,0.35685646533966064
YLR130C,YNL065W,1,4.049231,0.17573513090610504,0.7412109375,0.35685646533966064
YPR071W,YDR284C,0,4.048629,0.17569445073604584,0.7412109375,0.35695669054985046
YOL020W,YJR073C,0,4.048295,0.17565378546714783,0.7412109375,0.35705694556236267
YDR280W,YNL181W,0,4.0472918,0.175613135099411,0.7412109375,0.3571571707725525
YJR108W,YHL050C,0,4.0459948,0.17557251453399658,0.7412109375,0.3572574257850647
YNL243W,YER033C,0,4.045491,0.17553190886974335,0.7412109375,0.3573576509952545
YGR212W,YDR175C,0,4.0449944,0.1754913330078125,0.7412109375,0.3574579060077667
YER053C,YJL093C,1,4.0448236,0.1756819188594818,0.7421875,0.3574579060077667
YLL067C,YDR105C,0,4.042764,0.17564132809638977,0.7421875,0.35755813121795654
YDR463W,YER081W,0,4.041156,0.17560073733329773,0.7421875,0.35765838623046875
YMR034C,YGR224W,1,4.0374722,0.1757911741733551,0.7431640625,0.35765838623046875
YHR142W,YHR090C,0,4.037301,0.17575058341026306,0.7431640625,0.35775861144065857
YOR087W,YML076C,0,4.0371904,0.17570999264717102,0.7431640625,0.3578588664531708
YEL048C,YGR109W-A,0,4.0368505,0.17566943168640137,0.7431640625,0.3579590916633606
YCL039W,YGR122W,0,4.0368295,0.1756289005279541,0.7431640625,0.3580593466758728
YJL003W,YPL253C,0,4.0365086,0.17558836936950684,0.7431640625,0.3581595718860626
YPR173C,YFL005W,0,4.0359516,0.17554786801338196,0.7431640625,0.35825982689857483
YCR105W,YNL062C,0,4.0356274,0.17550738155841827,0.7431640625,0.35836005210876465
YBL056W,YLR131C,0,4.035159,0.17546691000461578,0.7431640625,0.35846030712127686
YPR055W,YKL196C,0,4.0346327,0.17542646825313568,0.7431640625,0.3585605323314667
YDR201W,YDL081C,0,4.034328,0.17538602650165558,0.7431640625,0.3586607873439789
YLR451W,YKL051W,0,4.0321465,0.17534562945365906,0.7431640625,0.3587610125541687
YML092C,YDR188W,0,4.031966,0.17530523240566254,0.7431640625,0.3588612675666809
YPL248C,YKL081W,0,4.031077,0.1752648502588272,0.7431640625,0.3589614927768707
YDR513W,YAL011W,0,4.0303845,0.17522449791431427,0.7431640625,0.35906174778938293
YDL100C,YDL211C,0,4.029986,0.17518416047096252,0.7431640625,0.35916200280189514
YGL243W,YLR058C,0,4.0295963,0.17514383792877197,0.7431640625,0.35926222801208496
YDR135C,YOR273C,1,4.027177,0.175333634018898,0.744140625,0.35926222801208496
YMR243C,YLR044C,0,4.026812,0.17529331147670746,0.744140625,0.35936248302459717
YLR466W,YPL040C,0,4.026097,0.1752529889345169,0.744140625,0.359462708234787
YGR204W,YGL231C,0,4.0254664,0.17521269619464874,0.744140625,0.3595629632472992
YBR029C,YBR131W,0,4.025269,0.17517241835594177,0.744140625,0.359663188457489
YPL133C,YGR217W,0,4.025052,0.175132155418396,0.744140625,0.3597634434700012
YLR004C,YMR195W,0,4.0249505,0.1750919073820114,0.744140625,0.35986366868019104
YKL194C,YPR134W,0,4.024722,0.17505168914794922,0.744140625,0.35996392369270325
YGR208W,YLR292C,0,4.022147,0.17501148581504822,0.744140625,0.36006414890289307
YKR079C,YOR157C,0,4.0221124,0.1749712973833084,0.744140625,0.3601644039154053
YGR046W,YNR053C,0,4.022006,0.1749311238527298,0.744140625,0.3602646291255951
YLR189C,YNL081C,0,4.0216722,0.17489098012447357,0.744140625,0.3603648841381073
YGR204W,YGR283C,0,4.0210266,0.17485085129737854,0.744140625,0.3604651093482971
YDL160C,YBR254C,0,4.0207844,0.1748107373714447,0.744140625,0.3605653643608093
YER143W,YHR090C,0,4.0207024,0.17477063834667206,0.744140625,0.36066558957099915
YPL280W,YER123W,0,4.0205383,0.1747305691242218,0.744140625,0.36076584458351135
YML120C,YKL150W,0,4.019948,0.17469051480293274,0.744140625,0.36086606979370117
YNL259C,YJR152W,1,4.0198975,0.17487967014312744,0.7451171875,0.36086606979370117
YPR188C,YDL189W,0,4.0185957,0.17483960092067719,0.7451171875,0.3609663248062134
YER179W,YPL198W,0,4.017888,0.17479954659938812,0.7451171875,0.3610665500164032
YML004C,YOR253W,0,4.0171595,0.17475950717926025,0.7451171875,0.3611668050289154
YAR042W,YPL193W,0,4.015775,0.17471948266029358,0.7451171875,0.3612670302391052
YGL126W,YHR146W,0,4.0132847,0.1746794879436493,0.7451171875,0.36136728525161743
YLR234W,YHR120W,0,4.012433,0.1746395081281662,0.7451171875,0.36146751046180725
YJL059W,YBR091C,0,4.0115066,0.1745995432138443,0.7451171875,0.36156776547431946
YAR033W,YOR357C,0,4.0113263,0.1745595932006836,0.7451171875,0.3616679906845093
YOR129C,YHR190W,0,4.0111303,0.17451967298984528,0.7451171875,0.3617682456970215
YPR188C,YOR192C,0,4.0092635,0.17447976768016815,0.7451171875,0.3618684709072113
YNL194C,YHL026C,0,4.0069885,0.17443987727165222,0.7451171875,0.3619687259197235
YBR038W,YHR170W,0,4.006235,0.17440000176429749,0.7451171875,0.36206895112991333
YBR193C,YBR162C,0,4.0055137,0.17436014115810394,0.7451171875,0.36216920614242554
YJR120W,YDR398W,0,4.004658,0.1743203103542328,0.7451171875,0.36226946115493774
YMR053C,YMR101C,0,4.0040264,0.17428049445152283,0.7451171875,0.36236968636512756
YGL254W,YEL062W,1,4.003072,0.17446905374526978,0.74609375,0.36236968636512756
YCR105W,YGR224W,0,4.0030227,0.17442922294139862,0.74609375,0.36246994137763977
YKL033W,YGR046W,0,4.0027275,0.17438940703868866,0.74609375,0.3625701665878296
YKL110C,YLR115W,0,4.002565,0.1743496060371399,0.74609375,0.3626704216003418
YIL154C,YGL087C,0,4.0025024,0.1743098348379135,0.74609375,0.3627706468105316
YIL030C,YJL212C,0,4.0019655,0.17427007853984833,0.74609375,0.3628709018230438
YMR158W,YER015W,0,4.0017967,0.17423033714294434,0.74609375,0.36297112703323364
YKL054C,YKL060C,0,4.0015864,0.17419061064720154,0.74609375,0.36307138204574585
YBR131W,YBR089C-A,0,4.0012784,0.17415089905261993,0.74609375,0.36317160725593567
YPL100W,YMR040W,0,4.000432,0.17411121726036072,0.74609375,0.3632718622684479
YDL123W,YPL006W,0,3.998437,0.1740715354681015,0.74609375,0.3633720874786377
YLR411W,YKR007W,0,3.9980874,0.17403188347816467,0.74609375,0.3634723424911499
YML041C,YPL126W,0,3.9978101,0.17399226129055023,0.74609375,0.3635725677013397
YMR158W,YMR074C,0,3.997538,0.1739526391029358,0.74609375,0.36367282271385193
YBL091C,YPR141C,0,3.9974787,0.17391304671764374,0.74609375,0.36377304792404175
YKL045W,YKR099W,0,3.996194,0.17387346923351288,0.74609375,0.36387330293655396
YGL018C,YGL192W,0,3.996189,0.1738339066505432,0.74609375,0.3639735281467438
YEL005C,YML045W,0,3.9951584,0.17379435896873474,0.74609375,0.364073783159256
YAL011W,YHL006C,0,3.9947047,0.17375482618808746,0.74609375,0.3641740083694458
YOL009C,YER178W,0,3.9944468,0.17371532320976257,0.74609375,0.364274263381958
YPR188C,YBR193C,0,3.9928699,0.17367583513259888,0.74609375,0.3643744885921478
YOR192C,YHR020W,0,3.9924293,0.17363636195659637,0.74609375,0.36447474360466003
YNL180C,YKL080W,0,3.9923687,0.17359690368175507,0.74609375,0.36457496881484985
YGL104C,YDR217C,0,3.9907358,0.17355747520923615,0.74609375,0.36467522382736206
YHL028W,YGL195W,0,3.990364,0.17351806163787842,0.74609375,0.3647754490375519
YPL168W,YEL032W,0,3.988792,0.17347866296768188,0.74609375,0.3648757040500641
YLR284C,YJR150C,0,3.987928,0.17343927919864655,0.74609375,0.3649759292602539
YCL001W,YDL031W,0,3.9878128,0.1733999103307724,0.74609375,0.3650761842727661
YDL091C,YML081W,0,3.9873328,0.17336055636405945,0.74609375,0.36517640948295593
YDR160W,YOL152W,1,3.9872015,0.17354808747768402,0.7470703125,0.36517640948295593
YBL038W,YMR133W,0,3.986143,0.17350873351097107,0.7470703125,0.36527666449546814
YMR175W,YOR247W,0,3.986075,0.1734693944454193,0.7470703125,0.36537688970565796
YCR036W,YER040W,0,3.9845896,0.17343005537986755,0.7470703125,0.36547714471817017
YER142C,YLR007W,0,3.9840052,0.17339074611663818,0.7470703125,0.3655773997306824
YKL191W,YOR253W,0,3.98384,0.1733514666557312,0.7470703125,0.3656776249408722
YIL153W,YDR412W,0,3.9833078,0.17331218719482422,0.7470703125,0.3657778799533844
YHR154W,YMR072W,0,3.9803958,0.17327293753623962,0.7470703125,0.3658781051635742
YKL149C,YER159C,0,3.9797096,0.17323370277881622,0.7470703125,0.3659783601760864
YKL045W,YDL119C,0,3.9786963,0.17319448292255402,0.7470703125,0.36607858538627625
YDR430C,YDR397C,0,3.9786131,0.173155277967453,0.7470703125,0.36617884039878845
YGR082W,YBR146W,0,3.977754,0.17311608791351318,0.7470703125,0.36627906560897827
YAL059W,YER038C,0,3.9775286,0.17307692766189575,0.7470703125,0.3663793206214905
YNL167C,YGL240W,0,3.9770226,0.17303776741027832,0.7470703125,0.3664795458316803
YOR158W,YER167W,0,3.9767709,0.17299863696098328,0.7470703125,0.3665798008441925
YOL132W,YKR034W,0,3.9751449,0.17295953631401062,0.7470703125,0.3666800260543823
YGL105W,YJR096W,0,3.9750202,0.17292043566703796,0.7470703125,0.36678028106689453
YNL083W,YLR348C,1,3.9745173,0.1731073409318924,0.748046875,0.36678028106689453
YHR210C,YNL214W,0,3.9738598,0.17306824028491974,0.748046875,0.36688050627708435
YPR017C,YIL123W,0,3.9733374,0.17302913963794708,0.748046875,0.36698076128959656
YDR325W,YER072W,0,3.9720297,0.17299006879329681,0.748046875,0.3670809864997864
YNL038W,YML082W,0,3.9717515,0.17295099794864655,0.748046875,0.3671812415122986
YOR207C,YKL043W,0,3.9714935,0.17291195690631866,0.748046875,0.3672814667224884
YER142C,YBR295W,0,3.9712875,0.17287294566631317,0.748046875,0.3673817217350006
YMR055C,YGR266W,0,3.9709063,0.17283393442630768,0.748046875,0.36748194694519043
YAL051W,YPL178W,0,3.9706502,0.17279495298862457,0.748046875,0.36758220195770264
YOR156C,YLR411W,0,3.969438,0.17275597155094147,0.748046875,0.36768242716789246
YGR099W,YMR041C,0,3.9692307,0.17271701991558075,0.748046875,0.36778268218040466
YOR068C,YDR122W,0,3.9691203,0.17267808318138123,0.748046875,0.3678829073905945
YCR036W,YHR024C,0,3.9683053,0.1726391762495041,0.748046875,0.3679831624031067
YMR149W,YML082W,0,3.9680543,0.17260026931762695,0.748046875,0.3680833876132965
YDR204W,YLR363C,0,3.966488,0.1725613921880722,0.748046875,0.3681836426258087
YDL160C,YNL221C,0,3.9663575,0.17252252995967865,0.748046875,0.36828386783599854
YOR348C,YOL027C,1,3.96464,0.17270885407924652,0.7490234375,0.36828386783599854
YBR069C,YHR175W,1,3.964351,0.17289508879184723,0.75,0.36828386783599854
YCR023C,YOR381W,1,3.96333,0.17308124899864197,0.7509765625,0.36828386783599854
YEL044W,YMR133W,0,3.963249,0.17304229736328125,0.7509765625,0.36838412284851074
YFL056C,YMR261C,0,3.9631543,0.17300337553024292,0.7509765625,0.36848434805870056
YPR057W,YLR413W,0,3.9628148,0.17296446859836578,0.7509765625,0.36858460307121277
YNL036W,YDL046W,0,3.962462,0.17292556166648865,0.7509765625,0.368684858083725
YKR077W,YKR052C,0,3.9619393,0.1728866845369339,0.7509765625,0.3687850832939148
YJL110C,YHR210C,0,3.9612937,0.17284783720970154,0.7509765625,0.368885338306427
YKL132C,YLL053C,0,3.959871,0.17280898988246918,0.7509765625,0.3689855635166168
YDR500C,YPL176C,0,3.9556289,0.172770157456398,0.7509765625,0.36908581852912903
YML098W,YHL026C,0,3.9549177,0.17273135483264923,0.7509765625,0.36918604373931885
YIL069C,YGR007W,0,3.9525466,0.17269256711006165,0.7509765625,0.36928629875183105
YGL126W,YNL076W,0,3.9524915,0.17265379428863525,0.7509765625,0.3693865239620209
YPR180W,YPL006W,0,3.9518604,0.17261503636837006,0.7509765625,0.3694867789745331
YHR165C,YMR002W,0,3.9513645,0.17257630825042725,0.7509765625,0.3695870041847229
YLR131C,YPL210C,0,3.9511106,0.17253758013248444,0.7509765625,0.3696872591972351
YOR380W,YJR046W,0,3.950076,0.172498881816864,0.7509765625,0.3697874844074249
YEL005C,YMR153W,0,3.9488893,0.17246019840240479,0.7509765625,0.36988773941993713
YNL199C,YKL150W,0,3.9479525,0.17242152988910675,0.7509765625,0.36998796463012695
YML101C,YGL198W,0,3.9479342,0.1723828762769699,0.7509765625,0.37008821964263916
YJL127C,YER081W,0,3.947776,0.17234423756599426,0.7509765625,0.370188444852829
YNL054W,YHL021C,0,3.9470417,0.172305628657341,0.7509765625,0.3702886998653412
YPR003C,YER040W,0,3.9470387,0.17226701974868774,0.7509765625,0.370388925075531
YHL015W,YBL005W,0,3.946716,0.17222844064235687,0.7509765625,0.3704891800880432
YDR464W,YOR272W,0,3.9458454,0.1721898764371872,0.7509765625,0.37058940529823303
YGL025C,YJL003W,0,3.9456058,0.1721513271331787,0.7509765625,0.37068966031074524
YKL032C,YHR014W,0,3.9455247,0.17211280763149261,0.7509765625,0.37078988552093506
YAL048C,YDR303C,0,3.9444947,0.17207428812980652,0.7509765625,0.37089014053344727
YHR202W,YNL164C,0,3.9434822,0.1720357984304428,0.7509765625,0.3709903657436371
YFL005W,YLR382C,0,3.9429116,0.1719973087310791,0.7509765625,0.3710906207561493
YDL247W,YDR002W,0,3.9427037,0.17195884883403778,0.7509765625,0.3711908459663391
YMR318C,YPL049C,0,3.9419045,0.17192041873931885,0.7509765625,0.3712911009788513
YGR202C,YGR170W,0,3.9418364,0.17188198864459991,0.7509765625,0.37139132618904114
YMR286W,YBR169C,0,3.9400964,0.17184357345104218,0.7509765625,0.37149158120155334
YDR345C,YCR045C,0,3.9398208,0.17180518805980682,0.7509765625,0.37159180641174316
YFL005W,YDR259C,0,3.9391046,0.17176680266857147,0.7509765625,0.37169206142425537
YDL003W,YOL095C,0,3.9387722,0.1717284470796585,0.7509765625,0.3717922866344452
YPR128C,YMR262W,0,3.9382653,0.17169010639190674,0.7509765625,0.3718925416469574
YOR034C,YBR169C,0,3.9381258,0.17165178060531616,0.7509765625,0.3719927966594696
YOR081C,YBR272C,0,3.9373012,0.17161348462104797,0.7509765625,0.3720930218696594
YFR010W,YPR046W,0,3.936607,0.17157518863677979,0.7509765625,0.37219327688217163
YDR110W,YMR149W,0,3.9357593,0.17153692245483398,0.7509765625,0.37229350209236145
YMR063W,YIL007C,0,3.93477,0.17149865627288818,0.7509765625,0.37239375710487366
YIR019C,YKL039W,0,3.9344087,0.17146041989326477,0.7509765625,0.3724939823150635
YML127W,YPR100W,0,3.9327724,0.17142219841480255,0.7509765625,0.3725942373275757
YDR361C,YNR052C,0,3.9320102,0.17138399183750153,0.7509765625,0.3726944625377655
YCL064C,YDL076C,0,3.9312966,0.1713458150625229,0.7509765625,0.3727947175502777
YOR034C,YFL056C,0,3.930838,0.17130763828754425,0.7509765625,0.37289494276046753
YGR217W,YKR083C,0,3.929673,0.171269491314888,0.7509765625,0.37299519777297974
YOR316C,YHR005C,0,3.926906,0.17123134434223175,0.7509765625,0.37309542298316956
YPL120W,YBR060C,0,3.925093,0.1711932271718979,0.7509765625,0.37319567799568176
YJR118C,YCR065W,0,3.9244022,0.17115512490272522,0.7509765625,0.3732959032058716
YLR220W,YGR122W,0,3.9209747,0.17111703753471375,0.7509765625,0.3733961582183838
YDR377W,YDL189W,0,3.9188876,0.17107897996902466,0.7509765625,0.3734963834285736
YER014W,YDR257C,0,3.9185438,0.17104092240333557,0.7509765625,0.3735966384410858
YLR075W,YPL006W,0,3.9180837,0.17100289463996887,0.7509765625,0.37369686365127563
YDR350C,YLR055C,0,3.917816,0.17096486687660217,0.7509765625,0.37379711866378784
YPL115C,YPL175W,0,3.9162426,0.17092686891555786,0.7509765625,0.37389734387397766
YMR243C,YJR096W,0,3.9149494,0.17088888585567474,0.7509765625,0.37399759888648987
YER167W,YNL081C,0,3.914073,0.17085091769695282,0.7509765625,0.3740978240966797
YMR059W,YPL215W,0,3.9118485,0.17081297934055328,0.7509765625,0.3741980791091919
YLR315W,YLR260W,0,3.9112723,0.17077504098415375,0.7509765625,0.3742983043193817
YDR345C,YBR188C,0,3.9108393,0.1707371175289154,0.7509765625,0.3743985593318939
YGR283C,YIL005W,0,3.9106684,0.17069922387599945,0.7509765625,0.37449878454208374
YJL167W,YOR335C,0,3.910472,0.1706613451242447,0.7509765625,0.37459903955459595
YJL035C,YIL018W,0,3.9102163,0.17062348127365112,0.7509765625,0.37469926476478577
YPR034W,YOR157C,0,3.9099393,0.17058563232421875,0.7509765625,0.374799519777298
YCL051W,YKR088C,0,3.9094052,0.17054779827594757,0.7509765625,0.3748997449874878
YDR190C,YHR106W,0,3.9093776,0.17050997912883759,0.7509765625,0.375
YML045W,YDL113C,0,3.9089975,0.1704721748828888,0.7509765625,0.3751002550125122
YMR055C,YGR283C,0,3.908554,0.1704344004392624,0.7509765625,0.375200480222702
YFL049W,YMR275C,0,3.9077642,0.170396625995636,0.7509765625,0.37530073523521423
YDR122W,YBR146W,0,3.907528,0.17035888135433197,0.7509765625,0.37540096044540405
YNL137C,YKL033W,0,3.9066694,0.17032115161418915,0.7509765625,0.37550121545791626
YJL183W,YGR044C,0,3.9055338,0.17028343677520752,0.7509765625,0.3756014406681061
YPR020W,YGL139W,1,3.9052415,0.17046712338924408,0.751953125,0.3756014406681061
YOR191W,YDR227W,0,3.9048734,0.17042939364910126,0.751953125,0.3757016956806183
YGR080W,YNR024W,0,3.9045768,0.17039167881011963,0.751953125,0.3758019208908081
YHR039C-A,YNL055C,1,3.9041903,0.17057521641254425,0.7529296875,0.3758019208908081
YPR067W,YML081C-A,1,3.9035273,0.1707586795091629,0.75390625,0.3758019208908081
YOR273C,YER102W,0,3.9015064,0.1707209199666977,0.75390625,0.3759021759033203
YOR319W,YPL097W,0,3.9005313,0.17068317532539368,0.75390625,0.37600240111351013
YBR085W,YBR049C,0,3.8988671,0.17064544558525085,0.75390625,0.37610265612602234
YLL043W,YBR037C,1,3.8985329,0.17082872986793518,0.7548828125,0.37610265612602234
YLR185W,YDR316W-B,0,3.898401,0.17079098522663116,0.7548828125,0.37620288133621216
YKR007W,YHR158C,0,3.8980608,0.17075325548648834,0.7548828125,0.37630313634872437
YMR041C,YMR002W,0,3.8980312,0.1707155406475067,0.7548828125,0.3764033615589142
YIL075C,YDR268W,0,3.8974721,0.17067785561084747,0.7548828125,0.3765036165714264
YBR207W,YKL220C,1,3.8966274,0.17086093127727509,0.755859375,0.3765036165714264
YHR194W,YGR040W,0,3.8959017,0.17082321643829346,0.755859375,0.3766038417816162
YLL024C,YIL096C,0,3.8954911,0.17078553140163422,0.755859375,0.3767040967941284
YDL240W,YKR053C,0,3.895435,0.17074784636497498,0.755859375,0.37680432200431824
YKR027W,YMR275C,0,3.8946261,0.17071019113063812,0.755859375,0.37690457701683044
YLL018C-A,YKL087C,0,3.8923917,0.17067255079746246,0.755859375,0.37700480222702026
YOR065W,YOR249C,0,3.8923142,0.170634925365448,0.755859375,0.37710505723953247
YIL013C,YPL207W,0,3.8897834,0.17059731483459473,0.755859375,0.3772052824497223
YGL092W,YBR191W,0,3.8896546,0.17055971920490265,0.755859375,0.3773055374622345
YGL243W,YGL045W,0,3.8891907,0.17052213847637177,0.755859375,0.3774057626724243
YFL061W,YPL176C,0,3.888279,0.17048458755016327,0.755859375,0.3775060176849365
YKL033W,YOR011W,0,3.8878899,0.17044703662395477,0.755859375,0.37760624289512634
YOR383C,YOR001W,0,3.88745,0.17040951550006866,0.755859375,0.37770649790763855
YLL066C,YBL008W,0,3.8869371,0.17037199437618256,0.755859375,0.37780672311782837
YBL013W,YDR122W,0,3.884605,0.17033450305461884,0.755859375,0.3779069781303406
YKL054C,YDR200C,0,3.8844829,0.1702970266342163,0.755859375,0.3780072033405304
YER071C,YBR121C,0,3.8839543,0.17025956511497498,0.755859375,0.3781074583530426
YJR084W,YLL014W,0,3.8826933,0.17022211849689484,0.755859375,0.3782077133655548
YGR174C,YMR015C,0,3.882154,0.17018470168113708,0.755859375,0.37830793857574463
YBR149W,YDR284C,0,3.881679,0.17014728486537933,0.755859375,0.37840819358825684
YLL031C,YPL173W,0,3.8808622,0.17010988295078278,0.755859375,0.37850841879844666
YMR232W,YDR268W,0,3.8803186,0.1700725108385086,0.755859375,0.37860867381095886
YLR044C,YJR131W,0,3.880132,0.17003515362739563,0.755859375,0.3787088990211487
YDR328C,YDR110W,0,3.878873,0.16999779641628265,0.755859375,0.3788091540336609
YBR069C,YPR097W,0,3.8786016,0.16996046900749207,0.755859375,0.3789093792438507
YLR239C,YOR049C,0,3.8783202,0.16992315649986267,0.755859375,0.3790096342563629
YPR128C,YNL003C,1,3.8782108,0.17010535299777985,0.7568359375,0.3790096342563629
YOL084W,YJR118C,0,3.8779519,0.17006802558898926,0.7568359375,0.37910985946655273
YHR214C-C,YML061C,0,3.8779223,0.17003071308135986,0.7568359375,0.37921011447906494
YMR076C,YKR007W,0,3.8778343,0.16999341547489166,0.7568359375,0.37931033968925476
YLR118C,YLR313C,0,3.876209,0.16995614767074585,0.7568359375,0.37941059470176697
YDR235W,YCL035C,0,3.8751178,0.16991887986660004,0.7568359375,0.3795108199119568
YER179W,YKL029C,0,3.8750043,0.16988162696361542,0.7568359375,0.379611074924469
YOL096C,YFR030W,0,3.8749406,0.16984440386295319,0.7568359375,0.3797113001346588
YBR054W,YJL216C,0,3.8736165,0.16980718076229095,0.7568359375,0.379811555147171
YAL028W,YOR136W,0,3.8731182,0.1697699874639511,0.7568359375,0.37991178035736084
YGL076C,YDR517W,0,3.8701897,0.16973280906677246,0.7568359375,0.38001203536987305
YGL092W,YMR055C,0,3.869576,0.169695645570755,0.7568359375,0.38011226058006287
YOR291W,YLR092W,1,3.8687742,0.16987740993499756,0.7578125,0.38011226058006287
YNL103W,YER179W,0,3.8684986,0.1698402315378189,0.7578125,0.3802125155925751
YKL026C,YHL015W,0,3.8681424,0.16980306804180145,0.7578125,0.3803127408027649
YJR073C,YGR044C,0,3.8680449,0.1697659194469452,0.7578125,0.3804129958152771
YKR075C,YDR200C,0,3.866759,0.16972878575325012,0.7578125,0.3805132210254669
YDL128W,YEL062W,1,3.866129,0.16991034150123596,0.7587890625,0.3805132210254669
YBL035C,YBR169C,0,3.8660495,0.1698731929063797,0.7587890625,0.3806134760379791
YCR045C,YBL014C,0,3.8643517,0.16983605921268463,0.7587890625,0.38071370124816895
YGR211W,YOR341W,0,3.8616223,0.16979895532131195,0.7587890625,0.38081395626068115
YNR030W,YER167W,0,3.8603098,0.16976185142993927,0.7587890625,0.38091418147087097
YFR027W,YKR053C,0,3.860094,0.16972477734088898,0.7587890625,0.3810144364833832
YMR242C,YDR244W,0,3.859089,0.16968770325183868,0.7587890625,0.381114661693573
YHR214W,YDL012C,0,3.8589559,0.16965065896511078,0.7587890625,0.3812149167060852
YOR193W,YML004C,0,3.8580756,0.16961361467838287,0.7587890625,0.381315141916275
YKL045W,YDL139C,0,3.857108,0.16957660019397736,0.7587890625,0.38141539692878723
YGL076C,YBL087C,0,3.8564515,0.16953960061073303,0.7587890625,0.38151565194129944
YML059C,YPL156C,0,3.856041,0.1695026159286499,0.7587890625,0.38161587715148926
YGR202C,YOR264W,0,3.8558562,0.16946564614772797,0.7587890625,0.38171613216400146
YJL054W,YOL011W,0,3.855667,0.16942869126796722,0.7587890625,0.3818163573741913
YPL280W,YPL036W,0,3.8546057,0.16939176619052887,0.7587890625,0.3819166123867035
YOR316C,YPR106W,0,3.8540263,0.16935484111309052,0.7587890625,0.3820168375968933
YPL140C,YJR118C,0,3.8535016,0.16931793093681335,0.7587890625,0.3821170926094055
YLR061W,YJL058C,0,3.853229,0.16928105056285858,0.7587890625,0.38221731781959534
YNL183C,YJL208C,0,3.8532224,0.1692441701889038,0.7587890625,0.38231757283210754
YIL098C,YBR091C,0,3.852858,0.16920731961727142,0.7587890625,0.38241779804229736
YOR334W,YNL251C,0,3.8526998,0.16917048394680023,0.7587890625,0.38251805305480957
YBR153W,YKL002W,0,3.849453,0.16913364827632904,0.7587890625,0.3826182782649994
YFL005W,YNL294C,0,3.8491945,0.16909684240818024,0.7587890625,0.3827185332775116
YFR047C,YOR189W,0,3.848678,0.16906005144119263,0.7587890625,0.3828187584877014
YPL271W,YOL077W-A,1,3.8480124,0.169240802526474,0.759765625,0.3828187584877014
YOR016C,YOL135C,0,3.8473992,0.1692039966583252,0.759765625,0.3829190135002136
YER177W,YGL006W,0,3.8471746,0.16916720569133759,0.759765625,0.38301923871040344
YOR319W,YCR106W,0,3.8471198,0.16913042962551117,0.759765625,0.38311949372291565
YOR172W,YKL032C,0,3.8451982,0.16909366846084595,0.759765625,0.38321971893310547
YGR170W,YOR103C,0,3.8449802,0.1690569370985031,0.759765625,0.3833199739456177
YCL068C,YPL193W,0,3.8439572,0.16902020573616028,0.759765625,0.3834201991558075
YLR011W,YDR381W,0,3.8437629,0.16898348927497864,0.759765625,0.3835204541683197
YBL008W,YBR121C,0,3.8437366,0.16894680261611938,0.759765625,0.3836206793785095
YMR261C,YKR034W,0,3.843117,0.16891011595726013,0.759765625,0.38372093439102173
YGR244C,YBL031W,0,3.8423662,0.16887345910072327,0.759765625,0.38382115960121155
YIR019C,YPL193W,0,3.841464,0.1688368022441864,0.759765625,0.38392141461372375
YIL068C,YKR052C,0,3.840773,0.16880017518997192,0.759765625,0.3840216398239136
YKL014C,YGL058W,0,3.839913,0.16876356303691864,0.759765625,0.3841218948364258
YOL059W,YMR001C,0,3.8398895,0.16872695088386536,0.759765625,0.3842221200466156
YAL011W,YDR135C,0,3.8379323,0.16869036853313446,0.759765625,0.3843223750591278
YGL006W,YPL117C,0,3.8378556,0.16865380108356476,0.759765625,0.3844226002693176
YLR293C,YDL102W,0,3.8366811,0.16861724853515625,0.759765625,0.38452285528182983
YJR132W,YBR089C-A,0,3.8361237,0.16858071088790894,0.759765625,0.38462311029434204
YPR173C,YBL100W-B,0,3.835714,0.16854418814182281,0.759765625,0.38472333550453186
YPL075W,YGL195W,0,3.8336725,0.16850769519805908,0.759765625,0.38482359051704407
YDR434W,YPR034W,0,3.8333397,0.16847120225429535,0.759765625,0.3849238157272339
YIL106W,YHR157W,0,3.8327227,0.1684347242116928,0.759765625,0.3850240707397461
YBR248C,YOR109W,0,3.8326774,0.16839826107025146,0.759765625,0.3851242959499359
YKL129C,YMR125W,0,3.8326368,0.1683618277311325,0.759765625,0.3852245509624481
YOR156C,YKL080W,0,3.8319082,0.16832539439201355,0.759765625,0.38532477617263794
YOR227W,YDR317W,0,3.831367,0.16828899085521698,0.759765625,0.38542503118515015
YLR175W,YOR086C,0,3.8305662,0.1682526022195816,0.759765625,0.38552525639533997
YOL023W,YIL011W,0,3.8298867,0.16821621358394623,0.759765625,0.3856255114078522
YNL145W,YCR018C,0,3.8298001,0.16817985475063324,0.759765625,0.385725736618042
YAL068C,YER060W,0,3.8295577,0.16814351081848145,0.759765625,0.3858259916305542
YNL183C,YNL132W,0,3.8286684,0.16810716688632965,0.759765625,0.385926216840744
YCR107W,YER060W-A,0,3.8275716,0.16807085275650024,0.759765625,0.3860264718532562
YLL018C-A,YGR083C,0,3.827479,0.16803455352783203,0.759765625,0.38612669706344604
YHL025W,YDR317W,0,3.8272748,0.167998269200325,0.759765625,0.38622695207595825
YCR028C,YGR217W,1,3.8264112,0.16817788779735565,0.7607421875,0.38622695207595825
YHR111W,YKL060C,0,3.8245687,0.16814158856868744,0.7607421875,0.38632717728614807
YPR106W,YKL192C,0,3.8232388,0.16810530424118042,0.7607421875,0.3864274322986603
YBR101C,YKL087C,0,3.8230538,0.1680690348148346,0.7607421875,0.3865276575088501
YFL011W,YPR097W,0,3.821982,0.16803278028964996,0.7607421875,0.3866279125213623
YER023W,YDL031W,0,3.8209229,0.16799655556678772,0.7607421875,0.3867281377315521
YKL114C,YOR335C,0,3.8197732,0.16796033084392548,0.7607421875,0.38682839274406433
YHR146W,YBR034C,0,3.8196578,0.16792412102222443,0.7607421875,0.38692861795425415
YDR463W,YFL011W,0,3.8191223,0.16788792610168457,0.7607421875,0.38702887296676636
YPL058C,YNL161W,0,3.8187294,0.1678517609834671,0.7607421875,0.3871290981769562
YJR132W,YDR323C,0,3.8186712,0.16781559586524963,0.7607421875,0.3872293531894684
YPR037C,YLR247C,0,3.8180945,0.16777944564819336,0.7607421875,0.3873295783996582
YGL076C,YHR024C,0,3.8171437,0.16774332523345947,0.7607421875,0.3874298334121704
YIL106W,YKL197C,0,3.8167686,0.16770720481872559,0.7607421875,0.38753005862236023
YHR214C-C,YLR292C,0,3.8138742,0.1676711142063141,0.7607421875,0.38763031363487244
YKL132C,YKL134C,0,3.812963,0.16763503849506378,0.7607421875,0.38773053884506226
YPL138C,YDR080W,0,3.8120975,0.16759896278381348,0.7607421875,0.38783079385757446
YNL247W,YNL111C,0,3.8119876,0.16756291687488556,0.7607421875,0.38793104887008667
YDR350C,YNL251C,0,3.8117225,0.16752688586711884,0.7607421875,0.3880312740802765
YMR242C,YKL063C,0,3.8116186,0.1674908548593521,0.7607421875,0.3881315290927887
YKR064W,YHR133C,0,3.8110847,0.16745485365390778,0.7607421875,0.3882317543029785
YML086C,YNR053C,0,3.8106823,0.16741886734962463,0.7607421875,0.3883320093154907
YOR383C,YBR091C,0,3.8096826,0.16738289594650269,0.7607421875,0.38843223452568054
YNL167C,YMR220W,0,3.809366,0.16734693944454193,0.7607421875,0.38853248953819275
YBR101C,YOR113W,0,3.8091636,0.16731099784374237,0.7607421875,0.38863271474838257
YCR065W,YCR044C,0,3.8083878,0.167275071144104,0.7607421875,0.3887329697608948
YKL149C,YPR097W,0,3.808012,0.16723915934562683,0.7607421875,0.3888331949710846
YFL025C,YFR014C,0,3.8070645,0.16720326244831085,0.7607421875,0.3889334499835968
YDR545W,YIL087C,0,3.8050256,0.16716738045215607,0.7607421875,0.3890336751937866
YMR175W,YLR292C,0,3.8041358,0.16713151335716248,0.7607421875,0.38913393020629883
YOR383C,YLR337C,0,3.804113,0.16709566116333008,0.7607421875,0.38923415541648865
YNL025C,YHR149C,0,3.8038607,0.16705983877182007,0.7607421875,0.38933441042900085
YLR181C,YER060W-A,0,3.8038306,0.16702401638031006,0.7607421875,0.3894346356391907
YOL095C,YCR005C,0,3.803457,0.16698820888996124,0.7607421875,0.3895348906517029
YOL116W,YHL006C,0,3.802987,0.16695241630077362,0.7607421875,0.3896351158618927
YDR098C-B,YBR168W,0,3.8017578,0.1669166535139084,0.7607421875,0.3897353708744049
YJR102C,YGR017W,0,3.8016636,0.16688089072704315,0.7607421875,0.3898355960845947
YOL096C,YGL093W,0,3.8003068,0.1668451428413391,0.7607421875,0.38993585109710693
YIL075C,YDL091C,0,3.7999907,0.16680942475795746,0.7607421875,0.39003607630729675
YJR118C,YFR034C,0,3.7982476,0.1667737066745758,0.7607421875,0.39013633131980896
YML059C,YOL103W-A,0,3.7974715,0.16673801839351654,0.7607421875,0.3902365565299988
YKR083C,YGL240W,0,3.796793,0.16670233011245728,0.7607421875,0.390336811542511
YGR082W,YDR316W-B,0,3.7958555,0.1666666716337204,0.7607421875,0.3904370367527008
YOL098C,YHR139C,0,3.794294,0.16663101315498352,0.7607421875,0.390537291765213
YHR204W,YOR193W,0,3.7929087,0.16659538447856903,0.7607421875,0.39063751697540283
YDR150W,YDR110W,0,3.7917764,0.16655975580215454,0.7607421875,0.39073777198791504
YOL076W,YMR262W,0,3.7907102,0.16652415692806244,0.7607421875,0.39083799719810486
YIL106W,YPR199C,0,3.7900949,0.16648857295513153,0.7607421875,0.39093825221061707
YDR323C,YOR330C,0,3.7892826,0.16645298898220062,0.7607421875,0.3910385072231293
YGL096W,YPL176C,0,3.7890112,0.1664174348115921,0.7607421875,0.3911387324333191
YDR287W,YDL211C,0,3.7889988,0.16638188064098358,0.7607421875,0.3912389874458313
YJL054W,YNL250W,0,3.7875733,0.16634635627269745,0.7607421875,0.3913392126560211
YKL033W,YHR024C,0,3.7874439,0.1663108468055725,0.7607421875,0.3914394676685333
YGR055W,YPR148C,0,3.7871842,0.16627535223960876,0.7607421875,0.39153969287872314
YFR040W,YHR020W,0,3.7864974,0.16623985767364502,0.7607421875,0.39163994789123535
YFL025C,YLR196W,0,3.7863538,0.16620439291000366,0.7607421875,0.39174017310142517
YLL009C,YMR038C,1,3.7860298,0.16638225317001343,0.76171875,0.39174017310142517
YHR185C,YHR169W,0,3.78573,0.16634677350521088,0.76171875,0.3918404281139374
YDL160C,YDR041W,0,3.7852507,0.16631129384040833,0.76171875,0.3919406533241272
YPL161C,YBL025W,0,3.783779,0.16627584397792816,0.76171875,0.3920409083366394
YPL175W,YLR060W,0,3.783235,0.1662404090166092,0.76171875,0.3921411335468292
YKL014C,YJR046W,0,3.782799,0.16620498895645142,0.76171875,0.39224138855934143
YER038C,YJR108W,0,3.7821212,0.16616958379745483,0.76171875,0.39234161376953125
YNL246W,YGR161C-D,0,3.781979,0.16613417863845825,0.76171875,0.39244186878204346
YJR084W,YLR367W,0,3.781248,0.16609880328178406,0.76171875,0.3925420939922333
YKL064W,YCR028C,1,3.780518,0.16627635061740875,0.7626953125,0.3925420939922333
YPL137C,YDR365W-A,0,3.7790556,0.16624096035957336,0.7626953125,0.3926423490047455
YFL011W,YBR188C,0,3.7789621,0.16620557010173798,0.7626953125,0.3927425742149353
YJR150C,YLR363C,0,3.7788444,0.16617020964622498,0.7626953125,0.3928428292274475
YLR185W,YHR024C,0,3.7787137,0.16613486409187317,0.7626953125,0.39294305443763733
YKR095W,YGL192W,0,3.778503,0.16609953343868256,0.7626953125,0.39304330945014954
YPR100W,YHR080C,0,3.776794,0.16606421768665314,0.7626953125,0.39314353466033936
YNR039C,YPR201W,1,3.7755373,0.16624149680137634,0.763671875,0.39314353466033936
YNL318C,YGR170W,0,3.7747355,0.16620616614818573,0.763671875,0.39324378967285156
YKL045W,YOR254C,0,3.7746425,0.1661708503961563,0.763671875,0.3933440148830414
YOR045W,YJL196C,0,3.7741137,0.16613554954528809,0.763671875,0.3934442698955536
YBR038W,YER060W-A,0,3.7721965,0.16610024869441986,0.763671875,0.3935444951057434
YGL087C,YGR296W,0,3.7704575,0.16606497764587402,0.763671875,0.3936447501182556
YBR119W,YPL135W,0,3.7702322,0.16602972149848938,0.763671875,0.39374497532844543
YGR193C,YGR138C,0,3.770174,0.16599448025226593,0.763671875,0.39384523034095764
YGL231C,YLR363C,0,3.768476,0.16595925390720367,0.763671875,0.39394545555114746
YDL120W,YOR192C,1,3.7684186,0.1661362200975418,0.7646484375,0.39394545555114746
YLR052W,YML096W,0,3.767487,0.16610097885131836,0.7646484375,0.39404571056365967
YNL190W,YIL056W,0,3.7674625,0.1660657525062561,0.7646484375,0.3941459357738495
YDR441C,YNR048W,0,3.7666163,0.16603054106235504,0.7646484375,0.3942461907863617
YOL098C,YBR085W,0,3.7661786,0.16599532961845398,0.7646484375,0.3943464457988739
YOR101W,YOR250C,0,3.7644074,0.1659601479768753,0.7646484375,0.3944466710090637
YPL161C,YJR096W,0,3.7642422,0.16592498123645782,0.7646484375,0.3945469260215759
YOR032C,YGL093W,0,3.7640543,0.16588982939720154,0.7646484375,0.39464715123176575
YFR038W,YML096W,0,3.7640266,0.16585469245910645,0.7646484375,0.39474740624427795
YDR325W,YDR009W,0,3.7626586,0.16581957042217255,0.7646484375,0.3948476314544678
YJL198W,YGR065C,1,3.7625067,0.16599619388580322,0.765625,0.3948476314544678
YOR081C,YLR023C,0,3.7623427,0.16596105694770813,0.765625,0.39494788646698
YPL100W,YKL052C,0,3.7620068,0.16592592000961304,0.765625,0.3950481116771698
YOL055C,YHR150W,0,3.7618911,0.16589081287384033,0.765625,0.395148366689682
YGR235C,YOL029C,0,3.7617395,0.16585572063922882,0.765625,0.3952485918998718
YAL059W,YIL011W,0,3.7614079,0.1658206433057785,0.765625,0.39534884691238403
YDL220C,YBR121C,0,3.7598834,0.16578558087348938,0.765625,0.39544907212257385
YDR435C,YOL116W,0,3.758081,0.16575053334236145,0.765625,0.39554932713508606
YDR517W,YLR352W,0,3.7569861,0.16571550071239471,0.765625,0.3956495523452759
YDL113C,YER129W,0,3.7567358,0.16568046808242798,0.765625,0.3957498073577881
YML133C,YIL008W,0,3.7555847,0.16564546525478363,0.765625,0.3958500325679779
YJR150C,YDR168W,0,3.754549,0.16561047732830048,0.765625,0.3959502875804901
YPL234C,YLR034C,1,3.754202,0.16578669846057892,0.7666015625,0.3959502875804901
YML067C,YKR007W,0,3.754045,0.16575169563293457,0.7666015625,0.39605051279067993
YOR087W,YDL113C,0,3.7538257,0.16571669280529022,0.7666015625,0.39615076780319214
YDL154W,YDR105C,0,3.7535956,0.16568171977996826,0.7666015625,0.39625099301338196
YGR205W,YDR009W,0,3.7530289,0.1656467616558075,0.7666015625,0.39635124802589417
YKR089C,YIL173W,0,3.752946,0.16561181843280792,0.7666015625,0.396451473236084
YDR160W,YPL097W,0,3.752899,0.16557687520980835,0.7666015625,0.3965517282485962
YOR016C,YGR120C,0,3.7526658,0.16554196178913116,0.7666015625,0.396651953458786
YER176W,YJR035W,0,3.752328,0.16550706326961517,0.7666015625,0.3967522084712982
YHR035W,YDR516C,0,3.7520437,0.16547217965126038,0.7666015625,0.39685243368148804
YPR071W,YNL041C,0,3.7512107,0.16543729603290558,0.7666015625,0.39695268869400024
YHR201C,YLR384C,0,3.7511191,0.16540244221687317,0.7666015625,0.39705291390419006
YLL048C,YOR110W,0,3.7506502,0.16536760330200195,0.7666015625,0.39715316891670227
YJR132W,YKR034W,0,3.7500505,0.16533276438713074,0.7666015625,0.3972533941268921
YPR173C,YGR161C,0,3.7485204,0.1652979552745819,0.7666015625,0.3973536491394043
YMR262W,YPR141C,0,3.7481122,0.16526316106319427,0.7666015625,0.3974539041519165
YGL139W,YHL040C,1,3.747892,0.16543886065483093,0.767578125,0.3974539041519165
YBR188C,YPL010W,0,3.747836,0.1654040366411209,0.767578125,0.3975541293621063
YLR345W,YNL164C,0,3.7470422,0.16536924242973328,0.767578125,0.39765438437461853
YDR280W,YIL053W,0,3.7467332,0.16533444821834564,0.767578125,0.39775460958480835
YJL012C,YMR153W,0,3.7467122,0.1652996838092804,0.767578125,0.39785486459732056
YOR270C,YJR121W,1,3.74661,0.16547518968582153,0.7685546875,0.39785486459732056
YGR224W,YKL005C,0,3.7459228,0.1654404103755951,0.7685546875,0.3979550898075104
YPR008W,YGL198W,0,3.7459016,0.16540563106536865,0.7685546875,0.3980553448200226
YDR256C,YDR087C,0,3.745088,0.1653708815574646,0.7685546875,0.3981555700302124
YMR009W,YLR247C,0,3.7443652,0.16533613204956055,0.7685546875,0.3982558250427246
YNL317W,YCR063W,0,3.7442775,0.16530141234397888,0.7685546875,0.39835605025291443
YMR081C,YGL219C,0,3.7442327,0.16526669263839722,0.7685546875,0.39845630526542664
YLR006C,YNL055C,0,3.743639,0.16523200273513794,0.7685546875,0.39855653047561646
YOR357C,YCL039W,0,3.7428608,0.16519731283187866,0.7685546875,0.39865678548812866
YDR517W,YJR050W,0,3.7428074,0.16516263782978058,0.7685546875,0.3987570106983185
YBR130C,YDR005C,0,3.7418904,0.16512799263000488,0.7685546875,0.3988572657108307
YNR019W,YHR080C,0,3.7410517,0.1650933474302292,0.7685546875,0.3989574909210205
YFL061W,YDR040C,0,3.7396884,0.16505873203277588,0.7685546875,0.3990577459335327
YDR287W,YMR322C,0,3.7396555,0.16502411663532257,0.7685546875,0.39915797114372253
YLR239C,YPL171C,0,3.739422,0.16498951613903046,0.7685546875,0.39925822615623474
YJL098W,YNL288W,0,3.7392216,0.16495493054389954,0.7685546875,0.39935845136642456
YLR299W,YJL216C,0,3.7382524,0.164920374751091,0.7685546875,0.39945870637893677
YHL025W,YGL240W,0,3.7380772,0.16488581895828247,0.7685546875,0.3995589315891266
YBR248C,YCL067C,0,3.737018,0.16485127806663513,0.7685546875,0.3996591866016388
YPL193W,YNL063W,0,3.7367253,0.164816752076149,0.7685546875,0.3997594118118286
YER167W,YOR059C,0,3.7364028,0.16478224098682404,0.7685546875,0.3998596668243408
YKR027W,YLR181C,0,3.7363272,0.16474774479866028,0.7685546875,0.39995989203453064
YLR417W,YKL192C,0,3.7363,0.16471326351165771,0.7685546875,0.40006014704704285
YGL115W,YDR273W,0,3.7357447,0.16467879712581635,0.7685546875,0.40016037225723267
YER143W,YDR057W,0,3.7355514,0.16464434564113617,0.7685546875,0.4002606272697449
YIL154C,YGR142W,0,3.7352583,0.1646099090576172,0.7685546875,0.4003608524799347
YDR517W,YMR322C,0,3.7344103,0.1645754873752594,0.7685546875,0.4004611074924469
YNL137C,YBL100W-B,0,3.734321,0.1645410805940628,0.7685546875,0.4005613327026367
YHL038C,YPR086W,0,3.7336397,0.1645066887140274,0.7685546875,0.4006615877151489
YDR528W,YER005W,0,3.7333944,0.1644723117351532,0.7685546875,0.40076184272766113
YOR034C,YFL025C,0,3.733252,0.16443794965744019,0.7685546875,0.40086206793785095
YBL035C,YGL151W,0,3.7324247,0.16440358757972717,0.7685546875,0.40096232295036316
YGL005C,YML096W,0,3.732057,0.16436925530433655,0.7685546875,0.401062548160553
YCL051W,YOL052C-A,0,3.7309504,0.16433493793010712,0.7685546875,0.4011628031730652
YAL048C,YBR301W,0,3.7295344,0.16430062055587769,0.7685546875,0.401263028383255
YKR105C,YNR013C,1,3.7282197,0.16447505354881287,0.76953125,0.401263028383255
YHR204W,YGR024C,0,3.7280617,0.16444073617458344,0.76953125,0.4013632833957672
YHR139C,YKR083C,0,3.727761,0.164406418800354,0.76953125,0.40146350860595703
YDL243C,YER159C,0,3.7260342,0.16437213122844696,0.76953125,0.40156376361846924
YLR011W,YMR177W,0,3.7256224,0.1643378585577011,0.76953125,0.40166398882865906
YDL091C,YMR322C,0,3.7242966,0.16430358588695526,0.76953125,0.40176424384117126
YKR053C,YBR023C,0,3.723517,0.1642693281173706,0.76953125,0.4018644690513611
YPR201W,YDR160W,1,3.7225027,0.16444352269172668,0.7705078125,0.4018644690513611
YIL106W,YCL039W,0,3.7211277,0.16440925002098083,0.7705078125,0.4019647240638733
YER149C,YLL053C,0,3.7188544,0.16437500715255737,0.7705078125,0.4020649492740631
YPR133C,YHR106W,0,3.7187593,0.1643407642841339,0.7705078125,0.4021652042865753
YOR193W,YOR157C,0,3.718522,0.16430653631687164,0.7705078125,0.40226542949676514
YBR078W,YOR250C,0,3.7184424,0.16427232325077057,0.7705078125,0.40236568450927734
YML127W,YFR050C,0,3.7180414,0.16423813998699188,0.7705078125,0.40246590971946716
YLR259C,YGL107C,0,3.7172127,0.1642039567232132,0.7705078125,0.40256616473197937
YLR361C,YDL087C,0,3.717133,0.1641697883605957,0.7705078125,0.4026663899421692
YBR130C,YML101C,0,3.7164822,0.1641356348991394,0.7705078125,0.4027666449546814
YKL033W,YPR003C,0,3.7160149,0.1641014963388443,0.7705078125,0.4028668701648712
YOR291W,YCR028C,1,3.7155895,0.16427531838417053,0.771484375,0.4028668701648712
YER177W,YPL239W,0,3.7151418,0.16424116492271423,0.771484375,0.4029671251773834
YDR422C,YNL164C,0,3.714432,0.16420702636241913,0.771484375,0.40306735038757324
YOR363C,YPL203W,0,3.7139912,0.16417290270328522,0.771484375,0.40316760540008545
YLR447C,YDL100C,1,3.7127042,0.16434656083583832,0.7724609375,0.40316760540008545
YCR028C,YNR013C,1,3.712452,0.16452014446258545,0.7734375,0.40316760540008545
YPR175W,YKL048C,0,3.7117426,0.16448597609996796,0.7734375,0.40326783061027527
YDR469W,YPL178W,0,3.7114382,0.16445182263851166,0.7734375,0.4033680856227875
YPR055W,YJL083W,0,3.7106147,0.16441768407821655,0.7734375,0.4034683108329773
YOR264W,YGR283C,0,3.7106142,0.16438356041908264,0.7734375,0.4035685658454895
YMR081C,YOR266W,0,3.7101903,0.16434945166110992,0.7734375,0.4036687910556793
YDR468C,YDR309C,0,3.7091954,0.1643153578042984,0.7734375,0.40376904606819153
YBL063W,YHL035C,0,3.7087893,0.16428126394748688,0.7734375,0.40386930108070374
YLR417W,YLR382C,0,3.7084234,0.16424719989299774,0.7734375,0.40396952629089355
YBR029C,YNL065W,0,3.7083821,0.1642131507396698,0.7734375,0.40406978130340576
YOR384W,YGR217W,1,3.7082057,0.16438640654087067,0.7744140625,0.40406978130340576
YJR117W,YOR259C,0,3.7074752,0.16435232758522034,0.7744140625,0.4041700065135956
YMR101C,YGL151W,0,3.70661,0.1643182784318924,0.7744140625,0.4042702615261078
YNL199C,YBL051C,0,3.7063675,0.16428422927856445,0.7744140625,0.4043704867362976
YBR094W,YIR031C,0,3.7038298,0.1642502099275589,0.7744140625,0.4044707417488098
YOL011W,YBR180W,0,3.7026453,0.16421619057655334,0.7744140625,0.40457096695899963
YHR197W,YCR018C,0,3.702125,0.16418220102787018,0.7744140625,0.40467122197151184
YLR411W,YOL116W,0,3.7016413,0.164148211479187,0.7744140625,0.40477144718170166
YPL075W,YER071C,0,3.7005444,0.16411423683166504,0.7744140625,0.40487170219421387
YDR205W,YBR290W,1,3.7001483,0.16428719460964203,0.775390625,0.40487170219421387
YKR064W,YBL063W,0,3.698133,0.16425320506095886,0.775390625,0.4049719274044037
YDR227W,YOR273C,0,3.6977844,0.1642192304134369,0.775390625,0.4050721824169159
YDL072C,YFR027W,0,3.6962795,0.1641852706670761,0.775390625,0.4051724076271057
YER100W,YIL107C,0,3.6962447,0.16415134072303772,0.775390625,0.4052726626396179
YDR422C,YLR150W,0,3.6959085,0.16411741077899933,0.775390625,0.40537288784980774
YFL049W,YNL294C,0,3.695307,0.16408349573612213,0.775390625,0.40547314286231995
YGL246C,YPL021W,0,3.6943223,0.16404958069324493,0.775390625,0.40557336807250977
YNL259C,YOL027C,1,3.6939626,0.16422227025032043,0.7763671875,0.40557336807250977
YDR092W,YGL105W,0,3.692904,0.16418835520744324,0.7763671875,0.405673623085022
YIL033C,YER071C,0,3.6919048,0.16415445506572723,0.7763671875,0.4057738482952118
YGR161W-A,YOR081C,0,3.6912675,0.16412055492401123,0.7763671875,0.405874103307724
YOR267C,YNL156C,0,3.6907845,0.16408668458461761,0.7763671875,0.4059743285179138
YKR085C,YNL142W,0,3.6907625,0.1640528291463852,0.7763671875,0.406074583530426
YER145C,YOL077W-A,1,3.6899679,0.16422529518604279,0.77734375,0.406074583530426
YJR027W,YPL076W,0,3.6895285,0.16419142484664917,0.77734375,0.40617480874061584
YDR201W,YGL053W,0,3.6886134,0.16415755450725555,0.77734375,0.40627506375312805
YJL179W,YNL063W,0,3.68855,0.16412371397018433,0.77734375,0.40637528896331787
YLR007W,YLL067C,0,3.688232,0.1640898734331131,0.77734375,0.4064755439758301
YPR034W,YPR100W,0,3.6870327,0.16405606269836426,0.77734375,0.4065757691860199
YOL055C,YOR019W,0,3.686679,0.16402225196361542,0.77734375,0.4066760241985321
YDR422C,YGL231C,0,3.6831903,0.16398845613002777,0.77734375,0.4067762494087219
YOR192C,YDL113C,0,3.6831536,0.1639546900987625,0.77734375,0.40687650442123413
YDR325W,YPL179W,0,3.6830149,0.16392092406749725,0.77734375,0.40697672963142395
YHR026W,YOL027C,1,3.682372,0.16409306228160858,0.7783203125,0.40697672963142395
YHR118C,YMR226C,0,3.6820302,0.16405928134918213,0.7783203125,0.40707698464393616
YBL035C,YGL192W,0,3.6819882,0.16402551531791687,0.7783203125,0.40717723965644836
YJL013C,YOR158W,0,3.6818218,0.1639917641878128,0.7783203125,0.4072774648666382
YLR185W,YGL107C,0,3.6812,0.16395802795886993,0.7783203125,0.4073777198791504
YHR197W,YDR200C,0,3.680829,0.16392430663108826,0.7783203125,0.4074779450893402
YLR011W,YLR058C,0,3.6806896,0.16389060020446777,0.7783203125,0.4075782001018524
YMR274C,YLR263W,0,3.680623,0.16385690867900848,0.7783203125,0.40767842531204224
YNR052C,YCL035C,0,3.6796043,0.1638232320547104,0.7783203125,0.40777868032455444
YDL220C,YLR382C,0,3.6792815,0.1637895554304123,0.7783203125,0.40787890553474426
YDR201W,YDR165W,0,3.6785848,0.16375590860843658,0.7783203125,0.40797916054725647
YPR114W,YOR383C,0,3.678225,0.16372226178646088,0.7783203125,0.4080793857574463
YLR131C,YHR005C,0,3.677772,0.16368864476680756,0.7783203125,0.4081796407699585
YKR093W,YHR035W,0,3.6776636,0.16365502774715424,0.7783203125,0.4082798659801483
YLR409C,YCL001W,0,3.6763353,0.1636214256286621,0.7783203125,0.4083801209926605
YEL031W,YCR075C,1,3.6762471,0.16379310190677643,0.779296875,0.4083801209926605
YJL012C,YKL077W,0,3.6758895,0.1637594848871231,0.779296875,0.40848034620285034
YPR067W,YBR295W,1,3.674388,0.16393105685710907,0.7802734375,0.40848034620285034
YDR545W,YKL032C,0,3.6729558,0.16389743983745575,0.7802734375,0.40858060121536255
YHR050W,YDR456W,1,3.6718812,0.16406890749931335,0.78125,0.40858060121536255
YFL025C,YCR091W,0,3.6717806,0.16403526067733765,0.78125,0.40868082642555237
YGL167C,YHR202W,0,3.6713004,0.16400164365768433,0.78125,0.4087810814380646
YLR442C,YLR058C,0,3.671205,0.163968026638031,0.78125,0.4088813066482544
YBR091C,YKR034W,0,3.670752,0.16393442451953888,0.78125,0.4089815616607666
YAL002W,YDR381W,0,3.6705062,0.16390083730220795,0.78125,0.4090817868709564
YAL056W,YNL181W,0,3.6704645,0.1638672649860382,0.78125,0.40918204188346863
YNL243W,YGR099W,0,3.67022,0.16383370757102966,0.78125,0.40928226709365845
YLR239C,YPL018W,0,3.6687536,0.1638001650571823,0.78125,0.40938252210617065
YML081W,YGR161C,0,3.6686432,0.16376663744449615,0.78125,0.4094827473163605
YNR032C-A,YMR063W,0,3.6682835,0.16373310983181,0.78125,0.4095830023288727
YGR065C,YOR334W,1,3.6682181,0.16390423476696014,0.7822265625,0.4095830023288727
YPL013C,YOL116W,0,3.6659002,0.163870707154274,0.7822265625,0.4096832275390625
YLR360W,YIL009W,0,3.6658971,0.16383717954158783,0.7822265625,0.4097834825515747
YLL048C,YLR352W,0,3.6655293,0.16380368173122406,0.7822265625,0.4098837077617645
YMR203W,YNL083W,1,3.6654882,0.16397464275360107,0.783203125,0.4098837077617645
YGL104C,YKR007W,0,3.665119,0.1639411300420761,0.783203125,0.40998396277427673
YEL048C,YER023W,0,3.664229,0.16390761733055115,0.783203125,0.41008418798446655
YAL028W,YGL127C,0,3.663469,0.16387413442134857,0.783203125,0.41018444299697876
YKR096W,YMR015C,0,3.6631699,0.163840651512146,0.783203125,0.41028469800949097
YDL093W,YGL058W,0,3.662179,0.16380718350410461,0.783203125,0.4103849232196808
YDR513W,YER109C,0,3.6613617,0.16377374529838562,0.783203125,0.410485178232193
YJL181W,YNL176C,0,3.660757,0.16374030709266663,0.783203125,0.4105854034423828
YOR258W,YPL179W,0,3.6596355,0.16370688378810883,0.783203125,0.410685658454895
YKL045W,YIL022W,0,3.6558027,0.16367347538471222,0.783203125,0.41078588366508484
YBR119W,YMR110C,0,3.6550999,0.1636400669813156,0.783203125,0.41088613867759705
YNL041C,YKL032C,0,3.6541352,0.1636066883802414,0.783203125,0.41098636388778687
YIL043C,YNR053C,0,3.6538265,0.16357332468032837,0.783203125,0.4110866189002991
YOR267C,YHR202W,0,3.653518,0.16353996098041534,0.783203125,0.4111868441104889
YNR032C-A,YOR086C,0,3.6533842,0.1635066270828247,0.783203125,0.4112870991230011
YLR019W,YPL189W,0,3.6514115,0.16347329318523407,0.783203125,0.4113873243331909
YKL120W,YLR034C,1,3.6510036,0.16364377737045288,0.7841796875,0.4113873243331909
YML102W,YGL018C,0,3.650729,0.16361042857170105,0.7841796875,0.4114875793457031
YPL115C,YNL123W,0,3.650682,0.1635771095752716,0.7841796875,0.41158780455589294
YPL248C,YFR053C,0,3.6505728,0.16354379057884216,0.7841796875,0.41168805956840515
YER155C,YPR174C,0,3.650004,0.1635104864835739,0.7841796875,0.41178828477859497
YPL235W,YGL226W,0,3.6492872,0.16347719728946686,0.7841796875,0.4118885397911072
YGR097W,YNL180C,0,3.6481452,0.163443922996521,0.7841796875,0.411988765001297
YGR082W,YDR080W,0,3.6478643,0.16341066360473633,0.7841796875,0.4120890200138092
YML045W,YDR259C,0,3.647666,0.16337741911411285,0.7841796875,0.412189245223999
YER155C,YDL087C,0,3.646074,0.16334418952465057,0.7841796875,0.41228950023651123
YNL094W,YLR337C,0,3.64533,0.1633109599351883,0.7841796875,0.41238972544670105
YBR211C,YDR301W,0,3.6452918,0.1632777601480484,0.7841796875,0.41248998045921326
YPL001W,YER127W,0,3.6445718,0.1632445603609085,0.7841796875,0.4125902056694031
YGL246C,YER129W,0,3.6439662,0.1632113754749298,0.7841796875,0.4126904606819153
YLR006C,YMR205C,0,3.6435144,0.1631782203912735,0.7841796875,0.4127906858921051
YLR011W,YKL054C,0,3.6428096,0.1631450653076172,0.7841796875,0.4128909409046173
YJR153W,YER102W,0,3.6423354,0.16311192512512207,0.7841796875,0.41299116611480713
YMR009W,YIL069C,0,3.6421275,0.16307879984378815,0.7841796875,0.41309142112731934
YJR046W,YOL061W,0,3.6419165,0.16304568946361542,0.7841796875,0.41319164633750916
YLL066C,YDR427W,0,3.6416817,0.1630125790834427,0.7841796875,0.41329190135002136
YKL033W,YOL098C,0,3.641461,0.16297949850559235,0.7841796875,0.4133921265602112
YOR019W,YGL116W,0,3.6409888,0.1629464328289032,0.7841796875,0.4134923815727234
YOR266W,YBR212W,0,3.6408443,0.16291336715221405,0.7841796875,0.4135926365852356
YLR315W,YNL278W,0,3.6398728,0.1628803312778473,0.7841796875,0.4136928617954254
YNL180C,YPR155C,0,3.638835,0.16284729540348053,0.7841796875,0.4137931168079376
YDR019C,YMR002W,0,3.638811,0.16281427443027496,0.7841796875,0.41389334201812744
YEL044W,YER167W,0,3.6381183,0.1627812683582306,0.7841796875,0.41399359703063965
YJL078C,YMR072W,0,3.6361523,0.1627482771873474,0.7841796875,0.41409382224082947
YGR003W,YGR030C,0,3.635922,0.16271530091762543,0.7841796875,0.4141940772533417
YGL189C,YKL039W,0,3.634179,0.16268233954906464,0.7841796875,0.4142943024635315
YLR390W-A,YIR004W,0,3.633953,0.16264937818050385,0.7841796875,0.4143945574760437
YCL017C,YOL144W,0,3.632966,0.16261644661426544,0.7841796875,0.4144947826862335
YKL014C,YML133C,0,3.6327734,0.16258351504802704,0.7841796875,0.4145950376987457
YPL116W,YDR289C,0,3.630012,0.16255061328411102,0.7841796875,0.41469526290893555
YFR049W,YIL018W,0,3.6289244,0.162517711520195,0.7841796875,0.41479551792144775
YKR075C,YGL058W,0,3.6288881,0.16248482465744019,0.7841796875,0.4148957431316376
YEL032W,YLR352W,0,3.6288047,0.16245195269584656,0.7841796875,0.4149959981441498
YCR023C,YCR021C,1,3.628357,0.1626213639974594,0.78515625,0.4149959981441498
YML067C,YER167W,0,3.628041,0.1625884771347046,0.78515625,0.4150962233543396
YIL037C,YER015W,0,3.6275926,0.16255560517311096,0.78515625,0.4151964783668518
YLR315W,YEL006W,0,3.6272078,0.16252274811267853,0.78515625,0.4152967035770416
YOR071C,YIL114C,1,3.6262307,0.16269199550151825,0.7861328125,0.4152967035770416
YJL089W,YMR125W,0,3.62605,0.16265912353992462,0.7861328125,0.41539695858955383
YMR286W,YGR109W-A,0,3.625679,0.1626262664794922,0.7861328125,0.41549718379974365
YIL009W,YOR009W,0,3.625618,0.16259340941905975,0.7861328125,0.41559743881225586
YDR350C,YHR020W,0,3.6251028,0.1625605821609497,0.7861328125,0.4156976640224457
YOR071C,YLR138W,1,3.6248965,0.1627296656370163,0.787109375,0.4156976640224457
YER166W,YNR013C,1,3.624282,0.16289867460727692,0.7880859375,0.4156976640224457
YKL191W,YHR103W,0,3.6235418,0.1628657877445221,0.7880859375,0.4157979190349579
YNL132W,YGR208W,0,3.6228886,0.16283293068408966,0.7880859375,0.4158981442451477
YFL005W,YNL194C,0,3.6223173,0.16280007362365723,0.7880859375,0.4159983992576599
YER123W,YKL002W,0,3.6213312,0.16276724636554718,0.7880859375,0.41609862446784973
YPL060W,YEL051W,1,3.6204176,0.16293607652187347,0.7890625,0.41609862446784973
YHR148W,YBR188C,0,3.6201997,0.16290321946144104,0.7890625,0.41619887948036194
YBR114W,YDL087C,0,3.6198807,0.162870392203331,0.7890625,0.41629910469055176
YNL020C,YBR045C,0,3.617348,0.16283756494522095,0.7890625,0.41639935970306396
YOL042W,YKL081W,0,3.6165771,0.1628047525882721,0.7890625,0.4164995849132538
YGL129C,YDL123W,0,3.6160583,0.16277195513248444,0.7890625,0.416599839925766
YLR363C,YBL014C,0,3.6156113,0.16273917257785797,0.7890625,0.4167000949382782
YGR205W,YPL253C,0,3.615152,0.1627064049243927,0.7890625,0.416800320148468
YKL150W,YNL176C,0,3.61421,0.16267365217208862,0.7890625,0.4169005751609802
YLR055C,YBR028C,0,3.6138077,0.16264089941978455,0.7890625,0.41700080037117004
YJL162C,YPL178W,0,3.6137464,0.16260817646980286,0.7890625,0.41710105538368225
YNL045W,YBR181C,0,3.6128387,0.16257545351982117,0.7890625,0.41720128059387207
YIL022W,YBR191W,0,3.612804,0.16254274547100067,0.7890625,0.4173015356063843
YLR315W,YIL118W,0,3.6112542,0.16251005232334137,0.7890625,0.4174017608165741
YJR052W,YNL161W,0,3.6107621,0.16247737407684326,0.7890625,0.4175020158290863
YCR010C,YLL018C-A,1,3.6099882,0.16264575719833374,0.7900390625,0.4175020158290863
YKL185W,YNL024C,0,3.6097498,0.16261306405067444,0.7900390625,0.4176022410392761
YLR315W,YNL181W,0,3.608548,0.16258038580417633,0.7900390625,0.41770249605178833
YEL024W,YHR190W,0,3.607966,0.16254772245883942,0.7900390625,0.41780272126197815
YOR251C,YLR047C,1,3.6076488,0.16271595656871796,0.791015625,0.41780272126197815
YOR119C,YBR162C,0,3.606493,0.16268326342105865,0.791015625,0.41790297627449036
YPR100W,YLR352W,0,3.6062717,0.16265060007572174,0.791015625,0.4180032014846802
YOR172W,YDR200C,0,3.6058035,0.16261795163154602,0.791015625,0.4181034564971924
YDR412W,YDR019C,0,3.605074,0.1625853031873703,0.791015625,0.4182036817073822
YIL075C,YHL017W,0,3.6048272,0.16255268454551697,0.791015625,0.4183039367198944
YPL138C,YHR194W,0,3.6042666,0.16252006590366364,0.791015625,0.41840416193008423
YDR135C,YPR067W,1,3.604096,0.16268806159496307,0.7919921875,0.41840416193008423
YGR161W-A,YOR271C,0,3.6015468,0.16265542805194855,0.7919921875,0.41850441694259644
YGL073W,YGL116W,0,3.600936,0.1626228243112564,0.7919921875,0.41860464215278625
YHR033W,YCR018C,0,3.6006494,0.16259022057056427,0.7919921875,0.41870489716529846
YLR215C,YFL049W,0,3.600003,0.16255763173103333,0.7919921875,0.4188051223754883
YGL115W,YMR226C,0,3.5998423,0.16252504289150238,0.7919921875,0.4189053773880005
YPL004C,YJL083W,0,3.5990648,0.16249248385429382,0.7919921875,0.4190056025981903
YDR381W,YGL151W,0,3.5983555,0.16245993971824646,0.7919921875,0.4191058576107025
YLR426W,YDR227W,0,3.597847,0.1624273955821991,0.7919921875,0.41920608282089233
YMR234W,YKL081W,0,3.5971925,0.16239488124847412,0.7919921875,0.41930633783340454
YCR091W,YBR003W,0,3.596962,0.16236236691474915,0.7919921875,0.41940656304359436
YFR016C,YBL035C,0,3.5963304,0.16232986748218536,0.7919921875,0.41950681805610657
YNL137C,YNL173C,0,3.5947652,0.16229738295078278,0.7919921875,0.4196070432662964
YEL019C,YGR129W,0,3.5936897,0.16226491332054138,0.7919921875,0.4197072982788086
YOL103W-A,YIL087C,0,3.5936518,0.1622324436903,0.7919921875,0.4198075234889984
YOL061W,YGR122W,0,3.593403,0.16220000386238098,0.7919921875,0.4199077785015106
YPL146C,YCR018C,0,3.5929105,0.16216756403446198,0.7919921875,0.4200080335140228
YJL057C,YPL061W,0,3.5923316,0.16213513910770416,0.7919921875,0.42010825872421265
YKL079W,YAL026C,0,3.592151,0.16210274398326874,0.7919921875,0.42020851373672485
YHR149C,YLR115W,0,3.5917435,0.1620703488588333,0.7919921875,0.4203087389469147
YHL050C,YER127W,0,3.5908463,0.16203796863555908,0.7919921875,0.4204089939594269
YBR180W,YKR072C,0,3.59053,0.16200558841228485,0.7919921875,0.4205092191696167
YDR515W,YDR276C,0,3.5897112,0.161973237991333,0.7919921875,0.4206094741821289
YGR205W,YMR131C,0,3.5893946,0.16194088757038116,0.7919921875,0.4207096993923187
YOL098C,YER007C-A,0,3.5889142,0.1619085669517517,0.7919921875,0.42080995440483093
YCL029C,YDR259C,0,3.5882816,0.16187624633312225,0.7919921875,0.42091017961502075
YGL093W,YPR007C,0,3.58821,0.161843940615654,0.7919921875,0.42101043462753296
YDR441C,YMR275C,0,3.587931,0.16181164979934692,0.7919921875,0.4211106598377228
YFL026W,YER060W-A,0,3.58784,0.16177937388420105,0.7919921875,0.421210914850235
YOR359W,YHR005C,0,3.587041,0.16174711287021637,0.7919921875,0.4213111400604248
YER179W,YPL056C,0,3.586893,0.1617148518562317,0.7919921875,0.421411395072937
YMR261C,YHR214C-C,0,3.586543,0.1616826206445694,0.7919921875,0.42151162028312683
YHR122W,YLR019W,0,3.5861044,0.1616503894329071,0.7919921875,0.42161187529563904
YGL189C,YDR045C,0,3.585257,0.161618173122406,0.7919921875,0.42171210050582886
YPL141C,YPL117C,0,3.583702,0.1615859717130661,0.7919921875,0.42181235551834106
YLR055C,YKL196C,0,3.582695,0.1615537852048874,0.7919921875,0.4219125807285309
YBR279W,YMR261C,0,3.581083,0.16152161359786987,0.7919921875,0.4220128357410431
YLR417W,YPL179W,0,3.5793896,0.16148944199085236,0.7919921875,0.4221130609512329
YHR035W,YDR004W,0,3.5792167,0.16145730018615723,0.7919921875,0.4222133159637451
YNL056W,YMR072W,0,3.5789733,0.1614251583814621,0.7919921875,0.42231354117393494
YPL013C,YKR031C,0,3.5774622,0.16139303147792816,0.7919921875,0.42241379618644714
YPR133C,YGL192W,0,3.5758812,0.16136091947555542,0.7919921875,0.42251402139663696
YPL036W,YOR048C,0,3.575388,0.16132882237434387,0.7919921875,0.42261427640914917
YNL051W,YGL127C,0,3.5752232,0.16129674017429352,0.7919921875,0.422714501619339
YKL138C,YER032W,0,3.5750892,0.16126465797424316,0.7919921875,0.4228147566318512
YHL008C,YNL321W,1,3.5747085,0.1614314168691635,0.79296875,0.4228147566318512
YLR056W,YPL040C,0,3.5745325,0.16139931976795197,0.79296875,0.422914981842041
YCL029C,YAL068C,0,3.574201,0.1613672524690628,0.79296875,0.4230152368545532
YOR267C,YGL192W,0,3.5741072,0.16133518517017365,0.79296875,0.42311549186706543
YJL110C,YLL057C,0,3.5739002,0.16130313277244568,0.79296875,0.42321571707725525
YHR185C,YGR097W,0,3.5730953,0.1612710952758789,0.79296875,0.42331597208976746
YGL246C,YDR028C,0,3.5728612,0.16123907268047333,0.79296875,0.4234161972999573
YPL141C,YDR284C,0,3.5721083,0.16120706498622894,0.79296875,0.4235164523124695
YLL016W,YDR261C,0,3.5717854,0.16117507219314575,0.79296875,0.4236166775226593
YIL156W,YOL009C,0,3.571742,0.16114307940006256,0.79296875,0.4237169325351715
YGR174C,YCL016C,0,3.5713515,0.16111111640930176,0.79296875,0.42381715774536133
YOR384W,YOR334W,1,3.5709238,0.16127751767635345,0.7939453125,0.42381715774536133
YER167W,YHR080C,0,3.570911,0.16124553978443146,0.7939453125,0.42391741275787354
YOL122C,YHR194W,0,3.5706925,0.16121356189250946,0.7939453125,0.42401763796806335
YPL036W,YAL056W,0,3.570272,0.16118159890174866,0.7939453125,0.42411789298057556
YMR215W,YLR345W,0,3.5700655,0.16114965081214905,0.7939453125,0.4242181181907654
YHR024C,YLL053C,0,3.569693,0.16111771762371063,0.7939453125,0.4243183732032776
YBR162W-A,YNL194C,0,3.5691423,0.1610857993364334,0.7939453125,0.4244185984134674
YLR426W,YER014W,0,3.567866,0.1610538810491562,0.7939453125,0.4245188534259796
YPL179W,YBR162C,0,3.5678444,0.16102197766304016,0.7939453125,0.42461907863616943
YOR363C,YPL018W,0,3.5676937,0.16099010407924652,0.7939453125,0.42471933364868164
YIL008W,YJL216C,0,3.5668197,0.16095823049545288,0.7939453125,0.42481955885887146
YHR154W,YDL211C,0,3.566639,0.16092637181282043,0.7939453125,0.42491981387138367
YLR004C,YNL180C,0,3.5660884,0.160894513130188,0.7939453125,0.4250200390815735
YKL155C,YBL047C,0,3.5655403,0.16086268424987793,0.7939453125,0.4251202940940857
YPL120W,YDR300C,0,3.563799,0.16083085536956787,0.7939453125,0.4252205193042755
YBR065C,YGL240W,0,3.5634756,0.1607990562915802,0.7939453125,0.4253207743167877
YPL115C,YHR148W,0,3.5623884,0.16076725721359253,0.7939453125,0.42542099952697754
YBR107C,YLR189C,0,3.56192,0.16073547303676605,0.7939453125,0.42552125453948975
YER149C,YKR095W,0,3.561646,0.16070370376110077,0.7939453125,0.42562147974967957
YMR207C,YJL003W,0,3.5611522,0.16067193448543549,0.7939453125,0.4257217347621918
YNL183C,YDL105W,0,3.5600505,0.1606401950120926,0.7939453125,0.4258219599723816
YLR426W,YOR081C,0,3.5596821,0.1606084555387497,0.7939453125,0.4259222149848938
YPR114W,YDR516C,0,3.5592413,0.160576730966568,0.7939453125,0.4260224401950836
YGR174C,YML059C,0,3.558866,0.16054502129554749,0.7939453125,0.4261226952075958
YER033C,YOR172W,0,3.5586429,0.16051332652568817,0.7939453125,0.42622292041778564
YKR075C,YDR175C,0,3.558636,0.16048164665699005,0.7939453125,0.42632317543029785
YOR011W,YML076C,0,3.5563824,0.16044996678829193,0.7939453125,0.42642343044281006
YER100W,YKL077W,0,3.5541687,0.1604183167219162,0.7939453125,0.4265236556529999
YDL072C,YIL153W,0,3.5540109,0.16038666665554047,0.7939453125,0.4266239106655121
YOL027C,YJR121W,1,3.5533383,0.1605522632598877,0.794921875,0.4266239106655121
YDR308C,YCR005C,0,3.5528183,0.16052061319351196,0.794921875,0.4267241358757019
YKR077W,YDL139C,0,3.5524352,0.16048896312713623,0.794921875,0.4268243908882141
YJL181W,YPL178W,0,3.5519567,0.1604573279619217,0.794921875,0.42692461609840393
YGL087C,YBR089C-A,0,3.550918,0.16042569279670715,0.794921875,0.42702487111091614
YHR111W,YGL105W,0,3.5506225,0.160394087433815,0.794921875,0.42712509632110596
YMR081C,YDR004W,0,3.5496874,0.16036249697208405,0.794921875,0.42722535133361816
YDL235C,YJL089W,0,3.5496452,0.1603309065103531,0.794921875,0.427325576543808
YBR034C,YDR303C,0,3.5490792,0.16029933094978333,0.794921875,0.4274258315563202
YIL022W,YHR001W-A,0,3.546515,0.16026777029037476,0.794921875,0.42752605676651
YGR005C,YDL076C,0,3.5463088,0.16023622453212738,0.794921875,0.4276263117790222
YJR035W,YGR040W,0,3.5452845,0.16020467877388,0.794921875,0.42772653698921204
YMR318C,YGL105W,0,3.542766,0.16017316281795502,0.794921875,0.42782679200172424
YPL280W,YGR078C,0,3.5426974,0.16014164686203003,0.794921875,0.42792701721191406
YLR023C,YBL091C,0,3.5423925,0.16011014580726624,0.794921875,0.42802727222442627
YFL061W,YLR360W,0,3.5421038,0.16007865965366364,0.794921875,0.4281274974346161
YHL003C,YJL083W,0,3.541183,0.16004718840122223,0.794921875,0.4282277524471283
YNR055C,YDL087C,0,3.5398786,0.16001573204994202,0.794921875,0.4283279776573181
YJL035C,YML031W,0,3.5383344,0.1599842756986618,0.794921875,0.4284282326698303
YMR076C,YGR165W,0,3.537995,0.15995283424854279,0.794921875,0.42852845788002014
YAL056W,YIL011W,0,3.5377715,0.15992140769958496,0.794921875,0.42862871289253235
YOR363C,YBR107C,0,3.536757,0.15988999605178833,0.794921875,0.42872893810272217
YMR274C,YHR020W,0,3.534915,0.1598585993051529,0.794921875,0.4288291931152344
YDL160C,YDR165W,0,3.5346675,0.15982721745967865,0.794921875,0.4289294183254242
YIL013C,YGR245C,0,3.5331266,0.1597958356142044,0.794921875,0.4290296733379364
YDR040C,YHR020W,0,3.5306635,0.15976446866989136,0.794921875,0.4291298985481262
YDR039C,YPL178W,0,3.529992,0.1597331166267395,0.794921875,0.4292301535606384
YGR024C,YBR146W,0,3.5296104,0.15970177948474884,0.794921875,0.42933037877082825
YGR004W,YHR106W,0,3.5293255,0.15967045724391937,0.794921875,0.42943063378334045
YPL078C,YHR002W,1,3.5292583,0.15983526408672333,0.7958984375,0.42943063378334045
YAL002W,YJL057C,0,3.5282445,0.15980392694473267,0.7958984375,0.42953088879585266
YDR212W,YGR109W-A,0,3.5275507,0.159772589802742,0.7958984375,0.4296311140060425
YCR036W,YOL029C,0,3.5269566,0.15974128246307373,0.7958984375,0.4297313690185547
YDR019C,YPL233W,0,3.5266669,0.15970997512340546,0.7958984375,0.4298315942287445
YCL064C,YNR033W,0,3.5266142,0.15967868268489838,0.7958984375,0.4299318492412567
YDR372C,YNR038W,0,3.52661,0.1596474051475525,0.7958984375,0.43003207445144653
YPL224C,YHR118C,0,3.5262594,0.1596161425113678,0.7958984375,0.43013232946395874
YDR406W,YLR384C,0,3.5252764,0.1595848798751831,0.7958984375,0.43023255467414856
YPL280W,YIL137C,0,3.5247455,0.1595536470413208,0.7958984375,0.43033280968666077
YML055W,YGL240W,0,3.5243077,0.1595224142074585,0.7958984375,0.4304330348968506
YDL220C,YLR058C,0,3.5225167,0.15949119627475739,0.7958984375,0.4305332899093628
YNL294C,YJL216C,0,3.521667,0.15945999324321747,0.7958984375,0.4306335151195526
YJL035C,YJL069C,0,3.521356,0.15942879021167755,0.7958984375,0.4307337701320648
YMR262W,YDR289C,0,3.5211024,0.15939761698246002,0.7958984375,0.43083399534225464
YNL059C,YBL014C,0,3.5193179,0.1593664437532425,0.7958984375,0.43093425035476685
YPL207W,YNL287W,0,3.5191295,0.15933528542518616,0.7958984375,0.43103447556495667
YDR309C,YJR118C,0,3.5184736,0.15930414199829102,0.7958984375,0.43113473057746887
YOR034C,YMR072W,0,3.5184064,0.15927301347255707,0.7958984375,0.4312349557876587
YLL016W,YDR200C,0,3.5181313,0.15924188494682312,0.7958984375,0.4313352108001709
YJL162C,YAL068C,0,3.5180793,0.15921078622341156,0.7958984375,0.4314354360103607
YHR009C,YIL087C,0,3.5177412,0.1591796875,0.7958984375,0.4315356910228729
YNL318C,YPR106W,0,3.5177367,0.15914860367774963,0.7958984375,0.43163591623306274
YFL049W,YML013W,0,3.5169444,0.15911753475666046,0.7958984375,0.43173617124557495
YPR095C,YPL233W,0,3.5164373,0.1590864658355713,0.7958984375,0.43183639645576477
YKL138C,YLL021W,0,3.51574,0.1590554267168045,0.7958984375,0.431936651468277
YDL134C,YBL014C,0,3.5157118,0.15902438759803772,0.7958984375,0.4320368766784668
YHR009C,YPL215W,0,3.515433,0.15899336338043213,0.7958984375,0.432137131690979
YCL048W,YKL087C,0,3.5152764,0.15896235406398773,0.7958984375,0.4322373569011688
YMR318C,YGL016W,0,3.514782,0.15893135964870453,0.7958984375,0.43233761191368103
YGL116W,YBR089C-A,0,3.5142074,0.15890036523342133,0.7958984375,0.43243783712387085
YER166W,YGL167C,1,3.5137734,0.15906432271003723,0.796875,0.43243783712387085
YMR009W,YCR044C,0,3.5136755,0.15903332829475403,0.796875,0.43253809213638306
YKR089C,YOL144W,0,3.5133638,0.15900233387947083,0.796875,0.4326383173465729
YPL133C,YOR357C,0,3.513318,0.15897135436534882,0.796875,0.4327385723590851
YBR024W,YOL152W,1,3.5132978,0.15913517773151398,0.7978515625,0.4327385723590851
YIL119C,YBR272C,0,3.5130887,0.15910418331623077,0.7978515625,0.4328388273715973
YOL027C,YMR243C,1,3.5101607,0.15926791727542877,0.798828125,0.4328388273715973
YAR042W,YGL096W,0,3.5087929,0.15923690795898438,0.798828125,0.4329390525817871
YBL051C,YJR050W,0,3.508389,0.15920591354370117,0.798828125,0.4330393075942993
YLR052W,YPL135W,0,3.5081599,0.15917493402957916,0.798828125,0.43313953280448914
YPR158W-B,YJR027W,0,3.5078135,0.15914396941661835,0.798828125,0.43323978781700134
YGR099W,YKR096W,0,3.506425,0.15911301970481873,0.798828125,0.43334001302719116
YOR359W,YNR033W,0,3.506381,0.1590820699930191,0.798828125,0.43344026803970337
YDR201W,YNR033W,0,3.5061646,0.15905113518238068,0.798828125,0.4335404932498932
YDL135C,YOR129C,0,3.5061288,0.15902021527290344,0.798828125,0.4336407482624054
YEL020W-A,YGL196W,0,3.505251,0.1589893102645874,0.798828125,0.4337409734725952
YLL043W,YOL077W-A,1,3.5051045,0.15915274620056152,0.7998046875,0.4337409734725952
YCR045C,YKL129C,0,3.504178,0.1591218113899231,0.7998046875,0.4338412284851074
YOR016C,YDR375C,0,3.5039573,0.15909090638160706,0.7998046875,0.43394145369529724
YLL018C-A,YLR115W,0,3.5033479,0.1590600162744522,0.7998046875,0.43404170870780945
YLL048C,YIL156W,0,3.5030823,0.15902912616729736,0.7998046875,0.43414193391799927
YDL120W,YLR092W,1,3.5027251,0.15919238328933716,0.80078125,0.43414193391799927
YLR220W,YPL183C,0,3.5019567,0.1591614931821823,0.80078125,0.4342421889305115
YCR107W,YER143W,0,3.5017133,0.15913060307502747,0.80078125,0.4343424141407013
YPR037C,YNR030W,0,3.501545,0.1590997278690338,0.80078125,0.4344426691532135
YOL009C,YNL142W,0,3.5011163,0.15906886756420135,0.80078125,0.4345428943634033
YGL067W,YOR359W,0,3.5008855,0.1590380072593689,0.80078125,0.4346431493759155
YNL243W,YOR193W,0,3.5006883,0.15900717675685883,0.80078125,0.43474337458610535
YMR286W,YMR015C,0,3.499094,0.15897634625434875,0.80078125,0.43484362959861755
YBL051C,YDR384C,0,3.4983196,0.15894553065299988,0.80078125,0.4349438548088074
YCR091W,YBL005W,0,3.4979038,0.1589147299528122,0.80078125,0.4350441098213196
YBR109C,YGR120C,0,3.4965305,0.1588839441537857,0.80078125,0.4351443350315094
YML023C,YNL216W,0,3.4961767,0.15885315835475922,0.80078125,0.4352445900440216
YOR004W,YHR158C,0,3.4959626,0.15882238745689392,0.80078125,0.4353448152542114
YOL096C,YMR226C,0,3.4958315,0.15879163146018982,0.80078125,0.43544507026672363
YGR244C,YER060W-A,0,3.4956985,0.1587608903646469,0.80078125,0.43554529547691345
YOR273C,YPL254W,0,3.4952555,0.1587301641702652,0.80078125,0.43564555048942566
YEL020W-A,YLR258W,0,3.4947822,0.15869943797588348,0.80078125,0.4357457756996155
YEL005C,YLR352W,0,3.491145,0.15866872668266296,0.80078125,0.4358460307121277
YPL171C,YPL189W,0,3.4900439,0.15863803029060364,0.80078125,0.4359462857246399
YLR059C,YER149C,0,3.489372,0.1586073487997055,0.80078125,0.4360465109348297
YLR324W,YHL026C,0,3.48868,0.15857668220996857,0.80078125,0.4361467659473419
YPL058C,YDR217C,0,3.4886112,0.15854601562023163,0.80078125,0.43624699115753174
YLL014W,YNL176C,0,3.488357,0.15851536393165588,0.80078125,0.43634724617004395
YKR093W,YDR122W,0,3.4872966,0.15848472714424133,0.80078125,0.43644747138023376
YDR287W,YJL181W,0,3.4864953,0.15845410525798798,0.80078125,0.43654772639274597
YER033C,YBR272C,0,3.4862294,0.1584234982728958,0.80078125,0.4366479516029358
YIL053W,YDR316W-B,0,3.4850693,0.15839289128780365,0.80078125,0.436748206615448
YKL029C,YJL179W,0,3.4844036,0.15836229920387268,0.80078125,0.4368484318256378
YAL011W,YLR249W,0,3.4837961,0.1583317220211029,0.80078125,0.43694868683815
YER100W,YGR174C,0,3.4837003,0.15830115973949432,0.80078125,0.43704891204833984
YBR046C,YER100W,0,3.4826815,0.15827059745788574,0.80078125,0.43714916706085205
YDL154W,YMR195W,0,3.4819627,0.15824006497859955,0.80078125,0.43724939227104187
YDR150W,YPR034W,0,3.4816904,0.15820953249931335,0.80078125,0.4373496472835541
YMR301C,YOR381W,1,3.4809318,0.1583719104528427,0.8017578125,0.4373496472835541
YBR069C,YOR358W,0,3.4797213,0.15834136307239532,0.8017578125,0.4374498724937439
YDR422C,YPL173W,0,3.4788241,0.15831083059310913,0.8017578125,0.4375501275062561
YPL076W,YIL062C,0,3.4782472,0.15828031301498413,0.8017578125,0.4376503527164459
YKL048C,YNL081C,0,3.4782252,0.15824981033802032,0.8017578125,0.43775060772895813
YPL043W,YPR180W,0,3.4769359,0.15821930766105652,0.8017578125,0.43785083293914795
YPL137C,YGR017W,0,3.4755926,0.1581888198852539,0.8017578125,0.43795108795166016
YMR050C,YJL069C,0,3.4750018,0.1581583470106125,0.8017578125,0.43805131316185
YOL126C,YEL039C,0,3.4743044,0.15812788903713226,0.8017578125,0.4381515681743622
YMR261C,YPL203W,0,3.474093,0.15809744596481323,0.8017578125,0.438251793384552
YJL186W,YHR080C,0,3.4738529,0.1580670028924942,0.8017578125,0.4383520483970642
YDR500C,YHR006W,0,3.4736967,0.15803657472133636,0.8017578125,0.43845227360725403
YMR205C,YPL210C,0,3.4736123,0.15800616145133972,0.8017578125,0.43855252861976624
YOL154W,YHR103W,0,3.4733179,0.15797574818134308,0.8017578125,0.43865275382995605
YDL160C,YOR266W,0,3.4718919,0.15794536471366882,0.8017578125,0.43875300884246826
YHR110W,YPL161C,0,3.4714952,0.15791498124599457,0.8017578125,0.4388532340526581
YBL007C,YMR205C,0,3.4694648,0.1578846126794815,0.8017578125,0.4389534890651703
YHR142W,YJR131W,0,3.4693606,0.15785425901412964,0.8017578125,0.4390537142753601
YDL018C,YHR170W,0,3.4675655,0.15782392024993896,0.8017578125,0.4391539692878723
YLR345W,YNL038W,0,3.4666615,0.1577935814857483,0.8017578125,0.4392542243003845
YGR204W,YDR381W,0,3.4664207,0.1577632576227188,0.8017578125,0.43935444951057434
YIL096C,YNL288W,0,3.4664114,0.15773294866085052,0.8017578125,0.43945470452308655
YHR146W,YNL036W,0,3.4656117,0.15770265460014343,0.8017578125,0.43955492973327637
YER145C,YGR224W,1,3.4644597,0.15786440670490265,0.802734375,0.43955492973327637
YPL061W,YGR129W,0,3.463895,0.15783409774303436,0.802734375,0.4396551847457886
YHR122W,YBR112C,0,3.4634361,0.15780380368232727,0.802734375,0.4397554099559784
YHR185C,YGL092W,0,3.4625926,0.15777350962162018,0.802734375,0.4398556649684906
YFL011W,YKR031C,0,3.4615173,0.15774323046207428,0.802734375,0.4399558901786804
YKR095W,YGL226W,0,3.461307,0.15771296620368958,0.802734375,0.4400561451911926
YIL106W,YHR154W,0,3.4599667,0.15768271684646606,0.802734375,0.44015637040138245
YLR390W-A,YGR161W-A,0,3.4587672,0.15765246748924255,0.802734375,0.44025662541389465
YPR128C,YOR078W,0,3.4566054,0.15762224793434143,0.802734375,0.4403568506240845
YDR212W,YEL032W,0,3.4554071,0.1575920283794403,0.802734375,0.4404571056365967
YPR008W,YBR091C,0,3.454266,0.15756182372570038,0.802734375,0.4405573308467865
YMR207C,YGL107C,0,3.4537005,0.15753161907196045,0.802734375,0.4406575858592987
YPL179W,YCR038C,0,3.4533074,0.1575014442205429,0.802734375,0.4407578110694885
YHR110W,YGR083C,0,3.4532118,0.15747126936912537,0.802734375,0.44085806608200073
YKL077W,YDL211C,0,3.453208,0.15744110941886902,0.802734375,0.44095829129219055
YJL174W,YPL175W,0,3.4528737,0.15741094946861267,0.802734375,0.44105854630470276
YPL056C,YHR106W,0,3.4528694,0.1573808193206787,0.802734375,0.4411587715148926
YPL060W,YNR055C,1,3.4524558,0.15754210948944092,0.8037109375,0.4411587715148926
YJL179W,YOL116W,0,3.4524045,0.15751196444034576,0.8037109375,0.4412590265274048
YEL001C,YER167W,0,3.4515462,0.1574818193912506,0.8037109375,0.4413592517375946
YOR027W,YEL032W,0,3.4510725,0.15745168924331665,0.8037109375,0.4414595067501068
YGL028C,YKL134C,0,3.4498675,0.15742157399654388,0.8037109375,0.44155973196029663
YNL103W,YOR363C,0,3.4488642,0.1573914736509323,0.8037109375,0.44165998697280884
YPL210C,YLL067C,0,3.4484105,0.15736137330532074,0.8037109375,0.44176021218299866
YPL221W,YDR040C,1,3.448202,0.15752245485782623,0.8046875,0.44176021218299866
YKR075C,YDR100W,0,3.4478548,0.15749235451221466,0.8046875,0.44186046719551086
YLR189C,YKR052C,0,3.4476755,0.1574622541666031,0.8046875,0.4419606924057007
YLR143W,YNR052C,0,3.4471188,0.1574321687221527,0.8046875,0.4420609474182129
YKL132C,YHR106W,0,3.4465613,0.15740209817886353,0.8046875,0.4421611726284027
YFR031C-A,YBL091C,0,3.4464908,0.15737204253673553,0.8046875,0.4422614276409149
YMR002W,YGL240W,0,3.446094,0.15734198689460754,0.8046875,0.4423616826534271
YCL044C,YNL247W,0,3.4460325,0.15731194615364075,0.8046875,0.44246190786361694
YLR377C,YAL028W,0,3.4442139,0.15728192031383514,0.8046875,0.44256216287612915
YCL068C,YPL021W,0,3.4437795,0.15725190937519073,0.8046875,0.44266238808631897
YFR010W,YGR296W,0,3.442762,0.15722189843654633,0.8046875,0.4427626430988312
YDR078C,YBR146W,0,3.4426537,0.1571919173002243,0.8046875,0.442862868309021
YNR071C,YKL051W,0,3.442388,0.15716193616390228,0.8046875,0.4429631233215332
YMR274C,YMR275C,0,3.4412143,0.15713195502758026,0.8046875,0.443063348531723
YNR032C-A,YGR120C,0,3.4410915,0.15710200369358063,0.8046875,0.44316360354423523
YER038C,YOR319W,0,3.4410424,0.157072052359581,0.8046875,0.44326382875442505
YER005W,YDR303C,0,3.4409754,0.15704211592674255,0.8046875,0.44336408376693726
YFL061W,YIR026C,0,3.4395704,0.1570121943950653,0.8046875,0.4434643089771271
YHR138C,YBR301W,0,3.439228,0.15698228776454926,0.8046875,0.4435645639896393
YGL129C,YNL278W,0,3.4387763,0.1569523811340332,0.8046875,0.4436647891998291
YML061C,YDR246W,0,3.4385061,0.15692248940467834,0.8046875,0.4437650442123413
YMR230W,YNL024C,0,3.437731,0.15689261257648468,0.8046875,0.44386526942253113
YOR253W,YNL094W,0,3.43764,0.1568627506494522,0.8046875,0.44396552443504333
YDR148C,YOR250C,0,3.4367738,0.15683288872241974,0.8046875,0.44406574964523315
YER056C,YOR271C,0,3.434752,0.15680304169654846,0.8046875,0.44416600465774536
YNL156C,YIL018W,0,3.4337792,0.15677320957183838,0.8046875,0.4442662298679352
YFL025C,YPL221W,0,3.43294,0.1567433923482895,0.8046875,0.4443664848804474
YML011C,YDR317W,0,3.4327545,0.1567135751247406,0.8046875,0.4444667100906372
YJL127C,YMR262W,0,3.4322534,0.1566837728023529,0.8046875,0.4445669651031494
YOR156C,YCL068C,0,3.4318686,0.1566539853811264,0.8046875,0.44466719031333923
YOL009C,YDR438W,0,3.4313343,0.1566242128610611,0.8046875,0.44476744532585144
YDR007W,YNL041C,0,3.4312077,0.15659445524215698,0.8046875,0.44486767053604126
YKR093W,YOR113W,0,3.4309688,0.15656469762325287,0.8046875,0.44496792554855347
YDR259C,YOR249C,0,3.4306307,0.15653495490550995,0.8046875,0.4450681507587433
YLR426W,YER177W,0,3.4304938,0.15650522708892822,0.8046875,0.4451684057712555
YAR042W,YGR055W,0,3.429995,0.1564754992723465,0.8046875,0.4452686309814453
YDR434W,YKR083C,0,3.429462,0.15644580125808716,0.8046875,0.4453688859939575
YBR119W,YGL053W,0,3.4293246,0.15641610324382782,0.8046875,0.44546911120414734
YDR280W,YBL007C,0,3.4289966,0.15638640522956848,0.8046875,0.44556936621665955
YIL030C,YEL044W,0,3.4281301,0.15635673701763153,0.8046875,0.44566962122917175
YNL056W,YLR167W,0,3.4276872,0.15632706880569458,0.8046875,0.4457698464393616
YCR045C,YOR207C,0,3.427628,0.15629741549491882,0.8046875,0.4458701014518738
YJR027W,YCL067C,0,3.4263654,0.15626777708530426,0.8046875,0.4459703266620636
YDR041W,YAL051W,0,3.42625,0.1562381535768509,0.8046875,0.4460705816745758
YOR330C,YNL066W,0,3.4262142,0.15620853006839752,0.8046875,0.4461708068847656
YGL139W,YKL080W,1,3.4252987,0.1563684642314911,0.8056640625,0.4461708068847656
YGL006W,YKR052C,1,3.4240928,0.1565283238887787,0.806640625,0.4461708068847656
YGR204W,YMR153W,0,3.4238253,0.15649867057800293,0.806640625,0.44627106189727783
YNL251C,YKR088C,0,3.4236495,0.15646903216838837,0.806640625,0.44637128710746765
YPR003C,YIL030C,0,3.4229054,0.1564393937587738,0.806640625,0.44647154211997986
YJR027W,YDR246W,0,3.422207,0.15640977025032043,0.806640625,0.4465717673301697
YAL019W,YDR545W,0,3.4219222,0.15638016164302826,0.806640625,0.4466720223426819
YCL051W,YHR106W,0,3.4217598,0.15635055303573608,0.806640625,0.4467722475528717
YOL132W,YFR049W,0,3.4214325,0.1563209742307663,0.806640625,0.4468725025653839
YNL318C,YOR081C,0,3.421401,0.1562913954257965,0.806640625,0.44697272777557373
YNL318C,YHR201C,0,3.4209275,0.15626181662082672,0.806640625,0.44707298278808594
YPL169C,YDR122W,0,3.4199448,0.15623226761817932,0.806640625,0.44717320799827576
YOL154W,YML081W,0,3.419644,0.15620271861553192,0.806640625,0.44727346301078796
YBR130C,YLR411W,0,3.4187808,0.15617318451404572,0.806640625,0.4473736882209778
YJL026W,YMR001C,0,3.418494,0.1561436653137207,0.806640625,0.44747394323349
YER038C,YNL038W,0,3.4161813,0.15611416101455688,0.806640625,0.4475741684436798
YDR427W,YCR005C,0,3.4159122,0.15608465671539307,0.806640625,0.447674423456192
YML021C,YJR132W,0,3.4154792,0.15605516731739044,0.806640625,0.44777464866638184
YGR078C,YKL132C,0,3.4154763,0.156025692820549,0.806640625,0.44787490367889404
YGR096W,YIL134W,1,3.415357,0.1561850756406784,0.8076171875,0.44787490367889404
YJL212C,YIL009W,0,3.4152002,0.15615558624267578,0.8076171875,0.44797512888908386
YDR201W,YMR048W,0,3.4149556,0.15612611174583435,0.8076171875,0.44807538390159607
YPR161C,YJL208C,0,3.4133048,0.15609663724899292,0.8076171875,0.4481756091117859
YML092C,YGR266W,0,3.4131618,0.15606717765331268,0.8076171875,0.4482758641242981
YOR129C,YOR259C,0,3.4123988,0.15603773295879364,0.8076171875,0.4483760893344879
YDL243C,YDL087C,0,3.4116879,0.1560083031654358,0.8076171875,0.4484763443470001
YOR316C,YPL063W,0,3.4116807,0.15597887337207794,0.8076171875,0.44857656955718994
YBR101C,YER028C,0,3.409539,0.1559494584798813,0.8076171875,0.44867682456970215
YLR185W,YDR244W,0,3.4093945,0.15592005848884583,0.8076171875,0.44877707958221436
YDR463W,YBR065C,0,3.4087088,0.15589067339897156,0.8076171875,0.4488773047924042
YDR434W,YOL032W,0,3.4080138,0.1558612883090973,0.8076171875,0.4489775598049164
YML067C,YDR398W,0,3.4067564,0.15583191812038422,0.8076171875,0.4490777850151062
YAL007C,YHL011C,0,3.4067066,0.15580256283283234,0.8076171875,0.4491780400276184
YLL018C,YOR359W,0,3.406097,0.15577322244644165,0.8076171875,0.4492782652378082
YMR105C,YLR054C,0,3.405815,0.15574388206005096,0.8076171875,0.44937852025032043
YIL130W,YGR044C,0,3.4055717,0.15571455657482147,0.8076171875,0.44947874546051025
YLR367W,YHL026C,0,3.4050603,0.15568524599075317,0.8076171875,0.44957900047302246
YPL176C,YGR260W,0,3.4050093,0.15565593540668488,0.8076171875,0.4496792256832123
YBR049C,YCR005C,0,3.4047937,0.15562663972377777,0.8076171875,0.4497794806957245
YIL156W,YPL169C,0,3.4047859,0.15559735894203186,0.8076171875,0.4498797059059143
YKR089C,YLR363C,0,3.404357,0.15556809306144714,0.8076171875,0.4499799609184265
YOR380W,YGL049C,0,3.402768,0.15553884208202362,0.8076171875,0.45008018612861633
YOR247W,YHR214C-C,0,3.4021258,0.1555095911026001,0.8076171875,0.45018044114112854
YER149C,YDL087C,0,3.4020395,0.15548035502433777,0.8076171875,0.45028066635131836
YHR201C,YPL075W,0,3.4014173,0.15545113384723663,0.8076171875,0.45038092136383057
YOR291W,YPL234C,1,3.4010835,0.1556098461151123,0.80859375,0.45038092136383057
YOL042W,YIR004W,0,3.4006112,0.15558061003684998,0.80859375,0.4504811465740204
YIL130W,YBR162C,0,3.3990726,0.15555137395858765,0.80859375,0.4505814015865326
YNL024C,YML031W,0,3.3981333,0.1555221676826477,0.80859375,0.4506816267967224
YCL039W,YBL047C,0,3.3978486,0.15549296140670776,0.80859375,0.4507818818092346
YGR161C,YOL116W,0,3.3947456,0.15546377003192902,0.80859375,0.45088210701942444
YMR175W,YHR005C,0,3.3941612,0.15543457865715027,0.80859375,0.45098236203193665
YPL018W,YJL168C,0,3.3938906,0.15540540218353271,0.80859375,0.45108258724212646
YLR333C,YDR019C,0,3.3936243,0.15537624061107635,0.80859375,0.45118284225463867
YHL017W,YHR133C,0,3.3934216,0.1553470939397812,0.80859375,0.4512830674648285
YIL036W,YGL063W,0,3.393083,0.15531794726848602,0.80859375,0.4513833224773407
YOR272W,YGL226W,0,3.39229,0.15528881549835205,0.80859375,0.4514835476875305
YOR090C,YPL171C,0,3.3916192,0.15525969862937927,0.80859375,0.4515838027000427
YPL004C,YER041W,0,3.3915765,0.1552305966615677,0.80859375,0.45168402791023254
YAL015C,YDL211C,0,3.3914046,0.1552014946937561,0.80859375,0.45178428292274475
YKL069W,YOR109W,0,3.3904867,0.1551724076271057,0.80859375,0.45188450813293457
YDR213W,YDR280W,0,3.3896146,0.15514333546161652,0.80859375,0.4519847631454468
YKL114C,YGL219C,0,3.3890367,0.1551142781972885,0.80859375,0.452085018157959
YNL328C,YCR065W,0,3.3884816,0.1550852209329605,0.80859375,0.4521852433681488
YLL015W,YJR095W,1,3.3882236,0.15524344146251678,0.8095703125,0.4521852433681488
YNL246W,YOL059W,0,3.3876505,0.15521438419818878,0.8095703125,0.452285498380661
YOR262W,YOR359W,0,3.38758,0.15518532693386078,0.8095703125,0.45238572359085083
YGR254W,YLR345W,0,3.3875074,0.15515628457069397,0.8095703125,0.45248597860336304
YPR067W,YCR098C,1,3.3873918,0.1553143709897995,0.810546875,0.45248597860336304
YJL186W,YLR247C,0,3.387105,0.1552853137254715,0.810546875,0.45258620381355286
YGR109W-A,YDR176W,0,3.3867488,0.1552562713623047,0.810546875,0.45268645882606506
YKL110C,YMR177W,0,3.3864322,0.15522722899913788,0.810546875,0.4527866840362549
YDL247W,YNL041C,0,3.3859901,0.15519820153713226,0.810546875,0.4528869390487671
YLL067C,YNL055C,0,3.384172,0.15516918897628784,0.810546875,0.4529871642589569
YHR154W,YIL008W,0,3.3831058,0.15514019131660461,0.810546875,0.4530874192714691
YDR468C,YGL064C,0,3.3828158,0.1551111936569214,0.810546875,0.45318764448165894
YGL189C,YKL040C,0,3.3812318,0.15508221089839935,0.810546875,0.45328789949417114
YCR045C,YEL024W,0,3.3792253,0.1550532430410385,0.810546875,0.45338812470436096
YDR108W,YOL059W,0,3.3790154,0.15502427518367767,0.810546875,0.45348837971687317
YOR119C,YGR211W,0,3.378427,0.15499533712863922,0.810546875,0.453588604927063
YGR204W,YCR105W,0,3.3775046,0.15496639907360077,0.810546875,0.4536888599395752
YML107C,YOR227W,0,3.3772588,0.15493746101856232,0.810546875,0.453789085149765
YIL052C,YOR034C,0,3.376886,0.15490855276584625,0.810546875,0.4538893401622772
YDR150W,YPL006W,0,3.376734,0.1548796445131302,0.810546875,0.45398956537246704
YMR048W,YGL018C,0,3.3763516,0.15485075116157532,0.810546875,0.45408982038497925
YBR109C,YNR059W,0,3.3750165,0.15482185781002045,0.810546875,0.45419004559516907
YIL036W,YDR188W,0,3.374642,0.15479299426078796,0.810546875,0.4542903006076813
YNL054W-A,YMR207C,0,3.374536,0.15476413071155548,0.810546875,0.4543905258178711
YDL100C,YNL020C,0,3.374279,0.154735267162323,0.810546875,0.4544907808303833
YHL003C,YMR050C,0,3.3735049,0.1547064334154129,0.810546875,0.4545910060405731
YLR185W,YAL007C,0,3.3723402,0.1546775996685028,0.810546875,0.4546912610530853
YOR273C,YOL077W-A,1,3.3710477,0.15483510494232178,0.8115234375,0.4546912610530853
YLL018C,YIL120W,0,3.3697658,0.1548062562942505,0.8115234375,0.45479148626327515
YNL214W,YMR242C,0,3.3686707,0.1547774225473404,0.8115234375,0.45489174127578735
YJR108W,YKL006W,0,3.3685904,0.1547486037015915,0.8115234375,0.4549919664859772
YHR110W,YBR193C,0,3.3669553,0.1547197848558426,0.8115234375,0.4550922214984894
YMR041C,YPR057W,0,3.366405,0.15469099581241608,0.8115234375,0.4551924765110016
YHR146W,YMR230W,0,3.3653514,0.15466220676898956,0.8115234375,0.4552927017211914
YLR019W,YER127W,0,3.365212,0.15463341772556305,0.8115234375,0.4553929567337036
YIL007C,YBR254C,0,3.364097,0.15460465848445892,0.8115234375,0.45549318194389343
YGR174C,YKR095W,0,3.363834,0.1545758992433548,0.8115234375,0.45559343695640564
YGL139W,YMR149W,0,3.3637187,0.15454714000225067,0.8115234375,0.45569366216659546
YER166W,YOR271C,1,3.3637178,0.15470434725284576,0.8125,0.45569366216659546
YHR185C,YGL085W,0,3.3626301,0.15467558801174164,0.8125,0.45579391717910767
YCR038C,YJR096W,0,3.3619254,0.1546468436717987,0.8125,0.4558941423892975
YML045W,YDL247W,0,3.3618166,0.15461809933185577,0.8125,0.4559943974018097
YPL060W,YOR381W,1,3.36089,0.15477517247200012,0.8134765625,0.4559943974018097
YHR001W-A,YOR319W,0,3.3602223,0.1547464281320572,0.8134765625,0.4560946226119995
YBR153W,YER044C-A,0,3.3599906,0.15471768379211426,0.8134765625,0.4561948776245117
YGL126W,YBR003W,0,3.3588104,0.15468895435333252,0.8134765625,0.45629510283470154
YNL167C,YPR034W,0,3.3578672,0.15466022491455078,0.8134765625,0.45639535784721375
YFL026W,YLR055C,0,3.3574858,0.15463152527809143,0.8134765625,0.45649558305740356
YJL096W,YOR136W,0,3.357358,0.15460282564163208,0.8134765625,0.45659583806991577
YPR154W,YER033C,0,3.3570685,0.15457412600517273,0.8134765625,0.4566960632801056
YNL173C,YPR057W,0,3.3566272,0.15454545617103577,0.8134765625,0.4567963182926178
YDR100W,YOR113W,0,3.3564355,0.1545167863368988,0.8134765625,0.4568965435028076
YIL038C,YPL097W,0,3.3558505,0.15448813140392303,0.8134765625,0.4569967985153198
YOR363C,YBR272C,0,3.3557353,0.15445949137210846,0.8134765625,0.45709702372550964
YDL247W,YOR086C,0,3.3555222,0.15443085134029388,0.8134765625,0.45719727873802185
YKL054C,YLR189C,0,3.3553746,0.1544022262096405,0.8134765625,0.45729750394821167
YNL180C,YHR193C,0,3.3550754,0.15437361598014832,0.8134765625,0.4573977589607239
YDR268W,YBL091C,0,3.3545518,0.15434500575065613,0.8134765625,0.4574979841709137
YLL015W,YBR037C,1,3.3544173,0.15450166165828705,0.814453125,0.4574979841709137
YAL007C,YHR197W,0,3.3527272,0.15447305142879486,0.814453125,0.4575982391834259
YAL002W,YLR363C,0,3.3523636,0.15444444119930267,0.814453125,0.4576984643936157
YLR093C,YNL288W,0,3.3521636,0.15441584587097168,0.814453125,0.45779871940612793
YDL175C,YHR090C,0,3.3518147,0.15438726544380188,0.814453125,0.45789894461631775
YBL005W,YDR005C,0,3.3514912,0.15435868501663208,0.814453125,0.45799919962882996
YHR096C,YHR194W,0,3.3511028,0.15433011949062347,0.814453125,0.4580994248390198
YJR035W,YBR016W,0,3.3506866,0.15430156886577606,0.814453125,0.458199679851532
YIL006W,YHL016C,1,3.3501332,0.15445801615715027,0.8154296875,0.458199679851532
YKL016C,YPL215W,0,3.3496318,0.15442945063114166,0.8154296875,0.4582999050617218
YDR361C,YLR190W,0,3.349301,0.15440088510513306,0.8154296875,0.458400160074234
YNL199C,YDL145C,0,3.3482323,0.15437234938144684,0.8154296875,0.4585004150867462
YIL120W,YNL094W,0,3.3472803,0.15434381365776062,0.8154296875,0.45860064029693604
YBR168W,YFR053C,0,3.3470263,0.1543152779340744,0.8154296875,0.45870089530944824
YOL020W,YOL077W-A,1,3.3468988,0.15447154641151428,0.81640625,0.45870089530944824
YPL126W,YBR191W,0,3.3466043,0.15444301068782806,0.81640625,0.45880112051963806
YLR426W,YGL171W,0,3.345279,0.15441447496414185,0.81640625,0.45890137553215027
YGR096W,YMR058W,1,3.3452635,0.15457063913345337,0.8173828125,0.45890137553215027
YGR057C,YBR248C,0,3.3418288,0.15454210340976715,0.8173828125,0.4590016007423401
YAL028W,YHR001W-A,0,3.3413308,0.15451356768608093,0.8173828125,0.4591018557548523
YKL069W,YLR249W,0,3.341092,0.1544850468635559,0.8173828125,0.4592020809650421
YNL048W,YGR083C,0,3.3397965,0.15445654094219208,0.8173828125,0.4593023359775543
YKL026C,YNL145W,0,3.3397079,0.15442804992198944,0.8173828125,0.45940256118774414
YJL003W,YDL123W,0,3.3389862,0.1543995589017868,0.8173828125,0.45950281620025635
YPL130W,YDR284C,0,3.338832,0.15437108278274536,0.8173828125,0.45960304141044617
YNL056W,YDL117W,0,3.3384778,0.1543426215648651,0.8173828125,0.4597032964229584
YFR014C,YNL294C,0,3.3383899,0.15431416034698486,0.8173828125,0.4598035216331482
YOR359W,YDR045C,0,3.338253,0.1542857140302658,0.8173828125,0.4599037766456604
YDR004W,YKL192C,0,3.3377113,0.15425728261470795,0.8173828125,0.4600040018558502
YLR001C,YOR026W,0,3.337698,0.15422885119915009,0.8173828125,0.4601042568683624
YGR181W,YNL180C,0,3.336961,0.1542004495859146,0.8173828125,0.46020448207855225
YPL221W,YCR038C,0,3.3364732,0.15417203307151794,0.8173828125,0.46030473709106445
YCL044C,YPL189W,0,3.3362203,0.15414364635944366,0.8173828125,0.4604049623012543
YIL147C,YJR052W,0,3.336113,0.15411525964736938,0.8173828125,0.4605052173137665
YPR161C,YOR319W,0,3.3351848,0.1540868878364563,0.8173828125,0.4606054425239563
YHR009C,YGL219C,0,3.3340912,0.1540585309267044,0.8173828125,0.4607056975364685
YDL240W,YDR463W,0,3.3340025,0.15403017401695251,0.8173828125,0.4608059227466583
YNL233W,YDR188W,0,3.3339534,0.154001846909523,0.8173828125,0.46090617775917053
YOR266W,YNL287W,0,3.3334885,0.1539735049009323,0.8173828125,0.46100640296936035
YOR273C,YHR150W,0,3.333322,0.153945192694664,0.8173828125,0.46110665798187256
YDR367W,YPL178W,0,3.332775,0.1539168804883957,0.8173828125,0.4612068831920624
YNR037C,YBR193C,0,3.3309388,0.15388858318328857,0.8173828125,0.4613071382045746
YHR205W,YBR181C,0,3.330597,0.15386030077934265,0.8173828125,0.4614073634147644
YDR422C,YGR244C,0,3.3299634,0.15383201837539673,0.8173828125,0.4615076184272766
YPL171C,YPL140C,0,3.3280702,0.153803750872612,0.8173828125,0.4616078734397888
YBR101C,YCR024C,0,3.3278952,0.15377549827098846,0.8173828125,0.46170809864997864
YGL254W,YOR271C,1,3.3257637,0.1539309322834015,0.818359375,0.46170809864997864
YDR235W,YOR266W,0,3.3252654,0.15390266478061676,0.818359375,0.46180835366249084
YKL099C,YHR080C,0,3.324873,0.15387439727783203,0.818359375,0.46190857887268066
YMR081C,YDR204W,0,3.3246737,0.1538461595773697,0.818359375,0.46200883388519287
YKR078W,YHR138C,0,3.3217826,0.15381792187690735,0.818359375,0.4621090590953827
YOL061W,YDR273W,0,3.3216019,0.153789684176445,0.818359375,0.4622093141078949
YNL142W,YNL161W,0,3.3215325,0.15376146137714386,0.818359375,0.4623095393180847
YGL018C,YLR260W,0,3.3205872,0.1537332534790039,0.818359375,0.4624097943305969
YPR017C,YHL035C,0,3.3183424,0.15370506048202515,0.818359375,0.46251001954078674
YOR090C,YHR142W,0,3.3179536,0.15367688238620758,0.818359375,0.46261027455329895
YDR268W,YMR225C,0,3.3178732,0.15364870429039001,0.818359375,0.46271049976348877
YNR032C-A,YPL117C,0,3.3178065,0.15362052619457245,0.818359375,0.462810754776001
YLL009C,YDR276C,1,3.317797,0.1537756621837616,0.8193359375,0.462810754776001
YDR343C,YDR406W,0,3.3177793,0.15374748408794403,0.8193359375,0.4629109799861908
YMR040W,YNR071C,0,3.3166008,0.15371930599212646,0.8193359375,0.463011234998703
YLR052W,YGL070C,0,3.3163688,0.1536911576986313,0.8193359375,0.4631114602088928
YGR224W,YHR020W,0,3.3161168,0.1536630094051361,0.8193359375,0.46321171522140503
YBR181C,YEL044W,0,3.3158004,0.15363486111164093,0.8193359375,0.46331194043159485
YDR098C-A,YIL096C,0,3.3147483,0.15360674262046814,0.8193359375,0.46341219544410706
YBR114W,YDR350C,0,3.3139062,0.15357862412929535,0.8193359375,0.4635124206542969
YOR320C,YDR122W,0,3.313651,0.15355050563812256,0.8193359375,0.4636126756668091
YDR135C,YKL064W,1,3.313345,0.1537054032087326,0.8203125,0.4636126756668091
YLR011W,YLR352W,0,3.3125403,0.15367728471755981,0.8203125,0.4637129008769989
YGL139W,YLR260W,0,3.311673,0.15364916622638702,0.8203125,0.4638131558895111
YCR031C,YGR109W-A,0,3.3116693,0.15362106263637543,0.8203125,0.4639133810997009
YGL058W,YNR053C,0,3.3114684,0.15359297394752502,0.8203125,0.46401363611221313
YDL154W,YJL003W,0,3.3105538,0.15356490015983582,0.8203125,0.46411386132240295
YJR150C,YDL223C,0,3.310194,0.1535368263721466,0.8203125,0.46421411633491516
YOL121C,YBL014C,0,3.3094559,0.1535087674856186,0.8203125,0.464314341545105
YNL259C,YLR447C,1,3.3087883,0.15366344153881073,0.8212890625,0.464314341545105
YOL042W,YGR003W,0,3.3077712,0.15363536775112152,0.8212890625,0.4644145965576172
YDL145C,YHR005C,0,3.3062794,0.1536073088645935,0.8212890625,0.464514821767807
YOR193W,YOR156C,0,3.3050816,0.1535792499780655,0.8212890625,0.4646150767803192
YIL019W,YDR244W,0,3.3038921,0.15355122089385986,0.8212890625,0.46471530199050903
YIL069C,YJL179W,0,3.3038487,0.15352317690849304,0.8212890625,0.46481555700302124
YER100W,YNL036W,0,3.3033915,0.1534951627254486,0.8212890625,0.46491581201553345
YDR057W,YML076C,0,3.302719,0.15346714854240417,0.8212890625,0.46501603722572327
YBR248C,YNL024C,0,3.302122,0.15343914926052094,0.8212890625,0.4651162922382355
YPL221W,YDR160W,1,3.302034,0.15359358489513397,0.822265625,0.4651162922382355
YGL098W,YLR118C,0,3.301116,0.15356557071208954,0.822265625,0.4652165174484253
YKL192C,YDL102W,0,3.3007932,0.1535375565290451,0.822265625,0.4653167724609375
YIL014W,YGR138C,0,3.300492,0.15350957214832306,0.822265625,0.4654169976711273
YPL171C,YGR044C,0,3.2997816,0.153481587767601,0.822265625,0.4655172526836395
YDR325W,YGR202C,0,3.2994442,0.15345361828804016,0.822265625,0.46561747789382935
YJR049C,YDR303C,0,3.2972493,0.1534256488084793,0.822265625,0.46571773290634155
YDR287W,YOR027W,0,3.2947135,0.15339770913124084,0.822265625,0.46581795811653137
YPL169C,YML081W,0,3.294506,0.15336976945400238,0.822265625,0.4659182131290436
YFL049W,YFL026W,0,3.2938395,0.15334182977676392,0.822265625,0.4660184383392334
YBR290W,YKL175W,1,3.2937489,0.15349599719047546,0.8232421875,0.4660184383392334
YOR192C,YMR241W,1,3.2934341,0.15365010499954224,0.82421875,0.4660184383392334
YBR233W-A,YFR050C,0,3.293272,0.15362213551998138,0.82421875,0.4661186933517456
YCR045C,YGR004W,0,3.292766,0.15359418094158173,0.82421875,0.4662189185619354
YLR061W,YLR363C,0,3.291364,0.15356622636318207,0.82421875,0.46631917357444763
YIL156W,YFL011W,0,3.2908297,0.1535382866859436,0.82421875,0.46641939878463745
YOR032C,YGR260W,0,3.290554,0.15351036190986633,0.82421875,0.46651965379714966
YHR139C,YPR105C,0,3.2904243,0.15348245203495026,0.82421875,0.4666198790073395
YPL209C,YDR300C,0,3.2894502,0.15345454216003418,0.82421875,0.4667201340198517
YNL133C,YBR060C,0,3.2890205,0.1534266471862793,0.82421875,0.4668203592300415
YAL007C,YOR109W,0,3.288228,0.1533987671136856,0.82421875,0.4669206142425537
YLR239C,YKL185W,0,3.2873278,0.15337088704109192,0.82421875,0.46702083945274353
YOR207C,YPR097W,0,3.2859411,0.15334302186965942,0.82421875,0.46712109446525574
YOR380W,YGR283C,0,3.285925,0.15331517159938812,0.82421875,0.46722131967544556
YML041C,YCR016W,0,3.284617,0.15328732132911682,0.82421875,0.46732157468795776
YLR426W,YPR128C,0,3.2837615,0.1532594859600067,0.82421875,0.4674217998981476
YLL026W,YPR169W,0,3.2835891,0.1532316654920578,0.82421875,0.4675220549106598
YJR035W,YGR109W-A,0,3.2819533,0.1532038450241089,0.82421875,0.4676222801208496
YOR065W,YDR168W,0,3.2818174,0.15317603945732117,0.82421875,0.4677225351333618
YEL020W-A,YIL153W,0,3.2816,0.15314824879169464,0.82421875,0.46782276034355164
YHR050W,YNL083W,1,3.2801528,0.1533018797636032,0.8251953125,0.46782276034355164
YKR089C,YHR014W,0,3.2758858,0.1532740741968155,0.8251953125,0.46792301535606384
YML127W,YHR158C,0,3.2755885,0.15324628353118896,0.8251953125,0.46802327036857605
YAR033W,YAL019W,0,3.2743115,0.15321849286556244,0.8251953125,0.46812349557876587
YGR161W-A,YMR072W,0,3.2742734,0.1531907171010971,0.8251953125,0.4682237505912781
YKL045W,YEL032W,0,3.2733452,0.15316295623779297,0.8251953125,0.4683239758014679
YOL096C,YBL008W,0,3.2720098,0.15313519537448883,0.8251953125,0.4684242308139801
YPR007C,YLR017W,0,3.2715845,0.1531074494123459,0.8251953125,0.4685244560241699
YHR210C,YJR027W,0,3.2714906,0.15307970345020294,0.8251953125,0.46862471103668213
YKL069W,YBL014C,0,3.2714734,0.15305198729038239,0.8251953125,0.46872493624687195
YKL026C,YJL179W,0,3.2714295,0.15302427113056183,0.8251953125,0.46882519125938416
YPR003C,YOL077W-A,1,3.2711816,0.15317761898040771,0.826171875,0.46882519125938416
YPR154W,YNL066W,0,3.2707043,0.15314988791942596,0.826171875,0.468925416469574
YOR009W,YNL161W,0,3.2706075,0.1531221717596054,0.826171875,0.4690256714820862
YOL077W-A,YLR047C,1,3.2689316,0.15327543020248413,0.8271484375,0.4690256714820862
YDR516C,YHR014W,0,3.2674735,0.15324769914150238,0.8271484375,0.469125896692276
YNL045W,YOR316C,0,3.2663243,0.15321996808052063,0.8271484375,0.4692261517047882
YMR234W,YLL016W,0,3.2639804,0.15319225192070007,0.8271484375,0.469326376914978
YNL284C-B,YKR093W,0,3.263701,0.1531645506620407,0.8271484375,0.46942663192749023
YKR007W,YBR049C,0,3.2616348,0.15313686430454254,0.8271484375,0.46952685713768005
YHR035W,YPL198W,0,3.2605658,0.15310917794704437,0.8271484375,0.46962711215019226
YAL019W,YLR260W,0,3.2604618,0.1530815064907074,0.8271484375,0.4697273373603821
YKR085C,YNL246W,0,3.2602508,0.15305384993553162,0.8271484375,0.4698275923728943
YGL025C,YGR060W,0,3.2596893,0.15302619338035583,0.8271484375,0.4699278175830841
YHR205W,YGR109W-A,0,3.2592986,0.15299855172634125,0.8271484375,0.4700280725955963
YNL145W,YOR026W,0,3.2592235,0.15297092497348785,0.8271484375,0.47012829780578613
YGL006W,YDR188W,0,3.2590733,0.15294329822063446,0.8271484375,0.47022855281829834
YOR192C,YLR417W,0,3.258947,0.15291568636894226,0.8271484375,0.47032877802848816
YDL160C,YOL116W,0,3.2585444,0.15288808941841125,0.8271484375,0.47042903304100037
YPR180W,YOR271C,0,3.25683,0.15286049246788025,0.8271484375,0.4705292582511902
YDR367W,YER159C,0,3.2567642,0.15283291041851044,0.8271484375,0.4706295132637024
YDR377W,YKL002W,0,3.2566333,0.15280534327030182,0.8271484375,0.4707297384738922
YDR328C,YDR289C,0,3.2560833,0.1527777761220932,0.8271484375,0.4708299934864044
YHL028W,YPL210C,0,3.2542596,0.15275022387504578,0.8271484375,0.47093021869659424
YPR158W-B,YMR041C,0,3.2534215,0.15272268652915955,0.8271484375,0.47103047370910645
YLL016W,YDR437W,0,3.2523823,0.15269514918327332,0.8271484375,0.47113069891929626
YDR189W,YNL041C,0,3.2522504,0.15266762673854828,0.8271484375,0.47123095393180847
YHR108W,YPL193W,0,3.2522097,0.15264011919498444,0.8271484375,0.4713312089443207
YER143W,YLR220W,0,3.2519917,0.1526126116514206,0.8271484375,0.4714314341545105
YOR177C,YLR181C,0,3.251873,0.15258511900901794,0.8271484375,0.4715316891670227
YGR235C,YLR056W,0,3.2512085,0.1525576412677765,0.8271484375,0.4716319143772125
YBR107C,YLL006W,0,3.250422,0.15253016352653503,0.8271484375,0.47173216938972473
YLR237W,YFL050C,1,3.2501807,0.15268275141716003,0.828125,0.47173216938972473
YOR381W,YOR334W,1,3.2498584,0.15283527970314026,0.8291015625,0.47173216938972473
YDR517W,YOR026W,0,3.2493868,0.15280777215957642,0.8291015625,0.47183239459991455
YOR016C,YMR225C,0,3.2489371,0.15278027951717377,0.8291015625,0.47193264961242676
YJL181W,YLR247C,0,3.2486129,0.15275278687477112,0.8291015625,0.4720328748226166
YOR359W,YGL226W,0,3.2477965,0.15272530913352966,0.8291015625,0.4721331298351288
YBR114W,YMR081C,0,3.2471964,0.1526978462934494,0.8291015625,0.4722333550453186
YBL080C,YFL026W,0,3.2465436,0.15267038345336914,0.8291015625,0.4723336100578308
YBR233W-A,YPR057W,0,3.246416,0.15264293551445007,0.8291015625,0.47243383526802063
YKL058W,YDR257C,0,3.2464004,0.1526155024766922,0.8291015625,0.47253409028053284
YDR007W,YDR309C,0,3.245911,0.15258806943893433,0.8291015625,0.47263431549072266
YLR347C,YMR131C,0,3.2452579,0.15256065130233765,0.8291015625,0.47273457050323486
YBR162W-A,YIL053W,0,3.244918,0.15253323316574097,0.8291015625,0.4728347957134247
YNL199C,YBR078W,0,3.243075,0.15250584483146667,0.8291015625,0.4729350507259369
YDR516C,YDR276C,0,3.242989,0.1524784415960312,0.8291015625,0.4730352759361267
YKR100C,YNL023C,0,3.2420933,0.1524510681629181,0.8291015625,0.4731355309486389
YBR189W,YPL178W,0,3.2419624,0.152423694729805,0.8291015625,0.47323575615882874
YJL183W,YPR100W,0,3.2417297,0.1523963361978531,0.8291015625,0.47333601117134094
YPL126W,YER139C,0,3.2408948,0.15236899256706238,0.8291015625,0.47343623638153076
YLR052W,YDR398W,0,3.2407098,0.15234164893627167,0.8291015625,0.47353649139404297
YBR029C,YDR160W,0,3.2399387,0.15231432020664215,0.8291015625,0.4736367166042328
YGL027C,YHR014W,0,3.2391744,0.15228699147701263,0.8291015625,0.473736971616745
YDL135C,YNL247W,0,3.2390995,0.1522596776485443,0.8291015625,0.4738371968269348
YHL008C,YPL036W,1,3.2384143,0.15241168439388275,0.830078125,0.4738371968269348
YOL132W,YJL083W,0,3.2380967,0.15238437056541443,0.830078125,0.473937451839447
YHR210C,YBR191W,0,3.237261,0.1523570567369461,0.830078125,0.47403767704963684
YKL026C,YFL049W,0,3.237197,0.15232974290847778,0.830078125,0.47413793206214905
YCR035C,YGL049C,0,3.2364743,0.15230245888233185,0.830078125,0.47423815727233887
YPR173C,YDR087C,0,3.2357788,0.1522751748561859,0.830078125,0.4743384122848511
YLR234W,YKR083C,0,3.2355185,0.15224789083003998,0.830078125,0.4744386672973633
YIL014W,YNL024C,0,3.2355042,0.15222063660621643,0.830078125,0.4745388925075531
YPL280W,YKL052C,0,3.2353396,0.15219338238239288,0.830078125,0.4746391475200653
YBR272C,YGR161C-D,0,3.2337441,0.15216612815856934,0.830078125,0.4747393727302551
YJR108W,YBL025W,0,3.2330985,0.15213888883590698,0.830078125,0.47483962774276733
YLL048C,YDL243C,0,3.2312906,0.15211166441440582,0.830078125,0.47493985295295715
YKR078W,YLR382C,0,3.2310233,0.15208445489406586,0.830078125,0.47504010796546936
YJR027W,YGL058W,0,3.2303853,0.1520572453737259,0.830078125,0.4751403331756592
YNL286W,YJL001W,0,3.2302935,0.15203005075454712,0.830078125,0.4752405881881714
YLR085C,YFL056C,0,3.229632,0.15200285613536835,0.830078125,0.4753408133983612
YNR024W,YDR301W,0,3.2295966,0.15197569131851196,0.830078125,0.4754410684108734
YGL027C,YOR341W,0,3.229413,0.15194851160049438,0.830078125,0.47554129362106323
YHR113W,YKL052C,0,3.2288246,0.1519213616847992,0.830078125,0.47564154863357544
YGL115W,YPL117C,0,3.2281384,0.151894211769104,0.830078125,0.47574177384376526
YDR039C,YGR253C,0,3.227763,0.15186707675457,0.830078125,0.47584202885627747
YER038C,YDR244W,0,3.2263207,0.151839941740036,0.830078125,0.4759422540664673
YDL098C,YCL048W,0,3.2255285,0.1518128216266632,0.830078125,0.4760425090789795
YPL063W,YDL123W,0,3.2248735,0.1517857164144516,0.830078125,0.4761427342891693
YDL135C,YKL192C,0,3.2246149,0.15175861120224,0.830078125,0.4762429893016815
YDR463W,YER143W,0,3.2241635,0.15173152089118958,0.830078125,0.47634321451187134
YDR528W,YLR056W,0,3.2239842,0.15170444548130035,0.830078125,0.47644346952438354
YIL068C,YGL144C,0,3.2234979,0.15167737007141113,0.830078125,0.47654369473457336
YGL126W,YKR085C,0,3.2219024,0.1516503095626831,0.830078125,0.47664394974708557
YGL142C,YDR201W,0,3.2217927,0.15162326395511627,0.830078125,0.4767441749572754
YIR019C,YDR517W,0,3.2212915,0.15159621834754944,0.830078125,0.4768444299697876
YDR372C,YHR193C,0,3.2208598,0.1515691876411438,0.830078125,0.4769446551799774
YOR383C,YJR040W,1,3.2196946,0.15172044932842255,0.8310546875,0.4769446551799774
YPL141C,YPR161C,0,3.2194521,0.1516934037208557,0.8310546875,0.4770449101924896
YBR233W-A,YLR384C,0,3.2193317,0.15166637301445007,0.8310546875,0.47714513540267944
YJR073C,YKL197C,0,3.218072,0.15163934230804443,0.8310546875,0.47724539041519165
YOR251C,YHL016C,1,3.2168756,0.15179048478603363,0.83203125,0.47724539041519165
YHR154W,YOR271C,0,3.21636,0.151763454079628,0.83203125,0.47734561562538147
YPR067W,YLR193C,0,3.2160964,0.15173642337322235,0.83203125,0.4774458706378937
YDR515W,YPL178W,0,3.215757,0.1517094075679779,0.83203125,0.4775460958480835
YPL169C,YDR292C,0,3.2151732,0.15168239176273346,0.83203125,0.4776463508605957
YDR145W,YDR439W,0,3.2151513,0.1516553908586502,0.83203125,0.4777466058731079
YNL318C,YIL018W,0,3.2120275,0.15162840485572815,0.83203125,0.47784683108329773
YGL067W,YBR218C,0,3.2117856,0.1516014188528061,0.83203125,0.47794708609580994
YDR098C-A,YOR032C,0,3.2115943,0.15157444775104523,0.83203125,0.47804731130599976
YGR161W-A,YDL113C,0,3.2111998,0.15154749155044556,0.83203125,0.47814756631851196
YNL288W,YBL014C,0,3.2110157,0.1515205353498459,0.83203125,0.4782477915287018
YOR236W,YJL035C,0,3.209733,0.1514935940504074,0.83203125,0.478348046541214
YLR227W-A,YER038C,0,3.2091496,0.15146666765213013,0.83203125,0.4784482717514038
YNL103W,YMR183C,0,3.208568,0.15143974125385284,0.83203125,0.478548526763916
YDR300C,YCL001W,0,3.2075949,0.15141282975673676,0.83203125,0.47864875197410583
YOL132W,YDL123W,0,3.2073593,0.15138593316078186,0.83203125,0.47874900698661804
YIR004W,YCL054W,0,3.2071803,0.15135903656482697,0.83203125,0.47884923219680786
YMR175W,YHR190W,0,3.206551,0.15133215487003326,0.83203125,0.47894948720932007
YDR078C,YIL137C,0,3.2054644,0.15130527317523956,0.83203125,0.4790497124195099
YCL068C,YIL011W,0,3.205284,0.15127840638160706,0.83203125,0.4791499674320221
YDL081C,YHR214W,0,3.205174,0.15125155448913574,0.83203125,0.4792501926422119
YKL062W,YDR087C,0,3.204978,0.15122470259666443,0.83203125,0.4793504476547241
YGR055W,YIL087C,0,3.2020683,0.1511978656053543,0.83203125,0.47945067286491394
YDR464W,YBR295W,0,3.20196,0.15117104351520538,0.83203125,0.47955092787742615
YBL008W,YLR328W,0,3.2017145,0.15114422142505646,0.83203125,0.47965115308761597
YJR042W,YGR044C,0,3.1993167,0.15111741423606873,0.83203125,0.4797514081001282
YIL036W,YPL221W,0,3.198588,0.1510906219482422,0.83203125,0.479851633310318
YDL120W,YCR027C,1,3.1979575,0.15124113857746124,0.8330078125,0.479851633310318
YBR024W,YBR127C,1,3.197608,0.15139159560203552,0.833984375,0.479851633310318
YCR036W,YCR106W,0,3.1975088,0.1513647586107254,0.833984375,0.4799518883228302
YPR068C,YKL032C,0,3.1968985,0.15133793652057648,0.833984375,0.48005211353302
YLR249W,YGL116W,0,3.19657,0.15131112933158875,0.833984375,0.4801523685455322
YHR103W,YBL100W-B,0,3.195639,0.151284322142601,0.833984375,0.48025259375572205
YDR188W,YPR199C,0,3.1950295,0.15125752985477448,0.833984375,0.48035284876823425
YPR154W,YDR261C,0,3.1943328,0.15123073756694794,0.833984375,0.4804530739784241
YEL027W,YGL238W,0,3.1939516,0.1512039601802826,0.833984375,0.4805533289909363
YHR113W,YDR292C,0,3.193207,0.15117719769477844,0.833984375,0.4806535542011261
YDR160W,YJR096W,0,3.1930199,0.1511504352092743,0.833984375,0.4807538092136383
YPL169C,YBR146W,0,3.1928287,0.15112368762493134,0.833984375,0.4808540642261505
YPR173C,YPR046W,0,3.1916776,0.15109695494174957,0.833984375,0.48095428943634033
YER023W,YER071C,0,3.1908555,0.1510702222585678,0.833984375,0.48105454444885254
YOR380W,YLR037C,0,3.190074,0.15104350447654724,0.833984375,0.48115476965904236
YER031C,YCL051W,0,3.1899385,0.15101680159568787,0.833984375,0.48125502467155457
YIL075C,YGR129W,0,3.189923,0.1509900987148285,0.833984375,0.4813552498817444
YPR017C,YMR035W,0,3.189636,0.1509634107351303,0.833984375,0.4814555048942566
YDR377W,YJL083W,0,3.1887977,0.15093672275543213,0.833984375,0.4815557301044464
YBR029C,YOR341W,0,3.1882904,0.15091004967689514,0.833984375,0.4816559851169586
YHR108W,YHR214W,0,3.1880605,0.15088339149951935,0.833984375,0.48175621032714844
YDR317W,YER129W,0,3.1879394,0.15085673332214355,0.833984375,0.48185646533966064
YBR107C,YKL081W,0,3.1878796,0.15083009004592896,0.833984375,0.48195669054985046
YPR158W-B,YPL018W,0,3.1876585,0.15080346167087555,0.833984375,0.48205694556236267
YDR422C,YPL179W,0,3.18718,0.15077683329582214,0.833984375,0.4821571707725525
YOR101W,YOR254C,0,3.186392,0.15075021982192993,0.833984375,0.4822574257850647
YHR103W,YCL035C,0,3.1854653,0.1507236212491989,0.833984375,0.4823576509952545
YJL173C,YDL076C,0,3.1833806,0.1506970226764679,0.833984375,0.4824579060077667
YDL093W,YFR014C,0,3.1812677,0.15067042410373688,0.833984375,0.48255813121795654
YJL212C,YPL040C,0,3.181116,0.15064385533332825,0.833984375,0.48265838623046875
YDL072C,YDR406W,0,3.1807637,0.15061728656291962,0.833984375,0.48275861144065857
YOR172W,YIR031C,0,3.1805735,0.150590717792511,0.833984375,0.4828588664531708
YER149C,YCR044C,0,3.1801486,0.15056417882442474,0.833984375,0.4829590916633606
YHR146W,YOR273C,0,3.1801329,0.1505376398563385,0.833984375,0.4830593466758728
YMR286W,YFR016C,0,3.1779923,0.15051110088825226,0.833984375,0.4831595718860626
YLR239C,YFL061W,0,3.175829,0.1504845768213272,0.833984375,0.48325982689857483
YNL056W,YJL089W,0,3.1752863,0.15045806765556335,0.833984375,0.48336005210876465
YOL020W,YLR239C,0,3.1751285,0.1504315733909607,0.833984375,0.48346030712127686
YDR129C,YHR214C-C,0,3.1742744,0.15040507912635803,0.833984375,0.4835605323314667
YER040W,YHR142W,0,3.173521,0.15037858486175537,0.833984375,0.4836607873439789
YGR017W,YNL063W,0,3.17349,0.1503521054983139,0.833984375,0.4837610125541687
YOR266W,YGR165W,0,3.1729312,0.15032564103603363,0.833984375,0.4838612675666809
YDR412W,YPL173W,0,3.1725445,0.15029919147491455,0.833984375,0.4839614927768707
YCR035C,YDR292C,0,3.172367,0.15027274191379547,0.833984375,0.48406174778938293
YNR071C,YDR284C,0,3.172091,0.15024630725383759,0.833984375,0.48416200280189514
YBR114W,YOL061W,0,3.171504,0.1502198725938797,0.833984375,0.48426222801208496
YJL054W,YDL139C,0,3.1702027,0.150193452835083,0.833984375,0.48436248302459717
YBR029C,YJR120W,0,3.1701283,0.1501670479774475,0.833984375,0.484462708234787
YLL067C,YMR225C,0,3.1692562,0.150140643119812,0.833984375,0.4845629632472992
YML061C,YDR303C,0,3.1686087,0.1501142531633377,0.833984375,0.484663188457489
YJR117W,YLR360W,0,3.1675243,0.1500878781080246,0.833984375,0.4847634434700012
YOR332W,YBR054W,1,3.166719,0.15023721754550934,0.8349609375,0.4847634434700012
YDR280W,YGL005C,0,3.1665854,0.15021082758903503,0.8349609375,0.48486366868019104
YLR293C,YPL207W,0,3.166334,0.15018443763256073,0.8349609375,0.48496392369270325
YHR073W,YDR469W,0,3.1662543,0.15015806257724762,0.8349609375,0.48506414890289307
YML016C,YKL079W,0,3.1660259,0.1501316875219345,0.8349609375,0.4851644039154053
YGR181W,YNL173C,0,3.165546,0.1501053422689438,0.8349609375,0.4852646291255951
YGR202C,YHR194W,0,3.1647816,0.15007898211479187,0.8349609375,0.4853648841381073
YDR111C,YJL197W,0,3.1646018,0.15005265176296234,0.8349609375,0.4854651093482971
YCR107W,YKR049C,0,3.1644738,0.1500263214111328,0.8349609375,0.4855653643608093
YBR065C,YIL038C,0,3.1642385,0.15000000596046448,0.8349609375,0.48566558957099915
YHL038C,YGL167C,0,3.1640701,0.14997369050979614,0.8349609375,0.48576584458351135
YER100W,YMR041C,0,3.163772,0.149947389960289,0.8349609375,0.48586606979370117
YHR122W,YGR253C,0,3.163147,0.14992108941078186,0.8349609375,0.4859663248062134
YHR194W,YMR035W,0,3.1626341,0.1498948037624359,0.8349609375,0.4860665500164032
YNL173C,YPL239W,0,3.1625967,0.14986853301525116,0.8349609375,0.4861668050289154
YML041C,YPR017C,0,3.1619892,0.1498422771692276,0.8349609375,0.4862670302391052
YHR009C,YOL135C,0,3.160776,0.14981602132320404,0.8349609375,0.48636728525161743
YCL048W,YKR095W,0,3.160757,0.14978976547718048,0.8349609375,0.48646751046180725
YOR332W,YLR138W,1,3.1596322,0.1499386876821518,0.8359375,0.48646751046180725
YIL087C,YGR224W,0,3.1594372,0.14991243183612823,0.8359375,0.48656776547431946
YDR148C,YGR217W,0,3.1594152,0.14988619089126587,0.8359375,0.4866679906845093
YJR117W,YNR038W,0,3.158382,0.1498599499464035,0.8359375,0.4867682456970215
YDR365W-A,YJR050W,0,3.1583261,0.14983370900154114,0.8359375,0.4868684709072113
YPR188C,YBL100W-B,0,3.1576648,0.14980748295783997,0.8359375,0.4869687259197235
YPR095C,YBL100W-B,0,3.1560483,0.1497812718153,0.8359375,0.48706895112991333
YDL210W,YOR334W,1,3.1547756,0.14993001520633698,0.8369140625,0.48706895112991333
YLR315W,YPL140C,0,3.1544347,0.1499037891626358,0.8369140625,0.48716920614242554
YAL056W,YIL148W,0,3.1544237,0.14987757802009583,0.8369140625,0.48726946115493774
YHR009C,YBL091C,0,3.1540904,0.14985136687755585,0.8369140625,0.48736968636512756
YML021C,YGR103W,0,3.153723,0.14982517063617706,0.8369140625,0.48746994137763977
YDR204W,YLR200W,0,3.1536946,0.14979898929595947,0.8369140625,0.4875701665878296
YLR324W,YHR033W,0,3.1520648,0.14977280795574188,0.8369140625,0.4876704216003418
YLL048C,YDR007W,0,3.1515589,0.14974664151668549,0.8369140625,0.4877706468105316
YDL018C,YLR247C,0,3.1504035,0.1497204750776291,0.8369140625,0.4878709018230438
YPL141C,YNR055C,0,3.149771,0.1496943235397339,0.8369140625,0.48797112703323364
YFL011W,YHL021C,0,3.1496205,0.14966818690299988,0.8369140625,0.48807138204574585
YOR363C,YKL129C,0,3.1491253,0.14964205026626587,0.8369140625,0.48817160725593567
YDR273W,YIL062C,0,3.1481729,0.14961592853069305,0.8369140625,0.4882718622684479
YKR093W,YER063W,0,3.1458201,0.14958980679512024,0.8369140625,0.4883720874786377
YKL069W,YLL031C,0,3.1456122,0.14956369996070862,0.8369140625,0.4884723424911499
YKL014C,YDR328C,0,3.1451626,0.1495376080274582,0.8369140625,0.4885725677013397
YOR334W,YJR046W,0,3.1436558,0.14951151609420776,0.8369140625,0.48867282271385193
YDL247W,YGL139W,0,3.1435342,0.14948543906211853,0.8369140625,0.48877304792404175
YPR148C,YPR105C,0,3.142609,0.1494593620300293,0.8369140625,0.48887330293655396
YKL006C-A,YGL115W,0,3.1406608,0.14943329989910126,0.8369140625,0.4889735281467438
YLL043W,YEL062W,1,3.1402767,0.14958159625530243,0.837890625,0.4889735281467438
YOR372C,YOR319W,0,3.1402578,0.1495555192232132,0.837890625,0.489073783159256
YPL233W,YPL161C,0,3.1386654,0.14952945709228516,0.837890625,0.4891740083694458
YGR078C,YBL008W,0,3.1371522,0.14950339496135712,0.837890625,0.489274263381958
YIL120W,YGL194C,0,3.1370356,0.14947734773159027,0.837890625,0.4893744885921478
YER063W,YIL030C,0,3.136201,0.14945131540298462,0.837890625,0.48947474360466003
YBR153W,YPL010W,0,3.1361384,0.14942528307437897,0.837890625,0.48957496881484985
YFL050C,YOR071C,1,3.1350312,0.1495734006166458,0.8388671875,0.48957496881484985
YPL198W,YHR106W,0,3.1347818,0.14954735338687897,0.8388671875,0.48967522382736206
YDR316W-B,YMR149W,0,3.1343083,0.14952132105827332,0.8388671875,0.4897754490375519
YOR090C,YGL045W,0,3.1303887,0.14949530363082886,0.8388671875,0.4898757040500641
YJL083W,YPR141C,0,3.1295953,0.1494692862033844,0.8388671875,0.4899759292602539
YDR399W,YFR034C,0,3.129175,0.14944328367710114,0.8388671875,0.4900761842727661
YOR334W,YHR185C,0,3.1274574,0.14941729605197906,0.8388671875,0.49017640948295593
YDL113C,YGL144C,0,3.1268167,0.149391308426857,0.8388671875,0.49027666449546814
YCR107W,YNL164C,0,3.125177,0.14936532080173492,0.8388671875,0.49037688970565796
YOL020W,YHR106W,0,3.1247895,0.14933936297893524,0.8388671875,0.49047714471817017
YBR290W,YCR028C,1,3.123814,0.1494872272014618,0.83984375,0.49047714471817017
YKL110C,YDR165W,0,3.123139,0.14946123957633972,0.83984375,0.4905773997306824
YMR110C,YBL063W,0,3.1230385,0.14943526685237885,0.83984375,0.4906776249408722
YOR241W,YAL068C,0,3.1219006,0.14940930902957916,0.83984375,0.4907778799533844
YPR008W,YER060W-A,0,3.121667,0.14938336610794067,0.83984375,0.4908781051635742
YBR162W-A,YPR128C,0,3.1206496,0.14935742318630219,0.83984375,0.4909783601760864
YDR025W,YLR200W,0,3.120192,0.1493314802646637,0.83984375,0.49107858538627625
YMR286W,YPL262W,0,3.1199138,0.1493055522441864,0.83984375,0.49117884039878845
YPR067W,YBL005W,0,3.1181774,0.1492796391248703,0.83984375,0.49127906560897827
YDR175C,YMR091C,0,3.1173697,0.1492537260055542,0.83984375,0.4913793206214905
YLR215C,YGL006W,0,3.1173122,0.1492278277873993,0.83984375,0.4914795458316803
YLR092W,YER167W,0,3.1167793,0.14920194447040558,0.83984375,0.4915798008441925
YDR350C,YNL059C,0,3.115263,0.14917606115341187,0.83984375,0.4916800260543823
YER159C,YER032W,0,3.1152458,0.14915019273757935,0.83984375,0.49178028106689453
YBR233W-A,YDR513W,0,3.114433,0.14912432432174683,0.83984375,0.49188050627708435
YCL029C,YMR009W,0,3.113786,0.1490984708070755,0.83984375,0.49198076128959656
YML045W,YNL318C,0,3.1136928,0.14907263219356537,0.83984375,0.4920809864997864
YOR119C,YDL119C,0,3.1099987,0.14904679358005524,0.83984375,0.4921812415122986
YAL056W,YHL011C,0,3.1081872,0.1490209698677063,0.83984375,0.4922814667224884
YDL247W,YMR242C,0,3.1066284,0.14899514615535736,0.83984375,0.4923817217350006
YHL038C,YML076C,0,3.1058443,0.14896933734416962,0.83984375,0.49248194694519043
YLR085C,YPL203W,0,3.105803,0.14894354343414307,0.83984375,0.49258220195770264
YHR073W,YOR158W,0,3.1054807,0.14891774952411652,0.83984375,0.49268242716789246
YOL126C,YBR086C,0,3.1053438,0.14889197051525116,0.83984375,0.49278268218040466
YDR098C-B,YOR254C,0,3.104248,0.1488661915063858,0.83984375,0.4928829073905945
YBR153W,YPL058C,0,3.10406,0.14884042739868164,0.83984375,0.4929831624031067
YGL167C,YKR083C,0,3.103251,0.14881467819213867,0.83984375,0.4930833876132965
YLR004C,YLR313C,0,3.1026826,0.1487889289855957,0.83984375,0.4931836426258087
YPL171C,YPR007C,0,3.102186,0.14876319468021393,0.83984375,0.49328386783599854
YBR112C,YDR289C,0,3.1020806,0.14873746037483215,0.83984375,0.49338412284851074
YFL011W,YPR046W,0,3.10119,0.14871174097061157,0.83984375,0.49348434805870056
YDR091C,YHR190W,0,3.1008258,0.14868603646755219,0.83984375,0.49358460307121277
YBR180W,YKR083C,0,3.1005278,0.1486603319644928,0.83984375,0.493684858083725
YPL146C,YPR133C,0,3.099844,0.1486346423625946,0.83984375,0.4937850832939148
YDR407C,YPR199C,0,3.099297,0.1486089527606964,0.83984375,0.493885338306427
YBR109C,YHL035C,0,3.0962389,0.1485832780599594,0.83984375,0.4939855635166168
YML059C,YNL132W,0,3.0960746,0.1485576033592224,0.83984375,0.49408581852912903
YHL038C,YLR060W,0,3.0951765,0.1485319584608078,0.83984375,0.49418604373931885
YHR113W,YGL078C,0,3.0947042,0.148506298661232,0.83984375,0.49428629875183105
YHR210C,YPL210C,0,3.0946617,0.14848066866397858,0.83984375,0.4943865239620209
YDR227W,YMR118C,0,3.0940046,0.14845503866672516,0.83984375,0.4944867789745331
YPL203W,YDR300C,0,3.092766,0.14842940866947174,0.83984375,0.4945870041847229
YHR111W,YFR049W,0,3.0921948,0.14840379357337952,0.83984375,0.4946872591972351
YKR064W,YJL212C,0,3.0919552,0.1483781933784485,0.83984375,0.4947874844074249
YLR315W,YBR301W,0,3.0917377,0.14835259318351746,0.83984375,0.49488773941993713
YDR122W,YHR214W,0,3.0916872,0.14832700788974762,0.83984375,0.49498796463012695
YGL077C,YMR241W,1,3.090065,0.14847387373447418,0.8408203125,0.49498796463012695
YMR220W,YGL093W,0,3.0896778,0.14844827353954315,0.8408203125,0.49508821964263916
YKL192C,YIL005W,0,3.0896273,0.14842268824577332,0.8408203125,0.495188444852829
YGR007W,YDL046W,0,3.089168,0.14839710295200348,0.8408203125,0.4952886998653412
YLR167W,YMR048W,0,3.0884557,0.14837153255939484,0.8408203125,0.495388925075531
YDR111C,YIL167W,0,3.0881782,0.1483459621667862,0.8408203125,0.4954891800880432
YHR122W,YBR016W,0,3.0879235,0.14832040667533875,0.8408203125,0.49558940529823303
YKL026C,YOR380W,0,3.0875235,0.1482948660850525,0.8408203125,0.49568966031074524
YOL009C,YDL117W,0,3.0874841,0.14826932549476624,0.8408203125,0.49578988552093506
YJL054W,YCL067C,0,3.0867333,0.14824379980564117,0.8408203125,0.49589014053344727
YDL220C,YOR158W,0,3.0860834,0.1482182890176773,0.8408203125,0.4959903657436371
YDL135C,YGL198W,0,3.0856667,0.14819277822971344,0.8408203125,0.4960906207561493
YLR092W,YGR161C-D,0,3.0854287,0.14816726744174957,0.8408203125,0.4961908459663391
YEL001C,YKL114C,0,3.0846817,0.1481417715549469,0.8408203125,0.4962911009788513
YPL248C,YDR317W,0,3.0836778,0.14811629056930542,0.8408203125,0.49639132618904114
YBR233W-A,YDL081C,0,3.0835805,0.14809080958366394,0.8408203125,0.49649158120155334
YDR276C,YHR080C,0,3.0818858,0.14806534349918365,0.8408203125,0.49659180641174316
YHR146W,YPL040C,0,3.0807865,0.14803989231586456,0.8408203125,0.49669206142425537
YPL193W,YML031W,0,3.0794435,0.14801444113254547,0.8408203125,0.4967922866344452
YOR252W,YPL006W,0,3.078731,0.14798900485038757,0.8408203125,0.4968925416469574
YBL007C,YOR271C,0,3.0776412,0.14796356856822968,0.8408203125,0.4969927966594696
YNL056W,YKL192C,0,3.076439,0.14793814718723297,0.8408203125,0.4970930218696594
YJL162C,YMR050C,0,3.075961,0.14791272580623627,0.8408203125,0.49719327688217163
YML107C,YDR384C,0,3.0746336,0.14788731932640076,0.8408203125,0.49729350209236145
YER102W,YHR090C,0,3.0725868,0.14786192774772644,0.8408203125,0.49739375710487366
YGR253C,YPL173W,0,3.0724514,0.14783653616905212,0.8408203125,0.4974939823150635
YGR244C,YFL011W,0,3.0721278,0.147811159491539,0.8408203125,0.4975942373275757
YLR061W,YER060W,0,3.071835,0.14778578281402588,0.8408203125,0.4976944625377655
YER060W-A,YFR049W,0,3.071533,0.14776042103767395,0.8408203125,0.4977947175502777
YBR233W-A,YDL102W,0,3.0710673,0.14773507416248322,0.8408203125,0.49789494276046753
YKR095W,YNL081C,0,3.0706773,0.14770972728729248,0.8408203125,0.49799519777297974
YPR154W,YDR259C,0,3.0703845,0.14768439531326294,0.8408203125,0.49809542298316956
YLR345W,YDL012C,0,3.069437,0.1476590633392334,0.8408203125,0.49819567799568176
YBR024W,YPR036W,1,3.0691347,0.14780521392822266,0.841796875,0.49819567799568176
YPL137C,YIL062C,0,3.0683026,0.14777986705303192,0.841796875,0.4982959032058716
YER014W,YPL010W,0,3.0679967,0.14775453507900238,0.841796875,0.4983961582183838
YDR468C,YJL098W,0,3.0662313,0.14772921800613403,0.841796875,0.4984963834285736
YJL089W,YOR086C,0,3.0650449,0.14770390093326569,0.841796875,0.4985966384410858
YOL154W,YPL117C,0,3.064393,0.14767859876155853,0.841796875,0.49869686365127563
YJL094C,YHR114W,0,3.0643535,0.14765331149101257,0.841796875,0.49879711866378784
YPL210C,YBR094W,0,3.0630813,0.1476280242204666,0.841796875,0.49889734387397766
YMR226C,YNL066W,0,3.0622456,0.14760273694992065,0.841796875,0.49899759888648987
YKR099W,YLR055C,0,3.0618663,0.1475774645805359,0.841796875,0.4990978240966797
YDR100W,YGR161C-D,0,3.0614681,0.14755220711231232,0.841796875,0.4991980791091919
YDL100C,YPL140C,0,3.0609546,0.14752694964408875,0.841796875,0.4992983043193817
YJL078C,YDR515W,0,3.0607533,0.14750170707702637,0.841796875,0.4993985593318939
YBL007C,YCL039W,0,3.0599475,0.14747647941112518,0.841796875,0.49949878454208374
YER149C,YOR319W,0,3.059452,0.147451251745224,0.841796875,0.49959903955459595
YIL064W,YJL168C,0,3.0593004,0.14742602407932281,0.841796875,0.49969926476478577
YBR279W,YDR023W,0,3.0574741,0.14740082621574402,0.841796875,0.499799519777298
YLR363C,YIL018W,0,3.055978,0.14737561345100403,0.841796875,0.4998997449874878
YGR235C,YCR045C,0,3.055822,0.14735043048858643,0.841796875,0.5
YML057W,YML061C,0,3.0556283,0.14732524752616882,0.841796875,0.5001002550125122
YHR009C,YLR288C,0,3.0549302,0.14730006456375122,0.841796875,0.5002005100250244
YBR233W-A,YPR188C,0,3.0546134,0.1472748965024948,0.841796875,0.5003007054328918
YDR256C,YHL026C,0,3.0540302,0.1472497433423996,0.841796875,0.500400960445404
YLL066C,YKL134C,0,3.054002,0.14722459018230438,0.841796875,0.5005012154579163
YEL044W,YNL278W,0,3.0534225,0.14719945192337036,0.841796875,0.5006014704704285
YDR397C,YHR106W,0,3.05341,0.14717432856559753,0.841796875,0.5007016658782959
YOR019W,YLR115W,0,3.0533676,0.1471491903066635,0.841796875,0.5008019208908081
YNL284C-B,YPL235W,0,3.0525317,0.14712408185005188,0.841796875,0.5009021759033203
YGR217W,YNL176C,0,3.0522223,0.14709897339344025,0.841796875,0.5010024309158325
YIL022W,YDR325W,0,3.0515442,0.1470738798379898,0.841796875,0.5011026263237
YGR178C,YDR317W,0,3.0510998,0.14704878628253937,0.841796875,0.5012028813362122
YIL014W,YMR225C,0,3.0507288,0.14702370762825012,0.841796875,0.5013031363487244
YLL031C,YHR006W,0,3.0506866,0.14699862897396088,0.841796875,0.5014033913612366
YDL081C,YLR056W,0,3.0500116,0.14697356522083282,0.841796875,0.501503586769104
YPL265W,YDL185W,1,3.0498924,0.14711898565292358,0.8427734375,0.501503586769104
YKL043W,YOR260W,0,3.0492291,0.14709392189979553,0.8427734375,0.5016038417816162
YFL050C,YPL036W,1,3.0487885,0.14723926782608032,0.84375,0.5016038417816162
YDR091C,YGR211W,0,3.048439,0.14721417427062988,0.84375,0.5017040967941284
YGL073W,YER081W,0,3.0475197,0.14718909561634064,0.84375,0.5018043518066406
YDR292C,YER060W,0,3.0474901,0.14716403186321259,0.84375,0.5019045472145081
YHR194W,YNL118C,0,3.0474415,0.14713896811008453,0.84375,0.5020048022270203
YDL091C,YNL317W,0,3.0456862,0.14711390435695648,0.84375,0.5021050572395325
YGL126W,YIL118W,0,3.0454078,0.14708887040615082,0.84375,0.5022053122520447
YJR052W,YNL246W,0,3.0441651,0.14706383645534515,0.84375,0.5023055076599121
YLR058C,YJL197W,0,3.043261,0.1470388025045395,0.84375,0.5024057626724243
YMR158W,YMR040W,0,3.0428238,0.14701378345489502,0.84375,0.5025060176849365
YLR220W,YER129W,0,3.0421429,0.14698876440525055,0.84375,0.5026062726974487
YKL145W,YLR260W,0,3.0420456,0.14696377515792847,0.84375,0.5027064681053162
YDR098C,YNL130C,0,3.0418272,0.1469387710094452,0.84375,0.5028067231178284
YBR181C,YOR060C,0,3.041322,0.1469137966632843,0.84375,0.5029069781303406
YBR023C,YIR026C,0,3.0396807,0.14688880741596222,0.84375,0.5030072331428528
YGL126W,YHR106W,0,3.0391316,0.14686384797096252,0.84375,0.5031074285507202
YKR075C,YER060W,0,3.0390975,0.14683888852596283,0.84375,0.5032076835632324
YGL107C,YLR260W,0,3.0388293,0.14681392908096313,0.84375,0.5033079385757446
YMR074C,YKL040C,0,3.0379343,0.14678898453712463,0.84375,0.5034081935882568
YIL154C,YJR118C,0,3.0362227,0.14676405489444733,0.84375,0.503508448600769
YOR348C,YLL018C-A,1,3.034267,0.1469089686870575,0.8447265625,0.503508448600769
YAR042W,YPR128C,0,3.0337586,0.146884024143219,0.8447265625,0.5036086440086365
YGR161W-A,YLR092W,0,3.0329976,0.1468590795993805,0.8447265625,0.5037088990211487
YDR098C,YLR093C,0,3.0296357,0.14683414995670319,0.8447265625,0.5038091540336609
YLR102C,YLR037C,0,3.0293245,0.14680923521518707,0.8447265625,0.5039094090461731
YDR212W,YBR049C,0,3.0286531,0.14678432047367096,0.8447265625,0.5040096044540405
YPR034W,YBL047C,0,3.0286157,0.14675942063331604,0.8447265625,0.5041098594665527
YLR200W,YPL049C,0,3.0277617,0.14673452079296112,0.8447265625,0.5042101144790649
YPR003C,YPR067W,1,3.027407,0.14687924087047577,0.845703125,0.5042101144790649
YER100W,YKR034W,0,3.0263762,0.14685432612895966,0.845703125,0.5043103694915771
YKR078W,YDR513W,0,3.0243094,0.14682942628860474,0.845703125,0.5044105648994446
YDR434W,YJL069C,0,3.0242858,0.146804541349411,0.845703125,0.5045108199119568
YLR118C,YHR020W,0,3.0240235,0.14677965641021729,0.845703125,0.504611074924469
YDR098C,YIL148W,0,3.0239768,0.14675478637218475,0.845703125,0.5047113299369812
YMR041C,YPR068C,0,3.0238535,0.14672991633415222,0.845703125,0.5048115253448486
YGL189C,YJR084W,0,3.0232062,0.14670506119728088,0.845703125,0.5049117803573608
YLR390W-A,YPL233W,0,3.0231953,0.14668022096157074,0.845703125,0.505012035369873
YHR204W,YBR162W-A,0,3.0230062,0.1466553807258606,0.845703125,0.5051122903823853
YOR266W,YBL091C,0,3.0221403,0.14663054049015045,0.845703125,0.5052124857902527
YHR114W,YGL198W,0,3.0201018,0.1466057151556015,0.845703125,0.5053127408027649
YGR046W,YGR260W,0,3.0198236,0.14658090472221375,0.845703125,0.5054129958152771
YGR178C,YHR020W,0,3.0186095,0.146556094288826,0.845703125,0.5055132508277893
YGL067W,YGL240W,0,3.018181,0.14653129875659943,0.845703125,0.5056134462356567
YOR363C,YPL036W,0,3.0172458,0.14650651812553406,0.845703125,0.505713701248169
YLR093C,YPL189W,0,3.0170097,0.1464817374944687,0.845703125,0.5058139562606812
YOR358W,YKL192C,0,3.0167894,0.14645695686340332,0.845703125,0.5059142112731934
YGR004W,YER155C,0,3.0164015,0.14643219113349915,0.845703125,0.5060144066810608
YBR065C,YHR142W,0,3.016296,0.14640744030475616,0.845703125,0.506114661693573
YPR188C,YBR168W,0,3.0157661,0.14638268947601318,0.845703125,0.5062149167060852
YMR101C,YBL031W,0,3.0154746,0.1463579535484314,0.845703125,0.5063151717185974
YIL019W,YBR180W,0,3.015471,0.1463332176208496,0.845703125,0.5064154267311096
YPL004C,YGR161W-A,0,3.0141895,0.14630849659442902,0.845703125,0.506515622138977
YFL025C,YML102W,0,3.0140493,0.14628379046916962,0.845703125,0.5066158771514893
YOR236W,YER178W,0,3.013927,0.14625908434391022,0.845703125,0.5067161321640015
YOR049C,YPL133C,0,3.0137062,0.14623437821865082,0.845703125,0.5068163871765137
YOR156C,YPR180W,0,3.0135899,0.1462096869945526,0.845703125,0.5069165825843811
YGL073W,YER177W,0,3.0134048,0.1461850106716156,0.845703125,0.5070168375968933
YNL023C,YER123W,0,3.013396,0.1461603343486786,0.845703125,0.5071170926094055
YGL092W,YGR161C-D,0,3.0126345,0.14613567292690277,0.845703125,0.5072173476219177
YFR025C,YIL062C,0,3.012236,0.14611101150512695,0.845703125,0.5073175430297852
YOR189W,YIL137C,0,3.0117853,0.14608636498451233,0.845703125,0.5074177980422974
YLR167W,YPL198W,0,3.0108278,0.1460617333650589,0.845703125,0.5075180530548096
YDR210C-D,YDL145C,0,3.0098922,0.14603710174560547,0.845703125,0.5076183080673218
YJL216C,YPL189W,0,3.0094986,0.14601247012615204,0.845703125,0.5077185034751892
YLR068W,YDR135C,0,3.009346,0.145987868309021,0.845703125,0.5078187584877014
YBR189W,YGL058W,0,3.0071325,0.14596325159072876,0.845703125,0.5079190135002136
YNL250W,YML057W,0,3.0048604,0.1459386646747589,0.845703125,0.5080192685127258
YMR220W,YJL179W,0,3.0035474,0.14591406285762787,0.845703125,0.5081194639205933
YPL209C,YHR009C,0,3.0029798,0.1458894908428192,0.845703125,0.5082197189331055
YDR039C,YKR072C,0,3.0029671,0.14586491882801056,0.845703125,0.5083199739456177
YNL286W,YDR469W,0,3.002859,0.1458403468132019,0.845703125,0.5084202289581299
YDR259C,YDR438W,0,3.002661,0.14581578969955444,0.845703125,0.5085204243659973
YOR192C,YDR108W,0,3.0026217,0.14579124748706818,0.845703125,0.5086206793785095
YLR324W,YPL221W,0,3.0018911,0.1457667052745819,0.845703125,0.5087209343910217
YPL175W,YKL002W,0,2.9989974,0.14574217796325684,0.845703125,0.5088211894035339
YEL005C,YKL006C-A,0,2.997408,0.14571765065193176,0.845703125,0.5089213848114014
YDR367W,YDR098C,0,2.9968977,0.14569313824176788,0.845703125,0.5090216398239136
YMR230W,YOR086C,0,2.996829,0.145668625831604,0.845703125,0.5091218948364258
YPR154W,YNL054W,0,2.996497,0.14564412832260132,0.845703125,0.509222149848938
YGL139W,YCR027C,1,2.9961436,0.1457877904176712,0.8466796875,0.509222149848938
YFL056C,YJL212C,0,2.9959714,0.14576327800750732,0.8466796875,0.5093223452568054
YPL239W,YML047C,0,2.9957209,0.14573878049850464,0.8466796875,0.5094226002693176
YPL183C,YLR299W,0,2.9946854,0.14571428298950195,0.8466796875,0.5095228552818298
YCR031C,YKL032C,0,2.9937413,0.14568980038166046,0.8466796875,0.509623110294342
YJL174W,YGR217W,0,2.993588,0.14566531777381897,0.8466796875,0.5097233653068542
YIL056W,YGR211W,0,2.9934633,0.14564085006713867,0.8466796875,0.5098235607147217
YNL181W,YDL031W,0,2.992652,0.14561639726161957,0.8466796875,0.5099238157272339
YLR361C,YLR181C,0,2.992641,0.14559194445610046,0.8466796875,0.5100240707397461
YKR105C,YOR192C,1,2.9924505,0.14573539793491364,0.84765625,0.5100240707397461
YNL023C,YGR060W,0,2.9922247,0.14571093022823334,0.84765625,0.5101243257522583
YML041C,YOL051W,0,2.9916818,0.14568647742271423,0.84765625,0.5102245211601257
YGR212W,YFR025C,0,2.9912496,0.14566202461719513,0.84765625,0.5103247761726379
YAL028W,YNL118C,0,2.9902332,0.14563758671283722,0.84765625,0.5104250311851501
YDR323C,YLR345W,0,2.989687,0.1456131488084793,0.84765625,0.5105252861976624
YKR007W,YOL078W,0,2.9895744,0.1455887258052826,0.84765625,0.5106254816055298
YLR175W,YGL192W,0,2.987519,0.14556431770324707,0.84765625,0.510725736618042
YGR161C-D,YLR263W,0,2.9865737,0.14553990960121155,0.84765625,0.5108259916305542
YKL002W,YLR288C,0,2.985428,0.14551550149917603,0.84765625,0.5109262466430664
YFL056C,YHL050C,0,2.9851213,0.1454911231994629,0.84765625,0.5110264420509338
YBR101C,YJR027W,0,2.9849386,0.14546672999858856,0.84765625,0.511126697063446
YPR055W,YAL011W,0,2.9847012,0.14544236660003662,0.84765625,0.5112269520759583
YLR435W,YCR038C,0,2.9825296,0.1454179883003235,0.84765625,0.5113272070884705
YOR079C,YML031W,0,2.9813116,0.14539363980293274,0.84765625,0.5114274024963379
YDR361C,YLR466W,0,2.9802256,0.145369291305542,0.84765625,0.5115276575088501
YDR040C,YDR506C,1,2.9794285,0.1455123871564865,0.8486328125,0.5115276575088501
YDR435C,YDR343C,0,2.9787989,0.14548802375793457,0.8486328125,0.5116279125213623
YKR064W,YBR191W,0,2.9785824,0.14546367526054382,0.8486328125,0.5117281675338745
YHR158C,YER149C,0,2.9779587,0.14543932676315308,0.8486328125,0.5118283629417419
YPL120W,YJL035C,0,2.977117,0.14541499316692352,0.8486328125,0.5119286179542542
YDL206W,YJL129C,1,2.977111,0.1455579698085785,0.849609375,0.5119286179542542
YLR451W,YOR319W,0,2.9768643,0.14553362131118774,0.849609375,0.5120288729667664
YOR117W,YOL061W,0,2.974834,0.1455092877149582,0.849609375,0.5121291279792786
YOR117W,YPR105C,0,2.9738488,0.14548495411872864,0.849609375,0.512229323387146
YKL081W,YCR021C,0,2.9726853,0.14546062052249908,0.849609375,0.5123295783996582
YIL156W,YNL216W,0,2.9719973,0.14543630182743073,0.849609375,0.5124298334121704
YKL040C,YCR038C,0,2.9719641,0.14541199803352356,0.849609375,0.5125300884246826
YML057W,YDL139C,0,2.971212,0.1453876942396164,0.849609375,0.51263028383255
YBR233W-A,YGL049C,0,2.9710102,0.14536340534687042,0.849609375,0.5127305388450623
YML011C,YLR360W,0,2.970251,0.14533913135528564,0.849609375,0.5128307938575745
YDL230W,YFR030W,0,2.9701626,0.14531484246253967,0.849609375,0.5129310488700867
YGR082W,YGL115W,0,2.9698544,0.1452905833721161,0.849609375,0.5130313038825989
YPR180W,YER060W-A,0,2.9698083,0.1452663242816925,0.849609375,0.5131314992904663
YIL036W,YER041W,0,2.968653,0.14524206519126892,0.849609375,0.5132317543029785
YMR313C,YDR303C,0,2.9678288,0.14521782100200653,0.849609375,0.5133320093154907
YLR382C,YGL192W,0,2.9675941,0.14519359171390533,0.849609375,0.5134322643280029
YJR117W,YPL146C,0,2.9668436,0.14516936242580414,0.849609375,0.5135324597358704
YGR109W-A,YMR230W,0,2.9668293,0.14514514803886414,0.849609375,0.5136327147483826
YIL120W,YPL198W,0,2.966066,0.14512093365192413,0.849609375,0.5137329697608948
YOR172W,YPL175W,0,2.96591,0.14509673416614532,0.849609375,0.513833224773407
YPL175W,YDR257C,0,2.9657693,0.14507253468036652,0.849609375,0.5139334201812744
YMR009W,YDR437W,0,2.9653761,0.1450483500957489,0.849609375,0.5140336751937866
YML127W,YGR094W,0,2.9628494,0.1450241655111313,0.849609375,0.5141339302062988
YGL006W,YCR021C,1,2.9627461,0.14516666531562805,0.8505859375,0.5141339302062988
YJL054W,YDR528W,0,2.9622874,0.14514248073101044,0.8505859375,0.514234185218811
YNL038W,YDL018C,0,2.9615192,0.14511829614639282,0.8505859375,0.5143343806266785
YDR381W,YML102W,0,2.961174,0.1450941264629364,0.8505859375,0.5144346356391907
YPR110C,YGL093W,0,2.9603727,0.14506995677947998,0.8505859375,0.5145348906517029
YDL100C,YNR033W,0,2.9595356,0.14504580199718475,0.8505859375,0.5146351456642151
YLL018C,YER139C,0,2.958836,0.14502164721488953,0.8505859375,0.5147353410720825
YOR380W,YMR226C,0,2.95854,0.1449975073337555,0.8505859375,0.5148355960845947
YLR426W,YDR384C,0,2.9584858,0.14497336745262146,0.8505859375,0.5149358510971069
YLR411W,YDR365W-A,0,2.9582791,0.14494924247264862,0.8505859375,0.5150361061096191
YLR001C,YPR141C,0,2.9581296,0.14492511749267578,0.8505859375,0.5151363015174866
YJR150C,YDR386W,0,2.9572725,0.14490100741386414,0.8505859375,0.5152365565299988
YOL144W,YBR005W,0,2.956455,0.14487691223621368,0.8505859375,0.515336811542511
YIL119C,YBR121C,0,2.9562757,0.14485281705856323,0.8505859375,0.5154370665550232
YLR347C,YPL262W,0,2.9553502,0.14482873678207397,0.8505859375,0.5155372619628906
YPR128C,YKR027W,0,2.9553165,0.14480465650558472,0.8505859375,0.5156375169754028
YML101C,YNL194C,0,2.955199,0.14478059113025665,0.8505859375,0.515737771987915
YKR075C,YPR003C,0,2.955134,0.1447565257549286,0.8505859375,0.5158380270004272
YNL328C,YFR049W,0,2.9541378,0.14473247528076172,0.8505859375,0.5159382224082947
YOL098C,YPR134W,0,2.9540434,0.14470842480659485,0.8505859375,0.5160384774208069
YDR129C,YPL133C,0,2.9539597,0.14468438923358917,0.8505859375,0.5161387324333191
YGL092W,YDR175C,0,2.9539056,0.1446603536605835,0.8505859375,0.5162389874458313
YCR027C,YCR037C,1,2.9533978,0.14480239152908325,0.8515625,0.5162389874458313
YCL051W,YGR142W,0,2.9528015,0.14477835595607758,0.8515625,0.5163392424583435
YOR101W,YKR072C,0,2.9525366,0.1447543203830719,0.8515625,0.5164394378662109
YLR223C,YER178W,0,2.9517193,0.14473028481006622,0.8515625,0.5165396928787231
YHL038C,YBR146W,0,2.95171,0.14470627903938293,0.8515625,0.5166399478912354
YDR039C,YGR161C-D,0,2.9506385,0.14468225836753845,0.8515625,0.5167402029037476
YBR189W,YBL013W,0,2.9506316,0.14465826749801636,0.8515625,0.516840398311615
YOL077W-A,YBR037C,1,2.9501648,0.1448001265525818,0.8525390625,0.516840398311615
YDR217C,YPL161C,0,2.9499493,0.1447761207818985,0.8525390625,0.5169406533241272
YBR248C,YPR169W,0,2.9495163,0.1447521150112152,0.8525390625,0.5170409083366394
YDR098C-A,YLR200W,0,2.948934,0.14472812414169312,0.8525390625,0.5171411633491516
YLR249W,YDR234W,0,2.9480257,0.14470413327217102,0.8525390625,0.517241358757019
YMR118C,YDL211C,0,2.9473996,0.14468014240264893,0.8525390625,0.5173416137695312
YPR154W,YAL011W,0,2.9473279,0.14465616643428802,0.8525390625,0.5174418687820435
YDL124W,YBR015C,0,2.9456983,0.14463220536708832,0.8525390625,0.5175421237945557
YOL077W-A,YDR456W,1,2.9455566,0.14477390050888062,0.853515625,0.5175421237945557
YGL067W,YMR091C,0,2.9452536,0.14474992454051971,0.853515625,0.5176423192024231
YDR292C,YGR122W,0,2.9450321,0.1447259485721588,0.853515625,0.5177425742149353
YDR343C,YGR044C,0,2.9438462,0.1447019875049591,0.853515625,0.5178428292274475
YDL220C,YDR395W,0,2.9433837,0.1446780264377594,0.853515625,0.5179430842399597
YHL031C,YOR273C,0,2.94313,0.14465409517288208,0.853515625,0.5180432796478271
YPR007C,YNL278W,0,2.943044,0.14463014900684357,0.853515625,0.5181435346603394
YDR100W,YOR103C,0,2.9408016,0.14460621774196625,0.853515625,0.5182437896728516
YML121W,YGR217W,1,2.940577,0.14474771916866302,0.8544921875,0.5182437896728516
YER041W,YJL045W,0,2.940135,0.1447237879037857,0.8544921875,0.5183440446853638
YER179W,YLR411W,0,2.939539,0.1446998566389084,0.8544921875,0.5184442400932312
YMR318C,YGR083C,0,2.9387302,0.14467592537403107,0.8544921875,0.5185444951057434
YMR192W,YLR466W,0,2.9378037,0.14465200901031494,0.8544921875,0.5186447501182556
YGR078C,YNL041C,0,2.9376774,0.14462809264659882,0.8544921875,0.5187450051307678
YOR332W,YFL050C,1,2.9367287,0.14476945996284485,0.85546875,0.5187450051307678
YLR054C,YGR122W,0,2.935225,0.14474554359912872,0.85546875,0.5188452005386353
YNL250W,YGL116W,0,2.9336624,0.1447216272354126,0.85546875,0.5189454555511475
YMR232W,YLR052W,0,2.933357,0.14469772577285767,0.85546875,0.5190457105636597
YKR096W,YKL002W,0,2.9323287,0.14467382431030273,0.85546875,0.5191459655761719
YDR316W-B,YOR195W,0,2.931553,0.144649937748909,0.85546875,0.5192462205886841
YBR119W,YPR174C,0,2.9310763,0.14462605118751526,0.85546875,0.5193464159965515
YOR192C,YDR160W,1,2.9310188,0.14476725459098816,0.8564453125,0.5193464159965515
YJL183W,YDL123W,0,2.930718,0.14474335312843323,0.8564453125,0.5194466710090637
YLR315W,YKL114C,0,2.9291658,0.1447194665670395,0.8564453125,0.5195469260215759
YER014W,YDR057W,0,2.928718,0.14469559490680695,0.8564453125,0.5196471810340881
YPR156C,YBR054W,1,2.9279332,0.1448366940021515,0.857421875,0.5196471810340881
YBR233W-A,YKL069W,0,2.9279022,0.14481279253959656,0.857421875,0.5197473764419556
YPR110C,YOR060C,0,2.9276469,0.144788920879364,0.857421875,0.5198476314544678
YIL019W,YNL048W,0,2.9273741,0.14476504921913147,0.857421875,0.51994788646698
YOR191W,YOL009C,0,2.9267468,0.14474117755889893,0.857421875,0.5200481414794922
YMR262W,YDR028C,0,2.9263859,0.14471732079982758,0.857421875,0.5201483368873596
YMR015C,YLR409C,0,2.926065,0.14469347894191742,0.857421875,0.5202485918998718
YAR033W,YHR113W,0,2.9257014,0.14466963708400726,0.857421875,0.520348846912384
YMR175W,YKR072C,0,2.9256277,0.1446457952260971,0.857421875,0.5204491019248962
YGR142W,YPL006W,0,2.925515,0.14462196826934814,0.857421875,0.5205492973327637
YGR208W,YPL049C,0,2.9251704,0.14459815621376038,0.857421875,0.5206495523452759
YDR148C,YDR023W,0,2.9250884,0.1445743441581726,0.857421875,0.5207498073577881
YHR202W,YLR150W,0,2.9245358,0.14455054700374603,0.857421875,0.5208500623703003
YBR089C-A,YNR033W,0,2.9243007,0.14452674984931946,0.857421875,0.5209502577781677
YOL032W,YML061C,0,2.9242082,0.14450296759605408,0.857421875,0.5210505127906799
YCR024C,YGL053W,0,2.9221416,0.1444791853427887,0.857421875,0.5211507678031921
YDR210C-D,YCR044C,0,2.922088,0.1444554179906845,0.857421875,0.5212510228157043
YEL024W,YPL097W,0,2.9218602,0.14443165063858032,0.857421875,0.5213512182235718
YPL215W,YGR109W-A,0,2.9209538,0.14440789818763733,0.857421875,0.521451473236084
YGR205W,YLR411W,0,2.9188292,0.14438414573669434,0.857421875,0.5215517282485962
YPL004C,YNL287W,0,2.918755,0.14436040818691254,0.857421875,0.5216519832611084
YDL243C,YPR034W,0,2.9184585,0.14433667063713074,0.857421875,0.5217521786689758
YNL167C,YER123W,0,2.9168553,0.14431294798851013,0.857421875,0.521852433681488
YER040W,YER038C,0,2.9167995,0.14428924024105072,0.857421875,0.5219526886940002
YML127W,YDR381W,0,2.91594,0.1442655324935913,0.857421875,0.5220529437065125
YDR212W,YNL056W,0,2.9155583,0.1442418247461319,0.857421875,0.5221531391143799
YMR286W,YOR272W,0,2.9153247,0.14421813189983368,0.857421875,0.5222533941268921
YPL138C,YDR105C,0,2.9149375,0.14419445395469666,0.857421875,0.5223536491394043
YNL199C,YGL167C,0,2.9143357,0.14417077600955963,0.857421875,0.5224539041519165
YDR210C-D,YBL091C,0,2.9140654,0.1441470980644226,0.857421875,0.5225541591644287
YDR273W,YLR247C,0,2.9135382,0.14412343502044678,0.857421875,0.5226543545722961
YKR088C,YKR031C,0,2.9131608,0.14409978687763214,0.857421875,0.5227546095848083
YDL209C,YNL054W-A,0,2.9129229,0.1440761387348175,0.857421875,0.5228548645973206
YKL145W,YMR091C,0,2.9121168,0.14405250549316406,0.857421875,0.5229551196098328
YDR205W,YMR054W,1,2.9114108,0.1441929191350937,0.8583984375,0.5229551196098328
YER155C,YLR060W,0,2.91126,0.14416927099227905,0.8583984375,0.5230553150177002
YMR105C,YNL081C,0,2.9104433,0.14414562284946442,0.8583984375,0.5231555700302124
YLR227W-A,YHR158C,0,2.909194,0.14412198960781097,0.8583984375,0.5232558250427246
YDR098C-A,YIL009W,0,2.9077525,0.14409835636615753,0.8583984375,0.5233560800552368
YKL006C-A,YDR469W,0,2.907559,0.14407473802566528,0.8583984375,0.5234562754631042
YHR169W,YKL114C,0,2.9067755,0.14405113458633423,0.8583984375,0.5235565304756165
YDL093W,YLR001C,0,2.9060144,0.14402753114700317,0.8583984375,0.5236567854881287
YGL096W,YNL181W,0,2.9048975,0.14400392770767212,0.8583984375,0.5237570405006409
YKL145W,YPR100W,0,2.9040942,0.14398033916950226,0.8583984375,0.5238572359085083
YOR380W,YOL032W,0,2.9039917,0.1439567655324936,0.8583984375,0.5239574909210205
YJR027W,YBR016W,0,2.9034853,0.14393319189548492,0.8583984375,0.5240577459335327
YKR075C,YDR045C,0,2.9029398,0.14390963315963745,0.8583984375,0.5241580009460449
YMR203W,YOR273C,1,2.9029083,0.1440497636795044,0.859375,0.5241580009460449
YHR033W,YJL216C,0,2.902326,0.14402619004249573,0.859375,0.5242581963539124
YMR207C,YNR053C,0,2.9019995,0.14400261640548706,0.859375,0.5243584513664246
YNL243W,YPR180W,0,2.900703,0.1439790576696396,0.859375,0.5244587063789368
YJR027W,YBL014C,0,2.9001908,0.14395549893379211,0.859375,0.524558961391449
YPR008W,YHL035C,0,2.8999944,0.14393195509910583,0.859375,0.5246591567993164
YBR233W-A,YKL043W,0,2.8998866,0.14390842616558075,0.859375,0.5247594118118286
YMR261C,YBR023C,0,2.8978317,0.14388489723205566,0.859375,0.5248596668243408
YOR192C,YKR034W,0,2.8961883,0.14386136829853058,0.859375,0.524959921836853
YMR232W,YLR417W,0,2.8961701,0.1438378542661667,0.859375,0.5250601172447205
YLR377C,YLR181C,0,2.895978,0.143814355134964,0.859375,0.5251603722572327
YFL025C,YHL003C,0,2.8958611,0.1437908560037613,0.859375,0.5252606272697449
YIL147C,YKL002W,0,2.8950715,0.1437673568725586,0.859375,0.5253608822822571
YHR103W,YER015W,0,2.8941777,0.1437438726425171,0.859375,0.5254610776901245
YHR150W,YOL095C,0,2.8939888,0.14372040331363678,0.859375,0.5255613327026367
YDR528W,YLR058C,0,2.8933868,0.14369693398475647,0.859375,0.5256615877151489
YPR095C,YHR001W-A,0,2.891621,0.14367346465587616,0.859375,0.5257618427276611
YOR019W,YLR288C,0,2.8913057,0.14365001022815704,0.859375,0.5258620977401733
YPL271W,YLL048C,1,2.890819,0.14378978312015533,0.8603515625,0.5258620977401733
YOL061W,YHL025W,0,2.889905,0.14376631379127502,0.8603515625,0.5259622931480408
YOR049C,YMR232W,0,2.8897686,0.1437428593635559,0.8603515625,0.526062548160553
YKR100C,YPL233W,0,2.889351,0.14371941983699799,0.8603515625,0.5261628031730652
YLR167W,YKL029C,0,2.889205,0.14369596540927887,0.8603515625,0.5262630581855774
YCR045C,YBR119W,0,2.8891835,0.14367254078388214,0.8603515625,0.5263632535934448
YBR130C,YDL124W,0,2.8878996,0.1436491161584854,0.8603515625,0.526463508605957
YGL063W,YLR060W,0,2.887702,0.14362569153308868,0.8603515625,0.5265637636184692
YMR041C,YNL142W,0,2.8876414,0.14360228180885315,0.8603515625,0.5266640186309814
YDR075W,YNL161W,0,2.8875315,0.14357887208461761,0.8603515625,0.5267642140388489
YGL107C,YOR341W,0,2.8874278,0.14355547726154327,0.8603515625,0.5268644690513611
YNL142W,YBR028C,0,2.8874154,0.14353209733963013,0.8603515625,0.5269647240638733
YPL280W,YGL167C,0,2.887157,0.14350871741771698,0.8603515625,0.5270649790763855
YKR075C,YDL046W,0,2.8864694,0.14348533749580383,0.8603515625,0.5271651744842529
YIL013C,YKL002W,0,2.8852005,0.14346197247505188,0.8603515625,0.5272654294967651
YKL026C,YDL012C,0,2.8851552,0.14343862235546112,0.8603515625,0.5273656845092773
YAL068C,YOR227W,0,2.884967,0.14341527223587036,0.8603515625,0.5274659395217896
YOL078W,YBR180W,0,2.8835511,0.1433919221162796,0.8603515625,0.527566134929657
YPL225W,YLR451W,0,2.882401,0.14336858689785004,0.8603515625,0.5276663899421692
YIL019W,YDR127W,0,2.8821175,0.14334526658058167,0.8603515625,0.5277666449546814
YBR069C,YLR060W,0,2.8786535,0.1433219462633133,0.8603515625,0.5278668999671936
YNL051W,YER123W,0,2.877925,0.14329864084720612,0.8603515625,0.527967095375061
YGL096W,YMR001C,0,2.8777323,0.14327533543109894,0.8603515625,0.5280673503875732
YIL014W,YLR384C,0,2.876596,0.14325203001499176,0.8603515625,0.5281676054000854
YBR091C,YOR103C,0,2.8765001,0.14322873950004578,0.8603515625,0.5282678604125977
YKL058W,YBR191W,0,2.87579,0.143205463886261,0.8603515625,0.5283680558204651
YIL118W,YHR114W,0,2.8750997,0.1431821882724762,0.8603515625,0.5284683108329773
YLR061W,YDR244W,0,2.8740683,0.1431589275598526,0.8603515625,0.5285685658454895
YDL113C,YKL032C,0,2.8736088,0.143135666847229,0.8603515625,0.5286688208580017
YJR102C,YFL049W,0,2.8731878,0.1431124061346054,0.8603515625,0.5287690162658691
YDR176W,YNL123W,0,2.8730457,0.143089160323143,0.8603515625,0.5288692712783813
YBR029C,YCR035C,0,2.871707,0.1430659294128418,0.8603515625,0.5289695262908936
YDR244W,YDL117W,0,2.8712807,0.1430426985025406,0.8603515625,0.5290697813034058
YNL145W,YJL021C,0,2.870535,0.14301948249340057,0.8603515625,0.529170036315918
YPR017C,YML096W,0,2.8704956,0.14299626648426056,0.8603515625,0.5292702317237854
YNL199C,YER176W,0,2.8698044,0.14297306537628174,0.8603515625,0.5293704867362976
YCL068C,YCR038C,0,2.8697011,0.14294986426830292,0.8603515625,0.5294707417488098
YHR214W,YKL039W,0,2.8694475,0.1429266780614853,0.8603515625,0.529570996761322
YCR086W,YJL021C,0,2.8686442,0.14290349185466766,0.8603515625,0.5296711921691895
YLR426W,YDR005C,0,2.8684788,0.14288030564785004,0.8603515625,0.5297714471817017
YOR332W,YOR270C,1,2.865869,0.14301930367946625,0.861328125,0.5297714471817017
YOR081C,YDR284C,0,2.865281,0.14299610257148743,0.861328125,0.5298717021942139
YGL107C,YDR292C,0,2.8652074,0.142972931265831,0.861328125,0.5299719572067261
YIL069C,YIL018W,0,2.8649197,0.14294975996017456,0.861328125,0.5300721526145935
YMR274C,YNL181W,0,2.8625045,0.14292658865451813,0.861328125,0.5301724076271057
YIL106W,YMR002W,0,2.8623188,0.1429034322500229,0.861328125,0.5302726626396179
YDR235W,YPR071W,0,2.8617184,0.14288029074668884,0.861328125,0.5303729176521301
YOR253W,YLR292C,0,2.859458,0.1428571492433548,0.861328125,0.5304731130599976
YDR469W,YOL135C,0,2.8592982,0.14283400774002075,0.861328125,0.5305733680725098
YJR150C,YER032W,0,2.859201,0.1428108811378479,0.861328125,0.530673623085022
YFL026W,YMR074C,0,2.8589604,0.14278775453567505,0.861328125,0.5307738780975342
YOL078W,YNL251C,0,2.8584485,0.1427646428346634,0.861328125,0.5308740735054016
YKR053C,YML081W,0,2.858299,0.14274154603481293,0.861328125,0.5309743285179138
YOR247W,YNL132W,0,2.8572824,0.14271844923496246,0.861328125,0.531074583530426
YOL098C,YHR190W,0,2.8565736,0.142695352435112,0.861328125,0.5311748385429382
YGR060W,YOR019W,0,2.8561857,0.14267227053642273,0.861328125,0.5312750339508057
YJR118C,YDR098C-B,0,2.855803,0.14264920353889465,0.861328125,0.5313752889633179
YOR316C,YLR328W,0,2.8555708,0.14262613654136658,0.861328125,0.5314755439758301
YOR109W,YNL029C,0,2.8551586,0.1426030695438385,0.861328125,0.5315757989883423
YOR319W,YKL060C,0,2.8550138,0.14258001744747162,0.861328125,0.5316759943962097
YOL055C,YHR113W,0,2.8544912,0.14255698025226593,0.861328125,0.5317762494087219
YPL001W,YBR254C,0,2.854322,0.14253394305706024,0.861328125,0.5318765044212341
YDL160C,YBR181C,0,2.8536582,0.14251090586185455,0.861328125,0.5319767594337463
YIL019W,YER032W,0,2.8535933,0.14248788356781006,0.861328125,0.5320770144462585
YJL021C,YGL049C,0,2.8522534,0.14246486127376556,0.861328125,0.532177209854126
YBR295W,YNL003C,1,2.8518457,0.14260335266590118,0.8623046875,0.532177209854126
YJL058C,YCL039W,0,2.8513746,0.1425803303718567,0.8623046875,0.5322774648666382
YNL051W,YMR205C,0,2.8504252,0.1425573080778122,0.8623046875,0.5323777198791504
YGR109W-A,YGR211W,0,2.8497667,0.1425343006849289,0.8623046875,0.5324779748916626
YER014W,YPL013C,0,2.848643,0.1425112932920456,0.8623046875,0.53257817029953
YDR002W,YBR121C,0,2.8484583,0.1424883008003235,0.8623046875,0.5326784253120422
YHR194W,YNR071C,0,2.847615,0.14246530830860138,0.8623046875,0.5327786803245544
YPL115C,YBR188C,0,2.846089,0.14244233071804047,0.8623046875,0.5328789353370667
YGR099W,YMR072W,0,2.8456538,0.14241935312747955,0.8623046875,0.5329791307449341
YNL284C-B,YHR096C,0,2.8449876,0.14239639043807983,0.8623046875,0.5330793857574463
YDR399W,YLL021W,0,2.8434327,0.14237342774868011,0.8623046875,0.5331796407699585
YKL045W,YGR178C,0,2.8420362,0.1423504799604416,0.8623046875,0.5332798957824707
YGR217W,YDR372C,0,2.8420131,0.14232753217220306,0.8623046875,0.5333800911903381
YPL116W,YJR132W,0,2.8418884,0.14230459928512573,0.8623046875,0.5334803462028503
YJR046W,YNL251C,0,2.8414707,0.1422816663980484,0.8623046875,0.5335806012153625
YBL063W,YDR284C,0,2.8414397,0.14225873351097107,0.8623046875,0.5336808562278748
YER072W,YBL005W,0,2.8414278,0.14223583042621613,0.8623046875,0.5337810516357422
YKL002W,YNL118C,0,2.8403177,0.1422129124403,0.8623046875,0.5338813066482544
YBR043C,YGR109W-A,0,2.839582,0.14219000935554504,0.8623046875,0.5339815616607666
YLR258W,YER028C,0,2.8390455,0.1421671211719513,0.8623046875,0.5340818166732788
YPL215W,YDR317W,0,2.838983,0.14214423298835754,0.8623046875,0.5341820120811462
YLR384C,YGL219C,0,2.8387601,0.142121359705925,0.8623046875,0.5342822670936584
YLL031C,YDL012C,0,2.83748,0.14209848642349243,0.8623046875,0.5343825221061707
YJR048W,YKR077W,0,2.8366108,0.14207562804222107,0.8623046875,0.5344827771186829
YGL115W,YPL173W,0,2.8361626,0.1420527696609497,0.8623046875,0.5345829725265503
YJR046W,YDR234W,0,2.8352604,0.14202991127967834,0.8623046875,0.5346832275390625
YDR098C-B,YLL014W,0,2.8348904,0.14200708270072937,0.8623046875,0.5347834825515747
YPR017C,YGL096W,0,2.833012,0.1419842392206192,0.8623046875,0.5348837375640869
YHR108W,YMR220W,0,2.8327262,0.14196141064167023,0.8623046875,0.5349839329719543
YBR060C,YKL080W,0,2.832685,0.14193859696388245,0.8623046875,0.5350841879844666
YJR117W,YDR100W,0,2.8307674,0.14191578328609467,0.8623046875,0.5351844429969788
YBR046C,YML107C,0,2.830407,0.14189298450946808,0.8623046875,0.535284698009491
YBR162W-A,YLR075W,0,2.8291664,0.1418701857328415,0.8623046875,0.5353849530220032
YGL078C,YNL161W,0,2.828867,0.1418473869562149,0.8623046875,0.5354851484298706
YER007C-A,YER071C,0,2.8287067,0.1418246030807495,0.8623046875,0.5355854034423828
YDR345C,YDR316W-B,0,2.8284664,0.1418018341064453,0.8623046875,0.535685658454895
YPL058C,YNL076W,0,2.8269625,0.1417790651321411,0.8623046875,0.5357859134674072
YNL243W,YCR036W,0,2.8256483,0.14175629615783691,0.8623046875,0.5358861088752747
YPL116W,YJL058C,0,2.825646,0.1417335420846939,0.8623046875,0.5359863638877869
YDR148C,YMR048W,0,2.8253777,0.1417108029127121,0.8623046875,0.5360866189002991
YOR191W,YNL081C,0,2.8253448,0.14168806374073029,0.8623046875,0.5361868739128113
YFL025C,YLL014W,0,2.8237646,0.14166532456874847,0.8623046875,0.5362870693206787
YPL133C,YOR249C,0,2.8225036,0.14164260029792786,0.8623046875,0.5363873243331909
YIL053W,YOR260W,0,2.8223014,0.14161989092826843,0.8623046875,0.5364875793457031
YBR069C,YGR057C,0,2.8217907,0.141597181558609,0.8623046875,0.5365878343582153
YIR031C,YLL057C,0,2.8211682,0.14157447218894958,0.8623046875,0.5366880297660828
YKR096W,YFR025C,0,2.8209953,0.14155177772045135,0.8623046875,0.536788284778595
YBR054W,YLR189C,0,2.8209069,0.14152909815311432,0.8623046875,0.5368885397911072
YIL147C,YOL103W-A,0,2.8205595,0.1415064036846161,0.8623046875,0.5369887948036194
YNL247W,YPL076W,0,2.8200657,0.14148373901844025,0.8623046875,0.5370889902114868
YHL028W,YLR345W,0,2.8192759,0.1414610743522644,0.8623046875,0.537189245223999
YGR296W,YPL189W,0,2.8181844,0.14143840968608856,0.8623046875,0.5372895002365112
YLR227W-A,YDL145C,0,2.8167458,0.1414157599210739,0.8623046875,0.5373897552490234
YGR044C,YDL139C,0,2.8161395,0.14139311015605927,0.8623046875,0.5374899506568909
YKL002W,YNL180C,0,2.8161163,0.1413704752922058,0.8623046875,0.5375902056694031
YCR106W,YGR245C,0,2.8156905,0.14134784042835236,0.8623046875,0.5376904606819153
YLR324W,YMR322C,0,2.814854,0.1413252204656601,0.8623046875,0.5377907156944275
YNL137C,YMR081C,0,2.8141336,0.14130261540412903,0.8623046875,0.5378909111022949
YCL068C,YGL105W,0,2.8138244,0.14127999544143677,0.8623046875,0.5379911661148071
YPR134W,YJL216C,0,2.813344,0.1412574052810669,0.8623046875,0.5380914211273193
YNR048W,YEL048C,0,2.8131728,0.14123480021953583,0.8623046875,0.5381916761398315
YGR224W,YHL006C,0,2.8129215,0.14121222496032715,0.8623046875,0.538291871547699
YGL171W,YGL045W,0,2.812739,0.14118963479995728,0.8623046875,0.5383921265602112
YPR173C,YOR271C,0,2.8125978,0.1411670595407486,0.8623046875,0.5384923815727234
YNL318C,YPL203W,0,2.8123398,0.1411444991827011,0.8623046875,0.5385926365852356
YNL076W,YGL105W,0,2.8120668,0.14112193882465363,0.8623046875,0.5386928915977478
YBR290W,YDR160W,1,2.8113117,0.14125919342041016,0.86328125,0.5386928915977478
YEL019C,YIL123W,0,2.809194,0.14123661816120148,0.86328125,0.5387930870056152
YDR235W,YBR248C,0,2.8080063,0.141214057803154,0.86328125,0.5388933420181274
YOR273C,YDR217C,0,2.8068697,0.1411914974451065,0.86328125,0.5389935970306396
YAL011W,YDR365W-A,0,2.8060622,0.14116895198822021,0.86328125,0.5390938520431519
YKR088C,YPL006W,0,2.8050864,0.14114642143249512,0.86328125,0.5391940474510193
YJL045W,YNR071C,0,2.803289,0.14112387597560883,0.86328125,0.5392943024635315
YBR130C,YBR162W-A,0,2.8029666,0.14110136032104492,0.86328125,0.5393945574760437
YGL238W,YBR162C,0,2.801885,0.14107884466648102,0.86328125,0.5394948124885559
YLR442C,YLR411W,0,2.8016052,0.14105632901191711,0.86328125,0.5395950078964233
YLR360W,YCL035C,0,2.8014581,0.1410338282585144,0.86328125,0.5396952629089355
YER177W,YIL009W,0,2.8011622,0.1410113275051117,0.86328125,0.5397955179214478
YER179W,YCL067C,0,2.800413,0.14098884165287018,0.86328125,0.53989577293396
YGR004W,YNL278W,0,2.799628,0.14096635580062866,0.86328125,0.5399959683418274
YDR545W,YGL105W,0,2.7982292,0.14094388484954834,0.86328125,0.5400962233543396
YBR295W,YIL173W,0,2.7980115,0.14092141389846802,0.86328125,0.5401964783668518
YJL096W,YBL091C,0,2.7964816,0.1408989429473877,0.86328125,0.540296733379364
YGR212W,YGR208W,0,2.7942157,0.14087648689746857,0.86328125,0.5403969287872314
YIL137C,YDR316W-B,0,2.7934444,0.14085404574871063,0.86328125,0.5404971837997437
YBR233W-A,YER031C,0,2.793297,0.1408316045999527,0.86328125,0.5405974388122559
YFL061W,YHR142W,0,2.7928169,0.14080917835235596,0.86328125,0.5406976938247681
YDL012C,YJL083W,0,2.7900648,0.14078675210475922,0.86328125,0.5407978892326355
YDL100C,YIR004W,0,2.7893732,0.14076432585716248,0.86328125,0.5408981442451477
YMR243C,YGR003W,0,2.7892985,0.14074191451072693,0.86328125,0.5409983992576599
YER031C,YDL018C,0,2.7892263,0.14071951806545258,0.86328125,0.5410986542701721
YNL284C-B,YPL173W,0,2.788577,0.14069712162017822,0.86328125,0.5411988496780396
YOR090C,YOL023W,0,2.7884963,0.14067472517490387,0.86328125,0.5412991046905518
YPR188C,YDR080W,0,2.7881274,0.1406523436307907,0.86328125,0.541399359703064
YDL240W,YDR217C,0,2.786933,0.14062997698783875,0.86328125,0.5414996147155762
YFL025C,YOR195W,0,2.7861834,0.14060761034488678,0.86328125,0.5415998101234436
YJL181W,YKL192C,0,2.784824,0.14058524370193481,0.86328125,0.5417000651359558
YCR086W,YPR158W-B,0,2.7832754,0.14056289196014404,0.86328125,0.541800320148468
YGL063W,YDR122W,0,2.782723,0.14054054021835327,0.86328125,0.5419005751609802
YHR108W,YGL127C,0,2.782662,0.1405182033777237,0.86328125,0.5420008301734924
YOL103W-A,YLR328W,0,2.782341,0.14049586653709412,0.86328125,0.5421010255813599
YDR189W,YDR316W-B,0,2.7809584,0.14047354459762573,0.86328125,0.5422012805938721
YBR218C,YOR011W,0,2.7806878,0.14045122265815735,0.86328125,0.5423015356063843
YPR128C,YLR333C,0,2.780572,0.14042891561985016,0.86328125,0.5424017906188965
YER145C,YBR291C,1,2.7793434,0.1405654400587082,0.8642578125,0.5424017906188965
YOR266W,YLR352W,0,2.779326,0.1405431181192398,0.8642578125,0.5425019860267639
YCL051W,YOR086C,0,2.779066,0.14052079617977142,0.8642578125,0.5426022410392761
YDR039C,YJR027W,0,2.7787008,0.14049848914146423,0.8642578125,0.5427024960517883
YDR039C,YLR138W,1,2.7785938,0.1406349241733551,0.865234375,0.5427024960517883
YKL033W,YHR190W,0,2.7771478,0.14061260223388672,0.865234375,0.5428027510643005
YIL022W,YLL057C,0,2.7763984,0.14059029519557953,0.865234375,0.542902946472168
YLL031C,YHR014W,0,2.775629,0.14056798815727234,0.865234375,0.5430032014846802
YGR099W,YDR280W,0,2.7737885,0.14054568111896515,0.865234375,0.5431034564971924
YNL284C-B,YDR028C,0,2.7733667,0.14052338898181915,0.865234375,0.5432037115097046
YOR273C,YKL002W,0,2.7732937,0.14050111174583435,0.865234375,0.543303906917572
YFL025C,YNL094W,0,2.773279,0.14047883450984955,0.865234375,0.5434041619300842
YKR078W,YAL068C,0,2.7732177,0.14045655727386475,0.865234375,0.5435044169425964
YGR109W-A,YKL079W,0,2.7726922,0.14043429493904114,0.865234375,0.5436046719551086
YDL209C,YGL093W,0,2.7721033,0.14041204750537872,0.865234375,0.5437048673629761
YPR057W,YJR054W,0,2.771236,0.1403898000717163,0.865234375,0.5438051223754883
YPL058C,YCR063W,0,2.7708566,0.1403675526380539,0.865234375,0.5439053773880005
YDR350C,YJR027W,0,2.7701602,0.14034532010555267,0.865234375,0.5440056324005127
YAL015C,YHL035C,0,2.7697163,0.14032308757305145,0.865234375,0.5441058278083801
YOL042W,YMR072W,0,2.7672281,0.14030086994171143,0.865234375,0.5442060828208923
YJL021C,YIL118W,0,2.7664824,0.1402786523103714,0.865234375,0.5443063378334045
YPR120C,YGR260W,0,2.7664123,0.14025644958019257,0.865234375,0.5444065928459167
YDL106C,YPR007C,0,2.7647042,0.14023424685001373,0.865234375,0.5445067882537842
YHR006W,YER123W,0,2.7629285,0.1402120590209961,0.865234375,0.5446070432662964
YPR057W,YDL087C,0,2.762547,0.14018987119197845,0.865234375,0.5447072982788086
YBL051C,YDR176W,0,2.7624485,0.140167698264122,0.865234375,0.5448075532913208
YHR158C,YGR083C,0,2.7620964,0.14014552533626556,0.865234375,0.544907808303833
YPR158W-B,YHR142W,0,2.76051,0.14012335240840912,0.865234375,0.5450080037117004
YPR188C,YJL026W,0,2.7604446,0.14010119438171387,0.865234375,0.5451082587242126
YDR246W,YPL117C,0,2.7598162,0.1400790512561798,0.865234375,0.5452085137367249
YOR049C,YGR060W,0,2.7591143,0.14005690813064575,0.865234375,0.5453087687492371
YPR134W,YEL039C,0,2.7588937,0.1400347650051117,0.865234375,0.5454089641571045
YDL091C,YDR110W,0,2.7579086,0.14001263678073883,0.865234375,0.5455092191696167
YDR210C-D,YGL144C,0,2.7569485,0.13999052345752716,0.865234375,0.5456094741821289
YBL035C,YCR091W,0,2.7568192,0.1399684101343155,0.865234375,0.5457097291946411
YER005W,YER159C,0,2.7566752,0.13994629681110382,0.865234375,0.5458099246025085
YGR193C,YDR108W,0,2.7565217,0.13992419838905334,0.865234375,0.5459101796150208
YER031C,YOR252W,0,2.7564123,0.13990209996700287,0.865234375,0.546010434627533
YLL018C-A,YOR060C,0,2.7562923,0.1398800164461136,0.865234375,0.5461106896400452
YFL025C,YGR244C,0,2.7561567,0.1398579329252243,0.865234375,0.5462108850479126
YKR078W,YGR057C,0,2.7559998,0.13983586430549622,0.865234375,0.5463111400604248
YGR161W-A,YOR079C,0,2.7554207,0.13981379568576813,0.865234375,0.546411395072937
YDR178W,YJL003W,0,2.7546816,0.13979172706604004,0.865234375,0.5465116500854492
YHR202W,YIL018W,0,2.753836,0.13976967334747314,0.865234375,0.5466118454933167
YDR468C,YJL168C,0,2.7532926,0.13974763453006744,0.865234375,0.5467121005058289
YKR077W,YER071C,0,2.753113,0.13972559571266174,0.865234375,0.5468123555183411
YJR035W,YGR005C,0,2.751986,0.13970355689525604,0.865234375,0.5469126105308533
YLR118C,YPL178W,0,2.7512283,0.13968153297901154,0.865234375,0.5470128059387207
YEL048C,YDR080W,0,2.750483,0.13965952396392822,0.865234375,0.5471130609512329
YDR178W,YGR120C,0,2.749722,0.1396375149488449,0.865234375,0.5472133159637451
YHR110W,YBL091C,0,2.7495756,0.1396155059337616,0.865234375,0.5473135709762573
YBR107C,YDL106C,0,2.7487223,0.13959351181983948,0.865234375,0.5474137663841248
YNR055C,YER071C,0,2.74647,0.13957151770591736,0.865234375,0.547514021396637
YMR053C,YHR139C,0,2.7453706,0.13954953849315643,0.865234375,0.5476142764091492
YOR172W,YJR046W,0,2.7453613,0.1395275592803955,0.865234375,0.5477145314216614
YPR188C,YJR131W,0,2.7451246,0.13950559496879578,0.865234375,0.5478147268295288
YAL048C,YIL014W,0,2.7445066,0.13948363065719604,0.865234375,0.547914981842041
YIL007C,YGR161W-A,0,2.7443614,0.1394616663455963,0.865234375,0.5480152368545532
YMR234W,YPL145C,0,2.7424312,0.13943971693515778,0.865234375,0.5481154918670654
YFR024C,YGR122W,0,2.742343,0.13941778242588043,0.865234375,0.5482157468795776
YMR133W,YER071C,0,2.7417495,0.1393958479166031,0.865234375,0.5483159422874451
YJL110C,YPL235W,0,2.7415771,0.13937391340732574,0.865234375,0.5484161972999573
YHR148W,YBR131W,0,2.7410352,0.1393519937992096,0.865234375,0.5485164523124695
YPR071W,YER139C,0,2.7406588,0.13933008909225464,0.865234375,0.5486167073249817
YGR235C,YHR154W,0,2.7405386,0.1393081694841385,0.865234375,0.5487169027328491
YNL291C,YDR205W,1,2.7404091,0.13944348692893982,0.8662109375,0.5487169027328491
YIL106W,YCL016C,0,2.7402604,0.13942156732082367,0.8662109375,0.5488171577453613
YNR032C-A,YER033C,0,2.74022,0.13939964771270752,0.8662109375,0.5489174127578735
YOR189W,YDR284C,0,2.7401588,0.13937774300575256,0.8662109375,0.5490176677703857
YBR086C,YNR019W,0,2.7400517,0.1393558531999588,0.8662109375,0.5491178631782532
YJL127C,YKL063C,0,2.7399635,0.13933396339416504,0.8662109375,0.5492181181907654
YFR047C,YGR005C,0,2.739674,0.13931207358837128,0.8662109375,0.5493183732032776
YJL110C,YLR313C,0,2.739451,0.1392901986837387,0.8662109375,0.5494186282157898
YIL153W,YML047C,0,2.738556,0.13926832377910614,0.8662109375,0.5495188236236572
YJR153W,YLR189C,0,2.7375355,0.13924646377563477,0.8662109375,0.5496190786361694
YPR134W,YKL087C,0,2.7374077,0.13922461867332458,0.8662109375,0.5497193336486816
YPR158W-B,YDR040C,0,2.7369404,0.1392027586698532,0.8662109375,0.5498195886611938
YDR235W,YOR272W,0,2.7366488,0.13918091356754303,0.8662109375,0.5499197840690613
YLL016W,YDR439W,0,2.7365227,0.13915908336639404,0.8662109375,0.5500200390815735
YGR103W,YLR115W,0,2.7356215,0.13913725316524506,0.8662109375,0.5501202940940857
YOL012C,YCL039W,0,2.7354064,0.13911543786525726,0.8662109375,0.5502205491065979
YOL042W,YPL176C,0,2.7346346,0.13909362256526947,0.8662109375,0.5503207445144653
YLR118C,YLR384C,0,2.7343252,0.13907180726528168,0.8662109375,0.5504209995269775
YBR189W,YNL181W,0,2.7339966,0.13905000686645508,0.8662109375,0.5505212545394897
YDR259C,YLL057C,0,2.7339082,0.13902820646762848,0.8662109375,0.550621509552002
YFL011W,YHR150W,0,2.733888,0.13900642096996307,0.8662109375,0.5507217049598694
YML011C,YMR153W,0,2.7338061,0.13898465037345886,0.8662109375,0.5508219599723816
YJR108W,YLR409C,0,2.7335992,0.13896286487579346,0.8662109375,0.5509222149848938
YOR358W,YML102W,0,2.733099,0.13894110918045044,0.8662109375,0.551022469997406
YNL083W,YEL051W,1,2.7329931,0.13907596468925476,0.8671875,0.551022469997406
YGR224W,YER129W,0,2.7327638,0.13905417919158936,0.8671875,0.5511226654052734
YJR041C,YKR034W,0,2.732115,0.13903240859508514,0.8671875,0.5512229204177856
YLL028W,YGR257C,1,2.7318687,0.1391671895980835,0.8681640625,0.5512229204177856
YOL020W,YDR190C,0,2.7317739,0.1391454041004181,0.8681640625,0.5513231754302979
YDR129C,YFR040W,0,2.7312374,0.13912363350391388,0.8681640625,0.5514234304428101
YPR148C,YOL029C,0,2.7308853,0.13910186290740967,0.8681640625,0.5515236854553223
YNL051W,YJL058C,0,2.7306213,0.13908010721206665,0.8681640625,0.5516238808631897
YKL039W,YGR040W,0,2.730042,0.13905835151672363,0.8681640625,0.5517241358757019
YDR201W,YOL103W-A,0,2.7291367,0.13903659582138062,0.8681640625,0.5518243908882141
YDR204W,YKL134C,0,2.7285423,0.1390148550271988,0.8681640625,0.5519246459007263
YHL038C,YNL194C,0,2.7280948,0.13899311423301697,0.8681640625,0.5520248413085938
YML067C,YGR296W,0,2.727967,0.13897138833999634,0.8681640625,0.552125096321106
YDR145W,YOR078W,0,2.7276711,0.1389496773481369,0.8681640625,0.5522253513336182
YGL067W,YDL149W,0,2.7267191,0.13892795145511627,0.8681640625,0.5523256063461304
YDR256C,YJR052W,0,2.7266233,0.13890625536441803,0.8681640625,0.5524258017539978
YDL160C,YDR110W,0,2.7250528,0.1388845443725586,0.8681640625,0.55252605676651
YLR234W,YDL012C,0,2.72223,0.13886284828186035,0.8681640625,0.5526263117790222
YNL181W,YDR135C,0,2.7221327,0.1388411670923233,0.8681640625,0.5527265667915344
YNL243W,YOR113W,0,2.7206936,0.13881948590278625,0.8681640625,0.5528267621994019
YBR029C,YJL127C,0,2.7201896,0.1387978196144104,0.8681640625,0.5529270172119141
YOR032C,YBR168W,0,2.7197642,0.13877615332603455,0.8681640625,0.5530272722244263
YGL254W,YHL008C,1,2.7179651,0.13891056180000305,0.869140625,0.5530272722244263
YBR043C,YJL167W,0,2.7172058,0.1388888955116272,0.869140625,0.5531275272369385
YDR398W,YJL094C,0,2.7167392,0.13886721432209015,0.869140625,0.5532277226448059
YLL066C,YNL094W,0,2.7164805,0.1388455480337143,0.869140625,0.5533279776573181
YNL263C,YHR205W,0,2.716442,0.13882389664649963,0.869140625,0.5534282326698303
YNL133C,YFR034C,0,2.7158499,0.13880224525928497,0.869140625,0.5535284876823425
YDR471W,YGL105W,0,2.7154362,0.1387806087732315,0.869140625,0.55362868309021
YBR162W-A,YLR347C,0,2.7142437,0.13875895738601685,0.869140625,0.5537289381027222
YAL007C,YDR365W-A,0,2.7139516,0.13873733580112457,0.869140625,0.5538291931152344
YDR189W,YLR131C,0,2.7135937,0.1387157142162323,0.869140625,0.5539294481277466
YDR309C,YLR060W,0,2.713141,0.13869409263134003,0.869140625,0.554029643535614
YNL183C,YER014W,0,2.7129967,0.13867248594760895,0.869140625,0.5541298985481262
YML045W,YDR398W,0,2.7124739,0.13865087926387787,0.869140625,0.5542301535606384
YBR233W-A,YMR074C,0,2.7124515,0.13862928748130798,0.869140625,0.5543304085731506
YML127W,YDR365W-A,0,2.7122416,0.1386076956987381,0.869140625,0.5544306039810181
YDR100W,YBR016W,0,2.7121947,0.1385861039161682,0.869140625,0.5545308589935303
YIL148W,YGR129W,0,2.71187,0.13856452703475952,0.869140625,0.5546311140060425
YOR251C,YIL134W,1,2.711659,0.13869863748550415,0.8701171875,0.5546311140060425
YER167W,YDR257C,0,2.7115784,0.13867704570293427,0.8701171875,0.5547313690185547
YGL018C,YPL189W,0,2.7110043,0.13865546882152557,0.8701171875,0.5548316240310669
YOL154W,YPL115C,0,2.709037,0.13863389194011688,0.8701171875,0.5549318194389343
YAL011W,YDR021W,0,2.7088373,0.1386123150587082,0.8701171875,0.5550320744514465
YNL243W,YPR007C,0,2.7086062,0.1385907679796219,0.8701171875,0.5551323294639587
YFL049W,YER071C,0,2.708534,0.1385692059993744,0.8701171875,0.555232584476471
YOR193W,YML057W,0,2.708385,0.13854765892028809,0.8701171875,0.5553327798843384
YJR052W,YKL080W,0,2.7082336,0.13852612674236298,0.8701171875,0.5554330348968506
YOR045W,YOR101W,0,2.7075276,0.13850457966327667,0.8701171875,0.5555332899093628
YJR027W,YGR004W,0,2.706946,0.13848306238651276,0.8701171875,0.555633544921875
YOL126C,YER005W,0,2.7069259,0.13846154510974884,0.8701171875,0.5557337403297424
YOL098C,YBR065C,0,2.706653,0.13844002783298492,0.8701171875,0.5558339953422546
YDR516C,YKL002W,0,2.705799,0.138418510556221,0.8701171875,0.5559342503547668
YEL020W-A,YMR072W,0,2.705752,0.13839702308177948,0.8701171875,0.556034505367279
YBL087C,YOR372C,0,2.705325,0.13837552070617676,0.8701171875,0.5561347007751465
YDR227W,YJL035C,0,2.7039852,0.13835403323173523,0.8701171875,0.5562349557876587
YKR053C,YIL053W,0,2.7035973,0.1383325606584549,0.8701171875,0.5563352108001709
YPR173C,YPL176C,0,2.702761,0.13831108808517456,0.8701171875,0.5564354658126831
YOR049C,YCR024C,0,2.7025504,0.13828961551189423,0.8701171875,0.5565356612205505
YJL059W,YOL096C,0,2.7025404,0.13826815783977509,0.8701171875,0.5566359162330627
YBL051C,YAL026C,0,2.702205,0.13824670016765594,0.8701171875,0.556736171245575
YGR161W-A,YNL123W,0,2.6999264,0.138225257396698,0.8701171875,0.5568364262580872
YML021C,YML013W,0,2.699862,0.13820381462574005,0.8701171875,0.5569366216659546
YOL098C,YOL059W,0,2.6997004,0.1381823867559433,0.8701171875,0.5570368766784668
YLR194C,YKL080W,0,2.6993718,0.13816095888614655,0.8701171875,0.557137131690979
YPL198W,YML047C,0,2.6976068,0.1381395310163498,0.8701171875,0.5572373867034912
YMR234W,YHR033W,0,2.6971617,0.13811811804771423,0.8701171875,0.5573375821113586
YFR016C,YNL059C,0,2.6965737,0.13809671998023987,0.8701171875,0.5574378371238708
YOL020W,YPR067W,1,2.6962,0.13823027908802032,0.87109375,0.5574378371238708
YNL318C,YIL062C,0,2.6958416,0.13820886611938477,0.87109375,0.5575380921363831
YJR153W,YMR153W,0,2.6947527,0.1381874531507492,0.87109375,0.5576383471488953
YIL037C,YDR437W,0,2.6940594,0.13816604018211365,0.87109375,0.5577386021614075
YNL284C-B,YBR254C,0,2.6926687,0.13814464211463928,0.87109375,0.5578387975692749
YOR018W,YPL010W,0,2.6909025,0.1381232589483261,0.87109375,0.5579390525817871
YMR234W,YJL096W,0,2.6895838,0.13810187578201294,0.87109375,0.5580393075942993
YPL058C,YDL119C,0,2.688506,0.13808049261569977,0.87109375,0.5581395626068115
YPR154W,YJL197W,0,2.6872954,0.1380591243505478,0.87109375,0.558239758014679
YGL139W,YLL018C-A,1,2.6851273,0.13819250464439392,0.8720703125,0.558239758014679
YLL021W,YCL067C,0,2.6846433,0.13817112147808075,0.8720703125,0.5583400130271912
YPR007C,YBR049C,0,2.6840682,0.13814975321292877,0.8720703125,0.5584402680397034
YPR154W,YGR161W-A,0,2.6838365,0.1381283849477768,0.8720703125,0.5585405230522156
YDR422C,YGR044C,0,2.6835835,0.13810701668262482,0.8720703125,0.558640718460083
YIL153W,YDR316W-B,0,2.6833923,0.13808566331863403,0.8720703125,0.5587409734725952
YHR204W,YDL139C,0,2.6820211,0.13806430995464325,0.8720703125,0.5588412284851074
YHR114W,YLR068W,0,2.6811042,0.13804297149181366,0.8720703125,0.5589414834976196
YOR002W,YHR194W,0,2.6809306,0.13802163302898407,0.8720703125,0.5590416789054871
YDR381W,YPR131C,0,2.6793847,0.13800030946731567,0.8720703125,0.5591419339179993
YOR363C,YJL045W,0,2.6777353,0.13797898590564728,0.8720703125,0.5592421889305115
YEL005C,YKL005C,0,2.6776896,0.13795767724514008,0.8720703125,0.5593424439430237
YGL085W,YHL026C,0,2.6762166,0.13793635368347168,0.8720703125,0.5594426393508911
YLR249W,YPR086W,0,2.6758215,0.13791505992412567,0.8720703125,0.5595428943634033
YDR212W,YPL169C,0,2.6746058,0.13789376616477966,0.8720703125,0.5596431493759155
YGR161W-A,YOR195W,0,2.6734986,0.13787247240543365,0.8720703125,0.5597434043884277
YJL021C,YNR055C,0,2.6726031,0.13785119354724884,0.8720703125,0.5598435997962952
YHR108W,YGL167C,0,2.6719139,0.13782991468906403,0.8720703125,0.5599438548088074
YLR315W,YHR120W,0,2.671132,0.1378086358308792,0.8720703125,0.5600441098213196
YBL056W,YER178W,0,2.6710017,0.1377873718738556,0.8720703125,0.5601443648338318
YDR323C,YOR273C,0,2.6708632,0.13776612281799316,0.8720703125,0.5602445602416992
YDR098C-A,YKL150W,0,2.6703572,0.13774487376213074,0.8720703125,0.5603448152542114
YGR161W-A,YNL118C,0,2.6699758,0.1377236247062683,0.8720703125,0.5604450702667236
YOL012C,YML031W,0,2.6696067,0.13770239055156708,0.8720703125,0.5605453252792358
YLR377C,YML098W,0,2.6693609,0.13768115639686584,0.8720703125,0.5606455206871033
YDR308C,YGL085W,0,2.6686232,0.1376599371433258,0.8720703125,0.5607457756996155
YNL020C,YCR063W,0,2.6686127,0.13763871788978577,0.8720703125,0.5608460307121277
YGR109W-A,YGR122W,0,2.6685781,0.13761751353740692,0.8720703125,0.5609462857246399
YMR313C,YDR110W,0,2.6683302,0.13759630918502808,0.8720703125,0.5610465407371521
YHR103W,YKR053C,0,2.6683211,0.13757510483264923,0.8720703125,0.5611467361450195
YOL020W,YOR253W,0,2.6671553,0.13755391538143158,0.8720703125,0.5612469911575317
YPL141C,YPL126W,0,2.665628,0.13753272593021393,0.8720703125,0.561347246170044
YKL026C,YLL016W,0,2.6654644,0.13751155138015747,0.8720703125,0.5614475011825562
YML013W,YHL015W,0,2.6654344,0.137490376830101,0.8720703125,0.5615476965904236
YOL069W,YBL013W,0,2.664771,0.13746921718120575,0.8720703125,0.5616479516029358
YGL061C,YDR190C,0,2.6639462,0.13744805753231049,0.8720703125,0.561748206615448
YGL092W,YPL173W,0,2.663916,0.13742689788341522,0.8720703125,0.5618484616279602
YHR205W,YDR513W,0,2.6634736,0.13740575313568115,0.8720703125,0.5619486570358276
YDL154W,YBR121C,0,2.6624553,0.13738460838794708,0.8720703125,0.5620489120483398
YML023C,YDR280W,0,2.6615896,0.1373634785413742,0.8720703125,0.562149167060852
YHL017W,YER023W,0,2.6606328,0.13734236359596252,0.8720703125,0.5622494220733643
YBR114W,YKR083C,0,2.6600676,0.13732123374938965,0.8720703125,0.5623496174812317
YDR292C,YHR138C,0,2.6591895,0.13730011880397797,0.8720703125,0.5624498724937439
YBR038W,YOR383C,0,2.658808,0.13727901875972748,0.8720703125,0.5625501275062561
YHR150W,YLR260W,0,2.6581893,0.137257918715477,0.8720703125,0.5626503825187683
YPR128C,YDR160W,1,2.6564941,0.13739050924777985,0.873046875,0.5626503825187683
YOR236W,YPL189W,0,2.6553285,0.13736939430236816,0.873046875,0.5627505779266357
YDR176W,YHR170W,0,2.6550298,0.13734829425811768,0.873046875,0.562850832939148
YML133C,YJL083W,0,2.654749,0.1373271942138672,0.873046875,0.5629510879516602
YGR055W,YLR189C,0,2.6545565,0.1373060941696167,0.873046875,0.5630513429641724
YKR075C,YDL119C,0,2.6535742,0.1372850090265274,0.873046875,0.5631515383720398
YGR030C,YBL005W,0,2.6524901,0.1372639387845993,0.873046875,0.563251793384552
YBR038W,YDR287W,0,2.6523998,0.1372428685426712,0.873046875,0.5633520483970642
YHR120W,YPL135W,0,2.6498878,0.1372217983007431,0.873046875,0.5634523034095764
YDR399W,YBR168W,0,2.649639,0.1372007429599762,0.873046875,0.5635524988174438
YJR084W,YNL111C,0,2.6482644,0.1371796876192093,0.873046875,0.563652753829956
YDL230W,YGR044C,0,2.6471663,0.13715863227844238,0.873046875,0.5637530088424683
YOR087W,YKL048C,0,2.6460483,0.13713759183883667,0.873046875,0.5638532638549805
YOL078W,YPL018W,0,2.6455626,0.13711656630039215,0.873046875,0.5639534592628479
YJL013C,YJR046W,0,2.644966,0.13709554076194763,0.873046875,0.5640537142753601
YDR316W-B,YGR030C,0,2.6446843,0.1370745152235031,0.873046875,0.5641539692878723
YKL145W,YKL039W,0,2.643445,0.1370535045862198,0.873046875,0.5642542243003845
YKR075C,YKR064W,0,2.6431043,0.13703249394893646,0.873046875,0.5643544793128967
YHR165C,YJL078C,0,2.6425054,0.13701149821281433,0.873046875,0.5644546747207642
YGR024C,YGL115W,0,2.6424074,0.1369905024766922,0.873046875,0.5645549297332764
YPL036W,YGL192W,0,2.6419725,0.13696950674057007,0.873046875,0.5646551847457886
YNL167C,YJR084W,0,2.6401951,0.13694852590560913,0.873046875,0.5647554397583008
YCR031C,YDL135C,0,2.639853,0.1369275599718094,0.873046875,0.5648556351661682
YLR143W,YGL151W,0,2.6396613,0.13690657913684845,0.873046875,0.5649558901786804
YOR129C,YLR384C,0,2.6396334,0.1368856281042099,0.873046875,0.5650561451911926
YPL138C,YNL250W,0,2.6396036,0.13686466217041016,0.873046875,0.5651564002037048
YDL003W,YJR120W,0,2.6388714,0.1368437111377716,0.873046875,0.5652565956115723
YGR080W,YCL001W,0,2.6384506,0.13682277500629425,0.873046875,0.5653568506240845
YBR054W,YBR168W,0,2.6374884,0.1368018388748169,0.873046875,0.5654571056365967
YDR308C,YGR266W,0,2.6373804,0.13678090274333954,0.873046875,0.5655573606491089
YHL038C,YHR138C,0,2.6361928,0.13675998151302338,0.873046875,0.5656575560569763
YMR074C,YOR341W,0,2.6341877,0.13673906028270721,0.873046875,0.5657578110694885
YDR201W,YBR015C,0,2.6336887,0.13671815395355225,0.873046875,0.5658580660820007
YFR024C,YGL105W,0,2.6335745,0.13669724762439728,0.873046875,0.5659583210945129
YPL141C,YEL044W,0,2.6334186,0.1366763561964035,0.873046875,0.5660585165023804
YGR161W-A,YIL043C,0,2.6328886,0.13665544986724854,0.873046875,0.5661587715148926
YCR044C,YPR155C,0,2.6328568,0.13663457334041595,0.873046875,0.5662590265274048
YIL014W,YPL063W,0,2.631988,0.13661369681358337,0.873046875,0.566359281539917
YPR158W-B,YNR038W,0,2.6318617,0.1365928202867508,0.873046875,0.5664594769477844
YPL117C,YNR052C,0,2.6318398,0.1365719586610794,0.873046875,0.5665597319602966
YLR227W-A,YLR288C,0,2.631321,0.13655109703540802,0.873046875,0.5666599869728088
YOR316C,YOR060C,0,2.6308594,0.13653023540973663,0.873046875,0.566760241985321
YDR092W,YDR365W-A,0,2.630067,0.13650938868522644,0.873046875,0.5668604373931885
YOR172W,YPR010C,0,2.629857,0.13648855686187744,0.873046875,0.5669606924057007
YOR191W,YIL062C,0,2.628903,0.13646771013736725,0.873046875,0.5670609474182129
YBL087C,YNL054W-A,0,2.628531,0.13644689321517944,0.873046875,0.5671612024307251
YPL203W,YML076C,0,2.6282146,0.13642606139183044,0.873046875,0.5672613978385925
YJR131W,YER108C,0,2.627122,0.13640524446964264,0.873046875,0.5673616528511047
YGR024C,YBR029C,0,2.62686,0.13638444244861603,0.873046875,0.5674619078636169
YKR089C,YBL035C,0,2.6267679,0.13636364042758942,0.873046875,0.5675621628761292
YLL018C-A,YPL221W,1,2.6263318,0.13649535179138184,0.8740234375,0.5675621628761292
YGL139W,YOL027C,1,2.6260347,0.13662701845169067,0.875,0.5675621628761292
YNL287W,YER108C,0,2.626022,0.13660618662834167,0.875,0.5676624178886414
YNR052C,YMR177W,0,2.6249342,0.13658536970615387,0.875,0.5677626132965088
YPR158W-B,YMR009W,0,2.623364,0.13656455278396606,0.875,0.567862868309021
YBR233W-A,YHR146W,0,2.6232467,0.13654373586177826,0.875,0.5679631233215332
YBR233W-A,YAL011W,0,2.622376,0.13652293384075165,0.875,0.5680633783340454
YKL054C,YLR313C,0,2.62083,0.13650213181972504,0.875,0.5681635737419128
YBL080C,YCL039W,0,2.6206994,0.13648134469985962,0.875,0.568263828754425
YCR107W,YIL062C,0,2.6204202,0.1364605575799942,0.875,0.5683640837669373
YOR091W,YIL130W,0,2.619182,0.13643977046012878,0.875,0.5684643387794495
YDR007W,YPR120C,0,2.6182265,0.13641899824142456,0.875,0.5685645341873169
YML021C,YLR313C,0,2.61805,0.13639824092388153,0.875,0.5686647891998291
YGR178C,YDR284C,0,2.617509,0.1363774687051773,0.875,0.5687650442123413
YFR024C,YOR129C,0,2.6162903,0.13635672628879547,0.875,0.5688652992248535
YLL018C,YNL111C,0,2.6158676,0.13633596897125244,0.875,0.568965494632721
YOR049C,YGL171W,0,2.615307,0.1363152265548706,0.875,0.5690657496452332
YMR226C,YOL051W,0,2.6150057,0.13629449903964996,0.875,0.5691660046577454
YGR161W-A,YBR085W,0,2.6145892,0.13627377152442932,0.875,0.5692662596702576
YCL012W,YPL075W,0,2.6142495,0.13625304400920868,0.875,0.569366455078125
YOR267C,YDR301W,0,2.6140199,0.13623233139514923,0.875,0.5694667100906372
YDL120W,YOL122C,1,2.6137314,0.13636364042758942,0.8759765625,0.5694667100906372
YDR210C-D,YGL096W,0,2.6130126,0.13634291291236877,0.8759765625,0.5695669651031494
YPL141C,YDL102W,0,2.6118555,0.13632218539714813,0.8759765625,0.5696672201156616
YIL038C,YDR289C,0,2.6117997,0.13630147278308868,0.8759765625,0.569767415523529
YLR037C,YPL239W,0,2.6115723,0.13628076016902924,0.8759765625,0.5698676705360413
YBL008W,YBR191W,0,2.6104665,0.13626006245613098,0.8759765625,0.5699679255485535
YLR284C,YDR200C,0,2.6102872,0.13623936474323273,0.8759765625,0.5700681805610657
YNL181W,YMR125W,0,2.6091142,0.13621868193149567,0.8759765625,0.5701683759689331
YML059C,YNL054W-A,0,2.6087797,0.1361979991197586,0.8759765625,0.5702686309814453
YPL234C,YCR035C,0,2.6082826,0.13617731630802155,0.8759765625,0.5703688859939575
YDR365C,YGL127C,0,2.607445,0.13615664839744568,0.8759765625,0.5704691410064697
YKR085C,YKR095W,0,2.6074367,0.1361359804868698,0.8759765625,0.5705693960189819
YJR042W,YGL093W,0,2.6073813,0.13611532747745514,0.8759765625,0.5706695914268494
YDR482C,YIL153W,0,2.6070685,0.13609467446804047,0.8759765625,0.5707698464393616
YOR189W,YGR178C,0,2.606585,0.136074036359787,0.8759765625,0.5708701014518738
YLR277C,YPR068C,0,2.6056116,0.13605338335037231,0.8759765625,0.570970356464386
YGL171W,YJL058C,0,2.6039455,0.13603276014328003,0.8759765625,0.5710705518722534
YLR200W,YHR114W,0,2.6034994,0.13601213693618774,0.8759765625,0.5711708068847656
YLR432W,YHL015W,0,2.6022105,0.13599151372909546,0.8759765625,0.5712710618972778
YKL033W,YNL094W,0,2.6021008,0.13597089052200317,0.8759765625,0.57137131690979
YNR032C-A,YER109C,0,2.6018183,0.13595028221607208,0.8759765625,0.5714715123176575
YGR080W,YBR169C,0,2.6010754,0.13592968881130219,0.8759765625,0.5715717673301697
YDR434W,YGL078C,0,2.60076,0.1359090954065323,0.8759765625,0.5716720223426819
YGR109W-A,YKL081W,0,2.6007295,0.1358885020017624,0.8759765625,0.5717722773551941
YKR064W,YKL077W,0,2.6005206,0.1358679234981537,0.8759765625,0.5718724727630615
YNL180C,YOR254C,0,2.600348,0.13584734499454498,0.8759765625,0.5719727277755737
YJR042W,YNL066W,0,2.6001334,0.13582676649093628,0.8759765625,0.5720729827880859
YDR023W,YPL117C,0,2.6000574,0.13580620288848877,0.8759765625,0.5721732378005981
YBR089C-A,YHL035C,0,2.5995984,0.13578565418720245,0.8759765625,0.5722734332084656
YPR148C,YNR033W,0,2.5987792,0.13576509058475494,0.8759765625,0.5723736882209778
YDR375C,YKL155C,0,2.598145,0.13574455678462982,0.8759765625,0.57247394323349
YPL115C,YDR516C,0,2.5977924,0.1357240080833435,0.8759765625,0.5725741982460022
YMR183C,YNR053C,0,2.5973496,0.13570347428321838,0.8759765625,0.5726743936538696
YLL066C,YMR183C,0,2.59661,0.13568295538425446,0.8759765625,0.5727746486663818
YDR098C-A,YLR189C,0,2.5957584,0.13566243648529053,0.8759765625,0.572874903678894
YKL197C,YDR176W,0,2.594974,0.1356419175863266,0.8759765625,0.5729751586914062
YMR040W,YGR142W,0,2.5948777,0.13562141358852386,0.8759765625,0.5730753540992737
YDL123W,YDR284C,0,2.5948248,0.13560090959072113,0.8759765625,0.5731756091117859
YHR158C,YGR161C-D,0,2.5936985,0.1355804055929184,0.8759765625,0.5732758641242981
YJL110C,YJR108W,0,2.5928183,0.13555991649627686,0.8759765625,0.5733761191368103
YDR528W,YHR190W,0,2.5926595,0.1355394423007965,0.8759765625,0.5734763145446777
YPL171C,YGL105W,0,2.5912733,0.13551895320415497,0.8759765625,0.5735765695571899
YJL183W,YHR197W,0,2.590278,0.13549849390983582,0.8759765625,0.5736768245697021
YJL021C,YGL238W,0,2.5893435,0.13547801971435547,0.8759765625,0.5737770795822144
YBR046C,YKR072C,0,2.5886645,0.13545756042003632,0.8759765625,0.5738773345947266
YKL048C,YGL151W,0,2.586667,0.13543711602687836,0.8759765625,0.573977530002594
YBR090C-A,YDL117W,0,2.5863802,0.1354166716337204,0.8759765625,0.5740777850151062
YOR258W,YOL051W,0,2.5862014,0.13539622724056244,0.8759765625,0.5741780400276184
YOR267C,YCR021C,0,2.5860932,0.13537579774856567,0.8759765625,0.5742782950401306
YHR035W,YOR009W,0,2.5857224,0.1353553682565689,0.8759765625,0.574378490447998
YMR274C,YDL100C,0,2.5850418,0.13533493876457214,0.8759765625,0.5744787454605103
YFR014C,YER071C,0,2.584847,0.13531452417373657,0.8759765625,0.5745790004730225
YJL057C,YOR266W,0,2.583016,0.1352941244840622,0.8759765625,0.5746792554855347
YML041C,YHR090C,0,2.5828958,0.13527370989322662,0.8759765625,0.5747794508934021
YKL058W,YIL005W,0,2.5823083,0.13525331020355225,0.8759765625,0.5748797059059143
YPR055W,YLR259C,0,2.5816731,0.13523292541503906,0.8759765625,0.5749799609184265
YOL096C,YBL047C,0,2.5799327,0.13521254062652588,0.8759765625,0.5750802159309387
YPL105C,YCR107W,0,2.5798247,0.1351921558380127,0.8759765625,0.5751804113388062
YOR320C,YNL317W,0,2.578557,0.1351717859506607,0.8759765625,0.5752806663513184
YDL018C,YOL051W,0,2.577913,0.1351514309644699,0.8759765625,0.5753809213638306
YGR174C,YEL039C,0,2.5778725,0.13513106107711792,0.8759765625,0.5754811763763428
YHR024C,YOL061W,0,2.5757809,0.13511070609092712,0.8759765625,0.5755813717842102
YDL100C,YPR169W,0,2.5743933,0.13509036600589752,0.8759765625,0.5756816267967224
YFR027W,YML059C,0,2.5743513,0.13507002592086792,0.8759765625,0.5757818818092346
YLL031C,YDR365W-A,0,2.5741065,0.13504968583583832,0.8759765625,0.5758821368217468
YDR210C-D,YPR017C,0,2.5740142,0.1350293606519699,0.8759765625,0.5759823322296143
YHR150W,YBR193C,0,2.5730739,0.1350090354681015,0.8759765625,0.5760825872421265
YPR131C,YNL111C,0,2.5728288,0.1349887102842331,0.8759765625,0.5761828422546387
YDR427W,YAL051W,0,2.5720859,0.13496840000152588,0.8759765625,0.5762830972671509
YER176W,YHR118C,0,2.570847,0.13494808971881866,0.8759765625,0.5763832926750183
YLR223C,YNL164C,0,2.568174,0.13492779433727264,0.8759765625,0.5764835476875305
YEL039C,YDR257C,0,2.5674498,0.13490749895572662,0.8759765625,0.5765838027000427
YOR192C,YOL152W,1,2.566712,0.1350376009941101,0.876953125,0.5765838027000427
YJR027W,YPL254W,0,2.5650754,0.1350172907114029,0.876953125,0.5766840577125549
YHR001W-A,YIL011W,0,2.5650709,0.13499699532985687,0.876953125,0.5767842531204224
YIL147C,YIL005W,0,2.5640593,0.13497669994831085,0.876953125,0.5768845081329346
YIL033C,YGL238W,0,2.5635085,0.13495641946792603,0.876953125,0.5769847631454468
YDR078C,YLR143W,0,2.5633385,0.1349361389875412,0.876953125,0.577085018157959
YKL155C,YDR040C,0,2.5632205,0.13491585850715637,0.876953125,0.5771852731704712
YPR110C,YDR309C,0,2.5630622,0.13489559292793274,0.876953125,0.5772854685783386
YOL095C,YCL039W,0,2.5630493,0.1348753422498703,0.876953125,0.5773857235908508
YDR057W,YPL097W,0,2.5616965,0.13485507667064667,0.876953125,0.577485978603363
YGL067W,YLR190W,0,2.561154,0.13483484089374542,0.876953125,0.5775862336158752
YBR254C,YFR040W,0,2.5587573,0.13481459021568298,0.876953125,0.5776864290237427
YCL012W,YAL026C,0,2.557967,0.13479435443878174,0.876953125,0.5777866840362549
YOL084W,YER108C,0,2.5577064,0.1347741186618805,0.876953125,0.5778869390487671
YGR103W,YCL016C,0,2.5569139,0.13475389778614044,0.876953125,0.5779871940612793
YBL056W,YML057W,0,2.5563436,0.1347336769104004,0.876953125,0.5780873894691467
YPL141C,YDL145C,0,2.5555146,0.13471347093582153,0.876953125,0.5781876444816589
YGL005C,YDR430C,0,2.5547402,0.13469326496124268,0.876953125,0.5782878994941711
YKR096W,YPL075W,0,2.554709,0.13467305898666382,0.876953125,0.5783881545066833
YGR082W,YLR367W,0,2.5542765,0.13465286791324615,0.876953125,0.5784883499145508
YKR077W,YDL134C,0,2.554175,0.1346326768398285,0.876953125,0.578588604927063
YHR108W,YOR048C,0,2.5536046,0.13461250066757202,0.876953125,0.5786888599395752
YKL185W,YFR025C,0,2.553263,0.13459232449531555,0.876953125,0.5787891149520874
YFR050C,YBR100W,0,2.5526958,0.13457216322422028,0.876953125,0.5788893103599548
YOL009C,YDR019C,0,2.55189,0.1345519870519638,0.876953125,0.578989565372467
YAL030W,YNL054W-A,0,2.551616,0.13453184068202972,0.876953125,0.5790898203849792
YGR257C,YMR177W,1,2.5502253,0.1346614807844162,0.8779296875,0.5790898203849792
YLL031C,YNL251C,0,2.549709,0.13464130461215973,0.8779296875,0.5791900753974915
YLR347C,YPL253C,0,2.5495214,0.13462114334106445,0.8779296875,0.5792902708053589
YDL113C,YKL114C,0,2.5489612,0.13460098206996918,0.8779296875,0.5793905258178711
YGL167C,YPL189W,0,2.5489187,0.1345808357000351,0.8779296875,0.5794907808303833
YLR193C,YGL144C,0,2.548025,0.134560689330101,0.8779296875,0.5795910358428955
YKL045W,YDR165W,0,2.5479453,0.13454055786132812,0.8779296875,0.5796912312507629
YPR008W,YLL018C-A,0,2.54766,0.13452042639255524,0.8779296875,0.5797914862632751
YOR266W,YGR129W,0,2.5475383,0.13450029492378235,0.8779296875,0.5798917412757874
YGL142C,YJR096W,0,2.5462167,0.13448017835617065,0.8779296875,0.5799919962882996
YIR031C,YPL006W,0,2.5451145,0.13446006178855896,0.8779296875,0.580092191696167
YHR024C,YDR365W-A,0,2.5448737,0.13443996012210846,0.8779296875,0.5801924467086792
YHL038C,YHR133C,0,2.5448663,0.13441985845565796,0.8779296875,0.5802927017211914
YCR086W,YJL208C,0,2.543157,0.13439975678920746,0.8779296875,0.5803929567337036
YJL162C,YNL056W,0,2.5420284,0.13437967002391815,0.8779296875,0.5804932117462158
YPL146C,YML013W,0,2.5413,0.13435958325862885,0.8779296875,0.5805934071540833
YDR098C-A,YKR096W,0,2.5410044,0.13433951139450073,0.8779296875,0.5806936621665955
YJL021C,YKR052C,0,2.540451,0.13431943953037262,0.8779296875,0.5807939171791077
YGR161W-A,YDR190C,0,2.540217,0.1342993676662445,0.8779296875,0.5808941721916199
YML086C,YNL066W,0,2.5401726,0.1342793107032776,0.8779296875,0.5809943675994873
YML133C,YDR397C,0,2.539845,0.13425925374031067,0.8779296875,0.5810946226119995
YDR039C,YHR002W,1,2.5397127,0.1343885362148285,0.87890625,0.5810946226119995
YGL073W,YDR243C,0,2.5394554,0.13436846435070038,0.87890625,0.5811948776245117
YNL284C-B,YMR177W,0,2.539455,0.13434840738773346,0.87890625,0.5812951326370239
YER060W-A,YIL062C,0,2.538511,0.13432836532592773,0.87890625,0.5813953280448914
YER062C,YLR384C,0,2.5378807,0.13430830836296082,0.87890625,0.5814955830574036
YBR180W,YJL069C,0,2.537789,0.1342882663011551,0.87890625,0.5815958380699158
YHL050C,YNL161W,0,2.536343,0.13426823914051056,0.87890625,0.581696093082428
YMR234W,YLR328W,0,2.5333433,0.13424821197986603,0.87890625,0.5817962884902954
YHR138C,YPL189W,0,2.5326447,0.1342281848192215,0.87890625,0.5818965435028076
YIL154C,YIL173W,0,2.5322566,0.13420817255973816,0.87890625,0.5819967985153198
YOR049C,YJR123W,0,2.5312083,0.13418816030025482,0.87890625,0.582097053527832
YHL003C,YHR110W,0,2.530992,0.13416816294193268,0.87890625,0.5821972489356995
YGL139W,YLR214W,1,2.5308568,0.1342972069978714,0.8798828125,0.5821972489356995
YDR359C,YPL189W,0,2.5296676,0.13427719473838806,0.8798828125,0.5822975039482117
YKL145W,YBR090C-A,0,2.5281959,0.13425718247890472,0.8798828125,0.5823977589607239
YGL025C,YER102W,0,2.5267282,0.13423718512058258,0.8798828125,0.5824980139732361
YGR217W,YGR211W,0,2.5263782,0.13421718776226044,0.8798828125,0.5825982093811035
YJL021C,YOR048C,0,2.5259461,0.1341972053050995,0.8798828125,0.5826984643936157
YDR002W,YER123W,0,2.5240083,0.13417720794677734,0.8798828125,0.5827987194061279
YAL056W,YKL058W,0,2.5239654,0.1341572403907776,0.8798828125,0.5828989744186401
YDL175C,YPL075W,0,2.523166,0.13413725793361664,0.8798828125,0.5829991698265076
YGL076C,YGL116W,0,2.5226636,0.13411729037761688,0.8798828125,0.5830994248390198
YNL284C-B,YDR343C,0,2.5218294,0.13409733772277832,0.8798828125,0.583199679851532
YGL018C,YER127W,0,2.52113,0.13407738506793976,0.8798828125,0.5832999348640442
YML021C,YML086C,0,2.5202556,0.1340574324131012,0.8798828125,0.5834001898765564
YGR097W,YBR168W,0,2.518645,0.13403749465942383,0.8798828125,0.5835003852844238
YLR363C,YOR249C,0,2.518363,0.13401755690574646,0.8798828125,0.583600640296936
YKR075C,YDR080W,0,2.5182328,0.1339976191520691,0.8798828125,0.5837008953094482
YKR078W,YLR115W,0,2.51822,0.13397769629955292,0.8798828125,0.5838011503219604
YIL022W,YJL045W,0,2.5179207,0.13395777344703674,0.8798828125,0.5839013457298279
YDR098C-A,YER142C,0,2.5175996,0.13393786549568176,0.8798828125,0.5840016007423401
YAR033W,YDR469W,0,2.5175123,0.13391795754432678,0.8798828125,0.5841018557548523
YOL027C,YOL077W-A,1,2.516974,0.13404665887355804,0.880859375,0.5841018557548523
YPL126W,YOR109W,0,2.5168467,0.13402675092220306,0.880859375,0.5842021107673645
YHL017W,YDR217C,0,2.5166159,0.1340068280696869,0.880859375,0.5843023061752319
YNL214W,YLL006W,0,2.5163398,0.1339869350194931,0.880859375,0.5844025611877441
YML013W,YKL150W,0,2.5161476,0.13396702706813812,0.880859375,0.5845028162002563
YMR234W,YIL069C,0,2.5158396,0.13394713401794434,0.880859375,0.5846030712127686
YFR016C,YHL006C,0,2.5141778,0.13392724096775055,0.880859375,0.584703266620636
YNL284C-B,YOR103C,0,2.5141692,0.13390736281871796,0.880859375,0.5848035216331482
YBR153W,YMR048W,0,2.5140686,0.13388748466968536,0.880859375,0.5849037766456604
YGR109W-A,YKL132C,0,2.5135756,0.13386762142181396,0.880859375,0.5850040316581726
YNR032C-A,YER102W,0,2.5133731,0.13384775817394257,0.880859375,0.58510422706604
YMR048W,YLR384C,0,2.5133476,0.13382789492607117,0.880859375,0.5852044820785522
YOL069W,YBR119W,0,2.512743,0.13380804657936096,0.880859375,0.5853047370910645
YIL064W,YKR075C,0,2.511883,0.13378819823265076,0.880859375,0.5854049921035767
YPR105C,YJL216C,0,2.510819,0.13376834988594055,0.880859375,0.5855051875114441
YGR202C,YDR308C,0,2.5106802,0.13374851644039154,0.880859375,0.5856054425239563
YNL031C,YPR148C,0,2.5106547,0.13372868299484253,0.880859375,0.5857056975364685
YOL103W-A,YJL035C,0,2.5099642,0.1337088644504547,0.880859375,0.5858059525489807
YGR181W,YNL251C,0,2.5085132,0.1336890459060669,0.880859375,0.5859061479568481
YAL015C,YBR208C,0,2.508224,0.13366924226284027,0.880859375,0.5860064029693604
YLR200W,YPR086W,0,2.5081794,0.13364942371845245,0.880859375,0.5861066579818726
YGR266W,YHR080C,0,2.5079901,0.13362963497638702,0.880859375,0.5862069129943848
YOL078W,YLL057C,0,2.5064628,0.1336098313331604,0.880859375,0.5863071084022522
YIL022W,YOR156C,0,2.5061421,0.13359004259109497,0.880859375,0.5864073634147644
YBR181C,YHR079C-B,0,2.5060377,0.13357026875019073,0.880859375,0.5865076184272766
YHR146W,YML082W,0,2.5053217,0.1335504949092865,0.880859375,0.5866078734397888
YER142C,YJL021C,0,2.5052543,0.13353072106838226,0.880859375,0.586708128452301
YLR052W,YPR105C,0,2.5051327,0.13351094722747803,0.880859375,0.5868083238601685
YCL051W,YHR111W,0,2.5044937,0.13349118828773499,0.880859375,0.5869085788726807
YKL165C,YOL077W-A,1,2.5036447,0.13361941277980804,0.8818359375,0.5869085788726807
YHR108W,YPR114W,0,2.503057,0.1335996389389038,0.8818359375,0.5870088338851929
YBR233W-A,YCR045C,0,2.5027924,0.13357987999916077,0.8818359375,0.5871090888977051
YBR023C,YDR365C,0,2.5024338,0.13356012105941772,0.8818359375,0.5872092843055725
YPL141C,YGL045W,0,2.5020792,0.13354037702083588,0.8818359375,0.5873095393180847
YOR091W,YDR210C-D,0,2.501811,0.13352063298225403,0.8818359375,0.5874097943305969
YHR142W,YDR464W,0,2.5016623,0.13350088894367218,0.8818359375,0.5875100493431091
YJL098W,YDR316W-B,0,2.5015492,0.13348115980625153,0.8818359375,0.5876102447509766
YHL011C,YPR034W,0,2.5013218,0.13346143066883087,0.8818359375,0.5877104997634888
YHR035W,YDR300C,0,2.5012522,0.13344170153141022,0.8818359375,0.587810754776001
YGR161C-D,YDL076C,0,2.501142,0.13342198729515076,0.8818359375,0.5879110097885132
YPR071W,YML096W,0,2.5010328,0.1334022730588913,0.8818359375,0.5880112051963806
YGL105W,YLR067C,0,2.5010257,0.13338257372379303,0.8818359375,0.5881114602088928
YBR153W,YLR413W,0,2.500722,0.13336287438869476,0.8818359375,0.588211715221405
YAR009C,YDR100W,0,2.5006647,0.1333431750535965,0.8818359375,0.5883119702339172
YLL055W,YOR381W,1,2.5003982,0.13347113132476807,0.8828125,0.5883119702339172
YJL110C,YGR202C,0,2.5000305,0.1334514319896698,0.8828125,0.5884121656417847
YGL063W,YMR274C,0,2.4974682,0.13343173265457153,0.8828125,0.5885124206542969
YAL007C,YDR292C,0,2.496719,0.13341204822063446,0.8828125,0.5886126756668091
YGL067W,YPR114W,0,2.4960315,0.1333923637866974,0.8828125,0.5887129306793213
YGR212W,YDR273W,0,2.4958997,0.13337267935276031,0.8828125,0.5888131260871887
YDL209C,YLR200W,0,2.4937592,0.13335299491882324,0.8828125,0.5889133810997009
YBR119W,YGL240W,0,2.4927843,0.13333334028720856,0.8828125,0.5890136361122131
YMR059W,YNL214W,0,2.492672,0.13331367075443268,0.8828125,0.5891138911247253
YGL104C,YJL035C,0,2.492067,0.133294016122818,0.8828125,0.5892140865325928
YLR131C,YLR007W,0,2.491026,0.1332743614912033,0.8828125,0.589314341545105
YKR077W,YHR193C,0,2.4906993,0.13325472176074982,0.8828125,0.5894145965576172
YDR439W,YLR092W,0,2.489541,0.13323508203029633,0.8828125,0.5895148515701294
YEL044W,YHL015W,0,2.4890757,0.13321544229984283,0.8828125,0.5896150469779968
YIL009W,YER129W,0,2.4873173,0.13319581747055054,0.8828125,0.589715301990509
YGL196W,YML016C,0,2.4869258,0.13317619264125824,0.8828125,0.5898155570030212
YAR033W,YPL040C,0,2.4863412,0.13315658271312714,0.8828125,0.5899158120155334
YER143W,YAL051W,0,2.486231,0.13313697278499603,0.8828125,0.5900160670280457
YOR034C,YHR202W,0,2.485717,0.13311736285686493,0.8828125,0.5901162624359131
YOL096C,YGR253C,0,2.4852805,0.13309776782989502,0.8828125,0.5902165174484253
YNL173C,YHL015W,0,2.4851985,0.1330781728029251,0.8828125,0.5903167724609375
YOR088W,YGR138C,1,2.4846158,0.13320577144622803,0.8837890625,0.5903167724609375
YIL018W,YNL066W,0,2.4841623,0.13318616151809692,0.8837890625,0.5904170274734497
YHR139C,YBR188C,0,2.4840174,0.13316656649112701,0.8837890625,0.5905172228813171
YML121W,YDR506C,1,2.4838843,0.13329410552978516,0.884765625,0.5905172228813171
YLR220W,YML096W,0,2.482668,0.13327449560165405,0.884765625,0.5906174778938293
YBR005W,YDR386W,0,2.481557,0.13325488567352295,0.884765625,0.5907177329063416
YGL063W,YDR227W,0,2.4810705,0.13323529064655304,0.884765625,0.5908179879188538
YGL167C,YPL018W,0,2.4805367,0.13321571052074432,0.884765625,0.5909181833267212
YKL141W,YKR077W,0,2.4800682,0.13319611549377441,0.884765625,0.5910184383392334
YIL036W,YHR139C,0,2.4797506,0.1331765353679657,0.884765625,0.5911186933517456
YOL076W,YBR090C-A,0,2.4794626,0.13315697014331818,0.884765625,0.5912189483642578
YPR097W,YNL176C,0,2.4783816,0.13313740491867065,0.884765625,0.5913191437721252
YFL056C,YLR193C,0,2.4779267,0.13311783969402313,0.884765625,0.5914193987846375
YER031C,YGL058W,0,2.477813,0.1330982744693756,0.884765625,0.5915196537971497
YNL076W,YPL189W,0,2.477783,0.13307872414588928,0.884765625,0.5916199088096619
YHR148W,YOR358W,0,2.4777725,0.13305918872356415,0.884765625,0.5917201042175293
YGR082W,YKR085C,0,2.4777076,0.133039653301239,0.884765625,0.5918203592300415
YML021C,YGL063W,0,2.4769619,0.13302011787891388,0.884765625,0.5919206142425537
YDR127W,YLR039C,0,2.4766273,0.13300058245658875,0.884765625,0.5920208692550659
YGR161W-A,YOR273C,0,2.476494,0.1329810619354248,0.884765625,0.5921210646629333
YGL098W,YBR109C,0,2.4758372,0.13296155631542206,0.884765625,0.5922213196754456
YMR076C,YAL059W,0,2.4754624,0.13294203579425812,0.884765625,0.5923215746879578
YBR086C,YPL248C,0,2.4754567,0.13292253017425537,0.884765625,0.59242182970047
YJR035W,YIL144W,0,2.473662,0.13290303945541382,0.884765625,0.5925220251083374
YOR316C,YDR160W,1,2.4710135,0.1330302208662033,0.8857421875,0.5925220251083374
YHR205W,YPL145C,0,2.47098,0.13301070034503937,0.8857421875,0.5926222801208496
YBL100W-B,YBR094W,0,2.4703064,0.13299120962619781,0.8857421875,0.5927225351333618
YMR175W,YMR001C,0,2.4687805,0.13297170400619507,0.8857421875,0.592822790145874
YLR345W,YOR103C,0,2.4684622,0.13295221328735352,0.8857421875,0.5929229855537415
YPR169W,YPL161C,0,2.467082,0.13293272256851196,0.8857421875,0.5930232405662537
YHR158C,YDR200C,0,2.467072,0.1329132467508316,0.8857421875,0.5931234955787659
YPL145C,YNL118C,0,2.4667537,0.13289377093315125,0.8857421875,0.5932237505912781
YBR078W,YDR243C,0,2.4658635,0.13287431001663208,0.8857421875,0.5933240056037903
YHR146W,YIL154C,0,2.465251,0.13285483419895172,0.8857421875,0.5934242010116577
YFR010W,YDR427W,0,2.464622,0.13283538818359375,0.8857421875,0.5935244560241699
YLR315W,YNL063W,0,2.4642186,0.13281592726707458,0.8857421875,0.5936247110366821
YGL171W,YDL223C,0,2.4638562,0.1327964812517166,0.8857421875,0.5937249660491943
YAL056W,YLR011W,0,2.463351,0.13277705013751984,0.8857421875,0.5938251614570618
YNL048W,YDL046W,0,2.46329,0.13275760412216187,0.8857421875,0.593925416469574
YKL052C,YFR034C,0,2.461272,0.13273818790912628,0.8857421875,0.5940256714820862
YDR210C-D,YNR048W,0,2.4610183,0.1327187567949295,0.8857421875,0.5941259264945984
YDR367W,YPL193W,0,2.4606574,0.13269934058189392,0.8857421875,0.5942261219024658
YHR039C-B,YPL265W,1,2.4605103,0.13282620906829834,0.88671875,0.5942261219024658
YKL054C,YNL111C,0,2.459877,0.13280679285526276,0.88671875,0.594326376914978
YLL018C,YKL052C,0,2.4597192,0.13278736174106598,0.88671875,0.5944266319274902
YDR002W,YLR460C,0,2.458252,0.1327679455280304,0.88671875,0.5945268869400024
YHR185C,YOL012C,0,2.4579306,0.132748544216156,0.88671875,0.5946270823478699
YLR083C,YNL145W,0,2.457779,0.13272912800312042,0.88671875,0.5947273373603821
YOR247W,YFR034C,0,2.4557123,0.13270972669124603,0.88671875,0.5948275923728943
YBL080C,YGR094W,0,2.455668,0.13269034028053284,0.88671875,0.5949278473854065
YGR283C,YNL278W,0,2.4551356,0.13267095386981964,0.88671875,0.5950280427932739
YBR101C,YLR259C,0,2.4550297,0.13265156745910645,0.88671875,0.5951282978057861
YML107C,YGL139W,0,2.4549718,0.13263219594955444,0.88671875,0.5952285528182983
YBR279W,YLR337C,0,2.454275,0.13261282444000244,0.88671875,0.5953288078308105
YDR189W,YPL207W,0,2.453262,0.13259345293045044,0.88671875,0.595429003238678
YBR188C,YPR086W,0,2.4522238,0.13257409632205963,0.88671875,0.5955292582511902
YML059C,YLL006W,0,2.4518347,0.13255473971366882,0.88671875,0.5956295132637024
YML023C,YDR002W,0,2.4518156,0.1325353980064392,0.88671875,0.5957297682762146
YFL056C,YGR217W,0,2.450877,0.1325160562992096,0.88671875,0.595829963684082
YCR058C,YMR035W,0,2.4504347,0.13249671459197998,0.88671875,0.5959302186965942
YOR049C,YJL096W,0,2.45016,0.13247738778591156,0.88671875,0.5960304737091064
YHR039C-B,YHR002W,1,2.449338,0.1326039433479309,0.8876953125,0.5960304737091064
YOR081C,YPL006W,0,2.4492905,0.1325846016407013,0.8876953125,0.5961307287216187
YLR348C,YOL152W,1,2.4482524,0.13271109759807587,0.888671875,0.5961307287216187
YFR040W,YJR052W,0,2.4479284,0.13269174098968506,0.888671875,0.5962309837341309
YJL021C,YOR136W,0,2.4457374,0.13267239928245544,0.888671875,0.5963311791419983
YGL167C,YDL209C,0,2.445402,0.13265305757522583,0.888671875,0.5964314341545105
YNL167C,YMR101C,0,2.4450605,0.1326337307691574,0.888671875,0.5965316891670227
YHR039C-B,YNR055C,1,2.4450238,0.13276012241840363,0.8896484375,0.5965316891670227
YDL154W,YOL059W,0,2.4446797,0.132740780711174,0.8896484375,0.5966319441795349
YJL183W,YLR288C,0,2.4444375,0.1327214390039444,0.8896484375,0.5967321395874023
YPL168W,YHR157W,0,2.4429488,0.13270211219787598,0.8896484375,0.5968323945999146
YMR261C,YHR006W,0,2.4416673,0.13268278539180756,0.8896484375,0.5969326496124268
YBR208C,YGR129W,0,2.440423,0.13266345858573914,0.8896484375,0.597032904624939
YEL006W,YNL240C,0,2.440381,0.1326441466808319,0.8896484375,0.5971331000328064
YEL017C-A,YMR319C,1,2.440146,0.13277041912078857,0.890625,0.5971331000328064
YDR361C,YBR208C,0,2.4376092,0.13275109231472015,0.890625,0.5972333550453186
YDR515W,YFL011W,0,2.4364405,0.13273176550865173,0.890625,0.5973336100578308
YDL135C,YIR031C,0,2.4324133,0.1327124536037445,0.890625,0.597433865070343
YJL021C,YDR407C,0,2.4316328,0.13269314169883728,0.890625,0.5975340604782104
YCR045C,YNL023C,0,2.4313674,0.13267384469509125,0.890625,0.5976343154907227
YDR075W,YCR031C,0,2.4310968,0.13265454769134521,0.890625,0.5977345705032349
YEL019C,YOR119C,0,2.430253,0.13263525068759918,0.890625,0.5978348255157471
YOL122C,YKL048C,0,2.4288666,0.13261596858501434,0.890625,0.5979350209236145
YDR268W,YPL183C,0,2.4283347,0.1325966864824295,0.890625,0.5980352759361267
YIL038C,YJL168C,0,2.4276881,0.13257740437984467,0.890625,0.5981355309486389
YIL107C,YPL021W,0,2.4264193,0.13255813717842102,0.890625,0.5982357859611511
YKL006C-A,YNR038W,0,2.4260018,0.13253886997699738,0.890625,0.5983359813690186
YLL031C,YBR034C,0,2.4253473,0.13251961767673492,0.890625,0.5984362363815308
YJR102C,YPR141C,0,2.4251933,0.13250036537647247,0.890625,0.598536491394043
YMR318C,YHR122W,0,2.4243646,0.13248111307621002,0.890625,0.5986367464065552
YNL063W,YBR028C,0,2.4236465,0.13246187567710876,0.890625,0.5987369418144226
YJL089W,YKL032C,0,2.4224892,0.1324426382780075,0.890625,0.5988371968269348
YLR215C,YMR055C,0,2.422101,0.13242340087890625,0.890625,0.598937451839447
YCR058C,YOL095C,0,2.4213648,0.1324041783809662,0.890625,0.5990377068519592
YNL294C,YLR019W,0,2.4201522,0.13238495588302612,0.890625,0.5991379022598267
YGR057C,YPL049C,0,2.4199998,0.13236574828624725,0.890625,0.5992381572723389
YFR024C,YMR195W,0,2.4198947,0.13234654068946838,0.890625,0.5993384122848511
YGR109W-A,YJL083W,0,2.4197912,0.13232733309268951,0.890625,0.5994386672973633
YOL103W-A,YER167W,0,2.419744,0.13230814039707184,0.890625,0.5995389223098755
YLR102C,YGL058W,0,2.4195085,0.13228894770145416,0.890625,0.5996391177177429
YCR035C,YBR193C,0,2.4191513,0.1322697550058365,0.890625,0.5997393727302551
YER063W,YLR059C,0,2.41858,0.13225057721138,0.890625,0.5998396277427673
YBR090C-A,YLR056W,0,2.4178529,0.13223139941692352,0.890625,0.5999398827552795
YML016C,YLR075W,0,2.41781,0.13221223652362823,0.890625,0.600040078163147
YDL175C,YMR105C,0,2.4174447,0.13219307363033295,0.890625,0.6001403331756592
YFR024C,YOR119C,0,2.416793,0.13217391073703766,0.890625,0.6002405881881714
YPL280W,YHL025W,0,2.4151392,0.13215476274490356,0.890625,0.6003408432006836
YNL286W,YDR122W,0,2.414884,0.13213561475276947,0.890625,0.600441038608551
YGR235C,YFR024C,0,2.414845,0.13211646676063538,0.890625,0.6005412936210632
YPR037C,YOL095C,0,2.4147663,0.13209733366966248,0.890625,0.6006415486335754
YJL021C,YLR333C,0,2.4140668,0.13207820057868958,0.890625,0.6007418036460876
YGR161W-A,YIL107C,0,2.412641,0.13205908238887787,0.890625,0.6008419990539551
YDL145C,YLR019W,0,2.412557,0.13203996419906616,0.890625,0.6009422540664673
YFR027W,YGL063W,0,2.412178,0.13202084600925446,0.890625,0.6010425090789795
YIL007C,YGR161C-D,0,2.4119658,0.13200174272060394,0.890625,0.6011427640914917
YPR131C,YHR194W,0,2.4112191,0.13198263943195343,0.890625,0.6012429594993591
YFR024C,YKL134C,0,2.409426,0.13196353614330292,0.890625,0.6013432145118713
YHR037W,YOR319W,0,2.409422,0.1319444477558136,0.890625,0.6014434695243835
YDL175C,YIR019C,0,2.4073896,0.13192535936832428,0.890625,0.6015437245368958
YDR365W-A,YNR037C,0,2.4073021,0.13190627098083496,0.890625,0.6016439199447632
YKR078W,YER056C,0,2.4062295,0.13188719749450684,0.890625,0.6017441749572754
YOR189W,YHR139C,0,2.4060512,0.1318681389093399,0.890625,0.6018444299697876
YDR038C,YGL254W,1,2.4058335,0.1319936364889145,0.8916015625,0.6018444299697876
YJL054W,YGL018C,0,2.405651,0.13197456300258636,0.8916015625,0.6019446849822998
YDR098C,YDR350C,0,2.4050133,0.13195548951625824,0.8916015625,0.6020448803901672
YLL031C,YNR037C,0,2.4049368,0.13193641602993011,0.8916015625,0.6021451354026794
YIL007C,YAR042W,0,2.4046988,0.13191735744476318,0.8916015625,0.6022453904151917
YNL020C,YGL171W,0,2.4041915,0.13189829885959625,0.8916015625,0.6023456454277039
YLR052W,YPR071W,0,2.4041762,0.13187924027442932,0.8916015625,0.6024458408355713
YHR214C-C,YNL287W,0,2.403739,0.13186019659042358,0.8916015625,0.6025460958480835
YDR057W,YPL135W,0,2.4034555,0.13184115290641785,0.8916015625,0.6026463508605957
YOR192C,YAL015C,0,2.4028075,0.1318221241235733,0.8916015625,0.6027466058731079
YGR202C,YDR289C,0,2.4020715,0.13180309534072876,0.8916015625,0.6028468608856201
YBR065C,YKL043W,0,2.401877,0.13178406655788422,0.8916015625,0.6029470562934875
YNL263C,YDR168W,0,2.4017615,0.13176505267620087,0.8916015625,0.6030473113059998
YMR215W,YHL015W,0,2.4012947,0.13174603879451752,0.8916015625,0.603147566318512
YDL135C,YOL023W,0,2.4001489,0.13172702491283417,0.8916015625,0.6032478213310242
YHR122W,YDR397C,0,2.4000273,0.131708025932312,0.8916015625,0.6033480167388916
YGR120C,YBR100W,0,2.39849,0.13168902695178986,0.8916015625,0.6034482717514038
YDR176W,YHR106W,0,2.397067,0.1316700279712677,0.8916015625,0.603548526763916
YML107C,YEL006W,0,2.397039,0.13165104389190674,0.8916015625,0.6036487817764282
YLR426W,YOR078W,0,2.3968682,0.13163205981254578,0.8916015625,0.6037489771842957
YDR210C-D,YHR197W,0,2.396247,0.131613090634346,0.8916015625,0.6038492321968079
YOR088W,YOR291W,1,2.3959203,0.13173826038837433,0.892578125,0.6038492321968079
YGL196W,YPR068C,0,2.3957167,0.13171926140785217,0.892578125,0.6039494872093201
YBR046C,YFR024C,0,2.3952537,0.1317002922296524,0.892578125,0.6040497422218323
YHR039C-B,YMR241W,1,2.3952346,0.13182538747787476,0.8935546875,0.6040497422218323
YNL180C,YLR435W,0,2.3950868,0.1318063884973526,0.8935546875,0.6041499376296997
YLR227W-A,YPL137C,0,2.3941927,0.13178740441799164,0.8935546875,0.6042501926422119
YNL287W,YER167W,0,2.3940334,0.13176843523979187,0.8935546875,0.6043504476547241
YGR099W,YLR417W,0,2.3933437,0.1317494660615921,0.8935546875,0.6044507026672363
YMR050C,YLR352W,0,2.3931003,0.13173049688339233,0.8935546875,0.6045508980751038
YFR024C,YOR113W,0,2.3920426,0.13171152770519257,0.8935546875,0.604651153087616
YPR110C,YLL024C,0,2.3918831,0.131692573428154,0.8935546875,0.6047514081001282
YMR048W,YHR020W,0,2.3917131,0.13167361915111542,0.8935546875,0.6048516631126404
YNL259C,YOL020W,1,2.3916945,0.13179856538772583,0.89453125,0.6048516631126404
YDL100C,YJR117W,0,2.390768,0.13177959620952606,0.89453125,0.6049518585205078
YGR099W,YHL028W,0,2.3899221,0.1317606419324875,0.89453125,0.60505211353302
YNL286W,YBR005W,0,2.3895767,0.1317416876554489,0.89453125,0.6051523685455322
YDR210C-D,YPR134W,0,2.3894897,0.13172274827957153,0.89453125,0.6052526235580444
YKR100C,YDR243C,0,2.3892164,0.13170380890369415,0.89453125,0.6053528189659119
YDR210C-D,YBR023C,0,2.3889813,0.13168486952781677,0.89453125,0.6054530739784241
YDR323C,YHL031C,0,2.388668,0.13166594505310059,0.89453125,0.6055533289909363
YHR039C-B,YJL129C,1,2.3883555,0.13179074227809906,0.8955078125,0.6055533289909363
YOL076W,YCR058C,0,2.3869715,0.13177180290222168,0.8955078125,0.6056535840034485
YDR375C,YLR004C,0,2.3866732,0.1317528784275055,0.8955078125,0.6057537794113159
YOR088W,YBR291C,1,2.386077,0.131877601146698,0.896484375,0.6057537794113159
YOR334W,YML127W,0,2.3860064,0.13185866177082062,0.896484375,0.6058540344238281
YIR004W,YKL040C,0,2.3849275,0.13183972239494324,0.896484375,0.6059542894363403
YCL068C,YJR118C,0,2.38451,0.13182079792022705,0.896484375,0.6060545444488525
YIL019W,YPR134W,0,2.3828301,0.13180187344551086,0.896484375,0.6061547994613647
YOL154W,YMR232W,0,2.3824232,0.13178294897079468,0.896484375,0.6062549948692322
YIL118W,YBR090C-A,0,2.3823373,0.1317640244960785,0.896484375,0.6063552498817444
YGL076C,YNL118C,0,2.3820295,0.1317451149225235,0.896484375,0.6064555048942566
YNL247W,YPL254W,0,2.3815875,0.1317262202501297,0.896484375,0.6065557599067688
YIL068C,YDL124W,0,2.3811917,0.1317073106765747,0.896484375,0.6066559553146362
YMR225C,YNL123W,0,2.3810852,0.1316884309053421,0.896484375,0.6067562103271484
YJL013C,YBR090C-A,0,2.3802145,0.1316695362329483,0.896484375,0.6068564653396606
YHR111W,YGL226W,0,2.3800654,0.1316506564617157,0.896484375,0.6069567203521729
YHR185C,YER041W,0,2.379985,0.1316317766904831,0.896484375,0.6070569157600403
YDR256C,YDR098C,0,2.3798451,0.1316128969192505,0.896484375,0.6071571707725525
YHR118C,YLR007W,0,2.3797731,0.13159403204917908,0.896484375,0.6072574257850647
YHR033W,YKR100C,0,2.3797278,0.13157518208026886,0.896484375,0.6073576807975769
YMR261C,YML127W,0,2.3794396,0.13155631721019745,0.896484375,0.6074578762054443
YDR188W,YDR005C,0,2.3789492,0.13153746724128723,0.896484375,0.6075581312179565
YJR084W,YNL068C,0,2.3769789,0.13151861727237701,0.896484375,0.6076583862304688
YLR293C,YHR079C-B,0,2.3748894,0.131499782204628,0.896484375,0.607758641242981
YBR188C,YGL219C,0,2.3737888,0.13148094713687897,0.896484375,0.6078588366508484
YFR024C,YHR138C,0,2.3737879,0.13146212697029114,0.896484375,0.6079590916633606
YHR142W,YHR080C,0,2.373672,0.13144329190254211,0.896484375,0.6080593466758728
YMR192W,YLR131C,0,2.373099,0.13142448663711548,0.896484375,0.608159601688385
YDR210C-D,YKL185W,0,2.3728647,0.13140566647052765,0.896484375,0.6082597970962524
YIL137C,YDL134C,0,2.3725805,0.131386861205101,0.896484375,0.6083600521087646
YLR417W,YGR260W,0,2.372575,0.13136805593967438,0.896484375,0.6084603071212769
YPR158W-B,YJL083W,0,2.372554,0.13134926557540894,0.896484375,0.6085605621337891
YPR120C,YDL076C,0,2.372433,0.1313304752111435,0.896484375,0.6086607575416565
YBR119W,YPL183C,0,2.3721197,0.13131168484687805,0.896484375,0.6087610125541687
YPL116W,YDR303C,0,2.3719733,0.1312929093837738,0.896484375,0.6088612675666809
YPR110C,YPR055W,0,2.3718874,0.13127413392066956,0.896484375,0.6089615225791931
YOR129C,YNL029C,0,2.3708944,0.1312553584575653,0.896484375,0.6090617775917053
YJR046W,YER123W,0,2.370798,0.13123659789562225,0.896484375,0.6091619729995728
YBR153W,YIL130W,0,2.3698328,0.1312178373336792,0.896484375,0.609262228012085
YER062C,YNL286W,0,2.3688614,0.13119909167289734,0.896484375,0.6093624830245972
YGL073W,YDR375C,0,2.3686066,0.13118033111095428,0.896484375,0.6094627380371094
YDR367W,YBR069C,0,2.3685386,0.13116160035133362,0.896484375,0.6095629334449768
YDR098C-A,YDR434W,0,2.3681417,0.13114285469055176,0.896484375,0.609663188457489
YAL011W,YCR058C,0,2.367761,0.1311241239309311,0.896484375,0.6097634434700012
YDR427W,YKL129C,0,2.367612,0.13110539317131042,0.896484375,0.6098636984825134
YGR254W,YML086C,0,2.3675704,0.13108667731285095,0.896484375,0.6099638938903809
YDL209C,YDR179C,0,2.3671718,0.13106796145439148,0.896484375,0.6100641489028931
YOR380W,YHR073W,0,2.3653214,0.131049245595932,0.896484375,0.6101644039154053
YBL091C,YBR100W,0,2.3649373,0.13103054463863373,0.896484375,0.6102646589279175
YNL251C,YDR300C,0,2.3643909,0.13101184368133545,0.896484375,0.6103648543357849
YBR146W,YBR188C,0,2.3638659,0.13099315762519836,0.896484375,0.6104651093482971
YIL144W,YLR061W,0,2.3610466,0.13097445666790009,0.896484375,0.6105653643608093
YAL015C,YOR157C,0,2.3607507,0.130955770611763,0.896484375,0.6106656193733215
YGR078C,YCL012W,0,2.3607478,0.1309370994567871,0.896484375,0.610765814781189
YER033C,YHR157W,0,2.3604324,0.13091842830181122,0.896484375,0.6108660697937012
YLR227W-A,YLR175W,0,2.3603714,0.13089975714683533,0.896484375,0.6109663248062134
YMR261C,YBR162C,0,2.3601604,0.13088110089302063,0.896484375,0.6110665798187256
YDR213W,YBR090C-A,0,2.3598604,0.13086244463920593,0.896484375,0.611166775226593
YDR098C,YJL168C,0,2.3597605,0.13084378838539124,0.896484375,0.6112670302391052
YBL005W,YBR162C,0,2.3594806,0.13082513213157654,0.896484375,0.6113672852516174
YOR266W,YPR131C,0,2.3593097,0.13080649077892303,0.896484375,0.6114675402641296
YPR148C,YER129W,0,2.358694,0.13078786432743073,0.896484375,0.6115677356719971
YBL080C,YLR019W,0,2.3585782,0.13076923787593842,0.896484375,0.6116679906845093
YGR165W,YER167W,0,2.3576393,0.1307506114244461,0.896484375,0.6117682456970215
YPL262W,YCR058C,0,2.3568816,0.1307319849729538,0.896484375,0.6118685007095337
YGL077C,YIL114C,1,2.356773,0.1308557540178299,0.8974609375,0.6118685007095337
YGL006W,YMR237W,0,2.3567698,0.13083712756633759,0.8974609375,0.6119686961174011
YPR017C,YHR118C,0,2.356419,0.13081850111484528,0.8974609375,0.6120689511299133
YEL005C,YKL192C,0,2.3559165,0.13079988956451416,0.8974609375,0.6121692061424255
YJL013C,YLR328W,0,2.3556914,0.13078127801418304,0.8974609375,0.6122694611549377
YIL056W,YOL023W,0,2.35555,0.13076266646385193,0.8974609375,0.61236971616745
YLR227W-A,YIL096C,0,2.3550055,0.1307440549135208,0.8974609375,0.6124699115753174
YML057W,YMR002W,0,2.3549914,0.1307254582643509,0.8974609375,0.6125701665878296
YJR035W,YDR092W,0,2.3545985,0.13070687651634216,0.8974609375,0.6126704216003418
YHR114W,YGR161C-D,0,2.352844,0.13068827986717224,0.8974609375,0.612770676612854
YMR158W,YKR083C,0,2.3523672,0.1306696981191635,0.8974609375,0.6128708720207214
YDR377W,YCR037C,1,2.3523355,0.13079328835010529,0.8984375,0.6128708720207214
YDR399W,YJL083W,0,2.3522923,0.13077469170093536,0.8984375,0.6129711270332336
YHR039C-B,YLR348C,1,2.3516154,0.13089823722839355,0.8994140625,0.6129711270332336
YLR227W-A,YJL174W,0,2.3509915,0.13087964057922363,0.8994140625,0.6130713820457458
YHR146W,YCL012W,0,2.3500338,0.1308610439300537,0.8994140625,0.6131716370582581
YDR406W,YCR063W,0,2.3499846,0.1308424472808838,0.8994140625,0.6132718324661255
YDL154W,YMR237W,0,2.3499513,0.13082386553287506,0.8994140625,0.6133720874786377
YOL084W,YFR053C,0,2.3497827,0.13080528378486633,0.8994140625,0.6134723424911499
YCR058C,YDR087C,0,2.3494241,0.1307867020368576,0.8994140625,0.6135725975036621
YGL027C,YGL053W,0,2.3493137,0.13076813519001007,0.8994140625,0.6136727929115295
YBL056W,YNL056W,0,2.3492422,0.13074956834316254,0.8994140625,0.6137730479240417
YLR315W,YDR273W,0,2.349037,0.1307310163974762,0.8994140625,0.613873302936554
YDL106C,YOR359W,0,2.3481731,0.13071246445178986,0.8994140625,0.6139735579490662
YDL091C,YDR178W,0,2.348162,0.13069391250610352,0.8994140625,0.6140737533569336
YBL035C,YCR058C,0,2.3473988,0.13067537546157837,0.8994140625,0.6141740083694458
YLL057C,YBR100W,0,2.3468323,0.13065682351589203,0.8994140625,0.614274263381958
YER108C,YDL223C,0,2.345399,0.13063830137252808,0.8994140625,0.6143745183944702
YCR058C,YOR249C,0,2.3450747,0.13061976432800293,0.8994140625,0.6144747138023376
YLR193C,YDR108W,0,2.3449311,0.13060124218463898,0.8994140625,0.6145749688148499
YDR045C,YOR059C,0,2.3448694,0.13058273494243622,0.8994140625,0.6146752238273621
YFL025C,YBR169C,0,2.344562,0.13056421279907227,0.8994140625,0.6147754788398743
YNL137C,YKL005C,0,2.3441567,0.1305457055568695,0.8994140625,0.6148756742477417
YOR262W,YGL093W,0,2.3431327,0.13052721321582794,0.8994140625,0.6149759292602539
YAL002W,YHL021C,0,2.3413625,0.13050872087478638,0.8994140625,0.6150761842727661
YOL055C,YCR058C,0,2.3410165,0.1304902285337448,0.8994140625,0.6151764392852783
YBR065C,YCL012W,0,2.3398156,0.13047173619270325,0.8994140625,0.6152766346931458
YJL021C,YDL031W,0,2.3398142,0.13045325875282288,0.8994140625,0.615376889705658
YJL181W,YOR109W,0,2.3394961,0.1304347813129425,0.8994140625,0.6154771447181702
YPR046W,YDL087C,0,2.3393488,0.13041631877422333,0.8994140625,0.6155773997306824
YDL098C,YDR041W,0,2.339129,0.13039784133434296,0.8994140625,0.6156776547431946
YDR268W,YDR057W,0,2.339063,0.13037939369678497,0.8994140625,0.615777850151062
YPR003C,YBR100W,0,2.3387332,0.1303609311580658,0.8994140625,0.6158781051635742
YOR088W,YJR095W,1,2.3383667,0.13048401474952698,0.900390625,0.6158781051635742
YCR058C,YER127W,0,2.337843,0.1304655373096466,0.900390625,0.6159783601760864
YIL069C,YGR253C,0,2.3374634,0.13044708967208862,0.900390625,0.6160786151885986
YDL175C,YKL058W,0,2.3374114,0.13042862713336945,0.900390625,0.6161788105964661
YOL121C,YER005W,0,2.3355575,0.13041017949581146,0.900390625,0.6162790656089783
YDR490C,YHR001W-A,0,2.3346493,0.13039174675941467,0.900390625,0.6163793206214905
YOR250C,YCR058C,0,2.3345523,0.1303732991218567,0.900390625,0.6164795756340027
YJL021C,YFR049W,0,2.3335745,0.1303548663854599,0.900390625,0.6165797710418701
YIL075C,YIL038C,0,2.3329554,0.1303364485502243,0.900390625,0.6166800260543823
YDR098C-A,YNR019W,0,2.3322992,0.13031801581382751,0.900390625,0.6167802810668945
YGR170W,YLR466W,0,2.3311162,0.13029959797859192,0.900390625,0.6168805360794067
YDL100C,YDR257C,0,2.3301864,0.13028119504451752,0.900390625,0.6169807314872742
YDL081C,YML101C,0,2.3299994,0.13026279211044312,0.900390625,0.6170809864997864
YOR088W,YCR024C-A,1,2.3296432,0.1303856521844864,0.9013671875,0.6170809864997864
YNL103W,YHR170W,0,2.3294356,0.1303672343492508,0.9013671875,0.6171812415122986
YLR258W,YNR055C,0,2.3278074,0.1303488165140152,0.9013671875,0.6172814965248108
YHR050W,YDR160W,1,2.3277931,0.1304716169834137,0.90234375,0.6172814965248108
YGR212W,YMR001C,0,2.3270514,0.1304531991481781,0.90234375,0.6173816919326782
YDL105W,YDR025W,0,2.3269248,0.1304347813129425,0.90234375,0.6174819469451904
YIL037C,YDR176W,0,2.3253338,0.1304163783788681,0.90234375,0.6175822019577026
YML059C,YMR183C,0,2.3252625,0.1303979605436325,0.90234375,0.6176824569702148
YHR079C-B,YCL067C,0,2.3246508,0.1303795725107193,0.90234375,0.6177826523780823
YOR189W,YCL068C,0,2.324228,0.1303611695766449,0.90234375,0.6178829073905945
YJL021C,YDR200C,0,2.3229387,0.1303427815437317,0.90234375,0.6179831624031067
YJR052W,YML016C,0,2.3200765,0.13032439351081848,0.90234375,0.6180834174156189
YGR191W,YMR243C,1,2.3189907,0.13044704496860504,0.9033203125,0.6180834174156189
YDR398W,YBR208C,0,2.3189244,0.13042865693569183,0.9033203125,0.6181836128234863
YHR158C,YDL209C,0,2.3168452,0.13041026890277863,0.9033203125,0.6182838678359985
YDL160C,YGR204W,0,2.3167953,0.13039188086986542,0.9033203125,0.6183841228485107
YBR091C,YPL173W,0,2.3156772,0.1303735077381134,0.9033203125,0.618484377861023
YBR038W,YOR129C,0,2.3149085,0.1303551346063614,0.9033203125,0.6185845732688904
YPL171C,YDR323C,0,2.3143024,0.13033676147460938,0.9033203125,0.6186848282814026
YGL006W,YBR090C-A,0,2.3138888,0.13031840324401855,0.9033203125,0.6187850832939148
YPR161C,YMR262W,0,2.3136346,0.13030004501342773,0.9033203125,0.618885338306427
YDR122W,YPL006W,0,2.3135855,0.13028168678283691,0.9033203125,0.6189855933189392
YGL005C,YNR053C,0,2.313286,0.1302633434534073,0.9033203125,0.6190857887268066
YOR266W,YER155C,0,2.3132246,0.13024500012397766,0.9033203125,0.6191860437393188
YDR098C-A,YGL006W,0,2.3129578,0.13022667169570923,0.9033203125,0.619286298751831
YCR058C,YER123W,0,2.312495,0.1302083283662796,0.9033203125,0.6193865537643433
YLR007W,YPL049C,0,2.3115308,0.13018999993801117,0.9033203125,0.6194867491722107
YLL066C,YGL005C,0,2.3113565,0.13017168641090393,0.9033203125,0.6195870041847229
YJL021C,YDR009W,0,2.3108544,0.1301533728837967,0.9033203125,0.6196872591972351
YML016C,YGL195W,0,2.310732,0.13013505935668945,0.9033203125,0.6197875142097473
YLR363C,YBR028C,0,2.3104537,0.1301167607307434,0.9033203125,0.6198877096176147
YLR200W,YDR301W,0,2.309981,0.13009844720363617,0.9033203125,0.619987964630127
YLR023C,YBR100W,0,2.3095016,0.13008016347885132,0.9033203125,0.6200882196426392
YOL096C,YKL138C,0,2.3088398,0.13006186485290527,0.9033203125,0.6201884746551514
YIL106W,YKL062W,0,2.308519,0.13004358112812042,0.9033203125,0.6202886700630188
YLR167W,YDL102W,0,2.3078892,0.13002529740333557,0.9033203125,0.620388925075531
YOR193W,YJR048W,0,2.3058767,0.13000702857971191,0.9033203125,0.6204891800880432
YDR437W,YLR068W,0,2.305771,0.12998875975608826,0.9033203125,0.6205894351005554
YGL246C,YDR135C,0,2.303206,0.1299704909324646,0.9033203125,0.6206896305084229
YDR464W,YMR074C,0,2.3029768,0.12995223701000214,0.9033203125,0.6207898855209351
YHR039C-B,YER185W,1,2.3008394,0.13007444143295288,0.904296875,0.6207898855209351
YJL186W,YBR100W,0,2.3007727,0.13005617260932922,0.904296875,0.6208901405334473
YCL068C,YML061C,0,2.2987657,0.13003791868686676,0.904296875,0.6209903955459595
YGR202C,YNL054W-A,0,2.2987309,0.1300196647644043,0.904296875,0.6210905909538269
YJL110C,YHR080C,0,2.2984815,0.13000141084194183,0.904296875,0.6211908459663391
YGL107C,YLL021W,0,2.29785,0.12998315691947937,0.904296875,0.6212911009788513
YLL006W,YDR246W,0,2.297295,0.1299649178981781,0.904296875,0.6213913559913635
YLL048C,YMR215W,0,2.2965345,0.12994667887687683,0.904296875,0.621491551399231
YIL096C,YLR328W,0,2.296495,0.12992843985557556,0.904296875,0.6215918064117432
YDR129C,YHR110W,0,2.295908,0.12991021573543549,0.904296875,0.6216920614242554
YGL071W,YBR291C,1,2.295313,0.1300322562456131,0.9052734375,0.6216920614242554
YGL006W,YNR055C,1,2.295301,0.13015428185462952,0.90625,0.6216920614242554
YPR114W,YML133C,0,2.2950253,0.13013602793216705,0.90625,0.6217923164367676
YER143W,YMR125W,0,2.2949324,0.1301177740097046,0.90625,0.6218925714492798
YBL087C,YBR065C,0,2.2948976,0.13009953498840332,0.90625,0.6219927668571472
YMR261C,YDR439W,0,2.2938707,0.13008129596710205,0.90625,0.6220930218696594
YLR011W,YBR121C,0,2.2930288,0.13006307184696198,0.90625,0.6221932768821716
YLL066C,YBL014C,0,2.2924752,0.1300448477268219,0.90625,0.6222935318946838
YHR073W,YBR049C,0,2.2922897,0.13002662360668182,0.90625,0.6223937273025513
YJR042W,YBR112C,0,2.2915335,0.13000839948654175,0.90625,0.6224939823150635
YHR175W,YOR381W,1,2.2914617,0.13013027608394623,0.9072265625,0.6224939823150635
YFR034C,YBR045C,0,2.2910998,0.13011205196380615,0.9072265625,0.6225942373275757
YJL021C,YLR023C,0,2.291059,0.13009382784366608,0.9072265625,0.6226944923400879
YLR442C,YBR208C,0,2.2906737,0.130075603723526,0.9072265625,0.6227946877479553
YOR207C,YHL025W,0,2.2901614,0.13005739450454712,0.9072265625,0.6228949427604675
YJR118C,YER102W,0,2.289988,0.13003920018672943,0.9072265625,0.6229951977729797
YHR039C-B,YKL064W,1,2.2878747,0.13016095757484436,0.908203125,0.6229951977729797
YDL106C,YPL117C,0,2.2872396,0.13014273345470428,0.908203125,0.6230954527854919
YDR471W,YKL058W,0,2.2866206,0.1301245242357254,0.908203125,0.6231956481933594
YDL160C,YCL044C,0,2.2858431,0.13010632991790771,0.908203125,0.6232959032058716
YOR088W,YLR411W,1,2.285691,0.13022799789905548,0.9091796875,0.6232959032058716
YGR017W,YDR301W,0,2.2849448,0.1302097886800766,0.9091796875,0.6233961582183838
YIL064W,YOR110W,0,2.2846968,0.13019157946109772,0.9091796875,0.623496413230896
YOR267C,YNL038W,0,2.2844996,0.13017338514328003,0.9091796875,0.6235966086387634
YDL240W,YGR109W-A,0,2.283896,0.13015517592430115,0.9091796875,0.6236968636512756
YGR244C,YMR002W,0,2.2828822,0.13013698160648346,0.9091796875,0.6237971186637878
YML045W,YPL058C,0,2.2826233,0.13011880218982697,0.9091796875,0.6238973736763
YJL021C,YJL069C,0,2.282033,0.13010060787200928,0.9091796875,0.6239975690841675
YJL021C,YOR236W,0,2.2811296,0.13008244335651398,0.9091796875,0.6240978240966797
YER143W,YER149C,0,2.2808237,0.13006426393985748,0.9091796875,0.6241980791091919
YBR090C-A,YKR034W,0,2.280475,0.13004609942436218,0.9091796875,0.6242983341217041
YFR024C,YLR432W,0,2.279545,0.13002793490886688,0.9091796875,0.6243985295295715
YKL052C,YJL208C,0,2.27904,0.13000977039337158,0.9091796875,0.6244987845420837
YPL209C,YPL075W,0,2.2789438,0.12999162077903748,0.9091796875,0.624599039554596
YMR053C,YBR090C-A,0,2.2787366,0.12997347116470337,0.9091796875,0.6246992945671082
YOL126C,YDL012C,0,2.2786326,0.12995533645153046,0.9091796875,0.6247994899749756
YBR054W,YCL035C,0,2.2785041,0.12993720173835754,0.9091796875,0.6248997449874878
YER031C,YML067C,0,2.2775116,0.12991906702518463,0.9091796875,0.625
YPR173C,YPL043W,0,2.2771194,0.12990093231201172,0.9091796875,0.6251002550125122
YPR143W,YGL231C,0,2.2767503,0.1298828125,0.9091796875,0.6252005100250244
YOL154W,YJR131W,0,2.2763062,0.12986469268798828,0.9091796875,0.6253007054328918
YDR078C,YKL005C,0,2.275925,0.12984658777713776,0.9091796875,0.625400960445404
YBL063W,YIL123W,0,2.275812,0.12982848286628723,0.9091796875,0.6255012154579163
YGL243W,YBR149W,0,2.2748828,0.1298103779554367,0.9091796875,0.6256014704704285
YGL087C,YHR079C-B,0,2.2744792,0.12979227304458618,0.9091796875,0.6257016658782959
YKL191W,YJL162C,0,2.273524,0.12977418303489685,0.9091796875,0.6258019208908081
YNL263C,YER108C,0,2.2733383,0.12975609302520752,0.9091796875,0.6259021759033203
YNL263C,YNL123W,0,2.2727273,0.12973801791667938,0.9091796875,0.6260024309158325
YER155C,YGR260W,0,2.2726815,0.12971994280815125,0.9091796875,0.6261026263237
YLR248W,YJL216C,0,2.2715733,0.1297018676996231,0.9091796875,0.6262028813362122
YGR211W,YJL216C,0,2.2714982,0.12968379259109497,0.9091796875,0.6263031363487244
YIL153W,YNR055C,0,2.2714427,0.12966573238372803,0.9091796875,0.6264033913612366
YDL243C,YPL135W,0,2.2707598,0.12964768707752228,0.9091796875,0.626503586769104
YLR167W,YOR320C,0,2.2705064,0.12962962687015533,0.9091796875,0.6266038417816162
YLR239C,YGL064C,0,2.270118,0.12961158156394958,0.9091796875,0.6267040967941284
YDL175C,YHR079C-B,0,2.2698424,0.12959353625774384,0.9091796875,0.6268043518066406
YCR045C,YKR083C,0,2.2694206,0.12957550585269928,0.9091796875,0.6269045472145081
YPR008W,YGL005C,0,2.2688684,0.12955747544765472,0.9091796875,0.6270048022270203
YML059C,YLR001C,0,2.268746,0.12953944504261017,0.9091796875,0.6271050572395325
YDR276C,YJL179W,0,2.267448,0.1295214295387268,0.9091796875,0.6272053122520447
YBR085W,YLL018C-A,0,2.2651823,0.12950341403484344,0.9091796875,0.6273055076599121
YDL209C,YDR406W,0,2.2650168,0.12948539853096008,0.9091796875,0.6274057626724243
YDR482C,YLL057C,0,2.2647226,0.12946738302707672,0.9091796875,0.6275060176849365
YPL097W,YMR035W,0,2.2643898,0.12944938242435455,0.9091796875,0.6276062726974487
YHR202W,YMR195W,0,2.2641978,0.12943139672279358,0.9091796875,0.6277064681053162
YNL038W,YBR028C,0,2.2640653,0.1294133961200714,0.9091796875,0.6278067231178284
YHR039C-B,YNL275W,1,2.2623932,0.12953439354896545,0.91015625,0.6278067231178284
YDR292C,YBL047C,0,2.261734,0.1295163929462433,0.91015625,0.6279069781303406
YLR017W,YJR108W,0,2.2608986,0.1294984072446823,0.91015625,0.6280072331428528
YBL091C,YBL047C,0,2.260215,0.12948040664196014,0.91015625,0.6281074285507202
YPL145C,YJL069C,0,2.259783,0.12946242094039917,0.91015625,0.6282076835632324
YGR202C,YCL067C,0,2.2597818,0.1294444501399994,0.91015625,0.6283079385757446
YGR212W,YHL006C,0,2.2596278,0.12942646443843842,0.91015625,0.6284081935882568
YNL318C,YLR220W,0,2.2592244,0.12940849363803864,0.91015625,0.628508448600769
YKL033W,YNL025C,0,2.2587934,0.12939053773880005,0.91015625,0.6286086440086365
YOL069W,YMR133W,0,2.257342,0.12937256693840027,0.91015625,0.6287088990211487
YNL024C,YNL068C,0,2.2571926,0.12935461103916168,0.91015625,0.6288091540336609
YOR088W,YOR382W,1,2.2566302,0.1294754445552826,0.9111328125,0.6288091540336609
YPR158W-B,YOR383C,0,2.2561436,0.1294574737548828,0.9111328125,0.6289094090461731
YER038C,YBR100W,0,2.2559304,0.12943951785564423,0.9111328125,0.6290096044540405
YDR091C,YJL021C,0,2.2556286,0.12942156195640564,0.9111328125,0.6291098594665527
YDR289C,YOR113W,0,2.2552767,0.12940360605716705,0.9111328125,0.6292101144790649
YNL145W,YOR241W,0,2.255131,0.12938566505908966,0.9111328125,0.6293103694915771
YNR032C-A,YDR309C,0,2.2548895,0.12936772406101227,0.9111328125,0.6294105648994446
YML098W,YOR259C,0,2.2547412,0.12934978306293488,0.9111328125,0.6295108199119568
YHR088W,YCL012W,0,2.2541242,0.12933185696601868,0.9111328125,0.629611074924469
YDR176W,YER129W,0,2.253767,0.12931393086910248,0.9111328125,0.6297113299369812
YFR024C,YKL145W,0,2.2534494,0.12929600477218628,0.9111328125,0.6298115253448486
YNL023C,YOR158W,0,2.253145,0.12927809357643127,0.9111328125,0.6299117803573608
YNL284C-B,YLR260W,0,2.2530613,0.12926018238067627,0.9111328125,0.630012035369873
YHR024C,YMR156C,0,2.253005,0.12924227118492126,0.9111328125,0.6301122903823853
YPL036W,YNR013C,1,2.2524242,0.12936288118362427,0.912109375,0.6301122903823853
YLR377C,YLR054C,0,2.25115,0.12934496998786926,0.912109375,0.6302124857902527
YLR313C,YLR328W,0,2.2507503,0.12932705879211426,0.912109375,0.6303127408027649
YMR192W,YBR100W,0,2.2503448,0.12930914759635925,0.912109375,0.6304129958152771
YMR275C,YGL061C,0,2.249937,0.12929125130176544,0.912109375,0.6305132508277893
YNL054W-A,YOR048C,0,2.2484138,0.12927335500717163,0.912109375,0.6306134462356567
YDL235C,YHL015W,0,2.2473679,0.129255473613739,0.912109375,0.630713701248169
YOR002W,YJL035C,0,2.2467008,0.1292375773191452,0.912109375,0.6308139562606812
YCL012W,YHR020W,0,2.2463312,0.12921969592571259,0.912109375,0.6309142112731934
YFR024C,YMR041C,0,2.2462091,0.12920182943344116,0.912109375,0.6310144066810608
YLR227W-A,YGR202C,0,2.246046,0.12918396294116974,0.912109375,0.631114661693573
YPL058C,YCL012W,0,2.2459226,0.12916609644889832,0.912109375,0.6312149167060852
YAL030W,YBR193C,0,2.2456374,0.1291482299566269,0.912109375,0.6313151717185974
YMR101C,YLR011W,0,2.2434874,0.12913037836551666,0.912109375,0.6314154267311096
YEL020W-A,YJL001W,0,2.2424512,0.12911252677440643,0.912109375,0.631515622138977
YER179W,YER108C,0,2.2424195,0.1290946751832962,0.912109375,0.6316158771514893
YFR031C-A,YLR059C,0,2.2417061,0.12907683849334717,0.912109375,0.6317161321640015
YDR129C,YOR341W,0,2.2402391,0.12905900180339813,0.912109375,0.6318163871765137
YGR174C,YCL012W,0,2.2394354,0.1290411651134491,0.912109375,0.6319165825843811
YKR027W,YCR058C,0,2.239053,0.12902334332466125,0.912109375,0.6320168375968933
YKL077W,YBL005W,0,2.2388506,0.1290055215358734,0.912109375,0.6321170926094055
YML023C,YDR323C,0,2.238356,0.12898771464824677,0.912109375,0.6322173476219177
YHR142W,YBR100W,0,2.2373211,0.12896989285945892,0.912109375,0.6323175430297852
YLR295C,YKL016C,1,2.2369227,0.12909016013145447,0.9130859375,0.6323175430297852
YIL064W,YHR079C-B,0,2.236415,0.12907233834266663,0.9130859375,0.6324177980422974
YPL224C,YCL035C,0,2.2362754,0.12905451655387878,0.9130859375,0.6325180530548096
YGR178C,YOL103W-A,0,2.2351723,0.12903670966625214,0.9130859375,0.6326183080673218
YKL026C,YCL012W,0,2.2344298,0.1290189027786255,0.9130859375,0.6327185034751892
YJL021C,YIL096C,0,2.2335992,0.12900111079216003,0.9130859375,0.6328187584877014
YJL059W,YOL078W,0,2.2323563,0.1289833039045334,0.9130859375,0.6329190135002136
YLR382C,YCL012W,0,2.2321262,0.12896551191806793,0.9130859375,0.6330192685127258
YHR039C-B,YPR003C,1,2.2314222,0.12908564507961273,0.9140625,0.6330192685127258
YDR372C,YNR019W,0,2.231404,0.12906783819198608,0.9140625,0.6331194639205933
YJL021C,YML004C,0,2.2313354,0.12905004620552063,0.9140625,0.6332197189331055
YCR024C,YCR058C,0,2.2309704,0.12903225421905518,0.9140625,0.6333199739456177
YLR059C,YCL012W,0,2.2299728,0.12901447713375092,0.9140625,0.6334202289581299
YDR110W,YOR259C,0,2.2295277,0.12899668514728546,0.9140625,0.6335204243659973
YGL025C,YGL243W,0,2.2291293,0.1289789229631424,0.9140625,0.6336206793785095
YGR004W,YCL012W,0,2.2283278,0.12896114587783813,0.9140625,0.6337209343910217
YOR266W,YDL087C,0,2.228134,0.12894338369369507,0.9140625,0.6338211894035339
YCL012W,YML031W,0,2.2273703,0.128925621509552,0.9140625,0.6339213848114014
YJL133C-A,YMR110C,0,2.2272987,0.12890785932540894,0.9140625,0.6340216398239136
YBL056W,YBR200W-A,0,2.2272987,0.12889011204242706,0.9140625,0.6341218948364258
YBR200W-A,YPL043W,0,2.2272987,0.1288723647594452,0.9140625,0.634222149848938
YFL018W-A,YHR080C,0,2.2272987,0.1288546323776245,0.9140625,0.6343223452568054
YGL098W,YDL134C-A,0,2.2272987,0.12883688509464264,0.9140625,0.6344226002693176
YCL005W-A,YBR054W,1,2.2272987,0.12895677983760834,0.9150390625,0.6344226002693176
YCL005W-A,YJR095W,1,2.2272987,0.12907664477825165,0.916015625,0.6344226002693176
YDR515W,YJL133C-A,0,2.2272987,0.12905888259410858,0.916015625,0.6345228552818298
YIL069C,YLR154W-C,0,2.2272987,0.1290411353111267,0.916015625,0.634623110294342
YMR110C,YKR095W-A,0,2.2272987,0.12902338802814484,0.916015625,0.6347233653068542
YCL005W-A,YDR009W,0,2.2272987,0.12900564074516296,0.916015625,0.6348235607147217
YBR085W,YKL138C-A,0,2.2272987,0.1289878934621811,0.916015625,0.6349238157272339
YDR328C,YDR210W-C,0,2.2272987,0.1289701610803604,0.916015625,0.6350240707397461
YJL133C-A,YKL138C,0,2.2272987,0.12895242869853973,0.916015625,0.6351243257522583
YLR154W-C,YNL130C,0,2.2272987,0.12893471121788025,0.916015625,0.6352245211601257
YER053C-A,YCR063W,0,2.2272987,0.12891699373722076,0.916015625,0.6353247761726379
YLR190W,YFL018W-A,0,2.2272987,0.12889927625656128,0.916015625,0.6354250311851501
YDL093W,YFL018W-A,0,2.2272987,0.1288815587759018,0.916015625,0.6355252861976624
YCL005W-A,YOR251C,1,2.2272987,0.12900123000144958,0.9169921875,0.6355252861976624
YML092C,YOL086W-A,0,2.2272987,0.1289835125207901,0.9169921875,0.6356254816055298
YCR016W,YDR210W-C,0,2.2272987,0.12896579504013062,0.9169921875,0.635725736618042
YMR002W,YOR343C-A,0,2.2272987,0.12894809246063232,0.9169921875,0.6358259916305542
YDL235C,YDR210W-C,0,2.2272987,0.12893038988113403,0.9169921875,0.6359262466430664
YBR065C,YOL086W-A,0,2.2272987,0.12891268730163574,0.9169921875,0.6360264420509338
YGL063W,YOR343C-A,0,2.2272987,0.12889498472213745,0.9169921875,0.636126697063446
YCL005W-A,YIL023C,1,2.2272987,0.12901455163955688,0.91796875,0.636126697063446
YKL138C-A,YHR090C,0,2.2272987,0.1289968490600586,0.91796875,0.6362269520759583
YCL005W-A,YBR015C,0,2.2272987,0.1289791464805603,0.91796875,0.6363272070884705
YCL005W-A,YPR034W,0,2.2272987,0.128961443901062,0.91796875,0.6364274024963379
YLR083C,YDR210W-C,0,2.2272987,0.12894375622272491,0.91796875,0.6365276575088501
YCL005W-A,YER185W,1,2.2272987,0.12906323373317719,0.9189453125,0.6365276575088501
YKR095W-A,YLR075W,0,2.2272987,0.1290455311536789,0.9189453125,0.6366279125213623
YFR031C-A,YKL138C-A,0,2.2272987,0.1290278285741806,0.9189453125,0.6367281675338745
YKL110C,YER053C-A,0,2.2272987,0.1290101408958435,0.9189453125,0.6368283629417419
YOL132W,YDR210W-C,0,2.2272987,0.1289924532175064,0.9189453125,0.6369286179542542
YDR398W,YDR210W-C,0,2.2272987,0.1289747804403305,0.9189453125,0.6370288729667664
YOL086W-A,YCR038C,0,2.2272987,0.1289571076631546,0.9189453125,0.6371291279792786
YKL138C-A,YNL130C,0,2.2272987,0.1289394348859787,0.9189453125,0.637229323387146
YIL173W,YFL035C-A,0,2.2272987,0.128921777009964,0.9189453125,0.6373295783996582
YDR482C,YDR210W-C,0,2.2272987,0.12890410423278809,0.9189453125,0.6374298334121704
YMR053C,YJL133C-A,0,2.2272987,0.12888646125793457,0.9189453125,0.6375300884246826
YFL025C,YOL086W-A,0,2.2272987,0.12886880338191986,0.9189453125,0.63763028383255
YML092C,YFL035C-A,0,2.2272987,0.12885116040706635,0.9189453125,0.6377305388450623
YCL005W-A,YFL041W,1,2.2272987,0.1289704293012619,0.919921875,0.6377305388450623
YDR210W-C,YGR040W,0,2.2272987,0.1289527714252472,0.919921875,0.6378307938575745
YER139C,YOR343C-A,0,2.2272987,0.12893512845039368,0.919921875,0.6379310488700867
YCR045C,YER108C,0,2.2272987,0.12891747057437897,0.919921875,0.6380313038825989
YCL005W-A,YBR294W,1,2.2272987,0.12903666496276855,0.9208984375,0.6380313038825989
YCL005W-A,YOR291W,1,2.2272987,0.12915582954883575,0.921875,0.6380313038825989
YGL053W,YFL018W-A,0,2.2272987,0.12913817167282104,0.921875,0.6381314992904663
YLR154W-C,YOR110W,0,2.2272987,0.12912049889564514,0.921875,0.6382317543029785
YLR196W,YFL018W-A,0,2.2272987,0.12910284101963043,0.921875,0.6383320093154907
YER053C-A,YMR035W,0,2.2272987,0.12908519804477692,0.921875,0.6384322643280029
YKR095W-A,YPR180W,0,2.2272987,0.1290675401687622,0.921875,0.6385324597358704
YGR212W,YKR095W-A,0,2.2272987,0.1290498971939087,0.921875,0.6386327147483826
YHR039C-B,YOL077W-A,1,2.2272987,0.12916894257068634,0.9228515625,0.6386327147483826
YER053C-A,YGL111W,0,2.2272987,0.12915128469467163,0.9228515625,0.6387329697608948
YCL005W-A,YDR534C,1,2.2272987,0.1292702853679657,0.923828125,0.6387329697608948
YDR350C,YOL086W-A,0,2.2272987,0.129252627491951,0.923828125,0.638833224773407
YFL035C-B,YDR039C,0,2.2272987,0.12923496961593628,0.923828125,0.6389334201812744
YIL154C,YDR210W-C,0,2.2272987,0.12921732664108276,0.923828125,0.6390336751937866
YFL035C-B,YMR133W,0,2.2272987,0.12919966876506805,0.923828125,0.6391339302062988
YER053C-A,YDL102W,0,2.2272987,0.12918202579021454,0.923828125,0.639234185218811
YKR095W-A,YBR028C,0,2.2272987,0.12916439771652222,0.923828125,0.6393343806266785
YLR154W-C,YLR067C,0,2.2272987,0.1291467547416687,0.923828125,0.6394346356391907
YNL062C,YLR154W-C,0,2.2272987,0.12912912666797638,0.923828125,0.6395348906517029
YGL194C,YFL035C-A,0,2.2272987,0.12911149859428406,0.923828125,0.6396351456642151
YBR200W-A,YHR190W,0,2.2272987,0.12909388542175293,0.923828125,0.6397353410720825
YGR235C,YER053C-A,0,2.2272987,0.1290762722492218,0.923828125,0.6398355960845947
YJL133C-A,YNL094W,0,2.2272987,0.12905865907669067,0.923828125,0.6399358510971069
YKR095W-A,YLR067C,0,2.2272987,0.12904106080532074,0.923828125,0.6400361061096191
YDL134C-A,YGL151W,0,2.2272987,0.1290234625339508,0.923828125,0.6401363015174866
YKL138C-A,YNL036W,0,2.2272987,0.12900586426258087,0.923828125,0.6402365565299988
YML045W,YCL005W-A,0,2.2272987,0.12898828089237213,0.923828125,0.640336811542511
YDL134C-A,YLR037C,0,2.2272987,0.1289706826210022,0.923828125,0.6404370665550232
YCL005W-A,YMR241W,1,2.2272987,0.12908941507339478,0.9248046875,0.6404370665550232
YPR158W-B,YHR079C-B,0,2.2272987,0.12907183170318604,0.9248046875,0.6405372619628906
YJL183W,YFL035C-B,0,2.2272987,0.1290542334318161,0.9248046875,0.6406375169754028
YDR210W-C,YEL027W,0,2.2272987,0.12903665006160736,0.9248046875,0.640737771987915
YCR031C,YKR095W-A,0,2.2272987,0.12901906669139862,0.9248046875,0.6408380270004272
YKR095W-A,YLR007W,0,2.2272987,0.12900149822235107,0.9248046875,0.6409382224082947
YML023C,YJL133C-A,0,2.2272987,0.12898392975330353,0.9248046875,0.6410384774208069
YHR142W,YFL018W-A,0,2.2272987,0.12896636128425598,0.9248046875,0.6411387324333191
YCR045C,YKL138C-A,0,2.2272987,0.12894880771636963,0.9248046875,0.6412389874458313
YBR200W-A,YGR083C,0,2.2272987,0.12893123924732208,0.9248046875,0.6413392424583435
YMR313C,YER053C-A,0,2.2272987,0.12891370058059692,0.9248046875,0.6414394378662109
YJL054W,YCL005W-A,0,2.2272987,0.12889614701271057,0.9248046875,0.6415396928787231
YOL116W,YFL035C-A,0,2.2272987,0.1288786083459854,0.9248046875,0.6416399478912354
YOL121C,YCR058C,0,2.2272987,0.12886106967926025,0.9248046875,0.6417402029037476
YCL005W-A,YJR121W,1,2.2272987,0.12897959351539612,0.92578125,0.6417402029037476
YBR200W-A,YIL130W,0,2.2272987,0.12896203994750977,0.92578125,0.641840398311615
YKL138C-A,YKL192C,0,2.2272987,0.1289445012807846,0.92578125,0.6419406533241272
YLR154W-C,YLR288C,0,2.2272987,0.12892696261405945,0.92578125,0.6420409083366394
YPR055W,YCL005W-A,0,2.2272987,0.12890943884849548,0.92578125,0.6421411633491516
YKL138C-A,YCL039W,0,2.2272987,0.12889191508293152,0.92578125,0.642241358757019
YJL133C-A,YGR211W,0,2.2272987,0.12887439131736755,0.92578125,0.6423416137695312
YML076C,YFL018W-A,0,2.2272987,0.1288568675518036,0.92578125,0.6424418687820435
YKL138C-A,YPL058C,0,2.2272987,0.12883935868740082,0.92578125,0.6425421237945557
YBR200W-A,YGL006W,0,2.2272987,0.12882184982299805,0.92578125,0.6426423192024231
YCL044C,YFL035C-A,0,2.2272987,0.12880434095859528,0.92578125,0.6427425742149353
YDL072C,YBR200W-A,0,2.2272987,0.1287868469953537,0.92578125,0.6428428292274475
YBR200W-A,YJL173C,0,2.2272987,0.12876935303211212,0.92578125,0.6429430842399597
YCR058C,YER060W-A,0,2.2272987,0.12875187397003174,0.92578125,0.6430432796478271
YHR079C-B,YPL161C,0,2.2272987,0.12873438000679016,0.92578125,0.6431435346603394
YJL133C-A,YGL018C,0,2.2272987,0.12871690094470978,0.92578125,0.6432437896728516
YIL156W,YOR343C-A,0,2.2272987,0.1286994367837906,0.92578125,0.6433440446853638
YLR239C,YER053C-A,0,2.2272987,0.1286819577217102,0.92578125,0.6434442400932312
YJL180C,YOL086W-A,0,2.2272987,0.12866449356079102,0.92578125,0.6435444951057434
YKR095W-A,YMR040W,0,2.2272987,0.12864702939987183,0.92578125,0.6436447501182556
YHR165C,YFL035C-A,0,2.2272987,0.12862958014011383,0.92578125,0.6437450051307678
YKR095W-A,YMR322C,0,2.2272987,0.12861213088035583,0.92578125,0.6438452005386353
YGL189C,YLR154W-C,0,2.2272987,0.12859468162059784,0.92578125,0.6439454555511475
YDL134C-A,YPR128C,0,2.2272987,0.12857724726200104,0.92578125,0.6440457105636597
YEL020W-A,YLR154W-C,0,2.2272987,0.12855979800224304,0.92578125,0.6441459655761719
YLR039C,YDL134C-A,0,2.2272987,0.12854237854480743,0.92578125,0.6442462205886841
YHR154W,YDR210W-C,0,2.2272987,0.12852494418621063,0.92578125,0.6443464159965515
YOL121C,YHR079C-B,0,2.2272987,0.12850752472877502,0.92578125,0.6444466710090637
YGL073W,YFL035C-A,0,2.2272987,0.12849010527133942,0.92578125,0.6445469260215759
YCR031C,YBR200W-A,0,2.2272987,0.1284726858139038,0.92578125,0.6446471810340881
YJL133C-A,YPL117C,0,2.2272987,0.1284552812576294,0.92578125,0.6447473764419556
YIL068C,YHR079C-B,0,2.2272987,0.12843787670135498,0.92578125,0.6448476314544678
YBR045C,YER053C-A,0,2.2272987,0.12842048704624176,0.92578125,0.64494788646698
YGR235C,YJL133C-A,0,2.2272987,0.12840308248996735,0.92578125,0.6450481414794922
YJL186W,YER053C-A,0,2.2272987,0.12838569283485413,0.92578125,0.6451483368873596
YAL059W,YLR154W-C,0,2.2272987,0.1283683180809021,0.92578125,0.6452485918998718
YIL154C,YOL086W-A,0,2.2272987,0.12835092842578888,0.92578125,0.645348846912384
YKR095W-A,YPR100W,0,2.2272987,0.12833355367183685,0.92578125,0.6454491019248962
YLR006C,YFL018W-A,0,2.2272987,0.12831619381904602,0.92578125,0.6455492973327637
YHR110W,YOR343C-A,0,2.2272987,0.128298819065094,0.92578125,0.6456495523452759
YNR038W,YDR210W-C,0,2.2272987,0.12828145921230316,0.92578125,0.6457498073577881
YBR279W,YFL018W-A,0,2.2272987,0.12826409935951233,0.92578125,0.6458500623703003
YGL144C,YFL035C-A,0,2.2272987,0.1282467544078827,0.92578125,0.6459502577781677
YFL035C-B,YIR026C,0,2.2272987,0.12822940945625305,0.92578125,0.6460505127906799
YDR287W,YDR210W-C,0,2.2272987,0.1282120645046234,0.92578125,0.6461507678031921
YBR200W-A,YOR078W,0,2.2272987,0.12819471955299377,0.92578125,0.6462510228157043
YBR200W-A,YBL014C,0,2.2272987,0.12817738950252533,0.92578125,0.6463512182235718
YBR200W-A,YGR109W-A,0,2.2272987,0.12816005945205688,0.92578125,0.646451473236084
YGR161W-A,YOL086W-A,0,2.2272987,0.12814274430274963,0.92578125,0.6465517282485962
YKR095W-A,YGR165W,0,2.2272987,0.12812542915344238,0.92578125,0.6466519832611084
YNL156C,YOR343C-A,0,2.2272987,0.12810811400413513,0.92578125,0.6467521786689758
YKR095W-A,YLR288C,0,2.2272987,0.12809079885482788,0.92578125,0.646852433681488
YFL035C-B,YBL063W,0,2.2272987,0.12807349860668182,0.92578125,0.6469526886940002
YFL035C-B,YLR293C,0,2.2272987,0.12805619835853577,0.92578125,0.6470529437065125
YGR080W,YJL133C-A,0,2.2272987,0.1280388981103897,0.92578125,0.6471531391143799
YFL035C-B,YHR111W,0,2.2272987,0.12802161276340485,0.92578125,0.6472533941268921
YER053C-A,YML055W,0,2.2272987,0.12800432741641998,0.92578125,0.6473536491394043
YDL134C-A,YMR101C,0,2.2272987,0.12798704206943512,0.92578125,0.6474539041519165
YPR068C,YHR079C-B,0,2.2272987,0.12796975672245026,0.92578125,0.6475541591644287
YER005W,YOR343C-A,0,2.2272987,0.1279524862766266,0.92578125,0.6476543545722961
YPL215W,YKL138C-A,0,2.2272987,0.12793521583080292,0.92578125,0.6477546095848083
YJL133C-A,YCR044C,0,2.2272987,0.12791796028614044,0.92578125,0.6478548645973206
YFL035C-B,YHR014W,0,2.2272987,0.12790070474147797,0.92578125,0.6479551196098328
YLR154W-C,YLR328W,0,2.2272987,0.1278834491968155,0.92578125,0.6480553150177002
YPL116W,YFL035C-B,0,2.2272987,0.12786619365215302,0.92578125,0.6481555700302124
YCL064C,YOL086W-A,0,2.2272987,0.12784895300865173,0.92578125,0.6482558250427246
YPL137C,YER053C-A,0,2.2272987,0.12783171236515045,0.92578125,0.6483560800552368
YER053C-A,YNL055C,0,2.2272987,0.12781448662281036,0.92578125,0.6484562754631042
YDL046W,YOR343C-A,0,2.2272987,0.12779724597930908,0.92578125,0.6485565304756165
YNL038W,YFL018W-A,0,2.2272987,0.127780020236969,0.92578125,0.6486567854881287
YMR072W,YDR210W-C,0,2.2272987,0.1277628093957901,0.92578125,0.6487570405006409
YDL134C-A,YCL001W,0,2.2272987,0.12774558365345,0.92578125,0.6488572359085083
YPL234C,YOR343C-A,0,2.2272987,0.12772837281227112,0.92578125,0.6489574909210205
YDR256C,YKR095W-A,0,2.2272987,0.12771116197109222,0.92578125,0.6490577459335327
YKR095W-A,YDR328C,0,2.2272987,0.12769396603107452,0.92578125,0.6491580009460449
YLR154W-C,YMR133W,0,2.2272987,0.12767677009105682,0.92578125,0.6492581963539124
YOR009W,YOL086W-A,0,2.2272987,0.12765957415103912,0.92578125,0.6493584513664246
YCL005W-A,YDR178W,0,2.2272987,0.12764239311218262,0.92578125,0.6494587063789368
YNR032C-A,YER108C,0,2.2272987,0.12762519717216492,0.92578125,0.649558961391449
YJL133C-A,YOR341W,0,2.2272987,0.1276080161333084,0.92578125,0.6496591567993164
YML101C,YER053C-A,0,2.2272987,0.1275908499956131,0.92578125,0.6497594118118286
YBR193C,YOR343C-A,0,2.2272987,0.12757368385791779,0.92578125,0.6498596668243408
YFL035C-B,YNL054W-A,0,2.2272987,0.12755651772022247,0.92578125,0.649959921836853
YKL138C-A,YMR133W,0,2.2272987,0.12753935158252716,0.92578125,0.6500601172447205
YFL061W,YDL134C-A,0,2.2272987,0.12752220034599304,0.92578125,0.6501603722572327
YOR016C,YJL133C-A,0,2.2272987,0.12750504910945892,0.92578125,0.6502606272697449
YFL035C-B,YPR161C,0,2.2272987,0.1274878978729248,0.92578125,0.6503608822822571
YOR011W,YER053C-A,0,2.2272987,0.12747076153755188,0.92578125,0.6504610776901245
YLL018C-A,YER053C-A,0,2.2272987,0.12745361030101776,0.92578125,0.6505613327026367
YJL133C-A,YGR003W,0,2.2272987,0.12743648886680603,0.92578125,0.6506615877151489
YMR081C,YER053C-A,0,2.2272987,0.1274193525314331,0.92578125,0.6507618427276611
YML107C,YLR154W-C,0,2.2272987,0.12740223109722137,0.92578125,0.6508620977401733
YIL154C,YOR343C-A,0,2.2272987,0.12738510966300964,0.92578125,0.6509622931480408
YDL134C-A,YLR337C,0,2.2272987,0.1273680031299591,0.92578125,0.651062548160553
YOL132W,YKR095W-A,0,2.2272987,0.12735088169574738,0.92578125,0.6511628031730652
YIL147C,YJL133C-A,0,2.2272987,0.12733377516269684,0.92578125,0.6512630581855774
YFL035C-B,YNL094W,0,2.2272987,0.1273166835308075,0.92578125,0.6513632535934448
YML041C,YER053C-A,0,2.2272987,0.12729957699775696,0.92578125,0.651463508605957
YMR125W,YFL035C-A,0,2.2272987,0.12728248536586761,0.92578125,0.6515637636184692
YBR200W-A,YNR055C,0,2.2272987,0.12726540863513947,0.92578125,0.6516640186309814
YNL056W,YER053C-A,0,2.2272987,0.12724831700325012,0.92578125,0.6517642140388489
YFL035C-B,YGR161C-D,0,2.2272987,0.12723124027252197,0.92578125,0.6518644690513611
YCL005W-A,YPR068C,0,2.2272987,0.12721416354179382,0.92578125,0.6519647240638733
YJL133C-A,YNL133C,0,2.2272987,0.12719710171222687,0.92578125,0.6520649790763855
YDL134C-A,YPL233W,0,2.2272987,0.1271800398826599,0.92578125,0.6521651744842529
YBR153W,YFL035C-A,0,2.2272987,0.12716297805309296,0.92578125,0.6522654294967651
YDR150W,YKR095W-A,0,2.2272987,0.127145916223526,0.92578125,0.6523656845092773
YDL160C,YFL018W-A,0,2.2272987,0.12712886929512024,0.92578125,0.6524659395217896
YBR200W-A,YGL005C,0,2.2272987,0.12711182236671448,0.92578125,0.652566134929657
YKL138C-A,YAL051W,0,2.2272987,0.1270947903394699,0.92578125,0.6526663899421692
YBR200W-A,YHR202W,0,2.2272987,0.12707774341106415,0.92578125,0.6527666449546814
YBR254C,YKL138C-A,0,2.2272987,0.12706071138381958,0.92578125,0.6528668999671936
YKL141W,YFL035C-A,0,2.2272987,0.1270436942577362,0.92578125,0.652967095375061
YDR280W,YJL133C-A,0,2.2272987,0.12702666223049164,0.92578125,0.6530673503875732
YKL194C,YDR210W-C,0,2.2272987,0.12700964510440826,0.92578125,0.6531676054000854
YLR006C,YER053C-A,0,2.2272987,0.1269926279783249,0.92578125,0.6532678604125977
YDL134C-A,YPR199C,0,2.2272987,0.1269756257534027,0.92578125,0.6533680558204651
YBR200W-A,YGR120C,0,2.2272987,0.12695862352848053,0.92578125,0.6534683108329773
YKR095W-A,YML013W,0,2.2272987,0.12694162130355835,0.92578125,0.6535685658454895
YOR027W,YOR343C-A,0,2.2272987,0.12692461907863617,0.92578125,0.6536688208580017
YOR357C,YOR343C-A,0,2.2272987,0.12690763175487518,0.92578125,0.6537690162658691
YPL115C,YFL035C-A,0,2.2272987,0.1268906444311142,0.92578125,0.6538692712783813
YOL086W-A,YCL039W,0,2.2272987,0.1268736571073532,0.92578125,0.6539695262908936
YMR118C,YOL086W-A,0,2.2272987,0.12685668468475342,0.92578125,0.6540697813034058
YLR019W,YER053C-A,0,2.2272987,0.12683971226215363,0.92578125,0.654170036315918
YLR154W-C,YMR149W,0,2.2272987,0.12682273983955383,0.92578125,0.6542702317237854
YDL134C-A,YBL047C,0,2.2272987,0.12680578231811523,0.92578125,0.6543704867362976
YIL062C,YFL035C-A,0,2.2272987,0.12678882479667664,0.92578125,0.6544707417488098
YMR076C,YOL086W-A,0,2.2272987,0.12677186727523804,0.92578125,0.654570996761322
YJR042W,YKR095W-A,0,2.2272987,0.12675490975379944,0.92578125,0.6546711921691895
YKL138C-A,YOR254C,0,2.2272987,0.12673796713352203,0.92578125,0.6547714471817017
YGL025C,YJL133C-A,0,2.2272987,0.12672102451324463,0.92578125,0.6548717021942139
YCL005W-A,YEL032W,0,2.2272987,0.12670409679412842,0.92578125,0.6549719572067261
YOR372C,YFL018W-A,0,2.2272987,0.126687154173851,0.92578125,0.6550721526145935
YKL138C-A,YBR193C,0,2.2272987,0.1266702264547348,0.92578125,0.6551724076271057
YJL133C-A,YOL116W,0,2.2272987,0.12665331363677979,0.92578125,0.6552726626396179
YOL098C,YJL133C-A,0,2.2272987,0.12663638591766357,0.92578125,0.6553729176521301
YJL059W,YBR200W-A,0,2.2272987,0.12661947309970856,0.92578125,0.6554731130599976
YER177W,YCL005W-A,0,2.2272987,0.12660256028175354,0.92578125,0.6555733680725098
YJR120W,YKR095W-A,0,2.2272987,0.12658566236495972,0.92578125,0.655673623085022
YGR082W,YFL035C-B,0,2.2272987,0.1265687644481659,0.92578125,0.6557738780975342
YDR210W-C,YPL135W,0,2.2272987,0.12655186653137207,0.92578125,0.6558740735054016
YCR107W,YFL035C-B,0,2.2272987,0.12653496861457825,0.92578125,0.6559743285179138
YOR136W,YOR343C-A,0,2.2272987,0.12651808559894562,0.92578125,0.656074583530426
YGR211W,YOL086W-A,0,2.2272987,0.126501202583313,0.92578125,0.6561748385429382
YOR191W,YDL134C-A,0,2.2272987,0.12648431956768036,0.92578125,0.6562750339508057
YHR122W,YDR210W-C,0,2.2272987,0.12646745145320892,0.92578125,0.6563752889633179
YPL021W,YFL035C-A,0,2.2272987,0.1264505833387375,0.92578125,0.6564755439758301
YNL284C-B,YER108C,0,2.2272987,0.12643371522426605,0.92578125,0.6565757989883423
YLR154W-C,YGL171W,0,2.2272987,0.1264168620109558,0.92578125,0.6566759943962097
YKR034W,YER053C-A,0,2.2272987,0.12639999389648438,0.92578125,0.6567762494087219
YFR031C-A,YDL134C-A,0,2.2272987,0.12638315558433533,0.92578125,0.6568765044212341
YDL134C-A,YIL137C,0,2.2272987,0.12636630237102509,0.92578125,0.6569767594337463
YOL051W,YOL086W-A,0,2.2272987,0.12634946405887604,0.92578125,0.6570770144462585
YCL048W,YFL018W-A,0,2.2272987,0.126332625746727,0.92578125,0.657177209854126
YKR095W-A,YOR253W,0,2.2272987,0.12631578743457794,0.92578125,0.6572774648666382
YBR233W-A,YBL100W-B,0,2.2272987,0.1262989640235901,0.92578125,0.6573777198791504
YKR053C,YER053C-A,0,2.2272987,0.12628214061260223,0.92578125,0.6574779748916626
YML100W,YFL035C-A,0,2.2272987,0.12626531720161438,0.92578125,0.65757817029953
YFL018W-A,YHL021C,0,2.2272987,0.12624850869178772,0.92578125,0.6576784253120422
YMR220W,YKL138C-A,0,2.2272987,0.12623168528079987,0.92578125,0.6577786803245544
YER100W,YOR343C-A,0,2.2272987,0.1262148916721344,0.92578125,0.6578789353370667
YFR016C,YJL133C-A,0,2.2272987,0.12619808316230774,0.92578125,0.6579791307449341
YBR054W,YOL086W-A,0,2.2272987,0.12618128955364227,0.92578125,0.6580793857574463
YOR343C-A,YBL025W,0,2.2272987,0.1261644959449768,0.92578125,0.6581796407699585
YLR227W-A,YFL035C-B,0,2.2272987,0.12614770233631134,0.92578125,0.6582798957824707
YGR040W,YFL035C-A,0,2.2272987,0.12613092362880707,0.92578125,0.6583800911903381
YPR169W,YOR343C-A,0,2.2272987,0.1261141449213028,0.92578125,0.6584803462028503
YDL145C,YFL018W-A,0,2.2272987,0.12609736621379852,0.92578125,0.6585806012153625
YML023C,YKR095W-A,0,2.2272987,0.12608060240745544,0.92578125,0.6586808562278748
YOL086W-A,YGR044C,0,2.2272987,0.12606382369995117,0.92578125,0.6587810516357422
YIL148W,YFL018W-A,0,2.2272987,0.1260470747947693,0.92578125,0.6588813066482544
YOR254C,YER053C-A,0,2.2272987,0.1260303109884262,0.92578125,0.6589815616607666
YDR210W-C,YBR015C,0,2.2272987,0.12601356208324432,0.92578125,0.6590818166732788
YFL035C-B,YPR008W,0,2.2272987,0.12599681317806244,0.92578125,0.6591820120811462
YKL138C-A,YBR094W,0,2.2272987,0.12598006427288055,0.92578125,0.6592822670936584
YNL243W,YDR210W-C,0,2.2272987,0.12596333026885986,0.92578125,0.6593825221061707
YOR172W,YBR100W,0,2.2272987,0.12594659626483917,0.92578125,0.6594827771186829
YDL134C-A,YER155C,0,2.2272987,0.12592986226081848,0.92578125,0.6595829725265503
YDR365C,YOR343C-A,0,2.2272987,0.12591314315795898,0.92578125,0.6596832275390625
YDR259C,YJL003W,0,2.2271354,0.1258964091539383,0.92578125,0.6597834825515747
YCR058C,YHR110W,0,2.226627,0.1258796900510788,0.92578125,0.6598837375640869
YBR091C,YCL012W,0,2.2264264,0.1258629858493805,0.92578125,0.6599839329719543
YFR024C,YIL052C,0,2.2260132,0.1258462816476822,0.92578125,0.6600841879844666
YDR075W,YBR100W,0,2.2259517,0.1258295774459839,0.92578125,0.6601844429969788
YKR096W,YBR100W,0,2.2258887,0.12581287324428558,0.92578125,0.660284698009491
YHR079C-B,YNL066W,0,2.2257574,0.12579618394374847,0.92578125,0.6603849530220032
YER108C,YNL118C,0,2.2256498,0.12577949464321136,0.92578125,0.6604851484298706
YER108C,YPL254W,0,2.2256403,0.12576280534267426,0.92578125,0.6605854034423828
YOR088W,YJR040W,1,2.225635,0.12587876617908478,0.9267578125,0.6605854034423828
YPL168W,YOR019W,0,2.225528,0.12586206197738647,0.9267578125,0.660685658454895
YMR232W,YOL132W,0,2.2253735,0.12584537267684937,0.9267578125,0.6607859134674072
YER041W,YGR080W,0,2.2251215,0.12582869827747345,0.9267578125,0.6608861088752747
YNR052C,YKL114C,0,2.2240777,0.12581200897693634,0.9267578125,0.6609863638877869
YPL224C,YIL096C,0,2.2238283,0.12579533457756042,0.9267578125,0.6610866189002991
YMR048W,YDR204W,0,2.2228138,0.1257786601781845,0.9267578125,0.6611868739128113
YKL149C,YPL179W,0,2.2211442,0.1257619857788086,0.9267578125,0.6612870693206787
YOR081C,YPR120C,0,2.2210865,0.12574532628059387,0.9267578125,0.6613873243331909
YFR016C,YDL113C,0,2.2203817,0.12572866678237915,0.9267578125,0.6614875793457031
YBR069C,YOR192C,1,2.2197843,0.12584447860717773,0.927734375,0.6614875793457031
YHR037W,YLR143W,0,2.2183473,0.125827819108963,0.927734375,0.6615878343582153
YEL018W,YPL036W,0,2.2180662,0.1258111447095871,0.927734375,0.6616880297660828
YBR091C,YCR018C,0,2.2180624,0.12579448521137238,0.927734375,0.661788284778595
YLR442C,YIL062C,0,2.2179005,0.12577784061431885,0.927734375,0.6618885397911072
YEL020W-A,YPL056C,0,2.2171018,0.12576118111610413,0.927734375,0.6619887948036194
YLL031C,YOR357C,0,2.2163115,0.1257445365190506,0.927734375,0.6620889902114868
YJL117W,YMR243C,1,2.2154906,0.12586024403572083,0.9287109375,0.6620889902114868
YOL076W,YEL032W,0,2.2153544,0.1258435845375061,0.9287109375,0.662189245223999
YML067C,YOL144W,0,2.2150254,0.12582693994045258,0.9287109375,0.6622895002365112
YDR367W,YDR165W,0,2.2148929,0.12581029534339905,0.9287109375,0.6623897552490234
YIL153W,YPR131C,0,2.2148008,0.12579365074634552,0.9287109375,0.6624899506568909
YHR169W,YLR019W,0,2.2145226,0.12577702105045319,0.9287109375,0.6625902056694031
YER100W,YKL110C,0,2.214279,0.12576037645339966,0.9287109375,0.6626904606819153
YJR102C,YIL107C,0,2.2124429,0.12574374675750732,0.9287109375,0.6627907156944275
YPL116W,YML082W,0,2.212163,0.12572713196277618,0.9287109375,0.6628909111022949
YKL045W,YMR275C,0,2.2113018,0.12571050226688385,0.9287109375,0.6629911661148071
YMR192W,YNL199C,0,2.211233,0.1256938874721527,0.9287109375,0.6630914211273193
YDR204W,YNR030W,0,2.2109368,0.12567728757858276,0.9287109375,0.6631916761398315
YDR464W,YHR118C,0,2.209829,0.12566067278385162,0.9287109375,0.663291871547699
YDR463W,YBR146W,0,2.2096412,0.12564407289028168,0.9287109375,0.6633921265602112
YNL263C,YOL069W,0,2.209496,0.12562747299671173,0.9287109375,0.6634923815727234
YPL225W,YBR049C,0,2.2091541,0.12561088800430298,0.9287109375,0.6635926365852356
YBL031W,YLL006W,0,2.208705,0.12559428811073303,0.9287109375,0.6636928915977478
YDR435C,YDR365W-A,0,2.2052655,0.12557770311832428,0.9287109375,0.6637930870056152
YML120C,YIL119C,0,2.2046647,0.12556113302707672,0.9287109375,0.6638933420181274
YBR091C,YML096W,0,2.2039094,0.12554454803466797,0.9287109375,0.6639935970306396
YLR247C,YKR031C,0,2.202626,0.1255279779434204,0.9287109375,0.6640938520431519
YGR024C,YNL111C,0,2.2019756,0.12551142275333405,0.9287109375,0.6641940474510193
YKR078W,YLR413W,0,2.201907,0.1254948526620865,0.9287109375,0.6642943024635315
YMR076C,YDR381W,0,2.20158,0.12547829747200012,0.9287109375,0.6643945574760437
YOR207C,YIL107C,0,2.2009163,0.12546174228191376,0.9287109375,0.6644948124885559
YLR047C,YOL122C,1,2.200905,0.12557710707187653,0.9296875,0.6644948124885559
YDR528W,YDR439W,0,2.2006235,0.12556053698062897,0.9296875,0.6645950078964233
YIL013C,YCR035C,0,2.1980183,0.1255439817905426,0.9296875,0.6646952629089355
YLR363C,YGR083C,0,2.1970944,0.12552742660045624,0.9296875,0.6647955179214478
YCR036W,YHL011C,0,2.1950636,0.12551087141036987,0.9296875,0.66489577293396
YLR039C,YIL107C,0,2.1943457,0.1254943311214447,0.9296875,0.6649959683418274
YOL076W,YLR220W,0,2.193996,0.12547779083251953,0.9296875,0.6650962233543396
YPL215W,YCR036W,0,2.19282,0.12546125054359436,0.9296875,0.6651964783668518
YGL027C,YLR337C,0,2.1927676,0.12544472515583038,0.9296875,0.665296733379364
YCL017C,YLR223C,0,2.1923277,0.1254281997680664,0.9296875,0.6653969287872314
YOL132W,YPL161C,0,2.1904144,0.12541167438030243,0.9296875,0.6654971837997437
YER177W,YOR065W,0,2.190229,0.12539514899253845,0.9296875,0.6655974388122559
YGL092W,YCL039W,0,2.1901066,0.12537863850593567,0.9296875,0.6656976938247681
YER123W,YEL044W,0,2.1898181,0.12536212801933289,0.9296875,0.6657978892326355
YGL027C,YDR517W,0,2.1890268,0.1253456175327301,0.9296875,0.6658981442451477
YMR192W,YMR234W,0,2.1877542,0.1253291219472885,0.9296875,0.6659983992576599
YLR227W-A,YDL209C,0,2.1873655,0.12531262636184692,0.9296875,0.6660986542701721
YGL006W,YDL093W,0,2.1852334,0.12529613077640533,0.9296875,0.6661988496780396
YML120C,YOL051W,0,2.1848133,0.12527963519096375,0.9296875,0.6662991046905518
YNL054W-A,YNL130C,0,2.1835897,0.12526315450668335,0.9296875,0.666399359703064
YLR323C,YMR237W,0,2.183529,0.12524667382240295,0.9296875,0.6664996147155762
YDR098C-B,YLR001C,0,2.1834717,0.12523020803928375,0.9296875,0.6665998101234436
YGL196W,YLR466W,0,2.1833706,0.12521372735500336,0.9296875,0.6667000651359558
YHR154W,YJL179W,0,2.1823153,0.12519726157188416,0.9296875,0.666800320148468
YLR102C,YPL183C,0,2.18231,0.12518079578876495,0.9296875,0.6669005751609802
YHL011C,YMR226C,0,2.1804004,0.12516434490680695,0.9296875,0.6670008301734924
YHR142W,YLR007W,0,2.178886,0.12514789402484894,0.9296875,0.6671010255813599
YJL127C,YHR090C,0,2.1783776,0.12513144314289093,0.9296875,0.6672012805938721
YKL192C,YOL116W,0,2.1781049,0.12511499226093292,0.9296875,0.6673015356063843
YDR361C,YFR034C,0,2.1769807,0.1250985562801361,0.9296875,0.6674017906188965
YHR096C,YKL150W,0,2.1765504,0.1250821202993393,0.9296875,0.6675019860267639
YGR103W,YMR262W,0,2.1762114,0.12506568431854248,0.9296875,0.6676022410392761
YDL235C,YBR029C,0,2.1755602,0.12504926323890686,0.9296875,0.6677024960517883
YJL057C,YMR322C,0,2.173616,0.12503282725811005,0.9296875,0.6678027510643005
YDR098C-A,YJR132W,0,2.1733227,0.12501642107963562,0.9296875,0.667902946472168
YKR050W,YCR027C,1,2.1732605,0.12513130903244019,0.9306640625,0.667902946472168
YJL174W,YLR019W,0,2.1730406,0.12511487305164337,0.9306640625,0.6680032014846802
YDR039C,YOR306C,1,2.1720953,0.12522971630096436,0.931640625,0.6680032014846802
YLR227W-A,YOL011W,0,2.1718206,0.12521328032016754,0.931640625,0.6681034564971924
YHL031C,YNL216W,0,2.1715403,0.12519684433937073,0.931640625,0.6682037115097046
YAR042W,YOR253W,0,2.170922,0.1251804232597351,0.931640625,0.668303906917572
YOL011W,YMR226C,0,2.1703444,0.1251640021800995,0.931640625,0.6684041619300842
YCR035C,YEL032W,0,2.1703293,0.12514758110046387,0.931640625,0.6685044169425964
YPR180W,YDR284C,0,2.1699114,0.12513116002082825,0.931640625,0.6686046719551086
YLR227W-A,YCR021C,0,2.1684566,0.12511475384235382,0.931640625,0.6687048673629761
YGL246C,YPL178W,0,2.1682005,0.1250983476638794,0.931640625,0.6688051223754883
YMR175W,YPR158W-B,0,2.1680694,0.12508194148540497,0.931640625,0.6689053773880005
YDR513W,YMR262W,0,2.1673303,0.12506555020809174,0.931640625,0.6690056324005127
YEL001C,YPL210C,0,2.16643,0.1250491589307785,0.931640625,0.6691058278083801
YER028C,YFL049W,0,2.166379,0.12503276765346527,0.931640625,0.6692060828208923
YER123W,YGL111W,0,2.1656816,0.12501637637615204,0.931640625,0.6693063378334045
YCR035C,YER159C,0,2.1626813,0.125,0.931640625,0.6694065928459167
YPR158W-B,YGR120C,0,2.161685,0.12498362362384796,0.931640625,0.6695067882537842
YDR213W,YDR057W,0,2.1607018,0.12496725469827652,0.931640625,0.6696070432662964
YIL022W,YKR072C,0,2.1594648,0.12495088577270508,0.931640625,0.6697072982788086
YMR205C,YNL111C,0,2.1579475,0.12493452429771423,0.931640625,0.6698075532913208
YKR007W,YDL046W,0,2.1576746,0.12491816282272339,0.931640625,0.669907808303833
YIL007C,YGR266W,0,2.157488,0.12490180879831314,0.931640625,0.6700080037117004
YMR207C,YKR095W,0,2.1569774,0.1248854547739029,0.931640625,0.6701082587242126
YML023C,YHR154W,0,2.1567345,0.12486910820007324,0.931640625,0.6702085137367249
YOL029C,YER032W,0,2.1557562,0.12485276907682419,0.931640625,0.6703087687492371
YDR398W,YGL105W,0,2.1551852,0.12483642995357513,0.931640625,0.6704089641571045
YER176W,YMR101C,0,2.1548204,0.12482009828090668,0.931640625,0.6705092191696167
YOL095C,YML047C,0,2.1542418,0.12480376660823822,0.931640625,0.6706094741821289
YOR071C,YDR506C,1,2.153388,0.12491824477910995,0.9326171875,0.6706094741821289
YDL072C,YDR284C,0,2.1531234,0.1249019131064415,0.9326171875,0.6707097291946411
YAL056W,YJL003W,0,2.1531215,0.12488557398319244,0.9326171875,0.6708099246025085
YDR513W,YNL173C,0,2.1507442,0.12486924976110458,0.9326171875,0.6709101796150208
YGR266W,YJL069C,0,2.1505628,0.12485292553901672,0.9326171875,0.671010434627533
YIL037C,YER129W,0,2.1504707,0.12483660131692886,0.9326171875,0.6711106896400452
YPL060W,YMR241W,1,2.1502278,0.12495099008083344,0.93359375,0.6711106896400452
YOL098C,YJL167W,0,2.148804,0.12493465840816498,0.93359375,0.6712108850479126
YHR165C,YHR110W,0,2.1484377,0.12491833418607712,0.93359375,0.6713111400604248
YOR192C,YAL007C,0,2.1471882,0.12490200996398926,0.93359375,0.671411395072937
YFL049W,YML086C,0,2.1463115,0.124885693192482,0.93359375,0.6715116500854492
YBR188C,YIL167W,0,2.1447291,0.12486938387155533,0.93359375,0.6716118454933167
YNL123W,YMR118C,0,2.1446326,0.12485307455062866,0.93359375,0.6717121005058289
YGL167C,YLR092W,1,2.143628,0.12496735155582428,0.9345703125,0.6717121005058289
YDR129C,YDR430C,0,2.143538,0.12495103478431702,0.9345703125,0.6718123555183411
YDR361C,YNL294C,0,2.1411915,0.12493472546339035,0.9345703125,0.6719126105308533
YOL011W,YLR384C,0,2.1404421,0.12491841614246368,0.9345703125,0.6720128059387207
YDR345C,YHL006C,0,2.1396663,0.12490211427211761,0.9345703125,0.6721130609512329
YDL135C,YKL145W,0,2.1394782,0.12488581240177155,0.9345703125,0.6722133159637451
YEL048C,YHR214W,0,2.1383228,0.12486951798200607,0.9345703125,0.6723135709762573
YAL011W,YHR133C,0,2.1382194,0.1248532310128212,0.9345703125,0.6724137663841248
YIL156W,YGL116W,0,2.1356416,0.12483694404363632,0.9345703125,0.672514021396637
YKL002W,YHR157W,0,2.1345193,0.12482065707445145,0.9345703125,0.6726142764091492
YJL162C,YNL076W,0,2.1340196,0.12480438500642776,0.9345703125,0.6727145314216614
YGR109W-A,YPL221W,0,2.1329875,0.12478810548782349,0.9345703125,0.6728147268295288
YLR037C,YOR227W,0,2.132224,0.1247718408703804,0.9345703125,0.672914981842041
YCR065W,YLL014W,0,2.132201,0.12475557625293732,0.9345703125,0.6730152368545532
YAL068C,YER129W,0,2.1319633,0.12473931163549423,0.9345703125,0.6731154918670654
YML021C,YAL011W,0,2.131393,0.12472305446863174,0.9345703125,0.6732157468795776
YOL095C,YLR068W,0,2.1313128,0.12470680475234985,0.9345703125,0.6733159422874451
YIL120W,YPR007C,0,2.130173,0.12469055503606796,0.9345703125,0.6734161972999573
YIL056W,YNL094W,0,2.1293697,0.12467431277036667,0.9345703125,0.6735164523124695
YMR286W,YGL219C,0,2.1289272,0.12465807050466537,0.9345703125,0.6736167073249817
YGR078C,YDR384C,0,2.1275556,0.12464183568954468,0.9345703125,0.6737169027328491
YPL265W,YDR456W,1,2.1270285,0.12475582957267761,0.935546875,0.6737169027328491
YFR047C,YML127W,0,2.1269045,0.12473957985639572,0.935546875,0.6738171577453613
YJR040W,YJL094C,1,2.125568,0.12485353648662567,0.9365234375,0.6738171577453613
YER139C,YOL061W,0,2.1251178,0.12483727931976318,0.9365234375,0.6739174127578735
YGL067W,YLR426W,0,2.124794,0.12482103705406189,0.9365234375,0.6740176677703857
YCR065W,YDR301W,0,2.12434,0.12480478733778,0.9365234375,0.6741178631782532
YML120C,YLL031C,0,2.1242676,0.1247885525226593,0.9365234375,0.6742181181907654
YGR235C,YPR173C,0,2.123864,0.12477231025695801,0.9365234375,0.6743183732032776
YNL063W,YPL178W,0,2.1238163,0.12475608289241791,0.9365234375,0.6744186282157898
YLR102C,YGR170W,0,2.1234117,0.12473985552787781,0.9365234375,0.6745188236236572
YDR234W,YDL149W,0,2.1233242,0.12472362816333771,0.9365234375,0.6746190786361694
YCL048W,YGR142W,0,2.123323,0.1247074156999588,0.9365234375,0.6747193336486816
YMR175W,YOL052C-A,0,2.122559,0.1246911957859993,0.9365234375,0.6748195886611938
YIL107C,YBL063W,0,2.1208308,0.12467498332262039,0.9365234375,0.6749197840690613
YPL234C,YNR013C,1,2.1187983,0.12478876858949661,0.9375,0.6749197840690613
YIL030C,YDR365W-A,0,2.1184282,0.12477254867553711,0.9375,0.6750200390815735
YML045W,YKL099C,0,2.1173,0.1247563362121582,0.9375,0.6751202940940857
YOR380W,YGR080W,0,2.1172879,0.1247401237487793,0.9375,0.6752205491065979
YGL087C,YER005W,0,2.1172209,0.12472391873598099,0.9375,0.6753207445144653
YGR109W-A,YDL209C,0,2.1151652,0.12470771372318268,0.9375,0.6754209995269775
YNL054W-A,YER071C,0,2.114783,0.12469151616096497,0.9375,0.6755212545394897
YDR427W,YNL132W,0,2.1144094,0.12467532604932785,0.9375,0.675621509552002
YLR413W,YHL050C,0,2.1142435,0.12465913593769073,0.9375,0.6757217049598694
YLR227W-A,YKL014C,0,2.1137104,0.12464295327663422,0.9375,0.6758219599723816
YGL240W,YMR035W,0,2.1137013,0.1246267706155777,0.9375,0.6759222149848938
YIR004W,YGL238W,0,2.113157,0.12461059540510178,0.9375,0.676022469997406
YOR091W,YNL243W,0,2.1124606,0.12459442019462585,0.9375,0.6761226654052734
YNL250W,YDR463W,0,2.1120887,0.12457825243473053,0.9375,0.6762229204177856
YAL019W,YPL018W,0,2.1105032,0.1245620846748352,0.9375,0.6763231754302979
YBR038W,YCL016C,0,2.110095,0.12454592436552048,0.9375,0.6764234304428101
YOL098C,YOR172W,0,2.1096008,0.12452977150678635,0.9375,0.6765236854553223
YCL051W,YCR035C,0,2.1087298,0.12451361864805222,0.9375,0.6766238808631897
YKR078W,YKL087C,0,2.1071754,0.12449747323989868,0.9375,0.6767241358757019
YLR058C,YMR035W,0,2.106842,0.12448132783174515,0.9375,0.6768243908882141
YOL020W,YMR318C,0,2.1043744,0.12446518987417221,0.9375,0.6769246459007263
YNL167C,YGR165W,0,2.104251,0.12444905191659927,0.9375,0.6770248413085938
YIL022W,YGR017W,0,2.103981,0.12443292140960693,0.9375,0.677125096321106
YOR079C,YLL015W,1,2.1013818,0.12454639375209808,0.9384765625,0.677125096321106
YNL038W,YER005W,0,2.099984,0.12453025579452515,0.9384765625,0.6772253513336182
YBR130C,YIL030C,0,2.0998068,0.1245141252875328,0.9384765625,0.6773256063461304
YPL141C,YGR224W,0,2.0979915,0.12449799478054047,0.9384765625,0.6774258017539978
YHR073W,YLR435W,0,2.0978444,0.12448186427354813,0.9384765625,0.67752605676651
YDR365W-A,YPL006W,0,2.0975752,0.12446574121713638,0.9384765625,0.6776263117790222
YEL039C,YKL039W,0,2.0973008,0.12444962561130524,0.9384765625,0.6777265667915344
YDR038C,YBR069C,1,2.0968866,0.12456299364566803,0.939453125,0.6777265667915344
YJL127C,YKL006W,0,2.0962226,0.12454687058925629,0.939453125,0.6778267621994019
YDL230W,YHR110W,0,2.0954523,0.12453074753284454,0.939453125,0.6779270172119141
YLR039C,YOR266W,0,2.0952196,0.1245146244764328,0.939453125,0.6780272722244263
YGL246C,YGL049C,0,2.0950963,0.12449850887060165,0.939453125,0.6781275272369385
YGL098W,YDR359C,0,2.0947862,0.1244824007153511,0.939453125,0.6782277226448059
YAL056W,YPL235W,0,2.0943322,0.12446629256010056,0.939453125,0.6783279776573181
YLR044C,YDL087C,0,2.0929112,0.1244501918554306,0.939453125,0.6784282326698303
YGR082W,YCL039W,0,2.091668,0.12443409860134125,0.939453125,0.6785284876823425
YHR201C,YER127W,0,2.0899246,0.12441800534725189,0.939453125,0.67862868309021
YPL105C,YOR177C,0,2.0895731,0.12440191209316254,0.939453125,0.6787289381027222
YNR048W,YGL139W,0,2.0886889,0.12438582628965378,0.939453125,0.6788291931152344
YDR365W-A,YOR254C,0,2.0875282,0.12436974793672562,0.939453125,0.6789294481277466
YMR243C,YDR257C,0,2.0863035,0.12435366958379745,0.939453125,0.679029643535614
YIL014W,YHR133C,0,2.0858917,0.12433759868144989,0.939453125,0.6791298985481262
YML067C,YGR103W,0,2.0854502,0.12432152777910233,0.939453125,0.6792301535606384
YHR120W,YBR094W,0,2.0852041,0.12430546432733536,0.939453125,0.6793304085731506
YHL038C,YBR208C,0,2.084981,0.12428940832614899,0.939453125,0.6794306039810181
YIL156W,YDR210C-D,0,2.0848916,0.12427335232496262,0.939453125,0.6795308589935303
YLL024C,YNL054W-A,0,2.0840523,0.12425729632377625,0.939453125,0.6796311140060425
YBR046C,YGR244C,0,2.0836298,0.12424124777317047,0.939453125,0.6797313690185547
YDR110W,YHR014W,0,2.0829134,0.1242252066731453,0.939453125,0.6798316240310669
YNL133C,YDR246W,0,2.0826902,0.12420916557312012,0.939453125,0.6799318194389343
YKR100C,YJL035C,0,2.0820389,0.12419313192367554,0.939453125,0.6800320744514465
YJL110C,YER155C,0,2.0812185,0.12417709827423096,0.939453125,0.6801323294639587
YER014W,YLR193C,0,2.0808184,0.12416107207536697,0.939453125,0.680232584476471
YDR513W,YPL135W,0,2.080046,0.12414505332708359,0.939453125,0.6803327798843384
YPR095C,YLR288C,0,2.0784254,0.1241290345788002,0.939453125,0.6804330348968506
YJR035W,YEL039C,0,2.0772889,0.12411301583051682,0.939453125,0.6805332899093628
YGL070C,YHR024C,0,2.0770767,0.12409700453281403,0.939453125,0.680633544921875
YBL038W,YBR146W,0,2.077033,0.12408100068569183,0.939453125,0.6807337403297424
YLR001C,YDL123W,0,2.0767534,0.12406499683856964,0.939453125,0.6808339953422546
YKL052C,YGL053W,0,2.0764632,0.12404900044202805,0.939453125,0.6809342503547668
YPL092W,YOL020W,1,2.0748103,0.12416193634271622,0.9404296875,0.6809342503547668
YHR205W,YOR172W,0,2.074759,0.12414593249559402,0.9404296875,0.681034505367279
YNL054W-A,YFR025C,0,2.074163,0.12412992864847183,0.9404296875,0.6811347007751465
YML045W,YLR006C,0,2.0741098,0.12411393225193024,0.9404296875,0.6812349557876587
YJL127C,YBL063W,0,2.0737696,0.12409793585538864,0.9404296875,0.6813352108001709
YOR380W,YLR007W,0,2.0731869,0.12408194690942764,0.9404296875,0.6814354658126831
YER100W,YLR194C,0,2.0724766,0.12406596541404724,0.9404296875,0.6815356612205505
YGR078C,YMR072W,0,2.071898,0.12404998391866684,0.9404296875,0.6816359162330627
YJL096W,YGR217W,0,2.0709133,0.12403400242328644,0.9404296875,0.681736171245575
YIL013C,YPL137C,0,2.0706139,0.12401802837848663,0.9404296875,0.6818364262580872
YOR016C,YIL009W,0,2.0704827,0.12400206178426743,0.9404296875,0.6819366216659546
YGR181W,YGL058W,0,2.0698886,0.12398609519004822,0.9404296875,0.6820368766784668
YLL067C,YBR193C,0,2.069788,0.1239701360464096,0.9404296875,0.682137131690979
YPR158W-B,YPL176C,0,2.068016,0.123954176902771,0.9404296875,0.6822373867034912
YBR279W,YIR026C,0,2.067873,0.12393822520971298,0.9404296875,0.6823375821113586
YOR262W,YHR201C,0,2.0664458,0.12392227351665497,0.9404296875,0.6824378371238708
YPR158W-B,YJR153W,0,2.0659323,0.12390632927417755,0.9404296875,0.6825380921363831
YNL167C,YHR035W,0,2.0658984,0.12389039248228073,0.9404296875,0.6826383471488953
YAL030W,YMR207C,0,2.0650995,0.12387445569038391,0.9404296875,0.6827386021614075
YOR250C,YGR004W,0,2.0639226,0.12385851889848709,0.9404296875,0.6828387975692749
YCR031C,YNL164C,0,2.0636091,0.12384258955717087,0.9404296875,0.6829390525817871
YLR237W,YML121W,1,2.0632186,0.12395524978637695,0.94140625,0.6829390525817871
YKL048C,YFR053C,0,2.061781,0.12393931299448013,0.94140625,0.6830393075942993
YHR020W,YMR177W,0,2.060767,0.12392338365316391,0.94140625,0.6831395626068115
YLR075W,YDR244W,0,2.0590665,0.12390745431184769,0.94140625,0.683239758014679
YNR048W,YJL179W,0,2.0579715,0.12389153242111206,0.94140625,0.6833400130271912
YIL075C,YGL196W,0,2.05764,0.12387561053037643,0.94140625,0.6834402680397034
YDR482C,YDR300C,0,2.0575702,0.1238596960902214,0.94140625,0.6835405230522156
YGL139W,YPR068C,0,2.0573437,0.12384378165006638,0.94140625,0.683640718460083
YNL041C,YOL061W,0,2.0559692,0.12382787466049194,0.94140625,0.6837409734725952
YOR049C,YDR430C,0,2.0552788,0.12381196767091751,0.94140625,0.6838412284851074
YOL122C,YHL050C,0,2.0548427,0.12379606813192368,0.94140625,0.6839414834976196
YDR280W,YDL105W,0,2.0548122,0.12378017604351044,0.94140625,0.6840416789054871
YAR033W,YOR258W,0,2.0536847,0.1237642839550972,0.94140625,0.6841419339179993
YGR003W,YLR143W,0,2.0530252,0.12374839186668396,0.94140625,0.6842421889305115
YEL019C,YDR317W,0,2.0529053,0.12373251467943192,0.94140625,0.6843424439430237
YHR073W,YMR220W,0,2.0505397,0.12371663004159927,0.94140625,0.6844426393508911
YDR441C,YNL176C,0,2.0503936,0.12370076030492783,0.94140625,0.6845428943634033
YCR107W,YPL058C,0,2.0502446,0.12368488311767578,0.94140625,0.6846431493759155
YHR185C,YIL064W,0,2.0488622,0.12366902083158493,0.94140625,0.6847434043884277
YAR042W,YJL168C,0,2.0484982,0.12365315854549408,0.94140625,0.6848435997962952
YDR227W,YGR142W,0,2.0452032,0.12363729625940323,0.94140625,0.6849438548088074
YOR253W,YDL145C,0,2.0451708,0.12362144142389297,0.94140625,0.6850441098213196
YGR078C,YMR059W,0,2.0448327,0.12360559403896332,0.94140625,0.6851443648338318
YLR001C,YOR086C,0,2.044625,0.12358974665403366,0.94140625,0.6852445602416992
YMR262W,YBR028C,0,2.0444462,0.123573899269104,0.94140625,0.6853448152542114
YBR168W,YPL117C,0,2.0444407,0.12355805933475494,0.94140625,0.6854450702667236
YOR247W,YEL032W,0,2.043095,0.12354222685098648,0.94140625,0.6855453252792358
YNL054W-A,YIL130W,0,2.0429447,0.12352639436721802,0.94140625,0.6856455206871033
YKL197C,YJL003W,0,2.0420978,0.12351056933403015,0.94140625,0.6857457756996155
YOR247W,YKL081W,0,2.0409584,0.12349474430084229,0.94140625,0.6858460307121277
YFL061W,YGR129W,0,2.040028,0.12347892671823502,0.94140625,0.6859462857246399
YIL154C,YDR261C,0,2.039146,0.12346311658620834,0.94140625,0.6860465407371521
YBL072C,YLR323C,0,2.0388384,0.12344730645418167,0.94140625,0.6861467361450195
YGL028C,YAL059W,0,2.036798,0.123431496322155,0.94140625,0.6862469911575317
YAL007C,YMR230W,0,2.0366583,0.12341569364070892,0.94140625,0.686347246170044
YHR146W,YGL061C,0,2.036572,0.12339989840984344,0.94140625,0.6864475011825562
YJR118C,YDL145C,0,2.0363789,0.12338410317897797,0.94140625,0.6865476965904236
YOR262W,YBR254C,0,2.0359194,0.12336831539869308,0.94140625,0.6866479516029358
YER014W,YMR055C,0,2.0349936,0.1233525276184082,0.94140625,0.686748206615448
YOR091W,YLR277C,0,2.034523,0.12333674728870392,0.94140625,0.6868484616279602
YLR277C,YNL111C,0,2.034386,0.12332096695899963,0.94140625,0.6869486570358276
YGR060W,YPL161C,0,2.0342464,0.12330519407987595,0.94140625,0.6870489120483398
YPL221W,YOR059C,0,2.0341516,0.12328942120075226,0.94140625,0.687149167060852
YGR178C,YKL192C,0,2.0339506,0.12327365577220917,0.94140625,0.6872494220733643
YHR148W,YDL209C,0,2.033813,0.12325789779424667,0.94140625,0.6873496174812317
YGL028C,YCR045C,0,2.0337746,0.12324213981628418,0.94140625,0.6874498724937439
YOR272W,YMR118C,0,2.0327404,0.12322638183832169,0.94140625,0.6875501275062561
YDL120W,YER166W,1,2.0315776,0.12333844602108002,0.9423828125,0.6875501275062561
YFL056C,YDR039C,0,2.03072,0.12332268059253693,0.9423828125,0.6876503825187683
YCR106W,YPL006W,0,2.0300517,0.12330692261457443,0.9423828125,0.6877505779266357
YAL056W,YDR098C-B,0,2.028713,0.12329117208719254,0.9423828125,0.687850832939148
YKR078W,YGR260W,0,2.0283766,0.12327542155981064,0.9423828125,0.6879510879516602
YAL059W,YJL216C,0,2.0280135,0.12325967848300934,0.9423828125,0.6880513429641724
YDR004W,YLR175W,0,2.027547,0.12324393540620804,0.9423828125,0.6881515383720398
YOR034C,YOR195W,0,2.0252037,0.12322819232940674,0.9423828125,0.688251793384552
YMR048W,YPR095C,0,2.024862,0.12321246415376663,0.9423828125,0.6883520483970642
YBL056W,YHL025W,0,2.024848,0.12319672852754593,0.9423828125,0.6884523034095764
YBR181C,YHR193C,0,2.0246158,0.12318100780248642,0.9423828125,0.6885524988174438
YDL235C,YJL003W,0,2.0241385,0.12316528707742691,0.9423828125,0.688652753829956
YOR363C,YIL137C,0,2.0238287,0.1231495663523674,0.9423828125,0.6887530088424683
YDL046W,YDL102W,0,2.0234709,0.12313385307788849,0.9423828125,0.6888532638549805
YOR081C,YGR122W,0,2.021883,0.12311813980340958,0.9423828125,0.6889534592628479
YEL017C-A,YGR096W,1,2.0214758,0.12323000282049179,0.943359375,0.6889534592628479
YNL284C-B,YGR253C,0,2.0214493,0.12321428209543228,0.943359375,0.6890537142753601
YNL173C,YDR098C-B,0,2.0212977,0.12319856882095337,0.943359375,0.6891539692878723
YOR018W,YDR303C,0,2.0209885,0.12318286299705505,0.943359375,0.6892542243003845
YER038C,YKL087C,0,2.0206003,0.12316715717315674,0.943359375,0.6893544793128967
YNL199C,YER109C,0,2.0205505,0.12315145134925842,0.943359375,0.6894546747207642
YJL059W,YLR466W,0,2.019477,0.1231357529759407,0.943359375,0.6895549297332764
YOL020W,YJL173C,0,2.0180109,0.12312006205320358,0.943359375,0.6896551847457886
YDR359C,YNL161W,0,2.0174675,0.12310437113046646,0.943359375,0.6897554397583008
YIL119C,YDR108W,0,2.017077,0.12308868765830994,0.943359375,0.6898556351661682
YGR266W,YDR057W,0,2.016511,0.12307300418615341,0.943359375,0.6899558901786804
YDR259C,YPL161C,0,2.0141318,0.12305732816457748,0.943359375,0.6900561451911926
YML127W,YJL180C,0,2.012097,0.12304165214300156,0.943359375,0.6901564002037048
YHR202W,YDR087C,0,2.0116105,0.12302598357200623,0.943359375,0.6902565956115723
YER093C,YKR083C,0,2.0099137,0.1230103150010109,0.943359375,0.6903568506240845
YDL105W,YOR330C,0,2.0097966,0.12299465388059616,0.943359375,0.6904571056365967
YHR111W,YBR193C,0,2.0096672,0.12297899276018143,0.943359375,0.6905573606491089
YDR490C,YDR482C,0,2.0096571,0.12296333909034729,0.943359375,0.6906575560569763
YDR098C-A,YNL132W,0,2.0078185,0.12294769287109375,0.943359375,0.6907578110694885
YDR176W,YOR227W,0,2.0065877,0.12293204665184021,0.943359375,0.6908580660820007
YMR059W,YPR095C,0,2.006066,0.12291640043258667,0.943359375,0.6909583210945129
YHR035W,YDR259C,0,2.0056727,0.12290076166391373,0.943359375,0.6910585165023804
YDR092W,YOL116W,0,2.005383,0.12288513034582138,0.943359375,0.6911587715148926
YIL037C,YBR131W,0,2.0041292,0.12286949902772903,0.943359375,0.6912590265274048
YCL068C,YKR077W,0,2.0034008,0.12285387516021729,0.943359375,0.691359281539917
YOR193W,YMR035W,0,2.0013185,0.12283825129270554,0.943359375,0.6914594769477844
YIL056W,YER167W,0,1.9970851,0.12282263487577438,0.943359375,0.6915597319602966
YOR273C,YGR097W,0,1.9969096,0.12280701845884323,0.943359375,0.6916599869728088
YOR262W,YPR010C,0,1.9958782,0.12279140949249268,0.943359375,0.691760241985321
YOR129C,YOR086C,0,1.9957156,0.12277580052614212,0.943359375,0.6918604373931885
YJL078C,YDR098C-B,0,1.9956715,0.12276019901037216,0.943359375,0.6919606924057007
YDR150W,YML055W,0,1.9945393,0.1227445974946022,0.943359375,0.6920609474182129
YOR087W,YLR348C,1,1.9940434,0.12285605072975159,0.9443359375,0.6920609474182129
YAL028W,YDR098C-B,0,1.9939505,0.12284044921398163,0.9443359375,0.6921612024307251
YDL098C,YDR023W,0,1.9938555,0.12282484769821167,0.9443359375,0.6922613978385925
YLR277C,YMR101C,0,1.9935141,0.12280924618244171,0.9443359375,0.6923616528511047
YLR377C,YDR289C,0,1.9932889,0.12279365211725235,0.9443359375,0.6924619078636169
YER062C,YGL006W,0,1.9929821,0.12277805805206299,0.9443359375,0.6925621628761292
YDR287W,YDR316W-B,0,1.9926376,0.12276247143745422,0.9443359375,0.6926624178886414
YPL001W,YGR044C,0,1.992355,0.12274689227342606,0.9443359375,0.6927626132965088
YJL059W,YPL189W,0,1.9917545,0.12273131310939789,0.9443359375,0.692862868309021
YEL005C,YNR048W,0,1.9904721,0.12271573394536972,0.9443359375,0.6929631233215332
YDR148C,YPL036W,0,1.9902362,0.12270016223192215,0.9443359375,0.6930633783340454
YJL078C,YER129W,0,1.9902302,0.12268459796905518,0.9443359375,0.6931635737419128
YLR360W,YKL058W,0,1.9890351,0.1226690337061882,0.9443359375,0.693263828754425
YDL100C,YLR337C,0,1.9886522,0.12265347689390182,0.9443359375,0.6933640837669373
YPR055W,YPL175W,0,1.9886404,0.12263792008161545,0.9443359375,0.6934643387794495
YGR260W,YLR068W,0,1.9883373,0.12262237071990967,0.9443359375,0.6935645341873169
YDR039C,YIL173W,0,1.9882739,0.12260682135820389,0.9443359375,0.6936647891998291
YPR158W-B,YKR075C,0,1.9878075,0.1225912794470787,0.9443359375,0.6937650442123413
YGR170W,YLR323C,0,1.9872956,0.12257573753595352,0.9443359375,0.6938652992248535
YNL054W-A,YBR146W,0,1.9842064,0.12256020307540894,0.9443359375,0.693965494632721
YLR347C,YLR352W,0,1.9839227,0.12254466861486435,0.9443359375,0.6940657496452332
YDR386W,YGL053W,0,1.9837879,0.12252914160490036,0.9443359375,0.6941660046577454
YLR411W,YOR254C,0,1.9837561,0.12251362204551697,0.9443359375,0.6942662596702576
YDR227W,YHR157W,0,1.9837211,0.12249810248613358,0.9443359375,0.694366455078125
YKL149C,YKL150W,0,1.9836822,0.12248258292675018,0.9443359375,0.6944667100906372
YOR334W,YHR090C,0,1.9827605,0.12246707081794739,0.9443359375,0.6945669651031494
YML107C,YGL171W,0,1.9815651,0.12245156615972519,0.9443359375,0.6946672201156616
YDL113C,YFR014C,0,1.9809057,0.12243606150150299,0.9443359375,0.694767415523529
YGL243W,YOL032W,0,1.9804378,0.12242055684328079,0.9443359375,0.6948676705360413
YKL138C,YDR284C,0,1.9798508,0.12240505963563919,0.9443359375,0.6949679255485535
YOL012C,YGR004W,0,1.9795755,0.12238956987857819,0.9443359375,0.6950681805610657
YER028C,YLR181C,0,1.9784582,0.12237408012151718,0.9443359375,0.6951683759689331
YDL220C,YEL027W,0,1.9775087,0.12235859781503677,0.9443359375,0.6952686309814453
YMR192W,YNL216W,0,1.9769534,0.12234311550855637,0.9443359375,0.6953688859939575
YPR095C,YML127W,0,1.9769273,0.12232764065265656,0.9443359375,0.6954691410064697
YER041W,YBR086C,0,1.976916,0.12231216579675674,0.9443359375,0.6955693960189819
YDR350C,YNL063W,0,1.9766157,0.12229669839143753,0.9443359375,0.6956695914268494
YGR202C,YDL018C,0,1.975682,0.12228123098611832,0.9443359375,0.6957698464393616
YMR131C,YNR037C,0,1.9755166,0.1222657710313797,0.9443359375,0.6958701014518738
YGR161W-A,YDL154W,0,1.9753875,0.12225031852722168,0.9443359375,0.695970356464386
YLR006C,YDR257C,0,1.9751201,0.12223486602306366,0.9443359375,0.6960705518722534
YGR007W,YDR168W,0,1.974956,0.12221941351890564,0.9443359375,0.6961708068847656
YDR367W,YMR274C,0,1.9745474,0.12220396846532822,0.9443359375,0.6962710618972778
YDR463W,YBR149W,0,1.9727783,0.1221885234117508,0.9443359375,0.69637131690979
YOR027W,YGR266W,0,1.9725654,0.12217308580875397,0.9443359375,0.6964715123176575
YPL234C,YNR053C,0,1.9720173,0.12215765565633774,0.9443359375,0.6965717673301697
YOR266W,YKL155C,0,1.970689,0.12214222550392151,0.9443359375,0.6966720223426819
YDL243C,YDR365W-A,0,1.9702753,0.12212680280208588,0.9443359375,0.6967722773551941
YGL025C,YDR317W,0,1.9692104,0.12211138010025024,0.9443359375,0.6968724727630615
YLR324W,YHR073W,0,1.9689353,0.12209595739841461,0.9443359375,0.6969727277755737
YOR048C,YHR106W,0,1.9673324,0.12208054214715958,0.9443359375,0.6970729827880859
YOL098C,YJL089W,0,1.9664806,0.12206513434648514,0.9443359375,0.6971732378005981
YNL190W,YBL051C,0,1.9658831,0.1220497265458107,0.9443359375,0.6972734332084656
YOR262W,YDR080W,0,1.965793,0.12203432619571686,0.9443359375,0.6973736882209778
YNL031C,YMR091C,0,1.9656545,0.12201892584562302,0.9443359375,0.69747394323349
YOR380W,YDL105W,0,1.9650174,0.12200353294610977,0.9443359375,0.6975741982460022
YDR372C,YGL092W,0,1.9648684,0.12198814004659653,0.9443359375,0.6976743936538696
YIL137C,YER127W,0,1.9631691,0.12197275459766388,0.9443359375,0.6977746486663818
YHR205W,YER093C,0,1.9628866,0.12195736914873123,0.9443359375,0.697874903678894
YBR168W,YLR313C,0,1.9625468,0.12194199115037918,0.9443359375,0.6979751586914062
YBL013W,YDR361C,0,1.9625199,0.12192662060260773,0.9443359375,0.6980753540992737
YPL138C,YKL069W,0,1.9619372,0.12191124260425568,0.9443359375,0.6981756091117859
YKL150W,YKL087C,0,1.9613824,0.12189587950706482,0.9443359375,0.6982758641242981
YOR087W,YHR026W,1,1.9610244,0.12200655043125153,0.9453125,0.6982758641242981
YBR043C,YHR170W,0,1.9605036,0.12199117988348007,0.9453125,0.6983761191368103
YBL100W-B,YDR135C,0,1.9598024,0.12197580933570862,0.9453125,0.6984763145446777
YHR214C-C,YKL029C,0,1.9594682,0.12196043878793716,0.9453125,0.6985765695571899
YDR500C,YPL100W,0,1.957243,0.12194507569074631,0.9453125,0.6986768245697021
YOL020W,YOR359W,0,1.9571104,0.12192971259355545,0.9453125,0.6987770795822144
YOL103W-A,YNR024W,0,1.9560698,0.12191435694694519,0.9453125,0.6988773345947266
YOR049C,YDR108W,0,1.955848,0.12189900875091553,0.9453125,0.698977530002594
YML041C,YDL100C,0,1.9536078,0.12188365310430527,0.9453125,0.6990777850151062
YMR237W,YKL114C,0,1.9535546,0.1218683123588562,0.9453125,0.6991780400276184
YNL243W,YIL137C,0,1.9530592,0.12185297161340714,0.9453125,0.6992782950401306
YOL103W-A,YBR188C,0,1.9525543,0.12183763086795807,0.9453125,0.699378490447998
YGR007W,YLR220W,0,1.9499856,0.1218222975730896,0.9453125,0.6994787454605103
YDR188W,YKR088C,0,1.9489899,0.12180697172880173,0.9453125,0.6995790004730225
YDR217C,YNL123W,0,1.9472914,0.12179164588451385,0.9453125,0.6996792554855347
YHR165C,YDR217C,0,1.9468167,0.12177632749080658,0.9453125,0.6997794508934021
YGL028C,YLR023C,0,1.9457848,0.1217610090970993,0.9453125,0.6998797059059143
YDR261C,YKR077W,0,1.9447477,0.12174569070339203,0.9453125,0.6999799609184265
YBR109C,YLR067C,0,1.943585,0.12173037976026535,0.9453125,0.7000802159309387
YPL141C,YLR200W,0,1.9427494,0.12171507626771927,0.9453125,0.7001804113388062
YIL052C,YOR109W,0,1.9422121,0.12169977277517319,0.9453125,0.7002806663513184
YMR105C,YMR225C,0,1.9421444,0.1216844767332077,0.9453125,0.7003809213638306
YDR041W,YJL001W,0,1.9417343,0.12166918069124222,0.9453125,0.7004811763763428
YAR042W,YHL006C,0,1.9411718,0.12165389209985733,0.9453125,0.7005813717842102
YPL207W,YMR313C,0,1.9411516,0.12163860350847244,0.9453125,0.7006816267967224
YPR134W,YKL138C,0,1.9409137,0.12162332236766815,0.9453125,0.7007818818092346
YMR076C,YLL066C,0,1.9398022,0.12160804122686386,0.9453125,0.7008821368217468
YNR032C-A,YOR357C,0,1.9389607,0.12159276753664017,0.9453125,0.7009823322296143
YHR122W,YER159C,0,1.9388405,0.12157749384641647,0.9453125,0.7010825872421265
YDR098C-A,YDR129C,0,1.9386969,0.12156222760677338,0.9453125,0.7011828422546387
YDR273W,YBR180W,0,1.9383551,0.12154696136713028,0.9453125,0.7012830972671509
YJR027W,YKL155C,0,1.9381142,0.12153170257806778,0.9453125,0.7013832926750183
YDR437W,YDR317W,0,1.9360609,0.12151644378900528,0.9453125,0.7014835476875305
YPL140C,YDR328C,0,1.9348361,0.12150119245052338,0.9453125,0.7015838027000427
YPL105C,YIL018W,0,1.9343057,0.12148594111204147,0.9453125,0.7016840577125549
YBR114W,YDL220C,0,1.9339298,0.12147069722414017,0.9453125,0.7017842531204224
YOR189W,YNL063W,0,1.9337763,0.12145546078681946,0.9453125,0.7018845081329346
YHR165C,YDR057W,0,1.933636,0.12144022434949875,0.9453125,0.7019847631454468
YLL067C,YCR038C,0,1.9335791,0.12142498791217804,0.9453125,0.702085018157959
YHR150W,YBR045C,0,1.9314997,0.12140975892543793,0.9453125,0.7021852731704712
YDR381W,YBR188C,0,1.9289794,0.12139452993869781,0.9453125,0.7022854685783386
YPL280W,YJR117W,0,1.9271232,0.1213793084025383,0.9453125,0.7023857235908508
YHR026W,YOR270C,1,1.9262155,0.12148946523666382,0.9462890625,0.7023857235908508
YDR004W,YPL198W,0,1.9260573,0.1214742362499237,0.9462890625,0.702485978603363
YPL171C,YGL167C,0,1.9259284,0.12145901471376419,0.9462890625,0.7025862336158752
YOR191W,YLR360W,0,1.9258406,0.12144379317760468,0.9462890625,0.7026864290237427
YIL014W,YNR038W,0,1.9247499,0.12142857164144516,0.9462890625,0.7027866840362549
YLR315W,YDR437W,0,1.924577,0.12141335755586624,0.9462890625,0.7028869390487671
YER177W,YOL076W,0,1.9243759,0.12139814347028732,0.9462890625,0.7029871940612793
YKR053C,YNL164C,0,1.924134,0.121382936835289,0.9462890625,0.7030873894691467
YDR406W,YLL014W,0,1.9228685,0.12136773765087128,0.9462890625,0.7031876444816589
YBR065C,YPL097W,0,1.922339,0.12135253846645355,0.9462890625,0.7032878994941711
YHR103W,YJR050W,0,1.9219862,0.12133733928203583,0.9462890625,0.7033881545066833
YDR397C,YBR301W,0,1.9219218,0.1213221475481987,0.9462890625,0.7034883499145508
YER041W,YIL033C,0,1.9213552,0.12130696326494217,0.9462890625,0.703588604927063
YNL068C,YNR052C,0,1.9192092,0.12129177898168564,0.9462890625,0.7036888599395752
YCL017C,YML031W,0,1.9190564,0.12127659469842911,0.9462890625,0.7037891149520874
YJR041C,YML102W,0,1.9187477,0.12126141786575317,0.9462890625,0.7038893103599548
YMR183C,YML082W,0,1.9171512,0.12124624848365784,0.9462890625,0.703989565372467
YHL038C,YBR043C,0,1.9169644,0.1212310791015625,0.9462890625,0.7040898203849792
YNL059C,YCL001W,0,1.9166536,0.12121590971946716,0.9462890625,0.7041900753974915
YER179W,YPL036W,0,1.9156218,0.12120074778795242,0.9462890625,0.7042902708053589
YPL179W,YLR435W,0,1.9155608,0.12118559330701828,0.9462890625,0.7043905258178711
YML021C,YML067C,0,1.9153136,0.12117043882608414,0.9462890625,0.7044907808303833
YIL096C,YML061C,0,1.9148308,0.12115529179573059,0.9462890625,0.7045910358428955
YDR040C,YDL211C,0,1.9143008,0.12114014476537704,0.9462890625,0.7046912312507629
YHR002W,YLL048C,1,1.9124223,0.12125000357627869,0.947265625,0.7046912312507629
YGR060W,YDR259C,0,1.9123521,0.12123484909534454,0.947265625,0.7047914862632751
YGL196W,YJR049C,0,1.9122965,0.1212196946144104,0.947265625,0.7048917412757874
YNL076W,YLR259C,0,1.911118,0.12120454758405685,0.947265625,0.7049919962882996
YOL103W-A,YJR046W,0,1.9111011,0.1211894080042839,0.947265625,0.705092191696167
YBL035C,YHR073W,0,1.910852,0.12117426842451096,0.947265625,0.7051924467086792
YFL061W,YPL115C,0,1.9108028,0.121159128844738,0.947265625,0.7052927017211914
YIL075C,YIL153W,0,1.9086714,0.12114399671554565,0.947265625,0.7053929567337036
YKL032C,YIL173W,0,1.9076685,0.1211288720369339,0.947265625,0.7054932117462158
YDR323C,YGR170W,0,1.9074128,0.12111374735832214,0.947265625,0.7055934071540833
YNL214W,YBR028C,0,1.9073575,0.12109863013029099,0.947265625,0.7056936621665955
YMR286W,YHR073W,0,1.9073288,0.12108351290225983,0.947265625,0.7057939171791077
YOR193W,YFL025C,0,1.9073095,0.12106839567422867,0.947265625,0.7058941721916199
YIL030C,YPL210C,0,1.9068851,0.1210532858967781,0.947265625,0.7059943675994873
YCL048W,YPL018W,0,1.9049187,0.12103818356990814,0.947265625,0.7060946226119995
YPL183C,YBR015C,0,1.903718,0.12102308124303818,0.947265625,0.7061948776245117
YKL138C,YHR114W,0,1.9021692,0.12100798636674881,0.947265625,0.7062951326370239
YNL041C,YNL048W,0,1.9020269,0.12099289149045944,0.947265625,0.7063953280448914
YPR173C,YHR006W,0,1.9013754,0.12097779661417007,0.947265625,0.7064955830574036
YNL233W,YHR193C,0,1.9013023,0.1209627166390419,0.947265625,0.7065958380699158
YDR316W-B,YHR106W,0,1.9010334,0.12094762921333313,0.947265625,0.706696093082428
YCR107W,YDR007W,0,1.9007728,0.12093254923820496,0.947265625,0.7067962884902954
YPL013C,YOL103W-A,0,1.899045,0.12091747671365738,0.947265625,0.7068965435028076
YMR207C,YHL026C,0,1.8988452,0.1209024041891098,0.947265625,0.7069967985153198
YNR024W,YPL021W,0,1.8973651,0.12088733911514282,0.947265625,0.707097053527832
YNL054W-A,YNR053C,0,1.897335,0.12087227404117584,0.947265625,0.7071972489356995
YNL180C,YHR080C,0,1.896892,0.12085721641778946,0.947265625,0.7072975039482117
YOR357C,YJL058C,0,1.8968531,0.12084215879440308,0.947265625,0.7073977589607239
YNL286W,YJL127C,0,1.8961982,0.12082710862159729,0.947265625,0.7074980139732361
YLR248W,YJL168C,0,1.8961889,0.1208120584487915,0.947265625,0.7075982093811035
YAR042W,YFR050C,0,1.895333,0.12079700827598572,0.947265625,0.7076984643936157
YDR367W,YLR017W,0,1.8952982,0.12078197300434113,0.947265625,0.7077987194061279
YMR055C,YGL093W,0,1.893644,0.12076693028211594,0.947265625,0.7078989744186401
YNL045W,YPR199C,0,1.8935163,0.12075189501047134,0.947265625,0.7079991698265076
YDR528W,YBL031W,0,1.8919439,0.12073686718940735,0.947265625,0.7080994248390198
YOR189W,YBL014C,0,1.8903576,0.12072183936834335,0.947265625,0.708199679851532
YDR328C,YLR288C,0,1.8902771,0.12070681899785995,0.947265625,0.7082999348640442
YKR007W,YMR035W,0,1.8900843,0.12069179862737656,0.947265625,0.7084001898765564
YBR043C,YDL093W,0,1.8899851,0.12067678570747375,0.947265625,0.7085003852844238
YOR156C,YLL021W,0,1.8892987,0.12066177278757095,0.947265625,0.708600640296936
YLR223C,YPR068C,0,1.8892057,0.12064676731824875,0.947265625,0.7087008953094482
YBR114W,YOL051W,0,1.8890946,0.12063176184892654,0.947265625,0.7088011503219604
YOR191W,YIR026C,0,1.8887889,0.12061676383018494,0.947265625,0.7089013457298279
YAL011W,YEL048C,0,1.8886188,0.12060176581144333,0.947265625,0.7090016007423401
YDL135C,YOR078W,0,1.8884469,0.12058677524328232,0.947265625,0.7091018557548523
YER143W,YKL087C,0,1.8879709,0.12057178467512131,0.947265625,0.7092021107673645
YHR139C,YDL123W,0,1.887392,0.1205568015575409,0.947265625,0.7093023061752319
YLR227W-A,YNL278W,0,1.8872707,0.12054181843996048,0.947265625,0.7094025611877441
YCR086W,YKL052C,0,1.8871543,0.12052683532238007,0.947265625,0.7095028162002563
YFL056C,YNL054W-A,0,1.8846053,0.12051186710596085,0.947265625,0.7096030712127686
YDL135C,YER081W,0,1.883443,0.12049689143896103,0.947265625,0.709703266620636
YNL173C,YNL118C,0,1.8829861,0.1204819306731224,0.947265625,0.7098035216331482
YNR032C-A,YBL013W,0,1.8826022,0.12046696245670319,0.947265625,0.7099037766456604
YDR273W,YBR149W,0,1.8821423,0.12045200914144516,0.947265625,0.7100040316581726
YDR213W,YLR092W,0,1.8818443,0.12043704837560654,0.947265625,0.71010422706604
YLR227W-A,YDR078C,0,1.8801707,0.12042209506034851,0.947265625,0.7102044820785522
YCR065W,YJR054W,0,1.8792726,0.12040714919567108,0.947265625,0.7103047370910645
YLR259C,YDR105C,0,1.8788174,0.12039220333099365,0.947265625,0.7104049921035767
YLL026W,YER023W,0,1.8787782,0.12037726491689682,0.947265625,0.7105051875114441
YOR267C,YLR190W,0,1.8785024,0.12036232650279999,0.947265625,0.7106054425239563
YLL031C,YGR017W,0,1.8783822,0.12034739553928375,0.947265625,0.7107056975364685
YER038C,YDR437W,0,1.8782536,0.12033246457576752,0.947265625,0.7108059525489807
YER032W,YOR001W,0,1.8772409,0.12031754106283188,0.947265625,0.7109061479568481
YNL031C,YGR181W,0,1.8767229,0.12030261754989624,0.947265625,0.7110064029693604
YDR098C-A,YPL061W,0,1.875937,0.1202877014875412,0.947265625,0.7111066579818726
YOR109W,YML082W,0,1.875191,0.12027278542518616,0.947265625,0.7112069129943848
YNL051W,YGL111W,0,1.8751711,0.12025786936283112,0.947265625,0.7113071084022522
YLR377C,YNL063W,0,1.8750393,0.12024296820163727,0.947265625,0.7114073634147644
YDL100C,YOR109W,0,1.8733088,0.12022805958986282,0.947265625,0.7115076184272766
YBR005W,YOR019W,0,1.8722256,0.12021315842866898,0.947265625,0.7116078734397888
YFL061W,YER155C,0,1.8719177,0.12019826471805573,0.947265625,0.711708128452301
YER007C-A,YEL006W,0,1.8717132,0.12018337100744247,0.947265625,0.7118083238601685
YML086C,YLR115W,0,1.8716931,0.12016848474740982,0.947265625,0.7119085788726807
YDR210C-D,YNL063W,0,1.8715483,0.12015359848737717,0.947265625,0.7120088338851929
YKR089C,YGL111W,0,1.8712881,0.12013871967792511,0.947265625,0.7121090888977051
YJL168C,YNR033W,0,1.8708615,0.12012384086847305,0.947265625,0.7122092843055725
YPR034W,YIL148W,0,1.8700166,0.120108962059021,0.947265625,0.7123095393180847
YNL020C,YJR054W,0,1.8699956,0.12009409070014954,0.947265625,0.7124097943305969
YBR162W-A,YOR103C,0,1.8691213,0.12007922679185867,0.947265625,0.7125100493431091
YER007C-A,YDR019C,0,1.8690655,0.12006436288356781,0.947265625,0.7126102447509766
YKR053C,YDR280W,0,1.8669192,0.12004950642585754,0.947265625,0.7127104997634888
YKL058W,YDL076C,0,1.8664157,0.12003464996814728,0.947265625,0.712810754776001
YDR377W,YNL055C,1,1.8655636,0.12014352530241013,0.9482421875,0.712810754776001
YBL100W-B,YJL173C,0,1.8635471,0.12012866139411926,0.9482421875,0.7129110097885132
YDR235W,YLR019W,0,1.8634572,0.120113804936409,0.9482421875,0.7130112051963806
YJR118C,YGL129C,0,1.863339,0.12009894847869873,0.9482421875,0.7131114602088928
YHR165C,YNR052C,0,1.8632623,0.12008409947156906,0.9482421875,0.713211715221405
YJR027W,YOR272W,0,1.862689,0.12006925046443939,0.9482421875,0.7133119702339172
YGL073W,YLR052W,0,1.8624632,0.12005440145730972,0.9482421875,0.7134121656417847
YDR500C,YIL068C,0,1.862159,0.12003955990076065,0.9482421875,0.7135124206542969
YLR284C,YDL220C,0,1.8618401,0.12002471834421158,0.9482421875,0.7136126756668091
YNL031C,YKL063C,0,1.8617569,0.1200098842382431,0.9482421875,0.7137129306793213
YOL020W,YGR193C,0,1.8609327,0.11999505758285522,0.9482421875,0.7138131260871887
YEL039C,YPL006W,0,1.8607856,0.11998023092746735,0.9482421875,0.7139133810997009
YKL149C,YDR217C,0,1.8607477,0.11996540427207947,0.9482421875,0.7140136361122131
YCR018C,YHR157W,0,1.8603935,0.11995058506727219,0.9482421875,0.7141138911247253
YLR167W,YLR384C,0,1.8600183,0.1199357733130455,0.9482421875,0.7142140865325928
YLR442C,YNL123W,0,1.8589891,0.11992096155881882,0.9482421875,0.714314341545105
YOL077W-A,YBR054W,1,1.8587548,0.12002963572740555,0.94921875,0.714314341545105
YBR169C,YDL134C,0,1.8578626,0.12001481652259827,0.94921875,0.7144145965576172
YOL084W,YBR049C,0,1.8574029,0.11999999731779099,0.94921875,0.7145148515701294
YGL071W,YKL175W,1,1.8566761,0.12010862678289413,0.9501953125,0.7145148515701294
YMR192W,YNR053C,0,1.8566055,0.12009380757808685,0.9501953125,0.7146150469779968
YML098W,YMR015C,0,1.8538965,0.12007898092269897,0.9501953125,0.714715301990509
YFL049W,YDR098C-B,0,1.8537958,0.12006416916847229,0.9501953125,0.7148155570030212
YPL193W,YHL015W,0,1.8533623,0.12004934996366501,0.9501953125,0.7149158120155334
YGL028C,YPL183C,0,1.8526316,0.12003454566001892,0.9501953125,0.7150160670280457
YDL091C,YER028C,0,1.8510334,0.12001973390579224,0.9501953125,0.7151162624359131
YNL167C,YMR081C,0,1.8504766,0.12000493705272675,0.9501953125,0.7152165174484253
YPR169W,YKL196C,0,1.8500881,0.11999013274908066,0.9501953125,0.7153167724609375
YKR053C,YBR131W,0,1.8500819,0.11997533589601517,0.9501953125,0.7154170274734497
YDL093W,YDR057W,0,1.850041,0.11996054649353027,0.9501953125,0.7155172228813171
YGL027C,YDR098C-B,0,1.8500005,0.11994575709104538,0.9501953125,0.7156174778938293
YNL062C,YCR063W,0,1.8492761,0.11993097513914108,0.9501953125,0.7157177329063416
YLR390W-A,YBR091C,0,1.848743,0.11991619318723679,0.9501953125,0.7158179879188538
YOR156C,YKL087C,0,1.8482088,0.11990141868591309,0.9501953125,0.7159181833267212
YOR267C,YDR268W,0,1.8478588,0.11988664418458939,0.9501953125,0.7160184383392334
YMR048W,YLR011W,0,1.8476762,0.11987187713384628,0.9501953125,0.7161186933517456
YIL037C,YKR027W,0,1.8474923,0.11985711008310318,0.9501953125,0.7162189483642578
YKL079W,YDR303C,0,1.8472807,0.11984234303236008,0.9501953125,0.7163191437721252
YDR361C,YKL080W,0,1.8470905,0.11982758343219757,0.9501953125,0.7164193987846375
YOR236W,YHR106W,0,1.8468258,0.11981283128261566,0.9501953125,0.7165196537971497
YDL100C,YPR148C,0,1.8460648,0.11979807913303375,0.9501953125,0.7166199088096619
YPL224C,YLL043W,1,1.8452249,0.11990644037723541,0.951171875,0.7166199088096619
YLL067C,YGR161C-D,0,1.8451096,0.1198916807770729,0.951171875,0.7167201042175293
YGL098W,YIL013C,0,1.845078,0.1198769211769104,0.951171875,0.7168203592300415
YHR118C,YDR365W-A,0,1.8447556,0.11986216902732849,0.951171875,0.7169206142425537
YML045W,YOR081C,0,1.844228,0.11984742432832718,0.951171875,0.7170208692550659
YGR005C,YOL116W,0,1.8433155,0.11983267962932587,0.951171875,0.7171210646629333
YGR099W,YMR055C,0,1.8433068,0.11981793493032455,0.951171875,0.7172213196754456
YIL154C,YLR288C,0,1.8429579,0.11980319768190384,0.951171875,0.7173215746879578
YNL176C,YDR301W,0,1.8427981,0.11978846043348312,0.951171875,0.71742182970047
YBR005W,YMR133W,0,1.842546,0.119773730635643,0.951171875,0.7175220251083374
YBR248C,YGL058W,0,1.8417671,0.11975900828838348,0.951171875,0.7176222801208496
YOL098C,YHR133C,0,1.8414935,0.11974428594112396,0.951171875,0.7177225351333618
YNL286W,YEL019C,0,1.8414474,0.11972956359386444,0.951171875,0.717822790145874
YOR045W,YER007C-A,0,1.8412659,0.11971484869718552,0.951171875,0.7179229855537415
YPL171C,YBR162C,0,1.8403274,0.11970013380050659,0.951171875,0.7180232405662537
YGL231C,YBR188C,0,1.8389434,0.11968542635440826,0.951171875,0.7181234955787659
YLR417W,YNL216W,0,1.8388476,0.11967071890830994,0.951171875,0.7182237505912781
YMR262W,YDR316W-B,0,1.837913,0.1196560189127922,0.951171875,0.7183240056037903
YGR193C,YGL093W,0,1.8374536,0.11964131891727448,0.951171875,0.7184242010116577
YHR009C,YEL032W,0,1.8373538,0.11962662637233734,0.951171875,0.7185244560241699
YIL069C,YBR162C,0,1.8362558,0.11961193382740021,0.951171875,0.7186247110366821
YNR052C,YER015W,0,1.8347265,0.11959724873304367,0.951171875,0.7187249660491943
YER176W,YNR038W,0,1.832519,0.11958256363868713,0.951171875,0.7188251614570618
YER176W,YPL075W,0,1.831742,0.1195678859949112,0.951171875,0.718925416469574
YOR241W,YPL117C,0,1.8311169,0.11955320835113525,0.951171875,0.7190256714820862
YCL029C,YLR060W,0,1.8303095,0.11953853815793991,0.951171875,0.7191259264945984
YPR134W,YLR361C,0,1.83002,0.11952386796474457,0.951171875,0.7192261219024658
YDL100C,YPR120C,0,1.8299227,0.11950920522212982,0.951171875,0.719326376914978
YDR009W,YDR098C-B,0,1.828944,0.11949454247951508,0.951171875,0.7194266319274902
YNL054W-A,YBR188C,0,1.8282273,0.11947987973690033,0.951171875,0.7195268869400024
YJL181W,YPL235W,0,1.8281676,0.11946522444486618,0.951171875,0.7196270823478699
YPL056C,YMR131C,0,1.8280597,0.11945057660341263,0.951171875,0.7197273373603821
YPL120W,YOR253W,0,1.8264831,0.11943592876195908,0.951171875,0.7198275923728943
YGL098W,YMR275C,0,1.826062,0.11942128837108612,0.951171875,0.7199278473854065
YLR200W,YJL208C,0,1.8246832,0.11940664798021317,0.951171875,0.7200280427932739
YKR078W,YGL105W,0,1.8242168,0.11939200758934021,0.951171875,0.7201282978057861
YLR239C,YOL116W,0,1.8237501,0.11937737464904785,0.951171875,0.7202285528182983
YOR262W,YNR048W,0,1.8228297,0.1193627417087555,0.951171875,0.7203288078308105
YML021C,YFL056C,0,1.8227123,0.11934811621904373,0.951171875,0.720429003238678
YDR528W,YLR067C,0,1.8224837,0.11933349817991257,0.951171875,0.7205292582511902
YML023C,YPL146C,0,1.8223541,0.1193188801407814,0.951171875,0.7206295132637024
YLL048C,YLL006W,0,1.8219627,0.11930426210165024,0.951171875,0.7207297682762146
YER062C,YLR258W,0,1.8207014,0.11928965151309967,0.951171875,0.720829963684082
YBR078W,YNL023C,0,1.8204806,0.1192750409245491,0.951171875,0.7209302186965942
YGL085W,YDR365W-A,0,1.8200052,0.11926043778657913,0.951171875,0.7210304737091064
YCL029C,YIL148W,0,1.8195236,0.11924583464860916,0.951171875,0.7211307287216187
YHR118C,YDR105C,0,1.818299,0.11923123896121979,0.951171875,0.7212309837341309
YBR038W,YHL031C,0,1.816977,0.11921664327383041,0.951171875,0.7213311791419983
YBR268W,YHR133C,0,1.816405,0.11920205503702164,0.951171875,0.7214314341545105
YNL156C,YMR313C,0,1.8163972,0.11918746680021286,0.951171875,0.7215316891670227
YML045W,YOL096C,0,1.8156925,0.11917288601398468,0.951171875,0.7216319441795349
YNR038W,YLR055C,0,1.8154666,0.1191583052277565,0.951171875,0.7217321395874023
YGL104C,YMR055C,0,1.8152804,0.11914373189210892,0.951171875,0.7218323945999146
YNL031C,YGL018C,0,1.8146371,0.11912915855646133,0.951171875,0.7219326496124268
YBR189W,YER149C,0,1.8138074,0.11911459267139435,0.951171875,0.722032904624939
YOL135C,YIL005W,0,1.8134634,0.11910002678632736,0.951171875,0.7221331000328064
YHR165C,YGL116W,0,1.8133245,0.11908546090126038,0.951171875,0.7222333550453186
YPL203W,YKR007W,0,1.8117056,0.11907090246677399,0.951171875,0.7223336100578308
YDR165W,YCL067C,0,1.8116281,0.1190563514828682,0.951171875,0.722433865070343
YDL175C,YLR061W,0,1.8115172,0.1190418004989624,0.951171875,0.7225340604782104
YOL027C,YOL020W,1,1.811068,0.11914945393800735,0.9521484375,0.7225340604782104
YHL038C,YGL139W,0,1.8102796,0.11913489550352097,0.9521484375,0.7226343154907227
YER041W,YDR372C,0,1.8101544,0.11912034451961517,0.9521484375,0.7227345705032349
YGR178C,YNL251C,0,1.8100519,0.11910579353570938,0.9521484375,0.7228348255157471
YML061C,YIR026C,0,1.8090807,0.11909124255180359,0.9521484375,0.7229350209236145
YLL016W,YER127W,0,1.808922,0.1190766990184784,0.9521484375,0.7230352759361267
YJR117W,YNL251C,0,1.8079457,0.1190621554851532,0.9521484375,0.7231355309486389
YLL006W,YBR131W,0,1.8071715,0.1190476194024086,0.9521484375,0.7232357859611511
YML021C,YDR375C,0,1.8068013,0.119033083319664,0.9521484375,0.7233359813690186
YLR345W,YDR407C,0,1.80499,0.1190185546875,0.9521484375,0.7234362363815308
YLR185W,YKL014C,0,1.8042749,0.119004026055336,0.9521484375,0.723536491394043
YGR109W-A,YLR190W,0,1.8036076,0.1189895048737526,0.9521484375,0.7236367464065552
YMR055C,YHR114W,0,1.8027825,0.11897498369216919,0.9521484375,0.7237369418144226
YNR059W,YDL139C,0,1.8009747,0.11896046996116638,0.9521484375,0.7238371968269348
YJL110C,YHR009C,0,1.8005241,0.11894595623016357,0.9521484375,0.723937451839447
YPL004C,YOL029C,0,1.8001199,0.11893144994974136,0.9521484375,0.7240377068519592
YPR055W,YJL098W,0,1.8000767,0.11891694366931915,0.9521484375,0.7241379022598267
YDR316W-B,YDR303C,0,1.8000038,0.11890243738889694,0.9521484375,0.7242381572723389
YBR291C,YBR127C,1,1.7985138,0.11900987476110458,0.953125,0.7242381572723389
YLR039C,YLR194C,0,1.7980914,0.11899536848068237,0.953125,0.7243384122848511
YOR016C,YBR112C,0,1.7978998,0.11898086220026016,0.953125,0.7244386672973633
YNL317W,YPL193W,0,1.7978804,0.11896635591983795,0.953125,0.7245389223098755
YJR050W,YDL119C,0,1.7975513,0.11895185708999634,0.953125,0.7246391177177429
YBR114W,YFL026W,0,1.7953546,0.11893736571073532,0.953125,0.7247393727302551
YLL006W,YOL059W,0,1.7952058,0.1189228743314743,0.953125,0.7248396277427673
YDR122W,YHR150W,0,1.7950795,0.11890838295221329,0.953125,0.7249398827552795
YOL055C,YFR053C,0,1.7937838,0.11889389902353287,0.953125,0.725040078163147
YER062C,YJL168C,0,1.7919989,0.11887941509485245,0.953125,0.7251403331756592
YPL120W,YLR143W,0,1.7904706,0.11886493861675262,0.953125,0.7252405881881714
YBR279W,YOL132W,0,1.7904048,0.1188504621386528,0.953125,0.7253408432006836
YPL115C,YLR075W,0,1.7900972,0.11883599311113358,0.953125,0.725441038608551
YEL017C-A,YJL129C,1,1.7897717,0.11894326657056808,0.9541015625,0.725441038608551
YOR068C,YJR131W,0,1.7895422,0.11892879009246826,0.9541015625,0.7255412936210632
YDR235W,YPL168W,0,1.7884772,0.11891431361436844,0.9541015625,0.7256415486335754
YKL149C,YNL251C,0,1.7871902,0.11889984458684921,0.9541015625,0.7257418036460876
YPL105C,YDR259C,0,1.787189,0.11888537555932999,0.9541015625,0.7258419990539551
YMR053C,YLR001C,0,1.7868692,0.11887090653181076,0.9541015625,0.7259422540664673
YPR156C,YGR096W,1,1.7855881,0.1189781054854393,0.955078125,0.7259422540664673
YMR232W,YNL180C,0,1.7854261,0.11896362900733948,0.955078125,0.7260425090789795
YKL051W,YNR033W,0,1.7844846,0.11894915997982025,0.955078125,0.7261427640914917
YLR194C,YCR018C,0,1.7839746,0.11893469840288162,0.955078125,0.7262429594993591
YBL051C,YDR179C,0,1.7838581,0.118920236825943,0.955078125,0.7263432145118713
YPR057W,YHR114W,0,1.7834992,0.11890577524900436,0.955078125,0.7264434695243835
YOL020W,YPL130W,0,1.782709,0.11889132112264633,0.955078125,0.7265437245368958
YDL220C,YAL026C,0,1.7816479,0.1188768669962883,0.955078125,0.7266439199447632
YJL078C,YBR295W,0,1.7815428,0.11886242032051086,0.955078125,0.7267441749572754
YOL011W,YPR105C,0,1.7797996,0.11884797364473343,0.955078125,0.7268444299697876
YPR017C,YCR106W,0,1.7783613,0.11883353441953659,0.955078125,0.7269446849822998
YBR107C,YHR037W,0,1.7772316,0.11881909519433975,0.955078125,0.7270448803901672
YLR299W,YGL226W,0,1.7769963,0.11880466341972351,0.955078125,0.7271451354026794
YAL056W,YCL044C,0,1.7766292,0.11879023164510727,0.955078125,0.7272453904151917
YPL169C,YDR468C,0,1.7764236,0.11877580732107162,0.955078125,0.7273456454277039
YJL098W,YPR105C,0,1.7754575,0.11876138299703598,0.955078125,0.7274458408355713
YLR258W,YLL014W,0,1.7728946,0.11874696612358093,0.955078125,0.7275460958480835
YKL149C,YNL036W,0,1.7723981,0.11873254925012589,0.955078125,0.7276463508605957
YML011C,YLR181C,0,1.7703655,0.11871813237667084,0.955078125,0.7277466058731079
YPR128C,YML016C,0,1.7703633,0.11870372295379639,0.955078125,0.7278468608856201
YNL137C,YML021C,0,1.7696054,0.11868932098150253,0.955078125,0.7279470562934875
YDL124W,YBL047C,0,1.7689515,0.11867491900920868,0.955078125,0.7280473113059998
YNL054W,YIL123W,0,1.7685663,0.11866051703691483,0.955078125,0.728147566318512
YDR545W,YDR009W,0,1.7661738,0.11864612251520157,0.955078125,0.7282478213310242
YGL028C,YBR069C,0,1.7641362,0.11863173544406891,0.955078125,0.7283480167388916
YLR007W,YNL216W,0,1.7635283,0.11861734092235565,0.955078125,0.7284482717514038
YKL191W,YML081W,0,1.7634512,0.11860296130180359,0.955078125,0.728548526763916
YAL048C,YER081W,0,1.7630196,0.11858857423067093,0.955078125,0.7286487817764282
YNL263C,YOR157C,0,1.7630174,0.11857420206069946,0.955078125,0.7287489771842957
YML011C,YPL254W,0,1.7625706,0.1185598224401474,0.955078125,0.7288492321968079
YJR153W,YGR057C,0,1.7619996,0.11854545772075653,0.955078125,0.7289494872093201
YDR427W,YJL013C,0,1.7610995,0.11853108555078506,0.955078125,0.7290497422218323
YEL018W,YDR268W,0,1.7610017,0.1185167208313942,0.955078125,0.7291499376296997
YDR359C,YOR086C,0,1.7607453,0.11850236356258392,0.955078125,0.7292501926422119
YGL078C,YOR335C,0,1.7605047,0.11848800629377365,0.955078125,0.7293504476547241
YDR098C-A,YJL186W,0,1.7604,0.11847364902496338,0.955078125,0.7294507026672363
YPL116W,YLR432W,0,1.7602848,0.1184592992067337,0.955078125,0.7295508980751038
YLR277C,YKL032C,0,1.7598281,0.11844495683908463,0.955078125,0.729651153087616
YHL031C,YNL194C,0,1.7595227,0.11843061447143555,0.955078125,0.7297514081001282
YHR205W,YDR441C,0,1.7578228,0.11841627210378647,0.955078125,0.7298516631126404
YPL116W,YKR083C,0,1.7562144,0.11840193718671799,0.955078125,0.7299518585205078
YMR232W,YDR309C,0,1.7558149,0.1183876022696495,0.955078125,0.73005211353302
YPR057W,YNR052C,0,1.7534119,0.11837327480316162,0.955078125,0.7301523685455322
YHL008C,YCR028C,1,1.7529722,0.11847997456789017,0.9560546875,0.7301523685455322
YBR101C,YKL134C,0,1.7504281,0.11846563220024109,0.9560546875,0.7302526235580444
YNR060W,YCR037C,1,1.7500107,0.11857229471206665,0.95703125,0.7302526235580444
YOR129C,YOL059W,0,1.7499359,0.11855794489383698,0.95703125,0.7303528189659119
YJR046W,YOR330C,0,1.7492675,0.1185436099767685,0.95703125,0.7304530739784241
YML021C,YIL033C,0,1.7486656,0.11852926760911942,0.95703125,0.7305533289909363
YLR234W,YDL093W,0,1.7478216,0.11851493269205093,0.95703125,0.7306535840034485
YDR150W,YGL096W,0,1.7473862,0.11850060522556305,0.95703125,0.7307537794113159
YPL021W,YPL010W,0,1.7470018,0.11848627775907516,0.95703125,0.7308540344238281
YGL096W,YKR095W,0,1.7469035,0.11847195029258728,0.95703125,0.7309542894363403
YIL154C,YOR259C,0,1.7452719,0.11845763027667999,0.95703125,0.7310545444488525
YEL005C,YGL195W,0,1.7450421,0.1184433177113533,0.95703125,0.7311547994613647
YLR432W,YKL005C,0,1.7441323,0.11842900514602661,0.95703125,0.7312549948692322
YKR085C,YMR275C,0,1.7433033,0.11841469258069992,0.95703125,0.7313552498817444
YLR324W,YKL196C,0,1.743183,0.11840038746595383,0.95703125,0.7314555048942566
YER149C,YBL063W,0,1.742553,0.11838608235120773,0.95703125,0.7315557599067688
YMR015C,YKR099W,0,1.7411119,0.11837178468704224,0.95703125,0.7316559553146362
YGL139W,YFR034C,0,1.740232,0.11835748702287674,0.95703125,0.7317562103271484
YJL089W,YJR052W,0,1.7395449,0.11834319680929184,0.95703125,0.7318564653396606
YDR323C,YIL096C,0,1.7386365,0.11832890659570694,0.95703125,0.7319567203521729
YMR215W,YGL092W,0,1.7385237,0.11831462383270264,0.95703125,0.7320569157600403
YNL054W-A,YLR288C,0,1.7384405,0.11830034106969833,0.95703125,0.7321571707725525
YAL007C,YMR101C,0,1.738152,0.11828605830669403,0.95703125,0.7322574257850647
YJR041C,YDR303C,0,1.7377648,0.11827178299427032,0.95703125,0.7323576807975769
YDR210C-D,YDR365C,0,1.7370014,0.11825751513242722,0.95703125,0.7324578762054443
YPL235W,YNL118C,0,1.735462,0.11824323982000351,0.95703125,0.7325581312179565
YLL066C,YGL061C,0,1.7352012,0.118228979408741,0.95703125,0.7326583862304688
YPR055W,YDR246W,0,1.7348511,0.11821471899747849,0.95703125,0.732758641242981
YOR192C,YBR248C,0,1.7345836,0.11820045858621597,0.95703125,0.7328588366508484
YOR358W,YKL058W,0,1.7342055,0.11818620562553406,0.95703125,0.7329590916633606
YDL100C,YNL123W,0,1.7333465,0.11817195266485214,0.95703125,0.7330593466758728
YGR161W-A,YBR268W,0,1.7333251,0.11815770715475082,0.95703125,0.733159601688385
YOR207C,YDR437W,0,1.7331719,0.1181434616446495,0.95703125,0.7332597970962524
YAL056W,YDR365W-A,0,1.7309849,0.11812921613454819,0.95703125,0.7333600521087646
YER033C,YKR007W,0,1.7307132,0.11811497807502747,0.95703125,0.7334603071212769
YAL011W,YPL063W,0,1.7302873,0.11810074746608734,0.95703125,0.7335605621337891
YHR210C,YDR289C,0,1.7294351,0.11808651685714722,0.95703125,0.7336607575416565
YOR156C,YIL123W,0,1.7275392,0.11807228624820709,0.95703125,0.7337610125541687
YPR067W,YKL087C,0,1.7264181,0.11805806308984756,0.95703125,0.7338612675666809
YLR234W,YLR466W,0,1.7251124,0.11804384738206863,0.95703125,0.7339615225791931
YAL015C,YBL047C,0,1.7249873,0.1180296242237091,0.95703125,0.7340617775917053
YOR267C,YJR150C,0,1.724621,0.11801541596651077,0.95703125,0.7341619729995728
YIL056W,YFR014C,0,1.7243732,0.11800120770931244,0.95703125,0.734262228012085
YKL087C,YPL040C,0,1.7238507,0.1179869994521141,0.95703125,0.7343624830245972
YGR181W,YDR005C,0,1.7207012,0.11797279119491577,0.95703125,0.7344627380371094
YMR156C,YHL035C,0,1.7198975,0.11795859783887863,0.95703125,0.7345629334449768
YMR274C,YGR120C,0,1.7156961,0.1179443970322609,0.95703125,0.734663188457489
YLR194C,YPL221W,0,1.715523,0.11793020367622375,0.95703125,0.7347634434700012
YHR024C,YDR087C,0,1.7155086,0.11791601777076721,0.95703125,0.7348636984825134
YLR215C,YPL176C,0,1.715178,0.11790183186531067,0.95703125,0.7349638938903809
YLR239C,YKL150W,0,1.7148991,0.11788764595985413,0.95703125,0.7350641489028931
YLR196W,YHR150W,0,1.712734,0.11787346750497818,0.95703125,0.7351644039154053
YHR154W,YOR132W,0,1.7119341,0.11785928905010223,0.95703125,0.7352646589279175
YPL043W,YJR131W,0,1.711793,0.11784511804580688,0.95703125,0.7353648543357849
YNL214W,YNL076W,0,1.7112834,0.11783094704151154,0.95703125,0.7354651093482971
YHL038C,YDR098C,0,1.7096651,0.11781678348779678,0.95703125,0.7355653643608093
YDR323C,YDR343C,0,1.7089634,0.11780261993408203,0.95703125,0.7356656193733215
YMR232W,YBL047C,0,1.706643,0.11778846383094788,0.95703125,0.735765814781189
YMR063W,YLR075W,0,1.7044477,0.11777430772781372,0.95703125,0.7358660697937012
YDR463W,YER159C,0,1.7042897,0.11776015162467957,0.95703125,0.7359663248062134
YOR380W,YLR249W,0,1.7033317,0.11774600297212601,0.95703125,0.7360665798187256
YKR079C,YGL064C,0,1.7031057,0.11773186177015305,0.95703125,0.736166775226593
YDL003W,YBR060C,0,1.7024617,0.11771772056818008,0.95703125,0.7362670302391052
YHR108W,YDR361C,0,1.7003013,0.11770357936620712,0.95703125,0.7363672852516174
YDR004W,YHR214C-C,0,1.6986144,0.11768944561481476,0.95703125,0.7364675402641296
YNL059C,YOR060C,0,1.6981523,0.1176753118634224,0.95703125,0.7365677356719971
YKR088C,YOR132W,0,1.6978581,0.11766118556261063,0.95703125,0.7366679906845093
YML013W,YKL077W,0,1.6978393,0.11764705926179886,0.95703125,0.7367682456970215
YER031C,YBL007C,0,1.6971648,0.11763294041156769,0.95703125,0.7368685007095337
YDR500C,YDR234W,0,1.6952553,0.11761882156133652,0.95703125,0.7369686961174011
YBR038W,YGR178C,0,1.6934351,0.11760470271110535,0.95703125,0.7370689511299133
YDR545W,YFR050C,0,1.6932724,0.11759059131145477,0.95703125,0.7371692061424255
YLR239C,YPL209C,0,1.6925888,0.1175764873623848,0.95703125,0.7372694611549377
YLR417W,YOL023W,0,1.6921049,0.11756238341331482,0.95703125,0.73736971616745
YPL001W,YGR030C,0,1.691484,0.11754827946424484,0.95703125,0.7374699115753174
YPR158W-B,YKR053C,0,1.6891944,0.11753418296575546,0.95703125,0.7375701665878296
YBL013W,YOL029C,0,1.6888398,0.11752008646726608,0.95703125,0.7376704216003418
YDL243C,YPR086W,0,1.6879218,0.1175059974193573,0.95703125,0.737770676612854
YDR004W,YHR080C,0,1.6876822,0.11749190837144852,0.95703125,0.7378708720207214
YKR075C,YPR180W,0,1.6872462,0.11747782677412033,0.95703125,0.7379711270332336
YMR192W,YPL262W,0,1.6871077,0.11746374517679214,0.95703125,0.7380713820457458
YJL110C,YLR337C,0,1.6869564,0.11744966357946396,0.95703125,0.7381716370582581
YFL025C,YNR024W,0,1.6868403,0.11743558943271637,0.95703125,0.7382718324661255
YIL056W,YJR046W,0,1.685334,0.11742152273654938,0.95703125,0.7383720874786377
YOR034C,YBL063W,0,1.6850444,0.11740744858980179,0.95703125,0.7384723424911499
YKL045W,YGR202C,0,1.6844368,0.1173933893442154,0.95703125,0.7385725975036621
YGL098W,YJL179W,0,1.6840756,0.117379330098629,0.95703125,0.7386727929115295
YML057W,YCR044C,0,1.6825788,0.1173652708530426,0.95703125,0.7387730479240417
YEL032W,YDR087C,0,1.6822462,0.1173512190580368,0.95703125,0.738873302936554
YPL105C,YIL030C,0,1.6819117,0.117337167263031,0.95703125,0.7389735579490662
YNL194C,YER081W,0,1.6815584,0.11732311546802521,0.95703125,0.7390737533569336
YKL062W,YDR098C-B,0,1.681539,0.1173090711236,0.95703125,0.7391740083694458
YBR248C,YGL151W,0,1.6815131,0.1172950342297554,0.95703125,0.739274263381958
YPR010C,YGL107C,0,1.6812954,0.1172809973359108,0.95703125,0.7393745183944702
YMR286W,YPL176C,0,1.6811892,0.11726696044206619,0.95703125,0.7394747138023376
YLR060W,YNR055C,0,1.6799626,0.11725293099880219,0.95703125,0.7395749688148499
YML031W,YGR122W,0,1.6784595,0.11723890155553818,0.95703125,0.7396752238273621
YML086C,YKL048C,0,1.6780765,0.11722487956285477,0.95703125,0.7397754788398743
YML023C,YDL093W,0,1.6749337,0.11721085757017136,0.95703125,0.7398756742477417
YLR347C,YBR212W,0,1.6741948,0.11719684302806854,0.95703125,0.7399759292602539
YLR118C,YPR068C,0,1.6729294,0.11718282848596573,0.95703125,0.7400761842727661
YIL009W,YCL067C,0,1.672473,0.11716882139444351,0.95703125,0.7401764392852783
YJR123W,YLR067C,0,1.6684564,0.1171548143029213,0.95703125,0.7402766346931458
YPR131C,YKL197C,0,1.668186,0.11714080721139908,0.95703125,0.740376889705658
YLL016W,YMR125W,0,1.6671499,0.11712680757045746,0.95703125,0.7404771447181702
YHR106W,YOR059C,0,1.6659765,0.11711280792951584,0.95703125,0.7405773997306824
YBR043C,YDR434W,0,1.6652365,0.11709881573915482,0.95703125,0.7406776547431946
YDR057W,YLR460C,0,1.6648037,0.11708482354879379,0.95703125,0.740777850151062
YML098W,YLR234W,0,1.6628761,0.11707083880901337,0.95703125,0.7408781051635742
YNL190W,YML055W,0,1.662557,0.11705685406923294,0.95703125,0.7409783601760864
YDR150W,YHR118C,0,1.6616825,0.11704287678003311,0.95703125,0.7410786151885986
YGL073W,YPL058C,0,1.659405,0.11702889949083328,0.95703125,0.7411788105964661
YLR102C,YEL006W,0,1.6585581,0.11701492220163345,0.95703125,0.7412790656089783
YER031C,YAL030W,0,1.6577064,0.11700095236301422,0.95703125,0.7413793206214905
YLL053C,YDL139C,0,1.6565969,0.11698698997497559,0.95703125,0.7414795756340027
YIR026C,YHL026C,0,1.6559267,0.11697302758693695,0.95703125,0.7415797710418701
YFR016C,YDR289C,0,1.6556668,0.11695906519889832,0.95703125,0.7416800260543823
YGR099W,YPR188C,0,1.6555934,0.11694511026144028,0.95703125,0.7417802810668945
YOL009C,YNL029C,0,1.6546503,0.11693115532398224,0.95703125,0.7418805360794067
YDL220C,YKR052C,0,1.6528654,0.1169172003865242,0.95703125,0.7419807314872742
YDR345C,YGL195W,0,1.6528562,0.11690325289964676,0.95703125,0.7420809864997864
YOR071C,YGR217W,1,1.6494046,0.11700858920812607,0.9580078125,0.7420809864997864
YLR193C,YLR056W,0,1.6466241,0.11699463427066803,0.9580078125,0.7421812415122986
YOL098C,YBR034C,0,1.6465816,0.11698067933320999,0.9580078125,0.7422814965248108
YER063W,YLR190W,0,1.6462495,0.11696673184633255,0.9580078125,0.7423816919326782
YOL032W,YBL063W,0,1.6462183,0.1169527918100357,0.9580078125,0.7424819469451904
YER100W,YGR122W,0,1.6460916,0.11693885177373886,0.9580078125,0.7425822019577026
YML031W,YJL168C,0,1.6452843,0.11692491173744202,0.9580078125,0.7426824569702148
YAR009C,YCR106W,0,1.6439693,0.11691097915172577,0.9580078125,0.7427826523780823
YGR003W,YGR005C,0,1.6433784,0.11689704656600952,0.9580078125,0.7428829073905945
YJL174W,YGR120C,0,1.6426992,0.11688311398029327,0.9580078125,0.7429831624031067
YHR210C,YDR005C,0,1.641827,0.11686918884515762,0.9580078125,0.7430834174156189
YER023W,YCL039W,0,1.6405146,0.11685527116060257,0.9580078125,0.7431836128234863
YER062C,YIL098C,0,1.6399815,0.11684135347604752,0.9580078125,0.7432838678359985
YJR117W,YIL018W,0,1.6395816,0.11682743579149246,0.9580078125,0.7433841228485107
YNL025C,YKR079C,0,1.6393211,0.116813525557518,0.9580078125,0.743484377861023
YOR358W,YLR189C,0,1.6383791,0.11679961532354355,0.9580078125,0.7435845732688904
YLR131C,YHR122W,0,1.6381314,0.11678571254014969,0.9580078125,0.7436848282814026
YKR096W,YBR060C,0,1.6380047,0.11677180975675583,0.9580078125,0.7437850832939148
YMR215W,YHR033W,0,1.6379783,0.11675791442394257,0.9580078125,0.743885338306427
YHL038C,YFR010W,0,1.6370407,0.1167440190911293,0.9580078125,0.7439855933189392
YPR188C,YPR067W,0,1.6348518,0.11673013120889664,0.9580078125,0.7440857887268066
YLR085C,YCL048W,0,1.6343565,0.11671624332666397,0.9580078125,0.7441860437393188
YOL020W,YHR073W,0,1.6342472,0.1167023554444313,0.9580078125,0.744286298751831
YLR102C,YJL026W,0,1.6338501,0.11668847501277924,0.9580078125,0.7443865537643433
YLR056W,YLR384C,0,1.6335552,0.11667459458112717,0.9580078125,0.7444867491722107
YEL044W,YIL173W,0,1.6320943,0.1166607216000557,0.9580078125,0.7445870041847229
YNL103W,YGL246C,0,1.6309361,0.11664684861898422,0.9580078125,0.7446872591972351
YJL094C,YGR120C,0,1.6305572,0.11663298308849335,0.9580078125,0.7447875142097473
YNL240C,YCL048W,0,1.6303931,0.11661911755800247,0.9580078125,0.7448877096176147
YOR193W,YDR168W,0,1.6293821,0.1166052520275116,0.9580078125,0.744987964630127
YJL096W,YDR007W,0,1.6290908,0.11659139394760132,0.9580078125,0.7450882196426392
YNL020C,YKR064W,0,1.6279888,0.11657754331827164,0.9580078125,0.7451884746551514
YOR262W,YFR010W,0,1.6278117,0.11656368523836136,0.9580078125,0.7452886700630188
YMR195W,YGR044C,0,1.6265366,0.11654984205961227,0.9580078125,0.745388925075531
YDL230W,YDR160W,0,1.6263702,0.11653599143028259,0.9580078125,0.7454891800880432
YLR442C,YER007C-A,0,1.625139,0.1165221557021141,0.9580078125,0.7455894351005554
YBR029C,YJL181W,0,1.6240456,0.11650831252336502,0.9580078125,0.7456896305084229
YOR291W,YMR038C,1,1.6232901,0.1166132315993309,0.958984375,0.7456896305084229
YIL106W,YGR224W,0,1.6220658,0.11659938097000122,0.958984375,0.7457898855209351
YDR422C,YPL203W,0,1.6201899,0.11658553779125214,0.958984375,0.7458901405334473
YOR027W,YGR044C,0,1.6191723,0.11657170206308365,0.958984375,0.7459903955459595
YLR426W,YPL210C,0,1.6183316,0.11655786633491516,0.958984375,0.7460905909538269
YGR097W,YPR100W,0,1.617236,0.11654403060674667,0.958984375,0.7461908459663391
YHR110W,YOR249C,0,1.6162441,0.11653020232915878,0.958984375,0.7462911009788513
YEL019C,YMR035W,0,1.6160914,0.11651637405157089,0.958984375,0.7463913559913635
YPL137C,YMR105C,0,1.615848,0.1165025532245636,0.958984375,0.746491551399231
YNL059C,YNR033W,0,1.6148256,0.1164887323975563,0.958984375,0.7465918064117432
YHR214W,YBR034C,0,1.6138406,0.11647491157054901,0.958984375,0.7466920614242554
YLL031C,YDR372C,0,1.6129221,0.11646109819412231,0.958984375,0.7467923164367676
YMR192W,YOL042W,0,1.6125714,0.11644729226827621,0.958984375,0.7468925714492798
YER056C,YHR005C,0,1.6114811,0.11643348634243011,0.958984375,0.7469927668571472
YDL100C,YKL006C-A,0,1.6097755,0.11641968041658401,0.958984375,0.7470930218696594
YML057W,YKL058W,0,1.6095989,0.11640588194131851,0.958984375,0.7471932768821716
YMR192W,YNL142W,0,1.6092062,0.11639208346605301,0.958984375,0.7472935318946838
YDL072C,YNL029C,0,1.6091974,0.1163782849907875,0.958984375,0.7473937273025513
YJL096W,YMR009W,0,1.6088746,0.1163645014166832,0.958984375,0.7474939823150635
YDR261C,YHL026C,0,1.6087843,0.11635071039199829,0.958984375,0.7475942373275757
YKR089C,YDL123W,0,1.6078961,0.11633692681789398,0.958984375,0.7476944923400879
YPL115C,YMR009W,0,1.6060045,0.11632314324378967,0.958984375,0.7477946877479553
YDL160C,YMR215W,0,1.6058612,0.11630936712026596,0.958984375,0.7478949427604675
YBR208C,YDR397C,0,1.6056728,0.11629559099674225,0.958984375,0.7479951977729797
YDL072C,YOL098C,0,1.6041185,0.11628182232379913,0.958984375,0.7480954527854919
YGR204W,YHR193C,0,1.6034476,0.11626805365085602,0.958984375,0.7481956481933594
YER149C,YPR097W,0,1.6025746,0.1162542924284935,0.958984375,0.7482959032058716
YMR081C,YIR004W,0,1.6021931,0.11624053120613098,0.958984375,0.7483961582183838
YPL193W,YNL065W,0,1.6017395,0.11622676998376846,0.958984375,0.748496413230896
YDR343C,YBR045C,0,1.6012666,0.11621301621198654,0.958984375,0.7485966086387634
YAL048C,YPL233W,0,1.5976951,0.11619926989078522,0.958984375,0.7486968636512756
YBR038W,YKL197C,0,1.5970055,0.1161855161190033,0.958984375,0.7487971186637878
YHR202W,YMR237W,0,1.5967135,0.11617176979780197,0.958984375,0.7488973736763
YOR091W,YGR122W,0,1.5956112,0.11615803092718124,0.958984375,0.7489975690841675
YKL045W,YML081W,0,1.5949969,0.11614429205656052,0.958984375,0.7490978240966797
YMR110C,YIL118W,0,1.5914221,0.11613056063652039,0.958984375,0.7491980791091919
YHR204W,YKR088C,0,1.5898733,0.11611682921648026,0.958984375,0.7492983341217041
YKL043W,YER032W,0,1.5898576,0.11610309779644012,0.958984375,0.7493985295295715
YGL243W,YMR133W,0,1.5879052,0.11608937382698059,0.958984375,0.7494987845420837
YIL156W,YDR028C,0,1.5868943,0.11607564985752106,0.958984375,0.749599039554596
YGL107C,YMR091C,0,1.586823,0.11606193333864212,0.958984375,0.7496992945671082
YOL144W,YDL154W,0,1.5864921,0.11604821681976318,0.958984375,0.7497994899749756
YNL054W-A,YDR098C-B,0,1.5863205,0.11603450030088425,0.958984375,0.7498997449874878
YHL038C,YKL192C,0,1.5852816,0.11602079123258591,0.958984375,0.75
YPR131C,YDR437W,0,1.584928,0.11600708961486816,0.958984375,0.7501002550125122
YIL154C,YPL198W,0,1.5834048,0.11599338799715042,0.958984375,0.7502005100250244
YDR469W,YDR168W,0,1.5832682,0.11597968637943268,0.958984375,0.7503007054328918
YDR434W,YJL003W,0,1.5822507,0.11596599221229553,0.958984375,0.750400960445404
YNL199C,YMR225C,0,1.581842,0.11595229804515839,0.958984375,0.7505012154579163
YDR075W,YGR003W,0,1.5812461,0.11593860387802124,0.958984375,0.7506014704704285
YML133C,YER044C-A,0,1.5807813,0.11592491716146469,0.958984375,0.7507016658782959
YDR039C,YGL105W,0,1.580349,0.11591123789548874,0.958984375,0.7508019208908081
YOL122C,YDL124W,0,1.5800354,0.11589755862951279,0.958984375,0.7509021759033203
YBR112C,YOR253W,0,1.5788901,0.11588387936353683,0.958984375,0.7510024309158325
YDR441C,YAL056W,0,1.5760735,0.11587020754814148,0.958984375,0.7511026263237
YNL145W,YGR129W,0,1.5752624,0.11585653573274612,0.958984375,0.7512028813362122
YIL052C,YGL092W,0,1.5747362,0.11584287136793137,0.958984375,0.7513031363487244
YHR190W,YBL005W,0,1.5725137,0.11582920700311661,0.958984375,0.7514033913612366
YMR040W,YML016C,0,1.5719621,0.11581554263830185,0.958984375,0.751503586769104
YDR129C,YMR261C,0,1.5716629,0.11580188572406769,0.958984375,0.7516038417816162
YJL162C,YHR122W,0,1.5713009,0.11578822880983353,0.958984375,0.7517040967941284
YJL110C,YDL175C,0,1.5698249,0.11577457934617996,0.958984375,0.7518043518066406
YER109C,YNL038W,0,1.5686264,0.115760937333107,0.958984375,0.7519045472145081
YJL212C,YDR464W,0,1.5682392,0.11574728786945343,0.958984375,0.7520048022270203
YML107C,YFR014C,0,1.5680866,0.11573364585638046,0.958984375,0.7521050572395325
YPL058C,YOL029C,0,1.5679545,0.11572001129388809,0.958984375,0.7522053122520447
YPR175W,YGL171W,0,1.5679386,0.11570637673139572,0.958984375,0.7523055076599121
YLR118C,YHR090C,0,1.5678668,0.11569274216890335,0.958984375,0.7524057626724243
YER063W,YGL139W,0,1.5672858,0.11567911505699158,0.958984375,0.7525060176849365
YML021C,YPR034W,0,1.5665019,0.1156654879450798,0.958984375,0.7526062726974487
YNL183C,YHR154W,0,1.5661464,0.11565186828374863,0.958984375,0.7527064681053162
YGR120C,YMR074C,0,1.5651796,0.11563824862241745,0.958984375,0.7528067231178284
YHR037W,YLR067C,0,1.562533,0.11562462896108627,0.958984375,0.7529069781303406
YPR154W,YMR192W,0,1.5614883,0.1156110167503357,0.958984375,0.7530072331428528
YLR361C,YOR086C,0,1.5604544,0.11559741199016571,0.958984375,0.7531074285507202
YHR122W,YLR315W,0,1.5593109,0.11558380722999573,0.958984375,0.7532076835632324
YIR019C,YFR038W,0,1.557245,0.11557020246982574,0.958984375,0.7533079385757446
YKL081W,YKL080W,0,1.5539922,0.11555660516023636,0.958984375,0.7534081935882568
YKR088C,YOR110W,0,1.5532856,0.11554300785064697,0.958984375,0.753508448600769
YHR214W,YHR157W,0,1.5527989,0.11552941054105759,0.958984375,0.7536086440086365
YDL175C,YOL029C,0,1.5519829,0.1155158206820488,0.958984375,0.7537088990211487
YOR372C,YDL012C,0,1.5513471,0.1155022382736206,0.958984375,0.7538091540336609
YPL224C,YDR359C,0,1.550259,0.11548864841461182,0.958984375,0.7539094090461731
YDR365W-A,YLR466W,0,1.5491145,0.11547507345676422,0.958984375,0.7540096044540405
YGR082W,YOL135C,0,1.546321,0.11546149104833603,0.958984375,0.7541098594665527
YML059C,YOL012C,0,1.5462476,0.11544791609048843,0.958984375,0.7542101144790649
YBR060C,YKL058W,0,1.5452006,0.11543434858322144,0.958984375,0.7543103694915771
YOR087W,YDR038C,1,1.5437093,0.11553831398487091,0.9599609375,0.7543103694915771
YKL134C,YNL081C,0,1.5428945,0.11552473902702332,0.9599609375,0.7544105648994446
YBL100W-B,YIL062C,0,1.5427192,0.11551116406917572,0.9599609375,0.7545108199119568
YJL110C,YDR427W,0,1.541663,0.11549758911132812,0.9599609375,0.754611074924469
YGR204W,YDL123W,0,1.5394559,0.11548402160406113,0.9599609375,0.7547113299369812
YDL189W,YER129W,0,1.538499,0.11547045409679413,0.9599609375,0.7548115253448486
YLR085C,YPL013C,0,1.5382004,0.11545689404010773,0.9599609375,0.7549117803573608
YHR122W,YIL147C,0,1.5377657,0.11544333398342133,0.9599609375,0.755012035369873
YOR018W,YHR139C,0,1.5366908,0.11542978137731552,0.9599609375,0.7551122903823853
YAR042W,YGL129C,0,1.5354133,0.11541622877120972,0.9599609375,0.7552124857902527
YPL130W,YDL134C,0,1.5347859,0.11540267616510391,0.9599609375,0.7553127408027649
YBR254C,YPL179W,0,1.533037,0.1153891310095787,0.9599609375,0.7554129958152771
YEL032W,YMR156C,0,1.5329095,0.1153755858540535,0.9599609375,0.7555132508277893
YDR019C,YKL114C,0,1.5325309,0.11536204814910889,0.9599609375,0.7556134462356567
YLL021W,YLL057C,0,1.5324795,0.11534851044416428,0.9599609375,0.755713701248169
YPR008W,YLL014W,0,1.5316684,0.11533497273921967,0.9599609375,0.7558139562606812
YOL126C,YKL039W,0,1.5308971,0.11532144248485565,0.9599609375,0.7559142112731934
YMR149W,YBR301W,0,1.5301962,0.11530791968107224,0.9599609375,0.7560144066810608
YPL133C,YOL011W,0,1.5285294,0.11529439687728882,0.9599609375,0.756114661693573
YCR045C,YPR068C,0,1.5277455,0.1152808740735054,0.9599609375,0.7562149167060852
YOR087W,YOR241W,0,1.5269406,0.11526735126972198,0.9599609375,0.7563151717185974
YIL137C,YBR193C,0,1.5262282,0.11525384336709976,0.9599609375,0.7564154267311096
YNL145W,YPL043W,0,1.5259,0.11524032801389694,0.9599609375,0.756515622138977
YLR011W,YOR026W,0,1.5254499,0.11522682011127472,0.9599609375,0.7566158771514893
YDR528W,YGR296W,0,1.5238036,0.1152133122086525,0.9599609375,0.7567161321640015
YDR004W,YBL047C,0,1.5237161,0.11519981175661087,0.9599609375,0.7568163871765137
YDR007W,YIL009W,0,1.5234699,0.11518631130456924,0.9599609375,0.7569165825843811
YIL030C,YER040W,0,1.5233461,0.11517281830310822,0.9599609375,0.7570168375968933
YLR196W,YLR067C,0,1.5231206,0.11515932530164719,0.9599609375,0.7571170926094055
YIL038C,YJL026W,0,1.5222094,0.11514583230018616,0.9599609375,0.7572173476219177
YGL045W,YOR059C,0,1.520936,0.11513234674930573,0.9599609375,0.7573175430297852
YLR019W,YDR384C,0,1.5204961,0.11511886864900589,0.9599609375,0.7574177980422974
YGL087C,YDL134C,0,1.5203809,0.11510538309812546,0.9599609375,0.7575180530548096
YNL250W,YMR101C,0,1.5198706,0.11509191244840622,0.9599609375,0.7576183080673218
YBL051C,YDR395W,0,1.5194126,0.11507843434810638,0.9599609375,0.7577185034751892
YLR143W,YDR317W,0,1.5192754,0.11506496369838715,0.9599609375,0.7578187584877014
YER033C,YLL006W,0,1.5183821,0.1150515004992485,0.9599609375,0.7579190135002136
YDL100C,YIL033C,0,1.5182182,0.11503803730010986,0.9599609375,0.7580192685127258
YKR096W,YGL194C,0,1.5180008,0.11502457410097122,0.9599609375,0.7581194639205933
YML011C,YNL111C,0,1.516372,0.11501111835241318,0.9599609375,0.7582197189331055
YEL048C,YDR168W,0,1.5130017,0.11499766260385513,0.9599609375,0.7583199739456177
YBR189W,YOL012C,0,1.5127572,0.11498420685529709,0.9599609375,0.7584202289581299
YLR131C,YHL006C,0,1.5126519,0.11497075855731964,0.9599609375,0.7585204243659973
YPL117C,YLL057C,0,1.5125022,0.11495731770992279,0.9599609375,0.7586206793785095
YPL176C,YLR001C,0,1.5122,0.11494386941194534,0.9599609375,0.7587209343910217
YDR243C,YKR083C,0,1.5104926,0.11493043601512909,0.9599609375,0.7588211894035339
YDL149W,YML055W,0,1.5097287,0.11491699516773224,0.9599609375,0.7589213848114014
YMR232W,YHL035C,0,1.509213,0.11490356177091599,0.9599609375,0.7590216398239136
YPL001W,YGR007W,0,1.5090426,0.11489013582468033,0.9599609375,0.7591218948364258
YMR286W,YIL098C,0,1.5090314,0.11487670987844467,0.9599609375,0.759222149848938
YNL145W,YDR463W,0,1.5084037,0.11486328393220901,0.9599609375,0.7593223452568054
YOR241W,YOR254C,0,1.5083174,0.11484986543655396,0.9599609375,0.7594226002693176
YMR158W,YJL003W,0,1.5079362,0.1148364469408989,0.9599609375,0.7595228552818298
YOR018W,YGR057C,0,1.5078893,0.11482303589582443,0.9599609375,0.759623110294342
YPR095C,YBR109C,0,1.5074244,0.11480962485074997,0.9599609375,0.7597233653068542
YLL015W,YOR271C,1,1.5070376,0.11491299420595169,0.9609375,0.7597233653068542
YOR262W,YOR250C,0,1.5054903,0.11489958316087723,0.9609375,0.7598235607147217
YOR091W,YBR005W,0,1.5050507,0.11488616466522217,0.9609375,0.7599238157272339
YGL196W,YNL181W,0,1.5047373,0.1148727536201477,0.9609375,0.7600240707397461
YLR277C,YDL145C,0,1.5036995,0.11485934257507324,0.9609375,0.7601243257522583
YHR122W,YNR037C,0,1.5033897,0.11484593898057938,0.9609375,0.7602245211601257
YOR091W,YDR261C,0,1.5017438,0.11483253538608551,0.9609375,0.7603247761726379
YDR268W,YNL156C,0,1.5011961,0.11481913924217224,0.9609375,0.7604250311851501
YOL069W,YLR007W,0,1.5009557,0.11480574309825897,0.9609375,0.7605252861976624
YKL014C,YBL063W,0,1.4997672,0.1147923469543457,0.9609375,0.7606254816055298
YMR205C,YMR131C,0,1.4973164,0.11477895826101303,0.9609375,0.760725736618042
YPL135W,YHR138C,0,1.4949389,0.11476556956768036,0.9609375,0.7608259916305542
YPR188C,YIL144W,0,1.494906,0.11475218832492828,0.9609375,0.7609262466430664
YDR002W,YDR261C,0,1.4947636,0.11473880708217621,0.9609375,0.7610264420509338
YHR111W,YDR098C-B,0,1.4947431,0.11472542583942413,0.9609375,0.761126697063446
YGR235C,YCL048W,0,1.4938017,0.11471205204725266,0.9609375,0.7612269520759583
YDR468C,YNL076W,0,1.4928635,0.11469868570566177,0.9609375,0.7613272070884705
YBR046C,YKL129C,0,1.4922736,0.1146853119134903,0.9609375,0.7614274024963379
YHR204W,YLR413W,0,1.4907246,0.11467195302248001,0.9609375,0.7615276575088501
YHR001W-A,YGL129C,0,1.4902673,0.11465858668088913,0.9609375,0.7616279125213623
YIL156W,YDR098C,0,1.4895334,0.11464522778987885,0.9609375,0.7617281675338745
YLR039C,YPR155C,0,1.488879,0.11463187634944916,0.9609375,0.7618283629417419
YGR020C,YOR291W,1,1.4886158,0.11473499983549118,0.9619140625,0.7618283629417419
YGR046W,YBR212W,0,1.4877594,0.1147216409444809,0.9619140625,0.7619286179542542
YPR155C,YPL097W,0,1.4840872,0.11470828205347061,0.9619140625,0.7620288729667664
YPL001W,YOR266W,0,1.483204,0.11469492316246033,0.9619140625,0.7621291279792786
YMR053C,YJR050W,0,1.4815152,0.11468157172203064,0.9619140625,0.762229323387146
YDR482C,YCL016C,0,1.481284,0.11466822028160095,0.9619140625,0.7623295783996582
YDR386W,YOR227W,0,1.4802463,0.11465486884117126,0.9619140625,0.7624298334121704
YGL254W,YHL040C,1,1.4799088,0.11475791782140732,0.962890625,0.7624298334121704
YNL286W,YDR372C,0,1.4790505,0.11474455893039703,0.962890625,0.7625300884246826
YBR038W,YDR399W,0,1.4780883,0.11473120748996735,0.962890625,0.76263028383255
YBL080C,YGL028C,0,1.4775112,0.11471785604953766,0.962890625,0.7627305388450623
YER178W,YMR237W,0,1.4767005,0.11470451205968857,0.962890625,0.7628307938575745
YPR071W,YML102W,0,1.4764419,0.11469116806983948,0.962890625,0.7629310488700867
YDR200C,YHR190W,0,1.4763037,0.11467783153057098,0.962890625,0.7630313038825989
YPL207W,YLR181C,0,1.4761524,0.11466449499130249,0.962890625,0.7631314992904663
YDR287W,YJL168C,0,1.4744966,0.1146511659026146,0.962890625,0.7632317543029785
YDR092W,YDR316W-B,0,1.4742894,0.1146378293633461,0.962890625,0.7633320093154907
YOR258W,YLR352W,0,1.4730493,0.1146245077252388,0.962890625,0.7634322643280029
YDR122W,YNL036W,0,1.4711118,0.1146111786365509,0.962890625,0.7635324597358704
YLL024C,YHR158C,0,1.4700532,0.1145978644490242,0.962890625,0.7636327147483826
YJR109C,YNL020C,0,1.469343,0.1145845428109169,0.962890625,0.7637329697608948
YKR072C,YOR259C,0,1.4688978,0.1145712286233902,0.962890625,0.763833224773407
YGL063W,YKR077W,0,1.4688177,0.1145579144358635,0.962890625,0.7639334201812744
YAL007C,YGR097W,0,1.4670126,0.11454460769891739,0.962890625,0.7640336751937866
YDR500C,YGL058W,0,1.4670091,0.11453130096197128,0.962890625,0.7641339302062988
YOL116W,YOL051W,0,1.4662234,0.11451800167560577,0.962890625,0.764234185218811
YGL092W,YJL058C,0,1.4659437,0.11450470238924026,0.962890625,0.7643343806266785
YOR034C,YBR248C,0,1.4653797,0.11449141055345535,0.962890625,0.7644346356391907
YBR162W-A,YGR030C,0,1.4633808,0.11447811126708984,0.962890625,0.7645348906517029
YMR262W,YOR110W,0,1.4631437,0.11446482688188553,0.962890625,0.7646351456642151
YPL120W,YHL021C,0,1.4626362,0.11445153504610062,0.962890625,0.7647353410720825
YPR173C,YMR215W,0,1.4625458,0.1144382581114769,0.962890625,0.7648355960845947
YDR300C,YMR153W,0,1.4613664,0.11442497372627258,0.962890625,0.7649358510971069
YER071C,YOR059C,0,1.4612131,0.11441169679164886,0.962890625,0.7650361061096191
YOR334W,YCR038C,0,1.4598792,0.11439841985702515,0.962890625,0.7651363015174866
YIL007C,YJR117W,0,1.4586003,0.11438515037298203,0.962890625,0.7652365565299988
YLR223C,YIL173W,0,1.4585713,0.1143718808889389,0.962890625,0.765336811542511
YHR090C,YPL239W,0,1.4544717,0.11435861885547638,0.962890625,0.7654370665550232
YDR021W,YJL003W,0,1.4532871,0.11434535682201385,0.962890625,0.7655372619628906
YOR320C,YOR259C,0,1.4517455,0.11433209478855133,0.962890625,0.7656375169754028
YDR375C,YNL054W,0,1.4507313,0.1143188402056694,0.962890625,0.765737771987915
YJL054W,YGL238W,0,1.4503183,0.11430558562278748,0.962890625,0.7658380270004272
YJL089W,YLR352W,0,1.4502511,0.11429233849048615,0.962890625,0.7659382224082947
YPL209C,YPL262W,0,1.4500129,0.11427909135818481,0.962890625,0.7660384774208069
YJL110C,YKL069W,0,1.4492983,0.11426584422588348,0.962890625,0.7661387324333191
YGL098W,YDR028C,0,1.4492139,0.11425260454416275,0.962890625,0.7662389874458313
YPL140C,YER155C,0,1.4486315,0.11423937231302261,0.962890625,0.7663392424583435
YOL042W,YOR019W,0,1.4477992,0.11422613263130188,0.962890625,0.7664394378662109
YDR100W,YOR259C,0,1.4466329,0.11421290040016174,0.962890625,0.7665396928787231
YLR083C,YGR094W,0,1.4464742,0.1141996756196022,0.962890625,0.7666399478912354
YGL115W,YHR118C,0,1.446342,0.11418645083904266,0.962890625,0.7667402029037476
YIL106W,YMR059W,0,1.4459064,0.11417322605848312,0.962890625,0.766840398311615
YDR256C,YKL149C,0,1.4451456,0.11416000872850418,0.962890625,0.7669406533241272
YDR078C,YDL087C,0,1.4450448,0.11414679139852524,0.962890625,0.7670409083366394
YPR131C,YOR048C,0,1.4446507,0.11413358151912689,0.962890625,0.7671411633491516
YER159C,YLR435W,0,1.4445695,0.11412037163972855,0.962890625,0.767241358757019
YFR050C,YHR014W,0,1.4438931,0.1141071617603302,0.962890625,0.7673416137695312
YDR028C,YDR021W,0,1.4430089,0.11409395933151245,0.962890625,0.7674418687820435
YBL008W,YER005W,0,1.4426546,0.1140807569026947,0.962890625,0.7675421237945557
YNL287W,YKL039W,0,1.4419106,0.11406756192445755,0.962890625,0.7676423192024231
YJL180C,YPL018W,0,1.4417498,0.1140543669462204,0.962890625,0.7677425742149353
YDL160C,YOR316C,0,1.4412154,0.11404117196798325,0.962890625,0.7678428292274475
YKR052C,YKL175W,1,1.4408598,0.11414363235235214,0.9638671875,0.7678428292274475
YDL012C,YER159C,0,1.4407153,0.11413043737411499,0.9638671875,0.7679430842399597
YDR430C,YER139C,0,1.4406844,0.11411724239587784,0.9638671875,0.7680432796478271
YGL142C,YLR277C,0,1.4394087,0.11410404741764069,0.9638671875,0.7681435346603394
YJL110C,YBR091C,0,1.4387395,0.11409085988998413,0.9638671875,0.7682437896728516
YAL051W,YPL233W,0,1.4379482,0.11407767236232758,0.9638671875,0.7683440446853638
YPR057W,YPR086W,0,1.4373523,0.11406448483467102,0.9638671875,0.7684442400932312
YJR035W,YPR133C,0,1.4355643,0.11405130475759506,0.9638671875,0.7685444951057434
YMR243C,YJL186W,0,1.433145,0.1140381246805191,0.9638671875,0.7686447501182556
YNL328C,YDR395W,0,1.4321909,0.11402495205402374,0.9638671875,0.7687450051307678
YLL026W,YKR027W,0,1.4304847,0.11401177942752838,0.9638671875,0.7688452005386353
YDR189W,YBR162C,0,1.4303364,0.11399861425161362,0.9638671875,0.7689454555511475
YDR350C,YOR359W,0,1.4300305,0.11398544907569885,0.9638671875,0.7690457105636597
YDL189W,YPR175W,0,1.428478,0.11397228389978409,0.9638671875,0.7691459655761719
YIL014W,YGR007W,0,1.4283646,0.11395912617444992,0.9638671875,0.7692462205886841
YGR235C,YOL154W,0,1.4280388,0.11394596844911575,0.9638671875,0.7693464159965515
YKL129C,YER038C,0,1.4279727,0.11393281817436218,0.9638671875,0.7694466710090637
YPL140C,YGR260W,0,1.4276628,0.11391966789960861,0.9638671875,0.7695469260215759
YLR059C,YOR320C,0,1.4269006,0.11390651762485504,0.9638671875,0.7696471810340881
YDR105C,YLR263W,0,1.4244542,0.11389337480068207,0.9638671875,0.7697473764419556
YLR299W,YKL196C,0,1.4241862,0.1138802319765091,0.9638671875,0.7698476314544678
YLR361C,YKL197C,0,1.4235857,0.11386709660291672,0.9638671875,0.76994788646698
YML011C,YDR407C,0,1.4232373,0.11385396122932434,0.9638671875,0.7700481414794922
YGL073W,YDR108W,0,1.42241,0.11384083330631256,0.9638671875,0.7701483368873596
YER179W,YDR437W,0,1.4222263,0.11382769793272018,0.9638671875,0.7702485918998718
YDR359C,YJL168C,0,1.4212341,0.113814577460289,0.9638671875,0.770348846912384
YKR105C,YPL274W,1,1.4191272,0.11391675472259521,0.96484375,0.770348846912384
YGR193C,YOR273C,0,1.4186776,0.11390361934900284,0.96484375,0.7704491019248962
YLR011W,YNL111C,0,1.4185727,0.11389049142599106,0.96484375,0.7705492973327637
YOL122C,YJL003W,0,1.4180164,0.11387736350297928,0.96484375,0.7706495523452759
YLR011W,YOL135C,0,1.4178143,0.1138642355799675,0.96484375,0.7707498073577881
YDL175C,YNL133C,0,1.41556,0.11385111510753632,0.96484375,0.7708500623703003
YFL025C,YIR019C,0,1.4152739,0.11383800208568573,0.96484375,0.7709502577781677
YBR162W-A,YKL058W,0,1.4146769,0.11382488161325455,0.96484375,0.7710505127906799
YGR193C,YGL049C,0,1.413497,0.11381177604198456,0.96484375,0.7711507678031921
YLR131C,YDL106C,0,1.4134704,0.11379866302013397,0.96484375,0.7712510228157043
YNL251C,YDR301W,0,1.4130539,0.11378555744886398,0.96484375,0.7713512182235718
YJL045W,YDR397C,0,1.4112014,0.113772451877594,0.96484375,0.771451473236084
YDR303C,YER081W,0,1.4111412,0.1137593537569046,0.96484375,0.7715517282485962
YOR087W,YOL020W,1,1.411048,0.11386138945817947,0.9658203125,0.7715517282485962
YBR038W,YBR169C,0,1.4106064,0.11384827643632889,0.9658203125,0.7716519832611084
YHR103W,YOL029C,0,1.4105146,0.1138351783156395,0.9658203125,0.7717521786689758
YLR092W,YDR303C,0,1.409884,0.1138220727443695,0.9658203125,0.771852433681488
YDR398W,YJL197W,0,1.4098831,0.11380897462368011,0.9658203125,0.7719526886940002
YER007C-A,YOR236W,0,1.409801,0.11379588395357132,0.9658203125,0.7720529437065125
YLR284C,YOL009C,0,1.409248,0.11378278583288193,0.9658203125,0.7721531391143799
YJR035W,YML061C,0,1.4080474,0.11376970261335373,0.9658203125,0.7722533941268921
YCR086W,YOR113W,0,1.405839,0.11375661194324493,0.9658203125,0.7723536491394043
YJR035W,YDR080W,0,1.4048918,0.11374352872371674,0.9658203125,0.7724539041519165
YGR208W,YHL006C,0,1.4042434,0.11373045295476913,0.9658203125,0.7725541591644287
YER063W,YDR100W,0,1.4027984,0.11371737718582153,0.9658203125,0.7726543545722961
YDR148C,YOR119C,0,1.4021672,0.11370430141687393,0.9658203125,0.7727546095848083
YOR117W,YCR024C,0,1.4013786,0.11369122564792633,0.9658203125,0.7728548645973206
YCR065W,YOL029C,0,1.4012727,0.11367815732955933,0.9658203125,0.7729551196098328
YFR024C-A,YOR241W,0,1.4010581,0.11366509646177292,0.9658203125,0.7730553150177002
YJL059W,YJR046W,0,1.399683,0.11365203559398651,0.9658203125,0.7731555700302124
YKL048C,YBL014C,0,1.3994436,0.1136389747262001,0.9658203125,0.7732558250427246
YKR096W,YHL031C,0,1.3994241,0.1136259213089943,0.9658203125,0.7733560800552368
YMR059W,YNL029C,0,1.3961524,0.11361286789178848,0.9658203125,0.7734562754631042
YOR026W,YOR009W,0,1.3959618,0.11359981447458267,0.9658203125,0.7735565304756165
YLR442C,YFR014C,0,1.3956598,0.11358676850795746,0.9658203125,0.7736567854881287
YGL192W,YOR109W,0,1.3941716,0.11357372254133224,0.9658203125,0.7737570405006409
YOR358W,YIL008W,0,1.3940108,0.11356068402528763,0.9658203125,0.7738572359085083
YMR059W,YDR200C,0,1.3917863,0.11354764550924301,0.9658203125,0.7739574909210205
YDR469W,YKR072C,0,1.391115,0.11353461444377899,0.9658203125,0.7740577459335327
YKR007W,YBR094W,0,1.3909638,0.11352157592773438,0.9658203125,0.7741580009460449
YMR301C,YLR411W,1,1.3908086,0.11362332105636597,0.966796875,0.7741580009460449
YPL105C,YNL029C,0,1.3905708,0.11361028254032135,0.966796875,0.7742581963539124
YPR114W,YNL240C,0,1.3900993,0.11359724402427673,0.966796875,0.7743584513664246
YPL100W,YNL055C,0,1.390087,0.11358421295881271,0.966796875,0.7744587063789368
YNL183C,YNL020C,0,1.3887138,0.1135711818933487,0.966796875,0.774558961391449
YNL068C,YDL076C,0,1.3880584,0.11355815827846527,0.966796875,0.7746591567993164
YOR254C,YMR153W,0,1.3878996,0.11354513466358185,0.966796875,0.7747594118118286
YER044C-A,YDR308C,0,1.387435,0.11353211104869843,0.966796875,0.7748596668243408
YDR372C,YDL105W,0,1.3873267,0.1135190948843956,0.966796875,0.774959921836853
YGR202C,YLR060W,0,1.3873153,0.11350607872009277,0.966796875,0.7750601172447205
YBL008W,YGR211W,0,1.385886,0.11349306255578995,0.966796875,0.7751603722572327
YBR091C,YLR259C,0,1.3856776,0.11348005384206772,0.966796875,0.7752606272697449
YMR220W,YGR122W,0,1.3827385,0.11346704512834549,0.966796875,0.7753608822822571
YBR005W,YGR007W,0,1.3825939,0.11345404386520386,0.966796875,0.7754610776901245
YDL240W,YOR271C,0,1.3822534,0.11344104260206223,0.966796875,0.7755613327026367
YBR295W,YHL025W,0,1.3816699,0.11342804878950119,0.966796875,0.7756615877151489
YOR091W,YKR072C,0,1.3811932,0.11341505497694016,0.966796875,0.7757618427276611
YPL010W,YHR080C,0,1.3810875,0.11340206116437912,0.966796875,0.7758620977401733
YBR078W,YCR016W,0,1.3800282,0.11338907480239868,0.966796875,0.7759622931480408
YJL096W,YJR049C,0,1.3795242,0.11337608844041824,0.966796875,0.776062548160553
YDR372C,YLR181C,0,1.3785534,0.1133631020784378,0.966796875,0.7761628031730652
YLR442C,YGR083C,0,1.3783706,0.11335012316703796,0.966796875,0.7762630581855774
YPL116W,YLR258W,0,1.3778281,0.11333715170621872,0.966796875,0.7763632535934448
YOR260W,YLR055C,0,1.377382,0.11332417279481888,0.966796875,0.776463508605957
YOR078W,YHR014W,0,1.3767395,0.11331120878458023,0.966796875,0.7765637636184692
YBR038W,YHL006C,0,1.3720832,0.11329823732376099,0.966796875,0.7766640186309814
YLR059C,YER109C,0,1.3708578,0.11328527331352234,0.966796875,0.7767642140388489
YLR345W,YNL041C,0,1.3703187,0.11327230930328369,0.966796875,0.7768644690513611
YDL091C,YHR106W,0,1.3687346,0.11325935274362564,0.966796875,0.7769647240638733
YPL209C,YPL145C,0,1.365483,0.11324639618396759,0.966796875,0.7770649790763855
YEL020W-A,YOR236W,0,1.3654673,0.11323344707489014,0.966796875,0.7771651744842529
YJL013C,YLR299W,0,1.3645362,0.11322049051523209,0.966796875,0.7772654294967651
YOR330C,YLR092W,0,1.3622545,0.11320754885673523,0.966796875,0.7773656845092773
YOR087W,YDR205W,1,1.3619894,0.11330894380807877,0.9677734375,0.7773656845092773
YJL069C,YDL123W,0,1.361207,0.11329598724842072,0.9677734375,0.7774659395217896
YDR256C,YJL058C,0,1.3596265,0.11328303813934326,0.9677734375,0.777566134929657
YER028C,YDR243C,0,1.3595445,0.11327008903026581,0.9677734375,0.7776663899421692
YKL069W,YKR007W,0,1.3570027,0.11325713992118835,0.9677734375,0.7777666449546814
YDR528W,YOR372C,0,1.3567101,0.1132441982626915,0.9677734375,0.7778668999671936
YPL001W,YOR363C,0,1.3552212,0.11323126405477524,0.9677734375,0.777967095375061
YBL100W-B,YNL029C,0,1.3546089,0.11321832239627838,0.9677734375,0.7780673503875732
YKL054C,YKR099W,0,1.3544829,0.11320538818836212,0.9677734375,0.7781676054000854
YCL029C,YLR023C,0,1.35431,0.11319246143102646,0.9677734375,0.7782678604125977
YLR411W,YKR085C,0,1.3539379,0.1131795346736908,0.9677734375,0.7783680558204651
YGL098W,YLR288C,0,1.3528523,0.11316660791635513,0.9677734375,0.7784683108329773
YER063W,YGL070C,0,1.3512955,0.11315368860960007,0.9677734375,0.7785685658454895
YER149C,YDL031W,0,1.3476465,0.113140769302845,0.9677734375,0.7786688208580017
YML121W,YNL321W,1,1.3472314,0.113242007791996,0.96875,0.7786688208580017
YDR188W,YDR384C,0,1.345569,0.11322908103466034,0.96875,0.7787690162658691
YMR081C,YEL039C,0,1.3454728,0.11321616172790527,0.96875,0.7788692712783813
YNL161W,YDR135C,0,1.3449495,0.11320324242115021,0.96875,0.7789695262908936
YPR131C,YLR292C,0,1.3447433,0.11319032311439514,0.96875,0.7790697813034058
YOR258W,YER023W,0,1.3443288,0.11317741125822067,0.96875,0.779170036315918
YPR008W,YPL175W,0,1.3433857,0.1131644994020462,0.96875,0.7792702317237854
YPL116W,YPR046W,0,1.3427643,0.11315158754587173,0.96875,0.7793704867362976
YOL098C,YJL069C,0,1.3426408,0.11313868314027786,0.96875,0.7794707417488098
YNL233W,YPR017C,0,1.3425099,0.11312578618526459,0.96875,0.779570996761322
YMR048W,YHL021C,0,1.3391798,0.11311288177967072,0.96875,0.7796711921691895
YER033C,YNL038W,0,1.3388497,0.11309999227523804,0.96875,0.7797714471817017
YGR082W,YBR094W,0,1.3380052,0.11308709532022476,0.96875,0.7798717021942139
YDR289C,YOL095C,0,1.3374528,0.11307420581579208,0.96875,0.7799719572067261
YML045W,YGR078C,0,1.3373632,0.1130613163113594,0.96875,0.7800721526145935
YMR055C,YPL010W,0,1.3371502,0.11304843425750732,0.96875,0.7801724076271057
YHR146W,YBR015C,0,1.3367611,0.11303555220365524,0.96875,0.7802726626396179
YLR085C,YOR316C,0,1.3366852,0.11302267014980316,0.96875,0.7803729176521301
YHR122W,YKL054C,0,1.3360313,0.11300979554653168,0.96875,0.7804731130599976
YOR091W,YJL197W,0,1.334959,0.11299692094326019,0.96875,0.7805733680725098
YFR014C,YDR080W,0,1.334923,0.1129840537905693,0.96875,0.780673623085022
YOR264W,YMR207C,0,1.3345362,0.11297118663787842,0.96875,0.7807738780975342
YJL180C,YEL024W,0,1.3335208,0.11295832693576813,0.96875,0.7808740735054016
YKR078W,YOR236W,0,1.3327832,0.11294545978307724,0.96875,0.7809743285179138
YJR084W,YKL196C,0,1.3318596,0.11293260753154755,0.96875,0.781074583530426
YBL056W,YHR103W,0,1.3305752,0.11291974782943726,0.96875,0.7811748385429382
YLR277C,YNL041C,0,1.3275387,0.11290689557790756,0.96875,0.7812750339508057
YLL048C,YER176W,0,1.3273641,0.11289405077695847,0.96875,0.7813752889633179
YKL026C,YMR232W,0,1.3269187,0.11288119852542877,0.96875,0.7814755439758301
YHR201C,YNR024W,0,1.3262436,0.11286836117506027,0.96875,0.7815757989883423
YGR283C,YNL181W,0,1.3250923,0.11285551637411118,0.96875,0.7816759943962097
YJL094C,YOR247W,0,1.3242531,0.11284267902374268,0.96875,0.7817762494087219
YML067C,YDR268W,0,1.3236958,0.11282984167337418,0.96875,0.7818765044212341
YBR023C,YDL139C,0,1.3236849,0.11281701177358627,0.96875,0.7819767594337463
YML098W,YML013W,0,1.3221372,0.11280418187379837,0.96875,0.7820770144462585
YIL030C,YGL238W,0,1.3216116,0.11279135942459106,0.96875,0.782177209854126
YOR380W,YLR181C,0,1.320603,0.11277853697538376,0.96875,0.7822774648666382
YGL111W,YHR080C,0,1.3187011,0.11276571452617645,0.96875,0.7823777198791504
YOL144W,YPR133C,0,1.317749,0.11275289952754974,0.96875,0.7824779748916626
YDR308C,YER071C,0,1.3172543,0.11274008452892303,0.96875,0.78257817029953
YLR223C,YOR241W,0,1.316989,0.11272726953029633,0.96875,0.7826784253120422
YDL105W,YEL051W,0,1.3152909,0.11271446198225021,0.96875,0.7827786803245544
YOR253W,YLR115W,0,1.3149347,0.1127016618847847,0.96875,0.7828789353370667
YHR158C,YIL144W,0,1.3147227,0.11268885433673859,0.96875,0.7829791307449341
YNL048W,YOR253W,0,1.3144561,0.11267605423927307,0.96875,0.7830793857574463
YHR111W,YOR341W,0,1.3110452,0.11266326159238815,0.96875,0.7831796407699585
YNL318C,YGL087C,0,1.3106234,0.11265046894550323,0.96875,0.7832798957824707
YGR099W,YDR108W,0,1.3105803,0.11263767629861832,0.96875,0.7833800911903381
YMR081C,YJR035W,0,1.3103331,0.1126248836517334,0.96875,0.7834803462028503
YGL246C,YMR313C,0,1.3102238,0.11261209845542908,0.96875,0.7835806012153625
YCR106W,YDL223C,0,1.3088875,0.11259932070970535,0.96875,0.7836808562278748
YFR049W,YIL008W,0,1.3084153,0.11258654296398163,0.96875,0.7837810516357422
YNL038W,YNR037C,0,1.3083613,0.1125737652182579,0.96875,0.7838813066482544
YCR031C,YOR272W,0,1.308302,0.11256098747253418,0.96875,0.7839815616607666
YML004C,YDL031W,0,1.3068848,0.11254821717739105,0.96875,0.7840818166732788
YHR103W,YJL196C,0,1.3054103,0.11253545433282852,0.96875,0.7841820120811462
YOR103C,YDR438W,0,1.3052098,0.1125226840376854,0.96875,0.7842822670936584
YJR042W,YFR025C,0,1.3035785,0.11250992119312286,0.96875,0.7843825221061707
YMR220W,YHR214W,0,1.3031471,0.11249716579914093,0.96875,0.7844827771186829
YJR035W,YBR208C,0,1.3030353,0.112484410405159,0.96875,0.7845829725265503
YLR131C,YLR118C,0,1.3021353,0.11247165501117706,0.96875,0.7846832275390625
YCR075C,YJL093C,1,1.3013966,0.11257226765155792,0.9697265625,0.7846832275390625
YJR040W,YCR037C,1,1.2996547,0.11267286539077759,0.970703125,0.7846832275390625
YAR042W,YOR358W,0,1.2996149,0.11266009509563446,0.970703125,0.7847834825515747
YBR038W,YJL096W,0,1.2994511,0.11264732480049133,0.970703125,0.7848837375640869
YAL048C,YLR175W,0,1.2992496,0.1126345619559288,0.970703125,0.7849839329719543
YER038C,YMR237W,0,1.2985436,0.11262179911136627,0.970703125,0.7850841879844666
YKR093W,YGR005C,0,1.2968853,0.11260904371738434,0.970703125,0.7851844429969788
YJL058C,YHL026C,0,1.2966892,0.11259628087282181,0.970703125,0.785284698009491
YKL110C,YDR200C,0,1.2964807,0.11258353292942047,0.970703125,0.7853849530220032
YDR513W,YMR156C,0,1.2954679,0.11257078498601913,0.970703125,0.7854851484298706
YLR017W,YGL198W,0,1.2934217,0.1125580370426178,0.970703125,0.7855854034423828
YNL167C,YPR010C,0,1.2926967,0.11254528909921646,0.970703125,0.785685658454895
YNL173C,YOR157C,0,1.2920095,0.11253254860639572,0.970703125,0.7857859134674072
YCR091W,YBR089C-A,0,1.2908975,0.11251980811357498,0.970703125,0.7858861088752747
YGL246C,YIL068C,0,1.2900448,0.11250707507133484,0.970703125,0.7859863638877869
YFR047C,YJR027W,0,1.2894297,0.1124943420290947,0.970703125,0.7860866189002991
YHL038C,YNR048W,0,1.2893516,0.11248160898685455,0.970703125,0.7861868739128113
YDR545W,YHR120W,0,1.288723,0.11246888339519501,0.970703125,0.7862870693206787
YAL002W,YDR213W,0,1.2876859,0.11245615780353546,0.970703125,0.7863873243331909
YDR039C,YJL129C,1,1.287407,0.1125565618276596,0.9716796875,0.7863873243331909
YIL064W,YJR042W,0,1.2866317,0.11254382878541946,0.9716796875,0.7864875793457031
YDL072C,YBR005W,0,1.2861722,0.11253110319375992,0.9716796875,0.7865878343582153
YHL031C,YPR131C,0,1.2850826,0.11251837760210037,0.9716796875,0.7866880297660828
YBR279W,YKL138C,0,1.2847244,0.11250565201044083,0.9716796875,0.786788284778595
YMR234W,YJL013C,0,1.2843269,0.11249293386936188,0.9716796875,0.7868885397911072
YDR407C,YBR060C,0,1.2835673,0.11248021572828293,0.9716796875,0.7869887948036194
YOR258W,YNL123W,0,1.2818109,0.11246750503778458,0.9716796875,0.7870889902114868
YPR158W-B,YML133C,0,1.2817588,0.11245479434728622,0.9716796875,0.787189245223999
YMR076C,YOR372C,0,1.2810054,0.11244208365678787,0.9716796875,0.7872895002365112
YGR193C,YKL138C,0,1.2807748,0.11242938041687012,0.9716796875,0.7873897552490234
YLR324W,YOR259C,0,1.2800673,0.11241667717695236,0.9716796875,0.7874899506568909
YLR007W,YOR011W,0,1.2795371,0.1124039739370346,0.9716796875,0.7875902056694031
YAL007C,YJL168C,0,1.2793951,0.11239127814769745,0.9716796875,0.7876904606819153
YOR195W,YML055W,0,1.278683,0.11237858235836029,0.9716796875,0.7877907156944275
YHL050C,YDR105C,0,1.2776492,0.11236589401960373,0.9716796875,0.7878909111022949
YBR112C,YOL116W,0,1.2770044,0.11235320568084717,0.9716796875,0.7879911661148071
YHR073W,YDR430C,0,1.2758746,0.1123405247926712,0.9716796875,0.7880914211273193
YHR149C,YNL216W,0,1.2737746,0.11232783645391464,0.9716796875,0.7881916761398315
YJR054W,YPL040C,0,1.273659,0.11231516301631927,0.9716796875,0.788291871547699
YML107C,YIR004W,0,1.2727215,0.11230248212814331,0.9716796875,0.7883921265602112
YKL149C,YDL123W,0,1.2715465,0.11228980869054794,0.9716796875,0.7884923815727234
YOR068C,YPL040C,0,1.2711332,0.11227713525295258,0.9716796875,0.7885926365852356
YDR439W,YPL254W,0,1.2697604,0.1122644692659378,0.9716796875,0.7886928915977478
YCR035C,YGL129C,0,1.2686532,0.11225180327892303,0.9716796875,0.7887930870056152
YDR025W,YGL151W,0,1.2682345,0.11223914474248886,0.9716796875,0.7888933420181274
YML102W,YDR165W,0,1.2676587,0.11222648620605469,0.9716796875,0.7889935970306396
YDR439W,YJL058C,0,1.2672677,0.11221382766962051,0.9716796875,0.7890938520431519
YMR286W,YOR357C,0,1.267133,0.11220116913318634,0.9716796875,0.7891940474510193
YDR150W,YNR037C,0,1.2668381,0.11218852549791336,0.9716796875,0.7892943024635315
YGR204W,YHR150W,0,1.2657182,0.11217587441205978,0.9716796875,0.7893945574760437
YOR192C,YPR003C,1,1.2642881,0.11227595806121826,0.97265625,0.7893945574760437
YDR204W,YDL139C,0,1.2630513,0.11226329952478409,0.97265625,0.7894948124885559
YER179W,YGL127C,0,1.2626796,0.11225064843893051,0.97265625,0.7895950078964233
YBL100W-B,YOR011W,0,1.2619166,0.11223799735307693,0.97265625,0.7896952629089355
YDL113C,YFR053C,0,1.259297,0.11222535371780396,0.97265625,0.7897955179214478
YGL104C,YML086C,0,1.2572563,0.11221271008253098,0.97265625,0.78989577293396
YLR299W,YGL049C,0,1.2571552,0.112200066447258,0.97265625,0.7899959683418274
YBR043C,YLR247C,0,1.2556039,0.11218743026256561,0.97265625,0.7900962233543396
YDR021W,YHR157W,0,1.2550863,0.11217479407787323,0.97265625,0.7901964783668518
YKR089C,YHR193C,0,1.2522776,0.11216216534376144,0.97265625,0.790296733379364
YKL063C,YHR114W,0,1.2518821,0.11214952915906906,0.97265625,0.7903969287872314
YDR175C,YHR080C,0,1.251828,0.11213690787553787,0.97265625,0.7904971837997437
YPL215W,YNL216W,0,1.2498398,0.11212427914142609,0.97265625,0.7905974388122559
YPL036W,YOL020W,1,1.2497637,0.11222422122955322,0.9736328125,0.7905974388122559
YDL145C,YOR195W,0,1.2492759,0.11221159249544144,0.9736328125,0.7906976938247681
YKL191W,YLR060W,0,1.2486091,0.11219896376132965,0.9736328125,0.7907978892326355
YMR243C,YHR005C,0,1.2486031,0.11218634247779846,0.9736328125,0.7908981442451477
YBL031W,YLR092W,0,1.2481071,0.11217371374368668,0.9736328125,0.7909983992576599
YDL091C,YDL012C,0,1.2461493,0.11216109991073608,0.9736328125,0.7910986542701721
YLR017W,YBR049C,0,1.2457111,0.1121484786272049,0.9736328125,0.7911988496780396
YNL233W,YGR170W,0,1.2449716,0.1121358647942543,0.9736328125,0.7912991046905518
YDR367W,YNL031C,0,1.2441887,0.11212325841188431,0.9736328125,0.791399359703064
YDR482C,YHR005C,0,1.2427131,0.11211065202951431,0.9736328125,0.7914996147155762
YIL030C,YLR409C,0,1.2425636,0.11209804564714432,0.9736328125,0.7915998101234436
YIL005W,YGL045W,0,1.2420504,0.11208543926477432,0.9736328125,0.7917000651359558
YHR214W,YLR249W,0,1.2412113,0.11207284033298492,0.9736328125,0.791800320148468
YJR118C,YMR322C,0,1.2384233,0.11206024140119553,0.9736328125,0.7919005751609802
YIL147C,YBR023C,0,1.2360425,0.11204764991998672,0.9736328125,0.7920008301734924
YEL020W-A,YPR008W,0,1.2340801,0.11203505843877792,0.9736328125,0.7921010255813599
YOR132W,YPL063W,0,1.2320797,0.11202247440814972,0.9736328125,0.7922012805938721
YHL017W,YML076C,0,1.2318786,0.11200988292694092,0.9736328125,0.7923015356063843
YGL192W,YGL127C,0,1.2314103,0.11199730634689331,0.9736328125,0.7924017906188965
YLR011W,YGR122W,0,1.2313738,0.1119847223162651,0.9736328125,0.7925019860267639
YMR053C,YHR037W,0,1.2307208,0.1119721457362175,0.9736328125,0.7926022410392761
YHL025W,YOR271C,0,1.2306974,0.11195957660675049,0.9736328125,0.7927024960517883
YML127W,YNL156C,0,1.2302642,0.11194700002670288,0.9736328125,0.7928027510643005
YLR185W,YOL135C,0,1.2273246,0.11193443089723587,0.9736328125,0.792902946472168
YPL140C,YDR111C,0,1.2269309,0.11192186921834946,0.9736328125,0.7930032014846802
YPR134W,YOR110W,0,1.2237958,0.11190930753946304,0.9736328125,0.7931034564971924
YGL063W,YLR417W,0,1.2219937,0.11189674586057663,0.9736328125,0.7932037115097046
YJL180C,YJR050W,0,1.2218511,0.11188419163227081,0.9736328125,0.793303906917572
YMR048W,YKL063C,0,1.2198324,0.111871637403965,0.9736328125,0.7934041619300842
YBR043C,YOL078W,0,1.2186624,0.11185908317565918,0.9736328125,0.7935044169425964
YJR041C,YKL006C-A,0,1.218424,0.11184653639793396,0.9736328125,0.7936046719551086
YDR235W,YOR113W,0,1.2179102,0.11183398962020874,0.9736328125,0.7937048673629761
YMR220W,YLR248W,0,1.217708,0.11182144284248352,0.9736328125,0.7938051223754883
YDR482C,YPR148C,0,1.2145503,0.1118089035153389,0.9736328125,0.7939053773880005
YDR500C,YDR098C,0,1.2122185,0.11179636418819427,0.9736328125,0.7940056324005127
YMR318C,YPL193W,0,1.2085457,0.11178383231163025,0.9736328125,0.7941058278083801
YML021C,YBR301W,0,1.2081507,0.11177130043506622,0.9736328125,0.7942060828208923
YDR325W,YHR006W,0,1.2075741,0.1117587685585022,0.9736328125,0.7943063378334045
YDL105W,YLR196W,0,1.2065874,0.11174624413251877,0.9736328125,0.7944065928459167
YPL120W,YDR227W,0,1.2062054,0.11173371970653534,0.9736328125,0.7945067882537842
YGL087C,YDR025W,0,1.2046146,0.11172120273113251,0.9736328125,0.7946070432662964
YGL142C,YPR161C,0,1.2044541,0.11170868575572968,0.9736328125,0.7947072982788086
YDR412W,YKR034W,0,1.2031355,0.11169616878032684,0.9736328125,0.7948075532913208
YHR214W,YBL091C,0,1.2029116,0.11168365925550461,0.9736328125,0.794907808303833
YNR032C-A,YLL021W,0,1.2019495,0.11167114973068237,0.9736328125,0.7950080037117004
YIL106W,YBR016W,0,1.201806,0.11165864020586014,0.9736328125,0.7951082587242126
YER143W,YER060W-A,0,1.2017293,0.1116461381316185,0.9736328125,0.7952085137367249
YOR002W,YHL003C,0,1.2004888,0.11163363605737686,0.9736328125,0.7953087687492371
YDR301W,YER015W,0,1.1988769,0.11162113398313522,0.9736328125,0.7954089641571045
YGL189C,YHR157W,0,1.1984975,0.11160863935947418,0.9736328125,0.7955092191696167
YHR169W,YEL032W,0,1.19709,0.11159615218639374,0.9736328125,0.7956094741821289
YHR088W,YDL135C,0,1.1948887,0.1115836575627327,0.9736328125,0.7957097291946411
YPL179W,YNR030W,0,1.1927221,0.11157117038965225,0.9736328125,0.7958099246025085
YMR243C,YIL038C,0,1.1925857,0.1115586906671524,0.9736328125,0.7959101796150208
YKL062W,YML057W,0,1.1920657,0.11154620349407196,0.9736328125,0.796010434627533
YOL121C,YBR060C,0,1.190887,0.11153373122215271,0.9736328125,0.7961106896400452
YOR065W,YER060W-A,0,1.1891639,0.11152125149965286,0.9736328125,0.7962108850479126
YLR411W,YJL083W,0,1.1887414,0.11150877922773361,0.9736328125,0.7963111400604248
YNL251C,YOR341W,0,1.1887102,0.11149630695581436,0.9736328125,0.796411395072937
YGL025C,YBL008W,0,1.1885948,0.11148384213447571,0.9736328125,0.7965116500854492
YDR422C,YFL025C,0,1.188525,0.11147137731313705,0.9736328125,0.7966118454933167
YPL133C,YJR123W,0,1.1884004,0.1114589124917984,0.9736328125,0.7967121005058289
YDR439W,YDL139C,0,1.1883427,0.11144645512104034,0.9736328125,0.7968123555183411
YGR217W,YOL051W,0,1.1877599,0.11143399775028229,0.9736328125,0.7969126105308533
YOL121C,YBR109C,0,1.1873344,0.11142154783010483,0.9736328125,0.7970128059387207
YNL023C,YNR052C,0,1.1862454,0.11140909790992737,0.9736328125,0.7971130609512329
YJL181W,YHR005C,0,1.1857061,0.11139664798974991,0.9736328125,0.7972133159637451
YOR004W,YFR038W,0,1.1845269,0.11138420552015305,0.9736328125,0.7973135709762573
YBR268W,YPL021W,0,1.1829872,0.11137176305055618,0.9736328125,0.7974137663841248
YDR372C,YPL173W,0,1.1806084,0.11135932058095932,0.9736328125,0.797514021396637
YGR024C,YGR193C,0,1.1793524,0.11134688556194305,0.9736328125,0.7976142764091492
YDL235C,YOL144W,0,1.1792662,0.11133445054292679,0.9736328125,0.7977145314216614
YNL103W,YKR049C,0,1.178963,0.11132201552391052,0.9736328125,0.7978147268295288
YPL140C,YLR333C,0,1.1780738,0.11130958795547485,0.9736328125,0.797914981842041
YIL154C,YHL026C,0,1.1780066,0.11129716783761978,0.9736328125,0.7980152368545532
YDL091C,YHL035C,0,1.1767613,0.11128474026918411,0.9736328125,0.7981154918670654
YER056C,YNL221C,0,1.1766524,0.11127232015132904,0.9736328125,0.7982157468795776
YJL186W,YMR313C,0,1.1748397,0.11125990748405457,0.9736328125,0.7983159422874451
YBR086C,YER032W,0,1.1743782,0.1112474873661995,0.9736328125,0.7984161972999573
YHL028W,YPR046W,0,1.1734895,0.11123507469892502,0.9736328125,0.7985164523124695
YNR048W,YPR067W,0,1.1714674,0.11122266948223114,0.9736328125,0.7986167073249817
YLR384C,YPR141C,0,1.1707114,0.11121026426553726,0.9736328125,0.7987169027328491
YHL038C,YNL161W,0,1.1703936,0.11119785904884338,0.9736328125,0.7988171577453613
YPR143W,YOR264W,0,1.1678059,0.1111854612827301,0.9736328125,0.7989174127578735
YOL012C,YLL053C,0,1.1672484,0.11117305606603622,0.9736328125,0.7990176677703857
YPR180W,YDR244W,0,1.1662533,0.11116066575050354,0.9736328125,0.7991178631782532
YGL144C,YML055W,0,1.1659505,0.11114827543497086,0.9736328125,0.7992181181907654
YNL233W,YBR112C,0,1.164722,0.11113588511943817,0.9736328125,0.7993183732032776
YLR347C,YER149C,0,1.162081,0.11112349480390549,0.9736328125,0.7994186282157898
YBR279W,YFR050C,0,1.1620548,0.1111111119389534,0.9736328125,0.7995188236236572
YGR178C,YER176W,0,1.161739,0.11109872907400131,0.9736328125,0.7996190786361694
YNL056W,YLR333C,0,1.1611924,0.11108635365962982,0.9736328125,0.7997193336486816
YIL014W,YLR150W,0,1.1610849,0.11107397824525833,0.9736328125,0.7998195886611938
YMR041C,YKL129C,0,1.1595476,0.11106160283088684,0.9736328125,0.7999197840690613
YER014W,YJR153W,0,1.1587931,0.11104923486709595,0.9736328125,0.8000200390815735
YHL003C,YDR200C,0,1.1581402,0.11103686690330505,0.9736328125,0.8001202940940857
YDR105C,YNL161W,0,1.1580752,0.11102449893951416,0.9736328125,0.8002205491065979
YKL045W,YPL130W,0,1.1577413,0.11101213842630386,0.9736328125,0.8003207445144653
YHR073W,YML055W,0,1.1576612,0.11099977791309357,0.9736328125,0.8004209995269775
YOL023W,YPR105C,0,1.1571363,0.11098741739988327,0.9736328125,0.8005212545394897
YDL098C,YMR225C,0,1.15692,0.11097506433725357,0.9736328125,0.800621509552002
YOR260W,YDL211C,0,1.155482,0.11096271872520447,0.9736328125,0.8007217049598694
YLR237W,YGR224W,1,1.1544677,0.11106165498495102,0.974609375,0.8007217049598694
YCR024C,YML013W,0,1.1537578,0.11104929447174072,0.974609375,0.8008219599723816
YGL246C,YGL115W,0,1.1532072,0.11103694140911102,0.974609375,0.8009222149848938
YOR259C,YLR263W,0,1.1531818,0.11102458834648132,0.974609375,0.801022469997406
YPR068C,YBR049C,0,1.1522319,0.11101223528385162,0.974609375,0.8011226654052734
YHR205W,YEL048C,0,1.1511176,0.11099988967180252,0.974609375,0.8012229204177856
YNL221C,YLR190W,0,1.150613,0.11098754405975342,0.974609375,0.8013231754302979
YPR169W,YPL076W,0,1.150604,0.11097520589828491,0.974609375,0.8014234304428101
YMR286W,YML081W,0,1.1503947,0.1109628677368164,0.974609375,0.8015236854553223
YDR412W,YGL049C,0,1.1495117,0.1109505295753479,0.974609375,0.8016238808631897
YDR213W,YGR224W,0,1.1485722,0.1109381914138794,0.974609375,0.8017241358757019
YOR079C,YGR040W,0,1.1482334,0.11092586070299149,0.974609375,0.8018243908882141
YOL098C,YOR250C,0,1.1480386,0.11091353744268417,0.974609375,0.8019246459007263
YLR085C,YDR361C,0,1.1465497,0.11090121418237686,0.974609375,0.8020248413085938
YBR131W,YLR067C,0,1.1434515,0.11088889092206955,0.974609375,0.802125096321106
YHR210C,YAR042W,0,1.141357,0.11087656766176224,0.974609375,0.8022253513336182
YDL210W,YBR054W,1,1.1412325,0.11097534000873566,0.9755859375,0.8022253513336182
YKL114C,YGR083C,0,1.140827,0.11096300929784775,0.9755859375,0.8023256063461304
YKL063C,YER032W,0,1.1405485,0.11095068603754044,0.9755859375,0.8024258017539978
YPL234C,YBR086C,0,1.1401306,0.11093837022781372,0.9755859375,0.80252605676651
YHR037W,YLR260W,0,1.1394075,0.11092604696750641,0.9755859375,0.8026263117790222
YKL052C,YBR248C,0,1.1375561,0.1109137311577797,0.9755859375,0.8027265667915344
YLR345W,YGL115W,0,1.1370447,0.11090142279863358,0.9755859375,0.8028267621994019
YDL124W,YHR139C,0,1.1350461,0.11088911443948746,0.9755859375,0.8029270172119141
YER102W,YGR260W,0,1.1346724,0.11087680608034134,0.9755859375,0.8030272722244263
YDR422C,YJL181W,0,1.1322224,0.11086449772119522,0.9755859375,0.8031275272369385
YPR057W,YMR125W,0,1.1231854,0.1108521968126297,0.9755859375,0.8032277226448059
YOR087W,YCR107W,0,1.1230456,0.11083989590406418,0.9755859375,0.8033279776573181
YBR029C,YDR168W,0,1.1227927,0.11082760244607925,0.9755859375,0.8034282326698303
YJR084W,YGR244C,0,1.1223166,0.11081530898809433,0.9755859375,0.8035284876823425
YHR158C,YOR358W,0,1.1209198,0.1108030155301094,0.9755859375,0.80362868309021
YHR138C,YLR337C,0,1.1205587,0.11079072952270508,0.9755859375,0.8037289381027222
YHR073W,YIR031C,0,1.120327,0.11077844351530075,0.9755859375,0.8038291931152344
YIL068C,YOL011W,0,1.1201487,0.11076615750789642,0.9755859375,0.8039294481277466
YBL031W,YJR054W,0,1.1187096,0.11075387895107269,0.9755859375,0.804029643535614
YDR268W,YKL196C,0,1.1184199,0.11074160039424896,0.9755859375,0.8041298985481262
YOR262W,YER060W-A,0,1.1183401,0.11072932928800583,0.9755859375,0.8042301535606384
YHR108W,YHL038C,0,1.1167073,0.1107170581817627,0.9755859375,0.8043304085731506
YIL019W,YKL149C,0,1.1158242,0.11070478707551956,0.9755859375,0.8044306039810181
YOR270C,YOL020W,1,1.1155993,0.11080332100391388,0.9765625,0.8044306039810181
YOR189W,YKL099C,0,1.1138353,0.11079104989767075,0.9765625,0.8045308589935303
YMR242C,YKL080W,0,1.1117779,0.11077877134084702,0.9765625,0.8046311140060425
YER142C,YDL223C,0,1.1110607,0.11076650768518448,0.9765625,0.8047313690185547
YBR065C,YKL196C,0,1.1091745,0.11075423657894135,0.9765625,0.8048316240310669
YHR103W,YDR438W,0,1.1081284,0.11074197292327881,0.9765625,0.8049318194389343
YNL094W,YMR153W,0,1.1080377,0.11072970926761627,0.9765625,0.8050320744514465
YGR078C,YIL014W,0,1.107906,0.11071744561195374,0.9765625,0.8051323294639587
YLR277C,YPL145C,0,1.107795,0.1107051894068718,0.9765625,0.805232584476471
YBR162W-A,YOR026W,0,1.103906,0.11069294065237045,0.9765625,0.8053327798843384
YNL199C,YLR417W,0,1.0999806,0.11068068444728851,0.9765625,0.8054330348968506
YEL018W,YDL031W,0,1.0994093,0.11066843569278717,0.9765625,0.8055332899093628
YMR313C,YLR055C,0,1.0980823,0.11065619438886642,0.9765625,0.805633544921875
YLR011W,YBR208C,0,1.0973595,0.11064394563436508,0.9765625,0.8057337403297424
YNL318C,YOR129C,0,1.0969236,0.11063170433044434,0.9765625,0.8058339953422546
YBR085W,YLR263W,0,1.0962799,0.11061947047710419,0.9765625,0.8059342503547668
YNL246W,YEL051W,0,1.0956506,0.11060723662376404,0.9765625,0.806034505367279
YKR078W,YBR191W,0,1.0950891,0.11059500277042389,0.9765625,0.8061347007751465
YDL098C,YGR080W,0,1.0942129,0.11058276891708374,0.9765625,0.8062349557876587
YGL006W,YJL094C,1,1.0930916,0.11068111658096313,0.9775390625,0.8062349557876587
YML011C,YKL002W,0,1.0922323,0.11066887527704239,0.9775390625,0.8063352108001709
YKL016C,YHL026C,0,1.0922236,0.11065664142370224,0.9775390625,0.8064354658126831
YOR019W,YOR048C,0,1.0916221,0.11064441502094269,0.9775390625,0.8065356612205505
YOR236W,YIL038C,0,1.0895514,0.11063218116760254,0.9775390625,0.8066359162330627
YNL216W,YPL161C,0,1.0891466,0.11061995476484299,0.9775390625,0.806736171245575
YEL001C,YPL179W,0,1.0890906,0.11060773581266403,0.9775390625,0.8068364262580872
YPR134W,YOR266W,0,1.0870705,0.11059551686048508,0.9775390625,0.8069366216659546
YDR381W,YER071C,0,1.0852938,0.11058329790830612,0.9775390625,0.8070368766784668
YPR008W,YGR080W,0,1.0839587,0.11057107895612717,0.9775390625,0.807137131690979
YGR120C,YER167W,0,1.083902,0.11055886745452881,0.9775390625,0.8072373867034912
YOR252W,YGL092W,0,1.0832633,0.11054665595293045,0.9775390625,0.8073375821113586
YML021C,YIL153W,0,1.0827241,0.11053445190191269,0.9775390625,0.8074378371238708
YHR035W,YJL057C,0,1.0824554,0.11052224785089493,0.9775390625,0.8075380921363831
YOR236W,YDR176W,0,1.078838,0.11051004379987717,0.9775390625,0.8076383471488953
YBR046C,YLR247C,0,1.078196,0.11049784719944,0.9775390625,0.8077386021614075
YML023C,YOR320C,0,1.0781466,0.11048565059900284,0.9775390625,0.8078387975692749
YPL138C,YML057W,0,1.078104,0.11047345399856567,0.9775390625,0.8079390525817871
YAL053W,YOR291W,1,1.0775784,0.11057161539793015,0.978515625,0.8079390525817871
YPL209C,YCR035C,0,1.0760348,0.11055941879749298,0.978515625,0.8080393075942993
YJR118C,YGR017W,0,1.0746851,0.11054722219705582,0.978515625,0.8081395626068115
YHR111W,YDR168W,0,1.070577,0.11053502559661865,0.978515625,0.808239758014679
YMR076C,YHR170W,0,1.070531,0.11052282899618149,0.978515625,0.8083400130271912
YNL103W,YJL083W,0,1.0701826,0.11051063984632492,0.978515625,0.8084402680397034
YDL160C,YHR111W,0,1.067865,0.11049845814704895,0.978515625,0.8085405230522156
YLR239C,YOR357C,0,1.0662067,0.11048626899719238,0.978515625,0.808640718460083
YBR038W,YGR142W,0,1.0657457,0.11047408729791641,0.978515625,0.8087409734725952
YJR048W,YLR092W,0,1.0653576,0.11046191304922104,0.978515625,0.8088412284851074
YML045W,YHR190W,0,1.0649782,0.11044973880052567,0.978515625,0.8089414834976196
YHR158C,YNR024W,0,1.0640839,0.11043756455183029,0.978515625,0.8090416789054871
YOR236W,YKL197C,0,1.0627947,0.11042539030313492,0.978515625,0.8091419339179993
YMR275C,YKR088C,0,1.062358,0.11041322350502014,0.978515625,0.8092421889305115
YMR053C,YIL068C,0,1.0612149,0.11040105670690536,0.978515625,0.8093424439430237
YOR267C,YGL078C,0,1.0611787,0.11038889735937119,0.978515625,0.8094426393508911
YDL105W,YOL032W,0,1.0607653,0.110376738011837,0.978515625,0.8095428943634033
YMR286W,YBL051C,0,1.059669,0.11036457866430283,0.978515625,0.8096431493759155
YML059C,YHR037W,0,1.0588243,0.11035241931676865,0.978515625,0.8097434043884277
YPL061W,YPL049C,0,1.0573593,0.11034026741981506,0.978515625,0.8098435997962952
YLR085C,YJL186W,0,1.0563042,0.11032812297344208,0.978515625,0.8099438548088074
YNL251C,YDL018C,0,1.0553038,0.11031597852706909,0.978515625,0.8100441098213196
YER007C-A,YGL171W,0,1.0551432,0.1103038340806961,0.978515625,0.8101443648338318
YPR143W,YCL048W,0,1.0547075,0.11029168963432312,0.978515625,0.8102445602416992
YLR234W,YNL246W,0,1.0525281,0.11027955263853073,0.978515625,0.8103448152542114
YOR019W,YBR045C,0,1.0523676,0.11026741564273834,0.978515625,0.8104450702667236
YBR188C,YGR122W,0,1.0500453,0.11025527864694595,0.978515625,0.8105453252792358
YPR008W,YLR260W,0,1.0499043,0.11024314910173416,0.978515625,0.8106455206871033
YER040W,YML013W,0,1.0498407,0.11023101955652237,0.978515625,0.8107457756996155
YFR010W,YDR372C,0,1.0487658,0.11021889746189117,0.978515625,0.8108460307121277
YPR188C,YLR323C,0,1.0487211,0.11020677536725998,0.978515625,0.8109462857246399
YBR078W,YLR333C,0,1.0486985,0.11019465327262878,0.978515625,0.8110465407371521
YCR086W,YIL120W,0,1.0480793,0.11018253862857819,0.978515625,0.8111467361450195
YBR162W-A,YDL113C,0,1.0475613,0.11017042398452759,0.978515625,0.8112469911575317
YOR270C,YLL048C,1,1.0470767,0.1102682501077652,0.9794921875,0.8112469911575317
YHR113W,YJL196C,0,1.046108,0.110256128013134,0.9794921875,0.811347246170044
YBL031W,YMR133W,0,1.0459573,0.1102440133690834,0.9794921875,0.8114475011825562
YPL171C,YHR170W,0,1.0455317,0.11023189127445221,0.9794921875,0.8115476965904236
YNL137C,YDL105W,0,1.0433365,0.11021977663040161,0.9794921875,0.8116479516029358
YCR036W,YLR337C,0,1.0410705,0.11020766943693161,0.9794921875,0.811748206615448
YCR024C,YBR131W,0,1.0393372,0.11019556224346161,0.9794921875,0.8118484616279602
YDR517W,YPL198W,0,1.0366235,0.11018345504999161,0.9794921875,0.8119486570358276
YBL031W,YDL031W,0,1.0363077,0.1101713553071022,0.9794921875,0.8120489120483398
YNL240C,YLR115W,0,1.0362682,0.1101592555642128,0.9794921875,0.812149167060852
YGR296W,YER178W,0,1.0353143,0.1101471558213234,0.9794921875,0.8122494220733643
YIL022W,YLR337C,0,1.035254,0.11013506352901459,0.9794921875,0.8123496174812317
YFR027W,YKR079C,0,1.0350277,0.11012297123670578,0.9794921875,0.8124498724937439
YDR041W,YPR148C,0,1.0349551,0.11011087894439697,0.9794921875,0.8125501275062561
YOR078W,YGL192W,0,1.0337293,0.11009879410266876,0.9794921875,0.8126503825187683
YDR528W,YPL254W,0,1.0332284,0.11008670926094055,0.9794921875,0.8127505779266357
YLR083C,YPL063W,0,1.0318878,0.11007462441921234,0.9794921875,0.812850832939148
YJL094C,YLR367W,0,1.0313241,0.11006254702806473,0.9794921875,0.8129510879516602
YJL059W,YOR060C,0,1.0308402,0.11005046963691711,0.9794921875,0.8130513429641724
YPR173C,YMR001C,0,1.030765,0.1100383996963501,0.9794921875,0.8131515383720398
YPR095C,YIL148W,0,1.0307558,0.11002632975578308,0.9794921875,0.813251793384552
YOR172W,YDR179C,0,1.029694,0.11001425981521606,0.9794921875,0.8133520483970642
YOL098C,YMR262W,0,1.0294292,0.11000218987464905,0.9794921875,0.8134523034095764
YDL235C,YNL059C,0,1.0291796,0.10999012738466263,0.9794921875,0.8135524988174438
YDR108W,YNR024W,0,1.0291755,0.1099780723452568,0.9794921875,0.813652753829956
YGR082W,YNL318C,0,1.0279559,0.10996600985527039,0.9794921875,0.8137530088424683
YDR021W,YDR292C,0,1.0265335,0.10995395481586456,0.9794921875,0.8138532638549805
YLL026W,YOL116W,0,1.0264546,0.10994190722703934,0.9794921875,0.8139534592628479
YJL096W,YHR214W,0,1.0261853,0.10992985218763351,0.9794921875,0.8140537142753601
YPL013C,YEL006W,0,1.0260316,0.10991780459880829,0.9794921875,0.8141539692878723
YEL062W,YDR456W,1,1.0231049,0.11001534014940262,0.98046875,0.8141539692878723
YOR117W,YML059C,0,1.0208834,0.1100032851099968,0.98046875,0.8142542243003845
YHR154W,YML127W,0,1.0187066,0.10999123752117157,0.98046875,0.8143544793128967
YIL030C,YOR359W,0,1.0185345,0.10997918993234634,0.98046875,0.8144546747207642
YLR234W,YFR038W,0,1.0179386,0.10996714234352112,0.98046875,0.8145549297332764
YDR002W,YCL048W,0,1.0177231,0.10995509475469589,0.98046875,0.8146551847457886
YDR098C,YBL008W,0,1.0142043,0.10994305461645126,0.98046875,0.8147554397583008
YPL138C,YFR016C,0,1.0141854,0.10993102192878723,0.98046875,0.8148556351661682
YKR053C,YDL093W,0,1.0138359,0.1099189817905426,0.98046875,0.8149558901786804
YKL014C,YNL068C,0,1.0136445,0.10990694910287857,0.98046875,0.8150561451911926
YGR202C,YDR412W,0,1.0135804,0.10989492386579514,0.98046875,0.8151564002037048
YGL076C,YLR411W,0,1.0124309,0.1098828911781311,0.98046875,0.8152565956115723
YML011C,YBL008W,0,1.0122591,0.10987086594104767,0.98046875,0.8153568506240845
YLR442C,YPL253C,0,1.0101899,0.10985884815454483,0.98046875,0.8154571056365967
YDR325W,YDR057W,0,1.0094712,0.10984683036804199,0.98046875,0.8155573606491089
YDR441C,YPL254W,0,1.0091134,0.10983481258153915,0.98046875,0.8156575560569763
YPR008W,YCR024C,0,1.0081136,0.10982279479503632,0.98046875,0.8157578110694885
YGR245C,YMR091C,0,1.0074677,0.10981078445911407,0.98046875,0.8158580660820007
YDR175C,YER071C,0,1.0061488,0.10979877412319183,0.98046875,0.8159583210945129
YCR016W,YDR179C,0,1.005782,0.10978677123785019,0.98046875,0.8160585165023804
YKL026C,YKL197C,0,1.0056956,0.10977476835250854,0.98046875,0.8161587715148926
YIL106W,YKR064W,0,1.0038159,0.1097627654671669,0.98046875,0.8162590265274048
YDR040C,YNL118C,0,1.0031463,0.10975076258182526,0.98046875,0.816359281539917
YML107C,YLR017W,0,1.0019652,0.10973876714706421,0.98046875,0.8164594769477844
YER007C-A,YDR308C,0,1.0014433,0.10972677916288376,0.98046875,0.8165597319602966
YJL110C,YBR208C,0,1.0007442,0.10971478372812271,0.98046875,0.8166599869728088
YPL193W,YLR313C,0,0.99812263,0.10970279574394226,0.98046875,0.816760241985321
YML055W,YJL001W,0,0.9981066,0.10969081521034241,0.98046875,0.8168604373931885
YOR193W,YKL134C,0,0.99402106,0.10967882722616196,0.98046875,0.8169606924057007
YPL138C,YPL006W,0,0.9932688,0.1096668466925621,0.98046875,0.8170609474182129
YHR108W,YCL039W,0,0.9932561,0.10965487360954285,0.98046875,0.8171612024307251
YMR009W,YHL031C,0,0.992255,0.109642893075943,0.98046875,0.8172613978385925
YNL023C,YDR080W,0,0.9913904,0.10963092744350433,0.98046875,0.8173616528511047
YDL160C,YKR027W,0,0.9901406,0.10961895436048508,0.98046875,0.8174619078636169
YMR015C,YNL251C,0,0.99007076,0.10960698872804642,0.98046875,0.8175621628761292
YDR256C,YOR358W,0,0.9899561,0.10959502309560776,0.98046875,0.8176624178886414
YGR099W,YDR078C,0,0.9878077,0.1095830574631691,0.98046875,0.8177626132965088
YDR468C,YNL164C,0,0.9875699,0.10957109928131104,0.98046875,0.817862868309021
YML067C,YIR031C,0,0.98707974,0.10955914109945297,0.98046875,0.8179631233215332
YPR057W,YGR040W,0,0.9862055,0.1095471903681755,0.98046875,0.8180633783340454
YKL033W,YDR108W,0,0.9859584,0.10953523963689804,0.98046875,0.8181635737419128
YPL133C,YMR313C,0,0.98555535,0.10952328890562057,0.98046875,0.818263828754425
YPL234C,YBL091C,0,0.98553425,0.1095113456249237,0.98046875,0.8183640837669373
YAL051W,YOR249C,0,0.9817003,0.10949940234422684,0.98046875,0.8184643387794495
YDR468C,YDR317W,0,0.9809989,0.10948745906352997,0.98046875,0.8185645341873169
YML086C,YPL173W,0,0.9809454,0.1094755232334137,0.98046875,0.8186647891998291
YNL137C,YHR118C,0,0.98022485,0.10946358740329742,0.98046875,0.8187650442123413
YEL006W,YLL014W,0,0.9800914,0.10945165157318115,0.98046875,0.8188652992248535
YDL220C,YIL053W,0,0.9793743,0.10943972319364548,0.98046875,0.818965494632721
YBR211C,YLR323C,0,0.9791274,0.1094277948141098,0.98046875,0.8190657496452332
YPL146C,YER040W,0,0.97869027,0.10941586643457413,0.98046875,0.8191660046577454
YHL017W,YPL116W,0,0.9785757,0.10940394550561905,0.98046875,0.8192662596702576
YOL029C,YPL239W,0,0.9782678,0.10939202457666397,0.98046875,0.819366455078125
YBR279W,YKR053C,0,0.9782572,0.10938010364770889,0.98046875,0.8194667100906372
YNL130C,YER015W,0,0.9765954,0.10936819016933441,0.98046875,0.8195669651031494
YPR175W,YPR180W,0,0.97647536,0.10935627669095993,0.98046875,0.8196672201156616
YDL018C,YPL135W,0,0.9764387,0.10934437066316605,0.98046875,0.819767415523529
YOL116W,YIL008W,0,0.97514963,0.10933246463537216,0.98046875,0.8198676705360413
YPL224C,YFR053C,0,0.9744665,0.10932055860757828,0.98046875,0.8199679255485535
YIL096C,YDR040C,0,0.9740596,0.1093086525797844,0.98046875,0.8200681805610657
YER143W,YHL025W,0,0.97395,0.1092967540025711,0.98046875,0.8201683759689331
YLR004C,YPR131C,0,0.9738015,0.10928485542535782,0.98046875,0.8202686309814453
YMR050C,YGR122W,0,0.9725396,0.10927296429872513,0.98046875,0.8203688859939575
YHR210C,YPR175W,0,0.9724157,0.10926107317209244,0.98046875,0.8204691410064697
YOL012C,YHL006C,0,0.9714421,0.10924918204545975,0.98046875,0.8205693960189819
YOR193W,YDR289C,0,0.97118914,0.10923729836940765,0.98046875,0.8206695914268494
YDR328C,YPL225W,0,0.9707044,0.10922541469335556,0.98046875,0.8207698464393616
YPR175W,YKR079C,0,0.970219,0.10921353101730347,0.98046875,0.8208701014518738
YDL081C,YCL067C,0,0.9689582,0.10920165479183197,0.98046875,0.820970356464386
YOL020W,YOL098C,0,0.96818495,0.10918977856636047,0.98046875,0.8210705518722534
YDR367W,YPL140C,0,0.9678503,0.10917790234088898,0.98046875,0.8211708068847656
YPR110C,YFR050C,0,0.96763897,0.10916603356599808,0.98046875,0.8212710618972778
YPL116W,YER081W,0,0.9671202,0.10915416479110718,0.98046875,0.82137131690979
YDR325W,YLR347C,0,0.9653853,0.10914229601621628,0.98046875,0.8214715123176575
YMR192W,YDL230W,0,0.96450865,0.10913043469190598,0.98046875,0.8215717673301697
YOL055C,YPR134W,0,0.9642531,0.10911857336759567,0.98046875,0.8216720223426819
YNL137C,YCR091W,0,0.9615462,0.10910671949386597,0.98046875,0.8217722773551941
YNL156C,YGL240W,0,0.96131086,0.10909485816955566,0.98046875,0.8218724727630615
YPL207W,YJL208C,0,0.96072245,0.10908300429582596,0.98046875,0.8219727277755737
YKR077W,YCR038C,0,0.9600089,0.10907115787267685,0.98046875,0.8220729827880859
YMR274C,YDR438W,0,0.95995647,0.10905931144952774,0.98046875,0.8221732378005981
YBR189W,YDR190C,0,0.95940274,0.10904746502637863,0.98046875,0.8222734332084656
YPR100W,YLR055C,0,0.9593067,0.10903561860322952,0.98046875,0.8223736882209778
YOR117W,YOR358W,0,0.9590335,0.10902377963066101,0.98046875,0.82247394323349
YHR009C,YJL069C,0,0.95885825,0.1090119406580925,0.98046875,0.8225741982460022
YHR035W,YDR179C,0,0.95869124,0.10900010913610458,0.98046875,0.8226743936538696
YML107C,YJR084W,0,0.9566805,0.10898827761411667,0.98046875,0.8227746486663818
YDR111C,YCL068C,0,0.9556588,0.10897644609212875,0.98046875,0.822874903678894
YOL076W,YLR460C,0,0.9555281,0.10896462202072144,0.98046875,0.8229751586914062
YDR200C,YER159C,0,0.95487463,0.10895279794931412,0.98046875,0.8230753540992737
YHL011C,YLR061W,0,0.9534986,0.1089409738779068,0.98046875,0.8231756091117859
YPL137C,YKL194C,0,0.95333207,0.10892914980649948,0.98046875,0.8232758641242981
YIL013C,YNL076W,0,0.95228857,0.10891733318567276,0.98046875,0.8233761191368103
YKL048C,YMR149W,0,0.9511606,0.10890552401542664,0.98046875,0.8234763145446777
YGR046W,YDL235C,0,0.9504844,0.10889370739459991,0.98046875,0.8235765695571899
YGL098W,YEL018W,0,0.948128,0.10888189822435379,0.98046875,0.8236768245697021
YER139C,YMR226C,0,0.9469106,0.10887009650468826,0.98046875,0.8237770795822144
YDR213W,YLR011W,0,0.94666773,0.10885828733444214,0.98046875,0.8238773345947266
YDR168W,YCR038C,0,0.94658923,0.10884648561477661,0.98046875,0.823977530002594
YDR422C,YOL135C,0,0.9463467,0.10883469134569168,0.98046875,0.8240777850151062
YMR318C,YDR308C,0,0.94496477,0.10882288962602615,0.98046875,0.8241780400276184
YMR318C,YGL005C,0,0.9433428,0.10881109535694122,0.98046875,0.8242782950401306
YGL025C,YPL224C,0,0.94277316,0.10879930853843689,0.98046875,0.824378490447998
YHR026W,YJR040W,1,0.9404013,0.10889586806297302,0.9814453125,0.824378490447998
YKL194C,YKR072C,0,0.93982613,0.10888407379388809,0.9814453125,0.8244787454605103
YFR050C,YBR016W,0,0.93868864,0.10887227952480316,0.9814453125,0.8245790004730225
YDL145C,YBR121C,0,0.93784463,0.10886048525571823,0.9814453125,0.8246792554855347
YNL024C,YIL167W,0,0.9363953,0.1088486984372139,0.9814453125,0.8247794508934021
YGL243W,YLR143W,0,0.93589497,0.10883690416812897,0.9814453125,0.8248797059059143
YOR193W,YMR205C,0,0.93579954,0.10882512480020523,0.9814453125,0.8249799609184265
YOR045W,YOR027W,0,0.9349855,0.1088133379817009,0.9814453125,0.8250802159309387
YMR015C,YNR055C,0,0.9345539,0.10880155861377716,0.9814453125,0.8251804113388062
YNL183C,YPL116W,0,0.9343662,0.10878977924585342,0.9814453125,0.8252806663513184
YDR350C,YHR106W,0,0.9337435,0.10877800732851028,0.9814453125,0.8253809213638306
YDR464W,YNL038W,0,0.93373245,0.10876623541116714,0.9814453125,0.8254811763763428
YBL100W-B,YOR103C,0,0.93285275,0.108754463493824,0.9814453125,0.8255813717842102
YDL098C,YHR202W,0,0.9325107,0.10874269902706146,0.9814453125,0.8256816267967224
YPL137C,YGR044C,0,0.93155813,0.10873093456029892,0.9814453125,0.8257818818092346
YOR177C,YJL058C,0,0.93092656,0.10871917009353638,0.9814453125,0.8258821368217468
YMR192W,YNR033W,0,0.9303796,0.10870741307735443,0.9814453125,0.8259823322296143
YER032W,YPL253C,0,0.93020564,0.10869564861059189,0.9814453125,0.8260825872421265
YDR292C,YCR063W,0,0.9296506,0.10868389904499054,0.9814453125,0.8261828422546387
YHR146W,YML127W,0,0.9294648,0.1086721420288086,0.9814453125,0.8262830972671509
YOR049C,YOR380W,0,0.9283511,0.10866039246320724,0.9814453125,0.8263832926750183
YPL120W,YGR217W,0,0.92628515,0.10864865034818649,0.9814453125,0.8264835476875305
YML067C,YML098W,0,0.92087275,0.10863690078258514,0.9814453125,0.8265838027000427
YCL068C,YKL063C,0,0.9203242,0.10862515866756439,0.9814453125,0.8266840577125549
YBR279W,YOR079C,0,0.9200275,0.10861342400312424,0.9814453125,0.8267842531204224
YBR130C,YGR165W,0,0.9171609,0.10860168933868408,0.9814453125,0.8268845081329346
YLR215C,YLR333C,0,0.9170454,0.10858995467424393,0.9814453125,0.8269847631454468
YMR076C,YIL144W,0,0.91451913,0.10857822000980377,0.9814453125,0.827085018157959
YFR040W,YER155C,0,0.9144341,0.10856649279594421,0.9814453125,0.8271852731704712
YDR464W,YCL067C,0,0.9134437,0.10855476558208466,0.9814453125,0.8272854685783386
YOR090C,YGL061C,0,0.91334504,0.1085430383682251,0.9814453125,0.8273857235908508
YML067C,YNL176C,0,0.9132718,0.10853131860494614,0.9814453125,0.827485978603363
YNL317W,YIL033C,0,0.9125794,0.10851959884166718,0.9814453125,0.8275862336158752
YJR084W,YKL054C,0,0.9117154,0.10850787907838821,0.9814453125,0.8276864290237427
YGR024C,YPL193W,0,0.91149366,0.10849616676568985,0.9814453125,0.8277866840362549
YGR174C,YBR016W,0,0.91119236,0.10848445445299149,0.9814453125,0.8278869390487671
YNL287W,YDR087C,0,0.90875196,0.10847274959087372,0.9814453125,0.8279871940612793
YKR072C,YCL039W,0,0.90792316,0.10846103727817535,0.9814453125,0.8280873894691467
YDR545W,YKR100C,0,0.90781224,0.10844933986663818,0.9814453125,0.8281876444816589
YGL196W,YDR427W,0,0.907364,0.10843763500452042,0.9814453125,0.8282878994941711
YBR211C,YJL168C,0,0.9069667,0.10842593759298325,0.9814453125,0.8283881545066833
YNL031C,YPL126W,0,0.9062526,0.10841424018144608,0.9814453125,0.8284883499145508
YDR175C,YKR049C,0,0.9059608,0.1084025427699089,0.9814453125,0.828588604927063
YDR091C,YHR146W,0,0.9037237,0.10839085280895233,0.9814453125,0.8286888599395752
YDL091C,YKR089C,0,0.90202487,0.10837916284799576,0.9814453125,0.8287891149520874
YOR254C,YOR341W,0,0.90197355,0.10836748033761978,0.9814453125,0.8288893103599548
YJL216C,YML047C,0,0.9016557,0.1083557978272438,0.9814453125,0.828989565372467
YOL059W,YLR288C,0,0.9015193,0.10834411531686783,0.9814453125,0.8290898203849792
YBR189W,YBL035C,0,0.9011838,0.10833243280649185,0.9814453125,0.8291900753974915
YMR192W,YLL021W,0,0.900744,0.10832075774669647,0.9814453125,0.8292902708053589
YPR148C,YHL006C,0,0.8982326,0.10830908268690109,0.9814453125,0.8293905258178711
YDR350C,YDL076C,0,0.89792216,0.10829741507768631,0.9814453125,0.8294907808303833
YGR024C,YOR247W,0,0.89542747,0.10828574746847153,0.9814453125,0.8295910358428955
YLR200W,YLR175W,0,0.894922,0.10827407985925674,0.9814453125,0.8296912312507629
YLR059C,YDR463W,0,0.89303327,0.10826241225004196,0.9814453125,0.8297914862632751
YHR165C,YLL016W,0,0.8919031,0.10825075209140778,0.9814453125,0.8298917412757874
YDL003W,YCL017C,0,0.8917957,0.10823909193277359,0.9814453125,0.8299919962882996
YOR319W,YPR120C,0,0.89162564,0.10822743922472,0.9814453125,0.830092191696167
YDR528W,YLR055C,0,0.8912188,0.10821578651666641,0.9814453125,0.8301924467086792
YGL070C,YGR296W,0,0.890702,0.10820413380861282,0.9814453125,0.8302927017211914
YGR057C,YPR169W,0,0.8900398,0.10819248855113983,0.9814453125,0.8303929567337036
YEL018W,YIL064W,0,0.8891587,0.10818084329366684,0.9814453125,0.8304932117462158
YGL167C,YKL129C,0,0.88911283,0.10816919803619385,0.9814453125,0.8305934071540833
YDR200C,YML047C,0,0.8886411,0.10815755277872086,0.9814453125,0.8306936621665955
YKL014C,YPR174C,0,0.88828105,0.10814591497182846,0.9814453125,0.8307939171791077
YDR513W,YKL002W,0,0.88758343,0.10813427716493607,0.9814453125,0.8308941721916199
YEL039C,YBR193C,0,0.88717973,0.10812264680862427,0.9814453125,0.8309943675994873
YDR201W,YNL288W,0,0.8865522,0.10811101645231247,0.9814453125,0.8310946226119995
YNL286W,YDR235W,0,0.8863947,0.10809938609600067,0.9814453125,0.8311948776245117
YMR262W,YER005W,0,0.8852471,0.10808776319026947,0.9814453125,0.8312951326370239
YGR078C,YMR158W,0,0.88412726,0.10807614028453827,0.9814453125,0.8313953280448914
YJR042W,YGL151W,0,0.8839598,0.10806451737880707,0.9814453125,0.8314955830574036
YML081W,YHR154W,0,0.8835667,0.10805289447307587,0.9814453125,0.8315958380699158
YHR169W,YNL221C,0,0.8829543,0.10804127901792526,0.9814453125,0.831696093082428
YDL128W,YDR160W,1,0.8819012,0.10813716053962708,0.982421875,0.831696093082428
YMR076C,YGL063W,0,0.8818283,0.10812553763389587,0.982421875,0.8317962884902954
YDL003W,YPL140C,0,0.88178784,0.10811391472816467,0.982421875,0.8318965435028076
YOR172W,YOR110W,0,0.8817382,0.10810229927301407,0.982421875,0.8319967985153198
YIL007C,YOR195W,0,0.8817267,0.10809068381786346,0.982421875,0.832097053527832
YKL150W,YLR337C,0,0.87935084,0.10807906836271286,0.982421875,0.8321972489356995
YDL145C,YKR031C,0,0.8784387,0.10806746035814285,0.982421875,0.8322975039482117
YDL247W,YBL014C,0,0.8766862,0.10805585235357285,0.982421875,0.8323977589607239
YPL056C,YJL069C,0,0.8756618,0.10804425179958344,0.982421875,0.8324980139732361
YGL098W,YMR125W,0,0.8755173,0.10803264379501343,0.982421875,0.8325982093811035
YPR161C,YBR193C,0,0.8744192,0.10802104324102402,0.982421875,0.8326984643936157
YGR080W,YDL106C,0,0.87277883,0.1080094501376152,0.982421875,0.8327987194061279
YKL149C,YPL145C,0,0.87240374,0.1079978495836258,0.982421875,0.8328989744186401
YFR031C-A,YIL123W,0,0.8723266,0.10798625648021698,0.982421875,0.8329991698265076
YOR273C,YGL111W,0,0.871807,0.10797467082738876,0.982421875,0.8330994248390198
YLL048C,YJR054W,0,0.86894727,0.10796308517456055,0.982421875,0.833199679851532
YNL176C,YBR028C,0,0.868807,0.10795149952173233,0.982421875,0.8332999348640442
YDR257C,YJL197W,0,0.8685826,0.10793991386890411,0.982421875,0.8334001898765564
YMR050C,YDR261C,0,0.8675152,0.1079283356666565,0.982421875,0.8335003852844238
YIL005W,YNR052C,0,0.86677873,0.10791675746440887,0.982421875,0.833600640296936
YKL026C,YKR075C,0,0.8662691,0.10790517926216125,0.982421875,0.8337008953094482
YGL104C,YKR049C,0,0.86539376,0.10789360851049423,0.982421875,0.8338011503219604
YOL023W,YMR001C,0,0.86491,0.10788203775882721,0.982421875,0.8339013457298279
YOL096C,YCR024C,0,0.86294824,0.10787046700716019,0.982421875,0.8340016007423401
YDR122W,YDR078C,0,0.8623369,0.10785890370607376,0.982421875,0.8341018557548523
YAL015C,YKL150W,0,0.8612141,0.10784734040498734,0.982421875,0.8342021107673645
YKR100C,YML092C,0,0.86031383,0.1078357845544815,0.982421875,0.8343023061752319
YJR027W,YGL016W,0,0.8597237,0.10782422125339508,0.982421875,0.8344025611877441
YDR375C,YBR060C,0,0.8588872,0.10781266540288925,0.982421875,0.8345028162002563
YLR102C,YMR237W,0,0.8574309,0.10780111700296402,0.982421875,0.8346030712127686
YLR237W,YLL015W,1,0.8545379,0.10789670795202255,0.9833984375,0.8346030712127686
YKL155C,YKL138C,0,0.8528833,0.10788515210151672,0.9833984375,0.834703266620636
YCR107W,YMR125W,0,0.85280746,0.1078735962510109,0.9833984375,0.8348035216331482
YCL029C,YCL067C,0,0.8520024,0.10786204040050507,0.9833984375,0.8349037766456604
YDR381W,YLR263W,0,0.8494324,0.10785048454999924,0.9833984375,0.8350040316581726
YMR243C,YPL207W,0,0.8442496,0.107838936150074,0.9833984375,0.83510422706604
YDR100W,YMR040W,0,0.842101,0.10782738775014877,0.9833984375,0.8352044820785522
YKR089C,YPR155C,0,0.84086955,0.10781584680080414,0.9833984375,0.8353047370910645
YEL048C,YMR183C,0,0.84078664,0.1078043058514595,0.9833984375,0.8354049921035767
YKL016C,YOR117W,0,0.84028256,0.10779276490211487,0.9833984375,0.8355051875114441
YHR009C,YMR055C,0,0.83959126,0.10778122395277023,0.9833984375,0.8356054425239563
YBR107C,YCL067C,0,0.8390688,0.1077696904540062,0.9833984375,0.8357056975364685
YIR004W,YKL099C,0,0.8384389,0.10775815695524216,0.9833984375,0.8358059525489807
YMR048W,YMR149W,0,0.83766055,0.10774663090705872,0.9833984375,0.8359061479568481
YIL068C,YLR292C,0,0.8374556,0.10773510485887527,0.9833984375,0.8360064029693604
YER031C,YKL043W,0,0.83643687,0.10772357881069183,0.9833984375,0.8361066579818726
YNL167C,YPL178W,0,0.8348643,0.10771205276250839,0.9833984375,0.8362069129943848
YNL180C,YGL238W,0,0.8347863,0.10770053416490555,0.9833984375,0.8363071084022522
YDR422C,YNL287W,0,0.83376217,0.1076890155673027,0.9833984375,0.8364073634147644
YAR042W,YHL035C,0,0.8336997,0.10767750442028046,0.9833984375,0.8365076184272766
YOR192C,YPL126W,0,0.8333728,0.10766598582267761,0.9833984375,0.8366078734397888
YOR319W,YDR234W,0,0.8333406,0.10765448212623596,0.9833984375,0.836708128452301
YHR002W,YDR377W,1,0.83055377,0.10774986445903778,0.984375,0.836708128452301
YHR113W,YBR169C,0,0.82982004,0.10773835331201553,0.984375,0.8368083238601685
YDR235W,YPL001W,0,0.82888234,0.10772683471441269,0.984375,0.8369085788726807
YPR003C,YBR015C,0,0.8286941,0.10771532356739044,0.984375,0.8370088338851929
YKR096W,YIL120W,0,0.8275218,0.1077038124203682,0.984375,0.8371090888977051
YDL098C,YHR139C,0,0.82519555,0.10769230872392654,0.984375,0.8372092843055725
YOL069W,YBL008W,0,0.82403183,0.1076808050274849,0.984375,0.8373095393180847
YAR033W,YJL001W,0,0.8234111,0.10766930133104324,0.984375,0.8374097943305969
YOL078W,YHL025W,0,0.8229314,0.10765780508518219,0.984375,0.8375100493431091
YOR090C,YFL049W,0,0.82153857,0.10764630138874054,0.984375,0.8376102447509766
YMR225C,YFR049W,0,0.82131845,0.10763481259346008,0.984375,0.8377104997634888
YBL008W,YHR133C,0,0.8206737,0.10762331634759903,0.984375,0.837810754776001
YPL018W,YDR301W,0,0.8193774,0.10761182755231857,0.984375,0.8379110097885132
YDR025W,YHR193C,0,0.81739223,0.10760033875703812,0.984375,0.8380112051963806
YNL240C,YBR015C,0,0.81632924,0.10758885741233826,0.984375,0.8381114602088928
YIL153W,YPR097W,0,0.81612027,0.1075773760676384,0.984375,0.838211715221405
YNL056W,YPR120C,0,0.8156071,0.10756589472293854,0.984375,0.8383119702339172
YJL181W,YPL021W,0,0.81507564,0.10755442082881927,0.984375,0.8384121656417847
YNL183C,YIL005W,0,0.81108475,0.10754293948411942,0.984375,0.8385124206542969
YMR002W,YIL062C,0,0.80892277,0.10753147304058075,0.984375,0.8386126756668091
YBR211C,YLR292C,0,0.8086363,0.10751999914646149,0.984375,0.8387129306793213
YBR049C,YKL005C,0,0.8083055,0.10750853270292282,0.984375,0.8388131260871887
YLR284C,YOL029C,0,0.80764806,0.10749706625938416,0.984375,0.8389133810997009
YKL197C,YPL221W,0,0.8073641,0.10748560726642609,0.984375,0.8390136361122131
YCR107W,YNL076W,0,0.8060801,0.10747414082288742,0.984375,0.8391138911247253
YCL068C,YPR071W,0,0.80583584,0.10746268928050995,0.984375,0.8392140865325928
YOR101W,YOR158W,0,0.8055341,0.10745123028755188,0.984375,0.839314341545105
YOL098C,YNL287W,0,0.8045235,0.10743977874517441,0.984375,0.8394145965576172
YNR048W,YAL056W,0,0.8024049,0.10742832720279694,0.984375,0.8395148515701294
YLR426W,YPL140C,0,0.7995347,0.10741688311100006,0.984375,0.8396150469779968
YNR055C,YNL003C,1,0.7994905,0.1075119897723198,0.9853515625,0.8396150469779968
YDR372C,YFR050C,0,0.79874253,0.10750053077936172,0.9853515625,0.839715301990509
YML011C,YHR114W,0,0.79803497,0.10748907923698425,0.9853515625,0.8398155570030212
YJR118C,YJL083W,0,0.79738295,0.10747762769460678,0.9853515625,0.8399158120155334
YGL116W,YOL051W,0,0.7968836,0.1074661836028099,0.9853515625,0.8400160670280457
YOR101W,YLR337C,0,0.7958908,0.10745473951101303,0.9853515625,0.8401162624359131
YPR095C,YKR083C,0,0.7953368,0.10744329541921616,0.9853515625,0.8402165174484253
YGL107C,YOR109W,0,0.7916064,0.10743185877799988,0.9853515625,0.8403167724609375
YOR177C,YHR154W,0,0.7912756,0.1074204221367836,0.9853515625,0.8404170274734497
YLL018C,YDR300C,0,0.7878959,0.10740898549556732,0.9853515625,0.8405172228813171
YNL103W,YDL145C,0,0.7875389,0.10739754885435104,0.9853515625,0.8406174778938293
YMR225C,YPL097W,0,0.7860171,0.10738611966371536,0.9853515625,0.8407177329063416
YOL098C,YML082W,0,0.7858772,0.10737469047307968,0.9853515625,0.8408179879188538
YDL113C,YCR036W,0,0.78473806,0.1073632687330246,0.9853515625,0.8409181833267212
YAR009C,YOR101W,0,0.7839386,0.10735184699296951,0.9853515625,0.8410184383392334
YOL069W,YKL058W,0,0.7834836,0.10734042525291443,0.9853515625,0.8411186933517456
YLL006W,YJL179W,0,0.78049046,0.10732901096343994,0.9853515625,0.8412189483642578
YER040W,YIL167W,0,0.778146,0.10731758922338486,0.9853515625,0.8413191437721252
YOR363C,YHR111W,0,0.7777609,0.10730618238449097,0.9853515625,0.8414193987846375
YGL139W,YLR384C,0,0.7777382,0.10729476809501648,0.9853515625,0.8415196537971497
YNL103W,YBR211C,0,0.77631587,0.10728336125612259,0.9853515625,0.8416199088096619
YML081W,YDR190C,0,0.776305,0.1072719544172287,0.9853515625,0.8417201042175293
YIL038C,YGR060W,0,0.7751477,0.10726054757833481,0.9853515625,0.8418203592300415
YER149C,YNL164C,0,0.7748314,0.10724914819002151,0.9853515625,0.8419206142425537
YLL015W,YIL006W,1,0.7747908,0.10734403133392334,0.986328125,0.8419206142425537
YOR192C,YJL186W,0,0.7734207,0.10733262449502945,0.986328125,0.8420208692550659
YGR007W,YOR019W,0,0.7726097,0.10732121765613556,0.986328125,0.8421210646629333
YDR468C,YDR412W,0,0.77124715,0.10730981826782227,0.986328125,0.8422213196754456
YOR068C,YAL068C,0,0.7700271,0.10729841887950897,0.986328125,0.8423215746879578
YDR464W,YCR035C,0,0.7695294,0.10728701949119568,0.986328125,0.84242182970047
YLR102C,YPR141C,0,0.7681907,0.10727562755346298,0.986328125,0.8425220251083374
YFR024C-A,YNL176C,0,0.76646054,0.10726422816514969,0.986328125,0.8426222801208496
YPL171C,YOR227W,0,0.7660359,0.10725284367799759,0.986328125,0.8427225351333618
YMR048W,YOR103C,0,0.7659197,0.10724145174026489,0.986328125,0.842822790145874
YPR143W,YLR323C,0,0.76279724,0.10723006725311279,0.986328125,0.8429229855537415
YBL008W,YDR517W,0,0.7594001,0.1072186827659607,0.986328125,0.8430232405662537
YOL121C,YKL029C,0,0.7592079,0.10720730572938919,0.986328125,0.8431234955787659
YOL144W,YDR007W,0,0.7585559,0.10719592124223709,0.986328125,0.8432237505912781
YGR178C,YPL140C,0,0.75760436,0.10718455165624619,0.986328125,0.8433240056037903
YFR014C,YPR199C,0,0.75650716,0.10717317461967468,0.986328125,0.8434242010116577
YKL145W,YNL176C,0,0.75492966,0.10716180503368378,0.986328125,0.8435244560241699
YMR313C,YGL151W,0,0.75466573,0.10715043544769287,0.986328125,0.8436247110366821
YMR286W,YDR375C,0,0.7531369,0.10713906586170197,0.986328125,0.8437249660491943
YPL239W,YDR257C,0,0.75216025,0.10712770372629166,0.986328125,0.8438251614570618
YOR260W,YGL238W,0,0.75113153,0.10711634159088135,0.986328125,0.843925416469574
YPR007C,YPL239W,0,0.7505485,0.10710498690605164,0.986328125,0.8440256714820862
YER166W,YLR411W,1,0.7494919,0.10719966143369675,0.9873046875,0.8440256714820862
YLR361C,YDR105C,0,0.74931395,0.10718829184770584,0.9873046875,0.8441259264945984
YPL207W,YJL058C,0,0.74860966,0.10717692971229553,0.9873046875,0.8442261219024658
YPR161C,YCR038C,0,0.7461891,0.10716557502746582,0.9873046875,0.844326376914978
YGL016W,YLR337C,0,0.74580026,0.10715421289205551,0.9873046875,0.8444266319274902
YCL029C,YGR097W,0,0.7447702,0.1071428582072258,0.9873046875,0.8445268869400024
YDR435C,YOR253W,0,0.744363,0.10713150352239609,0.9873046875,0.8446270823478699
YLR361C,YGL093W,0,0.74343646,0.10712015628814697,0.9873046875,0.8447273373603821
YIL033C,YNR037C,0,0.74143666,0.10710880160331726,0.9873046875,0.8448275923728943
YNL183C,YBL063W,0,0.73978484,0.10709745436906815,0.9873046875,0.8449278473854065
YLR085C,YDR301W,0,0.73858154,0.10708611458539963,0.9873046875,0.8450280427932739
YML041C,YOR117W,0,0.73590577,0.10707477480173111,0.9873046875,0.8451282978057861
YNR048W,YBL047C,0,0.7328161,0.10706343501806259,0.9873046875,0.8452285528182983
YCR035C,YCL035C,0,0.7310368,0.10705209523439407,0.9873046875,0.8453288078308105
YJL183W,YDR397C,0,0.7309103,0.10704076290130615,0.9873046875,0.845429003238678
YGL104C,YGL053W,0,0.7306467,0.10702943056821823,0.9873046875,0.8455292582511902
YML059C,YLR384C,0,0.72928476,0.10701809823513031,0.9873046875,0.8456295132637024
YOR090C,YLR288C,0,0.72872275,0.10700677335262299,0.9873046875,0.8457297682762146
YDR045C,YBL005W,0,0.7286942,0.10699544847011566,0.9873046875,0.845829963684082
YIL147C,YBR181C,0,0.7286761,0.10698412358760834,0.9873046875,0.8459302186965942
YHR090C,YDR365C,0,0.7273554,0.10697280615568161,0.9873046875,0.8460304737091064
YCR107W,YGL049C,0,0.7273047,0.10696148872375488,0.9873046875,0.8461307287216187
YDR075W,YML061C,0,0.72684664,0.10695017129182816,0.9873046875,0.8462309837341309
YPL013C,YMR237W,0,0.7267906,0.10693886131048203,0.9873046875,0.8463311791419983
YPL140C,YIL030C,0,0.7258893,0.1069275513291359,0.9873046875,0.8464314341545105
YMR076C,YPR105C,0,0.72561467,0.10691624134778976,0.9873046875,0.8465316891670227
YOL023W,YDL106C,0,0.72510517,0.10690493881702423,0.9873046875,0.8466319441795349
YLR130C,YPL092W,1,0.7238204,0.10699936747550964,0.98828125,0.8466319441795349
YOR320C,YFR014C,0,0.72265506,0.10698805004358292,0.98828125,0.8467321395874023
YDR289C,YOR026W,0,0.72173774,0.10697674751281738,0.98828125,0.8468323945999146
YHR148W,YDR040C,0,0.72008723,0.10696543753147125,0.98828125,0.8469326496124268
YER102W,YHR106W,0,0.7196478,0.10695413500070572,0.98828125,0.847032904624939
YIL036W,YBR016W,0,0.71936035,0.10694283246994019,0.98828125,0.8471331000328064
YCL016C,YDR289C,0,0.7193367,0.10693152993917465,0.98828125,0.8472333550453186
YNL263C,YNL076W,0,0.71823394,0.10692023485898972,0.98828125,0.8473336100578308
YBL056W,YHR169W,0,0.7177957,0.10690893977880478,0.98828125,0.847433865070343
YPR071W,YJR054W,0,0.7175268,0.10689764469861984,0.98828125,0.8475340604782104
YBR114W,YPL061W,0,0.71647704,0.1068863570690155,0.98828125,0.8476343154907227
YHR035W,YLR337C,0,0.7121285,0.10687506943941116,0.98828125,0.8477345705032349
YPR095C,YKL048C,0,0.7113358,0.10686378180980682,0.98828125,0.8478348255157471
YIL120W,YBR121C,0,0.7104837,0.10685249418020248,0.98828125,0.8479350209236145
YPL137C,YOR249C,0,0.70873487,0.10684121400117874,0.98828125,0.8480352759361267
YER177W,YDR513W,0,0.7078375,0.1068299412727356,0.98828125,0.8481355309486389
YPL001W,YGL115W,0,0.70611745,0.10681866109371185,0.98828125,0.8482357859611511
YML045W,YBR043C,0,0.7058588,0.10680738836526871,0.98828125,0.8483359813690186
YMR055C,YLR367W,0,0.7050127,0.10679611563682556,0.98828125,0.8484362363815308
YMR074C,YDL031W,0,0.70493126,0.10678485035896301,0.98828125,0.848536491394043
YPR046W,YIL018W,0,0.7047148,0.10677357763051987,0.98828125,0.8486367464065552
YLR352W,YNL081C,0,0.7041406,0.10676231980323792,0.98828125,0.8487369418144226
YOL121C,YCR035C,0,0.703679,0.10675105452537537,0.98828125,0.8488371968269348
YPL209C,YGL018C,0,0.70305014,0.10673979669809341,0.98828125,0.848937451839447
YML057W,YNL214W,0,0.702677,0.10672853887081146,0.98828125,0.8490377068519592
YBR188C,YCL039W,0,0.70155334,0.10671728104352951,0.98828125,0.8491379022598267
YLR039C,YKL087C,0,0.69988513,0.10670603066682816,0.98828125,0.8492381572723389
YNR024W,YPL173W,0,0.6987793,0.1066947802901268,0.98828125,0.8493384122848511
YML081W,YDR292C,0,0.6969186,0.10668352991342545,0.98828125,0.8494386672973633
YIL007C,YDL145C,0,0.6968279,0.10667228698730469,0.98828125,0.8495389223098755
YGR120C,YEL051W,0,0.69655746,0.10666104406118393,0.98828125,0.8496391177177429
YCR036W,YFR053C,0,0.694596,0.10664980858564377,0.98828125,0.8497393727302551
YLL066C,YJR054W,0,0.69316936,0.10663856565952301,0.98828125,0.8498396277427673
YDR490C,YDR009W,0,0.69288063,0.10662733018398285,0.98828125,0.8499398827552795
YDR145W,YGR122W,0,0.6900195,0.10661609470844269,0.98828125,0.850040078163147
YHR103W,YBR029C,0,0.6894225,0.10660486668348312,0.98828125,0.8501403331756592
YLR131C,YCL051W,0,0.6885365,0.10659363865852356,0.98828125,0.8502405881881714
YBR069C,YKL149C,0,0.68846536,0.106582410633564,0.98828125,0.8503408432006836
YIL008W,YDR080W,0,0.6879963,0.10657119005918503,0.98828125,0.850441038608551
YDR325W,YJR096W,0,0.68779653,0.10655996948480606,0.98828125,0.8505412936210632
YKR079C,YDR386W,0,0.6874691,0.1065487489104271,0.98828125,0.8506415486335754
YGL167C,YBL005W,0,0.68711793,0.10653752833604813,0.98828125,0.8507418036460876
YLR352W,YKL081W,0,0.685361,0.10652631521224976,0.98828125,0.8508419990539551
YJL186W,YKR079C,0,0.68450093,0.10651510208845139,0.98828125,0.8509422540664673
YDR213W,YGR122W,0,0.6841452,0.10650389641523361,0.98828125,0.8510425090789795
YJL162C,YOR227W,0,0.6839913,0.10649268329143524,0.98828125,0.8511427640914917
YPL115C,YFR034C,0,0.6817663,0.10648148506879807,0.98828125,0.8512429594993591
YJR153W,YNL111C,0,0.6805048,0.10647027939558029,0.98828125,0.8513432145118713
YOL032W,YDL139C,0,0.67643136,0.10645908117294312,0.98828125,0.8514434695243835
YML107C,YML016C,0,0.675865,0.10644788295030594,0.98828125,0.8515437245368958
YDR490C,YPL006W,0,0.6754398,0.10643668472766876,0.98828125,0.8516439199447632
YPL138C,YBL031W,0,0.67111284,0.10642549395561218,0.98828125,0.8517441749572754
YPR143W,YDL012C,0,0.67042464,0.1064143031835556,0.98828125,0.8518444299697876
YER155C,YJL208C,0,0.6701323,0.10640311241149902,0.98828125,0.8519446849822998
YPL130W,YMR313C,0,0.6694894,0.10639192909002304,0.98828125,0.8520448803901672
YNL287W,YGR122W,0,0.6688048,0.10638074576854706,0.98828125,0.8521451354026794
YDR227W,YOR254C,0,0.66877866,0.10636956244707108,0.98828125,0.8522453904151917
YMR055C,YHR110W,0,0.6663327,0.10635837912559509,0.98828125,0.8523456454277039
YDL113C,YBR248C,0,0.6651827,0.10634720325469971,0.98828125,0.8524458408355713
YPR017C,YLR143W,0,0.66497326,0.10633602738380432,0.98828125,0.8525460958480835
YGL129C,YJL197W,0,0.6645104,0.10632485896348953,0.98828125,0.8526463508605957
YBR069C,YDR399W,0,0.66377354,0.10631369054317474,0.98828125,0.8527466058731079
YLR277C,YOR078W,0,0.6617353,0.10630252212285995,0.98828125,0.8528468608856201
YAL015C,YBL091C,0,0.6612935,0.10629135370254517,0.98828125,0.8529470562934875
YML057W,YHR138C,0,0.6606268,0.10628019273281097,0.98828125,0.8530473113059998
YML107C,YDR434W,0,0.6606071,0.10626903176307678,0.98828125,0.853147566318512
YKL062W,YKL063C,0,0.6603643,0.10625787824392319,0.98828125,0.8532478213310242
YKR007W,YPR131C,0,0.658182,0.106246717274189,0.98828125,0.8533480167388916
YIL014W,YPL210C,0,0.6560321,0.1062355637550354,0.98828125,0.8534482717514038
YGL025C,YOR363C,0,0.6540004,0.1062244176864624,0.98828125,0.853548526763916
YAL011W,YGL093W,0,0.6537616,0.10621326416730881,0.98828125,0.8536487817764282
YLR093C,YKL058W,0,0.6531908,0.10620211809873581,0.98828125,0.8537489771842957
YDL100C,YBL091C,0,0.65262294,0.10619097948074341,0.98828125,0.8538492321968079
YKR075C,YMR215W,0,0.6513479,0.10617983341217041,0.98828125,0.8539494872093201
YOL078W,YDR365C,0,0.6504418,0.10616869479417801,0.98828125,0.8540497422218323
YOR081C,YEL006W,0,0.64868075,0.10615755617618561,0.98828125,0.8541499376296997
YDR500C,YDR165W,0,0.6485056,0.1061464250087738,0.98828125,0.8542501926422119
YOL011W,YOR048C,0,0.64704406,0.106135293841362,0.98828125,0.8543504476547241
YOR320C,YMR183C,0,0.6467687,0.1061241626739502,0.98828125,0.8544507026672363
YPL171C,YHL006C,0,0.6424303,0.10611303150653839,0.98828125,0.8545508980751038
YPL105C,YMR275C,0,0.6419067,0.10610190778970718,0.98828125,0.854651153087616
YKL062W,YPR199C,0,0.6374968,0.10609078407287598,0.98828125,0.8547514081001282
YHL017W,YLL031C,0,0.6371363,0.10607966780662537,0.98828125,0.8548516631126404
YMR081C,YOR001W,0,0.6354596,0.10606854408979416,0.98828125,0.8549518585205078
YPR017C,YGL064C,0,0.6329111,0.10605742782354355,0.98828125,0.85505211353302
YDR309C,YDR395W,0,0.6325242,0.10604631900787354,0.98828125,0.8551523685455322
YMR076C,YDR028C,0,0.63177663,0.10603520274162292,0.98828125,0.8552526235580444
YER149C,YBR181C,0,0.6315657,0.10602409392595291,0.98828125,0.8553528189659119
YLR193C,YPL097W,0,0.63091946,0.1060129925608635,0.98828125,0.8554530739784241
YIL154C,YDR381W,0,0.63071734,0.10600188374519348,0.98828125,0.8555533289909363
YOL055C,YJR027W,0,0.63040066,0.10599078238010406,0.98828125,0.8556535840034485
YBL035C,YER143W,0,0.6300975,0.10597968101501465,0.98828125,0.8557537794113159
YIL156W,YNL287W,0,0.6298137,0.10596858710050583,0.98828125,0.8558540344238281
YGL067W,YDR515W,0,0.62958634,0.10595749318599701,0.98828125,0.8559542894363403
YDR165W,YGR094W,0,0.6294096,0.10594639927148819,0.98828125,0.8560545444488525
YDR235W,YBR065C,0,0.6282164,0.10593530535697937,0.98828125,0.8561547994613647
YMR215W,YPL178W,0,0.62795836,0.10592421889305115,0.98828125,0.8562549948692322
YIR031C,YGL129C,0,0.6265855,0.10591313242912292,0.98828125,0.8563552498817444
YGL018C,YNL081C,0,0.62640345,0.1059020534157753,0.98828125,0.8564555048942566
YDL243C,YMR225C,0,0.62568855,0.10589096695184708,0.98828125,0.8565557599067688
YJL058C,YGL238W,0,0.6246789,0.10587988793849945,0.98828125,0.8566559553146362
YLR131C,YCL067C,0,0.6229994,0.10586881637573242,0.98828125,0.8567562103271484
YER040W,YLL067C,0,0.6222995,0.1058577373623848,0.98828125,0.8568564653396606
YHR111W,YIL068C,0,0.6221638,0.10584666579961777,0.98828125,0.8569567203521729
YPL115C,YOR357C,0,0.6218773,0.10583560168743134,0.98828125,0.8570569157600403
YJR049C,YNL118C,0,0.62166214,0.1058245301246643,0.98828125,0.8571571707725525
YCL068C,YNR052C,0,0.621206,0.10581346601247787,0.98828125,0.8572574257850647
YOR332W,YPR021C,1,0.62114006,0.10590695589780807,0.9892578125,0.8572574257850647
YOR081C,YNL176C,0,0.62078387,0.10589588433504105,0.9892578125,0.8573576807975769
YML045W,YMR261C,0,0.61789846,0.10588481277227402,0.9892578125,0.8574578762054443
YCL017C,YPR010C,0,0.6166737,0.10587374866008759,0.9892578125,0.8575581312179565
YHR197W,YOR195W,0,0.6164697,0.10586268454790115,0.9892578125,0.8576583862304688
YMR053C,YJR096W,0,0.61630714,0.10585162043571472,0.9892578125,0.857758641242981
YKL032C,YBL014C,0,0.613678,0.10584055632352829,0.9892578125,0.8578588366508484
YPR131C,YLR435W,0,0.61272657,0.10582949966192245,0.9892578125,0.8579590916633606
YDR464W,YIR026C,0,0.6119171,0.10581845045089722,0.9892578125,0.8580593466758728
YLR085C,YGL018C,0,0.6117383,0.10580739378929138,0.9892578125,0.858159601688385
YFL056C,YOR158W,0,0.61024463,0.10579634457826614,0.9892578125,0.8582597970962524
YGL098W,YEL051W,0,0.6097313,0.1057852953672409,0.9892578125,0.8583600521087646
YGL098W,YDR145W,0,0.6095489,0.10577425360679626,0.9892578125,0.8584603071212769
YDR367W,YDR204W,0,0.60860765,0.10576320439577103,0.9892578125,0.8585605621337891
YDL018C,YDL031W,0,0.60733473,0.10575216263532639,0.9892578125,0.8586607575416565
YOR117W,YGR003W,0,0.60690933,0.10574112832546234,0.9892578125,0.8587610125541687
YHL038C,YGL005C,0,0.60584295,0.1057300940155983,0.9892578125,0.8588612675666809
YEL020W-A,YBR091C,0,0.60455215,0.10571905970573425,0.9892578125,0.8589615225791931
YBR086C,YKR079C,0,0.60452664,0.10570802539587021,0.9892578125,0.8590617775917053
YPL169C,YKR100C,0,0.6041355,0.10569699853658676,0.9892578125,0.8591619729995728
YLR185W,YPR128C,0,0.6041053,0.10568596422672272,0.9892578125,0.859262228012085
YKL040C,YDR005C,0,0.60138977,0.10567494481801987,0.9892578125,0.8593624830245972
YGR099W,YBR049C,0,0.6008475,0.10566391795873642,0.9892578125,0.8594627380371094
YNL137C,YML102W,0,0.60072076,0.10565289855003357,0.9892578125,0.8595629334449768
YPR175W,YPL183C,0,0.60066813,0.10564187914133072,0.9892578125,0.859663188457489
YOL011W,YOR357C,0,0.59920424,0.10563086718320847,0.9892578125,0.8597634434700012
YIL107C,YGR244C,0,0.5989611,0.10561985522508621,0.9892578125,0.8598636984825134
YPL215W,YBR272C,0,0.5986509,0.10560884326696396,0.9892578125,0.8599638938903809
YGR235C,YCR091W,0,0.5966848,0.1055978313088417,0.9892578125,0.8600641489028931
YLR426W,YLR466W,0,0.5952604,0.10558682680130005,0.9892578125,0.8601644039154053
YMR072W,YPR100W,0,0.5938975,0.10557582229375839,0.9892578125,0.8602646589279175
YHR111W,YPR100W,0,0.5906454,0.10556481778621674,0.9892578125,0.8603648543357849
YLR239C,YGR202C,0,0.59008205,0.10555382072925568,0.9892578125,0.8604651093482971
YDR148C,YKL129C,0,0.589586,0.10554282367229462,0.9892578125,0.8605653643608093
YNL062C,YML047C,0,0.58955294,0.10553182661533356,0.9892578125,0.8606656193733215
YIL007C,YPL183C,0,0.58850247,0.1055208370089531,0.9892578125,0.860765814781189
YNL259C,YOR251C,1,0.58632535,0.10561399906873703,0.990234375,0.860765814781189
YOR241W,YGL078C,0,0.58604085,0.10560300201177597,0.990234375,0.8608660697937012
YOR026W,YCR106W,0,0.58417964,0.10559200495481491,0.990234375,0.8609663248062134
YMR286W,YDR188W,0,0.5836847,0.10558100789785385,0.990234375,0.8610665798187256
YOR018W,YBR114W,0,0.58267164,0.10557001829147339,0.990234375,0.861166775226593
YDR004W,YOL126C,0,0.5826073,0.10555902868509293,0.990234375,0.8612670302391052
YBL100W-B,YLR409C,0,0.5780227,0.10554803907871246,0.990234375,0.8613672852516174
YMR192W,YML004C,0,0.57648444,0.105537049472332,0.990234375,0.8614675402641296
YKR096W,YLL021W,0,0.5762156,0.10552606731653214,0.990234375,0.8615677356719971
YDR500C,YGL151W,0,0.5750452,0.10551508516073227,0.990234375,0.8616679906845093
YPR008W,YDR246W,0,0.57482105,0.105504110455513,0.990234375,0.8617682456970215
YNL029C,YBR121C,0,0.5745016,0.10549313575029373,0.990234375,0.8618685007095337
YML011C,YPL233W,0,0.5730232,0.10548216104507446,0.990234375,0.8619686961174011
YBR168W,YBR149W,0,0.5726932,0.1054711863398552,0.990234375,0.8620689511299133
YOR380W,YER063W,0,0.5717371,0.10546021908521652,0.990234375,0.8621692061424255
YDL175C,YKL054C,0,0.5712886,0.10544925183057785,0.990234375,0.8622694611549377
YBR060C,YDR300C,0,0.57098305,0.10543828457593918,0.990234375,0.86236971616745
YPR148C,YNL094W,0,0.57015866,0.1054273247718811,0.990234375,0.8624699115753174
YOR119C,YLR019W,0,0.56800693,0.10541636496782303,0.990234375,0.8625701665878296
YOR252W,YER044C-A,0,0.56696653,0.10540540516376495,0.990234375,0.8626704216003418
YIL167W,YKR052C,0,0.5668324,0.10539445281028748,0.990234375,0.862770676612854
YOR319W,YPR086W,0,0.5660595,0.1053834930062294,0.990234375,0.8628708720207214
YPR131C,YBR272C,0,0.5646122,0.10537254810333252,0.990234375,0.8629711270332336
YOL098C,YDR361C,0,0.5635387,0.10536159574985504,0.990234375,0.8630713820457458
YML101C,YGL115W,0,0.56293887,0.10535065084695816,0.990234375,0.8631716370582581
YGR120C,YPL010W,0,0.5628072,0.10533970594406128,0.990234375,0.8632718324661255
YHL050C,YGL151W,0,0.56203914,0.1053287610411644,0.990234375,0.8633720874786377
YAL026C,YGL192W,0,0.56190705,0.10531782358884811,0.990234375,0.8634723424911499
YOL012C,YDR301W,0,0.5610361,0.10530688613653183,0.990234375,0.8635725975036621
YLR313C,YER081W,0,0.5608427,0.10529594868421555,0.990234375,0.8636727929115295
YER062C,YKL079W,0,0.5594237,0.10528501868247986,0.990234375,0.8637730479240417
YBR211C,YCR038C,0,0.5566846,0.10527408868074417,0.990234375,0.863873302936554
YGL243W,YDR397C,0,0.5539484,0.10526315867900848,0.990234375,0.8639735579490662
YPL210C,YHR170W,0,0.5517792,0.1052522286772728,0.990234375,0.8640737533569336
YLR451W,YDL117W,0,0.54931796,0.1052413061261177,0.990234375,0.8641740083694458
YOR320C,YEL048C,0,0.54872346,0.10523038357496262,0.990234375,0.864274263381958
YML041C,YPR100W,0,0.5483318,0.10521946847438812,0.990234375,0.8643745183944702
YBL051C,YOR271C,0,0.5470678,0.10520854592323303,0.990234375,0.8644747138023376
YNR048W,YDR303C,0,0.5469321,0.10519763827323914,0.990234375,0.8645749688148499
YOR087W,YGR046W,0,0.5469116,0.10518672317266464,0.990234375,0.8646752238273621
YML004C,YML031W,0,0.5462909,0.10517580807209015,0.990234375,0.8647754788398743
YDR381W,YGR208W,0,0.5437202,0.10516490042209625,0.990234375,0.8648756742477417
YMR207C,YLL014W,0,0.54084784,0.10515400022268295,0.990234375,0.8649759292602539
YKL045W,YPL210C,0,0.5373407,0.10514309257268906,0.990234375,0.8650761842727661
YOR207C,YPR095C,0,0.53728044,0.10513219237327576,0.990234375,0.8651764392852783
YDR227W,YOR258W,0,0.537118,0.10512129217386246,0.990234375,0.8652766346931458
YCL029C,YGR283C,0,0.53706497,0.10511039942502975,0.990234375,0.865376889705658
YBR119W,YGR003W,0,0.53694767,0.10509949922561646,0.990234375,0.8654771447181702
YGR005C,YKL196C,0,0.5353134,0.10508861392736435,0.990234375,0.8655773997306824
YEL048C,YDL031W,0,0.53500795,0.10507772117853165,0.990234375,0.8656776547431946
YGL098W,YDR108W,0,0.5343618,0.10506683588027954,0.990234375,0.865777850151062
YDL106C,YER123W,0,0.5321437,0.10505595058202744,0.990234375,0.8658781051635742
YNR048W,YOR260W,0,0.53104407,0.10504506528377533,0.990234375,0.8659783601760864
YHR103W,YLR200W,0,0.5294491,0.10503417998552322,0.990234375,0.8660786151885986
YPR095C,YDR301W,0,0.52728,0.10502330213785172,0.990234375,0.8661788105964661
YER142C,YGL092W,0,0.52517337,0.1050124242901802,0.990234375,0.8662790656089783
YOL020W,YEL032W,0,0.5244658,0.1050015538930893,0.990234375,0.8663793206214905
YER031C,YER007C-A,0,0.5230213,0.10499068349599838,0.990234375,0.8664795756340027
YDR280W,YGR122W,0,0.52257,0.10497981309890747,0.990234375,0.8665797710418701
YKR075C,YHR096C,0,0.52101207,0.10496894270181656,0.990234375,0.8666800260543823
YOL009C,YLR323C,0,0.5178344,0.10495807975530624,0.990234375,0.8667802810668945
YOL020W,YIL173W,0,0.51752436,0.10494721680879593,0.990234375,0.8668805360794067
YER041W,YLR451W,0,0.5171466,0.10493635386228561,0.990234375,0.8669807314872742
YDR513W,YLR001C,0,0.5161653,0.1049254983663559,0.990234375,0.8670809864997864
YDR129C,YMR156C,0,0.5142369,0.10491464287042618,0.990234375,0.8671812415122986
YGL073W,YOR086C,0,0.51321495,0.10490378737449646,0.990234375,0.8672814965248108
YDR427W,YFL049W,0,0.5115776,0.10489293187856674,0.990234375,0.8673816919326782
YML041C,YBR188C,0,0.51152766,0.10488208383321762,0.990234375,0.8674819469451904
YPR143W,YBR162W-A,0,0.51075596,0.1048712357878685,0.990234375,0.8675822019577026
YPL140C,YLR150W,0,0.5074949,0.10486039519309998,0.990234375,0.8676824569702148
YDR092W,YIL107C,0,0.5059941,0.10484954714775085,0.990234375,0.8677826523780823
YOR172W,YKR099W,0,0.50452197,0.10483870655298233,0.990234375,0.8678829073905945
YNL076W,YOR078W,0,0.50412345,0.1048278734087944,0.990234375,0.8679831624031067
YPL224C,YBR290W,1,0.5001036,0.1049204021692276,0.9912109375,0.8679831624031067
YPL248C,YBL014C,0,0.4993169,0.10490956157445908,0.9912109375,0.8680834174156189
YJL183W,YMR153W,0,0.49927926,0.10489872097969055,0.9912109375,0.8681836128234863
YNL123W,YNL029C,0,0.4986925,0.10488788038492203,0.9912109375,0.8682838678359985
YLR234W,YPL175W,0,0.49627328,0.1048770397901535,0.9912109375,0.8683841228485107
YJR042W,YJL208C,0,0.49464095,0.10486620664596558,0.9912109375,0.868484377861023
YJL054W,YPL198W,0,0.49387604,0.10485537350177765,0.9912109375,0.8685845732688904
YBR112C,YNL278W,0,0.49331003,0.10484454035758972,0.9912109375,0.8686848282814026
YKL110C,YML102W,0,0.49178207,0.10483371466398239,0.9912109375,0.8687850832939148
YAL059W,YPL063W,0,0.49138162,0.10482288897037506,0.9912109375,0.868885338306427
YPR128C,YPL100W,0,0.49054793,0.10481206327676773,0.9912109375,0.8689855933189392
YDR227W,YNL024C,0,0.48810405,0.1048012375831604,0.9912109375,0.8690857887268066
YKL058W,YPL076W,0,0.4857416,0.10479041934013367,0.9912109375,0.8691860437393188
YJR108W,YDR005C,0,0.4856252,0.10477960109710693,0.9912109375,0.869286298751831
YFL049W,YNL041C,0,0.47948933,0.1047687828540802,0.9912109375,0.8693865537643433
YAL048C,YBR060C,0,0.47877222,0.10475797206163406,0.9912109375,0.8694867491722107
YOR019W,YPL010W,0,0.47795904,0.10474716126918793,0.9912109375,0.8695870041847229
YGR202C,YJL168C,0,0.4776866,0.10473635047674179,0.9912109375,0.8696872591972351
YER155C,YLR263W,0,0.47645038,0.10472554713487625,0.9912109375,0.8697875142097473
YHR106W,YLR067C,0,0.47622,0.10471474379301071,0.9912109375,0.8698877096176147
YJL003W,YNL055C,0,0.47044528,0.10470394045114517,0.9912109375,0.869987964630127
YOR087W,YLR060W,0,0.4697088,0.10469313710927963,0.9912109375,0.8700882196426392
YOR193W,YAL028W,0,0.46918893,0.10468234121799469,0.9912109375,0.8701884746551514
YMR274C,YNL123W,0,0.46745378,0.10467154532670975,0.9912109375,0.8702886700630188
YOR117W,YDR427W,0,0.46541476,0.1046607568860054,0.9912109375,0.870388925075531
YER060W-A,YNR030W,0,0.4635676,0.10464996099472046,0.9912109375,0.8704891800880432
YGR178C,YER032W,0,0.46127617,0.10463917255401611,0.9912109375,0.8705894351005554
YML098W,YJL179W,0,0.46097243,0.10462839156389236,0.9912109375,0.8706896305084229
YDR129C,YLR001C,0,0.460828,0.10461760312318802,0.9912109375,0.8707898855209351
YLR052W,YNL066W,0,0.46021205,0.10460682213306427,0.9912109375,0.8708901405334473
YDR469W,YNL048W,0,0.45994344,0.10459604114294052,0.9912109375,0.8709903955459595
YOL009C,YLR220W,0,0.45963502,0.10458526760339737,0.9912109375,0.8710905909538269
YLR085C,YKL002W,0,0.45939434,0.10457448661327362,0.9912109375,0.8711908459663391
YER093C,YGR120C,0,0.45895386,0.10456372052431107,0.9912109375,0.8712911009788513
YPL049C,YHR106W,0,0.45747253,0.10455294698476791,0.9912109375,0.8713913559913635
YGR266W,YHR138C,0,0.45652592,0.10454218089580536,0.9912109375,0.871491551399231
YDR129C,YPR131C,0,0.45603567,0.10453140735626221,0.9912109375,0.8715918064117432
YKR027W,YGR244C,0,0.4548614,0.10452064871788025,0.9912109375,0.8716920614242554
YNL183C,YHR138C,0,0.45456627,0.1045098826289177,0.9912109375,0.8717923164367676
YOR249C,YJR050W,0,0.45118725,0.10449912399053574,0.9912109375,0.8718925714492798
YOR260W,YOL051W,0,0.45049095,0.10448836535215378,0.9912109375,0.8719927668571472
YDR289C,YOR060C,0,0.4499427,0.10447761416435242,0.9912109375,0.8720930218696594
YOR026W,YDR200C,0,0.4497983,0.10446685552597046,0.9912109375,0.8721932768821716
YDR145W,YDR039C,0,0.44913447,0.1044561043381691,0.9912109375,0.8722935318946838
YBR272C,YGL105W,0,0.44890025,0.10444536060094833,0.9912109375,0.8723937273025513
YDR515W,YNR019W,0,0.44831446,0.10443460941314697,0.9912109375,0.8724939823150635
YJL162C,YIL137C,0,0.44808528,0.10442386567592621,0.9912109375,0.8725942373275757
YPL100W,YDR303C,0,0.44656646,0.10441312938928604,0.9912109375,0.8726944923400879
YLR223C,YGL078C,0,0.445911,0.10440238565206528,0.9912109375,0.8727946877479553
YAL030W,YGL111W,0,0.44274902,0.10439164936542511,0.9912109375,0.8728949427604675
YLL048C,YOR271C,1,0.44255054,0.10448375344276428,0.9921875,0.8728949427604675
YGL231C,YBL005W,0,0.44247967,0.10447300970554352,0.9921875,0.8729951977729797
YKR100C,YLR337C,0,0.44179332,0.10446226596832275,0.9921875,0.8730954527854919
YNL051W,YGL025C,0,0.4416735,0.10445152968168259,0.9921875,0.8731956481933594
YLR019W,YDR301W,0,0.44063932,0.10444078594446182,0.9921875,0.8732959032058716
YNL250W,YLR347C,0,0.43673223,0.10443005710840225,0.9921875,0.8733961582183838
YKL196C,YMR237W,0,0.43649217,0.10441932082176208,0.9921875,0.873496413230896
YOL029C,YLR092W,0,0.43625918,0.10440859198570251,0.9921875,0.8735966086387634
YGR007W,YDR437W,0,0.4357059,0.10439786314964294,0.9921875,0.8736968636512756
YLL026W,YLR260W,0,0.43394095,0.10438713431358337,0.9921875,0.8737971186637878
YOR048C,YOR341W,0,0.43357846,0.1043764129281044,0.9921875,0.8738973736763
YDR227W,YBR268W,0,0.43309876,0.10436569154262543,0.9921875,0.8739975690841675
YPR188C,YDL135C,0,0.4327834,0.10435497015714645,0.9921875,0.8740978240966797
YOL069W,YOR258W,0,0.4311244,0.10434425622224808,0.9921875,0.8741980791091919
YIL154C,YGL105W,0,0.43045974,0.1043335422873497,0.9921875,0.8742983341217041
YIL007C,YDR289C,0,0.4287306,0.10432282835245132,0.9921875,0.8743985295295715
YLR004C,YGL116W,0,0.42441458,0.10431211441755295,0.9921875,0.8744987845420837
YHL006C,YDR303C,0,0.42416584,0.10430140793323517,0.9921875,0.874599039554596
YGL196W,YHL006C,0,0.42247885,0.10429070144891739,0.9921875,0.8746992945671082
YKL134C,YGL240W,0,0.41998756,0.10427999496459961,0.9921875,0.8747994899749756
YNL020C,YLR451W,0,0.41938522,0.10426929593086243,0.9921875,0.8748997449874878
YDR122W,YOR019W,0,0.41809267,0.10425859689712524,0.9921875,0.875
YLR324W,YGR055W,0,0.41707045,0.10424789786338806,0.9921875,0.8751002550125122
YJR132W,YPR086W,0,0.41650593,0.10423719882965088,0.9921875,0.8752005100250244
YPL168W,YMR001C,0,0.4164232,0.1042265072464943,0.9921875,0.8753007054328918
YML045W,YHR020W,0,0.41241404,0.10421581566333771,0.9921875,0.875400960445404
YPL146C,YHR201C,0,0.41234902,0.10420513153076172,0.9921875,0.8755012154579163
YMR192W,YPL189W,0,0.41232637,0.10419443994760513,0.9921875,0.8756014704704285
YJL054W,YFR040W,0,0.41117322,0.10418375581502914,0.9921875,0.8757016658782959
YNL038W,YPL061W,0,0.40967274,0.10417307168245316,0.9921875,0.8758019208908081
YCR091W,YBR193C,0,0.40930566,0.10416239500045776,0.9921875,0.8759021759033203
YGR099W,YPR008W,0,0.4092528,0.10415171831846237,0.9921875,0.8760024309158325
YDR256C,YOR060C,0,0.4091873,0.10414104163646698,0.9921875,0.8761026263237
YOL135C,YGL171W,0,0.40847343,0.10413036495447159,0.9921875,0.8762028813362122
YML067C,YGR283C,0,0.4018498,0.1041196957230568,0.9921875,0.8763031363487244
YNL054W,YDL243C,0,0.40170598,0.104109026491642,0.9921875,0.8764033913612366
YGL016W,YPL049C,0,0.40036607,0.1040983572602272,0.9921875,0.876503586769104
YLR023C,YLL014W,0,0.39888647,0.104087695479393,0.9921875,0.8766038417816162
YCR086W,YPL198W,0,0.39844823,0.10407703369855881,0.9921875,0.8767040967941284
YLL018C,YOR252W,0,0.39822882,0.10406637191772461,0.9921875,0.8768043518066406
YML023C,YBR191W,0,0.39781928,0.10405571758747101,0.9921875,0.8769045472145081
YMR215W,YKR088C,0,0.39688393,0.10404505580663681,0.9921875,0.8770048022270203
YOR091W,YLL018C,0,0.39619377,0.10403440147638321,0.9921875,0.8771050572395325
YIL130W,YMR153W,0,0.3960088,0.1040237545967102,0.9921875,0.8772053122520447
YMR262W,YLR384C,0,0.3957119,0.1040131077170372,0.9921875,0.8773055076599121
YCL017C,YDL117W,0,0.39433834,0.1040024533867836,0.9921875,0.8774057626724243
YDR367W,YPL225W,0,0.39415073,0.10399181395769119,0.9921875,0.8775060176849365
YIL052C,YGL139W,0,0.39385295,0.10398116707801819,0.9921875,0.8776062726974487
YJL168C,YGL129C,0,0.39241946,0.10397052764892578,0.9921875,0.8777064681053162
YLR432W,YOL135C,0,0.39217004,0.10395988821983337,0.9921875,0.8778067231178284
YGR283C,YGL058W,0,0.39150536,0.10394925624132156,0.9921875,0.8779069781303406
YBR153W,YJR041C,0,0.39111567,0.10393861681222916,0.9921875,0.8780072331428528
YOR193W,YIL005W,0,0.38997316,0.10392798483371735,0.9921875,0.8781074285507202
YML016C,YNL176C,0,0.38973352,0.10391736030578613,0.9921875,0.8782076835632324
YPL115C,YDR359C,0,0.38838327,0.10390672832727432,0.9921875,0.8783079385757446
YGR004W,YOR048C,0,0.38810647,0.10389610379934311,0.9921875,0.8784081935882568
YDR127W,YHL026C,0,0.38748062,0.1038854792714119,0.9921875,0.878508448600769
YOR068C,YIL120W,0,0.38640887,0.10387486219406128,0.9921875,0.8786086440086365
YIL022W,YPL176C,0,0.38282344,0.10386423766613007,0.9921875,0.8787088990211487
YML013W,YLR093C,0,0.3808164,0.10385362058877945,0.9921875,0.8788091540336609
YGR046W,YBR119W,0,0.3793795,0.10384301096200943,0.9921875,0.8789094090461731
YDR188W,YBR049C,0,0.37553084,0.10383239388465881,0.9921875,0.8790096044540405
YBL007C,YIL005W,0,0.3741213,0.1038217842578888,0.9921875,0.8791098594665527
YGL092W,YPL176C,0,0.373092,0.10381117463111877,0.9921875,0.8792101144790649
YLR006C,YPL140C,0,0.37282848,0.10380057245492935,0.9921875,0.8793103694915771
YPL116W,YGL129C,0,0.3726955,0.10378997027873993,0.9921875,0.8794105648994446
YGR099W,YOR157C,0,0.37263268,0.1037793681025505,0.9921875,0.8795108199119568
YNL263C,YMR192W,0,0.37090945,0.10376876592636108,0.9921875,0.879611074924469
YML098W,YDL117W,0,0.37063736,0.10375817120075226,0.9921875,0.8797113299369812
YGR235C,YLL026W,0,0.3689009,0.10374757647514343,0.9921875,0.8798115253448486
YGL144C,YLR323C,0,0.36837134,0.1037369817495346,0.9921875,0.8799117803573608
YGR122W,YML047C,0,0.36790133,0.10372639447450638,0.9921875,0.880012035369873
YBR114W,YML057W,0,0.3675149,0.10371579974889755,0.9921875,0.8801122903823853
YGR099W,YML057W,0,0.3663006,0.10370521247386932,0.9921875,0.8802124857902527
YNL167C,YMR105C,0,0.3658043,0.10369463264942169,0.9921875,0.8803127408027649
YBR038W,YOR068C,0,0.3653667,0.10368405282497406,0.9921875,0.8804129958152771
YBR169C,YKR077W,0,0.3653586,0.10367347300052643,0.9921875,0.8805132508277893
YPL138C,YDL100C,0,0.36444414,0.1036628931760788,0.9921875,0.8806134462356567
YDR189W,YJL162C,0,0.36357397,0.10365231335163116,0.9921875,0.880713701248169
YAL011W,YIL130W,0,0.36282244,0.10364174097776413,0.9921875,0.8808139562606812
YPR046W,YDL102W,0,0.35955262,0.1036311686038971,0.9921875,0.8809142112731934
YDR078C,YAL026C,0,0.35941356,0.10362060368061066,0.9921875,0.8810144066810608
YJL162C,YKL029C,0,0.35805124,0.10361003130674362,0.9921875,0.881114661693573
YNL164C,YML047C,0,0.35673857,0.10359946638345718,0.9921875,0.8812149167060852
YKL063C,YDR200C,0,0.35655677,0.10358890891075134,0.9921875,0.8813151717185974
YLR093C,YNR037C,0,0.35651553,0.1035783439874649,0.9921875,0.8814154267311096
YFL026W,YGL151W,0,0.35586438,0.10356778651475906,0.9921875,0.881515622138977
YLR288C,YDL134C,0,0.35566914,0.10355722904205322,0.9921875,0.8816158771514893
YKL016C,YKL149C,0,0.35522947,0.10354667901992798,0.9921875,0.8817161321640015
YLL031C,YOL116W,0,0.35210913,0.10353612899780273,0.9921875,0.8818163871765137
YOR264W,YLR299W,0,0.3503704,0.10352557897567749,0.9921875,0.8819165825843811
YNL031C,YDL018C,0,0.3492651,0.10351502895355225,0.9921875,0.8820168375968933
YNL051W,YKR049C,0,0.34490126,0.103504478931427,0.9921875,0.8821170926094055
YPR057W,YHR106W,0,0.3435001,0.10349393635988235,0.9921875,0.8822173476219177
YEL017C-A,YGL008C,1,0.34319875,0.10358525067567825,0.9931640625,0.8822173476219177
YJR123W,YEL051W,0,0.34230626,0.10357470065355301,0.9931640625,0.8823175430297852
YER041W,YLR347C,0,0.3409008,0.10356415808200836,0.9931640625,0.8824177980422974
YHR205W,YHR165C,0,0.33771297,0.10355360805988312,0.9931640625,0.8825180530548096
YHR035W,YLR352W,0,0.33656517,0.10354306548833847,0.9931640625,0.8826183080673218
YMR053C,YDL106C,0,0.3363921,0.10353252291679382,0.9931640625,0.8827185034751892
YDR256C,YOR250C,0,0.3350478,0.10352198779582977,0.9931640625,0.8828187584877014
YAL059W,YKL060C,0,0.33322388,0.10351145267486572,0.9931640625,0.8829190135002136
YCR045C,YDR399W,0,0.33263722,0.10350091755390167,0.9931640625,0.8830192685127258
YKL064W,YGL006W,1,0.33233082,0.10359214246273041,0.994140625,0.8830192685127258
YBR043C,YKR077W,0,0.33188838,0.10358159989118576,0.994140625,0.8831194639205933
YOL069W,YLR384C,0,0.3316359,0.10357106477022171,0.994140625,0.8832197189331055
YLR435W,YPR086W,0,0.33155143,0.10356052964925766,0.994140625,0.8833199739456177
YDR175C,YDR407C,0,0.32962203,0.10354999452829361,0.994140625,0.8834202289581299
YDR129C,YLR352W,0,0.32902604,0.10353945940732956,0.994140625,0.8835204243659973
YNL103W,YAL015C,0,0.32897362,0.1035289317369461,0.994140625,0.8836206793785095
YNL051W,YHL038C,0,0.3264132,0.10351840406656265,0.994140625,0.8837209343910217
YJR102C,YNL081C,0,0.32622176,0.1035078763961792,0.994140625,0.8838211894035339
YKR096W,YOL023W,0,0.3222195,0.10349735617637634,0.994140625,0.8839213848114014
YOR252W,YLR417W,0,0.3220928,0.10348683595657349,0.994140625,0.8840216398239136
YOR090C,YMR081C,0,0.3207373,0.10347631573677063,0.994140625,0.8841218948364258
YGL087C,YNL068C,0,0.31699562,0.10346580296754837,0.994140625,0.884222149848938
YIL056W,YDR165W,0,0.3167233,0.10345528274774551,0.994140625,0.8843223452568054
YML076C,YKR099W,0,0.31635472,0.10344476997852325,0.994140625,0.8844226002693176
YDR235W,YPL117C,0,0.3162223,0.10343426465988159,0.994140625,0.8845228552818298
YGL067W,YGL192W,0,0.31603247,0.10342375189065933,0.994140625,0.884623110294342
YMR048W,YML013W,0,0.3141926,0.10341324657201767,0.994140625,0.8847233653068542
YLR345W,YGL096W,0,0.31253827,0.10340274125337601,0.994140625,0.8848235607147217
YJR046W,YML096W,0,0.31211552,0.10339224338531494,0.994140625,0.8849238157272339
YJR035W,YDR308C,0,0.31203732,0.10338173806667328,0.994140625,0.8850240707397461
YJL183W,YGR283C,0,0.30400878,0.10337124019861221,0.994140625,0.8851243257522583
YLR067C,YGL049C,0,0.3028983,0.10336074978113174,0.994140625,0.8852245211601257
YCL035C,YHR080C,0,0.30268288,0.10335025191307068,0.994140625,0.8853247761726379
YGR120C,YOR048C,0,0.3017224,0.10333976149559021,0.994140625,0.8854250311851501
YGR017W,YBR146W,0,0.29998383,0.10332927107810974,0.994140625,0.8855252861976624
YOR191W,YLR143W,0,0.29828715,0.10331878811120987,0.994140625,0.8856254816055298
YBR091C,YKL099C,0,0.29827794,0.1033082976937294,0.994140625,0.885725736618042
YDR021W,YOR086C,0,0.29757568,0.10329781472682953,0.994140625,0.8858259916305542
YHL038C,YGL144C,0,0.2972431,0.10328733921051025,0.994140625,0.8859262466430664
YFL061W,YIL096C,0,0.29703814,0.10327685624361038,0.994140625,0.8860264420509338
YML041C,YJR050W,0,0.29579982,0.10326638072729111,0.994140625,0.886126697063446
YNL247W,YDL211C,0,0.29342797,0.10325590521097183,0.994140625,0.8862269520759583
YML102W,YNL161W,0,0.2920833,0.10324543714523315,0.994140625,0.8863272070884705
YBR279W,YPR086W,0,0.29195562,0.10323496907949448,0.994140625,0.8864274024963379
YDL235C,YHR122W,0,0.29162586,0.1032245010137558,0.994140625,0.8865276575088501
YGL067W,YMR192W,0,0.2897664,0.10321403294801712,0.994140625,0.8866279125213623
YDL243C,YPL058C,0,0.2857285,0.10320356488227844,0.994140625,0.8867281675338745
YBR112C,YDR406W,0,0.2847035,0.10319310426712036,0.994140625,0.8868283629417419
YDL240W,YEL001C,0,0.28261286,0.10318265110254288,0.994140625,0.8869286179542542
YBL056W,YBR191W,0,0.28208452,0.1031721904873848,0.994140625,0.8870288729667664
YDL003W,YKL134C,0,0.28206885,0.10316173732280731,0.994140625,0.8871291279792786
YOR158W,YMR237W,0,0.27935392,0.10315128415822983,0.994140625,0.887229323387146
YJL179W,YLR175W,0,0.27867624,0.10314083099365234,0.994140625,0.8873295783996582
YMR110C,YNL036W,0,0.27832004,0.10313038527965546,0.994140625,0.8874298334121704
YBR119W,YLR363C,0,0.27661967,0.10311993211507797,0.994140625,0.8875300884246826
YLR426W,YLR288C,0,0.27371904,0.10310949385166168,0.994140625,0.88763028383255
YIR026C,YLR263W,0,0.26942718,0.1030990481376648,0.994140625,0.8877305388450623
YML011C,YOR357C,0,0.26927614,0.1030886098742485,0.994140625,0.8878307938575745
YOL154W,YHR024C,0,0.26541048,0.10307817161083221,0.994140625,0.8879310488700867
YBR107C,YNL173C,0,0.2654071,0.10306773334741592,0.994140625,0.8880313038825989
YMR192W,YDR437W,0,0.26454747,0.10305730253458023,0.994140625,0.8881314992904663
YBR211C,YER081W,0,0.26434082,0.10304686427116394,0.994140625,0.8882317543029785
YPL207W,YMR205C,0,0.2642687,0.10303644090890884,0.994140625,0.8883320093154907
YOR189W,YNL038W,0,0.26345348,0.10302601009607315,0.994140625,0.8884322643280029
YGL092W,YNL240C,0,0.26255602,0.10301558673381805,0.994140625,0.8885324597358704
YMR076C,YDR350C,0,0.262339,0.10300516337156296,0.994140625,0.8886327147483826
YGL061C,YDR273W,0,0.26190203,0.10299474000930786,0.994140625,0.8887329697608948
YHR103W,YOL023W,0,0.26141247,0.10298431664705276,0.994140625,0.888833224773407
YLR315W,YHR133C,0,0.25903428,0.10297390073537827,0.994140625,0.8889334201812744
YJR046W,YDR200C,0,0.25800177,0.10296348482370377,0.994140625,0.8890336751937866
YJR035W,YMR009W,0,0.2577269,0.10295307636260986,0.994140625,0.8891339302062988
YGR170W,YDL154W,0,0.25747785,0.10294266045093536,0.994140625,0.889234185218811
YJR153W,YJL058C,0,0.25506005,0.10293225198984146,0.994140625,0.8893343806266785
YBR114W,YNL059C,0,0.25423253,0.10292185097932816,0.994140625,0.8894346356391907
YKL149C,YER041W,0,0.25369143,0.10291144251823425,0.994140625,0.8895348906517029
YPL076W,YOR330C,0,0.25254714,0.10290104150772095,0.994140625,0.8896351456642151
YPL001W,YCL064C,0,0.25133353,0.10289064049720764,0.994140625,0.8897353410720825
YLL006W,YKL006W,0,0.24993896,0.10288023948669434,0.994140625,0.8898355960845947
YMR237W,YLR337C,0,0.24805072,0.10286984592676163,0.994140625,0.8899358510971069
YML004C,YIL167W,0,0.24741796,0.10285945236682892,0.994140625,0.8900361061096191
YMR063W,YPL233W,0,0.24651766,0.10284905880689621,0.994140625,0.8901363015174866
YLR039C,YIL147C,0,0.24623755,0.1028386726975441,0.994140625,0.8902365565299988
YPR010C,YNL066W,0,0.24443303,0.10282827913761139,0.994140625,0.890336811542511
YLR361C,YPR007C,0,0.24043354,0.10281790047883987,0.994140625,0.8904370665550232
YDR430C,YPL161C,0,0.24042934,0.10280751436948776,0.994140625,0.8905372619628906
YDR308C,YPL178W,0,0.23816144,0.10279713571071625,0.994140625,0.8906375169754028
YDL235C,YOR109W,0,0.2363798,0.10278674960136414,0.994140625,0.890737771987915
YKL069W,YKL081W,0,0.23528552,0.10277637839317322,0.994140625,0.8908380270004272
YML059C,YML061C,0,0.23373312,0.1027659997344017,0.994140625,0.8909382224082947
YJR035W,YLR067C,0,0.23333228,0.10275562852621078,0.994140625,0.8910384774208069
YGR080W,YDL117W,0,0.22859116,0.10274525731801987,0.994140625,0.8911387324333191
YLL055W,YGL006W,1,0.22741984,0.10283580422401428,0.9951171875,0.8911387324333191
YER179W,YHR142W,0,0.22628585,0.10282542556524277,0.9951171875,0.8912389874458313
YNL076W,YER167W,0,0.22553346,0.10281505435705185,0.9951171875,0.8913392424583435
YFR047C,YHR114W,0,0.22517616,0.10280468314886093,0.9951171875,0.8914394378662109
YBR114W,YGR253C,0,0.22359197,0.10279431194067001,0.9951171875,0.8915396928787231
YMR274C,YPL179W,0,0.22238512,0.1027839407324791,0.9951171875,0.8916399478912354
YKL081W,YML047C,0,0.2199862,0.10277357697486877,0.9951171875,0.8917402029037476
YMR076C,YER177W,0,0.2193597,0.10276321321725845,0.9951171875,0.891840398311615
YPL115C,YPR175W,0,0.2181412,0.10275284945964813,0.9951171875,0.8919406533241272
YDL113C,YHL021C,0,0.21758085,0.10274248570203781,0.9951171875,0.8920409083366394
YLR293C,YJR027W,0,0.21485674,0.10273212939500809,0.9951171875,0.8921411633491516
YFR031C-A,YOR236W,0,0.2134377,0.10272177308797836,0.9951171875,0.892241358757019
YPR105C,YGL045W,0,0.2111058,0.10271141678094864,0.9951171875,0.8923416137695312
YML061C,YOR048C,0,0.2108857,0.10270106792449951,0.9951171875,0.8924418687820435
YMR234W,YGR120C,0,0.2087726,0.10269071906805038,0.9951171875,0.8925421237945557
YGL196W,YOL023W,0,0.2082187,0.10268037021160126,0.9951171875,0.8926423192024231
YDR098C,YCR016W,0,0.20760624,0.10267002880573273,0.9951171875,0.8927425742149353
YHR165C,YLR328W,0,0.20726565,0.1026596799492836,0.9951171875,0.8928428292274475
YMR063W,YHL031C,0,0.20580292,0.10264933854341507,0.9951171875,0.8929430842399597
YER139C,YDL149W,0,0.20568275,0.10263899713754654,0.9951171875,0.8930432796478271
YPR003C,YGR296W,0,0.20466983,0.1026286631822586,0.9951171875,0.8931435346603394
YDR041W,YJL058C,0,0.20384803,0.10261832922697067,0.9951171875,0.8932437896728516
YOR236W,YDR190C,0,0.20008193,0.10260799527168274,0.9951171875,0.8933440446853638
YPL179W,YNL176C,0,0.20006545,0.1025976613163948,0.9951171875,0.8934442400932312
YDL113C,YNL094W,0,0.19904593,0.10258733481168747,0.9951171875,0.8935444951057434
YKR049C,YDR397C,0,0.19660974,0.10257700830698013,0.9951171875,0.8936447501182556
YLR234W,YDR398W,0,0.19564104,0.1025666818022728,0.9951171875,0.8937450051307678
YBR054W,YMR207C,0,0.19560874,0.10255636274814606,0.9951171875,0.8938452005386353
YGL070C,YBR121C,0,0.19415379,0.10254604369401932,0.9951171875,0.8939454555511475
YJR035W,YGL070C,0,0.19226402,0.10253572463989258,0.9951171875,0.8940457105636597
YML059C,YCL035C,0,0.19094086,0.10252540558576584,0.9951171875,0.8941459655761719
YKL069W,YNR037C,0,0.19083798,0.1025150939822197,0.9951171875,0.8942462205886841
YDL106C,YDR438W,0,0.19028822,0.10250477492809296,0.9951171875,0.8943464159965515
YGR103W,YBR034C,0,0.18961442,0.10249447077512741,0.9951171875,0.8944466710090637
YKL029C,YDR437W,0,0.18900114,0.10248415917158127,0.9951171875,0.8945469260215759
YHR185C,YPL239W,0,0.18364125,0.10247385501861572,0.9951171875,0.8946471810340881
YOR189W,YHR118C,0,0.18318897,0.10246355086565018,0.9951171875,0.8947473764419556
YKL079W,YKR083C,0,0.18310261,0.10245324671268463,0.9951171875,0.8948476314544678
YJL186W,YPL253C,0,0.18135604,0.10244295001029968,0.9951171875,0.89494788646698
YMR225C,YLR323C,0,0.17879927,0.10243265330791473,0.9951171875,0.8950481414794922
YDR430C,YGL107C,0,0.17751235,0.10242235660552979,0.9951171875,0.8951483368873596
YKR079C,YJL179W,0,0.17638713,0.10241205990314484,0.9951171875,0.8952485918998718
YDR038C,YDR040C,1,0.17615473,0.1025022640824318,0.99609375,0.8952485918998718
YGL063W,YIL096C,0,0.17257069,0.10249195992946625,0.99609375,0.895348846912384
YKL145W,YOR319W,0,0.16823171,0.1024816632270813,0.99609375,0.8954491019248962
YBL008W,YDR087C,0,0.16721638,0.10247136652469635,0.99609375,0.8955492973327637
YLR215C,YER167W,0,0.16662884,0.102461077272892,0.99609375,0.8956495523452759
YFR027W,YDR108W,0,0.16631174,0.10245078057050705,0.99609375,0.8957498073577881
YDR427W,YFR038W,0,0.16629139,0.1024404913187027,0.99609375,0.8958500623703003
YML045W,YBR049C,0,0.1647886,0.10243020951747894,0.99609375,0.8959502577781677
YMR261C,YLL067C,0,0.16370863,0.10241992026567459,0.99609375,0.8960505127906799
YNR038W,YKL005C,0,0.16362363,0.10240963846445084,0.99609375,0.8961507678031921
YFR031C-A,YOR048C,0,0.16250926,0.10239935666322708,0.99609375,0.8962510228157043
YGL231C,YHR106W,0,0.16188645,0.10238907486200333,0.99609375,0.8963512182235718
YGR217W,YIL120W,0,0.16085854,0.10237880051136017,0.99609375,0.896451473236084
YPL209C,YDR375C,0,0.1572987,0.10236852616071701,0.99609375,0.8965517282485962
YBR248C,YDR412W,0,0.15712094,0.10235825181007385,0.99609375,0.8966519832611084
YIL147C,YHR197W,0,0.15711683,0.10234798491001129,0.99609375,0.8967521786689758
YDL100C,YPL130W,0,0.15439391,0.10233771800994873,0.99609375,0.896852433681488
YOR004W,YDR108W,0,0.15254357,0.10232745110988617,0.99609375,0.8969526886940002
YHL038C,YDR386W,0,0.1518975,0.10231718420982361,0.99609375,0.8970529437065125
YGL073W,YDL135C,0,0.15081975,0.10230691730976105,0.99609375,0.8971531391143799
YBL063W,YML096W,0,0.15026951,0.10229665786027908,0.99609375,0.8972533941268921
YLR260W,YDL139C,0,0.14989495,0.10228639841079712,0.99609375,0.8973536491394043
YEL005C,YOR189W,0,0.14847794,0.10227614641189575,0.99609375,0.8974539041519165
YLR239C,YGR040W,0,0.14554787,0.10226589441299438,0.99609375,0.8975541591644287
YML081W,YHR037W,0,0.14257842,0.10225564241409302,0.99609375,0.8976543545722961
YKL014C,YOR078W,0,0.14161342,0.10224539041519165,0.99609375,0.8977546095848083
YDL046W,YGL240W,0,0.14001763,0.10223513841629028,0.99609375,0.8978548645973206
YDL189W,YIR004W,0,0.14001437,0.10222489386796951,0.99609375,0.8979551196098328
YPL133C,YGL116W,0,0.13877258,0.10221464931964874,0.99609375,0.8980553150177002
YIL030C,YDR087C,0,0.1325795,0.10220441222190857,0.99609375,0.8981555700302124
YGL098W,YDL134C,0,0.1315993,0.1021941676735878,0.99609375,0.8982558250427246
YDR129C,YGR205W,0,0.13129747,0.10218393057584763,0.99609375,0.8983560800552368
YPL075W,YBL005W,0,0.12814236,0.10217369347810745,0.99609375,0.8984562754631042
YDL189W,YOR195W,0,0.1251747,0.10216346383094788,0.99609375,0.8985565304756165
YPL063W,YCL067C,0,0.121897995,0.1021532267332077,0.99609375,0.8986567854881287
YLR068W,YNL118C,0,0.121085085,0.10214299708604813,0.99609375,0.8987570405006409
YMR072W,YFR053C,0,0.12082085,0.10213277488946915,0.99609375,0.8988572359085083
YDR350C,YIL153W,0,0.120529465,0.10212254524230957,0.99609375,0.8989574909210205
YDL209C,YGL016W,0,0.120520234,0.10211232304573059,0.99609375,0.8990577459335327
YOR078W,YGL129C,0,0.11926113,0.10210210084915161,0.99609375,0.8991580009460449
YDR287W,YIL130W,0,0.115095265,0.10209188610315323,0.99609375,0.8992581963539124
YMR232W,YPL100W,0,0.11448711,0.10208166390657425,0.99609375,0.8993584513664246
YML061C,YDR257C,0,0.11281969,0.10207144916057587,0.99609375,0.8994587063789368
YAL019W,YLR011W,0,0.11031191,0.10206123441457748,0.99609375,0.899558961391449
YPR161C,YPR120C,0,0.1092273,0.1020510271191597,0.99609375,0.8996591567993164
YDL031W,YIL123W,0,0.107806236,0.10204081982374191,0.99609375,0.8997594118118286
YGL105W,YPL254W,0,0.10654494,0.10203061252832413,0.99609375,0.8998596668243408
YBR279W,YNL251C,0,0.10629015,0.10202040523290634,0.99609375,0.899959921836853
YDR406W,YMR313C,0,0.10271609,0.10201019793748856,0.99609375,0.9000601172447205
YDR517W,YDL139C,0,0.10203029,0.10199999809265137,0.99609375,0.9001603722572327
YBR181C,YDR261C,0,0.09827477,0.10198979824781418,0.99609375,0.9002606272697449
YDR406W,YDR057W,0,0.09742594,0.10197960585355759,0.99609375,0.9003608822822571
YDL175C,YER159C,0,0.095204145,0.1019694060087204,0.99609375,0.9004610776901245
YDR009W,YBR016W,0,0.092427015,0.1019592136144638,0.99609375,0.9005613327026367
YOR372C,YOR172W,0,0.091398984,0.10194902867078781,0.99609375,0.9006615877151489
YHR113W,YHL031C,0,0.090864465,0.10193883627653122,0.99609375,0.9007618427276611
YML067C,YNL181W,0,0.08954458,0.10192865133285522,0.99609375,0.9008620977401733
YOR267C,YNL025C,0,0.088027954,0.10191846638917923,0.99609375,0.9009622931480408
YJL110C,YOL116W,0,0.08793673,0.10190828144550323,0.99609375,0.901062548160553
YNL263C,YPR120C,0,0.087666005,0.10189810395240784,0.99609375,0.9011628031730652
YDL175C,YMR207C,0,0.08452338,0.10188792645931244,0.99609375,0.9012630581855774
YPL210C,YPR174C,0,0.083996594,0.10187774896621704,0.99609375,0.9013632535934448
YPL176C,YOL135C,0,0.08367309,0.10186757147312164,0.99609375,0.901463508605957
YBR211C,YMR048W,0,0.08301091,0.10185740143060684,0.99609375,0.9015637636184692
YMR053C,YNL036W,0,0.08276951,0.10184723138809204,0.99609375,0.9016640186309814
YDR406W,YGL151W,0,0.08034611,0.10183706134557724,0.99609375,0.9017642140388489
YBR069C,YPL254W,0,0.07852507,0.10182689130306244,0.99609375,0.9018644690513611
YKL197C,YHR090C,0,0.07787442,0.10181672871112823,0.99609375,0.9019647240638733
YOR241W,YBR060C,0,0.077460885,0.10180656611919403,0.99609375,0.9020649790763855
YNL173C,YLR181C,0,0.07569171,0.10179640352725983,0.99609375,0.9021651744842529
YKL110C,YDR257C,0,0.07237297,0.10178624838590622,0.99609375,0.9022654294967651
YJL078C,YGR004W,0,0.0690476,0.10177609324455261,0.99609375,0.9023656845092773
YML057W,YDL076C,0,0.06882912,0.101765938103199,0.99609375,0.9024659395217896
YDR325W,YPL156C,0,0.0676412,0.1017557829618454,0.99609375,0.902566134929657
YLR059C,YPL198W,0,0.06646848,0.10174563527107239,0.99609375,0.9026663899421692
YHR035W,YOL029C,0,0.06423387,0.10173548758029938,0.99609375,0.9027666449546814
YHR158C,YKL087C,0,0.061837316,0.10172533988952637,0.99609375,0.9028668999671936
YAL007C,YLR075W,0,0.06171596,0.10171519964933395,0.99609375,0.902967095375061
YOR129C,YMR313C,0,0.06141351,0.10170505195856094,0.99609375,0.9030673503875732
YML021C,YPL224C,0,0.058311462,0.10169491171836853,0.99609375,0.9031676054000854
YPR095C,YBR085W,0,0.05788958,0.10168477892875671,0.99609375,0.9032678604125977
YML067C,YGL192W,0,0.05582896,0.1016746386885643,0.99609375,0.9033680558204651
YIL167W,YJL069C,0,0.05377543,0.10166450589895248,0.99609375,0.9034683108329773
YGR057C,YMR035W,0,0.05274768,0.10165437310934067,0.99609375,0.9035685658454895
YIL068C,YML057W,0,0.052064657,0.10164424777030945,0.99609375,0.9036688208580017
YDL124W,YOR227W,0,0.05046487,0.10163411498069763,0.99609375,0.9037690162658691
YER179W,YMR207C,0,0.048673972,0.10162398964166641,0.99609375,0.9038692712783813
YOR207C,YPL198W,0,0.045648694,0.10161386430263519,0.99609375,0.9039695262908936
YBR038W,YER123W,0,0.044997454,0.10160374641418457,0.99609375,0.9040697813034058
YLR277C,YOR271C,0,0.044788375,0.10159362852573395,0.99609375,0.904170036315918
YMR063W,YJR054W,0,0.042573333,0.10158351063728333,0.99609375,0.9042702317237854
YEL048C,YPL207W,0,0.041775167,0.1015733927488327,0.99609375,0.9043704867362976
YGL018C,YCL064C,0,0.040767074,0.10156327486038208,0.99609375,0.9044707417488098
YGR170W,YGL231C,0,0.037341,0.10155316442251205,0.99609375,0.904570996761322
YKR078W,YDR268W,0,0.036153927,0.10154305398464203,0.99609375,0.9046711921691895
YGL025C,YGR007W,0,0.035270154,0.1015329509973526,0.99609375,0.9047714471817017
YEL018W,YNL118C,0,0.032737136,0.10152284055948257,0.99609375,0.9048717021942139
YNL164C,YGL105W,0,0.032636523,0.10151273757219315,0.99609375,0.9049719572067261
YBR119W,YPL225W,0,0.03150797,0.10150263458490372,0.99609375,0.9050721526145935
YJR123W,YGR083C,0,0.031144202,0.10149253904819489,0.99609375,0.9051724076271057
YOL098C,YJL186W,0,0.030524805,0.10148243606090546,0.99609375,0.9052726626396179
YIL037C,YNR024W,0,0.030336022,0.10147234052419662,0.99609375,0.9053729176521301
YJL186W,YNR053C,0,0.029696822,0.10146225243806839,0.99609375,0.9054731130599976
YJR042W,YNL176C,0,0.029069394,0.10145215690135956,0.99609375,0.9055733680725098
YGL028C,YMR055C,0,0.025735736,0.10144206881523132,0.99609375,0.905673623085022
YGL070C,YPL013C,0,0.025069296,0.10143198072910309,0.99609375,0.9057738780975342
YGL246C,YPL146C,0,0.023943007,0.10142189264297485,0.99609375,0.9058740735054016
YHR205W,YPR110C,0,0.023273557,0.10141181200742722,0.99609375,0.9059743285179138
YKL134C,YDL149W,0,0.021447659,0.10140173137187958,0.99609375,0.906074583530426
YKL155C,YOR059C,0,0.019585013,0.10139165073633194,0.99609375,0.9061748385429382
YDR287W,YIL069C,0,0.018401265,0.1013815701007843,0.99609375,0.9062750339508057
YER155C,YCR035C,0,0.017410934,0.10137149691581726,0.99609375,0.9063752889633179
YOR383C,YOR330C,0,0.015990198,0.10136142373085022,0.99609375,0.9064755439758301
YPR143W,YLL006W,0,0.0128240585,0.10135135054588318,0.99609375,0.9065757989883423
YPL234C,YPL021W,0,0.012271076,0.10134128481149673,0.99609375,0.9066759943962097
YGL067W,YOR157C,0,0.012020797,0.1013312116265297,0.99609375,0.9067762494087219
YKR096W,YMR262W,0,0.007689297,0.10132114589214325,0.99609375,0.9068765044212341
YBL035C,YPL207W,0,0.004573539,0.1013110876083374,0.99609375,0.9069767594337463
YOR004W,YER149C,0,0.0045285225,0.10130102187395096,0.99609375,0.9070770144462585
YGL098W,YOL029C,0,0.0045009106,0.10129096359014511,0.99609375,0.907177209854126
YGL093W,YDR257C,0,0.004492879,0.10128090530633926,0.99609375,0.9072774648666382
YPL168W,YGL045W,0,0.004004717,0.10127084702253342,0.99609375,0.9073777198791504
YHR050W,YMR177W,1,-0.0019767284,0.10136007517576218,0.9970703125,0.9073777198791504
YLR196W,YNL240C,0,-0.0022583008,0.10135000944137573,0.9970703125,0.9074779748916626
YGL067W,YDL139C,0,-0.012996048,0.10133995115756989,0.9970703125,0.90757817029953
YNL020C,YER093C,0,-0.013712406,0.10132989287376404,0.9970703125,0.9076784253120422
YBR060C,YNL029C,0,-0.014051676,0.10131983458995819,0.9970703125,0.9077786803245544
YIL118W,YLR382C,0,-0.01786986,0.10130978375673294,0.9970703125,0.9078789353370667
YNL051W,YDL102W,0,-0.019448444,0.10129973292350769,0.9970703125,0.9079791307449341
YDR091C,YGR094W,0,-0.019804582,0.10128968209028244,0.9970703125,0.9080793857574463
YNL250W,YGL127C,0,-0.020242922,0.10127963125705719,0.9970703125,0.9081796407699585
YLR215C,YPL175W,0,-0.023016036,0.10126958787441254,0.9970703125,0.9082798957824707
YNL076W,YIL173W,0,-0.02306801,0.10125954449176788,0.9970703125,0.9083800911903381
YJL003W,YLR299W,0,-0.024731755,0.10124950110912323,0.9970703125,0.9084803462028503
YNL137C,YDR212W,0,-0.026144266,0.10123946517705917,0.9970703125,0.9085806012153625
YLR181C,YGL219C,0,-0.027769342,0.10122942924499512,0.9970703125,0.9086808562278748
YPR008W,YGL226W,0,-0.0287399,0.10121939331293106,0.9970703125,0.9087810516357422
YNL133C,YHL006C,0,-0.029943973,0.101209357380867,0.9970703125,0.9088813066482544
YDL240W,YJL069C,0,-0.032712102,0.10119932889938354,0.9970703125,0.9089815616607666
YAL048C,YNL288W,0,-0.039061666,0.10118929296731949,0.9970703125,0.9090818166732788
YOR090C,YDR422C,0,-0.039469168,0.10117927193641663,0.9970703125,0.9091820120811462
YPL235W,YGL064C,0,-0.040212005,0.10116924345493317,0.9970703125,0.9092822670936584
YBR153W,YMR125W,0,-0.042061687,0.1011592224240303,0.9970703125,0.9093825221061707
YPL105C,YHR080C,0,-0.04238814,0.10114919394254684,0.9970703125,0.9094827771186829
YCR091W,YOR048C,0,-0.043017685,0.10113918036222458,0.9970703125,0.9095829725265503
YHR103W,YCR016W,0,-0.043698028,0.10112915933132172,0.9970703125,0.9096832275390625
YJL179W,YPL248C,0,-0.044950902,0.10111914575099945,0.9970703125,0.9097834825515747
YML059C,YOR032C,0,-0.045930445,0.10110913217067719,0.9970703125,0.9098837375640869
YGL073W,YGL111W,0,-0.04910455,0.10109911859035492,0.9970703125,0.9099839329719543
YPL056C,YLR190W,0,-0.049824864,0.10108911246061325,0.9970703125,0.9100841879844666
YEL048C,YGR057C,0,-0.05114329,0.10107909888029099,0.9970703125,0.9101844429969788
YPR175W,YPL126W,0,-0.05127096,0.10106909275054932,0.9970703125,0.910284698009491
YKL054C,YOR271C,0,-0.051537484,0.10105909407138824,0.9970703125,0.9103849530220032
YLR060W,YOR271C,0,-0.055602778,0.10104908794164658,0.9970703125,0.9104851484298706
YPR003C,YCL039W,0,-0.058661476,0.1010390892624855,0.9970703125,0.9105854034423828
YDR025W,YMR242C,0,-0.06317639,0.10102909058332443,0.9970703125,0.910685658454895
YOR027W,YML133C,0,-0.06590873,0.10101909935474396,0.9970703125,0.9107859134674072
YKR078W,YDR469W,0,-0.06724465,0.10100910067558289,0.9970703125,0.9108861088752747
YGL005C,YCR044C,0,-0.069518805,0.10099910944700241,0.9970703125,0.9109863638877869
YCR091W,YGL053W,0,-0.07027936,0.10098911821842194,0.9970703125,0.9110866189002991
YDR023W,YKR095W,0,-0.0711391,0.10097913444042206,0.9970703125,0.9111868739128113
YJR041C,YML016C,0,-0.072006404,0.10096914321184158,0.9970703125,0.9112870693206787
YCL044C,YJL058C,0,-0.07258761,0.1009591594338417,0.9970703125,0.9113873243331909
YLR239C,YOR358W,0,-0.07652879,0.10094917565584183,0.9970703125,0.9114875793457031
YDL175C,YOR253W,0,-0.079463854,0.10093919932842255,0.9970703125,0.9115878343582153
YBR130C,YMR177W,0,-0.07956153,0.10092922300100327,0.9970703125,0.9116880297660828
YGR120C,YLR352W,0,-0.08080113,0.10091924667358398,0.9970703125,0.911788284778595
YGL196W,YJR052W,0,-0.08276942,0.1009092703461647,0.9970703125,0.9118885397911072
YKR049C,YGR044C,0,-0.08289457,0.10089930146932602,0.9970703125,0.9119887948036194
YLR299W,YGL129C,0,-0.08432245,0.10088932514190674,0.9970703125,0.9120889902114868
YPR034W,YPL063W,0,-0.08620334,0.10087935626506805,0.9970703125,0.912189245223999
YIL118W,YNR053C,0,-0.08766276,0.10086939483880997,0.9970703125,0.9122895002365112
YLR249W,YLR068W,0,-0.09326062,0.10085942596197128,0.9970703125,0.9123897552490234
YFR014C,YGL139W,0,-0.09691012,0.1008494645357132,0.9970703125,0.9124899506568909
YDR367W,YGR217W,0,-0.09803897,0.10083950310945511,0.9970703125,0.9125902056694031
YBL087C,YLR293C,0,-0.09965806,0.10082954913377762,0.9970703125,0.9126904606819153
YKL058W,YOR048C,0,-0.101566315,0.10081958770751953,0.9970703125,0.9127907156944275
YOR018W,YLR382C,0,-0.10252561,0.10080963373184204,0.9970703125,0.9128909111022949
YDL072C,YMR133W,0,-0.10293617,0.10079968720674515,0.9970703125,0.9129911661148071
YGL092W,YNL180C,0,-0.10342491,0.10078973323106766,0.9970703125,0.9130914211273193
YLR223C,YNR024W,0,-0.103571415,0.10077978670597076,0.9970703125,0.9131916761398315
YDL243C,YPR131C,0,-0.106877685,0.10076984018087387,0.9970703125,0.913291871547699
YLR215C,YLR011W,0,-0.11004829,0.10075989365577698,0.9970703125,0.9133921265602112
YPR175W,YKR083C,0,-0.1103096,0.10074994713068008,0.9970703125,0.9134923815727234
YPL138C,YLR360W,0,-0.115709946,0.10074000805616379,0.9970703125,0.9135926365852356
YLR011W,YKL040C,0,-0.11953609,0.10073006898164749,0.9970703125,0.9136928915977478
YOR207C,YMR131C,0,-0.12032807,0.10072013735771179,0.9970703125,0.9137930870056152
YGR204W,YBR121C,0,-0.12227294,0.1007101982831955,0.9970703125,0.9138933420181274
YHR205W,YDL093W,0,-0.12253004,0.1007002666592598,0.9970703125,0.9139935970306396
YDL081C,YNR053C,0,-0.12291476,0.1006903350353241,0.9970703125,0.9140938520431519
YBR060C,YPR141C,0,-0.124447286,0.1006804034113884,0.9970703125,0.9141940474510193
YLL006W,YNL118C,0,-0.12464299,0.1006704792380333,0.9970703125,0.9142943024635315
YLR085C,YGL085W,0,-0.12653857,0.10066055506467819,0.9970703125,0.9143945574760437
YML004C,YML092C,0,-0.1283263,0.10065063089132309,0.9970703125,0.9144948124885559
YDL243C,YLR337C,0,-0.1292512,0.10064070671796799,0.9970703125,0.9145950078964233
YDR308C,YNR053C,0,-0.12932748,0.10063078999519348,0.9970703125,0.9146952629089355
YDL135C,YKL060C,0,-0.13344824,0.10062087327241898,0.9970703125,0.9147955179214478
YER139C,YHR080C,0,-0.13459587,0.10061095654964447,0.9970703125,0.91489577293396
YJL057C,YLR360W,0,-0.135279,0.10060104727745056,0.9970703125,0.9149959683418274
YPR143W,YEL048C,0,-0.13763683,0.10059113055467606,0.9970703125,0.9150962233543396
YMR234W,YHR149C,0,-0.1402793,0.10058122128248215,0.9970703125,0.9151964783668518
YFL056C,YIR019C,0,-0.14098853,0.10057131946086884,0.9970703125,0.915296733379364
YCL001W,YDL134C,0,-0.14113629,0.10056141018867493,0.9970703125,0.9153969287872314
YPR034W,YNL076W,0,-0.14427334,0.10055150836706161,0.9970703125,0.9154971837997437
YIL052C,YGR060W,0,-0.1467672,0.1005416065454483,0.9970703125,0.9155974388122559
YHR146W,YOR335C,0,-0.14694999,0.10053170472383499,0.9970703125,0.9156976938247681
YHR118C,YGL078C,0,-0.14731166,0.10052181035280228,0.9970703125,0.9157978892326355
YIL173W,YBR121C,0,-0.14883457,0.10051190853118896,0.9970703125,0.9158981442451477
YNL051W,YEL005C,0,-0.14958614,0.10050202161073685,0.9970703125,0.9159983992576599
YDR176W,YLL021W,0,-0.15120494,0.10049212723970413,0.9970703125,0.9160986542701721
YPR095C,YPL006W,0,-0.15245932,0.10048223286867142,0.9970703125,0.9161988496780396
YAL007C,YJL173C,0,-0.15455222,0.1004723459482193,0.9970703125,0.9162991046905518
YML076C,YDL031W,0,-0.15689708,0.10046245902776718,0.9970703125,0.916399359703064
YMR261C,YDR308C,0,-0.15761006,0.10045257955789566,0.9970703125,0.9164996147155762
YOR241W,YNL164C,0,-0.15838009,0.10044269263744354,0.9970703125,0.9165998101234436
YJR084W,YJL069C,0,-0.16012672,0.10043281316757202,0.9970703125,0.9167000651359558
YPR199C,YHR157W,0,-0.16170472,0.1004229336977005,0.9970703125,0.916800320148468
YBR162W-A,YDR227W,0,-0.16983107,0.10041306167840958,0.9970703125,0.9169005751609802
YER149C,YPL176C,0,-0.17442122,0.10040318965911865,0.9970703125,0.9170008301734924
YIL118W,YOR249C,0,-0.17573185,0.10039331018924713,0.9970703125,0.9171010255813599
YPL130W,YER143W,0,-0.17821753,0.1003834456205368,0.9970703125,0.9172012805938721
YML098W,YDR301W,0,-0.1829216,0.10037357360124588,0.9970703125,0.9173015356063843
YKL052C,YNL216W,0,-0.18413828,0.10036370903253555,0.9970703125,0.9174017906188965
YLR061W,YGL231C,0,-0.18460107,0.10035384446382523,0.9970703125,0.9175019860267639
YDR235W,YKL077W,0,-0.18666837,0.1003439798951149,0.9970703125,0.9176022410392761
YMR110C,YER143W,0,-0.19238742,0.10033412277698517,0.9970703125,0.9177024960517883
YCL051W,YOR059C,0,-0.19338404,0.10032425820827484,0.9970703125,0.9178027510643005
YNL045W,YNR019W,0,-0.19509399,0.10031440109014511,0.9970703125,0.917902946472168
YKL048C,YPL049C,0,-0.19902694,0.10030455142259598,0.9970703125,0.9180032014846802
YGR170W,YNR055C,0,-0.20192182,0.10029469430446625,0.9970703125,0.9181034564971924
YJR131W,YDR300C,0,-0.20307589,0.10028484463691711,0.9970703125,0.9182037115097046
YML100W,YMR237W,0,-0.20587844,0.10027499496936798,0.9970703125,0.918303906917572
YDR004W,YOL029C,0,-0.20905489,0.10026514530181885,0.9970703125,0.9184041619300842
YPL036W,YMR230W,0,-0.22013259,0.10025530308485031,0.9970703125,0.9185044169425964
YBR069C,YIL008W,0,-0.2213802,0.10024546086788177,0.9970703125,0.9186046719551086
YCR031C,YGR120C,0,-0.22377557,0.10023561865091324,0.9970703125,0.9187048673629761
YMR050C,YGR260W,0,-0.22551921,0.1002257764339447,0.9970703125,0.9188051223754883
YOR207C,YJR050W,0,-0.22705239,0.10021594166755676,0.9970703125,0.9189053773880005
YMR153W,YPR141C,0,-0.23011076,0.10020610690116882,0.9970703125,0.9190056324005127
YMR274C,YHR197W,0,-0.23039356,0.10019627213478088,0.9970703125,0.9191058278083801
YCR035C,YHR170W,0,-0.23335353,0.10018643736839294,0.9970703125,0.9192060828208923
YMR048W,YNL123W,0,-0.24020511,0.1001766100525856,0.9970703125,0.9193063378334045
YLR083C,YOR341W,0,-0.24021953,0.10016678273677826,0.9970703125,0.9194065928459167
YGR142W,YMR237W,0,-0.24146089,0.10015695542097092,0.9970703125,0.9195067882537842
YHR006W,YOR249C,0,-0.24386618,0.10014712810516357,0.9970703125,0.9196070432662964
YNL288W,YKR077W,0,-0.24830058,0.10013730823993683,0.9970703125,0.9197072982788086
YPR095C,YNR038W,0,-0.24968791,0.10012748837471008,0.9970703125,0.9198075532913208
YPL168W,YLR299W,0,-0.2500322,0.10011766850948334,0.9970703125,0.919907808303833
YDR108W,YNL180C,0,-0.252491,0.10010785609483719,0.9970703125,0.9200080037117004
YIL118W,YDR437W,0,-0.25559947,0.10009803622961044,0.9970703125,0.9201082587242126
YPL133C,YOR060C,0,-0.2561282,0.1000882238149643,0.9970703125,0.9202085137367249
YDR129C,YJL167W,0,-0.2568941,0.10007841885089874,0.9970703125,0.9203087687492371
YKL054C,YOR113W,0,-0.25860035,0.1000686064362526,0.9970703125,0.9204089641571045
YHR122W,YPL262W,0,-0.26093328,0.10005880147218704,0.9970703125,0.9205092191696167
YJL179W,YOR271C,0,-0.26168817,0.10004899650812149,0.9970703125,0.9206094741821289
YDL098C,YPL225W,0,-0.26321408,0.10003919154405594,0.9970703125,0.9207097291946411
YHR009C,YMR072W,0,-0.26403177,0.10002939403057098,0.9970703125,0.9208099246025085
YNL317W,YMR035W,0,-0.26541394,0.10001958906650543,0.9970703125,0.9209101796150208
YLR360W,YHL025W,0,-0.26566377,0.10000979900360107,0.9970703125,0.921010434627533
YDR002W,YLR288C,0,-0.26698714,0.10000000149011612,0.9970703125,0.9211106896400452
YBR114W,YLR363C,0,-0.27050155,0.09999020397663116,0.9970703125,0.9212108850479126
YIL154C,YMR262W,0,-0.27085865,0.0999804139137268,0.9970703125,0.9213111400604248
YNL247W,YGL064C,0,-0.27196583,0.09997062385082245,0.9970703125,0.921411395072937
YOL144W,YPL100W,0,-0.27452677,0.09996084123849869,0.9970703125,0.9215116500854492
YPR010C,YLR409C,0,-0.27634883,0.09995105117559433,0.9970703125,0.9216118454933167
YIL056W,YLR044C,0,-0.2774322,0.09994126856327057,0.9970703125,0.9217121005058289
YOR258W,YDR407C,0,-0.2786556,0.09993148595094681,0.9970703125,0.9218123555183411
YLR460C,YKL040C,0,-0.2800678,0.09992170333862305,0.9970703125,0.9219126105308533
YLR248W,YLR249W,0,-0.28189325,0.09991192817687988,0.9970703125,0.9220128059387207
YNL020C,YGL107C,0,-0.28201577,0.09990215301513672,0.9970703125,0.9221130609512329
YNL183C,YLR361C,0,-0.28412884,0.09989237785339355,0.9970703125,0.9222133159637451
YDR273W,YOR249C,0,-0.28523144,0.09988260269165039,0.9970703125,0.9223135709762573
YNR052C,YJL083W,0,-0.2861362,0.09987283498048782,0.9970703125,0.9224137663841248
YGL139W,YML055W,0,-0.28752673,0.09986306726932526,0.9970703125,0.922514021396637
YHR103W,YHR194W,0,-0.28898144,0.09985329955816269,0.9970703125,0.9226142764091492
YHR205W,YMR048W,0,-0.28906882,0.09984353929758072,0.9970703125,0.9227145314216614
YIL106W,YPL097W,0,-0.29242557,0.09983377158641815,0.9970703125,0.9228147268295288
YJL054W,YLR247C,0,-0.292983,0.09982401132583618,0.9970703125,0.922914981842041
YIR019C,YLR068W,0,-0.2933427,0.09981425106525421,0.9970703125,0.9230152368545532
YDR212W,YGL104C,0,-0.29638955,0.09980449825525284,0.9970703125,0.9231154918670654
YCR065W,YGL093W,0,-0.2992347,0.09979473799467087,0.9970703125,0.9232157468795776
YFL005W,YLR181C,0,-0.29973227,0.0997849851846695,0.9970703125,0.9233159422874451
YGL005C,YOR132W,0,-0.30021647,0.09977523982524872,0.9970703125,0.9234161972999573
YLR426W,YCR024C,0,-0.30177087,0.09976548701524734,0.9970703125,0.9235164523124695
YPL036W,YLR190W,0,-0.3017776,0.09975574165582657,0.9970703125,0.9236167073249817
YNR048W,YDR108W,0,-0.3046925,0.09974599629640579,0.9970703125,0.9237169027328491
YDL093W,YMR183C,0,-0.305768,0.09973625093698502,0.9970703125,0.9238171577453613
YNL137C,YDR145W,0,-0.3075794,0.09972650557756424,0.9970703125,0.9239174127578735
YNL054W,YGL092W,0,-0.3084334,0.09971676766872406,0.9970703125,0.9240176677703857
YGR165W,YDR168W,0,-0.30870026,0.09970702975988388,0.9970703125,0.9241178631782532
YLR118C,YLR367W,0,-0.30993497,0.0996972918510437,0.9970703125,0.9242181181907654
YPR188C,YPL193W,0,-0.31083253,0.09968756139278412,0.9970703125,0.9243183732032776
YGR003W,YKL005C,0,-0.31157404,0.09967783093452454,0.9970703125,0.9244186282157898
YIL019W,YPL141C,0,-0.31423286,0.09966810047626495,0.9970703125,0.9245188236236572
YNL183C,YDL098C,0,-0.31447792,0.09965837001800537,0.9970703125,0.9246190786361694
YOL144W,YPL056C,0,-0.31681764,0.09964864701032639,0.9970703125,0.9247193336486816
YDL091C,YER142C,0,-0.31943348,0.0996389165520668,0.9970703125,0.9248195886611938
YBL056W,YDR201W,0,-0.31999597,0.09962919354438782,0.9970703125,0.9249197840690613
YJL110C,YLR382C,0,-0.321759,0.09961947798728943,0.9970703125,0.9250200390815735
YNR048W,YOL029C,0,-0.32241473,0.09960975497961044,0.9970703125,0.9251202940940857
YPR148C,YMR226C,0,-0.32448477,0.09960003942251205,0.9970703125,0.9252205491065979
YNL199C,YKL114C,0,-0.326876,0.09959032386541367,0.9970703125,0.9253207445144653
YJR049C,YML013W,0,-0.32764435,0.09958060830831528,0.9970703125,0.9254209995269775
YKL149C,YLR023C,0,-0.33057505,0.09957090020179749,0.9970703125,0.9255212545394897
YBL031W,YGL016W,0,-0.33456564,0.0995611920952797,0.9970703125,0.925621509552002
YDR516C,YDR437W,0,-0.33520722,0.0995514839887619,0.9970703125,0.9257217049598694
YOL055C,YGR057C,0,-0.33844364,0.09954177588224411,0.9970703125,0.9258219599723816
YBR279W,YOR241W,0,-0.33855242,0.09953207522630692,0.9970703125,0.9259222149848938
YEL018W,YPL207W,0,-0.33940506,0.09952236711978912,0.9970703125,0.926022469997406
YOR252W,YPL140C,0,-0.3399221,0.09951267391443253,0.9970703125,0.9261226654052734
YNL247W,YMR131C,0,-0.3430789,0.09950297325849533,0.9970703125,0.9262229204177856
YNL167C,YGL111W,0,-0.3462838,0.09949327260255814,0.9970703125,0.9263231754302979
YMR261C,YDR227W,0,-0.34859443,0.09948357939720154,0.9970703125,0.9264234304428101
YMR234W,YDR235W,0,-0.3489222,0.09947388619184494,0.9970703125,0.9265236854553223
YLR299W,YGL111W,0,-0.35058737,0.09946420043706894,0.9970703125,0.9266238808631897
YPR120C,YBR015C,0,-0.35157537,0.09945450723171234,0.9970703125,0.9267241358757019
YOL042W,YDR308C,0,-0.35169905,0.09944482147693634,0.9970703125,0.9268243908882141
YAL056W,YKL048C,0,-0.35739616,0.09943513572216034,0.9970703125,0.9269246459007263
YPL175W,YDR384C,0,-0.3574647,0.09942545741796494,0.9970703125,0.9270248413085938
YNL199C,YDL175C,0,-0.3576742,0.09941577166318893,0.9970703125,0.927125096321106
YIL009W,YPR120C,0,-0.36068887,0.09940609335899353,0.9970703125,0.9272253513336182
YKR093W,YDL119C,0,-0.3678665,0.09939641505479813,0.9970703125,0.9273256063461304
YHR113W,YOR086C,0,-0.37072092,0.09938674420118332,0.9970703125,0.9274258017539978
YNL243W,YGR097W,0,-0.3764032,0.09937706589698792,0.9970703125,0.92752605676651
YPL130W,YMR125W,0,-0.38078833,0.09936739504337311,0.9970703125,0.9276263117790222
YPL130W,YOR330C,0,-0.38190967,0.0993577241897583,0.9970703125,0.9277265667915344
YIL098C,YGL053W,0,-0.3825791,0.09934806078672409,0.9970703125,0.9278267621994019
YLR059C,YHR133C,0,-0.38567615,0.09933838993310928,0.9970703125,0.9279270172119141
YOL051W,YGL240W,0,-0.38605195,0.09932872653007507,0.9970703125,0.9280272722244263
YOR262W,YKL063C,0,-0.390687,0.09931906312704086,0.9970703125,0.9281275272369385
YOR260W,YKL099C,0,-0.3927455,0.09930940717458725,0.9970703125,0.9282277226448059
YDR213W,YIL167W,0,-0.39327347,0.09929974377155304,0.9970703125,0.9283279776573181
YDR325W,YLR200W,0,-0.39354676,0.09929008781909943,0.9970703125,0.9284282326698303
YMR286W,YKR079C,0,-0.39377514,0.09928043931722641,0.9970703125,0.9285284876823425
YOR252W,YDL117W,0,-0.3961922,0.0992707833647728,0.9970703125,0.92862868309021
YKL150W,YLR067C,0,-0.396562,0.09926113486289978,0.9970703125,0.9287289381027222
YLR384C,YDR438W,0,-0.39707327,0.09925147891044617,0.9970703125,0.9288291931152344
YJL110C,YKL052C,0,-0.39743057,0.09924183785915375,0.9970703125,0.9289294481277466
YBR086C,YIL011W,0,-0.3976122,0.09923218935728073,0.9970703125,0.929029643535614
YIL069C,YGR030C,0,-0.39876854,0.09922254830598831,0.9970703125,0.9291298985481262
YLL066C,YDR100W,0,-0.4055541,0.09921290725469589,0.9970703125,0.9292301535606384
YDR201W,YIL144W,0,-0.4075334,0.09920326620340347,0.9970703125,0.9293304085731506
YDR427W,YKL077W,0,-0.40870446,0.09919362515211105,0.9970703125,0.9294306039810181
YMR220W,YOL051W,0,-0.4132772,0.09918399155139923,0.9970703125,0.9295308589935303
YDR437W,YDL139C,0,-0.41432774,0.09917435795068741,0.9970703125,0.9296311140060425
YAL048C,YLR466W,0,-0.41521698,0.09916472434997559,0.9970703125,0.9297313690185547
YPL207W,YDR190C,0,-0.41730297,0.09915509074926376,0.9970703125,0.9298316240310669
YDR350C,YNL094W,0,-0.42057654,0.09914546459913254,0.9970703125,0.9299318194389343
YBR218C,YER155C,0,-0.42110103,0.09913583844900131,0.9970703125,0.9300320744514465
YDL230W,YDR273W,0,-0.42469472,0.09912621229887009,0.9970703125,0.9301323294639587
YGL129C,YBL025W,0,-0.4278274,0.09911659359931946,0.9970703125,0.930232584476471
YLR377C,YHR122W,0,-0.43041542,0.09910696744918823,0.9970703125,0.9303327798843384
YGR129W,YDR301W,0,-0.43299457,0.0990973487496376,0.9970703125,0.9304330348968506
YDR439W,YOR259C,0,-0.4341343,0.09908773005008698,0.9970703125,0.9305332899093628
YJR035W,YMR101C,0,-0.43508428,0.09907811880111694,0.9970703125,0.930633544921875
YHR154W,YPL168W,0,-0.4352351,0.09906850010156631,0.9970703125,0.9307337403297424
YOR227W,YGL194C,0,-0.43596986,0.09905888885259628,0.9970703125,0.9308339953422546
YML098W,YEL048C,0,-0.43979666,0.09904928505420685,0.9970703125,0.9309342503547668
YLR055C,YDR179C,0,-0.44335186,0.09903967380523682,0.9970703125,0.931034505367279
YML041C,YML098W,0,-0.44466618,0.09903007000684738,0.9970703125,0.9311347007751465
YOR004W,YLR382C,0,-0.4464975,0.09902046620845795,0.9970703125,0.9312349557876587
YDR287W,YDL139C,0,-0.4466064,0.09901086241006851,0.9970703125,0.9313352108001709
YGR099W,YGR083C,0,-0.44759887,0.09900125861167908,0.9970703125,0.9314354658126831
YNR024W,YHL015W,0,-0.45224535,0.09899166226387024,0.9970703125,0.9315356612205505
YBR272C,YML096W,0,-0.45440593,0.0989820659160614,0.9970703125,0.9316359162330627
YJR035W,YDR190C,0,-0.46182817,0.09897246956825256,0.9970703125,0.931736171245575
YMR192W,YMR015C,0,-0.46556607,0.09896287322044373,0.9970703125,0.9318364262580872
YNL051W,YGL243W,0,-0.46683425,0.09895328432321548,0.9970703125,0.9319366216659546
YNR048W,YIL014W,0,-0.4669389,0.09894369542598724,0.9970703125,0.9320368766784668
YGL167C,YJL098W,0,-0.46867263,0.098934106528759,0.9970703125,0.932137131690979
YDR273W,YDL123W,0,-0.47058582,0.09892452508211136,0.9970703125,0.9322373867034912
YGR129W,YLR060W,0,-0.47065747,0.09891493618488312,0.9970703125,0.9323375821113586
YJR102C,YKL079W,0,-0.47075498,0.09890535473823547,0.9970703125,0.9324378371238708
YDR441C,YDR280W,0,-0.4717098,0.09889577329158783,0.9970703125,0.9325380921363831
YER041W,YHR139C,0,-0.47266302,0.09888619929552078,0.9970703125,0.9326383471488953
YDL091C,YDR005C,0,-0.47310618,0.09887662529945374,0.9970703125,0.9327386021614075
YNL286W,YCL067C,0,-0.47771162,0.09886704385280609,0.9970703125,0.9328387975692749
YLL021W,YML096W,0,-0.47802088,0.09885747730731964,0.9970703125,0.9329390525817871
YOR018W,YHL031C,0,-0.478514,0.0988479033112526,0.9970703125,0.9330393075942993
YOR319W,YLR068W,0,-0.48108858,0.09883833676576614,0.9970703125,0.9331395626068115
YOR119C,YPL161C,0,-0.4845133,0.0988287702202797,0.9970703125,0.933239758014679
YDR201W,YLR059C,0,-0.48611,0.09881920367479324,0.9970703125,0.9333400130271912
YBL031W,YMR230W,0,-0.4881555,0.0988096371293068,0.9970703125,0.9334402680397034
YDR308C,YBR149W,0,-0.49093074,0.09880007803440094,0.9970703125,0.9335405230522156
YPR131C,YPL161C,0,-0.4917602,0.09879051893949509,0.9970703125,0.933640718460083
YJL181W,YGR004W,0,-0.49426234,0.09878095984458923,0.9970703125,0.9337409734725952
YFR031C-A,YGL078C,0,-0.49895406,0.09877140074968338,0.9970703125,0.9338412284851074
YDR471W,YLR215C,0,-0.5020863,0.09876184910535812,0.9970703125,0.9339414834976196
YDL160C,YLR118C,0,-0.5033329,0.09875229746103287,0.9970703125,0.9340416789054871
YGR202C,YAL019W,0,-0.5062653,0.09874274581670761,0.9970703125,0.9341419339179993
YIL153W,YOR259C,0,-0.5087944,0.09873320162296295,0.9970703125,0.9342421889305115
YBR112C,YDR168W,0,-0.5109159,0.0987236499786377,0.9970703125,0.9343424439430237
YNR048W,YMR081C,0,-0.5123253,0.09871410578489304,0.9970703125,0.9344426393508911
YBR114W,YKL134C,0,-0.51246446,0.09870456159114838,0.9970703125,0.9345428943634033
YNL183C,YGR142W,0,-0.5176209,0.09869502484798431,0.9970703125,0.9346431493759155
YPL137C,YGL127C,0,-0.51771057,0.09868548065423965,0.9970703125,0.9347434043884277
YLR118C,YGR055W,0,-0.5197394,0.09867594391107559,0.9970703125,0.9348435997962952
YDL113C,YBR089C-A,0,-0.5220493,0.09866640716791153,0.9970703125,0.9349438548088074
YGR030C,YDR179C,0,-0.5233062,0.09865687787532806,0.9970703125,0.9350441098213196
YDL091C,YAL051W,0,-0.52639997,0.098647341132164,0.9970703125,0.9351443648338318
YLR196W,YGR030C,0,-0.5273157,0.09863781183958054,0.9970703125,0.9352445602416992
YAR033W,YMR001C,0,-0.5298711,0.09862828254699707,0.9970703125,0.9353448152542114
YHR006W,YPL221W,0,-0.5328584,0.0986187607049942,0.9970703125,0.9354450702667236
YMR063W,YDR398W,0,-0.53543466,0.09860923141241074,0.9970703125,0.9355453252792358
YMR205C,YNL023C,0,-0.5359241,0.09859970957040787,0.9970703125,0.9356455206871033
YLR093C,YPL097W,0,-0.5393106,0.098590187728405,0.9970703125,0.9357457756996155
YPR046W,YLR056W,0,-0.53940797,0.09858067333698273,0.9970703125,0.9358460307121277
YOR117W,YBR169C,0,-0.54157853,0.09857115149497986,0.9970703125,0.9359462857246399
YNL051W,YOR110W,0,-0.5443957,0.09856163710355759,0.9970703125,0.9360465407371521
YPL239W,YLR323C,0,-0.54450315,0.09855212271213531,0.9970703125,0.9361467361450195
YMR048W,YDL154W,0,-0.5459722,0.09854260832071304,0.9970703125,0.9362469911575317
YJL183W,YKL132C,0,-0.5482368,0.09853310137987137,0.9970703125,0.936347246170044
YER178W,YGR122W,0,-0.548818,0.0985235944390297,0.9970703125,0.9364475011825562
YDR092W,YHR080C,0,-0.5531667,0.09851408749818802,0.9970703125,0.9365476965904236
YNL048W,YOR357C,0,-0.55542344,0.09850458055734634,0.9970703125,0.9366479516029358
YLR432W,YOR254C,0,-0.56231713,0.09849508106708527,0.9970703125,0.936748206615448
YLR059C,YNL068C,0,-0.56381595,0.09848558157682419,0.9970703125,0.9368484616279602
YDR201W,YPL001W,0,-0.5647161,0.09847608208656311,0.9970703125,0.9369486570358276
YKL062W,YPL225W,0,-0.56934714,0.09846658259630203,0.9970703125,0.9370489120483398
YNL051W,YCR035C,0,-0.570271,0.09845709055662155,0.9970703125,0.937149167060852
YIL022W,YGL246C,0,-0.57434094,0.09844759106636047,0.9970703125,0.9372494220733643
YDR513W,YKR064W,0,-0.5744183,0.09843809902667999,0.9970703125,0.9373496174812317
YIL005W,YMR183C,0,-0.5744713,0.09842861443758011,0.9970703125,0.9374498724937439
YPL210C,YOR254C,0,-0.5752739,0.09841912239789963,0.9970703125,0.9375501275062561
YOL144W,YDL135C,0,-0.5770967,0.09840963780879974,0.9970703125,0.9376503825187683
YOR250C,YJR108W,0,-0.5777983,0.09840015321969986,0.9970703125,0.9377505779266357
YGL073W,YIR026C,0,-0.578764,0.09839066863059998,0.9970703125,0.937850832939148
YOR252W,YPL210C,0,-0.57952994,0.09838119149208069,0.9970703125,0.9379510879516602
YJL110C,YDR386W,0,-0.58039796,0.0983717143535614,0.9970703125,0.9380513429641724
YNL118C,YCL067C,0,-0.58094037,0.09836223721504211,0.9970703125,0.9381515383720398
YFR031C-A,YEL006W,0,-0.58292407,0.09835276007652283,0.9970703125,0.938251793384552
YLR131C,YPL253C,0,-0.5859811,0.09834328293800354,0.9970703125,0.9383520483970642
YOR383C,YPL056C,0,-0.58758485,0.09833381325006485,0.9970703125,0.9384523034095764
YBL087C,YBL035C,0,-0.5940758,0.09832434356212616,0.9970703125,0.9385524988174438
YJL096W,YLR194C,0,-0.5949053,0.09831487387418747,0.9970703125,0.938652753829956
YGL076C,YIL009W,0,-0.59543586,0.09830541163682938,0.9970703125,0.9387530088424683
YGL076C,YIL087C,0,-0.5961328,0.09829594939947128,0.9970703125,0.9388532638549805
YOL154W,YCR038C,0,-0.59760904,0.09828648716211319,0.9970703125,0.9389534592628479
YDR235W,YNL029C,0,-0.60558397,0.0982770249247551,0.9970703125,0.9390537142753601
YDR273W,YBR168W,0,-0.60559034,0.098267562687397,0.9970703125,0.9391539692878723
YGL104C,YGL096W,0,-0.60582495,0.0982581079006195,0.9970703125,0.9392542243003845
YML092C,YFR049W,0,-0.6059981,0.09824865311384201,0.9970703125,0.9393544793128967
YIL120W,YBR060C,0,-0.61128795,0.09823919832706451,0.9970703125,0.9394546747207642
YIL014W,YDR397C,0,-0.6156228,0.09822975099086761,0.9970703125,0.9395549297332764
YHR158C,YNL317W,0,-0.61689925,0.09822029620409012,0.9970703125,0.9396551847457886
YPL116W,YGL196W,0,-0.62058574,0.09821084886789322,0.9970703125,0.9397554397583008
YEL048C,YPR180W,0,-0.62072664,0.09820140153169632,0.9970703125,0.9398556351661682
YDR190C,YLR413W,0,-0.623054,0.09819196164608002,0.9970703125,0.9399558901786804
YIL007C,YOL051W,0,-0.62479424,0.09818251430988312,0.9970703125,0.9400561451911926
YNL181W,YKL196C,0,-0.6248745,0.09817307442426682,0.9970703125,0.9401564002037048
YGR004W,YDR087C,0,-0.62856495,0.09816363453865051,0.9970703125,0.9402565956115723
YBR107C,YLR019W,0,-0.63129836,0.09815420210361481,0.9970703125,0.9403568506240845
YHR073W,YNL076W,0,-0.63259065,0.0981447622179985,0.9970703125,0.9404571056365967
YIL014W,YOR078W,0,-0.63311327,0.0981353297829628,0.9970703125,0.9405573606491089
YJL054W,YER176W,0,-0.63417673,0.0981258973479271,0.9970703125,0.9406575560569763
YDR188W,YLL021W,0,-0.63693166,0.09811647236347198,0.9970703125,0.9407578110694885
YIL144W,YOR253W,0,-0.63900375,0.09810703992843628,0.9970703125,0.9408580660820007
YJR050W,YLR292C,0,-0.64047986,0.09809761494398117,0.9970703125,0.9409583210945129
YGL067W,YHL006C,0,-0.6411351,0.09808818995952606,0.9970703125,0.9410585165023804
YER007C-A,YIL123W,0,-0.64137536,0.09807877242565155,0.9970703125,0.9411587715148926
YLR011W,YBL025W,0,-0.64154613,0.09806934744119644,0.9970703125,0.9412590265274048
YDL081C,YOR236W,0,-0.64278847,0.09805992990732193,0.9970703125,0.941359281539917
YLR175W,YBL072C,0,-0.64303744,0.09805051237344742,0.9970703125,0.9414594769477844
YPR114W,YHL015W,0,-0.6453401,0.0980410948395729,0.9970703125,0.9415597319602966
YMR125W,YNL065W,0,-0.64660895,0.09803168475627899,0.9970703125,0.9416599869728088
YDR280W,YPL210C,0,-0.6516681,0.09802227467298508,0.9970703125,0.941760241985321
YPL138C,YDR300C,0,-0.6548919,0.09801286458969116,0.9970703125,0.9418604373931885
YDR092W,YNL173C,0,-0.6568293,0.09800345450639725,0.9970703125,0.9419606924057007
YDL243C,YDR395W,0,-0.6578994,0.09799405187368393,0.9970703125,0.9420609474182129
YDR041W,YDL076C,0,-0.65944135,0.09798464179039001,0.9970703125,0.9421612024307251
YOR049C,YLR323C,0,-0.65961826,0.0979752391576767,0.9970703125,0.9422613978385925
YBR046C,YOR090C,0,-0.6601398,0.09796584397554398,0.9970703125,0.9423616528511047
YHR111W,YIL038C,0,-0.66021115,0.09795644134283066,0.9970703125,0.9424619078636169
YLR085C,YDL093W,0,-0.66390723,0.09794704616069794,0.9970703125,0.9425621628761292
YIR004W,YOR358W,0,-0.66392857,0.09793765097856522,0.9970703125,0.9426624178886414
YLL031C,YDL093W,0,-0.6641079,0.0979282557964325,0.9970703125,0.9427626132965088
YPR055W,YPL193W,0,-0.6657649,0.09791886806488037,0.9970703125,0.942862868309021
YKR078W,YLR068W,0,-0.6672751,0.09790947288274765,0.9970703125,0.9429631233215332
YFR040W,YPL161C,0,-0.6687578,0.09790008515119553,0.9970703125,0.9430633783340454
YKR031C,YPR141C,0,-0.6694244,0.0978906974196434,0.9970703125,0.9431635737419128
YDR227W,YOR271C,0,-0.66967165,0.09788131713867188,0.9970703125,0.943263828754425
YLR277C,YJL197W,0,-0.6700181,0.09787192940711975,0.9970703125,0.9433640837669373
YHL026C,YHR080C,0,-0.671379,0.09786254912614822,0.9970703125,0.9434643387794495
YML121W,YEL062W,1,-0.6789367,0.09794901311397552,0.998046875,0.9434643387794495
YLR067C,YDR284C,0,-0.6832,0.0979396253824234,0.998046875,0.9435645341873169
YDL003W,YNL118C,0,-0.6834718,0.09793024510145187,0.998046875,0.9436647891998291
YMR059W,YER127W,0,-0.6895716,0.09792085736989975,0.998046875,0.9437650442123413
YJL183W,YDL135C,0,-0.69022036,0.09791147708892822,0.998046875,0.9438652992248535
YKR078W,YPL049C,0,-0.6905095,0.0979020968079567,0.998046875,0.943965494632721
YDR287W,YLR001C,0,-0.6934924,0.09789272397756577,0.998046875,0.9440657496452332
YPL146C,YHR090C,0,-0.69505924,0.09788334369659424,0.998046875,0.9441660046577454
YOR090C,YFR014C,0,-0.6955194,0.09787397086620331,0.998046875,0.9442662596702576
YKL079W,YJL001W,0,-0.6961123,0.09786459803581238,0.998046875,0.944366455078125
YPR007C,YLR328W,0,-0.7024032,0.09785522520542145,0.998046875,0.9444667100906372
YGR205W,YOL095C,0,-0.7025726,0.09784585982561111,0.998046875,0.9445669651031494
YHL011C,YPL198W,0,-0.7086515,0.09783649444580078,0.998046875,0.9446672201156616
YDR201W,YFL025C,0,-0.7121241,0.09782712906599045,0.998046875,0.944767415523529
YCR045C,YGR208W,0,-0.71371436,0.09781776368618011,0.998046875,0.9448676705360413
YML045W,YDR002W,0,-0.7164774,0.09780840575695038,0.998046875,0.9449679255485535
YPL140C,YDR300C,0,-0.7166671,0.09779904037714005,0.998046875,0.9450681805610657
YGR235C,YCR018C,0,-0.71976113,0.09778968244791031,0.998046875,0.9451683759689331
YER102W,YPR010C,0,-0.7227948,0.09778033196926117,0.998046875,0.9452686309814453
YOR048C,YDR165W,0,-0.7256081,0.09777097404003143,0.998046875,0.9453688859939575
YGL067W,YNL041C,0,-0.7353289,0.0977616235613823,0.998046875,0.9454691410064697
YKL197C,YOR001W,0,-0.7450657,0.09775227308273315,0.998046875,0.9455693960189819
YNL062C,YKL196C,0,-0.74803364,0.09774292260408401,0.998046875,0.9456695914268494
YMR234W,YOR103C,0,-0.7490469,0.09773357212543488,0.998046875,0.9457698464393616
YOR267C,YLR299W,0,-0.7491218,0.09772422909736633,0.998046875,0.9458701014518738
YHR033W,YDR135C,0,-0.7505876,0.09771488606929779,0.998046875,0.945970356464386
YLR017W,YDR025W,0,-0.7578612,0.09770554304122925,0.998046875,0.9460705518722534
YIL107C,YDL117W,0,-0.7580894,0.0976962074637413,0.998046875,0.9461708068847656
YIL118W,YOR341W,0,-0.7595375,0.09768686443567276,0.998046875,0.9462710618972778
YDR515W,YGL049C,0,-0.7596103,0.09767752885818481,0.998046875,0.94637131690979
YGR217W,YOR195W,0,-0.76178837,0.09766819328069687,0.998046875,0.9464715123176575
YPL176C,YOR011W,0,-0.76507926,0.09765886515378952,0.998046875,0.9465717673301697
YHR035W,YDR257C,0,-0.7678298,0.09764952957630157,0.998046875,0.9466720223426819
YOR091W,YMR230W,0,-0.7687745,0.09764020144939423,0.998046875,0.9467722773551941
YBR091C,YIL018W,0,-0.7737776,0.09763087332248688,0.998046875,0.9468724727630615
YLR258W,YCR091W,0,-0.77408874,0.09762155264616013,0.998046875,0.9469727277755737
YDR516C,YBR272C,0,-0.77648836,0.09761222451925278,0.998046875,0.9470729827880859
YLR060W,YDL102W,0,-0.78492105,0.09760290384292603,0.998046875,0.9471732378005981
YHR108W,YAL019W,0,-0.7862674,0.09759358316659927,0.998046875,0.9472734332084656
YLR293C,YIL096C,0,-0.78699243,0.09758426249027252,0.998046875,0.9473736882209778
YDR212W,YCL039W,0,-0.78724277,0.09757494926452637,0.998046875,0.94747394323349
YGR078C,YLR093C,0,-0.7873554,0.09756563603878021,0.998046875,0.9475741982460022
YOR101W,YPL175W,0,-0.78903186,0.09755632281303406,0.998046875,0.9476743936538696
YDR545W,YLR247C,0,-0.790195,0.0975470095872879,0.998046875,0.9477746486663818
YGL085W,YDR005C,0,-0.7906535,0.09753769636154175,0.998046875,0.947874903678894
YJL186W,YLR056W,0,-0.79361236,0.09752839058637619,0.998046875,0.9479751586914062
YDR105C,YPL097W,0,-0.7956219,0.09751908481121063,0.998046875,0.9480753540992737
YGR224W,YCR024C-A,1,-0.7967893,0.09760519117116928,0.9990234375,0.9480753540992737
YJR042W,YKR088C,0,-0.7982683,0.09759587794542313,0.9990234375,0.9481756091117859
YJL110C,YOR372C,0,-0.8020483,0.09758657217025757,0.9990234375,0.9482758641242981
YLL026W,YBR212W,0,-0.80465174,0.09757725894451141,0.9990234375,0.9483761191368103
YOR079C,YPL179W,0,-0.8075063,0.09756795316934586,0.9990234375,0.9484763145446777
YDR259C,YKL196C,0,-0.8089418,0.0975586473941803,0.9990234375,0.9485765695571899
YFR016C,YMR237W,0,-0.81371975,0.09754934906959534,0.9990234375,0.9486768245697021
YML107C,YHR088W,0,-0.814667,0.09754004329442978,0.9990234375,0.9487770795822144
YCL029C,YBR034C,0,-0.8193556,0.09753074496984482,0.9990234375,0.9488773345947266
YGL045W,YMR001C,0,-0.81938714,0.09752144664525986,0.9990234375,0.948977530002594
YLR390W-A,YPL198W,0,-0.8263926,0.0975121557712555,0.9990234375,0.9490777850151062
YLR037C,YLR435W,0,-0.8267625,0.09750285744667053,0.9990234375,0.9491780400276184
YOR316C,YNL076W,0,-0.8268739,0.09749356657266617,0.9990234375,0.9492782950401306
YDR412W,YBL051C,0,-0.82936424,0.0974842756986618,0.9990234375,0.949378490447998
YMR313C,YPL075W,0,-0.8299413,0.09747498482465744,0.9990234375,0.9494787454605103
YPR008W,YFL049W,0,-0.83423,0.09746570140123367,0.9990234375,0.9495790004730225
YGL092W,YDR439W,0,-0.83648825,0.0974564179778099,0.9990234375,0.9496792554855347
YHR169W,YGL027C,0,-0.8380412,0.09744713455438614,0.9990234375,0.9497794508934021
YDL235C,YOR078W,0,-0.8401442,0.09743785113096237,0.9990234375,0.9498797059059143
YCR107W,YPL063W,0,-0.84119004,0.0974285677075386,0.9990234375,0.9499799609184265
YPL120W,YKR075C,0,-0.8436872,0.09741929173469543,0.9990234375,0.9500802159309387
YGL028C,YDR309C,0,-0.844216,0.09741001576185226,0.9990234375,0.9501804113388062
YDR098C,YER032W,0,-0.84796166,0.0974007397890091,0.9990234375,0.9502806663513184
YPL043W,YDR188W,0,-0.84816414,0.09739147126674652,0.9990234375,0.9503809213638306
YGL238W,YKR052C,0,-0.85026634,0.09738219529390335,0.9990234375,0.9504811763763428
YDR108W,YGR120C,0,-0.8513861,0.09737292677164078,0.9990234375,0.9505813717842102
YLR215C,YAL056W,0,-0.85196364,0.0973636656999588,0.9990234375,0.9506816267967224
YGL246C,YBL014C,0,-0.85212064,0.09735439717769623,0.9990234375,0.9507818818092346
YHR088W,YDR227W,0,-0.8555037,0.09734513610601425,0.9990234375,0.9508821368217468
YDR175C,YOR158W,0,-0.85759145,0.09733586758375168,0.9990234375,0.9509823322296143
YAR033W,YGL092W,0,-0.8590565,0.0973266065120697,0.9990234375,0.9510825872421265
YPR131C,YMR035W,0,-0.8597106,0.09731735289096832,0.9990234375,0.9511828422546387
YPR114W,YGR208W,0,-0.8598412,0.09730809181928635,0.9990234375,0.9512830972671509
YJR118C,YKR095W,0,-0.86566436,0.09729883819818497,0.9990234375,0.9513832926750183
YDL098C,YDL102W,0,-0.8694172,0.09728958457708359,0.9990234375,0.9514835476875305
YDL098C,YGR266W,0,-0.86991346,0.0972803384065628,0.9990234375,0.9515838027000427
YHR204W,YOR172W,0,-0.8722475,0.09727108478546143,0.9990234375,0.9516840577125549
YOL096C,YMR072W,0,-0.8744384,0.09726183861494064,0.9990234375,0.9517842531204224
YIL137C,YPR105C,0,-0.8754766,0.09725259244441986,0.9990234375,0.9518845081329346
YDR289C,YPR100W,0,-0.88261974,0.09724334627389908,0.9990234375,0.9519847631454468
YMR220W,YER129W,0,-0.8833618,0.0972341001033783,0.9990234375,0.952085018157959
YIL156W,YOR357C,0,-0.8845247,0.09722486138343811,0.9990234375,0.9521852731704712
YHL003C,YPL254W,0,-0.8866236,0.09721562266349792,0.9990234375,0.9522854685783386
YER127W,YOR254C,0,-0.89320374,0.09720638394355774,0.9990234375,0.9523857235908508
YHL017W,YHR113W,0,-0.9002778,0.09719715267419815,0.9990234375,0.952485978603363
YJL197W,YGL111W,0,-0.90161383,0.09718791395425797,0.9990234375,0.9525862336158752
YLR019W,YLR299W,0,-0.9035574,0.09717868268489838,0.9990234375,0.9526864290237427
YLR215C,YGL092W,0,-0.9050649,0.09716945141553879,0.9990234375,0.9527866840362549
YDR515W,YJL058C,0,-0.9060631,0.0971602275967598,0.9990234375,0.9528869390487671
YDR189W,YPR161C,0,-0.91157997,0.09715099632740021,0.9990234375,0.9529871940612793
YDR227W,YML076C,0,-0.9125438,0.09714177250862122,0.9990234375,0.9530873894691467
YML081W,YGL151W,0,-0.9136143,0.09713254868984222,0.9990234375,0.9531876444816589
YGL025C,YGR030C,0,-0.9155464,0.09712332487106323,0.9990234375,0.9532878994941711
YMR207C,YGL085W,0,-0.9270799,0.09711410850286484,0.9990234375,0.9533881545066833
YPR055W,YLR039C,0,-0.92773813,0.09710489213466644,0.9990234375,0.9534883499145508
YOL009C,YPL176C,0,-0.93550354,0.09709566831588745,0.9990234375,0.953588604927063
YDR500C,YGR245C,0,-0.93633866,0.09708645939826965,0.9990234375,0.9536888599395752
YPL001W,YDR243C,0,-0.9403721,0.09707724303007126,0.9990234375,0.9537891149520874
YAL011W,YIL118W,0,-0.94192326,0.09706803411245346,0.9990234375,0.9538893103599548
YBR114W,YLR118C,0,-0.943601,0.09705882519483566,0.9990234375,0.953989565372467
YMR076C,YDR292C,0,-0.94377434,0.09704961627721786,0.9990234375,0.9540898203849792
YBR114W,YPR055W,0,-0.9448269,0.09704040735960007,0.9990234375,0.9541900753974915
YKL197C,YDR397C,0,-0.949427,0.09703120589256287,0.9990234375,0.9542902708053589
YDR150W,YGL195W,0,-0.95064706,0.09702200442552567,0.9990234375,0.9543905258178711
YBL051C,YGL195W,0,-0.9507022,0.09701280295848846,0.9990234375,0.9544907808303833
YMR040W,YIL087C,0,-0.95620435,0.09700360149145126,0.9990234375,0.9545910358428955
YMR072W,YPR180W,0,-0.96095276,0.09699440747499466,0.9990234375,0.9546912312507629
YIL014W,YPR105C,0,-0.9676964,0.09698521345853806,0.9990234375,0.9547914862632751
YDR007W,YDL119C,0,-0.9725673,0.09697601944208145,0.9990234375,0.9548917412757874
YBR162W-A,YAL030W,0,-0.97441816,0.09696682542562485,0.9990234375,0.9549919962882996
YDL091C,YER062C,0,-0.98098195,0.09695763140916824,0.9990234375,0.955092191696167
YGR099W,YFL049W,0,-0.9848294,0.09694844484329224,0.9990234375,0.9551924467086792
YOR016C,YIL008W,0,-0.98741555,0.09693925827741623,0.9990234375,0.9552927017211914
YER149C,YMR230W,0,-0.9917847,0.09693007171154022,0.9990234375,0.9553929567337036
YHR024C,YDR284C,0,-0.9963125,0.09692089259624481,0.9990234375,0.9554932117462158
YLR361C,YOR319W,0,-1.0096802,0.0969117060303688,0.9990234375,0.9555934071540833
YHR165C,YOR004W,0,-1.0126457,0.0969025269150734,0.9990234375,0.9556936621665955
YPL126W,YDR108W,0,-1.0135359,0.09689334779977798,0.9990234375,0.9557939171791077
YPL198W,YNL029C,0,-1.015568,0.09688417613506317,0.9990234375,0.9558941721916199
YOL135C,YKL032C,0,-1.0187079,0.09687499701976776,0.9990234375,0.9559943675994873
YNL247W,YOR335C,0,-1.0266869,0.09686582535505295,0.9990234375,0.9560946226119995
YDR422C,YBL025W,0,-1.0267162,0.09685665369033813,0.9990234375,0.9561948776245117
YDR292C,YJL058C,0,-1.029507,0.09684748947620392,0.9990234375,0.9562951326370239
YOR091W,YJL179W,0,-1.0331421,0.0968383178114891,0.9990234375,0.9563953280448914
YLR085C,YCR107W,0,-1.0335371,0.09682915359735489,0.9990234375,0.9564955830574036
YBR130C,YMR050C,0,-1.0407352,0.09681998938322067,0.9990234375,0.9565958380699158
YPL262W,YLR019W,0,-1.0433174,0.09681082516908646,0.9990234375,0.956696093082428
YPR017C,YDR080W,0,-1.0439212,0.09680166840553284,0.9990234375,0.9567962884902954
YNL214W,YHR194W,0,-1.0441393,0.09679250419139862,0.9990234375,0.9568965435028076
YPR010C,YLR413W,0,-1.0450757,0.096783347427845,0.9990234375,0.9569967985153198
YMR261C,YKR100C,0,-1.0453358,0.09677419066429138,0.9990234375,0.957097053527832
YLR223C,YIL018W,0,-1.045553,0.09676504135131836,0.9990234375,0.9571972489356995
YAL011W,YPL013C,0,-1.0463513,0.09675588458776474,0.9990234375,0.9572975039482117
YPR143W,YHR133C,0,-1.0476167,0.09674673527479172,0.9990234375,0.9573977589607239
YLR451W,YDR292C,0,-1.0545988,0.0967375859618187,0.9990234375,0.9574980139732361
YPL146C,YDR190C,0,-1.055749,0.09672844409942627,0.9990234375,0.9575982093811035
YNL103W,YLR067C,0,-1.060034,0.09671929478645325,0.9990234375,0.9576984643936157
YGR046W,YNL216W,0,-1.0607475,0.09671015292406082,0.9990234375,0.9577987194061279
YOL042W,YFL049W,0,-1.0617272,0.0967010110616684,0.9990234375,0.9578989744186401
YGR296W,YDL076C,0,-1.0625899,0.09669186919927597,0.9990234375,0.9579991698265076
YLR435W,YGL064C,0,-1.0673368,0.09668273478746414,0.9990234375,0.9580994248390198
YEL005C,YOR117W,0,-1.0739858,0.09667360037565231,0.9990234375,0.958199679851532
YOR016C,YDR075W,0,-1.0781162,0.09666445851325989,0.9990234375,0.9582999348640442
YKL080W,YMR054W,1,-1.081282,0.09674981236457825,1.0,0.9582999348640442
YDR098C,YDR468C,0,-1.0817268,0.09674067050218582,1.0,0.9584001898765564
YJR132W,YDL209C,0,-1.0837121,0.0967315286397934,1.0,0.9585003852844238
YDR412W,YIL173W,0,-1.0876083,0.09672239422798157,1.0,0.958600640296936
YJL054W,YBL014C,0,-1.0877032,0.09671325981616974,1.0,0.9587008953094482
YDR075W,YNL221C,0,-1.0909468,0.09670412540435791,1.0,0.9588011503219604
YNL181W,YGR253C,0,-1.0949515,0.09669499844312668,1.0,0.9589013457298279
YBR153W,YDL123W,0,-1.0966561,0.09668586403131485,1.0,0.9590016007423401
YIL007C,YBR029C,0,-1.0990255,0.09667673707008362,1.0,0.9591018557548523
YML098W,YML076C,0,-1.0997944,0.09666761010885239,1.0,0.9592021107673645
YLR181C,YDR045C,0,-1.1011114,0.09665848314762115,1.0,0.9593023061752319
YLR023C,YNL164C,0,-1.1026912,0.09664936363697052,1.0,0.9594025611877441
YCL001W,YJL001W,0,-1.113766,0.09664024412631989,1.0,0.9595028162002563
YPL210C,YBR034C,0,-1.1150389,0.09663112461566925,1.0,0.9596030712127686
YHR165C,YBL008W,0,-1.1197059,0.09662200510501862,1.0,0.959703266620636
YDL240W,YLR451W,0,-1.1203611,0.09661288559436798,1.0,0.9598035216331482
YDR422C,YGL129C,0,-1.125865,0.09660377353429794,1.0,0.9599037766456604
YNL025C,YDR284C,0,-1.126081,0.0965946614742279,1.0,0.9600040316581726
YDL098C,YNL199C,0,-1.1272311,0.09658554941415787,1.0,0.96010422706604
YDR004W,YLR260W,0,-1.1376625,0.09657643735408783,1.0,0.9602044820785522
YMR192W,YER167W,0,-1.1393758,0.09656733274459839,1.0,0.9603047370910645
YDL235C,YNL216W,0,-1.1435195,0.09655822813510895,1.0,0.9604049921035767
YDR463W,YDR301W,0,-1.1437018,0.0965491235256195,1.0,0.9605051875114441
YGL195W,YKR083C,0,-1.1474068,0.09654001891613007,1.0,0.9606054425239563
YMR215W,YBL091C,0,-1.1475463,0.09653092175722122,1.0,0.9607056975364685
YER081W,YPL254W,0,-1.1513284,0.09652182459831238,1.0,0.9608059525489807
YFR016C,YOR060C,0,-1.1513693,0.09651272743940353,1.0,0.9609061479568481
YIL130W,YGL151W,0,-1.153239,0.09650363028049469,1.0,0.9610064029693604
YDR468C,YOR259C,0,-1.1593066,0.09649453312158585,1.0,0.9611066579818726
YLR411W,YDR243C,0,-1.1598606,0.0964854434132576,1.0,0.9612069129943848
YKR096W,YDR273W,0,-1.1619217,0.09647635370492935,1.0,0.9613071084022522
YOR191W,YBR060C,0,-1.1649743,0.0964672639966011,1.0,0.9614073634147644
YDR515W,YLR259C,0,-1.1789241,0.09645817428827286,1.0,0.9615076184272766
YLR083C,YCR035C,0,-1.1814812,0.09644909203052521,1.0,0.9616078734397888
YKL051W,YHL021C,0,-1.1818402,0.09644000977277756,1.0,0.961708128452301
YMR063W,YOL051W,0,-1.1828752,0.09643092751502991,1.0,0.9618083238601685
YIL118W,YER060W,0,-1.183044,0.09642184525728226,1.0,0.9619085788726807
YOL061W,YBL014C,0,-1.1859446,0.0964127704501152,1.0,0.9620088338851929
YDL100C,YLR093C,0,-1.1881677,0.09640368819236755,1.0,0.9621090888977051
YLR085C,YNR030W,0,-1.1926191,0.0963946133852005,1.0,0.9622092843055725
YPL001W,YER093C,0,-1.1931419,0.09638553857803345,1.0,0.9623095393180847
YFR014C,YCR044C,0,-1.1935539,0.09637647122144699,1.0,0.9624097943305969
YKL191W,YHR146W,0,-1.1949593,0.09636740386486053,1.0,0.9625100493431091
YOR119C,YKL029C,0,-1.195272,0.09635832905769348,1.0,0.9626102447509766
YHR154W,YML102W,0,-1.1986861,0.09634926915168762,1.0,0.9627104997634888
YLR258W,YPL006W,0,-1.200759,0.09634020179510117,1.0,0.962810754776001
YEL018W,YHR170W,0,-1.2055676,0.0963311418890953,1.0,0.9629110097885132
YDR257C,YPL254W,0,-1.2065128,0.09632207453250885,1.0,0.9630112051963806
YAL011W,YBR060C,0,-1.206795,0.09631301462650299,1.0,0.9631114602088928
YCL068C,YLR196W,0,-1.2093921,0.09630396217107773,1.0,0.963211715221405
YDR189W,YLR060W,0,-1.2104468,0.09629490226507187,1.0,0.9633119702339172
YDR372C,YKL079W,0,-1.2165757,0.0962858498096466,1.0,0.9634121656417847
YPL171C,YDL100C,0,-1.2204118,0.09627679735422134,1.0,0.9635124206542969
YDR435C,YDR204W,0,-1.2282169,0.09626774489879608,1.0,0.9636126756668091
YCR035C,YOR026W,0,-1.2297362,0.09625869244337082,1.0,0.9637129306793213
YDL145C,YIL130W,0,-1.2301936,0.09624964743852615,1.0,0.9638131260871887
YNL056W,YOL135C,0,-1.231163,0.09624060243368149,1.0,0.9639133810997009
YDR515W,YHL006C,0,-1.2322047,0.09623155742883682,1.0,0.9640136361122131
YOL023W,YGR296W,0,-1.2327442,0.09622251242399216,1.0,0.9641138911247253
YNL287W,YMR125W,0,-1.2347236,0.09621347486972809,1.0,0.9642140865325928
YGR244C,YIL033C,0,-1.2350637,0.09620443731546402,1.0,0.964314341545105
YMR048W,YKL054C,0,-1.2351822,0.09619539976119995,1.0,0.9644145965576172
YOR189W,YGL243W,0,-1.2398376,0.09618636220693588,1.0,0.9645148515701294
YBR189W,YJL069C,0,-1.2408699,0.09617732465267181,1.0,0.9646150469779968
YAL019W,YOR048C,0,-1.2420186,0.09616829454898834,1.0,0.964715301990509
YIL106W,YGL116W,0,-1.2443784,0.09615926444530487,1.0,0.9648155570030212
YPL004C,YDR528W,0,-1.2475591,0.0961502343416214,1.0,0.9649158120155334
YPR046W,YPL006W,0,-1.2482314,0.09614120423793793,1.0,0.9650160670280457
YPR180W,YLR055C,0,-1.253664,0.09613218158483505,1.0,0.9651162624359131
YJR084W,YDR515W,0,-1.259191,0.09612315893173218,1.0,0.9652165174484253
YIL052C,YGL061C,0,-1.2593608,0.0961141362786293,1.0,0.9653167724609375
YNL250W,YDR325W,0,-1.2651113,0.09610511362552643,1.0,0.9654170274734497
YPR010C,YIL130W,0,-1.2651151,0.09609609842300415,1.0,0.9655172228813171
YOR091W,YPL198W,0,-1.2655079,0.09608707576990128,1.0,0.9656174778938293
YNL190W,YGL053W,0,-1.2678646,0.096078060567379,1.0,0.9657177329063416
YOR253W,YOR078W,0,-1.2685628,0.09606905281543732,1.0,0.9658179879188538
YMR243C,YMR242C,0,-1.2759796,0.09606003761291504,1.0,0.9659181833267212
YPR133C,YDL139C,0,-1.2889702,0.09605102986097336,1.0,0.9660184383392334
YBL087C,YPR169W,0,-1.30433,0.09604201465845108,1.0,0.9661186933517456
YLR413W,YDR110W,0,-1.3047255,0.09603301435709,1.0,0.9662189483642578
YKL191W,YOL029C,0,-1.30625,0.09602400660514832,1.0,0.9663191437721252
YPL161C,YOR059C,0,-1.3112453,0.09601499885320663,1.0,0.9664193987846375
YIL019W,YGR004W,0,-1.3164777,0.09600599855184555,1.0,0.9665196537971497
YPL105C,YIL098C,0,-1.3174891,0.09599699825048447,1.0,0.9666199088096619
YOR109W,YDL117W,0,-1.3182454,0.09598799794912338,1.0,0.9667201042175293
YDR007W,YER102W,0,-1.3204893,0.0959790050983429,1.0,0.9668203592300415
YBR279W,YER041W,0,-1.32414,0.09597001224756241,1.0,0.9669206142425537
YDR075W,YJR050W,0,-1.3346648,0.09596101939678192,1.0,0.9670208692550659
YOL069W,YDR437W,0,-1.3387207,0.09595202654600143,1.0,0.9671210646629333
YOL012C,YBL008W,0,-1.343141,0.09594303369522095,1.0,0.9672213196754456
YMR076C,YOL135C,0,-1.3460217,0.09593404829502106,1.0,0.9673215746879578
YPL225W,YDR110W,0,-1.3465581,0.09592505544424057,1.0,0.96742182970047
YDR468C,YPR131C,0,-1.3466669,0.09591607004404068,1.0,0.9675220251083374
YPR110C,YDR500C,0,-1.3514462,0.09590709209442139,1.0,0.9676222801208496
YLR239C,YNL317W,0,-1.3587172,0.0958981066942215,1.0,0.9677225351333618
YOL061W,YKR099W,0,-1.3599511,0.0958891287446022,1.0,0.967822790145874
YOL095C,YCL067C,0,-1.360823,0.09588015079498291,1.0,0.9679229855537415
YLR189C,YHL006C,0,-1.3627381,0.09587117284536362,1.0,0.9680232405662537
YCL029C,YNL221C,0,-1.3687348,0.09586219489574432,1.0,0.9681234955787659
YGL016W,YLR067C,0,-1.3759162,0.09585322439670563,1.0,0.9682237505912781
YGR099W,YGR283C,0,-1.3763286,0.09584425389766693,1.0,0.9683240056037903
YAL068C,YPL221W,0,-1.3770604,0.09583528339862823,1.0,0.9684242010116577
YKL039W,YOR259C,0,-1.3823704,0.09582631289958954,1.0,0.9685244560241699
YMR220W,YGL070C,0,-1.3841009,0.09581734985113144,1.0,0.9686247110366821
YPL043W,YPL193W,0,-1.3855528,0.09580838680267334,1.0,0.9687249660491943
YDR406W,YNL123W,0,-1.3872178,0.09579941630363464,1.0,0.9688251614570618
YOR250C,YMR313C,0,-1.3881216,0.09579046070575714,1.0,0.968925416469574
YPL210C,YEL006W,0,-1.3911152,0.09578149765729904,1.0,0.9690256714820862
YDR280W,YJR050W,0,-1.3941855,0.09577254205942154,1.0,0.9691259264945984
YHR150W,YBR168W,0,-1.3948885,0.09576358646154404,1.0,0.9692261219024658
YDR412W,YBR028C,0,-1.3949995,0.09575463086366653,1.0,0.969326376914978
YLR143W,YPR120C,0,-1.3986269,0.09574567526578903,1.0,0.9694266319274902
YJL186W,YLR435W,0,-1.3987795,0.09573672711849213,1.0,0.9695268869400024
YDR412W,YHR157W,0,-1.4027822,0.09572777152061462,1.0,0.9696270823478699
YNL318C,YLL014W,0,-1.4038379,0.09571882337331772,1.0,0.9697273373603821
YDR201W,YLL021W,0,-1.4072351,0.09570988267660141,1.0,0.9698275923728943
YDR257C,YDR179C,0,-1.4087856,0.0957009345293045,1.0,0.9699278473854065
YLR092W,YML082W,0,-1.4095685,0.0956919938325882,1.0,0.9700280427932739
YDR002W,YPR017C,0,-1.4120576,0.09568305313587189,1.0,0.9701282978057861
YOR101W,YEL032W,0,-1.4135547,0.09567411243915558,1.0,0.9702285528182983
YDR361C,YGL070C,0,-1.4163792,0.09566517174243927,1.0,0.9703288078308105
YLR234W,YNL038W,0,-1.4170707,0.09565623849630356,1.0,0.970429003238678
YDR412W,YDR438W,0,-1.4184483,0.09564729779958725,1.0,0.9705292582511902
YNL051W,YLR345W,0,-1.4235432,0.09563836455345154,1.0,0.9706295132637024
YBR046C,YDR273W,0,-1.4254006,0.09562943875789642,1.0,0.9707297682762146
YBR162W-A,YER005W,0,-1.4274992,0.09562050551176071,1.0,0.970829963684082
YPR008W,YOL009C,0,-1.4290785,0.0956115797162056,1.0,0.9709302186965942
YJR084W,YNL062C,0,-1.434314,0.09560265392065048,1.0,0.9710304737091064
YPR134W,YIL062C,0,-1.4355652,0.09559372812509537,1.0,0.9711307287216187
YGR007W,YOR258W,0,-1.4455397,0.09558480232954025,1.0,0.9712309837341309
YJL186W,YPR095C,0,-1.4488994,0.09557588398456573,1.0,0.9713311791419983
YDR367W,YML076C,0,-1.449656,0.09556696563959122,1.0,0.9714314341545105
YBR078W,YNL247W,0,-1.450254,0.0955580472946167,1.0,0.9715316891670227
YCL039W,YGR094W,0,-1.4549147,0.09554912894964218,1.0,0.9716319441795349
YKL069W,YPR188C,0,-1.4618158,0.09554021060466766,1.0,0.9717321395874023
YIL087C,YKR049C,0,-1.4620986,0.09553129971027374,1.0,0.9718323945999146
YPL138C,YPR188C,0,-1.4659504,0.09552238881587982,1.0,0.9719326496124268
YNL328C,YPR120C,0,-1.4675114,0.0955134779214859,1.0,0.972032904624939
YGR046W,YHR118C,0,-1.4695055,0.09550456702709198,1.0,0.9721331000328064
YDR227W,YOR241W,0,-1.4728427,0.09549566358327866,1.0,0.9722333550453186
YDR235W,YPL254W,0,-1.4755844,0.09548676013946533,1.0,0.9723336100578308
YNL294C,YLR189C,0,-1.4756982,0.09547785669565201,1.0,0.972433865070343
YFR040W,YOR157C,0,-1.4772516,0.09546895325183868,1.0,0.9725340604782104
YJL057C,YGR253C,0,-1.4877132,0.09546005725860596,1.0,0.9726343154907227
YPR105C,YLL067C,0,-1.5035074,0.09545115381479263,1.0,0.9727345705032349
YLL021W,YKR083C,0,-1.5111141,0.0954422578215599,1.0,0.9728348255157471
YOR119C,YPL133C,0,-1.5168579,0.09543336182832718,1.0,0.9729350209236145
YLR056W,YNR055C,0,-1.5209107,0.09542447328567505,1.0,0.9730352759361267
YOR119C,YNL023C,0,-1.5252987,0.09541557729244232,1.0,0.9731355309486389
YPL198W,YOR272W,0,-1.5276272,0.09540668874979019,1.0,0.9732357859611511
YOR002W,YHR103W,0,-1.5331097,0.09539780020713806,1.0,0.9733359813690186
YLR277C,YFR050C,0,-1.5422672,0.09538891166448593,1.0,0.9734362363815308
YOL122C,YKR088C,0,-1.5483546,0.0953800305724144,1.0,0.973536491394043
YOL029C,YNL123W,0,-1.5583354,0.09537114948034286,1.0,0.9736367464065552
YFL061W,YIL118W,0,-1.5611613,0.09536226838827133,1.0,0.9737369418144226
YDR080W,YGL049C,0,-1.5786972,0.0953533872961998,1.0,0.9738371968269348
YPL239W,YIL018W,0,-1.5812094,0.09534450620412827,1.0,0.973937451839447
YOL144W,YKR079C,0,-1.583451,0.09533563256263733,1.0,0.9740377068519592
YER060W-A,YML031W,0,-1.5871375,0.0953267514705658,1.0,0.9741379022598267
YLR293C,YAL059W,0,-1.589606,0.09531787782907486,1.0,0.9742381572723389
YLR006C,YGL006W,0,-1.5903356,0.09530901163816452,1.0,0.9743384122848511
YBR162W-A,YJR123W,0,-1.5943782,0.09530013799667358,1.0,0.9744386672973633
YJR042W,YOL135C,0,-1.5971005,0.09529127180576324,1.0,0.9745389223098755
YDR201W,YAL059W,0,-1.6035124,0.0952824056148529,1.0,0.9746391177177429
YLR234W,YKR099W,0,-1.6036437,0.09527353942394257,1.0,0.9747393727302551
YML011C,YDR308C,0,-1.6102684,0.09526467323303223,1.0,0.9748396277427673
YDR412W,YLR292C,0,-1.6184728,0.09525581449270248,1.0,0.9749398827552795
YML081W,YJL069C,0,-1.621845,0.09524695575237274,1.0,0.975040078163147
YDR100W,YBL047C,0,-1.6245126,0.095238097012043,1.0,0.9751403331756592
YPR105C,YDR176W,0,-1.6255729,0.09522923827171326,1.0,0.9752405881881714
YDR122W,YEL039C,0,-1.6268296,0.09522037953138351,1.0,0.9753408432006836
YDR469W,YLR263W,0,-1.6317605,0.09521152824163437,1.0,0.975441038608551
YJL110C,YHR006W,0,-1.6548624,0.09520267695188522,1.0,0.9755412936210632
YOR236W,YNR053C,0,-1.6611624,0.09519382566213608,1.0,0.9756415486335754
YGR208W,YLR263W,0,-1.661623,0.09518498182296753,1.0,0.9757418036460876
YDL220C,YJR118C,0,-1.6629844,0.09517613053321838,1.0,0.9758419990539551
YGL195W,YOR271C,0,-1.6653355,0.09516728669404984,1.0,0.9759422540664673
YFR010W,YJR096W,0,-1.6757572,0.09515844285488129,1.0,0.9760425090789795
YML092C,YER143W,0,-1.6813929,0.09514959901571274,1.0,0.9761427640914917
YHR165C,YHR148W,0,-1.6861408,0.09514076262712479,1.0,0.9762429594993591
YHR024C,YGL064C,0,-1.6890891,0.09513191878795624,1.0,0.9763432145118713
YCR016W,YOL061W,0,-1.6937147,0.09512308239936829,1.0,0.9764434695243835
YOR254C,YKR083C,0,-1.6972499,0.09511424601078033,1.0,0.9765437245368958
YLR417W,YLR260W,0,-1.7089514,0.09510541707277298,1.0,0.9766439199447632
YJR050W,YLR260W,0,-1.7319509,0.09509658068418503,1.0,0.9767441749572754
YPL126W,YDR179C,0,-1.7330863,0.09508775174617767,1.0,0.9768444299697876
YDL003W,YKL045W,0,-1.7398323,0.09507892280817032,1.0,0.9769446849822998
YGL104C,YCR044C,0,-1.7423608,0.09507009387016296,1.0,0.9770448803901672
YPR173C,YLR215C,0,-1.7478256,0.0950612723827362,1.0,0.9771451354026794
YPR046W,YIR026C,0,-1.7510821,0.09505244344472885,1.0,0.9772453904151917
YER149C,YDR412W,0,-1.7516555,0.0950436219573021,1.0,0.9773456454277039
YNL145W,YPL254W,0,-1.7532264,0.09503480046987534,1.0,0.9774458408355713
YMR205C,YGR003W,0,-1.757094,0.09502598643302917,1.0,0.9775460958480835
YJR123W,YER032W,0,-1.7584115,0.09501716494560242,1.0,0.9776463508605957
YBR189W,YNL076W,0,-1.7636698,0.09500835090875626,1.0,0.9777466058731079
YLR017W,YNR053C,0,-1.7658395,0.0949995368719101,1.0,0.9778468608856201
YPL138C,YOR079C,0,-1.7686434,0.09499072283506393,1.0,0.9779470562934875
YIL130W,YER129W,0,-1.7710187,0.09498191624879837,1.0,0.9780473113059998
YDR397C,YKR099W,0,-1.7774123,0.09497310221195221,1.0,0.978147566318512
YLR037C,YLR175W,0,-1.7810743,0.09496429562568665,1.0,0.9782478213310242
YHR165C,YER155C,0,-1.7811513,0.09495548903942108,1.0,0.9783480167388916
YCR086W,YPR008W,0,-1.796494,0.09494668245315552,1.0,0.9784482717514038
YDR490C,YGR097W,0,-1.8008956,0.09493788331747055,1.0,0.978548526763916
YEL018W,YDR045C,0,-1.8048012,0.09492908418178558,1.0,0.9786487817764282
YDR482C,YJL162C,0,-1.805566,0.09492028504610062,1.0,0.9787489771842957
YNL076W,YHR037W,0,-1.8077114,0.09491148591041565,1.0,0.9788492321968079
YOL061W,YLR019W,0,-1.8101611,0.09490268677473068,1.0,0.9789494872093201
YDR127W,YDL119C,0,-1.8105211,0.09489389508962631,1.0,0.9790497422218323
YLR451W,YHL011C,0,-1.8130541,0.09488510340452194,1.0,0.9791499376296997
YLL031C,YJL013C,0,-1.8144916,0.09487631171941757,1.0,0.9792501926422119
YNL111C,YLR068W,0,-1.8152022,0.0948675200343132,1.0,0.9793504476547241
YOR091W,YAR042W,0,-1.8164432,0.09485872834920883,1.0,0.9794507026672363
YLR451W,YCL054W,0,-1.8196392,0.09484994411468506,1.0,0.9795508980751038
YOR253W,YOR195W,0,-1.8213954,0.09484115988016129,1.0,0.979651153087616
YIL022W,YIL098C,0,-1.8427695,0.09483237564563751,1.0,0.9797514081001282
YDR243C,YJL179W,0,-1.8476584,0.09482359141111374,1.0,0.9798516631126404
YNL023C,YNR024W,0,-1.8556703,0.09481481462717056,1.0,0.9799518585205078
YDR482C,YPR188C,0,-1.859647,0.09480603784322739,1.0,0.98005211353302
YPR106W,YPL253C,0,-1.8624159,0.09479726105928421,1.0,0.9801523685455322
YCR086W,YDR165W,0,-1.8754772,0.09478848427534103,1.0,0.9802526235580444
YGL243W,YGL093W,0,-1.87764,0.09477971494197845,1.0,0.9803528189659119
YLR249W,YPL076W,0,-1.8885388,0.09477093815803528,1.0,0.9804530739784241
YNL190W,YOR192C,0,-1.8930874,0.0947621688246727,1.0,0.9805533289909363
YDR441C,YPL043W,0,-1.8981535,0.09475339949131012,1.0,0.9806535840034485
YMR053C,YDR406W,0,-1.9017525,0.09474463015794754,1.0,0.9807537794113159
YKL063C,YKR095W,0,-1.903224,0.09473586827516556,1.0,0.9808540344238281
YIL153W,YIL123W,0,-1.9060535,0.09472710639238358,1.0,0.9809542894363403
YDR129C,YNL214W,0,-1.9063857,0.09471834450960159,1.0,0.9810545444488525
YPR120C,YML031W,0,-1.9107418,0.09470958262681961,1.0,0.9811547994613647
YIL120W,YGL078C,0,-1.9131598,0.09470082074403763,1.0,0.9812549948692322
YDR482C,YNL286W,0,-1.9189873,0.09469206631183624,1.0,0.9813552498817444
YLR215C,YDR361C,0,-1.9197059,0.09468331187963486,1.0,0.9814555048942566
YDR200C,YDR301W,0,-1.9200668,0.09467455744743347,1.0,0.9815557599067688
YDR190C,YOR341W,0,-1.9243597,0.09466580301523209,1.0,0.9816559553146362
YER007C-A,YGL078C,0,-1.9244473,0.0946570560336113,1.0,0.9817562103271484
YER031C,YNL038W,0,-1.9282203,0.09464830160140991,1.0,0.9818564653396606
YLL048C,YNL247W,0,-1.9301724,0.09463955461978912,1.0,0.9819567203521729
YNL076W,YGR245C,0,-1.937856,0.09463080763816833,1.0,0.9820569157600403
YOL009C,YBL051C,0,-1.9423194,0.09462206810712814,1.0,0.9821571707725525
YEL019C,YGR120C,0,-1.9473107,0.09461332112550735,1.0,0.9822574257850647
YNL317W,YDL018C,0,-1.9509454,0.09460458159446716,1.0,0.9823576807975769
YER109C,YNR024W,0,-1.9633801,0.09459584206342697,1.0,0.9824578762054443
YNR024W,YML031W,0,-1.9692045,0.09458710253238678,1.0,0.9825581312179565
YBL035C,YGL171W,0,-1.984261,0.09457837045192719,1.0,0.9826583862304688
YMR048W,YMR261C,0,-1.9854926,0.094569630920887,1.0,0.982758641242981
YLR413W,YDR234W,0,-1.995714,0.0945608988404274,1.0,0.9828588366508484
YGL076C,YIL096C,0,-1.9986714,0.0945521667599678,1.0,0.9829590916633606
YKR079C,YGR245C,0,-2.0028112,0.0945434421300888,1.0,0.9830593466758728
YOR027W,YJR117W,0,-2.049312,0.09453471004962921,1.0,0.983159601688385
YDL240W,YGL049C,0,-2.0677633,0.09452598541975021,1.0,0.9832597970962524
YLL021W,YOR335C,0,-2.0693612,0.09451726078987122,1.0,0.9833600521087646
YFR016C,YLR248W,0,-2.072198,0.09450853615999222,1.0,0.9834603071212769
YKL029C,YOR078W,0,-2.0808501,0.09449981898069382,1.0,0.9835605621337891
YLR085C,YGL246C,0,-2.0906365,0.09449109435081482,1.0,0.9836607575416565
YMR153W,YKL099C,0,-2.0910292,0.09448237717151642,1.0,0.9837610125541687
YDR422C,YDL117W,0,-2.093444,0.09447365999221802,1.0,0.9838612675666809
YIL008W,YLR175W,0,-2.0935097,0.09446494281291962,1.0,0.9839615225791931
YBR162W-A,YKL006W,0,-2.0988016,0.09445623308420181,1.0,0.9840617775917053
YDR023W,YKR079C,0,-2.1081502,0.09444751590490341,1.0,0.9841619729995728
YAL059W,YOR271C,0,-2.1138668,0.09443880617618561,1.0,0.984262228012085
YER040W,YNL214W,0,-2.114587,0.0944300964474678,1.0,0.9843624830245972
YJR123W,YIL096C,0,-2.1159682,0.0944213941693306,1.0,0.9844627380371094
YCR018C,YOR249C,0,-2.125314,0.09441268444061279,1.0,0.9845629334449768
YDL235C,YNL076W,0,-2.140267,0.09440398216247559,1.0,0.984663188457489
YKL048C,YOR319W,0,-2.1408062,0.09439527988433838,1.0,0.9847634434700012
YNR019W,YBR060C,0,-2.141725,0.09438657760620117,1.0,0.9848636984825134
YLR367W,YGL078C,0,-2.1421063,0.09437788277864456,1.0,0.9849638938903809
YBR189W,YLR367W,0,-2.1442685,0.09436918050050735,1.0,0.9850641489028931
YDL240W,YDL102W,0,-2.1487415,0.09436048567295074,1.0,0.9851644039154053
YNR048W,YGR007W,0,-2.15122,0.09435179084539413,1.0,0.9852646589279175
YER179W,YCR036W,0,-2.152999,0.09434309601783752,1.0,0.9853648543357849
YOL055C,YNL294C,0,-2.189858,0.09433440864086151,1.0,0.9854651093482971
YOR048C,YML031W,0,-2.1921635,0.0943257212638855,1.0,0.9855653643608093
YDR545W,YER040W,0,-2.1922984,0.09431703388690948,1.0,0.9856656193733215
YHR205W,YDR361C,0,-2.196041,0.09430834650993347,1.0,0.985765814781189
YOL076W,YGL111W,0,-2.2115593,0.09429965913295746,1.0,0.9858660697937012
YMR192W,YPL253C,0,-2.2198715,0.09429097920656204,1.0,0.9859663248062134
YOR078W,YCL054W,0,-2.221397,0.09428229182958603,1.0,0.9860665798187256
YDR025W,YDR395W,0,-2.2343662,0.09427361190319061,1.0,0.986166775226593
YIL030C,YGL139W,0,-2.2628145,0.0942649394273758,1.0,0.9862670302391052
YJL186W,YDL031W,0,-2.2648652,0.09425625950098038,1.0,0.9863672852516174
YDR515W,YJR050W,0,-2.265861,0.09424758702516556,1.0,0.9864675402641296
YLR258W,YDR204W,0,-2.2674823,0.09423890709877014,1.0,0.9865677356719971
YHR204W,YHR114W,0,-2.2792246,0.09423023462295532,1.0,0.9866679906845093
YDR091C,YLR451W,0,-2.2953522,0.0942215695977211,1.0,0.9867682456970215
YJL127C,YBL051C,0,-2.300294,0.09421289712190628,1.0,0.9868685007095337
YGR283C,YPL210C,0,-2.3012397,0.09420423209667206,1.0,0.9869686961174011
YBR211C,YBR101C,0,-2.3014033,0.09419556707143784,1.0,0.9870689511299133
YHR035W,YBL014C,0,-2.3021474,0.09418690204620361,1.0,0.9871692061424255
YDR289C,YLR115W,0,-2.3066115,0.09417823702096939,1.0,0.9872694611549377
YHR122W,YDR395W,0,-2.3166287,0.09416957944631577,1.0,0.98736971616745
YLR189C,YOR086C,0,-2.317508,0.09416092187166214,1.0,0.9874699115753174
YOR320C,YLR337C,0,-2.3293087,0.09415226429700851,1.0,0.9875701665878296
YDR168W,YJR096W,0,-2.3307667,0.09414360672235489,1.0,0.9876704216003418
YPR143W,YLR019W,0,-2.341222,0.09413494914770126,1.0,0.987770676612854
YDR412W,YDR292C,0,-2.341866,0.09412629902362823,1.0,0.9878708720207214
YER176W,YFR038W,0,-2.3509212,0.0941176488995552,1.0,0.9879711270332336
YKL026C,YDL031W,0,-2.379737,0.09410899877548218,1.0,0.9880713820457458
YMR230W,YLR060W,0,-2.381046,0.09410034865140915,1.0,0.9881716370582581
YHR114W,YGR083C,0,-2.3829005,0.09409170597791672,1.0,0.9882718324661255
YKL048C,YNL164C,0,-2.391435,0.09408305585384369,1.0,0.9883720874786377
YCR016W,YLL021W,0,-2.407409,0.09407441318035126,1.0,0.9884723424911499
YJL110C,YLR085C,0,-2.4174564,0.09406577050685883,1.0,0.9885725975036621
YOR272W,YDR087C,0,-2.4334254,0.09405713528394699,1.0,0.9886727929115295
YLL048C,YDR057W,0,-2.4382105,0.09404849261045456,1.0,0.9887730479240417
YKL149C,YPR180W,0,-2.4419312,0.09403985738754272,1.0,0.988873302936554
YPL169C,YDL135C,0,-2.4708152,0.09403122216463089,1.0,0.9889735579490662
YKR078W,YPL013C,0,-2.4708447,0.09402258694171906,1.0,0.9890737533569336
YLR215C,YER127W,0,-2.4738102,0.09401395171880722,1.0,0.9891740083694458
YDL117W,YPL049C,0,-2.4768937,0.09400532394647598,1.0,0.989274263381958
YNL103W,YCL044C,0,-2.4852195,0.09399669617414474,1.0,0.9893745183944702
YGR004W,YPL233W,0,-2.4912944,0.09398806840181351,1.0,0.9894747138023376
YLR060W,YGL016W,0,-2.4933093,0.09397944062948227,1.0,0.9895749688148499
YPL169C,YKL149C,0,-2.504047,0.09397082030773163,1.0,0.9896752238273621
YCL029C,YOR048C,0,-2.5067143,0.09396219253540039,1.0,0.9897754788398743
YDR165W,YOR335C,0,-2.5122557,0.09395357221364975,1.0,0.9898756742477417
YBR069C,YDR292C,0,-2.5127435,0.09394495189189911,1.0,0.9899759292602539
YJL057C,YJL001W,0,-2.5197315,0.09393633902072906,1.0,0.9900761842727661
YPL004C,YAL030W,0,-2.5376859,0.09392771869897842,1.0,0.9901764392852783
YNR048W,YJR131W,0,-2.5424066,0.09391910582780838,1.0,0.9902766346931458
YKR096W,YLR417W,0,-2.5427892,0.09391049295663834,1.0,0.990376889705658
YJL057C,YPR105C,0,-2.5703206,0.09390188008546829,1.0,0.9904771447181702
YOL144W,YNR024W,0,-2.581756,0.09389326721429825,1.0,0.9905773997306824
YDR300C,YGL016W,0,-2.590367,0.0938846617937088,1.0,0.9906776547431946
YOL116W,YDL076C,0,-2.6202202,0.09387605637311935,1.0,0.990777850151062
YML107C,YBR181C,0,-2.629334,0.09386745095252991,1.0,0.9908781051635742
YDR422C,YLR361C,0,-2.6400797,0.09385884553194046,1.0,0.9909783601760864
YLL021W,YMR125W,0,-2.6417608,0.09385024011135101,1.0,0.9910786151885986
YJR027W,YDR300C,0,-2.6424387,0.09384164214134216,1.0,0.9911788105964661
YGL070C,YDR045C,0,-2.6552112,0.09383304417133331,1.0,0.9912790656089783
YOL076W,YGR083C,0,-2.667514,0.09382444620132446,1.0,0.9913793206214905
YPR143W,YDR110W,0,-2.6905432,0.09381584823131561,1.0,0.9914795756340027
YPL140C,YLR260W,0,-2.7101898,0.09380725771188736,1.0,0.9915797710418701
YPL126W,YNL066W,0,-2.7186532,0.09379865974187851,1.0,0.9916800260543823
YJL098W,YOR195W,0,-2.7656043,0.09379006922245026,1.0,0.9917802810668945
YJL110C,YDR412W,0,-2.774715,0.093781478703022,1.0,0.9918805360794067
YGR103W,YER127W,0,-2.7905805,0.09377289563417435,1.0,0.9919807314872742
YKL155C,YPL193W,0,-2.8042045,0.0937643051147461,1.0,0.9920809864997864
YNL031C,YJL181W,0,-2.806057,0.09375572204589844,1.0,0.9921812415122986
YDL105W,YPR057W,0,-2.8071089,0.09374713897705078,1.0,0.9922814965248108
YGL063W,YPL049C,0,-2.84483,0.09373855590820312,1.0,0.9923816919326782
YDR110W,YKR099W,0,-2.8490784,0.09372998028993607,1.0,0.9924819469451904
YBL035C,YHR020W,0,-2.8634067,0.09372139722108841,1.0,0.9925822019577026
YJR041C,YIL096C,0,-2.8803778,0.09371282160282135,1.0,0.9926824569702148
YDR004W,YNL059C,0,-2.8884945,0.09370424598455429,1.0,0.9927826523780823
YGR099W,YHR090C,0,-2.8944416,0.09369567036628723,1.0,0.9928829073905945
YHR169W,YKL099C,0,-2.9198601,0.09368710219860077,1.0,0.9929831624031067
YNL247W,YLR175W,0,-2.928578,0.09367852658033371,1.0,0.9930834174156189
YPR046W,YDR179C,0,-2.9411001,0.09366995841264725,1.0,0.9931836128234863
YKR095W,YMR131C,0,-2.9471214,0.09366139024496078,1.0,0.9932838678359985
YOL061W,YPR169W,0,-2.9518514,0.09365282952785492,1.0,0.9933841228485107
YOL012C,YIL148W,0,-2.9722815,0.09364426136016846,1.0,0.993484377861023
YLR039C,YLR001C,0,-2.9774704,0.09363570064306259,1.0,0.9935845732688904
YML067C,YKR079C,0,-2.9892178,0.09362713992595673,1.0,0.9936848282814026
YER056C,YOR189W,0,-3.0313535,0.09361857920885086,1.0,0.9937850832939148
YER109C,YJR054W,0,-3.034738,0.093610018491745,1.0,0.993885338306427
YDL124W,YAL028W,0,-3.0558305,0.09360146522521973,1.0,0.9939855933189392
YHR009C,YKL149C,0,-3.0622458,0.09359290450811386,1.0,0.9940857887268066
YKL149C,YGR120C,0,-3.0798044,0.09358435124158859,1.0,0.9941860437393188
YLL026W,YLR093C,0,-3.1120753,0.09357580542564392,1.0,0.994286298751831
YDR190C,YOR078W,0,-3.1181252,0.09356725215911865,1.0,0.9943865537643433
YJL057C,YBR169C,0,-3.119473,0.09355869889259338,1.0,0.9944867491722107
YOR207C,YDL031W,0,-3.1371093,0.09355015307664871,1.0,0.9945870041847229
YIL033C,YGR044C,0,-3.146443,0.09354160726070404,1.0,0.9946872591972351
YPR143W,YKL099C,0,-3.1646886,0.09353306889533997,1.0,0.9947875142097473
YOR048C,YDR105C,0,-3.2027755,0.0935245230793953,1.0,0.9948877096176147
YMR243C,YLR175W,0,-3.2087622,0.09351598471403122,1.0,0.994987964630127
YBR060C,YBR121C,0,-3.222295,0.09350743889808655,1.0,0.9950882196426392
YNL214W,YMR002W,0,-3.2306128,0.09349890798330307,1.0,0.9951884746551514
YJL098W,YNL068C,0,-3.2322776,0.093490369617939,1.0,0.9952886700630188
YPR120C,YER127W,0,-3.2634106,0.09348183125257492,1.0,0.995388925075531
YPL043W,YDR045C,0,-3.2940183,0.09347330033779144,1.0,0.9954891800880432
YBL063W,YOR195W,0,-3.3064075,0.09346476942300797,1.0,0.9955894351005554
YGR078C,YLR333C,0,-3.3115103,0.09345623850822449,1.0,0.9956896305084229
YPL013C,YHR118C,0,-3.3402228,0.09344770759344101,1.0,0.9957898855209351
YCL029C,YDR235W,0,-3.3549895,0.09343918412923813,1.0,0.9958901405334473
YPR143W,YDR412W,0,-3.361885,0.09343065321445465,1.0,0.9959903955459595
YNL076W,YLR060W,0,-3.3682811,0.09342212975025177,1.0,0.9960905909538269
YML004C,YKL079W,0,-3.3835156,0.09341361373662949,1.0,0.9961908459663391
YDR091C,YLR409C,0,-3.473679,0.0934050902724266,1.0,0.9962911009788513
YLR409C,YIR026C,0,-3.4772825,0.09339657425880432,1.0,0.9963913559913635
YOR253W,YDR045C,0,-3.4775634,0.09338805079460144,1.0,0.996491551399231
YNL062C,YLR435W,0,-3.495905,0.09337953478097916,1.0,0.9965918064117432
YPL126W,YML082W,0,-3.4988728,0.09337101876735687,1.0,0.9966920614242554
YJR050W,YDR087C,0,-3.5288866,0.09336251020431519,1.0,0.9967923164367676
YKR079C,YHR170W,0,-3.5652442,0.0933539941906929,1.0,0.9968925714492798
YOR253W,YLR435W,0,-3.5830855,0.09334548562765121,1.0,0.9969927668571472
YGR235C,YGL192W,0,-3.5979772,0.09333697706460953,1.0,0.9970930218696594
YHR204W,YDR412W,0,-3.6085446,0.09332847595214844,1.0,0.9971932768821716
YPL126W,YJR050W,0,-3.692638,0.09331996738910675,1.0,0.9972935318946838
YEL032W,YNL063W,0,-3.697582,0.09331146627664566,1.0,0.9973937273025513
YPL138C,YMR131C,0,-3.713017,0.09330295771360397,1.0,0.9974939823150635
YIL008W,YDR087C,0,-3.7193768,0.09329446405172348,1.0,0.9975942373275757
YPL126W,YAL059W,0,-3.7772903,0.09328596293926239,1.0,0.9976944923400879
YOR252W,YNL164C,0,-3.8158739,0.0932774618268013,1.0,0.9977946877479553
YKL052C,YGL064C,0,-3.8649662,0.0932689681649208,1.0,0.9978949427604675
YDR468C,YLR093C,0,-3.886523,0.09326047450304031,1.0,0.9979951977729797
YLL014W,YKL005C,0,-3.8905325,0.09325198084115982,1.0,0.9980954527854919
YOR252W,YIL008W,0,-3.9454496,0.09324348717927933,1.0,0.9981956481933594
YHR169W,YDR021W,0,-3.981492,0.09323500096797943,1.0,0.9982959032058716
YJL098W,YIR026C,0,-4.036853,0.09322651475667953,1.0,0.9983961582183838
YPL126W,YHR170W,0,-4.0387464,0.09321802109479904,1.0,0.998496413230896
YPR110C,YML082W,0,-4.060744,0.09320954233407974,1.0,0.9985966086387634
YIL019W,YNL164C,0,-4.1906056,0.09320105612277985,1.0,0.9986968636512756
YML081W,YKR088C,0,-4.312177,0.09319257736206055,1.0,0.9987971186637878
YHR088W,YOR319W,0,-4.3634615,0.09318409115076065,1.0,0.9988973736763
YAL059W,YIL008W,0,-4.3680687,0.09317561239004135,1.0,0.9989975690841675
YDR398W,YDL154W,0,-4.403008,0.09316713362932205,1.0,0.9990978240966797
YCR016W,YIL096C,0,-4.4209433,0.09315866231918335,1.0,0.9991980791091919
YIL019W,YMR243C,0,-4.4398375,0.09315018355846405,1.0,0.9992983341217041
YOR189W,YLR060W,0,-4.4907904,0.09314171224832535,1.0,0.9993985295295715
YDR412W,YDR234W,0,-4.5805073,0.09313324093818665,1.0,0.9994987845420837
YIL064W,YIL096C,0,-4.7454457,0.09312476962804794,1.0,0.999599039554596
YNR024W,YDR412W,0,-5.098634,0.09311630576848984,1.0,0.9996992945671082
YDR367W,YGR120C,0,-5.2745676,0.09310783445835114,1.0,0.9997994899749756
YKL191W,YIL096C,0,-5.639536,0.09309937059879303,1.0,0.9998997449874878
YBR189W,YCR016W,0,-6.646846,0.09309090673923492,1.0,1.0
