Gene A,Gene B,Label,Score,Precision,Recall,False Positive Rate
YNL281W,YMR186W,1,-1.4236045,1.0,0.005847953259944916,0.0
YNL281W,YOR027W,1,-1.4730518,1.0,0.011695906519889832,0.0
YMR186W,YOR027W,1,-1.7049391,1.0,0.017543859779834747,0.0
YDR214W,YOR027W,1,-1.7603796,1.0,0.023391813039779663,0.0
YJR064W,YOR027W,1,-2.3925915,1.0,0.02923976629972458,0.0
YIL142W,YJR064W,1,-2.5483112,1.0,0.035087719559669495,0.0
YNL036W,YDR297W,0,-2.6014442,0.8571428656578064,0.035087719559669495,0.0005847953143529594
YNL281W,YBL075C,1,-2.6051192,0.875,0.04093567281961441,0.0005847953143529594
YIL142W,YNL281W,1,-2.6695404,0.8888888955116272,0.046783626079559326,0.0005847953143529594
YLR314C,YDR516C,0,-2.9692135,0.800000011920929,0.046783626079559326,0.0011695906287059188
YKL040C,YDR297W,0,-3.0693388,0.7272727489471436,0.046783626079559326,0.001754386001266539
YIL142W,YOR027W,1,-3.069448,0.75,0.05263157933950424,0.001754386001266539
YDR214W,YNL281W,1,-3.0905447,0.7692307829856873,0.05847953259944916,0.001754386001266539
YDL081C,YNL244C,0,-3.1565468,0.7142857313156128,0.05847953259944916,0.0023391812574118376
YOL088C,YOR027W,1,-3.246539,0.7333333492279053,0.06432748585939407,0.0023391812574118376
YDR214W,YBL075C,1,-3.264408,0.75,0.07017543911933899,0.0023391812574118376
YML077W,YLR060W,0,-3.2777894,0.7058823704719543,0.07017543911933899,0.002923976629972458
YER045C,YGR020C,0,-3.3157563,0.6666666865348816,0.07017543911933899,0.003508772002533078
YDR258C,YOL088C,1,-3.3223965,0.6842105388641357,0.0760233923792839,0.003508772002533078
YDR214W,YMR186W,1,-3.41086,0.699999988079071,0.08187134563922882,0.003508772002533078
YNL281W,YDR258C,1,-3.417778,0.7142857313156128,0.08771929889917374,0.003508772002533078
YPR113W,YGL011C,0,-3.4727578,0.6818181872367859,0.08771929889917374,0.0040935673750936985
YKL114C,YOR173W,0,-3.5104575,0.6521739363670349,0.08771929889917374,0.004678362514823675
YJR064W,YMR186W,1,-3.5358622,0.6666666865348816,0.09356725215911865,0.004678362514823675
YJR060W,YNL231C,0,-3.5766892,0.6399999856948853,0.09356725215911865,0.005263158120214939
YJR064W,YNL281W,1,-3.6124387,0.6538461446762085,0.09941520541906357,0.005263158120214939
YIL142W,YEL003W,1,-3.6264524,0.6666666865348816,0.10526315867900848,0.005263158120214939
YGR220C,YJR059W,0,-3.6303873,0.6428571343421936,0.10526315867900848,0.005847953259944916
YPL265W,YGR010W,0,-3.6462326,0.6206896305084229,0.10526315867900848,0.006432748399674892
YGL119W,YLR448W,0,-3.663074,0.6000000238418579,0.10526315867900848,0.007017544005066156
YJR119C,YOR208W,0,-3.6831765,0.5806451439857483,0.10526315867900848,0.007602339144796133
YGR220C,YAL016W,0,-3.6884365,0.5625,0.10526315867900848,0.008187134750187397
YBR039W,YDL081C,0,-3.6961148,0.5454545617103577,0.10526315867900848,0.008771929889917374
YGL191W,YGR183C,0,-3.7094266,0.529411792755127,0.10526315867900848,0.00935672502964735
YEL003W,YDR258C,1,-3.7319236,0.5428571701049805,0.1111111119389534,0.00935672502964735
YOR151C,YPL203W,0,-3.7628908,0.5277777910232544,0.1111111119389534,0.009941520169377327
YGL008C,YDR312W,0,-3.7796092,0.5135135054588318,0.1111111119389534,0.010526316240429878
YLR060W,YBR060C,0,-3.7873635,0.5,0.1111111119389534,0.011111111380159855
YFL036W,YLR340W,0,-3.87467,0.4871794879436493,0.1111111119389534,0.011695906519889832
YIL142W,YMR186W,1,-3.9174998,0.5,0.11695906519889832,0.011695906519889832
YDR258C,YOR027W,1,-3.9285529,0.5121951103210449,0.12280701845884323,0.011695906519889832
YMR038C,YEL009C,0,-3.9725425,0.5,0.12280701845884323,0.012280701659619808
YGR088W,YLR096W,0,-3.99439,0.4883720874786377,0.12280701845884323,0.012865496799349785
YJR064W,YDR258C,1,-4.014733,0.5,0.12865497171878815,0.012865496799349785
YMR186W,YDR258C,1,-4.049742,0.5111111402511597,0.13450291752815247,0.012865496799349785
YAL042W,YDL236W,0,-4.0536046,0.5,0.13450291752815247,0.013450291939079762
YDR214W,YDR258C,1,-4.0550704,0.5106382966041565,0.14035087823867798,0.013450291939079762
YLR172C,YPL129W,0,-4.0700064,0.5,0.14035087823867798,0.014035088010132313
YGL119W,YHR170W,0,-4.071672,0.4897959232330322,0.14035087823867798,0.01461988314986229
YML093W,YNL154C,0,-4.0717673,0.47999998927116394,0.14035087823867798,0.015204678289592266
YLR172C,YDL135C,0,-4.0726576,0.47058823704719543,0.14035087823867798,0.015789473429322243
YGR284C,YMR021C,0,-4.0794578,0.4615384638309479,0.14035087823867798,0.016374269500374794
YHL047C,YKL093W,0,-4.080194,0.4528301954269409,0.14035087823867798,0.016959063708782196
YER045C,YDR498C,0,-4.097978,0.4444444477558136,0.14035087823867798,0.017543859779834747
YKL074C,YDL064W,0,-4.0990305,0.4363636374473572,0.14035087823867798,0.0181286558508873
YDL095W,YIL056W,0,-4.1107726,0.4285714328289032,0.14035087823867798,0.0187134500592947
YNL006W,YJR059W,0,-4.16044,0.42105263471603394,0.14035087823867798,0.019298246130347252
YJR064W,YEL003W,1,-4.162456,0.43103447556495667,0.1461988240480423,0.019298246130347252
YGL037C,YLR006C,0,-4.169179,0.4237288236618042,0.1461988240480423,0.019883040338754654
YIL142W,YJL073W,1,-4.1830354,0.4333333373069763,0.1520467847585678,0.019883040338754654
YOL005C,YGL011C,0,-4.1839914,0.4262295067310333,0.1520467847585678,0.020467836409807205
YMR186W,YJL073W,1,-4.1863217,0.4354838728904724,0.15789473056793213,0.020467836409807205
YKL170W,YKR001C,0,-4.1904097,0.4285714328289032,0.15789473056793213,0.021052632480859756
YJR145C,YCR072C,0,-4.1909137,0.421875,0.15789473056793213,0.02163742668926716
YDR517W,YDR122W,0,-4.205654,0.4153846204280853,0.15789473056793213,0.02222222276031971
YER146W,YNL154C,0,-4.2100916,0.40909090638160706,0.15789473056793213,0.022807016968727112
YDL081C,YJL012C,0,-4.225819,0.4029850661754608,0.15789473056793213,0.023391813039779663
YNL281W,YJL179W,1,-4.2345276,0.4117647111415863,0.16374269127845764,0.023391813039779663
YMR184W,YMR173W,0,-4.260543,0.4057970941066742,0.16374269127845764,0.023976609110832214
YER119C,YLR401C,0,-4.2628703,0.4000000059604645,0.16374269127845764,0.024561403319239616
YDR214W,YHR034C,1,-4.271166,0.4084506928920746,0.16959063708782196,0.024561403319239616
YNL281W,YJL073W,1,-4.2756495,0.4166666567325592,0.17543859779834747,0.024561403319239616
YER117W,YDR312W,0,-4.280663,0.4109589159488678,0.17543859779834747,0.025146199390292168
YDR214W,YJL179W,1,-4.2847443,0.4189189076423645,0.1812865436077118,0.025146199390292168
YMR311C,YMR008C,0,-4.2914376,0.41333332657814026,0.1812865436077118,0.02573099359869957
YNL153C,YNL281W,1,-4.2983794,0.42105263471603394,0.1871345043182373,0.02573099359869957
YER117W,YNL154C,0,-4.298599,0.41558441519737244,0.1871345043182373,0.02631578966975212
YER009W,YDR429C,0,-4.298677,0.41025641560554504,0.1871345043182373,0.026900583878159523
YHR004C,YGR009C,0,-4.2992187,0.40506330132484436,0.1871345043182373,0.027485379949212074
YOL126C,YCR042C,0,-4.304872,0.4000000059604645,0.1871345043182373,0.028070176020264626
YER119C,YDR378C,0,-4.3053517,0.395061731338501,0.1871345043182373,0.028654970228672028
YMR186W,YJL179W,1,-4.3055816,0.40243902802467346,0.19298245012760162,0.028654970228672028
YJR064W,YBL075C,1,-4.3260136,0.40963855385780334,0.19883041083812714,0.028654970228672028
YAL042W,YGL020C,0,-4.33003,0.4047619104385376,0.19883041083812714,0.02923976629972458
YLR148W,YER072W,0,-4.333071,0.4000000059604645,0.19883041083812714,0.02982456050813198
YMR186W,YBL075C,1,-4.3345094,0.40697672963142395,0.20467835664749146,0.02982456050813198
YNR067C,YDR456W,0,-4.351657,0.40229883790016174,0.20467835664749146,0.030409356579184532
YFL034C-B,YHR170W,0,-4.354544,0.39772728085517883,0.20467835664749146,0.030994152650237083
YPL221W,YOL088C,1,-4.3577476,0.40449437499046326,0.21052631735801697,0.030994152650237083
YMR186W,YOL088C,1,-4.361897,0.41111111640930176,0.2163742631673813,0.030994152650237083
YJL073W,YOR027W,1,-4.3629255,0.4175824224948883,0.2222222238779068,0.030994152650237083
YBL026W,YDL081C,0,-4.391248,0.41304346919059753,0.2222222238779068,0.031578946858644485
YDL029W,YDL207W,0,-4.3914695,0.40860214829444885,0.2222222238779068,0.03216374292969704
YKL120W,YML124C,0,-4.4152465,0.40425533056259155,0.2222222238779068,0.03274853900074959
YJL165C,YER087C-B,0,-4.4190445,0.4000000059604645,0.2222222238779068,0.03333333507180214
YDR214W,YJL073W,1,-4.425343,0.40625,0.22807016968727112,0.03333333507180214
YLR285W,YHR008C,0,-4.4314814,0.4020618498325348,0.22807016968727112,0.03391812741756439
YGL174W,YBR233W-A,0,-4.4363856,0.3979591727256775,0.22807016968727112,0.03450292348861694
YIL142W,YJL179W,1,-4.4395185,0.4040403962135315,0.23391813039779663,0.03450292348861694
YIL053W,YGR047C,0,-4.440236,0.4000000059604645,0.23391813039779663,0.035087719559669495
YCL055W,YNL244C,0,-4.4452276,0.39603960514068604,0.23391813039779663,0.035672515630722046
YKL086W,YHR099W,0,-4.44682,0.3921568691730499,0.23391813039779663,0.0362573117017746
YGL174W,YGL238W,0,-4.4507575,0.3883495032787323,0.23391813039779663,0.03684210404753685
YER061C,YGL151W,0,-4.458915,0.38461539149284363,0.23391813039779663,0.0374269001185894
YPL069C,YPR137W,0,-4.463398,0.380952388048172,0.23391813039779663,0.03801169618964195
YJL148W,YOR008C,0,-4.4676223,0.37735849618911743,0.23391813039779663,0.038596492260694504
YBR029C,YJL148W,0,-4.475858,0.37383177876472473,0.23391813039779663,0.039181288331747055
YOR113W,YDL195W,0,-4.489218,0.37037035822868347,0.23391813039779663,0.03976608067750931
YOR241W,YER042W,0,-4.499557,0.3669724762439728,0.23391813039779663,0.04035087674856186
YGR252W,YJL140W,0,-4.502192,0.3636363744735718,0.23391813039779663,0.04093567281961441
YCL011C,YKR052C,0,-4.5039024,0.36036035418510437,0.23391813039779663,0.04152046889066696
YHR094C,YMR060C,0,-4.516009,0.3571428656578064,0.23391813039779663,0.04210526496171951
YIL142W,YCR060W,1,-4.517337,0.36283186078071594,0.23976607620716095,0.04210526496171951
YDR214W,YJR064W,1,-4.524608,0.3684210479259491,0.24561403691768646,0.04210526496171951
YPL221W,YNL281W,1,-4.527554,0.373913049697876,0.2514619827270508,0.04210526496171951
YHR019C,YKR028W,0,-4.5389285,0.37068966031074524,0.2514619827270508,0.042690057307481766
YDL065C,YBL075C,1,-4.547247,0.3760683834552765,0.2573099434375763,0.042690057307481766
YEL009C,YDR142C,0,-4.5588107,0.37288135290145874,0.2573099434375763,0.04327485337853432
YDL005C,YOR008C,0,-4.5689864,0.36974790692329407,0.2573099434375763,0.04385964944958687
YER146W,YDL236W,0,-4.5722375,0.36666667461395264,0.2573099434375763,0.04444444552063942
YDR214W,YIL142W,1,-4.5734444,0.3719008266925812,0.2631579041481018,0.04444444552063942
YBR029C,YKL001C,0,-4.5753484,0.3688524663448334,0.2631579041481018,0.04502924159169197
YBR195C,YGR085C,0,-4.585176,0.3658536672592163,0.2631579041481018,0.045614033937454224
YJL121C,YDR312W,0,-4.5908885,0.3629032373428345,0.2631579041481018,0.046198830008506775
YNL239W,YKR001C,0,-4.601434,0.36000001430511475,0.2631579041481018,0.046783626079559326
YPL093W,YML085C,0,-4.601852,0.3571428656578064,0.2631579041481018,0.04736842215061188
YKL186C,YOL129W,0,-4.6045184,0.35433071851730347,0.2631579041481018,0.04795321822166443
YPR093C,YJR156C,0,-4.606603,0.3515625,0.2631579041481018,0.04853801056742668
YMR250W,YBR228W,0,-4.616694,0.3488371968269348,0.2631579041481018,0.04912280663847923
YDR260C,YAL016W,0,-4.6175785,0.3461538553237915,0.2631579041481018,0.049707602709531784
YGL021W,YBR183W,0,-4.6204944,0.3435114622116089,0.2631579041481018,0.050292398780584335
YJR064W,YPL221W,1,-4.624519,0.3484848439693451,0.26900583505630493,0.050292398780584335
YIL048W,YLR148W,0,-4.636112,0.3458646535873413,0.26900583505630493,0.05087719112634659
YPL119C,YHR016C,0,-4.6370187,0.34328359365463257,0.26900583505630493,0.05146198719739914
YKL186C,YGR094W,0,-4.638656,0.34074074029922485,0.26900583505630493,0.05204678326845169
YDL029W,YBL057C,0,-4.639125,0.3382352888584137,0.26900583505630493,0.05263157933950424
YML077W,YOR151C,0,-4.6446977,0.33576643466949463,0.26900583505630493,0.05321637541055679
YFL041W,YGL008C,0,-4.650376,0.3333333432674408,0.26900583505630493,0.053801167756319046
YMR303C,YML065W,0,-4.6517987,0.3309352397918701,0.26900583505630493,0.0543859638273716
YKL021C,YML092C,0,-4.653453,0.3285714387893677,0.26900583505630493,0.05497075989842415
YGL135W,YKL042W,0,-4.65427,0.326241135597229,0.26900583505630493,0.0555555559694767
YER045C,YFL013C,0,-4.655823,0.3239436745643616,0.26900583505630493,0.05614035204052925
YGL191W,YDR545W,0,-4.6647253,0.3216783106327057,0.26900583505630493,0.056725144386291504
YNR013C,YJL059W,0,-4.666943,0.3194444477558136,0.26900583505630493,0.057309940457344055
YGL084C,YPR181C,0,-4.6669493,0.317241370677948,0.26900583505630493,0.057894736528396606
YBR155W,YMR186W,1,-4.671477,0.3219178020954132,0.27485379576683044,0.057894736528396606
YNL153C,YMR186W,1,-4.6731515,0.3265306055545807,0.28070175647735596,0.057894736528396606
YJR064W,YNL153C,1,-4.6769195,0.3310810923576355,0.28654971718788147,0.057894736528396606
YER126C,YNL099C,0,-4.677335,0.3288590610027313,0.28654971718788147,0.05847953259944916
YLL009C,YKR028W,0,-4.6819882,0.3266666531562805,0.28654971718788147,0.05906432867050171
YOR014W,YDR297W,0,-4.6839767,0.3245033025741577,0.28654971718788147,0.05964912101626396
YBL099W,YLR466W,0,-4.6855674,0.32236841320991516,0.28654971718788147,0.06023391708731651
YER119C,YJL053W,0,-4.686856,0.3202614486217499,0.28654971718788147,0.060818713158369064
YIL142W,YDR258C,1,-4.7093883,0.3246753215789795,0.2923976480960846,0.060818713158369064
YEL003W,YMR186W,1,-4.711966,0.3290322721004486,0.2982456088066101,0.060818713158369064
YDL008W,YNR067C,0,-4.7145696,0.32692307233810425,0.2982456088066101,0.061403509229421616
YFL014W,YPL224C,0,-4.7189107,0.3248407542705536,0.2982456088066101,0.06198830530047417
YJR064W,YJL073W,1,-4.723085,0.3291139304637909,0.3040935695171356,0.06198830530047417
YOR241W,YJR059W,0,-4.723247,0.3270440399646759,0.3040935695171356,0.06257309764623642
YLR342W,YMR011W,0,-4.7352242,0.32499998807907104,0.3040935695171356,0.06315789371728897
YMR081C,YJL148W,0,-4.74253,0.3229813575744629,0.3040935695171356,0.06374268978834152
YMR186W,YDL065C,1,-4.7435555,0.327160507440567,0.30994153022766113,0.06374268978834152
YCR042C,YNL332W,0,-4.7528257,0.3251533806324005,0.30994153022766113,0.06432748585939407
YOR236W,YBL057C,0,-4.7594175,0.3231707215309143,0.30994153022766113,0.06491228193044662
YDL081C,YGR241C,0,-4.759825,0.32121211290359497,0.30994153022766113,0.06549707800149918
YIL142W,YBL075C,1,-4.761146,0.3253012001514435,0.31578946113586426,0.06549707800149918
YDR174W,YGL151W,0,-4.769111,0.32335329055786133,0.31578946113586426,0.06608187407255173
YDR335W,YLR350W,0,-4.772178,0.3214285671710968,0.31578946113586426,0.06666667014360428
YGL222C,YBL058W,0,-4.7786293,0.3195266127586365,0.31578946113586426,0.06725145876407623
YNL148C,YOL088C,1,-4.782175,0.3235294222831726,0.32163742184638977,0.06725145876407623
YPL069C,YBR092C,0,-4.7836537,0.32163742184638977,0.32163742184638977,0.06783625483512878
YDR503C,YPR113W,0,-4.7859373,0.31976744532585144,0.32163742184638977,0.06842105090618134
YPL093W,YNL131W,0,-4.787583,0.3179190754890442,0.32163742184638977,0.06900584697723389
YMR173W,YKL025C,0,-4.7877994,0.31609195470809937,0.32163742184638977,0.06959064304828644
YGL008C,YER072W,0,-4.7900596,0.3142857253551483,0.32163742184638977,0.07017543911933899
YIL066C,YHR139C,0,-4.79323,0.3125,0.32163742184638977,0.07076023519039154
YKR052C,YPL012W,0,-4.7985406,0.31073445081710815,0.32163742184638977,0.07134503126144409
YMR021C,YNL036W,0,-4.7998395,0.3089887499809265,0.32163742184638977,0.07192982733249664
YJR064W,YJL179W,1,-4.8008637,0.31284916400909424,0.3274853825569153,0.07192982733249664
YER009W,YEL050C,0,-4.8020205,0.31111112236976624,0.3274853825569153,0.0725146234035492
YKL040C,YOR153W,0,-4.809074,0.3093922734260559,0.3274853825569153,0.07309941202402115
YLR060W,YJR042W,0,-4.8095555,0.3076923191547394,0.3274853825569153,0.0736842080950737
YNL127W,YLR006C,0,-4.8098025,0.3060109317302704,0.3274853825569153,0.07426900416612625
YIL056W,YCL033C,0,-4.8162985,0.30434781312942505,0.3274853825569153,0.0748538002371788
YOR074C,YJL006C,0,-4.8175406,0.3027026951313019,0.3274853825569153,0.07543859630823135
YER036C,YLR231C,0,-4.8276525,0.301075279712677,0.3274853825569153,0.0760233923792839
YJL179W,YOR027W,1,-4.8336043,0.30481284856796265,0.3333333432674408,0.0760233923792839
YMR299C,YPL224C,0,-4.835818,0.30319148302078247,0.3333333432674408,0.07660818845033646
YGL084C,YGL094C,0,-4.835825,0.30158731341362,0.3333333432674408,0.07719298452138901
YKL186C,YKL214C,0,-4.835961,0.30000001192092896,0.3333333432674408,0.07777778059244156
YOR099W,YER087C-B,0,-4.8361745,0.29842931032180786,0.3333333432674408,0.07836257666349411
YPL270W,YBR228W,0,-4.8474097,0.296875,0.3333333432674408,0.07894736528396606
YNL112W,YER053C,0,-4.847891,0.2953367829322815,0.3333333432674408,0.07953216135501862
YKL185W,YIL068C,0,-4.849177,0.29381442070007324,0.3333333432674408,0.08011695742607117
YNL332W,YKL119C,0,-4.849998,0.29230770468711853,0.3333333432674408,0.08070175349712372
YIL124W,YMR038C,0,-4.8571153,0.2908163368701935,0.3333333432674408,0.08128654956817627
YKL007W,YKL170W,0,-4.8576016,0.2893401086330414,0.3333333432674408,0.08187134563922882
YGL027C,YDL207W,0,-4.861529,0.28787878155708313,0.3333333432674408,0.08245614171028137
YGL238W,YLR172C,0,-4.8630877,0.286432147026062,0.3333333432674408,0.08304093778133392
YIL036W,YML120C,0,-4.8648467,0.2849999964237213,0.3333333432674408,0.08362573385238647
YMR081C,YLR106C,0,-4.864931,0.28358209133148193,0.3333333432674408,0.08421052992343903
YDR337W,YER009W,0,-4.8720403,0.28217822313308716,0.3333333432674408,0.08479531854391098
YBR155W,YNL281W,1,-4.873116,0.2857142984867096,0.3391812741756439,0.08479531854391098
YEL060C,YJR156C,0,-4.874767,0.28431373834609985,0.3391812741756439,0.08538011461496353
YGR280C,YFL005W,0,-4.8816886,0.2829268276691437,0.3391812741756439,0.08596491068601608
YBR210W,YKL093W,0,-4.881976,0.28155338764190674,0.3391812741756439,0.08654970675706863
YDR516C,YMR125W,0,-4.888588,0.2801932394504547,0.3391812741756439,0.08713450282812119
YGL097W,YJL035C,0,-4.8914742,0.2788461446762085,0.3391812741756439,0.08771929889917374
YHR191C,YHR118C,0,-4.8916616,0.27751195430755615,0.3391812741756439,0.08830409497022629
YMR038C,YBL058W,0,-4.8990602,0.27619048953056335,0.3391812741756439,0.08888889104127884
YKL074C,YLR448W,0,-4.901294,0.274881511926651,0.3391812741756439,0.08947368711233139
YER061C,YKR062W,0,-4.909826,0.27358490228652954,0.3391812741756439,0.09005848318338394
YFL031W,YNL142W,0,-4.910275,0.27230048179626465,0.3391812741756439,0.0906432718038559
YKL060C,YDL207W,0,-4.915361,0.2710280418395996,0.3391812741756439,0.09122806787490845
YPL221W,YJL073W,1,-4.9168444,0.27441859245300293,0.34502923488616943,0.09122806787490845
YGL135W,YNL044W,0,-4.9196987,0.27314814925193787,0.34502923488616943,0.091812863945961
YGL174W,YGR167W,0,-4.9200435,0.2718893885612488,0.34502923488616943,0.09239766001701355
YPR133W-A,YDR398W,0,-4.9249673,0.2706421911716461,0.34502923488616943,0.0929824560880661
YBR029C,YEL050C,0,-4.925888,0.26940637826919556,0.34502923488616943,0.09356725215911865
YKL040C,YNL332W,0,-4.928997,0.26818183064460754,0.34502923488616943,0.0941520482301712
YDR517W,YDR028C,0,-4.9339643,0.26696833968162537,0.34502923488616943,0.09473684430122375
YGL216W,YCL001W,0,-4.936263,0.2657657563686371,0.34502923488616943,0.0953216403722763
YJR060W,YCR040W,0,-4.9366016,0.26457399129867554,0.34502923488616943,0.09590643644332886
YLR006C,YLR126C,0,-4.9369464,0.2633928656578064,0.34502923488616943,0.09649122506380081
YCR048W,YLR100W,0,-4.9445806,0.2622222304344177,0.34502923488616943,0.09707602113485336
YDR214W,YPL221W,1,-4.947121,0.2654867172241211,0.35087719559669495,0.09707602113485336
YLR342W,YDL019C,0,-4.9521723,0.26431718468666077,0.35087719559669495,0.09766081720590591
YNL153C,YOR027W,1,-4.9524846,0.26754385232925415,0.35672515630722046,0.09766081720590591
YMR202W,YGL153W,0,-4.952532,0.2663755416870117,0.35672515630722046,0.09824561327695847
YBL098W,YKR037C,0,-4.9561443,0.2652173936367035,0.35672515630722046,0.09883040934801102
YBR029C,YML069W,0,-4.9574866,0.26406925916671753,0.35672515630722046,0.09941520541906357
YFR053C,YBR002C,0,-4.957712,0.26293104887008667,0.35672515630722046,0.10000000149011612
YDR011W,YKL041W,0,-4.958596,0.2618025839328766,0.35672515630722046,0.10058479756116867
YER036C,YKL166C,0,-4.960034,0.2606837749481201,0.35672515630722046,0.10116959363222122
YER061C,YHR008C,0,-4.9642835,0.2595744729042053,0.35672515630722046,0.10175438225269318
YNL250W,YJL012C,0,-4.9662504,0.25847458839416504,0.35672515630722046,0.10233917832374573
YPR093C,YDL030W,0,-4.968661,0.25738397240638733,0.35672515630722046,0.10292397439479828
YJL138C,YBR183W,0,-4.972938,0.25630253553390503,0.35672515630722046,0.10350877046585083
YPL221W,YDL065C,1,-4.974671,0.2594142258167267,0.3625730872154236,0.10350877046585083
YOR241W,YNL246W,0,-4.975793,0.25833332538604736,0.3625730872154236,0.10409356653690338
YJR064W,YBR155W,1,-4.976991,0.26141080260276794,0.3684210479259491,0.10409356653690338
YGL061C,YJL138C,0,-4.9777856,0.26033058762550354,0.3684210479259491,0.10467836260795593
YPR070W,YAL029C,0,-4.980437,0.25925925374031067,0.3684210479259491,0.10526315867900848
YGR088W,YGR185C,0,-4.9891458,0.25819671154022217,0.3684210479259491,0.10584795475006104
YDR214W,YEL003W,1,-4.992069,0.2612244784832001,0.3742690086364746,0.10584795475006104
YKL150W,YNL326C,0,-4.9998317,0.2601625919342041,0.3742690086364746,0.10643275082111359
YGL191W,YOR340C,0,-5.002866,0.2591093182563782,0.3742690086364746,0.10701754689216614
YER036C,YBL050W,0,-5.003007,0.25806450843811035,0.3742690086364746,0.10760233551263809
YGL183C,YKL035W,0,-5.013064,0.25702810287475586,0.3742690086364746,0.10818713158369064
YKL186C,YNL326C,0,-5.0154896,0.25600001215934753,0.3742690086364746,0.1087719276547432
YDL099W,YKL035W,0,-5.0159574,0.25498008728027344,0.3742690086364746,0.10935672372579575
YPL221W,YEL003W,1,-5.0179734,0.2579365074634552,0.3801169693470001,0.10935672372579575
YBR039W,YNL273W,0,-5.019035,0.25691699981689453,0.3801169693470001,0.1099415197968483
YBL075C,YOR027W,1,-5.0190563,0.25984251499176025,0.38596490025520325,0.1099415197968483
YLR314C,YPL110C,0,-5.0230412,0.25882354378700256,0.38596490025520325,0.11052631586790085
YPL221W,YDR258C,1,-5.023238,0.26171875,0.39181286096572876,0.11052631586790085
YLR186W,YDR276C,0,-5.023568,0.26070037484169006,0.39181286096572876,0.1111111119389534
YEL003W,YOR027W,1,-5.025246,0.26356589794158936,0.3976608216762543,0.1111111119389534
YPL265W,YKL119C,0,-5.028254,0.2625482678413391,0.3976608216762543,0.11169590801000595
YML081C-A,YMR219W,0,-5.035502,0.26153847575187683,0.3976608216762543,0.1122807040810585
YGR086C,YML124C,0,-5.035766,0.26053640246391296,0.3976608216762543,0.11286550015211105
YDR141C,YDR255C,0,-5.0367312,0.25954198837280273,0.3976608216762543,0.11345028877258301
YIL036W,YGR143W,0,-5.03742,0.258555144071579,0.3976608216762543,0.11403508484363556
YLR084C,YNL160W,0,-5.0406284,0.25757575035095215,0.3976608216762543,0.11461988091468811
YOR074C,YPL200W,0,-5.0443835,0.25660377740859985,0.3976608216762543,0.11520467698574066
YMR246W,YOR171C,0,-5.0450444,0.25563910603523254,0.3976608216762543,0.11578947305679321
YDL029W,YHR024C,0,-5.05098,0.25468164682388306,0.3976608216762543,0.11637426912784576
YNL281W,YCR060W,1,-5.053212,0.25746268033981323,0.4035087823867798,0.11637426912784576
YOL009C,YKL040C,0,-5.053406,0.2565055787563324,0.4035087823867798,0.11695906519889832
YNL239W,YDR429C,0,-5.0548553,0.25555557012557983,0.4035087823867798,0.11754386126995087
YIR009W,YIL105C,0,-5.0557055,0.254612535238266,0.4035087823867798,0.11812865734100342
YJR118C,YKL120W,0,-5.0592895,0.25367647409439087,0.4035087823867798,0.11871345341205597
YOR267C,YKL150W,0,-5.0597167,0.2527472674846649,0.4035087823867798,0.11929824203252792
YNR027W,YNL118C,0,-5.0630736,0.25182482600212097,0.4035087823867798,0.11988303810358047
YOR241W,YER053C,0,-5.0631313,0.25090909004211426,0.4035087823867798,0.12046783417463303
YLR166C,YLR006C,0,-5.069714,0.25,0.4035087823867798,0.12105263024568558
YOL088C,YDL065C,1,-5.0718756,0.2527075707912445,0.4093567132949829,0.12105263024568558
YML092C,YIL076W,0,-5.075906,0.2517985701560974,0.4093567132949829,0.12163742631673813
YNL153C,YDR258C,1,-5.077743,0.2544802725315094,0.4152046740055084,0.12163742631673813
YMR311C,YOR213C,0,-5.0812345,0.25357142090797424,0.4152046740055084,0.12222222238779068
YCR048W,YOR099W,0,-5.0850368,0.2526690363883972,0.4152046740055084,0.12280701845884323
YHL031C,YPL112C,0,-5.087111,0.25177305936813354,0.4152046740055084,0.12339181452989578
YMR202W,YJL140W,0,-5.0873184,0.25088340044021606,0.4152046740055084,0.12397661060094833
YDR375C,YPR100W,0,-5.0928645,0.25,0.4152046740055084,0.12456140667200089
YER053C,YBR165W,0,-5.0938606,0.24912281334400177,0.4152046740055084,0.12514619529247284
YDR294C,YKL172W,0,-5.095248,0.2482517510652542,0.4152046740055084,0.1257309913635254
YDR214W,YOL088C,1,-5.097026,0.25087109208106995,0.42105263471603394,0.1257309913635254
YPR019W,YKL002W,0,-5.0980163,0.25,0.42105263471603394,0.12631578743457794
YDL006W,YLR466W,0,-5.1082826,0.24913494288921356,0.42105263471603394,0.1269005835056305
YBR002C,YGR020C,0,-5.111881,0.24827586114406586,0.42105263471603394,0.12748537957668304
YDL095W,YNL090W,0,-5.1126533,0.24742268025875092,0.42105263471603394,0.1280701756477356
YER042W,YJR145C,0,-5.1144924,0.24657534062862396,0.42105263471603394,0.12865497171878815
YGL142C,YDR176W,0,-5.117313,0.24573378264904022,0.42105263471603394,0.1292397677898407
YLR106C,YDR277C,0,-5.119061,0.2448979616165161,0.42105263471603394,0.12982456386089325
YNL027W,YJL138C,0,-5.1195436,0.24406780302524567,0.42105263471603394,0.1304093599319458
YNR027W,YJR145C,0,-5.119866,0.2432432472705841,0.42105263471603394,0.13099415600299835
YOR267C,YGR239C,0,-5.1199546,0.24242424964904785,0.42105263471603394,0.1315789520740509
YAL056W,YML015C,0,-5.1203136,0.24161073565483093,0.42105263471603394,0.13216374814510345
YPR072W,YAR009C,0,-5.121424,0.24080267548561096,0.42105263471603394,0.132748544216156
YMR303C,YNR067C,0,-5.1217227,0.23999999463558197,0.42105263471603394,0.13333334028720856
YAL012W,YNL110C,0,-5.1219316,0.23920266330242157,0.42105263471603394,0.13391812145709991
YCL055W,YBR237W,0,-5.122458,0.2384105920791626,0.42105263471603394,0.13450291752815247
YJL060W,YMR192W,0,-5.122748,0.23762376606464386,0.42105263471603394,0.13508771359920502
YNL008C,YGL169W,0,-5.133063,0.2368421107530594,0.42105263471603394,0.13567250967025757
YDR279W,YJR027W,0,-5.1343694,0.2360655665397644,0.42105263471603394,0.13625730574131012
YEL003W,YNL281W,1,-5.1343703,0.23856209218502045,0.42690059542655945,0.13625730574131012
YNL231C,YJL121C,0,-5.134573,0.23778501152992249,0.42690059542655945,0.13684210181236267
YOL164W,YOL001W,0,-5.137842,0.23701298236846924,0.42690059542655945,0.13742689788341522
YPL048W,YHR024C,0,-5.1406503,0.23624595999717712,0.42690059542655945,0.13801169395446777
YDR198C,YNL032W,0,-5.1476717,0.23548386991024017,0.42690059542655945,0.13859649002552032
YJL165C,YGR020C,0,-5.1486707,0.234726682305336,0.42690059542655945,0.13918128609657288
YDR517W,YOR310C,0,-5.1487164,0.23397435247898102,0.42690059542655945,0.13976608216762543
YMR184W,YOR153W,0,-5.156402,0.23322683572769165,0.42690059542655945,0.14035087823867798
YGL003C,YEL026W,0,-5.1565256,0.23248407244682312,0.42690059542655945,0.14093567430973053
YLR158C,YHR119W,0,-5.160049,0.23174603283405304,0.42690059542655945,0.14152047038078308
YLR231C,YDL081C,0,-5.1608768,0.23101265728473663,0.42690059542655945,0.14210526645183563
YGL073W,YHR197W,0,-5.1662936,0.2302839159965515,0.42690059542655945,0.14269006252288818
YLR074C,YGL054C,0,-5.1665797,0.2295597493648529,0.42690059542655945,0.14327485859394073
YGR159C,YGR178C,0,-5.168901,0.22884012758731842,0.42690059542655945,0.1438596546649933
YDL117W,YPL275W,0,-5.1696186,0.22812500596046448,0.42690059542655945,0.14444445073604584
YKR052C,YJL121C,0,-5.169639,0.2274143248796463,0.42690059542655945,0.1450292468070984
YLR223C,YKL035W,0,-5.1760383,0.2267080694437027,0.42690059542655945,0.14561402797698975
YLL042C,YLR148W,0,-5.179126,0.22600619494915009,0.42690059542655945,0.1461988240480423
YPL255W,YMR299C,0,-5.1846023,0.2253086417913437,0.42690059542655945,0.14678362011909485
YPL095C,YNL293W,0,-5.1851616,0.22461538016796112,0.42690059542655945,0.1473684161901474
YMR219W,YNL099C,0,-5.185594,0.22392638027668,0.42690059542655945,0.14795321226119995
YPL256C,YLL041C,0,-5.1902947,0.22324159741401672,0.42690059542655945,0.1485380083322525
YNL326C,YGL008C,0,-5.191836,0.22256097197532654,0.42690059542655945,0.14912280440330505
YLR246W,YBL026W,0,-5.193121,0.22188450396060944,0.42690059542655945,0.1497076004743576
YMR184W,YBL100W-A,0,-5.1939073,0.22121211886405945,0.42690059542655945,0.15029239654541016
YLR097C,YIL063C,0,-5.1962643,0.22054380178451538,0.42690059542655945,0.1508771926164627
YDL113C,YPL002C,0,-5.1965227,0.21987952291965485,0.42690059542655945,0.15146198868751526
YNR044W,YPR001W,0,-5.1972284,0.21921922266483307,0.42690059542655945,0.1520467847585678
YJR064W,YOL088C,1,-5.198833,0.2215568870306015,0.4327485263347626,0.1520467847585678
YAL059W,YDR238C,0,-5.2026334,0.22089552879333496,0.4327485263347626,0.15263158082962036
YLR328W,YGR280C,0,-5.2048383,0.2202380895614624,0.4327485263347626,0.1532163769006729
YML067C,YOR260W,0,-5.2052617,0.21958456933498383,0.4327485263347626,0.15380117297172546
YKL008C,YFL005W,0,-5.2120433,0.21893490850925446,0.4327485263347626,0.15438596904277802
YBR155W,YBL075C,1,-5.2121315,0.22123894095420837,0.4385964870452881,0.15438596904277802
YDR214W,YDL065C,1,-5.212684,0.2235294133424759,0.4444444477558136,0.15438596904277802
YNL027W,YIL063C,0,-5.2131524,0.22287389636039734,0.4444444477558136,0.15497076511383057
YGL084C,YLR328W,0,-5.215746,0.2222222238779068,0.4444444477558136,0.15555556118488312
YPR057W,YJL012C,0,-5.21862,0.2215743511915207,0.4444444477558136,0.15614035725593567
YIL118W,YHR066W,0,-5.229188,0.22093023359775543,0.4444444477558136,0.15672515332698822
YML042W,YKL041W,0,-5.2313676,0.22028985619544983,0.4444444477558136,0.15730993449687958
YNR044W,YGL104C,0,-5.2314324,0.2196531742811203,0.4444444477558136,0.15789473056793213
YPR032W,YOL124C,0,-5.2381516,0.21902017295360565,0.4444444477558136,0.15847952663898468
YMR303C,YDR527W,0,-5.2389317,0.2183908075094223,0.4444444477558136,0.15906432271003723
YBL061C,YNL044W,0,-5.2394357,0.21776504814624786,0.4444444477558136,0.15964911878108978
YNR027W,YGR229C,0,-5.241739,0.21714285016059875,0.4444444477558136,0.16023391485214233
YDR195W,YKL193C,0,-5.2438493,0.21652421355247498,0.4444444477558136,0.16081871092319489
YMR173W,YHR099W,0,-5.2440953,0.21590909361839294,0.4444444477558136,0.16140350699424744
YKL048C,YGR178C,0,-5.244309,0.21529744565486908,0.4444444477558136,0.1619883030653
YKL186C,YNR043W,0,-5.246577,0.21468926966190338,0.4444444477558136,0.16257309913635254
YLR158C,YOL143C,0,-5.2475758,0.21408450603485107,0.4444444477558136,0.1631578952074051
YCL034W,YPL206C,0,-5.2482147,0.21348313987255096,0.4444444477558136,0.16374269127845764
YKL085W,YBL007C,0,-5.251367,0.21288515627384186,0.4444444477558136,0.1643274873495102
YOL010W,YKL119C,0,-5.2555575,0.21229049563407898,0.4444444477558136,0.16491228342056274
YKL120W,YFR031C,0,-5.2612042,0.21169915795326233,0.4444444477558136,0.1654970794916153
YLR314C,YGL238W,0,-5.261222,0.21111111342906952,0.4444444477558136,0.16608187556266785
YCR005C,YHR099W,0,-5.2619977,0.21052631735801697,0.4444444477558136,0.1666666716337204
YBL099W,YOR236W,0,-5.2636356,0.20994475483894348,0.4444444477558136,0.16725146770477295
YKL193C,YKL014C,0,-5.2691417,0.20936639606952667,0.4444444477558136,0.1678362637758255
YNL148C,YMR186W,1,-5.271775,0.21153846383094788,0.4502924084663391,0.1678362637758255
YHR099W,YDL128W,0,-5.272356,0.21095889806747437,0.4502924084663391,0.16842105984687805
YFL031W,YLL012W,0,-5.2768116,0.21038250625133514,0.4502924084663391,0.1690058410167694
YJL030W,YBR037C,0,-5.2769957,0.20980925858020782,0.4502924084663391,0.16959063708782196
YGL071W,YNL294C,0,-5.277282,0.20923912525177002,0.4502924084663391,0.1701754331588745
YKL114C,YHR012W,0,-5.2777667,0.20867209136486053,0.4502924084663391,0.17076022922992706
YMR015C,YNL129W,0,-5.278939,0.2081081122159958,0.4502924084663391,0.17134502530097961
YDR195W,YGR143W,0,-5.287296,0.2075471729040146,0.4502924084663391,0.17192982137203217
YDR378C,YER005W,0,-5.2884517,0.20698924362659454,0.4502924084663391,0.17251461744308472
YJL053W,YLR126C,0,-5.2912364,0.20643430948257446,0.4502924084663391,0.17309941351413727
YLR106C,YJR145C,0,-5.2939672,0.20588235557079315,0.4502924084663391,0.17368420958518982
YJR064W,YCR060W,1,-5.2941117,0.20800000429153442,0.45614033937454224,0.17368420958518982
YOR341W,YKL193C,0,-5.2970614,0.20744681358337402,0.45614033937454224,0.17426900565624237
YDR516C,YGR128C,0,-5.2981915,0.2068965584039688,0.45614033937454224,0.17485380172729492
YMR192W,YPL188W,0,-5.2996716,0.2063492089509964,0.45614033937454224,0.17543859779834747
YDL003W,YPL036W,0,-5.301683,0.2058047503232956,0.45614033937454224,0.17602339386940002
YER146W,YEL026W,0,-5.302077,0.205263152718544,0.45614033937454224,0.17660818994045258
YER019W,YJL138C,0,-5.302538,0.20472441613674164,0.45614033937454224,0.17719298601150513
YDR141C,YHR157W,0,-5.3044043,0.2041884809732437,0.45614033937454224,0.17777778208255768
YGL119W,YER019W,0,-5.305308,0.20365534722805023,0.45614033937454224,0.17836257815361023
YKL007W,YCL034W,0,-5.3070226,0.203125,0.45614033937454224,0.17894737422466278
YCR012W,YKL203C,0,-5.309308,0.20259740948677063,0.45614033937454224,0.17953217029571533
YGR280C,YIL105C,0,-5.310587,0.20207254588603973,0.45614033937454224,0.18011696636676788
YPL049C,YBR065C,0,-5.3123326,0.20155039429664612,0.45614033937454224,0.18070174753665924
YOR185C,YPL270W,0,-5.3124633,0.2010309249162674,0.45614033937454224,0.1812865436077118
YJL071W,YLR100W,0,-5.3133216,0.20051413774490356,0.45614033937454224,0.18187133967876434
YER095W,YDR065W,0,-5.314056,0.20000000298023224,0.45614033937454224,0.1824561357498169
YOL164W,YOR099W,0,-5.314992,0.19948849081993103,0.45614033937454224,0.18304093182086945
YMR038C,YPL101W,0,-5.316094,0.19897958636283875,0.45614033937454224,0.183625727891922
YGR280C,YML034W,0,-5.317101,0.19847328960895538,0.45614033937454224,0.18421052396297455
YMR199W,YHR120W,0,-5.3172307,0.19796954095363617,0.45614033937454224,0.1847953200340271
YBR059C,YML120C,0,-5.317538,0.1974683552980423,0.45614033937454224,0.18538011610507965
YFL031W,YKR028W,0,-5.3186135,0.19696970283985138,0.45614033937454224,0.1859649121761322
YIL033C,YKL085W,0,-5.3194466,0.19647355377674103,0.45614033937454224,0.18654970824718475
YJR160C,YPL174C,0,-5.321547,0.19597989320755005,0.45614033937454224,0.1871345043182373
YDR258C,YDL065C,1,-5.324247,0.19799499213695526,0.46198830008506775,0.1871345043182373
YDR258C,YBL075C,1,-5.3308234,0.20000000298023224,0.46783626079559326,0.1871345043182373
YDR297W,YKL166C,0,-5.330942,0.19950124621391296,0.46783626079559326,0.18771930038928986
YLR342W,YER162C,0,-5.3316545,0.19900497794151306,0.46783626079559326,0.1883040964603424
YPL221W,YJL179W,1,-5.3326335,0.20099255442619324,0.4736842215061188,0.1883040964603424
YGR088W,YLR340W,0,-5.332696,0.20049504935741425,0.4736842215061188,0.18888889253139496
YAL012W,YNL294C,0,-5.3327394,0.20000000298023224,0.4736842215061188,0.1894736886024475
YHR114W,YML085C,0,-5.3337646,0.19950738549232483,0.4736842215061188,0.19005848467350006
YCL055W,YPL203W,0,-5.3346977,0.19901719689369202,0.4736842215061188,0.1906432807445526
YHR004C,YJL140W,0,-5.335068,0.1985294073820114,0.4736842215061188,0.19122807681560516
YLR145W,YPL203W,0,-5.3422723,0.19804401695728302,0.4736842215061188,0.19181287288665771
YBR210W,YPR133C,0,-5.3430314,0.19756098091602325,0.4736842215061188,0.19239765405654907
YBL085W,YNL160W,0,-5.3436084,0.19708029925823212,0.4736842215061188,0.19298245012760162
YOR113W,YPR113W,0,-5.344026,0.19660194218158722,0.4736842215061188,0.19356724619865417
YDR258C,YJL179W,1,-5.344564,0.19854721426963806,0.4795321524143219,0.19356724619865417
YNL102W,YNR052C,0,-5.3477054,0.19806763529777527,0.4795321524143219,0.19415204226970673
YLR347C,YDR279W,0,-5.3482184,0.19759036600589752,0.4795321524143219,0.19473683834075928
YNL239W,YGR220C,0,-5.3541837,0.19711539149284363,0.4795321524143219,0.19532163441181183
YNL172W,YPL270W,0,-5.3550634,0.1966426819562912,0.4795321524143219,0.19590643048286438
YDL065C,YOR027W,1,-5.35543,0.1985645890235901,0.4853801131248474,0.19590643048286438
YJL198W,YIL118W,0,-5.356253,0.19809068739414215,0.4853801131248474,0.19649122655391693
YGR175C,YGR143W,0,-5.3580184,0.19761905074119568,0.4853801131248474,0.19707602262496948
YIL142W,YNL153C,1,-5.360527,0.19952493906021118,0.4912280738353729,0.19707602262496948
YGL216W,YGR239C,0,-5.361857,0.1990521401166916,0.4912280738353729,0.19766081869602203
YGL051W,YHL027W,0,-5.361907,0.19858156144618988,0.4912280738353729,0.19824561476707458
YPL145C,YOR069W,0,-5.362899,0.19811320304870605,0.4912280738353729,0.19883041083812714
YOR310C,YOR230W,0,-5.3630877,0.1976470649242401,0.4912280738353729,0.1994152069091797
YML069W,YDR545W,0,-5.365748,0.19718310236930847,0.4912280738353729,0.20000000298023224
YOL002C,YDL128W,0,-5.3672953,0.19672131538391113,0.4912280738353729,0.2005847990512848
YER109C,YMR192W,0,-5.3715715,0.1962616890668869,0.4912280738353729,0.20116959512233734
YPL119C,YBL026W,0,-5.3731103,0.1958041936159134,0.4912280738353729,0.2017543911933899
YNL153C,YHR034C,1,-5.373691,0.19767442345619202,0.49707603454589844,0.2017543911933899
YIL142W,YBR155W,1,-5.373712,0.19953596591949463,0.5029239654541016,0.2017543911933899
YDR503C,YKL035W,0,-5.3745847,0.19907407462596893,0.5029239654541016,0.20233918726444244
YOR171C,YJL140W,0,-5.3817887,0.19861431419849396,0.5029239654541016,0.202923983335495
YPL046C,YNL131W,0,-5.382961,0.1981566846370697,0.5029239654541016,0.20350876450538635
YLR276C,YDL007W,0,-5.3850226,0.19770115613937378,0.5029239654541016,0.2040935605764389
YLR060W,YKL042W,0,-5.385653,0.197247713804245,0.5029239654541016,0.20467835664749146
YGL180W,YJL039C,0,-5.3890367,0.19679634273052216,0.5029239654541016,0.205263152718544
YNL102W,YBR162C,0,-5.3894534,0.19634702801704407,0.5029239654541016,0.20584794878959656
YER009W,YPR032W,0,-5.391184,0.19589976966381073,0.5029239654541016,0.2064327448606491
YIL109C,YIL068C,0,-5.391606,0.19545455276966095,0.5029239654541016,0.20701754093170166
YLR158C,YIL124W,0,-5.392407,0.19501133263111115,0.5029239654541016,0.2076023370027542
YGR003W,YDR294C,0,-5.3925557,0.1945701390504837,0.5029239654541016,0.20818713307380676
YDR517W,YJL076W,0,-5.396195,0.19413092732429504,0.5029239654541016,0.20877192914485931
YGL084C,YDL140C,0,-5.3963895,0.19369369745254517,0.5029239654541016,0.20935672521591187
YOR209C,YPR016C,0,-5.3997397,0.19325841963291168,0.5029239654541016,0.20994152128696442
YOL051W,YKL193C,0,-5.4012814,0.1928251087665558,0.5029239654541016,0.21052631735801697
YDR062W,YPR189W,0,-5.401518,0.1923937350511551,0.5029239654541016,0.21111111342906952
YMR311C,YIL053W,0,-5.4098763,0.1919642835855484,0.5029239654541016,0.21169590950012207
YNL281W,YHR034C,1,-5.4145055,0.19376392662525177,0.5087719559669495,0.21169590950012207
YGR095C,YCR083W,0,-5.4145336,0.19333332777023315,0.5087719559669495,0.21228070557117462
YFL013C,YHR027C,0,-5.4166245,0.19290465116500854,0.5087719559669495,0.21286550164222717
YPR112C,YGR220C,0,-5.4188843,0.19247788190841675,0.5087719559669495,0.21345029771327972
YBR155W,YHR034C,1,-5.419936,0.19426049292087555,0.5146198868751526,0.21345029771327972
YPL221W,YBL075C,1,-5.4203773,0.196035236120224,0.5204678177833557,0.21345029771327972
YOR028C,YKR055W,0,-5.4223495,0.19560439884662628,0.5204678177833557,0.21403509378433228
YLR381W,YPR182W,0,-5.4266076,0.195175439119339,0.5204678177833557,0.21461988985538483
YLR158C,YBR009C,0,-5.426818,0.19474835693836212,0.5204678177833557,0.21520467102527618
YGL011C,YLR466W,0,-5.428164,0.19432313740253448,0.5204678177833557,0.21578946709632874
YGL020C,YOL003C,0,-5.428246,0.19389978051185608,0.5204678177833557,0.2163742631673813
YNL008C,YKL150W,0,-5.4301143,0.19347825646400452,0.5204678177833557,0.21695905923843384
YBR159W,YDL230W,0,-5.4320264,0.1930585652589798,0.5204678177833557,0.2175438553094864
YEL003W,YJL179W,1,-5.438513,0.19480518996715546,0.5263158082962036,0.2175438553094864
YCL011C,YDR328C,0,-5.438801,0.19438445568084717,0.5263158082962036,0.21812865138053894
YDL019C,YDR011W,0,-5.439875,0.19396552443504333,0.5263158082962036,0.2187134474515915
YPL174C,YLR148W,0,-5.4442186,0.19354838132858276,0.5263158082962036,0.21929824352264404
YPL221W,YMR186W,1,-5.445049,0.19527897238731384,0.5321637392044067,0.21929824352264404
YBR155W,YOR027W,1,-5.4519353,0.19700214266777039,0.5380116701126099,0.21929824352264404
YGL073W,YFR031C,0,-5.4616017,0.19658119976520538,0.5380116701126099,0.2198830395936966
YDR198C,YNL246W,0,-5.461964,0.19616204500198364,0.5380116701126099,0.22046783566474915
YER009W,YGL011C,0,-5.4657397,0.19574467837810516,0.5380116701126099,0.2210526317358017
YNL118C,YNL326C,0,-5.4687095,0.19532908499240875,0.5380116701126099,0.22163742780685425
YOR340C,YDR312W,0,-5.470473,0.19491524994373322,0.5380116701126099,0.2222222238779068
YMR219W,YJR002W,0,-5.4729733,0.19450317323207855,0.5380116701126099,0.22280701994895935
YOL009C,YGL151W,0,-5.476935,0.19409282505512238,0.5380116701126099,0.2233918160200119
YGL119W,YGR220C,0,-5.478879,0.19368420541286469,0.5380116701126099,0.22397661209106445
YKL004W,YML034W,0,-5.4822392,0.19327731430530548,0.5380116701126099,0.224561408162117
YGR014W,YNL044W,0,-5.4822726,0.19287212193012238,0.5380116701126099,0.22514620423316956
YKL001C,YDL014W,0,-5.4824786,0.19246861338615417,0.5380116701126099,0.2257310003042221
YER061C,YGR175C,0,-5.482501,0.19206680357456207,0.5380116701126099,0.22631579637527466
YDR258C,YJL073W,1,-5.4832783,0.19374999403953552,0.5438596606254578,0.22631579637527466
YDL065C,YHR034C,1,-5.483561,0.19542619585990906,0.5497075915336609,0.22631579637527466
YDR062W,YLR145W,0,-5.484472,0.19502075016498566,0.5497075915336609,0.22690057754516602
YGL054C,YLR043C,0,-5.484735,0.19461697340011597,0.5497075915336609,0.22748537361621857
YOL126C,YJL012C,0,-5.485806,0.19421488046646118,0.5497075915336609,0.22807016968727112
YKL074C,YDL195W,0,-5.490256,0.19381442666053772,0.5497075915336609,0.22865496575832367
YNL281W,YDL065C,1,-5.4909873,0.19547325372695923,0.5555555820465088,0.22865496575832367
YGL051W,YGL095C,0,-5.491018,0.19507186114788055,0.5555555820465088,0.22923976182937622
YMR186W,YCR060W,1,-5.4924,0.19672131538391113,0.5614035129547119,0.22923976182937622
YHR118C,YLR466W,0,-5.503456,0.19631901383399963,0.5614035129547119,0.22982455790042877
YHL019C,YJL198W,0,-5.5097094,0.19591836631298065,0.5614035129547119,0.23040935397148132
YGL071W,YOR267C,0,-5.5103407,0.1955193430185318,0.5614035129547119,0.23099415004253387
YBR210W,YBR088C,0,-5.5110526,0.19512194395065308,0.5614035129547119,0.23157894611358643
YKL004W,YIL051C,0,-5.5112543,0.19472616910934448,0.5614035129547119,0.23216374218463898
YGL094C,YPL129W,0,-5.514281,0.19433198869228363,0.5614035129547119,0.23274853825569153
YBL075C,YCR060W,1,-5.5179424,0.19595959782600403,0.567251443862915,0.23274853825569153
YNL270C,YGR009C,0,-5.5205855,0.19556452333927155,0.567251443862915,0.23333333432674408
YGR178C,YAR009C,0,-5.5229173,0.1951710283756256,0.567251443862915,0.23391813039779663
YPL119C,YPL208W,0,-5.525927,0.19477911293506622,0.567251443862915,0.23450292646884918
YJR120W,YPL206C,0,-5.527877,0.19438877701759338,0.567251443862915,0.23508772253990173
YNL036W,YHR170W,0,-5.5284934,0.1940000057220459,0.567251443862915,0.23567251861095428
YIL115C,YDR297W,0,-5.5299487,0.19361276924610138,0.567251443862915,0.23625731468200684
YDL006W,YFR033C,0,-5.53101,0.19322709739208221,0.567251443862915,0.2368421107530594
YJL184W,YAL024C,0,-5.531464,0.19284294545650482,0.567251443862915,0.23742690682411194
YER168C,YDL095W,0,-5.533238,0.1924603134393692,0.567251443862915,0.2380117028951645
YKL119C,YKR053C,0,-5.5360284,0.19207920134067535,0.567251443862915,0.23859648406505585
YGR119C,YBR186W,0,-5.540895,0.19169960916042328,0.567251443862915,0.2391812801361084
YNL001W,YJL186W,0,-5.5484033,0.1913214921951294,0.567251443862915,0.23976607620716095
YDR021W,YDL007W,0,-5.5495653,0.1909448802471161,0.567251443862915,0.2403508722782135
YNR002C,YPR104C,0,-5.551779,0.19056974351406097,0.567251443862915,0.24093566834926605
YNL148C,YBL075C,1,-5.55242,0.1921568661928177,0.5730994343757629,0.24093566834926605
YHR004C,YKR028W,0,-5.5564685,0.19178082048892975,0.5730994343757629,0.2415204644203186
YER119C,YPL163C,0,-5.5600996,0.19140625,0.5730994343757629,0.24210526049137115
YML019W,YNL283C,0,-5.563697,0.19103313982486725,0.5730994343757629,0.2426900565624237
YPL049C,YAR003W,0,-5.5678716,0.1906614750623703,0.5730994343757629,0.24327485263347626
YNL219C,YMR048W,0,-5.5723515,0.19029125571250916,0.5730994343757629,0.2438596487045288
YCL055W,YLR126C,0,-5.5745873,0.1899224817752838,0.5730994343757629,0.24444444477558136
YML077W,YHR114W,0,-5.575111,0.1895551234483719,0.5730994343757629,0.2450292408466339
YER052C,YNR043W,0,-5.5770946,0.18918919563293457,0.5730994343757629,0.24561403691768646
YOR240W,YPR182W,0,-5.577249,0.18882466852664948,0.5730994343757629,0.246198832988739
YER009W,YMR125W,0,-5.5776596,0.1884615421295166,0.5730994343757629,0.24678362905979156
YFR019W,YOR310C,0,-5.5788074,0.18809980154037476,0.5730994343757629,0.24736842513084412
YMR015C,YNL239W,0,-5.5805645,0.18773946166038513,0.5730994343757629,0.24795322120189667
YDR294C,YGL033W,0,-5.580987,0.18738049268722534,0.5730994343757629,0.24853801727294922
YLR138W,YPL203W,0,-5.5831413,0.18702289462089539,0.5730994343757629,0.24912281334400177
YPL256C,YJR145C,0,-5.583629,0.18666666746139526,0.5730994343757629,0.24970760941505432
YIL056W,YGL210W,0,-5.5882688,0.1863117814064026,0.5730994343757629,0.2502923905849457
YKL035W,YDR306C,0,-5.589555,0.18595825135707855,0.5730994343757629,0.2508772015571594
YAL031C,YHR119W,0,-5.592138,0.18560606241226196,0.5730994343757629,0.2514619827270508
YIL033C,YAL016W,0,-5.5940156,0.18525519967079163,0.5730994343757629,0.2520467936992645
YGL033W,YDR311W,0,-5.596247,0.18490566313266754,0.5730994343757629,0.2526315748691559
YPR200C,YDR309C,0,-5.5980334,0.18455743789672852,0.5730994343757629,0.25321638584136963
YCR072C,YOR230W,0,-5.598167,0.18421052396297455,0.5730994343757629,0.253801167011261
YBR186W,YBL007C,0,-5.6007137,0.18386492133140564,0.5730994343757629,0.25438597798347473
YPR057W,YGR014W,0,-5.6018343,0.1835206001996994,0.5730994343757629,0.2549707591533661
YBR244W,YOR213C,0,-5.6031423,0.18317757546901703,0.5730994343757629,0.25555557012557983
YPL098C,YKR055W,0,-5.604749,0.18283581733703613,0.5730994343757629,0.2561403512954712
YLR166C,YLR135W,0,-5.6049886,0.1824953407049179,0.5730994343757629,0.25672513246536255
YGL151W,YHR197W,0,-5.607275,0.18215613067150116,0.5730994343757629,0.2573099434375763
YNL219C,YDL055C,0,-5.6073627,0.1818181872367859,0.5730994343757629,0.25789472460746765
YGR003W,YHR024C,0,-5.6119375,0.1814814805984497,0.5730994343757629,0.2584795355796814
YAL051W,YBR002C,0,-5.6131597,0.1811460256576538,0.5730994343757629,0.25906431674957275
YOR185C,YNL082W,0,-5.615068,0.180811807513237,0.5730994343757629,0.2596491277217865
YEL050C,YMR229C,0,-5.61899,0.18047882616519928,0.5730994343757629,0.26023390889167786
YIL122W,YPR007C,0,-5.6201105,0.18014705181121826,0.5730994343757629,0.2608187198638916
YLR186W,YKL041W,0,-5.625757,0.17981651425361633,0.5730994343757629,0.26140350103378296
YNL029C,YNL131W,0,-5.629912,0.1794871836900711,0.5730994343757629,0.2619883120059967
YHR072W,YJR118C,0,-5.640514,0.1791590452194214,0.5730994343757629,0.26257309317588806
YDR328C,YDR532C,0,-5.6426086,0.17883211374282837,0.5730994343757629,0.2631579041481018
YDR517W,YJR120W,0,-5.6426654,0.17850637435913086,0.5730994343757629,0.26374268531799316
YML120C,YMR051C,0,-5.643665,0.17818181216716766,0.5730994343757629,0.2643274962902069
YNL129W,YDR011W,0,-5.643968,0.17785844206809998,0.5730994343757629,0.26491227746009827
YBL058W,YPR009W,0,-5.6460867,0.1775362342596054,0.5730994343757629,0.265497088432312
YMR319C,YML065W,0,-5.64611,0.17721518874168396,0.5730994343757629,0.26608186960220337
YLL009C,YBL050W,0,-5.6466713,0.17689530551433563,0.5730994343757629,0.2666666805744171
YCR048W,YOR036W,0,-5.646971,0.17657656967639923,0.5730994343757629,0.26725146174430847
YDL195W,YML034W,0,-5.648253,0.17625899612903595,0.5730994343757629,0.26783624291419983
YCR020W-B,YIL109C,0,-5.6516814,0.1759425550699234,0.5730994343757629,0.2684210538864136
YIL142W,YPL221W,1,-5.65245,0.17741934955120087,0.5789473652839661,0.2684210538864136
YDL031W,YLR350W,0,-5.653838,0.1771019697189331,0.5789473652839661,0.26900583505630493
YGL032C,YER087C-B,0,-5.656278,0.17678570747375488,0.5789473652839661,0.2695906460285187
YNL148C,YJR064W,1,-5.6582,0.17825311422348022,0.5847952961921692,0.2695906460285187
YML077W,YKL085W,0,-5.65869,0.17793594300746918,0.5847952961921692,0.27017542719841003
YNL153C,YBL075C,1,-5.658823,0.17939609289169312,0.5906432867050171,0.27017542719841003
YPL271W,YNR027W,0,-5.6589646,0.17907801270484924,0.5906432867050171,0.2707602381706238
YBR142W,YOR036W,0,-5.6596093,0.1787610650062561,0.5906432867050171,0.27134501934051514
YIL142W,YOL088C,1,-5.66293,0.18021202087402344,0.5964912176132202,0.27134501934051514
YGR143W,YKL214C,0,-5.664001,0.17989417910575867,0.5964912176132202,0.2719298303127289
YML121W,YDL230W,0,-5.6665015,0.17957746982574463,0.5964912176132202,0.27251461148262024
YJL201W,YML121W,0,-5.6665225,0.17926186323165894,0.5964912176132202,0.273099422454834
YML069W,YNL032W,0,-5.670249,0.17894737422466278,0.5964912176132202,0.27368420362472534
YPR007C,YNL032W,0,-5.6717377,0.17863397300243378,0.5964912176132202,0.2742690145969391
YLR158C,YGR082W,0,-5.672028,0.17832167446613312,0.5964912176132202,0.27485379576683044
YOR240W,YCR083W,0,-5.6762896,0.1780104786157608,0.5964912176132202,0.2754386067390442
YIL049W,YKR026C,0,-5.676782,0.17770035564899445,0.5964912176132202,0.27602338790893555
YGL191W,YNR067C,0,-5.6781797,0.17739130556583405,0.5964912176132202,0.2766081988811493
YML120C,YLR138W,0,-5.6786637,0.1770833283662796,0.5964912176132202,0.27719298005104065
YGR095C,YPL129W,0,-5.680179,0.17677642405033112,0.5964912176132202,0.2777777910232544
YJR145C,YDR523C,0,-5.68286,0.1764705926179886,0.5964912176132202,0.27836257219314575
YAL031C,YPL155C,0,-5.688643,0.17616580426692963,0.5964912176132202,0.2789473831653595
YPR021C,YNR052C,0,-5.6886897,0.17586207389831543,0.5964912176132202,0.27953216433525085
YJL060W,YJL076W,0,-5.6928716,0.1755593866109848,0.5964912176132202,0.2801169455051422
YMR060C,YHR016C,0,-5.6964116,0.17525772750377655,0.5964912176132202,0.28070175647735596
YNL001W,YGR010W,0,-5.6982684,0.17495711147785187,0.5964912176132202,0.2812865376472473
YPL098C,YLR006C,0,-5.7013226,0.17465753853321075,0.5964912176132202,0.28187134861946106
YDR030C,YMR305C,0,-5.701362,0.17435897886753082,0.5964912176132202,0.2824561297893524
YGL174W,YPR133C,0,-5.7021346,0.17406143248081207,0.5964912176132202,0.28304094076156616
YOR142W,YPR198W,0,-5.7078853,0.1737648993730545,0.5964912176132202,0.2836257219314575
YIL026C,YDR378C,0,-5.7092347,0.1734693944454193,0.5964912176132202,0.28421053290367126
YER019W,YGL013C,0,-5.7092376,0.1731748729944229,0.5964912176132202,0.2847953140735626
YKL185W,YKL113C,0,-5.7124004,0.1728813499212265,0.5964912176132202,0.28538012504577637
YMR246W,YNL006W,0,-5.7128158,0.17258882522583008,0.5964912176132202,0.2859649062156677
YLR106C,YMR210W,0,-5.7141356,0.17229729890823364,0.5964912176132202,0.28654971718788147
YML085C,YCL033C,0,-5.7145877,0.1720067411661148,0.5964912176132202,0.2871344983577728
YNL153C,YOL088C,1,-5.715613,0.1734006702899933,0.6023392081260681,0.2871344983577728
YDL007W,YMR305C,0,-5.7177863,0.1731092482805252,0.6023392081260681,0.2877193093299866
YDR312W,YDR145W,0,-5.719308,0.17281879484653473,0.6023392081260681,0.28830409049987793
YKL086W,YGR185C,0,-5.720206,0.17252930998802185,0.6023392081260681,0.2888889014720917
YNL099C,YNL272C,0,-5.7223544,0.17224080860614777,0.6023392081260681,0.28947368264198303
YDL008W,YDL138W,0,-5.722628,0.1719532608985901,0.6023392081260681,0.2900584936141968
YHR191C,YLR100W,0,-5.7229986,0.17166666686534882,0.6023392081260681,0.29064327478408813
YNL153C,YDL065C,1,-5.725223,0.17304491996765137,0.6081871390342712,0.29064327478408813
YER016W,YNL142W,0,-5.726637,0.17275747656822205,0.6081871390342712,0.2912280559539795
YNL148C,YOR027W,1,-5.7269135,0.17412935197353363,0.6140350699424744,0.2912280559539795
YOR284W,YJL012C,0,-5.7278647,0.17384105920791626,0.6140350699424744,0.29181286692619324
YER052C,YGL246C,0,-5.7286224,0.1735537201166153,0.6140350699424744,0.2923976480960846
YNL219C,YBR009C,0,-5.728981,0.17326731979846954,0.6140350699424744,0.29298245906829834
YGR175C,YOR035C,0,-5.72915,0.1729818731546402,0.6140350699424744,0.2935672402381897
YJR064W,YDL065C,1,-5.730247,0.1743421107530594,0.6198830604553223,0.2935672402381897
YCR072C,YER005W,0,-5.7312684,0.17405582964420319,0.6198830604553223,0.29415205121040344
YLR223C,YGL008C,0,-5.7314563,0.1737704873085022,0.6198830604553223,0.2947368323802948
YGL027C,YLR097C,0,-5.7330623,0.17348608374595642,0.6198830604553223,0.29532164335250854
YJL124C,YPL002C,0,-5.7352147,0.17320261895656586,0.6198830604553223,0.2959064245223999
YFL031W,YGR119C,0,-5.741264,0.17292006313800812,0.6198830604553223,0.29649123549461365
YDR294C,YCL001W,0,-5.741604,0.1726384311914444,0.6198830604553223,0.297076016664505
YJL062W,YER087C-A,0,-5.7423043,0.1723577231168747,0.6198830604553223,0.29766082763671875
YPR008W,YER162C,0,-5.744882,0.17207792401313782,0.6198830604553223,0.2982456088066101
YDR214W,YNL153C,1,-5.746144,0.1734197735786438,0.6257309913635254,0.2982456088066101
YCR005C,YPR081C,0,-5.7463603,0.17313915491104126,0.6257309913635254,0.29883041977882385
YGR060W,YMR290C,0,-5.7477493,0.17285944521427155,0.6257309913635254,0.2994152009487152
YDL065C,YCR060W,1,-5.7520866,0.17419354617595673,0.6315789222717285,0.2994152009487152
YML077W,YNL127W,0,-5.7539706,0.17391304671764374,0.6315789222717285,0.30000001192092896
YLR231C,YGL084C,0,-5.7565293,0.17363344132900238,0.6315789222717285,0.3005847930908203
YLL042C,YBR092C,0,-5.7573485,0.17335473001003265,0.6315789222717285,0.30116960406303406
YAL012W,YDL003W,0,-5.7573977,0.17307692766189575,0.6315789222717285,0.3017543852329254
YHL047C,YKL193C,0,-5.7597537,0.1728000044822693,0.6315789222717285,0.3023391664028168
YNL291C,YPL122C,0,-5.7600565,0.17252396047115326,0.6315789222717285,0.3029239773750305
YPL270W,YJL039C,0,-5.760754,0.17224881052970886,0.6315789222717285,0.3035087585449219
YDR331W,YCR020W-B,0,-5.7645545,0.1719745248556137,0.6315789222717285,0.3040935695171356
YDL132W,YLR221C,0,-5.7682924,0.171701118350029,0.6315789222717285,0.304678350687027
YOR112W,YKR083C,0,-5.771422,0.17142857611179352,0.6315789222717285,0.3052631616592407
YGL153W,YGR183C,0,-5.772921,0.1711568981409073,0.6315789222717285,0.3058479428291321
YKR037C,YPR133W-A,0,-5.7814827,0.1708860695362091,0.6315789222717285,0.3064327538013458
YGL025C,YDR238C,0,-5.781567,0.17061612010002136,0.6315789222717285,0.3070175349712372
YGR101W,YDR532C,0,-5.7850266,0.17034700512886047,0.6315789222717285,0.3076023459434509
YPL119C,YLR450W,0,-5.785751,0.17007873952388763,0.6315789222717285,0.3081871271133423
YBR155W,YPL221W,1,-5.7864704,0.17138364911079407,0.6374269127845764,0.3081871271133423
YGL151W,YBR060C,0,-5.787047,0.17111459374427795,0.6374269127845764,0.30877193808555603
YPL221W,YCR060W,1,-5.7884774,0.17241379618644714,0.6432748436927795,0.30877193808555603
YKL045W,YDR429C,0,-5.7892885,0.17214398086071014,0.6432748436927795,0.3093567192554474
YML116W,YNL023C,0,-5.791443,0.171875,0.6432748436927795,0.30994153022766113
YDL135C,YHR066W,0,-5.7951407,0.1716068685054779,0.6432748436927795,0.3105263113975525
YGL192W,YER087C-A,0,-5.7953916,0.17133955657482147,0.6432748436927795,0.31111112236976624
YER119C,YGR088W,0,-5.7994,0.1710730940103531,0.6432748436927795,0.3116959035396576
YMR186W,YHR034C,1,-5.799503,0.17236024141311646,0.6491228342056274,0.3116959035396576
YJR064W,YHR034C,1,-5.800417,0.17364341020584106,0.6549707651138306,0.3116959035396576
YJL073W,YJL179W,1,-5.8103647,0.17492260038852692,0.6608186960220337,0.3116959035396576
YNL142W,YGL008C,0,-5.8121543,0.17465223371982574,0.6608186960220337,0.31228071451187134
YOR179C,YOL020W,0,-5.812615,0.17438271641731262,0.6608186960220337,0.3128654956817627
YFL041W,YEL050C,0,-5.8151712,0.17411401867866516,0.6608186960220337,0.31345030665397644
YDL128W,YGR241C,0,-5.815441,0.17384615540504456,0.6608186960220337,0.3140350878238678
YKL001C,YGR094W,0,-5.8154693,0.1735791116952896,0.6608186960220337,0.31461986899375916
YGL119W,YKL193C,0,-5.816197,0.17331288754940033,0.6608186960220337,0.3152046799659729
YLR060W,YDL003W,0,-5.817039,0.17304746806621552,0.6608186960220337,0.31578946113586426
YEL015W,YDR279W,0,-5.8176904,0.17278286814689636,0.6608186960220337,0.316374272108078
YOL063C,YGR143W,0,-5.818853,0.17251908779144287,0.6608186960220337,0.31695905327796936
YHR191C,YDL111C,0,-5.820299,0.17225609719753265,0.6608186960220337,0.3175438642501831
YGL119W,YJL060W,0,-5.8223033,0.1719939112663269,0.6608186960220337,0.31812864542007446
YOR037W,YJR013W,0,-5.8223996,0.17173252999782562,0.6608186960220337,0.3187134563922882
YDL230W,YDL090C,0,-5.8240685,0.17147192358970642,0.6608186960220337,0.31929823756217957
YBR159W,YMR210W,0,-5.8249574,0.1712121218442917,0.6608186960220337,0.3198830485343933
YNL328C,YMR125W,0,-5.825969,0.17095309495925903,0.6608186960220337,0.32046782970428467
YJR002W,YDR532C,0,-5.8261123,0.17069485783576965,0.6608186960220337,0.3210526406764984
YNL023C,YJR156C,0,-5.82958,0.17043741047382355,0.6608186960220337,0.32163742184638977
YIL026C,YBR289W,0,-5.830446,0.17018072307109833,0.6608186960220337,0.3222222328186035
YNL153C,YJL179W,1,-5.830505,0.17142857611179352,0.6666666865348816,0.3222222328186035
YKL040C,YDR030C,0,-5.8369927,0.171171173453331,0.6666666865348816,0.3228070139884949
YGR060W,YOR035C,0,-5.8371043,0.17091454565525055,0.6666666865348816,0.3233918249607086
YGR175C,YJR068W,0,-5.8371344,0.170658677816391,0.6666666865348816,0.3239766061306
YGL016W,YOR008C,0,-5.839367,0.1704035848379135,0.6666666865348816,0.3245614171028137
YGL174W,YBL007C,0,-5.8397613,0.17014925181865692,0.6666666865348816,0.3251461982727051
YDR331W,YKL018W,0,-5.840538,0.16989567875862122,0.6666666865348816,0.32573097944259644
YJL073W,YDL065C,1,-5.842683,0.1711309552192688,0.6725146174430847,0.32573097944259644
YOR037W,YMR008C,0,-5.842691,0.1708766669034958,0.6725146174430847,0.3263157904148102
YER035W,YKR055W,0,-5.8461432,0.17062313854694366,0.6725146174430847,0.32690057158470154
YLR166C,YPR181C,0,-5.846727,0.17037037014961243,0.6725146174430847,0.3274853825569153
YPL110C,YNL326C,0,-5.8480754,0.17011834681034088,0.6725146174430847,0.32807016372680664
YLL061W,YDL138W,0,-5.8487144,0.16986705362796783,0.6725146174430847,0.3286549746990204
YHR191C,YBR195C,0,-5.849719,0.16961652040481567,0.6725146174430847,0.32923975586891174
YDL226C,YJR120W,0,-5.850842,0.169366717338562,0.6725146174430847,0.3298245668411255
YCR040W,YGR178C,0,-5.851167,0.16911764442920685,0.6725146174430847,0.33040934801101685
YJR025C,YOR340C,0,-5.855004,0.16886931657791138,0.6725146174430847,0.3309941589832306
YER061C,YDR058C,0,-5.857787,0.1686217039823532,0.6725146174430847,0.33157894015312195
YDR113C,YGL135W,0,-5.8587093,0.16837482154369354,0.6725146174430847,0.3321637511253357
YDR279W,YHR039C-B,0,-5.859328,0.16812865436077118,0.6725146174430847,0.33274853229522705
YBR068C,YCL055W,0,-5.862895,0.16788321733474731,0.6725146174430847,0.3333333432674408
YPL200W,YGL061C,0,-5.8640885,0.16763848066329956,0.6725146174430847,0.33391812443733215
YKL016C,YLR466W,0,-5.8645635,0.1673944741487503,0.6725146174430847,0.3345029354095459
YBR155W,YJL073W,1,-5.8648243,0.16860465705394745,0.6783625483512878,0.3345029354095459
YJR135C,YER117W,0,-5.864968,0.1683599352836609,0.6783625483512878,0.33508771657943726
YCR075C,YML085C,0,-5.8654118,0.16811594367027283,0.6783625483512878,0.335672527551651
YDR214W,YCR060W,1,-5.8675976,0.16931982338428497,0.6842105388641357,0.335672527551651
YJR119C,YGR119C,0,-5.868229,0.169075146317482,0.6842105388641357,0.33625730872154236
YOR310C,YBR037C,0,-5.869244,0.16883116960525513,0.6842105388641357,0.3368421196937561
YJR059W,YPR010C,0,-5.8710995,0.16858789324760437,0.6842105388641357,0.33742690086364746
YKR055W,YML131W,0,-5.8713017,0.16834531724452972,0.6842105388641357,0.3380116820335388
YOL063C,YLR342W,0,-5.873186,0.1681034415960312,0.6842105388641357,0.33859649300575256
YNL008C,YBR289W,0,-5.8745027,0.16786226630210876,0.6842105388641357,0.3391812741756439
YCL027W,YGL192W,0,-5.876861,0.16762177646160126,0.6842105388641357,0.33976608514785767
YIL036W,YOL001W,0,-5.8768725,0.16738197207450867,0.6842105388641357,0.340350866317749
YJL173C,YAL011W,0,-5.8777432,0.167142853140831,0.6842105388641357,0.34093567728996277
YPL096C-A,YHL031C,0,-5.8784757,0.16690441966056824,0.6842105388641357,0.3415204584598541
YKL079W,YKL042W,0,-5.880378,0.1666666716337204,0.6842105388641357,0.34210526943206787
YDR335W,YGL011C,0,-5.8809857,0.16642959415912628,0.6842105388641357,0.34269005060195923
YPL181W,YGL222C,0,-5.8822045,0.1661931872367859,0.6842105388641357,0.343274861574173
YDL154W,YGL151W,0,-5.8823743,0.16595745086669922,0.6842105388641357,0.34385964274406433
YKL060C,YHR120W,0,-5.8836055,0.16572238504886627,0.6842105388641357,0.3444444537162781
YLL008W,YLR246W,0,-5.8849373,0.16548797488212585,0.6842105388641357,0.34502923488616943
YBR247C,YDR429C,0,-5.888282,0.16525423526763916,0.6842105388641357,0.3456140458583832
YFL031W,YDR398W,0,-5.8909698,0.165021151304245,0.6842105388641357,0.34619882702827454
YNL281W,YOL088C,1,-5.894115,0.16619718074798584,0.6900584697723389,0.34619882702827454
YPL275W,YKL203C,0,-5.8946037,0.16596342623233795,0.6900584697723389,0.3467836380004883
YEL003W,YOL088C,1,-5.89519,0.1671348363161087,0.6959064602851868,0.3467836380004883
YMR202W,YER146W,0,-5.8978314,0.1669004261493683,0.6959064602851868,0.34736841917037964
YIL118W,YBL050W,0,-5.899158,0.1666666716337204,0.6959064602851868,0.3479532301425934
YMR287C,YJL186W,0,-5.9006286,0.16643357276916504,0.6959064602851868,0.34853801131248474
YLR347C,YDR335W,0,-5.9065456,0.16620111465454102,0.6959064602851868,0.3491227924823761
YAL031C,YAL029C,0,-5.9071064,0.16596931219100952,0.6959064602851868,0.34970760345458984
YBR155W,YNL153C,1,-5.908523,0.16713091731071472,0.7017543911933899,0.34970760345458984
YDR524C,YBL026W,0,-5.9086833,0.1668984740972519,0.7017543911933899,0.3502923846244812
YHL047C,YML131W,0,-5.909605,0.1666666716337204,0.7017543911933899,0.35087719559669495
YAL012W,YKL214C,0,-5.911078,0.16643550992012024,0.7017543911933899,0.3514619767665863
YDR517W,YOL020W,0,-5.9145284,0.16620498895645142,0.7017543911933899,0.35204678773880005
YOL051W,YLR130C,0,-5.9194345,0.16597510874271393,0.7017543911933899,0.3526315689086914
YPL096C-A,YHR111W,0,-5.923536,0.16574585437774658,0.7017543911933899,0.35321637988090515
YHR099W,YGL095C,0,-5.9247403,0.16551724076271057,0.7017543911933899,0.3538011610507965
YIL122W,YBL106C,0,-5.9274507,0.1652892529964447,0.7017543911933899,0.35438597202301025
YGR041W,YPR181C,0,-5.928354,0.16506189107894897,0.7017543911933899,0.3549707531929016
YMR290C,YBR088C,0,-5.9302874,0.16483516991138458,0.7017543911933899,0.35555556416511536
YNL153C,YJL073W,1,-5.9320006,0.16598080098628998,0.707602322101593,0.35555556416511536
YLR350W,YIL053W,0,-5.937856,0.16575342416763306,0.707602322101593,0.3561403453350067
YLL042C,YPL049C,0,-5.938658,0.16552667319774628,0.707602322101593,0.35672515630722046
YCR005C,YOR241W,0,-5.9398108,0.16530054807662964,0.707602322101593,0.3573099374771118
YDL099W,YDR293C,0,-5.9425883,0.16507503390312195,0.707602322101593,0.35789474844932556
YHR019C,YGR009C,0,-5.9432235,0.1648501306772232,0.707602322101593,0.3584795296192169
YDL174C,YHR099W,0,-5.943812,0.1646258533000946,0.707602322101593,0.35906434059143066
YOR173W,YKL120W,0,-5.944512,0.16440217196941376,0.707602322101593,0.359649121761322
YGR264C,YGR239C,0,-5.949055,0.16417910158634186,0.707602322101593,0.36023393273353577
YMR270C,YML029W,0,-5.949908,0.1639566421508789,0.707602322101593,0.3608187139034271
YDR498C,YJL059W,0,-5.9507914,0.1637347787618637,0.707602322101593,0.3614034950733185
YBR245C,YDR515W,0,-5.9537168,0.16351351141929626,0.707602322101593,0.3619883060455322
YGL191W,YDR039C,0,-5.9541116,0.16329284012317657,0.707602322101593,0.3625730872154236
YMR184W,YPR112C,0,-5.9544578,0.16307277977466583,0.707602322101593,0.36315789818763733
YGL071W,YML131W,0,-5.9552402,0.16285330057144165,0.707602322101593,0.3637426793575287
YDL174C,YJL183W,0,-5.955914,0.16263440251350403,0.707602322101593,0.36432749032974243
YJL073W,YHR034C,1,-5.9582024,0.16375838220119476,0.7134503126144409,0.36432749032974243
YBR155W,YJL179W,1,-5.9586363,0.16487935185432434,0.719298243522644,0.36432749032974243
YNL142W,YPR056W,0,-5.9629855,0.16465863585472107,0.719298243522644,0.3649122714996338
YML120C,YGL095C,0,-5.963356,0.16443850100040436,0.719298243522644,0.36549708247184753
YDR255C,YOR003W,0,-5.967314,0.1642189621925354,0.719298243522644,0.3660818636417389
YDR214W,YBR155W,1,-5.9674287,0.1653333306312561,0.7251461744308472,0.3660818636417389
YHR150W,YER117W,0,-5.9680486,0.1651131808757782,0.7251461744308472,0.36666667461395264
YFR027W,YIL056W,0,-5.9681897,0.16489361226558685,0.7251461744308472,0.367251455783844
YIL051C,YML064C,0,-5.9681983,0.16467463970184326,0.7251461744308472,0.36783626675605774
YER005W,YKR053C,0,-5.970773,0.16445623338222504,0.7251461744308472,0.3684210479259491
YMR129W,YPL124W,0,-5.977448,0.16423840820789337,0.7251461744308472,0.36900585889816284
YER061C,YMR168C,0,-5.9780765,0.16402116417884827,0.7251461744308472,0.3695906400680542
YGR014W,YGR059W,0,-5.9805865,0.16380448639392853,0.7251461744308472,0.37017545104026794
YOR260W,YNL326C,0,-5.981589,0.16358838975429535,0.7251461744308472,0.3707602322101593
YDR378C,YOR310C,0,-5.983845,0.16337285935878754,0.7251461744308472,0.37134504318237305
YOR027W,YCR060W,1,-5.985762,0.16447368264198303,0.7309941649436951,0.37134504318237305
YOR316C,YJL012C-A,0,-5.98906,0.16425755620002747,0.7309941649436951,0.3719298243522644
YDR309C,YDR484W,0,-5.9891143,0.16404199600219727,0.7309941649436951,0.37251460552215576
YNL027W,YJL186W,0,-5.9908333,0.16382700204849243,0.7309941649436951,0.3730994164943695
YHL036W,YDL055C,0,-5.9965773,0.16361255943775177,0.7309941649436951,0.37368419766426086
YMR168C,YDL195W,0,-5.997724,0.16339869797229767,0.7309941649436951,0.3742690086364746
YHR011W,YDL111C,0,-5.998707,0.16318537294864655,0.7309941649436951,0.37485378980636597
YNL236W,YIL063C,0,-6.000906,0.1629726141691208,0.7309941649436951,0.3754386007785797
YDR461W,YBL007C,0,-6.005009,0.1627604216337204,0.7309941649436951,0.37602338194847107
YDR244W,YGR081C,0,-6.0051365,0.16254876554012299,0.7309941649436951,0.3766081929206848
YPR093C,YIL048W,0,-6.0094857,0.16233766078948975,0.7309941649436951,0.37719297409057617
YFR033C,YDR028C,0,-6.0132937,0.16212710738182068,0.7309941649436951,0.3777777850627899
YLR233C,YHL031C,0,-6.013847,0.16191710531711578,0.7309941649436951,0.3783625662326813
YJR090C,YHL036W,0,-6.014792,0.16170763969421387,0.7309941649436951,0.378947377204895
YGL051W,YNR043W,0,-6.016065,0.16149871051311493,0.7309941649436951,0.3795321583747864
YMR068W,YGR229C,0,-6.0168905,0.16129031777381897,0.7309941649436951,0.3801169693470001
YMR270C,YGR059W,0,-6.017322,0.16108247637748718,0.7309941649436951,0.3807017505168915
YNL153C,YEL003W,1,-6.020062,0.1621621549129486,0.7368420958518982,0.3807017505168915
YBR065C,YJR141W,0,-6.0203266,0.16195373237133026,0.7368420958518982,0.3812865614891052
YGR060W,YOR340C,0,-6.022949,0.1617458313703537,0.7368420958518982,0.3818713426589966
YKL040C,YDR312W,0,-6.023809,0.16153846681118011,0.7368420958518982,0.3824561536312103
YMR305C,YKR062W,0,-6.025571,0.16133162379264832,0.7368420958518982,0.3830409348011017
YDL117W,YNL129W,0,-6.0266485,0.1611253172159195,0.7368420958518982,0.38362574577331543
YJL073W,YBL075C,1,-6.0274076,0.16219668090343475,0.7426900863647461,0.38362574577331543
YDR198C,YPR181C,0,-6.0277944,0.16198979318141937,0.7426900863647461,0.3842105269432068
YKL185W,YIL122W,0,-6.031567,0.16178344190120697,0.7426900863647461,0.38479530811309814
YKR083C,YJL198W,0,-6.0329747,0.16157761216163635,0.7426900863647461,0.3853801190853119
YLR342W,YLL061W,0,-6.035278,0.16137230396270752,0.7426900863647461,0.38596490025520325
YMR199W,YHR123W,0,-6.036571,0.16116751730442047,0.7426900863647461,0.386549711227417
YGL025C,YLR043C,0,-6.0398207,0.160963237285614,0.7426900863647461,0.38713449239730835
YGL048C,YGL095C,0,-6.0399637,0.16075949370861053,0.7426900863647461,0.3877193033695221
YHR034C,YBL075C,1,-6.040871,0.16182048618793488,0.7485380172729492,0.3877193033695221
YLR158C,YML060W,0,-6.0429235,0.16161616146564484,0.7485380172729492,0.38830408453941345
YPR112C,YLR224W,0,-6.043698,0.16141235828399658,0.7485380172729492,0.3888888955116272
YNL219C,YLR221C,0,-6.0482326,0.16120906174182892,0.7485380172729492,0.38947367668151855
YPL069C,YHR111W,0,-6.0489664,0.16100628674030304,0.7485380172729492,0.3900584876537323
YHR072W,YML085C,0,-6.049025,0.16080401837825775,0.7485380172729492,0.39064326882362366
YHR034C,YOR027W,1,-6.0508227,0.16185696423053741,0.7543859481811523,0.39064326882362366
YCR075C,YGR119C,0,-6.05085,0.16165412962436676,0.7543859481811523,0.3912280797958374
YLR381W,YOR267C,0,-6.0514774,0.1614518165588379,0.7543859481811523,0.39181286096572876
YNL148C,YDR258C,1,-6.051506,0.16249999403953552,0.7602339386940002,0.39181286096572876
YKL185W,YPL069C,0,-6.0516763,0.16229712963104248,0.7602339386940002,0.3923976719379425
YMR219W,YPR016C,0,-6.0529237,0.16209475696086884,0.7602339386940002,0.39298245310783386
YER119C,YLR135W,0,-6.053301,0.16189290583133698,0.7602339386940002,0.3935672640800476
YPL256C,YPR008W,0,-6.053349,0.1616915464401245,0.7602339386940002,0.39415204524993896
YLL042C,YPL275W,0,-6.0622354,0.16149067878723145,0.7602339386940002,0.3947368562221527
YDR191W,YMR210W,0,-6.0627036,0.16129031777381897,0.7602339386940002,0.39532163739204407
YLR231C,YPL069C,0,-6.0640445,0.16109046339988708,0.7602339386940002,0.3959064185619354
YJL165C,YLR448W,0,-6.0644503,0.1608910858631134,0.7602339386940002,0.39649122953414917
YFR019W,YPL203W,0,-6.0644846,0.1606922149658203,0.7602339386940002,0.3970760107040405
YKL114C,YGL013C,0,-6.070968,0.16049382090568542,0.7602339386940002,0.3976608216762543
YDR141C,YBR228W,0,-6.0740657,0.16029593348503113,0.7602339386940002,0.39824560284614563
YDR437W,YPL112C,0,-6.0743,0.16009852290153503,0.7602339386940002,0.3988304138183594
YJR089W,YGR085C,0,-6.075534,0.15990160405635834,0.7602339386940002,0.39941519498825073
YOR240W,YML029W,0,-6.0852933,0.15970516204833984,0.7602339386940002,0.4000000059604645
YDR545W,YDR065W,0,-6.088031,0.15950919687747955,0.7602339386940002,0.40058478713035583
YCR005C,YLL012W,0,-6.08855,0.15931372344493866,0.7602339386940002,0.4011695981025696
YGL116W,YML058W,0,-6.089157,0.15911872684955597,0.7602339386940002,0.40175437927246094
YLR095C,YHR099W,0,-6.0892673,0.15892420709133148,0.7602339386940002,0.4023391902446747
YLR328W,YDR281C,0,-6.091441,0.1587301641702652,0.7602339386940002,0.40292397141456604
YFR053C,YDR515W,0,-6.0945024,0.15853658318519592,0.7602339386940002,0.4035087823867798
YDR122W,YDR335W,0,-6.0978413,0.15834347903728485,0.7602339386940002,0.40409356355667114
YML067C,YGL104C,0,-6.0991025,0.15815085172653198,0.7602339386940002,0.4046783745288849
YER061C,YHR139C,0,-6.1017346,0.15795868635177612,0.7602339386940002,0.40526315569877625
YIL142W,YDL065C,1,-6.103369,0.1589805781841278,0.7660818696022034,0.40526315569877625
YGR199W,YHR008C,0,-6.1055436,0.15878787636756897,0.7660818696022034,0.40584796667099
YOL143C,YLL017W,0,-6.1108813,0.15859563648700714,0.7660818696022034,0.40643274784088135
YJL053W,YMR210W,0,-6.111908,0.15840387344360352,0.7660818696022034,0.4070175290107727
YPR081C,YML085C,0,-6.112584,0.1582125574350357,0.7660818696022034,0.40760233998298645
YCR020W-B,YPR072W,0,-6.112692,0.1580217182636261,0.7660818696022034,0.4081871211528778
YGL073W,YNL293W,0,-6.115541,0.1578313261270523,0.7660818696022034,0.40877193212509155
YML042W,YDR532C,0,-6.1159143,0.15764139592647552,0.7660818696022034,0.4093567132949829
YNR052C,YAR044W,0,-6.11834,0.15745192766189575,0.7660818696022034,0.40994152426719666
YMR319C,YNR023W,0,-6.1187005,0.1572629064321518,0.7660818696022034,0.410526305437088
YKL025C,YDR484W,0,-6.120706,0.15707434713840485,0.7660818696022034,0.41111111640930176
YHR059W,YDR498C,0,-6.1211667,0.1568862348794937,0.7660818696022034,0.4116958975791931
YBR029C,YBL106C,0,-6.121383,0.1566985696554184,0.7660818696022034,0.41228070855140686
YGL192W,YAL051W,0,-6.1243663,0.1565113514661789,0.7660818696022034,0.4128654897212982
YPR144C,YOL103W-B,0,-6.126097,0.1563245803117752,0.7660818696022034,0.41345030069351196
YDR312W,YDR260C,0,-6.1285214,0.15613825619220734,0.7660818696022034,0.4140350818634033
YGR252W,YBR213W,0,-6.1295743,0.15595237910747528,0.7660818696022034,0.41461989283561707
YOR142W,YJL012C,0,-6.1314216,0.15576694905757904,0.7660818696022034,0.4152046740055084
YPL155C,YIL076W,0,-6.1316595,0.15558195114135742,0.7660818696022034,0.41578948497772217
YIL109C,YGR143W,0,-6.133858,0.15539738535881042,0.7660818696022034,0.4163742661476135
YGR167W,YDR062W,0,-6.1354513,0.15521326661109924,0.7660818696022034,0.41695907711982727
YGR178C,YPR182W,0,-6.1354775,0.15502957999706268,0.7660818696022034,0.41754385828971863
YLR314C,YBR233W-A,0,-6.1373525,0.15484634041786194,0.7660818696022034,0.4181286692619324
YLR390W-A,YAR009C,0,-6.139319,0.15466351807117462,0.7660818696022034,0.41871345043182373
YLL035W,YKL043W,0,-6.139541,0.15448112785816193,0.7660818696022034,0.4192982316017151
YOR023C,YDR365W-B,0,-6.142942,0.15429916977882385,0.7660818696022034,0.41988304257392883
YJL076W,YKR028W,0,-6.1440206,0.1541176438331604,0.7660818696022034,0.4204678237438202
YEL060C,YPL206C,0,-6.144919,0.15393655002117157,0.7660818696022034,0.42105263471603394
YJR025C,YGL025C,0,-6.1472974,0.15375587344169617,0.7660818696022034,0.4216374158859253
YPR056W,YLR130C,0,-6.148349,0.1535756140947342,0.7660818696022034,0.42222222685813904
YJL071W,YLR034C,0,-6.1497817,0.15339578688144684,0.7660818696022034,0.4228070080280304
YEL003W,YJL073W,1,-6.1511216,0.15438596904277802,0.7719298005104065,0.4228070080280304
YNR056C,YER028C,0,-6.152018,0.15420560538768768,0.7719298005104065,0.42339181900024414
YGR046W,YDR261C-D,0,-6.1531873,0.15402567386627197,0.7719298005104065,0.4239766001701355
YHR157W,YBR037C,0,-6.1564326,0.1538461595773697,0.7719298005104065,0.42456141114234924
YDL117W,YAR044W,0,-6.1573925,0.15366704761981964,0.7719298005104065,0.4251461923122406
YHR024C,YFR040W,0,-6.158888,0.1534883677959442,0.7719298005104065,0.42573100328445435
YER095W,YPL002C,0,-6.160851,0.15331010520458221,0.7719298005104065,0.4263157844543457
YLR172C,YPL156C,0,-6.161649,0.15313224494457245,0.7719298005104065,0.42690059542655945
YMR015C,YIR009W,0,-6.1664386,0.1529548019170761,0.7719298005104065,0.4274853765964508
YNR044W,YDR174W,0,-6.1676793,0.1527777761220932,0.7719298005104065,0.42807018756866455
YAL024C,YBR088C,0,-6.172006,0.15260115265846252,0.7719298005104065,0.4286549687385559
YHL036W,YCR084C,0,-6.1763206,0.15242494642734528,0.7719298005104065,0.42923977971076965
YOR112W,YGR004W,0,-6.1766706,0.15224912762641907,0.7719298005104065,0.429824560880661
YJL073W,YOL088C,1,-6.17685,0.15322580933570862,0.7777777910232544,0.429824560880661
YDR512C,YLR126C,0,-6.1773663,0.15304948389530182,0.7777777910232544,0.43040934205055237
YJL030W,YPR095C,0,-6.1779785,0.15287356078624725,0.7777777910232544,0.4309941530227661
YGR041W,YOL143C,0,-6.179773,0.15269805490970612,0.7777777910232544,0.43157893419265747
YBR085W,YML013W,0,-6.179881,0.15252293646335602,0.7777777910232544,0.4321637451648712
YIL036W,YMR250W,0,-6.180796,0.15234822034835815,0.7777777910232544,0.4327485263347626
YOR327C,YNL246W,0,-6.1810966,0.15217390656471252,0.7777777910232544,0.4333333373069763
YGL071W,YGL051W,0,-6.181395,0.15199999511241913,0.7777777910232544,0.4339181184768677
YEL009C,YNL250W,0,-6.182289,0.15182648599147797,0.7777777910232544,0.4345029294490814
YML121W,YDR058C,0,-6.182569,0.15165336430072784,0.7777777910232544,0.4350877106189728
YLR391W,YGR088W,0,-6.1829786,0.15148064494132996,0.7777777910232544,0.4356725215911865
YJL059W,YML131W,0,-6.183211,0.15130829811096191,0.7777777910232544,0.4362573027610779
YHR059W,YBR092C,0,-6.1855097,0.1511363685131073,0.7777777910232544,0.4368421137332916
YNL099C,YOR179C,0,-6.186252,0.15096481144428253,0.7777777910232544,0.437426894903183
YJR089W,YGL013C,0,-6.1868873,0.15079365670681,0.7777777910232544,0.43801170587539673
YBR233W-A,YMR008C,0,-6.1907287,0.1506228744983673,0.7777777910232544,0.4385964870452881
YPR046W,YER005W,0,-6.190936,0.15045249462127686,0.7777777910232544,0.43918129801750183
YCR058C,YJL173C,0,-6.1915364,0.15028248727321625,0.7777777910232544,0.4397660791873932
YLR391W,YJR042W,0,-6.193025,0.15011286735534668,0.7777777910232544,0.44035089015960693
YCR038C,YBR022W,0,-6.19315,0.14994363486766815,0.7777777910232544,0.4409356713294983
YPL221W,YOR027W,1,-6.193731,0.15090090036392212,0.7836257219314575,0.4409356713294983
YER035W,YNL082W,0,-6.196877,0.150731161236763,0.7836257219314575,0.44152048230171204
YOL104C,YLR033W,0,-6.198171,0.15056179463863373,0.7836257219314575,0.4421052634716034
YKL166C,YDR306C,0,-6.1997743,0.1503928154706955,0.7836257219314575,0.44269004464149475
YPL125W,YCL034W,0,-6.201607,0.1502242088317871,0.7836257219314575,0.4432748556137085
YKL185W,YDL174C,0,-6.2024665,0.15005598962306976,0.7836257219314575,0.44385963678359985
YDR195W,YPR158C-C,0,-6.2029877,0.14988814294338226,0.7836257219314575,0.4444444477558136
YDR130C,YGR220C,0,-6.206227,0.1497206687927246,0.7836257219314575,0.44502922892570496
YLR390W-A,YHR058C,0,-6.207257,0.1495535671710968,0.7836257219314575,0.4456140398979187
YAL059W,YBR022W,0,-6.2086234,0.14938683807849884,0.7836257219314575,0.44619882106781006
YHR072W,YBR186W,0,-6.211939,0.14922049641609192,0.7836257219314575,0.4467836320400238
YDR174W,YPR112C,0,-6.2139664,0.14905451238155365,0.7836257219314575,0.44736841320991516
YCL016C,YDL024C,0,-6.2148137,0.14888888597488403,0.7836257219314575,0.4479532241821289
YJL179W,YBL075C,1,-6.2158256,0.14983351528644562,0.7894737124443054,0.4479532241821289
YGL090W,YLL061W,0,-6.2162576,0.1496674120426178,0.7894737124443054,0.44853800535202026
YBR161W,YGL011C,0,-6.217063,0.14950166642665863,0.7894737124443054,0.449122816324234
YKR097W,YMR051C,0,-6.220552,0.14933627843856812,0.7894737124443054,0.44970759749412537
YLR186W,YMR051C,0,-6.2206473,0.14917127788066864,0.7894737124443054,0.4502924084663391
YMR303C,YDR065W,0,-6.220862,0.14900662004947662,0.7894737124443054,0.45087718963623047
YDR174W,YHR079C,0,-6.2242084,0.14884233474731445,0.7894737124443054,0.4514620006084442
YFR019W,YLR207W,0,-6.2260513,0.14867840707302094,0.7894737124443054,0.45204678177833557
YML080W,YMR008C,0,-6.2261147,0.14851485192775726,0.7894737124443054,0.4526315927505493
YDL014W,YOR145C,0,-6.228143,0.14835165441036224,0.7894737124443054,0.4532163739204407
YHL027W,YJL138C,0,-6.2281966,0.14818879961967468,0.7894737124443054,0.45380115509033203
YNR044W,YNL246W,0,-6.229092,0.14802631735801697,0.7894737124443054,0.4543859660625458
YOR081C,YNL131W,0,-6.2304235,0.1478641778230667,0.7894737124443054,0.45497074723243713
YGL219C,YPR072W,0,-6.230624,0.1477024108171463,0.7894737124443054,0.4555555582046509
YBR073W,YOR069W,0,-6.231421,0.14754098653793335,0.7894737124443054,0.45614033937454224
YJR089W,YMR246W,0,-6.2314444,0.14737991988658905,0.7894737124443054,0.456725150346756
YCL027W,YNL054W-A,0,-6.2343,0.1472191959619522,0.7894737124443054,0.45730993151664734
YGL090W,YDR261C-D,0,-6.2343736,0.14705882966518402,0.7894737124443054,0.4578947424888611
YOL002C,YPL175W,0,-6.234469,0.1468988060951233,0.7894737124443054,0.45847952365875244
YAR033W,YKR001C,0,-6.2364817,0.14673912525177002,0.7894737124443054,0.4590643346309662
YJL081C,YNL246W,0,-6.236856,0.1465798020362854,0.7894737124443054,0.45964911580085754
YMR292W,YKL166C,0,-6.2379055,0.14642082154750824,0.7894737124443054,0.4602339267730713
YPR138C,YGL097W,0,-6.238406,0.14626218378543854,0.7894737124443054,0.46081870794296265
YFR040W,YPR158C-C,0,-6.238956,0.1461038887500763,0.7894737124443054,0.4614035189151764
YBL097W,YDL019C,0,-6.2391534,0.1459459513425827,0.7894737124443054,0.46198830008506775
YLR390W-A,YOL124C,0,-6.239966,0.14578834176063538,0.7894737124443054,0.4625731110572815
YDR140W,YBL106C,0,-6.2426333,0.1456310749053955,0.7894737124443054,0.46315789222717285
YDR461W,YFL002W-B,0,-6.2454357,0.1454741358757019,0.7894737124443054,0.4637427031993866
YFL005W,YDR365W-B,0,-6.2458787,0.14531753957271576,0.7894737124443054,0.46432748436927795
YOL033W,YLR043C,0,-6.2471786,0.14516128599643707,0.7894737124443054,0.4649122953414917
YLR242C,YLR238W,0,-6.2481422,0.14500537514686584,0.7894737124443054,0.46549707651138306
YBR167C,YAR044W,0,-6.2497106,0.14484979212284088,0.7894737124443054,0.4660818576812744
YDR436W,YHR008C,0,-6.2498727,0.14469453692436218,0.7894737124443054,0.46666666865348816
YLL035W,YPL002C,0,-6.250185,0.14453960955142975,0.7894737124443054,0.4672514498233795
YLR033W,YGR027W-A,0,-6.250375,0.14438502490520477,0.7894737124443054,0.46783626079559326
YML093W,YJR027W,0,-6.2511563,0.14423076808452606,0.7894737124443054,0.4684210419654846
YIL070C,YKL035W,0,-6.2514734,0.14407683908939362,0.7894737124443054,0.46900585293769836
YOR380W,YHR039C-B,0,-6.2515316,0.14392323791980743,0.7894737124443054,0.4695906341075897
YJL165C,YJR035W,0,-6.251926,0.14376996457576752,0.7894737124443054,0.47017544507980347
YNL142W,YNL036W,0,-6.253959,0.14361701905727386,0.7894737124443054,0.4707602262496948
YLL008W,YLR350W,0,-6.25549,0.14346440136432648,0.7894737124443054,0.47134503722190857
YJR118C,YGL104C,0,-6.25704,0.14331209659576416,0.7894737124443054,0.4719298183917999
YHR024C,YLR328W,0,-6.2579265,0.1431601345539093,0.7894737124443054,0.47251462936401367
YER168C,YJL030W,0,-6.258104,0.14300847053527832,0.7894737124443054,0.47309941053390503
YKL203C,YLR425W,0,-6.258702,0.1428571492433548,0.7894737124443054,0.4736842215061188
YMR021C,YPL203W,0,-6.259072,0.14270612597465515,0.7894737124443054,0.47426900267601013
YGR003W,YLR410W-B,0,-6.2596507,0.14255544543266296,0.7894737124443054,0.4748538136482239
YGR239C,YFL005W,0,-6.2634187,0.14240506291389465,0.7894737124443054,0.47543859481811523
YOL009C,YIL118W,0,-6.2643642,0.1422550082206726,0.7894737124443054,0.476023405790329
YJR120W,YOL103W-B,0,-6.264504,0.14210526645183563,0.7894737124443054,0.47660818696022034
YPR057W,YLR391W,0,-6.2649684,0.14195583760738373,0.7894737124443054,0.4771929681301117
YGL194C,YJR035W,0,-6.2664175,0.1418067216873169,0.7894737124443054,0.47777777910232544
YOR113W,YJR135C,0,-6.2667994,0.14165791869163513,0.7894737124443054,0.4783625602722168
YGL027C,YPL206C,0,-6.2672586,0.14150942862033844,0.7894737124443054,0.47894737124443054
YOR033C,YDL081C,0,-6.2684536,0.14136125147342682,0.7894737124443054,0.4795321524143219
YPL093W,YMR060C,0,-6.2690363,0.14121338725090027,0.7894737124443054,0.48011696338653564
YFR028C,YDL153C,0,-6.2695723,0.1410658359527588,0.7894737124443054,0.480701744556427
YDR285W,YDR365W-B,0,-6.270207,0.1409185826778412,0.7894737124443054,0.48128655552864075
YPL224C,YMR305C,0,-6.2725067,0.14077164232730865,0.7894737124443054,0.4818713366985321
YPR133C,YNL284C-A,0,-6.275274,0.140625,0.7894737124443054,0.48245614767074585
YDR306C,YOR142W-B,0,-6.275274,0.14047867059707642,0.7894737124443054,0.4830409288406372
YBR100W,YOR192C-B,0,-6.275274,0.1403326392173767,0.7894737124443054,0.48362573981285095
YOR250C,YNL284C-A,0,-6.275274,0.14018692076206207,0.7894737124443054,0.4842105209827423
YKL025C,YOL103W-B,0,-6.275274,0.1400415003299713,0.7894737124443054,0.48479533195495605
YKL059C,YNL284C-A,0,-6.275274,0.13989637792110443,0.7894737124443054,0.4853801131248474
YGL249W,YDR365W-B,0,-6.275274,0.13975155353546143,0.7894737124443054,0.48596492409706116
YIL159W,YNL284C-A,0,-6.275274,0.1396070271730423,0.7894737124443054,0.4865497052669525
YPR016C,YNL284C-A,0,-6.275274,0.13946281373500824,0.7894737124443054,0.48713451623916626
YGR220C,YDL138W,0,-6.2753453,0.13931888341903687,0.7894737124443054,0.4877192974090576
YDR335W,YPL128C,0,-6.2756696,0.13917525112628937,0.7894737124443054,0.48830410838127136
YBR155W,YEL003W,1,-6.2760224,0.14006179571151733,0.7953216433525085,0.48830410838127136
YER056C,YOL003C,0,-6.276028,0.13991770148277283,0.7953216433525085,0.4888888895511627
YOR240W,YGR284C,0,-6.2791877,0.139773890376091,0.7953216433525085,0.4894736707210541
YER045C,YGL063W,0,-6.28037,0.13963039219379425,0.7953216433525085,0.4900584816932678
YPL115C,YMR305C,0,-6.281976,0.13948717713356018,0.7953216433525085,0.4906432628631592
YEL065W,YDR365W-B,0,-6.2820745,0.13934426009655,0.7953216433525085,0.4912280738353729
YDL090C,YOR142W-B,0,-6.2820854,0.13920164108276367,0.7953216433525085,0.4918128550052643
YLL012W,YNL054W-A,0,-6.2861476,0.13905930519104004,0.7953216433525085,0.492397665977478
YOR260W,YLR145W,0,-6.286942,0.13891726732254028,0.7953216433525085,0.4929824471473694
YKL150W,YBR002C,0,-6.289533,0.1387755125761032,0.7953216433525085,0.49356725811958313
YPL181W,YHR086W,0,-6.2895875,0.13863404095172882,0.7953216433525085,0.4941520392894745
YPL203W,YNL054W-A,0,-6.290768,0.1384928673505783,0.7953216433525085,0.49473685026168823
YDL140C,YIL147C,0,-6.2926326,0.13835197687149048,0.7953216433525085,0.4953216314315796
YPL145C,YOR192C-B,0,-6.293937,0.13821138441562653,0.7953216433525085,0.49590644240379333
YHR012W,YOR192C-B,0,-6.2940354,0.13807106018066406,0.7953216433525085,0.4964912235736847
YPL115C,YHL036W,0,-6.294238,0.13793103396892548,0.7953216433525085,0.49707603454589844
YCR010C,YAR009C,0,-6.294554,0.13779129087924957,0.7953216433525085,0.4976608157157898
YEL032W,YAR044W,0,-6.2948127,0.13765181601047516,0.7953216433525085,0.49824562668800354
YNL112W,YPL163C,0,-6.2951727,0.13751263916492462,0.7953216433525085,0.4988304078578949
YAL042W,YGR027W-A,0,-6.2959847,0.13737373054027557,0.7953216433525085,0.49941521883010864
YHL038C,YDR285W,0,-6.296603,0.1372351199388504,0.7953216433525085,0.5
YLR221C,YOL103W-B,0,-6.298929,0.13709677755832672,0.7953216433525085,0.5005847811698914
YKL008C,YGR119C,0,-6.2994056,0.13695871829986572,0.7953216433525085,0.5011695623397827
YML124C,YOR192C-B,0,-6.3001485,0.1368209272623062,0.7953216433525085,0.5017544031143188
YKL113C,YKL079W,0,-6.3020887,0.1366834193468094,0.7953216433525085,0.5023391842842102
YMR081C,YER095W,0,-6.302633,0.13654617965221405,0.7953216433525085,0.5029239654541016
YKL085W,YOR327C,0,-6.305341,0.1364092230796814,0.7953216433525085,0.5035087466239929
YBR022W,YGR229C,0,-6.306476,0.13627254962921143,0.7953216433525085,0.504093587398529
YJL081C,YJL183W,0,-6.3067927,0.13613612949848175,0.7953216433525085,0.5046783685684204
YBL102W,YPL138C,0,-6.3080425,0.13600000739097595,0.7953216433525085,0.5052631497383118
YPR046W,YIL056W,0,-6.3132625,0.13586413860321045,0.7953216433525085,0.5058479309082031
YDR192C,YBL058W,0,-6.3141007,0.13572853803634644,0.7953216433525085,0.5064327716827393
YMR068W,YGR143W,0,-6.3156266,0.1355932205915451,0.7953216433525085,0.5070175528526306
YPL221W,YNL153C,1,-6.316517,0.13645417988300323,0.8011695742607117,0.5070175528526306
YGR167W,YJL030W,0,-6.3171434,0.1363184154033661,0.8011695742607117,0.507602334022522
YOR284W,YOL103W-B,0,-6.318112,0.13618290424346924,0.8011695742607117,0.5081871151924133
YNL148C,YJL073W,1,-6.3193154,0.13704071938991547,0.8070175647735596,0.5081871151924133
YPL203W,YLR410W-B,0,-6.3193173,0.1369047611951828,0.8070175647735596,0.5087719559669495
YKR099W,YBL026W,0,-6.319905,0.13676907122135162,0.8070175647735596,0.5093567371368408
YEL015W,YAR003W,0,-6.3200264,0.13663366436958313,0.8070175647735596,0.5099415183067322
YMR246W,YCR058C,0,-6.320386,0.13649851083755493,0.8070175647735596,0.5105262994766235
YLR095C,YGL241W,0,-6.321278,0.13636364042758942,0.8070175647735596,0.5111111402511597
YER072W,YAR009C,0,-6.323039,0.1362290233373642,0.8070175647735596,0.511695921421051
YDR375C,YCR084C,0,-6.3238387,0.13609467446804047,0.8070175647735596,0.5122807025909424
YLR033W,YLR337W,0,-6.3247223,0.13596059381961823,0.8070175647735596,0.5128654837608337
YGL151W,YHR160C,0,-6.326984,0.13582676649093628,0.8070175647735596,0.5134502649307251
YOR112W,YLR410W-B,0,-6.327163,0.13569322228431702,0.8070175647735596,0.5140351057052612
YJL012C-A,YNL160W,0,-6.3278484,0.13555991649627686,0.8070175647735596,0.5146198868751526
YBR159W,YJL030W,0,-6.3279366,0.13542689383029938,0.8070175647735596,0.515204668045044
YGL003C,YPR158C-C,0,-6.3285646,0.1352941244840622,0.8070175647735596,0.5157894492149353
YER061C,YDL006W,0,-6.3294744,0.1351616084575653,0.8070175647735596,0.5163742899894714
YGR200C,YFL036W,0,-6.3306184,0.1350293606519699,0.8070175647735596,0.5169590711593628
YKL048C,YML060W,0,-6.3306756,0.1348973661661148,0.8070175647735596,0.5175438523292542
YPR056W,YOR142W-B,0,-6.333412,0.134765625,0.8070175647735596,0.5181286334991455
YDR039C,YML120C,0,-6.333534,0.13463415205478668,0.8070175647735596,0.5187134742736816
YJR025C,YLR288C,0,-6.3340106,0.13450291752815247,0.8070175647735596,0.519298255443573
YCL027W,YKR087C,0,-6.3348565,0.13437195122241974,0.8070175647735596,0.5198830366134644
YLL061W,YER126C,0,-6.3358684,0.1342412382364273,0.8070175647735596,0.5204678177833557
YML059C,YOR192C-B,0,-6.337559,0.13411079347133636,0.8070175647735596,0.5210526585578918
YOR180C,YDR004W,0,-6.3379703,0.13398058712482452,0.8070175647735596,0.5216374397277832
YML029W,YCL005W-A,0,-6.3397098,0.13385063409805298,0.8070175647735596,0.5222222208976746
YPL069C,YNL118C,0,-6.342377,0.13372093439102173,0.8070175647735596,0.5228070020675659
YOR074C,YOR173W,0,-6.344547,0.13359148800373077,0.8070175647735596,0.5233917832374573
YOR037W,YOR236W,0,-6.345144,0.13346228003501892,0.8070175647735596,0.5239766240119934
YGL033W,YLL012W,0,-6.3457704,0.13333334028720856,0.8070175647735596,0.5245614051818848
YBR233W-A,YGR251W,0,-6.346352,0.1332046389579773,0.8070175647735596,0.5251461863517761
YDR141C,YGR027W-A,0,-6.346638,0.13307617604732513,0.8070175647735596,0.5257309675216675
YMR173W,YLR340W,0,-6.3480034,0.13294798135757446,0.8070175647735596,0.5263158082962036
YPL119C,YLR410W-B,0,-6.351234,0.1328200250864029,0.8070175647735596,0.526900589466095
YBR244W,YGL033W,0,-6.3528953,0.13269230723381042,0.8070175647735596,0.5274853706359863
YJL053W,YOR327C,0,-6.3536987,0.13256484270095825,0.8070175647735596,0.5280701518058777
YNL270C,YPR137W,0,-6.356843,0.13243761658668518,0.8070175647735596,0.5286549925804138
YGL025C,YGL008C,0,-6.3581786,0.1323106437921524,0.8070175647735596,0.5292397737503052
YFL034C-B,YLR079W,0,-6.358611,0.13218390941619873,0.8070175647735596,0.5298245549201965
YNL029C,YJL012C,0,-6.359242,0.13205741345882416,0.8070175647735596,0.5304093360900879
YLL061W,YIR009W,0,-6.362164,0.13193117082118988,0.8070175647735596,0.530994176864624
YDR515W,YBL100W-A,0,-6.363321,0.1318051517009735,0.8070175647735596,0.5315789580345154
YCL016C,YOR127W,0,-6.364144,0.13167938590049744,0.8070175647735596,0.5321637392044067
YPL181W,YPR144C,0,-6.365295,0.13155385851860046,0.8070175647735596,0.5327485203742981
YPR138C,YGL011C,0,-6.3693385,0.1314285695552826,0.8070175647735596,0.5333333611488342
YJR135C,YNL272C,0,-6.3700953,0.13130351901054382,0.8070175647735596,0.5339181423187256
YER119C,YGR027W-A,0,-6.3725324,0.13117870688438416,0.8070175647735596,0.5345029234886169
YIL056W,YPL144W,0,-6.372537,0.1310541331768036,0.8070175647735596,0.5350877046585083
YBR245C,YML034W,0,-6.373354,0.13092979788780212,0.8070175647735596,0.5356724858283997
YLR342W,YGL183C,0,-6.373527,0.13080568611621857,0.8070175647735596,0.5362573266029358
YJL062W,YKL113C,0,-6.374168,0.1306818127632141,0.8070175647735596,0.5368421077728271
YAR033W,YDR065W,0,-6.3747225,0.13055817782878876,0.8070175647735596,0.5374268889427185
YML093W,YDR261C-D,0,-6.3756146,0.1304347813129425,0.8070175647735596,0.5380116701126099
YBL026W,YDL060W,0,-6.377411,0.13031160831451416,0.8070175647735596,0.538596510887146
YPL046C,YDL064W,0,-6.378513,0.13018867373466492,0.8070175647735596,0.5391812920570374
YDR258C,YCR060W,1,-6.381428,0.13100847601890564,0.8128654956817627,0.5391812920570374
YCR010C,YNL236W,0,-6.38186,0.13088512420654297,0.8128654956817627,0.5397660732269287
YKL186C,YFR040W,0,-6.38223,0.1307619959115982,0.8128654956817627,0.5403508543968201
YOL104C,YNR023W,0,-6.3827558,0.13063909113407135,0.8128654956817627,0.5409356951713562
YOL063C,YGR251W,0,-6.3847136,0.1305164247751236,0.8128654956817627,0.5415204763412476
YPL112C,YJL203W,0,-6.385546,0.13039399683475494,0.8128654956817627,0.5421052575111389
YPR019W,YLR276C,0,-6.3904366,0.1302717924118042,0.8128654956817627,0.5426900386810303
YDR255C,YJL035C,0,-6.390457,0.13014981150627136,0.8128654956817627,0.5432748794555664
YJR118C,YBR100W,0,-6.39071,0.13002806901931763,0.8128654956817627,0.5438596606254578
YOL013C,YDR092W,0,-6.3909163,0.1299065351486206,0.8128654956817627,0.5444444417953491
YFL014W,YHR012W,0,-6.3913393,0.12978525459766388,0.8128654956817627,0.5450292229652405
YOR236W,YHR004C,0,-6.3928037,0.12966418266296387,0.8128654956817627,0.5456140637397766
YCR042C,YKL203C,0,-6.3939857,0.12954333424568176,0.8128654956817627,0.546198844909668
YKR026C,YNL129W,0,-6.395226,0.12942272424697876,0.8128654956817627,0.5467836260795593
YJR120W,YMR051C,0,-6.3962245,0.12930232286453247,0.8128654956817627,0.5473684072494507
YOL156W,YBR060C,0,-6.3971725,0.12918215990066528,0.8128654956817627,0.547953188419342
YLR074C,YKL074C,0,-6.399621,0.1290622055530548,0.8128654956817627,0.5485380291938782
YPL270W,YER005W,0,-6.3996263,0.12894248962402344,0.8128654956817627,0.5491228103637695
YFR019W,YIL105C,0,-6.4009213,0.12882298231124878,0.8128654956817627,0.5497075915336609
YGR284C,YBR129C,0,-6.402036,0.12870369851589203,0.8128654956817627,0.5502923727035522
YMR015C,YDR142C,0,-6.406565,0.12858463823795319,0.8128654956817627,0.5508772134780884
YGL020C,YIL115C,0,-6.4070783,0.12846580147743225,0.8128654956817627,0.5514619946479797
YGL044C,YGR251W,0,-6.4071946,0.12834718823432922,0.8128654956817627,0.5520467758178711
YJR105W,YGR229C,0,-6.4089413,0.1282287836074829,0.8128654956817627,0.5526315569877625
YML116W,YLL008W,0,-6.4093313,0.1281106024980545,0.8128654956817627,0.5532163977622986
YDR198C,YDL111C,0,-6.409451,0.1279926300048828,0.8128654956817627,0.5538011789321899
YNL219C,YBR210W,0,-6.411428,0.12787488102912903,0.8128654956817627,0.5543859601020813
YMR199W,YKL119C,0,-6.4130106,0.12775735557079315,0.8128654956817627,0.5549707412719727
YGL180W,YPR133W-A,0,-6.4130774,0.127640038728714,0.8128654956817627,0.5555555820465088
YOR316C,YJL062W,0,-6.4136024,0.12752293050289154,0.8128654956817627,0.5561403632164001
YOR036W,YDR146C,0,-6.4141874,0.127406045794487,0.8128654956817627,0.5567251443862915
YOL002C,YDR311W,0,-6.415881,0.12728938460350037,0.8128654956817627,0.5573099255561829
YLR060W,YDR503C,0,-6.416514,0.12717291712760925,0.8128654956817627,0.557894766330719
YDR214W,YNL148C,1,-6.417137,0.12797075510025024,0.8187134265899658,0.557894766330719
YOR310C,YGR047C,0,-6.420175,0.1278538852930069,0.8187134265899658,0.5584795475006104
YGR060W,YKL060C,0,-6.4201837,0.12773722410202026,0.8187134265899658,0.5590643286705017
YDL188C,YER087C-B,0,-6.421088,0.12762078642845154,0.8187134265899658,0.5596491098403931
YHR170W,YDL111C,0,-6.4217753,0.12750455737113953,0.8187134265899658,0.5602338910102844
YOL009C,YJL186W,0,-6.4234223,0.12738853693008423,0.8187134265899658,0.5608187317848206
YKL007W,YNL023C,0,-6.4242134,0.12727272510528564,0.8187134265899658,0.5614035129547119
YOL010W,YFL036W,0,-6.424379,0.12715713679790497,0.8187134265899658,0.5619882941246033
YDL115C,YDL188C,0,-6.4280515,0.1270417422056198,0.8187134265899658,0.5625730752944946
YEL015W,YGL169W,0,-6.4291506,0.12692657113075256,0.8187134265899658,0.5631579160690308
YPL155C,YDR337W,0,-6.431999,0.12681159377098083,0.8187134265899658,0.5637426972389221
YLR172C,YNL082W,0,-6.4342465,0.12669683992862701,0.8187134265899658,0.5643274784088135
YNL239W,YML120C,0,-6.43516,0.1265822798013687,0.8187134265899658,0.5649122595787048
YOR081C,YHR039C-B,0,-6.4384794,0.12646792829036713,0.8187134265899658,0.565497100353241
YDR337W,YOR208W,0,-6.439197,0.12635378539562225,0.8187134265899658,0.5660818815231323
YPL095C,YIL053W,0,-6.440546,0.1262398511171341,0.8187134265899658,0.5666666626930237
YHR148W,YBL058W,0,-6.4412947,0.12612612545490265,0.8187134265899658,0.567251443862915
YPL069C,YIL076W,0,-6.4415755,0.12601260840892792,0.8187134265899658,0.5678362846374512
YHR148W,YCR012W,0,-6.4443765,0.1258992850780487,0.8187134265899658,0.5684210658073425
YAL029C,YKR055W,0,-6.4475436,0.1257861703634262,0.8187134265899658,0.5690058469772339
YFR053C,YIL147C,0,-6.45048,0.12567324936389923,0.8187134265899658,0.5695906281471252
YLR201C,YPR032W,0,-6.453463,0.12556053698062897,0.8187134265899658,0.5701754093170166
YDR146C,YER072W,0,-6.4535127,0.12544803321361542,0.8187134265899658,0.5707602500915527
YKR052C,YHR012W,0,-6.4553375,0.1253357231616974,0.8187134265899658,0.5713450312614441
YDL029W,YGL194C,0,-6.4557147,0.12522360682487488,0.8187134265899658,0.5719298124313354
YCR048W,YJR027W,0,-6.4586644,0.12511171400547028,0.8187134265899658,0.5725145936012268
YDR174W,YNL273W,0,-6.4590673,0.125,0.8187134265899658,0.5730994343757629
YDL031W,YPR138C,0,-6.462012,0.12488849461078644,0.8187134265899658,0.5736842155456543
YOR341W,YKR001C,0,-6.4622006,0.1247771829366684,0.8187134265899658,0.5742689967155457
YLL042C,YGL191W,0,-6.463953,0.12466607242822647,0.8187134265899658,0.574853777885437
YPR019W,YBR294W,0,-6.464941,0.12455516308546066,0.8187134265899658,0.5754386186599731
YKL048C,YGR059W,0,-6.4654655,0.12444444745779037,0.8187134265899658,0.5760233998298645
YBR159W,YDR328C,0,-6.4670453,0.1243339255452156,0.8187134265899658,0.5766081809997559
YPL256C,YLR381W,0,-6.4711533,0.12422360479831696,0.8187134265899658,0.5771929621696472
YIL159W,YLL012W,0,-6.472779,0.12411347776651382,0.8187134265899658,0.5777778029441833
YIL142W,YHR034C,1,-6.478699,0.12488928437232971,0.8245614171028137,0.5777778029441833
YDR258C,YHR034C,1,-6.47907,0.12566371262073517,0.8304093480110168,0.5777778029441833
YMR184W,YJR002W,0,-6.4791903,0.12555260956287384,0.8304093480110168,0.5783625841140747
YGR264C,YCL060C,0,-6.4794526,0.12544170022010803,0.8304093480110168,0.5789473652839661
YOR328W,YKL119C,0,-6.4799175,0.12533098459243774,0.8304093480110168,0.5795321464538574
YOL088C,YCR060W,1,-6.4813175,0.1261022984981537,0.8362573385238647,0.5795321464538574
YHL019C,YMR299C,0,-6.4824452,0.12599119544029236,0.8362573385238647,0.5801169872283936
YML019W,YBR167C,0,-6.4858155,0.12588028609752655,0.8362573385238647,0.5807017683982849
YBR245C,YJR059W,0,-6.4871182,0.12576957046985626,0.8362573385238647,0.5812865495681763
YDL065C,YJL179W,1,-6.4878387,0.12653778493404388,0.8421052694320679,0.5812865495681763
YDL230W,YPL206C,0,-6.4889226,0.12642669677734375,0.8421052694320679,0.5818713307380676
YIL066C,YPL138C,0,-6.489014,0.12631578743457794,0.8421052694320679,0.582456111907959
YDR335W,YJR141W,0,-6.492261,0.12620508670806885,0.8421052694320679,0.5830409526824951
YDR335W,YOR313C,0,-6.4947467,0.12609456479549408,0.8421052694320679,0.5836257338523865
YNL117W,YNL283C,0,-6.4966226,0.12598425149917603,0.8421052694320679,0.5842105150222778
YFR033C,YKL079W,0,-6.4973016,0.1258741319179535,0.8421052694320679,0.5847952961921692
YJL186W,YHR118C,0,-6.4999356,0.12576419115066528,0.8421052694320679,0.5853801369667053
YNL099C,YMR229C,0,-6.5062885,0.1256544440984726,0.8421052694320679,0.5859649181365967
YGL054C,YLR224W,0,-6.507871,0.12554490566253662,0.8421052694320679,0.586549699306488
YLR135W,YDR369C,0,-6.509332,0.12543554604053497,0.8421052694320679,0.5871344804763794
YDL029W,YHR039C-B,0,-6.5098796,0.12532636523246765,0.8421052694320679,0.5877193212509155
YPR193C,YNL032W,0,-6.5109267,0.12521739304065704,0.8421052694320679,0.5883041024208069
YJR155W,YBR039W,0,-6.511418,0.12510859966278076,0.8421052694320679,0.5888888835906982
YIL036W,YDR130C,0,-6.5125217,0.125,0.8421052694320679,0.5894736647605896
YNL102W,YCR084C,0,-6.514166,0.12489158660173416,0.8421052694320679,0.5900585055351257
YKL113C,YBL050W,0,-6.515186,0.12478335946798325,0.8421052694320679,0.5906432867050171
YJL165C,YML093W,0,-6.5162005,0.12467532604932785,0.8421052694320679,0.5912280678749084
YCR002C,YPL128C,0,-6.51706,0.12456747144460678,0.8421052694320679,0.5918128490447998
YAL056W,YAR044W,0,-6.5181975,0.12445981055498123,0.8421052694320679,0.5923976898193359
YKL185W,YKL040C,0,-6.5182824,0.12435232847929001,0.8421052694320679,0.5929824709892273
YBR037C,YDR523C,0,-6.5190945,0.1242450401186943,0.8421052694320679,0.5935672521591187
YKR052C,YOL003C,0,-6.519326,0.12413793057203293,0.8421052694320679,0.59415203332901
YGL045W,YOL124C,0,-6.5208793,0.12403100728988647,0.8421052694320679,0.5947368144989014
YBL106C,YAL011W,0,-6.526665,0.12392427027225494,0.8421052694320679,0.5953216552734375
YFR028C,YNR067C,0,-6.533179,0.12381771206855774,0.8421052694320679,0.5959064364433289
YJR057W,YJL201W,0,-6.5334735,0.12371134012937546,0.8421052694320679,0.5964912176132202
YLL061W,YGR014W,0,-6.5390067,0.1236051470041275,0.8421052694320679,0.5970759987831116
YML116W,YGL001C,0,-6.5392,0.12349914014339447,0.8421052694320679,0.5976608395576477
YDL019C,YDR244W,0,-6.5398993,0.12339331954717636,0.8421052694320679,0.5982456207275391
YLR285W,YOR036W,0,-6.540725,0.12328767031431198,0.8421052694320679,0.5988304018974304
YGL001C,YJL148W,0,-6.5428786,0.12318220734596252,0.8421052694320679,0.5994151830673218
YOL003C,YOL129W,0,-6.545307,0.1230769231915474,0.8421052694320679,0.6000000238418579
YDR130C,YDR398W,0,-6.5454826,0.12297181785106659,0.8421052694320679,0.6005848050117493
YER016W,YOR081C,0,-6.5465775,0.12286689132452011,0.8421052694320679,0.6011695861816406
YNR056C,YPL096C-A,0,-6.547762,0.12276215106248856,0.8421052694320679,0.601754367351532
YER122C,YHL027W,0,-6.550016,0.12265758216381073,0.8421052694320679,0.6023392081260681
YNR008W,YOL001W,0,-6.551248,0.12255319207906723,0.8421052694320679,0.6029239892959595
YJL186W,YDR281C,0,-6.555883,0.12244898080825806,0.8421052694320679,0.6035087704658508
YNL102W,YKR028W,0,-6.556023,0.12234494835138321,0.8421052694320679,0.6040935516357422
YIL036W,YCR040W,0,-6.5578303,0.12224108725786209,0.8421052694320679,0.6046783328056335
YHR086W,YDR398W,0,-6.5587163,0.1221374049782753,0.8421052694320679,0.6052631735801697
YJL219W,YKL170W,0,-6.559931,0.12203390151262283,0.8421052694320679,0.605847954750061
YDR255C,YNL272C,0,-6.561872,0.1219305694103241,0.8421052694320679,0.6064327359199524
YLL060C,YGR010W,0,-6.564133,0.12182740867137909,0.8421052694320679,0.6070175170898438
YGL032C,YPR193C,0,-6.566703,0.12172442674636841,0.8421052694320679,0.6076023578643799
YFR019W,YBL105C,0,-6.568271,0.12162162363529205,0.8421052694320679,0.6081871390342712
YDL031W,YIL105C,0,-6.5700088,0.12151898443698883,0.8421052694320679,0.6087719202041626
YCR005C,YJR002W,0,-6.5712795,0.12141652405261993,0.8421052694320679,0.609356701374054
YHR123W,YKL214C,0,-6.571711,0.12131423503160477,0.8421052694320679,0.6099415421485901
YMR287C,YNL117W,0,-6.572972,0.12121212482452393,0.8421052694320679,0.6105263233184814
YFL013C,YPR138C,0,-6.573713,0.12111017853021622,0.8421052694320679,0.6111111044883728
YDR141C,YOL143C,0,-6.5745635,0.12100840359926224,0.8421052694320679,0.6116958856582642
YPL119C,YKL220C,0,-6.5765944,0.12090680003166199,0.8421052694320679,0.6122807264328003
YCL060C,YDR142C,0,-6.577016,0.12080536782741547,0.8421052694320679,0.6128655076026917
YNL172W,YHR008C,0,-6.5836883,0.12070410698652267,0.8421052694320679,0.613450288772583
YAR033W,YHR150W,0,-6.5867705,0.12060301750898361,0.8421052694320679,0.6140350699424744
YLR246W,YMR011W,0,-6.5896735,0.12050209194421768,0.8421052694320679,0.6146199107170105
YKL114C,YDL188C,0,-6.5896926,0.12040133774280548,0.8421052694320679,0.6152046918869019
YMR015C,YMR021C,0,-6.5924115,0.12030075490474701,0.8421052694320679,0.6157894730567932
YOL088C,YBL075C,1,-6.597746,0.12103506177663803,0.847953200340271,0.6157894730567932
YHR034C,YCR060W,1,-6.599421,0.12176813930273056,0.8538011908531189,0.6157894730567932
YNL023C,YDR311W,0,-6.599463,0.12166666984558105,0.8538011908531189,0.6163742542266846
YKL185W,YKL214C,0,-6.601371,0.12156536430120468,0.8538011908531189,0.6169590353965759
YNL239W,YBR129C,0,-6.6024404,0.12146422266960144,0.8538011908531189,0.6175438761711121
YPL174C,YHR160C,0,-6.602858,0.12136325985193253,0.8538011908531189,0.6181286573410034
YOL164W,YER122C,0,-6.6031537,0.12126246094703674,0.8538011908531189,0.6187134385108948
YLR342W,YJR110W,0,-6.6118608,0.12116182595491409,0.8538011908531189,0.6192982196807861
YNL112W,YBR043C,0,-6.6119933,0.12106136232614517,0.8538011908531189,0.6198830604553223
YMR246W,YOR145C,0,-6.612889,0.12096106261014938,0.8538011908531189,0.6204678416252136
YHR094C,YOR230W,0,-6.6131425,0.12086092680692673,0.8538011908531189,0.621052622795105
YBL099W,YHL025W,0,-6.613229,0.1207609623670578,0.8538011908531189,0.6216374039649963
YJR090C,YKR087C,0,-6.613431,0.12066115438938141,0.8538011908531189,0.6222222447395325
YGR145W,YJR120W,0,-6.6136937,0.12056151777505875,0.8538011908531189,0.6228070259094238
YEL003W,YDL065C,1,-6.6139674,0.12128712981939316,0.859649121761322,0.6228070259094238
YOL010W,YNL273W,0,-6.6145344,0.12118714302778244,0.859649121761322,0.6233918070793152
YPL275W,YHL027W,0,-6.620111,0.12108731269836426,0.859649121761322,0.6239765882492065
YHR171W,YBR210W,0,-6.6207767,0.1209876537322998,0.859649121761322,0.6245614290237427
YDL115C,YNL244C,0,-6.621088,0.12088815867900848,0.859649121761322,0.625146210193634
YOR028C,YNL133C,0,-6.6211095,0.1207888275384903,0.859649121761322,0.6257309913635254
YER052C,YHR094C,0,-6.6226563,0.12068965286016464,0.859649121761322,0.6263157725334167
YPL208W,YDR255C,0,-6.6230197,0.12059064954519272,0.859649121761322,0.6269006133079529
YGR284C,YOL156W,0,-6.6233087,0.12049180269241333,0.859649121761322,0.6274853944778442
YLR060W,YDR279W,0,-6.6255436,0.12039311975240707,0.859649121761322,0.6280701756477356
YER117W,YML098W,0,-6.629089,0.12029460072517395,0.859649121761322,0.628654956817627
YOR113W,YDL031W,0,-6.629852,0.12019623816013336,0.859649121761322,0.6292397379875183
YKR083C,YNR052C,0,-6.630275,0.1200980395078659,0.859649121761322,0.6298245787620544
YJL076W,YHR027C,0,-6.6336417,0.11999999731779099,0.859649121761322,0.6304093599319458
YLR340W,YGR059W,0,-6.63648,0.1199021190404892,0.859649121761322,0.6309941411018372
YJL184W,YIL109C,0,-6.6366353,0.11980440467596054,0.859649121761322,0.6315789222717285
YNL250W,YFL036W,0,-6.6367273,0.11970683932304382,0.859649121761322,0.6321637630462646
YLR129W,YKL040C,0,-6.6367726,0.11960943788290024,0.859649121761322,0.632748544216156
YOL013C,YNL293W,0,-6.6370997,0.11951219290494919,0.859649121761322,0.6333333253860474
YMR042W,YER056C,0,-6.63726,0.11941511183977127,0.859649121761322,0.6339181065559387
YBR247C,YIL109C,0,-6.638018,0.11931817978620529,0.859649121761322,0.6345029473304749
YJL179W,YHR034C,1,-6.6388974,0.12003244459629059,0.8654970526695251,0.6345029473304749
YJL219W,YPL163C,0,-6.6393466,0.11993516981601715,0.8654970526695251,0.6350877285003662
YOR142W,YGR229C,0,-6.642401,0.11983805894851685,0.8654970526695251,0.6356725096702576
YHR170W,YCL005W-A,0,-6.643994,0.11974109709262848,0.8654970526695251,0.6362572908401489
YKR083C,YNL099C,0,-6.6454487,0.11964429914951324,0.8654970526695251,0.6368421316146851
YLR172C,YPL096C-A,0,-6.6482854,0.11954765766859055,0.8654970526695251,0.6374269127845764
YPL129W,YDR532C,0,-6.6490493,0.11945117264986038,0.8654970526695251,0.6380116939544678
YJR135C,YPR100W,0,-6.649361,0.11935483664274216,0.8654970526695251,0.6385964751243591
YBR195C,YDL230W,0,-6.6494217,0.11925866454839706,0.8654970526695251,0.6391813158988953
YLR450W,YML093W,0,-6.6498704,0.11916264146566391,0.8654970526695251,0.6397660970687866
YPR070W,YOL010W,0,-6.650222,0.11906677484512329,0.8654970526695251,0.640350878238678
YHR011W,YOL010W,0,-6.650487,0.11897106468677521,0.8654970526695251,0.6409356594085693
YPR021C,YKL129C,0,-6.6524453,0.11887550354003906,0.8654970526695251,0.6415204405784607
YDR461W,YDR297W,0,-6.6530833,0.11878009885549545,0.8654970526695251,0.6421052813529968
YIL049W,YDL090C,0,-6.653958,0.11868484318256378,0.8654970526695251,0.6426900625228882
YGL032C,YPR198W,0,-6.655825,0.11858974397182465,0.8654970526695251,0.6432748436927795
YER117W,YBL100W-A,0,-6.6561966,0.11849479377269745,0.8654970526695251,0.6438596248626709
YNL148C,YDL065C,1,-6.657165,0.11919999867677689,0.871345043182373,0.6438596248626709
YPR093C,YGL003C,0,-6.6605115,0.11910471320152283,0.871345043182373,0.644444465637207
YPR104C,YDL014W,0,-6.663285,0.1190095841884613,0.871345043182373,0.6450292468070984
YKL018W,YOR003W,0,-6.6636567,0.11891460418701172,0.871345043182373,0.6456140279769897
YLR135W,YOL020W,0,-6.6646476,0.11881977319717407,0.871345043182373,0.6461988091468811
YKL001C,YDR192C,0,-6.6651692,0.11872509866952896,0.871345043182373,0.6467836499214172
YKL001C,YBR165W,0,-6.669992,0.11863057315349579,0.871345043182373,0.6473684310913086
YLR097C,YKL086W,0,-6.670221,0.11853619664907455,0.871345043182373,0.6479532122612
YBR159W,YML124C,0,-6.670327,0.11844196915626526,0.871345043182373,0.6485379934310913
YLR233C,YJR147W,0,-6.6709094,0.1183478981256485,0.871345043182373,0.6491228342056274
YJR059W,YBR165W,0,-6.671317,0.11825396865606308,0.871345043182373,0.6497076153755188
YFL014W,YKR037C,0,-6.671374,0.1181601881980896,0.871345043182373,0.6502923965454102
YJL071W,YJL012C-A,0,-6.6739516,0.11806656420230865,0.871345043182373,0.6508771777153015
YLR223C,YNL032W,0,-6.674082,0.11797308176755905,0.871345043182373,0.6514619588851929
YOL088C,YJL179W,1,-6.674963,0.11867088824510574,0.8771929740905762,0.6514619588851929
YDR122W,YKL079W,0,-6.6751704,0.11857707798480988,0.8771929740905762,0.652046799659729
YJL060W,YBR186W,0,-6.675351,0.11848340928554535,0.8771929740905762,0.6526315808296204
YJL165C,YPL144W,0,-6.6793237,0.11838989704847336,0.8771929740905762,0.6532163619995117
YDL031W,YDR523C,0,-6.6799855,0.11829652637243271,0.8771929740905762,0.6538011431694031
YHR011W,YDL230W,0,-6.6810493,0.1182033121585846,0.8771929740905762,0.6543859839439392
YNL148C,YIL142W,1,-6.683109,0.11889763921499252,0.8830409646034241,0.6543859839439392
YEL003W,YCR060W,1,-6.686413,0.1195908710360527,0.8888888955116272,0.6543859839439392
YGR167W,YHR012W,0,-6.6866403,0.11949685215950012,0.8888888955116272,0.6549707651138306
YDL008W,YNL027W,0,-6.68738,0.11940298229455948,0.8888888955116272,0.6555555462837219
YMR270C,YHL025W,0,-6.6899586,0.11930926144123077,0.8888888955116272,0.6561403274536133
YMR292W,YER020W,0,-6.6900277,0.11921568959951401,0.8888888955116272,0.6567251682281494
YNL008C,YOR316C,0,-6.691727,0.11912225931882858,0.8888888955116272,0.6573099493980408
YPR001W,YGL094C,0,-6.6953225,0.1190289705991745,0.8888888955116272,0.6578947305679321
YOL077W-A,YCL027W,0,-6.6957345,0.11893583834171295,0.8888888955116272,0.6584795117378235
YMR015C,YDR240C,0,-6.6999574,0.11884284764528275,0.8888888955116272,0.6590643525123596
YBR294W,YDL064W,0,-6.7076616,0.11874999850988388,0.8888888955116272,0.659649133682251
YGR041W,YMR008C,0,-6.7077565,0.11865729838609695,0.8888888955116272,0.6602339148521423
YMR015C,YGR047C,0,-6.7083635,0.11856473982334137,0.8888888955116272,0.6608186960220337
YNR074C,YGL192W,0,-6.711102,0.11847233027219772,0.8888888955116272,0.6614035367965698
YPL271W,YLL018C-A,0,-6.711951,0.11838006228208542,0.8888888955116272,0.6619883179664612
YOL156W,YDR277C,0,-6.715524,0.11828793585300446,0.8888888955116272,0.6625730991363525
YJR025C,YIR028W,0,-6.7179127,0.11819595843553543,0.8888888955116272,0.6631578803062439
YIL124W,YLL012W,0,-6.7185254,0.11810411512851715,0.8888888955116272,0.6637426614761353
YGR059W,YPL203W,0,-6.719771,0.11801242083311081,0.8888888955116272,0.6643275022506714
YGR145W,YGL097W,0,-6.7223296,0.11792086809873581,0.8888888955116272,0.6649122834205627
YNL129W,YDL138W,0,-6.7231464,0.11782945692539215,0.8888888955116272,0.6654970645904541
YOR026W,YKL008C,0,-6.723759,0.11773818731307983,0.8888888955116272,0.6660818457603455
YPL256C,YGR128C,0,-6.7244034,0.11764705926179886,0.8888888955116272,0.6666666865348816
YJL179W,YCR060W,1,-6.7262664,0.11832946538925171,0.8947368264198303,0.6666666865348816
YPL100W,YOL003C,0,-6.7277646,0.11823802441358566,0.8947368264198303,0.667251467704773
YKL043W,YMR129W,0,-6.7278857,0.11814671754837036,0.8947368264198303,0.6678362488746643
YBR186W,YLR126C,0,-6.729441,0.1180555522441864,0.8947368264198303,0.6684210300445557
YHR004C,YGR020C,0,-6.730245,0.11796453595161438,0.8947368264198303,0.6690058708190918
YHR086W,YIL115C,0,-6.731272,0.1178736537694931,0.8947368264198303,0.6695906519889832
YLR383W,YAL011W,0,-6.732053,0.11778291314840317,0.8947368264198303,0.6701754331588745
YHR072W,YPL275W,0,-6.7321115,0.11769230663776398,0.8947368264198303,0.6707602143287659
YDR191W,YOR241W,0,-6.732423,0.11760184168815613,0.8947368264198303,0.671345055103302
YHR024C,YNL273W,0,-6.734781,0.11751151829957962,0.8947368264198303,0.6719298362731934
YMR025W,YGL001C,0,-6.73623,0.11742133647203445,0.8947368264198303,0.6725146174430847
YAL031C,YDL003W,0,-6.739484,0.11733128875494003,0.8947368264198303,0.6730993986129761
YIR021W,YEL060C,0,-6.740019,0.11724138259887695,0.8947368264198303,0.6736842393875122
YNL023C,YMR229C,0,-6.7437162,0.11715161055326462,0.8947368264198303,0.6742690205574036
YCR002C,YHR094C,0,-6.7442584,0.11706197261810303,0.8947368264198303,0.6748538017272949
YKR083C,YDR065W,0,-6.746882,0.11697247624397278,0.8947368264198303,0.6754385828971863
YNL148C,YPL221W,1,-6.7480497,0.11764705926179886,0.9005848169326782,0.6754385828971863
YIR021W,YIL068C,0,-6.749923,0.11755724996328354,0.9005848169326782,0.6760233640670776
YER149C,YLL012W,0,-6.7504582,0.11746758222579956,0.9005848169326782,0.6766082048416138
YDL115C,YKL079W,0,-6.7510533,0.11737804859876633,0.9005848169326782,0.6771929860115051
YNL219C,YCR072C,0,-6.753866,0.11728864908218384,0.9005848169326782,0.6777777671813965
YDR281C,YML092C,0,-6.756083,0.11719939112663269,0.9005848169326782,0.6783625483512878
YIL068C,YOR069W,0,-6.7574115,0.11711026728153229,0.9005848169326782,0.678947389125824
YPL265W,YKR037C,0,-6.7581525,0.11702127754688263,0.9005848169326782,0.6795321702957153
YCR038C,YPL155C,0,-6.7606573,0.11693242192268372,0.9005848169326782,0.6801169514656067
YOR074C,YMR192W,0,-6.7622,0.11684370040893555,0.9005848169326782,0.680701732635498
YLR148W,YDR515W,0,-6.765928,0.11675512045621872,0.9005848169326782,0.6812865734100342
YOL063C,YOR036W,0,-6.7659316,0.11666666716337204,0.9005848169326782,0.6818713545799255
YLL060C,YLR079W,0,-6.7666955,0.1165783479809761,0.9005848169326782,0.6824561357498169
YGL142C,YGR101W,0,-6.769609,0.11649016290903091,0.9005848169326782,0.6830409169197083
YNR044W,YDL140C,0,-6.770422,0.11640211939811707,0.9005848169326782,0.6836257576942444
YLR186W,YPL006W,0,-6.771107,0.11631420254707336,0.9005848169326782,0.6842105388641357
YPR070W,YNL036W,0,-6.7718887,0.11622641235589981,0.9005848169326782,0.6847953200340271
YPR200C,YOL051W,0,-6.772693,0.1161387637257576,0.9005848169326782,0.6853801012039185
YNL236W,YPR182W,0,-6.7727065,0.11605124175548553,0.9005848169326782,0.6859649419784546
YGL219C,YER009W,0,-6.773407,0.11596385389566422,0.9005848169326782,0.686549723148346
YPL098C,YDR281C,0,-6.7747645,0.11587660014629364,0.9005848169326782,0.6871345043182373
YBR059C,YPL119C,0,-6.777021,0.11578947305679321,0.9005848169326782,0.6877192854881287
YMR229C,YOL124C,0,-6.7776775,0.11570248007774353,0.9005848169326782,0.68830406665802
YPL255W,YIL049W,0,-6.7803946,0.115615613758564,0.9005848169326782,0.6888889074325562
YFL013C,YHR079C,0,-6.78459,0.1155288815498352,0.9005848169326782,0.6894736886024475
YPL095C,YFL034C-B,0,-6.7863355,0.11544227600097656,0.9005848169326782,0.6900584697723389
YEL032W,YIL115C,0,-6.7896347,0.11535580456256866,0.9005848169326782,0.6906432509422302
YJL173C,YKR053C,0,-6.7905364,0.11526945978403091,0.9005848169326782,0.6912280917167664
YEL009C,YPL175W,0,-6.7918363,0.11518324911594391,0.9005848169326782,0.6918128728866577
YMR319C,YJL187C,0,-6.7924247,0.11509715765714645,0.9005848169326782,0.6923976540565491
YLR223C,YPL002C,0,-6.792594,0.11501120030879974,0.9005848169326782,0.6929824352264404
YML113W,YML069W,0,-6.794036,0.11492536962032318,0.9005848169326782,0.6935672760009766
YJL165C,YHR120W,0,-6.794123,0.11483967304229736,0.9005848169326782,0.6941520571708679
YGR280C,YPL122C,0,-6.796245,0.1147540956735611,0.9005848169326782,0.6947368383407593
YJL006C,YLR246W,0,-6.7968907,0.11466865241527557,0.9005848169326782,0.6953216195106506
YOR243C,YHR012W,0,-6.798158,0.1145833358168602,0.9005848169326782,0.6959064602851868
YBL085W,YOR260W,0,-6.8011236,0.11449813842773438,0.9005848169326782,0.6964912414550781
YKL185W,YOR208W,0,-6.8029895,0.1144130751490593,0.9005848169326782,0.6970760226249695
YNL293W,YNL244C,0,-6.803714,0.11432813853025436,0.9005848169326782,0.6976608037948608
YBL085W,YJL129C,0,-6.807283,0.11424332112073898,0.9005848169326782,0.6982455849647522
YPL095C,YPL133C,0,-6.811797,0.11415863782167435,0.9005848169326782,0.6988304257392883
YHR191C,YDR472W,0,-6.812675,0.11407407373189926,0.9005848169326782,0.6994152069091797
YPL200W,YKL018W,0,-6.8140087,0.11398963630199432,0.9005848169326782,0.699999988079071
YOR173W,YML092C,0,-6.816578,0.11390532553195953,0.9005848169326782,0.7005847692489624
YKL113C,YOR230W,0,-6.8170547,0.11382114142179489,0.9005848169326782,0.7011696100234985
YML113W,YBR037C,0,-6.817208,0.1137370765209198,0.9005848169326782,0.7017543911933899
YMR042W,YLL008W,0,-6.8227515,0.11365313827991486,0.9005848169326782,0.7023391723632812
YLR074C,YMR292W,0,-6.8227997,0.11356931924819946,0.9005848169326782,0.7029239535331726
YER061C,YJL062W,0,-6.823093,0.11348562687635422,0.9005848169326782,0.7035087943077087
YDL085W,YLR350W,0,-6.825409,0.11340206116437912,0.9005848169326782,0.7040935754776001
YLL009C,YGR086C,0,-6.82684,0.11331861466169357,0.9005848169326782,0.7046783566474915
YBR168W,YHR111W,0,-6.828055,0.11323529481887817,0.9005848169326782,0.7052631378173828
YNR002C,YOL005C,0,-6.829394,0.11315209418535233,0.9005848169326782,0.705847978591919
YML113W,YGL054C,0,-6.8392153,0.11306901276111603,0.9005848169326782,0.7064327597618103
YOL063C,YKR062W,0,-6.8396344,0.11298605799674988,0.9005848169326782,0.7070175409317017
YOR180C,YER019W,0,-6.8456364,0.11290322244167328,0.9005848169326782,0.707602322101593
YHR150W,YKL042W,0,-6.84573,0.11282051354646683,0.9005848169326782,0.7081871628761292
YOL002C,YGR101W,0,-6.8473797,0.11273792386054993,0.9005848169326782,0.7087719440460205
YJR060W,YOL063C,0,-6.8477216,0.11265545338392258,0.9005848169326782,0.7093567252159119
YNL291C,YKL119C,0,-6.849339,0.11257310211658478,0.9005848169326782,0.7099415063858032
YBR155W,YDL065C,1,-6.850329,0.11322133243083954,0.9064327478408813,0.7099415063858032
YOR241W,YNL061W,0,-6.8537335,0.11313868314027786,0.9064327478408813,0.7105262875556946
YEL003W,YBL075C,1,-6.8597946,0.11378555744886398,0.9122806787490845,0.7105262875556946
YPL048W,YJR119C,0,-6.860562,0.11370262503623962,0.9122806787490845,0.7111111283302307
YLR285W,YOR243C,0,-6.860657,0.11361981183290482,0.9122806787490845,0.7116959095001221
YIL033C,YOR328W,0,-6.8622785,0.11353711783885956,0.9122806787490845,0.7122806906700134
YNL231C,YML015C,0,-6.863021,0.11345454305410385,0.9122806787490845,0.7128654718399048
YBL097W,YDR244W,0,-6.86346,0.11337209492921829,0.9122806787490845,0.7134503126144409
YDR335W,YCL005W-A,0,-6.8650527,0.11328975856304169,0.9122806787490845,0.7140350937843323
YLR095C,YPR070W,0,-6.8724747,0.11320754885673523,0.9122806787490845,0.7146198749542236
YPR021C,YJL062W,0,-6.873408,0.11312545090913773,0.9122806787490845,0.715204656124115
YER014C-A,YDR060W,0,-6.8736196,0.11304347962141037,0.9122806787490845,0.7157894968986511
YDR141C,YNL139C,0,-6.8740115,0.11296162009239197,0.9122806787490845,0.7163742780685425
YER009W,YOR208W,0,-6.874185,0.11287988722324371,0.9122806787490845,0.7169590592384338
YHR123W,YBR092C,0,-6.8756137,0.11279826611280441,0.9122806787490845,0.7175438404083252
YOR074C,YOL020W,0,-6.876814,0.11271676421165466,0.9122806787490845,0.7181286811828613
YPL002C,YBR097W,0,-6.8773184,0.11263538151979446,0.9122806787490845,0.7187134623527527
YGL073W,YJL124C,0,-6.878039,0.11255411058664322,0.9122806787490845,0.719298243522644
YIR021W,YOR069W,0,-6.8781896,0.11247296631336212,0.9122806787490845,0.7198830246925354
YER016W,YDL098C,0,-6.8807325,0.11239193379878998,0.9122806787490845,0.7204678654670715
YCL011C,YKL166C,0,-6.8859773,0.11231101304292679,0.9122806787490845,0.7210526466369629
YOR173W,YPL042C,0,-6.8860183,0.11223021894693375,0.9122806787490845,0.7216374278068542
YHR072W,YPL012W,0,-6.887056,0.11214952915906906,0.9122806787490845,0.7222222089767456
YKR052C,YJL053W,0,-6.888554,0.11206896603107452,0.9122806787490845,0.722806990146637
YHR171W,YKR099W,0,-6.8904533,0.11198851466178894,0.9122806787490845,0.7233918309211731
YPL174C,YGR159C,0,-6.893181,0.11190817505121231,0.9122806787490845,0.7239766120910645
YGR159C,YBR165W,0,-6.893475,0.11182795464992523,0.9122806787490845,0.7245613932609558
YEL065W,YLR043C,0,-6.893543,0.1117478534579277,0.9122806787490845,0.7251461744308472
YGL216W,YGR241C,0,-6.8943114,0.11166785657405853,0.9122806787490845,0.7257310152053833
YJL060W,YHR114W,0,-6.8988013,0.11158798635005951,0.9122806787490845,0.7263157963752747
YLL041C,YPL206C,0,-6.901399,0.11150822043418884,0.9122806787490845,0.726900577545166
YMR287C,YDL003W,0,-6.905598,0.11142857372760773,0.9122806787490845,0.7274853587150574
YDR141C,YMR290C,0,-6.9078517,0.11134903877973557,0.9122806787490845,0.7280701994895935
YIL040W,YNL326C,0,-6.91272,0.11126961559057236,0.9122806787490845,0.7286549806594849
YHL019C,YBL099W,0,-6.917029,0.1111903041601181,0.9122806787490845,0.7292397618293762
YNL219C,YGR060W,0,-6.91991,0.1111111119389534,0.9122806787490845,0.7298245429992676
YHL047C,YNL129W,0,-6.9225097,0.11103203147649765,0.9122806787490845,0.7304093837738037
YLR201C,YPR104C,0,-6.922812,0.11095305532217026,0.9122806787490845,0.7309941649436951
YGL025C,YLR376C,0,-6.926845,0.11087419837713242,0.9122806787490845,0.7315789461135864
YER146W,YJL187C,0,-6.9285846,0.11079545319080353,0.9122806787490845,0.7321637272834778
YBL079W,YKR062W,0,-6.9339952,0.1107168197631836,0.9122806787490845,0.7327485084533691
YNL328C,YDR532C,0,-6.9350624,0.11063829809427261,0.9122806787490845,0.7333333492279053
YGR010W,YNL272C,0,-6.9352984,0.11055988818407059,0.9122806787490845,0.7339181303977966
YMR015C,YMR246W,0,-6.938971,0.11048159003257751,0.9122806787490845,0.734502911567688
YDR122W,YER009W,0,-6.9426026,0.1104033961892128,0.9122806787490845,0.7350876927375793
YOR033C,YMR129W,0,-6.944461,0.11032532155513763,0.9122806787490845,0.7356725335121155
YOR313C,YOR129C,0,-6.9471946,0.11024735122919083,0.9122806787490845,0.7362573146820068
YGR041W,YDR337W,0,-6.95194,0.11016949266195297,0.9122806787490845,0.7368420958518982
YPL256C,YPL265W,0,-6.952503,0.11009174585342407,0.9122806787490845,0.7374268770217896
YJL076W,YDR240C,0,-6.9535856,0.11001410335302353,0.9122806787490845,0.7380117177963257
YGL021W,YKR062W,0,-6.9549804,0.10993657261133194,0.9122806787490845,0.738596498966217
YKR083C,YJL129C,0,-6.9561195,0.1098591536283493,0.9122806787490845,0.7391812801361084
YPL049C,YKL214C,0,-6.9577107,0.10978184640407562,0.9122806787490845,0.7397660613059998
YPL221W,YHR034C,1,-6.9580803,0.11040787398815155,0.9181286692619324,0.7397660613059998
YIL122W,YGL246C,0,-6.958386,0.11033029109239578,0.9181286692619324,0.7403509020805359
YER109C,YMR311C,0,-6.9588223,0.11025281250476837,0.9181286692619324,0.7409356832504272
YGL054C,YDL030W,0,-6.959393,0.11017543822526932,0.9181286692619324,0.7415204644203186
YML065W,YKL025C,0,-6.959452,0.11009817570447922,0.9181286692619324,0.74210524559021
YDR142C,YKL042W,0,-6.960027,0.11002102494239807,0.9181286692619324,0.7426900863647461
YBR168W,YPL192C,0,-6.962605,0.10994397848844528,0.9181286692619324,0.7432748675346375
YER168C,YML007W,0,-6.964052,0.10986703634262085,0.9181286692619324,0.7438596487045288
YLR288C,YJR156C,0,-6.965076,0.10979021340608597,0.9181286692619324,0.7444444298744202
YMR048W,YDL090C,0,-6.9660196,0.10971348732709885,0.9181286692619324,0.7450292110443115
YOR236W,YDL085W,0,-6.9685283,0.10963687300682068,0.9181286692619324,0.7456140518188477
YDR335W,YJL121C,0,-6.9689116,0.10956036299467087,0.9181286692619324,0.746198832988739
YJL062W,YHR119W,0,-6.969876,0.10948395729064941,0.9181286692619324,0.7467836141586304
YJR059W,YOR054C,0,-6.970443,0.10940766334533691,0.9181286692619324,0.7473683953285217
YPL069C,YLR328W,0,-6.971455,0.10933147370815277,0.9181286692619324,0.7479532361030579
YKL007W,YAL051W,0,-6.97409,0.10925539582967758,0.9181286692619324,0.7485380172729492
YDR524C,YPL069C,0,-6.978665,0.10917941480875015,0.9181286692619324,0.7491227984428406
YJL060W,YHL036W,0,-6.982054,0.10910354554653168,0.9181286692619324,0.7497075796127319
YGL180W,YKL203C,0,-6.9830203,0.10902778059244156,0.9181286692619324,0.7502924203872681
YPL046C,YML121W,0,-6.984868,0.1089521199464798,0.9181286692619324,0.7508772015571594
YCR038C,YDR039C,0,-6.9851646,0.10887656360864639,0.9181286692619324,0.7514619827270508
YDR122W,YJL198W,0,-6.986097,0.10880111157894135,0.9181286692619324,0.7520467638969421
YAL042W,YHR148W,0,-6.98873,0.10872576385736465,0.9181286692619324,0.7526316046714783
YLR320W,YOL143C,0,-6.9925194,0.10865052044391632,0.9181286692619324,0.7532163858413696
YMR133W,YLR130C,0,-6.99462,0.10857538133859634,0.9181286692619324,0.753801167011261
YPL048W,YGR004W,0,-6.995114,0.10850034654140472,0.9181286692619324,0.7543859481811523
YER146W,YGL013C,0,-7.0053234,0.10842541605234146,0.9181286692619324,0.7549707889556885
YDR004W,YJR141W,0,-7.005897,0.10835058987140656,0.9181286692619324,0.7555555701255798
YMR048W,YDR276C,0,-7.009554,0.10827586054801941,0.9181286692619324,0.7561403512954712
YBR065C,YPL188W,0,-7.014835,0.10820124298334122,0.9181286692619324,0.7567251324653625
YAL024C,YCL033C,0,-7.015782,0.10812672227621078,0.9181286692619324,0.7573099136352539
YPL095C,YOL001W,0,-7.018886,0.10805230587720871,0.9181286692619324,0.75789475440979
YDR437W,YOR014W,0,-7.019563,0.10797799378633499,0.9181286692619324,0.7584795355796814
YLR096W,YNR023W,0,-7.0201626,0.10790377855300903,0.9181286692619324,0.7590643167495728
YGR159C,YBL079W,0,-7.0231385,0.10782966762781143,0.9181286692619324,0.7596490979194641
YOR153W,YKL014C,0,-7.024574,0.10775566101074219,0.9181286692619324,0.7602339386940002
YPR093C,YGR082W,0,-7.027409,0.1076817587018013,0.9181286692619324,0.7608187198638916
YER061C,YER117W,0,-7.028148,0.10760795325040817,0.9181286692619324,0.761403501033783
YLL060C,YER146W,0,-7.0289235,0.1075342446565628,0.9181286692619324,0.7619882822036743
YBR155W,YDR258C,1,-7.0297713,0.1081451028585434,0.9239766001701355,0.7619882822036743
YPR138C,YGR159C,0,-7.032142,0.10807113349437714,0.9239766001701355,0.7625731229782104
YOL126C,YJR141W,0,-7.032848,0.10799726843833923,0.9239766001701355,0.7631579041481018
YPR001W,YKL042W,0,-7.034611,0.10792350023984909,0.9239766001701355,0.7637426853179932
YJL071W,YER119C,0,-7.036317,0.10784982889890671,0.9239766001701355,0.7643274664878845
YPR112C,YLR126C,0,-7.038057,0.10777626186609268,0.9239766001701355,0.7649123072624207
YAL024C,YGL048C,0,-7.038447,0.10770279169082642,0.9239766001701355,0.765497088432312
YGR264C,YBR043C,0,-7.040649,0.10762942582368851,0.9239766001701355,0.7660818696022034
YHR129C,YHR086W,0,-7.0414476,0.10755616426467896,0.9239766001701355,0.7666666507720947
YBR233W-A,YPL124W,0,-7.041966,0.10748299211263657,0.9239766001701355,0.7672514915466309
YLR401C,YHR079C,0,-7.042422,0.10740992426872253,0.9239766001701355,0.7678362727165222
YGR041W,YAL031C,0,-7.0494237,0.10733695328235626,0.9239766001701355,0.7684210538864136
YNL117W,YML019W,0,-7.0522,0.10726408660411835,0.9239766001701355,0.7690058350563049
YNL219C,YBL105C,0,-7.0543013,0.10719131678342819,0.9239766001701355,0.7695906162261963
YOL013C,YJR035W,0,-7.0612445,0.1071186438202858,0.9239766001701355,0.7701754570007324
YJR013W,YDR293C,0,-7.0640187,0.10704606771469116,0.9239766001701355,0.7707602381706238
YOL013C,YJL187C,0,-7.0649376,0.10697359591722488,0.9239766001701355,0.7713450193405151
YNL023C,YKL008C,0,-7.068398,0.10690122097730637,0.9239766001701355,0.7719298005104065
YJR089W,YGL113W,0,-7.069943,0.10682893544435501,0.9239766001701355,0.7725146412849426
YHL027W,YKL214C,0,-7.071195,0.10675675421953201,0.9239766001701355,0.773099422454834
YGR014W,YOR340C,0,-7.0735598,0.10668466985225677,0.9239766001701355,0.7736842036247253
YKR097W,YDL039C,0,-7.0749927,0.1066126823425293,0.9239766001701355,0.7742689847946167
YLR006C,YDR532C,0,-7.077888,0.10654079914093018,0.9239766001701355,0.7748538255691528
YBR065C,YBL057C,0,-7.0783257,0.10646900534629822,0.9239766001701355,0.7754386067390442
YGR014W,YLR350W,0,-7.0801454,0.10639730840921402,0.9239766001701355,0.7760233879089355
YDL003W,YLR130C,0,-7.088801,0.10632570832967758,0.9239766001701355,0.7766081690788269
YGR086C,YPL138C,0,-7.08901,0.1062542051076889,0.9239766001701355,0.777193009853363
YLR166C,YNL244C,0,-7.08943,0.10618279874324799,0.9239766001701355,0.7777777910232544
YOR113W,YJL124C,0,-7.0901523,0.10611148178577423,0.9239766001701355,0.7783625721931458
YLR096W,YEL065W,0,-7.0971293,0.10604026913642883,0.9239766001701355,0.7789473533630371
YKL041W,YJL059W,0,-7.0992084,0.1059691458940506,0.9239766001701355,0.7795321345329285
YOR250C,YNR023W,0,-7.1070347,0.10589812695980072,0.9239766001701355,0.7801169753074646
YOR266W,YDR498C,0,-7.1086903,0.10582718998193741,0.9239766001701355,0.780701756477356
YOR209C,YHR160C,0,-7.1089272,0.10575635731220245,0.9239766001701355,0.7812865376472473
YDL030W,YGL095C,0,-7.110709,0.10568562150001526,0.9239766001701355,0.7818713188171387
YLR238W,YDR195W,0,-7.111394,0.10561497509479523,0.9239766001701355,0.7824561595916748
YPR193C,YKL014C,0,-7.1123896,0.10554442554712296,0.9239766001701355,0.7830409407615662
YNR074C,YDR503C,0,-7.1136427,0.10547396540641785,0.9239766001701355,0.7836257219314575
YMR184W,YER020W,0,-7.1144943,0.1054036021232605,0.9239766001701355,0.7842105031013489
YNR002C,YOL104C,0,-7.1153626,0.10533333569765091,0.9239766001701355,0.784795343875885
YFR031C,YDL159W,0,-7.1153955,0.10526315867900848,0.9239766001701355,0.7853801250457764
YJL203W,YOR159C,0,-7.1155734,0.10519307851791382,0.9239766001701355,0.7859649062156677
YGL020C,YOR284W,0,-7.1174417,0.10512308776378632,0.9239766001701355,0.7865496873855591
YJR160C,YGR004W,0,-7.1200285,0.10505319386720657,0.9239766001701355,0.7871345281600952
YPR010C,YNL283C,0,-7.1213536,0.104983389377594,0.9239766001701355,0.7877193093299866
YMR202W,YEL009C,0,-7.1232505,0.10491368174552917,0.9239766001701355,0.7883040904998779
YIL026C,YLR288C,0,-7.1250906,0.10484406352043152,0.9239766001701355,0.7888888716697693
YKL001C,YDR028C,0,-7.1253757,0.10477453470230103,0.9239766001701355,0.7894737124443054
YGR200C,YGR143W,0,-7.1261744,0.10470510274171829,0.9239766001701355,0.7900584936141968
YGR081C,YCL005W-A,0,-7.1272306,0.10463576018810272,0.9239766001701355,0.7906432747840881
YNL133C,YDR477W,0,-7.1318636,0.10456651449203491,0.9239766001701355,0.7912280559539795
YDL031W,YOR003W,0,-7.1363244,0.10449735820293427,0.9239766001701355,0.7918128371238708
YDR122W,YPL002C,0,-7.1376166,0.10442829132080078,0.9239766001701355,0.792397677898407
YLR095C,YGL169W,0,-7.1402426,0.10435931384563446,0.9239766001701355,0.7929824590682983
YJL183W,YLL012W,0,-7.1402497,0.1042904257774353,0.9239766001701355,0.7935672402381897
YHR191C,YIL115C,0,-7.1426964,0.1042216345667839,0.9239766001701355,0.794152021408081
YBR059C,YOR213C,0,-7.14901,0.10415293276309967,0.9239766001701355,0.7947368621826172
YPL138C,YGR185C,0,-7.157498,0.1040843203663826,0.9239766001701355,0.7953216433525085
YIL159W,YPL006W,0,-7.168164,0.10401579737663269,0.9239766001701355,0.7959064245223999
YLR233C,YEL065W,0,-7.16954,0.10394737124443054,0.9239766001701355,0.7964912056922913
YIL070C,YGL104C,0,-7.180182,0.10387902706861496,0.9239766001701355,0.7970760464668274
YGR200C,YOR033C,0,-7.1810527,0.10381077229976654,0.9239766001701355,0.7976608276367188
YNR044W,YHR019C,0,-7.182403,0.10374261438846588,0.9239766001701355,0.7982456088066101
YHR016C,YGL249W,0,-7.190799,0.10367453843355179,0.9239766001701355,0.7988303899765015
YNL293W,YMR060C,0,-7.192613,0.10360655933618546,0.9239766001701355,0.7994152307510376
YMR168C,YHL036W,0,-7.1928,0.10353866219520569,0.9239766001701355,0.800000011920929
YJL071W,YBR228W,0,-7.192903,0.10347085446119308,0.9239766001701355,0.8005847930908203
YHR027C,YAL011W,0,-7.195904,0.10340314358472824,0.9239766001701355,0.8011695742607117
YLL009C,YOL009C,0,-7.1971083,0.10333551466464996,0.9239766001701355,0.8017544150352478
YLR097C,YAL029C,0,-7.1981072,0.10326797515153885,0.9239766001701355,0.8023391962051392
YNL172W,YMR202W,0,-7.1981263,0.1032005250453949,0.9239766001701355,0.8029239773750305
YMR008C,YGR094W,0,-7.200193,0.10313315689563751,0.9239766001701355,0.8035087585449219
YBL097W,YKR063C,0,-7.20137,0.10306588560342789,0.9239766001701355,0.8040935397148132
YDL154W,YKR081C,0,-7.2020555,0.10299869626760483,0.9239766001701355,0.8046783804893494
YGL008C,YGL063W,0,-7.2021527,0.10293159633874893,0.9239766001701355,0.8052631616592407
YPL125W,YLR033W,0,-7.204185,0.1028645858168602,0.9239766001701355,0.8058479428291321
YDL024C,YOR209C,0,-7.2074966,0.10279765725135803,0.9239766001701355,0.8064327239990234
YDR331W,YHR079C,0,-7.209416,0.10273081809282303,0.9239766001701355,0.8070175647735596
YLR246W,YPR193C,0,-7.2110143,0.10266406834125519,0.9239766001701355,0.8076023459434509
YIL036W,YML065W,0,-7.2111053,0.10259740054607391,0.9239766001701355,0.8081871271133423
YCR005C,YER056C,0,-7.213225,0.1025308221578598,0.9239766001701355,0.8087719082832336
YPR070W,YDR281C,0,-7.213312,0.10246433317661285,0.9239766001701355,0.8093567490577698
YJL129C,YKL041W,0,-7.2146096,0.10239792615175247,0.9239766001701355,0.8099415302276611
YBR085W,YOR159C,0,-7.216742,0.10233160853385925,0.9239766001701355,0.8105263113975525
YOR026W,YDL188C,0,-7.2229857,0.1022653728723526,0.9239766001701355,0.8111110925674438
YKR097W,YBL004W,0,-7.230649,0.10219922661781311,0.9239766001701355,0.81169593334198
YPL095C,YKL014C,0,-7.23212,0.10213316231966019,0.9239766001701355,0.8122807145118713
YNL110C,YKR028W,0,-7.238148,0.10206717997789383,0.9239766001701355,0.8128654956817627
YBR092C,YNL272C,0,-7.240681,0.10200129449367523,0.9239766001701355,0.813450276851654
YML067C,YAR003W,0,-7.242148,0.1019354835152626,0.9239766001701355,0.8140350580215454
YER168C,YDL055C,0,-7.2520213,0.10186976194381714,0.9239766001701355,0.8146198987960815
YOR037W,YDL230W,0,-7.254785,0.10180412232875824,0.9239766001701355,0.8152046799659729
YEL003W,YHR034C,1,-7.2618184,0.10238248854875565,0.9298245906829834,0.8152046799659729
YKL129C,YBR168W,0,-7.2622867,0.10231660306453705,0.9298245906829834,0.8157894611358643
YPL242C,YLR285W,0,-7.262852,0.10225080698728561,0.9298245906829834,0.8163742423057556
YKL002W,YGR200C,0,-7.2698298,0.10218509286642075,0.9298245906829834,0.8169590830802917
YHR160C,YLR043C,0,-7.270165,0.10211946070194244,0.9298245906829834,0.8175438642501831
YPR009W,YCL033C,0,-7.270337,0.1020539179444313,0.9298245906829834,0.8181286454200745
YMR038C,YHR079C,0,-7.270351,0.10198845714330673,0.9298245906829834,0.8187134265899658
YDR021W,YBR228W,0,-7.272718,0.10192307829856873,0.9298245906829834,0.819298267364502
YGR101W,YHR139C,0,-7.275187,0.10185778141021729,0.9298245906829834,0.8198830485343933
YHR086W,YIL147C,0,-7.277805,0.10179257392883301,0.9298245906829834,0.8204678297042847
YGL094C,YDR285W,0,-7.278975,0.1017274484038353,0.9298245906829834,0.821052610874176
YKR083C,YPR193C,0,-7.2800035,0.10166240483522415,0.9298245906829834,0.8216374516487122
YDL005C,YHR111W,0,-7.2868714,0.10159744322299957,0.9298245906829834,0.8222222328186035
YER016W,YHR011W,0,-7.288119,0.10153256356716156,0.9298245906829834,0.8228070139884949
YJL035C,YHR016C,0,-7.289019,0.10146777331829071,0.9298245906829834,0.8233917951583862
YGL063W,YKL041W,0,-7.2895274,0.10140305757522583,0.9298245906829834,0.8239766359329224
YGL222C,YHR027C,0,-7.2940607,0.10133843123912811,0.9298245906829834,0.8245614171028137
YCR038C,YDR503C,0,-7.294815,0.10127388685941696,0.9298245906829834,0.8251461982727051
YMR287C,YJL128C,0,-7.2961516,0.10120942443609238,0.9298245906829834,0.8257309794425964
YDR113C,YNL236W,0,-7.2975454,0.10114503651857376,0.9298245906829834,0.8263157606124878
YOR179C,YJL129C,0,-7.302774,0.10108073800802231,0.9298245906829834,0.8269006013870239
YGL090W,YNL328C,0,-7.304875,0.10101652145385742,0.9298245906829834,0.8274853825569153
YIL066C,YPR095C,0,-7.3080716,0.1009523794054985,0.9298245906829834,0.8280701637268066
YKL093W,YBR186W,0,-7.3142295,0.10088832676410675,0.9298245906829834,0.828654944896698
YIL053W,YDR255C,0,-7.315307,0.10082434862852097,0.9298245906829834,0.8292397856712341
YMR290C,YOR153W,0,-7.31533,0.10076045989990234,0.9298245906829834,0.8298245668411255
YDR512C,YKL086W,0,-7.31791,0.10069664567708969,0.9298245906829834,0.8304093480110168
YPL006W,YNL283C,0,-7.319336,0.1006329134106636,0.9298245906829834,0.8309941291809082
YNL148C,YHR034C,1,-7.3210654,0.10120177268981934,0.9356725215911865,0.8309941291809082
YPL100W,YMR229C,0,-7.321813,0.10113780200481415,0.9356725215911865,0.8315789699554443
YAL059W,YDR122W,0,-7.323808,0.10107391327619553,0.9356725215911865,0.8321637511253357
YPR112C,YNL236W,0,-7.326331,0.10101009905338287,0.9356725215911865,0.832748532295227
YKL007W,YGR047C,0,-7.3301177,0.10094637423753738,0.9356725215911865,0.8333333134651184
YPL200W,YBR065C,0,-7.3313327,0.10088272392749786,0.9356725215911865,0.8339181542396545
YKR099W,YJL062W,0,-7.335563,0.10081915557384491,0.9356725215911865,0.8345029354095459
YIL159W,YDL236W,0,-7.336568,0.10075566917657852,0.9356725215911865,0.8350877165794373
YKL074C,YPL138C,0,-7.3387647,0.1006922572851181,0.9356725215911865,0.8356724977493286
YNL142W,YNL250W,0,-7.338886,0.10062892735004425,0.9356725215911865,0.8362573385238647
YJR090C,YLR084C,0,-7.339412,0.10056567937135696,0.9356725215911865,0.8368421196937561
YDR122W,YDR030C,0,-7.3444214,0.10050251334905624,0.9356725215911865,0.8374269008636475
YMR168C,YEL015W,0,-7.346044,0.10043942183256149,0.9356725215911865,0.8380116820335388
YHR086W,YJR141W,0,-7.3462486,0.10037641227245331,0.9356725215911865,0.8385964632034302
YNL153C,YCR060W,1,-7.3513913,0.10094043612480164,0.9415204524993896,0.8385964632034302
YNL244C,YJR110W,0,-7.353232,0.10087719559669495,0.9415204524993896,0.8391813039779663
YDR039C,YLL041C,0,-7.353978,0.10081402957439423,0.9415204524993896,0.8397660851478577
YJR013W,YHR197W,0,-7.36206,0.10075093805789948,0.9415204524993896,0.840350866317749
YHR160C,YNL317W,0,-7.368233,0.10068792849779129,0.9415204524993896,0.8409356474876404
YMR168C,YDR192C,0,-7.3709955,0.10062500089406967,0.9415204524993896,0.8415204882621765
YBR155W,YOL088C,1,-7.382156,0.10118675976991653,0.9473684430122375,0.8415204882621765
YOR241W,YIL066C,0,-7.3825984,0.10112359374761581,0.9473684430122375,0.8421052694320679
YLR276C,YPL110C,0,-7.382936,0.10106050968170166,0.9473684430122375,0.8426900506019592
YGL113W,YPL144W,0,-7.3876796,0.10099750757217407,0.9473684430122375,0.8432748317718506
YJR090C,YJR042W,0,-7.3882957,0.10093457996845245,0.9473684430122375,0.8438596725463867
YOR180C,YBR142W,0,-7.3916206,0.1008717343211174,0.9473684430122375,0.8444444537162781
YER014C-A,YMR125W,0,-7.39817,0.10080896317958832,0.9473684430122375,0.8450292348861694
YHR171W,YCR040W,0,-7.4000125,0.1007462665438652,0.9473684430122375,0.8456140160560608
YJL053W,YGR128C,0,-7.408732,0.10068365186452866,0.9473684430122375,0.8461988568305969
YDR512C,YKL095W,0,-7.41082,0.10062111914157867,0.9473684430122375,0.8467836380004883
YGL090W,YLR106C,0,-7.411697,0.10055866092443466,0.9473684430122375,0.8473684191703796
YAL056W,YGR128C,0,-7.414881,0.10049627721309662,0.9473684430122375,0.847953200340271
YJR119C,YML098W,0,-7.418644,0.10043397545814514,0.9473684430122375,0.8485380411148071
YMR056C,YLL018C-A,0,-7.4193444,0.10037174820899963,0.9473684430122375,0.8491228222846985
YEL032W,YHR170W,0,-7.4206834,0.1003095954656601,0.9473684430122375,0.8497076034545898
YDL098C,YLR425W,0,-7.4247594,0.10024752467870712,0.9473684430122375,0.8502923846244812
YMR048W,YPR095C,0,-7.4249263,0.10018552839756012,0.9473684430122375,0.8508771657943726
YOR284W,YLL004W,0,-7.425966,0.10012360662221909,0.9473684430122375,0.8514620065689087
YDL095W,YDR285W,0,-7.4267364,0.10006176680326462,0.9473684430122375,0.8520467877388
YPL069C,YNL127W,0,-7.4268866,0.10000000149011612,0.9473684430122375,0.8526315689086914
YPR093C,YBR142W,0,-7.431063,0.09993831068277359,0.9473684430122375,0.8532163500785828
YDR436W,YKL045W,0,-7.435848,0.09987669438123703,0.9473684430122375,0.8538011908531189
YNL127W,YEL065W,0,-7.440763,0.09981516003608704,0.9473684430122375,0.8543859720230103
YML060W,YBR186W,0,-7.4417615,0.09975369274616241,0.9473684430122375,0.8549707531929016
YDL117W,YML113W,0,-7.4530177,0.09969230741262436,0.9473684430122375,0.855555534362793
YEL015W,YHR012W,0,-7.454402,0.09963099658489227,0.9473684430122375,0.8561403751373291
YCR010C,YIL105C,0,-7.455767,0.09956976026296616,0.9473684430122375,0.8567251563072205
YJR089W,YLR328W,0,-7.4566107,0.09950859844684601,0.9473684430122375,0.8573099374771118
YGL020C,YBR237W,0,-7.4606533,0.09944751113653183,0.9473684430122375,0.8578947186470032
YPR072W,YJL187C,0,-7.4652114,0.09938650578260422,0.9473684430122375,0.8584795594215393
YOR185C,YJR160C,0,-7.4767747,0.09932556748390198,0.9473684430122375,0.8590643405914307
YDR039C,YPL188W,0,-7.4815407,0.0992647036910057,0.9473684430122375,0.859649121761322
YCL016C,YGR251W,0,-7.4825406,0.099203921854496,0.9473684430122375,0.8602339029312134
YCR002C,YAR033W,0,-7.485862,0.09914320707321167,0.9473684430122375,0.8608186841011047
YOR028C,YDR325W,0,-7.4919624,0.0990825667977333,0.9473684430122375,0.8614035248756409
YDR331W,YHR086W,0,-7.4934206,0.09902200847864151,0.9473684430122375,0.8619883060455322
YDL005C,YDR244W,0,-7.4950404,0.09896151721477509,0.9473684430122375,0.8625730872154236
YDR281C,YLR033W,0,-7.496723,0.09890110045671463,0.9473684430122375,0.8631578683853149
YER119C,YGR145W,0,-7.496797,0.09884075820446014,0.9473684430122375,0.8637427091598511
YEL015W,YNL082W,0,-7.504278,0.09878049045801163,0.9473684430122375,0.8643274903297424
YJR013W,YPR007C,0,-7.5076942,0.09872028976678848,0.9473684430122375,0.8649122714996338
YBL098W,YML042W,0,-7.50952,0.0986601710319519,0.9473684430122375,0.8654970526695251
YLL018C-A,YOR003W,0,-7.5215144,0.0986001193523407,0.9473684430122375,0.8660818934440613
YLR106C,YMR129W,0,-7.527454,0.09854014962911606,0.9473684430122375,0.8666666746139526
YJR090C,YIL066C,0,-7.529083,0.0984802395105362,0.9473684430122375,0.867251455783844
YLR450W,YAL025C,0,-7.530709,0.0984204113483429,0.9473684430122375,0.8678362369537354
YLR084C,YML015C,0,-7.5313272,0.09836065769195557,0.9473684430122375,0.8684210777282715
YNL032W,YLR135W,0,-7.5336056,0.09830097109079361,0.9473684430122375,0.8690058588981628
YJR155W,YBR129C,0,-7.5360804,0.09824135899543762,0.9473684430122375,0.8695906400680542
YLR381W,YNL250W,0,-7.537371,0.0981818214058876,0.9473684430122375,0.8701754212379456
YNR074C,YJL187C,0,-7.542047,0.09812235087156296,0.9473684430122375,0.8707602620124817
YOL164W,YIL159W,0,-7.551908,0.09806295484304428,0.9473684430122375,0.871345043182373
YMR229C,YFR031C,0,-7.5540814,0.09800363332033157,0.9473684430122375,0.8719298243522644
YDR477W,YHR111W,0,-7.559152,0.09794437885284424,0.9473684430122375,0.8725146055221558
YNL236W,YKL041W,0,-7.5598235,0.09788519889116287,0.9473684430122375,0.8730993866920471
YPL255W,YGL142C,0,-7.5615077,0.09782608598470688,0.9473684430122375,0.8736842274665833
YDL154W,YBR228W,0,-7.562164,0.09776704758405685,0.9473684430122375,0.8742690086364746
YGL071W,YPL093W,0,-7.570631,0.0977080836892128,0.9473684430122375,0.874853789806366
YHR171W,YNL246W,0,-7.571749,0.09764918684959412,0.9473684430122375,0.8754385709762573
YJR147W,YPL156C,0,-7.571811,0.0975903645157814,0.9473684430122375,0.8760234117507935
YGL051W,YJL059W,0,-7.5750003,0.09753160923719406,0.9473684430122375,0.8766081929206848
YDR021W,YDR498C,0,-7.5775895,0.09747292101383209,0.9473684430122375,0.8771929740905762
YER014C-A,YHR008C,0,-7.5793366,0.09741431474685669,0.9473684430122375,0.8777777552604675
YDL005C,YIL066C,0,-7.582887,0.09735576808452606,0.9473684430122375,0.8783625960350037
YNL256W,YNL294C,0,-7.5912156,0.0972972959280014,0.9473684430122375,0.878947377204895
YDR331W,YLR084C,0,-7.591923,0.09723889827728271,0.9473684430122375,0.8795321583747864
YPR070W,YKL095W,0,-7.595404,0.0971805602312088,0.9473684430122375,0.8801169395446777
YJR057W,YGL183C,0,-7.5963106,0.09712230414152145,0.9473684430122375,0.8807017803192139
YHR160C,YDL111C,0,-7.596754,0.09706410765647888,0.9473684430122375,0.8812865614891052
YNL148C,YNL281W,1,-7.5983357,0.09760478883981705,0.9532163739204407,0.8812865614891052
YGL175C,YDR325W,0,-7.5992045,0.09754637628793716,0.9532163739204407,0.8818713426589966
YDL117W,YNL326C,0,-7.6032596,0.09748803824186325,0.9532163739204407,0.8824561238288879
YLR207W,YPL098C,0,-7.60383,0.09742976725101471,0.9532163739204407,0.8830409646034241
YHL038C,YAR003W,0,-7.608898,0.09737156331539154,0.9532163739204407,0.8836257457733154
YNR044W,YBL106C,0,-7.612659,0.09731343388557434,0.9532163739204407,0.8842105269432068
YDL069C,YGR119C,0,-7.613466,0.09725537151098251,0.9532163739204407,0.8847953081130981
YJL076W,YMR229C,0,-7.6171784,0.09719737619161606,0.9532163739204407,0.8853800892829895
YOR250C,YGR082W,0,-7.617932,0.09713945537805557,0.9532163739204407,0.8859649300575256
YIL036W,YHR197W,0,-7.6231523,0.09708159416913986,0.9532163739204407,0.886549711227417
YPR200C,YGL014W,0,-7.629249,0.09702380746603012,0.9532163739204407,0.8871344923973083
YER014C-A,YIL147C,0,-7.6366467,0.09696609526872635,0.9532163739204407,0.8877192735671997
YML116W,YPL192C,0,-7.6480513,0.09690844267606735,0.9532163739204407,0.8883041143417358
YIL066C,YDR398W,0,-7.649832,0.09685086458921432,0.9532163739204407,0.8888888955116272
YKR063C,YLR376C,0,-7.6521974,0.09679334610700607,0.9532163739204407,0.8894736766815186
YJL081C,YMR165C,0,-7.658087,0.09673590213060379,0.9532163739204407,0.8900584578514099
YNL023C,YDR398W,0,-7.6597714,0.09667853266000748,0.9532163739204407,0.890643298625946
YCL027W,YPL042C,0,-7.663797,0.09662122279405594,0.9532163739204407,0.8912280797958374
YLR223C,YIL147C,0,-7.6649575,0.09656397998332977,0.9532163739204407,0.8918128609657288
YML121W,YGR014W,0,-7.669084,0.09650681167840958,0.9532163739204407,0.8923976421356201
YPL125W,YDR335W,0,-7.669863,0.09644970297813416,0.9532163739204407,0.8929824829101562
YCL016C,YLR238W,0,-7.670598,0.0963926687836647,0.9532163739204407,0.8935672640800476
YMR021C,YLR084C,0,-7.672384,0.09633569419384003,0.9532163739204407,0.894152045249939
YOR316C,YHR170W,0,-7.672498,0.09627879410982132,0.9532163739204407,0.8947368264198303
YDL140C,YPR198W,0,-7.681493,0.09622196108102798,0.9532163739204407,0.8953216671943665
YLR166C,YDR165W,0,-7.6827974,0.09616519510746002,0.9532163739204407,0.8959064483642578
YGR200C,YKL214C,0,-7.68397,0.09610848873853683,0.9532163739204407,0.8964912295341492
YOR081C,YOR129C,0,-7.6846633,0.09605185687541962,0.9532163739204407,0.8970760107040405
YKR037C,YBL106C,0,-7.6891556,0.09599529206752777,0.9532163739204407,0.8976607918739319
YOL033W,YDL090C,0,-7.6913486,0.0959387868642807,0.9532163739204407,0.898245632648468
YDR325W,YLL012W,0,-7.699589,0.0958823561668396,0.9532163739204407,0.8988304138183594
YNL148C,YJL179W,1,-7.701107,0.09641387313604355,0.9590643048286438,0.8988304138183594
YER053C,YDR058C,0,-7.701452,0.09635722637176514,0.9590643048286438,0.8994151949882507
YHR114W,YOR266W,0,-7.7019897,0.0963006466627121,0.9590643048286438,0.8999999761581421
YML060W,YHR157W,0,-7.7025228,0.09624413400888443,0.9590643048286438,0.9005848169326782
YPL012W,YPR095C,0,-7.705506,0.09618768095970154,0.9590643048286438,0.9011695981025696
YNL133C,YHR148W,0,-7.7055464,0.09613130241632462,0.9590643048286438,0.9017543792724609
YHR171W,YMR219W,0,-7.7064414,0.09607498347759247,0.9590643048286438,0.9023391604423523
YPL046C,YBL106C,0,-7.712875,0.09601873904466629,0.9590643048286438,0.9029240012168884
YJL073W,YCR060W,1,-7.7136974,0.0965476855635643,0.9649122953414917,0.9029240012168884
YGR041W,YKL014C,0,-7.7154083,0.09649122506380081,0.9649122953414917,0.9035087823867798
YJR155W,YGL175C,0,-7.7176337,0.0964348316192627,0.9649122953414917,0.9040935635566711
YJR089W,YIL026C,0,-7.718099,0.09637850522994995,0.9649122953414917,0.9046783447265625
YDR113C,YML049C,0,-7.7253523,0.09632223844528198,0.9649122953414917,0.9052631855010986
YKL021C,YHR066W,0,-7.7258306,0.09626604616641998,0.9649122953414917,0.90584796667099
YOR099W,YNL328C,0,-7.728394,0.09620991349220276,0.9649122953414917,0.9064327478408813
YPL101W,YDR146C,0,-7.73012,0.09615384787321091,0.9649122953414917,0.9070175290107727
YFR019W,YJR035W,0,-7.7484574,0.09609784185886383,0.9649122953414917,0.9076023101806641
YGL142C,YDR260C,0,-7.7521424,0.09604191035032272,0.9649122953414917,0.9081871509552002
YER109C,YPL112C,0,-7.753989,0.09598603844642639,0.9649122953414917,0.9087719321250916
YBR294W,YDR092W,0,-7.7620764,0.09593023359775543,0.9649122953414917,0.9093567132949829
YGL061C,YNR023W,0,-7.7627053,0.09587448835372925,0.9649122953414917,0.9099414944648743
YOL088C,YHR034C,1,-7.7695007,0.09639953821897507,0.9707602262496948,0.9099414944648743
YIL147C,YDL159W,0,-7.7719674,0.09634358435869217,0.9707602262496948,0.9105263352394104
YGL241W,YPL144W,0,-7.7728777,0.09628770500421524,0.9707602262496948,0.9111111164093018
YDR524C,YJL173C,0,-7.775726,0.09623188525438309,0.9707602262496948,0.9116958975791931
YBR213W,YOR129C,0,-7.7845597,0.0961761325597763,0.9707602262496948,0.9122806787490845
YHR120W,YPR137W,0,-7.7851014,0.0961204394698143,0.9707602262496948,0.9128655195236206
YGL142C,YDR165W,0,-7.7863584,0.09606481343507767,0.9707602262496948,0.913450300693512
YMR042W,YDR279W,0,-7.789971,0.0960092544555664,0.9707602262496948,0.9140350818634033
YPR007C,YKL166C,0,-7.8026333,0.09595375508069992,0.9707602262496948,0.9146198630332947
YPR104C,YPR198W,0,-7.8041706,0.09589832276105881,0.9707602262496948,0.9152047038078308
YKL008C,YHR099W,0,-7.807016,0.09584295749664307,0.9707602262496948,0.9157894849777222
YDL055C,YPR181C,0,-7.8104296,0.0957876518368721,0.9707602262496948,0.9163742661476135
YOR159C,YJR110W,0,-7.819119,0.09573241323232651,0.9707602262496948,0.9169590473175049
YLR100W,YOL104C,0,-7.821382,0.09567723423242569,0.9707602262496948,0.917543888092041
YPR093C,YHR191C,0,-7.8223844,0.09562212228775024,0.9707602262496948,0.9181286692619324
YBR065C,YHR120W,0,-7.826799,0.09556706994771957,0.9707602262496948,0.9187134504318237
YDL128W,YKL095W,0,-7.831227,0.09551208466291428,0.9707602262496948,0.9192982316017151
YJR147W,YNL328C,0,-7.83922,0.09545715898275375,0.9707602262496948,0.9198830127716064
YPR144C,YBR092C,0,-7.8441777,0.0954023003578186,0.9707602262496948,0.9204678535461426
YBR210W,YLL012W,0,-7.8481717,0.09534750133752823,0.9707602262496948,0.9210526347160339
YHL038C,YFR027W,0,-7.849509,0.09529276937246323,0.9707602262496948,0.9216374158859253
YIR021W,YDL085W,0,-7.8552465,0.095238097012043,0.9707602262496948,0.9222221970558167
YPL256C,YJL053W,0,-7.85665,0.09518348425626755,0.9707602262496948,0.9228070378303528
YCR005C,YDL060W,0,-7.857982,0.09512893855571747,0.9707602262496948,0.9233918190002441
YHL047C,YDL003W,0,-7.8606143,0.09507445245981216,0.9707602262496948,0.9239766001701355
YBL004W,YGR128C,0,-7.8629622,0.09502003341913223,0.9707602262496948,0.9245613813400269
YER028C,YGL094C,0,-7.863725,0.09496567398309708,0.9707602262496948,0.925146222114563
YDL174C,YBR165W,0,-7.8668976,0.09491138160228729,0.9707602262496948,0.9257310032844543
YNL148C,YEL003W,1,-7.8709874,0.09542857110500336,0.9766082167625427,0.9257310032844543
YDL003W,YNL250W,0,-7.8760433,0.09537407010793686,0.9766082167625427,0.9263157844543457
YDL085W,YOR145C,0,-7.8778353,0.09531963616609573,0.9766082167625427,0.9269005656242371
YBR155W,YCR060W,1,-7.8800044,0.09583570808172226,0.9824561476707458,0.9269005656242371
YOL104C,YNL131W,0,-7.884833,0.09578107297420502,0.9824561476707458,0.9274854063987732
YDR498C,YPR009W,0,-7.8880296,0.09572649747133255,0.9824561476707458,0.9280701875686646
YER168C,YBR213W,0,-7.888682,0.09567198157310486,0.9824561476707458,0.9286549687385559
YJR135C,YER126C,0,-7.893819,0.09561753273010254,0.9824561476707458,0.9292397499084473
YGR003W,YEL026W,0,-7.9168677,0.095563143491745,0.9824561476707458,0.9298245906829834
YOL001W,YGR082W,0,-7.917958,0.09550881385803223,0.9824561476707458,0.9304093718528748
YNL008C,YIL070C,0,-7.9185305,0.09545454382896423,0.9824561476707458,0.9309941530227661
YAL025C,YGR101W,0,-7.933835,0.09540034085512161,0.9824561476707458,0.9315789341926575
YGL003C,YIL066C,0,-7.9359307,0.09534619748592377,0.9824561476707458,0.9321637153625488
YJR042W,YPL124W,0,-7.936702,0.0952921137213707,0.9824561476707458,0.932748556137085
YLL035W,YDL159W,0,-7.9372807,0.095238097012043,0.9824561476707458,0.9333333373069763
YPR009W,YNL246W,0,-7.9384966,0.09518413245677948,0.9824561476707458,0.9339181184768677
YCR106W,YBL004W,0,-7.946645,0.09513023495674133,0.9824561476707458,0.934502899646759
YGL216W,YGR085C,0,-7.94946,0.09507639706134796,0.9824561476707458,0.9350877404212952
YOR026W,YLR223C,0,-7.9595113,0.09502262622117996,0.9824561476707458,0.9356725215911865
YPL255W,YJR089W,0,-7.9603133,0.09496890753507614,0.9824561476707458,0.9362573027610779
YDR378C,YMR021C,0,-7.973477,0.09491525590419769,0.9824561476707458,0.9368420839309692
YNL148C,YCR060W,1,-7.9845705,0.09542631357908249,0.988304078578949,0.9368420839309692
YDR140W,YLR383W,0,-7.984935,0.09537246078252792,0.988304078578949,0.9374269247055054
YGR003W,YGL063W,0,-7.987218,0.09531866759061813,0.988304078578949,0.9380117058753967
YPR001W,YGL175C,0,-7.9914618,0.09526494145393372,0.988304078578949,0.9385964870452881
YCL016C,YFL034C-B,0,-7.992786,0.09521126747131348,0.988304078578949,0.9391812682151794
YPR057W,YKR026C,0,-7.993072,0.09515766054391861,0.988304078578949,0.9397661089897156
YPL095C,YPR182W,0,-8.012309,0.09510410577058792,0.988304078578949,0.9403508901596069
YDL030W,YJR110W,0,-8.017207,0.0950506180524826,0.988304078578949,0.9409356713294983
YJR097W,YPR009W,0,-8.027053,0.09499718993902206,0.988304078578949,0.9415204524993896
YDL030W,YCR042C,0,-8.029864,0.0949438214302063,0.988304078578949,0.942105233669281
YJR089W,YBR228W,0,-8.037759,0.09489051252603531,0.988304078578949,0.9426900744438171
YBR210W,YDL030W,0,-8.04211,0.0948372632265091,0.988304078578949,0.9432748556137085
YDL153C,YKR001C,0,-8.043691,0.09478407353162766,0.988304078578949,0.9438596367835999
YMR011W,YOL002C,0,-8.045522,0.09473094344139099,0.988304078578949,0.9444444179534912
YPL095C,YML060W,0,-8.051661,0.0946778729557991,0.988304078578949,0.9450292587280273
YNR013C,YBL004W,0,-8.054633,0.09462486207485199,0.988304078578949,0.9456140398979187
YCR098C,YDR325W,0,-8.059937,0.09457191079854965,0.988304078578949,0.9461988210678101
YJR097W,YML069W,0,-8.074114,0.09451901912689209,0.988304078578949,0.9467836022377014
YLR276C,YBR289W,0,-8.079472,0.0944661796092987,0.988304078578949,0.9473684430122375
YBL105C,YKL018W,0,-8.084887,0.0944134071469307,0.988304078578949,0.9479532241821289
YBR247C,YGL153W,0,-8.088218,0.09436069428920746,0.988304078578949,0.9485380053520203
YHR150W,YOR340C,0,-8.094092,0.0943080335855484,0.988304078578949,0.9491227865219116
YBR085W,YNL244C,0,-8.095097,0.09425543993711472,0.988304078578949,0.9497076272964478
YGL071W,YGL048C,0,-8.097972,0.09420289844274521,0.988304078578949,0.9502924084663391
YPL119C,YOL001W,0,-8.118787,0.09415041655302048,0.988304078578949,0.9508771896362305
YJL184W,YHL025W,0,-8.122397,0.09409799426794052,0.988304078578949,0.9514619708061218
YIL124W,YDR004W,0,-8.125668,0.09404563158750534,0.988304078578949,0.952046811580658
YJR135C,YJL098W,0,-8.153347,0.09399332851171494,0.988304078578949,0.9526315927505493
YPL124W,YDL159W,0,-8.159908,0.09394107758998871,0.988304078578949,0.9532163739204407
YAL024C,YJL140W,0,-8.1633,0.09388888627290726,0.988304078578949,0.953801155090332
YDR279W,YDR240C,0,-8.166067,0.09383675456047058,0.988304078578949,0.9543859362602234
YGL241W,YHR118C,0,-8.17215,0.09378468245267868,0.988304078578949,0.9549707770347595
YGR004W,YDR515W,0,-8.17274,0.09373266994953156,0.988304078578949,0.9555555582046509
YLR233C,YFR019W,0,-8.183126,0.09368070960044861,0.988304078578949,0.9561403393745422
YPL175W,YGR241C,0,-8.185754,0.09362880885601044,0.988304078578949,0.9567251205444336
YGL020C,YKL008C,0,-8.185784,0.09357696771621704,0.988304078578949,0.9573099613189697
YMR165C,YGR086C,0,-8.21133,0.09352517873048782,0.988304078578949,0.9578947424888611
YGL016W,YPR112C,0,-8.212292,0.09347344934940338,0.988304078578949,0.9584795236587524
YLR381W,YDR004W,0,-8.213519,0.09342177957296371,0.988304078578949,0.9590643048286438
YFR028C,YPL146C,0,-8.214877,0.09337016940116882,0.988304078578949,0.9596491456031799
YPL163C,YDR285W,0,-8.224834,0.09331861138343811,0.988304078578949,0.9602339267730713
YKL016C,YDR191W,0,-8.237926,0.09326710551977158,0.988304078578949,0.9608187079429626
YDL039C,YDL081C,0,-8.261332,0.09321566671133041,0.988304078578949,0.961403489112854
YOR313C,YLR006C,0,-8.2666855,0.09316428005695343,0.988304078578949,0.9619883298873901
YGR239C,YDR004W,0,-8.27749,0.09311294555664062,0.988304078578949,0.9625731110572815
YOR074C,YPR046W,0,-8.2792,0.0930616706609726,0.988304078578949,0.9631578922271729
YJL201W,YGL169W,0,-8.295417,0.09301045536994934,0.988304078578949,0.9637426733970642
YOL005C,YML007W,0,-8.297771,0.09295929223299026,0.988304078578949,0.9643275141716003
YGR047C,YKL095W,0,-8.301731,0.09290818870067596,0.988304078578949,0.9649122953414917
YAL031C,YGL090W,0,-8.302661,0.09285714477300644,0.988304078578949,0.9654970765113831
YFR019W,YIL147C,0,-8.31525,0.09280615299940109,0.988304078578949,0.9660818576812744
YDR004W,YDR325W,0,-8.326874,0.09275521337985992,0.988304078578949,0.9666666388511658
YBL097W,YNL139C,0,-8.338255,0.09270433336496353,0.988304078578949,0.9672514796257019
YDR039C,YJR035W,0,-8.344461,0.09265350550413132,0.988304078578949,0.9678362607955933
YAL059W,YLR383W,0,-8.3478565,0.09260273724794388,0.988304078578949,0.9684210419654846
YKL059C,YDR146C,0,-8.361394,0.09255202859640121,0.988304078578949,0.969005823135376
YER168C,YLR135W,0,-8.381987,0.09250136464834213,0.988304078578949,0.9695906639099121
YPR046W,YDL153C,0,-8.406343,0.09245076775550842,0.988304078578949,0.9701754450798035
YOR313C,YKL014C,0,-8.412087,0.0924002155661583,0.988304078578949,0.9707602262496948
YDR021W,YNL272C,0,-8.41901,0.09234973043203354,0.988304078578949,0.9713450074195862
YOL164W,YDL111C,0,-8.428873,0.09229929000139236,0.988304078578949,0.9719298481941223
YNL239W,YOR003W,0,-8.432974,0.09224890917539597,0.988304078578949,0.9725146293640137
YAL059W,YOR127W,0,-8.442982,0.09219858050346375,0.988304078578949,0.973099410533905
YIR028W,YEL050C,0,-8.448599,0.0921483114361763,0.988304078578949,0.9736841917037964
YDR437W,YDR331W,0,-8.453279,0.09209809452295303,0.988304078578949,0.9742690324783325
YMR056C,YPL163C,0,-8.460339,0.09204792976379395,0.988304078578949,0.9748538136482239
YPR046W,YGR046W,0,-8.465221,0.09199782460927963,0.988304078578949,0.9754385948181152
YDR437W,YDL135C,0,-8.475903,0.0919477716088295,0.988304078578949,0.9760233759880066
YDR437W,YBR244W,0,-8.477346,0.09189777076244354,0.988304078578949,0.9766082167625427
YPR100W,YOR003W,0,-8.482384,0.09184782952070236,0.988304078578949,0.9771929979324341
YNL148C,YNL153C,1,-8.49325,0.0923411175608635,0.9941520690917969,0.9771929979324341
YBR085W,YMR042W,0,-8.493506,0.09229099005460739,0.9941520690917969,0.9777777791023254
YLR172C,YGR085C,0,-8.493931,0.09224091470241547,0.9941520690917969,0.9783625602722168
YDR113C,YOR129C,0,-8.500174,0.09219089150428772,0.9941520690917969,0.9789473414421082
YKR099W,YNL283C,0,-8.510516,0.09214092046022415,0.9941520690917969,0.9795321822166443
YLR060W,YDR004W,0,-8.5321045,0.09209100902080536,0.9941520690917969,0.9801169633865356
YLR129W,YEL032W,0,-8.533068,0.09204114973545074,0.9941520690917969,0.980701744556427
YNL172W,YOR035C,0,-8.571594,0.09199134260416031,0.9941520690917969,0.9812865257263184
YLR401C,YKL021C,0,-8.5753765,0.09194158762693405,0.9941520690917969,0.9818713665008545
YBR245C,YGL063W,0,-8.581654,0.09189189225435257,0.9941520690917969,0.9824561476707458
YOR026W,YDL039C,0,-8.605998,0.09184224903583527,0.9941520690917969,0.9830409288406372
YCL016C,YBR088C,0,-8.6105,0.09179265797138214,0.9941520690917969,0.9836257100105286
YBR073W,YJL098W,0,-8.623713,0.0917431190609932,0.9941520690917969,0.9842105507850647
YML060W,YGL095C,0,-8.63784,0.09169363230466843,0.9941520690917969,0.984795331954956
YDL039C,YLR166C,0,-8.660821,0.09164420515298843,0.9941520690917969,0.9853801131248474
YDL117W,YLR401C,0,-8.663025,0.09159483015537262,0.9941520690917969,0.9859648942947388
YLR006C,YPL163C,0,-8.675253,0.09154549986124039,0.9941520690917969,0.9865497350692749
YJR089W,YFR028C,0,-8.690815,0.09149622917175293,0.9941520690917969,0.9871345162391663
YLR223C,YGL246C,0,-8.695168,0.09144701808691025,0.9941520690917969,0.9877192974090576
YAL024C,YLR452C,0,-8.7039585,0.09139785170555115,0.9941520690917969,0.988304078578949
YJL201W,YHR012W,0,-8.753075,0.09134873747825623,0.9941520690917969,0.9888888597488403
YAL024C,YJL203W,0,-8.838251,0.09129967540502548,0.9941520690917969,0.9894737005233765
YPL125W,YGR004W,0,-8.90262,0.09125067293643951,0.9941520690917969,0.9900584816932678
YNR056C,YLR452C,0,-8.910915,0.09120171517133713,0.9941520690917969,0.9906432628631592
YPR083W,YAR003W,0,-8.919665,0.09115281701087952,0.9941520690917969,0.9912280440330505
YDR004W,YPR010C,0,-8.943177,0.09110396355390549,0.9941520690917969,0.9918128848075867
YBR088C,YDR449C,0,-8.944702,0.09105516970157623,0.9941520690917969,0.992397665977478
YMR048W,YML113W,0,-9.002787,0.09100642055273056,0.9941520690917969,0.9929824471473694
YHR120W,YOR179C,0,-9.089466,0.09095773100852966,0.9941520690917969,0.9935672283172607
YOR340C,YBR228W,0,-9.151875,0.09090909361839294,0.9941520690917969,0.9941520690917969
YJR042W,YLR383W,0,-9.175462,0.09086050093173981,0.9941520690917969,0.9947368502616882
YNL148C,YBR155W,1,-9.191972,0.09134615212678909,1.0,0.9947368502616882
YGR145W,YDR060W,0,-9.22813,0.09129738062620163,1.0,0.9953216314315796
YOR328W,YCR072C,0,-9.390641,0.09124866873025894,1.0,0.995906412601471
YNL256W,YPR144C,0,-9.44723,0.09120000153779984,1.0,0.9964912533760071
YDR004W,YDL128W,0,-9.565387,0.09115138649940491,1.0,0.9970760345458984
YMR056C,YDR503C,0,-9.64613,0.09110282361507416,1.0,0.9976608157157898
YDR279W,YGR128C,0,-9.669172,0.09105431288480759,1.0,0.9982455968856812
YNR056C,YDR281C,0,-9.739886,0.0910058543086052,1.0,0.9988304376602173
YBR085W,YGR145W,0,-9.932758,0.09095744788646698,1.0,0.9994152188301086
YNL172W,YHR197W,0,-10.265892,0.09090909361839294,1.0,1.0
