Gene A,Gene B,Label,Score,Precision,Recall,False Positive Rate
YLR313C,YLR312C-B,1,162.43796,1.0,0.0009970089886337519,0.0
YER108C,YER109C,1,60.088737,1.0,0.0019940179772675037,0.0
YBR066C,YLR083C,1,15.5072775,1.0,0.0029910269659012556,0.0
YDL024C,YLR083C,1,14.021568,1.0,0.0039880359545350075,0.0
YBR066C,YER113C,1,13.445416,1.0,0.004985044710338116,0.0
YAL056W,YER113C,1,13.18088,1.0,0.005982053931802511,0.0
YNL119W,YNL098C,1,12.463633,1.0,0.006979062687605619,0.0
YNL119W,YNL142W,1,12.006948,1.0,0.007976071909070015,0.0
YDR379W,YLL021W,1,11.948341,1.0,0.008973080664873123,0.0
YNL142W,YLR083C,1,11.507193,1.0,0.009970089420676231,0.0
YOR315W,YNL119W,1,11.482853,1.0,0.010967099107801914,0.0
YKL048C,YBR066C,1,10.529818,1.0,0.011964107863605022,0.0
YDR107C,YNL001W,1,10.062958,1.0,0.01296111661940813,0.0
YJR147W,YNL142W,1,9.902491,1.0,0.013958125375211239,0.0
YNL001W,YGL190C,1,9.861247,1.0,0.014955134131014347,0.0
YOR315W,YER113C,1,9.612307,1.0,0.01595214381814003,0.0
YKL043W,YLR083C,1,9.445704,1.0,0.016949152573943138,0.0
YNL119W,YER020W,1,9.41592,1.0,0.017946161329746246,0.0
YNL142W,YER113C,1,9.393299,1.0,0.018943170085549355,0.0
YOR032C,YLL021W,1,9.377317,1.0,0.019940178841352463,0.0
YMR016C,YBR066C,1,9.214871,1.0,0.02093718759715557,0.0
YLR313C,YNL001W,1,9.2056055,1.0,0.02193419821560383,0.0
YLR313C,YBR066C,1,9.174471,1.0,0.022931206971406937,0.0
YPL021W,YLR083C,1,9.114447,1.0,0.023928215727210045,0.0
YMR316W,YHR011W,1,9.109804,1.0,0.024925224483013153,0.0
YHL007C,YNL142W,1,9.032141,1.0,0.02592223323881626,0.0
YPL189W,YHR136C,0,9.006775,0.9629629850387573,0.02592223323881626,0.00010003001079894602
YJR127C,YNR030W,0,8.989282,0.9285714030265808,0.02592223323881626,0.00020006002159789205
YJL158C,YBL085W,0,8.96137,0.8965517282485962,0.02592223323881626,0.00030009003239683807
YER149C,YOL002C,0,8.94278,0.8666666746139526,0.02592223323881626,0.0004001200431957841
YLR083C,YER020W,1,8.9296,0.8709677457809448,0.02691924199461937,0.0004001200431957841
YHR143W,YNL298W,1,8.864721,0.875,0.027916250750422478,0.0004001200431957841
YNL271C,YAL056W,1,8.771715,0.8787878751754761,0.028913259506225586,0.0004001200431957841
YML042W,YDL229W,0,8.651323,0.8529411554336548,0.028913259506225586,0.0005001500248908997
YER118C,YKL043W,1,8.634001,0.8571428656578064,0.029910268262028694,0.0005001500248908997
YHR143W,YCR038C,1,8.601835,0.8611111044883728,0.03090727888047695,0.0005001500248908997
YNL298W,YLL021W,1,8.559492,0.8648648858070374,0.03190428763628006,0.0005001500248908997
YOR313C,YDL112W,0,8.55758,0.8421052694320679,0.03190428763628006,0.0006001800647936761
YNL271C,YJR147W,1,8.5553875,0.8461538553237915,0.03290129452943802,0.0006001800647936761
YER185W,YBR093C,0,8.502201,0.824999988079071,0.03290129452943802,0.0007002100464887917
YHR167W,YKR093W,0,8.488654,0.8048780560493469,0.03290129452943802,0.0008002400863915682
YOR127W,YHR011W,1,8.430489,0.8095238208770752,0.033898305147886276,0.0008002400863915682
YOR324C,YKL180W,0,8.407249,0.7906976938247681,0.033898305147886276,0.0009002700680866838
YKL109W,YGL104C,0,8.370729,0.7727272510528564,0.033898305147886276,0.0010003000497817993
YIR019C,YNL138W,1,8.355481,0.7777777910232544,0.034895315766334534,0.0010003000497817993
YDR379W,YLR083C,1,8.344201,0.782608687877655,0.03589232265949249,0.0010003000497817993
YDR386W,YJR145C,0,8.339565,0.7659574747085571,0.03589232265949249,0.0011003301478922367
YLR353W,YKL048C,1,8.328583,0.7708333134651184,0.03688933327794075,0.0011003301478922367
YHR143W,YLL021W,1,8.265494,0.7755101919174194,0.03788634017109871,0.0011003301478922367
YIL140W,YOR341W,0,8.261521,0.7599999904632568,0.03788634017109871,0.0012003601295873523
YCR038C,YDR107C,1,8.249486,0.7647058963775635,0.03888335078954697,0.0012003601295873523
YER177W,YNL119W,1,8.220329,0.7692307829856873,0.039880357682704926,0.0012003601295873523
YDR251W,YNL142W,1,8.212151,0.7735849022865295,0.04087736830115318,0.0012003601295873523
YKL185W,YER113C,1,8.207021,0.7777777910232544,0.04187437519431114,0.0012003601295873523
YER177W,YLR083C,1,8.194965,0.7818182110786438,0.0428713858127594,0.0012003601295873523
YNL119W,YDR251W,1,8.123002,0.7857142686843872,0.04386839643120766,0.0012003601295873523
YOR030W,YHR011W,1,8.115581,0.7894737124443054,0.044865403324365616,0.0012003601295873523
YGR239C,YML063W,0,8.110693,0.7758620977401733,0.044865403324365616,0.0013003901112824678
YKL149C,YLR083C,1,8.0788355,0.7796609997749329,0.04586241394281387,0.0013003901112824678
YJR147W,YER020W,1,8.0223,0.7833333611488342,0.04685942083597183,0.0013003901112824678
YDR379W,YER113C,1,8.016924,0.7868852615356445,0.04785643145442009,0.0013003901112824678
YLL024C,YBR156C,0,8.007368,0.774193525314331,0.04785643145442009,0.0014004200929775834
YDR280W,YDR107C,0,8.006533,0.761904776096344,0.04785643145442009,0.0015004501910880208
YDR379W,YNL001W,1,7.970854,0.765625,0.04885343834757805,0.0015004501910880208
YDR379W,YIL131C,1,7.9479628,0.7692307829856873,0.049850448966026306,0.0015004501910880208
YOR201C,YOL126C,0,7.9108286,0.7575757503509521,0.049850448966026306,0.0016004801727831364
YJL080C,YNL294C,0,7.9093437,0.746268630027771,0.049850448966026306,0.001700510154478252
YNL098C,YLR083C,1,7.893516,0.75,0.050847455859184265,0.001700510154478252
YNL119W,YAL041W,1,7.8885217,0.7536231875419617,0.05184446647763252,0.001700510154478252
YDL095W,YPL064C,0,7.878314,0.7428571581840515,0.05184446647763252,0.0018005401361733675
YOR315W,YMR238W,1,7.8754177,0.7464788556098938,0.05284147709608078,0.0018005401361733675
YKR094C,YNR057C,0,7.869068,0.7361111044883728,0.05284147709608078,0.001900570117868483
YGL123W,YPL188W,0,7.855277,0.7260273694992065,0.05284147709608078,0.0020006000995635986
YNR059W,YML052W,0,7.815531,0.7162162065505981,0.05284147709608078,0.002100630197674036
YHR143W,YMR016C,1,7.800375,0.7200000286102295,0.05383848398923874,0.002100630197674036
YHR143W,YDL024C,1,7.781877,0.7236841917037964,0.054835494607686996,0.002100630197674036
YKL048C,YER118C,1,7.7679386,0.7272727489471436,0.055832501500844955,0.002100630197674036
YDL024C,YNL197C,1,7.7597647,0.7307692170143127,0.05682951211929321,0.002100630197674036
YHR143W,YNL119W,1,7.756049,0.7341772317886353,0.05782651901245117,0.002100630197674036
YOR260W,YCR098C,0,7.7528,0.7250000238418579,0.05782651901245117,0.0022006602957844734
YHR111W,YHR011W,1,7.7195864,0.7283950448036194,0.05882352963089943,0.0022006602957844734
YKL009W,YDR077W,0,7.7145243,0.7195122241973877,0.05882352963089943,0.002300690161064267
YLR260W,YPL131W,0,7.7096453,0.7108433842658997,0.05882352963089943,0.0024007202591747046
YNL182C,YDR284C,0,7.652375,0.7023809552192688,0.05882352963089943,0.0025007501244544983
YOL108C,YAL040C,0,7.6514034,0.6941176652908325,0.05882352963089943,0.0026007802225649357
YBR066C,YOL019W,0,7.647685,0.6860465407371521,0.05882352963089943,0.002700810320675373
YHR143W,YER020W,1,7.601599,0.6896551847457886,0.05982053652405739,0.002700810320675373
YOR004W,YDR077W,0,7.5790796,0.6818181872367859,0.05982053652405739,0.002800840185955167
YIR019C,YNL142W,1,7.5387325,0.6853932738304138,0.060817547142505646,0.002800840185955167
YBR083W,YLR083C,1,7.506999,0.6888889074325562,0.0618145577609539,0.002800840185955167
YBR066C,YAL041W,1,7.4990273,0.692307710647583,0.06281156837940216,0.002800840185955167
YCR038C,YNL119W,1,7.465088,0.695652186870575,0.06380857527256012,0.002800840185955167
YFR050C,YGR214W,0,7.4508924,0.6881720423698425,0.06380857527256012,0.002900870284065604
YKL185W,YBR066C,1,7.4359035,0.6914893388748169,0.06480558216571808,0.002900870284065604
YPL115C,YER113C,1,7.4279246,0.6947368383407593,0.06580258905887604,0.002900870284065604
YCR038C,YJR147W,1,7.420674,0.6979166865348816,0.0667996034026146,0.002900870284065604
YEL032W,YLR142W,0,7.4129887,0.6907216310501099,0.0667996034026146,0.0030009003821760416
YLR313C,YOR315W,1,7.411927,0.6938775777816772,0.06779661029577255,0.0030009003821760416
YJR147W,YPL021W,1,7.409812,0.6969696879386902,0.06879361718893051,0.0030009003821760416
YLR353W,YNL119W,1,7.3992434,0.699999988079071,0.06979063153266907,0.0030009003821760416
YOR315W,YLR083C,1,7.3911824,0.7029703259468079,0.07078763842582703,0.0030009003821760416
YLR139C,YBL087C,0,7.3833995,0.6960784196853638,0.07078763842582703,0.0031009302474558353
YCR038C,YJR153W,1,7.3812394,0.6990291476249695,0.07178464531898499,0.0031009302474558353
YMR238W,YGL190C,1,7.3385096,0.7019230723381042,0.07278165221214294,0.0031009302474558353
YIR019C,YPL021W,1,7.3383794,0.7047619223594666,0.0737786665558815,0.0031009302474558353
YKL043W,YER149C,1,7.3319097,0.7075471878051758,0.07477567344903946,0.0031009302474558353
YDL024C,YHR011W,1,7.3271003,0.7102803587913513,0.07577268034219742,0.0031009302474558353
YKR100C,YBR040W,0,7.317233,0.7037037014961243,0.07577268034219742,0.0032009603455662727
YOR127W,YHR143W,1,7.3111362,0.7064220309257507,0.07676968723535538,0.0032009603455662727
YMR016C,YOR032C,1,7.296832,0.7090908885002136,0.07776670157909393,0.0032009603455662727
YDL024C,YNL138W,1,7.284444,0.7117117047309875,0.07876370847225189,0.0032009603455662727
YDL024C,YER118C,1,7.2765527,0.7142857313156128,0.07976071536540985,0.0032009603455662727
YIR019C,YDR432W,1,7.240265,0.7168141603469849,0.08075772970914841,0.0032009603455662727
YMR175W,YGL135W,0,7.185935,0.7105262875556946,0.08075772970914841,0.0033009902108460665
YJR153W,YDL035C,1,7.159631,0.7130434513092041,0.08175473660230637,0.0033009902108460665
YOR032C,YDR432W,1,7.1542797,0.7155172228813171,0.08275174349546432,0.0033009902108460665
YER177W,YHL007C,1,7.11724,0.7179487347602844,0.08374875038862228,0.0033009902108460665
YBR245C,YNL156C,0,7.1116734,0.7118644118309021,0.08374875038862228,0.003401020308956504
YER091C,YPL188W,0,7.1063356,0.7058823704719543,0.08374875038862228,0.0035010504070669413
YMR241W,YLR299W,0,7.080158,0.699999988079071,0.08374875038862228,0.003601080272346735
YLR291C,YLR023C,0,7.0676813,0.6942148804664612,0.08374875038862228,0.0037011103704571724
YOR032C,YER109C,1,7.0667496,0.6967213153839111,0.08474576473236084,0.0037011103704571724
YHR143W,YLR083C,1,7.0518675,0.6991869807243347,0.0857427716255188,0.0037011103704571724
YDR256C,YDR226W,0,7.0511394,0.6935483813285828,0.0857427716255188,0.003801140235736966
YDR107C,YLR083C,1,7.045381,0.6959999799728394,0.08673977851867676,0.003801140235736966
YOR032C,YJL006C,0,7.035681,0.6904761791229248,0.08673977851867676,0.0039011703338474035
YGL209W,YIL148W,0,7.034506,0.6850393414497375,0.08673977851867676,0.004001200199127197
YDR368W,YEL040W,0,7.032096,0.6796875,0.08673977851867676,0.004101230297237635
YLR248W,YLL004W,0,7.0306816,0.6744186282157898,0.08673977851867676,0.004201260395348072
YER149C,YER020W,1,7.0186214,0.6769230961799622,0.08773679286241531,0.004201260395348072
YER109C,YLR083C,1,7.018615,0.6793892979621887,0.08873379975557327,0.004201260395348072
YDR251W,YLL021W,1,7.0054784,0.6818181872367859,0.08973080664873123,0.004201260395348072
YOR127W,YNL098C,1,7.002753,0.6842105388641357,0.09072781354188919,0.004201260395348072
YDR379W,YNL119W,1,7.0003176,0.6865671873092651,0.09172482788562775,0.004201260395348072
YDR392W,YLR083C,1,6.9792805,0.6888889074325562,0.0927218347787857,0.004201260395348072
YER062C,YDR465C,0,6.960266,0.6838235259056091,0.0927218347787857,0.0043012904934585094
YKL149C,YNL138W,1,6.9552555,0.6861313581466675,0.09371884167194366,0.0043012904934585094
YDL024C,YBR066C,1,6.9435835,0.6884058117866516,0.09471585601568222,0.0043012904934585094
YNL197C,YBR066C,1,6.9397564,0.6906474828720093,0.09571286290884018,0.0043012904934585094
YER133W,YHR184W,0,6.927863,0.6857143044471741,0.09571286290884018,0.004401320591568947
YKL185W,YLR353W,1,6.8971834,0.6879432797431946,0.09670986980199814,0.004401320591568947
YPL206C,YOR373W,0,6.892299,0.6830986142158508,0.09670986980199814,0.004501350224018097
YOR315W,YER118C,1,6.8907776,0.6853147149085999,0.0977068766951561,0.004501350224018097
YPL156C,YGL115W,0,6.875644,0.6805555820465088,0.0977068766951561,0.004601380322128534
YNL282W,YDL067C,0,6.870656,0.6758620738983154,0.0977068766951561,0.004701410420238972
YMR016C,YNL298W,1,6.864484,0.6780821681022644,0.09870389103889465,0.004701410420238972
YLR020C,YNR060W,0,6.848956,0.6734693646430969,0.09870389103889465,0.004801440518349409
YJL190C,YLR190W,0,6.84185,0.6689189076423645,0.09870389103889465,0.0049014706164598465
YIR019C,YKL185W,1,6.838745,0.6711409687995911,0.09970089793205261,0.0049014706164598465
YOR315W,YER109C,1,6.830188,0.6733333468437195,0.10069790482521057,0.0049014706164598465
YHR011W,YNL001W,1,6.82329,0.6754966974258423,0.10169491171836853,0.0049014706164598465
YKL062W,YLR039C,0,6.8200827,0.6710526347160339,0.10169491171836853,0.005001500248908997
YCR093W,YER020W,1,6.8182,0.673202633857727,0.10269192606210709,0.005001500248908997
YNL119W,YER113C,1,6.804477,0.6753246784210205,0.10368893295526505,0.005001500248908997
YLR010C,YJL168C,0,6.797413,0.6709677577018738,0.10368893295526505,0.005101530347019434
YOR175C,YPL116W,0,6.794137,0.6666666865348816,0.10368893295526505,0.005201560445129871
YDR429C,YDR034C,0,6.7848673,0.662420392036438,0.10368893295526505,0.005301590543240309
YNL068C,YAL041W,1,6.7750177,0.6645569801330566,0.104685939848423,0.005301590543240309
YHR143W,YER109C,1,6.767867,0.6666666865348816,0.10568295419216156,0.005301590543240309
YHR143W,YHR011W,1,6.75319,0.668749988079071,0.10667996108531952,0.005301590543240309
YHR011W,YJR153W,1,6.7389574,0.6708074808120728,0.10767696797847748,0.005301590543240309
YOR363C,YEL054C,0,6.733665,0.6666666865348816,0.10767696797847748,0.005401620641350746
YJL012C,YER185W,0,6.7318316,0.6625766754150391,0.10767696797847748,0.005501650273799896
YKL048C,YER113C,1,6.724281,0.6646341681480408,0.10867397487163544,0.005501650273799896
YMR287C,YPL085W,0,6.715901,0.6606060862541199,0.10867397487163544,0.005601680371910334
YPR006C,YKL103C,0,6.7137575,0.6566265225410461,0.10867397487163544,0.005701710470020771
YDR496C,YKL048C,0,6.713631,0.652694582939148,0.10867397487163544,0.005801740568131208
YNL197C,YAL056W,1,6.7034645,0.6547619104385376,0.10967098921537399,0.005801740568131208
YMR093W,YBR168W,0,6.6846786,0.6508875489234924,0.10967098921537399,0.005901770666241646
YCR038C,YNL138W,1,6.6778135,0.6529411673545837,0.11066799610853195,0.005901770666241646
YCR004C,YER007C-A,0,6.670099,0.6491228342056274,0.11066799610853195,0.006001800764352083
YNL001W,YDL035C,1,6.6607,0.6511628031730652,0.11166500300168991,0.006001800764352083
YER109C,YNL001W,1,6.6449165,0.6531791687011719,0.11266201734542847,0.006001800764352083
YKL185W,YNL079C,1,6.639109,0.6551724076271057,0.11365902423858643,0.006001800764352083
YNL142W,YNR038W,0,6.6224613,0.6514285802841187,0.11365902423858643,0.006101830396801233
YOR032C,YCR093W,1,6.6128216,0.6534090638160706,0.11465603113174438,0.006101830396801233
YGL016W,YDR358W,0,6.6048203,0.6497175097465515,0.11465603113174438,0.006201860494911671
YDR379W,YHR011W,1,6.6010466,0.6516854166984558,0.11565303802490234,0.006201860494911671
YPL115C,YJR147W,1,6.599271,0.6536312699317932,0.1166500523686409,0.006201860494911671
YLR362W,YLR083C,1,6.5849953,0.6555555462837219,0.11764705926179886,0.006201860494911671
YOR030W,YNL001W,1,6.579584,0.6574585437774658,0.11864406615495682,0.006201860494911671
YLR098C,YLR048W,0,6.5778956,0.6538461446762085,0.11864406615495682,0.006301890593022108
YCR038C,YHR011W,1,6.5683713,0.6557376980781555,0.11964107304811478,0.006301890593022108
YOR032C,YMR238W,1,6.5602536,0.657608687877655,0.12063808739185333,0.006301890593022108
YJR160C,YIL069C,0,6.549739,0.6540540456771851,0.12063808739185333,0.0064019206911325455
YGR044C,YOL010W,0,6.540948,0.6505376100540161,0.12063808739185333,0.006501950789242983
YGR264C,YDR100W,0,6.5355506,0.6470588445663452,0.12063808739185333,0.006601980421692133
YOR320C,YLR023C,0,6.5337496,0.6436170339584351,0.12063808739185333,0.00670201051980257
YOL052C-A,YDL083C,0,6.531852,0.6402116417884827,0.12063808739185333,0.006802040617913008
YLR060W,YCR091W,0,6.5207453,0.6368421316146851,0.12063808739185333,0.006902070716023445
YNL119W,YGR143W,0,6.5149846,0.6335078477859497,0.12063808739185333,0.0070021008141338825
YGL148W,YMR101C,0,6.509345,0.6302083134651184,0.12063808739185333,0.007102130446583033
YGR086C,YPR060C,0,6.50716,0.6269429922103882,0.12063808739185333,0.00720216054469347
YGL209W,YNL132W,0,6.5021486,0.623711347579956,0.12063808739185333,0.007302190642803907
YMR238W,YCR093W,1,6.5008473,0.6256410479545593,0.12163509428501129,0.007302190642803907
YNR016C,YPR152C,0,6.4976463,0.6224489808082581,0.12163509428501129,0.007402220740914345
YNL142W,YNL079C,1,6.48497,0.624365508556366,0.12263210117816925,0.007402220740914345
YPL061W,YDR351W,0,6.483568,0.6212121248245239,0.12263210117816925,0.007502250839024782
YOR032C,YJR147W,1,6.481697,0.623115599155426,0.1236291155219078,0.007502250839024782
YHR111W,YDL035C,1,6.4809723,0.625,0.12462612241506577,0.007502250839024782
YGL144C,YPL204W,0,6.4745684,0.6218905448913574,0.12462612241506577,0.007602280471473932
YJL148W,YNL271C,0,6.471258,0.6188119053840637,0.12462612241506577,0.00770231056958437
YPL058C,YDR107C,0,6.4648285,0.6157635450363159,0.12462612241506577,0.007802340667694807
YLR313C,YMR016C,1,6.4630976,0.6176470518112183,0.12562313675880432,0.007802340667694807
YDL127W,YKL180W,0,6.452095,0.6146341562271118,0.12562313675880432,0.007902370765805244
YPL115C,YCR093W,1,6.4515657,0.6165048480033875,0.12662014365196228,0.007902370765805244
YOR127W,YER020W,1,6.4399385,0.6183574795722961,0.12761715054512024,0.007902370765805244
YHR084W,YER113C,1,6.439729,0.620192289352417,0.1286141574382782,0.007902370765805244
YDR301W,YBR040W,0,6.434183,0.6172248721122742,0.1286141574382782,0.008002400398254395
YNL298W,YAL056W,1,6.4314985,0.6190476417541504,0.12961116433143616,0.008002400398254395
YLR313C,YDR379W,1,6.431279,0.620853066444397,0.13060817122459412,0.008002400398254395
YMR186W,YNL294C,0,6.429554,0.6179245114326477,0.13060817122459412,0.00810243096202612
YOR315W,YDL035C,1,6.4264736,0.6197183132171631,0.13160517811775208,0.00810243096202612
YNL098C,YIL131C,1,6.4199653,0.6214953064918518,0.13260219991207123,0.00810243096202612
YKL048C,YMR238W,1,6.4166,0.6232557892799377,0.1335992068052292,0.00810243096202612
YNL182C,YMR257C,0,6.4048185,0.6203703880310059,0.1335992068052292,0.00820246059447527
YNL271C,YER118C,1,6.403571,0.6221198439598083,0.13459621369838715,0.00820246059447527
YNL138W,YGL190C,1,6.3922377,0.6238532066345215,0.1355932205915451,0.00820246059447527
YOL120C,YNL202W,0,6.3920345,0.621004581451416,0.1355932205915451,0.008302491158246994
YJR103W,YDR150W,0,6.3904247,0.6181818246841431,0.1355932205915451,0.008402520790696144
YHR079C,YDR150W,0,6.389513,0.6153846383094788,0.1355932205915451,0.008502550423145294
YOR030W,YER113C,1,6.387801,0.6171171069145203,0.13659022748470306,0.008502550423145294
YJL162C,YAL007C,0,6.3844147,0.6143497824668884,0.13659022748470306,0.008602580986917019
YPL036W,YLR045C,0,6.3836527,0.6116071343421936,0.13659022748470306,0.008702610619366169
YHR111W,YNL119W,1,6.38334,0.6133333444595337,0.13758723437786102,0.008702610619366169
YDR441C,YNR030W,0,6.382636,0.6106194853782654,0.13758723437786102,0.008802641183137894
YNL119W,YCR093W,1,6.3809786,0.6123347878456116,0.13858424127101898,0.008802641183137894
YJL162C,YPL019C,0,6.3777924,0.609649121761322,0.13858424127101898,0.008902670815587044
YNL098C,YGR083C,0,6.3645077,0.6069868803024292,0.13858424127101898,0.009002700448036194
YBR066C,YNL001W,1,6.363009,0.6086956262588501,0.13958126306533813,0.009002700448036194
YHR011W,YNL142W,1,6.3626842,0.6103895902633667,0.1405782699584961,0.009002700448036194
YGL076C,YPL167C,0,6.356741,0.607758641242981,0.1405782699584961,0.009102731011807919
YLR083C,YMR238W,1,6.3545775,0.6094420552253723,0.14157527685165405,0.009102731011807919
YER113C,YGL190C,1,6.3456526,0.6111111044883728,0.142572283744812,0.009102731011807919
YLR360W,YFR036W,0,6.3388653,0.6085106134414673,0.142572283744812,0.009202760644257069
YHL007C,YER020W,1,6.3229723,0.6101694703102112,0.14356929063796997,0.009202760644257069
YER177W,YHR073W,1,6.316126,0.6118143200874329,0.14456629753112793,0.009202760644257069
YJL011C,YNL103W,0,6.3149967,0.6092436909675598,0.14456629753112793,0.009302791208028793
YER113C,YER020W,1,6.310114,0.6108786463737488,0.1455633044242859,0.009302791208028793
YMR316W,YDL035C,1,6.309045,0.612500011920929,0.14656032621860504,0.009302791208028793
YAL023C,YML060W,0,6.308442,0.6099585294723511,0.14656032621860504,0.009402820840477943
YHR069C,YBR092C,0,6.302639,0.6074380278587341,0.14656032621860504,0.009502850472927094
YDL024C,YNL079C,1,6.301073,0.6090534925460815,0.147557333111763,0.009502850472927094
YOR353C,YMR274C,0,6.296402,0.6065573692321777,0.147557333111763,0.009602881036698818
YJL106W,YDL171C,0,6.2961783,0.6040816307067871,0.147557333111763,0.009702910669147968
YMR016C,YLR083C,1,6.291197,0.6056910753250122,0.14855434000492096,0.009702910669147968
YJR155W,YOR224C,0,6.2870207,0.6032388806343079,0.14855434000492096,0.009802941232919693
YMR316W,YDR251W,1,6.280999,0.6048387289047241,0.14955134689807892,0.009802941232919693
YGL014W,YBR208C,0,6.2806835,0.6024096608161926,0.14955134689807892,0.009902970865368843
YER177W,YER149C,1,6.2507124,0.6039999723434448,0.15054835379123688,0.009902970865368843
YPR110C,YPR167C,0,6.2429447,0.6015936136245728,0.15054835379123688,0.010003000497817993
YEL018W,YDR518W,0,6.2415886,0.5992063283920288,0.15054835379123688,0.010103031061589718
YBR251W,YAL019W,0,6.235201,0.5968379378318787,0.15054835379123688,0.010203060694038868
YNL197C,YOR032C,1,6.235178,0.5984252095222473,0.15154536068439484,0.010203060694038868
YNL298W,YDR043C,1,6.234603,0.6000000238418579,0.1525423675775528,0.010203060694038868
YPR072W,YNL117W,0,6.2316904,0.59765625,0.1525423675775528,0.010303091257810593
YNL119W,YPL021W,1,6.2302585,0.5992217659950256,0.15353937447071075,0.010303091257810593
YLR289W,YCR011C,0,6.2174616,0.5968992114067078,0.15353937447071075,0.010403120890259743
YDL247W,YIL070C,0,6.21256,0.5945945978164673,0.15353937447071075,0.010503150522708893
YNL298W,YJR147W,1,6.210848,0.5961538553237915,0.1545363962650299,0.010503150522708893
YHR058C,YOL052C-A,0,6.205517,0.5938697457313538,0.1545363962650299,0.010603181086480618
YHR073W,YER020W,1,6.201234,0.5954198241233826,0.15553340315818787,0.010603181086480618
YKL062W,YMR308C,0,6.186927,0.5931559205055237,0.15553340315818787,0.010703210718929768
YNL175C,YNR059W,0,6.185318,0.5909090638160706,0.15553340315818787,0.010803241282701492
YAL024C,YER185W,0,6.1720424,0.5886792540550232,0.15553340315818787,0.010903270915150642
YGR052W,YER088C,0,6.168643,0.5864661931991577,0.15553340315818787,0.011003300547599792
YER099C,YDL130W-A,0,6.16569,0.584269642829895,0.15553340315818787,0.011103331111371517
YNL271C,YLR083C,1,6.1623297,0.5858209133148193,0.15653041005134583,0.011103331111371517
YNL068C,YHR073W,1,6.1427774,0.5873606204986572,0.15752741694450378,0.011103331111371517
YNL271C,YLL021W,1,6.1384115,0.5888888835906982,0.15852442383766174,0.011103331111371517
YPL116W,YKL173W,0,6.136854,0.5867158770561218,0.15852442383766174,0.011203360743820667
YNL138W,YLR083C,1,6.1346335,0.5882353186607361,0.1595214307308197,0.011203360743820667
YNL298W,YJR153W,1,6.1292524,0.5897436141967773,0.16051843762397766,0.011203360743820667
YOR127W,YLR353W,1,6.1266155,0.5912408828735352,0.16151545941829681,0.011203360743820667
YKL185W,YNL142W,1,6.121814,0.5927272439002991,0.16251246631145477,0.011203360743820667
YLR086W,YKL043W,0,6.1162806,0.5905796885490417,0.16251246631145477,0.011303391307592392
YOR320C,YBR045C,0,6.111032,0.588447630405426,0.16251246631145477,0.011403420940041542
YHR027C,YER015W,0,6.100442,0.5863309502601624,0.16251246631145477,0.011503450572490692
YDL024C,YCR093W,1,6.089629,0.5878136157989502,0.16350947320461273,0.011503450572490692
YOR142W,YOL120C,0,6.084691,0.5857142806053162,0.16350947320461273,0.011603481136262417
YGR118W,YOL019W,0,6.0826607,0.5836299061775208,0.16350947320461273,0.011703510768711567
YDR379W,YKL185W,1,6.0775766,0.585106372833252,0.1645064800977707,0.011703510768711567
YLR313C,YNL197C,1,6.0774627,0.5865724086761475,0.16550348699092865,0.011703510768711567
YOR315W,YNL142W,1,6.0715265,0.5880281925201416,0.1665004938840866,0.011703510768711567
YBL072C,YLR323C,0,6.06645,0.5859649181365967,0.1665004938840866,0.011803541332483292
YER177W,YLR353W,1,6.055599,0.5874125957489014,0.16749750077724457,0.011803541332483292
YBR267W,YBR046C,0,6.0522904,0.5853658318519592,0.16749750077724457,0.011903570964932442
YPL115C,YDR379W,1,6.051543,0.5868055820465088,0.16849452257156372,0.011903570964932442
YNL172W,YBL079W,0,6.0399218,0.5847750902175903,0.16849452257156372,0.012003601528704166
YNL138W,YLL021W,1,6.038987,0.5862069129943848,0.16949152946472168,0.012003601528704166
YPL021W,YLL021W,1,6.027014,0.5876288414001465,0.17048853635787964,0.012003601528704166
YHR011W,YGL219C,0,6.0206404,0.585616409778595,0.17048853635787964,0.012103631161153316
YPR043W,YNR057C,0,6.011845,0.5836177468299866,0.17048853635787964,0.012203660793602467
YKR049C,YMR127C,0,6.0032907,0.581632673740387,0.17048853635787964,0.012303691357374191
YFR038W,YDR518W,0,5.999098,0.5796610116958618,0.17048853635787964,0.012403720989823341
YNR050C,YIR009W,0,5.9969177,0.5777027010917664,0.17048853635787964,0.012503751553595066
YHR143W,YJR153W,1,5.996895,0.5791245698928833,0.1714855432510376,0.012503751553595066
YHL007C,YBR066C,1,5.9963136,0.5805369019508362,0.17248255014419556,0.012503751553595066
YKL048C,YDL035C,1,5.9944096,0.5819398164749146,0.17347955703735352,0.012503751553595066
YOL080C,YLR209C,0,5.9940214,0.5799999833106995,0.17347955703735352,0.012603781186044216
YNL162W,YOL112W,0,5.988687,0.5780730843544006,0.17347955703735352,0.012703810818493366
YOR315W,YBR066C,1,5.9806185,0.5794702172279358,0.17447656393051147,0.012703810818493366
YDL024C,YMR238W,1,5.9797316,0.5808581113815308,0.17547358572483063,0.012703810818493366
YDL024C,YER109C,1,5.9723277,0.5822368264198303,0.1764705926179886,0.012703810818493366
YBR085W,YBR297W,0,5.96994,0.5803278684616089,0.1764705926179886,0.012803841382265091
YLL045C,YPL281C,0,5.966322,0.5784313678741455,0.1764705926179886,0.012903871014714241
YOR032C,YLR083C,1,5.965306,0.579804539680481,0.17746759951114655,0.012903871014714241
YDR379W,YDR107C,1,5.959612,0.5811688303947449,0.1784646064043045,0.012903871014714241
YHR111W,YHR143W,1,5.9577265,0.582524299621582,0.17946161329746246,0.012903871014714241
YLR432W,YOL078W,0,5.955739,0.5806451439857483,0.17946161329746246,0.013003901578485966
YGR189C,YHR120W,0,5.9532337,0.5787781476974487,0.17946161329746246,0.013103931210935116
YNL298W,YLR353W,1,5.933555,0.5801281929016113,0.18045862019062042,0.013103931210935116
YNL142W,YLL026W,0,5.9300184,0.5782747864723206,0.18045862019062042,0.013203960843384266
YOR127W,YKL048C,1,5.9292994,0.5796178579330444,0.18145562708377838,0.013203960843384266
YOR369C,YLR011W,0,5.92646,0.5777778029441833,0.18145562708377838,0.01330399140715599
YNL119W,YJR147W,1,5.9190845,0.5791139006614685,0.18245264887809753,0.01330399140715599
YMR186W,YGR263C,0,5.918023,0.5772870779037476,0.18245264887809753,0.01340402103960514
YKL185W,YER020W,1,5.9161634,0.5786163806915283,0.1834496557712555,0.01340402103960514
YMR284W,YLR190W,0,5.9083376,0.5768024921417236,0.1834496557712555,0.013504051603376865
YDL145C,YPR001W,0,5.9000936,0.574999988079071,0.1834496557712555,0.013604081235826015
YJR131W,YML094W,0,5.897702,0.573208749294281,0.1834496557712555,0.013704110868275166
YJR004C,YDR280W,0,5.896147,0.5714285969734192,0.1834496557712555,0.01380414143204689
YDR118W,YNR057C,0,5.892703,0.5696594715118408,0.1834496557712555,0.01390417106449604
YKL185W,YOR358W,0,5.8925858,0.5679012537002563,0.1834496557712555,0.014004201628267765
YDR074W,YLR105C,0,5.879865,0.5661538243293762,0.1834496557712555,0.014104231260716915
YMR093W,YPL021W,0,5.8704977,0.5644171833992004,0.1834496557712555,0.014204260893166065
YDR046C,YIL072W,0,5.869479,0.5626911520957947,0.1834496557712555,0.01430429145693779
YER177W,YER020W,1,5.864613,0.5640243887901306,0.18444666266441345,0.01430429145693779
YPL126W,YLR160C,0,5.860885,0.5623100399971008,0.18444666266441345,0.01440432108938694
YMR016C,YER113C,1,5.8532124,0.5636363625526428,0.1854436695575714,0.01440432108938694
YDR438W,YOL052C,0,5.8502636,0.5619335174560547,0.1854436695575714,0.014504351653158665
YHR143W,YPL172C,0,5.8498125,0.5602409839630127,0.1854436695575714,0.014604381285607815
YMR316W,YNL197C,1,5.840223,0.5615615844726562,0.18644067645072937,0.014604381285607815
YHR111W,YDR251W,1,5.839655,0.5628742575645447,0.18743768334388733,0.014604381285607815
YHR010W,YMR184W,0,5.838773,0.5611940026283264,0.18743768334388733,0.014704410918056965
YJL194W,YOR096W,0,5.835347,0.5595238208770752,0.18743768334388733,0.01480444148182869
YJR075W,YPR102C,0,5.832368,0.5578634738922119,0.18743768334388733,0.01490447111427784
YDL024C,YBR083W,1,5.8254194,0.5591716170310974,0.1884346902370453,0.01490447111427784
YDR379W,YER020W,1,5.825156,0.5604719519615173,0.18943171203136444,0.01490447111427784
YPL115C,YOR032C,1,5.8227916,0.5617647171020508,0.1904287189245224,0.01490447111427784
YLR312W-A,YPL092W,0,5.8146515,0.5601173043251038,0.1904287189245224,0.015004501678049564
YNL062C,YDR376W,0,5.8083014,0.5584795475006104,0.1904287189245224,0.015104531310498714
YOR189W,YGR123C,0,5.8048296,0.556851327419281,0.1904287189245224,0.015204560942947865
YOL042W,YPL269W,0,5.797804,0.555232584476471,0.1904287189245224,0.01530459150671959
YNL142W,YBL085W,0,5.796311,0.5536231994628906,0.1904287189245224,0.01540462113916874
YOR127W,YJR147W,1,5.7960367,0.5549132823944092,0.19142572581768036,0.01540462113916874
YDR403W,YKL081W,0,5.7949314,0.5533141493797302,0.19142572581768036,0.015504651702940464
YPR119W,YER159C,0,5.7947598,0.5517241358757019,0.19142572581768036,0.015604681335389614
YER113C,YCR093W,1,5.7945285,0.5530086159706116,0.19242273271083832,0.015604681335389614
YNL098C,YER020W,1,5.7864037,0.5542857050895691,0.19341973960399628,0.015604681335389614
YDR212W,YLR306W,0,5.7812805,0.5527065396308899,0.19341973960399628,0.01570471189916134
YOR372C,YMR012W,0,5.7690377,0.5511363744735718,0.19341973960399628,0.01580474153161049
YDR477W,YLR083C,1,5.754299,0.5524079203605652,0.19441674649715424,0.01580474153161049
YOL093W,YIL124W,0,5.7536697,0.5508474707603455,0.19441674649715424,0.01590477116405964
YLL021W,YGL190C,1,5.7481546,0.5521126985549927,0.1954137533903122,0.01590477116405964
YDR107C,YCR093W,1,5.747985,0.5533707737922668,0.19641076028347015,0.01590477116405964
YOR313C,YOR386W,0,5.7463126,0.5518207550048828,0.19641076028347015,0.01600480079650879
YAR031W,YLL043W,0,5.7418633,0.5502793192863464,0.19641076028347015,0.01610483229160309
YMR182C,YPL019C,0,5.7411256,0.5487465262413025,0.19641076028347015,0.01620486192405224
YOR032C,YOR299W,0,5.733833,0.5472221970558167,0.19641076028347015,0.01630489155650139
YBR069C,YKR061W,0,5.7325726,0.5457063913345337,0.19641076028347015,0.01640492118895054
YML091C,YKL174C,0,5.7309885,0.5441988706588745,0.19641076028347015,0.01650495082139969
YDR392W,YIL131C,1,5.7209816,0.5454545617103577,0.1974077820777893,0.01650495082139969
YOR032C,YGR217W,0,5.7197843,0.5439560413360596,0.1974077820777893,0.016604982316493988
YDL159W,YAL056W,1,5.71861,0.5452054738998413,0.19840478897094727,0.016604982316493988
YFL039C,YBR130C,0,5.7175784,0.5437158346176147,0.19840478897094727,0.016705011948943138
YJL071W,YMR001C,0,5.7166595,0.5422343611717224,0.19840478897094727,0.016805041581392288
YER151C,YNL112W,0,5.715523,0.54076087474823,0.19840478897094727,0.01690507121384144
YER177W,YDL035C,1,5.6985784,0.5420054197311401,0.19940179586410522,0.01690507121384144
YDR379W,YLR353W,1,5.697342,0.5432432293891907,0.20039880275726318,0.01690507121384144
YKL185W,YER149C,1,5.692927,0.5444744229316711,0.20139580965042114,0.01690507121384144
YOL003C,YIL143C,0,5.675822,0.5430107712745667,0.20139580965042114,0.01700510084629059
YKL056C,YDL170W,0,5.6615725,0.5415549874305725,0.20139580965042114,0.017105132341384888
YKL185W,YNL119W,1,5.6577187,0.5427807569503784,0.2023928165435791,0.017105132341384888
YEL053C,YMR015C,0,5.6576557,0.5413333177566528,0.2023928165435791,0.017205161973834038
YLR176C,YAL002W,0,5.656945,0.539893627166748,0.2023928165435791,0.017305191606283188
YDR429C,YJL004C,0,5.656187,0.5384615659713745,0.2023928165435791,0.017405221238732338
YDL024C,YAL041W,1,5.6493664,0.5396825671195984,0.20338982343673706,0.017405221238732338
YDR107C,YJR147W,1,5.647356,0.5408970713615417,0.2043868452310562,0.017405221238732338
YER090W,YPL281C,0,5.636697,0.5394737124443054,0.2043868452310562,0.017505250871181488
YDR362C,YLR411W,0,5.627953,0.5380577445030212,0.2043868452310562,0.017605282366275787
YNR007C,YER155C,0,5.623184,0.536649227142334,0.2043868452310562,0.017705311998724937
YNL068C,YER020W,1,5.6218147,0.5378590226173401,0.20538385212421417,0.017705311998724937
YHR079C,YLR432W,0,5.620221,0.5364583134651184,0.20538385212421417,0.017805341631174088
YJL026W,YER101C,0,5.6164217,0.5350649356842041,0.20538385212421417,0.017905371263623238
YNL066W,YER113C,0,5.615123,0.5336787700653076,0.20538385212421417,0.018005400896072388
YBR191W,YDR137W,0,5.6145487,0.5322997570037842,0.20538385212421417,0.018105432391166687
YNL098C,YAL056W,1,5.61395,0.5335051417350769,0.20638085901737213,0.018105432391166687
YLL021W,YER020W,1,5.612776,0.5347043871879578,0.2073778659105301,0.018105432391166687
YFR031C-A,YIL095W,0,5.607801,0.5333333611488342,0.2073778659105301,0.018205462023615837
YKL185W,YHR011W,1,5.606734,0.5345268249511719,0.20837487280368805,0.018205462023615837
YIL120W,YJL157C,0,5.5979686,0.5331632494926453,0.20837487280368805,0.018305491656064987
YBR003W,YBR257W,0,5.5941353,0.5318065881729126,0.20837487280368805,0.018405521288514137
YKL006C-A,YHR132C,0,5.590127,0.5304568409919739,0.20837487280368805,0.018505550920963287
YLR313C,YDR107C,1,5.586877,0.5316455960273743,0.209371879696846,0.018505550920963287
YER109C,YER149C,1,5.5828233,0.5328282713890076,0.21036888659000397,0.018505550920963287
YHR179W,YCL059C,0,5.5775228,0.5314861536026001,0.21036888659000397,0.018605582416057587
YDR107C,YAL056W,1,5.5752916,0.5326633453369141,0.21136590838432312,0.018605582416057587
YGR208W,YPL171C,0,5.5738645,0.5313283205032349,0.21136590838432312,0.018705612048506737
YHR030C,YFR015C,0,5.5686755,0.5299999713897705,0.21136590838432312,0.018805641680955887
YML074C,YML099C,0,5.5681133,0.528678297996521,0.21136590838432312,0.018905671313405037
YKL185W,YAL056W,1,5.5668697,0.5298507213592529,0.21236291527748108,0.018905671313405037
YKL140W,YOR315W,0,5.557754,0.5285359621047974,0.21236291527748108,0.019005700945854187
YNL271C,YCR093W,1,5.554557,0.5297029614448547,0.21335992217063904,0.019005700945854187
YJR004C,YDR023W,0,5.553279,0.5283950567245483,0.21335992217063904,0.019105732440948486
YER165W,YJL214W,0,5.5514183,0.5270935893058777,0.21335992217063904,0.019205762073397636
YNL138W,YGR271W,0,5.551187,0.525798499584198,0.21335992217063904,0.019305791705846786
YOR087W,YLR299W,0,5.5500717,0.5245097875595093,0.21335992217063904,0.019405821338295937
YML034W,YHR101C,0,5.54162,0.5232273936271667,0.21335992217063904,0.019505850970745087
YAR035W,YHR025W,0,5.540614,0.5219511985778809,0.21335992217063904,0.019605882465839386
YNL162W,YOL117W,0,5.5395813,0.5206812620162964,0.21335992217063904,0.019705912098288536
YHR143W,YNL001W,1,5.536029,0.5218446850776672,0.214356929063797,0.019705912098288536
YHR011W,YCR093W,1,5.535083,0.5230024456977844,0.21535393595695496,0.019705912098288536
YGR138C,YDL166C,0,5.527827,0.52173912525177,0.21535393595695496,0.019805941730737686
YJR051W,YOR119C,0,5.526256,0.5204819440841675,0.21535393595695496,0.019905971363186836
YGR014W,YFR047C,0,5.5247364,0.5192307829856873,0.21535393595695496,0.020006000995635986
YNL142W,YNL138W,1,5.522682,0.5203837156295776,0.21635094285011292,0.020006000995635986
YEL040W,YMR015C,0,5.5201797,0.519138753414154,0.21635094285011292,0.020106032490730286
YMR016C,YJR153W,1,5.5172,0.5202863812446594,0.21734794974327087,0.020106032490730286
YHR143W,YAL041W,1,5.5126963,0.5214285850524902,0.21834497153759003,0.020106032490730286
YGR144W,YGL009C,0,5.5098658,0.5201900005340576,0.21834497153759003,0.020206062123179436
YMR316W,YPL021W,1,5.509756,0.521327018737793,0.21934197843074799,0.020206062123179436
YCR038C,YOR032C,1,5.506426,0.5224586129188538,0.22033898532390594,0.020206062123179436
YIL111W,YBR094W,0,5.5048003,0.5212264060974121,0.22033898532390594,0.020306091755628586
YOR315W,YNL001W,1,5.503111,0.522352933883667,0.2213359922170639,0.020306091755628586
YGR253C,YGR214W,0,5.501959,0.5211267471313477,0.2213359922170639,0.020406121388077736
YGL009C,YDR101C,0,5.496056,0.5199063420295715,0.2213359922170639,0.020506151020526886
YDR501W,YLR357W,0,5.4955626,0.5186915993690491,0.2213359922170639,0.020606182515621185
YDR447C,YOR177C,0,5.4920897,0.5174825191497803,0.2213359922170639,0.020706212148070335
YMR004W,YGL253W,0,5.4903097,0.5162790417671204,0.2213359922170639,0.020806241780519485
YGR271W,YCR053W,0,5.485486,0.5150812268257141,0.2213359922170639,0.020906271412968636
YOL101C,YDR169C,0,5.484097,0.5138888955116272,0.2213359922170639,0.021006301045417786
YHR084W,YNL001W,1,5.477172,0.5150115489959717,0.22233299911022186,0.021006301045417786
YPL126W,YOR324C,0,5.473656,0.5138248801231384,0.22233299911022186,0.021106332540512085
YLR107W,YNL112W,0,5.4708304,0.5126436948776245,0.22233299911022186,0.021206362172961235
YGL209W,YFL001W,0,5.4665565,0.5114678740501404,0.22233299911022186,0.021306391805410385
YLR251W,YLR190W,0,5.462842,0.5102974772453308,0.22233299911022186,0.021406421437859535
YOL080C,YDL035C,0,5.4584193,0.509132444858551,0.22233299911022186,0.021506451070308685
YJL079C,YMR233W,0,5.4561567,0.5079726576805115,0.22233299911022186,0.021606482565402985
YPL115C,YBR066C,1,5.4538355,0.5090909004211426,0.22333000600337982,0.021606482565402985
YDL145C,YDR014W,0,5.4531116,0.5079365372657776,0.22333000600337982,0.021706512197852135
YHR142W,YNL297C,0,5.4503613,0.5067873597145081,0.22333000600337982,0.021806541830301285
YOR254C,YOL155C,0,5.4501724,0.505643367767334,0.22333000600337982,0.021906571462750435
YOL084W,YOR032C,0,5.4470444,0.5045045018196106,0.22333000600337982,0.022006601095199585
YNL271C,YHR073W,1,5.4467783,0.5056179761886597,0.22432701289653778,0.022006601095199585
YLR291C,YER045C,0,5.4402204,0.5044842958450317,0.22432701289653778,0.022106632590293884
YGR156W,YMR146C,0,5.43571,0.5033556818962097,0.22432701289653778,0.022206662222743034
YNL068C,YBR066C,1,5.4356766,0.5044642686843872,0.22532403469085693,0.022206662222743034
YOL117W,YOL030W,0,5.433981,0.5033407807350159,0.22532403469085693,0.022306691855192184
YOR008C,YBR182C,0,5.431449,0.5022222399711609,0.22532403469085693,0.022406721487641335
YOR315W,YPL021W,1,5.421319,0.5033259391784668,0.2263210415840149,0.022406721487641335
YER177W,YDR392W,1,5.421171,0.5044247508049011,0.22731804847717285,0.022406721487641335
YBR180W,YDR368W,0,5.409994,0.503311276435852,0.22731804847717285,0.022506751120090485
YNL160W,YOR308C,0,5.4068565,0.5022026300430298,0.22731804847717285,0.022606782615184784
YER061C,YHR011W,0,5.3993797,0.5010989308357239,0.22731804847717285,0.022706812247633934
YPR187W,YKL175W,0,5.398856,0.5,0.22731804847717285,0.022806841880083084
YNL062C,YNL098C,0,5.397337,0.49890589714050293,0.22731804847717285,0.022906871512532234
YOR206W,YDR421W,0,5.396763,0.4978165924549103,0.22731804847717285,0.023006901144981384
YKL011C,YNR060W,0,5.388129,0.49673202633857727,0.22731804847717285,0.023106932640075684
YDR468C,YPL036W,0,5.3854017,0.4956521689891815,0.22731804847717285,0.023206962272524834
YHR059W,YJL081C,0,5.383815,0.494577020406723,0.22731804847717285,0.023306991904973984
YGR134W,YLR061W,0,5.379818,0.4935064911842346,0.22731804847717285,0.023407021537423134
YHR143W,YDR107C,1,5.3787684,0.49460044503211975,0.2283150553703308,0.023407021537423134
YAL023C,YDL154W,0,5.374958,0.49353447556495667,0.2283150553703308,0.023507053032517433
YDL159W,YNL271C,1,5.374595,0.49462366104125977,0.22931206226348877,0.023507053032517433
YOL007C,YKL015W,0,5.361206,0.4935622215270996,0.22931206226348877,0.023607082664966583
YLR086W,YPL204W,0,5.358816,0.49250534176826477,0.22931206226348877,0.023707112297415733
YOR313C,YHR190W,0,5.3586946,0.49145299196243286,0.22931206226348877,0.023807141929864883
YHL025W,YDL160C,0,5.3565073,0.4904051125049591,0.22931206226348877,0.023907171562314034
YPL007C,YMR006C,0,5.3515615,0.4893617033958435,0.22931206226348877,0.024007203057408333
YDL059C,YMR296C,0,5.350936,0.4883227050304413,0.22931206226348877,0.024107232689857483
YJR153W,YCR093W,1,5.3509226,0.4894067943096161,0.23030906915664673,0.024107232689857483
YKR102W,YMR077C,0,5.349967,0.4883720874786377,0.23030906915664673,0.024207262322306633
YGL246C,YPL274W,0,5.34556,0.4873417615890503,0.23030906915664673,0.024307291954755783
YKL185W,YMR016C,1,5.3379745,0.4884210526943207,0.2313060760498047,0.024307291954755783
YHR073W,YIL131C,1,5.332054,0.48949578404426575,0.23230309784412384,0.024307291954755783
YLR142W,YDR449C,0,5.3292155,0.48846960067749023,0.23230309784412384,0.024407321587204933
YDR300C,YAL041W,0,5.3276863,0.48744770884513855,0.23230309784412384,0.024507353082299232
YOR075W,YOL020W,0,5.3257937,0.4864300489425659,0.23230309784412384,0.024607382714748383
YHR111W,YBR214W,0,5.3253684,0.4854166805744171,0.23230309784412384,0.024707412347197533
YOR315W,YGL190C,1,5.3249683,0.4864864945411682,0.2333001047372818,0.024707412347197533
YNL271C,YOR032C,1,5.3212404,0.48755186796188354,0.23429711163043976,0.024707412347197533
YPR161C,YDR383C,0,5.316716,0.4865424335002899,0.23429711163043976,0.024807441979646683
YIR019C,YNL001W,1,5.3127737,0.4876033067703247,0.23529411852359772,0.024807441979646683
YNL302C,YLR121C,0,5.3109465,0.4865979254245758,0.23529411852359772,0.024907471612095833
YIL138C,YLR409C,0,5.309987,0.4855967164039612,0.23529411852359772,0.025007503107190132
YLR353W,YNL138W,1,5.3078957,0.4866529703140259,0.23629112541675568,0.025007503107190132
YDR381W,YKL108W,0,5.3023643,0.4856557250022888,0.23629112541675568,0.025107532739639282
YKR019C,YOR175C,0,5.3010273,0.48466256260871887,0.23629112541675568,0.025207562372088432
YDR043C,YMR238W,1,5.300415,0.48571428656578064,0.23728813230991364,0.025207562372088432
YER029C,YKL218C,0,5.300269,0.48472505807876587,0.23728813230991364,0.025307592004537582
YLR061W,YDR019C,0,5.2950525,0.48373982310295105,0.23728813230991364,0.025407621636986732
YLR450W,YDR082W,0,5.2867184,0.48275861144065857,0.23728813230991364,0.025507653132081032
YJL034W,YLR080W,0,5.2839622,0.48178136348724365,0.23728813230991364,0.025607682764530182
YOL104C,YBL063W,0,5.2831373,0.4808080792427063,0.23728813230991364,0.025707712396979332
YDL171C,YDL046W,0,5.280404,0.47983869910240173,0.23728813230991364,0.025807742029428482
YOR127W,YGR220C,0,5.2798357,0.47887325286865234,0.23728813230991364,0.025907771661877632
YMR015C,YKR026C,0,5.274206,0.47791165113449097,0.23728813230991364,0.02600780315697193
YHR193C,YOL051W,0,5.2622204,0.4769538938999176,0.23728813230991364,0.02610783278942108
YOR371C,YHR011W,1,5.2618694,0.4779999852180481,0.2382851392030716,0.02610783278942108
YHR149C,YDL045C,0,5.2614384,0.4770458936691284,0.2382851392030716,0.02620786242187023
YOR315W,YKL043W,1,5.260356,0.4780876636505127,0.23928214609622955,0.02620786242187023
YAL056W,YMR238W,1,5.253847,0.4791252613067627,0.2402791678905487,0.02620786242187023
YBR187W,YNL230C,0,5.2537475,0.4781745970249176,0.2402791678905487,0.02630789205431938
YJR153W,YLR083C,1,5.2535863,0.47920793294906616,0.24127617478370667,0.02630789205431938
YDL061C,YOR273C,0,5.2530317,0.47826087474823,0.24127617478370667,0.026407921686768532
YGL189C,YIR025W,0,5.2505465,0.47731754183769226,0.24127617478370667,0.02650795318186283
YOR119C,YKL069W,0,5.2500925,0.4763779640197754,0.24127617478370667,0.02660798281431198
YDL003W,YLR390W,0,5.2421403,0.4754420518875122,0.24127617478370667,0.02670801244676113
YIR031C,YLL048C,0,5.2394714,0.4745098054409027,0.24127617478370667,0.02680804207921028
YDR098C,YLR206W,0,5.2375355,0.4735812246799469,0.24127617478370667,0.02690807171165943
YOR158W,YGR193C,0,5.2354193,0.47265625,0.24127617478370667,0.02700810320675373
YLR313C,YDL024C,1,5.233308,0.4736842215061188,0.24227318167686462,0.02700810320675373
YJR119C,YBR066C,0,5.231449,0.4727626442909241,0.24227318167686462,0.02710813283920288
YKR100C,YNR044W,0,5.231306,0.4718446731567383,0.24227318167686462,0.02720816247165203
YHR111W,YDR043C,1,5.2296867,0.4728682041168213,0.24327018857002258,0.02720816247165203
YJR092W,YGR263C,0,5.2274623,0.4719535708427429,0.24327018857002258,0.02730819210410118
YDR172W,YJR151C,0,5.227439,0.4710424840450287,0.24327018857002258,0.02740822173655033
YJL065C,YOL030W,0,5.2256813,0.4701348841190338,0.24327018857002258,0.02750825323164463
YPL126W,YOR249C,0,5.2253304,0.4692307710647583,0.24327018857002258,0.02760828286409378
YNL271C,YNL142W,1,5.2235556,0.4702495336532593,0.24426719546318054,0.02760828286409378
YMR136W,YOR243C,0,5.2203813,0.469348669052124,0.24426719546318054,0.02770831249654293
YCR038C,YGL120C,0,5.216933,0.46845123171806335,0.24426719546318054,0.02780834212899208
YER177W,YHR143W,1,5.212881,0.4694656431674957,0.2452642023563385,0.02780834212899208
YMR080C,YCR098C,0,5.2115583,0.46857142448425293,0.2452642023563385,0.02790837176144123
YKL149C,YNL068C,1,5.2110705,0.4695817530155182,0.24626120924949646,0.02790837176144123
YJR021C,YOL155C,0,5.210863,0.4686906933784485,0.24626120924949646,0.02800840325653553
YGR144W,YJL172W,0,5.210224,0.467803031206131,0.24626120924949646,0.02810843288898468
YDR386W,YGR124W,0,5.2096205,0.4669187068939209,0.24626120924949646,0.02820846252143383
YGR224W,YDR395W,0,5.209182,0.4660377502441406,0.24626120924949646,0.02830849215388298
YBR003W,YDR200C,0,5.2038136,0.465160071849823,0.24626120924949646,0.02840852178633213
YML052W,YKL081W,0,5.200617,0.4642857015132904,0.24626120924949646,0.02850855328142643
YPR028W,YKR049C,0,5.1981792,0.46341463923454285,0.24626120924949646,0.02860858291387558
YGR279C,YDR107C,0,5.198124,0.46254682540893555,0.24626120924949646,0.02870861254632473
YOR237W,YJL189W,0,5.1853604,0.4616822302341461,0.24626120924949646,0.02880864217877388
YLR246W,YLR329W,0,5.1843433,0.46082088351249695,0.24626120924949646,0.02890867181122303
YDR432W,YNL142W,1,5.1820726,0.4618249535560608,0.2472582310438156,0.02890867181122303
YDR212W,YER123W,0,5.180945,0.460966557264328,0.2472582310438156,0.02900870330631733
YJR153W,YGL190C,1,5.180478,0.4619666039943695,0.24825523793697357,0.02900870330631733
YPL183W-A,YNL325C,0,5.180155,0.4611110985279083,0.24825523793697357,0.02910873293876648
YPL115C,YGL190C,1,5.1797953,0.46210721135139465,0.24925224483013153,0.02910873293876648
YLR220W,YHR184W,0,5.174719,0.46125462651252747,0.24925224483013153,0.02920876257121563
YOR127W,YER093C,0,5.167445,0.460405170917511,0.24925224483013153,0.02930879220366478
YBL007C,YER150W,0,5.166258,0.4595588147640228,0.24925224483013153,0.02940882183611393
YAL016W,YEL039C,0,5.1656914,0.4587155878543854,0.24925224483013153,0.02950885333120823
YDR200C,YCR031C,0,5.15782,0.45787546038627625,0.24925224483013153,0.02960888296365738
YDR043C,YIL131C,1,5.1575146,0.45886653661727905,0.2502492666244507,0.02960888296365738
YKL009W,YOL154W,0,5.145591,0.45802921056747437,0.2502492666244507,0.02970891259610653
YAL062W,YPR118W,0,5.1449847,0.45719489455223083,0.2502492666244507,0.02980894222855568
YOR315W,YCR038C,1,5.144422,0.45818182826042175,0.25124627351760864,0.02980894222855568
YGL135W,YMR088C,0,5.143181,0.4573502838611603,0.25124627351760864,0.02990897186100483
YHR169W,YHL004W,0,5.142254,0.45652174949645996,0.25124627351760864,0.03000900335609913
YOR087W,YFL004W,0,5.141015,0.4556961953639984,0.25124627351760864,0.03010903298854828
YNL298W,YNL197C,1,5.1386566,0.45667868852615356,0.2522432804107666,0.03010903298854828
YMR008C,YCR093W,0,5.137317,0.4558558464050293,0.2522432804107666,0.03020906262099743
YKL080W,YJR135C,0,5.1369653,0.4550359845161438,0.2522432804107666,0.03030909225344658
YGL135W,YCR014C,0,5.136176,0.4542190432548523,0.2522432804107666,0.03040912188589573
YBL078C,YLR288C,0,5.1360197,0.4534050226211548,0.2522432804107666,0.03050915338099003
YPR060C,YMR204C,0,5.1352205,0.45259392261505127,0.2522432804107666,0.03060918301343918
YNR002C,YMR049C,0,5.1321764,0.45178571343421936,0.2522432804107666,0.03070921264588833
YMR238W,YER020W,1,5.131593,0.4527629315853119,0.25324028730392456,0.03070921264588833
YDR520C,YIL018W,0,5.1314745,0.4519572854042053,0.25324028730392456,0.03080924227833748
YPL189W,YDL106C,0,5.1299734,0.45115453004837036,0.25324028730392456,0.03090927191078663
YCR038C,YER118C,1,5.128131,0.4521276652812958,0.2542372941970825,0.03090927191078663
YDR420W,YDR170C,0,5.1238737,0.45132744312286377,0.2542372941970825,0.031009303405880928
YIR019C,YNL119W,1,5.1221247,0.45229682326316833,0.2552343010902405,0.031009303405880928
YOL108C,YDR150W,0,5.1163874,0.4514991044998169,0.2552343010902405,0.031109333038330078
YOR127W,YOR315W,1,5.1148553,0.4524647891521454,0.25623130798339844,0.031109333038330078
YOR127W,YNL001W,1,5.1080966,0.4534270763397217,0.2572283148765564,0.031109333038330078
YBR223C,YAL007C,0,5.105611,0.4526315927505493,0.2572283148765564,0.031209362670779228
YCR038C,YHR073W,1,5.103956,0.45359018445014954,0.25822532176971436,0.031209362670779228
YOR127W,YDR379W,1,5.102227,0.4545454680919647,0.2592223286628723,0.031209362670779228
YJR025C,YAL059W,0,5.0952473,0.45375218987464905,0.2592223286628723,0.03130939230322838
YER177W,YDL024C,1,5.093355,0.45470383763313293,0.2602193355560303,0.03130939230322838
YOR381W,YKL034W,0,5.0873876,0.45391303300857544,0.2602193355560303,0.03140942379832268
YLR371W,YMR080C,0,5.0811195,0.453125,0.2602193355560303,0.03150945156812668
YDR379W,YOR315W,1,5.080368,0.4540728032588959,0.26121634244918823,0.03150945156812668
YDR022C,YGR155W,0,5.079466,0.45328718423843384,0.26121634244918823,0.03160948306322098
YMR063W,YGR282C,0,5.079453,0.45250430703163147,0.26121634244918823,0.03170951455831528
YBR083W,YNL001W,1,5.0756097,0.45344826579093933,0.2622133493423462,0.03170951455831528
YBR297W,YMR033W,0,5.0738735,0.45266780257225037,0.2622133493423462,0.03180954232811928
YMR296C,YGL028C,0,5.0717764,0.4518900215625763,0.2622133493423462,0.03190957382321358
YOR124C,YLR313C,0,5.0684586,0.4511149227619171,0.2622133493423462,0.03200960159301758
YDR392W,YJR153W,1,5.065456,0.45205479860305786,0.26321035623550415,0.03200960159301758
YDR464W,YNR044W,0,5.052522,0.4512820541858673,0.26321035623550415,0.03210963308811188
YER061C,YJL166W,0,5.0513735,0.4505119323730469,0.26321035623550415,0.03220966458320618
YER177W,YDR107C,1,5.049861,0.4514480531215668,0.2642073631286621,0.03220966458320618
YJL196C,YBR060C,0,5.0491037,0.45068028569221497,0.2642073631286621,0.03230969235301018
YHR179W,YBR158W,0,5.048531,0.4499151110649109,0.2642073631286621,0.03240972384810448
YBR052C,YPL065W,0,5.045459,0.44915252923965454,0.2642073631286621,0.03250975161790848
YJR082C,YJR138W,0,5.04463,0.4483925402164459,0.2642073631286621,0.03260978311300278
YEL040W,YAL013W,0,5.0443845,0.44763514399528503,0.2642073631286621,0.032709814608097076
YKL161C,YMR033W,0,5.0415173,0.4468802809715271,0.2642073631286621,0.03280984237790108
YAL028W,YLR325C,0,5.0395184,0.4461279511451721,0.2642073631286621,0.03290987387299538
YLR329W,YDL083C,0,5.035368,0.4453781545162201,0.2642073631286621,0.03300990164279938
YKL134C,YGL167C,0,5.030313,0.44463086128234863,0.2642073631286621,0.03310993313789368
YDR025W,YIL156W,0,5.029958,0.4438861012458801,0.2642073631286621,0.033209964632987976
YDR057W,YKL180W,0,5.0293255,0.4431438148021698,0.2642073631286621,0.03330999240279198
YBL047C,YKR038C,0,5.022214,0.44240400195121765,0.2642073631286621,0.033410023897886276
YKL185W,YKL043W,1,5.018644,0.44333332777023315,0.26520439982414246,0.033410023897886276
YLR313C,YOR032C,1,5.0177,0.44425955414772034,0.2662014067173004,0.033410023897886276
YHR143W,YAL056W,1,5.0121937,0.4451827108860016,0.2671984136104584,0.033410023897886276
YLR060W,YBL047C,0,5.0109005,0.4444444477558136,0.2671984136104584,0.03351005166769028
YDR400W,YOR242C,0,5.0094023,0.443708598613739,0.2671984136104584,0.033610083162784576
YJL004C,YOR384W,0,5.006363,0.4429751932621002,0.2671984136104584,0.033710114657878876
YML060W,YGL233W,0,5.0045176,0.4422442317008972,0.2671984136104584,0.03381014242768288
YOL141W,YCR012W,0,4.9961596,0.44151565432548523,0.2671984136104584,0.033910173922777176
YOR244W,YLR325C,0,4.995617,0.44078946113586426,0.2671984136104584,0.03401020169258118
YJR147W,YCR093W,1,4.991725,0.4417077302932739,0.26819542050361633,0.03401020169258118
YBR168W,YIR023W,0,4.989564,0.4409835934638977,0.26819542050361633,0.034110233187675476
YGL223C,YBR048W,0,4.9878664,0.4402618706226349,0.26819542050361633,0.034210264682769775
YKL149C,YHR143W,1,4.987818,0.44117647409439087,0.2691924273967743,0.034210264682769775
YNL079C,YER020W,1,4.9877048,0.4420880973339081,0.27018943428993225,0.034210264682769775
YKL064W,YMR205C,0,4.9873424,0.44136807322502136,0.27018943428993225,0.034310292452573776
YNL298W,YKL081W,0,4.9754376,0.44065040349960327,0.27018943428993225,0.034410323947668076
YNL085W,YJL006C,0,4.9754066,0.4399350583553314,0.27018943428993225,0.034510351717472076
YJR075W,YOR043W,0,4.9751105,0.4392220377922058,0.27018943428993225,0.034610383212566376
YOL023W,YDR457W,0,4.974989,0.43851131200790405,0.27018943428993225,0.034710414707660675
YOR103C,YLR096W,0,4.9742956,0.43780291080474854,0.27018943428993225,0.034810442477464676
YLR313C,YKL043W,1,4.9736247,0.43870967626571655,0.2711864411830902,0.034810442477464676
YER149C,YMR238W,1,4.9733305,0.4396135210990906,0.27218344807624817,0.034810442477464676
YEL016C,YHR206W,0,4.9715304,0.4389067590236664,0.27218344807624817,0.034910473972558975
YJL065C,YMR081C,0,4.9696474,0.43820226192474365,0.27218344807624817,0.035010501742362976
YLR260W,YDL166C,0,4.966932,0.4375,0.27218344807624817,0.035110533237457275
YDL247W,YLR201C,0,4.9662557,0.4368000030517578,0.27218344807624817,0.035210564732551575
YDL035C,YLR083C,1,4.959804,0.43769967555999756,0.27318045496940613,0.035210564732551575
YIL118W,YHL034C,0,4.959307,0.4370015859603882,0.27318045496940613,0.035310592502355576
YOL108C,YCR053W,0,4.955035,0.4363057315349579,0.27318045496940613,0.035410623997449875
YKL217W,YNL080C,0,4.952685,0.4356120824813843,0.27318045496940613,0.035510651767253876
YPL021W,YHR085W,0,4.9482956,0.43492063879966736,0.27318045496940613,0.035610683262348175
YGL068W,YJL172W,0,4.9453735,0.43423137068748474,0.27318045496940613,0.035710714757442474
YBR281C,YJL157C,0,4.9439106,0.4335443079471588,0.27318045496940613,0.035810742527246475
YKL089W,YOR092W,0,4.9417205,0.4328593909740448,0.27318045496940613,0.035910774022340775
YLR353W,YDR251W,1,4.939931,0.43375393748283386,0.2741774618625641,0.035910774022340775
YDR297W,YPR030W,0,4.9351187,0.4330708682537079,0.2741774618625641,0.036010801792144775
YHL007C,YNL098C,1,4.9333925,0.43396225571632385,0.27517446875572205,0.036010801792144775
YNL298W,YER109C,1,4.9312105,0.43485087156295776,0.27617147564888,0.036010801792144775
YEL005C,YHL040C,0,4.9300146,0.43416929244995117,0.27617147564888,0.036110833287239075
YNR048W,YDR059C,0,4.9295216,0.4334898293018341,0.27617147564888,0.036210864782333374
YGL203C,YMR182C,0,4.9278073,0.43281251192092896,0.27617147564888,0.036310892552137375
YLR268W,YLR258W,0,4.9209633,0.43213728070259094,0.27617147564888,0.036410924047231674
YMR316W,YER020W,1,4.9085207,0.43302181363105774,0.27716848254203796,0.036410924047231674
YJL157C,YDR284C,0,4.908352,0.432348370552063,0.27716848254203796,0.036510951817035675
YKL048C,YER008C,0,4.9053173,0.4316770136356354,0.27716848254203796,0.036610983312129974
YGL203C,YDR012W,0,4.904092,0.4310077428817749,0.27716848254203796,0.036711014807224274
YBL030C,YOR288C,0,4.898896,0.43034055829048157,0.27716848254203796,0.036811042577028275
YLR448W,YJL048C,0,4.898279,0.429675430059433,0.27716848254203796,0.036911074072122574
YLR313C,YLR229C,1,4.8973303,0.4305555522441864,0.2781654894351959,0.036911074072122574
YOR074C,YGL158W,0,4.891246,0.4298921525478363,0.2781654894351959,0.037011101841926575
YPL115C,YLR353W,1,4.882318,0.4307692348957062,0.27916252613067627,0.037011101841926575
YAL013W,YDR518W,0,4.8816676,0.4301075339317322,0.27916252613067627,0.037111133337020874
YBR183W,YNL164C,0,4.873129,0.42944785952568054,0.27916252613067627,0.03721116483211517
YPL129W,YMR257C,0,4.871361,0.42879021167755127,0.27916252613067627,0.037311192601919174
YGR124W,YCL025C,0,4.859852,0.428134560585022,0.27916252613067627,0.037411224097013474
YGR052W,YBR040W,0,4.8550572,0.42748090624809265,0.27916252613067627,0.037511251866817474
YMR198W,YDR247W,0,4.853704,0.4268292784690857,0.27916252613067627,0.037611283361911774
YOR136W,YIR039C,0,4.849762,0.4261796176433563,0.27916252613067627,0.03771131485700607
YHR143W,YER133W,0,4.845931,0.42553192377090454,0.27916252613067627,0.037811342626810074
YIL101C,YJL134W,0,4.844266,0.42488619685173035,0.27916252613067627,0.03791137412190437
YDR168W,YLR093C,0,4.843695,0.42424243688583374,0.27916252613067627,0.038011401891708374
YNL273W,YDL080C,0,4.8429947,0.42360061407089233,0.27916252613067627,0.03811143338680267
YAR042W,YER117W,0,4.841685,0.42296072840690613,0.27916252613067627,0.03821146488189697
YJR057W,YMR204C,0,4.8405695,0.4223227798938751,0.27916252613067627,0.038311492651700974
YKL124W,YML085C,0,4.8384404,0.42168673872947693,0.27916252613067627,0.03841152414679527
YHR111W,YGL190C,1,4.837465,0.42255640029907227,0.28015953302383423,0.03841152414679527
YKL156W,YKR105C,0,4.8348446,0.42192190885543823,0.28015953302383423,0.038511551916599274
YAL040C,YDR449C,0,4.834033,0.4212893545627594,0.28015953302383423,0.03861158341169357
YDR099W,YNL001W,1,4.8337746,0.4221556782722473,0.2811565399169922,0.03861158341169357
YPR035W,YLR214W,0,4.832411,0.42152467370033264,0.2811565399169922,0.03871161490678787
YGR171C,YML052W,0,4.8323784,0.420895516872406,0.2811565399169922,0.03881164267659187
YLR362W,YNL098C,1,4.830763,0.4217585623264313,0.28215354681015015,0.03881164267659187
YOR158W,YPR120C,0,4.8299565,0.4211309552192688,0.28215354681015015,0.03891167417168617
YKL149C,YER113C,1,4.8283844,0.4219910800457001,0.2831505537033081,0.03891167417168617
YGR162W,YPL021W,0,4.8256884,0.42136499285697937,0.2831505537033081,0.03901170194149017
YOR180C,YOL127W,0,4.824324,0.4207407534122467,0.2831505537033081,0.03911173343658447
YMR242C,YKL185W,0,4.8203516,0.4201183319091797,0.2831505537033081,0.03921176493167877
YGL025C,YOR270C,0,4.819917,0.4194977879524231,0.2831505537033081,0.03931179270148277
YER109C,YGL190C,1,4.819884,0.4203539788722992,0.28414756059646606,0.03931179270148277
YBR166C,YMR290C,0,4.818386,0.4197348952293396,0.28414756059646606,0.03941182419657707
YBR095C,YOL138C,0,4.8173904,0.41911765933036804,0.28414756059646606,0.03951185196638107
YJL060W,YKL024C,0,4.815989,0.41850221157073975,0.28414756059646606,0.03961188346147537
YKL185W,YNL197C,1,4.812169,0.4193548262119293,0.285144567489624,0.03961188346147537
YGR055W,YMR264W,0,4.8111305,0.418740838766098,0.285144567489624,0.03971191495656967
YOR032C,YNL098C,1,4.8059735,0.41959065198898315,0.286141574382782,0.03971191495656967
YIR032C,YDL229W,0,4.8058043,0.41897809505462646,0.286141574382782,0.03981194272637367
YLR286C,YOR227W,0,4.8052197,0.4183673560619354,0.286141574382782,0.03991197422146797
YOR069W,YGR008C,0,4.8023357,0.41775837540626526,0.286141574382782,0.04001200199127197
YDR447C,YMR237W,0,4.799695,0.41715115308761597,0.286141574382782,0.04011203348636627
YDR256C,YBR066C,0,4.7952137,0.41654571890830994,0.286141574382782,0.04021206498146057
YDR536W,YNL147W,0,4.7943926,0.4159420430660248,0.286141574382782,0.04031209275126457
YHR011W,YER113C,1,4.79311,0.4167872667312622,0.28713858127593994,0.04031209275126457
YER139C,YOR136W,0,4.7915115,0.4161849617958069,0.28713858127593994,0.04041212424635887
YKL005C,YDR456W,0,4.7893558,0.41558441519737244,0.28713858127593994,0.04051215201616287
YNL142W,YIL131C,1,4.785212,0.41642650961875916,0.2881355881690979,0.04051215201616287
YMR241W,YBR168W,0,4.7842445,0.41582733392715454,0.2881355881690979,0.04061218351125717
YPL089C,YNL080C,0,4.7825203,0.4152298867702484,0.2881355881690979,0.04071221500635147
YLR223C,YPL019C,0,4.7805347,0.4146341383457184,0.2881355881690979,0.04081224277615547
YMR042W,YFL056C,0,4.7801,0.41404011845588684,0.2881355881690979,0.04091227427124977
YNL128W,YGL147C,0,4.777398,0.4134477972984314,0.2881355881690979,0.04101230204105377
YLL018C-A,YGR106C,0,4.777131,0.41285714507102966,0.2881355881690979,0.04111233353614807
YGL068W,YBR291C,0,4.7759275,0.41226819157600403,0.2881355881690979,0.04121236503124237
YIL076W,YOR113W,0,4.775738,0.4116809070110321,0.2881355881690979,0.04131239280104637
YJR147W,YDL035C,1,4.7728176,0.412517786026001,0.28913259506225586,0.04131239280104637
YGL090W,YGR027C,0,4.770157,0.4119318127632141,0.28913259506225586,0.04141242429614067
YLR313C,YNL079C,1,4.766782,0.4127659499645233,0.2901296019554138,0.04141242429614067
YAL056W,YNL142W,1,4.7631006,0.4135977327823639,0.2911266088485718,0.04141242429614067
YMR289W,YDR469W,0,4.762346,0.4130127429962158,0.2911266088485718,0.04151245206594467
YBR156C,YPL004C,0,4.7590513,0.4124293923377991,0.2911266088485718,0.04161248356103897
YER173W,YLR099C,0,4.7559485,0.41184768080711365,0.2911266088485718,0.04171251505613327
YHR143W,YPL146C,0,4.7449684,0.41126760840415955,0.2911266088485718,0.04181254282593727
YML106W,YMR002W,0,4.7440195,0.41068917512893677,0.2911266088485718,0.04191257432103157
YOR043W,YIL018W,0,4.7384768,0.4101123511791229,0.2911266088485718,0.04201260209083557
YDL154W,YNL263C,0,4.7384696,0.4095371663570404,0.2911266088485718,0.04211263358592987
YHR067W,YDR101C,0,4.7375183,0.4089635908603668,0.2911266088485718,0.04221266508102417
YFR036W,YLR344W,0,4.735485,0.4083915948867798,0.2911266088485718,0.04231269285082817
YCR010C,YIR031C,0,4.735098,0.4078212380409241,0.2911266088485718,0.04241272434592247
YOL104C,YOL052C-A,0,4.734357,0.4072524309158325,0.2911266088485718,0.04251275211572647
YNL164C,YLR299W,0,4.733084,0.4066852331161499,0.2911266088485718,0.04261278361082077
YNL085W,YIR032C,0,4.732067,0.40611961483955383,0.2911266088485718,0.04271281510591507
YGL238W,YIL150C,0,4.727898,0.4055555462837219,0.2911266088485718,0.04281284287571907
YLR223C,YNL304W,0,4.7265215,0.40499305725097656,0.2911266088485718,0.04291287437081337
YDR400W,YPR080W,0,4.7261796,0.40443214774131775,0.2911266088485718,0.04301290214061737
YPL174C,YDR454C,0,4.7252665,0.4038727581501007,0.2911266088485718,0.04311293363571167
YLR098C,YJR119C,0,4.7213364,0.4033149182796478,0.2911266088485718,0.04321296513080597
YJR049C,YIR019C,0,4.719693,0.4027586281299591,0.2911266088485718,0.04331299290060997
YGR216C,YBR282W,0,4.718077,0.40220385789871216,0.2911266088485718,0.04341302439570427
YOR001W,YHR008C,0,4.717938,0.401650607585907,0.2911266088485718,0.04351305216550827
YOR175C,YMR070W,0,4.7173653,0.40109890699386597,0.2911266088485718,0.04361308366060257
YNL192W,YJL148W,0,4.714821,0.40054869651794434,0.2911266088485718,0.04371311515569687
YPL273W,YOR193W,0,4.7074623,0.4000000059604645,0.2911266088485718,0.04381314292550087
YDL145C,YGR154C,0,4.7073345,0.399452805519104,0.2911266088485718,0.04391317442059517
YLR291C,YMR163C,0,4.7020273,0.3989070951938629,0.2911266088485718,0.04401320219039917
YDR098C,YPL036W,0,4.7014585,0.3983629047870636,0.2911266088485718,0.04411323368549347
YLR313C,YNL271C,1,4.7009044,0.3991825580596924,0.29212361574172974,0.04411323368549347
YER118C,YLR083C,1,4.700267,0.4000000059604645,0.2931206524372101,0.04411323368549347
YFL033C,YPR131C,0,4.698587,0.39945653080940247,0.2931206524372101,0.04421326518058777
YOR032C,YBR066C,1,4.6955557,0.40027135610580444,0.29411765933036804,0.04421326518058777
YLR183C,YMR037C,0,4.6948876,0.3997289836406708,0.29411765933036804,0.04431329295039177
YNL271C,YLR229C,1,4.6910353,0.4005412757396698,0.295114666223526,0.04431329295039177
YDR447C,YLR286C,0,4.6861215,0.4000000059604645,0.295114666223526,0.04441332444548607
YDR189W,YPL098C,0,4.6859837,0.39946019649505615,0.295114666223526,0.04451335221529007
YDL029W,YLR067C,0,4.6853943,0.3989218473434448,0.295114666223526,0.04461338371038437
YMR183C,YDR268W,0,4.6845827,0.3983849287033081,0.295114666223526,0.04471341520547867
YMR316W,YLR362W,1,4.683583,0.39919355511665344,0.29611167311668396,0.04471341520547867
YDL093W,YGR286C,0,4.6737795,0.3986577093601227,0.29611167311668396,0.04481344297528267
YHR066W,YPL028W,0,4.6731796,0.3981233239173889,0.29611167311668396,0.04491347447037697
YJR001W,YHR008C,0,4.672636,0.39759036898612976,0.29611167311668396,0.04501350224018097
YOL144W,YLR176C,0,4.672473,0.3970588147640228,0.29611167311668396,0.04511353373527527
YDR477W,YLR353W,1,4.671235,0.39786380529403687,0.2971086800098419,0.04511353373527527
YDL243C,YBL074C,0,4.6679797,0.3973333239555359,0.2971086800098419,0.04521356523036957
YMR149W,YPL139C,0,4.6632175,0.3968042731285095,0.2971086800098419,0.04531359300017357
YHR011W,YDR251W,1,4.662771,0.39760637283325195,0.2981056869029999,0.04531359300017357
YIR019C,YMR316W,1,4.662122,0.39840638637542725,0.29910269379615784,0.04531359300017357
YNL162W,YHL047C,0,4.6609516,0.3978779911994934,0.29910269379615784,0.04541362449526787
YDL247W,YKL006C-A,0,4.6557045,0.3973509967327118,0.29910269379615784,0.04551365226507187
YNL164C,YOR066W,0,4.654551,0.3968254029750824,0.29910269379615784,0.04561368376016617
YMR004W,YOL019W,0,4.653962,0.39630118012428284,0.29910269379615784,0.04571371525526047
YPL223C,YGR214W,0,4.6536818,0.3957783579826355,0.29910269379615784,0.04581374302506447
YOR127W,YDR392W,1,4.6471972,0.3965744376182556,0.3000997006893158,0.04581374302506447
YNL288W,YDR169C,0,4.642492,0.39605262875556946,0.3000997006893158,0.04591377452015877
YLR214W,YFR041C,0,4.6388006,0.39553219079971313,0.3000997006893158,0.04601380228996277
YBR066C,YIL049W,1,4.6335206,0.3963254690170288,0.30109670758247375,0.04601380228996277
YGR014W,YBR120C,0,4.630499,0.3958060145378113,0.30109670758247375,0.04611383378505707
YJR145C,YMR053C,0,4.629964,0.39528796076774597,0.30109670758247375,0.04621386528015137
YPL021W,YMR128W,0,4.629547,0.3947712481021881,0.30109670758247375,0.04631389304995537
YIL037C,YKL195W,0,4.627126,0.3942558765411377,0.30109670758247375,0.04641392454504967
YOR032C,YDR251W,1,4.6262693,0.3950456380844116,0.3020937144756317,0.04641392454504967
YKL090W,YML052W,0,4.625744,0.39453125,0.3020937144756317,0.04651395604014397
YGR221C,YDL235C,0,4.6236553,0.3940182030200958,0.3020937144756317,0.04661398380994797
YHR089C,YLR092W,0,4.623597,0.3935064971446991,0.3020937144756317,0.04671401530504227
YEL069C,YDL112W,0,4.621998,0.3929961025714874,0.3020937144756317,0.04681404307484627
YIL098C,YLL048C,0,4.6205044,0.3924870491027832,0.3020937144756317,0.04691407456994057
YGR105W,YHR156C,0,4.619755,0.39197930693626404,0.3020937144756317,0.047014106065034866
YPL140C,YDR298C,0,4.618966,0.39147287607192993,0.3020937144756317,0.04711413383483887
YKL185W,YDR477W,1,4.6155114,0.39225807785987854,0.3030907213687897,0.04711413383483887
YPL038W,YER145C,0,4.6138263,0.39175257086753845,0.3030907213687897,0.047214165329933167
YJL011C,YOL096C,0,4.6130514,0.3912484049797058,0.3030907213687897,0.04731419309973717
YER095W,YPL050C,0,4.6129837,0.39074549078941345,0.3030907213687897,0.04741422459483147
YDL024C,YNL142W,1,4.6124816,0.39152759313583374,0.30408772826194763,0.04741422459483147
YOR175C,YLL041C,0,4.6074066,0.3910256326198578,0.30408772826194763,0.047514256089925766
YNL076W,YDR012W,0,4.6050234,0.3905249536037445,0.30408772826194763,0.04761428385972977
YNL142W,YPL198W,0,4.604598,0.3900255858898163,0.30408772826194763,0.047714315354824066
YIR019C,YGL190C,1,4.602545,0.39080458879470825,0.3050847351551056,0.047714315354824066
YGL051W,YDL205C,0,4.5995836,0.39030611515045166,0.3050847351551056,0.04781434312462807
YNR067C,YNR024W,0,4.5945587,0.38980892300605774,0.3050847351551056,0.047914374619722366
YMR316W,YJR147W,1,4.592305,0.3905852437019348,0.30608174204826355,0.047914374619722366
YER023W,YPL085W,0,4.5913143,0.3900889456272125,0.30608174204826355,0.048014406114816666
YHR089C,YEL056W,0,4.589393,0.3895938992500305,0.30608174204826355,0.048114433884620667
YGR055W,YDR464W,0,4.5875077,0.3891001343727112,0.30608174204826355,0.048214465379714966
YOL056W,YBR149W,0,4.5810995,0.38860759139060974,0.30608174204826355,0.04831449314951897
YGL174W,YNL132W,0,4.5807595,0.3881163001060486,0.30608174204826355,0.048414524644613266
YHR117W,YDR014W,0,4.5800953,0.3876262605190277,0.30608174204826355,0.048514556139707565
YCL014W,YMR261C,0,4.571655,0.38713744282722473,0.30608174204826355,0.048614583909511566
YOR127W,YBR066C,1,4.5708923,0.38790932297706604,0.3070787489414215,0.048614583909511566
YDR498C,YOL002C,0,4.567198,0.3874213695526123,0.3070787489414215,0.048714615404605865
YPL274W,YDL166C,0,4.566649,0.38693466782569885,0.3070787489414215,0.048814643174409866
YLR102C,YLR384C,0,4.5665865,0.3864491879940033,0.3070787489414215,0.048914674669504166
YCL064C,YKL198C,0,4.566094,0.38596490025520325,0.3070787489414215,0.049014706164598465
YGR200C,YLR047C,0,4.564994,0.3854818642139435,0.3070787489414215,0.049114733934402466
YBR282W,YPR152C,0,4.563755,0.38499999046325684,0.3070787489414215,0.049214765429496765
YMR235C,YNR045W,0,4.5619664,0.3845193386077881,0.3070787489414215,0.049314793199300766
YBR162W-A,YJL066C,0,4.56105,0.38403990864753723,0.3070787489414215,0.049414824694395065
YDL195W,YHR076W,0,4.560804,0.3835616409778595,0.3070787489414215,0.049514856189489365
YBL025W,YLR325C,0,4.555791,0.38308456540107727,0.3070787489414215,0.049614883959293365
YHR041C,YPR001W,0,4.5496473,0.38260868191719055,0.3070787489414215,0.049714915454387665
YMR312W,YOR049C,0,4.548534,0.38213399052619934,0.3070787489414215,0.049814943224191666
YPR021C,YJR041C,0,4.543242,0.38166046142578125,0.3070787489414215,0.049914974719285965
YOR127W,YKL185W,1,4.539546,0.3824257552623749,0.30807578563690186,0.049914974719285965
YIL131C,YKL043W,1,4.5388494,0.3831891119480133,0.3090727925300598,0.049914974719285965
YDL028C,YGL103W,0,4.5379477,0.3827160596847534,0.3090727925300598,0.050015006214380264
YOR127W,YNL068C,1,4.5364923,0.38347718119621277,0.3100697994232178,0.050015006214380264
YML113W,YJR138W,0,4.5350595,0.38300493359565735,0.3100697994232178,0.050115033984184265
YKL175W,YDR448W,0,4.531521,0.38253381848335266,0.3100697994232178,0.050215065479278564
YBR287W,YLR141W,0,4.531203,0.3820638954639435,0.3100697994232178,0.050315093249082565
YOR032C,YGL238W,0,4.5306683,0.38159510493278503,0.3100697994232178,0.050415124744176865
YER165W,YKL043W,0,4.529027,0.3811274468898773,0.3100697994232178,0.050515156239271164
YGR085C,YPR194C,0,4.527141,0.3806609511375427,0.3100697994232178,0.050615184009075165
YIR019C,YIL131C,1,4.5269146,0.3814180791378021,0.31106680631637573,0.050615184009075165
YDL217C,YKL143W,0,4.524544,0.380952388048172,0.31106680631637573,0.050715215504169464
YDR107C,YIL131C,1,4.5232944,0.3817073106765747,0.3120638132095337,0.050715215504169464
YIL062C,YDR046C,0,4.52302,0.38124239444732666,0.3120638132095337,0.050815243273973465
YER060W,YJR052W,0,4.5228667,0.38077858090400696,0.3120638132095337,0.050915274769067764
YOR175C,YGR072W,0,4.519989,0.3803159296512604,0.3120638132095337,0.051015306264162064
YCR004C,YPR048W,0,4.519236,0.37985438108444214,0.3120638132095337,0.051115334033966064
YPL026C,YML004C,0,4.513459,0.37939393520355225,0.3120638132095337,0.051215365529060364
YDR019C,YLR441C,0,4.512683,0.3789346218109131,0.3120638132095337,0.051315393298864365
YPR046W,YKL210W,0,4.5036087,0.37847641110420227,0.3120638132095337,0.051415424793958664
YJR153W,YLL021W,1,4.5017834,0.37922704219818115,0.31306082010269165,0.051415424793958664
YOR090C,YHR153C,0,4.4995565,0.3787696063518524,0.31306082010269165,0.05151545628905296
YGL226W,YPR163C,0,4.4964795,0.37831324338912964,0.31306082010269165,0.051615484058856964
YPR046W,YKL109W,0,4.495733,0.3778580129146576,0.31306082010269165,0.05171551555395126
YLR229C,YKL043W,1,4.4926844,0.37860578298568726,0.3140578269958496,0.05171551555395126
YDR201W,YPL130W,0,4.4890723,0.3781512677669525,0.3140578269958496,0.051815543323755264
YBR081C,YML099C,0,4.48853,0.3776978552341461,0.3140578269958496,0.051915574818849564
YJR143C,YLL001W,0,4.486704,0.3772455155849457,0.3140578269958496,0.05201560631394386
YOR071C,YAL026C,0,4.484123,0.3767942488193512,0.3140578269958496,0.052115634083747864
YPR190C,YMR133W,0,4.483988,0.37634408473968506,0.3140578269958496,0.05221566557884216
YPR119W,YDR313C,0,4.4835916,0.3758949935436249,0.3140578269958496,0.052315693348646164
YER091C,YDR074W,0,4.483219,0.37544697523117065,0.3140578269958496,0.05241572484374046
YDL070W,YCR063W,0,4.4831467,0.375,0.3140578269958496,0.05251575633883476
YKL003C,YHR132C,0,4.476527,0.3745540976524353,0.3140578269958496,0.05261578410863876
YAL007C,YBL030C,0,4.4753094,0.37410926818847656,0.3140578269958496,0.05271581560373306
YDL164C,YER177W,0,4.474217,0.3736654818058014,0.3140578269958496,0.052815843373537064
YNL098C,YBR066C,1,4.474037,0.3744075894355774,0.31505483388900757,0.052815843373537064
YBL080C,YMR001C,0,4.473418,0.37396448850631714,0.31505483388900757,0.05291587486863136
YNL197C,YER020W,1,4.471615,0.3747044801712036,0.3160518407821655,0.05291587486863136
YDR259C,YPR163C,0,4.471204,0.37426209449768066,0.3160518407821655,0.05301590636372566
YHR052W,YBR150C,0,4.465066,0.3738207519054413,0.3160518407821655,0.05311593413352966
YNL207W,YNR067C,0,4.4650407,0.3733804523944855,0.3160518407821655,0.05321596562862396
YDR079W,YDL200C,0,4.464226,0.37294116616249084,0.3160518407821655,0.05331599339842796
YLR353W,YOL032W,0,4.4631305,0.3725029230117798,0.3160518407821655,0.05341602489352226
YLR083C,YER149C,1,4.4628925,0.3732394278049469,0.3170488476753235,0.05341602489352226
YOL108C,YNR015W,0,4.4597864,0.37280187010765076,0.3170488476753235,0.05351605638861656
YHR066W,YBL103C,0,4.4583826,0.3723653256893158,0.3170488476753235,0.05361608415842056
YDR379W,YJR153W,1,4.4583025,0.3730994164943695,0.31804585456848145,0.05361608415842056
YJL101C,YJL178C,0,4.451516,0.37266355752944946,0.31804585456848145,0.05371611565351486
YER174C,YMR078C,0,4.451125,0.3722287118434906,0.31804585456848145,0.05381614342331886
YKL185W,YHR111W,1,4.4504237,0.3729603588581085,0.3190428614616394,0.05381614342331886
YLR260W,YJR032W,0,4.4491143,0.3725261986255646,0.3190428614616394,0.05391617491841316
YOL067C,YBR093C,0,4.4467187,0.3720930218696594,0.3190428614616394,0.05401620641350746
YLL031C,YPR192W,0,4.445428,0.37166085839271545,0.3190428614616394,0.05411623418331146
YDR379W,YOR032C,1,4.444354,0.3723897933959961,0.32003986835479736,0.05411623418331146
YFL047W,YGL006W,0,4.4434786,0.37195828557014465,0.32003986835479736,0.05421626567840576
YDR099W,YER149C,1,4.442851,0.37268519401550293,0.3210368752479553,0.05421626567840576
YLR362W,YLL021W,1,4.437973,0.3734104037284851,0.32203391194343567,0.05421626567840576
YLR056W,YNL080C,0,4.437703,0.37297922372817993,0.32203391194343567,0.05431629344820976
YPL064C,YMR171C,0,4.4362264,0.37254902720451355,0.32203391194343567,0.05441632494330406
YLR459W,YKL132C,0,4.435817,0.37211981415748596,0.32203391194343567,0.05451635643839836
YKL189W,YDR513W,0,4.432857,0.37169161438941956,0.32203391194343567,0.05461638420820236
YLR266C,YEL054C,0,4.431465,0.37126436829566956,0.32203391194343567,0.05471641570329666
YKL149C,YHR011W,1,4.4312706,0.3719862103462219,0.32303091883659363,0.05471641570329666
YPL131W,YDR213W,0,4.427044,0.37155961990356445,0.32303091883659363,0.05481644347310066
YEL024W,YLR450W,0,4.4264803,0.3711340129375458,0.32303091883659363,0.05491647496819496
YDR251W,YER118C,1,4.426467,0.3718535602092743,0.3240279257297516,0.05491647496819496
YCR093W,YOR091W,0,4.4261036,0.37142857909202576,0.3240279257297516,0.05501650646328926
YER109C,YNL142W,1,4.424545,0.3721461296081543,0.32502493262290955,0.05501650646328926
YIR031C,YDR207C,0,4.4229574,0.3717217743396759,0.32502493262290955,0.05511653423309326
YER031C,YML013W,0,4.42229,0.3712984025478363,0.32502493262290955,0.05521656572818756
YLR139C,YBR301W,0,4.419126,0.3708759844303131,0.32502493262290955,0.05531659349799156
YPR102C,YDR315C,0,4.4180117,0.3704545497894287,0.32502493262290955,0.05541662499308586
YLL022C,YEL065W,0,4.413348,0.37003403902053833,0.32502493262290955,0.05551665648818016
YDL083C,YPR001W,0,4.4099765,0.36961451172828674,0.32502493262290955,0.05561668425798416
YOR032C,YHR084W,1,4.408393,0.370328426361084,0.3260219395160675,0.05561668425798416
YMR015C,YER005W,0,4.404578,0.36990949511528015,0.3260219395160675,0.05571671575307846
YBR196C,YLR318W,0,4.404181,0.3694915175437927,0.3260219395160675,0.05581674352288246
YMR289W,YKL093W,0,4.4030695,0.3690744936466217,0.3260219395160675,0.05591677501797676
YML052W,YDR160W,0,4.4025345,0.3686583936214447,0.3260219395160675,0.05601680651307106
YJL008C,YPL141C,0,4.4023447,0.3682432472705841,0.3260219395160675,0.05611683428287506
YKL203C,YKL081W,0,4.4020157,0.36782902479171753,0.3260219395160675,0.05621686577796936
YOR127W,YNL271C,1,4.3991714,0.36853933334350586,0.32701894640922546,0.05621686577796936
YER151C,YLR083C,0,4.39822,0.36812570691108704,0.32701894640922546,0.05631689354777336
YLR118C,YHR184W,0,4.3962584,0.36771300435066223,0.32701894640922546,0.05641692504286766
YHR111W,YJR153W,1,4.3956385,0.3684210479259491,0.3280159533023834,0.05641692504286766
YLR246W,YLR344W,0,4.3950996,0.36800894141197205,0.3280159533023834,0.05651695653796196
YIL098C,YLR121C,0,4.3940773,0.367597758769989,0.3280159533023834,0.05661698430776596
YDR392W,YLR229C,1,4.3920727,0.3683035671710968,0.3290129601955414,0.05661698430776596
YEL002C,YJL106W,0,4.39163,0.3678929805755615,0.3290129601955414,0.05671701580286026
YJL128C,YBR023C,0,4.391446,0.3674832880496979,0.3290129601955414,0.05681704357266426
YDR087C,YJL071W,0,4.387208,0.36707451939582825,0.3290129601955414,0.05691707506775856
YKL048C,YJR147W,1,4.387056,0.3677777647972107,0.33000996708869934,0.05691707506775856
YBR049C,YFR030W,0,4.3869457,0.3673695921897888,0.33000996708869934,0.05701710656285286
YDR212W,YGL231C,0,4.386255,0.3669623136520386,0.33000996708869934,0.05711713433265686
YML013W,YDL136W,0,4.3846006,0.36655592918395996,0.33000996708869934,0.05721716582775116
YNL207W,YGL142C,0,4.381463,0.366150438785553,0.33000996708869934,0.05731719359755516
YOR049C,YPR175W,0,4.378779,0.3657458424568176,0.33000996708869934,0.05741722509264946
YOL070C,YDR464W,0,4.377174,0.3653421700000763,0.33000996708869934,0.05751725658774376
YOL126C,YKL017C,0,4.3770924,0.3649393618106842,0.33000996708869934,0.05761728435754776
YNL223W,YOL052C,0,4.3758955,0.36453744769096375,0.33000996708869934,0.05771731585264206
YOL070C,YLR145W,0,4.375212,0.3641364276409149,0.33000996708869934,0.05781734362244606
YGR014W,YDR246W,0,4.368469,0.36373627185821533,0.33000996708869934,0.05791737511754036
YLR127C,YBR182C,0,4.3672624,0.363336980342865,0.33000996708869934,0.05801740661263466
YBR281C,YER131W,0,4.3671794,0.3629385828971863,0.33000996708869934,0.05811743438243866
YHR142W,YDR532C,0,4.3648376,0.3625410795211792,0.33000996708869934,0.05821746587753296
YHR005C-A,YBL047C,0,4.363938,0.362144410610199,0.33000996708869934,0.05831749364733696
YJL191W,YIR023W,0,4.3634377,0.3617486357688904,0.33000996708869934,0.05841752514243126
YDR483W,YKL006C-A,0,4.3613777,0.36135372519493103,0.33000996708869934,0.05851755663752556
YKL132C,YHR029C,0,4.36098,0.36095964908599854,0.33000996708869934,0.05861758440732956
YGL068W,YDR481C,0,4.3605328,0.3605664372444153,0.33000996708869934,0.05871761590242386
YER177W,YKL149C,1,4.358408,0.3612622320652008,0.3310069739818573,0.05871761590242386
YFL023W,YIL053W,0,4.3551826,0.36086955666542053,0.3310069739818573,0.05881764367222786
YNL218W,YNL066W,0,4.351012,0.3604777455329895,0.3310069739818573,0.05891767516732216
YGL050W,YOR384W,0,4.345836,0.3600867688655853,0.3310069739818573,0.05901770666241646
YGL090W,YPR187W,0,4.345828,0.359696626663208,0.3310069739818573,0.05911773443222046
YKL185W,YDR251W,1,4.3457737,0.3603896200656891,0.33200398087501526,0.05911773443222046
YMR012W,YML099C,0,4.344662,0.36000001430511475,0.33200398087501526,0.05921776592731476
YCR047C,YDL215C,0,4.3434496,0.35961124300956726,0.33200398087501526,0.05931779369711876
YJR153W,YBR066C,1,4.342957,0.36030206084251404,0.3330009877681732,0.05931779369711876
YDR380W,YLL008W,0,4.340399,0.35991379618644714,0.3330009877681732,0.05941782519221306
YOL065C,YOL121C,0,4.3387165,0.3595263659954071,0.3330009877681732,0.05951785668730736
YJR153W,YNL001W,1,4.338581,0.36021506786346436,0.3339979946613312,0.05951785668730736
YLR309C,YML076C,0,4.3374104,0.3598281443119049,0.3339979946613312,0.05961788445711136
YDR432W,YLL021W,1,4.3359504,0.3605150282382965,0.33499500155448914,0.05961788445711136
YJL196C,YDR499W,0,4.3357477,0.36012861132621765,0.33499500155448914,0.05971791595220566
YLR014C,YLR164W,0,4.3354845,0.35974302887916565,0.33499500155448914,0.05981794372200966
YNL098C,YPR083W,0,4.3335524,0.3593582808971405,0.33499500155448914,0.05991797521710396
YPL259C,YHR184W,0,4.3326645,0.3589743673801422,0.33499500155448914,0.06001800671219826
YBR183W,YGL083W,0,4.330551,0.3585912585258484,0.33499500155448914,0.06011803448200226
YGR078C,YOR089C,0,4.327449,0.35820895433425903,0.33499500155448914,0.06021806597709656
YGL073W,YER074W,0,4.3272953,0.35782748460769653,0.33499500155448914,0.06031809374690056
YMR229C,YNR020C,0,4.3255634,0.3574468195438385,0.33499500155448914,0.06041812524199486
YHR027C,YEL061C,0,4.324198,0.35706695914268494,0.33499500155448914,0.06051815673708916
YIL061C,YLR264W,0,4.319423,0.35668790340423584,0.33499500155448914,0.06061818450689316
YDR107C,YER020W,1,4.3184094,0.3573701083660126,0.3359920382499695,0.06061818450689316
YCR038C,YLR353W,1,4.318374,0.3580508530139923,0.33698904514312744,0.06061818450689316
YDR164C,YLR190W,0,4.3173666,0.35767194628715515,0.33698904514312744,0.06071821600198746
YER031C,YJL164C,0,4.3166637,0.35729387402534485,0.33698904514312744,0.06081824377179146
YDR477W,YER113C,1,4.315704,0.35797253251075745,0.3379860520362854,0.06081824377179146
YGL045W,YJL079C,0,4.3144245,0.35759493708610535,0.3379860520362854,0.06091827526688576
YOR030W,YLL021W,1,4.3081408,0.35827186703681946,0.33898305892944336,0.06091827526688576
YLR328W,YPL213W,0,4.3080506,0.35789474844932556,0.33898305892944336,0.06101830676198006
YKL149C,YMR016C,1,4.305458,0.3585699200630188,0.3399800658226013,0.06101830676198006
YLL061W,YKR049C,0,4.301058,0.3581932783126831,0.3399800658226013,0.06111833453178406
YJR010C-A,YGR154C,0,4.3002253,0.3578174114227295,0.3399800658226013,0.06121836602687836
YAL031C,YLR197W,0,4.298553,0.35744234919548035,0.3399800658226013,0.06131839379668236
YDL159W,YKL048C,1,4.298301,0.35811519622802734,0.3409770727157593,0.06131839379668236
YPL253C,YML099C,0,4.2947955,0.357740581035614,0.3409770727157593,0.06141842529177666
YER061C,YLR061W,0,4.288861,0.35736677050590515,0.3409770727157593,0.061518456786870956
YDR251W,YBR066C,1,4.2873006,0.3580375909805298,0.34197407960891724,0.061518456786870956
YKR105C,YOR168W,0,4.2870007,0.35766422748565674,0.34197407960891724,0.06161848455667496
YER177W,YOR127W,1,4.286488,0.3583333194255829,0.3429710865020752,0.06161848455667496
YNR016C,YOL155C,0,4.2859526,0.35796046257019043,0.3429710865020752,0.06171851605176926
YOR030W,YPL021W,1,4.284748,0.3586278557777405,0.34396809339523315,0.06171851605176926
YPL218W,YPR019W,0,4.2836103,0.35825544595718384,0.34396809339523315,0.06181854382157326
YOL095C,YGR167W,0,4.282604,0.3578838109970093,0.34396809339523315,0.06191857531666756
YKL051W,YER117W,0,4.281027,0.3575129508972168,0.34396809339523315,0.062018606811761856
YHR044C,YML036W,0,4.27896,0.3571428656578064,0.34396809339523315,0.06211863458156586
YBR123C,YEL065W,0,4.2786603,0.3567735254764557,0.34396809339523315,0.062218666076660156
YOR127W,YGL190C,1,4.277521,0.35743802785873413,0.3449651002883911,0.062218666076660156
YGR143W,YHR136C,0,4.275937,0.35706913471221924,0.3449651002883911,0.06231869384646416
YCR004C,YGR286C,0,4.2733855,0.3567010164260864,0.3449651002883911,0.062418725341558456
YKL149C,YIL131C,1,4.272829,0.3573635518550873,0.3459621071815491,0.062418725341558456
YHR011W,YDR432W,1,4.271683,0.3580246865749359,0.34695911407470703,0.062418725341558456
YPL119C,YCL059C,0,4.2699137,0.35765671730041504,0.34695911407470703,0.06251875311136246
YKL185W,YER109C,1,4.2659464,0.35831621289253235,0.347956120967865,0.06251875311136246
YIL022W,YGL209W,0,4.265504,0.3579487204551697,0.347956120967865,0.06261878460645676
YDR283C,YOR067C,0,4.2597,0.3575819730758667,0.347956120967865,0.06271881610155106
YOR244W,YOL059W,0,4.2568874,0.3572159707546234,0.347956120967865,0.06281884759664536
YBR145W,YBR094W,0,4.2552247,0.3568507134914398,0.347956120967865,0.06291887909173965
YOR315W,YLR362W,1,4.253996,0.3575076460838318,0.34895312786102295,0.06291887909173965
YNL298W,YDR107C,1,4.2537355,0.3581632673740387,0.3499501347541809,0.06291887909173965
YNL121C,YOR237W,0,4.253007,0.35779815912246704,0.3499501347541809,0.06301890313625336
YOR043W,YMR123W,0,4.2426453,0.3574337959289551,0.3499501347541809,0.06311893463134766
YHR172W,YIL007C,0,4.240713,0.3570702075958252,0.3499501347541809,0.06321896612644196
YLR450W,YKL158W,0,4.2385635,0.35670730471611023,0.3499501347541809,0.06331899762153625
YDR243C,YDR012W,0,4.236993,0.35634517669677734,0.3499501347541809,0.06341902911663055
YPR161C,YHR167W,0,4.236084,0.35598376393318176,0.3499501347541809,0.06351905316114426
YDR159W,YMR275C,0,4.235115,0.3556230962276459,0.3499501347541809,0.06361908465623856
YKR019C,YBR024W,0,4.2339087,0.3552631437778473,0.3499501347541809,0.06371911615133286
YIL119C,YOL004W,0,4.231262,0.3549039363861084,0.3499501347541809,0.06381914764642715
YER062C,YDR218C,0,4.2302923,0.3545454442501068,0.3499501347541809,0.06391917914152145
YLL045C,YDR343C,0,4.227428,0.3541876971721649,0.3499501347541809,0.06401920318603516
YDR107C,YDR432W,1,4.2267933,0.35483869910240173,0.35094717144966125,0.06401920318603516
YDR079W,YBR162C,0,4.2267375,0.35448136925697327,0.35094717144966125,0.06411923468112946
YNL197C,YNL271C,1,4.2243156,0.35513079166412354,0.3519441783428192,0.06411923468112946
YOR047C,YAL016W,0,4.2233305,0.3547738790512085,0.3519441783428192,0.06421926617622375
YJR119C,YMR123W,0,4.222211,0.35441768169403076,0.3519441783428192,0.06431929767131805
YJR147W,YBR066C,1,4.2221613,0.3550651967525482,0.3529411852359772,0.06431929767131805
YFL004W,YOR018W,0,4.221199,0.3547094166278839,0.3529411852359772,0.06441932916641235
YIR019C,YHR143W,1,4.220968,0.3553553521633148,0.35393819212913513,0.06441932916641235
YIL035C,YDR077W,0,4.220402,0.35499998927116394,0.35393819212913513,0.06451935321092606
YHR149C,YBR267W,0,4.2151947,0.35464534163475037,0.35393819212913513,0.06461938470602036
YLR321C,YKL189W,0,4.2126064,0.3542914092540741,0.35393819212913513,0.06471941620111465
YBR033W,YPL092W,0,4.212122,0.35393819212913513,0.35393819212913513,0.06481944769620895
YPL021W,YBL014C,0,4.2094607,0.3535856604576111,0.35393819212913513,0.06491947919130325
YOR032C,YPL021W,1,4.2070065,0.3542288541793823,0.3549351990222931,0.06491947919130325
YPR006C,YDL072C,0,4.2067156,0.3538767397403717,0.3549351990222931,0.06501950323581696
YDL072C,YHR153C,0,4.204445,0.353525310754776,0.3549351990222931,0.06511953473091125
YHR168W,YPR010C,0,4.2014136,0.3531745970249176,0.3549351990222931,0.06521956622600555
YKL132C,YPL006W,0,4.200027,0.3528245687484741,0.3549351990222931,0.06531959772109985
YHR101C,YJR078W,0,4.1983204,0.35247525572776794,0.3549351990222931,0.06541962921619415
YGR106C,YOR138C,0,4.195286,0.3521265983581543,0.3549351990222931,0.06551965326070786
YKL149C,YDR251W,1,4.193185,0.35276681184768677,0.35593220591545105,0.06551965326070786
YPL160W,YHL021C,0,4.1904435,0.35241857171058655,0.35593220591545105,0.06561968475580215
YLR025W,YGR264C,0,4.1894326,0.35207101702690125,0.35593220591545105,0.06571971625089645
YKL058W,YDL235C,0,4.1890106,0.35172414779663086,0.35593220591545105,0.06581974774599075
YLR324W,YBL035C,0,4.1878986,0.3513779640197754,0.35593220591545105,0.06591977924108505
YKL078W,YBL024W,0,4.187604,0.35103243589401245,0.35593220591545105,0.06601980328559875
YER081W,YDL229W,0,4.1861973,0.3506876230239868,0.35593220591545105,0.06611983478069305
YIR002C,YLR337C,0,4.185281,0.3503434658050537,0.35593220591545105,0.06621986627578735
YDR043C,YLR353W,1,4.1852307,0.35098040103912354,0.356929212808609,0.06621986627578735
YHL024W,YDL229W,0,4.1850157,0.35063663125038147,0.356929212808609,0.06631989777088165
YBR061C,YER032W,0,4.183593,0.3502935469150543,0.356929212808609,0.06641992926597595
YPR133W-A,YLL057C,0,4.1833777,0.3499511182308197,0.356929212808609,0.06651995331048965
YBL051C,YCL026C-B,0,4.1814256,0.349609375,0.356929212808609,0.06661998480558395
YNL164C,YAL060W,0,4.180547,0.3492682874202728,0.356929212808609,0.06672001630067825
YIL037C,YOR008C,0,4.180499,0.34892788529396057,0.356929212808609,0.06682004779577255
YPL093W,YIL011W,0,4.178807,0.34858810901641846,0.356929212808609,0.06692007929086685
YIL074C,YJR076C,0,4.1782923,0.34824901819229126,0.356929212808609,0.06702010333538055
YML080W,YOR192C,0,4.17806,0.3479105830192566,0.356929212808609,0.06712013483047485
YCR107W,YNR072W,0,4.1777115,0.34757280349731445,0.356929212808609,0.06722016632556915
YPR138C,YMR112C,0,4.177225,0.34723567962646484,0.356929212808609,0.06732019782066345
YDR380W,YKR053C,0,4.1743913,0.34689921140670776,0.356929212808609,0.06742022931575775
YFL025C,YKL020C,0,4.17437,0.3465633988380432,0.356929212808609,0.06752025336027145
YLR176C,YAL041W,0,4.1736994,0.3462282419204712,0.356929212808609,0.06762028485536575
YNL221C,YLR150W,0,4.17345,0.3458937108516693,0.356929212808609,0.06772031635046005
YHR111W,YOR032C,1,4.1715674,0.346525102853775,0.35792621970176697,0.06772031635046005
YIR009W,YPL033C,0,4.1684484,0.3461909294128418,0.35792621970176697,0.06782034784555435
YGR078C,YCR063W,0,4.168005,0.3458574116230011,0.35792621970176697,0.06792037934064865
YDR300C,YDL154W,0,4.166505,0.34552454948425293,0.35792621970176697,0.06802040338516235
YJR051W,YGR057C,0,4.166115,0.3451923131942749,0.35792621970176697,0.06812043488025665
YLR008C,YOR313C,0,4.162283,0.344860702753067,0.35792621970176697,0.06822046637535095
YHR011W,YBR066C,1,4.162173,0.3454894423484802,0.3589232265949249,0.06822046637535095
YOR127W,YDR107C,1,4.160627,0.34611696004867554,0.3599202334880829,0.06822046637535095
YPL115C,YER020W,1,4.1603518,0.34674328565597534,0.36091724038124084,0.06822046637535095
YKL185W,YDR107C,1,4.158495,0.34736841917037964,0.3619142472743988,0.06822046637535095
YKL001C,YBR158W,0,4.156603,0.34703633189201355,0.3619142472743988,0.06832049787044525
YJL006C,YPR118W,0,4.1562805,0.3467048704624176,0.3619142472743988,0.06842052936553955
YML101C,YDR440W,0,4.15578,0.3463740348815918,0.3619142472743988,0.06852055341005325
YCR054C,YLR150W,0,4.1529093,0.3460438549518585,0.3619142472743988,0.06862058490514755
YLR313C,YOR371C,1,4.1516438,0.3466666638851166,0.36291125416755676,0.06862058490514755
YGL137W,YMR145C,0,4.148384,0.34633681178092957,0.36291125416755676,0.06872061640024185
YNL098C,YER149C,1,4.1477065,0.3469581604003906,0.3639082610607147,0.06872061640024185
YOR049C,YOR353C,0,4.1457086,0.34662866592407227,0.3639082610607147,0.06882064789533615
YOR315W,YNL068C,1,4.1452866,0.3472485840320587,0.36490529775619507,0.06882064789533615
YOR054C,YNL130C,0,4.139072,0.3469194173812866,0.36490529775619507,0.06892067939043045
YGR241C,YDR166C,0,4.138611,0.34659090638160706,0.36490529775619507,0.06902070343494415
YLR229C,YNL142W,1,4.138276,0.347209095954895,0.365902304649353,0.06902070343494415
YPR120C,YOR252W,0,4.138048,0.3468809127807617,0.365902304649353,0.06912073493003845
YLR312W-A,YLR200W,0,4.1378884,0.34655335545539856,0.365902304649353,0.06922076642513275
YOR067C,YER109C,0,4.1357155,0.34622642397880554,0.365902304649353,0.06932079792022705
YER115C,YPL058C,0,4.135524,0.3459000885486603,0.365902304649353,0.06942082941532135
YLR088W,YHR002W,0,4.135119,0.34557437896728516,0.365902304649353,0.06952085345983505
YAL056W,YDL035C,1,4.134738,0.34619003534317017,0.366899311542511,0.06952085345983505
YIL144W,YCR035C,0,4.1324577,0.3458646535873413,0.366899311542511,0.06962088495492935
YBL005W,YMR186W,0,4.1318364,0.3455398976802826,0.366899311542511,0.06972091645002365
YGL229C,YOR221C,0,4.130667,0.345215767621994,0.366899311542511,0.06982094794511795
YGL147C,YNL103W,0,4.1294665,0.3448922336101532,0.366899311542511,0.06992097944021225
YKL185W,YHR073W,1,4.128962,0.34550562500953674,0.36789631843566895,0.06992097944021225
YOR195W,YOR294W,0,4.124736,0.3451824188232422,0.36789631843566895,0.07002100348472595
YIL171W,YPL147W,0,4.124586,0.3448598086833954,0.36789631843566895,0.07012103497982025
YGL116W,YOR273C,0,4.1236897,0.3445378243923187,0.36789631843566895,0.07022106647491455
YGR279C,YCL024W,0,4.121277,0.34421640634536743,0.36789631843566895,0.07032109797000885
YMR037C,YLR276C,0,4.120958,0.3438956141471863,0.36789631843566895,0.07042112946510315
YDL029W,YHR169W,0,4.119962,0.3435754179954529,0.36789631843566895,0.07052115350961685
YMR164C,YMR238W,1,4.118943,0.34418603777885437,0.3688933253288269,0.07052115350961685
YNR059W,YDR508C,0,4.117648,0.34386616945266724,0.3688933253288269,0.07062118500471115
YDR240C,YCL025C,0,4.1176004,0.34354689717292786,0.3688933253288269,0.07072121649980545
YDR477W,YER109C,1,4.1164703,0.34415584802627563,0.36989033222198486,0.07072121649980545
YGR244C,YDR461W,0,4.115504,0.34383687376976013,0.36989033222198486,0.07082124799489975
YMR041C,YJL148W,0,4.114017,0.34351852536201477,0.36989033222198486,0.07092127948999405
YLR403W,YLL040C,0,4.1103225,0.3432007431983948,0.36989033222198486,0.07102130353450775
YPL051W,YGL226C-A,0,4.105283,0.34288355708122253,0.36989033222198486,0.07112133502960205
YER109C,YDL035C,1,4.104343,0.3434903025627136,0.3708873391151428,0.07112133502960205
YJL174W,YKL134C,0,4.103542,0.34317344427108765,0.3708873391151428,0.07122136652469635
YER081W,YLR121C,0,4.102515,0.34285715222358704,0.3708873391151428,0.07132139801979065
YJR147W,YER118C,1,4.1009893,0.3434622585773468,0.3718843460083008,0.07132139801979065
YOL104C,YFR031C,0,4.1000547,0.34314626455307007,0.3718843460083008,0.07142142951488495
YCL034W,YKL178C,0,4.098929,0.3428308963775635,0.3718843460083008,0.07152145355939865
YHR088W,YBL034C,0,4.097891,0.34251606464385986,0.3718843460083008,0.07162148505449295
YJL186W,YCL016C,0,4.0958242,0.342201828956604,0.3718843460083008,0.07172151654958725
YER091C,YJL041W,0,4.093982,0.3418881893157959,0.3718843460083008,0.07182154804468155
YPR017C,YDR438W,0,4.0919504,0.34157508611679077,0.3718843460083008,0.07192157953977585
YLL062C,YGR032W,0,4.09098,0.3412625789642334,0.3718843460083008,0.07202160358428955
YHR074W,YEL040W,0,4.086219,0.3409506380558014,0.3718843460083008,0.07212163507938385
YDR140W,YDR334W,0,4.084589,0.34063926339149475,0.3718843460083008,0.07222166657447815
YHR064C,YBR040W,0,4.0841565,0.3403284549713135,0.3718843460083008,0.07232169806957245
YDL003W,YMR264W,0,4.0840106,0.34001824259757996,0.3718843460083008,0.07242172956466675
YBR043C,YKL172W,0,4.0815487,0.3397085666656494,0.3718843460083008,0.07252175360918045
YPR138C,YEL016C,0,4.081044,0.33939945697784424,0.3718843460083008,0.07262178510427475
YKL005C,YCR031C,0,4.076856,0.33909091353416443,0.3718843460083008,0.07272181659936905
YLR313C,YHL007C,1,4.0760994,0.3396911919116974,0.37288135290145874,0.07272181659936905
YBR107C,YJL003W,0,4.075829,0.33938294649124146,0.37288135290145874,0.07282184809446335
YDR325W,YMR173W,0,4.0742464,0.3390752375125885,0.37288135290145874,0.07292187958955765
YPL115C,YKL149C,1,4.0741463,0.3396739065647125,0.3738783597946167,0.07292187958955765
YIR019C,YHR011W,1,4.0741124,0.3402715027332306,0.37487536668777466,0.07292187958955765
YKL089W,YJL052W,0,4.0735826,0.3399638235569,0.37487536668777466,0.07302190363407135
YKL149C,YOR127W,1,4.0731015,0.34056007862091064,0.3758723735809326,0.07302190363407135
YDR500C,YBR089C-A,0,4.073039,0.34025269746780396,0.3758723735809326,0.07312193512916565
YML097C,YMR165C,0,4.072803,0.33994588255882263,0.3758723735809326,0.07322196662425995
YPR171W,YDR207C,0,4.072799,0.3396396338939667,0.3758723735809326,0.07332199811935425
YPL271W,YPL244C,0,4.0726876,0.3393339216709137,0.3758723735809326,0.07342202961444855
YOR030W,YOR032C,1,4.072286,0.3399280607700348,0.3768693804740906,0.07342202961444855
YER109C,YLL021W,1,4.0717306,0.3405211269855499,0.37786638736724854,0.07342202961444855
YLR312C-B,YNL001W,1,4.0711055,0.3411131203174591,0.3788634240627289,0.07342202961444855
YJL124C,YER148W,0,4.0704603,0.340807169675827,0.3788634240627289,0.07352205365896225
YMR303C,YPR001W,0,4.0665083,0.3405017852783203,0.3788634240627289,0.07362208515405655
YER148W,YBR052C,0,4.0644817,0.34019696712493896,0.3788634240627289,0.07372211664915085
YLR011W,YJL087C,0,4.0627,0.3398926556110382,0.3788634240627289,0.07382214814424515
YMR180C,YFR049W,0,4.061523,0.3395889103412628,0.3788634240627289,0.07392217963933945
YDL019C,YIR025W,0,4.056451,0.3392857015132904,0.3788634240627289,0.07402220368385315
YBR145W,YKL172W,0,4.056342,0.33898305892944336,0.3788634240627289,0.07412223517894745
YGL116W,YDR224C,0,4.0558085,0.3386809229850769,0.3788634240627289,0.07422226667404175
YOR306C,YGR179C,0,4.05478,0.3383793532848358,0.3788634240627289,0.07432229816913605
YBR081C,YOR192C,0,4.0537624,0.3380782902240753,0.3788634240627289,0.07442232966423035
YDL006W,YDL046W,0,4.0524573,0.3377777636051178,0.3788634240627289,0.07452235370874405
YDR188W,YOR355W,0,4.0499954,0.33747780323028564,0.3788634240627289,0.07462238520383835
YJL221C,YOR204W,0,4.0487094,0.3371783494949341,0.3788634240627289,0.07472241669893265
YJR059W,YMR257C,0,4.047457,0.3368794322013855,0.3788634240627289,0.07482244819402695
YBR054W,YOR272W,0,4.0469713,0.3365810513496399,0.3788634240627289,0.07492247968912125
YER133W,YGL098W,0,4.0465817,0.3362831771373749,0.3788634240627289,0.07502250373363495
YGR003W,YJR001W,0,4.045186,0.33598583936691284,0.3788634240627289,0.07512253522872925
YDR454C,YNL117W,0,4.044826,0.3356890380382538,0.3788634240627289,0.07522256672382355
YGL031C,YMR182C,0,4.0437098,0.3353927731513977,0.3788634240627289,0.07532259821891785
YJL165C,YOR341W,0,4.040786,0.3350970149040222,0.3788634240627289,0.07542262971401215
YOR192C,YOL020W,0,4.039941,0.3348017632961273,0.3788634240627289,0.07552265375852585
YBR085W,YKR093W,0,4.0396514,0.3345070481300354,0.3788634240627289,0.07562268525362015
YDL159W,YNL001W,1,4.0361433,0.33509233593940735,0.37986043095588684,0.07562268525362015
YDL021W,YER115C,0,4.0355415,0.3347978889942169,0.37986043095588684,0.07572271674871445
YLR459W,YPL193W,0,4.034034,0.3345039486885071,0.37986043095588684,0.07582274824380875
YDR002W,YDR422C,0,4.033148,0.33421051502227783,0.37986043095588684,0.07592277973890305
YDR373W,YHR036W,0,4.0328817,0.33391761779785156,0.37986043095588684,0.07602280378341675
YIL093C,YGR008C,0,4.0319424,0.3336252272129059,0.37986043095588684,0.07612283527851105
YLL003W,YPL094C,0,4.0277843,0.3333333432674408,0.37986043095588684,0.07622286677360535
YOR089C,YHL004W,0,4.0268154,0.3330419659614563,0.37986043095588684,0.07632289826869965
YOR109W,YNL202W,0,4.0260324,0.3327510952949524,0.37986043095588684,0.07642292976379395
YOR070C,YCR035C,0,4.025895,0.3324607312679291,0.37986043095588684,0.07652295380830765
YCR055C,YDR416W,0,4.0231004,0.33217087388038635,0.37986043095588684,0.07662298530340195
YLR054C,YFR015C,0,4.0219145,0.3318815231323242,0.37986043095588684,0.07672301679849625
YER020W,YGL190C,1,4.0189524,0.33246302604675293,0.3808574378490448,0.07672301679849625
YOR127W,YNL016W,0,4.016264,0.3321739137172699,0.3808574378490448,0.07682304829359055
YOL070C,YOL010W,0,4.015768,0.33188530802726746,0.3808574378490448,0.07692307978868484
YML091C,YHR161C,0,4.0143723,0.3315972089767456,0.3808574378490448,0.07702310383319855
YOR032C,YHR073W,1,4.0116105,0.33217692375183105,0.38185444474220276,0.07702310383319855
YOR127W,YDR477W,1,4.011364,0.3327556252479553,0.3828514516353607,0.07702310383319855
YPL058C,YPL122C,0,4.010746,0.33246752619743347,0.3828514516353607,0.07712313532829285
YDR350C,YGR208W,0,4.0094886,0.3321799337863922,0.3828514516353607,0.07722316682338715
YJL174W,YGL107C,0,4.0089874,0.33189281821250916,0.3828514516353607,0.07732319831848145
YHR023W,YFL004W,0,4.0080442,0.3316062092781067,0.3828514516353607,0.07742322981357574
YOR127W,YNL079C,1,4.0045567,0.332182914018631,0.3838484585285187,0.07742322981357574
YMR247C,YJR135C,0,4.003401,0.3318965435028076,0.3838484585285187,0.07752325385808945
YHR027C,YGR189C,0,4.001054,0.33161067962646484,0.3838484585285187,0.07762328535318375
YDR046C,YLL021W,0,3.9948788,0.3313252925872803,0.3838484585285187,0.07772331684827805
YLR459W,YGL106W,0,3.9871044,0.3310404121875763,0.3838484585285187,0.07782334834337234
YGL076C,YLR246W,0,3.987039,0.3307560086250305,0.3838484585285187,0.07792337983846664
YER056C,YDL189W,0,3.9868147,0.33047211170196533,0.3838484585285187,0.07802340388298035
YDL024C,YDR107C,1,3.9850292,0.33104631304740906,0.38484546542167664,0.07802340388298035
YDR388W,YDL208W,0,3.984366,0.3307626247406006,0.38484546542167664,0.07812343537807465
YDL075W,YPL208W,0,3.9839644,0.3304794430732727,0.38484546542167664,0.07822346687316895
YHR079C,YKL135C,0,3.9836235,0.330196738243103,0.38484546542167664,0.07832349836826324
YOR063W,YLR024C,0,3.9828777,0.32991454005241394,0.38484546542167664,0.07842352986335754
YDR420W,YPL092W,0,3.9820588,0.32963278889656067,0.38484546542167664,0.07852355390787125
YNL027W,YAR018C,0,3.981073,0.329351544380188,0.38484546542167664,0.07862358540296555
YPL174C,YOR081C,0,3.9796169,0.3290707468986511,0.38484546542167664,0.07872361689805984
YDR043C,YDR251W,1,3.9784455,0.32964223623275757,0.3858424723148346,0.07872361689805984
YHR118C,YOL147C,0,3.9781942,0.3293617069721222,0.3858424723148346,0.07882364839315414
YDL166C,YEL056W,0,3.976655,0.32908162474632263,0.3858424723148346,0.07892367988824844
YJR033C,YDR175C,0,3.975552,0.32880204916000366,0.3858424723148346,0.07902370393276215
YFR036W,YER145C,0,3.9718595,0.3285229206085205,0.3858424723148346,0.07912373542785645
YGR135W,YLR215C,0,3.9713573,0.32824426889419556,0.3858424723148346,0.07922376692295074
YML073C,YMR247C,0,3.9713044,0.3279660940170288,0.3858424723148346,0.07932379841804504
YPL099C,YOR377W,0,3.9705195,0.32768839597702026,0.3858424723148346,0.07942382991313934
YDR288W,YFR033C,0,3.9683158,0.3274111747741699,0.3858424723148346,0.07952385395765305
YFR031C,YPL061W,0,3.9681466,0.3271344006061554,0.3858424723148346,0.07962388545274734
YNL096C,YGL073W,0,3.9674351,0.3268581032752991,0.3858424723148346,0.07972391694784164
YCR035C,YGL236C,0,3.9670982,0.32658228278160095,0.3858424723148346,0.07982394844293594
YOR026W,YER089C,0,3.9659395,0.32630690932273865,0.3858424723148346,0.07992397993803024
YCL066W,YKR027W,0,3.9615035,0.32603201270103455,0.3858424723148346,0.08002400398254395
YOR221C,YGR106C,0,3.9613361,0.32575756311416626,0.3858424723148346,0.08012403547763824
YDR179C,YJL127C,0,3.9603968,0.3254835903644562,0.3858424723148346,0.08022406697273254
YLR090W,YBR065C,0,3.9596438,0.3252100944519043,0.3858424723148346,0.08032409846782684
YAL010C,YAL002W,0,3.9584107,0.32493701577186584,0.3858424723148346,0.08042412996292114
YNL206C,YBR020W,0,3.95838,0.324664443731308,0.3858424723148346,0.08052415400743484
YKL185W,YKL048C,1,3.9573665,0.32523050904273987,0.38683947920799255,0.08052415400743484
YMR088C,YOR092W,0,3.954887,0.32495811581611633,0.38683947920799255,0.08062418550252914
YJL167W,YER167W,0,3.9547248,0.324686199426651,0.38683947920799255,0.08072421699762344
YMR234W,YFR053C,0,3.9546974,0.3244147300720215,0.38683947920799255,0.08082424849271774
YJL167W,YOR037W,0,3.9539258,0.3241436779499054,0.38683947920799255,0.08092427998781204
YGL119W,YML004C,0,3.9527473,0.3238731324672699,0.38683947920799255,0.08102430403232574
YLR384C,YJR135C,0,3.9526067,0.3236030042171478,0.38683947920799255,0.08112433552742004
YGR222W,YML086C,0,3.9487638,0.3233333230018616,0.38683947920799255,0.08122436702251434
YJR143C,YOR138C,0,3.944792,0.3230641186237335,0.38683947920799255,0.08132439851760864
YMR235C,YAL013W,0,3.9442759,0.3227953314781189,0.38683947920799255,0.08142443001270294
YKL009W,YDL033C,0,3.9437723,0.3225270211696625,0.38683947920799255,0.08152445405721664
YPL004C,YGR145W,0,3.9421601,0.3222591280937195,0.38683947920799255,0.08162448555231094
YML109W,YPL208W,0,3.940649,0.3219917118549347,0.38683947920799255,0.08172451704740524
YGL051W,YKR055W,0,3.9391856,0.32172471284866333,0.38683947920799255,0.08182454854249954
YHR084W,YNL142W,1,3.9374092,0.3222866654396057,0.3878364861011505,0.08182454854249954
YMR316W,YDL024C,1,3.9372036,0.3228476941585541,0.38883349299430847,0.08182454854249954
YJL129C,YNL117W,0,3.9366593,0.32258063554763794,0.38883349299430847,0.08192458003759384
YLR109W,YCL025C,0,3.9338026,0.32231405377388,0.38883349299430847,0.08202460408210754
YGL053W,YDR144C,0,3.9331067,0.3220478892326355,0.38883349299430847,0.08212463557720184
YER005W,YPL239W,0,3.932495,0.3217821717262268,0.38883349299430847,0.08222466707229614
YOL071W,YLR134W,0,3.9289649,0.32151690125465393,0.38883349299430847,0.08232469856739044
YDR451C,YOL018C,0,3.9286299,0.3212520480155945,0.38883349299430847,0.08242473006248474
YGR234W,YLR414C,0,3.9220455,0.32098764181137085,0.38883349299430847,0.08252475410699844
YBR066C,YNL142W,1,3.921895,0.3215460479259491,0.38983049988746643,0.08252475410699844
YNL119W,YNL001W,1,3.9202743,0.3221035301685333,0.3908275067806244,0.08252475410699844
YBR024W,YDR358W,0,3.9195173,0.3218390941619873,0.3908275067806244,0.08262478560209274
YGL031C,YJR150C,0,3.9184542,0.3215750753879547,0.3908275067806244,0.08272481709718704
YGL256W,YLR264W,0,3.9156876,0.32131147384643555,0.3908275067806244,0.08282484859228134
YLR345W,YLL022C,0,3.9147506,0.3210483193397522,0.3908275067806244,0.08292488008737564
YGL053W,YGL120C,0,3.9138417,0.32078561186790466,0.3908275067806244,0.08302490413188934
YKL109W,YDL136W,0,3.913036,0.32052329182624817,0.3908275067806244,0.08312493562698364
YNL062C,YDR054C,0,3.9096713,0.3202614486217499,0.3908275067806244,0.08322496712207794
YOR117W,YKL210W,0,3.908688,0.3199999928474426,0.3908275067806244,0.08332499861717224
YNL068C,YNL142W,1,3.9077232,0.3205546438694,0.39182451367378235,0.08332499861717224
YPR152C,YBL011W,0,3.9072874,0.3202933967113495,0.39182451367378235,0.08342503011226654
YDL225W,YOR273C,0,3.9072242,0.3200325667858124,0.39182451367378235,0.08352505415678024
YDL229W,YNL271C,0,3.9066527,0.3197721838951111,0.39182451367378235,0.08362508565187454
YER142C,YIL093C,0,3.9064896,0.31951218843460083,0.39182451367378235,0.08372511714696884
YML034W,YML124C,0,3.9041169,0.3192526400089264,0.39182451367378235,0.08382514864206314
YMR055C,YPL119C,0,3.8994012,0.3189935088157654,0.39182451367378235,0.08392518013715744
YLR313C,YDL159W,1,3.8986056,0.31954583525657654,0.3928215205669403,0.08392518013715744
YOR032C,YNL068C,1,3.8983665,0.3200972378253937,0.39381855726242065,0.08392518013715744
YJL053W,YNL227C,0,3.8954816,0.3198380470275879,0.39381855726242065,0.08402520418167114
YPL048W,YOL155C,0,3.8946526,0.31957927346229553,0.39381855726242065,0.08412523567676544
YHL007C,YGL190C,1,3.894526,0.3201293349266052,0.3948155641555786,0.08412523567676544
YPL112C,YDL137W,0,3.89404,0.3198707699775696,0.3948155641555786,0.08422526717185974
YDL184C,YMR001C,0,3.8920708,0.319612592458725,0.3948155641555786,0.08432529866695404
YOR127W,YLR229C,1,3.891264,0.32016128301620483,0.3958125710487366,0.08432529866695404
YOR032C,YNL138W,1,3.8870416,0.32070910930633545,0.39680957794189453,0.08432529866695404
YKL175W,YJL056C,0,3.8857312,0.32045087218284607,0.39680957794189453,0.08442533016204834
YIR019C,YDR099W,1,3.8853245,0.32099759578704834,0.3978065848350525,0.08442533016204834
YOR071C,YOR162C,0,3.8848202,0.3207395374774933,0.3978065848350525,0.08452535420656204
YDL100C,YDR499W,0,3.8836942,0.32048192620277405,0.3978065848350525,0.08462538570165634
YOR032C,YIL131C,1,3.8821986,0.3210272789001465,0.39880359172821045,0.08462538570165634
YAL020C,YKL041W,0,3.880517,0.3207698464393616,0.39880359172821045,0.08472541719675064
YBL063W,YKR085C,0,3.8747666,0.3205128312110901,0.39880359172821045,0.08482544869184494
YOL018C,YJR130C,0,3.874558,0.32025620341300964,0.39880359172821045,0.08492548018693924
YDR501W,YDR227W,0,3.8728168,0.3199999928474426,0.39880359172821045,0.08502550423145294
YPR111W,YPR200C,0,3.8695936,0.31974419951438904,0.39880359172821045,0.08512553572654724
YGL067W,YNR028W,0,3.8673813,0.3194888234138489,0.39880359172821045,0.08522556722164154
YLR176C,YAL003W,0,3.8661206,0.31923383474349976,0.39880359172821045,0.08532559871673584
YLR038C,YGR034W,0,3.8655791,0.31897926330566406,0.39880359172821045,0.08542563021183014
YBL064C,YMR042W,0,3.8647804,0.3187251091003418,0.39880359172821045,0.08552565425634384
YLR060W,YIR025W,0,3.86312,0.31847134232521057,0.39880359172821045,0.08562568575143814
YPR019W,YLR037C,0,3.8624876,0.3182179927825928,0.39880359172821045,0.08572571724653244
YNL085W,YLR435W,0,3.8619952,0.317965030670166,0.39880359172821045,0.08582574874162674
YLL062C,YGR037C,0,3.8617034,0.3177124559879303,0.39880359172821045,0.08592578023672104
YCR060W,YPL004C,0,3.861341,0.3174603283405304,0.39880359172821045,0.08602580428123474
YOL151W,YGL147C,0,3.8589332,0.31720855832099915,0.39880359172821045,0.08612583577632904
YDL108W,YAL003W,0,3.8583236,0.3169572055339813,0.39880359172821045,0.08622586727142334
YCR038C,YNL271C,1,3.8581874,0.31749802827835083,0.3998005986213684,0.08622586727142334
YOL007C,YML104C,0,3.856526,0.31724682450294495,0.3998005986213684,0.08632589876651764
YHR139C,YLL011W,0,3.8535383,0.3169960379600525,0.3998005986213684,0.08642593026161194
YMR272C,YOR018W,0,3.8531241,0.31674566864967346,0.3998005986213684,0.08652595430612564
YKR056W,YKL168C,0,3.8505845,0.3164956569671631,0.3998005986213684,0.08662598580121994
YNR041C,YMR022W,0,3.8489833,0.31624606251716614,0.3998005986213684,0.08672601729631424
YDR071C,YOR386W,0,3.8474112,0.31599685549736023,0.3998005986213684,0.08682604879140854
YML095C,YDL078C,0,3.8464725,0.31574803590774536,0.3998005986213684,0.08692608028650284
YER028C,YJL108C,0,3.8460243,0.31549960374832153,0.3998005986213684,0.08702610433101654
YBR198C,YDR126W,0,3.8446496,0.31525155901908875,0.3998005986213684,0.08712613582611084
YMR319C,YOR346W,0,3.844064,0.3150039315223694,0.3998005986213684,0.08722616732120514
YPR118W,YJR065C,0,3.8434958,0.3147566616535187,0.3998005986213684,0.08732619881629944
YDR025W,YKL166C,0,3.8426778,0.3145098090171814,0.3998005986213684,0.08742623031139374
YFR047C,YMR274C,0,3.8405254,0.31426331400871277,0.3998005986213684,0.08752625435590744
YNL244C,YML036W,0,3.8320198,0.31401723623275757,0.3998005986213684,0.08762628585100174
YBR187W,YLR442C,0,3.8313105,0.313771516084671,0.3998005986213684,0.08772631734609604
YCR106W,YGL205W,0,3.8304272,0.3135261833667755,0.3998005986213684,0.08782634884119034
YMR097C,YGL127C,0,3.8299644,0.31328123807907104,0.3998005986213684,0.08792638033628464
YBR097W,YML127W,0,3.8297896,0.3130366802215576,0.3998005986213684,0.08802640438079834
YBR193C,YGL105W,0,3.8296518,0.31279250979423523,0.3998005986213684,0.08812643587589264
YDR399W,YNR030W,0,3.8286083,0.3125487267971039,0.3998005986213684,0.08822646737098694
YOL101C,YOR109W,0,3.825097,0.3123053014278412,0.3998005986213684,0.08832649886608124
YMR316W,YAL041W,1,3.82484,0.31284046173095703,0.40079760551452637,0.08832649886608124
YDL003W,YKL014C,0,3.82477,0.31259721517562866,0.40079760551452637,0.08842653036117554
YJR132W,YMR319C,0,3.8245645,0.31235432624816895,0.40079760551452637,0.08852655440568924
YOR016C,YBR066C,0,3.8211992,0.3121117949485779,0.40079760551452637,0.08862658590078354
YPR159W,YCL014W,0,3.8211956,0.31186968088150024,0.40079760551452637,0.08872661739587784
YIL006W,YGL064C,0,3.819595,0.31162789463996887,0.40079760551452637,0.08882664889097214
YGL171W,YJR092W,0,3.8184276,0.3113865256309509,0.40079760551452637,0.08892668038606644
YOR391C,YIL093C,0,3.8167944,0.31114551424980164,0.40079760551452637,0.08902670443058014
YNR048W,YML128C,0,3.8158917,0.310904860496521,0.40079760551452637,0.08912673592567444
YNL151C,YDR034C,0,3.8153324,0.3106645941734314,0.40079760551452637,0.08922676742076874
YOR377W,YHL040C,0,3.8152444,0.31042471528053284,0.40079760551452637,0.08932679891586304
YJL186W,YJR021C,0,3.8116302,0.31018519401550293,0.40079760551452637,0.08942683041095734
YLR033W,YMR015C,0,3.8114054,0.3099460303783417,0.40079760551452637,0.08952685445547104
YOR032C,YIL049W,1,3.810615,0.3104776442050934,0.4017946124076843,0.08952685445547104
YPL178W,YCL032W,0,3.810266,0.31023865938186646,0.4017946124076843,0.08962688595056534
YIL131C,YMR238W,1,3.8082278,0.3107692301273346,0.4027916193008423,0.08962688595056534
YGR286C,YCR065W,0,3.806809,0.3105303645133972,0.4027916193008423,0.08972691744565964
YJR058C,YDL209C,0,3.806159,0.3102918565273285,0.4027916193008423,0.08982694894075394
YDL127W,YIL035C,0,3.8057647,0.3100537359714508,0.4027916193008423,0.08992698043584824
YLL003W,YHR064C,0,3.8053308,0.3098159432411194,0.4027916193008423,0.09002700448036194
YOL109W,YGL120C,0,3.8041794,0.309578537940979,0.4027916193008423,0.09012703597545624
YDR420W,YJL136C,0,3.8003705,0.3093414902687073,0.4027916193008423,0.09022706747055054
YBR158W,YLR212C,0,3.7997174,0.3091048300266266,0.4027916193008423,0.09032709896564484
YJL196C,YPR131C,0,3.798421,0.30886849761009216,0.4027916193008423,0.09042713046073914
YAL038W,YJR005W,0,3.7970257,0.3086325526237488,0.4027916193008423,0.09052715450525284
YBL023C,YKR061W,0,3.7968512,0.30839693546295166,0.4027916193008423,0.09062718600034714
YHL006C,YDR330W,0,3.7968147,0.3081617057323456,0.4027916193008423,0.09072721749544144
YMR023C,YCL059C,0,3.7965212,0.30792683362960815,0.4027916193008423,0.09082724899053574
YHR073W,YAL041W,1,3.795672,0.30845391750335693,0.40378862619400024,0.09082724899053574
YDR099W,YNL079C,1,3.793637,0.30898022651672363,0.4047856330871582,0.09082724899053574
YBR294W,YKR059W,0,3.793514,0.30874523520469666,0.4047856330871582,0.09092728048563004
YKL166C,YPL058C,0,3.790871,0.3085106313228607,0.4047856330871582,0.09102730453014374
YLL004W,YPR008W,0,3.7906132,0.30827638506889343,0.4047856330871582,0.09112733602523804
YGR103W,YCL004W,0,3.7893867,0.3080424964427948,0.4047856330871582,0.09122736752033234
YGR244C,YGR040W,0,3.7877283,0.30780893564224243,0.4047856330871582,0.09132739901542664
YDL019C,YJR151C,0,3.787527,0.3075757622718811,0.4047856330871582,0.09142743051052094
YNL160W,YGL246C,0,3.7860198,0.30734291672706604,0.4047856330871582,0.09152745455503464
YHR111W,YNL001W,1,3.7857895,0.3078668713569641,0.40578263998031616,0.09152745455503464
YDR236C,YOR355W,0,3.7855747,0.307634174823761,0.40578263998031616,0.09162748605012894
YNL297C,YBL074C,0,3.785447,0.3074018061161041,0.40578263998031616,0.09172751754522324
YMR203W,YEL030W,0,3.7819405,0.3071698248386383,0.40578263998031616,0.09182754904031754
YGR082W,YLL026W,0,3.7816281,0.30693817138671875,0.40578263998031616,0.09192758053541183
YKL161C,YBL024W,0,3.7813692,0.30670684576034546,0.40578263998031616,0.09202760457992554
YPL174C,YGL087C,0,3.7806878,0.3064759075641632,0.40578263998031616,0.09212763607501984
YBR291C,YPL144W,0,3.779978,0.3062452971935272,0.40578263998031616,0.09222766757011414
YLR185W,YGR099W,0,3.7793336,0.3060150444507599,0.40578263998031616,0.09232769906520844
YGR118W,YDR532C,0,3.7782884,0.3057851195335388,0.40578263998031616,0.09242773056030273
YOR071C,YMR081C,0,3.7781055,0.3055555522441864,0.40578263998031616,0.09252775460481644
YGR255C,YDL084W,0,3.7774184,0.30532634258270264,0.40578263998031616,0.09262778609991074
YIL119C,YDR464W,0,3.7746072,0.30509746074676514,0.40578263998031616,0.09272781759500504
YKL201C,YMR072W,0,3.773555,0.3048689067363739,0.40578263998031616,0.09282784909009933
YOR085W,YER101C,0,3.7733045,0.3046407103538513,0.40578263998031616,0.09292788058519363
YHR067W,YIL070C,0,3.7723541,0.3044128715991974,0.40578263998031616,0.09302791208028793
YJL011C,YOR306C,0,3.7714155,0.3041853606700897,0.40578263998031616,0.09312793612480164
YBL008W,YLR134W,0,3.7691314,0.3039581775665283,0.40578263998031616,0.09322796761989594
YNL178W,YOR299W,0,3.7682052,0.30373135209083557,0.40578263998031616,0.09332799911499023
YGL045W,YLR024C,0,3.7675018,0.3035048544406891,0.40578263998031616,0.09342803061008453
YHR111W,YNL197C,1,3.7660444,0.3040238320827484,0.4067796468734741,0.09342803061008453
YDR332W,YGR030C,0,3.7651756,0.3037974536418915,0.4067796468734741,0.09352806210517883
YLR056W,YEL032W,0,3.76367,0.3035714328289032,0.4067796468734741,0.09362808614969254
YLR048W,YNL210W,0,3.760216,0.3033457100391388,0.4067796468734741,0.09372811764478683
YIL173W,YDR364C,0,3.7589889,0.30312034487724304,0.4067796468734741,0.09382814913988113
YOR147W,YAR035W,0,3.7580385,0.30289533734321594,0.4067796468734741,0.09392818063497543
YDR392W,YDR251W,1,3.7579083,0.30341246724128723,0.40777668356895447,0.09392818063497543
YOL155C,YLR075W,0,3.756539,0.3031875491142273,0.40777668356895447,0.09402821213006973
YHR111W,YNL138W,1,3.7557807,0.3037036955356598,0.4087736904621124,0.09402821213006973
YGL251C,YGR057C,0,3.755671,0.3034788966178894,0.4087736904621124,0.09412823617458344
YFL023W,YLR292C,0,3.753778,0.3032544255256653,0.4087736904621124,0.09422826766967773
YPL143W,YCL027W,0,3.7535577,0.3030303120613098,0.4087736904621124,0.09432829916477203
YFL047W,YER110C,0,3.753216,0.3028064966201782,0.4087736904621124,0.09442833065986633
YBR066C,YNL138W,1,3.7526855,0.3033210337162018,0.4097706973552704,0.09442833065986633
YJR119C,YJL069C,0,3.7523632,0.30309733748435974,0.4097706973552704,0.09452836215496063
YPL154C,YMR012W,0,3.75079,0.30287399888038635,0.4097706973552704,0.09462838619947433
YGR170W,YIL070C,0,3.7500696,0.30265095829963684,0.4097706973552704,0.09472841769456863
YDR436W,YLR361C,0,3.7498682,0.3024282455444336,0.4097706973552704,0.09482844918966293
YKL054C,YGR106C,0,3.7485232,0.302205890417099,0.4097706973552704,0.09492848068475723
YOR124C,YDR390C,0,3.7469988,0.3019838333129883,0.4097706973552704,0.09502851217985153
YPL048W,YOR193W,0,3.7453864,0.30176210403442383,0.4097706973552704,0.09512853622436523
YCL066W,YDR101C,0,3.7452917,0.301540732383728,0.4097706973552704,0.09522856771945953
YIL150C,YLR344W,0,3.7427952,0.3013196587562561,0.4097706973552704,0.09532859921455383
YBR299W,YBL076C,0,3.7417774,0.30109891295433044,0.4097706973552704,0.09542863070964813
YLR182W,YOL040C,0,3.740887,0.30087846517562866,0.4097706973552704,0.09552866220474243
YPR134W,YGR106C,0,3.7406433,0.30065837502479553,0.4097706973552704,0.09562868624925613
YLR025W,YJL011C,0,3.7400851,0.3004385828971863,0.4097706973552704,0.09572871774435043
YAL023C,YIL020C,0,3.7400389,0.3002191483974457,0.4097706973552704,0.09582874923944473
YDR129C,YGL183C,0,3.7398932,0.30000001192092896,0.4097706973552704,0.09592878073453903
YOR175C,YGL238W,0,3.7394304,0.2997811734676361,0.4097706973552704,0.09602881222963333
YER104W,YER150W,0,3.7380252,0.2995626926422119,0.4097706973552704,0.09612883627414703
YIL061C,YKL218C,0,3.7377374,0.2993445098400116,0.4097706973552704,0.09622886776924133
YGR202C,YPL141C,0,3.7375631,0.29912662506103516,0.4097706973552704,0.09632889926433563
YGR178C,YML057W,0,3.7369776,0.29890909790992737,0.4097706973552704,0.09642893075942993
YOR195W,YGR271W,0,3.735831,0.29869186878204346,0.4097706973552704,0.09652896225452423
YDL024C,YDR477W,1,3.7350545,0.2992011606693268,0.41076770424842834,0.09652896225452423
YFR001W,YNL117W,0,3.7318718,0.29898402094841003,0.41076770424842834,0.09662898629903793
YER113C,YPL096W,0,3.7302403,0.29876720905303955,0.41076770424842834,0.09672901779413223
YOR127W,YER109C,1,3.7296746,0.29927536845207214,0.4117647111415863,0.09672901779413223
YLR182W,YPR118W,0,3.729292,0.2990586459636688,0.4117647111415863,0.09682904928922653
YLR265C,YAL012W,0,3.7292037,0.29884225130081177,0.4117647111415863,0.09692908078432083
YKL154W,YMR101C,0,3.7275147,0.298626184463501,0.4117647111415863,0.09702911227941513
YKR079C,YLR447C,0,3.7235894,0.29841041564941406,0.4117647111415863,0.09712913632392883
YJL140W,YDR160W,0,3.7208095,0.298194944858551,0.4117647111415863,0.09722916781902313
YPL160W,YOL156W,0,3.7185764,0.29797980189323425,0.4117647111415863,0.09732919931411743
YDR099W,YJR153W,1,3.7174973,0.2984859347343445,0.41276171803474426,0.09732919931411743
YBL026W,YBL052C,0,3.7162528,0.2982708811759949,0.41276171803474426,0.09742923080921173
YDR379W,YLR362W,1,3.7160692,0.2987760901451111,0.4137587249279022,0.09742923080921173
YML109W,YNR045W,0,3.7157078,0.298561155796051,0.4137587249279022,0.09752926230430603
YDR300C,YPL116W,0,3.7147264,0.29834651947021484,0.4137587249279022,0.09762928634881973
YHR111W,YMR016C,1,3.7142715,0.29885056614875793,0.4147557318210602,0.09762928634881973
YJL200C,YDR026C,0,3.7132905,0.2986360490322113,0.4147557318210602,0.09772931784391403
YNL298W,YIL049W,1,3.7112007,0.2991391718387604,0.41575273871421814,0.09772931784391403
YPL231W,YJR131W,0,3.7090406,0.2989247441291809,0.41575273871421814,0.09782934933900833
YBR275C,YBR095C,0,3.70282,0.2987106144428253,0.41575273871421814,0.09792938083410263
YCL069W,YDR318W,0,3.7025776,0.2984967827796936,0.41575273871421814,0.09802941232919693
YIL131C,YDL035C,1,3.701614,0.29899856448173523,0.4167497456073761,0.09802941232919693
YBL057C,YMR133W,0,3.700265,0.29878485202789307,0.4167497456073761,0.09812943637371063
YMR290C,YGR077C,0,3.7001615,0.2985714375972748,0.4167497456073761,0.09822946786880493
YFL049W,YCR010C,0,3.699914,0.29835832118988037,0.4167497456073761,0.09832949936389923
YNL129W,YBR033W,0,3.6950095,0.29814550280570984,0.4167497456073761,0.09842953085899353
YGR030C,YMR238W,0,3.6936831,0.29793301224708557,0.4167497456073761,0.09852956235408783
YDR518W,YPL215W,0,3.6928701,0.2977207899093628,0.4167497456073761,0.09862958639860153
YPL171C,YDR437W,0,3.6920793,0.2975088953971863,0.4167497456073761,0.09872961789369583
YML052W,YGR006W,0,3.6916738,0.29729729890823364,0.4167497456073761,0.09882964938879013
YGR138C,YDR465C,0,3.6905892,0.2970860004425049,0.4167497456073761,0.09892968088388443
YOR167C,YPR031W,0,3.689786,0.296875,0.4167497456073761,0.09902971237897873
YKL183W,YKL103C,0,3.6882277,0.296664297580719,0.4167497456073761,0.09912973642349243
YHR088W,YLR404W,0,3.6879168,0.29645389318466187,0.4167497456073761,0.09922976791858673
YDL076C,YNL307C,0,3.6857376,0.2962437868118286,0.4167497456073761,0.09932979941368103
YLR204W,YNL130C,0,3.6856194,0.2960340082645416,0.4167497456073761,0.09942983090877533
YGR014W,YMR036C,0,3.6823409,0.29582449793815613,0.4167497456073761,0.09952986240386963
YPL148C,YGR095C,0,3.6821837,0.2956152856349945,0.4167497456073761,0.09962988644838333
YLR229C,YLL021W,1,3.6810231,0.2961130738258362,0.41774675250053406,0.09962988644838333
YKR028W,YDR427W,0,3.6775417,0.2959039509296417,0.41774675250053406,0.09972991794347763
YPR026W,YGL093W,0,3.6766596,0.29569512605667114,0.41774675250053406,0.09982994943857193
YBR162W-A,YER150W,0,3.676634,0.29548659920692444,0.41774675250053406,0.09992998093366623
YMR171C,YKL173W,0,3.6735563,0.2952783703804016,0.41774675250053406,0.10003001242876053
YMR316W,YCR038C,1,3.6732168,0.2957746386528015,0.418743759393692,0.10003001242876053
YHR143W,YDR164C,0,3.672557,0.29556649923324585,0.418743759393692,0.10013003647327423
YDR477W,YJR147W,1,3.6717973,0.2960618734359741,0.41974076628685,0.10013003647327423
YOR327C,YNR055C,0,3.6715317,0.2958538234233856,0.41974076628685,0.10023006796836853
YLR409C,YML100W,0,3.6711378,0.295646071434021,0.41974076628685,0.10033009946346283
YDR507C,YOR275C,0,3.6710856,0.29543858766555786,0.41974076628685,0.10043013095855713
YLR247C,YKL004W,0,3.670289,0.2952314019203186,0.41974076628685,0.10053016245365143
YNL282W,YHR017W,0,3.6663961,0.2950245141983032,0.41974076628685,0.10063018649816513
YJL171C,YNL183C,0,3.6663575,0.2948179244995117,0.41974076628685,0.10073021799325943
YDL185W,YDL220C,0,3.664438,0.2946116030216217,0.41974076628685,0.10083024948835373
YLR362W,YMR238W,1,3.6638482,0.29510489106178284,0.42073777318000793,0.10083024948835373
YOL112W,YLR038C,0,3.6637335,0.29489865899086,0.42073777318000793,0.10093028098344803
YPL148C,YER044C-A,0,3.6630695,0.294692724943161,0.42073777318000793,0.10103031247854233
YDL115C,YAL002W,0,3.6623287,0.2944870889186859,0.42073777318000793,0.10113033652305603
YDR099W,YNL098C,1,3.6555936,0.294979065656662,0.4217348098754883,0.10113033652305603
YJR066W,YDR069C,0,3.6549528,0.29477351903915405,0.4217348098754883,0.10123036801815033
YER173W,YAL019W,0,3.6547582,0.2945682406425476,0.4217348098754883,0.10133039951324463
YCR057C,YLR248W,0,3.6542368,0.29436326026916504,0.4217348098754883,0.10143043100833893
YBR083W,YIL049W,1,3.6537123,0.29485395550727844,0.42273181676864624,0.10143043100833893
YHR160C,YJR135C,0,3.6522212,0.29464906454086304,0.42273181676864624,0.10153046250343323
YOR025W,YDL112W,0,3.6515417,0.2944444417953491,0.42273181676864624,0.10163048654794693
YNL119W,YLR312C-B,1,3.6507125,0.29493406414985657,0.4237288236618042,0.10163048654794693
YDR496C,YBL103C,0,3.6497674,0.2947295308113098,0.4237288236618042,0.10173051804304123
YLR086W,YHR205W,0,3.6497393,0.29452529549598694,0.4237288236618042,0.10183054953813553
YKL089W,YGR082W,0,3.649334,0.29432132840156555,0.4237288236618042,0.10193058103322983
YGL129C,YLL057C,0,3.6487262,0.29411765933036804,0.4237288236618042,0.10203061252832413
YNL137C,YOR192C,0,3.6453295,0.293914258480072,0.4237288236618042,0.10213063657283783
YER115C,YOL019W,0,3.6445155,0.2937111258506775,0.4237288236618042,0.10223066806793213
YLR247C,YKL114C,0,3.643558,0.29350829124450684,0.4237288236618042,0.10233069956302643
YBL025W,YGL191W,0,3.643169,0.29330572485923767,0.4237288236618042,0.10243073105812073
YGL067W,YIL009W,0,3.643022,0.2931034564971924,0.4237288236618042,0.10253076255321503
YDR309C,YLL041C,0,3.638147,0.2929014563560486,0.4237288236618042,0.10263078659772873
YOR237W,YBR023C,0,3.637433,0.2926997244358063,0.4237288236618042,0.10273081809282303
YLR229C,YKL048C,1,3.637076,0.2931865155696869,0.42472583055496216,0.10273081809282303
YLR299W,YJL087C,0,3.6359396,0.29298487305641174,0.42472583055496216,0.10283084958791733
YAL056W,YPL021W,1,3.634828,0.2934707999229431,0.4257228374481201,0.10283084958791733
YPR043W,YGR274C,0,3.634427,0.29326921701431274,0.4257228374481201,0.10293088108301163
YGR175C,YNL084C,0,3.6321545,0.29306796193122864,0.4257228374481201,0.10303091257810593
YPL234C,YMR319C,0,3.6319685,0.29286694526672363,0.4257228374481201,0.10313093662261963
YBR243C,YFR030W,0,3.6318803,0.2926661968231201,0.4257228374481201,0.10323096811771393
YML120C,YOL120C,0,3.6303535,0.2924657464027405,0.4257228374481201,0.10333099961280823
YFL047W,YLR158C,0,3.629731,0.29226556420326233,0.4257228374481201,0.10343103110790253
YHR154W,YOL065C,0,3.6284885,0.29206565022468567,0.4257228374481201,0.10353106260299683
YHR146W,YHR108W,0,3.6270316,0.2918660342693329,0.4257228374481201,0.10363108664751053
YLR430W,YOR335C,0,3.6252258,0.2916666567325592,0.4257228374481201,0.10373111814260483
YER177W,YNL001W,1,3.6220465,0.2921501696109772,0.4267198443412781,0.10373111814260483
YML091C,YNL216W,0,3.6209555,0.29195088148117065,0.4267198443412781,0.10383114963769913
YLR026C,YPR132W,0,3.617734,0.2917518615722656,0.4267198443412781,0.10393118113279343
YIL051C,YJR068W,0,3.617602,0.2915531396865845,0.4267198443412781,0.10403121262788773
YDL138W,YHL004W,0,3.617043,0.2913546562194824,0.4267198443412781,0.10413123667240143
YDR233C,YOR275C,0,3.6168718,0.29115647077560425,0.4267198443412781,0.10423126816749573
YJR158W,YHR190W,0,3.6156921,0.2909585237503052,0.4267198443412781,0.10433129966259003
YPL176C,YPL206C,0,3.614729,0.29076087474823,0.4267198443412781,0.10443133115768433
YLR313C,YER020W,1,3.6147213,0.2912423610687256,0.42771685123443604,0.10443133115768433
YPL115C,YKL043W,1,3.6137013,0.29172319173812866,0.428713858127594,0.10443133115768433
YLR086W,YFL021W,0,3.6135225,0.2915254235267639,0.428713858127594,0.10453136265277863
YGL206C,YLR411W,0,3.6105943,0.29132792353630066,0.428713858127594,0.10463138669729233
YJL194W,YLR287C-A,0,3.6104195,0.2911306619644165,0.428713858127594,0.10473141819238663
YNL304W,YHR205W,0,3.6074815,0.2909336984157562,0.428713858127594,0.10483144968748093
YOR067C,YBR023C,0,3.6071377,0.29073697328567505,0.428713858127594,0.10493148118257523
YER108C,YHR073W,1,3.6053586,0.2912162244319916,0.42971086502075195,0.10493148118257523
YAL022C,YIL018W,0,3.6053112,0.29101958870887756,0.42971086502075195,0.10503151267766953
YCL048W,YMR273C,0,3.6039085,0.29082322120666504,0.42971086502075195,0.10513153672218323
YNL330C,YPL058C,0,3.6033292,0.290627121925354,0.42971086502075195,0.10523156821727753
YMR313C,YGR189C,0,3.6026068,0.29043126106262207,0.42971086502075195,0.10533159971237183
YMR045C,YER138C,0,3.60241,0.290235698223114,0.42971086502075195,0.10543163120746613
YGL058W,YHR013C,0,3.601852,0.29004037380218506,0.42971086502075195,0.10553166270256042
YGR200C,YAL015C,0,3.6015677,0.2898453176021576,0.42971086502075195,0.10563168674707413
YER104W,YNL248C,0,3.6010373,0.2896505296230316,0.42971086502075195,0.10573171824216843
YLR264W,YBL089W,0,3.6007679,0.28945600986480713,0.42971086502075195,0.10583174973726273
YDR074W,YHR190W,0,3.5998669,0.28926175832748413,0.42971086502075195,0.10593178123235703
YBR035C,YOL052C,0,3.59963,0.28906774520874023,0.42971086502075195,0.10603181272745132
YDR224C,YPR144C,0,3.5977743,0.2888740003108978,0.42971086502075195,0.10613183677196503
YIL049W,YIL131C,1,3.596604,0.289350301027298,0.4307078719139099,0.10613183677196503
YOL158C,YGL064C,0,3.5964994,0.28915661573410034,0.4307078719139099,0.10623186826705933
YOR011W,YDR022C,0,3.594812,0.2889631986618042,0.4307078719139099,0.10633189976215363
YDL127W,YPR041W,0,3.593805,0.28877004981040955,0.4307078719139099,0.10643193125724792
YLR212C,YJL066C,0,3.5928762,0.2885771691799164,0.4307078719139099,0.10653196275234222
YNL068C,YLR083C,1,3.5926423,0.2890520691871643,0.43170487880706787,0.10653196275234222
YML095C,YPR169W,0,3.5923357,0.2888592481613159,0.43170487880706787,0.10663198679685593
YGR279C,YDR395W,0,3.5898376,0.28866666555404663,0.43170487880706787,0.10673201829195023
YER061C,YDR529C,0,3.587927,0.28847435116767883,0.43170487880706787,0.10683204978704453
YNL230C,YOR066W,0,3.5877247,0.2882823050022125,0.43170487880706787,0.10693208128213882
YKL191W,YGL147C,0,3.5857008,0.2880904972553253,0.43170487880706787,0.10703211277723312
YOL080C,YIL134W,0,3.5809114,0.2878989279270172,0.43170487880706787,0.10713213682174683
YNL123W,YJR022W,0,3.5805802,0.2877076268196106,0.43170487880706787,0.10723216831684113
YBR045C,YGL122C,0,3.5802975,0.28751659393310547,0.43170487880706787,0.10733219981193542
YDR021W,YOR192C,0,3.5802708,0.28732579946517944,0.43170487880706787,0.10743223130702972
YOR244W,YLR004C,0,3.579246,0.2871352732181549,0.43170487880706787,0.10753226280212402
YJL008C,YER177W,0,3.5766132,0.2869449853897095,0.43170487880706787,0.10763228684663773
YHR165C,YML036W,0,3.5757167,0.2867549657821655,0.43170487880706787,0.10773231834173203
YHR077C,YLR045C,0,3.5735202,0.2865651845932007,0.43170487880706787,0.10783234983682632
YGL051W,YOR380W,0,3.5726268,0.28637567162513733,0.43170487880706787,0.10793238133192062
YDL067C,YPR162C,0,3.5715017,0.2861863970756531,0.43170487880706787,0.10803241282701492
YGL104C,YKL007W,0,3.567208,0.2859973609447479,0.43170487880706787,0.10813243687152863
YJL073W,YPR137W,0,3.5667706,0.28580859303474426,0.43170487880706787,0.10823246836662292
YHR073W,YMR238W,1,3.5660415,0.28627967834472656,0.43270188570022583,0.10823246836662292
YOL005C,YDR528W,0,3.5653489,0.2860909700393677,0.43270188570022583,0.10833249986171722
YJR138W,YDL220C,0,3.564603,0.2859025001525879,0.43270188570022583,0.10843253135681152
YLR347C,YER032W,0,3.5638497,0.2857142984867096,0.43270188570022583,0.10853256285190582
YGR170W,YML011C,0,3.5612268,0.285526305437088,0.43270188570022583,0.10863258689641953
YEL017C-A,YGL123W,0,3.56102,0.2853385806083679,0.43270188570022583,0.10873261839151382
YGR014W,YMR227C,0,3.558299,0.2851511240005493,0.43270188570022583,0.10883264988660812
YJR153W,YDR289C,0,3.556252,0.2849638760089874,0.43270188570022583,0.10893268138170242
YGL053W,YGR167W,0,3.5537796,0.284776896238327,0.43270188570022583,0.10903271287679672
YER148W,YGR006W,0,3.552454,0.2845901548862457,0.43270188570022583,0.10913273692131042
YER118C,YER149C,1,3.551774,0.28505897521972656,0.4336988925933838,0.10913273692131042
YER115C,YPL103C,0,3.5504837,0.28487229347229004,0.4336988925933838,0.10923276841640472
YOL023W,YGR058W,0,3.5491881,0.2846858501434326,0.4336988925933838,0.10933279991149902
YJR145C,YHR037W,0,3.548843,0.2844996750354767,0.4336988925933838,0.10943283140659332
YJL052W,YHR146W,0,3.5472841,0.28431373834609985,0.4336988925933838,0.10953286290168762
YOL051W,YMR033W,0,3.5453851,0.28412801027297974,0.4336988925933838,0.10963288694620132
YNL197C,YKL048C,1,3.5441837,0.2845953106880188,0.43469589948654175,0.10963288694620132
YDR466W,YOR086C,0,3.5439591,0.28440964221954346,0.43469589948654175,0.10973291844129562
YNR050C,YNL166C,0,3.5437455,0.2842242419719696,0.43469589948654175,0.10983294993638992
YCL034W,YBL008W,0,3.5432959,0.28403908014297485,0.43469589948654175,0.10993298143148422
YEL058W,YGR129W,0,3.5424852,0.2838541567325592,0.43469589948654175,0.11003301292657852
YDR386W,YDR497C,0,3.541245,0.28366947174072266,0.43469589948654175,0.11013303697109222
YDR099W,YDR392W,1,3.539816,0.28413525223731995,0.4356929063796997,0.11013303697109222
YLR208W,YLR411W,0,3.5389879,0.2839506268501282,0.4356929063796997,0.11023306846618652
YNL012W,YMR001C,0,3.5387106,0.2837662398815155,0.4356929063796997,0.11033309996128082
YLR103C,YPL271W,0,3.537653,0.28358209133148193,0.4356929063796997,0.11043313145637512
YLR160C,YNL173C,0,3.536758,0.28339818120002747,0.4356929063796997,0.11053316295146942
YNL016W,YPL092W,0,3.5367184,0.2832145094871521,0.4356929063796997,0.11063318699598312
YLR389C,YBR081C,0,3.532878,0.28303107619285583,0.4356929063796997,0.11073321849107742
YDL043C,YBR112C,0,3.530796,0.28284791111946106,0.4356929063796997,0.11083324998617172
YER118C,YAL041W,1,3.5303092,0.28331178426742554,0.43668994307518005,0.11083324998617172
YPL141C,YER110C,0,3.52928,0.28312864899635315,0.43668994307518005,0.11093328148126602
YDR499W,YDR368W,0,3.5290077,0.2829457223415375,0.43668994307518005,0.11103331297636032
YKR083C,YGR030C,0,3.5285192,0.2827630639076233,0.43668994307518005,0.11113333702087402
YLR014C,YKL007W,0,3.5284605,0.2825806438922882,0.43668994307518005,0.11123336851596832
YMR194W,YMR204C,0,3.528379,0.2823984622955322,0.43668994307518005,0.11133340001106262
YDR009W,YBR045C,0,3.528274,0.28221648931503296,0.43668994307518005,0.11143343150615692
YHR143W,YNL142W,1,3.5248315,0.2826786935329437,0.437686949968338,0.11143343150615692
YNL230C,YLR023C,0,3.5242429,0.28249678015708923,0.437686949968338,0.11153346300125122
YLR098C,YML042W,0,3.523067,0.28231510519981384,0.437686949968338,0.11163348704576492
YFR047C,YOL132W,0,3.5208397,0.28213366866111755,0.437686949968338,0.11173351854085922
YKL185W,YNL001W,1,3.5166576,0.2825947403907776,0.43868395686149597,0.11173351854085922
YMR313C,YLR106C,0,3.5159695,0.2824133634567261,0.43868395686149597,0.11183355003595352
YMR164C,YER118C,1,3.5154648,0.28287363052368164,0.43968096375465393,0.11183355003595352
YNR010W,YEL052W,0,3.5144258,0.2826923131942749,0.43968096375465393,0.11193358153104782
YNL096C,YGL018C,0,3.5127869,0.2825112044811249,0.43968096375465393,0.11203361302614212
YBR094W,YGR184C,0,3.511986,0.28233033418655396,0.43968096375465393,0.11213363707065582
YJR127C,YNR016C,0,3.5107865,0.28214970231056213,0.43968096375465393,0.11223366856575012
YOR228C,YHR147C,0,3.5106835,0.2819693088531494,0.43968096375465393,0.11233370006084442
YNL098C,YKR053C,0,3.5098867,0.2817891240119934,0.43968096375465393,0.11243373155593872
YPL104W,YIL123W,0,3.5093164,0.2816092073917389,0.43968096375465393,0.11253376305103302
YNR010W,YOR119C,0,3.5091972,0.2814294695854187,0.43968096375465393,0.11263378709554672
YDR405W,YMR048W,0,3.5072975,0.28125,0.43968096375465393,0.11273381859064102
YPL169C,YBR040W,0,3.5055962,0.281070739030838,0.43968096375465393,0.11283385008573532
YER185W,YCL055W,0,3.5033698,0.2808917164802551,0.43968096375465393,0.11293388158082962
YOL098C,YMR287C,0,3.5027242,0.28071293234825134,0.43968096375465393,0.11303391307592392
YFR029W,YDR332W,0,3.5006814,0.2805343568325043,0.43968096375465393,0.11313393712043762
YDL061C,YPL050C,0,3.5006235,0.2803560197353363,0.43968096375465393,0.11323396861553192
YBR261C,YBR067C,0,3.5005035,0.28017789125442505,0.43968096375465393,0.11333400011062622
YBR237W,YLL057C,0,3.5001101,0.2800000011920929,0.43968096375465393,0.11343403160572052
YHR118C,YPR156C,0,3.4998035,0.27982234954833984,0.43968096375465393,0.11353406310081482
YMR153W,YPL106C,0,3.4997196,0.2796449065208435,0.43968096375465393,0.11363408714532852
YGL151W,YLR142W,0,3.4988742,0.2794676721096039,0.43968096375465393,0.11373411864042282
YPL259C,YOL138C,0,3.4982853,0.27929067611694336,0.43968096375465393,0.11383415013551712
YHR011W,YAL041W,1,3.4981341,0.2797468304634094,0.4406779706478119,0.11383415013551712
YFR005C,YOR025W,0,3.4966865,0.2795698940753937,0.4406779706478119,0.11393418163061142
YLL004W,YJR040W,0,3.4949584,0.27939316630363464,0.4406779706478119,0.11403421312570572
YJR109C,YBR260C,0,3.4934947,0.2792166769504547,0.4406779706478119,0.11413423717021942
YBR162C,YDL107W,0,3.4923491,0.2790403962135315,0.4406779706478119,0.11423426866531372
YER082C,YEL005C,0,3.4920564,0.2788643538951874,0.4406779706478119,0.11433430016040802
YGL084C,YNL102W,0,3.4883127,0.2786885201931,0.4406779706478119,0.11443433165550232
YBR009C,YOL003C,0,3.4857714,0.2785129249095917,0.4406779706478119,0.11453436315059662
YOR315W,YCR093W,1,3.4819965,0.2789672613143921,0.44167497754096985,0.11453436315059662
YDR379W,YMR016C,1,3.4813366,0.27942103147506714,0.4426719844341278,0.11453436315059662
YGR156W,YNL284C,0,3.4806385,0.2792452871799469,0.4426719844341278,0.11463438719511032
YOR254C,YKL052C,0,3.4794326,0.27906978130340576,0.4426719844341278,0.11473441869020462
YKL074C,YEL064C,0,3.4789338,0.27889448404312134,0.4426719844341278,0.11483445018529892
YLR268W,YEL012W,0,3.4779167,0.27871939539909363,0.4426719844341278,0.11493448168039322
YPL028W,YLR197W,0,3.477579,0.278544545173645,0.4426719844341278,0.11503451317548752
YBR218C,YJR025C,0,3.4772582,0.2783699035644531,0.4426719844341278,0.11513453722000122
YOR034C,YEL069C,0,3.4772449,0.27819550037384033,0.4426719844341278,0.11523456871509552
YNL178W,YFL001W,0,3.4767623,0.27802127599716187,0.4426719844341278,0.11533460021018982
YDR172W,YOR299W,0,3.4761853,0.2778473198413849,0.4426719844341278,0.11543463170528412
YMR215W,YMR268W-A,0,3.4755518,0.27767354249954224,0.4426719844341278,0.11553466320037842
YPR169W,YGL236C,0,3.475463,0.2775000035762787,0.4426719844341278,0.11563468724489212
YDR281C,YGL186C,0,3.4746716,0.27732667326927185,0.4426719844341278,0.11573471873998642
YDR043C,YLR229C,1,3.4745116,0.2777777910232544,0.44366899132728577,0.11573471873998642
YKL185W,YDL035C,1,3.474077,0.2782283127307892,0.4446659982204437,0.11573471873998642
YLR011W,YBL058W,0,3.473247,0.2780548632144928,0.4446659982204437,0.11583475023508072
YLR343W,YDR062W,0,3.4730384,0.2778816223144531,0.4446659982204437,0.11593478173017502
YHR010W,YDR516C,0,3.471891,0.27770859003067017,0.4446659982204437,0.11603481322526932
YBL061C,YPR118W,0,3.4708872,0.2775357663631439,0.4446659982204437,0.11613483726978302
YNL158W,YFR037C,0,3.4695191,0.2773631811141968,0.4446659982204437,0.11623486876487732
YMR123W,YOL019W,0,3.4689653,0.27719080448150635,0.4446659982204437,0.11633490025997162
YBR195C,YLR196W,0,3.4688237,0.27701863646507263,0.4446659982204437,0.11643493175506592
YEL030W,YGL203C,0,3.4649801,0.27684667706489563,0.4446659982204437,0.11653496325016022
YEL027W,YOR324C,0,3.464041,0.27667492628097534,0.4446659982204437,0.11663498729467392
YBR287W,YKL011C,0,3.463923,0.27650341391563416,0.4446659982204437,0.11673501878976822
YNL207W,YDR447C,0,3.463624,0.2763320803642273,0.4446659982204437,0.11683505028486252
YLR088W,YPL060W,0,3.4635448,0.27616098523139954,0.4446659982204437,0.11693508177995682
YEL064C,YPR001W,0,3.4619288,0.2759900987148285,0.4446659982204437,0.11703511327505112
YOL077C,YDR469W,0,3.4604435,0.27581942081451416,0.4446659982204437,0.11713513731956482
YOL002C,YNL268W,0,3.4580958,0.27564895153045654,0.4446659982204437,0.11723516881465912
YKL144C,YJL108C,0,3.4580383,0.27547869086265564,0.4446659982204437,0.11733520030975342
YHR024C,YJR001W,0,3.4576726,0.27530863881111145,0.4446659982204437,0.11743523180484772
YNL062C,YKR062W,0,3.455238,0.275138795375824,0.4446659982204437,0.11753526329994202
YHR143W,YDL159W,1,3.4530554,0.27558571100234985,0.4456630051136017,0.11753526329994202
YML086C,YDR100W,0,3.4522662,0.27541589736938477,0.4456630051136017,0.11763528734445572
YBL020W,YDR088C,0,3.451857,0.2752462923526764,0.4456630051136017,0.11773531883955002
YKL197C,YHL011C,0,3.4503264,0.2750769257545471,0.4456630051136017,0.11783535033464432
YKL048C,YNL079C,1,3.4488428,0.27552276849746704,0.44666001200675964,0.11783535033464432
YKL059C,YJR143C,0,3.4474478,0.27535340189933777,0.44666001200675964,0.11793538182973862
YGL098W,YGL211W,0,3.4450548,0.2751842737197876,0.44666001200675964,0.11803541332483292
YFR024C-A,YOR080W,0,3.444466,0.27501535415649414,0.44666001200675964,0.11813543736934662
YKR044W,YNL001W,0,3.4438856,0.274846613407135,0.44666001200675964,0.11823546886444092
YJR059W,YBR035C,0,3.4436884,0.274678111076355,0.44666001200675964,0.11833550035953522
YPL048W,YDL209C,0,3.4431932,0.27450981736183167,0.44666001200675964,0.11843553185462952
YBR112C,YJL090C,0,3.4424796,0.2743417024612427,0.44666001200675964,0.11853556334972382
YLR362W,YGL190C,1,3.4420476,0.2747857868671417,0.4476570188999176,0.11853556334972382
YEL030W,YBR187W,0,3.440858,0.2746177315711975,0.4476570188999176,0.11863558739423752
YGL192W,YJL170C,0,3.440114,0.27444988489151,0.4476570188999176,0.11873561888933182
YHL007C,YCR093W,1,3.4397335,0.2748931050300598,0.44865402579307556,0.11873561888933182
YMR316W,YIR025W,0,3.437542,0.2747252881526947,0.44865402579307556,0.11883565038442612
YJL071W,YGR077C,0,3.4366653,0.2745576500892639,0.44865402579307556,0.11893568187952042
YDR108W,YGL049C,0,3.4363027,0.27439025044441223,0.44865402579307556,0.11903571337461472
YOR030W,YAL056W,1,3.4352517,0.27483242750167847,0.4496510326862335,0.11903571337461472
YNR045W,YKR026C,0,3.435214,0.2746650278568268,0.4496510326862335,0.11913573741912842
YAL016W,YDL166C,0,3.4350047,0.2744978666305542,0.4496510326862335,0.11923576891422272
YDR466W,YJR140C,0,3.4336238,0.27433091402053833,0.4496510326862335,0.11933580040931702
YPL233W,YGR295C,0,3.4323134,0.2741641402244568,0.4496510326862335,0.11943583190441132
YLR260W,YGL095C,0,3.4317245,0.27399757504463196,0.4496510326862335,0.11953586339950562
YDR379W,YPL021W,1,3.4315171,0.27443838119506836,0.45064806938171387,0.11953586339950562
YNL239W,YGL049C,0,3.4308333,0.2742718458175659,0.45064806938171387,0.11963588744401932
YKL155C,YOR252W,0,3.4307842,0.2741055190563202,0.45064806938171387,0.11973591893911362
YJL130C,YDL209C,0,3.4300196,0.2739394009113312,0.45064806938171387,0.11983595043420792
YMR075W,YMR002W,0,3.4298615,0.2737734615802765,0.45064806938171387,0.11993598192930222
YJR082C,YGR229C,0,3.4272456,0.2736077606678009,0.45064806938171387,0.12003601342439651
YML034W,YHL004W,0,3.4257517,0.27344223856925964,0.45064806938171387,0.12013603746891022
YBL020W,YMR005W,0,3.425248,0.2732768952846527,0.45064806938171387,0.12023606896400452
YBR091C,YNL194C,0,3.4251747,0.2731117904186249,0.45064806938171387,0.12033610045909882
YDR004W,YER046W,0,3.4239693,0.27294686436653137,0.45064806938171387,0.12043613195419312
YNL049C,YIL008W,0,3.4226294,0.2727821469306946,0.45064806938171387,0.12053616344928741
YHR174W,YIL150C,0,3.4225874,0.2726176083087921,0.45064806938171387,0.12063618749380112
YDR372C,YNL167C,0,3.4221728,0.27245327830314636,0.45064806938171387,0.12073621898889542
YMR075W,YLR075W,0,3.4217696,0.2722891569137573,0.45064806938171387,0.12083625048398972
YHR149C,YOR308C,0,3.421644,0.2721252143383026,0.45064806938171387,0.12093628197908401
YLL002W,YFR049W,0,3.4216423,0.2719614803791046,0.45064806938171387,0.12103631347417831
YGL256W,YPL198W,0,3.4208517,0.27179795503616333,0.45064806938171387,0.12113633751869202
YKL119C,YCR037C,0,3.4203324,0.27163460850715637,0.45064806938171387,0.12123636901378632
YNR028W,YJL056C,0,3.4202318,0.27147147059440613,0.45064806938171387,0.12133640050888062
YOR391C,YIL021W,0,3.4196942,0.2713085114955902,0.45064806938171387,0.12143643200397491
YDR501W,YER123W,0,3.4186869,0.271145761013031,0.45064806938171387,0.12153646349906921
YCR038C,YNL098C,1,3.4183216,0.2715827226638794,0.4516450762748718,0.12153646349906921
YDR043C,YNL197C,1,3.4181962,0.2720191776752472,0.4526420831680298,0.12153646349906921
YOR034C,YFL004W,0,3.4179416,0.27185627818107605,0.4526420831680298,0.12163648754358292
YGL107C,YBL024W,0,3.4176283,0.2716935873031616,0.4526420831680298,0.12173651903867722
YDL134C,YAL060W,0,3.416575,0.2715311050415039,0.4526420831680298,0.12183655053377151
YJL085W,YJR139C,0,3.4158154,0.2713688015937805,0.4526420831680298,0.12193658202886581
YOR047C,YIL009W,0,3.4149036,0.27120667695999146,0.4526420831680298,0.12203661352396011
YNL307C,YBL106C,0,3.414555,0.2710447907447815,0.4526420831680298,0.12213663756847382
YEL069C,YMR048W,0,3.4135275,0.27088305354118347,0.4526420831680298,0.12223666906356812
YDR477W,YAL056W,1,3.4126709,0.27131783962249756,0.45363909006118774,0.12223666906356812
YGR078C,YIR025W,0,3.4123697,0.2711561322212219,0.45363909006118774,0.12233670055866241
YLR362W,YER020W,1,3.4117498,0.2715902328491211,0.4546360969543457,0.12233670055866241
YKR050W,YDR033W,0,3.4098473,0.27142858505249023,0.4546360969543457,0.12243673205375671
YJL170C,YDL179W,0,3.4094706,0.2712671160697937,0.4546360969543457,0.12253676354885101
YAL025C,YDR518W,0,3.4090214,0.2711058259010315,0.4546360969543457,0.12263678759336472
YLR260W,YBR283C,0,3.4088464,0.270944744348526,0.4546360969543457,0.12273681908845901
YGL076C,YGR225W,0,3.4087312,0.27078384160995483,0.4546360969543457,0.12283685058355331
YNL086W,YOR308C,0,3.4081473,0.2706231474876404,0.4546360969543457,0.12293688207864761
YNL068C,YLL021W,1,3.4077015,0.27105575799942017,0.45563310384750366,0.12293688207864761
YGL071W,YMR292W,0,3.4076405,0.2708950936794281,0.45563310384750366,0.12303691357374191
YDR432W,YER109C,1,3.405425,0.27132701873779297,0.4566301107406616,0.12303691357374191
YCL017C,YPL189W,0,3.4051805,0.2711663842201233,0.4566301107406616,0.12313693761825562
YDR098C,YJR092W,0,3.4046855,0.27100592851638794,0.4566301107406616,0.12323696911334991
YGL111W,YNL127W,0,3.4033253,0.2708456516265869,0.4566301107406616,0.12333700060844421
YKL149C,YDR379W,1,3.402102,0.271276593208313,0.4576271176338196,0.12333700060844421
YKR049C,YML055W,0,3.4010887,0.27111637592315674,0.4576271176338196,0.12343703210353851
YML097C,YDR545W,0,3.3999164,0.2709563076496124,0.4576271176338196,0.12353706359863281
YOR011W,YHR157W,0,3.399803,0.27079644799232483,0.4576271176338196,0.12363708764314651
YBR002C,YPR200C,0,3.3985462,0.27063679695129395,0.4576271176338196,0.12373711913824081
YDR270W,YDR437W,0,3.3982415,0.2704773247241974,0.4576271176338196,0.12383715063333511
YKR020W,YGR097W,0,3.3979378,0.27031803131103516,0.4576271176338196,0.12393718212842941
YCR047C,YIL123W,0,3.3979154,0.27015891671180725,0.4576271176338196,0.12403721362352371
YDL031W,YDR268W,0,3.3974164,0.27000001072883606,0.4576271176338196,0.12413723766803741
YMR203W,YLR318W,0,3.3972704,0.2698412835597992,0.4576271176338196,0.12423726916313171
YPL115C,YDL035C,1,3.3962457,0.2702702581882477,0.45862412452697754,0.12423726916313171
YJL073W,YKR083C,0,3.395354,0.2701115608215332,0.45862412452697754,0.12433730065822601
YBL025W,YLR299W,0,3.3946595,0.26995304226875305,0.45862412452697754,0.12443733215332031
YCL036W,YOL138C,0,3.3928368,0.2697947323322296,0.45862412452697754,0.12453736364841461
YGR224W,YHR029C,0,3.3923957,0.2696365714073181,0.45862412452697754,0.12463738769292831
YOR076C,YDR510W,0,3.3917835,0.26947861909866333,0.45862412452697754,0.12473741918802261
YNL001W,YCR093W,1,3.3914027,0.26990631222724915,0.4596211314201355,0.12473741918802261
YMR201C,YBL069W,0,3.3906152,0.26974838972091675,0.4596211314201355,0.12483745068311691
YIR012W,YDL231C,0,3.3899126,0.2695906460285187,0.4596211314201355,0.12493748217821121
YNL142W,YPL189W,0,3.3896453,0.26943308115005493,0.4596211314201355,0.12503750622272491
YDL115C,YML106W,0,3.389552,0.2692756950855255,0.4596211314201355,0.1251375377178192
YKL001C,YIL011W,0,3.3887296,0.2691185176372528,0.4596211314201355,0.1252375692129135
YNL227C,YBL091C,0,3.3874424,0.26896148920059204,0.4596211314201355,0.1253376007080078
YPL138C,YGL183C,0,3.384542,0.268804669380188,0.4596211314201355,0.1254376322031021
YPR054W,YKL032C,0,3.3845267,0.26864802837371826,0.4596211314201355,0.1255376636981964
YAL034W-A,YCR021C,0,3.3842607,0.26849156618118286,0.4596211314201355,0.1256376951932907
YOR372C,YKL189W,0,3.3834646,0.2683352828025818,0.4596211314201355,0.125737726688385
YKR049C,YMR289W,0,3.3826866,0.26817917823791504,0.4596211314201355,0.1258377581834793
YGR191W,YPL146C,0,3.380478,0.2680232524871826,0.4596211314201355,0.12593777477741241
YNL029C,YBR066C,0,3.3801553,0.2678675055503845,0.4596211314201355,0.1260378062725067
YJR127C,YIL011W,0,3.3753624,0.26771196722984314,0.4596211314201355,0.126137837767601
YHL038C,YBR176W,0,3.3751645,0.2675565779209137,0.4596211314201355,0.1262378692626953
YMR076C,YBR085W,0,3.3750806,0.26740139722824097,0.4596211314201355,0.1263379007577896
YML109W,YAL059W,0,3.3746176,0.2672463655471802,0.4596211314201355,0.1264379322528839
YLR313C,YCR093W,1,3.374147,0.2676709294319153,0.46061813831329346,0.1264379322528839
YDL081C,YGL129C,0,3.3734574,0.2675159275531769,0.46061813831329346,0.1265379637479782
YPL122C,YDR135C,0,3.3731613,0.2673611044883728,0.46061813831329346,0.1266379952430725
YOR330C,YPL172C,0,3.372943,0.26720649003982544,0.46061813831329346,0.1267380267381668
YOR030W,YLR229C,1,3.3715158,0.26763007044792175,0.4616151452064514,0.1267380267381668
YDR253C,YLR092W,0,3.3663292,0.2674754559993744,0.4616151452064514,0.1268380582332611
YDR246W,YOR065W,0,3.3662837,0.26732102036476135,0.4616151452064514,0.1269380748271942
YLR212C,YJR036C,0,3.3662043,0.26716676354408264,0.4616151452064514,0.1270381063222885
YDR146C,YPR010C,0,3.3657396,0.26701268553733826,0.4616151452064514,0.1271381378173828
YDR078C,YDR169C,0,3.3611677,0.2668587863445282,0.4616151452064514,0.1272381693124771
YPR006C,YGR094W,0,3.3594644,0.26670506596565247,0.4616151452064514,0.1273382008075714
YLR258W,YOR241W,0,3.3594394,0.26655152440071106,0.4616151452064514,0.1274382323026657
YDR074W,YGR178C,0,3.3592858,0.266398161649704,0.4616151452064514,0.12753826379776
YCR093W,YBR189W,0,3.357951,0.2662449777126312,0.4616151452064514,0.1276382952928543
YDL043C,YMR022W,0,3.357685,0.2660919427871704,0.4616151452064514,0.1277383267879486
YLL041C,YER102W,0,3.3565097,0.2659391164779663,0.4616151452064514,0.1278383582830429
YPL175W,YMR261C,0,3.3555508,0.26578643918037415,0.4616151452064514,0.127938374876976
YDR107C,YNL098C,1,3.3554287,0.2662076950073242,0.4626121520996094,0.127938374876976
YLR182W,YPL167C,0,3.352703,0.26605504751205444,0.4626121520996094,0.1280384063720703
YOR032C,YNL142W,1,3.3521776,0.266475647687912,0.46360915899276733,0.1280384063720703
YJL035C,YLR344W,0,3.3519053,0.2663230299949646,0.46360915899276733,0.1281384378671646
YHR111W,YER149C,1,3.3483481,0.2667429745197296,0.4646061956882477,0.1281384378671646
YNL151C,YMR022W,0,3.3473673,0.2665903866291046,0.4646061956882477,0.1282384693622589
YLR430W,YDR308C,0,3.3468013,0.26643797755241394,0.4646061956882477,0.1283385008573532
YKR102W,YKL005C,0,3.345868,0.2662857174873352,0.4646061956882477,0.1284385323524475
YPR132W,YLR115W,0,3.3452091,0.2661336362361908,0.4646061956882477,0.1285385638475418
YDR166C,YJL056C,0,3.3441043,0.2659817337989807,0.4646061956882477,0.1286385953426361
YDR050C,YML113W,0,3.343829,0.26583001017570496,0.4646061956882477,0.1287386268377304
YIL131C,YER020W,1,3.343346,0.26624858379364014,0.46560320258140564,0.1287386268377304
YOR030W,YDR432W,1,3.343251,0.2666666805744171,0.4666002094745636,0.1287386268377304
YLR312C-B,YJL108C,0,3.3408492,0.2665148079395294,0.4666002094745636,0.1288386583328247
YKL082C,YGL142C,0,3.339182,0.26636311411857605,0.4666002094745636,0.1289386749267578
YBL068W,YBL052C,0,3.3356175,0.266211599111557,0.4666002094745636,0.1290387064218521
YIL128W,YGR279C,0,3.3352077,0.2660602629184723,0.4666002094745636,0.1291387379169464
YBR180W,YMR153W,0,3.3339815,0.2659091055393219,0.4666002094745636,0.1292387694120407
YJR133W,YNR010W,0,3.332847,0.26575809717178345,0.4666002094745636,0.129338800907135
YNL066W,YER002W,0,3.3309488,0.2656072676181793,0.4666002094745636,0.1294388324022293
YER177W,YIR019C,1,3.329599,0.26602381467819214,0.46759721636772156,0.1294388324022293
YOR334W,YOR176W,0,3.3289192,0.2658730149269104,0.46759721636772156,0.1295388638973236
YOL147C,YDR229W,0,3.3279955,0.265722393989563,0.46759721636772156,0.1296388953924179
YLR025W,YMR223W,0,3.3271687,0.2655719220638275,0.46759721636772156,0.1297389268875122
YBR030W,YDR530C,0,3.3258142,0.26542162895202637,0.46759721636772156,0.1298389583826065
YDR283C,YPR060C,0,3.3234477,0.26527148485183716,0.46759721636772156,0.1299389749765396
YER056C,YBL011W,0,3.3228443,0.26512154936790466,0.46759721636772156,0.1300390064716339
YEL041W,YJL044C,0,3.322483,0.2649717628955841,0.46759721636772156,0.1301390379667282
YKL048C,YHR073W,1,3.3214896,0.26538679003715515,0.4685942232608795,0.1301390379667282
YDL021W,YIL078W,0,3.3210554,0.265237033367157,0.4685942232608795,0.1302390694618225
YMR210W,YGR177C,0,3.32057,0.26508742570877075,0.4685942232608795,0.1303391009569168
YCL054W,YBL089W,0,3.3201742,0.26493799686431885,0.4685942232608795,0.1304391324520111
YNL142W,YJL170C,0,3.3201656,0.26478874683380127,0.4685942232608795,0.1305391639471054
YDR528W,YGR214W,0,3.319579,0.26463964581489563,0.4685942232608795,0.1306391954421997
YDR479C,YLL038C,0,3.3185813,0.2644907236099243,0.4685942232608795,0.130739226937294
YDR263C,YER060W,0,3.3161345,0.26434195041656494,0.4685942232608795,0.1308392584323883
YBR248C,YMR303C,0,3.3160238,0.2641933560371399,0.4685942232608795,0.1309392750263214
YOR025W,YDR261C,0,3.3150365,0.26404494047164917,0.4685942232608795,0.1310393065214157
YGL105W,YKL108W,0,3.3126168,0.2638966739177704,0.4685942232608795,0.13113933801651
YPL112C,YDR251W,0,3.312289,0.2637485861778259,0.4685942232608795,0.1312393695116043
YOL018C,YOL082W,0,3.3119988,0.2636006772518158,0.4685942232608795,0.1313394010066986
YOR030W,YNL068C,1,3.3119707,0.2640134394168854,0.4695912301540375,0.1313394010066986
YER143W,YNR035C,0,3.3100839,0.26386556029319763,0.4695912301540375,0.1314394325017929
YJL052W,YLL004W,0,3.309881,0.26371780037879944,0.4695912301540375,0.1315394639968872
YKR037C,YOR014W,0,3.308766,0.26357021927833557,0.4695912301540375,0.1316394954919815
YJR066W,YGL067W,0,3.3081841,0.26342281699180603,0.4695912301540375,0.1317395269870758
YMR137C,YIR006C,0,3.3078787,0.2632755637168884,0.4695912301540375,0.1318395584821701
YGL195W,YHL016C,0,3.304545,0.26312848925590515,0.4695912301540375,0.1319395750761032
YDL123W,YJR134C,0,3.3012064,0.2629815638065338,0.4695912301540375,0.1320396065711975
YPR159W,YLL003W,0,3.3009927,0.2628348171710968,0.4695912301540375,0.1321396380662918
YPR187W,YLR099C,0,3.3001776,0.26268821954727173,0.4695912301540375,0.1322396695613861
YLR005W,YJR104C,0,3.2994776,0.262541800737381,0.4695912301540375,0.1323397010564804
YDL045W-A,YJR139C,0,3.2987325,0.2623955309391022,0.4695912301540375,0.1324397325515747
YOR026W,YER036C,0,3.2984543,0.2622494399547577,0.4695912301540375,0.132539764046669
YOR359W,YBL052C,0,3.2954335,0.26210349798202515,0.4695912301540375,0.1326397955417633
YNR059W,YBR299W,0,3.2930212,0.26195773482322693,0.4695912301540375,0.1327398270368576
YER139C,YGL246C,0,3.292842,0.26181212067604065,0.4695912301540375,0.1328398585319519
YKL192C,YMR040W,0,3.292726,0.2616666555404663,0.4695912301540375,0.132939875125885
YAL002W,YKL090W,0,3.2921507,0.2615213692188263,0.4695912301540375,0.1330399066209793
YCL048W,YAL035W,0,3.2906332,0.2613762617111206,0.4695912301540375,0.1331399381160736
YJR063W,YNR045W,0,3.2904913,0.26123127341270447,0.4695912301540375,0.1332399696111679
YLR312C-B,YBR083W,1,3.289935,0.2616407871246338,0.47058823704719543,0.1332399696111679
YJL080C,YAL031C,0,3.2886949,0.2614958584308624,0.47058823704719543,0.1333400011062622
YML086C,YNL297C,0,3.2880797,0.2613510489463806,0.47058823704719543,0.1334400326013565
YPR046W,YPL090C,0,3.287794,0.26120641827583313,0.47058823704719543,0.1335400640964508
YIL019W,YFL056C,0,3.2876282,0.2610619366168976,0.47058823704719543,0.1336400955915451
YMR207C,YHL035C,0,3.2866921,0.26091763377189636,0.47058823704719543,0.1337401270866394
YOR037W,YPL163C,0,3.2866135,0.2607734799385071,0.47058823704719543,0.1338401585817337
YKR102W,YGR263C,0,3.2855844,0.26062947511672974,0.47058823704719543,0.1339401751756668
YOR247W,YPL061W,0,3.284652,0.2604856491088867,0.47058823704719543,0.1340402066707611
YMR224C,YJL153C,0,3.2835975,0.26034197211265564,0.47058823704719543,0.1341402381658554
YIL137C,YBR042C,0,3.2824988,0.2601984441280365,0.47058823704719543,0.1342402696609497
YLL061W,YOL065C,0,3.2820735,0.2600550949573517,0.47058823704719543,0.134340301156044
YFL045C,YNL331C,0,3.281695,0.2599118947982788,0.47058823704719543,0.1344403326511383
YDR381W,YDR111C,0,3.2795062,0.25976884365081787,0.47058823704719543,0.1345403641462326
YPL253C,YIL111W,0,3.2787209,0.25962597131729126,0.47058823704719543,0.1346403956413269
YJL164C,YHR046C,0,3.278203,0.2594832181930542,0.47058823704719543,0.1347404271364212
YLR353W,YIL131C,1,3.2769156,0.2598901093006134,0.4715852439403534,0.1347404271364212
YGL206C,YGR285C,0,3.2746563,0.25974738597869873,0.4715852439403534,0.1348404586315155
YBR050C,YMR040W,0,3.2745843,0.2596048414707184,0.4715852439403534,0.1349404752254486
YHL019C,YLR098C,0,3.2745287,0.2594624161720276,0.4715852439403534,0.1350405067205429
YLR019W,YBR213W,0,3.2725983,0.2593201696872711,0.4715852439403534,0.1351405382156372
YNL164C,YFL011W,0,3.2724328,0.2591780722141266,0.4715852439403534,0.1352405697107315
YDL139C,YGL236C,0,3.2695699,0.2590361535549164,0.4715852439403534,0.1353406012058258
YCL061C,YKL002W,0,3.2684834,0.2588943541049957,0.4715852439403534,0.1354406327009201
YMR163C,YEL054C,0,3.268362,0.2587527334690094,0.4715852439403534,0.1355406641960144
YLR362W,YOR032C,1,3.2681036,0.25915801525115967,0.47258225083351135,0.1355406641960144
YFL045C,YCR057C,0,3.2679203,0.25901639461517334,0.47258225083351135,0.1356406956911087
YLR118C,YKL081W,0,3.2679186,0.25887492299079895,0.47258225083351135,0.135740727186203
YBR212W,YDR478W,0,3.2662253,0.2587336301803589,0.47258225083351135,0.1358407586812973
YBR035C,YHR133C,0,3.2658122,0.2585924565792084,0.47258225083351135,0.1359407752752304
YDR043C,YNL142W,1,3.2634194,0.25899672508239746,0.4735792577266693,0.1359407752752304
YNL207W,YPL105C,0,3.2632737,0.25885558128356934,0.4735792577266693,0.1360408067703247
YNL267W,YLR432W,0,3.262688,0.25871458649635315,0.4735792577266693,0.136140838265419
YLR324W,YPR144C,0,3.2622952,0.2585737705230713,0.4735792577266693,0.1362408697605133
YDL123W,YNL068C,0,3.261962,0.258433073759079,0.4735792577266693,0.1363409012556076
YIL093C,YDR454C,0,3.257183,0.258292555809021,0.4735792577266693,0.1364409327507019
YKL149C,YCR093W,1,3.2554264,0.25869566202163696,0.47457626461982727,0.1364409327507019
YPL252C,YLR068W,0,3.2550344,0.258555144071579,0.47457626461982727,0.1365409642457962
YBR121C,YDR453C,0,3.254939,0.25841477513313293,0.47457626461982727,0.1366409957408905
YNL142W,YER020W,1,3.254837,0.2588171362876892,0.47557327151298523,0.1366409957408905
YOR371C,YAL056W,1,3.2539072,0.25921908020973206,0.4765702784061432,0.1366409957408905
YBR257W,YLR024C,0,3.2521267,0.25907859206199646,0.4765702784061432,0.1367410272359848
YOR087W,YBR033W,0,3.2515678,0.2589382529258728,0.4765702784061432,0.1368410587310791
YHR082C,YCL055W,0,3.2509532,0.2587980628013611,0.4765702784061432,0.1369410753250122
YLR010C,YLR023C,0,3.2504203,0.2586580216884613,0.4765702784061432,0.1370411068201065
YMR243C,YKR058W,0,3.2502038,0.25851812958717346,0.4765702784061432,0.1371411383152008
YDR507C,YIL088C,0,3.2494912,0.25837838649749756,0.4765702784061432,0.1372411698102951
YDR392W,YKL048C,1,3.2493808,0.25877904891967773,0.47756728529930115,0.1372411698102951
YML113W,YHL004W,0,3.2487845,0.25863930583000183,0.47756728529930115,0.1373412013053894
YBR118W,YPL119C,0,3.2479782,0.25849974155426025,0.47756728529930115,0.1374412328004837
YLR291C,YLR223C,0,3.2476778,0.2583602964878082,0.47756728529930115,0.137541264295578
YHR143W,YNL138W,1,3.2468278,0.25876009464263916,0.4785642921924591,0.137541264295578
YLR327C,YPR060C,0,3.2457764,0.2586206793785095,0.4785642921924591,0.1376412957906723
YNR011C,YIL133C,0,3.2453966,0.2584814131259918,0.4785642921924591,0.1377413272857666
YDR259C,YDR188W,0,3.2423985,0.25834229588508606,0.4785642921924591,0.1378413587808609
YNL044W,YMR281W,0,3.2423143,0.25820332765579224,0.4785642921924591,0.137941375374794
YPL200W,YGL037C,0,3.2410712,0.25806450843811035,0.4785642921924591,0.1380414068698883
YGL059W,YBL076C,0,3.2409925,0.2579258382320404,0.4785642921924591,0.1381414383649826
YER118C,YIL131C,1,3.2399385,0.25832438468933105,0.47956132888793945,0.1381414383649826
YDR177W,YER005W,0,3.2391849,0.2581857144832611,0.47956132888793945,0.1382414698600769
YBR092C,YBL063W,0,3.238323,0.2580472230911255,0.47956132888793945,0.1383415013551712
YDR211W,YBR150C,0,3.2372189,0.2579088509082794,0.47956132888793945,0.1384415328502655
YMR207C,YCR009C,0,3.2361245,0.2577706277370453,0.47956132888793945,0.1385415643453598
YJR132W,YLR067C,0,3.2348683,0.2576325535774231,0.47956132888793945,0.1386415958404541
YJR070C,YMR318C,0,3.2346978,0.25749465823173523,0.47956132888793945,0.1387416273355484
YER177W,YAL056W,1,3.2339287,0.2578919231891632,0.4805583357810974,0.1387416273355484
YGR218W,YIL048W,0,3.23353,0.25775399804115295,0.4805583357810974,0.1388416588306427
YDL159W,YIL131C,1,3.2296946,0.25815072655677795,0.48155534267425537,0.1388416588306427
YLR321C,YER090W,0,3.228777,0.2580128312110901,0.48155534267425537,0.1389416754245758
YDR501W,YDR166C,0,3.2282705,0.2578750550746918,0.48155534267425537,0.1390417069196701
YJR117W,YOR308C,0,3.2281718,0.2577374577522278,0.48155534267425537,0.1391417384147644
YLR229C,YOR032C,1,3.2275412,0.25813332200050354,0.48255234956741333,0.1391417384147644
YBL039C,YLR121C,0,3.227446,0.25799572467803955,0.48255234956741333,0.1392417699098587
YJL080C,YHR017W,0,3.2270243,0.2578582763671875,0.48255234956741333,0.139341801404953
YDR523C,YOL051W,0,3.2267537,0.2577209770679474,0.48255234956741333,0.1394418329000473
YLR362W,YNL142W,1,3.2259922,0.2581160068511963,0.4835493564605713,0.1394418329000473
YDR520C,YER029C,0,3.2248533,0.25797873735427856,0.4835493564605713,0.1395418643951416
YJR153W,YER020W,1,3.2234402,0.2583732008934021,0.48454636335372925,0.1395418643951416
YDL021W,YLR214W,0,3.2234116,0.2582359313964844,0.48454636335372925,0.1396418958902359
YGL195W,YFR041C,0,3.221816,0.2580987811088562,0.48454636335372925,0.1397419273853302
YCR081W,YDL074C,0,3.2217402,0.25796177983283997,0.48454636335372925,0.1398419588804245
YMR235C,YNL298W,0,3.2189407,0.25782492756843567,0.48454636335372925,0.1399419754743576
YPL234C,YDL105W,0,3.2178411,0.2576882243156433,0.48454636335372925,0.1400420069694519
YKL185W,YIL049W,1,3.2150552,0.2580816149711609,0.4855433702468872,0.1400420069694519
YDR139C,YBL076C,0,3.2137923,0.25794491171836853,0.4855433702468872,0.1401420384645462
YBR045C,YCL059C,0,3.2113228,0.2578083574771881,0.4855433702468872,0.1402420699596405
YOR011W,YDR045C,0,3.211,0.25767195224761963,0.4855433702468872,0.1403421014547348
YCL018W,YBR101C,0,3.2109096,0.2575356960296631,0.4855433702468872,0.1404421329498291
YBL051C,YGR175C,0,3.2107406,0.2573995888233185,0.4855433702468872,0.1405421644449234
YOR063W,YLR353W,0,3.208853,0.2572636008262634,0.4855433702468872,0.1406421959400177
YHR135C,YMR039C,0,3.2086115,0.2571277618408203,0.4855433702468872,0.140742227435112
YLL051C,YOL124C,0,3.2082105,0.25699207186698914,0.4855433702468872,0.1408422589302063
YNL098C,YER113C,1,3.207954,0.25738397240638733,0.48654037714004517,0.1408422589302063
YOR227W,YHR184W,0,3.2061281,0.25724828243255615,0.48654037714004517,0.1409422755241394
YDR384C,YPL064C,0,3.2060342,0.2571127414703369,0.48654037714004517,0.1410423070192337
YML092C,YAL040C,0,3.2049403,0.2569773495197296,0.48654037714004517,0.141142338514328
YMR274C,YDR532C,0,3.2039084,0.25684210658073425,0.48654037714004517,0.1412423700094223
YHR084W,YLL021W,1,3.2037587,0.25723302364349365,0.4875373840332031,0.1412423700094223
YLR229C,YIL049W,1,3.203653,0.257623553276062,0.4885343909263611,0.1412423700094223
YDL146W,YMR080C,0,3.203019,0.2574881911277771,0.4885343909263611,0.1413424015045166
YGL168W,YBR195C,0,3.2026732,0.25735294818878174,0.4885343909263611,0.1414424329996109
YNL298W,YDR256C,0,3.2010918,0.2572178542613983,0.4885343909263611,0.1415424644947052
YOR274W,YGR061C,0,3.2009997,0.25708290934562683,0.4885343909263611,0.1416424959897995
YDR099W,YNL142W,1,3.2009888,0.2574724555015564,0.48953139781951904,0.1416424959897995
YCR018C,YOR313C,0,3.200603,0.2573375403881073,0.48953139781951904,0.1417425274848938
YLR201C,YDR224C,0,3.1995156,0.25720271468162537,0.48953139781951904,0.1418425589799881
YCL031C,YGR118W,0,3.1968126,0.25706806778907776,0.48953139781951904,0.1419425755739212
YLR139C,YPL218W,0,3.1960492,0.2569335401058197,0.48953139781951904,0.1420426070690155
YMR004W,YMR292W,0,3.1958644,0.2567991614341736,0.48953139781951904,0.1421426385641098
YPL183C,YOL120C,0,3.19495,0.2566649317741394,0.48953139781951904,0.1422426700592041
YPL115C,YNL142W,1,3.1945078,0.25705328583717346,0.490528404712677,0.1422426700592041
YNL188W,YDR508C,0,3.1923156,0.2569190561771393,0.490528404712677,0.1423427015542984
YJL194W,YBR054W,0,3.1921322,0.25678497552871704,0.490528404712677,0.1424427330493927
YHR084W,YLR083C,1,3.191344,0.25717267394065857,0.49152541160583496,0.1424427330493927
YDL159W,YER109C,1,3.1912858,0.25755995512008667,0.4925224184989929,0.1424427330493927
YGL059W,YAL039C,0,3.1892447,0.2574257552623749,0.4925224184989929,0.142542764544487
YOL149W,YGL084C,0,3.1891294,0.25729167461395264,0.4925224184989929,0.1426427960395813
YOR148C,YBR031W,0,3.188325,0.25715774297714233,0.4925224184989929,0.1427428275346756
YBR214W,YML112W,0,3.1881826,0.2570239305496216,0.4925224184989929,0.1428428590297699
YDR477W,YHR011W,1,3.1879027,0.25741028785705566,0.49351945519447327,0.1428428590297699
YKL005C,YAR002C-A,0,3.187255,0.2572765052318573,0.49351945519447327,0.142942875623703
YLR185W,YGL226W,0,3.1851144,0.2571428716182709,0.49351945519447327,0.1430429071187973
YLR259C,YAL024C,0,3.183734,0.257009357213974,0.49351945519447327,0.1431429386138916
YKR095W-A,YER019C-A,0,3.1826954,0.2568759620189667,0.49351945519447327,0.1432429701089859
YMR300C,YDR140W,0,3.1825156,0.2567427456378937,0.49351945519447327,0.1433430016040802
YPL115C,YER118C,1,3.182186,0.2571280598640442,0.4945164620876312,0.1433430016040802
YNR010W,YNL248C,0,3.1815178,0.2569948136806488,0.4945164620876312,0.1434430330991745
YHL015W,YML092C,0,3.1811492,0.25686171650886536,0.4945164620876312,0.1435430645942688
YKL166C,YCL063W,0,3.1809897,0.25672876834869385,0.4945164620876312,0.1436430960893631
YMR270C,YMR025W,0,3.180962,0.2565959692001343,0.4945164620876312,0.1437431275844574
YER177W,YDR379W,1,3.1809437,0.25698035955429077,0.4955134689807892,0.1437431275844574
YAL041W,YDR400W,0,3.1802173,0.2568475306034088,0.4955134689807892,0.1438431590795517
YER177W,YOR315W,1,3.1795096,0.2572314143180847,0.49651047587394714,0.1438431590795517
YER177W,YKL185W,1,3.1788323,0.2576148808002472,0.4975074827671051,0.1438431590795517
YNL214W,YKL034W,0,3.178774,0.2574819326400757,0.4975074827671051,0.1439431756734848
YIR019C,YDR477W,1,3.1784809,0.25786489248275757,0.49850448966026306,0.1439431756734848
YJL109C,YNL298W,0,3.1777296,0.25773194432258606,0.49850448966026306,0.1440432071685791
YDR062W,YMR184W,0,3.1773,0.2575991749763489,0.49850448966026306,0.1441432386636734
YNL271C,YNL138W,1,3.1764984,0.25798144936561584,0.499501496553421,0.1441432386636734
YHR073W,YER149C,1,3.173429,0.25836336612701416,0.5004985332489014,0.1441432386636734
YHR172W,YJR035W,0,3.1717007,0.25823044776916504,0.5004985332489014,0.1442432701587677
YGR286C,YHR021C,0,3.1708274,0.25809767842292786,0.5004985332489014,0.144343301653862
YLR330W,YPL006W,0,3.1699772,0.2579650580883026,0.5004985332489014,0.1444433331489563
YLL003W,YPL215W,0,3.169882,0.2578325569629669,0.5004985332489014,0.1445433646440506
YHL007C,YAL041W,1,3.1697953,0.2582135498523712,0.5014955401420593,0.1445433646440506
YLR181C,YMR297W,0,3.1690829,0.2580810785293579,0.5014955401420593,0.1446433961391449
YGL203C,YIL106W,0,3.1687465,0.25794872641563416,0.5014955401420593,0.1447434276342392
YKL189W,YKR026C,0,3.1684175,0.25781649351119995,0.5014955401420593,0.1448434591293335
YJL062W,YLR026C,0,3.1679044,0.2576844394207001,0.5014955401420593,0.1449434757232666
YDR099W,YER113C,1,3.165951,0.25806450843811035,0.5024925470352173,0.1449434757232666
YOL018C,YPR184W,0,3.1638362,0.2579324543476105,0.5024925470352173,0.1450435072183609
YGL157W,YLR284C,0,3.1616342,0.25780051946640015,0.5024925470352173,0.1451435387134552
YPL078C,YOL066C,0,3.1614733,0.25766870379447937,0.5024925470352173,0.1452435702085495
YBR240C,YLL057C,0,3.161184,0.25753703713417053,0.5024925470352173,0.1453436017036438
YLR258W,YJL110C,0,3.158565,0.25740551948547363,0.5024925470352173,0.1454436331987381
YBR261C,YHR135C,0,3.1533053,0.2572741210460663,0.5024925470352173,0.1455436646938324
YLR447C,YNL091W,0,3.1518075,0.2571428716182709,0.5024925470352173,0.1456436961889267
YDR189W,YDR107C,0,3.148541,0.257011741399765,0.5024925470352173,0.145743727684021
YGL142C,YCR020C,0,3.1471386,0.2568807303905487,0.5024925470352173,0.1458437591791153
YIL148W,YOR136W,0,3.1469088,0.25674986839294434,0.5024925470352173,0.1459437757730484
YFL021W,YBL074C,0,3.146843,0.2566191554069519,0.5024925470352173,0.1460438072681427
YLR007W,YLR234W,0,3.1467524,0.256488561630249,0.5024925470352173,0.146143838763237
YDR384C,YDL231C,0,3.146487,0.2563580870628357,0.5024925470352173,0.1462438702583313
YKL185W,YDR099W,1,3.1447,0.256736159324646,0.5034895539283752,0.1462438702583313
YJR101W,YGR174C,0,3.144219,0.25660568475723267,0.5034895539283752,0.1463439017534256
YKL132C,YLR134W,0,3.143759,0.2564753592014313,0.5034895539283752,0.1464439332485199
YER168C,YCR044C,0,3.1407042,0.2563451826572418,0.5034895539283752,0.1465439647436142
YOR049C,YML070W,0,3.1391554,0.2562151253223419,0.5034895539283752,0.1466439962387085
YPL115C,YLR229C,1,3.138226,0.2565923035144806,0.5044865608215332,0.1466439962387085
YLR268W,YMR228W,0,3.136465,0.2564622461795807,0.5044865608215332,0.1467440277338028
YDR043C,YDR432W,1,3.1336617,0.25683891773223877,0.5054835677146912,0.1467440277338028
YKL117W,YJR057W,0,3.1328876,0.25670886039733887,0.5054835677146912,0.1468440592288971
YMR281W,YLR313C,0,3.132409,0.2565789520740509,0.5054835677146912,0.1469440758228302
YJR053W,YOR323C,0,3.1322503,0.2564491629600525,0.5054835677146912,0.1470441073179245
YML113W,YFL017W-A,0,3.1320503,0.256319522857666,0.5054835677146912,0.1471441388130188
YNR011C,YJL179W,0,3.131553,0.2561900019645691,0.5054835677146912,0.1472441703081131
YDR423C,YMR061W,0,3.129113,0.2560606002807617,0.5054835677146912,0.1473442018032074
YFL001W,YPL119C,0,3.1287231,0.2559313476085663,0.5054835677146912,0.1474442332983017
YDR487C,YHR089C,0,3.1284935,0.2558022141456604,0.5054835677146912,0.147544264793396
YJL011C,YFR025C,0,3.1283894,0.25567322969436646,0.5054835677146912,0.1476442962884903
YIL026C,YPL280W,0,3.127719,0.25554436445236206,0.5054835677146912,0.1477443277835846
YMR006C,YGR054W,0,3.12662,0.2554156184196472,0.5054835677146912,0.1478443592786789
YDR477W,YER149C,1,3.125739,0.2557905316352844,0.5064805746078491,0.1478443592786789
YPR028W,YIL159W,0,3.1256309,0.25566181540489197,0.5064805746078491,0.147944375872612
YPR192W,YOR191W,0,3.1232243,0.2555331885814667,0.5064805746078491,0.1480444073677063
YOL070C,YJL219W,0,3.1219912,0.2554047405719757,0.5064805746078491,0.1481444388628006
YJR053W,YLR248W,0,3.121451,0.2552763819694519,0.5064805746078491,0.1482444703578949
YDR392W,YDL035C,1,3.1212049,0.25565043091773987,0.5074775815010071,0.1482444703578949
YNR067C,YDR212W,0,3.1211717,0.25552210211753845,0.5074775815010071,0.1483445018529892
YLR353W,YNL079C,1,3.1207771,0.2558956444263458,0.508474588394165,0.1483445018529892
YGR070W,YGL219C,0,3.1205766,0.2557673156261444,0.508474588394165,0.1484445333480835
YIL011W,YPR125W,0,3.1170957,0.25563910603523254,0.508474588394165,0.1485445648431778
YPR159W,YBR281C,0,3.1166325,0.25551101565361023,0.508474588394165,0.1486445963382721
YDR268W,YKL168C,0,3.1138148,0.25538307428359985,0.508474588394165,0.1487446278333664
YDR379W,YPL019C,0,3.1131585,0.25525525212287903,0.508474588394165,0.1488446593284607
YNR016C,YDL111C,0,3.1130824,0.25512754917144775,0.508474588394165,0.148944690823555
YGL096W,YBR093C,0,3.1116703,0.2549999952316284,0.508474588394165,0.1490447074174881
YPL115C,YIL049W,1,3.1112928,0.2553723156452179,0.509471595287323,0.1490447074174881
YKR057W,YGL098W,0,3.1112638,0.25524476170539856,0.509471595287323,0.1491447389125824
YJR131W,YDR454C,0,3.1105664,0.2551173269748688,0.509471595287323,0.1492447704076767
YBR193C,YBR061C,0,3.1082916,0.25499001145362854,0.509471595287323,0.149344801902771
YIL115C,YHR161C,0,3.1070263,0.25486284494400024,0.509471595287323,0.1494448333978653
YLR313C,YGL190C,1,3.105584,0.2552343010902405,0.510468602180481,0.1494448333978653
YGR118W,YPR167C,0,3.1054604,0.2551071345806122,0.510468602180481,0.1495448648929596
YNL304W,YER129W,0,3.1053977,0.25498008728027344,0.510468602180481,0.1496448963880539
YBL025W,YLR300W,0,3.105235,0.25485315918922424,0.510468602180481,0.1497449278831482
YOL133W,YLR214W,0,3.1045556,0.254726380109787,0.510468602180481,0.1498449593782425
YMR159C,YKR020W,0,3.1039407,0.2545996904373169,0.510468602180481,0.1499449908733368
YKL206C,YJL089W,0,3.10362,0.25447314977645874,0.510468602180481,0.1500450074672699
YDR523C,YJR052W,0,3.1016746,0.2543467581272125,0.510468602180481,0.1501450389623642
YHR099W,YLR085C,0,3.1014051,0.25422045588493347,0.510468602180481,0.1502450704574585
YDR081C,YDL113C,0,3.1008976,0.25409430265426636,0.510468602180481,0.1503451019525528
YMR312W,YGL253W,0,3.100577,0.2539682686328888,0.510468602180481,0.1504451334476471
YEL061C,YPR137W,0,3.1003065,0.2538423538208008,0.510468602180481,0.1505451649427414
YJR153W,YER118C,1,3.099344,0.25421208143234253,0.5114656090736389,0.1505451649427414
YHR096C,YPR119W,0,3.094152,0.2540861666202545,0.5114656090736389,0.1506451964378357
YJR058C,YLR357W,0,3.092361,0.25396040081977844,0.5114656090736389,0.15074522793293
YGL067W,YDR465C,0,3.09161,0.25383472442626953,0.5114656090736389,0.1508452594280243
YLR056W,YLL021W,0,3.0910509,0.25370919704437256,0.5114656090736389,0.1509452909231186
YNR070W,YHL021C,0,3.090199,0.25358378887176514,0.5114656090736389,0.1510453075170517
YKR014C,YNL079C,0,3.0892692,0.25345849990844727,0.5114656090736389,0.151145339012146
YFR001W,YJL198W,0,3.0892534,0.25333333015441895,0.5114656090736389,0.1512453705072403
YDR270W,YGL053W,0,3.0890553,0.2532082796096802,0.5114656090736389,0.1513454020023346
YLR187W,YPR184W,0,3.087679,0.25308337807655334,0.5114656090736389,0.1514454334974289
YBL092W,YHR099W,0,3.0870519,0.2529585659503937,0.5114656090736389,0.1515454649925232
YKR019C,YIL140W,0,3.086502,0.25283390283584595,0.5114656090736389,0.1516454964876175
YDR292C,YPL022W,0,3.0864406,0.25270935893058777,0.5114656090736389,0.1517455279827118
YNR010W,YDR508C,0,3.084528,0.25258493423461914,0.5114656090736389,0.1518455594778061
YPL095C,YMR128W,0,3.0843358,0.25246062874794006,0.5114656090736389,0.1519455909729004
YGR003W,YMR040W,0,3.0840816,0.25233644247055054,0.5114656090736389,0.1520456075668335
YJR055W,YNR008W,0,3.0833175,0.25221237540245056,0.5114656090736389,0.1521456390619278
YBR281C,YPR102C,0,3.0811749,0.2520884573459625,0.5114656090736389,0.1522456705570221
YDL029W,YDR175C,0,3.080665,0.25196462869644165,0.5114656090736389,0.1523457020521164
YHR160C,YAL028W,0,3.079289,0.2518409490585327,0.5114656090736389,0.1524457335472107
YNR059W,YGR220C,0,3.0783494,0.25171735882759094,0.5114656090736389,0.152545765042305
YEL024W,YOL129W,0,3.077208,0.2515939176082611,0.5114656090736389,0.1526457965373993
YLR284C,YNR060W,0,3.0767484,0.2514705955982208,0.5114656090736389,0.1527458280324936
YGL225W,YPR189W,0,3.0765715,0.2513473927974701,0.5114656090736389,0.1528458595275879
YEL021W,YHR146W,0,3.0762787,0.2512242794036865,0.5114656090736389,0.1529458910226822
YKR030W,YDL055C,0,3.0760112,0.2511013150215149,0.5114656090736389,0.1530459076166153
YGL243W,YOL011W,0,3.0759792,0.2509784698486328,0.5114656090736389,0.1531459391117096
YCR096C,YJR004C,0,3.0730944,0.2508557438850403,0.5114656090736389,0.1532459706068039
YNL076W,YIL047C,0,3.0730724,0.2507331371307373,0.5114656090736389,0.1533460021018982
YPL056C,YDR262W,0,3.0725183,0.2506106495857239,0.5114656090736389,0.1534460335969925
YOR089C,YIL048W,0,3.072195,0.25048828125,0.5114656090736389,0.1535460650920868
YDR253C,YLR055C,0,3.071393,0.2503660321235657,0.5114656090736389,0.1536460965871811
YJL080C,YDL106C,0,3.0713842,0.2502439022064209,0.5114656090736389,0.1537461280822754
YEL027W,YPL280W,0,3.07132,0.2501218914985657,0.5114656090736389,0.1538461595773697
YNL311C,YAL012W,0,3.0712228,0.25,0.5114656090736389,0.153946191072464
YAR018C,YIR025W,0,3.0705981,0.24987822771072388,0.5114656090736389,0.1540462076663971
YDR379W,YDL024C,1,3.070488,0.2502434253692627,0.5124626159667969,0.1540462076663971
YMR247C,YIL098C,0,3.069872,0.2501216530799866,0.5124626159667969,0.1541462391614914
YPL127C,YKL095W,0,3.069088,0.25,0.5124626159667969,0.1542462706565857
YDR323C,YIL039W,0,3.0689962,0.24987846612930298,0.5124626159667969,0.15434630215168
YLR265C,YML107C,0,3.0685682,0.2497570514678955,0.5124626159667969,0.1544463336467743
YMR035W,YCR026C,0,3.0674644,0.2496357411146164,0.5124626159667969,0.1545463651418686
YPR105C,YOL019W,0,3.067229,0.24951456487178802,0.5124626159667969,0.1546463966369629
YDR025W,YOL096C,0,3.0670595,0.249393492937088,0.5124626159667969,0.1547464281320572
YDR273W,YKL090W,0,3.0670543,0.24927255511283875,0.5124626159667969,0.1548464596271515
YGR078C,YPR184W,0,3.0669708,0.24915172159671783,0.5124626159667969,0.1549464911222458
YJL109C,YKL150W,0,3.066492,0.24903100728988647,0.5124626159667969,0.1550465077161789
YPR143W,YMR015C,0,3.0662792,0.24891041219234467,0.5124626159667969,0.1551465392112732
YKR099W,YBR291C,0,3.065593,0.2487899363040924,0.5124626159667969,0.1552465707063675
YJL134W,YML112W,0,3.065578,0.2486695647239685,0.5124626159667969,0.1553466022014618
YMR316W,YOR315W,1,3.065103,0.2490328848361969,0.5134596228599548,0.1553466022014618
YIL079C,YGL098W,0,3.0638433,0.248912513256073,0.5134596228599548,0.1554466336965561
YDR093W,YGL003C,0,3.0634522,0.24879227578639984,0.5134596228599548,0.1555466651916504
YFL017W-A,YML106W,0,3.062672,0.24867214262485504,0.5134596228599548,0.1556466966867447
YIL039W,YGR036C,0,3.0619442,0.2485521286725998,0.5134596228599548,0.155746728181839
YGR253C,YNL111C,0,3.0609472,0.2484322190284729,0.5134596228599548,0.1558467596769333
YGR161C,YKL039W,0,3.0594041,0.24831244349479675,0.5134596228599548,0.1559467911720276
YGR223C,YLR344W,0,3.0587416,0.24819277226924896,0.5134596228599548,0.1560468077659607
YEL041W,YBR092C,0,3.0572186,0.24807322025299072,0.5134596228599548,0.156146839261055
YAL023C,YOR349W,0,3.0554106,0.24795377254486084,0.5134596228599548,0.1562468707561493
YGL129C,YNL016W,0,3.055244,0.2478344589471817,0.5134596228599548,0.1563469022512436
YPR189W,YPL131W,0,3.0544214,0.24771524965763092,0.5134596228599548,0.1564469337463379
YEL041W,YIL033C,0,3.054153,0.2475961595773697,0.5134596228599548,0.1565469652414322
YOL151W,YPL105C,0,3.0541058,0.24747717380523682,0.5134596228599548,0.1566469967365265
YPR119W,YAL063C,0,3.053484,0.2473583072423935,0.5134596228599548,0.1567470282316208
YJR150C,YOL067C,0,3.0516021,0.24723955988883972,0.5134596228599548,0.1568470597267151
YER104W,YBR059C,0,3.050997,0.2471209168434143,0.5134596228599548,0.1569470912218094
YBR297W,YOL155C,0,3.0506525,0.24700239300727844,0.5134596228599548,0.1570471078157425
YLR299W,YKR061W,0,3.0504456,0.24688398838043213,0.5134596228599548,0.1571471393108368
YNL160W,YER015W,0,3.050052,0.24676568806171417,0.5134596228599548,0.1572471708059311
YNL298W,YKL048C,1,3.0489774,0.24712643027305603,0.5144566297531128,0.1572471708059311
YOL117W,YMR026C,0,3.0479646,0.24700814485549927,0.5144566297531128,0.1573472023010254
YLR313C,YDR043C,1,3.0475433,0.24736842513084412,0.5154536366462708,0.1573472023010254
YNL261W,YOR322C,0,3.0472813,0.24725012481212616,0.5154536366462708,0.1574472337961197
YCL016C,YOL120C,0,3.0471954,0.24713192880153656,0.5154536366462708,0.157547265291214
YMR312W,YJR065C,0,3.0466485,0.2470138520002365,0.5154536366462708,0.1576472967863083
YML004C,YOR301W,0,3.046347,0.246895894408226,0.5154536366462708,0.1577473282814026
YLR353W,YML063W,0,3.0459833,0.24677804112434387,0.5154536366462708,0.1578473597764969
YOL090W,YJL089W,0,3.0455892,0.24666030704975128,0.5154536366462708,0.1579473912715912
YPL206C,YBR125C,0,3.0448048,0.24654267728328705,0.5154536366462708,0.1580474078655243
YGL148W,YGR036C,0,3.0442734,0.24642516672611237,0.5154536366462708,0.1581474393606186
YKL007W,YPL130W,0,3.0426369,0.24630776047706604,0.5154536366462708,0.1582474708557129
YDR520C,YJR094W-A,0,3.0424232,0.24619047343730927,0.5154536366462708,0.1583475023508072
YNL079C,YCR093W,1,3.0418317,0.24654926359653473,0.5164506435394287,0.1583475023508072
YLR312C-B,YNL079C,1,3.041616,0.24690771102905273,0.5174476504325867,0.1583475023508072
YOR261C,YGR188C,0,3.040453,0.2467903047800064,0.5174476504325867,0.1584475338459015
YAL056W,YGL190C,1,3.0393178,0.2471482902765274,0.5184446573257446,0.1584475338459015
YOL124C,YDR469W,0,3.0383415,0.24703088402748108,0.5184446573257446,0.1585475653409958
YGR085C,YDL028C,0,3.038183,0.2469135820865631,0.5184446573257446,0.1586475968360901
YBR230C,YBL076C,0,3.0363777,0.2467963993549347,0.5184446573257446,0.1587476283311844
YGR143W,YOL155C,0,3.0337846,0.24667932093143463,0.5184446573257446,0.1588476598262787
YJR153W,YER112W,0,3.0337512,0.24656234681606293,0.5184446573257446,0.15894769132137299
YKL020C,YLR360W,0,3.0333042,0.24644549190998077,0.5184446573257446,0.1590477079153061
YGR162W,YBR278W,0,3.0329666,0.24632875621318817,0.5184446573257446,0.1591477394104004
YIL049W,YGL190C,1,3.031651,0.24668560922145844,0.5194416642189026,0.1591477394104004
YHL007C,YLR353W,1,3.0304813,0.24704211950302124,0.5204386711120605,0.1591477394104004
YDR273W,YOR341W,0,3.0304284,0.2469252645969391,0.5204386711120605,0.1592477709054947
YLL004W,YCL025C,0,3.0304058,0.2468085139989853,0.5204386711120605,0.159347802400589
YBR260C,YNL297C,0,3.0303202,0.24669186770915985,0.5204386711120605,0.1594478338956833
YOR026W,YMR036C,0,3.0298533,0.24657534062862396,0.5204386711120605,0.1595478653907776
YOL084W,YNL096C,0,3.0288358,0.24645891785621643,0.5204386711120605,0.1596478968858719
YDR447C,YPL218W,0,3.0276573,0.24634261429309845,0.5204386711120605,0.1597479283809662
YDL240W,YPL188W,0,3.0272026,0.24622641503810883,0.5204386711120605,0.15984795987606049
YMR208W,YGL027C,0,3.0268826,0.24611032009124756,0.5204386711120605,0.15994799137115479
YJL166W,YBR301W,0,3.0262804,0.24599434435367584,0.5204386711120605,0.1600480079650879
YHR036W,YGR047C,0,3.0245905,0.24587847292423248,0.5204386711120605,0.1601480394601822
YBR279W,YJL191W,0,3.02249,0.24576270580291748,0.5204386711120605,0.1602480709552765
YGL087C,YLR085C,0,3.022459,0.24564705789089203,0.5204386711120605,0.1603481024503708
YPL021W,YAL041W,1,3.0209885,0.24600188434123993,0.5214356780052185,0.1603481024503708
YPL110C,YOR301W,0,3.02087,0.24588622152805328,0.5214356780052185,0.1604481339454651
YMR123W,YOR099W,0,3.020386,0.2457706779241562,0.5214356780052185,0.1605481654405594
YDR358W,YGL063W,0,3.0198414,0.24565523862838745,0.5214356780052185,0.1606481969356537
YER109C,YAL056W,1,3.0196645,0.24600939452648163,0.5224326848983765,0.1606481969356537
YKR093W,YPL040C,0,3.019496,0.2458939403295517,0.5224326848983765,0.16074822843074799
YBR046C,YDL097C,0,3.0190518,0.24577860534191132,0.5224326848983765,0.16084825992584229
YDL045W-A,YDR449C,0,3.0183558,0.24566338956356049,0.5224326848983765,0.16094829142093658
YIL156W,YMR233W,0,3.0182052,0.24554826319217682,0.5224326848983765,0.1610483080148697
YDR466W,YNL325C,0,3.0178761,0.2454332560300827,0.5224326848983765,0.161148339509964
YHR143W,YDR432W,1,3.017188,0.24578651785850525,0.5234296917915344,0.161148339509964
YER061C,YPR187W,0,3.0168438,0.24567149579524994,0.5234296917915344,0.1612483710050583
YER038C,YPL258C,0,3.0167508,0.24555659294128418,0.5234296917915344,0.1613484025001526
YDR263C,YDL078C,0,3.016676,0.24544179439544678,0.5234296917915344,0.1614484339952469
YIL008W,YAR007C,0,3.0165567,0.24532710015773773,0.5234296917915344,0.1615484654903412
YHR111W,YDR477W,1,3.0141802,0.2456795871257782,0.5244266986846924,0.1615484654903412
YOR091W,YDR217C,0,3.0140655,0.24556489288806915,0.5244266986846924,0.16164849698543549
YAL053W,YKL043W,0,3.0137272,0.24545030295848846,0.5244266986846924,0.16174852848052979
YNL178W,YOR066W,0,3.0131004,0.24533581733703613,0.5244266986846924,0.16184855997562408
YNL289W,YBL025W,0,3.0128603,0.24522145092487335,0.5244266986846924,0.16194859147071838
YBR069C,YLL011W,0,3.01258,0.24510717391967773,0.5244266986846924,0.1620486080646515
YDR309C,YPR021C,0,3.0119777,0.24499301612377167,0.5244266986846924,0.1621486395597458
YNL031C,YMR312W,0,3.01195,0.24487896263599396,0.5244266986846924,0.1622486710548401
YDR392W,YLL021W,1,3.011902,0.24523034691810608,0.5254237055778503,0.1622486710548401
YLR353W,YNL271C,1,3.0117931,0.24558138847351074,0.5264207124710083,0.1622486710548401
YEL064C,YER046W,0,3.0111592,0.24546723067760468,0.5264207124710083,0.1623487025499344
YBR022W,YOL109W,0,3.0097623,0.24535316228866577,0.5264207124710083,0.1624487340450287
YLR160C,YKL006C-A,0,3.0097368,0.24523919820785522,0.5264207124710083,0.16254876554012299
YDR011W,YBR067C,0,3.00941,0.24512535333633423,0.5264207124710083,0.16264879703521729
YKR008W,YDR351W,0,3.005632,0.2450115978717804,0.5264207124710083,0.16274882853031158
YDL185W,YDR002W,0,3.0054092,0.2448979616165161,0.5264207124710083,0.16284886002540588
YNR018W,YMR198W,0,3.0044343,0.2447844296693802,0.5264207124710083,0.16294889152050018
YDR386W,YGR094W,0,3.0042803,0.24467098712921143,0.5264207124710083,0.1630489081144333
YJL162C,YPL099C,0,3.0041714,0.24455766379833221,0.5264207124710083,0.1631489396095276
YLL024C,YER070W,0,3.0034394,0.24444444477558136,0.5264207124710083,0.1632489711046219
YML052W,YDL069C,0,3.0029168,0.24433133006095886,0.5264207124710083,0.1633490025997162
YDR062W,YIL148W,0,3.002145,0.24421831965446472,0.5264207124710083,0.16344903409481049
YGL096W,YLR299W,0,3.001634,0.24410541355609894,0.5264207124710083,0.16354906558990479
YDL159W,YAL041W,1,3.000393,0.24445471167564392,0.5274177193641663,0.16354906558990479
YLR086W,YPL115C,0,2.998529,0.24434180557727814,0.5274177193641663,0.16364909708499908
YNL048W,YOR157C,0,2.9961884,0.24422898888587952,0.5274177193641663,0.16374912858009338
YMR319C,YLR318W,0,2.9955516,0.24411629140377045,0.5274177193641663,0.16384916007518768
YLR313C,YCR038C,1,2.9954648,0.2444649487733841,0.5284147262573242,0.16384916007518768
YIL131C,YLL021W,1,2.9954,0.24481327831745148,0.529411792755127,0.16384916007518768
YIR019C,YER113C,1,2.9949641,0.2451612949371338,0.5304087996482849,0.16384916007518768
YEL038W,YKL198C,0,2.9946322,0.24504835903644562,0.5304087996482849,0.16394919157028198
YDR059C,YOL122C,0,2.9940348,0.244935542345047,0.5304087996482849,0.1640492081642151
YGR088W,YLR011W,0,2.993995,0.24482282996177673,0.5304087996482849,0.1641492396593094
YOR030W,YNL298W,1,2.9932108,0.24517019093036652,0.5314058065414429,0.1641492396593094
YDR253C,YLR328W,0,2.9931054,0.24505747854709625,0.5314058065414429,0.1642492711544037
YJL124C,YKR089C,0,2.9927511,0.24494485557079315,0.5314058065414429,0.16434930264949799
YNL068C,YIL049W,1,2.990505,0.24529168009757996,0.5324028134346008,0.16434930264949799
YDR361C,YOR264W,0,2.9892383,0.24517905712127686,0.5324028134346008,0.16444933414459229
YDR441C,YDR460W,0,2.988254,0.2450665384531021,0.5324028134346008,0.16454936563968658
YMR203W,YML101C,0,2.9860926,0.24495412409305573,0.5324028134346008,0.16464939713478088
YPR186C,YDR150W,0,2.9856477,0.2448418140411377,0.5324028134346008,0.16474942862987518
YDL215C,YDR160W,0,2.9852004,0.24472960829734802,0.5324028134346008,0.16484946012496948
YPL127C,YPL002C,0,2.984321,0.2446174919605255,0.5324028134346008,0.16494949162006378
YMR059W,YGL083W,0,2.983969,0.24450549483299255,0.5324028134346008,0.1650495082139969
YOR043W,YDR036C,0,2.9830883,0.24439358711242676,0.5324028134346008,0.1651495397090912
YLR291C,YBL051C,0,2.982283,0.2442817986011505,0.5324028134346008,0.16524957120418549
YER177W,YKL043W,1,2.9790115,0.24462734162807465,0.5333998203277588,0.16524957120418549
YDR456W,YDL197C,0,2.9782197,0.2445155382156372,0.5333998203277588,0.16534960269927979
YHR111W,YDR099W,1,2.9780707,0.2448606640100479,0.5343968272209167,0.16534960269927979
YDR384C,YDR280W,0,2.9772973,0.24474886059761047,0.5343968272209167,0.16544963419437408
YGR244C,YDR395W,0,2.9763584,0.2446371465921402,0.5343968272209167,0.16554966568946838
YDL159W,YDL035C,1,2.9761314,0.24498175084590912,0.5353938341140747,0.16554966568946838
YMR016C,YNL138W,1,2.9739797,0.24532604217529297,0.5363908410072327,0.16554966568946838
YGL068W,YIL170W,0,2.97177,0.24521422386169434,0.5363908410072327,0.16564969718456268
YJR147W,YIL131C,1,2.9693403,0.24555808305740356,0.5373878479003906,0.16564969718456268
YAL056W,YIL131C,1,2.969053,0.24590164422988892,0.5383848547935486,0.16564969718456268
YPL179W,YMR228W,0,2.9664774,0.24578970670700073,0.5383848547935486,0.16574972867965698
YDR432W,YKL048C,1,2.9658217,0.24613285064697266,0.5393818616867065,0.16574972867965698
YLR315W,YPR200C,0,2.9649684,0.24602091312408447,0.5393818616867065,0.16584976017475128
YBL072C,YDR009W,0,2.9643438,0.24590909481048584,0.5393818616867065,0.16594979166984558
YMR316W,YNL098C,1,2.9639437,0.24625170230865479,0.5403788685798645,0.16594979166984558
YKL015W,YNL248C,0,2.9626637,0.24613986909389496,0.5403788685798645,0.1660498082637787
YDR477W,YCR038C,1,2.9623628,0.24648207426071167,0.5413758754730225,0.1660498082637787
YLR038C,YNL127W,0,2.96166,0.24637024104595184,0.5413758754730225,0.16614983975887299
YOR030W,YJR153W,1,2.9613848,0.24671201407909393,0.5423728823661804,0.16614983975887299
YCL036W,YGL147C,0,2.960721,0.2466001808643341,0.5423728823661804,0.16624987125396729
YNL287W,YOR334W,0,2.960044,0.24648845195770264,0.5423728823661804,0.16634990274906158
YLR313C,YER109C,1,2.959868,0.24682970345020294,0.5433698892593384,0.16634990274906158
YMR016C,YLR312C-B,1,2.9598258,0.24717067182064056,0.5443668961524963,0.16634990274906158
YPL133C,YIL009W,0,2.9587908,0.24705882370471954,0.5443668961524963,0.16644993424415588
YGR060W,YLR441C,0,2.9576366,0.24694707989692688,0.5443668961524963,0.16654996573925018
YNL197C,YIL049W,1,2.9570124,0.24728752672672272,0.5453639030456543,0.16654996573925018
YPL115C,YPL141C,0,2.9566827,0.24717578291893005,0.5453639030456543,0.16664999723434448
YFL047W,YPR005C,0,2.9558063,0.24706414341926575,0.5453639030456543,0.16675002872943878
YNL271C,YKL043W,1,2.9553614,0.2474040687084198,0.5463609099388123,0.16675002872943878
YIL131C,YLR083C,1,2.9546506,0.24774368107318878,0.5473579168319702,0.16675002872943878
YOR127W,YNL138W,1,2.9537036,0.2480829954147339,0.5483549237251282,0.16675002872943878
YOR310C,YGR089W,0,2.9501977,0.24797114729881287,0.5483549237251282,0.16685006022453308
YCR107W,YDR418W,0,2.9496279,0.2478594034910202,0.5483549237251282,0.16695009171962738
YOR066W,YKR057W,0,2.9496012,0.2477477490901947,0.5483549237251282,0.16705010831356049
YLR430W,YLR418C,0,2.9490619,0.24763619899749756,0.5483549237251282,0.16715013980865479
YDL070W,YJR004C,0,2.94849,0.24752475321292877,0.5483549237251282,0.16725017130374908
YDR361C,YGR185C,0,2.9482975,0.24741341173648834,0.5483549237251282,0.16735020279884338
YDR121W,YLR299W,0,2.9459643,0.24730215966701508,0.5483549237251282,0.16745023429393768
YCR026C,YJR032W,0,2.9459138,0.24719101190567017,0.5483549237251282,0.16755026578903198
YJL176C,YFL029C,0,2.9450445,0.2470799684524536,0.5483549237251282,0.16765029728412628
YDR500C,YLR363C,0,2.9436219,0.24696901440620422,0.5483549237251282,0.16775032877922058
YDR273W,YGR178C,0,2.9428453,0.2468581646680832,0.5483549237251282,0.16785036027431488
YLR102C,YGL112C,0,2.9424565,0.24674741923809052,0.5483549237251282,0.16795039176940918
YPL233W,YLR141W,0,2.9420664,0.2466367781162262,0.5483549237251282,0.16805040836334229
YNL218W,YDR062W,0,2.9408588,0.24652622640132904,0.5483549237251282,0.16815043985843658
YDR523C,YNR031C,0,2.940427,0.24641576409339905,0.5483549237251282,0.16825047135353088
YER155C,YPL203W,0,2.9404187,0.2463054209947586,0.5483549237251282,0.16835050284862518
YDR099W,YPL021W,1,2.939936,0.2466427981853485,0.5493519306182861,0.16835050284862518
YGR288W,YKR101W,0,2.9392,0.24653244018554688,0.5493519306182861,0.16845053434371948
YOR016C,YJR083C,0,2.9361527,0.2464221864938736,0.5493519306182861,0.16855056583881378
YKR104W,YFL010W-A,0,2.9358096,0.24631202220916748,0.5493519306182861,0.16865059733390808
YOR254C,YPR166C,0,2.9347513,0.24620196223258972,0.5493519306182861,0.16875062882900238
YDR451C,YMR272C,0,2.9330974,0.24609200656414032,0.5493519306182861,0.16885066032409668
YLR447C,YNR045W,0,2.9322057,0.24598214030265808,0.5493519306182861,0.16895069181919098
YHL007C,YIL131C,1,2.9303186,0.24631860852241516,0.5503489375114441,0.16895069181919098
YGR260W,YHR105W,0,2.9293227,0.24620874226093292,0.5503489375114441,0.16905070841312408
YIR019C,YCR093W,1,2.929258,0.24654480814933777,0.551345944404602,0.16905070841312408
YKL048C,YNL068C,1,2.9272947,0.24688057601451874,0.55234295129776,0.16905070841312408
YMR109W,YGR099W,0,2.9247355,0.24677060544490814,0.55234295129776,0.16915073990821838
YDL243C,YOL009C,0,2.9235837,0.2466607242822647,0.55234295129776,0.16925077140331268
YBL074C,YHL034C,0,2.922987,0.24655096232891083,0.55234295129776,0.16935080289840698
YML004C,YGL083W,0,2.9224079,0.24644127488136292,0.55234295129776,0.16945083439350128
YPL138C,YCL027W,0,2.9223437,0.24633170664310455,0.55234295129776,0.16955086588859558
YPL002C,YGL173C,0,2.9221387,0.24622222781181335,0.55234295129776,0.16965089738368988
YLR353W,YKL043W,1,2.9216764,0.2465570867061615,0.553339958190918,0.16965089738368988
YIL111W,YGL251C,0,2.9204907,0.2464476078748703,0.553339958190918,0.16975092887878418
YKL175W,YJR119C,0,2.9203782,0.24633821845054626,0.553339958190918,0.16985096037387848
YDL095W,YJR059W,0,2.9192824,0.24622893333435059,0.553339958190918,0.16995099186897278
YMR203W,YGR060W,0,2.918581,0.24611973762512207,0.553339958190918,0.17005100846290588
YOL064C,YER113C,0,2.9176118,0.24601063132286072,0.553339958190918,0.17015103995800018
YHR119W,YLR203C,0,2.9166389,0.24590164422988892,0.553339958190918,0.17025107145309448
YLR409C,YGL064C,0,2.9151669,0.24579273164272308,0.553339958190918,0.17035110294818878
YDR392W,YAL041W,1,2.9150777,0.24612660706043243,0.5543369650840759,0.17035110294818878
YDR172W,YJL098W,0,2.9149895,0.2460176944732666,0.5543369650840759,0.17045113444328308
YKL129C,YNL210W,0,2.9146976,0.24590888619422913,0.5543369650840759,0.17055116593837738
YOR127W,YDR099W,1,2.9125903,0.24624226987361908,0.5553339719772339,0.17055116593837738
YIR036C,YMR023C,0,2.9121954,0.2461334466934204,0.5553339719772339,0.17065119743347168
YPL143W,YGR188C,0,2.9112608,0.2460247278213501,0.5553339719772339,0.17075122892856598
YKL060C,YMR168C,0,2.9107783,0.24591611325740814,0.5553339719772339,0.17085126042366028
YOR101W,YBR026C,0,2.910737,0.24580758810043335,0.5553339719772339,0.17095129191875458
YDR043C,YNL271C,1,2.910458,0.2461402714252472,0.5563309788703918,0.17095129191875458
YLR329W,YJR059W,0,2.909688,0.2460317462682724,0.5563309788703918,0.17105130851268768
YNL066W,YKL082C,0,2.9083018,0.24592331051826477,0.5563309788703918,0.17115134000778198
YAL011W,YDL046W,0,2.9081092,0.2458149790763855,0.5563309788703918,0.17125137150287628
YLR306W,YPL106C,0,2.9077845,0.2457067370414734,0.5563309788703918,0.17135140299797058
YBR193C,YMR237W,0,2.907545,0.24559858441352844,0.5563309788703918,0.17145143449306488
YIL109C,YKR064W,0,2.9074569,0.24549053609371185,0.5563309788703918,0.17155146598815918
YIR017C,YDR376W,0,2.9072514,0.24538259208202362,0.5563309788703918,0.17165149748325348
YLR394W,YLR150W,0,2.9070895,0.24527472257614136,0.5563309788703918,0.17175152897834778
YEL036C,YLR153C,0,2.906332,0.24516695737838745,0.5563309788703918,0.17185156047344208
YDL100C,YOR158W,0,2.905806,0.2450592815876007,0.5563309788703918,0.17195159196853638
YDR379W,YCR093W,1,2.9047506,0.24539069831371307,0.5573280453681946,0.17195159196853638
YHR010W,YDL036C,0,2.9043765,0.24528302252292633,0.5573280453681946,0.17205160856246948
YPL007C,YBL052C,0,2.9034994,0.24517543613910675,0.5573280453681946,0.17215164005756378
YIL078W,YLR151C,0,2.903431,0.24506795406341553,0.5573280453681946,0.17225167155265808
YJL165C,YKL024C,0,2.903088,0.24496056139469147,0.5573280453681946,0.17235170304775238
YGL195W,YDR078C,0,2.9030852,0.24485325813293457,0.5573280453681946,0.17245173454284668
YFL023W,YHR165C,0,2.9024448,0.24474605917930603,0.5573280453681946,0.17255176603794098
YDR487C,YLR194C,0,2.9001718,0.24463894963264465,0.5573280453681946,0.17265179753303528
YOR060C,YNL145W,0,2.8999972,0.24453192949295044,0.5573280453681946,0.17275182902812958
YLR088W,YLR440C,0,2.8986263,0.24442501366138458,0.5573280453681946,0.17285186052322388
YPL021W,YER118C,1,2.8982983,0.24475523829460144,0.5583250522613525,0.17285186052322388
YOR030W,YDL035C,1,2.898089,0.2450851947069168,0.5593220591545105,0.17285186052322388
YLR098C,YKL178C,0,2.8973637,0.2449781596660614,0.5593220591545105,0.17295189201831818
YPR161C,YLR068W,0,2.896986,0.24487122893333435,0.5593220591545105,0.17305190861225128
YOR297C,YDR238C,0,2.8965855,0.24476440250873566,0.5593220591545105,0.17315194010734558
YJR016C,YPR155C,0,2.8954012,0.24465765058994293,0.5593220591545105,0.17325197160243988
YBR115C,YNL163C,0,2.8950791,0.24455100297927856,0.5593220591545105,0.17335200309753418
YLR306W,YMR220W,0,2.894182,0.24444444477558136,0.5593220591545105,0.17345203459262848
YPL155C,YOR239W,0,2.894156,0.24433797597885132,0.5593220591545105,0.17355206608772278
YJL158C,YDR400W,0,2.893927,0.24423161149024963,0.5593220591545105,0.17365209758281708
YNL164C,YCR002C,0,2.8922732,0.24412532150745392,0.5593220591545105,0.17375212907791138
YNL173C,YHR005C,0,2.8915792,0.24401913583278656,0.5593220591545105,0.17385216057300568
YGR171C,YDR013W,0,2.8905122,0.24391303956508636,0.5593220591545105,0.17395219206809998
YLL013C,YJR001W,0,2.8901014,0.24380704760551453,0.5593220591545105,0.17405220866203308
YPL169C,YOR232W,0,2.889884,0.24370113015174866,0.5593220591545105,0.17415224015712738
YKR064W,YPR006C,0,2.889384,0.24359531700611115,0.5593220591545105,0.17425227165222168
YKR037C,YKR014C,0,2.8893523,0.2434895783662796,0.5593220591545105,0.17435230314731598
YOR320C,YPR108W,0,2.8883855,0.24338394403457642,0.5593220591545105,0.17445233464241028
YHR111W,YPL021W,1,2.888347,0.24371205270290375,0.5603190660476685,0.17445233464241028
YBR191W,YOR267C,0,2.888214,0.24360641837120056,0.5603190660476685,0.17455236613750458
YAL053W,YGL229C,0,2.887557,0.24350087344646454,0.5603190660476685,0.17465239763259888
YNL068C,YNL001W,1,2.8868456,0.24382849037647247,0.5613160729408264,0.17465239763259888
YLR324W,YBR024W,0,2.8864825,0.24372294545173645,0.5613160729408264,0.17475242912769318
YDL185W,YIL101C,0,2.8847618,0.2436174750328064,0.5613160729408264,0.17485246062278748
YMR145C,YGL161C,0,2.88442,0.2435121089220047,0.5613160729408264,0.17495249211788177
YDR254W,YPR043W,0,2.8841813,0.24340683221817017,0.5613160729408264,0.17505250871181488
YDR405W,YHR185C,0,2.8840609,0.2433016449213028,0.5613160729408264,0.17515254020690918
YDR099W,YER109C,1,2.8823624,0.24362851679325104,0.5623130798339844,0.17515254020690918
YOL078W,YAL040C,0,2.8822265,0.24352331459522247,0.5623130798339844,0.17525257170200348
YDL225W,YOL061W,0,2.8821237,0.24341821670532227,0.5623130798339844,0.17535260319709778
YLR395C,YMR118C,0,2.8812327,0.24331320822238922,0.5623130798339844,0.17545263469219208
YLR204W,YLR323C,0,2.8807151,0.24320827424526215,0.5623130798339844,0.17555266618728638
YMR195W,YML056C,0,2.878516,0.24310344457626343,0.5623130798339844,0.17565269768238068
YOR030W,YHL007C,1,2.8781366,0.24342955648899078,0.5633100867271423,0.17565269768238068
YBR278W,YGR217W,0,2.877374,0.24332472681999207,0.5633100867271423,0.17575272917747498
YKR077W,YKL206C,0,2.8771563,0.24321997165679932,0.5633100867271423,0.17585276067256927
YNL304W,YMR306W,0,2.876338,0.24311532080173492,0.5633100867271423,0.17595279216766357
YDR309C,YPL083C,0,2.8721745,0.2430107593536377,0.5633100867271423,0.17605280876159668
YGR279C,YOR301W,0,2.8719985,0.24290627241134644,0.5633100867271423,0.17615284025669098
YDR432W,YIL131C,1,2.869742,0.2432316243648529,0.5643070936203003,0.17615284025669098
YFL025C,YDR005C,0,2.8689752,0.24312715232372284,0.5643070936203003,0.17625287175178528
YBR128C,YGR175C,0,2.868798,0.24302275478839874,0.5643070936203003,0.17635290324687958
YNL023C,YLR337C,0,2.8666234,0.242918461561203,0.5643070936203003,0.17645293474197388
YLR305C,YAL068C,0,2.8660614,0.24281424283981323,0.5643070936203003,0.17655296623706818
YML058W-A,YOR204W,0,2.865494,0.24271011352539062,0.5643070936203003,0.17665299773216248
YDR176W,YHR027C,0,2.8650448,0.24260608851909637,0.5643070936203003,0.17675302922725677
YNL123W,YDL240W,0,2.86167,0.2425021380186081,0.5643070936203003,0.17685306072235107
YOR127W,YDR033W,0,2.8612177,0.24239829182624817,0.5643070936203003,0.17695309221744537
YDR280W,YJR130C,0,2.859499,0.2422945201396942,0.5643070936203003,0.17705310881137848
YFR036W,YOR271C,0,2.8572755,0.24219083786010742,0.5643070936203003,0.17715314030647278
YMR077C,YMR037C,0,2.8569982,0.242087259888649,0.5643070936203003,0.17725317180156708
YDR065W,YLL038C,0,2.8566508,0.24198375642299652,0.5643070936203003,0.17735320329666138
YHR073W,YJR153W,1,2.8565414,0.24230769276618958,0.5653041005134583,0.17735320329666138
YGR156W,YMR235C,0,2.8564677,0.2422041893005371,0.5653041005134583,0.17745323479175568
YKL090W,YBR122C,0,2.856409,0.2421007752418518,0.5653041005134583,0.17755326628684998
YGL200C,YKL135C,0,2.8561552,0.24199743568897247,0.5653041005134583,0.17765329778194427
YHR118C,YER125W,0,2.856057,0.2418942004442215,0.5653041005134583,0.17775332927703857
YDR012W,YER153C,0,2.8548875,0.2417910397052765,0.5653041005134583,0.17785336077213287
YLR324W,YJR101W,0,2.8531542,0.24168798327445984,0.5653041005134583,0.17795339226722717
YGL189C,YGR262C,0,2.8524702,0.24158500134944916,0.5653041005134583,0.17805340886116028
YNR057C,YJR013W,0,2.852069,0.24148210883140564,0.5653041005134583,0.17815344035625458
YKL085W,YJL171C,0,2.8507814,0.24137930572032928,0.5653041005134583,0.17825347185134888
YGL190C,YMR109W,0,2.8497424,0.2412765920162201,0.5653041005134583,0.17835350334644318
YDR043C,YLL021W,1,2.8446307,0.24159932136535645,0.5663011074066162,0.17835350334644318
YKR094C,YGL067W,0,2.8440914,0.24149659276008606,0.5663011074066162,0.17845353484153748
YBL092W,YDL148C,0,2.84305,0.24139396846294403,0.5663011074066162,0.17855356633663177
YJR051W,YKL149C,0,2.8412623,0.24129141867160797,0.5663011074066162,0.17865359783172607
YNR060W,YBR130C,0,2.8410745,0.24118895828723907,0.5663011074066162,0.17875362932682037
YCL055W,YMR200W,0,2.8397846,0.24108658730983734,0.5663011074066162,0.17885366082191467
YOR030W,YNL119W,1,2.8392003,0.241408571600914,0.5672981142997742,0.17885366082191467
YDL111C,YOR386W,0,2.8387423,0.24130618572235107,0.5672981142997742,0.17895369231700897
YNL240C,YDR429C,0,2.8383472,0.2412039041519165,0.5672981142997742,0.17905370891094208
YOR001W,YDL240W,0,2.838195,0.2411016970872879,0.5672981142997742,0.17915374040603638
YER177W,YGL190C,1,2.837533,0.2414231300354004,0.5682951211929321,0.17915374040603638
YER093C,YGL030W,0,2.8367653,0.2413209080696106,0.5682951211929321,0.17925377190113068
YFR038W,YHR133C,0,2.835268,0.24121879041194916,0.5682951211929321,0.17935380339622498
YGL180W,YHR209W,0,2.835135,0.2411167472600937,0.5682951211929321,0.17945383489131927
YBR083W,YBR066C,1,2.8349483,0.241437628865242,0.5692921280860901,0.17945383489131927
YPL042C,YDR135C,0,2.8329668,0.24133558571338654,0.5692921280860901,0.17955386638641357
YJL167W,YKL185W,0,2.832844,0.24123363196849823,0.5692921280860901,0.17965389788150787
YOR127W,YIL049W,1,2.8328207,0.24155405163764954,0.570289134979248,0.17965389788150787
YBR248C,YIL167W,0,2.8317406,0.24145208299160004,0.570289134979248,0.17975392937660217
YKL149C,YNL001W,1,2.8316934,0.2417721450328827,0.571286141872406,0.17975392937660217
YLR044C,YOR355W,0,2.8311076,0.2416701763868332,0.571286141872406,0.17985396087169647
YGL073W,YMR264W,0,2.8303099,0.24156829714775085,0.571286141872406,0.17995399236679077
YKL051W,YOL012C,0,2.8302028,0.2414664924144745,0.571286141872406,0.18005400896072388
YPR169W,YER109C,0,2.829855,0.24136479198932648,0.571286141872406,0.18015404045581818
YMR164C,YCR093W,1,2.8297377,0.2416842132806778,0.572283148765564,0.18015404045581818
YOR251C,YER046W,0,2.8295283,0.2415824979543686,0.572283148765564,0.18025407195091248
YNL119W,YBL098W,0,2.82941,0.24148085713386536,0.572283148765564,0.18035410344600677
YPR149W,YMR034C,0,2.8288665,0.24137930572032928,0.572283148765564,0.18045413494110107
YKL010C,YIL048W,0,2.828618,0.24127784371376038,0.572283148765564,0.18055416643619537
YER100W,YAL012W,0,2.8280544,0.24117647111415863,0.572283148765564,0.18065419793128967
YLR259C,YKR095W,0,2.8278227,0.24107517302036285,0.572283148765564,0.18075422942638397
YNR041C,YBL034C,0,2.8271706,0.24097396433353424,0.572283148765564,0.18085426092147827
YMR208W,YGL083W,0,2.8271608,0.2408728450536728,0.572283148765564,0.18095429241657257
YIR005W,YOR098C,0,2.8264155,0.2407718151807785,0.572283148765564,0.18105430901050568
YPL026C,YAR042W,0,2.8259697,0.24067085981369019,0.572283148765564,0.18115434050559998
YJL125C,YJR092W,0,2.8258123,0.24056999385356903,0.572283148765564,0.18125437200069427
YPL179W,YPL040C,0,2.8250227,0.24046920239925385,0.572283148765564,0.18135440349578857
YLR100W,YBL080C,0,2.8245194,0.24036851525306702,0.572283148765564,0.18145443499088287
YLR264W,YLR047C,0,2.8240614,0.24026788771152496,0.572283148765564,0.18155446648597717
YGL060W,YPR131C,0,2.8233051,0.24016736447811127,0.572283148765564,0.18165449798107147
YKL080W,YNL328C,0,2.8230264,0.24006691575050354,0.572283148765564,0.18175452947616577
YPL179W,YPL028W,0,2.8227494,0.23996655642986298,0.572283148765564,0.18185456097126007
YOR030W,YMR016C,1,2.8216395,0.24028415977954865,0.5732801556587219,0.18185456097126007
YOR359W,YOR294W,0,2.8207242,0.2401837855577469,0.5732801556587219,0.18195459246635437
YOR371C,YER020W,1,2.8201241,0.2405010461807251,0.5742771625518799,0.18195459246635437
YDR120C,YLR160C,0,2.81788,0.24040067195892334,0.5742771625518799,0.18205460906028748
YLR291C,YNL314W,0,2.8169312,0.24030037224292755,0.5742771625518799,0.18215464055538177
YOL132W,YAL012W,0,2.8160717,0.24020016193389893,0.5742771625518799,0.18225467205047607
YLR007W,YOL120C,0,2.81607,0.24010004103183746,0.5742771625518799,0.18235470354557037
YBL069W,YLR024C,0,2.8156862,0.23999999463558197,0.5742771625518799,0.18245473504066467
YDL019C,YJL098W,0,2.8155444,0.23990003764629364,0.5742771625518799,0.18255476653575897
YNL282W,YJL081C,0,2.814033,0.23980017006397247,0.5742771625518799,0.18265479803085327
YLR452C,YGR211W,0,2.8124282,0.23970037698745728,0.5742771625518799,0.18275482952594757
YPL094C,YLR263W,0,2.8112726,0.23960065841674805,0.5742771625518799,0.18285486102104187
YPL175W,YPR182W,0,2.8106956,0.23950104415416718,0.5742771625518799,0.18295489251613617
YAR002C-A,YGL226W,0,2.8106875,0.23940148949623108,0.5742771625518799,0.18305490911006927
YJR101W,YBR109C,0,2.8086658,0.23930203914642334,0.5742771625518799,0.18315494060516357
YDR379W,YMR316W,1,2.8081179,0.2396179437637329,0.5752741694450378,0.18315494060516357
YDR411C,YKR053C,0,2.807064,0.23951847851276398,0.5752741694450378,0.18325497210025787
YGL192W,YER029C,0,2.8050818,0.239419087767601,0.5752741694450378,0.18335500359535217
YLR246W,YLR214W,0,2.8038654,0.2393197864294052,0.5752741694450378,0.18345503509044647
YNL271C,YPL021W,1,2.803308,0.2396351546049118,0.5762711763381958,0.18345503509044647
YHR084W,YNL138W,1,2.7989166,0.2399502694606781,0.5772681832313538,0.18345503509044647
YOR049C,YEL070W,0,2.79868,0.23985086381435394,0.5772681832313538,0.18355506658554077
YGL173C,YFL056C,0,2.7979026,0.23975154757499695,0.5772681832313538,0.18365509808063507
YDR013W,YIL033C,0,2.7977815,0.23965232074260712,0.5772681832313538,0.18375512957572937
YPR119W,YER165W,0,2.7976694,0.23955316841602325,0.5772681832313538,0.18385516107082367
YLR212C,YOR132W,0,2.797644,0.23945409059524536,0.5772681832313538,0.18395519256591797
YLR247C,YDR169C,0,2.7966652,0.23935510218143463,0.5772681832313538,0.18405520915985107
YGR032W,YDR128W,0,2.79463,0.23925620317459106,0.5772681832313538,0.18415524065494537
YOR279C,YMR311C,0,2.7946243,0.23915737867355347,0.5772681832313538,0.18425527215003967
YML074C,YEL056W,0,2.7930944,0.23905862867832184,0.5772681832313538,0.18435530364513397
YHR171W,YER155C,0,2.7925558,0.23895996809005737,0.5772681832313538,0.18445533514022827
YCR009C,YPL083C,0,2.7920032,0.23886138200759888,0.5772681832313538,0.18455536663532257
YGL051W,YBR291C,0,2.791769,0.23876288533210754,0.5772681832313538,0.18465539813041687
YOL142W,YIL088C,0,2.7913787,0.23866446316242218,0.5772681832313538,0.18475542962551117
YBL030C,YOR338W,0,2.7903414,0.23856613039970398,0.5772681832313538,0.18485546112060547
YGR165W,YGR057C,0,2.7878003,0.23846787214279175,0.5772681832313538,0.18495549261569977
YLR295C,YMR315W,0,2.7869613,0.23836970329284668,0.5772681832313538,0.18505550920963287
YNL298W,YOR371C,1,2.7869177,0.23868313431739807,0.5782651901245117,0.18505550920963287
YPR194C,YGR177C,0,2.7862768,0.2385849505662918,0.5782651901245117,0.18515554070472717
YGR072W,YGL126W,0,2.7856905,0.23848684132099152,0.5782651901245117,0.18525557219982147
YDR167W,YDL210W,0,2.7854464,0.2383888214826584,0.5782651901245117,0.18535560369491577
YML129C,YGR184C,0,2.7838225,0.23829087615013123,0.5782651901245117,0.18545563519001007
YFL047W,YGL049C,0,2.783267,0.23819302022457123,0.5782651901245117,0.18555566668510437
YMR316W,YJR153W,1,2.7825582,0.2385057508945465,0.5792621970176697,0.18555566668510437
YBR061C,YLL001W,0,2.7822492,0.23840788006782532,0.5792621970176697,0.18565569818019867
YDR166C,YNL026W,0,2.7820969,0.2383100837469101,0.5792621970176697,0.18575572967529297
YDR253C,YDR375C,0,2.7815466,0.23821237683296204,0.5792621970176697,0.18585576117038727
YPL274W,YDL135C,0,2.7813063,0.23811475932598114,0.5792621970176697,0.18595579266548157
YIL111W,YER087C-B,0,2.7811365,0.23801720142364502,0.5792621970176697,0.18605582416057587
YLR362W,YCR093W,1,2.7806818,0.2383292317390442,0.5802592039108276,0.18605582416057587
YOL052C-A,YDR118W,0,2.7806556,0.23823168873786926,0.5802592039108276,0.18615584075450897
YIL159W,YNL166C,0,2.7806404,0.2381342053413391,0.5802592039108276,0.18625587224960327
YPL021W,YMR306W,0,2.7800846,0.23803681135177612,0.5802592039108276,0.18635590374469757
YGL212W,YDR226W,0,2.7776299,0.2379394918680191,0.5802592039108276,0.18645593523979187
YGL083W,YLR323C,0,2.7773738,0.23784226179122925,0.5802592039108276,0.18655596673488617
YPR068C,YHR008C,0,2.7761834,0.23774509131908417,0.5802592039108276,0.18665599822998047
YFL038C,YBL085W,0,2.7759905,0.23764802515506744,0.5802592039108276,0.18675602972507477
YDL076C,YPL091W,0,2.7756968,0.2375510185956955,0.5802592039108276,0.18685606122016907
YOR211C,YKL164C,0,2.7755623,0.2374541014432907,0.5802592039108276,0.18695609271526337
YCR077C,YEL070W,0,2.7749314,0.2373572587966919,0.5802592039108276,0.18705612421035767
YOL145C,YBL041W,0,2.7737298,0.23726049065589905,0.5802592039108276,0.18715614080429077
YLR213C,YGL071W,0,2.7715862,0.23716381192207336,0.5802592039108276,0.18725617229938507
YJR033C,YNL025C,0,2.7712297,0.23706720769405365,0.5802592039108276,0.18735620379447937
YLR086W,YDR393W,0,2.7706048,0.2369706779718399,0.5802592039108276,0.18745623528957367
YDR105C,YLR037C,0,2.7676916,0.23687423765659332,0.5802592039108276,0.18755626678466797
YIL005W,YMR143W,0,2.7674623,0.2367778718471527,0.5802592039108276,0.18765629827976227
YGL027C,YHR184W,0,2.7670922,0.23668158054351807,0.5802592039108276,0.18775632977485657
YDR299W,YKR007W,0,2.7668812,0.2365853637456894,0.5802592039108276,0.18785636126995087
YDR129C,YHR194W,0,2.766355,0.23648923635482788,0.5802592039108276,0.18795639276504517
YGR143W,YDR469W,0,2.765583,0.23639318346977234,0.5802592039108276,0.18805642426013947
YMR015C,YBL085W,0,2.7655356,0.23629720509052277,0.5802592039108276,0.18815644085407257
YER027C,YGR271W,0,2.764935,0.23620130121707916,0.5802592039108276,0.18825647234916687
YIR005W,YBR046C,0,2.7647111,0.23610547184944153,0.5802592039108276,0.18835650384426117
YOR212W,YPL059W,0,2.7637377,0.23600973188877106,0.5802592039108276,0.18845653533935547
YGR271W,YLL022C,0,2.7636316,0.23591406643390656,0.5802592039108276,0.18855656683444977
YKL206C,YBR040W,0,2.763627,0.23581847548484802,0.5802592039108276,0.18865659832954407
YGR251W,YIL048W,0,2.763323,0.23572295904159546,0.5802592039108276,0.18875662982463837
YFL049W,YKR006C,0,2.7625892,0.23562753200531006,0.5802592039108276,0.18885666131973267
YPL153C,YOL043C,0,2.762498,0.23553217947483063,0.5802592039108276,0.18895669281482697
YLR459W,YDR151C,0,2.7620206,0.23543688654899597,0.5802592039108276,0.18905672430992126
YOR260W,YJL156C,0,2.761348,0.23534168303012848,0.5802592039108276,0.18915674090385437
YML104C,YHR092C,0,2.7611291,0.23524656891822815,0.5802592039108276,0.18925677239894867
YHR168W,YDR276C,0,2.7606297,0.2351515144109726,0.5802592039108276,0.18935680389404297
YLR139C,YKL141W,0,2.760429,0.2350565493106842,0.5802592039108276,0.18945683538913727
YER081W,YEL005C,0,2.759989,0.2349616438150406,0.5802592039108276,0.18955686688423157
YEL059C-A,YDR284C,0,2.7591343,0.23486682772636414,0.5802592039108276,0.18965689837932587
YGL206C,YPL281C,0,2.7585354,0.23477208614349365,0.5802592039108276,0.18975692987442017
YOL065C,YOR192C,0,2.7564077,0.23467741906642914,0.5802592039108276,0.18985696136951447
YCL018W,YDR427W,0,2.7559009,0.2345828264951706,0.5802592039108276,0.18995699286460876
YNR038W,YOL154W,0,2.7557187,0.23448830842971802,0.5802592039108276,0.19005702435970306
YNL206C,YOR092W,0,2.754789,0.2343938797712326,0.5802592039108276,0.19015704095363617
YJR153W,YGL186C,0,2.7532907,0.23429951071739197,0.5802592039108276,0.19025707244873047
YKL124W,YGL222C,0,2.753281,0.2342052310705185,0.5802592039108276,0.19035710394382477
YGR218W,YER046W,0,2.7525325,0.234111025929451,0.5802592039108276,0.19045713543891907
YGR234W,YDR054C,0,2.7517266,0.23401688039302826,0.5802592039108276,0.19055716693401337
YKL206C,YOL123W,0,2.7511904,0.2339228242635727,0.5802592039108276,0.19065719842910767
YHL007C,YER149C,1,2.7508528,0.23423060774803162,0.5812562108039856,0.19065719842910767
YPL093W,YBR082C,0,2.7504828,0.23413655161857605,0.5812562108039856,0.19075722992420197
YFL004W,YDR356W,0,2.7497568,0.23404255509376526,0.5812562108039856,0.19085726141929626
YDR139C,YBR120C,0,2.7479372,0.23394863307476044,0.5812562108039856,0.19095729291439056
YLL031C,YOR348C,0,2.7469862,0.23385480046272278,0.5812562108039856,0.19105732440948486
YDR454C,YOR138C,0,2.7469704,0.2337610274553299,0.5812562108039856,0.19115734100341797
YKL043W,YLL014W,0,2.7460718,0.23366732895374298,0.5812562108039856,0.19125737249851227
YLR258W,YNL036W,0,2.7456443,0.23357371985912323,0.5812562108039856,0.19135740399360657
YCR106W,YBL091C,0,2.7452893,0.23348017036914825,0.5812562108039856,0.19145743548870087
YKL097W-A,YHR099W,0,2.7446203,0.23338671028614044,0.5812562108039856,0.19155746698379517
YPR122W,YGR052W,0,2.743318,0.2332933247089386,0.5812562108039856,0.19165749847888947
YGR055W,YOR262W,0,2.7426548,0.23319999873638153,0.5812562108039856,0.19175752997398376
YOR030W,YDR477W,1,2.7408214,0.23350659012794495,0.5822532176971436,0.19175752997398376
YDR434W,YDR253C,0,2.7407453,0.23341326415538788,0.5822532176971436,0.19185756146907806
YGL249W,YMR308C,0,2.7404888,0.23332001268863678,0.5822532176971436,0.19195759296417236
YER028C,YHR009C,0,2.738505,0.23322683572769165,0.5822532176971436,0.19205762445926666
YLR192C,YJR052W,0,2.7378356,0.2331337332725525,0.5822532176971436,0.19215764105319977
YNL298W,YDL159W,1,2.7370813,0.23343974351882935,0.5832502245903015,0.19215764105319977
YJR158W,YLR130C,0,2.7366314,0.233346626162529,0.5832502245903015,0.19225767254829407
YKR101W,YOL020W,0,2.735098,0.2332535833120346,0.5832502245903015,0.19235770404338837
YNL294C,YDL128W,0,2.73476,0.2331606149673462,0.5832502245903015,0.19245773553848267
YGR274C,YIL075C,0,2.7342346,0.23306773602962494,0.5832502245903015,0.19255776703357697
YCR081W,YNL294C,0,2.7332253,0.23297491669654846,0.5832502245903015,0.19265779852867126
YHR001W-A,YDR014W,0,2.7324362,0.23288217186927795,0.5832502245903015,0.19275783002376556
YPL143W,YBR160W,0,2.731924,0.23278950154781342,0.5832502245903015,0.19285786151885986
YER113C,YFR007W,0,2.7308679,0.23269689083099365,0.5832502245903015,0.19295789301395416
YBL068W,YLL018C,0,2.7305403,0.23260436952114105,0.5832502245903015,0.19305792450904846
YJR070C,YLR145W,0,2.7292013,0.23251192271709442,0.5832502245903015,0.19315794110298157
YBL090W,YPL153C,0,2.727796,0.23241955041885376,0.5832502245903015,0.19325797259807587
YOL104C,YDR246W,0,2.7263355,0.23232723772525787,0.5832502245903015,0.19335800409317017
YDR107C,YOL040C,0,2.725778,0.23223501443862915,0.5832502245903015,0.19345803558826447
YER048W-A,YMR061W,0,2.7254167,0.2321428507566452,0.5832502245903015,0.19355806708335876
YGR292W,YPR049C,0,2.7249882,0.23205077648162842,0.5832502245903015,0.19365809857845306
YAR033W,YGR080W,0,2.7230535,0.2319587618112564,0.5832502245903015,0.19375813007354736
YGL113W,YLR006C,0,2.7229266,0.23186682164669037,0.5832502245903015,0.19385816156864166
YCR012W,YER041W,0,2.7216353,0.2317749559879303,0.5832502245903015,0.19395819306373596
YAL021C,YJL101C,0,2.7200766,0.2316831648349762,0.5832502245903015,0.19405822455883026
YGL196W,YMR008C,0,2.7184649,0.23159144818782806,0.5832502245903015,0.19415824115276337
YBR119W,YBR122C,0,2.7184138,0.2314998060464859,0.5832502245903015,0.19425827264785767
YNL304W,YBR279W,0,2.7182853,0.2314082235097885,0.5832502245903015,0.19435830414295197
YOR269W,YPL119C,0,2.7172172,0.2313167303800583,0.5832502245903015,0.19445833563804626
YCR038C,YHR084W,1,2.717146,0.23162055015563965,0.5842472314834595,0.19445833563804626
YNL161W,YDR213W,0,2.7169645,0.23152904212474823,0.5842472314834595,0.19455836713314056
YML124C,YNL242W,0,2.7167635,0.2314375936985016,0.5842472314834595,0.19465839862823486
YNL076W,YDR140W,0,2.7158275,0.2313462346792221,0.5842472314834595,0.19475843012332916
YBR094W,YGR116W,0,2.7153132,0.2312549352645874,0.5842472314834595,0.19485846161842346
YGR285C,YGR217W,0,2.7151809,0.23116371035575867,0.5842472314834595,0.19495849311351776
YLR360W,YPR102C,0,2.7145927,0.2310725599527359,0.5842472314834595,0.19505852460861206
YIL112W,YOR288C,0,2.7139602,0.2309814691543579,0.5842472314834595,0.19515854120254517
YBR287W,YOR119C,0,2.7139487,0.23089046776294708,0.5842472314834595,0.19525857269763947
YEL054C,YLR126C,0,2.7123952,0.23079952597618103,0.5842472314834595,0.19535860419273376
YBR092C,YBR169C,0,2.7122436,0.23070865869522095,0.5842472314834595,0.19545863568782806
YHR154W,YBR149W,0,2.7122054,0.23061786592006683,0.5842472314834595,0.19555866718292236
YMR239C,YDL045W-A,0,2.711742,0.2305271476507187,0.5842472314834595,0.19565869867801666
YLR141W,YAL019W,0,2.711199,0.23043648898601532,0.5842472314834595,0.19575873017311096
YDR530C,YBR189W,0,2.710857,0.23034590482711792,0.5842472314834595,0.19585876166820526
YOL059W,YGL058W,0,2.710588,0.23025541007518768,0.5842472314834595,0.19595879316329956
YDR437W,YLR121C,0,2.7102041,0.23016496002674103,0.5842472314834595,0.19605882465839386
YML097C,YJL128C,0,2.7095864,0.23007459938526154,0.5842472314834595,0.19615884125232697
YOL055C,YDR228C,0,2.7075725,0.22998429834842682,0.5842472314834595,0.19625887274742126
YEL029C,YKL032C,0,2.7068834,0.22989407181739807,0.5842472314834595,0.19635890424251556
YGL085W,YDR299W,0,2.7060487,0.2298039197921753,0.5842472314834595,0.19645893573760986
YMR184W,YPR200C,0,2.7049317,0.22971384227275848,0.5842472314834595,0.19655896723270416
YMR164C,YER113C,1,2.704231,0.23001568019390106,0.5852442383766174,0.19655896723270416
YGL210W,YKR057W,0,2.7033489,0.22992557287216187,0.5852442383766174,0.19665899872779846
YPR171W,YDR045C,0,2.7031274,0.22983555495738983,0.5852442383766174,0.19675903022289276
YDR317W,YGR188C,0,2.7030854,0.22974559664726257,0.5852442383766174,0.19685906171798706
YOR063W,YOL002C,0,2.7006364,0.22965571284294128,0.5852442383766174,0.19695909321308136
YJL041W,YNR074C,0,2.7005427,0.22956590354442596,0.5852442383766174,0.19705912470817566
YDR499W,YEL013W,0,2.7000031,0.22947615385055542,0.5852442383766174,0.19715914130210876
YKL010C,YER123W,0,2.6997232,0.22938647866249084,0.5852442383766174,0.19725917279720306
YBR001C,YNL132W,0,2.6991258,0.22929687798023224,0.5852442383766174,0.19735920429229736
YDR437W,YPR160W,0,2.6986136,0.2292073369026184,0.5852442383766174,0.19745923578739166
YLR098C,YOL026C,0,2.6968727,0.22911787033081055,0.5852442383766174,0.19755926728248596
YAL040C,YJL178C,0,2.696317,0.22902847826480865,0.5852442383766174,0.19765929877758026
YHR197W,YNR044W,0,2.6960566,0.22893916070461273,0.5852442383766174,0.19775933027267456
YDR146C,YKR066C,0,2.6949,0.22884990274906158,0.5852442383766174,0.19785936176776886
YLR006C,YDR341C,0,2.6919947,0.2287607192993164,0.5852442383766174,0.19795939326286316
YOR159C,YML092C,0,2.6919715,0.228671595454216,0.5852442383766174,0.19805942475795746
YDR018C,YBR274W,0,2.6909742,0.22858256101608276,0.5852442383766174,0.19815944135189056
YDR217C,YLR131C,0,2.6897762,0.2284935712814331,0.5852442383766174,0.19825947284698486
YGL135W,YDR279W,0,2.6897173,0.2284046709537506,0.5852442383766174,0.19835950434207916
YMR316W,YDR099W,1,2.689659,0.2287047803401947,0.5862413048744202,0.19835950434207916
YKL149C,YMR164C,1,2.6877885,0.2290046662092209,0.5872383117675781,0.19835950434207916
YDL028C,YML063W,0,2.685831,0.22891566157341003,0.5872383117675781,0.19845953583717346
YPL075W,YML049C,0,2.6850572,0.22882673144340515,0.5872383117675781,0.19855956733226776
YDL159W,YOR032C,1,2.6848445,0.2291262149810791,0.5882353186607361,0.19855956733226776
YER174C,YJR084W,0,2.684063,0.22903726994991302,0.5882353186607361,0.19865959882736206
YLR439W,YDR473C,0,2.6827626,0.22894838452339172,0.5882353186607361,0.19875963032245636
YML063W,YNL210W,0,2.6821976,0.22885958850383759,0.5882353186607361,0.19885966181755066
YNL133C,YDR404C,0,2.6815026,0.22877083718776703,0.5882353186607361,0.19895969331264496
YFL048C,YMR220W,0,2.6813579,0.22868217527866364,0.5882353186607361,0.19905972480773926
YER109C,YHR084W,1,2.681037,0.22898101806640625,0.589232325553894,0.19905972480773926
YGR212W,YOR266W,0,2.6809218,0.22889232635498047,0.589232325553894,0.19915974140167236
YMR164C,YKL043W,1,2.679397,0.229190856218338,0.590229332447052,0.19915974140167236
YMR239C,YPL094C,0,2.679047,0.22910216450691223,0.590229332447052,0.19925977289676666
YLR315W,YOL009C,0,2.6781974,0.22901353240013123,0.590229332447052,0.19935980439186096
YNL076W,YFL037W,0,2.6778116,0.2289249747991562,0.590229332447052,0.19945983588695526
YOR315W,YDR477W,1,2.6775196,0.22922304272651672,0.59122633934021,0.19945983588695526
YML128C,YMR035W,0,2.6768415,0.2291344702243805,0.59122633934021,0.19955986738204956
YOR071C,YGR032W,0,2.6756444,0.22904595732688904,0.59122633934021,0.19965989887714386
YBR035C,YPR152C,0,2.6755815,0.22895753383636475,0.59122633934021,0.19975993037223816
YDR341C,YGL089C,0,2.6753209,0.22886915504932404,0.59122633934021,0.19985996186733246
YNL098C,YER109C,1,2.675012,0.2291666716337204,0.5922233462333679,0.19985996186733246
YNL142W,YKL043W,1,2.674632,0.22946393489837646,0.5932203531265259,0.19985996186733246
YLR107W,YLR276C,0,2.6733425,0.22937548160552979,0.5932203531265259,0.19995999336242676
YGR170W,YKL109W,0,2.6732452,0.22928708791732788,0.5932203531265259,0.20006002485752106
YDR392W,YNL119W,1,2.6728568,0.2295839786529541,0.5942173600196838,0.20006002485752106
YDR392W,YGL190C,1,2.6728024,0.22988063097000122,0.5952143669128418,0.20006002485752106
YJR076C,YKL175W,0,2.6725903,0.22979214787483215,0.5952143669128418,0.20016004145145416
YKL041W,YDL146W,0,2.6723704,0.22970373928546906,0.5952143669128418,0.20026007294654846
YOR030W,YHR111W,1,2.6717944,0.23000000417232513,0.5962113738059998,0.20026007294654846
YGR116W,YLR121C,0,2.6715612,0.22991156578063965,0.5962113738059998,0.20036010444164276
YBR183W,YGR143W,0,2.671151,0.22982321679592133,0.5962113738059998,0.20046013593673706
YCL048W,YJR010C-A,0,2.6703355,0.22973492741584778,0.5962113738059998,0.20056016743183136
YDR279W,YDR322W,0,2.669363,0.229646697640419,0.5962113738059998,0.20066019892692566
YBR251W,YPL033C,0,2.669194,0.2295585423707962,0.5962113738059998,0.20076023042201996
YBR052C,YLR440C,0,2.6691577,0.22947044670581818,0.5962113738059998,0.20086026191711426
YGL168W,YDR236C,0,2.6684656,0.22938242554664612,0.5962113738059998,0.20096029341220856
YCR040W,YMR054W,0,2.6672363,0.22929447889328003,0.5962113738059998,0.20106032490730286
YNL216W,YLR016C,0,2.6668787,0.22920659184455872,0.5962113738059998,0.20116034150123596
YOL064C,YNL230C,0,2.6658483,0.22911877930164337,0.5962113738059998,0.20126037299633026
YHR064C,YDR078C,0,2.6652207,0.2290310263633728,0.5962113738059998,0.20136040449142456
YBL017C,YIL030C,0,2.663413,0.228943333029747,0.5962113738059998,0.20146043598651886
YLL051C,YGL028C,0,2.6630268,0.22885571420192719,0.5962113738059998,0.20156046748161316
YFR003C,YMR078C,0,2.6625323,0.22876816987991333,0.5962113738059998,0.20166049897670746
YMR300C,YJL167W,0,2.6624227,0.22868068516254425,0.5962113738059998,0.20176053047180176
YJL214W,YPR042C,0,2.6617336,0.22859327495098114,0.5962113738059998,0.20186056196689606
YOL003C,YJL089W,0,2.661572,0.2285059243440628,0.5962113738059998,0.20196059346199036
YJL206C,YDR160W,0,2.661327,0.22841863334178925,0.5962113738059998,0.20206062495708466
YOL112W,YKL206C,0,2.660927,0.22833141684532166,0.5962113738059998,0.20216064155101776
YMR164C,YLL021W,1,2.6589203,0.22862595319747925,0.5972083806991577,0.20216064155101776
YOR315W,YNL298W,1,2.6588397,0.22892026603221893,0.5982053875923157,0.20216064155101776
YNL160W,YPL210C,0,2.6586404,0.22883294522762299,0.5982053875923157,0.20226067304611206
YLR270W,YJL085W,0,2.657536,0.2287457138299942,0.5982053875923157,0.20236070454120636
YEL031W,YBR247C,0,2.6572948,0.2286585420370102,0.5982053875923157,0.20246073603630066
YNL271C,YCL025C,0,2.656829,0.22857142984867096,0.5982053875923157,0.20256076753139496
YDR126W,YKL034W,0,2.6563458,0.2284843921661377,0.5982053875923157,0.20266079902648926
YLL031C,YDR479C,0,2.6558974,0.2283974140882492,0.5982053875923157,0.20276083052158356
YDR252W,YKR036C,0,2.6556683,0.2283104956150055,0.5982053875923157,0.20286086201667786
YDR490C,YGR105W,0,2.654818,0.22822366654872894,0.5982053875923157,0.20296089351177216
YGL142C,YOR216C,0,2.6538165,0.22813688218593597,0.5982053875923157,0.20306092500686646
YMR298W,YNL118C,0,2.6536062,0.22805017232894897,0.5982053875923157,0.20316094160079956
YCR081W,YLR045C,0,2.65355,0.22796352207660675,0.5982053875923157,0.20326097309589386
YNL160W,YDR410C,0,2.6534467,0.2278769463300705,0.5982053875923157,0.20336100459098816
YDL235C,YMR091C,0,2.6523466,0.22779043018817902,0.5982053875923157,0.20346103608608246
YMR297W,YKR103W,0,2.6507785,0.2277039885520935,0.5982053875923157,0.20356106758117676
YDL209C,YOL078W,0,2.6506593,0.22761760652065277,0.5982053875923157,0.20366109907627106
YMR136W,YJR065C,0,2.650105,0.2275312840938568,0.5982053875923157,0.20376113057136536
YDR345C,YHR013C,0,2.6496549,0.22744503617286682,0.5982053875923157,0.20386116206645966
YMR188C,YCR091W,0,2.649345,0.2273588478565216,0.5982053875923157,0.20396119356155396
YGR081C,YJR010W,0,2.6488123,0.22727273404598236,0.5982053875923157,0.20406122505664825
YHR073W,YJR147W,1,2.648552,0.22756531834602356,0.5992023944854736,0.20406122505664825
YHR111W,YNL079C,1,2.6478415,0.22785767912864685,0.6001994013786316,0.20406122505664825
YBR107C,YPL087W,0,2.6477737,0.22777147591114044,0.6001994013786316,0.20416124165058136
YLR033W,YJL056C,0,2.6477113,0.2276853322982788,0.6001994013786316,0.20426127314567566
YNL197C,YNL001W,1,2.6456704,0.22797732055187225,0.6011964082717896,0.20426127314567566
YDR213W,YLR006C,0,2.6455402,0.22789116203784943,0.6011964082717896,0.20436130464076996
YDR477W,YNL079C,1,2.6453953,0.228182852268219,0.6021934151649475,0.20436130464076996
YJL101C,YGL103W,0,2.6449873,0.22809667885303497,0.6021934151649475,0.20446133613586426
YJR010C-A,YBL038W,0,2.6433582,0.22801056504249573,0.6021934151649475,0.20456136763095856
YJL194W,YOR224C,0,2.642208,0.22792452573776245,0.6021934151649475,0.20466139912605286
YOR311C,YOL040C,0,2.6418452,0.22783854603767395,0.6021934151649475,0.20476143062114716
YMR077C,YOR266W,0,2.6404948,0.22775264084339142,0.6021934151649475,0.20486146211624146
YDR071C,YGR008C,0,2.640264,0.22766679525375366,0.6021934151649475,0.20496149361133575
YCR031C,YDL235C,0,2.6398578,0.22758100926876068,0.6021934151649475,0.20506152510643005
YML095C,YOR195W,0,2.6396062,0.22749529778957367,0.6021934151649475,0.20516154170036316
YMR234W,YNL025C,0,2.6392336,0.22740964591503143,0.6021934151649475,0.20526157319545746
YDL003W,YNR055C,0,2.6390107,0.22732405364513397,0.6021934151649475,0.20536160469055176
YHR092C,YNL111C,0,2.638985,0.2272385209798813,0.6021934151649475,0.20546163618564606
YNL137C,YGR193C,0,2.6389298,0.22715306282043457,0.6021934151649475,0.20556166768074036
YKL016C,YJR130C,0,2.6387768,0.22706766426563263,0.6021934151649475,0.20566169917583466
YBR033W,YER050C,0,2.6385674,0.22698234021663666,0.6021934151649475,0.20576173067092896
YGL031C,YOL032W,0,2.6382146,0.22689707577228546,0.6021934151649475,0.20586176216602325
YHR031C,YDR072C,0,2.6369967,0.22681187093257904,0.6021934151649475,0.20596179366111755
YGL115W,YOR285W,0,2.6366482,0.2267267256975174,0.6021934151649475,0.20606182515621185
YNL086W,YML098W,0,2.6363258,0.22664165496826172,0.6021934151649475,0.20616184175014496
YJR112W,YLR212C,0,2.6345737,0.22655664384365082,0.6021934151649475,0.20626187324523926
YOL082W,YBR182C,0,2.6341019,0.2264716923236847,0.6021934151649475,0.20636190474033356
YPR171W,YBR237W,0,2.6315236,0.22638680040836334,0.6021934151649475,0.20646193623542786
YKL203C,YFR014C,0,2.6313796,0.22630198299884796,0.6021934151649475,0.20656196773052216
YNL066W,YER056C,0,2.6307557,0.22621722519397736,0.6021934151649475,0.20666199922561646
YCR012W,YLR054C,0,2.6305652,0.22613254189491272,0.6021934151649475,0.20676203072071075
YEL054C,YFL057C,0,2.6305184,0.22604790329933167,0.6021934151649475,0.20686206221580505
YJR004C,YBR015C,0,2.6303453,0.22596333920955658,0.6021934151649475,0.20696209371089935
YIR023W,YOL019W,0,2.6293416,0.22587883472442627,0.6021934151649475,0.20706212520599365
YPR199C,YLR176C,0,2.629118,0.22579438984394073,0.6021934151649475,0.20716214179992676
YGR058W,YMR173W,0,2.6282835,0.22571001946926117,0.6021934151649475,0.20726217329502106
YML061C,YDL137W,0,2.6275723,0.22562569379806519,0.6021934151649475,0.20736220479011536
YGR088W,YAR027W,0,2.6274443,0.22554144263267517,0.6021934151649475,0.20746223628520966
YMR215W,YLR221C,0,2.6272006,0.22545726597309113,0.6021934151649475,0.20756226778030396
YNL309W,YCR063W,0,2.6263752,0.22537313401699066,0.6021934151649475,0.20766229927539825
YDR176W,YFL013C,0,2.6257007,0.22528907656669617,0.6021934151649475,0.20776233077049255
YJL162C,YDR117C,0,2.622901,0.22520506381988525,0.6021934151649475,0.20786236226558685
YNR053C,YML027W,0,2.620532,0.2251211404800415,0.6021934151649475,0.20796239376068115
YBR041W,YMR081C,0,2.6200147,0.22503726184368134,0.6021934151649475,0.20806242525577545
YLR182W,YKL191W,0,2.618589,0.22495344281196594,0.6021934151649475,0.20816244184970856
YPL013C,YFL005W,0,2.618528,0.22486969828605652,0.6021934151649475,0.20826247334480286
YKR095W,YEL040W,0,2.618413,0.22478601336479187,0.6021934151649475,0.20836250483989716
YGL014W,YKL197C,0,2.6171625,0.224702388048172,0.6021934151649475,0.20846253633499146
YIL112W,YCL059C,0,2.6170328,0.2246188223361969,0.6021934151649475,0.20856256783008575
YMR207C,YLR425W,0,2.6167917,0.22453531622886658,0.6021934151649475,0.20866259932518005
YJL165C,YPR060C,0,2.6162791,0.22445186972618103,0.6021934151649475,0.20876263082027435
YDL204W,YDR076W,0,2.6159377,0.22436849772930145,0.6021934151649475,0.20886266231536865
YLR189C,YLR024C,0,2.615686,0.22428518533706665,0.6021934151649475,0.20896269381046295
YER104W,YPL188W,0,2.6151128,0.22420193254947662,0.6021934151649475,0.20906272530555725
YDR219C,YPR173C,0,2.6140046,0.22411873936653137,0.6021934151649475,0.20916274189949036
YDL024C,YIL049W,1,2.6140041,0.22440652549266815,0.6031904220581055,0.20916274189949036
YNL199C,YKL042W,0,2.6137838,0.2243233174085617,0.6031904220581055,0.20926277339458466
YLR086W,YDL022W,0,2.613585,0.22424018383026123,0.6031904220581055,0.20936280488967896
YNR059W,YMR078C,0,2.611686,0.22415709495544434,0.6031904220581055,0.20946283638477325
YBR090C-A,YLR097C,0,2.6110764,0.2240740805864334,0.6031904220581055,0.20956286787986755
YDR091C,YDL022W,0,2.610959,0.22399111092090607,0.6031904220581055,0.20966289937496185
YER090W,YCL054W,0,2.6096575,0.2239082157611847,0.6031904220581055,0.20976293087005615
YBR085W,YMR040W,0,2.609356,0.2238253802061081,0.6031904220581055,0.20986296236515045
YPL269W,YGL062W,0,2.608214,0.22374260425567627,0.6031904220581055,0.20996299386024475
YDR103W,YDR490C,0,2.6079698,0.22365988790988922,0.6031904220581055,0.21006302535533905
YNL142W,YDL035C,1,2.6074433,0.22394677996635437,0.6041874289512634,0.21006302535533905
YCR038C,YNL079C,1,2.6068912,0.2242334634065628,0.6051844358444214,0.21006302535533905
YNL175C,YDL220C,0,2.6066136,0.2241506576538086,0.6051844358444214,0.21016304194927216
YDL051W,YGR077C,0,2.605591,0.22406792640686035,0.6051844358444214,0.21026307344436646
YGR181W,YNL039W,0,2.604641,0.2239852398633957,0.6051844358444214,0.21036310493946075
YDR281C,YLR435W,0,2.6045218,0.2239026129245758,0.6051844358444214,0.21046313643455505
YNL098C,YKL043W,1,2.604488,0.22418878972530365,0.6061814427375793,0.21046313643455505
YCR081W,YPR102C,0,2.601159,0.22410616278648376,0.6061814427375793,0.21056316792964935
YCR077C,YKL053C-A,0,2.6007867,0.22402358055114746,0.6061814427375793,0.21066319942474365
YJL029C,YDR047W,0,2.6006806,0.22394107282161713,0.6061814427375793,0.21076323091983795
YOR201C,YNL016W,0,2.5984118,0.22385860979557037,0.6061814427375793,0.21086326241493225
YOR127W,YER149C,1,2.597604,0.22414427995681763,0.6071784496307373,0.21086326241493225
YKL060C,YHR169W,0,2.5970774,0.22406181693077087,0.6071784496307373,0.21096329391002655
YGR194C,YJR104C,0,2.596804,0.2239793986082077,0.6071784496307373,0.21106332540512085
YDR507C,YKL069W,0,2.5961678,0.2238970547914505,0.6071784496307373,0.21116334199905396
YPL097W,YNL238W,0,2.5960548,0.22381477057933807,0.6071784496307373,0.21126337349414825
YGR014W,YHR113W,0,2.5954425,0.22373254597187042,0.6071784496307373,0.21136340498924255
YJR153W,YJR139C,0,2.5948997,0.22365038096904755,0.6071784496307373,0.21146343648433685
YDR468C,YOR145C,0,2.5945475,0.22356827557086945,0.6071784496307373,0.21156346797943115
YDR172W,YNL291C,0,2.5936654,0.22348624467849731,0.6071784496307373,0.21166349947452545
YOR353C,YIL113W,0,2.5934577,0.22340425848960876,0.6071784496307373,0.21176353096961975
YJR058C,YDR483W,0,2.592696,0.223322331905365,0.6071784496307373,0.21186356246471405
YOR086C,YDR030C,0,2.5922377,0.223240464925766,0.6071784496307373,0.21196359395980835
YPL111W,YOR322C,0,2.5899358,0.22315867245197296,0.6071784496307373,0.21206362545490265
YGL256W,YHR089C,0,2.5889244,0.2230769246816635,0.6071784496307373,0.21216364204883575
YMR284W,YMR125W,0,2.5886562,0.22299523651599884,0.6071784496307373,0.21226367354393005
YOR388C,YIL083C,0,2.5874605,0.22291362285614014,0.6071784496307373,0.21236370503902435
YBR128C,YMR158W,0,2.5866623,0.22283205389976501,0.6071784496307373,0.21246373653411865
YJR145C,YPL214C,0,2.5864336,0.22275054454803467,0.6071784496307373,0.21256376802921295
YDR497C,YMR194W,0,2.5854125,0.2226691097021103,0.6071784496307373,0.21266379952430725
YIL120W,YNL307C,0,2.5838032,0.2225877195596695,0.6071784496307373,0.21276383101940155
YPL115C,YKL185W,1,2.5834181,0.22287175059318542,0.6081754565238953,0.21276383101940155
YIL075C,YJL062W,0,2.5820043,0.22279036045074463,0.6081754565238953,0.21286386251449585
YDL148C,YHR046C,0,2.5812812,0.22270901501178741,0.6081754565238953,0.21296389400959015
YER081W,YDR356W,0,2.5806215,0.22262774407863617,0.6081754565238953,0.21306392550468445
YOR260W,YAL030W,0,2.5796502,0.2225465178489685,0.6081754565238953,0.21316394209861755
YNR055C,YLR068W,0,2.5796347,0.22246535122394562,0.6081754565238953,0.21326397359371185
YGR156W,YIL013C,0,2.579628,0.2223842442035675,0.6081754565238953,0.21336400508880615
YDR148C,YMR094W,0,2.5792649,0.22230321168899536,0.6081754565238953,0.21346403658390045
YKL089W,YIL094C,0,2.579214,0.2222222238779068,0.6081754565238953,0.21356406807899475
YGR282C,YJR034W,0,2.578614,0.222141295671463,0.6081754565238953,0.21366409957408905
YJR130C,YGL030W,0,2.5777817,0.222060427069664,0.6081754565238953,0.21376413106918335
YCL048W,YPL085W,0,2.5775752,0.22197961807250977,0.6081754565238953,0.21386416256427765
YNL289W,YMR037C,0,2.5773635,0.2218988686800003,0.6081754565238953,0.21396419405937195
YBL078C,YKL009W,0,2.5771847,0.22181817889213562,0.6081754565238953,0.21406422555446625
YDR019C,YPL183C,0,2.5757415,0.2217375487089157,0.6081754565238953,0.21416424214839935
YJR103W,YER096W,0,2.5756612,0.22165697813034058,0.6081754565238953,0.21426427364349365
YIL076W,YER083C,0,2.5725613,0.22157646715641022,0.6081754565238953,0.21436430513858795
YLR229C,YGL190C,1,2.5716395,0.22185911238193512,0.6091724634170532,0.21436430513858795
YKL149C,YGL190C,1,2.5698714,0.2221415638923645,0.6101694703102112,0.21436430513858795
YNL230C,YBR054W,0,2.569675,0.22206096351146698,0.6101694703102112,0.21446433663368225
YOR320C,YDR351W,0,2.5679493,0.22198040783405304,0.6101694703102112,0.21456436812877655
YPL180W,YDR471W,0,2.5678015,0.22189992666244507,0.6101694703102112,0.21466439962387085
YGL009C,YLR381W,0,2.567,0.22181950509548187,0.6101694703102112,0.21476443111896515
YNR059W,YOR038C,0,2.5663629,0.22173912823200226,0.6101694703102112,0.21486446261405945
YNL098C,YGL212W,0,2.5650063,0.2216588258743286,0.6101694703102112,0.21496449410915375
YOR159C,YPL149W,0,2.5648909,0.22157856822013855,0.6101694703102112,0.21506452560424805
YGR145W,YIL135C,0,2.5640755,0.22149837017059326,0.6101694703102112,0.21516454219818115
YNL188W,YBR112C,0,2.5626173,0.22141823172569275,0.6101694703102112,0.21526457369327545
YCR081W,YJL034W,0,2.562379,0.221338152885437,0.6101694703102112,0.21536460518836975
YDR490C,YLL038C,0,2.5621076,0.22125813364982605,0.6101694703102112,0.21546463668346405
YGL025C,YFL011W,0,2.5613656,0.22117817401885986,0.6101694703102112,0.21556466817855835
YJR053W,YDR320C-A,0,2.5608652,0.22109825909137726,0.6101694703102112,0.21566469967365265
YDL018C,YKL033W,0,2.5607548,0.22101841866970062,0.6101694703102112,0.21576473116874695
YER113C,YPR073C,0,2.560334,0.22093862295150757,0.6101694703102112,0.21586476266384125
YIL130W,YPL274W,0,2.5601645,0.22085890173912048,0.6101694703102112,0.21596479415893555
YGR088W,YFR015C,0,2.5596948,0.22077922523021698,0.6101694703102112,0.21606482565402985
YGR014W,YPL203W,0,2.5594153,0.22069960832595825,0.6101694703102112,0.21616484224796295
YPR143W,YDR497C,0,2.5583413,0.2206200361251831,0.6101694703102112,0.21626487374305725
YDR211W,YDR003W,0,2.5580182,0.22054053843021393,0.6101694703102112,0.21636490523815155
YBR095C,YGL136C,0,2.55648,0.22046110033988953,0.6101694703102112,0.21646493673324585
YOR120W,YOL010W,0,2.5557854,0.2203817069530487,0.6101694703102112,0.21656496822834015
YPR190C,YOL158C,0,2.555655,0.22030237317085266,0.6101694703102112,0.21666499972343445
YGL169W,YNL051W,0,2.5555813,0.2202230989933014,0.6101694703102112,0.21676503121852875
YBL103C,YLR083C,0,2.5553918,0.2201438844203949,0.6101694703102112,0.21686506271362305
YLL009C,YBR028C,0,2.5547423,0.22006472945213318,0.6101694703102112,0.21696509420871735
YLR183C,YJR135W-A,0,2.5547128,0.21998561918735504,0.6101694703102112,0.21706512570381165
YNL142W,YHR114W,0,2.554656,0.21990656852722168,0.6101694703102112,0.21716514229774475
YLR214W,YMR023C,0,2.5543416,0.2198275923728943,0.6101694703102112,0.21726517379283905
YGL090W,YLR098C,0,2.5542364,0.21974866092205048,0.6101694703102112,0.21736520528793335
YPR106W,YDL171C,0,2.5539792,0.21966977417469025,0.6101694703102112,0.21746523678302765
YLR312C-B,YNL142W,1,2.553406,0.21994976699352264,0.6111664772033691,0.21746523678302765
YIL027C,YBR275C,0,2.5524907,0.21987088024616241,0.6111664772033691,0.21756526827812195
YCR028C,YJR036C,0,2.552229,0.21979203820228577,0.6111664772033691,0.21766529977321625
YJL054W,YKR061W,0,2.5521288,0.2197132557630539,0.6111664772033691,0.21776533126831055
YKR055W,YOR313C,0,2.5516539,0.2196345329284668,0.6111664772033691,0.21786536276340485
YDR483W,YDR046C,0,2.5509236,0.21955586969852448,0.6111664772033691,0.21796539425849915
YOR110W,YGR177C,0,2.550822,0.21947726607322693,0.6111664772033691,0.21806542575359344
YER093C,YMR246W,0,2.5507538,0.21939870715141296,0.6111664772033691,0.21816544234752655
YDR510W,YLR197W,0,2.5502884,0.21932020783424377,0.6111664772033691,0.21826547384262085
YDR477W,YDR392W,1,2.5501702,0.2195994257926941,0.6121634840965271,0.21826547384262085
YJL011C,YJR158W,0,2.5490675,0.2195209115743637,0.6121634840965271,0.21836550533771515
YOR193W,YML087C,0,2.548439,0.2194424569606781,0.6121634840965271,0.21846553683280945
YBR085W,YJL033W,0,2.5479417,0.21936406195163727,0.6121634840965271,0.21856556832790375
YDR498C,YBR297W,0,2.547926,0.21928571164608002,0.6121634840965271,0.21866559982299805
YER113C,YMR238W,1,2.5478375,0.21956443786621094,0.6131604909896851,0.21866559982299805
YDR407C,YBR010W,0,2.5471513,0.2194860875606537,0.6131604909896851,0.21876563131809235
YDR165W,YPR155C,0,2.547095,0.21940778195858002,0.6131604909896851,0.21886566281318665
YMR319C,YDR532C,0,2.5464544,0.21932953596115112,0.6131604909896851,0.21896569430828094
YIR002C,YDR425W,0,2.5454495,0.2192513346672058,0.6131604909896851,0.21906572580337524
YGL049C,YJR005W,0,2.5453162,0.21917319297790527,0.6131604909896851,0.21916574239730835
YDR477W,YDL159W,1,2.545216,0.21945136785507202,0.614157497882843,0.21916574239730835
YER044C-A,YER014W,0,2.544855,0.21937322616577148,0.614157497882843,0.21926577389240265
YDR341C,YDL134C,0,2.5434036,0.21929512917995453,0.614157497882843,0.21936580538749695
YKL185W,YER118C,1,2.541927,0.21957294642925262,0.6151545643806458,0.21936580538749695
YER017C,YOR092W,0,2.5416253,0.21949483454227448,0.6151545643806458,0.21946583688259125
YJL186W,YOL020W,0,2.5396001,0.2194167822599411,0.6151545643806458,0.21956586837768555
YLR430W,YKR079C,0,2.5386224,0.2193387895822525,0.6151545643806458,0.21966589987277985
YOR357C,YDL075W,0,2.5372002,0.21926084160804749,0.6151545643806458,0.21976593136787415
YOR351C,YML056C,0,2.5367932,0.21918295323848724,0.6151545643806458,0.21986596286296844
YPR133W-A,YOR038C,0,2.536322,0.21910510957241058,0.6151545643806458,0.21996599435806274
YKR002W,YMR125W,0,2.5353837,0.2190273404121399,0.6151545643806458,0.22006602585315704
YDR528W,YGL161C,0,2.5332453,0.21894961595535278,0.6151545643806458,0.22016604244709015
YLR017W,YLR019W,0,2.5302687,0.21887193620204926,0.6151545643806458,0.22026607394218445
YDR280W,YDR400W,0,2.5301285,0.2187943309545517,0.6151545643806458,0.22036610543727875
YLR151C,YMR071C,0,2.5267878,0.21871677041053772,0.6151545643806458,0.22046613693237305
YKL062W,YGL095C,0,2.5261402,0.21863926947116852,0.6151545643806458,0.22056616842746735
YBR295W,YDL209C,0,2.526121,0.2185618132352829,0.6151545643806458,0.22066619992256165
YLR337C,YPL193W,0,2.5250008,0.21848441660404205,0.6151545643806458,0.22076623141765594
YKR056W,YNR047W,0,2.524256,0.21840707957744598,0.6151545643806458,0.22086626291275024
YDR398W,YPR043W,0,2.5240364,0.2183298021554947,0.6151545643806458,0.22096629440784454
YBL017C,YLR264W,0,2.5236573,0.21825256943702698,0.6151545643806458,0.22106632590293884
YJR065C,YJL097W,0,2.5217547,0.21817539632320404,0.6151545643806458,0.22116634249687195
YDR477W,YNL271C,1,2.5214474,0.21845175325870514,0.6161515712738037,0.22116634249687195
YJL048C,YNL012W,0,2.5213313,0.218374565243721,0.6161515712738037,0.22126637399196625
YEL016C,YHR120W,0,2.520933,0.21829742193222046,0.6161515712738037,0.22136640548706055
YMR020W,YOL122C,0,2.5202923,0.21822033822536469,0.6161515712738037,0.22146643698215485
YBR109C,YOL122C,0,2.5197635,0.2181433141231537,0.6161515712738037,0.22156646847724915
YGL226C-A,YPR118W,0,2.519503,0.21806633472442627,0.6161515712738037,0.22166649997234344
YAL041W,YDR197W,0,2.5194693,0.21798941493034363,0.6161515712738037,0.22176653146743774
YML113W,YER175C,0,2.5191712,0.21791255474090576,0.6161515712738037,0.22186656296253204
YNL281W,YFR015C,0,2.5188954,0.21783573925495148,0.6161515712738037,0.22196659445762634
YMR127C,YBR275C,0,2.5174637,0.21775898337364197,0.6161515712738037,0.22206662595272064
YAL003W,YMR316W,0,2.5173366,0.21768228709697723,0.6161515712738037,0.22216664254665375
YHR146W,YDR372C,0,2.5165646,0.21760563552379608,0.6161515712738037,0.22226667404174805
YMR180C,YDR229W,0,2.5165129,0.2175290435552597,0.6161515712738037,0.22236670553684235
YPL036W,YLL048C,0,2.5154042,0.2174524962902069,0.6161515712738037,0.22246673703193665
YLR348C,YJL157C,0,2.5136945,0.2173760086297989,0.6161515712738037,0.22256676852703094
YLR248W,YDR512C,0,2.5106983,0.21729958057403564,0.6161515712738037,0.22266680002212524
YLL018C-A,YDR233C,0,2.5104568,0.21722319722175598,0.6161515712738037,0.22276683151721954
YMR237W,YDR160W,0,2.5091138,0.2171468734741211,0.6161515712738037,0.22286686301231384
YDL076C,YLR039C,0,2.5090935,0.2170705944299698,0.6161515712738037,0.22296689450740814
YLR362W,YKL048C,1,2.5088553,0.21734550595283508,0.6171485781669617,0.22296689450740814
YNL056W,YGR246C,0,2.508738,0.21726921200752258,0.6171485781669617,0.22306692600250244
YPL126W,YHR064C,0,2.508647,0.21719297766685486,0.6171485781669617,0.22316695749759674
YDL003W,YIL027C,0,2.5052457,0.2171168029308319,0.6171485781669617,0.22326697409152985
YLR157C,YOR327C,0,2.5049767,0.21704067289829254,0.6171485781669617,0.22336700558662415
YLR328W,YDR469W,0,2.5048544,0.21696460247039795,0.6171485781669617,0.22346703708171844
YIL150C,YFR041C,0,2.5048308,0.21688857674598694,0.6171485781669617,0.22356706857681274
YCR038C,YAL056W,1,2.5044715,0.2171628773212433,0.6181455850601196,0.22356706857681274
YKL165C,YDL220C,0,2.503962,0.21708683669567108,0.6181455850601196,0.22366710007190704
YOL152W,YDR060W,0,2.5020704,0.21701085567474365,0.6181455850601196,0.22376713156700134
YKL166C,YPL144W,0,2.5017972,0.2169349193572998,0.6181455850601196,0.22386716306209564
YCR077C,YOR092W,0,2.501093,0.21685904264450073,0.6181455850601196,0.22396719455718994
YNR070W,YGL037C,0,2.5008163,0.21678321063518524,0.6181455850601196,0.22406722605228424
YHL007C,YER108C,1,2.4990182,0.2170569747686386,0.6191425919532776,0.22406722605228424
YGL203C,YOR232W,0,2.496974,0.21698112785816193,0.6191425919532776,0.22416725754737854
YER033C,YPR001W,0,2.4965923,0.21690534055233002,0.6191425919532776,0.22426727414131165
YLR396C,YGL084C,0,2.4948006,0.21682961285114288,0.6191425919532776,0.22436730563640594
YDR009W,YCR106W,0,2.4946477,0.21675392985343933,0.6191425919532776,0.22446733713150024
YLR315W,YEL040W,0,2.4944296,0.21667829155921936,0.6191425919532776,0.22456736862659454
YNL059C,YPL254W,0,2.492083,0.21660272777080536,0.6191425919532776,0.22466740012168884
YKL060C,YKR064W,0,2.4916823,0.21652719378471375,0.6191425919532776,0.22476743161678314
YBR049C,YBR094W,0,2.4910283,0.2164517194032669,0.6191425919532776,0.22486746311187744
YLL003W,YKL132C,0,2.4906402,0.21637630462646484,0.6191425919532776,0.22496749460697174
YBR078W,YOR191W,0,2.4881213,0.21630093455314636,0.6191425919532776,0.22506752610206604
YHR140W,YNL311C,0,2.4874873,0.21622562408447266,0.6191425919532776,0.22516755759716034
YLL013C,YJL044C,0,2.4868164,0.21615035831928253,0.6191425919532776,0.22526757419109344
YDR174W,YKL034W,0,2.4866118,0.21607515215873718,0.6191425919532776,0.22536760568618774
YJR089W,YNL078W,0,2.4865007,0.2160000056028366,0.6191425919532776,0.22546763718128204
YKR093W,YGR177C,0,2.4857473,0.21592488884925842,0.6191425919532776,0.22556766867637634
YBL007C,YPL140C,0,2.484488,0.2158498466014862,0.6191425919532776,0.22566770017147064
YNL001W,YIL131C,1,2.4842327,0.2161223143339157,0.6201395988464355,0.22566770017147064
YFR025C,YMR004W,0,2.4838724,0.2160472422838211,0.6201395988464355,0.22576773166656494
YDR159W,YJR046W,0,2.4837089,0.21597221493721008,0.6201395988464355,0.22586776316165924
YLR328W,YMR131C,0,2.4834275,0.21589726209640503,0.6201395988464355,0.22596779465675354
YMR281W,YDR150W,0,2.4832227,0.21582233905792236,0.6201395988464355,0.22606782615184784
YDL099W,YDR490C,0,2.4826484,0.21574749052524567,0.6201395988464355,0.22616785764694214
YER089C,YNL314W,0,2.4814725,0.21567267179489136,0.6201395988464355,0.22626787424087524
YDR365C,YDR150W,0,2.481451,0.21559792757034302,0.6201395988464355,0.22636790573596954
YIL034C,YGL183C,0,2.4811473,0.21552321314811707,0.6201395988464355,0.22646793723106384
YLR228C,YER032W,0,2.4796624,0.2154485583305359,0.6201395988464355,0.22656796872615814
YOR158W,YGR225W,0,2.4788394,0.2153739631175995,0.6201395988464355,0.22666800022125244
YHL028W,YHR135C,0,2.477297,0.21529941260814667,0.6201395988464355,0.22676803171634674
YPL214C,YLR165C,0,2.477272,0.21522490680217743,0.6201395988464355,0.22686806321144104
YDL159W,YPL021W,1,2.476696,0.21549636125564575,0.6211366057395935,0.22686806321144104
YER139C,YGR143W,0,2.476305,0.2154218554496765,0.6211366057395935,0.22696809470653534
YOL090W,YLR083C,0,2.476046,0.21534739434719086,0.6211366057395935,0.22706812620162964
YOL144W,YGR239C,0,2.4750116,0.21527297794818878,0.6211366057395935,0.22716815769672394
YGR245C,YDL210W,0,2.4742901,0.21519862115383148,0.6211366057395935,0.22726817429065704
YLR006C,YDR298C,0,2.4739952,0.21512430906295776,0.6211366057395935,0.22736820578575134
YGR274C,YCL069W,0,2.4739804,0.21505005657672882,0.6211366057395935,0.22746823728084564
YKR049C,YLR097C,0,2.4738336,0.21497584879398346,0.6211366057395935,0.22756826877593994
YBR278W,YOR099W,0,2.4737163,0.21490168571472168,0.6211366057395935,0.22766830027103424
YLR052W,YGR002C,0,2.473054,0.21482758224010468,0.6211366057395935,0.22776833176612854
YDL127W,YGR175C,0,2.4706903,0.21475353837013245,0.6211366057395935,0.22786836326122284
YGR134W,YPL018W,0,2.469441,0.2146795243024826,0.6211366057395935,0.22796839475631714
YJR143C,YER133W,0,2.4691386,0.21460558474063873,0.6211366057395935,0.22806842625141144
YFL013C,YJL136C,0,2.4670186,0.21453167498111725,0.6211366057395935,0.22816845774650574
YER111C,YKL069W,0,2.465115,0.21445782482624054,0.6211366057395935,0.22826847434043884
YLR045C,YIR031C,0,2.4650965,0.2143840342760086,0.6211366057395935,0.22836850583553314
YHR060W,YIR037W,0,2.465094,0.21431028842926025,0.6211366057395935,0.22846853733062744
YDR110W,YDR347W,0,2.4645386,0.21423658728599548,0.6211366057395935,0.22856856882572174
YDR126W,YPL036W,0,2.463941,0.2141629457473755,0.6211366057395935,0.22866860032081604
YNL127W,YPL092W,0,2.4638329,0.21408934891223907,0.6211366057395935,0.22876863181591034
YPL126W,YOR147W,0,2.4617405,0.21401579678058624,0.6211366057395935,0.22886866331100464
YIL078W,YDR246W,0,2.461244,0.21394230425357819,0.6211366057395935,0.22896869480609894
YAR035W,YDR341C,0,2.4601185,0.2138688564300537,0.6211366057395935,0.22906872630119324
YHR076W,YLR337C,0,2.4584954,0.213795468211174,0.6211366057395935,0.22916875779628754
YLR113W,YDR288W,0,2.4584317,0.2137221246957779,0.6211366057395935,0.22926877439022064
YLL055W,YCL044C,0,2.458369,0.21364884078502655,0.6211366057395935,0.22936880588531494
YJL174W,YBR243C,0,2.4582798,0.2135755866765976,0.6211366057395935,0.22946883738040924
YPL115C,YOR315W,1,2.4582062,0.21384510397911072,0.6221336126327515,0.22946883738040924
YIL155C,YLR032W,0,2.456115,0.21377183496952057,0.6221336126327515,0.22956886887550354
YBR114W,YDR508C,0,2.4554372,0.2136986255645752,0.6221336126327515,0.22966890037059784
YJL109C,YJR140C,0,2.4544868,0.2136254757642746,0.6221336126327515,0.22976893186569214
YDR007W,YOL030W,0,2.4521148,0.2135523557662964,0.6221336126327515,0.22986896336078644
YGL227W,YGR155W,0,2.4519105,0.21347929537296295,0.6221336126327515,0.22996899485588074
YKL043W,YBR096W,0,2.4519012,0.2134062945842743,0.6221336126327515,0.23006902635097504
YBR247C,YGL006W,0,2.451372,0.2133333384990692,0.6221336126327515,0.23016905784606934
YBR145W,YML060W,0,2.4513092,0.21326042711734772,0.6221336126327515,0.23026907444000244
YNL001W,YLR083C,1,2.4512393,0.21352921426296234,0.6231306195259094,0.23026907444000244
YER088C,YPL147W,0,2.4509864,0.21345628798007965,0.6231306195259094,0.23036910593509674
YDR107C,YBR083W,1,2.4500453,0.21372482180595398,0.6241276264190674,0.23036910593509674
YKL149C,YCR038C,1,2.4494553,0.21399317681789398,0.6251246333122253,0.23036910593509674
YBL023C,YFR010W,0,2.448015,0.21392016112804413,0.6251246333122253,0.23046913743019104
YOL151W,YKL054C,0,2.4478467,0.21384720504283905,0.6251246333122253,0.23056916892528534
YLR247C,YPL208W,0,2.446976,0.21377429366111755,0.6251246333122253,0.23066920042037964
YJL048C,YDR497C,0,2.446672,0.21370142698287964,0.6251246333122253,0.23076923191547394
YLR200W,YJR010W,0,2.4463503,0.2136286199092865,0.6251246333122253,0.23086926341056824
YKL141W,YLR047C,0,2.4462273,0.21355585753917694,0.6251246333122253,0.23096929490566254
YDR260C,YAR042W,0,2.4454005,0.21348313987255096,0.6251246333122253,0.23106932640075684
YPL001W,YOR092W,0,2.4453447,0.21341048181056976,0.6251246333122253,0.23116935789585114
YDR498C,YDR456W,0,2.4441783,0.21333786845207214,0.6251246333122253,0.23126937448978424
YIR002C,YDR498C,0,2.4433959,0.2132652997970581,0.6251246333122253,0.23136940598487854
YPR032W,YDL029W,0,2.4421816,0.21319279074668884,0.6251246333122253,0.23146943747997284
YGR251W,YPR091C,0,2.44139,0.21312032639980316,0.6251246333122253,0.23156946897506714
YJR101W,YDR439W,0,2.4411323,0.21304790675640106,0.6251246333122253,0.23166950047016144
YOR127W,YDL035C,1,2.4411116,0.2133152186870575,0.6261216402053833,0.23166950047016144
YLR313C,YJR153W,1,2.4399352,0.2135823369026184,0.6271186470985413,0.23166950047016144
YDR054C,YDR423C,0,2.439868,0.21350984275341034,0.6271186470985413,0.23176953196525574
YPL060W,YBR205W,0,2.4392192,0.21343739330768585,0.6271186470985413,0.23186956346035004
YNL230C,YBL085W,0,2.4386723,0.21336498856544495,0.6271186470985413,0.23196959495544434
YOL132W,YOR138C,0,2.4386368,0.21329264342784882,0.6271186470985413,0.23206962645053864
YJR145C,YMR159C,0,2.4379427,0.21322034299373627,0.6271186470985413,0.23216965794563293
YPR046W,YDR057W,0,2.437809,0.2131480872631073,0.6271186470985413,0.23226967453956604
YNR022C,YKL032C,0,2.437047,0.21307587623596191,0.6271186470985413,0.23236970603466034
YNL287W,YLL009C,0,2.4364727,0.2130037248134613,0.6271186470985413,0.23246973752975464
YFL021W,YOR092W,0,2.4360087,0.21293161809444427,0.6271186470985413,0.23256976902484894
YOL028C,YML099C,0,2.434198,0.21285955607891083,0.6271186470985413,0.23266980051994324
YBR003W,YPR024W,0,2.434145,0.21278755366802216,0.6271186470985413,0.23276983201503754
YCR054C,YJR135W-A,0,2.433971,0.21271559596061707,0.6271186470985413,0.23286986351013184
YER102W,YJR049C,0,2.4319835,0.21264368295669556,0.6271186470985413,0.23296989500522614
YCR024C,YBR026C,0,2.431108,0.21257181465625763,0.6271186470985413,0.23306992650032043
YGR238C,YOR116C,0,2.4309537,0.21250000596046448,0.6271186470985413,0.23316995799541473
YDR429C,YNR001C,0,2.4304326,0.2124282270669937,0.6271186470985413,0.23326997458934784
YDL091C,YKR008W,0,2.4284873,0.21235652267932892,0.6271186470985413,0.23337000608444214
YOR127W,YOL140W,0,2.4283504,0.2122848480939865,0.6271186470985413,0.23347003757953644
YHR035W,YER050C,0,2.4278226,0.21221321821212769,0.6271186470985413,0.23357006907463074
YBL020W,YNL026W,0,2.4276428,0.21214164793491364,0.6271186470985413,0.23367010056972504
YPL115C,YOR030W,1,2.4271407,0.21240727603435516,0.6281156539916992,0.23367010056972504
YMR090W,YOR226C,0,2.4269073,0.21233569085597992,0.6281156539916992,0.23377013206481934
YJR004C,YKL090W,0,2.4267461,0.21226415038108826,0.6281156539916992,0.23387016355991364
YMR240C,YMR094W,0,2.4266963,0.21219265460968018,0.6281156539916992,0.23397019505500793
YER177W,YLR229C,1,2.4263873,0.21245791018009186,0.6291126608848572,0.23397019505500793
YKR095W,YPL233W,0,2.4258118,0.21238639950752258,0.6291126608848572,0.23407022655010223
YDR403W,YMR145C,0,2.4253802,0.2123149335384369,0.6291126608848572,0.23417025804519653
YDR178W,YBR218C,0,2.424932,0.21224352717399597,0.6291126608848572,0.23427027463912964
YHR046C,YMR112C,0,2.4248781,0.21217216551303864,0.6291126608848572,0.23437030613422394
YNL223W,YBR168W,0,2.423903,0.2121008336544037,0.6291126608848572,0.23447033762931824
YGL025C,YDR395W,0,2.4212987,0.2120295763015747,0.6291126608848572,0.23457036912441254
YGR156W,YDR420W,0,2.4209042,0.21195834875106812,0.6291126608848572,0.23467040061950684
YDR242W,YDL107W,0,2.4198408,0.2118871659040451,0.6291126608848572,0.23477043211460114
YBR128C,YPR127W,0,2.419258,0.21181604266166687,0.6291126608848572,0.23487046360969543
YPL074W,YBR023C,0,2.4188092,0.21174496412277222,0.6291126608848572,0.23497049510478973
YOR219C,YNL149C,0,2.4183507,0.21167393028736115,0.6291126608848572,0.23507052659988403
YNL188W,YDL078C,0,2.4180398,0.21160295605659485,0.6291126608848572,0.23517055809497833
YMR097C,YOL101C,0,2.417842,0.21153201162815094,0.6291126608848572,0.23527057468891144
YBR052C,YLL021W,0,2.4168856,0.2114611268043518,0.6291126608848572,0.23537060618400574
YNL282W,YOR332W,0,2.4165044,0.21139028668403625,0.6291126608848572,0.23547063767910004
YDR472W,YGR116W,0,2.4162393,0.21131949126720428,0.6291126608848572,0.23557066917419434
YDR265W,YDR390C,0,2.4141595,0.2112487405538559,0.6291126608848572,0.23567070066928864
YDL019C,YDR363W-A,0,2.4139562,0.21117804944515228,0.6291126608848572,0.23577073216438293
YER126C,YBR093C,0,2.4137282,0.21110738813877106,0.6291126608848572,0.23587076365947723
YLR026C,YDR453C,0,2.4130645,0.2110367864370346,0.6291126608848572,0.23597079515457153
YLL061W,YNL236W,0,2.4100146,0.21096622943878174,0.6291126608848572,0.23607082664966583
YLR102C,YLR167W,0,2.409768,0.21089571714401245,0.6291126608848572,0.23617085814476013
YOR117W,YJR034W,0,2.40841,0.21082526445388794,0.6291126608848572,0.23627087473869324
YPL110C,YJL057C,0,2.408391,0.21075484156608582,0.6291126608848572,0.23637090623378754
YOL003C,YPL274W,0,2.4071794,0.21068447828292847,0.6291126608848572,0.23647093772888184
YNR018W,YAL039C,0,2.4064915,0.2106141448020935,0.6291126608848572,0.23657096922397614
YMR088C,YNL166C,0,2.4064894,0.21054387092590332,0.6291126608848572,0.23667100071907043
YNL079C,YPL157W,0,2.4055607,0.21047364175319672,0.6291126608848572,0.23677103221416473
YKL015W,YLR337C,0,2.4054546,0.2104034721851349,0.6291126608848572,0.23687106370925903
YFR005C,YDL145C,0,2.4049366,0.21033333241939545,0.6291126608848572,0.23697109520435333
YDL204W,YMR128W,0,2.4032612,0.21026325225830078,0.6291126608848572,0.23707112669944763
YDR273W,YPL224C,0,2.4030058,0.2101932018995285,0.6291126608848572,0.23717115819454193
YDR251W,YKL043W,1,2.4024549,0.21045620739459991,0.6301096677780151,0.23717115819454193
YDR065W,YPR184W,0,2.401774,0.21038615703582764,0.6301096677780151,0.23727117478847504
YPL064C,YIL084C,0,2.3999329,0.21031613647937775,0.6301096677780151,0.23737120628356934
YJR082C,YDL175C,0,2.399169,0.21024617552757263,0.6301096677780151,0.23747123777866364
YLR359W,YOR145C,0,2.398966,0.2101762592792511,0.6301096677780151,0.23757126927375793
YOL064C,YDR019C,0,2.3989315,0.21010638773441315,0.6301096677780151,0.23767130076885223
YPR171W,YLR038C,0,2.398838,0.21003656089305878,0.6301096677780151,0.23777133226394653
YGL158W,YDR251W,0,2.3974867,0.209966778755188,0.6301096677780151,0.23787136375904083
YKL038W,YER125W,0,2.3972313,0.20989704132080078,0.6301096677780151,0.23797139525413513
YMR034C,YLR176C,0,2.394494,0.20982736349105835,0.6301096677780151,0.23807142674922943
YER149C,YCR093W,1,2.393777,0.21008960902690887,0.6311066746711731,0.23807142674922943
YDL159W,YJR153W,1,2.3934658,0.21035169064998627,0.632103681564331,0.23807142674922943
YLR362W,YBR066C,1,2.3931026,0.21061359345912933,0.633100688457489,0.23807142674922943
YBL078C,YGL151W,0,2.3923256,0.21054376661777496,0.633100688457489,0.23817145824432373
YOR027W,YDR256C,0,2.3917303,0.21047398447990417,0.633100688457489,0.23827147483825684
YOR043W,YDR473C,0,2.391702,0.21040424704551697,0.633100688457489,0.23837150633335114
YOL023W,YGR014W,0,2.3916347,0.21033455431461334,0.633100688457489,0.23847153782844543
YLR192C,YML127W,0,2.3912349,0.2102649062871933,0.633100688457489,0.23857156932353973
YDR244W,YOR099W,0,2.3906815,0.21019530296325684,0.633100688457489,0.23867160081863403
YER104W,YKL045W,0,2.390432,0.21012574434280396,0.633100688457489,0.23877163231372833
YOR260W,YER091C,0,2.389962,0.21005623042583466,0.633100688457489,0.23887166380882263
YOR069W,YGL004C,0,2.3892272,0.20998677611351013,0.633100688457489,0.23897169530391693
YDL060W,YHR205W,0,2.388858,0.209917351603508,0.633100688457489,0.23907172679901123
YLL031C,YLL012W,0,2.3887892,0.20984798669815063,0.633100688457489,0.23917175829410553
YIL043C,YIL088C,0,2.3880222,0.20977865159511566,0.633100688457489,0.23927177488803864
YJL112W,YHR105W,0,2.386375,0.20970937609672546,0.633100688457489,0.23937180638313293
YDR254W,YDR473C,0,2.3855143,0.20964014530181885,0.633100688457489,0.23947183787822723
YJL044C,YBL030C,0,2.3853126,0.2095709592103958,0.633100688457489,0.23957186937332153
YER052C,YML047C,0,2.385008,0.20950181782245636,0.633100688457489,0.23967190086841583
YBR289W,YMR297W,0,2.3846219,0.2094327211380005,0.633100688457489,0.23977193236351013
YLR467W,YJR049C,0,2.3838758,0.2093636691570282,0.633100688457489,0.23987196385860443
YHL031C,YNL079C,0,2.3838537,0.2092946618795395,0.633100688457489,0.23997199535369873
YPL019C,YDR245W,0,2.3835366,0.20922569930553436,0.633100688457489,0.24007202684879303
YJL012C,YDR363W-A,0,2.3833733,0.20915678143501282,0.633100688457489,0.24017205834388733
YOL065C,YIL142W,0,2.3833547,0.20908790826797485,0.633100688457489,0.24027207493782043
YCR038C,YNL185C,0,2.3819926,0.20901909470558167,0.633100688457489,0.24037210643291473
YER178W,YKR085C,0,2.381589,0.20895031094551086,0.633100688457489,0.24047213792800903
YNL049C,YBR121C,0,2.3815227,0.20888157188892365,0.633100688457489,0.24057216942310333
YPR072W,YLR011W,0,2.3809853,0.2088128924369812,0.633100688457489,0.24067220091819763
YNL151C,YDL145C,0,2.3808923,0.20874424278736115,0.633100688457489,0.24077223241329193
YDL024C,YDR392W,1,2.3805845,0.2090042680501938,0.634097695350647,0.24077223241329193
YPR171W,YER056C-A,0,2.3801067,0.20893561840057373,0.634097695350647,0.24087226390838623
YPL252C,YOR191W,0,2.379651,0.20886699855327606,0.634097695350647,0.24097229540348053
YLR194C,YGR177C,0,2.3791006,0.20879842340946198,0.634097695350647,0.24107232689857483
YHL027W,YFR045W,0,2.3786201,0.20872989296913147,0.634097695350647,0.24117235839366913
YDR430C,YPR144C,0,2.3777852,0.20866142213344574,0.634097695350647,0.24127237498760223
YGL139W,YIL112W,0,2.377676,0.2085929811000824,0.634097695350647,0.24137240648269653
YJR153W,YML080W,0,2.377397,0.20852458477020264,0.634097695350647,0.24147243797779083
YNL301C,YNL081C,0,2.3769732,0.20845624804496765,0.634097695350647,0.24157246947288513
YNL197C,YDL159W,1,2.3768342,0.20871560275554657,0.6350947022438049,0.24157246947288513
YJL098W,YGL070C,0,2.3764324,0.2086472362279892,0.6350947022438049,0.24167250096797943
YJR108W,YLL034C,0,2.3763998,0.2085789144039154,0.6350947022438049,0.24177253246307373
YPR048W,YDR071C,0,2.375499,0.2085106372833252,0.6350947022438049,0.24187256395816803
YGL060W,YEL059C-A,0,2.3751304,0.20844240486621857,0.6350947022438049,0.24197259545326233
YDR472W,YBR093C,0,2.3740344,0.20837421715259552,0.6350947022438049,0.24207262694835663
YLR384C,YER190W,0,2.3733852,0.20830608904361725,0.6350947022438049,0.24217265844345093
YPL021W,YNL079C,1,2.3724172,0.208564892411232,0.6360917091369629,0.24217265844345093
YOR086C,YCR091W,0,2.3724139,0.20849673449993134,0.6360917091369629,0.24227267503738403
YER028C,YDL195W,0,2.3710828,0.20842862129211426,0.6360917091369629,0.24237270653247833
YOL007C,YHR046C,0,2.37091,0.20836055278778076,0.6360917091369629,0.24247273802757263
YJL172W,YBR205W,0,2.3707356,0.20829252898693085,0.6360917091369629,0.24257276952266693
YOL055C,YAR031W,0,2.3706255,0.20822454988956451,0.6360917091369629,0.24267280101776123
YDR043C,YNL098C,1,2.3696575,0.20848287642002106,0.6370887160301208,0.24267280101776123
YBR045C,YBL011W,0,2.3695688,0.20841486752033234,0.6370887160301208,0.24277283251285553
YJL155C,YIL093C,0,2.3690732,0.2083469182252884,0.6370887160301208,0.24287286400794983
YMR177W,YLR130C,0,2.368706,0.20827901363372803,0.6370887160301208,0.24297289550304413
YKL003C,YDL235C,0,2.3686018,0.20821113884449005,0.6370887160301208,0.24307292699813843
YGR083C,YPL018W,0,2.367512,0.20814332365989685,0.6370887160301208,0.24317295849323273
YAL021C,YOR233W,0,2.3674746,0.20807553827762604,0.6370887160301208,0.24327297508716583
YBR202W,YMR042W,0,2.365447,0.2080078125,0.6370887160301208,0.24337300658226013
YJL026W,YKL132C,0,2.3653913,0.20794011652469635,0.6370887160301208,0.24347303807735443
YPL083C,YML098W,0,2.364966,0.20787248015403748,0.6370887160301208,0.24357306957244873
YBL017C,YPL001W,0,2.364167,0.207804873585701,0.6370887160301208,0.24367310106754303
YDR392W,YPR080W,0,2.3639593,0.20773732662200928,0.6370887160301208,0.24377313256263733
YOR002W,YLL040C,0,2.3639264,0.20766980946063995,0.6370887160301208,0.24387316405773163
YGR014W,YOR353C,0,2.363926,0.2076023370027542,0.6370887160301208,0.24397319555282593
YKL043W,YCL064C,0,2.363622,0.20753490924835205,0.6370887160301208,0.24407322704792023
YIL120W,YDL240W,0,2.3630738,0.20746752619743347,0.6370887160301208,0.24417325854301453
YIL128W,YDR251W,0,2.3613644,0.20740018784999847,0.6370887160301208,0.24427327513694763
YMR016C,YIL131C,1,2.361196,0.2076573669910431,0.6380857229232788,0.24427327513694763
YER086W,YGL191W,0,2.360394,0.2075900137424469,0.6380857229232788,0.24437330663204193
YDL105W,YNL268W,0,2.3587132,0.2075227051973343,0.6380857229232788,0.24447333812713623
YDR023W,YPL175W,0,2.358006,0.20745542645454407,0.6380857229232788,0.24457336962223053
YPR159W,YDR303C,0,2.3569913,0.20738820731639862,0.6380857229232788,0.24467340111732483
YHR142W,YJL089W,0,2.3565931,0.20732101798057556,0.6380857229232788,0.24477343261241913
YMR041C,YBR187W,0,2.3557708,0.20725388824939728,0.6380857229232788,0.24487346410751343
YLR286C,YIL027C,0,2.3557434,0.20718678832054138,0.6380857229232788,0.24497349560260773
YAL016W,YNL314W,0,2.3555667,0.20711974799633026,0.6380857229232788,0.24507352709770203
YOL023W,YNL051W,0,2.3547027,0.20705273747444153,0.6380857229232788,0.24517355859279633
YLR292C,YOR217W,0,2.3543172,0.20698577165603638,0.6380857229232788,0.24527357518672943
YBR081C,YPR180W,0,2.3542018,0.2069188505411148,0.6380857229232788,0.24537360668182373
YKR027W,YGR095C,0,2.3533053,0.20685197412967682,0.6380857229232788,0.24547363817691803
YMR240C,YDL137W,0,2.3526971,0.2067851424217224,0.6380857229232788,0.24557366967201233
YHL032C,YLR004C,0,2.3526711,0.2067183405160904,0.6380857229232788,0.24567370116710663
YIR005W,YML058W-A,0,2.3521595,0.20665159821510315,0.6380857229232788,0.24577373266220093
YPR135W,YPL141C,0,2.351985,0.2065849006175995,0.6380857229232788,0.24587376415729523
YAL021C,YMR118C,0,2.351889,0.2065182328224182,0.6380857229232788,0.24597379565238953
YPL021W,YGL190C,1,2.3514802,0.20677419006824493,0.6390827298164368,0.24597379565238953
YLR324W,YOR340C,0,2.3512087,0.20670750737190247,0.6390827298164368,0.24607382714748383
YML015C,YDR518W,0,2.3508644,0.20664088428020477,0.6390827298164368,0.24617385864257812
YDR520C,YER005W,0,2.3500097,0.20657427608966827,0.6390827298164368,0.24627387523651123
YPL215W,YOR243C,0,2.3474398,0.20650772750377655,0.6390827298164368,0.24637390673160553
YDR148C,YNL163C,0,2.3467784,0.2064412236213684,0.6390827298164368,0.24647393822669983
YJR160C,YGL198W,0,2.3460739,0.20637476444244385,0.6390827298164368,0.24657396972179413
YNL206C,YKL206C,0,2.345682,0.20630833506584167,0.6390827298164368,0.24667400121688843
YPL180W,YGL046W,0,2.345458,0.20624195039272308,0.6390827298164368,0.24677403271198273
YKR019C,YKL090W,0,2.3452368,0.20617562532424927,0.6390827298164368,0.24687406420707703
YDR379W,YGL190C,1,2.344951,0.20643086731433868,0.6400797367095947,0.24687406420707703
YOR175C,YNL029C,0,2.3449416,0.20636451244354248,0.6400797367095947,0.24697409570217133
YML104C,YDL115C,0,2.3449118,0.20629820227622986,0.6400797367095947,0.24707412719726562
YBR105C,YCR058C,0,2.3439746,0.20623193681240082,0.6400797367095947,0.24717415869235992
YCR038C,YOR371C,1,2.342888,0.20648683607578278,0.6410767436027527,0.24717415869235992
YJR075W,YNL001W,0,2.342247,0.20642054080963135,0.6410767436027527,0.24727417528629303
YHL021C,YPL056C,0,2.342054,0.2063543051481247,0.6410767436027527,0.24737420678138733
YFL049W,YOR079C,0,2.3417826,0.20628809928894043,0.6410767436027527,0.24747423827648163
YDR173C,YDR393W,0,2.3412957,0.20622193813323975,0.6410767436027527,0.24757426977157593
YLL018C,YOL042W,0,2.3408813,0.20615582168102264,0.6410767436027527,0.24767430126667023
YHR167W,YDR448W,0,2.340642,0.20608974993228912,0.6410767436027527,0.24777433276176453
YKL080W,YGL049C,0,2.3402214,0.206023707985878,0.6410767436027527,0.24787436425685883
YDL095W,YDL015C,0,2.3398583,0.20595772564411163,0.6410767436027527,0.24797439575195312
YKL080W,YBR033W,0,2.3395638,0.20589177310466766,0.6410767436027527,0.24807442724704742
YGR084C,YKL108W,0,2.338367,0.20582586526870728,0.6410767436027527,0.24817445874214172
YAL058W,YDR242W,0,2.3382366,0.20576000213623047,0.6410767436027527,0.24827447533607483
YGR235C,YLR052W,0,2.3381488,0.20569418370723724,0.6410767436027527,0.24837450683116913
YPL115C,YDR432W,1,2.337587,0.20594818890094757,0.6420737504959106,0.24837450683116913
YPL028W,YIL019W,0,2.3374221,0.20588235557079315,0.6420737504959106,0.24847453832626343
YOL135C,YKR031C,0,2.3369765,0.20581655204296112,0.6420737504959106,0.24857456982135773
YGR222W,YGR061C,0,2.33693,0.20575079321861267,0.6420737504959106,0.24867460131645203
YKR077W,YGR217W,0,2.3368917,0.2056850790977478,0.6420737504959106,0.24877463281154633
YMR056C,YBR198C,0,2.3348584,0.20561940968036652,0.6420737504959106,0.24887466430664062
YKL100C,YGL063W,0,2.3343668,0.2055537849664688,0.6420737504959106,0.24897469580173492
YHR111W,YLR362W,1,2.3335462,0.20580726861953735,0.6430708169937134,0.24897469580173492
YKL149C,YKL043W,1,2.3334246,0.20606060326099396,0.6440678238868713,0.24897469580173492
YKL189W,YOR018W,0,2.3332129,0.20599490404129028,0.6440678238868713,0.24907472729682922
YDL024C,YPL021W,1,2.332779,0.20624800026416779,0.6450648307800293,0.24907472729682922
YHR174W,YLR196W,0,2.3324876,0.20618228614330292,0.6450648307800293,0.24917475879192352
YBL017C,YNL127W,0,2.332407,0.20611660182476044,0.6450648307800293,0.24927477538585663
YNL233W,YOR085W,0,2.331612,0.20605096220970154,0.6450648307800293,0.24937480688095093
YER179W,YDR268W,0,2.3311977,0.20598535239696503,0.6450648307800293,0.24947483837604523
YLR327C,YLL021W,0,2.3307948,0.2059198021888733,0.6450648307800293,0.24957486987113953
YNR048W,YLR466W,0,2.3304014,0.20585428178310394,0.6450648307800293,0.24967490136623383
YJR118C,YKR064W,0,2.3298254,0.20578880608081818,0.6450648307800293,0.24977493286132812
YDR254W,YDR527W,0,2.3288212,0.205723375082016,0.6450648307800293,0.24987496435642242
YOR212W,YHL032C,0,2.328784,0.2056579738855362,0.6450648307800293,0.24997499585151672
YDR507C,YHR165C,0,2.3286667,0.20559263229370117,0.6450648307800293,0.25007501244544983
YGR134W,YJL180C,0,2.3276987,0.20552732050418854,0.6450648307800293,0.2501750588417053
YDR107C,YKL048C,1,2.3273892,0.20577961206436157,0.6460618376731873,0.2501750588417053
YJR155W,YKR007W,0,2.325552,0.20571428537368774,0.6460618376731873,0.2502750754356384
YJR049C,YHR133C,0,2.3246675,0.2056490033864975,0.6460618376731873,0.2503751218318939
YLR373C,YLR330W,0,2.3243294,0.20558375120162964,0.6460618376731873,0.250475138425827
YDR300C,YDR259C,0,2.3242977,0.20551855862140656,0.6460618376731873,0.2505751848220825
YNL207W,YGR002C,0,2.32403,0.20545339584350586,0.6460618376731873,0.2506752014160156
YPR188C,YHR105W,0,2.3232384,0.20538827776908875,0.6460618376731873,0.25077521800994873
YLR038C,YHR070W,0,2.3231053,0.20532318949699402,0.6460618376731873,0.2508752644062042
YOR117W,YNR001C,0,2.323048,0.20525816082954407,0.6460618376731873,0.25097528100013733
YHR111W,YGL222C,0,2.3219237,0.2051931619644165,0.6460618376731873,0.2510753273963928
YLR386W,YGR077C,0,2.3196623,0.20512820780277252,0.6460618376731873,0.2511753439903259
YMR313C,YKR006C,0,2.3196447,0.20506329834461212,0.6460618376731873,0.2512753903865814
YJL085W,YDR014W,0,2.31964,0.2049984186887741,0.6460618376731873,0.2513754069805145
YLR300W,YER081W,0,2.3183198,0.20493358373641968,0.6460618376731873,0.25147545337677
YNL173C,YPL221W,0,2.3173418,0.20486879348754883,0.6460618376731873,0.2515754699707031
YJL008C,YNL261W,0,2.3164907,0.20480404794216156,0.6460618376731873,0.2516755163669586
YDR159W,YML012W,0,2.316111,0.20473933219909668,0.6460618376731873,0.2517755329608917
YHR086W,YJL041W,0,2.3153765,0.20467466115951538,0.6460618376731873,0.25187554955482483
YDR043C,YDR477W,1,2.3153193,0.2049257904291153,0.6470588445663452,0.25187554955482483
YHL007C,YIL049W,1,2.315116,0.20517677068710327,0.6480558514595032,0.25187554955482483
YKL048C,YDR251W,1,2.3150387,0.20542758703231812,0.6490528583526611,0.25187554955482483
YDR300C,YGL018C,0,2.3149433,0.20536278188228607,0.6490528583526611,0.2519755959510803
YBR296C,YGL093W,0,2.3144217,0.20529800653457642,0.6490528583526611,0.2520756125450134
YPL065W,YLR024C,0,2.313295,0.20523329079151154,0.6490528583526611,0.2521756589412689
YIL107C,YBL030C,0,2.3128479,0.20516860485076904,0.6490528583526611,0.252275675535202
YKR056W,YOR157C,0,2.3128307,0.20510396361351013,0.6490528583526611,0.2523757219314575
YJR153W,YNL142W,1,2.3128054,0.20535433292388916,0.6500498652458191,0.2523757219314575
YNL322C,YMR118C,0,2.3127542,0.20528967678546906,0.6500498652458191,0.2524757385253906
YOR193W,YDL075W,0,2.3123963,0.20522505044937134,0.6500498652458191,0.2525757849216461
YDL120W,YER129W,0,2.3104906,0.2051604837179184,0.6500498652458191,0.2526758015155792
YCR009C,YNL111C,0,2.3096187,0.20509594678878784,0.6500498652458191,0.25277581810951233
YIL074C,YBR145W,0,2.3092327,0.20503143966197968,0.6500498652458191,0.2528758645057678
YPR046W,YGL021W,0,2.3089018,0.20496699213981628,0.6500498652458191,0.2529758810997009
YLR439W,YDR256C,0,2.3088236,0.20490257441997528,0.6500498652458191,0.2530759274959564
YOL098C,YER117W,0,2.3082185,0.20483820140361786,0.6500498652458191,0.2531759440898895
YPR048W,YNL111C,0,2.3081746,0.20477387309074402,0.6500498652458191,0.253275990486145
YNL251C,YGR014W,0,2.307378,0.20470957458019257,0.6500498652458191,0.2533760070800781
YPL121C,YPL036W,0,2.3066332,0.2046453207731247,0.6500498652458191,0.2534760534763336
YJR066W,YGL186C,0,2.304095,0.2045811116695404,0.6500498652458191,0.2535760700702667
YOR032C,YKR103W,0,2.3026624,0.2045169323682785,0.6500498652458191,0.2536761164665222
YPR055W,YPL075W,0,2.302008,0.20445281267166138,0.6500498652458191,0.2537761330604553
YIL150C,YPR191W,0,2.3010712,0.20438870787620544,0.6500498652458191,0.2538761496543884
YGR103W,YIL094C,0,2.300493,0.2043246626853943,0.6500498652458191,0.2539761960506439
YGL168W,YOL105C,0,2.3003833,0.20426064729690552,0.6500498652458191,0.254076212644577
YNL128W,YDL129W,0,2.3003554,0.20419667661190033,0.6500498652458191,0.2541762590408325
YKL116C,YLL012W,0,2.3001928,0.20413275063037872,0.6500498652458191,0.2542762756347656
YLL008W,YNR044W,0,2.2996473,0.2040688544511795,0.6500498652458191,0.2543763220310211
YBR145W,YJL168C,0,2.29954,0.20400500297546387,0.6500498652458191,0.2544763386249542
YJL221C,YPL146C,0,2.2994099,0.2039411962032318,0.6500498652458191,0.2545763850212097
YLR188W,YER133W,0,2.299083,0.20387741923332214,0.6500498652458191,0.2546764016151428
YNL218W,YPL123C,0,2.2984767,0.20381368696689606,0.6500498652458191,0.2547764182090759
YML058W-A,YJL178C,0,2.2982368,0.20374999940395355,0.6500498652458191,0.2548764646053314
YGR162W,YKL042W,0,2.2981462,0.20368634164333344,0.6500498652458191,0.2549764811992645
YBL007C,YHL004W,0,2.2978997,0.2036227285861969,0.6500498652458191,0.25507652759552
YPL148C,YBR130C,0,2.2963989,0.20355916023254395,0.6500498652458191,0.2551765441894531
YJL041W,YLR295C,0,2.295404,0.20349563658237457,0.6500498652458191,0.2552765905857086
YPL076W,YGR214W,0,2.2941349,0.2034321427345276,0.6500498652458191,0.2553766071796417
YIL026C,YOL057W,0,2.2940426,0.203368678689003,0.6500498652458191,0.2554766535758972
YDR279W,YDR393W,0,2.2939906,0.20330527424812317,0.6500498652458191,0.2555766701698303
YGL244W,YHR025W,0,2.2939544,0.20324189960956573,0.6500498652458191,0.2556767165660858
YDR253C,YOR045W,0,2.2936413,0.2031785547733307,0.6500498652458191,0.2557767331600189
YOL093W,YIL094C,0,2.2935472,0.20311526954174042,0.6500498652458191,0.255876749753952
YJL186W,YJL033W,0,2.293396,0.20305201411247253,0.6500498652458191,0.2559767961502075
YML012W,YDR251W,0,2.2929587,0.20298878848552704,0.6500498652458191,0.2560768127441406
YKL093W,YDR456W,0,2.2926586,0.20292560756206512,0.6500498652458191,0.2561768591403961
YKL154W,YER175C,0,2.292053,0.2028624713420868,0.6500498652458191,0.2562768757343292
YDR384C,YMR269W,0,2.2917824,0.20279937982559204,0.6500498652458191,0.2563769221305847
YMR034C,YMR262W,0,2.2913432,0.20273631811141968,0.6500498652458191,0.2564769387245178
YJR123W,YLR093C,0,2.289749,0.2026733011007309,0.6500498652458191,0.2565769851207733
YBR052C,YPL235W,0,2.2891588,0.2026103138923645,0.6500498652458191,0.2566770017147064
YNL202W,YDL197C,0,2.2889814,0.2025473713874817,0.6500498652458191,0.2567770183086395
YGL003C,YBL039C,0,2.2884784,0.20248447358608246,0.6500498652458191,0.256877064704895
YNR041C,YLR126C,0,2.2881167,0.20242160558700562,0.6500498652458191,0.2569770812988281
YBR049C,YJR139C,0,2.2869055,0.20235878229141235,0.6500498652458191,0.2570771276950836
YOR026W,YAL026C,0,2.2850463,0.20229600369930267,0.6500498652458191,0.2571771442890167
YMR169C,YHR070W,0,2.2841756,0.20223325490951538,0.6500498652458191,0.2572771906852722
YEL058W,YHR146W,0,2.28379,0.20217053592205048,0.6500498652458191,0.2573772072792053
YFL013C,YLR441C,0,2.283146,0.20210787653923035,0.6500498652458191,0.2574772536754608
YIL051C,YDR244W,0,2.2828772,0.2020452469587326,0.6500498652458191,0.2575772702693939
YFR006W,YMR101C,0,2.281835,0.20198264718055725,0.6500498652458191,0.2576773166656494
YFL018W-A,YOR084W,0,2.280044,0.20192009210586548,0.6500498652458191,0.2577773332595825
YDR146C,YNL121C,0,2.2787201,0.2018575817346573,0.6500498652458191,0.2578773498535156
YLR284C,YMR149W,0,2.278092,0.20179511606693268,0.6500498652458191,0.2579773962497711
YLR425W,YDR310C,0,2.2777195,0.20173268020153046,0.6500498652458191,0.2580774128437042
YPL202C,YGR161C,0,2.2769017,0.20167027413845062,0.6500498652458191,0.2581774592399597
YHR101C,YGL183C,0,2.2759814,0.20160791277885437,0.6500498652458191,0.2582774758338928
YPR132W,YMR001C,0,2.2752588,0.2015455961227417,0.6500498652458191,0.2583775222301483
YGL190C,YOR270C,0,2.275242,0.20148330926895142,0.6500498652458191,0.2584775388240814
YBR175W,YNR043W,0,2.2731886,0.20142106711864471,0.6500498652458191,0.2585775852203369
YFR041C,YMR183C,0,2.2723064,0.2013588696718216,0.6500498652458191,0.25867760181427
YOR071C,YDL235C,0,2.271957,0.20129670202732086,0.6500498652458191,0.2587776184082031
YPL097W,YPL218W,0,2.2716732,0.20123456418514252,0.6500498652458191,0.2588776648044586
YPR091C,YER126C,0,2.2716143,0.20117247104644775,0.6500498652458191,0.2589776813983917
YLL018C,YDL170W,0,2.271123,0.20111042261123657,0.6500498652458191,0.2590777277946472
YMR282C,YGR104C,0,2.2697318,0.20104841887950897,0.6500498652458191,0.2591777443885803
YDR046C,YMR318C,0,2.2661922,0.20098643004894257,0.6500498652458191,0.2592777907848358
YGR055W,YDR320C-A,0,2.2661133,0.20092450082302094,0.6500498652458191,0.2593778073787689
YNL250W,YNR045W,0,2.2657125,0.2008626013994217,0.6500498652458191,0.2594778537750244
YDR477W,YLR229C,1,2.264659,0.20110870897769928,0.651046872138977,0.2594778537750244
YGR170W,YKL185W,0,2.2642498,0.20104679465293884,0.651046872138977,0.2595778703689575
YMR198W,YAR009C,0,2.2641149,0.200984925031662,0.651046872138977,0.259677916765213
YGR062C,YDR315C,0,2.26343,0.20092307031154633,0.651046872138977,0.2597779333591461
YPR032W,YNL242W,0,2.261837,0.20086127519607544,0.651046872138977,0.2598779499530792
YAL021C,YDL229W,0,2.2609274,0.20079950988292694,0.651046872138977,0.2599779963493347
YMR146C,YHR139C,0,2.2571793,0.20073777437210083,0.651046872138977,0.2600780129432678
YAR035W,YIL098C,0,2.2569642,0.2006760835647583,0.651046872138977,0.2601780593395233
YPR198W,YDR498C,0,2.256639,0.20061443746089935,0.651046872138977,0.2602780759334564
YOL151W,YBR010W,0,2.2562537,0.2005528211593628,0.651046872138977,0.2603781223297119
YGR244C,YGR252W,0,2.2555342,0.20049124956130981,0.651046872138977,0.260478138923645
YCR038C,YKL048C,1,2.2536588,0.2007366418838501,0.652043879032135,0.260478138923645
YDL029W,YNL244C,0,2.2529416,0.20067505538463593,0.652043879032135,0.2605781853199005
YLL003W,YPR134W,0,2.2525573,0.20061349868774414,0.652043879032135,0.2606782019138336
YER180C,YPR182W,0,2.2524853,0.20055197179317474,0.652043879032135,0.2607782483100891
YDR361C,YDL129W,0,2.252276,0.20049048960208893,0.652043879032135,0.2608782649040222
YGR199W,YPR166C,0,2.251452,0.2004290521144867,0.652043879032135,0.2609782814979553
YGR118W,YOR156C,0,2.2490776,0.20036764442920685,0.652043879032135,0.2610783278942108
YGR283C,YGR123C,0,2.2478588,0.20030628144741058,0.652043879032135,0.2611783444881439
YDR309C,YGR202C,0,2.2477398,0.2002449482679367,0.652043879032135,0.2612783908843994
YDL061C,YDR424C,0,2.2472076,0.2001836597919464,0.652043879032135,0.2613784074783325
YNL006W,YDR128W,0,2.246382,0.2001224011182785,0.652043879032135,0.261478453874588
YER031C,YDR108W,0,2.2451003,0.20006118714809418,0.652043879032135,0.2615784704685211
YPL059W,YNL325C,0,2.2433317,0.20000000298023224,0.652043879032135,0.2616785168647766
YAL048C,YLR145W,0,2.2431202,0.19993886351585388,0.652043879032135,0.2617785334587097
YER062C,YDR400W,0,2.2424414,0.1998777538537979,0.652043879032135,0.2618785500526428
YCR105W,YCL052C,0,2.2419329,0.19981668889522552,0.652043879032135,0.2619785964488983
YOR158W,YBL021C,0,2.2418814,0.19975565373897552,0.652043879032135,0.2620786130428314
YEL024W,YOL120C,0,2.2416778,0.1996946632862091,0.652043879032135,0.2621786594390869
YNR053C,YIR009W,0,2.240738,0.19963370263576508,0.652043879032135,0.26227867603302
YNL172W,YLL041C,0,2.2406166,0.19957278668880463,0.652043879032135,0.2623787224292755
YJL221C,YCR039C,0,2.2393064,0.19951190054416656,0.652043879032135,0.2624787390232086
YHR024C,YEL032W,0,2.238297,0.19945105910301208,0.652043879032135,0.2625787854194641
YPR026W,YPL239W,0,2.238229,0.19939024746418,0.652043879032135,0.2626788020133972
YMR097C,YOR271C,0,2.2373161,0.1993294656276703,0.652043879032135,0.2627788484096527
YKL051W,YBR115C,0,2.2370389,0.19926874339580536,0.652043879032135,0.2628788650035858
YIL143C,YKL180W,0,2.23697,0.19920803606510162,0.652043879032135,0.2629788815975189
YML074C,YLR001C,0,2.236862,0.19914738833904266,0.652043879032135,0.2630789279937744
YJL081C,YDL235C,0,2.2361314,0.1990867555141449,0.652043879032135,0.2631789445877075
YPL050C,YML055W,0,2.2358165,0.1990261673927307,0.652043879032135,0.263278990983963
YPL001W,YDR245W,0,2.2336707,0.1989656239748001,0.652043879032135,0.2633790075778961
YGL031C,YDR111C,0,2.2325501,0.1989051103591919,0.652043879032135,0.2634790539741516
YGL232W,YKR097W,0,2.232355,0.19884462654590607,0.652043879032135,0.2635790705680847
YKL206C,YNL068C,0,2.2322273,0.19878418743610382,0.652043879032135,0.2636791169643402
YNL197C,YHR073W,1,2.231611,0.1990276575088501,0.653040885925293,0.2636791169643402
YBL064C,YNL290W,0,2.231486,0.19896718859672546,0.653040885925293,0.2637791335582733
YPR028W,YKL067W,0,2.2307928,0.1989067792892456,0.653040885925293,0.2638791501522064
YDR075W,YER109C,0,2.2304003,0.19884638488292694,0.653040885925293,0.2639791965484619
YCR031C,YBR274W,0,2.2288039,0.19878603518009186,0.653040885925293,0.264079213142395
YMR267W,YDL111C,0,2.2286243,0.19872573018074036,0.653040885925293,0.2641792595386505
YNL314W,YKL206C,0,2.2273245,0.19866545498371124,0.653040885925293,0.2642792761325836
YOR308C,YPR166C,0,2.226366,0.19860520958900452,0.653040885925293,0.2643793225288391
YGR082W,YJL058C,0,2.2256687,0.19854500889778137,0.653040885925293,0.2644793391227722
YLR386W,YGL092W,0,2.2254076,0.1984848529100418,0.653040885925293,0.2645793855190277
YOR057W,YER100W,0,2.2248948,0.19842472672462463,0.653040885925293,0.2646794021129608
YKR064W,YGR159C,0,2.2244709,0.19836463034152985,0.653040885925293,0.2647794485092163
YDR306C,YPR137W,0,2.224113,0.19830457866191864,0.653040885925293,0.2648794651031494
YOL053C-A,YKL132C,0,2.2236853,0.19824455678462982,0.653040885925293,0.2649794816970825
YBR211C,YPL122C,0,2.2227788,0.1981845647096634,0.653040885925293,0.265079528093338
YJL130C,YKL079W,0,2.2225394,0.19812461733818054,0.653040885925293,0.2651795446872711
YLR389C,YDR246W,0,2.2225258,0.19806471467018127,0.653040885925293,0.2652795910835266
YMR032W,YML132W,0,2.221641,0.1980048418045044,0.653040885925293,0.2653796076774597
YLR176C,YJR083C,0,2.2207303,0.1979449987411499,0.653040885925293,0.2654796540737152
YGL084C,YAR042W,0,2.2205548,0.197885200381279,0.653040885925293,0.2655796706676483
YFL047W,YDR158W,0,2.2196474,0.19782543182373047,0.653040885925293,0.2656797170639038
YBR164C,YOL139C,0,2.2195778,0.19776569306850433,0.653040885925293,0.2657797336578369
YJL001W,YDL209C,0,2.218666,0.19770601391792297,0.653040885925293,0.26587975025177
YPR030W,YPL058C,0,2.218385,0.1976463496685028,0.653040885925293,0.2659797966480255
YIL038C,YNL153C,0,2.2174082,0.19758673012256622,0.653040885925293,0.2660798132419586
YBR112C,YJL212C,0,2.2173855,0.19752714037895203,0.653040885925293,0.2661798596382141
YGL210W,YML027W,0,2.216937,0.1974675953388214,0.653040885925293,0.2662798762321472
YGL203C,YNR022C,0,2.2166572,0.19740808010101318,0.653040885925293,0.2663799226284027
YJR082C,YJR005W,0,2.2162576,0.19734859466552734,0.653040885925293,0.2664799392223358
YJL060W,YBL075C,0,2.215025,0.19728915393352509,0.653040885925293,0.2665799856185913
YDL141W,YDR050C,0,2.214887,0.19722974300384521,0.653040885925293,0.2666800022125244
YNL281W,YOR226C,0,2.214315,0.19717037677764893,0.653040885925293,0.2667800486087799
YLR353W,YDR432W,1,2.2141535,0.19741198420524597,0.6540378928184509,0.2667800486087799
YBR162W-A,YIR015W,0,2.213907,0.1973525881767273,0.6540378928184509,0.266880065202713
YPL143W,YDR410C,0,2.21356,0.1972932368516922,0.6540378928184509,0.2669800817966461
YGL076C,YLR329W,0,2.21344,0.1972339153289795,0.6540378928184509,0.2670801281929016
YAL015C,YNL102W,0,2.2132363,0.19717463850975037,0.6540378928184509,0.2671801447868347
YLR220W,YML074C,0,2.2130783,0.19711539149284363,0.6540378928184509,0.2672801911830902
YDR099W,YMR164C,1,2.211316,0.19735656678676605,0.6550348997116089,0.2672801911830902
YLR068W,YDL046W,0,2.210289,0.19729728996753693,0.6550348997116089,0.2673802077770233
YNR003C,YKR066C,0,2.209717,0.19723807275295258,0.6550348997116089,0.2674802541732788
YOR032C,YBR172C,0,2.208854,0.19717887043952942,0.6550348997116089,0.2675802707672119
YOR075W,YLR304C,0,2.208499,0.19711971282958984,0.6550348997116089,0.2676803171634674
YLR239C,YOR241W,0,2.2078724,0.19706058502197266,0.6550348997116089,0.2677803337574005
YKR030W,YBL080C,0,2.206071,0.19700150191783905,0.6550348997116089,0.2678803503513336
YHR030C,YJL173C,0,2.205763,0.19694244861602783,0.6550348997116089,0.2679803967475891
YDR406W,YIL112W,0,2.2051969,0.196883425116539,0.6550348997116089,0.2680804133415222
YNL330C,YJL208C,0,2.2051222,0.19682444632053375,0.6550348997116089,0.2681804597377777
YIL148W,YGR076C,0,2.2043495,0.1967654973268509,0.6550348997116089,0.2682804763317108
YJR076C,YLR143W,0,2.2040951,0.1967065930366516,0.6550348997116089,0.2683805227279663
YML125C,YDR359C,0,2.2039495,0.19664770364761353,0.6550348997116089,0.2684805393218994
YBR267W,YBR260C,0,2.2038207,0.19658887386322021,0.6550348997116089,0.2685805857181549
YBR241C,YDL200C,0,2.2027483,0.1965300589799881,0.6550348997116089,0.268680602312088
YMR159C,YGL009C,0,2.202233,0.19647128880023956,0.6550348997116089,0.2687806487083435
YML004C,YKL043W,0,2.202211,0.1964125633239746,0.6550348997116089,0.2688806653022766
YBR272C,YIR036C,0,2.2021375,0.19635385274887085,0.6550348997116089,0.2689806818962097
YOR251C,YLR251W,0,2.2015867,0.19629518687725067,0.6550348997116089,0.2690807282924652
YGR274C,YDR424C,0,2.2015438,0.19623656570911407,0.6550348997116089,0.2691807448863983
YGL155W,YBR282W,0,2.197068,0.19617795944213867,0.6550348997116089,0.2692807912826538
YOR030W,YIL131C,1,2.1969109,0.1964179128408432,0.6560319066047668,0.2692807912826538
YJL214W,YNL263C,0,2.1957505,0.1963592916727066,0.6560319066047668,0.2693808078765869
YLR212C,YEL064C,0,2.1948478,0.1963007152080536,0.6560319066047668,0.2694808542728424
YML100W,YOL009C,0,2.193691,0.19624216854572296,0.6560319066047668,0.2695808708667755
YGR171C,YML094W,0,2.1931598,0.19618366658687592,0.6560319066047668,0.269680917263031
YLR292C,YER159C,0,2.1930218,0.19612517952919006,0.6560319066047668,0.2697809338569641
YKR068C,YPR128C,0,2.1919203,0.196066752076149,0.6560319066047668,0.2698809504508972
YBR272C,YAL019W,0,2.1916823,0.1960083395242691,0.6560319066047668,0.2699809968471527
YEL005C,YHR156C,0,2.1907892,0.1959499716758728,0.6560319066047668,0.2700810134410858
YPR028W,YAL031C,0,2.1907737,0.1958916336297989,0.6560319066047668,0.2701810598373413
YLR212C,YBL010C,0,2.19055,0.19583334028720856,0.6560319066047668,0.2702810764312744
YKR079C,YOR259C,0,2.1904976,0.19577506184577942,0.6560319066047668,0.2703811228275299
YHR008C,YML047C,0,2.19029,0.19571682810783386,0.6560319066047668,0.270481139421463
YNL259C,YKL166C,0,2.190043,0.1956586390733719,0.6560319066047668,0.2705811858177185
YMR316W,YHR073W,1,2.187945,0.19589774310588837,0.6570289134979248,0.2705811858177185
YMR218C,YBR061C,0,2.1876793,0.195839524269104,0.6570289134979248,0.2706812024116516
YDR283C,YEL013W,0,2.187369,0.19578135013580322,0.6570289134979248,0.2707812488079071
YIL046W,YNR041C,0,2.1872241,0.19572319090366364,0.6570289134979248,0.2708812654018402
YER178W,YBR023C,0,2.1870856,0.19566507637500763,0.6570289134979248,0.2709812819957733
YBR006W,YGR161C,0,2.1858182,0.1956070065498352,0.6570289134979248,0.2710813283920288
YFR008W,YJL206C,0,2.1856089,0.19554896652698517,0.6570289134979248,0.2711813449859619
YGL157W,YNL213C,0,2.1852608,0.19549095630645752,0.6570289134979248,0.2712813913822174
YHR036W,YHR146W,0,2.1851177,0.19543297588825226,0.6570289134979248,0.2713814079761505
YDL099W,YML054C,0,2.1846573,0.19537504017353058,0.6570289134979248,0.271481454372406
YJL065C,YKR083C,0,2.1846347,0.1953171342611313,0.6570289134979248,0.2715814709663391
YPR159W,YBR048W,0,2.1844945,0.19525925815105438,0.6570289134979248,0.2716815173625946
YMR226C,YOR252W,0,2.1844635,0.19520142674446106,0.6570289134979248,0.2717815339565277
YAR015W,YPR060C,0,2.1837497,0.19514362514019012,0.6570289134979248,0.2718815505504608
YAL010C,YBL035C,0,2.1835613,0.19508585333824158,0.6570289134979248,0.2719815969467163
YOR291W,YHR206W,0,2.1827185,0.19502811133861542,0.6570289134979248,0.2720816135406494
YOL038W,YNL294C,0,2.1823626,0.19497041404247284,0.6570289134979248,0.2721816599369049
YNL068C,YNL079C,1,2.1823454,0.19520851969718933,0.6580259203910828,0.2721816599369049
YBR164C,YIL095W,0,2.1810374,0.19515079259872437,0.6580259203910828,0.272281676530838
YOR030W,YER108C,1,2.180912,0.19538870453834534,0.6590229272842407,0.272281676530838
YER162C,YGL251C,0,2.1805105,0.19533096253871918,0.6590229272842407,0.2723817229270935
YBR177C,YGR120C,0,2.1802096,0.1952732652425766,0.6590229272842407,0.2724817395210266
YCL047C,YFR049W,0,2.17871,0.1952155977487564,0.6590229272842407,0.2725817859172821
YER090W,YBR141C,0,2.177127,0.1951579600572586,0.6590229272842407,0.2726818025112152
YNL289W,YDR045C,0,2.1760006,0.1951003521680832,0.6590229272842407,0.2727818489074707
YNL070W,YHR056C,0,2.1758351,0.19504278898239136,0.6590229272842407,0.2728818655014038
YOL095C,YGR276C,0,2.175775,0.1949852555990219,0.6590229272842407,0.2729818820953369
YKR030W,YGL089C,0,2.1754336,0.19492775201797485,0.6590229272842407,0.2730819284915924
YNL289W,YHR150W,0,2.1734872,0.19487027823925018,0.6590229272842407,0.2731819450855255
YOR373W,YNL164C,0,2.172507,0.1948128491640091,0.6590229272842407,0.273281991481781
YOR030W,YOR127W,1,2.1715555,0.19505009055137634,0.6600199341773987,0.273281991481781
YEL052W,YPR154W,0,2.170833,0.19499263167381287,0.6600199341773987,0.2733820080757141
YML112W,YIL094C,0,2.1706052,0.19493521749973297,0.6600199341773987,0.2734820544719696
YDR050C,YOR251C,0,2.170301,0.19487783312797546,0.6600199341773987,0.2735820710659027
YOR030W,YNL079C,1,2.1692727,0.19511477649211884,0.6610169410705566,0.2735820710659027
YCL050C,YEL030W,0,2.1690042,0.19505737721920013,0.6610169410705566,0.2736821174621582
YMR284W,YOL076W,0,2.1689463,0.19499999284744263,0.6610169410705566,0.2737821340560913
YKL116C,YER171W,0,2.1688435,0.1949426680803299,0.6610169410705566,0.2738821506500244
YBR055C,YIL093C,0,2.167791,0.19488535821437836,0.6610169410705566,0.2739821970462799
YGL050W,YGR113W,0,2.1667101,0.1948280930519104,0.6610169410705566,0.274082213640213
YJL127C,YKR071C,0,2.1664546,0.19477085769176483,0.6610169410705566,0.2741822600364685
YMR205C,YKR038C,0,2.1645253,0.19471365213394165,0.6610169410705566,0.2742822766304016
YDR252W,YJL168C,0,2.1642497,0.19465649127960205,0.6610169410705566,0.2743823230266571
YIL134W,YCR037C,0,2.1639917,0.19459936022758484,0.6610169410705566,0.2744823396205902
YML042W,YHR136C,0,2.1638665,0.19454225897789001,0.6610169410705566,0.2745823860168457
YOR327C,YDR461W,0,2.1635237,0.19448518753051758,0.6610169410705566,0.2746824026107788
YDR079W,YNL297C,0,2.1634848,0.19442814588546753,0.6610169410705566,0.2747824490070343
YDL209C,YLR037C,0,2.1625335,0.19437114894390106,0.6610169410705566,0.2748824656009674
YIL005W,YFL035C-B,0,2.1619666,0.19431418180465698,0.6610169410705566,0.2749824821949005
YLR305C,YKL168C,0,2.1604452,0.1942572444677353,0.6610169410705566,0.275082528591156
YGR220C,YGR044C,0,2.1586094,0.19420035183429718,0.6610169410705566,0.2751825451850891
YMR227C,YIR009W,0,2.1585393,0.19414348900318146,0.6610169410705566,0.2752825915813446
YOL031C,YBR091C,0,2.1583443,0.19408665597438812,0.6610169410705566,0.2753826081752777
YPR032W,YKL185W,0,2.158245,0.19402985274791718,0.6610169410705566,0.2754826545715332
YHR084W,YCR093W,1,2.1580696,0.19426564872264862,0.6620139479637146,0.2754826545715332
YKR094C,YBR030W,0,2.157343,0.19420883059501648,0.6620139479637146,0.2755826711654663
YNL076W,YMR115W,0,2.1570032,0.19415204226970673,0.6620139479637146,0.2756827175617218
YPL129W,YLL043W,0,2.1564717,0.19409529864788055,0.6620139479637146,0.2757827341556549
YHR111W,YIL049W,1,2.1561606,0.19433079659938812,0.6630109548568726,0.2757827341556549
YEL051W,YML011C,0,2.156154,0.19427402317523956,0.6630109548568726,0.275882750749588
YPR133W-A,YML013W,0,2.1543007,0.19421729445457458,0.6630109548568726,0.2759827971458435
YLR312C-B,YCL005W-A,0,2.1540666,0.1941605806350708,0.6630109548568726,0.2760828137397766
YIR019C,YNL298W,1,2.1528087,0.19439579546451569,0.6640079617500305,0.2760828137397766
YJL013C,YBR069C,0,2.1527016,0.1943390667438507,0.6640079617500305,0.2761828601360321
YOR222W,YOR174W,0,2.1522045,0.1942823827266693,0.6640079617500305,0.2762828767299652
YKL116C,YJL190C,0,2.1521437,0.1942257285118103,0.6640079617500305,0.2763829231262207
YDR118W,YFL033C,0,2.1519165,0.1941690891981125,0.6640079617500305,0.2764829397201538
YDR043C,YAL056W,1,2.1518862,0.19440396130084991,0.6650049686431885,0.2764829397201538
YDR345C,YDR317W,0,2.1513486,0.1943473219871521,0.6650049686431885,0.2765829861164093
YKL149C,YNL119W,1,2.1508687,0.194582000374794,0.6660019755363464,0.2765829861164093
YDR500C,YNL007C,0,2.1507957,0.1945253312587738,0.6660019755363464,0.2766830027103424
YLR309C,YER093C,0,2.1495428,0.19446870684623718,0.6660019755363464,0.2767830491065979
YBL064C,YGL194C,0,2.1495104,0.19441211223602295,0.6660019755363464,0.276883065700531
YJL008C,YAL038W,0,2.1489956,0.1943555474281311,0.6660019755363464,0.2769830822944641
YPL033C,YNL102W,0,2.148801,0.19429901242256165,0.6660019755363464,0.2770831286907196
YAL056W,YMR275C,0,2.1485312,0.19424250721931458,0.6660019755363464,0.2771831452846527
YLR050C,YGL147C,0,2.1475766,0.1941860467195511,0.6660019755363464,0.2772831916809082
YLR292C,YGL213C,0,2.1461673,0.19412961602210999,0.6660019755363464,0.2773832082748413
YLR350W,YML058W-A,0,2.145675,0.19407321512699127,0.6660019755363464,0.2774832546710968
YOL144W,YPL269W,0,2.1449385,0.19401684403419495,0.6660019755363464,0.2775832712650299
YBL051C,YPL168W,0,2.143208,0.1939605176448822,0.6660019755363464,0.2776833176612854
YIL027C,YER117W,0,2.1426773,0.19390420615673065,0.6660019755363464,0.2777833342552185
YNL115C,YAL043C,0,2.142281,0.19384793937206268,0.6660019755363464,0.2778833508491516
YOR117W,YGL142C,0,2.1411407,0.1937917023897171,0.6660019755363464,0.2779833972454071
YDR435C,YCL025C,0,2.140953,0.1937354952096939,0.6660019755363464,0.2780834138393402
YMR098C,YOR348C,0,2.1407409,0.1936793327331543,0.6660019755363464,0.2781834602355957
YIL049W,YER113C,1,2.1400924,0.1939130425453186,0.6669989824295044,0.2781834602355957
YKR044W,YJL071W,0,2.1390748,0.1938568502664566,0.6669989824295044,0.2782834768295288
YDL018C,YLR447C,0,2.138792,0.19380070269107819,0.6669989824295044,0.2783835232257843
YLR362W,YJR147W,1,2.1384945,0.1940341740846634,0.6679959893226624,0.2783835232257843
YOR025W,YAL040C,0,2.13823,0.19397799670696259,0.6679959893226624,0.2784835398197174
YHR073W,YDL080C,0,2.1374497,0.19392184913158417,0.6679959893226624,0.2785835862159729
YGR071C,YDL047W,0,2.1362672,0.19386574625968933,0.6679959893226624,0.278683602809906
YPL026C,YJR160C,0,2.135603,0.1938096582889557,0.6679959893226624,0.2787836492061615
YPL068C,YBR074W,0,2.135567,0.19375361502170563,0.6679959893226624,0.2788836658000946
YDR043C,YNL138W,1,2.1351027,0.1939866989850998,0.6689929962158203,0.2788836658000946
YNL162W,YOR038C,0,2.134782,0.19393064081668854,0.6689929962158203,0.2789836823940277
YJR089W,YOL030W,0,2.1346946,0.19387459754943848,0.6689929962158203,0.2790837287902832
YAL031C,YPL235W,0,2.134172,0.193818598985672,0.6689929962158203,0.2791837453842163
YIR031C,YDR308C,0,2.134079,0.1937626302242279,0.6689929962158203,0.2792837917804718
YKL185W,YLR229C,1,2.1336758,0.1939953863620758,0.6699900031089783,0.2792837917804718
YGR254W,YDL140C,0,2.132027,0.19393938779830933,0.6699900031089783,0.2793838083744049
YLR234W,YOR348C,0,2.1313217,0.19388343393802643,0.6699900031089783,0.2794838547706604
YPL115C,YNL068C,1,2.131174,0.19411595165729523,0.6709870100021362,0.2794838547706604
YDR200C,YKL180W,0,2.130985,0.19405998289585114,0.6709870100021362,0.2795838713645935
YLR367W,YBR065C,0,2.1309454,0.19400402903556824,0.6709870100021362,0.279683917760849
YLR383W,YOR014W,0,2.130737,0.19394811987876892,0.6709870100021362,0.2797839343547821
YNL056W,YER029C,0,2.1294427,0.19389225542545319,0.6709870100021362,0.2798839509487152
YPL021W,YDR078C,0,2.128148,0.19383640587329865,0.6709870100021362,0.2799839973449707
YJL166W,YIL170W,0,2.1275177,0.1937805861234665,0.6709870100021362,0.2800840139389038
YDR477W,YDR251W,1,2.1269286,0.19401267170906067,0.671984076499939,0.2800840139389038
YDR150W,YOL012C,0,2.1264787,0.19395683705806732,0.671984076499939,0.2801840603351593
YPR167C,YKR014C,0,2.126136,0.19390103220939636,0.671984076499939,0.2802840769290924
YFL038C,YJL056C,0,2.1242766,0.19384527206420898,0.671984076499939,0.2803841233253479
YDR411C,YMR063W,0,2.1217632,0.1937895268201828,0.671984076499939,0.280484139919281
YKL093W,YGL063W,0,2.1205695,0.1937338262796402,0.671984076499939,0.2805841863155365
YFR014C,YIR039C,0,2.1198826,0.19367815554141998,0.671984076499939,0.2806842029094696
YLR452C,YGL136C,0,2.1192212,0.19362252950668335,0.671984076499939,0.2807842493057251
YNL230C,YMR213W,0,2.1190724,0.1935669183731079,0.671984076499939,0.2808842658996582
YDR429C,YGR281W,0,2.1185002,0.19351133704185486,0.671984076499939,0.2809842824935913
YKL010C,YJL108C,0,2.1181157,0.1934558004140854,0.671984076499939,0.2810843288898468
YEL041W,YCL016C,0,2.116196,0.1934002935886383,0.671984076499939,0.2811843454837799
YBL057C,YER154W,0,2.115953,0.19334480166435242,0.671984076499939,0.2812843918800354
YDR303C,YOR346W,0,2.115943,0.1932893544435501,0.671984076499939,0.2813844084739685
YDR176W,YKR079C,0,2.115427,0.19323395192623138,0.671984076499939,0.281484454870224
YDR406W,YKR064W,0,2.114664,0.19317856431007385,0.671984076499939,0.2815844714641571
YLR192C,YPR031W,0,2.113381,0.1931232064962387,0.671984076499939,0.2816845178604126
YOR315W,YDL159W,1,2.1125019,0.19335433840751648,0.6729810833930969,0.2816845178604126
YEL005C,YCL044C,0,2.1122618,0.19329896569252014,0.6729810833930969,0.2817845344543457
YJL048C,YDR235W,0,2.1113136,0.1932436227798462,0.6729810833930969,0.2818845510482788
YOR075W,YKL116C,0,2.110956,0.19318832457065582,0.6729810833930969,0.2819845974445343
YOR274W,YDR279W,0,2.1105022,0.19313304126262665,0.6729810833930969,0.2820846140384674
YHR088W,YMR109W,0,2.10931,0.19307780265808105,0.6729810833930969,0.2821846604347229
YKL109W,YDR424C,0,2.1089914,0.19302259385585785,0.6729810833930969,0.282284677028656
YOR316C,YBR024W,0,2.108754,0.19296741485595703,0.6729810833930969,0.2823847234249115
YKL129C,YDR317W,0,2.10857,0.1929122656583786,0.6729810833930969,0.2824847400188446
YNL084C,YJL045W,0,2.1076446,0.19285714626312256,0.6729810833930969,0.2825847864151001
YNL173C,YGR078C,0,2.1069546,0.1928020566701889,0.6729810833930969,0.2826848030090332
YOR046C,YNL107W,0,2.106775,0.19274699687957764,0.6729810833930969,0.2827848494052887
YGL014W,YGR295C,0,2.1066475,0.19269198179244995,0.6729810833930969,0.2828848659992218
YML054C,YHR021C,0,2.106628,0.19263698160648346,0.6729810833930969,0.2829848825931549
YDR392W,YNL142W,1,2.1064336,0.19286733865737915,0.6739780902862549,0.2829848825931549
YDL202W,YDR262W,0,2.1050057,0.19281232357025146,0.6739780902862549,0.2830849289894104
YPL252C,YAL051W,0,2.1044405,0.19275733828544617,0.6739780902862549,0.2831849455833435
YPR100W,YDL087C,0,2.1041164,0.19270239770412445,0.6739780902862549,0.283284991979599
YGR285C,YGL172W,0,2.1039236,0.19264747202396393,0.6739780902862549,0.2833850085735321
YDR105C,YGR071C,0,2.1022496,0.192592591047287,0.6739780902862549,0.2834850549697876
YGR086C,YBR043C,0,2.101683,0.19253773987293243,0.6739780902862549,0.2835850715637207
YOR330C,YDL230W,0,2.101447,0.19248291850090027,0.6739780902862549,0.2836851179599762
YBR218C,YMR089C,0,2.1014152,0.1924281269311905,0.6739780902862549,0.2837851345539093
YLR353W,YLR229C,1,2.1009135,0.192657932639122,0.6749750971794128,0.2837851345539093
YKL179C,YBR030W,0,2.0995793,0.19260312616825104,0.6749750971794128,0.2838851511478424
YER177W,YIL049W,1,2.0979712,0.19283276796340942,0.6759721040725708,0.2838851511478424
YNL032W,YOR306C,0,2.09765,0.19277793169021606,0.6759721040725708,0.2839851975440979
YPL115C,YLR083C,1,2.097618,0.19300739467144012,0.6769691109657288,0.2839851975440979
YJR131W,YER111C,0,2.0973957,0.19295254349708557,0.6769691109657288,0.284085214138031
YIL131C,YER113C,1,2.0962243,0.1931818127632141,0.6779661178588867,0.284085214138031
YJR001W,YKL016C,0,2.0961134,0.19312694668769836,0.6779661178588867,0.2841852605342865
YER029C,YLR249W,0,2.0948768,0.1930721253156662,0.6779661178588867,0.2842852771282196
YCR106W,YGR264C,0,2.0933075,0.19301731884479523,0.6779661178588867,0.2843853235244751
YHL027W,YOR382W,0,2.0930288,0.19296254217624664,0.6779661178588867,0.2844853401184082
YDL080C,YDR116C,0,2.092803,0.19290779531002045,0.6779661178588867,0.2845853865146637
YDR173C,YDL075W,0,2.0927281,0.19285309314727783,0.6779661178588867,0.2846854031085968
YNL119W,YOR226C,0,2.0919797,0.1927984058856964,0.6779661178588867,0.2847854495048523
YGR161C,YNL159C,0,2.0911324,0.19274376332759857,0.6779661178588867,0.2848854660987854
YCR004C,YJR140C,0,2.0905766,0.19268915057182312,0.6779661178588867,0.2849854826927185
YDL015C,YDR201W,0,2.088408,0.19263456761837006,0.6779661178588867,0.285085529088974
YPL155C,YNL078W,0,2.0883193,0.19257999956607819,0.6779661178588867,0.2851855456829071
YKL061W,YCR010C,0,2.088284,0.1925254762172699,0.6779661178588867,0.2852855920791626
YKL021C,YNL049C,0,2.0865138,0.192470982670784,0.6779661178588867,0.2853856086730957
YKL197C,YOR252W,0,2.0864098,0.19241651892662048,0.6779661178588867,0.2854856550693512
YBL054W,YPR154W,0,2.0858207,0.19236209988594055,0.6779661178588867,0.2855856716632843
YGL163C,YDR503C,0,2.085182,0.19230769574642181,0.6779661178588867,0.2856857180595398
YBR118W,YOR297C,0,2.0851178,0.19225332140922546,0.6779661178588867,0.2857857346534729
YOR030W,YCR038C,1,2.084016,0.1924816220998764,0.6789631247520447,0.2857857346534729
YFL048C,YMR256C,0,2.0829039,0.19242723286151886,0.6789631247520447,0.285885751247406
YKR102W,YHR111W,0,2.0827343,0.1923728883266449,0.6789631247520447,0.2859857976436615
YOR014W,YHR190W,0,2.0827022,0.19231855869293213,0.6789631247520447,0.2860858142375946
YOR059C,YJR139C,0,2.0826802,0.19226425886154175,0.6789631247520447,0.2861858606338501
YFR036W,YKL052C,0,2.0814457,0.19220998883247375,0.6789631247520447,0.2862858772277832
YPL179W,YGR112W,0,2.0810084,0.19215576350688934,0.6789631247520447,0.2863859236240387
YBR066C,YDL035C,1,2.077933,0.19238363206386566,0.6799601316452026,0.2863859236240387
YER033C,YGR286C,0,2.077821,0.19232939183712006,0.6799601316452026,0.2864859402179718
YLR315W,YKL053C-A,0,2.0770993,0.19227516651153564,0.6799601316452026,0.2865859866142273
YMR146C,YML027W,0,2.0755394,0.19222097098827362,0.6799601316452026,0.2866860032081604
YNL062C,YLL062C,0,2.0753176,0.19216680526733398,0.6799601316452026,0.2867860496044159
YOR374W,YMR213W,0,2.0745757,0.19211266934871674,0.6799601316452026,0.286886066198349
YBR211C,YER100W,0,2.0729825,0.19205857813358307,0.6799601316452026,0.2869860827922821
YNL298W,YDR392W,1,2.07265,0.19228602945804596,0.6809571385383606,0.2869860827922821
YHL036W,YLL012W,0,2.072062,0.1922319233417511,0.6809571385383606,0.2870861291885376
YNL206C,YPR081C,0,2.0719814,0.19217783212661743,0.6809571385383606,0.2871861457824707
YOL023W,YJR025C,0,2.071665,0.19212377071380615,0.6809571385383606,0.2872861921787262
YBR020W,YER086W,0,2.070381,0.19206973910331726,0.6809571385383606,0.2873862087726593
YNL306W,YCL004W,0,2.069253,0.19201573729515076,0.6809571385383606,0.2874862551689148
YNL197C,YLR083C,1,2.0685248,0.192242830991745,0.6819541454315186,0.2874862551689148
YGL127C,YHR157W,0,2.0672264,0.1921888142824173,0.6819541454315186,0.2875862717628479
YOL111C,YAR031W,0,2.067048,0.192134827375412,0.6819541454315186,0.2876863181591034
YBR146W,YML042W,0,2.0669768,0.19208087027072906,0.6819541454315186,0.2877863347530365
YHR143W,YLR312C-B,1,2.0664039,0.19230769574642181,0.6829511523246765,0.2877863347530365
YGR009C,YKL032C,0,2.065747,0.1922537237405777,0.6829511523246765,0.2878863513469696
YKL056C,YGR044C,0,2.0647397,0.19219978153705597,0.6829511523246765,0.2879863977432251
YBR254C,YJL060W,0,2.0641053,0.19214586913585663,0.6829511523246765,0.2880864143371582
YML032C,YDR470C,0,2.0620718,0.19209198653697968,0.6829511523246765,0.2881864607334137
YHR079C,YBR060C,0,2.0613873,0.1920381337404251,0.6829511523246765,0.2882864773273468
YDL205C,YIL014W,0,2.060973,0.19198431074619293,0.6829511523246765,0.2883865237236023
YOR002W,YHR035W,0,2.0608666,0.19193051755428314,0.6829511523246765,0.2884865403175354
YJR075W,YDL220C,0,2.0589316,0.19187675416469574,0.6829511523246765,0.2885865867137909
YIR004W,YNR072W,0,2.0574207,0.19182302057743073,0.6829511523246765,0.288686603307724
YEL017C-A,YPL090C,0,2.0568795,0.1917693167924881,0.6829511523246765,0.2887866497039795
YDL124W,YML106W,0,2.0564427,0.19171564280986786,0.6829511523246765,0.2888866662979126
YHR146W,YLR417W,0,2.0548644,0.19166199862957,0.6829511523246765,0.2889866828918457
YNL119W,YLR229C,1,2.0548065,0.19188810884952545,0.6839481592178345,0.2889866828918457
YDR477W,YKL048C,1,2.054707,0.19211409986019135,0.6849451661109924,0.2889866828918457
YGL021W,YDR200C,0,2.053739,0.19206038117408752,0.6849451661109924,0.2890867292881012
YAL059W,YKL067W,0,2.0536935,0.19200670719146729,0.6849451661109924,0.2891867458820343
YGR171C,YIL128W,0,2.0533147,0.19195306301116943,0.6849451661109924,0.2892867922782898
YOR380W,YOL102C,0,2.0516422,0.19189944863319397,0.6849451661109924,0.2893868088722229
YMR016C,YCR093W,1,2.0515196,0.1921251118183136,0.6859421730041504,0.2893868088722229
YDR345C,YKL126W,0,2.0513675,0.19207146763801575,0.6859421730041504,0.2894868552684784
YGR175C,YCL043C,0,2.0503414,0.19201786816120148,0.6859421730041504,0.2895868718624115
YLR353W,YPL021W,1,2.049712,0.1922433078289032,0.6869391798973083,0.2895868718624115
YNL330C,YIL006W,0,2.0496383,0.19218967854976654,0.6869391798973083,0.289686918258667
YHR186C,YCR021C,0,2.049015,0.19213607907295227,0.6869391798973083,0.2897869348526001
YGL096W,YKR100C,0,2.0487566,0.19208252429962158,0.6869391798973083,0.2898869514465332
YLR359W,YIL014W,0,2.0475857,0.1920289844274521,0.6869391798973083,0.2899869978427887
YNR013C,YBL079W,0,2.047277,0.19197547435760498,0.6869391798973083,0.2900870144367218
YDR212W,YER103W,0,2.0471373,0.19192200899124146,0.6869391798973083,0.2901870608329773
YNL006W,YKR093W,0,2.0459018,0.19186855852603912,0.6869391798973083,0.2902870774269104
YGR292W,YGL161C,0,2.0448484,0.19181513786315918,0.6869391798973083,0.2903871238231659
YDR045C,YBL091C,0,2.0443196,0.19176176190376282,0.6869391798973083,0.290487140417099
YBR081C,YPL172C,0,2.0441966,0.19170840084552765,0.6869391798973083,0.2905871868133545
YOR034C,YOL132W,0,2.0440867,0.19165506958961487,0.6869391798973083,0.2906872034072876
YBR029C,YDR318W,0,2.0428991,0.19160178303718567,0.6869391798973083,0.2907872498035431
YPL186C,YER014W,0,2.0428023,0.19154851138591766,0.6869391798973083,0.2908872663974762
YBL005W,YGL211W,0,2.042098,0.19149526953697205,0.6869391798973083,0.2909872829914093
YIR019C,YIL049W,1,2.0411546,0.1917199194431305,0.6879361867904663,0.2909872829914093
YIL107C,YOR270C,0,2.0407076,0.19166666269302368,0.6879361867904663,0.2910873293876648
YHR147C,YGR095C,0,2.0404558,0.19161343574523926,0.6879361867904663,0.2911873459815979
YBR193C,YOR347C,0,2.0390713,0.19156023859977722,0.6879361867904663,0.2912873923778534
YBL057C,YGL035C,0,2.038884,0.19150707125663757,0.6879361867904663,0.2913874089717865
YNL213C,YJL069C,0,2.038734,0.1914539337158203,0.6879361867904663,0.291487455368042
YHL007C,YHR084W,1,2.0384688,0.1916782259941101,0.6889331936836243,0.291487455368042
YBR160W,YLL040C,0,2.0384371,0.19162507355213165,0.6889331936836243,0.2915874719619751
YLR017W,YEL065W,0,2.0384247,0.1915719360113144,0.6889331936836243,0.2916875183582306
YGL151W,YJR036C,0,2.0373867,0.1915188431739807,0.6889331936836243,0.2917875349521637
YCR105W,YNL050C,0,2.036803,0.19146578013896942,0.6889331936836243,0.2918875515460968
YKL212W,YNL145W,0,2.035922,0.19141274690628052,0.6889331936836243,0.2919875979423523
YKL117W,YNL130C,0,2.034775,0.1913597285747528,0.6889331936836243,0.2920876145362854
YBR187W,YGL227W,0,2.0343957,0.19130675494670868,0.6889331936836243,0.2921876609325409
YDR287W,YMR037C,0,2.0338216,0.19125381112098694,0.6889331936836243,0.292287677526474
YGL076C,YHR204W,0,2.0334387,0.1912008821964264,0.6889331936836243,0.2923877239227295
YHR149C,YBL092W,0,2.0330641,0.19114799797534943,0.6889331936836243,0.2924877405166626
YJL048C,YJL153C,0,2.0318575,0.19109512865543365,0.6889331936836243,0.2925877869129181
YLR315W,YER093C,0,2.0316577,0.19104230403900146,0.6889331936836243,0.2926878035068512
YBR196C,YER154W,0,2.03068,0.19098949432373047,0.6889331936836243,0.2927878499031067
YER070W,YIL002C,0,2.0300455,0.19093672931194305,0.6889331936836243,0.2928878664970398
YHR011W,YNL079C,1,2.029707,0.19116021692752838,0.6899302005767822,0.2928878664970398
YDL015C,YBR150C,0,2.029603,0.19110742211341858,0.6899302005767822,0.2929878830909729
YDR159W,YOR116C,0,2.0295014,0.19105467200279236,0.6899302005767822,0.2930879294872284
YER053C,YGL236C,0,2.0285625,0.19100193679332733,0.6899302005767822,0.2931879460811615
YHR146W,YNR024W,0,2.0285106,0.1909492313861847,0.6899302005767822,0.293287992477417
YPR095C,YNL149C,0,2.028318,0.19089655578136444,0.6899302005767822,0.2933880090713501
YNL107W,YCL059C,0,2.0277295,0.19084390997886658,0.6899302005767822,0.2934880554676056
YHR179W,YMR211W,0,2.0256267,0.1907912939786911,0.6899302005767822,0.2935880720615387
YKL048C,YNL138W,1,2.0248647,0.1910143345594406,0.6909272074699402,0.2935880720615387
YCR105W,YGR205W,0,2.0236776,0.19096170365810394,0.6909272074699402,0.2936881184577942
YOR194C,YDR371W,0,2.0232227,0.19090908765792847,0.6909272074699402,0.2937881350517273
YML087C,YLR080W,0,2.0226862,0.19085651636123657,0.6909272074699402,0.2938881516456604
YJL153C,YLR289W,0,2.0226803,0.19080395996570587,0.6909272074699402,0.2939881980419159
YOR109W,YDR343C,0,2.0225155,0.19075144827365875,0.6909272074699402,0.294088214635849
YOL142W,YNR011C,0,2.0225139,0.19069895148277283,0.6909272074699402,0.2941882610321045
YGR007W,YLR395C,0,2.0220346,0.19064649939537048,0.6909272074699402,0.2942882776260376
YLL041C,YBR192W,0,2.0201242,0.19059406220912933,0.6909272074699402,0.2943883240222931
YNL068C,YJR147W,1,2.0177698,0.19081661105155945,0.6919242143630981,0.2943883240222931
YJL166W,YLL012W,0,2.0172887,0.1907641589641571,0.6919242143630981,0.2944883406162262
YKL144C,YBR301W,0,2.0165415,0.19071173667907715,0.6919242143630981,0.2945883870124817
YLR088W,YMR023C,0,2.0163305,0.19065934419631958,0.6919242143630981,0.2946884036064148
YLR362W,YDR099W,1,2.0163217,0.1908816248178482,0.6929212212562561,0.2946884036064148
YNL236W,YPL224C,0,2.0141797,0.19082921743392944,0.6929212212562561,0.2947884500026703
YLL055W,YJR083C,0,2.0131788,0.19077682495117188,0.6929212212562561,0.2948884665966034
YOL105C,YBR237W,0,2.0131183,0.1907244771718979,0.6929212212562561,0.2949884831905365
YNL310C,YKR059W,0,2.0129783,0.1906721591949463,0.6929212212562561,0.295088529586792
YGR208W,YML011C,0,2.011694,0.19061985611915588,0.6929212212562561,0.2951885461807251
YEL050C,YKR028W,0,2.0111759,0.19056758284568787,0.6929212212562561,0.2952885925769806
YGL014W,YDL056W,0,2.0102754,0.19051535427570343,0.6929212212562561,0.2953886091709137
YJL011C,YNL213C,0,2.0093417,0.1904631406068802,0.6929212212562561,0.2954886555671692
YOR384W,YDL210W,0,2.009047,0.19041095674037933,0.6929212212562561,0.2955886721611023
YGL168W,YBL076C,0,2.0077496,0.19035880267620087,0.6929212212562561,0.2956887185573578
YIL084C,YJL056C,0,2.007408,0.1903066784143448,0.6929212212562561,0.2957887351512909
YPR149W,YNL339C,0,2.007136,0.1902545839548111,0.6929212212562561,0.295888751745224
YGL195W,YOR363C,0,2.0068452,0.1902025192975998,0.6929212212562561,0.2959887981414795
YLR074C,YCL061C,0,2.006349,0.19015048444271088,0.6929212212562561,0.2960888147354126
YKR079C,YAL058W,0,2.0061843,0.19009846448898315,0.6929212212562561,0.2961888611316681
YOL140W,YDR026C,0,2.005756,0.190046489238739,0.6929212212562561,0.2962888777256012
YMR314W,YOL156W,0,2.0050235,0.18999452888965607,0.6929212212562561,0.2963889241218567
YPL154C,YBR034C,0,2.0043912,0.1899426132440567,0.6929212212562561,0.2964889407157898
YKL190W,YDR116C,0,2.0042665,0.18989071249961853,0.6929212212562561,0.2965889871120453
YOR067C,YDR358W,0,2.004222,0.18983884155750275,0.6929212212562561,0.2966890037059784
YDR283C,YJL179W,0,2.0040982,0.18978700041770935,0.6929212212562561,0.2967890501022339
YOR195W,YDR419W,0,2.0032268,0.18973518908023834,0.6929212212562561,0.296889066696167
YJR097W,YLR059C,0,2.0017369,0.18968340754508972,0.6929212212562561,0.2969890832901001
YJR117W,YNL202W,0,2.000021,0.1896316558122635,0.6929212212562561,0.2970891296863556
YFR013W,YFR010W,0,1.9997495,0.18957991898059845,0.6929212212562561,0.2971891462802887
YOR063W,YGR030C,0,1.9988446,0.189528226852417,0.6929212212562561,0.2972891926765442
YDR301W,YDR031W,0,1.9977894,0.18947654962539673,0.6929212212562561,0.2973892092704773
YCL027W,YLL019C,0,1.9977586,0.18942491710186005,0.6929212212562561,0.2974892556667328
YOR380W,YMR308C,0,1.9976948,0.18937329947948456,0.6929212212562561,0.2975892722606659
YLR260W,YJL006C,0,1.9974298,0.18932171165943146,0.6929212212562561,0.2976893186569214
YDR007W,YDL078C,0,1.996587,0.18927015364170074,0.6929212212562561,0.2977893352508545
YPL196W,YPR001W,0,1.9961326,0.18921862542629242,0.6929212212562561,0.29788938164711
YHR005C-A,YOR330C,0,1.9952111,0.18916712701320648,0.6929212212562561,0.2979893982410431
YMR075W,YKL054C,0,1.9947085,0.18911564350128174,0.6929212212562561,0.2980894148349762
YGL135W,YKL196C,0,1.9946506,0.18906420469284058,0.6929212212562561,0.2981894612312317
YOR359W,YAL059W,0,1.9943874,0.1890127807855606,0.6929212212562561,0.2982894778251648
YKL011C,YDR045C,0,1.9942534,0.18896138668060303,0.6929212212562561,0.2983895242214203
YNL207W,YDL072C,0,1.9939141,0.18891003727912903,0.6929212212562561,0.2984895408153534
YOR279C,YGL120C,0,1.9937756,0.18885870277881622,0.6929212212562561,0.2985895872116089
YBL092W,YLL043W,0,1.9937594,0.1888073831796646,0.6929212212562561,0.298689603805542
YMR097C,YMR269W,0,1.9916679,0.18875610828399658,0.6929212212562561,0.2987896502017975
YKL185W,YHR143W,1,1.9913129,0.18897637724876404,0.6939182281494141,0.2987896502017975
YOL038W,YOL116W,0,1.9913013,0.18892508745193481,0.6939182281494141,0.2988896667957306
YDR444W,YLR459W,0,1.9904134,0.18887381255626678,0.6939182281494141,0.2989896833896637
YGR009C,YDR389W,0,1.9899926,0.18882256746292114,0.6939182281494141,0.2990897297859192
YLR313C,YOR030W,1,1.9897846,0.1890425831079483,0.694915235042572,0.2990897297859192
YPL231W,YNR071C,0,1.989447,0.18899132311344147,0.694915235042572,0.2991897463798523
YFL036W,YJL082W,0,1.9893422,0.18894009292125702,0.694915235042572,0.2992897927761078
YGR165W,YNR047W,0,1.988899,0.18888889253139496,0.694915235042572,0.2993898093700409
YNL175C,YDR138W,0,1.9886773,0.1888377070426941,0.694915235042572,0.2994898557662964
YAR035W,YMR016C,0,1.9879117,0.1887865662574768,0.694915235042572,0.2995898723602295
YJR112W,YDL120W,0,1.9865838,0.18873544037342072,0.694915235042572,0.299689918756485
YMR287C,YGL092W,0,1.9863617,0.1886843591928482,0.694915235042572,0.2997899353504181
YNL068C,YBR083W,1,1.986199,0.18890392780303955,0.69591224193573,0.2997899353504181
YNR002C,YJR107W,0,1.9853776,0.18885281682014465,0.69591224193573,0.2998899817466736
YDR405W,YDL030W,0,1.9847887,0.18880173563957214,0.69591224193573,0.2999899983406067
YDR003W,YDL160C,0,1.9842169,0.18875066936016083,0.69591224193573,0.3000900149345398
YDR301W,YDL220C,0,1.9828547,0.1886996477842331,0.69591224193573,0.3001900613307953
YER148W,YER056C-A,0,1.9827747,0.18864865601062775,0.69591224193573,0.3002900779247284
YPR171W,YDL028C,0,1.9818789,0.1885976791381836,0.69591224193573,0.3003901243209839
YJR010W,YCR044C,0,1.9802537,0.18854673206806183,0.69591224193573,0.300490140914917
YDR139C,YHR205W,0,1.9801086,0.18849581480026245,0.69591224193573,0.3005901873111725
YKL134C,YHR056C,0,1.978887,0.18844492733478546,0.69591224193573,0.3006902039051056
YMR269W,YBR231C,0,1.9781271,0.18839405477046967,0.69591224193573,0.3007902503013611
YML104C,YBR100W,0,1.977939,0.18834322690963745,0.69591224193573,0.3008902668952942
YOR129C,YDR323C,0,1.9776255,0.18829241394996643,0.69591224193573,0.3009902834892273
YGR191W,YLR382C,0,1.977149,0.188241645693779,0.69591224193573,0.3010903298854828
YMR296C,YLR033W,0,1.9768505,0.18819089233875275,0.69591224193573,0.3011903464794159
YNL081C,YPR192W,0,1.976753,0.1881401687860489,0.69591224193573,0.3012903928756714
YLR315W,YDR376W,0,1.9766293,0.18808946013450623,0.69591224193573,0.3013904094696045
YPL043W,YCL018W,0,1.9761424,0.18803879618644714,0.69591224193573,0.30149045586586
YDR196C,YBR168W,0,1.975033,0.18798814713954926,0.69591224193573,0.3015904724597931
YER120W,YDR088C,0,1.9748274,0.18793752789497375,0.69591224193573,0.3016905188560486
YLR160C,YMR043W,0,1.9736786,0.18788693845272064,0.69591224193573,0.3017905354499817
YDR165W,YER002W,0,1.973613,0.18783637881278992,0.69591224193573,0.3018905818462372
YMR171C,YKL013C,0,1.973362,0.18778584897518158,0.69591224193573,0.3019905984401703
YOR032C,YKL043W,1,1.9733455,0.1880042999982834,0.6969092488288879,0.3019905984401703
YOL002C,YDR482C,0,1.971973,0.18795375525951385,0.6969092488288879,0.3020906150341034
YBR299W,YER041W,0,1.971801,0.18790322542190552,0.6969092488288879,0.3021906614303589
YEL015W,YGR266W,0,1.97121,0.18785272538661957,0.6969092488288879,0.302290678024292
YPL168W,YER014W,0,1.9711444,0.187802255153656,0.6969092488288879,0.3023907244205475
YPL064C,YHR092C,0,1.970412,0.18775181472301483,0.6969092488288879,0.3024907410144806
YLR141W,YDR381W,0,1.9701396,0.18770138919353485,0.6969092488288879,0.3025907874107361
YHL007C,YJR147W,1,1.9696671,0.1879194676876068,0.6979062557220459,0.3025907874107361
YJR110W,YBR214W,0,1.9685531,0.18786902725696564,0.6979062557220459,0.3026908040046692
YGR272C,YPR137W,0,1.9684583,0.18781861662864685,0.6979062557220459,0.3027908504009247
YLL021W,YER149C,1,1.9674575,0.1880364865064621,0.6989032626152039,0.3027908504009247
YLR203C,YKR007W,0,1.9673529,0.18798606097698212,0.6989032626152039,0.3028908669948578
YBL051C,YOL042W,0,1.9670143,0.18793565034866333,0.6989032626152039,0.3029908835887909
YKL129C,YJR046W,0,1.9668146,0.18788528442382812,0.6989032626152039,0.3030909299850464
YKL059C,YGL004C,0,1.9666419,0.1878349483013153,0.6989032626152039,0.3031909465789795
YMR041C,YLR212C,0,1.9665774,0.18778462707996368,0.6989032626152039,0.303290992975235
YCR004C,YGR252W,0,1.9662392,0.18773433566093445,0.6989032626152039,0.3033910095691681
YOR252W,YLR414C,0,1.965791,0.1876840740442276,0.6989032626152039,0.3034910559654236
YDL247W,YDR096W,0,1.9657884,0.18763382732868195,0.6989032626152039,0.3035910725593567
YJR108W,YNL149C,0,1.9657176,0.18758362531661987,0.6989032626152039,0.3036911189556122
YBL054W,YIL079C,0,1.9650564,0.187533438205719,0.6989032626152039,0.3037911355495453
YCR086W,YJL057C,0,1.9643537,0.1874832808971405,0.6989032626152039,0.3038911819458008
YGL135W,YJR068W,0,1.9634751,0.1874331533908844,0.6989032626152039,0.3039911985397339
YPR180W,YDR261C,0,1.9619882,0.18738305568695068,0.6989032626152039,0.304091215133667
YHR002W,YBR125C,0,1.9617761,0.18733297288417816,0.6989032626152039,0.3041912615299225
YBR193C,YLR268W,0,1.9595461,0.18728293478488922,0.6989032626152039,0.3042912781238556
YJL069C,YMR233W,0,1.9583527,0.18723291158676147,0.6989032626152039,0.3043913245201111
YDR205W,YDR297W,0,1.9579988,0.18718290328979492,0.6989032626152039,0.3044913411140442
YER164W,YOR358W,0,1.9574969,0.18713293969631195,0.6989032626152039,0.3045913875102997
YPL021W,YNL142W,1,1.9574264,0.18734988570213318,0.6999002695083618,0.3045913875102997
YJR060W,YIL088C,0,1.9571223,0.18729989230632782,0.6999002695083618,0.3046914041042328
YGR288W,YML057W,0,1.9570159,0.18724992871284485,0.6999002695083618,0.3047914505004883
YLL019C,YMR099C,0,1.9568114,0.18719999492168427,0.6999002695083618,0.3048914670944214
YPL214C,YGL062W,0,1.9562323,0.18715009093284607,0.6999002695083618,0.3049914836883545
YBR158W,YAL024C,0,1.9557972,0.18710021674633026,0.6999002695083618,0.30509153008461
YCR077C,YGL107C,0,1.9550834,0.18705035746097565,0.6999002695083618,0.3051915466785431
YGR221C,YLR301W,0,1.9546654,0.18700052797794342,0.6999002695083618,0.3052915930747986
YDR434W,YNL339C,0,1.9541607,0.18695072829723358,0.6999002695083618,0.3053916096687317
YBR286W,YIL135C,0,1.953485,0.18690095841884613,0.6999002695083618,0.3054916560649872
YEL002C,YDR419W,0,1.9526885,0.18685121834278107,0.6999002695083618,0.3055916726589203
YFL036W,YNR057C,0,1.952213,0.1868014931678772,0.6999002695083618,0.3056917190551758
YCR105W,YHR013C,0,1.95214,0.18675179779529572,0.6999002695083618,0.3057917356491089
YHR205W,YER108C,0,1.9512748,0.18670213222503662,0.6999002695083618,0.3058917820453644
YGL246C,YLR239C,0,1.9493592,0.18665248155593872,0.6999002695083618,0.3059917986392975
YDL081C,YER126C,0,1.9489087,0.1866028755903244,0.6999002695083618,0.3060918152332306
YFR021W,YAR044W,0,1.9482307,0.18655328452587128,0.6999002695083618,0.3061918616294861
YIR012W,YBR093C,0,1.9481044,0.18650372326374054,0.6999002695083618,0.3062918782234192
YNL056W,YDR110W,0,1.9467235,0.186454176902771,0.6999002695083618,0.3063919246196747
YLR127C,YGL030W,0,1.9461724,0.18640467524528503,0.6999002695083618,0.3064919412136078
YOR373W,YDR096W,0,1.944037,0.18635518848896027,0.6999002695083618,0.3065919876098633
YGR281W,YNL073W,0,1.9427626,0.18630573153495789,0.6999002695083618,0.3066920042037964
YEL031W,YOL140W,0,1.9411774,0.1862563043832779,0.6999002695083618,0.3067920506000519
YDR265W,YCR058C,0,1.9410589,0.1862068921327591,0.6999002695083618,0.306892067193985
YJR118C,YOR372C,0,1.9407218,0.18615752458572388,0.6999002695083618,0.3069920837879181
YDR014W,YPL111W,0,1.940302,0.18610817193984985,0.6999002695083618,0.3070921301841736
YNR017W,YKR093W,0,1.9398019,0.18605883419513702,0.6999002695083618,0.3071921467781067
YER139C,YNL081C,0,1.9397521,0.18600954115390778,0.6999002695083618,0.3072921931743622
YOR269W,YJR104C,0,1.939214,0.18596026301383972,0.6999002695083618,0.3073922097682953
YNL330C,YPR083W,0,1.9387858,0.18591101467609406,0.6999002695083618,0.3074922561645508
YOR278W,YLL012W,0,1.9375427,0.18586179614067078,0.6999002695083618,0.3075922727584839
YLR383W,YDR390C,0,1.9375131,0.1858125925064087,0.6999002695083618,0.3076923191547394
YNL136W,YBR291C,0,1.9372993,0.1857634335756302,0.6999002695083618,0.3077923357486725
YMR098C,YFL029C,0,1.9370478,0.18571428954601288,0.6999002695083618,0.307892382144928
YOR030W,YHR073W,1,1.9367566,0.18592964112758636,0.7008973360061646,0.307892382144928
YPR171W,YBR128C,0,1.9354699,0.18588048219680786,0.7008973360061646,0.3079923987388611
YPR187W,YDR322W,0,1.9354138,0.18583135306835175,0.7008973360061646,0.3080924153327942
YOL111C,YOR297C,0,1.9352193,0.18578223884105682,0.7008973360061646,0.3081924617290497
YNL213C,YKR036C,0,1.9350055,0.1857331544160843,0.7008973360061646,0.3082924783229828
YJL129C,YAR007C,0,1.9324983,0.18568409979343414,0.7008973360061646,0.3083925247192383
YMR055C,YHL024W,0,1.9321563,0.1856350600719452,0.7008973360061646,0.3084925413131714
YML115C,YKL126W,0,1.9313293,0.18558606505393982,0.7008973360061646,0.3085925877094269
YOR087W,YHR070W,0,1.9291551,0.18553708493709564,0.7008973360061646,0.30869260430336
YHL040C,YGL093W,0,1.9290318,0.18548811972141266,0.7008973360061646,0.3087926506996155
YCL047C,YKL132C,0,1.9286959,0.18543919920921326,0.7008973360061646,0.3088926672935486
YGL084C,YKL042W,0,1.9266946,0.18539029359817505,0.7008973360061646,0.3089926838874817
YLR364W,YOR032C,0,1.9261769,0.18534141778945923,0.7008973360061646,0.3090927302837372
YLR337C,YGR116W,0,1.9260501,0.1852925717830658,0.7008973360061646,0.3091927468776703
YDR205W,YEL006W,0,1.9257958,0.18524374067783356,0.7008973360061646,0.3092927932739258
YCR046C,YHL012W,0,1.9248203,0.1851949393749237,0.7008973360061646,0.3093928098678589
YKL089W,YDR473C,0,1.9243273,0.18514616787433624,0.7008973360061646,0.3094928562641144
YLR228C,YKR026C,0,1.923729,0.18509742617607117,0.7008973360061646,0.3095928728580475
YKL054C,YBR094W,0,1.9237236,0.18504869937896729,0.7008973360061646,0.309692919254303
YMR164C,YNL079C,1,1.9236848,0.18526315689086914,0.7018943428993225,0.309692919254303
YJL080C,YML067C,0,1.922986,0.18521441519260406,0.7018943428993225,0.3097929358482361
YPL259C,YPR120C,0,1.9228944,0.18516570329666138,0.7018943428993225,0.3098929822444916
YDR054C,YMR198W,0,1.9220426,0.18511700630187988,0.7018943428993225,0.3099929988384247
YPR111W,YMR036C,0,1.9219177,0.18506835401058197,0.7018943428993225,0.3100930154323578
YBL098W,YML102W,0,1.9210035,0.18501971662044525,0.7018943428993225,0.3101930618286133
YNL138W,YOR290C,0,1.9204892,0.18497109413146973,0.7018943428993225,0.3102930784225464
YJL081C,YGR179C,0,1.9195402,0.18492251634597778,0.7018943428993225,0.3103931248188019
YHR074W,YPR163C,0,1.9190674,0.18487395346164703,0.7018943428993225,0.310493141412735
YER145C,YLR145W,0,1.9189916,0.18482542037963867,0.7018943428993225,0.3105931878089905
YML048W,YJL024C,0,1.9187835,0.1847769021987915,0.7018943428993225,0.3106932044029236
YHR167W,YPL226W,0,1.916884,0.18472841382026672,0.7018943428993225,0.3107932507991791
YAL053W,YIL079C,0,1.9165132,0.18467995524406433,0.7018943428993225,0.3108932673931122
YCR030C,YLR032W,0,1.9154515,0.18463152647018433,0.7018943428993225,0.3109932839870453
YDL102W,YJL030W,0,1.9154134,0.18458311259746552,0.7018943428993225,0.3110933303833008
YCR107W,YCL003W,0,1.9143211,0.1845347285270691,0.7018943428993225,0.3111933469772339
YLR418C,YLR394W,0,1.9141592,0.18448637425899506,0.7018943428993225,0.3112933933734894
YPL075W,YOR278W,0,1.9136448,0.18443803489208221,0.7018943428993225,0.3113934099674225
YDR195W,YDR039C,0,1.913578,0.18438974022865295,0.7018943428993225,0.311493456363678
YBR052C,YDR479C,0,1.9131992,0.1843414455652237,0.7018943428993225,0.3115934729576111
YLR383W,YHR207C,0,1.9129897,0.18429319560527802,0.7018943428993225,0.3116935193538666
YFR049W,YHR109W,0,1.9123499,0.18424496054649353,0.7018943428993225,0.3117935359477997
YHR118C,YOR079C,0,1.9123167,0.18419675529003143,0.7018943428993225,0.3118935823440552
YER020W,YPR131C,0,1.9120185,0.18414857983589172,0.7018943428993225,0.3119935989379883
YNL271C,YMR164C,1,1.9111245,0.18436191976070404,0.7028913497924805,0.3119935989379883
YPR133C,YPL210C,0,1.9109503,0.18431372940540314,0.7028913497924805,0.3120936155319214
YOR382W,YLR301W,0,1.9106913,0.18426555395126343,0.7028913497924805,0.3121936619281769
YOR306C,YIL009C-A,0,1.9103551,0.1842174082994461,0.7028913497924805,0.31229367852211
YNL162W,YPR182W,0,1.9102867,0.18416927754878998,0.7028913497924805,0.3123937249183655
YDR350C,YGL016W,0,1.909648,0.18412117660045624,0.7028913497924805,0.3124937415122986
YDR189W,YGR159C,0,1.909611,0.18407310545444489,0.7028913497924805,0.3125937879085541
YHR154W,YIL093C,0,1.9095213,0.18402506411075592,0.7028913497924805,0.3126938045024872
YDL154W,YOR239W,0,1.9089887,0.18397703766822815,0.7028913497924805,0.3127938508987427
YKL026C,YBL047C,0,1.9077067,0.18392904102802277,0.7028913497924805,0.3128938674926758
YBR092C,YER111C,0,1.9074352,0.18388105928897858,0.7028913497924805,0.3129938840866089
YPL258C,YLR203C,0,1.9048392,0.18383312225341797,0.7028913497924805,0.3130939304828644
YHR111W,YJR147W,1,1.9043062,0.18404588103294373,0.7038883566856384,0.3130939304828644
YDR392W,YER118C,1,1.903594,0.18425853550434113,0.7048853635787964,0.3130939304828644
YKR064W,YJL168C,0,1.9023496,0.18421052396297455,0.7048853635787964,0.3131939470767975
YDR179C,YHR153C,0,1.902322,0.18416254222393036,0.7048853635787964,0.313293993473053
YCR004C,YDR233C,0,1.9021847,0.18411459028720856,0.7048853635787964,0.3133940100669861
YKR095W-A,YGR094W,0,1.9016256,0.18406665325164795,0.7048853635787964,0.3134940564632416
YPL271W,YPR006C,0,1.9001588,0.18401874601840973,0.7048853635787964,0.3135940730571747
YDL039C,YKR034W,0,1.899983,0.1839708536863327,0.7048853635787964,0.3136941194534302
YDR350C,YMR080C,0,1.8999647,0.18392299115657806,0.7048853635787964,0.3137941360473633
YKR002W,YLR134W,0,1.8998076,0.1838751584291458,0.7048853635787964,0.3138941824436188
YDR170C,YGL241W,0,1.8985796,0.18382735550403595,0.7048853635787964,0.3139941990375519
YPR143W,YGL084C,0,1.8977431,0.18377956748008728,0.7048853635787964,0.314094215631485
YML067C,YML060W,0,1.8974543,0.183731809258461,0.7048853635787964,0.3141942620277405
YHR170W,YER093C,0,1.897154,0.1836840808391571,0.7048853635787964,0.3142942786216736
YNL128W,YDR329C,0,1.895403,0.1836363673210144,0.7048853635787964,0.3143943250179291
YBR183W,YER129W,0,1.8946943,0.1835886836051941,0.7048853635787964,0.3144943416118622
YMR055C,YOR092W,0,1.894001,0.18354101479053497,0.7048853635787964,0.3145943880081177
YGL026C,YDL170W,0,1.8937318,0.18349337577819824,0.7048853635787964,0.3146944046020508
YCR038C,YDR432W,1,1.8927672,0.18370524048805237,0.7058823704719543,0.3146944046020508
YGL009C,YER041W,0,1.8921014,0.18365758657455444,0.7058823704719543,0.3147944509983063
YER088C,YKL053C-A,0,1.8913684,0.1836099624633789,0.7058823704719543,0.3148944675922394
YNR017W,YOR162C,0,1.891367,0.18356235325336456,0.7058823704719543,0.3149944841861725
YLR093C,YGL123W,0,1.8909357,0.1835147738456726,0.7058823704719543,0.315094530582428
YKL149C,YDR043C,1,1.8902869,0.18372635543346405,0.7068793773651123,0.315094530582428
YER095W,YKL171W,0,1.8895569,0.1836787611246109,0.7068793773651123,0.3151945471763611
YER033C,YJR068W,0,1.8890824,0.18363118171691895,0.7068793773651123,0.3152945935726166
YJR001W,YGL233W,0,1.8882573,0.18358363211154938,0.7068793773651123,0.3153946101665497
YPR055W,YOR267C,0,1.8879247,0.1835361123085022,0.7068793773651123,0.3154946565628052
YHR111W,YNL142W,1,1.8870821,0.18374741077423096,0.7078763842582703,0.3154946565628052
YDR397C,YCL003W,0,1.886336,0.18369987607002258,0.7078763842582703,0.3155946731567383
YER177W,YDR043C,1,1.8863218,0.1839110255241394,0.7088733911514282,0.3155946731567383
YOL023W,YJL108C,0,1.8858831,0.18386346101760864,0.7088733911514282,0.3156947195529938
YHL007C,YHR073W,1,1.8857813,0.18407446146011353,0.7098703980445862,0.3156947195529938
YCL043C,YPL100W,0,1.8850995,0.18402688205242157,0.7098703980445862,0.3157947361469269
YNL212W,YDL142C,0,1.8850497,0.183979332447052,0.7098703980445862,0.3158947825431824
YDR288W,YHR205W,0,1.8840226,0.18393179774284363,0.7098703980445862,0.3159947991371155
YDR076W,YDR375C,0,1.8839449,0.18388429284095764,0.7098703980445862,0.3160948157310486
YFL061W,YPL224C,0,1.8834031,0.18383681774139404,0.7098703980445862,0.3161948621273041
YKR002W,YPR026W,0,1.8833196,0.18378937244415283,0.7098703980445862,0.3162948787212372
YPR141C,YGL227W,0,1.8832893,0.18374194204807281,0.7098703980445862,0.3163949251174927
YPL115C,YDL159W,1,1.8800873,0.18395252525806427,0.7108674049377441,0.3163949251174927
YPL151C,YHL038C,0,1.8798604,0.18390507996082306,0.7108674049377441,0.3164949417114258
YLR017W,YDR200C,0,1.8797581,0.18385766446590424,0.7108674049377441,0.3165949881076813
YMR282C,YCL031C,0,1.877248,0.1838102638721466,0.7108674049377441,0.3166950047016144
YMR192W,YFR010W,0,1.8770287,0.18376289308071136,0.7108674049377441,0.3167950510978699
YIL136W,YGL141W,0,1.8768303,0.18371553719043732,0.7108674049377441,0.316895067691803
YOR215C,YBR231C,0,1.8749789,0.18366821110248566,0.7108674049377441,0.3169950842857361
YKR034W,YMR152W,0,1.8746067,0.18362091481685638,0.7108674049377441,0.3170951306819916
YLR259C,YFR013W,0,1.872055,0.1835736334323883,0.7108674049377441,0.3171951472759247
YKL004W,YDL045C,0,1.8715132,0.18352638185024261,0.7108674049377441,0.3172951936721802
YEL032W,YGR099W,0,1.8714564,0.1834791600704193,0.7108674049377441,0.3173952102661133
YJL189W,YLR337W,0,1.8691425,0.1834319531917572,0.7108674049377441,0.3174952566623688
YLR239C,YDL101C,0,1.8679223,0.18338477611541748,0.7108674049377441,0.3175952732563019
YKL039W,YDL246C,0,1.8666,0.18333761394023895,0.7108674049377441,0.3176953196525574
YER184C,YNR052C,0,1.8664755,0.1832904815673828,0.7108674049377441,0.3177953362464905
YDR392W,YCR093W,1,1.8660234,0.18350037932395935,0.7118644118309021,0.3177953362464905
YDR098C,YHL006C,0,1.8650038,0.18345323204994202,0.7118644118309021,0.31789538264274597
YPR119W,YBR211C,0,1.8648074,0.18340611457824707,0.7118644118309021,0.3179953992366791
YER177W,YDR251W,1,1.8634877,0.1836158186197281,0.7128614187240601,0.3179953992366791
YDL184C,YML006C,0,1.8629317,0.18356867134571075,0.7128614187240601,0.3180954158306122
YCR040W,YIR004W,0,1.8627577,0.1835215538740158,0.7128614187240601,0.3181954622268677
YAL015C,YHR108W,0,1.8621149,0.18347446620464325,0.7128614187240601,0.3182954788208008
YNL197C,YNL119W,1,1.8620231,0.18368394672870636,0.713858425617218,0.3182954788208008
YNL282W,YDR461W,0,1.8619611,0.1836368292570114,0.713858425617218,0.3183955252170563
YLR115W,YLR414C,0,1.861121,0.18358974158763885,0.713858425617218,0.3184955418109894
YNL098C,YJL157C,0,1.8603368,0.18354268372058868,0.713858425617218,0.3185955882072449
YDL028C,YDR320C,0,1.859895,0.1834956407546997,0.713858425617218,0.318695604801178
YOR253W,YML104C,0,1.8593737,0.18344862759113312,0.713858425617218,0.31879565119743347
YDR213W,YGR205W,0,1.8578105,0.18340164422988892,0.713858425617218,0.3188956677913666
YOL061W,YEL061C,0,1.8577445,0.1833546757698059,0.713858425617218,0.3189956843852997
YLR425W,YDL117W,0,1.8575028,0.1833077371120453,0.713858425617218,0.3190957307815552
YJR027W,YAR009C,0,1.8572173,0.18326081335544586,0.713858425617218,0.3191957473754883
YBR061C,YFL039C,0,1.8571397,0.18321391940116882,0.713858425617218,0.3192957937717438
YDR388W,YOL012C,0,1.8566986,0.18316705524921417,0.713858425617218,0.3193958103656769
YDR050C,YCR010C,0,1.8561592,0.18312020599842072,0.713858425617218,0.3194958567619324
YDR211W,YDR280W,0,1.8558664,0.18307338654994965,0.713858425617218,0.3195958733558655
YDR422C,YOR346W,0,1.8555111,0.18302658200263977,0.713858425617218,0.31969591975212097
YIL076W,YLL035W,0,1.8550453,0.18297980725765228,0.713858425617218,0.3197959363460541
YNL298W,YBR083W,1,1.8548564,0.1831885576248169,0.714855432510376,0.3197959363460541
YKR068C,YAL016W,0,1.8543172,0.1831417679786682,0.714855432510376,0.31989598274230957
YOR230W,YGL198W,0,1.8540897,0.18309499323368073,0.714855432510376,0.3199959993362427
YLR312C-B,YBR066C,1,1.8539277,0.18330354988574982,0.7158524394035339,0.3199959993362427
YDR074W,YLL001W,0,1.8535562,0.18325676023960114,0.7158524394035339,0.3200960159301758
YPL097W,YNL039W,0,1.8531624,0.18321000039577484,0.7158524394035339,0.3201960623264313
YMR175W,YBR230C,0,1.8530164,0.18316327035427094,0.7158524394035339,0.3202960789203644
YMR016C,YLR353W,1,1.8518765,0.18337158858776093,0.7168494462966919,0.3202960789203644
YNL059C,YOR265W,0,1.8512875,0.18332482874393463,0.7168494462966919,0.3203961253166199
YGL019W,YKL172W,0,1.8507102,0.18327809870243073,0.7168494462966919,0.320496141910553
YFR021W,YNL128W,0,1.8503249,0.1832313984632492,0.7168494462966919,0.32059618830680847
YPR155C,YDR492W,0,1.8501968,0.18318471312522888,0.7168494462966919,0.3206962049007416
YIR019C,YDR379W,1,1.8491006,0.18339276313781738,0.7178464531898499,0.3206962049007416
YNL298W,YNL079C,1,1.8490552,0.18360070884227753,0.7188434600830078,0.3206962049007416
YPL259C,YLR276C,0,1.8484609,0.18355397880077362,0.7188434600830078,0.32079625129699707
YLR450W,YHR158C,0,1.8480868,0.18350724875926971,0.7188434600830078,0.3208962678909302
YCL069W,YGR002C,0,1.8477755,0.1834605634212494,0.7188434600830078,0.3209962844848633
YJR160C,YKR071C,0,1.8464361,0.18341389298439026,0.7188434600830078,0.3210963308811188
YPR187W,YBR089C-A,0,1.8463528,0.18336723744869232,0.7188434600830078,0.3211963474750519
YBL057C,YOR151C,0,1.84625,0.18332062661647797,0.7188434600830078,0.3212963938713074
YDR030C,YJR040W,0,1.8460968,0.1832740157842636,0.7188434600830078,0.3213964104652405
YDR392W,YIL049W,1,1.8458474,0.18348157405853271,0.7198404669761658,0.3213964104652405
YOL104C,YHR025W,0,1.8450689,0.18343496322631836,0.7198404669761658,0.32149645686149597
YOR251C,YMR040W,0,1.8446639,0.1833883672952652,0.7198404669761658,0.3215964734554291
YDR406W,YJR070C,0,1.8445766,0.18334180116653442,0.7198404669761658,0.32169651985168457
YPL183W-A,YDR464W,0,1.8433985,0.18329524993896484,0.7198404669761658,0.3217965364456177
YML043C,YNL175C,0,1.8433322,0.18324872851371765,0.7198404669761658,0.32189658284187317
YDL029W,YOR323C,0,1.8418556,0.18320223689079285,0.7198404669761658,0.3219965994358063
YGR032W,YLR131C,0,1.8412669,0.18315576016902924,0.7198404669761658,0.3220966160297394
YBL090W,YMR123W,0,1.8410025,0.183109313249588,0.7198404669761658,0.3221966624259949
YDR332W,YPL087W,0,1.8408937,0.18306288123130798,0.7198404669761658,0.322296679019928
YMR232W,YGR047C,0,1.8408089,0.18301647901535034,0.7198404669761658,0.32239672541618347
YPR081C,YLR419W,0,1.8407081,0.1829700917005539,0.7198404669761658,0.3224967420101166
YLR293C,YOR020C,0,1.8405812,0.18292373418807983,0.7198404669761658,0.32259678840637207
YDR146C,YGL161C,0,1.8388896,0.18287740647792816,0.7198404669761658,0.3226968050003052
YIR005W,YLR224W,0,1.8378671,0.18283109366893768,0.7198404669761658,0.32279685139656067
YPL038W,YHR008C,0,1.8371351,0.1827848106622696,0.7198404669761658,0.3228968679904938
YIL014W,YNL286W,0,1.8371089,0.1827385425567627,0.7198404669761658,0.3229968845844269
YMR223W,YLR096W,0,1.8367233,0.18269230425357819,0.7198404669761658,0.3230969309806824
YHR139C,YNL016W,0,1.8363116,0.18264609575271606,0.7198404669761658,0.3231969475746155
YDR368W,YDR160W,0,1.836307,0.18259990215301514,0.7198404669761658,0.32329699397087097
YMR105C,YMR133W,0,1.8354871,0.1825537234544754,0.7198404669761658,0.3233970105648041
YJR158W,YMR149W,0,1.8351264,0.18250758945941925,0.7198404669761658,0.32349705696105957
YIL132C,YKL195W,0,1.8347675,0.1824614554643631,0.7198404669761658,0.3235970735549927
YPL115C,YMR316W,1,1.83274,0.18266801536083221,0.7208374738693237,0.3235970735549927
YOR383C,YKR071C,0,1.8311573,0.18262188136577606,0.7208374738693237,0.32369711995124817
YDR043C,YIL049W,1,1.8309509,0.18282827734947205,0.7218344807624817,0.32369711995124817
YER061C,YGL205W,0,1.830947,0.1827821284532547,0.7218344807624817,0.3237971365451813
YDR468C,YDL112W,0,1.8306937,0.18273599445819855,0.7218344807624817,0.32389718294143677
YOL031C,YIL094C,0,1.8303844,0.1826898753643036,0.7218344807624817,0.3239971995353699
YOR194C,YLR142W,0,1.8298204,0.1826438009738922,0.7218344807624817,0.324097216129303
YIL046W,YHR190W,0,1.8296763,0.18259772658348083,0.7218344807624817,0.32419726252555847
YLL053C,YDR261C,0,1.8292563,0.18255168199539185,0.7218344807624817,0.3242972791194916
YOL059W,YCL057C-A,0,1.8282311,0.18250566720962524,0.7218344807624817,0.32439732551574707
YOR393W,YCL067C,0,1.8266275,0.18245968222618103,0.7218344807624817,0.3244973421096802
YNL328C,YNL112W,0,1.8265612,0.182413712143898,0.7218344807624817,0.32459738850593567
YLR141W,YLR337C,0,1.8259765,0.18236775696277618,0.7218344807624817,0.3246974050998688
YDR168W,YKL096W-A,0,1.8259424,0.18232183158397675,0.7218344807624817,0.32479745149612427
YPR032W,YER056C-A,0,1.8250935,0.1822759360074997,0.7218344807624817,0.3248974680900574
YDR067C,YML087C,0,1.8245982,0.18223005533218384,0.7218344807624817,0.3249974846839905
YNL233W,YPR036W,0,1.8243967,0.18218420445919037,0.7218344807624817,0.32509753108024597
YPR161C,YOL126C,0,1.8240598,0.1821383684873581,0.7218344807624817,0.3251975476741791
YBR208C,YPL019C,0,1.8237544,0.1820925623178482,0.7218344807624817,0.32529759407043457
YDL211C,YER153C,0,1.8235432,0.1820467710494995,0.7218344807624817,0.3253976106643677
YPL021W,YBR066C,1,1.8222432,0.18225239217281342,0.7228314876556396,0.3253976106643677
YFL045C,YGR199W,0,1.821859,0.18220658600330353,0.7228314876556396,0.32549765706062317
YKL043W,YCR093W,1,1.8217797,0.1824120581150055,0.7238284945487976,0.32549765706062317
YIL046W,YAL019W,0,1.8202864,0.1823662370443344,0.7238284945487976,0.3255976736545563
YOR371C,YNL119W,1,1.8194504,0.18257157504558563,0.7248255014419556,0.3255976736545563
YLR301W,YMR306W,0,1.8194029,0.18252573907375336,0.7248255014419556,0.32569772005081177
YER178W,YGR258C,0,1.8192234,0.18247991800308228,0.7248255014419556,0.3257977366447449
YJL029C,YDR383C,0,1.8190217,0.18243412673473358,0.7248255014419556,0.32589778304100037
YDL003W,YOR009W,0,1.8189269,0.18238836526870728,0.7248255014419556,0.32599779963493347
YIL159W,YCR037C,0,1.8187764,0.18234261870384216,0.7248255014419556,0.3260978162288666
YDL159W,YBR066C,1,1.8183745,0.1825476437807083,0.7258225083351135,0.3260978162288666
YBR101C,YER123W,0,1.8172661,0.182501882314682,0.7258225083351135,0.32619786262512207
YNR022C,YDR207C,0,1.8171289,0.1824561357498169,0.7258225083351135,0.3262978792190552
YLR164W,YKR009C,0,1.8169304,0.18241041898727417,0.7258225083351135,0.32639792561531067
YHR005C-A,YBR082C,0,1.8167725,0.18236473202705383,0.7258225083351135,0.3264979422092438
YFR006W,YOR386W,0,1.8155776,0.1823190599679947,0.7258225083351135,0.32659798860549927
YOR079C,YML042W,0,1.8155435,0.18227340281009674,0.7258225083351135,0.3266980051994324
YKL116C,YPL218W,0,1.8147683,0.18222779035568237,0.7258225083351135,0.32679805159568787
YNR003C,YCL025C,0,1.8129727,0.182182177901268,0.7258225083351135,0.32689806818962097
YER137C,YDR281C,0,1.8128831,0.18213659524917603,0.7258225083351135,0.3269980847835541
YCL048W,YDL124W,0,1.8128251,0.18209104239940643,0.7258225083351135,0.32709813117980957
YER177W,YMR164C,1,1.8128116,0.18229557573795319,0.7268195152282715,0.32709813117980957
YDR345C,YDR341C,0,1.812402,0.1822499930858612,0.7268195152282715,0.3271981477737427
YIL009C-A,YDR341C,0,1.8110659,0.1822044551372528,0.7268195152282715,0.32729819416999817
YBR123C,YPL127C,0,1.8100878,0.1821589171886444,0.7268195152282715,0.3273982107639313
YAL054C,YJR070C,0,1.8099167,0.1821134090423584,0.7268195152282715,0.32749825716018677
YGR061C,YOR351C,0,1.8092264,0.18206793069839478,0.7268195152282715,0.3275982737541199
YPL050C,YPR102C,0,1.8087764,0.18202246725559235,0.7268195152282715,0.32769832015037537
YDR205W,YOR283W,0,1.8082416,0.1819770336151123,0.7268195152282715,0.32779833674430847
YBR196C,YMR208W,0,1.8079777,0.18193161487579346,0.7268195152282715,0.32789838314056396
YJL098W,YJL094C,0,1.8077891,0.181886225938797,0.7268195152282715,0.32799839973449707
YJL173C,YMR131C,0,1.8065197,0.18184085190296173,0.7268195152282715,0.3280984163284302
YIL090W,YDR126W,0,1.8063828,0.18179550766944885,0.7268195152282715,0.32819846272468567
YIL011W,YIL098C,0,1.8060148,0.18175019323825836,0.7268195152282715,0.3282984793186188
YLL002W,YPL099C,0,1.8051653,0.18170487880706787,0.7268195152282715,0.32839852571487427
YPL106C,YFR045W,0,1.8051392,0.18165960907936096,0.7268195152282715,0.3284985423088074
YPR046W,YBL061C,0,1.8050119,0.18161435425281525,0.7268195152282715,0.32859858870506287
YLR312C-B,YER020W,1,1.8047514,0.1818181872367859,0.7278165221214294,0.32859858870506287
YBR296C,YMR247C,0,1.8045977,0.18177290260791779,0.7278165221214294,0.32869860529899597
YJR158W,YNR030W,0,1.8045286,0.18172766268253326,0.7278165221214294,0.32879865169525146
YOL108C,YOR266W,0,1.804471,0.18168242275714874,0.7278165221214294,0.32889866828918457
YGR106C,YMR022W,0,1.8041078,0.1816372275352478,0.7278165221214294,0.3289986848831177
YKL054C,YKR008W,0,1.8030542,0.18159204721450806,0.7278165221214294,0.32909873127937317
YPR110C,YPL064C,0,1.8027087,0.1815468817949295,0.7278165221214294,0.3291987478733063
YDR435C,YOR084W,0,1.801715,0.18150174617767334,0.7278165221214294,0.32929879426956177
YDR411C,YOR217W,0,1.801184,0.18145662546157837,0.7278165221214294,0.3293988108634949
YPR100W,YMR233W,0,1.8010587,0.1814115345478058,0.7278165221214294,0.32949885725975037
YPL093W,YJL143W,0,1.8006678,0.1813664585351944,0.7278165221214294,0.32959887385368347
YNL247W,YIL130W,0,1.8000513,0.1813214123249054,0.7278165221214294,0.32969892024993896
YNL055C,YDR038C,0,1.7998271,0.1812763810157776,0.7278165221214294,0.32979893684387207
YNL086W,YER103W,0,1.799767,0.18123137950897217,0.7278165221214294,0.32989898324012756
YAR002C-A,YNL103W,0,1.7992384,0.18118639290332794,0.7278165221214294,0.32999899983406067
YBR267W,YPR041W,0,1.7984419,0.1811414361000061,0.7278165221214294,0.3300990164279938
YGL076C,YOR287C,0,1.7958959,0.18109650909900665,0.7278165221214294,0.33019906282424927
YIL167W,YGL222C,0,1.7953765,0.1810515820980072,0.7278165221214294,0.3302990794181824
YNR006W,YNR024W,0,1.7953036,0.18100669980049133,0.7278165221214294,0.33039912581443787
YPR017C,YMR274C,0,1.7952567,0.18096181750297546,0.7278165221214294,0.33049914240837097
YMR302C,YGR044C,0,1.7951734,0.18091697990894318,0.7278165221214294,0.33059918880462646
YDR003W,YHR073W,0,1.7942681,0.18087215721607208,0.7278165221214294,0.33069920539855957
YOR044W,YBL103C,0,1.792885,0.18082734942436218,0.7278165221214294,0.33079925179481506
YOR187W,YGL253W,0,1.7920208,0.18078257143497467,0.7278165221214294,0.33089926838874817
YBR260C,YNL227C,0,1.7919104,0.18073780834674835,0.7278165221214294,0.3309992849826813
YOL103W,YDL036C,0,1.7908623,0.18069307506084442,0.7278165221214294,0.33109933137893677
YJL168C,YGR105W,0,1.7908145,0.18064835667610168,0.7278165221214294,0.3311993479728699
YCL069W,YIL124W,0,1.7905884,0.18060366809368134,0.7278165221214294,0.33129939436912537
YFL021W,YDL097C,0,1.7896681,0.18055899441242218,0.7278165221214294,0.33139941096305847
YJR016C,YNL223W,0,1.7894869,0.18051433563232422,0.7278165221214294,0.33149945735931396
YPL179W,YPL042C,0,1.7890656,0.18046972155570984,0.7278165221214294,0.33159947395324707
YJL004C,YOR278W,0,1.7887851,0.18042510747909546,0.7278165221214294,0.33169952034950256
YKL020C,YDL189W,0,1.7883456,0.18038052320480347,0.7278165221214294,0.33179953694343567
YBL087C,YDR393W,0,1.7881763,0.18033596873283386,0.7278165221214294,0.33189958333969116
YLR450W,YPL111W,0,1.7875737,0.18029142916202545,0.7278165221214294,0.33199959993362427
YMR282C,YKR031C,0,1.7875438,0.18024691939353943,0.7278165221214294,0.3320996165275574
YOR071C,YDL192W,0,1.7856553,0.1802024245262146,0.7278165221214294,0.33219966292381287
YMR224C,YMR307W,0,1.7833436,0.18015794456005096,0.7278165221214294,0.33229967951774597
YGR035C,YMR173W,0,1.783217,0.18011349439620972,0.7278165221214294,0.33239972591400146
YER147C,YDL145C,0,1.7829134,0.18006907403469086,0.7278165221214294,0.33249974250793457
YHL007C,YLR312C-B,1,1.7828246,0.18027126789093018,0.7288135886192322,0.33249974250793457
YGL223C,YKL200C,0,1.7821188,0.18022681772708893,0.7288135886192322,0.33259978890419006
YOR044W,YDR326C,0,1.780908,0.18018239736557007,0.7288135886192322,0.33269980549812317
YJL041W,YLR118C,0,1.7795801,0.1801379919052124,0.7288135886192322,0.33279985189437866
YGL206C,YGR296W,0,1.7791145,0.18009361624717712,0.7288135886192322,0.33289986848831177
YLR286C,YKL206C,0,1.7783281,0.18004925549030304,0.7288135886192322,0.3329998850822449
YOL158C,YDR423C,0,1.7782538,0.18000492453575134,0.7288135886192322,0.33309993147850037
YFL017W-A,YDR224C,0,1.7775848,0.17996060848236084,0.7288135886192322,0.33319994807243347
YJR151C,YGR155W,0,1.7769656,0.17991632223129272,0.7288135886192322,0.33329999446868896
YPR161C,YNL214W,0,1.7767456,0.1798720508813858,0.7288135886192322,0.33340001106262207
YIL074C,YPL188W,0,1.7762189,0.17982779443264008,0.7288135886192322,0.33350005745887756
YOR215C,YHR101C,0,1.7760227,0.17978356778621674,0.7288135886192322,0.33360007405281067
YGR283C,YOR156C,0,1.774715,0.17973937094211578,0.7288135886192322,0.33370012044906616
YGR223C,YHL003C,0,1.77416,0.17969518899917603,0.7288135886192322,0.33380013704299927
YER177W,YNL098C,1,1.7740216,0.1798967868089676,0.7298105955123901,0.33380013704299927
YMR273C,YHR005C,0,1.7739456,0.17985257506370544,0.7298105955123901,0.33390018343925476
YGL163C,YPL233W,0,1.7733403,0.17980840802192688,0.7298105955123901,0.33400020003318787
YNR018W,YGL067W,0,1.7730867,0.17976424098014832,0.7298105955123901,0.33410021662712097
YIL033C,YNL102W,0,1.7730733,0.17972010374069214,0.7298105955123901,0.33420026302337646
YHR142W,YCL004W,0,1.7716134,0.17967599630355835,0.7298105955123901,0.33430027961730957
YOR320C,YNR067C,0,1.7715728,0.17963190376758575,0.7298105955123901,0.33440032601356506
YBR128C,YOR324C,0,1.7713325,0.17958782613277435,0.7298105955123901,0.33450034260749817
YCL016C,YNL243W,0,1.77054,0.17954377830028534,0.7298105955123901,0.33460038900375366
YJR060W,YMR110C,0,1.7701566,0.1794997602701187,0.7298105955123901,0.33470040559768677
YNL121C,YOR358W,0,1.7691424,0.1794557422399521,0.7298105955123901,0.33480045199394226
YHR154W,YGL027C,0,1.7674996,0.17941176891326904,0.7298105955123901,0.33490046858787537
YDR086C,YDR400W,0,1.7663083,0.179367795586586,0.7298105955123901,0.33500051498413086
YKL165C,YKL181W,0,1.7661296,0.17932386696338654,0.7298105955123901,0.33510053157806396
YGL210W,YMR292W,0,1.7654922,0.17927993834018707,0.7298105955123901,0.33520054817199707
YDR536W,YLL038C,0,1.7642668,0.17923603951931,0.7298105955123901,0.33530059456825256
YNR017W,YGL049C,0,1.7634602,0.1791921705007553,0.7298105955123901,0.33540061116218567
YGR135W,YNL210W,0,1.7632098,0.17914831638336182,0.7298105955123901,0.33550065755844116
YLR452C,YGR024C,0,1.763021,0.17910447716712952,0.7298105955123901,0.33560067415237427
YGL085W,YLR075W,0,1.7611874,0.1790606677532196,0.7298105955123901,0.33570072054862976
YDR531W,YLR433C,0,1.761056,0.1790168732404709,0.7298105955123901,0.33580073714256287
YNR018W,YOR393W,0,1.7609469,0.17897310853004456,0.7298105955123901,0.33590078353881836
YOL086C,YAR007C,0,1.7608522,0.17892935872077942,0.7298105955123901,0.33600080013275146
YOR353C,YJR073C,0,1.760828,0.17888562381267548,0.7298105955123901,0.33610081672668457
YJL166W,YFR003C,0,1.7601284,0.17884191870689392,0.7298105955123901,0.33620086312294006
YNL098C,YAL041W,1,1.7588909,0.1790425032377243,0.7308076024055481,0.33620086312294006
YOR084W,YKL007W,0,1.758624,0.17899878323078156,0.7308076024055481,0.33630087971687317
YOL125W,YER153C,0,1.7586011,0.178955078125,0.7308076024055481,0.33640092611312866
YLR251W,YJR135C,0,1.7580733,0.17891140282154083,0.7308076024055481,0.33650094270706177
YBR120C,YMR099C,0,1.7573771,0.17886774241924286,0.7308076024055481,0.33660098910331726
YHR111W,YDR392W,1,1.7565558,0.17906805872917175,0.731804609298706,0.33660098910331726
YBR022W,YJR032W,0,1.7564833,0.17902438342571259,0.731804609298706,0.33670100569725037
YOR124C,YGR239C,0,1.7560732,0.1789807379245758,0.731804609298706,0.33680105209350586
YLR060W,YNL048W,0,1.7552888,0.17893710732460022,0.731804609298706,0.33690106868743896
YEL043W,YDL190C,0,1.7551872,0.17889349162578583,0.731804609298706,0.33700111508369446
YLR353W,YDL159W,1,1.7545513,0.17909356951713562,0.732801616191864,0.33700111508369446
YLR425W,YDR138W,0,1.7542263,0.17904993891716003,0.732801616191864,0.33710113167762756
YIR009W,YDL072C,0,1.7533324,0.17900633811950684,0.732801616191864,0.33720114827156067
YLR362W,YNL138W,1,1.7531298,0.1792062371969223,0.733798623085022,0.33720114827156067
YBR038W,YGL107C,0,1.7525003,0.17916260659694672,0.733798623085022,0.33730119466781616
YML011C,YCL059C,0,1.7524791,0.17911900579929352,0.733798623085022,0.33740121126174927
YER108C,YDR432W,1,1.7519907,0.17931874096393585,0.7347956299781799,0.33740121126174927
YBR125C,YPL208W,0,1.7518653,0.17927511036396027,0.7347956299781799,0.33750125765800476
YGL168W,YBL011W,0,1.7508973,0.17923152446746826,0.7347956299781799,0.33760127425193787
YLR215C,YGR097W,0,1.7505933,0.17918793857097626,0.7347956299781799,0.33770132064819336
YGL212W,YDR242W,0,1.7490983,0.17914438247680664,0.7347956299781799,0.33780133724212646
YDR270W,YKL006W,0,1.7473639,0.1791008561849594,0.7347956299781799,0.33790138363838196
YJL155C,YDR260C,0,1.7471195,0.17905732989311218,0.7347956299781799,0.33800140023231506
YJL069C,YBL106C,0,1.7465535,0.17901384830474854,0.7347956299781799,0.33810141682624817
YKL054C,YNR047W,0,1.745774,0.1789703667163849,0.7347956299781799,0.33820146322250366
YCL014W,YOR301W,0,1.7455984,0.17892692983150482,0.7347956299781799,0.33830147981643677
YBR158W,YGR105W,0,1.7452497,0.17888349294662476,0.7347956299781799,0.33840152621269226
YNL122C,YHR014W,0,1.7446204,0.17884008586406708,0.7347956299781799,0.33850154280662537
YOR026W,YOR308C,0,1.7439632,0.1787966936826706,0.7347956299781799,0.33860158920288086
YPL248C,YHR206W,0,1.7435077,0.1787533313035965,0.7347956299781799,0.33870160579681396
YGL198W,YAL015C,0,1.7418306,0.1787099838256836,0.7347956299781799,0.33880165219306946
YJR153W,YER025W,0,1.7418106,0.17866666615009308,0.7347956299781799,0.33890166878700256
YJL168C,YPL090C,0,1.7414031,0.17862336337566376,0.7347956299781799,0.33900171518325806
YDR239C,YMR156C,0,1.7406275,0.17858007550239563,0.7347956299781799,0.33910173177719116
YKR079C,YPL017C,0,1.7402747,0.1785368174314499,0.7347956299781799,0.33920174837112427
YIL046W,YJR135C,0,1.7398307,0.17849358916282654,0.7347956299781799,0.33930179476737976
YKL149C,YDR392W,1,1.7391943,0.17869248986244202,0.7357926368713379,0.33930179476737976
YDR300C,YOL121C,0,1.7371268,0.17864923179149628,0.7357926368713379,0.33940181136131287
YGR063C,YDL119C,0,1.734797,0.17860600352287292,0.7357926368713379,0.33950185775756836
YEL018W,YDL139C,0,1.7344995,0.17856279015541077,0.7357926368713379,0.33960187435150146
YPL076W,YCL004W,0,1.7339087,0.1785195916891098,0.7357926368713379,0.33970192074775696
YER033C,YMR275C,0,1.7336291,0.17847642302513123,0.7357926368713379,0.33980193734169006
YHR027C,YBR074W,0,1.7334157,0.17843326926231384,0.7357926368713379,0.33990198373794556
YMR316W,YER108C,1,1.7331206,0.17863185703754425,0.7367896437644958,0.33990198373794556
YDL099W,YDR263C,0,1.7324739,0.17858868837356567,0.7367896437644958,0.34000200033187866
YNL136W,YLR039C,0,1.7322423,0.17854554951190948,0.7367896437644958,0.34010201692581177
YEL051W,YPL139C,0,1.7321625,0.1785024106502533,0.7367896437644958,0.34020206332206726
YLR008C,YNL318C,0,1.7318212,0.1784593164920807,0.7367896437644958,0.34030207991600037
YOL071W,YKR050W,0,1.7315001,0.17841622233390808,0.7367896437644958,0.34040212631225586
YOR249C,YDR323C,0,1.7314928,0.17837315797805786,0.7367896437644958,0.34050214290618896
YDR167W,YCL044C,0,1.7307463,0.17833010852336884,0.7367896437644958,0.34060218930244446
YGR060W,YMR296C,0,1.7304988,0.1782870888710022,0.7367896437644958,0.34070220589637756
YLL045C,YJR001W,0,1.7301071,0.17824408411979675,0.7367896437644958,0.34080225229263306
YDR309C,YHR037W,0,1.7300279,0.1782011091709137,0.7367896437644958,0.34090226888656616
YBL057C,YJL058C,0,1.7297537,0.17815814912319183,0.7367896437644958,0.34100231528282166
YPR191W,YDR356W,0,1.7296685,0.17811520397663116,0.7367896437644958,0.34110233187675476
YGR055W,YKL138C,0,1.7295531,0.17807228863239288,0.7367896437644958,0.34120234847068787
YNL207W,YJR051W,0,1.7295202,0.1780293881893158,0.7367896437644958,0.34130239486694336
YLR359W,YNL153C,0,1.7294837,0.1779865175485611,0.7367896437644958,0.34140241146087646
YDL083C,YIR037W,0,1.7291107,0.1779436618089676,0.7367896437644958,0.34150245785713196
YHR111W,YLR312C-B,1,1.7286534,0.1781415492296219,0.7377866506576538,0.34150245785713196
YLR098C,YPL254W,0,1.7281102,0.1780986785888672,0.7377866506576538,0.34160247445106506
YEL024W,YDR323C,0,1.7279245,0.17805582284927368,0.7377866506576538,0.34170252084732056
YER104W,YLL038C,0,1.7277443,0.17801299691200256,0.7377866506576538,0.34180253744125366
YMR311C,YML049C,0,1.7257619,0.17797017097473145,0.7377866506576538,0.34190258383750916
YLL024C,YPR011C,0,1.7243971,0.1779273897409439,0.7377866506576538,0.34200260043144226
YDR211W,YKR100C,0,1.7237077,0.17788460850715637,0.7377866506576538,0.34210261702537537
YMR292W,YOL136C,0,1.7234621,0.17784187197685242,0.7377866506576538,0.34220266342163086
YLR362W,YER149C,1,1.723388,0.17803940176963806,0.7387836575508118,0.34220266342163086
YAL010C,YDR239C,0,1.7227615,0.17799663543701172,0.7387836575508118,0.34230268001556396
YER110C,YOR092W,0,1.7220104,0.17795388400554657,0.7387836575508118,0.34240272641181946
YNL130C,YKL126W,0,1.71977,0.1779111623764038,0.7387836575508118,0.34250274300575256
YPL097W,YDR235W,0,1.7189369,0.17786845564842224,0.7387836575508118,0.34260278940200806
YDL024C,YKL048C,1,1.7172647,0.17806576192378998,0.7397806644439697,0.34260278940200806
YNR071C,YLR015W,0,1.7172086,0.17802302539348602,0.7397806644439697,0.34270280599594116
YER095W,YLR209C,0,1.717015,0.17798033356666565,0.7397806644439697,0.34280285239219666
YLL013C,YAL012W,0,1.7162037,0.17793765664100647,0.7397806644439697,0.34290286898612976
YCR035C,YLL040C,0,1.7161561,0.17789499461650848,0.7397806644439697,0.34300291538238525
YEL036C,YNL059C,0,1.7160659,0.1778523474931717,0.7397806644439697,0.34310293197631836
YGR046W,YLR015W,0,1.7155664,0.1778097301721573,0.7397806644439697,0.34320294857025146
YIR026C,YDR532C,0,1.7151356,0.17776712775230408,0.7397806644439697,0.34330299496650696
YOR147W,YLR015W,0,1.7147865,0.17772455513477325,0.7397806644439697,0.34340301156044006
YDR392W,YDL111C,0,1.7144333,0.17768199741840363,0.7397806644439697,0.34350305795669556
YGR058W,YGR120C,0,1.71421,0.1776394546031952,0.7397806644439697,0.34360307455062866
YNL267W,YJR078W,0,1.7129638,0.17759694159030914,0.7397806644439697,0.34370312094688416
YPL098C,YDR135C,0,1.7121179,0.1775544434785843,0.7397806644439697,0.34380313754081726
YMR098C,YMR200W,0,1.7110426,0.17751196026802063,0.7397806644439697,0.34390318393707275
YDL039C,YIR023W,0,1.7108788,0.17746950685977936,0.7397806644439697,0.34400320053100586
YNL128W,YIL119C,0,1.7108579,0.17742706835269928,0.7397806644439697,0.34410321712493896
YEL022W,YKL094W,0,1.7104644,0.1773846447467804,0.7397806644439697,0.34420326352119446
YDR477W,YNL138W,1,1.710345,0.17758126556873322,0.7407776713371277,0.34420326352119446
YML104C,YLR045C,0,1.7097878,0.17753882706165314,0.7407776713371277,0.34430328011512756
YPL134C,YDR246W,0,1.7095628,0.17749641835689545,0.7407776713371277,0.34440332651138306
YMR094W,YHR139C,0,1.7095394,0.17745402455329895,0.7407776713371277,0.34450334310531616
YNL304W,YLR052W,0,1.7095338,0.17741164565086365,0.7407776713371277,0.34460338950157166
YLR287C-A,YAL012W,0,1.7092383,0.17736929655075073,0.7407776713371277,0.34470340609550476
YDR325W,YCR037C,0,1.709086,0.177326962351799,0.7407776713371277,0.34480345249176025
YLR312C-B,YIL049W,1,1.7088565,0.17752327024936676,0.7417746782302856,0.34480345249176025
YAL056W,YKL043W,1,1.7084587,0.17771945893764496,0.7427716851234436,0.34480345249176025
YCL034W,YLR315W,0,1.7072706,0.17767708003520966,0.7427716851234436,0.34490346908569336
YDL205C,YDL220C,0,1.7068717,0.17763471603393555,0.7427716851234436,0.34500351548194885
YER149C,YER113C,1,1.7061341,0.1778307557106018,0.7437686920166016,0.34500351548194885
YBR031W,YLR419W,0,1.7053751,0.1777883768081665,0.7437686920166016,0.34510353207588196
YKR083C,YGR116W,0,1.7053713,0.1777460128068924,0.7437686920166016,0.34520354866981506
YDL015C,YBL005W,0,1.704598,0.17770366370677948,0.7437686920166016,0.34530359506607056
YHR073W,YER109C,1,1.7032845,0.17789949476718903,0.7447656989097595,0.34530359506607056
YBR254C,YHR150W,0,1.7032609,0.1778571456670761,0.7447656989097595,0.34540361166000366
YGL039W,YNL029C,0,1.7027293,0.1778148114681244,0.7447656989097595,0.34550365805625916
YLR425W,YFL056C,0,1.7023494,0.17777249217033386,0.7447656989097595,0.34560367465019226
YLL050C,YNL091W,0,1.7015352,0.17773018777370453,0.7447656989097595,0.34570372104644775
YJR153W,YNL138W,1,1.7010139,0.17792578041553497,0.7457627058029175,0.34570372104644775
YPR128C,YPR120C,0,1.7004325,0.17788347601890564,0.7457627058029175,0.34580373764038086
YKL138C,YAR019C,0,1.7000118,0.1778411865234375,0.7457627058029175,0.34590378403663635
YKL015W,YGR106C,0,1.6998562,0.17779891192913055,0.7457627058029175,0.34600380063056946
YEL040W,YOR209C,0,1.6994116,0.1777566522359848,0.7457627058029175,0.34610381722450256
YGL116W,YPR196W,0,1.6993876,0.17771442234516144,0.7457627058029175,0.34620386362075806
YJR098C,YDL204W,0,1.6991411,0.17767220735549927,0.7457627058029175,0.34630388021469116
YPR133C,YGR170W,0,1.6989653,0.17763002216815948,0.7457627058029175,0.34640392661094666
YPR186C,YEL005C,0,1.6989293,0.1775878369808197,0.7457627058029175,0.34650394320487976
YGR118W,YGL089C,0,1.6988173,0.1775456964969635,0.7457627058029175,0.34660398960113525
YMR228W,YMR091C,0,1.6984022,0.1775035560131073,0.7457627058029175,0.34670400619506836
YLR109W,YJL057C,0,1.698311,0.1774614453315735,0.7457627058029175,0.34680405259132385
YLL055W,YNL231C,0,1.6979051,0.17741934955120087,0.7457627058029175,0.34690406918525696
YDL159W,YNL068C,1,1.6974115,0.17761442065238953,0.7467597126960754,0.34690406918525696
YCR009C,YBR299W,0,1.6967356,0.1775723099708557,0.7467597126960754,0.34700411558151245
YJR135W-A,YDL077C,0,1.6958772,0.1775302141904831,0.7467597126960754,0.34710413217544556
YGL116W,YJR150C,0,1.6951522,0.17748814821243286,0.7467597126960754,0.34720414876937866
YKL190W,YEL027W,0,1.694586,0.17744609713554382,0.7467597126960754,0.34730419516563416
YLR165C,YGR057C,0,1.6939784,0.17740407586097717,0.7467597126960754,0.34740421175956726
YGL076C,YDR245W,0,1.6934576,0.17736206948757172,0.7467597126960754,0.34750425815582275
YPL028W,YDL134C,0,1.6933954,0.17732007801532745,0.7467597126960754,0.34760427474975586
YDR120C,YLR300W,0,1.6931852,0.17727810144424438,0.7467597126960754,0.34770432114601135
YGR014W,YFL010W-A,0,1.6917634,0.1772361546754837,0.7467597126960754,0.34780433773994446
YOR251C,YNL146W,0,1.6909446,0.17719422280788422,0.7467597126960754,0.34790438413619995
YFR032C-A,YNL077W,0,1.6907009,0.17715232074260712,0.7467597126960754,0.34800440073013306
YJL013C,YOL139C,0,1.6906829,0.1771104335784912,0.7467597126960754,0.34810441732406616
YFL041W,YDL231C,0,1.6901822,0.1770685613155365,0.7467597126960754,0.34820446372032166
YGR060W,YOR222W,0,1.6901076,0.17702670395374298,0.7467597126960754,0.34830448031425476
YCL047C,YNR022C,0,1.6896386,0.17698487639427185,0.7467597126960754,0.34840452671051025
YDR332W,YCL003W,0,1.689138,0.17694306373596191,0.7467597126960754,0.34850454330444336
YNL290W,YDR032C,0,1.6886698,0.17690128087997437,0.7467597126960754,0.34860458970069885
YCR096C,YOL052C,0,1.6883478,0.17685949802398682,0.7467597126960754,0.34870460629463196
YOR310C,YJR041C,0,1.6880918,0.17681775987148285,0.7467597126960754,0.34880465269088745
YNL015W,YGR040W,0,1.6878465,0.17677602171897888,0.7467597126960754,0.34890466928482056
YER095W,YMR227C,0,1.6877314,0.1767343133687973,0.7467597126960754,0.34900471568107605
YLR390W,YDR341C,0,1.6876438,0.17669261991977692,0.7467597126960754,0.34910473227500916
YPL174C,YCR105W,0,1.6869669,0.17665094137191772,0.7467597126960754,0.34920474886894226
YIL009C-A,YPL280W,0,1.6869103,0.17660929262638092,0.7467597126960754,0.34930479526519775
YGR044C,YFL029C,0,1.6867701,0.1765676587820053,0.7467597126960754,0.34940481185913086
YJR031C,YPR184W,0,1.6861467,0.1765260398387909,0.7467597126960754,0.34950485825538635
YCR046C,YPL133C,0,1.6854339,0.17648445069789886,0.7467597126960754,0.34960487484931946
YPR133W-A,YMR048W,0,1.6850919,0.17644287645816803,0.7467597126960754,0.34970492124557495
YPL103C,YHR156C,0,1.6849532,0.1764013171195984,0.7467597126960754,0.34980493783950806
YDR226W,YGL211W,0,1.6847966,0.17635978758335114,0.7467597126960754,0.34990498423576355
YNL041C,YJR130C,0,1.6847119,0.17631827294826508,0.7467597126960754,0.35000500082969666
YPL051W,YPR175W,0,1.6832316,0.1762767732143402,0.7467597126960754,0.35010501742362976
YNL166C,YLL011W,0,1.6828383,0.17623528838157654,0.7467597126960754,0.35020506381988525
YPL281C,YKL007W,0,1.6828234,0.17619383335113525,0.7467597126960754,0.35030508041381836
YGR014W,YLL029W,0,1.6809103,0.17615239322185516,0.7467597126960754,0.35040512681007385
YGL171W,YBL028C,0,1.6799167,0.17611098289489746,0.7467597126960754,0.35050514340400696
YLR204W,YNL248C,0,1.6798768,0.17606958746910095,0.7467597126960754,0.35060518980026245
YJL052W,YER108C,0,1.6794294,0.17602820694446564,0.7467597126960754,0.35070520639419556
YNL282W,YHR024C,0,1.6782398,0.17598684132099152,0.7467597126960754,0.35080525279045105
YLR373C,YBL075C,0,1.6777501,0.17594550549983978,0.7467597126960754,0.35090526938438416
YLR020C,YDR395W,0,1.6769023,0.17590418457984924,0.7467597126960754,0.35100531578063965
YHR111W,YNL298W,1,1.676407,0.17609767615795135,0.7477567195892334,0.35100531578063965
YIR017C,YDR052C,0,1.6762105,0.17605634033679962,0.7477567195892334,0.35110533237457275
YBR085W,YNL061W,0,1.6756907,0.17601501941680908,0.7477567195892334,0.35120534896850586
YJL025W,YPR191W,0,1.675295,0.17597372829914093,0.7477567195892334,0.35130539536476135
YLR333C,YOR176W,0,1.6745052,0.17593243718147278,0.7477567195892334,0.35140541195869446
YKL149C,YLR362W,1,1.6744626,0.17612570524215698,0.7487537264823914,0.35140541195869446
YDR466W,YNL339C,0,1.674273,0.17608441412448883,0.7487537264823914,0.35150545835494995
YNL096C,YER029C,0,1.6737058,0.17604313790798187,0.7487537264823914,0.35160547494888306
YPL146C,YDR497C,0,1.6732103,0.1760018765926361,0.7487537264823914,0.35170552134513855
YLR362W,YDR107C,1,1.6729726,0.1761949360370636,0.7497507333755493,0.35170552134513855
YJL128C,YNL166C,0,1.6727633,0.17615365982055664,0.7497507333755493,0.35180553793907166
YAR035W,YGL241W,0,1.6723293,0.17611241340637207,0.7497507333755493,0.35190558433532715
YMR247C,YDR247W,0,1.6719751,0.1760711818933487,0.7497507333755493,0.35200560092926025
YGR262C,YPL280W,0,1.6718383,0.1760299652814865,0.7497507333755493,0.35210561752319336
YPR081C,YMR195W,0,1.6716444,0.17598876357078552,0.7497507333755493,0.35220566391944885
YNL178W,YHR074W,0,1.6714419,0.17594759166240692,0.7497507333755493,0.35230568051338196
YLR270W,YDR416W,0,1.6708035,0.17590643465518951,0.7497507333755493,0.35240572690963745
YML127W,YDR213W,0,1.6707357,0.1758652925491333,0.7497507333755493,0.35250574350357056
YOR222W,YPL018W,0,1.6702847,0.17582418024539948,0.7497507333755493,0.35260578989982605
YJR133W,YKL069W,0,1.6689789,0.17578308284282684,0.7497507333755493,0.35270580649375916
YDL040C,YGR009C,0,1.6672056,0.1757420003414154,0.7497507333755493,0.35280585289001465
YJL194W,YBL008W,0,1.666383,0.17570093274116516,0.7497507333755493,0.35290586948394775
YBR048W,YER177W,0,1.6662492,0.1756598949432373,0.7497507333755493,0.35300591588020325
YBL025W,YPL167C,0,1.666209,0.17561887204647064,0.7497507333755493,0.35310593247413635
YOR319W,YPL188W,0,1.6659116,0.17557786405086517,0.7497507333755493,0.35320594906806946
YCR077C,YKL130C,0,1.6658423,0.1755368858575821,0.7497507333755493,0.35330599546432495
YDL245C,YDR515W,0,1.6657021,0.1754959225654602,0.7497507333755493,0.35340601205825806
YNL258C,YDR022C,0,1.6652634,0.1754549741744995,0.7497507333755493,0.35350605845451355
YOL055C,YNL227C,0,1.6646767,0.1754140406847,0.7497507333755493,0.35360607504844666
YKL212W,YPL274W,0,1.6641496,0.1753731369972229,0.7497507333755493,0.35370612144470215
YDR013W,YMR233W,0,1.6638103,0.17533224821090698,0.7497507333755493,0.35380613803863525
YGR081C,YHR205W,0,1.662877,0.17529137432575226,0.7497507333755493,0.35390618443489075
YHR205W,YMR115W,0,1.6621715,0.17525053024291992,0.7497507333755493,0.35400620102882385
YNL129W,YDL140C,0,1.6612463,0.17520968616008759,0.7497507333755493,0.35410621762275696
YOR247W,YMR042W,0,1.6602769,0.17516888678073883,0.7497507333755493,0.35420626401901245
YGL185C,YPL040C,0,1.6598763,0.17512808740139008,0.7497507333755493,0.35430628061294556
YLR246W,YBR055C,0,1.6596048,0.1750873178243637,0.7497507333755493,0.35440632700920105
YIL068C,YPR184W,0,1.6586764,0.17504654824733734,0.7497507333755493,0.35450634360313416
YKL085W,YOR244W,0,1.6586399,0.17500582337379456,0.7497507333755493,0.35460638999938965
YER090W,YHR080C,0,1.6583116,0.17496509850025177,0.7497507333755493,0.35470640659332275
YHR081W,YMR114C,0,1.6577876,0.17492440342903137,0.7497507333755493,0.35480645298957825
YFR031C-A,YBR091C,0,1.6577501,0.17488372325897217,0.7497507333755493,0.35490646958351135
YLR047C,YOR119C,0,1.6574473,0.17484305799007416,0.7497507333755493,0.35500651597976685
YPL154C,YGL171W,0,1.6571767,0.17480242252349854,0.7497507333755493,0.35510653257369995
YDR520C,YPL002C,0,1.6549175,0.1747617870569229,0.7497507333755493,0.35520654916763306
YBR214W,YPL036W,0,1.6544248,0.17472119629383087,0.7497507333755493,0.35530659556388855
YOR371C,YLR083C,1,1.6541023,0.17491288483142853,0.7507477402687073,0.35530659556388855
YML027W,YNR028W,0,1.654049,0.1748722642660141,0.7507477402687073,0.35540661215782166
YDR469W,YJL089W,0,1.6536525,0.17483167350292206,0.7507477402687073,0.35550665855407715
YOR253W,YDR091C,0,1.6536491,0.17479108273983002,0.7507477402687073,0.35560667514801025
YJL221C,YDR128W,0,1.652828,0.17475052177906036,0.7507477402687073,0.35570672154426575
YNL006W,YPL075W,0,1.6526625,0.1747099757194519,0.7507477402687073,0.35580673813819885
YDR126W,YBR040W,0,1.6522932,0.17466944456100464,0.7507477402687073,0.35590678453445435
YDR100W,YPL130W,0,1.6521355,0.17462894320487976,0.7507477402687073,0.35600680112838745
YPL155C,YML027W,0,1.6515133,0.17458845674991608,0.7507477402687073,0.35610681772232056
YGL226C-A,YDL106C,0,1.6496899,0.1745479851961136,0.7507477402687073,0.35620686411857605
YKL129C,YER091C,0,1.6495634,0.1745075285434723,0.7507477402687073,0.35630688071250916
YDR190C,YLR006C,0,1.6494936,0.17446710169315338,0.7507477402687073,0.35640692710876465
YGL238W,YMR171C,0,1.6486405,0.17442668974399567,0.7507477402687073,0.35650694370269775
YOL002C,YOR113W,0,1.6482008,0.17438629269599915,0.7507477402687073,0.35660699009895325
YOR315W,YJR040W,0,1.6477921,0.17434591054916382,0.7507477402687073,0.35670700669288635
YER154W,YGL158W,0,1.6476218,0.17430555820465088,0.7507477402687073,0.35680705308914185
YGR036C,YBL091C,0,1.6475017,0.17426522076129913,0.7507477402687073,0.35690706968307495
YNL197C,YDR432W,1,1.6447847,0.17445626854896545,0.7517447471618652,0.35690706968307495
YIL140W,YAL060W,0,1.6445479,0.17441591620445251,0.7517447471618652,0.35700711607933044
YDR107C,YHR084W,1,1.6437528,0.17460684478282928,0.7527417540550232,0.35700711607933044
YJL060W,YER096W,0,1.6435425,0.17456647753715515,0.7527417540550232,0.35710713267326355
YIL052C,YKL135C,0,1.6428714,0.1745261251926422,0.7527417540550232,0.35720714926719666
YPR100W,YOR117W,0,1.6427715,0.17448578774929047,0.7527417540550232,0.35730719566345215
YPL103C,YDR320C,0,1.6425954,0.17444546520709991,0.7527417540550232,0.35740721225738525
YJR058C,YNR011C,0,1.6414076,0.17440517246723175,0.7527417540550232,0.35750725865364075
YOL156W,YMR261C,0,1.6407417,0.17436489462852478,0.7527417540550232,0.35760727524757385
YOL077C,YDR233C,0,1.6404696,0.174324631690979,0.7527417540550232,0.35770732164382935
YDL231C,YHR120W,0,1.6401759,0.17428439855575562,0.7527417540550232,0.35780733823776245
YAL020C,YGR020C,0,1.639684,0.17424416542053223,0.7527417540550232,0.35790738463401794
YKL156W,YNR061C,0,1.6390805,0.17420396208763123,0.7527417540550232,0.35800740122795105
YER177W,YDR099W,1,1.6390718,0.17439445853233337,0.7537387609481812,0.35800740122795105
YPR138C,YIL106W,0,1.6388125,0.17435424029827118,0.7537387609481812,0.35810741782188416
YKL179C,YGR070W,0,1.6382664,0.17431403696537018,0.7537387609481812,0.35820746421813965
YJR058C,YPL040C,0,1.637948,0.17427386343479156,0.7537387609481812,0.35830748081207275
YLR014C,YPL092W,0,1.6376127,0.17423368990421295,0.7537387609481812,0.35840752720832825
YBR118W,YKL043W,0,1.637341,0.17419354617595673,0.7537387609481812,0.35850754380226135
YLR260W,YDR151C,0,1.6372681,0.1741534173488617,0.7537387609481812,0.35860759019851685
YHR084W,YGL190C,1,1.6366434,0.17434361577033997,0.7547357678413391,0.35860759019851685
YML015C,YBR085W,0,1.6359738,0.17430347204208374,0.7547357678413391,0.35870760679244995
YJL109C,YBR257W,0,1.635689,0.1742633581161499,0.7547357678413391,0.35880765318870544
YMR300C,YAL054C,0,1.6354325,0.17422324419021606,0.7547357678413391,0.35890766978263855
YLR085C,YOR386W,0,1.6341634,0.17418316006660461,0.7547357678413391,0.35900771617889404
YER111C,YLR186W,0,1.6339828,0.17414309084415436,0.7547357678413391,0.35910773277282715
YPR122W,YMR114C,0,1.6331959,0.1741030365228653,0.7547357678413391,0.35920774936676025
YNL298W,YDL106C,0,1.6329484,0.17406299710273743,0.7547357678413391,0.35930779576301575
YMR168C,YMR004W,0,1.6329252,0.17402298748493195,0.7547357678413391,0.35940781235694885
YGL192W,YBR015C,0,1.6327181,0.17398299276828766,0.7547357678413391,0.35950785875320435
YDR233C,YNL283C,0,1.6325232,0.17394301295280457,0.7547357678413391,0.35960787534713745
YKL149C,YHL007C,1,1.63248,0.17413277924060822,0.7557327747344971,0.35960787534713745
YDR285W,YDR164C,0,1.6308045,0.17409278452396393,0.7557327747344971,0.35970792174339294
YIL007C,YBR260C,0,1.6306074,0.17405281960964203,0.7557327747344971,0.35980793833732605
YGL122C,YPL274W,0,1.630512,0.17401285469532013,0.7557327747344971,0.35990798473358154
YPR036W,YDR145W,0,1.6303177,0.17397291958332062,0.7557327747344971,0.36000800132751465
YMR195W,YDR363W-A,0,1.6298116,0.1739329993724823,0.7557327747344971,0.36010801792144775
YAL012W,YNL036W,0,1.6293198,0.17389309406280518,0.7557327747344971,0.36020806431770325
YBR299W,YMR123W,0,1.6291804,0.17385320365428925,0.7557327747344971,0.36030808091163635
YOL139C,YHL035C,0,1.6290919,0.1738133430480957,0.7557327747344971,0.36040812730789185
YPL248C,YDL139C,0,1.629003,0.17377349734306335,0.7557327747344971,0.36050814390182495
YIL006W,YDR116C,0,1.6289363,0.1737336665391922,0.7557327747344971,0.36060819029808044
YLR409C,YLR103C,0,1.6282018,0.17369386553764343,0.7557327747344971,0.36070820689201355
YLR359W,YJR131W,0,1.6271658,0.17365406453609467,0.7557327747344971,0.36080825328826904
YDR004W,YOR211C,0,1.6258546,0.1736142933368683,0.7557327747344971,0.36090826988220215
YMR297W,YJR068W,0,1.6251532,0.1735745370388031,0.7557327747344971,0.36100831627845764
YOL093W,YDR297W,0,1.6230808,0.1735347956418991,0.7557327747344971,0.36110833287239075
YGR037C,YEL038W,0,1.6226895,0.1734950840473175,0.7557327747344971,0.36120834946632385
YNR032C-A,YJR045C,0,1.6223416,0.1734553724527359,0.7557327747344971,0.36130839586257935
YDL029W,YLR441C,0,1.6219927,0.17341569066047668,0.7557327747344971,0.36140841245651245
YFL045C,YNR003C,0,1.6216826,0.17337602376937866,0.7557327747344971,0.36150845885276794
YDR174W,YLR288C,0,1.6202666,0.17333638668060303,0.7557327747344971,0.36160847544670105
YOL056W,YLR451W,0,1.6200712,0.1732967495918274,0.7557327747344971,0.36170852184295654
YLR312C-B,YER108C,1,1.619191,0.17348571121692657,0.756729781627655,0.36170852184295654
YLR312C-B,YER109C,1,1.619191,0.1736745834350586,0.7577268481254578,0.36170852184295654
YKL174C,YHR150W,0,1.6187465,0.17363491654396057,0.7577268481254578,0.36180853843688965
YKL206C,YMR292W,0,1.6183606,0.17359524965286255,0.7577268481254578,0.36190858483314514
YBR029C,YHR136C,0,1.6178015,0.17355561256408691,0.7577268481254578,0.36200860142707825
YOR327C,YDL072C,0,1.6172035,0.17351597547531128,0.7577268481254578,0.36210861802101135
YIL030C,YBR211C,0,1.6170108,0.17347636818885803,0.7577268481254578,0.36220866441726685
YPL103C,YDR251W,0,1.6164281,0.17343679070472717,0.7577268481254578,0.36230868101119995
YDL190C,YPL085W,0,1.6159247,0.1733972132205963,0.7577268481254578,0.36240872740745544
YHR052W,YGR105W,0,1.6155112,0.17335766553878784,0.7577268481254578,0.36250874400138855
YDL105W,YHR025W,0,1.6153944,0.17331813275814056,0.7577268481254578,0.36260879039764404
YML133C,YGR032W,0,1.6150182,0.17327861487865448,0.7577268481254578,0.36270880699157715
YGR216C,YHR211W,0,1.6141325,0.1732391119003296,0.7577268481254578,0.36280885338783264
YDR060W,YDL220C,0,1.6141114,0.1731996387243271,0.7577268481254578,0.36290886998176575
YLR033W,YAR018C,0,1.6135952,0.17316018044948578,0.7577268481254578,0.36300891637802124
YIL002C,YLR145W,0,1.6134135,0.17312072217464447,0.7577268481254578,0.36310893297195435
YGR244C,YJR082C,0,1.6131444,0.17308130860328674,0.7577268481254578,0.36320894956588745
YNR004W,YOR288C,0,1.6130254,0.17304189503192902,0.7577268481254578,0.36330899596214294
YOR030W,YAL041W,1,1.6123102,0.1732301414012909,0.7587238550186157,0.36330899596214294
YBL072C,YGL122C,0,1.6119461,0.17319071292877197,0.7587238550186157,0.36340901255607605
YDL160C,YFL033C,0,1.6111413,0.17315131425857544,0.7587238550186157,0.36350905895233154
YDR093W,YJL190C,0,1.6110752,0.1731119155883789,0.7587238550186157,0.36360907554626465
YOR249C,YKL132C,0,1.6092166,0.17307254672050476,0.7587238550186157,0.36370912194252014
YHR030C,YOL002C,0,1.6091664,0.1730331927537918,0.7587238550186157,0.36380913853645325
YNL230C,YJL097W,0,1.6090648,0.17299386858940125,0.7587238550186157,0.36390918493270874
YMR008C,YMR023C,0,1.6071005,0.17295454442501068,0.7587238550186157,0.36400920152664185
YMR013C,YDR423C,0,1.6069415,0.1729152500629425,0.7587238550186157,0.36410921812057495
YMR182C,YGL236C,0,1.6064647,0.17287597060203552,0.7587238550186157,0.36420926451683044
YOR359W,YPL234C,0,1.6059573,0.17283670604228973,0.7587238550186157,0.36430928111076355
YPL019C,YPL262W,0,1.6059278,0.17279745638370514,0.7587238550186157,0.36440932750701904
YAL038W,YBR121C,0,1.6034403,0.17275823652744293,0.7587238550186157,0.36450934410095215
YMR239C,YDR441C,0,1.6034346,0.17271901667118073,0.7587238550186157,0.36460939049720764
YKR027W,YKL006C-A,0,1.6030651,0.1726798266172409,0.7587238550186157,0.36470940709114075
YAL030W,YGL216W,0,1.6029413,0.17264065146446228,0.7587238550186157,0.36480945348739624
YDL065C,YNL325C,0,1.602713,0.17260149121284485,0.7587238550186157,0.36490947008132935
YBR128C,YJL212C,0,1.6025542,0.1725623607635498,0.7587238550186157,0.36500951647758484
YKL149C,YJR153W,1,1.6024361,0.17274993658065796,0.7597208619117737,0.36500951647758484
YGR167W,YDL220C,0,1.6024046,0.17271079123020172,0.7597208619117737,0.36510953307151794
YDR099W,YGL190C,1,1.6007825,0.17289824783802032,0.7607178688049316,0.36510953307151794
YJR153W,YDR375C,0,1.600736,0.1728590875864029,0.7607178688049316,0.36520954966545105
YDR530C,YER093C,0,1.5994585,0.17281992733478546,0.7607178688049316,0.36530959606170654
YPL101W,YOR206W,0,1.5994322,0.17278079688549042,0.7607178688049316,0.36540961265563965
YPL150W,YHR120W,0,1.5992302,0.17274168133735657,0.7607178688049316,0.36550965905189514
YPL033C,YIL142W,0,1.5962019,0.1727025806903839,0.7607178688049316,0.36560967564582825
YOR067C,YDR453C,0,1.5960238,0.17266349494457245,0.7607178688049316,0.36570972204208374
YMR004W,YDL220C,0,1.594239,0.17262443900108337,0.7607178688049316,0.36580973863601685
YER108C,YHR084W,1,1.5939279,0.1728115826845169,0.7617148756980896,0.36580973863601685
YMR243C,YGL136C,0,1.5934601,0.17277249693870544,0.7617148756980896,0.36590978503227234
YOL156W,YKL074C,0,1.5933383,0.17273344099521637,0.7617148756980896,0.36600980162620544
YOR267C,YOR226C,0,1.5914683,0.1726943999528885,0.7617148756980896,0.36610981822013855
YDR251W,YCR093W,1,1.5896208,0.1728813499212265,0.7627118825912476,0.36610981822013855
YNL181W,YML018C,0,1.5894734,0.17284229397773743,0.7627118825912476,0.36620986461639404
YAL029C,YDR471W,0,1.5891939,0.17280325293540955,0.7627118825912476,0.36630988121032715
YLR348C,YER007C-A,0,1.5885398,0.17276422679424286,0.7627118825912476,0.36640992760658264
YKR062W,YHL034C,0,1.5877731,0.17272521555423737,0.7627118825912476,0.36650994420051575
YIL061C,YKL205W,0,1.587569,0.17268623411655426,0.7627118825912476,0.36660999059677124
YNR067C,YGR106C,0,1.5868541,0.17264725267887115,0.7627118825912476,0.36671000719070435
YKR075C,YHR193C,0,1.586671,0.17260830104351044,0.7627118825912476,0.36681005358695984
YMR201C,YMR146C,0,1.5849684,0.1725693643093109,0.7627118825912476,0.36691007018089294
YCL031C,YKL079W,0,1.5848248,0.17253044247627258,0.7627118825912476,0.36701011657714844
YFR019W,YIL068C,0,1.5844175,0.17249155044555664,0.7627118825912476,0.36711013317108154
YKL114C,YPL112C,0,1.5832696,0.1724526584148407,0.7627118825912476,0.36721014976501465
YDR376W,YDL149W,0,1.5821798,0.17241379618644714,0.7627118825912476,0.36731019616127014
YJL149W,YJR103W,0,1.5806682,0.17237494885921478,0.7627118825912476,0.36741021275520325
YLR158C,YDL144C,0,1.5803442,0.17233611643314362,0.7627118825912476,0.36751025915145874
YGL226C-A,YCL014W,0,1.5799685,0.17229729890823364,0.7627118825912476,0.36761027574539185
YCR010C,YER108C,0,1.5787649,0.17225849628448486,0.7627118825912476,0.36771032214164734
YDR369C,YDR512C,0,1.5784941,0.17221972346305847,0.7627118825912476,0.36781033873558044
YPR037C,YOR332W,0,1.577409,0.17218096554279327,0.7627118825912476,0.36791038513183594
YHL007C,YDR392W,1,1.5773139,0.17236723005771637,0.7637088894844055,0.36791038513183594
YMR158W,YKL094W,0,1.5770617,0.17232845723628998,0.7637088894844055,0.36801040172576904
YMR228W,YLL034C,0,1.576525,0.17228969931602478,0.7637088894844055,0.36811041831970215
YBR055C,YOR168W,0,1.5761085,0.17225095629692078,0.7637088894844055,0.36821046471595764
YNL098C,YNL079C,1,1.5758353,0.17243705689907074,0.7647058963775635,0.36821046471595764
YIL009C-A,YML112W,0,1.5750468,0.17239829897880554,0.7647058963775635,0.36831048130989075
YOL111C,YBR049C,0,1.5746775,0.17235955595970154,0.7647058963775635,0.36841052770614624
YAL056W,YNL138W,1,1.5743382,0.17254549264907837,0.7657029032707214,0.36841052770614624
YML067C,YDR014W,0,1.5735219,0.17250673472881317,0.7657029032707214,0.36851054430007935
YML061C,YHL040C,0,1.5734581,0.17246799170970917,0.7657029032707214,0.36861059069633484
YMR188C,YIL009W,0,1.5733998,0.17242927849292755,0.7657029032707214,0.36871060729026794
YOR038C,YMR040W,0,1.5732977,0.17239056527614594,0.7657029032707214,0.36881065368652344
YMR016C,YER109C,1,1.5732749,0.17257630825042725,0.7666999101638794,0.36881065368652344
YLR266C,YCL018W,0,1.5725467,0.17253758013248444,0.7666999101638794,0.36891067028045654
YCL003W,YOR322C,0,1.572273,0.172498881816864,0.7666999101638794,0.36901071667671204
YDR121W,YEL020W-A,0,1.5718994,0.17246019840240479,0.7666999101638794,0.36911073327064514
YOR353C,YDL054C,0,1.570263,0.17242152988910675,0.7666999101638794,0.36921074986457825
YGL206C,YEL052W,0,1.5697285,0.1723828762769699,0.7666999101638794,0.36931079626083374
YER027C,YMR065W,0,1.5693411,0.17234423756599426,0.7666999101638794,0.36941081285476685
YGL243W,YJL200C,0,1.5693268,0.172305628657341,0.7666999101638794,0.36951085925102234
YDL022W,YLR093C,0,1.5692208,0.17226701974868774,0.7666999101638794,0.36961087584495544
YNR033W,YDR148C,0,1.5688279,0.17222844064235687,0.7666999101638794,0.36971092224121094
YKR068C,YDR334W,0,1.5677075,0.1721898764371872,0.7666999101638794,0.36981093883514404
YDR172W,YNL330C,0,1.5672553,0.1721513271331787,0.7666999101638794,0.36991098523139954
YML124C,YDR492W,0,1.5668432,0.17211280763149261,0.7666999101638794,0.37001100182533264
YPR105C,YGL212W,0,1.5666466,0.17207428812980652,0.7666999101638794,0.37011101841926575
YER108C,YHR011W,1,1.5657425,0.17225950956344604,0.7676969170570374,0.37011101841926575
YMR321C,YHR185C,0,1.5655525,0.17222097516059875,0.7676969170570374,0.37021106481552124
YNL045W,YOR038C,0,1.5653626,0.17218247056007385,0.7676969170570374,0.37031108140945435
YER061C,YFR030W,0,1.564782,0.17214398086071014,0.7676969170570374,0.37041112780570984
YMR039C,YDR341C,0,1.5645561,0.17210549116134644,0.7676969170570374,0.37051114439964294
YCL027W,YMR192W,0,1.5640886,0.1720670461654663,0.7676969170570374,0.37061119079589844
YDR071C,YCL025C,0,1.563694,0.17202860116958618,0.7676969170570374,0.37071120738983154
YKL186C,YGR124W,0,1.562653,0.17199017107486725,0.7676969170570374,0.37081125378608704
YGL249W,YKL203C,0,1.5622747,0.1719517707824707,0.7676969170570374,0.37091127038002014
YNL240C,YML013W,0,1.5620254,0.17191337049007416,0.7676969170570374,0.37101131677627563
YNL304W,YKR053C,0,1.56193,0.171875,0.7676969170570374,0.37111133337020874
YMR188C,YMR053C,0,1.5614121,0.17183664441108704,0.7676969170570374,0.37121134996414185
YHR179W,YIL084C,0,1.5609664,0.17179830372333527,0.7676969170570374,0.37131139636039734
YOR212W,YBL063W,0,1.5597649,0.1717599779367447,0.7676969170570374,0.37141141295433044
YOR290C,YPR132W,0,1.5596983,0.1717216819524765,0.7676969170570374,0.37151145935058594
YBR202W,YNR028W,0,1.5594876,0.1716833859682083,0.7676969170570374,0.37161147594451904
YBR195C,YNL051W,0,1.5594182,0.1716451197862625,0.7676969170570374,0.37171152234077454
YNL178W,YDL148C,0,1.558913,0.1716068685054779,0.7676969170570374,0.37181153893470764
YHL007C,YDR477W,1,1.5588787,0.1717914491891861,0.7686939239501953,0.37181153893470764
YFR003C,YOL155C,0,1.5577359,0.1717531681060791,0.7686939239501953,0.37191158533096313
YBR038W,YMR023C,0,1.5575402,0.1717149168252945,0.7686939239501953,0.37201160192489624
YGL229C,YHR158C,0,1.5572414,0.17167668044567108,0.7686939239501953,0.37211164832115173
YNR022C,YAL044C,0,1.556804,0.17163847386837006,0.7686939239501953,0.37221166491508484
YOL002C,YPR098C,0,1.556403,0.17160026729106903,0.7686939239501953,0.37231168150901794
YNL230C,YKR053C,0,1.5563722,0.1715620756149292,0.7686939239501953,0.37241172790527344
YKR064W,YBR291C,0,1.5559634,0.17152391374111176,0.7686939239501953,0.37251174449920654
YBL072C,YPR149W,0,1.555645,0.1714857667684555,0.7686939239501953,0.37261179089546204
YJR022W,YBR067C,0,1.5556395,0.17144763469696045,0.7686939239501953,0.37271180748939514
YJL186W,YPL235W,0,1.5549809,0.1714095175266266,0.7686939239501953,0.37281185388565063
YML067C,YNR015W,0,1.55435,0.17137141525745392,0.7686939239501953,0.37291187047958374
YKL020C,YDR243C,0,1.5540178,0.17133332788944244,0.7686939239501953,0.37301191687583923
YER087W,YBR214W,0,1.5534322,0.17129527032375336,0.7686939239501953,0.37311193346977234
YML087C,YLR113W,0,1.5531186,0.17125721275806427,0.7686939239501953,0.37321195006370544
YGL173C,YGR252W,0,1.552877,0.17121918499469757,0.7686939239501953,0.37331199645996094
YLR006C,YPL274W,0,1.5528299,0.17118117213249207,0.7686939239501953,0.37341201305389404
YDL195W,YER100W,0,1.5521357,0.17114317417144775,0.7686939239501953,0.37351205945014954
YLR229C,YHR011W,1,1.5513633,0.1713271141052246,0.7696909308433533,0.37351205945014954
YDR218C,YJR032W,0,1.5507071,0.1712891012430191,0.7696909308433533,0.37361207604408264
YNL197C,YDR251W,1,1.550372,0.1714729368686676,0.7706879377365112,0.37361207604408264
YEL018W,YGR052W,0,1.5503693,0.1714349091053009,0.7706879377365112,0.37371212244033813
YHR170W,YNR031C,0,1.5499461,0.1713968962430954,0.7706879377365112,0.37381213903427124
YBR041W,YDR127W,0,1.5499357,0.1713588982820511,0.7706879377365112,0.37391218543052673
YMR076C,YPR005C,0,1.5498656,0.17132091522216797,0.7706879377365112,0.37401220202445984
YMR186W,YOL032W,0,1.5493522,0.17128296196460724,0.7706879377365112,0.37411224842071533
YPR141C,YMR063W,0,1.548476,0.1712450087070465,0.7706879377365112,0.37421226501464844
YPR032W,YJL194W,0,1.546799,0.17120708525180817,0.7706879377365112,0.37431228160858154
YOR074C,YBL022C,0,1.5463281,0.17116917669773102,0.7706879377365112,0.37441232800483704
YOR304C-A,YDR315C,0,1.5462408,0.17113128304481506,0.7706879377365112,0.37451234459877014
YMR298W,YOL120C,0,1.5459801,0.1710934042930603,0.7706879377365112,0.37461239099502563
YIL139C,YLR386W,0,1.5453207,0.17105554044246674,0.7706879377365112,0.37471240758895874
YGR085C,YGR171C,0,1.5452185,0.17101770639419556,0.7706879377365112,0.37481245398521423
YIL132C,YKL150W,0,1.5445135,0.17097987234592438,0.7706879377365112,0.37491247057914734
YFR008W,YER159C,0,1.5444212,0.17094206809997559,0.7706879377365112,0.37501251697540283
YBR040W,YPL122C,0,1.5437744,0.1709042638540268,0.7706879377365112,0.37511253356933594
YFR024C,YIL113W,0,1.5432384,0.1708664894104004,0.7706879377365112,0.37521255016326904
YOL158C,YJL056C,0,1.5428408,0.17082872986793518,0.7706879377365112,0.37531259655952454
YHR139C,YLR197W,0,1.5419586,0.17079098522663116,0.7706879377365112,0.37541261315345764
YJL166W,YPL258C,0,1.5412284,0.17075325548648834,0.7706879377365112,0.37551265954971313
YOR269W,YIL147C,0,1.5400364,0.1707155406475067,0.7706879377365112,0.37561267614364624
YJL044C,YKL034W,0,1.5397465,0.17067785561084747,0.7706879377365112,0.37571272253990173
YLR229C,YJR147W,1,1.5396736,0.17086093127727509,0.7716849446296692,0.37571272253990173
YLR088W,YJR138W,0,1.5394903,0.17082321643829346,0.7716849446296692,0.37581273913383484
YFR013W,YLL048C,0,1.5382178,0.17078553140163422,0.7716849446296692,0.37591278553009033
YDR536W,YLL001W,0,1.537788,0.17074784636497498,0.7716849446296692,0.37601280212402344
YML100W,YPL013C,0,1.5376886,0.17071019113063812,0.7716849446296692,0.37611284852027893
YDR312W,YKR072C,0,1.5373929,0.17067255079746246,0.7716849446296692,0.37621286511421204
YPL172C,YFL005W,0,1.5364275,0.170634925365448,0.7716849446296692,0.37631288170814514
YNL161W,YDR332W,0,1.5364121,0.17059731483459473,0.7716849446296692,0.37641292810440063
YNR040W,YCR010C,0,1.5363468,0.17055971920490265,0.7716849446296692,0.37651294469833374
YLL035W,YDR497C,0,1.5361288,0.17052213847637177,0.7716849446296692,0.37661299109458923
YMR256C,YOR324C,0,1.5356859,0.17048458755016327,0.7716849446296692,0.37671300768852234
YDR534C,YFL048C,0,1.5336108,0.17044703662395477,0.7716849446296692,0.37681305408477783
YLL031C,YLR419W,0,1.5333009,0.17040951550006866,0.7716849446296692,0.37691307067871094
YJL219W,YGL026C,0,1.5331066,0.17037199437618256,0.7716849446296692,0.37701311707496643
YDL024C,YLL067C,0,1.5329707,0.17033450305461884,0.7716849446296692,0.37711313366889954
YJL045W,YBL039C,0,1.5327466,0.1702970266342163,0.7716849446296692,0.37721315026283264
YOR030W,YGL190C,1,1.5321794,0.17047953605651855,0.7726819515228271,0.37721315026283264
YLR093C,YOR267C,0,1.5310763,0.17044204473495483,0.7726819515228271,0.37731319665908813
YGL183C,YKL196C,0,1.5305196,0.1704045683145523,0.7726819515228271,0.37741321325302124
YPL273W,YHR077C,0,1.5304632,0.17036710679531097,0.7726819515228271,0.37751325964927673
YAL003W,YGL061C,0,1.529678,0.17032967507839203,0.7726819515228271,0.37761327624320984
YLL035W,YKL168C,0,1.5292192,0.17029224336147308,0.7726819515228271,0.37771332263946533
YOR306C,YGR099W,0,1.5287578,0.17025482654571533,0.7726819515228271,0.37781333923339844
YNL094W,YDR369C,0,1.5282614,0.17021743953227997,0.7726819515228271,0.37791338562965393
YLR228C,YDR078C,0,1.5281007,0.1701800674200058,0.7726819515228271,0.37801340222358704
YBR264C,YLR401C,0,1.5277956,0.17014269530773163,0.7726819515228271,0.37811344861984253
YHL007C,YLR362W,1,1.5274988,0.17032484710216522,0.7736789584159851,0.37811344861984253
YBL007C,YNL202W,0,1.5269959,0.17028747498989105,0.7736789584159851,0.37821346521377563
YKL170W,YER087C-A,0,1.5269228,0.17025010287761688,0.7736789584159851,0.37831348180770874
YMR300C,YHR088W,0,1.5256904,0.1702127605676651,0.7736789584159851,0.37841352820396423
YBR015C,YDL140C,0,1.5255264,0.1701754331588745,0.7736789584159851,0.37851354479789734
YDR386W,YGL087C,0,1.5253897,0.17013812065124512,0.7736789584159851,0.37861359119415283
YKL161C,YPR073C,0,1.5253032,0.1701008379459381,0.7736789584159851,0.37871360778808594
YPR026W,YBR241C,0,1.5248041,0.1700635552406311,0.7736789584159851,0.37881365418434143
YGR281W,YJL046W,0,1.5241591,0.1700262874364853,0.7736789584159851,0.37891367077827454
YML107C,YGL046W,0,1.5241077,0.16998904943466187,0.7736789584159851,0.37901371717453003
YLR098C,YAL040C,0,1.523479,0.16995181143283844,0.7736789584159851,0.37911373376846313
YER178W,YDR235W,0,1.5233226,0.1699146032333374,0.7736789584159851,0.37921375036239624
YNL077W,YLR006C,0,1.523099,0.16987740993499756,0.7736789584159851,0.37931379675865173
YNL181W,YOL012C,0,1.5224031,0.1698402315378189,0.7736789584159851,0.37941381335258484
YML060W,YLR390W,0,1.5220764,0.16980306804180145,0.7736789584159851,0.37951385974884033
YOR340C,YNL052W,0,1.5210385,0.1697659194469452,0.7736789584159851,0.37961387634277344
YGL116W,YER023W,0,1.5204483,0.16972878575325012,0.7736789584159851,0.37971392273902893
YMR275C,YGL006W,0,1.5193621,0.16969166696071625,0.7736789584159851,0.37981393933296204
YDL185W,YGR009C,0,1.5192932,0.16965456306934357,0.7736789584159851,0.37991398572921753
YNL084C,YGR105W,0,1.519036,0.16961748898029327,0.7736789584159851,0.38001400232315063
YNR074C,YNL029C,0,1.5179648,0.16958041489124298,0.7736789584159851,0.38011404871940613
YNL160W,YDR536W,0,1.5174944,0.16954337060451508,0.7736789584159851,0.38021406531333923
YDR246W,YGL127C,0,1.5163358,0.16950634121894836,0.7736789584159851,0.38031408190727234
YDR055W,YOR382W,0,1.5151293,0.16946931183338165,0.7736789584159851,0.38041412830352783
YIL147C,YIL159W,0,1.5142179,0.16943231225013733,0.7736789584159851,0.38051414489746094
YDR265W,YOL121C,0,1.5140235,0.1693953275680542,0.7736789584159851,0.38061419129371643
YLR291C,YPL178W,0,1.5136863,0.16935835778713226,0.7736789584159851,0.38071420788764954
YGL189C,YBR276C,0,1.5133121,0.16932140290737152,0.7736789584159851,0.38081425428390503
YBR001C,YLR189C,0,1.5132201,0.16928446292877197,0.7736789584159851,0.38091427087783813
YPR119W,YPR047W,0,1.5131607,0.1692475527524948,0.7736789584159851,0.38101431727409363
YDL124W,YIL108W,0,1.5130848,0.16921064257621765,0.7736789584159851,0.38111433386802673
YNL138W-A,YPR049C,0,1.5125977,0.16917374730110168,0.7736789584159851,0.38121435046195984
YLR312C-B,YLR083C,1,1.5125768,0.16935484111309052,0.7746759653091431,0.38121435046195984
YOR127W,YOL054W,0,1.5113068,0.16931793093681335,0.7746759653091431,0.38131439685821533
YOR353C,YBL028C,0,1.5110918,0.16928105056285858,0.7746759653091431,0.38141441345214844
YHR082C,YPL193W,0,1.5110146,0.1692441701889038,0.7746759653091431,0.38151445984840393
YLR382C,YML106W,0,1.5096571,0.16920731961727142,0.7746759653091431,0.38161447644233704
YAL038W,YMR261C,0,1.5091643,0.16917048394680023,0.7746759653091431,0.38171452283859253
YPL174C,YMR180C,0,1.5085659,0.16913364827632904,0.7746759653091431,0.38181453943252563
YHR029C,YKL039W,0,1.508048,0.16909684240818024,0.7746759653091431,0.38191458582878113
YML077W,YDR531W,0,1.5075045,0.16906005144119263,0.7746759653091431,0.38201460242271423
YDR086C,YIL120W,0,1.5071808,0.1690232753753662,0.7746759653091431,0.3821146488189697
YJL109C,YGR266W,0,1.5070707,0.168986514210701,0.7746759653091431,0.38221466541290283
YBL082C,YPR006C,0,1.5068136,0.16894976794719696,0.7746759653091431,0.38231468200683594
YIL139C,YDL080C,0,1.5061663,0.16891303658485413,0.7746759653091431,0.38241472840309143
YLR037C,YCR035C,0,1.5055732,0.16887633502483368,0.7746759653091431,0.38251474499702454
YPL281C,YNL025C,0,1.5054519,0.16883963346481323,0.7746759653091431,0.38261479139328003
YPR188C,YJL054W,0,1.5038098,0.16880296170711517,0.7746759653091431,0.38271480798721313
YIL064W,YLR432W,0,1.5033178,0.16876628994941711,0.7746759653091431,0.38281485438346863
YGR175C,YGL213C,0,1.5018221,0.16872964799404144,0.7746759653091431,0.38291487097740173
YER029C,YEL013W,0,1.5015066,0.16869300603866577,0.7746759653091431,0.3830149173736572
YNL207W,YNL199C,0,1.5012097,0.1686563938856125,0.7746759653091431,0.38311493396759033
YOR337W,YMR091C,0,1.5009965,0.1686197966337204,0.7746759653091431,0.38321495056152344
YLR183C,YKR048C,0,1.5009277,0.1685831993818283,0.7746759653091431,0.38331499695777893
YCL069W,YIL145C,0,1.4988564,0.1685466319322586,0.7746759653091431,0.38341501355171204
YHR204W,YGR055W,0,1.4975867,0.1685100793838501,0.7746759653091431,0.38351505994796753
YGR175C,YGR009C,0,1.4963963,0.16847354173660278,0.7746759653091431,0.38361507654190063
YDL077C,YOR243C,0,1.4950678,0.16843701899051666,0.7746759653091431,0.38371512293815613
YER175C,YGR008C,0,1.4946654,0.16840052604675293,0.7746759653091431,0.38381513953208923
YDR534C,YGL046W,0,1.4945902,0.1683640331029892,0.7746759653091431,0.3839151859283447
YPL271W,YGR094W,0,1.4940183,0.16832755506038666,0.7746759653091431,0.38401520252227783
YDL145C,YKL002W,0,1.4933487,0.1682910919189453,0.7746759653091431,0.3841152489185333
YAL028W,YDR092W,0,1.4929247,0.16825465857982635,0.7746759653091431,0.38421526551246643
YBR247C,YOL011W,0,1.4922675,0.1682182252407074,0.7746759653091431,0.38431528210639954
YOL133W,YNL151C,0,1.4921899,0.16818182170391083,0.7746759653091431,0.38441532850265503
YDR205W,YOL111C,0,1.4919299,0.16814541816711426,0.7746759653091431,0.38451534509658813
YGL090W,YNL102W,0,1.4918537,0.16810904443264008,0.7746759653091431,0.38461539149284363
YGL173C,YGR071C,0,1.4914844,0.1680726855993271,0.7746759653091431,0.38471540808677673
YKR037C,YMR208W,0,1.4912499,0.1680363267660141,0.7746759653091431,0.3848154544830322
YLR384C,YDL115C,0,1.4908643,0.1679999977350235,0.7746759653091431,0.38491547107696533
YMR316W,YML057W,0,1.4903089,0.1679636836051941,0.7746759653091431,0.3850155174732208
YBR083W,YPL021W,1,1.4895099,0.16814351081848145,0.775672972202301,0.3850155174732208
YBR240C,YKL081W,0,1.4890969,0.16810716688632965,0.775672972202301,0.38511553406715393
YDR195W,YER048W-A,0,1.4890287,0.16807085275650024,0.775672972202301,0.38521555066108704
YPL254W,YBR177C,0,1.4889328,0.16803455352783203,0.775672972202301,0.38531559705734253
YDR229W,YNL159C,0,1.4884586,0.167998269200325,0.775672972202301,0.38541561365127563
YML031W,YFL039C,0,1.488193,0.1679619997739792,0.775672972202301,0.38551566004753113
YMR188C,YER179W,0,1.4867338,0.16792574524879456,0.775672972202301,0.38561567664146423
YKR037C,YJL181W,0,1.4865875,0.16788950562477112,0.775672972202301,0.3857157230377197
YLR028C,YOR065W,0,1.4860384,0.16785329580307007,0.775672972202301,0.38581573963165283
YBR254C,YNL048W,0,1.4854095,0.16781708598136902,0.775672972202301,0.3859157860279083
YKL144C,YPL033C,0,1.4845024,0.16778089106082916,0.775672972202301,0.38601580262184143
YDR002W,YGR089W,0,1.483836,0.1677447110414505,0.775672972202301,0.3861158490180969
YDL143W,YMR272C,0,1.4838226,0.16770856082439423,0.775672972202301,0.38621586561203003
YOR036W,YKR071C,0,1.4836638,0.16767241060733795,0.775672972202301,0.38631588220596313
YML054C,YNL167C,0,1.4834578,0.16763629019260406,0.775672972202301,0.38641592860221863
YHR039C-B,YLL062C,0,1.4834512,0.16760016977787018,0.775672972202301,0.38651594519615173
YDR303C,YKL009W,0,1.4833678,0.16756407916545868,0.775672972202301,0.3866159915924072
YDL024C,YER020W,1,1.4827247,0.16774332523345947,0.776669979095459,0.3866159915924072
YOR129C,YPR097W,0,1.4820807,0.16770720481872559,0.776669979095459,0.38671600818634033
YCL050C,YKL088W,0,1.4814166,0.1676711142063141,0.776669979095459,0.3868160545825958
YDR343C,YOR216C,0,1.4812914,0.16763503849506378,0.776669979095459,0.38691607117652893
YDL033C,YPL133C,0,1.4800761,0.16759896278381348,0.776669979095459,0.3870161175727844
YPR010C,YCR087C-A,0,1.4800458,0.16756291687488556,0.776669979095459,0.38711613416671753
YJR053W,YBR172C,0,1.4796782,0.16752688586711884,0.776669979095459,0.38721615076065063
YLR312W-A,YBR233W-A,0,1.4777949,0.1674908548593521,0.776669979095459,0.38731619715690613
YER174C,YMR160W,0,1.4772521,0.16745485365390778,0.776669979095459,0.38741621375083923
YCR105W,YPL193W,0,1.4771444,0.16741886734962463,0.776669979095459,0.3875162601470947
YKL149C,YHR111W,1,1.4771247,0.16759777069091797,0.7776669859886169,0.3875162601470947
YPL194W,YOL109W,0,1.4748788,0.16756175458431244,0.7776669859886169,0.38761627674102783
YLL009C,YPR049C,0,1.474662,0.1675257682800293,0.7776669859886169,0.3877163231372833
YBR162C,YOR116C,0,1.4746004,0.16748979687690735,0.7776669859886169,0.38781633973121643
YMR316W,YDL036C,0,1.474008,0.1674538403749466,0.7776669859886169,0.3879163861274719
YPL021W,YKL043W,1,1.4733005,0.16763253509998322,0.7786639928817749,0.3879163861274719
YDR350C,YKR036C,0,1.4732751,0.16759656369686127,0.7786639928817749,0.38801640272140503
YKL093W,YDL146W,0,1.4727416,0.1675606071949005,0.7786639928817749,0.3881164491176605
YNL298W,YLR391W-A,0,1.4723078,0.16752466559410095,0.7786639928817749,0.38821646571159363
YOR025W,YKL138C,0,1.47192,0.16748873889446259,0.7786639928817749,0.38831648230552673
YNR041C,YJL216C,0,1.4717864,0.1674528270959854,0.7786639928817749,0.3884165287017822
YMR241W,YDR012W,0,1.4717844,0.16741693019866943,0.7786639928817749,0.38851654529571533
YIR011C,YDR251W,0,1.4708874,0.16738104820251465,0.7786639928817749,0.3886165916919708
YBR060C,YNL194C,0,1.4708873,0.16734519600868225,0.7786639928817749,0.38871660828590393
YDR148C,YDL229W,0,1.4702655,0.16730934381484985,0.7786639928817749,0.3888166546821594
YPR035W,YMR200W,0,1.4690142,0.16727350652217865,0.7786639928817749,0.38891667127609253
YBR247C,YMR015C,0,1.4687885,0.16723768413066864,0.7786639928817749,0.389016717672348
YJR045C,YKR028W,0,1.4686679,0.16720187664031982,0.7786639928817749,0.38911673426628113
YDR165W,YDR482C,0,1.4683678,0.1671660989522934,0.7786639928817749,0.38921675086021423
YOL121C,YHR056C,0,1.4667147,0.16713032126426697,0.7786639928817749,0.3893167972564697
YDR144C,YDL197C,0,1.4664466,0.16709455847740173,0.7786639928817749,0.38941681385040283
YER048W-A,YHR184W,0,1.4657003,0.1670588254928589,0.7786639928817749,0.3895168602466583
YLR288C,YIL159W,0,1.4656436,0.16702309250831604,0.7786639928817749,0.38961687684059143
YDL179W,YNL102W,0,1.4645559,0.16698738932609558,0.7786639928817749,0.3897169232368469
YBR268W,YGL243W,0,1.4645237,0.16695168614387512,0.7786639928817749,0.38981693983078003
YGR060W,YMR297W,0,1.4640895,0.16691601276397705,0.7786639928817749,0.3899169862270355
YKR027W,YNR001C,0,1.4629905,0.16688033938407898,0.7786639928817749,0.39001700282096863
YLR364W,YDR030C,0,1.4622133,0.1668446958065033,0.7786639928817749,0.3901170492172241
YLR056W,YKR062W,0,1.4617618,0.1668090522289276,0.7786639928817749,0.3902170658111572
YEL043W,YER022W,0,1.4616022,0.16677343845367432,0.7786639928817749,0.39031708240509033
YLR229C,YHR084W,1,1.4615839,0.16695132851600647,0.7796609997749329,0.39031708240509033
YPL094C,YPR156C,0,1.4614848,0.1669156849384308,0.7796609997749329,0.3904171288013458
YNL304W,YLR130C,0,1.4613545,0.1668800711631775,0.7796609997749329,0.39051714539527893
YPL033C,YOR240W,0,1.4610095,0.1668444573879242,0.7796609997749329,0.3906171917915344
YDR243C,YBR035C,0,1.4608576,0.1668088734149933,0.7796609997749329,0.39071720838546753
YHR140W,YGL169W,0,1.4608052,0.16677330434322357,0.7796609997749329,0.390817254781723
YOR228C,YPL259C,0,1.4597456,0.16673773527145386,0.7796609997749329,0.39091727137565613
YDR392W,YAL056W,1,1.4587257,0.16691537201404572,0.7806580066680908,0.39091727137565613
YPL189W,YPL119C,0,1.4587202,0.1668797880411148,0.7806580066680908,0.3910173177719116
YKR095W-A,YNL112W,0,1.4586582,0.1668442338705063,0.7806580066680908,0.3911173343658447
YGL243W,YDR160W,0,1.4578884,0.16680869460105896,0.7806580066680908,0.39121735095977783
YMR217W,YGR030C,0,1.4569724,0.16677317023277283,0.7806580066680908,0.3913173973560333
YNL192W,YOR271C,0,1.4559324,0.1667376458644867,0.7806580066680908,0.39141741394996643
YJR073C,YLR028C,0,1.4555416,0.16670215129852295,0.7806580066680908,0.3915174603462219
YGR026W,YER052C,0,1.4555383,0.1666666716337204,0.7806580066680908,0.39161747694015503
YHR005C-A,YEL061C,0,1.4553548,0.16663119196891785,0.7806580066680908,0.3917175233364105
YER033C,YBR036C,0,1.4541198,0.16659574210643768,0.7806580066680908,0.39181753993034363
YML099C,YER108C,0,1.4538093,0.1665603071451187,0.7806580066680908,0.3919175863265991
YLR315W,YJL200C,0,1.4532193,0.16652488708496094,0.7806580066680908,0.3920176029205322
YBR168W,YLR040C,0,1.4531676,0.16648948192596436,0.7806580066680908,0.3921176493167877
YBL080C,YPL131W,0,1.4530059,0.16645407676696777,0.7806580066680908,0.3922176659107208
YLR324W,YBR281C,0,1.4522191,0.16641870141029358,0.7806580066680908,0.39231768250465393
YPR122W,YDR284C,0,1.4520974,0.16638334095478058,0.7806580066680908,0.3924177289009094
YJR153W,YJR147W,1,1.4510082,0.16656044125556946,0.7816550135612488,0.3924177289009094
YDR043C,YLR312C-B,1,1.4503601,0.16673746705055237,0.7826520204544067,0.3924177289009094
YKR100C,YDL230W,0,1.4499469,0.1667020618915558,0.7826520204544067,0.39251774549484253
YLR008C,YEL032W,0,1.4498947,0.1666666716337204,0.7826520204544067,0.392617791891098
YGL157W,YEL062W,0,1.449222,0.166631281375885,0.7826520204544067,0.39271780848503113
YDR028C,YPR182W,0,1.4487065,0.166595920920372,0.7826520204544067,0.3928178548812866
YKR052C,YER056C,0,1.4483128,0.1665605753660202,0.7826520204544067,0.3929178714752197
YLR208W,YBR177C,0,1.4475055,0.1665252447128296,0.7826520204544067,0.3930179178714752
YLR193C,YLL029W,0,1.4473279,0.16648992896080017,0.7826520204544067,0.3931179344654083
YKL154W,YPL159C,0,1.4472415,0.16645462810993195,0.7826520204544067,0.39321795105934143
YFR024C,YGL226W,0,1.4463242,0.16641932725906372,0.7826520204544067,0.3933179974555969
YOR353C,YLR258W,0,1.4451854,0.16638405621051788,0.7826520204544067,0.39341801404953003
YNL160W,YJR027W,0,1.4451423,0.16634880006313324,0.7826520204544067,0.3935180604457855
YGR056W,YOR358W,0,1.4447519,0.1663135588169098,0.7826520204544067,0.39361807703971863
YGR295C,YGL031C,0,1.4443079,0.16627833247184753,0.7826520204544067,0.3937181234359741
YEL038W,YKR057W,0,1.4437985,0.16624312102794647,0.7826520204544067,0.3938181400299072
YOR037W,YOR275C,0,1.4434769,0.1662079244852066,0.7826520204544067,0.3939181864261627
YKL004W,YKL080W,0,1.442755,0.16617272794246674,0.7826520204544067,0.3940182030200958
YDR422C,YDR268W,0,1.4426181,0.16613756120204926,0.7826520204544067,0.3941182494163513
YML125C,YLL016W,0,1.4418898,0.16610240936279297,0.7826520204544067,0.3942182660102844
YDR129C,YBR212W,0,1.4416693,0.16606727242469788,0.7826520204544067,0.39431828260421753
YER167W,YDR512C,0,1.4392034,0.16603215038776398,0.7826520204544067,0.394418329000473
YKL082C,YKL200C,0,1.4389172,0.16599704325199127,0.7826520204544067,0.39451834559440613
YDR236C,YOR270C,0,1.4384841,0.16596195101737976,0.7826520204544067,0.3946183919906616
YKR061W,YDR342C,0,1.4375483,0.16592685878276825,0.7826520204544067,0.3947184085845947
YKL183W,YMR101C,0,1.4372003,0.16589179635047913,0.7826520204544067,0.3948184549808502
YIL007C,YKL149C,0,1.4371667,0.1658567488193512,0.7826520204544067,0.3949184715747833
YLR157C,YIL135C,0,1.4364855,0.16582171618938446,0.7826520204544067,0.3950185179710388
YHR118C,YGR193C,0,1.436331,0.16578669846057892,0.7826520204544067,0.3951185345649719
YOR371C,YNL138W,1,1.4361005,0.1659628450870514,0.7836490273475647,0.3951185345649719
YPR128C,YLL002W,0,1.4359874,0.16592779755592346,0.7836490273475647,0.39521855115890503
YDR405W,YDR536W,0,1.4354525,0.16589277982711792,0.7836490273475647,0.3953185975551605
YDR469W,YLR413W,0,1.4335716,0.16585777699947357,0.7836490273475647,0.39541861414909363
YLR312C-B,YKL048C,1,1.4328668,0.1660337597131729,0.7846460342407227,0.39541861414909363
YEL019C,YLR203C,0,1.4324672,0.16599872708320618,0.7846460342407227,0.3955186605453491
YKL001C,YLL067C,0,1.432089,0.16596372425556183,0.7846460342407227,0.3956186771392822
YDR392W,YNL098C,1,1.4319012,0.16613957285881042,0.7856430411338806,0.3956186771392822
YNL197C,YOR371C,1,1.4315733,0.16631534695625305,0.7866401076316833,0.3956186771392822
YOL133W,YPL173W,0,1.431365,0.16628029942512512,0.7866401076316833,0.3957187235355377
YCR038C,YDR099W,1,1.4310253,0.1664559692144394,0.7876371145248413,0.3957187235355377
YPR003C,YKL141W,0,1.4306422,0.16642089188098907,0.7876371145248413,0.3958187401294708
YGR062C,YLR418C,0,1.4298836,0.16638584434986115,0.7876371145248413,0.3959187865257263
YKR105C,YDR448W,0,1.4297917,0.1663508117198944,0.7876371145248413,0.3960188031196594
YJL053W,YDL197C,0,1.4296528,0.16631579399108887,0.7876371145248413,0.3961188495159149
YEL032W,YEL056W,0,1.4292738,0.16628077626228333,0.7876371145248413,0.396218866109848
YHR079C-B,YDR197W,0,1.429049,0.16624578833580017,0.7876371145248413,0.39631888270378113
YOR127W,YER108C,1,1.4290369,0.16642120480537415,0.7886341214179993,0.39631888270378113
YNL262W,YGR252W,0,1.4285363,0.1663862019777298,0.7886341214179993,0.3964189291000366
YPR003C,YER023W,0,1.4279242,0.16635121405124664,0.7886341214179993,0.3965189456939697
YPL099C,YBR176W,0,1.427859,0.1663162261247635,0.7886341214179993,0.3966189920902252
YPR105C,YIR031C,0,1.4275023,0.16628126800060272,0.7886341214179993,0.3967190086841583
YMR002W,YDR028C,0,1.4266185,0.16624632477760315,0.7886341214179993,0.3968190550804138
YGL067W,YDR057W,0,1.4262533,0.16621138155460358,0.7886341214179993,0.3969190716743469
YNL006W,YJL167W,0,1.4261663,0.1661764681339264,0.7886341214179993,0.3970191180706024
YLR259C,YER007W,0,1.4253372,0.1661415696144104,0.7886341214179993,0.3971191346645355
YDR323C,YBR022W,0,1.425139,0.1661066710948944,0.7886341214179993,0.39721915125846863
YOL152W,YNL127W,0,1.4249055,0.1660718023777008,0.7886341214179993,0.3973191976547241
YOL144W,YBR029C,0,1.4238294,0.1660369485616684,0.7886341214179993,0.3974192142486572
YOR258W,YER114C,0,1.4235561,0.166002094745636,0.7886341214179993,0.3975192606449127
YOL005C,YAR018C,0,1.4230536,0.16596727073192596,0.7886341214179993,0.3976192772388458
YML113W,YLL026W,0,1.4229792,0.16593244671821594,0.7886341214179993,0.3977193236351013
YGL128C,YML109W,0,1.4229543,0.1658976525068283,0.7886341214179993,0.3978193402290344
YGR216C,YJR107W,0,1.4224421,0.16586285829544067,0.7886341214179993,0.3979193866252899
YMR295C,YDL197C,0,1.4223229,0.16582809388637543,0.7886341214179993,0.398019403219223
YDR099W,YCR093W,1,1.4217577,0.16600292921066284,0.7896311283111572,0.398019403219223
YDR373W,YBR118W,0,1.4214956,0.1659681499004364,0.7896311283111572,0.3981194496154785
YNL191W,YJR078W,0,1.4204264,0.16593337059020996,0.7896311283111572,0.3982194662094116
YCR038C,YKL043W,1,1.4200873,0.16610808670520782,0.7906281352043152,0.3982194662094116
YOR181W,YLL043W,0,1.4192982,0.1660732924938202,0.7906281352043152,0.3983194828033447
YOR195W,YDR213W,0,1.4192083,0.16603852808475494,0.7906281352043152,0.3984195291996002
YML060W,YDL189W,0,1.4187462,0.1660037636756897,0.7906281352043152,0.3985195457935333
YCR029C-A,YAL048C,0,1.4186172,0.16596902906894684,0.7906281352043152,0.3986195921897888
YLR172C,YJL058C,0,1.4182132,0.16593429446220398,0.7906281352043152,0.3987196087837219
YJR050W,YDR524C,0,1.4179518,0.16589957475662231,0.7906281352043152,0.3988196551799774
YJL033W,YGL116W,0,1.4168628,0.16586488485336304,0.7906281352043152,0.3989196717739105
YER033C,YDR118W,0,1.416575,0.16583019495010376,0.7906281352043152,0.399019718170166
YER177W,YNL079C,1,1.4157611,0.16600459814071655,0.7916251420974731,0.399019718170166
YML023C,YBR241C,0,1.414474,0.16596989333629608,0.7916251420974731,0.3991197347640991
YDR067C,YOL126C,0,1.4141395,0.165935218334198,0.7916251420974731,0.3992197513580322
YPR196W,YER044C-A,0,1.4132376,0.16590054333209991,0.7916251420974731,0.3993197977542877
YDL035C,YKL043W,1,1.4128515,0.16607478260993958,0.7926221489906311,0.3993197977542877
YJL165C,YBR024W,0,1.412749,0.1660401076078415,0.7926221489906311,0.3994198143482208
YHR109W,YEL005C,0,1.4107405,0.1660054326057434,0.7926221489906311,0.3995198607444763
YKL140W,YNL118C,0,1.4106268,0.16597077250480652,0.7926221489906311,0.3996198773384094
YDR379W,YLR370C,0,1.4096543,0.16593612730503082,0.7926221489906311,0.3997199237346649
YOR156C,YJR005W,0,1.4088342,0.16590149700641632,0.7926221489906311,0.399819940328598
YDR007W,YGR211W,0,1.408831,0.1658668965101242,0.7926221489906311,0.3999199867248535
YBR120C,YKL194C,0,1.4088055,0.1658322960138321,0.7926221489906311,0.4000200033187866
YCL052C,YGR165W,0,1.4080839,0.16579771041870117,0.7926221489906311,0.4001200497150421
YOR126C,YER104W,0,1.4078826,0.16576313972473145,0.7926221489906311,0.4002200663089752
YGL005C,YPL163C,0,1.4076967,0.1657285839319229,0.7926221489906311,0.4003200829029083
YDL102W,YML081C-A,0,1.4075763,0.16569404304027557,0.7926221489906311,0.4004201292991638
YML013W,YMR171C,0,1.4075553,0.16565951704978943,0.7926221489906311,0.4005201458930969
YPR035W,YIL048W,0,1.407126,0.16562500596046448,0.7926221489906311,0.4006201922893524
YDL128W,YOL136C,0,1.4069033,0.16559049487113953,0.7926221489906311,0.4007202088832855
YMR063W,YPL141C,0,1.4067838,0.16555601358413696,0.7926221489906311,0.400820255279541
YHR089C,YAL051W,0,1.4066408,0.1655215471982956,0.7926221489906311,0.4009202718734741
YDR074W,YML099C,0,1.4059784,0.16548709571361542,0.7926221489906311,0.4010203182697296
YDR003W,YGL111W,0,1.4052033,0.16545265913009644,0.7926221489906311,0.4011203348636627
YOL145C,YLR193C,0,1.4036832,0.16541822254657745,0.7926221489906311,0.4012203514575958
YLR283W,YNR037C,0,1.4032884,0.16538381576538086,0.7926221489906311,0.4013203978538513
YOR393W,YBL088C,0,1.4031713,0.16534942388534546,0.7926221489906311,0.4014204144477844
YBR299W,YML081W,0,1.4009686,0.16531503200531006,0.7926221489906311,0.4015204608440399
YHL027W,YMR078C,0,1.4006301,0.16528066992759705,0.7926221489906311,0.401620477437973
YDR062W,YDR393W,0,1.4004836,0.16524630784988403,0.7926221489906311,0.4017205238342285
YPR162C,YDR378C,0,1.4003725,0.1652119755744934,0.7926221489906311,0.4018205404281616
YLR359W,YNL212W,0,1.4000839,0.16517764329910278,0.7926221489906311,0.4019205868244171
YDR052C,YMR304W,0,1.3999591,0.16514332592487335,0.7926221489906311,0.4020206034183502
YPR003C,YHR214C-B,0,1.3997898,0.1651090383529663,0.7926221489906311,0.4021206498146057
YNL138W,YDR046C,0,1.3992327,0.16507475078105927,0.7926221489906311,0.4022206664085388
YNL289W,YPL259C,0,1.39899,0.16504047811031342,0.7926221489906311,0.4023206830024719
YFR038W,YBR034C,0,1.398288,0.16500622034072876,0.7926221489906311,0.4024207293987274
YDL120W,YML011C,0,1.3982818,0.1649719923734665,0.7926221489906311,0.4025207459926605
YPL202C,YKL051W,0,1.397871,0.16493776440620422,0.7926221489906311,0.402620792388916
YBL090W,YER015W,0,1.3974912,0.16490355134010315,0.7926221489906311,0.4027208089828491
YCL047C,YIL119C,0,1.3972813,0.16486935317516327,0.7926221489906311,0.4028208553791046
YKL054C,YLR330W,0,1.3970896,0.16483516991138458,0.7926221489906311,0.4029208719730377
YJL112W,YMR146C,0,1.395536,0.1648010015487671,0.7926221489906311,0.4030209183692932
YDR523C,YDR256C,0,1.395472,0.1647668331861496,0.7926221489906311,0.4031209349632263
YLR151C,YLR440C,0,1.3953943,0.1647326946258545,0.7926221489906311,0.4032209515571594
YOR388C,YJR027W,0,1.3951578,0.16469857096672058,0.7926221489906311,0.4033209979534149
YHR088W,YJL079C,0,1.39513,0.16466446220874786,0.7926221489906311,0.403421014547348
YLR073C,YEL065W,0,1.3949145,0.16463035345077515,0.7926221489906311,0.4035210609436035
YDL159W,YMR238W,1,1.3948332,0.16480331122875214,0.7936191558837891,0.4035210609436035
YHR210C,YJR021C,0,1.3947878,0.16476920247077942,0.7936191558837891,0.4036210775375366
YMR208W,YLR019W,0,1.3944763,0.1647350937128067,0.7936191558837891,0.4037211239337921
YBL090W,YNL048W,0,1.3942313,0.16470101475715637,0.7936191558837891,0.4038211405277252
YJR109C,YGL030W,0,1.3941889,0.16466693580150604,0.7936191558837891,0.4039211869239807
YDR406W,YPL235W,0,1.3941586,0.1646328866481781,0.7936191558837891,0.4040212035179138
YFR038W,YLR129W,0,1.3930031,0.16459883749485016,0.7936191558837891,0.4041212499141693
YOL043C,YMR303C,0,1.3928359,0.1645648181438446,0.7936191558837891,0.4042212665081024
YDL081C,YDR170C,0,1.3919659,0.16453079879283905,0.7936191558837891,0.4043212831020355
YER029C,YGR010W,0,1.3918427,0.1644967943429947,0.7936191558837891,0.404421329498291
YIL109C,YBL035C,0,1.3916342,0.16446280479431152,0.7936191558837891,0.4045213460922241
YLR299W,YDL135C,0,1.391458,0.16442883014678955,0.7936191558837891,0.4046213924884796
YLL019C,YLL038C,0,1.3913074,0.16439488530158997,0.7936191558837891,0.4047214090824127
YGR088W,YGR217W,0,1.3908464,0.16436094045639038,0.7936191558837891,0.4048214554786682
YBR122C,YOL123W,0,1.3897263,0.1643269956111908,0.7936191558837891,0.4049214720726013
YDR002W,YAL029C,0,1.3895473,0.1642930805683136,0.7936191558837891,0.4050215184688568
YPL115C,YER109C,1,1.3891435,0.16446553170681,0.794616162776947,0.4050215184688568
YDR379W,YCR038C,1,1.3885547,0.16463792324066162,0.795613169670105,0.4050215184688568
YOR279C,YMR061W,0,1.3881073,0.16460396349430084,0.795613169670105,0.4051215350627899
YOL052C-A,YLR068W,0,1.3880976,0.16457001864910126,0.795613169670105,0.405221551656723
YKL061W,YNL293W,0,1.3875103,0.16453608870506287,0.795613169670105,0.4053215980529785
YLL051C,YNL023C,0,1.3867459,0.16450215876102448,0.795613169670105,0.4054216146469116
YGL045W,YKL108W,0,1.385932,0.16446825861930847,0.795613169670105,0.4055216610431671
YIL138C,YJL214W,0,1.3854098,0.16443437337875366,0.795613169670105,0.4056216776371002
YPL123C,YGR077C,0,1.3853732,0.16440048813819885,0.795613169670105,0.4057217240333557
YJL030W,YKL052C,0,1.3848372,0.16436663269996643,0.795613169670105,0.4058217406272888
YMR217W,YHR057C,0,1.3844423,0.164332777261734,0.795613169670105,0.4059217870235443
YCR004C,YMR315W,0,1.3844014,0.16429895162582397,0.795613169670105,0.4060218036174774
YDR379W,YMR164C,1,1.3842576,0.16447097063064575,0.7966101765632629,0.4060218036174774
YDR273W,YLR417W,0,1.3841469,0.16443713009357452,0.7966101765632629,0.4061218500137329
YKR102W,YIL046W,0,1.3823533,0.1644032895565033,0.7966101765632629,0.406221866607666
YNL267W,YGL141W,0,1.3823528,0.16436946392059326,0.7966101765632629,0.4063218832015991
YOR228C,YJL080C,0,1.3815546,0.16433566808700562,0.7966101765632629,0.4064219295978546
YOL092W,YHR111W,0,1.3812566,0.16430187225341797,0.7966101765632629,0.4065219461917877
YBR185C,YER130C,0,1.3812195,0.16426809132099152,0.7966101765632629,0.4066219925880432
YCR107W,YJL144W,0,1.3791441,0.16423432528972626,0.7966101765632629,0.4067220091819763
YJR153W,YLL026W,0,1.3785185,0.1642005741596222,0.7966101765632629,0.4068220555782318
YDR350C,YBL026W,0,1.3782805,0.16416683793067932,0.7966101765632629,0.4069220721721649
YOR371C,YJR153W,1,1.3772559,0.16433854401111603,0.7976071834564209,0.4069220721721649
YPL234C,YOL154W,0,1.376528,0.16430477797985077,0.7976071834564209,0.4070221185684204
YGR253C,YJR032W,0,1.3744137,0.1642710417509079,0.7976071834564209,0.4071221351623535
YPL174C,YDR226W,0,1.3740885,0.16423732042312622,0.7976071834564209,0.4072221517562866
YGR285C,YOR319W,0,1.3740401,0.16420361399650574,0.7976071834564209,0.4073221981525421
YHR076W,YFL029C,0,1.3733656,0.16416992247104645,0.7976071834564209,0.4074222147464752
YNR010W,YBL098W,0,1.3731842,0.16413623094558716,0.7976071834564209,0.4075222611427307
YOL158C,YKL053C-A,0,1.3729655,0.16410256922245026,0.7976071834564209,0.4076222777366638
YLR330W,YLR337W,0,1.3718787,0.16406890749931335,0.7976071834564209,0.4077223241329193
YLR050C,YHR027C,0,1.371784,0.16403526067733765,0.7976071834564209,0.4078223407268524
YMR300C,YDL247W,0,1.3715241,0.16400164365768433,0.7976071834564209,0.4079223871231079
YOR068C,YKL074C,0,1.3702133,0.163968026638031,0.7976071834564209,0.408022403717041
YJL026W,YMR093W,0,1.3697431,0.16393442451953888,0.7976071834564209,0.4081224501132965
YCR014C,YMR002W,0,1.3682225,0.16390083730220795,0.7976071834564209,0.4082224667072296
YLR312W-A,YDR135C,0,1.3678554,0.1638672649860382,0.7976071834564209,0.4083224833011627
YDR384C,YDL202W,0,1.367691,0.16383370757102966,0.7976071834564209,0.4084225296974182
YFL035C-B,YCR037C,0,1.367655,0.1638001650571823,0.7976071834564209,0.4085225462913513
YDR301W,YPR186C,0,1.3663498,0.16376663744449615,0.7976071834564209,0.4086225926876068
YOR236W,YEL019C,0,1.3662415,0.16373310983181,0.7976071834564209,0.4087226092815399
YDR173C,YKR008W,0,1.366205,0.16369961202144623,0.7976071834564209,0.4088226556777954
YLR038C,YOL066C,0,1.366159,0.16366611421108246,0.7976071834564209,0.4089226722717285
YDL006W,YIR004W,0,1.3656822,0.16363264620304108,0.7976071834564209,0.409022718667984
YML113W,YKL196C,0,1.3656754,0.1635991781949997,0.7976071834564209,0.4091227352619171
YDR122W,YPR137W,0,1.3651208,0.1635657399892807,0.7976071834564209,0.4092227816581726
YML120C,YLR466W,0,1.364368,0.1635323017835617,0.7976071834564209,0.4093227982521057
YGR062C,YMR298W,0,1.3632605,0.1634988784790039,0.7976071834564209,0.4094228148460388
YCR092C,YDL084W,0,1.3630246,0.1634654700756073,0.7976071834564209,0.4095228612422943
YPR198W,YGR211W,0,1.3626394,0.1634320765733719,0.7976071834564209,0.4096228778362274
YHL019C,YGR055W,0,1.3620647,0.16339869797229767,0.7976071834564209,0.4097229242324829
YDR127W,YLR033W,0,1.3609403,0.16336531937122345,0.7976071834564209,0.409822940826416
YJL094C,YHR005C,0,1.3598063,0.16333197057247162,0.7976071834564209,0.4099229872226715
YPL163C,YGL161C,0,1.3590382,0.16329863667488098,0.7976071834564209,0.4100230038166046
YNL128W,YOR092W,0,1.3586868,0.16326530277729034,0.7976071834564209,0.4101230502128601
YPL096W,YPR160W,0,1.355076,0.1632319986820221,0.7976071834564209,0.4102230668067932
YOL124C,YDR040C,0,1.3546891,0.16319869458675385,0.7976071834564209,0.4103230834007263
YPL101W,YGL063W,0,1.3540463,0.1631654053926468,0.7976071834564209,0.4104231297969818
YIL075C,YDR419W,0,1.353964,0.16313213109970093,0.7976071834564209,0.4105231463909149
YOL142W,YDL128W,0,1.3538574,0.16309887170791626,0.7976071834564209,0.4106231927871704
YJL102W,YDR329C,0,1.353671,0.16306562721729279,0.7976071834564209,0.4107232093811035
YIL132C,YER176W,0,1.3533854,0.1630323976278305,0.7976071834564209,0.410823255777359
YDR507C,YLL035W,0,1.3528991,0.16299918293952942,0.7976071834564209,0.4109232723712921
YPR163C,YIR039C,0,1.3524535,0.16296598315238953,0.7976071834564209,0.4110233187675476
YKL014C,YDR228C,0,1.3519733,0.16293278336524963,0.7976071834564209,0.4111233353614807
YMR286W,YMR118C,0,1.3517971,0.16289961338043213,0.7976071834564209,0.4112233817577362
YMR077C,YDR122W,0,1.3504837,0.16286644339561462,0.7976071834564209,0.4113233983516693
YPR102C,YDR530C,0,1.3500776,0.1628333032131195,0.7976071834564209,0.4114234149456024
YHR210C,YHR211W,0,1.3497633,0.1628001630306244,0.7976071834564209,0.4115234613418579
YMR186W,YPR125W,0,1.3490555,0.16276703774929047,0.7976071834564209,0.411623477935791
YGR162W,YGL155W,0,1.3490281,0.16273392736911774,0.7976071834564209,0.4117235243320465
YKL024C,YDR213W,0,1.3484452,0.1627008318901062,0.7976071834564209,0.4118235409259796
YCR053W,YLR390W-A,0,1.3482971,0.16266775131225586,0.7976071834564209,0.4119235873222351
YDR111C,YLL033W,0,1.3481702,0.1626346856355667,0.7976071834564209,0.4120236039161682
YPL043W,YBR257W,0,1.3481444,0.16260161995887756,0.7976071834564209,0.4121236503124237
YDR435C,YMR195W,0,1.3481145,0.1625685840845108,0.7976071834564209,0.4122236669063568
YOL051W,YOR008C,0,1.3481135,0.16253554821014404,0.7976071834564209,0.4123236835002899
YIL172C,YHR147C,0,1.3464577,0.16250254213809967,0.7976071834564209,0.4124237298965454
YDR309C,YNL217W,0,1.3463523,0.1624695360660553,0.7976071834564209,0.4125237464904785
YPL021W,YER020W,1,1.3459755,0.1626395881175995,0.7986041903495789,0.4125237464904785
YKR035W-A,YDL030W,0,1.3455912,0.16260658204555511,0.7986041903495789,0.412623792886734
YDL223C,YIL094C,0,1.3453474,0.16257357597351074,0.7986041903495789,0.4127238094806671
YFL036W,YLR145W,0,1.345223,0.16254058480262756,0.7986041903495789,0.4128238558769226
YGL209W,YGR071C,0,1.3452107,0.16250760853290558,0.7986041903495789,0.4129238724708557
YPR161C,YML004C,0,1.3450431,0.1624746471643448,0.7986041903495789,0.4130239188671112
YER143W,YGR047C,0,1.3446295,0.1624417006969452,0.7986041903495789,0.4131239354610443
YKL095W,YLR164W,0,1.3442936,0.1624087542295456,0.7986041903495789,0.4132239818572998
YML127W,YOR241W,0,1.3440058,0.16237583756446838,0.7986041903495789,0.4133239984512329
YOR057W,YLR306W,0,1.3433917,0.16234292089939117,0.7986041903495789,0.413424015045166
YBR175W,YBR042C,0,1.3431833,0.16231003403663635,0.7986041903495789,0.4135240614414215
YOR046C,YER108C,0,1.3424097,0.16227714717388153,0.7986041903495789,0.4136240780353546
YJR021C,YPR160W,0,1.341369,0.1622442752122879,0.7986041903495789,0.4137241244316101
YML074C,YDL107W,0,1.3406551,0.16221141815185547,0.7986041903495789,0.4138241410255432
YGL085W,YML129C,0,1.3399806,0.16217857599258423,0.7986041903495789,0.4139241874217987
YDL142C,YMR049C,0,1.3398745,0.16214574873447418,0.7986041903495789,0.4140242040157318
YDR107C,YLR447C,0,1.339627,0.16211293637752533,0.7986041903495789,0.4141242504119873
YML021C,YJL041W,0,1.3393881,0.16208012402057648,0.7986041903495789,0.4142242670059204
YJR098C,YLL021W,0,1.3391345,0.16204734146595,0.7986041903495789,0.4143242835998535
YER014W,YGL120C,0,1.3391174,0.16201455891132355,0.7986041903495789,0.414424329996109
YBR180W,YKL196C,0,1.3381677,0.16198180615901947,0.7986041903495789,0.4145243465900421
YGL191W,YEL056W,0,1.337521,0.1619490534067154,0.7986041903495789,0.4146243929862976
YGR040W,YAR042W,0,1.3372825,0.1619163155555725,0.7986041903495789,0.4147244095802307
YML107C,YBR118W,0,1.3371367,0.16188359260559082,0.7986041903495789,0.4148244559764862
YHR111W,YMR164C,1,1.3369989,0.1620529443025589,0.7996011972427368,0.4148244559764862
YNL049C,YMR182C,0,1.3361651,0.16202020645141602,0.7996011972427368,0.4149244725704193
YPL178W,YMR198W,0,1.3361034,0.16198748350143433,0.7996011972427368,0.4150245189666748
YOR250C,YPR156C,0,1.3351762,0.16195476055145264,0.7996011972427368,0.4151245355606079
YLL018C-A,YHR118C,0,1.3348601,0.16192206740379333,0.7996011972427368,0.4152245819568634
YMR221C,YMR136W,0,1.3343501,0.16188938915729523,0.7996011972427368,0.4153245985507965
YMR250W,YFR013W,0,1.3338366,0.16185671091079712,0.7996011972427368,0.4154246151447296
YMR289W,YDL036C,0,1.3338096,0.1618240475654602,0.7996011972427368,0.4155246615409851
YPR017C,YOL064C,0,1.3334453,0.16179139912128448,0.7996011972427368,0.4156246781349182
YLR056W,YGL078C,0,1.3332667,0.16175878047943115,0.7996011972427368,0.4157247245311737
YFR019W,YIL093C,0,1.3329976,0.16172616183757782,0.7996011972427368,0.4158247411251068
YGR281W,YKL103C,0,1.3326477,0.1616935431957245,0.7996011972427368,0.4159247875213623
YDR021W,YDL130W-A,0,1.3311577,0.16166095435619354,0.7996011972427368,0.4160248041152954
YOR090C,YIL069C,0,1.3307108,0.1616283804178238,0.7996011972427368,0.4161248505115509
YGL180W,YGR142W,0,1.3302819,0.16159580647945404,0.7996011972427368,0.416224867105484
YPL159C,YDL046W,0,1.3299854,0.16156326234340668,0.7996011972427368,0.4163248836994171
YKL002W,YOR298W,0,1.3298442,0.16153071820735931,0.7996011972427368,0.4164249300956726
YER028C,YDL215C,0,1.3297803,0.16149818897247314,0.7996011972427368,0.4165249466896057
YER072W,YDR320C,0,1.3293335,0.16146567463874817,0.7996011972427368,0.4166249930858612
YGR212W,YMR013C,0,1.3291512,0.1614331752061844,0.7996011972427368,0.4167250096797943
YKL015W,YNL130C,0,1.3283008,0.1614006906747818,0.7996011972427368,0.4168250560760498
YGL220W,YDL149W,0,1.328018,0.1613682061433792,0.7996011972427368,0.4169250726699829
YML052W,YDR375C,0,1.3277721,0.161335751414299,0.7996011972427368,0.4170251190662384
YFL014W,YMR303C,0,1.326187,0.1613032966852188,0.7996011972427368,0.4171251356601715
YER086W,YFL061W,0,1.3257015,0.1612708568572998,0.7996011972427368,0.417225182056427
YAR015W,YIL052C,0,1.325157,0.16123844683170319,0.7996011972427368,0.4173251986503601
YBR160W,YDR486C,0,1.3248892,0.16120603680610657,0.7996011972427368,0.4174252152442932
YIL053W,YKL180W,0,1.3238665,0.16117362678050995,0.7996011972427368,0.4175252616405487
YDR009W,YOR044W,0,1.3235586,0.16114124655723572,0.7996011972427368,0.4176252782344818
YMR215W,YDR320C-A,0,1.3234098,0.16110888123512268,0.7996011972427368,0.4177253246307373
YNL273W,YMR276W,0,1.3233271,0.16107651591300964,0.7996011972427368,0.4178253412246704
YOR351C,YMR273C,0,1.322454,0.161044180393219,0.7996011972427368,0.4179253876209259
YPL195W,YIL170W,0,1.322268,0.16101184487342834,0.7996011972427368,0.418025404214859
YML031W,YKL195W,0,1.3218172,0.1609795242547989,0.7996011972427368,0.4181254506111145
YKL054C,YFR049W,0,1.321684,0.16094721853733063,0.7996011972427368,0.4182254672050476
YML102W,YGL220W,0,1.320874,0.16091492772102356,0.7996011972427368,0.4183254837989807
YCL034W,YLR348C,0,1.3206415,0.16088265180587769,0.7996011972427368,0.4184255301952362
YNL024C,YPL116W,0,1.3204311,0.1608503758907318,0.7996011972427368,0.4185255467891693
YPR017C,YLL029W,0,1.3199929,0.16081812977790833,0.7996011972427368,0.4186255931854248
YHR073W,YNL001W,1,1.3177204,0.16098636388778687,0.8005982041358948,0.4186255931854248
YGR205W,YKL002W,0,1.3174238,0.16095410287380219,0.8005982041358948,0.4187256097793579
YOL149W,YBR257W,0,1.3169785,0.1609218418598175,0.8005982041358948,0.4188256561756134
YPL007C,YLR429W,0,1.3168631,0.16088959574699402,0.8005982041358948,0.4189256727695465
YMR207C,YJL096W,0,1.3163145,0.16085736453533173,0.8005982041358948,0.419025719165802
YLR291C,YGL004C,0,1.3157867,0.16082514822483063,0.8005982041358948,0.4191257357597351
YPR021C,YNL273W,0,1.3157835,0.16079294681549072,0.8005982041358948,0.4192257821559906
YHR170W,YBL022C,0,1.3154421,0.160760760307312,0.8005982041358948,0.4193257987499237
YDL039C,YOR091W,0,1.315223,0.1607285887002945,0.8005982041358948,0.4194258153438568
YGL003C,YOR244W,0,1.3145354,0.16069641709327698,0.8005982041358948,0.4195258617401123
YCR081W,YFL011W,0,1.3140337,0.16066426038742065,0.8005982041358948,0.4196258783340454
YHR168W,YJR112W,0,1.3138678,0.16063213348388672,0.8005982041358948,0.4197259247303009
YLR441C,YCL005W-A,0,1.3138177,0.16060000658035278,0.8005982041358948,0.419825941324234
YLR157C,YEL006W,0,1.3118384,0.16056787967681885,0.8005982041358948,0.4199259877204895
YDL040C,YLR201C,0,1.3108541,0.1605357825756073,0.8005982041358948,0.4200260043144226
YIL027C,YER093C,0,1.3105913,0.16050370037555695,0.8005982041358948,0.4201260507106781
YPR098C,YPR131C,0,1.3105389,0.1604716181755066,0.8005982041358948,0.4202260673046112
YER137C,YHR035W,0,1.3098786,0.16043956577777863,0.8005982041358948,0.4203260838985443
YHR064C,YDR536W,0,1.308857,0.16040751338005066,0.8005982041358948,0.4204261302947998
YHR005C-A,YLR401C,0,1.3088055,0.1603754758834839,0.8005982041358948,0.4205261468887329
YHR111W,YLR229C,1,1.3076903,0.16054312884807587,0.8015952110290527,0.4205261468887329
YGR188C,YER005W,0,1.3063531,0.1605110764503479,0.8015952110290527,0.4206261932849884
YBL056W,YKL039W,0,1.3058674,0.16047903895378113,0.8015952110290527,0.4207262098789215
YDR300C,YDR260C,0,1.3057777,0.16044701635837555,0.8015952110290527,0.420826256275177
YJR050W,YIL140W,0,1.3049746,0.16041500866413116,0.8015952110290527,0.4209262728691101
YPL115C,YNL079C,1,1.304728,0.16058248281478882,0.8025922179222107,0.4209262728691101
YPR119W,YNL280C,0,1.3046445,0.16055046021938324,0.8025922179222107,0.4210263192653656
YKL041W,YBR177C,0,1.3041666,0.16051843762397766,0.8025922179222107,0.4211263358592987
YLR228C,YDR334W,0,1.3021878,0.16048644483089447,0.8025922179222107,0.4212263822555542
YKR044W,YDL143W,0,1.3012586,0.16045445203781128,0.8025922179222107,0.4213263988494873
YGL106W,YBR029C,0,1.3003849,0.16042247414588928,0.8025922179222107,0.4214264154434204
YEL051W,YMR017W,0,1.2998257,0.16039051115512848,0.8025922179222107,0.4215264618396759
YML043C,YER087C-A,0,1.2997447,0.16035856306552887,0.8025922179222107,0.421626478433609
YBR188C,YER179W,0,1.299656,0.16032662987709045,0.8025922179222107,0.4217265248298645
YGR118W,YDL198C,0,1.2989485,0.16029469668865204,0.8025922179222107,0.4218265414237976
YFL036W,YMR114C,0,1.2987068,0.160262793302536,0.8025922179222107,0.4219265878200531
YGL090W,YPL234C,0,1.2983922,0.16023088991641998,0.8025922179222107,0.4220266044139862
YFR024C-A,YML006C,0,1.2969658,0.16019900143146515,0.8025922179222107,0.4221266508102417
YDR078C,YKR055W,0,1.2967291,0.1601671278476715,0.8025922179222107,0.4222266674041748
YDR050C,YMR137C,0,1.2963985,0.16013526916503906,0.8025922179222107,0.4223266839981079
YOR222W,YDL148C,0,1.295921,0.1601034253835678,0.8025922179222107,0.4224267303943634
YDR466W,YKL144C,0,1.295871,0.16007158160209656,0.8025922179222107,0.4225267469882965
YGL203C,YHR066W,0,1.2958617,0.1600397676229477,0.8025922179222107,0.422626793384552
YDR212W,YJR103W,0,1.2953727,0.16000795364379883,0.8025922179222107,0.4227268099784851
YBR036C,YPL276W,0,1.294933,0.15997615456581116,0.8025922179222107,0.4228268563747406
YOR278W,YDR175C,0,1.2944888,0.15994437038898468,0.8025922179222107,0.4229268729686737
YCR086W,YAL044C,0,1.2941787,0.1599126011133194,0.8025922179222107,0.4230269193649292
YOL149W,YCL005W-A,0,1.293663,0.1598808318376541,0.8025922179222107,0.4231269359588623
YHR135C,YMR272C,0,1.293076,0.15984909236431122,0.8025922179222107,0.4232269823551178
YOR047C,YDR127W,0,1.2930017,0.15981735289096832,0.8025922179222107,0.4233269989490509
YER022W,YPR113W,0,1.2928308,0.15978562831878662,0.8025922179222107,0.423427015542984
YGL189C,YFR018C,0,1.2927392,0.1597539186477661,0.8025922179222107,0.4235270619392395
YFL014W,YDR471W,0,1.2917633,0.1597222238779068,0.8025922179222107,0.4236270785331726
YOR175C,YKR038C,0,1.2912312,0.15969054400920868,0.8025922179222107,0.4237271249294281
YHR139C,YHL031C,0,1.2908792,0.15965886414051056,0.8025922179222107,0.4238271415233612
YLR348C,YMR016C,0,1.2902215,0.15962719917297363,0.8025922179222107,0.4239271879196167
YDR432W,YBR083W,1,1.2892693,0.15979380905628204,0.8035892248153687,0.4239271879196167
YGR202C,YPR072W,0,1.2887735,0.15976214408874512,0.8035892248153687,0.4240272045135498
YNL068C,YMR164C,1,1.288294,0.15992864966392517,0.8045862317085266,0.4240272045135498
YDR429C,YOR069W,0,1.2878226,0.15989696979522705,0.8045862317085266,0.4241272509098053
YLL027W,YPR005C,0,1.2877576,0.15986528992652893,0.8045862317085266,0.4242272675037384
YNL130C,YOR168W,0,1.2872581,0.159833624958992,0.8045862317085266,0.4243272840976715
YLR312C-B,YMR164C,1,1.2869704,0.1599999964237213,0.8055832386016846,0.4243272840976715
YLR438C-A,YOR322C,0,1.2855239,0.1599683165550232,0.8055832386016846,0.424427330493927
YDL019C,YJR033C,0,1.2851024,0.15993665158748627,0.8055832386016846,0.4245273470878601
YGL174W,YFR013W,0,1.2849319,0.15990500152111053,0.8055832386016846,0.4246273934841156
YLR459W,YNL227C,0,1.2839402,0.159873366355896,0.8055832386016846,0.4247274100780487
YPL013C,YPL224C,0,1.283105,0.15984174609184265,0.8055832386016846,0.4248274564743042
YMR053C,YMR301C,0,1.2828369,0.1598101258277893,0.8055832386016846,0.4249274730682373
YKL061W,YLR037C,0,1.2826612,0.15977852046489716,0.8055832386016846,0.4250275194644928
YNL045W,YIL084C,0,1.2822714,0.1597469300031662,0.8055832386016846,0.4251275360584259
YDR387C,YPL033C,0,1.281543,0.15971535444259644,0.8055832386016846,0.4252275824546814
YDR323C,YFR013W,0,1.2789116,0.15968379378318787,0.8055832386016846,0.4253275990486145
YMR098C,YLL050C,0,1.2784854,0.1596522480249405,0.8055832386016846,0.4254276156425476
YBR041W,YFL048C,0,1.2775578,0.15962070226669312,0.8055832386016846,0.4255276620388031
YHR004C,YJR083C,0,1.2757363,0.15958917140960693,0.8055832386016846,0.4256276786327362
YDR092W,YLL021W,0,1.2751901,0.15955765545368195,0.8055832386016846,0.4257277250289917
YLR312C-B,YMR238W,1,1.2746973,0.15972359478473663,0.8065802454948425,0.4257277250289917
YJR009C,YGL030W,0,1.27455,0.15969206392765045,0.8065802454948425,0.4258277416229248
YMR296C,YDL080C,0,1.2740275,0.15966054797172546,0.8065802454948425,0.4259277880191803
YER068W,YCR107W,0,1.2737074,0.15962904691696167,0.8065802454948425,0.4260278046131134
YDR367W,YIL094C,0,1.2734047,0.15959756076335907,0.8065802454948425,0.4261278510093689
YJL183W,YCR028C,0,1.2729106,0.15956607460975647,0.8065802454948425,0.426227867603302
YDR379W,YNL138W,1,1.2723546,0.15973180532455444,0.8075772523880005,0.426227867603302
YDR471W,YKL173W,0,1.2685952,0.15970031917095184,0.8075772523880005,0.4263278841972351
YML133C,YLR206W,0,1.2680575,0.15966883301734924,0.8075772523880005,0.4264279305934906
YNL107W,YOR194C,0,1.2680387,0.15963736176490784,0.8075772523880005,0.4265279471874237
YOR380W,YGR020C,0,1.2679605,0.15960590541362762,0.8075772523880005,0.4266279935836792
YER108C,YBR083W,1,1.267596,0.15977147221565247,0.8085742592811584,0.4266279935836792
YCR054C,YGL116W,0,1.2671844,0.15974000096321106,0.8085742592811584,0.4267280101776123
YFR018C,YBR282W,0,1.267023,0.15970854461193085,0.8085742592811584,0.4268280565738678
YLL022C,YHR209W,0,1.266939,0.15967710316181183,0.8085742592811584,0.4269280731678009
YAL007C,YCL051W,0,1.2668896,0.159645676612854,0.8085742592811584,0.4270281195640564
YPL074W,YGR118W,0,1.2661555,0.15961425006389618,0.8085742592811584,0.4271281361579895
YOR371C,YKL048C,1,1.2659354,0.1597796082496643,0.8095712661743164,0.4271281361579895
YLR141W,YGR070W,0,1.2650267,0.15974818170070648,0.8095712661743164,0.427228182554245
YNL221C,YMR123W,0,1.2647184,0.15971675515174866,0.8095712661743164,0.4273281991481781
YBR080C,YIL124W,0,1.2642329,0.15968534350395203,0.8095712661743164,0.4274282157421112
YPR194C,YPR095C,0,1.2641475,0.1596539467573166,0.8095712661743164,0.4275282621383667
YKL056C,YGR062C,0,1.2640657,0.15962256491184235,0.8095712661743164,0.4276282787322998
YOR030W,YMR238W,1,1.2633498,0.15978772938251495,0.8105682730674744,0.4276282787322998
YDR322W,YER129W,0,1.262484,0.15975633263587952,0.8105682730674744,0.4277283251285553
YBR024W,YNL132W,0,1.2623286,0.15972495079040527,0.8105682730674744,0.4278283417224884
YGR221C,YNR007C,0,1.2622752,0.15969358384609222,0.8105682730674744,0.4279283881187439
YGR178C,YFL029C,0,1.2622695,0.15966221690177917,0.8105682730674744,0.428028404712677
YNL251C,YNR018W,0,1.2618501,0.15963086485862732,0.8105682730674744,0.4281284511089325
YDL060W,YKR071C,0,1.2618449,0.15959952771663666,0.8105682730674744,0.4282284677028656
YML060W,YGR205W,0,1.2615058,0.1595682054758072,0.8105682730674744,0.4283284842967987
YBR191W,YGL070C,0,1.2614981,0.15953689813613892,0.8105682730674744,0.4284285306930542
YGR171C,YHR175W,0,1.2607105,0.15950559079647064,0.8105682730674744,0.4285285472869873
YBL007C,YGR189C,0,1.2606721,0.15947429835796356,0.8105682730674744,0.4286285936832428
YDR265W,YHR179W,0,1.2587639,0.15944302082061768,0.8105682730674744,0.4287286102771759
YNL007C,YLR093C,0,1.2587537,0.15941175818443298,0.8105682730674744,0.4288286566734314
YDL108W,YHL035C,0,1.2582091,0.15938051044940948,0.8105682730674744,0.4289286732673645
YCR081W,YDR528W,0,1.257696,0.15934927761554718,0.8105682730674744,0.42902871966362
YDR009W,YLR129W,0,1.2570689,0.15931804478168488,0.8105682730674744,0.4291287362575531
YIL037C,YDR218C,0,1.2563115,0.15928682684898376,0.8105682730674744,0.4292287826538086
YGR024C,YMR101C,0,1.2562492,0.15925563871860504,0.8105682730674744,0.4293287992477417
YDL204W,YOR084W,0,1.2560807,0.15922443568706512,0.8105682730674744,0.4294288158416748
YDL119C,YMR128W,0,1.255953,0.1591932624578476,0.8105682730674744,0.4295288622379303
YOR032C,YMR164C,1,1.2550159,0.15935787558555603,0.8115652799606323,0.4295288622379303
YLR043C,YOR236W,0,1.2547407,0.1593266725540161,0.8115652799606323,0.4296288788318634
YPR199C,YPL204W,0,1.2544168,0.15929549932479858,0.8115652799606323,0.4297289252281189
YLR085C,YGL120C,0,1.2543994,0.15926432609558105,0.8115652799606323,0.429828941822052
YNR002C,YJL069C,0,1.2518268,0.1592331826686859,0.8115652799606323,0.4299289882183075
YFR032C-A,YLR433C,0,1.2510488,0.15920203924179077,0.8115652799606323,0.4300290048122406
YDR005C,YER130C,0,1.250073,0.15917091071605682,0.8115652799606323,0.4301290512084961
YOL003C,YDL031W,0,1.2497063,0.15913978219032288,0.8115652799606323,0.4302290678024292
YMR312W,YLR352W,0,1.2496899,0.15910868346691132,0.8115652799606323,0.4303290843963623
YAR031W,YIL068C,0,1.2496599,0.15907758474349976,0.8115652799606323,0.4304291307926178
YLR092W,YBR002C,0,1.2487158,0.1590465009212494,0.8115652799606323,0.4305291473865509
YPL075W,YOR070C,0,1.2477089,0.15901543200016022,0.8115652799606323,0.4306291937828064
YNL197C,YDR392W,1,1.2473662,0.1591796875,0.8125622868537903,0.4306291937828064
YEL032W,YPR163C,0,1.2472332,0.15914860367774963,0.8125622868537903,0.4307292103767395
YDR482C,YIL088C,0,1.2467856,0.15911753475666046,0.8125622868537903,0.430829256772995
YPL210C,YDR158W,0,1.2463801,0.1590864658355713,0.8125622868537903,0.4309292733669281
YMR038C,YNL268W,0,1.2459208,0.1590554267168045,0.8125622868537903,0.4310293197631836
YDR091C,YLR004C,0,1.2445683,0.15902438759803772,0.8125622868537903,0.4311293363571167
YKR026C,YLR323C,0,1.2441394,0.15899336338043213,0.8125622868537903,0.4312293827533722
YER140W,YIL068C,0,1.243953,0.15896235406398773,0.8125622868537903,0.4313293993473053
YNL158W,YOR179C,0,1.2437444,0.15893135964870453,0.8125622868537903,0.4314294159412384
YLR059C,YPR001W,0,1.2431111,0.15890036523342133,0.8125622868537903,0.4315294623374939
YOR320C,YGR162W,0,1.2428623,0.1588694006204605,0.8125622868537903,0.431629478931427
YOR098C,YML070W,0,1.2423501,0.1588384360074997,0.8125622868537903,0.4317295253276825
YGL062W,YIR039C,0,1.2418875,0.15880748629570007,0.8125622868537903,0.4318295419216156
YDR069C,YPR095C,0,1.2418044,0.15877653658390045,0.8125622868537903,0.4319295883178711
YNL138W,YDR342C,0,1.2407844,0.15874561667442322,0.8125622868537903,0.4320296049118042
YLR353W,YJR153W,1,1.2402674,0.15890944004058838,0.8135592937469482,0.4320296049118042
YNL290W,YLR037C,0,1.2402371,0.15887850522994995,0.8135592937469482,0.4321296513080597
YPR097W,YOR076C,0,1.2397635,0.15884757041931152,0.8135592937469482,0.4322296679019928
YHR047C,YJR135W-A,0,1.2397156,0.15881666541099548,0.8135592937469482,0.4323296844959259
YGL185C,YKL194C,0,1.2375762,0.15878576040267944,0.8135592937469482,0.4324297308921814
YHR103W,YDR151C,0,1.2359662,0.1587548702955246,0.8135592937469482,0.4325297474861145
YBR230C,YOR138C,0,1.2359122,0.15872398018836975,0.8135592937469482,0.43262979388237
YLL041C,YMR114C,0,1.2357814,0.1586931198835373,0.8135592937469482,0.4327298104763031
YPR095C,YLR370C,0,1.234426,0.15866225957870483,0.8135592937469482,0.4328298568725586
YIR018W,YNL111C,0,1.2341194,0.15863141417503357,0.8135592937469482,0.4329298734664917
YPL117C,YML132W,0,1.2340664,0.1586005836725235,0.8135592937469482,0.4330299198627472
YDR487C,YDR513W,0,1.2336569,0.15856976807117462,0.8135592937469482,0.4331299364566803
YIR019C,YDL159W,1,1.2336546,0.15873324871063232,0.814556360244751,0.4331299364566803
YHR061C,YKL015W,0,1.2335533,0.15870240330696106,0.814556360244751,0.4332299828529358
YPL206C,YPL253C,0,1.2330751,0.15867158770561218,0.814556360244751,0.4333299994468689
YJR112W,YHR023W,0,1.2319102,0.1586407721042633,0.814556360244751,0.433430016040802
YAL028W,YLR385C,0,1.2318178,0.15860997140407562,0.814556360244751,0.4335300624370575
YKL183W,YMR198W,0,1.2301115,0.15857918560504913,0.814556360244751,0.4336300790309906
YPR133C,YKR090W,0,1.2296948,0.15854841470718384,0.814556360244751,0.4337301254272461
YGR075C,YBR176W,0,1.2275198,0.15851765871047974,0.814556360244751,0.4338301420211792
YPL253C,YCR035C,0,1.2273794,0.15848690271377563,0.814556360244751,0.4339301884174347
YDL043C,YCL025C,0,1.2267569,0.15845616161823273,0.814556360244751,0.4340302050113678
YER109C,YMR164C,1,1.2265617,0.15861935913562775,0.8155533671379089,0.4340302050113678
YHR101C,YGL226C-A,0,1.2260618,0.15858860313892365,0.8155533671379089,0.4341302514076233
YHR106W,YJL083W,0,1.2258997,0.15855786204338074,0.8155533671379089,0.4342302680015564
YER087C-A,YGL071W,0,1.2256408,0.15852713584899902,0.8155533671379089,0.4343302845954895
YDR447C,YHR041C,0,1.2252609,0.1584964096546173,0.8155533671379089,0.434430330991745
YCL035C,YLR085C,0,1.2251811,0.15846571326255798,0.8155533671379089,0.4345303475856781
YJL006C,YFR033C,0,1.2251711,0.15843501687049866,0.8155533671379089,0.4346303939819336
YNL330C,YPL087W,0,1.2250772,0.15840433537960052,0.8155533671379089,0.4347304105758667
YDL164C,YJL109C,0,1.2247047,0.1583736687898636,0.8155533671379089,0.4348304569721222
YOL052C-A,YDL170W,0,1.2229273,0.15834301710128784,0.8155533671379089,0.4349304735660553
YJR042W,YML081C-A,0,1.2223233,0.1583123654127121,0.8155533671379089,0.4350305199623108
YDL028C,YIL115C,0,1.2208414,0.15828172862529755,0.8155533671379089,0.4351305365562439
YNR035C,YHR158C,0,1.2202228,0.1582511067390442,0.8155533671379089,0.4352305829524994
YJL212C,YAL013W,0,1.2194455,0.15822049975395203,0.8155533671379089,0.4353305995464325
YDL129W,YHR064C,0,1.2191651,0.15818990767002106,0.8155533671379089,0.4354306161403656
YDR129C,YHL034C,0,1.2189808,0.1581593155860901,0.8155533671379089,0.4355306625366211
YGR279C,YDR518W,0,1.218925,0.1581287384033203,0.8155533671379089,0.4356306791305542
YDR082W,YHR014W,0,1.2184246,0.15809817612171173,0.8155533671379089,0.4357307255268097
YHR059W,YLR024C,0,1.2183942,0.15806762874126434,0.8155533671379089,0.4358307421207428
YCR029C-A,YIR037W,0,1.2181863,0.15803709626197815,0.8155533671379089,0.4359307885169983
YIL017W,YNL271C,0,1.2180234,0.15800656378269196,0.8155533671379089,0.4360308051109314
YLR383W,YGL084C,0,1.2179755,0.15797604620456696,0.8155533671379089,0.4361308515071869
YDL198C,YDL130W,0,1.2171661,0.15794554352760315,0.8155533671379089,0.43623086810112
YER020W,YML011C,0,1.2170084,0.15791505575180054,0.8155533671379089,0.4363308846950531
YFL023W,YBL112C,0,1.2166411,0.15788458287715912,0.8155533671379089,0.4364309310913086
YOL038W,YGR239C,0,1.216563,0.1578541100025177,0.8155533671379089,0.4365309476852417
YOR079C,YCL018W,0,1.216376,0.15782365202903748,0.8155533671379089,0.4366309940814972
YGR260W,YMR146C,0,1.216012,0.15779320895671844,0.8155533671379089,0.4367310106754303
YAL043C,YLR215C,0,1.2153392,0.1577627807855606,0.8155533671379089,0.4368310570716858
YBL082C,YOR116C,0,1.215249,0.15773235261440277,0.8155533671379089,0.4369310736656189
YKL082C,YNL290W,0,1.2151769,0.15770195424556732,0.8155533671379089,0.4370311200618744
YDL211C,YLR221C,0,1.2151589,0.15767155587673187,0.8155533671379089,0.4371311366558075
YBL061C,YDR422C,0,1.2139258,0.15764115750789642,0.8155533671379089,0.437231183052063
YJL219W,YOR386W,0,1.2132275,0.15761078894138336,0.8155533671379089,0.4373311996459961
YER149C,YER151C,0,1.2130375,0.1575804203748703,0.8155533671379089,0.4374312162399292
YDR236C,YLR096W,0,1.2129494,0.15755008161067963,0.8155533671379089,0.4375312626361847
YAR002C-A,YLR055C,0,1.2123799,0.15751974284648895,0.8155533671379089,0.4376312792301178
YER008C,YOL158C,0,1.2106619,0.15748940408229828,0.8155533671379089,0.4377313256263733
YDR200C,YPL258C,0,1.2104089,0.15745909512043,0.8155533671379089,0.4378313422203064
YOR172W,YER032W,0,1.2098588,0.1574287861585617,0.8155533671379089,0.4379313886165619
YPL214C,YIL021W,0,1.2089226,0.15739849209785461,0.8155533671379089,0.438031405210495
YGR144W,YMR152W,0,1.2082044,0.15736821293830872,0.8155533671379089,0.4381314516067505
YMR262W,YDR026C,0,1.2073864,0.157337948679924,0.8155533671379089,0.4382314682006836
YPR143W,YER142C,0,1.2071972,0.1573076993227005,0.8155533671379089,0.4383314847946167
YIR005W,YGR241C,0,1.2070683,0.157277449965477,0.8155533671379089,0.4384315311908722
YER045C,YLR038C,0,1.2067277,0.15724721550941467,0.8155533671379089,0.4385315477848053
YNL050C,YNL146W,0,1.2063988,0.15721699595451355,0.8155533671379089,0.4386315941810608
YBR195C,YHR172W,0,1.2063415,0.15718677639961243,0.8155533671379089,0.4387316107749939
YGL005C,YOL135C,0,1.2061633,0.1571565866470337,0.8155533671379089,0.4388316571712494
YCR016W,YDR364C,0,1.2058179,0.15712639689445496,0.8155533671379089,0.4389316737651825
YGL070C,YNL268W,0,1.2048388,0.15709622204303741,0.8155533671379089,0.439031720161438
YKL189W,YEL015W,0,1.203564,0.15706604719161987,0.8155533671379089,0.4391317367553711
YKL009W,YLL026W,0,1.2035528,0.15703590214252472,0.8155533671379089,0.4392317831516266
YPL176C,YER005W,0,1.2033703,0.15700575709342957,0.8155533671379089,0.4393317997455597
YHR092C,YNL029C,0,1.2032535,0.1569756269454956,0.8155533671379089,0.4394318163394928
YBR162C,YDL040C,0,1.2031606,0.15694551169872284,0.8155533671379089,0.4395318627357483
YLR005W,YMR311C,0,1.2021396,0.15691539645195007,0.8155533671379089,0.4396318793296814
YBR276C,YLR419W,0,1.2020457,0.1568853110074997,0.8155533671379089,0.4397319257259369
YDL245C,YDR440W,0,1.2019087,0.15685522556304932,0.8155533671379089,0.43983194231987
YAR033W,YOL010W,0,1.201253,0.15682515501976013,0.8155533671379089,0.4399319887161255
YBL076C,YGR167W,0,1.2010448,0.15679509937763214,0.8155533671379089,0.4400320053100586
YOR045W,YDR439W,0,1.2007735,0.15676504373550415,0.8155533671379089,0.4401320517063141
YMR239C,YOR046C,0,1.1997007,0.15673500299453735,0.8155533671379089,0.4402320683002472
YFR005C,YPL148C,0,1.1995826,0.15670497715473175,0.8155533671379089,0.4403320848941803
YNL045W,YHR193C,0,1.1993339,0.15667496621608734,0.8155533671379089,0.4404321312904358
YOR288C,YPL028W,0,1.1984122,0.15664497017860413,0.8155533671379089,0.4405321478843689
YLR459W,YBL103C,0,1.1984117,0.1566149741411209,0.8155533671379089,0.4406321942806244
YLR312C-B,YOR032C,1,1.1971858,0.15677641332149506,0.8165503740310669,0.4406321942806244
YLR167W,YDR026C,0,1.1968076,0.15674641728401184,0.8165503740310669,0.4407322108745575
YLR403W,YER048W-A,0,1.1964613,0.15671642124652863,0.8165503740310669,0.440832257270813
YNL233W,YDR109C,0,1.1962949,0.1566864401102066,0.8165503740310669,0.4409322738647461
YDL216C,YEL037C,0,1.1957309,0.15665645897388458,0.8165503740310669,0.4410323202610016
YIL075C,YMR235C,0,1.1954796,0.15662650763988495,0.8165503740310669,0.4411323368549347
YDL021W,YDR222W,0,1.1953428,0.15659655630588531,0.8165503740310669,0.4412323832511902
YLR175W,YDL211C,0,1.1947552,0.15656661987304688,0.8165503740310669,0.4413323998451233
YNL059C,YOR381W,0,1.1937305,0.15653669834136963,0.8165503740310669,0.4414324164390564
YPR111W,YGR034W,0,1.1932702,0.15650677680969238,0.8165503740310669,0.4415324628353119
YKR079C,YOR275C,0,1.1928688,0.15647688508033752,0.8165503740310669,0.441632479429245
YDR463W,YOR341W,0,1.1927141,0.15644699335098267,0.8165503740310669,0.4417325258255005
YNR055C,YHR039C-A,0,1.1926603,0.156417116522789,0.8165503740310669,0.4418325424194336
YNL330C,YGR271W,0,1.1924169,0.15638723969459534,0.8165503740310669,0.4419325888156891
YHR149C,YOL076W,0,1.1921875,0.15635739266872406,0.8165503740310669,0.4420326054096222
YDR067C,YEL005C,0,1.1919783,0.15632754564285278,0.8165503740310669,0.4421326518058777
YML021C,YJR121W,0,1.1911242,0.1562977135181427,0.8165503740310669,0.4422326683998108
YPR198W,YOR098C,0,1.1910526,0.15626788139343262,0.8165503740310669,0.4423326849937439
YHR064C,YPR184W,0,1.1909577,0.15623807907104492,0.8165503740310669,0.4424327313899994
YML039W,YHR120W,0,1.1899353,0.15620827674865723,0.8165503740310669,0.4425327479839325
YMR284W,YER074W,0,1.1895769,0.15617848932743073,0.8165503740310669,0.442632794380188
YPL010W,YOR113W,0,1.1887509,0.15614871680736542,0.8165503740310669,0.4427328109741211
YMR008C,YJL179W,0,1.1877465,0.1561189442873001,0.8165503740310669,0.4428328573703766
YOR371C,YLR312C-B,1,1.1877077,0.1562797725200653,0.8175473809242249,0.4428328573703766
YOR251C,YCR058C,0,1.187314,0.15625,0.8175473809242249,0.4429328739643097
YER048W-A,YPL207W,0,1.1864512,0.1562202274799347,0.8175473809242249,0.4430329203605652
YPL196W,YBR145W,0,1.1856523,0.15619046986103058,0.8175473809242249,0.4431329369544983
YPL168W,YIL084C,0,1.1839325,0.15616072714328766,0.8175473809242249,0.4432329833507538
YNL044W,YHR028C,0,1.1837926,0.15613099932670593,0.8175473809242249,0.4433329999446869
YLR383W,YFR010W,0,1.1833594,0.1561012715101242,0.8175473809242249,0.44343301653862
YBR202W,YNL118C,0,1.1828341,0.15607155859470367,0.8175473809242249,0.4435330629348755
YKL056C,YMR038C,0,1.1823696,0.15604186058044434,0.8175473809242249,0.4436330795288086
YNL086W,YOL028C,0,1.1799197,0.1560121774673462,0.8175473809242249,0.4437331259250641
YER081W,YDR393W,0,1.1797949,0.15598249435424805,0.8175473809242249,0.4438331425189972
YIL137C,YOR311C,0,1.1795039,0.1559528410434723,0.8175473809242249,0.4439331889152527
YKL090W,YIL048W,0,1.1792994,0.15592317283153534,0.8175473809242249,0.4440332055091858
YMR298W,YDR088C,0,1.1791062,0.15589353442192078,0.8175473809242249,0.4441332519054413
YCR094W,YPL031C,0,1.1784035,0.1558639109134674,0.8175473809242249,0.4442332684993744
YNL142W,YLR092W,0,1.1782415,0.15583428740501404,0.8175473809242249,0.4443332850933075
YGR223C,YJL200C,0,1.1781124,0.15580467879772186,0.8175473809242249,0.444433331489563
YIL118W,YOR216C,0,1.1779958,0.1557750701904297,0.8175473809242249,0.4445333480834961
YGR295C,YDR512C,0,1.1778907,0.1557454913854599,0.8175473809242249,0.4446333944797516
YDR257C,YJL148W,0,1.1776412,0.1557159125804901,0.8175473809242249,0.4447334110736847
YLL051C,YKR061W,0,1.1767085,0.15568634867668152,0.8175473809242249,0.4448334574699402
YNL221C,YMR272C,0,1.1758697,0.15565679967403412,0.8175473809242249,0.4449334740638733
YIR009W,YLR313C,0,1.1757152,0.15562725067138672,0.8175473809242249,0.4450335204601288
YOR279C,YIL101C,0,1.1749744,0.1555977165699005,0.8175473809242249,0.4451335370540619
YOR290C,YGL236C,0,1.1747773,0.1555681973695755,0.8175473809242249,0.4452335834503174
YMR059W,YNL190W,0,1.1741714,0.15553869307041168,0.8175473809242249,0.4453336000442505
YLR343W,YGR089W,0,1.1739972,0.15550920367240906,0.8175473809242249,0.4454336166381836
YOR382W,YLL041C,0,1.1734564,0.15547971427440643,0.8175473809242249,0.4455336630344391
YIL111W,YLR059C,0,1.1729424,0.155450239777565,0.8175473809242249,0.4456336796283722
YNL274C,YMR303C,0,1.1718788,0.15542078018188477,0.8175473809242249,0.4457337260246277
YOR251C,YPL031C,0,1.1718292,0.15539132058620453,0.8175473809242249,0.4458337426185608
YHR027C,YKR093W,0,1.1716708,0.15536187589168549,0.8175473809242249,0.4459337890148163
YMR097C,YKR020W,0,1.171224,0.15533244609832764,0.8175473809242249,0.4460338056087494
YOL023W,YDR364C,0,1.1712117,0.15530303120613098,0.8175473809242249,0.4461338520050049
YOR334W,YDL149W,0,1.1711019,0.15527361631393433,0.8175473809242249,0.446233868598938
YLR025W,YGR295C,0,1.1710662,0.15524423122406006,0.8175473809242249,0.4463339149951935
YJR097W,YHR014W,0,1.1709594,0.1552148461341858,0.8175473809242249,0.4464339315891266
YPR060C,YER005W,0,1.1705455,0.15518546104431152,0.8175473809242249,0.4465339481830597
YOL080C,YML027W,0,1.1698956,0.15515610575675964,0.8175473809242249,0.4466339945793152
YKL149C,YOR371C,1,1.1698889,0.15531593561172485,0.8185443878173828,0.4466339945793152
YFR032C-A,YHR117W,0,1.1697259,0.15528655052185059,0.8185443878173828,0.4467340111732483
YMR098C,YOR233W,0,1.1689663,0.1552571803331375,0.8185443878173828,0.4468340575695038
YNL293W,YLR249W,0,1.1688824,0.15522782504558563,0.8185443878173828,0.4469340741634369
YKR028W,YKL200C,0,1.1682215,0.15519848465919495,0.8185443878173828,0.4470341205596924
YDR397C,YJL127C,0,1.1676469,0.15516915917396545,0.8185443878173828,0.4471341371536255
YPL094C,YDR531W,0,1.1672549,0.15513983368873596,0.8185443878173828,0.447234183549881
YFL061W,YKL067W,0,1.1669662,0.15511052310466766,0.8185443878173828,0.4473342001438141
YMR195W,YDR116C,0,1.1666272,0.15508122742176056,0.8185443878173828,0.4474342167377472
YGL090W,YDL171C,0,1.1664604,0.15505193173885345,0.8185443878173828,0.4475342631340027
YHR186C,YNL308C,0,1.1664319,0.15502266585826874,0.8185443878173828,0.4476342797279358
YNL068C,YDR251W,1,1.166061,0.15518218278884888,0.8195413947105408,0.4476342797279358
YBR156C,YIL002C,0,1.1657159,0.15515288710594177,0.8195413947105408,0.4477343261241913
YDL225W,YMR308C,0,1.1653129,0.15512360632419586,0.8195413947105408,0.4478343427181244
YBR081C,YDR439W,0,1.1647577,0.15509434044361115,0.8195413947105408,0.4479343891143799
YOL111C,YLR083C,0,1.1645346,0.15506508946418762,0.8195413947105408,0.448034405708313
YNR067C,YLR194C,0,1.1643491,0.1550358384847641,0.8195413947105408,0.4481344521045685
YML113W,YFL011W-A,0,1.163197,0.15500660240650177,0.8195413947105408,0.4482344686985016
YIL046W,YLR078C,0,1.1621166,0.15497738122940063,0.8195413947105408,0.4483345150947571
YGR081C,YJR123W,0,1.1617845,0.1549481600522995,0.8195413947105408,0.4484345316886902
YDR172W,YPR042C,0,1.1614902,0.15491895377635956,0.8195413947105408,0.4485345482826233
YKL149C,YER109C,1,1.1612059,0.1550782024860382,0.8205384016036987,0.4485345482826233
YIL020C,YHR017W,0,1.1608754,0.15504898130893707,0.8205384016036987,0.4486345946788788
YCL052C,YGL226W,0,1.1607919,0.15501977503299713,0.8205384016036987,0.4487346112728119
YHR060W,YPR091C,0,1.1607409,0.15499058365821838,0.8205384016036987,0.4488346576690674
YJR153W,YNL102W,0,1.1601319,0.15496140718460083,0.8205384016036987,0.4489346742630005
YNL079C,YMR238W,1,1.1592839,0.15512047708034515,0.8215354084968567,0.4489346742630005
YKR027W,YDL124W,0,1.1586227,0.1550912857055664,0.8215354084968567,0.449034720659256
YGR061C,YDR490C,0,1.1580858,0.15506209433078766,0.8215354084968567,0.4491347372531891
YOR262W,YOL109W,0,1.157547,0.1550329327583313,0.8215354084968567,0.4492347836494446
YPR143W,YLR204W,0,1.1569035,0.15500375628471375,0.8215354084968567,0.4493348002433777
YDR079W,YIR006C,0,1.15591,0.15497460961341858,0.8215354084968567,0.4494348168373108
YOR068C,YOR299W,0,1.1556154,0.1549454629421234,0.8215354084968567,0.4495348632335663
YOL061W,YGR116W,0,1.1548975,0.15491633117198944,0.8215354084968567,0.4496348798274994
YKL058W,YNL314W,0,1.1537771,0.15488721430301666,0.8215354084968567,0.4497349262237549
YLR040C,YMR071C,0,1.1534864,0.15485811233520508,0.8215354084968567,0.449834942817688
YNR007C,YLR185W,0,1.1529093,0.1548290103673935,0.8215354084968567,0.4499349892139435
YBR195C,YLR337C,0,1.1527573,0.1547999233007431,0.8215354084968567,0.4500350058078766
YOR372C,YKR054C,0,1.1521454,0.1547708511352539,0.8215354084968567,0.4501350522041321
YDR262W,YMR117C,0,1.1513631,0.1547417789697647,0.8215354084968567,0.4502350687980652
YBR160W,YMR071C,0,1.1507297,0.1547127366065979,0.8215354084968567,0.4503351151943207
YLR321C,YJL127C,0,1.150093,0.1546836942434311,0.8215354084968567,0.4504351317882538
YKR019C,YBR028C,0,1.1494746,0.15465465188026428,0.8215354084968567,0.4505351483821869
YOL092W,YLR223C,0,1.1489735,0.15462563931941986,0.8215354084968567,0.4506351947784424
YJR123W,YOR250C,0,1.14814,0.15459662675857544,0.8215354084968567,0.4507352113723755
YLR260W,YKL006C-A,0,1.1475729,0.1545676290988922,0.8215354084968567,0.450835257768631
YER022W,YPR160W,0,1.1472472,0.15453863143920898,0.8215354084968567,0.4509352743625641
YNL117W,YBR241C,0,1.1466504,0.15450966358184814,0.8215354084968567,0.4510353207588196
YDR368W,YPR024W,0,1.1462481,0.1544806957244873,0.8215354084968567,0.4511353373527527
YLR193C,YPL137C,0,1.1460452,0.15445172786712646,0.8215354084968567,0.4512353837490082
YNL244C,YLR223C,0,1.1458142,0.154422789812088,0.8215354084968567,0.4513354003429413
YNL189W,YDL208W,0,1.1450875,0.15439385175704956,0.8215354084968567,0.4514354169368744
YPR119W,YBR294W,0,1.1443775,0.1543649286031723,0.8215354084968567,0.4515354633331299
YOR011W,YLR204W,0,1.1441915,0.15433602035045624,0.8215354084968567,0.451635479927063
YMR097C,YDL216C,0,1.1441107,0.15430711209774017,0.8215354084968567,0.4517355263233185
YNL001W,YMR164C,1,1.1420578,0.154465451836586,0.8225324153900146,0.4517355263233185
YOR349W,YFL048C,0,1.141575,0.15443654358386993,0.8225324153900146,0.4518355429172516
YDR466W,YJR013W,0,1.1411366,0.15440763533115387,0.8225324153900146,0.4519355893135071
YER177W,YMR238W,1,1.1410301,0.15456587076187134,0.8235294222831726,0.4519355893135071
YOL065C,YIL098C,0,1.1407808,0.15453694760799408,0.8235294222831726,0.4520356059074402
YDR099W,YER020W,1,1.1406964,0.15469509363174438,0.8245264291763306,0.4520356059074402
YPL206C,YDL171C,0,1.1405244,0.15466617047786713,0.8245264291763306,0.4521356523036957
YBL031W,YDR245W,0,1.1399586,0.15463724732398987,0.8245264291763306,0.4522356688976288
YIL017W,YDR437W,0,1.1399502,0.1546083390712738,0.8245264291763306,0.4523357152938843
YJL102W,YBR156C,0,1.1394095,0.15457944571971893,0.8245264291763306,0.4524357318878174
YDR328C,YJL172W,0,1.1390508,0.15455055236816406,0.8245264291763306,0.4525357484817505
YGR082W,YPL163C,0,1.139044,0.15452167391777039,0.8245264291763306,0.452635794878006
YHR179W,YLR044C,0,1.1365461,0.1544928103685379,0.8245264291763306,0.4527358114719391
YGR005C,YDL195W,0,1.1359562,0.15446394681930542,0.8245264291763306,0.4528358578681946
YCR091W,YDL217C,0,1.1357136,0.15443511307239532,0.8245264291763306,0.4529358744621277
YIL172C,YGR222W,0,1.1351894,0.15440627932548523,0.8245264291763306,0.4530359208583832
YGR057C,YPR137W,0,1.1344292,0.15437744557857513,0.8245264291763306,0.4531359374523163
YOL152W,YLR313C,0,1.1339992,0.15434864163398743,0.8245264291763306,0.4532359838485718
YFR032C-A,YER185W,0,1.133965,0.15431983768939972,0.8245264291763306,0.4533360004425049
YCR038C,YCR093W,1,1.1339561,0.15447761118412018,0.8255234360694885,0.4533360004425049
YKR068C,YLR047C,0,1.1337837,0.15444879233837128,0.8255234360694885,0.453436017036438
YBR278W,YPR194C,0,1.1335597,0.15441998839378357,0.8255234360694885,0.4535360634326935
YNL292W,YJL136C,0,1.1333567,0.15439119935035706,0.8255234360694885,0.4536360800266266
YNL070W,YER106W,0,1.1327477,0.15436241030693054,0.8255234360694885,0.4537361264228821
YOL129W,YHR111W,0,1.1325309,0.15433365106582642,0.8255234360694885,0.4538361430168152
YLR409C,YIL170W,0,1.1321769,0.1543048769235611,0.8255234360694885,0.4539361894130707
YGR122W,YMR114C,0,1.1319902,0.15427613258361816,0.8255234360694885,0.4540362060070038
YOR371C,YGL190C,1,1.131798,0.15443368256092072,0.8265204429626465,0.4540362060070038
YOR060C,YOR020C,0,1.1314745,0.1544049233198166,0.8265204429626465,0.4541362524032593
YAR044W,YNL239W,0,1.1313908,0.15437616407871246,0.8265204429626465,0.4542362689971924
YOR148C,YAL011W,0,1.1309667,0.15434741973876953,0.8265204429626465,0.4543363153934479
YGR056W,YLR440C,0,1.1307733,0.1543186902999878,0.8265204429626465,0.454436331987381
YBR162W-A,YBR248C,0,1.1301786,0.15428997576236725,0.8265204429626465,0.4545363485813141
YDR457W,YMR268W-A,0,1.1301653,0.1542612612247467,0.8265204429626465,0.4546363949775696
YDR477W,YPL021W,1,1.1299677,0.15441860258579254,0.8275174498558044,0.4546363949775696
YPL091W,YHL032C,0,1.1295767,0.154389888048172,0.8275174498558044,0.4547364115715027
YPL121C,YPR071W,0,1.1295595,0.15436117351055145,0.8275174498558044,0.4548364579677582
YPL150W,YGL127C,0,1.1295372,0.1543324589729309,0.8275174498558044,0.4549364745616913
YDL204W,YJR092W,0,1.1294055,0.15430377423763275,0.8275174498558044,0.4550365209579468
YLR176C,YIL093C,0,1.128895,0.1542750895023346,0.8275174498558044,0.4551365375518799
YOR060C,YDL205C,0,1.1282271,0.15424641966819763,0.8275174498558044,0.4552365839481354
YPL254W,YER007C-A,0,1.1282208,0.15421776473522186,0.8275174498558044,0.4553366005420685
YCR055C,YFR052W,0,1.1282194,0.1541891098022461,0.8275174498558044,0.4554366171360016
YJL164C,YNL036W,0,1.1280726,0.15416046977043152,0.8275174498558044,0.4555366635322571
YKR019C,YLR266C,0,1.1279289,0.15413184463977814,0.8275174498558044,0.4556366801261902
YOL084W,YKL161C,0,1.127813,0.15410323441028595,0.8275174498558044,0.4557367265224457
YBL090W,YDR362C,0,1.1275094,0.15407462418079376,0.8275174498558044,0.4558367431163788
YDL093W,YHR214C-B,0,1.1257648,0.15404602885246277,0.8275174498558044,0.4559367895126343
YOL116W,YKL126W,0,1.1244397,0.15401744842529297,0.8275174498558044,0.4560368061065674
YPR070W,YNL331C,0,1.1237617,0.15398886799812317,0.8275174498558044,0.4561368525028229
YOR393W,YLL066C,0,1.1234899,0.15396030247211456,0.8275174498558044,0.456236869096756
YKL124W,YMR198W,0,1.1231428,0.15393175184726715,0.8275174498558044,0.4563369154930115
YGL190C,YJL143W,0,1.1226335,0.15390320122241974,0.8275174498558044,0.4564369320869446
YBR083W,YHR084W,1,1.1223999,0.15406006574630737,0.8285144567489624,0.4564369320869446
YOR373W,YDR244W,0,1.1222543,0.15403151512145996,0.8285144567489624,0.4565369486808777
YDR285W,YKL029C,0,1.121804,0.15400296449661255,0.8285144567489624,0.4566369950771332
YNL278W,YNR007C,0,1.1217394,0.15397442877292633,0.8285144567489624,0.4567370116710663
YOR222W,YPL094C,0,1.1208973,0.1539459079504013,0.8285144567489624,0.4568370580673218
YIL020C,YBR188C,0,1.1207694,0.15391738712787628,0.8285144567489624,0.4569370746612549
YDR212W,YPR160W,0,1.1206318,0.15388889610767365,0.8285144567489624,0.4570371210575104
YMR020W,YGR002C,0,1.1204925,0.15386039018630981,0.8285144567489624,0.4571371376514435
YLR107W,YOL010W,0,1.1201597,0.15383191406726837,0.8285144567489624,0.457237184047699
YIL026C,YJR119C,0,1.1199775,0.15380343794822693,0.8285144567489624,0.4573372006416321
YFL054C,YBL007C,0,1.1197631,0.15377497673034668,0.8285144567489624,0.4574372172355652
YDL210W,YGR104C,0,1.1194701,0.15374653041362762,0.8285144567489624,0.4575372636318207
YJR076C,YJL006C,0,1.1191759,0.15371808409690857,0.8285144567489624,0.4576372802257538
YFR029W,YPL121C,0,1.1185825,0.1536896675825119,0.8285144567489624,0.4577373266220093
YJR076C,YKL087C,0,1.1181027,0.15366123616695404,0.8285144567489624,0.4578373432159424
YKL028W,YDR416W,0,1.1180075,0.15363283455371857,0.8285144567489624,0.4579373896121979
YGL161C,YDL113C,0,1.117973,0.1536044329404831,0.8285144567489624,0.458037406206131
YFR049W,YLR237W,0,1.1173757,0.1535760462284088,0.8285144567489624,0.4581374526023865
YFL025C,YEL005C,0,1.1170233,0.15354767441749573,0.8285144567489624,0.4582374691963196
YDL067C,YOL125W,0,1.1164204,0.15351930260658264,0.8285144567489624,0.4583375155925751
YBL098W,YDL033C,0,1.11594,0.15349094569683075,0.8285144567489624,0.4584375321865082
YDR233C,YGR165W,0,1.1152248,0.15346260368824005,0.8285144567489624,0.4585375487804413
YNL231C,YAL048C,0,1.1150022,0.15343426167964935,0.8285144567489624,0.4586375951766968
YLR316C,YBR160W,0,1.1148449,0.15340594947338104,0.8285144567489624,0.4587376117706299
YFL047W,YHR039C-A,0,1.1145298,0.15337763726711273,0.8285144567489624,0.4588376581668854
YNL006W,YNR055C,0,1.114305,0.15334932506084442,0.8285144567489624,0.4589376747608185
YHR158C,YKR097W,0,1.1142616,0.1533210277557373,0.8285144567489624,0.459037721157074
YDL093W,YNR004W,0,1.1141342,0.15329274535179138,0.8285144567489624,0.4591377377510071
YPR198W,YLR215C,0,1.1139416,0.15326447784900665,0.8285144567489624,0.4592377841472626
YGR169C,YEL061C,0,1.1138141,0.15323621034622192,0.8285144567489624,0.4593378007411957
YLR028C,YGR214W,0,1.1134777,0.1532079577445984,0.8285144567489624,0.4594378173351288
YHR073W,YJR108W,0,1.1131265,0.15317972004413605,0.8285144567489624,0.4595378637313843
YOL144W,YDR030C,0,1.1130672,0.1531514972448349,0.8285144567489624,0.4596378803253174
YMR308C,YPL157W,0,1.1127826,0.15312327444553375,0.8285144567489624,0.4597379267215729
YKL077W,YBR054W,0,1.1111822,0.1530950665473938,0.8285144567489624,0.459837943315506
YEL048C,YDR439W,0,1.1106973,0.15306685864925385,0.8285144567489624,0.4599379897117615
YNL092W,YGR158C,0,1.1104311,0.15303868055343628,0.8285144567489624,0.4600380063056946
YKL210W,YJR015W,0,1.1100965,0.1530105024576187,0.8285144567489624,0.4601380527019501
YNL173C,YJR107W,0,1.109798,0.15298232436180115,0.8285144567489624,0.4602380692958832
YHL011C,YHL003C,0,1.109688,0.15295417606830597,0.8285144567489624,0.46033811569213867
YCL069W,YHR202W,0,1.1093686,0.1529260277748108,0.8285144567489624,0.4604381322860718
YDR368W,YDL083C,0,1.108109,0.1528978794813156,0.8285144567489624,0.4605381488800049
YBR067C,YNL026W,0,1.107914,0.15286976099014282,0.8285144567489624,0.4606381952762604
YGL169W,YMR281W,0,1.1077139,0.15284164249897003,0.8285144567489624,0.4607382118701935
YOL080C,YKL059C,0,1.107127,0.15281353890895844,0.8285144567489624,0.460838258266449
YER030W,YIL027C,0,1.1066543,0.15278543531894684,0.8285144567489624,0.4609382748603821
YCR004C,YFR024C,0,1.1059935,0.15275734663009644,0.8285144567489624,0.4610383212566376
YDR087C,YCL017C,0,1.1057602,0.15272927284240723,0.8285144567489624,0.4611383378505707
YLR098C,YDL139C,0,1.1049101,0.1527012139558792,0.8285144567489624,0.46123838424682617
YMR302C,YPL244C,0,1.1048543,0.1526731550693512,0.8285144567489624,0.4613384008407593
YKL028W,YBR181C,0,1.1046205,0.15264511108398438,0.8285144567489624,0.4614384174346924
YPR002W,YCL032W,0,1.1034847,0.15261708199977875,0.8285144567489624,0.4615384638309479
YDR100W,YNL325C,0,1.1025538,0.15258905291557312,0.8285144567489624,0.461638480424881
YOL005C,YBL054W,0,1.1023415,0.1525610387325287,0.8285144567489624,0.4617385268211365
YDR174W,YDR100W,0,1.1023098,0.15253303945064545,0.8285144567489624,0.4618385434150696
YIL107C,YNL167C,0,1.1021652,0.1525050401687622,0.8285144567489624,0.4619385898113251
YGR258C,YER055C,0,1.1013247,0.15247707068920135,0.8285144567489624,0.4620386064052582
YEL050C,YMR297W,0,1.1012769,0.1524490863084793,0.8285144567489624,0.46213865280151367
YMR022W,YDR251W,0,1.1007969,0.15242113173007965,0.8285144567489624,0.4622386693954468
YMR243C,YHR207C,0,1.100075,0.15239317715168,0.8285144567489624,0.46233871579170227
YCL047C,YBR122C,0,1.0999441,0.15236523747444153,0.8285144567489624,0.4624387323856354
YKL061W,YNL142W,0,1.0992954,0.15233729779720306,0.8285144567489624,0.4625387489795685
YML054C,YMR059W,0,1.0992008,0.152309387922287,0.8285144567489624,0.462638795375824
YLR044C,YER112W,0,1.0991704,0.1522814780473709,0.8285144567489624,0.4627388119697571
YJL021C,YKL064W,0,1.0986195,0.15225356817245483,0.8285144567489624,0.4628388583660126
YPL177C,YJL133W,0,1.0977616,0.15222568809986115,0.8285144567489624,0.4629388749599457
YPL065W,YEL022W,0,1.0972201,0.15219780802726746,0.8285144567489624,0.46303892135620117
YCR026C,YLR040C,0,1.096874,0.15216992795467377,0.8285144567489624,0.4631389379501343
YCL067C,YMR204C,0,1.0950338,0.15214207768440247,0.8285144567489624,0.46323898434638977
YJR135W-A,YDR137W,0,1.0945811,0.15211422741413116,0.8285144567489624,0.4633390009403229
YGR171C,YCL066W,0,1.0936248,0.15208637714385986,0.8285144567489624,0.463439017534256
YBR286W,YOR054C,0,1.0927244,0.15205855667591095,0.8285144567489624,0.4635390639305115
YBR109C,YPL115C,0,1.0926499,0.15203073620796204,0.8285144567489624,0.4636390805244446
YNL236W,YJL087C,0,1.0917641,0.15200293064117432,0.8285144567489624,0.4637391269207001
YAL021C,YHR028C,0,1.0911381,0.1519751250743866,0.8285144567489624,0.4638391435146332
YNR048W,YDL134C,0,1.0904582,0.15194733440876007,0.8285144567489624,0.46393918991088867
YDR383C,YPR154W,0,1.0903091,0.15191955864429474,0.8285144567489624,0.4640392065048218
YFL023W,YNL286W,0,1.0894378,0.1518917977809906,0.8285144567489624,0.46413925290107727
YPL234C,YGR205W,0,1.0892441,0.15186403691768646,0.8285144567489624,0.4642392694950104
YOR264W,YNL236W,0,1.0892301,0.15183629095554352,0.8285144567489624,0.46433931589126587
YDR013W,YNL214W,0,1.0889182,0.15180854499340057,0.8285144567489624,0.464439332485199
YML028W,YNR052C,0,1.0887907,0.15178082883358002,0.8285144567489624,0.4645393490791321
YLL035W,YLR045C,0,1.0887822,0.15175309777259827,0.8285144567489624,0.4646393954753876
YJR051W,YMR261C,0,1.088242,0.1517253965139389,0.8285144567489624,0.4647394120693207
YOR393W,YHR206W,0,1.0881449,0.15169769525527954,0.8285144567489624,0.46483945846557617
YOR027W,YCL052C,0,1.0879629,0.15167000889778137,0.8285144567489624,0.4649394750595093
YNL278W,YDR179C,0,1.0878437,0.1516423374414444,0.8285144567489624,0.46503952145576477
YHR030C,YPL027W,0,1.0877308,0.15161466598510742,0.8285144567489624,0.4651395380496979
YJL206C,YOR272W,0,1.0874536,0.15158700942993164,0.8285144567489624,0.46523958444595337
YKL095W,YHR035W,0,1.0872455,0.15155936777591705,0.8285144567489624,0.4653396010398865
YOR101W,YDL129W,0,1.0871202,0.15153172612190247,0.8285144567489624,0.4654396176338196
YER108C,YIL049W,1,1.0869963,0.1516864150762558,0.8295114636421204,0.4654396176338196
YDL007W,YGL095C,0,1.0861989,0.1516587734222412,0.8295114636421204,0.4655396640300751
YDR498C,YPL133C,0,1.0859909,0.15163113176822662,0.8295114636421204,0.4656396806240082
YGR200C,YPL068C,0,1.0844297,0.15160350501537323,0.8295114636421204,0.46573972702026367
YER028C,YGL203C,0,1.0842047,0.15157587826251984,0.8295114636421204,0.4658397436141968
YER060W,YBR010W,0,1.0839028,0.15154826641082764,0.8295114636421204,0.46593979001045227
YLR219W,YDR135C,0,1.0826327,0.15152066946029663,0.8295114636421204,0.4660398066043854
YKL166C,YCR040W,0,1.0822334,0.15149308741092682,0.8295114636421204,0.46613985300064087
YIL137C,YLR212C,0,1.0819002,0.151465505361557,0.8295114636421204,0.466239869594574
YPR141C,YMR118C,0,1.0798054,0.1514379382133484,0.8295114636421204,0.46633991599082947
YOR126C,YJL053W,0,1.0790079,0.15141037106513977,0.8295114636421204,0.4664399325847626
YDR520C,YFL017W-A,0,1.0784724,0.15138281881809235,0.8295114636421204,0.4665399491786957
YOR127W,YER155C,0,1.0783362,0.15135528147220612,0.8295114636421204,0.46663999557495117
YPR032W,YLR364W,0,1.0768783,0.15132775902748108,0.8295114636421204,0.4667400121688843
YDR086C,YDL160C,0,1.0767095,0.15130023658275604,0.8295114636421204,0.46684005856513977
YER087C-B,YFR015C,0,1.0764242,0.1512727290391922,0.8295114636421204,0.4669400751590729
YDR415C,YLR060W,0,1.0763115,0.15124522149562836,0.8295114636421204,0.46704012155532837
YHR119W,YLR040C,0,1.0758646,0.1512177437543869,0.8295114636421204,0.4671401381492615
YOR019W,YJL087C,0,1.0756937,0.15119026601314545,0.8295114636421204,0.46724018454551697
YGR134W,YJL208C,0,1.0747437,0.151162788271904,0.8295114636421204,0.4673402011394501
YLR005W,YKL079W,0,1.0747415,0.15113532543182373,0.8295114636421204,0.4674402177333832
YNL247W,YBR023C,0,1.0745269,0.15110787749290466,0.8295114636421204,0.46754026412963867
YIL007C,YPL061W,0,1.0734905,0.1510804444551468,0.8295114636421204,0.4676402807235718
YNL194C,YIL154C,0,1.0715708,0.15105301141738892,0.8295114636421204,0.46774032711982727
YHL008C,YLR380W,0,1.0714792,0.15102559328079224,0.8295114636421204,0.4678403437137604
YER129W,YOR351C,0,1.0712594,0.15099819004535675,0.8295114636421204,0.46794039011001587
YBR289W,YGR076C,0,1.0702225,0.15097078680992126,0.8295114636421204,0.468040406703949
YDL077C,YOR119C,0,1.0701531,0.15094339847564697,0.8295114636421204,0.46814045310020447
YBR052C,YIL156W,0,1.0700961,0.15091601014137268,0.8295114636421204,0.4682404696941376
YKL210W,YIL126W,0,1.0695572,0.15088865160942078,0.8295114636421204,0.46834051609039307
YKR096W,YOR349W,0,1.0690501,0.15086129307746887,0.8295114636421204,0.46844053268432617
YJR070C,YDL230W,0,1.0689317,0.15083393454551697,0.8295114636421204,0.4685405492782593
YNR001C,YHR110W,0,1.0685382,0.15080659091472626,0.8295114636421204,0.46864059567451477
YDL121C,YBR101C,0,1.0683749,0.15077926218509674,0.8295114636421204,0.4687406122684479
YNL068C,YAL056W,1,1.0677644,0.1509331464767456,0.8305084705352783,0.4687406122684479
YEL058W,YDL130W,0,1.0670168,0.1509058028459549,0.8305084705352783,0.46884065866470337
YDL164C,YNL016W,0,1.0668964,0.15087845921516418,0.8305084705352783,0.4689406752586365
YJL098W,YDR322W,0,1.0657437,0.15085114538669586,0.8305084705352783,0.46904072165489197
YDR292C,YHR029C,0,1.0653251,0.15082383155822754,0.8305084705352783,0.4691407382488251
YGL144C,YGR095C,0,1.0649359,0.15079651772975922,0.8305084705352783,0.46924078464508057
YML097C,YGL129C,0,1.0643784,0.15076923370361328,0.8305084705352783,0.46934080123901367
YBR006W,YER177W,0,1.0640739,0.15074194967746735,0.8305084705352783,0.4694408178329468
YJL198W,YPR204W,0,1.0635842,0.1507146805524826,0.8305084705352783,0.46954086422920227
YNL128W,YMR043W,0,1.0631008,0.15068741142749786,0.8305084705352783,0.4696408808231354
YDR320C,YDR268W,0,1.0625378,0.15066015720367432,0.8305084705352783,0.46974092721939087
YDR164C,YDR204W,0,1.0617332,0.15063291788101196,0.8305084705352783,0.469840943813324
YDR411C,YDL022W,0,1.0615627,0.1506056785583496,0.8305084705352783,0.46994099020957947
YKL014C,YJL079C,0,1.0613112,0.15057845413684845,0.8305084705352783,0.4700410068035126
YDR531W,YJL180C,0,1.0610327,0.15055124461650848,0.8305084705352783,0.47014105319976807
YEL016C,YOL009C,0,1.0604615,0.15052403509616852,0.8305084705352783,0.47024106979370117
YDR190C,YKR050W,0,1.0600735,0.15049684047698975,0.8305084705352783,0.47034111618995667
YLR224W,YDR069C,0,1.0597523,0.15046964585781097,0.8305084705352783,0.47044113278388977
YPL218W,YIL013C,0,1.0580553,0.1504424810409546,0.8305084705352783,0.4705411493778229
YGR184C,YPL204W,0,1.0575869,0.1504153162240982,0.8305084705352783,0.47064119577407837
YJL090C,YBR205W,0,1.0574515,0.15038815140724182,0.8305084705352783,0.4707412123680115
YPR007C,YHL016C,0,1.0572112,0.15036101639270782,0.8305084705352783,0.47084125876426697
YML015C,YOR396W,0,1.0566738,0.15033388137817383,0.8305084705352783,0.4709412753582001
YDR361C,YER028C,0,1.0562776,0.15030674636363983,0.8305084705352783,0.47104132175445557
YMR296C,YLR040C,0,1.05597,0.15027962625026703,0.8305084705352783,0.47114133834838867
YER022W,YKL079W,0,1.0554221,0.15025252103805542,0.8305084705352783,0.47124138474464417
YOL053C-A,YGL103W,0,1.0536532,0.150225430727005,0.8305084705352783,0.47134140133857727
YKR095W-A,YLR268W,0,1.0535407,0.1501983404159546,0.8305084705352783,0.4714414179325104
YGR113W,YBR029C,0,1.0533513,0.15017126500606537,0.8305084705352783,0.47154146432876587
YCL066W,YLL038C,0,1.0532588,0.15014418959617615,0.8305084705352783,0.471641480922699
YIL022W,YMR055C,0,1.0521078,0.15011714398860931,0.8305084705352783,0.47174152731895447
YPL099C,YBR114W,0,1.0520705,0.1500900834798813,0.8305084705352783,0.4718415439128876
YNL298W,YMR164C,1,1.0508353,0.15024319291114807,0.8315054774284363,0.4718415439128876
YOL145C,YDR128W,0,1.0508001,0.15021613240242004,0.8315054774284363,0.47194159030914307
YOR384W,YJL208C,0,1.0495169,0.1501890867948532,0.8315054774284363,0.47204160690307617
YDL024C,YPR071W,0,1.049228,0.15016204118728638,0.8315054774284363,0.47214165329933167
YAR002C-A,YDL130W,0,1.0492187,0.15013501048088074,0.8315054774284363,0.47224166989326477
YNL059C,YLR386W,0,1.0479814,0.1501079946756363,0.8315054774284363,0.47234171628952026
YML021C,YGR001C,0,1.0479298,0.15008097887039185,0.8315054774284363,0.47244173288345337
YPR016C,YOR232W,0,1.0469478,0.1500539779663086,0.8315054774284363,0.4725417494773865
YDR130C,YOR194C,0,1.0465907,0.15002697706222534,0.8315054774284363,0.47264179587364197
YDL065C,YLR391W-A,0,1.0465739,0.15000000596046448,0.8315054774284363,0.4727418124675751
YMR156C,YFL029C,0,1.0458677,0.14997301995754242,0.8315054774284363,0.47284185886383057
YNL158W,YFL005W,0,1.0453156,0.14994606375694275,0.8315054774284363,0.47294187545776367
YNL197C,YHR084W,1,1.0446576,0.15009886026382446,0.8325024843215942,0.47294187545776367
YGR113W,YCR010C,0,1.044165,0.1500718891620636,0.8325024843215942,0.47304192185401917
YKL079W,YKL034W,0,1.0433848,0.15004491806030273,0.8325024843215942,0.47314193844795227
YLR050C,YMR256C,0,1.0422623,0.15001796185970306,0.8325024843215942,0.47324198484420776
YKL048C,YNL046W,0,1.0420806,0.1499910205602646,0.8325024843215942,0.47334200143814087
YBL090W,YDR128W,0,1.041975,0.1499640792608261,0.8325024843215942,0.473442018032074
YLL018C-A,YOL062C,0,1.0417781,0.14993715286254883,0.8325024843215942,0.47354206442832947
YGR122W,YER177W,0,1.0411862,0.14991022646427155,0.8325024843215942,0.4736420810222626
YDL202W,YHR108W,0,1.0407015,0.14988332986831665,0.8325024843215942,0.47374212741851807
YNL092W,YFR049W,0,1.0406822,0.14985641837120056,0.8325024843215942,0.47384214401245117
YJL090C,YOR288C,0,1.0405204,0.14982953667640686,0.8325024843215942,0.47394219040870667
YOR061W,YML006C,0,1.0402508,0.14980265498161316,0.8325024843215942,0.47404220700263977
YGL229C,YFL017W-A,0,1.0401039,0.14977578818798065,0.8325024843215942,0.47414225339889526
YJR127C,YDR262W,0,1.0397717,0.14974892139434814,0.8325024843215942,0.47424226999282837
YGR003W,YIR019C,0,1.0393467,0.14972206950187683,0.8325024843215942,0.47434231638908386
YHR059W,YPL096C-A,0,1.038364,0.1496952325105667,0.8325024843215942,0.47444233298301697
YFL054C,YDR470C,0,1.0375059,0.1496683955192566,0.8325024843215942,0.4745423495769501
YNL173C,YMR128W,0,1.0374293,0.14964157342910767,0.8325024843215942,0.47464239597320557
YDR090C,YNR057C,0,1.03662,0.14961476624011993,0.8325024843215942,0.47474241256713867
YBR185C,YLR050C,0,1.0363803,0.1495879590511322,0.8325024843215942,0.47484245896339417
YPL157W,YHR070W,0,1.0360396,0.14956116676330566,0.8325024843215942,0.47494247555732727
YKL058W,YEL062W,0,1.0357053,0.14953438937664032,0.8325024843215942,0.47504252195358276
YJR026W,YMR101C,0,1.035516,0.14950761198997498,0.8325024843215942,0.47514253854751587
YDR218C,YIL019W,0,1.0350926,0.14948084950447083,0.8325024843215942,0.47524258494377136
YIL128W,YIL080W,0,1.0350401,0.14945408701896667,0.8325024843215942,0.47534260153770447
YJR078W,YGL236C,0,1.0335745,0.14942733943462372,0.8325024843215942,0.4754426181316376
YMR112C,YIL013C,0,1.0319648,0.14940060675144196,0.8325024843215942,0.47554266452789307
YHL026C,YFL041W,0,1.0316303,0.1493738889694214,0.8325024843215942,0.47564268112182617
YKL189W,YGL212W,0,1.0315192,0.14934717118740082,0.8325024843215942,0.47574272751808167
YJR046W,YBL011W,0,1.0311844,0.14932045340538025,0.8325024843215942,0.47584274411201477
YMR166C,YBR272C,0,1.0308319,0.14929376542568207,0.8325024843215942,0.47594279050827026
YDR494W,YER044C,0,1.0302927,0.1492670774459839,0.8325024843215942,0.47604280710220337
YIL107C,YAL051W,0,1.0294079,0.1492403894662857,0.8325024843215942,0.47614285349845886
YKL093W,YLR042C,0,1.0293655,0.1492137312889099,0.8325024843215942,0.47624287009239197
YDL159W,YHR011W,1,1.0293503,0.14936573803424835,0.8334994912147522,0.47624287009239197
YJR073C,YPR118W,0,1.0289798,0.14933905005455017,0.8334994912147522,0.47634291648864746
YOR246C,YDR476C,0,1.0287566,0.14931237697601318,0.8334994912147522,0.47644293308258057
YNL056W,YPL252C,0,1.0284207,0.1492857187986374,0.8334994912147522,0.47654294967651367
YKL040C,YGR103W,0,1.0281864,0.1492590606212616,0.8334994912147522,0.47664299607276917
YJL101C,YDR298C,0,1.0277221,0.149232417345047,0.8334994912147522,0.47674301266670227
YMR225C,YOR252W,0,1.0275366,0.1492057889699936,0.8334994912147522,0.47684305906295776
YBR090C-A,YKL179C,0,1.0268421,0.14917916059494019,0.8334994912147522,0.47694307565689087
YDL040C,YFL013C,0,1.0254701,0.14915254712104797,0.8334994912147522,0.47704312205314636
YKR027W,YLR130C,0,1.0254338,0.14912593364715576,0.8334994912147522,0.47714313864707947
YKR028W,YLL034C,0,1.0252163,0.14909933507442474,0.8334994912147522,0.47724318504333496
YML045W,YBR230C,0,1.0252036,0.14907275140285492,0.8334994912147522,0.47734320163726807
YOL135C,YIR019C,0,1.0249125,0.1490461826324463,0.8334994912147522,0.47744321823120117
YLR382C,YOR151C,0,1.0244223,0.14901961386203766,0.8334994912147522,0.47754326462745667
YKL100C,YKL171W,0,1.0242317,0.14899304509162903,0.8334994912147522,0.47764328122138977
YER149C,YOR271C,0,1.0240599,0.14896650612354279,0.8334994912147522,0.47774332761764526
YMR088C,YMR302C,0,1.0240104,0.14893996715545654,0.8334994912147522,0.47784334421157837
YNL119W,YKL205W,0,1.0239961,0.1489134281873703,0.8334994912147522,0.47794339060783386
YML129C,YNL118C,0,1.0239338,0.14888690412044525,0.8334994912147522,0.47804340720176697
YOR049C,YBL005W-B,0,1.0235798,0.1488603949546814,0.8334994912147522,0.47814345359802246
YMR195W,YDR229W,0,1.0230926,0.14883390069007874,0.8334994912147522,0.47824347019195557
YBR187W,YOL096C,0,1.0226114,0.14880740642547607,0.8334994912147522,0.47834351658821106
YHR101C,YPL043W,0,1.0225818,0.1487809270620346,0.8334994912147522,0.47844353318214417
YJL004C,YML080W,0,1.0224898,0.14875444769859314,0.8334994912147522,0.47854354977607727
YNL098C,YBR083W,1,1.0217161,0.1489058881998062,0.8344964981079102,0.47854354977607727
YBR278W,YLR080W,0,1.0216484,0.14887940883636475,0.8344964981079102,0.47864359617233276
YHR060W,YOR065W,0,1.0214347,0.14885292947292328,0.8344964981079102,0.47874361276626587
YDL015C,YJR108W,0,1.0211762,0.148826465010643,0.8344964981079102,0.47884365916252136
YIR019C,YBR083W,1,1.0200076,0.14897777140140533,0.8354935050010681,0.47884365916252136
YOR068C,YDR473C,0,1.0192202,0.14895129203796387,0.8354935050010681,0.47894367575645447
YJL021C,YBR094W,0,1.0181048,0.1489248275756836,0.8354935050010681,0.47904372215270996
YOL045W,YLL011W,0,1.0177355,0.14889836311340332,0.8354935050010681,0.47914373874664307
YHR111W,YDL024C,1,1.0174894,0.1490495651960373,0.8364905118942261,0.47914373874664307
YNL233W,YHR076W,0,1.0168203,0.14902308583259583,0.8364905118942261,0.47924378514289856
YBL041W,YCR035C,0,1.0164232,0.14899662137031555,0.8364905118942261,0.47934380173683167
YDR466W,YKR035W-A,0,1.0160651,0.14897017180919647,0.8364905118942261,0.47944381833076477
YML077W,YGR180C,0,1.0155385,0.1489437222480774,0.8364905118942261,0.47954386472702026
YCL047C,YDR523C,0,1.0153017,0.1489172875881195,0.8364905118942261,0.47964388132095337
YCL001W,YBL023C,0,1.0151827,0.14889086782932281,0.8364905118942261,0.47974392771720886
YDR062W,YJL206C,0,1.0151417,0.14886444807052612,0.8364905118942261,0.47984394431114197
YGL119W,YGL062W,0,1.0151275,0.14883802831172943,0.8364905118942261,0.47994399070739746
YBR003W,YOR251C,0,1.0150001,0.14881163835525513,0.8364905118942261,0.48004400730133057
YHR135C,YML081C-A,0,1.014826,0.14878524839878082,0.8364905118942261,0.48014405369758606
YDR379W,YLR312C-B,1,1.014747,0.1489361673593521,0.837487518787384,0.48014405369758606
YBL058W,YLL067C,0,1.0147221,0.1489097625017166,0.837487518787384,0.48024407029151917
YBR185C,YER100W,0,1.014714,0.1488833725452423,0.837487518787384,0.48034411668777466
YDR517W,YLR440C,0,1.0144837,0.1488569974899292,0.837487518787384,0.48044413328170776
YBR295W,YDR021W,0,1.0144036,0.1488306224346161,0.837487518787384,0.48054414987564087
YJL019W,YML037C,0,1.01401,0.14880424737930298,0.837487518787384,0.48064419627189636
YER103W,YGR008C,0,1.013717,0.14877790212631226,0.837487518787384,0.48074421286582947
YJR066W,YGR099W,0,1.0130024,0.14875155687332153,0.837487518787384,0.48084425926208496
YGR078C,YOR177C,0,1.0120759,0.1487252116203308,0.837487518787384,0.48094427585601807
YHR169W,YBR195C,0,1.0119479,0.14869888126850128,0.837487518787384,0.48104432225227356
YJR058C,YLR396C,0,1.0119003,0.14867256581783295,0.837487518787384,0.48114433884620667
YHR002W,YER022W,0,1.0111294,0.1486462503671646,0.837487518787384,0.48124438524246216
YLR283W,YPL031C,0,1.0108738,0.14861996471881866,0.837487518787384,0.48134440183639526
YJL112W,YKR103W,0,1.0108136,0.14859366416931152,0.837487518787384,0.48144441843032837
YEL019C,YML057W,0,1.0103443,0.14856737852096558,0.837487518787384,0.48154446482658386
YHL027W,YDR273W,0,1.0100005,0.14854110777378082,0.837487518787384,0.48164448142051697
YIL018W,YGL093W,0,1.0099019,0.14851485192775726,0.837487518787384,0.48174452781677246
YMR179W,YJR158W,0,1.0089071,0.1484885960817337,0.837487518787384,0.48184454441070557
YGL148W,YKL119C,0,1.0082526,0.14846235513687134,0.837487518787384,0.48194459080696106
YOR047C,YGR296W,0,1.008219,0.14843611419200897,0.837487518787384,0.48204460740089417
YLL003W,YPL096C-A,0,1.0077289,0.1484098881483078,0.837487518787384,0.48214465379714966
YDL211C,YPL269W,0,1.0073373,0.14838367700576782,0.837487518787384,0.48224467039108276
YGL059W,YPL233W,0,1.0067558,0.14835746586322784,0.837487518787384,0.48234471678733826
YMR097C,YPR189W,0,1.0065918,0.14833126962184906,0.837487518787384,0.48244473338127136
YOL052C-A,YDR252W,0,1.0064799,0.14830508828163147,0.837487518787384,0.48254474997520447
YLL055W,YLL008W,0,1.0063256,0.14827890694141388,0.837487518787384,0.48264479637145996
YDL045W-A,YDR516C,0,1.0050203,0.14825274050235748,0.837487518787384,0.48274481296539307
YER030W,YML047C,0,1.0047157,0.1482265740633011,0.837487518787384,0.48284485936164856
YDL117W,YLR438C-A,0,1.0034544,0.14820042252540588,0.837487518787384,0.48294487595558167
YGR251W,YJL101C,0,1.0033737,0.14817428588867188,0.837487518787384,0.48304492235183716
YMR239C,YHR147C,0,1.0030549,0.14814814925193787,0.837487518787384,0.48314493894577026
YML101C,YGL211W,0,1.0027895,0.14812202751636505,0.837487518787384,0.48324498534202576
YJL012C-A,YKR020W,0,1.0026112,0.14809590578079224,0.837487518787384,0.48334500193595886
YOR047C,YDL148C,0,1.0021446,0.14806979894638062,0.837487518787384,0.48344504833221436
YDR238C,YDR515W,0,1.0015084,0.1480437070131302,0.837487518787384,0.48354506492614746
YJL174W,YKL199C,0,1.0001032,0.14801761507987976,0.837487518787384,0.48364508152008057
YDR303C,YOR285W,0,0.9998847,0.14799153804779053,0.837487518787384,0.48374512791633606
YMR313C,YPL155C,0,0.9996246,0.1479654759168625,0.837487518787384,0.48384514451026917
YLR417W,YNR071C,0,0.9992715,0.14793941378593445,0.837487518787384,0.48394519090652466
YGR036C,YMR301C,0,0.99881536,0.1479133665561676,0.837487518787384,0.48404520750045776
YPL122C,YBR035C,0,0.9982751,0.14788731932640076,0.837487518787384,0.48414525389671326
YDR317W,YAL035W,0,0.9981066,0.1478612869977951,0.837487518787384,0.48424527049064636
YHR179W,YDL102W,0,0.99779,0.14783526957035065,0.837487518787384,0.48434531688690186
YBL106C,YHR025W,0,0.9971533,0.1478092521429062,0.837487518787384,0.48444533348083496
YJR063W,YOL032W,0,0.9958469,0.14778324961662292,0.837487518787384,0.48454535007476807
YDR190C,YGR229C,0,0.9958243,0.14775726199150085,0.837487518787384,0.48464539647102356
YGL119W,YGR217W,0,0.99485683,0.14773127436637878,0.837487518787384,0.48474541306495667
YFR005C,YBL103C,0,0.9948303,0.1477052867412567,0.837487518787384,0.48484545946121216
YGR037C,YDL137W,0,0.9946142,0.14767932891845703,0.837487518787384,0.48494547605514526
YGR222W,YML005W,0,0.99313587,0.14765337109565735,0.837487518787384,0.48504552245140076
YGR030C,YOR092W,0,0.9928,0.14762741327285767,0.837487518787384,0.48514553904533386
YOR129C,YMR090W,0,0.99271965,0.14760147035121918,0.837487518787384,0.48524558544158936
YLR191W,YDR030C,0,0.9923597,0.14757554233074188,0.837487518787384,0.48534560203552246
YMR314W,YEL019C,0,0.9919671,0.14754962921142578,0.837487518787384,0.48544564843177795
YBR212W,YBR089C-A,0,0.99111664,0.14752371609210968,0.837487518787384,0.48554566502571106
YAL038W,YNR024W,0,0.9908414,0.14749780297279358,0.837487518787384,0.48564568161964417
YLR248W,YPL119C,0,0.99050903,0.14747190475463867,0.837487518787384,0.48574572801589966
YGL222C,YLR134W,0,0.9901239,0.14744602143764496,0.837487518787384,0.48584574460983276
YIL027C,YPR198W,0,0.98991466,0.14742015302181244,0.837487518787384,0.48594579100608826
YGR122W,YOR308C,0,0.98985136,0.14739428460597992,0.837487518787384,0.48604580760002136
YPR163C,YPL224C,0,0.98974967,0.1473684161901474,0.837487518787384,0.48614585399627686
YDR470C,YKR058W,0,0.9893656,0.14734257757663727,0.837487518787384,0.48624587059020996
YGL157W,YOL101C,0,0.98907316,0.14731672406196594,0.837487518787384,0.48634591698646545
YOR215C,YKL170W,0,0.98845154,0.147290900349617,0.837487518787384,0.48644593358039856
YNL191W,YBL100W-B,0,0.98791087,0.14726507663726807,0.837487518787384,0.48654595017433167
YCL026C-B,YDL220C,0,0.9878505,0.14723926782608032,0.837487518787384,0.48664599657058716
YCL001W,YLR141W,0,0.9877632,0.14721345901489258,0.837487518787384,0.48674601316452026
YAL010C,YER103W,0,0.98757637,0.14718766510486603,0.837487518787384,0.48684605956077576
YFR029W,YDR448W,0,0.9872968,0.14716187119483948,0.837487518787384,0.48694607615470886
YMR041C,YLR147C,0,0.9872657,0.14713610708713531,0.837487518787384,0.48704612255096436
YDR227W,YCL059C,0,0.98705816,0.14711032807826996,0.837487518787384,0.48714613914489746
YNL267W,YMR308C,0,0.98612946,0.147084578871727,0.837487518787384,0.48724618554115295
YFL011W-A,YDR400W,0,0.98333716,0.14705882966518402,0.837487518787384,0.48734620213508606
YDR164C,YIL140W,0,0.98266095,0.14703308045864105,0.837487518787384,0.48744624853134155
YCR029C-A,YMR156C,0,0.9823618,0.14700734615325928,0.837487518787384,0.48754626512527466
YLR158C,YGL227W,0,0.98222417,0.1469816267490387,0.837487518787384,0.48764628171920776
YKR093W,YMR086W,0,0.9820726,0.14695590734481812,0.837487518787384,0.48774632811546326
YNL232W,YIL093C,0,0.98205835,0.14693020284175873,0.837487518787384,0.48784634470939636
YPL058C,YOR285W,0,0.9816053,0.14690451323986053,0.837487518787384,0.48794639110565186
YOR315W,YLR229C,1,0.98099697,0.14705367386341095,0.838484525680542,0.48794639110565186
YER002W,YDR260C,0,0.98056024,0.14702796936035156,0.838484525680542,0.48804640769958496
YKL203C,YNR072W,0,0.9804237,0.14700227975845337,0.838484525680542,0.48814645409584045
YDR178W,YDL107W,0,0.9803846,0.14697657525539398,0.838484525680542,0.48824647068977356
YBL023C,YML039W,0,0.97912836,0.14695090055465698,0.838484525680542,0.48834651708602905
YBR195C,YOR262W,0,0.9785704,0.14692522585391998,0.838484525680542,0.48844653367996216
YPL027W,YDR284C,0,0.9784647,0.14689956605434418,0.838484525680542,0.48854655027389526
YNL236W,YGR077C,0,0.9779083,0.14687390625476837,0.838484525680542,0.48864659667015076
YER161C,YDR402C,0,0.97783095,0.14684826135635376,0.838484525680542,0.48874661326408386
YDL093W,YJR120W,0,0.97779334,0.14682263135910034,0.838484525680542,0.48884665966033936
YDR195W,YDR242W,0,0.97764665,0.14679700136184692,0.838484525680542,0.48894667625427246
YLL017W,YGR161C,0,0.9774465,0.1467713713645935,0.838484525680542,0.48904672265052795
YNL271C,YER108C,1,0.97740495,0.14692026376724243,0.8394815325737,0.48904672265052795
YJL141C,YLR441C,0,0.9771628,0.146894633769989,0.8394815325737,0.48914673924446106
YOR384W,YPL006W,0,0.9755629,0.1468690037727356,0.8394815325737,0.48924678564071655
YGL238W,YGR220C,0,0.9749397,0.14684338867664337,0.8394815325737,0.48934680223464966
YGL059W,YNL281W,0,0.97421145,0.14681778848171234,0.8394815325737,0.48944684863090515
YBR281C,YGR113W,0,0.9734037,0.1467921882867813,0.8394815325737,0.48954686522483826
YGR229C,YCL051W,0,0.9731392,0.14676660299301147,0.8394815325737,0.48964688181877136
YMR001C,YBL100W-B,0,0.97233534,0.14674101769924164,0.8394815325737,0.48974692821502686
YGR007W,YER130C,0,0.9701987,0.1467154622077942,0.8394815325737,0.48984694480895996
YDR288W,YBR060C,0,0.96986884,0.14668989181518555,0.8394815325737,0.48994699120521545
YNL006W,YIL005W,0,0.96868324,0.1466643512248993,0.8394815325737,0.49004700779914856
YER118C,YNL138W,1,0.96829885,0.14681296050548553,0.8404785394668579,0.49004700779914856
YDR432W,YAL056W,1,0.9676077,0.1469615250825882,0.8414755463600159,0.49004700779914856
YKL185W,YMR184W,0,0.96601266,0.14693593978881836,0.8414755463600159,0.49014705419540405
YLR425W,YJR042W,0,0.9650053,0.14691035449504852,0.8414755463600159,0.49024707078933716
YNL191W,YER168C,0,0.9644268,0.14688478410243988,0.8414755463600159,0.49034711718559265
YGR159C,YNL122C,0,0.9638063,0.14685922861099243,0.8414755463600159,0.49044713377952576
YPL131W,YDR298C,0,0.96306765,0.14683368802070618,0.8414755463600159,0.49054715037345886
YNL311C,YGR225W,0,0.9629699,0.14680814743041992,0.8414755463600159,0.49064719676971436
YDR023W,YOR145C,0,0.962492,0.14678260684013367,0.8414755463600159,0.49074721336364746
YPL060W,YHR006W,0,0.9623774,0.1467570811510086,0.8414755463600159,0.49084725975990295
YNR003C,YBL088C,0,0.9610256,0.14673157036304474,0.8414755463600159,0.49094727635383606
YDR379W,YMR238W,1,0.9600163,0.1468798816204071,0.8424725532531738,0.49094727635383606
YER008C,YAR015W,0,0.95986146,0.14685435593128204,0.8424725532531738,0.49104732275009155
YLR246W,YPL271W,0,0.9598541,0.14682884514331818,0.8424725532531738,0.49114733934402466
YGR106C,YHR013C,0,0.9591216,0.1468033343553543,0.8424725532531738,0.49124738574028015
YLR315W,YDR402C,0,0.95842934,0.14677783846855164,0.8424725532531738,0.49134740233421326
YPL021W,YOR240W,0,0.9580183,0.14675234258174896,0.8424725532531738,0.49144744873046875
YMR230W,YOR209C,0,0.9579481,0.14672686159610748,0.8424725532531738,0.49154746532440186
YDL171C,YGR193C,0,0.9578556,0.1467013955116272,0.8424725532531738,0.49164748191833496
YOR148C,YER005W,0,0.95766824,0.1466759294271469,0.8424725532531738,0.49174752831459045
YHR101C,YDR148C,0,0.9569224,0.14665046334266663,0.8424725532531738,0.49184754490852356
YBL068W,YMR208W,0,0.95536643,0.14662502706050873,0.8424725532531738,0.49194759130477905
YCR038C,YDL159W,1,0.9548626,0.1467730700969696,0.8434696197509766,0.49194759130477905
YMR186W,YMR022W,0,0.954052,0.1467476189136505,0.8434696197509766,0.49204760789871216
YLR276C,YNL190W,0,0.9533525,0.14672216773033142,0.8434696197509766,0.49214765429496765
YHR101C,YDR317W,0,0.9533117,0.14669671654701233,0.8434696197509766,0.49224767088890076
YKL011C,YOR244W,0,0.953256,0.14667129516601562,0.8434696197509766,0.49234771728515625
YDR534C,YNL214W,0,0.95287037,0.14664585888385773,0.8434696197509766,0.49244773387908936
YOR261C,YGR063C,0,0.9528597,0.14662045240402222,0.8434696197509766,0.49254775047302246
YPL021W,YPL096C-A,0,0.952515,0.1465950459241867,0.8434696197509766,0.49264779686927795
YKL080W,YJL187C,0,0.9522877,0.1465696394443512,0.8434696197509766,0.49274781346321106
YGR258C,YHR209W,0,0.95172507,0.14654426276683807,0.8434696197509766,0.49284785985946655
YER083C,YOR179C,0,0.9517113,0.14651887118816376,0.8434696197509766,0.49294787645339966
YDL231C,YJL089W,0,0.9515541,0.14649350941181183,0.8434696197509766,0.49304792284965515
YPL129W,YDR260C,0,0.95133424,0.1464681476354599,0.8434696197509766,0.49314793944358826
YJR059W,YMR268W-A,0,0.9508741,0.14644278585910797,0.8434696197509766,0.49324798583984375
YMR016C,YIL049W,1,0.95022094,0.14659051597118378,0.8444666266441345,0.49324798583984375
YDL099W,YDL043C,0,0.9498815,0.14656515419483185,0.8444666266441345,0.49334800243377686
YBL020W,YOR179C,0,0.9494997,0.14653979241847992,0.8444666266441345,0.49344804883003235
YHR073W,YPL006W,0,0.94924396,0.14651444554328918,0.8444666266441345,0.49354806542396545
YER126C,YNL246W,0,0.948023,0.14648909866809845,0.8444666266441345,0.49364808201789856
YML037C,YER168C,0,0.94762236,0.1464637666940689,0.8444666266441345,0.49374812841415405
YNL056W,YGR283C,0,0.94729424,0.14643844962120056,0.8444666266441345,0.49384814500808716
YIL145C,YHR206W,0,0.94723165,0.14641313254833221,0.8444666266441345,0.49394819140434265
YPR138C,YPR036W,0,0.9469135,0.14638783037662506,0.8444666266441345,0.49404820799827576
YDL159W,YIL049W,1,0.9466649,0.14653533697128296,0.8454636335372925,0.49404820799827576
YDR083W,YHR002W,0,0.946031,0.1465100198984146,0.8454636335372925,0.49414825439453125
YPR138C,YGR205W,0,0.9457151,0.14648471772670746,0.8454636335372925,0.49424827098846436
YHR089C,YPL183C,0,0.9445869,0.1464594155550003,0.8454636335372925,0.49434831738471985
YJR050W,YIL048W,0,0.9444602,0.14643412828445435,0.8454636335372925,0.49444833397865295
YIR018W,YJL127C,0,0.94400585,0.1464088410139084,0.8454636335372925,0.49454835057258606
YDL047W,YER050C,0,0.94393504,0.14638356864452362,0.8454636335372925,0.49464839696884155
YNL221C,YLR142W,0,0.943526,0.14635829627513885,0.8454636335372925,0.49474841356277466
YPR128C,YJR140C,0,0.9426595,0.14633303880691528,0.8454636335372925,0.49484845995903015
YLL031C,YER071C,0,0.94160885,0.1463077962398529,0.8454636335372925,0.49494847655296326
YIL148W,YHR136C,0,0.94050246,0.14628255367279053,0.8454636335372925,0.49504852294921875
YDR406W,YCL057C-A,0,0.94001937,0.14625732600688934,0.8454636335372925,0.49514853954315186
YEL069C,YGL006W,0,0.93995684,0.14623211324214935,0.8454636335372925,0.49524858593940735
YOR212W,YDL185W,0,0.93995374,0.14620690047740936,0.8454636335372925,0.49534860253334045
YBR254C,YHR132C,0,0.9394403,0.14618168771266937,0.8454636335372925,0.49544864892959595
YGL018C,YLR080W,0,0.9388402,0.14615650475025177,0.8454636335372925,0.49554866552352905
YMR042W,YDR298C,0,0.93853575,0.14613130688667297,0.8454636335372925,0.49564868211746216
YDL184C,YGL073W,0,0.93789357,0.14610613882541656,0.8454636335372925,0.49574872851371765
YNL098C,YMR238W,1,0.9377345,0.14625322818756104,0.8464606404304504,0.49574872851371765
YNL153C,YMR086W,0,0.93694115,0.14622804522514343,0.8464606404304504,0.49584874510765076
YIL113W,YNL149C,0,0.9369134,0.14620286226272583,0.8464606404304504,0.49594879150390625
YLR258W,YFR006W,0,0.93689096,0.14617767930030823,0.8464606404304504,0.49604880809783936
YNL123W,YOL059W,0,0.93600404,0.146152526140213,0.8464606404304504,0.49614885449409485
YCL036W,YDR120C,0,0.9358995,0.1461273729801178,0.8464606404304504,0.49624887108802795
YEL019C,YIL095W,0,0.9357373,0.14610221982002258,0.8464606404304504,0.49634891748428345
YOR002W,YCR005C,0,0.93503046,0.14607708156108856,0.8464606404304504,0.49644893407821655
YNL191W,YOL067C,0,0.9347003,0.14605195820331573,0.8464606404304504,0.49654895067214966
YBR141C,YER171W,0,0.934628,0.1460268348455429,0.8464606404304504,0.49664899706840515
YPL254W,YBR074W,0,0.93396974,0.14600172638893127,0.8464606404304504,0.49674901366233826
YOR004W,YJL033W,0,0.9334403,0.14597661793231964,0.8464606404304504,0.49684906005859375
YML077W,YGR199W,0,0.93304974,0.1459515243768692,0.8464606404304504,0.49694907665252686
YDR172W,YER140W,0,0.93301225,0.14592643082141876,0.8464606404304504,0.49704912304878235
YGL040C,YCL052C,0,0.93270576,0.14590135216712952,0.8464606404304504,0.49714913964271545
YDR292C,YDR478W,0,0.93206316,0.14587628841400146,0.8464606404304504,0.49724918603897095
YGR202C,YMR040W,0,0.9319272,0.1458512246608734,0.8464606404304504,0.49734920263290405
YHR197W,YLR001C,0,0.93171704,0.14582617580890656,0.8464606404304504,0.49744924902915955
YGL246C,YOR308C,0,0.930617,0.1458011269569397,0.8464606404304504,0.49754926562309265
YMR224C,YGR006W,0,0.93057853,0.14577609300613403,0.8464606404304504,0.49764928221702576
YKL096W-A,YOR002W,0,0.9304503,0.14575107395648956,0.8464606404304504,0.49774932861328125
YOL003C,YHR009C,0,0.9301369,0.1457260549068451,0.8464606404304504,0.49784934520721436
YMR050C,YGR071C,0,0.93001974,0.14570105075836182,0.8464606404304504,0.49794939160346985
YNL258C,YIL098C,0,0.9296955,0.14567604660987854,0.8464606404304504,0.49804940819740295
YOL070C,YGL058W,0,0.92883927,0.14565105736255646,0.8464606404304504,0.49814945459365845
YDR055W,YLR380W,0,0.92817134,0.14562606811523438,0.8464606404304504,0.49824947118759155
YML047C,YLR105C,0,0.9276864,0.1456010937690735,0.8464606404304504,0.49834951758384705
YPL076W,YPR042C,0,0.9269629,0.1455761343240738,0.8464606404304504,0.49844953417778015
YHL008C,YJR033C,0,0.9249219,0.1455511748790741,0.8464606404304504,0.49854955077171326
YOR212W,YER174C,0,0.9239005,0.1455262303352356,0.8464606404304504,0.49864959716796875
YER019C-A,YKL181W,0,0.9235625,0.1455012857913971,0.8464606404304504,0.49874961376190186
YOR334W,YPL167C,0,0.9234214,0.1454763561487198,0.8464606404304504,0.49884966015815735
YPR155C,YDL139C,0,0.9225365,0.14545142650604248,0.8464606404304504,0.49894967675209045
YHR011W,YIL049W,1,0.92197,0.14559780061244965,0.8474576473236084,0.49894967675209045
YKL010C,YMR243C,0,0.92121637,0.14557287096977234,0.8474576473236084,0.49904972314834595
YLR224W,YFR003C,0,0.9208577,0.14554794132709503,0.8474576473236084,0.49914973974227905
YOR071C,YER090W,0,0.9204471,0.14552302658557892,0.8474576473236084,0.49924978613853455
YGR262C,YNR040W,0,0.92006385,0.1454981118440628,0.8474576473236084,0.49934980273246765
YLL001W,YDR367W,0,0.9193114,0.14547321200370789,0.8474576473236084,0.49944984912872314
YCR045C,YNR037C,0,0.9190471,0.14544832706451416,0.8474576473236084,0.49954986572265625
YDL109C,YMR036C,0,0.91888773,0.14542344212532043,0.8474576473236084,0.49964988231658936
YMR316W,YOR371C,1,0.91878754,0.14556962251663208,0.8484546542167664,0.49964988231658936
YNL311C,YBR012W-B,0,0.9183966,0.14554472267627716,0.8484546542167664,0.49974992871284485
YPR003C,YNL240C,0,0.91787636,0.14551983773708344,0.8484546542167664,0.49984994530677795
YDR482C,YIL021W,0,0.9172555,0.1454949527978897,0.8484546542167664,0.49994999170303345
YNL006W,YHR017W,0,0.9165399,0.14547008275985718,0.8484546542167664,0.5000500082969666
YDL190C,YGL115W,0,0.91594684,0.14544522762298584,0.8484546542167664,0.5001500248908997
YNL298W,YHR084W,1,0.9156584,0.14559124410152435,0.8494516611099243,0.5001500248908997
YLR285W,YHR006W,0,0.9154832,0.14556637406349182,0.8494516611099243,0.5002501010894775
YMR034C,YGR286C,0,0.91472363,0.1455415040254593,0.8494516611099243,0.5003501176834106
YGL019W,YJL087C,0,0.9146644,0.14551664888858795,0.8494516611099243,0.5004501342773438
YML107C,YCR072C,0,0.9143787,0.1454918086528778,0.8494516611099243,0.5005501508712769
YMR036C,YOR014W,0,0.91433054,0.14546696841716766,0.8494516611099243,0.50065016746521
YGR274C,YML070W,0,0.9140435,0.14544212818145752,0.8494516611099243,0.5007502436637878
YJL026W,YLR314C,0,0.9138144,0.14541730284690857,0.8494516611099243,0.500850260257721
YFL039C,YGR296W,0,0.9134652,0.1453924924135208,0.8494516611099243,0.500950276851654
YPL183W-A,YMR257C,0,0.91251874,0.14536768198013306,0.8494516611099243,0.5010502934455872
YHL025W,YGR170W,0,0.912313,0.1453428864479065,0.8494516611099243,0.501150369644165
YMR235C,YOL052C,0,0.9118607,0.14531809091567993,0.8494516611099243,0.5012503862380981
YKL200C,YJR032W,0,0.9115458,0.14529331028461456,0.8494516611099243,0.5013504028320312
YLR229C,YLR083C,1,0.9108479,0.1454390436410904,0.8504486680030823,0.5013504028320312
YHR060W,YOR283W,0,0.9092242,0.14541424810886383,0.8504486680030823,0.5014504194259644
YJR053W,YOR262W,0,0.9066316,0.14538946747779846,0.8504486680030823,0.5015504360198975
YGR003W,YAL068C,0,0.9064612,0.1453646868467331,0.8504486680030823,0.5016505122184753
YLL017W,YPL123C,0,0.9064019,0.14533992111682892,0.8504486680030823,0.5017505288124084
YNL290W,YHR153C,0,0.90557945,0.14531515538692474,0.8504486680030823,0.5018505454063416
YLR286C,YER070W,0,0.90544504,0.14529040455818176,0.8504486680030823,0.5019505620002747
YOR236W,YEL001C,0,0.90540004,0.14526566863059998,0.8504486680030823,0.5020506381988525
YGL237C,YHR157W,0,0.90489984,0.1452409327030182,0.8504486680030823,0.5021506547927856
YOR127W,YHR073W,1,0.9035063,0.1453864425420761,0.8514456748962402,0.5021506547927856
YLR430W,YDR261C,0,0.9030882,0.14536170661449432,0.8514456748962402,0.5022506713867188
YGR272C,YDR122W,0,0.90295345,0.14533697068691254,0.8514456748962402,0.5023506879806519
YDR134C,YKL013C,0,0.90259147,0.14531223475933075,0.8514456748962402,0.5024507641792297
YJL129C,YDR411C,0,0.9021952,0.14528751373291016,0.8514456748962402,0.5025507807731628
YMR179W,YER130C,0,0.9018699,0.14526279270648956,0.8514456748962402,0.502650797367096
YGL059W,YLR292C,0,0.90175486,0.14523810148239136,0.8514456748962402,0.502750813961029
YJL186W,YJL001W,0,0.9014649,0.14521339535713196,0.8514456748962402,0.5028508305549622
YPL059W,YGL233W,0,0.90145946,0.14518870413303375,0.8514456748962402,0.50295090675354
YOR247W,YMR192W,0,0.90123326,0.14516402781009674,0.8514456748962402,0.5030509233474731
YER014C-A,YAL021C,0,0.9007041,0.14513936638832092,0.8514456748962402,0.5031509399414062
YBR118W,YHL011C,0,0.90064603,0.1451147049665451,0.8514456748962402,0.5032509565353394
YBL055C,YNL127W,0,0.8995395,0.1450900435447693,0.8514456748962402,0.5033510327339172
YPR097W,YJL059W,0,0.89949286,0.14506539702415466,0.8514456748962402,0.5034510493278503
YDR415C,YOR275C,0,0.89944714,0.14504076540470123,0.8514456748962402,0.5035510659217834
YLR096W,YDR091C,0,0.89906687,0.1450161337852478,0.8514456748962402,0.5036510825157166
YPL018W,YIR031C,0,0.8985625,0.14499151706695557,0.8514456748962402,0.5037510991096497
YDR343C,YGR283C,0,0.8980163,0.14496690034866333,0.8514456748962402,0.5038511753082275
YOR034C,YML005W,0,0.8969562,0.1449422985315323,0.8514456748962402,0.5039511919021606
YDR405W,YHR171W,0,0.89690876,0.14491769671440125,0.8514456748962402,0.5040512084960938
YJL109C,YGR118W,0,0.8959478,0.1448931097984314,0.8514456748962402,0.5041512250900269
YER108C,YDL035C,1,0.89589053,0.1450381726026535,0.8524426817893982,0.5041512250900269
YJR078W,YDR160W,0,0.8953898,0.14501357078552246,0.8524426817893982,0.5042513012886047
YFL025C,YER108C,0,0.8953696,0.1449889838695526,0.8524426817893982,0.5043513178825378
YHR061C,YMR270C,0,0.89447474,0.14496439695358276,0.8524426817893982,0.504451334476471
YGL062W,YOL154W,0,0.89430034,0.1449398249387741,0.8524426817893982,0.504551351070404
YML088W,YHR051W,0,0.8939096,0.14491525292396545,0.8524426817893982,0.5046513676643372
YNL129W,YER014W,0,0.89353955,0.144890695810318,0.8524426817893982,0.504751443862915
YMR272C,YJR059W,0,0.893427,0.14486615359783173,0.8524426817893982,0.5048514604568481
YJL004C,YMR183C,0,0.89334977,0.14484161138534546,0.8524426817893982,0.5049514770507812
YGR094W,YDL223C,0,0.89257246,0.1448170691728592,0.8524426817893982,0.5050514936447144
YLL003W,YMR182C,0,0.8923067,0.14479254186153412,0.8524426817893982,0.5051515698432922
YAL023C,YKL117W,0,0.89160806,0.14476802945137024,0.8524426817893982,0.5052515864372253
YBR195C,YLR442C,0,0.89153737,0.14474353194236755,0.8524426817893982,0.5053516030311584
YPL148C,YDR256C,0,0.8913946,0.14471901953220367,0.8524426817893982,0.5054516196250916
YML041C,YOL062C,0,0.8909418,0.14469453692436218,0.8524426817893982,0.5055516362190247
YPL075W,YPR036W,0,0.8908095,0.1446700543165207,0.8524426817893982,0.5056517124176025
YNL062C,YDR434W,0,0.89056385,0.1446455717086792,0.8524426817893982,0.5057517290115356
YHR030C,YDR353W,0,0.89023197,0.1446211040019989,0.8524426817893982,0.5058517456054688
YDR303C,YHR047C,0,0.8900578,0.1445966511964798,0.8524426817893982,0.5059517621994019
YOL103W,YLR304C,0,0.88967705,0.1445721983909607,0.8524426817893982,0.5060518383979797
YBL041W,YPR200C,0,0.88963974,0.14454776048660278,0.8524426817893982,0.5061518549919128
YKL080W,YNL065W,0,0.8893957,0.14452332258224487,0.8524426817893982,0.506251871585846
YBL017C,YBR278W,0,0.8893152,0.14449889957904816,0.8524426817893982,0.506351888179779
YAR044W,YGR161C,0,0.8890333,0.14447449147701263,0.8524426817893982,0.5064519643783569
YJL019W,YAL031C,0,0.8886508,0.1444500833749771,0.8524426817893982,0.50655198097229
YDR234W,YLR185W,0,0.8886157,0.1444256752729416,0.8524426817893982,0.5066519975662231
YPL259C,YBR273C,0,0.8880842,0.14440128207206726,0.8524426817893982,0.5067520141601562
YMR023C,YDR284C,0,0.88778263,0.14437690377235413,0.8524426817893982,0.5068520307540894
YIL118W,YCR057C,0,0.8875311,0.144352525472641,0.8524426817893982,0.5069521069526672
YDR477W,YNL197C,1,0.886924,0.14449696242809296,0.8534396886825562,0.5069521069526672
YDR130C,YGR295C,0,0.88651466,0.14447256922721863,0.8534396886825562,0.5070521235466003
YNL163C,YKL199C,0,0.88638544,0.1444481909275055,0.8534396886825562,0.5071521401405334
YDR251W,YGL190C,1,0.886062,0.1445925384759903,0.8544366955757141,0.5071521401405334
YHR122W,YGL249W,0,0.8858845,0.14456814527511597,0.8544366955757141,0.5072521567344666
YNL328C,YLL009C,0,0.88576925,0.14454376697540283,0.8544366955757141,0.5073522329330444
YJR135W-A,YHR113W,0,0.8853385,0.1445193886756897,0.8544366955757141,0.5074522495269775
YGR052W,YOR078W,0,0.8850289,0.14449502527713776,0.8544366955757141,0.5075522661209106
YPL115C,YDR099W,1,0.8848512,0.14463923871517181,0.8554337024688721,0.5075522661209106
YPL169C,YFL054C,0,0.8844904,0.14461486041545868,0.8554337024688721,0.5076522827148438
YOR215C,YHR047C,0,0.88384324,0.14459049701690674,0.8554337024688721,0.5077522993087769
YMR217W,YML085C,0,0.8837707,0.1445661336183548,0.8554337024688721,0.5078523755073547
YPL179W,YDL217C,0,0.8836144,0.14454178512096405,0.8554337024688721,0.5079523921012878
YER174C,YOR217W,0,0.88352275,0.1445174366235733,0.8554337024688721,0.508052408695221
YPL224C,YIR015W,0,0.8832715,0.14449308812618256,0.8554337024688721,0.508152425289154
YML071C,YDR317W,0,0.88295114,0.1444687694311142,0.8554337024688721,0.5082525014877319
YDL159W,YLR312C-B,1,0.88289034,0.14461278915405273,0.85643070936203,0.5082525014877319
YKL099C,YOL139C,0,0.8828879,0.14458845555782318,0.85643070936203,0.508352518081665
YDL021W,YLR396C,0,0.88268065,0.14456412196159363,0.85643070936203,0.5084525346755981
YDR337W,YIL030C,0,0.88265103,0.14453978836536407,0.85643070936203,0.5085525512695312
YNR004W,YPR168W,0,0.8826115,0.1445154845714569,0.85643070936203,0.5086525678634644
YJR058C,YCL026C-B,0,0.882275,0.14449116587638855,0.85643070936203,0.5087526440620422
YLR337C,YDR117C,0,0.88214636,0.14446686208248138,0.85643070936203,0.5088526606559753
YOR025W,YIL007C,0,0.8820733,0.1444425731897354,0.85643070936203,0.5089526772499084
YDL154W,YLR080W,0,0.88173854,0.14441829919815063,0.85643070936203,0.5090526938438416
YLR157C,YOR039W,0,0.8815789,0.14439401030540466,0.85643070936203,0.5091527700424194
YHL007C,YOR371C,1,0.8805601,0.1445378214120865,0.857427716255188,0.5091527700424194
YKL190W,YPR186C,0,0.8803718,0.14451353251934052,0.857427716255188,0.5092527866363525
YMR042W,YGL063W,0,0.8803661,0.14448924362659454,0.857427716255188,0.5093528032302856
YBR054W,YDR367W,0,0.88032997,0.14446496963500977,0.857427716255188,0.5094528198242188
YOR215C,YIR006C,0,0.8799207,0.14444071054458618,0.857427716255188,0.5095528364181519
YKR105C,YDL114W,0,0.87938184,0.1444164514541626,0.857427716255188,0.5096529126167297
YOR261C,YHR136C,0,0.8783703,0.1443922072649002,0.857427716255188,0.5097529292106628
YHL019C,YJL190C,0,0.87836194,0.14436796307563782,0.857427716255188,0.509852945804596
YLR172C,YNL050C,0,0.8783121,0.14434373378753662,0.857427716255188,0.509952962398529
YDR477W,YDR107C,1,0.8782892,0.14448733627796173,0.858424723148346,0.509952962398529
YIL139C,YGL229C,0,0.87736905,0.14446309208869934,0.858424723148346,0.5100530385971069
YBL051C,YBR247C,0,0.8772973,0.14443884789943695,0.858424723148346,0.51015305519104
YPR171W,YNL025C,0,0.87690586,0.14441461861133575,0.858424723148346,0.5102530717849731
YDR500C,YLR447C,0,0.87631464,0.14439040422439575,0.858424723148346,0.5103530883789062
YOR384W,YPR184W,0,0.87528825,0.14436618983745575,0.858424723148346,0.5104531645774841
YJL197W,YDL012C,0,0.87504077,0.14434199035167694,0.858424723148346,0.5105531811714172
YJL101C,YCL074W,0,0.8750249,0.14431780576705933,0.858424723148346,0.5106531977653503
YMR087W,YKL039W,0,0.87501585,0.1442936211824417,0.858424723148346,0.5107532143592834
YLR181C,YHR194W,0,0.87447417,0.1442694365978241,0.858424723148346,0.5108532309532166
YNR050C,YJL181W,0,0.87411225,0.14424526691436768,0.858424723148346,0.5109533071517944
YKL186C,YBR005W,0,0.87333,0.14422111213207245,0.858424723148346,0.5110533237457275
YDR071C,YOR180C,0,0.8726667,0.14419695734977722,0.858424723148346,0.5111533403396606
YDR105C,YHR150W,0,0.872331,0.144172802567482,0.858424723148346,0.5112533569335938
YFR040W,YEL065W,0,0.8723093,0.14414866268634796,0.858424723148346,0.5113534331321716
YOL093W,YPR002W,0,0.8721521,0.14412453770637512,0.858424723148346,0.5114534497261047
YCR014C,YMR272C,0,0.871951,0.14410041272640228,0.858424723148346,0.5115534663200378
YGL094C,YPL175W,0,0.87099475,0.14407630264759064,0.858424723148346,0.511653482913971
YDR373W,YDR195W,0,0.8703596,0.14405220746994019,0.858424723148346,0.511753499507904
YJR066W,YHL036W,0,0.8703211,0.14402809739112854,0.858424723148346,0.5118535757064819
YOR126C,YOR151C,0,0.8694558,0.14400401711463928,0.858424723148346,0.511953592300415
YCR055C,YDL106C,0,0.8694277,0.14397993683815002,0.858424723148346,0.5120536088943481
YBR060C,YCL067C,0,0.86902916,0.14395585656166077,0.858424723148346,0.5121536254882812
YBR279W,YJL143W,0,0.8687901,0.1439317911863327,0.858424723148346,0.5122537016868591
YJL024C,YOR322C,0,0.8687097,0.14390774071216583,0.858424723148346,0.5123537182807922
YPR135W,YCL074W,0,0.8683595,0.14388369023799896,0.858424723148346,0.5124537348747253
YGR061C,YIL004C,0,0.8683431,0.1438596546649933,0.858424723148346,0.5125537514686584
YPR071W,YLR193C,0,0.8682797,0.1438356190919876,0.858424723148346,0.5126537680625916
YER048W-A,YKL145W,0,0.8682046,0.14381159842014313,0.858424723148346,0.5127538442611694
YOR066W,YPL221W,0,0.86770064,0.14378757774829865,0.858424723148346,0.5128538608551025
YNR059W,YGR193C,0,0.86763465,0.14376357197761536,0.858424723148346,0.5129538774490356
YBR015C,YJR059W,0,0.86716706,0.14373956620693207,0.858424723148346,0.5130538940429688
YNL339C,YPR095C,0,0.86699986,0.14371557533740997,0.858424723148346,0.5131539702415466
YDR323C,YHR041C,0,0.866976,0.14369158446788788,0.858424723148346,0.5132539868354797
YDR441C,YMR101C,0,0.8668497,0.14366760849952698,0.858424723148346,0.5133540034294128
YJL090C,YML042W,0,0.8666195,0.14364364743232727,0.858424723148346,0.513454020023346
YOL038W,YOL100W,0,0.8656226,0.14361968636512756,0.858424723148346,0.513554036617279
YHL007C,YMR164C,1,0.86489916,0.1437625139951706,0.8594217300415039,0.513554036617279
YFL049W,YDR044W,0,0.86408687,0.1437385380268097,0.8594217300415039,0.5136541128158569
YDR116C,YNL190W,0,0.8640767,0.14371457695960999,0.8594217300415039,0.51375412940979
YPL101W,YLR165C,0,0.86349416,0.14369061589241028,0.8594217300415039,0.5138541460037231
YHR113W,YPL225W,0,0.86278206,0.14366666972637177,0.8594217300415039,0.5139541625976562
YDR176W,YNL132W,0,0.8627631,0.14364272356033325,0.8594217300415039,0.5140542387962341
YDR466W,YGL227W,0,0.8624829,0.14361879229545593,0.8594217300415039,0.5141542553901672
YJL176C,YHR175W,0,0.8623421,0.1435948759317398,0.8594217300415039,0.5142542719841003
YCR086W,YCR047C,0,0.86172795,0.14357095956802368,0.8594217300415039,0.5143542885780334
YDR438W,YBR176W,0,0.86169815,0.14354704320430756,0.8594217300415039,0.5144543647766113
YPL183C,YNL063W,0,0.86000144,0.14352314174175262,0.8594217300415039,0.5145543813705444
YDR454C,YJL140W,0,0.8599022,0.1434992551803589,0.8594217300415039,0.5146543979644775
YJL012C-A,YER056C,0,0.8584533,0.14347536861896515,0.8594217300415039,0.5147544145584106
YJR057W,YCL008C,0,0.85820043,0.1434514820575714,0.8594217300415039,0.5148544311523438
YDR238C,YGL030W,0,0.8580873,0.14342762529850006,0.8594217300415039,0.5149545073509216
YOR211C,YNR047W,0,0.857129,0.14340375363826752,0.8594217300415039,0.5150545239448547
YDR429C,YLR446W,0,0.8568206,0.14337991178035736,0.8594217300415039,0.5151545405387878
YDL028C,YKL006C-A,0,0.8561301,0.143356055021286,0.8594217300415039,0.515254557132721
YJL087C,YBR010W,0,0.8560295,0.14333222806453705,0.8594217300415039,0.5153546333312988
YIR036C,YDL102W,0,0.85585153,0.14330840110778809,0.8594217300415039,0.5154546499252319
YML034W,YBR273C,0,0.85563505,0.14328457415103912,0.8594217300415039,0.515554666519165
YOL107W,YOR142W,0,0.8550034,0.14326076209545135,0.8594217300415039,0.5156546831130981
YOR019W,YNR016C,0,0.8547737,0.1432369500398636,0.8594217300415039,0.5157546997070312
YAL022C,YJR104C,0,0.854463,0.143213152885437,0.8594217300415039,0.5158547759056091
YHR058C,YDR273W,0,0.85435736,0.14318937063217163,0.8594217300415039,0.5159547924995422
YLR430W,YBL089W,0,0.8533885,0.14316558837890625,0.8594217300415039,0.5160548090934753
YKR096W,YER099C,0,0.8529521,0.14314180612564087,0.8594217300415039,0.5161548256874084
YDR146C,YLR047C,0,0.8528726,0.14311805367469788,0.8594217300415039,0.5162549018859863
YLR295C,YNL212W,0,0.85274386,0.1430942863225937,0.8594217300415039,0.5163549184799194
YJL167W,YBR251W,0,0.8512223,0.1430705338716507,0.8594217300415039,0.5164549350738525
YPR098C,YOR078W,0,0.8510939,0.1430467963218689,0.8594217300415039,0.5165549516677856
YLR206W,YMR131C,0,0.85081875,0.1430230587720871,0.8594217300415039,0.5166549682617188
YCL039W,YCR052W,0,0.8506354,0.1429993361234665,0.8594217300415039,0.5167550444602966
YDL074C,YLR011W,0,0.8503842,0.1429756134748459,0.8594217300415039,0.5168550610542297
YPL011C,YFL014W,0,0.8496128,0.14295190572738647,0.8594217300415039,0.5169550776481628
YIL017W,YLR054C,0,0.8492844,0.14292819797992706,0.8594217300415039,0.517055094242096
YBR105C,YNL219C,0,0.8488804,0.14290450513362885,0.8594217300415039,0.5171551704406738
YDR086C,YLR395C,0,0.8487762,0.14288082718849182,0.8594217300415039,0.5172551870346069
YLR007W,YNL146W,0,0.84872067,0.1428571492433548,0.8594217300415039,0.51735520362854
YFR016C,YER111C,0,0.8486404,0.14283347129821777,0.8594217300415039,0.5174552202224731
YDR534C,YMR002W,0,0.848345,0.14280980825424194,0.8594217300415039,0.5175552368164062
YOR228C,YPR114W,0,0.8478247,0.1427861452102661,0.8594217300415039,0.5176553130149841
YBR114W,YDL227C,0,0.84717447,0.14276249706745148,0.8594217300415039,0.5177553296089172
YCR107W,YGR184C,0,0.8456314,0.14273886382579803,0.8594217300415039,0.5178553462028503
YKL175W,YDR395W,0,0.8455031,0.1427152305841446,0.8594217300415039,0.5179553627967834
YGR254W,YML063W,0,0.84522855,0.14269161224365234,0.8594217300415039,0.5180554389953613
YCR097WB,YJR092W,0,0.84520894,0.1426679939031601,0.8594217300415039,0.5181554555892944
YMR303C,YNL239W,0,0.8444592,0.14264437556266785,0.8594217300415039,0.5182554721832275
YMR232W,YOL054W,0,0.84389234,0.14262078702449799,0.8594217300415039,0.5183554887771606
YGL173C,YGR189C,0,0.8436676,0.14259718358516693,0.8594217300415039,0.5184555649757385
YOR371C,YKL043W,1,0.84354687,0.14273899793624878,0.8604187369346619,0.5184555649757385
YGL111W,YJR107W,0,0.8435151,0.14271539449691772,0.8604187369346619,0.5185555815696716
YLR175W,YPR011C,0,0.84347546,0.14269180595874786,0.8604187369346619,0.5186555981636047
YAL028W,YDR427W,0,0.8431717,0.1426682025194168,0.8604187369346619,0.5187556147575378
YPR055W,YOR348C,0,0.8430624,0.14264462888240814,0.8604187369346619,0.518855631351471
YKR089C,YCL044C,0,0.8430369,0.14262105524539948,0.8604187369346619,0.5189557075500488
YOR371C,YDL035C,1,0.8427993,0.14276272058486938,0.8614157438278198,0.5189557075500488
YHR046C,YPL244C,0,0.84257257,0.14273913204669952,0.8614157438278198,0.5190557241439819
YPR021C,YJR130C,0,0.8421619,0.14271555840969086,0.8614157438278198,0.519155740737915
YNL135C,YOL009C,0,0.84210926,0.1426919847726822,0.8614157438278198,0.5192557573318481
YPR043W,YLR208W,0,0.84194314,0.14266842603683472,0.8614157438278198,0.519355833530426
YNL158W,YDR235W,0,0.8415683,0.14264486730098724,0.8614157438278198,0.5194558501243591
YJL029C,YBR066C,0,0.8404598,0.14262132346630096,0.8614157438278198,0.5195558667182922
YLR054C,YOR226C,0,0.839886,0.14259779453277588,0.8614157438278198,0.5196558833122253
YHR079C-B,YLR239C,0,0.83957803,0.1425742506980896,0.8614157438278198,0.5197558999061584
YPR122W,YBR107C,0,0.83938825,0.1425507366657257,0.8614157438278198,0.5198559761047363
YCR094W,YJR083C,0,0.83934,0.14252722263336182,0.8614157438278198,0.5199559926986694
YDL067C,YLL051C,0,0.8381945,0.14250370860099792,0.8614157438278198,0.5200560092926025
YDR158W,YDR262W,0,0.8381609,0.14248020946979523,0.8614157438278198,0.5201560258865356
YBR083W,YDL035C,1,0.83788276,0.14262160658836365,0.8624127507209778,0.5201560258865356
YOL092W,YDR328C,0,0.8377711,0.14259809255599976,0.8624127507209778,0.5202561020851135
YGR222W,YDR201W,0,0.8374517,0.14257457852363586,0.8624127507209778,0.5203561186790466
YKR002W,YOR103C,0,0.83728427,0.14255109429359436,0.8624127507209778,0.5204561352729797
YCR105W,YGR061C,0,0.836777,0.14252759516239166,0.8624127507209778,0.5205561518669128
YKL210W,YKL158W,0,0.8364557,0.14250412583351135,0.8624127507209778,0.520656168460846
YER137C,YDR287W,0,0.83604795,0.14248064160346985,0.8624127507209778,0.5207562446594238
YGL119W,YMR276W,0,0.8356632,0.14245718717575073,0.8624127507209778,0.5208562612533569
YDL170W,YNL331C,0,0.8356554,0.14243371784687042,0.8624127507209778,0.52095627784729
YBL089W,YDR038C,0,0.83520854,0.1424102783203125,0.8624127507209778,0.5210562944412231
YDR379W,YNL079C,1,0.834785,0.14255143702030182,0.8634097576141357,0.5210562944412231
YKL155C,YNL318C,0,0.83445895,0.1425279825925827,0.8634097576141357,0.521156370639801
YPR108W,YLL062C,0,0.8343509,0.1425045281648636,0.8634097576141357,0.5212563872337341
YDR472W,YJL006C,0,0.83406174,0.14248107373714447,0.8634097576141357,0.5213564038276672
YDL111C,YEL001C,0,0.8329766,0.14245763421058655,0.8634097576141357,0.5214564204216003
YDR167W,YJL090C,0,0.83198994,0.14243420958518982,0.8634097576141357,0.5215564966201782
YOL055C,YGL119W,0,0.83189136,0.1424107849597931,0.8634097576141357,0.5216565132141113
YER098W,YLR429W,0,0.83159316,0.14238737523555756,0.8634097576141357,0.5217565298080444
YER062C,YBR240C,0,0.83143264,0.14236396551132202,0.8634097576141357,0.5218565464019775
YGR063C,YLR037C,0,0.8311225,0.14234057068824768,0.8634097576141357,0.5219565629959106
YKL093W,YMR123W,0,0.83050245,0.14231717586517334,0.8634097576141357,0.5220566391944885
YLR229C,YMR164C,1,0.8302157,0.14245809614658356,0.8644067645072937,0.5220566391944885
YOR019W,YER068W,0,0.83015084,0.14243470132350922,0.8644067645072937,0.5221566557884216
YJL052W,YGL236C,0,0.8301009,0.14241130650043488,0.8644067645072937,0.5222566723823547
YGR229C,YMR152W,0,0.8301004,0.14238791167736053,0.8644067645072937,0.5223566889762878
YHL040C,YBR192W,0,0.82973534,0.1423645317554474,0.8644067645072937,0.5224567651748657
YPR091C,YDR430C,0,0.82915723,0.14234115183353424,0.8644067645072937,0.5225567817687988
YOR116C,YGR056W,0,0.8278825,0.1423177868127823,0.8644067645072937,0.5226567983627319
YPR199C,YIR015W,0,0.8275996,0.14229443669319153,0.8644067645072937,0.522756814956665
YPL210C,YJL181W,0,0.8275788,0.14227108657360077,0.8644067645072937,0.5228568315505981
YBR278W,YKR009C,0,0.8273984,0.1422477513551712,0.8644067645072937,0.522956907749176
YPL171C,YPL122C,0,0.82649255,0.14222441613674164,0.8644067645072937,0.5230569243431091
YHR031C,YDR276C,0,0.82605326,0.14220108091831207,0.8644067645072937,0.5231569409370422
YBR196C,YBL100W-B,0,0.82551694,0.1421777606010437,0.8644067645072937,0.5232569575309753
YBR012W-B,YKR059W,0,0.8251519,0.14215445518493652,0.8644067645072937,0.5233570337295532
YMR168C,YJL179W,0,0.8244473,0.14213114976882935,0.8644067645072937,0.5234570503234863
YEL061C,YML005W,0,0.82326454,0.14210784435272217,0.8644067645072937,0.5235570669174194
YJR109C,YKL074C,0,0.822807,0.14208456873893738,0.8644067645072937,0.5236570835113525
YDR353W,YDR207C,0,0.821568,0.1420612782239914,0.8644067645072937,0.5237571001052856
YHR164C,YDL130W,0,0.8210612,0.1420380026102066,0.8644067645072937,0.5238571763038635
YCL047C,YMR039C,0,0.8204456,0.142014741897583,0.8644067645072937,0.5239571928977966
YCR040W,YER005W,0,0.8204173,0.1419914811849594,0.8644067645072937,0.5240572094917297
YJL191W,YJL134W,0,0.8197493,0.141968235373497,0.8644067645072937,0.5241572260856628
YGR063C,YPR067W,0,0.81846577,0.1419449895620346,0.8644067645072937,0.5242573022842407
YNL317W,YGL064C,0,0.8183342,0.1419217586517334,0.8644067645072937,0.5243573188781738
YDR231C,YMR070W,0,0.81816554,0.1418985277414322,0.8644067645072937,0.5244573354721069
YGR083C,YDR322W,0,0.81805,0.14187531173229218,0.8644067645072937,0.52455735206604
YNL164C,YOR175C,0,0.81778646,0.14185209572315216,0.8644067645072937,0.5246573686599731
YML104C,YGR063C,0,0.8176723,0.14182889461517334,0.8644067645072937,0.524757444858551
YFL023W,YMR133W,0,0.817184,0.14180569350719452,0.8644067645072937,0.5248574614524841
YLR219W,YGR276C,0,0.8170581,0.1417825073003769,0.8644067645072937,0.5249574780464172
YOR247W,YOR288C,0,0.81701237,0.14175932109355927,0.8644067645072937,0.5250574946403503
YPR171W,YDL197C,0,0.8158487,0.14173614978790283,0.8644067645072937,0.5251575708389282
YER008C,YKL199C,0,0.8154634,0.1417129784822464,0.8644067645072937,0.5252575874328613
YLR025W,YLR224W,0,0.8151295,0.14168982207775116,0.8644067645072937,0.5253576040267944
YGL162W,YBR275C,0,0.81512284,0.14166666567325592,0.8644067645072937,0.5254576206207275
YLR362W,YPL021W,1,0.8146614,0.14180690050125122,0.8654037714004517,0.5254576206207275
YJR107W,YLR248W,0,0.8146236,0.1417837291955948,0.8654037714004517,0.5255576968193054
YLR384C,YMR213W,0,0.8145438,0.14176057279109955,0.8654037714004517,0.5256577134132385
YJR027W,YKL124W,0,0.81392324,0.1417374312877655,0.8654037714004517,0.5257577300071716
YLR098C,YML040W,0,0.81378365,0.14171428978443146,0.8654037714004517,0.5258577466011047
YDR337W,YJL173C,0,0.8134023,0.1416911482810974,0.8654037714004517,0.5259577631950378
YFR021W,YKL015W,0,0.81275934,0.14166802167892456,0.8654037714004517,0.5260578393936157
YMR016C,YAL041W,1,0.81261456,0.14180809259414673,0.8664007782936096,0.5260578393936157
YGL200C,YDR189W,0,0.81184363,0.14178495109081268,0.8664007782936096,0.5261578559875488
YHR210C,YKL172W,0,0.8115004,0.14176182448863983,0.8664007782936096,0.5262578725814819
YFR031C,YLR249W,0,0.81114894,0.14173869788646698,0.8664007782936096,0.526357889175415
YPL061W,YJL216C,0,0.8110288,0.14171558618545532,0.8664007782936096,0.5264579653739929
YJL026W,YKL060C,0,0.8108663,0.14169248938560486,0.8664007782936096,0.526557981967926
YNR002C,YNL036W,0,0.81070626,0.1416693776845932,0.8664007782936096,0.5266579985618591
YPL127C,YLR220W,0,0.8103132,0.14164629578590393,0.8664007782936096,0.5267580151557922
YGR185C,YBL047C,0,0.8095986,0.14162321388721466,0.8664007782936096,0.5268580317497253
YLR229C,YER108C,1,0.8090695,0.14176307618618011,0.8673977851867676,0.5268580317497253
YDL003W,YOR355W,0,0.80866957,0.14173997938632965,0.8673977851867676,0.5269581079483032
YOR117W,YFR052W,0,0.8083506,0.14171689748764038,0.8673977851867676,0.5270581245422363
YOR215C,YGL096W,0,0.80830485,0.1416938155889511,0.8673977851867676,0.5271581411361694
YGR234W,YMR182C,0,0.80827093,0.14167073369026184,0.8673977851867676,0.5272581577301025
YER139C,YMR100W,0,0.8080987,0.14164766669273376,0.8673977851867676,0.5273582339286804
YDR079W,YPL027W,0,0.8080392,0.14162461459636688,0.8673977851867676,0.5274582505226135
YMR210W,YBR040W,0,0.807898,0.1416015625,0.8673977851867676,0.5275582671165466
YOL141W,YMR087W,0,0.8076777,0.1415785253047943,0.8673977851867676,0.5276582837104797
YGR036C,YDL097C,0,0.807321,0.14155548810958862,0.8673977851867676,0.5277583003044128
YKR095W,YMR158W,0,0.80722433,0.14153245091438293,0.8673977851867676,0.5278583765029907
YMR045C,YDL217C,0,0.8067536,0.14150942862033844,0.8673977851867676,0.5279583930969238
YDR415C,YER081W,0,0.80495715,0.14148642122745514,0.8673977851867676,0.5280584096908569
YIL101C,YDR393W,0,0.8047466,0.14146341383457184,0.8673977851867676,0.52815842628479
YIL070C,YNR044W,0,0.8043418,0.14144042134284973,0.8673977851867676,0.5282585024833679
YMR038C,YPR127W,0,0.8041685,0.14141742885112762,0.8673977851867676,0.528358519077301
YGR229C,YBL035C,0,0.803804,0.14139443635940552,0.8673977851867676,0.5284585356712341
YML102W,YJR065C,0,0.80350906,0.1413714587688446,0.8673977851867676,0.5285585522651672
YBR240C,YOR147W,0,0.8024796,0.14134849607944489,0.8673977851867676,0.5286585688591003
YGL183C,YJR013W,0,0.8017027,0.14132553339004517,0.8673977851867676,0.5287586450576782
YEL029C,YHL016C,0,0.80082524,0.14130258560180664,0.8673977851867676,0.5288586616516113
YNR067C,YOR136W,0,0.80073404,0.14127963781356812,0.8673977851867676,0.5289586782455444
YBR012W-B,YAR007C,0,0.7999214,0.14125670492649078,0.8673977851867676,0.5290586948394775
YKL218C,YKR026C,0,0.796824,0.14123377203941345,0.8673977851867676,0.5291587710380554
YOL104C,YIL088C,0,0.7967425,0.14121083915233612,0.8673977851867676,0.5292587876319885
YER112W,YMR169C,0,0.7966012,0.14118792116641998,0.8673977851867676,0.5293588042259216
YBR128C,YDR369C,0,0.7956973,0.14116501808166504,0.8673977851867676,0.5294588208198547
YDR243C,YBL024W,0,0.7953453,0.1411421149969101,0.8673977851867676,0.5295588970184326
YLR248W,YPR036W,0,0.7950298,0.14111922681331635,0.8673977851867676,0.5296589136123657
YFR038W,YML120C,0,0.7940705,0.1410963386297226,0.8673977851867676,0.5297589302062988
YCR058C,YGR057C,0,0.79395694,0.14107345044612885,0.8673977851867676,0.5298589468002319
YPR162C,YNR047W,0,0.79335535,0.1410505771636963,0.8673977851867676,0.529958963394165
YHR215W,YGR116W,0,0.7932819,0.14102771878242493,0.8673977851867676,0.5300590395927429
YNR032C-A,YBR282W,0,0.7932609,0.14100486040115356,0.8673977851867676,0.530159056186676
YPL271W,YLR127C,0,0.79318136,0.1409820169210434,0.8673977851867676,0.5302590727806091
YFL045C,YGL027C,0,0.79250574,0.14095917344093323,0.8673977851867676,0.5303590893745422
YAR015W,YLR186W,0,0.7919525,0.14093632996082306,0.8673977851867676,0.5304591655731201
YNL135C,YGR034W,0,0.79149973,0.14091350138187408,0.8673977851867676,0.5305591821670532
YLR099C,YDL111C,0,0.7909817,0.1408906877040863,0.8673977851867676,0.5306591987609863
YNL031C,YNL283C,0,0.79031676,0.14086787402629852,0.8673977851867676,0.5307592153549194
YDR022C,YMR234W,0,0.78954434,0.14084507524967194,0.8673977851867676,0.5308592319488525
YOL156W,YGL213C,0,0.7892491,0.14082227647304535,0.8673977851867676,0.5309593081474304
YCR040W,YGR199W,0,0.78921163,0.14079947769641876,0.8673977851867676,0.5310593247413635
YDL180W,YJR049C,0,0.7882197,0.14077669382095337,0.8673977851867676,0.5311593413352966
YNL282W,YBR202W,0,0.7876202,0.14075392484664917,0.8673977851867676,0.5312593579292297
YLL053C,YDR056C,0,0.7873388,0.14073115587234497,0.8673977851867676,0.5313594341278076
YNR017W,YGR162W,0,0.7871403,0.14070838689804077,0.8673977851867676,0.5314594507217407
YIL062C,YPL208W,0,0.7867043,0.14068564772605896,0.8673977851867676,0.5315594673156738
YPR166C,YHR161C,0,0.7861946,0.14066289365291595,0.8673977851867676,0.5316594839096069
YGR082W,YLL038C,0,0.7860714,0.14064015448093414,0.8673977851867676,0.53175950050354
YML071C,YLR011W,0,0.785167,0.14061743021011353,0.8673977851867676,0.5318595767021179
YNL214W,YER150W,0,0.7849221,0.1405947059392929,0.8673977851867676,0.531959593296051
YLR244C,YGR122W,0,0.7846836,0.1405719816684723,0.8673977851867676,0.5320596098899841
YNL188W,YIL136W,0,0.78450096,0.14054927229881287,0.8673977851867676,0.5321596264839172
YDL129W,YJL216C,0,0.78441,0.14052657783031464,0.8673977851867676,0.5322597026824951
YDR021W,YNL167C,0,0.78427815,0.1405038833618164,0.8673977851867676,0.5323597192764282
YMR080C,YKL022C,0,0.7840689,0.14048118889331818,0.8673977851867676,0.5324597358703613
YLR277C,YKL144C,0,0.7839513,0.14045850932598114,0.8673977851867676,0.5325597524642944
YFR032C-A,YPL183C,0,0.7835716,0.1404358297586441,0.8673977851867676,0.5326597690582275
YFR036W,YMR059W,0,0.7821947,0.14041316509246826,0.8673977851867676,0.5327598452568054
YKL048C,YNL142W,1,0.7811214,0.1405518800020218,0.8683947920799255,0.5327598452568054
YJR158W,YNL026W,0,0.7806619,0.14052920043468475,0.8683947920799255,0.5328598618507385
YBR072W,YBR177C,0,0.7797524,0.1405065357685089,0.8683947920799255,0.5329598784446716
YGL067W,YNL036W,0,0.7795825,0.14048387110233307,0.8683947920799255,0.5330598950386047
YNL287W,YPL031C,0,0.7793325,0.14046122133731842,0.8683947920799255,0.5331599712371826
YDL029W,YNL287W,0,0.77871585,0.14043857157230377,0.8683947920799255,0.5332599878311157
YKR096W,YBL041W,0,0.7780034,0.14041592180728912,0.8683947920799255,0.5333600044250488
YDL030W,YGL018C,0,0.77780515,0.14039330184459686,0.8683947920799255,0.5334600210189819
YBR041W,YDR347W,0,0.77774006,0.1403706669807434,0.8683947920799255,0.5335600972175598
YIL111W,YKL168C,0,0.77725446,0.14034804701805115,0.8683947920799255,0.5336601138114929
YCL048W,YPL220W,0,0.7771591,0.14032544195652008,0.8683947920799255,0.533760130405426
YGR286C,YOL011W,0,0.776899,0.140302836894989,0.8683947920799255,0.5338601469993591
YGR221C,YNL213C,0,0.7768971,0.14028023183345795,0.8683947920799255,0.5339601635932922
YNR018W,YDR009W,0,0.7765625,0.14025764167308807,0.8683947920799255,0.5340602397918701
YGL059W,YHR096C,0,0.7761199,0.1402350664138794,0.8683947920799255,0.5341602563858032
YJL006C,YDL135C,0,0.77502173,0.14021249115467072,0.8683947920799255,0.5342602729797363
YLR283W,YGL170C,0,0.77473944,0.14018993079662323,0.8683947920799255,0.5343602895736694
YHR086W,YCL051W,0,0.77451265,0.14016737043857574,0.8683947920799255,0.5344603657722473
YJL198W,YEL016C,0,0.77436465,0.14014481008052826,0.8683947920799255,0.5345603823661804
YLR309C,YBL060W,0,0.7738665,0.14012226462364197,0.8683947920799255,0.5346603989601135
YJR103W,YDR117C,0,0.7737807,0.14009971916675568,0.8683947920799255,0.5347604155540466
YOR036W,YLL066C,0,0.77374977,0.14007718861103058,0.8683947920799255,0.5348604321479797
YLR418C,YAL024C,0,0.7731339,0.14005467295646667,0.8683947920799255,0.5349605083465576
YNR041C,YDR351W,0,0.7726855,0.14003215730190277,0.8683947920799255,0.5350605249404907
YHR111W,YER118C,1,0.7726665,0.1401703953742981,0.8693917989730835,0.5350605249404907
YEL061C,YGR189C,0,0.77196395,0.140147864818573,0.8693917989730835,0.5351605415344238
YJL186W,YOR086C,0,0.77076274,0.1401253342628479,0.8693917989730835,0.5352605581283569
YNL095C,YJR005W,0,0.7707124,0.1401028335094452,0.8693917989730835,0.5353606343269348
YDR310C,YKR026C,0,0.7701684,0.1400803178548813,0.8693917989730835,0.5354606509208679
YDL074C,YIL069C,0,0.7699646,0.14005781710147858,0.8693917989730835,0.535560667514801
YBR091C,YDL097C,0,0.7691206,0.14003533124923706,0.8693917989730835,0.5356606841087341
YCR053W,YGR217W,0,0.7690624,0.14001284539699554,0.8693917989730835,0.5357607007026672
YOL124C,YIL043C,0,0.76822495,0.13999037444591522,0.8693917989730835,0.5358607769012451
YMR268W-A,YDR351W,0,0.7681085,0.1399679034948349,0.8693917989730835,0.5359607934951782
YMR210W,YPL171C,0,0.7680952,0.13994543254375458,0.8693917989730835,0.5360608100891113
YER100W,YKL016C,0,0.7675121,0.13992297649383545,0.8693917989730835,0.5361608266830444
YKL206C,YLR040C,0,0.7673211,0.13990053534507751,0.8693917989730835,0.5362609028816223
YOL009C,YML040W,0,0.76696974,0.13987809419631958,0.8693917989730835,0.5363609194755554
YGR220C,YER111C,0,0.7665656,0.13985565304756165,0.8693917989730835,0.5364609360694885
YLR220W,YLR299W,0,0.765824,0.1398332267999649,0.8693917989730835,0.5365609526634216
YGR122W,YKL145W,0,0.7657994,0.13981080055236816,0.8693917989730835,0.5366609692573547
YGR078C,YJR026W,0,0.76546466,0.13978838920593262,0.8693917989730835,0.5367610454559326
YBR183W,YFR018C,0,0.76484394,0.13976599276065826,0.8693917989730835,0.5368610620498657
YDR031W,YHR171W,0,0.7647614,0.1397435963153839,0.8693917989730835,0.5369610786437988
YIL145C,YPL112C,0,0.76386434,0.13972119987010956,0.8693917989730835,0.5370610952377319
YDR050C,YNL307C,0,0.7636417,0.1396988183259964,0.8693917989730835,0.5371611714363098
YHL026C,YBR093C,0,0.76328695,0.13967643678188324,0.8693917989730835,0.5372611880302429
YER052C,YJL106W,0,0.76232237,0.13965407013893127,0.8693917989730835,0.537361204624176
YGR101W,YHR136C,0,0.7612735,0.1396317034959793,0.8693917989730835,0.5374612212181091
YHR004C,YOL002C,0,0.7602955,0.13960935175418854,0.8693917989730835,0.537561297416687
YGR063C,YGL037C,0,0.7600803,0.13958700001239777,0.8693917989730835,0.5376613140106201
YER070W,YIR031C,0,0.7596946,0.1395646631717682,0.8693917989730835,0.5377613306045532
YDL202W,YOR059C,0,0.759399,0.1395423263311386,0.8693917989730835,0.5378613471984863
YPR119W,YLR194C,0,0.7593328,0.13952000439167023,0.8693917989730835,0.5379613637924194
YER038C,YGR258C,0,0.75915563,0.13949768245220184,0.8693917989730835,0.5380614399909973
YDR292C,YGR263C,0,0.7589392,0.13947536051273346,0.8693917989730835,0.5381614565849304
YCR065W,YOR092W,0,0.7588488,0.13945306837558746,0.8693917989730835,0.5382614731788635
YOR032C,YOL121C,0,0.75884753,0.13943076133728027,0.8693917989730835,0.5383614897727966
YHR132C,YMR016C,0,0.75881255,0.13940846920013428,0.8693917989730835,0.5384615659713745
YOR060C,YPR106W,0,0.7587979,0.13938619196414948,0.8693917989730835,0.5385615825653076
YIL083C,YIL019W,0,0.7586529,0.13936391472816467,0.8693917989730835,0.5386615991592407
YIL177C,YLR425W,0,0.758485,0.13934163749217987,0.8693917989730835,0.5387616157531738
YFL054C,YGR180C,0,0.7583213,0.13931937515735626,0.8693917989730835,0.5388616323471069
YPL078C,YLR390W,0,0.757669,0.13929712772369385,0.8693917989730835,0.5389617085456848
YOR110W,YDL128W,0,0.7554239,0.13927488029003143,0.8693917989730835,0.5390617251396179
YLR287C-A,YOR217W,0,0.7553159,0.13925263285636902,0.8693917989730835,0.539161741733551
YOR117W,YJL173C,0,0.75516176,0.1392304003238678,0.8693917989730835,0.5392617583274841
YFL036W,YCR029C-A,0,0.75467944,0.13920816779136658,0.8693917989730835,0.539361834526062
YPL155C,YGR106C,0,0.75436,0.13918595016002655,0.8693917989730835,0.5394618511199951
YDR279W,YNL335W,0,0.75396276,0.13916374742984772,0.8693917989730835,0.5395618677139282
YPL235W,YNL212W,0,0.75390446,0.1391415297985077,0.8693917989730835,0.5396618843078613
YMR143W,YKR031C,0,0.753225,0.13911934196949005,0.8693917989730835,0.5397619009017944
YDR252W,YBR274W,0,0.751865,0.13909713923931122,0.8693917989730835,0.5398619771003723
YOR243C,YLR441C,0,0.7517413,0.13907496631145477,0.8693917989730835,0.5399619936943054
YLR364W,YLR234W,0,0.7509732,0.13905277848243713,0.8693917989730835,0.5400620102882385
YJR135W-A,YFL005W,0,0.7507041,0.1390306055545807,0.8693917989730835,0.5401620268821716
YOR391C,YML080W,0,0.75045246,0.13900844752788544,0.8693917989730835,0.5402621030807495
YFL025C,YDR306C,0,0.7504287,0.13898628950119019,0.8693917989730835,0.5403621196746826
YGR035C,YLR055C,0,0.75020826,0.13896414637565613,0.8693917989730835,0.5404621362686157
YNL138W,YLR139C,0,0.7493073,0.13894200325012207,0.8693917989730835,0.5405621528625488
YOR180C,YIL108W,0,0.7491151,0.138919860124588,0.8693917989730835,0.5406621694564819
YER091C,YLR060W,0,0.7488606,0.13889773190021515,0.8693917989730835,0.5407622456550598
YHR009C,YIL090W,0,0.7486793,0.13887561857700348,0.8693917989730835,0.5408622622489929
YGR044C,YDR418W,0,0.7486577,0.1388535052537918,0.8693917989730835,0.540962278842926
YHR060W,YDR076W,0,0.7485832,0.13883139193058014,0.8693917989730835,0.5410622954368591
YOR179C,YPL188W,0,0.7470516,0.13880929350852966,0.8693917989730835,0.541162371635437
YKL210W,YNL159C,0,0.74630404,0.13878720998764038,0.8693917989730835,0.5412623882293701
YGL223C,YOL002C,0,0.74590814,0.1387651115655899,0.8693917989730835,0.5413624048233032
YJR051W,YJR117W,0,0.7450111,0.13874304294586182,0.8693917989730835,0.5414624214172363
YDL204W,YLR214W,0,0.74386305,0.13872097432613373,0.8693917989730835,0.5415624976158142
YPL151C,YGR097W,0,0.7436072,0.13869890570640564,0.8693917989730835,0.5416625142097473
YDR405W,YKL011C,0,0.74247503,0.13867685198783875,0.8693917989730835,0.5417625308036804
YFL011W-A,YLR024C,0,0.7414238,0.13865479826927185,0.8693917989730835,0.5418625473976135
YKL164C,YLR028C,0,0.74084496,0.13863274455070496,0.8693917989730835,0.5419625639915466
YOR349W,YNL238W,0,0.7404808,0.13861072063446045,0.8693917989730835,0.5420626401901245
YLR284C,YCR037C,0,0.7404296,0.13858868181705475,0.8693917989730835,0.5421626567840576
YNL162W,YGR229C,0,0.7399654,0.13856665790081024,0.8693917989730835,0.5422626733779907
YAL062W,YHR025W,0,0.7392552,0.13854464888572693,0.8693917989730835,0.5423626899719238
YOR048C,YPR173C,0,0.7391782,0.13852263987064362,0.8693917989730835,0.5424627661705017
YDR350C,YER056C,0,0.73904574,0.1385006308555603,0.8693917989730835,0.5425627827644348
YDR451C,YNL051W,0,0.73873955,0.13847863674163818,0.8693917989730835,0.5426627993583679
YMR165C,YLR370C,0,0.73854446,0.13845665752887726,0.8693917989730835,0.542762815952301
YNL282W,YGL194C,0,0.738507,0.13843467831611633,0.8693917989730835,0.5428628325462341
YMR321C,YMR150C,0,0.73757625,0.1384126991033554,0.8693917989730835,0.542962908744812
YOR132W,YIL035C,0,0.7372776,0.13839073479175568,0.8693917989730835,0.5430629253387451
YPL198W,YPR204W,0,0.73722667,0.13836877048015594,0.8693917989730835,0.5431629419326782
YAL022C,YHR168W,0,0.7368537,0.1383468210697174,0.8693917989730835,0.5432629585266113
YPL200W,YIR002C,0,0.73678255,0.13832487165927887,0.8693917989730835,0.5433630347251892
YOL055C,YLR141W,0,0.736338,0.13830293715000153,0.8693917989730835,0.5434630513191223
YBL057C,YCR063W,0,0.7361691,0.13828100264072418,0.8693917989730835,0.5435630679130554
YNL119W,YIL131C,1,0.73523587,0.13841763138771057,0.8703888058662415,0.5435630679130554
YDL225W,YPL195W,0,0.7343516,0.13839568197727203,0.8703888058662415,0.5436630845069885
YHR027C,YHR074W,0,0.7342138,0.1383737474679947,0.8703888058662415,0.5437631011009216
YGR001C,YGR159C,0,0.73319536,0.13835182785987854,0.8703888058662415,0.5438631772994995
YBL068W,YLR042C,0,0.73309994,0.1383298933506012,0.8703888058662415,0.5439631938934326
YFR013W,YDL217C,0,0.73141515,0.13830798864364624,0.8703888058662415,0.5440632104873657
YOR264W,YDR350C,0,0.7313441,0.1382860690355301,0.8703888058662415,0.5441632270812988
YPR122W,YBR121C,0,0.73049283,0.13826417922973633,0.8703888058662415,0.5442633032798767
YHR204W,YDL129W,0,0.730463,0.13824227452278137,0.8703888058662415,0.5443633198738098
YIL036W,YBR274W,0,0.7296604,0.1382203996181488,0.8703888058662415,0.5444633364677429
YER022W,YKL042W,0,0.72669756,0.13819850981235504,0.8703888058662415,0.544563353061676
YLR020C,YGR234W,0,0.72524285,0.13817663490772247,0.8703888058662415,0.5446633696556091
YOR274W,YER002W,0,0.72468793,0.1381547749042511,0.8703888058662415,0.544763445854187
YHR086W,YER056C,0,0.7238402,0.13813291490077972,0.8703888058662415,0.5448634624481201
YGL092W,YPR016C,0,0.72383654,0.13811105489730835,0.8703888058662415,0.5449634790420532
YIL042C,YKL198C,0,0.7233752,0.13808920979499817,0.8703888058662415,0.5450634956359863
YLR389C,YER025W,0,0.72256094,0.13806737959384918,0.8703888058662415,0.5451635718345642
YGL226W,YGR276C,0,0.7208495,0.138045534491539,0.8703888058662415,0.5452635884284973
YOL092W,YGL249W,0,0.72051704,0.1380237191915512,0.8703888058662415,0.5453636050224304
YPR024W,YGL151W,0,0.72011805,0.13800190389156342,0.8703888058662415,0.5454636216163635
YLR086W,YNL247W,0,0.71976435,0.13798008859157562,0.8703888058662415,0.5455636978149414
YDL030W,YJL180C,0,0.71916056,0.13795827329158783,0.8703888058662415,0.5456637144088745
YIL150C,YDL220C,0,0.7188041,0.13793648779392242,0.8703888058662415,0.5457637310028076
YHL035C,YDR359C,0,0.7176885,0.13791468739509583,0.8703888058662415,0.5458637475967407
YLR050C,YJL136C,0,0.71736866,0.13789290189743042,0.8703888058662415,0.5459637641906738
YOR092W,YBR274W,0,0.7169246,0.1378711313009262,0.8703888058662415,0.5460638403892517
YEL053C,YBR093C,0,0.716581,0.137849360704422,0.8703888058662415,0.5461638569831848
YDL080C,YMR112C,0,0.7165686,0.13782759010791779,0.8703888058662415,0.5462638735771179
YMR146C,YAR015W,0,0.71586657,0.13780583441257477,0.8703888058662415,0.546363890171051
YNL027W,YLR314C,0,0.7156294,0.13778409361839294,0.8703888058662415,0.5464639663696289
YLR223C,YOL124C,0,0.7153359,0.13776235282421112,0.8703888058662415,0.546563982963562
YPR043W,YMR205C,0,0.71491265,0.1377406120300293,0.8703888058662415,0.5466639995574951
YDR444W,YML006C,0,0.71460766,0.13771888613700867,0.8703888058662415,0.5467640161514282
YKL021C,YOR049C,0,0.7144485,0.13769716024398804,0.8703888058662415,0.5468640327453613
YBR272C,YDL109C,0,0.7135593,0.1376754492521286,0.8703888058662415,0.5469641089439392
YMR090W,YLR092W,0,0.71160865,0.13765373826026917,0.8703888058662415,0.5470641255378723
YOL093W,YKL002W,0,0.71131456,0.13763204216957092,0.8703888058662415,0.5471641421318054
YMR043W,YGL098W,0,0.71095717,0.13761034607887268,0.8703888058662415,0.5472641587257385
YJL190C,YHL021C,0,0.709989,0.13758864998817444,0.8703888058662415,0.5473642349243164
YFR006W,YKR038C,0,0.7092855,0.1375669687986374,0.8703888058662415,0.5474642515182495
YOR047C,YGL171W,0,0.70883924,0.13754530251026154,0.8703888058662415,0.5475642681121826
YAL034W-A,YMR050C,0,0.70789754,0.13752363622188568,0.8703888058662415,0.5476642847061157
YLL045C,YIL083C,0,0.7076347,0.13750196993350983,0.8703888058662415,0.5477643013000488
YIL047C,YIL108W,0,0.7076324,0.13748031854629517,0.8703888058662415,0.5478643774986267
YPL189W,YGL126W,0,0.70741355,0.1374586671590805,0.8703888058662415,0.5479643940925598
YLR277C,YMR146C,0,0.70646906,0.13743703067302704,0.8703888058662415,0.5480644106864929
YGR055W,YLR204W,0,0.7059183,0.13741539418697357,0.8703888058662415,0.548164427280426
YDR118W,YNR055C,0,0.705773,0.1373937726020813,0.8703888058662415,0.5482645034790039
YHR175W,YLR237W,0,0.70575464,0.13737215101718903,0.8703888058662415,0.548364520072937
YML045W,YDR441C,0,0.7053746,0.13735052943229675,0.8703888058662415,0.5484645366668701
YNL217W,YOR224C,0,0.7050486,0.13732892274856567,0.8703888058662415,0.5485645532608032
YDL185W,YGR010W,0,0.70362246,0.1373073309659958,0.8703888058662415,0.5486645698547363
YDR301W,YPL204W,0,0.7030128,0.1372857391834259,0.8703888058662415,0.5487646460533142
YDL175C,YBR176W,0,0.7027962,0.13726414740085602,0.8703888058662415,0.5488646626472473
YJL053W,YLR201C,0,0.70209783,0.13724257051944733,0.8703888058662415,0.5489646792411804
YOR126C,YGL209W,0,0.70196277,0.13722099363803864,0.8703888058662415,0.5490646958351135
YMR319C,YKR097W,0,0.7017971,0.13719943165779114,0.8703888058662415,0.5491647720336914
YLR313C,YNL298W,1,0.7013941,0.13733500242233276,0.8713858127593994,0.5491647720336914
YOL005C,YNL036W,0,0.7008472,0.13731342554092407,0.8713858127593994,0.5492647886276245
YGR144W,YKL006W,0,0.70038146,0.13729186356067657,0.8713858127593994,0.5493648052215576
YOR019W,YBR022W,0,0.7002868,0.13727030158042908,0.8713858127593994,0.5494648218154907
YGL078C,YDL098C,0,0.69797504,0.13724873960018158,0.8713858127593994,0.5495648980140686
YDR371W,YDR364C,0,0.69738156,0.13722719252109528,0.8713858127593994,0.5496649146080017
YML021C,YEL027W,0,0.6972558,0.13720564544200897,0.8713858127593994,0.5497649312019348
YER088C,YHL011C,0,0.6969185,0.13718411326408386,0.8713858127593994,0.5498649477958679
YJR058C,YCL048W,0,0.6968651,0.13716258108615875,0.8713858127593994,0.549964964389801
YOR009W,YPL061W,0,0.6967683,0.13714106380939484,0.8713858127593994,0.5500650405883789
YFR021W,YMR086W,0,0.69598943,0.13711954653263092,0.8713858127593994,0.550165057182312
YLR092W,YDR213W,0,0.6952018,0.1370980441570282,0.8713858127593994,0.5502650737762451
YBR016W,YDR160W,0,0.6951443,0.13707654178142548,0.8713858127593994,0.5503650903701782
YNL271C,YBR083W,1,0.69350386,0.1372118592262268,0.8723828792572021,0.5503650903701782
YEL002C,YMR055C,0,0.6934335,0.1371903419494629,0.8723828792572021,0.5504651665687561
YOL052C-A,YPL248C,0,0.69317913,0.13716883957386017,0.8723828792572021,0.5505651831626892
YBR012W-B,YGL222C,0,0.69312555,0.13714733719825745,0.8723828792572021,0.5506651997566223
YER114C,YOL139C,0,0.6926727,0.13712584972381592,0.8723828792572021,0.5507652163505554
YGR241C,YKR071C,0,0.6924581,0.1371043622493744,0.8723828792572021,0.5508652329444885
YHL026C,YDL028C,0,0.69238687,0.13708287477493286,0.8723828792572021,0.5509653091430664
YMR149W,YDR242W,0,0.692304,0.13706140220165253,0.8723828792572021,0.5510653257369995
YAL056W,YMR164C,1,0.6919061,0.13719655573368073,0.8733798861503601,0.5510653257369995
YIL155C,YDR062W,0,0.6915474,0.1371750682592392,0.8733798861503601,0.5511653423309326
YML032C,YDL039C,0,0.69148433,0.13715359568595886,0.8733798861503601,0.5512653589248657
YHR046C,YNL288W,0,0.6907184,0.13713212311267853,0.8733798861503601,0.5513654351234436
YNL131W,YHR028C,0,0.69032323,0.1371106654405594,0.8733798861503601,0.5514654517173767
YDR222W,YJR119C,0,0.68991804,0.13708920776844025,0.8733798861503601,0.5515654683113098
YKL119C,YNL243W,0,0.68919396,0.1370677500963211,0.8733798861503601,0.5516654849052429
YML104C,YOR349W,0,0.6889352,0.13704630732536316,0.8733798861503601,0.551765501499176
YIL006W,YDR367W,0,0.6887903,0.1370248645544052,0.8733798861503601,0.5518655776977539
YJR089W,YOL018C,0,0.6883324,0.13700343668460846,0.8733798861503601,0.551965594291687
YBL069W,YLR067C,0,0.6880706,0.1369820237159729,0.8733798861503601,0.5520656108856201
YLR301W,YBL069W,0,0.68806183,0.13696059584617615,0.8733798861503601,0.5521656274795532
YJR046W,YHR185C,0,0.68783885,0.1369391828775406,0.8733798861503601,0.5522657036781311
YNR035C,YKL186C,0,0.6873132,0.13691778481006622,0.8733798861503601,0.5523657202720642
YDR468C,YAL021C,0,0.6871307,0.13689638674259186,0.8733798861503601,0.5524657368659973
YDR285W,YNL176C,0,0.68685555,0.1368750035762787,0.8733798861503601,0.5525657534599304
YDR281C,YNL330C,0,0.6863207,0.13685362040996552,0.8733798861503601,0.5526657700538635
YOR211C,YOL082W,0,0.6862239,0.13683223724365234,0.8733798861503601,0.5527658462524414
YJR066W,YFR006W,0,0.68620676,0.13681086897850037,0.8733798861503601,0.5528658628463745
YPL043W,YMR051C,0,0.6860156,0.1367895007133484,0.8733798861503601,0.5529658794403076
YJL149W,YNL077W,0,0.6856616,0.1367681473493576,0.8733798861503601,0.5530658960342407
YMR184W,YGR080W,0,0.68544257,0.13674679398536682,0.8733798861503601,0.5531659722328186
YPR106W,YIL017W,0,0.68521416,0.13672545552253723,0.8733798861503601,0.5532659888267517
YGL171W,YIL018W,0,0.685154,0.13670411705970764,0.8733798861503601,0.5533660054206848
YLR313C,YAL056W,1,0.6850202,0.13683882355690002,0.8743768930435181,0.5533660054206848
YMR180C,YMR086W,0,0.6846753,0.13681747019290924,0.8743768930435181,0.5534660220146179
YKR099W,YJR052W,0,0.684663,0.13679613173007965,0.8743768930435181,0.5535660982131958
YDR499W,YPR026W,0,0.68465996,0.13677479326725006,0.8743768930435181,0.5536661148071289
YBR024W,YER120W,0,0.68424445,0.13675346970558167,0.8743768930435181,0.553766131401062
YOR236W,YAL044C,0,0.68340087,0.13673214614391327,0.8743768930435181,0.5538661479949951
YJL019W,YDL006W,0,0.68109226,0.13671083748340607,0.8743768930435181,0.5539661645889282
YFL036W,YOL078W,0,0.680462,0.13668952882289886,0.8743768930435181,0.5540662407875061
YLR309C,YAL015C,0,0.6804253,0.13666822016239166,0.8743768930435181,0.5541662573814392
YLL027W,YLR289W,0,0.68009937,0.13664692640304565,0.8743768930435181,0.5542662739753723
YDL247W,YML016C,0,0.6799801,0.13662564754486084,0.8743768930435181,0.5543662905693054
YKR030W,YDR201W,0,0.67944545,0.13660436868667603,0.8743768930435181,0.5544663667678833
YPL060W,YGR245C,0,0.6792269,0.1365830898284912,0.8743768930435181,0.5545663833618164
YDR105C,YBL100W-B,0,0.67841357,0.1365618258714676,0.8743768930435181,0.5546663999557495
YGR191W,YDR166C,0,0.6781639,0.13654056191444397,0.8743768930435181,0.5547664165496826
YFR034C,YER049W,0,0.6778823,0.13651929795742035,0.8743768930435181,0.5548664331436157
YBR198C,YCR010C,0,0.67741054,0.13649804890155792,0.8743768930435181,0.5549665093421936
YAL051W,YGL046W,0,0.67731667,0.1364768147468567,0.8743768930435181,0.5550665259361267
YDL109C,YGL194C,0,0.6767002,0.13645558059215546,0.8743768930435181,0.5551665425300598
YGR083C,YJR060W,0,0.67628944,0.13643434643745422,0.8743768930435181,0.5552665591239929
YDL129W,YGR143W,0,0.6760243,0.13641312718391418,0.8743768930435181,0.5553666353225708
YIL120W,YJL108C,0,0.6760079,0.13639190793037415,0.8743768930435181,0.5554666519165039
YHL008C,YGR044C,0,0.674887,0.1363707035779953,0.8743768930435181,0.555566668510437
YDL043C,YMR250W,0,0.6745062,0.13634949922561646,0.8743768930435181,0.5556666851043701
YFR018C,YPL223C,0,0.6740347,0.1363283097743988,0.8743768930435181,0.5557667016983032
YBR001C,YBR023C,0,0.67271495,0.13630712032318115,0.8743768930435181,0.5558667778968811
YGR177C,YNL191W,0,0.6718798,0.1362859308719635,0.8743768930435181,0.5559667944908142
YGL139W,YER071C,0,0.67134225,0.13626475632190704,0.8743768930435181,0.5560668110847473
YDR168W,YER033C,0,0.6711699,0.13624359667301178,0.8743768930435181,0.5561668276786804
YIL160C,YOR273C,0,0.67072,0.13622242212295532,0.8743768930435181,0.5562669038772583
YCR092C,YDL113C,0,0.67053586,0.13620127737522125,0.8743768930435181,0.5563669204711914
YOR388C,YOR290C,0,0.6699556,0.136180117726326,0.8743768930435181,0.5564669370651245
YIL130W,YLL011W,0,0.66963184,0.1361589878797531,0.8743768930435181,0.5565669536590576
YPR190C,YDR111C,0,0.66962105,0.13613784313201904,0.8743768930435181,0.5566670298576355
YDR444W,YDR363W-A,0,0.6696173,0.13611671328544617,0.8743768930435181,0.5567670464515686
YKR100C,YOR356W,0,0.6695879,0.13609559834003448,0.8743768930435181,0.5568670630455017
YKL015W,YDR320C-A,0,0.66910315,0.1360744833946228,0.8743768930435181,0.5569670796394348
YNL286W,YFR007W,0,0.6679194,0.13605336844921112,0.8743768930435181,0.5570670962333679
YNR070W,YHR132C,0,0.66784465,0.13603226840496063,0.8743768930435181,0.5571671724319458
YPL156C,YIL079C,0,0.6667863,0.13601116836071014,0.8743768930435181,0.5572671890258789
YLR175W,YPR155C,0,0.66575634,0.13599008321762085,0.8743768930435181,0.557367205619812
YER027C,YNL214W,0,0.66559076,0.13596899807453156,0.8743768930435181,0.5574672222137451
YDL170W,YNL180C,0,0.6650443,0.13594791293144226,0.8743768930435181,0.557567298412323
YDR148C,YGR142W,0,0.66488576,0.13592684268951416,0.8743768930435181,0.5576673150062561
YBR160W,YEL022W,0,0.6641655,0.13590578734874725,0.8743768930435181,0.5577673316001892
YDL091C,YLL062C,0,0.6632756,0.13588471710681915,0.8743768930435181,0.5578673481941223
YNL096C,YGL070C,0,0.66323847,0.13586367666721344,0.8743768930435181,0.5579673647880554
YJR127C,YMR224C,0,0.66240144,0.13584262132644653,0.8743768930435181,0.5580674409866333
YOR337W,YNR072W,0,0.66175866,0.13582159578800201,0.8743768930435181,0.5581674575805664
YGL147C,YGL089C,0,0.66074705,0.1358005553483963,0.8743768930435181,0.5582674741744995
YDR464W,YKL145W,0,0.66012657,0.13577952980995178,0.8743768930435181,0.5583674907684326
YPL060W,YBL100W-B,0,0.6590877,0.13575851917266846,0.8743768930435181,0.5584675669670105
YIL033C,YCR044C,0,0.6588896,0.13573750853538513,0.8743768930435181,0.5585675835609436
YMR290C,YOR301W,0,0.658746,0.1357164978981018,0.8743768930435181,0.5586676001548767
YBR237W,YKR071C,0,0.6585612,0.13569550216197968,0.8743768930435181,0.5587676167488098
YPL169C,YKL196C,0,0.6584045,0.13567450642585754,0.8743768930435181,0.5588676333427429
YLR327C,YHR106W,0,0.6577144,0.1356535255908966,0.8743768930435181,0.5589677095413208
YKR057W,YOR162C,0,0.6574423,0.13563254475593567,0.8743768930435181,0.5590677261352539
YPL150W,YDR235W,0,0.65699756,0.13561156392097473,0.8743768930435181,0.559167742729187
YNR013C,YNL127W,0,0.65666103,0.135590597987175,0.8743768930435181,0.5592677593231201
YIL155C,YJL052W,0,0.6558231,0.13556964695453644,0.8743768930435181,0.559367835521698
YBL092W,YLR429W,0,0.65554667,0.1355486810207367,0.8743768930435181,0.5594678521156311
YPR162C,YJR092W,0,0.65547717,0.13552774488925934,0.8743768930435181,0.5595678687095642
YDR432W,YNL138W,1,0.6551336,0.1356613039970398,0.875373899936676,0.5595678687095642
YKL015W,YER109C,0,0.6549367,0.13564035296440125,0.875373899936676,0.5596678853034973
YCR072C,YDL135C,0,0.65485126,0.1356194019317627,0.875373899936676,0.5597679018974304
YPL177C,YDR351W,0,0.65414995,0.13559845089912415,0.875373899936676,0.5598679780960083
YIL171W,YOR018W,0,0.65286624,0.1355775147676468,0.875373899936676,0.5599679946899414
YKL210W,YFL035C-B,0,0.65282714,0.13555657863616943,0.875373899936676,0.5600680112838745
YNL291C,YJR131W,0,0.6528011,0.13553565740585327,0.875373899936676,0.5601680278778076
YDR236C,YOL154W,0,0.652339,0.1355147361755371,0.875373899936676,0.5602681040763855
YGL190C,YKL166C,0,0.65178514,0.13549382984638214,0.875373899936676,0.5603681206703186
YLR096W,YMR050C,0,0.65111643,0.13547292351722717,0.875373899936676,0.5604681372642517
YOL061W,YNL176C,0,0.65100557,0.1354520171880722,0.875373899936676,0.5605681538581848
YDR082W,YDR315C,0,0.65081716,0.13543112576007843,0.875373899936676,0.5606682300567627
YHL011C,YIL018W,0,0.6505052,0.13541023433208466,0.875373899936676,0.5607682466506958
YML086C,YOL154W,0,0.6504606,0.13538935780525208,0.875373899936676,0.5608682632446289
YMR137C,YKR088C,0,0.65033215,0.1353684812784195,0.875373899936676,0.560968279838562
YER130C,YPR204W,0,0.64973,0.1353476196527481,0.875373899936676,0.5610682964324951
YGL113W,YCR092C,0,0.6495773,0.13532675802707672,0.875373899936676,0.561168372631073
YGL206C,YDR289C,0,0.64940894,0.13530589640140533,0.875373899936676,0.5612683892250061
YBR078W,YGL238W,0,0.6493089,0.13528504967689514,0.875373899936676,0.5613684058189392
YLR270W,YPL006W,0,0.64818317,0.13526421785354614,0.875373899936676,0.5614684224128723
YGL073W,YML031W,0,0.647812,0.13524337112903595,0.875373899936676,0.5615684986114502
YML054C,YCL060C,0,0.64765215,0.13522255420684814,0.875373899936676,0.5616685152053833
YGL195W,YMR061W,0,0.6475717,0.13520172238349915,0.875373899936676,0.5617685317993164
YDR432W,YDL035C,1,0.6474552,0.13533487915992737,0.876370906829834,0.5617685317993164
YDR306C,YLR068W,0,0.64741284,0.13531403243541718,0.876370906829834,0.5618685483932495
YLR396C,YPL151C,0,0.6458758,0.13529321551322937,0.876370906829834,0.5619685649871826
YLL017W,YLR239C,0,0.64569557,0.13527239859104156,0.876370906829834,0.5620686411857605
YBR283C,YOR338W,0,0.64494336,0.13525158166885376,0.876370906829834,0.5621686577796936
YPL200W,YML076C,0,0.64480466,0.13523076474666595,0.876370906829834,0.5622686743736267
YEL038W,YOL062C,0,0.64464784,0.13520996272563934,0.876370906829834,0.5623686909675598
YMR302C,YDR320C-A,0,0.64422196,0.13518917560577393,0.876370906829834,0.5624687671661377
YOR127W,YMR238W,1,0.64410335,0.13532215356826782,0.8773679137229919,0.5624687671661377
YDR148C,YJL045W,0,0.6440984,0.1353013515472412,0.8773679137229919,0.5625687837600708
YOR103C,YBL069W,0,0.643792,0.1352805495262146,0.8773679137229919,0.5626688003540039
YEL050C,YPL141C,0,0.6421156,0.13525976240634918,0.8773679137229919,0.562768816947937
YGR078C,YIL080W,0,0.6419257,0.13523897528648376,0.8773679137229919,0.5628688335418701
YMR164C,YAL041W,1,0.6410299,0.1353718489408493,0.8783649206161499,0.5628688335418701
YLL053C,YDL046W,0,0.6408018,0.1353510469198227,0.8783649206161499,0.562968909740448
YPL143W,YIL064W,0,0.640215,0.13533025979995728,0.8783649206161499,0.5630689263343811
YKL054C,YIL142W,0,0.63993824,0.13530947268009186,0.8783649206161499,0.5631689429283142
YNL240C,YML120C,0,0.63987553,0.13528870046138763,0.8783649206161499,0.5632689595222473
YPL131W,YDL111C,0,0.6397381,0.1352679282426834,0.8783649206161499,0.5633690357208252
YER014C-A,YDL084W,0,0.6392517,0.1352471560239792,0.8783649206161499,0.5634690523147583
YBR287W,YOR090C,0,0.63919747,0.13522639870643616,0.8783649206161499,0.5635690689086914
YPL180W,YKL201C,0,0.63910943,0.13520564138889313,0.8783649206161499,0.5636690855026245
YDR115W,YDL047W,0,0.63844323,0.1351848989725113,0.8783649206161499,0.5637691020965576
YOR194C,YOR002W,0,0.6380281,0.13516415655612946,0.8783649206161499,0.5638691782951355
YNL031C,YGL186C,0,0.63783455,0.1351434290409088,0.8783649206161499,0.5639691948890686
YLR163C,YPL033C,0,0.637524,0.13512270152568817,0.8783649206161499,0.5640692114830017
YHR147C,YGR024C,0,0.6373085,0.13510197401046753,0.8783649206161499,0.5641692280769348
YJL129C,YGR189C,0,0.6371069,0.13508126139640808,0.8783649206161499,0.5642693042755127
YNL298W,YER108C,1,0.6370036,0.13521385192871094,0.8793619275093079,0.5642693042755127
YIL128W,YMR005W,0,0.6368507,0.1351931393146515,0.8793619275093079,0.5643693208694458
YPL253C,YPL115C,0,0.63561976,0.13517241179943085,0.8793619275093079,0.5644693374633789
YMR043W,YOL059W,0,0.6354501,0.1351516991853714,0.8793619275093079,0.564569354057312
YIL106W,YLR438C-A,0,0.6350936,0.13513100147247314,0.8793619275093079,0.5646694302558899
YEL059C-A,YJR010W,0,0.6343961,0.1351102888584137,0.8793619275093079,0.564769446849823
YLR324W,YLR370C,0,0.6338068,0.13508960604667664,0.8793619275093079,0.5648694634437561
YOR222W,YBL100W-B,0,0.6327683,0.13506890833377838,0.8793619275093079,0.5649694800376892
YGL189C,YDR353W,0,0.632669,0.13504822552204132,0.8793619275093079,0.5650694966316223
YDR347W,YCL051W,0,0.63236827,0.13502755761146545,0.8793619275093079,0.5651695728302002
YBR115C,YHR008C,0,0.63113105,0.1350068897008896,0.8793619275093079,0.5652695894241333
YGR235C,YHR060W,0,0.63054603,0.13498622179031372,0.8793619275093079,0.5653696060180664
YCR055C,YHR037W,0,0.630353,0.13496556878089905,0.8793619275093079,0.5654696226119995
YFR040W,YBR164C,0,0.6301749,0.13494491577148438,0.8793619275093079,0.5655696988105774
YFR019W,YPL100W,0,0.6293565,0.1349242776632309,0.8793619275093079,0.5656697154045105
YLR259C,YFR045W,0,0.62933093,0.13490363955497742,0.8793619275093079,0.5657697319984436
YDR397C,YNL268W,0,0.62890506,0.13488301634788513,0.8793619275093079,0.5658697485923767
YML048W,YCL067C,0,0.6284457,0.13486237823963165,0.8793619275093079,0.5659697651863098
YML009C,YPR163C,0,0.62752444,0.13484176993370056,0.8793619275093079,0.5660698413848877
YNL121C,YDR364C,0,0.6270766,0.13482116162776947,0.8793619275093079,0.5661698579788208
YFR024C,YMR261C,0,0.6255957,0.13480055332183838,0.8793619275093079,0.5662698745727539
YDR265W,YNR030W,0,0.62447,0.1347799450159073,0.8793619275093079,0.566369891166687
YKL017C,YKL173W,0,0.6242408,0.1347593516111374,0.8793619275093079,0.5664699673652649
YLR266C,YDR363W-A,0,0.622577,0.1347387731075287,0.8793619275093079,0.566569983959198
YGR001C,YAL059W,0,0.6225304,0.13471819460391998,0.8793619275093079,0.5666700005531311
YLR263W,YAR042W,0,0.6206789,0.13469761610031128,0.8793619275093079,0.5667700171470642
YGL026C,YHL035C,0,0.6204346,0.13467705249786377,0.8793619275093079,0.5668700337409973
YNL008C,YPL113C,0,0.62033,0.13465648889541626,0.8793619275093079,0.5669701099395752
YER017C,YGL083W,0,0.6198813,0.13463594019412994,0.8793619275093079,0.5670701265335083
YPL010W,YMR183C,0,0.61957014,0.13461539149284363,0.8793619275093079,0.5671701431274414
YPR072W,YLR005W,0,0.61951333,0.1345948427915573,0.8793619275093079,0.5672701597213745
YOR193W,YGL116W,0,0.6193933,0.1345743089914322,0.8793619275093079,0.5673702359199524
YFR052W,YMR033W,0,0.61934096,0.13455377519130707,0.8793619275093079,0.5674702525138855
YIL008W,YGL209W,0,0.618804,0.13453325629234314,0.8793619275093079,0.5675702691078186
YDR527W,YCR021C,0,0.6187799,0.1345127373933792,0.8793619275093079,0.5676702857017517
YDL164C,YOR195W,0,0.61832416,0.13449221849441528,0.8793619275093079,0.5677703022956848
YNL055C,YAL059W,0,0.6182164,0.13447171449661255,0.8793619275093079,0.5678703784942627
YGL128C,YDL146W,0,0.6181181,0.134451225399971,0.8793619275093079,0.5679703950881958
YPL011C,YOR292C,0,0.6171062,0.13443072140216827,0.8793619275093079,0.5680704116821289
YBL060W,YOR066W,0,0.6169777,0.13441024720668793,0.8793619275093079,0.568170428276062
YLR448W,YHR020W,0,0.61693776,0.1343897581100464,0.8793619275093079,0.5682705044746399
YLR363C,YGR268C,0,0.61645,0.13436928391456604,0.8793619275093079,0.568370521068573
YDR472W,YHR035W,0,0.61601585,0.1343488246202469,0.8793619275093079,0.5684705376625061
YDL129W,YNL146W,0,0.6159409,0.13432836532592773,0.8793619275093079,0.5685705542564392
YKR027W,YLR234W,0,0.61464494,0.13430790603160858,0.8793619275093079,0.5686706304550171
YKL149C,YDL148C,0,0.614049,0.13428746163845062,0.8793619275093079,0.5687706470489502
YCL060C,YDR229W,0,0.6124013,0.13426701724529266,0.8793619275093079,0.5688706636428833
YNL218W,YMR004W,0,0.6120074,0.1342465728521347,0.8793619275093079,0.5689706802368164
YNL110C,YIL076W,0,0.6119857,0.13422614336013794,0.8793619275093079,0.5690706968307495
YJL128C,YMR240C,0,0.6119413,0.13420571386814117,0.8793619275093079,0.5691707730293274
YFR049W,YER055C,0,0.6115626,0.1341852992773056,0.8793619275093079,0.5692707896232605
YJR123W,YNL181W,0,0.6103692,0.13416488468647003,0.8793619275093079,0.5693708062171936
YGR262C,YBR046C,0,0.61026996,0.13414448499679565,0.8793619275093079,0.5694708228111267
YHR190W,YHR039C-A,0,0.61010027,0.13412408530712128,0.8793619275093079,0.5695708990097046
YBL075C,YLR363C,0,0.61001635,0.1341037005186081,0.8793619275093079,0.5696709156036377
YMR229C,YDR456W,0,0.60996526,0.13408330082893372,0.8793619275093079,0.5697709321975708
YOR067C,YDL065C,0,0.6097169,0.13406293094158173,0.8793619275093079,0.5698709487915039
YJR066W,YLR427W,0,0.6096102,0.13404254615306854,0.8793619275093079,0.569970965385437
YEL002C,YPR182W,0,0.60926443,0.13402219116687775,0.8793619275093079,0.5700710415840149
YFL025C,YLR409C,0,0.60864186,0.13400182127952576,0.8793619275093079,0.570171058177948
YGR047C,YBL100W-B,0,0.60680246,0.13398146629333496,0.8793619275093079,0.5702710747718811
YPR096C,YJL078C,0,0.6067947,0.13396111130714417,0.8793619275093079,0.5703710913658142
YER095W,YDR482C,0,0.60637057,0.13394077122211456,0.8793619275093079,0.5704711675643921
YKR077W,YCL025C,0,0.6063529,0.13392043113708496,0.8793619275093079,0.5705711841583252
YCR058C,YLR337C,0,0.6062777,0.13390010595321655,0.8793619275093079,0.5706712007522583
YDR056C,YHL044W,0,0.60532856,0.13387978076934814,0.8793619275093079,0.5707712173461914
YBL056W,YCL003W,0,0.60398877,0.13385945558547974,0.8793619275093079,0.5708712339401245
YHR082C,YBR294W,0,0.60380423,0.13383914530277252,0.8793619275093079,0.5709713101387024
YDR310C,YOR132W,0,0.60337,0.1338188499212265,0.8793619275093079,0.5710713267326355
YDL206W,YBL022C,0,0.60302204,0.1337985396385193,0.8793619275093079,0.5711713433265686
YNR070W,YNL328C,0,0.60236037,0.13377824425697327,0.8793619275093079,0.5712713599205017
YHR164C,YDR301W,0,0.60203785,0.13375796377658844,0.8793619275093079,0.5713714361190796
YBL078C,YDL211C,0,0.6016349,0.1337376832962036,0.8793619275093079,0.5714714527130127
YGR171C,YOR162C,0,0.6013086,0.1337174028158188,0.8793619275093079,0.5715714693069458
YGR026W,YOR252W,0,0.60110086,0.13369713723659515,0.8793619275093079,0.5716714859008789
YBL058W,YDL111C,0,0.60067165,0.13367687165737152,0.8793619275093079,0.571771502494812
YNL138W,YPL110C,0,0.599821,0.13365662097930908,0.8793619275093079,0.5718715786933899
YHR204W,YBL028C,0,0.5992189,0.13363637030124664,0.8793619275093079,0.571971595287323
YPL110C,YMR025W,0,0.5992054,0.1336161196231842,0.8793619275093079,0.5720716118812561
YPL127C,YER114C,0,0.59871775,0.13359588384628296,0.8793619275093079,0.5721716284751892
YDR415C,YDR268W,0,0.59844893,0.1335756480693817,0.8793619275093079,0.5722717046737671
YJL117W,YLR248W,0,0.5980318,0.13355542719364166,0.8793619275093079,0.5723717212677002
YPR100W,YMR054W,0,0.5978326,0.1335352063179016,0.8793619275093079,0.5724717378616333
YGL128C,YPL172C,0,0.5975847,0.13351498544216156,0.8793619275093079,0.5725717544555664
YDR080W,YPL274W,0,0.5975597,0.1334947794675827,0.8793619275093079,0.5726718306541443
YHR135C,YBR091C,0,0.5974806,0.13347457349300385,0.8793619275093079,0.5727718472480774
YLR283W,YOL045W,0,0.5969676,0.13345438241958618,0.8793619275093079,0.5728718638420105
YGR058W,YBR245C,0,0.5966506,0.13343419134616852,0.8793619275093079,0.5729718804359436
YIL030C,YJR048W,0,0.59511757,0.13341400027275085,0.8793619275093079,0.5730718970298767
YFR014C,YDL137W,0,0.59494853,0.13339382410049438,0.8793619275093079,0.5731719732284546
YLR291C,YDL082W,0,0.59380126,0.1333736628293991,0.8793619275093079,0.5732719898223877
YOL043C,YHR206W,0,0.59378695,0.13335348665714264,0.8793619275093079,0.5733720064163208
YLR466W,YJL141C,0,0.59360975,0.13333334028720856,0.8793619275093079,0.5734720230102539
YNL138W-A,YIR032C,0,0.593158,0.13331317901611328,0.8793619275093079,0.5735720992088318
YDL018C,YPL189C-A,0,0.59290767,0.1332930326461792,0.8793619275093079,0.5736721158027649
YDR435C,YDR288W,0,0.5928069,0.13327288627624512,0.8793619275093079,0.573772132396698
YHR035W,YDL140C,0,0.59266204,0.13325275480747223,0.8793619275093079,0.5738721489906311
YBR123C,YNL267W,0,0.59259796,0.13323262333869934,0.8793619275093079,0.5739721655845642
YDR011W,YNL059C,0,0.5910485,0.13321250677108765,0.8793619275093079,0.5740722417831421
YAR002C-A,YNL192W,0,0.59078133,0.13319239020347595,0.8793619275093079,0.5741722583770752
YPL202C,YJL110C,0,0.5906254,0.13317227363586426,0.8793619275093079,0.5742722749710083
YLR413W,YKL052C,0,0.59007084,0.13315217196941376,0.8793619275093079,0.5743722915649414
YIL039W,YHR161C,0,0.5897252,0.13313207030296326,0.8793619275093079,0.5744723677635193
YBR240C,YNL059C,0,0.58897626,0.13311198353767395,0.8793619275093079,0.5745723843574524
YPL154C,YLR019W,0,0.58873117,0.13309189677238464,0.8793619275093079,0.5746724009513855
YBL034C,YKL045W,0,0.58856994,0.13307181000709534,0.8793619275093079,0.5747724175453186
YML032C,YIR037W,0,0.587895,0.13305173814296722,0.8793619275093079,0.5748724341392517
YDR046C,YOL072W,0,0.587638,0.1330316811800003,0.8793619275093079,0.5749725103378296
YDR118W,YHR205W,0,0.5867979,0.1330116093158722,0.8793619275093079,0.5750725269317627
YLR266C,YHR025W,0,0.58665323,0.13299155235290527,0.8793619275093079,0.5751725435256958
YML133C,YDR498C,0,0.5864687,0.13297151029109955,0.8793619275093079,0.5752725601196289
YGR106C,YDR424C,0,0.58534205,0.13295146822929382,0.8793619275093079,0.5753726363182068
YDL072C,YGR217W,0,0.5850496,0.1329314261674881,0.8793619275093079,0.5754726529121399
YDR281C,YPR071W,0,0.58502126,0.13291139900684357,0.8793619275093079,0.575572669506073
YLR103C,YLR391W,0,0.58498436,0.13289137184619904,0.8793619275093079,0.5756726861000061
YPL068C,YPL253C,0,0.5848459,0.1328713446855545,0.8793619275093079,0.5757727026939392
YLR092W,YDR363W-A,0,0.5848337,0.13285133242607117,0.8793619275093079,0.5758727788925171
YBR054W,YOR018W,0,0.5841949,0.13283132016658783,0.8793619275093079,0.5759727954864502
YER082C,YLR414C,0,0.58379036,0.13281132280826569,0.8793619275093079,0.5760728120803833
YDL202W,YBL085W,0,0.58337575,0.13279132544994354,0.8793619275093079,0.5761728286743164
YHL006C,YBR100W,0,0.58196735,0.1327713429927826,0.8793619275093079,0.5762729048728943
YDR276C,YDR082W,0,0.5817739,0.13275136053562164,0.8793619275093079,0.5763729214668274
YKL175W,YPL150W,0,0.58162457,0.1327313780784607,0.8793619275093079,0.5764729380607605
YOL023W,YGR175C,0,0.58144236,0.13271141052246094,0.8793619275093079,0.5765729546546936
YKL141W,YER052C,0,0.5812095,0.13269144296646118,0.8793619275093079,0.5766730308532715
YLR312C-B,YCR093W,1,0.5807197,0.13282190263271332,0.8803589344024658,0.5766730308532715
YJR021C,YMR139W,0,0.58027995,0.13280192017555237,0.8803589344024658,0.5767730474472046
YBR237W,YNL038W,0,0.58020216,0.1327819526195526,0.8803589344024658,0.5768730640411377
YGL212W,YOR378W,0,0.5788924,0.13276198506355286,0.8803589344024658,0.5769730806350708
YDR092W,YPR016C,0,0.5785631,0.1327420324087143,0.8803589344024658,0.5770730972290039
YNR019W,YOR054C,0,0.57813853,0.13272207975387573,0.8803589344024658,0.5771731734275818
YNL188W,YCR052W,0,0.57745504,0.13270212709903717,0.8803589344024658,0.5772731900215149
YDR430C,YDR036C,0,0.5755336,0.1326821893453598,0.8803589344024658,0.577373206615448
YOR297C,YGL006W,0,0.5746958,0.13266226649284363,0.8803589344024658,0.5774732232093811
YGL196W,YIL052C,0,0.57425964,0.13264232873916626,0.8803589344024658,0.577573299407959
YBR272C,YDR242W,0,0.57305753,0.13262240588665009,0.8803589344024658,0.5776733160018921
YKL129C,YLR193C,0,0.57214737,0.1326024979352951,0.8803589344024658,0.5777733325958252
YJL057C,YOL132W,0,0.57186997,0.13258258998394012,0.8803589344024658,0.5778733491897583
YER031C,YIL147C,0,0.5716228,0.13256268203258514,0.8803589344024658,0.5779733657836914
YPL148C,YBL091C,0,0.57065445,0.13254277408123016,0.8803589344024658,0.5780734419822693
YDR398W,YNL065W,0,0.57022166,0.13252288103103638,0.8803589344024658,0.5781734585762024
YPR161C,YBL035C,0,0.56972635,0.13250300288200378,0.8803589344024658,0.5782734751701355
YOR320C,YLR370C,0,0.56900495,0.1324831247329712,0.8803589344024658,0.5783734917640686
YIL064W,YPL172C,0,0.5680581,0.1324632465839386,0.8803589344024658,0.5784735679626465
YGL256W,YNL077W,0,0.5666326,0.1324433833360672,0.8803589344024658,0.5785735845565796
YOR090C,YBR087W,0,0.5650816,0.1324235200881958,0.8803589344024658,0.5786736011505127
YGR009C,YMR204C,0,0.5645497,0.1324036568403244,0.8803589344024658,0.5787736177444458
YIL046W,YAR018C,0,0.5641543,0.1323838084936142,0.8803589344024658,0.5788736343383789
YAL051W,YDL208W,0,0.5641443,0.132363960146904,0.8803589344024658,0.5789737105369568
YER140W,YKL007W,0,0.5640107,0.13234412670135498,0.8803589344024658,0.5790737271308899
YMR019W,YPL110C,0,0.5636122,0.13232429325580597,0.8803589344024658,0.579173743724823
YIL131C,YER149C,1,0.5628864,0.1324543058872223,0.8813559412956238,0.579173743724823
YLR362W,YCR038C,1,0.5628831,0.13258427381515503,0.8823529481887817,0.579173743724823
YOR009W,YPL204W,0,0.5627826,0.13256441056728363,0.8823529481887817,0.5792737603187561
YKR055W,YMR048W,0,0.56218874,0.13254456222057343,0.8823529481887817,0.579373836517334
YLL053C,YMR233W,0,0.5617786,0.13252471387386322,0.8823529481887817,0.5794738531112671
YDR011W,YGR159C,0,0.56174004,0.13250486552715302,0.8823529481887817,0.5795738697052002
YFR040W,YER133W,0,0.56131876,0.132485032081604,0.8823529481887817,0.5796738862991333
YOL098C,YPR198W,0,0.5611193,0.132465198636055,0.8823529481887817,0.5797739028930664
YMR034C,YGL241W,0,0.5610342,0.13244538009166718,0.8823529481887817,0.5798739790916443
YDR326C,YKR035W-A,0,0.56096995,0.13242556154727936,0.8823529481887817,0.5799739956855774
YMR055C,YMR262W,0,0.560647,0.13240574300289154,0.8823529481887817,0.5800740122795105
YPR178W,YLR357W,0,0.5604478,0.13238593935966492,0.8823529481887817,0.5801740288734436
YJR055W,YJL046W,0,0.55987614,0.1323661357164383,0.8823529481887817,0.5802741050720215
YLR295C,YLR446W,0,0.5598438,0.13234634697437286,0.8823529481887817,0.5803741216659546
YNL048W,YCR030C,0,0.5589569,0.13232655823230743,0.8823529481887817,0.5804741382598877
YDR189W,YPL209C,0,0.55878156,0.132306769490242,0.8823529481887817,0.5805741548538208
YHR009C,YKR030W,0,0.5582148,0.13228699564933777,0.8823529481887817,0.5806742310523987
YLR067C,YOR065W,0,0.5581671,0.13226722180843353,0.8823529481887817,0.5807742476463318
YDR468C,YJR022W,0,0.5571466,0.1322474628686905,0.8823529481887817,0.5808742642402649
YML099C,YKL016C,0,0.55653703,0.13222770392894745,0.8823529481887817,0.580974280834198
YDR043C,YKL048C,1,0.55553967,0.13235732913017273,0.8833499550819397,0.580974280834198
YFL035C,YJR010W,0,0.5552937,0.1323375701904297,0.8833499550819397,0.5810742974281311
YLR466W,YDL209C,0,0.553673,0.13231779634952545,0.8833499550819397,0.581174373626709
YNR018W,YNL133C,0,0.5535867,0.1322980374097824,0.8833499550819397,0.5812743902206421
YER072W,YLR075W,0,0.5526483,0.13227829337120056,0.8833499550819397,0.5813744068145752
YJL171C,YER151C,0,0.5524164,0.1322585493326187,0.8833499550819397,0.5814744234085083
YDR499W,YCL005W-A,0,0.55195105,0.13223880529403687,0.8833499550819397,0.5815744996070862
YLL061W,YAR010C,0,0.55165166,0.1322190761566162,0.8833499550819397,0.5816745162010193
YBL005W-B,YJR054W,0,0.55038714,0.13219934701919556,0.8833499550819397,0.5817745327949524
YJL112W,YPL149W,0,0.5498537,0.1321796178817749,0.8833499550819397,0.5818745493888855
YFR050C,YFR045W,0,0.5497454,0.13215990364551544,0.8833499550819397,0.5819745659828186
YCR075C,YLR187W,0,0.5489956,0.13214018940925598,0.8833499550819397,0.5820746421813965
YCL047C,YPL096W,0,0.5489487,0.13212049007415771,0.8833499550819397,0.5821746587753296
YPL068C,YNR072W,0,0.54883647,0.13210079073905945,0.8833499550819397,0.5822746753692627
YLR038C,YBL075C,0,0.54843724,0.13208109140396118,0.8833499550819397,0.5823746919631958
YDL091C,YAR019C,0,0.548298,0.1320614069700241,0.8833499550819397,0.5824747681617737
YBR006W,YMR139W,0,0.5482339,0.13204172253608704,0.8833499550819397,0.5825747847557068
YOL158C,YDL154W,0,0.548064,0.13202205300331116,0.8833499550819397,0.5826748013496399
YOL065C,YNL288W,0,0.5478046,0.13200238347053528,0.8833499550819397,0.582774817943573
YNL194C,YJL089W,0,0.54753715,0.1319827139377594,0.8833499550819397,0.5828748345375061
YER108C,YAL056W,1,0.54715556,0.13211201131343842,0.8843469619750977,0.5828748345375061
YIR012W,YKL002W,0,0.54668313,0.13209232687950134,0.8843469619750977,0.582974910736084
YMR075W,YOL129W,0,0.54663575,0.13207265734672546,0.8843469619750977,0.5830749273300171
YGR037C,YDL117W,0,0.54613423,0.13205300271511078,0.8843469619750977,0.5831749439239502
YOR030W,YMR316W,1,0.5458708,0.13218219578266144,0.8853439688682556,0.5831749439239502
YDR176W,YDR253C,0,0.5451949,0.13216252624988556,0.8853439688682556,0.5832749605178833
YER178W,YCL052C,0,0.544874,0.13214285671710968,0.8853439688682556,0.5833750367164612
YHR031C,YDL245C,0,0.544701,0.132123202085495,0.8853439688682556,0.5834750533103943
YNR037C,YDR109C,0,0.544641,0.1321035474538803,0.8853439688682556,0.5835750699043274
YOL009C,YNL191W,0,0.5444308,0.13208389282226562,0.8853439688682556,0.5836750864982605
YNL096C,YBR012W-B,0,0.5441607,0.13206425309181213,0.8853439688682556,0.5837751030921936
YPL189C-A,YDL220C,0,0.5434447,0.13204461336135864,0.8853439688682556,0.5838751792907715
YDR384C,YGR017W,0,0.54291105,0.13202497363090515,0.8853439688682556,0.5839751958847046
YBL080C,YOR078W,0,0.5427754,0.13200534880161285,0.8853439688682556,0.5840752124786377
YMR289W,YMR180C,0,0.5427519,0.13198572397232056,0.8853439688682556,0.5841752290725708
YNL213C,YPR036W,0,0.5426009,0.13196611404418945,0.8853439688682556,0.5842753052711487
YFL017W-A,YJR009C,0,0.54250646,0.13194650411605835,0.8853439688682556,0.5843753218650818
YMR262W,YDL119C,0,0.54243004,0.13192690908908844,0.8853439688682556,0.5844753384590149
YOL061W,YJR045C,0,0.5418359,0.13190731406211853,0.8853439688682556,0.584575355052948
YDR022C,YPR071W,0,0.54132783,0.13188771903514862,0.8853439688682556,0.5846754312515259
YDR343C,YFR045W,0,0.5408119,0.1318681389093399,0.8853439688682556,0.584775447845459
YGL067W,YOR304C-A,0,0.5405145,0.1318485587835312,0.8853439688682556,0.5848754644393921
YJL186W,YGL155W,0,0.5404708,0.13182897865772247,0.8853439688682556,0.5849754810333252
YLR450W,YBR218C,0,0.5403444,0.13180941343307495,0.8853439688682556,0.5850754976272583
YPR128C,YMR090W,0,0.5395317,0.13178984820842743,0.8853439688682556,0.5851755738258362
YKL182W,YLL067C,0,0.5391131,0.1317702978849411,0.8853439688682556,0.5852755904197693
YHR090C,YBR002C,0,0.539053,0.13175074756145477,0.8853439688682556,0.5853756070137024
YDL225W,YDR280W,0,0.5384877,0.13173119723796844,0.8853439688682556,0.5854756236076355
YGL116W,YKL039W,0,0.53813154,0.1317116618156433,0.8853439688682556,0.5855756998062134
YPL097W,YOR228C,0,0.5372062,0.13169212639331818,0.8853439688682556,0.5856757164001465
YDR288W,YLR068W,0,0.53685236,0.13167259097099304,0.8853439688682556,0.5857757329940796
YJR104C,YNL284C,0,0.53641844,0.1316530704498291,0.8853439688682556,0.5858757495880127
YDR043C,YDR099W,1,0.5362941,0.13178180158138275,0.8863409757614136,0.5858757495880127
YLR213C,YDL038C,0,0.5352904,0.13176226615905762,0.8863409757614136,0.5859757661819458
YOR359W,YDL134C-A,0,0.5347625,0.13174274563789368,0.8863409757614136,0.5860758423805237
YFR025C,YNL189W,0,0.5340644,0.13172322511672974,0.8863409757614136,0.5861758589744568
YPR134W,YOR027W,0,0.5339757,0.1317037045955658,0.8863409757614136,0.5862758755683899
YLR312C-B,YBR081C,0,0.53392744,0.13168419897556305,0.8863409757614136,0.586375892162323
YOR201C,YDR379W,0,0.53357923,0.1316646933555603,0.8863409757614136,0.5864759683609009
YER099C,YLR129W,0,0.53343976,0.13164518773555756,0.8863409757614136,0.586575984954834
YLR283W,YIR023W,0,0.53275657,0.131625697016716,0.8863409757614136,0.5866760015487671
YDR379W,YER108C,1,0.5326265,0.13175424933433533,0.8873379826545715,0.5866760015487671
YNL322C,YNR004W,0,0.53219014,0.13173475861549377,0.8873379826545715,0.5867760181427002
YDL056W,YDL137W,0,0.5316602,0.13171525299549103,0.8873379826545715,0.5868760347366333
YDR434W,YGR112W,0,0.53020895,0.13169576227664948,0.8873379826545715,0.5869761109352112
YNR011C,YER108C,0,0.5301744,0.13167628645896912,0.8873379826545715,0.5870761275291443
YCL075W,YBR121C,0,0.5297054,0.13165681064128876,0.8873379826545715,0.5871761441230774
YIL008W,YPL183C,0,0.52870345,0.1316373348236084,0.8873379826545715,0.5872761607170105
YDR007W,YAL068C,0,0.5285408,0.13161785900592804,0.8873379826545715,0.5873762369155884
YBR067C,YKL003C,0,0.52843773,0.13159839808940887,0.8873379826545715,0.5874762535095215
YKL061W,YJL035C,0,0.5280688,0.1315789520740509,0.8873379826545715,0.5875762701034546
YMR321C,YGL094C,0,0.52794576,0.13155949115753174,0.8873379826545715,0.5876762866973877
YDR350C,YNR001C,0,0.5275092,0.13154006004333496,0.8873379826545715,0.5877763032913208
YBL020W,YGR017W,0,0.52708316,0.131520614027977,0.8873379826545715,0.5878763794898987
YBR083W,YLL021W,1,0.52663326,0.1316489428281784,0.8883349895477295,0.5878763794898987
YOL086W-A,YPL183C,0,0.5261929,0.13162948191165924,0.8883349895477295,0.5879763960838318
YBR162W-A,YNL288W,0,0.5261706,0.13161005079746246,0.8883349895477295,0.5880764126777649
YAR027W,YBR141C,0,0.5259679,0.1315906047821045,0.8883349895477295,0.588176429271698
YFR050C,YMR118C,0,0.52413595,0.13157117366790771,0.8883349895477295,0.5882765054702759
YHR143W,YLR229C,1,0.5237905,0.13169939815998077,0.8893319964408875,0.5882765054702759
YGL244W,YLR009W,0,0.52220786,0.1316799521446228,0.8893319964408875,0.588376522064209
YNR006W,YOR298W,0,0.5215306,0.13166052103042603,0.8893319964408875,0.5884765386581421
YPL173W,YCL027W,0,0.5208981,0.13164108991622925,0.8893319964408875,0.5885765552520752
YOR001W,YMR050C,0,0.5205621,0.13162165880203247,0.8893319964408875,0.5886766314506531
YOR126C,YBR016W,0,0.52032346,0.1316022425889969,0.8893319964408875,0.5887766480445862
YOR069W,YLR391W,0,0.5203046,0.1315828263759613,0.8893319964408875,0.5888766646385193
YML039W,YDL082W,0,0.5199647,0.13156342506408691,0.8893319964408875,0.5889766812324524
YLR288C,YCL031C,0,0.5199045,0.13154402375221252,0.8893319964408875,0.5890766978263855
YPR097W,YLR263W,0,0.5186009,0.13152462244033813,0.8893319964408875,0.5891767740249634
YDR329C,YHR025W,0,0.5184684,0.13150523602962494,0.8893319964408875,0.5892767906188965
YGR007W,YPR196W,0,0.5182945,0.13148584961891174,0.8893319964408875,0.5893768072128296
YGR254W,YNL016W,0,0.517071,0.13146646320819855,0.8893319964408875,0.5894768238067627
YKL179C,YER133W,0,0.5166553,0.13144709169864655,0.8893319964408875,0.5895769000053406
YER090W,YCL017C,0,0.51611495,0.13142773509025574,0.8893319964408875,0.5896769165992737
YCL035C,YOR351C,0,0.51599705,0.13140836358070374,0.8893319964408875,0.5897769331932068
YNL206C,YHL004W,0,0.51451725,0.13138900697231293,0.8893319964408875,0.5898769497871399
YMR020W,YDR313C,0,0.5142759,0.1313696652650833,0.8893319964408875,0.589976966381073
YHR035W,YEL070W,0,0.51415014,0.1313503235578537,0.8893319964408875,0.5900770425796509
YML099C,YCR107W,0,0.513173,0.13133098185062408,0.8893319964408875,0.590177059173584
YLR373C,YBR109C,0,0.5123391,0.13131164014339447,0.8893319964408875,0.5902770757675171
YDR296W,YBR172C,0,0.511974,0.13129231333732605,0.8893319964408875,0.5903770923614502
YBL057C,YDR390C,0,0.51169395,0.13127300143241882,0.8893319964408875,0.5904771685600281
YJR158W,YOR310C,0,0.5112909,0.1312536746263504,0.8893319964408875,0.5905771851539612
YML039W,YDR213W,0,0.51123554,0.13123436272144318,0.8893319964408875,0.5906772017478943
YKL100C,YOL158C,0,0.5108766,0.13121506571769714,0.8893319964408875,0.5907772183418274
YOR043W,YOR346W,0,0.51082456,0.1311957687139511,0.8893319964408875,0.5908772349357605
YDR368W,YCR028C,0,0.51078236,0.13117647171020508,0.8893319964408875,0.5909773111343384
YAL068C,YDR262W,0,0.5093739,0.13115718960762024,0.8893319964408875,0.5910773277282715
YOL051W,YDR453C,0,0.5093271,0.1311379075050354,0.8893319964408875,0.5911773443222046
YEL027W,YGL147C,0,0.50918216,0.13111862540245056,0.8893319964408875,0.5912773609161377
YNL175C,YNL024C,0,0.50799394,0.13109935820102692,0.8893319964408875,0.5913774371147156
YDL075W,YOR275C,0,0.50743526,0.13108009099960327,0.8893319964408875,0.5914774537086487
YJR004C,YGR046W,0,0.5062157,0.13106082379817963,0.8893319964408875,0.5915774703025818
YLR391W-A,YHR005C,0,0.506017,0.13104157149791718,0.8893319964408875,0.5916774868965149
YCL057C-A,YER176W,0,0.50481224,0.13102233409881592,0.8893319964408875,0.591777503490448
YOR019W,YMR298W,0,0.5046924,0.13100308179855347,0.8893319964408875,0.5918775796890259
YER072W,YBL010C,0,0.50439113,0.1309838443994522,0.8893319964408875,0.591977596282959
YER045C,YOR026W,0,0.5040776,0.13096462190151215,0.8893319964408875,0.5920776128768921
YNR059W,YNL274C,0,0.50389975,0.1309453845024109,0.8893319964408875,0.5921776294708252
YOL098C,YMR292W,0,0.50295013,0.13092617690563202,0.8893319964408875,0.5922777056694031
YOR087W,YAL063C,0,0.501809,0.13090695440769196,0.8893319964408875,0.5923777222633362
YOR046C,YGR171C,0,0.5013182,0.13088774681091309,0.8893319964408875,0.5924777388572693
YPR100W,YJR057W,0,0.501008,0.13086853921413422,0.8893319964408875,0.5925777554512024
YBR295W,YBR075W,0,0.5009337,0.13084934651851654,0.8893319964408875,0.5926778316497803
YER161C,YNL280C,0,0.5008855,0.13083015382289886,0.8893319964408875,0.5927778482437134
YNL045W,YLR304C,0,0.500491,0.13081097602844238,0.8893319964408875,0.5928778648376465
YOL077C,YHR041C,0,0.5004506,0.1307917833328247,0.8893319964408875,0.5929778814315796
YPR143W,YFR038W,0,0.50034595,0.13077262043952942,0.8893319964408875,0.5930778980255127
YJL171C,YLR386W,0,0.49971214,0.13075344264507294,0.8893319964408875,0.5931779742240906
YKR095W-A,YPL018W,0,0.49871984,0.13073427975177765,0.8893319964408875,0.5932779908180237
YOL042W,YKR071C,0,0.49871206,0.13071511685848236,0.8893319964408875,0.5933780074119568
YGL090W,YBL007C,0,0.49869373,0.13069596886634827,0.8893319964408875,0.5934780240058899
YOR025W,YCR037C,0,0.49797654,0.13067682087421417,0.8893319964408875,0.5935781002044678
YPR071W,YMR128W,0,0.49764648,0.13065768778324127,0.8893319964408875,0.5936781167984009
YDL200C,YGL211W,0,0.49684748,0.13063853979110718,0.8893319964408875,0.593778133392334
YGR283C,YAL008W,0,0.49644345,0.13061942160129547,0.8893319964408875,0.5938781499862671
YFL035C-A,YLR183C,0,0.49643463,0.13060028851032257,0.8893319964408875,0.5939781665802002
YDR517W,YPR204W,0,0.49630946,0.13058117032051086,0.8893319964408875,0.5940782427787781
YLR312C-B,YGL190C,1,0.49610752,0.13070842623710632,0.8903290033340454,0.5940782427787781
YPL021W,YBR033W,0,0.4960899,0.13068930804729462,0.8903290033340454,0.5941782593727112
YOR215C,YDR129C,0,0.49603856,0.13067017495632172,0.8903290033340454,0.5942782759666443
YMR203W,YDR105C,0,0.4959423,0.13065105676651,0.8903290033340454,0.5943782925605774
YIL006W,YNL080C,0,0.49584436,0.1306319534778595,0.8903290033340454,0.5944783687591553
YLR330W,YDR478W,0,0.49580705,0.1306128352880478,0.8903290033340454,0.5945783853530884
YDL223C,YAL048C,0,0.49514744,0.13059374690055847,0.8903290033340454,0.5946784019470215
YLR403W,YJR147W,0,0.4934463,0.13057464361190796,0.8903290033340454,0.5947784185409546
YPR118W,YJL180C,0,0.49327362,0.13055555522441864,0.8903290033340454,0.5948784351348877
YJR097W,YAL017W,0,0.49315393,0.13053646683692932,0.8903290033340454,0.5949785113334656
YMR114C,YGL094C,0,0.49302974,0.1305173933506012,0.8903290033340454,0.5950785279273987
YPR086W,YDR065W,0,0.49232087,0.13049831986427307,0.8903290033340454,0.5951785445213318
YMR284W,YLR364W,0,0.4920577,0.13047924637794495,0.8903290033340454,0.5952785611152649
YLR157C,YGR135W,0,0.49193954,0.13046018779277802,0.8903290033340454,0.5953786373138428
YML107C,YDL117W,0,0.49153036,0.13044112920761108,0.8903290033340454,0.5954786539077759
YPR063C,YPL159C,0,0.49151623,0.13042208552360535,0.8903290033340454,0.595578670501709
YJL005W,YML085C,0,0.49098694,0.1304030418395996,0.8903290033340454,0.5956786870956421
YNL259C,YKR058W,0,0.4904566,0.13038399815559387,0.8903290033340454,0.59577876329422
YKL117W,YDL106C,0,0.49001995,0.13036496937274933,0.8903290033340454,0.5958787798881531
YNR019W,YNL026W,0,0.48982364,0.13034594058990479,0.8903290033340454,0.5959787964820862
YER027C,YLR299W,0,0.48967725,0.13032691180706024,0.8903290033340454,0.5960788130760193
YLR025W,YML132W,0,0.48879385,0.1303078979253769,0.8903290033340454,0.5961788296699524
YOL107W,YML054C,0,0.4886979,0.13028888404369354,0.8903290033340454,0.5962789058685303
YHR207C,YFR010W,0,0.4882381,0.1302698701620102,0.8903290033340454,0.5963789224624634
YNL092W,YOR287C,0,0.48814142,0.13025087118148804,0.8903290033340454,0.5964789390563965
YLR284C,YOL090W,0,0.48807517,0.13023188710212708,0.8903290033340454,0.5965789556503296
YLR170C,YDL097C,0,0.48771477,0.13021288812160492,0.8903290033340454,0.5966790318489075
YNL302C,YOL032W,0,0.48753393,0.13019390404224396,0.8903290033340454,0.5967790484428406
YDR173C,YNR067C,0,0.4873772,0.130174919962883,0.8903290033340454,0.5968790650367737
YMR237W,YGL155W,0,0.48666984,0.13015595078468323,0.8903290033340454,0.5969790816307068
YAL029C,YDL112W,0,0.4864063,0.13013698160648346,0.8903290033340454,0.5970790982246399
YNL244C,YJL012C,0,0.48529685,0.13011802732944489,0.8903290033340454,0.5971791744232178
YOR167C,YDR050C,0,0.4852785,0.1300990730524063,0.8903290033340454,0.5972791910171509
YHR004C,YKL080W,0,0.48499686,0.13008011877536774,0.8903290033340454,0.597379207611084
YAL063C,YLR391W,0,0.48498094,0.13006116449832916,0.8903290033340454,0.5974792242050171
YAL023C,YLR467W,0,0.4845351,0.13004222512245178,0.8903290033340454,0.597579300403595
YLR102C,YHR005C,0,0.48452199,0.1300233006477356,0.8903290033340454,0.5976793169975281
YPR072W,YPR189W,0,0.4844345,0.13000436127185822,0.8903290033340454,0.5977793335914612
YDR131C,YNL223W,0,0.4840749,0.12998543679714203,0.8903290033340454,0.5978793501853943
YLR248W,YOR270C,0,0.4836496,0.12996652722358704,0.8903290033340454,0.5979793667793274
YBR198C,YMR118C,0,0.48299074,0.12994761765003204,0.8903290033340454,0.5980794429779053
YPL146C,YHR209W,0,0.48281336,0.12992870807647705,0.8903290033340454,0.5981794595718384
YER108C,YJR153W,1,0.4827925,0.1300552785396576,0.8913260102272034,0.5981794595718384
YJR041C,YOR244W,0,0.48187956,0.1300363689661026,0.8913260102272034,0.5982794761657715
YNL317W,YPL208W,0,0.4818641,0.1300174593925476,0.8913260102272034,0.5983794927597046
YPL106C,YLR130C,0,0.48178172,0.12999854981899261,0.8913260102272034,0.5984795689582825
YNL271C,YDR432W,1,0.48156178,0.130125030875206,0.8923230171203613,0.5984795689582825
YDR093W,YML109W,0,0.4788562,0.130106121301651,0.8923230171203613,0.5985795855522156
YBR214W,YGL226C-A,0,0.47877774,0.130087211728096,0.8923230171203613,0.5986796021461487
YPR194C,YDR260C,0,0.47846156,0.13006830215454102,0.8923230171203613,0.5987796187400818
YDR481C,YDR373W,0,0.47841674,0.13004940748214722,0.8923230171203613,0.5988796353340149
YOL105C,YAL039C,0,0.47826022,0.13003051280975342,0.8923230171203613,0.5989797115325928
YPL153C,YJR052W,0,0.47596052,0.13001161813735962,0.8923230171203613,0.5990797281265259
YBL005W,YER104W,0,0.47556943,0.12999273836612701,0.8923230171203613,0.599179744720459
YKL189W,YIL019W,0,0.47509956,0.1299738585948944,0.8923230171203613,0.5992797613143921
YDR448W,YGR165W,0,0.47503245,0.129954993724823,0.8923230171203613,0.59937983751297
YOL054W,YCL024W,0,0.47494948,0.1299361139535904,0.8923230171203613,0.5994798541069031
YMR264W,YIL053W,0,0.47441095,0.12991726398468018,0.8923230171203613,0.5995798707008362
YDL129W,YER120W,0,0.4736112,0.12989839911460876,0.8923230171203613,0.5996798872947693
YBL021C,YLR370C,0,0.47314087,0.12987954914569855,0.8923230171203613,0.5997799634933472
YKL185W,YLR312C-B,1,0.4731406,0.13000580668449402,0.8933200240135193,0.5997799634933472
YDR212W,YBL005W,0,0.47313273,0.1299869418144226,0.8933200240135193,0.5998799800872803
YDL109C,YDL031W,0,0.47239244,0.1299680918455124,0.8933200240135193,0.5999799966812134
YML036W,YNL149C,0,0.47182885,0.12994924187660217,0.8933200240135193,0.6000800132751465
YDR545W,YKL132C,0,0.4688709,0.12993039190769196,0.8933200240135193,0.6001800298690796
YBR083W,YNL138W,1,0.46877742,0.13005654513835907,0.8943170309066772,0.6001800298690796
YNL127W,YPR047W,0,0.46811002,0.13003769516944885,0.8943170309066772,0.6002801060676575
YLR426W,YOL165C,0,0.46727428,0.13001884520053864,0.8943170309066772,0.6003801226615906
YBR125C,YIL017W,0,0.46506533,0.12999999523162842,0.8943170309066772,0.6004801392555237
YOR068C,YGR106C,0,0.46463594,0.1299811601638794,0.8943170309066772,0.6005801558494568
YPL129W,YKR099W,0,0.46371865,0.12996232509613037,0.8943170309066772,0.6006802320480347
YPL076W,YOR351C,0,0.4631163,0.12994350492954254,0.8943170309066772,0.6007802486419678
YPR105C,YEL001C,0,0.46219915,0.1299246847629547,0.8943170309066772,0.6008802652359009
YPR108W,YEL020W-A,0,0.46181667,0.12990586459636688,0.8943170309066772,0.600980281829834
YOL004W,YOR287C,0,0.46169415,0.12988705933094025,0.8943170309066772,0.6010802984237671
YOL077C,YJL183W,0,0.46136063,0.1298682540655136,0.8943170309066772,0.601180374622345
YER154W,YAL025C,0,0.4604361,0.12984944880008698,0.8943170309066772,0.6012803912162781
YJL165C,YDL012C,0,0.46004736,0.12983065843582153,0.8943170309066772,0.6013804078102112
YLL041C,YBL098W,0,0.45861137,0.1298118680715561,0.8943170309066772,0.6014804244041443
YKL088W,YDR510W,0,0.45824322,0.12979307770729065,0.8943170309066772,0.6015805006027222
YMR304W,YHR161C,0,0.4579593,0.1297743022441864,0.8943170309066772,0.6016805171966553
YNL268W,YML096W,0,0.4569025,0.12975552678108215,0.8943170309066772,0.6017805337905884
YPL155C,YOR290C,0,0.45667297,0.1297367662191391,0.8943170309066772,0.6018805503845215
YKR044W,YLR323C,0,0.45604354,0.12971800565719604,0.8943170309066772,0.6019805669784546
YFL035C-A,YKR034W,0,0.4559578,0.129699245095253,0.8943170309066772,0.6020806431770325
YDL043C,YGL231C,0,0.45549712,0.12968049943447113,0.8943170309066772,0.6021806597709656
YDR468C,YMR053C,0,0.4550609,0.12966175377368927,0.8943170309066772,0.6022806763648987
YML113W,YGR105W,0,0.45498085,0.1296430081129074,0.8943170309066772,0.6023806929588318
YCL047C,YCL044C,0,0.45409077,0.12962427735328674,0.8943170309066772,0.6024807691574097
YBL061C,YDR494W,0,0.45326486,0.12960554659366608,0.8943170309066772,0.6025807857513428
YER177W,YBR274W,0,0.4522478,0.1295868307352066,0.8943170309066772,0.6026808023452759
YMR046C,YOL140W,0,0.45223972,0.12956809997558594,0.8943170309066772,0.602780818939209
YCR106W,YNR072W,0,0.4517604,0.12954939901828766,0.8943170309066772,0.6028808355331421
YAL058W,YOR119C,0,0.4514242,0.12953068315982819,0.8943170309066772,0.60298091173172
YJL129C,YNL247W,0,0.4507963,0.1295119822025299,0.8943170309066772,0.6030809283256531
YMR229C,YMR302C,0,0.44975072,0.12949328124523163,0.8943170309066772,0.6031809449195862
YCR081W,YOR297C,0,0.44973332,0.12947459518909454,0.8943170309066772,0.6032809615135193
YDR322W,YGR184C,0,0.4497224,0.12945590913295746,0.8943170309066772,0.6033810377120972
YGL212W,YOR209C,0,0.44963557,0.12943722307682037,0.8943170309066772,0.6034810543060303
YPL179W,YGR027C,0,0.44893983,0.12941855192184448,0.8943170309066772,0.6035810708999634
YHR172W,YBL113C,0,0.44833255,0.1293998807668686,0.8943170309066772,0.6036810874938965
YPR003C,YDR463W,0,0.44795722,0.1293812245130539,0.8943170309066772,0.6037811636924744
YBR164C,YLR263W,0,0.44774443,0.1293625682592392,0.8943170309066772,0.6038811802864075
YDR304C,YIL053W,0,0.44749513,0.1293439120054245,0.8943170309066772,0.6039811968803406
YPL074W,YLR143W,0,0.44688648,0.1293252557516098,0.8943170309066772,0.6040812134742737
YML039W,YLR054C,0,0.4465823,0.1293066143989563,0.8943170309066772,0.6041812300682068
YLR244C,YGR026W,0,0.44600844,0.1292879730463028,0.8943170309066772,0.6042813062667847
YDR533C,YIL171W,0,0.44597617,0.12926934659481049,0.8943170309066772,0.6043813228607178
YOR306C,YCL005W-A,0,0.4454459,0.12925072014331818,0.8943170309066772,0.6044813394546509
YGL060W,YLR131C,0,0.44541565,0.12923209369182587,0.8943170309066772,0.604581356048584
YBR016W,YOL125W,0,0.44485852,0.12921348214149475,0.8943170309066772,0.6046814322471619
YLR048W,YCR044C,0,0.444839,0.12919487059116364,0.8943170309066772,0.604781448841095
YPL021W,YIL049W,1,0.44471264,0.12932027876377106,0.8953140377998352,0.604781448841095
YFR005C,YER133W,0,0.44450596,0.12930165231227875,0.8953140377998352,0.6048814654350281
YBL021C,YFR033C,0,0.44379246,0.12928304076194763,0.8953140377998352,0.6049814820289612
YLR126C,YBR274W,0,0.44372272,0.12926442921161652,0.8953140377998352,0.6050814986228943
YOR327C,YGR158C,0,0.4435858,0.1292458325624466,0.8953140377998352,0.6051815748214722
YDR166C,YHR028C,0,0.4434521,0.12922722101211548,0.8953140377998352,0.6052815914154053
YLR020C,YBL013W,0,0.44173235,0.12920863926410675,0.8953140377998352,0.6053816080093384
YLR167W,YKL196C,0,0.44066387,0.12919004261493683,0.8953140377998352,0.6054816246032715
YKR103W,YMR160W,0,0.43998882,0.1291714608669281,0.8953140377998352,0.6055817008018494
YGR052W,YLR015W,0,0.43906367,0.12915287911891937,0.8953140377998352,0.6056817173957825
YOL112W,YOR085W,0,0.4389941,0.12913431227207184,0.8953140377998352,0.6057817339897156
YDR234W,YOL066C,0,0.43891814,0.1291157454252243,0.8953140377998352,0.6058817505836487
YDR434W,YDL110C,0,0.43811172,0.12909717857837677,0.8953140377998352,0.6059817671775818
YPL038W,YNL024C,0,0.4376046,0.12907862663269043,0.8953140377998352,0.6060818433761597
YFR053C,YOR297C,0,0.43755627,0.1290600746870041,0.8953140377998352,0.6061818599700928
YLR244C,YKL010C,0,0.4374894,0.12904152274131775,0.8953140377998352,0.6062818765640259
YPL103C,YOL116W,0,0.43734258,0.1290229856967926,0.8953140377998352,0.606381893157959
YBR045C,YDL039C,0,0.4372669,0.12900444865226746,0.8953140377998352,0.6064819693565369
YLR026C,YLR042C,0,0.43679008,0.1289859265089035,0.8953140377998352,0.60658198595047
YDL017W,YLR337W,0,0.43446645,0.12896740436553955,0.8953140377998352,0.6066820025444031
YFL054C,YMR039C,0,0.43446124,0.1289488822221756,0.8953140377998352,0.6067820191383362
YAL068C,YDR375C,0,0.43425903,0.12893036007881165,0.8953140377998352,0.6068820357322693
YNR008W,YPL085W,0,0.43353206,0.1289118528366089,0.8953140377998352,0.6069821119308472
YNL107W,YJL001W,0,0.43344432,0.12889336049556732,0.8953140377998352,0.6070821285247803
YJL058C,YJR027W,0,0.43283346,0.12887485325336456,0.8953140377998352,0.6071821451187134
YHL044W,YGR040W,0,0.4327888,0.128856360912323,0.8953140377998352,0.6072821617126465
YLR362W,YER118C,1,0.432455,0.128981351852417,0.8963110446929932,0.6072821617126465
YEL018W,YOR019W,0,0.43233907,0.12896284461021423,0.8963110446929932,0.6073822379112244
YDR383C,YML098W,0,0.43232045,0.12894435226917267,0.8963110446929932,0.6074822545051575
YPL115C,YMR164C,1,0.43106627,0.1290692687034607,0.8973080515861511,0.6074822545051575
YOR090C,YDR169C,0,0.43083274,0.12905076146125793,0.8973080515861511,0.6075822710990906
YGR214W,YGL191W,0,0.4308032,0.12903225421905518,0.8973080515861511,0.6076822876930237
YGL178W,YGR089W,0,0.430711,0.1290137618780136,0.8973080515861511,0.6077823638916016
YOR176W,YGL127C,0,0.4302563,0.12899526953697205,0.8973080515861511,0.6078823804855347
YDL067C,YMR137C,0,0.42995408,0.12897677719593048,0.8973080515861511,0.6079823970794678
YML092C,YMR220W,0,0.42968005,0.1289582997560501,0.8973080515861511,0.6080824136734009
YJR110W,YFL005W,0,0.42946613,0.12893982231616974,0.8973080515861511,0.608182430267334
YMR090W,YMR267W,0,0.42821792,0.12892135977745056,0.8973080515861511,0.6082825064659119
YOL071W,YOR157C,0,0.42590386,0.12890289723873138,0.8973080515861511,0.608382523059845
YER007W,YJL181W,0,0.42496654,0.1288844347000122,0.8973080515861511,0.6084825396537781
YER049W,YGR040W,0,0.42479104,0.12886597216129303,0.8973080515861511,0.6085825562477112
YCR016W,YER175C,0,0.42457768,0.12884752452373505,0.8973080515861511,0.6086826324462891
YBR002C,YDL033C,0,0.42368248,0.12882909178733826,0.8973080515861511,0.6087826490402222
YDR244W,YCL014W,0,0.423286,0.12881064414978027,0.8973080515861511,0.6088826656341553
YNR031C,YPL215W,0,0.42319357,0.12879221141338348,0.8973080515861511,0.6089826822280884
YNR021W,YHL024W,0,0.4227781,0.1287737935781479,0.8973080515861511,0.6090826988220215
YLR200W,YPL175W,0,0.42246717,0.1287553608417511,0.8973080515861511,0.6091827750205994
YPR024W,YOR267C,0,0.42225552,0.1287369430065155,0.8973080515861511,0.6092827916145325
YOR393W,YPL002C,0,0.42205596,0.1287185400724411,0.8973080515861511,0.6093828082084656
YBR166C,YJR022W,0,0.42200395,0.1287001222372055,0.8973080515861511,0.6094828248023987
YDR079W,YLR390W-A,0,0.421151,0.1286817342042923,0.8973080515861511,0.6095829010009766
YIL046W,YML112W,0,0.4201395,0.1286633312702179,0.8973080515861511,0.6096829175949097
YJR147W,YIL049W,1,0.41986647,0.12878787517547607,0.8983050584793091,0.6096829175949097
YKL061W,YJL112W,0,0.41979992,0.12876947224140167,0.8983050584793091,0.6097829341888428
YOR261C,YHR023W,0,0.41945177,0.12875106930732727,0.8983050584793091,0.6098829507827759
YLR286C,YGR072W,0,0.4184416,0.12873268127441406,0.8983050584793091,0.609982967376709
YNL092W,YOR283W,0,0.41833675,0.12871427834033966,0.8983050584793091,0.6100830435752869
YNL302C,YFL018W-A,0,0.41736493,0.12869590520858765,0.8983050584793091,0.61018306016922
YGL162W,YOL126C,0,0.41709837,0.12867751717567444,0.8983050584793091,0.6102830767631531
YPL155C,YGR217W,0,0.41483435,0.12865914404392242,0.8983050584793091,0.6103830933570862
YLR029C,YGR165W,0,0.41448075,0.1286407709121704,0.8983050584793091,0.6104831695556641
YCR036W,YJR060W,0,0.41357428,0.1286224126815796,0.8983050584793091,0.6105831861495972
YOR030W,YLR312C-B,1,0.41282925,0.12874679267406464,0.899302065372467,0.6105831861495972
YJL004C,YMR208W,0,0.41112435,0.12872841954231262,0.899302065372467,0.6106832027435303
YPL220W,YKR088C,0,0.41078192,0.1287100464105606,0.899302065372467,0.6107832193374634
YKR075C,YLR309C,0,0.40904874,0.1286916881799698,0.899302065372467,0.6108832359313965
YKR052C,YPR184W,0,0.4087977,0.12867332994937897,0.899302065372467,0.6109833121299744
YJR034W,YGL191W,0,0.40833274,0.12865497171878815,0.899302065372467,0.6110833287239075
YOR204W,YCR054C,0,0.40809768,0.12863662838935852,0.899302065372467,0.6111833453178406
YLR265C,YOR334W,0,0.4070226,0.1286182850599289,0.899302065372467,0.6112833619117737
YHR089C,YBR012W-B,0,0.40560126,0.12859994173049927,0.899302065372467,0.6113834381103516
YKL010C,YMR114C,0,0.4054857,0.12858161330223083,0.899302065372467,0.6114834547042847
YML125C,YNL115C,0,0.40448818,0.1285632848739624,0.899302065372467,0.6115834712982178
YIL068C,YJR083C,0,0.4044368,0.12854495644569397,0.899302065372467,0.6116834878921509
YMR226C,YMR054W,0,0.40429384,0.12852664291858673,0.899302065372467,0.6117835640907288
YDR400W,YJL153C,0,0.4041982,0.1285083293914795,0.899302065372467,0.6118835806846619
YML058W-A,YJR110W,0,0.4034857,0.12849003076553345,0.899302065372467,0.611983597278595
YOL084W,YFL039C,0,0.40237236,0.1284717321395874,0.899302065372467,0.6120836138725281
YHR135C,YPL203W,0,0.40223968,0.12845343351364136,0.899302065372467,0.6121836304664612
YKL088W,YMR037C,0,0.40210792,0.1284351348876953,0.899302065372467,0.6122837066650391
YJR065C,YHR051W,0,0.40193856,0.12841685116291046,0.899302065372467,0.6123837232589722
YBR012W-A,YIL125W,0,0.4014841,0.1283985823392868,0.899302065372467,0.6124837398529053
YPL065W,YDR190C,0,0.40097558,0.12838029861450195,0.899302065372467,0.6125837564468384
YMR016C,YER118C,1,0.400958,0.12850433588027954,0.9002991318702698,0.6125837564468384
YDR436W,YIR011C,0,0.40084577,0.1284860521554947,0.9002991318702698,0.6126838326454163
YCL061C,YGL211W,0,0.39897466,0.12846778333187103,0.9002991318702698,0.6127838492393494
YGR009C,YIL095W,0,0.39881152,0.12844949960708618,0.9002991318702698,0.6128838658332825
YHR210C,YHR146W,0,0.39802128,0.12843123078346252,0.9002991318702698,0.6129838824272156
YOL126C,YNL180C,0,0.3975652,0.12841296195983887,0.9002991318702698,0.6130838990211487
YNL278W,YDL098C,0,0.39684933,0.1283947080373764,0.9002991318702698,0.6131839752197266
YDL144C,YLR131C,0,0.39680365,0.12837645411491394,0.9002991318702698,0.6132839918136597
YML013W,YLR047C,0,0.39638147,0.12835821509361267,0.9002991318702698,0.6133840084075928
YDL024C,YLR312C-B,1,0.39636725,0.12848208844661713,0.9012961387634277,0.6133840084075928
YML021C,YGR193C,0,0.39485905,0.12846383452415466,0.9012961387634277,0.6134840250015259
YHR214W,YPL095C,0,0.39482856,0.1284455806016922,0.9012961387634277,0.6135841012001038
YLR154C,YER049W,0,0.39429343,0.12842732667922974,0.9012961387634277,0.6136841177940369
YER007C-A,YBR230C,0,0.3937439,0.12840908765792847,0.9012961387634277,0.61378413438797
YCR065W,YKR103W,0,0.39332697,0.1283908486366272,0.9012961387634277,0.6138841509819031
YJL065C,YHR129C,0,0.39322236,0.12837262451648712,0.9012961387634277,0.6139841675758362
YGR222W,YOL059W,0,0.3931504,0.12835440039634705,0.9012961387634277,0.6140842437744141
YJR016C,YHR170W,0,0.3931419,0.12833617627620697,0.9012961387634277,0.6141842603683472
YMR172W,YMR264W,0,0.39247254,0.1283179521560669,0.9012961387634277,0.6142842769622803
YDR172W,YDR387C,0,0.39243883,0.128299742937088,0.9012961387634277,0.6143842935562134
YGR246C,YPL262W,0,0.39233935,0.12828153371810913,0.9012961387634277,0.6144843697547913
YCL068C,YJL164C,0,0.39182413,0.12826333940029144,0.9012961387634277,0.6145843863487244
YNL068C,YDL189W,0,0.39110062,0.12824514508247375,0.9012961387634277,0.6146844029426575
YOR396W,YGL028C,0,0.39029598,0.12822695076465607,0.9012961387634277,0.6147844195365906
YGL076C,YLL035W,0,0.39008194,0.12820877134799957,0.9012961387634277,0.6148844361305237
YKL089W,YLR446W,0,0.38992658,0.12819057703018188,0.9012961387634277,0.6149845123291016
YIR012W,YDR137W,0,0.38962108,0.12817241251468658,0.9012961387634277,0.6150845289230347
YPR068C,YKL171W,0,0.38942552,0.1281542330980301,0.9012961387634277,0.6151845455169678
YLR113W,YMR114C,0,0.38919675,0.1281360685825348,0.9012961387634277,0.6152845621109009
YPL042C,YOR054C,0,0.3886202,0.12811791896820068,0.9012961387634277,0.6153846383094788
YNR017W,YKL203C,0,0.38852388,0.12809975445270538,0.9012961387634277,0.6154846549034119
YPR156C,YDR334W,0,0.38833398,0.12808160483837128,0.9012961387634277,0.615584671497345
YCR036W,YNL052W,0,0.38797495,0.12806347012519836,0.9012961387634277,0.6156846880912781
YCL043C,YER179W,0,0.38746867,0.12804532051086426,0.9012961387634277,0.615784764289856
YJL095W,YHR029C,0,0.3873541,0.12802718579769135,0.9012961387634277,0.6158847808837891
YDL121C,YMR318C,0,0.38730672,0.12800906598567963,0.9012961387634277,0.6159847974777222
YLR419W,YPL006W,0,0.38728482,0.1279909312725067,0.9012961387634277,0.6160848140716553
YBR129C,YHR132C,0,0.38707215,0.1279728263616562,0.9012961387634277,0.6161848306655884
YNL271C,YIL049W,1,0.38642424,0.12809625267982483,0.9022931456565857,0.6161848306655884
YNL153C,YDR128W,0,0.38625878,0.12807811796665192,0.9022931456565857,0.6162849068641663
YEL051W,YHR148W,0,0.38555738,0.1280599981546402,0.9022931456565857,0.6163849234580994
YOL031C,YNL212W,0,0.38513958,0.12804187834262848,0.9022931456565857,0.6164849400520325
YPR178W,YIL013C,0,0.38508403,0.12802375853061676,0.9022931456565857,0.6165849566459656
YDR501W,YLL027W,0,0.38419086,0.12800565361976624,0.9022931456565857,0.6166850328445435
YER068W,YGR268C,0,0.38407302,0.1279875487089157,0.9022931456565857,0.6167850494384766
YBR198C,YFR045W,0,0.38364983,0.12796945869922638,0.9022931456565857,0.6168850660324097
YMR321C,YHR193C,0,0.38351777,0.12795136868953705,0.9022931456565857,0.6169850826263428
YGR063C,YNL041C,0,0.38339514,0.12793327867984772,0.9022931456565857,0.6170850992202759
YER140W,YBR230C,0,0.38303667,0.1279151886701584,0.9022931456565857,0.6171851754188538
YIL101C,YNR071C,0,0.3827501,0.12789711356163025,0.9022931456565857,0.6172851920127869
YEL043W,YGR036C,0,0.38186997,0.1278790384531021,0.9022931456565857,0.61738520860672
YBR254C,YOR243C,0,0.38173866,0.12786097824573517,0.9022931456565857,0.6174852252006531
YDR219C,YIL145C,0,0.38169622,0.12784291803836823,0.9022931456565857,0.617585301399231
YKL129C,YBR092C,0,0.38155836,0.12782485783100128,0.9022931456565857,0.6176853179931641
YBR016W,YER168C,0,0.38008136,0.12780681252479553,0.9022931456565857,0.6177853345870972
YCR065W,YJL030W,0,0.37967098,0.12778876721858978,0.9022931456565857,0.6178853511810303
YIL056W,YML082W,0,0.37962544,0.12777072191238403,0.9022931456565857,0.6179853677749634
YBR038W,YMR257C,0,0.37937647,0.12775267660617828,0.9022931456565857,0.6180854439735413
YAR010C,YPL177C,0,0.37870425,0.12773464620113373,0.9022931456565857,0.6181854605674744
YOR150W,YCL074W,0,0.37842855,0.12771663069725037,0.9022931456565857,0.6182854771614075
YDR494W,YBL100W-B,0,0.37834898,0.1276986002922058,0.9022931456565857,0.6183854937553406
YPL027W,YLL012W,0,0.37778032,0.12768058478832245,0.9022931456565857,0.6184855699539185
YOL086W-A,YDR449C,0,0.37747723,0.1276625692844391,0.9022931456565857,0.6185855865478516
YNL318C,YDR060W,0,0.37743855,0.12764456868171692,0.9022931456565857,0.6186856031417847
YLR244C,YPR196W,0,0.37700593,0.12762656807899475,0.9022931456565857,0.6187856197357178
YIR019C,YLR312C-B,1,0.37634498,0.12774957716464996,0.9032901525497437,0.6187856197357178
YHR214W,YER147C,0,0.37624475,0.1277315616607666,0.9032901525497437,0.6188856363296509
YDR043C,YLR362W,1,0.37574035,0.12785452604293823,0.9042871594429016,0.6188856363296509
YFL038C,YML102W,0,0.3755131,0.12783651053905487,0.9042871594429016,0.6189857125282288
YJL190C,YOR116C,0,0.37526494,0.1278184950351715,0.9042871594429016,0.6190857291221619
YER091C,YOR270C,0,0.37466753,0.12780047953128815,0.9042871594429016,0.619185745716095
YKL144C,YPR073C,0,0.37418956,0.12778247892856598,0.9042871594429016,0.6192857623100281
YEL002C,YIL061C,0,0.37404466,0.1277644783258438,0.9042871594429016,0.619385838508606
YOR071C,YML040W,0,0.37385386,0.12774647772312164,0.9042871594429016,0.6194858551025391
YAR002C-A,YPL018W,0,0.37264273,0.12772849202156067,0.9042871594429016,0.6195858716964722
YHR024C,YMR012W,0,0.3723234,0.1277105063199997,0.9042871594429016,0.6196858882904053
YML016C,YLR440C,0,0.37191623,0.12769252061843872,0.9042871594429016,0.6197859644889832
YFR019W,YDR105C,0,0.3712608,0.12767454981803894,0.9042871594429016,0.6198859810829163
YMR016C,YDR432W,1,0.371206,0.12779732048511505,0.9052841663360596,0.6198859810829163
YLR259C,YNL290W,0,0.36991078,0.12777933478355408,0.9052841663360596,0.6199859976768494
YFL039C,YHR181W,0,0.36981618,0.1277613639831543,0.9052841663360596,0.6200860142707825
YIL124W,YKL002W,0,0.36888528,0.12774339318275452,0.9052841663360596,0.6201860308647156
YDL045C,YKL016C,0,0.36842754,0.12772542238235474,0.9052841663360596,0.6202861070632935
YOR228C,YIL030C,0,0.36832553,0.12770745158195496,0.9052841663360596,0.6203861236572266
YKL063C,YIL107C,0,0.36761597,0.12768949568271637,0.9052841663360596,0.6204861402511597
YMR165C,YKR035W-A,0,0.367465,0.12767153978347778,0.9052841663360596,0.6205861568450928
YHR005C-A,YMR268W-A,0,0.36689913,0.1276535987854004,0.9052841663360596,0.6206862330436707
YBR267W,YCR081W,0,0.3668215,0.1276356428861618,0.9052841663360596,0.6207862496376038
YMR322C,YLL014W,0,0.36562324,0.1276177018880844,0.9052841663360596,0.6208862662315369
YIL145C,YOR065W,0,0.3655008,0.1275997757911682,0.9052841663360596,0.62098628282547
YJL109C,YJL143W,0,0.3635037,0.12758184969425201,0.9052841663360596,0.6210862994194031
YNL189W,YKL087C,0,0.36341777,0.12756392359733582,0.9052841663360596,0.621186375617981
YJR118C,YNL103W,0,0.36336267,0.12754599750041962,0.9052841663360596,0.6212863922119141
YFR024C-A,YPL100W,0,0.36305684,0.1275280863046646,0.9052841663360596,0.6213864088058472
YPL209C,YLR442C,0,0.36251205,0.1275101751089096,0.9052841663360596,0.6214864253997803
YML133C,YJR149W,0,0.36157304,0.1274922788143158,0.9052841663360596,0.6215865015983582
YDR205W,YHR039C-B,0,0.36146593,0.12747438251972198,0.9052841663360596,0.6216865181922913
YGR222W,YIL020C,0,0.36134434,0.12745648622512817,0.9052841663360596,0.6217865347862244
YLR083C,YBL013W,0,0.3613065,0.12743858993053436,0.9052841663360596,0.6218865513801575
YOL098C,YMR149W,0,0.36070156,0.12742070853710175,0.9052841663360596,0.6219865679740906
YIL017W,YDR224C,0,0.3603853,0.12740282714366913,0.9052841663360596,0.6220866441726685
YGR014W,YDL054C,0,0.35985488,0.1273849606513977,0.9052841663360596,0.6221866607666016
YML095C,YBR176W,0,0.35980895,0.12736709415912628,0.9052841663360596,0.6222866773605347
YML030W,YLR390W-A,0,0.35938972,0.12734922766685486,0.9052841663360596,0.6223866939544678
YJL073W,YDR422C,0,0.35936528,0.12733137607574463,0.9052841663360596,0.6224867701530457
YMR013C,YHR132C,0,0.3592933,0.1273135095834732,0.9052841663360596,0.6225867867469788
YML034W,YOR043W,0,0.3586542,0.12729567289352417,0.9052841663360596,0.6226868033409119
YDR086C,YLR295C,0,0.35833377,0.12727782130241394,0.9052841663360596,0.622786819934845
YCR053W,YBR093C,0,0.35746258,0.1272599846124649,0.9052841663360596,0.6228868365287781
YPR021C,YDR469W,0,0.3568865,0.12724214792251587,0.9052841663360596,0.622986912727356
YDL195W,YCL060C,0,0.3563628,0.12722432613372803,0.9052841663360596,0.6230869293212891
YDR007W,YLR092W,0,0.35626024,0.12720650434494019,0.9052841663360596,0.6231869459152222
YAR033W,YHR106W,0,0.35569638,0.12718868255615234,0.9052841663360596,0.6232869625091553
YPR168W,YER025W,0,0.35530782,0.1271708756685257,0.9052841663360596,0.6233870387077332
YOL023W,YDL180W,0,0.35525578,0.12715305387973785,0.9052841663360596,0.6234870553016663
YGL003C,YBR031W,0,0.35471344,0.1271352618932724,0.9052841663360596,0.6235870718955994
YPR081C,YNL118C,0,0.353976,0.12711745500564575,0.9052841663360596,0.6236870884895325
YIL074C,YDL231C,0,0.3536429,0.1270996630191803,0.9052841663360596,0.6237871646881104
YBR002C,YMR078C,0,0.352822,0.12708187103271484,0.9052841663360596,0.6238871812820435
YLR439W,YNL178W,0,0.35251588,0.12706409394741058,0.9052841663360596,0.6239871978759766
YOR032C,YDR090C,0,0.35207206,0.12704631686210632,0.9052841663360596,0.6240872144699097
YNL025C,YMR053C,0,0.35044843,0.12702853977680206,0.9052841663360596,0.6241872310638428
YIL115C,YKL145W,0,0.35028082,0.127010777592659,0.9052841663360596,0.6242873072624207
YBR162W-A,YKR071C,0,0.3494197,0.12699300050735474,0.9052841663360596,0.6243873238563538
YKL081W,YPR182W,0,0.34918767,0.12697525322437286,0.9052841663360596,0.6244873404502869
YKL074C,YDR420W,0,0.34918424,0.1269574910402298,0.9052841663360596,0.62458735704422
YMR032W,YNL191W,0,0.3489958,0.12693974375724792,0.9052841663360596,0.6246874332427979
YIL143C,YBR081C,0,0.34843954,0.12692199647426605,0.9052841663360596,0.624787449836731
YKR053C,YDR473C,0,0.34834087,0.12690426409244537,0.9052841663360596,0.6248874664306641
YPL113C,YKL103C,0,0.3482951,0.1268865317106247,0.9052841663360596,0.6249874830245972
YGR001C,YIL053W,0,0.34808618,0.12686879932880402,0.9052841663360596,0.6250874996185303
YBR078W,YFL021W,0,0.34712672,0.12685108184814453,0.9052841663360596,0.6251875758171082
YDR243C,YDL210W,0,0.34691897,0.12683334946632385,0.9052841663360596,0.6252875924110413
YGR185C,YBR119W,0,0.34664154,0.12681564688682556,0.9052841663360596,0.6253876090049744
YDR405W,YML081C-A,0,0.34595177,0.12679792940616608,0.9052841663360596,0.6254876255989075
YEL048C,YBL056W,0,0.34519988,0.12678022682666779,0.9052841663360596,0.6255877017974854
YJL178C,YOR078W,0,0.3449431,0.1267625242471695,0.9052841663360596,0.6256877183914185
YMR225C,YPL157W,0,0.34479725,0.1267448365688324,0.9052841663360596,0.6257877349853516
YGR005C,YPL111W,0,0.3447318,0.1267271488904953,0.9052841663360596,0.6258877515792847
YPL097W,YIL134W,0,0.3445642,0.1267094612121582,0.9052841663360596,0.6259877681732178
YLR239C,YBR189W,0,0.34406945,0.1266917884349823,0.9052841663360596,0.6260878443717957
YFR034C,YNL217W,0,0.34261417,0.1266741007566452,0.9052841663360596,0.6261878609657288
YNR053C,YBL010C,0,0.3424704,0.1266564428806305,0.9052841663360596,0.6262878775596619
YNL094W,YNL081C,0,0.34178168,0.1266387701034546,0.9052841663360596,0.626387894153595
YLR189C,YLR446W,0,0.34081632,0.12662111222743988,0.9052841663360596,0.6264879703521729
YKL061W,YDR207C,0,0.34077322,0.12660345435142517,0.9052841663360596,0.626587986946106
YDL095W,YEL053C,0,0.33978236,0.12658581137657166,0.9052841663360596,0.6266880035400391
YDR438W,YFL066C,0,0.3390882,0.12656816840171814,0.9052841663360596,0.6267880201339722
YDR004W,YFL035C,0,0.33887348,0.12655052542686462,0.9052841663360596,0.6268880367279053
YBR223C,YGL209W,0,0.3388014,0.1265328824520111,0.9052841663360596,0.6269881129264832
YDL159W,YER118C,1,0.33803618,0.12665459513664246,0.9062811732292175,0.6269881129264832
YDR430C,YOR285W,0,0.3376962,0.12663695216178894,0.9062811732292175,0.6270881295204163
YOR204W,YNR052C,0,0.33760858,0.12661930918693542,0.9062811732292175,0.6271881461143494
YLR220W,YMR048W,0,0.3372501,0.1266016662120819,0.9062811732292175,0.6272881627082825
YNL206C,YER087C-B,0,0.3372384,0.1265840381383896,0.9062811732292175,0.6273882389068604
YAL053W,YLR134W,0,0.33650476,0.12656641006469727,0.9062811732292175,0.6274882555007935
YBR279W,YJR135W-A,0,0.33636358,0.12654879689216614,0.9062811732292175,0.6275882720947266
YNR070W,YAL013W,0,0.33585668,0.126531183719635,0.9062811732292175,0.6276882886886597
YBR214W,YPL280W,0,0.3354558,0.12651357054710388,0.9062811732292175,0.6277883648872375
YIL036W,YPL133C,0,0.33396068,0.12649595737457275,0.9062811732292175,0.6278883814811707
YMR123W,YGL232W,0,0.3334906,0.12647835910320282,0.9062811732292175,0.6279883980751038
YPR073C,YNL146W,0,0.33343717,0.12646076083183289,0.9062811732292175,0.6280884146690369
YDL204W,YNL061W,0,0.33316147,0.12644317746162415,0.9062811732292175,0.62818843126297
YDR343C,YGR017W,0,0.33305955,0.1264255940914154,0.9062811732292175,0.6282885074615479
YNL330C,YPR063C,0,0.3329061,0.12640801072120667,0.9062811732292175,0.628388524055481
YHR143W,YHR080C,0,0.33239454,0.12639042735099792,0.9062811732292175,0.6284885406494141
YGR254W,YDR393W,0,0.33210292,0.12637285888195038,0.9062811732292175,0.6285885572433472
YML101C,YGL070C,0,0.33201808,0.12635529041290283,0.9062811732292175,0.628688633441925
YOR110W,YGR026W,0,0.33184272,0.12633773684501648,0.9062811732292175,0.6287886500358582
YML071C,YKL053C-A,0,0.3317891,0.12632018327713013,0.9062811732292175,0.6288886666297913
YMR262W,YOL043C,0,0.33153045,0.12630262970924377,0.9062811732292175,0.6289886832237244
YDR261C,YER108C,0,0.33095378,0.12628507614135742,0.9062811732292175,0.6290886998176575
YPR003C,YNL283C,0,0.33087376,0.12626753747463226,0.9062811732292175,0.6291887760162354
YGL090W,YPL210C,0,0.3307643,0.1262499988079071,0.9062811732292175,0.6292887926101685
YLR050C,YER044C-A,0,0.33064768,0.12623247504234314,0.9062811732292175,0.6293888092041016
YPR162C,YMR315W,0,0.33048385,0.12621493637561798,0.9062811732292175,0.6294888257980347
YPL198W,YKL042W,0,0.33044904,0.12619741261005402,0.9062811732292175,0.6295889019966125
YDR373W,YLR203C,0,0.32999128,0.12617990374565125,0.9062811732292175,0.6296889185905457
YFR019W,YBR125C,0,0.3291738,0.12616237998008728,0.9062811732292175,0.6297889351844788
YGR239C,YMR071C,0,0.32914323,0.1261448860168457,0.9062811732292175,0.6298889517784119
YFR047C,YMR039C,0,0.32830238,0.12612737715244293,0.9062811732292175,0.629988968372345
YBR248C,YPR167C,0,0.32822117,0.12610988318920135,0.9062811732292175,0.6300890445709229
YHR114W,YPL188W,0,0.3281539,0.12609238922595978,0.9062811732292175,0.630189061164856
YDR253C,YJL178C,0,0.3279854,0.1260748952627182,0.9062811732292175,0.6302890777587891
YNL103W,YHR008C,0,0.32783723,0.12605741620063782,0.9062811732292175,0.6303890943527222
YNL311C,YPL115C,0,0.32730958,0.12603993713855743,0.9062811732292175,0.6304891705513
YBR129C,YDL033C,0,0.3261931,0.12602245807647705,0.9062811732292175,0.6305891871452332
YNL292W,YDR170W-A,0,0.32557446,0.12600499391555786,0.9062811732292175,0.6306892037391663
YHR142W,YDL054C,0,0.32530046,0.12598752975463867,0.9062811732292175,0.6307892203330994
YNL231C,YDR137W,0,0.32497495,0.12597006559371948,0.9062811732292175,0.6308892965316772
YMR133W,YER185W,0,0.32453895,0.1259526163339615,0.9062811732292175,0.6309893131256104
YLL057C,YJR027W,0,0.3240834,0.1259351670742035,0.9062811732292175,0.6310893297195435
YHR021C,YGL170C,0,0.32365456,0.1259177178144455,0.9062811732292175,0.6311893463134766
YFL025C,YGL209W,0,0.3227467,0.1259002834558487,0.9062811732292175,0.6312893629074097
YML023C,YDR443C,0,0.32167435,0.1258828490972519,0.9062811732292175,0.6313894391059875
YDL035C,YAL041W,1,0.3216731,0.12600387632846832,0.9072781801223755,0.6313894391059875
YLR312W-A,YJL106W,0,0.3216269,0.12598642706871033,0.9072781801223755,0.6314894556999207
YKL108W,YOL057W,0,0.3212223,0.12596899271011353,0.9072781801223755,0.6315894722938538
YIR036C,YIL043C,0,0.32107094,0.12595155835151672,0.9072781801223755,0.6316894888877869
YNL289W,YBR181C,0,0.32094872,0.12593412399291992,0.9072781801223755,0.6317895650863647
YLR360W,YDR479C,0,0.32060814,0.12591670453548431,0.9072781801223755,0.6318895816802979
YMR270C,YGR026W,0,0.32032996,0.1258992850780487,0.9072781801223755,0.631989598274231
YLR442C,YMR128W,0,0.31966358,0.1258818656206131,0.9072781801223755,0.6320896148681641
YDL038C,YMR256C,0,0.3196593,0.12586446106433868,0.9072781801223755,0.6321896314620972
YER111C,YJR083C,0,0.3192373,0.12584704160690308,0.9072781801223755,0.632289707660675
YDL040C,YPR054W,0,0.31810313,0.12582965195178986,0.9072781801223755,0.6323897242546082
YLR192C,YDR528W,0,0.31783158,0.12581224739551544,0.9072781801223755,0.6324897408485413
YGR169C,YBR003W,0,0.31775582,0.12579485774040222,0.9072781801223755,0.6325897574424744
YGR052W,YGR188C,0,0.31731576,0.125777468085289,0.9072781801223755,0.6326898336410522
YIL170W,YFL035C,0,0.31645936,0.12576009333133698,0.9072781801223755,0.6327898502349854
YOL090W,YNL052W,0,0.31598777,0.12574270367622375,0.9072781801223755,0.6328898668289185
YHR111W,YOR371C,1,0.31594568,0.12586349248886108,0.9082751870155334,0.6328898668289185
YKL129C,YMR322C,0,0.3158883,0.12584611773490906,0.9082751870155334,0.6329898834228516
YKL212W,YMR168C,0,0.31574965,0.12582872807979584,0.9082751870155334,0.6330899000167847
YLR265C,YOR047C,0,0.31452757,0.1258113533258438,0.9082751870155334,0.6331899762153625
YOR039W,YDR418W,0,0.31411767,0.12579397857189178,0.9082751870155334,0.6332899928092957
YLR121C,YFR045W,0,0.31394726,0.12577661871910095,0.9082751870155334,0.6333900094032288
YDL134C-A,YGL151W,0,0.3136848,0.12575924396514893,0.9082751870155334,0.6334900259971619
YMR262W,YDR518W,0,0.3130523,0.1257418841123581,0.9082751870155334,0.6335901021957397
YKL097W-A,YOR113W,0,0.3129363,0.12572453916072845,0.9082751870155334,0.6336901187896729
YNL008C,YNL159C,0,0.31293607,0.12570719420909882,0.9082751870155334,0.633790135383606
YDL045W-A,YIL147C,0,0.31197584,0.12568984925746918,0.9082751870155334,0.6338901519775391
YML059C,YML096W,0,0.31127703,0.12567250430583954,0.9082751870155334,0.6339901685714722
YLR239C,YMR125W,0,0.31075576,0.1256551742553711,0.9082751870155334,0.63409024477005
YDR219C,YAR019C,0,0.31000254,0.12563784420490265,0.9082751870155334,0.6341902613639832
YDR083W,YMR050C,0,0.308852,0.1256205141544342,0.9082751870155334,0.6342902779579163
YNL132W,YCL008C,0,0.308789,0.12560319900512695,0.9082751870155334,0.6343902945518494
YOR239W,YDR372C,0,0.30874726,0.1255858838558197,0.9082751870155334,0.6344903707504272
YDR173C,YGR165W,0,0.30842787,0.12556856870651245,0.9082751870155334,0.6345903873443604
YIL004C,YOR179C,0,0.3082199,0.1255512684583664,0.9082751870155334,0.6346904039382935
YHR012W,YFR045W,0,0.30659032,0.12553396821022034,0.9082751870155334,0.6347904205322266
YBL051C,YOL123W,0,0.30649415,0.12551666796207428,0.9082751870155334,0.6348904967308044
YOR087W,YPL276W,0,0.30641103,0.12549938261508942,0.9082751870155334,0.6349905133247375
YOR106W,YGR167W,0,0.30595618,0.12548209726810455,0.9082751870155334,0.6350905299186707
YER060W-A,YCL012W,0,0.30414632,0.1254648119211197,0.9082751870155334,0.6351905465126038
YIR002C,YHR209W,0,0.3041222,0.12544754147529602,0.9082751870155334,0.6352905631065369
YDR476C,YIL108W,0,0.30274957,0.12543025612831116,0.9082751870155334,0.6353906393051147
YDL206W,YLR099C,0,0.30247927,0.12541300058364868,0.9082751870155334,0.6354906558990479
YER164W,YBR188C,0,0.30128413,0.125395730137825,0.9082751870155334,0.635590672492981
YMR210W,YOR381W,0,0.30101028,0.12537847459316254,0.9082751870155334,0.6356906890869141
YNR052C,YFR008W,0,0.3008724,0.12536121904850006,0.9082751870155334,0.6357907652854919
YOL003C,YDL075W,0,0.3008225,0.12534397840499878,0.9082751870155334,0.635890781879425
YDL215C,YBR096W,0,0.30067608,0.1253267228603363,0.9082751870155334,0.6359907984733582
YGR292W,YKR002W,0,0.3005659,0.12530949711799622,0.9082751870155334,0.6360908150672913
YLR096W,YFL041W,0,0.30009258,0.12529225647449493,0.9082751870155334,0.6361908316612244
YNL314W,YOR227W,0,0.30001706,0.12527503073215485,0.9082751870155334,0.6362909078598022
YML031W,YNL190W,0,0.29999346,0.12525780498981476,0.9082751870155334,0.6363909244537354
YLR265C,YCR097WB,0,0.29998678,0.12524057924747467,0.9082751870155334,0.6364909410476685
YBR040W,YEL006W,0,0.2995099,0.12522336840629578,0.9082751870155334,0.6365909576416016
YBR101C,YER112W,0,0.2991986,0.12520615756511688,0.9082751870155334,0.6366910338401794
YDR134C,YMR316W,0,0.2991011,0.125188946723938,0.9082751870155334,0.6367910504341125
YMR192W,YGR080W,0,0.29904175,0.1251717507839203,0.9082751870155334,0.6368910670280457
YFL049W,YBR248C,0,0.29854184,0.1251545548439026,0.9082751870155334,0.6369910836219788
YGL104C,YLR203C,0,0.29779097,0.1251373589038849,0.9082751870155334,0.6370911002159119
YJL124C,YPR196W,0,0.29776853,0.12512017786502838,0.9082751870155334,0.6371911764144897
YBL005W-B,YDR326C,0,0.29769817,0.12510299682617188,0.9082751870155334,0.6372911930084229
YDR177W,YEL069C,0,0.2972809,0.12508581578731537,0.9082751870155334,0.637391209602356
YBR297W,YFL035C,0,0.29708058,0.12506864964962006,0.9082751870155334,0.6374912261962891
YOR239W,YLL022C,0,0.2970099,0.12505146861076355,0.9082751870155334,0.6375913023948669
YLL040C,YMR268W-A,0,0.29685363,0.12503431737422943,0.9082751870155334,0.6376913189888
YOR182C,YMR015C,0,0.2950508,0.12501715123653412,0.9082751870155334,0.6377913355827332
YHR138C,YML009C,0,0.29230863,0.125,0.9082751870155334,0.6378913521766663
YIL074C,YMR131C,0,0.2914127,0.12498284876346588,0.9082751870155334,0.6379913687705994
YLR364W,YKL200C,0,0.291125,0.12496570497751236,0.9082751870155334,0.6380914449691772
YPR168W,YHR029C,0,0.28853166,0.12494856864213943,0.9082751870155334,0.6381914615631104
YAR019C,YHL016C,0,0.2882868,0.12493143230676651,0.9082751870155334,0.6382914781570435
YDR131C,YNR057C,0,0.2878567,0.12491430342197418,0.9082751870155334,0.6383914947509766
YOR116C,YLR440C,0,0.2872241,0.12489717453718185,0.9082751870155334,0.6384915709495544
YOR228C,YBL051C,0,0.28650236,0.12488005310297012,0.9082751870155334,0.6385915875434875
YJL012C-A,YHL021C,0,0.2864914,0.12486293911933899,0.9082751870155334,0.6386916041374207
YCR094W,YDR242W,0,0.28646222,0.12484582513570786,0.9082751870155334,0.6387916207313538
YMR226C,YGL233W,0,0.28584987,0.12482871860265732,0.9082751870155334,0.6388916969299316
YOR047C,YMR114C,0,0.2858041,0.12481161952018738,0.9082751870155334,0.6389917135238647
YPL097W,YOR313C,0,0.28513741,0.12479452043771744,0.9082751870155334,0.6390917301177979
YDL030W,YPL213W,0,0.28510922,0.1247774288058281,0.9082751870155334,0.639191746711731
YLR107W,YBR257W,0,0.28465253,0.12476033717393875,0.9082751870155334,0.6392917633056641
YGL237C,YKL143W,0,0.28447986,0.12474325299263,0.9082751870155334,0.6393918395042419
YOR109W,YMR050C,0,0.28374094,0.12472617626190186,0.9082751870155334,0.639491856098175
YKR019C,YNL251C,0,0.28360584,0.1247091069817543,0.9082751870155334,0.6395918726921082
YER149C,YIL156W,0,0.28324482,0.12469203025102615,0.9082751870155334,0.6396918892860413
YMR316W,YER118C,1,0.28306377,0.1248118206858635,0.9092721939086914,0.6396918892860413
YNL308C,YLL011W,0,0.28256476,0.12479474395513535,0.9092721939086914,0.6397919654846191
YKL200C,YMR246W,0,0.28220624,0.12477767467498779,0.9092721939086914,0.6398919820785522
YDR398W,YHR030C,0,0.28213578,0.12476060539484024,0.9092721939086914,0.6399919986724854
YOR211C,YNL309W,0,0.28177097,0.12474353611469269,0.9092721939086914,0.6400920152664185
YPR178W,YBR241C,0,0.28153214,0.12472647428512573,0.9092721939086914,0.6401920318603516
YDR292C,YPR036W,0,0.2815215,0.12470941990613937,0.9092721939086914,0.6402921080589294
YCR094W,YIL039W,0,0.2811612,0.12469237297773361,0.9092721939086914,0.6403921246528625
YLR193C,YOL052C,0,0.2807104,0.12467532604932785,0.9092721939086914,0.6404921412467957
YLR213C,YDR169C,0,0.28018785,0.12465828657150269,0.9092721939086914,0.6405921578407288
YGR279C,YJR119C,0,0.27986243,0.12464124709367752,0.9092721939086914,0.6406922340393066
YKL003C,YNL280C,0,0.27969766,0.12462421506643295,0.9092721939086914,0.6407922506332397
YEL030W,YLR389C,0,0.27929443,0.12460719048976898,0.9092721939086914,0.6408922672271729
YMR284W,YIR011C,0,0.27861744,0.12459016591310501,0.9092721939086914,0.640992283821106
YDR392W,YER108C,1,0.27832013,0.12470974028110504,0.9102692008018494,0.640992283821106
YJL087C,YDR040C,0,0.27724925,0.12469270825386047,0.9102692008018494,0.6410923004150391
YCR096C,YDL113C,0,0.27720532,0.1246756762266159,0.9102692008018494,0.6411923766136169
YMR241W,YJL003W,0,0.2770812,0.12465865910053253,0.9102692008018494,0.64129239320755
YGR212W,YNL221C,0,0.27667862,0.12464163452386856,0.9102692008018494,0.6413924098014832
YOL107W,YKL156W,0,0.27625972,0.12462462484836578,0.9102692008018494,0.6414924263954163
YGR174C,YIL076W,0,0.27607965,0.124607615172863,0.9102692008018494,0.6415925025939941
YDL107W,YML112W,0,0.27538237,0.12459061294794083,0.9102692008018494,0.6416925191879272
YOR030W,YDR251W,1,0.275264,0.12471005320549011,0.9112662076950073,0.6416925191879272
YBR078W,YER115C,0,0.2748868,0.12469304352998734,0.9112662076950073,0.6417925357818604
YLR223C,YER171W,0,0.27422762,0.12467603385448456,0.9112662076950073,0.6418925523757935
YMR300C,YKL053C-A,0,0.27364665,0.12465903162956238,0.9112662076950073,0.6419925689697266
YDR392W,YHR164C,0,0.27342108,0.1246420294046402,0.9112662076950073,0.6420926451683044
YPR068C,YNL153C,0,0.27314547,0.12462503463029861,0.9112662076950073,0.6421926617622375
YNR067C,YMR008C,0,0.27278575,0.12460804730653763,0.9112662076950073,0.6422926783561707
YGL200C,YNL138W-A,0,0.27264786,0.12459105998277664,0.9112662076950073,0.6423926949501038
YPL173W,YOL100W,0,0.27208304,0.12457408010959625,0.9112662076950073,0.6424927711486816
YBR012W-A,YGR214W,0,0.27140886,0.12455710023641586,0.9112662076950073,0.6425927877426147
YDR487C,YDL124W,0,0.27136058,0.12454012781381607,0.9112662076950073,0.6426928043365479
YLR078C,YGR184C,0,0.2712959,0.12452316284179688,0.9112662076950073,0.642792820930481
YMR210W,YDL106C,0,0.27063814,0.12450619786977768,0.9112662076950073,0.6428928971290588
YHR033W,YGR268C,0,0.27060795,0.12448924034833908,0.9112662076950073,0.6429929137229919
YDR328C,YPL092W,0,0.2700189,0.12447228282690048,0.9112662076950073,0.643092930316925
YEL030W,YOR262W,0,0.26993185,0.12445534020662308,0.9112662076950073,0.6431929469108582
YGL113W,YKR097W,0,0.26886365,0.12443839013576508,0.9112662076950073,0.6432929635047913
YEL022W,YBL055C,0,0.2673097,0.12442145496606827,0.9112662076950073,0.6433930397033691
YJR035W,YGL019W,0,0.26627448,0.12440451979637146,0.9112662076950073,0.6434930562973022
YHR193C,YDR476C,0,0.26627314,0.12438759207725525,0.9112662076950073,0.6435930728912354
YMR150C,YAL012W,0,0.2656625,0.12437066435813904,0.9112662076950073,0.6436930894851685
YLR160C,YJL108C,0,0.26547396,0.12435374408960342,0.9112662076950073,0.6437931656837463
YPL060W,YOR054C,0,0.26491058,0.12433682382106781,0.9112662076950073,0.6438931822776794
YOR046C,YOR290C,0,0.26445246,0.12431991100311279,0.9112662076950073,0.6439931988716125
YGL073W,YLR447C,0,0.2644379,0.12430300563573837,0.9112662076950073,0.6440932154655457
YOL051W,YGL103W,0,0.2641741,0.12428610026836395,0.9112662076950073,0.6441932320594788
YBR272C,YOR396W,0,0.26414347,0.12426920235157013,0.9112662076950073,0.6442933082580566
YGR221C,YHR184W,0,0.26398373,0.1242523118853569,0.9112662076950073,0.6443933248519897
YMR200W,YGR180C,0,0.2639147,0.12423542141914368,0.9112662076950073,0.6444933414459229
YNR011C,YMR145C,0,0.26307905,0.12421853840351105,0.9112662076950073,0.644593358039856
YFL018W-A,YNL261W,0,0.26167184,0.12420165538787842,0.9112662076950073,0.6446934342384338
YBL103C,YOL057W,0,0.26165625,0.12418477982282639,0.9112662076950073,0.6447934508323669
YNR048W,YFR030W,0,0.26109517,0.12416791170835495,0.9112662076950073,0.6448934674263
YGL112C,YBR046C,0,0.2610711,0.12415104359388351,0.9112662076950073,0.6449934840202332
YFL044C,YPL095C,0,0.26021713,0.12413418292999268,0.9112662076950073,0.6450935006141663
YJR053W,YLR396C,0,0.25924107,0.12411732971668243,0.9112662076950073,0.6451935768127441
YPR155C,YPL096W,0,0.25862077,0.12410047650337219,0.9112662076950073,0.6452935934066772
YER108C,YMR238W,1,0.25858682,0.1242193877696991,0.9122632145881653,0.6452935934066772
YMR289W,YGL046W,0,0.2584209,0.12420252710580826,0.9122632145881653,0.6453936100006104
YLR312C-B,YAL041W,1,0.2577551,0.12432138621807098,0.9132602214813232,0.6453936100006104
YOR001W,YGL049C,0,0.25761983,0.12430451810359955,0.9132602214813232,0.6454936265945435
YKL015W,YIR037W,0,0.25749677,0.12428764998912811,0.9132602214813232,0.6455937027931213
YLR391W,YBL060W,0,0.25731143,0.12427078932523727,0.9132602214813232,0.6456937193870544
YFL035C,YGR040W,0,0.25719002,0.12425393611192703,0.9132602214813232,0.6457937359809875
YLR085C,YGR252W,0,0.2570057,0.12423708289861679,0.9132602214813232,0.6458937525749207
YAL056W,YNL079C,1,0.25693238,0.12435584515333176,0.9142572283744812,0.6458937525749207
YOL030W,YLR370C,0,0.25675118,0.12433898448944092,0.9142572283744812,0.6459937691688538
YGL185C,YBL055C,0,0.25663537,0.12432212382555008,0.9142572283744812,0.6460938453674316
YDR379W,YDR099W,1,0.25554228,0.12444082647562027,0.9152542352676392,0.6460938453674316
YMR237W,YKL126W,0,0.25549072,0.12442396581172943,0.9152542352676392,0.6461938619613647
YKL054C,YDR096W,0,0.2530233,0.124407097697258,0.9152542352676392,0.6462938785552979
YJR055W,YBL098W,0,0.2525018,0.12439024448394775,0.9152542352676392,0.646393895149231
YNL044W,YDL195W,0,0.2520628,0.12437339127063751,0.9152542352676392,0.6464939713478088
YLR466W,YKR006C,0,0.25102377,0.12435654550790787,0.9152542352676392,0.6465939879417419
YMR267W,YOR386W,0,0.2509703,0.12433969974517822,0.9152542352676392,0.646694004535675
YGL067W,YNL122C,0,0.2502343,0.12432286143302917,0.9152542352676392,0.6467940211296082
YNL330C,YNR015W,0,0.25020337,0.12430602312088013,0.9152542352676392,0.646894097328186
YDR196C,YNL078W,0,0.25017518,0.12428919225931168,0.9152542352676392,0.6469941139221191
YJL176C,YLR427W,0,0.24868327,0.12427236884832382,0.9152542352676392,0.6470941305160522
YER108C,YGL190C,1,0.24868247,0.12439090758562088,0.9162512421607971,0.6470941305160522
YOR258W,YFL002W-A,0,0.24865669,0.12437406927347183,0.9162512421607971,0.6471941471099854
YFL049W,YDR134C,0,0.24846411,0.12435723841190338,0.9162512421607971,0.6472941637039185
YJR112W,YHR025W,0,0.24824142,0.12434041500091553,0.9162512421607971,0.6473942399024963
YGR046W,YOR377W,0,0.24821228,0.12432359158992767,0.9162512421607971,0.6474942564964294
YKL190W,YML129C,0,0.24797672,0.12430677562952042,0.9162512421607971,0.6475942730903625
YGR283C,YIR004W,0,0.24612525,0.12428996711969376,0.9162512421607971,0.6476942896842957
YLR380W,YIL123W,0,0.24601895,0.1242731586098671,0.9162512421607971,0.6477943658828735
YBR006W,YDR407C,0,0.2454876,0.12425635755062103,0.9162512421607971,0.6478943824768066
YNL251C,YLR381W,0,0.24521199,0.12423955649137497,0.9162512421607971,0.6479943990707397
YGR222W,YBR059C,0,0.24495733,0.1242227628827095,0.9162512421607971,0.6480944156646729
YNL293W,YMR038C,0,0.24487787,0.12420597672462463,0.9162512421607971,0.648194432258606
YOR290C,YBR029C,0,0.24466252,0.12418919056653976,0.9162512421607971,0.6482945084571838
YGR274C,YBL028C,0,0.24461,0.12417241185903549,0.9162512421607971,0.6483945250511169
YML032C,YGR054W,0,0.24371754,0.12415563315153122,0.9162512421607971,0.64849454164505
YBR054W,YDL077C,0,0.24352932,0.12413886189460754,0.9162512421607971,0.6485945582389832
YDR406W,YOR132W,0,0.24342197,0.12412209808826447,0.9162512421607971,0.648694634437561
YNL217W,YPL119C,0,0.24340674,0.12410533428192139,0.9162512421607971,0.6487946510314941
YEL044W,YER053C,0,0.24283385,0.1240885779261589,0.9162512421607971,0.6488946676254272
YJR151C,YPL262W,0,0.24265558,0.12407182157039642,0.9162512421607971,0.6489946842193604
YDR138W,YNL054W,0,0.24242729,0.12405507266521454,0.9162512421607971,0.6490947008132935
YML124C,YKL024C,0,0.24232435,0.12403833121061325,0.9162512421607971,0.6491947770118713
YER099C,YAL008W,0,0.24219042,0.12402158975601196,0.9162512421607971,0.6492947936058044
YLR015W,YPL244C,0,0.2412087,0.12400485575199127,0.9162512421607971,0.6493948101997375
YDR429C,YPR098C,0,0.24120694,0.12398812919855118,0.9162512421607971,0.6494948267936707
YOR236W,YBR159W,0,0.23970412,0.12397140264511108,0.9162512421607971,0.6495949029922485
YPR072W,YBR097W,0,0.23939675,0.12395468354225159,0.9162512421607971,0.6496949195861816
YAL016W,YDR296W,0,0.23933202,0.12393796443939209,0.9162512421607971,0.6497949361801147
YJL013C,YGR030C,0,0.23922944,0.12392125278711319,0.9162512421607971,0.6498949527740479
YBR218C,YPL113C,0,0.23875004,0.12390454113483429,0.9162512421607971,0.649994969367981
YBR084W,YBR028C,0,0.23818398,0.12388783693313599,0.9162512421607971,0.6500950455665588
YKR056W,YBR012W-B,0,0.2378307,0.12387114018201828,0.9162512421607971,0.6501950621604919
YDR075W,YBR130C,0,0.2368489,0.12385445088148117,0.9162512421607971,0.650295078754425
YJL021C,YLL008W,0,0.23650885,0.12383775413036346,0.9162512421607971,0.6503950953483582
YER120W,YFL066C,0,0.23632653,0.12382107228040695,0.9162512421607971,0.650495171546936
YOL144W,YPL157W,0,0.23614964,0.12380439043045044,0.9162512421607971,0.6505951881408691
YLR293C,YIL134W,0,0.23561239,0.12378771603107452,0.9162512421607971,0.6506952047348022
YMR203W,YDL033C,0,0.23489591,0.12377104163169861,0.9162512421607971,0.6507952213287354
YPL174C,YDR359C,0,0.23407614,0.12375437468290329,0.9162512421607971,0.6508952975273132
YBR029C,YLR363C,0,0.23364785,0.12373771518468857,0.9162512421607971,0.6509953141212463
YJR057W,YJR063W,0,0.23350069,0.12372105568647385,0.9162512421607971,0.6510953307151794
YMR308C,YDR449C,0,0.23343742,0.12370440363883972,0.9162512421607971,0.6511953473091125
YDR031W,YCR058C,0,0.23338285,0.1236877515912056,0.9162512421607971,0.6512953639030457
YLR058C,YMR240C,0,0.2332356,0.12367110699415207,0.9162512421607971,0.6513954401016235
YLR305C,YKL081W,0,0.23253196,0.12365446984767914,0.9162512421607971,0.6514954566955566
YDR309C,YML081C-A,0,0.23248026,0.12363783270120621,0.9162512421607971,0.6515954732894897
YNR035C,YGR217W,0,0.23222077,0.12362120300531387,0.9162512421607971,0.6516954898834229
YJR140C,YJR084W,0,0.23170793,0.12360457330942154,0.9162512421607971,0.6517955660820007
YMR316W,YLR312C-B,1,0.2312662,0.12372243404388428,0.9172482490539551,0.6517955660820007
YBR213W,YLR380W,0,0.23112345,0.12370579689741135,0.9172482490539551,0.6518955826759338
YBR299W,YLR237W,0,0.23063481,0.12368916720151901,0.9172482490539551,0.6519955992698669
YJL225C,YMR247C,0,0.22957689,0.12367253750562668,0.9172482490539551,0.6520956158638
YLR362W,YNL119W,1,0.22829105,0.12379032373428345,0.918245255947113,0.6520956158638
YKR030W,YAR031W,0,0.2282498,0.12377368658781052,0.918245255947113,0.6521956324577332
YLR163C,YNR045W,0,0.2277446,0.12375705689191818,0.918245255947113,0.652295708656311
YCR055C,YPR006C,0,0.22749536,0.12374042719602585,0.918245255947113,0.6523957252502441
YKL089W,YCL039W,0,0.22688621,0.12372380495071411,0.918245255947113,0.6524957418441772
YEL006W,YBR075W,0,0.22644359,0.12370718270540237,0.918245255947113,0.6525957584381104
YIL064W,YOL045W,0,0.22615711,0.12369057536125183,0.918245255947113,0.6526958346366882
YAL034W-A,YJL162C,0,0.22499527,0.12367396056652069,0.918245255947113,0.6527958512306213
YDR072C,YGR180C,0,0.22392815,0.12365736067295074,0.918245255947113,0.6528958678245544
YDL024C,YDL035C,1,0.22278798,0.12377500534057617,0.919242262840271,0.6528958678245544
YHR214W,YDR139C,0,0.22273797,0.12375839054584503,0.919242262840271,0.6529958844184875
YKR028W,YMR276W,0,0.22234434,0.12374178320169449,0.919242262840271,0.6530959010124207
YNR021W,YJL003W,0,0.22096977,0.12372517585754395,0.919242262840271,0.6531959772109985
YHR143W,YBR083W,1,0.22066593,0.1238427460193634,0.920239269733429,0.6531959772109985
YDL141W,YBL100W-B,0,0.22009313,0.12382613122463226,0.920239269733429,0.6532959938049316
YNL267W,YDR308C,0,0.21973479,0.12380952388048172,0.920239269733429,0.6533960103988647
YER019C-A,YLR264W,0,0.2195431,0.12379291653633118,0.920239269733429,0.6534960269927979
YGR170W,YDR440W,0,0.21920288,0.12377631664276123,0.920239269733429,0.6535961031913757
YJL080C,YJR065C,0,0.21897292,0.12375972419977188,0.920239269733429,0.6536961197853088
YHL012W,YER044C-A,0,0.21882766,0.12374313175678253,0.920239269733429,0.6537961363792419
YOR233W,YPL225W,0,0.21864861,0.12372653931379318,0.920239269733429,0.653896152973175
YMR225C,YDR088C,0,0.21759662,0.12370996177196503,0.920239269733429,0.6539961695671082
YJL054W,YMR042W,0,0.21721968,0.12369337677955627,0.920239269733429,0.654096245765686
YMR077C,YOR201C,0,0.21630311,0.12367680668830872,0.920239269733429,0.6541962623596191
YHL035C,YDR524C,0,0.21597254,0.12366023659706116,0.920239269733429,0.6542962789535522
YML109W,YPR154W,0,0.21589923,0.1236436739563942,0.920239269733429,0.6543962955474854
YEL061C,YBR115C,0,0.21578205,0.12362711131572723,0.920239269733429,0.6544963717460632
YJR046W,YJL114W,0,0.21518563,0.12361055612564087,0.920239269733429,0.6545963883399963
YER137C,YBR164C,0,0.21476214,0.1235940009355545,0.920239269733429,0.6546964049339294
YPL063W,YIL080W,0,0.21456534,0.12357745319604874,0.920239269733429,0.6547964215278625
YMR210W,YIL079C,0,0.2143177,0.12356091290712357,0.920239269733429,0.6548964977264404
YPR073C,YML085C,0,0.21358436,0.1235443726181984,0.920239269733429,0.6549965143203735
YPL017C,YMR295C,0,0.21357945,0.12352783977985382,0.920239269733429,0.6550965309143066
YGL026C,YDR359C,0,0.2135278,0.12351130694150925,0.920239269733429,0.6551965475082397
YPR105C,YBR031W,0,0.21352124,0.12349478155374527,0.920239269733429,0.6552965641021729
YLR113W,YDR128W,0,0.2127572,0.12347826361656189,0.920239269733429,0.6553966403007507
YER147C,YAL062W,0,0.21254864,0.12346174567937851,0.920239269733429,0.6554966568946838
YPL115C,YLR312C-B,1,0.21167327,0.12357897311449051,0.9212362766265869,0.6554966568946838
YLL013C,YLR038C,0,0.21090926,0.12356244772672653,0.9212362766265869,0.6555966734886169
YOL059W,YMR110C,0,0.2103576,0.12354592978954315,0.9212362766265869,0.65569669008255
YBR160W,YHR074W,0,0.21006143,0.12352941185235977,0.9212362766265869,0.6557967662811279
YKL077W,YKL143W,0,0.20991041,0.12351290136575699,0.9212362766265869,0.655896782875061
YGR253C,YPR182W,0,0.20989716,0.1234963908791542,0.9212362766265869,0.6559967994689941
YER115C,YGR120C,0,0.20975667,0.12347988784313202,0.9212362766265869,0.6560968160629272
YLR265C,YGR208W,0,0.20955122,0.12346339225769043,0.9212362766265869,0.6561968326568604
YNL250W,YJL053W,0,0.20897213,0.12344689667224884,0.9212362766265869,0.6562969088554382
YGR258C,YDR320C-A,0,0.20888174,0.12343040108680725,0.9212362766265869,0.6563969254493713
YLL018C,YDL084W,0,0.20858824,0.12341392040252686,0.9212362766265869,0.6564969420433044
YDR107C,YER108C,1,0.20850208,0.12353098392486572,0.9222332835197449,0.6564969420433044
YPR174C,YDR178W,0,0.20830786,0.12351448833942413,0.9222332835197449,0.6565969586372375
YOL112W,YER142C,0,0.20826179,0.12349800020456314,0.9222332835197449,0.6566970348358154
YLR260W,YOL107W,0,0.2082085,0.12348151206970215,0.9222332835197449,0.6567970514297485
YDL018C,YPL130W,0,0.20756775,0.12346503138542175,0.9222332835197449,0.6568970680236816
YPR138C,YPL082C,0,0.20562518,0.12344855070114136,0.9222332835197449,0.6569970846176147
YOL144W,YBR299W,0,0.20445102,0.12343207746744156,0.9222332835197449,0.6570971012115479
YDR086C,YBR016W,0,0.20443642,0.12341561168432236,0.9222332835197449,0.6571971774101257
YPR091C,YFL018W-A,0,0.20275432,0.12339914590120316,0.9222332835197449,0.6572971940040588
YDR270W,YLR163C,0,0.20266503,0.12338268756866455,0.9222332835197449,0.6573972105979919
YLR107W,YKL200C,0,0.20124483,0.12336622923612595,0.9222332835197449,0.657497227191925
YMR168C,YPL204W,0,0.1995841,0.12334977835416794,0.9222332835197449,0.6575973033905029
YJL183W,YIL101C,0,0.19880956,0.12333333492279053,0.9222332835197449,0.657697319984436
YJR109C,YEL059C-A,0,0.1986615,0.12331689149141312,0.9222332835197449,0.6577973365783691
YLR164W,YNL159C,0,0.19866043,0.1233004555106163,0.9222332835197449,0.6578973531723022
YNL206C,YGR276C,0,0.19855307,0.12328401952981949,0.9222332835197449,0.6579973697662354
YPL150W,YOR026W,0,0.1972973,0.12326759099960327,0.9222332835197449,0.6580974459648132
YGR272C,YDR204W,0,0.1969094,0.12325116246938705,0.9222332835197449,0.6581974625587463
YPR187W,YDL134C-A,0,0.19539441,0.12323474884033203,0.9222332835197449,0.6582974791526794
YHL008C,YLR370C,0,0.1953913,0.12321832776069641,0.9222332835197449,0.6583974957466125
YDR296W,YHR114W,0,0.19490722,0.12320192158222198,0.9222332835197449,0.6584975719451904
YCR038C,YHR156C,0,0.1948078,0.12318550795316696,0.9222332835197449,0.6585975885391235
YMR270C,YPL122C,0,0.19478521,0.12316910922527313,0.9222332835197449,0.6586976051330566
YDR099W,YER108C,1,0.19460785,0.12328584492206573,0.9232302904129028,0.6586976051330566
YLR037C,YER087C-A,0,0.19444919,0.12326943874359131,0.9232302904129028,0.6587976217269897
YGL096W,YPL094C,0,0.19341974,0.12325302511453629,0.9232302904129028,0.6588976979255676
YOR262W,YMR146C,0,0.19311565,0.12323662638664246,0.9232302904129028,0.6589977145195007
YPR097W,YGR032W,0,0.19268638,0.12322022765874863,0.9232302904129028,0.6590977311134338
YOR030W,YOR371C,1,0.19201243,0.12333688139915466,0.9242272973060608,0.6590977311134338
YBR024W,YLR201C,0,0.1919327,0.12332047522068024,0.9242272973060608,0.6591977477073669
YBR196C,YOR099W,0,0.1913813,0.12330406904220581,0.9242272973060608,0.6592977643013
YGR224W,YML088W,0,0.19076514,0.12328767031431198,0.9242272973060608,0.6593978404998779
YDR415C,YJL179W,0,0.1904557,0.12327127903699875,0.9242272973060608,0.659497857093811
YJR078W,YPL137C,0,0.1897939,0.12325488775968552,0.9242272973060608,0.6595978736877441
YNL233W,YOR067C,0,0.18924329,0.12323850393295288,0.9242272973060608,0.6596978902816772
YNR048W,YML031W,0,0.18736061,0.12322212010622025,0.9242272973060608,0.6597979664802551
YNL086W,YDL136W,0,0.18733329,0.1232057437300682,0.9242272973060608,0.6598979830741882
YLL031C,YLR446W,0,0.18632364,0.12318936735391617,0.9242272973060608,0.6599979996681213
YGL147C,YCL026C-B,0,0.18628407,0.12317299842834473,0.9242272973060608,0.6600980162620544
YOR069W,YBR156C,0,0.185907,0.12315663695335388,0.9242272973060608,0.6601980328559875
YDL012C,YHR028C,0,0.18398395,0.12314027547836304,0.9242272973060608,0.6602981090545654
YFR006W,YHR020W,0,0.18352544,0.12312392145395279,0.9242272973060608,0.6603981256484985
YMR298W,YBL010C,0,0.18243852,0.12310756742954254,0.9242272973060608,0.6604981422424316
YFR031C,YER155C,0,0.18213193,0.12309122085571289,0.9242272973060608,0.6605981588363647
YGL116W,YDR395W,0,0.18190852,0.12307488173246384,0.9242272973060608,0.6606982350349426
YGR144W,YAR019C,0,0.18188056,0.12305854260921478,0.9242272973060608,0.6607982516288757
YPL093W,YBL113C,0,0.18167527,0.12304221093654633,0.9242272973060608,0.6608982682228088
YOR019W,YIL096C,0,0.1811809,0.12302587926387787,0.9242272973060608,0.6609982848167419
YDR364C,YGR178C,0,0.18087107,0.12300955504179001,0.9242272973060608,0.661098301410675
YDL130W,YHR209W,0,0.18058312,0.12299323081970215,0.9242272973060608,0.6611983776092529
YLR403W,YNL248C,0,0.18053257,0.12297691404819489,0.9242272973060608,0.661298394203186
YBR141C,YGR008C,0,0.18030167,0.12296060472726822,0.9242272973060608,0.6613984107971191
YFR036W,YKL081W,0,0.18028486,0.12294429540634155,0.9242272973060608,0.6614984273910522
YNL176C,YDR503C,0,0.17948848,0.12292799353599548,0.9242272973060608,0.6615985035896301
YLR452C,YCR046C,0,0.17936409,0.12291169166564941,0.9242272973060608,0.6616985201835632
YOR025W,YBR193C,0,0.17901093,0.12289539724588394,0.9242272973060608,0.6617985367774963
YOR079C,YDR399W,0,0.17858726,0.12287911027669907,0.9242272973060608,0.6618985533714294
YDR011W,YDR503C,0,0.17813458,0.12286282330751419,0.9242272973060608,0.6619985699653625
YIL056W,YLR224W,0,0.17757331,0.12284654378890991,0.9242272973060608,0.6620986461639404
YKL024C,YEL065W,0,0.17749244,0.12283026427030563,0.9242272973060608,0.6621986627578735
YDR447C,YNL046W,0,0.17723998,0.12281399220228195,0.9242272973060608,0.6622986793518066
YJR120W,YBR023C,0,0.17721158,0.12279772013425827,0.9242272973060608,0.6623986959457397
YEL001C,YMR117C,0,0.17662477,0.12278145551681519,0.9242272973060608,0.6624987721443176
YKL041W,YGL018C,0,0.17630678,0.1227651983499527,0.9242272973060608,0.6625987887382507
YHR064C,YMR145C,0,0.17568377,0.12274894118309021,0.9242272973060608,0.6626988053321838
YJL073W,YCL043C,0,0.17551321,0.12273269146680832,0.9242272973060608,0.6627988219261169
YLR324W,YBR074W,0,0.1746307,0.12271644175052643,0.9242272973060608,0.6628988981246948
YML088W,YJR001W,0,0.17397836,0.12270019948482513,0.9242272973060608,0.6629989147186279
YDR434W,YJR015W,0,0.17379391,0.12268395721912384,0.9242272973060608,0.663098931312561
YCR086W,YPL127C,0,0.17368758,0.12266772240400314,0.9242272973060608,0.6631989479064941
YLR085C,YMR086W,0,0.17337367,0.12265149503946304,0.9242272973060608,0.6632989645004272
YKR103W,YGR112W,0,0.17250606,0.12263526767492294,0.9242272973060608,0.6633990406990051
YLR312C-B,YDR107C,1,0.17221037,0.12275132536888123,0.9252243041992188,0.6633990406990051
YNL246W,YOR119C,0,0.17207938,0.12273509055376053,0.9252243041992188,0.6634990572929382
YGR072W,YOR335C,0,0.17201346,0.12271885573863983,0.9252243041992188,0.6635990738868713
YDR172W,YDR109C,0,0.17156607,0.12270262837409973,0.9252243041992188,0.6636990904808044
YDR018C,YGR264C,0,0.17144722,0.12268640846014023,0.9252243041992188,0.6637991666793823
YFL035C-A,YGL219C,0,0.17128737,0.12267018854618073,0.9252243041992188,0.6638991832733154
YGR174C,YIL128W,0,0.17122626,0.12265397608280182,0.9252243041992188,0.6639991998672485
YNL282W,YDR083W,0,0.17101896,0.12263777107000351,0.9252243041992188,0.6640992164611816
YHR108W,YHR028C,0,0.17055154,0.1226215660572052,0.9252243041992188,0.6641992330551147
YPR046W,YLR024C,0,0.16983658,0.12260536104440689,0.9252243041992188,0.6642993092536926
YDL208W,YML059C,0,0.16895959,0.12258917093276978,0.9252243041992188,0.6643993258476257
YEL030W,YPL183C,0,0.16885453,0.12257297337055206,0.9252243041992188,0.6644993424415588
YLR395C,YOR265W,0,0.16879378,0.12255679070949554,0.9252243041992188,0.6645993590354919
YCL052C,YPR048W,0,0.16864789,0.12254060804843903,0.9252243041992188,0.6646994352340698
YNL049C,YPL099C,0,0.1674791,0.12252442538738251,0.9252243041992188,0.6647994518280029
YOL030W,YLR120C,0,0.16732311,0.12250825017690659,0.9252243041992188,0.664899468421936
YDR014W,YHR120W,0,0.1672219,0.12249208241701126,0.9252243041992188,0.6649994850158691
YGL050W,YGR103W,0,0.16698189,0.12247591465711594,0.9252243041992188,0.6650995016098022
YLR187W,YMR091C,0,0.16675855,0.12245975434780121,0.9252243041992188,0.6651995778083801
YDR205W,YDR076W,0,0.16581869,0.12244359403848648,0.9252243041992188,0.6652995944023132
YER072W,YAL024C,0,0.16536099,0.12242744117975235,0.9252243041992188,0.6653996109962463
YJR057W,YOR338W,0,0.16485575,0.12241128832101822,0.9252243041992188,0.6654996275901794
YML057W,YMR198W,0,0.16326773,0.12239514291286469,0.9252243041992188,0.6655997037887573
YDL070W,YLR301W,0,0.16312051,0.12237900495529175,0.9252243041992188,0.6656997203826904
YER098W,YJR010W,0,0.16294587,0.12236286699771881,0.9252243041992188,0.6657997369766235
YMR179W,YHR135C,0,0.16233726,0.12234673649072647,0.9252243041992188,0.6658997535705566
YPL115C,YMR016C,1,0.1622312,0.1224624291062355,0.9262213110923767,0.6658997535705566
YDR513W,YOR138C,0,0.16154973,0.12244629114866257,0.9262213110923767,0.6659997701644897
YKR007W,YLR085C,0,0.1612789,0.12243015319108963,0.9262213110923767,0.6660998463630676
YGL120C,YPL006W,0,0.16062135,0.12241402268409729,0.9262213110923767,0.6661998629570007
YBR012W-A,YKR006C,0,0.16059732,0.12239789217710495,0.9262213110923767,0.6662998795509338
YJL011C,YGR004W,0,0.16053396,0.1223817691206932,0.9262213110923767,0.6663998961448669
YCR094W,YKR090W,0,0.15905252,0.12236564606428146,0.9262213110923767,0.6664999723434448
YBL064C,YJR045C,0,0.15857098,0.12234953045845032,0.9262213110923767,0.6665999889373779
YLR115W,YLL067C,0,0.15845792,0.12233342230319977,0.9262213110923767,0.666700005531311
YLR175W,YNL095C,0,0.15797165,0.12231731414794922,0.9262213110923767,0.6668000221252441
YER140W,YLR129W,0,0.15783514,0.12230121344327927,0.9262213110923767,0.666900098323822
YGR158C,YNL061W,0,0.15765996,0.12228511273860931,0.9262213110923767,0.6670001149177551
YFL056C,YFR033C,0,0.15684903,0.12226901948451996,0.9262213110923767,0.6671001315116882
YDR313C,YDR389W,0,0.15651092,0.1222529262304306,0.9262213110923767,0.6672001481056213
YDR259C,YBR207W,0,0.15481001,0.12223684042692184,0.9262213110923767,0.6673001646995544
YKL149C,YPL021W,1,0.15435165,0.12235232442617416,0.9272183179855347,0.6673001646995544
YIL090W,YDL175C,0,0.15419471,0.12233622372150421,0.9272183179855347,0.6674002408981323
YKL028W,YJL058C,0,0.15365398,0.12232013791799545,0.9272183179855347,0.6675002574920654
YHR073W,YDR251W,1,0.15361726,0.122435562312603,0.9282153248786926,0.6675002574920654
YOR347C,YDL189W,0,0.15322113,0.12241946160793304,0.9282153248786926,0.6676002740859985
YNR019W,YER147C,0,0.15276246,0.12240336835384369,0.9282153248786926,0.6677002906799316
YDL067C,YGL046W,0,0.1523225,0.12238727509975433,0.9282153248786926,0.6678003668785095
YML040W,YIL113W,0,0.1521998,0.12237118929624557,0.9282153248786926,0.6679003834724426
YNL283C,YDR465C,0,0.15190068,0.12235510349273682,0.9282153248786926,0.6680004000663757
YOR372C,YHL021C,0,0.15099305,0.12233902513980865,0.9282153248786926,0.6681004166603088
YML067C,YBR043C,0,0.15085769,0.12232295423746109,0.9282153248786926,0.6682004332542419
YBR050C,YJR036C,0,0.15071088,0.12230688333511353,0.9282153248786926,0.6683005094528198
YHR009C,YDR337W,0,0.15055078,0.12229081988334656,0.9282153248786926,0.6684005260467529
YML082W,YIL153W,0,0.14922352,0.12227475643157959,0.9282153248786926,0.668500542640686
YIL090W,YKR007W,0,0.14917451,0.12225870043039322,0.9282153248786926,0.6686005592346191
YDR309C,YDR259C,0,0.1488185,0.12224264442920685,0.9282153248786926,0.668700635433197
YNL153C,YMR256C,0,0.14843437,0.12222659587860107,0.9282153248786926,0.6688006520271301
YDR146C,YBR101C,0,0.14820164,0.1222105547785759,0.9282153248786926,0.6689006686210632
YOR126C,YOR182C,0,0.14786145,0.12219451367855072,0.9282153248786926,0.6690006852149963
YML081W,YIR004W,0,0.14611709,0.12217848002910614,0.9282153248786926,0.6691007018089294
YKL085W,YBR222C,0,0.14608997,0.12216244637966156,0.9282153248786926,0.6692007780075073
YOL086W-A,YOL067C,0,0.14597277,0.12214642018079758,0.9282153248786926,0.6693007946014404
YKR049C,YDR280W,0,0.1450237,0.1221303939819336,0.9282153248786926,0.6694008111953735
YIL027C,YPL090C,0,0.14462866,0.12211437523365021,0.9282153248786926,0.6695008277893066
YCL057C-A,YKL135C,0,0.14462008,0.12209836393594742,0.9282153248786926,0.6696009039878845
YHL027W,YER040W,0,0.14460573,0.12208235263824463,0.9282153248786926,0.6697009205818176
YML132W,YDR110W,0,0.14450598,0.12206634134054184,0.9282153248786926,0.6698009371757507
YGR222W,YGL212W,0,0.14326152,0.12205033749341965,0.9282153248786926,0.6699009537696838
YKR053C,YGL167C,0,0.14297551,0.12203434109687805,0.9282153248786926,0.6700010299682617
YER007C-A,YER040W,0,0.14133394,0.12201835215091705,0.9282153248786926,0.6701010465621948
YHR039C-B,YDL134C-A,0,0.1397326,0.12200235575437546,0.9282153248786926,0.6702010631561279
YNR006W,YNR055C,0,0.13967103,0.12198637425899506,0.9282153248786926,0.670301079750061
YMR192W,YIL087C,0,0.13966048,0.12197039276361465,0.9282153248786926,0.6704010963439941
YJL013C,YDR482C,0,0.13956258,0.12195441126823425,0.9282153248786926,0.670501172542572
YOR264W,YGL026C,0,0.1392712,0.12193844467401505,0.9282153248786926,0.6706011891365051
YMR076C,YDL134C-A,0,0.13913238,0.12192247062921524,0.9282153248786926,0.6707012057304382
YDL225W,YDR039C,0,0.1389373,0.12190651148557663,0.9282153248786926,0.6708012223243713
YDR444W,YML098W,0,0.13872823,0.12189054489135742,0.9282153248786926,0.6709012985229492
YFL002W-A,YGL192W,0,0.137694,0.12187459319829941,0.9282153248786926,0.6710013151168823
YDR115W,YML076C,0,0.13613674,0.1218586415052414,0.9282153248786926,0.6711013317108154
YGR216C,YPL221W,0,0.13565236,0.12184268981218338,0.9282153248786926,0.6712013483047485
YPR156C,YHR209W,0,0.13481039,0.12182674556970596,0.9282153248786926,0.6713013648986816
YKR030W,YJR121W,0,0.1343049,0.12181080877780914,0.9282153248786926,0.6714014410972595
YJL033W,YLR248W,0,0.13386661,0.12179487198591232,0.9282153248786926,0.6715014576911926
YNL247W,YDR403W,0,0.13331407,0.1217789426445961,0.9282153248786926,0.6716014742851257
YOL053C-A,YDR226W,0,0.1332849,0.12176301330327988,0.9282153248786926,0.6717014908790588
YER149C,YIL030C,0,0.132364,0.12174709141254425,0.9282153248786926,0.6718015670776367
YFR006W,YDL083C,0,0.13223207,0.12173116952180862,0.9282153248786926,0.6719015836715698
YKL038W,YHR179W,0,0.13186538,0.1217152550816536,0.9282153248786926,0.6720016002655029
YGL090W,YPR067W,0,0.13155097,0.12169934809207916,0.9282153248786926,0.672101616859436
YCL063W,YHL012W,0,0.13076887,0.12168344110250473,0.9282153248786926,0.6722016334533691
YOL084W,YDL142C,0,0.13054901,0.1216675415635109,0.9282153248786926,0.672301709651947
YPR054W,YGR105W,0,0.13036466,0.12165164202451706,0.9282153248786926,0.6724017262458801
YJR006W,YPL193W,0,0.13027748,0.12163574248552322,0.9282153248786926,0.6725017428398132
YER013W,YCL044C,0,0.13023153,0.12161985784769058,0.9282153248786926,0.6726017594337463
YMR295C,YKL006C-A,0,0.12972307,0.12160397320985794,0.9282153248786926,0.6727018356323242
YLR396C,YFL035C,0,0.12946022,0.1215880885720253,0.9282153248786926,0.6728018522262573
YDR099W,YDR251W,1,0.12942863,0.12170279771089554,0.9292123913764954,0.6728018522262573
YPL231W,YDR083W,0,0.12904988,0.1216869056224823,0.9292123913764954,0.6729018688201904
YPL026C,YOR338W,0,0.12858295,0.12167102098464966,0.9292123913764954,0.6730018854141235
YGR216C,YBR192W,0,0.12812567,0.12165513634681702,0.9292123913764954,0.6731019020080566
YGL148W,YBR028C,0,0.12764478,0.12163925915956497,0.9292123913764954,0.6732019782066345
YGR037C,YMR296C,0,0.12749502,0.12162338197231293,0.9292123913764954,0.6733019948005676
YGL246C,YDR116C,0,0.12736344,0.12160751223564148,0.9292123913764954,0.6734020113945007
YFR050C,YHR201C,0,0.12717402,0.12159164994955063,0.9292123913764954,0.6735020279884338
YAL056W,YOL157C,0,0.12673986,0.12157578766345978,0.9292123913764954,0.6736021041870117
YDL021W,YGL061C,0,0.12546927,0.12155993282794952,0.9292123913764954,0.6737021207809448
YMR166C,YDR404C,0,0.12490031,0.12154407799243927,0.9292123913764954,0.6738021373748779
YLR052W,YBR233W-A,0,0.12282506,0.12152823060750961,0.9292123913764954,0.673902153968811
YIL137C,YPL098C,0,0.12270689,0.12151238322257996,0.9292123913764954,0.6740022301673889
YNR013C,YER120W,0,0.1225847,0.1214965432882309,0.9292123913764954,0.674102246761322
YNR031C,YGL104C,0,0.12193386,0.12148071080446243,0.9292123913764954,0.6742022633552551
YPL096W,YDR137W,0,0.1211182,0.12146487832069397,0.9292123913764954,0.6743022799491882
YGR202C,YOR363C,0,0.12057221,0.1214490458369255,0.9292123913764954,0.6744022965431213
YDL204W,YIR039C,0,0.12041998,0.12143322825431824,0.9292123913764954,0.6745023727416992
YHR009C,YCR029C-A,0,0.120265014,0.12141740322113037,0.9292123913764954,0.6746023893356323
YCR010C,YGL222C,0,0.11965185,0.1214015856385231,0.9292123913764954,0.6747024059295654
YIL090W,YOL011W,0,0.11958778,0.12138577550649643,0.9292123913764954,0.6748024225234985
YOR253W,YDR482C,0,0.11953314,0.12136997282505035,0.9292123913764954,0.6749024987220764
YAL020C,YCR037C,0,0.119511425,0.12135417014360428,0.9292123913764954,0.6750025153160095
YOR287C,YBL038W,0,0.11950098,0.1213383674621582,0.9292123913764954,0.6751025319099426
YBR078W,YBR089C-A,0,0.11932024,0.12132257223129272,0.9292123913764954,0.6752025485038757
YAL010C,YGL231C,0,0.11899108,0.12130678445100784,0.9292123913764954,0.6753025650978088
YNR059W,YCR046C,0,0.11892623,0.12129099667072296,0.9292123913764954,0.6754026412963867
YDL015C,YJR055W,0,0.118038714,0.12127520889043808,0.9292123913764954,0.6755026578903198
YBL037W,YLR391W-A,0,0.11732184,0.12125943601131439,0.9292123913764954,0.6756026744842529
YOL042W,YKR061W,0,0.11679505,0.12124365568161011,0.9292123913764954,0.675702691078186
YMR048W,YAL026C,0,0.11618096,0.12122789025306702,0.9292123913764954,0.6758027672767639
YOR327C,YJR036C,0,0.11583561,0.12121212482452393,0.9292123913764954,0.675902783870697
YNR019W,YHL016C,0,0.1157285,0.12119635939598083,0.9292123913764954,0.6760028004646301
YDR045C,YBR299W,0,0.115389526,0.12118060141801834,0.9292123913764954,0.6761028170585632
YIL172C,YFL035C-B,0,0.114021726,0.12116484344005585,0.9292123913764954,0.6762028336524963
YOR032C,YBR083W,1,0.113140166,0.12127908319234848,0.9302093982696533,0.6762028336524963
YLR460C,YNL287W,0,0.11310367,0.12126332521438599,0.9302093982696533,0.6763029098510742
YIL138C,YKL135C,0,0.11170977,0.1212475597858429,0.9302093982696533,0.6764029264450073
YHL031C,YMR233W,0,0.110987395,0.121231809258461,0.9302093982696533,0.6765029430389404
YBL092W,YER072W,0,0.11094952,0.1212160587310791,0.9302093982696533,0.6766029596328735
YDL045W-A,YJR026W,0,0.109946504,0.1212003082036972,0.9302093982696533,0.6767030358314514
YBR192W,YER005W,0,0.10927433,0.1211845725774765,0.9302093982696533,0.6768030524253845
YER051W,YGR145W,0,0.10848744,0.1211688295006752,0.9302093982696533,0.6769030690193176
YBL113C,YJL157C,0,0.10789286,0.1211530938744545,0.9302093982696533,0.6770030856132507
YKL011C,YML011C,0,0.10786229,0.12113736569881439,0.9302093982696533,0.6771031022071838
YKL079W,YNR055C,0,0.10658032,0.12112163752317429,0.9302093982696533,0.6772031784057617
YNL046W,YDR364C,0,0.10648444,0.12110591679811478,0.9302093982696533,0.6773031949996948
YAL041W,YKL042W,0,0.10578832,0.12109020352363586,0.9302093982696533,0.6774032115936279
YLR078C,YDL134C,0,0.10547018,0.12107449024915695,0.9302093982696533,0.677503228187561
YML023C,YKL199C,0,0.10529335,0.12105877697467804,0.9302093982696533,0.6776033043861389
YPR007C,YER106W,0,0.10500148,0.12104307115077972,0.9302093982696533,0.677703320980072
YJR120W,YGL105W,0,0.10380763,0.121027372777462,0.9302093982696533,0.6778033375740051
YJR068W,YMR074C,0,0.103147596,0.12101167440414429,0.9302093982696533,0.6779033541679382
YOR087W,YDR483W,0,0.101115376,0.12099598348140717,0.9302093982696533,0.6780034303665161
YJL155C,YDR140W,0,0.10110465,0.12098029255867004,0.9302093982696533,0.6781034469604492
YDR490C,YBL089W,0,0.1010325,0.12096460163593292,0.9302093982696533,0.6782034635543823
YER174C,YDR256C,0,0.100922406,0.120948925614357,0.9302093982696533,0.6783034801483154
YGR086C,YOL010W,0,0.10039693,0.12093324959278107,0.9302093982696533,0.6784034967422485
YLR284C,YLR011W,0,0.09902066,0.12091757357120514,0.9302093982696533,0.6785035729408264
YDR313C,YGL028C,0,0.09823659,0.12090190500020981,0.9302093982696533,0.6786035895347595
YDL108W,YGR246C,0,0.09777218,0.12088623642921448,0.9302093982696533,0.6787036061286926
YKR077W,YPR119W,0,0.097646,0.12087058275938034,0.9302093982696533,0.6788036227226257
YFR024C-A,YPL233W,0,0.09600252,0.1208549216389656,0.9302093982696533,0.6789036989212036
YGR276C,YDR341C,0,0.09530944,0.12083926796913147,0.9302093982696533,0.6790037155151367
YKR078W,YKL195W,0,0.095092356,0.12082362174987793,0.9302093982696533,0.6791037321090698
YNL078W,YGR002C,0,0.094965756,0.12080797553062439,0.9302093982696533,0.6792037487030029
YNL251C,YER022W,0,0.09479761,0.12079233676195145,0.9302093982696533,0.679303765296936
YDR059C,YGL104C,0,0.09415984,0.1207766979932785,0.9302093982696533,0.6794038414955139
YCL012W,YEL065W,0,0.09390171,0.12076106667518616,0.9302093982696533,0.679503858089447
YBR287W,YIL147C,0,0.09279311,0.12074543535709381,0.9302093982696533,0.6796038746833801
YJR147W,YGL019W,0,0.09176308,0.12072981148958206,0.9302093982696533,0.6797038912773132
YKL016C,YBR035C,0,0.09120044,0.12071419507265091,0.9302093982696533,0.6798039674758911
YGR052W,YDL166C,0,0.09094247,0.12069857865571976,0.9302093982696533,0.6799039840698242
YFR036W,YDR412W,0,0.089446336,0.1206829622387886,0.9302093982696533,0.6800040006637573
YNL098C,YNL138W,1,0.08929555,0.12079668790102005,0.9312064051628113,0.6800040006637573
YKL183W,YCL017C,0,0.08820164,0.1207810714840889,0.9312064051628113,0.6801040172576904
YMR087W,YIL079C,0,0.08814907,0.12076544761657715,0.9312064051628113,0.6802040338516235
YGR037C,YMR110C,0,0.08752209,0.12074983865022659,0.9312064051628113,0.6803041100502014
YOR127W,YLR312C-B,1,0.08714362,0.12086349725723267,0.9322034120559692,0.6803041100502014
YIR032C,YPR008W,0,0.08641815,0.12084787338972092,0.9322034120559692,0.6804041266441345
YCL063W,YPR049C,0,0.08544564,0.12083225697278976,0.9322034120559692,0.6805041432380676
YHR140W,YIR019C,0,0.08510083,0.12081664055585861,0.9322034120559692,0.6806041598320007
YBR230C,YLL066C,0,0.08504069,0.12080103158950806,0.9322034120559692,0.6807042360305786
YBR024W,YDR453C,0,0.08502954,0.1207854300737381,0.9322034120559692,0.6808042526245117
YJL021C,YLR170C,0,0.08419263,0.12076982855796814,0.9322034120559692,0.6809042692184448
YJL001W,YMR115W,0,0.083667874,0.12075422704219818,0.9322034120559692,0.6810042858123779
YML120C,YBR050C,0,0.08354688,0.12073863297700882,0.9322034120559692,0.681104302406311
YCL034W,YJL133W,0,0.08320606,0.12072304636240005,0.9322034120559692,0.6812043786048889
YHR044C,YJL121C,0,0.082084775,0.12070745974779129,0.9322034120559692,0.681304395198822
YJR153W,YMR164C,1,0.08207512,0.12082096189260483,0.9332004189491272,0.681304395198822
YPL254W,YLR401C,0,0.081870854,0.12080536782741547,0.9332004189491272,0.6814044117927551
YPR159W,YPR080W,0,0.07893151,0.1207897812128067,0.9332004189491272,0.6815044283866882
YOR001W,YKL165C,0,0.0789147,0.12077419459819794,0.9332004189491272,0.6816045045852661
YDR361C,YDR404C,0,0.07863772,0.12075861543416977,0.9332004189491272,0.6817045211791992
YIL138C,YJR102C,0,0.07831855,0.1207430362701416,0.9332004189491272,0.6818045377731323
YKL218C,YDL117W,0,0.07753053,0.12072745710611343,0.9332004189491272,0.6819045543670654
YLR247C,YMR020W,0,0.07722114,0.12071189284324646,0.9332004189491272,0.6820046305656433
YDR021W,YNL146W,0,0.07640523,0.12069632858037949,0.9332004189491272,0.6821046471595764
YJR076C,YBL010C,0,0.07615349,0.12068076431751251,0.9332004189491272,0.6822046637535095
YGL113W,YLR090W,0,0.07598817,0.12066520750522614,0.9332004189491272,0.6823046803474426
YNR013C,YLR085C,0,0.07592273,0.12064965069293976,0.9332004189491272,0.6824046969413757
YDR190C,YAR042W,0,0.07487029,0.12063410133123398,0.9332004189491272,0.6825047731399536
YJL012C-A,YKL034W,0,0.07478568,0.1206185594201088,0.9332004189491272,0.6826047897338867
YGR088W,YFR027W,0,0.074288964,0.12060301750898361,0.9332004189491272,0.6827048063278198
YDR285W,YOR101W,0,0.07408333,0.12058747559785843,0.9332004189491272,0.6828048229217529
YNL063W,YOR078W,0,0.073331594,0.12057194113731384,0.9332004189491272,0.6829048991203308
YDR130C,YLR092W,0,0.07318401,0.12055641412734985,0.9332004189491272,0.6830049157142639
YGL205W,YGL253W,0,0.0730173,0.12054088711738586,0.9332004189491272,0.683104932308197
YNL328C,YNL274C,0,0.071599156,0.12052536755800247,0.9332004189491272,0.6832049489021301
YOR262W,YDR030C,0,0.071338385,0.12050984799861908,0.9332004189491272,0.6833049654960632
YBR281C,YNR006W,0,0.07095876,0.12049433588981628,0.9332004189491272,0.6834050416946411
YHL017W,YLL038C,0,0.0702257,0.12047882378101349,0.9332004189491272,0.6835050582885742
YIL083C,YNL025C,0,0.07019043,0.12046331912279129,0.9332004189491272,0.6836050748825073
YLR292C,YDL140C,0,0.06960225,0.12044782191514969,0.9332004189491272,0.6837050914764404
YDR004W,YLR452C,0,0.06949353,0.12043232470750809,0.9332004189491272,0.6838051676750183
YMR287C,YBR282W,0,0.06910001,0.12041682749986649,0.9332004189491272,0.6839051842689514
YLR154C,YAR019C,0,0.06908265,0.12040133774280548,0.9332004189491272,0.6840052008628845
YKL004W,YLR055C,0,0.06892429,0.12038585543632507,0.9332004189491272,0.6841052174568176
YCL063W,YKL197C,0,0.06888816,0.12037037312984467,0.9332004189491272,0.6842052340507507
YDR405W,YHR005C,0,0.068641365,0.12035489082336426,0.9332004189491272,0.6843053102493286
YFR014C,YNL145W,0,0.067242146,0.12033941596746445,0.9332004189491272,0.6844053268432617
YMR193W,YLR433C,0,0.06642926,0.12032394856214523,0.9332004189491272,0.6845053434371948
YDR115W,YKL045W,0,0.06637788,0.12030848115682602,0.9332004189491272,0.6846053600311279
YOL158C,YHL011C,0,0.06565797,0.1202930212020874,0.9332004189491272,0.6847054362297058
YLR309C,YOR181W,0,0.06524992,0.12027756124734879,0.9332004189491272,0.6848054528236389
YDL067C,YFR032C-A,0,0.064606994,0.12026210874319077,0.9332004189491272,0.684905469417572
YPL091W,YGR180C,0,0.064305425,0.12024665623903275,0.9332004189491272,0.6850054860115051
YPL143W,YKL016C,0,0.064229965,0.12023121118545532,0.9332004189491272,0.6851055026054382
YNL086W,YGR010W,0,0.064115256,0.1202157735824585,0.9332004189491272,0.6852055788040161
YMR168C,YNR030W,0,0.063228816,0.12020033597946167,0.9332004189491272,0.6853055953979492
YNR053C,YDR011W,0,0.06280863,0.12018489837646484,0.9332004189491272,0.6854056119918823
YLR160C,YNL055C,0,0.062580675,0.12016946822404861,0.9332004189491272,0.6855056285858154
YHR214C-B,YGL087C,0,0.06233853,0.12015404552221298,0.9332004189491272,0.6856057047843933
YOL144W,YHR209W,0,0.061585546,0.12013862282037735,0.9332004189491272,0.6857057213783264
YPR096C,YOR348C,0,0.061075643,0.12012320011854172,0.9332004189491272,0.6858057379722595
YOL151W,YMR295C,0,0.060953856,0.12010779231786728,0.9332004189491272,0.6859057545661926
YGR218W,YDL121C,0,0.060694017,0.12009237706661224,0.9332004189491272,0.6860058307647705
YGL192W,YBR016W,0,0.060254276,0.1200769692659378,0.9332004189491272,0.6861058473587036
YHR135C,YGR032W,0,0.059948385,0.12006156891584396,0.9332004189491272,0.6862058639526367
YBR012W-B,YOL067C,0,0.059740722,0.12004616856575012,0.9332004189491272,0.6863058805465698
YGL186C,YML081C-A,0,0.059127092,0.12003077566623688,0.9332004189491272,0.6864058971405029
YKL138C,YGR194C,0,0.05907151,0.12001539021730423,0.9332004189491272,0.6865059733390808
YML055W,YCL060C,0,0.058714032,0.11999999731779099,0.9332004189491272,0.6866059899330139
YHR067W,YER108C,0,0.058168232,0.11998461931943893,0.9332004189491272,0.686706006526947
YDR098C,YDR040C,0,0.058009505,0.11996924132108688,0.9332004189491272,0.6868060231208801
YML129C,YBL013W,0,0.0577327,0.11995386332273483,0.9332004189491272,0.686906099319458
YEL058W,YJL030W,0,0.057594538,0.11993849277496338,0.9332004189491272,0.6870061159133911
YPL056C,YJR040W,0,0.05753243,0.11992312967777252,0.9332004189491272,0.6871061325073242
YGR008C,YDR418W,0,0.0567286,0.11990776658058167,0.9332004189491272,0.6872061491012573
YHR153C,YML096W,0,0.055891797,0.11989240348339081,0.9332004189491272,0.6873061656951904
YLR362W,YHR073W,1,0.055771943,0.12000512331724167,0.9341974258422852,0.6873061656951904
YBR222C,YDR453C,0,0.05576545,0.11998975276947021,0.9341974258422852,0.6874062418937683
YOR273C,YNL050C,0,0.05534485,0.11997438967227936,0.9341974258422852,0.6875062584877014
YHR175W,YMR025W,0,0.054781437,0.1199590340256691,0.9341974258422852,0.6876062750816345
YDL109C,YBR093C,0,0.05439356,0.11994367837905884,0.9341974258422852,0.6877062916755676
YML049C,YDL220C,0,0.053393394,0.11992832273244858,0.9341974258422852,0.6878063678741455
YGR282C,YHL011C,0,0.053338528,0.11991297453641891,0.9341974258422852,0.6879063844680786
YOL092W,YAL011W,0,0.053251922,0.11989763379096985,0.9341974258422852,0.6880064010620117
YCR029C-A,YDR190C,0,0.053195506,0.11988229304552078,0.9341974258422852,0.6881064176559448
YFR006W,YPR182W,0,0.051607966,0.11986695975065231,0.9341974258422852,0.6882064342498779
YDR218C,YMR257C,0,0.050535887,0.11985162645578384,0.9341974258422852,0.6883065104484558
YOR374W,YCR080W,0,0.04894899,0.11983629316091537,0.9341974258422852,0.6884065270423889
YFR031C-A,YER162C,0,0.048912823,0.1198209747672081,0.9341974258422852,0.688506543636322
YBL005W-B,YPL213W,0,0.048062474,0.11980564892292023,0.9341974258422852,0.6886065602302551
YER087C-B,YER155C,0,0.04764034,0.11979033797979355,0.9341974258422852,0.688706636428833
YJR089W,YLR151C,0,0.04761094,0.11977501958608627,0.9341974258422852,0.6888066530227661
YJR145C,YDR456W,0,0.04588461,0.11975971609354019,0.9341974258422852,0.6889066696166992
YDR240C,YLL006W,0,0.04570663,0.11974441260099411,0.9341974258422852,0.6890066862106323
YBR160W,YGR120C,0,0.045502096,0.11972910910844803,0.9341974258422852,0.6891067028045654
YBR086C,YDR238C,0,0.04535052,0.11971381306648254,0.9341974258422852,0.6892067790031433
YGR181W,YIR026C,0,0.04502791,0.11969851702451706,0.9341974258422852,0.6893067955970764
YOR258W,YBL112C,0,0.045013577,0.11968322843313217,0.9341974258422852,0.6894068121910095
YEL041W,YJL012C-A,0,0.04494044,0.11966794729232788,0.9341974258422852,0.6895068287849426
YOL002C,YCR026C,0,0.044264317,0.11965266615152359,0.9341974258422852,0.6896069049835205
YAL013W,YFL035C,0,0.043917708,0.1196373850107193,0.9341974258422852,0.6897069215774536
YNL197C,YNL068C,1,0.04315698,0.1197497770190239,0.9351944327354431,0.6897069215774536
YLR300W,YER103W,0,0.041666627,0.11973448842763901,0.9351944327354431,0.6898069381713867
YHR096C,YMR091C,0,0.041458845,0.11971920728683472,0.9351944327354431,0.6899069547653198
YDL159W,YNL138W,1,0.041054405,0.11983154714107513,0.9361914396286011,0.6899069547653198
YOR151C,YMR306W,0,0.040971845,0.11981625854969025,0.9361914396286011,0.6900070309638977
YJR103W,YGR193C,0,0.04087159,0.11980096995830536,0.9361914396286011,0.6901070475578308
YCR105W,YBL020W,0,0.039083004,0.11978568881750107,0.9361914396286011,0.6902070641517639
YHR009C,YLL050C,0,0.03895232,0.11977040767669678,0.9361914396286011,0.690307080745697
YDL180W,YBL005W-B,0,0.038760602,0.11975513398647308,0.9361914396286011,0.6904070973396301
YMR237W,YJR009C,0,0.03841406,0.11973986029624939,0.9361914396286011,0.690507173538208
YLR200W,YKR057W,0,0.03778416,0.11972459405660629,0.9361914396286011,0.6906071901321411
YDR304C,YBR024W,0,0.037653387,0.11970933526754379,0.9361914396286011,0.6907072067260742
YDR139C,YKL013C,0,0.037528343,0.1196940690279007,0.9361914396286011,0.6908072233200073
YBR072W,YML112W,0,0.037512183,0.11967881768941879,0.9361914396286011,0.6909072995185852
YOR181W,YJR036C,0,0.037377298,0.11966356635093689,0.9361914396286011,0.6910073161125183
YIL069C,YER023W,0,0.03655851,0.11964831501245499,0.9361914396286011,0.6911073327064514
YDL202W,YMR308C,0,0.03631544,0.11963307112455368,0.9361914396286011,0.6912073493003845
YCL069W,YNL213C,0,0.035750918,0.11961783468723297,0.9361914396286011,0.6913073658943176
YHR135C,YOR337W,0,0.035321295,0.11960259824991226,0.9361914396286011,0.6914074420928955
YDL121C,YML057W,0,0.03452742,0.11958736926317215,0.9361914396286011,0.6915074586868286
YLL031C,YJR127C,0,0.03412202,0.11957214027643204,0.9361914396286011,0.6916074752807617
YGL172W,YGR084C,0,0.033134043,0.11955691128969193,0.9361914396286011,0.6917074918746948
YOR257W,YJR015W,0,0.03272271,0.11954168975353241,0.9361914396286011,0.6918075680732727
YNL251C,YOR034C,0,0.032646954,0.11952647566795349,0.9361914396286011,0.6919075846672058
YOL062C,YFR033C,0,0.032599688,0.11951126158237457,0.9361914396286011,0.6920076012611389
YNR016C,YMR226C,0,0.032469034,0.11949605494737625,0.9361914396286011,0.692107617855072
YER030W,YKL011C,0,0.031806678,0.11948084831237793,0.9361914396286011,0.6922076344490051
YNL330C,YIL005W,0,0.03132385,0.1194656491279602,0.9361914396286011,0.692307710647583
YPL143W,YKR072C,0,0.031306505,0.11945044994354248,0.9361914396286011,0.6924077272415161
YLR204W,YDL069C,0,0.030842036,0.11943525820970535,0.9361914396286011,0.6925077438354492
YDL159W,YER020W,1,0.030512959,0.11954724788665771,0.937188446521759,0.6925077438354492
YKL010C,YLR164W,0,0.029511273,0.1195320412516594,0.937188446521759,0.6926077604293823
YDR432W,YNL098C,1,0.029458292,0.11964399367570877,0.938185453414917,0.6926077604293823
YAL008W,YNL288W,0,0.028913498,0.11962877959012985,0.938185453414917,0.6927078366279602
YPL017C,YBR153W,0,0.028841317,0.11961357295513153,0.938185453414917,0.6928078532218933
YDL206W,YGL071W,0,0.028824434,0.1195983737707138,0.938185453414917,0.6929078698158264
YOL065C,YDR473C,0,0.028712004,0.11958317458629608,0.938185453414917,0.6930078864097595
YLR102C,YDR074W,0,0.028637767,0.11956798285245895,0.938185453414917,0.6931079030036926
YJL194W,YDL149W,0,0.028581828,0.11955279111862183,0.938185453414917,0.6932079792022705
YIL130W,YPR016C,0,0.028443158,0.1195375993847847,0.938185453414917,0.6933079957962036
YMR267W,YDL144C,0,0.02832532,0.11952241510152817,0.938185453414917,0.6934080123901367
YJR082C,YDR030C,0,0.026470348,0.11950723826885223,0.938185453414917,0.6935080289840698
YLR074C,YIL014W,0,0.026464045,0.1194920614361763,0.938185453414917,0.6936081051826477
YPR174C,YPL276W,0,0.026318058,0.11947689205408096,0.938185453414917,0.6937081217765808
YDR395W,YMR002W,0,0.02598831,0.11946172267198563,0.938185453414917,0.6938081383705139
YDR236C,YLR433C,0,0.02535382,0.11944656074047089,0.938185453414917,0.693908154964447
YLR163C,YBL039C,0,0.024799824,0.11943139880895615,0.938185453414917,0.6940082311630249
YOR181W,YNL274C,0,0.022600293,0.119416244328022,0.938185453414917,0.694108247756958
YOL054W,YHR066W,0,0.02125664,0.11940108984708786,0.938185453414917,0.6942082643508911
YJL106W,YDL033C,0,0.020735651,0.11938594281673431,0.938185453414917,0.6943082809448242
YKR066C,YNL091W,0,0.02033937,0.11937079578638077,0.938185453414917,0.6944082975387573
YMR041C,YGR217W,0,0.019476175,0.11935565620660782,0.938185453414917,0.6945083737373352
YGL025C,YPL133C,0,0.01941812,0.11934051662683487,0.938185453414917,0.6946083903312683
YDR259C,YGR283C,0,0.019323647,0.11932538449764252,0.938185453414917,0.6947084069252014
YNL062C,YJL035C,0,0.019206554,0.11931025981903076,0.938185453414917,0.6948084235191345
YDR303C,YAR035W,0,0.018228024,0.119295135140419,0.938185453414917,0.6949084997177124
YJL186W,YBR081C,0,0.01766935,0.11928001046180725,0.938185453414917,0.6950085163116455
YMR037C,YIL111W,0,0.016960531,0.11926489323377609,0.938185453414917,0.6951085329055786
YOR253W,YBR065C,0,0.016787127,0.11924977600574493,0.938185453414917,0.6952085494995117
YIL132C,YLR154W-C,0,0.016325876,0.11923466622829437,0.938185453414917,0.6953085660934448
YBR295W,YJR059W,0,0.015795767,0.11921956390142441,0.938185453414917,0.6954086422920227
YIL004C,YIL017W,0,0.015493594,0.11920446157455444,0.938185453414917,0.6955086588859558
YLR396C,YLR028C,0,0.015160978,0.11918935924768448,0.938185453414917,0.6956086754798889
YMR241W,YAR007C,0,0.0146307945,0.11917426437139511,0.938185453414917,0.695708692073822
YOL084W,YFR010W,0,0.014150858,0.11915917694568634,0.938185453414917,0.6958087682723999
YCL057W,YOR267C,0,0.013798952,0.11914408951997757,0.938185453414917,0.695908784866333
YLR362W,YDR392W,1,0.013667047,0.11925560235977173,0.939182460308075,0.695908784866333
YLR004C,YIL019W,0,0.013496637,0.11924050748348236,0.939182460308075,0.6960088014602661
YHR106W,YNL314W,0,0.012889504,0.119225412607193,0.939182460308075,0.6961088180541992
YGL216W,YLR380W,0,0.012680858,0.11921032518148422,0.939182460308075,0.6962088346481323
YJL124C,YFR013W,0,0.009847119,0.11919524520635605,0.939182460308075,0.6963089108467102
YNL066W,YDR188W,0,0.008923501,0.11918016523122787,0.939182460308075,0.6964089274406433
YGL225W,YHR138C,0,0.008673191,0.1191650852560997,0.939182460308075,0.6965089440345764
YJL213W,YJL108C,0,0.007920623,0.11915001273155212,0.939182460308075,0.6966089606285095
YPR173C,YKL094W,0,0.007588327,0.11913494020700455,0.939182460308075,0.6967090368270874
YGL068W,YER060W-A,0,0.0075354874,0.11911987513303757,0.939182460308075,0.6968090534210205
YCL075W,YDL146W,0,0.007316597,0.11910481750965118,0.939182460308075,0.6969090700149536
YPL135W,YGL236C,0,0.0063276887,0.1190897598862648,0.939182460308075,0.6970090866088867
YGL003C,YPR125W,0,0.005883217,0.11907470971345901,0.939182460308075,0.6971091032028198
YGL035C,YFL011W,0,0.0057905316,0.11905965954065323,0.939182460308075,0.6972091794013977
YIL036W,YNL136W,0,0.0056884065,0.11904460936784744,0.939182460308075,0.6973091959953308
YMR304W,YLR068W,0,0.005269289,0.11902956664562225,0.939182460308075,0.6974092125892639
YOR127W,YDR432W,1,0.0048767626,0.1191408708691597,0.9401794672012329,0.6974092125892639
YDL123W,YPL147W,0,0.004839599,0.11912582069635391,0.9401794672012329,0.697509229183197
YDR466W,YMR050C,0,0.0037333965,0.11911077797412872,0.9401794672012329,0.6976093053817749
YPR148C,YOL116W,0,0.0033138394,0.11909572780132294,0.9401794672012329,0.697709321975708
YDL043C,YJL098W,0,0.00133425,0.11908069252967834,0.9401794672012329,0.6978093385696411
YML077W,YOL156W,0,0.0011208951,0.11906565725803375,0.9401794672012329,0.6979093551635742
YIL011W,YPR120C,0,0.00042164326,0.11905062198638916,0.9401794672012329,0.6980094313621521
YPL168W,YHR153C,0,-0.0006596893,0.11903559416532516,0.9401794672012329,0.6981094479560852
YOR279C,YEL069C,0,-0.00080501847,0.11902057379484177,0.9401794672012329,0.6982094645500183
YPR178W,YMR128W,0,-0.0013407171,0.11900555342435837,0.9401794672012329,0.6983094811439514
YNL304W,YML023C,0,-0.0021215677,0.11899053305387497,0.9401794672012329,0.6984094977378845
YKL064W,YPL119C,0,-0.0029666126,0.11897552013397217,0.9401794672012329,0.6985095739364624
YDR079W,YOR194C,0,-0.003519535,0.11896051466464996,0.9401794672012329,0.6986095905303955
YDR120C,YER048W-A,0,-0.0038473308,0.11894550919532776,0.9401794672012329,0.6987096071243286
YMR227C,YPR001W,0,-0.0038677454,0.11893051117658615,0.9401794672012329,0.6988096237182617
YDL206W,YLR165C,0,-0.0041924417,0.11891551315784454,0.9401794672012329,0.6989096999168396
YGR258C,YHR012W,0,-0.0059696734,0.11890051513910294,0.9401794672012329,0.6990097165107727
YNL123W,YCR024C,0,-0.005978346,0.11888552457094193,0.9401794672012329,0.6991097331047058
YDR259C,YDR022C,0,-0.0061808974,0.11887054145336151,0.9401794672012329,0.6992097496986389
YJR053W,YPL233W,0,-0.006187491,0.1188555583357811,0.9401794672012329,0.699309766292572
YPL068C,YNL084C,0,-0.0070146024,0.11884058266878128,0.9401794672012329,0.6994098424911499
YBR281C,YGL126W,0,-0.007522166,0.11882560700178146,0.9401794672012329,0.699509859085083
YOR014W,YBR046C,0,-0.008467644,0.11881063133478165,0.9401794672012329,0.6996098756790161
YGL158W,YBR075W,0,-0.00857237,0.11879566311836243,0.9401794672012329,0.6997098922729492
YKL150W,YGR077C,0,-0.009127729,0.1187807023525238,0.9401794672012329,0.6998099684715271
YPR162C,YHL032C,0,-0.00971365,0.11876574158668518,0.9401794672012329,0.6999099850654602
YHL027W,YPL049C,0,-0.010241866,0.11875078827142715,0.9401794672012329,0.7000100016593933
YDR253C,YPL198W,0,-0.010590628,0.11873583495616913,0.9401794672012329,0.7001100182533264
YHR138C,YBR022W,0,-0.010638714,0.1187208890914917,0.9401794672012329,0.7002100348472595
YJL128C,YLR203C,0,-0.011098951,0.11870594322681427,0.9401794672012329,0.7003101110458374
YLR086W,YDR337W,0,-0.011506975,0.11869099736213684,0.9401794672012329,0.7004101276397705
YLR287C-A,YAR042W,0,-0.011702701,0.1186760663986206,0.9401794672012329,0.7005101442337036
YOR124C,YGL241W,0,-0.012027413,0.11866112798452377,0.9401794672012329,0.7006101608276367
YOR080W,YDR524C,0,-0.013872743,0.11864619702100754,0.9401794672012329,0.7007102370262146
YOR036W,YAR007C,0,-0.014085531,0.1186312735080719,0.9401794672012329,0.7008102536201477
YDL208W,YPL122C,0,-0.015300274,0.11861634999513626,0.9401794672012329,0.7009102702140808
YPR143W,YHR114W,0,-0.01533594,0.11860143393278122,0.9401794672012329,0.7010102868080139
YLL018C,YBL055C,0,-0.01534909,0.11858651787042618,0.9401794672012329,0.701110303401947
YLR325C,YBR153W,0,-0.015613914,0.11857160925865173,0.9401794672012329,0.7012103796005249
YDR325W,YDL139C,0,-0.015900493,0.11855670064687729,0.9401794672012329,0.701310396194458
YBR198C,YML059C,0,-0.016052157,0.11854179948568344,0.9401794672012329,0.7014104127883911
YOL151W,YGL172W,0,-0.016296923,0.1185268983244896,0.9401794672012329,0.7015104293823242
YGL256W,YLR093C,0,-0.017144978,0.11851200461387634,0.9401794672012329,0.7016105055809021
YJR042W,YDL202W,0,-0.017432094,0.11849711090326309,0.9401794672012329,0.7017105221748352
YNR038W,YPL131W,0,-0.01862654,0.11848222464323044,0.9401794672012329,0.7018105387687683
YIR032C,YMR204C,0,-0.018734992,0.11846733838319778,0.9401794672012329,0.7019105553627014
YNL107W,YMR184W,0,-0.01976946,0.11845245212316513,0.9401794672012329,0.7020106315612793
YGL172W,YJL103C,0,-0.01978606,0.11843758076429367,0.9401794672012329,0.7021106481552124
YCL066W,YGR178C,0,-0.020591617,0.11842270195484161,0.9401794672012329,0.7022106647491455
YDR196C,YPR184W,0,-0.02140683,0.11840783804655075,0.9401794672012329,0.7023106813430786
YGR095C,YBR111W-A,0,-0.021564648,0.11839296668767929,0.9401794672012329,0.7024106979370117
YIL109C,YDR033W,0,-0.021607757,0.11837811022996902,0.9401794672012329,0.7025107741355896
YPR134W,YPL021W,0,-0.02204436,0.11836324632167816,0.9401794672012329,0.7026107907295227
YKL149C,YHR084W,1,-0.022141963,0.11847389489412308,0.9411764740943909,0.7026107907295227
YKL093W,YOR066W,0,-0.024331748,0.11845903098583221,0.9411764740943909,0.7027108073234558
YDL051W,YBR213W,0,-0.02461189,0.11844416707754135,0.9411764740943909,0.7028108239173889
YHL047C,YPR166C,0,-0.024951935,0.11842930316925049,0.9411764740943909,0.7029109001159668
YLR100W,YJL035C,0,-0.024956465,0.11841445416212082,0.9411764740943909,0.7030109167098999
YMR056C,YDL180W,0,-0.02504611,0.11839959770441055,0.9411764740943909,0.703110933303833
YDR069C,YDL077C,0,-0.025974035,0.11838474869728088,0.9411764740943909,0.7032109498977661
YLR452C,YLR154W-C,0,-0.02811402,0.11836990714073181,0.9411764740943909,0.7033109664916992
YOR317W,YLR035C-A,0,-0.028965913,0.11835506558418274,0.9411764740943909,0.7034110426902771
YDR517W,YBR112C,0,-0.029275656,0.11834023147821426,0.9411764740943909,0.7035110592842102
YPL091W,YBL098W,0,-0.029493809,0.11832539737224579,0.9411764740943909,0.7036110758781433
YHR214C-B,YNL280C,0,-0.029665798,0.11831056326627731,0.9411764740943909,0.7037110924720764
YGR010W,YGL236C,0,-0.030064702,0.11829573661088943,0.9411764740943909,0.7038111686706543
YJL171C,YGR211W,0,-0.030816436,0.11828091740608215,0.9411764740943909,0.7039111852645874
YLR438C-A,YMR074C,0,-0.03176537,0.11826609820127487,0.9411764740943909,0.7040112018585205
YIL148W,YGL170C,0,-0.031838536,0.11825128644704819,0.9411764740943909,0.7041112184524536
YMR290C,YLR099C,0,-0.03320247,0.1182364746928215,0.9411764740943909,0.7042112350463867
YNL251C,YMR091C,0,-0.033317015,0.11822166293859482,0.9411764740943909,0.7043113112449646
YHR186C,YJR057W,0,-0.033369333,0.11820685863494873,0.9411764740943909,0.7044113278388977
YOR353C,YJL096W,0,-0.03368187,0.11819206178188324,0.9411764740943909,0.7045113444328308
YFR018C,YNL311C,0,-0.03513789,0.11817726492881775,0.9411764740943909,0.7046113610267639
YDR451C,YCL060C,0,-0.036730185,0.11816247552633286,0.9411764740943909,0.7047114372253418
YLR268W,YIL030C,0,-0.036745697,0.11814768612384796,0.9411764740943909,0.7048114538192749
YGR109W-B,YIL148W,0,-0.037543327,0.11813289672136307,0.9411764740943909,0.704911470413208
YDR009W,YLR188W,0,-0.03825444,0.11811811476945877,0.9411764740943909,0.7050114870071411
YLR163C,YNL283C,0,-0.041498363,0.11810334026813507,0.9411764740943909,0.705111563205719
YCR080W,YHR108W,0,-0.042200115,0.11808856576681137,0.9411764740943909,0.7052115797996521
YOR116C,YJL181W,0,-0.042241037,0.11807379871606827,0.9411764740943909,0.7053115963935852
YGR099W,YAR019C,0,-0.04280901,0.11805903166532516,0.9411764740943909,0.7054116129875183
YKL203C,YER096W,0,-0.04296215,0.11804426461458206,0.9411764740943909,0.7055116295814514
YOR113W,YDR213W,0,-0.043212146,0.11802950501441956,0.9411764740943909,0.7056117057800293
YHR111W,YOR315W,1,-0.04329735,0.11813976615667343,0.9421734809875488,0.7056117057800293
YMR175W,YHR138C,0,-0.04331529,0.11812499910593033,0.9421734809875488,0.7057117223739624
YGL035C,YOL057W,0,-0.043619692,0.11811023950576782,0.9421734809875488,0.7058117389678955
YLR268W,YIL078W,0,-0.04366082,0.11809547245502472,0.9421734809875488,0.7059117555618286
YDR262W,YGR189C,0,-0.04410307,0.11808072030544281,0.9421734809875488,0.7060118317604065
YLR384C,YJR054W,0,-0.04465334,0.1180659681558609,0.9421734809875488,0.7061118483543396
YOR148C,YCL012W,0,-0.04525144,0.11805121600627899,0.9421734809875488,0.7062118649482727
YBR287W,YOR080W,0,-0.04580693,0.11803647130727768,0.9421734809875488,0.7063118815422058
YCR080W,YJL079C,0,-0.04602199,0.11802173405885696,0.9421734809875488,0.7064118981361389
YKL140W,YMR171C,0,-0.046128944,0.11800698935985565,0.9421734809875488,0.7065119743347168
YNL107W,YDL130W-A,0,-0.046297014,0.11799225956201553,0.9421734809875488,0.7066119909286499
YIR014W,YOR045W,0,-0.048591673,0.11797752976417542,0.9421734809875488,0.706712007522583
YMR097C,YGR083C,0,-0.049199045,0.1179627999663353,0.9421734809875488,0.7068120241165161
YOR291W,YMR250W,0,-0.049246162,0.11794807761907578,0.9421734809875488,0.706912100315094
YFR018C,YCL004W,0,-0.049490035,0.11793335527181625,0.9421734809875488,0.7070121169090271
YMR045C,YCL032W,0,-0.05123277,0.11791864037513733,0.9421734809875488,0.7071121335029602
YBR030W,YBL079W,0,-0.05142346,0.117903932929039,0.9421734809875488,0.7072121500968933
YPL168W,YGL087C,0,-0.051928103,0.11788921803236008,0.9421734809875488,0.7073121666908264
YPL189C-A,YNL219C,0,-0.052267436,0.11787451803684235,0.9421734809875488,0.7074122428894043
YOR207C,YOR261C,0,-0.052981377,0.11785981804132462,0.9421734809875488,0.7075122594833374
YJR009C,YDR363W-A,0,-0.05353099,0.11784511804580688,0.9421734809875488,0.7076122760772705
YLR313C,YPL115C,1,-0.05385083,0.11795511096715927,0.9431704878807068,0.7076122760772705
YJL004C,YJR027W,0,-0.0539217,0.11794040352106094,0.9431704878807068,0.7077122926712036
YDL192W,YGR112W,0,-0.054172426,0.11792570352554321,0.9431704878807068,0.7078123688697815
YNL020C,YDR320C-A,0,-0.05452981,0.11791100353002548,0.9431704878807068,0.7079123854637146
YJL013C,YLR386W,0,-0.05569841,0.11789631098508835,0.9431704878807068,0.7080124020576477
YGR122W,YDR419W,0,-0.05600652,0.11788161844015121,0.9431704878807068,0.7081124186515808
YFR024C,YGR229C,0,-0.056310184,0.11786693334579468,0.9431704878807068,0.7082124352455139
YPL042C,YJL187C,0,-0.056926668,0.11785224825143814,0.9431704878807068,0.7083125114440918
YJL213W,YER056C-A,0,-0.056929544,0.1178375706076622,0.9431704878807068,0.7084125280380249
YOR081C,YCR097WB,0,-0.057167023,0.11782289296388626,0.9431704878807068,0.708512544631958
YJL112W,YHR004C,0,-0.057177186,0.11780822277069092,0.9431704878807068,0.7086125612258911
YDR477W,YLR312C-B,1,-0.057933584,0.11791806668043137,0.9441674947738647,0.7086125612258911
YDL012C,YOR297C,0,-0.058389366,0.11790338903665543,0.9441674947738647,0.708712637424469
YGR058W,YBL100W-B,0,-0.058741435,0.11788871139287949,0.9441674947738647,0.7088126540184021
YBL075C,YOL066C,0,-0.059529066,0.11787403374910355,0.9441674947738647,0.7089126706123352
YEL037C,YDR367W,0,-0.061472237,0.1178593635559082,0.9441674947738647,0.7090126872062683
YGR062C,YBR146W,0,-0.06175816,0.11784470081329346,0.9441674947738647,0.7091127634048462
YLR201C,YHR039C-A,0,-0.061992496,0.11783003807067871,0.9441674947738647,0.7092127799987793
YOR060C,YDR090C,0,-0.06247607,0.11781537532806396,0.9441674947738647,0.7093127965927124
YLR312C-B,YNL138W,1,-0.06293169,0.11792511492967606,0.9451645016670227,0.7093127965927124
YDR254W,YIL079C,0,-0.06322849,0.11791044473648071,0.9451645016670227,0.7094128131866455
YOR287C,YKL200C,0,-0.06326419,0.11789578199386597,0.9451645016670227,0.7095128297805786
YOL066C,YBL100W-B,0,-0.06353159,0.11788112670183182,0.9451645016670227,0.7096129059791565
YBR164C,YNL180C,0,-0.06484032,0.11786647140979767,0.9451645016670227,0.7097129225730896
YOL026C,YCL012W,0,-0.066118084,0.11785181611776352,0.9451645016670227,0.7098129391670227
YOL158C,YDR268W,0,-0.06631991,0.11783716827630997,0.9451645016670227,0.7099129557609558
YGR238C,YDR423C,0,-0.06650627,0.11782252043485641,0.9451645016670227,0.7100130319595337
YBR003W,YFL035C-A,0,-0.066746935,0.11780788004398346,0.9451645016670227,0.7101130485534668
YLR209C,YBR043C,0,-0.06733444,0.1177932396531105,0.9451645016670227,0.7102130651473999
YEL017C-A,YOL067C,0,-0.06741953,0.11777860671281815,0.9451645016670227,0.710313081741333
YJR112W,YJR092W,0,-0.06748077,0.11776397377252579,0.9451645016670227,0.7104130983352661
YOR211C,YMR290C,0,-0.06895661,0.11774934828281403,0.9451645016670227,0.710513174533844
YLR060W,YMR315W,0,-0.06969339,0.11773472279310226,0.9451645016670227,0.7106131911277771
YMR282C,YDL123W,0,-0.06979561,0.1177201047539711,0.9451645016670227,0.7107132077217102
YMR321C,YOR187W,0,-0.06998494,0.11770548671483994,0.9451645016670227,0.7108132243156433
YOR086C,YHR119W,0,-0.07096958,0.11769087612628937,0.9451645016670227,0.7109133005142212
YHR066W,YKL006W,0,-0.07098064,0.1176762655377388,0.9451645016670227,0.7110133171081543
YJR033C,YDR512C,0,-0.07145229,0.11766166239976883,0.9451645016670227,0.7111133337020874
YDR534C,YMR302C,0,-0.071747184,0.11764705926179886,0.9451645016670227,0.7112133502960205
YBR251W,YJL090C,0,-0.07315177,0.11763246357440948,0.9451645016670227,0.7113133668899536
YHR214W,YGR060W,0,-0.074320585,0.11761786788702011,0.9451645016670227,0.7114134430885315
YGL092W,YHR028C,0,-0.0745855,0.11760327219963074,0.9451645016670227,0.7115134596824646
YOL149W,YCR058C,0,-0.076437846,0.11758868396282196,0.9451645016670227,0.7116134762763977
YML095C,YPL253C,0,-0.07741791,0.11757410317659378,0.9451645016670227,0.7117134928703308
YGR285C,YNR031C,0,-0.07744789,0.1175595223903656,0.9451645016670227,0.7118135690689087
YML120C,YDR423C,0,-0.07804836,0.11754494905471802,0.9451645016670227,0.7119135856628418
YPR118W,YKR101W,0,-0.07817891,0.11753037571907043,0.9451645016670227,0.7120136022567749
YPL276W,YPR152C,0,-0.07880521,0.11751580238342285,0.9451645016670227,0.712113618850708
YML077W,YPL123C,0,-0.07932982,0.11750123649835587,0.9451645016670227,0.7122136354446411
YCR024C,YNL274C,0,-0.07973868,0.11748667806386948,0.9451645016670227,0.712313711643219
YDR299W,YNR047W,0,-0.07985854,0.11747211962938309,0.9451645016670227,0.7124137282371521
YOR061W,YCL064C,0,-0.07997799,0.1174575611948967,0.9451645016670227,0.7125137448310852
YOR271C,YAL068C,0,-0.080281004,0.1174430102109909,0.9451645016670227,0.7126137614250183
YGL200C,YLR035C-A,0,-0.08067343,0.11742846667766571,0.9451645016670227,0.7127138376235962
YGR200C,YOR159C,0,-0.08091465,0.11741392314434052,0.9451645016670227,0.7128138542175293
YER019C-A,YDL033C,0,-0.08207272,0.11739937961101532,0.9451645016670227,0.7129138708114624
YDL038C,YBR086C,0,-0.082199514,0.11738484352827072,0.9451645016670227,0.7130138874053955
YNL121C,YHR085W,0,-0.082252085,0.11737030744552612,0.9451645016670227,0.7131139636039734
YDR098C,YHR080C,0,-0.082736135,0.11735577881336212,0.9451645016670227,0.7132139801979065
YBR085W,YOR038C,0,-0.08339083,0.11734125763177872,0.9451645016670227,0.7133139967918396
YIL046W,YOR168W,0,-0.08361626,0.11732672899961472,0.9451645016670227,0.7134140133857727
YCR014C,YMR211W,0,-0.08392197,0.11731221526861191,0.9451645016670227,0.7135140299797058
YDR234W,YLL018C,0,-0.085300386,0.1172977015376091,0.9451645016670227,0.7136141061782837
YNL247W,YLR050C,0,-0.085683405,0.11728318780660629,0.9451645016670227,0.7137141227722168
YNR018W,YGR080W,0,-0.0860253,0.11726868152618408,0.9451645016670227,0.7138141393661499
YHR164C,YHR014W,0,-0.08610755,0.11725417524576187,0.9451645016670227,0.713914155960083
YPR100W,YLL066C,0,-0.08649427,0.11723967641592026,0.9451645016670227,0.7140142321586609
YIL074C,YDR244W,0,-0.0871017,0.11722517758607864,0.9451645016670227,0.714114248752594
YLR345W,YCR020C,0,-0.0875784,0.11721068620681763,0.9451645016670227,0.7142142653465271
YHR135C,YLL011W,0,-0.087945014,0.11719619482755661,0.9451645016670227,0.7143142819404602
YMR122W-A,YGR004W,0,-0.08804172,0.1171817034482956,0.9451645016670227,0.7144142985343933
YOR068C,YGL163C,0,-0.08819789,0.11716721951961517,0.9451645016670227,0.7145143747329712
YHR214C-C,YDR389W,0,-0.088287495,0.11715274304151535,0.9451645016670227,0.7146143913269043
YMR034C,YBR074W,0,-0.08840549,0.11713826656341553,0.9451645016670227,0.7147144079208374
YNL050C,YBR066C,0,-0.08931348,0.1171237975358963,0.9451645016670227,0.7148144245147705
YNL258C,YGL198W,0,-0.09069052,0.11710932850837708,0.9451645016670227,0.7149145007133484
YOR172W,YOR157C,0,-0.090739846,0.11709485948085785,0.9451645016670227,0.7150145173072815
YCL074W,YPL036W,0,-0.09112443,0.11708039790391922,0.9451645016670227,0.7151145339012146
YMR282C,YER126C,0,-0.092089355,0.11706594377756119,0.9451645016670227,0.7152145504951477
YHL012W,YDR260C,0,-0.09267547,0.11705148965120316,0.9451645016670227,0.7153145670890808
YDR110W,YHR202W,0,-0.093522,0.11703703552484512,0.9451645016670227,0.7154146432876587
YKL005C,YCL068C,0,-0.09353852,0.11702258884906769,0.9451645016670227,0.7155146598815918
YJR123W,YMR296C,0,-0.09402442,0.11700814962387085,0.9451645016670227,0.7156146764755249
YLR102C,YDR320C,0,-0.094049335,0.11699370294809341,0.9451645016670227,0.715714693069458
YLR260W,YDR134C,0,-0.09429145,0.11697927117347717,0.9451645016670227,0.7158147692680359
YBL064C,YER129W,0,-0.09488189,0.11696483939886093,0.9451645016670227,0.715914785861969
YPR190C,YJL062W-A,0,-0.09572863,0.11695040762424469,0.9451645016670227,0.7160148024559021
YHL044W,YLL040C,0,-0.09577334,0.11693598330020905,0.9451645016670227,0.7161148190498352
YDR087C,YLR001C,0,-0.09582883,0.1169215589761734,0.9451645016670227,0.7162148356437683
YAL041W,YNL079C,1,-0.09780753,0.11703045666217804,0.9461615085601807,0.7162148356437683
YGR109W-B,YDR270W,0,-0.09784441,0.1170160323381424,0.9461615085601807,0.7163149118423462
YPR096C,YPR167C,0,-0.097857684,0.11700160056352615,0.9461615085601807,0.7164149284362793
YLR035C-A,YDL235C,0,-0.09788529,0.11698717623949051,0.9461615085601807,0.7165149450302124
YMR321C,YKL109W,0,-0.09798139,0.11697275936603546,0.9461615085601807,0.7166149616241455
YOR155C,YNL063W,0,-0.0987058,0.11695834249258041,0.9461615085601807,0.7167150378227234
YLR391W-A,YNL271C,0,-0.09950124,0.11694393306970596,0.9461615085601807,0.7168150544166565
YML058W-A,YBL055C,0,-0.10141522,0.11692952364683151,0.9461615085601807,0.7169150710105896
YHR119W,YFR041C,0,-0.102516755,0.11691511422395706,0.9461615085601807,0.7170150876045227
YBR125C,YNL050C,0,-0.10273075,0.11690071225166321,0.9461615085601807,0.7171151638031006
YAL068C,YDR334W,0,-0.10321775,0.11688631772994995,0.9461615085601807,0.7172151803970337
YJL140W,YLR115W,0,-0.103454456,0.1168719232082367,0.9461615085601807,0.7173151969909668
YPL210C,YJR034W,0,-0.10365933,0.11685752868652344,0.9461615085601807,0.7174152135848999
YCL034W,YDL084W,0,-0.103776574,0.11684314161539078,0.9461615085601807,0.717515230178833
YOL029C,YDR416W,0,-0.10502055,0.11682875454425812,0.9461615085601807,0.7176153063774109
YNR038W,YDL134C-A,0,-0.10549246,0.11681437492370605,0.9461615085601807,0.717715322971344
YJL124C,YGL172W,0,-0.105969906,0.11680000275373459,0.9461615085601807,0.7178153395652771
YBR045C,YNL208W,0,-0.10658452,0.11678562313318253,0.9461615085601807,0.7179153561592102
YJL148W,YDL200C,0,-0.10670635,0.11677125841379166,0.9461615085601807,0.7180154323577881
YGR216C,YOL038W,0,-0.10719913,0.11675688624382019,0.9461615085601807,0.7181154489517212
YKL041W,YLR323C,0,-0.108977854,0.11674252897500992,0.9461615085601807,0.7182154655456543
YDR247W,YMR268W-A,0,-0.111169875,0.11672816425561905,0.9461615085601807,0.7183154821395874
YMR122W-A,YJL173C,0,-0.11129491,0.11671381443738937,0.9461615085601807,0.7184154987335205
YAR010C,YER086W,0,-0.11131777,0.1166994571685791,0.9461615085601807,0.7185155749320984
YOR201C,YHL035C,0,-0.11156565,0.11668510735034943,0.9461615085601807,0.7186155915260315
YMR221C,YER081W,0,-0.111591995,0.11667076498270035,0.9461615085601807,0.7187156081199646
YLR201C,YPR113W,0,-0.111620724,0.11665642261505127,0.9461615085601807,0.7188156247138977
YKL005C,YER007W,0,-0.1134302,0.11664208769798279,0.9461615085601807,0.7189157009124756
YIL042C,YML047C,0,-0.114207506,0.1166277527809143,0.9461615085601807,0.7190157175064087
YLR348C,YBR278W,0,-0.11439195,0.11661341786384583,0.9461615085601807,0.7191157341003418
YDR170W-A,YDL030W,0,-0.11474833,0.11659909039735794,0.9461615085601807,0.7192157506942749
YLR025W,YPR055W,0,-0.11534035,0.11658476293087006,0.9461615085601807,0.719315767288208
YLR439W,YLR026C,0,-0.11542502,0.11657044291496277,0.9461615085601807,0.7194158434867859
YDR170W-A,YGL127C,0,-0.11550611,0.11655613034963608,0.9461615085601807,0.719515860080719
YCL016C,YKR050W,0,-0.11562639,0.11654181778430939,0.9461615085601807,0.7196158766746521
YEL036C,YDR403W,0,-0.11585855,0.1165275052189827,0.9461615085601807,0.7197158932685852
YDR099W,YIL049W,1,-0.11636698,0.11663597077131271,0.9471585154533386,0.7197158932685852
YOL103W-A,YHR146W,0,-0.11649189,0.11662165820598602,0.9471585154533386,0.7198159694671631
YCR029C-A,YKL051W,0,-0.118042156,0.11660733819007874,0.9471585154533386,0.7199159860610962
YLR373C,YJL079C,0,-0.11832476,0.11659302562475204,0.9471585154533386,0.7200160026550293
YGL171W,YBR075W,0,-0.119004786,0.11657872051000595,0.9471585154533386,0.7201160192489624
YDL100C,YOL165C,0,-0.11918989,0.11656441539525986,0.9471585154533386,0.7202160358428955
YMR093W,YDR109C,0,-0.11944005,0.11655011773109436,0.9471585154533386,0.7203161120414734
YMR195W,YDR109C,0,-0.119906604,0.11653582006692886,0.9471585154533386,0.7204161286354065
YPL189C-A,YBR115C,0,-0.119915016,0.11652152240276337,0.9471585154533386,0.7205161452293396
YLR141W,YBR100W,0,-0.12008609,0.11650723218917847,0.9471585154533386,0.7206161618232727
YNL178W,YLR080W,0,-0.120596886,0.11649294942617416,0.9471585154533386,0.7207162380218506
YPR032W,YGR032W,0,-0.12071955,0.11647866666316986,0.9471585154533386,0.7208162546157837
YDR196C,YFL038C,0,-0.1211679,0.11646438390016556,0.9471585154533386,0.7209162712097168
YDR239C,YLR300W,0,-0.12132648,0.11645010858774185,0.9471585154533386,0.7210162878036499
YGR161W-A,YCR009C,0,-0.12133857,0.11643584072589874,0.9471585154533386,0.7211163640022278
YDR146C,YPR118W,0,-0.121403694,0.11642156541347504,0.9471585154533386,0.7212163805961609
YMR287C,YDR313C,0,-0.12216255,0.11640730500221252,0.9471585154533386,0.721316397190094
YLR312C-B,YAL056W,1,-0.122192085,0.11651556193828583,0.9481555223464966,0.721316397190094
YOL064C,YDL012C,0,-0.122547686,0.11650128662586212,0.9481555223464966,0.7214164137840271
YPR138C,YDR369C,0,-0.1231083,0.11648701876401901,0.9481555223464966,0.7215164303779602
YKL041W,YPL007C,0,-0.123428464,0.1164727509021759,0.9481555223464966,0.7216165065765381
YKL058W,YIL034C,0,-0.12541306,0.1164584830403328,0.9481555223464966,0.7217165231704712
YJL024C,YOR089C,0,-0.1264644,0.11644423007965088,0.9481555223464966,0.7218165397644043
YFL035C,YOL043C,0,-0.12654513,0.11642996966838837,0.9481555223464966,0.7219165563583374
YDR196C,YKL079W,0,-0.12898612,0.11641571670770645,0.9481555223464966,0.7220166325569153
YKR026C,YMR131C,0,-0.1292823,0.11640147119760513,0.9481555223464966,0.7221166491508484
YOR142W-A,YDR518W,0,-0.1294466,0.11638722568750381,0.9481555223464966,0.7222166657447815
YOR261C,YPR011C,0,-0.12949347,0.1163729801774025,0.9481555223464966,0.7223166823387146
YBR240C,YAL025C,0,-0.12949848,0.11635874211788177,0.9481555223464966,0.7224166989326477
YOR191W,YDL114W,0,-0.12956004,0.11634450405836105,0.9481555223464966,0.7225167751312256
YER002W,YOR290C,0,-0.12975968,0.11633027344942093,0.9481555223464966,0.7226167917251587
YOR026W,YIL046W,0,-0.13014376,0.1163160502910614,0.9481555223464966,0.7227168083190918
YFR016C,YPL130W,0,-0.13039133,0.11630181968212128,0.9481555223464966,0.7228168249130249
YPL210C,YDL080C,0,-0.1322055,0.11628760397434235,0.9481555223464966,0.7229169011116028
YNR004W,YIL013C,0,-0.13257796,0.11627338081598282,0.9481555223464966,0.7230169177055359
YBL051C,YNL103W,0,-0.13300294,0.11625916510820389,0.9481555223464966,0.723116934299469
YIL177C,YKL079W,0,-0.13305098,0.11624495685100555,0.9481555223464966,0.7232169508934021
YCR055C,YJL095W,0,-0.1332239,0.11623074859380722,0.9481555223464966,0.7233169674873352
YER027C,YOR069W,0,-0.13323823,0.11621654778718948,0.9481555223464966,0.7234170436859131
YFL002W-A,YDR111C,0,-0.13328403,0.11620234698057175,0.9481555223464966,0.7235170602798462
YMR228W,YGL095C,0,-0.13385111,0.11618814617395401,0.9481555223464966,0.7236170768737793
YDL109C,YMR215W,0,-0.13494435,0.11617395281791687,0.9481555223464966,0.7237170934677124
YMR318C,YER133W,0,-0.13494565,0.11615976691246033,0.9481555223464966,0.7238171696662903
YJL174W,YGR129W,0,-0.13553593,0.11614558100700378,0.9481555223464966,0.7239171862602234
YGL116W,YHR005C,0,-0.13555658,0.11613139510154724,0.9481555223464966,0.7240172028541565
YLL055W,YHR099W,0,-0.1364268,0.1161172166466713,0.9481555223464966,0.7241172194480896
YDR405W,YOR338W,0,-0.13669343,0.11610303819179535,0.9481555223464966,0.7242172360420227
YPL056C,YGL046W,0,-0.13695271,0.1160888671875,0.9481555223464966,0.7243173122406006
YJL174W,YCL051W,0,-0.13719392,0.11607469618320465,0.9481555223464966,0.7244173288345337
YDL159W,YER108C,1,-0.13798377,0.11618257313966751,0.9491525292396545,0.7244173288345337
YDL154W,YKL093W,0,-0.1382434,0.11616839468479156,0.9491525292396545,0.7245173454284668
YPL112C,YNR072W,0,-0.13844877,0.11615422368049622,0.9491525292396545,0.7246173620223999
YPR133C,YKL078W,0,-0.13848831,0.11614005267620087,0.9491525292396545,0.7247174382209778
YLR284C,YIL126W,0,-0.1392914,0.11612588167190552,0.9491525292396545,0.7248174548149109
YDR031W,YML127W,0,-0.14017183,0.11611171811819077,0.9491525292396545,0.724917471408844
YJL197W,YBL035C,0,-0.14025088,0.11609756201505661,0.9491525292396545,0.7250174880027771
YLL029W,YGR189C,0,-0.14110148,0.11608340591192245,0.9491525292396545,0.725117564201355
YLR118C,YHL047C,0,-0.14157155,0.1160692498087883,0.9491525292396545,0.7252175807952881
YCL017C,YER041W,0,-0.14293873,0.11605510115623474,0.9491525292396545,0.7253175973892212
YMR203W,YDR328C,0,-0.14301431,0.11604095250368118,0.9491525292396545,0.7254176139831543
YGR288W,YER123W,0,-0.143124,0.11602681130170822,0.9491525292396545,0.7255176305770874
YLR086W,YDL134C,0,-0.1433478,0.11601267009973526,0.9491525292396545,0.7256177067756653
YBR090C-A,YPL123C,0,-0.14349279,0.1159985363483429,0.9491525292396545,0.7257177233695984
YNL284C-B,YKR057W,0,-0.14417598,0.11598440259695053,0.9491525292396545,0.7258177399635315
YGR162W,YKL168C,0,-0.14461195,0.11597027629613876,0.9491525292396545,0.7259177565574646
YPL210C,YML116W,0,-0.14508575,0.115956149995327,0.9491525292396545,0.7260178327560425
YOL125W,YCL008C,0,-0.14521873,0.11594203114509583,0.9491525292396545,0.7261178493499756
YIL004C,YPL257W-B,0,-0.145839,0.11592791229486465,0.9491525292396545,0.7262178659439087
YOR377W,YDR486C,0,-0.14631033,0.11591379344463348,0.9491525292396545,0.7263178825378418
YGR169C,YPR114W,0,-0.14672822,0.11589968204498291,0.9491525292396545,0.7264178991317749
YBL014C,YMR318C,0,-0.14698017,0.11588557809591293,0.9491525292396545,0.7265179753303528
YGR220C,YGL030W,0,-0.14769244,0.11587146669626236,0.9491525292396545,0.7266179919242859
YOR090C,YML073C,0,-0.14809942,0.11585737019777298,0.9491525292396545,0.726718008518219
YCR029C-A,YER150W,0,-0.14815074,0.1158432736992836,0.9491525292396545,0.7268180251121521
YPL127C,YJL006C,0,-0.14822477,0.11582917720079422,0.9491525292396545,0.72691810131073
YNL233W,YPL195W,0,-0.14901236,0.11581508815288544,0.9491525292396545,0.7270181179046631
YLR316C,YML047C,0,-0.14953005,0.11580099910497665,0.9491525292396545,0.7271181344985962
YNL172W,YML009C,0,-0.1496157,0.11578691005706787,0.9491525292396545,0.7272181510925293
YDL060W,YHR025W,0,-0.14978704,0.11577283591032028,0.9491525292396545,0.7273181676864624
YDR005C,YJL021C,0,-0.15066205,0.1157587543129921,0.9491525292396545,0.7274182438850403
YLR377C,YMR237W,0,-0.15101922,0.1157446801662445,0.9491525292396545,0.7275182604789734
YHR154W,YLR321C,0,-0.15169063,0.11573061347007751,0.9491525292396545,0.7276182770729065
YER028C,YOR037W,0,-0.15250555,0.11571654677391052,0.9491525292396545,0.7277182936668396
YDR158W,YER007C-A,0,-0.153604,0.11570248007774353,0.9491525292396545,0.7278183698654175
YJL082W,YDR288W,0,-0.15591292,0.11568842083215714,0.9491525292396545,0.7279183864593506
YFL044C,YDL046W,0,-0.15632808,0.11567436158657074,0.9491525292396545,0.7280184030532837
YEL053C,YGL098W,0,-0.15663439,0.11566030979156494,0.9491525292396545,0.7281184196472168
YLR074C,YGL053W,0,-0.15695703,0.11564625799655914,0.9491525292396545,0.7282184362411499
YDL180W,YGR084C,0,-0.15714112,0.11563221365213394,0.9491525292396545,0.7283185124397278
YNL049C,YGR017W,0,-0.15766734,0.11561816930770874,0.9491525292396545,0.7284185290336609
YMR150C,YBR058C-A,0,-0.15770942,0.11560413241386414,0.9491525292396545,0.728518545627594
YIL170W,YDR260C,0,-0.15801784,0.11559009552001953,0.9491525292396545,0.7286185622215271
YJL106W,YPR011C,0,-0.15813982,0.11557605862617493,0.9491525292396545,0.728718638420105
YHR011W,YMR046C,0,-0.15832147,0.11556202918291092,0.9491525292396545,0.7288186550140381
YHL031C,YMR061W,0,-0.15841189,0.11554799973964691,0.9491525292396545,0.7289186716079712
YEL044W,YOL028C,0,-0.15842864,0.1155339777469635,0.9491525292396545,0.7290186882019043
YDR174W,YNL247W,0,-0.15928805,0.11551996320486069,0.9491525292396545,0.7291187644004822
YGL112C,YPR067W,0,-0.15985748,0.11550594866275787,0.9491525292396545,0.7292187809944153
YJL213W,YML133C,0,-0.16037965,0.11549193412065506,0.9491525292396545,0.7293187975883484
YAL022C,YGR124W,0,-0.16184956,0.11547792702913284,0.9491525292396545,0.7294188141822815
YKL058W,YJL166W,0,-0.16322768,0.11546391993761063,0.9491525292396545,0.7295188307762146
YER072W,YOR008C,0,-0.16356306,0.11544991284608841,0.9491525292396545,0.7296189069747925
YLL017W,YMR286W,0,-0.1647565,0.11543591320514679,0.9491525292396545,0.7297189235687256
YKR019C,YDL036C,0,-0.16653126,0.11542192101478577,0.9491525292396545,0.7298189401626587
YDL038C,YLR401C,0,-0.16654031,0.11540792882442474,0.9491525292396545,0.7299189567565918
YKL161C,YPL028W,0,-0.16747999,0.11539393663406372,0.9491525292396545,0.7300190329551697
YDR257C,YHR193C,0,-0.16832262,0.1153799518942833,0.9491525292396545,0.7301190495491028
YNR071C,YIL142W,0,-0.1684315,0.11536597460508347,0.9491525292396545,0.7302190661430359
YPL203W,YMR268W-A,0,-0.16854256,0.11535198986530304,0.9491525292396545,0.730319082736969
YIL083C,YER179W,0,-0.16943371,0.11533802002668381,0.9491525292396545,0.7304190993309021
YOR054C,YER071C,0,-0.17024556,0.11532404273748398,0.9491525292396545,0.73051917552948
YLR448W,YBR075W,0,-0.17125463,0.11531008034944534,0.9491525292396545,0.7306191921234131
YPR091C,YMR182C,0,-0.1723513,0.11529611051082611,0.9491525292396545,0.7307192087173462
YOR380W,YOR377W,0,-0.1723553,0.11528214812278748,0.9491525292396545,0.7308192253112793
YNL213C,YOR308C,0,-0.17297797,0.11526819318532944,0.9491525292396545,0.7309193015098572
YMR038C,YFL035C,0,-0.17385706,0.1152542382478714,0.9491525292396545,0.7310193181037903
YER027C,YML086C,0,-0.17396104,0.11524028331041336,0.9491525292396545,0.7311193346977234
YDR115W,YDR240C,0,-0.17413467,0.11522633582353592,0.9491525292396545,0.7312193512916565
YMR250W,YLL066C,0,-0.17437282,0.11521239578723907,0.9491525292396545,0.7313193678855896
YCR016W,YPL083C,0,-0.17468083,0.11519844830036163,0.9491525292396545,0.7314194440841675
YMR207C,YDR297W,0,-0.17575216,0.11518451571464539,0.9491525292396545,0.7315194606781006
YGR081C,YER180C,0,-0.17859204,0.11517057567834854,0.9491525292396545,0.7316194772720337
YJR028W,YBR181C,0,-0.17860267,0.11515665054321289,0.9491525292396545,0.7317194938659668
YKL041W,YOL156W,0,-0.17860833,0.11514271795749664,0.9491525292396545,0.7318195700645447
YBR271W,YMR094W,0,-0.1790475,0.11512879282236099,0.9491525292396545,0.7319195866584778
YPL168W,YER159C,0,-0.17914893,0.11511487513780594,0.9491525292396545,0.7320196032524109
YDR195W,YEL020W-A,0,-0.17947662,0.11510095745325089,0.9491525292396545,0.732119619846344
YHR194W,YML112W,0,-0.17961162,0.11508703976869583,0.9491525292396545,0.7322196364402771
YGR135W,YOL067C,0,-0.1799146,0.11507312953472137,0.9491525292396545,0.732319712638855
YGR026W,YNL339C,0,-0.1806562,0.11505921930074692,0.9491525292396545,0.7324197292327881
YHL050C,YOL138C,0,-0.18134625,0.11504531651735306,0.9491525292396545,0.7325197458267212
YOR270C,YJR139C,0,-0.1814425,0.1150314137339592,0.9491525292396545,0.7326197624206543
YNL293W,YNL243W,0,-0.18229133,0.11501751840114594,0.9491525292396545,0.7327198386192322
YML039W,YJR036C,0,-0.18245566,0.11500362306833267,0.9491525292396545,0.7328198552131653
YOR215C,YNR021W,0,-0.183173,0.1149897351861,0.9491525292396545,0.7329198718070984
YDR254W,YLL009C,0,-0.18604171,0.11497584730386734,0.9491525292396545,0.7330198884010315
YLR467W,YNL243W,0,-0.18697807,0.11496195942163467,0.9491525292396545,0.7331199645996094
YMR201C,YBR268W,0,-0.18697971,0.1149480789899826,0.9491525292396545,0.7332199811935425
YDR279W,YML082W,0,-0.1873981,0.11493420600891113,0.9491525292396545,0.7333199977874756
YDR090C,YJL033W,0,-0.18744302,0.11492032557725906,0.9491525292396545,0.7334200143814087
YML041C,YPL210C,0,-0.18807793,0.11490646004676819,0.9491525292396545,0.7335200309753418
YDR297W,YDR316W-B,0,-0.18825084,0.11489258706569672,0.9491525292396545,0.7336201071739197
YCR080W,YGL183C,0,-0.18832088,0.11487872898578644,0.9491525292396545,0.7337201237678528
YPR110C,YDR329C,0,-0.18961966,0.11486486345529556,0.9491525292396545,0.7338201403617859
YGL200C,YER023W,0,-0.18969372,0.11485100537538528,0.9491525292396545,0.733920156955719
YCR026C,YGL053W,0,-0.18998301,0.1148371547460556,0.9491525292396545,0.7340202331542969
YMR182C,YKR090W,0,-0.19048546,0.11482330411672592,0.9491525292396545,0.73412024974823
YNL151C,YMR180C,0,-0.19050139,0.11480945348739624,0.9491525292396545,0.7342202663421631
YDL060W,YPR125W,0,-0.19066292,0.11479561030864716,0.9491525292396545,0.7343202829360962
YMR225C,YDR135C,0,-0.19106208,0.11478176712989807,0.9491525292396545,0.7344202995300293
YGL190C,YBL112C,0,-0.19117644,0.11476793140172958,0.9491525292396545,0.7345203757286072
YNR008W,YGL209W,0,-0.1913411,0.1147540956735611,0.9491525292396545,0.7346203923225403
YGL186C,YDR516C,0,-0.19137228,0.1147402673959732,0.9491525292396545,0.7347204089164734
YMR264W,YOR267C,0,-0.19169647,0.11472643911838531,0.9491525292396545,0.7348204255104065
YDR167W,YFR037C,0,-0.19200861,0.11471261829137802,0.9491525292396545,0.7349205017089844
YIL053W,YNL055C,0,-0.19269556,0.11469879746437073,0.9491525292396545,0.7350205183029175
YIR018W,YMR213W,0,-0.19275534,0.11468497663736343,0.9491525292396545,0.7351205348968506
YGL137W,YDL109C,0,-0.19344139,0.11467116326093674,0.9491525292396545,0.7352205514907837
YGL039W,YML081W,0,-0.19385886,0.11465734988451004,0.9491525292396545,0.7353205680847168
YBR075W,YLR032W,0,-0.19437931,0.11464354395866394,0.9491525292396545,0.7354206442832947
YDR148C,YGR024C,0,-0.19459617,0.11462973803281784,0.9491525292396545,0.7355206608772278
YFR006W,YDR002W,0,-0.19466144,0.11461593955755234,0.9491525292396545,0.7356206774711609
YAL034W-A,YPR036W,0,-0.19493401,0.11460214108228683,0.9491525292396545,0.735720694065094
YPL074W,YDR313C,0,-0.19542612,0.11458835005760193,0.9491525292396545,0.7358207702636719
YMR008C,YKL218C,0,-0.196062,0.11457455903291702,0.9491525292396545,0.735920786857605
YBR003W,YOR232W,0,-0.19733632,0.11456076800823212,0.9491525292396545,0.7360208034515381
YBR105C,YDR078C,0,-0.19740507,0.11454698443412781,0.9491525292396545,0.7361208200454712
YNL032W,YBR247C,0,-0.1975973,0.1145332083106041,0.9491525292396545,0.7362208366394043
YBR175W,YGL246C,0,-0.19799066,0.11451942473649979,0.9491525292396545,0.7363209128379822
YGR129W,YGR071C,0,-0.1986599,0.11450565606355667,0.9491525292396545,0.7364209294319153
YDR296W,YLL011W,0,-0.1992389,0.11449187994003296,0.9491525292396545,0.7365209460258484
YPL148C,YIL144W,0,-0.19929594,0.11447811126708984,0.9491525292396545,0.7366209626197815
YOR372C,YHR106W,0,-0.19969147,0.11446435004472733,0.9491525292396545,0.7367210388183594
YKR044W,YOL045W,0,-0.1999234,0.11445058882236481,0.9491525292396545,0.7368210554122925
YAL068C,YMR070W,0,-0.2002688,0.11443683505058289,0.9491525292396545,0.7369210720062256
YOR253W,YJL059W,0,-0.20093542,0.11442307382822037,0.9491525292396545,0.7370210886001587
YLR153C,YGR194C,0,-0.2011978,0.11440932750701904,0.9491525292396545,0.7371211647987366
YMR087W,YPL147W,0,-0.20139538,0.11439558118581772,0.9491525292396545,0.7372211813926697
YHR210C,YJL072C,0,-0.20224002,0.1143818348646164,0.9491525292396545,0.7373211979866028
YEL024W,YDL109C,0,-0.20389673,0.11436808854341507,0.9491525292396545,0.7374212145805359
YKL051W,YAR042W,0,-0.20574015,0.11435435712337494,0.9491525292396545,0.737521231174469
YDL235C,YDR359C,0,-0.20574522,0.11434061825275421,0.9491525292396545,0.7376213073730469
YBR272C,YIL080W,0,-0.20657304,0.11432688683271408,0.9491525292396545,0.73772132396698
YMR312W,YDR276C,0,-0.20670164,0.11431316286325455,0.9491525292396545,0.7378213405609131
YIL074C,YOR251C,0,-0.20753475,0.11429943889379501,0.9491525292396545,0.7379213571548462
YGR031C-A,YHR039C-A,0,-0.20846134,0.11428571492433548,0.9491525292396545,0.7380214333534241
YJR133W,YAL063C,0,-0.20917393,0.11427199840545654,0.9491525292396545,0.7381214499473572
YDR098C-B,YLR285W,0,-0.20929262,0.1142582818865776,0.9491525292396545,0.7382214665412903
YBR283C,YKL085W,0,-0.20993286,0.11424457281827927,0.9491525292396545,0.7383214831352234
YMR275C,YMR184W,0,-0.21071485,0.11423086374998093,0.9491525292396545,0.7384214997291565
YBR195C,YGR296W,0,-0.21151853,0.11421715468168259,0.9491525292396545,0.7385215759277344
YAL015C,YGR180C,0,-0.21211445,0.11420345306396484,0.9491525292396545,0.7386215925216675
YKR009C,YOR324C,0,-0.21216482,0.1141897588968277,0.9491525292396545,0.7387216091156006
YEL002C,YLR043C,0,-0.21251464,0.11417606472969055,0.9491525292396545,0.7388216257095337
YML059C,YGL211W,0,-0.21253219,0.1141623705625534,0.9491525292396545,0.7389217019081116
YDR131C,YKL205W,0,-0.21254453,0.11414868384599686,0.9491525292396545,0.7390217185020447
YAL029C,YBL010C,0,-0.21409363,0.11413499712944031,0.9491525292396545,0.7391217350959778
YCR055C,YER131W,0,-0.21417305,0.11412131041288376,0.9491525292396545,0.7392217516899109
YGL092W,YJL178C,0,-0.21660411,0.1141076385974884,0.9491525292396545,0.739321768283844
YPR057W,YER164W,0,-0.2173035,0.11409395933151245,0.9491525292396545,0.7394218444824219
YMR262W,YDR351W,0,-0.21730494,0.1140802875161171,0.9491525292396545,0.739521861076355
YFL035C-A,YER162C,0,-0.21861917,0.11406661570072174,0.9491525292396545,0.7396218776702881
YGL067W,YHL006C,0,-0.21888873,0.11405295133590698,0.9491525292396545,0.7397218942642212
YBL014C,YJL024C,0,-0.2194617,0.11403929442167282,0.9491525292396545,0.7398219704627991
YIL128W,YFL066C,0,-0.22065248,0.11402563005685806,0.9491525292396545,0.7399219870567322
YHR140W,YER087C-A,0,-0.22069114,0.1140119731426239,0.9491525292396545,0.7400220036506653
YBR020W,YNL050C,0,-0.22129309,0.11399832367897034,0.9491525292396545,0.7401220202445984
YOR142W-A,YLL048C,0,-0.22246446,0.11398467421531677,0.9491525292396545,0.7402220368385315
YNL130C,YDR492W,0,-0.22276025,0.11397102475166321,0.9491525292396545,0.7403221130371094
YNL055C,YBR189W,0,-0.22277382,0.11395738273859024,0.9491525292396545,0.7404221296310425
YPL048W,YER190W,0,-0.2236647,0.11394374817609787,0.9491525292396545,0.7405221462249756
YHR193C,YGR070W,0,-0.22367555,0.1139301136136055,0.9491525292396545,0.7406221628189087
YER127W,YDR115W,0,-0.22400296,0.11391647905111313,0.9491525292396545,0.7407222390174866
YMR100W,YMR256C,0,-0.22544575,0.11390284448862076,0.9491525292396545,0.7408222556114197
YDR080W,YDR283C,0,-0.22568528,0.11388922482728958,0.9491525292396545,0.7409222722053528
YAL022C,YOL004W,0,-0.22646534,0.11387559771537781,0.9491525292396545,0.7410222887992859
YFL010W-A,YJL172W,0,-0.22656116,0.11386197805404663,0.9491525292396545,0.7411223649978638
YBR078W,YJR135W-A,0,-0.2266374,0.11384835839271545,0.9491525292396545,0.7412223815917969
YPR011C,YHR181W,0,-0.2270648,0.11383474618196487,0.9491525292396545,0.74132239818573
YCL068C,YDR047W,0,-0.22805393,0.11382114142179489,0.9491525292396545,0.7414224147796631
YDR098C-B,YML061C,0,-0.22952573,0.11380752921104431,0.9491525292396545,0.7415224313735962
YGR161W-A,YPR152C,0,-0.22952573,0.11379392445087433,0.9491525292396545,0.7416225075721741
YMR218C,YPR127W,0,-0.22970933,0.11378032714128494,0.9491525292396545,0.7417225241661072
YNR013C,YHR158C,0,-0.23028749,0.11376672983169556,0.9491525292396545,0.7418225407600403
YDR030C,YDR247W,0,-0.2303637,0.11375313997268677,0.9491525292396545,0.7419225573539734
YMR210W,YGL018C,0,-0.23065434,0.11373954266309738,0.9491525292396545,0.7420226335525513
YPL091W,YIL173W,0,-0.2307885,0.11372596025466919,0.9491525292396545,0.7421226501464844
YGR034W,YMR050C,0,-0.23097163,0.113712377846241,0.9491525292396545,0.7422226667404175
YBR212W,YDR197W,0,-0.23153386,0.1136987954378128,0.9491525292396545,0.7423226833343506
YKL192C,YJL136C,0,-0.23180306,0.11368521302938461,0.9491525292396545,0.7424226999282837
YDR261W-A,YOL072W,0,-0.23186684,0.11367163807153702,0.9491525292396545,0.7425227761268616
YLR277C,YAL048C,0,-0.23200327,0.11365807056427002,0.9491525292396545,0.7426227927207947
YMR179W,YMR016C,0,-0.23244375,0.11364450305700302,0.9491525292396545,0.7427228093147278
YJL186W,YKR052C,0,-0.2332781,0.11363093554973602,0.9491525292396545,0.7428228259086609
YGL103W,YDL097C,0,-0.23438394,0.11361737549304962,0.9491525292396545,0.7429229021072388
YER137C-A,YIR015W,0,-0.23515826,0.11360381543636322,0.9491525292396545,0.7430229187011719
YGR235C,YMR298W,0,-0.23581398,0.11359026283025742,0.9491525292396545,0.743122935295105
YDR303C,YDR415C,0,-0.2365826,0.11357671022415161,0.9491525292396545,0.7432229518890381
YGR134W,YML112W,0,-0.23726809,0.1135631650686264,0.9491525292396545,0.7433229684829712
YDL190C,YNL016W,0,-0.23773675,0.1135496199131012,0.9491525292396545,0.7434230446815491
YFL013C,YPL244C,0,-0.23863515,0.11353607475757599,0.9491525292396545,0.7435230612754822
YKL192C,YDR064W,0,-0.24030074,0.11352253705263138,0.9491525292396545,0.7436230778694153
YGR161W-A,YOR283W,0,-0.2412951,0.11350899934768677,0.9491525292396545,0.7437230944633484
YBR069C,YNL055C,0,-0.2414316,0.11349546909332275,0.9491525292396545,0.7438231706619263
YPR138C,YML081C-A,0,-0.2415102,0.11348193883895874,0.9491525292396545,0.7439231872558594
YGR010W,YML081C-A,0,-0.24165787,0.11346841603517532,0.9491525292396545,0.7440232038497925
YDR173C,YKL194C,0,-0.24212515,0.1134548932313919,0.9491525292396545,0.7441232204437256
YDR257C,YCL012W,0,-0.2430385,0.11344137042760849,0.9491525292396545,0.7442232966423035
YJR046W,YDR140W,0,-0.2435324,0.11342785507440567,0.9491525292396545,0.7443233132362366
YGR221C,YHR085W,0,-0.24424995,0.11341434717178345,0.9491525292396545,0.7444233298301697
YDR444W,YLR394W,0,-0.24426839,0.11340083181858063,0.9491525292396545,0.7445233464241028
YOR250C,YKR103W,0,-0.24611634,0.1133873239159584,0.9491525292396545,0.7446233630180359
YLL061W,YGL030W,0,-0.24615806,0.11337382346391678,0.9491525292396545,0.7447234392166138
YHR030C,YOL136C,0,-0.24620304,0.11336032301187515,0.9491525292396545,0.7448234558105469
YOL103W-A,YMR281W,0,-0.24622896,0.11334683001041412,0.9491525292396545,0.74492347240448
YGL244W,YLR337W,0,-0.24795456,0.1133333370089531,0.9491525292396545,0.7450234889984131
YCL034W,YLL029W,0,-0.24823147,0.11331984400749207,0.9491525292396545,0.745123565196991
YHR185C,YNL065W,0,-0.24918318,0.11330635845661163,0.9491525292396545,0.7452235817909241
YLR073C,YOL018C,0,-0.24945936,0.1132928729057312,0.9491525292396545,0.7453235983848572
YDR280W,YNL091W,0,-0.25023523,0.11327938735485077,0.9491525292396545,0.7454236149787903
YKL129C,YFL035C-B,0,-0.2504547,0.11326591670513153,0.9491525292396545,0.7455236315727234
YIL126W,YOL026C,0,-0.25156772,0.1132524386048317,0.9491525292396545,0.7456237077713013
YJR006W,YEL001C,0,-0.25157064,0.11323896795511246,0.9491525292396545,0.7457237243652344
YNL233W,YHR046C,0,-0.2515717,0.11322549730539322,0.9491525292396545,0.7458237409591675
YML040W,YDL197C,0,-0.25158888,0.11321203410625458,0.9491525292396545,0.7459237575531006
YGL244W,YBR261C,0,-0.2534692,0.11319857090711594,0.9491525292396545,0.7460238337516785
YLR425W,YJR134C,0,-0.2539038,0.11318511515855789,0.9491525292396545,0.7461238503456116
YLR292C,YML011C,0,-0.25506863,0.11317165940999985,0.9491525292396545,0.7462238669395447
YDL120W,YJR054W,0,-0.25553006,0.1131582111120224,0.9491525292396545,0.7463238835334778
YER176W,YOR123C,0,-0.25584885,0.11314475536346436,0.9491525292396545,0.7464239001274109
YDR079W,YPL059W,0,-0.25671005,0.1131313145160675,0.9491525292396545,0.7465239763259888
YLR343W,YDR456W,0,-0.25714636,0.11311787366867065,0.9491525292396545,0.7466239929199219
YAR044W,YPL076W,0,-0.25722158,0.1131044328212738,0.9491525292396545,0.746724009513855
YPR156C,YNL331C,0,-0.25916427,0.11309099197387695,0.9491525292396545,0.7468240261077881
YHR214W,YOR382W,0,-0.25925326,0.1130775660276413,0.9491525292396545,0.746924102306366
YKL004W,YIL087C,0,-0.25929934,0.11306413263082504,0.9491525292396545,0.7470241189002991
YKL040C,YNR028W,0,-0.25943777,0.11305070668458939,0.9491525292396545,0.7471241354942322
YML109W,YFR037C,0,-0.2599089,0.11303728073835373,0.9491525292396545,0.7472241520881653
YJL187C,YER083C,0,-0.26059747,0.11302386224269867,0.9491525292396545,0.7473241686820984
YOR030W,YNL138W,1,-0.2630946,0.1131291538476944,0.9501495361328125,0.7473241686820984
YNR004W,YKL032C,0,-0.26392168,0.11311572790145874,0.9501495361328125,0.7474242448806763
YGL083W,YOL109W,0,-0.2640335,0.11310230195522308,0.9501495361328125,0.7475242614746094
YJR107W,YFL011W,0,-0.26459062,0.11308888345956802,0.9501495361328125,0.7476242780685425
YLR001C,YER040W,0,-0.26526374,0.11307546496391296,0.9501495361328125,0.7477242946624756
YJR123W,YMR215W,0,-0.26556134,0.1130620464682579,0.9501495361328125,0.7478243708610535
YNR011C,YLR227W-A,0,-0.26661375,0.11304863542318344,0.9501495361328125,0.7479243874549866
YGL111W,YLR429W,0,-0.26797572,0.11303522437810898,0.9501495361328125,0.7480244040489197
YOR227W,YOR092W,0,-0.2687509,0.11302182078361511,0.9501495361328125,0.7481244206428528
YKR077W,YOR059C,0,-0.2688756,0.11300841718912125,0.9501495361328125,0.7482244968414307
YNL020C,YAR010C,0,-0.26983038,0.11299502104520798,0.9501495361328125,0.7483245134353638
YBR131W,YLR085C,0,-0.27000135,0.11298162490129471,0.9501495361328125,0.7484245300292969
YGL226C-A,YHR025W,0,-0.27151817,0.11296822875738144,0.9501495361328125,0.74852454662323
YLR260W,YDL121C,0,-0.2726463,0.11295484006404877,0.9501495361328125,0.7486245632171631
YPR188C,YDL124W,0,-0.27276915,0.11294145882129669,0.9501495361328125,0.748724639415741
YDR361C,YIR032C,0,-0.27297544,0.11292807012796402,0.9501495361328125,0.7488246560096741
YLR176C,YKL201C,0,-0.27325994,0.11291468888521194,0.9501495361328125,0.7489246726036072
YBR276C,YJR135C,0,-0.27384162,0.11290131509304047,0.9501495361328125,0.7490246891975403
YNL085W,YDR262W,0,-0.27387667,0.11288794130086899,0.9501495361328125,0.7491247653961182
YMR087W,YKR006C,0,-0.2739599,0.11287456750869751,0.9501495361328125,0.7492247819900513
YLR050C,YBR035C,0,-0.2747441,0.11286120116710663,0.9501495361328125,0.7493247985839844
YCL016C,YBR297W,0,-0.27584916,0.11284784227609634,0.9501495361328125,0.7494248151779175
YHR079C,YLR227W-A,0,-0.27607113,0.11283447593450546,0.9501495361328125,0.7495248317718506
YAR042W,YLR410W-B,0,-0.27772078,0.11282111704349518,0.9501495361328125,0.7496249079704285
YGL210W,YNL297C,0,-0.2778846,0.11280776560306549,0.9501495361328125,0.7497249245643616
YPR137C-B,YDR069C,0,-0.27844128,0.1127944141626358,0.9501495361328125,0.7498249411582947
YOR142W-A,YMR149W,0,-0.2786783,0.11278106272220612,0.9501495361328125,0.7499249577522278
YGL225W,YER131W,0,-0.27887064,0.11276771873235703,0.9501495361328125,0.7500250339508057
YFR038W,YER143W,0,-0.2789271,0.11275437474250793,0.9501495361328125,0.7501250505447388
YBR160W,YDL101C,0,-0.27918613,0.11274103820323944,0.9501495361328125,0.7502250671386719
YLR175W,YDR299W,0,-0.2804126,0.11272770166397095,0.9501495361328125,0.750325083732605
YHR122W,YGL061C,0,-0.28081048,0.11271437257528305,0.9501495361328125,0.7504251003265381
YNL213C,YPL122C,0,-0.28118452,0.11270104348659515,0.9501495361328125,0.750525176525116
YMR046C,YER109C,0,-0.2811952,0.11268771439790726,0.9501495361328125,0.7506251931190491
YOR001W,YHL003C,0,-0.28135535,0.11267439275979996,0.9501495361328125,0.7507252097129822
YPR072W,YBR002C,0,-0.28144768,0.11266107112169266,0.9501495361328125,0.7508252263069153
YDR087C,YCL008C,0,-0.28195265,0.11264775693416595,0.9501495361328125,0.7509253025054932
YPR011C,YNL263C,0,-0.28329813,0.11263444274663925,0.9501495361328125,0.7510253190994263
YGL241W,YER050C,0,-0.28336307,0.11262112855911255,0.9501495361328125,0.7511253356933594
YHR069C,YDL119C,0,-0.28387055,0.11260782182216644,0.9501495361328125,0.7512253522872925
YPR135W,YLL014W,0,-0.28452617,0.11259451508522034,0.9501495361328125,0.7513253688812256
YDR316W-B,YER190W,0,-0.2847275,0.11258121579885483,0.9501495361328125,0.7514254450798035
YGR161C-D,YBR187W,0,-0.28523496,0.11256791651248932,0.9501495361328125,0.7515254616737366
YHR092C,YDL078C,0,-0.28560662,0.1125546246767044,0.9501495361328125,0.7516254782676697
YIR014W,YBR012W-B,0,-0.28588742,0.1125413328409195,0.9501495361328125,0.7517254948616028
YAL063C,YNL167C,0,-0.2864097,0.11252804100513458,0.9501495361328125,0.7518255710601807
YPL210C,YLR060W,0,-0.2864772,0.11251475661993027,0.9501495361328125,0.7519255876541138
YEL038W,YPL208W,0,-0.28695878,0.11250147223472595,0.9501495361328125,0.7520256042480469
YER140W,YFL004W,0,-0.28901318,0.11248819530010223,0.9501495361328125,0.75212562084198
YPL150W,YGL203C,0,-0.28946036,0.11247491836547852,0.9501495361328125,0.7522256970405579
YMR289W,YPL276W,0,-0.2905147,0.1124616488814354,0.9501495361328125,0.752325713634491
YOR131C,YJL189W,0,-0.29157028,0.11244837939739227,0.9501495361328125,0.7524257302284241
YDR483W,YOL031C,0,-0.2925523,0.11243510991334915,0.9501495361328125,0.7525257468223572
YOR393W,YKL173W,0,-0.29273736,0.11242184787988663,0.9501495361328125,0.7526257634162903
YML040W,YLL006W,0,-0.2929929,0.1124085858464241,0.9501495361328125,0.7527258396148682
YHR088W,YOR240W,0,-0.2943133,0.11239533126354218,0.9501495361328125,0.7528258562088013
YMR055C,YLR170C,0,-0.29443923,0.11238207668066025,0.9501495361328125,0.7529258728027344
YKL190W,YDL160C,0,-0.29446718,0.11236882209777832,0.9501495361328125,0.7530258893966675
YML080W,YIR011C,0,-0.29459578,0.11235557496547699,0.9501495361328125,0.7531259655952454
YHL034C,YDR421W,0,-0.29502156,0.11234233528375626,0.9501495361328125,0.7532259821891785
YGL122C,YJR029W,0,-0.29539448,0.11232908815145493,0.9501495361328125,0.7533259987831116
YOR343W-A,YPR031W,0,-0.295477,0.11231584846973419,0.9501495361328125,0.7534260153770447
YMR180C,YKL078W,0,-0.29664934,0.11230261623859406,0.9501495361328125,0.7535260319709778
YDR292C,YJL144W,0,-0.2972469,0.11228938400745392,0.9501495361328125,0.7536261081695557
YJR107W,YDR439W,0,-0.2975861,0.11227615177631378,0.9501495361328125,0.7537261247634888
YHR090C,YDL121C,0,-0.29770344,0.11226292699575424,0.9501495361328125,0.7538261413574219
YML104C,YLR419W,0,-0.29814628,0.1122497022151947,0.9501495361328125,0.753926157951355
YLR425W,YMR315W,0,-0.2988718,0.11223648488521576,0.9501495361328125,0.7540262341499329
YDR074W,YCL052C,0,-0.2990895,0.11222326755523682,0.9501495361328125,0.754126250743866
YMR093W,YGL155W,0,-0.30002803,0.11221005767583847,0.9501495361328125,0.7542262673377991
YFL035C,YPL122C,0,-0.30047596,0.11219684779644012,0.9501495361328125,0.7543262839317322
YCR024C,YPL198W,0,-0.30048484,0.11218363791704178,0.9501495361328125,0.7544263005256653
YKL005C,YIL080W,0,-0.3005247,0.11217043548822403,0.9501495361328125,0.7545263767242432
YOR142W-A,YER007C-A,0,-0.30059904,0.11215723305940628,0.9501495361328125,0.7546263933181763
YLR389C,YMR045C,0,-0.30060214,0.11214403063058853,0.9501495361328125,0.7547264099121094
YGR081C,YPL010W,0,-0.3006832,0.11213083565235138,0.9501495361328125,0.7548264265060425
YNL111C,YEL006W,0,-0.30071253,0.11211764812469482,0.9501495361328125,0.7549265027046204
YML058W-A,YBL010C,0,-0.30144212,0.11210446059703827,0.9501495361328125,0.7550265192985535
YGR295C,YER109C,0,-0.302109,0.11209127306938171,0.9501495361328125,0.7551265358924866
YOL053C-A,YKL141W,0,-0.3021162,0.11207809299230576,0.9501495361328125,0.7552265524864197
YDR468C,YDR410C,0,-0.30248427,0.1120649129152298,0.9501495361328125,0.7553265690803528
YKL210W,YIL039W,0,-0.30267546,0.11205173283815384,0.9501495361328125,0.7554266452789307
YOR250C,YAL029C,0,-0.30270886,0.11203856021165848,0.9501495361328125,0.7555266618728638
YNL153C,YIL142W,0,-0.30594522,0.11202538758516312,0.9501495361328125,0.7556266784667969
YMR186W,YPL146C,0,-0.3064832,0.11201222240924835,0.9501495361328125,0.75572669506073
YML077W,YLR419W,0,-0.3066485,0.11199905723333359,0.9501495361328125,0.7558267712593079
YAL041W,YMR005W,0,-0.3067587,0.11198589950799942,0.9501495361328125,0.755926787853241
YPR096C,YPL175W,0,-0.3068939,0.11197274178266525,0.9501495361328125,0.7560268044471741
YJL013C,YMR127C,0,-0.30895787,0.11195958405733109,0.9501495361328125,0.7561268210411072
YNL127W,YBR176W,0,-0.31008473,0.11194643378257751,0.9501495361328125,0.7562268972396851
YDR404C,YBR060C,0,-0.3104822,0.11193328350782394,0.9501495361328125,0.7563269138336182
YPL083C,YHR020W,0,-0.31081527,0.11192014068365097,0.9501495361328125,0.7564269304275513
YDL225W,YBR065C,0,-0.31130683,0.111906997859478,0.9501495361328125,0.7565269470214844
YPR043W,YLR203C,0,-0.31177735,0.11189386248588562,0.9501495361328125,0.7566269636154175
YPL200W,YOR008C,0,-0.31241417,0.11188071966171265,0.9501495361328125,0.7567270398139954
YML057W,YLR304C,0,-0.3127715,0.11186759173870087,0.9501495361328125,0.7568270564079285
YPR188C,YOR388C,0,-0.31342965,0.11185446381568909,0.9501495361328125,0.7569270730018616
YOR226C,YLR015W,0,-0.3135832,0.11184133589267731,0.9501495361328125,0.7570270895957947
YEL017C-A,YLL038C,0,-0.31378707,0.11182820796966553,0.9501495361328125,0.7571271657943726
YGR161C-D,YJL089W,0,-0.31397688,0.11181508749723434,0.9501495361328125,0.7572271823883057
YKL116C,YFL002W-B,0,-0.3161748,0.11180197447538376,0.9501495361328125,0.7573271989822388
YML104C,YMR267W,0,-0.3165717,0.11178885400295258,0.9501495361328125,0.7574272155761719
YEL058W,YBR072W,0,-0.3167907,0.11177574843168259,0.9501495361328125,0.757527232170105
YML125C,YLR410W-A,0,-0.31708214,0.111762635409832,0.9501495361328125,0.7576273083686829
YNL188W,YIL064W,0,-0.31752926,0.11174952983856201,0.9501495361328125,0.757727324962616
YPR137C-A,YLR097C,0,-0.31754157,0.11173643171787262,0.9501495361328125,0.7578273415565491
YOL082W,YLR357W,0,-0.31777513,0.11172332614660263,0.9501495361328125,0.7579273581504822
YFL049W,YJR102C,0,-0.31779957,0.11171023547649384,0.9501495361328125,0.7580274343490601
YGL174W,YGR006W,0,-0.31815243,0.11169713735580444,0.9501495361328125,0.7581274509429932
YHR204W,YDR424C,0,-0.31826586,0.11168404668569565,0.9501495361328125,0.7582274675369263
YOR346W,YKL158W,0,-0.31837237,0.11167096346616745,0.9501495361328125,0.7583274841308594
YNL092W,YHL016C,0,-0.318453,0.11165788024663925,0.9501495361328125,0.7584275007247925
YKL119C,YGL026C,0,-0.31927156,0.11164479702711105,0.9501495361328125,0.7585275769233704
YNL094W,YNL138W-A,0,-0.3195163,0.11163172125816345,0.9501495361328125,0.7586275935173035
YOL055C,YDR343C,0,-0.32167086,0.11161864548921585,0.9501495361328125,0.7587276101112366
YML037C,YJL189W,0,-0.32171202,0.11160557717084885,0.9501495361328125,0.7588276267051697
YPR106W,YMR233W,0,-0.32185623,0.11159250885248184,0.9501495361328125,0.7589277029037476
YDR098C-A,YPL137C,0,-0.32203975,0.11157944053411484,0.9501495361328125,0.7590277194976807
YOR081C,YCR077C,0,-0.3227991,0.11156637966632843,0.9501495361328125,0.7591277360916138
YNR043W,YIL043C,0,-0.32293844,0.11155331879854202,0.9501495361328125,0.7592277526855469
YDL243C,YML096W,0,-0.32400292,0.11154026538133621,0.9501495361328125,0.75932776927948
YDL007W,YGR031C-A,0,-0.32424963,0.1115272119641304,0.9501495361328125,0.7594278454780579
YNR071C,YMR110C,0,-0.32441604,0.11151415854692459,0.9501495361328125,0.759527862071991
YMR321C,YDL166C,0,-0.32456976,0.11150111258029938,0.9501495361328125,0.7596278786659241
YJL019W,YGR031C-A,0,-0.32477212,0.11148806661367416,0.9501495361328125,0.7597278952598572
YPR158W-B,YKR006C,0,-0.32513925,0.11147502809762955,0.9501495361328125,0.7598279714584351
YGL196W,YNL183C,0,-0.32528168,0.11146198958158493,0.9501495361328125,0.7599279880523682
YGR282C,YJL066C,0,-0.32554114,0.11144895106554031,0.9501495361328125,0.7600280046463013
YGR156W,YLR410W-B,0,-0.32716063,0.1114359200000763,0.9501495361328125,0.7601280212402344
YOR194C,YLR227W-A,0,-0.32720464,0.11142288893461227,0.9501495361328125,0.7602280974388123
YDR261C-D,YGR252W,0,-0.32721096,0.11140986531972885,0.9501495361328125,0.7603281140327454
YPL214C,YNL046W,0,-0.32722417,0.11139684170484543,0.9501495361328125,0.7604281306266785
YOL011W,YOR343W-B,0,-0.3272836,0.1113838255405426,0.9501495361328125,0.7605281472206116
YGR027W-B,YDR045C,0,-0.3272836,0.11137080937623978,0.9501495361328125,0.7606281638145447
YDR210W-B,YDR126W,0,-0.32728985,0.11135779321193695,0.9501495361328125,0.7607282400131226
YER147C,YDR316W-B,0,-0.32741988,0.11134478449821472,0.9501495361328125,0.7608282566070557
YPR154W,YGR161W-B,0,-0.3276435,0.11133177578449249,0.9501495361328125,0.7609282732009888
YDR098C-A,YBL034C,0,-0.32768953,0.11131877452135086,0.9501495361328125,0.7610282897949219
YDR261W-B,YKL042W,0,-0.32773316,0.11130577325820923,0.9501495361328125,0.7611283659934998
YNL232W,YGR027W-B,0,-0.32773316,0.1112927719950676,0.9501495361328125,0.7612283825874329
YIL030C,YPR137C-B,0,-0.32774273,0.11127977818250656,0.9501495361328125,0.761328399181366
YEL041W,YDR316W-A,0,-0.3277539,0.11126678436994553,0.9501495361328125,0.7614284157752991
YKL054C,YOL103W-B,0,-0.3277545,0.11125379055738449,0.9501495361328125,0.7615284323692322
YDR098C,YDR316W-B,0,-0.32775655,0.11124080419540405,0.9501495361328125,0.7616285085678101
YDR098C-B,YGL183C,0,-0.32781285,0.11122782528400421,0.9501495361328125,0.7617285251617432
YGR027W-B,YJL033W,0,-0.32783943,0.11121484637260437,0.9501495361328125,0.7618285417556763
YFR013W,YOR192C-A,0,-0.32790458,0.11120186746120453,0.9501495361328125,0.7619285583496094
YGL139W,YML030W,0,-0.3279475,0.11118889600038528,0.9501495361328125,0.7620286345481873
YDR046C,YHR214C-C,0,-0.32796532,0.11117592453956604,0.9501495361328125,0.7621286511421204
YDR536W,YDR210C-D,0,-0.3279916,0.1111629530787468,0.9501495361328125,0.7622286677360535
YGR109W-B,YBR260C,0,-0.32801372,0.11114998906850815,0.9501495361328125,0.7623286843299866
YGR180C,YGR109W-A,0,-0.32803312,0.1111370250582695,0.9501495361328125,0.7624287009239197
YGR161C-D,YMR275C,0,-0.32804692,0.11112406849861145,0.9501495361328125,0.7625287771224976
YEL037C,YHR214C-C,0,-0.32811767,0.1111111119389534,0.9501495361328125,0.7626287937164307
YOR086C,YOR343W-B,0,-0.32812354,0.11109815537929535,0.9501495361328125,0.7627288103103638
YPR137C-B,YEL070W,0,-0.32812354,0.1110852062702179,0.9501495361328125,0.7628288269042969
YGR238C,YPR137C-B,0,-0.32812756,0.11107226461172104,0.9501495361328125,0.7629289031028748
YAL054C,YLR410W-B,0,-0.32814392,0.11105931550264359,0.9501495361328125,0.7630289196968079
YGR081C,YER159C-A,0,-0.32824382,0.11104637384414673,0.9501495361328125,0.763128936290741
YNL128W,YLR227W-B,0,-0.32825488,0.11103343963623047,0.9501495361328125,0.7632289528846741
YNR003C,YKL181W,0,-0.32828784,0.11102050542831421,0.9501495361328125,0.7633289694786072
YHL009W-B,YKL082C,0,-0.32834157,0.11100757122039795,0.9501495361328125,0.7634290456771851
YDR316W-A,YLR460C,0,-0.32843637,0.11099464446306229,0.9501495361328125,0.7635290622711182
YLR410W-A,YKL108W,0,-0.32848758,0.11098171770572662,0.9501495361328125,0.7636290788650513
YLR005W,YDR261C-D,0,-0.32851994,0.11096879094839096,0.9501495361328125,0.7637290954589844
YBR123C,YPL257W-B,0,-0.32853585,0.1109558716416359,0.9501495361328125,0.7638291716575623
YDR034C-C,YCR096C,0,-0.32854977,0.11094295978546143,0.9501495361328125,0.7639291882514954
YPR158W-B,YJL041W,0,-0.32858998,0.11093004047870636,0.9501495361328125,0.7640292048454285
YPR158C-C,YDR226W,0,-0.32860807,0.11091712862253189,0.9501495361328125,0.7641292214393616
YOR193W,YLR410W-B,0,-0.32862478,0.11090422421693802,0.9501495361328125,0.7642292976379395
YER159C-A,YML063W,0,-0.32866228,0.11089131981134415,0.9501495361328125,0.7643293142318726
YDR415C,YJR025C,0,-0.32866237,0.11087841540575027,0.9501495361328125,0.7644293308258057
YPL257W-A,YLL066C,0,-0.32866797,0.110865518450737,0.9501495361328125,0.7645293474197388
YJL221C,YDR261W-B,0,-0.32867473,0.11085262149572372,0.9501495361328125,0.7646293640136719
YER159C-A,YOR078W,0,-0.32867694,0.11083973199129105,0.9501495361328125,0.7647294402122498
YOR264W,YGR109W-A,0,-0.32869303,0.11082684248685837,0.9501495361328125,0.7648294568061829
YAL056W,YGR161W-B,0,-0.32869744,0.11081395298242569,0.9501495361328125,0.764929473400116
YJR147W,YHR214C-C,0,-0.32870913,0.11080107092857361,0.9501495361328125,0.7650294899940491
YJR046W,YOR142W-A,0,-0.32872778,0.11078818887472153,0.9501495361328125,0.765129566192627
YJL013C,YDR210W-B,0,-0.32880104,0.11077531427145004,0.9501495361328125,0.7652295827865601
YOL103W-A,YML102W,0,-0.328823,0.11076243966817856,0.9501495361328125,0.7653295993804932
YDR188W,YPR158C-C,0,-0.32884565,0.11074956506490707,0.9501495361328125,0.7654296159744263
YDR005C,YOR142W-B,0,-0.32885915,0.11073669791221619,0.9501495361328125,0.7655296325683594
YER161C,YDR210W-B,0,-0.32889277,0.1107238307595253,0.9501495361328125,0.7656297087669373
YGL240W,YOR192C-A,0,-0.3289525,0.11071096360683441,0.9501495361328125,0.7657297253608704
YDR210W-B,YHR138C,0,-0.32917285,0.11069810390472412,0.9501495361328125,0.7658297419548035
YBR214W,YPL257W-B,0,-0.3293217,0.11068525165319443,0.9501495361328125,0.7659297585487366
YKL190W,YOL103W-B,0,-0.32978138,0.11067239940166473,0.9501495361328125,0.7660298347473145
YMR262W,YMR051C,0,-0.33042246,0.11065954715013504,0.9501495361328125,0.7661298513412476
YJL127C,YJL206C,0,-0.3305231,0.11064669489860535,0.9501495361328125,0.7662298679351807
YER178W,YDR098C-A,0,-0.3309257,0.11063385009765625,0.9501495361328125,0.7663298845291138
YIR014W,YDR440W,0,-0.33133706,0.11062101274728775,0.9501495361328125,0.7664299011230469
YOR175C,YDR210W-B,0,-0.3313533,0.11060816794633865,0.9501495361328125,0.7665299773216248
YOR068C,YOR192C-B,0,-0.3316685,0.11059533804655075,0.9501495361328125,0.7666299939155579
YPR199C,YLR410W-B,0,-0.33202916,0.11058250069618225,0.9501495361328125,0.766730010509491
YMR139W,YLR121C,0,-0.3328308,0.11056967079639435,0.9501495361328125,0.7668300271034241
YOL056W,YDR210C-D,0,-0.33304796,0.11055684089660645,0.9501495361328125,0.766930103302002
YHL027W,YDR353W,0,-0.33308887,0.11054401844739914,0.9501495361328125,0.7670301198959351
YDR122W,YOR326W,0,-0.33310694,0.11053119599819183,0.9501495361328125,0.7671301364898682
YDL076C,YLR410W-B,0,-0.33329087,0.11051838099956512,0.9501495361328125,0.7672301530838013
YDR210C-C,YOR048C,0,-0.33331037,0.11050556600093842,0.9501495361328125,0.7673301696777344
YHR214W,YDL217C,0,-0.33334434,0.1104927510023117,0.9501495361328125,0.7674302458763123
YDR210C-C,YDR398W,0,-0.33337584,0.1104799434542656,0.9501495361328125,0.7675302624702454
YOR192C-B,YGR268C,0,-0.33339527,0.11046713590621948,0.9501495361328125,0.7676302790641785
YPR158C-D,YDR076W,0,-0.3337171,0.11045433580875397,0.9501495361328125,0.7677302956581116
YPR158C-C,YDR328C,0,-0.33387202,0.11044153571128845,0.9501495361328125,0.7678303718566895
YHR169W,YGR188C,0,-0.33387235,0.11042873561382294,0.9501495361328125,0.7679303884506226
YHL009W-B,YOR389W,0,-0.33391684,0.11041594296693802,0.9501495361328125,0.7680304050445557
YPR158C-D,YPL121C,0,-0.33393228,0.1104031503200531,0.9501495361328125,0.7681304216384888
YPR158W-B,YBR082C,0,-0.33405986,0.11039036512374878,0.9501495361328125,0.7682304978370667
YNL284C-B,YDL110C,0,-0.33420306,0.11037757992744446,0.9501495361328125,0.7683305144309998
YJL176C,YOL103W-B,0,-0.33422074,0.11036479473114014,0.9501495361328125,0.7684305310249329
YBR295W,YPL257W-A,0,-0.33422074,0.11035201698541641,0.9501495361328125,0.768530547618866
YDR210C-C,YMR313C,0,-0.33436227,0.11033923923969269,0.9501495361328125,0.7686305642127991
YPL074W,YOR343W-B,0,-0.33444142,0.11032646149396896,0.9501495361328125,0.768730640411377
YGR027W-B,YGL003C,0,-0.3345607,0.11031369119882584,0.9501495361328125,0.7688306570053101
YAR015W,YGR161W-B,0,-0.3348677,0.1103009283542633,0.9501495361328125,0.7689306735992432
YDL038C,YDR167W,0,-0.3350758,0.11028815805912018,0.9501495361328125,0.7690306901931763
YBR090C-A,YER091C,0,-0.33549696,0.11027540266513824,0.9501495361328125,0.7691307663917542
YGL205W,YKR089C,0,-0.33582574,0.11026263982057571,0.9501495361328125,0.7692307829856873
YGR027W-B,YDR166C,0,-0.33585715,0.11024988442659378,0.9501495361328125,0.7693307995796204
YLR333C,YIL048W,0,-0.33611012,0.11023712903261185,0.9501495361328125,0.7694308161735535
YAL029C,YPR127W,0,-0.33620188,0.11022438108921051,0.9501495361328125,0.7695308327674866
YGL183C,YML036W,0,-0.33630413,0.11021163314580917,0.9501495361328125,0.7696309089660645
YDR316W-A,YOL122C,0,-0.33676475,0.11019889265298843,0.9501495361328125,0.7697309255599976
YKL103C,YGR109W-A,0,-0.33682263,0.1101861521601677,0.9501495361328125,0.7698309421539307
YNL284C-B,YNR004W,0,-0.33737922,0.11017341166734695,0.9501495361328125,0.7699309587478638
YDR316W-A,YMR098C,0,-0.33851373,0.11016067862510681,0.9501495361328125,0.7700310349464417
YHR210C,YMR139W,0,-0.33851746,0.11014794558286667,0.9501495361328125,0.7701310515403748
YGR170W,YJL062W,0,-0.33856285,0.11013521254062653,0.9501495361328125,0.7702310681343079
YOL080C,YDR398W,0,-0.33857316,0.11012248694896698,0.9501495361328125,0.770331084728241
YJL058C,YLR035C-A,0,-0.3386054,0.11010976135730743,0.9501495361328125,0.7704311013221741
YOR142W-B,YLR380W,0,-0.33881968,0.11009704321622849,0.9501495361328125,0.770531177520752
YOR147W,YGR031C-A,0,-0.3391837,0.11008432507514954,0.9501495361328125,0.7706311941146851
YBR191W,YGR159C,0,-0.3392067,0.11007160693407059,0.9501495361328125,0.7707312107086182
YDR028C,YOR224C,0,-0.33952588,0.11005889624357224,0.9501495361328125,0.7708312273025513
YDR243C,YBR119W,0,-0.33953348,0.11004619300365448,0.9501495361328125,0.7709313035011292
YMR150C,YGR031C-A,0,-0.33986795,0.11003348231315613,0.9501495361328125,0.7710313200950623
YPL096W,YGR109W-A,0,-0.34033006,0.11002077907323837,0.9501495361328125,0.7711313366889954
YLR384C,YNL091W,0,-0.3407557,0.11000808328390121,0.9501495361328125,0.7712313532829285
YPR158C-D,YMR284W,0,-0.3410238,0.10999538004398346,0.9501495361328125,0.7713313698768616
YNL311C,YHL031C,0,-0.34113488,0.1099826917052269,0.9501495361328125,0.7714314460754395
YDR088C,YJR027W,0,-0.34119272,0.10996999591588974,0.9501495361328125,0.7715314626693726
YNL012W,YBR067C,0,-0.3412751,0.10995730757713318,0.9501495361328125,0.7716314792633057
YIL109C,YLR410W-B,0,-0.34131196,0.10994462668895721,0.9501495361328125,0.7717314958572388
YDL102W,YGR109W-A,0,-0.34206688,0.10993193835020065,0.9501495361328125,0.7718315720558167
YLR026C,YER101C,0,-0.3423942,0.10991926491260529,0.9501495361328125,0.7719315886497498
YJL117W,YDR210C-D,0,-0.3430008,0.10990658402442932,0.9501495361328125,0.7720316052436829
YER133W,YOR326W,0,-0.34313023,0.10989391058683395,0.9501495361328125,0.772131621837616
YDR170W-A,YDR486C,0,-0.34359413,0.10988123714923859,0.9501495361328125,0.7722316980361938
YMR159C,YML096W,0,-0.34360263,0.10986857116222382,0.9501495361328125,0.772331714630127
YGR027W-B,YKL043W,0,-0.3436342,0.10985590517520905,0.9501495361328125,0.7724317312240601
YPL043W,YLR035C-A,0,-0.34374797,0.10984324663877487,0.9501495361328125,0.7725317478179932
YDR139C,YPL257W-B,0,-0.34393793,0.1098305881023407,0.9501495361328125,0.7726317644119263
YDR007W,YBR168W,0,-0.34448734,0.10981792956590652,0.9501495361328125,0.7727318406105042
YDR196C,YKL054C,0,-0.3445124,0.10980527848005295,0.9501495361328125,0.7728318572044373
YDR098C-B,YER063W,0,-0.34457505,0.10979262739419937,0.9501495361328125,0.7729318737983704
YLR312C-B,YIL131C,1,-0.34476304,0.10989516973495483,0.9511465430259705,0.7729318737983704
YJL062W-A,YML006C,0,-0.34506878,0.10988251864910126,0.9511465430259705,0.7730318903923035
YNL084C,YCR037C,0,-0.34530598,0.10986986011266708,0.9511465430259705,0.7731319665908813
YLR017W,YGR161W-A,0,-0.3454111,0.10985720902681351,0.9511465430259705,0.7732319831848145
YLR383W,YJL192C,0,-0.34551013,0.10984455794095993,0.9511465430259705,0.7733319997787476
YMR188C,YDL175C,0,-0.34662247,0.10983191430568695,0.9511465430259705,0.7734320163726807
YJL019W,YNL284C-B,0,-0.34667012,0.10981927067041397,0.9511465430259705,0.7735320329666138
YLR256W-A,YMR165C,0,-0.34690338,0.10980662703514099,0.9511465430259705,0.7736321091651917
YDR316W-A,YNL092W,0,-0.34694868,0.10979399085044861,0.9511465430259705,0.7737321257591248
YPR137C-B,YBR301W,0,-0.34704745,0.10978135466575623,0.9511465430259705,0.7738321423530579
YPR137C-A,YGL203C,0,-0.34707087,0.10976872593164444,0.9511465430259705,0.773932158946991
YPL021W,YHR106W,0,-0.34741592,0.10975609719753265,0.9511465430259705,0.7740322351455688
YLR313C,YMR164C,1,-0.34766334,0.10985850542783737,0.9521435499191284,0.7740322351455688
YDR261C-D,YMR220W,0,-0.3477214,0.10984586924314499,0.9521435499191284,0.774132251739502
YOR142W-A,YLR446W,0,-0.3477981,0.1098332405090332,0.9521435499191284,0.7742322683334351
YGR161W-A,YBR122C,0,-0.34803712,0.10982060432434082,0.9521435499191284,0.7743322849273682
YPL183W-A,YPL257W-A,0,-0.34811014,0.10980798304080963,0.9521435499191284,0.7744323015213013
YDR316W-A,YPL027W,0,-0.34812734,0.10979535430669785,0.9521435499191284,0.7745323777198792
YOR192C-B,YPL022W,0,-0.3481401,0.10978273302316666,0.9521435499191284,0.7746323943138123
YKL109W,YJL095W,0,-0.34846544,0.10977011173963547,0.9521435499191284,0.7747324109077454
YDR316W-A,YHR086W,0,-0.3491739,0.10975749790668488,0.9521435499191284,0.7748324275016785
YMR270C,YLR410W-A,0,-0.3495942,0.10974488407373428,0.9521435499191284,0.7749325037002563
YDR098C-B,YNL210W,0,-0.35032943,0.10973227769136429,0.9521435499191284,0.7750325202941895
YNL101W,YGL006W,0,-0.3508358,0.1097196713089943,0.9521435499191284,0.7751325368881226
YPR133W-A,YHR214C-C,0,-0.35093594,0.1097070649266243,0.9521435499191284,0.7752325534820557
YPL120W,YNL280C,0,-0.35097027,0.1096944659948349,0.9521435499191284,0.7753325700759888
YIL064W,YBR176W,0,-0.35097772,0.1096818670630455,0.9521435499191284,0.7754326462745667
YDR210C-C,YOL065C,0,-0.35105032,0.1096692681312561,0.9521435499191284,0.7755326628684998
YDR034C-C,YKL179C,0,-0.35123554,0.1096566766500473,0.9521435499191284,0.7756326794624329
YPR137C-B,YLR201C,0,-0.35144383,0.1096440851688385,0.9521435499191284,0.775732696056366
YFL035C-A,YOR244W,0,-0.35153678,0.1096315011382103,0.9521435499191284,0.7758327722549438
YLR256W-A,YGR200C,0,-0.35170555,0.10961891710758209,0.9521435499191284,0.775932788848877
YOR192C-B,YAR002C-A,0,-0.35225344,0.10960633307695389,0.9521435499191284,0.7760328054428101
YDR242W,YPR120C,0,-0.35236993,0.10959375649690628,0.9521435499191284,0.7761328220367432
YJL213W,YGR161C-D,0,-0.35285354,0.10958117991685867,0.9521435499191284,0.776232898235321
YLL048C,YOL010W,0,-0.35341907,0.10956861078739166,0.9521435499191284,0.7763329148292542
YFL033C,YER103W,0,-0.3537451,0.10955604165792465,0.9521435499191284,0.7764329314231873
YLR256W-A,YCR106W,0,-0.3537645,0.10954347252845764,0.9521435499191284,0.7765329480171204
YDR210C-C,YDR361C,0,-0.35382617,0.10953091084957123,0.9521435499191284,0.7766329646110535
YPR046W,YOR142W-A,0,-0.35396478,0.10951834917068481,0.9521435499191284,0.7767330408096313
YKL058W,YOR192C-A,0,-0.3539765,0.1095057874917984,0.9521435499191284,0.7768330574035645
YJL024C,YOL069W,0,-0.35406405,0.10949323326349258,0.9521435499191284,0.7769330739974976
YGR086C,YOL165C,0,-0.35421115,0.10948068648576736,0.9521435499191284,0.7770330905914307
YGL129C,YHR202W,0,-0.35438603,0.10946813225746155,0.9521435499191284,0.7771331667900085
YFL002W-B,YOR378W,0,-0.35457453,0.10945558547973633,0.9521435499191284,0.7772331833839417
YPR158W-B,YJR021C,0,-0.3549968,0.1094430461525917,0.9521435499191284,0.7773331999778748
YDR210C-C,YCR014C,0,-0.35538432,0.10943049937486649,0.9521435499191284,0.7774332165718079
YBR086C,YOL103W-A,0,-0.3557616,0.10941796749830246,0.9521435499191284,0.777533233165741
YLR312W-A,YLL066C,0,-0.35577005,0.10940542817115784,0.9521435499191284,0.7776333093643188
YHL009W-B,YOL156W,0,-0.35590065,0.10939289629459381,0.9521435499191284,0.777733325958252
YPR114W,YLR035C-A,0,-0.35595733,0.10938037186861038,0.9521435499191284,0.7778333425521851
YJL109C,YLR227W-B,0,-0.35626924,0.10936783999204636,0.9521435499191284,0.7779333591461182
YLR256W-A,YMR020W,0,-0.35655326,0.10935531556606293,0.9521435499191284,0.778033435344696
YKL056C,YBL047C,0,-0.3566296,0.1093427985906601,0.9521435499191284,0.7781334519386292
YOR343C-A,YMR145C,0,-0.35721073,0.10933028161525726,0.9521435499191284,0.7782334685325623
YBL101W-B,YBL028C,0,-0.35721073,0.10931776463985443,0.9521435499191284,0.7783334851264954
YJR096W,YFL035C,0,-0.35721073,0.1093052551150322,0.9521435499191284,0.7784335017204285
YAR070W-A,YLR221C,0,-0.35721073,0.10929274559020996,0.9521435499191284,0.7785335779190063
YOR343C-A,YJL035C,0,-0.35721073,0.10928023606538773,0.9521435499191284,0.7786335945129395
YDR492W,YBL029C-A,0,-0.35721073,0.10926773399114609,0.9521435499191284,0.7787336111068726
YGL258W-A,YDL209C,0,-0.35721073,0.10925523191690445,0.9521435499191284,0.7788336277008057
YMR033W,YDR381C-A,0,-0.35721073,0.10924273729324341,0.9521435499191284,0.7789337038993835
YGL096W,YDR014W-A,0,-0.35721073,0.10923024266958237,0.9521435499191284,0.7790337204933167
YLL008W,YCL048W-A,0,-0.35721073,0.10921774804592133,0.9521435499191284,0.7791337370872498
YLR312C-B,YDR115W,0,-0.35721073,0.10920526087284088,0.9521435499191284,0.7792337536811829
YGR031C-A,YEL020W-A,0,-0.35721073,0.10919277369976044,0.9521435499191284,0.7793338298797607
YOR396W,YDR316W-B,0,-0.35721073,0.10918029397726059,0.9521435499191284,0.7794338464736938
YFL002W-B,YCL012W,0,-0.35721073,0.10916780680418015,0.9521435499191284,0.779533863067627
YKL182W,YML045W-A,0,-0.35721073,0.1091553345322609,0.9521435499191284,0.7796338796615601
YCL048W-A,YGR024C,0,-0.35721073,0.10914285480976105,0.9521435499191284,0.7797338962554932
YKR095W-A,YBR141C,0,-0.35721073,0.1091303825378418,0.9521435499191284,0.779833972454071
YGL258W-A,YER025W,0,-0.35721073,0.10911791771650314,0.9521435499191284,0.7799339890480042
YNL138W-A,YBR141C,0,-0.35721073,0.10910545289516449,0.9521435499191284,0.7800340056419373
YNL284C-A,YOR132W,0,-0.35721073,0.10909298807382584,0.9521435499191284,0.7801340222358704
YHR099W,YBL101W-A,0,-0.35721073,0.10908052325248718,0.9521435499191284,0.7802340984344482
YEL037C,YDR210W-C,0,-0.35721073,0.10906806588172913,0.9521435499191284,0.7803341150283813
YMR163C,YJL133C-A,0,-0.35721073,0.10905561596155167,0.9521435499191284,0.7804341316223145
YLR312C-B,YOR059C,0,-0.35721073,0.10904315859079361,0.9521435499191284,0.7805341482162476
YAR070W-A,YDR389W,0,-0.35721073,0.10903070867061615,0.9521435499191284,0.7806341648101807
YAR070W-A,YGL213C,0,-0.35721073,0.10901826620101929,0.9521435499191284,0.7807342410087585
YPR021C,YML045W-A,0,-0.35721073,0.10900582373142242,0.9521435499191284,0.7808342576026917
YER137C-A,YGL006W,0,-0.35721073,0.10899338126182556,0.9521435499191284,0.7809342741966248
YDR014W-A,YBR023C,0,-0.35721073,0.1089809462428093,0.9521435499191284,0.7810342907905579
YER051W,YBL029C-A,0,-0.35721073,0.10896851122379303,0.9521435499191284,0.7811343669891357
YHR214W-G,YOR341W,0,-0.35721073,0.10895607620477676,0.9521435499191284,0.7812343835830688
YDR261C-D,YDR320C-A,0,-0.35721073,0.1089436486363411,0.9521435499191284,0.781334400177002
YCL048W-A,YOR326W,0,-0.35721073,0.10893122106790543,0.9521435499191284,0.7814344167709351
YPL093W,YCL048W-A,0,-0.35721073,0.10891879349946976,0.9521435499191284,0.7815344333648682
YML043C,YGL258W-A,0,-0.35721073,0.10890637338161469,0.9521435499191284,0.781634509563446
YDL038C,YOR262W,0,-0.35721073,0.10889395326375961,0.9521435499191284,0.7817345261573792
YNR043W,YBL101W-B,0,-0.35721073,0.10888154059648514,0.9521435499191284,0.7818345427513123
YLR446W,YKL138C-A,0,-0.35721073,0.10886912792921066,0.9521435499191284,0.7819345593452454
YMR166C,YBR075W,0,-0.35721073,0.10885672271251678,0.9521435499191284,0.7820346355438232
YBL090W,YHR214W-G,0,-0.35721073,0.10884431004524231,0.9521435499191284,0.7821346521377563
YGL258W-A,YHR190W,0,-0.35721073,0.10883191227912903,0.9521435499191284,0.7822346687316895
YAL063C,YCL048W-A,0,-0.35721073,0.10881950706243515,0.9521435499191284,0.7823346853256226
YIL128W,YBL101W-A,0,-0.35721073,0.10880710929632187,0.9521435499191284,0.7824347019195557
YMR034C,YCL060C,0,-0.35721073,0.10879471153020859,0.9521435499191284,0.7825347781181335
YDR210C-C,YCL012W,0,-0.35721073,0.1087823212146759,0.9521435499191284,0.7826347947120667
YBR237W,YDR381C-A,0,-0.35721073,0.10876993089914322,0.9521435499191284,0.7827348113059998
YLR103C,YCL048W-A,0,-0.35721073,0.10875754803419113,0.9521435499191284,0.7828348278999329
YDR107C,YCL048W-A,0,-0.35721073,0.10874515771865845,0.9521435499191284,0.7829349040985107
YBR276C,YGL258W-A,0,-0.35721073,0.10873278230428696,0.9521435499191284,0.7830349206924438
YNL284C-A,YAL015C,0,-0.35721073,0.10872039943933487,0.9521435499191284,0.783134937286377
YLR227W-B,YGR105W,0,-0.35721073,0.10870802402496338,0.9521435499191284,0.7832349538803101
YLR096W,YBL101W-B,0,-0.35721073,0.10869564861059189,0.9521435499191284,0.7833350300788879
YHR079C-B,YGR266W,0,-0.35721073,0.108683280646801,0.9521435499191284,0.783435046672821
YML052W,YBL101W-A,0,-0.35721073,0.1086709126830101,0.9521435499191284,0.7835350632667542
YDR014W-A,YMR125W,0,-0.35721073,0.1086585521697998,0.9521435499191284,0.7836350798606873
YJL021C,YDR210W-C,0,-0.35721073,0.10864619165658951,0.9521435499191284,0.7837350964546204
YGL258W-A,YDL097C,0,-0.35721073,0.10863383114337921,0.9521435499191284,0.7838351726531982
YAR070W-A,YJL125C,0,-0.35721073,0.10862147063016891,0.9521435499191284,0.7839351892471313
YOR343W-A,YFL018W-A,0,-0.35721073,0.10860911756753922,0.9521435499191284,0.7840352058410645
YBR273C,YBL029C-A,0,-0.35721073,0.10859677195549011,0.9521435499191284,0.7841352224349976
YOR194C,YDR210W-C,0,-0.35721073,0.10858442634344101,0.9521435499191284,0.7842352986335754
YLL053C,YBL101W-B,0,-0.35721073,0.1085720807313919,0.9521435499191284,0.7843353152275085
YOR304C-A,YCL048W-A,0,-0.35721073,0.1085597351193428,0.9521435499191284,0.7844353318214417
YLR227W-B,YOR240W,0,-0.35721073,0.1085473969578743,0.9521435499191284,0.7845353484153748
YMR158W,YDR381C-A,0,-0.35721073,0.10853505879640579,0.9521435499191284,0.7846353650093079
YDR131C,YFR024C,0,-0.35721073,0.10852272808551788,0.9521435499191284,0.7847354412078857
YMR025W,YDR210W-C,0,-0.35721073,0.10851039737462997,0.9521435499191284,0.7848354578018188
YIL017W,YGR031C-A,0,-0.35721073,0.10849806666374207,0.9521435499191284,0.784935474395752
YOR180C,YBL029C-A,0,-0.35721073,0.10848574340343475,0.9521435499191284,0.7850354909896851
YCL048W-A,YER175C,0,-0.35721073,0.10847342014312744,0.9521435499191284,0.7851355671882629
YOR343C-A,YOR261C,0,-0.35721073,0.10846110433340073,0.9521435499191284,0.785235583782196
YGL192W,YCL048W-A,0,-0.35721073,0.10844878852367401,0.9521435499191284,0.7853356003761292
YDR316W-B,YBL047C,0,-0.35721073,0.1084364727139473,0.9521435499191284,0.7854356169700623
YAR044W,YFR045W,0,-0.35721073,0.10842415690422058,0.9521435499191284,0.7855356335639954
YER025W,YDR210W-C,0,-0.35721073,0.10841184854507446,0.9521435499191284,0.7856357097625732
YDL018C,YML045W-A,0,-0.35721073,0.10839954763650894,0.9521435499191284,0.7857357263565063
YML045W-A,YDL220C,0,-0.35721073,0.10838724672794342,0.9521435499191284,0.7858357429504395
YNL115C,YJL133C-A,0,-0.35721073,0.1083749458193779,0.9521435499191284,0.7859357595443726
YMR032W,YOR343C-A,0,-0.35721073,0.10836264491081238,0.9521435499191284,0.7860358357429504
YHR214W-G,YKR103W,0,-0.35721073,0.10835035145282745,0.9521435499191284,0.7861358523368835
YKL119C,YDR014W-A,0,-0.35721073,0.10833805799484253,0.9521435499191284,0.7862358689308167
YOR343C-A,YBR301W,0,-0.35721073,0.1083257719874382,0.9521435499191284,0.7863358855247498
YER053C-A,YDR403W,0,-0.35721073,0.10831348598003387,0.9521435499191284,0.7864359021186829
YDR014W-A,YKL201C,0,-0.35721073,0.10830119997262955,0.9521435499191284,0.7865359783172607
YER053C-A,YLR185W,0,-0.35721073,0.10828892141580582,0.9521435499191284,0.7866359949111938
YBR251W,YBL101W-A,0,-0.35721073,0.10827664285898209,0.9521435499191284,0.786736011505127
YDR468C,YAR070W-A,0,-0.35721073,0.10826437175273895,0.9521435499191284,0.7868360280990601
YDR210C-C,YER014C-A,0,-0.35721073,0.10825210064649582,0.9521435499191284,0.7869361042976379
YDR014W-A,YKL168C,0,-0.35721073,0.10823982954025269,0.9521435499191284,0.787036120891571
YDL038C,YPR071W,0,-0.35721073,0.10822755843400955,0.9521435499191284,0.7871361374855042
YLR391W-A,YPR063C,0,-0.35721073,0.10821529477834702,0.9521435499191284,0.7872361540794373
YMR221C,YNL284C-A,0,-0.35721073,0.10820303857326508,0.9521435499191284,0.7873362302780151
YLR312C-B,YMR226C,0,-0.35721073,0.10819077491760254,0.9521435499191284,0.7874362468719482
YOR343C-A,YMR112C,0,-0.35721073,0.1081785261631012,0.9521435499191284,0.7875362634658813
YBR188C,YBL101W-B,0,-0.35721073,0.10816626995801926,0.9521435499191284,0.7876362800598145
YOR038C,YBL101W-B,0,-0.35721073,0.10815402120351791,0.9521435499191284,0.7877362966537476
YNL230C,YBL101W-A,0,-0.35721073,0.10814177244901657,0.9521435499191284,0.7878363728523254
YAR070W-A,YJL103C,0,-0.35721073,0.10812953114509583,0.9521435499191284,0.7879363894462585
YDR014W-A,YLR357W,0,-0.35721073,0.10811728984117508,0.9521435499191284,0.7880364060401917
YGR161C-D,YGL006W,0,-0.35721073,0.10810504853725433,0.9521435499191284,0.7881364226341248
YOR192C-A,YBL101W-A,0,-0.35721073,0.10809281468391418,0.9521435499191284,0.7882364988327026
YNL020C,YNL284C-A,0,-0.35721073,0.10808058083057404,0.9521435499191284,0.7883365154266357
YBL101W-A,YMR160W,0,-0.35721073,0.10806834697723389,0.9521435499191284,0.7884365320205688
YCR058C,YFR045W,0,-0.35721073,0.10805612057447433,0.9521435499191284,0.788536548614502
YBR100W,YNL115C,0,-0.35721073,0.10804389417171478,0.9521435499191284,0.7886365652084351
YAR070W-A,YER096W,0,-0.35721073,0.10803167521953583,0.9521435499191284,0.7887366414070129
YFL018W-A,YLL067C,0,-0.35721073,0.10801945626735687,0.9521435499191284,0.788836658000946
YDL123W,YDR210W-C,0,-0.35721073,0.10800723731517792,0.9521435499191284,0.7889366745948792
YNL284C-A,YKR100C,0,-0.35721073,0.10799502581357956,0.9521435499191284,0.7890366911888123
YOR221C,YDR210W-C,0,-0.35721073,0.1079828143119812,0.9521435499191284,0.7891367673873901
YJL190C,YJL133C-A,0,-0.35721073,0.10797060281038284,0.9521435499191284,0.7892367839813232
YOR126C,YBL029C-A,0,-0.35721073,0.10795839875936508,0.9521435499191284,0.7893368005752563
YGL128C,YLL027W,0,-0.35743633,0.10794619470834732,0.9521435499191284,0.7894368171691895
YOL156W,YFR049W,0,-0.3574581,0.10793399810791016,0.9521435499191284,0.7895368337631226
YLR227W-B,YLR121C,0,-0.35772818,0.10792180150747299,0.9521435499191284,0.7896369099617004
YFR025C,YMR130W,0,-0.35782543,0.10790960490703583,0.9521435499191284,0.7897369265556335
YPR158C-C,YDL098C,0,-0.35800573,0.10789741575717926,0.9521435499191284,0.7898369431495667
YHR186C,YMR243C,0,-0.35827845,0.10788522660732269,0.9521435499191284,0.7899369597434998
YCR096C,YGR031C-A,0,-0.358424,0.10787303745746613,0.9521435499191284,0.7900370359420776
YHL028W,YHR090C,0,-0.35847846,0.10786085575819016,0.9521435499191284,0.7901370525360107
YDR100W,YBR089C-A,0,-0.3584841,0.10784867405891418,0.9521435499191284,0.7902370691299438
YGL119W,YBL030C,0,-0.3586527,0.10783649235963821,0.9521435499191284,0.790337085723877
YKL109W,YLR154W-A,0,-0.3586954,0.10782431811094284,0.9521435499191284,0.7904371023178101
YPR070W,YJR057W,0,-0.35926473,0.10781214386224747,0.9521435499191284,0.7905371785163879
YNL054W-A,YLR120C,0,-0.35966355,0.10779997706413269,0.9521435499191284,0.790637195110321
YDL120W,YDR316W-B,0,-0.3597105,0.10778781026601791,0.9521435499191284,0.7907372117042542
YOR274W,YGL141W,0,-0.3600069,0.10777564346790314,0.9521435499191284,0.7908372282981873
YDR043C,YDL159W,1,-0.36018044,0.10787632316350937,0.9531405568122864,0.7908372282981873
YMR217W,YGR027W-B,0,-0.36052763,0.10786415636539459,0.9531405568122864,0.7909373044967651
YJR076C,YCR009C,0,-0.3606387,0.10785198211669922,0.9531405568122864,0.7910373210906982
YDR034C-C,YPR026W,0,-0.36068934,0.10783982276916504,0.9531405568122864,0.7911373376846313
YNL287W,YHR092C,0,-0.36073366,0.10782765597105026,0.9531405568122864,0.7912373542785645
YNL197C,YBR083W,1,-0.3607484,0.10792827606201172,0.9541375637054443,0.7912373542785645
YDR034C-C,YLR005W,0,-0.36094564,0.10791610181331635,0.9541375637054443,0.7913374304771423
YLR172C,YKR053C,0,-0.36096045,0.10790393501520157,0.9541375637054443,0.7914374470710754
YPR158W-B,YOL141W,0,-0.36166272,0.10789176821708679,0.9541375637054443,0.7915374636650085
YOR142W-A,YKL132C,0,-0.361883,0.10787960886955261,0.9541375637054443,0.7916374802589417
YOR192C-B,YNR001C,0,-0.36191297,0.10786744952201843,0.9541375637054443,0.7917374968528748
YOL103W-A,YPR037C,0,-0.36197552,0.10785529017448425,0.9541375637054443,0.7918375730514526
YHL036W,YDR308C,0,-0.36221075,0.10784313827753067,0.9541375637054443,0.7919375896453857
YPR158W-B,YER040W,0,-0.36253312,0.10783098638057709,0.9541375637054443,0.7920376062393188
YKL004W,YPR095C,0,-0.3625896,0.1078188344836235,0.9541375637054443,0.792137622833252
YGL035C,YNL068C,0,-0.3627821,0.10780669003725052,0.9541375637054443,0.7922376990318298
YCL063W,YOR250C,0,-0.3628559,0.10779454559087753,0.9541375637054443,0.7923377156257629
YDR365W-A,YEL012W,0,-0.3629466,0.10778240859508514,0.9541375637054443,0.792437732219696
YOR201C,YDR343C,0,-0.3630315,0.10777027159929276,0.9541375637054443,0.7925377488136292
YKL078W,YGR109W-A,0,-0.3630986,0.10775813460350037,0.9541375637054443,0.7926377654075623
YER110C,YOR378W,0,-0.3633413,0.10774600505828857,0.9541375637054443,0.7927378416061401
YPR158C-C,YLR263W,0,-0.36350197,0.10773387551307678,0.9541375637054443,0.7928378582000732
YDR034C-C,YLR200W,0,-0.36357653,0.10772174596786499,0.9541375637054443,0.7929378747940063
YLR448W,YBL022C,0,-0.36358333,0.1077096238732338,0.9541375637054443,0.7930378913879395
YPL146C,YDR261W-B,0,-0.36367166,0.1076975017786026,0.9541375637054443,0.7931379675865173
YPR158C-C,YMR039C,0,-0.3636887,0.1076853796839714,0.9541375637054443,0.7932379841804504
YNL188W,YLR227W-B,0,-0.36410818,0.1076732650399208,0.9541375637054443,0.7933380007743835
YKL093W,YGL123W,0,-0.36486828,0.1076611578464508,0.9541375637054443,0.7934380173683167
YPL065W,YCR053W,0,-0.36532417,0.10764904320240021,0.9541375637054443,0.7935380339622498
YER027C,YCR053W,0,-0.36549056,0.1076369360089302,0.9541375637054443,0.7936381101608276
YOR343W-A,YMR074C,0,-0.36592364,0.1076248288154602,0.9541375637054443,0.7937381267547607
YOR222W,YOR142W-A,0,-0.3661642,0.1076127290725708,0.9541375637054443,0.7938381433486938
YDR210W-B,YDR261W-A,0,-0.36665857,0.1076006293296814,0.9541375637054443,0.793938159942627
YOR343W-B,YGR080W,0,-0.36762005,0.10758852958679199,0.9541375637054443,0.7940382361412048
YDR242W,YMR272C,0,-0.36789453,0.10757643729448318,0.9541375637054443,0.7941382527351379
YFR052W,YAR010C,0,-0.36845157,0.10756434500217438,0.9541375637054443,0.794238269329071
YPR137C-B,YMR117C,0,-0.3687665,0.10755226016044617,0.9541375637054443,0.7943382859230042
YCR040W,YLR410W-A,0,-0.3689505,0.10754017531871796,0.9541375637054443,0.7944383025169373
YBR257W,YDR410C,0,-0.36895806,0.10752809047698975,0.9541375637054443,0.7945383787155151
YDL225W,YCR096C,0,-0.36931187,0.10751601308584213,0.9541375637054443,0.7946383953094482
YLR256W-A,YNL041C,0,-0.36943054,0.10750392824411392,0.9541375637054443,0.7947384119033813
YGL186C,YPL139C,0,-0.3696434,0.1074918583035469,0.9541375637054443,0.7948384284973145
YDR210W-B,YDL235C,0,-0.36967754,0.10747978091239929,0.9541375637054443,0.7949385046958923
YBR015C,YOR123C,0,-0.36997813,0.10746771842241287,0.9541375637054443,0.7950385212898254
YPR137C-A,YBL014C,0,-0.37034017,0.10745564848184586,0.9541375637054443,0.7951385378837585
YBL082C,YOR343W-B,0,-0.37053862,0.10744358599185944,0.9541375637054443,0.7952385544776917
YNL054W-B,YDL033C,0,-0.37056994,0.10743152350187302,0.9541375637054443,0.7953386306762695
YBR006W,YLR395C,0,-0.3706469,0.1074194610118866,0.9541375637054443,0.7954386472702026
YPR158C-D,YGR205W,0,-0.37075216,0.10740740597248077,0.9541375637054443,0.7955386638641357
YER159C-A,YJL180C,0,-0.3708723,0.10739535093307495,0.9541375637054443,0.7956386804580688
YOR046C,YHR118C,0,-0.37127274,0.10738330334424973,0.9541375637054443,0.795738697052002
YOR099W,YNL190W,0,-0.37173724,0.1073712557554245,0.9541375637054443,0.7958387732505798
YBR240C,YOR304W,0,-0.37250918,0.10735920816659927,0.9541375637054443,0.7959387898445129
YOL086W-A,YEL013W,0,-0.37272465,0.10734716802835464,0.9541375637054443,0.796038806438446
YDR075W,YBR168W,0,-0.3728877,0.10733512789011002,0.9541375637054443,0.7961388230323792
YGL106W,YLR410W-B,0,-0.3737052,0.10732308775186539,0.9541375637054443,0.796238899230957
YBR162W-A,YKR055W,0,-0.37392187,0.10731105506420135,0.9541375637054443,0.7963389158248901
YJR013W,YMR292W,0,-0.37489292,0.10729902237653732,0.9541375637054443,0.7964389324188232
YDR283C,YOR192C-A,0,-0.37504113,0.10728699713945389,0.9541375637054443,0.7965389490127563
YMR208W,YDR492W,0,-0.375076,0.10727497190237045,0.9541375637054443,0.7966389656066895
YNL122C,YLR150W,0,-0.37529045,0.10726294666528702,0.9541375637054443,0.7967390418052673
YGR005C,YGR120C,0,-0.3758886,0.10725092142820358,0.9541375637054443,0.7968390583992004
YNL054W-A,YGR089W,0,-0.37659264,0.10723890364170074,0.9541375637054443,0.7969390749931335
YDR381W,YDR210C-D,0,-0.37661406,0.1072268933057785,0.9541375637054443,0.7970390915870667
YOL086W-A,YLR120C,0,-0.376762,0.10721487551927567,0.9541375637054443,0.7971391677856445
YOL103W-B,YML094W,0,-0.37676403,0.10720286518335342,0.9541375637054443,0.7972391843795776
YOR343W-A,YCR018C,0,-0.37727106,0.10719086229801178,0.9541375637054443,0.7973392009735107
YPL122C,YGR109W-A,0,-0.37763754,0.10717885196208954,0.9541375637054443,0.7974392175674438
YDR098C-A,YDR036C,0,-0.37781212,0.10716685652732849,0.9541375637054443,0.797539234161377
YNR050C,YOL103W-A,0,-0.3778607,0.10715485364198685,0.9541375637054443,0.7976393103599548
YPL179W,YCL012W,0,-0.37826055,0.1071428582072258,0.9541375637054443,0.7977393269538879
YNL054W-A,YJL097W,0,-0.37854743,0.10713086277246475,0.9541375637054443,0.797839343547821
YML043C,YHR122W,0,-0.37871543,0.1071188747882843,0.9541375637054443,0.7979393601417542
YGR109W-B,YGR171C,0,-0.37882864,0.10710687935352325,0.9541375637054443,0.798039436340332
YOL038W,YOR103C,0,-0.3791604,0.1070948988199234,0.9541375637054443,0.7981394529342651
YNL054W-A,YPL215W,0,-0.37922683,0.10708291083574295,0.9541375637054443,0.7982394695281982
YNL284C-B,YMR308C,0,-0.3793621,0.1070709303021431,0.9541375637054443,0.7983394861221313
YHR214W,YBR040W,0,-0.38009465,0.10705895721912384,0.9541375637054443,0.7984395027160645
YHR164C,YPL257W-A,0,-0.38042158,0.10704697668552399,0.9541375637054443,0.7985395789146423
YNL094W,YOL086W-A,0,-0.38079593,0.10703500360250473,0.9541375637054443,0.7986395955085754
YLR229C,YER118C,1,-0.38105148,0.1071348711848259,0.9551345705986023,0.7986395955085754
YOR343W-A,YIL026C,0,-0.38112476,0.10712289065122604,0.9551345705986023,0.7987396121025085
YLR417W,YGR161W-B,0,-0.38166463,0.10711091011762619,0.9551345705986023,0.7988396286964417
YGL172W,YGR161W-B,0,-0.3819763,0.10709893703460693,0.9551345705986023,0.7989397048950195
YDL045C,YDR091C,0,-0.38197815,0.10708696395158768,0.9551345705986023,0.7990397214889526
YDR098C-B,YPL038W,0,-0.38227504,0.10707499831914902,0.9551345705986023,0.7991397380828857
YLR439W,YLR410W-B,0,-0.38239726,0.10706303268671036,0.9551345705986023,0.7992397546768188
YKL197C,YOL103W-A,0,-0.38335547,0.1070510670542717,0.9551345705986023,0.7993398308753967
YPR137C-A,YGL226W,0,-0.3834836,0.10703910887241364,0.9551345705986023,0.7994398474693298
YPR158W-B,YGR254W,0,-0.3841048,0.10702715069055557,0.9551345705986023,0.7995398640632629
YIL106W,YDR439W,0,-0.38422012,0.10701519250869751,0.9551345705986023,0.799639880657196
YPL056C,YOL103W-B,0,-0.384292,0.10700324177742004,0.9551345705986023,0.7997398972511292
YOR192C-B,YDR378C,0,-0.38512328,0.10699129104614258,0.9551345705986023,0.799839973449707
YIL022W,YDR135C,0,-0.38531506,0.10697934031486511,0.9551345705986023,0.7999399900436401
YHL009W-B,YJL057C,0,-0.38534313,0.10696739703416824,0.9551345705986023,0.8000400066375732
YFR034C,YLR097C,0,-0.38538837,0.10695545375347137,0.9551345705986023,0.8001400232315063
YLR050C,YDR470C,0,-0.38550174,0.1069435104727745,0.9551345705986023,0.8002400994300842
YKL109W,YNL054W-A,0,-0.3860078,0.10693157464265823,0.9551345705986023,0.8003401160240173
YCL055W,YOR343W-B,0,-0.38607532,0.10691964626312256,0.9551345705986023,0.8004401326179504
YPR158W-B,YDR207C,0,-0.38616464,0.10690771043300629,0.9551345705986023,0.8005401492118835
YBL080C,YNL314W,0,-0.38633096,0.10689578205347061,0.9551345705986023,0.8006401658058167
YHR002W,YLR227W-A,0,-0.38648736,0.10688385367393494,0.9551345705986023,0.8007402420043945
YOR142W-B,YIL147C,0,-0.38690084,0.10687193274497986,0.9551345705986023,0.8008402585983276
YBR020W,YLR050C,0,-0.38696557,0.10686001181602478,0.9551345705986023,0.8009402751922607
YDR384C,YDR188W,0,-0.38707504,0.1068480908870697,0.9551345705986023,0.8010402917861938
YIL171W,YER155C,0,-0.38734537,0.10683617740869522,0.9551345705986023,0.8011403679847717
YFR038W,YML082W,0,-0.3874919,0.10682426393032074,0.9551345705986023,0.8012403845787048
YOR261C,YPR007C,0,-0.3876611,0.10681235045194626,0.9551345705986023,0.8013404011726379
YKL129C,YDL119C,0,-0.38768524,0.10680044442415237,0.9551345705986023,0.801440417766571
YGR046W,YLR410W-B,0,-0.38772303,0.10678853839635849,0.9551345705986023,0.8015404343605042
YGR161C-D,YGL027C,0,-0.3881051,0.1067766398191452,0.9551345705986023,0.801640510559082
YKL041W,YOR192C-A,0,-0.3884774,0.10676474124193192,0.9551345705986023,0.8017405271530151
YHL050C,YIL095W,0,-0.38852367,0.10675284266471863,0.9551345705986023,0.8018405437469482
YMR208W,YPR158C-C,0,-0.38925266,0.10674094408750534,0.9551345705986023,0.8019405603408813
YMR051C,YOR259C,0,-0.38978127,0.10672905296087265,0.9551345705986023,0.8020406365394592
YAR027W,YDR261W-A,0,-0.39032546,0.10671716928482056,0.9551345705986023,0.8021406531333923
YPL145C,YGL194C,0,-0.3905753,0.10670527815818787,0.9551345705986023,0.8022406697273254
YDR316W-A,YBR207W,0,-0.39092052,0.10669339448213577,0.9551345705986023,0.8023406863212585
YOR142W-A,YCL031C,0,-0.39100915,0.10668151080608368,0.9551345705986023,0.8024407029151917
YPR158C-C,YJL168C,0,-0.3913567,0.10666963458061218,0.9551345705986023,0.8025407791137695
YGR109W-B,YCR028C,0,-0.39151335,0.10665775835514069,0.9551345705986023,0.8026407957077026
YKL028W,YOR103C,0,-0.39155608,0.10664588958024979,0.9551345705986023,0.8027408123016357
YKL011C,YOR142W-B,0,-0.3932066,0.10663401335477829,0.9551345705986023,0.8028408288955688
YBR286W,YHR214C-C,0,-0.3933726,0.10662214457988739,0.9551345705986023,0.8029409050941467
YIL027C,YOR192C-B,0,-0.39360106,0.10661028325557709,0.9551345705986023,0.8030409216880798
YER031C,YOL103W-A,0,-0.39425266,0.10659842193126678,0.9551345705986023,0.8031409382820129
YPR137C-B,YNR055C,0,-0.39452392,0.10658656060695648,0.9551345705986023,0.803240954875946
YDL216C,YER071C,0,-0.39461702,0.10657469928264618,0.9551345705986023,0.8033410310745239
YDR054C,YDR353W,0,-0.39463437,0.10656284540891647,0.9551345705986023,0.803441047668457
YOR132W,YGR089W,0,-0.39500317,0.10655099898576736,0.9551345705986023,0.8035410642623901
YGR244C,YOR192C-B,0,-0.39513206,0.10653914511203766,0.9551345705986023,0.8036410808563232
YDR098C-B,YMR315W,0,-0.395163,0.10652729868888855,0.9551345705986023,0.8037410974502563
YOL042W,YPL137C,0,-0.39519244,0.10651545226573944,0.9551345705986023,0.8038411736488342
YLR227W-B,YBR023C,0,-0.39534724,0.10650361329317093,0.9551345705986023,0.8039411902427673
YGR001C,YOR382W,0,-0.39537585,0.10649177432060242,0.9551345705986023,0.8040412068367004
YKL134C,YKR052C,0,-0.39541757,0.1064799353480339,0.9551345705986023,0.8041412234306335
YPL064C,YBR213W,0,-0.3954901,0.10646810382604599,0.9551345705986023,0.8042412996292114
YHR214W,YJR120W,0,-0.39561063,0.10645627230405807,0.9551345705986023,0.8043413162231445
YLR088W,YHR044C,0,-0.39589036,0.10644444078207016,0.9551345705986023,0.8044413328170776
YOL054W,YIL080W,0,-0.3959249,0.10643261671066284,0.9551345705986023,0.8045413494110107
YDR098C-B,YML104C,0,-0.3961236,0.10642079263925552,0.9551345705986023,0.8046413660049438
YGL025C,YMR286W,0,-0.3966005,0.1064089760184288,0.9551345705986023,0.8047414422035217
YPR097W,YHL031C,0,-0.3967339,0.10639715939760208,0.9551345705986023,0.8048414587974548
YOL071W,YML011C,0,-0.3970691,0.10638534277677536,0.9551345705986023,0.8049414753913879
YLR312C-B,YDR251W,1,-0.39738023,0.1064845621585846,0.9561315774917603,0.8049414753913879
YPR137C-A,YER142C,0,-0.39814532,0.10647274553775787,0.9561315774917603,0.805041491985321
YNL054W-B,YFR010W,0,-0.3984003,0.10646092146635056,0.9561315774917603,0.8051415681838989
YOR343W-A,YNR037C,0,-0.39927098,0.10644910484552383,0.9561315774917603,0.805241584777832
YDR210W-B,YDR320C,0,-0.39927974,0.10643728822469711,0.9561315774917603,0.8053416013717651
YOR158W,YBR012W-B,0,-0.39960355,0.10642547905445099,0.9561315774917603,0.8054416179656982
YDR087C,YDR030C,0,-0.39969227,0.10641366988420486,0.9561315774917603,0.8055416345596313
YNL146W,YDR261W-A,0,-0.39974278,0.10640186071395874,0.9561315774917603,0.8056417107582092
YKL082C,YPR137C-B,0,-0.4001897,0.10639005899429321,0.9561315774917603,0.8057417273521423
YGR060W,YPL257W-B,0,-0.4003182,0.10637825727462769,0.9561315774917603,0.8058417439460754
YHR059W,YOR343W-B,0,-0.40068436,0.10636646300554276,0.9561315774917603,0.8059417605400085
YPR006C,YOL103W-A,0,-0.40145516,0.10635466128587723,0.9561315774917603,0.8060418367385864
YHL009W-B,YJR025C,0,-0.40145516,0.1063428670167923,0.9561315774917603,0.8061418533325195
YBR114W,YPR137C-B,0,-0.4014638,0.10633108019828796,0.9561315774917603,0.8062418699264526
YDR098C-A,YCL063W,0,-0.40153688,0.10631929337978363,0.9561315774917603,0.8063418865203857
YDR034C-C,YOL012C,0,-0.401595,0.1063075065612793,0.9561315774917603,0.8064419031143188
YDR316W-B,YHR214C-C,0,-0.40168917,0.10629571974277496,0.9561315774917603,0.8065419793128967
YDR244W,YGR109W-A,0,-0.40201318,0.10628394037485123,0.9561315774917603,0.8066419959068298
YLR410W-A,YPL135W,0,-0.40208715,0.10627216100692749,0.9561315774917603,0.8067420125007629
YHR027C,YDR078C,0,-0.40209347,0.10626038908958435,0.9561315774917603,0.806842029094696
YLR256W-A,YMR227C,0,-0.40213746,0.10624861717224121,0.9561315774917603,0.8069421052932739
YKL089W,YMR163C,0,-0.40237027,0.10623684525489807,0.9561315774917603,0.807042121887207
YDR207C,YPR166C,0,-0.4026215,0.10622508078813553,0.9561315774917603,0.8071421384811401
YFL037W,YPR137C-B,0,-0.4026333,0.10621331632137299,0.9561315774917603,0.8072421550750732
YBR245C,YLL066C,0,-0.4027822,0.10620155185461044,0.9561315774917603,0.8073422312736511
YBR281C,YDR210C-D,0,-0.4029381,0.1061897873878479,0.9561315774917603,0.8074422478675842
YPL257W-B,YGL123W,0,-0.40324435,0.10617803037166595,0.9561315774917603,0.8075422644615173
YDR261C-D,YEL019C,0,-0.40333378,0.1061662808060646,0.9561315774917603,0.8076422810554504
YHL009W-B,YLR164W,0,-0.40334964,0.10615452378988266,0.9561315774917603,0.8077422976493835
YPR137C-B,YDR117C,0,-0.40380862,0.10614278167486191,0.9561315774917603,0.8078423738479614
YOR060C,YNL054W-B,0,-0.40388438,0.10613103210926056,0.9561315774917603,0.8079423904418945
YLR448W,YGR061C,0,-0.4039694,0.10611928999423981,0.9561315774917603,0.8080424070358276
YNL158W,YFL002W-B,0,-0.40400583,0.10610754787921906,0.9561315774917603,0.8081424236297607
YCR012W,YLR410W-B,0,-0.40403402,0.1060958057641983,0.9561315774917603,0.8082424998283386
YNR052C,YLR410W-B,0,-0.40406567,0.10608407109975815,0.9561315774917603,0.8083425164222717
YLR350W,YOR142W-A,0,-0.40407294,0.106072336435318,0.9561315774917603,0.8084425330162048
YBR248C,YPL257W-B,0,-0.40407294,0.10606060922145844,0.9561315774917603,0.8085425496101379
YMR300C,YDR261C-D,0,-0.40409395,0.10604887455701828,0.9561315774917603,0.808642566204071
YLR289W,YLR187W,0,-0.4041837,0.10603715479373932,0.9561315774917603,0.8087426424026489
YBL080C,YOR266W,0,-0.40433675,0.10602542757987976,0.9561315774917603,0.808842658996582
YNL158W,YOL103W-B,0,-0.40438735,0.1060137078166008,0.9561315774917603,0.8089426755905151
YDR210C-C,YGL226W,0,-0.4046358,0.10600198805332184,0.9561315774917603,0.8090426921844482
YDL012C,YGL094C,0,-0.40467626,0.10599027574062347,0.9561315774917603,0.8091427683830261
YLR460C,YDR091C,0,-0.40478775,0.10597856342792511,0.9561315774917603,0.8092427849769592
YGR161W-A,YMR026C,0,-0.40479887,0.10596685111522675,0.9561315774917603,0.8093428015708923
YNL284C-B,YER002W,0,-0.40484995,0.10595514625310898,0.9561315774917603,0.8094428181648254
YDL120W,YGL123W,0,-0.40497407,0.10594344139099121,0.9561315774917603,0.8095428347587585
YEL017C-A,YDR261W-A,0,-0.40499288,0.10593173652887344,0.9561315774917603,0.8096429109573364
YPR106W,YOL103W-A,0,-0.4051463,0.10592003166675568,0.9561315774917603,0.8097429275512695
YDR052C,YGL195W,0,-0.40516704,0.1059083342552185,0.9561315774917603,0.8098429441452026
YLR395C,YNL054W-A,0,-0.40519106,0.10589664429426193,0.9561315774917603,0.8099429607391357
YDR210W-B,YLL038C,0,-0.40565276,0.10588495433330536,0.9561315774917603,0.8100430369377136
YOL082W,YDR261W-B,0,-0.40565276,0.10587326437234879,0.9561315774917603,0.8101430535316467
YGR161W-A,YJL045W,0,-0.40570357,0.10586157441139221,0.9561315774917603,0.8102430701255798
YOR034C,YDR148C,0,-0.40604818,0.10584989190101624,0.9561315774917603,0.8103430867195129
YKL005C,YBR251W,0,-0.406277,0.10583820939064026,0.9561315774917603,0.810443103313446
YOR230W,YOR089C,0,-0.40644854,0.10582652688026428,0.9561315774917603,0.8105431795120239
YML101C,YOR014W,0,-0.4065829,0.1058148518204689,0.9561315774917603,0.810643196105957
YNL292W,YDR060W,0,-0.40830585,0.10580317676067352,0.9561315774917603,0.8107432126998901
YDL138W,YML088W,0,-0.40865043,0.10579150915145874,0.9561315774917603,0.8108432292938232
YDR300C,YGL155W,0,-0.40876484,0.10577983409166336,0.9561315774917603,0.8109433054924011
YBL037W,YJL108C,0,-0.40925372,0.10576817393302917,0.9561315774917603,0.8110433220863342
YNR035C,YOR036W,0,-0.40955168,0.10575650632381439,0.9561315774917603,0.8111433386802673
YOR131C,YFL029C,0,-0.409698,0.1057448461651802,0.9561315774917603,0.8112433552742004
YJL062W-A,YPL028W,0,-0.41137105,0.10573318600654602,0.9561315774917603,0.8113434314727783
YPL074W,YLL043W,0,-0.41196558,0.10572153329849243,0.9561315774917603,0.8114434480667114
YGR129W,YJR029W,0,-0.41214862,0.10570987313985825,0.9561315774917603,0.8115434646606445
YDR439W,YNR024W,0,-0.41216642,0.10569822788238525,0.9561315774917603,0.8116434812545776
YKL088W,YLL040C,0,-0.4127904,0.10568657517433167,0.9561315774917603,0.8117434978485107
YNR004W,YFL035C-B,0,-0.41301316,0.10567492991685867,0.9561315774917603,0.8118435740470886
YLR154W-A,YML047C,0,-0.41320172,0.10566328465938568,0.9561315774917603,0.8119435906410217
YBR183W,YPL196W,0,-0.41342854,0.10565164685249329,0.9561315774917603,0.8120436072349548
YBR031W,YLR224W,0,-0.4137546,0.10564000904560089,0.9561315774917603,0.8121436238288879
YNL258C,YNL085W,0,-0.4145602,0.1056283712387085,0.9561315774917603,0.8122437000274658
YOR237W,YDR262W,0,-0.41609386,0.1056167408823967,0.9561315774917603,0.8123437166213989
YDR405W,YJR140C,0,-0.41654465,0.1056051105260849,0.9561315774917603,0.812443733215332
YLR172C,YKR048C,0,-0.41665196,0.1055934801697731,0.9561315774917603,0.8125437498092651
YGL039W,YOR232W,0,-0.41669405,0.1055818572640419,0.9561315774917603,0.8126437664031982
YOR009W,YGL120C,0,-0.41697225,0.1055702343583107,0.9561315774917603,0.8127438426017761
YDR211W,YMR321C,0,-0.4170738,0.1055586114525795,0.9561315774917603,0.8128438591957092
YKR075C,YIL002C,0,-0.4192064,0.1055469959974289,0.9561315774917603,0.8129438757896423
YHR164C,YFR031C,0,-0.41924328,0.10553538054227829,0.9561315774917603,0.8130438923835754
YMR065W,YOR262W,0,-0.4198879,0.10552376508712769,0.9561315774917603,0.8131439685821533
YCR045C,YGR002C,0,-0.4201631,0.10551215708255768,0.9561315774917603,0.8132439851760864
YPL223C,YJL127C,0,-0.42153078,0.10550054907798767,0.9561315774917603,0.8133440017700195
YOL086W-A,YOR313C,0,-0.42176732,0.10548894852399826,0.9561315774917603,0.8134440183639526
YOR087W,YOL090W,0,-0.42216533,0.10547734051942825,0.9561315774917603,0.8135440349578857
YNL330C,YDR128W,0,-0.4226383,0.10546573996543884,0.9561315774917603,0.8136441111564636
YDL095W,YKR096W,0,-0.42405108,0.10545414686203003,0.9561315774917603,0.8137441277503967
YBR130C,YBR231C,0,-0.42512506,0.10544255375862122,0.9561315774917603,0.8138441443443298
YLL022C,YHR046C,0,-0.4257064,0.1054309606552124,0.9561315774917603,0.8139441609382629
YLR259C,YGR266W,0,-0.42613345,0.10541936755180359,0.9561315774917603,0.8140442371368408
YOL086W-A,YLR289W,0,-0.42714542,0.10540778189897537,0.9561315774917603,0.8141442537307739
YKL006C-A,YPL116W,0,-0.4272132,0.10539619624614716,0.9561315774917603,0.814244270324707
YLR312C-B,YNL077W,0,-0.42743284,0.10538461804389954,0.9561315774917603,0.8143442869186401
YGL092W,YLL014W,0,-0.42760494,0.10537303239107132,0.9561315774917603,0.8144443035125732
YML028W,YJR045C,0,-0.42816788,0.1053614616394043,0.9561315774917603,0.8145443797111511
YPR097W,YMR234W,0,-0.4281964,0.10534988343715668,0.9561315774917603,0.8146443963050842
YOL086W-A,YDL008W,0,-0.42871916,0.10533831268548965,0.9561315774917603,0.8147444128990173
YNL339C,YER007C-A,0,-0.42987794,0.10532674193382263,0.9561315774917603,0.8148444294929504
YJR147W,YOL086W-A,0,-0.4313308,0.1053151786327362,0.9561315774917603,0.8149445056915283
YGL021W,YHR185C,0,-0.4314854,0.10530361533164978,0.9561315774917603,0.8150445222854614
YLL018C-A,YPL074W,0,-0.4320403,0.10529205203056335,0.9561315774917603,0.8151445388793945
YOL125W,YPL112C,0,-0.4322957,0.10528048872947693,0.9561315774917603,0.8152445554733276
YNL081C,YPL281C,0,-0.4328184,0.1052689328789711,0.9561315774917603,0.8153446316719055
YOR030W,YDR392W,1,-0.4333874,0.10536713898181915,0.9571285843849182,0.8153446316719055
YFR032C-A,YEL020W-A,0,-0.43349165,0.10535557568073273,0.9571285843849182,0.8154446482658386
YHR114W,YLR154W-C,0,-0.4339625,0.1053440123796463,0.9571285843849182,0.8155446648597717
YFL035C-A,YBR087W,0,-0.43435016,0.10533245652914047,0.9571285843849182,0.8156446814537048
YIR038C,YLR154W-A,0,-0.43440497,0.10532090067863464,0.9571285843849182,0.8157446980476379
YGR202C,YOL051W,0,-0.4347605,0.10530934482812881,0.9571285843849182,0.8158447742462158
YPL007C,YOR316C,0,-0.4359293,0.10529779642820358,0.9571285843849182,0.8159447908401489
YAL030W,YPR034W,0,-0.4359845,0.10528624802827835,0.9571285843849182,0.816044807434082
YIL076W,YNL016W,0,-0.43621534,0.10527469962835312,0.9571285843849182,0.8161448240280151
YCR016W,YCL048W,0,-0.43682528,0.10526315867900848,0.9571285843849182,0.816244900226593
YLR194C,YGR179C,0,-0.4370754,0.10525161772966385,0.9571285843849182,0.8163449168205261
YBR257W,YGR189C,0,-0.4370935,0.10524007678031921,0.9571285843849182,0.8164449334144592
YNL121C,YPL113C,0,-0.4380282,0.10522854328155518,0.9571285843849182,0.8165449500083923
YGR234W,YLR295C,0,-0.4381217,0.10521700978279114,0.9571285843849182,0.8166449666023254
YPL168W,YGR180C,0,-0.43848854,0.1052054762840271,0.9571285843849182,0.8167450428009033
YDR281C,YJL192C,0,-0.43858892,0.10519395023584366,0.9571285843849182,0.8168450593948364
YJL170C,YIL154C,0,-0.43981797,0.10518242418766022,0.9571285843849182,0.8169450759887695
YPL234C,YOR076C,0,-0.44083604,0.10517090559005737,0.9571285843849182,0.8170450925827026
YGL237C,YPR200C,0,-0.44157046,0.10515937954187393,0.9571285843849182,0.8171451687812805
YMR289W,YJR028W,0,-0.44203544,0.10514786094427109,0.9571285843849182,0.8172451853752136
YLR186W,YBR048W,0,-0.44242835,0.10513634979724884,0.9571285843849182,0.8173452019691467
YPL033C,YIR011C,0,-0.44290996,0.10512483865022659,0.9571285843849182,0.8174452185630798
YER112W,YNL112W,0,-0.44299948,0.10511332750320435,0.9571285843849182,0.8175452351570129
YGR260W,YAR009C,0,-0.44444722,0.1051018163561821,0.9571285843849182,0.8176453113555908
YGL094C,YKR009C,0,-0.4447663,0.10509031265974045,0.9571285843849182,0.8177453279495239
YNL086W,YJL079C,0,-0.4452173,0.1050788089632988,0.9571285843849182,0.817845344543457
YFR029W,YHR090C,0,-0.4458916,0.10506730526685715,0.9571285843849182,0.8179453611373901
YJL197W,YKL158W,0,-0.44710433,0.1050558090209961,0.9571285843849182,0.818045437335968
YOL104C,YOL029C,0,-0.4474579,0.10504431277513504,0.9571285843849182,0.8181454539299011
YPR072W,YOR109W,0,-0.44783676,0.10503282397985458,0.9571285843849182,0.8182454705238342
YDL133C-A,YLR329W,0,-0.4484737,0.10502133518457413,0.9571285843849182,0.8183454871177673
YBL017C,YDL195W,0,-0.4487637,0.10500984638929367,0.9571285843849182,0.8184455633163452
YPR071W,YBR031W,0,-0.44908184,0.10499835759401321,0.9571285843849182,0.8185455799102783
YGL106W,YCL067C,0,-0.44979304,0.10498687624931335,0.9571285843849182,0.8186455965042114
YKL063C,YER115C,0,-0.4506427,0.1049753949046135,0.9571285843849182,0.8187456130981445
YNL160W,YNR038W,0,-0.45069343,0.10496392101049423,0.9571285843849182,0.8188456296920776
YKL021C,YPR086W,0,-0.45085952,0.10495244711637497,0.9571285843849182,0.8189457058906555
YDR494W,YGR129W,0,-0.45152393,0.1049409732222557,0.9571285843849182,0.8190457224845886
YDL070W,YLR126C,0,-0.45270345,0.10492949932813644,0.9571285843849182,0.8191457390785217
YHL017W,YML098W,0,-0.45276424,0.10491803288459778,0.9571285843849182,0.8192457556724548
YOL045W,YIL125W,0,-0.45280242,0.10490656644105911,0.9571285843849182,0.8193458318710327
YKR072C,YDR378C,0,-0.45349467,0.10489510744810104,0.9571285843849182,0.8194458484649658
YHL036W,YJR057W,0,-0.45380795,0.10488364100456238,0.9571285843849182,0.8195458650588989
YHL031C,YGR027C,0,-0.45574284,0.1048721894621849,0.9571285843849182,0.819645881652832
YLR164W,YFL004W,0,-0.4567455,0.10486073046922684,0.9571285843849182,0.8197458982467651
YKR078W,YPL269W,0,-0.45790616,0.10484927892684937,0.9571285843849182,0.819845974445343
YLL066C,YPR131C,0,-0.45876342,0.1048378273844719,0.9571285843849182,0.8199459910392761
YML109W,YAL015C,0,-0.45893985,0.10482638329267502,0.9571285843849182,0.8200460076332092
YCR081W,YKL171W,0,-0.45939362,0.10481493920087814,0.9571285843849182,0.8201460242271423
YBR016W,YLR417W,0,-0.46065858,0.10480349510908127,0.9571285843849182,0.8202461004257202
YCR052W,YGL194C,0,-0.46086746,0.1047920510172844,0.9571285843849182,0.8203461170196533
YLR001C,YDL114W,0,-0.46143037,0.10478061437606812,0.9571285843849182,0.8204461336135864
YER112W,YLR154W-C,0,-0.46228683,0.10476917773485184,0.9571285843849182,0.8205461502075195
YOL126C,YMR233W,0,-0.46343392,0.10475774854421616,0.9571285843849182,0.8206461668014526
YDR007W,YCR036W,0,-0.46523702,0.10474631935358047,0.9571285843849182,0.8207462430000305
YDR432W,YMR164C,1,-0.4672469,0.10484398901462555,0.958125650882721,0.8207462430000305
YCR005C,YDR334W,0,-0.46758443,0.10483255237340927,0.958125650882721,0.8208462595939636
YDR197W,YLR441C,0,-0.46784705,0.104821115732193,0.958125650882721,0.8209462761878967
YDR093W,YBR212W,0,-0.46793512,0.10480968654155731,0.958125650882721,0.8210462927818298
YOL003C,YOR059C,0,-0.46807727,0.10479825735092163,0.958125650882721,0.8211463689804077
YEL041W,YEL059C-A,0,-0.4681965,0.10478682816028595,0.958125650882721,0.8212463855743408
YDL022W,YHR209W,0,-0.46820122,0.10477540642023087,0.958125650882721,0.8213464021682739
YEL022W,YDR170W-A,0,-0.46827197,0.10476398468017578,0.958125650882721,0.821446418762207
YNR021W,YER053C,0,-0.46897683,0.1047525629401207,0.958125650882721,0.8215464353561401
YLL009C,YJR027W,0,-0.46921962,0.10474114120006561,0.958125650882721,0.821646511554718
YNL233W,YEL001C,0,-0.46922213,0.10472972691059113,0.958125650882721,0.8217465281486511
YPL196W,YEL062W,0,-0.46960986,0.10471832007169724,0.958125650882721,0.8218465447425842
YOR026W,YKL143W,0,-0.46991786,0.10470690578222275,0.958125650882721,0.8219465613365173
YHL027W,YHR157W,0,-0.4702506,0.10469549894332886,0.958125650882721,0.8220466375350952
YNL273W,YNL063W,0,-0.4707383,0.10468409955501556,0.958125650882721,0.8221466541290283
YLR248W,YDR204W,0,-0.47104764,0.10467269271612167,0.958125650882721,0.8222466707229614
YGR026W,YJL053W,0,-0.47167617,0.10466129332780838,0.958125650882721,0.8223466873168945
YCL016C,YKL197C,0,-0.47284007,0.10464989393949509,0.958125650882721,0.8224467635154724
YML120C,YNL231C,0,-0.47526944,0.10463850200176239,0.958125650882721,0.8225467801094055
YDR325W,YFL057C,0,-0.4753262,0.1046271100640297,0.958125650882721,0.8226467967033386
YIL022W,YJL127C,0,-0.47542924,0.104615718126297,0.958125650882721,0.8227468132972717
YDR299W,YHL031C,0,-0.47633752,0.1046043336391449,0.958125650882721,0.8228468298912048
YLR270W,YLL019C,0,-0.4773273,0.1045929491519928,0.958125650882721,0.8229469060897827
YBR181C,YNL079C,0,-0.47753042,0.1045815646648407,0.958125650882721,0.8230469226837158
YJL170C,YER108C,0,-0.47833562,0.1045701876282692,0.958125650882721,0.8231469392776489
YLR103C,YPR182W,0,-0.48091465,0.10455881059169769,0.958125650882721,0.823246955871582
YGR135W,YDR175C,0,-0.48136455,0.10454743355512619,0.958125650882721,0.8233470320701599
YDR007W,YBL098W,0,-0.4813975,0.10453605651855469,0.958125650882721,0.823447048664093
YOR063W,YKL053C-A,0,-0.48155853,0.10452468693256378,0.958125650882721,0.8235470652580261
YOR308C,YDL179W,0,-0.48293477,0.10451332479715347,0.958125650882721,0.8236470818519592
YOL038W,YHR064C,0,-0.48376846,0.10450195521116257,0.958125650882721,0.8237470984458923
YDR139C,YGL004C,0,-0.48450437,0.10449059307575226,0.958125650882721,0.8238471746444702
YPR100W,YOR250C,0,-0.48473868,0.10447923094034195,0.958125650882721,0.8239471912384033
YKL061W,YPL122C,0,-0.48527464,0.10446787625551224,0.958125650882721,0.8240472078323364
YER180C,YIL078W,0,-0.486009,0.10445652157068253,0.958125650882721,0.8241472244262695
YAR007C,YLR154W-C,0,-0.48619992,0.10444516688585281,0.958125650882721,0.8242473006248474
YIL173W,YHR021C,0,-0.48690295,0.1044338196516037,0.958125650882721,0.8243473172187805
YIL155C,YCR037C,0,-0.48698485,0.10442247241735458,0.958125650882721,0.8244473338127136
YKL005C,YML099C,0,-0.48934492,0.10441112518310547,0.958125650882721,0.8245473504066467
YOL158C,YIL123W,0,-0.48980325,0.10439978539943695,0.958125650882721,0.8246473670005798
YBR267W,YFL035C,0,-0.4904006,0.10438844561576843,0.958125650882721,0.8247474431991577
YDR244W,YOR089C,0,-0.49073124,0.10437710583209991,0.958125650882721,0.8248474597930908
YGL128C,YDR011W,0,-0.4913474,0.1043657660484314,0.958125650882721,0.8249474763870239
YNL127W,YMR160W,0,-0.49228334,0.10435443371534348,0.958125650882721,0.825047492980957
YDR429C,YOL102C,0,-0.49229747,0.10434310883283615,0.958125650882721,0.8251475691795349
YLR093C,YDL149W,0,-0.49250844,0.10433177649974823,0.958125650882721,0.825247585773468
YKL059C,YMR146C,0,-0.4928785,0.1043204516172409,0.958125650882721,0.8253476023674011
YFR041C,YBR035C,0,-0.49328333,0.10430912673473358,0.958125650882721,0.8254476189613342
YER139C,YMR099C,0,-0.49336556,0.10429780930280685,0.958125650882721,0.8255476355552673
YAL030W,YOL121C,0,-0.4934897,0.10428649187088013,0.958125650882721,0.8256477117538452
YLL066C,YPR182W,0,-0.49356937,0.1042751744389534,0.958125650882721,0.8257477283477783
YPL195W,YGR105W,0,-0.4942212,0.10426385700702667,0.958125650882721,0.8258477449417114
YFL039C,YNL149C,0,-0.4951199,0.10425254702568054,0.958125650882721,0.8259477615356445
YNL173C,YKR034W,0,-0.49595672,0.10424124449491501,0.958125650882721,0.8260478377342224
YER033C,YDL012C,0,-0.4973396,0.10422993451356888,0.958125650882721,0.8261478543281555
YKL038W,YKL143W,0,-0.49799615,0.10421863198280334,0.958125650882721,0.8262478709220886
YKL029C,YOL020W,0,-0.49939018,0.10420732945203781,0.958125650882721,0.8263478875160217
YOR131C,YJR036C,0,-0.49941438,0.10419603437185287,0.958125650882721,0.8264479637145996
YKL186C,YDR296W,0,-0.50078315,0.10418473184108734,0.958125650882721,0.8265479803085327
YLR348C,YHL032C,0,-0.50107145,0.104173444211483,0.958125650882721,0.8266479969024658
YPL173W,YKR104W,0,-0.5015002,0.10416214913129807,0.958125650882721,0.8267480134963989
YER060W-A,YOR192C,0,-0.50155264,0.10415086150169373,0.958125650882721,0.826848030090332
YJR160C,YKL143W,0,-0.5034253,0.10413957387208939,0.958125650882721,0.8269481062889099
YEL053C,YGL037C,0,-0.5035639,0.10412829369306564,0.958125650882721,0.827048122882843
YMR016C,YGL190C,1,-0.5038248,0.10422535240650177,0.9591226577758789,0.827048122882843
YLR182W,YPL209C,0,-0.5043415,0.10421406477689743,0.9591226577758789,0.8271481394767761
YLR278C,YGL232W,0,-0.5055968,0.1042027696967125,0.9591226577758789,0.8272481560707092
YPR133C,YPL049C,0,-0.5074747,0.10419148951768875,0.9591226577758789,0.8273482322692871
YDR270W,YLR287C-A,0,-0.50831354,0.10418020188808441,0.9591226577758789,0.8274482488632202
YAL025C,YJR034W,0,-0.50897264,0.10416892170906067,0.9591226577758789,0.8275482654571533
YGL005C,YNL267W,0,-0.5091313,0.10415764153003693,0.9591226577758789,0.8276482820510864
YHR076W,YPR131C,0,-0.50964415,0.10414636880159378,0.9591226577758789,0.8277482986450195
YBR268W,YDR320C,0,-0.50975627,0.10413509607315063,0.9591226577758789,0.8278483748435974
YDR254W,YLR427W,0,-0.5100337,0.10412382334470749,0.9591226577758789,0.8279483914375305
YDR253C,YOR157C,0,-0.5106776,0.10411255061626434,0.9591226577758789,0.8280484080314636
YOR215C,YER129W,0,-0.51102364,0.1041012853384018,0.9591226577758789,0.8281484246253967
YNL092W,YBR282W,0,-0.51119006,0.10409002751111984,0.9591226577758789,0.8282485008239746
YBR212W,YLR019W,0,-0.51168305,0.1040787622332573,0.9591226577758789,0.8283485174179077
YPL169C,YCR093W,0,-0.5118407,0.10406750440597534,0.9591226577758789,0.8284485340118408
YOL135C,YIL083C,0,-0.51184833,0.10405624657869339,0.9591226577758789,0.8285485506057739
YML058W-A,YMR117C,0,-0.5121481,0.10404498875141144,0.9591226577758789,0.828648567199707
YJR098C,YBR054W,0,-0.51287913,0.10403373837471008,0.9591226577758789,0.8287486433982849
YGL174W,YNR006W,0,-0.5142079,0.10402248799800873,0.9591226577758789,0.828848659992218
YCL017C,YJR040W,0,-0.5148,0.10401124507188797,0.9591226577758789,0.8289486765861511
YBR094W,YOR272W,0,-0.5151974,0.10400000214576721,0.9591226577758789,0.8290486931800842
YKL074C,YMR009W,0,-0.5161776,0.10398875921964645,0.9591226577758789,0.8291487693786621
YNR032C-A,YAR007C,0,-0.5172,0.1039775162935257,0.9591226577758789,0.8292487859725952
YPR072W,YKL138C,0,-0.51907986,0.10396628081798553,0.9591226577758789,0.8293488025665283
YGL196W,YPL096W,0,-0.52009434,0.10395504534244537,0.9591226577758789,0.8294488191604614
YPL074W,YLR032W,0,-0.5215875,0.10394381731748581,0.9591226577758789,0.8295488357543945
YOR194C,YCL027W,0,-0.5219216,0.10393258184194565,0.9591226577758789,0.8296489119529724
YNL262W,YPR175W,0,-0.523351,0.10392135381698608,0.9591226577758789,0.8297489285469055
YLR204W,YNL227C,0,-0.5243625,0.10391013324260712,0.9591226577758789,0.8298489451408386
YCR096C,YDR170C,0,-0.5255995,0.10389891266822815,0.9591226577758789,0.8299489617347717
YBR286W,YDL114W,0,-0.5258416,0.10388769209384918,0.9591226577758789,0.8300490379333496
YMR034C,YDR306C,0,-0.52589965,0.10387647151947021,0.9591226577758789,0.8301490545272827
YER008C,YMR295C,0,-0.5261261,0.10386525839567184,0.9591226577758789,0.8302490711212158
YLR266C,YNL284C,0,-0.5264348,0.10385404527187347,0.9591226577758789,0.8303490877151489
YMR045C,YLR312W-A,0,-0.5267004,0.1038428321480751,0.9591226577758789,0.8304491639137268
YPL240C,YJL183W,0,-0.5277465,0.10383162647485733,0.9591226577758789,0.8305491805076599
YLR352W,YFL001W,0,-0.5294671,0.10382042080163956,0.9591226577758789,0.830649197101593
YDR303C,YOR341W,0,-0.53047585,0.10380921512842178,0.9591226577758789,0.8307492136955261
YNL077W,YJR092W,0,-0.53074014,0.1037980169057846,0.9591226577758789,0.8308492302894592
YNR043W,YAL051W,0,-0.53138965,0.10378681868314743,0.9591226577758789,0.8309493064880371
YKL124W,YML006C,0,-0.5317219,0.10377562046051025,0.9591226577758789,0.8310493230819702
YGL198W,YDR379W,0,-0.5324835,0.10376442968845367,0.9591226577758789,0.8311493396759033
YBL047C,YPR204W,0,-0.532809,0.1037532389163971,0.9591226577758789,0.8312493562698364
YKR095W,YGR101W,0,-0.53342193,0.10374204814434052,0.9591226577758789,0.8313494324684143
YDL099W,YLL048C,0,-0.5335907,0.10373085737228394,0.9591226577758789,0.8314494490623474
YOR269W,YGR046W,0,-0.5340011,0.10371967405080795,0.9591226577758789,0.8315494656562805
YOR317W,YBR050C,0,-0.53493214,0.10370849817991257,0.9591226577758789,0.8316494822502136
YDR018C,YNR059W,0,-0.5354282,0.10369731485843658,0.9591226577758789,0.8317494988441467
YDR358W,YMR182C,0,-0.5357244,0.1036861389875412,0.9591226577758789,0.8318495750427246
YLR403W,YBR012W-A,0,-0.5364327,0.10367496311664581,0.9591226577758789,0.8319495916366577
YGR272C,YGR142W,0,-0.5368782,0.10366379469633102,0.9591226577758789,0.8320496082305908
YIL046W,YAL051W,0,-0.53697515,0.10365262627601624,0.9591226577758789,0.8321496248245239
YDR477W,YHR084W,1,-0.5375989,0.10374919325113297,0.9601196646690369,0.8321496248245239
YHR088W,YJL148W,0,-0.53785163,0.10373801738023758,0.9601196646690369,0.8322497010231018
YDR244W,YML059C,0,-0.5384218,0.1037268415093422,0.9601196646690369,0.8323497176170349
YFR016C,YJL044C,0,-0.5387104,0.1037156730890274,0.9601196646690369,0.832449734210968
YKL054C,YKL191W,0,-0.53893596,0.10370450466871262,0.9601196646690369,0.8325497508049011
YDR211W,YBR082C,0,-0.53921664,0.10369333624839783,0.9601196646690369,0.8326497673988342
YKR095W,YMR318C,0,-0.54129875,0.10368216782808304,0.9601196646690369,0.8327498435974121
YGL240W,YHL034C,0,-0.54158187,0.10367100685834885,0.9601196646690369,0.8328498601913452
YDL051W,YDL045C,0,-0.54172134,0.10365984588861465,0.9601196646690369,0.8329498767852783
YBL082C,YAL026C,0,-0.5423041,0.10364869236946106,0.9601196646690369,0.8330498933792114
YJL083W,YDR342C,0,-0.54234767,0.10363753885030746,0.9601196646690369,0.8331499695777893
YPR186C,YIL087C,0,-0.5426041,0.10362638533115387,0.9601196646690369,0.8332499861717224
YPL060W,YGL039W,0,-0.54297423,0.10361523926258087,0.9601196646690369,0.8333500027656555
YDL115C,YGL027C,0,-0.5436938,0.10360408574342728,0.9601196646690369,0.8334500193595886
YGR037C,YNR024W,0,-0.5440691,0.10359293967485428,0.9601196646690369,0.8335500359535217
YOR316C,YER005W,0,-0.5466976,0.10358180105686188,0.9601196646690369,0.8336501121520996
YOR025W,YHR210C,0,-0.54842687,0.10357066243886948,0.9601196646690369,0.8337501287460327
YBL064C,YOR227W,0,-0.5489613,0.10355952382087708,0.9601196646690369,0.8338501453399658
YDR388W,YMR290C,0,-0.54915595,0.10354838520288467,0.9601196646690369,0.8339501619338989
YDR222W,YLR191W,0,-0.55113244,0.10353725403547287,0.9601196646690369,0.8340502381324768
YNR040W,YIL053W,0,-0.5518912,0.10352612286806107,0.9601196646690369,0.8341502547264099
YER020W,YGL073W,0,-0.5524865,0.10351499170064926,0.9601196646690369,0.834250271320343
YKL051W,YGR099W,0,-0.55304205,0.10350386798381805,0.9601196646690369,0.8343502879142761
YPL141C,YLR054C,0,-0.5531672,0.10349274426698685,0.9601196646690369,0.834450364112854
YDR021W,YML096W,0,-0.55321693,0.10348162800073624,0.9601196646690369,0.8345503807067871
YLL018C,YOR311C,0,-0.55349123,0.10347050428390503,0.9601196646690369,0.8346503973007202
YBR055C,YDL245C,0,-0.55488944,0.10345938801765442,0.9601196646690369,0.8347504138946533
YBR299W,YGR122W,0,-0.5560626,0.1034482792019844,0.9601196646690369,0.8348504304885864
YBR131W,YIL145C,0,-0.5610202,0.1034371629357338,0.9601196646690369,0.8349505066871643
YAL029C,YDR461W,0,-0.5613259,0.10342605412006378,0.9601196646690369,0.8350505232810974
YNL020C,YPR046W,0,-0.5622276,0.10341494530439377,0.9601196646690369,0.8351505398750305
YDL102W,YLL011W,0,-0.5628606,0.10340384393930435,0.9601196646690369,0.8352505564689636
YLR247C,YML030W,0,-0.5644232,0.10339274257421494,0.9601196646690369,0.8353506326675415
YPL082C,YGR017W,0,-0.5655107,0.10338164120912552,0.9601196646690369,0.8354506492614746
YJR153W,YHR084W,1,-0.5658337,0.10347788780927658,0.9611166715621948,0.8354506492614746
YJL033W,YIL115C,0,-0.56644464,0.10346677899360657,0.9611166715621948,0.8355506658554077
YGL157W,YNL290W,0,-0.56691825,0.10345567762851715,0.9611166715621948,0.8356506824493408
YFR052W,YBR241C,0,-0.567148,0.10344457626342773,0.9611166715621948,0.8357506990432739
YGL139W,YHR190W,0,-0.56833637,0.10343347489833832,0.9611166715621948,0.8358507752418518
YDL124W,YPL019C,0,-0.5685102,0.1034223809838295,0.9611166715621948,0.8359507918357849
YKL100C,YIL027C,0,-0.5699926,0.10341128706932068,0.9611166715621948,0.836050808429718
YGL151W,YLR016C,0,-0.57012844,0.10340019315481186,0.9611166715621948,0.8361508250236511
YHR009C,YGR106C,0,-0.5704941,0.10338910669088364,0.9611166715621948,0.836250901222229
YOR131C,YMR304W,0,-0.5707523,0.10337801277637482,0.9611166715621948,0.8363509178161621
YBL069W,YNL079C,0,-0.57089746,0.10336693376302719,0.9611166715621948,0.8364509344100952
YLR154W-C,YKL007W,0,-0.57115835,0.10335584729909897,0.9611166715621948,0.8365509510040283
YNL278W,YMR078C,0,-0.57156074,0.10334476828575134,0.9611166715621948,0.8366509675979614
YER164W,YDL077C,0,-0.5719222,0.10333368927240372,0.9611166715621948,0.8367510437965393
YIL133C,YPR105C,0,-0.573174,0.10332261770963669,0.9611166715621948,0.8368510603904724
YDR099W,YNL271C,1,-0.57345915,0.10341871529817581,0.9621136784553528,0.8368510603904724
YOR373W,YLR238W,0,-0.57558453,0.10340762883424759,0.9621136784553528,0.8369510769844055
YER127W,YOR287C,0,-0.5763725,0.10339654982089996,0.9621136784553528,0.8370510935783386
YJL171C,YGR145W,0,-0.57759917,0.10338547080755234,0.9621136784553528,0.8371511697769165
YDL159W,YBR083W,1,-0.5777148,0.10348152369260788,0.9631106853485107,0.8371511697769165
YOR258W,YLL043W,0,-0.57834995,0.10347043722867966,0.9631106853485107,0.8372511863708496
YHR002W,YKL201C,0,-0.5793588,0.10345935821533203,0.9631106853485107,0.8373512029647827
YGR262C,YCR011C,0,-0.5797889,0.1034482792019844,0.9631106853485107,0.8374512195587158
YLR316C,YPR190C,0,-0.58107775,0.10343720018863678,0.9631106853485107,0.8375512361526489
YDR129C,YNL007C,0,-0.5823036,0.10342612117528915,0.9631106853485107,0.8376513123512268
YKL028W,YER111C,0,-0.5838062,0.10341504961252213,0.9631106853485107,0.8377513289451599
YKR068C,YBR089C-A,0,-0.5855832,0.1034039855003357,0.9631106853485107,0.837851345539093
YBL082C,YPL022W,0,-0.5859312,0.10339291393756866,0.9631106853485107,0.8379513621330261
YJR066W,YOR182C,0,-0.586154,0.10338184982538223,0.9631106853485107,0.838051438331604
YER143W,YLR438C-A,0,-0.58634704,0.1033707857131958,0.9631106853485107,0.8381514549255371
YOR274W,YHR029C,0,-0.5870921,0.10335972905158997,0.9631106853485107,0.8382514715194702
YLR074C,YBR205W,0,-0.587332,0.10334866493940353,0.9631106853485107,0.8383514881134033
YPR096C,YLR299W,0,-0.58752185,0.1033376157283783,0.9631106853485107,0.8384515643119812
YOR265W,YGR120C,0,-0.588572,0.10332655906677246,0.9631106853485107,0.8385515809059143
YKR049C,YKL093W,0,-0.58900297,0.10331550985574722,0.9631106853485107,0.8386515974998474
YOR258W,YDR412W,0,-0.58915186,0.10330446064472198,0.9631106853485107,0.8387516140937805
YDR487C,YPR019W,0,-0.5900713,0.10329341143369675,0.9631106853485107,0.8388516306877136
YBR123C,YHR108W,0,-0.59012336,0.1032823696732521,0.9631106853485107,0.8389517068862915
YMR188C,YIL004C,0,-0.59075576,0.10327132791280746,0.9631106853485107,0.8390517234802246
YLR103C,YGL053W,0,-0.59194356,0.10326028615236282,0.9631106853485107,0.8391517400741577
YJL072C,YDL200C,0,-0.59228307,0.10324925184249878,0.9631106853485107,0.8392517566680908
YBL058W,YLR433C,0,-0.593034,0.10323821753263474,0.9631106853485107,0.8393518328666687
YFR053C,YLL067C,0,-0.5937066,0.10322718322277069,0.9631106853485107,0.8394518494606018
YPL150W,YPL209C,0,-0.59548897,0.10321615636348724,0.9631106853485107,0.8395518660545349
YGL014W,YKL182W,0,-0.59596306,0.1032051295042038,0.9631106853485107,0.839651882648468
YKR068C,YDR434W,0,-0.5961467,0.10319410264492035,0.9631106853485107,0.8397518992424011
YLL027W,YPR007C,0,-0.5978176,0.1031830832362175,0.9631106853485107,0.839851975440979
YOR371C,YHR084W,1,-0.5982828,0.10327886044979095,0.9641076922416687,0.839851975440979
YFL035C-A,YCR077C,0,-0.60121155,0.10326783359050751,0.9641076922416687,0.8399519920349121
YPL065W,YNL271C,0,-0.602067,0.10325680673122406,0.9641076922416687,0.8400520086288452
YNL243W,YER117W,0,-0.602384,0.10324577987194061,0.9641076922416687,0.8401520252227783
YFL047W,YGR220C,0,-0.6027227,0.10323476046323776,0.9641076922416687,0.8402521014213562
YFL066C,YBL069W,0,-0.60278434,0.10322374105453491,0.9641076922416687,0.8403521180152893
YHR214W,YBR109C,0,-0.60279715,0.10321272164583206,0.9641076922416687,0.8404521346092224
YPL179W,YJR016C,0,-0.6029713,0.10320170968770981,0.9641076922416687,0.8405521512031555
YNL238W,YLR059C,0,-0.60373026,0.10319069772958755,0.9641076922416687,0.8406521677970886
YDR529C,YDR064W,0,-0.60404664,0.1031796857714653,0.9641076922416687,0.8407522439956665
YDR226W,YJL181W,0,-0.60652244,0.10316867381334305,0.9641076922416687,0.8408522605895996
YGL246C,YER050C,0,-0.6067025,0.10315766930580139,0.9641076922416687,0.8409522771835327
YJL183W,YNL146W,0,-0.6067959,0.10314666479825974,0.9641076922416687,0.8410522937774658
YJR046W,YGL018C,0,-0.6083312,0.10313566774129868,0.9641076922416687,0.8411523699760437
YDR373W,YIL080W,0,-0.6088152,0.10312466323375702,0.9641076922416687,0.8412523865699768
YER161C,YBL038W,0,-0.60904735,0.10311367362737656,0.9641076922416687,0.8413524031639099
YEL015W,YPL198W,0,-0.6091487,0.1031026765704155,0.9641076922416687,0.841452419757843
YML081W,YJR108W,0,-0.6117214,0.10309168696403503,0.9641076922416687,0.8415524363517761
YPL134C,YLR026C,0,-0.6127837,0.10308069735765457,0.9641076922416687,0.841652512550354
YPL134C,YDR367W,0,-0.6129129,0.10306970775127411,0.9641076922416687,0.8417525291442871
YDR297W,YLR413W,0,-0.6129643,0.10305872559547424,0.9641076922416687,0.8418525457382202
YBR078W,YFR049W,0,-0.6152782,0.10304774343967438,0.9641076922416687,0.8419525623321533
YOR131C,YDL007W,0,-0.61529934,0.10303676128387451,0.9641076922416687,0.8420526385307312
YEL029C,YMR017W,0,-0.61621153,0.10302578657865524,0.9641076922416687,0.8421526551246643
YKL021C,YML133C,0,-0.6165939,0.10301480442285538,0.9641076922416687,0.8422526717185974
YBL090W,YJL181W,0,-0.6169,0.1030038371682167,0.9641076922416687,0.8423526883125305
YDR222W,YDR353W,0,-0.6176675,0.10299286246299744,0.9641076922416687,0.8424527645111084
YGR078C,YDL083C,0,-0.61855906,0.10298189520835876,0.9641076922416687,0.8425527811050415
YKL129C,YFR032C-A,0,-0.619254,0.10297092795372009,0.9641076922416687,0.8426527976989746
YCR005C,YJL089W,0,-0.6194271,0.10295996814966202,0.9641076922416687,0.8427528142929077
YOR030W,YMR164C,1,-0.61984617,0.10305546969175339,0.9651046991348267,0.8427528142929077
YDR399W,YDR454C,0,-0.62265337,0.10304449498653412,0.9651046991348267,0.8428528308868408
YJR058C,YDR392W,0,-0.62457097,0.10303352773189545,0.9651046991348267,0.8429529070854187
YKL011C,YLR033W,0,-0.6247146,0.10302256047725677,0.9651046991348267,0.8430529236793518
YCR029C-A,YER159C,0,-0.6249047,0.1030116006731987,0.9651046991348267,0.8431529402732849
YIL009C-A,YOR148C,0,-0.62594056,0.10300064086914062,0.9651046991348267,0.843252956867218
YNR019W,YBR243C,0,-0.62650084,0.10298968106508255,0.9651046991348267,0.8433530330657959
YJL019W,YOL142W,0,-0.6266518,0.10297872126102448,0.9651046991348267,0.843453049659729
YDL185W,YNL268W,0,-0.6268645,0.102967768907547,0.9651046991348267,0.8435530662536621
YPL013C,YCL074W,0,-0.62726265,0.10295681655406952,0.9651046991348267,0.8436530828475952
YIL137C,YLR191W,0,-0.6286324,0.10294587165117264,0.9651046991348267,0.8437530994415283
YFR032C-A,YKR090W,0,-0.6287233,0.10293491929769516,0.9651046991348267,0.8438531756401062
YGL163C,YDR438W,0,-0.62944186,0.10292397439479828,0.9651046991348267,0.8439531922340393
YLR333C,YER087C-B,0,-0.6307655,0.102913036942482,0.9651046991348267,0.8440532088279724
YPR057W,YOR180C,0,-0.6311537,0.10290209203958511,0.9651046991348267,0.8441532254219055
YKL198C,YDR359C,0,-0.63145006,0.10289115458726883,0.9651046991348267,0.8442533016204834
YOR151C,YHL011C,0,-0.6327287,0.10288022458553314,0.9651046991348267,0.8443533182144165
YOL126C,YGL209W,0,-0.6331565,0.10286928713321686,0.9651046991348267,0.8444533348083496
YPL174C,YBL023C,0,-0.63353676,0.10285835713148117,0.9651046991348267,0.8445533514022827
YOR228C,YBR155W,0,-0.63556576,0.10284742712974548,0.9651046991348267,0.8446533679962158
YGL016W,YGL119W,0,-0.6358053,0.1028365045785904,0.9651046991348267,0.8447534441947937
YGL039W,YLR209C,0,-0.6367718,0.1028255820274353,0.9651046991348267,0.8448534607887268
YKL197C,YPL089C,0,-0.63732004,0.10281465947628021,0.9651046991348267,0.8449534773826599
YKL140W,YDL160C,0,-0.63770336,0.10280373692512512,0.9651046991348267,0.845053493976593
YIL136W,YDR532C,0,-0.6377761,0.10279282182455063,0.9651046991348267,0.8451535701751709
YOL102C,YDR510W,0,-0.63795066,0.10278190672397614,0.9651046991348267,0.845253586769104
YML132W,YHL047C,0,-0.63810945,0.10277099162340164,0.9651046991348267,0.8453536033630371
YDR229W,YJL141C,0,-0.63931596,0.10276008397340775,0.9651046991348267,0.8454536199569702
YAL031C,YLR433C,0,-0.6403177,0.10274917632341385,0.9651046991348267,0.8455536365509033
YBL057C,YMR267W,0,-0.6422803,0.10273826867341995,0.9651046991348267,0.8456537127494812
YDL124W,YOR138C,0,-0.64228964,0.10272736847400665,0.9651046991348267,0.8457537293434143
YKL156W,YNL059C,0,-0.64250505,0.10271646827459335,0.9651046991348267,0.8458537459373474
YIL039W,YDR422C,0,-0.6425889,0.10270556807518005,0.9651046991348267,0.8459537625312805
YDR317W,YOL072W,0,-0.642606,0.10269467532634735,0.9651046991348267,0.8460538387298584
YJR026W,YER131W,0,-0.642614,0.10268378257751465,0.9651046991348267,0.8461538553237915
YOR060C,YKR014C,0,-0.6427521,0.10267288982868195,0.9651046991348267,0.8462538719177246
YPR091C,YDL160C,0,-0.642947,0.10266199707984924,0.9651046991348267,0.8463538885116577
YOL051W,YLL029W,0,-0.646018,0.10265111178159714,0.9651046991348267,0.8464539647102356
YOR298W,YLR079W,0,-0.6467272,0.10264022648334503,0.9651046991348267,0.8465539813041687
YLR040C,YKL022C,0,-0.6474267,0.10262934863567352,0.9651046991348267,0.8466539978981018
YDL128W,YBL031W,0,-0.6474991,0.10261847078800201,0.9651046991348267,0.8467540144920349
YGL073W,YGL053W,0,-0.6476892,0.1026075929403305,0.9651046991348267,0.846854031085968
YBR026C,YBL088C,0,-0.6478996,0.102596715092659,0.9651046991348267,0.8469541072845459
YOR211C,YNL181W,0,-0.6483365,0.10258584469556808,0.9651046991348267,0.847054123878479
YOR346W,YGL004C,0,-0.64904225,0.10257497429847717,0.9651046991348267,0.8471541404724121
YNL216W,YFR027W,0,-0.6491581,0.10256410390138626,0.9651046991348267,0.8472541570663452
YDR411C,YLR015W,0,-0.6494621,0.10255323350429535,0.9651046991348267,0.8473542332649231
YGL103W,YHR057C,0,-0.65048563,0.10254237055778503,0.9651046991348267,0.8474542498588562
YLR293C,YHR041C,0,-0.6509703,0.10253151506185532,0.9651046991348267,0.8475542664527893
YNL292W,YPL122C,0,-0.6540969,0.102520652115345,0.9651046991348267,0.8476542830467224
YPL168W,YJR108W,0,-0.65466976,0.10250979661941528,0.9651046991348267,0.8477542996406555
YGL190C,YLR073C,0,-0.6550391,0.10249894112348557,0.9651046991348267,0.8478543758392334
YNL001W,YDL112W,0,-0.65529466,0.10248808562755585,0.9651046991348267,0.8479543924331665
YOR211C,YDR253C,0,-0.6553478,0.10247723758220673,0.9651046991348267,0.8480544090270996
YHR099W,YNL280C,0,-0.65548664,0.1024663895368576,0.9651046991348267,0.8481544256210327
YCL004W,YEL038W,0,-0.65631235,0.10245554894208908,0.9651046991348267,0.8482545018196106
YDR536W,YGL026C,0,-0.6565237,0.10244470089673996,0.9651046991348267,0.8483545184135437
YIL159W,YGL172W,0,-0.65710866,0.10243386030197144,0.9651046991348267,0.8484545350074768
YER017C,YLR043C,0,-0.6589973,0.10242302715778351,0.9651046991348267,0.8485545516014099
YOR025W,YFL037W,0,-0.65907556,0.10241218656301498,0.9651046991348267,0.848654568195343
YAL059W,YLR197W,0,-0.66163075,0.10240135341882706,0.9651046991348267,0.8487546443939209
YAL007C,YKL024C,0,-0.66205966,0.10239052027463913,0.9651046991348267,0.848854660987854
YGR235C,YDR174W,0,-0.66240734,0.1023796945810318,0.9651046991348267,0.8489546775817871
YOR264W,YBR243C,0,-0.6628518,0.10236886888742447,0.9651046991348267,0.8490546941757202
YBR180W,YGR026W,0,-0.6630048,0.10235804319381714,0.9651046991348267,0.8491547703742981
YER062C,YER012W,0,-0.6630994,0.10234721750020981,0.9651046991348267,0.8492547869682312
YDR444W,YLR451W,0,-0.6638305,0.10233639925718307,0.9651046991348267,0.8493548035621643
YOR396W,YJL143W,0,-0.6639869,0.10232558101415634,0.9651046991348267,0.8494548201560974
YFR006W,YNL191W,0,-0.6641241,0.10231476277112961,0.9651046991348267,0.8495548367500305
YDR353W,YDR077W,0,-0.66419506,0.10230395197868347,0.9651046991348267,0.8496549129486084
YIL101C,YGL226W,0,-0.6643438,0.10229314118623734,0.9651046991348267,0.8497549295425415
YDR064W,YHL031C,0,-0.664467,0.1022823303937912,0.9651046991348267,0.8498549461364746
YDR392W,YHL035C,0,-0.6646031,0.10227152705192566,0.9651046991348267,0.8499549627304077
YDR145W,YIL115C,0,-0.6650664,0.10226072371006012,0.9651046991348267,0.8500550389289856
YDL124W,YJL003W,0,-0.6653986,0.10224992036819458,0.9651046991348267,0.8501550555229187
YOR106W,YLR080W,0,-0.66614175,0.10223912447690964,0.9651046991348267,0.8502550721168518
YOL098C,YPR068C,0,-0.6669347,0.1022283211350441,0.9651046991348267,0.8503550887107849
YOR371C,YAL041W,1,-0.66890335,0.10232312232255936,0.9661017060279846,0.8503550887107849
YLL018C-A,YER087C-B,0,-0.6704565,0.10231231898069382,0.9661017060279846,0.8504551649093628
YER164W,YIL093C,0,-0.67051214,0.10230152308940887,0.9661017060279846,0.8505551815032959
YER074W,YLR432W,0,-0.670561,0.10229071974754333,0.9661017060279846,0.850655198097229
YPR128C,YAL068C,0,-0.6709206,0.10227992385625839,0.9661017060279846,0.8507552146911621
YHL031C,YGR080W,0,-0.6712024,0.10226912796497345,0.9661017060279846,0.8508552312850952
YDR304C,YML030W,0,-0.67180127,0.1022583395242691,0.9661017060279846,0.8509553074836731
YJL085W,YGL046W,0,-0.67200136,0.10224754363298416,0.9661017060279846,0.8510553240776062
YGR029W,YLR328W,0,-0.6722645,0.10223675519227982,0.9661017060279846,0.8511553406715393
YPL178W,YDL022W,0,-0.67228854,0.10222597420215607,0.9661017060279846,0.8512553572654724
YJR149W,YMR152W,0,-0.67290676,0.10221519321203232,0.9661017060279846,0.8513554334640503
YDL204W,YPL244C,0,-0.67373365,0.10220441222190857,0.9661017060279846,0.8514554500579834
YLL017W,YNL217W,0,-0.674263,0.10219363123178482,0.9661017060279846,0.8515554666519165
YPL013C,YHR051W,0,-0.6745355,0.10218285024166107,0.9661017060279846,0.8516554832458496
YDL243C,YAL063C,0,-0.6745417,0.10217207670211792,0.9661017060279846,0.8517554998397827
YCL034W,YOL077C,0,-0.67474514,0.10216131061315536,0.9661017060279846,0.8518555760383606
YPL183W-A,YHR005C-A,0,-0.67526865,0.10215053707361221,0.9661017060279846,0.8519555926322937
YER020W,YGR026W,0,-0.6754247,0.10213977098464966,0.9661017060279846,0.8520556092262268
YLR015W,YDL098C,0,-0.6754355,0.1021290048956871,0.9661017060279846,0.8521556258201599
YMR004W,YDR100W,0,-0.6765151,0.10211823880672455,0.9661017060279846,0.8522557020187378
YHL044W,YDR453C,0,-0.6771845,0.10210748016834259,0.9661017060279846,0.8523557186126709
YGL244W,YLR330W,0,-0.67911595,0.10209672152996063,0.9661017060279846,0.852455735206604
YNL138W,YAL041W,1,-0.6791425,0.10219132155179977,0.9670987129211426,0.852455735206604
YIL068C,YPR166C,0,-0.67950016,0.10218055546283722,0.9670987129211426,0.8525557518005371
YGR129W,YIR012W,0,-0.679793,0.10216978937387466,0.9670987129211426,0.8526557683944702
YLR288C,YLR188W,0,-0.6801612,0.1021590307354927,0.9670987129211426,0.8527558445930481
YGR238C,YGR017W,0,-0.68130755,0.10214827209711075,0.9670987129211426,0.8528558611869812
YMR087W,YNL291C,0,-0.6830201,0.10213751345872879,0.9670987129211426,0.8529558777809143
YJR078W,YLL048C,0,-0.6831293,0.10212676227092743,0.9670987129211426,0.8530558943748474
YPL075W,YLR097C,0,-0.6841772,0.10211601108312607,0.9670987129211426,0.8531559705734253
YBR271W,YMR163C,0,-0.6843631,0.10210525989532471,0.9670987129211426,0.8532559871673584
YLR259C,YJL181W,0,-0.68484074,0.10209451615810394,0.9670987129211426,0.8533560037612915
YFL017W-A,YBR241C,0,-0.6873978,0.10208377242088318,0.9670987129211426,0.8534560203552246
YBR211C,YLR446W,0,-0.6882143,0.10207302868366241,0.9670987129211426,0.8535560965538025
YPR168W,YGR006W,0,-0.6895535,0.10206229239702225,0.9670987129211426,0.8536561131477356
YGR255C,YHR035W,0,-0.6898564,0.10205154865980148,0.9670987129211426,0.8537561297416687
YKL077W,YDR200C,0,-0.690269,0.10204081982374191,0.9670987129211426,0.8538561463356018
YDR098C,YDL119C,0,-0.6910308,0.10203008353710175,0.9670987129211426,0.8539561629295349
YDR263C,YNR045W,0,-0.6911763,0.10201935470104218,0.9670987129211426,0.8540562391281128
YOR219C,YLR237W,0,-0.69166285,0.1020086258649826,0.9670987129211426,0.8541562557220459
YBR119W,YGL232W,0,-0.6930815,0.10199789702892303,0.9670987129211426,0.854256272315979
YER041W,YCR044C,0,-0.6938007,0.10198717564344406,0.9670987129211426,0.8543562889099121
YBL113C,YLL050C,0,-0.69446653,0.10197645425796509,0.9670987129211426,0.85445636510849
YOL127W,YLL048C,0,-0.6966656,0.10196573287248611,0.9670987129211426,0.8545563817024231
YLL053C,YBR038W,0,-0.6975647,0.10195501148700714,0.9670987129211426,0.8546563982963562
YGR283C,YDL080C,0,-0.69926536,0.10194429755210876,0.9670987129211426,0.8547564148902893
YML104C,YPR057W,0,-0.699785,0.10193358361721039,0.9670987129211426,0.8548564314842224
YIL144W,YPL038W,0,-0.70128596,0.10192287713289261,0.9670987129211426,0.8549565076828003
YJL127C,YIL096C,0,-0.7023717,0.10191216319799423,0.9670987129211426,0.8550565242767334
YPL281C,YOR145C,0,-0.7027851,0.10190145671367645,0.9670987129211426,0.8551565408706665
YLR299W,YMR086W,0,-0.7032522,0.10189075767993927,0.9670987129211426,0.8552565574645996
YHL038C,YOL123W,0,-0.7038341,0.10188005119562149,0.9670987129211426,0.8553566336631775
YBR297W,YGR070W,0,-0.70408684,0.10186935216188431,0.9670987129211426,0.8554566502571106
YBL112C,YPL209C,0,-0.7066004,0.10185866057872772,0.9670987129211426,0.8555566668510437
YCL052C,YDL142C,0,-0.7076905,0.10184796154499054,0.9670987129211426,0.8556566834449768
YJR119C,YER179W,0,-0.7082596,0.10183726996183395,0.9670987129211426,0.8557567000389099
YOL056W,YEL031W,0,-0.70887226,0.10182657837867737,0.9670987129211426,0.8558567762374878
YOR036W,YPL151C,0,-0.709803,0.10181589424610138,0.9670987129211426,0.8559567928314209
YNL098C,YMR237W,0,-0.71046984,0.1018052026629448,0.9670987129211426,0.856056809425354
YMR314W,YKL164C,0,-0.7118472,0.1017945185303688,0.9670987129211426,0.8561568260192871
YGL120C,YKR097W,0,-0.7131141,0.10178384184837341,0.9670987129211426,0.856256902217865
YDR204W,YGR076C,0,-0.71345615,0.10177315771579742,0.9670987129211426,0.8563569188117981
YNL024C,YPL188W,0,-0.71656513,0.10176248103380203,0.9670987129211426,0.8564569354057312
YHR035W,YJR054W,0,-0.7173742,0.10175181180238724,0.9670987129211426,0.8565569519996643
YEL062W,YAR015W,0,-0.7197933,0.10174113512039185,0.9670987129211426,0.8566569685935974
YER104W,YHR150W,0,-0.72036076,0.10173046588897705,0.9670987129211426,0.8567570447921753
YDR296W,YMR086W,0,-0.72321874,0.10171979665756226,0.9670987129211426,0.8568570613861084
YLR172C,YDL031W,0,-0.723392,0.10170913487672806,0.9670987129211426,0.8569570779800415
YNL306W,YGR253C,0,-0.72347635,0.10169846564531326,0.9670987129211426,0.8570570945739746
YMR123W,YPL208W,0,-0.7247348,0.10168781131505966,0.9670987129211426,0.8571571707725525
YNL247W,YMR292W,0,-0.72475266,0.10167714953422546,0.9670987129211426,0.8572571873664856
YNL309W,YDL230W,0,-0.72563505,0.10166649520397186,0.9670987129211426,0.8573572039604187
YOR030W,YLR353W,1,-0.72576445,0.10176064074039459,0.9680957198143005,0.8573572039604187
YMR250W,YGL161C,0,-0.7257657,0.1017499715089798,0.9680957198143005,0.8574572205543518
YLL050C,YDR032C,0,-0.7266279,0.1017393097281456,0.9680957198143005,0.8575572967529297
YMR093W,YPL173W,0,-0.7267411,0.101728655397892,0.9680957198143005,0.8576573133468628
YNL164C,YJR031C,0,-0.72718,0.1017179936170578,0.9680957198143005,0.8577573299407959
YCR011C,YNL036W,0,-0.7279786,0.1017073392868042,0.9680957198143005,0.857857346534729
YBR003W,YJL085W,0,-0.728144,0.1016966924071312,0.9680957198143005,0.8579573631286621
YGL119W,YIL096C,0,-0.7298558,0.1016860380768776,0.9680957198143005,0.85805743932724
YDR018C,YLR315W,0,-0.7312115,0.10167539119720459,0.9680957198143005,0.8581574559211731
YNR022C,YOR162C,0,-0.7328745,0.10166474431753159,0.9680957198143005,0.8582574725151062
YML128C,YNL112W,0,-0.73308706,0.10165410488843918,0.9680957198143005,0.8583574891090393
YOR044W,YDR375C,0,-0.73365605,0.10164346545934677,0.9680957198143005,0.8584575653076172
YDR296W,YPR132W,0,-0.7354541,0.10163282603025436,0.9680957198143005,0.8585575819015503
YOR070C,YDL077C,0,-0.7355875,0.10162218660116196,0.9680957198143005,0.8586575984954834
YNR004W,YOL157C,0,-0.7366893,0.10161155462265015,0.9680957198143005,0.8587576150894165
YNL207W,YDR173C,0,-0.73704886,0.10160092264413834,0.9680957198143005,0.8588576316833496
YER072W,YMR152W,0,-0.7370642,0.10159029066562653,0.9680957198143005,0.8589577078819275
YJR050W,YPL193W,0,-0.7378835,0.10157966613769531,0.9680957198143005,0.8590577244758606
YMR078C,YJR031C,0,-0.7384233,0.1015690341591835,0.9680957198143005,0.8591577410697937
YBR260C,YDL119C,0,-0.7396753,0.10155841708183289,0.9680957198143005,0.8592577576637268
YFR038W,YOR254C,0,-0.7402725,0.10154779255390167,0.9680957198143005,0.8593578338623047
YLR299W,YNL281W,0,-0.74045515,0.10153717547655106,0.9680957198143005,0.8594578504562378
YJR066W,YDR399W,0,-0.74049306,0.10152655839920044,0.9680957198143005,0.8595578670501709
YAL063C,YNR022C,0,-0.7410124,0.10151594132184982,0.9680957198143005,0.859657883644104
YHL050C,YDR298C,0,-0.74249625,0.1015053316950798,0.9680957198143005,0.8597579002380371
YFR052W,YGL203C,0,-0.74270916,0.10149472206830978,0.9680957198143005,0.859857976436615
YOR207C,YLR277C,0,-0.7427968,0.10148411244153976,0.9680957198143005,0.8599579930305481
YMR221C,YGL225W,0,-0.74329627,0.10147351026535034,0.9680957198143005,0.8600580096244812
YBR193C,YGL053W,0,-0.743652,0.10146290808916092,0.9680957198143005,0.8601580262184143
YDR545W,YCL032W,0,-0.7440264,0.1014523059129715,0.9680957198143005,0.8602581024169922
YLR244C,YOR316C,0,-0.7440594,0.10144170373678207,0.9680957198143005,0.8603581190109253
YOR142W,YFL038C,0,-0.74466485,0.10143110901117325,0.9680957198143005,0.8604581356048584
YGR009C,YOR119C,0,-0.7449194,0.10142051428556442,0.9680957198143005,0.8605581521987915
YHR082C,YDL134C,0,-0.74503684,0.1014099195599556,0.9680957198143005,0.8606581687927246
YJL025W,YDR082W,0,-0.7452501,0.10139933228492737,0.9680957198143005,0.8607582449913025
YLL035W,YNL261W,0,-0.7452679,0.10138874500989914,0.9680957198143005,0.8608582615852356
YBR097W,YML031W,0,-0.7467672,0.10137815773487091,0.9680957198143005,0.8609582781791687
YER082C,YMR240C,0,-0.7474682,0.10136757791042328,0.9680957198143005,0.8610582947731018
YLR426W,YNL288W,0,-0.7493716,0.10135699063539505,0.9680957198143005,0.8611583709716797
YGR099W,YJL180C,0,-0.75057554,0.10134641826152802,0.9680957198143005,0.8612583875656128
YBR212W,YML005W,0,-0.7525983,0.10133583843708038,0.9680957198143005,0.8613584041595459
YIL143C,YDR430C,0,-0.75275964,0.10132526606321335,0.9680957198143005,0.861458420753479
YNL122C,YBR046C,0,-0.75355816,0.10131469368934631,0.9680957198143005,0.8615584969520569
YDR495C,YPR125W,0,-0.75428,0.10130412131547928,0.9680957198143005,0.86165851354599
YLR189C,YNR006W,0,-0.75430644,0.10129355639219284,0.9680957198143005,0.8617585301399231
YLR102C,YMR180C,0,-0.75435364,0.1012829840183258,0.9680957198143005,0.8618585467338562
YNR001C,YLR203C,0,-0.75587547,0.10127242654561996,0.9680957198143005,0.8619585633277893
YMR240C,YBL056W,0,-0.75613564,0.10126186162233353,0.9680957198143005,0.8620586395263672
YFL054C,YAL059W,0,-0.75666106,0.10125130414962769,0.9680957198143005,0.8621586561203003
YBR156C,YGR283C,0,-0.75694907,0.10124074667692184,0.9680957198143005,0.8622586727142334
YBR278W,YNL190W,0,-0.7576457,0.101230189204216,0.9680957198143005,0.8623586893081665
YOR290C,YNL024C,0,-0.7588632,0.10121963918209076,0.9680957198143005,0.8624587655067444
YMR046C,YBR026C,0,-0.7591896,0.10120908915996552,0.9680957198143005,0.8625587821006775
YLR371W,YBL091C,0,-0.75927615,0.10119853913784027,0.9680957198143005,0.8626587986946106
YAL041W,YCR093W,1,-0.7593359,0.1012922078371048,0.9690927267074585,0.8626587986946106
YPR068C,YDR166C,0,-0.76024735,0.10128165036439896,0.9690927267074585,0.8627588152885437
YBR268W,YML081C-A,0,-0.7602793,0.10127110034227371,0.9690927267074585,0.8628588318824768
YNR017W,YLR348C,0,-0.76187015,0.10126055032014847,0.9690927267074585,0.8629589080810547
YIL120W,YGL226C-A,0,-0.76227254,0.10125000029802322,0.9690927267074585,0.8630589246749878
YKL149C,YHR073W,1,-0.7624602,0.10134360939264297,0.9700897336006165,0.8630589246749878
YGR245C,YLR386W,0,-0.76311237,0.10133305191993713,0.9700897336006165,0.8631589412689209
YGL195W,YBL058W,0,-0.7647112,0.10132250189781189,0.9700897336006165,0.863258957862854
YKL183W,YOL121C,0,-0.7654346,0.10131195187568665,0.9700897336006165,0.8633590340614319
YGR288W,YER044C-A,0,-0.7661722,0.1013014018535614,0.9700897336006165,0.863459050655365
YBR095C,YOR076C,0,-0.7669754,0.10129085928201675,0.9700897336006165,0.8635590672492981
YPR091C,YPR007C,0,-0.7673423,0.1012803167104721,0.9700897336006165,0.8636590838432312
YMR290C,YKR093W,0,-0.7681378,0.10126977413892746,0.9700897336006165,0.8637591004371643
YDR093W,YGL087C,0,-0.7685962,0.10125923901796341,0.9700897336006165,0.8638591766357422
YFR053C,YOR322C,0,-0.7686904,0.10124869644641876,0.9700897336006165,0.8639591932296753
YML125C,YER093C,0,-0.76881576,0.10123816132545471,0.9700897336006165,0.8640592098236084
YNL094W,YPL154C,0,-0.76939464,0.10122763365507126,0.9700897336006165,0.8641592264175415
YLR411W,YML063W,0,-0.77044827,0.10121709853410721,0.9700897336006165,0.8642593026161194
YDR490C,YJR155W,0,-0.7712659,0.10120657086372375,0.9700897336006165,0.8643593192100525
YNL065W,YMR292W,0,-0.7727169,0.1011960506439209,0.9700897336006165,0.8644593358039856
YJL109C,YMR302C,0,-0.7735087,0.10118552297353745,0.9700897336006165,0.8645593523979187
YKR037C,YGR105W,0,-0.77392477,0.10117500275373459,0.9700897336006165,0.8646593689918518
YPL218W,YMR130W,0,-0.77418196,0.10116448253393173,0.9700897336006165,0.8647594451904297
YKR019C,YBR080C,0,-0.7741961,0.10115396976470947,0.9700897336006165,0.8648594617843628
YML098W,YHR114W,0,-0.77423793,0.10114344954490662,0.9700897336006165,0.8649594783782959
YNL101W,YMR176W,0,-0.775159,0.10113293677568436,0.9700897336006165,0.865059494972229
YNL221C,YDL031W,0,-0.77551293,0.1011224314570427,0.9700897336006165,0.8651595711708069
YKR072C,YDR247W,0,-0.7760592,0.10111191868782043,0.9700897336006165,0.86525958776474
YHR064C,YER147C,0,-0.77614856,0.10110141336917877,0.9700897336006165,0.8653596043586731
YMR239C,YDR342C,0,-0.77615106,0.10109090805053711,0.9700897336006165,0.8654596209526062
YAL024C,YOL103W,0,-0.7769719,0.10108041018247604,0.9700897336006165,0.8655596971511841
YDR317W,YIL021W,0,-0.77726614,0.10106990486383438,0.9700897336006165,0.8656597137451172
YNL086W,YOR265W,0,-0.7778257,0.10105940699577332,0.9700897336006165,0.8657597303390503
YLL043W,YBL091C,0,-0.7783804,0.10104891657829285,0.9700897336006165,0.8658597469329834
YAL059W,YGL211W,0,-0.7798056,0.10103841871023178,0.9700897336006165,0.8659597635269165
YOL038W,YBL112C,0,-0.78008246,0.10102792829275131,0.9700897336006165,0.8660598397254944
YDR179C,YMR070W,0,-0.78068805,0.10101744532585144,0.9700897336006165,0.8661598563194275
YGL163C,YDR190C,0,-0.7810725,0.10100695490837097,0.9700897336006165,0.8662598729133606
YGR001C,YDL054C,0,-0.78243005,0.1009964719414711,0.9700897336006165,0.8663598895072937
YKR096W,YDR107C,0,-0.7839874,0.10098598897457123,0.9700897336006165,0.8664599657058716
YNL023C,YCL004W,0,-0.784647,0.10097550600767136,0.9700897336006165,0.8665599822998047
YBR208C,YLR204W,0,-0.7854953,0.10096503049135208,0.9700897336006165,0.8666599988937378
YMR168C,YNL025C,0,-0.78576565,0.1009545549750328,0.9700897336006165,0.8667600154876709
YKR030W,YML096W,0,-0.7860066,0.10094407945871353,0.9700897336006165,0.866860032081604
YGL040C,YNL101W,0,-0.78691477,0.10093361139297485,0.9700897336006165,0.8669601082801819
YJR140C,YCL067C,0,-0.78947437,0.10092314332723618,0.9700897336006165,0.867060124874115
YML032C,YJR104C,0,-0.7908255,0.1009126752614975,0.9700897336006165,0.8671601414680481
YFR018C,YML032C,0,-0.79099095,0.10090220719575882,0.9700897336006165,0.8672601580619812
YOR246C,YDR002W,0,-0.7919188,0.10089174658060074,0.9700897336006165,0.8673602342605591
YCR016W,YNL101W,0,-0.7937517,0.10088128596544266,0.9700897336006165,0.8674602508544922
YPL056C,YJL121C,0,-0.79462224,0.10087082535028458,0.9700897336006165,0.8675602674484253
YGL238W,YDR116C,0,-0.7956148,0.10086037218570709,0.9700897336006165,0.8676602840423584
YGL076C,YDR148C,0,-0.7956562,0.10084991902112961,0.9700897336006165,0.8677603006362915
YDR031W,YER052C,0,-0.7958245,0.10083946585655212,0.9700897336006165,0.8678603768348694
YNL172W,YNL077W,0,-0.7962064,0.10082901269197464,0.9700897336006165,0.8679603934288025
YOR143C,YGL120C,0,-0.79866225,0.10081856697797775,0.9700897336006165,0.8680604100227356
YLR020C,YHR110W,0,-0.798705,0.10080812126398087,0.9700897336006165,0.8681604266166687
YJL095W,YHR051W,0,-0.7993411,0.10079768300056458,0.9700897336006165,0.8682605028152466
YER045C,YPL156C,0,-0.8002305,0.10078723728656769,0.9700897336006165,0.8683605194091797
YJR045C,YLR209C,0,-0.8008201,0.1007767990231514,0.9700897336006165,0.8684605360031128
YDR262W,YDR145W,0,-0.80200326,0.10076636075973511,0.9700897336006165,0.8685605525970459
YLR356W,YPL135W,0,-0.8020079,0.10075592994689941,0.9700897336006165,0.868660569190979
YHR175W,YNL223W,0,-0.80224514,0.10074549913406372,0.9700897336006165,0.8687606453895569
YLL017W,YKL108W,0,-0.80293316,0.10073506832122803,0.9700897336006165,0.86886066198349
YCR016W,YGL025C,0,-0.8037936,0.10072463750839233,0.9700897336006165,0.8689606785774231
YCR024C,YEL032W,0,-0.80383646,0.10071421414613724,0.9700897336006165,0.8690606951713562
YKL192C,YIR037W,0,-0.8045896,0.10070379078388214,0.9700897336006165,0.8691607713699341
YCL063W,YGR205W,0,-0.80528355,0.10069336742162704,0.9700897336006165,0.8692607879638672
YER173W,YKR007W,0,-0.8056469,0.10068294405937195,0.9700897336006165,0.8693608045578003
YDR175C,YEL059C-A,0,-0.8057206,0.10067252814769745,0.9700897336006165,0.8694608211517334
YGR029W,YPR180W,0,-0.8061807,0.10066211223602295,0.9700897336006165,0.8695608973503113
YDL154W,YPL135W,0,-0.8087853,0.10065170377492905,0.9700897336006165,0.8696609139442444
YOR357C,YDR240C,0,-0.8092928,0.10064128786325455,0.9700897336006165,0.8697609305381775
YCL047C,YDL111C,0,-0.809824,0.10063087940216064,0.9700897336006165,0.8698609471321106
YCL050C,YDL124W,0,-0.8125269,0.10062047839164734,0.9700897336006165,0.8699609637260437
YCR106W,YFL002W-A,0,-0.81315124,0.10061006993055344,0.9700897336006165,0.8700610399246216
YML132W,YHR080C,0,-0.81584704,0.10059966892004013,0.9700897336006165,0.8701610565185547
YHR186C,YGR245C,0,-0.8160994,0.10058926790952682,0.9700897336006165,0.8702610731124878
YPL098C,YLR357W,0,-0.8163646,0.10057887434959412,0.9700897336006165,0.8703610897064209
YAL020C,YMR049C,0,-0.8165207,0.10056847333908081,0.9700897336006165,0.8704611659049988
YCR040W,YPL094C,0,-0.8166151,0.1005580797791481,0.9700897336006165,0.8705611824989319
YBL005W,YLR042C,0,-0.81868887,0.10054769366979599,0.9700897336006165,0.870661199092865
YER147C,YBR046C,0,-0.8195881,0.10053730010986328,0.9700897336006165,0.8707612156867981
YDR159W,YCL074W,0,-0.82270426,0.10052691400051117,0.9700897336006165,0.8708612322807312
YDL211C,YJR052W,0,-0.8242253,0.10051652789115906,0.9700897336006165,0.8709613084793091
YMR285C,YNL238W,0,-0.8257502,0.10050614923238754,0.9700897336006165,0.8710613250732422
YPL096W,YIR012W,0,-0.826644,0.10049576312303543,0.9700897336006165,0.8711613416671753
YBR212W,YNL274C,0,-0.827605,0.10048538446426392,0.9700897336006165,0.8712613582611084
YOR292C,YHR190W,0,-0.82811034,0.100475013256073,0.9700897336006165,0.8713614344596863
YIL027C,YDL087C,0,-0.8303799,0.10046463459730148,0.9700897336006165,0.8714614510536194
YPL233W,YDR414C,0,-0.8316837,0.10045426338911057,0.9700897336006165,0.8715614676475525
YGR106C,YDR372C,0,-0.8322706,0.10044389218091965,0.9700897336006165,0.8716614842414856
YNL153C,YER168C,0,-0.83586776,0.10043352842330933,0.9700897336006165,0.8717615008354187
YDR062W,YKL094W,0,-0.83591413,0.10042315721511841,0.9700897336006165,0.8718615770339966
YDR101C,YER025W,0,-0.8359457,0.10041279345750809,0.9700897336006165,0.8719615936279297
YCR018C,YNL309W,0,-0.8360417,0.10040243715047836,0.9700897336006165,0.8720616102218628
YEL044W,YOR168W,0,-0.8363781,0.10039207339286804,0.9700897336006165,0.8721616268157959
YIR017C,YER071C,0,-0.83684504,0.10038171708583832,0.9700897336006165,0.8722617030143738
YLR001C,YNL219C,0,-0.83733064,0.1003713607788086,0.9700897336006165,0.8723617196083069
YPR132W,YNL131W,0,-0.8378042,0.10036101192235947,0.9700897336006165,0.87246173620224
YDL206W,YJL158C,0,-0.83836895,0.10035066306591034,0.9700897336006165,0.8725617527961731
YOL055C,YJL041W,0,-0.83927923,0.10034031420946121,0.9700897336006165,0.8726617693901062
YML023C,YMR234W,0,-0.8394301,0.10032996535301208,0.9700897336006165,0.8727618455886841
YPL168W,YLR212C,0,-0.8402046,0.10031962394714355,0.9700897336006165,0.8728618621826172
YBR208C,YDR239C,0,-0.84036434,0.10030927509069443,0.9700897336006165,0.8729618787765503
YPL206C,YGR260W,0,-0.84232527,0.1002989411354065,0.9700897336006165,0.8730618953704834
YNR017W,YPL234C,0,-0.84296465,0.10028859972953796,0.9700897336006165,0.8731619715690613
YHR175W,YJR065C,0,-0.84370506,0.10027826577425003,0.9700897336006165,0.8732619881629944
YGL096W,YNL223W,0,-0.8441701,0.1002679318189621,0.9700897336006165,0.8733620047569275
YNR019W,YMR008C,0,-0.84431666,0.10025759786367416,0.9700897336006165,0.8734620213508606
YGR081C,YDR532C,0,-0.84483016,0.10024727135896683,0.9700897336006165,0.8735620975494385
YDL029W,YMR272C,0,-0.844898,0.10023694485425949,0.9700897336006165,0.8736621141433716
YBR238C,YGL158W,0,-0.8470089,0.10022661834955215,0.9700897336006165,0.8737621307373047
YJL008C,YDR465C,0,-0.8487786,0.10021629184484482,0.9700897336006165,0.8738621473312378
YOR252W,YJR010W,0,-0.850762,0.10020597279071808,0.9700897336006165,0.8739621639251709
YPL060W,YGR281W,0,-0.8512882,0.10019565373659134,0.9700897336006165,0.8740622401237488
YJR035W,YJR055W,0,-0.85700953,0.1001853346824646,0.9700897336006165,0.8741622567176819
YNL027W,YNR013C,0,-0.8575211,0.10017502307891846,0.9700897336006165,0.874262273311615
YKL165C,YER087C-B,0,-0.85919553,0.10016471147537231,0.9700897336006165,0.8743622899055481
YIL064W,YOR244W,0,-0.8602044,0.10015439987182617,0.9700897336006165,0.874462366104126
YIR018W,YLR440C,0,-0.86049116,0.10014409571886063,0.9700897336006165,0.8745623826980591
YDR415C,YNR055C,0,-0.86065805,0.10013378411531448,0.9700897336006165,0.8746623992919922
YLR278C,YGL071W,0,-0.86098045,0.10012347996234894,0.9700897336006165,0.8747624158859253
YER147C,YPR156C,0,-0.86105067,0.10011318325996399,0.9700897336006165,0.8748624324798584
YKL186C,YNL101W,0,-0.8631357,0.10010287910699844,0.9700897336006165,0.8749625086784363
YDL185W,YDR518W,0,-0.8652308,0.1000925824046135,0.9700897336006165,0.8750625252723694
YLL045C,YIL125W,0,-0.86531895,0.10008228570222855,0.9700897336006165,0.8751625418663025
YMR173W,YDL046W,0,-0.8654859,0.1000719964504242,0.9700897336006165,0.8752625584602356
YER159C,YDR026C,0,-0.8663411,0.10006169974803925,0.9700897336006165,0.8753626346588135
YHR142W,YNL010W,0,-0.8665393,0.1000514104962349,0.9700897336006165,0.8754626512527466
YLR266C,YGR097W,0,-0.8665807,0.10004112869501114,0.9700897336006165,0.8755626678466797
YOR039W,YJL058C,0,-0.8704196,0.10003083944320679,0.9700897336006165,0.8756626844406128
YKL144C,YNL158W,0,-0.8707184,0.10002055764198303,0.9700897336006165,0.8757627010345459
YLR009W,YNL095C,0,-0.8709011,0.10001027584075928,0.9700897336006165,0.8758627772331238
YDL024C,YHR084W,1,-0.8712495,0.10010277479887009,0.9710867404937744,0.8758627772331238
YOL102C,YNR048W,0,-0.8717459,0.10009248554706573,0.9710867404937744,0.8759627938270569
YNL101W,YDL145C,0,-0.8726034,0.10008220374584198,0.9710867404937744,0.87606281042099
YOR079C,YGR205W,0,-0.87300164,0.10007192194461823,0.9710867404937744,0.8761628270149231
YDR435C,YJL090C,0,-0.8734302,0.10006164014339447,0.9710867404937744,0.876262903213501
YGR194C,YGL027C,0,-0.8735267,0.10005135834217072,0.9710867404937744,0.8763629198074341
YCL004W,YLR451W,0,-0.8746911,0.10004108399152756,0.9710867404937744,0.8764629364013672
YFL037W,YBR122C,0,-0.8764812,0.1000308096408844,0.9710867404937744,0.8765629529953003
YBR198C,YER053C,0,-0.8774092,0.10002053529024124,0.9710867404937744,0.8766629695892334
YKL040C,YBL026W,0,-0.87757707,0.10001026839017868,0.9710867404937744,0.8767630457878113
YJL174W,YJL073W,0,-0.8778109,0.10000000149011612,0.9710867404937744,0.8768630623817444
YOL141W,YLR141W,0,-0.8781547,0.09998973459005356,0.9710867404937744,0.8769630789756775
YCR060W,YJL198W,0,-0.87828034,0.099979467689991,0.9710867404937744,0.8770630955696106
YBR180W,YOR224C,0,-0.8788163,0.09996920824050903,0.9710867404937744,0.8771631717681885
YNL230C,YER142C,0,-0.88079256,0.09995894879102707,0.9710867404937744,0.8772631883621216
YLL022C,YDR453C,0,-0.8810227,0.0999486893415451,0.9710867404937744,0.8773632049560547
YKL056C,YCR024C,0,-0.8821343,0.09993843734264374,0.9710867404937744,0.8774632215499878
YBL093C,YMR065W,0,-0.882577,0.09992818534374237,0.9710867404937744,0.8775632977485657
YKL090W,YMR099C,0,-0.8827398,0.099917933344841,0.9710867404937744,0.8776633143424988
YPL096W,YEL038W,0,-0.8830496,0.09990768134593964,0.9710867404937744,0.8777633309364319
YEL030W,YLR042C,0,-0.8840614,0.09989743679761887,0.9710867404937744,0.877863347530365
YPR003C,YMR306W,0,-0.8844241,0.0998871922492981,0.9710867404937744,0.8779633641242981
YBL017C,YGR040W,0,-0.88493323,0.09987694770097733,0.9710867404937744,0.878063440322876
YGL128C,YOR265W,0,-0.88573295,0.09986671060323715,0.9710867404937744,0.8781634569168091
YBR187W,YJR070C,0,-0.88602793,0.09985646605491638,0.9710867404937744,0.8782634735107422
YNL232W,YPR135W,0,-0.886711,0.0998462364077568,0.9710867404937744,0.8783634901046753
YGL073W,YIL171W,0,-0.88731766,0.09983599931001663,0.9710867404937744,0.8784635663032532
YJL213W,YHR139C,0,-0.88746756,0.09982576966285706,0.9710867404937744,0.8785635828971863
YPL119C,YDR358W,0,-0.8880707,0.09981553256511688,0.9710867404937744,0.8786635994911194
YNL191W,YLR115W,0,-0.8884229,0.0998053103685379,0.9710867404937744,0.8787636160850525
YPL010W,YDR078C,0,-0.88852686,0.09979508072137833,0.9710867404937744,0.8788636326789856
YAL053W,YDR453C,0,-0.89003175,0.09978485852479935,0.9710867404937744,0.8789637088775635
YDL143W,YMR114C,0,-0.8912922,0.09977463632822037,0.9710867404937744,0.8790637254714966
YIR012W,YGR205W,0,-0.8916409,0.09976441413164139,0.9710867404937744,0.8791637420654297
YIL062C,YPL221W,0,-0.89248323,0.099754199385643,0.9710867404937744,0.8792637586593628
YIL136W,YLR299W,0,-0.8931362,0.09974398463964462,0.9710867404937744,0.8793638348579407
YIL167W,YPL113C,0,-0.8960935,0.09973376989364624,0.9710867404937744,0.8794638514518738
YML086C,YDR470C,0,-0.8963331,0.09972356259822845,0.9710867404937744,0.8795638680458069
YML132W,YOR089C,0,-0.8967603,0.09971334785223007,0.9710867404937744,0.87966388463974
YDR239C,YPR132W,0,-0.8975463,0.09970314055681229,0.9710867404937744,0.8797639012336731
YDR064W,YBR205W,0,-0.8981396,0.0996929407119751,0.9710867404937744,0.879863977432251
YGR144W,YKL181W,0,-0.89949936,0.09968273341655731,0.9710867404937744,0.8799639940261841
YNL098C,YIL049W,1,-0.9010057,0.09977486729621887,0.9720837473869324,0.8799639940261841
YGL171W,YNL212W,0,-0.90172064,0.09976466000080109,0.9720837473869324,0.8800640106201172
YIR006C,YGR211W,0,-0.9022707,0.0997544527053833,0.9720837473869324,0.8801640272140503
YLR219W,YHR080C,0,-0.9030028,0.09974424540996552,0.9720837473869324,0.8802641034126282
YKL087C,YDL246C,0,-0.90306413,0.09973404556512833,0.9720837473869324,0.8803641200065613
YML032C,YGR084C,0,-0.9031955,0.09972383826971054,0.9720837473869324,0.8804641366004944
YGL200C,YLR009W,0,-0.90383226,0.09971364587545395,0.9720837473869324,0.8805641531944275
YMR076C,YBR212W,0,-0.90453005,0.09970344603061676,0.9720837473869324,0.8806641697883606
YMR086W,YOL067C,0,-0.9051585,0.09969325363636017,0.9720837473869324,0.8807642459869385
YLR333C,YBR003W,0,-0.90541697,0.09968306124210358,0.9720837473869324,0.8808642625808716
YKL138C,YBR159W,0,-0.9071312,0.09967286884784698,0.9720837473869324,0.8809642791748047
YJL095W,YIR015W,0,-0.9074317,0.0996626764535904,0.9720837473869324,0.8810642957687378
YBR214W,YOL026C,0,-0.9082757,0.0996524915099144,0.9720837473869324,0.8811643719673157
YOR389W,YLR058C,0,-0.9084984,0.0996423065662384,0.9720837473869324,0.8812643885612488
YGR086C,YOR008C,0,-0.90866816,0.099632129073143,0.9720837473869324,0.8813644051551819
YBR038W,YBR028C,0,-0.9097259,0.09962194412946701,0.9720837473869324,0.881464421749115
YPR057W,YDL102W,0,-0.9103235,0.09961176663637161,0.9720837473869324,0.8815644979476929
YDR265W,YFL021W,0,-0.9104606,0.09960159659385681,0.9720837473869324,0.881664514541626
YHR122W,YFL005W,0,-0.91144896,0.09959141910076141,0.9720837473869324,0.8817645311355591
YNL178W,YBR092C,0,-0.9121677,0.09958124905824661,0.9720837473869324,0.8818645477294922
YFL054C,YDR081C,0,-0.91303235,0.09957107901573181,0.9720837473869324,0.8819645643234253
YLR314C,YDR219C,0,-0.9133295,0.09956090897321701,0.9720837473869324,0.8820646405220032
YML021C,YJL069C,0,-0.9136745,0.0995507463812828,0.9720837473869324,0.8821646571159363
YDR092W,YLR386W,0,-0.9140966,0.0995405837893486,0.9720837473869324,0.8822646737098694
YIL062C,YER029C,0,-0.91591346,0.0995304211974144,0.9720837473869324,0.8823646903038025
YPL076W,YER088C,0,-0.91626966,0.0995202586054802,0.9720837473869324,0.8824647665023804
YDR090C,YGR044C,0,-0.91732913,0.09951010346412659,0.9720837473869324,0.8825647830963135
YDR059C,YGL105W,0,-0.9175759,0.09949994832277298,0.9720837473869324,0.8826647996902466
YOR246C,YNL247W,0,-0.9181782,0.09948979318141937,0.9720837473869324,0.8827648162841797
YKR057W,YOR271C,0,-0.9200456,0.09947964549064636,0.9720837473869324,0.8828648328781128
YNL158W,YOR216C,0,-0.92330086,0.09946949779987335,0.9720837473869324,0.8829649090766907
YEL069C,YPR166C,0,-0.92417157,0.09945935010910034,0.9720837473869324,0.8830649256706238
YMR240C,YLR440C,0,-0.924319,0.09944920241832733,0.9720837473869324,0.8831649422645569
YLR107W,YMR306W,0,-0.92452204,0.09943906217813492,0.9720837473869324,0.88326495885849
YDR115W,YPR169W,0,-0.9254267,0.0994289219379425,0.9720837473869324,0.8833650350570679
YBR166C,YBR030W,0,-0.92675334,0.09941878169775009,0.9720837473869324,0.883465051651001
YMR076C,YJR049C,0,-0.92994165,0.09940864890813828,0.9720837473869324,0.8835650682449341
YBR214W,YJL121C,0,-0.93365675,0.09939850866794586,0.9720837473869324,0.8836650848388672
YOR373W,YMR089C,0,-0.9349203,0.09938837587833405,0.9720837473869324,0.8837651014328003
YNR010W,YFR008W,0,-0.93514764,0.09937825053930283,0.9720837473869324,0.8838651776313782
YLR044C,YHR056C,0,-0.9373672,0.09936811774969101,0.9720837473869324,0.8839651942253113
YML058W-A,YHR119W,0,-0.938063,0.09935799241065979,0.9720837473869324,0.8840652108192444
YOL084W,YMR321C,0,-0.93915284,0.09934786707162857,0.9720837473869324,0.8841652274131775
YPR047W,YKL196C,0,-0.9402919,0.09933774918317795,0.9720837473869324,0.8842653036117554
YBR123C,YDR403W,0,-0.94091165,0.09932763129472733,0.9720837473869324,0.8843653202056885
YBL093C,YNL261W,0,-0.9412544,0.0993175134062767,0.9720837473869324,0.8844653367996216
YDR545W,YBR245C,0,-0.9424957,0.09930739551782608,0.9720837473869324,0.8845653533935547
YDL045W-A,YMR195W,0,-0.9425697,0.09929727762937546,0.9720837473869324,0.8846653699874878
YKL190W,YPR127W,0,-0.94449836,0.09928716719150543,0.9720837473869324,0.8847654461860657
YJL001W,YPR120C,0,-0.9453634,0.0992770567536354,0.9720837473869324,0.8848654627799988
YIR002C,YMR150C,0,-0.94636774,0.09926695376634598,0.9720837473869324,0.8849654793739319
YJR028W,YKL017C,0,-0.9474819,0.09925684332847595,0.9720837473869324,0.885065495967865
YMR224C,YIL021W,0,-0.94799393,0.09924674034118652,0.9720837473869324,0.8851655721664429
YHR193C,YAL025C,0,-0.9481237,0.09923664480447769,0.9720837473869324,0.885265588760376
YCL029C,YMR004W,0,-0.94844717,0.09922654181718826,0.9720837473869324,0.8853656053543091
YOR228C,YLR345W,0,-0.9506283,0.09921644628047943,0.9720837473869324,0.8854656219482422
YHR111W,YIL170W,0,-0.9507818,0.0992063507437706,0.9720837473869324,0.8855656981468201
YGL067W,YMR117C,0,-0.95165503,0.09919625520706177,0.9720837473869324,0.8856657147407532
YJR066W,YOR275C,0,-0.951738,0.09918616712093353,0.9720837473869324,0.8857657313346863
YGR264C,YCR053W,0,-0.95203125,0.0991760790348053,0.9720837473869324,0.8858657479286194
YDR252W,YNR072W,0,-0.9521073,0.09916599094867706,0.9720837473869324,0.8859657645225525
YIL036W,YGR276C,0,-0.9521439,0.09915590286254883,0.9720837473869324,0.8860658407211304
YDR483W,YGR246C,0,-0.9523445,0.09914582222700119,0.9720837473869324,0.8861658573150635
YLR165C,YML128C,0,-0.9530035,0.09913574159145355,0.9720837473869324,0.8862658739089966
YBL026W,YNL244C,0,-0.9530346,0.09912566095590591,0.9720837473869324,0.8863658905029297
YDR060W,YDL229W,0,-0.9559794,0.09911558032035828,0.9720837473869324,0.8864659667015076
YOR246C,YHR101C,0,-0.95608103,0.09910550713539124,0.9720837473869324,0.8865659832954407
YOR363C,YOR219C,0,-0.9574057,0.0990954339504242,0.9720837473869324,0.8866659998893738
YNL330C,YMR286W,0,-0.9575585,0.09908536821603775,0.9720837473869324,0.8867660164833069
YEL016C,YPL061W,0,-0.9579212,0.09907529503107071,0.9720837473869324,0.88686603307724
YDR045C,YCL068C,0,-0.9607469,0.09906522929668427,0.9720837473869324,0.8869661092758179
YDR173C,YDR545W,0,-0.96093345,0.09905516356229782,0.9720837473869324,0.887066125869751
YJR092W,YOR332W,0,-0.9623889,0.09904510527849197,0.9720837473869324,0.8871661424636841
YDL217C,YBR241C,0,-0.9626001,0.09903503954410553,0.9720837473869324,0.8872661590576172
YDR148C,YDR088C,0,-0.9644774,0.09902498126029968,0.9720837473869324,0.8873662352561951
YFR038W,YKL205W,0,-0.9645476,0.09901493042707443,0.9720837473869324,0.8874662518501282
YDR495C,YMR071C,0,-0.96466196,0.09900487214326859,0.9720837473869324,0.8875662684440613
YKR075C,YGR026W,0,-0.9650789,0.09899482131004333,0.9720837473869324,0.8876662850379944
YOR067C,YDL146W,0,-0.9679929,0.09898477047681808,0.9720837473869324,0.8877663016319275
YHR005C-A,YHR157W,0,-0.9690094,0.09897472709417343,0.9720837473869324,0.8878663778305054
YJL128C,YPL122C,0,-0.9695085,0.09896467626094818,0.9720837473869324,0.8879663944244385
YDR173C,YGR211W,0,-0.97081923,0.09895463287830353,0.9720837473869324,0.8880664110183716
YCR038C,YBR083W,1,-0.97153914,0.09904607385396957,0.9730807542800903,0.8880664110183716
YKR050W,YHR148W,0,-0.9717687,0.09903602302074432,0.9730807542800903,0.8881664276123047
YER102W,YER117W,0,-0.9722203,0.09902597218751907,0.9730807542800903,0.8882665038108826
YDR392W,YPL021W,1,-0.9725672,0.09911737591028214,0.9740777611732483,0.8882665038108826
YPL145C,YCL057C-A,0,-0.9739405,0.09910732507705688,0.9740777611732483,0.8883665204048157
YGL122C,YNL221C,0,-0.9740695,0.09909727424383163,0.9740777611732483,0.8884665369987488
YNR038W,YMR118C,0,-0.9743452,0.09908722341060638,0.9740777611732483,0.8885665535926819
YOL043C,YOR351C,0,-0.9744495,0.09907717257738113,0.9740777611732483,0.888666570186615
YGR235C,YBL034C,0,-0.9757396,0.09906712919473648,0.9740777611732483,0.8887666463851929
YLR409C,YDR166C,0,-0.97612786,0.09905707836151123,0.9740777611732483,0.888866662979126
YGL019W,YHR077C,0,-0.9778126,0.09904704242944717,0.9740777611732483,0.8889666795730591
YML045W,YNL212W,0,-0.97960687,0.09903699904680252,0.9740777611732483,0.8890666961669922
YDL040C,YMR086W,0,-0.9814632,0.09902696311473846,0.9740777611732483,0.8891667723655701
YLR096W,YBR205W,0,-0.98193955,0.09901692718267441,0.9740777611732483,0.8892667889595032
YNL073W,YEL056W,0,-0.9821681,0.09900689125061035,0.9740777611732483,0.8893668055534363
YCL052C,YJR045C,0,-0.9832135,0.0989968553185463,0.9740777611732483,0.8894668221473694
YIL046W,YGL127C,0,-0.9835766,0.09898682683706284,0.9740777611732483,0.8895668983459473
YOL093W,YCR040W,0,-0.98558855,0.09897679835557938,0.9740777611732483,0.8896669149398804
YLR130C,YGL120C,0,-0.98674387,0.09896677732467651,0.9740777611732483,0.8897669315338135
YHR006W,YIL155C,0,-0.98687685,0.09895674884319305,0.9740777611732483,0.8898669481277466
YOL042W,YBR207W,0,-0.98697245,0.09894672781229019,0.9740777611732483,0.8899669647216797
YIL049W,YMR238W,1,-0.98829514,0.09903797507286072,0.9750747680664062,0.8899669647216797
YPR031W,YPL157W,0,-0.98924077,0.09902794659137726,0.9750747680664062,0.8900670409202576
YMR234W,YDR318W,0,-0.98990065,0.0990179181098938,0.9750747680664062,0.8901670575141907
YDR527W,YBL058W,0,-0.9917305,0.09900789707899094,0.9750747680664062,0.8902670741081238
YBR166C,YOR011W,0,-0.9923877,0.09899787604808807,0.9750747680664062,0.8903670907020569
YGR035C,YDR532C,0,-0.99310505,0.09898785501718521,0.9750747680664062,0.8904671669006348
YNR017W,YOR262W,0,-0.9935763,0.09897783398628235,0.9750747680664062,0.8905671834945679
YKL156W,YMR230W,0,-0.99482405,0.09896782040596008,0.9750747680664062,0.890667200088501
YJR112W,YKL074C,0,-0.9950588,0.09895780682563782,0.9750747680664062,0.8907672166824341
YHR004C,YER159C,0,-0.9983246,0.09894779324531555,0.9750747680664062,0.8908672332763672
YGR282C,YMR200W,0,-0.9984354,0.09893778711557388,0.9750747680664062,0.8909673094749451
YLR244C,YNL221C,0,-0.9985337,0.09892777353525162,0.9750747680664062,0.8910673260688782
YBR016W,YCL061C,0,-1.0012391,0.09891776740550995,0.9750747680664062,0.8911673426628113
YGL076C,YOL121C,0,-1.0025593,0.09890776872634888,0.9750747680664062,0.8912673592567444
YDR064W,YGR205W,0,-1.0044978,0.09889776259660721,0.9750747680664062,0.8913674354553223
YLR228C,YDR453C,0,-1.0059488,0.09888776391744614,0.9750747680664062,0.8914674520492554
YNL172W,YLR170C,0,-1.0065455,0.09887776523828506,0.9750747680664062,0.8915674686431885
YML030W,YNL317W,0,-1.0074477,0.09886777400970459,0.9750747680664062,0.8916674852371216
YDR358W,YOL030W,0,-1.0094137,0.09885777533054352,0.9750747680664062,0.8917675018310547
YCL069W,YJL171C,0,-1.0104032,0.09884778410196304,0.9750747680664062,0.8918675780296326
YNL259C,YER162C,0,-1.0104485,0.09883780032396317,0.9750747680664062,0.8919675946235657
YIL090W,YER110C,0,-1.0105201,0.09882780909538269,0.9750747680664062,0.8920676112174988
YKL077W,YDR245W,0,-1.0132123,0.09881782531738281,0.9750747680664062,0.8921676278114319
YER053C,YGL123W,0,-1.015018,0.09880784153938293,0.9750747680664062,0.8922677040100098
YBL025W,YLR011W,0,-1.015373,0.09879785776138306,0.9750747680664062,0.8923677206039429
YLL035W,YHL031C,0,-1.0157475,0.09878788143396378,0.9750747680664062,0.892467737197876
YOR081C,YGR189C,0,-1.0158448,0.0987778976559639,0.9750747680664062,0.8925677537918091
YER127W,YGL189C,0,-1.0163428,0.09876792877912521,0.9750747680664062,0.892667829990387
YOR320C,YJR016C,0,-1.0171907,0.09875795245170593,0.9750747680664062,0.8927678465843201
YNL283C,YOR270C,0,-1.0186224,0.09874798357486725,0.9750747680664062,0.8928678631782532
YBR237W,YPL096W,0,-1.0198488,0.09873801469802856,0.9750747680664062,0.8929678797721863
YPR187W,YOR396W,0,-1.0201488,0.09872804582118988,0.9750747680664062,0.8930678963661194
YFR006W,YOL096C,0,-1.0206409,0.0987180769443512,0.9750747680664062,0.8931679725646973
YFR036W,YML096W,0,-1.0213703,0.09870811551809311,0.9750747680664062,0.8932679891586304
YPL145C,YPL002C,0,-1.0215167,0.09869815409183502,0.9750747680664062,0.8933680057525635
YDR265W,YMR224C,0,-1.0219686,0.09868819266557693,0.9750747680664062,0.8934680223464966
YLR284C,YPL075W,0,-1.0228244,0.09867823868989944,0.9750747680664062,0.8935680985450745
YDR172W,YLR052W,0,-1.0236537,0.09866827726364136,0.9750747680664062,0.8936681151390076
YBR049C,YPL207W,0,-1.0253336,0.09865833073854446,0.9750747680664062,0.8937681317329407
YML057W,YKR036C,0,-1.0261306,0.09864837676286697,0.9750747680664062,0.8938681483268738
YBR166C,YKR054C,0,-1.0266863,0.09863843023777008,0.9750747680664062,0.8939681649208069
YPR186C,YMR136W,0,-1.0267307,0.09862847626209259,0.9750747680664062,0.8940682411193848
YGL192W,YDL142C,0,-1.0267831,0.0986185371875763,0.9750747680664062,0.8941682577133179
YOR061W,YPR005C,0,-1.0277948,0.0986085906624794,0.9750747680664062,0.894268274307251
YLR061W,YPR005C,0,-1.0279922,0.0985986515879631,0.9750747680664062,0.8943682909011841
YEL037C,YLR035C-A,0,-1.0285087,0.09858871251344681,0.9750747680664062,0.894468367099762
YNL292W,YLL029W,0,-1.0299743,0.09857877343893051,0.9750747680664062,0.8945683836936951
YHR082C,YLR028C,0,-1.0305854,0.09856883436441422,0.9750747680664062,0.8946684002876282
YDL019C,YLR325C,0,-1.0318918,0.09855890274047852,0.9750747680664062,0.8947684168815613
YFR027W,YOR098C,0,-1.0326419,0.09854897111654282,0.9750747680664062,0.8948684334754944
YGR222W,YDL223C,0,-1.032915,0.09853903949260712,0.9750747680664062,0.8949685096740723
YKL085W,YOL059W,0,-1.0353849,0.09852911531925201,0.9750747680664062,0.8950685262680054
YML081W,YPL183C,0,-1.0357915,0.09851919114589691,0.9750747680664062,0.8951685428619385
YGL162W,YPL013C,0,-1.0358859,0.09850926697254181,0.9750747680664062,0.8952685594558716
YDR099W,YBR083W,1,-1.0364913,0.09860005974769592,0.9760717749595642,0.8952685594558716
YIL167W,YIL030C,0,-1.0365832,0.09859012812376022,0.9760717749595642,0.8953686356544495
YDL123W,YDR308C,0,-1.0387144,0.09858020395040512,0.9760717749595642,0.8954686522483826
YKL166C,YNR048W,0,-1.039131,0.09857027977705002,0.9760717749595642,0.8955686688423157
YOR193W,YML039W,0,-1.0395417,0.09856035560369492,0.9760717749595642,0.8956686854362488
YBR173C,YML005W,0,-1.0437465,0.09855043143033981,0.9760717749595642,0.8957687020301819
YKR078W,YDR492W,0,-1.0464326,0.09854051470756531,0.9760717749595642,0.8958687782287598
YNL084C,YDL230W,0,-1.0467092,0.0985305979847908,0.9760717749595642,0.8959687948226929
YJR131W,YKL053C-A,0,-1.0475132,0.0985206812620163,0.9760717749595642,0.896068811416626
YMR316W,YIL049W,1,-1.049252,0.09861139208078384,0.9770687818527222,0.896068811416626
YBR251W,YDL098C,0,-1.0519903,0.09860146790742874,0.9770687818527222,0.8961688280105591
YHL044W,YBL092W,0,-1.0523771,0.09859155118465424,0.9770687818527222,0.896268904209137
YNL230C,YML128C,0,-1.0525452,0.09858163446187973,0.9770687818527222,0.8963689208030701
YLR118C,YMR110C,0,-1.0543914,0.09857171773910522,0.9770687818527222,0.8964689373970032
YPR138C,YFL014W,0,-1.0548749,0.09856180101633072,0.9770687818527222,0.8965689539909363
YGR055W,YLR151C,0,-1.0553048,0.09855189174413681,0.9770687818527222,0.8966690301895142
YJL013C,YFL017W-A,0,-1.0553524,0.0985419824719429,0.9770687818527222,0.8967690467834473
YAL056W,YMR146C,0,-1.0557427,0.09853207319974899,0.9770687818527222,0.8968690633773804
YHR204W,YMR152W,0,-1.056675,0.09852216392755508,0.9770687818527222,0.8969690799713135
YBR114W,YOL066C,0,-1.0605397,0.09851226210594177,0.9770687818527222,0.8970690965652466
YFL054C,YML011C,0,-1.0612682,0.09850236028432846,0.9770687818527222,0.8971691727638245
YHR175W,YGR044C,0,-1.0617887,0.09849246591329575,0.9770687818527222,0.8972691893577576
YMR322C,YER159C,0,-1.0622422,0.09848256409168243,0.9770687818527222,0.8973692059516907
YMR048W,YLR440C,0,-1.064715,0.09847266972064972,0.9770687818527222,0.8974692225456238
YBR129C,YGL223C,0,-1.0661294,0.098462775349617,0.9770687818527222,0.8975692987442017
YIL170W,YLR209C,0,-1.0665971,0.09845288097858429,0.9770687818527222,0.8976693153381348
YLR404W,YDR019C,0,-1.0668372,0.09844299405813217,0.9770687818527222,0.8977693319320679
YER089C,YDR341C,0,-1.0674015,0.09843310713768005,0.9770687818527222,0.897869348526001
YGR012W,YDL047W,0,-1.0675137,0.09842322021722794,0.9770687818527222,0.8979693651199341
YGR254W,YKL164C,0,-1.0675366,0.09841333329677582,0.9770687818527222,0.898069441318512
YMR213W,YML106W,0,-1.0679624,0.0984034538269043,0.9770687818527222,0.8981694579124451
YML082W,YLR131C,0,-1.0687622,0.09839357435703278,0.9770687818527222,0.8982694745063782
YPL202C,YFR006W,0,-1.0690945,0.09838369488716125,0.9770687818527222,0.8983694911003113
YKL033W,YML077W,0,-1.0718933,0.09837382286787033,0.9770687818527222,0.8984695672988892
YFL036W,YLR263W,0,-1.0729326,0.09836394339799881,0.9770687818527222,0.8985695838928223
YBL064C,YNR013C,0,-1.0751065,0.09835407137870789,0.9770687818527222,0.8986696004867554
YML021C,YLR446W,0,-1.0752777,0.09834420680999756,0.9770687818527222,0.8987696170806885
YDR004W,YLR096W,0,-1.0770301,0.09833433479070663,0.9770687818527222,0.8988696336746216
YMR225C,YMR267W,0,-1.0808003,0.09832447022199631,0.9770687818527222,0.8989697098731995
YFL041W,YIL009W,0,-1.0809964,0.09831460565328598,0.9770687818527222,0.8990697264671326
YCL052C,YOL004W,0,-1.0818659,0.09830474108457565,0.9770687818527222,0.8991697430610657
YPL145C,YDR028C,0,-1.084696,0.09829488396644592,0.9770687818527222,0.8992697596549988
YHL017W,YMR302C,0,-1.0855323,0.09828502684831619,0.9770687818527222,0.8993698358535767
YOR019W,YDR177W,0,-1.0868529,0.09827516973018646,0.9770687818527222,0.8994698524475098
YML081W,YDL036C,0,-1.0869038,0.09826532006263733,0.9770687818527222,0.8995698690414429
YDR312W,YPR030W,0,-1.0896149,0.0982554629445076,0.9770687818527222,0.899669885635376
YGL039W,YMR137C,0,-1.0900143,0.09824561327695847,0.9770687818527222,0.8997699022293091
YBR248C,YLL017W,0,-1.0918913,0.09823576360940933,0.9770687818527222,0.899869978427887
YMR289W,YDL007W,0,-1.0944026,0.0982259213924408,0.9770687818527222,0.8999699950218201
YKL175W,YDR148C,0,-1.094924,0.09821607172489166,0.9770687818527222,0.9000700116157532
YDR298C,YKL053C-A,0,-1.0974208,0.09820622950792313,0.9770687818527222,0.9001700282096863
YOR069W,YFL029C,0,-1.0976667,0.09819639474153519,0.9770687818527222,0.9002701044082642
YFR031C,YPL146C,0,-1.1012499,0.09818655252456665,0.9770687818527222,0.9003701210021973
YNL192W,YMR315W,0,-1.101609,0.09817671775817871,0.9770687818527222,0.9004701375961304
YIL144W,YKL194C,0,-1.1024451,0.09816688299179077,0.9770687818527222,0.9005701541900635
YGL231C,YEL069C,0,-1.1042714,0.09815704822540283,0.9770687818527222,0.9006702303886414
YOR301W,YLR037C,0,-1.1064212,0.09814722090959549,0.9770687818527222,0.9007702469825745
YNL258C,YLR283W,0,-1.1066325,0.09813739359378815,0.9770687818527222,0.9008702635765076
YPL145C,YMR143W,0,-1.1069659,0.0981275662779808,0.9770687818527222,0.9009702801704407
YDR434W,YOR145C,0,-1.1070434,0.09811773896217346,0.9770687818527222,0.9010702967643738
YBL093C,YDL097C,0,-1.1075925,0.09810791909694672,0.9770687818527222,0.9011703729629517
YPL115C,YLR362W,1,-1.1088318,0.09819819778203964,0.9780657887458801,0.9011703729629517
YOR371C,YDR432W,1,-1.1088786,0.09828846156597137,0.9790627956390381,0.9011703729629517
YPL007C,YER111C,0,-1.1099936,0.09827861934900284,0.9790627956390381,0.9012703895568848
YPL180W,YOR008C,0,-1.1104618,0.0982687845826149,0.9790627956390381,0.9013704061508179
YPL129W,YGR204W,0,-1.11209,0.09825895726680756,0.9790627956390381,0.901470422744751
YDR309C,YFL054C,0,-1.1123666,0.09824912250041962,0.9790627956390381,0.9015704989433289
YDL225W,YOR244W,0,-1.1176585,0.09823929518461227,0.9790627956390381,0.901670515537262
YGR218W,YHR090C,0,-1.1181152,0.09822946786880493,0.9790627956390381,0.9017705321311951
YHR153C,YOL157C,0,-1.1198068,0.09821964055299759,0.9790627956390381,0.9018705487251282
YOR247W,YHR057C,0,-1.1199875,0.09820982068777084,0.9790627956390381,0.9019705653190613
YLR220W,YIL096C,0,-1.121622,0.0982000008225441,0.9790627956390381,0.9020706415176392
YAL030W,YFL013C,0,-1.1223398,0.09819018095731735,0.9790627956390381,0.9021706581115723
YDR002W,YBR033W,0,-1.1226184,0.0981803610920906,0.9790627956390381,0.9022706747055054
YGL037C,YGR279C,0,-1.123552,0.09817054867744446,0.9790627956390381,0.9023706912994385
YKL010C,YHR029C,0,-1.124468,0.09816073626279831,0.9790627956390381,0.9024707674980164
YDR079W,YPL121C,0,-1.1262715,0.09815092384815216,0.9790627956390381,0.9025707840919495
YJL114W,YJL035C,0,-1.1268456,0.09814111888408661,0.9790627956390381,0.9026708006858826
YNL110C,YJL011C,0,-1.1268473,0.09813130646944046,0.9790627956390381,0.9027708172798157
YLR316C,YNL183C,0,-1.1274296,0.09812150150537491,0.9790627956390381,0.9028708338737488
YBR278W,YMR091C,0,-1.128258,0.09811169654130936,0.9790627956390381,0.9029709100723267
YJL044C,YJL133W,0,-1.1296732,0.0981018990278244,0.9790627956390381,0.9030709266662598
YMR097C,YDR351W,0,-1.1304743,0.09809210151433945,0.9790627956390381,0.9031709432601929
YNL308C,YKR055W,0,-1.1306762,0.09808230400085449,0.9790627956390381,0.903270959854126
YDR400W,YAR027W,0,-1.1322162,0.09807250648736954,0.9790627956390381,0.9033710360527039
YGR061C,YPR030W,0,-1.132734,0.09806270897388458,0.9790627956390381,0.903471052646637
YPR178W,YDR411C,0,-1.1332633,0.09805291891098022,0.9790627956390381,0.9035710692405701
YMR282C,YER129W,0,-1.1335508,0.09804312884807587,0.9790627956390381,0.9036710858345032
YGR235C,YNL054W,0,-1.1339021,0.0980333462357521,0.9790627956390381,0.9037711024284363
YML067C,YDR387C,0,-1.1348883,0.09802355617284775,0.9790627956390381,0.9038711786270142
YMR221C,YDL164C,0,-1.1350479,0.09801377356052399,0.9790627956390381,0.9039711952209473
YGL172W,YIL134W,0,-1.1359231,0.09800399094820023,0.9790627956390381,0.9040712118148804
YNL188W,YML032C,0,-1.1363162,0.09799421578645706,0.9790627956390381,0.9041712284088135
YNL131W,YCL039W,0,-1.1365919,0.0979844331741333,0.9790627956390381,0.9042713046073914
YML031W,YDR100W,0,-1.1369288,0.09797465801239014,0.9790627956390381,0.9043713212013245
YJR058C,YDR486C,0,-1.1370084,0.09796488285064697,0.9790627956390381,0.9044713377952576
YER086W,YGL194C,0,-1.1376269,0.0979551151394844,0.9790627956390381,0.9045713543891907
YNL247W,YKL181W,0,-1.13794,0.09794533997774124,0.9790627956390381,0.9046714305877686
YPR190C,YMR316W,0,-1.139509,0.09793557226657867,0.9790627956390381,0.9047714471817017
YIR011C,YPL239W,0,-1.1412326,0.09792580455541611,0.9790627956390381,0.9048714637756348
YNL216W,YDR531W,0,-1.1419399,0.09791604429483414,0.9790627956390381,0.9049714803695679
YHL027W,YDR007W,0,-1.1435047,0.09790628403425217,0.9790627956390381,0.905071496963501
YLL003W,YIL047C,0,-1.1437442,0.0978965237736702,0.9790627956390381,0.9051715731620789
YHR167W,YER071C,0,-1.1447347,0.09788676351308823,0.9790627956390381,0.905271589756012
YIL039W,YMR315W,0,-1.1451545,0.09787700325250626,0.9790627956390381,0.9053716063499451
YPL060W,YDL085W,0,-1.146907,0.09786725044250488,0.9790627956390381,0.9054716229438782
YIL062C,YPL059W,0,-1.1479683,0.09785749763250351,0.9790627956390381,0.905571699142456
YPR054W,YOR323C,0,-1.1489259,0.09784774482250214,0.9790627956390381,0.9056717157363892
YCR107W,YPL221W,0,-1.1500458,0.09783799946308136,0.9790627956390381,0.9057717323303223
YER045C,YBR109C,0,-1.1507193,0.09782825410366058,0.9790627956390381,0.9058717489242554
YDR168W,YDL179W,0,-1.1508712,0.09781850874423981,0.9790627956390381,0.9059717655181885
YPL235W,YBR181C,0,-1.1538615,0.09780876338481903,0.9790627956390381,0.9060718417167664
YER048W-A,YGL226W,0,-1.1540028,0.09779902547597885,0.9790627956390381,0.9061718583106995
YHR064C,YMR306W,0,-1.1544366,0.09778928756713867,0.9790627956390381,0.9062718749046326
YOL117W,YLR126C,0,-1.1551771,0.09777954965829849,0.9790627956390381,0.9063718914985657
YER014W,YNL239W,0,-1.1551784,0.09776981174945831,0.9790627956390381,0.9064719676971436
YOR080W,YHR070W,0,-1.1553662,0.09776008129119873,0.9790627956390381,0.9065719842910767
YDR007W,YLR151C,0,-1.155793,0.09775035083293915,0.9790627956390381,0.9066720008850098
YER120W,YNL243W,0,-1.1568635,0.09774062037467957,0.9790627956390381,0.9067720174789429
YFL054C,YGL232W,0,-1.1572212,0.09773088991641998,0.9790627956390381,0.906872034072876
YNL031C,YPR047W,0,-1.1579063,0.097721166908741,0.9790627956390381,0.9069721102714539
YML045W,YOL120C,0,-1.158437,0.09771144390106201,0.9790627956390381,0.907072126865387
YDR129C,YBR085W,0,-1.15873,0.09770172089338303,0.9790627956390381,0.9071721434593201
YOR101W,YMR004W,0,-1.1602255,0.09769199788570404,0.9790627956390381,0.9072721600532532
YPR196W,YIL115C,0,-1.1607976,0.09768228232860565,0.9790627956390381,0.907372236251831
YKL001C,YDR151C,0,-1.16129,0.09767256677150726,0.9790627956390381,0.9074722528457642
YNL085W,YGR135W,0,-1.1636571,0.09766285121440887,0.9790627956390381,0.9075722694396973
YOR253W,YOR349W,0,-1.1643922,0.09765314310789108,0.9790627956390381,0.9076722860336304
YKR030W,YOL082W,0,-1.1645907,0.09764343500137329,0.9790627956390381,0.9077723026275635
YLR176C,YGR283C,0,-1.1647266,0.0976337268948555,0.9790627956390381,0.9078723788261414
YOR371C,YNL079C,1,-1.1651596,0.09772343188524246,0.980059802532196,0.9078723788261414
YNL032W,YGL062W,0,-1.1662078,0.09771371632814407,0.980059802532196,0.9079723954200745
YML088W,YLR207W,0,-1.1663315,0.09770400822162628,0.980059802532196,0.9080724120140076
YHR081W,YKL014C,0,-1.1666319,0.0976942926645279,0.980059802532196,0.9081724286079407
YHL017W,YMR182C,0,-1.1673303,0.0976845845580101,0.980059802532196,0.9082725048065186
YPL202C,YLR418C,0,-1.1674802,0.0976748839020729,0.980059802532196,0.9083725214004517
YGR007W,YBR247C,0,-1.1687869,0.09766517579555511,0.980059802532196,0.9084725379943848
YHL019C,YEL037C,0,-1.1694825,0.09765547513961792,0.980059802532196,0.9085725545883179
YGL040C,YDR372C,0,-1.1699764,0.09764577448368073,0.980059802532196,0.9086726307868958
YJL186W,YNL070W,0,-1.1717558,0.09763607382774353,0.980059802532196,0.9087726473808289
YJL080C,YPL150W,0,-1.1729474,0.09762638062238693,0.980059802532196,0.908872663974762
YCL016C,YEL059C-A,0,-1.173089,0.09761667996644974,0.980059802532196,0.9089726805686951
YKL041W,YOR061W,0,-1.174406,0.09760698676109314,0.980059802532196,0.9090726971626282
YNR004W,YPL027W,0,-1.1747518,0.09759730100631714,0.980059802532196,0.909172773361206
YDR448W,YKR053C,0,-1.175477,0.09758760780096054,0.980059802532196,0.9092727899551392
YML071C,YOR085W,0,-1.1758147,0.09757792204618454,0.980059802532196,0.9093728065490723
YBL082C,YOR151C,0,-1.1767889,0.09756823629140854,0.980059802532196,0.9094728231430054
YOR359W,YKL052C,0,-1.1779867,0.09755855798721313,0.980059802532196,0.9095728993415833
YER133W,YGR002C,0,-1.1784393,0.09754887223243713,0.980059802532196,0.9096729159355164
YLR377C,YCL067C,0,-1.1791966,0.09753919392824173,0.980059802532196,0.9097729325294495
YOR192C,YFR045W,0,-1.1814568,0.09752951562404633,0.980059802532196,0.9098729491233826
YDR045C,YPR118W,0,-1.1829604,0.09751984477043152,0.980059802532196,0.9099729657173157
YDR082W,YDR524C,0,-1.184093,0.09751016646623611,0.980059802532196,0.9100730419158936
YDR476C,YER109C,0,-1.1840988,0.09750049561262131,0.980059802532196,0.9101730585098267
YMR159C,YBR207W,0,-1.1866229,0.0974908247590065,0.980059802532196,0.9102730751037598
YBR115C,YDL084W,0,-1.1867529,0.09748116135597229,0.980059802532196,0.9103730916976929
YJL176C,YPR021C,0,-1.1871641,0.09747149050235748,0.980059802532196,0.9104731678962708
YML120C,YLR394W,0,-1.1895257,0.09746182709932327,0.980059802532196,0.9105731844902039
YDL140C,YOR227W,0,-1.190628,0.09745216369628906,0.980059802532196,0.910673201084137
YGR129W,YER109C,0,-1.1912296,0.09744250774383545,0.980059802532196,0.9107732176780701
YMR004W,YLR186W,0,-1.1920282,0.09743284434080124,0.980059802532196,0.9108732342720032
YGR189C,YOR304W,0,-1.1924301,0.09742318838834763,0.980059802532196,0.910973310470581
YDR432W,YDR251W,1,-1.1928461,0.0975126326084137,0.981056809425354,0.910973310470581
YCR035C,YLR016C,0,-1.1931431,0.09750296920537949,0.981056809425354,0.9110733270645142
YCR036W,YGL064C,0,-1.1939335,0.09749331325292587,0.981056809425354,0.9111733436584473
YPL231W,YNL046W,0,-1.1952189,0.09748365730047226,0.981056809425354,0.9112733602523804
YMR169C,YJL005W,0,-1.1968179,0.09747399389743805,0.981056809425354,0.9113734364509583
YMR256C,YDR151C,0,-1.1993631,0.09746434539556503,0.981056809425354,0.9114734530448914
YCR057C,YDR456W,0,-1.1993885,0.09745468944311142,0.981056809425354,0.9115734696388245
YGL157W,YNL202W,0,-1.2003543,0.0974450409412384,0.981056809425354,0.9116734862327576
YDR444W,YPL140C,0,-1.2011099,0.09743539243936539,0.981056809425354,0.9117735028266907
YNL015W,YPL248C,0,-1.2012498,0.09742574393749237,0.981056809425354,0.9118735790252686
YBR168W,YPL225W,0,-1.2024827,0.09741609543561935,0.981056809425354,0.9119735956192017
YBR022W,YOR356W,0,-1.2030632,0.09740645438432693,0.981056809425354,0.9120736122131348
YBR003W,YCR036W,0,-1.2033732,0.09739681333303452,0.981056809425354,0.9121736288070679
YDL130W-A,YMR173W,0,-1.2035292,0.0973871722817421,0.981056809425354,0.9122737050056458
YMR312W,YGR047C,0,-1.2036844,0.09737753868103027,0.981056809425354,0.9123737215995789
YDR388W,YDR416W,0,-1.2054852,0.09736789762973785,0.981056809425354,0.912473738193512
YER062C,YER019C-A,0,-1.2056576,0.09735826402902603,0.981056809425354,0.9125737547874451
YPL183W-A,YLR209C,0,-1.2057476,0.0973486378788948,0.981056809425354,0.912673830986023
YNL298W,YLR362W,1,-1.2071629,0.09743792563676834,0.982053816318512,0.912673830986023
YOR074C,YGR239C,0,-1.207869,0.09742829203605652,0.982053816318512,0.912773847579956
YPL233W,YDR229W,0,-1.2083462,0.0974186509847641,0.982053816318512,0.9128738641738892
YMR023C,YGR266W,0,-1.2096984,0.09740901738405228,0.982053816318512,0.9129738807678223
YNL061W,YKL206C,0,-1.210222,0.09739938378334045,0.982053816318512,0.9130738973617554
YNL016W,YNL263C,0,-1.2104073,0.09738975763320923,0.982053816318512,0.9131739735603333
YOR290C,YMR171C,0,-1.2136296,0.097380131483078,0.982053816318512,0.9132739901542664
YIR002C,YNL149C,0,-1.2138313,0.09737050533294678,0.982053816318512,0.9133740067481995
YJL140W,YOL076W,0,-1.2153943,0.09736087918281555,0.982053816318512,0.9134740233421326
YGL157W,YIL013C,0,-1.2169483,0.09735125303268433,0.982053816318512,0.9135740995407104
YER072W,YBL100W-B,0,-1.219216,0.0973416343331337,0.982053816318512,0.9136741161346436
YLL024C,YJR134C,0,-1.2213204,0.09733201563358307,0.982053816318512,0.9137741327285767
YNL107W,YGR142W,0,-1.2230127,0.09732239693403244,0.982053816318512,0.9138741493225098
YGL019W,YJR108W,0,-1.2240258,0.09731278568506241,0.982053816318512,0.9139741659164429
YDR101C,YHR025W,0,-1.2254574,0.09730317443609238,0.982053816318512,0.9140742421150208
YPR178W,YHR085W,0,-1.2262709,0.09729356318712234,0.982053816318512,0.9141742587089539
YPL177C,YER014W,0,-1.2267282,0.09728395193815231,0.982053816318512,0.914274275302887
YGR239C,YKR064W,0,-1.2271427,0.09727434068918228,0.982053816318512,0.9143742918968201
YOR373W,YDL145C,0,-1.2279285,0.09726473689079285,0.982053816318512,0.914474368095398
YFR038W,YJL072C,0,-1.2289764,0.09725513309240341,0.982053816318512,0.914574384689331
YLR259C,YNL274C,0,-1.2294297,0.09724552929401398,0.982053816318512,0.9146744012832642
YCR018C,YNL133C,0,-1.2306498,0.09723593294620514,0.982053816318512,0.9147744178771973
YDL109C,YEL059C-A,0,-1.231653,0.0972263365983963,0.982053816318512,0.9148744344711304
YER028C,YLR118C,0,-1.2326052,0.09721674025058746,0.982053816318512,0.9149745106697083
YEL053C,YPR049C,0,-1.2336586,0.09720714390277863,0.982053816318512,0.9150745272636414
YJR096W,YJR010W,0,-1.23502,0.09719755500555038,0.982053816318512,0.9151745438575745
YPL097W,YNL061W,0,-1.2367766,0.09718796610832214,0.982053816318512,0.9152745604515076
YPR102C,YGL120C,0,-1.2368433,0.0971783772110939,0.982053816318512,0.9153746366500854
YPR167C,YMR022W,0,-1.2381412,0.09716878831386566,0.982053816318512,0.9154746532440186
YMR264W,YGR120C,0,-1.2398435,0.09715919941663742,0.982053816318512,0.9155746698379517
YLR401C,YGR044C,0,-1.2410572,0.09714961796998978,0.982053816318512,0.9156746864318848
YHR096C,YKR062W,0,-1.2432771,0.09714003652334213,0.982053816318512,0.9157747030258179
YDR463W,YLR196W,0,-1.2461791,0.09713046252727509,0.982053816318512,0.9158747792243958
YKL182W,YHR009C,0,-1.2477655,0.09712088108062744,0.982053816318512,0.9159747958183289
YMR004W,YFL033C,0,-1.2480993,0.0971113070845604,0.982053816318512,0.916074812412262
YOR191W,YBR037C,0,-1.2481157,0.09710173308849335,0.982053816318512,0.9161748290061951
YOR283W,YBL103C,0,-1.2514484,0.0970921665430069,0.982053816318512,0.916274905204773
YMR208W,YBL112C,0,-1.251987,0.09708259254693985,0.982053816318512,0.916374921798706
YMR171C,YGL060W,0,-1.254392,0.0970730260014534,0.982053816318512,0.9164749383926392
YJL057C,YMR091C,0,-1.2548325,0.09706345945596695,0.982053816318512,0.9165749549865723
YGR063C,YER117W,0,-1.2596428,0.0970539003610611,0.982053816318512,0.9166750311851501
YMR165C,YPR008W,0,-1.2602596,0.09704433381557465,0.982053816318512,0.9167750477790833
YGL244W,YAL044C,0,-1.2611349,0.09703477472066879,0.982053816318512,0.9168750643730164
YPL202C,YFR037C,0,-1.262281,0.09702521562576294,0.982053816318512,0.9169750809669495
YIL171W,YDR308C,0,-1.264601,0.09701566398143768,0.982053816318512,0.9170750975608826
YDR126W,YDL149W,0,-1.2646191,0.09700610488653183,0.982053816318512,0.9171751737594604
YEL040W,YPR125W,0,-1.2653143,0.09699655324220657,0.982053816318512,0.9172751903533936
YKL048C,YBR083W,1,-1.2693288,0.09708546847105026,0.9830508232116699,0.9172751903533936
YOR371C,YDR251W,1,-1.2696773,0.09717436134815216,0.9840478301048279,0.9172751903533936
YDR430C,YHR211W,0,-1.2701331,0.09716479480266571,0.9840478301048279,0.9173752069473267
YOL080C,YER110C,0,-1.2705324,0.09715522825717926,0.9840478301048279,0.9174752235412598
YLR364W,YGR144W,0,-1.2708575,0.09714566916227341,0.9840478301048279,0.9175752997398376
YML113W,YDR013W,0,-1.2718632,0.09713611006736755,0.9840478301048279,0.9176753163337708
YKL201C,YGL027C,0,-1.2725062,0.0971265509724617,0.9840478301048279,0.9177753329277039
YBL072C,YDR196C,0,-1.272785,0.09711699187755585,0.9840478301048279,0.917875349521637
YOR150W,YHR002W,0,-1.2759879,0.09710744023323059,0.9840478301048279,0.9179753661155701
YNL280C,YDL114W,0,-1.2773118,0.09709788858890533,0.9840478301048279,0.918075442314148
YJR046W,YDR524C,0,-1.2781982,0.09708833694458008,0.9840478301048279,0.918175458908081
YGL137W,YAL026C,0,-1.2797065,0.09707878530025482,0.9840478301048279,0.9182754755020142
YIL027C,YPR204W,0,-1.2799504,0.09706923365592957,0.9840478301048279,0.9183754920959473
YDR023W,YDR457W,0,-1.2803586,0.0970596894621849,0.9840478301048279,0.9184755682945251
YMR269W,YNL068C,0,-1.2807343,0.09705014526844025,0.9840478301048279,0.9185755848884583
YLR044C,YBR177C,0,-1.2826939,0.09704060852527618,0.9840478301048279,0.9186756014823914
YNL258C,YER030W,0,-1.2876468,0.09703106433153152,0.9840478301048279,0.9187756180763245
YOR019W,YBR042C,0,-1.2878374,0.09702152758836746,0.9840478301048279,0.9188756346702576
YOL149W,YLR200W,0,-1.2903786,0.0970119908452034,0.9840478301048279,0.9189757108688354
YML133C,YGL064C,0,-1.292829,0.09700245410203934,0.9840478301048279,0.9190757274627686
YOR237W,YMR302C,0,-1.2933621,0.09699292480945587,0.9840478301048279,0.9191757440567017
YDR093W,YNL055C,0,-1.2940683,0.0969833955168724,0.9840478301048279,0.9192757606506348
YIR002C,YER081W,0,-1.2941041,0.09697386622428894,0.9840478301048279,0.9193758368492126
YDR167W,YOL136C,0,-1.2959933,0.09696433693170547,0.9840478301048279,0.9194758534431458
YGL155W,YCL044C,0,-1.29765,0.0969548150897026,0.9840478301048279,0.9195758700370789
YML100W,YGR129W,0,-1.2977376,0.09694529324769974,0.9840478301048279,0.919675886631012
YLR270W,YML004C,0,-1.3007901,0.09693577140569687,0.9840478301048279,0.9197759032249451
YNL008C,YOR279C,0,-1.3017383,0.096926249563694,0.9840478301048279,0.919875979423523
YPL210C,YJL179W,0,-1.3021736,0.09691673517227173,0.9840478301048279,0.919975996017456
YOR182C,YBR176W,0,-1.3096659,0.09690721333026886,0.9840478301048279,0.9200760126113892
YKL182W,YMR272C,0,-1.3099582,0.09689770638942719,0.9840478301048279,0.9201760292053223
YJL019W,YAR042W,0,-1.3113663,0.09688819199800491,0.9840478301048279,0.9202761054039001
YBR038W,YBR145W,0,-1.3115346,0.09687867760658264,0.9840478301048279,0.9203761219978333
YJL013C,YLR413W,0,-1.3120961,0.09686917066574097,0.9840478301048279,0.9204761385917664
YGR296W,YKR007W,0,-1.3159733,0.09685966372489929,0.9840478301048279,0.9205761551856995
YPL172C,YML009C,0,-1.3170081,0.09685016423463821,0.9840478301048279,0.9206762313842773
YMR087W,YMR318C,0,-1.3172835,0.09684065729379654,0.9840478301048279,0.9207762479782104
YBR198C,YJL059W,0,-1.3201842,0.09683115780353546,0.9840478301048279,0.9208762645721436
YHR164C,YPL027W,0,-1.321854,0.09682165831327438,0.9840478301048279,0.9209762811660767
YPR161C,YOR287C,0,-1.3242068,0.0968121662735939,0.9840478301048279,0.9210762977600098
YNL311C,YIL120W,0,-1.3248936,0.09680266678333282,0.9840478301048279,0.9211763739585876
YDR060W,YMR131C,0,-1.3258388,0.09679317474365234,0.9840478301048279,0.9212763905525208
YML048W,YJR094W-A,0,-1.3283731,0.09678368270397186,0.9840478301048279,0.9213764071464539
YIR036C,YLR092W,0,-1.3291123,0.09677419066429138,0.9840478301048279,0.921476423740387
YER125W,YDR510W,0,-1.3293458,0.0967647060751915,0.9840478301048279,0.9215764999389648
YPR161C,YDL098C,0,-1.3306868,0.09675522148609161,0.9840478301048279,0.921676516532898
YDR299W,YKL059C,0,-1.3319229,0.09674573689699173,0.9840478301048279,0.921776533126831
YNL242W,YDR513W,0,-1.3319591,0.09673625230789185,0.9840478301048279,0.9218765497207642
YIL018W,YNL146W,0,-1.3358921,0.09672677516937256,0.9840478301048279,0.9219765663146973
YDR500C,YFL033C,0,-1.3360617,0.09671729803085327,0.9840478301048279,0.9220766425132751
YKR104W,YDR359C,0,-1.3370948,0.09670782089233398,0.9840478301048279,0.9221766591072083
YDR296W,YDR414C,0,-1.3409328,0.0966983437538147,0.9840478301048279,0.9222766757011414
YNR053C,YGL031C,0,-1.3423188,0.09668887406587601,0.9840478301048279,0.9223766922950745
YDR120C,YER176W,0,-1.3451257,0.09667939692735672,0.9840478301048279,0.9224767684936523
YDL091C,YOR044W,0,-1.3452294,0.09666993468999863,0.9840478301048279,0.9225767850875854
YPR135W,YGR113W,0,-1.3462918,0.09666046500205994,0.9840478301048279,0.9226768016815186
YGL189C,YLR344W,0,-1.3469315,0.09665099531412125,0.9840478301048279,0.9227768182754517
YLR015W,YMR139W,0,-1.3486558,0.09664153307676315,0.9840478301048279,0.9228768348693848
YDR466W,YPR042C,0,-1.3522768,0.09663207083940506,0.9840478301048279,0.9229769110679626
YLR264W,YJR143C,0,-1.3535643,0.09662261605262756,0.9840478301048279,0.9230769276618958
YBL061C,YHR030C,0,-1.3545802,0.09661315381526947,0.9840478301048279,0.9231769442558289
YER093C,YCR020C,0,-1.354849,0.09660369902849197,0.9840478301048279,0.923276960849762
YHR118C,YDR289C,0,-1.3550907,0.09659424424171448,0.9840478301048279,0.9233770370483398
YHR113W,YGR155W,0,-1.357213,0.09658478945493698,0.9840478301048279,0.923477053642273
YAL022C,YNL239W,0,-1.3581204,0.09657534211874008,0.9840478301048279,0.923577070236206
YDR240C,YJR031C,0,-1.358268,0.09656589478254318,0.9840478301048279,0.9236770868301392
YNL232W,YML092C,0,-1.3588219,0.09655644744634628,0.9840478301048279,0.9237771034240723
YJR112W,YNL084C,0,-1.359339,0.09654700011014938,0.9840478301048279,0.9238771796226501
YNL085W,YKL080W,0,-1.3594736,0.09653756022453308,0.9840478301048279,0.9239771962165833
YDR438W,YAL068C,0,-1.3601973,0.09652812033891678,0.9840478301048279,0.9240772128105164
YMR274C,YJR078W,0,-1.3621192,0.09651868045330048,0.9840478301048279,0.9241772294044495
YJR121W,YHR109W,0,-1.3623351,0.09650924056768417,0.9840478301048279,0.9242773056030273
YOR181W,YLR380W,0,-1.3664999,0.09649980813264847,0.9840478301048279,0.9243773221969604
YLR467W,YHR021C,0,-1.3673997,0.09649036824703217,0.9840478301048279,0.9244773387908936
YAL031C,YGR194C,0,-1.367862,0.09648093581199646,0.9840478301048279,0.9245773553848267
YKL182W,YDR378C,0,-1.3701972,0.09647151082754135,0.9840478301048279,0.9246774315834045
YDR236C,YDR292C,0,-1.3705287,0.09646207839250565,0.9840478301048279,0.9247774481773376
YLR007W,YNL102W,0,-1.3707083,0.09645265340805054,0.9840478301048279,0.9248774647712708
YMR290C,YMR118C,0,-1.3731098,0.09644322842359543,0.9840478301048279,0.9249774813652039
YBL038W,YOL139C,0,-1.3745415,0.09643380343914032,0.9840478301048279,0.925077497959137
YOR291W,YLR048W,0,-1.377362,0.09642438590526581,0.9840478301048279,0.9251775741577148
YOR087W,YJR134C,0,-1.3780577,0.0964149683713913,0.9840478301048279,0.925277590751648
YOR008C,YOL030W,0,-1.3781576,0.09640555083751678,0.9840478301048279,0.925377607345581
YPL060W,YMR156C,0,-1.3785036,0.09639613330364227,0.9840478301048279,0.9254776239395142
YGR103W,YDR135C,0,-1.3797005,0.09638671576976776,0.9840478301048279,0.925577700138092
YDR172W,YPL180W,0,-1.3802197,0.09637730568647385,0.9840478301048279,0.9256777167320251
YMR286W,YNR024W,0,-1.3818398,0.09636789560317993,0.9840478301048279,0.9257777333259583
YJL026W,YOL109W,0,-1.3819556,0.09635848551988602,0.9840478301048279,0.9258777499198914
YPL196W,YBR170C,0,-1.3833346,0.0963490828871727,0.9840478301048279,0.9259777665138245
YGL073W,YER012W,0,-1.3849093,0.09633968025445938,0.9840478301048279,0.9260778427124023
YKL108W,YMR117C,0,-1.3887308,0.09633027762174606,0.9840478301048279,0.9261778593063354
YLR221C,YHR190W,0,-1.3912284,0.09632087498903275,0.9840478301048279,0.9262778759002686
YDR004W,YGR032W,0,-1.3914785,0.09631147235631943,0.9840478301048279,0.9263778924942017
YPR096C,YMR071C,0,-1.3923337,0.0963020771741867,0.9840478301048279,0.9264779686927795
YFL001W,YOL032W,0,-1.3926997,0.09629268199205399,0.9840478301048279,0.9265779852867126
YKL026C,YPL140C,0,-1.3952351,0.09628328680992126,0.9840478301048279,0.9266780018806458
YNL314W,YGL126W,0,-1.395675,0.09627389907836914,0.9840478301048279,0.9267780184745789
YOR371C,YLR229C,1,-1.3957282,0.09636203944683075,0.9850448369979858,0.9267780184745789
YOR039W,YDR082W,0,-1.3972253,0.09635264426469803,0.9850448369979858,0.926878035068512
YJR068W,YGL063W,0,-1.3980708,0.09634324908256531,0.9850448369979858,0.9269781112670898
YLR126C,YDR038C,0,-1.3989336,0.09633385390043259,0.9850448369979858,0.927078127861023
YMR217W,YKL087C,0,-1.3997601,0.09632445871829987,0.9850448369979858,0.927178144454956
YDR399W,YDR492W,0,-1.4055811,0.09631507098674774,0.9850448369979858,0.9272781610488892
YLR163C,YPR191W,0,-1.4056951,0.09630568325519562,0.9850448369979858,0.927378237247467
YNL219C,YOR378W,0,-1.4064251,0.0962962955236435,0.9850448369979858,0.9274782538414001
YIR017C,YJL059W,0,-1.4079022,0.09628691524267197,0.9850448369979858,0.9275782704353333
YMR158W,YER048W-A,0,-1.4100852,0.09627752751111984,0.9850448369979858,0.9276782870292664
YHR210C,YDL135C,0,-1.4111534,0.09626814723014832,0.9850448369979858,0.9277783632278442
YLR425W,YJL106W,0,-1.4119335,0.09625876694917679,0.9850448369979858,0.9278783798217773
YLR078C,YMR035W,0,-1.4145744,0.09624939411878586,0.9850448369979858,0.9279783964157104
YNL261W,YGR105W,0,-1.4155881,0.09624001383781433,0.9850448369979858,0.9280784130096436
YAL020C,YLR348C,0,-1.415758,0.0962306410074234,0.9850448369979858,0.9281784296035767
YBL113C,YNL310C,0,-1.4193997,0.09622126817703247,0.9850448369979858,0.9282785058021545
YHR069C,YHR074W,0,-1.4211109,0.09621190279722214,0.9850448369979858,0.9283785223960876
YER127W,YGR113W,0,-1.4225864,0.09620252996683121,0.9850448369979858,0.9284785389900208
YMR276W,YGR155W,0,-1.4226242,0.09619316458702087,0.9850448369979858,0.9285785555839539
YLR324W,YEL012W,0,-1.426214,0.09618379920721054,0.9850448369979858,0.9286786317825317
YPL167C,YPR184W,0,-1.4263445,0.0961744412779808,0.9850448369979858,0.9287786483764648
YPL065W,YNR027W,0,-1.4264579,0.09616507589817047,0.9850448369979858,0.928878664970398
YDR083W,YDR178W,0,-1.4265666,0.09615571796894073,0.9850448369979858,0.928978681564331
YPL129W,YPR118W,0,-1.4292574,0.096146360039711,0.9850448369979858,0.9290786981582642
YDR031W,YHL026C,0,-1.4299469,0.09613700211048126,0.9850448369979858,0.929178774356842
YAL010C,YPR167C,0,-1.4315878,0.09612765163183212,0.9850448369979858,0.9292787909507751
YFR005C,YOR373W,0,-1.4315944,0.09611830115318298,0.9850448369979858,0.9293788075447083
YGL019W,YBL080C,0,-1.4324193,0.09610895067453384,0.9850448369979858,0.9294788241386414
YBR005W,YOR057W,0,-1.4334942,0.0960996001958847,0.9850448369979858,0.9295789003372192
YKR069W,YOR319W,0,-1.4354169,0.09609025716781616,0.9850448369979858,0.9296789169311523
YNL216W,YHR165C,0,-1.4355229,0.09608090668916702,0.9850448369979858,0.9297789335250854
YDR430C,YFR032C-A,0,-1.4368633,0.09607157111167908,0.9850448369979858,0.9298789501190186
YPR188C,YPL213W,0,-1.4420099,0.09606222808361053,0.9850448369979858,0.9299789667129517
YHR179W,YDR092W,0,-1.4423225,0.09605288505554199,0.9850448369979858,0.9300790429115295
YLR008C,YDL137W,0,-1.4430091,0.09604354947805405,0.9850448369979858,0.9301790595054626
YIL027C,YFR032C-A,0,-1.4439911,0.0960342139005661,0.9850448369979858,0.9302790760993958
YMR089C,YOL078W,0,-1.4445193,0.09602487832307816,0.9850448369979858,0.9303790926933289
YEL051W,YKR048C,0,-1.4463103,0.0960155501961708,0.9850448369979858,0.9304791688919067
YGR113W,YMR115W,0,-1.4464233,0.09600622206926346,0.9850448369979858,0.9305791854858398
YPL262W,YJL121C,0,-1.4488735,0.09599689394235611,0.9850448369979858,0.930679202079773
YKL074C,YDR228C,0,-1.4496865,0.09598756581544876,0.9850448369979858,0.930779218673706
YML071C,YLL001W,0,-1.4504272,0.09597823768854141,0.9850448369979858,0.9308792352676392
YGR154C,YOL078W,0,-1.4531747,0.09596891701221466,0.9850448369979858,0.930979311466217
YBR208C,YOR369C,0,-1.4552095,0.09595959633588791,0.9850448369979858,0.9310793280601501
YPL202C,YLR032W,0,-1.4555223,0.09595027565956116,0.9850448369979858,0.9311793446540833
YMR100W,YOR008C,0,-1.4555247,0.095940962433815,0.9850448369979858,0.9312793612480164
YDL021W,YKR009C,0,-1.4567858,0.09593164175748825,0.9850448369979858,0.9313794374465942
YCL050C,YCL039W,0,-1.4572573,0.0959223285317421,0.9850448369979858,0.9314794540405273
YER008C,YJL167W,0,-1.459422,0.09591301530599594,0.9850448369979858,0.9315794706344604
YGL073W,YML049C,0,-1.4613678,0.09590370953083038,0.9850448369979858,0.9316794872283936
YER012W,YDL112W,0,-1.4614065,0.09589439630508423,0.9850448369979858,0.9317795634269714
YLR327C,YMR208W,0,-1.4617903,0.09588509052991867,0.9850448369979858,0.9318795800209045
YDR196C,YBR257W,0,-1.4634197,0.09587578475475311,0.9850448369979858,0.9319795966148376
YBR080C,YPL092W,0,-1.4637126,0.09586648643016815,0.9850448369979858,0.9320796132087708
YGL096W,YMR321C,0,-1.465478,0.09585718810558319,0.9850448369979858,0.9321796298027039
YIL034C,YPL177C,0,-1.4676119,0.09584788233041763,0.9850448369979858,0.9322797060012817
YDR490C,YDR341C,0,-1.4677083,0.09583858400583267,0.9850448369979858,0.9323797225952148
YIL143C,YHR089C,0,-1.4692409,0.09582929313182831,0.9850448369979858,0.932479739189148
YLR356W,YOL116W,0,-1.4699183,0.09581999480724335,0.9850448369979858,0.932579755783081
YMR285C,YIL079C,0,-1.4714308,0.09581070393323898,0.9850448369979858,0.9326798319816589
YIL056W,YDR060W,0,-1.4742788,0.09580141305923462,0.9850448369979858,0.932779848575592
YOL121C,YLR330W,0,-1.4744575,0.09579212963581085,0.9850448369979858,0.9328798651695251
YGL226C-A,YHR106W,0,-1.4760185,0.09578283876180649,0.9850448369979858,0.9329798817634583
YDR074W,YBR048W,0,-1.4760232,0.09577355533838272,0.9850448369979858,0.9330798983573914
YHL050C,YHR005C,0,-1.4787917,0.09576427191495895,0.9850448369979858,0.9331799745559692
YOR327C,YOR257W,0,-1.481823,0.09575498849153519,0.9850448369979858,0.9332799911499023
YDL120W,YLR068W,0,-1.4834776,0.09574571251869202,0.9850448369979858,0.9333800077438354
YBR001C,YOL136C,0,-1.4839292,0.09573643654584885,0.9850448369979858,0.9334800243377686
YNL216W,YJR006W,0,-1.4844778,0.09572716057300568,0.9850448369979858,0.9335801005363464
YML034W,YBR080C,0,-1.485154,0.0957178846001625,0.9850448369979858,0.9336801171302795
YNL115C,YKL178C,0,-1.486915,0.09570860862731934,0.9850448369979858,0.9337801337242126
YOL029C,YDR423C,0,-1.4893548,0.09569934010505676,0.9850448369979858,0.9338801503181458
YOR068C,YBR061C,0,-1.4903998,0.09569007158279419,0.9850448369979858,0.9339801669120789
YHR122W,YDR110W,0,-1.4969811,0.09568080306053162,0.9850448369979858,0.9340802431106567
YDR003W,YIL125W,0,-1.5001845,0.09567154198884964,0.9850448369979858,0.9341802597045898
YPL220W,YJL095W,0,-1.500734,0.09566228091716766,0.9850448369979858,0.934280276298523
YBL005W,YOR180C,0,-1.5030072,0.09565301239490509,0.9850448369979858,0.934380292892456
YNL301C,YIL087C,0,-1.5042975,0.09564375877380371,0.9850448369979858,0.9344803690910339
YKL100C,YDR524C,0,-1.5044657,0.09563449770212173,0.9850448369979858,0.934580385684967
YPL117C,YDR120C,0,-1.505329,0.09562524408102036,0.9850448369979858,0.9346804022789001
YEL018W,YDR403W,0,-1.5065198,0.09561599045991898,0.9850448369979858,0.9347804188728333
YOL070C,YIL080W,0,-1.5090995,0.0956067368388176,0.9850448369979858,0.9348804354667664
YCR054C,YBR176W,0,-1.5110567,0.09559748321771622,0.9850448369979858,0.9349805116653442
YOL151W,YDR273W,0,-1.5126197,0.09558823704719543,0.9850448369979858,0.9350805282592773
YNL219C,YOR020C,0,-1.5128725,0.09557899087667465,0.9850448369979858,0.9351805448532104
YGR061C,YNR040W,0,-1.5133955,0.09556974470615387,0.9850448369979858,0.9352805614471436
YOR054C,YKL079W,0,-1.5139711,0.09556049853563309,0.9850448369979858,0.9353806376457214
YDR074W,YMR227C,0,-1.5140104,0.0955512598156929,0.9850448369979858,0.9354806542396545
YCL034W,YGL037C,0,-1.514466,0.09554201364517212,0.9850448369979858,0.9355806708335876
YJR042W,YLL048C,0,-1.515577,0.09553278237581253,0.9850448369979858,0.9356806874275208
YJL156C,YIL098C,0,-1.5161091,0.09552354365587234,0.9850448369979858,0.9357807636260986
YBL088C,YGR089W,0,-1.5172113,0.09551430493593216,0.9850448369979858,0.9358807802200317
YDR476C,YIL006W,0,-1.5177443,0.09550507366657257,0.9850448369979858,0.9359807968139648
YHR088W,YJL109C,0,-1.5190662,0.09549584239721298,0.9850448369979858,0.936080813407898
YMR284W,YCR072C,0,-1.5208561,0.0954866111278534,0.9850448369979858,0.936180830001831
YKR094C,YGL031C,0,-1.522068,0.0954773873090744,0.9850448369979858,0.9362809062004089
YMR235C,YMR005W,0,-1.52294,0.09546816349029541,0.9850448369979858,0.936380922794342
YPR019W,YHR205W,0,-1.5241013,0.09545893967151642,0.9850448369979858,0.9364809393882751
YGR245C,YDL149W,0,-1.5248557,0.09544971585273743,0.9850448369979858,0.9365809559822083
YNL094W,YGR063C,0,-1.5262737,0.09544049203395844,0.9850448369979858,0.9366810321807861
YPL117C,YKL144C,0,-1.5275367,0.09543127566576004,0.9850448369979858,0.9367810487747192
YDR406W,YCR063W,0,-1.5282928,0.09542205929756165,0.9850448369979858,0.9368810653686523
YDL099W,YFR031C,0,-1.5285189,0.09541284292936325,0.9850448369979858,0.9369810819625854
YNL115C,YOL057W,0,-1.528659,0.09540363401174545,0.9850448369979858,0.9370810985565186
YDR148C,YBL091C,0,-1.5294611,0.09539441764354706,0.9850448369979858,0.9371811747550964
YOL007C,YFL013C,0,-1.5333421,0.09538520872592926,0.9850448369979858,0.9372811913490295
YOR230W,YJR082C,0,-1.5340542,0.09537599980831146,0.9850448369979858,0.9373812079429626
YGL178W,YNL130C,0,-1.5346537,0.09536679834127426,0.9850448369979858,0.9374812245368958
YGR143W,YJL057C,0,-1.5369657,0.09535758942365646,0.9850448369979858,0.9375813007354736
YOL103W,YGR006W,0,-1.5376327,0.09534838795661926,0.9850448369979858,0.9376813173294067
YDR087C,YFL029C,0,-1.5379827,0.09533918648958206,0.9850448369979858,0.9377813339233398
YPR173C,YNL246W,0,-1.5381197,0.09532998502254486,0.9850448369979858,0.937881350517273
YGL174W,YNL077W,0,-1.5419929,0.09532079100608826,0.9850448369979858,0.937981367111206
YMR179W,YGR188C,0,-1.5420244,0.09531159698963165,0.9850448369979858,0.9380814433097839
YGL030W,YER055C,0,-1.545289,0.09530240297317505,0.9850448369979858,0.938181459903717
YCR092C,YHR120W,0,-1.5466034,0.09529320895671844,0.9850448369979858,0.9382814764976501
YPL043W,YDL112W,0,-1.5482658,0.09528402239084244,0.9850448369979858,0.9383814930915833
YPL186C,YKL006W,0,-1.5490603,0.09527482837438583,0.9850448369979858,0.9384815692901611
YLL003W,YFR045W,0,-1.5497591,0.09526564180850983,0.9850448369979858,0.9385815858840942
YOR116C,YNL130C,0,-1.551636,0.09525646269321442,0.9850448369979858,0.9386816024780273
YER110C,YBR121C,0,-1.5555761,0.09524727612733841,0.9850448369979858,0.9387816190719604
YPL276W,YKL196C,0,-1.5571392,0.095238097012043,0.9850448369979858,0.9388816356658936
YOL071W,YGL095C,0,-1.5578495,0.09522891789674759,0.9850448369979858,0.9389817118644714
YHR186C,YLR016C,0,-1.5579536,0.09521973878145218,0.9850448369979858,0.9390817284584045
YFL014W,YMR225C,0,-1.5583515,0.09521055966615677,0.9850448369979858,0.9391817450523376
YBL069W,YPR042C,0,-1.5592934,0.09520138800144196,0.9850448369979858,0.9392817616462708
YGR046W,YDL133C-A,0,-1.560364,0.09519221633672714,0.9850448369979858,0.9393818378448486
YOR274W,YGL107C,0,-1.5609,0.09518304467201233,0.9850448369979858,0.9394818544387817
YNL290W,YOR271C,0,-1.560909,0.09517387300729752,0.9850448369979858,0.9395818710327148
YHR194W,YMR139W,0,-1.5654497,0.0951647087931633,0.9850448369979858,0.939681887626648
YER083C,YJL083W,0,-1.5677943,0.09515554457902908,0.9850448369979858,0.9397819638252258
YFR030W,YOL018C,0,-1.5682333,0.09514638036489487,0.9850448369979858,0.9398819804191589
YNL290W,YNL261W,0,-1.5694134,0.09513721615076065,0.9850448369979858,0.939981997013092
YBR031W,YDL007W,0,-1.5705587,0.09512805938720703,0.9850448369979858,0.9400820136070251
YCR018C,YOR002W,0,-1.5711355,0.09511889517307281,0.9850448369979858,0.9401820302009583
YLR244C,YBR241C,0,-1.5711801,0.0951097384095192,0.9850448369979858,0.9402821063995361
YDR195W,YNL050C,0,-1.5742512,0.09510058909654617,0.9850448369979858,0.9403821229934692
YBR001C,YCR077C,0,-1.5775607,0.09509143233299255,0.9850448369979858,0.9404821395874023
YGL223C,YKL094W,0,-1.5785306,0.09508228302001953,0.9850448369979858,0.9405821561813354
YPL183C,YDR342C,0,-1.5789899,0.09507313370704651,0.9850448369979858,0.9406822323799133
YDR242W,YBL056W,0,-1.5811926,0.09506398439407349,0.9850448369979858,0.9407822489738464
YHR090C,YNR052C,0,-1.5819203,0.09505484253168106,0.9850448369979858,0.9408822655677795
YJL149W,YDR511W,0,-1.582583,0.09504569321870804,0.9850448369979858,0.9409822821617126
YML132W,YKL094W,0,-1.5838689,0.09503655135631561,0.9850448369979858,0.9410822987556458
YHR122W,YOR221C,0,-1.5845772,0.09502740949392319,0.9850448369979858,0.9411823749542236
YBL092W,YEL059C-A,0,-1.5894405,0.09501827508211136,0.9850448369979858,0.9412823915481567
YLR356W,YIL078W,0,-1.589894,0.09500913321971893,0.9850448369979858,0.9413824081420898
YMR179W,YDL117W,0,-1.5926449,0.0949999988079071,0.9850448369979858,0.941482424736023
YDR536W,YCR026C,0,-1.593395,0.09499086439609528,0.9850448369979858,0.9415825009346008
YDR067C,YOR304W,0,-1.593653,0.09498173743486404,0.9850448369979858,0.9416825175285339
YDR260C,YML011C,0,-1.5943508,0.09497260302305222,0.9850448369979858,0.941782534122467
YMR298W,YLR078C,0,-1.5950205,0.09496347606182098,0.9850448369979858,0.9418825507164001
YPL097W,YLR439W,0,-1.5989926,0.09495434910058975,0.9850448369979858,0.9419825673103333
YBL025W,YDR137W,0,-1.59911,0.09494522213935852,0.9850448369979858,0.9420826435089111
YPL123C,YLL043W,0,-1.600749,0.09493610262870789,0.9850448369979858,0.9421826601028442
YHR033W,YJL200C,0,-1.6015002,0.09492697566747665,0.9850448369979858,0.9422826766967773
YER062C,YNL263C,0,-1.601602,0.09491785615682602,0.9850448369979858,0.9423826932907104
YMR221C,YNR048W,0,-1.6040576,0.09490874409675598,0.9850448369979858,0.9424827694892883
YDL148C,YBR010W,0,-1.6041826,0.09489962458610535,0.9850448369979858,0.9425827860832214
YDL184C,YMR156C,0,-1.6070701,0.09489051252603531,0.9850448369979858,0.9426828026771545
YHR116W,YOR026W,0,-1.6087523,0.09488140046596527,0.9850448369979858,0.9427828192710876
YDR052C,YNL101W,0,-1.609559,0.09487228840589523,0.9850448369979858,0.9428828358650208
YGL025C,YLR426W,0,-1.6133081,0.0948631763458252,0.9850448369979858,0.9429829120635986
YLR285W,YPR034W,0,-1.6154453,0.09485407173633575,0.9850448369979858,0.9430829286575317
YKL045W,YNL084C,0,-1.6163749,0.09484496712684631,0.9850448369979858,0.9431829452514648
YDR092W,YDR513W,0,-1.617626,0.09483586251735687,0.9850448369979858,0.943282961845398
YHR052W,YGL061C,0,-1.6185093,0.09482675790786743,0.9850448369979858,0.9433830380439758
YDR373W,YEL058W,0,-1.6203973,0.09481766074895859,0.9850448369979858,0.9434830546379089
YLR345W,YCL014W,0,-1.6204219,0.09480855613946915,0.9850448369979858,0.943583071231842
YPR127W,YNL239W,0,-1.6227145,0.0947994589805603,0.9850448369979858,0.9436830878257751
YMR226C,YGL098W,0,-1.6239327,0.09479036927223206,0.9850448369979858,0.943783164024353
YKL135C,YDR145W,0,-1.6284113,0.09478127211332321,0.9850448369979858,0.9438831806182861
YGL035C,YAR042W,0,-1.6296694,0.09477218240499496,0.9850448369979858,0.9439831972122192
YKL009W,YHL015W,0,-1.6303492,0.09476309269666672,0.9850448369979858,0.9440832138061523
YPL148C,YCR081W,0,-1.6338475,0.09475400298833847,0.9850448369979858,0.9441832304000854
YLR404W,YHR025W,0,-1.6339893,0.09474492073059082,0.9850448369979858,0.9442833065986633
YNR070W,YIL034C,0,-1.6348171,0.09473583102226257,0.9850448369979858,0.9443833231925964
YMR105C,YHR051W,0,-1.6349391,0.09472674876451492,0.9850448369979858,0.9444833397865295
YLR234W,YCL044C,0,-1.6366346,0.09471766650676727,0.9850448369979858,0.9445833563804626
YBR295W,YLR370C,0,-1.6378123,0.09470859169960022,0.9850448369979858,0.9446834325790405
YBR283C,YFR052W,0,-1.639276,0.09469950944185257,0.9850448369979858,0.9447834491729736
YAL043C,YER071C,0,-1.6414666,0.09469043463468552,0.9850448369979858,0.9448834657669067
YLR238W,YER007C-A,0,-1.6417555,0.09468135982751846,0.9850448369979858,0.9449834823608398
YHL024W,YER032W,0,-1.6419052,0.09467228502035141,0.9850448369979858,0.945083498954773
YGR095C,YGL151W,0,-1.644577,0.09466321766376495,0.9850448369979858,0.9451835751533508
YBR238C,YNL023C,0,-1.6466138,0.0946541503071785,0.9850448369979858,0.9452835917472839
YNL056W,YHR116W,0,-1.647871,0.09464508295059204,0.9850448369979858,0.945383608341217
YOR054C,YGR094W,0,-1.6530293,0.09463601559400558,0.9850448369979858,0.9454836249351501
YMR297W,YNL331C,0,-1.6534604,0.09462694823741913,0.9850448369979858,0.945583701133728
YAL023C,YML081W,0,-1.6540061,0.09461788833141327,0.9850448369979858,0.9456837177276611
YNR030W,YGL141W,0,-1.6579053,0.09460882842540741,0.9850448369979858,0.9457837343215942
YHR005C-A,YJL136C,0,-1.6618353,0.09459976851940155,0.9850448369979858,0.9458837509155273
YBR212W,YPL226W,0,-1.6619655,0.09459071606397629,0.9850448369979858,0.9459837675094604
YOR027W,YKL002W,0,-1.6622487,0.09458165615797043,0.9850448369979858,0.9460838437080383
YLL062C,YNL191W,0,-1.662466,0.09457260370254517,0.9850448369979858,0.9461838603019714
YOR126C,YNL311C,0,-1.6642213,0.0945635512471199,0.9850448369979858,0.9462838768959045
YPL254W,YCL067C,0,-1.667219,0.09455450624227524,0.9850448369979858,0.9463838934898376
YGR221C,YBR002C,0,-1.6685348,0.09454545378684998,0.9850448369979858,0.9464839696884155
YOL141W,YBL021C,0,-1.6700656,0.09453640878200531,0.9850448369979858,0.9465839862823486
YPL209C,YHR190W,0,-1.6707541,0.09452736377716064,0.9850448369979858,0.9466840028762817
YGL168W,YMR139W,0,-1.6717143,0.09451831877231598,0.9850448369979858,0.9467840194702148
YOR101W,YGR056W,0,-1.6721662,0.09450928121805191,0.9850448369979858,0.946884036064148
YMR118C,YPR001W,0,-1.672453,0.09450023621320724,0.9850448369979858,0.9469841122627258
YML133C,YFR006W,0,-1.6767864,0.09449119865894318,0.9850448369979858,0.9470841288566589
YJL102W,YDR227W,0,-1.6772411,0.0944821685552597,0.9850448369979858,0.947184145450592
YGL094C,YLR441C,0,-1.6777899,0.09447313100099564,0.9850448369979858,0.9472841620445251
YGR208W,YPR186C,0,-1.6798621,0.09446410089731216,0.9850448369979858,0.947384238243103
YBR058C,YHR170W,0,-1.6812638,0.0944550633430481,0.9850448369979858,0.9474842548370361
YER099C,YGL213C,0,-1.682307,0.09444604068994522,0.9850448369979858,0.9475842714309692
YKL134C,YOL139C,0,-1.6846699,0.09443701058626175,0.9850448369979858,0.9476842880249023
YDR007W,YLR285W,0,-1.6856767,0.09442798793315887,0.9850448369979858,0.9477843642234802
YBR149W,YGL174W,0,-1.6860125,0.0944189578294754,0.9850448369979858,0.9478843808174133
YKR054C,YDR276C,0,-1.6897488,0.09440993517637253,0.9850448369979858,0.9479843974113464
YHR171W,YGR054W,0,-1.6959918,0.09440091997385025,0.9850448369979858,0.9480844140052795
YHR179W,YOR386W,0,-1.6965008,0.09439189732074738,0.9850448369979858,0.9481844305992126
YLR284C,YBL039C,0,-1.6981088,0.0943828821182251,0.9850448369979858,0.9482845067977905
YJL001W,YER068W,0,-1.6984265,0.09437386691570282,0.9850448369979858,0.9483845233917236
YBR059C,YEL065W,0,-1.6991389,0.09436485171318054,0.9850448369979858,0.9484845399856567
YBL093C,YOR243C,0,-1.6998951,0.09435583651065826,0.9850448369979858,0.9485845565795898
YJR042W,YBR010W,0,-1.7015321,0.09434682875871658,0.9850448369979858,0.9486846327781677
YHR118C,YBL098W,0,-1.7015417,0.0943378210067749,0.9850448369979858,0.9487846493721008
YNL001W,YNL079C,1,-1.7034417,0.0944242849946022,0.9860419034957886,0.9487846493721008
YGR204W,YMR276W,0,-1.7050884,0.09441527724266052,0.9860419034957886,0.9488846659660339
YBL106C,YDL054C,0,-1.7075208,0.09440626204013824,0.9860419034957886,0.948984682559967
YDL095W,YGL010W,0,-1.7091608,0.09439725428819656,0.9860419034957886,0.9490846991539001
YDR451C,YKL017C,0,-1.7096303,0.09438823908567429,0.9860419034957886,0.949184775352478
YPL134C,YLR394W,0,-1.7110578,0.0943792313337326,0.9860419034957886,0.9492847919464111
YDR430C,YOR355W,0,-1.7124815,0.09437023103237152,0.9860419034957886,0.9493848085403442
YEL052W,YOR283W,0,-1.7144037,0.09436122328042984,0.9860419034957886,0.9494848251342773
YMR239C,YNL242W,0,-1.7147081,0.09435222297906876,0.9860419034957886,0.9495849013328552
YFL013C,YHR077C,0,-1.7155148,0.09434322267770767,0.9860419034957886,0.9496849179267883
YGR194C,YLR361C,0,-1.7172539,0.09433422237634659,0.9860419034957886,0.9497849345207214
YNL123W,YDR188W,0,-1.7175525,0.0943252295255661,0.9860419034957886,0.9498849511146545
YML016C,YPR034W,0,-1.7193971,0.09431622922420502,0.9860419034957886,0.9499849677085876
YNR024W,YLR370C,0,-1.719789,0.09430723637342453,0.9860419034957886,0.9500850439071655
YGR254W,YPL006W,0,-1.7206061,0.09429824352264404,0.9860419034957886,0.9501850605010986
YML071C,YMR048W,0,-1.720648,0.09428925812244415,0.9860419034957886,0.9502850770950317
YDR004W,YDR465C,0,-1.7231517,0.09428026527166367,0.9860419034957886,0.9503850936889648
YNL236W,YDL107W,0,-1.7262304,0.09427127987146378,0.9860419034957886,0.9504851698875427
YOR292C,YBR130C,0,-1.7276591,0.09426229447126389,0.9860419034957886,0.9505851864814758
YNL059C,YDR075W,0,-1.7285757,0.094253309071064,0.9860419034957886,0.9506852030754089
YER045C,YDL245C,0,-1.7306997,0.0942443311214447,0.9860419034957886,0.950785219669342
YPL011C,YOL080C,0,-1.7314978,0.09423535317182541,0.9860419034957886,0.9508852362632751
YJL052W,YGR167W,0,-1.7326591,0.09422637522220612,0.9860419034957886,0.950985312461853
YHR111W,YKR054C,0,-1.7359142,0.09421739727258682,0.9860419034957886,0.9510853290557861
YHR149C,YML109W,0,-1.7370541,0.09420841932296753,0.9860419034957886,0.9511853456497192
YPR073C,YIR011C,0,-1.7377443,0.09419944882392883,0.9860419034957886,0.9512853622436523
YBL093C,YOR159C,0,-1.7429078,0.09419047832489014,0.9860419034957886,0.9513854384422302
YJL109C,YLR052W,0,-1.7463889,0.09418150782585144,0.9860419034957886,0.9514854550361633
YPR072W,YNL267W,0,-1.7494992,0.09417253732681274,0.9860419034957886,0.9515854716300964
YDR083W,YER053C,0,-1.753262,0.09416357427835464,0.9860419034957886,0.9516854882240295
YNL301C,YDR511W,0,-1.7540808,0.09415461122989655,0.9860419034957886,0.9517855644226074
YKR085C,YJL181W,0,-1.7551479,0.09414564818143845,0.9860419034957886,0.9518855810165405
YOR373W,YNR028W,0,-1.7602038,0.09413668513298035,0.9860419034957886,0.9519855976104736
YKR069W,YHR064C,0,-1.7618878,0.09412772208452225,0.9860419034957886,0.9520856142044067
YPL011C,YBL069W,0,-1.7636368,0.09411876648664474,0.9860419034957886,0.9521856307983398
YCL069W,YBR222C,0,-1.7651682,0.09410981088876724,0.9860419034957886,0.9522857069969177
YER074W,YMR118C,0,-1.7662305,0.09410085529088974,0.9860419034957886,0.9523857235908508
YPR108W,YDR399W,0,-1.7669592,0.09409190714359283,0.9860419034957886,0.9524857401847839
YDR041W,YIL021W,0,-1.7686876,0.09408295154571533,0.9860419034957886,0.952585756778717
YLR345W,YML063W,0,-1.7721499,0.09407400339841843,0.9860419034957886,0.9526858329772949
YDR353W,YBR153W,0,-1.7746499,0.09406505525112152,0.9860419034957886,0.952785849571228
YBR006W,YJL045W,0,-1.7752488,0.09405610710382462,0.9860419034957886,0.9528858661651611
YER115C,YMR099C,0,-1.7763152,0.0940471664071083,0.9860419034957886,0.9529858827590942
YNL322C,YMR025W,0,-1.7767472,0.094038225710392,0.9860419034957886,0.9530858993530273
YCR046C,YML005W,0,-1.7782563,0.09402928501367569,0.9860419034957886,0.9531859755516052
YJL072C,YIR025W,0,-1.7789484,0.09402034431695938,0.9860419034957886,0.9532859921455383
YIL011W,YLL066C,0,-1.7792199,0.09401140362024307,0.9860419034957886,0.9533860087394714
YPR110C,YNR053C,0,-1.7813393,0.09400247037410736,0.9860419034957886,0.9534860253334045
YGR225W,YDR425W,0,-1.782096,0.09399353712797165,0.9860419034957886,0.9535861015319824
YGL170C,YMR040W,0,-1.7856567,0.09398460388183594,0.9860419034957886,0.9536861181259155
YML129C,YGR099W,0,-1.7859385,0.09397567808628082,0.9860419034957886,0.9537861347198486
YLR099C,YKL165C,0,-1.7879503,0.09396674484014511,0.9860419034957886,0.9538861513137817
YOR159C,YNL147W,0,-1.7905898,0.09395781904459,0.9860419034957886,0.9539861679077148
YMR125W,YOR091W,0,-1.7907691,0.09394889324903488,0.9860419034957886,0.9540862441062927
YLR058C,YMR038C,0,-1.7916582,0.09393996745347977,0.9860419034957886,0.9541862607002258
YGL155W,YGL151W,0,-1.7963731,0.09393104910850525,0.9860419034957886,0.9542862772941589
YER125W,YLR426W,0,-1.7967602,0.09392213076353073,0.9860419034957886,0.954386293888092
YOR346W,YKL206C,0,-1.7986306,0.09391320496797562,0.9860419034957886,0.9544863700866699
YDR080W,YOR310C,0,-1.8005959,0.0939042940735817,0.9860419034957886,0.954586386680603
YGR286C,YGL211W,0,-1.8006115,0.09389537572860718,0.9860419034957886,0.9546864032745361
YNL006W,YKR052C,0,-1.8016019,0.09388646483421326,0.9860419034957886,0.9547864198684692
YDR289C,YOR272W,0,-1.80293,0.09387755393981934,0.9860419034957886,0.9548864364624023
YLL017W,YDR308C,0,-1.8036747,0.09386864304542542,0.9860419034957886,0.9549865126609802
YJL166W,YLR390W,0,-1.80532,0.0938597321510315,0.9860419034957886,0.9550865292549133
YPR138C,YPL202C,0,-1.8067987,0.09385082870721817,0.9860419034957886,0.9551865458488464
YKL048C,YDR296W,0,-1.8069746,0.09384191781282425,0.9860419034957886,0.9552865624427795
YPL134C,YIR037W,0,-1.8076564,0.09383301436901093,0.9860419034957886,0.9553866386413574
YFL036W,YDR071C,0,-1.811513,0.0938241183757782,0.9860419034957886,0.9554866552352905
YBR164C,YPL262W,0,-1.8119962,0.09381521493196487,0.9860419034957886,0.9555866718292236
YDL184C,YHR041C,0,-1.8120946,0.09380631893873215,0.9860419034957886,0.9556866884231567
YIL078W,YDR145W,0,-1.8130213,0.09379742294549942,0.9860419034957886,0.9557867646217346
YKL010C,YER099C,0,-1.8134804,0.0937885269522667,0.9860419034957886,0.9558867812156677
YML061C,YOR378W,0,-1.8141314,0.09377963095903397,0.9860419034957886,0.9559867978096008
YOR008C,YOR065W,0,-1.8154824,0.09377074241638184,0.9860419034957886,0.9560868144035339
YKL155C,YLR312W-A,0,-1.8179256,0.0937618538737297,0.9860419034957886,0.956186830997467
YGL113W,YDR482C,0,-1.8185372,0.09375296533107758,0.9860419034957886,0.9562869071960449
YDL202W,YDL107W,0,-1.8190404,0.09374407678842545,0.9860419034957886,0.956386923789978
YGR075C,YKL024C,0,-1.8202133,0.09373518824577332,0.9860419034957886,0.9564869403839111
YJL165C,YNR047W,0,-1.8216928,0.09372630715370178,0.9860419034957886,0.9565869569778442
YNL191W,YNL183C,0,-1.8234947,0.09371742606163025,0.9860419034957886,0.9566870331764221
YNL066W,YKL003C,0,-1.8262991,0.09370854496955872,0.9860419034957886,0.9567870497703552
YMR115W,YLR429W,0,-1.8284891,0.09369967132806778,0.9860419034957886,0.9568870663642883
YNL032W,YDL115C,0,-1.8305261,0.09369079023599625,0.9860419034957886,0.9569870829582214
YDL164C,YOR356W,0,-1.8319188,0.09368191659450531,0.9860419034957886,0.9570870995521545
YBR212W,YOR109W,0,-1.8330001,0.09367304295301437,0.9860419034957886,0.9571871757507324
YGL050W,YML023C,0,-1.8341966,0.09366416931152344,0.9860419034957886,0.9572871923446655
YJR057W,YDR511W,0,-1.8357687,0.0936553031206131,0.9860419034957886,0.9573872089385986
YML021C,YDL003W,0,-1.8395762,0.09364643692970276,0.9860419034957886,0.9574872255325317
YGR241C,YLR337C,0,-1.8438971,0.09363757073879242,0.9860419034957886,0.9575873017311096
YHL032C,YDL138W,0,-1.8470958,0.09362870454788208,0.9860419034957886,0.9576873183250427
YPL129W,YGR169C,0,-1.850623,0.09361983835697174,0.9860419034957886,0.9577873349189758
YNL289W,YPR171W,0,-1.8532574,0.093610979616642,0.9860419034957886,0.9578873515129089
YOR338W,YHR046C,0,-1.8533516,0.09360212087631226,0.9860419034957886,0.957987368106842
YBR283C,YER050C,0,-1.8551606,0.09359326213598251,0.9860419034957886,0.9580874443054199
YNL328C,YDR128W,0,-1.8613964,0.09358440339565277,0.9860419034957886,0.958187460899353
YMR316W,YDL159W,1,-1.8653934,0.09367016702890396,0.9870389103889465,0.958187460899353
YOR272W,YNL145W,0,-1.8685216,0.09366130828857422,0.9870389103889465,0.9582874774932861
YJR082C,YIL094C,0,-1.8695276,0.09365244209766388,0.9870389103889465,0.9583874940872192
YOR353C,YHR070W,0,-1.8712068,0.09364358335733414,0.9870389103889465,0.9584875702857971
YLR266C,YGR224W,0,-1.873685,0.09363473206758499,0.9870389103889465,0.9585875868797302
YDL130W-A,YML009C,0,-1.8750904,0.09362587332725525,0.9870389103889465,0.9586876034736633
YJL033W,YAL013W,0,-1.8752258,0.0936170220375061,0.9870389103889465,0.9587876200675964
YBR218C,YDR527W,0,-1.8830332,0.09360817074775696,0.9870389103889465,0.9588876366615295
YLR356W,YLR432W,0,-1.8844745,0.09359931945800781,0.9870389103889465,0.9589877128601074
YOR044W,YJR073C,0,-1.8875339,0.09359046816825867,0.9870389103889465,0.9590877294540405
YGR032W,YPL089C,0,-1.8896036,0.09358162432909012,0.9870389103889465,0.9591877460479736
YNR017W,YNL092W,0,-1.8956547,0.09357278048992157,0.9870389103889465,0.9592877626419067
YOR383C,YNL261W,0,-1.8962469,0.09356393665075302,0.9870389103889465,0.9593878388404846
YCR045C,YGL103W,0,-1.9027879,0.09355509281158447,0.9870389103889465,0.9594878554344177
YOR299W,YBL061C,0,-1.9041305,0.09354625642299652,0.9870389103889465,0.9595878720283508
YPR155C,YEL005C,0,-1.9088634,0.09353741258382797,0.9870389103889465,0.9596878886222839
YJL124C,YPL231W,0,-1.9101305,0.09352857619524002,0.9870389103889465,0.9597879648208618
YNL339C,YOR216C,0,-1.9121437,0.09351973980665207,0.9870389103889465,0.9598879814147949
YKR053C,YHR051W,0,-1.9149201,0.09351091086864471,0.9870389103889465,0.959987998008728
YLR017W,YDL166C,0,-1.9169177,0.09350207448005676,0.9870389103889465,0.9600880146026611
YLR266C,YOR038C,0,-1.919978,0.09349324554204941,0.9870389103889465,0.9601880311965942
YDR178W,YGL025C,0,-1.9208938,0.09348441660404205,0.9870389103889465,0.9602881073951721
YLR362W,YBR083W,1,-1.9249169,0.09357000887393951,0.9880359172821045,0.9602881073951721
YHR047C,YML082W,0,-1.930903,0.09356117993593216,0.9880359172821045,0.9603881239891052
YBR119W,YJL035C,0,-1.9311805,0.09355234354734421,0.9880359172821045,0.9604881405830383
YDR312W,YHR150W,0,-1.9312851,0.09354351460933685,0.9880359172821045,0.9605881571769714
YJR051W,YBR105C,0,-1.9335353,0.0935346856713295,0.9880359172821045,0.9606882333755493
YOR274W,YHR139C,0,-1.9359244,0.09352585673332214,0.9880359172821045,0.9607882499694824
YLR164W,YJR010W,0,-1.9376423,0.09351703524589539,0.9880359172821045,0.9608882665634155
YOR260W,YKR053C,0,-1.940907,0.09350820630788803,0.9880359172821045,0.9609882831573486
YLR419W,YGL061C,0,-1.9441273,0.09349938482046127,0.9880359172821045,0.9610882997512817
YML076C,YLR142W,0,-1.945766,0.09349056333303452,0.9880359172821045,0.9611883759498596
YHR142W,YIL061C,0,-1.9503007,0.09348174929618835,0.9880359172821045,0.9612883925437927
YPR156C,YLR413W,0,-1.9507909,0.0934729278087616,0.9880359172821045,0.9613884091377258
YCR094W,YPR204W,0,-1.9524516,0.09346411377191544,0.9880359172821045,0.9614884257316589
YJR006W,YER044C-A,0,-1.9551828,0.09345529973506927,0.9880359172821045,0.9615885019302368
YNL065W,YNL063W,0,-1.9572055,0.09344648569822311,0.9880359172821045,0.9616885185241699
YLR330W,YLR287C-A,0,-1.9573522,0.09343767911195755,0.9880359172821045,0.961788535118103
YLR395C,YML086C,0,-1.959127,0.09342886507511139,0.9880359172821045,0.9618885517120361
YLR362W,YHR084W,1,-1.959856,0.0935143306851387,0.9890329241752625,0.9618885517120361
YML077W,YDL015C,0,-1.9601917,0.09350551664829254,0.9890329241752625,0.9619885683059692
YLR038C,YMR302C,0,-1.9652342,0.09349670261144638,0.9890329241752625,0.9620886445045471
YLR150W,YLR164W,0,-1.965457,0.09348788857460022,0.9890329241752625,0.9621886610984802
YGR001C,YJL164C,0,-1.9720689,0.09347908198833466,0.9890329241752625,0.9622886776924133
YPL196W,YGR103W,0,-1.9721162,0.09347027540206909,0.9890329241752625,0.9623886942863464
YDR472W,YDR247W,0,-1.9746728,0.09346146881580353,0.9890329241752625,0.9624887704849243
YGR001C,YGR135W,0,-1.9775012,0.09345266222953796,0.9890329241752625,0.9625887870788574
YOR054C,YIR037W,0,-1.97921,0.0934438556432724,0.9890329241752625,0.9626888036727905
YOL026C,YER032W,0,-1.9816378,0.09343505650758743,0.9890329241752625,0.9627888202667236
YOR227W,YNR047W,0,-1.9824885,0.09342625737190247,0.9890329241752625,0.9628888368606567
YFL048C,YPR049C,0,-1.9832749,0.0934174582362175,0.9890329241752625,0.9629889130592346
YML094W,YDL200C,0,-1.9837358,0.09340866655111313,0.9890329241752625,0.9630889296531677
YGL009C,YJL005W,0,-1.9859207,0.09339986741542816,0.9890329241752625,0.9631889462471008
YNL258C,YPL013C,0,-1.9867184,0.09339107573032379,0.9890329241752625,0.9632889628410339
YIL118W,YHR085W,0,-1.9878303,0.09338228404521942,0.9890329241752625,0.9633890390396118
YGL246C,YKL206C,0,-1.9880085,0.09337349236011505,0.9890329241752625,0.9634890556335449
YDR365C,YLL026W,0,-1.9931502,0.09336470812559128,0.9890329241752625,0.963589072227478
YBR156C,YCR011C,0,-1.9932218,0.09335591644048691,0.9890329241752625,0.9636890888214111
YDR265W,YAR042W,0,-1.9941286,0.09334713220596313,0.9890329241752625,0.963789165019989
YJL124C,YLR249W,0,-1.9955535,0.09333834797143936,0.9890329241752625,0.9638891816139221
YPL240C,YML074C,0,-1.9985223,0.09332957118749619,0.9890329241752625,0.9639891982078552
YBR295W,YIL068C,0,-1.9988122,0.09332078695297241,0.9890329241752625,0.9640892148017883
YNL206C,YCL050C,0,-2.000099,0.09331201016902924,0.9890329241752625,0.9641892313957214
YGR046W,YNL199C,0,-2.0018444,0.09330323338508606,0.9890329241752625,0.9642893075942993
YMR302C,YLL048C,0,-2.002112,0.09329446405172348,0.9890329241752625,0.9643893241882324
YBL103C,YIR015W,0,-2.0072024,0.0932856872677803,0.9890329241752625,0.9644893407821655
YNL029C,YBR122C,0,-2.0090258,0.09327691793441772,0.9890329241752625,0.9645893573760986
YLR029C,YLR264W,0,-2.0103707,0.09326814860105515,0.9890329241752625,0.9646894335746765
YEL036C,YGL050W,0,-2.0124662,0.09325937926769257,0.9890329241752625,0.9647894501686096
YPR143W,YOR001W,0,-2.0177207,0.09325060993432999,0.9890329241752625,0.9648894667625427
YLR460C,YCR046C,0,-2.0220923,0.093241848051548,0.9890329241752625,0.9649894833564758
YPL224C,YOL019W,0,-2.025463,0.09323308616876602,0.9890329241752625,0.9650894999504089
YKL114C,YML005W,0,-2.0259004,0.09322432428598404,0.9890329241752625,0.9651895761489868
YDR279W,YML091C,0,-2.0260282,0.09321556240320206,0.9890329241752625,0.9652895927429199
YMR228W,YML006C,0,-2.027985,0.09320680052042007,0.9890329241752625,0.965389609336853
YDR021W,YMR192W,0,-2.029129,0.09319804608821869,0.9890329241752625,0.9654896259307861
YOR283W,YDL080C,0,-2.0339036,0.0931892916560173,0.9890329241752625,0.965589702129364
YLR188W,YHR074W,0,-2.0350273,0.09318053722381592,0.9890329241752625,0.9656897187232971
YNL061W,YDR116C,0,-2.0362418,0.09317178279161453,0.9890329241752625,0.9657897353172302
YBR238C,YFL061W,0,-2.0377614,0.09316303580999374,0.9890329241752625,0.9658897519111633
YGL119W,YBL028C,0,-2.03788,0.09315428882837296,0.9890329241752625,0.9659897685050964
YLR330W,YGL106W,0,-2.038051,0.09314554184675217,0.9890329241752625,0.9660898447036743
YPR005C,YPR113W,0,-2.0441878,0.09313679486513138,0.9890329241752625,0.9661898612976074
YGL203C,YDR342C,0,-2.0465634,0.09312804788351059,0.9890329241752625,0.9662898778915405
YGR214W,YGR184C,0,-2.0482137,0.0931193083524704,0.9890329241752625,0.9663898944854736
YDR139C,YOR119C,0,-2.051272,0.0931105688214302,0.9890329241752625,0.9664899706840515
YOR338W,YOL136C,0,-2.0597808,0.09310182929039001,0.9890329241752625,0.9665899872779846
YBL034C,YPR063C,0,-2.0626607,0.09309308975934982,0.9890329241752625,0.9666900038719177
YMR032W,YIL155C,0,-2.0721722,0.09308435767889023,0.9890329241752625,0.9667900204658508
YOR110W,YDR386W,0,-2.0739708,0.09307562559843063,0.9890329241752625,0.9668900966644287
YDR011W,YPR019W,0,-2.0743623,0.09306689351797104,0.9890329241752625,0.9669901132583618
YDL110C,YGR161C,0,-2.0776877,0.09305816143751144,0.9890329241752625,0.9670901298522949
YHR069C,YOR294W,0,-2.0789657,0.09304942935705185,0.9890329241752625,0.967190146446228
YNL322C,YDL146W,0,-2.0845659,0.09304070472717285,0.9890329241752625,0.9672901630401611
YJR068W,YDR320C,0,-2.0882144,0.09303198009729385,0.9890329241752625,0.967390239238739
YML063W,YKL181W,0,-2.091264,0.09302325546741486,0.9890329241752625,0.9674902558326721
YCR054C,YNL227C,0,-2.1031852,0.09301453083753586,0.9890329241752625,0.9675902724266052
YDR432W,YLR083C,1,-2.1117597,0.09309957176446915,0.9900299310684204,0.9675902724266052
YJL174W,YLR270W,0,-2.1153047,0.09309083968400955,0.9900299310684204,0.9676902890205383
YFR053C,YAL026C,0,-2.119359,0.09308211505413055,0.9900299310684204,0.9677903652191162
YMR130W,YMR319C,0,-2.1212735,0.09307339042425156,0.9900299310684204,0.9678903818130493
YLR367W,YHR193C,0,-2.1226509,0.09306466579437256,0.9900299310684204,0.9679903984069824
YKL056C,YKL088W,0,-2.1243353,0.09305594861507416,0.9900299310684204,0.9680904150009155
YDL223C,YMR137C,0,-2.1244473,0.09304722398519516,0.9900299310684204,0.9681904315948486
YBR105C,YLR118C,0,-2.1247036,0.09303850680589676,0.9900299310684204,0.9682905077934265
YDR175C,YLL029W,0,-2.1275566,0.09302978962659836,0.9900299310684204,0.9683905243873596
YDR432W,YAL041W,1,-2.128038,0.09311475604772568,0.9910269379615784,0.9683905243873596
YDR011W,YDR078C,0,-2.1329613,0.09310603141784668,0.9910269379615784,0.9684905409812927
YER148W,YGR194C,0,-2.1383078,0.09309731423854828,0.9910269379615784,0.9685905575752258
YOR257W,YKL135C,0,-2.1407928,0.09308859705924988,0.9910269379615784,0.9686906337738037
YDL091C,YHR181W,0,-2.1435983,0.09307987987995148,0.9910269379615784,0.9687906503677368
YLR209C,YGL251C,0,-2.145309,0.09307116270065308,0.9910269379615784,0.9688906669616699
YDL091C,YOR085W,0,-2.14563,0.09306244552135468,0.9910269379615784,0.968990683555603
YHL007C,YNL079C,1,-2.1480036,0.09314735233783722,0.9920239448547363,0.968990683555603
YNL020C,YBR213W,0,-2.1519575,0.09313863515853882,0.9920239448547363,0.9690907001495361
YOR110W,YGR208W,0,-2.1520767,0.09312991052865982,0.9920239448547363,0.969190776348114
YDR092W,YKL087C,0,-2.154671,0.09312120079994202,0.9920239448547363,0.9692907929420471
YFR038W,YER103W,0,-2.1598105,0.09311248362064362,0.9920239448547363,0.9693908095359802
YBR074W,YCR107W,0,-2.1601431,0.09310377389192581,0.9920239448547363,0.9694908261299133
YMR240C,YKR038C,0,-2.1608946,0.09309505671262741,0.9920239448547363,0.9695909023284912
YLR050C,YNL212W,0,-2.1639962,0.0930863469839096,0.9920239448547363,0.9696909189224243
YMR065W,YBL041W,0,-2.1679816,0.0930776447057724,0.9920239448547363,0.9697909355163574
YNL308C,YHR057C,0,-2.171662,0.0930689349770546,0.9920239448547363,0.9698909521102905
YOR230W,YOL108C,0,-2.1740544,0.09306023269891739,0.9920239448547363,0.9699909687042236
YPL011C,YDL100C,0,-2.1764774,0.09305153042078018,0.9920239448547363,0.9700910449028015
YCR005C,YLR191W,0,-2.1801429,0.09304282814264297,0.9920239448547363,0.9701910614967346
YDR098C,YPR166C,0,-2.1916938,0.09303412586450577,0.9920239448547363,0.9702910780906677
YNL111C,YGL222C,0,-2.1996377,0.09302543103694916,0.9920239448547363,0.9703910946846008
YDL074C,YDL148C,0,-2.2037191,0.09301673620939255,0.9920239448547363,0.9704911708831787
YHR086W,YHR051W,0,-2.2088466,0.09300804138183594,0.9920239448547363,0.9705911874771118
YPL126W,YGR223C,0,-2.2091792,0.09299934655427933,0.9920239448547363,0.9706912040710449
YDR432W,YNL079C,1,-2.2107031,0.09308411180973053,0.9930209517478943,0.9706912040710449
YPL048W,YIL053W,0,-2.2170353,0.09307541698217392,0.9930209517478943,0.970791220664978
YPR178W,YML102W,0,-2.2171307,0.09306671470403671,0.9930209517478943,0.9708912968635559
YLR105C,YNL191W,0,-2.2178586,0.0930580198764801,0.9930209517478943,0.970991313457489
YMR230W,YHR193C,0,-2.2237313,0.09304932504892349,0.9930209517478943,0.9710913300514221
YBR173C,YDR508C,0,-2.2252567,0.09304063767194748,0.9930209517478943,0.9711913466453552
YBL056W,YGR189C,0,-2.2266202,0.09303194284439087,0.9930209517478943,0.9712913632392883
YLR163C,YBR268W,0,-2.2288113,0.09302325546741486,0.9930209517478943,0.9713914394378662
YDR166C,YDL098C,0,-2.229541,0.09301456809043884,0.9930209517478943,0.9714914560317993
YLL067C,YJR065C,0,-2.2305179,0.09300588071346283,0.9930209517478943,0.9715914726257324
YBR087W,YML096W,0,-2.2332006,0.09299720078706741,0.9930209517478943,0.9716914892196655
YOR269W,YDL160C,0,-2.2337003,0.0929885134100914,0.9930209517478943,0.9717915654182434
YMR169C,YER167W,0,-2.2347755,0.09297983348369598,0.9930209517478943,0.9718915820121765
YHL028W,YMR256C,0,-2.234919,0.09297115355730057,0.9930209517478943,0.9719915986061096
YDR196C,YGR005C,0,-2.2382655,0.09296248108148575,0.9930209517478943,0.9720916152000427
YLR403W,YML120C,0,-2.2398887,0.09295380115509033,0.9930209517478943,0.9721916317939758
YGR005C,YGL104C,0,-2.2399795,0.09294512867927551,0.9930209517478943,0.9722917079925537
YOR349W,YOR157C,0,-2.2468834,0.0929364562034607,0.9930209517478943,0.9723917245864868
YGL009C,YPL098C,0,-2.247691,0.09292778372764587,0.9930209517478943,0.9724917411804199
YNL138W,YMR238W,1,-2.2514596,0.09301240742206573,0.9940179586410522,0.9724917411804199
YBR279W,YKL196C,0,-2.2567382,0.09300373494625092,0.9940179586410522,0.972591757774353
YDL217C,YPL130W,0,-2.2646737,0.0929950550198555,0.9940179586410522,0.9726918339729309
YLL029W,YGL071W,0,-2.2657275,0.09298638254404068,0.9940179586410522,0.972791850566864
YGR103W,YER046W,0,-2.2663596,0.09297771006822586,0.9940179586410522,0.9728918671607971
YNL092W,YKL006W,0,-2.266987,0.09296904504299164,0.9940179586410522,0.9729918837547302
YML115C,YKL041W,0,-2.2688255,0.09296037256717682,0.9940179586410522,0.9730919003486633
YDR075W,YNL274C,0,-2.2790132,0.0929517075419426,0.9940179586410522,0.9731919765472412
YER142C,YER040W,0,-2.2830293,0.09294304251670837,0.9940179586410522,0.9732919931411743
YGR095C,YDR330W,0,-2.300994,0.09293437749147415,0.9940179586410522,0.9733920097351074
YNL294C,YGL141W,0,-2.3076208,0.09292571246623993,0.9940179586410522,0.9734920263290405
YBR247C,YMR080C,0,-2.3092277,0.0929170548915863,0.9940179586410522,0.9735921025276184
YLL026W,YLR433C,0,-2.3096457,0.09290839731693268,0.9940179586410522,0.9736921191215515
YGL244W,YER103W,0,-2.3129656,0.09289973974227905,0.9940179586410522,0.9737921357154846
YDR173C,YPL153C,0,-2.3146024,0.09289108216762543,0.9940179586410522,0.9738921523094177
YDR263C,YLR438C-A,0,-2.3158898,0.0928824320435524,0.9940179586410522,0.9739921689033508
YGL244W,YDR300C,0,-2.3254738,0.09287377446889877,0.9940179586410522,0.9740922451019287
YEL036C,YLL004W,0,-2.329555,0.09286512434482574,0.9940179586410522,0.9741922616958618
YKL005C,YBR231C,0,-2.33192,0.09285647422075272,0.9940179586410522,0.9742922782897949
YBR238C,YGR029W,0,-2.3365858,0.09284783154726028,0.9940179586410522,0.974392294883728
YML115C,YMR217W,0,-2.3394475,0.09283918142318726,0.9940179586410522,0.9744923710823059
YDR079W,YDL008W,0,-2.3402405,0.09283053874969482,0.9940179586410522,0.974592387676239
YBR254C,YDR056C,0,-2.343302,0.09282189607620239,0.9940179586410522,0.9746924042701721
YNL283C,YGR142W,0,-2.35073,0.09281325340270996,0.9940179586410522,0.9747924208641052
YBR034C,YDR096W,0,-2.351634,0.09280461817979813,0.9940179586410522,0.9748924970626831
YDL190C,YPL090C,0,-2.353366,0.0927959755063057,0.9940179586410522,0.9749925136566162
YOL104C,YBR273C,0,-2.3556938,0.09278734028339386,0.9940179586410522,0.9750925302505493
YMR319C,YGR246C,0,-2.3558822,0.09277870506048203,0.9940179586410522,0.9751925468444824
YHR010W,YNL055C,0,-2.3602076,0.09277007728815079,0.9940179586410522,0.9752925634384155
YLR187W,YKL017C,0,-2.3621273,0.09276144206523895,0.9940179586410522,0.9753926396369934
YKR035W-A,YJL034W,0,-2.3643475,0.09275281429290771,0.9940179586410522,0.9754926562309265
YGL076C,YBR031W,0,-2.3655815,0.09274418652057648,0.9940179586410522,0.9755926728248596
YOL005C,YOL126C,0,-2.3730688,0.09273555874824524,0.9940179586410522,0.9756926894187927
YPL177C,YNR028W,0,-2.374557,0.092726930975914,0.9940179586410522,0.9757927656173706
YJL019W,YKL192C,0,-2.3760269,0.09271831065416336,0.9940179586410522,0.9758927822113037
YDR434W,YNL055C,0,-2.3765054,0.09270969033241272,0.9940179586410522,0.9759927988052368
YER056C,YMR022W,0,-2.3804908,0.09270107001066208,0.9940179586410522,0.9760928153991699
YJL149W,YBR291C,0,-2.3807278,0.09269244968891144,0.9940179586410522,0.976192831993103
YKL040C,YMR081C,0,-2.3847363,0.0926838368177414,0.9940179586410522,0.9762929081916809
YKR061W,YLR381W,0,-2.3862252,0.09267521649599075,0.9940179586410522,0.976392924785614
YPR006C,YDR372C,0,-2.387823,0.09266660362482071,0.9940179586410522,0.9764929413795471
YDR075W,YDR108W,0,-2.3882205,0.09265799075365067,0.9940179586410522,0.9765929579734802
YER099C,YBL085W,0,-2.3897274,0.09264938533306122,0.9940179586410522,0.9766930341720581
YAL025C,YBR153W,0,-2.3898623,0.09264077246189117,0.9940179586410522,0.9767930507659912
YKL048C,YHL025W,0,-2.3971715,0.09263216704130173,0.9940179586410522,0.9768930673599243
YIL155C,YKL082C,0,-2.3986483,0.09262356162071228,0.9940179586410522,0.9769930839538574
YFR001W,YKL170W,0,-2.3992083,0.09261495620012283,0.9940179586410522,0.9770931005477905
YDR289C,YIL079C,0,-2.4013395,0.09260635077953339,0.9940179586410522,0.9771931767463684
YAL038W,YPR191W,0,-2.4016848,0.09259775280952454,0.9940179586410522,0.9772931933403015
YOL064C,YJL005W,0,-2.411993,0.09258915483951569,0.9940179586410522,0.9773932099342346
YPL075W,YPL156C,0,-2.4120593,0.09258055686950684,0.9940179586410522,0.9774932265281677
YGR223C,YBR169C,0,-2.414381,0.09257195889949799,0.9940179586410522,0.9775933027267456
YDR517W,YBR058C,0,-2.4249792,0.09256336092948914,0.9940179586410522,0.9776933193206787
YDL243C,YLR433C,0,-2.4348662,0.09255477041006088,0.9940179586410522,0.9777933359146118
YBL103C,YOR059C,0,-2.438323,0.09254617989063263,0.9940179586410522,0.9778933525085449
YGR241C,YLR109W,0,-2.4460902,0.09253758937120438,0.9940179586410522,0.977993369102478
YOL152W,YJR078W,0,-2.446708,0.09252899885177612,0.9940179586410522,0.9780934453010559
YGR279C,YKL007W,0,-2.4489293,0.09252041578292847,0.9940179586410522,0.978193461894989
YDR022C,YPL177C,0,-2.449388,0.09251183271408081,0.9940179586410522,0.9782934784889221
YGL128C,YKL173W,0,-2.4544,0.09250324964523315,0.9940179586410522,0.9783934950828552
YDR381W,YPL098C,0,-2.456571,0.0924946665763855,0.9940179586410522,0.9784935712814331
YJR058C,YNL038W,0,-2.4570694,0.09248608350753784,0.9940179586410522,0.9785935878753662
YER142C,YLR380W,0,-2.4589314,0.09247750788927078,0.9940179586410522,0.9786936044692993
YIL007C,YOR020C,0,-2.4706602,0.09246893227100372,0.9940179586410522,0.9787936210632324
YIL035C,YKL143W,0,-2.4735587,0.09246035665273666,0.9940179586410522,0.9788936972618103
YCL035C,YDL138W,0,-2.4735718,0.0924517810344696,0.9940179586410522,0.9789937138557434
YER022W,YPR073C,0,-2.4782252,0.09244320541620255,0.9940179586410522,0.9790937304496765
YMR143W,YBR121C,0,-2.4798164,0.09243463724851608,0.9940179586410522,0.9791937470436096
YNL259C,YKR008W,0,-2.4799418,0.09242606908082962,0.9940179586410522,0.9792937636375427
YHR169W,YLL011W,0,-2.48738,0.09241750091314316,0.9940179586410522,0.9793938398361206
YCR031C,YKR057W,0,-2.4914227,0.0924089327454567,0.9940179586410522,0.9794938564300537
YNL128W,YHR067W,0,-2.4914663,0.09240037202835083,0.9940179586410522,0.9795938730239868
YPR028W,YDL084W,0,-2.4928179,0.09239181131124496,0.9940179586410522,0.9796938896179199
YBL008W,YGL058W,0,-2.4936588,0.0923832431435585,0.9940179586410522,0.9797939658164978
YLR450W,YML086C,0,-2.4950461,0.09237468987703323,0.9940179586410522,0.9798939824104309
YDR379W,YDR043C,1,-2.4960434,0.09245876967906952,0.9950149655342102,0.9798939824104309
YOR044W,YOR227W,0,-2.4977906,0.09245020896196365,0.9950149655342102,0.979993999004364
YFR034C,YNL297C,0,-2.498133,0.09244164824485779,0.9950149655342102,0.9800940155982971
YDL024C,YEL005C,0,-2.5039456,0.09243308007717133,0.9950149655342102,0.9801940321922302
YNR022C,YGR076C,0,-2.5081763,0.09242451936006546,0.9950149655342102,0.9802941083908081
YER014W,YEL056W,0,-2.5087602,0.09241596609354019,0.9950149655342102,0.9803941249847412
YKL183W,YML060W,0,-2.5088134,0.09240740537643433,0.9950149655342102,0.9804941415786743
YDR079W,YFL047W,0,-2.5102372,0.09239885210990906,0.9950149655342102,0.9805941581726074
YNL306W,YLR451W,0,-2.5219412,0.09239029884338379,0.9950149655342102,0.9806942343711853
YNL258C,YDR478W,0,-2.5224414,0.09238174557685852,0.9950149655342102,0.9807942509651184
YER165W,YHR020W,0,-2.5228558,0.09237319231033325,0.9950149655342102,0.9808942675590515
YDR345C,YLR207W,0,-2.525332,0.09236464649438858,0.9950149655342102,0.9809942841529846
YKL144C,YFR007W,0,-2.5367205,0.09235610067844391,0.9950149655342102,0.9810943007469177
YLR107W,YLR015W,0,-2.5392241,0.09234755486249924,0.9950149655342102,0.9811943769454956
YNL192W,YOR311C,0,-2.546317,0.09233900904655457,0.9950149655342102,0.9812943935394287
YHR067W,YJL044C,0,-2.547335,0.0923304632306099,0.9950149655342102,0.9813944101333618
YNL127W,YJR078W,0,-2.5519848,0.09232192486524582,0.9950149655342102,0.9814944267272949
YNL176C,YOL020W,0,-2.555881,0.09231338649988174,0.9950149655342102,0.9815945029258728
YNL092W,YLR367W,0,-2.5559278,0.09230484813451767,0.9950149655342102,0.9816945195198059
YKL174C,YDL054C,0,-2.5644422,0.0922963097691536,0.9950149655342102,0.981794536113739
YBL093C,YBR279W,0,-2.576326,0.09228777140378952,0.9950149655342102,0.9818945527076721
YOL061W,YGR142W,0,-2.5769877,0.09227924048900604,0.9950149655342102,0.9819945693016052
YJL198W,YLR045C,0,-2.5781374,0.09227070957422256,0.9950149655342102,0.9820946455001831
YNR017W,YDL033C,0,-2.5815098,0.09226217865943909,0.9950149655342102,0.9821946620941162
YDL102W,YOL123W,0,-2.5831158,0.09225364774465561,0.9950149655342102,0.9822946786880493
YML015C,YJR059W,0,-2.5872145,0.09224512428045273,0.9950149655342102,0.9823946952819824
YBL093C,YDR368W,0,-2.5880446,0.09223660081624985,0.9950149655342102,0.9824947714805603
YOL071W,YDR529C,0,-2.5899942,0.09222807735204697,0.9950149655342102,0.9825947880744934
YLR324W,YBR261C,0,-2.5906348,0.09221955388784409,0.9950149655342102,0.9826948046684265
YDL124W,YBR188C,0,-2.5954425,0.0922110304236412,0.9950149655342102,0.9827948212623596
YPL017C,YDR019C,0,-2.5974984,0.09220251441001892,0.9950149655342102,0.9828948974609375
YEL036C,YML049C,0,-2.6015415,0.09219399839639664,0.9950149655342102,0.9829949140548706
YGR145W,YMR304W,0,-2.6017659,0.09218548238277435,0.9950149655342102,0.9830949306488037
YDL099W,YOR349W,0,-2.6042216,0.09217696636915207,0.9950149655342102,0.9831949472427368
YOR201C,YLR251W,0,-2.6078846,0.09216845035552979,0.9950149655342102,0.9832949638366699
YHR111W,YBR083W,1,-2.6111143,0.09225228428840637,0.9960119724273682,0.9832949638366699
YNR010W,YLR306W,0,-2.6140785,0.09224376827478409,0.9960119724273682,0.9833950400352478
YGR264C,YDR091C,0,-2.6168199,0.0922352522611618,0.9960119724273682,0.9834950566291809
YKL048C,YIL070C,0,-2.6226258,0.09222673624753952,0.9960119724273682,0.983595073223114
YPR041W,YDR453C,0,-2.6348763,0.09221822023391724,0.9960119724273682,0.9836950898170471
YBR276C,YNL081C,0,-2.6397028,0.09220971167087555,0.9960119724273682,0.983795166015625
YOR126C,YPR071W,0,-2.64215,0.09220120310783386,0.9960119724273682,0.9838951826095581
YGL142C,YPL089C,0,-2.6433902,0.09219269454479218,0.9960119724273682,0.9839951992034912
YJL194W,YFL014W,0,-2.6534066,0.09218418598175049,0.9960119724273682,0.9840952157974243
YOL105C,YDR069C,0,-2.6574144,0.0921756774187088,0.9960119724273682,0.9841952323913574
YJL190C,YGL105W,0,-2.660437,0.09216717630624771,0.9960119724273682,0.9842953085899353
YPR041W,YAL025C,0,-2.6616235,0.09215867519378662,0.9960119724273682,0.9843953251838684
YCR047C,YBR231C,0,-2.6676755,0.09215017408132553,0.9960119724273682,0.9844953417778015
YER082C,YNL123W,0,-2.6714911,0.09214167296886444,0.9960119724273682,0.9845953583717346
YGL113W,YHR036W,0,-2.681343,0.09213317185640335,0.9960119724273682,0.9846954345703125
YPL174C,YHR086W,0,-2.681469,0.09212467819452286,0.9960119724273682,0.9847954511642456
YLR103C,YHR120W,0,-2.6827114,0.09211618453264236,0.9960119724273682,0.9848954677581787
YOR265W,YBL060W,0,-2.685028,0.09210769087076187,0.9960119724273682,0.9849954843521118
YIR036C,YGR245C,0,-2.6880052,0.09209919720888138,0.9960119724273682,0.9850955009460449
YCL035C,YPR167C,0,-2.6956046,0.09209071099758148,0.9960119724273682,0.9851955771446228
YOR156C,YGR076C,0,-2.699136,0.09208221733570099,0.9960119724273682,0.9852955937385559
YNL096C,YOR091W,0,-2.7027228,0.09207373112440109,0.9960119724273682,0.985395610332489
YKR002W,YBR170C,0,-2.7028608,0.0920652449131012,0.9960119724273682,0.9854956269264221
YMR025W,YPL171C,0,-2.706782,0.0920567661523819,0.9960119724273682,0.985595703125
YJR102C,YOL136C,0,-2.710741,0.092048279941082,0.9960119724273682,0.9856957197189331
YGL073W,YGR058W,0,-2.7124252,0.0920398011803627,0.9960119724273682,0.9857957363128662
YIL022W,YBR003W,0,-2.7138972,0.0920313224196434,0.9960119724273682,0.9858957529067993
YDL243C,YDR364C,0,-2.7182965,0.0920228436589241,0.9960119724273682,0.9859957695007324
YMR282C,YNR047W,0,-2.7203052,0.0920143648982048,0.9960119724273682,0.9860958456993103
YIL090W,YKL024C,0,-2.723913,0.0920058935880661,0.9960119724273682,0.9861958622932434
YGR083C,YJR063W,0,-2.7317896,0.0919974222779274,0.9960119724273682,0.9862958788871765
YOR065W,YGR076C,0,-2.7338028,0.0919889509677887,0.9960119724273682,0.9863958954811096
YDR495C,YCR046C,0,-2.734858,0.09198047965765,0.9960119724273682,0.9864959716796875
YCR086W,YOR156C,0,-2.7379937,0.09197201579809189,0.9960119724273682,0.9865959882736206
YBL061C,YNL283C,0,-2.7385159,0.09196354448795319,0.9960119724273682,0.9866960048675537
YOR265W,YMR286W,0,-2.7391274,0.09195508062839508,0.9960119724273682,0.9867960214614868
YGR218W,YER127W,0,-2.7406106,0.09194661676883698,0.9960119724273682,0.9868960976600647
YBR289W,YER025W,0,-2.7417223,0.09193815290927887,0.9960119724273682,0.9869961142539978
YER099C,YPR047W,0,-2.755484,0.09192969650030136,0.9960119724273682,0.9870961308479309
YPR138C,YDR019C,0,-2.760787,0.09192124009132385,0.9960119724273682,0.987196147441864
YCR081W,YDR100W,0,-2.7618861,0.09191277623176575,0.9960119724273682,0.9872961640357971
YBR005W,YDR397C,0,-2.7625072,0.09190432727336884,0.9960119724273682,0.987396240234375
YEL032W,YOR266W,0,-2.7627974,0.09189587086439133,0.9960119724273682,0.9874962568283081
YPR190C,YLR395C,0,-2.7724285,0.09188741445541382,0.9960119724273682,0.9875962734222412
YFR024C-A,YLR447C,0,-2.7757192,0.0918789654970169,0.9960119724273682,0.9876962900161743
YGL062W,YDR226W,0,-2.7766557,0.09187051653862,0.9960119724273682,0.9877963662147522
YGR285C,YOR027W,0,-2.782778,0.09186206758022308,0.9960119724273682,0.9878963828086853
YNL267W,YOR069W,0,-2.784956,0.09185362607240677,0.9960119724273682,0.9879963994026184
YDL017W,YLL062C,0,-2.7864556,0.09184517711400986,0.9960119724273682,0.9880964159965515
YNR017W,YKL114C,0,-2.7868798,0.09183673560619354,0.9960119724273682,0.9881964325904846
YDL099W,YBR048W,0,-2.7917593,0.09182829409837723,0.9960119724273682,0.9882965087890625
YPR160W,YDL189W,0,-2.7991257,0.09181985259056091,0.9960119724273682,0.9883965253829956
YML015C,YGL071W,0,-2.8010795,0.0918114110827446,0.9960119724273682,0.9884965419769287
YFR024C-A,YMR296C,0,-2.8084662,0.09180297702550888,0.9960119724273682,0.9885965585708618
YER165W,YPL226W,0,-2.8097992,0.09179454296827316,0.9960119724273682,0.9886966347694397
YDR273W,YJL173C,0,-2.8140743,0.09178610891103745,0.9960119724273682,0.9887966513633728
YGR144W,YDL175C,0,-2.8205793,0.09177767485380173,0.9960119724273682,0.9888966679573059
YGL003C,YCR014C,0,-2.8234186,0.0917692482471466,0.9960119724273682,0.988996684551239
YGR225W,YHL024W,0,-2.8354363,0.09176081418991089,0.9960119724273682,0.9890967011451721
YER173W,YMR110C,0,-2.8372095,0.09175238758325577,0.9960119724273682,0.98919677734375
YGL078C,YHR008C,0,-2.8700714,0.09174396097660065,0.9960119724273682,0.9892967939376831
YPR054W,YPL226W,0,-2.8717284,0.09173553436994553,0.9960119724273682,0.9893968105316162
YNR017W,YDL069C,0,-2.8750904,0.091727115213871,0.9960119724273682,0.9894968271255493
YDR377W,YDR276C,0,-2.8801339,0.09171869605779648,0.9960119724273682,0.9895969033241272
YGR216C,YJR031C,0,-2.8848867,0.09171026945114136,0.9960119724273682,0.9896969199180603
YGR005C,YPR162C,0,-2.8978682,0.09170185774564743,0.9960119724273682,0.9897969365119934
YBL060W,YKL145W,0,-2.898666,0.0916934385895729,0.9960119724273682,0.9898969531059265
YNL233W,YPL177C,0,-2.907069,0.09168501943349838,0.9960119724273682,0.9899969696998596
YOR181W,YAL026C,0,-2.9087539,0.09167660772800446,0.9960119724273682,0.9900970458984375
YOR358W,YPL193W,0,-2.9230678,0.09166819602251053,0.9960119724273682,0.9901970624923706
YBR142W,YDL190C,0,-2.9254332,0.0916597843170166,0.9960119724273682,0.9902970790863037
YLR403W,YFL014W,0,-2.9375072,0.09165137261152267,0.9960119724273682,0.9903970956802368
YOL133W,YER040W,0,-2.9624686,0.09164296835660934,0.9960119724273682,0.9904971718788147
YOR054C,YKL082C,0,-2.9627647,0.09163456410169601,0.9960119724273682,0.9905971884727478
YBR261C,YBL106C,0,-2.9697886,0.09162615984678268,0.9960119724273682,0.9906972050666809
YKL181W,YNL112W,0,-2.9846253,0.09161775559186935,0.9960119724273682,0.990797221660614
YDL006W,YBR114W,0,-2.9889374,0.09160935133695602,0.9960119724273682,0.9908972978591919
YPL151C,YKL181W,0,-2.9970784,0.09160095453262329,0.9960119724273682,0.990997314453125
YCR005C,YLR390W-A,0,-3.009483,0.09159255772829056,0.9960119724273682,0.9910973310470581
YIR036C,YMR313C,0,-3.0152776,0.09158416092395782,0.9960119724273682,0.9911973476409912
YMR230W,YGL030W,0,-3.019407,0.09157576411962509,0.9960119724273682,0.9912973642349243
YPR125W,YOL109W,0,-3.0196834,0.09156736731529236,0.9960119724273682,0.9913974404335022
YBR046C,YHR158C,0,-3.0261312,0.09155897796154022,0.9960119724273682,0.9914974570274353
YOR043W,YMR017W,0,-3.0350833,0.09155058860778809,0.9960119724273682,0.9915974736213684
YKL014C,YOR020C,0,-3.0392241,0.09154219925403595,0.9960119724273682,0.9916974902153015
YJL174W,YDL045C,0,-3.0397613,0.09153380990028381,0.9960119724273682,0.9917975664138794
YKL203C,YGR030C,0,-3.0596395,0.09152542054653168,0.9960119724273682,0.9918975830078125
YHR167W,YOR120W,0,-3.0903766,0.09151703864336014,0.9960119724273682,0.9919975996017456
YMR146C,YGL123W,0,-3.0923815,0.0915086567401886,0.9960119724273682,0.9920976161956787
YBR091C,YLR068W,0,-3.093279,0.09150027483701706,0.9960119724273682,0.9921976327896118
YDR121W,YHR057C,0,-3.0979106,0.09149189293384552,0.9960119724273682,0.9922977089881897
YGR095C,YOR132W,0,-3.10175,0.09148351848125458,0.9960119724273682,0.9923977255821228
YCR047C,YOR020C,0,-3.1052175,0.09147513657808304,0.9960119724273682,0.9924977421760559
YGR245C,YPL146C,0,-3.1140065,0.0914667621254921,0.9960119724273682,0.992597758769989
YJL155C,YDR069C,0,-3.1179504,0.09145838767290115,0.9960119724273682,0.9926978349685669
YAL058W,YOL072W,0,-3.1214993,0.09145002067089081,0.9960119724273682,0.9927978515625
YKR053C,YAR018C,0,-3.1253715,0.09144164621829987,0.9960119724273682,0.9928978681564331
YLR107W,YIL143C,0,-3.1281824,0.09143327921628952,0.9960119724273682,0.9929978847503662
YNL153C,YJL024C,0,-3.1402264,0.09142491221427917,0.9960119724273682,0.9930979013442993
YNL133C,YOR113W,0,-3.140414,0.09141654521226883,0.9960119724273682,0.9931979775428772
YGR223C,YKL138C,0,-3.158967,0.09140817821025848,0.9960119724273682,0.9932979941368103
YER143W,YJL148W,0,-3.1743534,0.09139981865882874,0.9960119724273682,0.9933980107307434
YPR098C,YDR077W,0,-3.2002878,0.09139145910739899,0.9960119724273682,0.9934980273246765
YMR159C,YMR208W,0,-3.2328787,0.09138309210538864,0.9960119724273682,0.9935981035232544
YNL322C,YGR080W,0,-3.2346718,0.09137474000453949,0.9960119724273682,0.9936981201171875
YKL033W,YMR198W,0,-3.2764256,0.09136638045310974,0.9960119724273682,0.9937981367111206
YGL025C,YPL262W,0,-3.2855287,0.09135802835226059,0.9960119724273682,0.9938981533050537
YNL180C,YGL141W,0,-3.2936966,0.09134966880083084,0.9960119724273682,0.9939981698989868
YMR312W,YDR517W,0,-3.3101285,0.09134131669998169,0.9960119724273682,0.9940982460975647
YJL136C,YDR515W,0,-3.326319,0.09133296459913254,0.9960119724273682,0.9941982626914978
YIL049W,YMR164C,1,-3.3470333,0.09141603112220764,0.9970089793205261,0.9941982626914978
YDR043C,YBR083W,1,-3.3542407,0.09149908274412155,0.9980059862136841,0.9941982626914978
YHR170W,YER126C,0,-3.357047,0.0914907231926918,0.9980059862136841,0.9942982792854309
YPL120W,YHR070W,0,-3.3712835,0.09148236364126205,0.9980059862136841,0.994398295879364
YBR188C,YER014W,0,-3.3789275,0.0914740040898323,0.9980059862136841,0.9944983720779419
YPL017C,YBR105C,0,-3.403933,0.09146564453840256,0.9980059862136841,0.994598388671875
YGR174C,YDR298C,0,-3.413835,0.09145728498697281,0.9980059862136841,0.9946984052658081
YPR143W,YAL021C,0,-3.4199786,0.09144893288612366,0.9980059862136841,0.9947984218597412
YLR312W-A,YJL180C,0,-3.4373593,0.0914405807852745,0.9980059862136841,0.9948984980583191
YIL154C,YNL149C,0,-3.4409623,0.09143222868442535,0.9980059862136841,0.9949985146522522
YBR170C,YER151C,0,-3.495643,0.0914238765835762,0.9980059862136841,0.9950985312461853
YOR004W,YNL281W,0,-3.5005548,0.09141552448272705,0.9980059862136841,0.9951985478401184
YDR461W,YBL035C,0,-3.521648,0.0914071798324585,0.9980059862136841,0.9952985644340515
YAR042W,YGR112W,0,-3.5303202,0.09139882773160934,0.9980059862136841,0.9953986406326294
YDR259C,YJR021C,0,-3.5339851,0.09139048308134079,0.9980059862136841,0.9954986572265625
YHR008C,YER129W,0,-3.5647492,0.09138214588165283,0.9980059862136841,0.9955986738204956
YJL190C,YFR031C-A,0,-3.5814042,0.09137380123138428,0.9980059862136841,0.9956986904144287
YJR042W,YGR032W,0,-3.5820045,0.09136546403169632,0.9980059862136841,0.9957987666130066
YGR085C,YJR070C,0,-3.624033,0.09135712683200836,0.9980059862136841,0.9958987832069397
YDR011W,YHR061C,0,-3.6284463,0.0913487896323204,0.9980059862136841,0.9959987998008728
YFL044C,YGR245C,0,-3.6576195,0.09134045243263245,0.9980059862136841,0.9960988163948059
YLR277C,YHR081W,0,-3.6650965,0.09133211523294449,0.9980059862136841,0.996198832988739
YDL110C,YPL122C,0,-3.6783934,0.09132378548383713,0.9980059862136841,0.9962989091873169
YNL317W,YDL217C,0,-3.684592,0.09131545573472977,0.9980059862136841,0.99639892578125
YCR057C,YOR383C,0,-3.7540743,0.0913071259856224,0.9980059862136841,0.9964989423751831
YJR132W,YPR154W,0,-3.7592566,0.09129879623651505,0.9980059862136841,0.9965989589691162
YDR004W,YDR398W,0,-3.7670102,0.09129046648740768,0.9980059862136841,0.9966990351676941
YKL001C,YBR074W,0,-3.8006544,0.09128214418888092,0.9980059862136841,0.9967990517616272
YAL053W,YLR170C,0,-3.8064435,0.09127382189035416,0.9980059862136841,0.9968990683555603
YLR074C,YGR223C,0,-3.839273,0.09126549959182739,0.9980059862136841,0.9969990849494934
YMR192W,YPR120C,0,-3.8507643,0.09125717729330063,0.9980059862136841,0.9970991015434265
YOR060C,YPR067W,0,-3.8688352,0.09124886244535446,0.9980059862136841,0.9971991777420044
YBR170C,YJL006C,0,-3.8740501,0.0912405401468277,0.9980059862136841,0.9972991943359375
YOL149W,YJL140W,0,-3.8935366,0.09123222529888153,0.9980059862136841,0.9973992109298706
YMR158W,YNL081C,0,-3.8995106,0.09122391045093536,0.9980059862136841,0.9974992275238037
YLR017W,YDR527W,0,-3.9718268,0.0912156030535698,0.9980059862136841,0.9975993037223816
YLR380W,YCR011C,0,-3.994584,0.09120728820562363,0.9980059862136841,0.9976993203163147
YER177W,YBR083W,1,-4.098482,0.09129008650779724,0.999002993106842,0.9976993203163147
YJL153C,YKL198C,0,-4.1028757,0.09128177165985107,0.999002993106842,0.9977993369102478
YPL089C,YGR080W,0,-4.189986,0.09127345681190491,0.999002993106842,0.9978993535041809
YOR011W,YHR096C,0,-4.2062764,0.09126514196395874,0.999002993106842,0.997999370098114
YGR295C,YER100W,0,-4.220943,0.09125682711601257,0.999002993106842,0.9980994462966919
YIL036W,YGL058W,0,-4.2593393,0.091248519718647,0.999002993106842,0.998199462890625
YDR379W,YBR083W,1,-4.270948,0.09133126586675644,1.0,0.998199462890625
YGL128C,YOR091W,0,-4.28376,0.09132295101881027,1.0,0.9982994794845581
YNL070W,YOR045W,0,-4.3149557,0.0913146361708641,1.0,0.9983994960784912
YBR207W,YER014W,0,-4.412359,0.09130632877349854,1.0,0.9984995722770691
YJL155C,YGL142C,0,-4.423377,0.09129801392555237,1.0,0.9985995888710022
YGL128C,YMR177W,0,-4.4320135,0.0912897065281868,1.0,0.9986996054649353
YLR219W,YEL039C,0,-4.4346156,0.09128139913082123,1.0,0.9987996220588684
YPL220W,YDR486C,0,-4.4837046,0.09127309173345566,1.0,0.9988996982574463
YKR066C,YDR397C,0,-4.497442,0.09126478433609009,1.0,0.9989997148513794
YML100W,YER110C,0,-4.521718,0.09125648438930511,1.0,0.9990997314453125
YNR020C,YJL180C,0,-4.5535808,0.09124817699193954,1.0,0.9991997480392456
YGL198W,YAL019W,0,-4.5576205,0.09123987704515457,1.0,0.9992997646331787
YDR511W,YJL208C,0,-4.588376,0.0912315845489502,1.0,0.9993998408317566
YNL023C,YPR154W,0,-4.6016383,0.09122328460216522,1.0,0.9994998574256897
YJL102W,YKL043W,0,-4.871154,0.09121498465538025,1.0,0.9995998740196228
YOR382W,YGL078C,0,-5.0652666,0.09120669215917587,1.0,0.9996998906135559
YJR033C,YDL189W,0,-5.258999,0.0911983996629715,1.0,0.9997999668121338
YFL044C,YLR266C,0,-6.651924,0.09119010716676712,1.0,0.9998999834060669
YCL054W,YDR231C,0,-7.0005994,0.09118181467056274,1.0,1.0
