Gene A,Gene B,Label,Score,Precision,Recall,False Positive Rate
YPL081W,YIL133C,0,1.242306,0.0,0.0,9.999999747378752e-05
YDR382W,YOL039W,1,0.90849763,0.5,0.0010000000474974513,9.999999747378752e-05
YDR385W,YLR150W,1,0.6741705,0.6666666865348816,0.0020000000949949026,9.999999747378752e-05
YKL191W,YEL034W,1,0.6133073,0.75,0.003000000026077032,9.999999747378752e-05
YER117W,YNL069C,0,0.6130356,0.6000000238418579,0.003000000026077032,0.00019999999494757503
YBR189W,YKL156W,0,0.54566324,0.5,0.003000000026077032,0.0003000000142492354
YDL130W,YLR172C,1,0.5274723,0.5714285969734192,0.004000000189989805,0.0003000000142492354
YDR382W,YML014W,1,0.49858403,0.625,0.004999999888241291,0.0003000000142492354
YDR047W,YLR029C,0,0.48785204,0.5555555820465088,0.004999999888241291,0.00039999998989515007
YGR285C,YAL003W,1,0.48018783,0.6000000238418579,0.006000000052154064,0.00039999998989515007
YLL045C,YOR004W,0,0.44019198,0.5454545617103577,0.006000000052154064,0.0005000000237487257
YER102W,YPL043W,0,0.43289512,0.5,0.006000000052154064,0.0006000000284984708
YOL039W,YKL081W,1,0.4175766,0.5384615659713745,0.007000000216066837,0.0006000000284984708
YML078W,YGR214W,0,0.41570133,0.5,0.007000000216066837,0.000699999975040555
YEL034W,YML014W,1,0.39968842,0.5333333611488342,0.00800000037997961,0.000699999975040555
YDR382W,YKL081W,1,0.37140745,0.5625,0.008999999612569809,0.000699999975040555
YAL003W,YDL081C,1,0.36488676,0.5882353186607361,0.009999999776482582,0.000699999975040555
YAL003W,YDR385W,1,0.36004305,0.6111111044883728,0.010999999940395355,0.000699999975040555
YJR123W,YDL061C,0,0.3449989,0.5789473652839661,0.010999999940395355,0.0007999999797903001
YKL191W,YAL003W,1,0.34011167,0.6000000238418579,0.012000000104308128,0.0007999999797903001
YDR382W,YJR097W,1,0.33532625,0.6190476417541504,0.013000000268220901,0.0007999999797903001
YDR385W,YDL081C,1,0.33402056,0.6363636255264282,0.014000000432133675,0.0007999999797903001
YOL039W,YDL130W,1,0.33185643,0.6521739363670349,0.014999999664723873,0.0007999999797903001
YDL130W,YDR385W,1,0.3091424,0.6666666865348816,0.01600000075995922,0.0007999999797903001
YKL191W,YLR150W,1,0.27922988,0.6800000071525574,0.017000000923871994,0.0007999999797903001
YAL003W,YMR024W,1,0.26573235,0.692307710647583,0.017999999225139618,0.0007999999797903001
YAL003W,YOL039W,1,0.26356035,0.7037037014961243,0.01899999938905239,0.0007999999797903001
YOL039W,YDL081C,1,0.26234746,0.7142857313156128,0.019999999552965164,0.0007999999797903001
YDL081C,YLR172C,1,0.25203913,0.7241379022598267,0.020999999716877937,0.0007999999797903001
YLR060W,YHL001W,0,0.25033236,0.699999988079071,0.020999999716877937,0.0008999999845400453
YAL003W,YDL130W,1,0.2457024,0.7096773982048035,0.02199999988079071,0.0008999999845400453
YDR382W,YGR285C,1,0.23851855,0.71875,0.023000000044703484,0.0008999999845400453
YGR285C,YDL081C,1,0.23611371,0.7272727489471436,0.024000000208616257,0.0008999999845400453
YML073C,YLR268W,0,0.23555408,0.7058823704719543,0.024000000208616257,0.0010000000474974513
YDL081C,YBR118W,1,0.21647878,0.7142857313156128,0.02500000037252903,0.0010000000474974513
YER025W,YDR023W,0,0.19572867,0.6944444179534912,0.02500000037252903,0.0010999999940395355
YGR285C,YDR385W,1,0.17911275,0.7027027010917664,0.026000000536441803,0.0010999999940395355
YBL072C,YDL201W,0,0.17687304,0.6842105388641357,0.026000000536441803,0.0012000000569969416
YER127W,YHR021C,0,0.16990496,0.6666666865348816,0.026000000536441803,0.0013000000035390258
YOR133W,YJR097W,1,0.16890766,0.675000011920929,0.027000000700354576,0.0013000000035390258
YGR285C,YOL039W,1,0.16700937,0.6829268336296082,0.02800000086426735,0.0013000000035390258
YDL229W,YAL003W,1,0.165132,0.6904761791229248,0.028999999165534973,0.0013000000035390258
YLL024C,YOR145C,0,0.1605977,0.6744186282157898,0.028999999165534973,0.00139999995008111
YDR385W,YKL081W,1,0.15995778,0.6818181872367859,0.029999999329447746,0.00139999995008111
YEL034W,YGR285C,1,0.15930454,0.6888889074325562,0.03099999949336052,0.00139999995008111
YDL130W,YKL081W,1,0.1562968,0.695652186870575,0.03200000151991844,0.00139999995008111
YNL209W,YDR385W,1,0.15517615,0.7021276354789734,0.032999999821186066,0.00139999995008111
YIL069C,YML125C,0,0.15289049,0.6875,0.032999999821186066,0.001500000013038516
YKL191W,YGR285C,1,0.1463377,0.6938775777816772,0.03400000184774399,0.001500000013038516
YDR382W,YKL191W,1,0.14347713,0.699999988079071,0.03500000014901161,0.001500000013038516
YGR285C,YDL130W,1,0.13571079,0.7058823704719543,0.035999998450279236,0.001500000013038516
YNL209W,YKL191W,1,0.1273622,0.7115384340286255,0.03700000047683716,0.001500000013038516
YDL229W,YLR172C,1,0.1245323,0.7169811129570007,0.03799999877810478,0.001500000013038516
YGR285C,YBR118W,1,0.11496253,0.7222222089767456,0.039000000804662704,0.001500000013038516
YKL191W,YOL039W,1,0.10915555,0.7272727489471436,0.03999999910593033,0.001500000013038516
YNL209W,YOL039W,1,0.09980084,0.7321428656578064,0.04100000113248825,0.001500000013038516
YDL081C,YKL081W,1,0.09958924,0.7368420958518982,0.041999999433755875,0.001500000013038516
YGL070C,YLR344W,0,0.09108721,0.7241379022598267,0.041999999433755875,0.0015999999595806003
YGR214W,YML063W,0,0.06922974,0.7118644118309021,0.041999999433755875,0.0017000000225380063
YLR264W,YDR381W,0,0.06293978,0.699999988079071,0.041999999433755875,0.0017999999690800905
YAL003W,YLR172C,1,0.060184017,0.7049180269241333,0.0430000014603138,0.0017999999690800905
YER125W,YKR024C,0,0.05587156,0.6935483813285828,0.0430000014603138,0.0019000000320374966
YJL177W,YJR144W,0,0.046268895,0.682539701461792,0.0430000014603138,0.0020000000949949026
YCR012W,YIL118W,0,0.037915424,0.671875,0.0430000014603138,0.002099999925121665
YGR285C,YHR064C,1,0.034729436,0.6769230961799622,0.04399999976158142,0.002099999925121665
YLR060W,YMR121C,0,0.032813385,0.6666666865348816,0.04399999976158142,0.002199999988079071
YDL130W,YLR150W,1,0.031584576,0.6716417670249939,0.04500000178813934,0.002199999988079071
YMR116C,YDL130W,1,0.012125269,0.6764705777168274,0.04600000008940697,0.002199999988079071
YDL130W,YJR097W,1,0.011811927,0.6811594367027283,0.04699999839067459,0.002199999988079071
YDR450W,YOR205C,0,0.010455444,0.6714285612106323,0.04699999839067459,0.002300000051036477
YOL039W,YLR172C,1,0.0017951876,0.6760563254356384,0.04800000041723251,0.002300000051036477
YDL130W,YBR118W,1,-0.005671963,0.6805555820465088,0.04899999871850014,0.002300000051036477
YMR116C,YAL003W,1,-0.0142005235,0.6849315166473389,0.05000000074505806,0.002300000051036477
YAL003W,YKL081W,1,-0.016387567,0.6891891956329346,0.050999999046325684,0.002300000051036477
YOR133W,YOR187W,1,-0.020476744,0.6933333277702332,0.052000001072883606,0.002300000051036477
YMR116C,YKL081W,1,-0.0206611,0.6973684430122375,0.05299999937415123,0.002300000051036477
YDR382W,YDL229W,1,-0.02132468,0.701298713684082,0.05400000140070915,0.002300000051036477
YEL034W,YDL229W,1,-0.028920874,0.7051281929016113,0.054999999701976776,0.002300000051036477
YLR249W,YDL081C,1,-0.030366048,0.7088607549667358,0.0560000017285347,0.002300000051036477
YML022W,YDL061C,0,-0.034787282,0.699999988079071,0.0560000017285347,0.002400000113993883
YOL039W,YLR150W,1,-0.03479205,0.7037037014961243,0.05700000002980232,0.002400000113993883
YDR382W,YBR118W,1,-0.041188255,0.707317054271698,0.057999998331069946,0.002400000113993883
YLR060W,YKR024C,0,-0.044233724,0.6987951993942261,0.057999998331069946,0.0024999999441206455
YPR163C,YOL127W,0,-0.046711788,0.6904761791229248,0.057999998331069946,0.0026000000070780516
YLR249W,YKL081W,1,-0.048536703,0.6941176652908325,0.05900000035762787,0.0026000000070780516
YDR382W,YAL003W,1,-0.05021541,0.6976743936538696,0.05999999865889549,0.0026000000070780516
YKL191W,YPR080W,1,-0.05058147,0.7011494040489197,0.061000000685453415,0.0026000000070780516
YKL191W,YDL081C,1,-0.05189307,0.7045454382896423,0.06199999898672104,0.0026000000070780516
YKL191W,YLR249W,1,-0.055853054,0.7078651785850525,0.06300000101327896,0.0026000000070780516
YDR418W,YER099C,0,-0.060992762,0.699999988079071,0.06300000101327896,0.0027000000700354576
YDR385W,YPR080W,1,-0.06216596,0.7032967209815979,0.06400000303983688,0.0027000000700354576
YNL085W,YLR029C,0,-0.063555226,0.695652186870575,0.06400000303983688,0.00279999990016222
YDL229W,YLR150W,1,-0.06614761,0.698924720287323,0.06499999761581421,0.00279999990016222
YOR133W,YLR150W,1,-0.06732629,0.7021276354789734,0.06599999964237213,0.00279999990016222
YGR285C,YLR249W,1,-0.069020376,0.7052631378173828,0.06700000166893005,0.00279999990016222
YDL229W,YOL039W,1,-0.069718346,0.7083333134651184,0.06800000369548798,0.00279999990016222
YEL034W,YBR118W,1,-0.0730636,0.7113401889801025,0.0689999982714653,0.00279999990016222
YDR382W,YFR009W,1,-0.074959084,0.7142857313156128,0.07000000029802322,0.00279999990016222
YDR385W,YHR064C,1,-0.075667426,0.7171717286109924,0.07100000232458115,0.00279999990016222
YNL209W,YMR024W,1,-0.07603128,0.7200000286102295,0.07199999690055847,0.00279999990016222
YFR031C-A,YBL091C,0,-0.07704444,0.7128713130950928,0.07199999690055847,0.002899999963119626
YDR385W,YFR009W,1,-0.07930471,0.7156862616539001,0.0729999989271164,0.002899999963119626
YLR150W,YPR080W,1,-0.08237152,0.7184466123580933,0.07400000095367432,0.002899999963119626
YDL081C,YJR097W,1,-0.08961575,0.7211538553237915,0.07500000298023224,0.002899999963119626
YDR382W,YHR064C,1,-0.08976059,0.723809540271759,0.07599999755620956,0.002899999963119626
YDR382W,YLR249W,1,-0.09285413,0.7264150977134705,0.07699999958276749,0.002899999963119626
YJR113C,YJL189W,0,-0.09511517,0.7196261882781982,0.07699999958276749,0.003000000026077032
YBR118W,YML014W,1,-0.10186927,0.7222222089767456,0.07800000160932541,0.003000000026077032
YDL081C,YML014W,1,-0.10563187,0.7247706651687622,0.07900000363588333,0.003000000026077032
YHR072W-A,YML024W,0,-0.108394966,0.7181817889213562,0.07900000363588333,0.003100000089034438
YKL081W,YFR009W,1,-0.11429198,0.7207207083702087,0.07999999821186066,0.003100000089034438
YLR340W,YOR205C,0,-0.115084514,0.7142857313156128,0.07999999821186066,0.0031999999191612005
YDR316W,YOR369C,0,-0.11728017,0.7079645991325378,0.07999999821186066,0.0032999999821186066
YLR249W,YPL048W,1,-0.12342547,0.7105262875556946,0.08100000023841858,0.0032999999821186066
YDR064W,YNL153C,0,-0.12641047,0.7043478488922119,0.08100000023841858,0.0034000000450760126
YLR150W,YDL081C,1,-0.12895535,0.7068965435028076,0.0820000022649765,0.0034000000450760126
YAL003W,YOR133W,1,-0.13155521,0.7094017267227173,0.08299999684095383,0.0034000000450760126
YGL135W,YHR060W,0,-0.13181661,0.7033898234367371,0.08299999684095383,0.0035000001080334187
YLR150W,YLR172C,1,-0.13199048,0.7058823704719543,0.08399999886751175,0.0035000001080334187
YEL034W,YLR172C,1,-0.13335256,0.7083333134651184,0.08500000089406967,0.0035000001080334187
YDR312W,YMR205C,0,-0.13402878,0.702479362487793,0.08500000089406967,0.003599999938160181
YPR132W,YCR033W,0,-0.1373661,0.6967213153839111,0.08500000089406967,0.003700000001117587
YNL209W,YDL130W,1,-0.14668636,0.6991869807243347,0.0860000029206276,0.003700000001117587
YPL048W,YBR118W,1,-0.14962994,0.7016128897666931,0.08699999749660492,0.003700000001117587
YAL003W,YLR150W,1,-0.15881221,0.7039999961853027,0.08799999952316284,0.003700000001117587
YDL229W,YGR285C,1,-0.16110496,0.7063491940498352,0.08900000154972076,0.003700000001117587
YDR385W,YLR172C,1,-0.16149394,0.7086614370346069,0.09000000357627869,0.003700000001117587
YIL069C,YDR060W,0,-0.16161178,0.703125,0.09000000357627869,0.003800000064074993
YGL110C,YDL081C,1,-0.16280936,0.7054263353347778,0.09099999815225601,0.003800000064074993
YOR133W,YLR172C,1,-0.16302197,0.7076923251152039,0.09200000017881393,0.003800000064074993
YJR047C,YPR080W,1,-0.16639654,0.7099236845970154,0.09300000220537186,0.003800000064074993
YDL229W,YDL081C,1,-0.17203979,0.7121211886405945,0.09399999678134918,0.003800000064074993
YDL229W,YLR249W,1,-0.17573152,0.7142857313156128,0.0949999988079071,0.003800000064074993
YOL146W,YBL092W,0,-0.1777743,0.7089552283287048,0.0949999988079071,0.0038999998942017555
YIL069C,YDL184C,0,-0.17840622,0.7037037014961243,0.0949999988079071,0.004000000189989805
YIL051C,YKL143W,0,-0.1814156,0.6985294222831726,0.0949999988079071,0.004100000020116568
YEL034W,YDL081C,1,-0.19034438,0.7007299065589905,0.09600000083446503,0.004100000020116568
YEL034W,YDR385W,1,-0.19323118,0.7028985619544983,0.09700000286102295,0.004100000020116568
YNL209W,YJR097W,1,-0.19361363,0.7050359845161438,0.09799999743700027,0.004100000020116568
YKL191W,YDR385W,1,-0.19561563,0.7071428298950195,0.0989999994635582,0.004100000020116568
YAL003W,YJR097W,1,-0.19604342,0.7092198729515076,0.10000000149011612,0.004100000020116568
YOL139C,YLR203C,0,-0.19790669,0.7042253613471985,0.10000000149011612,0.00419999985024333
YJL190C,YBR029C,0,-0.2000079,0.6993007063865662,0.10000000149011612,0.00430000014603138
YOR133W,YHR064C,1,-0.20125417,0.7013888955116272,0.10100000351667404,0.00430000014603138
YLL018C,YIR012W,0,-0.20127879,0.6965517401695251,0.10100000351667404,0.004399999976158142
YKL191W,YPL048W,1,-0.20419885,0.698630154132843,0.10199999809265137,0.004399999976158142
YLR172C,YBR118W,1,-0.20428021,0.7006802558898926,0.10300000011920929,0.004399999976158142
YKL081W,YJR097W,1,-0.20649354,0.7027027010917664,0.10400000214576721,0.004399999976158142
YEL034W,YFR009W,1,-0.20693915,0.7046979665756226,0.10499999672174454,0.004399999976158142
YDL184C,YPL211W,0,-0.20708595,0.699999988079071,0.10499999672174454,0.0044999998062849045
YLR150W,YML014W,1,-0.21014474,0.7019867300987244,0.10599999874830246,0.0044999998062849045
YOR187W,YPR080W,1,-0.21635114,0.7039473652839661,0.10700000077486038,0.0044999998062849045
YDL130W,YML014W,1,-0.21667127,0.7058823704719543,0.1080000028014183,0.0044999998062849045
YLR249W,YHR064C,1,-0.217113,0.7077922224998474,0.10899999737739563,0.0044999998062849045
YDR158W,YGL195W,0,-0.21814089,0.7032257914543152,0.10899999737739563,0.004600000102072954
YGL246C,YLR048W,0,-0.22126697,0.6987179517745972,0.10899999737739563,0.004699999932199717
YKL209C,YER102W,0,-0.22377099,0.6942675113677979,0.10899999737739563,0.004800000227987766
YLR150W,YJR097W,1,-0.2240303,0.6962025165557861,0.10999999940395355,0.004800000227987766
YDR385W,YOR133W,1,-0.224847,0.698113203048706,0.11100000143051147,0.004800000227987766
YDL081C,YNL288W,0,-0.22737919,0.6937500238418579,0.11100000143051147,0.004900000058114529
YBR089C-A,YER117W,0,-0.23001735,0.6894409656524658,0.11100000143051147,0.004999999888241291
YOL039W,YFR009W,1,-0.23112072,0.6913580298423767,0.1120000034570694,0.004999999888241291
YMR116C,YJR097W,1,-0.23356895,0.6932515501976013,0.11299999803304672,0.004999999888241291
YDL095W,YDR299W,0,-0.23367171,0.6890243887901306,0.11299999803304672,0.005100000184029341
YLR249W,YDR385W,1,-0.23447172,0.6909090876579285,0.11400000005960464,0.005100000184029341
YNL209W,YFR009W,1,-0.23465048,0.6927710771560669,0.11500000208616257,0.005100000184029341
YDL226C,YAL003W,0,-0.23466761,0.688622772693634,0.11500000208616257,0.005200000014156103
YNL209W,YAL003W,1,-0.24233632,0.6904761791229248,0.11599999666213989,0.005200000014156103
YNR036C,YGL031C,0,-0.24396192,0.6863905191421509,0.11599999666213989,0.0052999998442828655
YGR285C,YML080W,0,-0.24645327,0.6823529601097107,0.11599999666213989,0.005400000140070915
YAL003W,YLR249W,1,-0.24703766,0.6842105388641357,0.11699999868869781,0.005400000140070915
YBR055C,YIL018W,0,-0.24704628,0.680232584476471,0.11699999868869781,0.005499999970197678
YPL273W,YLR249W,0,-0.24744652,0.676300585269928,0.11699999868869781,0.00559999980032444
YGR285C,YPR080W,1,-0.24819969,0.6781609058380127,0.11800000071525574,0.00559999980032444
YMR143W,YOR095C,0,-0.24852113,0.6742857098579407,0.11800000071525574,0.00570000009611249
YJR045C,YGR208W,0,-0.2497286,0.6704545617103577,0.11800000071525574,0.005799999926239252
YDL229W,YDL130W,1,-0.25581378,0.6723163723945618,0.11900000274181366,0.005799999926239252
YDR382W,YDL081C,1,-0.25630605,0.6741573214530945,0.11999999731779099,0.005799999926239252
YOR294W,YNL220W,0,-0.25752544,0.6703910827636719,0.11999999731779099,0.005900000222027302
YOL039W,YBR118W,1,-0.2611276,0.6722221970558167,0.12099999934434891,0.005900000222027302
YIL069C,YGL011C,0,-0.26122215,0.6685082912445068,0.12099999934434891,0.006000000052154064
YIL162W,YDR320C-A,0,-0.2656567,0.6648351550102234,0.12099999934434891,0.006099999882280827
YEL034W,YGL195W,1,-0.26644504,0.6666666865348816,0.12200000137090683,0.006099999882280827
YJL122W,YMR012W,0,-0.26690573,0.6630434989929199,0.12200000137090683,0.006200000178068876
YDL229W,YOR133W,1,-0.26818067,0.6648648381233215,0.12300000339746475,0.006200000178068876
YKL191W,YHR064C,1,-0.27112514,0.6666666865348816,0.12399999797344208,0.006200000178068876
YJR063W,YOL121C,0,-0.27317077,0.6631016135215759,0.12399999797344208,0.006300000008195639
YLR069C,YPR080W,1,-0.27336025,0.664893627166748,0.125,0.006300000008195639
YIL069C,YCL037C,0,-0.2746529,0.6613756418228149,0.125,0.006399999838322401
YBR189W,YPL252C,0,-0.27636224,0.6578947305679321,0.125,0.006500000134110451
YLR150W,YFR009W,1,-0.2764132,0.6596858501434326,0.12600000202655792,0.006500000134110451
YNL209W,YLR249W,1,-0.27664512,0.6614583134651184,0.12700000405311584,0.006500000134110451
YFL034C-A,YKL032C,0,-0.2786215,0.6580311059951782,0.12700000405311584,0.006599999964237213
YLL045C,YKR048C,0,-0.28140718,0.6546391844749451,0.12700000405311584,0.0066999997943639755
YMR312W,YEL034W,0,-0.28824085,0.6512820720672607,0.12700000405311584,0.006800000090152025
YHR148W,YLR048W,0,-0.28850925,0.6479591727256775,0.12700000405311584,0.006899999920278788
YGR118W,YGR081C,0,-0.28885615,0.6446700692176819,0.12700000405311584,0.007000000216066837
YOR133W,YFR009W,1,-0.2893554,0.6464646458625793,0.12800000607967377,0.007000000216066837
YNL209W,YPL048W,1,-0.29280335,0.6482412219047546,0.1289999932050705,0.007000000216066837
YIL021W,YNL069C,0,-0.29465902,0.6449999809265137,0.1289999932050705,0.0071000000461936
YDL130W,YJR047C,1,-0.3016643,0.646766185760498,0.12999999523162842,0.0071000000461936
YLR069C,YBR118W,1,-0.30292028,0.6485148668289185,0.13099999725818634,0.0071000000461936
YCR012W,YLR058C,0,-0.30331084,0.6453201770782471,0.13099999725818634,0.007199999876320362
YHR064C,YDL081C,1,-0.30642855,0.6470588445663452,0.13199999928474426,0.007199999876320362
YOR133W,YLR069C,1,-0.30682313,0.6487804651260376,0.13300000131130219,0.007199999876320362
YER165W,YPL063W,0,-0.31032372,0.6456310749053955,0.13300000131130219,0.007300000172108412
YER165W,YLR268W,0,-0.31177378,0.6425120830535889,0.13300000131130219,0.007400000002235174
YJR113C,YNL209W,0,-0.31504816,0.6394230723381042,0.13300000131130219,0.007499999832361937
YLR249W,YLR172C,1,-0.31531727,0.6411483287811279,0.1340000033378601,0.007499999832361937
YLR249W,YBR118W,1,-0.3163045,0.6428571343421936,0.13500000536441803,0.007499999832361937
YGR285C,YPL048W,1,-0.31744522,0.6445497870445251,0.13600000739097595,0.007499999832361937
YGR285C,YKL081W,1,-0.3182609,0.6462264060974121,0.13699999451637268,0.007499999832361937
YHR064C,YFR009W,1,-0.3196041,0.6478873491287231,0.1379999965429306,0.007499999832361937
YDR385W,YMR024W,1,-0.31979173,0.6495327353477478,0.13899999856948853,0.007499999832361937
YKL191W,YOR187W,1,-0.3206942,0.6511628031730652,0.14000000059604645,0.007499999832361937
YIL011W,YLR029C,0,-0.32374957,0.6481481194496155,0.14000000059604645,0.007600000128149986
YAL003W,YPL048W,1,-0.32528365,0.6497696042060852,0.14100000262260437,0.007600000128149986
YMR186W,YPL076W,0,-0.3254295,0.646789014339447,0.14100000262260437,0.007699999958276749
YIL078W,YMR024W,0,-0.32940632,0.6438356041908264,0.14100000262260437,0.007799999788403511
YGR285C,YJR047C,1,-0.3315032,0.6454545259475708,0.1420000046491623,0.007799999788403511
YKR092C,YHR149C,0,-0.33170575,0.6425339579582214,0.1420000046491623,0.007899999618530273
YDR412W,YDR127W,0,-0.33235627,0.6396396160125732,0.1420000046491623,0.00800000037997961
YKL191W,YMR116C,1,-0.33245945,0.6412556171417236,0.14300000667572021,0.00800000037997961
YLR172C,YPR080W,1,-0.33377355,0.6428571343421936,0.14399999380111694,0.00800000037997961
YJL136C,YCL014W,0,-0.33515042,0.6399999856948853,0.14399999380111694,0.008100000210106373
YDR385W,YIL103W,1,-0.33519393,0.6415929198265076,0.14499999582767487,0.008100000210106373
YDL130W,YHR064C,1,-0.33580613,0.6431717872619629,0.1459999978542328,0.008100000210106373
YKL191W,YLR069C,1,-0.3379472,0.6447368264198303,0.1469999998807907,0.008100000210106373
YHR064C,YLR150W,1,-0.3389638,0.6462882161140442,0.14800000190734863,0.008100000210106373
YGL110C,YOR133W,1,-0.33992368,0.647826075553894,0.14900000393390656,0.008100000210106373
YBR191W,YOL125W,0,-0.3410421,0.6450216174125671,0.14900000393390656,0.008200000040233135
YNL209W,YDL229W,1,-0.34105384,0.6465517282485962,0.15000000596046448,0.008200000040233135
YGR195W,YOR234C,0,-0.3430975,0.6437768340110779,0.15000000596046448,0.008299999870359898
YCR053W,YER056C,0,-0.34442925,0.6410256624221802,0.15000000596046448,0.00839999970048666
YKL117W,YOL051W,0,-0.34581715,0.6382978558540344,0.15000000596046448,0.008500000461935997
YPL048W,YDR385W,1,-0.34765738,0.6398305296897888,0.1509999930858612,0.008500000461935997
YGL195W,YLR249W,1,-0.34926534,0.6413502097129822,0.15199999511241913,0.008500000461935997
YNL263C,YGL200C,0,-0.35007977,0.6386554837226868,0.15199999511241913,0.00860000029206276
YIL103W,YBR118W,1,-0.35161245,0.6401673555374146,0.15299999713897705,0.00860000029206276
YLR150W,YKR081C,0,-0.35253948,0.637499988079071,0.15299999713897705,0.008700000122189522
YDR328C,YLR344W,0,-0.35579062,0.634854793548584,0.15299999713897705,0.008799999952316284
YMR212C,YNL209W,0,-0.35664183,0.6322314143180847,0.15299999713897705,0.008899999782443047
YJR047C,YBR118W,1,-0.35844517,0.6337448358535767,0.15399999916553497,0.008899999782443047
YLR134W,YIL018W,0,-0.36015636,0.631147563457489,0.15399999916553497,0.008999999612569809
YNL209W,YDL081C,1,-0.36216384,0.6326530575752258,0.1550000011920929,0.008999999612569809
YGR285C,YKR084C,1,-0.3621968,0.6341463327407837,0.15600000321865082,0.008999999612569809
YLR249W,YOR187W,1,-0.3622018,0.6356275081634521,0.15700000524520874,0.008999999612569809
YOR182C,YHR170W,0,-0.3641677,0.6330645084381104,0.15700000524520874,0.009100000374019146
YJL121C,YML024W,0,-0.3671614,0.6305220723152161,0.15700000524520874,0.009200000204145908
YAL003W,YJR047C,1,-0.3681311,0.6320000290870667,0.15800000727176666,0.009200000204145908
YHR174W,YJL145W,0,-0.36837053,0.629482090473175,0.15800000727176666,0.00930000003427267
YEL034W,YOL039W,1,-0.37067473,0.6309523582458496,0.1589999943971634,0.00930000003427267
YJR097W,YPR080W,1,-0.3711959,0.6324110627174377,0.1599999964237213,0.00930000003427267
YLL045C,YOR323C,0,-0.37394643,0.6299212574958801,0.1599999964237213,0.009399999864399433
YAL003W,YLR069C,1,-0.37423712,0.6313725709915161,0.16099999845027924,0.009399999864399433
YOL039W,YOR133W,1,-0.3746975,0.6328125,0.16200000047683716,0.009399999864399433
YLR249W,YGL110C,1,-0.37527668,0.6342412233352661,0.16300000250339508,0.009399999864399433
YKL081W,YML014W,1,-0.37573957,0.6356589198112488,0.164000004529953,0.009399999864399433
YHR200W,YER117W,0,-0.37753275,0.6332046389579773,0.164000004529953,0.009499999694526196
YMR116C,YBR118W,1,-0.38039106,0.6346153616905212,0.16500000655651093,0.009499999694526196
YDL229W,YNL084C,0,-0.38154918,0.6321839094161987,0.16500000655651093,0.009600000455975533
YAL003W,YFR009W,1,-0.38174623,0.6335877776145935,0.16599999368190765,0.009600000455975533
YLR150W,YOR187W,1,-0.38570803,0.6349809765815735,0.16699999570846558,0.009600000455975533
YAL003W,YBR118W,1,-0.3871414,0.6363636255264282,0.1679999977350235,0.009600000455975533
YOL005C,YJR104C,0,-0.3872829,0.6339622735977173,0.1679999977350235,0.009700000286102295
YJR009C,YLR007W,0,-0.3890283,0.6315789222717285,0.1679999977350235,0.009800000116229057
YER073W,YDL030W,0,-0.39408088,0.6292135119438171,0.1679999977350235,0.00989999994635582
YAL003W,YPR080W,1,-0.39552528,0.6305969953536987,0.16899999976158142,0.00989999994635582
YEL034W,YOR076C,1,-0.39777666,0.6319702863693237,0.17000000178813934,0.00989999994635582
YBR055C,YMR121C,0,-0.3980385,0.6296296119689941,0.17000000178813934,0.009999999776482582
YOL039W,YJR047C,1,-0.4029053,0.6309962868690491,0.17100000381469727,0.009999999776482582
YKL191W,YGL195W,1,-0.4046833,0.6323529481887817,0.1720000058412552,0.009999999776482582
YOR133W,YKR084C,1,-0.4063837,0.6336996555328369,0.17299999296665192,0.009999999776482582
YAL003W,YHR064C,1,-0.40959883,0.6350364685058594,0.17399999499320984,0.009999999776482582
YDR382W,YMR024W,1,-0.41153932,0.6363636255264282,0.17499999701976776,0.009999999776482582
YOL039W,YGL110C,1,-0.4118778,0.6376811861991882,0.17599999904632568,0.009999999776482582
YNL209W,YBR118W,1,-0.4130906,0.6389891505241394,0.1770000010728836,0.009999999776482582
YAL003W,YOR187W,1,-0.4155048,0.6402877569198608,0.17800000309944153,0.009999999776482582
YLR249W,YLR150W,1,-0.41617727,0.6415770649909973,0.17900000512599945,0.009999999776482582
YPL048W,YDL130W,1,-0.41715878,0.6428571343421936,0.18000000715255737,0.009999999776482582
YBR158W,YIL075C,0,-0.4182629,0.6405693888664246,0.18000000715255737,0.010099999606609344
YOL039W,YHR064C,1,-0.41961485,0.6418439745903015,0.1809999942779541,0.010099999606609344
YPL048W,YOR133W,1,-0.4200788,0.6431095600128174,0.18199999630451202,0.010099999606609344
YNL209W,YJR047C,1,-0.4225042,0.6443662047386169,0.18299999833106995,0.010099999606609344
YDR382W,YEL002C,0,-0.42327183,0.6421052813529968,0.18299999833106995,0.010200000368058681
YPL048W,YLR150W,1,-0.424304,0.6433566212654114,0.18400000035762787,0.010200000368058681
YGL123W,YGL031C,0,-0.42457986,0.6411150097846985,0.18400000035762787,0.010300000198185444
YLR249W,YKR084C,1,-0.42523462,0.6423611044883728,0.1850000023841858,0.010300000198185444
YEL034W,YJR097W,1,-0.42778337,0.6435986161231995,0.1860000044107437,0.010300000198185444
YGR254W,YBR106W,0,-0.43098563,0.6413792967796326,0.1860000044107437,0.010400000028312206
YDR382W,YGL110C,1,-0.43230534,0.6426116824150085,0.18700000643730164,0.010400000028312206
YBR162W-A,YJR009C,0,-0.4328174,0.6404109597206116,0.18700000643730164,0.010499999858438969
YMR116C,YML014W,1,-0.4355831,0.6416382193565369,0.18799999356269836,0.010499999858438969
YGR148C,YNL330C,0,-0.4361207,0.6394557952880859,0.18799999356269836,0.010599999688565731
YGL103W,YDL120W,0,-0.4371975,0.6372881531715393,0.18799999356269836,0.010700000450015068
YKL191W,YDL229W,1,-0.43874818,0.6385135054588318,0.1889999955892563,0.010700000450015068
YDR382W,YKR084C,1,-0.4387812,0.6397306323051453,0.1899999976158142,0.010700000450015068
YPL252C,YMR143W,0,-0.44004112,0.6375839114189148,0.1899999976158142,0.01080000028014183
YNL209W,YLR069C,1,-0.4406414,0.6387959718704224,0.19099999964237213,0.01080000028014183
YEL034W,YDL117W,0,-0.44108814,0.6366666555404663,0.19099999964237213,0.010900000110268593
YER036C,YOL127W,0,-0.44131523,0.634551465511322,0.19099999964237213,0.010999999940395355
YOR133W,YDL081C,1,-0.4413458,0.6357616186141968,0.19200000166893005,0.010999999940395355
YAL003W,YML014W,1,-0.44534105,0.6369637250900269,0.19300000369548798,0.010999999940395355
YCR053W,YLL011W,0,-0.44535238,0.6348684430122375,0.19300000369548798,0.011099999770522118
YLR150W,YLR069C,1,-0.4462027,0.6360656023025513,0.1940000057220459,0.011099999770522118
YEL034W,YMR024W,1,-0.44710088,0.6372548937797546,0.19499999284744263,0.011099999770522118
YJR123W,YGL225W,0,-0.44741207,0.6351791620254517,0.19499999284744263,0.01119999960064888
YKL056C,YEL020W-A,0,-0.4492944,0.6331169009208679,0.19499999284744263,0.011300000362098217
YKL191W,YOR133W,1,-0.45002955,0.6343042254447937,0.19599999487400055,0.011300000362098217
YLR154C,YNL178W,0,-0.4504848,0.6322580575942993,0.19599999487400055,0.01140000019222498
YMR318C,YKL087C,0,-0.45293784,0.6302250623703003,0.19599999487400055,0.011500000022351742
YGL211W,YHR141C,0,-0.45666373,0.6282051205635071,0.19599999487400055,0.011599999852478504
YOL039W,YPR025C,0,-0.45722318,0.6261980533599854,0.19599999487400055,0.011699999682605267
YKL191W,YBR118W,1,-0.4583503,0.6273885369300842,0.19699999690055847,0.011699999682605267
YLR150W,YBR118W,1,-0.46032703,0.6285714507102966,0.1979999989271164,0.011699999682605267
YML063W,YBL042C,0,-0.46077204,0.6265822649002075,0.1979999989271164,0.011800000444054604
YLR264W,YLL018C,0,-0.4617946,0.624605655670166,0.1979999989271164,0.011900000274181366
YDL229W,YBR118W,1,-0.46193832,0.6257861852645874,0.19900000095367432,0.011900000274181366
YLR150W,YMR024W,1,-0.4626488,0.6269592642784119,0.20000000298023224,0.011900000274181366
YHL007C,YBR181C,0,-0.4629323,0.625,0.20000000298023224,0.012000000104308128
YEL034W,YPL048W,1,-0.46450496,0.6261682510375977,0.20100000500679016,0.012000000104308128
YER146W,YNL209W,0,-0.4657656,0.6242235898971558,0.20100000500679016,0.01209999993443489
YGR208W,YEL050C,0,-0.46626377,0.6222910284996033,0.20100000500679016,0.012199999764561653
YDR382W,YGL195W,1,-0.4665833,0.6234567761421204,0.20200000703334808,0.012199999764561653
YPR058W,YDL140C,0,-0.47084337,0.6215384602546692,0.20200000703334808,0.012299999594688416
YNL209W,YMR116C,1,-0.47092015,0.6226993799209595,0.2029999941587448,0.012299999594688416
YDL229W,YIL103W,1,-0.471196,0.6238532066345215,0.20399999618530273,0.012299999594688416
YJL190C,YFL017W-A,0,-0.47162694,0.6219512224197388,0.20399999618530273,0.012400000356137753
YBR010W,YGL127C,0,-0.4719079,0.6200608015060425,0.20399999618530273,0.012500000186264515
YBL071W-A,YDL081C,1,-0.47209585,0.6212121248245239,0.20499999821186066,0.012500000186264515
YMR142C,YKR085C,0,-0.4736778,0.6193353533744812,0.20499999821186066,0.012600000016391277
YFR009W,YBR118W,1,-0.47402585,0.6204819083213806,0.20600000023841858,0.012600000016391277
YEL034W,YGL110C,1,-0.47792393,0.6216216087341309,0.2070000022649765,0.012600000016391277
YFR009W,YPR080W,1,-0.47819567,0.6227545142173767,0.20800000429153442,0.012600000016391277
YGL099W,YGR034W,0,-0.47953254,0.620895504951477,0.20800000429153442,0.01269999984651804
YDL229W,YKL081W,1,-0.4798296,0.6220238208770752,0.20900000631809235,0.01269999984651804
YHR046C,YKR059W,0,-0.4829406,0.6201780438423157,0.20900000631809235,0.012799999676644802
YMR116C,YLR172C,1,-0.48312205,0.6213017702102661,0.20999999344348907,0.012799999676644802
YEL034W,YMR247C,1,-0.4857415,0.6224188804626465,0.210999995470047,0.012799999676644802
YDR385W,YGL110C,1,-0.48820144,0.6235294342041016,0.21199999749660492,0.012799999676644802
YDR385W,YBR118W,1,-0.48838836,0.6246334314346313,0.21299999952316284,0.012799999676644802
YOL039W,YIL103W,1,-0.48874658,0.6257309913635254,0.21400000154972076,0.012799999676644802
YNL099C,YML056C,0,-0.48981428,0.6239067316055298,0.21400000154972076,0.012900000438094139
YBL058W,YNL178W,0,-0.4900462,0.6220930218696594,0.21400000154972076,0.013000000268220901
YGR159C,YMR157C,0,-0.49414182,0.6202898621559143,0.21400000154972076,0.013100000098347664
YEL034W,YLR249W,1,-0.49916905,0.6213873028755188,0.2150000035762787,0.013100000098347664
YIL148W,YBR120C,0,-0.501566,0.619596540927887,0.2150000035762787,0.013199999928474426
YDR382W,YIL103W,1,-0.5018286,0.6206896305084229,0.2160000056028366,0.013199999928474426
YMR116C,YGR285C,1,-0.50223815,0.6217765212059021,0.21699999272823334,0.013199999928474426
YEL034W,YKL081W,1,-0.50239223,0.6228571534156799,0.21799999475479126,0.013199999928474426
YPR183W,YJR072C,0,-0.5048047,0.621082603931427,0.21799999475479126,0.013299999758601189
YPR169W,YNL069C,0,-0.50674653,0.6193181872367859,0.21799999475479126,0.013399999588727951
YMR116C,YBL071W-A,1,-0.5069148,0.620396614074707,0.21899999678134918,0.013399999588727951
YDL229W,YFR009W,1,-0.5081387,0.6214689016342163,0.2199999988079071,0.013399999588727951
YGR285C,YFR009W,1,-0.510576,0.622535228729248,0.22100000083446503,0.013399999588727951
YBR025C,YJR064W,0,-0.51173043,0.6207864880561829,0.22100000083446503,0.013500000350177288
YKL081W,YLR172C,1,-0.51176035,0.6218487620353699,0.22200000286102295,0.013500000350177288
YHR010W,YEL036C,0,-0.513446,0.6201117038726807,0.22200000286102295,0.01360000018030405
YGR285C,YLR172C,1,-0.5164306,0.621169924736023,0.22300000488758087,0.01360000018030405
YNL096C,YLR353W,0,-0.51789486,0.6194444298744202,0.22300000488758087,0.013700000010430813
YDL212W,YOR294W,0,-0.5186156,0.6177285313606262,0.22300000488758087,0.013799999840557575
YGL167C,YLR150W,0,-0.51998746,0.6160221099853516,0.22300000488758087,0.013899999670684338
YEL034W,YBL071W-A,1,-0.520431,0.6170799136161804,0.2240000069141388,0.013899999670684338
YMR024W,YPR080W,1,-0.5215511,0.6181318759918213,0.22499999403953552,0.013899999670684338
YKR059W,YEL029C,0,-0.5218703,0.6164383292198181,0.22499999403953552,0.014000000432133675
YNL209W,YGR285C,1,-0.5221781,0.6174863576889038,0.22599999606609344,0.014000000432133675
YHR039C-A,YBR188C,0,-0.52297604,0.6158038377761841,0.22599999606609344,0.014100000262260437
YEL034W,YPL065W,0,-0.5247949,0.614130437374115,0.22599999606609344,0.0142000000923872
YMR116C,YDL081C,1,-0.52499074,0.6151761412620544,0.22699999809265137,0.0142000000923872
YNL209W,YHR064C,1,-0.52556306,0.616216242313385,0.2280000001192093,0.0142000000923872
YOR133W,YPR019W,0,-0.5258928,0.6145552396774292,0.2280000001192093,0.014299999922513962
YLR340W,YJL061W,0,-0.5382661,0.6129032373428345,0.2280000001192093,0.014399999752640724
YHR174W,YER172C,0,-0.53968847,0.6112600564956665,0.2280000001192093,0.014499999582767487
YAL003W,YGL195W,1,-0.54243094,0.6122994422912598,0.2290000021457672,0.014499999582767487
YDR385W,YML014W,1,-0.5430132,0.6133333444595337,0.23000000417232513,0.014499999582767487
YNL067W,YDR527W,0,-0.546126,0.6117021441459656,0.23000000417232513,0.014600000344216824
YBL034C,YDL198C,0,-0.54724824,0.6100795865058899,0.23000000417232513,0.014700000174343586
YIL162W,YJL138C,0,-0.54736567,0.6084656119346619,0.23000000417232513,0.014800000004470348
YOR294W,YJL143W,0,-0.5474261,0.6068601608276367,0.23000000417232513,0.01489999983459711
YOR133W,YBR118W,1,-0.54840857,0.6078947186470032,0.23100000619888306,0.01489999983459711
YIL039W,YDL083C,0,-0.5494374,0.6062992215156555,0.23100000619888306,0.014999999664723873
YJL130C,YDR116C,0,-0.55128425,0.6047120690345764,0.23100000619888306,0.01510000042617321
YHL004W,YLR344W,0,-0.55296844,0.6031331419944763,0.23100000619888306,0.015200000256299973
YOR133W,YIL103W,1,-0.55572253,0.6041666865348816,0.23199999332427979,0.015200000256299973
YML024W,YBL098W,0,-0.5570279,0.6025974154472351,0.23199999332427979,0.015300000086426735
YDL130W,YPR080W,1,-0.56096566,0.6036269664764404,0.2329999953508377,0.015300000086426735
YOL039W,YML056C,0,-0.56186813,0.6020671725273132,0.2329999953508377,0.015399999916553497
YKR082W,YNL069C,0,-0.5623354,0.6005154848098755,0.2329999953508377,0.01549999974668026
YDL081C,YPR080W,1,-0.56270677,0.6015424132347107,0.23399999737739563,0.01549999974668026
YAL003W,YKR084C,1,-0.5637113,0.6025640964508057,0.23499999940395355,0.01549999974668026
YDR385W,YJR047C,1,-0.5646548,0.6035805344581604,0.23600000143051147,0.01549999974668026
YDR382W,YOR076C,1,-0.5659541,0.6045918464660645,0.2370000034570694,0.01549999974668026
YOL102C,YNL069C,0,-0.5669132,0.6030534505844116,0.2370000034570694,0.015599999576807022
YOL103W,YGR173W,0,-0.56760263,0.6015228629112244,0.2370000034570694,0.015699999406933784
YKL117W,YGR005C,0,-0.56866175,0.6000000238418579,0.2370000034570694,0.015799999237060547
YPL048W,YML014W,1,-0.5711635,0.6010100841522217,0.23800000548362732,0.015799999237060547
YPL087W,YBR010W,0,-0.5730976,0.5994962453842163,0.23800000548362732,0.01590000092983246
YOL152W,YNL178W,0,-0.57314545,0.5979899764060974,0.23800000548362732,0.01600000075995922
YLR075W,YIL074C,0,-0.5741024,0.5964912176132202,0.23800000548362732,0.016100000590085983
YOL039W,YPR080W,1,-0.57559884,0.5975000262260437,0.23899999260902405,0.016100000590085983
YNL209W,YPL052W,1,-0.57671,0.5985037684440613,0.23999999463558197,0.016100000590085983
YNL031C,YDL153C,0,-0.57740295,0.5970149040222168,0.23999999463558197,0.016200000420212746
YBR193C,YPL283C,0,-0.57890975,0.5955334901809692,0.23999999463558197,0.016300000250339508
YKL191W,YBL071W-A,1,-0.58237994,0.5965346693992615,0.2409999966621399,0.016300000250339508
YGL147C,YCR012W,0,-0.5826906,0.595061719417572,0.2409999966621399,0.01640000008046627
YPL028W,YMR305C,0,-0.584397,0.5935960412025452,0.2409999966621399,0.016499999910593033
YML056C,YBR283C,0,-0.5845635,0.5921375751495361,0.2409999966621399,0.016599999740719795
YDR496C,YPL145C,0,-0.5848389,0.5906862616539001,0.2409999966621399,0.016699999570846558
YEL034W,YIL103W,1,-0.5851339,0.591687023639679,0.24199999868869781,0.016699999570846558
YKL006W,YOR167C,0,-0.5851706,0.5902438759803772,0.24199999868869781,0.01679999940097332
YDR399W,YJR017C,0,-0.5869078,0.5888077616691589,0.24199999868869781,0.016899999231100082
YBL071W-A,YGL195W,1,-0.58701074,0.5898058414459229,0.24300000071525574,0.016899999231100082
YNL209W,YML014W,1,-0.5876435,0.5907990336418152,0.24400000274181366,0.016899999231100082
YDL229W,YOR187W,1,-0.58777046,0.5917874574661255,0.24500000476837158,0.016899999231100082
YKL056C,YLR328W,0,-0.588644,0.5903614163398743,0.24500000476837158,0.017000000923871994
YDR234W,YDL178W,0,-0.5907022,0.588942289352417,0.24500000476837158,0.017100000753998756
YMR300C,YLR249W,0,-0.5918167,0.5875299572944641,0.24500000476837158,0.01720000058412552
YER036C,YLR386W,0,-0.5927916,0.5861244201660156,0.24500000476837158,0.01730000041425228
YJL123C,YNL339C,0,-0.59400547,0.584725558757782,0.24500000476837158,0.017400000244379044
YKL081W,YOR187W,1,-0.5945062,0.5857142806053162,0.2460000067949295,0.017400000244379044
YNL209W,YLR172C,1,-0.59467876,0.5866983532905579,0.24699999392032623,0.017400000244379044
YLR372W,YDR174W,0,-0.59585816,0.5853080749511719,0.24699999392032623,0.017500000074505806
YOR133W,YKL081W,1,-0.5968377,0.5862883925437927,0.24799999594688416,0.017500000074505806
YDL130W,YFR009W,1,-0.596974,0.5872641801834106,0.24899999797344208,0.017500000074505806
YHR064C,YOR187W,1,-0.5989918,0.5882353186607361,0.25,0.017500000074505806
YML014W,YPR080W,1,-0.59969085,0.5892018675804138,0.25099998712539673,0.017500000074505806
YPL048W,YIL103W,1,-0.6011236,0.5901639461517334,0.25200000405311584,0.017500000074505806
YBR191W,YBR195C,0,-0.6014564,0.5887850522994995,0.25200000405311584,0.01759999990463257
YDR385W,YMR289W,0,-0.6025316,0.5874125957489014,0.25200000405311584,0.01769999973475933
YNL001W,YGR214W,0,-0.60264975,0.5860465168952942,0.25200000405311584,0.017799999564886093
YGR254W,YBR265W,0,-0.6034178,0.5846867561340332,0.25200000405311584,0.017899999395012856
YOL086C,YLR268W,0,-0.6038916,0.5833333134651184,0.25200000405311584,0.017999999225139618
YDR429C,YNL209W,0,-0.6058118,0.581986129283905,0.25200000405311584,0.01810000091791153
YER102W,YLR378C,0,-0.6073708,0.5806451439857483,0.25200000405311584,0.018200000748038292
YCL030C,YGL008C,0,-0.6077388,0.5793103575706482,0.25200000405311584,0.018300000578165054
YGR257C,YPR143W,0,-0.60775405,0.5779816508293152,0.25200000405311584,0.018400000408291817
YMR116C,YLR249W,1,-0.61005026,0.5789473652839661,0.2529999911785126,0.018400000408291817
YDR234W,YBR283C,0,-0.61461616,0.577625572681427,0.2529999911785126,0.01850000023841858
YMR121C,YDR174W,0,-0.6146315,0.5763098001480103,0.2529999911785126,0.01860000006854534
YJL130C,YJR002W,0,-0.6148311,0.574999988079071,0.2529999911785126,0.018699999898672104
YHR064C,YLR172C,1,-0.61557484,0.5759637355804443,0.2540000081062317,0.018699999898672104
YDR312W,YOR234C,0,-0.61565334,0.5746606588363647,0.2540000081062317,0.018799999728798866
YMR186W,YDR345C,0,-0.6158476,0.5733634233474731,0.2540000081062317,0.01889999955892563
YGR155W,YHR196W,0,-0.61587846,0.5720720887184143,0.2540000081062317,0.01899999938905239
YCL030C,YLR313C,0,-0.6159709,0.5707865357398987,0.2540000081062317,0.019099999219179153
YKL137W,YDR233C,0,-0.61633444,0.5695067048072815,0.2540000081062317,0.019200000911951065
YMR116C,YKR084C,1,-0.61683017,0.5704697966575623,0.2549999952316284,0.019200000911951065
YPL195W,YJL189W,0,-0.6171229,0.5691964030265808,0.2549999952316284,0.019300000742077827
YHR064C,YKL081W,1,-0.617351,0.570155918598175,0.25600001215934753,0.019300000742077827
YDR233C,YNR036C,0,-0.61852676,0.5688889026641846,0.25600001215934753,0.01940000057220459
YDL130W,YOR187W,1,-0.6195356,0.5698447823524475,0.25699999928474426,0.01940000057220459
YML072C,YDR162C,0,-0.62138855,0.5685840845108032,0.25699999928474426,0.019500000402331352
YDR382W,YNL063W,1,-0.6220701,0.5695364475250244,0.257999986410141,0.019500000402331352
YDR211W,YER117W,0,-0.6231544,0.5682819485664368,0.257999986410141,0.019600000232458115
YKL191W,YMR024W,1,-0.6243242,0.5692307949066162,0.2590000033378601,0.019600000232458115
YGR285C,YBL071W-A,1,-0.6247481,0.5701754093170166,0.25999999046325684,0.019600000232458115
YKL081W,YBR118W,1,-0.62486863,0.5711159706115723,0.26100000739097595,0.019600000232458115
YDL130W,YIL103W,1,-0.6251241,0.5720524191856384,0.2619999945163727,0.019600000232458115
YGL011C,YDR037W,0,-0.6259799,0.570806086063385,0.2619999945163727,0.019700000062584877
YGL103W,YAL023C,0,-0.6270314,0.5695652365684509,0.2619999945163727,0.01979999989271164
YOR136W,YNL209W,0,-0.62772626,0.5683296918869019,0.2619999945163727,0.019899999722838402
YPL048W,YLR172C,1,-0.62817144,0.5692640542984009,0.2630000114440918,0.019899999722838402
YGR285C,YMR024W,1,-0.62981355,0.5701943635940552,0.2639999985694885,0.019899999722838402
YNL209W,YPR080W,1,-0.6302899,0.5711206793785095,0.26499998569488525,0.019899999722838402
YPL143W,YER171W,0,-0.6308139,0.5698924660682678,0.26499998569488525,0.019999999552965164
YBL071W-A,YDL130W,1,-0.63115746,0.5708154439926147,0.26600000262260437,0.019999999552965164
YDR382W,YDL130W,1,-0.63119936,0.5717344880104065,0.2669999897480011,0.019999999552965164
YPL258C,YJL052W,0,-0.6312799,0.5705128312110901,0.2669999897480011,0.020099999383091927
YKL025C,YMR186W,0,-0.6317167,0.5692963600158691,0.2669999897480011,0.02019999921321869
YPL220W,YGR063C,0,-0.63287973,0.5680851340293884,0.2669999897480011,0.0203000009059906
YOR204W,YLR022C,0,-0.6364438,0.5668789744377136,0.2669999897480011,0.020400000736117363
YKR079C,YDL083C,0,-0.6373029,0.5656779408454895,0.2669999897480011,0.020500000566244125
YBR118W,YMR024W,1,-0.63744277,0.5665962100028992,0.2680000066757202,0.020500000566244125
YAL003W,YIL103W,1,-0.63949686,0.5675105452537537,0.26899999380111694,0.020500000566244125
YDR320C-A,YHR110W,0,-0.6401512,0.566315770149231,0.26899999380111694,0.020600000396370888
YNL231C,YMR208W,0,-0.6404123,0.5651260614395142,0.26899999380111694,0.02070000022649765
YLR249W,YMR024W,1,-0.6408443,0.5660377144813538,0.27000001072883606,0.02070000022649765
YHR174W,YNL108C,0,-0.64148456,0.5648535490036011,0.27000001072883606,0.020800000056624413
YEL046C,YNL069C,0,-0.6424565,0.5636743307113647,0.27000001072883606,0.020899999886751175
YDL229W,YKR084C,1,-0.6473333,0.5645833611488342,0.2709999978542328,0.020899999886751175
YER049W,YGR234W,0,-0.64816016,0.5634095668792725,0.2709999978542328,0.020999999716877937
YEL034W,YOR187W,1,-0.6494814,0.5643153786659241,0.2720000147819519,0.020999999716877937
YMR285C,YBR106W,0,-0.6504868,0.5631470084190369,0.2720000147819519,0.0210999995470047
YDL208W,YBL072C,0,-0.6522166,0.5619834661483765,0.2720000147819519,0.021199999377131462
YGR195W,YHR174W,0,-0.6538162,0.5608247518539429,0.2720000147819519,0.021299999207258224
YPR102C,YPR086W,0,-0.6542823,0.5596708059310913,0.2720000147819519,0.021400000900030136
YNL209W,YKR084C,1,-0.6547062,0.5605749487876892,0.27300000190734863,0.021400000900030136
YGR285C,YOR187W,1,-0.65520304,0.561475396156311,0.27399998903274536,0.021400000900030136
YGR103W,YBL068W,0,-0.65527695,0.5603271722793579,0.27399998903274536,0.0215000007301569
YDR188W,YKL057C,0,-0.6557824,0.559183657169342,0.27399998903274536,0.02160000056028366
YLR249W,YIL103W,1,-0.6564408,0.5600814819335938,0.2750000059604645,0.02160000056028366
YDL130W,YJL203W,0,-0.6564947,0.5589430928230286,0.2750000059604645,0.021700000390410423
YNL112W,YMR145C,0,-0.6575378,0.5578093528747559,0.2750000059604645,0.021800000220537186
YBL071W-A,YBR118W,1,-0.6583764,0.5587044358253479,0.2759999930858612,0.021800000220537186
YDR382W,YJR047C,1,-0.66006345,0.5595959424972534,0.2770000100135803,0.021800000220537186
YBR086C,YLR304C,0,-0.66039604,0.5584677457809448,0.2770000100135803,0.021900000050663948
YMR116C,YFR009W,1,-0.66046095,0.559356153011322,0.27799999713897705,0.021900000050663948
YOR063W,YEL065W,0,-0.66097605,0.5582329034805298,0.27799999713897705,0.02199999988079071
YMR116C,YHR064C,1,-0.6626841,0.5591182112693787,0.27900001406669617,0.02199999988079071
YKL081W,YLR143W,1,-0.6635809,0.5600000023841858,0.2800000011920929,0.02199999988079071
YBR202W,YPL019C,0,-0.663702,0.5588822364807129,0.2800000011920929,0.022099999710917473
YHR084W,YDR050C,0,-0.66461056,0.5577689409255981,0.2800000011920929,0.022199999541044235
YGL111W,YGL148W,0,-0.6647561,0.5566600561141968,0.2800000011920929,0.022299999371170998
YJR101W,YER082C,0,-0.66476613,0.5555555820465088,0.2800000011920929,0.02239999920129776
YDR002W,YBR035C,0,-0.6649406,0.5544554591178894,0.2800000011920929,0.02250000089406967
YGL215W,YAL032C,0,-0.666314,0.5533596873283386,0.2800000011920929,0.022600000724196434
YDL081C,YNL063W,1,-0.66685253,0.5542406439781189,0.2809999883174896,0.022600000724196434
YGR145W,YDL083C,0,-0.6678542,0.5531495809555054,0.2809999883174896,0.022700000554323196
YLR106C,YOR276W,0,-0.66868657,0.5520628690719604,0.2809999883174896,0.02280000038444996
YER063W,YPR124W,0,-0.66899663,0.5509803891181946,0.2809999883174896,0.02290000021457672
YDR382W,YOR133W,1,-0.66914314,0.5518590807914734,0.28200000524520874,0.02290000021457672
YGL147C,YIL109C,0,-0.6703748,0.55078125,0.28200000524520874,0.023000000044703484
YMR202W,YHR141C,0,-0.67118615,0.5497075915336609,0.28200000524520874,0.023099999874830246
YNL209W,YIL103W,1,-0.6716767,0.5505836606025696,0.28299999237060547,0.023099999874830246
YDL229W,YHR064C,1,-0.6738273,0.5514563322067261,0.2840000092983246,0.023099999874830246
YLR150W,YIL103W,1,-0.67597425,0.5523256063461304,0.2849999964237213,0.023099999874830246
YJR014W,YAL036C,0,-0.67643917,0.5512572526931763,0.2849999964237213,0.02319999970495701
YLR239C,YER126C,0,-0.67644984,0.5501930713653564,0.2849999964237213,0.02329999953508377
YDR478W,YHR141C,0,-0.67724043,0.5491329431533813,0.2849999964237213,0.023399999365210533
YOR294W,YPL063W,0,-0.677872,0.5480769276618958,0.2849999964237213,0.023499999195337296
YKL068W,YPL259C,0,-0.67989933,0.5470249652862549,0.2849999964237213,0.023600000888109207
YLR150W,YPR023C,0,-0.6800949,0.545976996421814,0.2849999964237213,0.02370000071823597
YDL130W,YPR047W,0,-0.68014175,0.5449330806732178,0.2849999964237213,0.023800000548362732
YKR094C,YGL225W,0,-0.6807842,0.5438931584358215,0.2849999964237213,0.023900000378489494
YKR094C,YGR104C,0,-0.6815837,0.5428571701049805,0.2849999964237213,0.024000000208616257
YNL142W,YGL190C,0,-0.68201095,0.5418251156806946,0.2849999964237213,0.02410000003874302
YGL195W,YOR123C,0,-0.6844254,0.5407969355583191,0.2849999964237213,0.02419999986886978
YJR108W,YFL020C,0,-0.6844378,0.5397727489471436,0.2849999964237213,0.024299999698996544
YGL027C,YKL181W,0,-0.6882258,0.5387523770332336,0.2849999964237213,0.024399999529123306
YHR060W,YKL182W,0,-0.68889374,0.5377358198165894,0.2849999964237213,0.02449999935925007
YDL081C,YFR009W,1,-0.68917876,0.5386064052581787,0.28600001335144043,0.02449999935925007
YOR076C,YDL081C,1,-0.69043905,0.5394737124443054,0.28700000047683716,0.02449999935925007
YBL071W-A,YJR047C,1,-0.690655,0.5403376817703247,0.2879999876022339,0.02449999935925007
YPR119W,YLR340W,0,-0.6909059,0.5393258333206177,0.2879999876022339,0.02459999918937683
YBL071W-A,YPL048W,1,-0.692003,0.5401869416236877,0.289000004529953,0.02459999918937683
YMR116C,YOR133W,1,-0.69406635,0.5410447716712952,0.28999999165534973,0.02459999918937683
YBR187W,YPL237W,0,-0.6942147,0.540037214756012,0.28999999165534973,0.024700000882148743
YBL071W-A,YPR080W,1,-0.69434536,0.5408921837806702,0.29100000858306885,0.024700000882148743
YER161C,YDR471W,0,-0.69546485,0.5398886799812317,0.29100000858306885,0.024800000712275505
YGR181W,YJR014W,0,-0.69971746,0.5388888716697693,0.29100000858306885,0.024900000542402267
YNL113W,YPR165W,0,-0.70018595,0.5378928184509277,0.29100000858306885,0.02500000037252903
YDL229W,YGL195W,1,-0.70023865,0.5387454032897949,0.2919999957084656,0.02500000037252903
YJR074W,YGL031C,0,-0.70325214,0.5377532243728638,0.2919999957084656,0.025100000202655792
YOL077C,YGR264C,0,-0.70388395,0.5367646813392639,0.2919999957084656,0.025200000032782555
YJR077C,YMR246W,0,-0.70421094,0.5357798337936401,0.2919999957084656,0.025299999862909317
YGR254W,YPL145C,0,-0.7045285,0.5347985625267029,0.2919999957084656,0.02539999969303608
YDR303C,YLR228C,0,-0.7045417,0.5338208675384521,0.2919999957084656,0.025499999523162842
YPL220W,YER168C,0,-0.70620555,0.5328466892242432,0.2919999957084656,0.025599999353289604
YAL022C,YLR448W,0,-0.70640534,0.5318761467933655,0.2919999957084656,0.025699999183416367
YBR078W,YDR051C,0,-0.7067824,0.5309090614318848,0.2919999957084656,0.025800000876188278
YLR316C,YER102W,0,-0.707546,0.5299455523490906,0.2919999957084656,0.02590000070631504
YMR116C,YLR150W,1,-0.7084305,0.5307971239089966,0.2930000126361847,0.02590000070631504
YBR009C,YGL153W,0,-0.70857376,0.5298372507095337,0.2930000126361847,0.026000000536441803
YDR033W,YMR314W,0,-0.70884526,0.5288808941841125,0.2930000126361847,0.026100000366568565
YDL081C,YOR187W,1,-0.71078926,0.5297297239303589,0.2939999997615814,0.026100000366568565
YIL053W,YDL060W,0,-0.7134027,0.528777003288269,0.2939999997615814,0.026200000196695328
YGR020C,YDL153C,0,-0.7138626,0.5278276205062866,0.2939999997615814,0.02630000002682209
YNL284C,YKR042W,0,-0.7148536,0.5268816947937012,0.2939999997615814,0.026399999856948853
YJR047C,YIL103W,1,-0.71495736,0.5277280807495117,0.29499998688697815,0.026399999856948853
YOL039W,YPL052W,1,-0.7155141,0.5285714268684387,0.29600000381469727,0.026399999856948853
YKL192C,YBL085W,0,-0.71561974,0.5276292562484741,0.29600000381469727,0.026499999687075615
YGL195W,YDR385W,1,-0.7159577,0.5284697413444519,0.296999990940094,0.026499999687075615
YLL036C,YDR037W,0,-0.71677226,0.527531087398529,0.296999990940094,0.026599999517202377
YLR150W,YKR084C,1,-0.7173608,0.5283687710762024,0.2980000078678131,0.026599999517202377
YIL134W,YGR285C,0,-0.7183852,0.5274336338043213,0.2980000078678131,0.02669999934732914
YCR017C,YBL071W-A,0,-0.7185645,0.5265017747879028,0.2980000078678131,0.026799999177455902
YDR138W,YML126C,0,-0.7191709,0.525573194026947,0.2980000078678131,0.026900000870227814
YDR033W,YCR024C-A,0,-0.72108704,0.5246478915214539,0.2980000078678131,0.027000000700354576
YMR013C,YPR058W,0,-0.7218416,0.5237258076667786,0.2980000078678131,0.02710000053048134
YEL052W,YOL020W,0,-0.72732985,0.5228070020675659,0.2980000078678131,0.0272000003606081
YPL051W,YGL253W,0,-0.7281014,0.5218914151191711,0.2980000078678131,0.027300000190734863
YDR385W,YOR187W,1,-0.72826976,0.5227272510528564,0.29899999499320984,0.027300000190734863
YOR335C,YLR335W,0,-0.7283214,0.5218150019645691,0.29899999499320984,0.027400000020861626
YGL103W,YBL017C,0,-0.7301652,0.5209059119224548,0.29899999499320984,0.027499999850988388
YOR187W,YBR118W,1,-0.733659,0.52173912525177,0.30000001192092896,0.027499999850988388
YGR123C,YGR257C,0,-0.7343518,0.5208333134651184,0.30000001192092896,0.02759999968111515
YGL147C,YHR007C,0,-0.735429,0.5199306607246399,0.30000001192092896,0.027699999511241913
YDR316W,YMR049C,0,-0.7357184,0.5190311670303345,0.30000001192092896,0.027799999341368675
YFL036W,YNL339C,0,-0.73571956,0.5181347131729126,0.30000001192092896,0.027899999171495438
YNL067W,YDR044W,0,-0.7361397,0.517241358757019,0.30000001192092896,0.02800000086426735
YJR017C,YBL091C,0,-0.73630464,0.5163511037826538,0.30000001192092896,0.02810000069439411
YJR094W-A,YLR312W-A,0,-0.73910886,0.5154638886451721,0.30000001192092896,0.028200000524520874
YMR292W,YDR155C,0,-0.7401287,0.5145797729492188,0.30000001192092896,0.028300000354647636
YBR276C,YGL008C,0,-0.7411321,0.5136986374855042,0.30000001192092896,0.0284000001847744
YGL245W,YER060W-A,0,-0.7422157,0.5128205418586731,0.30000001192092896,0.02850000001490116
YKR021W,YDL082W,0,-0.74601096,0.511945366859436,0.30000001192092896,0.028599999845027924
YOL145C,YLR312W-A,0,-0.74700826,0.5110732316970825,0.30000001192092896,0.028699999675154686
YGL141W,YIL173W,0,-0.7474765,0.5102040767669678,0.30000001192092896,0.02879999950528145
YPL183W-A,YDL140C,0,-0.7484456,0.509337842464447,0.30000001192092896,0.02889999933540821
YBL105C,YMR189W,0,-0.74893296,0.508474588394165,0.30000001192092896,0.028999999165534973
YDR164C,YDR064W,0,-0.74933416,0.5076141953468323,0.30000001192092896,0.029100000858306885
YNL246W,YAR071W,0,-0.75012684,0.5067567825317383,0.30000001192092896,0.029200000688433647
YDL106C,YMR246W,0,-0.75065887,0.5059021711349487,0.30000001192092896,0.02930000051856041
YOR243C,YPR024W,0,-0.75107116,0.5050504803657532,0.30000001192092896,0.029400000348687172
YDL082W,YPL094C,0,-0.7512172,0.5042017102241516,0.30000001192092896,0.029500000178813934
YPL061W,YOL089C,0,-0.75212187,0.5033556818962097,0.30000001192092896,0.029600000008940697
YGL147C,YLR208W,0,-0.75351614,0.5025125741958618,0.30000001192092896,0.02969999983906746
YNL209W,YEL034W,1,-0.75357074,0.5033444762229919,0.3009999990463257,0.02969999983906746
YGR155W,YGR007W,0,-0.75359577,0.5025041699409485,0.3009999990463257,0.02979999966919422
YJR094W-A,YNL075W,0,-0.7549064,0.5016666650772095,0.3009999990463257,0.029899999499320984
YJR047C,YLR172C,1,-0.755856,0.5024958252906799,0.3019999861717224,0.029899999499320984
YBL003C,YBR002C,0,-0.7587574,0.5016611218452454,0.3019999861717224,0.029999999329447746
YDR382W,YBL071W-A,1,-0.75920874,0.5024875402450562,0.30300000309944153,0.029999999329447746
YER073W,YDR372C,0,-0.76039535,0.501655638217926,0.30300000309944153,0.03009999915957451
YDR478W,YNR036C,0,-0.7607947,0.5008264183998108,0.30300000309944153,0.03020000085234642
YBL071W-A,YLR150W,1,-0.76179165,0.5016501545906067,0.30399999022483826,0.03020000085234642
YLR155C,YJR026W,0,-0.7632634,0.5008237361907959,0.30399999022483826,0.030300000682473183
YDL229W,YLR209C,0,-0.7634171,0.5,0.30399999022483826,0.030400000512599945
YML056C,YGL097W,0,-0.76401126,0.4991789758205414,0.30399999022483826,0.030500000342726707
YNL136W,YMR272C,0,-0.7641797,0.49836066365242004,0.30399999022483826,0.03060000017285347
YCR012W,YLR312W-A,0,-0.7646349,0.4975450038909912,0.30399999022483826,0.030700000002980232
YBR034C,YGL226C-A,0,-0.76687765,0.49673202633857727,0.30399999022483826,0.030799999833106995
YLR249W,YML014W,1,-0.7672513,0.4975530207157135,0.3050000071525574,0.030799999833106995
YDR412W,YNL231C,0,-0.7677676,0.4967426657676697,0.3050000071525574,0.030899999663233757
YDL081C,YDL150W,0,-0.7688806,0.49593496322631836,0.3050000071525574,0.03099999949336052
YJR047C,YLR150W,1,-0.76893383,0.4967532455921173,0.3059999942779541,0.03099999949336052
YDR420W,YGR034W,0,-0.76981723,0.4959481358528137,0.3059999942779541,0.031099999323487282
YBL090W,YOL142W,0,-0.77027404,0.49514561891555786,0.3059999942779541,0.031199999153614044
YBL071W-A,YLR172C,1,-0.77049404,0.4959612190723419,0.3070000112056732,0.031199999153614044
YDL081C,YMR024W,1,-0.7709809,0.49677419662475586,0.30799999833106995,0.031199999153614044
YHR064C,YLR069C,1,-0.7715207,0.4975845515727997,0.3089999854564667,0.031199999153614044
YLR249W,YPR080W,1,-0.77219516,0.4983922839164734,0.3100000023841858,0.031199999153614044
YBL071W-A,YDR385W,1,-0.7725873,0.49919742345809937,0.3109999895095825,0.031199999153614044
YOL039W,YJL143W,0,-0.77312243,0.49839743971824646,0.3109999895095825,0.031300000846385956
YGL245W,YMR158W,0,-0.7753879,0.4975999891757965,0.3109999895095825,0.03139999881386757
YKL109W,YGL127C,0,-0.77578825,0.4968051016330719,0.3109999895095825,0.03150000050663948
YPL048W,YJR097W,1,-0.7762806,0.49760764837265015,0.31200000643730164,0.03150000050663948
YHR076W,YOR128C,0,-0.7766916,0.4968152940273285,0.31200000643730164,0.031599998474121094
YKL081W,YPR080W,1,-0.7771979,0.497615247964859,0.31299999356269836,0.031599998474121094
YLR150W,YHR127W,0,-0.77772266,0.4968253970146179,0.31299999356269836,0.031700000166893005
YKL006W,YDR545W,0,-0.77935386,0.4960380494594574,0.31299999356269836,0.03180000185966492
YOL039W,YMR024W,1,-0.779411,0.4968354403972626,0.3140000104904175,0.03180000185966492
YOL086C,YKL174C,0,-0.7800156,0.49605056643486023,0.3140000104904175,0.03189999982714653
YLR249W,YOR133W,1,-0.7802904,0.49684542417526245,0.3149999976158142,0.03189999982714653
YLR340W,YML025C,0,-0.78035516,0.4960629940032959,0.3149999976158142,0.03200000151991844
YCL054W,YNL067W,0,-0.7840502,0.49528300762176514,0.3149999976158142,0.032099999487400055
YDR382W,YOR187W,1,-0.7849224,0.4960753619670868,0.3160000145435333,0.032099999487400055
YPR036W,YIL117C,0,-0.7850483,0.4952978193759918,0.3160000145435333,0.03220000118017197
YJR047C,YFR009W,1,-0.7851009,0.4960876405239105,0.31700000166893005,0.03220000118017197
YGR094W,YPR132W,0,-0.7856289,0.49531251192092896,0.31700000166893005,0.03229999914765358
YHR064C,YMR024W,1,-0.7859042,0.4960998296737671,0.3179999887943268,0.03229999914765358
YDL130W,YMR024W,1,-0.78592014,0.4968847334384918,0.3190000057220459,0.03229999914765358
YBR118W,YPR080W,1,-0.7861586,0.49766719341278076,0.3199999928474426,0.03229999914765358
YGR285C,YLR069C,1,-0.78640026,0.4984472095966339,0.32100000977516174,0.03229999914765358
YKL198C,YER131W,0,-0.7871262,0.4976744055747986,0.32100000977516174,0.03240000084042549
YGL195W,YDL081C,1,-0.789809,0.49845200777053833,0.32199999690055847,0.03240000084042549
YER102W,YMR089C,0,-0.79022974,0.4976816177368164,0.32199999690055847,0.032499998807907104
YLR249W,YLR143W,1,-0.79082054,0.49845677614212036,0.3230000138282776,0.032499998807907104
YLR214W,YER059W,0,-0.7912992,0.49768874049186707,0.3230000138282776,0.032600000500679016
YJR065C,YLR262C-A,0,-0.7913042,0.4969230890274048,0.3230000138282776,0.03269999846816063
YGL195W,YJR097W,1,-0.79153305,0.4976958632469177,0.3240000009536743,0.03269999846816063
YLR359W,YIL104C,0,-0.79168147,0.4969325065612793,0.3240000009536743,0.03280000016093254
YPR132W,YGR104C,0,-0.7921369,0.4961715042591095,0.3240000009536743,0.03290000185370445
YKL191W,YKL081W,1,-0.7922071,0.4969418942928314,0.32499998807907104,0.03290000185370445
YBR199W,YGR159C,0,-0.79324013,0.49618321657180786,0.32499998807907104,0.032999999821186066
YKL024C,YNR016C,0,-0.7933546,0.49542683362960815,0.32499998807907104,0.03310000151395798
YDR382W,YMR116C,1,-0.79382056,0.49619483947753906,0.32600000500679016,0.03310000151395798
YOR323C,YEL042W,0,-0.7941808,0.4954407215118408,0.32600000500679016,0.03319999948143959
YGR094W,YOL121C,0,-0.79427636,0.4946889281272888,0.32600000500679016,0.0333000011742115
YPL093W,YDR129C,0,-0.7947292,0.4939393997192383,0.32600000500679016,0.033399999141693115
YGR296W,YPR086W,0,-0.7948002,0.4931921362876892,0.32600000500679016,0.03350000083446503
YCR018C,YIL018W,0,-0.7951944,0.4924471378326416,0.32600000500679016,0.03359999880194664
YEL040W,YOL108C,0,-0.797208,0.49170437455177307,0.32600000500679016,0.03370000049471855
YCR053W,YLR323C,0,-0.7976045,0.4909638464450836,0.32600000500679016,0.033799998462200165
YOR340C,YMR205C,0,-0.7978338,0.49022555351257324,0.32600000500679016,0.033900000154972076
YBL071W-A,YIL103W,1,-0.7988675,0.4909909963607788,0.3269999921321869,0.033900000154972076
YJR094W-A,YLL062C,0,-0.7994955,0.49025487899780273,0.3269999921321869,0.03400000184774399
YOL005C,YEL072W,0,-0.8003248,0.48952096700668335,0.3269999921321869,0.0340999998152256
YGR040W,YHL048W,0,-0.80467993,0.48878923058509827,0.3269999921321869,0.03420000150799751
YGR285C,YIL103W,1,-0.8049284,0.48955222964286804,0.328000009059906,0.03420000150799751
YIL103W,YOR187W,1,-0.80500835,0.49031296372413635,0.32899999618530273,0.03420000150799751
YGL244W,YGR060W,0,-0.8073531,0.4895833432674408,0.32899999618530273,0.034299999475479126
YBR068C,YGR034W,0,-0.8082809,0.48885586857795715,0.32899999618530273,0.03440000116825104
YBR208C,YOR369C,0,-0.80914384,0.4881305694580078,0.32899999618530273,0.03449999913573265
YDL052C,YDL055C,0,-0.80925655,0.4874074161052704,0.32899999618530273,0.03460000082850456
YHR051W,YDL117W,0,-0.81040865,0.4866863787174225,0.32899999618530273,0.034699998795986176
YKL216W,YDR145W,0,-0.8104692,0.4859675168991089,0.32899999618530273,0.03480000048875809
YHR092C,YIL018W,0,-0.81238776,0.4852507412433624,0.32899999618530273,0.0348999984562397
YOR096W,YMR266W,0,-0.8138479,0.4845360815525055,0.32899999618530273,0.03500000014901161
YGR132C,YHR055C,0,-0.81419915,0.4838235378265381,0.32899999618530273,0.035100001841783524
YHR064C,YPR080W,1,-0.814848,0.48458150029182434,0.33000001311302185,0.035100001841783524
YDR331W,YOL097C,0,-0.81622183,0.4838709533214569,0.33000001311302185,0.03519999980926514
YOR213C,YCL010C,0,-0.81647295,0.483162522315979,0.33000001311302185,0.03530000150203705
YGL031C,YMR059W,0,-0.8170143,0.48245614767074585,0.33000001311302185,0.03539999946951866
YLR075W,YER155C,0,-0.8180367,0.48175182938575745,0.33000001311302185,0.03550000116229057
YMR116C,YMR024W,1,-0.8181973,0.48250728845596313,0.3310000002384186,0.03550000116229057
YBL071W-A,YOR133W,1,-0.8189355,0.48326054215431213,0.3319999873638153,0.03550000116229057
YHL020C,YKR085C,0,-0.8195093,0.48255813121795654,0.3319999873638153,0.035599999129772186
YLR295C,YLR384C,0,-0.8214709,0.4818577766418457,0.3319999873638153,0.0357000008225441
YGL167C,YOR145C,0,-0.82183087,0.48115941882133484,0.3319999873638153,0.03579999879002571
YNL191W,YHR021C,0,-0.8220778,0.48046308755874634,0.3319999873638153,0.03590000048279762
YBL071W-A,YKL081W,1,-0.8245022,0.48121386766433716,0.3330000042915344,0.03590000048279762
YDL120W,YPL231W,0,-0.8245943,0.48051947355270386,0.3330000042915344,0.035999998450279236
YHR072W-A,YOR115C,0,-0.82488185,0.47982707619667053,0.3330000042915344,0.03610000014305115
YHR089C,YER007C-A,0,-0.8248835,0.47913670539855957,0.3330000042915344,0.03620000183582306
YMR116C,YPR080W,1,-0.8251192,0.479885071516037,0.33399999141693115,0.03620000183582306
YMR116C,YPL048W,1,-0.82645756,0.4806312620639801,0.33500000834465027,0.03620000183582306
YKL156W,YDR389W,0,-0.8272733,0.4799426794052124,0.33500000834465027,0.03629999980330467
YBR010W,YDL006W,0,-0.82729584,0.4792560935020447,0.33500000834465027,0.036400001496076584
YOR354C,YHR010W,0,-0.8278473,0.47857141494750977,0.33500000834465027,0.0364999994635582
YIR005W,YKL094W,0,-0.82801336,0.47788873314857483,0.33500000834465027,0.03660000115633011
YLR430W,YOR122C,0,-0.82822376,0.4772079885005951,0.33500000834465027,0.03669999912381172
YBL071W-A,YKR084C,1,-0.82856005,0.47795164585113525,0.335999995470047,0.03669999912381172
YKL081W,YKR084C,1,-0.8286486,0.4786931872367859,0.3370000123977661,0.03669999912381172
YBR189W,YJL157C,0,-0.82953614,0.47801417112350464,0.3370000123977661,0.03680000081658363
YMR116C,YOR187W,1,-0.8298858,0.47875353693962097,0.33799999952316284,0.03680000081658363
YGR270W,YLR190W,0,-0.8299201,0.47807636857032776,0.33799999952316284,0.03689999878406525
YDR447C,YGL008C,0,-0.830213,0.47740113735198975,0.33799999952316284,0.03700000047683716
YDL117W,YLR029C,0,-0.8311053,0.47672778367996216,0.33799999952316284,0.03709999844431877
YGR214W,YOL007C,0,-0.83209354,0.4760563373565674,0.33799999952316284,0.03720000013709068
YKR068C,YDR471W,0,-0.8327791,0.47538676857948303,0.33799999952316284,0.037300001829862595
YMR029C,YLR249W,0,-0.8332124,0.4747191071510315,0.33799999952316284,0.03739999979734421
YNL031C,YGR172C,0,-0.8334505,0.474053293466568,0.33799999952316284,0.03750000149011612
YFL031W,YPR086W,0,-0.8337684,0.4733893573284149,0.33799999952316284,0.03759999945759773
YDL229W,YPL048W,1,-0.83507675,0.47412586212158203,0.33899998664855957,0.03759999945759773
YML085C,YPR190C,0,-0.835283,0.47346368432044983,0.33899998664855957,0.037700001150369644
YJL197W,YMR272C,0,-0.83600885,0.47280335426330566,0.33899998664855957,0.03779999911785126
YKR057W,YKL145W,0,-0.83645535,0.47214484214782715,0.33899998664855957,0.03790000081062317
YKL191W,YFR009W,1,-0.8367222,0.47287899255752563,0.3400000035762787,0.03790000081062317
YML073C,YDR494W,0,-0.83679086,0.4722222089767456,0.3400000035762787,0.03799999877810478
YPL259C,YDR471W,0,-0.83693653,0.4715672731399536,0.3400000035762787,0.038100000470876694
YBL087C,YPR131C,0,-0.83852524,0.4709141254425049,0.3400000035762787,0.03819999843835831
YGR254W,YKL183W,0,-0.8390692,0.4702627956867218,0.3400000035762787,0.03830000013113022
YMR236W,YHR007C,0,-0.8393591,0.469613254070282,0.3400000035762787,0.03840000182390213
YEL034W,YLR069C,1,-0.8409306,0.4703448414802551,0.3409999907016754,0.03840000182390213
YEL034W,YDL130W,1,-0.8417035,0.4710743725299835,0.34200000762939453,0.03840000182390213
YDR420W,YJL189W,0,-0.8422908,0.47042641043663025,0.34200000762939453,0.03849999979138374
YOR076C,YPR080W,1,-0.8433737,0.4711538553237915,0.34299999475479126,0.03849999979138374
YDR381W,YER101C,0,-0.84445983,0.47050753235816956,0.34299999475479126,0.038600001484155655
YNL209W,YBL071W-A,1,-0.8471783,0.47123289108276367,0.3440000116825104,0.038600001484155655
YBL071W-A,YNL199C,0,-0.8472618,0.47058823704719543,0.3440000116825104,0.03869999945163727
YJR137C,YNL229C,0,-0.84733766,0.46994534134864807,0.3440000116825104,0.03880000114440918
YOR084W,YEL003W,0,-0.8475358,0.46930423378944397,0.3440000116825104,0.03889999911189079
YDR116C,YKL143W,0,-0.8476475,0.46866485476493835,0.3440000116825104,0.039000000804662704
YER102W,YBR208C,0,-0.8490929,0.4680272042751312,0.3440000116825104,0.03909999877214432
YBL011W,YIL018W,0,-0.85009676,0.46739131212234497,0.3440000116825104,0.03920000046491623
YOR133W,YPL052W,1,-0.85074896,0.4681139886379242,0.3449999988079071,0.03920000046491623
YOR167C,YER132C,0,-0.8514415,0.4674796760082245,0.3449999988079071,0.03929999843239784
YLR249W,YDR333C,1,-0.8529704,0.4682002663612366,0.34599998593330383,0.03929999843239784
YOR382W,YPR034W,0,-0.8539879,0.4675675630569458,0.34599998593330383,0.039400000125169754
YLR264W,YDR041W,0,-0.8563962,0.46693655848503113,0.34599998593330383,0.039500001817941666
YHL007C,YGL245W,0,-0.85674644,0.46630728244781494,0.34599998593330383,0.03959999978542328
YOL081W,YDR422C,0,-0.8571813,0.46567967534065247,0.34599998593330383,0.03970000147819519
YGR263C,YLR256W,0,-0.857769,0.4650537669658661,0.34599998593330383,0.039799999445676804
YBL071W-A,YPL052W,1,-0.8588219,0.4657718241214752,0.34700000286102295,0.039799999445676804
YGR155W,YDR041W,0,-0.85922223,0.465147465467453,0.34700000286102295,0.039900001138448715
YLL001W,YLL061W,0,-0.8596499,0.4645247757434845,0.34700000286102295,0.03999999910593033
YPL043W,YBR221C,0,-0.8610342,0.4639037549495697,0.34700000286102295,0.04010000079870224
YNL315C,YMR014W,0,-0.86267364,0.46328437328338623,0.34700000286102295,0.04019999876618385
YNL119W,YPL061W,0,-0.86426175,0.46266666054725647,0.34700000286102295,0.040300000458955765
YBL071W-A,YGL191W,0,-0.8647807,0.46205058693885803,0.34700000286102295,0.04039999842643738
YOR133W,YMR024W,1,-0.8650431,0.46276596188545227,0.3479999899864197,0.04039999842643738
YNL062C,YPL081W,0,-0.86554885,0.4621514081954956,0.3479999899864197,0.04050000011920929
YFL004W,YER048W-A,0,-0.8663495,0.4615384638309479,0.3479999899864197,0.0406000018119812
YKL081W,YLR069C,1,-0.8666732,0.4622516632080078,0.3490000069141388,0.0406000018119812
YAL031C,YBR273C,0,-0.86705273,0.46164020895957947,0.3490000069141388,0.040699999779462814
YFR006W,YOR272W,0,-0.8675009,0.46103039383888245,0.3490000069141388,0.040800001472234726
YKL004W,YJL001W,0,-0.86763,0.460422158241272,0.3490000069141388,0.04089999943971634
YGL030W,YDR291W,0,-0.867998,0.45981553196907043,0.3490000069141388,0.04100000113248825
YIL103W,YPR080W,1,-0.8680882,0.46052631735801697,0.3499999940395355,0.04100000113248825
YKL029C,YDL182W,0,-0.86878717,0.4599211513996124,0.3499999940395355,0.041099999099969864
YGL195W,YLR172C,1,-0.8699818,0.4606299102306366,0.35100001096725464,0.041099999099969864
YAL033W,YLR244C,0,-0.87014896,0.46002620458602905,0.35100001096725464,0.041200000792741776
YNL014W,YBL071W-A,1,-0.87015307,0.46073299646377563,0.35199999809265137,0.041200000792741776
YDR382W,YPL048W,1,-0.870238,0.4614379107952118,0.3529999852180481,0.041200000792741776
YDL229W,YBL071W-A,1,-0.8710437,0.4621409773826599,0.3540000021457672,0.041200000792741776
YER123W,YDR127W,0,-0.87140054,0.4615384638309479,0.3540000021457672,0.04129999876022339
YOR374W,YAL019W,0,-0.8727408,0.4609375,0.3540000021457672,0.0414000004529953
YDR382W,YNL014W,1,-0.87361354,0.461638480424881,0.35499998927116394,0.0414000004529953
YNL112W,YOR231W,0,-0.874378,0.4610389471054077,0.35499998927116394,0.04149999842047691
YGL029W,YBR146W,0,-0.8750846,0.460440993309021,0.35499998927116394,0.041600000113248825
YOR210W,YBL047C,0,-0.8751057,0.45984455943107605,0.35499998927116394,0.04170000180602074
YBL071W-A,YGL110C,1,-0.8762509,0.46054333448410034,0.35600000619888306,0.04170000180602074
YAR027W,YMR251W-A,0,-0.87656343,0.45994833111763,0.35600000619888306,0.04179999977350235
YPR145W,YER172C,0,-0.87657905,0.45935484766960144,0.35600000619888306,0.04190000146627426
YLR340W,YNL323W,0,-0.87719256,0.45876288414001465,0.35600000619888306,0.041999999433755875
YEL020W-A,YOL127W,0,-0.87771374,0.458172470331192,0.35600000619888306,0.042100001126527786
YLR256W,YOL095C,0,-0.8780799,0.45758354663848877,0.35600000619888306,0.0421999990940094
YPL011C,YDR343C,0,-0.8785851,0.4569961428642273,0.35600000619888306,0.04230000078678131
YHR187W,YER002W,0,-0.8786583,0.4564102590084076,0.35600000619888306,0.042399998754262924
YKL081W,YPL052W,1,-0.8788126,0.45710626244544983,0.3569999933242798,0.042399998754262924
YDL130W,YOR133W,1,-0.8788364,0.4578005075454712,0.3580000102519989,0.042399998754262924
YHR034C,YDR079C-A,0,-0.87993324,0.4572158455848694,0.3580000102519989,0.042500000447034836
YGL226C-A,YMR305C,0,-0.88041276,0.4566326439380646,0.3580000102519989,0.04259999841451645
YMR316W,YOL105C,0,-0.88092893,0.45605096220970154,0.3580000102519989,0.04270000010728836
YLL052C,YOL004W,0,-0.8810358,0.4554707407951355,0.3580000102519989,0.04280000180006027
YBR110W,YEL009C,0,-0.8815797,0.45489200949668884,0.3580000102519989,0.042899999767541885
YMR153W,YGR279C,0,-0.88213885,0.4543147087097168,0.3580000102519989,0.0430000014603138
YMR314W,YIL027C,0,-0.8823653,0.45373889803886414,0.3580000102519989,0.04309999942779541
YKL068W,YLR166C,0,-0.8832304,0.45316454768180847,0.3580000102519989,0.04320000112056732
YKL008C,YDL198C,0,-0.8834782,0.4525916576385498,0.3580000102519989,0.043299999088048935
YDL081C,YPL052W,1,-0.8841473,0.45328283309936523,0.35899999737739563,0.043299999088048935
YIL003W,YCR095C,0,-0.88580036,0.45271122455596924,0.35899999737739563,0.04340000078082085
YGR285C,YLR143W,1,-0.8861893,0.45340049266815186,0.36000001430511475,0.04340000078082085
YNR028W,YIL119C,0,-0.8868148,0.4528301954269409,0.36000001430511475,0.04349999874830246
YCR067C,YIL115C,0,-0.8871761,0.4522612988948822,0.36000001430511475,0.04360000044107437
YHR064C,YDR266C,1,-0.8873558,0.45294857025146484,0.3610000014305115,0.04360000044107437
YGL195W,YOL039W,1,-0.8900009,0.4536340832710266,0.3619999885559082,0.04360000044107437
YOR359W,YBR179C,0,-0.8904275,0.45306631922721863,0.3619999885559082,0.043699998408555984
YNL209W,YLR143W,1,-0.89116967,0.45375001430511475,0.3630000054836273,0.043699998408555984
YDR381W,YKL204W,0,-0.89152914,0.45318353176116943,0.3630000054836273,0.043800000101327896
YDR028C,YPR089W,0,-0.89195246,0.45261844992637634,0.3630000054836273,0.04390000179409981
YCR024C-A,YOR337W,0,-0.89205784,0.45205479860305786,0.3630000054836273,0.04399999976158142
YPL048W,YHR064C,1,-0.8922093,0.4527363181114197,0.36399999260902405,0.04399999976158142
YOR359W,YBR221C,0,-0.89298296,0.4521739184856415,0.36399999260902405,0.04410000145435333
YCL010C,YMR146C,0,-0.8932561,0.4516128897666931,0.36399999260902405,0.044199999421834946
YOR234C,YHR119W,0,-0.89420056,0.45105329155921936,0.36399999260902405,0.04430000111460686
YER165W,YPR133W-A,0,-0.894619,0.45049506425857544,0.36399999260902405,0.04439999908208847
YJR047C,YKL081W,1,-0.8947095,0.4511742889881134,0.36500000953674316,0.04439999908208847
YGL144C,YGL031C,0,-0.89504826,0.4506172835826874,0.36500000953674316,0.04450000077486038
YOL059W,YER063W,0,-0.89514834,0.4500616490840912,0.36500000953674316,0.044599998742341995
YLR291C,YOL124C,0,-0.89526933,0.44950738549232483,0.36500000953674316,0.04470000043511391
YOL086C,YER019W,0,-0.8965188,0.4489544928073883,0.36500000953674316,0.04479999840259552
YGL195W,YLR150W,1,-0.8968166,0.4496314525604248,0.3659999966621399,0.04479999840259552
YDL066W,YGL060W,0,-0.8970387,0.4490797519683838,0.3659999966621399,0.04490000009536743
YAL003W,YLR143W,1,-0.89732116,0.44975489377975464,0.367000013589859,0.04490000009536743
YMR038C,YMR116C,0,-0.89812547,0.4492044150829315,0.367000013589859,0.04500000178813934
YNL078W,YMR309C,0,-0.89834297,0.44865524768829346,0.367000013589859,0.045099999755620956
YBL071W-A,YFR009W,1,-0.8986197,0.4493284523487091,0.36800000071525574,0.045099999755620956
YKR055W,YER081W,0,-0.9002448,0.44878047704696655,0.36800000071525574,0.04520000144839287
YLR239C,YOL010W,0,-0.9004157,0.44823387265205383,0.36800000071525574,0.04529999941587448
YDR496C,YLR192C,0,-0.90147704,0.4476885497570038,0.36800000071525574,0.04540000110864639
YML056C,YGR089W,0,-0.90148836,0.44714459776878357,0.36800000071525574,0.045499999076128006
YLR055C,YDR079C-A,0,-0.90236104,0.446601927280426,0.36800000071525574,0.04560000076889992
YMR146C,YLL008W,0,-0.90242934,0.4460605978965759,0.36800000071525574,0.04569999873638153
YMR116C,YBR246W,1,-0.90337247,0.44673123955726624,0.36899998784065247,0.04569999873638153
YCR039C,YGR063C,0,-0.9036922,0.44619104266166687,0.36899998784065247,0.04580000042915344
YDL123W,YKL178C,0,-0.90379214,0.44565218687057495,0.36899998784065247,0.045899998396635056
YGL195W,YOR187W,1,-0.9046148,0.44632086157798767,0.3700000047683716,0.045899998396635056
YGL195W,YDL130W,1,-0.90472776,0.44698795676231384,0.3709999918937683,0.045899998396635056
YPL118W,YGR214W,0,-0.90506357,0.44645005464553833,0.3709999918937683,0.04600000008940697
YKR076W,YGL134W,0,-0.90534097,0.4459134638309479,0.3709999918937683,0.04610000178217888
YDL248W,YPL220W,0,-0.90535665,0.4453781545162201,0.3709999918937683,0.04619999974966049
YLR186W,YOR187W,0,-0.90568906,0.444844126701355,0.3709999918937683,0.046300001442432404
YPL112C,YHL003C,0,-0.9060449,0.44431138038635254,0.3709999918937683,0.04639999940991402
YOR159C,YIL098C,0,-0.9061699,0.44377991557121277,0.3709999918937683,0.04650000110268593
YKL043W,YLR425W,0,-0.9061759,0.4432497024536133,0.3709999918937683,0.04659999907016754
YKL013C,YDL182W,0,-0.9079614,0.44272077083587646,0.3709999918937683,0.04670000076293945
YDR140W,YDL171C,0,-0.91020006,0.44219309091567993,0.3709999918937683,0.046799998730421066
YJR065C,YJR109C,0,-0.9104799,0.4416666626930237,0.3709999918937683,0.04690000042319298
YOR119C,YNL199C,0,-0.9112975,0.4411414861679077,0.3709999918937683,0.04699999839067459
YPL283C,YKR014C,0,-0.9118871,0.4406175911426544,0.3709999918937683,0.0471000000834465
YBL071W-A,YLR069C,1,-0.91388094,0.44128113985061646,0.3720000088214874,0.0471000000834465
YOR171C,YFR001W,0,-0.9138926,0.44075828790664673,0.3720000088214874,0.047200001776218414
YMR186W,YKL078W,0,-0.9140603,0.4402366876602173,0.3720000088214874,0.04729999974370003
YNL240C,YDR064W,0,-0.91407967,0.43971630930900574,0.3720000088214874,0.04740000143647194
YKL025C,YPL030W,0,-0.91439545,0.4391971528530121,0.3720000088214874,0.04749999940395355
YKR057W,YML081C-A,0,-0.91474634,0.4386792480945587,0.3720000088214874,0.047600001096725464
YJR072C,YMR225C,0,-0.91485643,0.43816253542900085,0.3720000088214874,0.04769999906420708
YBR118W,YOR264W,0,-0.91491765,0.4376470446586609,0.3720000088214874,0.04780000075697899
YAR009C,YLR157C-B,0,-0.9162427,0.4371327757835388,0.3720000088214874,0.0478999987244606
YLR106C,YGL253W,0,-0.9163845,0.43661972880363464,0.3720000088214874,0.04800000041723251
YHR024C,YDR345C,0,-0.91732,0.4361078441143036,0.3720000088214874,0.04809999838471413
YER036C,YDR175C,0,-0.91874844,0.43559718132019043,0.3720000088214874,0.04820000007748604
YDR179C,YPR102C,0,-0.9203456,0.4350877106189728,0.3720000088214874,0.04830000177025795
YJR123W,YIL173W,0,-0.9220461,0.43457943201065063,0.3720000088214874,0.04839999973773956
YNL241C,YLR009W,0,-0.9220543,0.434072345495224,0.3720000088214874,0.048500001430511475
YCL011C,YBR084W,0,-0.9224078,0.4335664212703705,0.3720000088214874,0.04859999939799309
YNL284C,YJR063W,0,-0.92262787,0.4330616891384125,0.3720000088214874,0.048700001090765
YOR159C,YIR006C,0,-0.92297465,0.43255814909935,0.3720000088214874,0.04879999905824661
YGR055W,YDR422C,0,-0.92340374,0.4320557415485382,0.3720000088214874,0.048900000751018524
YHR064C,YML014W,1,-0.9236985,0.4327146112918854,0.37299999594688416,0.048900000751018524
YOR133W,YLR143W,1,-0.92409134,0.43337196111679077,0.37400001287460327,0.048900000751018524
YIL069C,YDR148C,0,-0.9241348,0.43287035822868347,0.37400001287460327,0.04899999871850014
YPL061W,YPL128C,0,-0.9243733,0.4323699474334717,0.37400001287460327,0.04910000041127205
YDR189W,YDR385W,0,-0.9261183,0.4318706691265106,0.37400001287460327,0.04919999837875366
YNL261W,YDR320C-A,0,-0.9274195,0.4313725531101227,0.37400001287460327,0.049300000071525574
YPR033C,YJR049C,0,-0.9286647,0.4308755695819855,0.37400001287460327,0.049400001764297485
YNL023C,YPR133W-A,0,-0.92903227,0.4303797483444214,0.37400001287460327,0.0494999997317791
YBR246W,YDL130W,1,-0.9290636,0.43103447556495667,0.375,0.0494999997317791
YML017W,YGL203C,0,-0.9304317,0.430539608001709,0.375,0.04960000142455101
YAL016W,YLR328W,0,-0.9312987,0.43004587292671204,0.375,0.04969999939203262
YDR382W,YLR143W,1,-0.9317015,0.4306987524032593,0.37599998712539673,0.04969999939203262
YPR169W,YHR141C,0,-0.93200463,0.43020594120025635,0.37599998712539673,0.049800001084804535
YDR128W,YLR450W,0,-0.93233734,0.42971429228782654,0.37599998712539673,0.04989999905228615
YHR064C,YBR118W,1,-0.9327014,0.43036529421806335,0.37700000405311584,0.04989999905228615
YNL297C,YOR098C,0,-0.93464667,0.42987456917762756,0.37700000405311584,0.05000000074505806
YBL082C,YDR320C-A,0,-0.9349571,0.4293849766254425,0.37700000405311584,0.05009999871253967
YER006W,YNL330C,0,-0.9356013,0.4288964867591858,0.37700000405311584,0.050200000405311584
YEL040W,YMR235C,0,-0.93570715,0.4284090995788574,0.37700000405311584,0.0502999983727932
YAL048C,YGR185C,0,-0.9377439,0.4279228150844574,0.37700000405311584,0.05040000006556511
YJL177W,YOL049W,0,-0.93853694,0.4274376332759857,0.37700000405311584,0.05050000175833702
YIL103W,YKL081W,1,-0.9386235,0.4280860722064972,0.3779999911785126,0.05050000175833702
YIR005W,YLR299W,0,-0.93949604,0.42760181427001953,0.3779999911785126,0.050599999725818634
YNL130C,YDL140C,0,-0.93963546,0.4271186292171478,0.3779999911785126,0.050700001418590546
YPL048W,YPL052W,1,-0.9397714,0.42776525020599365,0.3790000081062317,0.050700001418590546
YBL071W-A,YMR024W,1,-0.940634,0.4284103810787201,0.3799999952316284,0.050700001418590546
YDR128W,YPL143W,0,-0.94128937,0.4279279410839081,0.3799999952316284,0.05079999938607216
YGR013W,YFR046C,0,-0.94188917,0.427446573972702,0.3799999952316284,0.05090000107884407
YNL231C,YDR299W,0,-0.94285446,0.42696627974510193,0.3799999952316284,0.050999999046325684
YGL195W,YLR143W,1,-0.94577056,0.4276094138622284,0.38100001215934753,0.050999999046325684
YPR021C,YHR064C,0,-0.9466285,0.4271300435066223,0.38100001215934753,0.051100000739097595
YDR545W,YOL142W,0,-0.9469301,0.4266517460346222,0.38100001215934753,0.05119999870657921
YOL039W,YLR069C,1,-0.9470366,0.427293062210083,0.38199999928474426,0.05119999870657921
YJR123W,YDR527W,0,-0.9482828,0.42681562900543213,0.38199999928474426,0.05130000039935112
YGR150C,YDR224C,0,-0.9501901,0.4263392984867096,0.38199999928474426,0.05139999836683273
YCL018W,YGR214W,0,-0.9502211,0.42586398124694824,0.38199999928474426,0.051500000059604645
YBL071W-A,YOL039W,1,-0.9515012,0.42650333046913147,0.382999986410141,0.051500000059604645
YER052C,YBL098W,0,-0.9516055,0.42602890729904175,0.382999986410141,0.051600001752376556
YHR142W,YOL003C,0,-0.95210594,0.425555557012558,0.382999986410141,0.05169999971985817
YDL182W,YHL040C,0,-0.9523981,0.4250832498073578,0.382999986410141,0.05180000141263008
YJR047C,YHR064C,1,-0.952399,0.4257206320762634,0.3840000033378601,0.05180000141263008
YAL005C,YOL095C,0,-0.9524079,0.4252491593360901,0.3840000033378601,0.051899999380111694
YHR064C,YKR084C,1,-0.9524303,0.4258849620819092,0.38499999046325684,0.051899999380111694
YIR026C,YOL124C,0,-0.952447,0.4254143536090851,0.38499999046325684,0.052000001072883606
YDR322C-A,YOL058W,0,-0.9546911,0.42494481801986694,0.38499999046325684,0.05209999904036522
YMR120C,YKL056C,0,-0.9555068,0.42447629570961,0.38499999046325684,0.05220000073313713
YDL171C,YDR363W-A,0,-0.9563431,0.4240088164806366,0.38499999046325684,0.052299998700618744
YDR326C,YDL136W,0,-0.95712155,0.4235423505306244,0.38499999046325684,0.052400000393390656
YEL071W,YOR204W,0,-0.9574383,0.42307692766189575,0.38499999046325684,0.05249999836087227
YIL139C,YMR196W,0,-0.9591788,0.4226125180721283,0.38499999046325684,0.05260000005364418
YMR116C,YPL052W,1,-0.9597513,0.4232456088066101,0.38600000739097595,0.05260000005364418
YPR163C,YDR194C,0,-0.9607188,0.4227820336818695,0.38600000739097595,0.05270000174641609
YHR171W,YNL339C,0,-0.96073085,0.4223194718360901,0.38600000739097595,0.052799999713897705
YOL139C,YCL057W,0,-0.9608479,0.42185792326927185,0.38600000739097595,0.05290000140666962
YGR148C,YKL057C,0,-0.96203667,0.4213973879814148,0.38600000739097595,0.05299999937415123
YBL003C,YDR116C,0,-0.9622757,0.42093783617019653,0.38600000739097595,0.05310000106692314
YJL138C,YDR216W,0,-0.96285856,0.42047929763793945,0.38600000739097595,0.053199999034404755
YDL212W,YLR413W,0,-0.9651714,0.42002177238464355,0.38600000739097595,0.053300000727176666
YMR054W,YPL183C,0,-0.96558756,0.41956523060798645,0.38600000739097595,0.05339999869465828
YEL034W,YPL052W,1,-0.9657923,0.42019543051719666,0.3869999945163727,0.05339999869465828
YJR047C,YOR187W,1,-0.9663809,0.4208242893218994,0.3880000114440918,0.05339999869465828
YLR229C,YGR279C,0,-0.9665421,0.42036837339401245,0.3880000114440918,0.05350000038743019
YMR074C,YBL061C,0,-0.9667478,0.4199134111404419,0.3880000114440918,0.053599998354911804
YJR050W,YPL106C,0,-0.96696025,0.4194594621658325,0.3880000114440918,0.053700000047683716
YMR146C,YML126C,0,-0.9669648,0.41900646686553955,0.3880000114440918,0.05380000174045563
YGR128C,YPR023C,0,-0.96696657,0.41855448484420776,0.3880000114440918,0.05389999970793724
YDR214W,YKL143W,0,-0.9680343,0.4181034564971924,0.3880000114440918,0.05400000140070915
YMR116C,YLR143W,1,-0.9682295,0.4187298119068146,0.3889999985694885,0.05400000140070915
YJR121W,YCL026C-B,0,-0.9690519,0.4182795584201813,0.3889999985694885,0.054099999368190765
YEL013W,YKL032C,0,-0.9691201,0.41783028841018677,0.3889999985694885,0.05420000106096268
YGR068C,YOR167C,0,-0.97005475,0.41738197207450867,0.3889999985694885,0.05429999902844429
YPL041C,YPL088W,0,-0.9718326,0.416934609413147,0.3889999985694885,0.0544000007212162
YIL103W,YMR024W,1,-0.9718558,0.417558878660202,0.38999998569488525,0.0544000007212162
YHR135C,YAL003W,0,-0.97243243,0.4171122908592224,0.38999998569488525,0.054499998688697815
YPL037C,YAL005C,0,-0.9726227,0.4166666567325592,0.38999998569488525,0.05460000038146973
YCR012W,YOL003C,0,-0.9728711,0.4162219762802124,0.38999998569488525,0.05469999834895134
YML063W,YGR152C,0,-0.9731663,0.415778249502182,0.38999998569488525,0.05480000004172325
YBR262C,YHR146W,0,-0.9735131,0.415335476398468,0.38999998569488525,0.05490000173449516
YOR133W,YDR266C,1,-0.9739314,0.4159574508666992,0.39100000262260437,0.05490000173449516
YDL229W,YML014W,1,-0.97488266,0.41657811403274536,0.3919999897480011,0.05490000173449516
YNL240C,YDR322C-A,0,-0.9755556,0.41613587737083435,0.3919999897480011,0.054999999701976776
YDR382W,YLR069C,1,-0.9759243,0.4167550504207611,0.3930000066757202,0.054999999701976776
YPR056W,YIL123W,0,-0.9767915,0.4163135588169098,0.3930000066757202,0.05510000139474869
YOR056C,YAL039C,0,-0.97715354,0.4158730208873749,0.3930000066757202,0.0551999993622303
YGR285C,YGL195W,1,-0.9771795,0.41649049520492554,0.39399999380111694,0.0551999993622303
YDR382W,YMR247C,1,-0.9777161,0.41710665822029114,0.39500001072883606,0.0551999993622303
YGL009C,YJL097W,0,-0.97895634,0.4166666567325592,0.39500001072883606,0.05530000105500221
YBL011W,YNL215W,0,-0.97979975,0.4162276089191437,0.39500001072883606,0.055399999022483826
YKL192C,YGR120C,0,-0.97984666,0.41578948497772217,0.39500001072883606,0.05550000071525574
YER117W,YIL085C,0,-0.9804522,0.4153522551059723,0.39500001072883606,0.05559999868273735
YML088W,YOL154W,0,-0.98055595,0.4149159789085388,0.39500001072883606,0.05570000037550926
YOR076C,YBL071W-A,1,-0.98358095,0.41552990674972534,0.3959999978542328,0.05570000037550926
YIL069C,YOR172W,0,-0.9837675,0.4150943458080292,0.3959999978542328,0.055799998342990875
YER146W,YIL156W,0,-0.9838248,0.41465967893600464,0.3959999978542328,0.05590000003576279
YOR172W,YOR394W,0,-0.98444647,0.4142259359359741,0.3959999978542328,0.0560000017285347
YCR033W,YDL093W,0,-0.9845939,0.4137931168079376,0.3959999978542328,0.05609999969601631
YPL032C,YHL001W,0,-0.9854997,0.41336116194725037,0.3959999978542328,0.05620000138878822
YGR061C,YLR204W,0,-0.98634636,0.41293013095855713,0.3959999978542328,0.056299999356269836
YLR192C,YOR319W,0,-0.98713666,0.4124999940395355,0.3959999978542328,0.05640000104904175
YMR243C,YGL186C,0,-0.9871869,0.41207075119018555,0.3959999978542328,0.05649999901652336
YGL195W,YLR069C,1,-0.9874707,0.41268190741539,0.3970000147819519,0.05649999901652336
YKL060C,YBR057C,0,-0.9877753,0.41225337982177734,0.3970000147819519,0.05660000070929527
YOR278W,YKL085W,0,-0.9881826,0.4118257164955139,0.3970000147819519,0.056699998676776886
YGL195W,YGL110C,1,-0.9883034,0.41243523359298706,0.39800000190734863,0.056699998676776886
YIL053W,YNL291C,0,-0.98958105,0.41200828552246094,0.39800000190734863,0.0568000003695488
YER002W,YBR037C,0,-0.9901684,0.41158220171928406,0.39800000190734863,0.05689999833703041
YLR083C,YLR203C,0,-0.99016947,0.4111570119857788,0.39800000190734863,0.05700000002980232
YGL195W,YIL103W,1,-0.9902081,0.4117647111415863,0.39899998903274536,0.05700000002980232
YLL024C,YML082W,0,-0.9906866,0.41134020686149597,0.39899998903274536,0.057100001722574234
YKL209C,YIL034C,0,-0.99108523,0.4109165668487549,0.39899998903274536,0.05719999969005585
YLR080W,YOL051W,0,-0.9926779,0.4104938209056854,0.39899998903274536,0.05730000138282776
YOR226C,YNL004W,0,-0.9927501,0.4100719392299652,0.39899998903274536,0.05739999935030937
YLR249W,YDR266C,1,-0.99473405,0.41067761182785034,0.4000000059604645,0.05739999935030937
YNR031C,YCL026C-B,0,-0.9948937,0.41025641560554504,0.4000000059604645,0.057500001043081284
YBR276C,YFL045C,0,-0.99508375,0.4098360538482666,0.4000000059604645,0.0575999990105629
YMR116C,YLR069C,1,-0.9957598,0.4104401171207428,0.4009999930858612,0.0575999990105629
YKR061W,YAL005C,0,-0.99626523,0.4100204408168793,0.4009999930858612,0.05770000070333481
YPL120W,YJR109C,0,-0.9964523,0.409601628780365,0.4009999930858612,0.05779999867081642
YIL171W,YBR158W,0,-0.9964543,0.40918368101119995,0.4009999930858612,0.05790000036358833
YLR172C,YFR009W,1,-0.9966437,0.4097859263420105,0.4020000100135803,0.05790000036358833
YOR298W,YAL060W,0,-0.9967167,0.409368634223938,0.4020000100135803,0.057999998331069946
YOR048C,YLL036C,0,-0.9972859,0.40895217657089233,0.4020000100135803,0.05810000002384186
YDR432W,YOL027C,0,-0.99751216,0.4085365831851959,0.4020000100135803,0.05820000171661377
YGL245W,YBR022W,0,-0.99769765,0.40812182426452637,0.4020000100135803,0.05829999968409538
YDL229W,YGL110C,1,-0.99789065,0.4087221026420593,0.40299999713897705,0.05829999968409538
YMR247C,YCR067C,0,-0.9982447,0.4083079993724823,0.40299999713897705,0.058400001376867294
YOL008W,YPL198W,0,-0.99829596,0.40789473056793213,0.40299999713897705,0.05849999934434891
YDR439W,YLL024C,0,-0.99902844,0.4074822962284088,0.40299999713897705,0.05860000103712082
YOL058W,YPL161C,0,-0.99941534,0.40707069635391235,0.40299999713897705,0.05869999900460243
YGR285C,YJR097W,1,-0.99979913,0.4076690077781677,0.40400001406669617,0.05869999900460243
YAL003W,YGL110C,1,-1.0006144,0.4082661271095276,0.4050000011920929,0.05869999900460243
YBR246W,YOL039W,1,-1.0012492,0.40886202454566956,0.4059999883174896,0.05869999900460243
YDR270W,YPL269W,0,-1.0014185,0.4084506928920746,0.4059999883174896,0.058800000697374344
YER056C,YER048W-A,0,-1.0018452,0.40804019570350647,0.4059999883174896,0.05889999866485596
YOR332W,YNR024W,0,-1.0019984,0.4076305329799652,0.4059999883174896,0.05900000035762787
YER006W,YML080W,0,-1.0021135,0.4072216749191284,0.4059999883174896,0.05909999832510948
YOR335C,YLL028W,0,-1.0021899,0.4068136215209961,0.4059999883174896,0.05920000001788139
YDL229W,YMR024W,1,-1.0025095,0.40740740299224854,0.40700000524520874,0.05920000001788139
YMR116C,YGL195W,1,-1.0025216,0.40799999237060547,0.40799999237060547,0.05920000001788139
YEL034W,YDR266C,1,-1.0029421,0.4085914194583893,0.4090000092983246,0.05920000001788139
YKL084W,YOR087W,0,-1.0032135,0.40818363428115845,0.4090000092983246,0.059300001710653305
YNL014W,YDL229W,1,-1.0037537,0.4087736904621124,0.4099999964237213,0.059300001710653305
YMR116C,YOR076C,1,-1.0041151,0.4093625545501709,0.41100001335144043,0.059300001710653305
YPL219W,YKR064W,0,-1.0055808,0.4089552164077759,0.41100001335144043,0.05939999967813492
YBR247C,YJL134W,0,-1.0059375,0.4085487127304077,0.41100001335144043,0.05950000137090683
YER008C,YCL030C,0,-1.0063319,0.408143013715744,0.41100001335144043,0.05959999933838844
YDL140C,YLR275W,0,-1.0067089,0.4077380895614624,0.41100001335144043,0.059700001031160355
YKL093W,YDR065W,0,-1.0071095,0.40733399987220764,0.41100001335144043,0.05979999899864197
YPR028W,YDL111C,0,-1.0087184,0.40693068504333496,0.41100001335144043,0.05990000069141388
YDL212W,YNL111C,0,-1.0092432,0.40652820467948914,0.41100001335144043,0.05999999865889549
YHR040W,YBR181C,0,-1.0092655,0.406126469373703,0.41100001335144043,0.060100000351667404
YGL169W,YOR239W,0,-1.0103792,0.4057255685329437,0.41100001335144043,0.06019999831914902
YGR031W,YER131W,0,-1.0114672,0.40532544255256653,0.41100001335144043,0.06030000001192093
YJL006C,YOR045W,0,-1.0116271,0.4049261212348938,0.41100001335144043,0.06040000170469284
YBR009C,YKL114C,0,-1.011706,0.40452754497528076,0.41100001335144043,0.060499999672174454
YGL195W,YOR133W,1,-1.011919,0.4051130712032318,0.41200000047683716,0.060499999672174454
YDR279W,YBL011W,0,-1.0123876,0.4047151207923889,0.41200000047683716,0.060600001364946365
YPR080W,YKR084C,1,-1.012583,0.4052993059158325,0.4129999876022339,0.060600001364946365
YMR247C,YBR118W,1,-1.013897,0.4058823585510254,0.414000004529953,0.060600001364946365
YOL161C,YPL202C,0,-1.0144476,0.4054848253726959,0.414000004529953,0.06069999933242798
YDR040C,YDR079C-A,0,-1.0144545,0.40508806705474854,0.414000004529953,0.06080000102519989
YER102W,YMR179W,0,-1.0155052,0.4046920835971832,0.414000004529953,0.0608999989926815
YJL142C,YDR499W,0,-1.0156661,0.404296875,0.414000004529953,0.061000000685453415
YPL049C,YDR023W,0,-1.0158223,0.40390244126319885,0.414000004529953,0.06109999865293503
YER073W,YKL012W,0,-1.0159261,0.4035087823867798,0.414000004529953,0.06120000034570694
YKL025C,YIR023W,0,-1.0161839,0.4031158685684204,0.414000004529953,0.06129999831318855
YBL071W-A,YNL063W,1,-1.0172267,0.4036965072154999,0.41499999165534973,0.06129999831318855
YEL034W,YPR080W,1,-1.019181,0.4042759835720062,0.41600000858306885,0.06129999831318855
YDL160C,YIL103W,1,-1.0191926,0.40485435724258423,0.4169999957084656,0.06129999831318855
YBR246W,YKL081W,1,-1.0201699,0.4054316282272339,0.4180000126361847,0.06129999831318855
YOR374W,YLR035C,0,-1.0204126,0.4050387740135193,0.4180000126361847,0.061400000005960464
YEL034W,YMR116C,1,-1.020804,0.4056147038936615,0.4189999997615814,0.061400000005960464
YGL147C,YDR400W,0,-1.0210589,0.40522244572639465,0.4189999997615814,0.061500001698732376
YER068W,YFR013W,0,-1.0217357,0.4048309326171875,0.4189999997615814,0.06159999966621399
YJL113W,YNL128W,0,-1.0220398,0.40444016456604004,0.4189999997615814,0.0617000013589859
YLR249W,YBR246W,1,-1.0220685,0.4050144553184509,0.41999998688697815,0.0617000013589859
YCL026C-B,YOR323C,0,-1.0220907,0.4046242833137512,0.41999998688697815,0.061799999326467514
YLR370C,YMR146C,0,-1.0222596,0.4042348265647888,0.41999998688697815,0.061900001019239426
YKL082C,YBR145W,0,-1.022265,0.4038461446762085,0.41999998688697815,0.06199999898672104
YIR031C,YMR045C,0,-1.0229753,0.40345820784568787,0.41999998688697815,0.06210000067949295
YPR035W,YMR088C,0,-1.0230361,0.40307101607322693,0.41999998688697815,0.062199998646974564
YBR247C,YNL280C,0,-1.0237206,0.4026845693588257,0.41999998688697815,0.062300000339746475
YMR186W,YNL110C,0,-1.025381,0.40229883790016174,0.41999998688697815,0.06239999830722809
YDR007W,YLL033W,0,-1.0257261,0.4019138813018799,0.41999998688697815,0.0625
YJR104C,YFR031C-A,0,-1.0258554,0.4015296399593353,0.41999998688697815,0.06260000169277191
YOR192C,YDR291W,0,-1.0263476,0.40114614367485046,0.41999998688697815,0.06270000338554382
YML039W,YJL225C,0,-1.0263556,0.4007633626461029,0.41999998688697815,0.06279999762773514
YOR148C,YMR120C,0,-1.0270109,0.40038132667541504,0.41999998688697815,0.06289999932050705
YIL079C,YDL082W,0,-1.0273595,0.4000000059604645,0.41999998688697815,0.06300000101327896
YIL106W,YMR251W-A,0,-1.0276201,0.3996194005012512,0.41999998688697815,0.06310000270605087
YJL052W,YBL106C,0,-1.0277351,0.39923954010009766,0.41999998688697815,0.06319999694824219
YIL115C,YNL178W,0,-1.0280317,0.3988603949546814,0.41999998688697815,0.0632999986410141
YPL070W,YKR080W,0,-1.0284812,0.39848196506500244,0.41999998688697815,0.06340000033378601
YDR296W,YBR283C,0,-1.0289916,0.3981042802333832,0.41999998688697815,0.06350000202655792
YMR172W,YLR348C,0,-1.0299742,0.39772728085517883,0.41999998688697815,0.06360000371932983
YDL081C,YOR383C,0,-1.0302647,0.3973509967327118,0.41999998688697815,0.06369999796152115
YER092W,YMR285C,0,-1.0310268,0.39697542786598206,0.41999998688697815,0.06379999965429306
YBR101C,YKL191W,0,-1.0324001,0.3966005742549896,0.41999998688697815,0.06390000134706497
YMR070W,YGL247W,0,-1.033028,0.3962264060974121,0.41999998688697815,0.06400000303983688
YML029W,YBL071W-A,0,-1.0333757,0.3958529829978943,0.41999998688697815,0.0640999972820282
YPR159W,YHR209W,0,-1.0341212,0.395480215549469,0.41999998688697815,0.06419999897480011
YBR046C,YGL124C,0,-1.0341586,0.3951081931591034,0.41999998688697815,0.06430000066757202
YER149C,YPR100W,0,-1.034592,0.3947368562221527,0.41999998688697815,0.06440000236034393
YKL069W,YMR246W,0,-1.0346633,0.39436620473861694,0.41999998688697815,0.06449999660253525
YOR185C,YPL178W,0,-1.0349283,0.3939962387084961,0.41999998688697815,0.06459999829530716
YDL229W,YJR097W,1,-1.0349395,0.3945642113685608,0.42100000381469727,0.06459999829530716
YNL209W,YLR150W,1,-1.0353868,0.39513108134269714,0.421999990940094,0.06459999829530716
YBR246W,YDL160C,1,-1.0355383,0.3956969082355499,0.4230000078678131,0.06459999829530716
YOL041C,YGR031W,0,-1.0362464,0.395327091217041,0.4230000078678131,0.06469999998807907
YGL110C,YKL081W,1,-1.0372201,0.3958916962146759,0.42399999499320984,0.06469999998807907
YGR167W,YHR055C,0,-1.0374085,0.3955223858356476,0.42399999499320984,0.06480000168085098
YNL270C,YAL051W,0,-1.0375882,0.3951537609100342,0.42399999499320984,0.0649000033736229
YHR123W,YGL123W,0,-1.0380207,0.3947858512401581,0.42399999499320984,0.06499999761581421
YLR319C,YDR443C,0,-1.0380511,0.3944185972213745,0.42399999499320984,0.06509999930858612
YKL081W,YDR266C,1,-1.0384055,0.39498141407966614,0.42500001192092896,0.06509999930858612
YEL034W,YHR064C,1,-1.0390203,0.3955431878566742,0.4259999990463257,0.06509999930858612
YKR102W,YKR059W,0,-1.0397481,0.3951762616634369,0.4259999990463257,0.06520000100135803
YBR014C,YOR303W,0,-1.0398124,0.3948100209236145,0.4259999990463257,0.06530000269412994
YDR151C,YPR129W,0,-1.0402716,0.39444443583488464,0.4259999990463257,0.06539999693632126
YMR250W,YOR279C,0,-1.0402818,0.3940795660018921,0.4259999990463257,0.06549999862909317
YJR047C,YNL063W,1,-1.0406622,0.3946395516395569,0.4269999861717224,0.06549999862909317
YOR204W,YKL015W,0,-1.04084,0.39427515864372253,0.4269999861717224,0.06560000032186508
YER049W,YOR080W,0,-1.0428963,0.3939114511013031,0.4269999861717224,0.065700002014637
YNL334C,YER172C,0,-1.043255,0.3935483992099762,0.4269999861717224,0.0658000037074089
YDR064W,YLR086W,0,-1.0434508,0.3931860029697418,0.4269999861717224,0.06589999794960022
YDR224C,YOR106W,0,-1.0434722,0.39282429218292236,0.4269999861717224,0.06599999964237213
YGL103W,YER004W,0,-1.0438032,0.39246323704719543,0.4269999861717224,0.06610000133514404
YKL167C,YBL004W,0,-1.043817,0.39210283756256104,0.4269999861717224,0.06620000302791595
YGL195W,YPR080W,1,-1.0455364,0.39266055822372437,0.42800000309944153,0.06620000302791595
YDR385W,YPL052W,1,-1.0455768,0.3932172358036041,0.42899999022483826,0.06620000302791595
YBR265W,YGL250W,0,-1.045663,0.3928571343421936,0.42899999022483826,0.06629999727010727
YKR103W,YBR142W,0,-1.0471841,0.392497718334198,0.42899999022483826,0.06639999896287918
YBR246W,YDL081C,1,-1.0472806,0.3930530250072479,0.4300000071525574,0.06639999896287918
YDR545W,YNL175C,0,-1.0477769,0.39269405603408813,0.4300000071525574,0.06650000065565109
YOL151W,YOL142W,0,-1.0480472,0.39233577251434326,0.4300000071525574,0.066600002348423
YLR060W,YOL123W,0,-1.0481584,0.39197811484336853,0.4300000071525574,0.06669999659061432
YNL110C,YML051W,0,-1.0485446,0.3916211426258087,0.4300000071525574,0.06679999828338623
YKL007W,YBL024W,0,-1.0485904,0.39126479625701904,0.4300000071525574,0.06689999997615814
YIL148W,YNL080C,0,-1.0487379,0.3909091055393219,0.4300000071525574,0.06700000166893005
YJR127C,YDL153C,0,-1.0487924,0.3905540406703949,0.4300000071525574,0.06710000336170197
YDL229W,YPL052W,1,-1.0497104,0.39110708236694336,0.4309999942779541,0.06710000336170197
YLR264W,YNL246W,0,-1.050269,0.39075249433517456,0.4309999942779541,0.06719999760389328
YBL071W-A,YML014W,1,-1.0509913,0.3913043439388275,0.4320000112056732,0.06719999760389328
YDL079C,YNL328C,0,-1.0510004,0.3909502327442169,0.4320000112056732,0.06729999929666519
YNL160W,YOR272W,0,-1.05109,0.39059674739837646,0.4320000112056732,0.0674000009894371
YPL199C,YNL100W,0,-1.0514228,0.39024388790130615,0.4320000112056732,0.06750000268220901
YPR034W,YHR216W,0,-1.0521268,0.38989168405532837,0.4320000112056732,0.06759999692440033
YJR103W,YHL020C,0,-1.0523664,0.3895401358604431,0.4320000112056732,0.06769999861717224
YOR202W,YHR141C,0,-1.0536488,0.3891891837120056,0.4320000112056732,0.06780000030994415
YBR118W,YLR143W,1,-1.0537783,0.3897389769554138,0.43299999833106995,0.06780000030994415
YIL148W,YDR007W,0,-1.0542507,0.3893885016441345,0.43299999833106995,0.06790000200271606
YPR038W,YMR088C,0,-1.0543038,0.389038622379303,0.43299999833106995,0.06800000369548798
YFL037W,YNL291C,0,-1.0544304,0.38868939876556396,0.43299999833106995,0.06809999793767929
YCL025C,YCR008W,0,-1.054517,0.3883408010005951,0.43299999833106995,0.0681999996304512
YLR256W,YHR119W,0,-1.0545665,0.38799282908439636,0.43299999833106995,0.06830000132322311
YJR009C,YML069W,0,-1.0550449,0.3876454830169678,0.43299999833106995,0.06840000301599503
YBR218C,YBR127C,0,-1.0552576,0.38729873299598694,0.43299999833106995,0.06849999725818634
YPR133W-A,YDR217C,0,-1.0554452,0.38695263862609863,0.43299999833106995,0.06859999895095825
YDR213W,YJL004C,0,-1.0561069,0.3866071403026581,0.43299999833106995,0.06870000064373016
YBR022W,YJL143W,0,-1.0567933,0.38626226782798767,0.43299999833106995,0.06880000233650208
YJR104C,YJR135W-A,0,-1.0569485,0.385917991399765,0.43299999833106995,0.06889999657869339
YDL130W,YLR069C,1,-1.0571736,0.38646483421325684,0.4339999854564667,0.06889999657869339
YER025W,YJR134C,0,-1.0573373,0.38612100481987,0.4339999854564667,0.0689999982714653
YKL069W,YER001W,0,-1.0581062,0.3857777714729309,0.4339999854564667,0.06909999996423721
YPR008W,YER129W,0,-1.0600021,0.38543516397476196,0.4339999854564667,0.06920000165700912
YJR047C,YML014W,1,-1.0604271,0.385980486869812,0.4350000023841858,0.06920000165700912
YER165W,YEL029C,0,-1.0612736,0.3856382966041565,0.4350000023841858,0.06930000334978104
YIL169C,YOR179C,0,-1.0613081,0.3852967321872711,0.4350000023841858,0.06939999759197235
YDR382W,YPR080W,1,-1.0613565,0.3858407139778137,0.4359999895095825,0.06939999759197235
YMR172W,YOR354C,0,-1.0613611,0.3854995667934418,0.4359999895095825,0.06949999928474426
YOR210W,YGL169W,0,-1.0613714,0.3851590156555176,0.4359999895095825,0.06960000097751617
YDL007W,YJR014W,0,-1.0622338,0.38481906056404114,0.4359999895095825,0.06970000267028809
YGR031W,YNL135C,0,-1.0643717,0.38447973132133484,0.4359999895095825,0.0697999969124794
YBR030W,YHR019C,0,-1.0647303,0.3841409683227539,0.4359999895095825,0.06989999860525131
YBL052C,YLR044C,0,-1.0649981,0.3838028311729431,0.4359999895095825,0.07000000029802322
YEL030W,YGR199W,0,-1.0660472,0.3834652602672577,0.4359999895095825,0.07010000199079514
YJR043C,YHR011W,0,-1.066164,0.38312828540802,0.4359999895095825,0.07020000368356705
YDR320C-A,YKL127W,0,-1.0662751,0.3827919363975525,0.4359999895095825,0.07029999792575836
YGL141W,YIL041W,0,-1.0668298,0.3824561536312103,0.4359999895095825,0.07039999961853027
YNR057C,YIL125W,0,-1.0675569,0.38212093710899353,0.4359999895095825,0.07050000131130219
YMR266W,YPL100W,0,-1.067838,0.3817863464355469,0.4359999895095825,0.0706000030040741
YGL219C,YIR017C,0,-1.0681357,0.3814523220062256,0.4359999895095825,0.07069999724626541
YER042W,YGL200C,0,-1.0683175,0.38111889362335205,0.4359999895095825,0.07079999893903732
YCR053W,YDR174W,0,-1.0686612,0.3807860314846039,0.4359999895095825,0.07090000063180923
YLR370C,YMR266W,0,-1.0687878,0.38045376539230347,0.4359999895095825,0.07100000232458115
YLR378C,YML018C,0,-1.0694338,0.3801220655441284,0.4359999895095825,0.07109999656677246
YHR064C,YJR097W,1,-1.0697383,0.3806620240211487,0.43700000643730164,0.07109999656677246
YDR382W,YGR087C,0,-1.0701047,0.3803307116031647,0.43700000643730164,0.07119999825954437
YER162C,YLR225C,0,-1.0707884,0.3799999952316284,0.43700000643730164,0.07129999995231628
YMR118C,YPL092W,0,-1.0707912,0.37966984510421753,0.43700000643730164,0.0714000016450882
YLR118C,YBR106W,0,-1.0708407,0.3793402910232544,0.43700000643730164,0.07150000333786011
YOL101C,YOR136W,0,-1.0716023,0.37901127338409424,0.43700000643730164,0.07159999758005142
YDR381W,YLR387C,0,-1.0729024,0.37868285179138184,0.43700000643730164,0.07169999927282333
YML116W,YPR143W,0,-1.0733484,0.3783549666404724,0.43700000643730164,0.07180000096559525
YGR061C,YPR158W,0,-1.0738214,0.37802767753601074,0.43700000643730164,0.07190000265836716
YML014W,YGR282C,0,-1.0742875,0.37770095467567444,0.43700000643730164,0.07199999690055847
YJR121W,YER042W,0,-1.0744781,0.3773747980594635,0.43700000643730164,0.07209999859333038
YGL110C,YPR080W,1,-1.0751141,0.3779119849205017,0.43799999356269836,0.07209999859333038
YNL244C,YBL061C,0,-1.0753846,0.3775862157344818,0.43799999356269836,0.0722000002861023
YLR208W,YLR384C,0,-1.075605,0.3772609829902649,0.43799999356269836,0.0723000019788742
YJL200C,YBR274W,0,-1.0758446,0.37693631649017334,0.43799999356269836,0.07240000367164612
YNL005C,YPL153C,0,-1.0759608,0.37661221623420715,0.43799999356269836,0.07249999791383743
YCR007C,YFR046C,0,-1.0762832,0.37628865242004395,0.43799999356269836,0.07259999960660934
YJL099W,YJL198W,0,-1.0764993,0.3759656548500061,0.43799999356269836,0.07270000129938126
YDL030W,YHR007C,0,-1.0766847,0.37564322352409363,0.43799999356269836,0.07280000299215317
YGL200C,YJR055W,0,-1.0774205,0.37532132863998413,0.43799999356269836,0.07289999723434448
YLL040C,YDR017C,0,-1.0781292,0.375,0.43799999356269836,0.0729999989271164
YHL047C,YEL065W,0,-1.0787526,0.37467920780181885,0.43799999356269836,0.0731000006198883
YDL171C,YNL304W,0,-1.0788897,0.37435898184776306,0.43799999356269836,0.07320000231266022
YJL162C,YER007W,0,-1.0790262,0.37403929233551025,0.43799999356269836,0.07329999655485153
YGL195W,YML014W,1,-1.0790453,0.37457337975502014,0.4390000104904175,0.07329999655485153
YGR109C,YIL053W,0,-1.0790623,0.374254047870636,0.4390000104904175,0.07339999824762344
YOR281C,YMR131C,0,-1.0792762,0.3739352524280548,0.4390000104904175,0.07349999994039536
YHL015W,YNL135C,0,-1.0800502,0.373617023229599,0.4390000104904175,0.07360000163316727
YKL006W,YER111C,0,-1.080147,0.37329933047294617,0.4390000104904175,0.07370000332593918
YML017W,YNR048W,0,-1.0801883,0.3729821443557739,0.4390000104904175,0.0737999975681305
YOR158W,YMR247C,0,-1.080239,0.37266552448272705,0.4390000104904175,0.0738999992609024
YBL011W,YJL178C,0,-1.0805655,0.37234944105148315,0.4390000104904175,0.07400000095367432
YOR396W,YDR183W,0,-1.0811172,0.37203389406204224,0.4390000104904175,0.07410000264644623
YMR246W,YBL071W-A,0,-1.0812905,0.3717188835144043,0.4390000104904175,0.07419999688863754
YMR225C,YDL150W,0,-1.0816226,0.37140440940856934,0.4390000104904175,0.07429999858140945
YKL082C,YLR348C,0,-1.0821797,0.37109044194221497,0.4390000104904175,0.07440000027418137
YCR012W,YNL112W,0,-1.0833317,0.37077704071998596,0.4390000104904175,0.07450000196695328
YBR246W,YHR064C,1,-1.0846475,0.37130802869796753,0.4399999976158142,0.07450000196695328
YER027C,YAL019W,0,-1.0847856,0.3709949553012848,0.4399999976158142,0.07460000365972519
YGR063C,YNL002C,0,-1.0849423,0.37068238854408264,0.4399999976158142,0.0746999979019165
YOR276W,YIL091C,0,-1.0851828,0.37037035822868347,0.4399999976158142,0.07479999959468842
YPL048W,YFR009W,1,-1.0851852,0.37089991569519043,0.4410000145435333,0.07479999959468842
YPL242C,YJR045C,0,-1.0857797,0.3705882430076599,0.4410000145435333,0.07490000128746033
YPR035W,YBL058W,0,-1.0860302,0.37027707695961,0.4410000145435333,0.07500000298023224
YER159C,YKR058W,0,-1.0863314,0.36996644735336304,0.4410000145435333,0.07509999722242355
YDR036C,YDR079C-A,0,-1.0868404,0.3696563243865967,0.4410000145435333,0.07519999891519547
YKL185W,YDL197C,0,-1.0868782,0.3693467378616333,0.4410000145435333,0.07530000060796738
YLR157C,YHR181W,0,-1.0869824,0.3690376579761505,0.4410000145435333,0.07540000230073929
YLR130C,YER071C,0,-1.087541,0.3687290847301483,0.4410000145435333,0.0754999965429306
YPL082C,YBR204C,0,-1.0878222,0.3684210479259491,0.4410000145435333,0.07559999823570251
YDR228C,YOR032C,0,-1.0878496,0.36811351776123047,0.4410000145435333,0.07569999992847443
YOL113W,YGR129W,0,-1.0884124,0.36780649423599243,0.4410000145435333,0.07580000162124634
YDR172W,YGL195W,0,-1.0885284,0.3675000071525574,0.4410000145435333,0.07590000331401825
YGL055W,YMR004W,0,-1.0885949,0.3671939969062805,0.4410000145435333,0.07599999755620956
YMR001C,YNL084C,0,-1.0886654,0.36688852310180664,0.4410000145435333,0.07609999924898148
YBR302C,YDR542W,0,-1.0888866,0.36658355593681335,0.4410000145435333,0.07620000094175339
YDL067C,YBR078W,0,-1.0896955,0.36627906560897827,0.4410000145435333,0.0763000026345253
YLL056C,YNL223W,0,-1.0897679,0.36597511172294617,0.4410000145435333,0.07639999687671661
YOR044W,YMR208W,0,-1.0901034,0.36567163467407227,0.4410000145435333,0.07649999856948853
YKR069W,YDR353W,0,-1.0901217,0.36536869406700134,0.4410000145435333,0.07660000026226044
YFL048C,YOR340C,0,-1.0902601,0.3650662302970886,0.4410000145435333,0.07670000195503235
YLL052C,YPL202C,0,-1.0904354,0.3647642731666565,0.4410000145435333,0.07680000364780426
YGR264C,YOR181W,0,-1.0906928,0.36446282267570496,0.4410000145435333,0.07689999788999557
YNL209W,YGL195W,1,-1.0907947,0.3649876117706299,0.44200000166893005,0.07689999788999557
YML077W,YPL081W,0,-1.09123,0.3646864593029022,0.44200000166893005,0.07699999958276749
YPL019C,YDR443C,0,-1.0914568,0.36438581347465515,0.44200000166893005,0.0771000012755394
YKL107W,YMR096W,0,-1.0917348,0.36408567428588867,0.44200000166893005,0.07720000296831131
YCR009C,YDR385W,0,-1.0917445,0.3637860119342804,0.44200000166893005,0.07729999721050262
YBL046W,YJR127C,0,-1.0922502,0.3634868562221527,0.44200000166893005,0.07739999890327454
YAL060W,YMR269W,0,-1.0928454,0.3631881773471832,0.44200000166893005,0.07750000059604645
YDR303C,YMR145C,0,-1.0928531,0.36288997530937195,0.44200000166893005,0.07760000228881836
YJL127C,YOL143C,0,-1.0931389,0.36259227991104126,0.44200000166893005,0.07769999653100967
YDR353W,YNL023C,0,-1.0932573,0.36229509115219116,0.44200000166893005,0.07779999822378159
YIR026C,YBL022C,0,-1.0933374,0.3619983494281769,0.44200000166893005,0.0778999999165535
YEL034W,YLR143W,1,-1.0934002,0.3625204563140869,0.4429999887943268,0.0778999999165535
YOL059W,YMR053C,0,-1.0934454,0.3622240424156189,0.4429999887943268,0.07800000160932541
YBR246W,YOR133W,1,-1.093631,0.36274510622024536,0.4440000057220459,0.07800000160932541
YER023W,YMR171C,0,-1.0940272,0.3624489903450012,0.4440000057220459,0.07810000330209732
YDR318W,YDL004W,0,-1.0948968,0.3621533513069153,0.4440000057220459,0.07819999754428864
YHL020C,YKL085W,0,-1.0950009,0.36185818910598755,0.4440000057220459,0.07829999923706055
YLR312C-B,YBR257W,0,-1.095053,0.361563503742218,0.4440000057220459,0.07840000092983246
YJL134W,YLR083C,0,-1.095269,0.3612693250179291,0.4440000057220459,0.07850000262260437
YMR043W,YIL070C,0,-1.0954245,0.36097562313079834,0.4440000057220459,0.07859999686479568
YOR386W,YCL064C,0,-1.095553,0.3606823682785034,0.4440000057220459,0.0786999985575676
YDL130W,YNL063W,1,-1.0956202,0.36120128631591797,0.4449999928474426,0.0786999985575676
YDR382W,YDR333C,1,-1.0958595,0.36171936988830566,0.44600000977516174,0.0786999985575676
YBR218C,YMR251W-A,0,-1.0962065,0.3614262640476227,0.44600000977516174,0.07880000025033951
YJL177W,YPL106C,0,-1.0962764,0.3611336052417755,0.44600000977516174,0.07890000194311142
YEL034W,YJR047C,1,-1.0968076,0.3616504967212677,0.44699999690055847,0.07890000194311142
YBL092W,YKL116C,0,-1.0970857,0.3613581359386444,0.44699999690055847,0.07900000363588333
YDR019C,YBL017C,0,-1.0972701,0.36106622219085693,0.44699999690055847,0.07909999787807465
YMR002W,YDL082W,0,-1.0979975,0.36077481508255005,0.44699999690055847,0.07919999957084656
YPL052W,YBR118W,1,-1.0990126,0.3612903356552124,0.4480000138282776,0.07919999957084656
YGL119W,YDR040C,0,-1.099178,0.360999196767807,0.4480000138282776,0.07930000126361847
YKL032C,YJR158W,0,-1.0994747,0.3607085347175598,0.4480000138282776,0.07940000295639038
YBR029C,YER007C-A,0,-1.0997791,0.3604183495044708,0.4480000138282776,0.0794999971985817
YDR225W,YLR417W,0,-1.1005499,0.36012861132621765,0.4480000138282776,0.07959999889135361
YDR127W,YBR188C,0,-1.1006405,0.3598393499851227,0.4480000138282776,0.07970000058412552
YGR165W,YMR048W,0,-1.1011411,0.3595505654811859,0.4480000138282776,0.07980000227689743
YDR399W,YJL090C,0,-1.101191,0.35926222801208496,0.4480000138282776,0.07989999651908875
YMR180C,YGR244C,0,-1.1030031,0.3589743673801422,0.4480000138282776,0.07999999821186066
YDL240W,YDL060W,0,-1.1030177,0.3586869537830353,0.4480000138282776,0.08009999990463257
YML030W,YDR471W,0,-1.1030703,0.35839998722076416,0.4480000138282776,0.08020000159740448
YCR053W,YGR163W,0,-1.1040807,0.35811349749565125,0.4480000138282776,0.08030000329017639
YGL139W,YKR084C,0,-1.1043036,0.35782748460769653,0.4480000138282776,0.0803999975323677
YKL060C,YJR002W,0,-1.1045083,0.35754188895225525,0.4480000138282776,0.08049999922513962
YGR080W,YOL127W,0,-1.1046549,0.35725677013397217,0.4480000138282776,0.08060000091791153
YHR154W,YKL120W,0,-1.1049997,0.3569720983505249,0.4480000138282776,0.08070000261068344
YMR012W,YAL021C,0,-1.1050045,0.35668790340423584,0.4480000138282776,0.08079999685287476
YNL149C,YKL141W,0,-1.1054887,0.3564041256904602,0.4480000138282776,0.08089999854564667
YLR340W,YHR011W,0,-1.1056185,0.3561208248138428,0.4480000138282776,0.08100000023841858
YDL081C,YLR069C,1,-1.1059148,0.356632262468338,0.4490000009536743,0.08100000023841858
YPR058W,YPR010C,0,-1.106503,0.3563492000102997,0.4490000009536743,0.08110000193119049
YLR069C,YKR084C,1,-1.1067805,0.35685962438583374,0.44999998807907104,0.08110000193119049
YNL197C,YNL036W,0,-1.1075972,0.3565768599510193,0.44999998807907104,0.0812000036239624
YHR010W,YOR321W,0,-1.108314,0.35629454255104065,0.44999998807907104,0.08129999786615372
YGR077C,YKR104W,0,-1.108333,0.3560126721858978,0.44999998807907104,0.08139999955892563
YOR028C,YDL229W,0,-1.1087148,0.35573121905326843,0.44999998807907104,0.08150000125169754
YMR318C,YIL143C,0,-1.1088531,0.35545024275779724,0.44999998807907104,0.08160000294446945
YHR010W,YCL048W,0,-1.1091689,0.3551696836948395,0.44999998807907104,0.08169999718666077
YPL052W-A,YMR247C,1,-1.1093503,0.3556782305240631,0.45100000500679016,0.08169999718666077
YGL195W,YMR024W,1,-1.1098098,0.3561859726905823,0.4519999921321869,0.08169999718666077
YGR090W,YKR088C,0,-1.1103128,0.3559055030345917,0.4519999921321869,0.08179999887943268
YGL215W,YGL017W,0,-1.1104327,0.3556254804134369,0.4519999921321869,0.08190000057220459
YOR204W,YLR209C,0,-1.1118443,0.3553459048271179,0.4519999921321869,0.0820000022649765
YER043C,YGR041W,0,-1.1118805,0.35506677627563477,0.4519999921321869,0.08209999650716782
YBR111W-A,YER177W,0,-1.1120981,0.35478806495666504,0.4519999921321869,0.08219999819993973
YHR148W,YLL062C,0,-1.1131592,0.35450980067253113,0.4519999921321869,0.08229999989271164
YER030W,YDR151C,0,-1.1138437,0.35423198342323303,0.4519999921321869,0.08240000158548355
YNL014W,YEL034W,1,-1.1140405,0.35473766922950745,0.453000009059906,0.08240000158548355
YOL128C,YBR127C,0,-1.1141887,0.35446009039878845,0.453000009059906,0.08250000327825546
YAL015C,YPR163C,0,-1.1145691,0.3541829586029053,0.453000009059906,0.08259999752044678
YBR012W-A,YKR016W,0,-1.1156194,0.3539062440395355,0.453000009059906,0.08269999921321869
YKL046C,YDL136W,0,-1.1158845,0.3536299765110016,0.453000009059906,0.0828000009059906
YKR095W-A,YNR010W,0,-1.1159328,0.3533541262149811,0.453000009059906,0.08290000259876251
YER056C,YDR052C,0,-1.1161119,0.3530787229537964,0.453000009059906,0.08299999684095383
YER073W,YHR021C,0,-1.1169178,0.3528037369251251,0.453000009059906,0.08309999853372574
YAL003W,YDL160C,1,-1.1172732,0.3533073961734772,0.45399999618530273,0.08309999853372574
YDR484W,YPR085C,0,-1.1174219,0.353032648563385,0.45399999618530273,0.08320000022649765
YJL172W,YKL072W,0,-1.1174468,0.35275834798812866,0.45399999618530273,0.08330000191926956
YCL026C-B,YER012W,0,-1.1179376,0.35248446464538574,0.45399999618530273,0.08340000361204147
YOR182C,YNL202W,0,-1.1181338,0.35221102833747864,0.45399999618530273,0.08349999785423279
YDR385W,YKR084C,1,-1.118476,0.3527131676673889,0.45500001311302185,0.08349999785423279
YAL003W,YBR014C,0,-1.1189091,0.3524399697780609,0.45500001311302185,0.0835999995470047
YDL201W,YOR045W,0,-1.1189941,0.35216718912124634,0.45500001311302185,0.08370000123977661
YCR073C,YDL002C,0,-1.1194134,0.3518948256969452,0.45500001311302185,0.08380000293254852
YBR210W,YJL151C,0,-1.1197276,0.35162287950515747,0.45500001311302185,0.08389999717473984
YNL322C,YBL021C,0,-1.1200885,0.3513513505458832,0.45500001311302185,0.08399999886751175
YER023W,YHR187W,0,-1.1207318,0.3510802388191223,0.45500001311302185,0.08410000056028366
YOL028C,YIL123W,0,-1.1217015,0.35080957412719727,0.45500001311302185,0.08420000225305557
YDR388W,YDR461W,0,-1.121966,0.35053929686546326,0.45500001311302185,0.08429999649524689
YGL030W,YER115C,0,-1.1221864,0.3502694368362427,0.45500001311302185,0.0843999981880188
YJL193W,YLR059C,0,-1.1223876,0.3499999940395355,0.45500001311302185,0.08449999988079071
YGL226C-A,YOR271C,0,-1.1223904,0.3497309684753418,0.45500001311302185,0.08460000157356262
YLL018C,YGL191W,0,-1.1224025,0.3494623601436615,0.45500001311302185,0.08470000326633453
YFL024C,YNL036W,0,-1.1226466,0.34919416904449463,0.45500001311302185,0.08479999750852585
YJL121C,YDR127W,0,-1.1228391,0.3489263951778412,0.45500001311302185,0.08489999920129776
YBR123C,YKR099C-A,0,-1.1232042,0.3486590087413788,0.45500001311302185,0.08500000089406967
YAL058W,YKR048C,0,-1.123401,0.3483920395374298,0.45500001311302185,0.08510000258684158
YER102W,YNL008C,0,-1.124764,0.34812548756599426,0.45500001311302185,0.0851999968290329
YEL072W,YPR129W,0,-1.1256604,0.34785932302474976,0.45500001311302185,0.08529999852180481
YJL047C,YLL045C,0,-1.1258973,0.3475935757160187,0.45500001311302185,0.08540000021457672
YJL134W,YHR065C,0,-1.1262453,0.347328245639801,0.45500001311302185,0.08550000190734863
YJR104C,YKL011C,0,-1.1268677,0.3470633029937744,0.45500001311302185,0.08560000360012054
YCR098C,YFL020C,0,-1.1269071,0.34679877758026123,0.45500001311302185,0.08569999784231186
YCL012W,YJR050W,0,-1.1269624,0.3465346395969391,0.45500001311302185,0.08579999953508377
YJL157C,YGR217W,0,-1.1270794,0.34627091884613037,0.45500001311302185,0.08590000122785568
YHR216W,YOR115C,0,-1.1271346,0.3460076153278351,0.45500001311302185,0.0860000029206276
YDR517W,YDR463W,0,-1.1277509,0.34574466943740845,0.45500001311302185,0.08609999716281891
YCR024C-A,YMR024W,0,-1.1282055,0.3454821705818176,0.45500001311302185,0.08619999885559082
YGL139W,YMR120C,0,-1.1291307,0.34522002935409546,0.45500001311302185,0.08630000054836273
YGR231C,YOL017W,0,-1.1292335,0.3449583053588867,0.45500001311302185,0.08640000224113464
YER023W,YOR103C,0,-1.1298958,0.344696968793869,0.45500001311302185,0.08649999648332596
YKR052C,YBR143C,0,-1.1300622,0.34443601965904236,0.45500001311302185,0.08659999817609787
YGL110C,YHR064C,1,-1.1301687,0.3449319303035736,0.4560000002384186,0.08659999817609787
YKR093W,YPR175W,0,-1.130192,0.34467118978500366,0.4560000002384186,0.08669999986886978
YJR009C,YAL058W,0,-1.1305045,0.34441086649894714,0.4560000002384186,0.0868000015616417
YER025W,YGL100W,0,-1.1305928,0.34415093064308167,0.4560000002384186,0.0869000032544136
YHR042W,YPL214C,0,-1.1309764,0.3438914120197296,0.4560000002384186,0.08699999749660492
YNL030W,YNR016C,0,-1.131264,0.3436322510242462,0.4560000002384186,0.08709999918937683
YDL229W,YBR188C,0,-1.1314067,0.34337350726127625,0.4560000002384186,0.08720000088214874
YBR272C,YCR026C,0,-1.1316859,0.3431151211261749,0.4560000002384186,0.08730000257492065
YLR283W,YMR251W-A,0,-1.131898,0.34285715222358704,0.4560000002384186,0.08739999681711197
YGL134W,YBL058W,0,-1.1325538,0.3425995409488678,0.4560000002384186,0.08749999850988388
YNL103W,YMR051C,0,-1.1326152,0.342342346906662,0.4560000002384186,0.08760000020265579
YPL215W,YLL062C,0,-1.1332438,0.34208551049232483,0.4560000002384186,0.0877000018954277
YKL047W,YOL016C,0,-1.1333702,0.3418290913105011,0.4560000002384186,0.08780000358819962
YER160C,YGL043W,0,-1.1336225,0.341573029756546,0.4560000002384186,0.08789999783039093
YHR003C,YOR234C,0,-1.1337483,0.341317355632782,0.4560000002384186,0.08799999952316284
YBR078W,YKL114C,0,-1.1338913,0.341062068939209,0.4560000002384186,0.08810000121593475
YLR064W,YKL201C,0,-1.1342515,0.340807169675827,0.4560000002384186,0.08820000290870667
YGR254W,YNR023W,0,-1.1345769,0.3405526578426361,0.4560000002384186,0.08829999715089798
YLR432W,YPL188W,0,-1.1349343,0.34029850363731384,0.4560000002384186,0.08839999884366989
YML072C,YKR094C,0,-1.1349806,0.3400447368621826,0.4560000002384186,0.0885000005364418
YOR076C,YKL081W,1,-1.1356347,0.340536504983902,0.4569999873638153,0.0885000005364418
YHR018C,YDL066W,0,-1.1361651,0.34028294682502747,0.4569999873638153,0.08860000222921371
YDL081C,YDR266C,1,-1.1363704,0.3407738208770752,0.4580000042915344,0.08860000222921371
YKL197C,YHR211W,0,-1.1364032,0.340520441532135,0.4580000042915344,0.08869999647140503
YLR143W,YPR080W,1,-1.1374907,0.3410103917121887,0.45899999141693115,0.08869999647140503
YOR396W,YLR362W,0,-1.1384968,0.34075725078582764,0.45899999141693115,0.08879999816417694
YDR418W,YLL055W,0,-1.1386865,0.3405044376850128,0.45899999141693115,0.08889999985694885
YJL184W,YPL111W,0,-1.1389227,0.3402520418167114,0.45899999141693115,0.08900000154972076
YPL239W,YER167W,0,-1.1389246,0.3400000035762787,0.45899999141693115,0.08910000324249268
YKR087C,YGL008C,0,-1.1389453,0.3397483229637146,0.45899999141693115,0.08919999748468399
YPL019C,YKL198C,0,-1.1390092,0.33949702978134155,0.45899999141693115,0.0892999991774559
YPR114W,YEL034W,0,-1.1390285,0.33924612402915955,0.45899999141693115,0.08940000087022781
YKL081W,YMR024W,1,-1.1390603,0.33973410725593567,0.46000000834465027,0.08940000087022781
YBL042C,YDL120W,0,-1.1392347,0.339483380317688,0.46000000834465027,0.08950000256299973
YOL111C,YGL095C,0,-1.1392996,0.33923304080963135,0.46000000834465027,0.08959999680519104
YHL015W,YGL191W,0,-1.13974,0.33898305892944336,0.46000000834465027,0.08969999849796295
YIL069C,YDR311W,0,-1.1399212,0.338733434677124,0.46000000834465027,0.08980000019073486
YOL159C,YFR044C,0,-1.1399416,0.33848416805267334,0.46000000834465027,0.08990000188350677
YEL071W,YJL065C,0,-1.1408452,0.3382352888584137,0.46000000834465027,0.09000000357627869
YIR031C,YNL173C,0,-1.142492,0.3379867672920227,0.46000000834465027,0.09009999781847
YGL127C,YGL148W,0,-1.1429482,0.33773863315582275,0.46000000834465027,0.09019999951124191
YOR350C,YIL082W-A,0,-1.1429806,0.33749082684516907,0.46000000834465027,0.09030000120401382
YPL171C,YEL019C,0,-1.1431206,0.3372434079647064,0.46000000834465027,0.09040000289678574
YBL017C,YMR059W,0,-1.1431655,0.3369963467121124,0.46000000834465027,0.09049999713897705
YMR116C,YMR247C,1,-1.1433325,0.33748170733451843,0.460999995470047,0.09049999713897705
YOR133W,YJR047C,1,-1.1433333,0.33796635270118713,0.4620000123977661,0.09049999713897705
YEL040W,YDR307W,0,-1.1435957,0.33771929144859314,0.4620000123977661,0.09059999883174896
YNL328C,YER139C,0,-1.1440126,0.3374726176261902,0.4620000123977661,0.09070000052452087
YDL175C,YOL051W,0,-1.1446058,0.3372262716293335,0.4620000123977661,0.09080000221729279
YOR324C,YOR094W,0,-1.1447504,0.33698031306266785,0.4620000123977661,0.0908999964594841
YDL241W,YIL098C,0,-1.1449066,0.33673468232154846,0.4620000123977661,0.09099999815225601
YOR185C,YKL090W,0,-1.1454324,0.3364894390106201,0.4620000123977661,0.09109999984502792
YBR162W-A,YOL007C,0,-1.1454444,0.3362445533275604,0.4620000123977661,0.09120000153779984
YNL218W,YFR015C,0,-1.1457916,0.335999995470047,0.4620000123977661,0.09130000323057175
YDR003W,YBR100W,0,-1.1458027,0.3357558250427246,0.4620000123977661,0.09139999747276306
YLR192C,YEL006W,0,-1.1460793,0.3355119824409485,0.4620000123977661,0.09149999916553497
YLL025W,YCR098C,0,-1.1461481,0.335268497467041,0.4620000123977661,0.09160000085830688
YBR153W,YGL009C,0,-1.146158,0.3350253701210022,0.4620000123977661,0.0917000025510788
YDR279W,YNL220W,0,-1.1470902,0.33478260040283203,0.4620000123977661,0.09179999679327011
YCR053W,YLR348C,0,-1.1474942,0.3345401883125305,0.4620000123977661,0.09189999848604202
YOR247W,YKL201C,0,-1.1477159,0.33429810404777527,0.4620000123977661,0.09200000017881393
YLR182W,YML082W,0,-1.1483632,0.33405640721321106,0.4620000123977661,0.09210000187158585
YOR330C,YBL017C,0,-1.1485224,0.3338150382041931,0.4620000123977661,0.09220000356435776
YGR036C,YIL015W,0,-1.1490368,0.33357399702072144,0.4620000123977661,0.09229999780654907
YIL065C,YCR014C,0,-1.1490401,0.3333333432674408,0.4620000123977661,0.09239999949932098
YOR182C,YBR296C,0,-1.1492995,0.3330930173397064,0.4620000123977661,0.0925000011920929
YNL209W,YBR246W,1,-1.1497697,0.33357349038124084,0.46299999952316284,0.0925000011920929
YFL001W,YHR098C,0,-1.1499416,0.3333333432674408,0.46299999952316284,0.09260000288486481
YGR199W,YIR013C,0,-1.1503481,0.333093523979187,0.46299999952316284,0.09269999712705612
YLR163C,YER175C,0,-1.1512724,0.3328540623188019,0.46299999952316284,0.09279999881982803
YDL133C-A,YCL010C,0,-1.1517639,0.332614928483963,0.46299999952316284,0.09290000051259995
YPR159W,YMR093W,0,-1.1518431,0.3323761522769928,0.46299999952316284,0.09300000220537186
YBR118W,YKR084C,1,-1.1523547,0.33285510540008545,0.46399998664855957,0.09300000220537186
YGR150C,YKL092C,0,-1.154017,0.3326164782047272,0.46399998664855957,0.09309999644756317
YBR243C,YAL013W,0,-1.1541948,0.33237820863723755,0.46399998664855957,0.09319999814033508
YEL034W,YDR333C,1,-1.1546897,0.33285611867904663,0.4650000035762787,0.09319999814033508
YGL110C,YLR069C,1,-1.1551678,0.3333333432674408,0.4659999907016754,0.09319999814033508
YHR030C,YMR087W,0,-1.1554224,0.33309507369995117,0.4659999907016754,0.093299999833107
YHL050C,YFR018C,0,-1.1556089,0.3328571319580078,0.4659999907016754,0.0934000015258789
YAL044C,YER175C,0,-1.1557586,0.3326195478439331,0.4659999907016754,0.09350000321865082
YBL075C,YLR074C,0,-1.1559734,0.33238232135772705,0.4659999907016754,0.09359999746084213
YPL009C,YHR064C,1,-1.1562054,0.3328581750392914,0.46700000762939453,0.09359999746084213
YGR086C,YFR012W,0,-1.1563282,0.3326210677623749,0.46700000762939453,0.09369999915361404
YKL171W,YPL005W,0,-1.1564381,0.3323843479156494,0.46700000762939453,0.09380000084638596
YPL048W,YPR080W,1,-1.156977,0.33285918831825256,0.46799999475479126,0.09380000084638596
YOL103W,YML074C,0,-1.1570058,0.33262258768081665,0.46799999475479126,0.09390000253915787
YOL053W,YML112W,0,-1.1570755,0.3323863744735718,0.46799999475479126,0.09399999678134918
YGL056C,YOR080W,0,-1.1573505,0.3321504592895508,0.46799999475479126,0.0940999984741211
YDR465C,YJL196C,0,-1.1575441,0.33191490173339844,0.46799999475479126,0.094200000166893
YHR158C,YLL033W,0,-1.1585636,0.33167967200279236,0.46799999475479126,0.09430000185966492
YBL015W,YKR037C,0,-1.1585734,0.33144477009773254,0.46799999475479126,0.09440000355243683
YDL136W,YCL024W,0,-1.1585753,0.331210196018219,0.46799999475479126,0.09449999779462814
YIL113W,YGR024C,0,-1.1585997,0.3309759497642517,0.46799999475479126,0.09459999948740005
YML057W,YLR449W,0,-1.1588979,0.3307420611381531,0.46799999475479126,0.09470000118017197
YKL191W,YDR266C,1,-1.1590714,0.33121469616889954,0.4690000116825104,0.09470000118017197
YOR285W,YOR279C,0,-1.1591784,0.33098095655441284,0.4690000116825104,0.09480000287294388
YGL139W,YLR289W,0,-1.1593829,0.3307475447654724,0.4690000116825104,0.09489999711513519
YDR407C,YML024W,0,-1.1594903,0.33051446080207825,0.4690000116825104,0.0949999988079071
YER023W,YPR024W,0,-1.1595638,0.33028170466423035,0.4690000116825104,0.09510000050067902
YPL214C,YML039W,0,-1.1596737,0.3300492465496063,0.4690000116825104,0.09520000219345093
YKL168C,YBR266C,0,-1.1605581,0.32981714606285095,0.4690000116825104,0.09529999643564224
YKL117W,YNL177C,0,-1.1607083,0.32958537340164185,0.4690000116825104,0.09539999812841415
YNL051W,YGR024C,0,-1.1607118,0.329353928565979,0.4690000116825104,0.09549999982118607
YBL074C,YDR533C,0,-1.1615336,0.3291228115558624,0.4690000116825104,0.09560000151395798
YKL191W,YIL103W,1,-1.1616224,0.3295932710170746,0.4699999988079071,0.09560000151395798
YKL007W,YDR188W,0,-1.1618401,0.32936230301856995,0.4699999988079071,0.09570000320672989
YNR003C,YKR006C,0,-1.1622131,0.3291316628456116,0.4699999988079071,0.0957999974489212
YPL220W,YMR054W,0,-1.162955,0.3289013206958771,0.4699999988079071,0.09589999914169312
YGL035C,YIR015W,0,-1.1630334,0.32867133617401123,0.4699999988079071,0.09600000083446503
YMR172W,YBL033C,0,-1.1635618,0.32844164967536926,0.4699999988079071,0.09610000252723694
YMR229C,YDR343C,0,-1.1636182,0.32821229100227356,0.4699999988079071,0.09619999676942825
YGR061C,YPR194C,0,-1.1640111,0.3279832601547241,0.4699999988079071,0.09629999846220016
YLL028W,YGR282C,0,-1.164138,0.32775452733039856,0.4699999988079071,0.09640000015497208
YOL112W,YBR071W,0,-1.1644224,0.32752612233161926,0.4699999988079071,0.09650000184774399
YOR120W,YER129W,0,-1.1645203,0.32729804515838623,0.4699999988079071,0.0966000035405159
YDR508C,YML065W,0,-1.1651486,0.32707029581069946,0.4699999988079071,0.09669999778270721
YBR018C,YKR084C,0,-1.1655031,0.3268428444862366,0.4699999988079071,0.09679999947547913
YDR167W,YKL082C,0,-1.1655658,0.32661569118499756,0.4699999988079071,0.09690000116825104
YER117W,YMR272C,0,-1.1661719,0.3263888955116272,0.4699999988079071,0.09700000286102295
YDL248W,YNL004W,0,-1.1665066,0.3261623978614807,0.4699999988079071,0.09709999710321426
YOR208W,YLR200W,0,-1.166632,0.3259361982345581,0.4699999988079071,0.09719999879598618
YLR141W,YKL006W,0,-1.1668789,0.32571032643318176,0.4699999988079071,0.09730000048875809
YDR018C,YLR138W,0,-1.1675335,0.3254847526550293,0.4699999988079071,0.09740000218153
YOR380W,YJL031C,0,-1.1677549,0.3252595067024231,0.4699999988079071,0.09749999642372131
YDR040C,YFR043C,0,-1.1682528,0.32503458857536316,0.4699999988079071,0.09759999811649323
YPL048W,YKL081W,1,-1.1684337,0.325501024723053,0.47099998593330383,0.09759999811649323
YPL093W,YMR173W,0,-1.1684344,0.325276255607605,0.47099998593330383,0.09769999980926514
YMR012W,YNL099C,0,-1.1688858,0.32505175471305847,0.47099998593330383,0.09780000150203705
YAL034C,YBR109C,0,-1.1692326,0.3248275816440582,0.47099998593330383,0.09790000319480896
YNL197C,YGR204W,0,-1.1699293,0.32460373640060425,0.47099998593330383,0.09799999743700027
YJL136C,YCL051W,0,-1.1707511,0.32438015937805176,0.47099998593330383,0.09809999912977219
YDL046W,YFL037W,0,-1.1709391,0.32415691018104553,0.47099998593330383,0.0982000008225441
YDL081C,YFL031W,0,-1.1709467,0.32393398880958557,0.47099998593330383,0.09830000251531601
YDL136W,YLL010C,0,-1.1709589,0.3237113356590271,0.47099998593330383,0.09839999675750732
YLR150W,YDR333C,1,-1.171098,0.3241758346557617,0.47200000286102295,0.09839999675750732
YOR133W,YDR333C,1,-1.1716185,0.3246396780014038,0.4729999899864197,0.09839999675750732
YPL037C,YNL229C,0,-1.1722323,0.32441699504852295,0.4729999899864197,0.09849999845027924
YJL110C,YNL307C,0,-1.1726093,0.32419463992118835,0.4729999899864197,0.09860000014305115
YKL080W,YOR047C,0,-1.1726642,0.3239726126194,0.4729999899864197,0.09870000183582306
YAL009W,YER086W,0,-1.1734834,0.3237508535385132,0.4729999899864197,0.09880000352859497
YDR296W,YGR060W,0,-1.1735344,0.3235294222831726,0.4729999899864197,0.09889999777078629
YCR107W,YJL171C,0,-1.1740535,0.3233082592487335,0.4729999899864197,0.0989999994635582
YOL143C,YCL063W,0,-1.1742281,0.3230874240398407,0.4729999899864197,0.09910000115633011
YAL009W,YDR508C,0,-1.1744585,0.32286688685417175,0.4729999899864197,0.09920000284910202
YLR342W,YDR113C,0,-1.1744791,0.3226466476917267,0.4729999899864197,0.09929999709129333
YPL069C,YER120W,0,-1.1745638,0.3224267065525055,0.4729999899864197,0.09939999878406525
YMR096W,YHR004C,0,-1.1746521,0.32220709323883057,0.4729999899864197,0.09950000047683716
YHR214C-B,YMR325W,0,-1.1748426,0.32198774814605713,0.4729999899864197,0.09960000216960907
YGR200C,YMR202W,0,-1.1755084,0.32176870107650757,0.4729999899864197,0.09969999641180038
YMR307W,YPL174C,0,-1.1760986,0.3215499520301819,0.4729999899864197,0.0997999981045723
YML097C,YLR256W,0,-1.1765746,0.32133153080940247,0.4729999899864197,0.09989999979734421
YOR133W,YNL063W,1,-1.1779907,0.32179227471351624,0.4740000069141388,0.09989999979734421
YNR003C,YGL143C,0,-1.1781855,0.321573942899704,0.4740000069141388,0.10000000149011612
YDR448W,YPR144C,0,-1.1784377,0.321355938911438,0.4740000069141388,0.10010000318288803
YLR130C,YPL224C,0,-1.1788251,0.3211382031440735,0.4740000069141388,0.10019999742507935
YNL263C,YLR276C,0,-1.1798823,0.32092079520225525,0.4740000069141388,0.10029999911785126
YDL081C,YDR333C,1,-1.1803225,0.32138025760650635,0.4749999940395355,0.10029999911785126
YDL225W,YPL173W,0,-1.1806608,0.3211629390716553,0.4749999940395355,0.10040000081062317
YDR333C,YJL079C,0,-1.1813635,0.32094594836235046,0.4749999940395355,0.10050000250339508
YCR106W,YGL209W,0,-1.1818779,0.32072922587394714,0.4749999940395355,0.1005999967455864
YMR263W,YDR322C-A,0,-1.1819627,0.3205128312110901,0.4749999940395355,0.1006999984383583
YLR390W,YER164W,0,-1.182403,0.3202967047691345,0.4749999940395355,0.10080000013113022
YOR076C,YOL039W,1,-1.1824358,0.3207547068595886,0.47600001096725464,0.10080000013113022
YOR048C,YMR215W,0,-1.1829674,0.320538729429245,0.47600001096725464,0.10090000182390213
YML132W,YOR396W,0,-1.1834648,0.32032302021980286,0.47600001096725464,0.10100000351667404
YBR218C,YGL094C,0,-1.1834979,0.3201076090335846,0.47600001096725464,0.10109999775886536
YOR157C,YKL080W,0,-1.1838262,0.3198924660682678,0.47600001096725464,0.10119999945163727
YEL034W,YLR150W,1,-1.1848896,0.32034921646118164,0.47699999809265137,0.10119999945163727
YBL071W-A,YOR187W,1,-1.1852725,0.3208053708076477,0.4779999852180481,0.10119999945163727
YDR266C,YKR084C,1,-1.185621,0.32126089930534363,0.4790000021457672,0.10119999945163727
YJR045C,YKL080W,0,-1.1858859,0.32104557752609253,0.4790000021457672,0.10130000114440918
YOL039W,YDR333C,1,-1.1863334,0.32150033116340637,0.47999998927116394,0.10130000114440918
YIR019C,YDR483W,0,-1.186476,0.3212851285934448,0.47999998927116394,0.10140000283718109
YOR020C,YCR028C,0,-1.1870149,0.32107022404670715,0.47999998927116394,0.1014999970793724
YJL190C,YDR325W,0,-1.1870651,0.32085561752319336,0.47999998927116394,0.10159999877214432
YJL066C,YLR086W,0,-1.1872028,0.32064127922058105,0.47999998927116394,0.10170000046491623
YDR349C,YHR128W,0,-1.1872215,0.3204272389411926,0.47999998927116394,0.10180000215768814
YLR047C,YML039W,0,-1.1874123,0.3202134668827057,0.47999998927116394,0.10189999639987946
YMR131C,YDR237W,0,-1.1876142,0.3199999928474426,0.47999998927116394,0.10199999809265137
YOR079C,YIL173W,0,-1.1879132,0.31978681683540344,0.47999998927116394,0.10209999978542328
YLR249W,YPL052W,1,-1.1880393,0.32023969292640686,0.48100000619888306,0.10209999978542328
YDR337W,YNL061W,0,-1.1895709,0.32002660632133484,0.48100000619888306,0.10220000147819519
YMR247C,YOR187W,1,-1.1900482,0.32047873735427856,0.4819999933242798,0.10220000147819519
YGR209C,YNL135C,0,-1.1902713,0.3202657699584961,0.4819999933242798,0.1023000031709671
YCR043C,YDR224C,0,-1.1903267,0.3200531303882599,0.4819999933242798,0.10239999741315842
YPL172C,YOR110W,0,-1.1905618,0.3198407292366028,0.4819999933242798,0.10249999910593033
YDL160C,YLR150W,1,-1.1905746,0.32029178738594055,0.4830000102519989,0.10249999910593033
YDL102W,YDR185C,0,-1.1908429,0.3200795352458954,0.4830000102519989,0.10260000079870224
YHR073W,YBR153W,0,-1.1912469,0.3198675513267517,0.4830000102519989,0.10270000249147415
YHR128W,YLR328W,0,-1.1917509,0.3196558654308319,0.4830000102519989,0.10279999673366547
YDL225W,YIL089W,0,-1.192019,0.3194444477558136,0.4830000102519989,0.10289999842643738
YOR396W,YEL009C,0,-1.1927881,0.3192332983016968,0.4830000102519989,0.10300000011920929
YCR104W,YDR169C,0,-1.1929202,0.31902244687080383,0.4830000102519989,0.1031000018119812
YDR320C-A,YBR172C,0,-1.1935761,0.31881189346313477,0.4830000102519989,0.10320000350475311
YML078W,YLR378C,0,-1.1939118,0.3186015784740448,0.4830000102519989,0.10329999774694443
YGR208W,YKR085C,0,-1.1943527,0.3183915615081787,0.4830000102519989,0.10339999943971634
YPL006W,YPL018W,0,-1.1945174,0.3181818127632141,0.4830000102519989,0.10350000113248825
YDR448W,YGR221C,0,-1.1952353,0.3179723620414734,0.4830000102519989,0.10360000282526016
YLR167W,YJR049C,0,-1.1957501,0.31776314973831177,0.4830000102519989,0.10369999706745148
YLR241W,YPR189W,0,-1.1959685,0.317554235458374,0.4830000102519989,0.10379999876022339
YKL056C,YDL019C,0,-1.195972,0.31734558939933777,0.4830000102519989,0.1039000004529953
YOR236W,YDR483W,0,-1.1960276,0.3171372413635254,0.4830000102519989,0.10400000214576721
YPL192C,YBL071W-A,0,-1.196087,0.3169291317462921,0.4830000102519989,0.10409999638795853
YPL052W-A,YJR047C,1,-1.196651,0.3173770606517792,0.48399999737739563,0.10409999638795853
YIR010W,YDR040C,0,-1.196964,0.31716907024383545,0.48399999737739563,0.10419999808073044
YDL164C,YDL083C,0,-1.1971829,0.3169613480567932,0.48399999737739563,0.10429999977350235
YGR253C,YGL230C,0,-1.1974149,0.31675392389297485,0.48399999737739563,0.10440000146627426
YLR384C,YCR059C,0,-1.1977903,0.316546767950058,0.48399999737739563,0.10450000315904617
YJL121C,YAL013W,0,-1.1978714,0.3163398802280426,0.48399999737739563,0.10459999740123749
YGL195W,YDR266C,1,-1.1979067,0.31678640842437744,0.48500001430511475,0.10459999740123749
YKL063C,YDR202C,0,-1.1979244,0.3165796399116516,0.48500001430511475,0.1046999990940094
YOR076C,YLR150W,1,-1.1979351,0.31702545285224915,0.4860000014305115,0.1046999990940094
YPL017C,YIL037C,0,-1.1982523,0.3168187737464905,0.4860000014305115,0.10480000078678131
YJL223C,YNL280C,0,-1.1991777,0.3166123926639557,0.4860000014305115,0.10490000247955322
YHL012W,YDL047W,0,-1.199232,0.31640625,0.4860000014305115,0.10499999672174454
YOR098C,YHR134W,0,-1.199364,0.3162003755569458,0.4860000014305115,0.10509999841451645
YDR341C,YCR039C,0,-1.1995434,0.3159947991371155,0.4860000014305115,0.10520000010728836
YBL100W-A,YOR084W,0,-1.2000754,0.31578946113586426,0.4860000014305115,0.10530000180006027
YJR001W,YOL142W,0,-1.2003678,0.3155844211578369,0.4860000014305115,0.10540000349283218
YBR030W,YML059C,0,-1.2003729,0.31537961959838867,0.4860000014305115,0.1054999977350235
YIL044C,YBR078W,0,-1.2010163,0.3151750862598419,0.4860000014305115,0.10559999942779541
YDL081C,YLR143W,1,-1.2011244,0.31561893224716187,0.4869999885559082,0.10559999942779541
YFR048W,YJR029W,0,-1.2016069,0.31541451811790466,0.4869999885559082,0.10570000112056732
YKL009W,YGR222W,0,-1.2018291,0.31521034240722656,0.4869999885559082,0.10580000281333923
YPR178W,YPR149W,0,-1.2019734,0.31500646471977234,0.4869999885559082,0.10589999705553055
YDL225W,YLR116W,0,-1.2023613,0.3148028552532196,0.4869999885559082,0.10599999874830246
YNL244C,YPL076W,0,-1.2024553,0.31459948420524597,0.4869999885559082,0.10610000044107437
YDL046W,YGL019W,0,-1.2025408,0.31439638137817383,0.4869999885559082,0.10620000213384628
YPL184C,YPL220W,0,-1.202918,0.3141935467720032,0.4869999885559082,0.1062999963760376
YCR098C,YOR231W,0,-1.2032075,0.313990980386734,0.4869999885559082,0.10639999806880951
YIL139C,YGR031W,0,-1.2033668,0.31378865242004395,0.4869999885559082,0.10649999976158142
YMR170C,YOR084W,0,-1.2034378,0.31358659267425537,0.4869999885559082,0.10660000145435333
YLR466W,YOR165W,0,-1.2035103,0.3133848011493683,0.4869999885559082,0.10670000314712524
YDL045W-A,YHR039C-A,0,-1.2039589,0.3131832778453827,0.4869999885559082,0.10679999738931656
YER032W,YNL178W,0,-1.204383,0.3129819929599762,0.4869999885559082,0.10689999908208847
YBR025C,YDR430C,0,-1.2046252,0.3127809762954712,0.4869999885559082,0.10700000077486038
YPR060C,YFL018W-A,0,-1.2049267,0.3125802278518677,0.4869999885559082,0.1071000024676323
YGR181W,YJR009C,0,-1.204952,0.31237971782684326,0.4869999885559082,0.10719999670982361
YML116W,YBR266C,0,-1.2050377,0.31217947602272034,0.4869999885559082,0.10729999840259552
YGL110C,YMR024W,1,-1.2059504,0.3126201033592224,0.4880000054836273,0.10729999840259552
YOR361C,YPL169C,0,-1.2062033,0.31241998076438904,0.4880000054836273,0.10740000009536743
YPR008W,YOL062C,0,-1.2062427,0.31222009658813477,0.4880000054836273,0.10750000178813934
YNR032C-A,YJR135W-A,0,-1.2063493,0.3120204508304596,0.4880000054836273,0.10760000348091125
YKR068C,YOR136W,0,-1.2063923,0.3118210732936859,0.4880000054836273,0.10769999772310257
YJL174W,YNL004W,0,-1.2067122,0.3116219639778137,0.4880000054836273,0.10779999941587448
YBR162W-A,YML052W,0,-1.206779,0.31142309308052063,0.4880000054836273,0.10790000110864639
YDL130W,YDR266C,1,-1.2068708,0.3118622303009033,0.48899999260902405,0.10790000110864639
YDR375C,YJL069C,0,-1.2069188,0.3116634786128998,0.48899999260902405,0.1080000028014183
YFR044C,YPL279C,0,-1.2069243,0.31146496534347534,0.48899999260902405,0.10809999704360962
YNL191W,YBR279W,0,-1.2069403,0.3112667202949524,0.48899999260902405,0.10819999873638153
YLR051C,YHR192W,0,-1.2071334,0.31106871366500854,0.48899999260902405,0.10830000042915344
YLL036C,YGL190C,0,-1.2080631,0.3108709454536438,0.48899999260902405,0.10840000212192535
YOR141C,YER150W,0,-1.2084525,0.31067344546318054,0.48899999260902405,0.10849999636411667
YKL126W,YHR214C-B,0,-1.2084783,0.3104761838912964,0.48899999260902405,0.10859999805688858
YOL059W,YLR262C-A,0,-1.2091475,0.3102791905403137,0.48899999260902405,0.10869999974966049
YOR274W,YLR262C-A,0,-1.2093956,0.31008243560791016,0.48899999260902405,0.1088000014424324
YER072W,YKR064W,0,-1.2098979,0.3098859190940857,0.48899999260902405,0.10890000313520432
YGR108W,YDL178W,0,-1.2099676,0.3096896708011627,0.48899999260902405,0.10899999737739563
YGL135W,YDR343C,0,-1.2103002,0.30949366092681885,0.48899999260902405,0.10909999907016754
YMR116C,YGL110C,1,-1.2104621,0.3099304139614105,0.49000000953674316,0.10909999907016754
YDL130W,YMR247C,1,-1.2108088,0.3103666305541992,0.4909999966621399,0.10909999907016754
YFL034C-A,YBL057C,0,-1.2109956,0.31017056107521057,0.4909999966621399,0.10920000076293945
YGR041W,YDL241W,0,-1.2116985,0.3099747598171234,0.4909999966621399,0.10930000245571136
YBL005W-B,YDR188W,0,-1.212017,0.30977916717529297,0.4909999966621399,0.10939999669790268
YJR047C,YPL052W,1,-1.2120221,0.3102143704891205,0.492000013589859,0.10939999669790268
YJL159W,YBR081C,0,-1.2123697,0.3100188970565796,0.492000013589859,0.10949999839067459
YHL035C,YMR207C,0,-1.21241,0.3098236918449402,0.492000013589859,0.1096000000834465
YNL020C,YGL156W,0,-1.2125434,0.3096286952495575,0.492000013589859,0.10970000177621841
YMR310C,YML091C,0,-1.2125986,0.3094339668750763,0.492000013589859,0.10980000346899033
YMR295C,YGR091W,0,-1.2129505,0.3092394769191742,0.492000013589859,0.10989999771118164
YOL097C,YGR175C,0,-1.212996,0.3090452253818512,0.492000013589859,0.10999999940395355
YOR230W,YBL032W,0,-1.2131636,0.3088512122631073,0.492000013589859,0.11010000109672546
YBL002W,YER126C,0,-1.2132657,0.3086574673652649,0.492000013589859,0.11020000278949738
YER160C,YPL058C,0,-1.2141478,0.3084639608860016,0.492000013589859,0.11029999703168869
YNL036W,YMR075W,0,-1.2145383,0.308270663022995,0.492000013589859,0.1103999987244606
YOR026W,YOL121C,0,-1.2154174,0.3080776333808899,0.492000013589859,0.11050000041723251
YAL044C,YHL015W,0,-1.2157128,0.3078848421573639,0.492000013589859,0.11060000211000443
YCL035C,YNL152W,0,-1.2160034,0.3076923191547394,0.492000013589859,0.11069999635219574
YPL239W,YMR238W,0,-1.2162192,0.3075000047683716,0.492000013589859,0.11079999804496765
YIL118W,YPR024W,0,-1.2163906,0.3073079288005829,0.492000013589859,0.11089999973773956
YBR039W,YPR040W,0,-1.2164129,0.3071160912513733,0.492000013589859,0.11100000143051147
YOR172W,YIL153W,0,-1.2173085,0.3069245219230652,0.492000013589859,0.11110000312328339
YAL060W,YPR088C,0,-1.2173448,0.3067331612110138,0.492000013589859,0.1111999973654747
YKR017C,YFR046C,0,-1.2177287,0.3065420687198639,0.492000013589859,0.11129999905824661
YBR162W-A,YJR144W,0,-1.2177371,0.3063511848449707,0.492000013589859,0.11140000075101852
YGL141W,YFL026W,0,-1.217901,0.3061605393886566,0.492000013589859,0.11150000244379044
YBR025C,YOL003C,0,-1.2180421,0.305970162153244,0.492000013589859,0.11159999668598175
YLR408C,YDR312W,0,-1.218201,0.30577999353408813,0.492000013589859,0.11169999837875366
YOR167C,YBR173C,0,-1.218285,0.30559006333351135,0.492000013589859,0.11180000007152557
YOR233W,YJR073C,0,-1.2189828,0.30540037155151367,0.492000013589859,0.11190000176429749
YML028W,YFR006W,0,-1.2191578,0.3052109181880951,0.492000013589859,0.1120000034570694
YNL079C,YDR461W,0,-1.2193525,0.3050217032432556,0.492000013589859,0.11209999769926071
YGL150C,YDR039C,0,-1.2196279,0.30483272671699524,0.492000013589859,0.11219999939203262
YPL009C,YFR009W,1,-1.2197971,0.3052631616592407,0.49300000071525574,0.11219999939203262
YGR012W,YFR043C,0,-1.2199899,0.3050742447376251,0.49300000071525574,0.11230000108480453
YAL031C,YNL152W,0,-1.2201833,0.304885596036911,0.49300000071525574,0.11240000277757645
YFL001W,YER003C,0,-1.2202747,0.3046971559524536,0.49300000071525574,0.11249999701976776
YML014W,YKR084C,1,-1.2206646,0.3051266074180603,0.49399998784065247,0.11249999701976776
YPL253C,YLR044C,0,-1.2213744,0.30493825674057007,0.49399998784065247,0.11259999871253967
YAR015W,YGR124W,0,-1.2219704,0.30475014448165894,0.49399998784065247,0.11270000040531158
YER056C,YNL026W,0,-1.2223451,0.3045622706413269,0.49399998784065247,0.1128000020980835
YMR292W,YJL196C,0,-1.2225149,0.3043746054172516,0.49399998784065247,0.11289999634027481
YDL229W,YOR076C,1,-1.2228566,0.30480295419692993,0.4950000047683716,0.11289999634027481
YMR316C-A,YMR208W,0,-1.223367,0.3046153783798218,0.4950000047683716,0.11299999803304672
YNR026C,YMR295C,0,-1.2235019,0.3044280409812927,0.4950000047683716,0.11309999972581863
YLL066C,YDR251W,0,-1.2235849,0.3042409420013428,0.4950000047683716,0.11320000141859055
YDR072C,YLR303W,0,-1.2237016,0.30405405163764954,0.4950000047683716,0.11330000311136246
YBR004C,YJL171C,0,-1.2239704,0.3038673996925354,0.4950000047683716,0.11339999735355377
YBR246W,YOR187W,1,-1.224191,0.3042944669723511,0.4959999918937683,0.11339999735355377
YDR276C,YLR170C,0,-1.2242639,0.3041079044342041,0.4959999918937683,0.11349999904632568
YDL019C,YCR008W,0,-1.2244157,0.30392158031463623,0.4959999918937683,0.1136000007390976
YBR107C,YHR122W,0,-1.224503,0.3037354648113251,0.4959999918937683,0.1137000024318695
YDL212W,YNL280C,0,-1.2246042,0.30354955792427063,0.4959999918937683,0.11379999667406082
YEL034W,YOR133W,1,-1.2253455,0.30397552251815796,0.4970000088214874,0.11379999667406082
YDR420W,YJL117W,0,-1.2256411,0.30378973484039307,0.4970000088214874,0.11389999836683273
YJL066C,YGR170W,0,-1.2256752,0.3036041557788849,0.4970000088214874,0.11400000005960464
YMR321C,YJL196C,0,-1.2257661,0.3034188151359558,0.4970000088214874,0.11410000175237656
YNL107W,YGL191W,0,-1.2259581,0.30323368310928345,0.4970000088214874,0.11420000344514847
YBR092C,YFL033C,0,-1.2262294,0.3030487895011902,0.4970000088214874,0.11429999768733978
YDR254W,YDL012C,0,-1.2262932,0.30286410450935364,0.4970000088214874,0.1143999993801117
YPL052W-A,YDL130W,1,-1.2266926,0.30328866839408875,0.49799999594688416,0.1143999993801117
YGR149W,YAL068C,0,-1.2267084,0.30310407280921936,0.49799999594688416,0.1145000010728836
YJL031C,YBR182C,0,-1.2268165,0.3029197156429291,0.49799999594688416,0.11460000276565552
YDR227W,YKL158W,0,-1.226886,0.3027355670928955,0.49799999594688416,0.11469999700784683
YNL095C,YKR048C,0,-1.2269073,0.30255162715911865,0.49799999594688416,0.11479999870061874
YHR024C,YAL023C,0,-1.2269449,0.3023679554462433,0.49799999594688416,0.11490000039339066
YHR114W,YDR418W,0,-1.2273608,0.30218446254730225,0.49799999594688416,0.11500000208616257
YML027W,YBL072C,0,-1.2274487,0.3020012080669403,0.49799999594688416,0.11509999632835388
YDR497C,YHR133C,0,-1.227479,0.30181819200515747,0.49799999594688416,0.1151999980211258
YNL209W,YDR266C,1,-1.2275698,0.3022410571575165,0.49900001287460327,0.1151999980211258
YGR159C,YER122C,0,-1.2276622,0.3020581007003784,0.49900001287460327,0.1152999997138977
YKL199C,YJR050W,0,-1.2277626,0.30187538266181946,0.49900001287460327,0.11540000140666962
YKL162C,YOL161C,0,-1.2278484,0.3016928732395172,0.49900001287460327,0.11550000309944153
YBL026W,YLR413W,0,-1.2284671,0.3015105724334717,0.49900001287460327,0.11559999734163284
YBR104W,YER160C,0,-1.2295599,0.30132851004600525,0.49900001287460327,0.11569999903440475
YLR319C,YIL078W,0,-1.2298585,0.30114665627479553,0.49900001287460327,0.11580000072717667
YDR478W,YBR078W,0,-1.2298859,0.30096501111984253,0.49900001287460327,0.11590000241994858
YDR176W,YIL122W,0,-1.2301741,0.30078360438346863,0.49900001287460327,0.11599999666213989
YPL061W,YMR102C,0,-1.2303399,0.30060240626335144,0.49900001287460327,0.1160999983549118
YPL266W,YFR050C,0,-1.2303994,0.30042144656181335,0.49900001287460327,0.11620000004768372
YNL063W,YPR080W,1,-1.2305846,0.3008423447608948,0.5,0.11620000004768372
YDR296W,YGL210W-A,0,-1.2309,0.30066144466400146,0.5,0.11630000174045563
YJL066C,YLR029C,0,-1.2309473,0.30048078298568726,0.5,0.11640000343322754
YCR009C,YIL010W,0,-1.2311895,0.3003003001213074,0.5,0.11649999767541885
YMR143W,YMR280C,0,-1.2315542,0.3001200556755066,0.5,0.11659999936819077
YNR032C-A,YJL191W,0,-1.2320768,0.2999400198459625,0.5,0.11670000106096268
YOR230W,YJL018W,0,-1.2322841,0.29976019263267517,0.5,0.11680000275373459
YGL098W,YOR104W,0,-1.232518,0.29958057403564453,0.5,0.1168999969959259
YNL077W,YGL233W,0,-1.2326045,0.299401193857193,0.5,0.11699999868869781
YER180C,YPL088W,0,-1.2326231,0.29922202229499817,0.5,0.11710000038146973
YLR069C,YDR266C,1,-1.2326468,0.2996411621570587,0.5009999871253967,0.11710000038146973
YOR308C,YDL082W,0,-1.2327726,0.29946205019950867,0.5009999871253967,0.11720000207424164
YPR057W,YIL003W,0,-1.23283,0.29928314685821533,0.5009999871253967,0.11729999631643295
YLR133W,YGR252W,0,-1.2328688,0.2991044819355011,0.5009999871253967,0.11739999800920486
YNL014W,YKL191W,1,-1.2329534,0.29952266812324524,0.5019999742507935,0.11739999800920486
YGL056C,YGR167W,0,-1.2330987,0.2993440628051758,0.5019999742507935,0.11749999970197678
YDR333C,YLR075W,0,-1.2335098,0.29916566610336304,0.5019999742507935,0.11760000139474869
YOL039W,YNL063W,1,-1.2339834,0.2995830774307251,0.503000020980835,0.11760000139474869
YFR009W,YMR024W,1,-1.234132,0.30000001192092896,0.5040000081062317,0.11760000139474869
YKL017C,YJL225C,0,-1.2341628,0.29982152581214905,0.5040000081062317,0.1177000030875206
YCR043C,YMR205C,0,-1.2349815,0.29964327812194824,0.5040000081062317,0.11779999732971191
YHR051W,YGL070C,0,-1.2352269,0.29946523904800415,0.5040000081062317,0.11789999902248383
YCR033W,YJL035C,0,-1.2355661,0.2992874085903168,0.5040000081062317,0.11800000071525574
YPL219W,YCL026C-A,0,-1.235776,0.2991097867488861,0.5040000081062317,0.11810000240802765
YKR057W,YMR268W-A,0,-1.2360036,0.29893237352371216,0.5040000081062317,0.11819999665021896
YPR021C,YJL162C,0,-1.2360518,0.2987551987171173,0.5040000081062317,0.11829999834299088
YOR358W,YPL106C,0,-1.236174,0.2985782027244568,0.5040000081062317,0.11840000003576279
YEL040W,YLL008W,0,-1.2363727,0.298401415348053,0.5040000081062317,0.1185000017285347
YIR021W,YPL061W,0,-1.2364831,0.29822486639022827,0.5040000081062317,0.11860000342130661
YMR096W,YDR135C,0,-1.2367891,0.2980484962463379,0.5040000081062317,0.11869999766349792
YGL195W,YKL081W,1,-1.2370346,0.2984633445739746,0.5049999952316284,0.11869999766349792
YPL254W,YGL014W,0,-1.2371072,0.2982870638370514,0.5049999952316284,0.11879999935626984
YJR029W,YBR023C,0,-1.2371453,0.2981109917163849,0.5049999952316284,0.11890000104904175
YOR382W,YFR040W,0,-1.2375666,0.2979350984096527,0.5049999952316284,0.11900000274181366
YKL009W,YER068W,0,-1.2379047,0.29775944352149963,0.5049999952316284,0.11909999698400497
YOR285W,YLL033W,0,-1.2382603,0.2975839674472809,0.5049999952316284,0.11919999867677689
YOR204W,YGR134W,0,-1.238329,0.29740872979164124,0.5049999952316284,0.1193000003695488
YNR048W,YPR013C,0,-1.2385714,0.2972336709499359,0.5049999952316284,0.11940000206232071
YMR116C,YDR333C,1,-1.2386973,0.29764705896377563,0.5059999823570251,0.11940000206232071
YOR010C,YOL016C,0,-1.2389697,0.2974720895290375,0.5059999823570251,0.11949999630451202
YFR009W,YPL052W,1,-1.2391384,0.29788485169410706,0.5070000290870667,0.11949999630451202
YOR233W,YHR162W,0,-1.2391647,0.2977099120616913,0.5070000290870667,0.11959999799728394
YDR182W,YDR317W,0,-1.2393408,0.2975352108478546,0.5070000290870667,0.11969999969005585
YDL136W,YPL122C,0,-1.2396779,0.29736071825027466,0.5070000290870667,0.11980000138282776
YAR009C,YPR018W,0,-1.2397213,0.29718640446662903,0.5070000290870667,0.11990000307559967
YDL229W,YMR247C,1,-1.2397226,0.29759812355041504,0.5080000162124634,0.11990000307559967
YDR385W,YDR266C,1,-1.2401382,0.29800936579704285,0.5090000033378601,0.11990000307559967
YPL242C,YKL017C,0,-1.2401838,0.29783499240875244,0.5090000033378601,0.11999999731779099
YOR076C,YDL130W,1,-1.240308,0.2982456088066101,0.5099999904632568,0.11999999731779099
YDR190C,YFR015C,0,-1.2412206,0.2980712950229645,0.5099999904632568,0.1200999990105629
YJL216C,YDR416W,0,-1.2415543,0.29789718985557556,0.5099999904632568,0.12020000070333481
YLR183C,YBR127C,0,-1.2420006,0.29772329330444336,0.5099999904632568,0.12030000239610672
YDL171C,YKL183W,0,-1.2422435,0.29754960536956787,0.5099999904632568,0.12039999663829803
YJR075W,YGR068C,0,-1.2427762,0.2973760962486267,0.5099999904632568,0.12049999833106995
YER042W,YDL030W,0,-1.2431008,0.29720279574394226,0.5099999904632568,0.12060000002384186
YDR041W,YGR252W,0,-1.2447556,0.2970297038555145,0.5099999904632568,0.12070000171661377
YDR471W,YPR011C,0,-1.2448331,0.2968568205833435,0.5099999904632568,0.12080000340938568
YNL240C,YMR225C,0,-1.2451628,0.2966841161251068,0.5099999904632568,0.120899997651577
YER130C,YDR312W,0,-1.2452201,0.29651162028312683,0.5099999904632568,0.12099999934434891
YNL130C,YLR075W,0,-1.2452393,0.29633933305740356,0.5099999904632568,0.12110000103712082
YPL173W,YBR034C,0,-1.2455975,0.296167254447937,0.5099999904632568,0.12120000272989273
YER059W,YDR314C,0,-1.246205,0.2959953546524048,0.5099999904632568,0.12129999697208405
YDR171W,YJR149W,0,-1.246353,0.2958236634731293,0.5099999904632568,0.12139999866485596
YOL059W,YLR410W,0,-1.246429,0.2956521809101105,0.5099999904632568,0.12150000035762787
YMR270C,YOR087W,0,-1.2466702,0.295480877161026,0.5099999904632568,0.12160000205039978
YKR058W,YML003W,0,-1.2466934,0.29530978202819824,0.5099999904632568,0.1216999962925911
YKR043C,YKL211C,0,-1.2470334,0.2951388955116272,0.5099999904632568,0.121799997985363
YBR246W,YLR150W,1,-1.2470678,0.2955465614795685,0.5109999775886536,0.121799997985363
YOR230W,YOR269W,0,-1.2474468,0.2953757345676422,0.5109999775886536,0.12189999967813492
YFL021W,YPR112C,0,-1.247478,0.29520508646965027,0.5109999775886536,0.12200000137090683
YNL074C,YPL283C,0,-1.2474837,0.29503464698791504,0.5109999775886536,0.12210000306367874
YBR041W,YBR065C,0,-1.247767,0.29486438632011414,0.5109999775886536,0.12219999730587006
YBL005W-B,YDR147W,0,-1.248412,0.29469433426856995,0.5109999775886536,0.12229999899864197
YNL139C,YPR100W,0,-1.24861,0.29452449083328247,0.5109999775886536,0.12240000069141388
YIL136W,YGL145W,0,-1.2486935,0.2943548262119293,0.5109999775886536,0.12250000238418579
YMR164C,YNL291C,0,-1.2487774,0.2941853702068329,0.5109999775886536,0.1225999966263771
YNL069C,YOR191W,0,-1.2488,0.29401612281799316,0.5109999775886536,0.12269999831914902
YKR095W-A,YOR136W,0,-1.2490396,0.2938470244407654,0.5109999775886536,0.12280000001192093
YDR520C,YPL096W,0,-1.2491798,0.2936781644821167,0.5109999775886536,0.12290000170469284
YHR200W,YGR031W,0,-1.249371,0.29350948333740234,0.5109999775886536,0.12300000339746475
YIL050W,YKL079W,0,-1.2498826,0.2933409810066223,0.5109999775886536,0.12309999763965607
YDL226C,YMR315W,0,-1.2500877,0.293172687292099,0.5109999775886536,0.12319999933242798
YMR212C,YER167W,0,-1.2501109,0.29300457239151,0.5109999775886536,0.12330000102519989
YMR195W,YPL030W,0,-1.2509383,0.29283666610717773,0.5109999775886536,0.1234000027179718
YPR112C,YPL188W,0,-1.2510191,0.2926689684391022,0.5109999775886536,0.12349999696016312
YML080W,YFR006W,0,-1.2512841,0.29250141978263855,0.5109999775886536,0.12359999865293503
YKL191W,YKR084C,1,-1.2514209,0.29290616512298584,0.5120000243186951,0.12359999865293503
YKL035W,YER099C,0,-1.251615,0.2927387058734894,0.5120000243186951,0.12370000034570694
YPL014W,YLR080W,0,-1.2516699,0.29257142543792725,0.5120000243186951,0.12380000203847885
YDR033W,YMR035W,0,-1.2529744,0.2924043536186218,0.5120000243186951,0.12389999628067017
YNL209W,YPL052W-A,1,-1.253222,0.2928082048892975,0.5130000114440918,0.12389999628067017
YGL029W,YEL039C,0,-1.2534082,0.29264119267463684,0.5130000114440918,0.12399999797344208
YHR018C,YCR033W,0,-1.2535042,0.29247432947158813,0.5130000114440918,0.12409999966621399
YCL073C,YPL233W,0,-1.2535986,0.29230770468711853,0.5130000114440918,0.1242000013589859
YGR175C,YLR213C,0,-1.2536343,0.29214122891426086,0.5130000114440918,0.12430000305175781
YPL265W,YJR017C,0,-1.2536837,0.2919749617576599,0.5130000114440918,0.12439999729394913
YBR187W,YPL140C,0,-1.2539539,0.2918088734149933,0.5130000114440918,0.12449999898672104
YHR064C,YLR143W,1,-1.2542614,0.29221147298812866,0.5139999985694885,0.12449999898672104
YOR326W,YPR102C,0,-1.254286,0.2920454442501068,0.5139999985694885,0.12460000067949295
YCL018W,YKL033W,0,-1.2546962,0.2918796241283417,0.5139999985694885,0.12470000237226486
YGL093W,YNL096C,0,-1.2549592,0.2917139530181885,0.5139999985694885,0.12479999661445618
YPR013C,YPL074W,0,-1.255316,0.291548490524292,0.5139999985694885,0.12489999830722809
YBL071W-A,YMR247C,1,-1.2553463,0.2919501066207886,0.5149999856948853,0.12489999830722809
YGL215W,YPL083C,0,-1.2555563,0.29178470373153687,0.5149999856948853,0.125
YAR033W,YML041C,0,-1.2556462,0.2916194796562195,0.5149999856948853,0.1251000016927719
YLR157C,YJL185C,0,-1.2565641,0.2914544343948364,0.5149999856948853,0.12520000338554382
YKR043C,YLR228C,0,-1.2570537,0.2912895977497101,0.5149999856948853,0.12530000507831573
YDR156W,YGL008C,0,-1.2571504,0.29112493991851807,0.5149999856948853,0.12540000677108765
YJL223C,YFR013W,0,-1.2572192,0.2909604609012604,0.5149999856948853,0.12549999356269836
YEL002C,YKR082W,0,-1.2572587,0.290796160697937,0.5149999856948853,0.12559999525547028
YPL253C,YKR099C-A,0,-1.2573118,0.290632039308548,0.5149999856948853,0.1256999969482422
YIL108W,YBR302C,0,-1.257699,0.29046812653541565,0.5149999856948853,0.1257999986410141
YIL173W,YIL035C,0,-1.2577224,0.29030439257621765,0.5149999856948853,0.125900000333786
YDR349C,YMR177W,0,-1.2577527,0.290140837430954,0.5149999856948853,0.12600000202655792
YPL048W,YOL039W,1,-1.257808,0.29054054617881775,0.515999972820282,0.12600000202655792
YJL142C,YOL086C,0,-1.25787,0.29037705063819885,0.515999972820282,0.12610000371932983
YLR157C-B,YBR023C,0,-1.2580531,0.2902137339115143,0.515999972820282,0.12620000541210175
YNL339C,YBL098W,0,-1.258148,0.29005059599876404,0.515999972820282,0.12630000710487366
YMR068W,YLR460C,0,-1.258279,0.2898876368999481,0.515999972820282,0.12639999389648438
YLR249W,YMR247C,1,-1.2585831,0.2902863621711731,0.5170000195503235,0.12639999389648438
YPL222W,YOL153C,0,-1.2587135,0.29012346267700195,0.5170000195503235,0.1264999955892563
YBR089C-A,YML099C,0,-1.2589874,0.28996074199676514,0.5170000195503235,0.1265999972820282
YJL041W,YOR319W,0,-1.259165,0.28979820013046265,0.5170000195503235,0.1266999989748001
YOR099W,YNL216W,0,-1.2592397,0.28963586688041687,0.5170000195503235,0.12680000066757202
YIL103W,YLR069C,1,-1.2593515,0.29003360867500305,0.5180000066757202,0.12680000066757202
YFL011W,YBR273C,0,-1.2597284,0.28987130522727966,0.5180000066757202,0.12690000236034393
YML127W,YER131W,0,-1.2597877,0.2897091805934906,0.5180000066757202,0.12700000405311584
YOL111C,YBR274W,0,-1.2599001,0.28954723477363586,0.5180000066757202,0.12710000574588776
YML124C,YDL012C,0,-1.2602261,0.28938546776771545,0.5180000066757202,0.12720000743865967
YMR073C,YIR006C,0,-1.2604872,0.28922390937805176,0.5180000066757202,0.12729999423027039
YBL095W,YKL129C,0,-1.2605482,0.2890625,0.5180000066757202,0.1273999959230423
YDR036C,YPL192C,0,-1.2605733,0.28890126943588257,0.5180000066757202,0.1274999976158142
YBR193C,YBR010W,0,-1.260698,0.28874024748802185,0.5180000066757202,0.12759999930858612
YAL003W,YBR246W,1,-1.2607017,0.28913649916648865,0.5189999938011169,0.12759999930858612
YBR162W-A,YPL049C,0,-1.2609203,0.2889755070209503,0.5189999938011169,0.12770000100135803
YKL026C,YBL019W,0,-1.261166,0.2888146936893463,0.5189999938011169,0.12780000269412994
YOR307C,YPL120W,0,-1.2613297,0.28865405917167664,0.5189999938011169,0.12790000438690186
YLR090W,YGR202C,0,-1.261493,0.2884936034679413,0.5189999938011169,0.12800000607967377
YNL209W,YOR076C,1,-1.2615,0.2888889014720917,0.5199999809265137,0.12800000607967377
YIL021W,YBR082C,0,-1.2615902,0.2887284755706787,0.5199999809265137,0.12809999287128448
YNL014W,YDL130W,1,-1.2618874,0.28912320733070374,0.5210000276565552,0.12809999287128448
YNL215W,YHR090C,0,-1.2618976,0.28896284103393555,0.5210000276565552,0.1281999945640564
YPL265W,YDR224C,0,-1.2619419,0.2888026535511017,0.5210000276565552,0.1282999962568283
YJR063W,YCR044C,0,-1.2619717,0.28864264488220215,0.5210000276565552,0.12839999794960022
YDR147W,YDL229W,0,-1.262079,0.2884828448295593,0.5210000276565552,0.12849999964237213
YJR131W,YOR338W,0,-1.2622229,0.28832319378852844,0.5210000276565552,0.12860000133514404
YCL054W,YHR192W,0,-1.2623073,0.2881637215614319,0.5210000276565552,0.12870000302791595
YML067C,YLR467W,0,-1.2623669,0.28800442814826965,0.5210000276565552,0.12880000472068787
YOR378W,YPL003W,0,-1.262389,0.28784531354904175,0.5210000276565552,0.12890000641345978
YDR188W,YOR087W,0,-1.2623894,0.2876863479614258,0.5210000276565552,0.1289999932050705
YKL060C,YPL088W,0,-1.2625773,0.28752759099006653,0.5210000276565552,0.1290999948978424
YKR079C,YMR034C,0,-1.2627947,0.2873690128326416,0.5210000276565552,0.12919999659061432
YOR007C,YER160C,0,-1.2629889,0.2872105836868286,0.5210000276565552,0.12929999828338623
YNL113W,YNL158W,0,-1.2630712,0.28705233335494995,0.5210000276565552,0.12939999997615814
YML128C,YDR499W,0,-1.2631726,0.2868942618370056,0.5210000276565552,0.12950000166893005
YJL123C,YEL046C,0,-1.2635037,0.2867363691329956,0.5210000276565552,0.12960000336170197
YNR066C,YCL074W,0,-1.2636334,0.2865786552429199,0.5210000276565552,0.12970000505447388
YNL315C,YBL097W,0,-1.2637528,0.28642112016677856,0.5210000276565552,0.1298000067472458
YGR170W,YHR055C,0,-1.2638792,0.28626373410224915,0.5210000276565552,0.1298999935388565
YAL016W,YKL110C,0,-1.2644718,0.28610652685165405,0.5210000276565552,0.12999999523162842
YER172C,YHR138C,0,-1.2647816,0.2859494984149933,0.5210000276565552,0.13009999692440033
YDR411C,YPR082C,0,-1.2648566,0.28579264879226685,0.5210000276565552,0.13019999861717224
YML124C,YEL009C,0,-1.264984,0.28563597798347473,0.5210000276565552,0.13030000030994415
YHR158C,YHR045W,0,-1.2652483,0.28547945618629456,0.5210000276565552,0.13040000200271606
YOR020C,YOR393W,0,-1.2653687,0.2853231132030487,0.5210000276565552,0.13050000369548798
YOL156W,YFL022C,0,-1.2661877,0.2851669490337372,0.5210000276565552,0.1306000053882599
YBL010C,YOR285W,0,-1.2664447,0.2850109338760376,0.5210000276565552,0.1307000070810318
YGR031W,YDL061C,0,-1.2667769,0.28485509753227234,0.5210000276565552,0.13079999387264252
YNL014W,YDL081C,1,-1.2668837,0.2852458953857422,0.5220000147819519,0.13079999387264252
YGL215W,YKR022C,0,-1.2671419,0.2850901186466217,0.5220000147819519,0.13089999556541443
YER159C-A,YCR048W,0,-1.2673402,0.28493449091911316,0.5220000147819519,0.13099999725818634
YPL256C,YER081W,0,-1.2673423,0.28477904200553894,0.5220000147819519,0.13109999895095825
YNL014W,YLR143W,1,-1.2675159,0.2851690351963043,0.5230000019073486,0.13109999895095825
YGR087C,YKR022C,0,-1.2677789,0.2850136160850525,0.5230000019073486,0.13120000064373016
YDR533C,YGL060W,0,-1.2679782,0.284858375787735,0.5230000019073486,0.13130000233650208
YER151C,YNL220W,0,-1.2681063,0.2847033143043518,0.5230000019073486,0.131400004029274
YOR313C,YBR266C,0,-1.2683178,0.28454843163490295,0.5230000019073486,0.1315000057220459
YBR246W,YBR118W,1,-1.268539,0.28493747115135193,0.5239999890327454,0.1315000057220459
YBR191W,YBR161W,0,-1.2690576,0.28478261828422546,0.5239999890327454,0.1316000074148178
YOL039W,YDR266C,1,-1.2692289,0.2851710915565491,0.5249999761581421,0.1316000074148178
YMR234W,YDR530C,0,-1.2693112,0.2850162982940674,0.5249999761581421,0.13169999420642853
YER011W,YNL134C,0,-1.26969,0.28486162424087524,0.5249999761581421,0.13179999589920044
YBR193C,YHR157W,0,-1.269939,0.2847071588039398,0.5249999761581421,0.13189999759197235
YNL063W,YBR118W,1,-1.2701133,0.28509485721588135,0.5260000228881836,0.13189999759197235
YDL027C,YER064C,0,-1.2701726,0.2849404215812683,0.5260000228881836,0.13199999928474426
YKL093W,YKL038W,0,-1.27025,0.2847861349582672,0.5260000228881836,0.13210000097751617
YGL011C,YEL015W,0,-1.2710214,0.28463202714920044,0.5260000228881836,0.13220000267028809
YOR078W,YOR206W,0,-1.2712691,0.284478098154068,0.5260000228881836,0.13230000436306
YJL155C,YKL005C,0,-1.2713966,0.2843243181705475,0.5260000228881836,0.1324000060558319
YBR160W,YDL027C,0,-1.2725143,0.2841707170009613,0.5260000228881836,0.13249999284744263
YHR122W,YMR215W,0,-1.2726448,0.28401726484298706,0.5260000228881836,0.13259999454021454
YHR052W,YBL017C,0,-1.2728735,0.28386399149894714,0.5260000228881836,0.13269999623298645
YDL089W,YGL096W,0,-1.2728772,0.28371089696884155,0.5260000228881836,0.13279999792575836
YAL043C,YMR043W,0,-1.2730854,0.2835579514503479,0.5260000228881836,0.13289999961853027
YMR073C,YGL160W,0,-1.2731701,0.2834051847457886,0.5260000228881836,0.13300000131130219
YDR476C,YFR029W,0,-1.2732091,0.2832525670528412,0.5260000228881836,0.1331000030040741
YDL229W,YDL160C,1,-1.2733195,0.2836383283138275,0.5270000100135803,0.1331000030040741
YKR061W,YPR105C,0,-1.2735829,0.2834857404232025,0.5270000100135803,0.133200004696846
YBR111W-A,YDR372C,0,-1.2736638,0.28333333134651184,0.5270000100135803,0.13330000638961792
YCL030C,YKL126W,0,-1.2745128,0.2831810712814331,0.5270000100135803,0.13339999318122864
YBL100W-A,YBR067C,0,-1.274811,0.2830289900302887,0.5270000100135803,0.13349999487400055
YLL025W,YDL177C,0,-1.2751864,0.2828770875930786,0.5270000100135803,0.13359999656677246
YCL005W-A,YOL142W,0,-1.275367,0.28272533416748047,0.5270000100135803,0.13369999825954437
YNL138W-A,YHR069C,0,-1.2756836,0.28257372975349426,0.5270000100135803,0.13379999995231628
YLL053C,YNL331C,0,-1.2761059,0.2824223041534424,0.5270000100135803,0.1339000016450882
YJL063C,YER073W,0,-1.2761261,0.28227102756500244,0.5270000100135803,0.1340000033378601
YNL025C,YBR158W,0,-1.2762399,0.28211989998817444,0.5270000100135803,0.13410000503063202
YOR208W,YNL339C,0,-1.2767988,0.28196898102760315,0.5270000100135803,0.13420000672340393
YKR092C,YBR235W,0,-1.2768034,0.2818181812763214,0.5270000100135803,0.13429999351501465
YAL042W,YMR251W-A,0,-1.2768273,0.281667560338974,0.5270000100135803,0.13439999520778656
YAL003W,YDR266C,1,-1.2768459,0.28205129504203796,0.527999997138977,0.13439999520778656
YPR145W,YDL230W,0,-1.2770711,0.28190070390701294,0.527999997138977,0.13449999690055847
YNL029C,YPR143W,0,-1.2770836,0.28175026178359985,0.527999997138977,0.13459999859333038
YGR110W,YLL066C,0,-1.2771152,0.2815999984741211,0.527999997138977,0.1347000002861023
YER008C,YNL068C,0,-1.2771207,0.2814498841762543,0.527999997138977,0.1348000019788742
YBL003C,YIL136W,0,-1.2773447,0.2812999486923218,0.527999997138977,0.13490000367164612
YNL079C,YML096W,0,-1.2775916,0.2811501622200012,0.527999997138977,0.13500000536441803
YKL160W,YKL139W,0,-1.2776917,0.2810005247592926,0.527999997138977,0.13510000705718994
YOR279C,YGL210W-A,0,-1.2788082,0.2808510661125183,0.527999997138977,0.13519999384880066
YGR058W,YPL111W,0,-1.2788804,0.28070175647735596,0.527999997138977,0.13529999554157257
YIR021W,YIL078W,0,-1.2800775,0.28055259585380554,0.527999997138977,0.13539999723434448
YLR019W,YDL061C,0,-1.2800974,0.28040361404418945,0.527999997138977,0.1354999989271164
YOR099W,YPL058C,0,-1.2802818,0.2802547812461853,0.527999997138977,0.1356000006198883
YOR032C,YCR029C-A,0,-1.2803032,0.2801060974597931,0.527999997138977,0.13570000231266022
YMR247C,YOR133W,1,-1.2803192,0.2804878056049347,0.5289999842643738,0.13570000231266022
YOR076C,YOR380W,0,-1.2805265,0.28033915162086487,0.5289999842643738,0.13580000400543213
YOR093C,YGL233W,0,-1.2805405,0.28019067645072937,0.5289999842643738,0.13590000569820404
YBL071W-A,YJR097W,1,-1.2807546,0.28057172894477844,0.5299999713897705,0.13590000569820404
YOR389W,YLR191W,0,-1.281038,0.28042328357696533,0.5299999713897705,0.13600000739097595
YHR072W-A,YPL283C,0,-1.2812462,0.28027498722076416,0.5299999713897705,0.13609999418258667
YHR182W,YOR036W,0,-1.2818534,0.2801268398761749,0.5299999713897705,0.13619999587535858
YIL117C,YBR278W,0,-1.2821544,0.27997887134552,0.5299999713897705,0.1362999975681305
YDR040C,YOL126C,0,-1.2825629,0.27983105182647705,0.5299999713897705,0.1363999992609024
YGR270W,YOR086C,0,-1.2826389,0.279683381319046,0.5299999713897705,0.13650000095367432
YOL039W,YKR084C,1,-1.2828046,0.28006330132484436,0.531000018119812,0.13650000095367432
YDL130W,YLR143W,1,-1.2828349,0.2804428040981293,0.5320000052452087,0.13650000095367432
YNR031C,YOR330C,0,-1.2828944,0.2802950441837311,0.5320000052452087,0.13660000264644623
YMR195W,YOL075C,0,-1.2832723,0.2801474332809448,0.5320000052452087,0.13670000433921814
YGL045W,YIL017W,0,-1.2838345,0.2800000011920929,0.5320000052452087,0.13680000603199005
YMR125W,YIL157C,0,-1.2838907,0.2798527181148529,0.5320000052452087,0.13689999282360077
YNL209W,YGL110C,1,-1.2841574,0.2802313268184662,0.5329999923706055,0.13689999282360077
YKL176C,YNL111C,0,-1.2842225,0.2800840735435486,0.5329999923706055,0.13699999451637268
YJR027W,YIL160C,0,-1.2842712,0.2799369692802429,0.5329999923706055,0.1370999962091446
YOR156C,YML126C,0,-1.2843459,0.2797900140285492,0.5329999923706055,0.1371999979019165
YBL100W-B,YMR068W,0,-1.2847689,0.2796432375907898,0.5329999923706055,0.13729999959468842
YMR247C,YPR080W,1,-1.2848469,0.28002098202705383,0.5339999794960022,0.13729999959468842
YLR150W,YNL063W,1,-1.2849724,0.28039830923080444,0.5350000262260437,0.13729999959468842
YFR030W,YCR017C,0,-1.28515,0.2802514433860779,0.5350000262260437,0.13740000128746033
YOL019W,YJL190C,0,-1.2852036,0.28010472655296326,0.5350000262260437,0.13750000298023224
YDL143W,YPR013C,0,-1.285219,0.2799581289291382,0.5350000262260437,0.13760000467300415
YOR335C,YMR044W,0,-1.2852898,0.27981171011924744,0.5350000262260437,0.13770000636577606
YMR125W,YIL006W,0,-1.2855564,0.27966544032096863,0.5350000262260437,0.13779999315738678
YKL051W,YMR203W,0,-1.2856153,0.27951931953430176,0.5350000262260437,0.1378999948501587
YMR020W,YFL045C,0,-1.2861149,0.2793733775615692,0.5350000262260437,0.1379999965429306
YLL067C,YMR024W,0,-1.286119,0.2792275547981262,0.5350000262260437,0.13809999823570251
YOR208W,YKR031C,0,-1.2867949,0.27908191084861755,0.5350000262260437,0.13819999992847443
YAL016W,YNL123W,0,-1.286807,0.27893638610839844,0.5350000262260437,0.13830000162124634
YIR009W,YLR249W,0,-1.2869511,0.27879104018211365,0.5350000262260437,0.13840000331401825
YMR247C,YKR084C,1,-1.2869993,0.27916666865348816,0.5360000133514404,0.13840000331401825
YNL068C,YOL155C,0,-1.2870251,0.27902135252952576,0.5360000133514404,0.13850000500679016
YPL130W,YCL051W,0,-1.287308,0.2788761854171753,0.5360000133514404,0.13860000669956207
YGR031W,YOR389W,0,-1.2874304,0.2787311375141144,0.5360000133514404,0.1386999934911728
YER042W,YER026C,0,-1.2874458,0.2785862684249878,0.5360000133514404,0.1387999951839447
YGL185C,YLR466W,0,-1.2875178,0.27844154834747314,0.5360000133514404,0.1388999968767166
YBL080C,YML003W,0,-1.2877593,0.27829697728157043,0.5360000133514404,0.13899999856948853
YDR276C,YGL124C,0,-1.2880465,0.27815255522727966,0.5360000133514404,0.13910000026226044
YKR094C,YCR002C,0,-1.2882147,0.2780083119869232,0.5360000133514404,0.13920000195503235
YOR076C,YHR064C,1,-1.2884165,0.2783825695514679,0.5370000004768372,0.13920000195503235
YNL322C,YJL104W,0,-1.2884398,0.27823835611343384,0.5370000004768372,0.13930000364780426
YDR354W,YOR231W,0,-1.2884686,0.27809426188468933,0.5370000004768372,0.13940000534057617
YOR076C,YPL009C,1,-1.2887698,0.27846792340278625,0.5379999876022339,0.13940000534057617
YCL061C,YER137C-A,0,-1.2887852,0.27832385897636414,0.5379999876022339,0.13950000703334808
YPL050C,YER042W,0,-1.2887919,0.27817994356155396,0.5379999876022339,0.1395999938249588
YDL229W,YLR143W,1,-1.2888868,0.27855297923088074,0.5389999747276306,0.1395999938249588
YOL104C,YKL158W,0,-1.2892971,0.27840909361839294,0.5389999747276306,0.1396999955177307
YGR285C,YBR246W,1,-1.2893504,0.27878162264823914,0.5400000214576721,0.1396999955177307
YKL211C,YGL203C,0,-1.2899772,0.27863776683807373,0.5400000214576721,0.13979999721050262
YNL111C,YPR038W,0,-1.2900275,0.27849406003952026,0.5400000214576721,0.13989999890327454
YLR038C,YGL124C,0,-1.2900804,0.27835050225257874,0.5400000214576721,0.14000000059604645
YFR008W,YDR329C,0,-1.2902625,0.27820712327957153,0.5400000214576721,0.14010000228881836
YML032C,YOR122C,0,-1.2903981,0.2780638635158539,0.5400000214576721,0.14020000398159027
YER059W,YDR172W,0,-1.2906076,0.27792075276374817,0.5400000214576721,0.14030000567436218
YPL052W,YMR024W,1,-1.2907484,0.278292179107666,0.5410000085830688,0.14030000567436218
YER004W,YHR214C-B,0,-1.2914143,0.2781490981578827,0.5410000085830688,0.1404000073671341
YFL048C,YPL074W,0,-1.2918124,0.2780061662197113,0.5410000085830688,0.1404999941587448
YDL210W,YHR183W,0,-1.2921267,0.27786338329315186,0.5410000085830688,0.14059999585151672
YER001W,YPL237W,0,-1.2928436,0.27772074937820435,0.5410000085830688,0.14069999754428864
YKL028W,YGL095C,0,-1.2934672,0.2775782346725464,0.5410000085830688,0.14079999923706055
YIL082W-A,YLR244C,0,-1.2935591,0.27743589878082275,0.5410000085830688,0.14090000092983246
YNR055C,YHR029C,0,-1.2936915,0.27729368209838867,0.5410000085830688,0.14100000262260437
YER170W,YKL216W,0,-1.2938343,0.2771516442298889,0.5410000085830688,0.14110000431537628
YMR116C,YDR266C,1,-1.2940112,0.2775217592716217,0.5419999957084656,0.14110000431537628
YBR199W,YLR200W,0,-1.2942644,0.27737972140312195,0.5419999957084656,0.1412000060081482
YMR247C,YMR024W,1,-1.2947359,0.27774935960769653,0.5429999828338623,0.1412000060081482
YGL151W,YDR034W-B,0,-1.2949942,0.27760735154151917,0.5429999828338623,0.1412999927997589
YNL157W,YFL014W,0,-1.2950933,0.2774655222892761,0.5429999828338623,0.14139999449253082
YLR395C,YPR028W,0,-1.2951533,0.27732381224632263,0.5429999828338623,0.14149999618530273
YLR391W-A,YNL172W,0,-1.2961409,0.2771822214126587,0.5429999828338623,0.14159999787807465
YBR246W,YFR009W,1,-1.2967551,0.2775510251522064,0.5440000295639038,0.14159999787807465
YPR189W,YDL055C,0,-1.2968447,0.27740949392318726,0.5440000295639038,0.14169999957084656
YMR176W,YKL204W,0,-1.2968512,0.27726808190345764,0.5440000295639038,0.14180000126361847
YER060W-A,YPR011C,0,-1.2969718,0.27712684869766235,0.5440000295639038,0.14190000295639038
YNL080C,YNL153C,0,-1.2971437,0.2769857347011566,0.5440000295639038,0.1420000046491623
YLL035W,YLR312W-A,0,-1.2971783,0.2768447697162628,0.5440000295639038,0.1421000063419342
YER007C-A,YOL068C,0,-1.2973796,0.27670395374298096,0.5440000295639038,0.14219999313354492
YGL056C,YDR291W,0,-1.2974439,0.27656328678131104,0.5440000295639038,0.14229999482631683
YEL072W,YKL043W,0,-1.297617,0.27642276883125305,0.5440000295639038,0.14239999651908875
YDL160C,YKR084C,1,-1.297831,0.2767902612686157,0.5450000166893005,0.14239999651908875
YKL081W,YDR333C,1,-1.2979381,0.27715736627578735,0.5460000038146973,0.14239999651908875
YDR324C,YBR101C,0,-1.2983192,0.2770167291164398,0.5460000038146973,0.14249999821186066
YOL097C,YPL049C,0,-1.2986529,0.2768762707710266,0.5460000038146973,0.14259999990463257
YER159C-A,YJR161C,0,-1.2988081,0.27673593163490295,0.5460000038146973,0.14270000159740448
YOR182C,YBR182C,0,-1.2996149,0.27659574151039124,0.5460000038146973,0.1428000032901764
YLR359W,YER058W,0,-1.299946,0.27645570039749146,0.5460000038146973,0.1429000049829483
YOR076C,YJR047C,1,-1.3000332,0.2768218517303467,0.546999990940094,0.1429000049829483
YDR374C,YHR141C,0,-1.3000783,0.2766818404197693,0.546999990940094,0.14300000667572021
YGL145W,YLR150W,0,-1.3003902,0.27654194831848145,0.546999990940094,0.14309999346733093
YAL058W,YCR021C,0,-1.3012011,0.27640223503112793,0.546999990940094,0.14319999516010284
YBL092W,YNR011C,0,-1.3012329,0.27626264095306396,0.546999990940094,0.14329999685287476
YKR037C,YJL130C,0,-1.3012546,0.27612316608428955,0.546999990940094,0.14339999854564667
YCR029C-A,YPR105C,0,-1.301307,0.2759838402271271,0.546999990940094,0.14350000023841858
YLR117C,YKR095W,0,-1.301336,0.2758446931838989,0.546999990940094,0.1436000019311905
YHL020C,YDR065W,0,-1.3014119,0.27570563554763794,0.546999990940094,0.1437000036239624
YDR337W,YPL129W,0,-1.3017852,0.2755667567253113,0.546999990940094,0.14380000531673431
YML045W,YNL304W,0,-1.3020992,0.27542799711227417,0.546999990940094,0.14390000700950623
YDR497C,YIL106W,0,-1.3023026,0.275289386510849,0.546999990940094,0.14399999380111694
YGL065C,YIL053W,0,-1.3025953,0.2751508951187134,0.546999990940094,0.14409999549388885
YMR268W-A,YPR180W,0,-1.3029482,0.2750125825405121,0.546999990940094,0.14419999718666077
YMR316C-A,YOL066C,0,-1.3029623,0.27487435936927795,0.546999990940094,0.14429999887943268
YOR236W,YBR109C,0,-1.3031087,0.27473631501197815,0.546999990940094,0.1444000005722046
YGL077C,YML027W,0,-1.3032004,0.2745983898639679,0.546999990940094,0.1445000022649765
YBR038W,YPR058W,0,-1.3032018,0.2744606137275696,0.546999990940094,0.1446000039577484
YBR093C,YDR352W,0,-1.3033009,0.2743229568004608,0.546999990940094,0.14470000565052032
YMR116C,YPL052W-A,1,-1.3035883,0.274686723947525,0.5479999780654907,0.14470000565052032
YGL195W,YBL055C,0,-1.3036225,0.27454909682273865,0.5479999780654907,0.14480000734329224
YNL007C,YHR157W,0,-1.3036952,0.2744116187095642,0.5479999780654907,0.14489999413490295
YER021W,YCR107W,0,-1.303784,0.2742742598056793,0.5479999780654907,0.14499999582767487
YNL274C,YIR013C,0,-1.3038468,0.27413707971572876,0.5479999780654907,0.14509999752044678
YJR019C,YHR146W,0,-1.3043064,0.27399998903274536,0.5479999780654907,0.1451999992132187
YDR189W,YDR050C,0,-1.3046358,0.2738630771636963,0.5479999780654907,0.1453000009059906
YDR263C,YLR344W,0,-1.3050297,0.27372628450393677,0.5479999780654907,0.1454000025987625
YAR009C,YKR009C,0,-1.3052111,0.2735896110534668,0.5479999780654907,0.14550000429153442
YOR128C,YPL159C,0,-1.3053629,0.27345308661460876,0.5479999780654907,0.14560000598430634
YDR309C,YOR090C,0,-1.3053643,0.27331671118736267,0.5479999780654907,0.14569999277591705
YHR104W,YML056C,0,-1.3054268,0.27318045496940613,0.5479999780654907,0.14579999446868896
YDL148C,YKL039W,0,-1.306408,0.2730443477630615,0.5479999780654907,0.14589999616146088
YKR028W,YPL188W,0,-1.3065363,0.27290835976600647,0.5479999780654907,0.1459999978542328
YDR138W,YKR042W,0,-1.3065381,0.27277252078056335,0.5479999780654907,0.1460999995470047
YOR034C,YHL037C,0,-1.3065832,0.2726368308067322,0.5479999780654907,0.1462000012397766
YGR031W,YGR118W,0,-1.3066227,0.27250123023986816,0.5479999780654907,0.14630000293254852
YLR069C,YJR097W,1,-1.306962,0.27286282181739807,0.5490000247955322,0.14630000293254852
YKL042W,YJR096W,0,-1.3071601,0.27272728085517883,0.5490000247955322,0.14640000462532043
YLR138W,YDR430C,0,-1.3073282,0.27259185910224915,0.5490000247955322,0.14650000631809235
YKL156W,YNL123W,0,-1.3075118,0.2724565863609314,0.5490000247955322,0.14659999310970306
YLR450W,YNL095C,0,-1.3076696,0.2723214328289032,0.5490000247955322,0.14669999480247498
YBR212W,YPL027W,0,-1.3076909,0.27218642830848694,0.5490000247955322,0.1467999964952469
YBR041W,YLR410W-A,0,-1.3079506,0.27205154299736023,0.5490000247955322,0.1468999981880188
YOL071W,YPL096W,0,-1.3080294,0.27191677689552307,0.5490000247955322,0.1469999998807907
YDL229W,YLR005W,0,-1.3082832,0.27178218960762024,0.5490000247955322,0.14710000157356262
YGL226C-A,YDR527W,0,-1.3083568,0.27164769172668457,0.5490000247955322,0.14720000326633453
YLR423C,YLR414C,0,-1.30858,0.27151334285736084,0.5490000247955322,0.14730000495910645
YNL097C,YKL195W,0,-1.3088399,0.27137914299964905,0.5490000247955322,0.14740000665187836
YOR283W,YBL060W,0,-1.3088732,0.2712450623512268,0.5490000247955322,0.14749999344348907
YOL061W,YPL249C,0,-1.3089671,0.2711111009120941,0.5490000247955322,0.147599995136261
YGL022W,YDR120C,0,-1.3091675,0.27097728848457336,0.5490000247955322,0.1476999968290329
YML124C,YDR079C-A,0,-1.3097415,0.27084362506866455,0.5490000247955322,0.1477999985218048
YOR076C,YDR385W,1,-1.3098211,0.2712031602859497,0.550000011920929,0.1477999985218048
YHR009C,YKL032C,0,-1.3100116,0.2710694968700409,0.550000011920929,0.14790000021457672
YGL185C,YER103W,0,-1.3100319,0.27093595266342163,0.550000011920929,0.14800000190734863
YLR343W,YOR090C,0,-1.3106986,0.2708025574684143,0.550000011920929,0.14810000360012054
YKL033W,YOR156C,0,-1.3108263,0.27066928148269653,0.550000011920929,0.14820000529289246
YKL068W,YKL001C,0,-1.3109728,0.2705361545085907,0.550000011920929,0.14830000698566437
YER162C,YGR066C,0,-1.3111854,0.2704031467437744,0.550000011920929,0.14839999377727509
YER023W,YMR192W,0,-1.3111985,0.2702702581882477,0.550000011920929,0.148499995470047
YCL020W,YMR048W,0,-1.3112589,0.2701375186443329,0.550000011920929,0.1485999971628189
YJR027W,YGL094C,0,-1.3112606,0.27000489830970764,0.550000011920929,0.14869999885559082
YPL233W,YIL133C,0,-1.311486,0.26987242698669434,0.550000011920929,0.14880000054836273
YDR128W,YCR026C,0,-1.3115737,0.2697400748729706,0.550000011920929,0.14890000224113464
YOL019W,YDR469W,0,-1.311757,0.2696078419685364,0.550000011920929,0.14900000393390656
YCR053W,YDL074C,0,-1.3117707,0.2694757580757141,0.550000011920929,0.14910000562667847
YOL103W-B,YKL039W,0,-1.3120936,0.2693437933921814,0.550000011920929,0.14920000731945038
YDR534C,YHR138C,0,-1.3121437,0.26921194791793823,0.550000011920929,0.1492999941110611
YNL283C,YLR029C,0,-1.3122953,0.2690802216529846,0.550000011920929,0.149399995803833
YMR312W,YPR010C,0,-1.3123419,0.26894864439964294,0.550000011920929,0.14949999749660492
YDR214W,YFL036W,0,-1.3123618,0.2688172161579132,0.550000011920929,0.14959999918937683
YOL161C,YER015W,0,-1.3131361,0.26868587732315063,0.550000011920929,0.14970000088214874
YLR010C,YNL270C,0,-1.3132877,0.2685546875,0.550000011920929,0.14980000257492065
YMR092C,YFR020W,0,-1.3139137,0.2684236168861389,0.550000011920929,0.14990000426769257
YNL103W,YLR191W,0,-1.3142824,0.26829269528388977,0.550000011920929,0.15000000596046448
YNL260C,YDR498C,0,-1.3143034,0.2681618630886078,0.550000011920929,0.1500999927520752
YLL025W,YKL182W,0,-1.3144317,0.26803117990493774,0.550000011920929,0.1501999944448471
YML081C-A,YHL002W,0,-1.3145533,0.26790064573287964,0.550000011920929,0.15029999613761902
YNL160W,YPR189W,0,-1.314555,0.2677702009677887,0.550000011920929,0.15039999783039093
YEL034W,YNR040W,0,-1.3149208,0.2676399052143097,0.550000011920929,0.15049999952316284
YBL011W,YLR228C,0,-1.3150855,0.26750972867012024,0.550000011920929,0.15060000121593475
YBR106W,YGR031W,0,-1.3152493,0.26737967133522034,0.550000011920929,0.15070000290870667
YDR233C,YER024W,0,-1.3153434,0.2672497630119324,0.550000011920929,0.15080000460147858
YMR247C,YLR069C,1,-1.3155671,0.26760563254356384,0.5509999990463257,0.15080000460147858
YAL048C,YER102W,0,-1.3156438,0.2674757242202759,0.5509999990463257,0.1509000062942505
YCL026C-B,YNL307C,0,-1.3157032,0.26734593510627747,0.5509999990463257,0.1509999930858612
YDL076C,YHR196W,0,-1.3157511,0.267216295003891,0.5509999990463257,0.15109999477863312
YNL054W-B,YKR043C,0,-1.3158251,0.26708677411079407,0.5509999990463257,0.15119999647140503
YGL230C,YFL007W,0,-1.3159778,0.2669573724269867,0.5509999990463257,0.15129999816417694
YDR302W,YKR025W,0,-1.315982,0.26682808995246887,0.5509999990463257,0.15139999985694885
YBR279W,YPL094C,0,-1.3163188,0.2666989266872406,0.5509999990463257,0.15150000154972076
YOR276W,YJR088C,0,-1.3163422,0.26656991243362427,0.5509999990463257,0.15160000324249268
YHL050C,YBL037W,0,-1.3163445,0.2664410173892975,0.5509999990463257,0.1517000049352646
YJR001W,YGL084C,0,-1.3170547,0.26631224155426025,0.5509999990463257,0.1518000066280365
YLR249W,YPL009C,1,-1.31726,0.2666666805744171,0.5519999861717224,0.1518000066280365
YHR214C-C,YCL061C,0,-1.3175235,0.2665379047393799,0.5519999861717224,0.15189999341964722
YBL090W,YLR186W,0,-1.318403,0.2664092779159546,0.5519999861717224,0.15199999511241913
YPL120W,YLR116W,0,-1.3184751,0.26628074049949646,0.5519999861717224,0.15209999680519104
YLL017W,YEL039C,0,-1.3185045,0.26615235209465027,0.5519999861717224,0.15219999849796295
YER025W,YBL037W,0,-1.3186733,0.26602408289909363,0.5519999861717224,0.15230000019073486
YKL158W,YOR063W,0,-1.3195157,0.2658959627151489,0.5519999861717224,0.15240000188350677
YPL266W,YLR238W,0,-1.3203235,0.2657679319381714,0.5519999861717224,0.1525000035762787
YLR155C,YDR261C,0,-1.3205464,0.2656400501728058,0.5519999861717224,0.1526000052690506
YNL014W,YPL052W,1,-1.3205684,0.26599326729774475,0.5529999732971191,0.1526000052690506
YNL219C,YDR448W,0,-1.320659,0.26586538553237915,0.5529999732971191,0.1527000069618225
YLR022C,YER150W,0,-1.3206751,0.2657376229763031,0.5529999732971191,0.15279999375343323
YLR395C,YDR328C,0,-1.3208237,0.2656099796295166,0.5529999732971191,0.15289999544620514
YML082W,YLR460C,0,-1.3208315,0.26548248529434204,0.5529999732971191,0.15299999713897705
YMR247C,YKL081W,1,-1.3209274,0.2658349275588989,0.5540000200271606,0.15299999713897705
YCR102C,YJL114W,0,-1.3209729,0.26570743322372437,0.5540000200271606,0.15309999883174896
YHR030C,YER015W,0,-1.3213291,0.26558005809783936,0.5540000200271606,0.15320000052452087
YJR090C,YDR266C,0,-1.3216091,0.2654528021812439,0.5540000200271606,0.15330000221729279
YLR008C,YDL093W,0,-1.3216398,0.265325665473938,0.5540000200271606,0.1534000039100647
YER099C,YLR056W,0,-1.3219626,0.26519864797592163,0.5540000200271606,0.1535000056028366
YNL241C,YML074C,0,-1.3222666,0.2650717794895172,0.5540000200271606,0.15360000729560852
YMR095C,YDL243C,0,-1.3223548,0.26494500041007996,0.5540000200271606,0.15369999408721924
YOR028C,YDR020C,0,-1.322506,0.26481837034225464,0.5540000200271606,0.15379999577999115
YGR080W,YMR207C,0,-1.3226919,0.2646918296813965,0.5540000200271606,0.15389999747276306
YGL195W,YPL052W,1,-1.3231272,0.2650429904460907,0.5550000071525574,0.15389999747276306
YHR187W,YKL110C,0,-1.3231758,0.26491647958755493,0.5550000071525574,0.15399999916553497
YNL161W,YOR380W,0,-1.3231907,0.2647900879383087,0.5550000071525574,0.15410000085830688
YBR276C,YDL148C,0,-1.3232578,0.26466381549835205,0.5550000071525574,0.1542000025510788
YDR045C,YGR103W,0,-1.3234605,0.26453766226768494,0.5550000071525574,0.1543000042438507
YNL091W,YIL110W,0,-1.3235329,0.2644116282463074,0.5550000071525574,0.15440000593662262
YEL071W,YDL132W,0,-1.3236554,0.26428571343421936,0.5550000071525574,0.15449999272823334
YDR101C,YPL062W,0,-1.3239179,0.2641599178314209,0.5550000071525574,0.15459999442100525
YHR048W,YLR250W,0,-1.3244011,0.264034241437912,0.5550000071525574,0.15469999611377716
YDR245W,YDL123W,0,-1.3244544,0.263908714056015,0.5550000071525574,0.15479999780654907
YDL229W,YLR069C,1,-1.3245606,0.26425856351852417,0.5559999942779541,0.15479999780654907
YPL061W,YER012W,0,-1.3248459,0.2641330063343048,0.5559999942779541,0.15489999949932098
YAL039C,YFL018W-A,0,-1.32485,0.2640075981616974,0.5559999942779541,0.1550000011920929
YPR188C,YJR049C,0,-1.3249223,0.2638823091983795,0.5559999942779541,0.1551000028848648
YKL027W,YPL253C,0,-1.3250622,0.2637571096420288,0.5559999942779541,0.15520000457763672
YPL048W,YLR143W,1,-1.3250701,0.26410621404647827,0.5569999814033508,0.15520000457763672
YOL043C,YOR177C,0,-1.3250729,0.26398104429244995,0.5569999814033508,0.15530000627040863
YIL150C,YGL004C,0,-1.3250825,0.2638559937477112,0.5569999814033508,0.15539999306201935
YBL071W-A,YDL160C,1,-1.3252013,0.2642045319080353,0.5580000281333923,0.15539999306201935
YOR098C,YGL233W,0,-1.325514,0.2640795111656189,0.5580000281333923,0.15549999475479126
YFR024C,YBL006C,0,-1.325725,0.2639545798301697,0.5580000281333923,0.15559999644756317
YGL236C,YHR007C,0,-1.325918,0.2638297975063324,0.5580000281333923,0.15569999814033508
YOR007C,YDR152W,0,-1.3260565,0.2637051045894623,0.5580000281333923,0.155799999833107
YLR344W,YKL222C,0,-1.3262117,0.2635805308818817,0.5580000281333923,0.1559000015258789
YPL058C,YNL229C,0,-1.3262947,0.2634560763835907,0.5580000281333923,0.15600000321865082
YNL044W,YJR061W,0,-1.3264017,0.2633317708969116,0.5580000281333923,0.15610000491142273
YOR148C,YFL056C,0,-1.3268261,0.2632075548171997,0.5580000281333923,0.15620000660419464
YPL047W,YGL178W,0,-1.3271086,0.26308345794677734,0.5580000281333923,0.15629999339580536
YOL146W,YMR279C,0,-1.3271394,0.26295948028564453,0.5580000281333923,0.15639999508857727
YDL114W,YHR118C,0,-1.3277987,0.26283562183380127,0.5580000281333923,0.15649999678134918
YNL160W,YFL017W-A,0,-1.327929,0.26271185278892517,0.5580000281333923,0.1565999984741211
YHR083W,YMR073C,0,-1.3282465,0.262588232755661,0.5580000281333923,0.156700000166893
YJL137C,YOL127W,0,-1.3284284,0.2624647319316864,0.5580000281333923,0.15680000185966492
YCL047C,YLR287C-A,0,-1.32845,0.26234132051467896,0.5580000281333923,0.15690000355243683
YDR530C,YBL059W,0,-1.3288593,0.26221805810928345,0.5580000281333923,0.15700000524520874
YOL152W,YFL046W,0,-1.3297794,0.2620948851108551,0.5580000281333923,0.15710000693798065
YNL014W,YPL052W-A,1,-1.3298442,0.2624413073062897,0.5590000152587891,0.15710000693798065
YKR092C,YOR310C,0,-1.3300849,0.2623181641101837,0.5590000152587891,0.15719999372959137
YDL019C,YNL270C,0,-1.3307312,0.2621951103210449,0.5590000152587891,0.15729999542236328
YDR370C,YKL016C,0,-1.3310777,0.26207220554351807,0.5590000152587891,0.1573999971151352
YMR302C,YHL027W,0,-1.3313522,0.2619493901729584,0.5590000152587891,0.1574999988079071
YNL283C,YJL172W,0,-1.3313781,0.26182669401168823,0.5590000152587891,0.15760000050067902
YKL221W,YLR298C,0,-1.3315656,0.26170411705970764,0.5590000152587891,0.15770000219345093
YJR015W,YJL216C,0,-1.3317156,0.2615816593170166,0.5590000152587891,0.15780000388622284
YDR382W,YPL052W-A,1,-1.331893,0.2619270384311676,0.5600000023841858,0.15780000388622284
YER036C,YKL011C,0,-1.3320755,0.26180458068847656,0.5600000023841858,0.15790000557899475
YDR402C,YOL084W,0,-1.3322666,0.2616822421550751,0.5600000023841858,0.15800000727176666
YGR197C,YGL112C,0,-1.3323743,0.26156002283096313,0.5600000023841858,0.15809999406337738
YER160C,YGL153W,0,-1.332587,0.26143792271614075,0.5600000023841858,0.1581999957561493
YNL107W,YNL178W,0,-1.3328099,0.2613159120082855,0.5600000023841858,0.1582999974489212
YPL014W,YMR213W,0,-1.3331206,0.26119402050971985,0.5600000023841858,0.15839999914169312
YMR190C,YDL215C,0,-1.3332014,0.2610722482204437,0.5600000023841858,0.15850000083446503
YPL052W-A,YOL039W,1,-1.3332516,0.26141658425331116,0.5609999895095825,0.15850000083446503
YFL037W,YJL124C,0,-1.3334537,0.2612948417663574,0.5609999895095825,0.15860000252723694
YDR399W,YDL076C,0,-1.333694,0.26117318868637085,0.5609999895095825,0.15870000422000885
YJL110C,YJR061W,0,-1.333736,0.26105165481567383,0.5609999895095825,0.15880000591278076
YPL009C,YKR084C,1,-1.3338399,0.26139533519744873,0.5619999766349792,0.15880000591278076
YJR044C,YBL042C,0,-1.334125,0.2612738311290741,0.5619999766349792,0.15889999270439148
YPR114W,YHR187W,0,-1.3341814,0.2611524164676666,0.5619999766349792,0.1589999943971634
YDR329C,YOR215C,0,-1.3342395,0.2610311210155487,0.5619999766349792,0.1590999960899353
YLR058C,YMR034C,0,-1.3344897,0.26090994477272034,0.5619999766349792,0.15919999778270721
YDR089W,YMR228W,0,-1.3345462,0.26078885793685913,0.5619999766349792,0.15929999947547913
YGR214W,YAL054C,0,-1.3346794,0.2606678903102875,0.5619999766349792,0.15940000116825104
YDR227W,YDR488C,0,-1.3348143,0.26054704189300537,0.5619999766349792,0.15950000286102295
YDR138W,YCR020C-A,0,-1.3350986,0.2604263126850128,0.5619999766349792,0.15960000455379486
YNL334C,YPL002C,0,-1.3351965,0.2603057026863098,0.5619999766349792,0.15970000624656677
YOL153C,YPL147W,0,-1.3352153,0.260185182094574,0.5619999766349792,0.1597999930381775
YJR086W,YGL156W,0,-1.3353627,0.2600647807121277,0.5619999766349792,0.1598999947309494
YBR110W,YER007C-A,0,-1.335438,0.25994449853897095,0.5619999766349792,0.1599999964237213
YKL187C,YOL068C,0,-1.3355639,0.25982430577278137,0.5619999766349792,0.16009999811649323
YJR090C,YLR391W,0,-1.3357698,0.25970426201820374,0.5619999766349792,0.16019999980926514
YML036W,YJL221C,0,-1.3360022,0.25958430767059326,0.5619999766349792,0.16030000150203705
YDL247W,YMR051C,0,-1.336043,0.25946444272994995,0.5619999766349792,0.16040000319480896
YDR266C,YMR024W,1,-1.3362231,0.25980618596076965,0.5630000233650208,0.16040000319480896
YDL214C,YDR233C,0,-1.3363488,0.25968635082244873,0.5630000233650208,0.16050000488758087
YOR008C,YDR190C,0,-1.3364111,0.25956663489341736,0.5630000233650208,0.16060000658035278
YFL031W,YMR074C,0,-1.3366153,0.25944700837135315,0.5630000233650208,0.1606999933719635
YMR235C,YGR145W,0,-1.3370583,0.2593275010585785,0.5630000233650208,0.1607999950647354
YLR194C,YNL323W,0,-1.3372898,0.2592081129550934,0.5630000233650208,0.16089999675750732
YBR071W,YNL016W,0,-1.3376348,0.25908881425857544,0.5630000233650208,0.16099999845027924
YFR009W,YOR187W,1,-1.3377067,0.2594296336174011,0.5640000104904175,0.16099999845027924
YPL052W-A,YLR069C,1,-1.3381137,0.25977012515068054,0.5649999976158142,0.16099999845027924
YPR036W,YGL070C,0,-1.3381236,0.25965073704719543,0.5649999976158142,0.16110000014305115
YDR379C-A,YLR004C,0,-1.3381517,0.2595314681529999,0.5649999976158142,0.16120000183582306
YCR008W,YIL091C,0,-1.3382661,0.25941231846809387,0.5649999976158142,0.16130000352859497
YDR411C,YHR170W,0,-1.3387376,0.25929325819015503,0.5649999976158142,0.16140000522136688
YDR229W,YDR001C,0,-1.3388251,0.25917431712150574,0.5649999976158142,0.1615000069141388
YPL009C,YKL081W,1,-1.3388951,0.2595139741897583,0.5659999847412109,0.1615000069141388
YOR159C,YDR115W,0,-1.3390127,0.2593950629234314,0.5659999847412109,0.1615999937057495
YPR137C-B,YLR044C,0,-1.3390967,0.25927621126174927,0.5659999847412109,0.16169999539852142
YPR019W,YHL015W,0,-1.3391017,0.2591575086116791,0.5659999847412109,0.16179999709129333
YBR043C,YGL025C,0,-1.3391348,0.25903889536857605,0.5659999847412109,0.16189999878406525
YPR132W,YOL011W,0,-1.3395681,0.2589204013347626,0.5659999847412109,0.16200000047683716
YEL034W,YNL063W,1,-1.339572,0.25925925374031067,0.5669999718666077,0.16200000047683716
YJR113C,YNL152W,0,-1.3398229,0.2591407597064972,0.5669999718666077,0.16210000216960907
YNR032W,YJL113W,0,-1.3398261,0.25902238488197327,0.5669999718666077,0.16220000386238098
YGR272C,YMR179W,0,-1.33993,0.2589040994644165,0.5669999718666077,0.1623000055551529
YBR283C,YCR063W,0,-1.3407023,0.2587859332561493,0.5669999718666077,0.1624000072479248
YDL171C,YOR298W,0,-1.3409675,0.25866788625717163,0.5669999718666077,0.16249999403953552
YBL005W,YHR173C,0,-1.3410923,0.25854992866516113,0.5669999718666077,0.16259999573230743
YDR100W,YEL046C,0,-1.3411591,0.2584320902824402,0.5669999718666077,0.16269999742507935
YBR301W,YIL034C,0,-1.3413897,0.2583143413066864,0.5669999718666077,0.16279999911785126
YNL268W,YER007C-A,0,-1.3414671,0.25819671154022217,0.5669999718666077,0.16290000081062317
YER165W,YHL050C,0,-1.3415366,0.2580792009830475,0.5669999718666077,0.16300000250339508
YLR153C,YDR458C,0,-1.3415396,0.25796177983283997,0.5669999718666077,0.163100004196167
YKL011C,YPL113C,0,-1.3415459,0.257844477891922,0.5669999718666077,0.1632000058889389
YDR261C,YDR483W,0,-1.3418058,0.2577272653579712,0.5669999718666077,0.16329999268054962
YDL012C,YJL145W,0,-1.3418325,0.25761017203330994,0.5669999718666077,0.16339999437332153
YDR098C-A,YGR040W,0,-1.3420173,0.25749319791793823,0.5669999718666077,0.16349999606609344
YFL018W-A,YFL006W,0,-1.3421359,0.2573763132095337,0.5669999718666077,0.16359999775886536
YDL175C,YNL006W,0,-1.3421834,0.2572595179080963,0.5669999718666077,0.16369999945163727
YAL016W,YPL056C,0,-1.3422937,0.2571428716182709,0.5669999718666077,0.16380000114440918
YML045W,YPR158C-D,0,-1.3424361,0.2570262849330902,0.5669999718666077,0.1639000028371811
YER151C,YIL070C,0,-1.3425684,0.2569098174571991,0.5669999718666077,0.164000004529953
YFL002W-B,YDL089W,0,-1.3429942,0.25679346919059753,0.5669999718666077,0.16410000622272491
YOR202W,YDR481C,0,-1.3430365,0.2566772401332855,0.5669999718666077,0.16419999301433563
YCL001W-A,YPL014W,0,-1.3431624,0.2565611004829407,0.5669999718666077,0.16429999470710754
YOL108C,YOL061W,0,-1.3433614,0.256445050239563,0.5669999718666077,0.16439999639987946
YBL100W-A,YFR048W,0,-1.3433962,0.25632911920547485,0.5669999718666077,0.16449999809265137
YNL293W,YDR458C,0,-1.3434341,0.2562132775783539,0.5669999718666077,0.16459999978542328
YGR174C,YML010W,0,-1.3438908,0.25609755516052246,0.5669999718666077,0.1647000014781952
YLR069C,YFR009W,1,-1.3439358,0.2564333975315094,0.5680000185966492,0.1647000014781952
YPR002W,YHR127W,0,-1.3442417,0.256317675113678,0.5680000185966492,0.1648000031709671
YKR069W,YPR047W,0,-1.3442417,0.2562020719051361,0.5680000185966492,0.164900004863739
YLR406C,YLR233C,0,-1.3443077,0.2560865581035614,0.5680000185966492,0.16500000655651093
YGR150C,YMR131C,0,-1.3443626,0.25597116351127625,0.5680000185966492,0.16509999334812164
YPR013C,YHR006W,0,-1.3444542,0.25585585832595825,0.5680000185966492,0.16519999504089355
YER050C,YNL080C,0,-1.3444908,0.2557406425476074,0.5680000185966492,0.16529999673366547
YGR285C,YDR333C,1,-1.3445835,0.2560756206512451,0.5690000057220459,0.16529999673366547
YFL026W,YDL022W,0,-1.3446708,0.2559604048728943,0.5690000057220459,0.16539999842643738
YDR388W,YFL034C-A,0,-1.3447205,0.2558453381061554,0.5690000057220459,0.1655000001192093
YLR362W,YHR005C,0,-1.3448561,0.2557303309440613,0.5690000057220459,0.1656000018119812
YBR106W,YHR126C,0,-1.3449316,0.2556154429912567,0.5690000057220459,0.1657000035047531
YHR103W,YPR102C,0,-1.3452014,0.2555006742477417,0.5690000057220459,0.16580000519752502
YPL052W-A,YNL063W,1,-1.345273,0.25583481788635254,0.5699999928474426,0.16580000519752502
YEL034W,YPL052W-A,1,-1.346094,0.2561686933040619,0.5709999799728394,0.16580000519752502
YCL026C-B,YNR039C,0,-1.3461455,0.2560538053512573,0.5709999799728394,0.16590000689029694
YHR045W,YGL137W,0,-1.3465788,0.2559390366077423,0.5709999799728394,0.16599999368190765
YER050C,YEL003W,0,-1.346673,0.25582438707351685,0.5709999799728394,0.16609999537467957
YAL009W,YOR048C,0,-1.3470829,0.25570979714393616,0.5709999799728394,0.16619999706745148
YKL196C,YOR045W,0,-1.3472039,0.2555953562259674,0.5709999799728394,0.1662999987602234
YOR008C,YLR191W,0,-1.3472265,0.25548097491264343,0.5709999799728394,0.1664000004529953
YKL163W,YPR137C-B,0,-1.347765,0.255366712808609,0.5709999799728394,0.1665000021457672
YDR530C,YHL009W-B,0,-1.3477937,0.25525256991386414,0.5709999799728394,0.16660000383853912
YCL040W,YPL100W,0,-1.3478401,0.2551385164260864,0.5709999799728394,0.16670000553131104
YEL021W,YAL059W,0,-1.3483833,0.2550245523452759,0.5709999799728394,0.16680000722408295
YJL127C,YHR162W,0,-1.3484421,0.2549107074737549,0.5709999799728394,0.16689999401569366
YBR293W,YIR014W,0,-1.3485024,0.25479695200920105,0.5709999799728394,0.16699999570846558
YDR196C,YER155C,0,-1.3485112,0.25468331575393677,0.5709999799728394,0.1670999974012375
YFL024C,YER052C,0,-1.3489122,0.25456976890563965,0.5709999799728394,0.1671999990940094
YKL191W,YLR172C,1,-1.3491335,0.2549019753932953,0.5720000267028809,0.1671999990940094
YBR089C-A,YOR229W,0,-1.3492545,0.25478842854499817,0.5720000267028809,0.1673000007867813
YMR263W,YBR218C,0,-1.3492566,0.2546749711036682,0.5720000267028809,0.16740000247955322
YBR142W,YNL241C,0,-1.3493065,0.2545616328716278,0.5720000267028809,0.16750000417232513
YKR052C,YMR143W,0,-1.3493277,0.25444838404655457,0.5720000267028809,0.16760000586509705
YCL001W-A,YCR067C,0,-1.3493469,0.2543352544307709,0.5720000267028809,0.16769999265670776
YGL195W,YDR333C,1,-1.349391,0.25466665625572205,0.5730000138282776,0.16769999265670776
YML059C,YNL010W,0,-1.349527,0.25455352663993835,0.5730000138282776,0.16779999434947968
YER104W,YJL163C,0,-1.3495967,0.2544404864311218,0.5730000138282776,0.1678999960422516
YHR140W,YMR102C,0,-1.3497838,0.25432756543159485,0.5730000138282776,0.1679999977350235
YCL057C-A,YJR137C,0,-1.3498919,0.25421473383903503,0.5730000138282776,0.1680999994277954
YGR048W,YLR335W,0,-1.3499913,0.2541019916534424,0.5730000138282776,0.16820000112056732
YDL160C,YGR169C-A,1,-1.3504963,0.2544326186180115,0.5740000009536743,0.16820000112056732
YDL124W,YFR038W,0,-1.3508983,0.2543199062347412,0.5740000009536743,0.16830000281333923
YHR080C,YNR060W,0,-1.3510627,0.2542072534561157,0.5740000009536743,0.16840000450611115
YOR155C,YGR059W,0,-1.3510816,0.2540947198867798,0.5740000009536743,0.16850000619888306
YLL054C,YIL157C,0,-1.3518678,0.2539823055267334,0.5740000009536743,0.16859999299049377
YOR076C,YPL052W-A,1,-1.3520718,0.2543122470378876,0.574999988079071,0.16859999299049377
YCL056C,YPR082C,0,-1.3522575,0.2541998326778412,0.574999988079071,0.16869999468326569
YHR010W,YIR015W,0,-1.3528757,0.25408750772476196,0.574999988079071,0.1687999963760376
YEL030W,YGR262C,0,-1.3532548,0.2539752721786499,0.574999988079071,0.1688999980688095
YLR256W-A,YGR284C,0,-1.3533806,0.253863126039505,0.574999988079071,0.16899999976158142
YPL232W,YAL039C,0,-1.3536437,0.25375109910964966,0.574999988079071,0.16910000145435333
YJL148W,YBL041W,0,-1.3537025,0.2536391615867615,0.574999988079071,0.16920000314712524
YGR168C,YLL022C,0,-1.3538587,0.25352734327316284,0.574999988079071,0.16930000483989716
YER048C,YPL239W,0,-1.3542377,0.25341561436653137,0.574999988079071,0.16940000653266907
YDL123W,YAR027W,0,-1.3546901,0.25330397486686707,0.574999988079071,0.16949999332427979
YNL161W,YER141W,0,-1.3549147,0.2531924247741699,0.574999988079071,0.1695999950170517
YGR173W,YLR310C,0,-1.3549157,0.25308099389076233,0.574999988079071,0.1696999967098236
YJR135C,YER181C,0,-1.3550278,0.2529696524143219,0.574999988079071,0.16979999840259552
YGR031W,YNL016W,0,-1.3552841,0.25285840034484863,0.574999988079071,0.16990000009536743
YHR082C,YOR142W-B,0,-1.3554721,0.2527472674846649,0.574999988079071,0.17000000178813934
YNL190W,YBL005W-B,0,-1.3555119,0.252636194229126,0.574999988079071,0.17010000348091125
YNL309W,YGL031C,0,-1.3558825,0.2525252401828766,0.574999988079071,0.17020000517368317
YDR382W,YBR246W,1,-1.3559278,0.2528533935546875,0.5759999752044678,0.17020000517368317
YDR303C,YLR378C,0,-1.355941,0.2527424395084381,0.5759999752044678,0.17030000686645508
YJR159W,YER118C,0,-1.356624,0.2526315748691559,0.5759999752044678,0.1703999936580658
YKL222C,YER150W,0,-1.3566904,0.2525208294391632,0.5759999752044678,0.1704999953508377
YDL083C,YLL055W,0,-1.3567626,0.2524101734161377,0.5759999752044678,0.17059999704360962
YDR017C,YKL200C,0,-1.35684,0.25229960680007935,0.5759999752044678,0.17069999873638153
YLR055C,YPL239W,0,-1.3568721,0.25218912959098816,0.5759999752044678,0.17080000042915344
YOL153C,YGR225W,0,-1.3572056,0.2520787715911865,0.5759999752044678,0.17090000212192535
YPR132W,YJR051W,0,-1.3574066,0.25196850299835205,0.5759999752044678,0.17100000381469727
YNL006W,YJL031C,0,-1.3577423,0.25185832381248474,0.5759999752044678,0.17110000550746918
YLR467W,YDL127W,0,-1.3577956,0.251748263835907,0.5759999752044678,0.1712000072002411
YIL142W,YOL125W,0,-1.357843,0.251638263463974,0.5759999752044678,0.1712999939918518
YBR025C,YHR175W,0,-1.3579838,0.25152838230133057,0.5759999752044678,0.17139999568462372
YOR343W-A,YOR083W,0,-1.3589544,0.2514185905456543,0.5759999752044678,0.17149999737739563
YFL024C,YKL198C,0,-1.3589609,0.2513088881969452,0.5759999752044678,0.17159999907016754
YGL186C,YOR018W,0,-1.3589618,0.25119930505752563,0.5759999752044678,0.17170000076293945
YLL007C,YOR136W,0,-1.3590311,0.25108981132507324,0.5759999752044678,0.17180000245571136
YPL147W,YDL134C,0,-1.3593477,0.250980406999588,0.5759999752044678,0.17190000414848328
YLR194C,YGL094C,0,-1.3594459,0.25087109208106995,0.5759999752044678,0.1720000058412552
YML033W,YIL104C,0,-1.3595687,0.25076186656951904,0.5759999752044678,0.1720999926328659
YLR201C,YDR441C,0,-1.3597293,0.2506527304649353,0.5759999752044678,0.17219999432563782
YPR159W,YPR068C,0,-1.3597426,0.2505437135696411,0.5759999752044678,0.17229999601840973
YLR157C-B,YML100W,0,-1.3603282,0.2504347860813141,0.5759999752044678,0.17239999771118164
YPL056C,YPL249C,0,-1.3604774,0.2503259479999542,0.5759999752044678,0.17249999940395355
YDL160C,YLR172C,1,-1.361197,0.25065159797668457,0.5770000219345093,0.17249999940395355
YPL006W,YPL162C,0,-1.3612256,0.2505427598953247,0.5770000219345093,0.17260000109672546
YMR011W,YMR074C,0,-1.3613539,0.2504340410232544,0.5770000219345093,0.17270000278949738
YOR244W,YMR169C,0,-1.3615378,0.25032538175582886,0.5770000219345093,0.1728000044822693
YJL193W,YJL191W,0,-1.3616045,0.2502168118953705,0.5770000219345093,0.1729000061750412
YNL209W,YDR333C,1,-1.3616116,0.2505418360233307,0.578000009059906,0.1729000061750412
YML095C,YHR138C,0,-1.3616359,0.2504332661628723,0.578000009059906,0.17299999296665192
YDL097C,YNR061C,0,-1.3617947,0.2503248155117035,0.578000009059906,0.17309999465942383
YMR077C,YNL064C,0,-1.3618708,0.25021645426750183,0.578000009059906,0.17319999635219574
YHR064C,YDR333C,1,-1.3620534,0.2505408823490143,0.5789999961853027,0.17319999635219574
YGL222C,YOR141C,0,-1.3621699,0.2504325211048126,0.5789999961853027,0.17329999804496765
YNL125C,YLR353W,0,-1.3622224,0.2503242492675781,0.5789999961853027,0.17339999973773956
YCL003W,YDR107C,0,-1.3623495,0.2502160668373108,0.5789999961853027,0.17350000143051147
YKL078W,YDR352W,0,-1.3626204,0.250108003616333,0.5789999961853027,0.1736000031232834
YMR316C-A,YKL174C,0,-1.3627291,0.25,0.5789999961853027,0.1737000048160553
YMR158W,YOL020W,0,-1.3628193,0.24989210069179535,0.5789999961853027,0.1738000065088272
YLR079W,YNL272C,0,-1.3628554,0.24978429079055786,0.5789999961853027,0.17389999330043793
YPL242C,YKL097W-A,0,-1.3629833,0.24967658519744873,0.5789999961853027,0.17399999499320984
YDL110C,YLR312C-B,0,-1.3631015,0.24956896901130676,0.5789999961853027,0.17409999668598175
YHR020W,YMR060C,0,-1.3635931,0.24946144223213196,0.5789999961853027,0.17419999837875366
YNR028W,YLR413W,0,-1.3636465,0.24935400485992432,0.5789999961853027,0.17430000007152557
YNL101W,YLR260W,0,-1.3638649,0.24924665689468384,0.5789999961853027,0.17440000176429749
YBR267W,YBR020W,0,-1.3641111,0.24913941323757172,0.5789999961853027,0.1745000034570694
YOR381W,YDL224C,0,-1.3643104,0.24903225898742676,0.5789999961853027,0.1746000051498413
YDL052C,YBR250W,0,-1.3644366,0.24892519414424896,0.5789999961853027,0.17470000684261322
YOR202W,YBR129C,0,-1.3644884,0.24881821870803833,0.5789999961853027,0.17479999363422394
YKR052C,YDR033W,0,-1.3645067,0.24871134757995605,0.5789999961853027,0.17489999532699585
YDR164C,YOL121C,0,-1.3646903,0.24860455095767975,0.5789999961853027,0.17499999701976776
YHR064C,YER155C,0,-1.364809,0.2484978586435318,0.5789999961853027,0.17509999871253967
YBR131W,YPR133W-A,0,-1.3649402,0.248391255736351,0.5789999961853027,0.17520000040531158
YER023W,YGR005C,0,-1.3650503,0.2482847273349762,0.5789999961853027,0.1753000020980835
YGL110C,YLR150W,1,-1.365593,0.24860695004463196,0.5799999833106995,0.1753000020980835
YIL089W,YER026C,0,-1.3656881,0.24850042164325714,0.5799999833106995,0.1754000037908554
YER129W,YML126C,0,-1.3661312,0.24839399755001068,0.5799999833106995,0.17550000548362732
YDR463W,YNL037C,0,-1.3663802,0.24828767776489258,0.5799999833106995,0.17560000717639923
YLR064W,YGR078C,0,-1.3666964,0.24818143248558044,0.5799999833106995,0.17569999396800995
YOL031C,YPL112C,0,-1.3667016,0.24807527661323547,0.5799999833106995,0.17579999566078186
YHL007C,YKL003C,0,-1.3670821,0.24796922504901886,0.5799999833106995,0.17589999735355377
YBR002C,YDR213W,0,-1.3672607,0.24786324799060822,0.5799999833106995,0.17599999904632568
YIL142W,YFR006W,0,-1.3675659,0.24775737524032593,0.5799999833106995,0.1761000007390976
YLR395C,YOL102C,0,-1.3679478,0.2476515769958496,0.5799999833106995,0.1762000024318695
YBL103C,YGR212W,0,-1.3680292,0.24754588305950165,0.5799999833106995,0.17630000412464142
YJR047C,YDR333C,1,-1.3682742,0.2478668987751007,0.5809999704360962,0.17630000412464142
YCR104W,YNL325C,0,-1.3683102,0.24776118993759155,0.5809999704360962,0.17640000581741333
YKL074C,YGR231C,0,-1.3684478,0.24765558540821075,0.5809999704360962,0.17649999260902405
YGR113W,YNL135C,0,-1.3684639,0.24755007028579712,0.5809999704360962,0.17659999430179596
YJL127C,YBR014C,0,-1.3685935,0.24744462966918945,0.5809999704360962,0.17669999599456787
YHR039C-B,YAL033W,0,-1.3688009,0.24733929336071014,0.5809999704360962,0.17679999768733978
YCR011C,YGL134W,0,-1.3688464,0.247234046459198,0.5809999704360962,0.1768999993801117
YDR117C,YJR026W,0,-1.3689551,0.24712887406349182,0.5809999704360962,0.1770000010728836
YER058W,YDR416W,0,-1.3691212,0.247023805975914,0.5809999704360962,0.17710000276565552
YMR268C,YDR461W,0,-1.3693502,0.24691882729530334,0.5809999704360962,0.17720000445842743
YDR023W,YMR112C,0,-1.3695011,0.24681393802165985,0.5809999704360962,0.17730000615119934
YBL060W,YPR109W,0,-1.3698558,0.24670912325382233,0.5809999704360962,0.17739999294281006
YOL151W,YPL038W,0,-1.3702297,0.24660441279411316,0.5809999704360962,0.17749999463558197
YDR138W,YGR217W,0,-1.3703203,0.24649979174137115,0.5809999704360962,0.17759999632835388
YGL215W,YPL217C,0,-1.3703803,0.24639524519443512,0.5809999704360962,0.1776999980211258
YNL293W,YBR103W,0,-1.3707528,0.24629080295562744,0.5809999704360962,0.1777999997138977
YJL157C,YOR136W,0,-1.3707843,0.24618643522262573,0.5809999704360962,0.17790000140666962
YCR029C-A,YCL059C,0,-1.3708569,0.24608217179775238,0.5809999704360962,0.17800000309944153
YLR256W,YKR096W,0,-1.3709193,0.245977982878685,0.5809999704360962,0.17810000479221344
YDR268W,YKR060W,0,-1.3709339,0.24587388336658478,0.5809999704360962,0.17820000648498535
YOR247W,YLR439W,0,-1.3710002,0.24576988816261292,0.5809999704360962,0.17829999327659607
YLL016W,YGL160W,0,-1.3710442,0.24566596746444702,0.5809999704360962,0.17839999496936798
YJR047C,YLR143W,1,-1.3711857,0.2459847778081894,0.5820000171661377,0.17839999496936798
YOR187W,YPL063W,0,-1.371198,0.2458808571100235,0.5820000171661377,0.1784999966621399
YKR046C,YGR206W,0,-1.3717141,0.24577702581882477,0.5820000171661377,0.1785999983549118
YNL335W,YDR316W-B,0,-1.3717823,0.2456732839345932,0.5820000171661377,0.17870000004768372
YGR083C,YFL004W,0,-1.3718367,0.2455696165561676,0.5820000171661377,0.17880000174045563
YLR157C-B,YKR043C,0,-1.3718933,0.24546605348587036,0.5820000171661377,0.17890000343322754
YBL005W-B,YDR432W,0,-1.3719194,0.2453625649213791,0.5820000171661377,0.17900000512599945
YEL044W,YMR072W,0,-1.3722456,0.24525916576385498,0.5820000171661377,0.17910000681877136
YCL019W,YNR016C,0,-1.3722473,0.24515585601329803,0.5820000171661377,0.17919999361038208
YFL049W,YPL030W,0,-1.3722947,0.24505263566970825,0.5820000171661377,0.179299995303154
YMR051C,YDL088C,0,-1.3725957,0.24494948983192444,0.5820000171661377,0.1793999969959259
YGR078C,YJR152W,0,-1.3726819,0.24484644830226898,0.5820000171661377,0.17949999868869781
YPL052W-A,YDL081C,1,-1.3729148,0.24516400694847107,0.5830000042915344,0.17949999868869781
YDR198C,YEL050C,0,-1.3731209,0.24506095051765442,0.5830000042915344,0.17960000038146973
YBR081C,YKL097W-A,0,-1.373148,0.24495798349380493,0.5830000042915344,0.17970000207424164
YDL185W,YHL013C,0,-1.373199,0.2448551058769226,0.5830000042915344,0.17980000376701355
YLR228C,YIL177C,0,-1.3734367,0.24475230276584625,0.5830000042915344,0.17990000545978546
YBR275C,YJL189W,0,-1.373513,0.24464960396289825,0.5830000042915344,0.18000000715255737
YPL048W,YDR333C,1,-1.3735727,0.24496644735336304,0.5839999914169312,0.18000000715255737
YPL257W-B,YFL008W,0,-1.3736558,0.24486373364925385,0.5839999914169312,0.1800999939441681
YIL153W,YAR019C,0,-1.3739295,0.24476110935211182,0.5839999914169312,0.18019999563694
YCL056C,YCR039C,0,-1.3740218,0.24465857446193695,0.5839999914169312,0.18029999732971191
YLR086W,YLL055W,0,-1.3741941,0.24455611407756805,0.5839999914169312,0.18039999902248383
YGR150C,YNL121C,0,-1.3742222,0.24445374310016632,0.5839999914169312,0.18050000071525574
YKL058W,YKL032C,0,-1.3742449,0.24435146152973175,0.5839999914169312,0.18060000240802765
YJR149W,YER137C-A,0,-1.374332,0.24424926936626434,0.5839999914169312,0.18070000410079956
YEL034W,YBR246W,1,-1.3744056,0.2445652186870575,0.5849999785423279,0.18070000410079956
YGL195W,YMR247C,1,-1.3745856,0.24488089978694916,0.5860000252723694,0.18070000410079956
YOR104W,YGL210W-A,0,-1.3746874,0.2447786182165146,0.5860000252723694,0.18080000579357147
YMR257C,YMR125W,0,-1.3749483,0.244676411151886,0.5860000252723694,0.1808999925851822
YMR304W,YPL200W,0,-1.3750037,0.24457429349422455,0.5860000252723694,0.1809999942779541
YDL087C,YLR065C,0,-1.3750122,0.24447225034236908,0.5860000252723694,0.181099995970726
YPR036W,YDR020C,0,-1.3756502,0.24437031149864197,0.5860000252723694,0.18119999766349792
YKR089C,YLR154W-C,0,-1.3757945,0.24426844716072083,0.5860000252723694,0.18129999935626984
YNL063W,YPL052W,1,-1.3758552,0.2445833384990692,0.5870000123977661,0.18129999935626984
YNL161W,YKL158W,0,-1.3761946,0.24448145925998688,0.5870000123977661,0.18140000104904175
YPL015C,YBR100W,0,-1.3762074,0.2443796843290329,0.5870000123977661,0.18150000274181366
YJL083W,YGL148W,0,-1.376348,0.2442779839038849,0.5870000123977661,0.18160000443458557
YJL107C,YGR223C,0,-1.3763919,0.24417637288570404,0.5870000123977661,0.18170000612735748
YNL014W,YNL063W,1,-1.3764013,0.2444906383752823,0.5879999995231628,0.18170000612735748
YJL200C,YLR287C,0,-1.3764013,0.24438902735710144,0.5879999995231628,0.1817999929189682
YFL048C,YDR023W,0,-1.3764906,0.24428749084472656,0.5879999995231628,0.1818999946117401
YOR043W,YJR101W,0,-1.3768024,0.24418604373931885,0.5879999995231628,0.18199999630451202
YJL176C,YGL173C,0,-1.37709,0.2440846860408783,0.5879999995231628,0.18209999799728394
YER125W,YIR013C,0,-1.3771143,0.2439834028482437,0.5879999995231628,0.18219999969005585
YGR285C,YPL052W,1,-1.3772277,0.24429696798324585,0.5889999866485596,0.18219999969005585
YKL216W,YLR260W,0,-1.3773775,0.24419568479061127,0.5889999866485596,0.18230000138282776
YJR019C,YDR056C,0,-1.3775494,0.24409449100494385,0.5889999866485596,0.18240000307559967
YJL012C-A,YPR025C,0,-1.3776731,0.2439933717250824,0.5889999866485596,0.18250000476837158
YNL030W,YIL115C,0,-1.3779466,0.2438923418521881,0.5889999866485596,0.1826000064611435
YKR042W,YER032W,0,-1.3781133,0.2437913864850998,0.5889999866485596,0.1826999932527542
YML125C,YDL120W,0,-1.3782423,0.24369052052497864,0.5889999866485596,0.18279999494552612
YBR066C,YLR006C,0,-1.3783233,0.24358974397182465,0.5889999866485596,0.18289999663829803
YPL048W,YNL063W,1,-1.3784418,0.24390244483947754,0.5899999737739563,0.18289999663829803
YGR100W,YNL268W,0,-1.3785517,0.24380165338516235,0.5899999737739563,0.18299999833106995
YDR266C,YLR143W,1,-1.3786145,0.2441139966249466,0.5910000205039978,0.18299999833106995
YDL171C,YDR065W,0,-1.3786681,0.2440132051706314,0.5910000205039978,0.18310000002384186
YMR046C,YGL053W,0,-1.3787997,0.2439125031232834,0.5910000205039978,0.18320000171661377
YDR166C,YER064C,0,-1.3788526,0.24381187558174133,0.5910000205039978,0.18330000340938568
YBL090W,YOR326W,0,-1.3790007,0.24371133744716644,0.5910000205039978,0.1834000051021576
YFL008W,YGL224C,0,-1.3791393,0.24361088871955872,0.5910000205039978,0.1835000067949295
YJL021C,YOR098C,0,-1.3792102,0.24351049959659576,0.5910000205039978,0.18359999358654022
YEL021W,YOR045W,0,-1.3792291,0.24341021478176117,0.5910000205039978,0.18369999527931213
YER159C,YHR140W,0,-1.3794233,0.24331000447273254,0.5910000205039978,0.18379999697208405
YER138C,YLR086W,0,-1.3794725,0.24320988357067108,0.5910000205039978,0.18389999866485596
YLR157C-B,YJL013C,0,-1.3794954,0.2431098371744156,0.5910000205039978,0.18400000035762787
YCR029C-A,YNL061W,0,-1.3799582,0.24300986528396606,0.5910000205039978,0.18410000205039978
YOL077C,YJL207C,0,-1.3800032,0.2429099828004837,0.5910000205039978,0.1842000037431717
YGR292W,YMR284W,0,-1.3803616,0.2428101897239685,0.5910000205039978,0.1843000054359436
YNR039C,YER141W,0,-1.38071,0.24271047115325928,0.5910000205039978,0.18440000712871552
YDL102W,YOR247W,0,-1.3807588,0.2426108419895172,0.5910000205039978,0.18449999392032623
YHR205W,YBR147W,0,-1.3807952,0.24251128733158112,0.5910000205039978,0.18459999561309814
YLR271W,YOL045W,0,-1.3808681,0.242411807179451,0.5910000205039978,0.18469999730587006
YBR012W-A,YGL080W,0,-1.3810359,0.24231241643428802,0.5910000205039978,0.18479999899864197
YHL009W-B,YLR417W,0,-1.3810419,0.24221311509609222,0.5910000205039978,0.18490000069141388
YIL122W,YDL176W,0,-1.3811321,0.2421138882637024,0.5910000205039978,0.1850000023841858
YPR165W,YHR031C,0,-1.3814561,0.24201473593711853,0.5910000205039978,0.1851000040769577
YPL183W-A,YGR222W,0,-1.3816767,0.24191567301750183,0.5910000205039978,0.18520000576972961
YFL049W,YDR036C,0,-1.382085,0.2418166995048523,0.5910000205039978,0.18529999256134033
YJL014W,YBR107C,0,-1.3821123,0.24171778559684753,0.5910000205039978,0.18539999425411224
YDL119C,YDR316W-B,0,-1.3822024,0.24161897599697113,0.5910000205039978,0.18549999594688416
YPL170W,YHR005C,0,-1.38253,0.2415202260017395,0.5910000205039978,0.18559999763965607
YDL095W,YLR251W,0,-1.3825793,0.24142156541347504,0.5910000205039978,0.18569999933242798
YHR002W,YPL162C,0,-1.3828065,0.24132299423217773,0.5910000205039978,0.1858000010251999
YBR246W,YDR385W,1,-1.3829107,0.24163265526294708,0.5920000076293945,0.1858000010251999
YOL097C,YBL023C,0,-1.3834049,0.2415340691804886,0.5920000076293945,0.1859000027179718
YPR183W,YHR119W,0,-1.3836151,0.24143555760383606,0.5920000076293945,0.1860000044107437
YOR075W,YPR021C,0,-1.384021,0.2413371354341507,0.5920000076293945,0.18610000610351562
YBR246W,YNL063W,1,-1.3841214,0.24164628982543945,0.5929999947547913,0.18610000610351562
YCL063W,YNL175C,0,-1.3843272,0.2415478676557541,0.5929999947547913,0.18619999289512634
YGL207W,YOR148C,0,-1.3845321,0.2414495050907135,0.5929999947547913,0.18629999458789825
YJL014W,YBR115C,0,-1.384553,0.24135124683380127,0.5929999947547913,0.18639999628067017
YLR364W,YEL003W,0,-1.3846061,0.2412530481815338,0.5929999947547913,0.18649999797344208
YMR175W,YOL004W,0,-1.3846537,0.24115493893623352,0.5929999947547913,0.186599999666214
YJR019C,YDL140C,0,-1.3846748,0.2410569041967392,0.5929999947547913,0.1867000013589859
YGL110C,YJR047C,1,-1.3847096,0.24136529862880707,0.593999981880188,0.1867000013589859
YOL107W,YGR056W,0,-1.3847219,0.24126726388931274,0.593999981880188,0.1868000030517578
YGL255W,YBL002W,0,-1.3848174,0.2411693036556244,0.593999981880188,0.18690000474452972
YML128C,YNL138W-A,0,-1.3850187,0.2410714328289032,0.593999981880188,0.18700000643730164
YAL042W,YPL283C,0,-1.3852527,0.24097363650798798,0.593999981880188,0.18709999322891235
YBL034C,YNR032W,0,-1.3852781,0.24087591469287872,0.593999981880188,0.18719999492168427
YDR516C,YDR316W-B,0,-1.3854554,0.24077826738357544,0.593999981880188,0.18729999661445618
YNL054W-B,YPL088W,0,-1.3855054,0.24068070948123932,0.593999981880188,0.1873999983072281
YHR139C,YJR026W,0,-1.3855759,0.24058322608470917,0.593999981880188,0.1875
YGR148C,YKR101W,0,-1.3856919,0.24048583209514618,0.593999981880188,0.1876000016927719
YJL105W,YGL156W,0,-1.3857901,0.24038851261138916,0.593999981880188,0.18770000338554382
YAR071W,YNL188W,0,-1.3858994,0.2402912676334381,0.593999981880188,0.18780000507831573
YGR150C,YLR133W,0,-1.3865676,0.24019409716129303,0.593999981880188,0.18790000677108765
YCL026C-A,YHR175W,0,-1.3867654,0.2400970160961151,0.593999981880188,0.18799999356269836
YGR094W,YBR271W,0,-1.3868377,0.23999999463558197,0.593999981880188,0.18809999525547028
YML008C,YGL226W,0,-1.3868394,0.239903062582016,0.593999981880188,0.1881999969482422
YMR297W,YEL064C,0,-1.3868852,0.23980621993541718,0.593999981880188,0.1882999986410141
YJR103W,YNR001C,0,-1.3870839,0.23970943689346313,0.593999981880188,0.188400000333786
YJR103W,YOL009C,0,-1.3874893,0.23961274325847626,0.593999981880188,0.18850000202655792
YHR173C,YDL080C,0,-1.3877454,0.23951612412929535,0.593999981880188,0.18860000371932983
YJL200C,YOR274W,0,-1.3880775,0.2394195944070816,0.593999981880188,0.18870000541210175
YNL190W,YHR170W,0,-1.3881476,0.23932312428951263,0.593999981880188,0.18880000710487366
YGR059W,YML082W,0,-1.3881778,0.23922674357891083,0.593999981880188,0.18889999389648438
YLR227W-B,YHR004C,0,-1.3881853,0.239130437374115,0.593999981880188,0.1889999955892563
YPR160W,YDR234W,0,-1.3885827,0.23903420567512512,0.593999981880188,0.1890999972820282
YLR345W,YER184C,0,-1.3887556,0.23893804848194122,0.593999981880188,0.1891999989748001
YPL280W,YOR192C-B,0,-1.3890061,0.2388419806957245,0.593999981880188,0.18930000066757202
YBL035C,YGR068C,0,-1.3890328,0.23874598741531372,0.593999981880188,0.18940000236034393
YHR029C,YER031C,0,-1.3892207,0.23865005373954773,0.593999981880188,0.18950000405311584
YPR138C,YNL036W,0,-1.3892606,0.2385542094707489,0.593999981880188,0.18960000574588776
YJR073C,YCL020W,0,-1.389291,0.23845845460891724,0.593999981880188,0.18970000743865967
YDL160C,YDR266C,1,-1.3898786,0.23876404762268066,0.5950000286102295,0.18970000743865967
YLR329W,YDL132W,0,-1.3901631,0.2386682778596878,0.5950000286102295,0.18979999423027039
YPL017C,YBL047C,0,-1.390564,0.23857256770133972,0.5950000286102295,0.1898999959230423
YOR124C,YIL112W,0,-1.3908815,0.2384769469499588,0.5950000286102295,0.1899999976158142
YML022W,YGR216C,0,-1.390973,0.23838141560554504,0.5950000286102295,0.19009999930858612
YPL242C,YMR173W,0,-1.3910598,0.23828594386577606,0.5950000286102295,0.19020000100135803
YOR202W,YDL108W,0,-1.3911598,0.23819054663181305,0.5950000286102295,0.19030000269412994
YIL126W,YCL003W,0,-1.3913599,0.2380952388048172,0.5950000286102295,0.19040000438690186
YBR085W,YHR108W,0,-1.3913805,0.23800000548362732,0.5950000286102295,0.19050000607967377
YLR060W,YIL082W-A,0,-1.3914245,0.23790483176708221,0.5950000286102295,0.19059999287128448
YPL047W,YEL006W,0,-1.3914328,0.23780974745750427,0.5950000286102295,0.1906999945640564
YBL030C,YEL006W,0,-1.3916386,0.2377147376537323,0.5950000286102295,0.1907999962568283
YNR023W,YLR009W,0,-1.3917124,0.2376198023557663,0.5950000286102295,0.19089999794960022
YPL174C,YLR312C-B,0,-1.391778,0.23752495646476746,0.5950000286102295,0.19099999964237213
YJR074W,YGR118W,0,-1.3920947,0.2374301701784134,0.5950000286102295,0.19110000133514404
YAL010C,YGR243W,0,-1.3922324,0.2373354583978653,0.5950000286102295,0.19120000302791595
YIL139C,YJL164C,0,-1.3925549,0.23724083602428436,0.5950000286102295,0.19130000472068787
YFL024C,YER137C-A,0,-1.3927805,0.2371462732553482,0.5950000286102295,0.19140000641345978
YDR161W,YPR068C,0,-1.3929055,0.2370517998933792,0.5950000286102295,0.1914999932050705
YBL038W,YKR099C-A,0,-1.3931379,0.236957386136055,0.5950000286102295,0.1915999948978424
YKL052C,YPL199C,0,-1.393157,0.23686306178569794,0.5950000286102295,0.19169999659061432
YDR151C,YIL041W,0,-1.3931983,0.23676879703998566,0.5950000286102295,0.19179999828338623
YKL013C,YPR094W,0,-1.3932581,0.23667462170124054,0.5950000286102295,0.19189999997615814
YLR390W,YAL059W,0,-1.393476,0.2365805208683014,0.5950000286102295,0.19200000166893005
YOR008C,YPR013C,0,-1.3935895,0.23648647964000702,0.5950000286102295,0.19210000336170197
YHR147C,YBR078W,0,-1.3936745,0.2363925278186798,0.5950000286102295,0.19220000505447388
YDR307W,YNL108C,0,-1.3940009,0.23629865050315857,0.5950000286102295,0.1923000067472458
YGL195W,YPL052W-A,1,-1.3943226,0.2366018295288086,0.5960000157356262,0.1923000067472458
YNL091W,YDL137W,0,-1.3943604,0.23650793731212616,0.5960000157356262,0.1923999935388565
YIL150C,YBR145W,0,-1.3944867,0.2364141196012497,0.5960000157356262,0.19249999523162842
YHR018C,YLR150W,0,-1.3945129,0.2363203763961792,0.5960000157356262,0.19259999692440033
YKL158W,YBL019W,0,-1.3949106,0.23622670769691467,0.5960000157356262,0.19269999861717224
YOL060C,YKL174C,0,-1.3949668,0.2361331284046173,0.5960000157356262,0.19280000030994415
YPL220W,YER147C,0,-1.3951174,0.23603960871696472,0.5960000157356262,0.19290000200271606
YPR183W,YOL007C,0,-1.395118,0.2359461635351181,0.5960000157356262,0.19300000369548798
YLR032W,YPL270W,0,-1.3952662,0.23585279285907745,0.5960000157356262,0.1931000053882599
YPL276W,YDR354W,0,-1.3952821,0.23575949668884277,0.5960000157356262,0.1932000070810318
YDR140W,YKL114C,0,-1.3954903,0.23566627502441406,0.5960000157356262,0.19329999387264252
YER032W,YOR369C,0,-1.3955487,0.23557312786579132,0.5960000157356262,0.19339999556541443
YBR191W,YCR040W,0,-1.3958856,0.23548004031181335,0.5960000157356262,0.19349999725818634
YFR043C,YML081C-A,0,-1.3959098,0.23538704216480255,0.5960000157356262,0.19359999895095825
YLR210W,YGL210W-A,0,-1.3959106,0.23529411852359772,0.5960000157356262,0.19370000064373016
YDR432W,YLL064C,0,-1.396144,0.23520126938819885,0.5960000157356262,0.19380000233650208
YOR076C,YLR069C,1,-1.396231,0.2355029582977295,0.597000002861023,0.19380000233650208
YGL011C,YDR463W,0,-1.396304,0.23541009426116943,0.597000002861023,0.193900004029274
YNR066C,YKL126W,0,-1.3965607,0.23531730473041534,0.597000002861023,0.1940000057220459
YGR090W,YEL021W,0,-1.3966513,0.23522458970546722,0.597000002861023,0.1941000074148178
YOL089C,YDL185W,0,-1.3967438,0.23513193428516388,0.597000002861023,0.19419999420642853
YDR234W,YOR128C,0,-1.3967807,0.2350393682718277,0.597000002861023,0.19429999589920044
YDR087C,YLR283W,0,-1.3968163,0.23494687676429749,0.597000002861023,0.19439999759197235
YML092C,YLR410W-B,0,-1.396911,0.23485444486141205,0.597000002861023,0.19449999928474426
YFR027W,YOL073C,0,-1.3969716,0.23476208746433258,0.597000002861023,0.19460000097751617
YJR088C,YHR046C,0,-1.3970163,0.23466980457305908,0.597000002861023,0.19470000267028809
YNL157W,YJR102C,0,-1.3970318,0.23457759618759155,0.597000002861023,0.19480000436306
YMR102C,YNL289W,0,-1.397576,0.23448546230793,0.597000002861023,0.1949000060558319
YOR226C,YPR149W,0,-1.3978089,0.2343934029340744,0.597000002861023,0.19499999284744263
YNL020C,YDR210C-C,0,-1.398006,0.23430141806602478,0.597000002861023,0.19509999454021454
YOR219C,YBL100W-A,0,-1.3984376,0.23420949280261993,0.597000002861023,0.19519999623298645
YOL022C,YNL081C,0,-1.3985655,0.23411764204502106,0.597000002861023,0.19529999792575836
YPL088W,YDL239C,0,-1.3986834,0.23402586579322815,0.597000002861023,0.19539999961853027
YOR159C,YBL037W,0,-1.3988423,0.2339341640472412,0.597000002861023,0.19550000131130219
YOR020C,YMR200W,0,-1.3988726,0.23384253680706024,0.597000002861023,0.1956000030040741
YOR202W,YIL021W,0,-1.3989513,0.23375098407268524,0.597000002861023,0.195700004696846
YPR019W,YBR067C,0,-1.3990155,0.23365949094295502,0.597000002861023,0.19580000638961792
YKR013W,YDR448W,0,-1.3991902,0.23356807231903076,0.597000002861023,0.19589999318122864
YEL061C,YKL200C,0,-1.3993505,0.23347672820091248,0.597000002861023,0.19599999487400055
YER092W,YHR039C-B,0,-1.3993754,0.23338545858860016,0.597000002861023,0.19609999656677246
YEL077C,YDR258C,0,-1.3995448,0.23329424858093262,0.597000002861023,0.19619999825954437
YCL032W,YKL216W,0,-1.3996235,0.23320312798023224,0.597000002861023,0.19629999995231628
YCR017C,YMR159C,0,-1.3996776,0.23311206698417664,0.597000002861023,0.1964000016450882
YKL063C,YDL167C,0,-1.3998923,0.233021080493927,0.597000002861023,0.1965000033378601
YLR229C,YCL057C-A,0,-1.4000614,0.23293015360832214,0.597000002861023,0.19660000503063202
YHL009W-B,YIR028W,0,-1.4001343,0.23283931612968445,0.597000002861023,0.19670000672340393
YGL174W,YOR298C-A,0,-1.400388,0.23274853825569153,0.597000002861023,0.19679999351501465
YCR053W,YGR075C,0,-1.4003897,0.23265783488750458,0.597000002861023,0.19689999520778656
YDL107W,YNL291C,0,-1.4006748,0.2325672060251236,0.597000002861023,0.19699999690055847
YIL094C,YBR219C,0,-1.4007328,0.2324766367673874,0.597000002861023,0.19709999859333038
YMR302C,YER143W,0,-1.4009928,0.23238614201545715,0.597000002861023,0.1972000002861023
YGR263C,YLR352W,0,-1.4012089,0.23229572176933289,0.597000002861023,0.1973000019788742
YPR002W,YHR141C,0,-1.4013212,0.2322053611278534,0.597000002861023,0.19740000367164612
YOL104C,YBR158W,0,-1.4013544,0.23211508989334106,0.597000002861023,0.19750000536441803
YDR045C,YKL148C,0,-1.4014012,0.2320248782634735,0.597000002861023,0.19760000705718994
YDL110C,YNL234W,0,-1.4014735,0.23193472623825073,0.597000002861023,0.19769999384880066
YPR016C,YJR158W,0,-1.4015057,0.23184466361999512,0.597000002861023,0.19779999554157257
YDR233C,YNL236W,0,-1.4017118,0.23175466060638428,0.597000002861023,0.19789999723434448
YNL014W,YIL103W,1,-1.4018703,0.2320527732372284,0.5979999899864197,0.19789999723434448
YIR024C,YJL096W,0,-1.4019504,0.23196275532245636,0.5979999899864197,0.1979999989271164
YHR214C-C,YIL157C,0,-1.4021223,0.2318728119134903,0.5979999899864197,0.1981000006198883
YLR090W,YOR310C,0,-1.402688,0.2317829430103302,0.5979999899864197,0.19820000231266022
YGR201C,YNL063W,1,-1.4031155,0.2320805937051773,0.5989999771118164,0.19820000231266022
YER129W,YOL096C,0,-1.4032884,0.23199070990085602,0.5989999771118164,0.19830000400543213
YOR100C,YHR039C-B,0,-1.4033661,0.2319008857011795,0.5989999771118164,0.19840000569820404
YAL035W,YNL215W,0,-1.4034483,0.23181115090847015,0.5989999771118164,0.19850000739097595
YGR068C,YBR019C,0,-1.4036382,0.23172147572040558,0.5989999771118164,0.19859999418258667
YGL015C,YML055W,0,-1.4039011,0.23163186013698578,0.5989999771118164,0.19869999587535858
YDR374C,YGR063C,0,-1.4039505,0.23154233396053314,0.5989999771118164,0.1987999975681305
YGR110W,YLR410W-B,0,-1.4041716,0.2314528524875641,0.5989999771118164,0.1988999992609024
YDR300C,YDR023W,0,-1.4042084,0.2313634604215622,0.5989999771118164,0.19900000095367432
YBL024W,YOR141C,0,-1.4044323,0.23127412796020508,0.5989999771118164,0.19910000264644623
YDR296W,YNL061W,0,-1.4044539,0.23118487000465393,0.5989999771118164,0.19920000433921814
YDL229W,YNL214W,0,-1.4045007,0.23109567165374756,0.5989999771118164,0.19930000603199005
YDL070W,YJL127C-B,0,-1.4049467,0.23100656270980835,0.5989999771118164,0.19939999282360077
YKR027W,YLR200W,0,-1.4049902,0.23091749846935272,0.5989999771118164,0.19949999451637268
YDR541C,YGR221C,0,-1.4050491,0.23082852363586426,0.5989999771118164,0.1995999962091446
YMR011W,YBR100W,0,-1.4051278,0.23073959350585938,0.5989999771118164,0.1996999979019165
YPL099C,YDR444W,0,-1.4053459,0.23065075278282166,0.5989999771118164,0.19979999959468842
YBL059W,YMR179W,0,-1.4053705,0.2305619716644287,0.5989999771118164,0.19990000128746033
YKR070W,YPR129W,0,-1.4055506,0.23047326505184174,0.5989999771118164,0.20000000298023224
YKR075C,YNL183C,0,-1.4056097,0.23038461804389954,0.5989999771118164,0.20010000467300415
YJL190C,YKR054C,0,-1.4057221,0.2302960455417633,0.5989999771118164,0.20020000636577606
YMR174C,YDL239C,0,-1.4057323,0.23020753264427185,0.5989999771118164,0.20029999315738678
YDL042C,YOR090C,0,-1.406115,0.23011909425258636,0.5989999771118164,0.2003999948501587
YPL052W,YOR187W,1,-1.4063662,0.2304147481918335,0.6000000238418579,0.2003999948501587
YDL229W,YPL052W-A,1,-1.4065928,0.23071017861366272,0.6010000109672546,0.2003999948501587
YNL213C,YLR449W,0,-1.406646,0.23062163591384888,0.6010000109672546,0.2004999965429306
YDL070W,YCR073C,0,-1.4069409,0.2305331826210022,0.6010000109672546,0.20059999823570251
YNL014W,YLR249W,1,-1.4070444,0.23082822561264038,0.6019999980926514,0.20059999823570251
YLR387C,YNL339C,0,-1.4071195,0.2307397425174713,0.6019999980926514,0.20069999992847443
YNR043W,YHL020C,0,-1.4072354,0.23065133392810822,0.6019999980926514,0.20080000162124634
YKL026C,YNL093W,0,-1.4073218,0.2305629998445511,0.6019999980926514,0.20090000331401825
YDR261W-A,YDR488C,0,-1.4073834,0.23047472536563873,0.6019999980926514,0.20100000500679016
YLR405W,YKL207W,0,-1.4076738,0.23038652539253235,0.6019999980926514,0.20110000669956207
YJL030W,YCR043C,0,-1.4077221,0.23029839992523193,0.6019999980926514,0.2011999934911728
YOR251C,YER044C,0,-1.4080476,0.2302103191614151,0.6019999980926514,0.2012999951839447
YBR089C-A,YBL022C,0,-1.4080718,0.23012232780456543,0.6019999980926514,0.2013999968767166
YCR100C,YGR027W-B,0,-1.4083472,0.23003439605236053,0.6019999980926514,0.20149999856948853
YDR127W,YHR174W,0,-1.4085474,0.22994652390480042,0.6019999980926514,0.20160000026226044
YPL009C,YDR155C,0,-1.4086006,0.22985872626304626,0.6019999980926514,0.20170000195503235
YJR027W,YJL097W,0,-1.4089968,0.2297709882259369,0.6019999980926514,0.20180000364780426
YLR214W,YHR190W,0,-1.4094018,0.22968332469463348,0.6019999980926514,0.20190000534057617
YDR326C,YPL029W,0,-1.4094348,0.22959573566913605,0.6019999980926514,0.20200000703334808
YDR161W,YIR023W,0,-1.409438,0.2295081913471222,0.6019999980926514,0.2020999938249588
YJL158C,YKR037C,0,-1.409543,0.2294207364320755,0.6019999980926514,0.2021999955177307
YLR310C,YJL225C,0,-1.4096521,0.2293333262205124,0.6019999980926514,0.20229999721050262
YDR463W,YHR053C,0,-1.409748,0.22924600541591644,0.6019999980926514,0.20239999890327454
YKL176C,YDL070W,0,-1.4097693,0.22915872931480408,0.6019999980926514,0.20250000059604645
YCR029C-A,YLR423C,0,-1.4098636,0.22907154262065887,0.6019999980926514,0.20260000228881836
YBR261C,YGR028W,0,-1.4099278,0.22898440062999725,0.6019999980926514,0.20270000398159027
YPL237W,YLR410W,0,-1.4100707,0.2288973331451416,0.6019999980926514,0.20280000567436218
YPL283C,YJR070C,0,-1.4101317,0.22881034016609192,0.6019999980926514,0.2029000073671341
YDR065W,YNL069C,0,-1.410161,0.228723406791687,0.6019999980926514,0.2029999941587448
YGL073W,YPR075C,0,-1.4101849,0.22863653302192688,0.6019999980926514,0.20309999585151672
YPL232W,YPR169W,0,-1.4101927,0.22854973375797272,0.6019999980926514,0.20319999754428864
YMR198W,YGL123W,0,-1.4102045,0.22846299409866333,0.6019999980926514,0.20329999923706055
YMR189W,YIR014W,0,-1.4102215,0.2283763289451599,0.6019999980926514,0.20340000092983246
YJR097W,YDR333C,1,-1.4103165,0.2286689430475235,0.6029999852180481,0.20340000092983246
YML121W,YKL148C,0,-1.4104419,0.2285822629928589,0.6029999852180481,0.20350000262260437
YLR106C,YPR029C,0,-1.4105318,0.22849564254283905,0.6029999852180481,0.20360000431537628
YJR085C,YGL124C,0,-1.4106126,0.22840909659862518,0.6029999852180481,0.2037000060081482
YMR313C,YBR211C,0,-1.4107904,0.2283226102590561,0.6029999852180481,0.2037999927997589
YDR089W,YER109C,0,-1.4108132,0.22823618352413177,0.6029999852180481,0.20389999449253082
YDR488C,YPR086W,0,-1.4111229,0.22814983129501343,0.6029999852180481,0.20399999618530273
YOL110W,YML003W,0,-1.4112809,0.22806353867053986,0.6029999852180481,0.20409999787807465
YLR016C,YDR542W,0,-1.4113247,0.22797732055187225,0.6029999852180481,0.20419999957084656
YNL176C,YKR046C,0,-1.4115665,0.22789116203784943,0.6029999852180481,0.20430000126361847
YNL030W,YHR204W,0,-1.4115893,0.22780506312847137,0.6029999852180481,0.20440000295639038
YBR100W,YER173W,0,-1.411617,0.2277190387248993,0.6029999852180481,0.2045000046491623
YLR291C,YKL078W,0,-1.4116333,0.22763307392597198,0.6029999852180481,0.2046000063419342
YMR043W,YKR085C,0,-1.4117067,0.22754716873168945,0.6029999852180481,0.20469999313354492
YDR532C,YKL109W,0,-1.4117653,0.2274613380432129,0.6029999852180481,0.20479999482631683
YDR449C,YJL004C,0,-1.4119239,0.2273755669593811,0.6029999852180481,0.20489999651908875
YGL198W,YKL181W,0,-1.4124734,0.2272898554801941,0.6029999852180481,0.20499999821186066
YNL227C,YGR040W,0,-1.4127907,0.22720421850681305,0.6029999852180481,0.20509999990463257
YML045W,YDR372C,0,-1.4129105,0.22711864113807678,0.6029999852180481,0.20520000159740448
YBR115C,YLR154W-C,0,-1.4132011,0.22703313827514648,0.6029999852180481,0.2053000032901764
YCL030C,YLR256W-A,0,-1.4133718,0.22694768011569977,0.6029999852180481,0.2054000049829483
YKR058W,YER137C-A,0,-1.4137726,0.22686229646205902,0.6029999852180481,0.20550000667572021
YOL159C,YOL154W,0,-1.4139175,0.22677698731422424,0.6029999852180481,0.20559999346733093
YGR198W,YNL331C,0,-1.4140675,0.22669172286987305,0.6029999852180481,0.20569999516010284
YEL020W-A,YLR253W,0,-1.4141805,0.22660653293132782,0.6029999852180481,0.20579999685287476
YBR246W,YMR024W,1,-1.4141846,0.22689707577228546,0.6039999723434448,0.20579999685287476
YNL267W,YLR406C-A,0,-1.4144504,0.22681187093257904,0.6039999723434448,0.20589999854564667
YNL115C,YDR213W,0,-1.4146492,0.2267267256975174,0.6039999723434448,0.20600000023841858
YBR004C,YLR045C,0,-1.4146723,0.22664165496826172,0.6039999723434448,0.2061000019311905
YJL203W,YLL064C,0,-1.4147002,0.22655664384365082,0.6039999723434448,0.2062000036239624
YDR103W,YGR272C,0,-1.4148142,0.2264716923236847,0.6039999723434448,0.20630000531673431
YKL092C,YLR058C,0,-1.4148155,0.22638680040836334,0.6039999723434448,0.20640000700950623
YOR008C,YER001W,0,-1.4148364,0.22630198299884796,0.6039999723434448,0.20649999380111694
YOR103C,YDL232W,0,-1.4150007,0.22621722519397736,0.6039999723434448,0.20659999549388885
YPL045W,YBL024W,0,-1.4151665,0.22613254189491272,0.6039999723434448,0.20669999718666077
YMR280C,YJL164C,0,-1.4151673,0.22604790329933167,0.6039999723434448,0.20679999887943268
YOR157C,YMR111C,0,-1.4153975,0.22596333920955658,0.6039999723434448,0.2069000005722046
YMR247C,YDL081C,1,-1.4155166,0.22625280916690826,0.6050000190734863,0.2069000005722046
YER024W,YOR080W,0,-1.415624,0.22616823017597198,0.6050000190734863,0.2070000022649765
YLR227C,YLL028W,0,-1.4158561,0.22608371078968048,0.6050000190734863,0.2071000039577484
YJL004C,YJL149W,0,-1.4159005,0.22599925100803375,0.6050000190734863,0.20720000565052032
YDR170W-A,YMR186W,0,-1.4161081,0.225914865732193,0.6050000190734863,0.20730000734329224
YNR015W,YLR387C,0,-1.4165822,0.225830540060997,0.6050000190734863,0.20739999413490295
YDL012C,YLR344W,0,-1.4169736,0.2257462739944458,0.6050000190734863,0.20749999582767487
YKR063C,YDR259C,0,-1.4170017,0.22566206753253937,0.6050000190734863,0.20759999752044678
YDL171C,YFL005W,0,-1.4170911,0.2255779206752777,0.6050000190734863,0.2076999992132187
YMR247C,YPL009C,1,-1.4171824,0.22586657106876373,0.6060000061988831,0.2076999992132187
YDR539W,YKL037W,0,-1.4172704,0.22578240931034088,0.6060000061988831,0.2078000009059906
YFR009W,YML014W,1,-1.4173936,0.22607076168060303,0.6069999933242798,0.2078000009059906
YPL157W,YKL199C,0,-1.417614,0.22598659992218018,0.6069999933242798,0.2079000025987625
YKR078W,YKL167C,0,-1.4177666,0.2259024977684021,0.6069999933242798,0.20800000429153442
YHR064C,YPL052W,1,-1.4178323,0.2261904776096344,0.6079999804496765,0.20800000429153442
YLR150W,YDR266C,1,-1.4179814,0.22647824883460999,0.609000027179718,0.20800000429153442
YGR100W,YJL225C,0,-1.4179906,0.22639405727386475,0.609000027179718,0.20810000598430634
YPL052W-A,YOR187W,1,-1.4179919,0.22668153047561646,0.6100000143051147,0.20810000598430634
YIL069C,YOR380W,0,-1.418196,0.22659732401371002,0.6100000143051147,0.20819999277591705
YPR002W,YLR166C,0,-1.4182377,0.22651317715644836,0.6100000143051147,0.20829999446868896
YNL067W,YCR015C,0,-1.4182388,0.22642910480499268,0.6100000143051147,0.20839999616146088
YBR094W,YPR163C,0,-1.4182725,0.22634507715702057,0.6100000143051147,0.2084999978542328
YGR253C,YFL035C-B,0,-1.418309,0.22626112401485443,0.6100000143051147,0.2085999995470047
YOR074C,YKL181W,0,-1.4184333,0.22617723047733307,0.6100000143051147,0.2087000012397766
YNR035C,YER094C,0,-1.4188708,0.22609339654445648,0.6100000143051147,0.20880000293254852
YGL065C,YGR254W,0,-1.4189181,0.22600963711738586,0.6100000143051147,0.20890000462532043
YFL056C,YDR494W,0,-1.4192891,0.22592592239379883,0.6100000143051147,0.20900000631809235
YBL022C,YLR035C-A,0,-1.4197471,0.22584228217601776,0.6100000143051147,0.20909999310970306
YOR106W,YDR316W-B,0,-1.4197956,0.22575870156288147,0.6100000143051147,0.20919999480247498
YPR196W,YOR274W,0,-1.419797,0.22567518055438995,0.6100000143051147,0.2092999964952469
YOR132W,YBL033C,0,-1.4199703,0.2255917191505432,0.6100000143051147,0.2093999981880188
YDR349C,YHR164C,0,-1.4202337,0.22550831735134125,0.6100000143051147,0.2094999998807907
YER086W,YHL013C,0,-1.4202627,0.22542497515678406,0.6100000143051147,0.20960000157356262
YHR042W,YER013W,0,-1.420294,0.22534170746803284,0.6100000143051147,0.20970000326633453
YBR283C,YPR013C,0,-1.4204673,0.2252584993839264,0.6100000143051147,0.20980000495910645
YGR059W,YPL019C,0,-1.4205351,0.22517533600330353,0.6100000143051147,0.20990000665187836
YDR281C,YKL168C,0,-1.4206822,0.22509224712848663,0.6100000143051147,0.20999999344348907
YOR076C,YER120W,0,-1.4208903,0.22500921785831451,0.6100000143051147,0.210099995136261
YBL076C,YLR035C-A,0,-1.4209297,0.22492624819278717,0.6100000143051147,0.2101999968290329
YPL005W,YOR338W,0,-1.4209787,0.2248433530330658,0.6100000143051147,0.2102999985218048
YLR064W,YBR301W,0,-1.4210896,0.224760502576828,0.6100000143051147,0.21040000021457672
YBL087C,YDR148C,0,-1.4211344,0.22467771172523499,0.6100000143051147,0.21050000190734863
YBR065C,YIL034C,0,-1.4211359,0.22459499537944794,0.6100000143051147,0.21060000360012054
YDR407C,YKL037W,0,-1.4214323,0.22451232373714447,0.6100000143051147,0.21070000529289246
YNL333W,YAL020C,0,-1.4214952,0.22442972660064697,0.6100000143051147,0.21080000698566437
YDR353W,YEL046C,0,-1.421582,0.22434718906879425,0.6100000143051147,0.21089999377727509
YLR141W,YDR448W,0,-1.4215945,0.2242647111415863,0.6100000143051147,0.210999995470047
YLR272C,YBR126W-A,0,-1.422182,0.22418229281902313,0.6100000143051147,0.2110999971628189
YER027C,YBR274W,0,-1.4223254,0.22409991919994354,0.6100000143051147,0.21119999885559082
YML030W,YBR012W-B,0,-1.42239,0.22401763498783112,0.6100000143051147,0.21130000054836273
YMR303C,YLR410W-A,0,-1.4224464,0.22393539547920227,0.6100000143051147,0.21140000224113464
YDL027C,YNR039C,0,-1.42264,0.2238532155752182,0.6100000143051147,0.21150000393390656
YBR195C,YER007W,0,-1.4227757,0.2237710952758789,0.6100000143051147,0.21160000562667847
YJR064W,YJR026W,0,-1.4229105,0.2236890345811844,0.6100000143051147,0.21170000731945038
YPL203W,YMR173W,0,-1.422976,0.22360703349113464,0.6100000143051147,0.2117999941110611
YOL077C,YBR160W,0,-1.4231815,0.22352510690689087,0.6100000143051147,0.211899995803833
YDR099W,YDR482C,0,-1.4231925,0.22344322502613068,0.6100000143051147,0.21199999749660492
YOR098C,YJL123C,0,-1.423231,0.22336140275001526,0.6100000143051147,0.21209999918937683
YNL101W,YGL060W,0,-1.4233024,0.2232796549797058,0.6100000143051147,0.21220000088214874
YPR153W,YDR316W-A,0,-1.4234006,0.22319795191287994,0.6100000143051147,0.21230000257492065
YML008C,YDR482C,0,-1.4234076,0.22311630845069885,0.6100000143051147,0.21240000426769257
YOR113W,YDR210W-A,0,-1.4234939,0.22303473949432373,0.6100000143051147,0.21250000596046448
YDR520C,YBR010W,0,-1.4235877,0.2229532152414322,0.6100000143051147,0.2125999927520752
YLR188W,YMR034C,0,-1.423603,0.22287175059318542,0.6100000143051147,0.2126999944448471
YAL048C,YMR070W,0,-1.4237232,0.22279036045074463,0.6100000143051147,0.21279999613761902
YCR104W,YIL101C,0,-1.4239733,0.22270901501178741,0.6100000143051147,0.21289999783039093
YDR333C,YJL097W,0,-1.4240314,0.22262774407863617,0.6100000143051147,0.21299999952316284
YPR009W,YLR209C,0,-1.4242082,0.2225465178489685,0.6100000143051147,0.21310000121593475
YOR396W,YLR310C,0,-1.4243476,0.22246535122394562,0.6100000143051147,0.21320000290870667
YLR359W,YCR068W,0,-1.4245186,0.2223842442035675,0.6100000143051147,0.21330000460147858
YDL067C,YPL192C,0,-1.4247208,0.22230321168899536,0.6100000143051147,0.2134000062942505
YBR271W,YBR302C,0,-1.4250058,0.2222222238779068,0.6100000143051147,0.2134999930858612
YJL038C,YFL018W-A,0,-1.4250941,0.222141295671463,0.6100000143051147,0.21359999477863312
YGR223C,YIL176C,0,-1.4251082,0.222060427069664,0.6100000143051147,0.21369999647140503
YCL011C,YPR047W,0,-1.4253879,0.22197961807250977,0.6100000143051147,0.21379999816417694
YPL009C,YGL110C,1,-1.4254059,0.22226263582706451,0.6110000014305115,0.21379999816417694
YLR220W,YOR294W,0,-1.4255632,0.22218181192874908,0.6110000014305115,0.21389999985694885
YLR170C,YHR118C,0,-1.4256685,0.22210104763507843,0.6110000014305115,0.21400000154972076
YLR141W,YER065C,0,-1.4258542,0.22202034294605255,0.6110000014305115,0.21410000324249268
YNL075W,YKL199C,0,-1.4260108,0.22193969786167145,0.6110000014305115,0.2142000049352646
YKR096W,YIL140W,0,-1.4260442,0.22185911238193512,0.6110000014305115,0.2143000066280365
YDR074W,YIL129C,0,-1.4260623,0.22177858650684357,0.6110000014305115,0.21439999341964722
YDL232W,YNL066W,0,-1.4262546,0.2216981202363968,0.6110000014305115,0.21449999511241913
YOR070C,YDR471W,0,-1.4264555,0.2216176986694336,0.6110000014305115,0.21459999680519104
YCR043C,YOR136W,0,-1.4267552,0.22153735160827637,0.6110000014305115,0.21469999849796295
YGR036C,YLR457C,0,-1.4267745,0.22145704925060272,0.6110000014305115,0.21480000019073486
YEL001C,YHR033W,0,-1.4267888,0.22137680649757385,0.6110000014305115,0.21490000188350677
YOR378W,YNR043W,0,-1.4269903,0.22129663825035095,0.6110000014305115,0.2150000035762787
YLR035C,YLL064C,0,-1.4270022,0.22121651470661163,0.6110000014305115,0.2151000052690506
YPL252C,YNL297C,0,-1.4274647,0.2211364507675171,0.6110000014305115,0.2152000069618225
YDR065W,YOR243C,0,-1.4275849,0.22105644643306732,0.6110000014305115,0.21529999375343323
YGL183C,YMR300C,0,-1.42765,0.22097648680210114,0.6110000014305115,0.21539999544620514
YFL017C,YDR120C,0,-1.4277426,0.22089660167694092,0.6110000014305115,0.21549999713897705
YMR051C,YGL156W,0,-1.4279983,0.22081677615642548,0.6110000014305115,0.21559999883174896
YOR213C,YOL002C,0,-1.428093,0.22073699533939362,0.6110000014305115,0.21570000052452087
YBL033C,YMR089C,0,-1.4283032,0.22065727412700653,0.6110000014305115,0.21580000221729279
YBR229C,YLR344W,0,-1.4283592,0.22057761251926422,0.6110000014305115,0.2159000039100647
YLL066C,YHL018W,0,-1.4283762,0.2204980105161667,0.6110000014305115,0.2160000056028366
YGR012W,YMR099C,0,-1.4284048,0.22041846811771393,0.6110000014305115,0.21610000729560852
YGL172W,YGL014W,0,-1.4284589,0.22033898532390594,0.6110000014305115,0.21619999408721924
YKR082W,YDR258C,0,-1.4284872,0.22025954723358154,0.6110000014305115,0.21629999577999115
YNL014W,YDR385W,1,-1.4285381,0.22054053843021393,0.6119999885559082,0.21629999577999115
YLR063W,YGR096W,0,-1.4285438,0.22046110033988953,0.6119999885559082,0.21639999747276306
YHL009W-B,YOR106W,0,-1.4285979,0.2203817069530487,0.6119999885559082,0.21649999916553497
YDR475C,YFR008W,0,-1.428698,0.22030237317085266,0.6119999885559082,0.21660000085830688
YBR004C,YMR016C,0,-1.4289768,0.2202230989933014,0.6119999885559082,0.2167000025510788
YBL054W,YOR176W,0,-1.4290149,0.2201438844203949,0.6119999885559082,0.2168000042438507
YOR210W,YDR368W,0,-1.429321,0.22006472945213318,0.6119999885559082,0.21690000593662262
YGR038C-B,YJL221C,0,-1.4295614,0.21998561918735504,0.6119999885559082,0.21699999272823334
YCL030C,YIL158W,0,-1.429674,0.21990656852722168,0.6119999885559082,0.21709999442100525
YJR076C,YER137C-A,0,-1.429759,0.2198275923728943,0.6119999885559082,0.21719999611377716
YHL009W-B,YCR024C,0,-1.4302104,0.21974866092205048,0.6119999885559082,0.21729999780654907
YDL208W,YDR206W,0,-1.4307668,0.21966977417469025,0.6119999885559082,0.21739999949932098
YDR140W,YJL191W,0,-1.4308125,0.219590961933136,0.6119999885559082,0.2175000011920929
YDL027C,YNR004W,0,-1.4308804,0.2195121943950653,0.6119999885559082,0.2176000028848648
YKL191W,YMR247C,1,-1.4309504,0.21979203820228577,0.6129999756813049,0.2176000028848648
YJL014W,YDR152W,0,-1.430978,0.2197132557630539,0.6129999756813049,0.21770000457763672
YLR342W,YBR139W,0,-1.4309819,0.2196345329284668,0.6129999756813049,0.21780000627040863
YGL258W,YDL224C,0,-1.4310085,0.21955586969852448,0.6129999756813049,0.21789999306201935
YLR362W,YER141W,0,-1.4313213,0.21947726607322693,0.6129999756813049,0.21799999475479126
YML027W,YPL015C,0,-1.4313781,0.21939870715141296,0.6129999756813049,0.21809999644756317
YML128C,YHL009C,0,-1.4315448,0.21932020783424377,0.6129999756813049,0.21819999814033508
YEL052W,YGR068C,0,-1.43169,0.21924176812171936,0.6129999756813049,0.218299999833107
YPL017C,YGR223C,0,-1.4317787,0.21916338801383972,0.6129999756813049,0.2184000015258789
YHL009W-B,YKL178C,0,-1.4320548,0.21908506751060486,0.6129999756813049,0.21850000321865082
YEL043W,YER122C,0,-1.4322407,0.21900679171085358,0.6129999756813049,0.21860000491142273
YJR014W,YLR200W,0,-1.4324249,0.21892857551574707,0.6129999756813049,0.21870000660419464
YPR119W,YDR210C-C,0,-1.4325081,0.21885040402412415,0.6129999756813049,0.21879999339580536
YGR077C,YPL226W,0,-1.4325867,0.2187723070383072,0.6129999756813049,0.21889999508857727
YMR092C,YAL031C,0,-1.4326136,0.21869425475597382,0.6129999756813049,0.21899999678134918
YNL039W,YHR202W,0,-1.4326413,0.21861626207828522,0.6129999756813049,0.2190999984741211
YPR021C,YLR287C-A,0,-1.43278,0.2185383290052414,0.6129999756813049,0.219200000166893
YMR279C,YER044C-A,0,-1.4328785,0.21846044063568115,0.6129999756813049,0.21930000185966492
YOR089C,YDL214C,0,-1.4329338,0.21838261187076569,0.6129999756813049,0.21940000355243683
YDR358W,YLR238W,0,-1.4330101,0.218304842710495,0.6129999756813049,0.21950000524520874
YER112W,YGL215W,0,-1.4330714,0.21822713315486908,0.6129999756813049,0.21960000693798065
YML070W,YLR347C,0,-1.4331347,0.21814946830272675,0.6129999756813049,0.21969999372959137
YKL158W,YLR411W,0,-1.4331927,0.2180718630552292,0.6129999756813049,0.21979999542236328
YKR035W-A,YKL172W,0,-1.4332848,0.2179943174123764,0.6129999756813049,0.2198999971151352
YDR261W-A,YDR530C,0,-1.4333757,0.2179168164730072,0.6129999756813049,0.2199999988079071
YGL166W,YCL048W-A,0,-1.4334569,0.21783937513828278,0.6129999756813049,0.22010000050067902
YDL030W,YHR162W,0,-1.4336634,0.21776199340820312,0.6129999756813049,0.22020000219345093
YPL276W,YGR279C,0,-1.4337189,0.21768465638160706,0.6129999756813049,0.22030000388622284
YOR315W,YER151C,0,-1.4338448,0.21760737895965576,0.6129999756813049,0.22040000557899475
YGL058W,YIL021W,0,-1.4341898,0.21753016114234924,0.6129999756813049,0.22050000727176666
YPL214C,YER138C,0,-1.4342102,0.2174530029296875,0.6129999756813049,0.22059999406337738
YPL179W,YLR467W,0,-1.4346293,0.21737588942050934,0.6129999756813049,0.2206999957561493
YER062C,YIR013C,0,-1.4346433,0.21729883551597595,0.6129999756813049,0.2207999974489212
YJL018W,YLR009W,0,-1.434872,0.21722182631492615,0.6129999756813049,0.22089999914169312
YPR006C,YAL027W,0,-1.4349421,0.21714487671852112,0.6129999756813049,0.22100000083446503
YGL110C,YDR034W-B,0,-1.4351125,0.21706798672676086,0.6129999756813049,0.22110000252723694
YJR047C,YDR266C,1,-1.4351857,0.21734513342380524,0.6140000224113464,0.22110000252723694
YNL014W,YBR118W,1,-1.4352578,0.2176220864057541,0.6150000095367432,0.22110000252723694
YGL073W,YER089C,0,-1.4354354,0.21754510700702667,0.6150000095367432,0.22120000422000885
YPL062W,YGR076C,0,-1.4354401,0.21746817231178284,0.6150000095367432,0.22130000591278076
YOR285W,YER131W,0,-1.4354676,0.21739129722118378,0.6150000095367432,0.22139999270439148
YJL090C,YKR014C,0,-1.4355359,0.2173144817352295,0.6150000095367432,0.2214999943971634
YKL117W,YMR228W,0,-1.4358554,0.21723772585391998,0.6150000095367432,0.2215999960899353
YLR328W,YPL094C,0,-1.4359637,0.21716101467609406,0.6150000095367432,0.22169999778270721
YHR155W,YBR029C,0,-1.4360113,0.2170843631029129,0.6150000095367432,0.22179999947547913
YHR009C,YNL010W,0,-1.4361774,0.21700775623321533,0.6150000095367432,0.22190000116825104
YBL032W,YHR051W,0,-1.4361885,0.21693122386932373,0.6150000095367432,0.22200000286102295
YDR281C,YNL230C,0,-1.4363202,0.21685472130775452,0.6150000095367432,0.22210000455379486
YJR072C,YLR283W,0,-1.4367068,0.21677829325199127,0.6150000095367432,0.22220000624656677
YMR089C,YNL304W,0,-1.4368541,0.2167019098997116,0.6150000095367432,0.2222999930381775
YOR036W,YDL128W,0,-1.4368896,0.21662557125091553,0.6150000095367432,0.2223999947309494
YAL043C,YKL034W,0,-1.4370228,0.21654929220676422,0.6150000095367432,0.2224999964237213
YLR443W,YGR266W,0,-1.4370673,0.2164730727672577,0.6150000095367432,0.22259999811649323
YLR395C,YER094C,0,-1.4374399,0.21639689803123474,0.6150000095367432,0.22269999980926514
YPL009C,YDR266C,1,-1.4374825,0.21667252480983734,0.6159999966621399,0.22269999980926514
YDR266C,YKR092C,0,-1.4375476,0.2165963500738144,0.6159999966621399,0.22280000150203705
YNL014W,YMR116C,1,-1.4376543,0.2168717086315155,0.6169999837875366,0.22280000150203705
YGR015C,YLL040C,0,-1.4377816,0.21679550409317017,0.6169999837875366,0.22290000319480896
YNL054W,YKL216W,0,-1.4380424,0.2167193591594696,0.6169999837875366,0.22300000488758087
YDR151C,YGR049W,0,-1.438154,0.21664325892925262,0.6169999837875366,0.22310000658035278
YHR122W,YFL061W,0,-1.4383695,0.21656721830368042,0.6169999837875366,0.2231999933719635
YIL168W,YOR292C,0,-1.4383904,0.2164912223815918,0.6169999837875366,0.2232999950647354
YOL121C,YBL047C,0,-1.4384584,0.21641528606414795,0.6169999837875366,0.22339999675750732
YCR096C,YJR094C,0,-1.4386542,0.21633940935134888,0.6169999837875366,0.22349999845027924
YPL045W,YJR029W,0,-1.438942,0.2162635773420334,0.6169999837875366,0.22360000014305115
YDL160C-A,YGR083C,0,-1.4391228,0.21618780493736267,0.6169999837875366,0.22370000183582306
YNR035C,YGL160W,0,-1.4391491,0.21611207723617554,0.6169999837875366,0.22380000352859497
YOL103W-B,YPL085W,0,-1.439342,0.21603640913963318,0.6169999837875366,0.22390000522136688
YHR154W,YPR054W,0,-1.4394155,0.2159608006477356,0.6169999837875366,0.2240000069141388
YER138C,YER071C,0,-1.4394606,0.2158852368593216,0.6169999837875366,0.2240999937057495
YBL105C,YLR154W-C,0,-1.439666,0.21580971777439117,0.6169999837875366,0.22419999539852142
YMR234W,YER043C,0,-1.4396671,0.21573425829410553,0.6169999837875366,0.22429999709129333
YPL027W,YBR025C,0,-1.4399933,0.21565885841846466,0.6169999837875366,0.22439999878406525
YCL001W-A,YJR119C,0,-1.4400871,0.21558350324630737,0.6169999837875366,0.22450000047683716
YBR244W,YIL132C,0,-1.4401088,0.21550820767879486,0.6169999837875366,0.22460000216960907
YLL048C,YLR406C,0,-1.4402432,0.21543295681476593,0.6169999837875366,0.22470000386238098
YBR216C,YPL189C-A,0,-1.4402636,0.21535776555538177,0.6169999837875366,0.2248000055551529
YLR069C,YML014W,1,-1.4402766,0.21563154458999634,0.6179999709129333,0.2248000055551529
YLR032W,YDR216W,0,-1.4403147,0.2155563235282898,0.6179999709129333,0.2249000072479248
YNL191W,YLR074C,0,-1.4403706,0.21548117697238922,0.6179999709129333,0.22499999403953552
YDR175C,YLR099C,0,-1.440639,0.21540606021881104,0.6179999709129333,0.22509999573230743
YPL152W,YDR034W-B,0,-1.4406962,0.21533100306987762,0.6179999709129333,0.22519999742507935
YPL048W,YMR247C,1,-1.4407921,0.21560432016849518,0.6190000176429749,0.22519999742507935
YDR261C-D,YDR482C,0,-1.4408338,0.21552924811840057,0.6190000176429749,0.22529999911785126
YER162C,YIR017C,0,-1.4409574,0.21545423567295074,0.6190000176429749,0.22540000081062317
YER157W,YNR039C,0,-1.4415187,0.2153792679309845,0.6190000176429749,0.22550000250339508
YNL183C,YFR022W,0,-1.441532,0.21530434489250183,0.6190000176429749,0.225600004196167
YPR159W,YBL041W,0,-1.4416022,0.21522948145866394,0.6190000176429749,0.2257000058889389
YGL110C,YBR118W,1,-1.4416201,0.21550226211547852,0.6200000047683716,0.2257000058889389
YBR068C,YER063W,0,-1.4416745,0.21542738378047943,0.6200000047683716,0.22579999268054962
YGR201C,YGR169C-A,1,-1.4420142,0.21569989621639252,0.6209999918937683,0.22579999268054962
YLR422W,YJR129C,0,-1.4420543,0.21562500298023224,0.6209999918937683,0.22589999437332153
YMR180C,YFL046W,0,-1.4420562,0.21555015444755554,0.6209999918937683,0.22599999606609344
YDL229W,YDR333C,1,-1.4420567,0.21582233905792236,0.621999979019165,0.22599999606609344
YER137C-A,YOR301W,0,-1.4420884,0.21574749052524567,0.621999979019165,0.22609999775886536
YPR056W,YER160C,0,-1.4421644,0.21567267179489136,0.621999979019165,0.22619999945163727
YGL207W,YLR229C,0,-1.4421723,0.21559792757034302,0.621999979019165,0.22630000114440918
YPL088W,YPL084W,0,-1.4421757,0.21552321314811707,0.621999979019165,0.2264000028371811
YCR043C,YOR241W,0,-1.4424083,0.2154485583305359,0.621999979019165,0.226500004529953
YML098W,YJR129C,0,-1.4425018,0.2153739631175995,0.621999979019165,0.22660000622272491
YNL176C,YAL024C,0,-1.442532,0.21529941260814667,0.621999979019165,0.22669999301433563
YJL018W,YHL007C,0,-1.442678,0.21522490680217743,0.621999979019165,0.22679999470710754
YDR156W,YEL071W,0,-1.4427514,0.21515046060085297,0.621999979019165,0.22689999639987946
YDR333C,YHR206W,0,-1.4428756,0.21507607400417328,0.621999979019165,0.22699999809265137
YGL105W,YHR051W,0,-1.4429257,0.21500173211097717,0.621999979019165,0.22709999978542328
YDR437W,YBR109C,0,-1.4429777,0.21492743492126465,0.621999979019165,0.2272000014781952
YOR247W,YJL212C,0,-1.442992,0.2148531973361969,0.621999979019165,0.2273000031709671
YDR261C-D,YNL046W,0,-1.443153,0.21477900445461273,0.621999979019165,0.227400004863739
YOR187W,YKR084C,1,-1.4434619,0.21505005657672882,0.6230000257492065,0.227400004863739
YOL111C,YDR436W,0,-1.4435012,0.21497584879398346,0.6230000257492065,0.22750000655651093
YKR061W,YBR242W,0,-1.4435582,0.21490168571472168,0.6230000257492065,0.22759999334812164
YBR068C,YCL018W,0,-1.4435945,0.21482758224010468,0.6230000257492065,0.22769999504089355
YNL284C-B,YJL089W,0,-1.4436557,0.21475353837013245,0.6230000257492065,0.22779999673366547
YFR018C,YGR097W,0,-1.4437332,0.2146795243024826,0.6230000257492065,0.22789999842643738
YLR015W,YGR103W,0,-1.4438863,0.21460558474063873,0.6230000257492065,0.2280000001192093
YGR092W,YDR065W,0,-1.443918,0.21453167498111725,0.6230000257492065,0.2281000018119812
YBL046W,YDR259C,0,-1.4440084,0.21445782482624054,0.6230000257492065,0.2282000035047531
YEL018W,YER087W,0,-1.4440161,0.2143840342760086,0.6230000257492065,0.22830000519752502
YHR155W,YHR162W,0,-1.4442236,0.21431028842926025,0.6230000257492065,0.22840000689029694
YIL168W,YIL065C,0,-1.4443381,0.21423658728599548,0.6230000257492065,0.22849999368190765
YJL193W,YOR374W,0,-1.4446297,0.2141629457473755,0.6230000257492065,0.22859999537467957
YDR166C,YMR039C,0,-1.4446334,0.21408934891223907,0.6230000257492065,0.22869999706745148
YCL055W,YFR046C,0,-1.4446454,0.21401579678058624,0.6230000257492065,0.2287999987602234
YPR137C-B,YJL149W,0,-1.4447408,0.21394230425357819,0.6230000257492065,0.2289000004529953
YDL046W,YNL056W,0,-1.4449757,0.2138688564300537,0.6230000257492065,0.2290000021457672
YOL091W,YJL221C,0,-1.4450438,0.213795468211174,0.6230000257492065,0.22910000383853912
YDR447C,YMR275C,0,-1.4451191,0.2137221246957779,0.6230000257492065,0.22920000553131104
YIL122W,YJL117W,0,-1.4452229,0.21364884078502655,0.6230000257492065,0.22930000722408295
YMR077C,YKL200C,0,-1.445288,0.2135755866765976,0.6230000257492065,0.22939999401569366
YGR173W,YPR011C,0,-1.4452955,0.21350239217281342,0.6230000257492065,0.22949999570846558
YER104W,YMR070W,0,-1.4453866,0.213429257273674,0.6230000257492065,0.2295999974012375
YKL008C,YOR321W,0,-1.4453871,0.2133561670780182,0.6230000257492065,0.2296999990940094
YML081C-A,YIL017W,0,-1.4455373,0.21328312158584595,0.6230000257492065,0.2298000007867813
YLR116W,YGL190C,0,-1.4457926,0.21321013569831848,0.6230000257492065,0.22990000247955322
YBL075C,YFL034W,0,-1.4458112,0.2131371945142746,0.6230000257492065,0.23000000417232513
YIL103W,YKR084C,1,-1.4459311,0.2134062945842743,0.6240000128746033,0.23000000417232513
YHR173C,YDR527W,0,-1.44608,0.2133333384990692,0.6240000128746033,0.23010000586509705
YDL160C-A,YGL032C,0,-1.4460835,0.21326042711734772,0.6240000128746033,0.23019999265670776
YHR039C-B,YLR170C,0,-1.4461477,0.2131875604391098,0.6240000128746033,0.23029999434947968
YGL039W,YOR092W,0,-1.4463348,0.21311475336551666,0.6240000128746033,0.2303999960422516
YJR044C,YCR043C,0,-1.4465423,0.2130419909954071,0.6240000128746033,0.2304999977350235
YDR261C-C,YJL106W,0,-1.4466037,0.21296928822994232,0.6240000128746033,0.2305999994277954
YOL119C,YOR192C-B,0,-1.446647,0.21289661526679993,0.6240000128746033,0.23070000112056732
YBR082C,YEL020W-A,0,-1.44665,0.2128240168094635,0.6240000128746033,0.23080000281333923
YAL003W,YMR247C,1,-1.4468509,0.2130924016237259,0.625,0.23080000281333923
YPL009C,YLR150W,1,-1.446957,0.21336059272289276,0.6259999871253967,0.23080000281333923
YLR143W,YML014W,1,-1.447063,0.2136286199092865,0.6269999742507935,0.23080000281333923
YNL213C,YGL135W,0,-1.4472582,0.21355585753917694,0.6269999742507935,0.23090000450611115
YPL265W,YBR107C,0,-1.4472823,0.21348313987255096,0.6269999742507935,0.23100000619888306
YDR259C,YDR524C,0,-1.4472864,0.21341048181056976,0.6269999742507935,0.23109999299049377
YGR276C,YPL159C,0,-1.447458,0.21333786845207214,0.6269999742507935,0.23119999468326569
YJL216C,YJR155W,0,-1.4477156,0.2132652997970581,0.6269999742507935,0.2312999963760376
YDR430C,YDR253C,0,-1.4477832,0.21319279074668884,0.6269999742507935,0.2313999980688095
YGR183C,YMR077C,0,-1.4478478,0.21312032639980316,0.6269999742507935,0.23149999976158142
YNL100W,YGR195W,0,-1.4482446,0.21304790675640106,0.6269999742507935,0.23160000145435333
YHR166C,YPR022C,0,-1.448268,0.21297554671764374,0.6269999742507935,0.23170000314712524
YOR076C,YMR024W,1,-1.4484167,0.2132427841424942,0.628000020980835,0.23170000314712524
YFL002W-B,YCR041W,0,-1.4484444,0.2131703943014145,0.628000020980835,0.23180000483989716
YAR035W,YLL066C,0,-1.4484859,0.21309806406497955,0.628000020980835,0.23190000653266907
YHL038C,YLR019W,0,-1.4487178,0.2130257785320282,0.628000020980835,0.23199999332427979
YJL133W,YCL055W,0,-1.4487724,0.21295353770256042,0.628000020980835,0.2320999950170517
YEL036C,YMR226C,0,-1.4488075,0.21288135647773743,0.628000020980835,0.2321999967098236
YHR030C,YGR296W,0,-1.4488688,0.212809219956398,0.628000020980835,0.23229999840259552
YJL159W,YHR069C,0,-1.4490267,0.21273712813854218,0.628000020980835,0.23240000009536743
YMR102C,YMR173W,0,-1.4490677,0.21266508102416992,0.628000020980835,0.23250000178813934
YPL038W,YCR024C-A,0,-1.4494045,0.21259309351444244,0.628000020980835,0.23260000348091125
YDR172W,YEL020W-A,0,-1.4497191,0.21252115070819855,0.628000020980835,0.23270000517368317
YOR004W,YGL161C,0,-1.449842,0.21244925260543823,0.628000020980835,0.23280000686645508
YJL013C,YEL048C,0,-1.449927,0.2123774141073227,0.628000020980835,0.2328999936580658
YOR313C,YKL032C,0,-1.4500442,0.21230560541152954,0.628000020980835,0.2329999953508377
YMR211W,YMR300C,0,-1.450177,0.21223385632038116,0.628000020980835,0.23309999704360962
YBL095W,YKL048C,0,-1.4502397,0.21216216683387756,0.628000020980835,0.23319999873638153
YML112W,YGR296W,0,-1.4502573,0.21209050714969635,0.628000020980835,0.23330000042915344
YBL005W-B,YIL031W,0,-1.4505181,0.2120189070701599,0.628000020980835,0.23340000212192535
YMR153W,YKR048C,0,-1.4506984,0.21194735169410706,0.628000020980835,0.23350000381469727
YPR198W,YDR224C,0,-1.4507186,0.21187584102153778,0.628000020980835,0.23360000550746918
YHR047C,YNL246W,0,-1.4509256,0.21180438995361328,0.628000020980835,0.2337000072002411
YPL015C,YLR057W,0,-1.451341,0.21173296868801117,0.628000020980835,0.2337999939918518
YJL170C,YLR262C-A,0,-1.4513569,0.21166160702705383,0.628000020980835,0.23389999568462372
YOR219C,YFR020W,0,-1.4514565,0.21159029006958008,0.628000020980835,0.23399999737739563
YBR160W,YPL009C,0,-1.4515156,0.2115190327167511,0.628000020980835,0.23409999907016754
YJR043C,YCR048W,0,-1.4515483,0.2114478051662445,0.628000020980835,0.23420000076293945
YLL025W,YGL140C,0,-1.4516673,0.2113766372203827,0.628000020980835,0.23430000245571136
YIL046W,YJR119C,0,-1.4518564,0.21130551397800446,0.628000020980835,0.23440000414848328
YLR203C,YER164W,0,-1.4518671,0.211234450340271,0.628000020980835,0.2345000058412552
YPL009C,YNL063W,1,-1.451923,0.2114996612071991,0.6290000081062317,0.2345000058412552
YLR266C,YLR064W,0,-1.4520264,0.21142856776714325,0.6290000081062317,0.2345999926328659
YBR293W,YGL185C,0,-1.4520301,0.21135753393173218,0.6290000081062317,0.23469999432563782
YPR119W,YBL082C,0,-1.4522346,0.2112865298986435,0.6290000081062317,0.23479999601840973
YDR109C,YER022W,0,-1.4523268,0.21121558547019958,0.6290000081062317,0.23489999771118164
YLR390W,YER094C,0,-1.4523454,0.21114468574523926,0.6290000081062317,0.23499999940395355
YLR155C,YJL031C,0,-1.4526042,0.2110738307237625,0.6290000081062317,0.23510000109672546
YDR510W,YLR243W,0,-1.4526176,0.21100302040576935,0.6290000081062317,0.23520000278949738
YPR194C,YOL130W,0,-1.4527462,0.21093225479125977,0.6290000081062317,0.2353000044822693
YCL055W,YDR044W,0,-1.4527619,0.21086154878139496,0.6290000081062317,0.2354000061750412
YML037C,YDR121W,0,-1.4529207,0.21079088747501373,0.6290000081062317,0.23549999296665192
YNR004W,YLR460C,0,-1.4529297,0.2107202708721161,0.6290000081062317,0.23559999465942383
YOR324C,YDL128W,0,-1.4532093,0.21064969897270203,0.6290000081062317,0.23569999635219574
YIL049W,YDR527W,0,-1.453252,0.21057917177677155,0.6290000081062317,0.23579999804496765
YGL207W,YGR108W,0,-1.4534264,0.21050870418548584,0.6290000081062317,0.23589999973773956
YCL029C,YML127W,0,-1.4535537,0.21043826639652252,0.6290000081062317,0.23600000143051147
YBL035C,YCR044C,0,-1.4535972,0.21036788821220398,0.6290000081062317,0.2361000031232834
YGL259W,YDR210C-C,0,-1.453603,0.21029755473136902,0.6290000081062317,0.2362000048160553
YOR187W,YML014W,1,-1.4537301,0.21056149899959564,0.6299999952316284,0.2362000048160553
YIL030C,YKL097W-A,0,-1.4537613,0.2104911506175995,0.6299999952316284,0.2363000065088272
YCR053W,YLR312C-B,0,-1.4538718,0.21042084693908691,0.6299999952316284,0.23639999330043793
YPL141C,YKR095W-A,0,-1.4538722,0.21035058796405792,0.6299999952316284,0.23649999499320984
YGL124C,YPL257W-A,0,-1.4542446,0.2102803736925125,0.6299999952316284,0.23659999668598175
YDR119W,YJL044C,0,-1.4546577,0.21021020412445068,0.6299999952316284,0.23669999837875366
YHR123W,YOR192C-A,0,-1.4547074,0.21014009416103363,0.6299999952316284,0.23680000007152557
YPR022C,YHL035C,0,-1.454932,0.21007002890110016,0.6299999952316284,0.23690000176429749
YMR268W-A,YDR325W,0,-1.4549716,0.20999999344348907,0.6299999952316284,0.2370000034570694
YER177W,YGR287C,0,-1.4549779,0.20993001759052277,0.6299999952316284,0.2371000051498413
YKL006W,YER071C,0,-1.4552665,0.20986008644104004,0.6299999952316284,0.23720000684261322
YDR461W,YDR210C-C,0,-1.4558089,0.2097902148962021,0.6299999952316284,0.23729999363422394
YAR009C,YHR098C,0,-1.4558395,0.20972037315368652,0.6299999952316284,0.23739999532699585
YGR169C-A,YDR333C,1,-1.4559119,0.20998336374759674,0.6309999823570251,0.23739999532699585
YKL026C,YLR391W-A,0,-1.4559177,0.20991350710391998,0.6309999823570251,0.23749999701976776
YNL191W,YJR112W-A,0,-1.4560096,0.2098436951637268,0.6309999823570251,0.23759999871253967
YMR119W,YCL026C-A,0,-1.4560348,0.2097739428281784,0.6309999823570251,0.23770000040531158
YHR187W,YIR011C,0,-1.4561136,0.2097042202949524,0.6309999823570251,0.2378000020980835
YOR044W,YHR079C,0,-1.456447,0.20963455736637115,0.6309999823570251,0.2379000037908554
YLL024C,YDR316W-A,0,-1.456742,0.2095649242401123,0.6309999823570251,0.23800000548362732
YNL056W,YML086C,0,-1.4570243,0.20949535071849823,0.6309999823570251,0.23810000717639923
YOR354C,YGR262C,0,-1.4570885,0.20942582190036774,0.6309999823570251,0.23819999396800995
YCR052W,YER083C,0,-1.4572041,0.20935633778572083,0.6309999823570251,0.23829999566078186
YDR033W,YBR018C,0,-1.4572256,0.2092868983745575,0.6309999823570251,0.23839999735355377
YPR108W,YBR200W-A,0,-1.4572946,0.20921750366687775,0.6309999823570251,0.23849999904632568
YGR066C,YIL119C,0,-1.4573048,0.20914815366268158,0.6309999823570251,0.2386000007390976
YBL103C-A,YBR163W,0,-1.4575276,0.2090788632631302,0.6309999823570251,0.2387000024318695
YPR178W,YER137C-A,0,-1.4576564,0.20900960266590118,0.6309999823570251,0.23880000412464142
YMR237W,YJR055W,0,-1.4576911,0.20894040167331696,0.6309999823570251,0.23890000581741333
YBR246W,YJR047C,1,-1.4578876,0.20920224487781525,0.6320000290870667,0.23890000581741333
YDL128W,YPL189C-A,0,-1.4580041,0.20913302898406982,0.6320000290870667,0.23899999260902405
YLL029W,YGR161W-A,0,-1.4580276,0.2090638428926468,0.6320000290870667,0.23909999430179596
YGL195W,YFR009W,1,-1.4580442,0.2093254029750824,0.6330000162124634,0.23909999430179596
YBL004W,YMR053C,0,-1.458158,0.20925620198249817,0.6330000162124634,0.23919999599456787
YGR169C-A,YPR080W,1,-1.4583552,0.20951750874519348,0.6340000033378601,0.23919999599456787
YPL009C,YLR143W,1,-1.4586099,0.20977865159511566,0.6349999904632568,0.23919999599456787
YPR133W-A,YDL177C,0,-1.4587008,0.20970937609672546,0.6349999904632568,0.23929999768733978
YIL038C,YPR006C,0,-1.458715,0.20964014530181885,0.6349999904632568,0.2393999993801117
YLR455W,YHR084W,0,-1.4588524,0.2095709592103958,0.6349999904632568,0.2395000010728836
YMR038C,YPR182W,0,-1.4589106,0.20950181782245636,0.6349999904632568,0.23960000276565552
YPL009C,YLR172C,1,-1.459061,0.20976252853870392,0.6359999775886536,0.23960000276565552
YLR057W,YJL061W,0,-1.459072,0.20969337224960327,0.6359999775886536,0.23970000445842743
YAL031C,YPL148C,0,-1.4592171,0.2096242606639862,0.6359999775886536,0.23980000615119934
YNL146W,YIL171W,0,-1.4592209,0.20955519378185272,0.6359999775886536,0.23989999294281006
YKL191W,YOR076C,1,-1.4592557,0.20981554687023163,0.6370000243186951,0.23989999294281006
YLR181C,YJL196C,0,-1.45926,0.20974646508693695,0.6370000243186951,0.23999999463558197
YNL064C,YDR403W,0,-1.4592729,0.20967741310596466,0.6370000243186951,0.24009999632835388
YAL014C,YBL068W,0,-1.4593184,0.20960842072963715,0.6370000243186951,0.2401999980211258
YOL165C,YNL335W,0,-1.4594145,0.2095394730567932,0.6370000243186951,0.2402999997138977
YLR128W,YCL020W,0,-1.459522,0.20947057008743286,0.6370000243186951,0.24040000140666962
YHR046C,YPR131C,0,-1.459549,0.2094017118215561,0.6370000243186951,0.24050000309944153
YPL019C,YMR022W,0,-1.4596786,0.2093328982591629,0.6370000243186951,0.24060000479221344
YPL007C,YDL177C,0,-1.4597311,0.2092641294002533,0.6370000243186951,0.24070000648498535
YIL084C,YIL102C-A,0,-1.4599051,0.20919540524482727,0.6370000243186951,0.24079999327659607
YDR333C,YIL035C,0,-1.46003,0.20912672579288483,0.6370000243186951,0.24089999496936798
YHL015W,YKL150W,0,-1.4603655,0.20905809104442596,0.6370000243186951,0.2409999966621399
YER159C-A,YOL073C,0,-1.4604166,0.20898950099945068,0.6370000243186951,0.2410999983549118
YBR033W,YDR058C,0,-1.4604568,0.20892095565795898,0.6370000243186951,0.24120000004768372
YCL048W-A,YDR107C,0,-1.4607589,0.20885245501995087,0.6370000243186951,0.24130000174045563
YML033W,YDR079W,0,-1.4607677,0.20878399908542633,0.6370000243186951,0.24140000343322754
YMR312W,YER141W,0,-1.460814,0.20871560275554657,0.6370000243186951,0.24150000512599945
YDL212W,YPL065W,0,-1.4609516,0.2086472362279892,0.6370000243186951,0.24160000681877136
YOL103W-B,YDL005C,0,-1.4610295,0.2085789144039154,0.6370000243186951,0.24169999361038208
YCL074W,YKL127W,0,-1.461055,0.2085106372833252,0.6370000243186951,0.241799995303154
YJL197W,YDR448W,0,-1.4612013,0.20844240486621857,0.6370000243186951,0.2418999969959259
YIL150C,YKR095W-A,0,-1.4612014,0.20837421715259552,0.6370000243186951,0.24199999868869781
YKR095W-A,YGL047W,0,-1.4612591,0.20830608904361725,0.6370000243186951,0.24210000038146973
YKR051W,YKR081C,0,-1.4612635,0.20823799073696136,0.6370000243186951,0.24220000207424164
YDR266C,YPR080W,1,-1.4613924,0.20849673449993134,0.6380000114440918,0.24220000207424164
YOL137W,YGL210W-A,0,-1.4614222,0.20842862129211426,0.6380000114440918,0.24230000376701355
YCL024W,YLR404W,0,-1.4615393,0.20836055278778076,0.6380000114440918,0.24240000545978546
YOR363C,YEL006W,0,-1.4616299,0.20829252898693085,0.6380000114440918,0.24250000715255737
YHR214C-B,YGR175C,0,-1.462172,0.20822454988956451,0.6380000114440918,0.2425999939441681
YDL229W,YDR266C,1,-1.4622829,0.20848287642002106,0.6389999985694885,0.2425999939441681
YOR236W,YDL160C-A,0,-1.4623632,0.20841486752033234,0.6389999985694885,0.24269999563694
YFL054C,YER100W,0,-1.4624811,0.2083469182252884,0.6389999985694885,0.24279999732971191
YHR155W,YOL068C,0,-1.4627247,0.20827901363372803,0.6389999985694885,0.24289999902248383
YMR257C,YOL121C,0,-1.4627402,0.20821113884449005,0.6389999985694885,0.24300000071525574
YKL033W,YBL080C,0,-1.46286,0.20814332365989685,0.6389999985694885,0.24310000240802765
YOR281C,YMR081C,0,-1.4628768,0.20807553827762604,0.6389999985694885,0.24320000410079956
YNL063W,YDR333C,1,-1.4629171,0.2083333283662796,0.6399999856948853,0.24320000410079956
YKL004W,YIL177C,0,-1.4629335,0.2082655429840088,0.6399999856948853,0.24330000579357147
YPR183W,YKL058W,0,-1.4630096,0.20819778740406036,0.6399999856948853,0.2433999925851822
YKR082W,YGR067C,0,-1.4630558,0.20813007652759552,0.6399999856948853,0.2434999942779541
YHR009C,YJL148W,0,-1.4631189,0.20806242525577545,0.6399999856948853,0.243599995970726
YHR070W,YKL058W,0,-1.4631435,0.20799480378627777,0.6399999856948853,0.24369999766349792
YPR138C,YOL041C,0,-1.4631727,0.20792722702026367,0.6399999856948853,0.24379999935626984
YDR508C,YDR333C,0,-1.4631969,0.20785969495773315,0.6399999856948853,0.24390000104904175
YGR134W,YOR147W,0,-1.4632626,0.20779220759868622,0.6399999856948853,0.24400000274181366
YJL001W,YMR305C,0,-1.4634326,0.20772476494312286,0.6399999856948853,0.24410000443458557
YDR298C,YBL097W,0,-1.4635174,0.2076573669910431,0.6399999856948853,0.24420000612735748
YOL062C,YKR006C,0,-1.4635745,0.2075900137424469,0.6399999856948853,0.2442999929189682
YNL209W,YMR247C,1,-1.4637158,0.20784695446491241,0.640999972820282,0.2442999929189682
YJL131C,YBR111W-A,0,-1.4638212,0.20777957141399384,0.640999972820282,0.2443999946117401
YLR409C,YBL071W-A,0,-1.463884,0.20771224796772003,0.640999972820282,0.24449999630451202
YMR244C-A,YMR112C,0,-1.4639024,0.2076449692249298,0.640999972820282,0.24459999799728394
YDR303C,YDL240W,0,-1.4640751,0.20757772028446198,0.640999972820282,0.24469999969005585
YJL190C,YCL003W,0,-1.464609,0.20751051604747772,0.640999972820282,0.24480000138282776
YFL023W,YGR262C,0,-1.464855,0.20744337141513824,0.640999972820282,0.24490000307559967
YLR098C,YER159C-A,0,-1.4648708,0.20737625658512115,0.640999972820282,0.24500000476837158
YLR340W,YGR272C,0,-1.4650705,0.20730918645858765,0.640999972820282,0.2451000064611435
YDR109C,YOL161C,0,-1.4651335,0.20724216103553772,0.640999972820282,0.2451999932527542
YDR104C,YGR169C-A,0,-1.4651394,0.20717518031597137,0.640999972820282,0.24529999494552612
YER112W,YOR334W,0,-1.4651514,0.2071082442998886,0.640999972820282,0.24539999663829803
YDR383C,YML118W,0,-1.465272,0.20704133808612823,0.640999972820282,0.24549999833106995
YPL123C,YDL223C,0,-1.4652923,0.20697449147701263,0.640999972820282,0.24560000002384186
YDR456W,YER044C-A,0,-1.4653019,0.20690768957138062,0.640999972820282,0.24570000171661377
YPL199C,YKL166C,0,-1.4653739,0.20684091746807098,0.640999972820282,0.24580000340938568
YPL088W,YJR105W,0,-1.4654915,0.20677419006824493,0.640999972820282,0.2459000051021576
YLR032W,YLR153C,0,-1.4655807,0.20670750737190247,0.640999972820282,0.2460000067949295
YOR382W,YPL120W,0,-1.4657346,0.20664088428020477,0.640999972820282,0.24609999358654022
YJL110C,YMR157C,0,-1.4658147,0.20657427608966827,0.640999972820282,0.24619999527931213
YML113W,YNL033W,0,-1.4658298,0.20650772750377655,0.640999972820282,0.24629999697208405
YHR192W,YJL138C,0,-1.465934,0.2064412236213684,0.640999972820282,0.24639999866485596
YGR168C,YKR043C,0,-1.4663453,0.20637476444244385,0.640999972820282,0.24650000035762787
YEL043W,YMR049C,0,-1.4667952,0.20630833506584167,0.640999972820282,0.24660000205039978
YOR065W,YLR007W,0,-1.466799,0.20624195039272308,0.640999972820282,0.2467000037431717
YCL030C,YBR251W,0,-1.4669487,0.20617562532424927,0.640999972820282,0.2468000054359436
YBL029C-A,YMR322C,0,-1.4670482,0.20610933005809784,0.640999972820282,0.24690000712871552
YHL008C,YGR059W,0,-1.4671438,0.20604307949543,0.640999972820282,0.24699999392032623
YHR094C,YNL330C,0,-1.4671453,0.20597685873508453,0.640999972820282,0.24709999561309814
YOL143C,YJL114W,0,-1.4672103,0.20591069757938385,0.640999972820282,0.24719999730587006
YHL020C,YGR262C,0,-1.4672337,0.20584456622600555,0.640999972820282,0.24729999899864197
YHR196W,YJL062W-A,0,-1.467325,0.20577849447727203,0.640999972820282,0.24740000069141388
YOR076C,YGR169C-A,1,-1.4673866,0.2060333788394928,0.6420000195503235,0.24740000069141388
YOR020C,YLR181C,0,-1.4675801,0.2059672772884369,0.6420000195503235,0.2475000023841858
YLR238W,YMR269W,0,-1.4676926,0.20590122044086456,0.6420000195503235,0.2476000040769577
YLR069C,YDR333C,1,-1.4677142,0.20615582168102264,0.6430000066757202,0.2476000040769577
YNL103W,YER126C,0,-1.4678142,0.20608974993228912,0.6430000066757202,0.24770000576972961
YDR018C,YLR079W,0,-1.467916,0.206023707985878,0.6430000066757202,0.24779999256134033
YDL144C,YOR005C,0,-1.4680313,0.20595772564411163,0.6430000066757202,0.24789999425411224
YER087W,YML017W,0,-1.4682821,0.20589177310466766,0.6430000066757202,0.24799999594688416
YMR210W,YOL034W,0,-1.4683447,0.20582586526870728,0.6430000066757202,0.24809999763965607
YAR009C,YKL074C,0,-1.4686406,0.20576000213623047,0.6430000066757202,0.24819999933242798
YIL156W,YMR051C,0,-1.4686968,0.20569418370723724,0.6430000066757202,0.2483000010251999
YML007W,YEL013W,0,-1.4687381,0.2056283950805664,0.6430000066757202,0.2484000027179718
YDR234W,YCR092C,0,-1.4692633,0.20556266605854034,0.6430000066757202,0.2485000044107437
YER053C-A,YOL125W,0,-1.469404,0.20549696683883667,0.6430000066757202,0.24860000610351562
YDL160C,YFR009W,1,-1.4694905,0.20575079321861267,0.6439999938011169,0.24860000610351562
YGR183C,YNL139C,0,-1.4695222,0.2056850790977478,0.6439999938011169,0.24869999289512634
YMR179W,YKL003C,0,-1.4698743,0.20561940968036652,0.6439999938011169,0.24879999458789825
YOR131C,YBR065C,0,-1.470156,0.2055537849664688,0.6439999938011169,0.24889999628067017
YLR408C,YGR034W,0,-1.4703064,0.2054881900548935,0.6439999938011169,0.24899999797344208
YBR097W,YLR256W-A,0,-1.4704852,0.20542265474796295,0.6439999938011169,0.249099999666214
YJL065C,YCR102C,0,-1.470551,0.2053571492433548,0.6439999938011169,0.2492000013589859
YLR409C,YOL075C,0,-1.4707025,0.20529167354106903,0.6439999938011169,0.2493000030517578
YMR003W,YOL144W,0,-1.4707481,0.20522625744342804,0.6439999938011169,0.24940000474452972
YBR103W,YOL096C,0,-1.4708202,0.20516088604927063,0.6439999938011169,0.24950000643730164
YDR170W-A,YOR070C,0,-1.4708307,0.2050955444574356,0.6439999938011169,0.24959999322891235
YPR080W,YGR206W,0,-1.4708885,0.20503024756908417,0.6439999938011169,0.24969999492168427
YGR292W,YMR035W,0,-1.4709314,0.2049649953842163,0.6439999938011169,0.24979999661445618
YKL059C,YPL216W,0,-1.471168,0.20489977300167084,0.6439999938011169,0.2498999983072281
YGR205W,YMR313C,0,-1.4711856,0.20483461022377014,0.6439999938011169,0.25
YER035W,YLR148W,0,-1.4713026,0.20476947724819183,0.6439999938011169,0.2500999867916107
YFR047C,YDR338C,0,-1.471571,0.2047043889760971,0.6439999938011169,0.2502000033855438
YOL116W,YHR060W,0,-1.471781,0.20463934540748596,0.6439999938011169,0.25029999017715454
YJL110C,YDR368W,0,-1.4718885,0.2045743316411972,0.6439999938011169,0.25040000677108765
YHR214C-C,YPR019W,0,-1.4719949,0.20450936257839203,0.6439999938011169,0.25049999356269836
YNR043W,YBR172C,0,-1.4720304,0.20444443821907043,0.6439999938011169,0.25060001015663147
YDR245W,YPL096W,0,-1.4721273,0.20437955856323242,0.6439999938011169,0.2506999969482422
YOR213C,YNL101W,0,-1.4721396,0.204314723610878,0.6439999938011169,0.2508000135421753
YBR018C,YNL230C,0,-1.4721456,0.20424991846084595,0.6439999938011169,0.250900000333786
YOR219C,YBL045C,0,-1.472229,0.20418515801429749,0.6439999938011169,0.25099998712539673
YHL036W,YER123W,0,-1.472234,0.2041204422712326,0.6439999938011169,0.25110000371932983
YDR170W-A,YDR079C-A,0,-1.4722447,0.2040557712316513,0.6439999938011169,0.25119999051094055
YJR094W-A,YOR382W,0,-1.4722549,0.2039911299943924,0.6439999938011169,0.25130000710487366
YPL199C,YJR064W,0,-1.472295,0.20392653346061707,0.6439999938011169,0.2513999938964844
YJR049C,YOR032W-A,0,-1.4723266,0.20386198163032532,0.6439999938011169,0.2515000104904175
YDL160C,YDR333C,1,-1.4723823,0.2041139304637909,0.6449999809265137,0.2515000104904175
YGR038C-B,YDR137W,0,-1.4724047,0.20404934883117676,0.6449999809265137,0.2515999972820282
YLR114C,YLR243W,0,-1.4725094,0.2039848268032074,0.6449999809265137,0.2517000138759613
YDL139C,YBR200W-A,0,-1.4726095,0.20392033457756042,0.6449999809265137,0.251800000667572
YKL191W,YGL110C,1,-1.4727308,0.20417194068431854,0.6460000276565552,0.251800000667572
YNL078W,YDL012C,0,-1.4728384,0.20410741865634918,0.6460000276565552,0.25189998745918274
YBL095W,YJR113C,0,-1.473004,0.2040429562330246,0.6460000276565552,0.25200000405311584
YGR201C,YJR047C,1,-1.4730573,0.20429427921772003,0.6470000147819519,0.25200000405311584
YCL054W,YPR019W,0,-1.473318,0.20422980189323425,0.6470000147819519,0.25209999084472656
YLL062C,YML085C,0,-1.4734967,0.20416535437107086,0.6470000147819519,0.25220000743865967
YJR010W,YMR194C-B,0,-1.4735233,0.20410095155239105,0.6470000147819519,0.2522999942302704
YGL104C,YDR210C-D,0,-1.473542,0.20403657853603363,0.6470000147819519,0.2524000108242035
YHR214C-C,YDL098C,0,-1.4737959,0.2039722502231598,0.6470000147819519,0.2524999976158142
YGR149W,YDR316W-A,0,-1.4738835,0.20390796661376953,0.6470000147819519,0.2526000142097473
YGR161W-A,YDL055C,0,-1.4743137,0.20384372770786285,0.6470000147819519,0.25270000100135803
YJL127C,YNL300W,0,-1.4745519,0.20377953350543976,0.6470000147819519,0.25279998779296875
YDL148C,YER026C,0,-1.4745691,0.20371536910533905,0.6470000147819519,0.25290000438690186
YOL159C,YJL095W,0,-1.4746296,0.20365124940872192,0.6470000147819519,0.2529999911785126
YKL214C,YDR065W,0,-1.4747033,0.20358715951442719,0.6470000147819519,0.2531000077724457
YGR063C,YFR015C,0,-1.4748638,0.20352311432361603,0.6470000147819519,0.2531999945640564
YOL013C,YDL185W,0,-1.4749182,0.20345911383628845,0.6470000147819519,0.2533000111579895
YLR015W,YOR192C-A,0,-1.4750592,0.20339515805244446,0.6470000147819519,0.2533999979496002
YPL186C,YGR129W,0,-1.475064,0.20333123207092285,0.6470000147819519,0.2535000145435333
YER125W,YIR006C,0,-1.4750836,0.20326735079288483,0.6470000147819519,0.25360000133514404
YMR013C,YKL141W,0,-1.4751209,0.20320351421833038,0.6470000147819519,0.25369998812675476
YER162C,YNR058W,0,-1.4754131,0.20313972234725952,0.6470000147819519,0.25380000472068787
YKL091C,YBR040W,0,-1.475568,0.20307596027851105,0.6470000147819519,0.2538999915122986
YPL058C,YJL113W,0,-1.4760109,0.20301224291324615,0.6470000147819519,0.2540000081062317
YER053C-A,YNL149C,0,-1.4761782,0.20294855535030365,0.6470000147819519,0.2540999948978424
YLL045C,YPL168W,0,-1.4763938,0.20288491249084473,0.6470000147819519,0.2542000114917755
YPL116W,YNL209W,0,-1.4765074,0.20282131433486938,0.6470000147819519,0.25429999828338623
YMR094W,YER134C,0,-1.4768522,0.20275776088237762,0.6470000147819519,0.25440001487731934
YKL148C,YJL148W,0,-1.4770269,0.20269423723220825,0.6470000147819519,0.25450000166893005
YPL037C,YNL012W,0,-1.4770479,0.20263075828552246,0.6470000147819519,0.25459998846054077
YLR172C,YDR266C,1,-1.4772651,0.202880397439003,0.6480000019073486,0.25459998846054077
YMR250W,YJR057W,0,-1.4773198,0.202816903591156,0.6480000019073486,0.2547000050544739
YLR190W,YKR080W,0,-1.4773488,0.2027534395456314,0.6480000019073486,0.2547999918460846
YJL083W,YML018C,0,-1.4774313,0.2026900202035904,0.6480000019073486,0.2549000084400177
YLR467W,YPL122C,0,-1.4776583,0.20262664556503296,0.6480000019073486,0.2549999952316284
YNL052W,YGR281W,0,-1.4777855,0.2025633007287979,0.6480000019073486,0.2551000118255615
YJL090C,YLR065C,0,-1.4777986,0.20250000059604645,0.6480000019073486,0.25519999861717224
YBR119W,YML018C,0,-1.4778492,0.20243674516677856,0.6480000019073486,0.25529998540878296
YJL200C,YCL044C,0,-1.4780581,0.20237351953983307,0.6480000019073486,0.25540000200271606
YOL165C,YLR287C,0,-1.4781302,0.20231033861637115,0.6480000019073486,0.2554999887943268
YGR215W,YJL200C,0,-1.4784088,0.20224718749523163,0.6480000019073486,0.2556000053882599
YPL168W,YIR007W,0,-1.4785982,0.20218408107757568,0.6480000019073486,0.2556999921798706
YNL101W,YGL123W,0,-1.4786742,0.20212101936340332,0.6480000019073486,0.2558000087738037
YER137C-A,YML100W,0,-1.478771,0.20205800235271454,0.6480000019073486,0.25589999556541443
YLR445W,YOL028C,0,-1.4789171,0.20199501514434814,0.6480000019073486,0.25600001215934753
YBR089C-A,YHR149C,0,-1.4790852,0.20193207263946533,0.6480000019073486,0.25609999895095825
YMR268W-A,YDL207W,0,-1.4792873,0.2018691599369049,0.6480000019073486,0.25619998574256897
YBR055C,YPL004C,0,-1.4793733,0.20180629193782806,0.6480000019073486,0.2563000023365021
YDR261C-D,YER089C,0,-1.4794333,0.2017434686422348,0.6480000019073486,0.2563999891281128
YOR222W,YDR529C,0,-1.479599,0.20168067514896393,0.6480000019073486,0.2565000057220459
YKL027W,YFL020C,0,-1.4796209,0.20161792635917664,0.6480000019073486,0.2565999925136566
YLR022C,YBR146W,0,-1.4798484,0.20155520737171173,0.6480000019073486,0.2567000091075897
YBL090W,YPL162C,0,-1.4799373,0.2014925330877304,0.6480000019073486,0.25679999589920044
YMR247W-A,YER064C,0,-1.4799562,0.20142990350723267,0.6480000019073486,0.25690001249313354
YLR410W-B,YHR118C,0,-1.4801186,0.2013673037290573,0.6480000019073486,0.25699999928474426
YLR141W,YIR022W,0,-1.4802904,0.20130474865436554,0.6480000019073486,0.257099986076355
YPL041C,YER137C-A,0,-1.4804058,0.20124223828315735,0.6480000019073486,0.2572000026702881
YOR009W,YDR129C,0,-1.4804133,0.20117975771427155,0.6480000019073486,0.2572999894618988
YNL213C,YOR301W,0,-1.4805562,0.20111732184886932,0.6480000019073486,0.2574000060558319
YLR154W-C,YGL233W,0,-1.4807324,0.2010549157857895,0.6480000019073486,0.2574999928474426
YJR112W-A,YDR299W,0,-1.4807687,0.20099255442619324,0.6480000019073486,0.25760000944137573
YLR107W,YHR032W,0,-1.4807959,0.20093023777008057,0.6480000019073486,0.25769999623298645
YBR098W,YDR316W-A,0,-1.4809748,0.20086795091629028,0.6480000019073486,0.25780001282691956
YDR085C,YDR363W-A,0,-1.4809973,0.20080570876598358,0.6480000019073486,0.2578999996185303
YDR261C-D,YIL078W,0,-1.4810071,0.20074349641799927,0.6480000019073486,0.257999986410141
YOR093C,YER011W,0,-1.4810324,0.20068132877349854,0.6480000019073486,0.2581000030040741
YOR106W,YNL330C,0,-1.4810548,0.2006191909313202,0.6480000019073486,0.2581999897956848
YOR396W,YPL110C,0,-1.4811431,0.20055709779262543,0.6480000019073486,0.2583000063896179
YGR110W,YCL012W,0,-1.4812376,0.20049504935741425,0.6480000019073486,0.25839999318122864
YKL191W,YBR246W,1,-1.4812466,0.20074234902858734,0.6489999890327454,0.25839999318122864
YKL065C,YJL164C,0,-1.4815992,0.20068027079105377,0.6489999890327454,0.25850000977516174
YGR030C,YLR384C,0,-1.4816897,0.20061823725700378,0.6489999890327454,0.25859999656677246
YOR132W,YMR179W,0,-1.4818666,0.20055624842643738,0.6489999890327454,0.25870001316070557
YJL192C,YER082C,0,-1.4821115,0.20049428939819336,0.6489999890327454,0.2587999999523163
YGR041W,YDL150W,0,-1.4821169,0.20043236017227173,0.6489999890327454,0.258899986743927
YOR270C,YBL055C,0,-1.4821929,0.20037049055099487,0.6489999890327454,0.2590000033378601
YDR170W-A,YJR150C,0,-1.4822352,0.2003086358308792,0.6489999890327454,0.2590999901294708
YNL247W,YDL060W,0,-1.4822631,0.20024684071540833,0.6489999890327454,0.25920000672340393
YER171W,YCR102C,0,-1.4823067,0.20018507540225983,0.6489999890327454,0.25929999351501465
YKR006C,YPL269W,0,-1.4824558,0.20012333989143372,0.6489999890327454,0.25940001010894775
YLR164W,YMR287C,0,-1.4825549,0.2000616490840912,0.6489999890327454,0.25949999690055847
YNR062C,YOR337W,0,-1.4825966,0.20000000298023224,0.6489999890327454,0.2596000134944916
YOR150W,YNL197C,0,-1.4826987,0.19993838667869568,0.6489999890327454,0.2597000002861023
YJR129C,YGL094C,0,-1.4828091,0.1998768150806427,0.6489999890327454,0.259799987077713
YBR075W,YPL152W,0,-1.4828913,0.1998152732849121,0.6489999890327454,0.2599000036716461
YJL127C,YOR332W,0,-1.4829513,0.1997537761926651,0.6489999890327454,0.25999999046325684
YDR317W,YNL291C,0,-1.4829891,0.19969230890274048,0.6489999890327454,0.26010000705718994
YGL002W,YFR020W,0,-1.4830291,0.19963088631629944,0.6489999890327454,0.26019999384880066
YJL012C-A,YKR013W,0,-1.4830886,0.1995694935321808,0.6489999890327454,0.26030001044273376
YPL052W-A,YFR009W,1,-1.4831905,0.1998155564069748,0.6499999761581421,0.26030001044273376
YPL213W,YOR192C-A,0,-1.4833859,0.19975414872169495,0.6499999761581421,0.2603999972343445
YMR204C,YGR282C,0,-1.4834278,0.19969278573989868,0.6499999761581421,0.2605000138282776
YFL035C-B,YDL198C,0,-1.4835231,0.1996314525604248,0.6499999761581421,0.2606000006198883
YDR323C,YDR461W,0,-1.4835271,0.19957014918327332,0.6499999761581421,0.260699987411499
YDL110C,YKL221W,0,-1.4835801,0.1995089054107666,0.6499999761581421,0.26080000400543213
YNL295W,YBR012W-A,0,-1.4835899,0.19944767653942108,0.6499999761581421,0.26089999079704285
YOR157C,YFL055W,0,-1.483691,0.19938650727272034,0.6499999761581421,0.26100000739097595
YLR453C,YML024W,0,-1.4837859,0.1993253529071808,0.6499999761581421,0.26109999418258667
YPL052W-A,YLR150W,1,-1.4840308,0.19957081973552704,0.6510000228881836,0.26109999418258667
YDR451C,YOR384W,0,-1.4842554,0.1995096504688263,0.6510000228881836,0.2612000107765198
YIL065C,YJL052W,0,-1.4843237,0.19944852590560913,0.6510000228881836,0.2612999975681305
YDR171W,YMR155W,0,-1.4845197,0.19938744604587555,0.6510000228881836,0.2614000141620636
YOL123W,YJL062W-A,0,-1.4845996,0.19932639598846436,0.6510000228881836,0.2615000009536743
YMR272W-B,YNL137C,0,-1.4846848,0.19926537573337555,0.6510000228881836,0.26159998774528503
YER021W,YHR149C,0,-1.4847823,0.19920440018177032,0.6510000228881836,0.26170000433921814
YBR246W,YLR069C,1,-1.4848015,0.19944937527179718,0.6520000100135803,0.26170000433921814
YOR354C,YBR219C,0,-1.4848129,0.19938838481903076,0.6520000100135803,0.26179999113082886
YBR167C,YDR542W,0,-1.4848452,0.19932742416858673,0.6520000100135803,0.26190000772476196
YCR095C,YLR044C,0,-1.4848931,0.19926650822162628,0.6520000100135803,0.2619999945163727
YPL005W,YPR013C,0,-1.4852054,0.19920562207698822,0.6520000100135803,0.2621000111103058
YML128C,YDR173C,0,-1.4854984,0.19914478063583374,0.6520000100135803,0.2621999979019165
YLR035C-A,YOL093W,0,-1.4855351,0.19908396899700165,0.6520000100135803,0.2623000144958496
YPL257W-B,YOR363C,0,-1.4858142,0.19902320206165314,0.6520000100135803,0.2624000012874603
YBL059C-A,YKL145W,0,-1.4858929,0.19896246492862701,0.6520000100135803,0.26249998807907104
YIR009W,YBR062C,0,-1.4859877,0.19890177249908447,0.6520000100135803,0.26260000467300415
YFR015C,YHR081W,0,-1.4861549,0.19884110987186432,0.6520000100135803,0.26269999146461487
YOR056C,YJL082W,0,-1.4861944,0.19878049194812775,0.6520000100135803,0.262800008058548
YDR331W,YCL019W,0,-1.4862207,0.19871990382671356,0.6520000100135803,0.2628999948501587
YBR045C,YOL127W,0,-1.4862291,0.19865936040878296,0.6520000100135803,0.2630000114440918
YDL161W,YJL163C,0,-1.4862545,0.19859884679317474,0.6520000100135803,0.2630999982357025
YOL065C,YDR316W-B,0,-1.4862789,0.19853836297988892,0.6520000100135803,0.2632000148296356
YNL183C,YDR205W,0,-1.4863054,0.19847792387008667,0.6520000100135803,0.26330000162124634
YDR040C,YGL094C,0,-1.4866886,0.198417529463768,0.6520000100135803,0.26339998841285706
YHR104W,YGR287C,0,-1.486814,0.19835716485977173,0.6520000100135803,0.26350000500679016
YLR266C,YNL068C,0,-1.4868575,0.19829683005809784,0.6520000100135803,0.2635999917984009
YCL020W,YCR066W,0,-1.4869659,0.19823653995990753,0.6520000100135803,0.263700008392334
YNL134C,YMR006C,0,-1.4871297,0.1981762945652008,0.6520000100135803,0.2637999951839447
YDR210W,YKL174C,0,-1.4872401,0.19811607897281647,0.6520000100135803,0.2639000117778778
YLL067C,YGR152C,0,-1.4873445,0.19805589318275452,0.6520000100135803,0.2639999985694885
YIL021W,YDR185C,0,-1.4879749,0.19799575209617615,0.6520000100135803,0.26409998536109924
YHR032W,YJL125C,0,-1.48809,0.19793564081192017,0.6520000100135803,0.26420000195503235
YDR098C-A,YPR027C,0,-1.4882379,0.19787557423114777,0.6520000100135803,0.26429998874664307
YDR229W,YPR013C,0,-1.4882553,0.19781553745269775,0.6520000100135803,0.26440000534057617
YLR133W,YOR110W,0,-1.4883006,0.19775553047657013,0.6520000100135803,0.2644999921321869
YIL156W,YHR210C,0,-1.4884374,0.1976955682039261,0.6520000100135803,0.26460000872612
YOR223W,YJL104W,0,-1.4884486,0.19763565063476562,0.6520000100135803,0.2646999955177307
YMR085W,YJL036W,0,-1.4884802,0.19757576286792755,0.6520000100135803,0.2648000121116638
YLR115W,YMR186W,0,-1.4884818,0.19751590490341187,0.6520000100135803,0.26489999890327454
YJR010C-A,YMR114C,0,-1.4887035,0.19745609164237976,0.6520000100135803,0.26499998569488525
YCL034W,YDR210C-D,0,-1.4887521,0.19739630818367004,0.6520000100135803,0.26510000228881836
YDR263C,YPR158C-D,0,-1.488975,0.19733655452728271,0.6520000100135803,0.2651999890804291
YER102W,YPL095C,0,-1.4890034,0.19727686047554016,0.6520000100135803,0.2653000056743622
YGR161W-A,YLR253W,0,-1.4890095,0.1972171813249588,0.6520000100135803,0.2653999924659729
YPL008W,YJR029W,0,-1.4891055,0.19715754687786102,0.6520000100135803,0.265500009059906
YLL025W,YJR029W,0,-1.489214,0.19709794223308563,0.6520000100135803,0.2655999958515167
YPL246C,YPR015C,0,-1.4892478,0.19703838229179382,0.6520000100135803,0.26570001244544983
YDR421W,YER003C,0,-1.489254,0.1969788521528244,0.6520000100135803,0.26579999923706055
YMR067C,YKL148C,0,-1.4892871,0.19691936671733856,0.6520000100135803,0.26589998602867126
YDR333C,YAL053W,0,-1.4893383,0.19685989618301392,0.6520000100135803,0.26600000262260437
YHR060W,YHL044W,0,-1.4893463,0.19680048525333405,0.6520000100135803,0.2660999894142151
YLR047C,YMR148W,0,-1.4894459,0.19674110412597656,0.6520000100135803,0.2662000060081482
YHL044W,YER164W,0,-1.4895542,0.19668175280094147,0.6520000100135803,0.2662999927997589
YHL050C,YOL086W-A,0,-1.489752,0.19662243127822876,0.6520000100135803,0.266400009393692
YDL070W,YDR298C,0,-1.4899436,0.19656315445899963,0.6520000100135803,0.26649999618530273
YGR173W,YJL004C,0,-1.4900422,0.1965039223432541,0.6520000100135803,0.26660001277923584
YKL175W,YMR247W-A,0,-1.4900876,0.19644470512866974,0.6520000100135803,0.26669999957084656
YBR068C,YGR087C,0,-1.4902819,0.19638554751873016,0.6520000100135803,0.2667999863624573
YDR379C-A,YPL027W,0,-1.4903377,0.19632640480995178,0.6520000100135803,0.2669000029563904
YER108C,YMR031C,0,-1.4904997,0.19626730680465698,0.6520000100135803,0.2669999897480011
YJL133C-A,YKR044W,0,-1.4907203,0.19620823860168457,0.6520000100135803,0.2671000063419342
YPR035W,YML051W,0,-1.4908235,0.19614921510219574,0.6520000100135803,0.2671999931335449
YLR227W-B,YKL032C,0,-1.490859,0.1960902214050293,0.6520000100135803,0.267300009727478
YIL014W,YLR022C,0,-1.4909048,0.19603127241134644,0.6520000100135803,0.26739999651908875
YPL095C,YMR015C,0,-1.4911277,0.19597235321998596,0.6520000100135803,0.26750001311302185
YOL039W,YMR247C,1,-1.4911928,0.19621394574642181,0.652999997138977,0.26750001311302185
YOR202W,YNL320W,0,-1.4913262,0.19615499675273895,0.652999997138977,0.26759999990463257
YPL221W,YJR127C,0,-1.4914634,0.19609609246253967,0.652999997138977,0.2676999866962433
YGL158W,YOR157C,0,-1.4915609,0.19603723287582397,0.652999997138977,0.2678000032901764
YBL033C,YNL243W,0,-1.4915738,0.19597838819026947,0.652999997138977,0.2678999900817871
YMR247W-A,YDL076C,0,-1.4915859,0.19591958820819855,0.652999997138977,0.2680000066757202
YGR169C-A,YMR024W,1,-1.4916301,0.19616076350212097,0.6539999842643738,0.2680000066757202
YBR168W,YNL135C,0,-1.4916322,0.19610194861888885,0.6539999842643738,0.26809999346733093
YGR037C,YKR096W,0,-1.4916632,0.19604316353797913,0.6539999842643738,0.26820001006126404
YFL037W,YHR062C,0,-1.4917773,0.19598442316055298,0.6539999842643738,0.26829999685287476
YGR212W,YPR038W,0,-1.4919481,0.19592569768428802,0.6539999842643738,0.26840001344680786
YMR208W,YOR319W,0,-1.4919605,0.19586703181266785,0.6539999842643738,0.2685000002384186
YGR058W,YJR098C,0,-1.4919705,0.19580838084220886,0.6539999842643738,0.2685999870300293
YPL265W,YLR312W-A,0,-1.4921104,0.19574977457523346,0.6539999842643738,0.2687000036239624
YLR118C,YBL008W-A,0,-1.492563,0.19569119811058044,0.6539999842643738,0.2687999904155731
YJR149W,YJL173C,0,-1.4926611,0.195632666349411,0.6539999842643738,0.2689000070095062
YDL229W,YNL063W,1,-1.4926702,0.1958732008934021,0.6549999713897705,0.2689000070095062
YHR214C-C,YHR168W,0,-1.4930389,0.19581465423107147,0.6549999713897705,0.26899999380111694
YOR251C,YCR075W-A,0,-1.4930534,0.19575612246990204,0.6549999713897705,0.26910001039505005
YCR029C-A,YBR210W,0,-1.4931446,0.1956976354122162,0.6549999713897705,0.26919999718666077
YLL013C,YOR301W,0,-1.4931779,0.19563919305801392,0.6549999713897705,0.26930001378059387
YPR168W,YDR316W-B,0,-1.4933877,0.19558076560497284,0.6549999713897705,0.2694000005722046
YLR467W,YPR163C,0,-1.4935703,0.19552238285541534,0.6549999713897705,0.2694999873638153
YKR061W,YBL005W-B,0,-1.4935708,0.19546404480934143,0.6549999713897705,0.2696000039577484
YPL060C-A,YJR055W,0,-1.4936452,0.1954057216644287,0.6549999713897705,0.26969999074935913
YLR340W,YBR296C,0,-1.4938058,0.19534744322299957,0.6549999713897705,0.26980000734329224
YNL213C,YML028W,0,-1.493834,0.19528920948505402,0.6549999713897705,0.26989999413490295
YPR186C,YDL078C,0,-1.494013,0.19523100554943085,0.6549999713897705,0.27000001072883606
YIL150C,YDR155C,0,-1.4940318,0.19517283141613007,0.6549999713897705,0.2700999975204468
YGR168C,YOR335C,0,-1.494042,0.19511468708515167,0.6549999713897705,0.2702000141143799
YMR322C,YDR421W,0,-1.4940531,0.19505658745765686,0.6549999713897705,0.2703000009059906
YPL280W,YMR084W,0,-1.494056,0.19499851763248444,0.6549999713897705,0.2703999876976013
YLR312C-B,YDR044W,0,-1.4941721,0.1949404776096344,0.6549999713897705,0.2705000042915344
YCL048W-A,YKR093W,0,-1.49439,0.19488248229026794,0.6549999713897705,0.27059999108314514
YPR094W,YLR244C,0,-1.494424,0.19482450187206268,0.6549999713897705,0.27070000767707825
YLR070C,YDR210W-A,0,-1.4944448,0.1947665810585022,0.6549999713897705,0.27079999446868896
YOL103W-A,YCL074W,0,-1.4949744,0.1947086751461029,0.6549999713897705,0.27090001106262207
YGL140C,YLR256W,0,-1.495043,0.1946508139371872,0.6549999713897705,0.2709999978542328
YKL171W,YHR002W,0,-1.4952742,0.19459298253059387,0.6549999713897705,0.2711000144481659
YHR030C,YPR090W,0,-1.4953067,0.19453519582748413,0.6549999713897705,0.2712000012397766
YGR077C,YLR065C,0,-1.4953694,0.19447743892669678,0.6549999713897705,0.27129998803138733
YER069W,YGR138C,0,-1.495485,0.1944197118282318,0.6549999713897705,0.27140000462532043
YPR178W,YNL221C,0,-1.4956262,0.19436201453208923,0.6549999713897705,0.27149999141693115
YLR221C,YOR357C,0,-1.4956384,0.19430436193943024,0.6549999713897705,0.27160000801086426
YNL241C,YKL097W-A,0,-1.4961283,0.19424673914909363,0.6549999713897705,0.271699994802475
YLR256W-A,YHR134W,0,-1.4962213,0.1941891461610794,0.6549999713897705,0.2718000113964081
YKL025C,YDR542W,0,-1.4962986,0.19413159787654877,0.6549999713897705,0.2718999981880188
YNR055C,YDR098C-A,0,-1.4963068,0.19407407939434052,0.6549999713897705,0.2720000147819519
YKR017C,YJL127C-B,0,-1.4964652,0.19401659071445465,0.6549999713897705,0.2721000015735626
YDR245W,YPR158C-D,0,-1.4965484,0.19395913183689117,0.6549999713897705,0.27219998836517334
YNL249C,YFL042C,0,-1.4965613,0.19390171766281128,0.6549999713897705,0.27230000495910645
YJL062W-A,YHR126C,0,-1.4965961,0.19384433329105377,0.6549999713897705,0.27239999175071716
YPL052W-A,YML014W,1,-1.4967358,0.1940828412771225,0.656000018119812,0.27239999175071716
YOL075C,YNL026W,0,-1.496788,0.1940254420042038,0.656000018119812,0.27250000834465027
YEL071W,YMR231W,0,-1.4969866,0.19396807253360748,0.656000018119812,0.272599995136261
YBR200W-A,YBL019W,0,-1.4971269,0.19391073286533356,0.656000018119812,0.2727000117301941
YGL093W,YBR244W,0,-1.4971297,0.19385342299938202,0.656000018119812,0.2727999985218048
YPL252C,YGR128C,0,-1.4971366,0.19379615783691406,0.656000018119812,0.2728999853134155
YGR224W,YLR065C,0,-1.4971595,0.1937389224767685,0.656000018119812,0.27300000190734863
YNR023W,YML112W,0,-1.4973222,0.1936817169189453,0.656000018119812,0.27309998869895935
YEL071W,YDL160C-A,0,-1.497349,0.1936245560646057,0.656000018119812,0.27320000529289246
YML082W,YMR226C,0,-1.4974227,0.1935674250125885,0.656000018119812,0.2732999920845032
YBL029C-A,YNL322C,0,-1.4974968,0.19351032376289368,0.656000018119812,0.2734000086784363
YHR048W,YJR085C,0,-1.4976277,0.19345325231552124,0.656000018119812,0.273499995470047
YDR276C,YGL096W,0,-1.4977479,0.19339622557163239,0.656000018119812,0.2736000120639801
YKR017C,YHR079C,0,-1.4977502,0.19333922863006592,0.656000018119812,0.2736999988555908
YNR004W,YNL045W,0,-1.497781,0.19328226149082184,0.656000018119812,0.27379998564720154
YML121W,YGR094W,0,-1.4978807,0.19322532415390015,0.656000018119812,0.27390000224113464
YLR157C-B,YJR138W,0,-1.4979589,0.19316843152046204,0.656000018119812,0.27399998903274536
YDR516C,YGL249W,0,-1.4979922,0.1931115686893463,0.656000018119812,0.27410000562667847
YMR066W,YNR021W,0,-1.4981227,0.19305473566055298,0.656000018119812,0.2741999924182892
YIL064W,YLR009W,0,-1.4981687,0.19299794733524323,0.656000018119812,0.2743000090122223
YLR291C,YPR159W,0,-1.4984803,0.19294117391109467,0.656000018119812,0.274399995803833
YKL005C,YGL045W,0,-1.4985842,0.1928844451904297,0.656000018119812,0.2745000123977661
YMR223W,YLR083C,0,-1.4986331,0.1928277462720871,0.656000018119812,0.27459999918937683
YKR078W,YFR024C,0,-1.4987283,0.1927710771560669,0.656000018119812,0.27469998598098755
YNL046W,YDL074C,0,-1.4989264,0.19271445274353027,0.656000018119812,0.27480000257492065
YOR045W,YGL256W,0,-1.4990591,0.19265785813331604,0.656000018119812,0.27489998936653137
YLR391W-A,YPL231W,0,-1.4994124,0.1926012933254242,0.656000018119812,0.2750000059604645
YDR385W,YNL063W,1,-1.499516,0.19283828139305115,0.6570000052452087,0.2750000059604645
YNL124W,YLR154W-C,0,-1.4995373,0.19278168678283691,0.6570000052452087,0.2750999927520752
YJR131W,YJL225C,0,-1.4996022,0.19272513687610626,0.6570000052452087,0.2752000093460083
YMR235C,YMR296C,0,-1.4996196,0.192668616771698,0.6570000052452087,0.275299996137619
YCL001W-B,YLR340W,0,-1.4997723,0.19261214137077332,0.6570000052452087,0.2754000127315521
YAL034W-A,YDR210C-D,0,-1.4998096,0.19255568087100983,0.6570000052452087,0.27549999952316284
YLR165C,YLR410W-A,0,-1.4999055,0.19249926507472992,0.6570000052452087,0.27559998631477356
YDR137W,YNL138W-A,0,-1.4999199,0.1924428790807724,0.6570000052452087,0.27570000290870667
YOR060C,YNL191W,0,-1.4999403,0.19238652288913727,0.6570000052452087,0.2757999897003174
YNR032C-A,YJL176C,0,-1.499963,0.19233021140098572,0.6570000052452087,0.2759000062942505
YMR210W,YJL045W,0,-1.5000904,0.19227392971515656,0.6570000052452087,0.2759999930858612
YNL282W,YKL130C,0,-1.500188,0.19221767783164978,0.6570000052452087,0.2761000096797943
YLR292C,YPL063W,0,-1.5005531,0.1921614557504654,0.6570000052452087,0.27619999647140503
YOR192C-A,YGL060W,0,-1.5013835,0.1921052634716034,0.6570000052452087,0.27630001306533813
YKL078W,YDL160C-A,0,-1.5015395,0.19204911589622498,0.6570000052452087,0.27639999985694885
YNL213C,YPL235W,0,-1.5016506,0.19199298322200775,0.6570000052452087,0.27649998664855957
YNL247W,YML126C,0,-1.5016906,0.1919368952512741,0.6570000052452087,0.2766000032424927
YBR107C,YIL110W,0,-1.5017004,0.19188083708286285,0.6570000052452087,0.2766999900341034
YML061C,YGL107C,0,-1.5017211,0.19182482361793518,0.6570000052452087,0.2768000066280365
YDL130W,YDR333C,1,-1.5017433,0.1920607089996338,0.6579999923706055,0.2768000066280365
YHL019C,YLR154W-C,0,-1.5018746,0.19200466573238373,0.6579999923706055,0.2768999934196472
YER153C,YJL018W,0,-1.5018795,0.19194865226745605,0.6579999923706055,0.2770000100135803
YBL100W-A,YGR172C,0,-1.50193,0.19189268350601196,0.6579999923706055,0.27709999680519104
YGR254W,YBL029C-A,0,-1.5019926,0.19183672964572906,0.6579999923706055,0.27720001339912415
YMR073C,YGR245C,0,-1.5022231,0.19178082048892975,0.6579999923706055,0.27730000019073486
YPL246C,YMR235C,0,-1.5022551,0.19172494113445282,0.6579999923706055,0.2773999869823456
YDR542W,YKL168C,0,-1.5025728,0.19166909158229828,0.6579999923706055,0.2775000035762787
YER010C,YOR079C,0,-1.5026703,0.19161327183246613,0.6579999923706055,0.2775999903678894
YIL154C,YBR291C,0,-1.5031517,0.19155749678611755,0.6579999923706055,0.2777000069618225
YGR152C,YKL092C,0,-1.5032005,0.19150175154209137,0.6579999923706055,0.2777999937534332
YIL131C,YGR094W,0,-1.5032356,0.19144602119922638,0.6579999923706055,0.27790001034736633
YKL041W,YJL216C,0,-1.5032711,0.19139035046100616,0.6579999923706055,0.27799999713897705
YBR161W,YJL113W,0,-1.5032793,0.19133469462394714,0.6579999923706055,0.27810001373291016
YHR030C,YJL157C,0,-1.5033174,0.1912790685892105,0.6579999923706055,0.2782000005245209
YER023W,YDR141C,0,-1.5033586,0.19122348725795746,0.6579999923706055,0.2782999873161316
YMR228W,YGR287C,0,-1.5035062,0.1911679208278656,0.6579999923706055,0.2784000039100647
YDR380W,YBR276C,0,-1.5035645,0.19111239910125732,0.6579999923706055,0.2784999907016754
YKL024C,YMR274C,0,-1.5037807,0.19105690717697144,0.6579999923706055,0.2786000072956085
YDR179C,YBR093C,0,-1.5039428,0.19100144505500793,0.6579999923706055,0.27869999408721924
YGR208W,YGL029W,0,-1.504074,0.19094602763652802,0.6579999923706055,0.27880001068115234
YML076C,YDR210W-A,0,-1.504091,0.1908906251192093,0.6579999923706055,0.27889999747276306
YDR098C-A,YDR322W,0,-1.5040963,0.19083526730537415,0.6579999923706055,0.27900001406669617
YCL008C,YDR173C,0,-1.5041393,0.1907799392938614,0.6579999923706055,0.2791000008583069
YBR128C,YPR158C-D,0,-1.5041549,0.19072464108467102,0.6579999923706055,0.2791999876499176
YMR304W,YOR095C,0,-1.5041893,0.19066937267780304,0.6579999923706055,0.2793000042438507
YJR074W,YOR032W-A,0,-1.5043428,0.19061413407325745,0.6579999923706055,0.2793999910354614
YPL052W-A,YBR118W,1,-1.5043912,0.19084854423999786,0.6589999794960022,0.2793999910354614
YDR261C-D,YPL146C,0,-1.5045351,0.19079327583312988,0.6589999794960022,0.27950000762939453
YIL136W,YBR054W,0,-1.5047232,0.19073806703090668,0.6589999794960022,0.27959999442100525
YDR074W,YBL103C-A,0,-1.5052664,0.19068287312984467,0.6589999794960022,0.27970001101493835
YFR051C,YGR058W,0,-1.5052783,0.19062770903110504,0.6589999794960022,0.2797999978065491
YER156C,YPL087W,0,-1.5053744,0.190572589635849,0.6589999794960022,0.2799000144004822
YPR054W,YKL222C,0,-1.5053926,0.19051748514175415,0.6589999794960022,0.2800000011920929
YPL187W,YMR305C,0,-1.5054066,0.19046242535114288,0.6589999794960022,0.2800999879837036
YDL160C,YPL009C,1,-1.5056765,0.1906963288784027,0.6600000262260437,0.2800999879837036
YOR075W,YGL011C,0,-1.505792,0.19064125418663025,0.6600000262260437,0.2802000045776367
YHR010W,YBL045C,0,-1.5058699,0.19058619439601898,0.6600000262260437,0.28029999136924744
YLR242C,YCL057C-A,0,-1.50595,0.1905311793088913,0.6600000262260437,0.28040000796318054
YDL182W,YHR006W,0,-1.5060098,0.190476194024086,0.6600000262260437,0.28049999475479126
YMR295C,YHR098C,0,-1.506053,0.1904212385416031,0.6600000262260437,0.28060001134872437
YPL048W,YJR047C,1,-1.5060751,0.19065473973751068,0.6610000133514404,0.28060001134872437
YGR217W,YBR166C,0,-1.5061415,0.19059976935386658,0.6610000133514404,0.2806999981403351
YDR098C-A,YIL075C,0,-1.5061975,0.19054482877254486,0.6610000133514404,0.2808000147342682
YML014W,YMR024W,1,-1.5062907,0.19077809154987335,0.6620000004768372,0.2808000147342682
YNL227C,YOL103W-B,0,-1.5063746,0.19072313606739044,0.6620000004768372,0.2809000015258789
YDR541C,YMR297W,0,-1.5064074,0.19066819548606873,0.6620000004768372,0.2809999883174896
YDL208W,YPL119C,0,-1.5064082,0.1906132996082306,0.6620000004768372,0.28110000491142273
YOR363C,YPL152W,0,-1.5064476,0.19055843353271484,0.6620000004768372,0.28119999170303345
YJL114W,YPL202C,0,-1.5064688,0.19050359725952148,0.6620000004768372,0.28130000829696655
YLR141W,YOR058C,0,-1.5064986,0.1904487907886505,0.6620000004768372,0.28139999508857727
YDR393W,YPL030W,0,-1.5066302,0.19039401412010193,0.6620000004768372,0.2815000116825104
YOR001W,YCL021W-A,0,-1.5066917,0.19033928215503693,0.6620000004768372,0.2815999984741211
YAL003W,YPL052W,1,-1.5067097,0.19057200849056244,0.6629999876022339,0.2815999984741211
YHR018C,YIL143C,0,-1.5067165,0.19051724672317505,0.6629999876022339,0.2816999852657318
YOR034C,YJL137C,0,-1.5069774,0.19046251475811005,0.6629999876022339,0.2818000018596649
YAR044W,YBR056W,0,-1.50708,0.19040781259536743,0.6629999876022339,0.28189998865127563
YGR247W,YLR413W,0,-1.5071838,0.1903531402349472,0.6629999876022339,0.28200000524520874
YFL026W,YGR042W,0,-1.5071998,0.19029851257801056,0.6629999876022339,0.28209999203681946
YDL047W,YHR183W,0,-1.5072354,0.1902438998222351,0.6629999876022339,0.28220000863075256
YGR101W,YKL086W,0,-1.5074203,0.19018933176994324,0.6629999876022339,0.2822999954223633
YGL215W,YOR129C,0,-1.5076523,0.19013479351997375,0.6629999876022339,0.2824000120162964
YDR518W,YML036W,0,-1.507716,0.19008027017116547,0.6629999876022339,0.2824999988079071
YJR097W,YMR024W,1,-1.5077353,0.19031241536140442,0.6639999747276306,0.2824999988079071
YNR062C,YPL018W,0,-1.5077872,0.19025787711143494,0.6639999747276306,0.2825999855995178
YHR012W,YCL037C,0,-1.507818,0.19020338356494904,0.6639999747276306,0.2827000021934509
YDR484W,YOR389W,0,-1.507946,0.19014890491962433,0.6639999747276306,0.28279998898506165
YNL024C-A,YHL018W,0,-1.5079722,0.1900944709777832,0.6639999747276306,0.28290000557899475
YER069W,YER088C,0,-1.5084014,0.19004006683826447,0.6639999747276306,0.28299999237060547
YMR017W,YDR210W-A,0,-1.5085118,0.18998569250106812,0.6639999747276306,0.2831000089645386
YMR102C,YPR086W,0,-1.5085276,0.18993134796619415,0.6639999747276306,0.2831999957561493
YLR148W,YPR024W,0,-1.5085428,0.18987703323364258,0.6639999747276306,0.2833000123500824
YGR027W-B,YCL018W,0,-1.508571,0.18982276320457458,0.6639999747276306,0.2833999991416931
YJR104C,YGR292W,0,-1.5085984,0.18976850807666779,0.6639999747276306,0.28349998593330383
YPL014W,YOR215C,0,-1.5087392,0.18971428275108337,0.6639999747276306,0.28360000252723694
YKL034W,YAR071W,0,-1.5089977,0.18966010212898254,0.6639999747276306,0.28369998931884766
YDR476C,YPL112C,0,-1.5090224,0.1896059364080429,0.6639999747276306,0.28380000591278076
YLR249W,YPL052W-A,1,-1.5090358,0.1898372769355774,0.6650000214576721,0.28380000591278076
YLR035C-A,YMR244W,0,-1.5090469,0.18978311121463776,0.6650000214576721,0.2838999927043915
YNL010W,YOR083W,0,-1.509351,0.18972896039485931,0.6650000214576721,0.2840000092983246
YPR090W,YGR034W,0,-1.5094886,0.18967483937740326,0.6650000214576721,0.2840999960899353
YLR077W,YJL113W,0,-1.5095081,0.1896207630634308,0.6650000214576721,0.2842000126838684
YBL059C-A,YEL036C,0,-1.5095168,0.1895667016506195,0.6650000214576721,0.2842999994754791
YCL074W,YLR410W-A,0,-1.5098515,0.1895126849412918,0.6650000214576721,0.28439998626708984
YCR010C,YPR158W-A,0,-1.5099523,0.1894586831331253,0.6650000214576721,0.28450000286102295
YPL259C,YGL185C,0,-1.5103468,0.18940472602844238,0.6650000214576721,0.28459998965263367
YNL103W,YBR109C,0,-1.5104461,0.18935079872608185,0.6650000214576721,0.2847000062465668
YDL225W,YLR154W-C,0,-1.510458,0.1892969012260437,0.6650000214576721,0.2847999930381775
YML085C,YGL210W-A,0,-1.510556,0.18924303352832794,0.6650000214576721,0.2849000096321106
YDR170W-A,YGR042W,0,-1.5106001,0.18918919563293457,0.6650000214576721,0.2849999964237213
YJL193W,YKL211C,0,-1.5107818,0.1891353875398636,0.6650000214576721,0.2851000130176544
YFR018C,YJL151C,0,-1.5108209,0.189081609249115,0.6650000214576721,0.28519999980926514
YCR029C-A,YJR033C,0,-1.510851,0.18902786076068878,0.6650000214576721,0.28529998660087585
YLR272C,YJL128C,0,-1.5108585,0.18897414207458496,0.6650000214576721,0.28540000319480896
YNR032C-A,YML086C,0,-1.5109997,0.18892045319080353,0.6650000214576721,0.2854999899864197
YAL018C,YML052W,0,-1.5110801,0.18886679410934448,0.6650000214576721,0.2856000065803528
YPR075C,YLL016W,0,-1.5113041,0.18881317973136902,0.6650000214576721,0.2856999933719635
YEL034W,YGR201C,1,-1.511353,0.18904343247413635,0.6660000085830688,0.2856999933719635
YNL183C,YMR159C,0,-1.5113633,0.1889897882938385,0.6660000085830688,0.2858000099658966
YGL227W,YKR049C,0,-1.5114057,0.18893617391586304,0.6660000085830688,0.2858999967575073
YFL020C,YLR218C,0,-1.5116651,0.18888258934020996,0.6660000085830688,0.28600001335144043
YBR054W,YKR080W,0,-1.5117102,0.18882903456687927,0.6660000085830688,0.28610000014305115
YMR074C,YER048W-A,0,-1.5117426,0.18877550959587097,0.6660000085830688,0.28619998693466187
YER159C-A,YLR382C,0,-1.5122192,0.18872201442718506,0.6660000085830688,0.28630000352859497
YIL105C,YKR080W,0,-1.5123135,0.18866854906082153,0.6660000085830688,0.2863999903202057
YDR109C,YGL166W,0,-1.5124794,0.1886151283979416,0.6660000085830688,0.2865000069141388
YPR159W,YOL145C,0,-1.5129905,0.18856172263622284,0.6660000085830688,0.2865999937057495
YOR307C,YIL125W,0,-1.5130376,0.18850834667682648,0.6660000085830688,0.2867000102996826
YPR158C-D,YOR329C,0,-1.513043,0.1884550154209137,0.6660000085830688,0.28679999709129333
YLR250W,YOL103W-A,0,-1.5131559,0.1884016990661621,0.6660000085830688,0.28690001368522644
YHR158C,YOR343W-A,0,-1.5133045,0.1883484125137329,0.6660000085830688,0.28700000047683716
YBL095W,YOR288C,0,-1.5134015,0.1882951706647873,0.6660000085830688,0.2870999872684479
YPL060C-A,YDR245W,0,-1.5134342,0.18824194371700287,0.6660000085830688,0.287200003862381
YLR364W,YLR099W-A,0,-1.5134423,0.18818874657154083,0.6660000085830688,0.2872999906539917
YGR127W,YKL186C,0,-1.5135273,0.18813559412956238,0.6660000085830688,0.2874000072479248
YJL162C,YMR114C,0,-1.5135889,0.18808245658874512,0.6660000085830688,0.2874999940395355
YLR430W,YDR098C-A,0,-1.5136327,0.18802936375141144,0.6660000085830688,0.28760001063346863
YPL171C,YBL058W,0,-1.513634,0.18797628581523895,0.6660000085830688,0.28769999742507935
YNL238W,YKL032C,0,-1.5136482,0.18792325258255005,0.6660000085830688,0.28780001401901245
YKL191W,YDR333C,1,-1.513653,0.18815232813358307,0.6669999957084656,0.28780001401901245
YOR308C,YLL066C,0,-1.5136576,0.18809926509857178,0.6669999957084656,0.28790000081062317
YLR151C,YML096W,0,-1.5137665,0.18804623186588287,0.6669999957084656,0.2879999876022339
YKL189W,YOR363C,0,-1.5138693,0.18799322843551636,0.6669999957084656,0.288100004196167
YPR022C,YCL003W,0,-1.5139749,0.18794026970863342,0.6669999957084656,0.2881999909877777
YOR236W,YEL071W,0,-1.5140703,0.18788732588291168,0.6669999957084656,0.2883000075817108
YPL015C,YGL209W,0,-1.5140724,0.18783441185951233,0.6669999957084656,0.28839999437332153
YDL208W,YPL082C,0,-1.5141028,0.18778152763843536,0.6669999957084656,0.28850001096725464
YDR170W-A,YDR135C,0,-1.514444,0.1877286732196808,0.6669999957084656,0.28859999775886536
YLR179C,YNR001C,0,-1.5144744,0.1876758635044098,0.6669999957084656,0.28870001435279846
YER147C,YDR265W,0,-1.5147015,0.1876230686903,0.6669999957084656,0.2888000011444092
YBL103C,YIL091C,0,-1.514745,0.18757030367851257,0.6669999957084656,0.2888999879360199
YGR272C,YJR096W,0,-1.5148587,0.18751756846904755,0.6669999957084656,0.289000004529953
YMR094W,YIR037W,0,-1.5148778,0.1874648630619049,0.6669999957084656,0.2890999913215637
YDR176W,YHR210C,0,-1.5151016,0.18741218745708466,0.6669999957084656,0.2892000079154968
YOL009C,YAR015W,0,-1.515194,0.18735955655574799,0.6669999957084656,0.28929999470710754
YCL048W-A,YAL027W,0,-1.5152884,0.1873069405555725,0.6669999957084656,0.28940001130104065
YER076C,YBL091C,0,-1.5153041,0.18725435435771942,0.6669999957084656,0.28949999809265137
YNL148C,YDL160C-A,0,-1.5154456,0.18720179796218872,0.6669999957084656,0.2896000146865845
YIL130W,YLR133W,0,-1.5155118,0.1871492713689804,0.6669999957084656,0.2897000014781952
YNL213C,YCL032W,0,-1.5156245,0.18709677457809448,0.6669999957084656,0.2897999882698059
YEL016C,YDR210C-D,0,-1.5156649,0.18704430758953094,0.6669999957084656,0.289900004863739
YGR046W,YBL039W-A,0,-1.5157535,0.1869918704032898,0.6669999957084656,0.28999999165534973
YKL191W,YGR201C,1,-1.5157797,0.18721972405910492,0.6679999828338623,0.28999999165534973
YIR024C,YDR454C,0,-1.5158341,0.18716727197170258,0.6679999828338623,0.29010000824928284
YJL001W,YCR007C,0,-1.516039,0.18711484968662262,0.6679999828338623,0.29019999504089355
YKL191W,YLR143W,1,-1.5160632,0.18734247982501984,0.6690000295639038,0.29019999504089355
YDR492W,YLR310C,0,-1.5160841,0.1872900277376175,0.6690000295639038,0.29030001163482666
YLR070C,YNL112W,0,-1.516283,0.18723762035369873,0.6690000295639038,0.2903999984264374
YML067C,YNR060W,0,-1.5162989,0.18718522787094116,0.6690000295639038,0.2904999852180481
YNL227C,YOL058W,0,-1.5163263,0.18713286519050598,0.6690000295639038,0.2906000018119812
YNL209W,YGR169C-C,1,-1.5163499,0.18736018240451813,0.6700000166893005,0.2906000018119812
YMR272W-B,YJR065C,0,-1.5164058,0.18730780482292175,0.6700000166893005,0.2906999886035919
YER064C,YMR157C,0,-1.5165365,0.18725545704364777,0.6700000166893005,0.290800005197525
YBR041W,YFR018C,0,-1.5165606,0.18720312416553497,0.6700000166893005,0.29089999198913574
YHL047C,YNR023W,0,-1.5165671,0.18715083599090576,0.6700000166893005,0.29100000858306885
YGR169C-C,YPL048W,1,-1.5165806,0.18737782537937164,0.6710000038146973,0.29100000858306885
YGR169C-C,YHR064C,1,-1.5166171,0.18760469555854797,0.671999990940094,0.29100000858306885
YBR179C,YGR169C-C,0,-1.5167468,0.1875523328781128,0.671999990940094,0.29109999537467957
YGR169C-C,YMR024W,1,-1.5167737,0.1877790242433548,0.6729999780654907,0.29109999537467957
YGR169C-C,YLR249W,1,-1.5167913,0.18800558149814606,0.6740000247955322,0.29109999537467957
YDL210W,YPR183W,0,-1.5167949,0.1879531443119049,0.6740000247955322,0.29120001196861267
YKL190W,YJL133C-A,0,-1.5168047,0.18790075182914734,0.6740000247955322,0.2912999987602234
YGR169C-C,YOR187W,1,-1.5168302,0.1881270855665207,0.675000011920929,0.2912999987602234
YMR256C,YHR146W,0,-1.5169988,0.18807467818260193,0.675000011920929,0.2913999855518341
YGR169C-C,YLR150W,1,-1.5171221,0.18830083310604095,0.6759999990463257,0.2913999855518341
YBL058W,YGL209W,0,-1.5171547,0.1882483959197998,0.6759999990463257,0.2915000021457672
YNR058W,YKL219W,0,-1.5173209,0.18819598853588104,0.6759999990463257,0.29159998893737793
YJR123W,YLR391W,0,-1.5174206,0.18814361095428467,0.6759999990463257,0.29170000553131104
YDL229W,YGR169C-C,1,-1.5174652,0.1883694976568222,0.6769999861717224,0.29170000553131104
YGR169C-C,YLR069C,1,-1.5175154,0.1885952651500702,0.6779999732971191,0.29170000553131104
YMR247C,YPL052W,1,-1.5178602,0.18882091343402863,0.6790000200271606,0.29170000553131104
YNL024C-A,YPR184W,0,-1.5179486,0.1887684166431427,0.6790000200271606,0.29179999232292175
YBR075W,YOL110W,0,-1.5179902,0.18871594965457916,0.6790000200271606,0.29190000891685486
YGR169C-C,YKL081W,1,-1.5181456,0.1889413744211197,0.6800000071525574,0.29190000891685486
YML014W,YLR429W,0,-1.5182612,0.18888889253139496,0.6800000071525574,0.2919999957084656
YGR169C-C,YOL039W,1,-1.5184522,0.18911413848400116,0.6809999942779541,0.2919999957084656
YPL052W-A,YLR172C,1,-1.5184996,0.18933925032615662,0.6819999814033508,0.2919999957084656
YIL065C,YBR093C,0,-1.5185082,0.1892867088317871,0.6819999814033508,0.2921000123023987
YPL065W,YFL006W,0,-1.5186749,0.1892341822385788,0.6819999814033508,0.2921999990940094
YGR169C-C,YBR118W,1,-1.5187764,0.18945908546447754,0.6830000281333923,0.2921999990940094
YJL155C,YJR027W,0,-1.5189085,0.18940654397010803,0.6830000281333923,0.2922999858856201
YDL106C,YNL075W,0,-1.5190034,0.1893540322780609,0.6830000281333923,0.2924000024795532
YGR169C-C,YOR133W,1,-1.519093,0.18957871198654175,0.6840000152587891,0.2924000024795532
YGR285C,YGR169C-C,1,-1.5191662,0.18980327248573303,0.6850000023841858,0.2924000024795532
YPL146C,YPR042C,0,-1.5191734,0.18975068628787994,0.6850000023841858,0.29249998927116394
YNL075W,YIL167W,0,-1.5193179,0.18969814479351044,0.6850000023841858,0.29260000586509705
YBR228W,YDL160C-A,0,-1.5193329,0.18964563310146332,0.6850000023841858,0.29269999265670776
YGR104C,YBL068W,0,-1.5195117,0.1895931363105774,0.6850000023841858,0.29280000925064087
YDR155C,YKL144C,0,-1.5197436,0.18954066932201385,0.6850000023841858,0.2928999960422516
YHL047C,YKR049C,0,-1.5197562,0.1894882470369339,0.6850000023841858,0.2930000126361847
YLR178C,YDR170C,0,-1.5198103,0.18943583965301514,0.6850000023841858,0.2930999994277954
YPR158C-D,YPL130W,0,-1.5198258,0.18938346207141876,0.6850000023841858,0.29319998621940613
YKL191W,YGR169C-C,1,-1.5198476,0.18960751593112946,0.6859999895095825,0.29319998621940613
YAL003W,YGR169C-C,1,-1.5199462,0.1898314505815506,0.6869999766349792,0.29319998621940613
YGL195W,YPL009C,1,-1.5200078,0.190055251121521,0.6880000233650208,0.29319998621940613
YLR222C,YBR054W,0,-1.5200502,0.19000275433063507,0.6880000233650208,0.29330000281333923
YGR038C-B,YGR282C,0,-1.5201399,0.18995030224323273,0.6880000233650208,0.29339998960494995
YDR234W,YGR169C-C,0,-1.5201983,0.18989787995815277,0.6880000233650208,0.29350000619888306
YGR142W,YKR095W,0,-1.5202041,0.189845472574234,0.6880000233650208,0.2935999929904938
YEL034W,YGR169C-C,1,-1.5203204,0.19006896018981934,0.6890000104904175,0.2935999929904938
YPR186C,YOR136W,0,-1.520391,0.19001655280590057,0.6890000104904175,0.2937000095844269
YMR180C,YPR017C,0,-1.5205703,0.189964160323143,0.6890000104904175,0.2937999963760376
YDL161W,YPR100W,0,-1.5206192,0.18991179764270782,0.6890000104904175,0.2939000129699707
YGR171C,YKL038W,0,-1.5208437,0.18985946476459503,0.6890000104904175,0.2939999997615814
YML037C,YLR033W,0,-1.5208743,0.18980716168880463,0.6890000104904175,0.29409998655319214
YBR111W-A,YHL009W-B,0,-1.5209918,0.1897548884153366,0.6890000104904175,0.29420000314712524
YGR169C-C,YIL103W,1,-1.5210648,0.1899779736995697,0.6899999976158142,0.29420000314712524
YFR008W,YDR218C,0,-1.5210788,0.1899256855249405,0.6899999976158142,0.29429998993873596
YOR215C,YPL258C,0,-1.5211744,0.18987341225147247,0.6899999976158142,0.29440000653266907
YMR209C,YLL016W,0,-1.5213547,0.18982118368148804,0.6899999976158142,0.2944999933242798
YPL052W-A,YOR133W,1,-1.5214436,0.19004400074481964,0.6909999847412109,0.2944999933242798
YLR172C,YML014W,1,-1.52146,0.1902666985988617,0.6919999718666077,0.2944999933242798
YPL011C,YJR050W,0,-1.5214729,0.19021441042423248,0.6919999718666077,0.2946000099182129
YBL095W,YKR064W,0,-1.5214938,0.19016213715076447,0.6919999718666077,0.2946999967098236
YOR241W,YBL008W-A,0,-1.5216455,0.19010989367961884,0.6919999718666077,0.2948000133037567
YLR172C,YKR084C,1,-1.5217407,0.1903323233127594,0.6930000185966492,0.2948000133037567
YER004W,YBR039W,0,-1.5217742,0.19028006494045258,0.6930000185966492,0.29490000009536743
YDL097C,YGL210W-A,0,-1.5219611,0.19022783637046814,0.6930000185966492,0.29499998688697815
YGL169W,YNL236W,0,-1.521973,0.1901756376028061,0.6930000185966492,0.29510000348091125
YOR004W,YHR199C,0,-1.5220193,0.19012345373630524,0.6930000185966492,0.295199990272522
YBR062C,YFL035C,0,-1.522027,0.19007131457328796,0.6930000185966492,0.2953000068664551
YGL230C,YNL155W,0,-1.5220273,0.19001919031143188,0.6930000185966492,0.2953999936580658
YGL150C,YIL172C,0,-1.522078,0.1899671107530594,0.6930000185966492,0.2955000102519989
YPR189W,YBL008W-A,0,-1.5222027,0.18991504609584808,0.6930000185966492,0.2955999970436096
YAR009C,YLR179C,0,-1.5222521,0.18986301124095917,0.6930000185966492,0.2957000136375427
YIL011W,YLR422W,0,-1.5223237,0.18981100618839264,0.6930000185966492,0.29580000042915344
YGR169C-C,YNL067W,0,-1.5224905,0.1897590309381485,0.6930000185966492,0.29589998722076416
YDR382W,YGR169C-C,1,-1.5227958,0.18998083472251892,0.6940000057220459,0.29589998722076416
YMR229C,YPR137C-B,0,-1.5228188,0.1899288445711136,0.6940000057220459,0.29600000381469727
YPL065W,YHR019C,0,-1.5228925,0.18987688422203064,0.6940000057220459,0.296099990606308
YKL013C,YPL088W,0,-1.5229138,0.1898249387741089,0.6940000057220459,0.2962000072002411
YBL101W-B,YIL038C,0,-1.523001,0.18977303802967072,0.6940000057220459,0.2962999939918518
YCR018C,YOR032W-A,0,-1.5230318,0.18972115218639374,0.6940000057220459,0.2964000105857849
YIL066C,YDL083C,0,-1.5231442,0.18966931104660034,0.6940000057220459,0.29649999737739563
YJR124C,YOR229W,0,-1.5232681,0.18961748480796814,0.6940000057220459,0.29660001397132874
YGR224W,YLR344W,0,-1.5233691,0.18956568837165833,0.6940000057220459,0.29670000076293945
YGR169C-C,YLR172C,1,-1.5234067,0.18978700041770935,0.6949999928474426,0.29670000076293945
YJR005W,YDR251W,0,-1.5235765,0.18973518908023834,0.6949999928474426,0.29679998755455017
YMR095C,YER065C,0,-1.5236655,0.18968340754508972,0.6949999928474426,0.2969000041484833
YML015C,YJR049C,0,-1.5237498,0.1896316558122635,0.6949999928474426,0.296999990940094
YDR370C,YIL017W,0,-1.5238397,0.18957991898059845,0.6949999928474426,0.2971000075340271
YLR055C,YCR075W-A,0,-1.5239627,0.189528226852417,0.6949999928474426,0.2971999943256378
YGL247W,YBR282W,0,-1.5240877,0.18947654962539673,0.6949999928474426,0.2973000109195709
YDR382W,YPL009C,1,-1.5241052,0.18969745934009552,0.6959999799728394,0.2973000109195709
YPL047W,YGR282C,0,-1.5241349,0.18964578211307526,0.6959999799728394,0.29739999771118164
YJR073C,YER030W,0,-1.524163,0.1895941197872162,0.6959999799728394,0.29750001430511475
YBL059C-A,YER088C,0,-1.5242404,0.1895424872636795,0.6959999799728394,0.29760000109672546
YKR070W,YNR065C,0,-1.5242474,0.1894908845424652,0.6959999799728394,0.2976999878883362
YGL219C,YDR384C,0,-1.5243984,0.1894392967224121,0.6959999799728394,0.2978000044822693
YNL320W,YFL043C,0,-1.5245898,0.1893877536058426,0.6959999799728394,0.29789999127388
YDR033W,YOR343W-A,0,-1.5246518,0.18933624029159546,0.6959999799728394,0.2980000078678131
YIL102C-A,YLL003W,0,-1.5247382,0.18928474187850952,0.6959999799728394,0.29809999465942383
YOR054C,YJL212C,0,-1.5247626,0.18923327326774597,0.6959999799728394,0.29820001125335693
YBL005W-B,YDR079C-A,0,-1.5248452,0.189181849360466,0.6959999799728394,0.29829999804496765
YPR071W,YGR140W,0,-1.5249453,0.18913044035434723,0.6959999799728394,0.29840001463890076
YKL015W,YKR095W,0,-1.5250518,0.18907906115055084,0.6959999799728394,0.2985000014305115
YLR160C,YCL003W,0,-1.5251142,0.18902769684791565,0.6959999799728394,0.2985999882221222
YCR075W-A,YEL013W,0,-1.525171,0.18897637724876404,0.6959999799728394,0.2987000048160553
YHR002W,YOR192C-A,0,-1.5252162,0.18892508745193481,0.6959999799728394,0.298799991607666
YER180C,YBR257W,0,-1.5252705,0.18887381255626678,0.6959999799728394,0.2989000082015991
YGR270W,YPL198W,0,-1.5254314,0.18882256746292114,0.6959999799728394,0.29899999499320984
YHR039C-B,YOR147W,0,-1.5255018,0.1887713521718979,0.6959999799728394,0.29910001158714294
YBL014C,YDL156W,0,-1.5256919,0.18872016668319702,0.6959999799728394,0.29919999837875366
YDL106C,YJL158C,0,-1.525779,0.18866901099681854,0.6959999799728394,0.2992999851703644
YOR005C,YHR105W,0,-1.5258032,0.18861788511276245,0.6959999799728394,0.2994000017642975
YHL008C,YOR295W,0,-1.5259866,0.18856678903102875,0.6959999799728394,0.2994999885559082
YLR303W,YJR032W,0,-1.526027,0.18851570785045624,0.6959999799728394,0.2996000051498413
YBR244W,YBL100W-A,0,-1.5261021,0.18846465647220612,0.6959999799728394,0.299699991941452
YKL182W,YGR042W,0,-1.5262727,0.18841364979743958,0.6959999799728394,0.29980000853538513
YDR476C,YDR483W,0,-1.5263106,0.18836265802383423,0.6959999799728394,0.29989999532699585
YPL134C,YHR202W,0,-1.5263453,0.18831168115139008,0.6959999799728394,0.30000001192092896
YML018C,YKL097W-A,0,-1.526356,0.1882607489824295,0.6959999799728394,0.3000999987125397
YBR246W,YIL103W,1,-1.5263608,0.18848025798797607,0.6970000267028809,0.3000999987125397
YOL081W,YMR128W,0,-1.5263691,0.1884293109178543,0.6970000267028809,0.3001999855041504
YPL280W,YGL049C,0,-1.526428,0.18837837874889374,0.6970000267028809,0.3003000020980835
YOR182C,YNL339C,0,-1.5265301,0.18832747638225555,0.6970000267028809,0.3003999888896942
YKL199C,YNR061C,0,-1.5266159,0.18827660381793976,0.6970000267028809,0.3005000054836273
YLR445W,YJL204C,0,-1.5266336,0.18822576105594635,0.6970000267028809,0.30059999227523804
YER139C,YBL039W-B,0,-1.5266639,0.18817494809627533,0.6970000267028809,0.30070000886917114
YMR155W,YOR384W,0,-1.526673,0.1881241500377655,0.6970000267028809,0.30079999566078186
YLR173W,YKL149C,0,-1.5268899,0.18807339668273926,0.6970000267028809,0.30090001225471497
YCR037C,YLL001W,0,-1.5270697,0.1880226582288742,0.6970000267028809,0.3009999990463257
YLR143W,YMR024W,1,-1.5270784,0.188241645693779,0.6980000138282776,0.3009999990463257
YPL002C,YOL059W,0,-1.5271549,0.18819089233875275,0.6980000138282776,0.3010999858379364
YCL001W-B,YKL216W,0,-1.5271773,0.1881401687860489,0.6980000138282776,0.3012000024318695
YFR008W,YKR059W,0,-1.5272448,0.18808946013450623,0.6980000138282776,0.3012999892234802
YGR169C-C,YBL071W-A,1,-1.5272946,0.18830819427967072,0.6990000009536743,0.3012999892234802
YDR261C-C,YJR074W,0,-1.5273869,0.18825747072696686,0.6990000009536743,0.30140000581741333
YNR001C,YAL003W,0,-1.5273945,0.18820679187774658,0.6990000009536743,0.30149999260902405
YGR169C-C,YDL081C,1,-1.5274295,0.18842530250549316,0.699999988079071,0.30149999260902405
YPL169C,YPL211W,0,-1.5274343,0.1883745938539505,0.699999988079071,0.30160000920295715
YGR169C-C,YJR097W,1,-1.527599,0.18859295547008514,0.7009999752044678,0.30160000920295715
YFR044C,YPR068C,0,-1.5276037,0.1885422319173813,0.7009999752044678,0.30169999599456787
YCR100C,YBR100W,0,-1.5276179,0.18849152326583862,0.7009999752044678,0.301800012588501
YDR324C,YBL089W,0,-1.5276668,0.18844085931777954,0.7009999752044678,0.3018999993801117
YGR169C-C,YPL052W-A,1,-1.5278267,0.1886589676141739,0.7020000219345093,0.3018999993801117
YDR109C,YDL066W,0,-1.5278337,0.18860827386379242,0.7020000219345093,0.3019999861717224
YBR104W,YPL082C,0,-1.5278953,0.18855760991573334,0.7020000219345093,0.3021000027656555
YDL165W,YKL222C,0,-1.5279038,0.18850697576999664,0.7020000219345093,0.30219998955726624
YLR406C-A,YOL034W,0,-1.5281439,0.18845637142658234,0.7020000219345093,0.30230000615119934
YMR195W,YLR256W-A,0,-1.5283273,0.18840579688549042,0.7020000219345093,0.30239999294281006
YNL029C,YIL049W,0,-1.5284073,0.1883552521467209,0.7020000219345093,0.30250000953674316
YLR291C,YGR027W-B,0,-1.5286939,0.18830472230911255,0.7020000219345093,0.3025999963283539
YOR369C,YHR126C,0,-1.5287151,0.1882542222738266,0.7020000219345093,0.302700012922287
YDR345C,YPL161C,0,-1.5287626,0.18820375204086304,0.7020000219345093,0.3027999997138977
YOR156C,YIL017W,0,-1.5288385,0.18815331161022186,0.7020000219345093,0.3028999865055084
YDR525W-A,YPR193C,0,-1.5290241,0.18810290098190308,0.7020000219345093,0.30300000309944153
YGL083W,YLR132C,0,-1.5290506,0.18805250525474548,0.7020000219345093,0.30309998989105225
YLR403W,YKL175W,0,-1.5292125,0.18800213932991028,0.7020000219345093,0.30320000648498535
YKL158W,YHR202W,0,-1.5293072,0.18795180320739746,0.7020000219345093,0.30329999327659607
YML099C,YHR113W,0,-1.5293114,0.18790149688720703,0.7020000219345093,0.3034000098705292
YAL012W,YCL051W,0,-1.5294664,0.187851220369339,0.7020000219345093,0.3034999966621399
YPL041C,YKL200C,0,-1.5294784,0.18780095875263214,0.7020000219345093,0.303600013256073
YOR158W,YOR334W,0,-1.529535,0.18775074183940887,0.7020000219345093,0.3037000000476837
YCL001W-A,YIL128W,0,-1.5296535,0.1877005398273468,0.7020000219345093,0.30379998683929443
YOR141C,YDR173C,0,-1.5297253,0.18765036761760712,0.7020000219345093,0.30390000343322754
YPL052W-A,YIL103W,1,-1.5298136,0.1878674477338791,0.703000009059906,0.30390000343322754
YKR095W,YLR335W,0,-1.5298867,0.1878172606229782,0.703000009059906,0.30399999022483826
YDR345C,YMR031C,0,-1.5300732,0.18776708841323853,0.703000009059906,0.30410000681877136
YLR172C,YJR097W,1,-1.530115,0.18798397481441498,0.7039999961853027,0.30410000681877136
YPL048W,YDR266C,1,-1.5301244,0.18820074200630188,0.7049999833106995,0.30410000681877136
YLR249W,YNL063W,1,-1.5302457,0.18841740489006042,0.7059999704360962,0.30410000681877136
YKL072W,YER094C,0,-1.5303392,0.18836712837219238,0.7059999704360962,0.3041999936103821
YLR443W,YNL095C,0,-1.5303478,0.18831688165664673,0.7059999704360962,0.3043000102043152
YGR169C-C,YML014W,1,-1.5303671,0.18853333592414856,0.7070000171661377,0.3043000102043152
YJL065C,YCR018C,0,-1.5306932,0.1884830743074417,0.7070000171661377,0.3043999969959259
YDR261W-A,YMR241W,0,-1.5308293,0.18843284249305725,0.7070000171661377,0.304500013589859
YNL183C,YMR202W,0,-1.530889,0.18838262557983398,0.7070000171661377,0.3046000003814697
YNL024C-A,YJR109C,0,-1.5309622,0.1883324384689331,0.7070000171661377,0.30469998717308044
YKR099W,YDR210C-D,0,-1.5310214,0.1882822960615158,0.7070000171661377,0.30480000376701355
YLR391W,YOL073C,0,-1.5312259,0.1882321685552597,0.7070000171661377,0.30489999055862427
YMR172W,YAL034C,0,-1.531411,0.1881820559501648,0.7070000171661377,0.3050000071525574
YER108C,YNL010W,0,-1.5314488,0.18813198804855347,0.7070000171661377,0.3050999939441681
YBL059C-A,YLR208W,0,-1.5315138,0.18808193504810333,0.7070000171661377,0.3052000105381012
YBL059C-A,YNL164C,0,-1.5315948,0.18803191184997559,0.7070000171661377,0.3052999973297119
YHR210C,YJL089W,0,-1.5316169,0.18798191845417023,0.7070000171661377,0.305400013923645
YPL014W,YPL149W,0,-1.5317934,0.18793195486068726,0.7070000171661377,0.30550000071525574
YIL143C,YJL045W,0,-1.5318302,0.18788200616836548,0.7070000171661377,0.30559998750686646
YKL139W,YMR262W,0,-1.5318358,0.1878320872783661,0.7070000171661377,0.30570000410079956
YIR022W,YLR287C,0,-1.5318685,0.1877821981906891,0.7070000171661377,0.3057999908924103
YEL034W,YKL149C,0,-1.5320001,0.18773233890533447,0.7070000171661377,0.3059000074863434
YKL087C,YDR013W,0,-1.5322505,0.18768250942230225,0.7070000171661377,0.3059999942779541
YML078W,YMR308C,0,-1.5322744,0.1876326948404312,0.7070000171661377,0.3061000108718872
YCL005W-A,YMR173W,0,-1.5325177,0.18758291006088257,0.7070000171661377,0.3061999976634979
YPR144C,YMR052W,0,-1.5325553,0.1875331550836563,0.7070000171661377,0.30630001425743103
YHR003C,YLR005W,0,-1.5326042,0.18748342990875244,0.7070000171661377,0.30640000104904175
YGR250C,YLL011W,0,-1.5327698,0.18743371963500977,0.7070000171661377,0.30649998784065247
YNL238W,YMR270C,0,-1.5327854,0.18738403916358948,0.7070000171661377,0.30660000443458557
YHR214W-G,YMR156C,0,-1.5327878,0.18733438849449158,0.7070000171661377,0.3066999912261963
YHR214W-G,YJL065C,0,-1.5327878,0.18728476762771606,0.7070000171661377,0.3068000078201294
YPL052W-A,YLR143W,1,-1.5327878,0.1875,0.7080000042915344,0.3068000078201294
YOR343C-A,YDR256C,0,-1.5327878,0.1874503642320633,0.7080000042915344,0.3068999946117401
YPL240C,YJR107C-A,0,-1.5327878,0.18740074336528778,0.7080000042915344,0.3070000112056732
YGR169C-C,YDR333C,1,-1.5327878,0.187615767121315,0.7089999914169312,0.3070000112056732
YBL023C,YDR210W-D,0,-1.5327878,0.1875661313533783,0.7089999914169312,0.30709999799728394
YBL039W-A,YPL279C,0,-1.5327878,0.18751652538776398,0.7089999914169312,0.30720001459121704
YGR169C-C,YDR266C,1,-1.5327878,0.18773135542869568,0.7099999785423279,0.30720001459121704
YHL042W,YCR029C-A,0,-1.5327878,0.18768173456192017,0.7099999785423279,0.30730000138282776
YGR169C-C,YGR201C,1,-1.5327878,0.18789640069007874,0.7110000252723694,0.30730000138282776
YKR099C-A,YBR266C,0,-1.5327878,0.18784676492214203,0.7110000252723694,0.3073999881744385
YMR223W,YOR343C-A,0,-1.5327878,0.18779714405536652,0.7110000252723694,0.3075000047683716
YOR343C-A,YHR004C,0,-1.5327878,0.1877475529909134,0.7110000252723694,0.3075999915599823
YDL161W,YDR210W-C,0,-1.5327878,0.18769799172878265,0.7110000252723694,0.3077000081539154
YGR169C-C,YLR143W,1,-1.5327878,0.18791237473487854,0.7120000123977661,0.3077000081539154
YBL029C-A,YPR090W,0,-1.5327878,0.1878627985715866,0.7120000123977661,0.3077999949455261
YDR210W-C,YML015C,0,-1.5327878,0.18781323730945587,0.7120000123977661,0.30790001153945923
YKL214C,YJR107C-A,0,-1.5327878,0.18776370584964752,0.7120000123977661,0.30799999833106995
YMR268W-A,YJL163C,0,-1.5327878,0.18771420419216156,0.7120000123977661,0.30809998512268066
YGR169C-C,YGR169C-A,1,-1.5327878,0.18792830407619476,0.7129999995231628,0.30809998512268066
YHR214W-G,YLR223C,0,-1.5327878,0.1878787875175476,0.7129999995231628,0.30820000171661377
YPL052W-A,YDR266C,1,-1.5327878,0.18809272348880768,0.7139999866485596,0.30820000171661377
YOR343C-B,YKL041W,0,-1.5327878,0.18804319202899933,0.7139999866485596,0.3082999885082245
YDL211C,YBL103C-A,0,-1.5327878,0.18799367547035217,0.7139999866485596,0.3084000051021576
YDR109C,YBL103C-A,0,-1.5327878,0.1879441887140274,0.7139999866485596,0.3084999918937683
YKR070W,YLR312C-B,0,-1.5327878,0.18789473176002502,0.7139999866485596,0.3086000084877014
YOR343C-B,YBR114W,0,-1.5327878,0.18784530460834503,0.7139999866485596,0.30869999527931213
YOR343C-A,YMR215W,0,-1.5327878,0.18779589235782623,0.7139999866485596,0.30880001187324524
YBL101W-B,YCL026C-A,0,-1.5327878,0.18774650990962982,0.7139999866485596,0.30889999866485596
YDR059C,YJR107C-A,0,-1.5327878,0.1876971572637558,0.7139999866485596,0.3089999854564667
YMR268W-A,YGR127W,0,-1.5327878,0.18764783442020416,0.7139999866485596,0.3091000020503998
YER177W,YJR107C-A,0,-1.5327878,0.18759852647781372,0.7139999866485596,0.3091999888420105
YHR214W-G,YPR128C,0,-1.5327878,0.18754924833774567,0.7139999866485596,0.3093000054359436
YHR214W-G,YLR321C,0,-1.5327878,0.1875,0.7139999866485596,0.3093999922275543
YPL052W-A,YGR201C,1,-1.5327878,0.18771331012248993,0.7149999737739563,0.3093999922275543
YLR352W,YDR364C,0,-1.5329723,0.18766404688358307,0.7149999737739563,0.3095000088214874
YOL103W-A,YFR028C,0,-1.5330145,0.1876147985458374,0.7149999737739563,0.30959999561309814
YER076C,YBR010W,0,-1.5332539,0.18756558001041412,0.7149999737739563,0.30970001220703125
YMR120C,YOL095C,0,-1.5332761,0.18751639127731323,0.7149999737739563,0.30979999899864197
YCR070W,YDR315C,0,-1.5333441,0.18746723234653473,0.7149999737739563,0.3098999857902527
YNL146W,YDL024C,0,-1.5333495,0.18741808831691742,0.7149999737739563,0.3100000023841858
YDR259C,YAR044W,0,-1.5334616,0.1873689740896225,0.7149999737739563,0.3100999891757965
YOR304W,YGL185C,0,-1.5336226,0.18731988966464996,0.7149999737739563,0.3102000057697296
YGR001C,YKL097W-A,0,-1.533772,0.18727082014083862,0.7149999737739563,0.31029999256134033
YDL143W,YDR009W,0,-1.5338128,0.18722178041934967,0.7149999737739563,0.31040000915527344
YBR005W,YHR214C-B,0,-1.5340044,0.1871727705001831,0.7149999737739563,0.31049999594688416
YMR272W-B,YBR079C,0,-1.5340966,0.18712379038333893,0.7149999737739563,0.31060001254081726
YIL108W,YOR303W,0,-1.5341146,0.18707482516765594,0.7149999737739563,0.310699999332428
YGR169C-C,YGL110C,1,-1.5342932,0.18728746473789215,0.7160000205039978,0.310699999332428
YJL133W,YOL045W,0,-1.5343462,0.18723849952220917,0.7160000205039978,0.3107999861240387
YNR044W,YNR063W,0,-1.534447,0.18718954920768738,0.7160000205039978,0.3109000027179718
YPR163C,YNR063W,0,-1.5345333,0.18714061379432678,0.7160000205039978,0.3109999895095825
YBR094W,YGL015C,0,-1.5346727,0.18709172308444977,0.7160000205039978,0.3111000061035156
YKL011C,YDR098C-A,0,-1.5347172,0.18704284727573395,0.7160000205039978,0.31119999289512634
YLR348C,YBR075W,0,-1.5347545,0.18699398636817932,0.7160000205039978,0.31130000948905945
YCR030C,YLR086W,0,-1.5352348,0.18694517016410828,0.7160000205039978,0.31139999628067017
YDR098C-B,YLR103C,0,-1.5354264,0.18689636886119843,0.7160000205039978,0.31150001287460327
YNR028W,YDR469W,0,-1.5355552,0.18684759736061096,0.7160000205039978,0.311599999666214
YNL233W,YMR247W-A,0,-1.5355604,0.1867988556623459,0.7160000205039978,0.3116999864578247
YBR120C,YPR089W,0,-1.5355941,0.186750128865242,0.7160000205039978,0.3118000030517578
YMR028W,YLL029W,0,-1.5356164,0.1867014318704605,0.7160000205039978,0.31189998984336853
YCL001W-B,YGR015C,0,-1.5356712,0.1866527646780014,0.7160000205039978,0.31200000643730164
YPL038W,YCL020W,0,-1.535893,0.1866041123867035,0.7160000205039978,0.31209999322891235
YDR065W,YDR041W,0,-1.5359328,0.18655550479888916,0.7160000205039978,0.31220000982284546
YHL036W,YER094C,0,-1.5359347,0.18650689721107483,0.7160000205039978,0.3122999966144562
YPL009C,YMR024W,1,-1.536065,0.18671874701976776,0.7170000076293945,0.3122999966144562
YLR408C,YMR271C,0,-1.5361192,0.18667013943195343,0.7170000076293945,0.3124000132083893
YPR048W,YFL004W,0,-1.5362153,0.1866215467453003,0.7170000076293945,0.3125
YLR221C,YGR007W,0,-1.5364947,0.18657298386096954,0.7170000076293945,0.3125999867916107
YOR254C,YKR028W,0,-1.5365164,0.18652445077896118,0.7170000076293945,0.3127000033855438
YJL176C,YML030W,0,-1.5365171,0.1864759474992752,0.7170000076293945,0.31279999017715454
YOR134W,YNL056W,0,-1.536545,0.18642745912075043,0.7170000076293945,0.31290000677108765
YLR213C,YGR285C,0,-1.5368972,0.18637900054454803,0.7170000076293945,0.31299999356269836
YDR219C,YLR035C-A,0,-1.536901,0.18633055686950684,0.7170000076293945,0.31310001015663147
YPL052W-A,YKL081W,1,-1.5369344,0.18654195964336395,0.7179999947547913,0.31310001015663147
YGR041W,YDR489W,0,-1.5370605,0.18649350106716156,0.7179999947547913,0.3131999969482422
YDL069C,YJL148W,0,-1.5370774,0.18644507229328156,0.7179999947547913,0.3133000135421753
YNL097C,YDR468C,0,-1.537263,0.18639667332172394,0.7179999947547913,0.313400000333786
YGL195W,YKR084C,1,-1.5372941,0.18660783767700195,0.718999981880188,0.313400000333786
YPR090W,YCL057C-A,0,-1.5373297,0.18655942380428314,0.718999981880188,0.31349998712539673
YOR036W,YOL083W,0,-1.5374409,0.18651102483272552,0.718999981880188,0.31360000371932983
YNL320W,YJL004C,0,-1.5375078,0.1864626556634903,0.718999981880188,0.31369999051094055
YJL133C-A,YHL027W,0,-1.5375166,0.18641431629657745,0.718999981880188,0.31380000710487366
YGR169C-C,YFR009W,1,-1.5375383,0.18662519752979279,0.7200000286102295,0.31380000710487366
YGL195W,YHR064C,1,-1.5375459,0.18683597445487976,0.7210000157356262,0.31380000710487366
YBL101W-B,YNL004W,0,-1.5376667,0.18678756058216095,0.7210000157356262,0.3138999938964844
YBR160W,YDR210W-A,0,-1.5378776,0.18673919141292572,0.7210000157356262,0.3140000104904175
YDR258C,YPR073C,0,-1.537909,0.18669083714485168,0.7210000157356262,0.3140999972820282
YGR200C,YMR173W,0,-1.5379131,0.18664251267910004,0.7210000157356262,0.3142000138759613
YER031C,YPL183C,0,-1.5379214,0.18659420311450958,0.7210000157356262,0.314300000667572
YML116W,YGL198W,0,-1.5379876,0.18654592335224152,0.7210000157356262,0.31439998745918274
YDR028C,YIL065C,0,-1.5379946,0.18649767339229584,0.7210000157356262,0.31450000405311584
YPR003C,YDL201W,0,-1.5382309,0.18644943833351135,0.7210000157356262,0.31459999084472656
YNR031C,YER138C,0,-1.5382669,0.18640124797821045,0.7210000157356262,0.31470000743865967
YHR132W-A,YMR215W,0,-1.5383873,0.18635305762290955,0.7210000157356262,0.3147999942302704
YIL046W,YDR082W,0,-1.5384078,0.18630491197109222,0.7210000157356262,0.3149000108242035
YKR035W-A,YGR201C,0,-1.5384135,0.1862567812204361,0.7210000157356262,0.3149999976158142
YDR302W,YCR040W,0,-1.5384179,0.18620868027210236,0.7210000157356262,0.3151000142097473
YOR343W-A,YDR078C,0,-1.5384452,0.1861605942249298,0.7210000157356262,0.31520000100135803
YJL110C,YJL196C,0,-1.5385199,0.18611253798007965,0.7210000157356262,0.31529998779296875
YHR101C,YER053C,0,-1.538522,0.18606451153755188,0.7210000157356262,0.31540000438690186
YDR223W,YHR174W,0,-1.5386395,0.1860165148973465,0.7210000157356262,0.3154999911785126
YPR194C,YPL168W,0,-1.5386565,0.1859685331583023,0.7210000157356262,0.3156000077724457
YIL044C,YEL006W,0,-1.5388058,0.1859205812215805,0.7210000157356262,0.3156999945640564
YBL101W-B,YBR181C,0,-1.5388106,0.1858726441860199,0.7210000157356262,0.3158000111579895
YMR247W-A,YOR057W,0,-1.5389988,0.18582473695278168,0.7210000157356262,0.3158999979496002
YIL069C,YOL051W,0,-1.5391589,0.18577685952186584,0.7210000157356262,0.3160000145435333
YGR169C-C,YBR246W,1,-1.5392005,0.18598660826683044,0.722000002861023,0.3160000145435333
YBR104W,YOL142W,0,-1.5392188,0.18593870103359222,0.722000002861023,0.31610000133514404
YMR188C,YIL154C,0,-1.5395262,0.18589083850383759,0.722000002861023,0.31619998812675476
YER053C-A,YDL073W,0,-1.5395433,0.18584299087524414,0.722000002861023,0.31630000472068787
YER138C,YPR193C,0,-1.53969,0.1857951581478119,0.722000002861023,0.3163999915122986
YLR445W,YOL003C,0,-1.5397065,0.18574737012386322,0.722000002861023,0.3165000081062317
YDR541C,YLR406C-A,0,-1.5397307,0.18569958209991455,0.722000002861023,0.3165999948978424
YGR169C-C,YPL009C,1,-1.5397316,0.1859089732170105,0.7229999899864197,0.3165999948978424
YGL153W,YOL123W,0,-1.5397906,0.18586118519306183,0.7229999899864197,0.3167000114917755
YOL153C,YGR211W,0,-1.539854,0.18581341207027435,0.7229999899864197,0.31679999828338623
YDR353W,YLL056C,0,-1.5399297,0.18576566874980927,0.7229999899864197,0.31690001487731934
YML121W,YMR314W,0,-1.5402142,0.18571795523166656,0.7229999899864197,0.31700000166893005
YJL048C,YDR527W,0,-1.5403893,0.18567025661468506,0.7229999899864197,0.31709998846054077
YBR075W,YIL165C,0,-1.5404673,0.18562258780002594,0.7229999899864197,0.3172000050544739
YLR295C,YLR406C-A,0,-1.5405554,0.1855749487876892,0.7229999899864197,0.3172999918460846
YLR047C,YNL010W,0,-1.5406333,0.18552732467651367,0.7229999899864197,0.3174000084400177
YJR019C,YDR307W,0,-1.5408429,0.18547973036766052,0.7229999899864197,0.3174999952316284
YNR001C,YGR013W,0,-1.5408767,0.18543216586112976,0.7229999899864197,0.3176000118255615
YPL214C,YOL116W,0,-1.5411022,0.1853846162557602,0.7229999899864197,0.31769999861717224
YNL282W,YBL039W-A,0,-1.5411721,0.185337096452713,0.7229999899864197,0.31779998540878296
YJL078C,YNL160W,0,-1.5412277,0.18528959155082703,0.7229999899864197,0.31790000200271606
YCL001W-B,YLR209C,0,-1.5412823,0.18524211645126343,0.7229999899864197,0.3179999887943268
YMR208W,YOR166C,0,-1.5413308,0.18519467115402222,0.7229999899864197,0.3181000053882599
YMR066W,YDR001C,0,-1.5413854,0.1851472407579422,0.7229999899864197,0.3181999921798706
YPL009C,YOR133W,1,-1.5416849,0.18535585701465607,0.7239999771118164,0.3181999921798706
YJL107C,YCL012W,0,-1.5417702,0.18530842661857605,0.7239999771118164,0.3183000087738037
YPL009C,YGL196W,0,-1.541869,0.18526099622249603,0.7239999771118164,0.31839999556541443
YDR179W-A,YDR379C-A,0,-1.541923,0.1852136105298996,0.7239999771118164,0.31850001215934753
YMR149W,YIL102C-A,0,-1.542008,0.18516623973846436,0.7239999771118164,0.31859999895095825
YNL103W,YFR053C,0,-1.542041,0.1851188987493515,0.7239999771118164,0.31869998574256897
YOR297C,YIL066C,0,-1.5421588,0.18507157266139984,0.7239999771118164,0.3188000023365021
YHR205W,YPR068C,0,-1.5422239,0.18502427637577057,0.7239999771118164,0.3188999891281128
YFL051C,YJR042W,0,-1.5423439,0.18497700989246368,0.7239999771118164,0.3190000057220459
YLR256W-A,YDR231C,0,-1.5426049,0.184929758310318,0.7239999771118164,0.3190999925136566
YDR233C,YER048W-A,0,-1.5426409,0.1848825365304947,0.7239999771118164,0.3192000091075897
YCL001W-A,YNL046W,0,-1.5426949,0.18483532965183258,0.7239999771118164,0.31929999589920044
YOR158W,YCL005W-A,0,-1.5427065,0.18478815257549286,0.7239999771118164,0.31940001249313354
YLR063W,YMR051C,0,-1.542722,0.18474100530147552,0.7239999771118164,0.31949999928474426
YHR003C,YKL008C,0,-1.5428404,0.18469387292861938,0.7239999771118164,0.319599986076355
YCL037C,YDR315C,0,-1.5428813,0.18464677035808563,0.7239999771118164,0.3197000026702881
YAR033W,YGL112C,0,-1.5432172,0.18459969758987427,0.7239999771118164,0.3197999894618988
YER069W,YFR027W,0,-1.5432532,0.1845526397228241,0.7239999771118164,0.3199000060558319
YHR100C,YDR246W,0,-1.5433651,0.1845056116580963,0.7239999771118164,0.3199999928474426
YBR041W,YEL071W,0,-1.5434753,0.18445859849452972,0.7239999771118164,0.32010000944137573
YPR090W,YNL272C,0,-1.5436174,0.18441161513328552,0.7239999771118164,0.32019999623298645
YOR026W,YPL056C,0,-1.5438033,0.1843646615743637,0.7239999771118164,0.32030001282691956
YCL063W,YCR068W,0,-1.5438516,0.1843177229166031,0.7239999771118164,0.3203999996185303
YOR074C,YDR231C,0,-1.5439812,0.18427081406116486,0.7239999771118164,0.320499986410141
YBL046W,YGR169C-C,0,-1.5440207,0.18422392010688782,0.7239999771118164,0.3206000030040741
YPR009W,YKR043C,0,-1.5440227,0.18417705595493317,0.7239999771118164,0.3206999897956848
YPL052W-A,YDR385W,1,-1.5440974,0.1843845397233963,0.7250000238418579,0.3206999897956848
YPL140C,YIL018W,0,-1.5440977,0.18433766067028046,0.7250000238418579,0.3208000063896179
YPL184C,YGL200C,0,-1.5441155,0.1842907965183258,0.7250000238418579,0.32089999318122864
YPR179C,YGR127W,0,-1.5441691,0.18424396216869354,0.7250000238418579,0.32100000977516174
YCR070W,YHR097C,0,-1.5442259,0.18419715762138367,0.7250000238418579,0.32109999656677246
YDR266C,YNL167C,0,-1.5443,0.18415036797523499,0.7250000238418579,0.32120001316070557
YLR063W,YMR076C,0,-1.5443134,0.1841036081314087,0.7250000238418579,0.3212999999523163
YOR016C,YPR184W,0,-1.544445,0.1840568631887436,0.7250000238418579,0.321399986743927
YPL038W,YBR101C,0,-1.544532,0.18401014804840088,0.7250000238418579,0.3215000033378601
YBR101C,YJR084W,0,-1.5445583,0.18396346271038055,0.7250000238418579,0.3215999901294708
YDR346C,YDL120W,0,-1.5446726,0.18391679227352142,0.7250000238418579,0.32170000672340393
YMR142C,YGL015C,0,-1.5446794,0.18387015163898468,0.7250000238418579,0.32179999351501465
YKL185W,YOL017W,0,-1.5446947,0.18382352590560913,0.7250000238418579,0.32190001010894775
YMR124W,YDR060W,0,-1.5447162,0.18377692997455597,0.7250000238418579,0.32199999690055847
YML095C,YKR034W,0,-1.5447621,0.1837303638458252,0.7250000238418579,0.3221000134944916
YGR296W,YHR005C,0,-1.5447907,0.18368381261825562,0.7250000238418579,0.3222000002861023
YLR167W,YMR194C-B,0,-1.5448668,0.18363729119300842,0.7250000238418579,0.322299987077713
YFR024C,YDL182W,0,-1.5449253,0.18359078466892242,0.7250000238418579,0.3224000036716461
YGL002W,YCL021W-A,0,-1.5450048,0.1835443079471588,0.7250000238418579,0.32249999046325684
YKL176C,YJR152W,0,-1.545012,0.1834978461265564,0.7250000238418579,0.32260000705718994
YPL187W,YMR092C,0,-1.5450535,0.18345141410827637,0.7250000238418579,0.32269999384880066
YCR024C,YML086C,0,-1.5451108,0.18340501189231873,0.7250000238418579,0.32280001044273376
YNL025C,YBR291C,0,-1.5451535,0.18335862457752228,0.7250000238418579,0.3228999972343445
YGL013C,YPR193C,0,-1.5451676,0.18331226706504822,0.7250000238418579,0.3230000138282776
YGR169C-C,YNL063W,1,-1.5451691,0.18351870775222778,0.7260000109672546,0.3230000138282776
YOL092W,YLR439W,0,-1.5452926,0.18347232043743134,0.7260000109672546,0.3231000006198883
YOL027C,YMR194C-B,0,-1.5453265,0.18342597782611847,0.7260000109672546,0.323199987411499
YER156C,YBL029C-A,0,-1.5453303,0.1833796352148056,0.7260000109672546,0.32330000400543213
YPL257W-B,YIR018W,0,-1.5453737,0.18333333730697632,0.7260000109672546,0.32339999079704285
YPL179W,YLR187W,0,-1.5454547,0.18328705430030823,0.7260000109672546,0.32350000739097595
YNL014W,YGR169C-C,1,-1.5454595,0.18349318206310272,0.7269999980926514,0.32350000739097595
YPL009C,YGR169C-A,1,-1.5455045,0.18369922041893005,0.7279999852180481,0.32350000739097595
YOR380W,YPR101W,0,-1.5455263,0.1836528778076172,0.7279999852180481,0.32359999418258667
YDR058C,YCL026C-A,0,-1.5455599,0.18360655009746552,0.7279999852180481,0.3237000107765198
YML102W,YLR099W-A,0,-1.5455958,0.18356026709079742,0.7279999852180481,0.3237999975681305
YML027W,YNL020C,0,-1.5456381,0.18351398408412933,0.7279999852180481,0.3239000141620636
YAL044C,YGL141W,0,-1.5458556,0.18346774578094482,0.7279999852180481,0.3240000009536743
YDR206W,YDL119C,0,-1.545902,0.1834215223789215,0.7279999852180481,0.32409998774528503
YPR138C,YJR112W-A,0,-1.5459499,0.1833753138780594,0.7279999852180481,0.32420000433921814
YDR089W,YPL195W,0,-1.5459682,0.18332913517951965,0.7279999852180481,0.32429999113082886
YCR024C-A,YPR027C,0,-1.5460093,0.1832829862833023,0.7279999852180481,0.32440000772476196
YGR169C-C,YMR247C,1,-1.5460403,0.18348854780197144,0.7289999723434448,0.32440000772476196
YOR078W,YIL009C-A,0,-1.5460734,0.1834423691034317,0.7289999723434448,0.3244999945163727
YJL081C,YDR299W,0,-1.5460958,0.18339622020721436,0.7289999723434448,0.3246000111103058
YLR179C,YPR071W,0,-1.5461714,0.1833501011133194,0.7289999723434448,0.3246999979019165
YLR154W-A,YOL124C,0,-1.5461781,0.18330399692058563,0.7289999723434448,0.3248000144958496
YHR114W,YLR287C-A,0,-1.5463523,0.18325792253017426,0.7289999723434448,0.3249000012874603
YGL026C,YGL114W,0,-1.5465407,0.18321186304092407,0.7289999723434448,0.32499998807907104
YIL112W,YKL041W,0,-1.5465482,0.18316583335399628,0.7289999723434448,0.32510000467300415
YJL078C,YDR489W,0,-1.5465778,0.18311981856822968,0.7289999723434448,0.32519999146461487
YBL008W,YGL210W-A,0,-1.546598,0.18307383358478546,0.7289999723434448,0.325300008058548
YLR143W,YKR084C,1,-1.5467091,0.18327893316745758,0.7300000190734863,0.325300008058548
YKR035W-A,YML055W,0,-1.5467656,0.18323293328285217,0.7300000190734863,0.3253999948501587
YBR075W,YGR157W,0,-1.5468659,0.18318694829940796,0.7300000190734863,0.3255000114440918
YKL101W,YIL087C,0,-1.5469518,0.18314099311828613,0.7300000190734863,0.3255999982357025
YPR164W,YGL233W,0,-1.546988,0.1830950528383255,0.7300000190734863,0.3257000148296356
YML126C,YPR025C,0,-1.5470092,0.18304914236068726,0.7300000190734863,0.32580000162124634
YBR085W,YPL226W,0,-1.5470148,0.1830032616853714,0.7300000190734863,0.32589998841285706
YJL139C,YJR098C,0,-1.5471863,0.18295739591121674,0.7300000190734863,0.32600000500679016
YMR274C,YOR239W,0,-1.5472445,0.18291154503822327,0.7300000190734863,0.3260999917984009
YMR177W,YDR493W,0,-1.5473571,0.18286573886871338,0.7300000190734863,0.326200008392334
YDR188W,YIL125W,0,-1.5473984,0.1828199326992035,0.7300000190734863,0.3262999951839447
YNR057C,YHL048W,0,-1.547401,0.182774156332016,0.7300000190734863,0.3264000117778778
YDL046W,YLR174W,0,-1.5474353,0.18272840976715088,0.7300000190734863,0.3264999985694885
YML091C,YCR039C,0,-1.5476292,0.18268267810344696,0.7300000190734863,0.32659998536109924
YGR169C-C,YJR047C,1,-1.5476332,0.18288716673851013,0.7310000061988831,0.32659998536109924
YMR036C,YOL075C,0,-1.547721,0.18284142017364502,0.7310000061988831,0.32670000195503235
YDR208W,YMR272C,0,-1.5477647,0.1827957034111023,0.7310000061988831,0.32679998874664307
YDR261C,YMR128W,0,-1.5478101,0.18275000154972076,0.7310000061988831,0.32690000534057617
YMR124W,YJL021C,0,-1.5478381,0.18270432949066162,0.7310000061988831,0.3269999921321869
YPR188C,YMR073C,0,-1.5479465,0.18265867233276367,0.7310000061988831,0.32710000872612
YKL068W,YFR014C,0,-1.5479723,0.1826130449771881,0.7310000061988831,0.3271999955177307
YGR169C-C,YKR084C,1,-1.5483146,0.18281717598438263,0.7319999933242798,0.3271999955177307
YAL015C,YLR160C,0,-1.5485729,0.18277153372764587,0.7319999933242798,0.3273000121116638
YPL051W,YOR304C-A,0,-1.5487007,0.1827259063720703,0.7319999933242798,0.32739999890327454
YGL244W,YDL240W,0,-1.548876,0.18268030881881714,0.7319999933242798,0.32749998569488525
YMR104C,YKL222C,0,-1.54897,0.18263472616672516,0.7319999933242798,0.32760000228881836
YPL280W,YKR058W,0,-1.5490459,0.18258917331695557,0.7319999933242798,0.3276999890804291
YNL139C,YDR370C,0,-1.5490463,0.18254363536834717,0.7319999933242798,0.3278000056743622
YJL013C,YBL008W-A,0,-1.5490687,0.18249812722206116,0.7319999933242798,0.3278999924659729
YBL076C,YDR222W,0,-1.5491097,0.18245264887809753,0.7319999933242798,0.328000009059906
YNR073C,YJL208C,0,-1.5491751,0.1824071705341339,0.7319999933242798,0.3280999958515167
YPL052W-A,YHR064C,1,-1.5492266,0.1826108694076538,0.7329999804496765,0.3280999958515167
YBR111W-A,YAL064W-B,0,-1.5493736,0.182565376162529,0.7329999804496765,0.32820001244544983
YAL003W,YPL052W-A,1,-1.5493798,0.18276892602443695,0.734000027179718,0.32820001244544983
YKL091C,YAL068C,0,-1.5494959,0.18272343277931213,0.734000027179718,0.32829999923706055
YCR030C,YCL067C,0,-1.5495839,0.1826779544353485,0.734000027179718,0.32839998602867126
YPL084W,YGR102C,0,-1.5496314,0.18263249099254608,0.734000027179718,0.32850000262260437
YOR076C,YGR169C-C,1,-1.5497584,0.18283581733703613,0.7350000143051147,0.32850000262260437
YDR058C,YLL054C,0,-1.5498474,0.1827903538942337,0.7350000143051147,0.3285999894142151
YPR036W-A,YJL225C,0,-1.5498558,0.18274490535259247,0.7350000143051147,0.3287000060081482
YPL166W,YGL051W,0,-1.5498844,0.18269947171211243,0.7350000143051147,0.3287999927997589
YDR210C-D,YGR023W,0,-1.5499321,0.18265408277511597,0.7350000143051147,0.328900009393692
YDR248C,YAR071W,0,-1.549933,0.1826086938381195,0.7350000143051147,0.32899999618530273
YOR060C,YNL155W,0,-1.550086,0.18256333470344543,0.7350000143051147,0.32910001277923584
YPL029W,YDR265W,0,-1.5501927,0.18251800537109375,0.7350000143051147,0.32919999957084656
YGL030W,YDL234C,0,-1.5502832,0.18247269093990326,0.7350000143051147,0.3292999863624573
YGR169C-C,YBR255W,0,-1.5502882,0.18242740631103516,0.7350000143051147,0.3294000029563904
YNL006W,YDR314C,0,-1.5503241,0.18238213658332825,0.7350000143051147,0.3294999897480011
YPL055C,YJL225C,0,-1.5503494,0.18233688175678253,0.7350000143051147,0.3296000063419342
YJR061W,YOL004W,0,-1.550489,0.1822916716337204,0.7350000143051147,0.3296999931335449
YCL048W-A,YLR359W,0,-1.5504947,0.18224646151065826,0.7350000143051147,0.329800009727478
YLR406C-A,YGR029W,0,-1.5504954,0.1822012960910797,0.7350000143051147,0.32989999651908875
YGR199W,YNR044W,0,-1.5506027,0.18215613067150116,0.7350000143051147,0.33000001311302185
YPL157W,YCR003W,0,-1.5506295,0.182110995054245,0.7350000143051147,0.33009999990463257
YMR031C,YER094C,0,-1.5506415,0.18206588923931122,0.7350000143051147,0.3301999866962433
YBR081C,YBR200W-A,0,-1.5506617,0.18202079832553864,0.7350000143051147,0.3303000032901764
YNR070W,YPR090W,0,-1.5507361,0.18197573721408844,0.7350000143051147,0.3303999900817871
YOL113W,YCL048W-A,0,-1.5508186,0.18193069100379944,0.7350000143051147,0.3305000066757202
YNL016W,YCL044C,0,-1.5509632,0.18188567459583282,0.7350000143051147,0.33059999346733093
YCL048W,YOL004W,0,-1.5510046,0.1818406730890274,0.7350000143051147,0.33070001006126404
YJR135W-A,YCR016W,0,-1.5511179,0.18179570138454437,0.7350000143051147,0.33079999685287476
YPL143W,YDL160C-A,0,-1.5511324,0.18175074458122253,0.7350000143051147,0.33090001344680786
YDL164C,YCL067C,0,-1.5511813,0.1817058026790619,0.7350000143051147,0.3310000002384186
YDL007W,YGR031W,0,-1.5512035,0.18166090548038483,0.7350000143051147,0.3310999870300293
YPL041C,YOR152C,0,-1.551205,0.18161600828170776,0.7350000143051147,0.3312000036239624
YNR050C,YBR006W,0,-1.551225,0.1815711408853531,0.7350000143051147,0.3312999904155731
YBR092C,YBL100W-B,0,-1.5513247,0.1815263032913208,0.7350000143051147,0.3314000070095062
YLR168C,YHR025W,0,-1.5514319,0.1814814805984497,0.7350000143051147,0.33149999380111694
YBR246W,YPL048W,1,-1.5514326,0.18168354034423828,0.7360000014305115,0.33149999380111694
YER091C,YOL103W-A,0,-1.5514777,0.181638702750206,0.7360000014305115,0.33160001039505005
YLR099W-A,YHR170W,0,-1.5515044,0.1815938800573349,0.7360000014305115,0.33169999718666077
YDL081C,YGL222C,0,-1.5516188,0.1815490871667862,0.7360000014305115,0.33180001378059387
YJL115W,YGR013W,0,-1.5518392,0.18150430917739868,0.7360000014305115,0.3319000005722046
YLR157C,YLR413W,0,-1.5520995,0.18145956099033356,0.7360000014305115,0.3319999873638153
YMR237W,YJR057W,0,-1.5521641,0.18141484260559082,0.7360000014305115,0.3321000039577484
YPR196W,YDL227C,0,-1.5524395,0.18137013912200928,0.7360000014305115,0.33219999074935913
YGR080W,YPL074W,0,-1.5524721,0.18132545053958893,0.7360000014305115,0.33230000734329224
YOR136W,YGL015C,0,-1.5527235,0.18128079175949097,0.7360000014305115,0.33239999413490295
YML014W,YDR333C,1,-1.5530642,0.18148238956928253,0.7369999885559082,0.33239999413490295
YKR078W,YDL070W,0,-1.5531182,0.18143771588802338,0.7369999885559082,0.33250001072883606
YGR093W,YOL147C,0,-1.5532876,0.18139305710792542,0.7369999885559082,0.3325999975204468
YDR128W,YLR201C,0,-1.5533767,0.18134842813014984,0.7369999885559082,0.3327000141143799
YOL159C,YDL061C,0,-1.5534316,0.18130381405353546,0.7369999885559082,0.3328000009059906
YPL040C,YHR077C,0,-1.5535357,0.18125922977924347,0.7369999885559082,0.3328999876976013
YPL090C,YDR421W,0,-1.5536073,0.18121466040611267,0.7369999885559082,0.3330000042915344
YLR284C,YMR247W-A,0,-1.5536134,0.18117010593414307,0.7369999885559082,0.33309999108314514
YFR022W,YPL066W,0,-1.553651,0.18112558126449585,0.7369999885559082,0.33320000767707825
YGL057C,YIL102C-A,0,-1.5537457,0.18108108639717102,0.7369999885559082,0.33329999446868896
YIL102C-A,YBR093C,0,-1.5538044,0.18103660643100739,0.7369999885559082,0.33340001106262207
YPR098C,YCL075W,0,-1.5538476,0.18099214136600494,0.7369999885559082,0.3334999978542328
YDR166C,YPL056C,0,-1.553951,0.1809477061033249,0.7369999885559082,0.3336000144481659
YOR267C,YDR148C,0,-1.5539546,0.18090328574180603,0.7369999885559082,0.3337000012397766
YAL022C,YFL060C,0,-1.5541632,0.18085889518260956,0.7369999885559082,0.33379998803138733
YJL219W,YKL061W,0,-1.5541899,0.18081451952457428,0.7369999885559082,0.33390000462532043
YFL007W,YER015W,0,-1.5543029,0.1807701736688614,0.7369999885559082,0.33399999141693115
YKL101W,YGR279C,0,-1.554313,0.1807258427143097,0.7369999885559082,0.33410000801086426
YCL001W-B,YDR059C,0,-1.5543599,0.18068154156208038,0.7369999885559082,0.334199994802475
YHR200W,YDR020C,0,-1.5543693,0.18063725531101227,0.7369999885559082,0.3343000113964081
YFR024C,YPR089W,0,-1.5545979,0.18059299886226654,0.7369999885559082,0.3343999981880188
YKL029C,YJR026W,0,-1.5546701,0.180548757314682,0.7369999885559082,0.3345000147819519
YMR051C,YCR070W,0,-1.554812,0.18050453066825867,0.7369999885559082,0.3346000015735626
YPR157W,YMR153W,0,-1.5551183,0.18046033382415771,0.7369999885559082,0.33469998836517334
YHR064C,YNL063W,1,-1.5551307,0.18066094815731049,0.7379999756813049,0.33469998836517334
YNR023W,YOR192C-A,0,-1.555205,0.18061673641204834,0.7379999756813049,0.33480000495910645
YHR018C,YCR044C,0,-1.5553854,0.18057255446910858,0.7379999756813049,0.33489999175071716
YAL003W,YPL009C,1,-1.55549,0.18077298998832703,0.7390000224113464,0.33489999175071716
YER138C,YOL141W,0,-1.5555243,0.18072877824306488,0.7390000224113464,0.33500000834465027
YPL147W,YAL064W-B,0,-1.5559077,0.18068459630012512,0.7390000224113464,0.335099995136261
YFR032C-A,YBL039W-A,0,-1.5559554,0.18064042925834656,0.7390000224113464,0.3352000117301941
YGR101W,YNL329C,0,-1.5561414,0.18059629201889038,0.7390000224113464,0.3352999985218048
YAL062W,YGL037C,0,-1.5561695,0.1805521547794342,0.7390000224113464,0.3353999853134155
YLR118C,YDL130W,0,-1.556312,0.1805080622434616,0.7390000224113464,0.33550000190734863
YDR261W-A,YMR095C,0,-1.5563734,0.1804639846086502,0.7390000224113464,0.33559998869895935
YIR018W,YKL200C,0,-1.55645,0.180419921875,0.7390000224113464,0.33570000529289246
YBR200W-A,YNL209W,0,-1.556462,0.18037588894367218,0.7390000224113464,0.3357999920845032
YHR214C-C,YOR092W,0,-1.5565886,0.18033187091350555,0.7390000224113464,0.3359000086784363
YJL174W,YPL162C,0,-1.5566096,0.18028786778450012,0.7390000224113464,0.335999995470047
YDL095W,YBL067C,0,-1.5566993,0.18024390935897827,0.7390000224113464,0.3361000120639801
YOR089C,YGL216W,0,-1.5568072,0.18019995093345642,0.7390000224113464,0.3361999988555908
YFR038W,YDR210W,0,-1.55689,0.18015602231025696,0.7390000224113464,0.33629998564720154
YBR062C,YCR102C,0,-1.5570081,0.1801121085882187,0.7390000224113464,0.33640000224113464
YMR244C-A,YKL120W,0,-1.5570095,0.1800682246685028,0.7390000224113464,0.33649998903274536
YKL047W,YFR012W,0,-1.557044,0.18002435564994812,0.7390000224113464,0.33660000562667847
YOR375C,YFL043C,0,-1.5572083,0.17998051643371582,0.7390000224113464,0.3366999924182892
YDL160C,YLR143W,1,-1.5572522,0.18018017709255219,0.7400000095367432,0.3366999924182892
YER043C,YOR191W,0,-1.5572858,0.1801363229751587,0.7400000095367432,0.3368000090122223
YNL293W,YKL063C,0,-1.5574176,0.1800924837589264,0.7400000095367432,0.336899995803833
YNR050C,YER082C,0,-1.5577838,0.18004865944385529,0.7400000095367432,0.3370000123977661
YCL001W-A,YJR150C,0,-1.5579994,0.18000486493110657,0.7400000095367432,0.33709999918937683
YDR411C,YBR106W,0,-1.558023,0.17996108531951904,0.7400000095367432,0.33719998598098755
YFR009W,YDR266C,1,-1.5580372,0.18016046285629272,0.7409999966621399,0.33719998598098755
YNL239W,YDR182W,0,-1.5582163,0.180116668343544,0.7409999966621399,0.33730000257492065
YPL009C,YDL243C,0,-1.5582395,0.18007290363311768,0.7409999966621399,0.33739998936653137
YMR313C,YPR149W,0,-1.5587962,0.18002915382385254,0.7409999966621399,0.3375000059604645
YMR120C,YCR075W-A,0,-1.5588331,0.1799854189157486,0.7409999966621399,0.3375999927520752
YOR096W,YJR040W,0,-1.5590922,0.17994171380996704,0.7409999966621399,0.3377000093460083
YNL291C,YNL108C,0,-1.5592194,0.17989803850650787,0.7409999966621399,0.337799996137619
YKL165C,YLR218C,0,-1.559241,0.1798543632030487,0.7409999966621399,0.3379000127315521
YBR215W,YCR070W,0,-1.5592537,0.17981073260307312,0.7409999966621399,0.33799999952316284
YPL017C,YIL171W,0,-1.5592588,0.17976710200309753,0.7409999966621399,0.33809998631477356
YHR185C,YDR210C-C,0,-1.5592645,0.17972350120544434,0.7409999966621399,0.33820000290870667
YNL311C,YML010W,0,-1.5593145,0.17967991530895233,0.7409999966621399,0.3382999897003174
YLR299W,YLR173W,0,-1.5595975,0.17963635921478271,0.7409999966621399,0.3384000062942505
YGL184C,YFR052W,0,-1.5596129,0.17959283292293549,0.7409999966621399,0.3384999930858612
YOR159C,YBL057C,0,-1.559736,0.17954930663108826,0.7409999966621399,0.3386000096797943
YMR322C,YJL062W-A,0,-1.5597587,0.17950581014156342,0.7409999966621399,0.33869999647140503
YBR086C,YFR014C,0,-1.5597651,0.17946234345436096,0.7409999966621399,0.33880001306533813
YAL060W,YPR193C,0,-1.5598217,0.1794188916683197,0.7409999966621399,0.33889999985694885
YLR409C,YBR282W,0,-1.5598303,0.17937545478343964,0.7409999966621399,0.33899998664855957
YGR090W,YNL022C,0,-1.5599504,0.17933204770088196,0.7409999966621399,0.3391000032424927
YDL235C,YLR276C,0,-1.5603623,0.17928865551948547,0.7409999966621399,0.3391999900341034
YGL223C,YDR009W,0,-1.560425,0.17924527823925018,0.7409999966621399,0.3393000066280365
YBR102C,YBR298C,0,-1.560558,0.17920193076133728,0.7409999966621399,0.3393999934196472
YGR001C,YCL047C,0,-1.5605979,0.17915861308574677,0.7409999966621399,0.3395000100135803
YNL293W,YGL004C,0,-1.5607616,0.17911529541015625,0.7409999966621399,0.33959999680519104
YGR225W,YPL090C,0,-1.5607836,0.17907202243804932,0.7409999966621399,0.33970001339912415
YGR132C,YBL055C,0,-1.5608416,0.17902874946594238,0.7409999966621399,0.33980000019073486
YCR028C,YDR347W,0,-1.5608873,0.17898550629615784,0.7409999966621399,0.3398999869823456
YBR103W,YHR065C,0,-1.5608876,0.17894227802753448,0.7409999966621399,0.3400000035762787
YJR124C,YDR098C-A,0,-1.5610766,0.17889907956123352,0.7409999966621399,0.3400999903678894
YKL004W,YPL269W,0,-1.5611881,0.17885589599609375,0.7409999966621399,0.3402000069618225
YLR186W,YHR132W-A,0,-1.5612658,0.17881274223327637,0.7409999966621399,0.3402999937534332
YPR071W,YHR205W,0,-1.5613252,0.17876960337162018,0.7409999966621399,0.34040001034736633
YOL043C,YPL128C,0,-1.561396,0.17872647941112518,0.7409999966621399,0.34049999713897705
YLR272C,YDL093W,0,-1.56156,0.17868338525295258,0.7409999966621399,0.34060001373291016
YGR052W,YGR172C,0,-1.5616109,0.17864030599594116,0.7409999966621399,0.3407000005245209
YMR272W-B,YOL075C,0,-1.5616987,0.17859725654125214,0.7409999966621399,0.3407999873161316
YMR153W,YJL167W,0,-1.5617477,0.1785542219877243,0.7409999966621399,0.3409000039100647
YIL168W,YDR255C,0,-1.561898,0.17851120233535767,0.7409999966621399,0.3409999907016754
YNL238W,YLL061W,0,-1.5619009,0.17846821248531342,0.7409999966621399,0.3411000072956085
YAL047C,YER159C-A,0,-1.56192,0.17842523753643036,0.7409999966621399,0.34119999408721924
YKL191W,YJR097W,1,-1.5619984,0.1786230206489563,0.7419999837875366,0.34119999408721924
YPR158C-D,YML023C,0,-1.5620844,0.17858003079891205,0.7419999837875366,0.34130001068115234
YGL105W,YGR062C,0,-1.5622817,0.178537055850029,0.7419999837875366,0.34139999747276306
YML128C,YOR093C,0,-1.5624447,0.17849411070346832,0.7419999837875366,0.34150001406669617
YAR028W,YNL265C,0,-1.5624652,0.17845118045806885,0.7419999837875366,0.3416000008583069
YLR035C,YJL114W,0,-1.5625691,0.17840826511383057,0.7419999837875366,0.3416999876499176
YOL018C,YGL041C-B,0,-1.5627478,0.17836537957191467,0.7419999837875366,0.3418000042438507
YOR007C,YGR049W,0,-1.5628128,0.17832252383232117,0.7419999837875366,0.3418999910354614
YLR154W-A,YBR071W,0,-1.5628953,0.17827966809272766,0.7419999837875366,0.34200000762939453
YDR522C,YER087W,0,-1.5629425,0.17823684215545654,0.7419999837875366,0.34209999442100525
YML086C,YDR352W,0,-1.5629644,0.1781940460205078,0.7419999837875366,0.34220001101493835
YLR099W-A,YIL026C,0,-1.5629852,0.17815126478672028,0.7419999837875366,0.3422999978065491
YOR298W,YFL034W,0,-1.5630649,0.17810849845409393,0.7419999837875366,0.3424000144004822
YDR309C,YER108C,0,-1.5636411,0.17806576192378998,0.7419999837875366,0.3425000011920929
YOL053W,YPL074W,0,-1.5638082,0.17802302539348602,0.7419999837875366,0.3425999879837036
YFR024C,YGR116W,0,-1.5641016,0.17798033356666565,0.7419999837875366,0.3427000045776367
YIL139C,YBR109C,0,-1.5641117,0.17793765664100647,0.7419999837875366,0.34279999136924744
YJL204C,YKL216W,0,-1.5642884,0.17789499461650848,0.7419999837875366,0.34290000796318054
YNL279W,YDR539W,0,-1.5644138,0.1778523474931717,0.7419999837875366,0.34299999475479126
YBR147W,YMR262W,0,-1.5644481,0.1778097301721573,0.7419999837875366,0.34310001134872437
YOL019W,YKL048C,0,-1.5645075,0.17776712775230408,0.7419999837875366,0.3431999981403351
YGL263W,YLR441C,0,-1.5646565,0.17772455513477325,0.7419999837875366,0.3433000147342682
YCL003W,YOR389W,0,-1.564756,0.17768199741840363,0.7419999837875366,0.3434000015258789
YOR131C,YOL104C,0,-1.5648861,0.1776394546031952,0.7419999837875366,0.3434999883174896
YPL069C,YPL237W,0,-1.5649061,0.17759694159030914,0.7419999837875366,0.34360000491142273
YDR266C,YOR187W,1,-1.5650892,0.1777937263250351,0.7429999709129333,0.34360000491142273
YGR066C,YGR201C,0,-1.5652766,0.17775119841098785,0.7429999709129333,0.34369999170303345
YLL067C,YAR071W,0,-1.565627,0.1777086853981018,0.7429999709129333,0.34380000829696655
YGL105W,YDL052C,0,-1.5656617,0.17766618728637695,0.7429999709129333,0.34389999508857727
YOL102C,YBR079C,0,-1.5657864,0.1776237189769745,0.7429999709129333,0.3440000116825104
YLR154W-A,YMR148W,0,-1.5657969,0.17758126556873322,0.7429999709129333,0.3440999984741211
YBL071W-A,YDR266C,1,-1.5658067,0.17777778208255768,0.7440000176429749,0.3440999984741211
YDR541C,YGR246C,0,-1.56581,0.1777353137731552,0.7440000176429749,0.3441999852657318
YER137C-A,YHR053C,0,-1.5660326,0.17769286036491394,0.7440000176429749,0.3443000018596649
YJR027W,YOR113W,0,-1.5660954,0.17765043675899506,0.7440000176429749,0.34439998865127563
YDR036C,YJR133W,0,-1.5662053,0.17760802805423737,0.7440000176429749,0.34450000524520874
YMR101C,YCR096C,0,-1.5662299,0.17756563425064087,0.7440000176429749,0.34459999203681946
YBR075W,YGR252W,0,-1.5663145,0.17752327024936676,0.7440000176429749,0.34470000863075256
YJL130C,YHL025W,0,-1.5664072,0.17748092114925385,0.7440000176429749,0.3447999954223633
YLR364W,YHL044W,0,-1.5664219,0.17743858695030212,0.7440000176429749,0.3449000120162964
YGL143C,YLR138W,0,-1.5664303,0.1773962825536728,0.7440000176429749,0.3449999988079071
YPL141C,YPL133C,0,-1.5664405,0.17735399305820465,0.7440000176429749,0.3450999855995178
YJL161W,YER129W,0,-1.5665547,0.1773117184638977,0.7440000176429749,0.3452000021934509
YLR192C,YBR126W-A,0,-1.5666741,0.17726947367191315,0.7440000176429749,0.34529998898506165
YGL089C,YDR210C-D,0,-1.5666804,0.17722724378108978,0.7440000176429749,0.34540000557899475
YKL107W,YKL060C,0,-1.5667353,0.1771850436925888,0.7440000176429749,0.34549999237060547
YDR475C,YPL276W,0,-1.5669491,0.17714285850524902,0.7440000176429749,0.3456000089645386
YNL014W,YGR169C-A,1,-1.5669953,0.17733873426914215,0.7450000047683716,0.3456000089645386
YNL063W,YLR143W,1,-1.5670042,0.17753450572490692,0.7459999918937683,0.3456000089645386
YLR194C,YBR273C,0,-1.5670648,0.17749226093292236,0.7459999918937683,0.3456999957561493
YDL097C,YFR001W,0,-1.5671103,0.1774500459432602,0.7459999918937683,0.3458000123500824
YPL173W,YDR210C-C,0,-1.5671523,0.17740784585475922,0.7459999918937683,0.3458999991416931
YMR318C,YNL022C,0,-1.5671626,0.17736566066741943,0.7459999918937683,0.34599998593330383
YML028W,YIR002C,0,-1.5672235,0.17732350528240204,0.7459999918937683,0.34610000252723694
YBR247C,YBR044C,0,-1.5675077,0.17728136479854584,0.7459999918937683,0.34619998931884766
YKL097W-A,YLR460C,0,-1.5675269,0.17723925411701202,0.7459999918937683,0.34630000591278076
YOR210W,YBL004W,0,-1.5675566,0.1771971434354782,0.7459999918937683,0.3463999927043915
YNL063W,YGR169C-A,1,-1.5675745,0.17739254236221313,0.746999979019165,0.3463999927043915
YJL133C-A,YLR154C,0,-1.5675948,0.17735043168067932,0.746999979019165,0.3465000092983246
YBL057C,YGL148W,0,-1.5677894,0.1773083359003067,0.746999979019165,0.3465999960899353
YOR262W,YDR191W,0,-1.5678531,0.17726625502109528,0.746999979019165,0.3467000126838684
YLR164W,YKL026C,0,-1.5679665,0.17722420394420624,0.746999979019165,0.3467999994754791
YJR149W,YLR233C,0,-1.5679727,0.1771821677684784,0.746999979019165,0.34689998626708984
YER010C,YLR079W,0,-1.5681057,0.17714014649391174,0.746999979019165,0.34700000286102295
YPL048W,YPL009C,1,-1.568448,0.1773352324962616,0.7480000257492065,0.34700000286102295
YEL034W,YPL009C,1,-1.5685439,0.1775302141904831,0.7490000128746033,0.34700000286102295
YMR268C,YPL270W,0,-1.5686103,0.17748814821243286,0.7490000128746033,0.34709998965263367
YMR177W,YPL189C-A,0,-1.5686505,0.17744609713554382,0.7490000128746033,0.3472000062465668
YIR018W,YFR012W,0,-1.5686622,0.17740407586097717,0.7490000128746033,0.3472999930381775
YLR179C,YMR271C,0,-1.5688818,0.17736206948757172,0.7490000128746033,0.3474000096321106
YJL223C,YHR040W,0,-1.5690441,0.17732007801532745,0.7490000128746033,0.3474999964237213
YJL012C-A,YDR322W,0,-1.5692255,0.17727810144424438,0.7490000128746033,0.3476000130176544
YBR156C,YGL198W,0,-1.569298,0.1772361546754837,0.7490000128746033,0.34769999980926514
YMR307W,YLR467W,0,-1.5693995,0.17719422280788422,0.7490000128746033,0.34779998660087585
YLR157C,YJR077C,0,-1.5694355,0.17715232074260712,0.7490000128746033,0.34790000319480896
YEL048C,YPL117C,0,-1.5694382,0.1771104335784912,0.7490000128746033,0.3479999899864197
YOR241W,YFL034W,0,-1.569566,0.1770685613155365,0.7490000128746033,0.3481000065803528
YOR133W,YGR169C-A,1,-1.569638,0.1772630512714386,0.75,0.3481000065803528
YMR247W-A,YIL016W,0,-1.5698733,0.1772211790084839,0.75,0.3481999933719635
YDL051W,YBR302C,0,-1.5700288,0.17717930674552917,0.75,0.3483000099658966
YGR038C-B,YNL225C,0,-1.5701051,0.17713746428489685,0.75,0.3483999967575073
YOL045W,YGR161W-A,0,-1.5701206,0.17709563672542572,0.75,0.34850001335144043
YAL015C,YLR287C,0,-1.5701308,0.17705382406711578,0.75,0.34860000014305115
YOL103W-A,YDR515W,0,-1.5703175,0.17701204121112823,0.75,0.34869998693466187
YDL135C,YPR124W,0,-1.5703685,0.17697027325630188,0.75,0.34880000352859497
YDR476C,YJL065C,0,-1.57039,0.17692852020263672,0.75,0.3488999903202057
YGL105W,YNR035C,0,-1.5704705,0.17688679695129395,0.75,0.3490000069141388
YHR158C,YMR153W,0,-1.570607,0.17684508860111237,0.75,0.3490999937057495
YER103W,YKR044W,0,-1.5706761,0.17680339515209198,0.75,0.3492000102996826
YLR455W,YCR097WB,0,-1.5707867,0.17676173150539398,0.75,0.34929999709129333
YDR245W,YAL011W,0,-1.5709294,0.17672008275985718,0.75,0.34940001368522644
YDR216W,YEL007W,0,-1.5709721,0.17667844891548157,0.75,0.34950000047683716
YJR113C,YPR082C,0,-1.5709904,0.17663682997226715,0.75,0.3495999872684479
YJL193W,YLR022C,0,-1.5710077,0.17659524083137512,0.75,0.349700003862381
YIL169C,YMR003W,0,-1.5710468,0.1765536665916443,0.75,0.3497999906539917
YNL032W,YIL017W,0,-1.5711336,0.17651212215423584,0.75,0.3499000072479248
YOR313C,YCL073C,0,-1.5712149,0.1764705926179886,0.75,0.3499999940395355
YKL081W,YGR169C-A,1,-1.5713203,0.1766643077135086,0.7509999871253967,0.3499999940395355
YGL013C,YOR343W-A,0,-1.5714669,0.17662276327610016,0.7509999871253967,0.35010001063346863
YJL134W,YGR282C,0,-1.5716937,0.1765812337398529,0.7509999871253967,0.35019999742507935
YER023W,YCL024W,0,-1.5717323,0.17653973400592804,0.7509999871253967,0.35030001401901245
YLR150W,YHR079C,0,-1.5718285,0.17649823427200317,0.7509999871253967,0.35040000081062317
YNR067C,YPL168W,0,-1.5720153,0.1764567643404007,0.7509999871253967,0.3504999876022339
YHL009C,YML059C,0,-1.5722636,0.1764153093099594,0.7509999871253967,0.350600004196167
YNR058W,YAL014C,0,-1.5723274,0.17637388408184052,0.7509999871253967,0.3506999909877777
YMR116C,YGR169C-A,1,-1.5723886,0.17656727135181427,0.7519999742507935,0.3506999909877777
YLL053C,YDR073W,0,-1.5724094,0.17652581632137299,0.7519999742507935,0.3508000075817108
YNL029C,YDL128W,0,-1.5725971,0.1764843910932541,0.7519999742507935,0.35089999437332153
YDR067C,YHR216W,0,-1.5726539,0.1764429807662964,0.7519999742507935,0.35100001096725464
YPR175W,YDR037W,0,-1.5726883,0.17640160024166107,0.7519999742507935,0.35109999775886536
YGL245W,YLR466W,0,-1.5727198,0.17636021971702576,0.7519999742507935,0.35120001435279846
YHR173C,YCL021W-A,0,-1.5728076,0.17631886899471283,0.7519999742507935,0.3513000011444092
YER061C,YNR048W,0,-1.5728321,0.1762775480747223,0.7519999742507935,0.3513999879360199
YBR168W,YDL091C,0,-1.5729302,0.17623622715473175,0.7519999742507935,0.351500004529953
YMR120C,YPL180W,0,-1.57331,0.1761949360370636,0.7519999742507935,0.3515999913215637
YHL020C,YDR359C,0,-1.5735277,0.17615365982055664,0.7519999742507935,0.3517000079154968
YKL110C,YFR012W,0,-1.5739596,0.17611241340637207,0.7519999742507935,0.35179999470710754
YCR033W,YLR081W,0,-1.5741485,0.1760711818933487,0.7519999742507935,0.35190001130104065
YNL014W,YLR172C,1,-1.5742004,0.17626404762268066,0.753000020980835,0.35190001130104065
YKR094C,YJR131W,0,-1.5742493,0.1762228012084961,0.753000020980835,0.35199999809265137
YPL195W,YKL166C,0,-1.5742495,0.17618156969547272,0.753000020980835,0.3521000146865845
YMR292W,YKL063C,0,-1.5743713,0.17614035308361053,0.753000020980835,0.3522000014781952
YPL279C,YLR363C,0,-1.5744073,0.17609915137290955,0.753000020980835,0.3522999882698059
YGL041C-B,YOL070C,0,-1.574475,0.17605797946453094,0.753000020980835,0.352400004863739
YOR383C,YKL197C,0,-1.5745219,0.17601683735847473,0.753000020980835,0.35249999165534973
YER100W,YJR098C,0,-1.5746479,0.17597569525241852,0.753000020980835,0.35260000824928284
YDL109C,YLR332W,0,-1.5747225,0.1759345829486847,0.753000020980835,0.35269999504089355
YGR170W,YNL067W,0,-1.574739,0.17589348554611206,0.753000020980835,0.35280001163482666
YGR285C,YPL009C,1,-1.5747693,0.1760859340429306,0.7540000081062317,0.35280001163482666
YBR246W,YLR143W,1,-1.574789,0.17627830803394318,0.7549999952316284,0.35280001163482666
YPL259C,YOR346W,0,-1.5748003,0.17623716592788696,0.7549999952316284,0.3528999984264374
YDR482C,YBR114W,0,-1.5748005,0.17619603872299194,0.7549999952316284,0.3529999852180481
YLR079W,YIL015W,0,-1.5748787,0.17615492641925812,0.7549999952316284,0.3531000018119812
YJR112W-A,YDR009W,0,-1.5749395,0.17611382901668549,0.7549999952316284,0.3531999886035919
YDR407C,YJR149W,0,-1.5750077,0.17607276141643524,0.7549999952316284,0.353300005197525
YPL233W,YPL159C,0,-1.5750104,0.1760317087173462,0.7549999952316284,0.35339999198913574
YDL223C,YMR287C,0,-1.5750937,0.17599067091941833,0.7549999952316284,0.35350000858306885
YKL009W,YHR211W,0,-1.5751383,0.17594966292381287,0.7549999952316284,0.35359999537467957
YIL154C,YNL196C,0,-1.5752037,0.1759086698293686,0.7549999952316284,0.35370001196861267
YOL059W,YGL035C,0,-1.5755002,0.1758676916360855,0.7549999952316284,0.3537999987602234
YHR039C-A,YIL082W-A,0,-1.575658,0.17582672834396362,0.7549999952316284,0.3538999855518341
YCR037C,YFL033C,0,-1.5756686,0.17578579485416412,0.7549999952316284,0.3540000021457672
YLR214W,YEL018W,0,-1.5757297,0.17574487626552582,0.7549999952316284,0.35409998893737793
YNL256W,YPL217C,0,-1.5757359,0.1757039725780487,0.7549999952316284,0.35420000553131104
YLR188W,YKR048C,0,-1.5757818,0.17566309869289398,0.7549999952316284,0.35429999232292175
YER153C,YKL047W,0,-1.575913,0.17562223970890045,0.7549999952316284,0.35440000891685486
YJL106W,YBL038W,0,-1.5759275,0.17558139562606812,0.7549999952316284,0.3544999957084656
YJR121W,YAL032C,0,-1.5760162,0.17554056644439697,0.7549999952316284,0.3546000123023987
YNL118C,YJL161W,0,-1.576094,0.17549976706504822,0.7549999952316284,0.3546999990940094
YLR222C,YBL008W-A,0,-1.5761278,0.17545898258686066,0.7549999952316284,0.3547999858856201
YIL122W,YBL008W-A,0,-1.5761428,0.1754182130098343,0.7549999952316284,0.3549000024795532
YDR171W,YDR188W,0,-1.5764877,0.1753774732351303,0.7549999952316284,0.35499998927116394
YPR159W,YKR013W,0,-1.5766292,0.17533673346042633,0.7549999952316284,0.35510000586509705
YER109C,YLR035C-A,0,-1.5767863,0.17529602348804474,0.7549999952316284,0.35519999265670776
YOR076C,YOR187W,1,-1.5768975,0.1754874587059021,0.7559999823570251,0.35519999265670776
YNR062C,YGL041C-B,0,-1.5769982,0.17544673383235931,0.7559999823570251,0.35530000925064087
YGL135W,YCR002C,0,-1.5770335,0.17540603876113892,0.7559999823570251,0.3553999960422516
YGL207W,YGL028C,0,-1.5775251,0.17536534368991852,0.7559999823570251,0.3555000126361847
YCR107W,YBR245C,0,-1.5776932,0.1753246784210205,0.7559999823570251,0.3555999994277954
YLR056W,YHR066W,0,-1.5777737,0.1752840280532837,0.7559999823570251,0.35569998621940613
YBL071W-A,YGR201C,1,-1.5777838,0.17547519505023956,0.7570000290870667,0.35569998621940613
YOR032C,YGR211W,0,-1.577883,0.17543452978134155,0.7570000290870667,0.35580000281333923
YMR221C,YBR100W,0,-1.577909,0.17539387941360474,0.7570000290870667,0.35589998960494995
YCL063W,YMR121C,0,-1.5779207,0.1753532588481903,0.7570000290870667,0.35600000619888306
YKL017C,YBR266C,0,-1.5779876,0.17531263828277588,0.7570000290870667,0.3560999929904938
YER053C-A,YOR113W,0,-1.5780227,0.17527204751968384,0.7570000290870667,0.3562000095844269
YFR009W,YDR333C,1,-1.578065,0.17546296119689941,0.7580000162124634,0.3562000095844269
YEL071W,YER052C,0,-1.5780907,0.17542235553264618,0.7580000162124634,0.3562999963760376
YLR187W,YIR006C,0,-1.5781497,0.17538176476955414,0.7580000162124634,0.3564000129699707
YIL119C,YOR291W,0,-1.5784112,0.17534120380878448,0.7580000162124634,0.3564999997615814
YLR291C,YBL103C,0,-1.5784373,0.17530064284801483,0.7580000162124634,0.35659998655319214
YOR076C,YGR285C,1,-1.5784858,0.1754913330078125,0.7590000033378601,0.35659998655319214
YKL171W,YLR007W,0,-1.5785832,0.17545075714588165,0.7590000033378601,0.35670000314712524
YNL240C,YCR070W,0,-1.5786976,0.1754102110862732,0.7590000033378601,0.35679998993873596
YGR086C,YDL234C,0,-1.5788457,0.17536967992782593,0.7590000033378601,0.35690000653266907
YIR035C,YGL017W,0,-1.5788798,0.17532917857170105,0.7590000033378601,0.3569999933242798
YJR047C,YLR069C,1,-1.5789033,0.17551963031291962,0.7599999904632568,0.3569999933242798
YPL242C,YJR009C,0,-1.578918,0.17547909915447235,0.7599999904632568,0.3571000099182129
YJR032W,YNL339C,0,-1.5789262,0.17543859779834747,0.7599999904632568,0.3571999967098236
YKR092C,YGR173W,0,-1.5789374,0.1753981113433838,0.7599999904632568,0.3573000133037567
YLR284C,YPR137C-B,0,-1.5790424,0.1753576397895813,0.7599999904632568,0.35740000009536743
YDR345C,YML059C,0,-1.5790529,0.17531718313694,0.7599999904632568,0.35749998688697815
YDL153C,YPL249C,0,-1.5790746,0.1752767562866211,0.7599999904632568,0.35760000348091125
YNL024C,YNR039C,0,-1.5790837,0.17523634433746338,0.7599999904632568,0.357699990272522
YPR138C,YAL023C,0,-1.579238,0.17519594728946686,0.7599999904632568,0.3578000068664551
YKL187C,YPL130W,0,-1.5792675,0.17515556514263153,0.7599999904632568,0.3578999936580658
YPL052W-A,YDL160C,1,-1.5793372,0.17534562945365906,0.7609999775886536,0.3578999936580658
YNL039W,YNL157W,0,-1.5796845,0.17530523240566254,0.7609999775886536,0.3580000102519989
YGL083W,YDR441C,0,-1.5797863,0.1752648502588272,0.7609999775886536,0.3580999970436096
YDR142C,YGL104C,0,-1.579795,0.17522449791431427,0.7609999775886536,0.3582000136375427
YGL111W,YCL019W,0,-1.5798256,0.17518416047096252,0.7609999775886536,0.35830000042915344
YOR223W,YLR287C,0,-1.5798664,0.17514383792877197,0.7609999775886536,0.35839998722076416
YLR188W,YGR257C,0,-1.5799875,0.1751035451889038,0.7609999775886536,0.35850000381469727
YBR035C,YKR029C,0,-1.5800438,0.17506326735019684,0.7609999775886536,0.358599990606308
YBR156C,YBR075W,0,-1.5800742,0.17502300441265106,0.7609999775886536,0.3587000072002411
YDR470C,YKL139W,0,-1.5800817,0.17498275637626648,0.7609999775886536,0.3587999939918518
YML011C,YJR137C,0,-1.5801528,0.1749425232410431,0.7609999775886536,0.3589000105857849
YOL022C,YJL170C,0,-1.5804569,0.1749023199081421,0.7609999775886536,0.35899999737739563
YNL006W,YOR152C,0,-1.5805469,0.17486213147640228,0.7609999775886536,0.35910001397132874
YML078W,YOL073C,0,-1.5805769,0.17482195794582367,0.7609999775886536,0.35920000076293945
YJL184W,YDR253C,0,-1.5806813,0.17478181421756744,0.7609999775886536,0.35929998755455017
YBR301W,YOL110W,0,-1.5807828,0.17474167048931122,0.7609999775886536,0.3594000041484833
YDR481C,YER012W,0,-1.5808257,0.17470155656337738,0.7609999775886536,0.359499990940094
YCR105W,YJR029W,0,-1.5808504,0.17466145753860474,0.7609999775886536,0.3596000075340271
YDR255C,YER060W-A,0,-1.5810862,0.17462138831615448,0.7609999775886536,0.3596999943256378
YML113W,YMR155W,0,-1.5811098,0.17458131909370422,0.7609999775886536,0.3598000109195709
YFR024C,YBR139W,0,-1.5812368,0.17454127967357635,0.7609999775886536,0.35989999771118164
YLR427W,YBR210W,0,-1.5812968,0.17450125515460968,0.7609999775886536,0.36000001430511475
YGL169W,YHL035C,0,-1.5814719,0.1744612604379654,0.7609999775886536,0.36010000109672546
YKL063C,YMR017W,0,-1.5815418,0.1744212657213211,0.7609999775886536,0.3601999878883362
YOR208W,YOR032W-A,0,-1.581602,0.1743813008069992,0.7609999775886536,0.3603000044822693
YMR257C,YPL014W,0,-1.5817485,0.1743413507938385,0.7609999775886536,0.36039999127388
YLR019W,YCL060C,0,-1.5819359,0.174301415681839,0.7609999775886536,0.3605000078678131
YNL063W,YKL081W,1,-1.5819664,0.17449049651622772,0.7620000243186951,0.3605000078678131
YGR183C,YDR017C,0,-1.5821179,0.17445054650306702,0.7620000243186951,0.36059999465942383
YOL081W,YGL043W,0,-1.5821452,0.1744106262922287,0.7620000243186951,0.36070001125335693
YLL067C,YGL121C,0,-1.582176,0.17437070608139038,0.7620000243186951,0.36079999804496765
YOL103W,YKL088W,0,-1.5824442,0.17433081567287445,0.7620000243186951,0.36090001463890076
YFR009W,YKR084C,1,-1.5824696,0.17451967298984528,0.7630000114440918,0.36090001463890076
YHL047C,YJR033C,0,-1.5826021,0.17447976768016815,0.7630000114440918,0.3610000014305115
YMR223W,YLR203C,0,-1.5826261,0.17443987727165222,0.7630000114440918,0.3610999882221222
YER162C,YOR291W,0,-1.5827171,0.17440000176429749,0.7630000114440918,0.3612000048160553
YGR038C-B,YFL002C,0,-1.582835,0.17436014115810394,0.7630000114440918,0.361299991607666
YMR295C,YML066C,0,-1.5831568,0.1743203103542328,0.7630000114440918,0.3614000082015991
YCR098C,YNL272C,0,-1.5831649,0.17428049445152283,0.7630000114440918,0.36149999499320984
YLL013C,YBR069C,0,-1.5833077,0.17424069344997406,0.7630000114440918,0.36160001158714294
YMR272C,YDL001W,0,-1.5833786,0.1742009073495865,0.7630000114440918,0.36169999837875366
YNR066C,YDR542W,0,-1.5838468,0.1741611510515213,0.7630000114440918,0.3617999851703644
YLL034C,YHR122W,0,-1.5839195,0.1741214096546173,0.7630000114440918,0.3619000017642975
YPL253C,YHR162W,0,-1.5841911,0.1740816831588745,0.7630000114440918,0.3619999885559082
YLR151C,YMR316W,0,-1.5842367,0.1740419715642929,0.7630000114440918,0.3621000051498413
YLR284C,YGR102C,0,-1.5842717,0.1740022748708725,0.7630000114440918,0.362199991941452
YPL078C,YML099C,0,-1.5843405,0.17396260797977448,0.7630000114440918,0.36230000853538513
YAR033W,YKR093W,0,-1.584746,0.17392295598983765,0.7630000114440918,0.36239999532699585
YDR170W-A,YDL098C,0,-1.5847619,0.173883318901062,0.7630000114440918,0.36250001192092896
YNL014W,YAL003W,1,-1.584806,0.1740715354681015,0.7639999985694885,0.36250001192092896
YML097C,YER088C,0,-1.5849277,0.17403188347816467,0.7639999985694885,0.3625999987125397
YKL162C,YDR363W-A,0,-1.5849862,0.17399226129055023,0.7639999985694885,0.3626999855041504
YKL028W,YIL142W,0,-1.585103,0.1739526391029358,0.7639999985694885,0.3628000020980835
YDL109C,YKR085C,0,-1.585155,0.17391304671764374,0.7639999985694885,0.3628999888896942
YOR076C,YDR266C,1,-1.5852841,0.17410103976726532,0.7649999856948853,0.3628999888896942
YPL276W,YOR177C,0,-1.5852913,0.17406143248081207,0.7649999856948853,0.3630000054836273
YJL033W,YHR098C,0,-1.5853634,0.17402184009552002,0.7649999856948853,0.36309999227523804
YNL209W,YNL063W,1,-1.5853891,0.17420968413352966,0.765999972820282,0.36309999227523804
YOR192C-B,YOR245C,0,-1.5855198,0.17417007684707642,0.765999972820282,0.36320000886917114
YKL164C,YCR007C,0,-1.5856993,0.17413048446178436,0.765999972820282,0.36329999566078186
YGL195W,YDL160C,1,-1.585769,0.17431817948818207,0.7670000195503235,0.36329999566078186
YCL001W-A,YDR293C,0,-1.5857981,0.17427857220172882,0.7670000195503235,0.36340001225471497
YFL002W-B,YOR081C,0,-1.5858365,0.17423897981643677,0.7670000195503235,0.3634999990463257
YIR019C,YDR372C,0,-1.5858603,0.1741994023323059,0.7670000195503235,0.3635999858379364
YPR057W,YDR406W,0,-1.5859104,0.17415985465049744,0.7670000195503235,0.3637000024318695
YLR347C,YCL074W,0,-1.5859369,0.17412032186985016,0.7670000195503235,0.3637999892234802
YDR003W,YLR353W,0,-1.5859722,0.17408080399036407,0.7670000195503235,0.36390000581741333
YOR032C,YJL219W,0,-1.5860322,0.17404130101203918,0.7670000195503235,0.36399999260902405
YDR333C,YPR080W,1,-1.586077,0.17422866821289062,0.7680000066757202,0.36399999260902405
YLR278C,YHR061C,0,-1.5861654,0.17418916523456573,0.7680000066757202,0.36410000920295715
YOL091W,YGL178W,0,-1.586535,0.17414966225624084,0.7680000066757202,0.36419999599456787
YBR062C,YIL035C,0,-1.5865849,0.17411017417907715,0.7680000066757202,0.364300012588501
YBR288C,YCL012W,0,-1.5866158,0.17407071590423584,0.7680000066757202,0.3643999993801117
YJL021C,YMR291W,0,-1.5869315,0.17403127253055573,0.7680000066757202,0.3644999861717224
YGR109C,YOR291W,0,-1.5871321,0.1739918440580368,0.7680000066757202,0.3646000027656555
YNL259C,YGR254W,0,-1.5871546,0.17395243048667908,0.7680000066757202,0.36469998955726624
YKL196C,YLR218C,0,-1.5872386,0.17391304671764374,0.7680000066757202,0.36480000615119934
YPL009C,YIL103W,1,-1.5872655,0.17410007119178772,0.7689999938011169,0.36480000615119934
YDL235C,YCL020W,0,-1.5873911,0.17406065762043,0.7689999938011169,0.36489999294281006
YNL148C,YMR084W,0,-1.5874028,0.17402127385139465,0.7689999938011169,0.36500000953674316
YMR006C,YKL003C,0,-1.5881312,0.1739819049835205,0.7689999938011169,0.3650999963283539
YER130C,YNL108C,0,-1.5881324,0.17394255101680756,0.7689999938011169,0.365200012922287
YOR093C,YPR058W,0,-1.588179,0.1739032119512558,0.7689999938011169,0.3652999997138977
YER021W,YCL060C,0,-1.5882789,0.17386388778686523,0.7689999938011169,0.3653999865055084
YGR201C,YPL066W,0,-1.5883505,0.17382459342479706,0.7689999938011169,0.36550000309944153
YBL105C,YMR211W,0,-1.5883565,0.17378531396389008,0.7689999938011169,0.36559998989105225
YER011W,YOR001W,0,-1.5883579,0.1737460494041443,0.7689999938011169,0.36570000648498535
YLR172C,YLR143W,1,-1.5887668,0.17393268644809723,0.7699999809265137,0.36570000648498535
YOR233W,YOL053W,0,-1.5888194,0.17389340698719025,0.7699999809265137,0.36579999327659607
YBL071W-A,YLR143W,1,-1.588942,0.17407992482185364,0.7710000276565552,0.36579999327659607
YDR065W,YMR015C,0,-1.5890646,0.17404063045978546,0.7710000276565552,0.3659000098705292
YDR190C,YPR067W,0,-1.5890718,0.17400135099887848,0.7710000276565552,0.3659999966621399
YDR382W,YDL160C,1,-1.5893074,0.17418771982192993,0.7720000147819519,0.3659999966621399
YHR173C,YJR133W,0,-1.589376,0.17414842545986176,0.7720000147819519,0.366100013256073
YER086W,YDL047W,0,-1.5895774,0.17410916090011597,0.7720000147819519,0.3662000000476837
YGR225W,YMR204C,0,-1.5895896,0.17406989634037018,0.7720000147819519,0.36629998683929443
YLR352W,YBL008W-A,0,-1.5897434,0.17403066158294678,0.7720000147819519,0.36640000343322754
YJR121W,YPL112C,0,-1.5897608,0.17399144172668457,0.7720000147819519,0.36649999022483826
YDR293C,YEL036C,0,-1.5897832,0.17395223677158356,0.7720000147819519,0.36660000681877136
YPL207W,YEL043W,0,-1.5899122,0.17391304671764374,0.7720000147819519,0.3666999936103821
YLR127C,YJL167W,0,-1.5900127,0.1738738715648651,0.7720000147819519,0.3668000102043152
YMR310C,YDR085C,0,-1.5900674,0.17383472621440887,0.7720000147819519,0.3668999969959259
YLL021W,YMR034C,0,-1.5901294,0.17379558086395264,0.7720000147819519,0.367000013589859
YNL177C,YFL035C,0,-1.5901372,0.1737564653158188,0.7720000147819519,0.3671000003814697
YDL143W,YER134C,0,-1.5901783,0.17371736466884613,0.7720000147819519,0.36719998717308044
YGR102C,YKL168C,0,-1.5903902,0.17367829382419586,0.7720000147819519,0.36730000376701355
YLR429W,YJL100W,0,-1.5904958,0.1736392229795456,0.7720000147819519,0.36739999055862427
YDR375C,YNL024C-A,0,-1.5905056,0.1736001819372177,0.7720000147819519,0.3675000071525574
YLR419W,YOL096C,0,-1.5905365,0.17356115579605103,0.7720000147819519,0.3675999939441681
YOR076C,YNL063W,1,-1.590697,0.17374691367149353,0.7730000019073486,0.3675999939441681
YBR244W,YNL051W,0,-1.5908515,0.17370785772800446,0.7730000019073486,0.3677000105381012
YGL195W,YPL048W,1,-1.5908854,0.1738935112953186,0.7739999890327454,0.3677000105381012
YNR031C,YDL194W,0,-1.5909555,0.17385444045066833,0.7739999890327454,0.3677999973297119
YGL011C,YHR192W,0,-1.5911237,0.17381539940834045,0.7739999890327454,0.367900013923645
YLR445W,YDR444W,0,-1.5912495,0.17377638816833496,0.7739999890327454,0.36800000071525574
YKL063C,YPL052W,0,-1.5913446,0.17373737692832947,0.7739999890327454,0.36809998750686646
YDL211C,YGL143C,0,-1.591486,0.17369838058948517,0.7739999890327454,0.36820000410079956
YPL051W,YER073W,0,-1.5916114,0.17365941405296326,0.7739999890327454,0.3682999908924103
YER170W,YDR240C,0,-1.5917349,0.17362046241760254,0.7739999890327454,0.3684000074863434
YDR266C,YGR169C-A,1,-1.5917873,0.17380578815937042,0.7749999761581421,0.3684000074863434
YBR071W,YGR060W,0,-1.5918069,0.1737668216228485,0.7749999761581421,0.3684999942779541
YLR064W,YCR091W,0,-1.591932,0.1737278699874878,0.7749999761581421,0.3686000108718872
YKL175W,YKR080W,0,-1.5919962,0.17368893325328827,0.7749999761581421,0.3686999976634979
YPR158C-D,YOR123C,0,-1.5920577,0.17365001142024994,0.7749999761581421,0.36880001425743103
YDL212W,YPL052W,0,-1.5922344,0.1736111044883728,0.7749999761581421,0.36890000104904175
YPR026W,YBL029C-A,0,-1.5924013,0.17357222735881805,0.7749999761581421,0.36899998784065247
YMR170C,YAR071W,0,-1.5924968,0.1735333651304245,0.7749999761581421,0.36910000443458557
YGL093W,YOL126C,0,-1.5928414,0.17349451780319214,0.7749999761581421,0.3691999912261963
YHR182W,YDR056C,0,-1.5929239,0.17345568537712097,0.7749999761581421,0.3693000078201294
YMR190C,YMR325W,0,-1.5930367,0.173416867852211,0.7749999761581421,0.3693999946117401
YNL014W,YDL160C,1,-1.5930455,0.17360179126262665,0.7760000228881836,0.3693999946117401
YGR168C,YKL195W,0,-1.5930574,0.17356295883655548,0.7760000228881836,0.3695000112056732
YOL119C,YJL099W,0,-1.5932293,0.1735241562128067,0.7760000228881836,0.36959999799728394
YNR065C,YBR166C,0,-1.5934229,0.17348535358905792,0.7760000228881836,0.36970001459121704
YPL171C,YDR291W,0,-1.5934517,0.17344658076763153,0.7760000228881836,0.36980000138282776
YNL214W,YDR056C,0,-1.5935109,0.17340782284736633,0.7760000228881836,0.3698999881744385
YIL111W,YML030W,0,-1.593544,0.17336907982826233,0.7760000228881836,0.3700000047683716
YOR287C,YAR071W,0,-1.5936524,0.17333035171031952,0.7760000228881836,0.3700999915599823
YOR196C,YNL160W,0,-1.5937103,0.1732916533946991,0.7760000228881836,0.3702000081539154
YJL102W,YCR063W,0,-1.5937891,0.17325295507907867,0.7760000228881836,0.3702999949455261
YDR429C,YMR039C,0,-1.5938177,0.17321428656578064,0.7760000228881836,0.37040001153945923
YOR244W,YLR289W,0,-1.5941957,0.1731756329536438,0.7760000228881836,0.37049999833106995
YJR015W,YMR239C,0,-1.5942447,0.17313699424266815,0.7760000228881836,0.37059998512268066
YDR313C,YPR016C,0,-1.5942482,0.1730983704328537,0.7760000228881836,0.37070000171661377
YDR045C,YFL033C,0,-1.5942496,0.17305976152420044,0.7760000228881836,0.3707999885082245
YIL158W,YDR060W,0,-1.5943584,0.17302118241786957,0.7760000228881836,0.3709000051021576
YDL140C,YNL095C,0,-1.5943902,0.1729826182126999,0.7760000228881836,0.3709999918937683
YBR145W,YPL152W,0,-1.5944029,0.1729440540075302,0.7760000228881836,0.3711000084877014
YBR246W,YPL052W-A,1,-1.5946271,0.17312833666801453,0.7770000100135803,0.3711000084877014
YBR118W,YDR333C,1,-1.594737,0.17331254482269287,0.777999997138977,0.3711000084877014
YGL207W,YNL036W,0,-1.5947409,0.1732739359140396,0.777999997138977,0.37119999527931213
YIR018W,YOL157C,0,-1.5948644,0.17323535680770874,0.777999997138977,0.37130001187324524
YPR184W,YMR128W,0,-1.5948881,0.17319679260253906,0.777999997138977,0.37139999866485596
YBR018C,YIL128W,0,-1.5948999,0.17315824329853058,0.777999997138977,0.3714999854564667
YDR190C,YPR003C,0,-1.595155,0.1731197088956833,0.777999997138977,0.3716000020503998
YDR097C,YCR068W,0,-1.5952995,0.1730812042951584,0.777999997138977,0.3716999888420105
YPL052W-A,YPL009C,1,-1.595356,0.17326512932777405,0.7789999842643738,0.3716999888420105
YPR011C,YPL169C,0,-1.595921,0.17322659492492676,0.7789999842643738,0.3718000054359436
YOL039W,YOL075C,0,-1.5959654,0.17318809032440186,0.7789999842643738,0.3718999922275543
YNL051W,YKL058W,0,-1.5959928,0.17314958572387695,0.7789999842643738,0.3720000088214874
YER146W,YDR316W-A,0,-1.5961165,0.17311111092567444,0.7789999842643738,0.37209999561309814
YGR165W,YKL022C,0,-1.5961188,0.17307265102863312,0.7789999842643738,0.37220001220703125
YPR114W,YHL009W-B,0,-1.5961398,0.173034206032753,0.7789999842643738,0.37229999899864197
YGR285C,YGL110C,1,-1.5963106,0.17321784794330597,0.7799999713897705,0.37229999899864197
YBL029C-A,YDL006W,0,-1.5963638,0.17317940294742584,0.7799999713897705,0.3723999857902527
YGL166W,YLR150W,0,-1.596432,0.17314095795154572,0.7799999713897705,0.3725000023841858
YBR246W,YGR169C-A,1,-1.5966718,0.17332445085048676,0.781000018119812,0.3725000023841858
YPR119W,YMR043W,0,-1.596831,0.17328600585460663,0.781000018119812,0.3725999891757965
YLR192C,YDR524C,0,-1.5969056,0.1732475608587265,0.781000018119812,0.3727000057697296
YDR441C,YNL037C,0,-1.5969058,0.17320913076400757,0.781000018119812,0.37279999256134033
YKL192C,YNL312W,0,-1.5969629,0.17317073047161102,0.781000018119812,0.37290000915527344
YDL064W,YFL046W,0,-1.5969632,0.17313234508037567,0.781000018119812,0.37299999594688416
YER112W,YCR075W-A,0,-1.5970291,0.1730939745903015,0.781000018119812,0.37310001254081726
YOR279C,YDL177C,0,-1.597039,0.17305561900138855,0.781000018119812,0.373199999332428
YLR392C,YJL105W,0,-1.59708,0.17301727831363678,0.781000018119812,0.3732999861240387
YLR081W,YNL053W,0,-1.597306,0.1729789525270462,0.781000018119812,0.3734000027179718
YKR035W-A,YKR095W,0,-1.5975266,0.17294065654277802,0.781000018119812,0.3734999895095825
YOR243C,YPL173W,0,-1.5977404,0.17290237545967102,0.781000018119812,0.3736000061035156
YER092W,YPL041C,0,-1.5977424,0.17286409437656403,0.781000018119812,0.37369999289512634
YDL241W,YDL153C,0,-1.597759,0.17282584309577942,0.781000018119812,0.37380000948905945
YAR028W,YOR177C,0,-1.597893,0.172787606716156,0.781000018119812,0.37389999628067017
YOR380W,YGL095C,0,-1.5980058,0.1727493852376938,0.781000018119812,0.37400001287460327
YKL187C,YDR353W,0,-1.5981617,0.17271119356155396,0.781000018119812,0.374099999666214
YKR089C,YBR012W-B,0,-1.5983204,0.17267300188541412,0.781000018119812,0.3741999864578247
YER148W,YDR210C-C,0,-1.5984151,0.17263484001159668,0.781000018119812,0.3743000030517578
YOR149C,YPR003C,0,-1.5984331,0.17259667813777924,0.781000018119812,0.37439998984336853
YFR041C,YGL015C,0,-1.5987324,0.17255854606628418,0.781000018119812,0.37450000643730164
YIR019C,YOL144W,0,-1.598757,0.17252042889595032,0.781000018119812,0.37459999322891235
YDR098C-B,YDL073W,0,-1.5987723,0.17248232662677765,0.781000018119812,0.37470000982284546
YBR146W,YFL006W,0,-1.5990609,0.17244425415992737,0.781000018119812,0.3747999966144562
YLR118C,YDR478W,0,-1.5991323,0.1724061816930771,0.781000018119812,0.3749000132083893
YML033W,YIR030C,0,-1.5992608,0.172368124127388,0.781000018119812,0.375
YMR028W,YCR096C,0,-1.599549,0.1723300963640213,0.781000018119812,0.3750999867916107
YDL170W,YGR155W,0,-1.599773,0.1722920835018158,0.781000018119812,0.3752000033855438
YBR111W-A,YHL032C,0,-1.5998471,0.17225408554077148,0.781000018119812,0.37529999017715454
YMR139W,YLL010C,0,-1.599885,0.17221610248088837,0.781000018119812,0.37540000677108765
YER112W,YER068W,0,-1.5999424,0.17217813432216644,0.781000018119812,0.37549999356269836
YOR202W,YNL113W,0,-1.5999668,0.1721401810646057,0.781000018119812,0.37560001015663147
YGR285C,YMR247C,1,-1.600032,0.172322615981102,0.7820000052452087,0.37560001015663147
YIL046W,YHR177W,0,-1.6001489,0.17228464782238007,0.7820000052452087,0.3756999969482422
YDR319C,YGL195W,0,-1.6001498,0.17224669456481934,0.7820000052452087,0.3758000135421753
YKL027W,YLR212C,0,-1.600165,0.172208771109581,0.7820000052452087,0.375900000333786
YDR541C,YOR059C,0,-1.6006345,0.17217084765434265,0.7820000052452087,0.37599998712539673
YOR021C,YER068W,0,-1.600758,0.1721329540014267,0.7820000052452087,0.37610000371932983
YBL100W-A,YGL213C,0,-1.600786,0.17209507524967194,0.7820000052452087,0.37619999051094055
YGR225W,YOL070C,0,-1.6009172,0.17205721139907837,0.7820000052452087,0.37630000710487366
YAL019W,YCL008C,0,-1.6011245,0.172019362449646,0.7820000052452087,0.3763999938964844
YPL026C,YDR293C,0,-1.6012776,0.17198152840137482,0.7820000052452087,0.3765000104904175
YHR089C,YIL173W,0,-1.6012799,0.17194370925426483,0.7820000052452087,0.3765999972820282
YLR443W,YNL290W,0,-1.6013312,0.17190591990947723,0.7820000052452087,0.3767000138759613
YOR262W,YDR481C,0,-1.6015239,0.17186813056468964,0.7820000052452087,0.376800000667572
YDR510W,YMR113W,0,-1.6016699,0.17183037102222443,0.7820000052452087,0.37689998745918274
YBL019W,YGR121C,0,-1.6019181,0.17179261147975922,0.7820000052452087,0.37700000405311584
YBR082C,YOR123C,0,-1.602086,0.1717548817396164,0.7820000052452087,0.37709999084472656
YNL007C,YPR179C,0,-1.6023726,0.17171716690063477,0.7820000052452087,0.37720000743865967
YJL081C,YBR219C,0,-1.602412,0.17167946696281433,0.7820000052452087,0.3772999942302704
YOR093C,YPR054W,0,-1.6024896,0.17164179682731628,0.7820000052452087,0.3774000108242035
YIL087C,YOR292C,0,-1.6026337,0.17160412669181824,0.7820000052452087,0.3774999976158142
YGR012W,YKL007W,0,-1.602676,0.17156647145748138,0.7820000052452087,0.3776000142097473
YLL052C,YNL080C,0,-1.6026833,0.17152884602546692,0.7820000052452087,0.37770000100135803
YFL034W,YGR096W,0,-1.6026857,0.17149123549461365,0.7820000052452087,0.37779998779296875
YBR242W,YLR095C,0,-1.6028333,0.17145362496376038,0.7820000052452087,0.37790000438690186
YLR227W-B,YNL210W,0,-1.602939,0.1714160442352295,0.7820000052452087,0.3779999911785126
YER048C,YHL003C,0,-1.6029994,0.1713784784078598,0.7820000052452087,0.3781000077724457
YBR046C,YOR270C,0,-1.60302,0.1713409274816513,0.7820000052452087,0.3781999945640564
YHR096C,YLR441C,0,-1.6031096,0.171303391456604,0.7820000052452087,0.3783000111579895
YAR066W,YPL189C-A,0,-1.6032083,0.1712658852338791,0.7820000052452087,0.3783999979496002
YPL252C,YJL098W,0,-1.603225,0.17122837901115417,0.7820000052452087,0.3785000145435333
YDL015C,YBR126W-A,0,-1.6032493,0.17119088768959045,0.7820000052452087,0.37860000133514404
YNR015W,YGL124C,0,-1.6033002,0.17115342617034912,0.7820000052452087,0.37869998812675476
YLL006W,YDR148C,0,-1.6035376,0.17111597955226898,0.7820000052452087,0.37880000472068787
YMR149W,YMR314W,0,-1.6037207,0.17107853293418884,0.7820000052452087,0.3788999915122986
YGR270W,YOR330C,0,-1.6037686,0.1710411161184311,0.7820000052452087,0.3790000081062317
YIL003W,YJL171C,0,-1.60397,0.17100371420383453,0.7820000052452087,0.3790999948978424
YGR043C,YNL133C,0,-1.6041589,0.17096632719039917,0.7820000052452087,0.3792000114917755
YPL084W,YHR202W,0,-1.604188,0.170928955078125,0.7820000052452087,0.37929999828338623
YJR027W,YJL173C,0,-1.6042044,0.17089161276817322,0.7820000052452087,0.37940001487731934
YML095C,YPL081W,0,-1.6042145,0.17085427045822144,0.7820000052452087,0.37950000166893005
YPL265W,YGR041W,0,-1.6042764,0.17081695795059204,0.7820000052452087,0.37959998846054077
YML116W,YLR005W,0,-1.6042831,0.17077964544296265,0.7820000052452087,0.3797000050544739
YDR279W,YAL060W,0,-1.6045597,0.17074236273765564,0.7820000052452087,0.3797999918460846
YOR356W,YBR082C,0,-1.6046684,0.17070508003234863,0.7820000052452087,0.3799000084400177
YLR427W,YMR237W,0,-1.6048343,0.170667827129364,0.7820000052452087,0.3799999952316284
YOL071W,YKR017C,0,-1.6048484,0.1706305891275406,0.7820000052452087,0.3801000118255615
YFL014W,YPR027C,0,-1.6050805,0.17059336602687836,0.7820000052452087,0.38019999861717224
YLR406C,YMR148W,0,-1.6051378,0.17055615782737732,0.7820000052452087,0.38029998540878296
YOL086C,YNL094W,0,-1.6054175,0.17051896452903748,0.7820000052452087,0.38040000200271606
YBR046C,YPR165W,0,-1.605436,0.17048180103302002,0.7820000052452087,0.3804999887943268
YDL166C,YAR035W,0,-1.6054761,0.17044463753700256,0.7820000052452087,0.3806000053882599
YAL044C,YLR303W,0,-1.6056833,0.1704074889421463,0.7820000052452087,0.3806999921798706
YFR032C-A,YNL023C,0,-1.6059821,0.17037037014961243,0.7820000052452087,0.3808000087738037
YDR017C,YOR166C,0,-1.6061754,0.17033326625823975,0.7820000052452087,0.38089999556541443
YDR367W,YBR302C,0,-1.6062875,0.17029616236686707,0.7820000052452087,0.38100001215934753
YLR455W,YGL127C,0,-1.6064434,0.17025908827781677,0.7820000052452087,0.38109999895095825
YLR134W,YNL197C,0,-1.6064577,0.17022202908992767,0.7820000052452087,0.38119998574256897
YPL069C,YNL175C,0,-1.6065274,0.17018498480319977,0.7820000052452087,0.3813000023365021
YDR079C-A,YJR100C,0,-1.6065665,0.17014795541763306,0.7820000052452087,0.3813999891281128
YDL160C,YHR064C,1,-1.6067691,0.17032846808433533,0.7829999923706055,0.3813999891281128
YKL042W,YDR169C,0,-1.6068251,0.17029142379760742,0.7829999923706055,0.3815000057220459
YBL058W,YKL168C,0,-1.6070715,0.1702544093132019,0.7829999923706055,0.3815999925136566
YOL041C,YBR084W,0,-1.6071812,0.1702173948287964,0.7829999923706055,0.3817000091075897
YER159C,YIL078W,0,-1.6072187,0.17018039524555206,0.7829999923706055,0.38179999589920044
YHR107C,YIL061C,0,-1.6074355,0.17014341056346893,0.7829999923706055,0.38190001249313354
YOL137W,YKL058W,0,-1.6074929,0.1701064556837082,0.7829999923706055,0.38199999928474426
YHL037C,YGR227W,0,-1.607548,0.17006950080394745,0.7829999923706055,0.382099986076355
YDR153C,YMR204C,0,-1.6077174,0.1700325757265091,0.7829999923706055,0.3822000026702881
YKL091C,YKL114C,0,-1.6079283,0.16999565064907074,0.7829999923706055,0.3822999894618988
YGL041C-B,YGL123W,0,-1.6080203,0.16995875537395477,0.7829999923706055,0.3824000060558319
YPL116W,YPL202C,0,-1.608047,0.169921875,0.7829999923706055,0.3824999928474426
YPR165W,YMR225C,0,-1.6080608,0.16988500952720642,0.7829999923706055,0.38260000944137573
YDR545W,YAL064W-B,0,-1.6081538,0.16984815895557404,0.7829999923706055,0.38269999623298645
YER050C,YOR216C,0,-1.6082122,0.16981132328510284,0.7829999923706055,0.38280001282691956
YBR187W,YNL284C-B,0,-1.6082137,0.16977450251579285,0.7829999923706055,0.3828999996185303
YOR233W,YML082W,0,-1.6082247,0.16973769664764404,0.7829999923706055,0.382999986410141
YJR044C,YPL200W,0,-1.6083655,0.16970090568065643,0.7829999923706055,0.3831000030040741
YMR003W,YPR149W,0,-1.608403,0.1696641445159912,0.7829999923706055,0.3831999897956848
YDL044C,YNL192W,0,-1.6085975,0.169627383351326,0.7829999923706055,0.3833000063896179
YNL283C,YDL079C,0,-1.6090117,0.16959063708782196,0.7829999923706055,0.38339999318122864
YPL179W,YNR024W,0,-1.609112,0.16955392062664032,0.7829999923706055,0.38350000977516174
YGR086C,YOR192C-B,0,-1.6093199,0.16951720416545868,0.7829999923706055,0.38359999656677246
YDL143W,YNL085W,0,-1.6094072,0.16948051750659943,0.7829999923706055,0.38370001316070557
YLR340W,YJR040W,0,-1.6094434,0.16944384574890137,0.7829999923706055,0.3837999999523163
YLR046C,YJL127C-B,0,-1.609485,0.1694071888923645,0.7829999923706055,0.383899986743927
YER052C,YNL200C,0,-1.6094863,0.16937053203582764,0.7829999923706055,0.3840000033378601
YDR233C,YKL161C,0,-1.6096368,0.16933390498161316,0.7829999923706055,0.3840999901294708
YDR309C,YFR020W,0,-1.6097208,0.16929729282855988,0.7829999923706055,0.38420000672340393
YDR383C,YGL114W,0,-1.6097465,0.16926069557666779,0.7829999923706055,0.38429999351501465
YGR292W,YBR245C,0,-1.6097504,0.1692241132259369,0.7829999923706055,0.38440001010894775
YOL039W,YOR380W,0,-1.6097789,0.16918756067752838,0.7829999923706055,0.38449999690055847
YNL259C,YGL184C,0,-1.6098294,0.16915100812911987,0.7829999923706055,0.3846000134944916
YBR272C,YDR316W-A,0,-1.609873,0.16911447048187256,0.7829999923706055,0.3847000002861023
YDR141C,YDR359C,0,-1.6099277,0.16907794773578644,0.7829999923706055,0.384799987077713
YGR276C,YLR410W-A,0,-1.6099708,0.1690414547920227,0.7829999923706055,0.3849000036716461
YLR168C,YPR027C,0,-1.610076,0.16900496184825897,0.7829999923706055,0.38499999046325684
YOR343W-A,YDR060W,0,-1.6102172,0.16896849870681763,0.7829999923706055,0.38510000705718994
YJR138W,YLR460C,0,-1.6103387,0.16893203556537628,0.7829999923706055,0.38519999384880066
YDR185C,YKR010C,0,-1.6103944,0.16889560222625732,0.7829999923706055,0.38530001044273376
YLR356W,YGL227W,0,-1.6105917,0.16885916888713837,0.7829999923706055,0.3853999972343445
YLR203C,YLR132C,0,-1.6106703,0.1688227653503418,0.7829999923706055,0.3855000138282776
YDL030W,YLR459W,0,-1.6106778,0.16878637671470642,0.7829999923706055,0.3856000006198883
YFR018C,YPR011C,0,-1.6107354,0.16875000298023224,0.7829999923706055,0.385699987411499
YGL110C,YGR169C-A,1,-1.6109817,0.1689291149377823,0.7839999794960022,0.385699987411499
YDR248C,YHR177W,0,-1.611023,0.16889271140098572,0.7839999794960022,0.38580000400543213
YLR212C,YCR075W-A,0,-1.6111579,0.16885633766651154,0.7839999794960022,0.38589999079704285
YPR120C,YNL220W,0,-1.6113098,0.16881997883319855,0.7839999794960022,0.38600000739097595
YDR367W,YLR144C,0,-1.6113694,0.16878363490104675,0.7839999794960022,0.38609999418258667
YBR044C,YFL008W,0,-1.6115346,0.16874730587005615,0.7839999794960022,0.3862000107765198
YPL002C,YJR051W,0,-1.6115628,0.16871099174022675,0.7839999794960022,0.3862999975681305
YDL124W,YJL105W,0,-1.611738,0.16867469251155853,0.7839999794960022,0.3864000141620636
YNL054W-B,YLR333C,0,-1.6117444,0.1686384230852127,0.7839999794960022,0.3865000009536743
YER112W,YDR261W-A,0,-1.6119065,0.16860215365886688,0.7839999794960022,0.38659998774528503
YJR009C,YMR268W-A,0,-1.612081,0.16856589913368225,0.7839999794960022,0.38670000433921814
YNL095C,YNL026W,0,-1.6121626,0.1685296595096588,0.7839999794960022,0.38679999113082886
YLR391W-A,YER139C,0,-1.6123204,0.16849344968795776,0.7839999794960022,0.38690000772476196
YJL041W,YBR115C,0,-1.6124394,0.1684572398662567,0.7839999794960022,0.3869999945163727
YOR125C,YDR185C,0,-1.6125882,0.16842105984687805,0.7839999794960022,0.3871000111103058
YOR348C,YDR381W,0,-1.6125946,0.1683848798274994,0.7839999794960022,0.3871999979019165
YDR227W,YER132C,0,-1.612798,0.16834872961044312,0.7839999794960022,0.3873000144958496
YER011W,YGL150C,0,-1.61283,0.16831257939338684,0.7839999794960022,0.3874000012874603
YNL085W,YPL014W,0,-1.6129332,0.16827645897865295,0.7839999794960022,0.38749998807907104
YPR071W,YMR055C,0,-1.6130438,0.16824033856391907,0.7839999794960022,0.38760000467300415
YML070W,YOR340C,0,-1.613111,0.16820424795150757,0.7839999794960022,0.38769999146461487
YNL063W,YML014W,1,-1.61316,0.1683826744556427,0.7850000262260437,0.38769999146461487
YIL088C,YDR314C,0,-1.6132084,0.1683465540409088,0.7850000262260437,0.387800008058548
YER092W,YJL128C,0,-1.6132765,0.16831046342849731,0.7850000262260437,0.3878999948501587
YJR010W,YLR009W,0,-1.6134135,0.168274387717247,0.7850000262260437,0.3880000114440918
YNL284C,YJL012C-A,0,-1.6134179,0.1682383269071579,0.7850000262260437,0.3880999982357025
YDL024C,YLR029C,0,-1.6134408,0.1682022660970688,0.7850000262260437,0.3882000148296356
YLR097C,YOR256C,0,-1.6134644,0.16816623508930206,0.7850000262260437,0.38830000162124634
YNR015W,YCR043C,0,-1.6134939,0.16813021898269653,0.7850000262260437,0.38839998841285706
YKL006C-A,YDR098C-A,0,-1.6135461,0.1680942177772522,0.7850000262260437,0.38850000500679016
YER098W,YJL225C,0,-1.6135805,0.16805823147296906,0.7850000262260437,0.3885999917984009
YNL012W,YPR158W-A,0,-1.614032,0.1680222600698471,0.7850000262260437,0.388700008392334
YIL037C,YKL161C,0,-1.6140847,0.16798630356788635,0.7850000262260437,0.3887999951839447
YHR140W,YGL186C,0,-1.6144147,0.1679503619670868,0.7850000262260437,0.3889000117778778
YLR150W,YPL052W,1,-1.6144457,0.1681283414363861,0.7860000133514404,0.3889000117778778
YMR237W,YNL246W,0,-1.614448,0.16809238493442535,0.7860000133514404,0.3889999985694885
YMR120C,YCL003W,0,-1.6144679,0.1680564433336258,0.7860000133514404,0.38909998536109924
YPR011C,YLR191W,0,-1.6145668,0.16802051663398743,0.7860000133514404,0.38920000195503235
YPL022W,YNL331C,0,-1.6146678,0.16798460483551025,0.7860000133514404,0.38929998874664307
YBR242W,YGR161W-A,0,-1.6147206,0.16794872283935547,0.7860000133514404,0.38940000534057617
YJL142C,YEL029C,0,-1.6152415,0.16791284084320068,0.7860000133514404,0.3894999921321869
YOR247W,YOR372C,0,-1.6154077,0.1678769737482071,0.7860000133514404,0.38960000872612
YJL112W,YKL054C,0,-1.6154628,0.1678411215543747,0.7860000133514404,0.3896999955177307
YBL010C,YKL204W,0,-1.6155784,0.16780529916286469,0.7860000133514404,0.3898000121116638
YPR036W-A,YKR095W-A,0,-1.6156397,0.16776947677135468,0.7860000133514404,0.38989999890327454
YLR445W,YDR151C,0,-1.6157429,0.16773366928100586,0.7860000133514404,0.38999998569488525
YHR064C,YGR169C-A,1,-1.6159089,0.16791124641895294,0.7870000004768372,0.38999998569488525
YMR285C,YDR367W,0,-1.6161335,0.16787542402744293,0.7870000004768372,0.39010000228881836
YBR191W,YMR316C-A,0,-1.6163589,0.1678396314382553,0.7870000004768372,0.3901999890804291
YOL142W,YPL052W,0,-1.6163596,0.1678038388490677,0.7870000004768372,0.3903000056743622
YDR451C,YML124C,0,-1.6165621,0.16776806116104126,0.7870000004768372,0.3903999924659729
YBR274W,YJL208C,0,-1.6166885,0.16773231327533722,0.7870000004768372,0.390500009059906
YMR270C,YKL063C,0,-1.6167376,0.16769656538963318,0.7870000004768372,0.3905999958515167
YMR044W,YBL006C,0,-1.6167691,0.16766084730625153,0.7870000004768372,0.39070001244544983
YGR030C,YLR287C,0,-1.6168709,0.16762512922286987,0.7870000004768372,0.39079999923706055
YLR386W,YPL128C,0,-1.6169413,0.1675894409418106,0.7870000004768372,0.39089998602867126
YBL060W,YIL087C,0,-1.6169643,0.16755375266075134,0.7870000004768372,0.39100000262260437
YDR164C,YMR190C,0,-1.6170464,0.16751809418201447,0.7870000004768372,0.3910999894142151
YER153C,YHR076W,0,-1.6170468,0.1674824357032776,0.7870000004768372,0.3912000060081482
YFL003C,YEL003W,0,-1.617073,0.1674468070268631,0.7870000004768372,0.3912999927997589
YGR081C,YDR265W,0,-1.6171113,0.1674111932516098,0.7870000004768372,0.391400009393692
YDR211W,YLR271W,0,-1.6171913,0.1673755794763565,0.7870000004768372,0.39149999618530273
YDL246C,YMR075W,0,-1.6172764,0.1673399955034256,0.7870000004768372,0.39160001277923584
YDR121W,YPR137C-B,0,-1.6173319,0.16730442643165588,0.7870000004768372,0.39169999957084656
YGR108W,YNL022C,0,-1.6177962,0.16726885735988617,0.7870000004768372,0.3917999863624573
YDR123C,YKL079W,0,-1.6179384,0.16723331809043884,0.7870000004768372,0.3919000029563904
YDR222W,YPL231W,0,-1.6180099,0.1671977937221527,0.7870000004768372,0.3919999897480011
YOL077C,YBL029C-A,0,-1.6181203,0.16716228425502777,0.7870000004768372,0.3921000063419342
YKL176C,YDR256C,0,-1.6182383,0.16712677478790283,0.7870000004768372,0.3921999931335449
YGL006W,YJR026W,0,-1.6182879,0.16709129512310028,0.7870000004768372,0.392300009727478
YJR161C,YEL019C,0,-1.6183949,0.16705583035945892,0.7870000004768372,0.39239999651908875
YGR191W,YLR391W,0,-1.6187639,0.16702038049697876,0.7870000004768372,0.39250001311302185
YNL284C-B,YNR021W,0,-1.6188301,0.1669849306344986,0.7870000004768372,0.39259999990463257
YGL166W,YAR027W,0,-1.6188473,0.16694951057434082,0.7870000004768372,0.3926999866962433
YGR128C,YGR161W-A,0,-1.6189591,0.16691410541534424,0.7870000004768372,0.3928000032901764
YBL005W-B,YFL022C,0,-1.6189626,0.16687871515750885,0.7870000004768372,0.3928999900817871
YDR196C,YLR096W,0,-1.6190581,0.16684333980083466,0.7870000004768372,0.3930000066757202
YPL266W,YIL006W,0,-1.6191721,0.16680796444416046,0.7870000004768372,0.39309999346733093
YNL132W,YKL195W,0,-1.6194127,0.16677261888980865,0.7870000004768372,0.39320001006126404
YPR158W-A,YHL003C,0,-1.6195214,0.16673728823661804,0.7870000004768372,0.39329999685287476
YOR021C,YIL075C,0,-1.6196675,0.16670197248458862,0.7870000004768372,0.39340001344680786
YPR158W-A,YKR024C,0,-1.619769,0.1666666716337204,0.7870000004768372,0.3935000002384186
YIL070C,YNL166C,0,-1.619842,0.16663138568401337,0.7870000004768372,0.3935999870300293
YDR140W,YML003W,0,-1.6200138,0.16659609973430634,0.7870000004768372,0.3937000036239624
YCR102C,YOR125C,0,-1.6202278,0.1665608435869217,0.7870000004768372,0.3937999904155731
YKL161C,YPL224C,0,-1.6202303,0.16652560234069824,0.7870000004768372,0.3939000070095062
YGR250C,YMR323W,0,-1.6203023,0.166490375995636,0.7870000004768372,0.39399999380111694
YBR082C,YOR346W,0,-1.6203207,0.16645516455173492,0.7870000004768372,0.39410001039505005
YJL087C,YPL188W,0,-1.620358,0.16641996800899506,0.7870000004768372,0.39419999718666077
YKR051W,YCL055W,0,-1.62048,0.1663847714662552,0.7870000004768372,0.39430001378059387
YHR048W,YCR043C,0,-1.6206062,0.1663496047258377,0.7870000004768372,0.3944000005722046
YHL039W,YPL117C,0,-1.6207426,0.16631445288658142,0.7870000004768372,0.3944999873638153
YER069W,YDR347W,0,-1.6207939,0.16627931594848633,0.7870000004768372,0.3946000039577484
YJL104W,YJR129C,0,-1.6208141,0.16624419391155243,0.7870000004768372,0.39469999074935913
YMR025W,YIL067C,0,-1.620952,0.16620908677577972,0.7870000004768372,0.39480000734329224
YBR214W,YER120W,0,-1.6209948,0.16617397964000702,0.7870000004768372,0.39489999413490295
YIL061C,YCR102C,0,-1.6211064,0.1661389023065567,0.7870000004768372,0.39500001072883606
YKR023W,YHR002W,0,-1.6211102,0.16610383987426758,0.7870000004768372,0.3950999975204468
YJR015W,YBL006C,0,-1.6212548,0.16606879234313965,0.7870000004768372,0.3952000141143799
YLR155C,YOR125C,0,-1.6213363,0.1660337597131729,0.7870000004768372,0.3953000009059906
YIR026C,YBR254C,0,-1.6215129,0.16599872708320618,0.7870000004768372,0.3953999876976013
YMR043W,YJL151C,0,-1.6218486,0.16596372425556183,0.7870000004768372,0.3955000042915344
YJL033W,YCR097WB,0,-1.6218655,0.16592873632907867,0.7870000004768372,0.39559999108314514
YGL225W,YGR037C,0,-1.6220078,0.1658937633037567,0.7870000004768372,0.39570000767707825
YNR039C,YCL021W-A,0,-1.6222591,0.16585880517959595,0.7870000004768372,0.39579999446868896
YGR061C,YCL048W-A,0,-1.6223593,0.16582384705543518,0.7870000004768372,0.39590001106262207
YOL137W,YLL018C-A,0,-1.6224192,0.1657889187335968,0.7870000004768372,0.3959999978542328
YKL191W,YGR169C-A,1,-1.6224711,0.16596461832523346,0.7879999876022339,0.3959999978542328
YDR421W,YPL188W,0,-1.6230837,0.1659296751022339,0.7879999876022339,0.3961000144481659
YGL018C,YNL153C,0,-1.6231124,0.16589473187923431,0.7879999876022339,0.3962000012397766
YDR508C,YDR153C,0,-1.6232166,0.16585981845855713,0.7879999876022339,0.39629998803138733
YDL114W,YPR023C,0,-1.6232271,0.16582491993904114,0.7879999876022339,0.39640000462532043
YLR064W,YNL095C,0,-1.6232479,0.16579002141952515,0.7879999876022339,0.39649999141693115
YPL171C,YKR044W,0,-1.6236494,0.16575515270233154,0.7879999876022339,0.39660000801086426
YNL001W,YJL069C,0,-1.623701,0.16572029888629913,0.7879999876022339,0.396699994802475
YMR210W,YKL011C,0,-1.6238484,0.16568544507026672,0.7879999876022339,0.3968000113964081
YDR429C,YLR460C,0,-1.6239349,0.1656506210565567,0.7879999876022339,0.3968999981880188
YMR028W,YIL140W,0,-1.6240458,0.16561581194400787,0.7879999876022339,0.3970000147819519
YDL233W,YKL015W,0,-1.6240733,0.16558100283145905,0.7879999876022339,0.3971000015735626
YGL130W,YLL066C,0,-1.6240996,0.1655462235212326,0.7879999876022339,0.39719998836517334
YJL176C,YDR379C-A,0,-1.6241114,0.16551144421100616,0.7879999876022339,0.39730000495910645
YMR133W,YNL106C,0,-1.6242921,0.1654766947031021,0.7879999876022339,0.39739999175071716
YDR508C,YNL268W,0,-1.6243756,0.16544194519519806,0.7879999876022339,0.39750000834465027
YHR041C,YHL018W,0,-1.6243765,0.1654072254896164,0.7879999876022339,0.397599995136261
YFR038W,YNL333W,0,-1.6245627,0.16537250578403473,0.7879999876022339,0.3977000117301941
YDR478W,YKL080W,0,-1.624691,0.16533781588077545,0.7879999876022339,0.3977999985218048
YNL213C,YLL022C,0,-1.6246965,0.16530312597751617,0.7879999876022339,0.3978999853134155
YGL129C,YMR296C,0,-1.6247895,0.1652684509754181,0.7879999876022339,0.39800000190734863
YBR246W,YGR201C,1,-1.6248426,0.16544349491596222,0.7889999747276306,0.39800000190734863
YBR111W-A,YJL173C,0,-1.6248432,0.16540880501270294,0.7889999747276306,0.39809998869895935
YPR165W,YOR179C,0,-1.6249549,0.16537413001060486,0.7889999747276306,0.39820000529289246
YOR308C,YDR079W,0,-1.6250479,0.16533948481082916,0.7889999747276306,0.3982999920845032
YPL014W,YPR018W,0,-1.6251316,0.16530483961105347,0.7889999747276306,0.3984000086784363
YNL268W,YNL234W,0,-1.6251504,0.16527020931243896,0.7889999747276306,0.398499995470047
YER117W,YPR098C,0,-1.6253088,0.16523560881614685,0.7889999747276306,0.3986000120639801
YBR199W,YCL011C,0,-1.6253687,0.16520100831985474,0.7889999747276306,0.3986999988555908
YLR187W,YDL117W,0,-1.6254649,0.16516642272472382,0.7889999747276306,0.39879998564720154
YDR263C,YGR024C,0,-1.6255653,0.1651318520307541,0.7889999747276306,0.39890000224113464
YCR043C,YPL149W,0,-1.6256058,0.16509729623794556,0.7889999747276306,0.39899998903274536
YHL009W-B,YLR404W,0,-1.6256568,0.16506275534629822,0.7889999747276306,0.39910000562667847
YKR065C,YIL082W-A,0,-1.6256695,0.16502822935581207,0.7889999747276306,0.3991999924182892
YJL115W,YBR282W,0,-1.6256945,0.16499373316764832,0.7889999747276306,0.3993000090122223
YDR167W,YBR193C,0,-1.6257825,0.16495923697948456,0.7889999747276306,0.399399995803833
YER049W,YGL225W,0,-1.6258211,0.164924755692482,0.7889999747276306,0.3995000123977661
YJR124C,YJR085C,0,-1.6258973,0.16489028930664062,0.7889999747276306,0.39959999918937683
YLR047C,YHL048W,0,-1.6260362,0.16485582292079926,0.7889999747276306,0.39969998598098755
YIL162W,YPR038W,0,-1.6261771,0.16482138633728027,0.7889999747276306,0.39980000257492065
YJR010C-A,YOL032W,0,-1.6262112,0.16478696465492249,0.7889999747276306,0.39989998936653137
YPL242C,YNL229C,0,-1.6262276,0.1647525578737259,0.7889999747276306,0.4000000059604645
YNL079C,YHL032C,0,-1.6262323,0.1647181659936905,0.7889999747276306,0.4000999927520752
YGR030C,YDL165W,0,-1.6265888,0.16468378901481628,0.7889999747276306,0.4002000093460083
YPL257W-B,YCL059C,0,-1.6266794,0.16464941203594208,0.7889999747276306,0.400299996137619
YPR182W,YCL057C-A,0,-1.6267523,0.16461506485939026,0.7889999747276306,0.4004000127315521
YEL077C,YHR066W,0,-1.6267674,0.16458073258399963,0.7889999747276306,0.40049999952316284
YAL002W,YGR216C,0,-1.6268678,0.164546400308609,0.7889999747276306,0.40059998631477356
YKR017C,YER024W,0,-1.6269532,0.16451209783554077,0.7889999747276306,0.40070000290870667
YHR200W,YIR012W,0,-1.6272194,0.16447779536247253,0.7889999747276306,0.4007999897003174
YBR132C,YKR105C,0,-1.6273329,0.16444352269172668,0.7889999747276306,0.4009000062942505
YHR071W,YNR063W,0,-1.627421,0.16440925002098083,0.7889999747276306,0.4009999930858612
YHR003C,YDR210W-A,0,-1.6274364,0.16437500715255737,0.7889999747276306,0.4011000096797943
YML065W,YDR205W,0,-1.6277671,0.1643407642841339,0.7889999747276306,0.40119999647140503
YJR045C,YLR386W,0,-1.627775,0.16430653631687164,0.7889999747276306,0.40130001306533813
YMR046C,YKR060W,0,-1.6278956,0.16427232325077057,0.7889999747276306,0.40139999985694885
YNL014W,YPR080W,1,-1.6280543,0.16444629430770874,0.7900000214576721,0.40139999985694885
YIL103W,YFR009W,1,-1.6281414,0.16462019085884094,0.7910000085830688,0.40139999985694885
YOR340C,YIL021W,0,-1.6281695,0.1645859330892563,0.7910000085830688,0.40149998664855957
YGR168C,YBR188C,0,-1.6283077,0.16455169022083282,0.7910000085830688,0.4016000032424927
YER068W,YNL325C,0,-1.6285658,0.16451747715473175,0.7910000085830688,0.4016999900341034
YGL095C,YGL144C,0,-1.628731,0.16448326408863068,0.7910000085830688,0.4018000066280365
YNR015W,YDR379C-A,0,-1.628789,0.1644490659236908,0.7910000085830688,0.4018999934196472
YOR338W,YMR154C,0,-1.6288022,0.1644148826599121,0.7910000085830688,0.4020000100135803
YMR236W,YHR211W,0,-1.6289133,0.16438071429729462,0.7910000085830688,0.40209999680519104
YML055W,YDR351W,0,-1.6290568,0.16434656083583832,0.7910000085830688,0.40220001339912415
YMR167W,YGL219C,0,-1.6290624,0.1643124222755432,0.7910000085830688,0.40230000019073486
YDL165W,YOL086W-A,0,-1.6292837,0.1642782986164093,0.7910000085830688,0.4023999869823456
YCR017C,YKR017C,0,-1.6293817,0.16424418985843658,0.7910000085830688,0.4025000035762787
YPL009C,YML014W,1,-1.629786,0.16441768407821655,0.7919999957084656,0.4025000035762787
YLL066C,YOL114C,0,-1.6298075,0.16438356041908264,0.7919999957084656,0.4025999903678894
YJL190C,YLR373C,0,-1.6299379,0.16434945166110992,0.7919999957084656,0.4027000069618225
YJL155C,YGL205W,0,-1.6301618,0.1643153578042984,0.7919999957084656,0.4027999937534332
YLR344W,YIR015W,0,-1.6301733,0.16428126394748688,0.7919999957084656,0.40290001034736633
YML032C,YBR139W,0,-1.6301734,0.16424719989299774,0.7919999957084656,0.40299999713897705
YMR120C,YJL065C,0,-1.6306115,0.1642131507396698,0.7919999957084656,0.40310001373291016
YIR026C,YML096W,0,-1.630733,0.16417910158634186,0.7919999957084656,0.4032000005245209
YPR153W,YPR003C,0,-1.6309375,0.1641450822353363,0.7919999957084656,0.4032999873161316
YBL010C,YHR071W,0,-1.6309499,0.16411106288433075,0.7919999957084656,0.4034000039100647
YML069W,YHL025W,0,-1.6309958,0.16407707333564758,0.7919999957084656,0.4034999907016754
YKL133C,YJR084W,0,-1.6310828,0.16404308378696442,0.7919999957084656,0.4036000072956085
YHR182W,YER143W,0,-1.631182,0.16400910913944244,0.7919999957084656,0.40369999408721924
YGR285C,YNL063W,1,-1.6312549,0.16418220102787018,0.7929999828338623,0.40369999408721924
YHR173C,YHR210C,0,-1.6312835,0.164148211479187,0.7929999828338623,0.40380001068115234
YJR068W,YPL088W,0,-1.6316411,0.16411423683166504,0.7929999828338623,0.40389999747276306
YNL138W-A,YGL022W,0,-1.6316898,0.16408027708530426,0.7929999828338623,0.40400001406669617
YGR061C,YNL250W,0,-1.6317708,0.16404633224010468,0.7929999828338623,0.4041000008583069
YMR046C,YJR112W,0,-1.631821,0.16401240229606628,0.7929999828338623,0.4041999876499176
YPL127C,YER172C,0,-1.6318728,0.1639784872531891,0.7929999828338623,0.4043000042438507
YLR106C,YJR125C,0,-1.63201,0.16394458711147308,0.7929999828338623,0.4043999910354614
YAL048C,YER118C,0,-1.6320349,0.16391070187091827,0.7929999828338623,0.40450000762939453
YKR043C,YCL026C-A,0,-1.6322169,0.16387683153152466,0.7929999828338623,0.40459999442100525
YJR103W,YDR326C,0,-1.6322227,0.16384297609329224,0.7929999828338623,0.40470001101493835
YOR362C,YLR256W-A,0,-1.6326646,0.163809135556221,0.7929999828338623,0.4047999978065491
YDR385W,YDR316W-A,0,-1.6327183,0.16377529501914978,0.7929999828338623,0.4049000144004822
YDL198C,YMR006C,0,-1.633214,0.16374148428440094,0.7929999828338623,0.4050000011920929
YGR181W,YDR497C,0,-1.6333666,0.1637076735496521,0.7929999828338623,0.4050999879837036
YER036C,YHR071W,0,-1.6334118,0.16367389261722565,0.7929999828338623,0.4052000045776367
YJL020C,YKL181W,0,-1.633507,0.1636401116847992,0.7929999828338623,0.40529999136924744
YDR229W,YJR136C,0,-1.6335341,0.16360636055469513,0.7929999828338623,0.40540000796318054
YGR150C,YHR097C,0,-1.6336007,0.16357260942459106,0.7929999828338623,0.40549999475479126
YJL012C-A,YLR228C,0,-1.6336064,0.1635388731956482,0.7929999828338623,0.40560001134872437
YOR187W,YGR169C-A,1,-1.6336672,0.1637113392353058,0.7940000295639038,0.40560001134872437
YJL179W,YML018C,0,-1.6338176,0.16367758810520172,0.7940000295639038,0.4056999981403351
YJR090C,YLR116W,0,-1.6338845,0.16364385187625885,0.7940000295639038,0.4058000147342682
YKL185W,YGL234W,0,-1.633971,0.16361014544963837,0.7940000295639038,0.4059000015258789
YDR326C,YBR014C,0,-1.6341097,0.16357643902301788,0.7940000295639038,0.4059999883174896
YDR388W,YPL211W,0,-1.6341453,0.1635427325963974,0.7940000295639038,0.40610000491142273
YOR262W,YPL143W,0,-1.6341466,0.1635090559720993,0.7940000295639038,0.40619999170303345
YJR124C,YBR036C,0,-1.634207,0.1634753942489624,0.7940000295639038,0.40630000829696655
YHR032W,YDR120C,0,-1.6343896,0.1634417474269867,0.7940000295639038,0.40639999508857727
YDL171C,YER072W,0,-1.6344111,0.16340811550617218,0.7940000295639038,0.4065000116825104
YAR028W,YNL197C,0,-1.6344415,0.16337448358535767,0.7940000295639038,0.4065999984741211
YPR127W,YFL034C-A,0,-1.6345496,0.16334088146686554,0.7940000295639038,0.4066999852657318
YPL215W,YLR135W,0,-1.6348087,0.1633072793483734,0.7940000295639038,0.4068000018596649
YBR243C,YBL045C,0,-1.6348382,0.16327369213104248,0.7940000295639038,0.40689998865127563
YHR080C,YPL019C,0,-1.6349773,0.16324013471603394,0.7940000295639038,0.40700000524520874
YML067C,YJL035C,0,-1.6350032,0.1632065773010254,0.7940000295639038,0.40709999203681946
YFL035C-B,YPL192C,0,-1.6350317,0.16317303478717804,0.7940000295639038,0.40720000863075256
YJR052W,YNL200C,0,-1.6353738,0.16313950717449188,0.7940000295639038,0.4072999954223633
YPL009C,YBR118W,1,-1.6354108,0.1633114218711853,0.7950000166893005,0.4072999954223633
YDR142C,YNL022C,0,-1.6355104,0.16327787935733795,0.7950000166893005,0.4074000120162964
YLR118C,YLL013C,0,-1.6355507,0.1632443517446518,0.7950000166893005,0.4074999988079071
YJL223C,YFL055W,0,-1.6358967,0.16321083903312683,0.7950000166893005,0.4075999855995178
YLR239C,YOL114C,0,-1.6359136,0.16317734122276306,0.7950000166893005,0.4077000021934509
YJL013C,YJL127C-B,0,-1.6359307,0.16314385831356049,0.7950000166893005,0.40779998898506165
YML024W,YDR421W,0,-1.6359379,0.1631103754043579,0.7950000166893005,0.40790000557899475
YNR066C,YFL007W,0,-1.6360209,0.16307692229747772,0.7950000166893005,0.40799999237060547
YPL214C,YOR036W,0,-1.6361616,0.16304348409175873,0.7950000166893005,0.4081000089645386
YIL014W,YPR027C,0,-1.6362088,0.16301004588603973,0.7950000166893005,0.4081999957561493
YLR356W,YML126C,0,-1.6366405,0.16297662258148193,0.7950000166893005,0.4083000123500824
YGL014W,YER141W,0,-1.6366692,0.16294322907924652,0.7950000166893005,0.4083999991416931
YLR397C,YML132W,0,-1.6368614,0.1629098355770111,0.7950000166893005,0.40849998593330383
YPL181W,YPL041C,0,-1.6369443,0.1628764569759369,0.7950000166893005,0.40860000252723694
YOR032C,YIL044C,0,-1.6369585,0.16284309327602386,0.7950000166893005,0.40869998931884766
YDR005C,YIL027C,0,-1.6369978,0.16280974447727203,0.7950000166893005,0.40880000591278076
YBR160W,YMR289W,0,-1.637177,0.1627764105796814,0.7950000166893005,0.4088999927043915
YLR392C,YMR001C,0,-1.6373122,0.16274309158325195,0.7950000166893005,0.4090000092983246
YJR070C,YDR468C,0,-1.6374493,0.1627097874879837,0.7950000166893005,0.4090999960899353
YDR153C,YHR101C,0,-1.6375637,0.16267648339271545,0.7950000166893005,0.4092000126838684
YHR123W,YER137C-A,0,-1.6375967,0.1626432090997696,0.7950000166893005,0.4092999994754791
YEL041W,YLL061W,0,-1.6378611,0.16260993480682373,0.7950000166893005,0.40939998626708984
YKL063C,YOR011W,0,-1.6378736,0.16257669031620026,0.7950000166893005,0.40950000286102295
YKL107W,YPL252C,0,-1.6379297,0.16254344582557678,0.7950000166893005,0.40959998965263367
YCL010C,YDR486C,0,-1.6382473,0.1625102162361145,0.7950000166893005,0.4097000062465668
YDR454C,YOL159C,0,-1.6385221,0.16247700154781342,0.7950000166893005,0.4097999930381775
YMR312W,YOR159C,0,-1.6385925,0.16244380176067352,0.7950000166893005,0.4099000096321106
YGR024C,YNL137C,0,-1.6386102,0.16241061687469482,0.7950000166893005,0.4099999964237213
YDL235C,YBR093C,0,-1.6389908,0.16237744688987732,0.7950000166893005,0.4101000130176544
YKL046C,YJR150C,0,-1.6391206,0.162344291806221,0.7950000166893005,0.41019999980926514
YHR155W,YNR040W,0,-1.639267,0.1623111516237259,0.7950000166893005,0.41029998660087585
YDR211W,YIL015W,0,-1.6394093,0.16227801144123077,0.7950000166893005,0.41040000319480896
YNL012W,YNL053W,0,-1.6394114,0.16224490106105804,0.7950000166893005,0.4104999899864197
YKL088W,YCL024W,0,-1.6395359,0.16221179068088531,0.7950000166893005,0.4106000065803528
YDR074W,YJL166W,0,-1.639652,0.16217869520187378,0.7950000166893005,0.4106999933719635
YOR094W,YER064C,0,-1.6396925,0.16214562952518463,0.7950000166893005,0.4108000099658966
YMR303C,YDR328C,0,-1.6397581,0.16211256384849548,0.7950000166893005,0.4108999967575073
YLR226W,YPL111W,0,-1.6398304,0.16207951307296753,0.7950000166893005,0.41100001335144043
YLR229C,YBR044C,0,-1.6398447,0.16204647719860077,0.7950000166893005,0.41110000014305115
YBL030C,YNL095C,0,-1.6398933,0.1620134562253952,0.7950000166893005,0.41119998693466187
YBR183W,YPL129W,0,-1.6400766,0.16198043525218964,0.7950000166893005,0.41130000352859497
YKR046C,YBR109C,0,-1.6401188,0.16194744408130646,0.7950000166893005,0.4113999903202057
YJL139C,YNR004W,0,-1.6402174,0.16191445291042328,0.7950000166893005,0.4115000069141388
YPL002C,YEL039C,0,-1.6405092,0.1618814915418625,0.7950000166893005,0.4115999937057495
YJL139C,YDL208W,0,-1.6405708,0.1618485301733017,0.7950000166893005,0.4117000102996826
YHR183W,YNR040W,0,-1.6406457,0.1618155986070633,0.7950000166893005,0.41179999709129333
YKL093W,YHR135C,0,-1.6410079,0.1617826670408249,0.7950000166893005,0.41190001368522644
YNL014W,YBR246W,1,-1.6410533,0.16195321083068848,0.7960000038146973,0.41190001368522644
YER053C-A,YDR381W,0,-1.641088,0.16192026436328888,0.7960000038146973,0.41200000047683716
YJL081C,YDR169C,0,-1.6412975,0.16188733279705048,0.7960000038146973,0.4120999872684479
YDR367W,YEL042W,0,-1.64137,0.16185441613197327,0.7960000038146973,0.412200003862381
YPR122W,YBL071W-A,0,-1.6413988,0.16182151436805725,0.7960000038146973,0.4122999906539917
YDR385W,YGR169C-A,1,-1.6415471,0.16199186444282532,0.796999990940094,0.4122999906539917
YPL273W,YDR379C-A,0,-1.641583,0.1619589477777481,0.796999990940094,0.4124000072479248
YKL175W,YOL092W,0,-1.6416595,0.1619260460138321,0.796999990940094,0.4124999940395355
YPR033C,YMR179W,0,-1.6417241,0.16189315915107727,0.796999990940094,0.41260001063346863
YGR040W,YOR187W,0,-1.6418439,0.16186027228832245,0.796999990940094,0.41269999742507935
YIL085C,YNL236W,0,-1.6419786,0.16182741522789001,0.796999990940094,0.41280001401901245
YLR210W,YMR093W,0,-1.6423161,0.16179455816745758,0.796999990940094,0.41290000081062317
YJL122W,YOR149C,0,-1.6423699,0.16176171600818634,0.796999990940094,0.4129999876022339
YJL020C,YMR099C,0,-1.6424799,0.1617288887500763,0.796999990940094,0.413100004196167
YML010W,YOR275C,0,-1.6426301,0.16169609129428864,0.796999990940094,0.4131999909877777
YOR210W,YGR075C,0,-1.6427829,0.16166327893733978,0.796999990940094,0.4133000075817108
YDL019C,YDR161W,0,-1.6427926,0.16163049638271332,0.796999990940094,0.41339999437332153
YGR195W,YGR270W,0,-1.642859,0.16159772872924805,0.796999990940094,0.41350001096725464
YBR125C,YPL188W,0,-1.6428983,0.16156497597694397,0.796999990940094,0.41359999775886536
YDR164C,YGR169C-A,0,-1.6429418,0.1615322232246399,0.796999990940094,0.41370001435279846
YLR422W,YMR217W,0,-1.6429899,0.1614995002746582,0.796999990940094,0.4138000011444092
YLR266C,YGR089W,0,-1.6431715,0.1614667773246765,0.796999990940094,0.4138999879360199
YGR205W,YDR345C,0,-1.6433265,0.16143406927585602,0.796999990940094,0.414000004529953
YLR164W,YGL055W,0,-1.6433403,0.16140137612819672,0.796999990940094,0.4140999913215637
YOR210W,YDR099W,0,-1.6435914,0.1613686978816986,0.796999990940094,0.4142000079154968
YJL143W,YMR194C-B,0,-1.6437491,0.1613360345363617,0.796999990940094,0.41429999470710754
YDR403W,YDL135C,0,-1.6438023,0.16130338609218597,0.796999990940094,0.41440001130104065
YML069W,YPR134W,0,-1.6438822,0.16127073764801025,0.796999990940094,0.41449999809265137
YHL020C,YNR010W,0,-1.6439987,0.16123811900615692,0.796999990940094,0.4146000146865845
YGL098W,YJR158W,0,-1.6440094,0.1612055003643036,0.796999990940094,0.4147000014781952
YOR065W,YOL011W,0,-1.6440945,0.16117289662361145,0.796999990940094,0.4147999882698059
YGR266W,YDR258C,0,-1.6441491,0.1611403226852417,0.796999990940094,0.414900004863739
YPR010C,YJL099W,0,-1.64433,0.16110774874687195,0.796999990940094,0.41499999165534973
YER042W,YHR040W,0,-1.6443439,0.1610751748085022,0.796999990940094,0.41510000824928284
YPL101W,YAL032C,0,-1.6447248,0.16104263067245483,0.796999990940094,0.41519999504089355
YBR271W,YPR108W,0,-1.6451236,0.16101010143756866,0.796999990940094,0.41530001163482666
YMR192W,YMR056C,0,-1.6451416,0.1609775871038437,0.796999990940094,0.4153999984264374
YGL222C,YBR283C,0,-1.6451626,0.1609450727701187,0.796999990940094,0.4154999852180481
YAL033W,YDR468C,0,-1.6453097,0.16091257333755493,0.796999990940094,0.4156000018119812
YDL044C,YPL276W,0,-1.6454148,0.16088010370731354,0.796999990940094,0.4156999886035919
YMR210W,YLR372W,0,-1.6455188,0.16084763407707214,0.796999990940094,0.415800005197525
YBR246W,YLR172C,1,-1.6455287,0.16101695597171783,0.7979999780654907,0.415800005197525
YOL028C,YBR040W,0,-1.6455886,0.16098447144031525,0.7979999780654907,0.41589999198913574
YBL071W-A,YDR333C,1,-1.6456987,0.16115368902683258,0.7990000247955322,0.41589999198913574
YJL035C,YCL060C,0,-1.6458492,0.1611211895942688,0.7990000247955322,0.41600000858306885
YDR496C,YDR298C,0,-1.6459782,0.1610887050628662,0.7990000247955322,0.41609999537467957
YKL088W,YMR169C,0,-1.6459996,0.16105623543262482,0.7990000247955322,0.41620001196861267
YDR525W-A,YPR089W,0,-1.6461413,0.16102378070354462,0.7990000247955322,0.4162999987602234
YGL110C,YOR187W,1,-1.6462662,0.16119281947612762,0.800000011920929,0.4162999987602234
YJR034W,YKL156W,0,-1.6463761,0.16116034984588623,0.800000011920929,0.4163999855518341
YLR284C,YGL196W,0,-1.6464902,0.16112789511680603,0.800000011920929,0.4165000021457672
YLR179C,YPL127C,0,-1.6465485,0.16109545528888702,0.800000011920929,0.41659998893737793
YGR087C,YCR026C,0,-1.6466986,0.16106301546096802,0.800000011920929,0.41670000553131104
YOR358W,YNL029C,0,-1.646938,0.1610305905342102,0.800000011920929,0.41679999232292175
YBR293W,YFL042C,0,-1.6469977,0.16099819540977478,0.800000011920929,0.41690000891685486
YDL130W,YGR169C-A,1,-1.6470937,0.1611669957637787,0.8009999990463257,0.41690000891685486
YDR266C,YDL166C,0,-1.647109,0.16113458573818207,0.8009999990463257,0.4169999957084656
YPL159C,YEL012W,0,-1.6471539,0.16110217571258545,0.8009999990463257,0.4171000123023987
YDR167W,YOL103W-A,0,-1.647235,0.16106978058815002,0.8009999990463257,0.4171999990940094
YER125W,YHR152W,0,-1.647745,0.1610374003648758,0.8009999990463257,0.4172999858856201
YOR132W,YKR034W,0,-1.6477821,0.16100502014160156,0.8009999990463257,0.4174000024795532
YNL207W,YLR033W,0,-1.6481323,0.16097266972064972,0.8009999990463257,0.41749998927116394
YKL161C,YJL164C,0,-1.6481837,0.16094031929969788,0.8009999990463257,0.41760000586509705
YDL144C,YHR084W,0,-1.648287,0.16090799868106842,0.8009999990463257,0.41769999265670776
YFL017W-A,YMR136W,0,-1.6483202,0.16087567806243896,0.8009999990463257,0.41780000925064087
YGR281W,YNL056W,0,-1.6484473,0.1608433723449707,0.8009999990463257,0.4178999960422516
YGL103W,YMR099C,0,-1.6485944,0.16081108152866364,0.8009999990463257,0.4180000126361847
YOR229W,YJL154C,0,-1.6488414,0.16077880561351776,0.8009999990463257,0.4180999994277954
YMR247C,YLR172C,1,-1.6489701,0.16094721853733063,0.8019999861717224,0.4180999994277954
YJR005W,YIR002C,0,-1.6491481,0.16091492772102356,0.8019999861717224,0.41819998621940613
YDL127W,YPL084W,0,-1.6491764,0.16088265180587769,0.8019999861717224,0.41830000281333923
YNL247W,YKR053C,0,-1.6492606,0.1608503758907318,0.8019999861717224,0.41839998960494995
YLR222C,YMR124W,0,-1.6493793,0.16081812977790833,0.8019999861717224,0.41850000619888306
YFR027W,YMR024W,0,-1.6496708,0.16078588366508484,0.8019999861717224,0.4185999929904938
YGL207W,YLR288C,0,-1.6497905,0.16075365245342255,0.8019999861717224,0.4187000095844269
YCL034W,YOL086W-A,0,-1.6498761,0.16072143614292145,0.8019999861717224,0.4187999963760376
YOR219C,YEL039C,0,-1.6499171,0.16068923473358154,0.8019999861717224,0.4189000129699707
YNL090W,YNR050C,0,-1.6502283,0.16065704822540283,0.8019999861717224,0.4189999997615814
YKL005C,YPR027C,0,-1.6503975,0.16062487661838531,0.8019999861717224,0.41909998655319214
YLR466W,YLR010C,0,-1.6504457,0.1605927050113678,0.8019999861717224,0.41920000314712524
YNR045W,YOR069W,0,-1.6505293,0.16056056320667267,0.8019999861717224,0.41929998993873596
YHR067W,YCR016W,0,-1.6506952,0.16052842140197754,0.8019999861717224,0.41940000653266907
YNL086W,YBR037C,0,-1.650803,0.1604962944984436,0.8019999861717224,0.4194999933242798
YKL213C,YMR220W,0,-1.6508139,0.16046418249607086,0.8019999861717224,0.4196000099182129
YJR124C,YOR273C,0,-1.6509713,0.16043208539485931,0.8019999861717224,0.4196999967098236
YGR031W,YLR006C,0,-1.6510246,0.16040000319480896,0.8019999861717224,0.4198000133037567
YER099C,YGR167W,0,-1.6511133,0.1603679209947586,0.8019999861717224,0.41990000009536743
YJL146W,YLR075W,0,-1.6511914,0.16033586859703064,0.8019999861717224,0.41999998688697815
YPR165W,YBR084W,0,-1.651608,0.16030381619930267,0.8019999861717224,0.42010000348091125
YBR068C,YPR011C,0,-1.6516323,0.1602717787027359,0.8019999861717224,0.420199990272522
YKL163W,YPL203W,0,-1.6516353,0.16023975610733032,0.8019999861717224,0.4203000068664551
YNL182C,YER134C,0,-1.6516541,0.16020774841308594,0.8019999861717224,0.4203999936580658
YIL120W,YAL064W-B,0,-1.6520246,0.16017575562000275,0.8019999861717224,0.4205000102519989
YNR062C,YLR447C,0,-1.6520706,0.16014376282691956,0.8019999861717224,0.4205999970436096
YDL160C,YKL081W,1,-1.6521307,0.16031144559383392,0.8029999732971191,0.4205999970436096
YOL045W,YLR029C,0,-1.6522591,0.16027943789958954,0.8029999732971191,0.4207000136375427
YDR032C,YKR094C,0,-1.652288,0.16024746000766754,0.8029999732971191,0.42080000042915344
YGR092W,YHL024W,0,-1.6526613,0.16021548211574554,0.8029999732971191,0.42089998722076416
YBR231C,YCL051W,0,-1.6527333,0.16018351912498474,0.8029999732971191,0.42100000381469727
YDR159W,YDR515W,0,-1.6527672,0.16015157103538513,0.8029999732971191,0.421099990606308
YDL002C,YDL239C,0,-1.652848,0.16011963784694672,0.8029999732971191,0.4212000072002411
YKL029C,YOL043C,0,-1.6529701,0.1600877195596695,0.8029999732971191,0.4212999939918518
YIL119C,YPR165W,0,-1.6532203,0.16005581617355347,0.8029999732971191,0.4214000105857849
YGL222C,YLR192C,0,-1.6532769,0.16002391278743744,0.8029999732971191,0.42149999737739563
YFR032C-A,YOL157C,0,-1.6533399,0.1599920243024826,0.8029999732971191,0.42160001397132874
YEL043W,YHR007C,0,-1.6534097,0.15996016561985016,0.8029999732971191,0.42170000076293945
YDR448W,YBR122C,0,-1.6536548,0.1599283069372177,0.8029999732971191,0.42179998755455017
YIL151C,YBR127C,0,-1.6539028,0.15989644825458527,0.8029999732971191,0.4219000041484833
YOR131C,YER088C,0,-1.6539507,0.1598646193742752,0.8029999732971191,0.421999990940094
YAL044C,YMR275C,0,-1.6539525,0.15983280539512634,0.8029999732971191,0.4221000075340271
YAL007C,YIL089W,0,-1.6541123,0.15980099141597748,0.8029999732971191,0.4221999943256378
YNL115C,YDR378C,0,-1.6542778,0.159769207239151,0.8029999732971191,0.4223000109195709
YBR187W,YCR008W,0,-1.6543651,0.15973742306232452,0.8029999732971191,0.42239999771118164
YEL037C,YCR015C,0,-1.6544328,0.15970565378665924,0.8029999732971191,0.42250001430511475
YDR184C,YGL160W,0,-1.6546559,0.15967388451099396,0.8029999732971191,0.42260000109672546
YHR132C,YPL096W,0,-1.65474,0.15964214503765106,0.8029999732971191,0.4226999878883362
YJL216C,YDR039C,0,-1.6548533,0.15961042046546936,0.8029999732971191,0.4228000044822693
YJL100W,YBR186W,0,-1.6548975,0.15957869589328766,0.8029999732971191,0.42289999127388
YHR031C,YPL066W,0,-1.6551154,0.15954698622226715,0.8029999732971191,0.4230000078678131
YLR299W,YER003C,0,-1.6551576,0.15951529145240784,0.8029999732971191,0.42309999465942383
YLL014W,YOL095C,0,-1.655165,0.15948361158370972,0.8029999732971191,0.42320001125335693
YJL172W,YLR298C,0,-1.6551809,0.1594519466161728,0.8029999732971191,0.42329999804496765
YDL069C,YIL077C,0,-1.6552929,0.15942029654979706,0.8029999732971191,0.42340001463890076
YOR058C,YMR102C,0,-1.6553261,0.15938864648342133,0.8029999732971191,0.4235000014305115
YLR047C,YHL004W,0,-1.6554081,0.1593570113182068,0.8029999732971191,0.4235999882221222
YKL013C,YKL175W,0,-1.6555525,0.15932539105415344,0.8029999732971191,0.4237000048160553
YPR119W,YBL061C,0,-1.6557206,0.1592937856912613,0.8029999732971191,0.423799991607666
YPL052W,YGR169C-A,1,-1.6557497,0.15946052968502045,0.8040000200271606,0.423799991607666
YGL105W,YNR040W,0,-1.6557596,0.1594289094209671,0.8040000200271606,0.4239000082015991
YDR196C,YGL198W,0,-1.6557773,0.15939730405807495,0.8040000200271606,0.42399999499320984
YKL219W,YER139C,0,-1.6559436,0.159365713596344,0.8040000200271606,0.42410001158714294
YOR298W,YBR132C,0,-1.6561557,0.15933412313461304,0.8040000200271606,0.42419999837875366
YCL030C,YBR217W,0,-1.6561916,0.15930256247520447,0.8040000200271606,0.4242999851703644
YNL283C,YPL078C,0,-1.6563003,0.1592710018157959,0.8040000200271606,0.4244000017642975
YDL119C,YNR032W,0,-1.6566461,0.15923945605754852,0.8040000200271606,0.4244999885559082
YGL151W,YDL243C,0,-1.656827,0.15920792520046234,0.8040000200271606,0.4246000051498413
YFL037W,YHR153C,0,-1.656883,0.15917639434337616,0.8040000200271606,0.424699991941452
YGL110C,YFR009W,1,-1.6571025,0.15934284031391144,0.8050000071525574,0.424699991941452
YDR160W,YAL018C,0,-1.6572113,0.15931129455566406,0.8050000071525574,0.42480000853538513
YFL037W,YMR279C,0,-1.6573112,0.15927977859973907,0.8050000071525574,0.42489999532699585
YGR091W,YGR169C-A,0,-1.6573149,0.1592482626438141,0.8050000071525574,0.42500001192092896
YER061C,YNL196C,0,-1.6573775,0.1592167764902115,0.8050000071525574,0.4250999987125397
YNL209W,YDL160C,1,-1.6574031,0.15938302874565125,0.8059999942779541,0.4250999987125397
YOL053W,YDR213W,0,-1.6578186,0.15935152769088745,0.8059999942779541,0.4251999855041504
YHR083W,YPL046C,0,-1.658179,0.15932002663612366,0.8059999942779541,0.4253000020980835
YDL133W,YJL100W,0,-1.6583681,0.15928854048252106,0.8059999942779541,0.4253999888896942
YOR350C,YCR040W,0,-1.6585262,0.15925706923007965,0.8059999942779541,0.4255000054836273
YOL103W,YBL028C,0,-1.658541,0.15922559797763824,0.8059999942779541,0.42559999227523804
YPL091W,YDL176W,0,-1.6587105,0.15919415652751923,0.8059999942779541,0.42570000886917114
YLR106C,YLR371W,0,-1.658797,0.1591627150774002,0.8059999942779541,0.42579999566078186
YDR117C,YDR127W,0,-1.6588918,0.15913128852844238,0.8059999942779541,0.42590001225471497
YKR083C,YFR012W,0,-1.6589224,0.15909987688064575,0.8059999942779541,0.4259999990463257
YGL259W,YLR096W,0,-1.6589744,0.15906848013401031,0.8059999942779541,0.4260999858379364
YKL219W,YGR023W,0,-1.6589795,0.15903709828853607,0.8059999942779541,0.4262000024318695
YNR073C,YKR002W,0,-1.6594795,0.15900571644306183,0.8059999942779541,0.4262999892234802
YPR071W,YPL216W,0,-1.6596386,0.15897436439990997,0.8059999942779541,0.42640000581741333
YLR063W,YBR084W,0,-1.659708,0.15894301235675812,0.8059999942779541,0.42649999260902405
YKR058W,YCL057C-A,0,-1.6597296,0.15891167521476746,0.8059999942779541,0.42660000920295715
YHR211W,YKL086W,0,-1.6602194,0.158880352973938,0.8059999942779541,0.42669999599456787
YMR138W,YPL019C,0,-1.6604285,0.15884903073310852,0.8059999942779541,0.426800012588501
YDR349C,YNR012W,0,-1.6604812,0.15881773829460144,0.8059999942779541,0.4268999993801117
YNL046W,YLR160C,0,-1.6605086,0.15878644585609436,0.8059999942779541,0.4269999861717224
YIL053W,YPL045W,0,-1.6607769,0.15875516831874847,0.8059999942779541,0.4271000027656555
YJL196C,YGR105W,0,-1.6608505,0.15872390568256378,0.8059999942779541,0.42719998955726624
YHR073W,YOR291W,0,-1.6608598,0.15869265794754028,0.8059999942779541,0.42730000615119934
YPR035W,YJL100W,0,-1.6609237,0.15866141021251678,0.8059999942779541,0.42739999294281006
YDR374C,YMR292W,0,-1.6610997,0.15863019227981567,0.8059999942779541,0.42750000953674316
YLR097C,YPR102C,0,-1.6612098,0.15859897434711456,0.8059999942779541,0.4275999963283539
YDR259C,YML052W,0,-1.6612122,0.15856777131557465,0.8059999942779541,0.427700012922287
YCL026C-B,YLR391W,0,-1.6612478,0.15853658318519592,0.8059999942779541,0.4277999997138977
YKL162C,YDL005C,0,-1.661267,0.1585054099559784,0.8059999942779541,0.4278999865055084
YGR223C,YLR292C,0,-1.6614666,0.15847423672676086,0.8059999942779541,0.42800000309944153
YGL021W,YMR045C,0,-1.6615406,0.15844309329986572,0.8059999942779541,0.42809998989105225
YNL176C,YPL200W,0,-1.6616738,0.15841194987297058,0.8059999942779541,0.42820000648498535
YGL195W,YGR169C-A,1,-1.6616993,0.1585773229598999,0.8069999814033508,0.42820000648498535
YPL246C,YJR010W,0,-1.6617754,0.15854616463184357,0.8069999814033508,0.42829999327659607
YIL103W,YDR266C,1,-1.6619095,0.15871144831180573,0.8080000281333923,0.42829999327659607
YOR127W,YPL040C,0,-1.6619492,0.1586802899837494,0.8080000281333923,0.4284000098705292
YLR364W,YBR029C,0,-1.6619778,0.15864913165569305,0.8080000281333923,0.4284999966621399
YKL095W,YJR029W,0,-1.6621022,0.1586179882287979,0.8080000281333923,0.428600013256073
YDR393W,YGL151W,0,-1.6621399,0.15858684480190277,0.8080000281333923,0.4287000000476837
YNL333W,YDL073W,0,-1.6621691,0.15855573117733002,0.8080000281333923,0.42879998683929443
YGL135W,YGL127C,0,-1.6622134,0.15852461755275726,0.8080000281333923,0.42890000343322754
YLR011W,YNR050C,0,-1.6622663,0.1584935337305069,0.8080000281333923,0.42899999022483826
YLR054C,YML065W,0,-1.6624916,0.15846244990825653,0.8080000281333923,0.42910000681877136
YJL172W,YCR073C,0,-1.6626953,0.15843136608600616,0.8080000281333923,0.4291999936103821
YHR158C,YBR211C,0,-1.662983,0.15840031206607819,0.8080000281333923,0.4293000102043152
YMR171C,YNL157W,0,-1.663054,0.1583692729473114,0.8080000281333923,0.4293999969959259
YGL006W,YJR027W,0,-1.663228,0.15833823382854462,0.8080000281333923,0.429500013589859
YPR071W,YBR200W,0,-1.6633914,0.15830720961093903,0.8080000281333923,0.4296000003814697
YLR284C,YLR256W-A,0,-1.663559,0.15827620029449463,0.8080000281333923,0.42969998717308044
YJL035C,YDL240W,0,-1.6636479,0.15824520587921143,0.8080000281333923,0.42980000376701355
YOR076C,YML014W,1,-1.6638048,0.15841002762317657,0.8090000152587891,0.42980000376701355
YFL037W,YJR108W,0,-1.6638303,0.15837901830673218,0.8090000152587891,0.42989999055862427
YGR201C,YKR084C,1,-1.6638368,0.15854375064373016,0.8100000023841858,0.42989999055862427
YDR210W-A,YHR090C,0,-1.663879,0.15851272642612457,0.8100000023841858,0.4300000071525574
YGL215W,YHR132W-A,0,-1.6639329,0.15848170220851898,0.8100000023841858,0.4300999939441681
YGL162W,YGL161C,0,-1.6639844,0.15845070779323578,0.8100000023841858,0.4302000105381012
YOR382W,YLR153C,0,-1.6642103,0.15841971337795258,0.8100000023841858,0.4302999973297119
YDR162C,YNL221C,0,-1.6642104,0.15838873386383057,0.8100000023841858,0.430400013923645
YML099C,YKL109W,0,-1.6643205,0.15835776925086975,0.8100000023841858,0.43050000071525574
YPL276W,YDL077C,0,-1.6643229,0.15832681953907013,0.8100000023841858,0.43059998750686646
YLR421C,YAR066W,0,-1.66435,0.1582958698272705,0.8100000023841858,0.43070000410079956
YLR356W,YKR062W,0,-1.6647588,0.15826494991779327,0.8100000023841858,0.4307999908924103
YJL127C,YDR359C,0,-1.6648718,0.15823403000831604,0.8100000023841858,0.4309000074863434
YDR096W,YOL006C,0,-1.6649315,0.158203125,0.8100000023841858,0.4309999942779541
YCR077C,YHL044W,0,-1.6649704,0.15817223489284515,0.8100000023841858,0.4311000108718872
YKL085W,YLL015W,0,-1.6651695,0.1581413447856903,0.8100000023841858,0.4311999976634979
YOR287C,YNL113W,0,-1.6652155,0.15811048448085785,0.8100000023841858,0.43130001425743103
YJR104C,YJL031C,0,-1.6652232,0.1580796241760254,0.8100000023841858,0.43140000104904175
YOL019W,YPL013C,0,-1.6654527,0.15804877877235413,0.8100000023841858,0.43149998784065247
YDR522C,YDR019C,0,-1.6654612,0.15801794826984406,0.8100000023841858,0.43160000443458557
YOL116W,YAL034C,0,-1.6656761,0.15798713266849518,0.8100000023841858,0.4316999912261963
YMR011W,YNL100W,0,-1.6658409,0.1579563170671463,0.8100000023841858,0.4318000078201294
YPR183W,YEL013W,0,-1.6661162,0.15792551636695862,0.8100000023841858,0.4318999946117401
YER049W,YKL032C,0,-1.6661791,0.15789473056793213,0.8100000023841858,0.4320000112056732
YGR157W,YKR060W,0,-1.6661816,0.15786395967006683,0.8100000023841858,0.43209999799728394
YDR281C,YGL070C,0,-1.6664444,0.15783320367336273,0.8100000023841858,0.43220001459121704
YJR047C,YGR169C-A,1,-1.6665119,0.157997265458107,0.8109999895095825,0.43220001459121704
YPL009C,YOR187W,1,-1.6665211,0.15816128253936768,0.8119999766349792,0.43220001459121704
YDR233C,YGL178W,0,-1.6665947,0.15813048183918,0.8119999766349792,0.43230000138282776
YNL188W,YOR084W,0,-1.6667042,0.1580996811389923,0.8119999766349792,0.4323999881744385
YIL106W,YMR308C,0,-1.6668848,0.15806891024112701,0.8119999766349792,0.4325000047683716
YHL031C,YHR060W,0,-1.6669183,0.1580381542444229,0.8119999766349792,0.4325999915599823
YKL054C,YJR139C,0,-1.6669834,0.1580073982477188,0.8119999766349792,0.4327000081539154
YPL168W,YMR228W,0,-1.6670499,0.1579766571521759,0.8119999766349792,0.4327999949455261
YGR255C,YKR081C,0,-1.6672386,0.1579459309577942,0.8119999766349792,0.43290001153945923
YLR419W,YPL005W,0,-1.667351,0.15791520476341248,0.8119999766349792,0.43299999833106995
YPL217C,YGR167W,0,-1.6678479,0.15788450837135315,0.8119999766349792,0.43309998512268066
YLL016W,YNR032W,0,-1.6680038,0.15785381197929382,0.8119999766349792,0.43320000171661377
YPL233W,YDR367W,0,-1.6680813,0.1578231304883957,0.8119999766349792,0.4332999885082245
YPL009C,YJR097W,1,-1.6681756,0.15798678994178772,0.8130000233650208,0.4332999885082245
YML011C,YER064C,0,-1.66819,0.1579560935497284,0.8130000233650208,0.4334000051021576
YDL109C,YNL029C,0,-1.668437,0.15792541205883026,0.8130000233650208,0.4334999918937683
YJL099W,YBL103C-A,0,-1.6685727,0.15789473056793213,0.8130000233650208,0.4336000084877014
YMR220W,YGR131W,0,-1.6686503,0.15786407887935638,0.8130000233650208,0.43369999527931213
YDR087C,YNL289W,0,-1.6687682,0.15783342719078064,0.8130000233650208,0.43380001187324524
YPL004C,YML018C,0,-1.6687875,0.1578027904033661,0.8130000233650208,0.43389999866485596
YMR199W,YOL123W,0,-1.6688229,0.15777216851711273,0.8130000233650208,0.4339999854564667
YKL093W,YMR002W,0,-1.668851,0.15774156153202057,0.8130000233650208,0.4341000020503998
YBL071W-A,YPL009C,1,-1.6691718,0.1579049527645111,0.8140000104904175,0.4341000020503998
YER024W,YBR238C,0,-1.6692747,0.15787431597709656,0.8140000104904175,0.4341999888420105
YOR006C,YHR110W,0,-1.6695145,0.1578437089920044,0.8140000104904175,0.4343000054359436
YBR229C,YBR208C,0,-1.6695689,0.15781310200691223,0.8140000104904175,0.4343999922275543
YGL230C,YGL160W,0,-1.6696413,0.15778250992298126,0.8140000104904175,0.4345000088214874
YGR169C-A,YLR143W,1,-1.6696479,0.15794573724269867,0.8149999976158142,0.4345000088214874
YBL046W,YDR268W,0,-1.6696792,0.1579151302576065,0.8149999976158142,0.43459999561309814
YIL139C,YHR202W,0,-1.6699343,0.15788453817367554,0.8149999976158142,0.43470001220703125
YDL247W,YDR148C,0,-1.6702188,0.15785396099090576,0.8149999976158142,0.43479999899864197
YBL015W,YBR119W,0,-1.6702919,0.15782339870929718,0.8149999976158142,0.4348999857902527
YDR300C,YOR093C,0,-1.6704133,0.1577928364276886,0.8149999976158142,0.4350000023841858
YKL209C,YIL083C,0,-1.6704314,0.1577622890472412,0.8149999976158142,0.4350999891757965
YAL044C,YNR067C,0,-1.6704476,0.15773175656795502,0.8149999976158142,0.4352000057697296
YDR054C,YGR250C,0,-1.6704712,0.15770123898983002,0.8149999976158142,0.43529999256134033
YHR030C,YDR183W,0,-1.6706398,0.1576707363128662,0.8149999976158142,0.43540000915527344
YIR010W,YDR534C,0,-1.6706697,0.1576402336359024,0.8149999976158142,0.43549999594688416
YBR092C,YGR168C,0,-1.670712,0.1576097458600998,0.8149999976158142,0.43560001254081726
YNL077W,YOL128C,0,-1.6708014,0.15757927298545837,0.8149999976158142,0.435699999332428
YMR085W,YAL019W,0,-1.67104,0.15754881501197815,0.8149999976158142,0.4357999861240387
YGR012W,YOR394W,0,-1.6711193,0.15751835703849792,0.8149999976158142,0.4359000027179718
YNL044W,YLR413W,0,-1.6711315,0.1574879288673401,0.8149999976158142,0.4359999895095825
YGR169C-A,YKR084C,1,-1.6713322,0.15765069425106049,0.8159999847412109,0.4359999895095825
YDL081C,YEL011W,0,-1.6713774,0.15762023627758026,0.8159999847412109,0.4361000061035156
YOL123W,YHR038W,0,-1.6713972,0.15758980810642242,0.8159999847412109,0.43619999289512634
YDL159W,YMR284W,0,-1.671432,0.1575593799352646,0.8159999847412109,0.43630000948905945
YBL084C,YDR227W,0,-1.671488,0.15752895176410675,0.8159999847412109,0.43639999628067017
YDR219C,YDL079C,0,-1.671593,0.1574985533952713,0.8159999847412109,0.43650001287460327
YBR103W,YGL111W,0,-1.6718605,0.15746815502643585,0.8159999847412109,0.436599999666214
YDR374C,YHR071W,0,-1.6719228,0.1574377715587616,0.8159999847412109,0.4366999864578247
YOR303W,YDR034W-B,0,-1.672,0.15740740299224854,0.8159999847412109,0.4368000030517578
YKL171W,YCL001W-A,0,-1.672091,0.15737704932689667,0.8159999847412109,0.43689998984336853
YFL060C,YBR019C,0,-1.6722817,0.1573466956615448,0.8159999847412109,0.43700000643730164
YGL106W,YEL043W,0,-1.6724986,0.15731637179851532,0.8159999847412109,0.43709999322891235
YLR332W,YBR025C,0,-1.6725886,0.15728604793548584,0.8159999847412109,0.43720000982284546
YNR062C,YDR075W,0,-1.6726894,0.15725573897361755,0.8159999847412109,0.4372999966144562
YPR160W,YJR055W,0,-1.6727233,0.15722543001174927,0.8159999847412109,0.4374000132083893
YDR541C,YOL124C,0,-1.6727331,0.15719515085220337,0.8159999847412109,0.4375
YOL039W,YPR141C,0,-1.6728355,0.15716487169265747,0.8159999847412109,0.4375999867916107
YLR080W,YIR006C,0,-1.672893,0.15713460743427277,0.8159999847412109,0.4377000033855438
YLR163C,YDR189W,0,-1.673001,0.15710435807704926,0.8159999847412109,0.43779999017715454
YLR373C,YER026C,0,-1.6730998,0.15707410871982574,0.8159999847412109,0.43790000677108765
YGL234W,YDR461W,0,-1.6732713,0.15704387426376343,0.8159999847412109,0.43799999356269836
YMR224C,YOR256C,0,-1.6733158,0.1570136547088623,0.8159999847412109,0.43810001015663147
YJR161C,YDR307W,0,-1.6734551,0.15698345005512238,0.8159999847412109,0.4381999969482422
YPL027W,YNR053C,0,-1.6734879,0.15695326030254364,0.8159999847412109,0.4383000135421753
YOL077C,YLR104W,0,-1.6736572,0.1569230705499649,0.8159999847412109,0.438400000333786
YJR045C,YMR238W,0,-1.6736735,0.15689291059970856,0.8159999847412109,0.43849998712539673
YEL034W,YGR169C-A,1,-1.6737481,0.15705497562885284,0.8169999718666077,0.43849998712539673
YCR009C,YDR529C,0,-1.6739075,0.1570248007774353,0.8169999718666077,0.43860000371932983
YJR035W,YGR272C,0,-1.674084,0.15699462592601776,0.8169999718666077,0.43869999051094055
YMR161W,YNL287W,0,-1.6741099,0.15696445107460022,0.8169999718666077,0.43880000710487366
YJL142C,YNL178W,0,-1.674151,0.15693430602550507,0.8169999718666077,0.4388999938964844
YDR098C-A,YFL004W,0,-1.6742101,0.1569041609764099,0.8169999718666077,0.4390000104904175
YLR291C,YNL022C,0,-1.6742493,0.15687404572963715,0.8169999718666077,0.4390999972820282
YOR034C,YPL074W,0,-1.6743162,0.15684393048286438,0.8169999718666077,0.4392000138759613
YHR029C,YDR542W,0,-1.6744201,0.1568138152360916,0.8169999718666077,0.439300000667572
YGR285C,YGR169C-A,1,-1.674442,0.1569756269454956,0.8180000185966492,0.439300000667572
YJR135W-A,YMR315W,0,-1.6744514,0.15694551169872284,0.8180000185966492,0.43939998745918274
YDR313C,YPR040W,0,-1.6746105,0.15691539645195007,0.8180000185966492,0.43950000405311584
YML033W,YOR226C,0,-1.674815,0.1568853110074997,0.8180000185966492,0.43959999084472656
YGR168C,YMR016C,0,-1.674896,0.15685522556304932,0.8180000185966492,0.43970000743865967
YIL088C,YGL185C,0,-1.674921,0.15682515501976013,0.8180000185966492,0.4397999942302704
YCR029C-A,YKL095W,0,-1.6750525,0.15679509937763214,0.8180000185966492,0.4399000108242035
YCR102C,YPR191W,0,-1.675091,0.15676504373550415,0.8180000185966492,0.4399999976158142
YPL215W,YGR040W,0,-1.675098,0.15673500299453735,0.8180000185966492,0.4401000142097473
YMR036C,YOR188W,0,-1.6751357,0.15670497715473175,0.8180000185966492,0.44020000100135803
YDR399W,YLR410W-A,0,-1.6751481,0.15667496621608734,0.8180000185966492,0.44029998779296875
YDR096W,YCL020W,0,-1.6752944,0.15664497017860413,0.8180000185966492,0.44040000438690186
YDL128W,YMR282C,0,-1.6753561,0.1566149741411209,0.8180000185966492,0.4404999911785126
YHL042W,YMR159C,0,-1.6753702,0.1565849930047989,0.8180000185966492,0.4406000077724457
YPL266W,YLR410W-B,0,-1.6754076,0.15655502676963806,0.8180000185966492,0.4406999945640564
YCR029C-A,YGL053W,0,-1.6755517,0.15652506053447723,0.8180000185966492,0.4408000111579895
YBR298C,YGR099W,0,-1.6755531,0.1564951241016388,0.8180000185966492,0.4408999979496002
YGR038C-B,YBR122C,0,-1.6758094,0.15646518766880035,0.8180000185966492,0.4410000145435333
YJL207C,YLR117C,0,-1.6758277,0.1564352661371231,0.8180000185966492,0.44110000133514404
YML045W,YOR090C,0,-1.6758523,0.15640535950660706,0.8180000185966492,0.44119998812675476
YDR110W,YJL170C,0,-1.6759362,0.156375452876091,0.8180000185966492,0.44130000472068787
YCR043C,YDR085C,0,-1.6759553,0.15634556114673615,0.8180000185966492,0.4413999915122986
YLR019W,YKL222C,0,-1.6760366,0.15631568431854248,0.8180000185966492,0.4415000081062317
YDR128W,YLR264W,0,-1.6761277,0.15628582239151,0.8180000185966492,0.4415999948978424
YGL208W,YDR539W,0,-1.6762244,0.15625597536563873,0.8180000185966492,0.4417000114917755
YNL116W,YJL127C-B,0,-1.676621,0.15622612833976746,0.8180000185966492,0.44179999828338623
YDR036C,YBR136W,0,-1.6769361,0.15619629621505737,0.8180000185966492,0.44190001487731934
YIL069C,YJL142C,0,-1.677046,0.15616647899150848,0.8180000185966492,0.44200000166893005
YBR212W,YLL010C,0,-1.6772517,0.1561366617679596,0.8180000185966492,0.44209998846054077
YNR022C,YDR387C,0,-1.6775084,0.1561068743467331,0.8180000185966492,0.4422000050544739
YHL016C,YER066W,0,-1.6775892,0.1560770869255066,0.8180000185966492,0.4422999918460846
YNL293W,YOR308C,0,-1.6778028,0.15604731440544128,0.8180000185966492,0.4424000084400177
YDR170W-A,YIL160C,0,-1.6778393,0.15601754188537598,0.8180000185966492,0.4424999952316284
YPR186C,YDR115W,0,-1.6778905,0.15598779916763306,0.8180000185966492,0.4426000118255615
YIL039W,YOR062C,0,-1.6779411,0.15595805644989014,0.8180000185966492,0.44269999861717224
YER052C,YAL040C,0,-1.678163,0.1559283286333084,0.8180000185966492,0.44279998540878296
YOR132W,YPR034W,0,-1.6781837,0.15589861571788788,0.8180000185966492,0.44290000200271606
YCL054W,YDR098C-A,0,-1.678194,0.15586890280246735,0.8180000185966492,0.4429999887943268
YKL025C,YDR105C,0,-1.6782364,0.155839204788208,0.8180000185966492,0.4431000053882599
YNR063W,YIR015W,0,-1.6782913,0.15580952167510986,0.8180000185966492,0.4431999921798706
YKL107W,YBR272C,0,-1.67831,0.1557798534631729,0.8180000185966492,0.4433000087738037
YDL035C,YLR450W,0,-1.678335,0.15575018525123596,0.8180000185966492,0.44339999556541443
YMR077C,YBR293W,0,-1.678363,0.1557205468416214,0.8180000185966492,0.44350001215934753
YBL030C,YCR097WB,0,-1.6787149,0.15569090843200684,0.8180000185966492,0.44359999895095825
YER116C,YGR272C,0,-1.6787298,0.15566127002239227,0.8180000185966492,0.44369998574256897
YPL276W,YLR207W,0,-1.6790769,0.1556316614151001,0.8180000185966492,0.4438000023365021
YJL123C,YPL258C,0,-1.679182,0.15560205280780792,0.8180000185966492,0.4438999891281128
YOR142W-B,YPL183C,0,-1.6793501,0.15557245910167694,0.8180000185966492,0.4440000057220459
YDR450W,YFR012W,0,-1.679354,0.15554288029670715,0.8180000185966492,0.4440999925136566
YNR044W,YEL009C,0,-1.6793984,0.15551330149173737,0.8180000185966492,0.4442000091075897
YNL157W,YJL095W,0,-1.679509,0.15548375248908997,0.8180000185966492,0.44429999589920044
YOR058C,YNL231C,0,-1.6795719,0.15545420348644257,0.8180000185966492,0.44440001249313354
YPL172C,YKL088W,0,-1.6798041,0.15542466938495636,0.8180000185966492,0.44449999928474426
YBL022C,YEL016C,0,-1.6799202,0.15539513528347015,0.8180000185966492,0.444599986076355
YPL113C,YER100W,0,-1.6799642,0.15536561608314514,0.8180000185966492,0.4447000026702881
YCL011C,YJL105W,0,-1.6801336,0.15533611178398132,0.8180000185966492,0.4447999894618988
YOR226C,YKR030W,0,-1.6801727,0.1553066223859787,0.8180000185966492,0.4449000060558319
YHR114W,YJL171C,0,-1.6801866,0.15527714788913727,0.8180000185966492,0.4449999928474426
YLR243W,YFR003C,0,-1.6802921,0.15524767339229584,0.8180000185966492,0.44510000944137573
YJR051W,YAL012W,0,-1.6809268,0.1552182137966156,0.8180000185966492,0.44519999623298645
YBR092C,YBR105C,0,-1.6809626,0.15518876910209656,0.8180000185966492,0.44530001282691956
YHR164C,YNL194C,0,-1.6809967,0.1551593393087387,0.8180000185966492,0.4453999996185303
YLR010C,YLR194C,0,-1.6813599,0.15512990951538086,0.8180000185966492,0.445499986410141
YDR358W,YNL229C,0,-1.6813765,0.1551004946231842,0.8180000185966492,0.4456000030040741
YNL190W,YAL014C,0,-1.6814018,0.15507109463214874,0.8180000185966492,0.4456999897956848
YAR009C,YDR117C,0,-1.6814104,0.15504169464111328,0.8180000185966492,0.4458000063896179
YOR149C,YOR206W,0,-1.6815286,0.1550123244524002,0.8180000185966492,0.44589999318122864
YGR020C,YFL004W,0,-1.6818231,0.15498295426368713,0.8180000185966492,0.44600000977516174
YOL107W,YMR052W,0,-1.6818358,0.15495358407497406,0.8180000185966492,0.44609999656677246
YNL081C,YDL120W,0,-1.6819546,0.15492424368858337,0.8180000185966492,0.44620001316070557
YDR087C,YBR244W,0,-1.681967,0.1548949033021927,0.8180000185966492,0.4462999999523163
YLR073C,YKL192C,0,-1.6820018,0.1548655778169632,0.8180000185966492,0.446399986743927
YDL007W,YDR082W,0,-1.6821625,0.1548362672328949,0.8180000185966492,0.4465000033378601
YNL115C,YLL052C,0,-1.6826153,0.1548069715499878,0.8180000185966492,0.4465999901294708
YIL003W,YKR085C,0,-1.6827519,0.1547776758670807,0.8180000185966492,0.44670000672340393
YDR266C,YML003W,0,-1.6827663,0.15474839508533478,0.8180000185966492,0.44679999351501465
YLR352W,YHR115C,0,-1.6829224,0.15471912920475006,0.8180000185966492,0.44690001010894775
YIL067C,YDL117W,0,-1.6829295,0.15468986332416534,0.8180000185966492,0.44699999690055847
YGL183C,YFR018C,0,-1.6829493,0.15466061234474182,0.8180000185966492,0.4471000134944916
YKL141W,YIL089W,0,-1.682964,0.1546313762664795,0.8180000185966492,0.4472000002861023
YHR135C,YJR089W,0,-1.6829872,0.15460215508937836,0.8180000185966492,0.447299987077713
YPL009C,YPR080W,1,-1.6830604,0.1547619104385376,0.8190000057220459,0.447299987077713
YHR196W,YGL078C,0,-1.6833255,0.15473265945911407,0.8190000057220459,0.4474000036716461
YDR007W,YDR034W-B,0,-1.6833544,0.15470343828201294,0.8190000057220459,0.44749999046325684
YGL237C,YOR069W,0,-1.6838825,0.1546742171049118,0.8190000057220459,0.44760000705718994
YIR018W,YBR114W,0,-1.6839185,0.15464501082897186,0.8190000057220459,0.44769999384880066
YLR150W,YJL082W,0,-1.6842301,0.15461581945419312,0.8190000057220459,0.44780001044273376
YNL078W,YNL256W,0,-1.6843498,0.15458664298057556,0.8190000057220459,0.4478999972343445
YBR072W,YDL022W,0,-1.6844922,0.154557466506958,0.8190000057220459,0.4480000138282776
YKL063C,YJL095W,0,-1.6845835,0.15452830493450165,0.8190000057220459,0.4481000006198883
YGR093W,YKL217W,0,-1.6848259,0.15449915826320648,0.8190000057220459,0.448199987411499
YGR201C,YLR172C,1,-1.684998,0.15465861558914185,0.8199999928474426,0.448199987411499
YMR210W,YDR189W,0,-1.6850741,0.15462945401668549,0.8199999928474426,0.44830000400543213
YOR076C,YDL160C,1,-1.685337,0.15478883683681488,0.8209999799728394,0.44830000400543213
YKR051W,YGL224C,0,-1.6853625,0.15475966036319733,0.8209999799728394,0.44839999079704285
YOL116W,YMR154C,0,-1.6854897,0.15473049879074097,0.8209999799728394,0.44850000739097595
YNL116W,YCR097WB,0,-1.6855273,0.1547013372182846,0.8209999799728394,0.44859999418258667
YDR266C,YBR118W,1,-1.6857145,0.15486058592796326,0.8220000267028809,0.44859999418258667
YLR205C,YBR282W,0,-1.6860294,0.1548314243555069,0.8220000267028809,0.4487000107765198
YNR031C,YBR098W,0,-1.6860726,0.15480226278305054,0.8220000267028809,0.4487999975681305
YCL001W-A,YDL215C,0,-1.6861049,0.15477311611175537,0.8220000267028809,0.4489000141620636
YML057W,YPL283C,0,-1.6864344,0.1547439694404602,0.8220000267028809,0.4490000009536743
YGR078C,YNL091W,0,-1.6867216,0.15471485257148743,0.8220000267028809,0.44909998774528503
YGL222C,YER164W,0,-1.6869204,0.15468573570251465,0.8220000267028809,0.44920000433921814
YHR114W,YMR099C,0,-1.6870276,0.15465663373470306,0.8220000267028809,0.44929999113082886
YKL164C,YDR381W,0,-1.6870989,0.15462754666805267,0.8220000267028809,0.44940000772476196
YAL068C,YGL137W,0,-1.6871991,0.15459845960140228,0.8220000267028809,0.4494999945163727
YNL099C,YMR031C,0,-1.6872752,0.15456938743591309,0.8220000267028809,0.4496000111103058
YOR148C,YMR314W,0,-1.6873024,0.15454033017158508,0.8220000267028809,0.4496999979019165
YLR250W,YIR037W,0,-1.6873418,0.15451127290725708,0.8220000267028809,0.4498000144958496
YOR287C,YBL085W,0,-1.6874254,0.15448224544525146,0.8220000267028809,0.4499000012874603
YGR061C,YBR296C,0,-1.6878145,0.15445321798324585,0.8220000267028809,0.44999998807907104
YDL130W,YPL009C,1,-1.6878936,0.15461206436157227,0.8230000138282776,0.44999998807907104
YMR247C,YDR333C,1,-1.6887276,0.1547708511352539,0.8240000009536743,0.44999998807907104
YGR110W,YJR153W,0,-1.6889071,0.1547417789697647,0.8240000009536743,0.45010000467300415
YMR114C,YPR019W,0,-1.6890595,0.1547127366065979,0.8240000009536743,0.45019999146461487
YOR343W-A,YOR361C,0,-1.6891043,0.1546836942434311,0.8240000009536743,0.450300008058548
YCR097WB,YGL203C,0,-1.6891637,0.15465465188026428,0.8240000009536743,0.4503999948501587
YHL040C,YDL150W,0,-1.6892402,0.15462563931941986,0.8240000009536743,0.4505000114440918
YJL012C-A,YOR136W,0,-1.6892598,0.15459662675857544,0.8240000009536743,0.4505999982357025
YDL025C,YGR243W,0,-1.6893744,0.1545676290988922,0.8240000009536743,0.4507000148296356
YLR011W,YHR045W,0,-1.6896108,0.15453863143920898,0.8240000009536743,0.45080000162124634
YPR159W,YLR359W,0,-1.6897613,0.15450966358184814,0.8240000009536743,0.45089998841285706
YML037C,YIL157C,0,-1.6899493,0.1544806957244873,0.8240000009536743,0.45100000500679016
YOR093C,YDL005C,0,-1.6899872,0.15445172786712646,0.8240000009536743,0.4510999917984009
YER064C,YMR059W,0,-1.6901482,0.154422789812088,0.8240000009536743,0.451200008392334
YFL049W,YGR223C,0,-1.6901696,0.15439385175704956,0.8240000009536743,0.4512999951839447
YOR132W,YCL064C,0,-1.6901953,0.1543649286031723,0.8240000009536743,0.4514000117778778
YGR012W,YPR100W,0,-1.6902828,0.15433602035045624,0.8240000009536743,0.4514999985694885
YNL249C,YOR328W,0,-1.6905792,0.15430711209774017,0.8240000009536743,0.45159998536109924
YOL097C,YNL236W,0,-1.6905836,0.1542782187461853,0.8240000009536743,0.45170000195503235
YMR195W,YPL092W,0,-1.6906523,0.15424934029579163,0.8240000009536743,0.45179998874664307
YBR275C,YLR038C,0,-1.6906601,0.15422047674655914,0.8240000009536743,0.45190000534057617
YHR001W-A,YHR214C-B,0,-1.6906931,0.15419161319732666,0.8240000009536743,0.4519999921321869
YBL084C,YML010W,0,-1.6908443,0.15416276454925537,0.8240000009536743,0.45210000872612
YBR041W,YDR264C,0,-1.6908729,0.15413393080234528,0.8240000009536743,0.4521999955177307
YML030W,YPL065W,0,-1.6909077,0.15410511195659637,0.8240000009536743,0.4523000121116638
YBR185C,YLR253W,0,-1.6909533,0.15407629311084747,0.8240000009536743,0.45239999890327454
YBR246W,YDR266C,1,-1.6912603,0.15423443913459778,0.824999988079071,0.45239999890327454
YGR258C,YPL169C,0,-1.6915151,0.15420560538768768,0.824999988079071,0.45249998569488525
YAL054C,YKL105C,0,-1.6916833,0.15417678654193878,0.824999988079071,0.45260000228881836
YML038C,YJL082W,0,-1.6917328,0.15414798259735107,0.824999988079071,0.4526999890804291
YBL100W-B,YAR066W,0,-1.6918168,0.15411917865276337,0.824999988079071,0.4528000056743622
YDL161W,YFR006W,0,-1.6918268,0.15409040451049805,0.824999988079071,0.4528999924659729
YDR492W,YNR063W,0,-1.6918645,0.15406163036823273,0.824999988079071,0.453000009059906
YDR196C,YGR078C,0,-1.691867,0.1540328562259674,0.824999988079071,0.4530999958515167
YBL034C,YMR056C,0,-1.692328,0.15400411188602448,0.824999988079071,0.45320001244544983
YGR020C,YOL062C,0,-1.6924019,0.15397536754608154,0.824999988079071,0.45329999923706055
YJR061W,YDR013W,0,-1.6924111,0.1539466381072998,0.824999988079071,0.45339998602867126
YPL112C,YNL002C,0,-1.6924767,0.15391790866851807,0.824999988079071,0.45350000262260437
YBR044C,YJL184W,0,-1.6925918,0.15388919413089752,0.824999988079071,0.4535999894142151
YIL134W,YCL074W,0,-1.6926537,0.15386049449443817,0.824999988079071,0.4537000060081482
YMR313C,YLR460C,0,-1.6927726,0.15383180975914001,0.824999988079071,0.4537999927997589
YGR201C,YIL103W,1,-1.6931851,0.15398955345153809,0.8259999752044678,0.4537999927997589
YJR098C,YDR034W-B,0,-1.6931853,0.15396085381507874,0.8259999752044678,0.453900009393692
YOL059W,YLR107W,0,-1.693335,0.15393216907978058,0.8259999752044678,0.45399999618530273
YJL193W,YLR397C,0,-1.6934531,0.15390348434448242,0.8259999752044678,0.45410001277923584
YGL075C,YOR329C,0,-1.6934769,0.15387481451034546,0.8259999752044678,0.45419999957084656
YHR009C,YLR409C,0,-1.6935804,0.1538461595773697,0.8259999752044678,0.4542999863624573
YGR169C-A,YEL064C,0,-1.6936622,0.15381750464439392,0.8259999752044678,0.4544000029563904
YBR009C,YBR079C,0,-1.6937046,0.15378886461257935,0.8259999752044678,0.4544999897480011
YGR067C,YKL092C,0,-1.693778,0.15376023948192596,0.8259999752044678,0.4546000063419342
YDL235C,YDL177C,0,-1.6938846,0.15373161435127258,0.8259999752044678,0.4546999931335449
YJL107C,YGL249W,0,-1.6941698,0.1537030190229416,0.8259999752044678,0.454800009727478
YNL175C,YCL067C,0,-1.694257,0.1536744236946106,0.8259999752044678,0.45489999651908875
YDR406W,YCL066W,0,-1.6943386,0.1536458283662796,0.8259999752044678,0.45500001311302185
YOL159C,YMR087W,0,-1.6944067,0.153617262840271,0.8259999752044678,0.45509999990463257
YOR172W,YKL042W,0,-1.6944518,0.1535886973142624,0.8259999752044678,0.4551999866962433
YIL021W,YGL097W,0,-1.6944616,0.15356014668941498,0.8259999752044678,0.4553000032901764
YBR246W,YML014W,1,-1.6945469,0.15371747314929962,0.8270000219345093,0.4553000032901764
YDR508C,YNL128W,0,-1.6946528,0.15368890762329102,0.8270000219345093,0.4553999900817871
YLR186W,YDR075W,0,-1.6947635,0.1536603420972824,0.8270000219345093,0.4555000066757202
YAR009C,YDL043C,0,-1.6948276,0.1536318063735962,0.8270000219345093,0.45559999346733093
YIL157C,YDL155W,0,-1.6948767,0.15360327064990997,0.8270000219345093,0.45570001006126404
YJL065C,YNL261W,0,-1.6949154,0.15357474982738495,0.8270000219345093,0.45579999685287476
YFR030W,YGL169W,0,-1.6950163,0.15354622900485992,0.8270000219345093,0.45590001344680786
YDR476C,YBL025W,0,-1.6950763,0.1535177230834961,0.8270000219345093,0.4560000002384186
YDR045C,YKR060W,0,-1.6950835,0.15348923206329346,0.8270000219345093,0.4560999870300293
YNL033W,YPL239W,0,-1.6951003,0.15346075594425201,0.8270000219345093,0.4562000036239624
YER082C,YDR291W,0,-1.6952256,0.15343227982521057,0.8270000219345093,0.4562999904155731
YKL176C,YBL029C-A,0,-1.6952904,0.15340381860733032,0.8270000219345093,0.4564000070095062
YDR254W,YMR044W,0,-1.6953495,0.15337537229061127,0.8270000219345093,0.45649999380111694
YNR066C,YGR029W,0,-1.6955742,0.1533469259738922,0.8270000219345093,0.45660001039505005
YMR273C,YDR039C,0,-1.6957531,0.15331850945949554,0.8270000219345093,0.45669999718666077
YGL013C,YIL090W,0,-1.695792,0.15329007804393768,0.8270000219345093,0.45680001378059387
YNL136W,YNL161W,0,-1.6958449,0.1532616764307022,0.8270000219345093,0.4569000005722046
YDR270W,YDL207W,0,-1.6958581,0.15323327481746674,0.8270000219345093,0.4569999873638153
YMR210W,YGL025C,0,-1.695915,0.15320488810539246,0.8270000219345093,0.4571000039577484
YML098W,YMR194C-B,0,-1.696132,0.15317651629447937,0.8270000219345093,0.45719999074935913
YDR142C,YNL220W,0,-1.696333,0.15314814448356628,0.8270000219345093,0.45730000734329224
YNL246W,YPR101W,0,-1.696447,0.1531197875738144,0.8270000219345093,0.45739999413490295
YOR241W,YNR059W,0,-1.6965828,0.1530914455652237,0.8270000219345093,0.45750001072883606
YGR205W,YPL029W,0,-1.6966703,0.1530631184577942,0.8270000219345093,0.4575999975204468
YOR032C,YDR169C,0,-1.696738,0.15303479135036469,0.8270000219345093,0.4577000141143799
YDR488C,YBR135W,0,-1.6969526,0.15300647914409637,0.8270000219345093,0.4578000009059906
YOR099W,YMR325W,0,-1.6969721,0.15297816693782806,0.8270000219345093,0.4578999876976013
YGL211W,YEL050C,0,-1.6969739,0.15294988453388214,0.8270000219345093,0.4580000042915344
YDR497C,YHR189W,0,-1.6970465,0.15292160212993622,0.8270000219345093,0.45809999108314514
YIL148W,YGR157W,0,-1.697074,0.1528933197259903,0.8270000219345093,0.45820000767707825
YDR325W,YLR253W,0,-1.6971023,0.15286506712436676,0.8270000219345093,0.45829999446868896
YLR201C,YFR006W,0,-1.6972333,0.15283681452274323,0.8270000219345093,0.45840001106262207
YMR220W,YAL039C,0,-1.697296,0.15280857682228088,0.8270000219345093,0.4584999978542328
YKR044W,YPR124W,0,-1.6973264,0.15278033912181854,0.8270000219345093,0.4586000144481659
YOL130W,YNL188W,0,-1.6973968,0.1527521312236786,0.8270000219345093,0.4587000012397766
YDR142C,YPL220W,0,-1.6975152,0.15272390842437744,0.8270000219345093,0.45879998803138733
YER130C,YNR036C,0,-1.6975313,0.15269571542739868,0.8270000219345093,0.45890000462532043
YOR127W,YJL083W,0,-1.6978967,0.15266752243041992,0.8270000219345093,0.45899999141693115
YBL011W,YOL054W,0,-1.6980697,0.15263934433460236,0.8270000219345093,0.45910000801086426
YHR084W,YIL041W,0,-1.6981319,0.15261118113994598,0.8270000219345093,0.459199994802475
YGL236C,YJR050W,0,-1.6983384,0.1525830328464508,0.8270000219345093,0.4593000113964081
YPL103C,YKR081C,0,-1.6984994,0.15255488455295563,0.8270000219345093,0.4593999981880188
YCL008C,YER115C,0,-1.6987178,0.15252673625946045,0.8270000219345093,0.4595000147819519
YMR199W,YJR112W-A,0,-1.6987967,0.15249861776828766,0.8270000219345093,0.4596000015735626
YGL053W,YBR065C,0,-1.6988242,0.15247049927711487,0.8270000219345093,0.45969998836517334
YMR011W,YGL111W,0,-1.6991236,0.15244239568710327,0.8270000219345093,0.45980000495910645
YBR199W,YLL029W,0,-1.6991808,0.15241430699825287,0.8270000219345093,0.45989999175071716
YDR326C,YGL250W,0,-1.6991823,0.15238621830940247,0.8270000219345093,0.46000000834465027
YKL060C,YAL068C,0,-1.699228,0.15235814452171326,0.8270000219345093,0.460099995136261
YBR212W,YPL074W,0,-1.6992822,0.15233008563518524,0.8270000219345093,0.4602000117301941
YGR092W,YER100W,0,-1.6993906,0.15230202674865723,0.8270000219345093,0.4602999985218048
YGR205W,YIR009W,0,-1.6997695,0.1522739827632904,0.8270000219345093,0.4603999853134155
YPL052W-A,YGL110C,1,-1.6998696,0.15243004262447357,0.828000009059906,0.4603999853134155
YDR369C,YOL126C,0,-1.7001166,0.15240198373794556,0.828000009059906,0.46050000190734863
YNL320W,YJL142C,0,-1.7001208,0.15237393975257874,0.828000009059906,0.46059998869895935
YDR266C,YCL011C,0,-1.7002107,0.1523459106683731,0.828000009059906,0.46070000529289246
YLL018C,YHR186C,0,-1.7002133,0.15231788158416748,0.828000009059906,0.4607999920845032
YDL035C,YDL229W,0,-1.700405,0.15228986740112305,0.828000009059906,0.4609000086784363
YGR263C,YFL034W,0,-1.7004567,0.1522618681192398,0.828000009059906,0.460999995470047
YMR074C,YDL149W,0,-1.7005098,0.15223386883735657,0.828000009059906,0.4611000120639801
YFL024C,YLR093C,0,-1.7005644,0.15220588445663452,0.828000009059906,0.4611999988555908
YNL014W,YKL081W,1,-1.7005777,0.1523616909980774,0.8289999961853027,0.4611999988555908
YGL143C,YHR135C,0,-1.7006714,0.15233370661735535,0.8289999961853027,0.46129998564720154
YDL091C,YPL014W,0,-1.7006831,0.1523057073354721,0.8289999961853027,0.46140000224113464
YLR222C,YER132C,0,-1.700729,0.15227773785591125,0.8289999961853027,0.46149998903274536
YGL057C,YDR364C,0,-1.7007333,0.1522497683763504,0.8289999961853027,0.46160000562667847
YER086W,YNL230C,0,-1.7007715,0.15222181379795074,0.8289999961853027,0.4616999924182892
YDL102W,YPL166W,0,-1.7008805,0.15219387412071228,0.8289999961853027,0.4618000090122223
YPL130W,YGR277C,0,-1.7012017,0.15216593444347382,0.8289999961853027,0.461899995803833
YDL099W,YFL023W,0,-1.7012573,0.15213800966739655,0.8289999961853027,0.4620000123977661
YPR058W,YML080W,0,-1.7013721,0.15211008489131927,0.8289999961853027,0.46209999918937683
YLR164W,YOR069W,0,-1.7015668,0.1520821899175644,0.8289999961853027,0.46219998598098755
YNL259C,YPL081W,0,-1.7017007,0.1520542949438095,0.8289999961853027,0.46230000257492065
YNL209W,YPL009C,1,-1.7018201,0.1522097885608673,0.8299999833106995,0.46230000257492065
YMR158W,YMR099C,0,-1.7018368,0.15218187868595123,0.8299999833106995,0.46239998936653137
YKR079C,YHL020C,0,-1.7019187,0.15215398371219635,0.8299999833106995,0.4625000059604645
YMR171C,YJR001W,0,-1.7019535,0.15212610363960266,0.8299999833106995,0.4625999927520752
YDR489W,YGR089W,0,-1.7022408,0.15209822356700897,0.8299999833106995,0.4627000093460083
YDR266C,YML014W,1,-1.7023292,0.15225356817245483,0.8309999704360962,0.4627000093460083
YOR119C,YDL119C,0,-1.7023526,0.15222568809986115,0.8309999704360962,0.462799996137619
YPR112C,YGR028W,0,-1.7026303,0.15219780802726746,0.8309999704360962,0.4629000127315521
YIL006W,YGR102C,0,-1.7027383,0.15216992795467377,0.8309999704360962,0.46299999952316284
YLR266C,YLR241W,0,-1.7027884,0.15214207768440247,0.8309999704360962,0.46309998631477356
YLR445W,YCL040W,0,-1.7027947,0.15211422741413116,0.8309999704360962,0.46320000290870667
YGL058W,YDL225W,0,-1.702827,0.15208637714385986,0.8309999704360962,0.4632999897003174
YIL065C,YBR126W-A,0,-1.7031201,0.15205855667591095,0.8309999704360962,0.4634000062942505
YIL142W,YDR129C,0,-1.7031366,0.15203073620796204,0.8309999704360962,0.4634999930858612
YLR237W,YFR027W,0,-1.7031596,0.15200293064117432,0.8309999704360962,0.4636000096797943
YML128C,YPR075C,0,-1.7031987,0.1519751250743866,0.8309999704360962,0.46369999647140503
YMR211W,YBR139W,0,-1.7032403,0.15194733440876007,0.8309999704360962,0.46380001306533813
YDL028C,YPL189C-A,0,-1.7035277,0.15191955864429474,0.8309999704360962,0.46389999985694885
YJL110C,YDL097C,0,-1.7036425,0.1518917977809906,0.8309999704360962,0.46399998664855957
YJL041W,YOR335C,0,-1.7036738,0.15186403691768646,0.8309999704360962,0.4641000032424927
YJR044C,YKL217W,0,-1.7038319,0.15183629095554352,0.8309999704360962,0.4641999900341034
YER087C-B,YKR050W,0,-1.7039889,0.15180854499340057,0.8309999704360962,0.4643000066280365
YBL022C,YIR023W,0,-1.7040217,0.15178082883358002,0.8309999704360962,0.4643999934196472
YDL229W,YGR169C-A,1,-1.7040876,0.15193572640419006,0.8320000171661377,0.4643999934196472
YLR451W,YDL132W,0,-1.7041211,0.15190798044204712,0.8320000171661377,0.4645000100135803
YOL114C,YHR090C,0,-1.7041724,0.15188024938106537,0.8320000171661377,0.46459999680519104
YER024W,YIL091C,0,-1.7042476,0.1518525332212448,0.8320000171661377,0.46470001339912415
YMR049C,YHR033W,0,-1.7042727,0.15182481706142426,0.8320000171661377,0.46480000019073486
YGL089C,YHR206W,0,-1.7043194,0.1517971158027649,0.8320000171661377,0.4648999869823456
YNL094W,YGR148C,0,-1.7043773,0.15176942944526672,0.8320000171661377,0.4650000035762787
YLR073C,YEL070W,0,-1.7043867,0.15174174308776855,0.8320000171661377,0.4650999903678894
YNL119W,YEL077C,0,-1.7044654,0.15171407163143158,0.8320000171661377,0.4652000069618225
YNR004W,YJL082W,0,-1.704499,0.1516864150762558,0.8320000171661377,0.4652999937534332
YPR144C,YIR007W,0,-1.704685,0.1516587734222412,0.8320000171661377,0.46540001034736633
YFR009W,YJR097W,1,-1.704813,0.15181337296962738,0.8330000042915344,0.46540001034736633
YKL193C,YMR145C,0,-1.7048727,0.1517857164144516,0.8330000042915344,0.46549999713897705
YJR082C,YDR127W,0,-1.7051157,0.15175805985927582,0.8330000042915344,0.46560001373291016
YPL141C,YDR402C,0,-1.7051489,0.15173041820526123,0.8330000042915344,0.4657000005245209
YDR059C,YER064C,0,-1.7051878,0.15170279145240784,0.8330000042915344,0.4657999873161316
YGR089W,YDR183W,0,-1.705243,0.15167516469955444,0.8330000042915344,0.4659000039100647
YGR230W,YOR245C,0,-1.7053455,0.15164755284786224,0.8330000042915344,0.4659999907016754
YJL030W,YMR296C,0,-1.7055025,0.15161995589733124,0.8330000042915344,0.4661000072956085
YBR238C,YAL035W,0,-1.7055041,0.15159235894680023,0.8330000042915344,0.46619999408721924
YMR285C,YJL107C,0,-1.7055686,0.15156477689743042,0.8330000042915344,0.46630001068115234
YJR098C,YHL025W,0,-1.7055881,0.1515371948480606,0.8330000042915344,0.46639999747276306
YOR009W,YCR030C,0,-1.705625,0.15150964260101318,0.8330000042915344,0.46650001406669617
YOR294W,YDR364C,0,-1.7058474,0.15148209035396576,0.8330000042915344,0.4666000008583069
YKL209C,YDL127W,0,-1.7063446,0.15145453810691833,0.8330000042915344,0.4666999876499176
YBR085W,YDR135C,0,-1.7063757,0.1514270156621933,0.8330000042915344,0.4668000042438507
YMR050C,YGR199W,0,-1.7063961,0.15139949321746826,0.8330000042915344,0.4668999910354614
YNR060W,YMR232W,0,-1.7064309,0.15137198567390442,0.8330000042915344,0.46700000762939453
YJL012C-A,YJL138C,0,-1.7065803,0.15134447813034058,0.8330000042915344,0.46709999442100525
YNR046W,YBL010C,0,-1.7068559,0.15131698548793793,0.8330000042915344,0.46720001101493835
YDR333C,YKR084C,1,-1.7068636,0.1514711230993271,0.8339999914169312,0.46720001101493835
YLR181C,YCR070W,0,-1.7069676,0.15144361555576324,0.8339999914169312,0.4672999978065491
YKL082C,YDR444W,0,-1.7070713,0.1514161229133606,0.8339999914169312,0.4674000144004822
YJL203W,YGR296W,0,-1.7071419,0.15138863027095795,0.8339999914169312,0.4675000011920929
YLR397C,YGR209C,0,-1.7074648,0.15136116743087769,0.8339999914169312,0.4675999879837036
YPL123C,YMR196W,0,-1.7075804,0.15133368968963623,0.8339999914169312,0.4677000045776367
YGR230W,YDL076C,0,-1.7075944,0.15130624175071716,0.8339999914169312,0.46779999136924744
YOR372C,YDR369C,0,-1.7076654,0.1512787938117981,0.8339999914169312,0.46790000796318054
YOL071W,YER048W-A,0,-1.7078807,0.15125136077404022,0.8339999914169312,0.46799999475479126
YLR450W,YGL134W,0,-1.7083633,0.15122392773628235,0.8339999914169312,0.46810001134872437
YIR019C,YGR013W,0,-1.7084153,0.15119652450084686,0.8339999914169312,0.4681999981403351
YLL002W,YPR038W,0,-1.7084165,0.15116910636425018,0.8339999914169312,0.4683000147342682
YBR029C,YDR051C,0,-1.7084451,0.1511417180299759,0.8339999914169312,0.4684000015258789
YMR244C-A,YJL033W,0,-1.7085347,0.1511143296957016,0.8339999914169312,0.4684999883174896
YLR054C,YOR079C,0,-1.7086189,0.1510869562625885,0.8339999914169312,0.46860000491142273
YKL084W,YIL105C,0,-1.7086301,0.1510595977306366,0.8339999914169312,0.46869999170303345
YDR234W,YKR046C,0,-1.708723,0.1510322391986847,0.8339999914169312,0.46880000829696655
YIL067C,YAL058W,0,-1.7087398,0.15100489556789398,0.8339999914169312,0.46889999508857727
YMR102C,YGL161C,0,-1.7087662,0.15097755193710327,0.8339999914169312,0.4690000116825104
YJL203W,YMR072W,0,-1.7089691,0.15095022320747375,0.8339999914169312,0.4690999984741211
YGR056W,YGL015C,0,-1.7090372,0.15092290937900543,0.8339999914169312,0.4691999852657318
YDR140W,YPL058C,0,-1.7091935,0.1508956104516983,0.8339999914169312,0.4693000018596649
YJL158C,YPR115W,0,-1.7098131,0.15086831152439117,0.8339999914169312,0.46939998865127563
YAL014C,YBR065C,0,-1.7100246,0.15084102749824524,0.8339999914169312,0.46950000524520874
YDR266C,YJR097W,1,-1.7101045,0.15099456906318665,0.8349999785423279,0.46950000524520874
YER015W,YKL197C,0,-1.7102598,0.15096727013587952,0.8349999785423279,0.46959999203681946
YGR201C,YBR118W,1,-1.7102802,0.15112075209617615,0.8360000252723694,0.46959999203681946
YLR114C,YGL190C,0,-1.7103359,0.15109343826770782,0.8360000252723694,0.46970000863075256
YKL213C,YNR073C,0,-1.7104867,0.1510661393404007,0.8360000252723694,0.4697999954223633
YDR225W,YGR012W,0,-1.7106588,0.15103884041309357,0.8360000252723694,0.4699000120162964
YLR443W,YKL041W,0,-1.710889,0.15101155638694763,0.8360000252723694,0.4699999988079071
YFR030W,YGR007W,0,-1.7112942,0.1509842872619629,0.8360000252723694,0.4700999855995178
YER076C,YCL034W,0,-1.7113413,0.15095701813697815,0.8360000252723694,0.4702000021934509
YOR009W,YML124C,0,-1.7114099,0.1509297639131546,0.8360000252723694,0.47029998898506165
YLL057C,YER064C,0,-1.7115045,0.15090252459049225,0.8360000252723694,0.47040000557899475
YMR223W,YDL243C,0,-1.7115058,0.1508753001689911,0.8360000252723694,0.47049999237060547
YJR150C,YDR483W,0,-1.7116234,0.15084807574748993,0.8360000252723694,0.4706000089645386
YNL134C,YKL218C,0,-1.7117255,0.15082085132598877,0.8360000252723694,0.4706999957561493
YPL122C,YMR039C,0,-1.7117817,0.15079365670681,0.8360000252723694,0.4708000123500824
YML069W,YDR515W,0,-1.7119669,0.15076646208763123,0.8360000252723694,0.4708999991416931
YPR173C,YBR056W,0,-1.7120333,0.15073926746845245,0.8360000252723694,0.47099998593330383
YLR179C,YOL051W,0,-1.7121665,0.15071210265159607,0.8360000252723694,0.47110000252723694
YDR119W,YPR016C,0,-1.7122833,0.15068493783473969,0.8360000252723694,0.47119998931884766
YMR285C,YGR086C,0,-1.7123356,0.1506577730178833,0.8360000252723694,0.47130000591278076
YMR264W,YIL036W,0,-1.7124228,0.1506306380033493,0.8360000252723694,0.4713999927043915
YGL186C,YFL054C,0,-1.7125598,0.1506034880876541,0.8360000252723694,0.4715000092983246
YNL191W,YBL106C,0,-1.712872,0.1505763679742813,0.8360000252723694,0.4715999960899353
YER165W,YGR042W,0,-1.7129257,0.1505492478609085,0.8360000252723694,0.4717000126838684
YPR194C,YEL036C,0,-1.7130113,0.1505221426486969,0.8360000252723694,0.4717999994754791
YOL005C,YCR052W,0,-1.7131491,0.15049505233764648,0.8360000252723694,0.47189998626708984
YMR268W-A,YJL033W,0,-1.7131604,0.15046796202659607,0.8360000252723694,0.47200000286102295
YDR494W,YDR169C,0,-1.7134253,0.15044088661670685,0.8360000252723694,0.47209998965263367
YLR343W,YOR350C,0,-1.7135475,0.15041381120681763,0.8360000252723694,0.4722000062465668
YKL191W,YML014W,1,-1.7138027,0.15056665241718292,0.8370000123977661,0.4722000062465668
YHL042W,YMR262W,0,-1.7138271,0.1505395621061325,0.8370000123977661,0.4722999930381775
YKL069W,YDR054C,0,-1.713906,0.15051250159740448,0.8370000123977661,0.4724000096321106
YJR001W,YGL213C,0,-1.7139533,0.15048544108867645,0.8370000123977661,0.4724999964237213
YMR043W,YOL034W,0,-1.7141448,0.15045838057994843,0.8370000123977661,0.4726000130176544
YJR125C,YGR188C,0,-1.7142193,0.15043134987354279,0.8370000123977661,0.47269999980926514
YNL247W,YHR192W,0,-1.7143202,0.15040431916713715,0.8370000123977661,0.47279998660087585
YGR002C,YKL061W,0,-1.714383,0.1503772884607315,0.8370000123977661,0.47290000319480896
YGR093W,YDL119C,0,-1.7144125,0.15035027265548706,0.8370000123977661,0.4729999899864197
YBR055C,YER030W,0,-1.7144746,0.1503232717514038,0.8370000123977661,0.4731000065803528
YPR160W,YLR037C,0,-1.7147056,0.15029628574848175,0.8370000123977661,0.4731999933719635
YDR308C,YGL018C,0,-1.7147424,0.1502692997455597,0.8370000123977661,0.4733000099658966
YHR133C,YPR088C,0,-1.7147582,0.15024232864379883,0.8370000123977661,0.4733999967575073
YIL138C,YLL036C,0,-1.7150178,0.15021535754203796,0.8370000123977661,0.47350001335144043
YAL044C,YPL103C,0,-1.7153215,0.1501884013414383,0.8370000123977661,0.47360000014305115
YMR220W,YPR100W,0,-1.7153486,0.15016146004199982,0.8370000123977661,0.47369998693466187
YFL024C,YGR225W,0,-1.7154379,0.15013453364372253,0.8370000123977661,0.47380000352859497
YPL091W,YPL192C,0,-1.7157583,0.15010760724544525,0.8370000123977661,0.4738999903202057
YER024W,YIL026C,0,-1.7158175,0.15008069574832916,0.8370000123977661,0.4740000069141388
YGR128C,YCL059C,0,-1.7159076,0.15005378425121307,0.8370000123977661,0.4740999937057495
YDR137W,YPR115W,0,-1.7159262,0.15002688765525818,0.8370000123977661,0.4742000102996826
YDR109C,YOR245C,0,-1.7160196,0.15000000596046448,0.8370000123977661,0.47429999709129333
YMR085W,YHR152W,0,-1.7160859,0.14997312426567078,0.8370000123977661,0.47440001368522644
YLR001C,YBL025W,0,-1.7161462,0.14994625747203827,0.8370000123977661,0.47450000047683716
YDR439W,YPL019C,0,-1.7163635,0.14991940557956696,0.8370000123977661,0.4745999872684479
YPR175W,YLR132C,0,-1.7164639,0.14989255368709564,0.8370000123977661,0.474700003862381
YOL043C,YOR338W,0,-1.7164721,0.14986571669578552,0.8370000123977661,0.4747999906539917
YOR120W,YKR100C,0,-1.7164928,0.1498388797044754,0.8370000123977661,0.4749000072479248
YIL041W,YJR096W,0,-1.7164934,0.14981205761432648,0.8370000123977661,0.4749999940395355
YDL044C,YGR278W,0,-1.7166153,0.14978525042533875,0.8370000123977661,0.47510001063346863
YBR261C,YBR065C,0,-1.7169795,0.1497584581375122,0.8370000123977661,0.47519999742507935
YBL059W,YPR017C,0,-1.7169826,0.14973166584968567,0.8370000123977661,0.47530001401901245
YHR099W,YGL212W,0,-1.7170293,0.14970488846302032,0.8370000123977661,0.47540000081062317
YKL014C,YKL222C,0,-1.7171507,0.14967811107635498,0.8370000123977661,0.4754999876022339
YPR100W,YOL130W,0,-1.7173679,0.14965134859085083,0.8370000123977661,0.475600004196167
YJR029W,YKL037W,0,-1.7174219,0.14962460100650787,0.8370000123977661,0.4756999909877777
YPL150W,YOL095C,0,-1.7176213,0.14959785342216492,0.8370000123977661,0.4758000075817108
YLR190W,YLR218C,0,-1.7176437,0.14957112073898315,0.8370000123977661,0.47589999437332153
YNL274C,YGL190C,0,-1.7176774,0.14954440295696259,0.8370000123977661,0.47600001096725464
YDR245W,YBR274W,0,-1.7177377,0.14951768517494202,0.8370000123977661,0.47609999775886536
YDR185C,YDR107C,0,-1.7181098,0.14949098229408264,0.8370000123977661,0.47620001435279846
YDR159W,YOL089C,0,-1.7181398,0.14946427941322327,0.8370000123977661,0.4763000011444092
YLR256W-A,YNL177C,0,-1.7185478,0.14943760633468628,0.8370000123977661,0.4763999879360199
YLR242C,YGR275W,0,-1.7188058,0.1494109183549881,0.8370000123977661,0.476500004529953
YOR076C,YDR333C,1,-1.7188487,0.14956273138523102,0.8379999995231628,0.476500004529953
YHR176W,YDR233C,0,-1.718856,0.14953604340553284,0.8379999995231628,0.4765999913215637
YKL043W,YGR049W,0,-1.7188623,0.14950937032699585,0.8379999995231628,0.4767000079154968
YLR143W,YJR097W,1,-1.7191749,0.1496610790491104,0.8389999866485596,0.4767000079154968
YDR447C,YKL041W,0,-1.7192729,0.14963439106941223,0.8389999866485596,0.47679999470710754
YER066W,YGL010W,0,-1.719308,0.14960770308971405,0.8389999866485596,0.47690001130104065
YLR143W,YDR333C,1,-1.7193258,0.14975932240486145,0.8399999737739563,0.47690001130104065
YDR138W,YPL134C,0,-1.7193316,0.14973261952400208,0.8399999737739563,0.47699999809265137
YNL197C,YLR183C,0,-1.7194278,0.1497059315443039,0.8399999737739563,0.4771000146865845
YDL025C,YPL163C,0,-1.719687,0.1496792584657669,0.8399999737739563,0.4772000014781952
YFL017W-A,YOR152C,0,-1.7197062,0.14965258538722992,0.8399999737739563,0.4772999882698059
YDL052C,YJR101W,0,-1.7197376,0.14962594211101532,0.8399999737739563,0.477400004863739
YGL141W,YFL017C,0,-1.7198378,0.14959928393363953,0.8399999737739563,0.47749999165534973
YNL284C-B,YBL002W,0,-1.7199454,0.14957265555858612,0.8399999737739563,0.47760000824928284
YJL219W,YPL006W,0,-1.7200344,0.14954602718353271,0.8399999737739563,0.47769999504089355
YHR080C,YDR045C,0,-1.7201678,0.1495193988084793,0.8399999737739563,0.47780001163482666
YAR033W,YHR103W,0,-1.7201709,0.1494927853345871,0.8399999737739563,0.4778999984264374
YGR212W,YJL149W,0,-1.7202814,0.14946618676185608,0.8399999737739563,0.4779999852180481
YER157W,YPL076W,0,-1.72029,0.14943960309028625,0.8399999737739563,0.4781000018119812
YKL062W,YDL015C,0,-1.7203413,0.14941301941871643,0.8399999737739563,0.4781999886035919
YGR092W,YER071C,0,-1.720463,0.1493864506483078,0.8399999737739563,0.478300005197525
YBR153W,YMR021C,0,-1.7205546,0.14935988187789917,0.8399999737739563,0.47839999198913574
YNR016C,YJL163C,0,-1.7206005,0.14933332800865173,0.8399999737739563,0.47850000858306885
YFL022C,YPL111W,0,-1.7208078,0.1493067890405655,0.8399999737739563,0.47859999537467957
YGR150C,YKL085W,0,-1.7208239,0.14928025007247925,0.8399999737739563,0.47870001196861267
YML062C,YNL121C,0,-1.7208319,0.1492537260055542,0.8399999737739563,0.4787999987602234
YIL151C,YNL128W,0,-1.7208362,0.14922721683979034,0.8399999737739563,0.4788999855518341
YDR383C,YBR020W,0,-1.7210348,0.1492007076740265,0.8399999737739563,0.4790000021457672
YJR047C,YKR084C,1,-1.7210889,0.1493518054485321,0.8410000205039978,0.4790000021457672
YGR169C-A,YML014W,1,-1.7214737,0.14950284361839294,0.8420000076293945,0.4790000021457672
YHR082C,YPL145C,0,-1.7216314,0.1494763046503067,0.8420000076293945,0.47909998893737793
YGR038C-B,YHR205W,0,-1.7218218,0.14944976568222046,0.8420000076293945,0.47920000553131104
YER058W,YNR027W,0,-1.7219293,0.1494232416152954,0.8420000076293945,0.47929999232292175
YOR348C,YJL044C,0,-1.7219365,0.14939673244953156,0.8420000076293945,0.47940000891685486
YOL113W,YDR179W-A,0,-1.7219734,0.1493702381849289,0.8420000076293945,0.4794999957084656
YDR383C,YHR105W,0,-1.7220026,0.14934374392032623,0.8420000076293945,0.4796000123023987
YHR185C,YPR015C,0,-1.7221582,0.14931724965572357,0.8420000076293945,0.4796999990940094
YDL144C,YHR169W,0,-1.7221735,0.1492907851934433,0.8420000076293945,0.4797999858856201
YEL036C,YPL189C-A,0,-1.722181,0.14926432073116302,0.8420000076293945,0.4799000024795532
YPR182W,YHR019C,0,-1.7222466,0.14923785626888275,0.8420000076293945,0.47999998927116394
YPL065W,YGR227W,0,-1.7224122,0.14921140670776367,0.8420000076293945,0.48010000586509705
YNL236W,YPR047W,0,-1.7227182,0.1491849720478058,0.8420000076293945,0.48019999265670776
YMR186W,YOL114C,0,-1.7229053,0.1491585522890091,0.8420000076293945,0.48030000925064087
YBR139W,YOR047C,0,-1.7233844,0.1491321325302124,0.8420000076293945,0.4803999960422516
YHR107C,YHR170W,0,-1.7234831,0.1491057127714157,0.8420000076293945,0.4805000126361847
YDL156W,YER003C,0,-1.723504,0.1490793228149414,0.8420000076293945,0.4805999994277954
YGR266W,YNL086W,0,-1.7235456,0.1490529328584671,0.8420000076293945,0.48069998621940613
YBR143C,YDL035C,0,-1.7235576,0.1490265429019928,0.8420000076293945,0.48080000281333923
YPR160W,YOL152W,0,-1.7237048,0.14900018274784088,0.8420000076293945,0.48089998960494995
YIL096C,YHL011C,0,-1.7237258,0.14897380769252777,0.8420000076293945,0.48100000619888306
YJL154C,YPL030W,0,-1.7237519,0.14894746243953705,0.8420000076293945,0.4810999929904938
YLR129W,YAL024C,0,-1.723909,0.14892111718654633,0.8420000076293945,0.4812000095844269
YDR374C,YBR019C,0,-1.7240033,0.1488947868347168,0.8420000076293945,0.4812999963760376
YLR019W,YOR177C,0,-1.7240597,0.14886845648288727,0.8420000076293945,0.4814000129699707
YDR160W,YPL216W,0,-1.7241457,0.14884214103221893,0.8420000076293945,0.4814999997615814
YJR068W,YKL109W,0,-1.7242076,0.1488158404827118,0.8420000076293945,0.48159998655319214
YPL195W,YER071C,0,-1.7242266,0.14878953993320465,0.8420000076293945,0.48170000314712524
YIL145C,YDL156W,0,-1.72435,0.1487632542848587,0.8420000076293945,0.48179998993873596
YCL018W,YOR304C-A,0,-1.7244674,0.14873696863651276,0.8420000076293945,0.48190000653266907
YMR247C,YHR064C,1,-1.7245159,0.14888732135295868,0.8429999947547913,0.48190000653266907
YGL037C,YAL027W,0,-1.7245442,0.14886102080345154,0.8429999947547913,0.4819999933242798
YJR061W,YGR150C,0,-1.7245448,0.14883475005626678,0.8429999947547913,0.4821000099182129
YNL134C,YLR191W,0,-1.7245891,0.14880847930908203,0.8429999947547913,0.4821999967098236
YNL078W,YDR238C,0,-1.7246857,0.14878220856189728,0.8429999947547913,0.4823000133037567
YGL061C,YHR140W,0,-1.7247792,0.14875595271587372,0.8429999947547913,0.48240000009536743
YPL101W,YBL019W,0,-1.7252445,0.14872971177101135,0.8429999947547913,0.48249998688697815
YNL007C,YJL029C,0,-1.7252506,0.148703470826149,0.8429999947547913,0.48260000348091125
YPR191W,YJL011C,0,-1.7253273,0.14867724478244781,0.8429999947547913,0.482699990272522
YGR100W,YIR038C,0,-1.7254055,0.14865103363990784,0.8429999947547913,0.4828000068664551
YPL006W,YGL103W,0,-1.7255833,0.14862482249736786,0.8429999947547913,0.4828999936580658
YDL223C,YER048W-A,0,-1.7256773,0.14859862625598907,0.8429999947547913,0.4830000102519989
YJR043C,YBR235W,0,-1.7257273,0.1485724300146103,0.8429999947547913,0.4830999970436096
YLR039C,YCL058C,0,-1.725807,0.1485462486743927,0.8429999947547913,0.4832000136375427
YHR183W,YDR253C,0,-1.7258263,0.1485200822353363,0.8429999947547913,0.48330000042915344
YKL190W,YNL111C,0,-1.7258534,0.1484939157962799,0.8429999947547913,0.48339998722076416
YGL174W,YDL208W,0,-1.7259042,0.1484677642583847,0.8429999947547913,0.48350000381469727
YGL230C,YKL015W,0,-1.7259257,0.1484416276216507,0.8429999947547913,0.483599990606308
YNL063W,YDR266C,1,-1.7260303,0.148591548204422,0.843999981880188,0.483599990606308
YNR035C,YOL066C,0,-1.7261409,0.1485653966665268,0.843999981880188,0.4837000072002411
YLR266C,YDR060W,0,-1.726249,0.1485392451286316,0.843999981880188,0.4837999939918518
YBR272C,YKR095W,0,-1.7263813,0.14851310849189758,0.843999981880188,0.4839000105857849
YMR085W,YGL127C,0,-1.7266457,0.14848698675632477,0.843999981880188,0.48399999737739563
YER162C,YDR147W,0,-1.7266808,0.14846086502075195,0.843999981880188,0.48410001397132874
YPL014W,YDR067C,0,-1.7271086,0.14843475818634033,0.843999981880188,0.48420000076293945
YBR044C,YKR085C,0,-1.7272096,0.1484086513519287,0.843999981880188,0.48429998755455017
YDL052C,YBR245C,0,-1.7273844,0.14838255941867828,0.843999981880188,0.4844000041484833
YHR154W,YDR210C-C,0,-1.727402,0.14835648238658905,0.843999981880188,0.484499990940094
YKR051W,YIL084C,0,-1.7276787,0.14833040535449982,0.843999981880188,0.4846000075340271
YOR076C,YGR201C,1,-1.7279764,0.14848005771636963,0.8450000286102295,0.4846000075340271
YBL003C,YMR046C,0,-1.7280035,0.1484539657831192,0.8450000286102295,0.4846999943256378
YCR039C,YNL261W,0,-1.728059,0.14842788875102997,0.8450000286102295,0.4848000109195709
YGR140W,YDR115W,0,-1.7281046,0.14840182662010193,0.8450000286102295,0.48489999771118164
YBL071W-A,YPL052W-A,1,-1.7283183,0.1485513597726822,0.8460000157356262,0.48489999771118164
YCL011C,YFL059W,0,-1.7285854,0.14852528274059296,0.8460000157356262,0.48500001430511475
YDR300C,YGR028W,0,-1.728593,0.14849920570850372,0.8460000157356262,0.48510000109672546
YOL142W,YGR121C,0,-1.7286453,0.14847314357757568,0.8460000157356262,0.4851999878883362
YNL130C,YNL146W,0,-1.7286558,0.14844709634780884,0.8460000157356262,0.4853000044822693
YMR196W,YER094C,0,-1.7286575,0.148421049118042,0.8460000157356262,0.48539999127388
YDR515W,YPR169W,0,-1.7287917,0.14839501678943634,0.8460000157356262,0.4855000078678131
YNL046W,YMR272C,0,-1.7288706,0.14836899936199188,0.8460000157356262,0.48559999465942383
YLR190W,YBR029C,0,-1.7290243,0.14834298193454742,0.8460000157356262,0.48570001125335693
YKR051W,YDR406W,0,-1.7290542,0.14831696450710297,0.8460000157356262,0.48579999804496765
YFR047C,YDR019C,0,-1.7290974,0.1482909768819809,0.8460000157356262,0.48590001463890076
YLR449W,YMR081C,0,-1.7291073,0.14826498925685883,0.8460000157356262,0.4860000014305115
YER089C,YDR295C,0,-1.7291079,0.14823900163173676,0.8460000157356262,0.4860999882221222
YER128W,YNL323W,0,-1.7292722,0.14821302890777588,0.8460000157356262,0.4862000048160553
YIL038C,YCR021C,0,-1.7294756,0.1481870710849762,0.8460000157356262,0.486299991607666
YOR324C,YOR383C,0,-1.7299584,0.1481611281633377,0.8460000157356262,0.4864000082015991
YGR054W,YKR065C,0,-1.729991,0.14813517034053802,0.8460000157356262,0.48649999499320984
YOL077C,YER022W,0,-1.7300773,0.14810924232006073,0.8460000157356262,0.48660001158714294
YGL255W,YMR169C,0,-1.7301157,0.14808331429958344,0.8460000157356262,0.48669999837875366
YBR247C,YIL006W,0,-1.7301352,0.14805740118026733,0.8460000157356262,0.4867999851703644
YCL035C,YGL043W,0,-1.7301809,0.14803150296211243,0.8460000157356262,0.4869000017642975
YNL033W,YGR257C,0,-1.7302457,0.14800560474395752,0.8460000157356262,0.4869999885559082
YNR003C,YOR393W,0,-1.730296,0.1479797065258026,0.8460000157356262,0.4871000051498413
YOL116W,YMR004W,0,-1.7305025,0.1479538232088089,0.8460000157356262,0.487199991941452
YCL037C,YKR077W,0,-1.7305491,0.14792795479297638,0.8460000157356262,0.48730000853538513
YIR035C,YBR066C,0,-1.7309843,0.14790210127830505,0.8460000157356262,0.48739999532699585
YJL170C,YOL157C,0,-1.7311286,0.14787624776363373,0.8460000157356262,0.48750001192092896
YBL045C,YHR118C,0,-1.7314365,0.1478504091501236,0.8460000157356262,0.4875999987125397
YGL134W,YLR283W,0,-1.7315004,0.14782457053661346,0.8460000157356262,0.4876999855041504
YMR086W,YHR189W,0,-1.7317379,0.14779874682426453,0.8460000157356262,0.4878000020980835
YDL079C,YOR234C,0,-1.7317392,0.1477729231119156,0.8460000157356262,0.4878999888896942
YDR534C,YOR346W,0,-1.7318838,0.14774711430072784,0.8460000157356262,0.4880000054836273
YBR212W,YOL122C,0,-1.7319746,0.1477213203907013,0.8460000157356262,0.48809999227523804
YLR073C,YKR016W,0,-1.7320687,0.14769552648067474,0.8460000157356262,0.48820000886917114
YMR189W,YDR307W,0,-1.7322179,0.1476697474718094,0.8460000157356262,0.48829999566078186
YDR005C,YCL040W,0,-1.7323828,0.14764398336410522,0.8460000157356262,0.48840001225471497
YLL067C,YBR273C,0,-1.732698,0.14761821925640106,0.8460000157356262,0.4884999990463257
YKL191W,YPL052W-A,1,-1.7327071,0.14776691794395447,0.847000002861023,0.4884999990463257
YKR025W,YCR097WB,0,-1.7327521,0.1477411538362503,0.847000002861023,0.4885999858379364
YLR069C,YGR169C-A,1,-1.7328113,0.14788977801799774,0.8479999899864197,0.4885999858379364
YOR157C,YLR312C-B,0,-1.7329497,0.14786399900913239,0.8479999899864197,0.4887000024318695
YBL010C,YLR014C,0,-1.7329749,0.14783822000026703,0.8479999899864197,0.4887999892234802
YER016W,YPR003C,0,-1.7331412,0.14781244099140167,0.8479999899864197,0.48890000581741333
YOL103W,YFL017W-A,0,-1.7332122,0.1477866917848587,0.8479999899864197,0.48899999260902405
YLR150W,YGR246C,0,-1.7332557,0.14776092767715454,0.8479999899864197,0.48910000920295715
YER012W,YKL084W,0,-1.7332642,0.14773519337177277,0.8479999899864197,0.48919999599456787
YKR096W,YHR005C,0,-1.733319,0.147709459066391,0.8479999899864197,0.489300012588501
YER128W,YCR044C,0,-1.7333724,0.1476837396621704,0.8479999899864197,0.4893999993801117
YLR201C,YIL084C,0,-1.733693,0.14765802025794983,0.8479999899864197,0.4894999861717224
YFR009W,YGR169C-A,1,-1.7337048,0.14780640602111816,0.8489999771118164,0.4894999861717224
YML116W,YMR236W,0,-1.7340913,0.1477806717157364,0.8489999771118164,0.4896000027656555
YER099C,YIL003W,0,-1.7341528,0.147754967212677,0.8489999771118164,0.48969998955726624
YGR093W,YIL065C,0,-1.734299,0.14772924780845642,0.8489999771118164,0.48980000615119934
YBL060W,YDR001C,0,-1.7344728,0.14770354330539703,0.8489999771118164,0.48989999294281006
YMR027W,YGR089W,0,-1.7344928,0.14767785370349884,0.8489999771118164,0.49000000953674316
YMR263W,YIR013C,0,-1.7345281,0.14765217900276184,0.8489999771118164,0.4900999963283539
YNL299W,YGR185C,0,-1.7345492,0.14762650430202484,0.8489999771118164,0.490200012922287
YOL093W,YLR005W,0,-1.7347211,0.14760082960128784,0.8489999771118164,0.4902999997138977
YOR307C,YPL192C,0,-1.7347353,0.14757518470287323,0.8489999771118164,0.4903999865055084
YER156C,YNL280C,0,-1.7350299,0.14754952490329742,0.8489999771118164,0.49050000309944153
YPL038W,YML058W,0,-1.7351558,0.147523894906044,0.8489999771118164,0.49059998989105225
YMR232W,YDR372C,0,-1.7351757,0.1474982649087906,0.8489999771118164,0.49070000648498535
YLL040C,YLR376C,0,-1.7352095,0.14747263491153717,0.8489999771118164,0.49079999327659607
YPL113C,YOL092W,0,-1.7352846,0.14744703471660614,0.8489999771118164,0.4909000098705292
YCR104W,YNR040W,0,-1.7353268,0.1474214345216751,0.8489999771118164,0.4909999966621399
YOR172W,YDR045C,0,-1.7355169,0.14739583432674408,0.8489999771118164,0.491100013256073
YPL240C,YHR066W,0,-1.7355896,0.14737024903297424,0.8489999771118164,0.4912000000476837
YGR230W,YCR039C,0,-1.7357813,0.1473446786403656,0.8489999771118164,0.49129998683929443
YDR032C,YFL011W,0,-1.735784,0.14731910824775696,0.8489999771118164,0.49140000343322754
YLR227W-B,YMR016C,0,-1.7358859,0.1472935527563095,0.8489999771118164,0.49149999022483826
YDR227W,YGR171C,0,-1.7359885,0.14726799726486206,0.8489999771118164,0.49160000681877136
YDR351W,YPL066W,0,-1.736012,0.1472424566745758,0.8489999771118164,0.4916999936103821
YOR068C,YAL027W,0,-1.736087,0.14721693098545074,0.8489999771118164,0.4918000102043152
YNL221C,YDR352W,0,-1.7361324,0.14719140529632568,0.8489999771118164,0.4918999969959259
YNL334C,YJR123W,0,-1.7362503,0.14716587960720062,0.8489999771118164,0.492000013589859
YOR166C,YHL013C,0,-1.7363921,0.14714038372039795,0.8489999771118164,0.4921000003814697
YLR130C,YPL258C,0,-1.7365359,0.14711488783359528,0.8489999771118164,0.49219998717308044
YBL071W-A,YGR169C-A,1,-1.7365866,0.14726264774799347,0.8500000238418579,0.49219998717308044
YGL003C,YGR041W,0,-1.7367382,0.1472371369600296,0.8500000238418579,0.49230000376701355
YGL222C,YDR392W,0,-1.7371951,0.14721164107322693,0.8500000238418579,0.49239999055862427
YBR215W,YCR021C,0,-1.7375094,0.14718614518642426,0.8500000238418579,0.4925000071525574
YPL009C,YDR333C,1,-1.7376211,0.1473338007926941,0.8510000109672546,0.4925000071525574
YMR225C,YGR262C,0,-1.7378601,0.14730829000473022,0.8510000109672546,0.4925999939441681
YLR291C,YDL199C,0,-1.7379174,0.14728279411792755,0.8510000109672546,0.4927000105381012
YPR175W,YOL132W,0,-1.7379346,0.14725731313228607,0.8510000109672546,0.4927999973297119
YDR003W,YKL178C,0,-1.7379463,0.1472318321466446,0.8510000109672546,0.492900013923645
YOL139C,YGR198W,0,-1.7379475,0.1472063660621643,0.8510000109672546,0.49300000071525574
YBR041W,YOR054C,0,-1.7380364,0.14718089997768402,0.8510000109672546,0.49309998750686646
YDR322C-A,YOR383C,0,-1.7381237,0.14715544879436493,0.8510000109672546,0.49320000410079956
YDL099W,YER147C,0,-1.7381442,0.14713001251220703,0.8510000109672546,0.4932999908924103
YKL126W,YCR107W,0,-1.7382754,0.14710457623004913,0.8510000109672546,0.4934000074863434
YPL013C,YDL001W,0,-1.738647,0.14707915484905243,0.8510000109672546,0.4934999942779541
YOL111C,YCL057C-A,0,-1.7389637,0.14705374836921692,0.8510000109672546,0.4936000108718872
YDR400W,YER049W,0,-1.7390151,0.1470283418893814,0.8510000109672546,0.4936999976634979
YIL034C,YHR162W,0,-1.739072,0.1470029354095459,0.8510000109672546,0.49380001425743103
YBL052C,YBR023C,0,-1.7391348,0.14697754383087158,0.8510000109672546,0.49390000104904175
YML113W,YLR116W,0,-1.7392976,0.14695216715335846,0.8510000109672546,0.49399998784065247
YMR038C,YHL031C,0,-1.7393801,0.14692679047584534,0.8510000109672546,0.49410000443458557
YJR015W,YOR187W,0,-1.7393997,0.1469014286994934,0.8510000109672546,0.4941999912261963
YBL100W-A,YCR095C,0,-1.7394838,0.14687608182430267,0.8510000109672546,0.4943000078201294
YEL009C,YLR244C,0,-1.7395586,0.14685073494911194,0.8510000109672546,0.4943999946117401
YGL183C,YAR015W,0,-1.7398893,0.1468254029750824,0.8510000109672546,0.4945000112056732
YGR113W,YNL207W,0,-1.7399067,0.14680007100105286,0.8510000109672546,0.49459999799728394
YDL051W,YFR021W,0,-1.7400494,0.1467747539281845,0.8510000109672546,0.49470001459121704
YOL039W,YPL009C,1,-1.7400621,0.14692188799381256,0.8519999980926514,0.49470001459121704
YOR202W,YPL028W,0,-1.7401512,0.14689655601978302,0.8519999980926514,0.49480000138282776
YAR020C,YFL033C,0,-1.740191,0.14687122404575348,0.8519999980926514,0.4948999881744385
YJL176C,YLR142W,0,-1.7402527,0.14684592187404633,0.8519999980926514,0.4950000047683716
YER076C,YMR031C,0,-1.7406992,0.14682060480117798,0.8519999980926514,0.4950999915599823
YBR109C,YML126C,0,-1.7410475,0.14679531753063202,0.8519999980926514,0.4952000081539154
YBR002C,YFR012W,0,-1.7413568,0.14677003026008606,0.8519999980926514,0.4952999949455261
YNL068C,YMR274C,0,-1.7414908,0.1467447429895401,0.8519999980926514,0.49540001153945923
YDL035C,YPL276W,0,-1.7417492,0.14671947062015533,0.8519999980926514,0.49549999833106995
YLR321C,YGL070C,0,-1.7420708,0.14669421315193176,0.8519999980926514,0.49559998512268066
YIL067C,YNL218W,0,-1.7421076,0.1466689556837082,0.8519999980926514,0.49570000171661377
YKL191W,YER063W,0,-1.7421217,0.1466437131166458,0.8519999980926514,0.4957999885082245
YNL014W,YDR333C,1,-1.7422036,0.14679056406021118,0.8529999852180481,0.4957999885082245
YOR076C,YMR247C,1,-1.7422886,0.14693737030029297,0.8539999723434448,0.4957999885082245
YNL283C,YLR278C,0,-1.7425842,0.1469120979309082,0.8539999723434448,0.4959000051021576
YGL028C,YJL038C,0,-1.742867,0.14688682556152344,0.8539999723434448,0.4959999918937683
YIL136W,YMR023C,0,-1.7428972,0.14686156809329987,0.8539999723434448,0.4961000084877014
YDL237W,YDR434W,0,-1.7429667,0.1468363106250763,0.8539999723434448,0.49619999527931213
YNL124W,YHR097C,0,-1.7430551,0.14681106805801392,0.8539999723434448,0.49630001187324524
YAL016W,YCR095C,0,-1.743088,0.14678584039211273,0.8539999723434448,0.49639999866485596
YNL100W,YLR268W,0,-1.7432532,0.14676061272621155,0.8539999723434448,0.4964999854564667
YKR038C,YMR313C,0,-1.7432837,0.14673539996147156,0.8539999723434448,0.4966000020503998
YOR133W,YGR013W,0,-1.743333,0.14671018719673157,0.8539999723434448,0.4966999888420105
YHR099W,YGR166W,0,-1.7434719,0.14668498933315277,0.8539999723434448,0.4968000054359436
YML082W,YLL017W,0,-1.7437954,0.14665979146957397,0.8539999723434448,0.4968999922275543
YDL070W,YBR301W,0,-1.7438154,0.14663460850715637,0.8539999723434448,0.4970000088214874
YKL188C,YJL065C,0,-1.7442566,0.14660944044589996,0.8539999723434448,0.49709999561309814
YNL001W,YPR070W,0,-1.7443776,0.14658427238464355,0.8539999723434448,0.49720001220703125
YMR290C,YBR211C,0,-1.7444365,0.14655911922454834,0.8539999723434448,0.49729999899864197
YGR102C,YIL105C,0,-1.7444582,0.14653398096561432,0.8539999723434448,0.4973999857902527
YNL142W,YNR001C,0,-1.7446539,0.1465088278055191,0.8539999723434448,0.4975000023841858
YDR219C,YNL200C,0,-1.7447951,0.14648370444774628,0.8539999723434448,0.4975999891757965
YPL041C,YNR071C,0,-1.7449813,0.14645858108997345,0.8539999723434448,0.4977000057697296
YNL085W,YCR016W,0,-1.7451147,0.14643347263336182,0.8539999723434448,0.49779999256134033
YDR098C-B,YOR078W,0,-1.7451149,0.14640836417675018,0.8539999723434448,0.49790000915527344
YOR383C,YGR235C,0,-1.7451738,0.14638327062129974,0.8539999723434448,0.49799999594688416
YHR192W,YNL020C,0,-1.7452391,0.1463581770658493,0.8539999723434448,0.49810001254081726
YMR159C,YJL173C,0,-1.7453432,0.14633309841156006,0.8539999723434448,0.498199999332428
YDR421W,YML051W,0,-1.7456847,0.146308034658432,0.8539999723434448,0.4982999861240387
YKL162C,YER170W,0,-1.7457106,0.14628297090530396,0.8539999723434448,0.4984000027179718
YDR179W-A,YLR348C,0,-1.7460752,0.1462579220533371,0.8539999723434448,0.4984999895095825
YBR246W,YPL009C,1,-1.746104,0.14640410244464874,0.8550000190734863,0.4984999895095825
YKR068C,YAR007C,0,-1.746208,0.1463790386915207,0.8550000190734863,0.4986000061035156
YDR255C,YPR086W,0,-1.7462957,0.14635398983955383,0.8550000190734863,0.49869999289512634
YMR271C,YMR284W,0,-1.7463936,0.14632894098758698,0.8550000190734863,0.49880000948905945
YJL161W,YDR392W,0,-1.7464944,0.1463039070367813,0.8550000190734863,0.49889999628067017
YGR201C,YGL110C,1,-1.7466019,0.1464499533176422,0.8560000061988831,0.49889999628067017
YHR132C,YDR539W,0,-1.7468233,0.14642490446567535,0.8560000061988831,0.49900001287460327
YPR159W,YHR046C,0,-1.74683,0.1463998705148697,0.8560000061988831,0.499099999666214
YIL046W,YBL059C-A,0,-1.7469401,0.14637482166290283,0.8560000061988831,0.4991999864578247
YLR063W,YOR043W,0,-1.7470424,0.14634980261325836,0.8560000061988831,0.4993000030517578
YLR284C,YMR207C,0,-1.747105,0.1463247835636139,0.8560000061988831,0.49939998984336853
YMR321C,YIL113W,0,-1.7471075,0.14629977941513062,0.8560000061988831,0.49950000643730164
YGR149W,YNL305C,0,-1.7472324,0.14627477526664734,0.8560000061988831,0.49959999322891235
YMR247C,YPL211W,0,-1.7473693,0.14624978601932526,0.8560000061988831,0.49970000982284546
YNR055C,YGR173W,0,-1.747417,0.14622479677200317,0.8560000061988831,0.4997999966144562
YKL139W,YBR172C,0,-1.7474625,0.14619982242584229,0.8560000061988831,0.4999000132083893
YNL014W,YJR047C,1,-1.7475045,0.14634563028812408,0.8569999933242798,0.4999000132083893
YGR223C,YJR153W,0,-1.7475108,0.146320641040802,0.8569999933242798,0.5
YNR046W,YDR409W,0,-1.7475262,0.1462956666946411,0.8569999933242798,0.5001000165939331
YLR392C,YGR199W,0,-1.747689,0.14627069234848022,0.8569999933242798,0.5001999735832214
YHL020C,YDR231C,0,-1.7476951,0.14624573290348053,0.8569999933242798,0.5002999901771545
YLL014W,YNL261W,0,-1.747802,0.14622078835964203,0.8569999933242798,0.5004000067710876
YMR247C,YGR201C,1,-1.7479122,0.1463664323091507,0.8579999804496765,0.5004000067710876
YBR055C,YMR027W,0,-1.7480109,0.1463414579629898,0.8579999804496765,0.5005000233650208
YOR394W,YOL007C,0,-1.7481182,0.1463165134191513,0.8579999804496765,0.5005999803543091
YOR267C,YGR028W,0,-1.7481606,0.1462915539741516,0.8579999804496765,0.5006999969482422
YMR102C,YMR229C,0,-1.7481953,0.1462666243314743,0.8579999804496765,0.5008000135421753
YLR164W,YHR102W,0,-1.7482667,0.146241694688797,0.8579999804496765,0.5008999705314636
YOL098C,YDR337W,0,-1.7483679,0.1462167650461197,0.8579999804496765,0.5009999871253967
YHR147C,YML003W,0,-1.7483824,0.14619185030460358,0.8579999804496765,0.5011000037193298
YGR100W,YML041C,0,-1.7485247,0.14616695046424866,0.8579999804496765,0.5012000203132629
YFR010W,YGL156W,0,-1.7486486,0.14614205062389374,0.8579999804496765,0.5012999773025513
YBR103W,YPR143W,0,-1.7490652,0.1461171656847,0.8579999804496765,0.5013999938964844
YLR323C,YDL202W,0,-1.7490654,0.1460922807455063,0.8579999804496765,0.5015000104904175
YLL002W,YDR237W,0,-1.7491987,0.14606741070747375,0.8579999804496765,0.5016000270843506
YML072C,YOL049W,0,-1.7494421,0.14604255557060242,0.8579999804496765,0.5016999840736389
YKR075C,YOL102C,0,-1.7494558,0.14601770043373108,0.8579999804496765,0.501800000667572
YBR071W,YHR098C,0,-1.749939,0.14599286019802094,0.8579999804496765,0.5019000172615051
YBR029C,YNL272C,0,-1.749959,0.1459680199623108,0.8579999804496765,0.5019999742507935
YGR181W,YPR008W,0,-1.7501404,0.14594319462776184,0.8579999804496765,0.5020999908447266
YNL216W,YBL057C,0,-1.7501683,0.1459183692932129,0.8579999804496765,0.5022000074386597
YBR162W-A,YMR068W,0,-1.7502278,0.14589355885982513,0.8579999804496765,0.5023000240325928
YCL073C,YIL158W,0,-1.7502367,0.14586874842643738,0.8579999804496765,0.5023999810218811
YDR210W-A,YBR127C,0,-1.7506515,0.14584395289421082,0.8579999804496765,0.5024999976158142
YML116W,YER175C,0,-1.7507236,0.14581917226314545,0.8579999804496765,0.5026000142097473
YPR057W,YBL006C,0,-1.7508465,0.14579439163208008,0.8579999804496765,0.5026999711990356
YGR110W,YLR277C,0,-1.7511978,0.1457696259021759,0.8579999804496765,0.5027999877929688
YAL054C,YNL305C,0,-1.7513716,0.14574486017227173,0.8579999804496765,0.5029000043869019
YLL024C,YAR035W,0,-1.7514083,0.14572010934352875,0.8579999804496765,0.503000020980835
YOR174W,YMR285C,0,-1.7514805,0.14569535851478577,0.8579999804496765,0.5030999779701233
YJL012C-A,YHR092C,0,-1.7515993,0.14567062258720398,0.8579999804496765,0.5031999945640564
YFR038W,YOL022C,0,-1.7516772,0.1456459015607834,0.8579999804496765,0.5033000111579895
YNR057C,YPL010W,0,-1.7517496,0.1456211805343628,0.8579999804496765,0.5034000277519226
YBL067C,YPL211W,0,-1.7518687,0.1455964744091034,0.8579999804496765,0.5034999847412109
YGR201C,YJR097W,1,-1.7519215,0.14574143290519714,0.859000027179718,0.5034999847412109
YJR149W,YJL171C,0,-1.7521665,0.14571671187877655,0.859000027179718,0.503600001335144
YDL081C,YGR169C-A,1,-1.7522075,0.14586159586906433,0.8600000143051147,0.503600001335144
YOL059W,YDR049W,0,-1.752219,0.14583685994148254,0.8600000143051147,0.5037000179290771
YHR079C,YGR042W,0,-1.7522357,0.14581213891506195,0.8600000143051147,0.5037999749183655
YDR499W,YDR470C,0,-1.7523849,0.14578741788864136,0.8600000143051147,0.5038999915122986
YDR337W,YMR076C,0,-1.752417,0.14576271176338196,0.8600000143051147,0.5040000081062317
YPL116W,YNL274C,0,-1.7524383,0.14573800563812256,0.8600000143051147,0.5041000247001648
YLR249W,YGR169C-A,1,-1.7525346,0.1458827555179596,0.8610000014305115,0.5041000247001648
YAL003W,YGR169C-A,1,-1.752872,0.14602744579315186,0.8619999885559082,0.5041000247001648
YLR142W,YJL036W,0,-1.7530203,0.14600270986557007,0.8619999885559082,0.5041999816894531
YJR152W,YKL090W,0,-1.7530725,0.14597798883914948,0.8619999885559082,0.5042999982833862
YLR360W,YBR242W,0,-1.7531514,0.14595326781272888,0.8619999885559082,0.5044000148773193
YLR246W,YMR307W,0,-1.7531681,0.14592856168746948,0.8619999885559082,0.5044999718666077
YPL137C,YHL018W,0,-1.7532425,0.14590385556221008,0.8619999885559082,0.5045999884605408
YFL017C,YER019W,0,-1.7536223,0.14587916433811188,0.8619999885559082,0.5047000050544739
YBR235W,YIL139C,0,-1.7537742,0.14585448801517487,0.8619999885559082,0.504800021648407
YNL052W,YOL114C,0,-1.7538509,0.14582981169223785,0.8619999885559082,0.5048999786376953
YER062C,YPL156C,0,-1.7540331,0.14580513536930084,0.8619999885559082,0.5049999952316284
YOR172W,YCR030C,0,-1.7540636,0.14578048884868622,0.8619999885559082,0.5051000118255615
YCL018W,YCR066W,0,-1.7541194,0.1457558274269104,0.8619999885559082,0.5052000284194946
YDR178W,YAR071W,0,-1.7541387,0.14573119580745697,0.8619999885559082,0.505299985408783
YDL079C,YKR051W,0,-1.7542317,0.14570656418800354,0.8619999885559082,0.5054000020027161
YML016C,YOR223W,0,-1.754366,0.1456819325685501,0.8619999885559082,0.5055000185966492
YDR313C,YKR037C,0,-1.7543867,0.14565731585025787,0.8619999885559082,0.5055999755859375
YER100W,YMR088C,0,-1.7546813,0.14563271403312683,0.8619999885559082,0.5056999921798706
YGR266W,YFL051C,0,-1.7547036,0.1456081122159958,0.8619999885559082,0.5058000087738037
YDR468C,YIL035C,0,-1.7547892,0.14558351039886475,0.8619999885559082,0.5059000253677368
YAL003W,YGR201C,1,-1.7548027,0.14572779834270477,0.8629999756813049,0.5059000253677368
YCR034W,YGL175C,0,-1.7549434,0.14570319652557373,0.8629999756813049,0.5059999823570251
YBL059W,YGL237C,0,-1.7549863,0.1456785947084427,0.8629999756813049,0.5060999989509583
YLR299W,YER117W,0,-1.7552147,0.14565400779247284,0.8629999756813049,0.5062000155448914
YBR246W,YMR247C,1,-1.7552251,0.14579817652702332,0.8640000224113464,0.5062000155448914
YMR184W,YEL021W,0,-1.7552456,0.14577357470989227,0.8640000224113464,0.5062999725341797
YPR057W,YGR185C,0,-1.7552493,0.14574898779392242,0.8640000224113464,0.5063999891281128
YLR414C,YGL097W,0,-1.7553256,0.14572440087795258,0.8640000224113464,0.5065000057220459
YIL068C,YML082W,0,-1.7558062,0.14569982886314392,0.8640000224113464,0.506600022315979
YAR066W,YDL033C,0,-1.7558154,0.14567527174949646,0.8640000224113464,0.5066999793052673
YBL084C,YMR220W,0,-1.7559395,0.145650714635849,0.8640000224113464,0.5067999958992004
YBR202W,YHR055C,0,-1.756496,0.14562615752220154,0.8640000224113464,0.5069000124931335
YGR031W,YPL092W,0,-1.7566185,0.14560161530971527,0.8640000224113464,0.5070000290870667
YLR150W,YGR169C-A,1,-1.7566947,0.14574557542800903,0.8650000095367432,0.5070000290870667
YJL024C,YPR047W,0,-1.7567086,0.14572101831436157,0.8650000095367432,0.507099986076355
YPL052W-A,YJR097W,1,-1.7567232,0.14586491882801056,0.8659999966621399,0.507099986076355
YMR049C,YOR275C,0,-1.7567595,0.1458403468132019,0.8659999966621399,0.5072000026702881
YPL048W,YGL110C,1,-1.7567825,0.14598417282104492,0.8669999837875366,0.5072000026702881
YPR143W,YLR460C,0,-1.7568073,0.14595960080623627,0.8669999837875366,0.5073000192642212
YPL181W,YDR299W,0,-1.7568074,0.1459350287914276,0.8669999837875366,0.5073999762535095
YDR492W,YOR192C,0,-1.7569325,0.14591047167778015,0.8669999837875366,0.5074999928474426
YJR102C,YOL114C,0,-1.7570643,0.1458859145641327,0.8669999837875366,0.5076000094413757
YNL288W,YER132C,0,-1.7572658,0.14586137235164642,0.8669999837875366,0.5077000260353088
YKL201C,YIL018W,0,-1.7573147,0.14583684504032135,0.8669999837875366,0.5077999830245972
YDR497C,YDR406W,0,-1.7573662,0.14581231772899628,0.8669999837875366,0.5078999996185303
YOR349W,YKL063C,0,-1.7573804,0.1457877904176712,0.8669999837875366,0.5080000162124634
YGL073W,YJL057C,0,-1.7574265,0.14576327800750732,0.8669999837875366,0.5080999732017517
YDR219C,YIL078W,0,-1.7575476,0.14573878049850464,0.8669999837875366,0.5081999897956848
YDR348C,YOR176W,0,-1.7575967,0.14571428298950195,0.8669999837875366,0.5083000063896179
YOR196C,YMR278W,0,-1.7576994,0.14568980038166046,0.8669999837875366,0.508400022983551
YJR160C,YNL031C,0,-1.7579815,0.14566531777381897,0.8669999837875366,0.5084999799728394
YPR079W,YOR045W,0,-1.7581463,0.14564085006713867,0.8669999837875366,0.5085999965667725
YDR534C,YOR166C,0,-1.7581643,0.14561639726161957,0.8669999837875366,0.5087000131607056
YGL061C,YBL010C,0,-1.7582624,0.14559194445610046,0.8669999837875366,0.5088000297546387
YIL168W,YGL233W,0,-1.758278,0.14556749165058136,0.8669999837875366,0.508899986743927
YIL026C,YAL035W,0,-1.7584645,0.14554305374622345,0.8669999837875366,0.5090000033378601
YMR310C,YNL039W,0,-1.7585716,0.14551863074302673,0.8669999837875366,0.5091000199317932
YGL205W,YNL183C,0,-1.7587557,0.14549420773983002,0.8669999837875366,0.5091999769210815
YDR422C,YMR014W,0,-1.7588148,0.1454697996377945,0.8669999837875366,0.5092999935150146
YJL164C,YGL203C,0,-1.7589053,0.14544539153575897,0.8669999837875366,0.5094000101089478
YJR009C,YNL328C,0,-1.759435,0.14542099833488464,0.8669999837875366,0.5095000267028809
YJL144W,YPR054W,0,-1.7594615,0.14539660513401031,0.8669999837875366,0.5095999836921692
YJR019C,YOR043W,0,-1.7594798,0.14537222683429718,0.8669999837875366,0.5097000002861023
YDR047W,YOL101C,0,-1.7595421,0.14534786343574524,0.8669999837875366,0.5098000168800354
YIR035C,YFR014C,0,-1.7596912,0.1453235000371933,0.8669999837875366,0.5098999738693237
YDR370C,YDR486C,0,-1.75984,0.14529915153980255,0.8669999837875366,0.5099999904632568
YJR043C,YHR140W,0,-1.759938,0.1452748030424118,0.8669999837875366,0.5101000070571899
YLR321C,YGR145W,0,-1.7604551,0.14525045454502106,0.8669999837875366,0.510200023651123
YCR100C,YLL029W,0,-1.7606643,0.1452261358499527,0.8669999837875366,0.5102999806404114
YOR120W,YLR244C,0,-1.761218,0.14520180225372314,0.8669999837875366,0.5103999972343445
YDR179C,YBR127C,0,-1.7612362,0.14517749845981598,0.8669999837875366,0.5105000138282776
YAR008W,YNL100W,0,-1.761253,0.1451531946659088,0.8669999837875366,0.5105999708175659
YDR248C,YMR305C,0,-1.7614187,0.14512889087200165,0.8669999837875366,0.510699987411499
YCR096C,YGR028W,0,-1.7617304,0.14510460197925568,0.8669999837875366,0.5108000040054321
YMR101C,YBL008W,0,-1.7618583,0.1450803279876709,0.8669999837875366,0.5109000205993652
YNL173C,YER089C,0,-1.7618823,0.14505605399608612,0.8669999837875366,0.5109999775886536
YMR237W,YPL235W,0,-1.7619772,0.14503178000450134,0.8669999837875366,0.5110999941825867
YBR035C,YBR228W,0,-1.7620244,0.14500752091407776,0.8669999837875366,0.5112000107765198
YER149C,YLR121C,0,-1.7621698,0.14498327672481537,0.8669999837875366,0.5113000273704529
YDR520C,YGL064C,0,-1.7623369,0.14495903253555298,0.8669999837875366,0.5113999843597412
YGL030W,YGR231C,0,-1.7623696,0.14493480324745178,0.8669999837875366,0.5115000009536743
YPR094W,YMR213W,0,-1.7624784,0.14491057395935059,0.8669999837875366,0.5116000175476074
YDR468C,YER167W,0,-1.7625238,0.14488635957241058,0.8669999837875366,0.5116999745368958
YOR157C,YHR160C,0,-1.76279,0.14486216008663177,0.8669999837875366,0.5117999911308289
YML121W,YHR126C,0,-1.7629783,0.14483796060085297,0.8669999837875366,0.511900007724762
YER181C,YHR115C,0,-1.763197,0.14481376111507416,0.8669999837875366,0.5120000243186951
YHR042W,YDR017C,0,-1.7633455,0.14478957653045654,0.8669999837875366,0.5120999813079834
YNL210W,YMR161W,0,-1.7634234,0.14476540684700012,0.8669999837875366,0.5121999979019165
YDR309C,YPL101W,0,-1.7634916,0.1447412371635437,0.8669999837875366,0.5123000144958496
YJR027W,YDR185C,0,-1.7635286,0.14471708238124847,0.8669999837875366,0.5123999714851379
YGL236C,YIL017W,0,-1.7637978,0.14469292759895325,0.8669999837875366,0.512499988079071
YKR052C,YPL118W,0,-1.7639264,0.14466877281665802,0.8669999837875366,0.5126000046730042
YOR288C,YCL058C,0,-1.7639483,0.14464464783668518,0.8669999837875366,0.5127000212669373
YMR016C,YCR040W,0,-1.7639985,0.14462052285671234,0.8669999837875366,0.5127999782562256
YGL006W,YIL129C,0,-1.7642261,0.1445963978767395,0.8669999837875366,0.5128999948501587
YMR085W,YBR175W,0,-1.7645751,0.14457228779792786,0.8669999837875366,0.5130000114440918
YMR226C,YER134C,0,-1.7646922,0.1445481777191162,0.8669999837875366,0.5131000280380249
YPL215W,YKL150W,0,-1.7649543,0.14452408254146576,0.8669999837875366,0.5131999850273132
YHR132C,YBR146W,0,-1.764996,0.1445000022649765,0.8669999837875366,0.5133000016212463
YGR285C,YDL160C,1,-1.765002,0.14464256167411804,0.8679999709129333,0.5133000016212463
YPR122W,YHR019C,0,-1.7650884,0.1446184664964676,0.8679999709129333,0.5134000182151794
YPL187W,YDR370C,0,-1.7651287,0.14459437131881714,0.8679999709129333,0.5134999752044678
YBR212W,YBR273C,0,-1.7651806,0.14457029104232788,0.8679999709129333,0.5135999917984009
YOL114C,YFR013W,0,-1.76528,0.14454621076583862,0.8679999709129333,0.513700008392334
YEL020W-A,YLR404W,0,-1.7653198,0.14452214539051056,0.8679999709129333,0.5138000249862671
YDR468C,YBR067C,0,-1.7654771,0.1444980800151825,0.8679999709129333,0.5138999819755554
YBR040W,YDR040C,0,-1.7655927,0.14447402954101562,0.8679999709129333,0.5139999985694885
YNL247W,YJL079C,0,-1.7658958,0.14444999396800995,0.8679999709129333,0.5141000151634216
YCR102C,YGL256W,0,-1.7659681,0.14442595839500427,0.8679999709129333,0.51419997215271
YGL258W,YHR173C,0,-1.7661905,0.1444019228219986,0.8679999709129333,0.5142999887466431
YAL002W,YEL071W,0,-1.7662938,0.1443779170513153,0.8679999709129333,0.5144000053405762
YBL033C,YAL064W-B,0,-1.766523,0.14435389637947083,0.8679999709129333,0.5145000219345093
YML065W,YDL088C,0,-1.7665749,0.14432989060878754,0.8679999709129333,0.5145999789237976
YIL108W,YMR284W,0,-1.7665813,0.14430589973926544,0.8679999709129333,0.5146999955177307
YLR104W,YHR069C,0,-1.7666539,0.14428190886974335,0.8679999709129333,0.5148000121116638
YLR372W,YDR065W,0,-1.7669239,0.14425793290138245,0.8679999709129333,0.5149000287055969
YGR254W,YLR364W,0,-1.7670851,0.14423397183418274,0.8679999709129333,0.5149999856948853
YLR291C,YPR079W,0,-1.7671204,0.14420999586582184,0.8679999709129333,0.5151000022888184
YBR177C,YJL092W,0,-1.7671486,0.14418604969978333,0.8679999709129333,0.5152000188827515
YGL163C,YJR160C,0,-1.7672634,0.1441621035337448,0.8679999709129333,0.5152999758720398
YER065C,YGL175C,0,-1.7674485,0.1441381573677063,0.8679999709129333,0.5153999924659729
YDR439W,YMR244W,0,-1.7674847,0.14411422610282898,0.8679999709129333,0.515500009059906
YHR020W,YBR250W,0,-1.7675719,0.14409030973911285,0.8679999709129333,0.5156000256538391
YPL181W,YDR082W,0,-1.7676095,0.14406639337539673,0.8679999709129333,0.5156999826431274
YLR054C,YLR008C,0,-1.7678616,0.1440424770116806,0.8679999709129333,0.5157999992370605
YHR151C,YMR208W,0,-1.767864,0.14401859045028687,0.8679999709129333,0.5159000158309937
YOR326W,YIL108W,0,-1.7680968,0.14399468898773193,0.8679999709129333,0.515999972820282
YEL006W,YGR199W,0,-1.7681738,0.1439708024263382,0.8679999709129333,0.5160999894142151
YKR070W,YCR020C-A,0,-1.7682064,0.14394693076610565,0.8679999709129333,0.5162000060081482
YCL034W,YGR262C,0,-1.7682287,0.1439230591058731,0.8679999709129333,0.5163000226020813
YDR476C,YMR068W,0,-1.7682457,0.14389920234680176,0.8679999709129333,0.5163999795913696
YOR076C,YPL048W,1,-1.768586,0.14404110610485077,0.8690000176429749,0.5163999795913696
YIL139C,YKL003C,0,-1.7687571,0.14401723444461823,0.8690000176429749,0.5164999961853027
YDL130W,YGR201C,1,-1.7690363,0.14415907859802246,0.8700000047683716,0.5164999961853027
YHL037C,YJR055W,0,-1.7692156,0.14413519203662872,0.8700000047683716,0.5166000127792358
YDL064W,YMR215W,0,-1.7692884,0.14411132037639618,0.8700000047683716,0.516700029373169
YKL062W,YPL140C,0,-1.7693554,0.14408744871616364,0.8700000047683716,0.5167999863624573
YAL064W-B,YHR001W-A,0,-1.7694862,0.14406359195709229,0.8700000047683716,0.5169000029563904
YDR346C,YPR034W,0,-1.7696118,0.14403973519802094,0.8700000047683716,0.5170000195503235
YHR104W,YKR049C,0,-1.7696776,0.14401589334011078,0.8700000047683716,0.5170999765396118
YDR168W,YLR289W,0,-1.769849,0.14399205148220062,0.8700000047683716,0.5171999931335449
YGR006W,YDR511W,0,-1.7699671,0.14396822452545166,0.8700000047683716,0.517300009727478
YMR234W,YNR061C,0,-1.7700257,0.1439444124698639,0.8700000047683716,0.5174000263214111
YOR076C,YBR246W,1,-1.7700284,0.14408601820468903,0.8709999918937683,0.5174000263214111
YHR118C,YGR282C,0,-1.7701201,0.14406219124794006,0.8709999918937683,0.5174999833106995
YMR217W,YKL172W,0,-1.7701404,0.1440383642911911,0.8709999918937683,0.5175999999046326
YMR158W,YOR299W,0,-1.7702259,0.14401455223560333,0.8709999918937683,0.5177000164985657
YBR002C,YDR049W,0,-1.7702384,0.14399074018001556,0.8709999918937683,0.517799973487854
YMR285C,YGR253C,0,-1.7702439,0.143966943025589,0.8709999918937683,0.5178999900817871
YDL134C,YMR309C,0,-1.7703098,0.14394314587116241,0.8709999918937683,0.5180000066757202
YPR159W,YOL132W,0,-1.7703927,0.14391936361789703,0.8709999918937683,0.5181000232696533
YJR061W,YDR166C,0,-1.7704833,0.14389559626579285,0.8709999918937683,0.5181999802589417
YLR173W,YCR041W,0,-1.7706008,0.14387181401252747,0.8709999918937683,0.5182999968528748
YPR082C,YBR122C,0,-1.7709045,0.14384806156158447,0.8709999918937683,0.5184000134468079
YNR003C,YCR067C,0,-1.7709699,0.14382430911064148,0.8709999918937683,0.5184999704360962
YJR059W,YCR066W,0,-1.770996,0.1438005566596985,0.8709999918937683,0.5185999870300293
YDR101C,YCL005W-A,0,-1.7710644,0.1437768191099167,0.8709999918937683,0.5187000036239624
YMR247C,YFR009W,1,-1.7710898,0.14391814172267914,0.871999979019165,0.5187000036239624
YGL205W,YDR255C,0,-1.771244,0.14389438927173615,0.871999979019165,0.5188000202178955
YGR043C,YOR127W,0,-1.771349,0.14387065172195435,0.871999979019165,0.5188999772071838
YOL066C,YPL156C,0,-1.771364,0.14384691417217255,0.871999979019165,0.5189999938011169
YML095C,YHL048W,0,-1.7713904,0.14382319152355194,0.871999979019165,0.51910001039505
YER076C,YFR031C-A,0,-1.7713966,0.14379946887493134,0.871999979019165,0.5192000269889832
YOR007C,YOR166C,0,-1.7715532,0.14377576112747192,0.871999979019165,0.5192999839782715
YFR052W,YJL136C,0,-1.7719679,0.1437520533800125,0.871999979019165,0.5194000005722046
YBR195C,YIL110W,0,-1.7720369,0.1437283605337143,0.871999979019165,0.5195000171661377
YPL026C,YDR267C,0,-1.7721009,0.14370468258857727,0.871999979019165,0.519599974155426
YBR108W,YMR323W,0,-1.7721148,0.14368100464344025,0.871999979019165,0.5196999907493591
YDL235C,YPR186C,0,-1.7723691,0.14365732669830322,0.871999979019165,0.5198000073432922
YIL156W,YIR012W,0,-1.772677,0.1436336636543274,0.871999979019165,0.5199000239372253
YDR234W,YDR346C,0,-1.7727268,0.14361001551151276,0.871999979019165,0.5199999809265137
YFR006W,YBL041W,0,-1.7728908,0.14358636736869812,0.871999979019165,0.5200999975204468
YER021W,YCR066W,0,-1.7729993,0.14356271922588348,0.871999979019165,0.5202000141143799
YER059W,YCL024W,0,-1.7730005,0.14353910088539124,0.871999979019165,0.5202999711036682
YBL026W,YOR125C,0,-1.773046,0.1435154676437378,0.871999979019165,0.5203999876976013
YCR041W,YNR032W,0,-1.7730765,0.14349184930324554,0.871999979019165,0.5205000042915344
YGR038C-B,YFL011W,0,-1.7731252,0.1434682458639145,0.871999979019165,0.5206000208854675
YGR093W,YMR022W,0,-1.7735523,0.14344464242458344,0.871999979019165,0.5206999778747559
YOR244W,YDR194C,0,-1.7736886,0.14342105388641357,0.871999979019165,0.520799994468689
YLR138W,YKL016C,0,-1.7738183,0.1433974653482437,0.871999979019165,0.5209000110626221
YML061C,YKL140W,0,-1.7739482,0.14337389171123505,0.871999979019165,0.5210000276565552
YBL090W,YLR283W,0,-1.7739586,0.14335031807422638,0.871999979019165,0.5210999846458435
YER117W,YNL176C,0,-1.7740377,0.1433267593383789,0.871999979019165,0.5212000012397766
YPL239W,YKL182W,0,-1.7741686,0.14330320060253143,0.871999979019165,0.5213000178337097
YER148W,YMR270C,0,-1.7741734,0.14327965676784515,0.871999979019165,0.521399974822998
YOL103W-B,YJR112W,0,-1.7743022,0.14325611293315887,0.871999979019165,0.5214999914169312
YIL108W,YOL013C,0,-1.7745061,0.1432325839996338,0.871999979019165,0.5216000080108643
YDR121W,YLL054C,0,-1.7747192,0.1432090699672699,0.871999979019165,0.5217000246047974
YNR047W,YNL216W,0,-1.774754,0.143185555934906,0.871999979019165,0.5217999815940857
YLR019W,YIL016W,0,-1.7749223,0.14316204190254211,0.871999979019165,0.5218999981880188
YHR087W,YGR278W,0,-1.7750082,0.14313854277133942,0.871999979019165,0.5220000147819519
YNR066C,YGL025C,0,-1.7750683,0.14311504364013672,0.871999979019165,0.5220999717712402
YKL196C,YPL032C,0,-1.7751021,0.14309155941009521,0.871999979019165,0.5221999883651733
YLR221C,YHR182W,0,-1.7752435,0.1430680900812149,0.871999979019165,0.5223000049591064
YOR245C,YGL114W,0,-1.7753136,0.1430446207523346,0.871999979019165,0.5224000215530396
YDL120W,YML120C,0,-1.7753353,0.14302115142345428,0.871999979019165,0.5224999785423279
YJR108W,YGL224C,0,-1.7753402,0.14299769699573517,0.871999979019165,0.522599995136261
YHL042W,YLR070C,0,-1.7753615,0.14297425746917725,0.871999979019165,0.5227000117301941
YNR048W,YPR038W,0,-1.775651,0.14295081794261932,0.871999979019165,0.5228000283241272
YMR322C,YDR004W,0,-1.7756854,0.1429273933172226,0.871999979019165,0.5228999853134155
YJL012C-A,YOR074C,0,-1.7757623,0.14290396869182587,0.871999979019165,0.5230000019073486
YLL042C,YKR046C,0,-1.775824,0.14288054406642914,0.871999979019165,0.5231000185012817
YDR032C,YDL027C,0,-1.7762855,0.1428571492433548,0.871999979019165,0.5231999754905701
YLL064C,YML018C,0,-1.776289,0.14283373951911926,0.871999979019165,0.5232999920845032
YEL019C,YGL148W,0,-1.7764835,0.14281034469604492,0.871999979019165,0.5234000086784363
YOR304C-A,YGL010W,0,-1.7774234,0.14278696477413177,0.871999979019165,0.5235000252723694
YBR054W,YER019C-A,0,-1.7774639,0.14276358485221863,0.871999979019165,0.5235999822616577
YBR216C,YDR370C,0,-1.7776165,0.14274021983146667,0.871999979019165,0.5236999988555908
YJL131C,YMR214W,0,-1.7776603,0.14271685481071472,0.871999979019165,0.5238000154495239
YDL160C,YML014W,1,-1.7776603,0.1428571492433548,0.8730000257492065,0.5238000154495239
YLR065C,YNL215W,0,-1.777751,0.14283376932144165,0.8730000257492065,0.5238999724388123
YMR174C,YAL003W,0,-1.7779047,0.1428104043006897,0.8730000257492065,0.5239999890327454
YCR009C,YGR028W,0,-1.7779098,0.14278703927993774,0.8730000257492065,0.5241000056266785
YBR055C,YGR127W,0,-1.7780511,0.14276368916034698,0.8730000257492065,0.5242000222206116
YJR061W,YDR516C,0,-1.7780693,0.14274035394191742,0.8730000257492065,0.5242999792098999
YOL114C,YOR321W,0,-1.7784785,0.14271701872348785,0.8730000257492065,0.524399995803833
YBR108W,YLR209C,0,-1.7785034,0.1426936835050583,0.8730000257492065,0.5245000123977661
YPL086C,YOL073C,0,-1.7786005,0.1426703780889511,0.8730000257492065,0.5246000289916992
YLR029C,YFL035C,0,-1.7789309,0.14264705777168274,0.8730000257492065,0.5246999859809875
YMR155W,YBR172C,0,-1.7791485,0.14262375235557556,0.8730000257492065,0.5248000025749207
YBR262C,YLR182W,0,-1.7792609,0.14260046184062958,0.8730000257492065,0.5249000191688538
YML085C,YNL329C,0,-1.7795463,0.1425771713256836,0.8730000257492065,0.5249999761581421
YHR083W,YOR317W,0,-1.7796941,0.1425538808107376,0.8730000257492065,0.5250999927520752
YJR084W,YBR119W,0,-1.7797294,0.14253060519695282,0.8730000257492065,0.5252000093460083
YOR080W,YBR146W,0,-1.779762,0.14250734448432922,0.8730000257492065,0.5253000259399414
YDR201W,YCR073C,0,-1.7798872,0.14248408377170563,0.8730000257492065,0.5253999829292297
YCL051W,YFL008W,0,-1.7801467,0.14246083796024323,0.8730000257492065,0.5254999995231628
YDR138W,YGR089W,0,-1.7801504,0.14243759214878082,0.8730000257492065,0.525600016117096
YGR173W,YMR131C,0,-1.7802147,0.14241436123847961,0.8730000257492065,0.5256999731063843
YJL025W,YDR251W,0,-1.7803671,0.1423911303281784,0.8730000257492065,0.5257999897003174
YHR132C,YGR096W,0,-1.7804699,0.1423678994178772,0.8730000257492065,0.5259000062942505
YGR292W,YMR113W,0,-1.7805741,0.14234469830989838,0.8730000257492065,0.5260000228881836
YLR174W,YGR227W,0,-1.7806214,0.14232148230075836,0.8730000257492065,0.5260999798774719
YMR212C,YOR006C,0,-1.7807696,0.14229828119277954,0.8730000257492065,0.526199996471405
YBR294W,YIL050W,0,-1.7808268,0.14227509498596191,0.8730000257492065,0.5263000130653381
YMR159C,YLR275W,0,-1.7809513,0.1422519087791443,0.8730000257492065,0.5264000296592712
YNL320W,YPL242C,0,-1.7812855,0.14222873747348785,0.8730000257492065,0.5264999866485596
YPR165W,YNR010W,0,-1.7813903,0.14220556616783142,0.8730000257492065,0.5266000032424927
YMR241W,YMR325W,0,-1.7814257,0.14218240976333618,0.8730000257492065,0.5267000198364258
YBR105C,YJR016C,0,-1.7814312,0.14215925335884094,0.8730000257492065,0.5267999768257141
YLR157C,YER070W,0,-1.7815409,0.1421361118555069,0.8730000257492065,0.5268999934196472
YBR299W,YMR059W,0,-1.7816486,0.14211297035217285,0.8730000257492065,0.5270000100135803
YJL078C,YOR176W,0,-1.781711,0.14208984375,0.8730000257492065,0.5271000266075134
YHR067W,YLR178C,0,-1.7817583,0.14206671714782715,0.8730000257492065,0.5271999835968018
YPR058W,YGL151W,0,-1.7819077,0.1420436054468155,0.8730000257492065,0.5273000001907349
YER099C,YKR091W,0,-1.7819126,0.14202049374580383,0.8730000257492065,0.527400016784668
YBR275C,YNL010W,0,-1.7820857,0.14199739694595337,0.8730000257492065,0.5274999737739563
YOR374W,YMR251W-A,0,-1.7821506,0.1419743001461029,0.8730000257492065,0.5275999903678894
YPR149W,YPR055W,0,-1.7822489,0.14195121824741364,0.8730000257492065,0.5277000069618225
YKR078W,YPR088C,0,-1.7825631,0.14192813634872437,0.8730000257492065,0.5278000235557556
YBR191W,YKL222C,0,-1.7827346,0.1419050693511963,0.8730000257492065,0.527899980545044
YIR035C,YER019C-A,0,-1.7827916,0.1418820023536682,0.8730000257492065,0.527999997138977
YER161C,YGR180C,0,-1.7828523,0.14185895025730133,0.8730000257492065,0.5281000137329102
YGL147C,YPL141C,0,-1.7829578,0.14183591306209564,0.8730000257492065,0.5281999707221985
YKL064W,YPL237W,0,-1.7832626,0.14181286096572876,0.8730000257492065,0.5282999873161316
YDR229W,YBR204C,0,-1.7834158,0.14178983867168427,0.8730000257492065,0.5284000039100647
YDR456W,YIL082W-A,0,-1.7835741,0.14176680147647858,0.8730000257492065,0.5285000205039978
YKR002W,YHL044W,0,-1.7836416,0.14174379408359528,0.8730000257492065,0.5285999774932861
YLR064W,YDR359C,0,-1.7839028,0.14172077178955078,0.8730000257492065,0.5286999940872192
YPL041C,YOR188W,0,-1.7839811,0.14169777929782867,0.8730000257492065,0.5288000106811523
YLR225C,YDR174W,0,-1.7839963,0.14167478680610657,0.8730000257492065,0.5289000272750854
YGR109C,YLR253W,0,-1.7842469,0.14165179431438446,0.8730000257492065,0.5289999842643738
YLR065C,YHR014W,0,-1.7842987,0.14162881672382355,0.8730000257492065,0.5291000008583069
YFL020C,YBL085W,0,-1.7843095,0.14160583913326263,0.8730000257492065,0.52920001745224
YMR148W,YDR314C,0,-1.7843201,0.14158287644386292,0.8730000257492065,0.5292999744415283
YDL184C,YGL263W,0,-1.7845683,0.1415599137544632,0.8730000257492065,0.5293999910354614
YML050W,YPL117C,0,-1.7845831,0.14153696596622467,0.8730000257492065,0.5295000076293945
YLR303W,YNL038W,0,-1.7847707,0.14151401817798615,0.8730000257492065,0.5296000242233276
YPR098C,YGR116W,0,-1.7849298,0.1414910852909088,0.8730000257492065,0.529699981212616
YMR104C,YJR049C,0,-1.7851293,0.14146815240383148,0.8730000257492065,0.5297999978065491
YGL205W,YOR131C,0,-1.7853353,0.14144523441791534,0.8730000257492065,0.5299000144004822
YHR132W-A,YMR225C,0,-1.785518,0.1414223164319992,0.8730000257492065,0.5299999713897705
YPL186C,YHR110W,0,-1.7855847,0.14139941334724426,0.8730000257492065,0.5300999879837036
YJL094C,YBR093C,0,-1.7855908,0.1413765251636505,0.8730000257492065,0.5302000045776367
YMR153W,YGR171C,0,-1.7861462,0.14135362207889557,0.8730000257492065,0.5303000211715698
YDL248W,YBR065C,0,-1.7863027,0.141330748796463,0.8730000257492065,0.5303999781608582
YPL203W,YOL154W,0,-1.7864144,0.14130786061286926,0.8730000257492065,0.5304999947547913
YNL014W,YPL009C,1,-1.7866209,0.14144682884216309,0.8740000128746033,0.5304999947547913
YHR190W,YAL032C,0,-1.7866797,0.14142395555973053,0.8740000128746033,0.5306000113487244
YEL034W,YOR005C,0,-1.7869773,0.14140106737613678,0.8740000128746033,0.5307000279426575
YLL006W,YJR005W,0,-1.7871474,0.14137819409370422,0.8740000128746033,0.5307999849319458
YLR238W,YML051W,0,-1.7872752,0.14135533571243286,0.8740000128746033,0.5309000015258789
YMR093W,YGL010W,0,-1.7873459,0.1413324773311615,0.8740000128746033,0.531000018119812
YLR405W,YMR180C,0,-1.7873933,0.14130961894989014,0.8740000128746033,0.5310999751091003
YLR016C,YDR267C,0,-1.787452,0.14128677546977997,0.8740000128746033,0.5311999917030334
YGL026C,YDR202C,0,-1.7874978,0.141263946890831,0.8740000128746033,0.5313000082969666
YOR016C,YIL064W,0,-1.7877519,0.14124111831188202,0.8740000128746033,0.5314000248908997
YNL100W,YKR062W,0,-1.787816,0.14121828973293304,0.8740000128746033,0.531499981880188
YNL295W,YNL155W,0,-1.7878354,0.14119547605514526,0.8740000128746033,0.5315999984741211
YNL284C,YLR138W,0,-1.7879999,0.14117267727851868,0.8740000128746033,0.5317000150680542
YKR046C,YAL058W,0,-1.7882855,0.1411498636007309,0.8740000128746033,0.5317999720573425
YDR162C,YLR353W,0,-1.7886773,0.1411270797252655,0.8740000128746033,0.5318999886512756
YJR053W,YNR061C,0,-1.7887686,0.1411042958498001,0.8740000128746033,0.5320000052452087
YNL106C,YJL185C,0,-1.7888522,0.14108151197433472,0.8740000128746033,0.5321000218391418
YDR206W,YIL176C,0,-1.7888635,0.14105874300003052,0.8740000128746033,0.5321999788284302
YER076C,YPR157W,0,-1.7889271,0.1410359889268875,0.8740000128746033,0.5322999954223633
YIR030C,YCR098C,0,-1.7889479,0.1410132348537445,0.8740000128746033,0.5324000120162964
YGR234W,YOR147W,0,-1.7890381,0.1409904807806015,0.8740000128746033,0.5325000286102295
YDR085C,YOR211C,0,-1.7891903,0.1409677416086197,0.8740000128746033,0.5325999855995178
YOL043C,YPL145C,0,-1.7892048,0.14094500243663788,0.8740000128746033,0.5327000021934509
YBR030W,YLR242C,0,-1.7893596,0.14092227816581726,0.8740000128746033,0.532800018787384
YDL161W,YGR012W,0,-1.789396,0.14089956879615784,0.8740000128746033,0.5328999757766724
YKR027W,YGL245W,0,-1.7893991,0.1408768594264984,0.8740000128746033,0.5329999923706055
YDR190C,YIL089W,0,-1.7895942,0.140854150056839,0.8740000128746033,0.5331000089645386
YLR406C,YEL029C,0,-1.789719,0.14083145558834076,0.8740000128746033,0.5332000255584717
YIL109C,YDR381W,0,-1.7897234,0.14080876111984253,0.8740000128746033,0.53329998254776
YDL095W,YLL033W,0,-1.7897668,0.1407860815525055,0.8740000128746033,0.5333999991416931
YPL220W,YFL053W,0,-1.7897875,0.14076340198516846,0.8740000128746033,0.5335000157356262
YHL035C,YML068W,0,-1.7900436,0.14074073731899261,0.8740000128746033,0.5335999727249146
YLL048C,YLR359W,0,-1.79022,0.14071808755397797,0.8740000128746033,0.5336999893188477
YAL062W,YLR056W,0,-1.7903837,0.14069542288780212,0.8740000128746033,0.5338000059127808
YCR084C,YAL051W,0,-1.7903843,0.14067278802394867,0.8740000128746033,0.5339000225067139
YBR012W-A,YLL008W,0,-1.7905059,0.14065013825893402,0.8740000128746033,0.5339999794960022
YOR187W,YDR333C,1,-1.790566,0.14078842103481293,0.875,0.5339999794960022
YOR018W,YPL188W,0,-1.790618,0.14076577126979828,0.875,0.5340999960899353
YER184C,YLR429W,0,-1.7910056,0.14074312150478363,0.875,0.5342000126838684
YML127W,YKL095W,0,-1.7912655,0.14072048664093018,0.875,0.5343000292778015
YCR005C,YDL004W,0,-1.7916257,0.14069786667823792,0.875,0.5343999862670898
YDR532C,YJL046W,0,-1.7916694,0.14067524671554565,0.875,0.534500002861023
YOR099W,YIL173W,0,-1.792279,0.1406526267528534,0.875,0.534600019454956
YGR201C,YPL052W,1,-1.7923224,0.14079074561595917,0.8759999871253967,0.534600019454956
YLR205C,YIR007W,0,-1.7925464,0.1407681256532669,0.8759999871253967,0.5346999764442444
YPL127C,YGR277C,0,-1.7926533,0.14074550569057465,0.8759999871253967,0.5347999930381775
YBR179C,YHL037C,0,-1.7927082,0.14072288572788239,0.8759999871253967,0.5349000096321106
YDR382W,YGR169C-A,1,-1.7927816,0.1408609002828598,0.8769999742507935,0.5349000096321106
YML128C,YGL258W,0,-1.7928638,0.14083828032016754,0.8769999742507935,0.5350000262260437
YCR096C,YOR078W,0,-1.7932248,0.14081567525863647,0.8769999742507935,0.535099983215332
YHR048W,YGR081C,0,-1.7932906,0.1407930701971054,0.8769999742507935,0.5351999998092651
YNR028W,YKL214C,0,-1.7934277,0.14077046513557434,0.8769999742507935,0.5353000164031982
YDL159W,YBR023C,0,-1.7934406,0.14074787497520447,0.8769999742507935,0.5353999733924866
YPR100W,YOR292C,0,-1.7935667,0.1407252848148346,0.8769999742507935,0.5354999899864197
YBR185C,YBL006C,0,-1.7935863,0.14070270955562592,0.8769999742507935,0.5356000065803528
YLR034C,YOR278W,0,-1.7936919,0.14068013429641724,0.8769999742507935,0.5357000231742859
YMR063W,YOR011W,0,-1.793703,0.14065757393836975,0.8769999742507935,0.5357999801635742
YOR219C,YJL062W-A,0,-1.7940806,0.14063502848148346,0.8769999742507935,0.5358999967575073
YJR061W,YDR040C,0,-1.7943082,0.14061246812343597,0.8769999742507935,0.5360000133514404
YCR005C,YOR243C,0,-1.7944643,0.14058993756771088,0.8769999742507935,0.5360999703407288
YBL003C,YGL003C,0,-1.7946653,0.14056739211082458,0.8769999742507935,0.5361999869346619
YGR136W,YOL016C,0,-1.7947372,0.14054487645626068,0.8769999742507935,0.536300003528595
YML046W,YKR080W,0,-1.7947838,0.14052234590053558,0.8769999742507935,0.5364000201225281
YJR102C,YLR223C,0,-1.7948062,0.14049984514713287,0.8769999742507935,0.5364999771118164
YKL046C,YAL054C,0,-1.7949703,0.14047732949256897,0.8769999742507935,0.5365999937057495
YBR217W,YER001W,0,-1.7950113,0.14045484364032745,0.8769999742507935,0.5367000102996826
YLR392C,YLL029W,0,-1.7952361,0.14043234288692474,0.8769999742507935,0.5368000268936157
YIL117C,YGR032W,0,-1.7953138,0.14040985703468323,0.8769999742507935,0.536899983882904
YNL224C,YFR043C,0,-1.7953207,0.1403873860836029,0.8769999742507935,0.5370000004768372
YER066W,YIL115C,0,-1.7954552,0.14036491513252258,0.8769999742507935,0.5371000170707703
YNL243W,YOR025W,0,-1.795461,0.14034245908260345,0.8769999742507935,0.5371999740600586
YGL110C,YIL103W,1,-1.7954688,0.14047999680042267,0.878000020980835,0.5371999740600586
YOR251C,YKL043W,0,-1.7958314,0.14045752584934235,0.878000020980835,0.5372999906539917
YOR394W,YBL074C,0,-1.7959269,0.14043505489826202,0.878000020980835,0.5374000072479248
YJR094W-A,YDR210C-C,0,-1.7961346,0.1404125988483429,0.878000020980835,0.5375000238418579
YLR077W,YDR176W,0,-1.7961919,0.14039015769958496,0.878000020980835,0.5375999808311462
YNL326C,YER060W-A,0,-1.796247,0.14036770164966583,0.878000020980835,0.5376999974250793
YGR201C,YPR080W,1,-1.7964791,0.1405051201581955,0.8790000081062317,0.5376999974250793
YCL061C,YDR436W,0,-1.7965552,0.14048266410827637,0.8790000081062317,0.5378000140190125
YGR043C,YJL013C,0,-1.7966192,0.14046020805835724,0.8790000081062317,0.5378999710083008
YOR099W,YDR333C,0,-1.7966881,0.1404377669095993,0.8790000081062317,0.5379999876022339
YDL067C,YGR077C,0,-1.7967367,0.14041534066200256,0.8790000081062317,0.538100004196167
YIL087C,YNL305C,0,-1.7967539,0.14039291441440582,0.8790000081062317,0.5382000207901001
YDR168W,YDL227C,0,-1.7969198,0.14037048816680908,0.8790000081062317,0.5382999777793884
YOL161C,YPL060W,0,-1.7970474,0.14034807682037354,0.8790000081062317,0.5383999943733215
YBR168W,YNL293W,0,-1.797123,0.140325665473938,0.8790000081062317,0.5385000109672546
YGL107C,YOL132W,0,-1.7971603,0.14030326902866364,0.8790000081062317,0.5386000275611877
YAL033W,YDL167C,0,-1.7973162,0.14028088748455048,0.8790000081062317,0.5386999845504761
YKL209C,YGR145W,0,-1.7973217,0.14025849103927612,0.8790000081062317,0.5388000011444092
YLR106C,YDR279W,0,-1.7973669,0.14023612439632416,0.8790000081062317,0.5389000177383423
YPL052W,YLR143W,1,-1.7974417,0.14037325978279114,0.8799999952316284,0.5389000177383423
YNL241C,YNL069C,0,-1.7975141,0.14035087823867798,0.8799999952316284,0.5389999747276306
YDR140W,YJR086W,0,-1.7975578,0.14032849669456482,0.8799999952316284,0.5390999913215637
YIL154C,YNL273W,0,-1.7976273,0.14030611515045166,0.8799999952316284,0.5392000079154968
YMR054W,YHL048W,0,-1.7976722,0.1402837485074997,0.8799999952316284,0.5393000245094299
YBR056W,YDL110C,0,-1.7976952,0.14026139676570892,0.8799999952316284,0.5393999814987183
YBR108W,YMR104C,0,-1.7978258,0.14023904502391815,0.8799999952316284,0.5394999980926514
YHR047C,YPR047W,0,-1.7978916,0.14021669328212738,0.8799999952316284,0.5396000146865845
YOL104C,YMR131C,0,-1.7980955,0.1401943564414978,0.8799999952316284,0.5396999716758728
YCR048W,YDR422C,0,-1.7981691,0.14017203450202942,0.8799999952316284,0.5397999882698059
YBR160W,YOL027C,0,-1.7982477,0.14014971256256104,0.8799999952316284,0.539900004863739
YOR358W,YJL112W,0,-1.7984252,0.14012739062309265,0.8799999952316284,0.5400000214576721
YPR164W,YLR080W,0,-1.7985146,0.14010508358478546,0.8799999952316284,0.5400999784469604
YGR201C,YDR333C,1,-1.7988632,0.14024196565151215,0.8809999823570251,0.5400999784469604
YPR153W,YPR010C,0,-1.7988868,0.14021964371204376,0.8809999823570251,0.5401999950408936
YPR115W,YPR027C,0,-1.7991445,0.14019732177257538,0.8809999823570251,0.5403000116348267
YML118W,YPL130W,0,-1.7991883,0.1401750147342682,0.8809999823570251,0.5404000282287598
YOL083W,YDL223C,0,-1.7994866,0.1401527225971222,0.8809999823570251,0.5404999852180481
YOL110W,YGR031W,0,-1.7995956,0.1401304304599762,0.8809999823570251,0.5406000018119812
YGR209C,YHL050C,0,-1.7999167,0.1401081383228302,0.8809999823570251,0.5407000184059143
YBR081C,YKL174C,0,-1.7999296,0.1400858610868454,0.8809999823570251,0.5407999753952026
YBR092C,YOR087W,0,-1.7999756,0.1400635987520218,0.8809999823570251,0.5408999919891357
YOR356W,YOR244W,0,-1.8000646,0.140041321516037,0.8809999823570251,0.5410000085830688
YNL115C,YDL175C,0,-1.8001332,0.14001907408237457,0.8809999823570251,0.541100025177002
YFL029C,YCR026C,0,-1.8001939,0.13999682664871216,0.8809999823570251,0.5411999821662903
YDR152W,YGL010W,0,-1.8002584,0.13997457921504974,0.8809999823570251,0.5412999987602234
YOR158W,YJL003W,0,-1.8002689,0.13995234668254852,0.8809999823570251,0.5414000153541565
YDR338C,YDR214W,0,-1.8003334,0.1399301141500473,0.8809999823570251,0.5414999723434448
YKL007W,YDR328C,0,-1.8004718,0.13990789651870728,0.8809999823570251,0.5415999889373779
YLR246W,YJL142C,0,-1.8005043,0.13988567888736725,0.8809999823570251,0.541700005531311
YDL060W,YOR329C,0,-1.8005207,0.13986347615718842,0.8809999823570251,0.5418000221252441
YNL078W,YJR151C,0,-1.8006552,0.13984127342700958,0.8809999823570251,0.5418999791145325
YOR287C,YIL030C,0,-1.8007306,0.13981907069683075,0.8809999823570251,0.5419999957084656
YMR199W,YGR152C,0,-1.8008748,0.1397968828678131,0.8809999823570251,0.5421000123023987
YDL248W,YNR026C,0,-1.8009298,0.13977470993995667,0.8809999823570251,0.5422000288963318
YGR053C,YLR166C,0,-1.8009765,0.13975253701210022,0.8809999823570251,0.5422999858856201
YGL223C,YAL062W,0,-1.801502,0.13973037898540497,0.8809999823570251,0.5424000024795532
YDR141C,YMR186W,0,-1.8015679,0.13970822095870972,0.8809999823570251,0.5425000190734863
YKR070W,YKL143W,0,-1.8016058,0.13968606293201447,0.8809999823570251,0.5425999760627747
YJR017C,YIR039C,0,-1.8016143,0.1396639198064804,0.8809999823570251,0.5426999926567078
YMR038C,YDR359C,0,-1.8016756,0.13964177668094635,0.8809999823570251,0.5428000092506409
YNL005C,YIL017W,0,-1.8017974,0.1396196484565735,0.8809999823570251,0.542900025844574
YOR271C,YJR022W,0,-1.8018551,0.13959753513336182,0.8809999823570251,0.5429999828338623
YOR354C,YAL022C,0,-1.8020686,0.13957540690898895,0.8809999823570251,0.5430999994277954
YNL014W,YMR247C,1,-1.8022736,0.13971170783042908,0.8820000290870667,0.5430999994277954
YHR200W,YDR364C,0,-1.802347,0.1396895796060562,0.8820000290870667,0.5432000160217285
YDR266C,YDR333C,1,-1.802502,0.13982580602169037,0.8830000162124634,0.5432000160217285
YOL142W,YKL038W,0,-1.8025568,0.1398036777973175,0.8830000162124634,0.5432999730110168
YOL086C,YJL038C,0,-1.8025799,0.13978153467178345,0.8830000162124634,0.54339998960495
YKR079C,YMR021C,0,-1.8025804,0.13975942134857178,0.8830000162124634,0.5435000061988831
YDL060W,YEL007W,0,-1.8026499,0.1397372931241989,0.8830000162124634,0.5436000227928162
YPL086C,YKR017C,0,-1.8028159,0.13971519470214844,0.8830000162124634,0.5436999797821045
YER013W,YOR239W,0,-1.8028632,0.13969308137893677,0.8830000162124634,0.5437999963760376
YKL015W,YMR075W,0,-1.8029819,0.1396709829568863,0.8830000162124634,0.5439000129699707
YGL057C,YGL162W,0,-1.8030409,0.139648899435997,0.8830000162124634,0.5440000295639038
YMR313C,YLR212C,0,-1.8031743,0.13962681591510773,0.8830000162124634,0.5440999865531921
YKL143W,YOR188W,0,-1.8031943,0.13960474729537964,0.8830000162124634,0.5442000031471252
YMR012W,YLR189C,0,-1.8032217,0.13958267867565155,0.8830000162124634,0.5443000197410583
YIL037C,YHL012W,0,-1.8036523,0.13956061005592346,0.8830000162124634,0.5443999767303467
YMR210W,YOR213C,0,-1.8037033,0.13953855633735657,0.8830000162124634,0.5444999933242798
YKR057W,YOL017W,0,-1.8037199,0.13951651751995087,0.8830000162124634,0.5446000099182129
YLR359W,YFL061W,0,-1.8038592,0.13949446380138397,0.8830000162124634,0.544700026512146
YDR285W,YOL068C,0,-1.8039415,0.13947243988513947,0.8830000162124634,0.5447999835014343
YNL322C,YFR038W,0,-1.8041371,0.13945041596889496,0.8830000162124634,0.5449000000953674
YNL146W,YJL001W,0,-1.8044375,0.13942839205265045,0.8830000162124634,0.5450000166893005
YPL052W,YKR084C,1,-1.8045003,0.13956426084041595,0.8840000033378601,0.5450000166893005
YBL075C,YGR116W,0,-1.8046404,0.13954222202301025,0.8840000033378601,0.5450999736785889
YOL156W,YMR217W,0,-1.8048744,0.13952019810676575,0.8840000033378601,0.545199990272522
YPL116W,YGR174C,0,-1.8048886,0.13949818909168243,0.8840000033378601,0.5453000068664551
YML001W,YLL054C,0,-1.8049272,0.13947618007659912,0.8840000033378601,0.5454000234603882
YDR488C,YNL264C,0,-1.8049369,0.1394541710615158,0.8840000033378601,0.5454999804496765
YCL047C,YMR272C,0,-1.8050034,0.1394321769475937,0.8840000033378601,0.5455999970436096
YCL040W,YBR006W,0,-1.8050154,0.13941018283367157,0.8840000033378601,0.5457000136375427
YCR095C,YJL143W,0,-1.8055826,0.13938820362091064,0.8840000033378601,0.545799970626831
YDR142C,YML037C,0,-1.8056349,0.13936622440814972,0.8840000033378601,0.5458999872207642
YDR028C,YDR303C,0,-1.8057106,0.13934426009655,0.8840000033378601,0.5460000038146973
YOL077C,YNL312W,0,-1.8057965,0.13932229578495026,0.8840000033378601,0.5461000204086304
YLR118C,YKR068C,0,-1.8058054,0.13930034637451172,0.8840000033378601,0.5461999773979187
YOR198C,YJR005W,0,-1.8058232,0.13927839696407318,0.8840000033378601,0.5462999939918518
YPL006W,YDR151C,0,-1.8058863,0.13925646245479584,0.8840000033378601,0.5464000105857849
YAL002W,YDR201W,0,-1.8060403,0.1392345279455185,0.8840000033378601,0.546500027179718
YLR151C,YLL053C,0,-1.8063264,0.13921259343624115,0.8840000033378601,0.5465999841690063
YLR377C,YDR115W,0,-1.8064914,0.139190673828125,0.8840000033378601,0.5467000007629395
YKR059W,YML100W,0,-1.8065948,0.13916876912117004,0.8840000033378601,0.5468000173568726
YGL145W,YFR011C,0,-1.806725,0.1391468644142151,0.8840000033378601,0.5468999743461609
YGL039W,YKL090W,0,-1.8068199,0.13912495970726013,0.8840000033378601,0.546999990940094
YDL211C,YOL018C,0,-1.8068852,0.13910306990146637,0.8840000033378601,0.5471000075340271
YPL254W,YOR304C-A,0,-1.8069739,0.1390811800956726,0.8840000033378601,0.5472000241279602
YDR496C,YLR413W,0,-1.8071158,0.13905930519104004,0.8840000033378601,0.5472999811172485
YMR209C,YPL163C,0,-1.8073363,0.13903743028640747,0.8840000033378601,0.5473999977111816
YKR064W,YPL040C,0,-1.8073401,0.1390155702829361,0.8840000033378601,0.5475000143051147
YBL042C,YDL176W,0,-1.8073481,0.13899371027946472,0.8840000033378601,0.5475999712944031
YML016C,YER157W,0,-1.807364,0.13897186517715454,0.8840000033378601,0.5476999878883362
YBR242W,YDR238C,0,-1.8077073,0.13895002007484436,0.8840000033378601,0.5478000044822693
YPR071W,YNL199C,0,-1.807844,0.13892817497253418,0.8840000033378601,0.5479000210762024
YDR096W,YNL064C,0,-1.8080642,0.1389063447713852,0.8840000033378601,0.5479999780654907
YNR073C,YLL042C,0,-1.808461,0.1388845294713974,0.8840000033378601,0.5480999946594238
YDR295C,YIL115C,0,-1.8084662,0.1388627141714096,0.8840000033378601,0.5482000112533569
YGR165W,YNL188W,0,-1.8084714,0.13884089887142181,0.8840000033378601,0.54830002784729
YAR028W,YDR369C,0,-1.8086156,0.13881909847259521,0.8840000033378601,0.5483999848365784
YGR066C,YDL199C,0,-1.8086834,0.13879729807376862,0.8840000033378601,0.5485000014305115
YFL054C,YEL007W,0,-1.8088565,0.1387755125761032,0.8840000033378601,0.5486000180244446
YDL014W,YDR060W,0,-1.8090874,0.1387537270784378,0.8840000033378601,0.5486999750137329
YDL133W,YGR185C,0,-1.8091067,0.1387319564819336,0.8840000033378601,0.548799991607666
YFR050C,YDL060W,0,-1.8094969,0.13871018588542938,0.8840000033378601,0.5489000082015991
YBR301W,YOL043C,0,-1.8095508,0.13868841528892517,0.8840000033378601,0.5490000247955322
YKL013C,YLR083C,0,-1.8095562,0.13866665959358215,0.8840000033378601,0.5490999817848206
YPL200W,YOR084W,0,-1.8097608,0.13864491879940033,0.8840000033378601,0.5491999983787537
YNL078W,YDR218C,0,-1.809789,0.1386231780052185,0.8840000033378601,0.5493000149726868
YKR044W,YKR060W,0,-1.8098336,0.13860143721103668,0.8840000033378601,0.5493999719619751
YGR031W,YPL224C,0,-1.8099928,0.13857971131801605,0.8840000033378601,0.5494999885559082
YHR048W,YJL035C,0,-1.8099941,0.13855800032615662,0.8840000033378601,0.5496000051498413
YHR094C,YLR312C,0,-1.8101189,0.138536274433136,0.8840000033378601,0.5497000217437744
YPL196W,YDL234C,0,-1.8103869,0.13851457834243774,0.8840000033378601,0.5497999787330627
YDR109C,YGR075C,0,-1.8105454,0.1384928673505783,0.8840000033378601,0.5498999953269958
YOR356W,YOL039W,0,-1.8106635,0.13847117125988007,0.8840000033378601,0.550000011920929
YGR174C,YLR181C,0,-1.8107848,0.13844949007034302,0.8840000033378601,0.5501000285148621
YBR290W,YMR076C,0,-1.8108125,0.13842780888080597,0.8840000033378601,0.5501999855041504
YKL160W,YDR166C,0,-1.8108553,0.13840614259243011,0.8840000033378601,0.5503000020980835
YNL012W,YJL048C,0,-1.8109083,0.13838447630405426,0.8840000033378601,0.5504000186920166
YEL019C,YPR108W,0,-1.8111341,0.1383628100156784,0.8840000033378601,0.5504999756813049
YMR011W,YHR216W,0,-1.811194,0.13834115862846375,0.8840000033378601,0.550599992275238
YOL137W,YEL007W,0,-1.8112499,0.13831950724124908,0.8840000033378601,0.5507000088691711
YKR058W,YDR255C,0,-1.8112663,0.13829787075519562,0.8840000033378601,0.5508000254631042
YDR266C,YPR085C,0,-1.8112853,0.13827623426914215,0.8840000033378601,0.5508999824523926
YBR139W,YHR199C,0,-1.811496,0.13825461268424988,0.8840000033378601,0.5509999990463257
YML127W,YKR100C,0,-1.8115644,0.1382329910993576,0.8840000033378601,0.5511000156402588
YPL181W,YKR006C,0,-1.8115727,0.13821138441562653,0.8840000033378601,0.5511999726295471
YBR040W,YLR386W,0,-1.8116099,0.13818977773189545,0.8840000033378601,0.5512999892234802
YCR102C,YLR029C,0,-1.8117507,0.13816817104816437,0.8840000033378601,0.5514000058174133
YJL013C,YNL142W,0,-1.8118657,0.13814657926559448,0.8840000033378601,0.5515000224113464
YMR184W,YPR133W-A,0,-1.8119597,0.1381250023841858,0.8840000033378601,0.5515999794006348
YDR298C,YBR156C,0,-1.8120719,0.1381034255027771,0.8840000033378601,0.5516999959945679
YLR054C,YIL105C,0,-1.8120987,0.1380818486213684,0.8840000033378601,0.551800012588501
YKR025W,YFL054C,0,-1.812155,0.1380602866411209,0.8840000033378601,0.5519000291824341
YGL158W,YLR164W,0,-1.8124975,0.1380387246608734,0.8840000033378601,0.5519999861717224
YNL135C,YPR029C,0,-1.8125408,0.1380171775817871,0.8840000033378601,0.5521000027656555
YNL063W,YKR084C,1,-1.8126733,0.13815173506736755,0.8849999904632568,0.5521000027656555
YDR266C,YPL052W,1,-1.8127295,0.13828624784946442,0.8859999775886536,0.5521000027656555
YHL008C,YKR014C,0,-1.8130491,0.13826467096805573,0.8859999775886536,0.5522000193595886
YGR053C,YKL001C,0,-1.8130736,0.13824309408664703,0.8859999775886536,0.552299976348877
YNL320W,YGR014W,0,-1.8131965,0.13822153210639954,0.8859999775886536,0.5523999929428101
YPL050C,YJL161W,0,-1.813251,0.13819997012615204,0.8859999775886536,0.5525000095367432
YKR100C,YKL057C,0,-1.8133684,0.13817840814590454,0.8859999775886536,0.5526000261306763
YOR340C,YJL127C-B,0,-1.813571,0.13815687596797943,0.8859999775886536,0.5526999831199646
YKL219W,YDR060W,0,-1.8137066,0.13813532888889313,0.8859999775886536,0.5527999997138977
YBR299W,YPR102C,0,-1.8137999,0.13811379671096802,0.8859999775886536,0.5529000163078308
YDR264C,YIL133C,0,-1.813861,0.1380922645330429,0.8859999775886536,0.5529999732971191
YJL170C,YDR527W,0,-1.8139986,0.138070747256279,0.8859999775886536,0.5530999898910522
YLL001W,YMR136W,0,-1.8140295,0.13804922997951508,0.8859999775886536,0.5532000064849854
YER053C,YMR269W,0,-1.8141353,0.13802772760391235,0.8859999775886536,0.5533000230789185
YDR033W,YMR146C,0,-1.8142439,0.13800622522830963,0.8859999775886536,0.5533999800682068
YOR113W,YLR287C-A,0,-1.8142672,0.1379847377538681,0.8859999775886536,0.5534999966621399
YEL061C,YDR026C,0,-1.8142939,0.13796325027942657,0.8859999775886536,0.553600013256073
YBL038W,YML086C,0,-1.8143183,0.13794177770614624,0.8859999775886536,0.5536999702453613
YDR375C,YDR540C,0,-1.8143843,0.1379203051328659,0.8859999775886536,0.5537999868392944
YAL014C,YCL043C,0,-1.814443,0.13789883255958557,0.8859999775886536,0.5539000034332275
YML025C,YJL049W,0,-1.8144484,0.13787737488746643,0.8859999775886536,0.5540000200271606
YLR073C,YNL128W,0,-1.8145156,0.1378559172153473,0.8859999775886536,0.554099977016449
YER049W,YHR036W,0,-1.8146527,0.13783447444438934,0.8859999775886536,0.5541999936103821
YGL057C,YER016W,0,-1.8147455,0.1378130316734314,0.8859999775886536,0.5543000102043152
YLR337C,YIL160C,0,-1.8148018,0.13779160380363464,0.8859999775886536,0.5544000267982483
YLR201C,YDR302W,0,-1.8148296,0.1377701759338379,0.8859999775886536,0.5544999837875366
YER138C,YHR039C-A,0,-1.8148773,0.13774876296520233,0.8859999775886536,0.5546000003814697
YMR116C,YPL009C,1,-1.8149757,0.137882798910141,0.8870000243186951,0.5546000003814697
YOL076W,YML069W,0,-1.815001,0.13786135613918304,0.8870000243186951,0.5547000169754028
YOL001W,YFL053W,0,-1.8150926,0.13783994317054749,0.8870000243186951,0.5547999739646912
YPL038W,YER020W,0,-1.8151643,0.13781851530075073,0.8870000243186951,0.5548999905586243
YJL139C,YFL024C,0,-1.8152328,0.13779711723327637,0.8870000243186951,0.5550000071525574
YBR142W,YDR516C,0,-1.8152587,0.1377757042646408,0.8870000243186951,0.5551000237464905
YMR073C,YNL275W,0,-1.8153832,0.13775430619716644,0.8870000243186951,0.5551999807357788
YPL052W,YDR333C,1,-1.8156971,0.13788819313049316,0.8880000114440918,0.5551999807357788
YMR067C,YKR094C,0,-1.8159695,0.1378667950630188,0.8880000114440918,0.5552999973297119
YIL078W,YLR205C,0,-1.8160692,0.13784539699554443,0.8880000114440918,0.555400013923645
YLR445W,YOL130W,0,-1.8162417,0.13782399892807007,0.8880000114440918,0.5554999709129333
YIL013C,YHR077C,0,-1.8163292,0.1378026008605957,0.8880000114440918,0.5555999875068665
YNL183C,YDR469W,0,-1.8164599,0.13778123259544373,0.8880000114440918,0.5557000041007996
YPR098C,YNL155W,0,-1.8166013,0.13775984942913055,0.8880000114440918,0.5558000206947327
YPL013C,YLR323C,0,-1.8166159,0.13773848116397858,0.8880000114440918,0.555899977684021
YPL086C,YDL248W,0,-1.816716,0.1377171277999878,0.8880000114440918,0.5559999942779541
YMR268C,YNR017W,0,-1.8167633,0.13769575953483582,0.8880000114440918,0.5561000108718872
YLR032W,YDL033C,0,-1.8168206,0.13767442107200623,0.8880000114440918,0.5562000274658203
YOR157C,YOL105C,0,-1.816839,0.13765308260917664,0.8880000114440918,0.5562999844551086
YMR177W,YML014W,0,-1.8169402,0.13763174414634705,0.8880000114440918,0.5564000010490417
YDR407C,YLR244C,0,-1.8169839,0.13761042058467865,0.8880000114440918,0.5565000176429749
YDR405W,YCR106W,0,-1.8170594,0.13758909702301025,0.8880000114440918,0.5565999746322632
YPL130W,YHR090C,0,-1.8170967,0.13756777346134186,0.8880000114440918,0.5566999912261963
YPL104W,YDR387C,0,-1.8174845,0.13754646480083466,0.8880000114440918,0.5568000078201294
YDR222W,YKL038W,0,-1.8176033,0.13752517104148865,0.8880000114440918,0.5569000244140625
YLR037C,YPL173W,0,-1.8177685,0.13750387728214264,0.8880000114440918,0.5569999814033508
YJR031C,YEL070W,0,-1.8179351,0.13748258352279663,0.8880000114440918,0.5570999979972839
YLR187W,YLR455W,0,-1.8188081,0.13746130466461182,0.8880000114440918,0.557200014591217
YBR243C,YHR209W,0,-1.8190114,0.137440025806427,0.8880000114440918,0.5572999715805054
YNR073C,YDR170C,0,-1.8190565,0.13741876184940338,0.8880000114440918,0.5573999881744385
YDR089W,YGR225W,0,-1.8190957,0.13739749789237976,0.8880000114440918,0.5575000047683716
YJL161W,YER002W,0,-1.8191571,0.13737623393535614,0.8880000114440918,0.5576000213623047
YLR249W,YGR201C,1,-1.8193175,0.13750967383384705,0.8889999985694885,0.5576000213623047
YLR172C,YGR169C-A,1,-1.8197243,0.13764305412769318,0.8899999856948853,0.5576000213623047
YDR248C,YFR018C,0,-1.8197837,0.13762177526950836,0.8899999856948853,0.557699978351593
YLR074C,YJR102C,0,-1.8198181,0.13760049641132355,0.8899999856948853,0.5577999949455261
YNL078W,YBR160W,0,-1.8198595,0.13757921755313873,0.8899999856948853,0.5579000115394592
YFL024C,YJR137C,0,-1.8198938,0.1375579535961151,0.8899999856948853,0.5580000281333923
YDR482C,YPR017C,0,-1.8199356,0.13753670454025269,0.8899999856948853,0.5580999851226807
YKL163W,YDR248C,0,-1.8199897,0.13751545548439026,0.8899999856948853,0.5582000017166138
YDL033C,YBR251W,0,-1.820005,0.13749420642852783,0.8899999856948853,0.5583000183105469
YDR119W,YGR077C,0,-1.8200243,0.1374729722738266,0.8899999856948853,0.5583999752998352
YHR162W,YIL105C,0,-1.8201255,0.13745173811912537,0.8899999856948853,0.5584999918937683
YPR133W-A,YJR053W,0,-1.820264,0.13743051886558533,0.8899999856948853,0.5586000084877014
YKL193C,YDR213W,0,-1.8202794,0.1374092996120453,0.8899999856948853,0.5587000250816345
YLR445W,YOL165C,0,-1.8203194,0.13738808035850525,0.8899999856948853,0.5587999820709229
YBR077C,YOR006C,0,-1.8203614,0.1373668760061264,0.8899999856948853,0.558899998664856
YNR062C,YDL201W,0,-1.820454,0.13734567165374756,0.8899999856948853,0.5590000152587891
YCL047C,YPL081W,0,-1.8204976,0.1373244822025299,0.8899999856948853,0.5590999722480774
YOR060C,YBL102W,0,-1.8205416,0.13730330765247345,0.8899999856948853,0.5591999888420105
YOR076C,YGL195W,1,-1.8205712,0.1374363750219345,0.890999972820282,0.5591999888420105
YIL103W,YGR169C-A,1,-1.8206282,0.137569397687912,0.8920000195503235,0.5591999888420105
YER006W,YOR081C,0,-1.8209286,0.13754819333553314,0.8920000195503235,0.5593000054359436
YCL020W,YGL107C,0,-1.8209767,0.1375269740819931,0.8920000195503235,0.5594000220298767
YOL058W,YGR235C,0,-1.8209887,0.13750578463077545,0.8920000195503235,0.559499979019165
YMR085W,YPR094W,0,-1.8210952,0.1374845802783966,0.8920000195503235,0.5595999956130981
YGR250C,YKL014C,0,-1.8211888,0.13746340572834015,0.8920000195503235,0.5597000122070312
YOR299W,YDR352W,0,-1.8212397,0.1374422162771225,0.8920000195503235,0.5598000288009644
YJR080C,YOR147W,0,-1.8213859,0.13742104172706604,0.8920000195503235,0.5598999857902527
YDL229W,YGR201C,1,-1.8215406,0.13755391538143158,0.8930000066757202,0.5598999857902527
YDL230W,YNL318C,0,-1.8215969,0.13753272593021393,0.8930000066757202,0.5600000023841858
YDL160C,YGR201C,1,-1.8218445,0.1376655399799347,0.8939999938011169,0.5600000023841858
YCR024C-A,YJL187C,0,-1.8219888,0.13764433562755585,0.8939999938011169,0.5601000189781189
YPL254W,YIR011C,0,-1.8220792,0.1376231461763382,0.8939999938011169,0.5601999759674072
YHR135C,YOR271C,0,-1.8221341,0.13760197162628174,0.8939999938011169,0.5602999925613403
YGL020C,YLR205C,0,-1.822183,0.13758079707622528,0.8939999938011169,0.5604000091552734
YDR263C,YKR049C,0,-1.822222,0.13755962252616882,0.8939999938011169,0.5605000257492065
YNL219C,YPR034W,0,-1.8223141,0.13753846287727356,0.8939999938011169,0.5605999827384949
YLR406C,YNL214W,0,-1.8227761,0.1375173032283783,0.8939999938011169,0.560699999332428
YHR146W,YPR024W,0,-1.8230586,0.13749615848064423,0.8939999938011169,0.5608000159263611
YDL051W,YGR231C,0,-1.8230785,0.13747501373291016,0.8939999938011169,0.5608999729156494
YBR092C,YGR157W,0,-1.823292,0.1374538689851761,0.8939999938011169,0.5609999895095825
YJL013C,YJR137C,0,-1.8234105,0.1374327391386032,0.8939999938011169,0.5611000061035156
YPL124W,YCR003W,0,-1.8235769,0.13741162419319153,0.8939999938011169,0.5612000226974487
YER169W,YJR096W,0,-1.8236248,0.13739050924777985,0.8939999938011169,0.5612999796867371
YGL251C,YJL196C,0,-1.8237715,0.13736939430236816,0.8939999938011169,0.5613999962806702
YKL028W,YBR217W,0,-1.8238716,0.13734829425811768,0.8939999938011169,0.5615000128746033
YGR140W,YNL080C,0,-1.8240339,0.1373271942138672,0.8939999938011169,0.5616000294685364
YNR031C,YER155C,0,-1.8242333,0.1373060941696167,0.8939999938011169,0.5616999864578247
YBR062C,YHR090C,0,-1.8246632,0.1372850090265274,0.8939999938011169,0.5618000030517578
YJR074W,YJL125C,0,-1.8247192,0.1372639387845993,0.8939999938011169,0.5619000196456909
YBR275C,YJR032W,0,-1.8249578,0.1372428685426712,0.8939999938011169,0.5619999766349792
YDR002W,YIL143C,0,-1.8249769,0.1372217983007431,0.8939999938011169,0.5620999932289124
YBR188C,YJL208C,0,-1.8249832,0.1372007429599762,0.8939999938011169,0.5622000098228455
YOR338W,YLR084C,0,-1.8250685,0.1371796876192093,0.8939999938011169,0.5623000264167786
YOL077C,YOL105C,0,-1.8253777,0.13715863227844238,0.8939999938011169,0.5623999834060669
YBR008C,YHR175W,0,-1.8254237,0.13713759183883667,0.8939999938011169,0.5625
YNL079C,YMR287C,0,-1.8254657,0.13711656630039215,0.8939999938011169,0.5626000165939331
YLR455W,YLR447C,0,-1.8254869,0.13709554076194763,0.8939999938011169,0.5626999735832214
YLR345W,YHR004C,0,-1.82551,0.1370745152235031,0.8939999938011169,0.5627999901771545
YAR008W,YLR419W,0,-1.8257103,0.1370535045862198,0.8939999938011169,0.5629000067710876
YGR091W,YLR328W,0,-1.8257191,0.13703249394893646,0.8939999938011169,0.5630000233650208
YPL170W,YHR199C,0,-1.8259029,0.13701149821281433,0.8939999938011169,0.5630999803543091
YPR157W,YLR461W,0,-1.8259542,0.1369905024766922,0.8939999938011169,0.5631999969482422
YLR329W,YOR167C,0,-1.825956,0.13696950674057007,0.8939999938011169,0.5633000135421753
YKL211C,YBL017C,0,-1.8259649,0.13694852590560913,0.8939999938011169,0.5633999705314636
YNL283C,YLR460C,0,-1.8260108,0.1369275599718094,0.8939999938011169,0.5634999871253967
YNL029C,YPL066W,0,-1.8260345,0.13690657913684845,0.8939999938011169,0.5636000037193298
YNL152W,YER167W,0,-1.8261577,0.1368856281042099,0.8939999938011169,0.5637000203132629
YMR050C,YDR037W,0,-1.8262877,0.13686466217041016,0.8939999938011169,0.5637999773025513
YDR198C,YGR179C,0,-1.8263419,0.1368437111377716,0.8939999938011169,0.5638999938964844
YER023W,YER101C,0,-1.8263831,0.13682277500629425,0.8939999938011169,0.5640000104904175
YGR175C,YHL044W,0,-1.8265162,0.1368018388748169,0.8939999938011169,0.5641000270843506
YGR015C,YOR092W,0,-1.8266788,0.13678090274333954,0.8939999938011169,0.5641999840736389
YDR113C,YNR021W,0,-1.8268245,0.13675998151302338,0.8939999938011169,0.564300000667572
YPL009C,YLR069C,1,-1.8269024,0.13689202070236206,0.8949999809265137,0.564300000667572
YHR018C,YKL222C,0,-1.8269811,0.1368710845708847,0.8949999809265137,0.5644000172615051
YIL153W,YGR145W,0,-1.827206,0.13685014843940735,0.8949999809265137,0.5644999742507935
YDR211W,YDR412W,0,-1.8272938,0.1368292272090912,0.8949999809265137,0.5645999908447266
YML005W,YIL149C,0,-1.8272946,0.13680832087993622,0.8949999809265137,0.5647000074386597
YIL147C,YGR167W,0,-1.8274335,0.13678739964962006,0.8949999809265137,0.5648000240325928
YOR251C,YIR023W,0,-1.8275197,0.13676650822162628,0.8949999809265137,0.5648999810218811
YKL047W,YDR019C,0,-1.8277948,0.1367456018924713,0.8949999809265137,0.5649999976158142
YER091C,YMR111C,0,-1.8278468,0.13672471046447754,0.8949999809265137,0.5651000142097473
YLR453C,YLR381W,0,-1.8278613,0.13670383393764496,0.8949999809265137,0.5651999711990356
YPL232W,YLR129W,0,-1.8278804,0.13668295741081238,0.8949999809265137,0.5652999877929688
YFL054C,YKL087C,0,-1.8278811,0.1366620808839798,0.8949999809265137,0.5654000043869019
YGR215W,YHR052W,0,-1.8279147,0.1366412192583084,0.8949999809265137,0.565500020980835
YJL171C,YJR158W,0,-1.8279245,0.13662035763263702,0.8949999809265137,0.5655999779701233
YJL193W,YKL057C,0,-1.8280592,0.13659951090812683,0.8949999809265137,0.5656999945640564
YBR191W,YDR210W-A,0,-1.8282814,0.13657866418361664,0.8949999809265137,0.5658000111579895
YLR316C,YLL066C,0,-1.8284508,0.13655783236026764,0.8949999809265137,0.5659000277519226
YPL121C,YOL067C,0,-1.8284668,0.13653700053691864,0.8949999809265137,0.5659999847412109
YDR093W,YLR039C,0,-1.8287563,0.13651616871356964,0.8949999809265137,0.566100001335144
YIL013C,YJL044C,0,-1.8289301,0.13649535179138184,0.8949999809265137,0.5662000179290771
YLR155C,YNL333W,0,-1.8290601,0.13647453486919403,0.8949999809265137,0.5662999749183655
YNL085W,YJR098C,0,-1.8293046,0.13645373284816742,0.8949999809265137,0.5663999915122986
YBR162W-A,YLR312C,0,-1.8293682,0.1364329308271408,0.8949999809265137,0.5665000081062317
YOR297C,YPL168W,0,-1.8294233,0.1364121288061142,0.8949999809265137,0.5666000247001648
YGL110C,YPL052W,1,-1.8294454,0.13654373586177826,0.8960000276565552,0.5666000247001648
YMR214W,YDR161W,0,-1.8295522,0.13652293384075165,0.8960000276565552,0.5666999816894531
YPL009C,YDL081C,1,-1.8295921,0.13665448129177094,0.8970000147819519,0.5666999816894531
YER154W,YHR077C,0,-1.8296279,0.13663366436958313,0.8970000147819519,0.5667999982833862
YDR268W,YKL105C,0,-1.8296393,0.13661284744739532,0.8970000147819519,0.5669000148773193
YER027C,YDR073W,0,-1.8296669,0.1365920454263687,0.8970000147819519,0.5669999718666077
YMR221C,YER164W,0,-1.8297126,0.1365712583065033,0.8970000147819519,0.5670999884605408
YNL079C,YBR185C,0,-1.8297677,0.13655047118663788,0.8970000147819519,0.5672000050544739
YKL068W,YMR207C,0,-1.8297851,0.13652968406677246,0.8970000147819519,0.567300021648407
YMR271C,YER099C,0,-1.8298026,0.13650889694690704,0.8970000147819519,0.5673999786376953
YDR439W,YKL085W,0,-1.8301044,0.13648812472820282,0.8970000147819519,0.5674999952316284
YIL041W,YMR031C,0,-1.8301144,0.1364673674106598,0.8970000147819519,0.5676000118255615
YDR368W,YNL241C,0,-1.830175,0.13644661009311676,0.8970000147819519,0.5677000284194946
YGL244W,YPL005W,0,-1.8302634,0.13642585277557373,0.8970000147819519,0.567799985408783
YPL161C,YDL223C,0,-1.8302896,0.1364051103591919,0.8970000147819519,0.5679000020027161
YLR466W,YHR105W,0,-1.8304017,0.13638436794281006,0.8970000147819519,0.5680000185966492
YBL024W,YMR112C,0,-1.8304868,0.13636364042758942,0.8970000147819519,0.5680999755859375
YKL213C,YNL037C,0,-1.8305317,0.13634291291236877,0.8970000147819519,0.5681999921798706
YOR394W,YIL038C,0,-1.8305572,0.13632218539714813,0.8970000147819519,0.5683000087738037
YGL047W,YJR096W,0,-1.8305738,0.13630147278308868,0.8970000147819519,0.5684000253677368
YLR073C,YBR130C,0,-1.8306811,0.13628076016902924,0.8970000147819519,0.5684999823570251
YHR128W,YDR486C,0,-1.830716,0.13626006245613098,0.8970000147819519,0.5685999989509583
YER059W,YHR184W,0,-1.8309144,0.13623936474323273,0.8970000147819519,0.5687000155448914
YHR162W,YDR533C,0,-1.8310262,0.13621868193149567,0.8970000147819519,0.5687999725341797
YNL256W,YDL008W,0,-1.8311712,0.1361979991197586,0.8970000147819519,0.5688999891281128
YLR373C,YEL043W,0,-1.8313191,0.13617731630802155,0.8970000147819519,0.5690000057220459
YPR119W,YCR059C,0,-1.8314527,0.13615664839744568,0.8970000147819519,0.569100022315979
YLR381W,YEL048C,0,-1.8315561,0.1361359804868698,0.8970000147819519,0.5691999793052673
YJL079C,YER003C,0,-1.8318118,0.13611532747745514,0.8970000147819519,0.5692999958992004
YLR059C,YCR048W,0,-1.8318532,0.13609467446804047,0.8970000147819519,0.5694000124931335
YMR207C,YLR129W,0,-1.8318626,0.136074036359787,0.8970000147819519,0.5695000290870667
YPL041C,YER147C,0,-1.8318989,0.13605338335037231,0.8970000147819519,0.569599986076355
YGL227W,YDR539W,0,-1.8320303,0.13603276014328003,0.8970000147819519,0.5697000026702881
YDR385W,YPL009C,1,-1.8320905,0.13616375625133514,0.8980000019073486,0.5697000026702881
YOR297C,YBR254C,0,-1.8325559,0.13614311814308167,0.8980000019073486,0.5698000192642212
YML005W,YDL019C,0,-1.8325787,0.13612248003482819,0.8980000019073486,0.5698999762535095
YMR284W,YBR181C,0,-1.8325896,0.1361018419265747,0.8980000019073486,0.5699999928474426
YLR352W,YPL148C,0,-1.8327377,0.13608121871948242,0.8980000019073486,0.5701000094413757
YER061C,YPL224C,0,-1.8327452,0.13606061041355133,0.8980000019073486,0.5702000260353088
YDR263C,YKL069W,0,-1.8327696,0.13603998720645905,0.8980000019073486,0.5702999830245972
YDL226C,YHR097C,0,-1.8327744,0.13601939380168915,0.8980000019073486,0.5703999996185303
YGL169W,YLR243W,0,-1.8329992,0.13599878549575806,0.8980000019073486,0.5705000162124634
YJL025W,YMR114C,0,-1.8331459,0.13597819209098816,0.8980000019073486,0.5705999732017517
YKL022C,YJL114W,0,-1.8334317,0.13595761358737946,0.8980000019073486,0.5706999897956848
YER172C,YLR312W-A,0,-1.8340535,0.13593702018260956,0.8980000019073486,0.5708000063896179
YJL161W,YPL074W,0,-1.8342528,0.13591645658016205,0.8980000019073486,0.570900022983551
YPR178W,YER083C,0,-1.834404,0.13589587807655334,0.8980000019073486,0.5709999799728394
YJL006C,YMR029C,0,-1.8344121,0.13587531447410583,0.8980000019073486,0.5710999965667725
YHR020W,YGL073W,0,-1.834422,0.13585476577281952,0.8980000019073486,0.5712000131607056
YML132W,YPL014W,0,-1.8347367,0.1358342170715332,0.8980000019073486,0.5713000297546387
YBR030W,YDR406W,0,-1.8347592,0.1358136683702469,0.8980000019073486,0.571399986743927
YGL004C,YNL056W,0,-1.8349426,0.13579313457012177,0.8980000019073486,0.5715000033378601
YMR170C,YOR206W,0,-1.8350358,0.13577260076999664,0.8980000019073486,0.5716000199317932
YJL219W,YPR033C,0,-1.8350928,0.13575208187103271,0.8980000019073486,0.5716999769210815
YER008C,YCL005W-A,0,-1.8350953,0.1357315629720688,0.8980000019073486,0.5717999935150146
YIR011C,YNR061C,0,-1.8352658,0.13571104407310486,0.8980000019073486,0.5719000101089478
YGL119W,YGL056C,0,-1.835288,0.13569054007530212,0.8980000019073486,0.5720000267028809
YER117W,YDR208W,0,-1.8354341,0.1356700360774994,0.8980000019073486,0.5720999836921692
YGR062C,YPL051W,0,-1.835437,0.13564954698085785,0.8980000019073486,0.5722000002861023
YOR127W,YPL094C,0,-1.835788,0.1356290578842163,0.8980000019073486,0.5723000168800354
YOR028C,YJL054W,0,-1.8359311,0.13560858368873596,0.8980000019073486,0.5723999738693237
YCR033W,YHR169W,0,-1.8360202,0.13558810949325562,0.8980000019073486,0.5724999904632568
YEL002C,YNL176C,0,-1.8360391,0.13556763529777527,0.8980000019073486,0.5726000070571899
YKL163W,YGL256W,0,-1.8361301,0.13554717600345612,0.8980000019073486,0.572700023651123
YIL147C,YAL054C,0,-1.836406,0.13552671670913696,0.8980000019073486,0.5727999806404114
YIR036C,YHR139C,0,-1.8366055,0.1355062574148178,0.8980000019073486,0.5728999972343445
YOL067C,YMR088C,0,-1.8367603,0.13548581302165985,0.8980000019073486,0.5730000138282776
YIL120W,YMR028W,0,-1.8368192,0.13546538352966309,0.8980000019073486,0.5730999708175659
YHL012W,YPL202C,0,-1.8370748,0.13544495403766632,0.8980000019073486,0.573199987411499
YDR223W,YHR204W,0,-1.837561,0.13542452454566956,0.8980000019073486,0.5733000040054321
YER008C,YDR153C,0,-1.8376514,0.1354040950536728,0.8980000019073486,0.5734000205993652
YJL094C,YBL019W,0,-1.8376558,0.13538368046283722,0.8980000019073486,0.5734999775886536
YDL091C,YLR046C,0,-1.8377805,0.13536328077316284,0.8980000019073486,0.5735999941825867
YDR545W,YBR163W,0,-1.8379428,0.13534288108348846,0.8980000019073486,0.5737000107765198
YDL133W,YDL082W,0,-1.8380064,0.1353224813938141,0.8980000019073486,0.5738000273704529
YIL085C,YDR416W,0,-1.8380734,0.1353020966053009,0.8980000019073486,0.5738999843597412
YER104W,YDL078C,0,-1.8381765,0.13528171181678772,0.8980000019073486,0.5740000009536743
YPL130W,YJR002W,0,-1.838376,0.13526134192943573,0.8980000019073486,0.5741000175476074
YKL150W,YJL073W,0,-1.8386672,0.13524095714092255,0.8980000019073486,0.5741999745368958
YKL001C,YLR298C,0,-1.8387092,0.13522060215473175,0.8980000019073486,0.5742999911308289
YPL127C,YML100W,0,-1.8387879,0.13520024716854095,0.8980000019073486,0.574400007724762
YKL162C,YIL044C,0,-1.838826,0.13517989218235016,0.8980000019073486,0.5745000243186951
YDL124W,YDR127W,0,-1.8388735,0.13515953719615936,0.8980000019073486,0.5745999813079834
YDR492W,YDR303C,0,-1.8388944,0.13513919711112976,0.8980000019073486,0.5746999979019165
YPL095C,YOR208W,0,-1.8389432,0.13511887192726135,0.8980000019073486,0.5748000144958496
YKL143W,YML055W,0,-1.8390346,0.13509854674339294,0.8980000019073486,0.5748999714851379
YPR028W,YIL171W,0,-1.8390601,0.13507822155952454,0.8980000019073486,0.574999988079071
YNR012W,YJL170C,0,-1.8390971,0.13505789637565613,0.8980000019073486,0.5751000046730042
YLR181C,YPR040W,0,-1.8390996,0.1350376009941101,0.8980000019073486,0.5752000212669373
YHR140W,YOL093W,0,-1.8391058,0.1350172907114029,0.8980000019073486,0.5752999782562256
YPL112C,YML069W,0,-1.8391675,0.13499699532985687,0.8980000019073486,0.5753999948501587
YDR213W,YIL066C,0,-1.8392153,0.13497669994831085,0.8980000019073486,0.5755000114440918
YDR197W,YGL127C,0,-1.8392993,0.13495641946792603,0.8980000019073486,0.5756000280380249
YDL033C,YNR024W,0,-1.8393157,0.1349361389875412,0.8980000019073486,0.5756999850273132
YMR220W,YDR430C,0,-1.8394399,0.13491585850715637,0.8980000019073486,0.5758000016212463
YDR508C,YLR352W,0,-1.8394516,0.13489559292793274,0.8980000019073486,0.5759000182151794
YLR029C,YBR067C,0,-1.8395011,0.1348753422498703,0.8980000019073486,0.5759999752044678
YGR191W,YDR069C,0,-1.8395998,0.13485507667064667,0.8980000019073486,0.5760999917984009
YDR460W,YDR208W,0,-1.8396308,0.13483484089374542,0.8980000019073486,0.576200008392334
YMR002W,YPL172C,0,-1.8397927,0.13481459021568298,0.8980000019073486,0.5763000249862671
YGL121C,YGR067C,0,-1.8398528,0.13479435443878174,0.8980000019073486,0.5763999819755554
YPR019W,YLR021W,0,-1.8398626,0.1347741186618805,0.8980000019073486,0.5764999985694885
YER032W,YMR226C,0,-1.8402117,0.13475389778614044,0.8980000019073486,0.5766000151634216
YDR254W,YDL127W,0,-1.8403544,0.1347336769104004,0.8980000019073486,0.57669997215271
YER183C,YIL091C,0,-1.8403583,0.13471347093582153,0.8980000019073486,0.5767999887466431
YKR078W,YOR083W,0,-1.8403797,0.13469326496124268,0.8980000019073486,0.5769000053405762
YBR028C,YKL186C,0,-1.8405623,0.13467305898666382,0.8980000019073486,0.5770000219345093
YAR033W,YGL005C,0,-1.8408866,0.13465286791324615,0.8980000019073486,0.5770999789237976
YNL252C,YLR410W,0,-1.8410387,0.1346326768398285,0.8980000019073486,0.5771999955177307
YOL001W,YGR127W,0,-1.8411033,0.13461250066757202,0.8980000019073486,0.5773000121116638
YGR007W,YJR055W,0,-1.8411738,0.13459232449531555,0.8980000019073486,0.5774000287055969
YBR018C,YAL056W,0,-1.8413953,0.13457216322422028,0.8980000019073486,0.5774999856948853
YAL058W,YDR405W,0,-1.8414805,0.1345519870519638,0.8980000019073486,0.5776000022888184
YER109C,YML029W,0,-1.8417488,0.13453184068202972,0.8980000019073486,0.5777000188827515
YIL083C,YKL126W,0,-1.8417495,0.13451167941093445,0.8980000019073486,0.5777999758720398
YHR084W,YLL008W,0,-1.8419607,0.13449153304100037,0.8980000019073486,0.5778999924659729
YPL252C,YDL078C,0,-1.8419702,0.13447140157222748,0.8980000019073486,0.578000009059906
YMR175W,YLR283W,0,-1.8420132,0.1344512701034546,0.8980000019073486,0.5781000256538391
YIL096C,YKL161C,0,-1.8422085,0.1344311386346817,0.8980000019073486,0.5781999826431274
YAL048C,YPR001W,0,-1.8423518,0.13441102206707,0.8980000019073486,0.5782999992370605
YLR037C,YKL074C,0,-1.8428276,0.1343909054994583,0.8980000019073486,0.5784000158309937
YDR382W,YGR201C,1,-1.8428967,0.13452042639255524,0.8989999890327454,0.5784000158309937
YPR008W,YLR382C,0,-1.8431755,0.13450029492378235,0.8989999890327454,0.578499972820282
YDL005C,YER133W,0,-1.8434165,0.13448017835617065,0.8989999890327454,0.5785999894142151
YER092W,YLR138W,0,-1.8435545,0.13446006178855896,0.8989999890327454,0.5787000060081482
YKL164C,YOR292C,0,-1.8437316,0.13443996012210846,0.8989999890327454,0.5788000226020813
YPL005W,YFL022C,0,-1.8437394,0.13441985845565796,0.8989999890327454,0.5788999795913696
YMR221C,YBR167C,0,-1.8439713,0.13439975678920746,0.8989999890327454,0.5789999961853027
YIL053W,YAR033W,0,-1.8443191,0.13437967002391815,0.8989999890327454,0.5791000127792358
YBR272C,YGR277C,0,-1.8443463,0.13435958325862885,0.8989999890327454,0.579200029373169
YIR018W,YAL011W,0,-1.8446317,0.13433951139450073,0.8989999890327454,0.5792999863624573
YKR021W,YDR303C,0,-1.8448026,0.13431943953037262,0.8989999890327454,0.5794000029563904
YAL047C,YGR041W,0,-1.8449364,0.1342993676662445,0.8989999890327454,0.5795000195503235
YDR138W,YIL098C,0,-1.8451495,0.1342793107032776,0.8989999890327454,0.5795999765396118
YJL157C,YCR093W,0,-1.8452609,0.13425925374031067,0.8989999890327454,0.5796999931335449
YPR075C,YML096W,0,-1.8452756,0.13423921167850494,0.8989999890327454,0.579800009727478
YCL039W,YER164W,0,-1.8452778,0.13421916961669922,0.8989999890327454,0.5799000263214111
YGL028C,YPR134W,0,-1.845319,0.1341991275548935,0.8989999890327454,0.5799999833106995
YGL077C,YDR412W,0,-1.845479,0.13417910039424896,0.8989999890327454,0.5800999999046326
YGR109C,YDR374C,0,-1.845684,0.13415908813476562,0.8989999890327454,0.5802000164985657
YNL024C,YHR081W,0,-1.8459218,0.1341390609741211,0.8989999890327454,0.580299973487854
YOR028C,YHR175W,0,-1.8460983,0.13411904871463776,0.8989999890327454,0.5803999900817871
YPL048W,YLR069C,1,-1.8463286,0.13424821197986603,0.8999999761581421,0.5803999900817871
YIL103W,YLR172C,1,-1.8465676,0.13437733054161072,0.9010000228881836,0.5803999900817871
YBL084C,YMR072W,0,-1.846663,0.134357288479805,0.9010000228881836,0.5805000066757202
YPR036W,YGL173C,0,-1.8466855,0.13433726131916046,0.9010000228881836,0.5806000232696533
YKL216W,YPL189C-A,0,-1.8468012,0.13431723415851593,0.9010000228881836,0.5806999802589417
YKL171W,YKR054C,0,-1.846849,0.1342972069978714,0.9010000228881836,0.5807999968528748
YML128C,YOR288C,0,-1.8468792,0.13427719473838806,0.9010000228881836,0.5809000134468079
YDR018C,YOR133W,0,-1.8468938,0.13425718247890472,0.9010000228881836,0.5809999704360962
YIR041W,YOR206W,0,-1.846914,0.13423718512058258,0.9010000228881836,0.5810999870300293
YCL039W,YGR236C,0,-1.8469157,0.13421718776226044,0.9010000228881836,0.5812000036239624
YJL004C,YER168C,0,-1.8469206,0.1341972053050995,0.9010000228881836,0.5813000202178955
YJR137C,YOL132W,0,-1.8470116,0.13417720794677734,0.9010000228881836,0.5813999772071838
YNR071C,YOR389W,0,-1.8472145,0.1341572403907776,0.9010000228881836,0.5814999938011169
YOR172W,YLR015W,0,-1.8473808,0.13413725793361664,0.9010000228881836,0.58160001039505
YFL001W,YBL074C,0,-1.847506,0.13411729037761688,0.9010000228881836,0.5817000269889832
YOR158W,YLR312C,0,-1.847573,0.13409733772277832,0.9010000228881836,0.5817999839782715
YHR149C,YMR052W,0,-1.8477287,0.13407738506793976,0.9010000228881836,0.5819000005722046
YBR296C,YNL002C,0,-1.847829,0.1340574324131012,0.9010000228881836,0.5820000171661377
YMR114C,YPR191W,0,-1.8478382,0.13403749465942383,0.9010000228881836,0.582099974155426
YBR275C,YDL246C,0,-1.8479733,0.13401755690574646,0.9010000228881836,0.5821999907493591
YBR267W,YER053C,0,-1.8480117,0.1339976191520691,0.9010000228881836,0.5823000073432922
YLR316C,YNL155W,0,-1.8480508,0.13397769629955292,0.9010000228881836,0.5824000239372253
YER011W,YCR040W,0,-1.8482507,0.13395777344703674,0.9010000228881836,0.5824999809265137
YGR046W,YBR208C,0,-1.8486993,0.13393786549568176,0.9010000228881836,0.5825999975204468
YMR292W,YBR276C,0,-1.8487232,0.13391795754432678,0.9010000228881836,0.5827000141143799
YOR075W,YLL016W,0,-1.8490797,0.1338980495929718,0.9010000228881836,0.5827999711036682
YDL210W,YKR016W,0,-1.8492408,0.13387815654277802,0.9010000228881836,0.5828999876976013
YBL015W,YKL014C,0,-1.8494287,0.13385826349258423,0.9010000228881836,0.5830000042915344
YLR383W,YFL045C,0,-1.8494548,0.13383838534355164,0.9010000228881836,0.5831000208854675
YGL230C,YGL163C,0,-1.8495138,0.13381850719451904,0.9010000228881836,0.5831999778747559
YJL194W,YCL044C,0,-1.8496529,0.13379862904548645,0.9010000228881836,0.583299994468689
YLR157C,YGL029W,0,-1.8496605,0.13377876579761505,0.9010000228881836,0.5834000110626221
YOR239W,YNL291C,0,-1.8498157,0.13375890254974365,0.9010000228881836,0.5835000276565552
YER127W,YBR290W,0,-1.8498635,0.13373905420303345,0.9010000228881836,0.5835999846458435
YDR229W,YBR079C,0,-1.8499122,0.13371920585632324,0.9010000228881836,0.5837000012397766
YLR148W,YJR139C,0,-1.8500173,0.13369935750961304,0.9010000228881836,0.5838000178337097
YGR257C,YHR202W,0,-1.8501211,0.13367952406406403,0.9010000228881836,0.583899974822998
YNL149C,YGR204W,0,-1.8502097,0.13365969061851501,0.9010000228881836,0.5839999914169312
YLR393W,YMR279C,0,-1.8502295,0.1336398720741272,0.9010000228881836,0.5841000080108643
YDR312W,YLR191W,0,-1.8502755,0.13362005352973938,0.9010000228881836,0.5842000246047974
YJL116C,YPL137C,0,-1.8503131,0.13360023498535156,0.9010000228881836,0.5842999815940857
YIL070C,YMR099C,0,-1.8506607,0.13358043134212494,0.9010000228881836,0.5843999981880188
YBR275C,YOR239W,0,-1.8506792,0.13356062769889832,0.9010000228881836,0.5845000147819519
YLR287C-A,YGL060W,0,-1.8512305,0.13354083895683289,0.9010000228881836,0.5845999717712402
YPL056C,YIL098C,0,-1.8512607,0.13352105021476746,0.9010000228881836,0.5846999883651733
YER023W,YCR026C,0,-1.8512626,0.13350126147270203,0.9010000228881836,0.5848000049591064
YHR214C-B,YNL067W,0,-1.851301,0.1334814876317978,0.9010000228881836,0.5849000215530396
YPR200C,YGR102C,0,-1.8514179,0.13346171379089355,0.9010000228881836,0.5849999785423279
YKL082C,YEL062W,0,-1.851567,0.13344193994998932,0.9010000228881836,0.585099995136261
YCL047C,YML059C,0,-1.8516314,0.13342218101024628,0.9010000228881836,0.5852000117301941
YLR106C,YBR271W,0,-1.8518194,0.13340242207050323,0.9010000228881836,0.5853000283241272
YOL041C,YOL105C,0,-1.8518355,0.1333826780319214,0.9010000228881836,0.5853999853134155
YKL182W,YCL055W,0,-1.8519698,0.13336293399333954,0.9010000228881836,0.5855000019073486
YDR352W,YMR128W,0,-1.8522611,0.13334320485591888,0.9010000228881836,0.5856000185012817
YLR445W,YER101C,0,-1.8524079,0.13332347571849823,0.9010000228881836,0.5856999754905701
YAR033W,YDR383C,0,-1.8527435,0.13330374658107758,0.9010000228881836,0.5857999920845032
YPL171C,YHL009C,0,-1.8529127,0.13328401744365692,0.9010000228881836,0.5859000086784363
YOR272W,YCL064C,0,-1.8531413,0.13326430320739746,0.9010000228881836,0.5860000252723694
YGL183C,YLR213C,0,-1.8533165,0.1332446038722992,0.9010000228881836,0.5860999822616577
YMR212C,YLR104W,0,-1.853364,0.13322490453720093,0.9010000228881836,0.5861999988555908
YER066W,YMR087W,0,-1.8536004,0.13320520520210266,0.9010000228881836,0.5863000154495239
YJL219W,YLR117C,0,-1.8536185,0.1331855207681656,0.9010000228881836,0.5863999724388123
YLR383W,YBR004C,0,-1.8539333,0.13316583633422852,0.9010000228881836,0.5864999890327454
YKR049C,YER104W,0,-1.8542435,0.13314615190029144,0.9010000228881836,0.5866000056266785
YER149C,YNL032W,0,-1.85428,0.13312648236751556,0.9010000228881836,0.5867000222206116
YER066W,YGR252W,0,-1.8543413,0.13310681283473969,0.9010000228881836,0.5867999792098999
YKL175W,YJR149W,0,-1.8545,0.1330871433019638,0.9010000228881836,0.586899995803833
YLR116W,YLR314C,0,-1.8545042,0.13306748867034912,0.9010000228881836,0.5870000123977661
YDR201W,YIL027C,0,-1.854536,0.13304784893989563,0.9010000228881836,0.5871000289916992
YDR534C,YNL094W,0,-1.8545868,0.13302819430828094,0.9010000228881836,0.5871999859809875
YDR141C,YDR540C,0,-1.8545957,0.13300856947898865,0.9010000228881836,0.5873000025749207
YMR080C,YDL119C,0,-1.8548222,0.13298892974853516,0.9010000228881836,0.5874000191688538
YJR044C,YIL140W,0,-1.8553878,0.13296930491924286,0.9010000228881836,0.5874999761581421
YIL156W,YPR034W,0,-1.8554072,0.13294968008995056,0.9010000228881836,0.5875999927520752
YPL163C,YJL105W,0,-1.8554418,0.13293007016181946,0.9010000228881836,0.5877000093460083
YHL008C,YDR117C,0,-1.8555124,0.13291046023368835,0.9010000228881836,0.5878000259399414
YGR103W,YDR013W,0,-1.8563259,0.13289085030555725,0.9010000228881836,0.5878999829292297
YDL139C,YPL199C,0,-1.8563969,0.13287125527858734,0.9010000228881836,0.5879999995231628
YLR201C,YBL104C,0,-1.856983,0.13285166025161743,0.9010000228881836,0.588100016117096
YNL052W,YPR011C,0,-1.8574021,0.13283208012580872,0.9010000228881836,0.5881999731063843
YDL007W,YEL012W,0,-1.8576043,0.1328125,0.9010000228881836,0.5882999897003174
YDR190C,YKR028W,0,-1.8579788,0.13279291987419128,0.9010000228881836,0.5884000062942505
YKR097W,YJR093C,0,-1.8581202,0.13277335464954376,0.9010000228881836,0.5885000228881836
YAL053W,YPL043W,0,-1.8583215,0.13275378942489624,0.9010000228881836,0.5885999798774719
YIL090W,YPL112C,0,-1.8583246,0.1327342391014099,0.9010000228881836,0.588699996471405
YER170W,YKL086W,0,-1.8586826,0.13271468877792358,0.9010000228881836,0.5888000130653381
YLL029W,YBR271W,0,-1.8586876,0.13269513845443726,0.9010000228881836,0.5889000296592712
YIL122W,YIL091C,0,-1.8588406,0.13267560303211212,0.9010000228881836,0.5889999866485596
YLR222C,YKL061W,0,-1.8589078,0.132656067609787,0.9010000228881836,0.5891000032424927
YFR048W,YLR460C,0,-1.8591441,0.13263653218746185,0.9010000228881836,0.5892000198364258
YDR096W,YGL162W,0,-1.8592198,0.1326170116662979,0.9010000228881836,0.5892999768257141
YMR175W,YBR283C,0,-1.8592415,0.13259749114513397,0.9010000228881836,0.5893999934196472
YBR077C,YJL045W,0,-1.8595096,0.13257798552513123,0.9010000228881836,0.5895000100135803
YPL221W,YJL189W,0,-1.8595929,0.13255847990512848,0.9010000228881836,0.5896000266075134
YOL143C,YER044C,0,-1.8596835,0.13253898918628693,0.9010000228881836,0.5896999835968018
YMR127C,YLL056C,0,-1.8601415,0.13251948356628418,0.9010000228881836,0.5898000001907349
YHR192W,YPR115W,0,-1.8601826,0.13249999284744263,0.9010000228881836,0.589900016784668
YMR023C,YDR281C,0,-1.860246,0.13248051702976227,0.9010000228881836,0.5899999737739563
YML027W,YML094W,0,-1.8604319,0.1324610412120819,0.9010000228881836,0.5900999903678894
YPR119W,YBL097W,0,-1.8605486,0.13244156539440155,0.9010000228881836,0.5902000069618225
YJL033W,YCL044C,0,-1.8606863,0.13242210447788239,0.9010000228881836,0.5903000235557556
YJL162C,YKL172W,0,-1.8607627,0.13240264356136322,0.9010000228881836,0.590399980545044
YLR447C,YPR066W,0,-1.860776,0.13238319754600525,0.9010000228881836,0.590499997138977
YOR093C,YHR133C,0,-1.8609046,0.13236373662948608,0.9010000228881836,0.5906000137329102
YDR054C,YKR104W,0,-1.8610482,0.1323443055152893,0.9010000228881836,0.5906999707221985
YBR235W,YHR077C,0,-1.8614532,0.13232485949993134,0.9010000228881836,0.5907999873161316
YER149C,YAL039C,0,-1.8614926,0.13230542838573456,0.9010000228881836,0.5909000039100647
YIL103W,YDR333C,1,-1.8615217,0.13243283331394196,0.9020000100135803,0.5909000039100647
YKL190W,YML113W,0,-1.8620403,0.13241338729858398,0.9020000100135803,0.5910000205039978
YHR152W,YBL038W,0,-1.8620461,0.1323939561843872,0.9020000100135803,0.5910999774932861
YNL247W,YPL241C,0,-1.8621147,0.13237452507019043,0.9020000100135803,0.5911999940872192
YBR068C,YNL045W,0,-1.8621715,0.13235509395599365,0.9020000100135803,0.5913000106811523
YBR046C,YPR058W,0,-1.8621883,0.13233567774295807,0.9020000100135803,0.5914000272750854
YDR073W,YOR115C,0,-1.8624583,0.13231626152992249,0.9020000100135803,0.5914999842643738
YLR034C,YDR179C,0,-1.8627044,0.1322968602180481,0.9020000100135803,0.5916000008583069
YMR271C,YJL158C,0,-1.8627782,0.1322774589061737,0.9020000100135803,0.59170001745224
YOR358W,YNL270C,0,-1.8628701,0.13225805759429932,0.9020000100135803,0.5917999744415283
YER004W,YDR152W,0,-1.8628783,0.13223867118358612,0.9020000100135803,0.5918999910354614
YPL013C,YLR242C,0,-1.8630396,0.13221928477287292,0.9020000100135803,0.5920000076293945
YER128W,YKR025W,0,-1.8630595,0.13219991326332092,0.9020000100135803,0.5921000242233276
YLR383W,YBL075C,0,-1.8632731,0.13218054175376892,0.9020000100135803,0.592199981212616
YKR063C,YEL011W,0,-1.8633189,0.13216117024421692,0.9020000100135803,0.5922999978065491
YHR041C,YGL144C,0,-1.8633388,0.1321418136358261,0.9020000100135803,0.5924000144004822
YPL005W,YDL132W,0,-1.8635168,0.1321224570274353,0.9020000100135803,0.5924999713897705
YJL116C,YNL274C,0,-1.8635293,0.1321031004190445,0.9020000100135803,0.5925999879837036
YJL123C,YMR169C,0,-1.8640151,0.13208375871181488,0.9020000100135803,0.5927000045776367
YNL267W,YLR102C,0,-1.8640258,0.13206441700458527,0.9020000100135803,0.5928000211715698
YGL086W,YIL067C,0,-1.8640761,0.13204509019851685,0.9020000100135803,0.5928999781608582
YGL166W,YDR352W,0,-1.8640782,0.13202576339244843,0.9020000100135803,0.5929999947547913
YPL047W,YIL042C,0,-1.8641164,0.13200643658638,0.9020000100135803,0.5931000113487244
YDR164C,YLR328W,0,-1.8644321,0.13198712468147278,0.9020000100135803,0.5932000279426575
YKR027W,YKL109W,0,-1.8644469,0.13196781277656555,0.9020000100135803,0.5932999849319458
YPL095C,YDR101C,0,-1.8645432,0.13194850087165833,0.9020000100135803,0.5934000015258789
YDR285W,YPR129W,0,-1.8645506,0.1319292038679123,0.9020000100135803,0.593500018119812
YLR226W,YNL239W,0,-1.8645797,0.13190992176532745,0.9020000100135803,0.5935999751091003
YOL161C,YPL237W,0,-1.8646224,0.13189062476158142,0.9020000100135803,0.5936999917030334
YPR106W,YPL161C,0,-1.8648479,0.13187134265899658,0.9020000100135803,0.5938000082969666
YPR106W,YMR256C,0,-1.8649216,0.13185207545757294,0.9020000100135803,0.5939000248908997
YMR244C-A,YML068W,0,-1.864953,0.1318327933549881,0.9020000100135803,0.593999981880188
YOR092W,YGL015C,0,-1.8649772,0.13181352615356445,0.9020000100135803,0.5940999984741211
YBL034C,YDR494W,0,-1.8651295,0.131794273853302,0.9020000100135803,0.5942000150680542
YGL207W,YPL224C,0,-1.8651426,0.13177502155303955,0.9020000100135803,0.5942999720573425
YGR012W,YOL010W,0,-1.8655987,0.1317557692527771,0.9020000100135803,0.5943999886512756
YDL044C,YGR211W,0,-1.8657932,0.13173653185367584,0.9020000100135803,0.5945000052452087
YGL141W,YDR328C,0,-1.8658084,0.13171729445457458,0.9020000100135803,0.5946000218391418
YOL104C,YMR221C,0,-1.8658112,0.13169805705547333,0.9020000100135803,0.5946999788284302
YDR524C,YOL011W,0,-1.8662305,0.13167883455753326,0.9020000100135803,0.5947999954223633
YKR001C,YDR291W,0,-1.8663292,0.1316596120595932,0.9020000100135803,0.5949000120162964
YMR302C,YBR020W,0,-1.8663487,0.13164038956165314,0.9020000100135803,0.5950000286102295
YER104W,YMR113W,0,-1.866402,0.13162118196487427,0.9020000100135803,0.5950999855995178
YDL160C,YJR097W,1,-1.8664393,0.13174788653850555,0.902999997138977,0.5950999855995178
YCR107W,YHR133C,0,-1.8669028,0.1317286640405655,0.902999997138977,0.5952000021934509
YMR263W,YIL171W,0,-1.8669888,0.13170945644378662,0.902999997138977,0.595300018787384
YOL146W,YOR204W,0,-1.8670092,0.13169024884700775,0.902999997138977,0.5953999757766724
YDR456W,YKL057C,0,-1.867094,0.13167104125022888,0.902999997138977,0.5954999923706055
YDR032C,YBR166C,0,-1.8671126,0.1316518485546112,0.902999997138977,0.5956000089645386
YLL034C,YIR023W,0,-1.8671168,0.13163265585899353,0.902999997138977,0.5957000255584717
YGR052W,YJR022W,0,-1.8671271,0.13161346316337585,0.902999997138977,0.59579998254776
YPR143W,YPR169W,0,-1.8671987,0.13159428536891937,0.902999997138977,0.5958999991416931
YOR274W,YKL012W,0,-1.8675818,0.1315751075744629,0.902999997138977,0.5960000157356262
YML009C,YKL108W,0,-1.8676194,0.1315559446811676,0.902999997138977,0.5960999727249146
YKL013C,YNR023W,0,-1.8677177,0.13153678178787231,0.902999997138977,0.5961999893188477
YJL166W,YKL222C,0,-1.8677185,0.13151761889457703,0.902999997138977,0.5963000059127808
YGL212W,YKL094W,0,-1.8677442,0.13149847090244293,0.902999997138977,0.5964000225067139
YPL280W,YLR453C,0,-1.8678372,0.13147932291030884,0.902999997138977,0.5964999794960022
YKR052C,YML037C,0,-1.8678664,0.13146018981933594,0.902999997138977,0.5965999960899353
YNR060W,YBR037C,0,-1.8681985,0.13144104182720184,0.902999997138977,0.5967000126838684
YOR083W,YPL070W,0,-1.8682795,0.13142192363739014,0.902999997138977,0.5968000292778015
YJR017C,YNL196C,0,-1.8682982,0.13140279054641724,0.902999997138977,0.5968999862670898
YER162C,YIL062C,0,-1.8684027,0.13138367235660553,0.902999997138977,0.597000002861023
YBR212W,YJR095W,0,-1.8685919,0.13136456906795502,0.902999997138977,0.597100019454956
YIL065C,YGR179C,0,-1.8685944,0.1313454508781433,0.902999997138977,0.5971999764442444
YPL184C,YMR154C,0,-1.8687973,0.1313263475894928,0.902999997138977,0.5972999930381775
YMR223W,YMR261C,0,-1.8689582,0.13130725920200348,0.902999997138977,0.5974000096321106
YGR284C,YIR003W,0,-1.8691396,0.13128817081451416,0.902999997138977,0.5975000262260437
YIL149C,YJL048C,0,-1.8692309,0.13126908242702484,0.902999997138977,0.597599983215332
YNL037C,YMR112C,0,-1.869276,0.13124999403953552,0.902999997138977,0.5976999998092651
YPR019W,YGR167W,0,-1.8693128,0.1312309205532074,0.902999997138977,0.5978000164031982
YMR114C,YBR106W,0,-1.8695855,0.13121186196804047,0.902999997138977,0.5978999733924866
YLR417W,YHL016C,0,-1.8696239,0.13119278848171234,0.902999997138977,0.5979999899864197
YKR078W,YDR014W,0,-1.869838,0.1311737298965454,0.902999997138977,0.5981000065803528
YHR026W,YPL103C,0,-1.8699756,0.13115468621253967,0.902999997138977,0.5982000231742859
YBR245C,YEL013W,0,-1.8699839,0.13113564252853394,0.902999997138977,0.5982999801635742
YLL014W,YPL096W,0,-1.8700829,0.1311165988445282,0.902999997138977,0.5983999967575073
YKL055C,YOR181W,0,-1.8701365,0.13109755516052246,0.902999997138977,0.5985000133514404
YOL033W,YOL130W,0,-1.8704033,0.13107852637767792,0.902999997138977,0.5985999703407288
YMR050C,YDL055C,0,-1.8704666,0.13105951249599457,0.902999997138977,0.5986999869346619
YAR020C,YOL097C,0,-1.8705184,0.13104048371315002,0.902999997138977,0.598800003528595
YNL156C,YCR102C,0,-1.8710163,0.13102146983146667,0.902999997138977,0.5989000201225281
YLR370C,YGR105W,0,-1.8711033,0.13100247085094452,0.902999997138977,0.5989999771118164
YOR358W,YDR439W,0,-1.8711967,0.13098345696926117,0.902999997138977,0.5990999937057495
YLR019W,YIL158W,0,-1.871253,0.1309644728899002,0.902999997138977,0.5992000102996826
YMR247C,YGR169C-A,1,-1.8712887,0.13109049201011658,0.9039999842643738,0.5992000102996826
YLR117C,YFR043C,0,-1.871391,0.13107147812843323,0.9039999842643738,0.5993000268936157
YIL031W,YLR466W,0,-1.8715892,0.13105247914791107,0.9039999842643738,0.599399983882904
YOR283W,YMR213W,0,-1.8720753,0.13103348016738892,0.9039999842643738,0.5995000004768372
YEL043W,YDR082W,0,-1.8722816,0.13101449608802795,0.9039999842643738,0.5996000170707703
YLR345W,YKL051W,0,-1.87256,0.130995512008667,0.9039999842643738,0.5996999740600586
YPR188C,YIL042C,0,-1.8725665,0.13097652792930603,0.9039999842643738,0.5997999906539917
YJL090C,YNL216W,0,-1.8726248,0.13095755875110626,0.9039999842643738,0.5999000072479248
YKL008C,YLR260W,0,-1.8726312,0.1309385895729065,0.9039999842643738,0.6000000238418579
YDR374C,YFR031C,0,-1.8726802,0.13091962039470673,0.9039999842643738,0.6000999808311462
YMR237W,YKR101W,0,-1.8729409,0.13090066611766815,0.9039999842643738,0.6001999974250793
YNL328C,YBR251W,0,-1.8731512,0.13088171184062958,0.9039999842643738,0.6003000140190125
YKL024C,YAL014C,0,-1.8736867,0.1308627724647522,0.9039999842643738,0.6003999710083008
YGR059W,YDR312W,0,-1.873709,0.13084383308887482,0.9039999842643738,0.6004999876022339
YMR003W,YAL012W,0,-1.8738449,0.13082489371299744,0.9039999842643738,0.600600004196167
YNR028W,YML062C,0,-1.8738704,0.13080595433712006,0.9039999842643738,0.6007000207901001
YNR067C,YMR262W,0,-1.8739765,0.13078702986240387,0.9039999842643738,0.6007999777793884
YDL035C,YNL323W,0,-1.8744146,0.13076812028884888,0.9039999842643738,0.6008999943733215
YGR270W,YBR221C,0,-1.8746831,0.13074921071529388,0.9039999842643738,0.6010000109672546
YGR081C,YOR346W,0,-1.8747401,0.1307303011417389,0.9039999842643738,0.6011000275611877
YIL148W,YJR137C,0,-1.8749194,0.1307113915681839,0.9039999842643738,0.6011999845504761
YDL198C,YKL043W,0,-1.8750285,0.1306924968957901,0.9039999842643738,0.6013000011444092
YBL026W,YOR147W,0,-1.8751588,0.1306736022233963,0.9039999842643738,0.6014000177383423
YDR476C,YGR096W,0,-1.8753748,0.1306547224521637,0.9039999842643738,0.6014999747276306
YOL152W,YBR020W,0,-1.8755965,0.1306358426809311,0.9039999842643738,0.6015999913215637
YDR031W,YHR196W,0,-1.875743,0.1306169629096985,0.9039999842643738,0.6017000079154968
YPL196W,YER064C,0,-1.8757963,0.13059809803962708,0.9039999842643738,0.6018000245094299
YLR142W,YLR084C,0,-1.8758678,0.13057923316955566,0.9039999842643738,0.6018999814987183
YGR284C,YNR027W,0,-1.8758856,0.13056036829948425,0.9039999842643738,0.6019999980926514
YMR048W,YNL199C,0,-1.8761508,0.13054151833057404,0.9039999842643738,0.6021000146865845
YIL103W,YML014W,1,-1.8761706,0.130667045712471,0.9049999713897705,0.6021000146865845
YHL011C,YHR001W-A,0,-1.8763378,0.1306481808423996,0.9049999713897705,0.6021999716758728
YGL111W,YLR298C,0,-1.8766,0.13062933087348938,0.9049999713897705,0.6022999882698059
YPL181W,YDL165W,0,-1.8768167,0.13061048090457916,0.9049999713897705,0.602400004863739
YBR022W,YMR059W,0,-1.8770685,0.13059163093566895,0.9049999713897705,0.6025000214576721
YAL021C,YBL020W,0,-1.8770695,0.13057279586791992,0.9049999713897705,0.6025999784469604
YAL031C,YJL053W,0,-1.877136,0.1305539458990097,0.9049999713897705,0.6026999950408936
YJR097W,YML014W,1,-1.8771479,0.13067935407161713,0.906000018119812,0.6026999950408936
YLR135W,YOR175C,0,-1.8772011,0.1306605190038681,0.906000018119812,0.6028000116348267
YNL134C,YJL189W,0,-1.8772117,0.13064166903495789,0.906000018119812,0.6029000282287598
YCR041W,YHR031C,0,-1.8774107,0.13062283396720886,0.906000018119812,0.6029999852180481
YCR100C,YGR136W,0,-1.8774159,0.13060401380062103,0.906000018119812,0.6031000018119812
YLR347C,YFR003C,0,-1.8774445,0.130585178732872,0.906000018119812,0.6032000184059143
YJL094C,YPL161C,0,-1.8774796,0.13056635856628418,0.906000018119812,0.6032999753952026
YCR007C,YBR146W,0,-1.8775014,0.13054755330085754,0.906000018119812,0.6033999919891357
YNL070W,YFL002C,0,-1.8778198,0.1305287480354309,0.906000018119812,0.6035000085830688
YNL295W,YGL209W,0,-1.8780129,0.13050994277000427,0.906000018119812,0.603600025177002
YJL005W,YJR050W,0,-1.878041,0.13049113750457764,0.906000018119812,0.6036999821662903
YDR541C,YKL112W,0,-1.8781142,0.1304723471403122,0.906000018119812,0.6037999987602234
YGL053W,YDR387C,0,-1.8783443,0.13045355677604675,0.906000018119812,0.6039000153541565
YGL084C,YAL027W,0,-1.8784525,0.1304347813129425,0.906000018119812,0.6039999723434448
YNL260C,YFL036W,0,-1.8789364,0.13041600584983826,0.906000018119812,0.6040999889373779
YFL020C,YOR081C,0,-1.8789546,0.130397230386734,0.906000018119812,0.604200005531311
YKL011C,YDR303C,0,-1.8791009,0.13037846982479095,0.906000018119812,0.6043000221252441
YOR198C,YOR339C,0,-1.8792225,0.1303597092628479,0.906000018119812,0.6043999791145325
YNL158W,YKL079W,0,-1.879255,0.13034096360206604,0.906000018119812,0.6044999957084656
YHR028C,YIL106W,0,-1.8795319,0.13032220304012299,0.906000018119812,0.6046000123023987
YKR038C,YJL102W,0,-1.8795514,0.13030347228050232,0.906000018119812,0.6047000288963318
YOL083W,YJL082W,0,-1.8797944,0.13028472661972046,0.906000018119812,0.6047999858856201
YMR074C,YHL035C,0,-1.8798275,0.1302659958600998,0.906000018119812,0.6049000024795532
YER010C,YBR223C,0,-1.8799844,0.13024726510047913,0.906000018119812,0.6050000190734863
YGR029W,YNL287W,0,-1.8801805,0.13022854924201965,0.906000018119812,0.6050999760627747
YLR417W,YHL021C,0,-1.8802917,0.13020983338356018,0.906000018119812,0.6051999926567078
YFR046C,YPL021W,0,-1.8802956,0.1301911175251007,0.906000018119812,0.6053000092506409
YDR031W,YHL042W,0,-1.8803114,0.13017241656780243,0.906000018119812,0.605400025844574
YML132W,YPL062W,0,-1.880378,0.13015371561050415,0.906000018119812,0.6054999828338623
YHR128W,YDL138W,0,-1.8803892,0.13013501465320587,0.906000018119812,0.6055999994277954
YDR126W,YMR186W,0,-1.8803992,0.1301163285970688,0.906000018119812,0.6057000160217285
YPL226W,YNL215W,0,-1.8805362,0.1300976425409317,0.906000018119812,0.6057999730110168
YAL035W,YJL171C,0,-1.8807288,0.1300789713859558,0.906000018119812,0.60589998960495
YKL191W,YPL052W,1,-1.8807348,0.13020384311676025,0.9070000052452087,0.60589998960495
YOL022C,YBR081C,0,-1.8808173,0.13018515706062317,0.9070000052452087,0.6060000061988831
YLR141W,YMR295C,0,-1.8808877,0.13016647100448608,0.9070000052452087,0.6061000227928162
YIL165C,YKR003W,0,-1.880913,0.1301477998495102,0.9070000052452087,0.6061999797821045
YGL178W,YDR106W,0,-1.881397,0.1301291286945343,0.9070000052452087,0.6062999963760376
YBR085W,YDR224C,0,-1.881484,0.1301104575395584,0.9070000052452087,0.6064000129699707
YOR287C,YKL043W,0,-1.8815553,0.1300918012857437,0.9070000052452087,0.6065000295639038
YDR222W,YBR302C,0,-1.8817198,0.13007314503192902,0.9070000052452087,0.6065999865531921
YEL015W,YBR186W,0,-1.8817725,0.13005448877811432,0.9070000052452087,0.6067000031471252
YMR315W,YER060W-A,0,-1.8818623,0.13003584742546082,0.9070000052452087,0.6068000197410583
YMR024W,YDR333C,1,-1.8819865,0.13016055524349213,0.9079999923706055,0.6068000197410583
YPR007C,YHR210C,0,-1.8819876,0.13014189898967743,0.9079999923706055,0.6068999767303467
YNL014W,YFR009W,1,-1.8819935,0.13026654720306396,0.9089999794960022,0.6068999767303467
YPL220W,YCR021C,0,-1.8820479,0.13024789094924927,0.9089999794960022,0.6069999933242798
YPL187W,YER082C,0,-1.8823097,0.13022921979427338,0.9089999794960022,0.6071000099182129
YOR368W,YJR152W,0,-1.8823225,0.13021057844161987,0.9089999794960022,0.607200026512146
YGL105W,YDL224C,0,-1.8825822,0.13019192218780518,0.9089999794960022,0.6072999835014343
YNR016C,YHR141C,0,-1.8826878,0.13017328083515167,0.9089999794960022,0.6074000000953674
YOR077W,YPR042C,0,-1.8826897,0.13015463948249817,0.9089999794960022,0.6075000166893005
YDR166C,YFR006W,0,-1.8827604,0.13013601303100586,0.9089999794960022,0.6075999736785889
YGR054W,YDR463W,0,-1.8829288,0.13011737167835236,0.9089999794960022,0.607699990272522
YLR063W,YML038C,0,-1.8829415,0.13009876012802124,0.9089999794960022,0.6078000068664551
YBL060W,YJL006C,0,-1.8831981,0.13008013367652893,0.9089999794960022,0.6079000234603882
YJR044C,YPL056C,0,-1.8835858,0.13006152212619781,0.9089999794960022,0.6079999804496765
YBL095W,YER117W,0,-1.8837802,0.1300429254770279,0.9089999794960022,0.6080999970436096
YHR107C,YPR058W,0,-1.883851,0.13002431392669678,0.9089999794960022,0.6082000136375427
YML007W,YDR291W,0,-1.8839164,0.13000571727752686,0.9089999794960022,0.608299970626831
YBL092W,YJR052W,0,-1.8839186,0.12998713552951813,0.9089999794960022,0.6083999872207642
YHR050W,YJR158W,0,-1.8842037,0.1299685388803482,0.9089999794960022,0.6085000038146973
YLR393W,YDR407C,0,-1.8842466,0.12994995713233948,0.9089999794960022,0.6086000204086304
YGR209C,YJR042W,0,-1.8842713,0.12993139028549194,0.9089999794960022,0.6086999773979187
YEL043W,YIL105C,0,-1.8844159,0.1299128234386444,0.9089999794960022,0.6087999939918518
YNR031C,YGR029W,0,-1.8848103,0.12989425659179688,0.9089999794960022,0.6089000105857849
YER161C,YCL063W,0,-1.8849722,0.12987568974494934,0.9089999794960022,0.609000027179718
YGR165W,YPR003C,0,-1.8850002,0.129857137799263,0.9089999794960022,0.6090999841690063
YGR173W,YER066W,0,-1.8850222,0.12983860075473785,0.9089999794960022,0.6092000007629395
YKR097W,YPR073C,0,-1.8852898,0.1298200488090515,0.9089999794960022,0.6093000173568726
YOR357C,YOL128C,0,-1.8856053,0.12980151176452637,0.9089999794960022,0.6093999743461609
YMR188C,YMR095C,0,-1.885631,0.12978297472000122,0.9089999794960022,0.609499990940094
YBL074C,YIL160C,0,-1.8858123,0.12976445257663727,0.9089999794960022,0.6096000075340271
YIL111W,YBL080C,0,-1.8862889,0.12974593043327332,0.9089999794960022,0.6097000241279602
YGR201C,YOR133W,1,-1.8868887,0.12987013161182404,0.9100000262260437,0.6097000241279602
YIL127C,YJR049C,0,-1.8869735,0.1298515945672989,0.9100000262260437,0.6097999811172485
YGL087C,YBR211C,0,-1.8870041,0.12983307242393494,0.9100000262260437,0.6098999977111816
YBR129C,YIL044C,0,-1.8870536,0.12981455028057098,0.9100000262260437,0.6100000143051147
YGL173C,YHR031C,0,-1.8870735,0.12979602813720703,0.9100000262260437,0.6100999712944031
YKR097W,YFR014C,0,-1.8870876,0.12977752089500427,0.9100000262260437,0.6101999878883362
YDR056C,YMR088C,0,-1.8871413,0.1297590136528015,0.9100000262260437,0.6103000044822693
YDL091C,YOR204W,0,-1.8873296,0.12974052131175995,0.9100000262260437,0.6104000210762024
YOR243C,YJL145W,0,-1.8873518,0.12972202897071838,0.9100000262260437,0.6104999780654907
YPL129W,YJR010W,0,-1.8874576,0.12970353662967682,0.9100000262260437,0.6105999946594238
YKL165C,YOL017W,0,-1.8877177,0.12968504428863525,0.9100000262260437,0.6107000112533569
YGR205W,YNL124W,0,-1.8878154,0.12966656684875488,0.9100000262260437,0.61080002784729
YDL210W,YMR241W,0,-1.8879335,0.1296481043100357,0.9100000262260437,0.6108999848365784
YEL041W,YMR031C,0,-1.8879902,0.12962962687015533,0.9100000262260437,0.6110000014305115
YDL229W,YPL009C,1,-1.8884256,0.12975358963012695,0.9110000133514404,0.6110000014305115
YER070W,YOR371C,0,-1.8890092,0.12973511219024658,0.9110000133514404,0.6111000180244446
YHR076W,YNR026C,0,-1.8891568,0.1297166496515274,0.9110000133514404,0.6111999750137329
YGL158W,YBR114W,0,-1.889287,0.12969817221164703,0.9110000133514404,0.611299991607666
YPL171C,YGL222C,0,-1.8893136,0.12967970967292786,0.9110000133514404,0.6114000082015991
YPR145W,YDL027C,0,-1.8893628,0.12966126203536987,0.9110000133514404,0.6115000247955322
YOL159C,YHL039W,0,-1.8895209,0.1296427994966507,0.9110000133514404,0.6115999817848206
YKL207W,YKL112W,0,-1.8895291,0.1296243667602539,0.9110000133514404,0.6116999983787537
YKR069W,YLR103C,0,-1.8896871,0.12960591912269592,0.9110000133514404,0.6118000149726868
YEL059C-A,YPR027C,0,-1.8897457,0.12958748638629913,0.9110000133514404,0.6118999719619751
YAL003W,YDL197C,0,-1.8898264,0.12956905364990234,0.9110000133514404,0.6119999885559082
YPL186C,YHR141C,0,-1.8905103,0.12955062091350555,0.9110000133514404,0.6121000051498413
YMR104C,YNL279W,0,-1.8905355,0.12953220307826996,0.9110000133514404,0.6122000217437744
YDL245C,YLR386W,0,-1.8905535,0.12951378524303436,0.9110000133514404,0.6122999787330627
YBR145W,YBR204C,0,-1.8908588,0.12949538230895996,0.9110000133514404,0.6123999953269958
YIL118W,YHR186C,0,-1.8908715,0.12947697937488556,0.9110000133514404,0.612500011920929
YDL159W,YMR060C,0,-1.8911144,0.12945857644081116,0.9110000133514404,0.6126000285148621
YKR001C,YLR191W,0,-1.8912078,0.12944018840789795,0.9110000133514404,0.6126999855041504
YKL028W,YHR024C,0,-1.8912443,0.12942178547382355,0.9110000133514404,0.6128000020980835
YKR038C,YDR100W,0,-1.8913909,0.12940341234207153,0.9110000133514404,0.6129000186920166
YFL037W,YPL192C,0,-1.8914533,0.12938502430915833,0.9110000133514404,0.6129999756813049
YLR381W,YDR285W,0,-1.891718,0.1293666511774063,0.9110000133514404,0.613099992275238
YAR020C,YOR008C,0,-1.8917677,0.1293482929468155,0.9110000133514404,0.6132000088691711
YJL161W,YMR121C,0,-1.8918943,0.12932991981506348,0.9110000133514404,0.6133000254631042
YMR016C,YIR028W,0,-1.8919811,0.12931156158447266,0.9110000133514404,0.6133999824523926
YJL116C,YMR128W,0,-1.8920138,0.12929321825504303,0.9110000133514404,0.6134999990463257
YGR211W,YHR209W,0,-1.8924303,0.1292748749256134,0.9110000133514404,0.6136000156402588
YGL140C,YBR008C,0,-1.8925643,0.12925653159618378,0.9110000133514404,0.6136999726295471
YLR226W,YLL010C,0,-1.892634,0.12923818826675415,0.9110000133514404,0.6137999892234802
YOR394W,YLR363C,0,-1.8926809,0.12921985983848572,0.9110000133514404,0.6139000058174133
YDR303C,YCL057W,0,-1.8928173,0.12920153141021729,0.9110000133514404,0.6140000224113464
YNL074C,YGR243W,0,-1.89292,0.12918321788311005,0.9110000133514404,0.6140999794006348
YDR298C,YBR272C,0,-1.8931192,0.1291648894548416,0.9110000133514404,0.6141999959945679
YGR209C,YPL178W,0,-1.8932767,0.12914659082889557,0.9110000133514404,0.614300012588501
YFR051C,YBR039W,0,-1.8934915,0.12912827730178833,0.9110000133514404,0.6144000291824341
YHR060W,YOR208W,0,-1.8937268,0.12910997867584229,0.9110000133514404,0.6144999861717224
YDR411C,YNR060W,0,-1.8937376,0.12909168004989624,0.9110000133514404,0.6146000027656555
YML061C,YCL014W,0,-1.8937585,0.1290733963251114,0.9110000133514404,0.6147000193595886
YJL014W,YNL052W,0,-1.8939123,0.12905511260032654,0.9110000133514404,0.614799976348877
YKL201C,YKL001C,0,-1.894084,0.1290368288755417,0.9110000133514404,0.6148999929428101
YGR266W,YPR153W,0,-1.8941201,0.12901856005191803,0.9110000133514404,0.6150000095367432
YHR200W,YGL070C,0,-1.894433,0.12900027632713318,0.9110000133514404,0.6151000261306763
YER127W,YFR015C,0,-1.8945708,0.12898202240467072,0.9110000133514404,0.6151999831199646
YHR105W,YOR042W,0,-1.8945938,0.12896375358104706,0.9110000133514404,0.6152999997138977
YNL246W,YGL233W,0,-1.8948638,0.1289454996585846,0.9110000133514404,0.6154000163078308
YEL034W,YBR012W-B,0,-1.8951182,0.12892726063728333,0.9110000133514404,0.6154999732971191
YDR539W,YOR106W,0,-1.8951726,0.12890900671482086,0.9110000133514404,0.6155999898910522
YJL204C,YOR285W,0,-1.8951876,0.1288907825946808,0.9110000133514404,0.6157000064849854
YJR094C,YOL063C,0,-1.8952533,0.12887254357337952,0.9110000133514404,0.6158000230789185
YBR265W,YNL106C,0,-1.8952622,0.12885431945323944,0.9110000133514404,0.6158999800682068
YJR134C,YGR028W,0,-1.8955398,0.12883609533309937,0.9110000133514404,0.6159999966621399
YLR011W,YPR153W,0,-1.8959035,0.1288178712129593,0.9110000133514404,0.616100013256073
YDR160W,YDR248C,0,-1.8959053,0.1287996619939804,0.9110000133514404,0.6161999702453613
YMR052W,YPL269W,0,-1.8959346,0.12878145277500153,0.9110000133514404,0.6162999868392944
YOR307C,YNL224C,0,-1.8962269,0.12876324355602264,0.9110000133514404,0.6164000034332275
YKL213C,YNL315C,0,-1.8962598,0.12874504923820496,0.9110000133514404,0.6165000200271606
YBR132C,YGR075C,0,-1.896436,0.12872685492038727,0.9110000133514404,0.616599977016449
YPL055C,YHR064C,0,-1.8965006,0.12870867550373077,0.9110000133514404,0.6166999936103821
YOL096C,YKR085C,0,-1.896534,0.12869049608707428,0.9110000133514404,0.6168000102043152
YKL043W,YOR346W,0,-1.8965394,0.12867231667041779,0.9110000133514404,0.6169000267982483
YBR247C,YNL113W,0,-1.8965882,0.12865415215492249,0.9110000133514404,0.6169999837875366
YHR018C,YGR197C,0,-1.8967047,0.128635972738266,0.9110000133514404,0.6171000003814697
YPL048W,YKR084C,1,-1.896952,0.1287589967250824,0.9120000004768372,0.6171000003814697
YBR219C,YMR091C,0,-1.8970206,0.1287408173084259,0.9120000004768372,0.6172000169754028
YGR183C,YLR064W,0,-1.8972086,0.1287226527929306,0.9120000004768372,0.6172999739646912
YJL087C,YJL020C,0,-1.8973835,0.1287044882774353,0.9120000004768372,0.6173999905586243
YNR017W,YIL138C,0,-1.8973908,0.12868632376194,0.9120000004768372,0.6175000071525574
YMR174C,YLR373C,0,-1.8976667,0.1286681741476059,0.9120000004768372,0.6176000237464905
YDR205W,YMR229C,0,-1.897672,0.1286500245332718,0.9120000004768372,0.6176999807357788
YGR076C,YER048C,0,-1.8977702,0.12863187491893768,0.9120000004768372,0.6177999973297119
YDR451C,YFL021W,0,-1.8981445,0.12861374020576477,0.9120000004768372,0.617900013923645
YMR307W,YHR050W,0,-1.8986841,0.12859560549259186,0.9120000004768372,0.6179999709129333
YDR429C,YPR157W,0,-1.8987086,0.12857747077941895,0.9120000004768372,0.6180999875068665
YMR028W,YDR338C,0,-1.8989501,0.12855935096740723,0.9120000004768372,0.6182000041007996
YDR109C,YOL097C,0,-1.8992164,0.1285412311553955,0.9120000004768372,0.6183000206947327
YJR093C,YNL307C,0,-1.8994951,0.1285231113433838,0.9120000004768372,0.618399977684021
YOR060C,YGL151W,0,-1.8995264,0.12850500643253326,0.9120000004768372,0.6184999942779541
YML112W,YAL060W,0,-1.8995395,0.12848690152168274,0.9120000004768372,0.6186000108718872
YAL047C,YKL132C,0,-1.8995982,0.12846879661083221,0.9120000004768372,0.6187000274658203
YGL110C,YAL035W,0,-1.8996394,0.12845070660114288,0.9120000004768372,0.6187999844551086
YJL003W,YER149C,0,-1.899702,0.12843261659145355,0.9120000004768372,0.6189000010490417
YDR326C,YDR056C,0,-1.8997766,0.12841452658176422,0.9120000004768372,0.6190000176429749
YOR159C,YNR009W,0,-1.8998878,0.12839645147323608,0.9120000004768372,0.6190999746322632
YOR070C,YGR060W,0,-1.8999797,0.12837837636470795,0.9120000004768372,0.6191999912261963
YAR009C,YNL078W,0,-1.9000598,0.128360316157341,0.9120000004768372,0.6193000078201294
YMR195W,YNL191W,0,-1.9001129,0.12834224104881287,0.9120000004768372,0.6194000244140625
YNL044W,YPL040C,0,-1.900233,0.12832418084144592,0.9120000004768372,0.6194999814033508
YLR214W,YPR198W,0,-1.9002674,0.12830613553524017,0.9120000004768372,0.6195999979972839
YCR048W,YPR121W,0,-1.900279,0.12828809022903442,0.9120000004768372,0.619700014591217
YNL227C,YOR056C,0,-1.900531,0.12827004492282867,0.9120000004768372,0.6197999715805054
YOR382W,YMR322C,0,-1.9009206,0.12825199961662292,0.9120000004768372,0.6198999881744385
YBR262C,YOR150W,0,-1.9009387,0.12823396921157837,0.9120000004768372,0.6200000047683716
YGR213C,YMR214W,0,-1.9010065,0.1282159388065338,0.9120000004768372,0.6201000213623047
YJL184W,YLR384C,0,-1.9012139,0.12819792330265045,0.9120000004768372,0.620199978351593
YPL127C,YEL013W,0,-1.9014785,0.1281799077987671,0.9120000004768372,0.6202999949455261
YKL035W,YLR058C,0,-1.9015273,0.12816189229488373,0.9120000004768372,0.6204000115394592
YER172C,YPL169C,0,-1.9016546,0.12814387679100037,0.9120000004768372,0.6205000281333923
YDL143W,YLR133W,0,-1.9016939,0.1281258761882782,0.9120000004768372,0.6205999851226807
YBR059C,YML112W,0,-1.9017317,0.12810787558555603,0.9120000004768372,0.6207000017166138
YOR075W,YDR486C,0,-1.901763,0.12808988988399506,0.9120000004768372,0.6208000183105469
YDR219C,YML055W,0,-1.9018534,0.12807190418243408,0.9120000004768372,0.6208999752998352
YIL106W,YPL129W,0,-1.9018552,0.1280539184808731,0.9120000004768372,0.6209999918937683
YOL152W,YDR169C,0,-1.9019514,0.12803593277931213,0.9120000004768372,0.6211000084877014
YBR106W,YNL305C,0,-1.9020647,0.12801796197891235,0.9120000004768372,0.6212000250816345
YGL139W,YIL106W,0,-1.9020698,0.12800000607967377,0.9120000004768372,0.6212999820709229
YKL162C,YDR116C,0,-1.9021062,0.127982035279274,0.9120000004768372,0.621399998664856
YML056C,YOR393W,0,-1.902259,0.1279640793800354,0.9120000004768372,0.6215000152587891
YKR054C,YML059C,0,-1.9024277,0.12794612348079681,0.9120000004768372,0.6215999722480774
YKL139W,YER104W,0,-1.9027025,0.12792818248271942,0.9120000004768372,0.6216999888420105
YIL042C,YEL012W,0,-1.9028255,0.12791024148464203,0.9120000004768372,0.6218000054359436
YLR148W,YHL025W,0,-1.9029226,0.12789230048656464,0.9120000004768372,0.6219000220298767
YBR010W,YNR009W,0,-1.9032731,0.12787437438964844,0.9120000004768372,0.621999979019165
YAL015C,YIL139C,0,-1.9035325,0.12785644829273224,0.9120000004768372,0.6220999956130981
YNL190W,YLR063W,0,-1.9035375,0.12783852219581604,0.9120000004768372,0.6222000122070312
YHR103W,YOR328W,0,-1.9035555,0.12782059609889984,0.9120000004768372,0.6223000288009644
YBR082C,YLL033W,0,-1.9036701,0.12780268490314484,0.9120000004768372,0.6223999857902527
YKL062W,YPL103C,0,-1.9037303,0.12778478860855103,0.9120000004768372,0.6225000023841858
YIL061C,YDL199C,0,-1.9037887,0.12776687741279602,0.9120000004768372,0.6226000189781189
YBR215W,YIL042C,0,-1.9037912,0.1277489811182022,0.9120000004768372,0.6226999759674072
YPR094W,YGR136W,0,-1.9038131,0.1277310997247696,0.9120000004768372,0.6227999925613403
YOR093C,YOR321W,0,-1.9038215,0.12771320343017578,0.9120000004768372,0.6229000091552734
YDR392W,YNL045W,0,-1.9039209,0.12769532203674316,0.9120000004768372,0.6230000257492065
YFL060C,YBR036C,0,-1.9039525,0.12767744064331055,0.9120000004768372,0.6230999827384949
YCR098C,YLR377C,0,-1.9040382,0.12765957415103912,0.9120000004768372,0.623199999332428
YHR108W,YCL067C,0,-1.9041324,0.1276417076587677,0.9120000004768372,0.6233000159263611
YBL026W,YIL165C,0,-1.9042065,0.12762384116649628,0.9120000004768372,0.6233999729156494
YLR170C,YLR262C-A,0,-1.9043548,0.12760598957538605,0.9120000004768372,0.6234999895095825
YJL163C,YLR174W,0,-1.9045748,0.12758813798427582,0.9120000004768372,0.6236000061035156
YOR194C,YPL203W,0,-1.9047031,0.1275702863931656,0.9120000004768372,0.6237000226974487
YCR053W,YPR141C,0,-1.9047754,0.12755244970321655,0.9120000004768372,0.6237999796867371
YML112W,YNL066W,0,-1.9049945,0.12753461301326752,0.9120000004768372,0.6238999962806702
YNL320W,YCR057C,0,-1.905086,0.12751677632331848,0.9120000004768372,0.6240000128746033
YNL307C,YDR237W,0,-1.9053757,0.12749895453453064,0.9120000004768372,0.6241000294685364
YDL123W,YER118C,0,-1.9057219,0.1274811327457428,0.9120000004768372,0.6241999864578247
YML088W,YPR184W,0,-1.9058378,0.12746331095695496,0.9120000004768372,0.6243000030517578
YOR202W,YDL170W,0,-1.9058461,0.1274455040693283,0.9120000004768372,0.6244000196456909
YDR101C,YJL069C,0,-1.9059308,0.12742769718170166,0.9120000004768372,0.6244999766349792
YPL214C,YKL207W,0,-1.9062049,0.127409890294075,0.9120000004768372,0.6245999932289124
YOL077C,YDR368W,0,-1.9063443,0.12739209830760956,0.9120000004768372,0.6247000098228455
YMR171C,YMR220W,0,-1.9066495,0.1273743063211441,0.9120000004768372,0.6248000264167786
YER008C,YGL228W,0,-1.907079,0.12735651433467865,0.9120000004768372,0.6248999834060669
YCR017C,YMR167W,0,-1.9071999,0.1273387372493744,0.9120000004768372,0.625
YKR099W,YHR100C,0,-1.9072784,0.12732096016407013,0.9120000004768372,0.6251000165939331
YOR195W,YIR037W,0,-1.9073087,0.12730318307876587,0.9120000004768372,0.6251999735832214
YJR143C,YPL168W,0,-1.9073308,0.1272854208946228,0.9120000004768372,0.6252999901771545
YPR165W,YDR423C,0,-1.9076085,0.12726765871047974,0.9120000004768372,0.6254000067710876
YIR036C,YER083C,0,-1.9077812,0.12724989652633667,0.9120000004768372,0.6255000233650208
YJL014W,YIR023W,0,-1.907798,0.1272321492433548,0.9120000004768372,0.6255999803543091
YJL110C,YBR122C,0,-1.9081445,0.12721440196037292,0.9120000004768372,0.6256999969482422
YLR060W,YJR040W,0,-1.9083925,0.12719665467739105,0.9120000004768372,0.6258000135421753
YIL139C,YMR052W,0,-1.9087214,0.12717892229557037,0.9120000004768372,0.6258999705314636
YOR349W,YBR250W,0,-1.9089278,0.1271611750125885,0.9120000004768372,0.6259999871253967
YOL119C,YMR174C,0,-1.9090396,0.12714345753192902,0.9120000004768372,0.6261000037193298
YFL051C,YFL054C,0,-1.9090629,0.12712572515010834,0.9120000004768372,0.6262000203132629
YBL105C,YDR197W,0,-1.9091723,0.12710800766944885,0.9120000004768372,0.6262999773025513
YGR230W,YDR522C,0,-1.9091964,0.12709030508995056,0.9120000004768372,0.6263999938964844
YKL195W,YER094C,0,-1.9092321,0.12707258760929108,0.9120000004768372,0.6265000104904175
YJL014W,YDR067C,0,-1.9094242,0.12705488502979279,0.9120000004768372,0.6266000270843506
YPL048W,YGR201C,1,-1.9095178,0.12717649340629578,0.9129999876022339,0.6266000270843506
YLR181C,YJL024C,0,-1.9095812,0.1271587759256363,0.9129999876022339,0.6266999840736389
YDR378C,YNL091W,0,-1.9097977,0.127141073346138,0.9129999876022339,0.626800000667572
YPL213W,YGR285C,0,-1.9100114,0.1271233707666397,0.9129999876022339,0.6269000172615051
YFL053W,YDR251W,0,-1.910034,0.12710566818714142,0.9129999876022339,0.6269999742507935
YOR369C,YCR007C,0,-1.9100997,0.12708798050880432,0.9129999876022339,0.6270999908447266
YHL031C,YBR235W,0,-1.9102098,0.12707027792930603,0.9129999876022339,0.6272000074386597
YOR205C,YLR218C,0,-1.9104139,0.12705260515213013,0.9129999876022339,0.6273000240325928
YBR216C,YIL173W,0,-1.9105022,0.12703491747379303,0.9129999876022339,0.6273999810218811
YLR241W,YPR139C,0,-1.9105251,0.12701724469661713,0.9129999876022339,0.6274999976158142
YPL241C,YKL204W,0,-1.91074,0.12699958682060242,0.9129999876022339,0.6276000142097473
YLR064W,YKL016C,0,-1.9107606,0.1269819140434265,0.9129999876022339,0.6276999711990356
YNL335W,YBL038W,0,-1.9108076,0.1269642561674118,0.9129999876022339,0.6277999877929688
YBL105C,YJL093C,0,-1.9108126,0.1269466131925583,0.9129999876022339,0.6279000043869019
YFR020W,YOR147W,0,-1.9109566,0.12692895531654358,0.9129999876022339,0.628000020980835
YLR229C,YCL034W,0,-1.9110291,0.12691131234169006,0.9129999876022339,0.6280999779701233
YER111C,YIL089W,0,-1.9112616,0.12689366936683655,0.9129999876022339,0.6281999945640564
YGL263W,YPL106C,0,-1.9112673,0.12687604129314423,0.9129999876022339,0.6283000111579895
YOR036W,YMR211W,0,-1.9114214,0.1268584132194519,0.9129999876022339,0.6284000277519226
YBR128C,YER048C,0,-1.9114497,0.12684078514575958,0.9129999876022339,0.6284999847412109
YER123W,YML109W,0,-1.9116485,0.12682317197322845,0.9129999876022339,0.628600001335144
YOR369C,YFL030W,0,-1.9116968,0.12680555880069733,0.9129999876022339,0.6287000179290771
YJL112W,YMR039C,0,-1.9123228,0.1267879456281662,0.9129999876022339,0.6287999749183655
YOR226C,YJL185C,0,-1.9123971,0.12677034735679626,0.9129999876022339,0.6288999915122986
YIL050W,YPL145C,0,-1.912936,0.12675274908542633,0.9129999876022339,0.6290000081062317
YGL225W,YJL020C,0,-1.9129968,0.1267351508140564,0.9129999876022339,0.6291000247001648
YCL073C,YOR025W,0,-1.913091,0.12671755254268646,0.9129999876022339,0.6291999816894531
YDR497C,YNL100W,0,-1.9132136,0.12669996917247772,0.9129999876022339,0.6292999982833862
YGL025C,YOR391C,0,-1.9133594,0.12668238580226898,0.9129999876022339,0.6294000148773193
YHR084W,YLL021W,0,-1.9134622,0.12666481733322144,0.9129999876022339,0.6294999718666077
YHR214C-B,YCL058C,0,-1.9135848,0.1266472488641739,0.9129999876022339,0.6295999884605408
YMR192W,YCR079W,0,-1.9139075,0.12662968039512634,0.9129999876022339,0.6297000050544739
YDR222W,YPL082C,0,-1.9139836,0.12661212682724,0.9129999876022339,0.629800021648407
YLR421C,YGR102C,0,-1.9140433,0.12659455835819244,0.9129999876022339,0.6298999786376953
YDR117C,YMR240C,0,-1.914069,0.12657701969146729,0.9129999876022339,0.6299999952316284
YOR288C,YLR237W,0,-1.9141184,0.12655946612358093,0.9129999876022339,0.6301000118255615
YGR053C,YOL032W,0,-1.9145103,0.12654192745685577,0.9129999876022339,0.6302000284194946
YLR451W,YOR068C,0,-1.9149209,0.12652438879013062,0.9129999876022339,0.630299985408783
YNL148C,YIL085C,0,-1.9150711,0.12650686502456665,0.9129999876022339,0.6304000020027161
YJL167W,YEL024W,0,-1.9151456,0.1264893263578415,0.9129999876022339,0.6305000185966492
YOL044W,YCR091W,0,-1.9152212,0.12647181749343872,0.9129999876022339,0.6305999755859375
YJL145W,YGL051W,0,-1.9152663,0.12645429372787476,0.9129999876022339,0.6306999921798706
YOL097C,YDR147W,0,-1.9154091,0.12643678486347198,0.9129999876022339,0.6308000087738037
YLR347C,YKR096W,0,-1.9154108,0.1264192759990692,0.9129999876022339,0.6309000253677368
YHR134W,YDR473C,0,-1.9154373,0.12640176713466644,0.9129999876022339,0.6309999823570251
YNL263C,YDL214C,0,-1.91553,0.12638427317142487,0.9129999876022339,0.6310999989509583
YDL193W,YBR283C,0,-1.9157243,0.1263667792081833,0.9129999876022339,0.6312000155448914
YKR069W,YBR278W,0,-1.9159096,0.1263493001461029,0.9129999876022339,0.6312999725341797
YML068W,YEL020W-A,0,-1.916044,0.12633180618286133,0.9129999876022339,0.6313999891281128
YNL014W,YDR266C,1,-1.9161949,0.12645268440246582,0.9139999747276306,0.6313999891281128
YIL062C,YFR046C,0,-1.916245,0.12643519043922424,0.9139999747276306,0.6315000057220459
YKR076W,YLR421C,0,-1.9163218,0.12641771137714386,0.9139999747276306,0.631600022315979
YML085C,YMR287C,0,-1.9165623,0.12640021741390228,0.9139999747276306,0.6316999793052673
YJL083W,YPL226W,0,-1.9166825,0.1263827383518219,0.9139999747276306,0.6317999958992004
YPL086C,YHR053C,0,-1.9170619,0.1263652741909027,0.9139999747276306,0.6319000124931335
YPR157W,YGL137W,0,-1.9171716,0.12634779512882233,0.9139999747276306,0.6320000290870667
YDR322C-A,YJL127C-B,0,-1.9173933,0.12633034586906433,0.9139999747276306,0.632099986076355
YNL014W,YOL039W,1,-1.9175165,0.12645107507705688,0.9150000214576721,0.632099986076355
YDL067C,YDR291W,0,-1.9175652,0.1264336109161377,0.9150000214576721,0.6322000026702881
YOR157C,YPL162C,0,-1.917769,0.1264161318540573,0.9150000214576721,0.6323000192642212
YJL172W,YGL250W,0,-1.917996,0.12639866769313812,0.9150000214576721,0.6323999762535095
YCL024W,YDR352W,0,-1.9180356,0.12638121843338013,0.9150000214576721,0.6324999928474426
YIL088C,YBR279W,0,-1.9181616,0.12636376917362213,0.9150000214576721,0.6326000094413757
YMR316W,YMR308C,0,-1.9183184,0.12634631991386414,0.9150000214576721,0.6327000260353088
YDR534C,YDR436W,0,-1.9185245,0.12632887065410614,0.9150000214576721,0.6327999830245972
YKR051W,YGR123C,0,-1.9192038,0.12631143629550934,0.9150000214576721,0.6328999996185303
YDR052C,YHL012W,0,-1.9193201,0.12629400193691254,0.9150000214576721,0.6330000162124634
YOR337W,YCL064C,0,-1.9195564,0.12627656757831573,0.9150000214576721,0.6330999732017517
YOL116W,YFL034W,0,-1.9196088,0.12625914812088013,0.9150000214576721,0.6331999897956848
YML067C,YLR059C,0,-1.9197196,0.12624172866344452,0.9150000214576721,0.6333000063896179
YDR142C,YLR081W,0,-1.9198375,0.1262243092060089,0.9150000214576721,0.633400022983551
YCL030C,YGR131W,0,-1.9199833,0.1262068897485733,0.9150000214576721,0.6334999799728394
YPL082C,YDL167C,0,-1.9204705,0.1261894851922989,0.9150000214576721,0.6335999965667725
YGR013W,YOR181W,0,-1.920642,0.12617209553718567,0.9150000214576721,0.6337000131607056
YDR310C,YOR003W,0,-1.9206506,0.12615469098091125,0.9150000214576721,0.6338000297546387
YPL214C,YMR204C,0,-1.9208126,0.12613730132579803,0.9150000214576721,0.633899986743927
YDR059C,YHR160C,0,-1.9208398,0.12611991167068481,0.9150000214576721,0.6340000033378601
YGR141W,YPL086C,0,-1.9209332,0.1261025369167328,0.9150000214576721,0.6341000199317932
YLR246W,YNR065C,0,-1.9209987,0.12608516216278076,0.9150000214576721,0.6341999769210815
YMR156C,YIL064W,0,-1.9210026,0.12606778740882874,0.9150000214576721,0.6342999935150146
YLR310C,YDR479C,0,-1.9214218,0.1260504275560379,0.9150000214576721,0.6344000101089478
YEL058W,YNL160W,0,-1.9215719,0.12603305280208588,0.9150000214576721,0.6345000267028809
YFR040W,YJR135W-A,0,-1.921589,0.12601569294929504,0.9150000214576721,0.6345999836921692
YJL046W,YER103W,0,-1.9216261,0.1259983479976654,0.9150000214576721,0.6347000002861023
YJL179W,YFR006W,0,-1.9216864,0.12598100304603577,0.9150000214576721,0.6348000168800354
YGL162W,YNR044W,0,-1.9219022,0.12596365809440613,0.9150000214576721,0.6348999738693237
YOR009W,YPR079W,0,-1.9219035,0.1259463131427765,0.9150000214576721,0.6349999904632568
YGL099W,YCR098C,0,-1.9219093,0.12592898309230804,0.9150000214576721,0.6351000070571899
YOR349W,YBR175W,0,-1.9219394,0.1259116530418396,0.9150000214576721,0.635200023651123
YKL218C,YNL053W,0,-1.9219999,0.12589433789253235,0.9150000214576721,0.6352999806404114
YMR188C,YER027C,0,-1.9220445,0.1258770078420639,0.9150000214576721,0.6353999972343445
YKL107W,YDR450W,0,-1.9223733,0.12585969269275665,0.9150000214576721,0.6355000138282776
YLR141W,YJL036W,0,-1.9226207,0.1258423924446106,0.9150000214576721,0.6355999708175659
YDL085W,YFR003C,0,-1.9226683,0.12582507729530334,0.9150000214576721,0.635699987411499
YLR453C,YNL064C,0,-1.9227312,0.1258077770471573,0.9150000214576721,0.6358000040054321
YBR276C,YDR073W,0,-1.9228425,0.12579049170017242,0.9150000214576721,0.6359000205993652
YOL059W,YPR079W,0,-1.9228959,0.12577319145202637,0.9150000214576721,0.6359999775886536
YNL094W,YMR039C,0,-1.9229438,0.1257559061050415,0.9150000214576721,0.6360999941825867
YDL143W,YNL176C,0,-1.9230824,0.12573863565921783,0.9150000214576721,0.6362000107765198
YJR015W,YNL148C,0,-1.9231775,0.12572135031223297,0.9150000214576721,0.6363000273704529
YPR189W,YBR114W,0,-1.9234092,0.1257040798664093,0.9150000214576721,0.6363999843597412
YAL019W,YJL036W,0,-1.92342,0.12568680942058563,0.9150000214576721,0.6365000009536743
YPL123C,YBR166C,0,-1.9234805,0.12566955387592316,0.9150000214576721,0.6366000175476074
YKL064W,YGR081C,0,-1.9235408,0.12565229833126068,0.9150000214576721,0.6366999745368958
YFR018C,YPL237W,0,-1.9239028,0.1256350427865982,0.9150000214576721,0.6367999911308289
YGL057C,YJL166W,0,-1.9243836,0.12561778724193573,0.9150000214576721,0.636900007724762
YLR107W,YDL167C,0,-1.9246001,0.12560054659843445,0.9150000214576721,0.6370000243186951
YPL055C,YDL212W,0,-1.9247818,0.12558330595493317,0.9150000214576721,0.6370999813079834
YDL193W,YGR124W,0,-1.9248526,0.12556608021259308,0.9150000214576721,0.6371999979019165
YHR140W,YHR014W,0,-1.9249568,0.125548854470253,0.9150000214576721,0.6373000144958496
YHR113W,YPL269W,0,-1.9250276,0.1255316287279129,0.9150000214576721,0.6373999714851379
YGL166W,YOR223W,0,-1.9251451,0.12551440298557281,0.9150000214576721,0.637499988079071
YOL111C,YPR101W,0,-1.9252752,0.12549719214439392,0.9150000214576721,0.6376000046730042
YDL144C,YJL054W,0,-1.9254565,0.12547998130321503,0.9150000214576721,0.6377000212669373
YDL160C,YNL063W,1,-1.925498,0.12559989094734192,0.9160000085830688,0.6377000212669373
YDR510W,YGR257C,0,-1.9256142,0.12558266520500183,0.9160000085830688,0.6377999782562256
YGL208W,YNL091W,0,-1.925637,0.12556545436382294,0.9160000085830688,0.6378999948501587
YGR181W,YOR179C,0,-1.9257045,0.12554824352264404,0.9160000085830688,0.6380000114440918
YJL057C,YJL216C,0,-1.9260894,0.12553104758262634,0.9160000085830688,0.6381000280380249
YOR076C,YLR143W,1,-1.9261644,0.12565086781978607,0.9169999957084656,0.6381000280380249
YJR057W,YBR204C,0,-1.9262419,0.12563364207744598,0.9169999957084656,0.6381999850273132
YLR209C,YMR021C,0,-1.926308,0.1256164312362671,0.9169999957084656,0.6383000016212463
YFL018C,YGL180W,0,-1.9263666,0.1255992352962494,0.9169999957084656,0.6384000182151794
YPR011C,YAL032C,0,-1.9264736,0.1255820393562317,0.9169999957084656,0.6384999752044678
YPR108W,YDR390C,0,-1.9266424,0.125564843416214,0.9169999957084656,0.6385999917984009
YER165W,YGR127W,0,-1.9269147,0.1255476474761963,0.9169999957084656,0.638700008392334
YGL247W,YMR112C,0,-1.9271019,0.1255304515361786,0.9169999957084656,0.6388000249862671
YDR481C,YPL049C,0,-1.927145,0.12551327049732208,0.9169999957084656,0.6388999819755554
YDR541C,YJR082C,0,-1.9272393,0.12549610435962677,0.9169999957084656,0.6389999985694885
YLR292C,YCR044C,0,-1.9273468,0.12547892332077026,0.9169999957084656,0.6391000151634216
YDR389W,YML099C,0,-1.9273992,0.12546175718307495,0.9169999957084656,0.63919997215271
YIL093C,YFR011C,0,-1.9274607,0.12544459104537964,0.9169999957084656,0.6392999887466431
YIL090W,YPL216W,0,-1.9275959,0.12542743980884552,0.9169999957084656,0.6394000053405762
YNL115C,YDL227C,0,-1.9279205,0.1254102885723114,0.9169999957084656,0.6395000219345093
YGR209C,YHR168W,0,-1.9279697,0.12539313733577728,0.9169999957084656,0.6395999789237976
YOR394W,YHR139C,0,-1.9281039,0.12537598609924316,0.9169999957084656,0.6396999955177307
YGL075C,YHR021C,0,-1.9283419,0.12535884976387024,0.9169999957084656,0.6398000121116638
YNR001C,YLL033W,0,-1.9283864,0.12534171342849731,0.9169999957084656,0.6399000287055969
YDR205W,YHL012W,0,-1.9285817,0.12532459199428558,0.9169999957084656,0.6399999856948853
YNL161W,YDR253C,0,-1.9286108,0.12530745565891266,0.9169999957084656,0.6401000022888184
YPL058C,YNR030W,0,-1.9286357,0.12529033422470093,0.9169999957084656,0.6402000188827515
YJL005W,YKR095W,0,-1.9287391,0.1252732276916504,0.9169999957084656,0.6402999758720398
YKR061W,YDR494W,0,-1.9287558,0.12525610625743866,0.9169999957084656,0.6403999924659729
YBR102C,YGL011C,0,-1.9288051,0.12523899972438812,0.9169999957084656,0.640500009059906
YHR002W,YBR057C,0,-1.9288614,0.12522190809249878,0.9169999957084656,0.6406000256538391
YDR439W,YOL053W,0,-1.9289231,0.12520480155944824,0.9169999957084656,0.6406999826431274
YDR222W,YER118C,0,-1.9290328,0.1251877099275589,0.9169999957084656,0.6407999992370605
YKL117W,YGL021W,0,-1.9292843,0.12517061829566956,0.9169999957084656,0.6409000158309937
YDR281C,YIL075C,0,-1.9293393,0.1251535415649414,0.9169999957084656,0.640999972820282
YDR183W,YPL153C,0,-1.9293451,0.12513646483421326,0.9169999957084656,0.6410999894142151
YDR532C,YLR104W,0,-1.929355,0.1251193881034851,0.9169999957084656,0.6412000060081482
YKR092C,YOR274W,0,-1.9295409,0.12510232627391815,0.9169999957084656,0.6413000226020813
YOR099W,YLR362W,0,-1.9296525,0.12508524954319,0.9169999957084656,0.6413999795913696
YNL014W,YML014W,1,-1.929819,0.12520457804203033,0.9179999828338623,0.6413999795913696
YDL024C,YPL270W,0,-1.9299072,0.12518750131130219,0.9179999828338623,0.6414999961853027
YGL216W,YHR004C,0,-1.9299083,0.12517043948173523,0.9179999828338623,0.6416000127792358
YHR028C,YJL093C,0,-1.9302022,0.12515337765216827,0.9179999828338623,0.641700029373169
YOR285W,YHL019C,0,-1.9303447,0.12513631582260132,0.9179999828338623,0.6417999863624573
YJR061W,YOR269W,0,-1.9304637,0.12511925399303436,0.9179999828338623,0.6419000029563904
YMR172W,YHL034C,0,-1.9307725,0.1251022070646286,0.9179999828338623,0.6420000195503235
YNR045W,YGL156W,0,-1.9307855,0.12508516013622284,0.9179999828338623,0.6420999765396118
YBR072W,YLL003W,0,-1.9311488,0.12506811320781708,0.9179999828338623,0.6421999931335449
YJR052W,YJR074W,0,-1.9313941,0.1250510811805725,0.9179999828338623,0.642300009727478
YKR023W,YDR337W,0,-1.9314284,0.12503404915332794,0.9179999828338623,0.6424000263214111
YNL079C,YHR033W,0,-1.931477,0.12501701712608337,0.9179999828338623,0.6424999833106995
YLR001C,YJL198W,0,-1.9316269,0.125,0.9179999828338623,0.6425999999046326
YHR172W,YJL221C,0,-1.9318001,0.12498298287391663,0.9179999828338623,0.6427000164985657
YFL024C,YNL053W,0,-1.9318129,0.12496596574783325,0.9179999828338623,0.642799973487854
YDL149W,YGR252W,0,-1.9320151,0.12494895607233047,0.9179999828338623,0.6428999900817871
YJR032W,YPL029W,0,-1.9320633,0.1249319538474083,0.9179999828338623,0.6430000066757202
YLR266C,YKL086W,0,-1.9320645,0.12491495162248611,0.9179999828338623,0.6431000232696533
YLR007W,YIL035C,0,-1.9321778,0.12489795684814453,0.9179999828338623,0.6431999802589417
YDR451C,YJL082W,0,-1.9322656,0.12488096952438354,0.9179999828338623,0.6432999968528748
YDR196C,YIL041W,0,-1.932266,0.12486398220062256,0.9179999828338623,0.6434000134468079
YDR520C,YPR017C,0,-1.9325756,0.12484700232744217,0.9179999828338623,0.6434999704360962
YMR186W,YBR217W,0,-1.9328085,0.12483002245426178,0.9179999828338623,0.6435999870300293
YML088W,YOR310C,0,-1.932839,0.12481305003166199,0.9179999828338623,0.6437000036239624
YIL003W,YGL114W,0,-1.9328678,0.12479608505964279,0.9179999828338623,0.6438000202178955
YLR142W,YBR273C,0,-1.9329925,0.1247791200876236,0.9179999828338623,0.6438999772071838
YJR161C,YLL061W,0,-1.9330382,0.124762162566185,0.9179999828338623,0.6439999938011169
YLR166C,YMR034C,0,-1.9331012,0.124745212495327,0.9179999828338623,0.64410001039505
YJL144W,YPL235W,0,-1.9331324,0.124728262424469,0.9179999828338623,0.6442000269889832
YHR028C,YOR081C,0,-1.933218,0.12471131980419159,0.9179999828338623,0.6442999839782715
YPR058W,YHR079C,0,-1.9333258,0.12469437718391418,0.9179999828338623,0.6444000005722046
YDL027C,YKR102W,0,-1.9334854,0.12467744201421738,0.9179999828338623,0.6445000171661377
YPR128C,YDR539W,0,-1.933537,0.12466051429510117,0.9179999828338623,0.644599974155426
YGL110C,YDR266C,1,-1.9337544,0.1247793585062027,0.9190000295639038,0.644599974155426
YDL111C,YNL155W,0,-1.933814,0.12476242333650589,0.9190000295639038,0.6446999907493591
YLR295C,YMR304W,0,-1.9338751,0.12474548816680908,0.9190000295639038,0.6448000073432922
YLR069C,YOR187W,1,-1.9341588,0.12486428022384644,0.9200000166893005,0.6448000073432922
YNR003C,YNL111C,0,-1.9347273,0.12484733015298843,0.9200000166893005,0.6449000239372253
YLR393W,YNR039C,0,-1.9347538,0.12483039498329163,0.9200000166893005,0.6449999809265137
YER148W,YBR266C,0,-1.9347725,0.12481345981359482,0.9200000166893005,0.6450999975204468
YMR086W,YCL014W,0,-1.9350162,0.12479652464389801,0.9200000166893005,0.6452000141143799
YGR001C,YIL113W,0,-1.9350616,0.1247796043753624,0.9200000166893005,0.6452999711036682
YPL048W,YMR024W,1,-1.9352226,0.12489829212427139,0.9210000038146973,0.6452999711036682
YDR096W,YBR006W,0,-1.935225,0.12488135695457458,0.9210000038146973,0.6453999876976013
YJL078C,YDR256C,0,-1.9352745,0.12486442178487778,0.9210000038146973,0.6455000042915344
YEL024W,YKL105C,0,-1.9357126,0.12484750151634216,0.9210000038146973,0.6456000208854675
YKL144C,YOR346W,0,-1.9357622,0.12483057379722595,0.9210000038146973,0.6456999778747559
YER063W,YOR177C,0,-1.9358311,0.12481366097927094,0.9210000038146973,0.645799994468689
YNL093W,YNL307C,0,-1.9359334,0.12479674816131592,0.9210000038146973,0.6459000110626221
YGR209C,YBL103C,0,-1.9362068,0.1247798427939415,0.9210000038146973,0.6460000276565552
YDR316W,YNL299W,0,-1.9362564,0.12476293742656708,0.9210000038146973,0.6460999846458435
YLR313C,YJL020C,0,-1.9363158,0.12474603950977325,0.9210000038146973,0.6462000012397766
YFL017W-A,YGL107C,0,-1.9363893,0.12472914159297943,0.9210000038146973,0.6463000178337097
YBR077C,YPR075C,0,-1.9370674,0.1247122511267662,0.9210000038146973,0.646399974822998
YJR068W,YIL130W,0,-1.9370682,0.12469536811113358,0.9210000038146973,0.6464999914169312
YDL160C,YDL081C,1,-1.9370997,0.12481386214494705,0.921999990940094,0.6464999914169312
YIL154C,YPR027C,0,-1.9371073,0.12479697167873383,0.921999990940094,0.6466000080108643
YDR266C,YDR532C,0,-1.9379253,0.1247800812125206,0.921999990940094,0.6467000246047974
YOR093C,YML008C,0,-1.9380273,0.12476319074630737,0.921999990940094,0.6467999815940857
YDR378C,YHL021C,0,-1.9382384,0.12474631518125534,0.921999990940094,0.6468999981880188
YBL009W,YKL057C,0,-1.9382589,0.12472943961620331,0.921999990940094,0.6470000147819519
YMR138W,YBR301W,0,-1.9382658,0.12471256405115128,0.921999990940094,0.6470999717712402
YHR135C,YGL191W,0,-1.938354,0.12469569593667984,0.921999990940094,0.6471999883651733
YOL104C,YNR011C,0,-1.9384649,0.124678835272789,0.921999990940094,0.6473000049591064
YLL029W,YNR039C,0,-1.9384756,0.12466198205947876,0.921999990940094,0.6474000215530396
YKL011C,YHR157W,0,-1.9387817,0.12464512884616852,0.921999990940094,0.6474999785423279
YMR053C,YFL045C,0,-1.9393797,0.12462827563285828,0.921999990940094,0.647599995136261
YEL001C,YDL194W,0,-1.9396987,0.12461143732070923,0.921999990940094,0.6477000117301941
YGR124W,YIR013C,0,-1.9399649,0.12459459155797958,0.921999990940094,0.6478000283241272
YIL006W,YPL029W,0,-1.9401071,0.12457776069641113,0.921999990940094,0.6478999853134155
YDR378C,YNR070W,0,-1.9401132,0.12456092983484268,0.921999990940094,0.6480000019073486
YDR407C,YPL074W,0,-1.9403263,0.12454410642385483,0.921999990940094,0.6481000185012817
YLR226W,YBR172C,0,-1.9403605,0.12452728301286697,0.921999990940094,0.6481999754905701
YCL061C,YBR066C,0,-1.9404126,0.12451046705245972,0.921999990940094,0.6482999920845032
YPL222W,YEL064C,0,-1.9404312,0.12449365109205246,0.921999990940094,0.6484000086784363
YLR045C,YGR089W,0,-1.9405453,0.1244768425822258,0.921999990940094,0.6485000252723694
YOR002W,YCR073C,0,-1.9406528,0.12446004152297974,0.921999990940094,0.6485999822616577
YJR137C,YGR099W,0,-1.9406621,0.12444324791431427,0.921999990940094,0.6486999988555908
YBR033W,YDR251W,0,-1.9407661,0.1244264543056488,0.921999990940094,0.6488000154495239
YLR225C,YOR136W,0,-1.940812,0.12440966069698334,0.921999990940094,0.6488999724388123
YHR053C,YIL027C,0,-1.940962,0.12439287453889847,0.921999990940094,0.6489999890327454
YJL033W,YDL012C,0,-1.9413451,0.1243760958313942,0.921999990940094,0.6491000056266785
YHR061C,YGL043W,0,-1.9418492,0.12435931712388992,0.921999990940094,0.6492000222206116
YGR138C,YDL035C,0,-1.9420121,0.12434254586696625,0.921999990940094,0.6492999792098999
YDR532C,YMR199W,0,-1.9422058,0.12432578206062317,0.921999990940094,0.649399995803833
YJR015W,YGR278W,0,-1.9422894,0.12430901825428009,0.921999990940094,0.6495000123977661
YMR073C,YLR102C,0,-1.9424303,0.12429226189851761,0.921999990940094,0.6496000289916992
YIL176C,YKR006C,0,-1.9426236,0.12427550554275513,0.921999990940094,0.6496999859809875
YDR439W,YPR025C,0,-1.9426527,0.12425875663757324,0.921999990940094,0.6498000025749207
YBR024W,YER094C,0,-1.9427717,0.12424201518297195,0.921999990940094,0.6499000191688538
YPL266W,YJR152W,0,-1.9428593,0.12422527372837067,0.921999990940094,0.6499999761581421
YLR226W,YPR175W,0,-1.9428873,0.12420853972434998,0.921999990940094,0.6500999927520752
YMR157C,YGR262C,0,-1.9429011,0.12419181317090988,0.921999990940094,0.6502000093460083
YPR085C,YOL093W,0,-1.9429125,0.12417508661746979,0.921999990940094,0.6503000259399414
YPL092W,YCL026C-A,0,-1.9431057,0.1241583600640297,0.921999990940094,0.6503999829292297
YKL182W,YNL323W,0,-1.9431527,0.1241416484117508,0.921999990940094,0.6504999995231628
YNL202W,YJL083W,0,-1.9431905,0.1241249293088913,0.921999990940094,0.650600016117096
YPL118W,YCR071C,0,-1.9433103,0.124108225107193,0.921999990940094,0.6506999731063843
YDR293C,YER031C,0,-1.9434638,0.12409152090549469,0.921999990940094,0.6507999897003174
YOR304C-A,YAL060W,0,-1.9435086,0.12407482415437698,0.921999990940094,0.6509000062942505
YGR173W,YNL094W,0,-1.9435545,0.12405812740325928,0.921999990940094,0.6510000228881836
YJL083W,YLR099C,0,-1.943742,0.12404143810272217,0.921999990940094,0.6510999798774719
YPR129W,YDR436W,0,-1.9438586,0.12402474880218506,0.921999990940094,0.651199996471405
YLR289W,YDR051C,0,-1.9439502,0.12400806695222855,0.921999990940094,0.6513000130653381
YJR110W,YDL027C,0,-1.9440911,0.12399139255285263,0.921999990940094,0.6514000296592712
YPL181W,YDL248W,0,-1.9443374,0.12397471815347672,0.921999990940094,0.6514999866485596
YGL021W,YBL087C,0,-1.9446385,0.1239580512046814,0.921999990940094,0.6516000032424927
YGL115W,YPL074W,0,-1.9446713,0.12394139170646667,0.921999990940094,0.6517000198364258
YDR520C,YKL086W,0,-1.9449999,0.12392473220825195,0.921999990940094,0.6517999768257141
YBL076C,YBR046C,0,-1.9458606,0.12390808016061783,0.921999990940094,0.6518999934196472
YJL013C,YDR488C,0,-1.9459102,0.1238914281129837,0.921999990940094,0.6520000100135803
YGL253W,YDL199C,0,-1.9462285,0.12387478351593018,0.921999990940094,0.6521000266075134
YGR167W,YKR084C,0,-1.9462471,0.12385813891887665,0.921999990940094,0.6521999835968018
YAL010C,YLL034C,0,-1.9463065,0.12384150177240372,0.921999990940094,0.6523000001907349
YBR089C-A,YMR088C,0,-1.9463179,0.12382487207651138,0.921999990940094,0.652400016784668
YER184C,YDR174W,0,-1.9463534,0.12380824238061905,0.921999990940094,0.6524999737739563
YHR115C,YDL001W,0,-1.9467375,0.12379162013530731,0.921999990940094,0.6525999903678894
YKL219W,YIL109C,0,-1.9469624,0.12377500534057617,0.921999990940094,0.6527000069618225
YGL189C,YDR204W,0,-1.947041,0.12375839054584503,0.921999990940094,0.6528000235557556
YDL022W,YER026C,0,-1.9470686,0.12374178320169449,0.921999990940094,0.652899980545044
YKL175W,YGL185C,0,-1.9471035,0.12372517585754395,0.921999990940094,0.652999997138977
YDR115W,YPL058C,0,-1.9471952,0.123708575963974,0.921999990940094,0.6531000137329102
YBL052C,YBR024W,0,-1.9472089,0.12369197607040405,0.921999990940094,0.6531999707221985
YLR266C,YDR383C,0,-1.9477091,0.1236753836274147,0.921999990940094,0.6532999873161316
YDR049W,YIR041W,0,-1.9477139,0.12365879863500595,0.921999990940094,0.6534000039100647
YDR313C,YOR332W,0,-1.9477909,0.1236422136425972,0.921999990940094,0.6535000205039978
YNL113W,YLR001C,0,-1.9479153,0.12362563610076904,0.921999990940094,0.6535999774932861
YMR214W,YPL126W,0,-1.9480003,0.12360906600952148,0.921999990940094,0.6536999940872192
YPR165W,YNL246W,0,-1.9485617,0.12359249591827393,0.921999990940094,0.6538000106811523
YKL064W,YOL066C,0,-1.948653,0.12357592582702637,0.921999990940094,0.6539000272750854
YIR009W,YDR295C,0,-1.9487151,0.12355937063694,0.921999990940094,0.6539999842643738
YOR020C,YKR034W,0,-1.9492437,0.12354280799627304,0.921999990940094,0.6541000008583069
YJL123C,YIL125W,0,-1.9493302,0.12352626025676727,0.921999990940094,0.65420001745224
YLR457C,YEL070W,0,-1.9494004,0.1235097125172615,0.921999990940094,0.6542999744415283
YGL170C,YJR101W,0,-1.9496311,0.12349317222833633,0.921999990940094,0.6543999910354614
YHR101C,YHL012W,0,-1.9496853,0.12347663193941116,0.921999990940094,0.6545000076293945
YGL056C,YER169W,0,-1.9496896,0.12346009910106659,0.921999990940094,0.6546000242233276
YBL082C,YDL135C,0,-1.9499483,0.12344356626272202,0.921999990940094,0.654699981212616
YLR107W,YDR354W,0,-1.9504414,0.12342704087495804,0.921999990940094,0.6547999978065491
YJL044C,YLR154C,0,-1.9509634,0.12341052293777466,0.921999990940094,0.6549000144004822
YDR364C,YNL216W,0,-1.9512501,0.12339400500059128,0.921999990940094,0.6549999713897705
YHL037C,YBL085W,0,-1.9512557,0.1233774945139885,0.921999990940094,0.6550999879837036
YLL014W,YOL070C,0,-1.9512829,0.12336098402738571,0.921999990940094,0.6552000045776367
YDL087C,YDL120W,0,-1.9516091,0.12334448099136353,0.921999990940094,0.6553000211715698
YCR034W,YIL143C,0,-1.9516261,0.12332798540592194,0.921999990940094,0.6553999781608582
YGR292W,YNR017W,0,-1.9518285,0.12331148982048035,0.921999990940094,0.6554999947547913
YBL034C,YKR064W,0,-1.9520086,0.12329500168561935,0.921999990940094,0.6556000113487244
YMR264W,YDL110C,0,-1.952066,0.12327851355075836,0.921999990940094,0.6557000279426575
YHR080C,YDR097C,0,-1.9524672,0.12326203286647797,0.921999990940094,0.6557999849319458
YBR246W,YDR333C,1,-1.9525024,0.12337923049926758,0.9229999780654907,0.6557999849319458
YJR014W,YIL158W,0,-1.95255,0.12336273491382599,0.9229999780654907,0.6559000015258789
YBR301W,YOR279C,0,-1.9525509,0.1233462542295456,0.9229999780654907,0.656000018119812
YLR292C,YKR024C,0,-1.9525734,0.1233297735452652,0.9229999780654907,0.6560999751091003
YOR049C,YJR084W,0,-1.9525983,0.1233132928609848,0.9229999780654907,0.6561999917030334
YML094W,YEL042W,0,-1.9528755,0.123296819627285,0.9229999780654907,0.6563000082969666
YNR059W,YNL164C,0,-1.9529049,0.1232803538441658,0.9229999780654907,0.6564000248908997
YHL009C,YGL190C,0,-1.9529073,0.1232638880610466,0.9229999780654907,0.656499981880188
YGL166W,YCR071C,0,-1.9529812,0.123247429728508,0.9229999780654907,0.6565999984741211
YGL158W,YBR067C,0,-1.9530067,0.12323097139596939,0.9229999780654907,0.6567000150680542
YGL027C,YIL026C,0,-1.9532182,0.12321452051401138,0.9229999780654907,0.6567999720573425
YDR437W,YBR238C,0,-1.9538063,0.12319807708263397,0.9229999780654907,0.6568999886512756
YNL074C,YNL133C,0,-1.9538529,0.12318163365125656,0.9229999780654907,0.6570000052452087
YKL088W,YAR019C,0,-1.9539071,0.12316519767045975,0.9229999780654907,0.6571000218391418
YKL107W,YOR025W,0,-1.9539932,0.12314876914024353,0.9229999780654907,0.6571999788284302
YER010C,YNL234W,0,-1.9540145,0.12313234061002731,0.9229999780654907,0.6572999954223633
YLR048W,YNL325C,0,-1.9542359,0.1231159120798111,0.9229999780654907,0.6574000120162964
YKL163W,YPL043W,0,-1.9542533,0.12309949100017548,0.9229999780654907,0.6575000286102295
YPL265W,YNL196C,0,-1.9547238,0.12308307737112045,0.9229999780654907,0.6575999855995178
YNL267W,YMR039C,0,-1.9547608,0.12306666374206543,0.9229999780654907,0.6577000021934509
YDL245C,YDR384C,0,-1.9551514,0.123050257563591,0.9229999780654907,0.657800018787384
YER083C,YNL304W,0,-1.9551575,0.12303385883569717,0.9229999780654907,0.6578999757766724
YOL031C,YLR348C,0,-1.9552041,0.12301746010780334,0.9229999780654907,0.6579999923706055
YNR012W,YJL036W,0,-1.9552649,0.12300106883049011,0.9229999780654907,0.6581000089645386
YGR263C,YGL212W,0,-1.9553063,0.12298467755317688,0.9229999780654907,0.6582000255584717
YGR086C,YIL026C,0,-1.9553506,0.12296829372644424,0.9229999780654907,0.65829998254776
YHR076W,YMR173W,0,-1.9559711,0.12295190989971161,0.9229999780654907,0.6583999991416931
YNR009W,YOL114C,0,-1.9561006,0.12293553352355957,0.9229999780654907,0.6585000157356262
YMR065W,YJL044C,0,-1.9564664,0.12291916459798813,0.9229999780654907,0.6585999727249146
YER027C,YNL275W,0,-1.9566653,0.12290279567241669,0.9229999780654907,0.6586999893188477
YLR451W,YMR297W,0,-1.956977,0.12288643419742584,0.9229999780654907,0.6588000059127808
YLL013C,YFL007W,0,-1.9571372,0.122870072722435,0.9229999780654907,0.6589000225067139
YIL017C,YMR313C,0,-1.9575989,0.12285371869802475,0.9229999780654907,0.6589999794960022
YGR170W,YKR091W,0,-1.9577354,0.1228373721241951,0.9229999780654907,0.6590999960899353
YDR311W,YJL003W,0,-1.9578527,0.12282102555036545,0.9229999780654907,0.6592000126838684
YDL106C,YLL042C,0,-1.957907,0.1228046864271164,0.9229999780654907,0.6593000292778015
YOL154W,YJL049W,0,-1.9579532,0.12278834730386734,0.9229999780654907,0.6593999862670898
YJL030W,YOR384W,0,-1.9582226,0.12277201563119888,0.9229999780654907,0.659500002861023
YHR097C,YGR282C,0,-1.9582511,0.12275568395853043,0.9229999780654907,0.659600019454956
YJL177W,YLR084C,0,-1.9583471,0.12273935973644257,0.9229999780654907,0.6596999764442444
YOR210W,YOR394W,0,-1.9583564,0.1227230429649353,0.9229999780654907,0.6597999930381775
YLR419W,YPL152W,0,-1.9585283,0.12270672619342804,0.9229999780654907,0.6599000096321106
YLR249W,YDL160C,1,-1.9585763,0.12282334268093109,0.9240000247955322,0.6599000096321106
YGL183C,YHL042W,0,-1.9585828,0.12280701845884323,0.9240000247955322,0.6600000262260437
YDR073W,YLL003W,0,-1.9586815,0.12279069423675537,0.9240000247955322,0.660099983215332
YIR024C,YKL155C,0,-1.9587276,0.1227743849158287,0.9240000247955322,0.6601999998092651
YKR051W,YMR004W,0,-1.9588178,0.12275806814432144,0.9240000247955322,0.6603000164031982
YMR209C,YHR132C,0,-1.9589605,0.12274176627397537,0.9240000247955322,0.6603999733924866
YDR254W,YGL129C,0,-1.9590765,0.1227254644036293,0.9240000247955322,0.6604999899864197
YFL020C,YKL145W,0,-1.9590805,0.12270916253328323,0.9240000247955322,0.6606000065803528
YGL014W,YNL279W,0,-1.9591253,0.12269286811351776,0.9240000247955322,0.6607000231742859
YAL062W,YGL127C,0,-1.9591367,0.12267658114433289,0.9240000247955322,0.6607999801635742
YAL043C,YMR006C,0,-1.9591522,0.12266029417514801,0.9240000247955322,0.6608999967575073
YMR247C,YDR266C,1,-1.9593148,0.12277674674987793,0.925000011920929,0.6608999967575073
YOR119C,YNL280C,0,-1.959356,0.12276045233011246,0.925000011920929,0.6610000133514404
YMR247C,YGL110C,1,-1.9597001,0.1228768602013588,0.9259999990463257,0.6610000133514404
YDL199C,YER155C,0,-1.9599671,0.12286055088043213,0.9259999990463257,0.6610999703407288
YFR022W,YGL198W,0,-1.9600998,0.12284425646066666,0.9259999990463257,0.6611999869346619
YHR087W,YLR260W,0,-1.9602058,0.12282796204090118,0.9259999990463257,0.661300003528595
YML030W,YGR041W,0,-1.9602504,0.12281166762113571,0.9259999990463257,0.6614000201225281
YAL024C,YPL152W,0,-1.9603815,0.12279538810253143,0.9259999990463257,0.6614999771118164
YCR079W,YBR272C,0,-1.9605681,0.12277910113334656,0.9259999990463257,0.6615999937057495
YGL110C,YDR333C,1,-1.9608059,0.12289539724588394,0.9269999861717224,0.6615999937057495
YKL137W,YNR039C,0,-1.9609115,0.12287911027669907,0.9269999861717224,0.6617000102996826
YPR021C,YHR127W,0,-1.9611081,0.12286282330751419,0.9269999861717224,0.6618000268936157
YMR310C,YLR165C,0,-1.9613757,0.12284654378890991,0.9269999861717224,0.661899983882904
YJL083W,YKL057C,0,-1.9613801,0.12283026427030563,0.9269999861717224,0.6620000004768372
YER016W,YDR325W,0,-1.9614568,0.12281399220228195,0.9269999861717224,0.6621000170707703
YKL025C,YDR107C,0,-1.9616208,0.12279772013425827,0.9269999861717224,0.6621999740600586
YLR090W,YBR291C,0,-1.9616305,0.12278145551681519,0.9269999861717224,0.6622999906539917
YER116C,YGR179C,0,-1.9617302,0.1227651983499527,0.9269999861717224,0.6624000072479248
YGR169C-A,YJR097W,1,-1.9618394,0.12288135290145874,0.9279999732971191,0.6624000072479248
YDR223W,YPL110C,0,-1.961857,0.12286508828401566,0.9279999732971191,0.6625000238418579
YJL187C,YCR063W,0,-1.962059,0.12284882366657257,0.9279999732971191,0.6625999808311462
YJL176C,YPL127C,0,-1.9621847,0.12283255904912949,0.9279999732971191,0.6626999974250793
YGR201C,YJL100W,0,-1.9622108,0.122816301882267,0.9279999732971191,0.6628000140190125
YDL073W,YMR313C,0,-1.9622345,0.12280005216598511,0.9279999732971191,0.6628999710083008
YML091C,YAR027W,0,-1.9624366,0.12278380244970322,0.9279999732971191,0.6629999876022339
YJL122W,YJL203W,0,-1.9625173,0.12276756018400192,0.9279999732971191,0.663100004196167
YDR175C,YER116C,0,-1.9625775,0.12275132536888123,0.9279999732971191,0.6632000207901001
YMR190C,YML066C,0,-1.9625919,0.12273509055376053,0.9279999732971191,0.6632999777793884
YGL173C,YGR172C,0,-1.9627244,0.12271885573863983,0.9279999732971191,0.6633999943733215
YJL014W,YPL021W,0,-1.9628074,0.12270262837409973,0.9279999732971191,0.6635000109672546
YCR034W,YPL095C,0,-1.9628115,0.12268640846014023,0.9279999732971191,0.6636000275611877
YNL304W,YDR231C,0,-1.9628689,0.12267018854618073,0.9279999732971191,0.6636999845504761
YDL020C,YDR253C,0,-1.963183,0.12265397608280182,0.9279999732971191,0.6638000011444092
YIR017C,YJR070C,0,-1.9632007,0.12263777107000351,0.9279999732971191,0.6639000177383423
YBR059C,YMR011W,0,-1.9632862,0.1226215660572052,0.9279999732971191,0.6639999747276306
YKL055C,YOR195W,0,-1.9635445,0.12260536104440689,0.9279999732971191,0.6640999913215637
YKL178C,YBL017C,0,-1.9635503,0.12258917093276978,0.9279999732971191,0.6642000079154968
YGR138C,YGL111W,0,-1.9637656,0.12257297337055206,0.9279999732971191,0.6643000245094299
YDR276C,YJR026W,0,-1.9639752,0.12255679070949554,0.9279999732971191,0.6643999814987183
YKL114C,YGL175C,0,-1.9643477,0.12254060804843903,0.9279999732971191,0.6644999980926514
YBR247C,YPR017C,0,-1.9644943,0.12252442538738251,0.9279999732971191,0.6646000146865845
YGL097W,YCR007C,0,-1.9648713,0.12250825017690659,0.9279999732971191,0.6646999716758728
YIL132C,YLR129W,0,-1.9650679,0.12249208241701126,0.9279999732971191,0.6647999882698059
YFR008W,YBR105C,0,-1.965548,0.12247591465711594,0.9279999732971191,0.664900004863739
YGR243W,YMR228W,0,-1.9657764,0.12245975434780121,0.9279999732971191,0.6650000214576721
YLR077W,YKL005C,0,-1.9658085,0.12244359403848648,0.9279999732971191,0.6650999784469604
YBR215W,YDR093W,0,-1.965831,0.12242744117975235,0.9279999732971191,0.6651999950408936
YLR074C,YEL011W,0,-1.9659654,0.12241128832101822,0.9279999732971191,0.6653000116348267
YNL312W,YHR038W,0,-1.9664928,0.12239514291286469,0.9279999732971191,0.6654000282287598
YGL207W,YNL053W,0,-1.966706,0.12237900495529175,0.9279999732971191,0.6654999852180481
YDR378C,YNL331C,0,-1.9670235,0.12236286699771881,0.9279999732971191,0.6656000018119812
YBR185C,YFR021W,0,-1.9672945,0.12234673649072647,0.9279999732971191,0.6657000184059143
YKL192C,YPR122W,0,-1.9672967,0.12233060598373413,0.9279999732971191,0.6657999753952026
YNL079C,YNL046W,0,-1.9674761,0.12231448292732239,0.9279999732971191,0.6658999919891357
YFL011W,YNL091W,0,-1.9678053,0.12229836732149124,0.9279999732971191,0.6660000085830688
YDR123C,YNR035C,0,-1.9680679,0.1222822517156601,0.9279999732971191,0.666100025177002
YDR198C,YGR231C,0,-1.9681125,0.12226613610982895,0.9279999732971191,0.6661999821662903
YOR036W,YDR488C,0,-1.9681714,0.122250035405159,0.9279999732971191,0.6662999987602234
YNR026C,YLL042C,0,-1.9682349,0.12223392724990845,0.9279999732971191,0.6664000153541565
YCR010C,YPL116W,0,-1.9682449,0.12221783399581909,0.9279999732971191,0.6664999723434448
YNL280C,YGL213C,0,-1.9683383,0.12220174074172974,0.9279999732971191,0.6665999889373779
YGL167C,YDR204W,0,-1.9683769,0.12218564748764038,0.9279999732971191,0.666700005531311
YJL192C,YNR035C,0,-1.9685208,0.12216956168413162,0.9279999732971191,0.6668000221252441
YHR206W,YNR053C,0,-1.9685218,0.12215348333120346,0.9279999732971191,0.6668999791145325
YJL003W,YDR465C,0,-1.9685473,0.1221374049782753,0.9279999732971191,0.6669999957084656
YLR118C,YHR182W,0,-1.9685779,0.12212133407592773,0.9279999732971191,0.6671000123023987
YKR062W,YNL323W,0,-1.9688302,0.12210526317358017,0.9279999732971191,0.6672000288963318
YNL090W,YKL127W,0,-1.9688933,0.1220891997218132,0.9279999732971191,0.6672999858856201
YJR151C,YDR145W,0,-1.9690003,0.12207313627004623,0.9279999732971191,0.6674000024795532
YJL151C,YDR251W,0,-1.9691901,0.12205708026885986,0.9279999732971191,0.6675000190734863
YGR245C,YGL064C,0,-1.9695597,0.12204103171825409,0.9279999732971191,0.6675999760627747
YBR128C,YMR232W,0,-1.9696684,0.12202498316764832,0.9279999732971191,0.6676999926567078
YPL130W,YOR081C,0,-1.9697304,0.12200894206762314,0.9279999732971191,0.6678000092506409
YHR192W,YLR283W,0,-1.9697486,0.12199290096759796,0.9279999732971191,0.667900025844574
YMR003W,YLR299W,0,-1.9699225,0.12197686731815338,0.9279999732971191,0.6679999828338623
YHR009C,YNL001W,0,-1.9700406,0.1219608336687088,0.9279999732971191,0.6680999994277954
YBR022W,YPL011C,0,-1.97017,0.12194480746984482,0.9279999732971191,0.6682000160217285
YJR125C,YOR340C,0,-1.9705149,0.12192878872156143,0.9279999732971191,0.6682999730110168
YKL065C,YMR316C-A,0,-1.9711342,0.12191276997327805,0.9279999732971191,0.66839998960495
YIL112W,YGR124W,0,-1.9712607,0.12189675867557526,0.9279999732971191,0.6685000061988831
YKL187C,YKL042W,0,-1.9714161,0.12188074737787247,0.9279999732971191,0.6686000227928162
YNL070W,YAL027W,0,-1.9714227,0.12186474353075027,0.9279999732971191,0.6686999797821045
YBR086C,YMR284W,0,-1.97152,0.12184873968362808,0.9279999732971191,0.6687999963760376
YOR382W,YOL091W,0,-1.9715337,0.12183274328708649,0.9279999732971191,0.6689000129699707
YER153C,YLR377C,0,-1.9717017,0.12181674689054489,0.9279999732971191,0.6690000295639038
YPL048W,YOR187W,1,-1.9718161,0.1219320148229599,0.9290000200271606,0.6690000295639038
YGL158W,YOL071W,0,-1.9719222,0.12191601097583771,0.9290000200271606,0.6690999865531921
YPR153W,YOR025W,0,-1.9721165,0.12190001457929611,0.9290000200271606,0.6692000031471252
YGR109C,YMR314W,0,-1.9723215,0.12188401818275452,0.9290000200271606,0.6693000197410583
YKL162C,YOR187W,0,-1.9723389,0.12186802923679352,0.9290000200271606,0.6693999767303467
YPR021C,YNL066W,0,-1.9726535,0.12185204774141312,0.9290000200271606,0.6694999933242798
YIL083C,YOR145C,0,-1.9727035,0.12183606624603271,0.9290000200271606,0.6696000099182129
YER098W,YGL035C,0,-1.9727223,0.12182009220123291,0.9290000200271606,0.669700026512146
YLR323C,YDR458C,0,-1.9728861,0.1218041181564331,0.9290000200271606,0.6697999835014343
YLR093C,YEL011W,0,-1.9731584,0.1217881515622139,0.9290000200271606,0.6699000000953674
YCR105W,YOR243C,0,-1.9735358,0.12177218496799469,0.9290000200271606,0.6700000166893005
YHR139C,YLR441C,0,-1.9737923,0.12175622582435608,0.9290000200271606,0.6700999736785889
YDR117C,YBR110W,0,-1.9738023,0.12174026668071747,0.9290000200271606,0.670199990272522
YNR047W,YGR048W,0,-1.9739174,0.12172431498765945,0.9290000200271606,0.6703000068664551
YKR027W,YLL061W,0,-1.9740016,0.12170837074518204,0.9290000200271606,0.6704000234603882
YPR057W,YHR039C-A,0,-1.974292,0.12169242650270462,0.9290000200271606,0.6704999804496765
YHL016C,YMR323W,0,-1.974456,0.1216764897108078,0.9290000200271606,0.6705999970436096
YPL254W,YLR023C,0,-1.9745684,0.12166055291891098,0.9290000200271606,0.6707000136375427
YBR246W,YPL052W,1,-1.9746853,0.1217755675315857,0.9300000071525574,0.6707000136375427
YNL082W,YEL046C,0,-1.9748179,0.12175962328910828,0.9300000071525574,0.670799970626831
YPL140C,YIL110W,0,-1.9752831,0.12174368649721146,0.9300000071525574,0.6708999872207642
YDR159W,YHR026W,0,-1.9755826,0.12172774970531464,0.9300000071525574,0.6710000038146973
YKL088W,YKL207W,0,-1.9756415,0.12171182036399841,0.9300000071525574,0.6711000204086304
YMR280C,YER151C,0,-1.9758341,0.12169589102268219,0.9300000071525574,0.6711999773979187
YER095W,YPL063W,0,-1.976023,0.12167996913194656,0.9300000071525574,0.6712999939918518
YPL215W,YML081C-A,0,-1.9762089,0.12166404724121094,0.9300000071525574,0.6714000105857849
YLR314C,YCL044C,0,-1.97622,0.12164813280105591,0.9300000071525574,0.671500027179718
YOR167C,YNR044W,0,-1.9762757,0.12163222581148148,0.9300000071525574,0.6715999841690063
YHR173C,YDL004W,0,-1.9763687,0.12161631882190704,0.9300000071525574,0.6717000007629395
YDR058C,YDL060W,0,-1.9766161,0.12160041928291321,0.9300000071525574,0.6718000173568726
YJR034W,YFR027W,0,-1.9766693,0.12158451974391937,0.9300000071525574,0.6718999743461609
YMR034C,YER134C,0,-1.976762,0.12156862765550613,0.9300000071525574,0.671999990940094
YJL161W,YLL003W,0,-1.9770718,0.1215527355670929,0.9300000071525574,0.6721000075340271
YJR144W,YKR035W-A,0,-1.9771206,0.12153685092926025,0.9300000071525574,0.6722000241279602
YJL006C,YKL198C,0,-1.977319,0.12152097374200821,0.9300000071525574,0.6722999811172485
YLR010C,YLR260W,0,-1.9773926,0.12150509655475616,0.9300000071525574,0.6723999977111816
YJL161W,YER167W,0,-1.9775224,0.12148921936750412,0.9300000071525574,0.6725000143051147
YLR221C,YMR225C,0,-1.9775486,0.12147335708141327,0.9300000071525574,0.6725999712944031
YOL005C,YLR450W,0,-1.9776076,0.12145748734474182,0.9300000071525574,0.6726999878883362
YGL110C,YLR143W,1,-1.9776955,0.12157221138477325,0.9309999942779541,0.6726999878883362
YER061C,YPL203W,0,-1.9782132,0.1215563416481018,0.9309999942779541,0.6728000044822693
YDR099W,YDR318W,0,-1.9782543,0.12154047191143036,0.9309999942779541,0.6729000210762024
YGL061C,YGL004C,0,-1.9787269,0.12152460217475891,0.9309999942779541,0.6729999780654907
YJL057C,YJL061W,0,-1.9789867,0.12150874733924866,0.9309999942779541,0.6730999946594238
YIL154C,YKL129C,0,-1.9792012,0.1214928850531578,0.9309999942779541,0.6732000112533569
YLR014C,YPL120W,0,-1.9792206,0.12147703766822815,0.9309999942779541,0.67330002784729
YJR066W,YKL133C,0,-1.9797809,0.12146119028329849,0.9309999942779541,0.6733999848365784
YLR084C,YHL025W,0,-1.97984,0.12144534289836884,0.9309999942779541,0.6735000014305115
YOR174W,YMR001C,0,-1.9799565,0.12142950296401978,0.9309999942779541,0.6736000180244446
YPL113C,YEL029C,0,-1.9800078,0.12141367048025131,0.9309999942779541,0.6736999750137329
YER177W,YLL003W,0,-1.9800649,0.12139783799648285,0.9309999942779541,0.673799991607666
YLR021W,YDR204W,0,-1.9801663,0.12138200551271439,0.9309999942779541,0.6739000082015991
YDL002C,YGR285C,0,-1.9802692,0.12136618793010712,0.9309999942779541,0.6740000247955322
YDR446W,YIL048W,0,-1.9803817,0.12135036289691925,0.9309999942779541,0.6740999817848206
YJL094C,YNL223W,0,-1.9806023,0.12133455276489258,0.9309999942779541,0.6741999983787537
YCL034W,YMR154C,0,-1.9808334,0.12131873518228531,0.9309999942779541,0.6743000149726868
YOR209C,YGR042W,0,-1.9808344,0.12130293250083923,0.9309999942779541,0.6743999719619751
YLR214W,YNL214W,0,-1.9810466,0.12128712981939316,0.9309999942779541,0.6744999885559082
YJR104C,YFL046W,0,-1.9811081,0.12127132713794708,0.9309999942779541,0.6746000051498413
YHR189W,YER060W-A,0,-1.9812399,0.1212555319070816,0.9309999942779541,0.6747000217437744
YDR374C,YIL151C,0,-1.981271,0.12123974412679672,0.9309999942779541,0.6747999787330627
YGL057C,YAL020C,0,-1.981272,0.12122395634651184,0.9309999942779541,0.6748999953269958
YLL031C,YFR006W,0,-1.9813908,0.12120817601680756,0.9309999942779541,0.675000011920929
YDR439W,YPL276W,0,-1.9814142,0.12119239568710327,0.9309999942779541,0.6751000285148621
YDL161W,YPR169W,0,-1.9818404,0.12117662280797958,0.9309999942779541,0.6751999855041504
YDR277C,YOR042W,0,-1.9818873,0.12116085737943649,0.9309999942779541,0.6753000020980835
YGL207W,YLR151C,0,-1.9819714,0.1211450845003128,0.9309999942779541,0.6754000186920166
YBR046C,YER048W-A,0,-1.9820461,0.12112932652235031,0.9309999942779541,0.6754999756813049
YJL014W,YLR278C,0,-1.9820616,0.12111356854438782,0.9309999942779541,0.675599992275238
YNR055C,YIL035C,0,-1.982475,0.12109781801700592,0.9309999942779541,0.6757000088691711
YDL160C,YPR080W,1,-1.9825914,0.12121212482452393,0.9319999814033508,0.6757000088691711
YBL009W,YPR089W,0,-1.9826769,0.12119635939598083,0.9319999814033508,0.6758000254631042
YMR216C,YML018C,0,-1.9828207,0.12118060141801834,0.9319999814033508,0.6758999824523926
YJR090C,YGR015C,0,-1.9832985,0.12116484344005585,0.9319999814033508,0.6759999990463257
YDR529C,YFR020W,0,-1.9833508,0.12114909291267395,0.9319999814033508,0.6761000156402588
YPR058W,YDL093W,0,-1.9837136,0.12113334983587265,0.9319999814033508,0.6761999726295471
YGL205W,YER063W,0,-1.9837346,0.12111760675907135,0.9319999814033508,0.6762999892234802
YOL005C,YDR240C,0,-1.9837514,0.12110187113285065,0.9319999814033508,0.6764000058174133
YBR005W,YCR044C,0,-1.9838822,0.12108613550662994,0.9319999814033508,0.6765000224113464
YGR094W,YIL113W,0,-1.9839652,0.12107040733098984,0.9319999814033508,0.6765999794006348
YJR076C,YGL163C,0,-1.9842147,0.12105467915534973,0.9319999814033508,0.6766999959945679
YDR171W,YMR074C,0,-1.9844477,0.12103895843029022,0.9319999814033508,0.676800012588501
YAL031C,YER111C,0,-1.9845425,0.12102324515581131,0.9319999814033508,0.6769000291824341
YGR028W,YGL078C,0,-1.984599,0.1210075318813324,0.9319999814033508,0.6769999861717224
YHR029C,YBR006W,0,-1.9846542,0.12099181860685349,0.9319999814033508,0.6771000027656555
YHL007C,YER004W,0,-1.9848163,0.12097611278295517,0.9319999814033508,0.6772000193595886
YMR272C,YKR101W,0,-1.9848527,0.12096041440963745,0.9319999814033508,0.677299976348877
YLR242C,YML068W,0,-1.9849381,0.12094471603631973,0.9319999814033508,0.6773999929428101
YDR470C,YOR044W,0,-1.9849832,0.12092902511358261,0.9319999814033508,0.6775000095367432
YIL127C,YMR080C,0,-1.9852008,0.12091333419084549,0.9319999814033508,0.6776000261306763
YDR128W,YDR251W,0,-1.9854705,0.12089765071868896,0.9319999814033508,0.6776999831199646
YMR272C,YNL157W,0,-1.9856986,0.12088197469711304,0.9319999814033508,0.6777999997138977
YNL063W,YOR187W,1,-1.9857856,0.12099598348140717,0.9330000281333923,0.6777999997138977
YDL091C,YFL056C,0,-1.9858686,0.12098029255867004,0.9330000281333923,0.6779000163078308
YPL075W,YGL213C,0,-1.9861742,0.12096460163593292,0.9330000281333923,0.6779999732971191
YBR120C,YGR281W,0,-1.9863713,0.120948925614357,0.9330000281333923,0.6780999898910522
YJL172W,YOR092W,0,-1.9864094,0.12093324959278107,0.9330000281333923,0.6782000064849854
YGL161C,YJL105W,0,-1.9866354,0.12091757357120514,0.9330000281333923,0.6783000230789185
YKL183W,YLR362W,0,-1.986636,0.12090190500020981,0.9330000281333923,0.6783999800682068
YDL025C,YLR133W,0,-1.9866757,0.12088623642921448,0.9330000281333923,0.6784999966621399
YJL047C,YAL022C,0,-1.9868793,0.12087058275938034,0.9330000281333923,0.678600013256073
YMR209C,YBR254C,0,-1.9868973,0.1208549216389656,0.9330000281333923,0.6786999702453613
YKL185W,YFR046C,0,-1.9869794,0.12083926796913147,0.9330000281333923,0.6787999868392944
YOR148C,YDR310C,0,-1.9870192,0.12082362174987793,0.9330000281333923,0.6789000034332275
YCR076C,YLR249W,0,-1.9870951,0.12080797553062439,0.9330000281333923,0.6790000200271606
YKR077W,YDR256C,0,-1.9872372,0.12079233676195145,0.9330000281333923,0.679099977016449
YOR150W,YGR206W,0,-1.9875016,0.1207766979932785,0.9330000281333923,0.6791999936103821
YMR209C,YER022W,0,-1.9875786,0.12076106667518616,0.9330000281333923,0.6793000102043152
YJL155C,YGR041W,0,-1.9877442,0.12074543535709381,0.9330000281333923,0.6794000267982483
YNR071C,YNR026C,0,-1.9878874,0.12072981148958206,0.9330000281333923,0.6794999837875366
YFL036W,YCR102C,0,-1.987888,0.12071419507265091,0.9330000281333923,0.6796000003814697
YAL068C,YOR264W,0,-1.9882131,0.12069857865571976,0.9330000281333923,0.6797000169754028
YOL019W,YKR050W,0,-1.9882796,0.1206829622387886,0.9330000281333923,0.6797999739646912
YPL062W,YOR245C,0,-1.9887185,0.12066735327243805,0.9330000281333923,0.6798999905586243
YJR085C,YIR003W,0,-1.9890926,0.12065175175666809,0.9330000281333923,0.6800000071525574
YPL028W,YMR070W,0,-1.9891394,0.12063615024089813,0.9330000281333923,0.6801000237464905
YPL020C,YDR283C,0,-1.9891927,0.12062055617570877,0.9330000281333923,0.6801999807357788
YPL006W,YJL097W,0,-1.9891989,0.12060496211051941,0.9330000281333923,0.6802999973297119
YBR267W,YGL134W,0,-1.9893501,0.12058937549591064,0.9330000281333923,0.680400013923645
YIL046W,YLL031C,0,-1.9893783,0.12057378888130188,0.9330000281333923,0.6804999709129333
YDL109C,YNL002C,0,-1.9896551,0.12055820971727371,0.9330000281333923,0.6805999875068665
YJL189W,YKR003W,0,-1.9900427,0.12054263800382614,0.9330000281333923,0.6807000041007996
YIL101C,YJR057W,0,-1.9900774,0.12052706629037857,0.9330000281333923,0.6808000206947327
YKR034W,YDR333C,0,-1.9903895,0.120511494576931,0.9330000281333923,0.680899977684021
YKR017C,YBL019W,0,-1.9904771,0.12049593031406403,0.9330000281333923,0.6809999942779541
YGR012W,YBR217W,0,-1.9905176,0.12048037350177765,0.9330000281333923,0.6811000108718872
YDR238C,YDL199C,0,-1.9909254,0.12046481668949127,0.9330000281333923,0.6812000274658203
YDR411C,YKL026C,0,-1.9910927,0.12044926732778549,0.9330000281333923,0.6812999844551086
YBL033C,YLR114C,0,-1.9915347,0.12043371796607971,0.9330000281333923,0.6814000010490417
YCR010C,YAL016W,0,-1.9915435,0.12041817605495453,0.9330000281333923,0.6815000176429749
YKL101W,YDR471W,0,-1.9917554,0.12040263414382935,0.9330000281333923,0.6815999746322632
YOR193W,YDR351W,0,-1.9919907,0.12038709968328476,0.9330000281333923,0.6816999912261963
YNL246W,YJR053W,0,-1.9921093,0.12037156522274017,0.9330000281333923,0.6818000078201294
YJL154C,YOR337W,0,-1.9922869,0.12035603821277618,0.9330000281333923,0.6819000244140625
YHR009C,YDR020C,0,-1.9924338,0.1203405112028122,0.9330000281333923,0.6819999814033508
YPL123C,YMR308C,0,-1.9925028,0.1203249916434288,0.9330000281333923,0.6820999979972839
YGR230W,YNL214W,0,-1.9928546,0.12030947953462601,0.9330000281333923,0.682200014591217
YIL106W,YLR023C,0,-1.9928627,0.12029396742582321,0.9330000281333923,0.6822999715805054
YIL111W,YLR447C,0,-1.9931211,0.12027845531702042,0.9330000281333923,0.6823999881744385
YNL244C,YDR039C,0,-1.9933693,0.12026295065879822,0.9330000281333923,0.6825000047683716
YOR089C,YOL137W,0,-1.9934864,0.12024745345115662,0.9330000281333923,0.6826000213623047
YGR020C,YMR102C,0,-1.9938371,0.12023195624351501,0.9330000281333923,0.682699978351593
YLR242C,YHL032C,0,-1.993906,0.12021646648645401,0.9330000281333923,0.6827999949455261
YMR013C,YDR044W,0,-1.993976,0.120200976729393,0.9330000281333923,0.6829000115394592
YGR047C,YGL094C,0,-1.9940251,0.1201854944229126,0.9330000281333923,0.6830000281333923
YPR006C,YAR019C,0,-1.9940481,0.12017001211643219,0.9330000281333923,0.6830999851226807
YGL162W,YGL094C,0,-1.9942174,0.12015453726053238,0.9330000281333923,0.6832000017166138
YBR293W,YNL175C,0,-1.994299,0.12013906985521317,0.9330000281333923,0.6833000183105469
YDR097C,YDL138W,0,-1.994319,0.12012360244989395,0.9330000281333923,0.6833999752998352
YPL280W,YLR191W,0,-1.9943196,0.12010813504457474,0.9330000281333923,0.6834999918937683
YNL275W,YFL045C,0,-1.994541,0.12009267508983612,0.9330000281333923,0.6836000084877014
YOR380W,YNL128W,0,-1.99458,0.1200772225856781,0.9330000281333923,0.6837000250816345
YER107C,YLR225C,0,-1.9946157,0.12006177008152008,0.9330000281333923,0.6837999820709229
YOR001W,YDR390C,0,-1.9948153,0.12004631757736206,0.9330000281333923,0.683899998664856
YGL037C,YPR029C,0,-1.9949285,0.12003087252378464,0.9330000281333923,0.6840000152587891
YML128C,YGL210W-A,0,-1.9955481,0.12001543492078781,0.9330000281333923,0.6840999722480774
YLR032W,YLL062C,0,-1.9957005,0.11999999731779099,0.9330000281333923,0.6841999888420105
YPR188C,YLR376C,0,-1.9959724,0.11998456716537476,0.9330000281333923,0.6843000054359436
YPR173C,YJR155W,0,-1.9960117,0.11996913701295853,0.9330000281333923,0.6844000220298767
YOL001W,YKL035W,0,-1.9960244,0.1199537143111229,0.9330000281333923,0.684499979019165
YNL219C,YIR028W,0,-1.9960276,0.11993829905986786,0.9330000281333923,0.6845999956130981
YMR086W,YIL123W,0,-1.9961491,0.11992287635803223,0.9330000281333923,0.6847000122070312
YLL036C,YDL174C,0,-1.9961786,0.11990746855735779,0.9330000281333923,0.6848000288009644
YDL074C,YDR387C,0,-1.9964879,0.11989206075668335,0.9330000281333923,0.6848999857902527
YDL080C,YHR082C,0,-1.996628,0.11987665295600891,0.9330000281333923,0.6850000023841858
YGR253C,YBR244W,0,-1.996639,0.11986125260591507,0.9330000281333923,0.6851000189781189
YLL042C,YHL021C,0,-1.9967581,0.11984585970640182,0.9330000281333923,0.6851999759674072
YMR223W,YLR056W,0,-1.9969246,0.11983046680688858,0.9330000281333923,0.6852999925613403
YLR208W,YKL204W,0,-1.997029,0.11981507390737534,0.9330000281333923,0.6854000091552734
YNL047C,YHR019C,0,-1.9970651,0.11979968845844269,0.9330000281333923,0.6855000257492065
YMR054W,YLR244C,0,-1.9971516,0.11978431046009064,0.9330000281333923,0.6855999827384949
YDR389W,YDR384C,0,-1.997329,0.11976893246173859,0.9330000281333923,0.685699999332428
YOR070C,YJL171C,0,-1.9974757,0.11975356191396713,0.9330000281333923,0.6858000159263611
YPL258C,YBR127C,0,-1.9977264,0.11973819136619568,0.9330000281333923,0.6858999729156494
YBR288C,YBR161W,0,-1.9977703,0.11972282826900482,0.9330000281333923,0.6859999895095825
YBR123C,YPL170W,0,-1.9979104,0.11970746517181396,0.9330000281333923,0.6861000061035156
YPL083C,YBR006W,0,-1.9979722,0.1196921095252037,0.9330000281333923,0.6862000226974487
YHR113W,YNL289W,0,-1.998583,0.11967675387859344,0.9330000281333923,0.6862999796867371
YFR014C,YBR088C,0,-1.9986656,0.11966140568256378,0.9330000281333923,0.6863999962806702
YNR012W,YCR007C,0,-1.9990654,0.11964606493711472,0.9330000281333923,0.6865000128746033
YPL271W,YPL153C,0,-1.9990928,0.11963072419166565,0.9330000281333923,0.6866000294685364
YJL081C,YCL044C,0,-1.9991255,0.11961538344621658,0.9330000281333923,0.6866999864578247
YAL048C,YLR039C,0,-1.9991777,0.11960005015134811,0.9330000281333923,0.6868000030517578
YML077W,YLL017W,0,-1.9994155,0.11958472430706024,0.9330000281333923,0.6869000196456909
YLR097C,YEL044W,0,-1.9994185,0.11956939846277237,0.9330000281333923,0.6869999766349792
YMR200W,YMR213W,0,-1.9994324,0.1195540726184845,0.9330000281333923,0.6870999932289124
YLR451W,YPR201W,0,-1.9994652,0.11953875422477722,0.9330000281333923,0.6872000098228455
YOR056C,YIL042C,0,-1.9995284,0.11952344328165054,0.9330000281333923,0.6873000264167786
YMR097C,YDR229W,0,-1.9995389,0.11950813233852386,0.9330000281333923,0.6873999834060669
YDR460W,YPL011C,0,-1.9997545,0.11949282884597778,0.9330000281333923,0.6875
YDR058C,YGL005C,0,-1.9998178,0.1194775253534317,0.9330000281333923,0.6876000165939331
YMR285C,YCR021C,0,-2.000109,0.11946222931146622,0.9330000281333923,0.6876999735832214
YLR321C,YKL054C,0,-2.0003574,0.11944693326950073,0.9330000281333923,0.6877999901771545
YLR360W,YHR176W,0,-2.0003686,0.11943164467811584,0.9330000281333923,0.6879000067710876
YGR230W,YDR430C,0,-2.0008974,0.11941635608673096,0.9330000281333923,0.6880000233650208
YPL179W,YBR195C,0,-2.0010276,0.11940107494592667,0.9330000281333923,0.6880999803543091
YMR297W,YIR038C,0,-2.001114,0.11938579380512238,0.9330000281333923,0.6881999969482422
YIL021W,YGL019W,0,-2.0011766,0.11937052011489868,0.9330000281333923,0.6883000135421753
YJL038C,YPL058C,0,-2.001205,0.11935525387525558,0.9330000281333923,0.6883999705314636
YDR160W,YDR014W,0,-2.0012877,0.11933998763561249,0.9330000281333923,0.6884999871253967
YDR516C,YOL104C,0,-2.0013373,0.11932472139596939,0.9330000281333923,0.6886000037193298
YNL249C,YNL061W,0,-2.001486,0.11930946260690689,0.9330000281333923,0.6887000203132629
YBR103W,YCL043C,0,-2.0016778,0.11929421126842499,0.9330000281333923,0.6887999773025513
YLR332W,YLR191W,0,-2.0018752,0.11927895992994308,0.9330000281333923,0.6888999938964844
YNL082W,YCL026C-A,0,-2.0018907,0.11926370859146118,0.9330000281333923,0.6890000104904175
YKL189W,YGR010W,0,-2.0021126,0.11924846470355988,0.9330000281333923,0.6891000270843506
YKR085C,YJL061W,0,-2.0024376,0.11923322826623917,0.9330000281333923,0.6891999840736389
YKL034W,YGL237C,0,-2.0025694,0.11921799182891846,0.9330000281333923,0.689300000667572
YJR084W,YLR138W,0,-2.0025942,0.11920276284217834,0.9330000281333923,0.6894000172615051
YNL243W,YER133W,0,-2.002994,0.11918753385543823,0.9330000281333923,0.6894999742507935
YER125W,YML005W,0,-2.0030904,0.11917230486869812,0.9330000281333923,0.6895999908447266
YDR019C,YBL028C,0,-2.003177,0.1191570907831192,0.9330000281333923,0.6897000074386597
YDL160C,YJR047C,1,-2.0032976,0.11926957219839096,0.9340000152587891,0.6897000074386597
YDR126W,YML074C,0,-2.0033152,0.11925434321165085,0.9340000152587891,0.6898000240325928
YBR244W,YHR119W,0,-2.0034227,0.11923911422491074,0.9340000152587891,0.6898999810218811
YPL214C,YLR086W,0,-2.003463,0.11922389268875122,0.9340000152587891,0.6899999976158142
YLR352W,YDL117W,0,-2.0036192,0.1192086786031723,0.9340000152587891,0.6901000142097473
YGR201C,YPL009C,1,-2.003965,0.11932108551263809,0.9350000023841858,0.6901000142097473
YJL200C,YPL159C,0,-2.0040226,0.11930585652589798,0.9350000023841858,0.6901999711990356
YGL255W,YDR329C,0,-2.004065,0.11929063498973846,0.9350000023841858,0.6902999877929688
YPL095C,YDR409W,0,-2.0042279,0.11927542090415955,0.9350000023841858,0.6904000043869019
YER090W,YNL021W,0,-2.0045433,0.11926020681858063,0.9350000023841858,0.690500020980835
YJL030W,YGL228W,0,-2.0047026,0.11924499273300171,0.9350000023841858,0.6905999779701233
YDR370C,YHR041C,0,-2.0053554,0.11922978609800339,0.9350000023841858,0.6906999945640564
YMR240C,YPR121W,0,-2.0053844,0.11921458691358566,0.9350000023841858,0.6908000111579895
YLR055C,YIR037W,0,-2.0055234,0.11919938772916794,0.9350000023841858,0.6909000277519226
YOR211C,YER115C,0,-2.005624,0.11918419599533081,0.9350000023841858,0.6909999847412109
YMR263W,YMR055C,0,-2.0056663,0.11916900426149368,0.9350000023841858,0.691100001335144
YNL252C,YGL263W,0,-2.0057542,0.11915381997823715,0.9350000023841858,0.6912000179290771
YKL034W,YER104W,0,-2.0058994,0.11913863569498062,0.9350000023841858,0.6912999749183655
YPL222W,YMR133W,0,-2.005976,0.11912345886230469,0.9350000023841858,0.6913999915122986
YLR360W,YPL273W,0,-2.005988,0.11910828202962875,0.9350000023841858,0.6915000081062317
YPL150W,YDL078C,0,-2.006022,0.11909311264753342,0.9350000023841858,0.6916000247001648
YGR127W,YDL165W,0,-2.0062387,0.11907794326543808,0.9350000023841858,0.6916999816894531
YNL330C,YCL044C,0,-2.006329,0.11906278133392334,0.9350000023841858,0.6917999982833862
YDR418W,YKR009C,0,-2.006737,0.1190476194024086,0.9350000023841858,0.6919000148773193
YDR001C,YJL092W,0,-2.0070918,0.11903246492147446,0.9350000023841858,0.6919999718666077
YNL051W,YLR304C,0,-2.0072837,0.11901731044054031,0.9350000023841858,0.6920999884605408
YER109C,YIL113W,0,-2.0073457,0.11900216341018677,0.9350000023841858,0.6922000050544739
YDL149W,YOL092W,0,-2.0076358,0.11898701637983322,0.9350000023841858,0.692300021648407
YNL284C,YLR100W,0,-2.007674,0.11897187680006027,0.9350000023841858,0.6923999786376953
YKR102W,YBR245C,0,-2.007716,0.11895674467086792,0.9350000023841858,0.6924999952316284
YOL001W,YOR054C,0,-2.007728,0.11894161254167557,0.9350000023841858,0.6926000118255615
YNL333W,YOR304C-A,0,-2.007871,0.11892648041248322,0.9350000023841858,0.6927000284194946
YGR053C,YNL270C,0,-2.00804,0.11891135573387146,0.9350000023841858,0.692799985408783
YIL158W,YHR098C,0,-2.0080974,0.1188962385058403,0.9350000023841858,0.6929000020027161
YDR492W,YNL314W,0,-2.0081332,0.11888112127780914,0.9350000023841858,0.6930000185966492
YGR040W,YDR143C,0,-2.0081577,0.11886600404977798,0.9350000023841858,0.6930999755859375
YOR089C,YGL180W,0,-2.008216,0.11885089427232742,0.9350000023841858,0.6931999921798706
YBR054W,YPR088C,0,-2.0082529,0.11883579194545746,0.9350000023841858,0.6933000087738037
YIL030C,YPR073C,0,-2.008289,0.1188206896185875,0.9350000023841858,0.6934000253677368
YPR007C,YPL057C,0,-2.0083385,0.11880558729171753,0.9350000023841858,0.6934999823570251
YKR078W,YNL239W,0,-2.008425,0.11879049986600876,0.9350000023841858,0.6935999989509583
YML092C,YDR343C,0,-2.0086298,0.11877540498971939,0.9350000023841858,0.6937000155448914
YHR181W,YOL132W,0,-2.0092947,0.11876031756401062,0.9350000023841858,0.6937999725341797
YPL055C,YLR239C,0,-2.0093412,0.11874523758888245,0.9350000023841858,0.6938999891281128
YAL007C,YBR276C,0,-2.0094104,0.11873015761375427,0.9350000023841858,0.6940000057220459
YGR191W,YNL250W,0,-2.009557,0.1187150850892067,0.9350000023841858,0.694100022315979
YDL144C,YLR238W,0,-2.009626,0.11870001256465912,0.9350000023841858,0.6941999793052673
YCR102C,YML046W,0,-2.0099244,0.11868494749069214,0.9350000023841858,0.6942999958992004
YOR295W,YDL079C,0,-2.0099702,0.11866988241672516,0.9350000023841858,0.6944000124931335
YDR422C,YFL008W,0,-2.0100021,0.11865482479333878,0.9350000023841858,0.6945000290870667
YGR062C,YDL073W,0,-2.0101662,0.11863976716995239,0.9350000023841858,0.694599986076355
YGR030C,YGR169C-A,0,-2.0102413,0.1186247169971466,0.9350000023841858,0.6947000026702881
YDL015C,YLR251W,0,-2.0102954,0.11860966682434082,0.9350000023841858,0.6948000192642212
YLR001C,YDR347W,0,-2.0103233,0.11859462410211563,0.9350000023841858,0.6948999762535095
YJL006C,YGL087C,0,-2.010339,0.11857958137989044,0.9350000023841858,0.6949999928474426
YOL084W,YGL161C,0,-2.01039,0.11856454610824585,0.9350000023841858,0.6951000094413757
YMR216C,YJR085C,0,-2.0104766,0.11854951083660126,0.9350000023841858,0.6952000260353088
YPL022W,YFL014W,0,-2.0104973,0.11853448301553726,0.9350000023841858,0.6952999830245972
YMR211W,YDL004W,0,-2.010505,0.11851945519447327,0.9350000023841858,0.6953999996185303
YJR082C,YOR177C,0,-2.0110765,0.11850443482398987,0.9350000023841858,0.6955000162124634
YPL013C,YDR067C,0,-2.0111935,0.11848942190408707,0.9350000023841858,0.6955999732017517
YHR207C,YMR067C,0,-2.0112064,0.11847440153360367,0.9350000023841858,0.6956999897956848
YPL174C,YDR190C,0,-2.011521,0.11845939606428146,0.9350000023841858,0.6958000063896179
YMR263W,YJL143W,0,-2.011575,0.11844439059495926,0.9350000023841858,0.695900022983551
YER072W,YIL073C,0,-2.0121331,0.11842938512563705,0.9350000023841858,0.6959999799728394
YMR280C,YNL291C,0,-2.0123358,0.11841438710689545,0.9350000023841858,0.6960999965667725
YGL134W,YDR441C,0,-2.0127797,0.11839938908815384,0.9350000023841858,0.6962000131607056
YFL049W,YIR006C,0,-2.0128684,0.11838439851999283,0.9350000023841858,0.6963000297546387
YLR011W,YHL039W,0,-2.0131345,0.11836941540241241,0.9350000023841858,0.696399986743927
YPL011C,YGL087C,0,-2.013679,0.118354432284832,0.9350000023841858,0.6965000033378601
YOR113W,YGR221C,0,-2.0137882,0.11833944916725159,0.9350000023841858,0.6966000199317932
YPL170W,YER116C,0,-2.0137985,0.11832447350025177,0.9350000023841858,0.6966999769210815
YNL014W,YLR150W,1,-2.0139086,0.11843603849411011,0.9359999895095825,0.6966999769210815
YGR263C,YPL199C,0,-2.0139768,0.1184210553765297,0.9359999895095825,0.6967999935150146
YPL147W,YMR278W,0,-2.01434,0.11840607225894928,0.9359999895095825,0.6969000101089478
YER111C,YIL177C,0,-2.0144076,0.11839109659194946,0.9359999895095825,0.6970000267028809
YKL148C,YGL127C,0,-2.0146008,0.11837612092494965,0.9359999895095825,0.6970999836921692
YOR132W,YPL219W,0,-2.0146055,0.11836115270853043,0.9359999895095825,0.6972000002861023
YBR136W,YNL220W,0,-2.0151079,0.1183461844921112,0.9359999895095825,0.6973000168800354
YKR003W,YBR105C,0,-2.0153315,0.11833122372627258,0.9359999895095825,0.6973999738693237
YOR149C,YBR044C,0,-2.0154262,0.11831627041101456,0.9359999895095825,0.6974999904632568
YDL123W,YDR511W,0,-2.0154653,0.11830131709575653,0.9359999895095825,0.6976000070571899
YDL212W,YDL006W,0,-2.0157874,0.1182863637804985,0.9359999895095825,0.697700023651123
YML057W,YHR021C,0,-2.0158944,0.11827141791582108,0.9359999895095825,0.6977999806404114
YLR098C,YDL227C,0,-2.0161679,0.11825647205114365,0.9359999895095825,0.6978999972343445
YOL119C,YJL036W,0,-2.0163536,0.11824153363704681,0.9359999895095825,0.6980000138282776
YDR403W,YGL127C,0,-2.016446,0.11822660267353058,0.9359999895095825,0.6980999708175659
YGL211W,YKR055W,0,-2.0167058,0.11821167171001434,0.9359999895095825,0.698199987411499
YNR061C,YLR251W,0,-2.0167167,0.11819674074649811,0.9359999895095825,0.6983000040054321
YOL039W,YGR169C-A,1,-2.0167935,0.11830808222293854,0.9369999766349792,0.6983000040054321
YJL069C,YOL135C,0,-2.016815,0.1182931438088417,0.9369999766349792,0.6984000205993652
YPR157W,YHR108W,0,-2.0168858,0.11827821284532547,0.9369999766349792,0.6984999775886536
YLR262C-A,YHR184W,0,-2.0170088,0.11826328188180923,0.9369999766349792,0.6985999941825867
YOR208W,YDL022W,0,-2.0170534,0.1182483583688736,0.9369999766349792,0.6987000107765198
YMR001C,YHR027C,0,-2.0171773,0.11823343485593796,0.9369999766349792,0.6988000273704529
YGR152C,YKR046C,0,-2.0173311,0.11821851879358292,0.9369999766349792,0.6988999843597412
YNL252C,YLR390W,0,-2.0173786,0.11820361018180847,0.9369999766349792,0.6990000009536743
YBL005W-B,YPL043W,0,-2.017438,0.11818870157003403,0.9369999766349792,0.6991000175476074
YBL034C,YDR255C,0,-2.0175636,0.11817379295825958,0.9369999766349792,0.6991999745368958
YER083C,YHR004C,0,-2.01772,0.11815889179706573,0.9369999766349792,0.6992999911308289
YMR220W,YIL066C,0,-2.0178494,0.11814399063587189,0.9369999766349792,0.699400007724762
YNR071C,YMR017W,0,-2.018066,0.11812909692525864,0.9369999766349792,0.6995000243186951
YMR224C,YJR097W,0,-2.018162,0.11811420321464539,0.9369999766349792,0.6995999813079834
YGL139W,YGL025C,0,-2.0184283,0.11809931695461273,0.9369999766349792,0.6996999979019165
YBR296C,YML100W,0,-2.0190072,0.11808443814516068,0.9369999766349792,0.6998000144958496
YDL212W,YDR251W,0,-2.0191083,0.11806955933570862,0.9369999766349792,0.6998999714851379
YJR108W,YJL187C,0,-2.0191445,0.11805468052625656,0.9369999766349792,0.699999988079071
YBR164C,YDR359C,0,-2.0191736,0.1180398091673851,0.9369999766349792,0.7001000046730042
YLR033W,YKL074C,0,-2.0192502,0.11802493780851364,0.9369999766349792,0.7002000212669373
YMR271C,YBL068W,0,-2.019355,0.11801007390022278,0.9369999766349792,0.7002999782562256
YPR178W,YNL054W,0,-2.0197117,0.11799521744251251,0.9369999766349792,0.7003999948501587
YKL156W,YIL026C,0,-2.0199792,0.11798036098480225,0.9369999766349792,0.7005000114440918
YPL146C,YLL008W,0,-2.0200186,0.11796550452709198,0.9369999766349792,0.7006000280380249
YER013W,YER030W,0,-2.020058,0.11795065551996231,0.9369999766349792,0.7006999850273132
YBR187W,YDR314C,0,-2.020134,0.11793580651283264,0.9369999766349792,0.7008000016212463
YLR333C,YJL185C,0,-2.0202506,0.11792096495628357,0.9369999766349792,0.7009000182151794
YNR055C,YJR088C,0,-2.0204673,0.1179061308503151,0.9369999766349792,0.7009999752044678
YLR205C,YDL110C,0,-2.020604,0.11789129674434662,0.9369999766349792,0.7010999917984009
YLR077W,YPL244C,0,-2.020827,0.11787646263837814,0.9369999766349792,0.701200008392334
YDR293C,YDL047W,0,-2.0208638,0.11786163598299026,0.9369999766349792,0.7013000249862671
YKR103W,YMR184W,0,-2.0208929,0.11784680932760239,0.9369999766349792,0.7013999819755554
YOR381W,YCR079W,0,-2.0210066,0.1178319901227951,0.9369999766349792,0.7014999985694885
YER183C,YBR186W,0,-2.0210605,0.11781717836856842,0.9369999766349792,0.7016000151634216
YGL145W,YHR135C,0,-2.0212018,0.11780236661434174,0.9369999766349792,0.70169997215271
YBR183W,YBR002C,0,-2.0219877,0.11778755486011505,0.9369999766349792,0.7017999887466431
YJR133W,YNR048W,0,-2.0222168,0.11777275055646896,0.9369999766349792,0.7019000053405762
YJL087C,YPL117C,0,-2.022261,0.11775794625282288,0.9369999766349792,0.7020000219345093
YHR152W,YER143W,0,-2.0222702,0.11774314939975739,0.9369999766349792,0.7020999789237976
YDR216W,YNL070W,0,-2.022425,0.11772835999727249,0.9369999766349792,0.7021999955177307
YNL304W,YBL017C,0,-2.0225365,0.1177135705947876,0.9369999766349792,0.7023000121116638
YPL019C,YHR106W,0,-2.022711,0.1176987811923027,0.9369999766349792,0.7024000287055969
YGR015C,YLL003W,0,-2.0227377,0.11768399924039841,0.9369999766349792,0.7024999856948853
YMR209C,YOR215C,0,-2.0230827,0.11766921728849411,0.9369999766349792,0.7026000022888184
YJR076C,YJR110W,0,-2.02342,0.11765444278717041,0.9369999766349792,0.7027000188827515
YMR003W,YKL064W,0,-2.023546,0.11763967573642731,0.9369999766349792,0.7027999758720398
YCL059C,YHR170W,0,-2.0236325,0.1176249086856842,0.9369999766349792,0.7028999924659729
YLR181C,YMR225C,0,-2.0237591,0.1176101416349411,0.9369999766349792,0.703000009059906
YIL106W,YLR130C,0,-2.0238068,0.1175953820347786,0.9369999766349792,0.7031000256538391
YDL165W,YDR295C,0,-2.024001,0.11758062243461609,0.9369999766349792,0.7031999826431274
YBR199W,YDR267C,0,-2.0240164,0.11756587028503418,0.9369999766349792,0.7032999992370605
YNL160W,YJL154C,0,-2.0240366,0.11755112558603287,0.9369999766349792,0.7034000158309937
YOL002C,YOL091W,0,-2.0244305,0.11753638088703156,0.9369999766349792,0.703499972820282
YDR101C,YGR174C,0,-2.0244975,0.11752163618803024,0.9369999766349792,0.7035999894142151
YGL245W,YGR033C,0,-2.024512,0.11750689893960953,0.9369999766349792,0.7037000060081482
YOL013C,YGL043W,0,-2.024601,0.11749216169118881,0.9369999766349792,0.7038000226020813
YML072C,YDL179W,0,-2.0247922,0.1174774318933487,0.9369999766349792,0.7038999795913696
YGL250W,YPL094C,0,-2.0248375,0.11746270209550858,0.9369999766349792,0.7039999961853027
YGR276C,YPL104W,0,-2.0253806,0.11744797974824905,0.9369999766349792,0.7041000127792358
YBR164C,YER069W,0,-2.0255132,0.11743326485157013,0.9369999766349792,0.704200029373169
YPR112C,YDR185C,0,-2.025592,0.1174185499548912,0.9369999766349792,0.7042999863624573
YOR334W,YDR473C,0,-2.025619,0.11740383505821228,0.9369999766349792,0.7044000029563904
YNR026C,YJL198W,0,-2.0258436,0.11738912761211395,0.9369999766349792,0.7045000195503235
YBR040W,YOL137W,0,-2.0260482,0.11737442016601562,0.9369999766349792,0.7045999765396118
YDR409W,YNL166C,0,-2.0260742,0.1173597201704979,0.9369999766349792,0.7046999931335449
YOR190W,YPL224C,0,-2.0262299,0.11734502017498016,0.9369999766349792,0.704800009727478
YNL293W,YHR100C,0,-2.0265114,0.11733032763004303,0.9369999766349792,0.7049000263214111
YDR411C,YGR042W,0,-2.026669,0.1173156350851059,0.9369999766349792,0.7049999833106995
YNL136W,YKL191W,0,-2.0267658,0.11730094999074936,0.9369999766349792,0.7050999999046326
YDR316W,YNL322C,0,-2.0270588,0.11728626489639282,0.9369999766349792,0.7052000164985657
YEL002C,YOR074C,0,-2.0271015,0.11727158725261688,0.9369999766349792,0.705299973487854
YLR170C,YER022W,0,-2.0271266,0.11725691705942154,0.9369999766349792,0.7053999900817871
YNL052W,YIR009W,0,-2.0275052,0.1172422394156456,0.9369999766349792,0.7055000066757202
YBL052C,YOR272W,0,-2.0277495,0.11722757667303085,0.9369999766349792,0.7056000232696533
YFL022C,YDR515W,0,-2.02776,0.11721290647983551,0.9369999766349792,0.7056999802589417
YGR110W,YPL235W,0,-2.0280209,0.11719825118780136,0.9369999766349792,0.7057999968528748
YDR529C,YER066W,0,-2.0281546,0.11718358844518661,0.9369999766349792,0.7059000134468079
YDR129C,YDR201W,0,-2.028194,0.11716894060373306,0.9369999766349792,0.7059999704360962
YIL085C,YPL104W,0,-2.0285132,0.11715428531169891,0.9369999766349792,0.7060999870300293
YMR012W,YHR073W,0,-2.0285208,0.11713964492082596,0.9369999766349792,0.7062000036239624
YLR121C,YOL155C,0,-2.028704,0.1171249970793724,0.9369999766349792,0.7063000202178955
YER011W,YJL024C,0,-2.029002,0.11711036413908005,0.9369999766349792,0.7063999772071838
YKL105C,YPL137C,0,-2.0291386,0.11709572374820709,0.9369999766349792,0.7064999938011169
YHR047C,YOL004W,0,-2.0292249,0.11708109825849533,0.9369999766349792,0.70660001039505
YGL100W,YLR135W,0,-2.0296354,0.11706646531820297,0.9369999766349792,0.7067000269889832
YNL152W,YER154W,0,-2.029719,0.11705183982849121,0.9369999766349792,0.7067999839782715
YMR116C,YGR201C,1,-2.0297258,0.11716213077306747,0.9380000233650208,0.7067999839782715
YDR229W,YMR113W,0,-2.0297334,0.11714749783277512,0.9380000233650208,0.7069000005722046
YPL184C,YEL012W,0,-2.0299385,0.11713286489248276,0.9380000233650208,0.7070000171661377
YIL017C,YPR054W,0,-2.02995,0.117118239402771,0.9380000233650208,0.707099974155426
YDL085W,YDR359C,0,-2.0303783,0.11710362136363983,0.9380000233650208,0.7071999907493591
YLR163C,YJR131W,0,-2.030554,0.11708900332450867,0.9380000233650208,0.7073000073432922
YJL198W,YNL157W,0,-2.0308294,0.1170743852853775,0.9380000233650208,0.7074000239372253
YGR029W,YNL265C,0,-2.031244,0.11705977469682693,0.9380000233650208,0.7074999809265137
YBL084C,YKL207W,0,-2.0314686,0.11704517155885696,0.9380000233650208,0.7075999975204468
YDR333C,YDR416W,0,-2.0315485,0.117030568420887,0.9380000233650208,0.7077000141143799
YIL087C,YGL112C,0,-2.0319252,0.11701596528291702,0.9380000233650208,0.7077999711036682
YLL036C,YML120C,0,-2.0320902,0.11700136959552765,0.9380000233650208,0.7078999876976013
YLR129W,YNL265C,0,-2.0321872,0.11698678135871887,0.9380000233650208,0.7080000042915344
YGL105W,YOR299W,0,-2.0324636,0.1169721931219101,0.9380000233650208,0.7081000208854675
YGR100W,YAL054C,0,-2.0328004,0.11695760488510132,0.9380000233650208,0.7081999778747559
YJR085C,YFR051C,0,-2.033211,0.11694302409887314,0.9380000233650208,0.708299994468689
YJL116C,YGR200C,0,-2.0333395,0.11692844331264496,0.9380000233650208,0.7084000110626221
YKR069W,YHR081W,0,-2.0338593,0.11691386997699738,0.9380000233650208,0.7085000276565552
YLR352W,YOR106W,0,-2.0339851,0.11689930409193039,0.9380000233650208,0.7085999846458435
YBR253W,YPR190C,0,-2.0342896,0.1168847382068634,0.9380000233650208,0.7087000012397766
YAL020C,YBR022W,0,-2.0343068,0.11687017232179642,0.9380000233650208,0.7088000178337097
YEL043W,YPL076W,0,-2.0343964,0.11685561388731003,0.9380000233650208,0.708899974822998
YBR004C,YLR001C,0,-2.0344245,0.11684105545282364,0.9380000233650208,0.7089999914169312
YLR427W,YGR103W,0,-2.034462,0.11682650446891785,0.9380000233650208,0.7091000080108643
YCL011C,YOR147W,0,-2.0347257,0.11681195348501205,0.9380000233650208,0.7092000246047974
YLR447C,YKL185W,0,-2.035095,0.11679740995168686,0.9380000233650208,0.7092999815940857
YNL014W,YJR097W,1,-2.0352337,0.11690737307071686,0.9390000104904175,0.7092999815940857
YGR078C,YPL163C,0,-2.0352662,0.11689281463623047,0.9390000104904175,0.7093999981880188
YGR221C,YMR296C,0,-2.035515,0.11687826365232468,0.9390000104904175,0.7095000147819519
YNL336W,YMR014W,0,-2.0356827,0.11686372011899948,0.9390000104904175,0.7095999717712402
YGL183C,YGR234W,0,-2.0358856,0.11684917658567429,0.9390000104904175,0.7096999883651733
YJL065C,YMR106C,0,-2.0363958,0.11683464050292969,0.9390000104904175,0.7098000049591064
YLR360W,YDR525W-A,0,-2.036549,0.11682010442018509,0.9390000104904175,0.7099000215530396
YKL185W,YNL329C,0,-2.0365624,0.11680557578802109,0.9390000104904175,0.7099999785423279
YGR201C,YPL237W,0,-2.0367463,0.11679104715585709,0.9390000104904175,0.710099995136261
YML022W,YPL123C,0,-2.0368636,0.11677651852369308,0.9390000104904175,0.7102000117301941
YPL153C,YLL061W,0,-2.0368893,0.11676199734210968,0.9390000104904175,0.7103000283241272
YOR304W,YHR177W,0,-2.036924,0.11674748361110687,0.9390000104904175,0.7103999853134155
YDR522C,YDR093W,0,-2.0371187,0.11673296988010406,0.9390000104904175,0.7105000019073486
YNL063W,YIL103W,1,-2.0371683,0.11684276163578033,0.9399999976158142,0.7105000019073486
YPL232W,YBL080C,0,-2.0373585,0.11682824045419693,0.9399999976158142,0.7106000185012817
YOL145C,YKR009C,0,-2.0375156,0.11681371927261353,0.9399999976158142,0.7106999754905701
YIL090W,YPR037C,0,-2.037594,0.11679920554161072,0.9399999976158142,0.7107999920845032
YDR240C,YLR212C,0,-2.0376341,0.11678469181060791,0.9399999976158142,0.7109000086784363
YMR035W,YJR144W,0,-2.037657,0.1167701855301857,0.9399999976158142,0.7110000252723694
YCL073C,YHR045W,0,-2.0376897,0.11675567924976349,0.9399999976158142,0.7110999822616577
YMR020W,YDR265W,0,-2.0381255,0.11674118041992188,0.9399999976158142,0.7111999988555908
YOR036W,YLR313C,0,-2.0382204,0.11672668904066086,0.9399999976158142,0.7113000154495239
YFL055W,YIR022W,0,-2.0383778,0.11671219021081924,0.9399999976158142,0.7113999724388123
YKL007W,YDL001W,0,-2.0383854,0.11669770628213882,0.9399999976158142,0.7114999890327454
YMR280C,YLR144C,0,-2.038894,0.11668321490287781,0.9399999976158142,0.7116000056266785
YLR246W,YBR105C,0,-2.0395665,0.11666873842477798,0.9399999976158142,0.7117000222206116
YDL005C,YPR089W,0,-2.039679,0.11665425449609756,0.9399999976158142,0.7117999792098999
YGR086C,YCL024W,0,-2.0400243,0.11663977801799774,0.9399999976158142,0.711899995803833
YNL039W,YEL042W,0,-2.0400357,0.11662530899047852,0.9399999976158142,0.7120000123977661
YNL110C,YLR363C,0,-2.0401616,0.11661083996295929,0.9399999976158142,0.7121000289916992
YDR517W,YNR031C,0,-2.040343,0.11659637838602066,0.9399999976158142,0.7121999859809875
YPL199C,YJL149W,0,-2.0404356,0.11658191680908203,0.9399999976158142,0.7123000025749207
YDR028C,YMR225C,0,-2.0406404,0.116567462682724,0.9399999976158142,0.7124000191688538
YBL002W,YNL200C,0,-2.041222,0.11655300855636597,0.9399999976158142,0.7124999761581421
YIL119C,YGR124W,0,-2.041296,0.11653855443000793,0.9399999976158142,0.7125999927520752
YNL014W,YGL195W,1,-2.0414798,0.11664807051420212,0.9409999847412109,0.7125999927520752
YNL158W,YDR246W,0,-2.0415404,0.11663361638784409,0.9409999847412109,0.7127000093460083
YJR133W,YDR121W,0,-2.0419142,0.11661916226148605,0.9409999847412109,0.7128000259399414
YPR143W,YFR028C,0,-2.0420265,0.11660470813512802,0.9409999847412109,0.7128999829292297
YMR310C,YIL145C,0,-2.0421274,0.11659026145935059,0.9409999847412109,0.7129999995231628
YNL074C,YJL148W,0,-2.042272,0.11657581478357315,0.9409999847412109,0.713100016117096
YJR015W,YGR053C,0,-2.0423286,0.11656137555837631,0.9409999847412109,0.7131999731063843
YBL105C,YGL246C,0,-2.0424156,0.11654694378376007,0.9409999847412109,0.7132999897003174
YGR166W,YHL006C,0,-2.0427225,0.11653250455856323,0.9409999847412109,0.7134000062942505
YDR119W,YKL021C,0,-2.0428162,0.11651808023452759,0.9409999847412109,0.7135000228881836
YMR044W,YIL044C,0,-2.0430357,0.11650365591049194,0.9409999847412109,0.7135999798774719
YJR101W,YJR005W,0,-2.0431087,0.1164892315864563,0.9409999847412109,0.713699996471405
YLR323C,YBL097W,0,-2.043134,0.11647481471300125,0.9409999847412109,0.7138000130653381
YNL279W,YCR106W,0,-2.0432174,0.1164603978395462,0.9409999847412109,0.7139000296592712
YGL135W,YMR315W,0,-2.0432398,0.11644598096609116,0.9409999847412109,0.7139999866485596
YPL222W,YJR052W,0,-2.0433106,0.1164315789937973,0.9409999847412109,0.7141000032424927
YPR144C,YER032W,0,-2.043342,0.11641716957092285,0.9409999847412109,0.7142000198364258
YHR101C,YHR113W,0,-2.043805,0.116402767598629,0.9409999847412109,0.7142999768257141
YGR224W,YML066C,0,-2.043914,0.11638837307691574,0.9409999847412109,0.7143999934196472
YDR454C,YKR017C,0,-2.0439475,0.11637397855520248,0.9409999847412109,0.7145000100135803
YNL233W,YNL128W,0,-2.04406,0.11635959148406982,0.9409999847412109,0.7146000266075134
YJL110C,YKR031C,0,-2.0440757,0.11634520441293716,0.9409999847412109,0.7146999835968018
YNL320W,YER100W,0,-2.0444942,0.1163308173418045,0.9409999847412109,0.7148000001907349
YGL205W,YPL086C,0,-2.0447018,0.11631643772125244,0.9409999847412109,0.714900016784668
YIL108W,YPL157W,0,-2.0448039,0.11630206555128098,0.9409999847412109,0.7149999737739563
YOR308C,YGR089W,0,-2.0449543,0.11628769338130951,0.9409999847412109,0.7150999903678894
YIL106W,YIR023W,0,-2.045379,0.11627332121133804,0.9409999847412109,0.7152000069618225
YCR030C,YBR081C,0,-2.0455642,0.11625895649194717,0.9409999847412109,0.7153000235557556
YPR075C,YHR177W,0,-2.046069,0.1162445917725563,0.9409999847412109,0.715399980545044
YDR409W,YJR101W,0,-2.0461555,0.11623023450374603,0.9409999847412109,0.715499997138977
YGR063C,YMR015C,0,-2.0464082,0.11621588468551636,0.9409999847412109,0.7156000137329102
YKL055C,YBR172C,0,-2.0467641,0.11620153486728668,0.9409999847412109,0.7156999707221985
YKL201C,YFR015C,0,-2.046837,0.116187185049057,0.9409999847412109,0.7157999873161316
YOR236W,YFL056C,0,-2.0468688,0.11617284268140793,0.9409999847412109,0.7159000039100647
YIL084C,YCL067C,0,-2.0468726,0.11615850031375885,0.9409999847412109,0.7160000205039978
YLR453C,YDR354W,0,-2.0469742,0.11614416539669037,0.9409999847412109,0.7160999774932861
YBR173C,YHR134W,0,-2.0471547,0.11612983047962189,0.9409999847412109,0.7161999940872192
YGR048W,YLR299W,0,-2.0473416,0.1161154955625534,0.9409999847412109,0.7163000106811523
YPL270W,YBR025C,0,-2.04741,0.11610117554664612,0.9409999847412109,0.7164000272750854
YJR124C,YML005W,0,-2.0475514,0.11608684808015823,0.9409999847412109,0.7164999842643738
YMR050C,YHL011C,0,-2.0476313,0.11607252806425095,0.9409999847412109,0.7166000008583069
YDR314C,YBR125C,0,-2.0478818,0.11605821549892426,0.9409999847412109,0.71670001745224
YIR022W,YAR027W,0,-2.0479476,0.11604390293359756,0.9409999847412109,0.7167999744415283
YOL092W,YDR430C,0,-2.048012,0.11602959036827087,0.9409999847412109,0.7168999910354614
YKL196C,YMR179W,0,-2.0482168,0.11601528525352478,0.9409999847412109,0.7170000076293945
YBR007C,YDR471W,0,-2.048423,0.11600098758935928,0.9409999847412109,0.7171000242233276
YKL162C,YER126C,0,-2.0487466,0.11598668992519379,0.9409999847412109,0.717199981212616
YAL062W,YDR047W,0,-2.048832,0.11597239226102829,0.9409999847412109,0.7172999978065491
YDL247W,YDL155W,0,-2.04919,0.11595810204744339,0.9409999847412109,0.7174000144004822
YDL097C,YDR524C,0,-2.0491996,0.11594381183385849,0.9409999847412109,0.7174999713897705
YLR205C,YPR144C,0,-2.049245,0.11592952907085419,0.9409999847412109,0.7175999879837036
YML016C,YER024W,0,-2.049495,0.11591525375843048,0.9409999847412109,0.7177000045776367
YOR202W,YFL011W,0,-2.0497959,0.11590097099542618,0.9409999847412109,0.7178000211715698
YNL116W,YNR030W,0,-2.049888,0.11588670313358307,0.9409999847412109,0.7178999781608582
YNL053W,YDR202C,0,-2.0503016,0.11587242782115936,0.9409999847412109,0.7179999947547913
YLR226W,YKL072W,0,-2.0504205,0.11585815995931625,0.9409999847412109,0.7181000113487244
YGL110C,YNL063W,1,-2.0505154,0.11596700549125671,0.9419999718666077,0.7181000113487244
YMR017W,YPL269W,0,-2.0505211,0.11595273017883301,0.9419999718666077,0.7182000279426575
YDR412W,YMR262W,0,-2.0508382,0.1159384623169899,0.9419999718666077,0.7182999849319458
YML002W,YER082C,0,-2.0510569,0.11592419445514679,0.9419999718666077,0.7184000015258789
YBR103W,YNL153C,0,-2.0513265,0.11590992659330368,0.9419999718666077,0.718500018119812
YGR212W,YDL204W,0,-2.0515213,0.11589566618204117,0.9419999718666077,0.7185999751091003
YGR208W,YCL020W,0,-2.0515304,0.11588141322135925,0.9419999718666077,0.7186999917030334
YDL117W,YBR266C,0,-2.051575,0.11586716026067734,0.9419999718666077,0.7188000082969666
YBR193C,YOL125W,0,-2.0516405,0.11585290729999542,0.9419999718666077,0.7189000248908997
YHR085W,YMR067C,0,-2.0517282,0.1158386617898941,0.9419999718666077,0.718999981880188
YMR116C,YDL160C,1,-2.051969,0.11594737321138382,0.9430000185966492,0.718999981880188
YJL116C,YMR273C,0,-2.051973,0.1159331202507019,0.9430000185966492,0.7190999984741211
YPL045W,YFR031C,0,-2.0522873,0.11591886729001999,0.9430000185966492,0.7192000150680542
YLR016C,YNL091W,0,-2.0523663,0.11590462177991867,0.9430000185966492,0.7192999720573425
YLR292C,YJL053W,0,-2.052613,0.11589037626981735,0.9430000185966492,0.7193999886512756
YGL120C,YNR027W,0,-2.0526683,0.11587613821029663,0.9430000185966492,0.7195000052452087
YJR139C,YOR321W,0,-2.0529122,0.11586190015077591,0.9430000185966492,0.7196000218391418
YHR050W,YMR081C,0,-2.0529554,0.11584766954183578,0.9430000185966492,0.7196999788284302
YOR148C,YER061C,0,-2.0529735,0.11583343893289566,0.9430000185966492,0.7197999954223633
YGL208W,YGL131C,0,-2.0530052,0.11581920832395554,0.9430000185966492,0.7199000120162964
YAL016W,YFL022C,0,-2.0530422,0.11580498516559601,0.9430000185966492,0.7200000286102295
YIL158W,YPL003W,0,-2.0531745,0.11579076945781708,0.9430000185966492,0.7200999855995178
YJR034W,YOR247W,0,-2.053175,0.11577655375003815,0.9430000185966492,0.7202000021934509
YGR231C,YNL056W,0,-2.0532024,0.11576233804225922,0.9430000185966492,0.720300018787384
YLR033W,YIL104C,0,-2.0532238,0.11574812978506088,0.9430000185966492,0.7203999757766724
YHL008C,YNL264C,0,-2.0533018,0.11573392152786255,0.9430000185966492,0.7204999923706055
YAL048C,YML059C,0,-2.0533257,0.11571972072124481,0.9430000185966492,0.7206000089645386
YNL158W,YBR085W,0,-2.0533493,0.11570551991462708,0.9430000185966492,0.7207000255584717
YER021W,YGR120C,0,-2.0536623,0.11569132655858994,0.9430000185966492,0.72079998254776
YJL122W,YLR341W,0,-2.0536947,0.1156771332025528,0.9430000185966492,0.7208999991416931
YOL089C,YOR125C,0,-2.0542219,0.11566294729709625,0.9430000185966492,0.7210000157356262
YDR374C,YHR101C,0,-2.054284,0.11564876139163971,0.9430000185966492,0.7210999727249146
YGR077C,YLR218C,0,-2.0544558,0.11563458293676376,0.9430000185966492,0.7211999893188477
YMR005W,YFL030W,0,-2.0544975,0.11562040448188782,0.9430000185966492,0.7213000059127808
YPR019W,YDR369C,0,-2.0546656,0.11560622602701187,0.9430000185966492,0.7214000225067139
YIL049W,YNL225C,0,-2.0548596,0.11559205502271652,0.9430000185966492,0.7214999794960022
YOR181W,YPR040W,0,-2.0549662,0.11557789146900177,0.9430000185966492,0.7215999960899353
YOR016C,YPL092W,0,-2.0550437,0.11556372791528702,0.9430000185966492,0.7217000126838684
YCL029C,YOR307C,0,-2.0553887,0.11554956436157227,0.9430000185966492,0.7218000292778015
YPL246C,YMR124W,0,-2.0554342,0.11553540825843811,0.9430000185966492,0.7218999862670898
YBR179C,YBR242W,0,-2.0557716,0.11552125215530396,0.9430000185966492,0.722000002861023
YKL185W,YCL075W,0,-2.0563362,0.1155071035027504,0.9430000185966492,0.722100019454956
YGR257C,YER099C,0,-2.0567675,0.11549295485019684,0.9430000185966492,0.7221999764442444
YNL063W,YJR097W,1,-2.0571997,0.11560127139091492,0.9440000057220459,0.7221999764442444
YDL095W,YBR020W,0,-2.0572107,0.11558711528778076,0.9440000057220459,0.7222999930381775
YJL115W,YHR038W,0,-2.0576632,0.1155729666352272,0.9440000057220459,0.7224000096321106
YLR270W,YPL094C,0,-2.0576704,0.11555881798267365,0.9440000057220459,0.7225000262260437
YBR243C,YML008C,0,-2.0578005,0.11554467678070068,0.9440000057220459,0.722599983215332
YBR279W,YHR118C,0,-2.0578077,0.11553053557872772,0.9440000057220459,0.7226999998092651
YGR258C,YER022W,0,-2.0578377,0.11551639437675476,0.9440000057220459,0.7228000164031982
YDR058C,YIL090W,0,-2.0579402,0.1155022606253624,0.9440000057220459,0.7228999733924866
YGR201C,YKL218C,0,-2.0580885,0.11548813432455063,0.9440000057220459,0.7229999899864197
YBR059C,YIR037W,0,-2.0582197,0.11547400802373886,0.9440000057220459,0.7231000065803528
YER147C,YNL289W,0,-2.0587122,0.1154598817229271,0.9440000057220459,0.7232000231742859
YML120C,YER164W,0,-2.0588615,0.11544576287269592,0.9440000057220459,0.7232999801635742
YBL084C,YIL162W,0,-2.0589035,0.11543164402246475,0.9440000057220459,0.7233999967575073
YOR215C,YGR199W,0,-2.059204,0.11541753262281418,0.9440000057220459,0.7235000133514404
YLR138W,YPL279C,0,-2.0592215,0.1154034212231636,0.9440000057220459,0.7235999703407288
YMR170C,YHR019C,0,-2.0592544,0.11538931727409363,0.9440000057220459,0.7236999869346619
YLL025W,YKR081C,0,-2.0593867,0.11537521332502365,0.9440000057220459,0.723800003528595
YML046W,YLR335W,0,-2.0595741,0.11536111682653427,0.9440000057220459,0.7239000201225281
YNL127W,YGR277C,0,-2.059649,0.11534702032804489,0.9440000057220459,0.7239999771118164
YLR360W,YMR294W,0,-2.0598207,0.11533292382955551,0.9440000057220459,0.7240999937057495
YJR085C,YFL004W,0,-2.0601296,0.11531883478164673,0.9440000057220459,0.7242000102996826
YCR076C,YGR033C,0,-2.0602794,0.11530475318431854,0.9440000057220459,0.7243000268936157
YML128C,YIL004C,0,-2.0604765,0.11529067158699036,0.9440000057220459,0.724399983882904
YPR057W,YLR019W,0,-2.0606644,0.11527658998966217,0.9440000057220459,0.7245000004768372
YDL245C,YGR023W,0,-2.060813,0.11526251584291458,0.9440000057220459,0.7246000170707703
YMR271C,YJR049C,0,-2.0613399,0.11524844169616699,0.9440000057220459,0.7246999740600586
YNL219C,YNL335W,0,-2.0614593,0.115234375,0.9440000057220459,0.7247999906539917
YHL013C,YDR299W,0,-2.06149,0.11522030830383301,0.9440000057220459,0.7249000072479248
YER123W,YBL103C,0,-2.0615194,0.11520624905824661,0.9440000057220459,0.7250000238418579
YBR279W,YLR251W,0,-2.061554,0.11519218981266022,0.9440000057220459,0.7250999808311462
YNR012W,YBL023C,0,-2.0615802,0.11517813801765442,0.9440000057220459,0.7251999974250793
YGL020C,YML039W,0,-2.0618527,0.11516408622264862,0.9440000057220459,0.7253000140190125
YLR409C,YML069W,0,-2.0620918,0.11515003442764282,0.9440000057220459,0.7253999710083008
YER036C,YDR088C,0,-2.0621257,0.11513599008321762,0.9440000057220459,0.7254999876022339
YDL022W,YGR252W,0,-2.062477,0.11512195318937302,0.9440000057220459,0.725600004196167
YMR176W,YIL104C,0,-2.0625837,0.11510791629552841,0.9440000057220459,0.7257000207901001
YIL150C,YFR030W,0,-2.0625994,0.11509387940168381,0.9440000057220459,0.7257999777793884
YDR117C,YIL038C,0,-2.0627441,0.1150798499584198,0.9440000057220459,0.7258999943733215
YNR062C,YDR263C,0,-2.062818,0.11506582051515579,0.9440000057220459,0.7260000109672546
YGR033C,YLR353W,0,-2.062965,0.11505179852247238,0.9440000057220459,0.7261000275611877
YDR049W,YPL027W,0,-2.0629752,0.11503777652978897,0.9440000057220459,0.7261999845504761
YHR005C,YIL140W,0,-2.063096,0.11502376198768616,0.9440000057220459,0.7263000011444092
YFL022C,YDR253C,0,-2.0631967,0.11500974744558334,0.9440000057220459,0.7264000177383423
YLR047C,YML062C,0,-2.0633228,0.11499573290348053,0.9440000057220459,0.7264999747276306
YNL225C,YPL200W,0,-2.0633416,0.11498173326253891,0.9440000057220459,0.7265999913215637
YDR307W,YOR122C,0,-2.0634081,0.1149677261710167,0.9440000057220459,0.7267000079154968
YDL080C,YMR244C-A,0,-2.0634387,0.11495372653007507,0.9440000057220459,0.7268000245094299
YPL147W,YER133W,0,-2.063482,0.11493972688913345,0.9440000057220459,0.7268999814987183
YOR230W,YER127W,0,-2.0634937,0.11492573469877243,0.9440000057220459,0.7269999980926514
YGL061C,YOR245C,0,-2.063624,0.114911749958992,0.9440000057220459,0.7271000146865845
YBR046C,YHL044W,0,-2.0640843,0.11489775776863098,0.9440000057220459,0.7271999716758728
YOR198C,YPL092W,0,-2.0640848,0.11488378047943115,0.9440000057220459,0.7272999882698059
YBL095W,YER126C,0,-2.0646806,0.11486979573965073,0.9440000057220459,0.727400004863739
YGL129C,YJL179W,0,-2.0647595,0.1148558184504509,0.9440000057220459,0.7275000214576721
YOL089C,YDR329C,0,-2.0649538,0.11484184861183167,0.9440000057220459,0.7275999784469604
YLR127C,YHL048W,0,-2.065094,0.11482787877321243,0.9440000057220459,0.7276999950408936
YMR195W,YBR139W,0,-2.0652869,0.1148139163851738,0.9440000057220459,0.7278000116348267
YBL033C,YLR312W-A,0,-2.0653985,0.11479995399713516,0.9440000057220459,0.7279000282287598
YLR011W,YMR236W,0,-2.06548,0.11478599160909653,0.9440000057220459,0.7279999852180481
YDL144C,YJR127C,0,-2.0656059,0.11477203667163849,0.9440000057220459,0.7281000018119812
YGR087C,YOR187W,0,-2.0661068,0.11475808173418045,0.9440000057220459,0.7282000184059143
YKL056C,YJR094C,0,-2.066231,0.11474413424730301,0.9440000057220459,0.7282999753952026
YOR207C,YCR076C,0,-2.0666335,0.11473018676042557,0.9440000057220459,0.7283999919891357
YMR273C,YIL105C,0,-2.0667782,0.11471624672412872,0.9440000057220459,0.7285000085830688
YJR133W,YDR082W,0,-2.0670993,0.11470230668783188,0.9440000057220459,0.728600025177002
YMR115W,YKL161C,0,-2.0674407,0.11468837410211563,0.9440000057220459,0.7286999821662903
YGR201C,YHR064C,1,-2.067801,0.11479591578245163,0.9449999928474426,0.7286999821662903
YIL023C,YOR271C,0,-2.0678418,0.11478197574615479,0.9449999928474426,0.7287999987602234
YDR451C,YOL141W,0,-2.0679457,0.11476803570985794,0.9449999928474426,0.7289000153541565
YDR325W,YLR121C,0,-2.0682652,0.1147540956735611,0.9449999928474426,0.7289999723434448
YER004W,YPR010C,0,-2.0682995,0.11474016308784485,0.9449999928474426,0.7290999889373779
YKL156W,YMR111C,0,-2.0684025,0.1147262379527092,0.9449999928474426,0.729200005531311
YDL089W,YDR268W,0,-2.0684347,0.11471230536699295,0.9449999928474426,0.7293000221252441
YPL051W,YNL056W,0,-2.0684807,0.1146983876824379,0.9449999928474426,0.7293999791145325
YMR017W,YBR255W,0,-2.0687356,0.11468446254730225,0.9449999928474426,0.7294999957084656
YGL003C,YPR133W-A,0,-2.068826,0.11467055231332779,0.9449999928474426,0.7296000123023987
YMR247C,YIL103W,1,-2.0688372,0.11477796733379364,0.9459999799728394,0.7296000123023987
YOR207C,YOL119C,0,-2.0691934,0.11476404219865799,0.9459999799728394,0.7297000288963318
YDR031W,YLR430W,0,-2.0695107,0.11475012451410294,0.9459999799728394,0.7297999858856201
YJL102W,YHR151C,0,-2.069763,0.11473620682954788,0.9459999799728394,0.7299000024795532
YGL192W,YNL093W,0,-2.0698242,0.11472228914499283,0.9459999799728394,0.7300000190734863
YPL195W,YJL185C,0,-2.0699563,0.11470837891101837,0.9459999799728394,0.7300999760627747
YJL066C,YIL009C-A,0,-2.0700562,0.11469446867704391,0.9459999799728394,0.7301999926567078
YGR183C,YJR044C,0,-2.070365,0.11468056589365005,0.9459999799728394,0.7303000092506409
YHL040C,YPR135W,0,-2.0710325,0.1146666631102562,0.9459999799728394,0.730400025844574
YPR128C,YAR019C,0,-2.0712001,0.11465276777744293,0.9459999799728394,0.7304999828338623
YDR113C,YPL188W,0,-2.0715292,0.11463887244462967,0.9459999799728394,0.7305999994277954
YOR196C,YMR059W,0,-2.0716395,0.114624984562397,0.9459999799728394,0.7307000160217285
YKR065C,YBL091C,0,-2.0716817,0.11461109668016434,0.9459999799728394,0.7307999730110168
YGL183C,YJL194W,0,-2.0718966,0.11459721624851227,0.9459999799728394,0.73089998960495
YDL144C,YPR164W,0,-2.0722005,0.1145833358168602,0.9459999799728394,0.7310000061988831
YJR108W,YIR018W,0,-2.072301,0.11456945538520813,0.9459999799728394,0.7311000227928162
YDR277C,YJR136C,0,-2.0724387,0.11455558240413666,0.9459999799728394,0.7311999797821045
YKR063C,YJL090C,0,-2.0725286,0.11454170942306519,0.9459999799728394,0.7312999963760376
YOR281C,YDR009W,0,-2.0727575,0.11452784389257431,0.9459999799728394,0.7314000129699707
YBL042C,YBL037W,0,-2.073709,0.11451397836208344,0.9459999799728394,0.7315000295639038
YBR181C,YDR202C,0,-2.0741506,0.11450012028217316,0.9459999799728394,0.7315999865531921
YOL008W,YHR079C,0,-2.0743642,0.11448626220226288,0.9459999799728394,0.7317000031471252
YHR200W,YIL073C,0,-2.074734,0.1144724115729332,0.9459999799728394,0.7318000197410583
YHR087W,YHR019C,0,-2.0749342,0.11445856094360352,0.9459999799728394,0.7318999767303467
YNL132W,YNL164C,0,-2.0749583,0.11444471031427383,0.9459999799728394,0.7319999933242798
YDL245C,YJR065C,0,-2.0750678,0.11443086713552475,0.9459999799728394,0.7321000099182129
YPR196W,YGL110C,0,-2.0750914,0.11441703140735626,0.9459999799728394,0.732200026512146
YOL152W,YER132C,0,-2.0750968,0.11440319567918777,0.9459999799728394,0.7322999835014343
YNL267W,YPL174C,0,-2.075421,0.11438935995101929,0.9459999799728394,0.7324000000953674
YBR177C,YBL042C,0,-2.0754788,0.1143755316734314,0.9459999799728394,0.7325000166893005
YDR123C,YGR191W,0,-2.0757182,0.1143617033958435,0.9459999799728394,0.7325999736785889
YNR026C,YOR294W,0,-2.0759072,0.11434787511825562,0.9459999799728394,0.732699990272522
YOR357C,YHR152W,0,-2.076143,0.11433406174182892,0.9459999799728394,0.7328000068664551
YGL110C,YLR172C,1,-2.076285,0.11444108933210373,0.9470000267028809,0.7328000068664551
YJL122W,YGL183C,0,-2.0763195,0.11442726105451584,0.9470000267028809,0.7329000234603882
YMR229C,YDR145W,0,-2.076376,0.11441343277692795,0.9470000267028809,0.7329999804496765
YCL037C,YIL036W,0,-2.0764756,0.11439961194992065,0.9470000267028809,0.7330999970436096
YKL156W,YJL100W,0,-2.0765026,0.11438579857349396,0.9470000267028809,0.7332000136375427
YOR081C,YGR246C,0,-2.0766077,0.11437197774648666,0.9470000267028809,0.733299970626831
YGR173W,YJL149W,0,-2.076614,0.11435817182064056,0.9470000267028809,0.7333999872207642
YMR017W,YMR232W,0,-2.0770407,0.11434435844421387,0.9470000267028809,0.7335000038146973
YNL014W,YMR024W,1,-2.0774405,0.11445128917694092,0.9480000138282776,0.7335000038146973
YPL252C,YHR104W,0,-2.0774424,0.11443746834993362,0.9480000138282776,0.7336000204086304
YIL004C,YPR068C,0,-2.0776055,0.11442365497350693,0.9480000138282776,0.7336999773979187
YLR133W,YKR026C,0,-2.0777483,0.11440984904766083,0.9480000138282776,0.7337999939918518
YER098W,YDL150W,0,-2.0777938,0.11439604312181473,0.9480000138282776,0.7339000105857849
YDR449C,YBR167C,0,-2.0778081,0.11438223719596863,0.9480000138282776,0.734000027179718
YLR450W,YDL197C,0,-2.0778337,0.11436843872070312,0.9480000138282776,0.7340999841690063
YDR189W,YIL110W,0,-2.0780458,0.11435464769601822,0.9480000138282776,0.7342000007629395
YER128W,YJL198W,0,-2.0782518,0.11434084922075272,0.9480000138282776,0.7343000173568726
YDL207W,YGL060W,0,-2.078563,0.11432706564664841,0.9480000138282776,0.7343999743461609
YPL259C,YMR027W,0,-2.078857,0.1143132746219635,0.9480000138282776,0.734499990940094
YLR205C,YPR155C,0,-2.078916,0.11429949104785919,0.9480000138282776,0.7346000075340271
YOL009C,YPR175W,0,-2.079102,0.11428571492433548,0.9480000138282776,0.7347000241279602
YMR285C,YOR208W,0,-2.0791497,0.11427193880081177,0.9480000138282776,0.7347999811172485
YGR270W,YPR027C,0,-2.0794268,0.11425816267728806,0.9480000138282776,0.7348999977111816
YPL048W,YDL160C,1,-2.0799162,0.11436490714550018,0.9490000009536743,0.7348999977111816
YNL207W,YIL149C,0,-2.0799272,0.11435112357139587,0.9490000009536743,0.7350000143051147
YBR029C,YPR040W,0,-2.0799575,0.11433734744787216,0.9490000009536743,0.7350999712944031
YPR173C,YOR272W,0,-2.0801153,0.11432357877492905,0.9490000009536743,0.7351999878883362
YKL188C,YLR190W,0,-2.0801318,0.11430980265140533,0.9490000009536743,0.7353000044822693
YPL006W,YGR246C,0,-2.0801532,0.11429603397846222,0.9490000009536743,0.7354000210762024
YIL153W,YLR182W,0,-2.0803695,0.1142822727560997,0.9490000009536743,0.7354999780654907
YDR337W,YJL167W,0,-2.0804167,0.11426851153373718,0.9490000009536743,0.7355999946594238
YNL194C,YEL016C,0,-2.080421,0.11425475776195526,0.9490000009536743,0.7357000112533569
YOR362C,YDL175C,0,-2.0804982,0.11424100399017334,0.9490000009536743,0.73580002784729
YPR068C,YJL036W,0,-2.0808682,0.11422725021839142,0.9490000009536743,0.7358999848365784
YPL192C,YDR060W,0,-2.0809624,0.1142135038971901,0.9490000009536743,0.7360000014305115
YDR497C,YOL083W,0,-2.0810938,0.11419975757598877,0.9490000009536743,0.7361000180244446
YMR003W,YGR296W,0,-2.0813723,0.11418601870536804,0.9490000009536743,0.7361999750137329
YDR167W,YOR394W,0,-2.0814223,0.11417227983474731,0.9490000009536743,0.736299991607666
YHR171W,YLR450W,0,-2.0814486,0.11415854841470718,0.9490000009536743,0.7364000082015991
YKL091C,YNL243W,0,-2.081516,0.11414481699466705,0.9490000009536743,0.7365000247955322
YPL192C,YDR065W,0,-2.0816052,0.11413108557462692,0.9490000009536743,0.7365999817848206
YGR201C,YFR009W,1,-2.0818167,0.11423761397600174,0.949999988079071,0.7365999817848206
YGR169C-A,YBR118W,1,-2.0825198,0.11434411257505417,0.9509999752044678,0.7365999817848206
YDL020C,YGR041W,0,-2.0826519,0.11433036625385284,0.9509999752044678,0.7366999983787537
YBR162W-A,YOR359W,0,-2.0827386,0.11431662738323212,0.9509999752044678,0.7368000149726868
YDR418W,YBR139W,0,-2.0827737,0.11430288106203079,0.9509999752044678,0.7368999719619751
YBL095W,YBR266C,0,-2.0828397,0.11428914964199066,0.9509999752044678,0.7369999885559082
YPL065W,YDL165W,0,-2.0829148,0.11427541822195053,0.9509999752044678,0.7371000051498413
YJL131C,YNL124W,0,-2.08319,0.1142616868019104,0.9509999752044678,0.7372000217437744
YGL022W,YPL094C,0,-2.0836117,0.11424795538187027,0.9509999752044678,0.7372999787330627
YGR141W,YDR298C,0,-2.0836844,0.11423423141241074,0.9509999752044678,0.7373999953269958
YKR055W,YHL011C,0,-2.0838852,0.1142205148935318,0.9509999752044678,0.737500011920929
YPL050C,YOL101C,0,-2.0841987,0.11420679837465286,0.9509999752044678,0.7376000285148621
YLR360W,YLR209C,0,-2.0843365,0.11419308185577393,0.9509999752044678,0.7376999855041504
YOR175C,YDR351W,0,-2.084388,0.11417937278747559,0.9509999752044678,0.7378000020980835
YML050W,YLR382C,0,-2.0847752,0.11416566371917725,0.9509999752044678,0.7379000186920166
YLR205C,YGR236C,0,-2.085143,0.1141519621014595,0.9509999752044678,0.7379999756813049
YML076C,YLR074C,0,-2.0851634,0.11413826048374176,0.9509999752044678,0.738099992275238
YNL147W,YHR160C,0,-2.0853987,0.11412456631660461,0.9509999752044678,0.7382000088691711
YBR080C,YOL096C,0,-2.0854642,0.11411087214946747,0.9509999752044678,0.7383000254631042
YOR273C,YJL095W,0,-2.0855868,0.11409717798233032,0.9509999752044678,0.7383999824523926
YJR052W,YBR028C,0,-2.0858073,0.11408349126577377,0.9509999752044678,0.7384999990463257
YJR019C,YCL014W,0,-2.0858445,0.11406981199979782,0.9509999752044678,0.7386000156402588
YHR028C,YNL021W,0,-2.085882,0.11405612528324127,0.9509999752044678,0.7386999726295471
YEL051W,YHR119W,0,-2.0858932,0.11404245346784592,0.9509999752044678,0.7387999892234802
YCR010C,YIL171W,0,-2.0860078,0.11402877420186996,0.9509999752044678,0.7389000058174133
YLR239C,YKL084W,0,-2.08617,0.11401510238647461,0.9509999752044678,0.7390000224113464
YDR089W,YJL024C,0,-2.086209,0.11400143802165985,0.9509999752044678,0.7390999794006348
YPL017C,YPL094C,0,-2.0864348,0.11398777365684509,0.9509999752044678,0.7391999959945679
YJR065C,YMR076C,0,-2.0864735,0.11397411674261093,0.9509999752044678,0.739300012588501
YIL126W,YKL127W,0,-2.0865226,0.11396045237779617,0.9509999752044678,0.7394000291824341
YOR213C,YDL052C,0,-2.0867095,0.11394680291414261,0.9509999752044678,0.7394999861717224
YDR255C,YGL060W,0,-2.0867472,0.11393314599990845,0.9509999752044678,0.7396000027656555
YBR104W,YHR034C,0,-2.0868206,0.11391950398683548,0.9509999752044678,0.7397000193595886
YLR047C,YGL222C,0,-2.0870764,0.11390585452318192,0.9509999752044678,0.739799976348877
YOL083W,YIL030C,0,-2.0871515,0.11389221251010895,0.9509999752044678,0.7398999929428101
YNL297C,YLR081W,0,-2.087159,0.11387857794761658,0.9509999752044678,0.7400000095367432
YMR262W,YBR221C,0,-2.087704,0.1138649433851242,0.9509999752044678,0.7401000261306763
YGL183C,YPL172C,0,-2.0878565,0.11385130882263184,0.9509999752044678,0.7401999831199646
YIL023C,YGR277C,0,-2.0879345,0.11383768171072006,0.9509999752044678,0.7402999997138977
YGR110W,YKL148C,0,-2.0879657,0.11382405459880829,0.9509999752044678,0.7404000163078308
YDR326C,YGL065C,0,-2.0881445,0.11381043493747711,0.9509999752044678,0.7404999732971191
YDR380W,YNL074C,0,-2.0882225,0.11379681527614594,0.9509999752044678,0.7405999898910522
YDR208W,YML014W,0,-2.0883021,0.11378320306539536,0.9509999752044678,0.7407000064849854
YFR052W,YER012W,0,-2.0883164,0.11376959085464478,0.9509999752044678,0.7408000230789185
YDR201W,YKL015W,0,-2.0885212,0.1137559786438942,0.9509999752044678,0.7408999800682068
YCL061C,YPR161C,0,-2.0885592,0.11374237388372421,0.9509999752044678,0.7409999966621399
YMR116C,YNL063W,1,-2.0885816,0.11384835839271545,0.9520000219345093,0.7409999966621399
YOR103C,YGL161C,0,-2.0888572,0.11383474618196487,0.9520000219345093,0.741100013256073
YHR123W,YDL064W,0,-2.0891619,0.11382114142179489,0.9520000219345093,0.7411999702453613
YLR001C,YOR136W,0,-2.0892317,0.11380752921104431,0.9520000219345093,0.7412999868392944
YGL096W,YLR363C,0,-2.0895672,0.11379392445087433,0.9520000219345093,0.7414000034332275
YMR017W,YGR120C,0,-2.0896947,0.11378032714128494,0.9520000219345093,0.7415000200271606
YNL274C,YER030W,0,-2.0897348,0.11376672983169556,0.9520000219345093,0.741599977016449
YGR093W,YBR022W,0,-2.089766,0.11375313997268677,0.9520000219345093,0.7416999936103821
YGL104C,YBL023C,0,-2.0899446,0.11373954266309738,0.9520000219345093,0.7418000102043152
YKL148C,YDR044W,0,-2.0900927,0.11372596025466919,0.9520000219345093,0.7419000267982483
YLR073C,YGR278W,0,-2.0902984,0.113712377846241,0.9520000219345093,0.7419999837875366
YKR095W,YDR037W,0,-2.0907311,0.1136987954378128,0.9520000219345093,0.7421000003814697
YEL016C,YLR203C,0,-2.090791,0.11368521302938461,0.9520000219345093,0.7422000169754028
YNL118C,YOR048C,0,-2.0909803,0.11367163807153702,0.9520000219345093,0.7422999739646912
YOR020C,YBR212W,0,-2.0912962,0.11365807056427002,0.9520000219345093,0.7423999905586243
YJL219W,YDL185W,0,-2.091655,0.11364450305700302,0.9520000219345093,0.7425000071525574
YDL067C,YCR091W,0,-2.0918026,0.11363093554973602,0.9520000219345093,0.7426000237464905
YOL008W,YDR325W,0,-2.092228,0.11361737549304962,0.9520000219345093,0.7426999807357788
YJR059W,YGR076C,0,-2.0922954,0.11360381543636322,0.9520000219345093,0.7427999973297119
YBR034C,YNL022C,0,-2.0924158,0.11359026283025742,0.9520000219345093,0.742900013923645
YPL120W,YGR120C,0,-2.0924757,0.11357671022415161,0.9520000219345093,0.7429999709129333
YNL312W,YOL122C,0,-2.0925539,0.1135631650686264,0.9520000219345093,0.7430999875068665
YCR005C,YNL233W,0,-2.0926402,0.1135496199131012,0.9520000219345093,0.7432000041007996
YEL002C,YGL186C,0,-2.0927632,0.11353607475757599,0.9520000219345093,0.7433000206947327
YBR271W,YML109W,0,-2.0928593,0.11352253705263138,0.9520000219345093,0.743399977684021
YLR011W,YDR458C,0,-2.092891,0.11350899934768677,0.9520000219345093,0.7434999942779541
YKL160W,YJR085C,0,-2.093069,0.11349546909332275,0.9520000219345093,0.7436000108718872
YBR110W,YML074C,0,-2.0932195,0.11348193883895874,0.9520000219345093,0.7437000274658203
YNL085W,YOL133W,0,-2.0932727,0.11346841603517532,0.9520000219345093,0.7437999844551086
YMR160W,YIR024C,0,-2.0933735,0.1134548932313919,0.9520000219345093,0.7439000010490417
YNL103W,YBR034C,0,-2.0936294,0.11344137042760849,0.9520000219345093,0.7440000176429749
YKL094W,YHR140W,0,-2.0939145,0.11342785507440567,0.9520000219345093,0.7440999746322632
YCR036W,YDR243C,0,-2.093958,0.11341434717178345,0.9520000219345093,0.7441999912261963
YER095W,YDR473C,0,-2.094208,0.11340083181858063,0.9520000219345093,0.7443000078201294
YLR142W,YMR015C,0,-2.0942273,0.1133873239159584,0.9520000219345093,0.7444000244140625
YKR053C,YNL328C,0,-2.0942347,0.11337382346391678,0.9520000219345093,0.7444999814033508
YDL106C,YLR046C,0,-2.0942674,0.11336032301187515,0.9520000219345093,0.7445999979972839
YKL042W,YCL034W,0,-2.0944705,0.11334683001041412,0.9520000219345093,0.744700014591217
YPL181W,YNL152W,0,-2.0944738,0.1133333370089531,0.9520000219345093,0.7447999715805054
YGL195W,YGR201C,1,-2.094839,0.11343887448310852,0.953000009059906,0.7447999715805054
YPL103C,YOR110W,0,-2.095156,0.1134253740310669,0.953000009059906,0.7448999881744385
YMR210W,YGR141W,0,-2.095229,0.11341187357902527,0.953000009059906,0.7450000047683716
YOL019W,YPL171C,0,-2.0952966,0.11339838057756424,0.953000009059906,0.7451000213623047
YMR092C,YLR220W,0,-2.0953255,0.11338488757610321,0.953000009059906,0.745199978351593
YIR021W,YNR071C,0,-2.0956113,0.11337140202522278,0.953000009059906,0.7452999949455261
YOR075W,YPL134C,0,-2.095841,0.11335791647434235,0.953000009059906,0.7454000115394592
YOR281C,YDR051C,0,-2.0960171,0.11334443092346191,0.953000009059906,0.7455000281333923
YLR183C,YBR122C,0,-2.0960572,0.11333095282316208,0.953000009059906,0.7455999851226807
YPR105C,YIL021W,0,-2.0963886,0.11331748217344284,0.953000009059906,0.7457000017166138
YLL025W,YPL101W,0,-2.0963886,0.113304004073143,0.953000009059906,0.7458000183105469
YML065W,YHR164C,0,-2.0966115,0.11329054087400436,0.953000009059906,0.7458999752998352
YKL080W,YLR093C,0,-2.0966983,0.11327707022428513,0.953000009059906,0.7459999918937683
YDR159W,YJR089W,0,-2.096856,0.11326360702514648,0.953000009059906,0.7461000084877014
YHR040W,YBR264C,0,-2.0969868,0.11325015127658844,0.953000009059906,0.7462000250816345
YHR172W,YOL154W,0,-2.097245,0.1132366955280304,0.953000009059906,0.7462999820709229
YPR036W,YKL065C,0,-2.097258,0.11322323977947235,0.953000009059906,0.746399998664856
YIL142W,YDR463W,0,-2.0973415,0.1132097914814949,0.953000009059906,0.7465000152587891
YPR009W,YPL043W,0,-2.0974717,0.11319634318351746,0.953000009059906,0.7465999722480774
YJL128C,YMR293C,0,-2.0976398,0.11318289488554001,0.953000009059906,0.7466999888420105
YMR029C,YNL005C,0,-2.0977342,0.11316945403814316,0.953000009059906,0.7468000054359436
YNL194C,YCL024W,0,-2.0977664,0.1131560206413269,0.953000009059906,0.7469000220298767
YLL033W,YBR119W,0,-2.0977685,0.11314258724451065,0.953000009059906,0.746999979019165
YOR207C,YKR089C,0,-2.098029,0.1131291538476944,0.953000009059906,0.7470999956130981
YLR467W,YDR069C,0,-2.098056,0.11311572790145874,0.953000009059906,0.7472000122070312
YEL021W,YKR044W,0,-2.0980723,0.11310230195522308,0.953000009059906,0.7473000288009644
YOR127W,YGL110C,0,-2.098077,0.11308888345956802,0.953000009059906,0.7473999857902527
YJL083W,YBL098W,0,-2.0984092,0.11307546496391296,0.953000009059906,0.7475000023841858
YCR052W,YLR450W,0,-2.098513,0.1130620464682579,0.953000009059906,0.7476000189781189
YLR218C,YKL168C,0,-2.0985427,0.11304863542318344,0.953000009059906,0.7476999759674072
YPR003C,YBR026C,0,-2.0987427,0.11303522437810898,0.953000009059906,0.7477999925613403
YBL033C,YGR172C,0,-2.0989535,0.11302182078361511,0.953000009059906,0.7479000091552734
YPR105C,YKL086W,0,-2.0991957,0.11300841718912125,0.953000009059906,0.7480000257492065
YPR018W,YDL155W,0,-2.0996609,0.11299502104520798,0.953000009059906,0.7480999827384949
YGL017W,YOR010C,0,-2.0999188,0.11298162490129471,0.953000009059906,0.748199999332428
YDR238C,YKL197C,0,-2.1000564,0.11296822875738144,0.953000009059906,0.7483000159263611
YJR051W,YDR358W,0,-2.1003866,0.11295484006404877,0.953000009059906,0.7483999729156494
YCL039W,YML059C,0,-2.1005828,0.11294145882129669,0.953000009059906,0.7484999895095825
YML052W,YJL048C,0,-2.1006396,0.11292807012796402,0.953000009059906,0.7486000061035156
YER023W,YCL044C,0,-2.1007357,0.11291468888521194,0.953000009059906,0.7487000226974487
YDL138W,YJL050W,0,-2.1008391,0.11290131509304047,0.953000009059906,0.7487999796867371
YPR194C,YNL037C,0,-2.1012,0.11288794130086899,0.953000009059906,0.7488999962806702
YPL140C,YBR251W,0,-2.1016862,0.11287456750869751,0.953000009059906,0.7490000128746033
YPL051W,YDR515W,0,-2.1017053,0.11286120116710663,0.953000009059906,0.7491000294685364
YJL148W,YOR083W,0,-2.1018465,0.11284784227609634,0.953000009059906,0.7491999864578247
YNL130C,YDL133W,0,-2.1019015,0.11283447593450546,0.953000009059906,0.7493000030517578
YCR034W,YOR281C,0,-2.1019208,0.11282111704349518,0.953000009059906,0.7494000196456909
YPL195W,YLR151C,0,-2.1020021,0.11280776560306549,0.953000009059906,0.7494999766349792
YGR100W,YGR083C,0,-2.1022193,0.1127944141626358,0.953000009059906,0.7495999932289124
YBR298C,YMR030W,0,-2.1022847,0.11278106272220612,0.953000009059906,0.7497000098228455
YDR206W,YDL042C,0,-2.1024287,0.11276771873235703,0.953000009059906,0.7498000264167786
YOL059W,YPL174C,0,-2.102774,0.11275437474250793,0.953000009059906,0.7498999834060669
YFL046W,YDL194W,0,-2.1029475,0.11274103820323944,0.953000009059906,0.75
YHR100C,YDR449C,0,-2.1031425,0.11272770166397095,0.953000009059906,0.7501000165939331
YOR209C,YLR006C,0,-2.1038063,0.11271437257528305,0.953000009059906,0.7501999735832214
YKR055W,YFR046C,0,-2.1039069,0.11270104348659515,0.953000009059906,0.7502999901771545
YJL014W,YDR516C,0,-2.103943,0.11268771439790726,0.953000009059906,0.7504000067710876
YMR086W,YDR106W,0,-2.1042283,0.11267439275979996,0.953000009059906,0.7505000233650208
YAL007C,YIL087C,0,-2.104239,0.11266107112169266,0.953000009059906,0.7505999803543091
YEL034W,YDL160C,1,-2.1048818,0.11276596039533615,0.9539999961853027,0.7505999803543091
YML076C,YNL006W,0,-2.1049702,0.11275263130664825,0.9539999961853027,0.7506999969482422
YNL335W,YGL022W,0,-2.1050415,0.11273930221796036,0.9539999961853027,0.7508000135421753
YOR207C,YPL134C,0,-2.1053102,0.11272598057985306,0.9539999961853027,0.7508999705314636
YHR051W,YOR166C,0,-2.1056707,0.11271266639232635,0.9539999961853027,0.7509999871253967
YLL013C,YOL076W,0,-2.1057045,0.11269935220479965,0.9539999961853027,0.7511000037193298
YDR005C,YGR257C,0,-2.1060867,0.11268603801727295,0.9539999961853027,0.7512000203132629
YBR041W,YPL148C,0,-2.1063533,0.11267273128032684,0.9539999961853027,0.7512999773025513
YLR342W,YPL171C,0,-2.1065059,0.11265942454338074,0.9539999961853027,0.7513999938964844
YDR439W,YHR050W,0,-2.1068878,0.11264611780643463,0.9539999961853027,0.7515000104904175
YIR026C,YBR037C,0,-2.1069324,0.11263281852006912,0.9539999961853027,0.7516000270843506
YKL109W,YER150W,0,-2.107107,0.11261952668428421,0.9539999961853027,0.7516999840736389
YDR385W,YGR201C,1,-2.1072333,0.11272426694631577,0.9549999833106995,0.7516999840736389
YDR454C,YHR098C,0,-2.1072338,0.11271096765995026,0.9549999833106995,0.751800000667572
YOL101C,YPR024W,0,-2.1075675,0.11269766092300415,0.9549999833106995,0.7519000172615051
YKR103W,YOL133W,0,-2.107574,0.11268436908721924,0.9549999833106995,0.7519999742507935
YJL139C,YGL244W,0,-2.1075997,0.11267106980085373,0.9549999833106995,0.7520999908447266
YOR194C,YML046W,0,-2.1076095,0.11265777796506882,0.9549999833106995,0.7522000074386597
YPR028W,YFR052W,0,-2.1077008,0.1126444935798645,0.9549999833106995,0.7523000240325928
YOL043C,YJL054W,0,-2.1077228,0.11263120919466019,0.9549999833106995,0.7523999810218811
YMR085W,YDR115W,0,-2.1078305,0.11261792480945587,0.9549999833106995,0.7524999976158142
YGR201C,YKL081W,1,-2.1079414,0.11272255331277847,0.9559999704360962,0.7524999976158142
YKR092C,YKR058W,0,-2.1082528,0.11270926892757416,0.9559999704360962,0.7526000142097473
YGL166W,YNR022C,0,-2.1084023,0.11269597709178925,0.9559999704360962,0.7526999711990356
YAL062W,YLR130C,0,-2.1085713,0.11268270015716553,0.9559999704360962,0.7527999877929688
YDR052C,YCR016W,0,-2.109,0.11266941577196121,0.9559999704360962,0.7529000043869019
YPR193C,YPR184W,0,-2.1092825,0.1126561388373375,0.9559999704360962,0.753000020980835
YLR239C,YOR205C,0,-2.109794,0.11264286190271378,0.9559999704360962,0.7530999779701233
YNL014W,YLR069C,1,-2.1097946,0.11274740844964981,0.9570000171661377,0.7530999779701233
YPL055C,YLR010C,0,-2.1098151,0.1127341240644455,0.9570000171661377,0.7531999945640564
YKR083C,YOR099W,0,-2.1099286,0.11272084712982178,0.9570000171661377,0.7533000111579895
YIR024C,YOR368W,0,-2.1100361,0.11270757019519806,0.9570000171661377,0.7534000277519226
YOR100C,YBR004C,0,-2.1103928,0.11269430071115494,0.9570000171661377,0.7534999847412109
YML059C,YMR323W,0,-2.110743,0.11268103122711182,0.9570000171661377,0.753600001335144
YER184C,YBL041W,0,-2.1108031,0.11266776919364929,0.9570000171661377,0.7537000179290771
YDL098C,YPR089W,0,-2.111005,0.11265449970960617,0.9570000171661377,0.7537999749183655
YML097C,YDR416W,0,-2.111221,0.11264124512672424,0.9570000171661377,0.7538999915122986
YGL251C,YHR045W,0,-2.111271,0.11262798309326172,0.9570000171661377,0.7540000081062317
YNR058W,YOR094W,0,-2.1113067,0.11261473596096039,0.9570000171661377,0.7541000247001648
YLR118C,YIL168W,0,-2.1113086,0.11260148137807846,0.9570000171661377,0.7541999816894531
YLR069C,YPL052W,1,-2.1113667,0.11270587891340256,0.9580000042915344,0.7541999816894531
YLR333C,YKR050W,0,-2.1115658,0.11269262433052063,0.9580000042915344,0.7542999982833862
YCR005C,YOR187W,0,-2.1115675,0.1126793697476387,0.9580000042915344,0.7544000148773193
YPR066W,YAL013W,0,-2.1116793,0.11266611516475677,0.9580000042915344,0.7544999718666077
YJR124C,YGR093W,0,-2.111903,0.11265286803245544,0.9580000042915344,0.7545999884605408
YLR045C,YNL200C,0,-2.112138,0.11263962090015411,0.9580000042915344,0.7547000050544739
YGR062C,YLR090W,0,-2.112494,0.11262638121843338,0.9580000042915344,0.754800021648407
YKL068W,YMR128W,0,-2.1125636,0.11261314153671265,0.9580000042915344,0.7548999786376953
YPR009W,YIR011C,0,-2.1126208,0.11259990930557251,0.9580000042915344,0.7549999952316284
YOR079C,YPR134W,0,-2.1127725,0.11258666962385178,0.9580000042915344,0.7551000118255615
YCL020W,YGL031C,0,-2.1130044,0.11257344484329224,0.9580000042915344,0.7552000284194946
YMR086W,YKL130C,0,-2.113106,0.1125602126121521,0.9580000042915344,0.755299985408783
YLR181C,YOR243C,0,-2.1134765,0.11254699528217316,0.9580000042915344,0.7554000020027161
YBL084C,YHR157W,0,-2.1135912,0.11253377050161362,0.9580000042915344,0.7555000185966492
YDL046W,YMR180C,0,-2.1138618,0.11252055317163467,0.9580000042915344,0.7555999755859375
YKR044W,YCR067C,0,-2.113967,0.11250734329223633,0.9580000042915344,0.7556999921798706
YNL267W,YGL228W,0,-2.1141298,0.11249412596225739,0.9580000042915344,0.7558000087738037
YKL163W,YPL126W,0,-2.1142428,0.11248092353343964,0.9580000042915344,0.7559000253677368
YAL009W,YJL194W,0,-2.1143484,0.11246771365404129,0.9580000042915344,0.7559999823570251
YDR138W,YOL006C,0,-2.1144242,0.11245451122522354,0.9580000042915344,0.7560999989509583
YMR310C,YKL143W,0,-2.1145291,0.11244131624698639,0.9580000042915344,0.7562000155448914
YMR012W,YOL154W,0,-2.1149511,0.11242812126874924,0.9580000042915344,0.7562999725341797
YJL134W,YOL062C,0,-2.115021,0.11241492629051208,0.9580000042915344,0.7563999891281128
YOR150W,YNL245C,0,-2.115225,0.11240173876285553,0.9580000042915344,0.7565000057220459
YKL189W,YAL035W,0,-2.1153297,0.11238855123519897,0.9580000042915344,0.756600022315979
YLR183C,YEL048C,0,-2.115457,0.11237536370754242,0.9580000042915344,0.7566999793052673
YDR529C,YHR169W,0,-2.1154912,0.11236218363046646,0.9580000042915344,0.7567999958992004
YJL065C,YMR075W,0,-2.1155744,0.1123490110039711,0.9580000042915344,0.7569000124931335
YCL061C,YGR063C,0,-2.1157854,0.11233583837747574,0.9580000042915344,0.7570000290870667
YDL160C,YMR247C,1,-2.1158054,0.11243990808725357,0.9589999914169312,0.7570000290870667
YPL026C,YBL059W,0,-2.1159542,0.11242672801017761,0.9589999914169312,0.757099986076355
YDL097C,YNR073C,0,-2.1161208,0.11241354793310165,0.9589999914169312,0.7572000026702881
YDL070W,YJL072C,0,-2.1165447,0.11240037530660629,0.9589999914169312,0.7573000192642212
YER035W,YMR124W,0,-2.1167068,0.11238720268011093,0.9589999914169312,0.7573999762535095
YAL009W,YMR006C,0,-2.116911,0.11237403005361557,0.9589999914169312,0.7574999928474426
YGL011C,YEL016C,0,-2.117048,0.1123608648777008,0.9589999914169312,0.7576000094413757
YJL154C,YGR127W,0,-2.1173356,0.11234770715236664,0.9589999914169312,0.7577000260353088
YPR042C,YDL020C,0,-2.1173477,0.11233454197645187,0.9589999914169312,0.7577999830245972
YNL233W,YOL065C,0,-2.1174257,0.1123213842511177,0.9589999914169312,0.7578999996185303
YDL064W,YBR167C,0,-2.1174307,0.11230823397636414,0.9589999914169312,0.7580000162124634
YPR001W,YLR303W,0,-2.117474,0.11229508370161057,0.9589999914169312,0.7580999732017517
YMR051C,YGL008C,0,-2.1175456,0.112281933426857,0.9589999914169312,0.7581999897956848
YDR434W,YIL026C,0,-2.1183078,0.11226879060268402,0.9589999914169312,0.7583000063896179
YNR035C,YLL015W,0,-2.118367,0.11225564777851105,0.9589999914169312,0.758400022983551
YNL157W,YKL127W,0,-2.1183698,0.11224251240491867,0.9589999914169312,0.7584999799728394
YLR189C,YML068W,0,-2.118371,0.1122293770313263,0.9589999914169312,0.7585999965667725
YGR209C,YLR005W,0,-2.1184812,0.11221624165773392,0.9589999914169312,0.7587000131607056
YNR032C-A,YJL125C,0,-2.1186507,0.11220311373472214,0.9589999914169312,0.7588000297546387
YDR499W,YDR166C,0,-2.1188114,0.11218998581171036,0.9589999914169312,0.758899986743927
YDR103W,YOL066C,0,-2.1189759,0.11217686533927917,0.9589999914169312,0.7590000033378601
YLR138W,YER175C,0,-2.1191382,0.11216374486684799,0.9589999914169312,0.7591000199317932
YOL009C,YEL029C,0,-2.1193717,0.11215062439441681,0.9589999914169312,0.7591999769210815
YIL177C,YBR036C,0,-2.119384,0.11213751137256622,0.9589999914169312,0.7592999935150146
YNL275W,YPL211W,0,-2.1194065,0.11212439835071564,0.9589999914169312,0.7594000101089478
YOR187W,YMR024W,1,-2.1195421,0.11222819983959198,0.9599999785423279,0.7594000101089478
YMR314W,YGR116W,0,-2.120051,0.1122150793671608,0.9599999785423279,0.7595000267028809
YPL146C,YKL034W,0,-2.1200967,0.11220196634531021,0.9599999785423279,0.7595999836921692
YKL141W,YML080W,0,-2.1202703,0.11218885332345963,0.9599999785423279,0.7597000002861023
YDL233W,YDR041W,0,-2.1202884,0.11217574030160904,0.9599999785423279,0.7598000168800354
YDL095W,YPR159W,0,-2.120325,0.11216263473033905,0.9599999785423279,0.7598999738693237
YLR128W,YNL094W,0,-2.121028,0.11214952915906906,0.9599999785423279,0.7599999904632568
YGR109C,YOR276W,0,-2.1211083,0.11213643103837967,0.9599999785423279,0.7601000070571899
YOR330C,YDR069C,0,-2.1211746,0.11212333291769028,0.9599999785423279,0.760200023651123
YNL008C,YKL008C,0,-2.1211867,0.11211024224758148,0.9599999785423279,0.7602999806404114
YDL160C,YBR118W,1,-2.1212454,0.11221391707658768,0.9610000252723694,0.7602999806404114
YLR393W,YGR053C,0,-2.121632,0.11220081895589828,0.9610000252723694,0.7603999972343445
YML009C,YDR468C,0,-2.121715,0.11218772083520889,0.9610000252723694,0.7605000138282776
YER050C,YHR105W,0,-2.1218474,0.1121746227145195,0.9610000252723694,0.7605999708175659
YPL233W,YML086C,0,-2.1218612,0.1121615320444107,0.9610000252723694,0.760699987411499
YDR411C,YGL151W,0,-2.121954,0.11214844137430191,0.9610000252723694,0.7608000040054321
YNL264C,YKR062W,0,-2.1219592,0.11213535815477371,0.9610000252723694,0.7609000205993652
YAL009W,YJR034W,0,-2.1223423,0.11212227493524551,0.9610000252723694,0.7609999775886536
YLR218C,YBR290W,0,-2.122834,0.11210919171571732,0.9610000252723694,0.7610999941825867
YJL083W,YIR012W,0,-2.123354,0.11209611594676971,0.9610000252723694,0.7612000107765198
YNL252C,YLR312C,0,-2.1237547,0.11208304017782211,0.9610000252723694,0.7613000273704529
YIL134W,YJR074W,0,-2.123908,0.11206997185945511,0.9610000252723694,0.7613999843597412
YFR011C,YER066W,0,-2.124007,0.1120569035410881,0.9610000252723694,0.7615000009536743
YDR308C,YER065C,0,-2.1241195,0.1120438352227211,0.9610000252723694,0.7616000175476074
YPL252C,YDL139C,0,-2.1247807,0.11203077435493469,0.9610000252723694,0.7616999745368958
YLR014C,YPL087W,0,-2.124859,0.11201772093772888,0.9610000252723694,0.7617999911308289
YNL274C,YIL158W,0,-2.1249716,0.11200466006994247,0.9610000252723694,0.761900007724762
YOL107W,YML057W,0,-2.125004,0.11199160665273666,0.9610000252723694,0.7620000243186951
YDR142C,YDR402C,0,-2.1251943,0.11197856068611145,0.9610000252723694,0.7620999813079834
YLR360W,YMR043W,0,-2.1254678,0.11196551471948624,0.9610000252723694,0.7621999979019165
YHR048W,YGR023W,0,-2.1259503,0.11195246875286102,0.9610000252723694,0.7623000144958496
YER087W,YLR144C,0,-2.125972,0.1119394302368164,0.9610000252723694,0.7623999714851379
YMR292W,YIL158W,0,-2.126214,0.11192639172077179,0.9610000252723694,0.762499988079071
YGL245W,YKL133C,0,-2.1263182,0.11191336065530777,0.9610000252723694,0.7626000046730042
YLR447C,YJR155W,0,-2.1263673,0.11190032958984375,0.9610000252723694,0.7627000212669373
YCL059C,YIL105C,0,-2.126446,0.11188729852437973,0.9610000252723694,0.7627999782562256
YNL249C,YNL068C,0,-2.1264768,0.11187427490949631,0.9610000252723694,0.7628999948501587
YER065C,YOL105C,0,-2.126615,0.11186125129461288,0.9610000252723694,0.7630000114440918
YPL184C,YLR210W,0,-2.126666,0.11184822767972946,0.9610000252723694,0.7631000280380249
YJL187C,YAL013W,0,-2.1268377,0.11183521151542664,0.9610000252723694,0.7631999850273132
YBR282W,YPL066W,0,-2.1269288,0.1118222028017044,0.9610000252723694,0.7633000016212463
YOR304W,YHR060W,0,-2.1272404,0.11180919408798218,0.9610000252723694,0.7634000182151794
YOR279C,YDR080W,0,-2.1274736,0.11179618537425995,0.9610000252723694,0.7634999752044678
YBR216C,YBR082C,0,-2.1276855,0.11178317666053772,0.9610000252723694,0.7635999917984009
YML113W,YOR279C,0,-2.127707,0.11177017539739609,0.9610000252723694,0.763700008392334
YOL104C,YNL077W,0,-2.1279957,0.11175718158483505,0.9610000252723694,0.7638000249862671
YJR110W,YLR268W,0,-2.1285884,0.11174418777227402,0.9610000252723694,0.7638999819755554
YGL258W,YDR059C,0,-2.1289797,0.11173119395971298,0.9610000252723694,0.7639999985694885
YDL239C,YPL065W,0,-2.1292155,0.11171820759773254,0.9610000252723694,0.7641000151634216
YOR056C,YMR231W,0,-2.1294951,0.1117052212357521,0.9610000252723694,0.76419997215271
YBR200W,YMR305C,0,-2.1295936,0.11169223487377167,0.9610000252723694,0.7642999887466431
YIL085C,YPR120C,0,-2.1298492,0.11167925596237183,0.9610000252723694,0.7644000053405762
YNL173C,YKL061W,0,-2.1298516,0.11166627705097198,0.9610000252723694,0.7645000219345093
YJL041W,YNL158W,0,-2.1299038,0.11165330559015274,0.9610000252723694,0.7645999789237976
YNL008C,YKR006C,0,-2.130114,0.1116403341293335,0.9610000252723694,0.7646999955177307
YNR044W,YBR088C,0,-2.1302,0.11162737011909485,0.9610000252723694,0.7648000121116638
YOL095C,YKR031C,0,-2.1305592,0.1116143986582756,0.9610000252723694,0.7649000287055969
YDR142C,YDL089W,0,-2.1305733,0.11160144209861755,0.9610000252723694,0.7649999856948853
YPL005W,YPL046C,0,-2.1306186,0.1115884780883789,0.9610000252723694,0.7651000022888184
YFL003C,YML042W,0,-2.1307647,0.11157552897930145,0.9610000252723694,0.7652000188827515
YHR012W,YDR214W,0,-2.131177,0.1115625724196434,0.9610000252723694,0.7652999758720398
YPL045W,YOR285W,0,-2.1313038,0.11154962331056595,0.9610000252723694,0.7653999924659729
YIL062C,YOR297C,0,-2.1313705,0.1115366742014885,0.9610000252723694,0.765500009059906
YOL146W,YJL081C,0,-2.1314197,0.11152373254299164,0.9610000252723694,0.7656000256538391
YDR049W,YKL022C,0,-2.1314573,0.11151079088449478,0.9610000252723694,0.7656999826431274
YER065C,YGR234W,0,-2.131769,0.11149785667657852,0.9610000252723694,0.7657999992370605
YGR224W,YNL233W,0,-2.1318913,0.11148492246866226,0.9610000252723694,0.7659000158309937
YGR058W,YNL199C,0,-2.132108,0.111471988260746,0.9610000252723694,0.765999972820282
YML065W,YHR154W,0,-2.1322145,0.11145906150341034,0.9610000252723694,0.7660999894142151
YGR003W,YOL022C,0,-2.13245,0.11144613474607468,0.9610000252723694,0.7662000060081482
YKL039W,YGL084C,0,-2.1324987,0.11143320798873901,0.9610000252723694,0.7663000226020813
YGL236C,YFL020C,0,-2.1326213,0.11142028868198395,0.9610000252723694,0.7663999795913696
YDR342C,YER048W-A,0,-2.1326318,0.11140736937522888,0.9610000252723694,0.7664999961853027
YDR524C,YLL003W,0,-2.1327362,0.11139445751905441,0.9610000252723694,0.7666000127792358
YNL305C,YEL039C,0,-2.1328595,0.11138154566287994,0.9610000252723694,0.766700029373169
YLR114C,YKR055W,0,-2.1331327,0.11136864125728607,0.9610000252723694,0.7667999863624573
YBL035C,YDL002C,0,-2.133544,0.1113557368516922,0.9610000252723694,0.7669000029563904
YGR284C,YCR016W,0,-2.1335552,0.11134283244609833,0.9610000252723694,0.7670000195503235
YKR034W,YBR283C,0,-2.134032,0.11132993549108505,0.9610000252723694,0.7670999765396118
YDL028C,YLR204W,0,-2.1342368,0.11131703853607178,0.9610000252723694,0.7671999931335449
YKL193C,YIR039C,0,-2.1344578,0.1113041490316391,0.9610000252723694,0.767300009727478
YJL155C,YMR211W,0,-2.1344965,0.11129125952720642,0.9610000252723694,0.7674000263214111
YBR010W,YEL049W,0,-2.134526,0.11127837002277374,0.9610000252723694,0.7674999833106995
YGR195W,YDR310C,0,-2.1345344,0.11126548796892166,0.9610000252723694,0.7675999999046326
YCL024W,YJL151C,0,-2.1346526,0.11125260591506958,0.9610000252723694,0.7677000164985657
YPR007C,YML014W,0,-2.1347182,0.1112397238612175,0.9610000252723694,0.767799973487854
YLR227C,YLR074C,0,-2.1352782,0.11122684925794601,0.9610000252723694,0.7678999900817871
YMR025W,YER183C,0,-2.1353927,0.11121398210525513,0.9610000252723694,0.7680000066757202
YER053C,YOL135C,0,-2.1354446,0.11120110750198364,0.9610000252723694,0.7681000232696533
YLR382C,YKL143W,0,-2.135539,0.11118824779987335,0.9610000252723694,0.7681999802589417
YJL221C,YHR004C,0,-2.1355734,0.11117538064718246,0.9610000252723694,0.7682999968528748
YJR072C,YJL083W,0,-2.1355877,0.11116252094507217,0.9610000252723694,0.7684000134468079
YGR261C,YCR021C,0,-2.1356134,0.11114966124296188,0.9610000252723694,0.7684999704360962
YJR063W,YLR220W,0,-2.135695,0.11113680899143219,0.9610000252723694,0.7685999870300293
YGL258W,YNR010W,0,-2.1357312,0.1111239567399025,0.9610000252723694,0.7687000036239624
YLR210W,YGR057C,0,-2.1364713,0.1111111119389534,0.9610000252723694,0.7688000202178955
YLR051C,YLR174W,0,-2.136558,0.1110982671380043,0.9610000252723694,0.7688999772071838
YEL037C,YER024W,0,-2.13667,0.1110854223370552,0.9610000252723694,0.7689999938011169
YNL014W,YGR285C,1,-2.1369784,0.11118816584348679,0.9620000123977661,0.7689999938011169
YGL020C,YGL121C,0,-2.1371207,0.11117531359195709,0.9620000123977661,0.76910001039505
YJR074W,YLR102C,0,-2.1371443,0.111162468791008,0.9620000123977661,0.7692000269889832
YPR066W,YOR226C,0,-2.1374564,0.1111496239900589,0.9620000123977661,0.7692999839782715
YHR158C,YJL053W,0,-2.1379457,0.1111367866396904,0.9620000123977661,0.7694000005722046
YGL058W,YLR411W,0,-2.138074,0.1111239492893219,0.9620000123977661,0.7695000171661377
YLR209C,YDL018C,0,-2.138406,0.1111111119389534,0.9620000123977661,0.769599974155426
YJL038C,YPL040C,0,-2.138429,0.1110982820391655,0.9620000123977661,0.7696999907493591
YKL074C,YGL114W,0,-2.1384933,0.1110854521393776,0.9620000123977661,0.7698000073432922
YMR116C,YLR377C,0,-2.1386778,0.11107262223958969,0.9620000123977661,0.7699000239372253
YEL009C,YFL061W,0,-2.138771,0.11105979979038239,0.9620000123977661,0.7699999809265137
YPL099C,YKL195W,0,-2.1390107,0.11104698479175568,0.9620000123977661,0.7700999975204468
YNR047W,YLR250W,0,-2.1391757,0.11103416234254837,0.9620000123977661,0.7702000141143799
YGR113W,YNR053C,0,-2.1394482,0.11102134734392166,0.9620000123977661,0.7702999711036682
YER030W,YEL050C,0,-2.1394858,0.11100853979587555,0.9620000123977661,0.7703999876976013
YLR151C,YDR201W,0,-2.139554,0.11099573224782944,0.9620000123977661,0.7705000042915344
YOR156C,YHR175W,0,-2.139582,0.11098292469978333,0.9620000123977661,0.7706000208854675
YPL271W,YIL074C,0,-2.1404457,0.11097012460231781,0.9620000123977661,0.7706999778747559
YPR057W,YNL121C,0,-2.1408188,0.1109573245048523,0.9620000123977661,0.770799994468689
YGR200C,YPR017C,0,-2.141276,0.11094452440738678,0.9620000123977661,0.7709000110626221
YPL141C,YFR041C,0,-2.141435,0.11093173176050186,0.9620000123977661,0.7710000276565552
YDL160C,YOR133W,1,-2.141488,0.11103424429893494,0.9629999995231628,0.7710000276565552
YDR072C,YHR046C,0,-2.1416848,0.11102144420146942,0.9629999995231628,0.7710999846458435
YOR358W,YBR084W,0,-2.141817,0.1110086441040039,0.9629999995231628,0.7712000012397766
YOL022C,YDL177C,0,-2.1431203,0.11099585145711899,0.9629999995231628,0.7713000178337097
YLR409C,YBR093C,0,-2.143448,0.11098305881023407,0.9629999995231628,0.771399974822998
YLR100W,YGR063C,0,-2.1440306,0.11097026616334915,0.9629999995231628,0.7714999914169312
YKR103W,YLR386W,0,-2.14429,0.11095748096704483,0.9629999995231628,0.7716000080108643
YEL038W,YGL121C,0,-2.1442986,0.1109447032213211,0.9629999995231628,0.7717000246047974
YOR128C,YHR041C,0,-2.1447432,0.11093191802501678,0.9629999995231628,0.7717999815940857
YOL128C,YML086C,0,-2.1448426,0.11091914027929306,0.9629999995231628,0.7718999981880188
YOR247W,YPL120W,0,-2.1448712,0.11090636998414993,0.9629999995231628,0.7720000147819519
YGL245W,YGL228W,0,-2.1452124,0.1108935996890068,0.9629999995231628,0.7720999717712402
YOR174W,YDL243C,0,-2.1452532,0.11088082939386368,0.9629999995231628,0.7721999883651733
YGR224W,YLR004C,0,-2.1456718,0.11086806654930115,0.9629999995231628,0.7723000049591064
YMR127C,YIL094C,0,-2.1458278,0.11085530370473862,0.9629999995231628,0.7724000215530396
YDR309C,YLL048C,0,-2.145927,0.11084254086017609,0.9629999995231628,0.7724999785423279
YBR160W,YKR097W,0,-2.1461337,0.11082978546619415,0.9629999995231628,0.772599995136261
YLR271W,YKL155C,0,-2.146235,0.11081703007221222,0.9629999995231628,0.7727000117301941
YMR198W,YDR099W,0,-2.1463149,0.11080428212881088,0.9629999995231628,0.7728000283241272
YKR102W,YML073C,0,-2.1463633,0.11079153418540955,0.9629999995231628,0.7728999853134155
YJR034W,YOR391C,0,-2.1464543,0.11077878624200821,0.9629999995231628,0.7730000019073486
YML095C,YOR048C,0,-2.1465511,0.11076604574918747,0.9629999995231628,0.7731000185012817
YEL038W,YDL099W,0,-2.146893,0.11075330525636673,0.9629999995231628,0.7731999754905701
YMR012W,YML045W,0,-2.1471467,0.11074057221412659,0.9629999995231628,0.7732999920845032
YJR101W,YNL021W,0,-2.147225,0.11072783917188644,0.9629999995231628,0.7734000086784363
YEL006W,YHR175W,0,-2.147584,0.1107151061296463,0.9629999995231628,0.7735000252723694
YHR048W,YGR056W,0,-2.1477268,0.11070238053798676,0.9629999995231628,0.7735999822616577
YGR057C,YPR184W,0,-2.147962,0.11068965494632721,0.9629999995231628,0.7736999988555908
YJL154C,YFR038W,0,-2.1479769,0.11067693680524826,0.9629999995231628,0.7738000154495239
YLR034C,YKR088C,0,-2.1482701,0.11066421866416931,0.9629999995231628,0.7738999724388123
YDR368W,YER031C,0,-2.1485257,0.11065150052309036,0.9629999995231628,0.7739999890327454
YOL053W,YFR015C,0,-2.1486416,0.11063878983259201,0.9629999995231628,0.7741000056266785
YMR162C,YDL046W,0,-2.1488721,0.11062607914209366,0.9629999995231628,0.7742000222206116
YPR164W,YPR016C,0,-2.1489081,0.1106133684515953,0.9629999995231628,0.7742999792098999
YGL131C,YEL006W,0,-2.1491363,0.11060066521167755,0.9629999995231628,0.774399995803833
YPR200C,YKL090W,0,-2.1495576,0.1105879619717598,0.9629999995231628,0.7745000123977661
YLR210W,YGR174C,0,-2.1497848,0.11057526618242264,0.9629999995231628,0.7746000289916992
YOR008C,YFR053C,0,-2.1500752,0.11056257039308548,0.9629999995231628,0.7746999859809875
YJL047C,YGL127C,0,-2.1502936,0.11054988205432892,0.9629999995231628,0.7748000025749207
YLR186W,YCR095C,0,-2.1504416,0.11053719371557236,0.9629999995231628,0.7749000191688538
YER006W,YPR121W,0,-2.150494,0.1105245053768158,0.9629999995231628,0.7749999761581421
YBL068W,YHR175W,0,-2.1506612,0.11051181703805923,0.9629999995231628,0.7750999927520752
YKL148C,YPL083C,0,-2.1511798,0.11049913614988327,0.9629999995231628,0.7752000093460083
YOR001W,YKL016C,0,-2.151183,0.1104864627122879,0.9629999995231628,0.7753000259399414
YLR148W,YNL192W,0,-2.1513593,0.11047378927469254,0.9629999995231628,0.7753999829292297
YOR089C,YER129W,0,-2.1514034,0.11046111583709717,0.9629999995231628,0.7754999995231628
YGL026C,YDR176W,0,-2.1524284,0.1104484423995018,0.9629999995231628,0.775600016117096
YDL015C,YLR046C,0,-2.1524596,0.11043577641248703,0.9629999995231628,0.7756999731063843
YBR077C,YGL195W,0,-2.152626,0.11042311787605286,0.9629999995231628,0.7757999897003174
YBR272C,YDR106W,0,-2.152805,0.11041045933961868,0.9629999995231628,0.7759000062942505
YJL087C,YBR231C,0,-2.1529264,0.11039780080318451,0.9629999995231628,0.7760000228881836
YGR062C,YDR458C,0,-2.1529613,0.11038514226675034,0.9629999995231628,0.7760999798774719
YNL036W,YDR351W,0,-2.1530888,0.11037249118089676,0.9629999995231628,0.776199996471405
YDR407C,YGL121C,0,-2.1531322,0.11035984754562378,0.9629999995231628,0.7763000130653381
YOR103C,YIL085C,0,-2.1534767,0.1103471964597702,0.9629999995231628,0.7764000296592712
YCL024W,YER139C,0,-2.153615,0.11033455282449722,0.9629999995231628,0.7764999866485596
YFL021W,YEL072W,0,-2.153657,0.11032191663980484,0.9629999995231628,0.7766000032424927
YJL166W,YBL035C,0,-2.153972,0.11030928045511246,0.9629999995231628,0.7767000198364258
YLL057C,YHR175W,0,-2.1542401,0.11029664427042007,0.9629999995231628,0.7767999768257141
YDR100W,YJL149W,0,-2.154288,0.11028401553630829,0.9629999995231628,0.7768999934196472
YPL133C,YFR046C,0,-2.154295,0.1102713868021965,0.9629999995231628,0.7770000100135803
YCR011C,YJL123C,0,-2.1547663,0.11025875806808472,0.9629999995231628,0.7771000266075134
YGR170W,YLR378C,0,-2.154767,0.11024613678455353,0.9629999995231628,0.7771999835968018
YDL160C,YDR385W,1,-2.154972,0.11034798622131348,0.9639999866485596,0.7771999835968018
YNL014W,YGL110C,1,-2.1551065,0.11044981330633163,0.9649999737739563,0.7771999835968018
YHL004W,YKR104W,0,-2.15516,0.11043716967105865,0.9649999737739563,0.7773000001907349
YCL061C,YGL151W,0,-2.1551785,0.11042453348636627,0.9649999737739563,0.777400016784668
YKL078W,YDL042C,0,-2.1552327,0.11041189730167389,0.9649999737739563,0.7774999737739563
YIR023W,YLR371W,0,-2.1553648,0.1103992685675621,0.9649999737739563,0.7775999903678894
YDR223W,YML001W,0,-2.1554475,0.11038663983345032,0.9649999737739563,0.7777000069618225
YAL047C,YDR047W,0,-2.1557693,0.11037401109933853,0.9649999737739563,0.7778000235557556
YDR541C,YKL109W,0,-2.1558614,0.11036138981580734,0.9649999737739563,0.777899980545044
YPL050C,YHR187W,0,-2.1558785,0.11034876853227615,0.9649999737739563,0.777999997138977
YKL055C,YMR284W,0,-2.1558883,0.11033615469932556,0.9649999737739563,0.7781000137329102
YGL263W,YER154W,0,-2.1561694,0.11032354086637497,0.9649999737739563,0.7781999707221985
YDR032C,YNL022C,0,-2.1562867,0.11031092703342438,0.9649999737739563,0.7782999873161316
YJR133W,YLR376C,0,-2.156481,0.11029832065105438,0.9649999737739563,0.7784000039100647
YNR057C,YDL006W,0,-2.1565049,0.11028571426868439,0.9649999737739563,0.7785000205039978
YDR510W,YFL055W,0,-2.156846,0.11027311533689499,0.9649999737739563,0.7785999774932861
YOR077W,YGL115W,0,-2.1570516,0.110260508954525,0.9649999737739563,0.7786999940872192
YML102W,YMR125W,0,-2.15735,0.11024791747331619,0.9649999737739563,0.7788000106811523
YNL106C,YMR119W,0,-2.157782,0.1102353185415268,0.9649999737739563,0.7789000272750854
YGR003W,YNL177C,0,-2.158194,0.110222727060318,0.9649999737739563,0.7789999842643738
YPR057W,YJR084W,0,-2.1582916,0.11021014302968979,0.9649999737739563,0.7791000008583069
YML069W,YHL044W,0,-2.158605,0.11019755899906158,0.9649999737739563,0.77920001745224
YJR093C,YKR102W,0,-2.1589692,0.11018497496843338,0.9649999737739563,0.7792999744415283
YIL149C,YKL161C,0,-2.1589842,0.11017239093780518,0.9649999737739563,0.7793999910354614
YNL311C,YOR279C,0,-2.1590152,0.11015981435775757,0.9649999737739563,0.7795000076293945
YHR200W,YMR247C,0,-2.1592655,0.11014724522829056,0.9649999737739563,0.7796000242233276
YNR011C,YKR060W,0,-2.1594439,0.11013467609882355,0.9649999737739563,0.779699981212616
YPR115W,YPR067W,0,-2.1595988,0.11012210696935654,0.9649999737739563,0.7797999978065491
YFL011W,YDR318W,0,-2.159697,0.11010953783988953,0.9649999737739563,0.7799000144004822
YNL261W,YNL188W,0,-2.1597443,0.11009697616100311,0.9649999737739563,0.7799999713897705
YBR136W,YML125C,0,-2.1599722,0.1100844144821167,0.9649999737739563,0.7800999879837036
YML016C,YDL052C,0,-2.160178,0.11007186025381088,0.9649999737739563,0.7802000045776367
YOR334W,YLL061W,0,-2.160235,0.11005930602550507,0.9649999737739563,0.7803000211715698
YJL006C,YHR115C,0,-2.1604402,0.11004675924777985,0.9649999737739563,0.7803999781608582
YGL227W,YKL167C,0,-2.1604676,0.11003420501947403,0.9649999737739563,0.7804999947547913
YPL145C,YPL249C,0,-2.1604772,0.1100216656923294,0.9649999737739563,0.7806000113487244
YLL034C,YPR054W,0,-2.160818,0.11000911891460419,0.9649999737739563,0.7807000279426575
YDL159W,YCR095C,0,-2.1614628,0.10999657958745956,0.9649999737739563,0.7807999849319458
YHR142W,YHR014W,0,-2.1615162,0.10998404026031494,0.9649999737739563,0.7809000015258789
YDL214C,YBR195C,0,-2.1617584,0.10997150838375092,0.9649999737739563,0.781000018119812
YOR086C,YDL001W,0,-2.1617925,0.10995897650718689,0.9649999737739563,0.7810999751091003
YLR344W,YJR026W,0,-2.162221,0.10994645208120346,0.9649999737739563,0.7811999917030334
YPL246C,YFL033C,0,-2.1627045,0.10993392765522003,0.9649999737739563,0.7813000082969666
YGL049C,YIR037W,0,-2.162768,0.1099214032292366,0.9649999737739563,0.7814000248908997
YGL263W,YER155C,0,-2.1631544,0.10990888625383377,0.9649999737739563,0.781499981880188
YLR241W,YLR051C,0,-2.1633809,0.10989636927843094,0.9649999737739563,0.7815999984741211
YFL048C,YKL038W,0,-2.1634812,0.1098838523030281,0.9649999737739563,0.7817000150680542
YHR089C,YPL022W,0,-2.1636171,0.10987134277820587,0.9649999737739563,0.7817999720573425
YDR105C,YIL105C,0,-2.1637168,0.10985883325338364,0.9649999737739563,0.7818999886512756
YER061C,YKR031C,0,-2.1637344,0.109846331179142,0.9649999737739563,0.7820000052452087
YNL064C,YMR139W,0,-2.1637626,0.10983382910490036,0.9649999737739563,0.7821000218391418
YOR049C,YOR069W,0,-2.163803,0.10982132703065872,0.9649999737739563,0.7821999788284302
YMR198W,YLR138W,0,-2.1638384,0.10980883240699768,0.9649999737739563,0.7822999954223633
YMR025W,YNL280C,0,-2.164041,0.10979633778333664,0.9649999737739563,0.7824000120162964
YDR160W,YLR183C,0,-2.164057,0.1097838431596756,0.9649999737739563,0.7825000286102295
YGR208W,YER168C,0,-2.164062,0.10977135598659515,0.9649999737739563,0.7825999855995178
YNL326C,YBR029C,0,-2.1643,0.10975886881351471,0.9649999737739563,0.7827000021934509
YNL014W,YGR201C,1,-2.1644926,0.10986011475324631,0.9660000205039978,0.7827000021934509
YPL280W,YNL315C,0,-2.164716,0.10984762012958527,0.9660000205039978,0.782800018787384
YPL186C,YOR120W,0,-2.1648314,0.10983513295650482,0.9660000205039978,0.7828999757766724
YOR213C,YNL086W,0,-2.1650105,0.10982264578342438,0.9660000205039978,0.7829999923706055
YFL003C,YMR278W,0,-2.1651168,0.10981016606092453,0.9660000205039978,0.7831000089645386
YKR087C,YNL038W,0,-2.1651611,0.10979767888784409,0.9660000205039978,0.7832000255584717
YPR007C,YOR005C,0,-2.1653686,0.10978519916534424,0.9660000205039978,0.78329998254776
YLR451W,YPR066W,0,-2.1654859,0.10977272689342499,0.9660000205039978,0.7833999991416931
YPR201W,YFL045C,0,-2.1656122,0.10976025462150574,0.9660000205039978,0.7835000157356262
YPL187W,YNL119W,0,-2.1656127,0.10974778234958649,0.9660000205039978,0.7835999727249146
YOL039W,YDL160C,1,-2.1659951,0.10984891653060913,0.9670000076293945,0.7835999727249146
YGR113W,YBR266C,0,-2.1660988,0.10983643680810928,0.9670000076293945,0.7836999893188477
YOR304W,YCL044C,0,-2.166266,0.10982396453619003,0.9670000076293945,0.7838000059127808
YGL111W,YNL272C,0,-2.1663861,0.10981149226427078,0.9670000076293945,0.7839000225067139
YCR009C,YLR289W,0,-2.1664152,0.10979901999235153,0.9670000076293945,0.7839999794960022
YDR176W,YCR091W,0,-2.166554,0.10978655517101288,0.9670000076293945,0.7840999960899353
YOR358W,YGL175C,0,-2.166603,0.10977409780025482,0.9670000076293945,0.7842000126838684
YDR113C,YGR276C,0,-2.1666055,0.10976163297891617,0.9670000076293945,0.7843000292778015
YDR234W,YBR062C,0,-2.166915,0.10974917560815811,0.9670000076293945,0.7843999862670898
YER050C,YDR211W,0,-2.1669824,0.10973672568798065,0.9670000076293945,0.784500002861023
YNL320W,YDR479C,0,-2.1672494,0.1097242683172226,0.9670000076293945,0.784600019454956
YGL213C,YGR042W,0,-2.1674154,0.10971181839704514,0.9670000076293945,0.7846999764442444
YNL273W,YLR341W,0,-2.1674218,0.10969937592744827,0.9670000076293945,0.7847999930381775
YDL030W,YMR059W,0,-2.1674519,0.10968693345785141,0.9670000076293945,0.7849000096321106
YKL193C,YPL081W,0,-2.167603,0.10967449098825455,0.9670000076293945,0.7850000262260437
YLR164W,YKR077W,0,-2.167623,0.10966205596923828,0.9670000076293945,0.785099983215332
YNL025C,YOR018W,0,-2.1676908,0.10964962095022202,0.9670000076293945,0.7851999998092651
YER050C,YGL160W,0,-2.1678216,0.10963718593120575,0.9670000076293945,0.7853000164031982
YGL208W,YGL018C,0,-2.1678276,0.10962475836277008,0.9670000076293945,0.7853999733924866
YBR246W,YGL110C,1,-2.1680946,0.10972568392753601,0.9679999947547913,0.7853999733924866
YIL039W,YER021W,0,-2.1685455,0.10971324890851974,0.9679999947547913,0.7854999899864197
YOR074C,YBL098W,0,-2.1687675,0.10970081388950348,0.9679999947547913,0.7856000065803528
YPR191W,YMR323W,0,-2.1689515,0.10968838632106781,0.9679999947547913,0.7857000231742859
YBL026W,YFR008W,0,-2.1693864,0.10967595875263214,0.9679999947547913,0.7857999801635742
YOR386W,YNR021W,0,-2.1694338,0.10966353118419647,0.9679999947547913,0.7858999967575073
YMR235C,YPR120C,0,-2.1695747,0.1096511110663414,0.9679999947547913,0.7860000133514404
YPR201W,YLR048W,0,-2.1696172,0.10963869094848633,0.9679999947547913,0.7860999703407288
YLR142W,YPL270W,0,-2.1696663,0.10962627083063126,0.9679999947547913,0.7861999869346619
YNL134C,YDR285W,0,-2.1697187,0.10961385816335678,0.9679999947547913,0.786300003528595
YAL022C,YIR037W,0,-2.169761,0.1096014529466629,0.9679999947547913,0.7864000201225281
YOR089C,YJL089W,0,-2.1697845,0.10958904027938843,0.9679999947547913,0.7864999771118164
YGR185C,YLL010C,0,-2.169982,0.10957663506269455,0.9679999947547913,0.7865999937057495
YDR235W,YOR113W,0,-2.1701884,0.10956422984600067,0.9679999947547913,0.7867000102996826
YLR439W,YNL172W,0,-2.1702127,0.10955183207988739,0.9679999947547913,0.7868000268936157
YBR094W,YCR052W,0,-2.17061,0.10953943431377411,0.9679999947547913,0.786899983882904
YGL110C,YML014W,1,-2.1710005,0.10964018851518631,0.968999981880188,0.786899983882904
YBR103W,YOR003W,0,-2.1712942,0.10962778329849243,0.968999981880188,0.7870000004768372
YPL120W,YBR299W,0,-2.171574,0.10961538553237915,0.968999981880188,0.7871000170707703
YER025W,YDR329C,0,-2.1717525,0.10960298776626587,0.968999981880188,0.7871999740600586
YKR083C,YJL081C,0,-2.1718593,0.10959059000015259,0.968999981880188,0.7872999906539917
YNL250W,YNL093W,0,-2.1720116,0.1095781996846199,0.968999981880188,0.7874000072479248
YIL147C,YBR271W,0,-2.1721385,0.10956580936908722,0.968999981880188,0.7875000238418579
YDR137W,YPR042C,0,-2.1722844,0.10955341905355453,0.968999981880188,0.7875999808311462
YDR128W,YDR256C,0,-2.1723888,0.10954103618860245,0.968999981880188,0.7876999974250793
YBR094W,YDL178W,0,-2.1725826,0.10952865332365036,0.968999981880188,0.7878000140190125
YDL160C,YMR024W,1,-2.172631,0.10962929576635361,0.9700000286102295,0.7878000140190125
YPL233W,YCR018C,0,-2.1726723,0.10961690545082092,0.9700000286102295,0.7878999710083008
YLR303W,YJL099W,0,-2.1726844,0.10960452258586884,0.9700000286102295,0.7879999876022339
YIL136W,YIR012W,0,-2.1731684,0.10959213972091675,0.9700000286102295,0.788100004196167
YGR149W,YOL102C,0,-2.1733627,0.10957975685596466,0.9700000286102295,0.7882000207901001
YBR005W,YDR130C,0,-2.1734562,0.10956738144159317,0.9700000286102295,0.7882999777793884
YEL006W,YKL172W,0,-2.1735404,0.10955500602722168,0.9700000286102295,0.7883999943733215
YDL004W,YPR068C,0,-2.1736479,0.10954263061285019,0.9700000286102295,0.7885000109672546
YDL224C,YHR177W,0,-2.1737108,0.1095302626490593,0.9700000286102295,0.7886000275611877
YGR141W,YPR010C,0,-2.1737287,0.1095178946852684,0.9700000286102295,0.7886999845504761
YGR029W,YHR151C,0,-2.1737905,0.1095055341720581,0.9700000286102295,0.7888000011444092
YKL008C,YLR223C,0,-2.1738732,0.10949317365884781,0.9700000286102295,0.7889000177383423
YLR405W,YPL183C,0,-2.1739693,0.10948081314563751,0.9700000286102295,0.7889999747276306
YML076C,YML062C,0,-2.1742373,0.10946846008300781,0.9700000286102295,0.7890999913215637
YLR014C,YJR074W,0,-2.1746264,0.10945610702037811,0.9700000286102295,0.7892000079154968
YJL094C,YER098W,0,-2.1747072,0.10944375395774841,0.9700000286102295,0.7893000245094299
YBL032W,YLR353W,0,-2.1747751,0.10943140834569931,0.9700000286102295,0.7893999814987183
YML059C,YKL087C,0,-2.175192,0.10941906273365021,0.9700000286102295,0.7894999980926514
YDL144C,YBR139W,0,-2.175339,0.1094067245721817,0.9700000286102295,0.7896000146865845
YGL183C,YKL074C,0,-2.1754627,0.1093943864107132,0.9700000286102295,0.7896999716758728
YBR193C,YJL083W,0,-2.1754951,0.10938204824924469,0.9700000286102295,0.7897999882698059
YGL258W,YLR026C,0,-2.175554,0.10936971753835678,0.9700000286102295,0.789900004863739
YDL101C,YDR339C,0,-2.175601,0.10935738682746887,0.9700000286102295,0.7900000214576721
YOR247W,YBL080C,0,-2.1758556,0.10934505611658096,0.9700000286102295,0.7900999784469604
YBL052C,YGR083C,0,-2.175863,0.10933273285627365,0.9700000286102295,0.7901999950408936
YIL108W,YBR039W,0,-2.175974,0.10932040959596634,0.9700000286102295,0.7903000116348267
YDL098C,YDR449C,0,-2.1761994,0.10930809378623962,0.9700000286102295,0.7904000282287598
YHR085W,YNL128W,0,-2.1762455,0.10929577797651291,0.9700000286102295,0.7904999852180481
YDR460W,YNL137C,0,-2.1763916,0.1092834621667862,0.9700000286102295,0.7906000018119812
YDL210W,YBR143C,0,-2.1765902,0.10927115380764008,0.9700000286102295,0.7907000184059143
YBL011W,YIL041W,0,-2.176641,0.10925884544849396,0.9700000286102295,0.7907999753952026
YGL227W,YKL017C,0,-2.1766672,0.10924653708934784,0.9700000286102295,0.7908999919891357
YMR247C,YJR097W,1,-2.1768045,0.10934684425592422,0.9710000157356262,0.7908999919891357
YFL047W,YLL008W,0,-2.1769326,0.1093345358967781,0.9710000157356262,0.7910000085830688
YOR330C,YDL202W,0,-2.177167,0.10932222753763199,0.9710000157356262,0.791100025177002
YBR272C,YDR283C,0,-2.1776676,0.10930991917848587,0.9710000157356262,0.7911999821662903
YDL154W,YOR002W,0,-2.1786568,0.10929761081933975,0.9710000157356262,0.7912999987602234
YGR183C,YIR017C,0,-2.178769,0.10928530991077423,0.9710000157356262,0.7914000153541565
YLL040C,YLR022C,0,-2.1790216,0.1092730164527893,0.9710000157356262,0.7914999723434448
YNR039C,YGR206W,0,-2.179251,0.10926071554422379,0.9710000157356262,0.7915999889373779
YPL232W,YAL060W,0,-2.1797445,0.10924842208623886,0.9710000157356262,0.791700005531311
YIL156W,YBR093C,0,-2.1798334,0.10923613607883453,0.9710000157356262,0.7918000221252441
YDR437W,YJR131W,0,-2.1800976,0.1092238500714302,0.9710000157356262,0.7918999791145325
YLR364W,YNL245C,0,-2.1803315,0.10921156406402588,0.9710000157356262,0.7919999957084656
YAL022C,YKL110C,0,-2.1805935,0.10919927805662155,0.9710000157356262,0.7921000123023987
YER004W,YNL016W,0,-2.1806269,0.10918699949979782,0.9710000157356262,0.7922000288963318
YMR210W,YDL149W,0,-2.1807637,0.10917472094297409,0.9710000157356262,0.7922999858856201
YHL030W,YOR126C,0,-2.1809132,0.10916244983673096,0.9710000157356262,0.7924000024795532
YKR027W,YFL004W,0,-2.180924,0.10915017873048782,0.9710000157356262,0.7925000190734863
YOL147C,YDR237W,0,-2.1809802,0.10913791507482529,0.9710000157356262,0.7925999760627747
YDL130W,YFL055W,0,-2.1809864,0.10912564396858215,0.9710000157356262,0.7926999926567078
YKR079C,YMR302C,0,-2.1810312,0.10911338031291962,0.9710000157356262,0.7928000092506409
YIR009W,YHR157W,0,-2.1814015,0.10910112410783768,0.9710000157356262,0.792900025844574
YKR027W,YMR293C,0,-2.1814656,0.10908886790275574,0.9710000157356262,0.7929999828338623
YHR135C,YCL058C,0,-2.1815772,0.1090766116976738,0.9710000157356262,0.7930999994277954
YKL085W,YBR006W,0,-2.181827,0.10906436294317245,0.9710000157356262,0.7932000160217285
YJL063C,YCL055W,0,-2.1818593,0.10905211418867111,0.9710000157356262,0.7932999730110168
YGL246C,YDL177C,0,-2.1823044,0.10903986543416977,0.9710000157356262,0.79339998960495
YDR103W,YDR248C,0,-2.1823578,0.10902762413024902,0.9710000157356262,0.7935000061988831
YNL267W,YGR172C,0,-2.1823967,0.10901538282632828,0.9710000157356262,0.7936000227928162
YIL156W,YHL004W,0,-2.1826637,0.10900314152240753,0.9710000157356262,0.7936999797821045
YNL300W,YJL148W,0,-2.1829157,0.10899090766906738,0.9710000157356262,0.7937999963760376
YOR127W,YBL025W,0,-2.1830168,0.10897867381572723,0.9710000157356262,0.7939000129699707
YLR080W,YKL168C,0,-2.183025,0.10896644741296768,0.9710000157356262,0.7940000295639038
YPR173C,YML095C,0,-2.1830702,0.10895422101020813,0.9710000157356262,0.7940999865531921
YOR002W,YCL066W,0,-2.1832495,0.10894199460744858,0.9710000157356262,0.7942000031471252
YDL237W,YKR060W,0,-2.1832728,0.10892977565526962,0.9710000157356262,0.7943000197410583
YKL088W,YGL198W,0,-2.1836605,0.10891755670309067,0.9710000157356262,0.7943999767303467
YMR125W,YOL043C,0,-2.1838932,0.10890533775091171,0.9710000157356262,0.7944999933242798
YGL086W,YHR040W,0,-2.1839314,0.10889312624931335,0.9710000157356262,0.7946000099182129
YHR085W,YMR221C,0,-2.1839483,0.108880914747715,0.9710000157356262,0.794700026512146
YDL074C,YDL047W,0,-2.1841595,0.10886871069669724,0.9710000157356262,0.7947999835014343
YJR093C,YOL003C,0,-2.184193,0.10885649919509888,0.9710000157356262,0.7949000000953674
YIL121W,YNL330C,0,-2.1842604,0.10884430259466171,0.9710000157356262,0.7950000166893005
YGR104C,YBR026C,0,-2.1845655,0.10883209854364395,0.9710000157356262,0.7950999736785889
YER161C,YHR107C,0,-2.1845803,0.10881990194320679,0.9710000157356262,0.795199990272522
YDR522C,YDL088C,0,-2.1852908,0.10880771279335022,0.9710000157356262,0.7953000068664551
YOL147C,YKL086W,0,-2.1852915,0.10879551619291306,0.9710000157356262,0.7954000234603882
YML001W,YOR384W,0,-2.185811,0.10878332704305649,0.9710000157356262,0.7954999804496765
YIL034C,YGL196W,0,-2.1865928,0.10877114534378052,0.9710000157356262,0.7955999970436096
YEL020W-A,YLL055W,0,-2.1868072,0.10875896364450455,0.9710000157356262,0.7957000136375427
YBL084C,YAL010C,0,-2.1881733,0.10874678194522858,0.9710000157356262,0.795799970626831
YPL252C,YBR125C,0,-2.1883724,0.1087346002459526,0.9710000157356262,0.7958999872207642
YIL108W,YDR073W,0,-2.1889062,0.10872242599725723,0.9710000157356262,0.7960000038146973
YBR177C,YGL161C,0,-2.188973,0.10871025174856186,0.9710000157356262,0.7961000204086304
YGR241C,YMR020W,0,-2.1901703,0.10869808495044708,0.9710000157356262,0.7961999773979187
YGL058W,YPR135W,0,-2.1905499,0.1086859181523323,0.9710000157356262,0.7962999939918518
YGL243W,YDR479C,0,-2.1909819,0.10867375135421753,0.9710000157356262,0.7964000105857849
YNL014W,YPL048W,1,-2.1911187,0.10877349972724915,0.972000002861023,0.7964000105857849
YER180C,YDL043C,0,-2.1912975,0.10876133292913437,0.972000002861023,0.796500027179718
YNL328C,YKL174C,0,-2.1916182,0.108749158680439,0.972000002861023,0.7965999841690063
YPL050C,YJR131W,0,-2.19193,0.10873699188232422,0.972000002861023,0.7967000007629395
YMR004W,YPR055W,0,-2.1920838,0.10872483253479004,0.972000002861023,0.7968000173568726
YIL136W,YOL126C,0,-2.192287,0.10871267318725586,0.972000002861023,0.7968999743461609
YLR239C,YOR059C,0,-2.192465,0.10870051383972168,0.972000002861023,0.796999990940094
YFR021W,YNR030W,0,-2.192484,0.1086883619427681,0.972000002861023,0.7971000075340271
YIL120W,YFL018C,0,-2.1925118,0.10867621004581451,0.972000002861023,0.7972000241279602
YGR090W,YHR176W,0,-2.1932063,0.10866405814886093,0.972000002861023,0.7972999811172485
YLR214W,YER044C-A,0,-2.1933272,0.10865191370248795,0.972000002861023,0.7973999977111816
YML098W,YJR082C,0,-2.1935356,0.10863976925611496,0.972000002861023,0.7975000143051147
YDR473C,YDL077C,0,-2.1935942,0.10862762480974197,0.972000002861023,0.7975999712944031
YER049W,YPL134C,0,-2.1936405,0.10861548781394958,0.972000002861023,0.7976999878883362
YDR198C,YHR119W,0,-2.1939497,0.1086033508181572,0.972000002861023,0.7978000044822693
YFR027W,YDR169C,0,-2.1942296,0.1085912212729454,0.972000002861023,0.7979000210762024
YIL093C,YNR075W,0,-2.1945262,0.10857909172773361,0.972000002861023,0.7979999780654907
YPL005W,YOL044W,0,-2.194569,0.10856696218252182,0.972000002861023,0.7980999946594238
YLR148W,YIL051C,0,-2.1948273,0.10855483263731003,0.972000002861023,0.7982000112533569
YJL047C,YDR483W,0,-2.1950734,0.10854271054267883,0.972000002861023,0.79830002784729
YLR461W,YEL059C-A,0,-2.1955848,0.10853059589862823,0.972000002861023,0.7983999848365784
YLR115W,YJL204C,0,-2.1956139,0.10851847380399704,0.972000002861023,0.7985000014305115
YIL156W,YMR128W,0,-2.1956742,0.10850636661052704,0.972000002861023,0.7986000180244446
YLR168C,YJR143C,0,-2.1958246,0.10849425196647644,0.972000002861023,0.7986999750137329
YGR208W,YCR073C,0,-2.1958935,0.10848214477300644,0.972000002861023,0.798799991607666
YDR129C,YML042W,0,-2.196087,0.10847003757953644,0.972000002861023,0.7989000082015991
YDL123W,YKR016W,0,-2.1965656,0.10845793038606644,0.972000002861023,0.7990000247955322
YGR149W,YJR073C,0,-2.1974883,0.10844583064317703,0.972000002861023,0.7990999817848206
YDR382W,YOL083W,0,-2.1975422,0.10843373835086823,0.972000002861023,0.7991999983787537
YIL143C,YNL124W,0,-2.1984408,0.10842163860797882,0.972000002861023,0.7993000149726868
YJR086W,YPL269W,0,-2.198769,0.10840954631567001,0.972000002861023,0.7993999719619751
YNL304W,YGL047W,0,-2.198789,0.1083974540233612,0.972000002861023,0.7994999885559082
YCR034W,YJR150C,0,-2.1989515,0.108385369181633,0.972000002861023,0.7996000051498413
YDL097C,YGL216W,0,-2.1991415,0.10837328433990479,0.972000002861023,0.7997000217437744
YML102W,YIL015W,0,-2.1995337,0.10836120694875717,0.972000002861023,0.7997999787330627
YPL252C,YGR276C,0,-2.1996326,0.10834912210702896,0.972000002861023,0.7998999953269958
YGR195W,YKL218C,0,-2.199688,0.10833705216646194,0.972000002861023,0.800000011920929
YGR013W,YHR046C,0,-2.1996887,0.10832497477531433,0.972000002861023,0.8001000285148621
YER008C,YER170W,0,-2.1997757,0.10831290483474731,0.972000002861023,0.8001999855041504
YOR018W,YIL133C,0,-2.19986,0.1083008348941803,0.972000002861023,0.8003000020980835
YDL051W,YDR434W,0,-2.199906,0.10828877240419388,0.972000002861023,0.8004000186920166
YDL127W,YHR196W,0,-2.2002983,0.10827670991420746,0.972000002861023,0.8004999756813049
YLR128W,YFR038W,0,-2.2003212,0.10826464742422104,0.972000002861023,0.800599992275238
YPL252C,YHR146W,0,-2.200536,0.10825259238481522,0.972000002861023,0.8007000088691711
YLR370C,YHR110W,0,-2.2006001,0.1082405373454094,0.972000002861023,0.8008000254631042
YKL141W,YGR007W,0,-2.2008147,0.10822848230600357,0.972000002861023,0.8008999824523926
YLR142W,YER150W,0,-2.201324,0.10821643471717834,0.972000002861023,0.8009999990463257
YDR231C,YGR120C,0,-2.2014456,0.10820438712835312,0.972000002861023,0.8011000156402588
YLL006W,YJR133W,0,-2.2014515,0.1081923395395279,0.972000002861023,0.8011999726295471
YDR047W,YNL045W,0,-2.2015119,0.10818029940128326,0.972000002861023,0.8012999892234802
YGR255C,YLR238W,0,-2.20165,0.10816825926303864,0.972000002861023,0.8014000058174133
YIL073C,YKL114C,0,-2.2021575,0.1081562265753746,0.972000002861023,0.8015000224113464
YGL098W,YFL054C,0,-2.2024648,0.10814419388771057,0.972000002861023,0.8015999794006348
YDL154W,YFR013W,0,-2.203785,0.10813216120004654,0.972000002861023,0.8016999959945679
YIL079C,YPL007C,0,-2.2043009,0.1081201359629631,0.972000002861023,0.801800012588501
YJR075W,YLR410W,0,-2.2054467,0.10810811072587967,0.972000002861023,0.8019000291824341
YIL153W,YDR067C,0,-2.2061713,0.10809608548879623,0.972000002861023,0.8019999861717224
YMR273C,YMR198W,0,-2.2061834,0.1080840677022934,0.972000002861023,0.8021000027656555
YGL131C,YPL061W,0,-2.206309,0.10807204991579056,0.972000002861023,0.8022000193595886
YDR058C,YPL007C,0,-2.2066367,0.10806003212928772,0.972000002861023,0.802299976348877
YJL053W,YPR129W,0,-2.206637,0.10804802179336548,0.972000002861023,0.8023999929428101
YER091C,YLR371W,0,-2.2068152,0.10803601145744324,0.972000002861023,0.8025000095367432
YBR077C,YLR237W,0,-2.2075422,0.10802400857210159,0.972000002861023,0.8026000261306763
YFL048C,YLR135W,0,-2.2075498,0.10801199823617935,0.972000002861023,0.8026999831199646
YOR067C,YNL229C,0,-2.2076638,0.1080000028014183,0.972000002861023,0.8027999997138977
YML076C,YDR322W,0,-2.207859,0.10798799991607666,0.972000002861023,0.8029000163078308
YGR033C,YDL177C,0,-2.2082524,0.10797600448131561,0.972000002861023,0.8029999732971191
YBR142W,YEL006W,0,-2.208421,0.10796400904655457,0.972000002861023,0.8030999898910522
YOR009W,YDL088C,0,-2.2089415,0.10795202106237411,0.972000002861023,0.8032000064849854
YDR140W,YDL022W,0,-2.2090726,0.10794003307819366,0.972000002861023,0.8033000230789185
YGL124C,YHR185C,0,-2.209158,0.10792804509401321,0.972000002861023,0.8033999800682068
YKL091C,YMR005W,0,-2.2099004,0.10791606456041336,0.972000002861023,0.8034999966621399
YDR516C,YJL050W,0,-2.2100086,0.10790408402681351,0.972000002861023,0.803600013256073
YOR016C,YOR068C,0,-2.2100549,0.10789211094379425,0.972000002861023,0.8036999702453613
YPR165W,YPR025C,0,-2.21093,0.1078801304101944,0.972000002861023,0.8037999868392944
YOR298W,YLR166C,0,-2.2109623,0.10786816477775574,0.972000002861023,0.8039000034332275
YFL049W,YCR098C,0,-2.2110152,0.10785619169473648,0.972000002861023,0.8040000200271606
YOR198C,YGL002W,0,-2.2112806,0.10784422606229782,0.972000002861023,0.804099977016449
YFL049W,YML032C,0,-2.211665,0.10783226042985916,0.972000002861023,0.8041999936103821
YER095W,YLR353W,0,-2.211691,0.1078203022480011,0.972000002861023,0.8043000102043152
YPL233W,YLR376C,0,-2.2116945,0.10780834406614304,0.972000002861023,0.8044000267982483
YDR520C,YLR060W,0,-2.211942,0.10779638588428497,0.972000002861023,0.8044999837875366
YPL119C,YDL199C,0,-2.211948,0.10778442770242691,0.972000002861023,0.8046000003814697
YNL177C,YDR039C,0,-2.211998,0.10777247697114944,0.972000002861023,0.8047000169754028
YPL161C,YLR144C,0,-2.2122004,0.10776053369045258,0.972000002861023,0.8047999739646912
YCR024C,YGR057C,0,-2.2123272,0.10774858295917511,0.972000002861023,0.8048999905586243
YFL018C,YLR343W,0,-2.2126036,0.10773664712905884,0.972000002861023,0.8050000071525574
YMR172W,YGR200C,0,-2.212659,0.10772470384836197,0.972000002861023,0.8051000237464905
YBR055C,YDR364C,0,-2.2127373,0.1077127680182457,0.972000002861023,0.8051999807357788
YPL022W,YGR102C,0,-2.2127745,0.10770083218812943,0.972000002861023,0.8052999973297119
YDR498C,YGL107C,0,-2.212893,0.10768889635801315,0.972000002861023,0.805400013923645
YGL075C,YGL040C,0,-2.2129662,0.10767696797847748,0.972000002861023,0.8054999709129333
YMR188C,YJL166W,0,-2.2129962,0.1076650395989418,0.972000002861023,0.8055999875068665
YBR102C,YER046W,0,-2.213086,0.10765311866998672,0.972000002861023,0.8057000041007996
YJL030W,YMR119W,0,-2.2132337,0.10764119774103165,0.972000002861023,0.8058000206947327
YCR036W,YDR113C,0,-2.2133536,0.10762927681207657,0.972000002861023,0.805899977684021
YKL175W,YEL016C,0,-2.2133763,0.10761736333370209,0.972000002861023,0.8059999942779541
YGL131C,YDL193W,0,-2.2135375,0.1076054498553276,0.972000002861023,0.8061000108718872
YOR172W,YOL119C,0,-2.2144136,0.10759353637695312,0.972000002861023,0.8062000274658203
YNL074C,YJL036W,0,-2.2144866,0.10758163034915924,0.972000002861023,0.8062999844551086
YOR076C,YIL103W,1,-2.2146387,0.10768038779497147,0.9729999899864197,0.8062999844551086
YLR373C,YHL030W,0,-2.2146459,0.10766847431659698,0.9729999899864197,0.8064000010490417
YER111C,YGR282C,0,-2.214727,0.1076565608382225,0.9729999899864197,0.8065000176429749
YCR034W,YLL003W,0,-2.214835,0.10764464735984802,0.9729999899864197,0.8065999746322632
YDR052C,YPR175W,0,-2.214868,0.10763274133205414,0.9729999899864197,0.8066999912261963
YGR128C,YIL017C,0,-2.2148752,0.10762083530426025,0.9729999899864197,0.8068000078201294
YIR026C,YGL166W,0,-2.2149334,0.10760893672704697,0.9729999899864197,0.8069000244140625
YBR131W,YGR121C,0,-2.2150578,0.10759703814983368,0.9729999899864197,0.8069999814033508
YPL192C,YGR208W,0,-2.215293,0.10758513957262039,0.9729999899864197,0.8070999979972839
YOR054C,YJL151C,0,-2.2155778,0.1075732484459877,0.9729999899864197,0.807200014591217
YKL204W,YMR203W,0,-2.2155857,0.10756134986877441,0.9729999899864197,0.8072999715805054
YDR119W,YHR004C,0,-2.2159688,0.10754946619272232,0.9729999899864197,0.8073999881744385
YAL036C,YIL026C,0,-2.2160954,0.10753757506608963,0.9729999899864197,0.8075000047683716
YPL214C,YIL051C,0,-2.216321,0.10752569139003754,0.9729999899864197,0.8076000213623047
YGR236C,YDR082W,0,-2.2167583,0.10751381516456604,0.9729999899864197,0.807699978351593
YMR174C,YLR170C,0,-2.216824,0.10750193148851395,0.9729999899864197,0.8077999949455261
YEL058W,YGL196W,0,-2.2169363,0.10749005526304245,0.9729999899864197,0.8079000115394592
YGL200C,YMR115W,0,-2.2175567,0.10747818648815155,0.9729999899864197,0.8080000281333923
YMR095C,YHR025W,0,-2.2179542,0.10746631026268005,0.9729999899864197,0.8080999851226807
YDR492W,YDL043C,0,-2.2180564,0.10745444148778915,0.9729999899864197,0.8082000017166138
YIL103W,YPL052W,1,-2.2180681,0.10755300521850586,0.9739999771118164,0.8082000017166138
YPR186C,YOR205C,0,-2.218111,0.10754112899303436,0.9739999771118164,0.8083000183105469
YKL027W,YNL167C,0,-2.2183766,0.10752925276756287,0.9739999771118164,0.8083999752998352
YKR077W,YPL148C,0,-2.218605,0.10751738399267197,0.9739999771118164,0.8084999918937683
YOR056C,YPL040C,0,-2.218706,0.10750551521778107,0.9739999771118164,0.8086000084877014
YIL051C,YIL105C,0,-2.2187371,0.10749365389347076,0.9739999771118164,0.8087000250816345
YNL066W,YDR017C,0,-2.2187562,0.10748179256916046,0.9739999771118164,0.8087999820709229
YBR123C,YGR040W,0,-2.2189496,0.10746993124485016,0.9739999771118164,0.808899998664856
YGR006W,YHR089C,0,-2.218964,0.10745807737112045,0.9739999771118164,0.8090000152587891
YJL154C,YDR422C,0,-2.219134,0.10744622349739075,0.9739999771118164,0.8090999722480774
YEL050C,YNL045W,0,-2.2197413,0.10743436962366104,0.9739999771118164,0.8091999888420105
YER062C,YHL019C,0,-2.2198749,0.10742252320051193,0.9739999771118164,0.8093000054359436
YGL013C,YHR113W,0,-2.2202542,0.10741067677736282,0.9739999771118164,0.8094000220298767
YMR172W,YOL128C,0,-2.220434,0.10739883035421371,0.9739999771118164,0.809499979019165
YPL052W,YJR097W,1,-2.220616,0.10749724507331848,0.9750000238418579,0.809499979019165
YOR182C,YMR161W,0,-2.2206545,0.10748539119958878,0.9750000238418579,0.8095999956130981
YJR063W,YDR534C,0,-2.2209563,0.10747354477643967,0.9750000238418579,0.8097000122070312
YNR028W,YHL006C,0,-2.2209563,0.10746169835329056,0.9750000238418579,0.8098000288009644
YBR035C,YIL030C,0,-2.221412,0.10744985938072205,0.9750000238418579,0.8098999857902527
YNL214W,YDL155W,0,-2.2214222,0.10743801295757294,0.9750000238418579,0.8100000023841858
YDR333C,YBR036C,0,-2.2218642,0.10742618143558502,0.9750000238418579,0.8101000189781189
YBR244W,YIR037W,0,-2.2218685,0.10741434246301651,0.9750000238418579,0.8101999759674072
YLR155C,YDR247W,0,-2.2221498,0.1074025109410286,0.9750000238418579,0.8102999925613403
YHR139C,YEL020W-A,0,-2.2225947,0.10739067941904068,0.9750000238418579,0.8104000091552734
YPR114W,YDR460W,0,-2.2226148,0.10737885534763336,0.9750000238418579,0.8105000257492065
YGR132C,YDL174C,0,-2.2227225,0.10736703127622604,0.9750000238418579,0.8105999827384949
YER035W,YOR243C,0,-2.2228782,0.10735520720481873,0.9750000238418579,0.810699999332428
YOR100C,YDL117W,0,-2.2230997,0.107343390583992,0.9750000238418579,0.8108000159263611
YPR066W,YLR084C,0,-2.2231207,0.10733157396316528,0.9750000238418579,0.8108999729156494
YLL001W,YDR253C,0,-2.2231352,0.10731975734233856,0.9750000238418579,0.8109999895095825
YOR076C,YGL110C,1,-2.2231815,0.1074180081486702,0.9760000109672546,0.8109999895095825
YJL033W,YBR238C,0,-2.223371,0.10740618407726288,0.9760000109672546,0.8111000061035156
YML007W,YMR076C,0,-2.2234738,0.10739436745643616,0.9760000109672546,0.8112000226974487
YER087C-B,YDL005C,0,-2.22367,0.10738255083560944,0.9760000109672546,0.8112999796867371
YFL011W,YBR175W,0,-2.2236702,0.10737073421478271,0.9760000109672546,0.8113999962806702
YBR175W,YKL166C,0,-2.2237134,0.10735892504453659,0.9760000109672546,0.8115000128746033
YAL024C,YKL051W,0,-2.2237573,0.10734711587429047,0.9760000109672546,0.8116000294685364
YMR081C,YAL003W,0,-2.223909,0.10733531415462494,0.9760000109672546,0.8116999864578247
YOR011W,YKL021C,0,-2.2239208,0.10732351243495941,0.9760000109672546,0.8118000030517578
YNL207W,YDR314C,0,-2.2239535,0.10731171071529388,0.9760000109672546,0.8119000196456909
YDR103W,YOR205C,0,-2.2241004,0.10729990899562836,0.9760000109672546,0.8119999766349792
YPL283C,YGL249W,0,-2.224134,0.10728811472654343,0.9760000109672546,0.8120999932289124
YDL070W,YGR245C,0,-2.2242768,0.10727632790803909,0.9760000109672546,0.8122000098228455
YMR174C,YJL006C,0,-2.2244904,0.10726453363895416,0.9760000109672546,0.8123000264167786
YPR122W,YFL050C,0,-2.2249374,0.10725274682044983,0.9760000109672546,0.8123999834060669
YLR142W,YNL210W,0,-2.225112,0.1072409600019455,0.9760000109672546,0.8125
YGL100W,YCR040W,0,-2.2251894,0.10722918063402176,0.9760000109672546,0.8126000165939331
YBR210W,YKR044W,0,-2.225234,0.10721740126609802,0.9760000109672546,0.8126999735832214
YMR229C,YHL013C,0,-2.225516,0.10720562189817429,0.9760000109672546,0.8127999901771545
YIL003W,YOL011W,0,-2.2264104,0.10719384998083115,0.9760000109672546,0.8129000067710876
YDR072C,YIL087C,0,-2.2266307,0.107182078063488,0.9760000109672546,0.8130000233650208
YMR274C,YHL048W,0,-2.2267416,0.10717030614614487,0.9760000109672546,0.8130999803543091
YOL123W,YFL042C,0,-2.2271814,0.10715854167938232,0.9760000109672546,0.8131999969482422
YLR212C,YJR158W,0,-2.227342,0.10714677721261978,0.9760000109672546,0.8133000135421753
YKL180W,YHL027W,0,-2.2273633,0.10713501274585724,0.9760000109672546,0.8133999705314636
YER109C,YMR247C,0,-2.2273922,0.10712325572967529,0.9760000109672546,0.8134999871253967
YDR017C,YJR138W,0,-2.227403,0.10711149871349335,0.9760000109672546,0.8136000037193298
YOR131C,YHL035C,0,-2.2276204,0.107099749147892,0.9760000109672546,0.8137000203132629
YPR188C,YDR253C,0,-2.2280438,0.10708799958229065,0.9760000109672546,0.8137999773025513
YER113C,YCR030C,0,-2.228065,0.1070762500166893,0.9760000109672546,0.8138999938964844
YNR055C,YDR263C,0,-2.2281146,0.10706450045108795,0.9760000109672546,0.8140000104904175
YHR106W,YLR153C,0,-2.228242,0.1070527583360672,0.9760000109672546,0.8141000270843506
YDR263C,YNL223W,0,-2.228301,0.10704101622104645,0.9760000109672546,0.8141999840736389
YCR067C,YDR076W,0,-2.2283068,0.10702928155660629,0.9760000109672546,0.814300000667572
YMR263W,YKR076W,0,-2.2286763,0.10701754689216614,0.9760000109672546,0.8144000172615051
YOR099W,YLR181C,0,-2.2288954,0.10700581222772598,0.9760000109672546,0.8144999742507935
YML077W,YDR214W,0,-2.2290652,0.10699407756328583,0.9760000109672546,0.8145999908447266
YJR044C,YKL079W,0,-2.2291996,0.10698235034942627,0.9760000109672546,0.8147000074386597
YJR119C,YNL261W,0,-2.22922,0.10697063058614731,0.9760000109672546,0.8148000240325928
YOR127W,YKR102W,0,-2.229245,0.10695890337228775,0.9760000109672546,0.8148999810218811
YDL067C,YHR011W,0,-2.229266,0.10694718360900879,0.9760000109672546,0.8149999976158142
YPL052W,YHL034C,0,-2.2292776,0.10693546384572983,0.9760000109672546,0.8151000142097473
YOL045W,YLR060W,0,-2.2294106,0.10692375153303146,0.9760000109672546,0.8151999711990356
YIR026C,YPL202C,0,-2.2294118,0.1069120392203331,0.9760000109672546,0.8152999877929688
YDR103W,YJL004C,0,-2.2302103,0.10690032690763474,0.9760000109672546,0.8154000043869019
YMR027W,YBR147W,0,-2.230548,0.10688862204551697,0.9760000109672546,0.815500020980835
YBR135W,YLR086W,0,-2.2307322,0.1068769171833992,0.9760000109672546,0.8155999779701233
YKR068C,YGR270W,0,-2.230927,0.10686521232128143,0.9760000109672546,0.8156999945640564
YDL199C,YFL004W,0,-2.2310221,0.10685351490974426,0.9760000109672546,0.8158000111579895
YMR001C,YBL075C,0,-2.2313375,0.10684181749820709,0.9760000109672546,0.8159000277519226
YOL006C,YHR040W,0,-2.2315474,0.10683012008666992,0.9760000109672546,0.8159999847412109
YGL047W,YIL075C,0,-2.2319832,0.10681843012571335,0.9760000109672546,0.816100001335144
YGR090W,YCL034W,0,-2.232277,0.10680674016475677,0.9760000109672546,0.8162000179290771
YJL173C,YOR115C,0,-2.2323203,0.1067950576543808,0.9760000109672546,0.8162999749183655
YHR071W,YNL021W,0,-2.2325249,0.10678336769342422,0.9760000109672546,0.8163999915122986
YJL106W,YML086C,0,-2.232742,0.10677168518304825,0.9760000109672546,0.8165000081062317
YER026C,YDL077C,0,-2.2331316,0.10676001012325287,0.9760000109672546,0.8166000247001648
YPL147W,YKL092C,0,-2.2332726,0.10674833506345749,0.9760000109672546,0.8166999816894531
YLR316C,YFL036W,0,-2.2336931,0.10673666000366211,0.9760000109672546,0.8167999982833862
YMR247C,YML014W,1,-2.2338552,0.10683433711528778,0.9769999980926514,0.8167999982833862
YKR069W,YPL075W,0,-2.2343159,0.1068226546049118,0.9769999980926514,0.8169000148773193
YOR229W,YCR002C,0,-2.2343411,0.10681097954511642,0.9769999980926514,0.8169999718666077
YML069W,YNL331C,0,-2.2344697,0.10679929703474045,0.9769999980926514,0.8170999884605408
YJL219W,YDR522C,0,-2.234888,0.10678762942552567,0.9769999980926514,0.8172000050544739
YKL133C,YIL048W,0,-2.2352161,0.10677595436573029,0.9769999980926514,0.817300021648407
YGR201C,YDR266C,1,-2.2352574,0.10687356442213058,0.9779999852180481,0.817300021648407
YDR389W,YDR056C,0,-2.235325,0.1068618893623352,0.9779999852180481,0.8173999786376953
YMR278W,YKL057C,0,-2.235447,0.10685021430253983,0.9779999852180481,0.8174999952316284
YPL192C,YER101C,0,-2.2358963,0.10683853924274445,0.9779999852180481,0.8176000118255615
YML007W,YIL104C,0,-2.2362971,0.10682687163352966,0.9779999852180481,0.8177000284194946
YEL038W,YHR172W,0,-2.2365527,0.10681520402431488,0.9779999852180481,0.817799985408783
YJR065C,YAL060W,0,-2.236621,0.1068035364151001,0.9779999852180481,0.8179000020027161
YNL101W,YLR238W,0,-2.236888,0.10679187625646591,0.9779999852180481,0.8180000185966492
YMR280C,YLR298C,0,-2.2369924,0.10678021609783173,0.9779999852180481,0.8180999755859375
YLR168C,YOR036W,0,-2.237114,0.10676855593919754,0.9779999852180481,0.8181999921798706
YHR152W,YLR181C,0,-2.237643,0.10675690323114395,0.9779999852180481,0.8183000087738037
YBL067C,YGR075C,0,-2.2379549,0.10674525052309036,0.9779999852180481,0.8184000253677368
YGR076C,YBR296C,0,-2.2380486,0.10673360526561737,0.9779999852180481,0.8184999823570251
YOR386W,YGR063C,0,-2.238155,0.10672195255756378,0.9779999852180481,0.8185999989509583
YHR136C,YDL139C,0,-2.238369,0.10671030730009079,0.9779999852180481,0.8187000155448914
YBR018C,YFR014C,0,-2.2386174,0.1066986694931984,0.9779999852180481,0.8187999725341797
YKL058W,YMR173W,0,-2.240264,0.106687031686306,0.9779999852180481,0.8188999891281128
YLR375W,YLR026C,0,-2.24073,0.1066753938794136,0.9779999852180481,0.8190000057220459
YOR043W,YGL032C,0,-2.2407827,0.10666375607252121,0.9779999852180481,0.819100022315979
YLR190W,YJR136C,0,-2.240881,0.10665212571620941,0.9779999852180481,0.8191999793052673
YDR036C,YOR357C,0,-2.2410016,0.10664049535989761,0.9779999852180481,0.8192999958992004
YIL003W,YLR289W,0,-2.241648,0.10662887245416641,0.9779999852180481,0.8194000124931335
YOR202W,YGR102C,0,-2.2418308,0.10661724954843521,0.9779999852180481,0.8195000290870667
YOR207C,YMR167W,0,-2.2420814,0.10660562664270401,0.9779999852180481,0.819599986076355
YCR012W,YGR059W,0,-2.2426822,0.10659400373697281,0.9779999852180481,0.8197000026702881
YEL052W,YPR139C,0,-2.2428007,0.1065823882818222,0.9779999852180481,0.8198000192642212
YOR016C,YGL056C,0,-2.2430558,0.1065707728266716,0.9779999852180481,0.8198999762535095
YMR172W,YPR066W,0,-2.243345,0.10655916482210159,0.9779999852180481,0.8199999928474426
YEL006W,YKL001C,0,-2.2433696,0.10654755681753159,0.9779999852180481,0.8201000094413757
YLL022C,YCR079W,0,-2.243693,0.10653594881296158,0.9779999852180481,0.8202000260353088
YER161C,YBR296C,0,-2.243879,0.10652434080839157,0.9779999852180481,0.8202999830245972
YOR148C,YML006C,0,-2.243977,0.10651274025440216,0.9779999852180481,0.8203999996185303
YGL064C,YPL159C,0,-2.2440372,0.10650113970041275,0.9779999852180481,0.8205000162124634
YKR100C,YKL197C,0,-2.2440958,0.10648954659700394,0.9779999852180481,0.8205999732017517
YLL002W,YER002W,0,-2.2441318,0.10647795349359512,0.9779999852180481,0.8206999897956848
YPR179C,YGL032C,0,-2.2445133,0.10646636039018631,0.9779999852180481,0.8208000063896179
YPL116W,YHR021C,0,-2.244637,0.1064547747373581,0.9779999852180481,0.820900022983551
YPR026W,YPR066W,0,-2.2446475,0.10644318908452988,0.9779999852180481,0.8209999799728394
YKL051W,YIL123W,0,-2.244707,0.10643160343170166,0.9779999852180481,0.8210999965667725
YIL158W,YKL074C,0,-2.245235,0.10642002522945404,0.9779999852180481,0.8212000131607056
YPL181W,YCL058C,0,-2.2453368,0.10640843957662582,0.9779999852180481,0.8213000297546387
YGL010W,YPL231W,0,-2.2454262,0.1063968688249588,0.9779999852180481,0.821399986743927
YPL055C,YGR215W,0,-2.2457476,0.10638529062271118,0.9779999852180481,0.8215000033378601
YPR190C,YOR069W,0,-2.245799,0.10637371987104416,0.9779999852180481,0.8216000199317932
YMR264W,YDR351W,0,-2.2464426,0.10636215656995773,0.9779999852180481,0.8216999769210815
YMR176W,YFL014W,0,-2.2464595,0.10635058581829071,0.9779999852180481,0.8217999935150146
YGR201C,YMR024W,1,-2.246872,0.10644775629043579,0.9789999723434448,0.8217999935150146
YDR522C,YNL005C,0,-2.2469826,0.10643617808818817,0.9789999723434448,0.8219000101089478
YNL241C,YDR044W,0,-2.247155,0.10642461478710175,0.9789999723434448,0.8220000267028809
YHR042W,YGL192W,0,-2.2472303,0.10641304403543472,0.9789999723434448,0.8220999836921692
YNL063W,YLR172C,1,-2.2476249,0.10651016235351562,0.9800000190734863,0.8220999836921692
YNR035C,YGR131W,0,-2.2478452,0.106498584151268,0.9800000190734863,0.8222000002861023
YHR067W,YOL128C,0,-2.2480366,0.10648701339960098,0.9800000190734863,0.8223000168800354
YBR268W,YGR032W,0,-2.248219,0.10647544264793396,0.9800000190734863,0.8223999738693237
YPR182W,YBL025W,0,-2.248415,0.10646387934684753,0.9800000190734863,0.8224999904632568
YLR284C,YOR048C,0,-2.2486176,0.10645231604576111,0.9800000190734863,0.8226000070571899
YBR291C,YGL137W,0,-2.2488363,0.10644075274467468,0.9800000190734863,0.822700023651123
YNR075W,YPR017C,0,-2.2488542,0.10642918944358826,0.9800000190734863,0.8227999806404114
YGL246C,YOR104W,0,-2.248944,0.10641763359308243,0.9800000190734863,0.8228999972343445
YGR033C,YML046W,0,-2.2489598,0.1064060777425766,0.9800000190734863,0.8230000138282776
YJL115W,YDL182W,0,-2.2490911,0.10639452934265137,0.9800000190734863,0.8230999708175659
YDR240C,YFR029W,0,-2.2491224,0.10638298094272614,0.9800000190734863,0.823199987411499
YCL039W,YLR405W,0,-2.2491786,0.1063714325428009,0.9800000190734863,0.8233000040054321
YIL005W,YLR019W,0,-2.2495959,0.10635988414287567,0.9800000190734863,0.8234000205993652
YCR093W,YKL090W,0,-2.24982,0.10634834319353104,0.9800000190734863,0.8234999775886536
YBL054W,YPR085C,0,-2.2499487,0.1063368022441864,0.9800000190734863,0.8235999941825867
YKL055C,YER109C,0,-2.2500281,0.10632526874542236,0.9800000190734863,0.8237000107765198
YNL191W,YOR316C,0,-2.2504334,0.10631373524665833,0.9800000190734863,0.8238000273704529
YMR029C,YDR231C,0,-2.2506032,0.10630220174789429,0.9800000190734863,0.8238999843597412
YER117W,YIL042C,0,-2.2508192,0.10629067569971085,0.9800000190734863,0.8240000009536743
YIL165C,YNL132W,0,-2.250849,0.10627914220094681,0.9800000190734863,0.8241000175476074
YFR048W,YMR229C,0,-2.251259,0.10626762360334396,0.9800000190734863,0.8241999745368958
YMR223W,YEL061C,0,-2.2514699,0.10625609755516052,0.9800000190734863,0.8242999911308289
YGR010W,YDR023W,0,-2.2516541,0.10624457895755768,0.9800000190734863,0.824400007724762
YDR279W,YPR168W,0,-2.252008,0.10623306035995483,0.9800000190734863,0.8245000243186951
YIL138C,YKR104W,0,-2.2520363,0.10622154921293259,0.9800000190734863,0.8245999813079834
YIL122W,YEL042W,0,-2.252298,0.10621003806591034,0.9800000190734863,0.8246999979019165
YMR271C,YOR301W,0,-2.252324,0.10619852691888809,0.9800000190734863,0.8248000144958496
YBR097W,YNL182C,0,-2.2524862,0.10618701577186584,0.9800000190734863,0.8248999714851379
YFL055W,YMR269W,0,-2.2525036,0.1061755120754242,0.9800000190734863,0.824999988079071
YDR234W,YMR115W,0,-2.2525477,0.10616401582956314,0.9800000190734863,0.8251000046730042
YBR078W,YPL224C,0,-2.2525706,0.10615251213312149,0.9800000190734863,0.8252000212669373
YIL134W,YGL167C,0,-2.2530537,0.10614101588726044,0.9800000190734863,0.8252999782562256
YOR144C,YMR269W,0,-2.2533975,0.10612951964139938,0.9800000190734863,0.8253999948501587
YLR148W,YOL122C,0,-2.2535348,0.10611803084611893,0.9800000190734863,0.8255000114440918
YNL320W,YBR123C,0,-2.2536778,0.10610654205083847,0.9800000190734863,0.8256000280380249
YLR183C,YGL004C,0,-2.2538404,0.10609505325555801,0.9800000190734863,0.8256999850273132
YMR296C,YGR171C,0,-2.254056,0.10608356446027756,0.9800000190734863,0.8258000016212463
YDR191W,YIL145C,0,-2.254144,0.1060720831155777,0.9800000190734863,0.8259000182151794
YAL036C,YNR039C,0,-2.254385,0.10606060922145844,0.9800000190734863,0.8259999752044678
YDR492W,YDR511W,0,-2.2544117,0.10604912787675858,0.9800000190734863,0.8260999917984009
YMR188C,YLL015W,0,-2.2544541,0.10603765398263931,0.9800000190734863,0.826200008392334
YLL011W,YDR265W,0,-2.254579,0.10602618008852005,0.9800000190734863,0.8263000249862671
YDR160W,YGR049W,0,-2.2546895,0.10601471364498138,0.9800000190734863,0.8263999819755554
YKR017C,YGL115W,0,-2.254861,0.10600324720144272,0.9800000190734863,0.8264999985694885
YMR303C,YEL051W,0,-2.2551901,0.10599178075790405,0.9800000190734863,0.8266000151634216
YGR247W,YDL052C,0,-2.255824,0.10598031431436539,0.9800000190734863,0.82669997215271
YGR173W,YFL054C,0,-2.256116,0.10596885532140732,0.9800000190734863,0.8267999887466431
YGR101W,YBR273C,0,-2.2562528,0.10595740377902985,0.9800000190734863,0.8269000053405762
YLR008C,YGR057C,0,-2.2567182,0.10594594478607178,0.9800000190734863,0.8270000219345093
YHR067W,YER035W,0,-2.25694,0.1059344932436943,0.9800000190734863,0.8270999789237976
YOL081W,YOR295W,0,-2.2573235,0.10592304170131683,0.9800000190734863,0.8271999955177307
YPL005W,YDR525W-A,0,-2.257594,0.10591159760951996,0.9800000190734863,0.8273000121116638
YNL312W,YIL075C,0,-2.257765,0.10590015351772308,0.9800000190734863,0.8274000287055969
YDR511W,YGR024C,0,-2.2580166,0.10588870942592621,0.9800000190734863,0.8274999856948853
YCR026C,YKL057C,0,-2.258096,0.10587726533412933,0.9800000190734863,0.8276000022888184
YKL167C,YGR257C,0,-2.2580981,0.10586582869291306,0.9800000190734863,0.8277000188827515
YOR104W,YPL060W,0,-2.2581277,0.10585439950227737,0.9800000190734863,0.8277999758720398
YDL067C,YNL333W,0,-2.2583442,0.1058429628610611,0.9800000190734863,0.8278999924659729
YHR190W,YBR109C,0,-2.2585666,0.10583153367042542,0.9800000190734863,0.828000009059906
YNL148C,YLL001W,0,-2.2586443,0.10582010447978973,0.9800000190734863,0.8281000256538391
YNL322C,YMR161W,0,-2.2589173,0.10580868273973465,0.9800000190734863,0.8281999826431274
YDL110C,YNL080C,0,-2.2594032,0.10579726099967957,0.9800000190734863,0.8282999992370605
YPL083C,YPL224C,0,-2.2596898,0.10578583925962448,0.9800000190734863,0.8284000158309937
YLR207W,YBR255W,0,-2.2599053,0.1057744175195694,0.9800000190734863,0.828499972820282
YJL172W,YNR053C,0,-2.2600315,0.10576300323009491,0.9800000190734863,0.8285999894142151
YPL216W,YJL035C,0,-2.2600632,0.10575158894062042,0.9800000190734863,0.8287000060081482
YLR170C,YDL223C,0,-2.2609622,0.10574018210172653,0.9800000190734863,0.8288000226020813
YJL223C,YJL033W,0,-2.2610962,0.10572877526283264,0.9800000190734863,0.8288999795913696
YOR068C,YNL107W,0,-2.261733,0.10571736842393875,0.9800000190734863,0.8289999961853027
YEL001C,YGL084C,0,-2.2620356,0.10570596158504486,0.9800000190734863,0.8291000127792358
YDR518W,YMR323W,0,-2.2625399,0.10569456219673157,0.9800000190734863,0.829200029373169
YMR175W,YNR075W,0,-2.262896,0.10568316280841827,0.9800000190734863,0.8292999863624573
YIR031C,YJL049W,0,-2.2633462,0.10567177087068558,0.9800000190734863,0.8294000029563904
YDR281C,YGR033C,0,-2.264123,0.10566037893295288,0.9800000190734863,0.8295000195503235
YKL065C,YPL253C,0,-2.2644098,0.10564898699522018,0.9800000190734863,0.8295999765396118
YDR175C,YHR031C,0,-2.2645588,0.10563759505748749,0.9800000190734863,0.8296999931335449
YDR190C,YIR013C,0,-2.2646427,0.10562621057033539,0.9800000190734863,0.829800009727478
YNR046W,YDR059C,0,-2.264815,0.10561482608318329,0.9800000190734863,0.8299000263214111
YDL066W,YPL111W,0,-2.265194,0.10560344904661179,0.9800000190734863,0.8299999833106995
YDR329C,YOL101C,0,-2.2651954,0.10559207201004028,0.9800000190734863,0.8300999999046326
YPR135W,YDR044W,0,-2.265457,0.10558069497346878,0.9800000190734863,0.8302000164985657
YLR372W,YKR064W,0,-2.2656958,0.10556931793689728,0.9800000190734863,0.830299973487854
YIL011W,YPL113C,0,-2.2658565,0.10555794835090637,0.9800000190734863,0.8303999900817871
YBR275C,YNL121C,0,-2.2669091,0.10554657876491547,0.9800000190734863,0.8305000066757202
YOL153C,YMR308C,0,-2.2674265,0.10553521662950516,0.9800000190734863,0.8306000232696533
YML068W,YJR144W,0,-2.2678437,0.10552384704351425,0.9800000190734863,0.8306999802589417
YIL120W,YMR004W,0,-2.2679164,0.10551249235868454,0.9800000190734863,0.8307999968528748
YER133W,YHR011W,0,-2.2679453,0.10550113022327423,0.9800000190734863,0.8309000134468079
YFR030W,YER180C,0,-2.2679687,0.10548977553844452,0.9800000190734863,0.8309999704360962
YJL154C,YNL314W,0,-2.2680004,0.10547842085361481,0.9800000190734863,0.8310999870300293
YLR381W,YOR087W,0,-2.2681637,0.1054670661687851,0.9800000190734863,0.8312000036239624
YDL087C,YLL001W,0,-2.2683263,0.10545571893453598,0.9800000190734863,0.8313000202178955
YIL073C,YKL129C,0,-2.2685077,0.10544437170028687,0.9800000190734863,0.8313999772071838
YJL083W,YJR127C,0,-2.2687898,0.10543303191661835,0.9800000190734863,0.8314999938011169
YNL113W,YBL042C,0,-2.268793,0.10542168468236923,0.9800000190734863,0.83160001039505
YMR200W,YOR175C,0,-2.2689564,0.10541034489870071,0.9800000190734863,0.8317000269889832
YGL251C,YDR463W,0,-2.2689924,0.10539901256561279,0.9800000190734863,0.8317999839782715
YPL006W,YDR315C,0,-2.2692218,0.10538767278194427,0.9800000190734863,0.8319000005722046
YPR193C,YJR158W,0,-2.2694802,0.10537634044885635,0.9800000190734863,0.8320000171661377
YOR096W,YER175C,0,-2.2714853,0.10536501556634903,0.9800000190734863,0.832099974155426
YIL136W,YGL137W,0,-2.2716293,0.1053536906838417,0.9800000190734863,0.8321999907493591
YLR393W,YPR186C,0,-2.272055,0.10534236580133438,0.9800000190734863,0.8323000073432922
YPL221W,YDR325W,0,-2.2721324,0.10533104091882706,0.9800000190734863,0.8324000239372253
YDR137W,YLR201C,0,-2.2725878,0.10531972348690033,0.9800000190734863,0.8324999809265137
YHR106W,YKR081C,0,-2.2732196,0.1053084060549736,0.9800000190734863,0.8325999975204468
YMR153W,YGR129W,0,-2.2732716,0.10529708862304688,0.9800000190734863,0.8327000141143799
YBR065C,YOR179C,0,-2.2736135,0.10528577864170074,0.9800000190734863,0.8327999711036682
YGL244W,YPR067W,0,-2.2737367,0.10527446866035461,0.9800000190734863,0.8328999876976013
YHL011C,YPL161C,0,-2.273747,0.10526315867900848,0.9800000190734863,0.8330000042915344
YLR163C,YPR017C,0,-2.2738028,0.10525185614824295,0.9800000190734863,0.8331000208854675
YBL084C,YJL212C,0,-2.2748232,0.10524054616689682,0.9800000190734863,0.8331999778747559
YLR381W,YOR368W,0,-2.2753048,0.10522925108671188,0.9800000190734863,0.833299994468689
YIR002C,YNL166C,0,-2.2754917,0.10521794855594635,0.9800000190734863,0.8334000110626221
YJL223C,YGR236C,0,-2.2759392,0.10520665347576141,0.9800000190734863,0.8335000276565552
YGL005C,YGR262C,0,-2.2772532,0.10519536584615707,0.9800000190734863,0.8335999846458435
YOR155C,YLR095C,0,-2.277321,0.10518407076597214,0.9800000190734863,0.8337000012397766
YOR001W,YJL094C,0,-2.2773428,0.1051727831363678,0.9800000190734863,0.8338000178337097
YDR255C,YNR059W,0,-2.2774625,0.10516149550676346,0.9800000190734863,0.833899974822998
YLR018C,YER100W,0,-2.2774715,0.10515021532773972,0.9800000190734863,0.8339999914169312
YJR066W,YBR298C,0,-2.2778163,0.10513893514871597,0.9800000190734863,0.8341000080108643
YGL093W,YMR203W,0,-2.2778914,0.10512765496969223,0.9800000190734863,0.8342000246047974
YGL049C,YAR035W,0,-2.278265,0.10511638224124908,0.9800000190734863,0.8342999815940857
YOL156W,YGR121C,0,-2.27839,0.10510510206222534,0.9800000190734863,0.8343999981880188
YJL084C,YDR047W,0,-2.2786136,0.10509383678436279,0.9800000190734863,0.8345000147819519
YGL184C,YPL211W,0,-2.2787938,0.10508256405591965,0.9800000190734863,0.8345999717712402
YLR205C,YBL045C,0,-2.2788255,0.1050712987780571,0.9800000190734863,0.8346999883651733
YHR185C,YNL246W,0,-2.2790816,0.10506003350019455,0.9800000190734863,0.8348000049591064
YER015W,YDR432W,0,-2.2791348,0.1050487756729126,0.9800000190734863,0.8349000215530396
YKR050W,YDR100W,0,-2.2791672,0.10503751039505005,0.9800000190734863,0.8349999785423279
YOR241W,YMR006C,0,-2.2796898,0.1050262600183487,0.9800000190734863,0.835099995136261
YLR045C,YDR351W,0,-2.2803037,0.10501500219106674,0.9800000190734863,0.8352000117301941
YOR060C,YGR212W,0,-2.280406,0.10500375181436539,0.9800000190734863,0.8353000283241272
YKL110C,YDR460W,0,-2.2804956,0.10499250143766403,0.9800000190734863,0.8353999853134155
YOR334W,YBL080C,0,-2.2806234,0.10498125106096268,0.9800000190734863,0.8355000019073486
YDR110W,YKL015W,0,-2.2823663,0.10497000813484192,0.9800000190734863,0.8356000185012817
YML067C,YGR231C,0,-2.2825294,0.10495876520872116,0.9800000190734863,0.8356999754905701
YBL084C,YGR040W,0,-2.283198,0.104947529733181,0.9800000190734863,0.8357999920845032
YGL187C,YCL066W,0,-2.2833242,0.10493628680706024,0.9800000190734863,0.8359000086784363
YDL153C,YJR002W,0,-2.2833538,0.10492505133152008,0.9800000190734863,0.8360000252723694
YGL130W,YLR353W,0,-2.2834678,0.10491382330656052,0.9800000190734863,0.8360999822616577
YNL259C,YDR497C,0,-2.2835803,0.10490258783102036,0.9800000190734863,0.8361999988555908
YCL029C,YOL110W,0,-2.2836626,0.10489135980606079,0.9800000190734863,0.8363000154495239
YAL016W,YGL253W,0,-2.2839065,0.10488013923168182,0.9800000190734863,0.8363999724388123
YKL034W,YLR404W,0,-2.2841506,0.10486891120672226,0.9800000190734863,0.8364999890327454
YAL059W,YNL192W,0,-2.2841725,0.10485769063234329,0.9800000190734863,0.8366000056266785
YDR329C,YDR069C,0,-2.284438,0.10484647750854492,0.9800000190734863,0.8367000222206116
YGR243W,YER032W,0,-2.2845852,0.10483525693416595,0.9800000190734863,0.8367999792098999
YGR020C,YGL175C,0,-2.2847185,0.10482404381036758,0.9800000190734863,0.836899995803833
YJR125C,YFL047W,0,-2.2848032,0.10481283068656921,0.9800000190734863,0.8370000123977661
YDR101C,YOR274W,0,-2.2848473,0.10480162501335144,0.9800000190734863,0.8371000289916992
YMR263W,YDL069C,0,-2.284929,0.10479041934013367,0.9800000190734863,0.8371999859809875
YJL207C,YKR037C,0,-2.285166,0.1047792136669159,0.9800000190734863,0.8373000025749207
YGL119W,YNL194C,0,-2.2852745,0.10476801544427872,0.9800000190734863,0.8374000191688538
YGR263C,YER098W,0,-2.2853336,0.10475681722164154,0.9800000190734863,0.8374999761581421
YER059W,YOR219C,0,-2.2854142,0.10474561899900436,0.9800000190734863,0.8375999927520752
YBR223C,YIL027C,0,-2.2854977,0.10473442077636719,0.9800000190734863,0.8377000093460083
YMR065W,YER044C,0,-2.2856233,0.10472323000431061,0.9800000190734863,0.8378000259399414
YER098W,YMR211W,0,-2.2860637,0.10471203923225403,0.9800000190734863,0.8378999829292297
YHR042W,YEL012W,0,-2.2865489,0.10470085591077805,0.9800000190734863,0.8379999995231628
YJR149W,YER170W,0,-2.2872083,0.10468967258930206,0.9800000190734863,0.838100016117096
YMR266W,YGL255W,0,-2.2873273,0.10467848926782608,0.9800000190734863,0.8381999731063843
YAL021C,YMR314W,0,-2.2875564,0.1046673059463501,0.9800000190734863,0.8382999897003174
YOL151W,YER044C,0,-2.2878776,0.10465613007545471,0.9800000190734863,0.8384000062942505
YGL251C,YLR200W,0,-2.2887387,0.10464495420455933,0.9800000190734863,0.8385000228881836
YFL002C,YDL167C,0,-2.2899737,0.10463377833366394,0.9800000190734863,0.8385999798774719
YJL038C,YDL120W,0,-2.290221,0.10462260991334915,0.9800000190734863,0.838699996471405
YHR147C,YDR041W,0,-2.2902265,0.10461144149303436,0.9800000190734863,0.8388000130653381
YGR020C,YPL003W,0,-2.2902799,0.10460028052330017,0.9800000190734863,0.8389000296592712
YCR105W,YPL253C,0,-2.290419,0.10458911210298538,0.9800000190734863,0.8389999866485596
YNL054W,YFL061W,0,-2.291061,0.10457795113325119,0.9800000190734863,0.8391000032424927
YJL090C,YIL021W,0,-2.291543,0.1045667976140976,0.9800000190734863,0.8392000198364258
YAL044C,YLR086W,0,-2.2920728,0.1045556366443634,0.9800000190734863,0.8392999768257141
YHR166C,YKR014C,0,-2.2922142,0.10454448312520981,0.9800000190734863,0.8393999934196472
YBR054W,YPR047W,0,-2.292314,0.10453333705663681,0.9800000190734863,0.8395000100135803
YLR404W,YHR184W,0,-2.2923222,0.10452218353748322,0.9800000190734863,0.8396000266075134
YKR025W,YMR113W,0,-2.2924995,0.10451103746891022,0.9800000190734863,0.8396999835968018
YKL143W,YEL044W,0,-2.2926993,0.10449989140033722,0.9800000190734863,0.8398000001907349
YKR062W,YEL042W,0,-2.2927418,0.10448875278234482,0.9800000190734863,0.839900016784668
YIL158W,YFL054C,0,-2.2928276,0.10447761416435242,0.9800000190734863,0.8399999737739563
YGR195W,YGR068C,0,-2.29283,0.10446647554636002,0.9800000190734863,0.8400999903678894
YAL007C,YIL109C,0,-2.2928805,0.10445533692836761,0.9800000190734863,0.8402000069618225
YER161C,YKL132C,0,-2.2931027,0.10444420576095581,0.9800000190734863,0.8403000235557556
YOR004W,YMR004W,0,-2.2933319,0.104433074593544,0.9800000190734863,0.840399980545044
YGL174W,YMR131C,0,-2.293398,0.1044219508767128,0.9800000190734863,0.840499997138977
YOR299W,YAL051W,0,-2.2935784,0.10441082715988159,0.9800000190734863,0.8406000137329102
YOR058C,YGL198W,0,-2.293767,0.10439970344305038,0.9800000190734863,0.8406999707221985
YLR164W,YLR451W,0,-2.29388,0.10438857972621918,0.9800000190734863,0.8407999873161316
YCR028C,YKL109W,0,-2.2938886,0.10437746345996857,0.9800000190734863,0.8409000039100647
YBL075C,YCR059C,0,-2.293961,0.10436634719371796,0.9800000190734863,0.8410000205039978
YJL139C,YGL013C,0,-2.2945821,0.10435523092746735,0.9800000190734863,0.8410999774932861
YER095W,YJL187C,0,-2.2946992,0.10434412211179733,0.9800000190734863,0.8411999940872192
YNL224C,YPL062W,0,-2.2948508,0.10433301329612732,0.9800000190734863,0.8413000106811523
YMR247C,YLR150W,1,-2.2956758,0.10442835837602615,0.9810000061988831,0.8413000106811523
YPL018W,YLR045C,0,-2.2957196,0.10441724210977554,0.9810000061988831,0.8414000272750854
YOR103C,YNL252C,0,-2.2959838,0.10440613329410553,0.9810000061988831,0.8414999842643738
YGR141W,YHR079C-A,0,-2.2960517,0.10439501702785492,0.9810000061988831,0.8416000008583069
YDL235C,YER104W,0,-2.2963405,0.1043839082121849,0.9810000061988831,0.84170001745224
YJL041W,YMR017W,0,-2.2965405,0.10437280684709549,0.9810000061988831,0.8417999744415283
YHR114W,YLR239C,0,-2.2974808,0.10436170548200607,0.9810000061988831,0.8418999910354614
YJL001W,YDR004W,0,-2.297881,0.10435060411691666,0.9810000061988831,0.8420000076293945
YOR198C,YNL192W,0,-2.2979913,0.10433950275182724,0.9810000061988831,0.8421000242233276
YER065C,YOR319W,0,-2.2980952,0.10432840883731842,0.9810000061988831,0.842199981212616
YLR319C,YNL311C,0,-2.2982936,0.1043173149228096,0.9810000061988831,0.8422999978065491
YKR102W,YML028W,0,-2.2982953,0.10430622100830078,0.9810000061988831,0.8424000144004822
YDL044C,YOR272W,0,-2.2983072,0.10429512709379196,0.9810000061988831,0.8424999713897705
YER162C,YKR036C,0,-2.2983696,0.10428404062986374,0.9810000061988831,0.8425999879837036
YNL273W,YNR048W,0,-2.298379,0.10427296161651611,0.9810000061988831,0.8427000045776367
YKL011C,YLR201C,0,-2.298448,0.10426187515258789,0.9810000061988831,0.8428000211715698
YOL078W,YJR005W,0,-2.2985702,0.10425079613924026,0.9810000061988831,0.8428999781608582
YCR048W,YIL027C,0,-2.2987046,0.10423971712589264,0.9810000061988831,0.8429999947547913
YDR434W,YFL023W,0,-2.2992668,0.10422864556312561,0.9810000061988831,0.8431000113487244
YOR254C,YMR072W,0,-2.2995842,0.10421757400035858,0.9810000061988831,0.8432000279426575
YPL241C,YPL239W,0,-2.2997212,0.10420650243759155,0.9810000061988831,0.8432999849319458
YER091C,YJL172W,0,-2.299729,0.10419543087482452,0.9810000061988831,0.8434000015258789
YPR178W,YNL139C,0,-2.3000746,0.10418436676263809,0.9810000061988831,0.843500018119812
YMR304W,YFL014W,0,-2.3001578,0.10417330265045166,0.9810000061988831,0.8435999751091003
YOR155C,YDL227C,0,-2.3001666,0.10416224598884583,0.9810000061988831,0.8436999917030334
YDR005C,YPL124W,0,-2.3002343,0.1041511818766594,0.9810000061988831,0.8438000082969666
YER007W,YLL002W,0,-2.3004484,0.10414012521505356,0.9810000061988831,0.8439000248908997
YOR313C,YGR209C,0,-2.3004978,0.10412907600402832,0.9810000061988831,0.843999981880188
YHR048W,YNL005C,0,-2.300536,0.10411801934242249,0.9810000061988831,0.8440999984741211
YKR082W,YDR075W,0,-2.3005617,0.10410697013139725,0.9810000061988831,0.8442000150680542
YGR053C,YGL243W,0,-2.3005996,0.1040959283709526,0.9810000061988831,0.8442999720573425
YGL163C,YBL098W,0,-2.300839,0.10408487915992737,0.9810000061988831,0.8443999886512756
YDL247W,YBL104C,0,-2.300972,0.10407383739948273,0.9810000061988831,0.8445000052452087
YMR095C,YPL134C,0,-2.3010464,0.10406279563903809,0.9810000061988831,0.8446000218391418
YLR214W,YGR105W,0,-2.301074,0.10405176132917404,0.9810000061988831,0.8446999788284302
YML061C,YGL092W,0,-2.3012385,0.10404072701931,0.9810000061988831,0.8447999954223633
YLR142W,YLR192C,0,-2.3014472,0.10402969270944595,0.9810000061988831,0.8449000120162964
YCL011C,YFL030W,0,-2.301745,0.10401865839958191,0.9810000061988831,0.8450000286102295
YGL002W,YJL137C,0,-2.3017926,0.10400763154029846,0.9810000061988831,0.8450999855995178
YLR037C,YER022W,0,-2.3020604,0.10399660468101501,0.9810000061988831,0.8452000021934509
YJL173C,YDR468C,0,-2.3023376,0.10398558527231216,0.9810000061988831,0.845300018787384
YDL245C,YLR010C,0,-2.3024175,0.10397456586360931,0.9810000061988831,0.8453999757766724
YAL062W,YKR088C,0,-2.3024254,0.10396354645490646,0.9810000061988831,0.8454999923706055
YIL073C,YKL186C,0,-2.3029122,0.10395252704620361,0.9810000061988831,0.8456000089645386
YOL028C,YOL095C,0,-2.3032012,0.10394151508808136,0.9810000061988831,0.8457000255584717
YMR243C,YJL105W,0,-2.3033245,0.1039305031299591,0.9810000061988831,0.84579998254776
YOL147C,YKL043W,0,-2.3033462,0.10391949117183685,0.9810000061988831,0.8458999991416931
YOR149C,YDL067C,0,-2.3034165,0.1039084866642952,0.9810000061988831,0.8460000157356262
YKL046C,YIL013C,0,-2.3036053,0.10389748215675354,0.9810000061988831,0.8460999727249146
YPL116W,YHR154W,0,-2.304093,0.10388647764921188,0.9810000061988831,0.8461999893188477
YIL088C,YGR028W,0,-2.3041477,0.10387547314167023,0.9810000061988831,0.8463000059127808
YDR214W,YBL091C,0,-2.3044853,0.10386447608470917,0.9810000061988831,0.8464000225067139
YGR285C,YGR201C,1,-2.305434,0.1039593443274498,0.9819999933242798,0.8464000225067139
YHL016C,YOL070C,0,-2.306248,0.10394833981990814,0.9819999933242798,0.8464999794960022
YOL112W,YJL092W,0,-2.3068428,0.10393734276294708,0.9819999933242798,0.8465999960899353
YHR070W,YNR022C,0,-2.3070052,0.10392633825540543,0.9819999933242798,0.8467000126838684
YNL241C,YIL050W,0,-2.3070805,0.10391534119844437,0.9819999933242798,0.8468000292778015
YJL167W,YJL163C,0,-2.307383,0.1039043515920639,0.9819999933242798,0.8468999862670898
YGR198W,YJR075W,0,-2.3075428,0.10389335453510284,0.9819999933242798,0.847000002861023
YJL166W,YNL218W,0,-2.307982,0.10388236492872238,0.9819999933242798,0.847100019454956
YPR183W,YDR106W,0,-2.3080492,0.10387137532234192,0.9819999933242798,0.8471999764442444
YOR054C,YDL077C,0,-2.3085027,0.10386039316654205,0.9819999933242798,0.8472999930381775
YLR313C,YGL056C,0,-2.30927,0.10384941101074219,0.9819999933242798,0.8474000096321106
YOR358W,YDR205W,0,-2.309481,0.10383842885494232,0.9819999933242798,0.8475000262260437
YOR276W,YBR163W,0,-2.309507,0.10382744669914246,0.9819999933242798,0.847599983215332
YAL022C,YKR089C,0,-2.3099418,0.10381647199392319,0.9819999933242798,0.8476999998092651
YGR275W,YPR135W,0,-2.3101802,0.10380549728870392,0.9819999933242798,0.8478000164031982
YOR076C,YFR009W,1,-2.3105226,0.10390022397041321,0.9829999804496765,0.8478000164031982
YJR075W,YOR208W,0,-2.3106704,0.10388924181461334,0.9829999804496765,0.8478999733924866
YML068W,YOR380W,0,-2.3107271,0.10387825965881348,0.9829999804496765,0.8479999899864197
YJR059W,YIL149C,0,-2.3112311,0.10386728495359421,0.9829999804496765,0.8481000065803528
YCL069W,YPL172C,0,-2.3118734,0.10385631024837494,0.9829999804496765,0.8482000231742859
YNL336W,YJR032W,0,-2.3118916,0.10384534299373627,0.9829999804496765,0.8482999801635742
YOL010W,YDR247W,0,-2.3121004,0.1038343757390976,0.9829999804496765,0.8483999967575073
YHR084W,YDR197W,0,-2.312327,0.10382340848445892,0.9829999804496765,0.8485000133514404
YDL139C,YDR469W,0,-2.3123643,0.10381244122982025,0.9829999804496765,0.8485999703407288
YIR024C,YDR076W,0,-2.312892,0.10380148142576218,0.9829999804496765,0.8486999869346619
YOR294W,YKL168C,0,-2.3128967,0.1037905216217041,0.9829999804496765,0.848800003528595
YLR312C,YKL207W,0,-2.3131218,0.10377956181764603,0.9829999804496765,0.8489000201225281
YBR043C,YLR209C,0,-2.3131976,0.10376860201358795,0.9829999804496765,0.8489999771118164
YNL233W,YDL107W,0,-2.3136058,0.10375764966011047,0.9829999804496765,0.8490999937057495
YNL039W,YPL178W,0,-2.3136175,0.10374670475721359,0.9829999804496765,0.8492000102996826
YJR059W,YIL021W,0,-2.314123,0.10373575240373611,0.9829999804496765,0.8493000268936157
YGL083W,YKR028W,0,-2.3143132,0.10372480750083923,0.9829999804496765,0.849399983882904
YBR211C,YDR483W,0,-2.3144913,0.10371386259794235,0.9829999804496765,0.8495000004768372
YMR234W,YMR028W,0,-2.3147166,0.10370292514562607,0.9829999804496765,0.8496000170707703
YDR446W,YDR080W,0,-2.3154693,0.10369198024272919,0.9829999804496765,0.8496999740600586
YHR123W,YOL128C,0,-2.315545,0.1036810427904129,0.9829999804496765,0.8497999906539917
YGL143C,YEL024W,0,-2.3158336,0.10367011278867722,0.9829999804496765,0.8499000072479248
YPL207W,YOL016C,0,-2.315968,0.10365918278694153,0.9829999804496765,0.8500000238418579
YPR201W,YEL046C,0,-2.3159916,0.10364825278520584,0.9829999804496765,0.8500999808311462
YCR105W,YMR296C,0,-2.3160563,0.10363732278347015,0.9829999804496765,0.8501999974250793
YOR079C,YBL019W,0,-2.3164768,0.10362640023231506,0.9829999804496765,0.8503000140190125
YER156C,YKR034W,0,-2.3169441,0.10361547023057938,0.9829999804496765,0.8503999710083008
YER044C-A,YPR089W,0,-2.3170447,0.10360455513000488,0.9829999804496765,0.8504999876022339
YLR106C,YJL013C,0,-2.317115,0.10359363257884979,0.9829999804496765,0.850600004196167
YER109C,YGL005C,0,-2.3172476,0.1035827174782753,0.9829999804496765,0.8507000207901001
YPR122W,YFL008W,0,-2.3175335,0.1035718023777008,0.9829999804496765,0.8507999777793884
YJL173C,YNL280C,0,-2.3176813,0.10356089472770691,0.9829999804496765,0.8508999943733215
YNR001C,YDR436W,0,-2.3177185,0.10354998707771301,0.9829999804496765,0.8510000109672546
YLR342W,YCL069W,0,-2.31773,0.10353907942771912,0.9829999804496765,0.8511000275611877
YHR001W,YJL207C,0,-2.3179855,0.10352817177772522,0.9829999804496765,0.8511999845504761
YNL259C,YKR088C,0,-2.3186584,0.10351727157831192,0.9829999804496765,0.8513000011444092
YMR096W,YER118C,0,-2.318738,0.10350637137889862,0.9829999804496765,0.8514000177383423
YBR247C,YML091C,0,-2.318948,0.10349547117948532,0.9829999804496765,0.8514999747276306
YBR267W,YER126C,0,-2.319321,0.10348457843065262,0.9829999804496765,0.8515999913215637
YMR158W,YMR115W,0,-2.3205283,0.10347368568181992,0.9829999804496765,0.8517000079154968
YBR243C,YOL090W,0,-2.320539,0.10346279293298721,0.9829999804496765,0.8518000245094299
YNL029C,YMR025W,0,-2.3209302,0.10345190763473511,0.9829999804496765,0.8518999814987183
YMR289W,YBR186W,0,-2.3212318,0.103441022336483,0.9829999804496765,0.8519999980926514
YNL322C,YBR195C,0,-2.3214855,0.1034301370382309,0.9829999804496765,0.8521000146865845
YJL133W,YDR443C,0,-2.3218582,0.10341925173997879,0.9829999804496765,0.8521999716758728
YPL202C,YBL097W,0,-2.3220978,0.10340837389230728,0.9829999804496765,0.8522999882698059
YPR001W,YLR129W,0,-2.3221416,0.10339749604463577,0.9829999804496765,0.852400004863739
YMR270C,YGR121C,0,-2.3222854,0.10338661819696426,0.9829999804496765,0.8525000214576721
YNL260C,YIL158W,0,-2.322587,0.10337574779987335,0.9829999804496765,0.8525999784469604
YNL177C,YGL237C,0,-2.3226676,0.10336487740278244,0.9829999804496765,0.8526999950408936
YDL064W,YPL084W,0,-2.3228679,0.10335401445627213,0.9829999804496765,0.8528000116348267
YIL021W,YMR161W,0,-2.3230262,0.10334314405918121,0.9829999804496765,0.8529000282287598
YDR129C,YPR037C,0,-2.3230774,0.1033322811126709,0.9829999804496765,0.8529999852180481
YNL279W,YEL042W,0,-2.3234065,0.10332141816616058,0.9829999804496765,0.8531000018119812
YIL079C,YOR371C,0,-2.3234067,0.10331056267023087,0.9829999804496765,0.8532000184059143
YLR450W,YPL151C,0,-2.3235857,0.10329970717430115,0.9829999804496765,0.8532999753952026
YIR005W,YHR069C,0,-2.323841,0.10328885167837143,0.9829999804496765,0.8533999919891357
YKR054C,YGL216W,0,-2.3243527,0.10327799618244171,0.9829999804496765,0.8535000085830688
YDR074W,YLL025W,0,-2.3244395,0.10326714813709259,0.9829999804496765,0.853600025177002
YOL063C,YBR020W,0,-2.3247228,0.10325630009174347,0.9829999804496765,0.8536999821662903
YDR451C,YMR215W,0,-2.3253765,0.10324545949697495,0.9829999804496765,0.8537999987602234
YOL068C,YGR179C,0,-2.3254106,0.10323461145162582,0.9829999804496765,0.8539000153541565
YBR244W,YKL178C,0,-2.3256443,0.1032237708568573,0.9829999804496765,0.8539999723434448
YNL012W,YDR390C,0,-2.326017,0.10321293771266937,0.9829999804496765,0.8540999889373779
YPL241C,YOR267C,0,-2.3260415,0.10320209711790085,0.9829999804496765,0.854200005531311
YOR281C,YLR450W,0,-2.326079,0.10319126397371292,0.9829999804496765,0.8543000221252441
YAL010C,YOR357C,0,-2.326295,0.103180430829525,0.9829999804496765,0.8543999791145325
YER082C,YMR059W,0,-2.3265848,0.10316960513591766,0.9829999804496765,0.8544999957084656
YNL070W,YPR180W,0,-2.326919,0.10315877944231033,0.9829999804496765,0.8546000123023987
YDL105W,YML041C,0,-2.3274636,0.103147953748703,0.9829999804496765,0.8547000288963318
YOR077W,YPR001W,0,-2.3276353,0.10313712805509567,0.9829999804496765,0.8547999858856201
YLR210W,YOR110W,0,-2.3277075,0.10312630981206894,0.9829999804496765,0.8549000024795532
YHR050W,YJL053W,0,-2.3277116,0.1031154915690422,0.9829999804496765,0.8550000190734863
YBR019C,YKL108W,0,-2.3278036,0.10310468077659607,0.9829999804496765,0.8550999760627747
YJR076C,YNL054W,0,-2.327992,0.10309386253356934,0.9829999804496765,0.8551999926567078
YNL130C,YBL037W,0,-2.3285027,0.1030830517411232,0.9829999804496765,0.8553000092506409
YIL138C,YKR036C,0,-2.3286123,0.10307224839925766,0.9829999804496765,0.855400025844574
YBR193C,YOR106W,0,-2.3287406,0.10306143760681152,0.9829999804496765,0.8554999828338623
YDL208W,YIL048W,0,-2.3289104,0.10305063426494598,0.9829999804496765,0.8555999994277954
YPL214C,YNL210W,0,-2.3292615,0.10303983092308044,0.9829999804496765,0.8557000160217285
YOR148C,YNL243W,0,-2.3298974,0.1030290350317955,0.9829999804496765,0.8557999730110168
YDL020C,YHR081W,0,-2.3299363,0.10301823168992996,0.9829999804496765,0.85589998960495
YIL068C,YJL196C,0,-2.3299966,0.10300744324922562,0.9829999804496765,0.8560000061988831
YOR281C,YPL020C,0,-2.3303704,0.10299664735794067,0.9829999804496765,0.8561000227928162
YOR381W,YMR214W,0,-2.3306866,0.10298585891723633,0.9829999804496765,0.8561999797821045
YNL136W,YGL022W,0,-2.3310957,0.10297507047653198,0.9829999804496765,0.8562999963760376
YDR420W,YBL104C,0,-2.3311987,0.10296428203582764,0.9829999804496765,0.8564000129699707
YJL025W,YGL219C,0,-2.3312888,0.10295350104570389,0.9829999804496765,0.8565000295639038
YMR143W,YPR135W,0,-2.331368,0.10294272005558014,0.9829999804496765,0.8565999865531921
YPR054W,YHR183W,0,-2.3315394,0.10293193906545639,0.9829999804496765,0.8567000031471252
YGR239C,YOR056C,0,-2.3316631,0.10292115807533264,0.9829999804496765,0.8568000197410583
YAL043C,YGL226W,0,-2.3317156,0.10291038453578949,0.9829999804496765,0.8568999767303467
YER059W,YGL233W,0,-2.3319314,0.10289961099624634,0.9829999804496765,0.8569999933242798
YBR038W,YOR074C,0,-2.3320427,0.10288884490728378,0.9829999804496765,0.8571000099182129
YER100W,YOR087W,0,-2.3321846,0.10287807136774063,0.9829999804496765,0.857200026512146
YCR011C,YPR088C,0,-2.3325214,0.10286730527877808,0.9829999804496765,0.8572999835014343
YDR323C,YOL008W,0,-2.332558,0.10285654664039612,0.9829999804496765,0.8574000000953674
YIR024C,YDR364C,0,-2.3337379,0.10284578055143356,0.9829999804496765,0.8575000166893005
YNL209W,YGR201C,1,-2.3337562,0.10293963551521301,0.984000027179718,0.8575000166893005
YJL030W,YPL122C,0,-2.3343863,0.10292886942625046,0.984000027179718,0.8575999736785889
YBR033W,YNL054W,0,-2.3345706,0.1029181033372879,0.984000027179718,0.857699990272522
YIL010W,YPL221W,0,-2.3347077,0.10290734469890594,0.984000027179718,0.8578000068664551
YOL089C,YJL124C,0,-2.334923,0.10289657860994339,0.984000027179718,0.8579000234603882
YJL207C,YJL036W,0,-2.3350978,0.10288581997156143,0.984000027179718,0.8579999804496765
YCR105W,YMR029C,0,-2.335534,0.10287506878376007,0.984000027179718,0.8580999970436096
YDR085C,YDL201W,0,-2.335703,0.10286431014537811,0.984000027179718,0.8582000136375427
YPR173C,YDR437W,0,-2.3363998,0.10285355895757675,0.984000027179718,0.858299970626831
YHR166C,YER170W,0,-2.3377118,0.10284280776977539,0.984000027179718,0.8583999872207642
YLR451W,YNL081C,0,-2.3379335,0.10283206403255463,0.984000027179718,0.8585000038146973
YKL093W,YLR014C,0,-2.33794,0.10282132029533386,0.984000027179718,0.8586000204086304
YDR067C,YBR029C,0,-2.338049,0.1028105765581131,0.984000027179718,0.8586999773979187
YER050C,YGR049W,0,-2.3381448,0.10279983282089233,0.984000027179718,0.8587999939918518
YGL180W,YMR070W,0,-2.3381977,0.10278909653425217,0.984000027179718,0.8589000105857849
YCR034W,YJR049C,0,-2.3383188,0.102778360247612,0.984000027179718,0.859000027179718
YGL258W,YNL299W,0,-2.338587,0.10276762396097183,0.984000027179718,0.8590999841690063
YNR057C,YAL043C,0,-2.3388438,0.10275689512491226,0.984000027179718,0.8592000007629395
YOL008W,YNL073W,0,-2.33893,0.10274616628885269,0.984000027179718,0.8593000173568726
YKR082W,YHR005C,0,-2.338939,0.10273543745279312,0.984000027179718,0.8593999743461609
YFR050C,YBR185C,0,-2.3389752,0.10272470861673355,0.984000027179718,0.859499990940094
YDL179W,YDR201W,0,-2.3389947,0.10271398723125458,0.984000027179718,0.8596000075340271
YMR066W,YNL318C,0,-2.339196,0.1027032658457756,0.984000027179718,0.8597000241279602
YNL036W,YGL084C,0,-2.339572,0.10269255191087723,0.984000027179718,0.8597999811172485
YNL142W,YLR268W,0,-2.339906,0.10268183052539825,0.984000027179718,0.8598999977111816
YMR282C,YFL050C,0,-2.340168,0.10267111659049988,0.984000027179718,0.8600000143051147
YKL068W,YDR201W,0,-2.3407545,0.1026604101061821,0.984000027179718,0.8600999712944031
YGR181W,YBR092C,0,-2.341001,0.10264969617128372,0.984000027179718,0.8601999878883362
YLR134W,YIL160C,0,-2.3417447,0.10263898968696594,0.984000027179718,0.8603000044822693
YLR135W,YER172C,0,-2.3417704,0.10262828320264816,0.984000027179718,0.8604000210762024
YMR283C,YOL016C,0,-2.3424788,0.10261758416891098,0.984000027179718,0.8604999780654907
YFR047C,YHL034C,0,-2.3426661,0.1026068851351738,0.984000027179718,0.8605999946594238
YKL033W,YDR356W,0,-2.3426812,0.10259618610143661,0.984000027179718,0.8607000112533569
YGR173W,YMR111C,0,-2.3429368,0.10258548706769943,0.984000027179718,0.86080002784729
YHR157W,YML056C,0,-2.3436947,0.10257479548454285,0.984000027179718,0.8608999848365784
YDL080C,YML080W,0,-2.343948,0.10256410390138626,0.984000027179718,0.8610000014305115
YOR171C,YIL066C,0,-2.3440042,0.10255341231822968,0.984000027179718,0.8611000180244446
YML078W,YNL318C,0,-2.3447628,0.10254272818565369,0.984000027179718,0.8611999750137329
YIL039W,YGL249W,0,-2.34515,0.1025320440530777,0.984000027179718,0.861299991607666
YPL020C,YNR032W,0,-2.3454294,0.10252135992050171,0.984000027179718,0.8614000082015991
YML025C,YGL051W,0,-2.345447,0.10251067578792572,0.984000027179718,0.8615000247955322
YBR080C,YGL175C,0,-2.3455553,0.10249999910593033,0.984000027179718,0.8615999817848206
YNL066W,YPL111W,0,-2.3461566,0.10248932242393494,0.984000027179718,0.8616999983787537
YGR201C,YLR150W,1,-2.3464005,0.10258279740810394,0.9850000143051147,0.8616999983787537
YKL005C,YNL330C,0,-2.3467102,0.10257211327552795,0.9850000143051147,0.8618000149726868
YDR311W,YDR421W,0,-2.346714,0.10256142914295197,0.9850000143051147,0.8618999719619751
YLR100W,YMR225C,0,-2.3467658,0.10255075246095657,0.9850000143051147,0.8619999885559082
YLR295C,YJR050W,0,-2.3469965,0.10254007577896118,0.9850000143051147,0.8621000051498413
YPL186C,YHR089C,0,-2.347062,0.10252940654754639,0.9850000143051147,0.8622000217437744
YDR121W,YBL103C,0,-2.3472981,0.10251873731613159,0.9850000143051147,0.8622999787330627
YPR057W,YGR033C,0,-2.3475363,0.1025080680847168,0.9850000143051147,0.8623999953269958
YAL034W-A,YHR209W,0,-2.348137,0.102497398853302,0.9850000143051147,0.862500011920929
YLR166C,YAL039C,0,-2.3483996,0.1024867370724678,0.9850000143051147,0.8626000285148621
YIL005W,YIR009W,0,-2.348504,0.1024760752916336,0.9850000143051147,0.8626999855041504
YDR358W,YOR208W,0,-2.3486319,0.10246541351079941,0.9850000143051147,0.8628000020980835
YDR298C,YDR247W,0,-2.3488386,0.10245475172996521,0.9850000143051147,0.8629000186920166
YDL044C,YDR407C,0,-2.3494341,0.10244409739971161,0.9850000143051147,0.8629999756813049
YLR390W,YHR204W,0,-2.3503542,0.10243344306945801,0.9850000143051147,0.863099992275238
YIR026C,YLL016W,0,-2.350415,0.102422796189785,0.9850000143051147,0.8632000088691711
YGR057C,YKR016W,0,-2.351184,0.1024121418595314,0.9850000143051147,0.8633000254631042
YJL178C,YKL012W,0,-2.3516412,0.1024014949798584,0.9850000143051147,0.8633999824523926
YDR316W,YNL329C,0,-2.351681,0.10239085555076599,0.9850000143051147,0.8634999990463257
YPL244C,YJR152W,0,-2.3519223,0.10238020867109299,0.9850000143051147,0.8636000156402588
YFR047C,YMR013C,0,-2.351986,0.10236956924200058,0.9850000143051147,0.8636999726295471
YNL014W,YHR064C,1,-2.3524864,0.10246285051107407,0.9860000014305115,0.8636999726295471
YBR132C,YOR239W,0,-2.353157,0.10245220363140106,0.9860000014305115,0.8637999892234802
YGR029W,YBR098W,0,-2.3531587,0.10244155675172806,0.9860000014305115,0.8639000058174133
YGR216C,YLR046C,0,-2.353253,0.10243091732263565,0.9860000014305115,0.8640000224113464
YDR303C,YML007W,0,-2.3533373,0.10242027789354324,0.9860000014305115,0.8640999794006348
YLR168C,YNL125C,0,-2.3537183,0.10240963846445084,0.9860000014305115,0.8641999959945679
YGL026C,YOR059C,0,-2.3538914,0.10239900648593903,0.9860000014305115,0.864300012588501
YER035W,YDL201W,0,-2.3538997,0.10238836705684662,0.9860000014305115,0.8644000291824341
YDR276C,YJR143C,0,-2.353947,0.10237773507833481,0.9860000014305115,0.8644999861717224
YDR148C,YGR244C,0,-2.3541937,0.1023671105504036,0.9860000014305115,0.8646000027656555
YLR212C,YPL076W,0,-2.3543117,0.10235648602247238,0.9860000014305115,0.8647000193595886
YJR005W,YNL236W,0,-2.3546803,0.10234586149454117,0.9860000014305115,0.864799976348877
YNL044W,YJL146W,0,-2.354745,0.10233523696660995,0.9860000014305115,0.8648999929428101
YBR043C,YGL205W,0,-2.3547986,0.10232461243867874,0.9860000014305115,0.8650000095367432
YLR208W,YOR384W,0,-2.3550262,0.10231399536132812,0.9860000014305115,0.8651000261306763
YPR100W,YAL051W,0,-2.3552318,0.1023033857345581,0.9860000014305115,0.8651999831199646
YMR162C,YMR093W,0,-2.3552332,0.10229276865720749,0.9860000014305115,0.8652999997138977
YML118W,YMR067C,0,-2.355349,0.10228215903043747,0.9860000014305115,0.8654000163078308
YHR136C,YJL098W,0,-2.3555913,0.10227154940366745,0.9860000014305115,0.8654999732971191
YCR053W,YDL239C,0,-2.3556833,0.10226093977689743,0.9860000014305115,0.8655999898910522
YGL093W,YHR062C,0,-2.3558383,0.10225033760070801,0.9860000014305115,0.8657000064849854
YOR174W,YOR241W,0,-2.3561308,0.10223973542451859,0.9860000014305115,0.8658000230789185
YDR392W,YOL105C,0,-2.3561711,0.10222913324832916,0.9860000014305115,0.8658999800682068
YMR073C,YPL070W,0,-2.3563225,0.10221853852272034,0.9860000014305115,0.8659999966621399
YLR392C,YKL094W,0,-2.3567028,0.10220794379711151,0.9860000014305115,0.866100013256073
YNL111C,YJR035W,0,-2.3570948,0.10219734907150269,0.9860000014305115,0.8661999702453613
YBR055C,YLL006W,0,-2.3572757,0.10218675434589386,0.9860000014305115,0.8662999868392944
YJR072C,YOR328W,0,-2.357363,0.10217616707086563,0.9860000014305115,0.8664000034332275
YBL023C,YMR113W,0,-2.357495,0.1021655797958374,0.9860000014305115,0.8665000200271606
YGR076C,YGR261C,0,-2.358625,0.10215499252080917,0.9860000014305115,0.866599977016449
YGR047C,YKR055W,0,-2.3594055,0.10214441269636154,0.9860000014305115,0.8666999936103821
YKR027W,YPR143W,0,-2.3596315,0.10213383287191391,0.9860000014305115,0.8668000102043152
YJR090C,YIL134W,0,-2.3597631,0.10212325304746628,0.9860000014305115,0.8669000267982483
YBL054W,YIL127C,0,-2.359835,0.10211267322301865,0.9860000014305115,0.8669999837875366
YPL122C,YPL148C,0,-2.3599515,0.10210210084915161,0.9860000014305115,0.8671000003814697
YNL305C,YML025C,0,-2.3602622,0.10209152847528458,0.9860000014305115,0.8672000169754028
YJL162C,YBL038W,0,-2.360352,0.10208096355199814,0.9860000014305115,0.8672999739646912
YOR247W,YMR076C,0,-2.360407,0.1020703911781311,0.9860000014305115,0.8673999905586243
YGL075C,YIL160C,0,-2.3607383,0.10205982625484467,0.9860000014305115,0.8675000071525574
YIL006W,YBR211C,0,-2.3610427,0.10204926878213882,0.9860000014305115,0.8676000237464905
YDR424C,YHR204W,0,-2.3616178,0.10203870385885239,0.9860000014305115,0.8676999807357788
YPL116W,YHR031C,0,-2.3622065,0.10202814638614655,0.9860000014305115,0.8677999973297119
YLR209C,YBR255W,0,-2.3623285,0.1020175889134407,0.9860000014305115,0.867900013923645
YJL208C,YDR258C,0,-2.3624532,0.10200703144073486,0.9860000014305115,0.8679999709129333
YCR098C,YKL095W,0,-2.3626661,0.10199648141860962,0.9860000014305115,0.8680999875068665
YMR073C,YGR098C,0,-2.3632255,0.10198593139648438,0.9860000014305115,0.8682000041007996
YCL069W,YGR206W,0,-2.36371,0.10197538882493973,0.9860000014305115,0.8683000206947327
YBR136W,YDL175C,0,-2.363815,0.10196483880281448,0.9860000014305115,0.868399977684021
YCR036W,YNL160W,0,-2.3638897,0.10195429623126984,0.9860000014305115,0.8684999942779541
YBR084W,YLL056C,0,-2.363902,0.10194375365972519,0.9860000014305115,0.8686000108718872
YFL003C,YER020W,0,-2.3642745,0.10193321853876114,0.9860000014305115,0.8687000274658203
YBR164C,YFR008W,0,-2.3644261,0.10192267596721649,0.9860000014305115,0.8687999844551086
YKL011C,YER126C,0,-2.3648226,0.10191214829683304,0.9860000014305115,0.8689000010490417
YDL199C,YGR099W,0,-2.3653183,0.10190161317586899,0.9860000014305115,0.8690000176429749
YPR160W,YEL050C,0,-2.3657212,0.10189108550548553,0.9860000014305115,0.8690999746322632
YBR244W,YJL083W,0,-2.367033,0.10188055038452148,0.9860000014305115,0.8691999912261963
YMR086W,YEL011W,0,-2.3671074,0.10187003016471863,0.9860000014305115,0.8693000078201294
YHR185C,YHR189W,0,-2.3682475,0.10185950249433517,0.9860000014305115,0.8694000244140625
YGL097W,YOL032W,0,-2.3683667,0.10184898227453232,0.9860000014305115,0.8694999814033508
YOL110W,YER154W,0,-2.3688748,0.10183846205472946,0.9860000014305115,0.8695999979972839
YDR439W,YOR036W,0,-2.3689327,0.1018279492855072,0.9860000014305115,0.869700014591217
YDL130W,YDL160C,1,-2.3691568,0.10192069411277771,0.9869999885559082,0.869700014591217
YOR110W,YAL054C,0,-2.3693762,0.10191017389297485,0.9869999885559082,0.8697999715805054
YPR007C,YGR211W,0,-2.369832,0.1018996462225914,0.9869999885559082,0.8698999881744385
YBL011W,YDL138W,0,-2.3700476,0.10188913345336914,0.9869999885559082,0.8700000047683716
YEL072W,YMR053C,0,-2.3702416,0.10187861323356628,0.9869999885559082,0.8701000213623047
YGL145W,YKR028W,0,-2.3704674,0.10186810046434402,0.9869999885559082,0.870199978351593
YPR002W,YNL299W,0,-2.3705251,0.10185758769512177,0.9869999885559082,0.8702999949455261
YGL110C,YJR097W,1,-2.3709254,0.1019502654671669,0.9879999756813049,0.8702999949455261
YMR234W,YLR223C,0,-2.3722773,0.10193974524736404,0.9879999756813049,0.8704000115394592
YHR187W,YHR102W,0,-2.3724551,0.10192922502756119,0.9879999756813049,0.8705000281333923
YER006W,YDL069C,0,-2.3725567,0.10191871225833893,0.9879999756813049,0.8705999851226807
YCL039W,YGR166W,0,-2.3728812,0.10190819948911667,0.9879999756813049,0.8707000017166138
YEL052W,YER164W,0,-2.3729682,0.10189768671989441,0.9879999756813049,0.8708000183105469
YPL118W,YOL066C,0,-2.372972,0.10188718140125275,0.9879999756813049,0.8708999752998352
YMR080C,YBR266C,0,-2.3731143,0.10187667608261108,0.9879999756813049,0.8709999918937683
YOR350C,YJL024C,0,-2.3732777,0.10186617076396942,0.9879999756813049,0.8711000084877014
YJL204C,YGR020C,0,-2.3736882,0.10185567289590836,0.9879999756813049,0.8712000250816345
YOR359W,YHL019C,0,-2.3739781,0.1018451675772667,0.9879999756813049,0.8712999820709229
YGL061C,YDR460W,0,-2.3742118,0.10183466970920563,0.9879999756813049,0.871399998664856
YJL172W,YOL093W,0,-2.374682,0.10182417929172516,0.9879999756813049,0.8715000152587891
YGR062C,YKR028W,0,-2.3746834,0.10181368142366409,0.9879999756813049,0.8715999722480774
YPL002C,YJR075W,0,-2.3749933,0.10180319100618362,0.9879999756813049,0.8716999888420105
YMR003W,YLR376C,0,-2.3756697,0.10179270803928375,0.9879999756813049,0.8718000054359436
YKR058W,YAL035W,0,-2.3757086,0.10178221762180328,0.9879999756813049,0.8719000220298767
YGL017W,YDR009W,0,-2.3757348,0.10177173465490341,0.9879999756813049,0.871999979019165
YEL058W,YNL289W,0,-2.3757548,0.10176125168800354,0.9879999756813049,0.8720999956130981
YHR009C,YDR059C,0,-2.3758087,0.10175076872110367,0.9879999756813049,0.8722000122070312
YIL039W,YGR270W,0,-2.377046,0.1017402932047844,0.9879999756813049,0.8723000288009644
YBR214W,YLR268W,0,-2.3773146,0.10172981768846512,0.9879999756813049,0.8723999857902527
YNL080C,YCR106W,0,-2.3773654,0.10171934217214584,0.9879999756813049,0.8725000023841858
YOL067C,YAL051W,0,-2.377536,0.10170887410640717,0.9879999756813049,0.8726000189781189
YKL181W,YJL082W,0,-2.377593,0.10169840604066849,0.9879999756813049,0.8726999759674072
YLR227C,YDR389W,0,-2.3784015,0.10168793797492981,0.9879999756813049,0.8727999925613403
YHL030W,YPL122C,0,-2.3784137,0.10167746990919113,0.9879999756813049,0.8729000091552734
YHR042W,YDL134C,0,-2.3785992,0.10166700929403305,0.9879999756813049,0.8730000257492065
YBR291C,YGR171C,0,-2.3788807,0.10165654867887497,0.9879999756813049,0.8730999827384949
YLR103C,YLR081W,0,-2.3789492,0.10164608806371689,0.9879999756813049,0.873199999332428
YNL214W,YER031C,0,-2.379447,0.1016356348991394,0.9879999756813049,0.8733000159263611
YDR363W-A,YOL018C,0,-2.38025,0.10162518173456192,0.9879999756813049,0.8733999729156494
YLR364W,YDR166C,0,-2.3808317,0.10161472856998444,0.9879999756813049,0.8734999895095825
YDR254W,YDR039C,0,-2.3809736,0.10160427540540695,0.9879999756813049,0.8736000061035156
YPL006W,YDR337W,0,-2.3809855,0.10159382969141006,0.9879999756813049,0.8737000226974487
YJR103W,YKL149C,0,-2.3810358,0.10158338397741318,0.9879999756813049,0.8737999796867371
YKR050W,YDR473C,0,-2.3810563,0.10157293826341629,0.9879999756813049,0.8738999962806702
YHR148W,YFR021W,0,-2.381408,0.1015625,0.9879999756813049,0.8740000128746033
YML015C,YHR081W,0,-2.3816466,0.10155206173658371,0.9879999756813049,0.8741000294685364
YGR166W,YBL045C,0,-2.3817472,0.10154162347316742,0.9879999756813049,0.8741999864578247
YMR048W,YKL057C,0,-2.3817902,0.10153119266033173,0.9879999756813049,0.8743000030517578
YDL099W,YDR170C,0,-2.3820066,0.10152075439691544,0.9879999756813049,0.8744000196456909
YOR297C,YGL094C,0,-2.3821187,0.10151032358407974,0.9879999756813049,0.8744999766349792
YOL007C,YNR009W,0,-2.382402,0.10149990022182465,0.9879999756813049,0.8745999932289124
YDL097C,YBL085W,0,-2.3825157,0.10148946940898895,0.9879999756813049,0.8747000098228455
YPL043W,YBR067C,0,-2.383354,0.10147904604673386,0.9879999756813049,0.8748000264167786
YGL004C,YIL158W,0,-2.3835373,0.10146862268447876,0.9879999756813049,0.8748999834060669
YBL005W,YNL236W,0,-2.384159,0.10145820677280426,0.9879999756813049,0.875
YJL115W,YIR011C,0,-2.3843098,0.10144779086112976,0.9879999756813049,0.8751000165939331
YHR158C,YDR196C,0,-2.3843918,0.10143737494945526,0.9879999756813049,0.8751999735832214
YCR036W,YGL226W,0,-2.3846464,0.10142695903778076,0.9879999756813049,0.8752999901771545
YGR062C,YIL031W,0,-2.3848834,0.10141655057668686,0.9879999756813049,0.8754000067710876
YLR118C,YJL095W,0,-2.385014,0.10140613466501236,0.9879999756813049,0.8755000233650208
YBR265W,YMR262W,0,-2.3852391,0.10139573365449905,0.9879999756813049,0.8755999803543091
YKL052C,YKL090W,0,-2.3852453,0.10138532519340515,0.9879999756813049,0.8756999969482422
YPL099C,YOR361C,0,-2.3854594,0.10137492418289185,0.9879999756813049,0.8758000135421753
YML011C,YBR044C,0,-2.3856046,0.10136452317237854,0.9879999756813049,0.8758999705314636
YER156C,YPR026W,0,-2.386455,0.10135412216186523,0.9879999756813049,0.8759999871253967
YNR015W,YIL126W,0,-2.3872967,0.10134372860193253,0.9879999756813049,0.8761000037193298
YJL025W,YER020W,0,-2.3874488,0.10133333504199982,0.9879999756813049,0.8762000203132629
YGL205W,YOR149C,0,-2.387721,0.10132294148206711,0.9879999756813049,0.8762999773025513
YHR104W,YLR268W,0,-2.3877232,0.1013125479221344,0.9879999756813049,0.8763999938964844
YDR074W,YAL042W,0,-2.3877668,0.10130216181278229,0.9879999756813049,0.8765000104904175
YGL158W,YOL130W,0,-2.3880582,0.10129177570343018,0.9879999756813049,0.8766000270843506
YBR041W,YPR075C,0,-2.3886778,0.10128139704465866,0.9879999756813049,0.8766999840736389
YCR017C,YLR209C,0,-2.3887198,0.10127101093530655,0.9879999756813049,0.876800000667572
YBL091C,YBR290W,0,-2.3890977,0.10126063227653503,0.9879999756813049,0.8769000172615051
YMR053C,YJR102C,0,-2.389281,0.10125025361776352,0.9879999756813049,0.8769999742507935
YDL046W,YGL137W,0,-2.3892877,0.1012398824095726,0.9879999756813049,0.8770999908447266
YLR221C,YMR127C,0,-2.3898163,0.10122951120138168,0.9879999756813049,0.8772000074386597
YDR128W,YEL016C,0,-2.3899202,0.10121913999319077,0.9879999756813049,0.8773000240325928
YOR026W,YKL149C,0,-2.3901694,0.10120876878499985,0.9879999756813049,0.8773999810218811
YPL244C,YOL070C,0,-2.3903956,0.10119840502738953,0.9879999756813049,0.8774999976158142
YGR215W,YKR088C,0,-2.3904767,0.1011880412697792,0.9879999756813049,0.8776000142097473
YOR298C-A,YPL058C,0,-2.3907683,0.10117767751216888,0.9879999756813049,0.8776999711990356
YLR386W,YJR084W,0,-2.3908787,0.10116731375455856,0.9879999756813049,0.8777999877929688
YIL103W,YJR097W,1,-2.3911202,0.10125934332609177,0.9890000224113464,0.8777999877929688
YJL065C,YLR144C,0,-2.3912969,0.10124897956848145,0.9890000224113464,0.8779000043869019
YPL051W,YJL066C,0,-2.3913403,0.10123860836029053,0.9890000224113464,0.878000020980835
YGR104C,YKL166C,0,-2.392078,0.1012282520532608,0.9890000224113464,0.8780999779701233
YML077W,YDL001W,0,-2.3922384,0.10121788829565048,0.9890000224113464,0.8781999945640564
YBR103W,YDR347W,0,-2.3929915,0.10120753198862076,0.9890000224113464,0.8783000111579895
YJL139C,YHR209W,0,-2.3932695,0.10119717568159103,0.9890000224113464,0.8784000277519226
YOR018W,YNL272C,0,-2.3934221,0.10118681937456131,0.9890000224113464,0.8784999847412109
YJL178C,YNL166C,0,-2.3938398,0.10117647051811218,0.9890000224113464,0.878600001335144
YNR065C,YPR193C,0,-2.3939905,0.10116612166166306,0.9890000224113464,0.8787000179290771
YBR164C,YDR214W,0,-2.3940604,0.10115577280521393,0.9890000224113464,0.8787999749183655
YKR085C,YCR021C,0,-2.3941052,0.1011454313993454,0.9890000224113464,0.8788999915122986
YMR318C,YLR189C,0,-2.394308,0.10113508254289627,0.9890000224113464,0.8790000081062317
YJL170C,YAL035W,0,-2.3943577,0.10112474113702774,0.9890000224113464,0.8791000247001648
YHR012W,YDL161W,0,-2.3943677,0.10111440718173981,0.9890000224113464,0.8791999816894531
YDR375C,YDL175C,0,-2.3947983,0.10110406577587128,0.9890000224113464,0.8792999982833862
YNR022C,YFL003C,0,-2.3948593,0.10109373182058334,0.9890000224113464,0.8794000148773193
YKL162C,YLR429W,0,-2.394983,0.10108339786529541,0.9890000224113464,0.8794999718666077
YBL024W,YDL156W,0,-2.395172,0.10107307136058807,0.9890000224113464,0.8795999884605408
YNL236W,YBL021C,0,-2.3957448,0.10106274485588074,0.9890000224113464,0.8797000050544739
YDL179W,YDL155W,0,-2.3960981,0.1010524183511734,0.9890000224113464,0.879800021648407
YML124C,YMR006C,0,-2.3962755,0.10104209184646606,0.9890000224113464,0.8798999786376953
YDL101C,YER164W,0,-2.3963947,0.10103177279233932,0.9890000224113464,0.8799999952316284
YNR012W,YOL083W,0,-2.3964052,0.10102145373821259,0.9890000224113464,0.8801000118255615
YJR112W,YGL250W,0,-2.3973577,0.10101113468408585,0.9890000224113464,0.8802000284194946
YDR072C,YPR037C,0,-2.3974063,0.1010008156299591,0.9890000224113464,0.880299985408783
YMR133W,YJR136C,0,-2.3974502,0.10099050402641296,0.9890000224113464,0.8804000020027161
YHR051W,YML068W,0,-2.3975086,0.10098019242286682,0.9890000224113464,0.8805000185966492
YJR055W,YGR120C,0,-2.3979082,0.10096988081932068,0.9890000224113464,0.8805999755859375
YFL042C,YJL061W,0,-2.3982396,0.10095957666635513,0.9890000224113464,0.8806999921798706
YML070W,YMR115W,0,-2.398476,0.10094927251338959,0.9890000224113464,0.8808000087738037
YKR050W,YDL225W,0,-2.398797,0.10093896836042404,0.9890000224113464,0.8809000253677368
YER002W,YDR026C,0,-2.3992548,0.1009286642074585,0.9890000224113464,0.8809999823570251
YJR044C,YOR064C,0,-2.3992653,0.10091836750507355,0.9890000224113464,0.8810999989509583
YGR036C,YLR102C,0,-2.4002318,0.1009080708026886,0.9890000224113464,0.8812000155448914
YDL159W,YHR139C,0,-2.400233,0.10089777410030365,0.9890000224113464,0.8812999725341797
YAR033W,YER004W,0,-2.400261,0.1008874848484993,0.9890000224113464,0.8813999891281128
YHR134W,YMR059W,0,-2.4004707,0.10087719559669495,0.9890000224113464,0.8815000057220459
YLR298C,YCR067C,0,-2.4014306,0.1008669063448906,0.9890000224113464,0.881600022315979
YGL086W,YLL006W,0,-2.4016647,0.10085661709308624,0.9890000224113464,0.8816999793052673
YOR057W,YKL127W,0,-2.4016738,0.10084633529186249,0.9890000224113464,0.8817999958992004
YDR499W,YLL011W,0,-2.4018154,0.10083605349063873,0.9890000224113464,0.8819000124931335
YJR032W,YCL040W,0,-2.4019804,0.10082577168941498,0.9890000224113464,0.8820000290870667
YJL219W,YMR072W,0,-2.4020228,0.10081549733877182,0.9890000224113464,0.882099986076355
YGL258W,YER129W,0,-2.4021745,0.10080521553754807,0.9890000224113464,0.8822000026702881
YJL033W,YOR279C,0,-2.4029975,0.1007949486374855,0.9890000224113464,0.8823000192642212
YOR340C,YGR277C,0,-2.4030037,0.10078467428684235,0.9890000224113464,0.8823999762535095
YLR430W,YDL240W,0,-2.403069,0.10077440738677979,0.9890000224113464,0.8824999928474426
YNL326C,YDL149W,0,-2.4030852,0.10076413303613663,0.9890000224113464,0.8826000094413757
YER123W,YBR264C,0,-2.4035916,0.10075387358665466,0.9890000224113464,0.8827000260353088
YKL026C,YBR147W,0,-2.40374,0.1007436066865921,0.9890000224113464,0.8827999830245972
YNL161W,YBL068W,0,-2.4040222,0.10073334723711014,0.9890000224113464,0.8828999996185303
YIL078W,YOR152C,0,-2.4046836,0.10072308778762817,0.9890000224113464,0.8830000162124634
YBR018C,YPL117C,0,-2.4047327,0.10071282833814621,0.9890000224113464,0.8830999732017517
YBL008W,YEL012W,0,-2.4050903,0.10070257633924484,0.9890000224113464,0.8831999897956848
YBR043C,YBR085W,0,-2.4065337,0.10069232434034348,0.9890000224113464,0.8833000063896179
YBL005W,YCR079W,0,-2.4065747,0.10068207234144211,0.9890000224113464,0.883400022983551
YGL005C,YNL172W,0,-2.4067469,0.10067182779312134,0.9890000224113464,0.8834999799728394
YNL259C,YOR243C,0,-2.4070654,0.10066157579421997,0.9890000224113464,0.8835999965667725
YNL001W,YDR420W,0,-2.4077299,0.1006513312458992,0.9890000224113464,0.8837000131607056
YJL065C,YDR205W,0,-2.4082863,0.10064109414815903,0.9890000224113464,0.8838000297546387
YBR215W,YHR172W,0,-2.4089947,0.10063084959983826,0.9890000224113464,0.883899986743927
YER007W,YOR144C,0,-2.4090476,0.10062061250209808,0.9890000224113464,0.8840000033378601
YAL010C,YPL069C,0,-2.409316,0.10061037540435791,0.9890000224113464,0.8841000199317932
YDR097C,YKL197C,0,-2.4096467,0.10060014575719833,0.9890000224113464,0.8841999769210815
YGL119W,YPR082C,0,-2.4096544,0.10058990865945816,0.9890000224113464,0.8842999935150146
YBR087W,YJR150C,0,-2.4098778,0.10057967901229858,0.9890000224113464,0.8844000101089478
YMR160W,YDR450W,0,-2.4100885,0.10056944936513901,0.9890000224113464,0.8845000267028809
YOL022C,YFL030W,0,-2.4103007,0.10055922716856003,0.9890000224113464,0.8845999836921692
YFL049W,YNL110C,0,-2.4115906,0.10054900497198105,0.9890000224113464,0.8847000002861023
YDL078C,YMR076C,0,-2.4117594,0.10053878277540207,0.9890000224113464,0.8848000168800354
YJL030W,YMR012W,0,-2.413054,0.10052856057882309,0.9890000224113464,0.8848999738693237
YGR128C,YOL141W,0,-2.4131992,0.10051834583282471,0.9890000224113464,0.8849999904632568
YMR005W,YDR069C,0,-2.4133902,0.10050813108682632,0.9890000224113464,0.8851000070571899
YDR522C,YPL188W,0,-2.413569,0.10049791634082794,0.9890000224113464,0.885200023651123
YMR113W,YBR146W,0,-2.4136736,0.10048770904541016,0.9890000224113464,0.8852999806404114
YOR226C,YPR121W,0,-2.4138303,0.10047749429941177,0.9890000224113464,0.8853999972343445
YKL013C,YNL172W,0,-2.4140368,0.10046728700399399,0.9890000224113464,0.8855000138282776
YPR035W,YDR218C,0,-2.414396,0.1004570871591568,0.9890000224113464,0.8855999708175659
YJR094C,YAR015W,0,-2.4145474,0.10044687986373901,0.9890000224113464,0.885699987411499
YLL057C,YPL172C,0,-2.4146836,0.10043668001890182,0.9890000224113464,0.8858000040054321
YPL213W,YDR110W,0,-2.4146972,0.10042648017406464,0.9890000224113464,0.8859000205993652
YCR092C,YIR013C,0,-2.4149506,0.10041628777980804,0.9890000224113464,0.8859999775886536
YDR409W,YMR112C,0,-2.4155567,0.10040608793497086,0.9890000224113464,0.8860999941825867
YNL082W,YGL163C,0,-2.4157062,0.10039589554071426,0.9890000224113464,0.8862000107765198
YBR210W,YNL318C,0,-2.4157887,0.10038571059703827,0.9890000224113464,0.8863000273704529
YBR268W,YJL052W,0,-2.415946,0.10037551820278168,0.9890000224113464,0.8863999843597412
YJR152W,YDL093W,0,-2.4163876,0.10036533325910568,0.9890000224113464,0.8865000009536743
YOR156C,YMR154C,0,-2.4165316,0.10035514831542969,0.9890000224113464,0.8866000175476074
YGL045W,YKL056C,0,-2.4166527,0.10034497082233429,0.9890000224113464,0.8866999745368958
YOL104C,YCR106W,0,-2.4168785,0.1003347858786583,0.9890000224113464,0.8867999911308289
YJL134W,YGR134W,0,-2.4172835,0.1003246083855629,0.9890000224113464,0.886900007724762
YOR075W,YMR272C,0,-2.4174995,0.1003144308924675,0.9890000224113464,0.8870000243186951
YDR103W,YOL008W,0,-2.4177382,0.1003042608499527,0.9890000224113464,0.8870999813079834
YDL044C,YDL120W,0,-2.4177425,0.1002940908074379,0.9890000224113464,0.8871999979019165
YOR174W,YDR047W,0,-2.4183872,0.1002839207649231,0.9890000224113464,0.8873000144958496
YDL175C,YFL046W,0,-2.4187715,0.1002737507224083,0.9890000224113464,0.8873999714851379
YDL097C,YPL172C,0,-2.4190016,0.10026358813047409,0.9890000224113464,0.887499988079071
YGR276C,YKL197C,0,-2.4190698,0.10025341808795929,0.9890000224113464,0.8876000046730042
YER109C,YML062C,0,-2.4194207,0.10024326294660568,0.9890000224113464,0.8877000212669373
YLR239C,YAL016W,0,-2.4194415,0.10023310035467148,0.9890000224113464,0.8877999782562256
YPR194C,YLR371W,0,-2.4195714,0.10022294521331787,0.9890000224113464,0.8878999948501587
YJR113C,YPL188W,0,-2.41961,0.10021279007196426,0.9890000224113464,0.8880000114440918
YGR255C,YIL003W,0,-2.4197903,0.10020263493061066,0.9890000224113464,0.8881000280380249
YJL025W,YJR151C,0,-2.4198594,0.10019247978925705,0.9890000224113464,0.8881999850273132
YNR012W,YIL167W,0,-2.4199438,0.10018233209848404,0.9890000224113464,0.8883000016212463
YDR096W,YPR121W,0,-2.420816,0.10017218440771103,0.9890000224113464,0.8884000182151794
YLR210W,YOR241W,0,-2.4208713,0.10016204416751862,0.9890000224113464,0.8884999752044678
YOR038C,YHL030W,0,-2.4209466,0.1001518964767456,0.9890000224113464,0.8885999917984009
YML132W,YOR047C,0,-2.4216704,0.10014175623655319,0.9890000224113464,0.888700008392334
YDR313C,YGL184C,0,-2.4218159,0.10013161599636078,0.9890000224113464,0.8888000249862671
YPL084W,YOR346W,0,-2.4218626,0.10012148320674896,0.9890000224113464,0.8888999819755554
YIL010W,YKL140W,0,-2.4219322,0.10011135041713715,0.9890000224113464,0.8889999985694885
YJL214W,YDR423C,0,-2.422178,0.10010121762752533,0.9890000224113464,0.8891000151634216
YHR087W,YKL016C,0,-2.4222488,0.10009108483791351,0.9890000224113464,0.88919997215271
YDR191W,YNL307C,0,-2.422523,0.1000809520483017,0.9890000224113464,0.8892999887466431
YJL069C,YML032C,0,-2.4225535,0.10007082670927048,0.9890000224113464,0.8894000053405762
YLR242C,YLR083C,0,-2.42275,0.10006070137023926,0.9890000224113464,0.8895000219345093
YGR183C,YIL129C,0,-2.423182,0.10005058348178864,0.9890000224113464,0.8895999789237976
YOL081W,YGR091W,0,-2.423408,0.10004045814275742,0.9890000224113464,0.8896999955177307
YER008C,YIL165C,0,-2.4238944,0.1000303402543068,0.9890000224113464,0.8898000121116638
YML072C,YMR224C,0,-2.4244094,0.10002022981643677,0.9890000224113464,0.8899000287055969
YAL022C,YGL246C,0,-2.4246376,0.10001011192798615,0.9890000224113464,0.8899999856948853
YMR133W,YFR031C,0,-2.4252548,0.10000000149011612,0.9890000224113464,0.8901000022888184
YER016W,YPL151C,0,-2.4256654,0.0999898910522461,0.9890000224113464,0.8902000188827515
YLR226W,YLR213C,0,-2.4265232,0.09997978061437607,0.9890000224113464,0.8902999758720398
YKR050W,YDR047W,0,-2.4265747,0.09996967762708664,0.9890000224113464,0.8903999924659729
YFL024C,YOR165W,0,-2.426959,0.09995957463979721,0.9890000224113464,0.890500009059906
YFL045C,YCR066W,0,-2.4269595,0.09994947165250778,0.9890000224113464,0.8906000256538391
YIL038C,YCR106W,0,-2.4271955,0.09993936866521835,0.9890000224113464,0.8906999826431274
YLR447C,YOR380W,0,-2.4279926,0.09992927312850952,0.9890000224113464,0.8907999992370605
YKR003W,YIR039C,0,-2.4284635,0.09991917759180069,0.9890000224113464,0.8909000158309937
YOL062C,YKR102W,0,-2.428671,0.09990908205509186,0.9890000224113464,0.890999972820282
YJR035W,YLL033W,0,-2.4287164,0.09989898651838303,0.9890000224113464,0.8910999894142151
YMR313C,YKR010C,0,-2.4288003,0.09988889843225479,0.9890000224113464,0.8912000060081482
YPR159W,YKL090W,0,-2.428839,0.09987881034612656,0.9890000224113464,0.8913000226020813
YOR334W,YPL060W,0,-2.4288917,0.09986872971057892,0.9890000224113464,0.8913999795913696
YNL196C,YNL182C,0,-2.4288998,0.09985864162445068,0.9890000224113464,0.8914999961853027
YDR121W,YNL290W,0,-2.429165,0.09984856098890305,0.9890000224113464,0.8916000127792358
YBL003C,YPL241C,0,-2.4295378,0.09983848035335541,0.9890000224113464,0.891700029373169
YJL041W,YKL128C,0,-2.4297452,0.09982840716838837,0.9890000224113464,0.8917999863624573
YBR149W,YNL290W,0,-2.430272,0.09981832653284073,0.9890000224113464,0.8919000029563904
YKL201C,YJR112W,0,-2.4304593,0.09980825334787369,0.9890000224113464,0.8920000195503235
YOR363C,YGL173C,0,-2.4314425,0.09979818016290665,0.9890000224113464,0.8920999765396118
YKR021W,YMR322C,0,-2.4320953,0.0997881144285202,0.9890000224113464,0.8921999931335449
YKR037C,YBR278W,0,-2.4333339,0.09977804869413376,0.9890000224113464,0.892300009727478
YDR313C,YIR039C,0,-2.4336255,0.09976798295974731,0.9890000224113464,0.8924000263214111
YMR235C,YIL013C,0,-2.433641,0.09975791722536087,0.9890000224113464,0.8924999833106995
YBL038W,YGL203C,0,-2.4343426,0.09974785894155502,0.9890000224113464,0.8925999999046326
YHL021C,YGR131W,0,-2.4346414,0.09973780065774918,0.9890000224113464,0.8927000164985657
YFR014C,YNL220W,0,-2.4351783,0.09972774237394333,0.9890000224113464,0.892799973487854
YJR080C,YPR135W,0,-2.4354327,0.09971768409013748,0.9890000224113464,0.8928999900817871
YJR051W,YML055W,0,-2.4354796,0.09970763325691223,0.9890000224113464,0.8930000066757202
YHR051W,YLR423C,0,-2.4355316,0.09969758242368698,0.9890000224113464,0.8931000232696533
YLR221C,YIL131C,0,-2.4356937,0.09968753159046173,0.9890000224113464,0.8931999802589417
YHR102W,YJR138W,0,-2.435912,0.09967748075723648,0.9890000224113464,0.8932999968528748
YKL042W,YJR040W,0,-2.4359658,0.09966743737459183,0.9890000224113464,0.8934000134468079
YLR356W,YKL143W,0,-2.4362836,0.09965739399194717,0.9890000224113464,0.8934999704360962
YBR125C,YFR007W,0,-2.436311,0.09964735805988312,0.9890000224113464,0.8935999870300293
YAL002W,YLR181C,0,-2.4365957,0.09963731467723846,0.9890000224113464,0.8937000036239624
YEL018W,YPR056W,0,-2.4366176,0.09962727874517441,0.9890000224113464,0.8938000202178955
YGL192W,YPR073C,0,-2.4366767,0.09961724281311035,0.9890000224113464,0.8938999772071838
YGL110C,YKR084C,1,-2.4367366,0.09970792382955551,0.9900000095367432,0.8938999772071838
YIL013C,YDR120C,0,-2.4370308,0.09969788789749146,0.9900000095367432,0.8939999938011169
YNL063W,YFR009W,1,-2.4370441,0.09978853911161423,0.9909999966621399,0.8939999938011169
YHR028C,YER150W,0,-2.4371495,0.09977849572896957,0.9909999966621399,0.89410001039505
YNL218W,YDL150W,0,-2.4376569,0.09976844489574432,0.9909999966621399,0.8942000269889832
YGL205W,YHR027C,0,-2.4379673,0.09975840896368027,0.9909999966621399,0.8942999839782715
YFL001W,YPR085C,0,-2.4380918,0.09974836558103561,0.9909999966621399,0.8944000005722046
YPL029W,YDR463W,0,-2.4388232,0.09973832219839096,0.9909999966621399,0.8945000171661377
YPR182W,YGL209W,0,-2.4389048,0.0997282862663269,0.9909999966621399,0.894599974155426
YLR117C,YNL108C,0,-2.4390001,0.09971825033426285,0.9909999966621399,0.8946999907493591
YJR086W,YIL149C,0,-2.4391034,0.09970822185277939,0.9909999966621399,0.8948000073432922
YGR198W,YML062C,0,-2.439478,0.09969818592071533,0.9909999966621399,0.8949000239372253
YJL174W,YNL054W,0,-2.4396527,0.09968815743923187,0.9909999966621399,0.8949999809265137
YMR223W,YPL254W,0,-2.4399533,0.09967813640832901,0.9909999966621399,0.8950999975204468
YER150W,YDR027C,0,-2.4400225,0.09966810792684555,0.9909999966621399,0.8952000141143799
YOR001W,YDL001W,0,-2.4402914,0.09965808689594269,0.9909999966621399,0.8952999711036682
YGL129C,YMR004W,0,-2.4403038,0.09964806586503983,0.9909999966621399,0.8953999876976013
YLL036C,YBR182C,0,-2.440315,0.09963804483413696,0.9909999966621399,0.8955000042915344
YNL263C,YOR018W,0,-2.4404485,0.0996280312538147,0.9909999966621399,0.8956000208854675
YCR037C,YJR035W,0,-2.441352,0.09961801022291183,0.9909999966621399,0.8956999778747559
YGL236C,YEL006W,0,-2.4416656,0.09960800409317017,0.9909999966621399,0.895799994468689
YJR044C,YHL004W,0,-2.441938,0.0995979905128479,0.9909999966621399,0.8959000110626221
YLR119W,YMR127C,0,-2.441948,0.09958798438310623,0.9909999966621399,0.8960000276565552
YCR097W,YNL137C,0,-2.4430513,0.09957797080278397,0.9909999966621399,0.8960999846458435
YPR160W,YML007W,0,-2.444056,0.0995679721236229,0.9909999966621399,0.8962000012397766
YGR276C,YIL173W,0,-2.4441085,0.09955796599388123,0.9909999966621399,0.8963000178337097
YNL233W,YBR245C,0,-2.4442067,0.09954796731472015,0.9909999966621399,0.896399974822998
YJL146W,YGL019W,0,-2.4443727,0.09953796863555908,0.9909999966621399,0.8964999914169312
YDR164C,YKL196C,0,-2.4445724,0.09952796995639801,0.9909999966621399,0.8966000080108643
YOR354C,YFR053C,0,-2.4447253,0.09951797872781754,0.9909999966621399,0.8967000246047974
YJL057C,YPL226W,0,-2.4450362,0.09950798004865646,0.9909999966621399,0.8967999815940857
YGR098C,YJL031C,0,-2.445132,0.09949798882007599,0.9909999966621399,0.8968999981880188
YNL210W,YNL307C,0,-2.447772,0.09948800504207611,0.9909999966621399,0.8970000147819519
YGL163C,YIR030C,0,-2.447846,0.09947801381349564,0.9909999966621399,0.8970999717712402
YKL084W,YDR440W,0,-2.448135,0.09946803003549576,0.9909999966621399,0.8971999883651733
YOR194C,YEL061C,0,-2.4483752,0.09945804625749588,0.9909999966621399,0.8973000049591064
YCR010C,YKL190W,0,-2.448658,0.0994480699300766,0.9909999966621399,0.8974000215530396
YMR243C,YGR244C,0,-2.4487882,0.09943808615207672,0.9909999966621399,0.8974999785423279
YPL180W,YBR029C,0,-2.4489763,0.09942810982465744,0.9909999966621399,0.897599995136261
YGR209C,YKR016W,0,-2.4497483,0.09941814094781876,0.9909999966621399,0.8977000117301941
YLL034C,YKR062W,0,-2.449877,0.09940816462039948,0.9909999966621399,0.8978000283241272
YOR068C,YAL058W,0,-2.4501712,0.09939819574356079,0.9909999966621399,0.8978999853134155
YOL067C,YJL138C,0,-2.450555,0.0993882268667221,0.9909999966621399,0.8980000019073486
YBR129C,YKL057C,0,-2.451076,0.09937825798988342,0.9909999966621399,0.8981000185012817
YBR247C,YHL016C,0,-2.4513865,0.09936829656362534,0.9909999966621399,0.8981999754905701
YAL010C,YPL173W,0,-2.451425,0.09935833513736725,0.9909999966621399,0.8982999920845032
YPL051W,YMR139W,0,-2.4520159,0.09934837371110916,0.9909999966621399,0.8984000086784363
YOR067C,YPR131C,0,-2.4520552,0.09933841228485107,0.9909999966621399,0.8985000252723694
YIL079C,YPR100W,0,-2.452106,0.09932845830917358,0.9909999966621399,0.8985999822616577
YJL176C,YKL133C,0,-2.452324,0.0993185043334961,0.9909999966621399,0.8986999988555908
YHR101C,YMR274C,0,-2.4533806,0.0993085503578186,0.9909999966621399,0.8988000154495239
YIL085C,YBR278W,0,-2.4536037,0.09929859638214111,0.9909999966621399,0.8988999724388123
YOL007C,YDR204W,0,-2.4540184,0.09928864985704422,0.9909999966621399,0.8989999890327454
YPL046C,YMR020W,0,-2.4545915,0.09927870333194733,0.9909999966621399,0.8991000056266785
YHR187W,YNL275W,0,-2.454749,0.09926875680685043,0.9909999966621399,0.8992000222206116
YGR141W,YAR007C,0,-2.4549203,0.09925881773233414,0.9909999966621399,0.8992999792098999
YDR059C,YOR048C,0,-2.455776,0.09924887120723724,0.9909999966621399,0.899399995803833
YHR083W,YKL108W,0,-2.456254,0.09923893213272095,0.9909999966621399,0.8995000123977661
YDR403W,YER109C,0,-2.456896,0.09922900050878525,0.9909999966621399,0.8996000289916992
YHR084W,YLR275W,0,-2.4575686,0.09921906143426895,0.9909999966621399,0.8996999859809875
YGL227W,YPR067W,0,-2.4575725,0.09920912981033325,0.9909999966621399,0.8998000025749207
YNL182C,YGL237C,0,-2.4576807,0.09919919818639755,0.9909999966621399,0.8999000191688538
YPL195W,YGR179C,0,-2.4579768,0.09918927401304245,0.9909999966621399,0.8999999761581421
YNL012W,YLR364W,0,-2.4592414,0.09917934238910675,0.9909999966621399,0.9000999927520752
YNR055C,YOR070C,0,-2.4594898,0.09916941821575165,0.9909999966621399,0.9002000093460083
YBR193C,YIR012W,0,-2.4605398,0.09915949404239655,0.9909999966621399,0.9003000259399414
YER175C,YDL194W,0,-2.4605703,0.09914957731962204,0.9909999966621399,0.9003999829292297
YLR316C,YKL048C,0,-2.4609718,0.09913965314626694,0.9909999966621399,0.9004999995231628
YIL011W,YOR042W,0,-2.461782,0.09912973642349243,0.9909999966621399,0.900600016117096
YNR045W,YLR009W,0,-2.4626307,0.09911982715129852,0.9909999966621399,0.9006999731063843
YGL251C,YMR149W,0,-2.4631243,0.09910991042852402,0.9909999966621399,0.9007999897003174
YHR157W,YIR028W,0,-2.4633775,0.09910000115633011,0.9909999966621399,0.9009000062942505
YER068W,YLR102C,0,-2.4634137,0.0990900918841362,0.9909999966621399,0.9010000228881836
YMR214W,YPL075W,0,-2.4636796,0.09908018261194229,0.9909999966621399,0.9010999798774719
YML061C,YER094C,0,-2.464411,0.09907028079032898,0.9909999966621399,0.901199996471405
YDR525W-A,YDR515W,0,-2.4645445,0.09906037896871567,0.9909999966621399,0.9013000130653381
YBR161W,YLR307W,0,-2.4645607,0.09905047714710236,0.9909999966621399,0.9014000296592712
YLR360W,YBR290W,0,-2.4651842,0.09904057532548904,0.9909999966621399,0.9014999866485596
YEL015W,YIL108W,0,-2.4653153,0.09903068095445633,0.9909999966621399,0.9016000032424927
YOR076C,YJR097W,1,-2.4657285,0.09912070631980896,0.9919999837875366,0.9016000032424927
YMR001C,YFL036W,0,-2.4663818,0.09911079704761505,0.9919999837875366,0.9017000198364258
YHR176W,YOR216C,0,-2.4673355,0.09910090267658234,0.9919999837875366,0.9017999768257141
YJL053W,YIL070C,0,-2.4676757,0.09909100085496902,0.9919999837875366,0.9018999934196472
YJR080C,YGL203C,0,-2.46774,0.09908109903335571,0.9919999837875366,0.9020000100135803
YMR162C,YEL040W,0,-2.4679534,0.099071204662323,0.9919999837875366,0.9021000266075134
YGR024C,YPR006C,0,-2.467958,0.09906131774187088,0.9919999837875366,0.9021999835968018
YBR193C,YPR068C,0,-2.468058,0.09905142337083817,0.9919999837875366,0.9023000001907349
YLR227C,YDR265W,0,-2.468278,0.09904153645038605,0.9919999837875366,0.902400016784668
YJL030W,YJR040W,0,-2.4683769,0.09903164952993393,0.9919999837875366,0.9024999737739563
YER021W,YHR133C,0,-2.468605,0.09902176260948181,0.9919999837875366,0.9025999903678894
YDR031W,YMR202W,0,-2.4686813,0.0990118756890297,0.9919999837875366,0.9027000069618225
YBL023C,YOL093W,0,-2.4688025,0.09900199621915817,0.9919999837875366,0.9028000235557556
YJL137C,YDR120C,0,-2.4688754,0.09899211674928665,0.9919999837875366,0.902899980545044
YJL069C,YMR136W,0,-2.4688966,0.09898223727941513,0.9919999837875366,0.902999997138977
YER044C-A,YBR081C,0,-2.4689267,0.0989723652601242,0.9919999837875366,0.9031000137329102
YLR226W,YMR127C,0,-2.4697087,0.09896249324083328,0.9919999837875366,0.9031999707221985
YPR007C,YER031C,0,-2.4705663,0.09895262122154236,0.9919999837875366,0.9032999873161316
YDL074C,YIL101C,0,-2.470748,0.09894274920225143,0.9919999837875366,0.9034000039100647
YOR288C,YMR029C,0,-2.470831,0.09893288463354111,0.9919999837875366,0.9035000205039978
YMR322C,YPR089W,0,-2.4708493,0.09892301261425018,0.9919999837875366,0.9035999774932861
YBR179C,YOR083W,0,-2.4714718,0.09891315549612045,0.9919999837875366,0.9036999940872192
YDR420W,YHR002W,0,-2.4716263,0.09890329092741013,0.9919999837875366,0.9038000106811523
YDR162C,YGL064C,0,-2.4717116,0.0988934338092804,0.9919999837875366,0.9039000272750854
YOR110W,YPR134W,0,-2.4728532,0.09888356924057007,0.9919999837875366,0.9039999842643738
YOR362C,YNL106C,0,-2.4729521,0.09887371957302094,0.9919999837875366,0.9041000008583069
YBR275C,YBR008C,0,-2.4731557,0.0988638624548912,0.9919999837875366,0.90420001745224
YOR229W,YDR197W,0,-2.4737873,0.09885401278734207,0.9919999837875366,0.9042999744415283
YPL013C,YNR059W,0,-2.4745476,0.09884416311979294,0.9919999837875366,0.9043999910354614
YJL142C,YBR037C,0,-2.4746828,0.0988343134522438,0.9919999837875366,0.9045000076293945
YCR009C,YMR052W,0,-2.4748101,0.09882446378469467,0.9919999837875366,0.9046000242233276
YGL058W,YEL007W,0,-2.4748328,0.09881462156772614,0.9919999837875366,0.904699981212616
YLR070C,YDR110W,0,-2.4755106,0.0988047793507576,0.9919999837875366,0.9047999978065491
YOR231W,YOL032W,0,-2.47609,0.09879493713378906,0.9919999837875366,0.9049000144004822
YGL029W,YCL066W,0,-2.47679,0.09878510236740112,0.9919999837875366,0.9049999713897705
YGR006W,YBR079C,0,-2.47692,0.09877526760101318,0.9919999837875366,0.9050999879837036
YHL038C,YOL027C,0,-2.4777074,0.09876543283462524,0.9919999837875366,0.9052000045776367
YOL113W,YLR130C,0,-2.4777493,0.0987555980682373,0.9919999837875366,0.9053000211715698
YOR264W,YBR254C,0,-2.4778104,0.09874577075242996,0.9919999837875366,0.9053999781608582
YBR262C,YHR067W,0,-2.4778764,0.09873594343662262,0.9919999837875366,0.9054999947547913
YBR175W,YBR282W,0,-2.4782238,0.09872611612081528,0.9919999837875366,0.9056000113487244
YPL095C,YKL090W,0,-2.4784384,0.09871628880500793,0.9919999837875366,0.9057000279426575
YNL335W,YOR080W,0,-2.4791946,0.09870646893978119,0.9919999837875366,0.9057999849319458
YFL049W,YLR096W,0,-2.4792187,0.09869664907455444,0.9919999837875366,0.9059000015258789
YPL099C,YAL039C,0,-2.4793417,0.0986868292093277,0.9919999837875366,0.906000018119812
YHR069C,YKL166C,0,-2.4805632,0.09867700934410095,0.9919999837875366,0.9060999751091003
YGR183C,YLR090W,0,-2.4808197,0.0986671969294548,0.9919999837875366,0.9061999917030334
YBL024W,YDR384C,0,-2.4810126,0.09865738451480865,0.9919999837875366,0.9063000082969666
YBR002C,YER101C,0,-2.481407,0.0986475721001625,0.9919999837875366,0.9064000248908997
YER020W,YMR154C,0,-2.48147,0.09863776713609695,0.9919999837875366,0.906499981880188
YLR135W,YJL095W,0,-2.4816737,0.0986279547214508,0.9919999837875366,0.9065999984741211
YDL166C,YKR089C,0,-2.4817019,0.09861814975738525,0.9919999837875366,0.9067000150680542
YCR011C,YBR024W,0,-2.4817095,0.0986083522439003,0.9919999837875366,0.9067999720573425
YJR090C,YGL247W,0,-2.4817255,0.09859854727983475,0.9919999837875366,0.9068999886512756
YJL223C,YOL124C,0,-2.4826307,0.09858874976634979,0.9919999837875366,0.9070000052452087
YBR189W,YHR102W,0,-2.4828207,0.09857895225286484,0.9919999837875366,0.9071000218391418
YGL004C,YPL153C,0,-2.48353,0.09856915473937988,0.9919999837875366,0.9071999788284302
YOL144W,YLR386W,0,-2.4836488,0.09855936467647552,0.9919999837875366,0.9072999954223633
YJL157C,YIL090W,0,-2.4857128,0.09854957461357117,0.9919999837875366,0.9074000120162964
YGR090W,YKR087C,0,-2.486532,0.09853978455066681,0.9919999837875366,0.9075000286102295
YLR096W,YHR119W,0,-2.4871383,0.09852999448776245,0.9919999837875366,0.9075999855995178
YHR147C,YPR006C,0,-2.488064,0.09852021187543869,0.9919999837875366,0.9077000021934509
YBR037C,YBR127C,0,-2.4882987,0.09851042926311493,0.9919999837875366,0.907800018787384
YNL167C,YOR003W,0,-2.4883075,0.09850064665079117,0.9919999837875366,0.9078999757766724
YMR271C,YNL191W,0,-2.4890919,0.09849086403846741,0.9919999837875366,0.9079999923706055
YNR047W,YLR150W,0,-2.4891386,0.09848108887672424,0.9919999837875366,0.9081000089645386
YHR079C,YAL059W,0,-2.489295,0.09847131371498108,0.9919999837875366,0.9082000255584717
YDL165W,YGL190C,0,-2.4896345,0.09846153855323792,0.9919999837875366,0.90829998254776
YOR231W,YDL174C,0,-2.4897633,0.09845176339149475,0.9919999837875366,0.9083999991416931
YPL239W,YOL054W,0,-2.4915242,0.09844199568033218,0.9919999837875366,0.9085000157356262
YLR102C,YLR289W,0,-2.4920163,0.09843222796916962,0.9919999837875366,0.9085999727249146
YLR321C,YJR057W,0,-2.49229,0.09842246025800705,0.9919999837875366,0.9086999893188477
YIL037C,YFR027W,0,-2.4924822,0.09841269999742508,0.9919999837875366,0.9088000059127808
YML095C,YEL036C,0,-2.4931617,0.09840293973684311,0.9919999837875366,0.9089000225067139
YDR130C,YNL331C,0,-2.493474,0.09839317947626114,0.9919999837875366,0.9089999794960022
YDR449C,YDL224C,0,-2.4936018,0.09838341921567917,0.9919999837875366,0.9090999960899353
YBR267W,YNL250W,0,-2.4942365,0.0983736589550972,0.9919999837875366,0.9092000126838684
YPL057C,YBL082C,0,-2.4944859,0.09836390614509583,0.9919999837875366,0.9093000292778015
YGL144C,YMR239C,0,-2.4947166,0.09835415333509445,0.9919999837875366,0.9093999862670898
YNL006W,YLR233C,0,-2.4958148,0.09834440052509308,0.9919999837875366,0.909500002861023
YMR081C,YDL110C,0,-2.4965353,0.0983346551656723,0.9919999837875366,0.909600019454956
YDR522C,YEL013W,0,-2.4973836,0.09832490980625153,0.9919999837875366,0.9096999764442444
YGL251C,YGL200C,0,-2.4974217,0.09831516444683075,0.9919999837875366,0.9097999930381775
YNL219C,YDR277C,0,-2.49759,0.09830541908740997,0.9919999837875366,0.9099000096321106
YCR034W,YHR011W,0,-2.4984572,0.0982956811785698,0.9919999837875366,0.9100000262260437
YDR059C,YPL143W,0,-2.4986143,0.09828594326972961,0.9919999837875366,0.910099983215332
YHR052W,YBL104C,0,-2.4989653,0.09827620536088943,0.9919999837875366,0.9101999998092651
YNL111C,YLR260W,0,-2.5007505,0.09826646745204926,0.9919999837875366,0.9103000164031982
YLR142W,YPL170W,0,-2.50149,0.09825673699378967,0.9919999837875366,0.9103999733924866
YIL121W,YMR154C,0,-2.5017767,0.09824700653553009,0.9919999837875366,0.9104999899864197
YOR104W,YFR015C,0,-2.5020566,0.09823727607727051,0.9919999837875366,0.9106000065803528
YFL048C,YFR053C,0,-2.5023825,0.09822754561901093,0.9919999837875366,0.9107000231742859
YDR129C,YKL155C,0,-2.5023866,0.09821782261133194,0.9919999837875366,0.9107999801635742
YDR238C,YJR094C,0,-2.5024385,0.09820809960365295,0.9919999837875366,0.9108999967575073
YGR230W,YGL225W,0,-2.502807,0.09819837659597397,0.9919999837875366,0.9110000133514404
YEL019C,YDR440W,0,-2.5031936,0.09818865358829498,0.9919999837875366,0.9110999703407288
YDR437W,YIL041W,0,-2.5034068,0.0981789380311966,0.9919999837875366,0.9111999869346619
YJR090C,YPR029C,0,-2.5039208,0.0981692224740982,0.9919999837875366,0.911300003528595
YOL077C,YHR077C,0,-2.5043697,0.09815950691699982,0.9919999837875366,0.9114000201225281
YKL013C,YIL037C,0,-2.5044274,0.09814979881048203,0.9919999837875366,0.9114999771118164
YGL174W,YOR129C,0,-2.5053377,0.09814009070396423,0.9919999837875366,0.9115999937057495
YAL047C,YMR275C,0,-2.5053704,0.09813037514686584,0.9919999837875366,0.9117000102996826
YOR047C,YHR081W,0,-2.5055368,0.09812067449092865,0.9919999837875366,0.9118000268936157
YHL009C,YJR092W,0,-2.5055385,0.09811096638441086,0.9919999837875366,0.911899983882904
YOR304W,YGL029W,0,-2.5060594,0.09810126572847366,0.9919999837875366,0.9120000004768372
YOR011W,YCL034W,0,-2.5062056,0.09809156507253647,0.9919999837875366,0.9121000170707703
YNL267W,YGL098W,0,-2.5062144,0.09808186441659927,0.9919999837875366,0.9121999740600586
YBL060W,YGR078C,0,-2.5063715,0.09807217121124268,0.9919999837875366,0.9122999906539917
YMR213W,YGR275W,0,-2.5070593,0.09806247800588608,0.9919999837875366,0.9124000072479248
YNL078W,YFR003C,0,-2.5070982,0.09805278480052948,0.9919999837875366,0.9125000238418579
YFL062W,YFL030W,0,-2.5076094,0.09804309159517288,0.9919999837875366,0.9125999808311462
YJL090C,YKL048C,0,-2.5076368,0.09803340584039688,0.9919999837875366,0.9126999974250793
YBL084C,YDL005C,0,-2.507961,0.09802371263504028,0.9919999837875366,0.9128000140190125
YGR215W,YAR007C,0,-2.5083885,0.09801402688026428,0.9919999837875366,0.9128999710083008
YDL005C,YNL002C,0,-2.509519,0.09800434857606888,0.9919999837875366,0.9129999876022339
YDL087C,YJR097W,0,-2.5095482,0.09799466282129288,0.9919999837875366,0.913100004196167
YBL084C,YMR231W,0,-2.5097718,0.09798498451709747,0.9919999837875366,0.9132000207901001
YOR313C,YNL148C,0,-2.510082,0.09797530621290207,0.9919999837875366,0.9132999777793884
YJL142C,YOR348C,0,-2.5104423,0.09796563535928726,0.9919999837875366,0.9133999943733215
YDL069C,YLR084C,0,-2.5108397,0.09795595705509186,0.9919999837875366,0.9135000109672546
YGR046W,YBR264C,0,-2.5112772,0.09794628620147705,0.9919999837875366,0.9136000275611877
YOL104C,YDR213W,0,-2.5114279,0.09793661534786224,0.9919999837875366,0.9136999845504761
YGR003W,YLR425W,0,-2.512106,0.09792695194482803,0.9919999837875366,0.9138000011444092
YDR211W,YKL041W,0,-2.5125117,0.09791728109121323,0.9919999837875366,0.9139000177383423
YNL135C,YLR288C,0,-2.5125127,0.09790761768817902,0.9919999837875366,0.9139999747276306
YKL004W,YGL175C,0,-2.5127056,0.0978979542851448,0.9919999837875366,0.9140999913215637
YOR334W,YDR315C,0,-2.5127673,0.09788829833269119,0.9919999837875366,0.9142000079154968
YBR085W,YOL051W,0,-2.5132008,0.09787863492965698,0.9919999837875366,0.9143000245094299
YGL013C,YHR076W,0,-2.5136135,0.09786897897720337,0.9919999837875366,0.9143999814987183
YHR160C,YDR314C,0,-2.5136542,0.09785933047533035,0.9919999837875366,0.9144999980926514
YHR146W,YPL217C,0,-2.513699,0.09784967452287674,0.9919999837875366,0.9146000146865845
YHR158C,YDR460W,0,-2.5137153,0.09784002602100372,0.9919999837875366,0.9146999716758728
YGR096W,YIL098C,0,-2.5144982,0.0978303775191307,0.9919999837875366,0.9147999882698059
YDL097C,YJR033C,0,-2.5147831,0.09782072901725769,0.9919999837875366,0.914900004863739
YFL049W,YKR036C,0,-2.514969,0.09781108051538467,0.9919999837875366,0.9150000214576721
YMR097C,YBR114W,0,-2.5151799,0.09780143946409225,0.9919999837875366,0.9150999784469604
YMR234W,YGL139W,0,-2.5160484,0.09779179841279984,0.9919999837875366,0.9151999950408936
YOR016C,YMR029C,0,-2.5160656,0.09778215736150742,0.9919999837875366,0.9153000116348267
YNR026C,YCR020C-A,0,-2.516501,0.0977725237607956,0.9919999837875366,0.9154000282287598
YMR063W,YBR119W,0,-2.5168867,0.09776288270950317,0.9919999837875366,0.9154999852180481
YNL106C,YPR193C,0,-2.5170217,0.09775324910879135,0.9919999837875366,0.9156000018119812
YHR002W,YMR021C,0,-2.5181448,0.09774362295866013,0.9919999837875366,0.9157000184059143
YCR026C,YDR440W,0,-2.5185645,0.0977339893579483,0.9919999837875366,0.9157999753952026
YLR362W,YJR010W,0,-2.5190387,0.09772436320781708,0.9919999837875366,0.9158999919891357
YLR142W,YGR007W,0,-2.519147,0.09771473705768585,0.9919999837875366,0.9160000085830688
YDL099W,YBR026C,0,-2.5192823,0.09770511090755463,0.9919999837875366,0.916100025177002
YOL095C,YDR256C,0,-2.5194137,0.097695492208004,0.9919999837875366,0.9161999821662903
YKL189W,YGL027C,0,-2.519559,0.09768586605787277,0.9919999837875366,0.9162999987602234
YDL067C,YDL004W,0,-2.5197291,0.09767624735832214,0.9919999837875366,0.9164000153541565
YPR193C,YKL168C,0,-2.5198283,0.09766663610935211,0.9919999837875366,0.9164999723434448
YDR541C,YDR405W,0,-2.5199046,0.09765701740980148,0.9919999837875366,0.9165999889373779
YDL067C,YLR090W,0,-2.520154,0.09764740616083145,0.9919999837875366,0.916700005531311
YKR103W,YPL157W,0,-2.520462,0.09763779491186142,0.9919999837875366,0.9168000221252441
YOR222W,YPL140C,0,-2.520554,0.09762818366289139,0.9919999837875366,0.9168999791145325
YPL283C,YPL161C,0,-2.5212095,0.09761857986450195,0.9919999837875366,0.9169999957084656
YNL014W,YKR084C,1,-2.5215268,0.0977073684334755,0.9929999709129333,0.9169999957084656
YDR161W,YDL153C,0,-2.5219312,0.09769775718450546,0.9929999709129333,0.9171000123023987
YPR178W,YDL093W,0,-2.522417,0.09768814593553543,0.9929999709129333,0.9172000288963318
YDL247W,YJL073W,0,-2.5232708,0.0976785346865654,0.9929999709129333,0.9172999858856201
YLR451W,YDR473C,0,-2.52348,0.09766893088817596,0.9929999709129333,0.9174000024795532
YPL127C,YPL244C,0,-2.5244613,0.09765932708978653,0.9929999709129333,0.9175000190734863
YKL217W,YHR105W,0,-2.5246904,0.0976497232913971,0.9929999709129333,0.9175999760627747
YJL096W,YPL032C,0,-2.5254397,0.09764011949300766,0.9929999709129333,0.9176999926567078
YNL119W,YFL030W,0,-2.5261724,0.09763051569461823,0.9929999709129333,0.9178000092506409
YLL014W,YLR174W,0,-2.5269766,0.09762091934680939,0.9929999709129333,0.917900025844574
YHR114W,YGR030C,0,-2.5273066,0.09761132299900055,0.9929999709129333,0.9179999828338623
YEL029C,YDR013W,0,-2.527624,0.09760172665119171,0.9929999709129333,0.9180999994277954
YGL131C,YIL004C,0,-2.5281448,0.09759213775396347,0.9929999709129333,0.9182000160217285
YPL017C,YPL018W,0,-2.5283954,0.09758254885673523,0.9929999709129333,0.9182999730110168
YGL017W,YDL239C,0,-2.5292625,0.09757295995950699,0.9929999709129333,0.91839998960495
YLR069C,YMR024W,1,-2.5293121,0.09766162186861038,0.9940000176429749,0.91839998960495
YLL057C,YGR148C,0,-2.5293856,0.09765202552080154,0.9940000176429749,0.9185000061988831
YBR167C,YMR055C,0,-2.52947,0.0976424366235733,0.9940000176429749,0.9186000227928162
YMR113W,YJR055W,0,-2.5295205,0.09763284772634506,0.9940000176429749,0.9186999797821045
YKL055C,YKR002W,0,-2.5295353,0.09762325882911682,0.9940000176429749,0.9187999963760376
YPR120C,YDR106W,0,-2.5300927,0.09761366993188858,0.9940000176429749,0.9189000129699707
YNL191W,YLR289W,0,-2.5303068,0.09760408848524094,0.9940000176429749,0.9190000295639038
YDR235W,YIL041W,0,-2.5306396,0.0975944995880127,0.9940000176429749,0.9190999865531921
YMR162C,YHR168W,0,-2.5308218,0.09758491814136505,0.9940000176429749,0.9192000031471252
YDL045W-A,YOR018W,0,-2.531194,0.097575344145298,0.9940000176429749,0.9193000197410583
YOR313C,YKR001C,0,-2.531227,0.09756576269865036,0.9940000176429749,0.9193999767303467
YJR151C,YBR105C,0,-2.5318367,0.09755618870258331,0.9940000176429749,0.9194999933242798
YHL031C,YGL167C,0,-2.5321856,0.09754661470651627,0.9940000176429749,0.9196000099182129
YPL047W,YEL064C,0,-2.5328386,0.09753704071044922,0.9940000176429749,0.919700026512146
YJR074W,YBR019C,0,-2.5333986,0.09752747416496277,0.9940000176429749,0.9197999835014343
YLR004C,YOL010W,0,-2.533557,0.09751790761947632,0.9940000176429749,0.9199000000953674
YLL002W,YLR251W,0,-2.534452,0.09750834107398987,0.9940000176429749,0.9200000166893005
YPL013C,YEL052W,0,-2.5348368,0.09749877452850342,0.9940000176429749,0.9200999736785889
YDR375C,YJL097W,0,-2.5351033,0.09748920798301697,0.9940000176429749,0.920199990272522
YMR296C,YNL265C,0,-2.5353932,0.09747964888811111,0.9940000176429749,0.9203000068664551
YKL175W,YHR090C,0,-2.5355718,0.09747008979320526,0.9940000176429749,0.9204000234603882
YPR001W,YOR047C,0,-2.5372913,0.09746053814888,0.9940000176429749,0.9204999804496765
YOR279C,YDL006W,0,-2.5375385,0.09745097905397415,0.9940000176429749,0.9205999970436096
YLL052C,YDL111C,0,-2.5385292,0.0974414274096489,0.9940000176429749,0.9207000136375427
YHR164C,YLR377C,0,-2.5386195,0.09743187576532364,0.9940000176429749,0.920799970626831
YEL050C,YOR156C,0,-2.5389376,0.09742232412099838,0.9940000176429749,0.9208999872207642
YPL196W,YLR220W,0,-2.5397167,0.09741277992725372,0.9940000176429749,0.9210000038146973
YDR400W,YKL168C,0,-2.5407944,0.09740323573350906,0.9940000176429749,0.9211000204086304
YML072C,YBR058C,0,-2.5409625,0.0973936915397644,0.9940000176429749,0.9211999773979187
YMR297W,YNL220W,0,-2.5410726,0.09738414734601974,0.9940000176429749,0.9212999939918518
YGL030W,YKL161C,0,-2.5428991,0.09737461060285568,0.9940000176429749,0.9214000105857849
YDL102W,YCR092C,0,-2.5435252,0.09736506640911102,0.9940000176429749,0.921500027179718
YLR130C,YMR056C,0,-2.543603,0.09735553711652756,0.9940000176429749,0.9215999841690063
YER112W,YGL047W,0,-2.5437002,0.0973460003733635,0.9940000176429749,0.9217000007629395
YLR070C,YDR494W,0,-2.5442612,0.09733646363019943,0.9940000176429749,0.9218000173568726
YGL144C,YOR195W,0,-2.5445838,0.09732693433761597,0.9940000176429749,0.9218999743461609
YGL075C,YBR173C,0,-2.5450916,0.0973174050450325,0.9940000176429749,0.921999990940094
YIR025W,YKL014C,0,-2.5451,0.09730788320302963,0.9940000176429749,0.9221000075340271
YJL013C,YNL236W,0,-2.5455623,0.09729835391044617,0.9940000176429749,0.9222000241279602
YDR058C,YGR284C,0,-2.5456305,0.0972888320684433,0.9940000176429749,0.9222999811172485
YBL082C,YAL027W,0,-2.5457737,0.09727931022644043,0.9940000176429749,0.9223999977111816
YDR067C,YML059C,0,-2.5459316,0.09726978838443756,0.9940000176429749,0.9225000143051147
YLR015W,YMR052W,0,-2.5461743,0.09726027399301529,0.9940000176429749,0.9225999712944031
YJL106W,YOL108C,0,-2.5468059,0.09725075960159302,0.9940000176429749,0.9226999878883362
YML098W,YJR022W,0,-2.5469162,0.09724124521017075,0.9940000176429749,0.9228000044822693
YNL167C,YGL084C,0,-2.5475743,0.09723173081874847,0.9940000176429749,0.9229000210762024
YDL031W,YDR166C,0,-2.5483873,0.0972222238779068,0.9940000176429749,0.9229999780654907
YNL288W,YCR066W,0,-2.5489538,0.09721271693706512,0.9940000176429749,0.9230999946594238
YMR186W,YPL152W,0,-2.5490057,0.09720320999622345,0.9940000176429749,0.9232000112533569
YBR195C,YDR351W,0,-2.5491526,0.09719370305538177,0.9940000176429749,0.92330002784729
YGL180W,YLR039C,0,-2.5494115,0.0971842035651207,0.9940000176429749,0.9233999848365784
YPL008W,YBR279W,0,-2.5496035,0.09717469662427902,0.9940000176429749,0.9235000014305115
YCL059C,YHL024W,0,-2.5498016,0.09716519713401794,0.9940000176429749,0.9236000180244446
YLR427W,YBR185C,0,-2.5498366,0.09715570509433746,0.9940000176429749,0.9236999750137329
YBL032W,YJR089W,0,-2.5499444,0.09714620560407639,0.9940000176429749,0.923799991607666
YGR090W,YHL044W,0,-2.5500982,0.0971367135643959,0.9940000176429749,0.9239000082015991
YFL017C,YPL203W,0,-2.5508804,0.09712722152471542,0.9940000176429749,0.9240000247955322
YNL282W,YNL267W,0,-2.5519147,0.09711773693561554,0.9940000176429749,0.9240999817848206
YER170W,YOR270C,0,-2.5522332,0.09710824489593506,0.9940000176429749,0.9241999983787537
YDR378C,YLL001W,0,-2.5526273,0.09709876030683517,0.9940000176429749,0.9243000149726868
YCL061C,YMR115W,0,-2.5533311,0.09708927571773529,0.9940000176429749,0.9243999719619751
YNR039C,YDR527W,0,-2.553481,0.0970797911286354,0.9940000176429749,0.9244999885559082
YPR094W,YIL121W,0,-2.553524,0.09707031399011612,0.9940000176429749,0.9246000051498413
YBR301W,YDR354W,0,-2.5537417,0.09706083685159683,0.9940000176429749,0.9247000217437744
YKL193C,YML031W,0,-2.5540218,0.09705135971307755,0.9940000176429749,0.9247999787330627
YMR280C,YCL026C-A,0,-2.5549483,0.09704188257455826,0.9940000176429749,0.9248999953269958
YPL222W,YJL174W,0,-2.5549943,0.09703241288661957,0.9940000176429749,0.925000011920929
YMR257C,YDL069C,0,-2.5577743,0.09702293574810028,0.9940000176429749,0.9251000285148621
YDL035C,YFR028C,0,-2.557861,0.09701346606016159,0.9940000176429749,0.9251999855041504
YJL170C,YHR119W,0,-2.5579448,0.0970040038228035,0.9940000176429749,0.9253000020980835
YBR215W,YMR059W,0,-2.5580673,0.09699453413486481,0.9940000176429749,0.9254000186920166
YGR213C,YNR070W,0,-2.5582132,0.09698507189750671,0.9940000176429749,0.9254999756813049
YJL204C,YNL214W,0,-2.5585608,0.09697560966014862,0.9940000176429749,0.925599992275238
YMR223W,YKR058W,0,-2.5589015,0.09696614742279053,0.9940000176429749,0.9257000088691711
YBR173C,YIR013C,0,-2.560598,0.09695669263601303,0.9940000176429749,0.9258000254631042
YKL003C,YBR255W,0,-2.5607228,0.09694723784923553,0.9940000176429749,0.9258999824523926
YKL190W,YJL198W,0,-2.560937,0.09693778306245804,0.9940000176429749,0.9259999990463257
YOR144C,YLR260W,0,-2.5623827,0.09692832827568054,0.9940000176429749,0.9261000156402588
YCL063W,YOR074C,0,-2.5629978,0.09691887348890305,0.9940000176429749,0.9261999726295471
YNL259C,YKR050W,0,-2.5639527,0.09690942615270615,0.9940000176429749,0.9262999892234802
YDR198C,YCL063W,0,-2.5646102,0.09689997881650925,0.9940000176429749,0.9264000058174133
YNR017W,YGR244C,0,-2.565473,0.09689053148031235,0.9940000176429749,0.9265000224113464
YIL111W,YPL091W,0,-2.5660381,0.09688109159469604,0.9940000176429749,0.9265999794006348
YIL128W,YIL140W,0,-2.5662098,0.09687165170907974,0.9940000176429749,0.9266999959945679
YMR158W,YCL008C,0,-2.5669317,0.09686221182346344,0.9940000176429749,0.926800012588501
YDL139C,YNL032W,0,-2.5681276,0.09685277193784714,0.9940000176429749,0.9269000291824341
YDR489W,YMR228W,0,-2.568317,0.09684333950281143,0.9940000176429749,0.9269999861717224
YBL046W,YML060W,0,-2.5683732,0.09683389961719513,0.9940000176429749,0.9271000027656555
YDR331W,YMR231W,0,-2.5687413,0.09682446718215942,0.9940000176429749,0.9272000193595886
YDR285W,YNL220W,0,-2.5688386,0.09681504219770432,0.9940000176429749,0.927299976348877
YMR063W,YLR310C,0,-2.5694458,0.09680560976266861,0.9940000176429749,0.9273999929428101
YOR092W,YKR016W,0,-2.5696335,0.0967961847782135,0.9940000176429749,0.9275000095367432
YKL144C,YKR024C,0,-2.5698185,0.09678675979375839,0.9940000176429749,0.9276000261306763
YNL283C,YGL263W,0,-2.569855,0.09677733480930328,0.9940000176429749,0.9276999831199646
YDR059C,YOR179C,0,-2.5698862,0.09676790982484818,0.9940000176429749,0.9277999997138977
YOR288C,YIL023C,0,-2.570457,0.09675849229097366,0.9940000176429749,0.9279000163078308
YOL067C,YER070W,0,-2.572644,0.09674907475709915,0.9940000176429749,0.9279999732971191
YJL095W,YGR081C,0,-2.572661,0.09673965722322464,0.9940000176429749,0.9280999898910522
YKR001C,YHR096C,0,-2.573187,0.09673024713993073,0.9940000176429749,0.9282000064849854
YGL131C,YJL045W,0,-2.5732498,0.09672082960605621,0.9940000176429749,0.9283000230789185
YAR033W,YLR150W,0,-2.5741074,0.0967114195227623,0.9940000176429749,0.9283999800682068
YOR381W,YLR008C,0,-2.575549,0.09670201689004898,0.9940000176429749,0.9284999966621399
YNR036C,YPL040C,0,-2.5755491,0.09669260680675507,0.9940000176429749,0.928600013256073
YER147C,YGR120C,0,-2.5761242,0.09668320417404175,0.9940000176429749,0.9286999702453613
YGR230W,YDR172W,0,-2.5764334,0.09667380154132843,0.9940000176429749,0.9287999868392944
YMR167W,YNL268W,0,-2.5766158,0.09666439890861511,0.9940000176429749,0.9289000034332275
YIR031C,YPL043W,0,-2.5766923,0.0966549962759018,0.9940000176429749,0.9290000200271606
YMR236W,YOL122C,0,-2.577153,0.09664560109376907,0.9940000176429749,0.929099977016449
YOR226C,YPR134W,0,-2.5778475,0.09663620591163635,0.9940000176429749,0.9291999936103821
YGR253C,YFR010W,0,-2.5778651,0.09662681072950363,0.9940000176429749,0.9293000102043152
YLR239C,YHR073W,0,-2.5786479,0.09661741554737091,0.9940000176429749,0.9294000267982483
YLR423C,YBL019W,0,-2.5786543,0.09660802781581879,0.9940000176429749,0.9294999837875366
YGL213C,YLR138W,0,-2.5787048,0.09659864008426666,0.9940000176429749,0.9296000003814697
YBR179C,YOR065W,0,-2.5787973,0.09658925235271454,0.9940000176429749,0.9297000169754028
YHL021C,YMR072W,0,-2.5788372,0.09657986462116241,0.9940000176429749,0.9297999739646912
YLR080W,YLL062C,0,-2.5790002,0.09657048434019089,0.9940000176429749,0.9298999905586243
YCR024C,YOR125C,0,-2.579243,0.09656110405921936,0.9940000176429749,0.9300000071525574
YMR060C,YNL037C,0,-2.5793095,0.09655172377824783,0.9940000176429749,0.9301000237464905
YOR081C,YIL004C,0,-2.579339,0.0965423434972763,0.9940000176429749,0.9301999807357788
YER008C,YAL010C,0,-2.57968,0.09653297066688538,0.9940000176429749,0.9302999973297119
YLR386W,YBR163W,0,-2.5797186,0.09652359783649445,0.9940000176429749,0.930400013923645
YDR028C,YDR368W,0,-2.5798512,0.09651422500610352,0.9940000176429749,0.9304999709129333
YGL162W,YFR038W,0,-2.5799549,0.09650485217571259,0.9940000176429749,0.9305999875068665
YOR196C,YDL207W,0,-2.5799572,0.09649548679590225,0.9940000176429749,0.9307000041007996
YOR054C,YOL054W,0,-2.5804582,0.09648612141609192,0.9940000176429749,0.9308000206947327
YIR019C,YML092C,0,-2.5807788,0.09647675603628159,0.9940000176429749,0.930899977684021
YEL041W,YJR160C,0,-2.5808897,0.09646739065647125,0.9940000176429749,0.9309999942779541
YKL208W,YKL015W,0,-2.5810862,0.09645803272724152,0.9940000176429749,0.9311000108718872
YOR155C,YJL116C,0,-2.5811467,0.09644866734743118,0.9940000176429749,0.9312000274658203
YKL006W,YDR105C,0,-2.5817394,0.09643930941820145,0.9940000176429749,0.9312999844551086
YBL076C,YDR105C,0,-2.5818145,0.09642995893955231,0.9940000176429749,0.9314000010490417
YOR180C,YMR158W,0,-2.5821295,0.09642060101032257,0.9940000176429749,0.9315000176429749
YNL005C,YBR250W,0,-2.5828204,0.09641125053167343,0.9940000176429749,0.9315999746322632
YDL247W,YPR143W,0,-2.5828662,0.09640190005302429,0.9940000176429749,0.9316999912261963
YML009C,YML066C,0,-2.5829785,0.09639254957437515,0.9940000176429749,0.9318000078201294
YJL122W,YNR060W,0,-2.583309,0.09638320654630661,0.9940000176429749,0.9319000244140625
YKL148C,YHL021C,0,-2.5836058,0.09637386351823807,0.9940000176429749,0.9319999814033508
YDR059C,YDL060W,0,-2.5838697,0.09636452049016953,0.9940000176429749,0.9320999979972839
YKL176C,YIL021W,0,-2.5838847,0.09635517746210098,0.9940000176429749,0.932200014591217
YIL139C,YKR062W,0,-2.5856495,0.09634583443403244,0.9940000176429749,0.9322999715805054
YOR337W,YDR486C,0,-2.5858626,0.0963364988565445,0.9940000176429749,0.9323999881744385
YLL031C,YHR051W,0,-2.5860007,0.09632716327905655,0.9940000176429749,0.9325000047683716
YMR017W,YLR277C,0,-2.5867944,0.0963178277015686,0.9940000176429749,0.9326000213623047
YOR358W,YJL096W,0,-2.5872211,0.09630849957466125,0.9940000176429749,0.932699978351593
YIL011W,YHR038W,0,-2.5872817,0.09629916399717331,0.9940000176429749,0.9327999949455261
YMR120C,YFR053C,0,-2.587451,0.09628983587026596,0.9940000176429749,0.9329000115394592
YGL166W,YLR004C,0,-2.587598,0.09628050774335861,0.9940000176429749,0.9330000281333923
YDR449C,YDR283C,0,-2.588594,0.09627118706703186,0.9940000176429749,0.9330999851226807
YBR082C,YNL329C,0,-2.588935,0.09626186639070511,0.9940000176429749,0.9332000017166138
YBR299W,YLR312W-A,0,-2.5891604,0.09625253826379776,0.9940000176429749,0.9333000183105469
YNL025C,YPR183W,0,-2.5901172,0.0962432250380516,0.9940000176429749,0.9333999752998352
YPR058W,YPL120W,0,-2.5906386,0.09623390436172485,0.9940000176429749,0.9334999918937683
YGR212W,YPL096W,0,-2.5910788,0.0962245911359787,0.9940000176429749,0.9336000084877014
YDL031W,YDR201W,0,-2.5914464,0.09621527791023254,0.9940000176429749,0.9337000250816345
YKL221W,YIR028W,0,-2.5918853,0.09620596468448639,0.9940000176429749,0.9337999820709229
YHR061C,YOR272W,0,-2.5919213,0.09619665145874023,0.9940000176429749,0.933899998664856
YBR024W,YOR211C,0,-2.5919728,0.09618734568357468,0.9940000176429749,0.9340000152587891
YJR125C,YLR208W,0,-2.592971,0.09617803245782852,0.9940000176429749,0.9340999722480774
YLR453C,YPL180W,0,-2.5930057,0.09616873413324356,0.9940000176429749,0.9341999888420105
YCL061C,YGL073W,0,-2.593027,0.096159428358078,0.9940000176429749,0.9343000054359436
YDR522C,YPR168W,0,-2.593792,0.09615012258291245,0.9940000176429749,0.9344000220298767
YDL007W,YNL336W,0,-2.5944839,0.09614082425832748,0.9940000176429749,0.934499979019165
YDR308C,YJR084W,0,-2.5951328,0.09613152593374252,0.9940000176429749,0.9345999956130981
YDR463W,YDL001W,0,-2.597216,0.09612223505973816,0.9940000176429749,0.9347000122070312
YNR076W,YJL102W,0,-2.5973034,0.0961129367351532,0.9940000176429749,0.9348000288009644
YDR096W,YMR056C,0,-2.5979865,0.09610364586114883,0.9940000176429749,0.9348999857902527
YLR375W,YLR133W,0,-2.599866,0.09609435498714447,0.9940000176429749,0.9350000023841858
YNL078W,YLR128W,0,-2.6003368,0.0960850641131401,0.9940000176429749,0.9351000189781189
YDR003W,YCR057C,0,-2.6026077,0.09607578068971634,0.9940000176429749,0.9351999759674072
YPL036W,YDR170C,0,-2.6035595,0.09606648981571198,0.9940000176429749,0.9352999925613403
YNR070W,YGL249W,0,-2.6036577,0.09605720639228821,0.9940000176429749,0.9354000091552734
YBR276C,YBR167C,0,-2.6041267,0.09604793041944504,0.9940000176429749,0.9355000257492065
YNR047W,YOR036W,0,-2.6045,0.09603864699602127,0.9940000176429749,0.9355999827384949
YLR329W,YMR283C,0,-2.604607,0.0960293710231781,0.9940000176429749,0.935699999332428
YDL160C,YOR187W,1,-2.6061997,0.09611669182777405,0.9950000047683716,0.935699999332428
YHR177W,YEL003W,0,-2.6062415,0.09610740840435028,0.9950000047683716,0.9358000159263611
YOR241W,YGR231C,0,-2.6076646,0.09609812498092651,0.9950000047683716,0.9358999729156494
YGL070C,YOL132W,0,-2.607688,0.09608884900808334,0.9950000047683716,0.9359999895095825
YBR065C,YBR238C,0,-2.6077313,0.09607956558465958,0.9950000047683716,0.9361000061035156
YDR520C,YDR120C,0,-2.608158,0.0960702896118164,0.9950000047683716,0.9362000226974487
YDR179C,YAL022C,0,-2.6081607,0.09606101363897324,0.9950000047683716,0.9362999796867371
YJR065C,YMR208W,0,-2.6085541,0.09605174511671066,0.9950000047683716,0.9363999962806702
YKR038C,YPL235W,0,-2.6085806,0.09604246914386749,0.9950000047683716,0.9365000128746033
YJL057C,YFL042C,0,-2.6087217,0.09603320062160492,0.9950000047683716,0.9366000294685364
YOR144C,YDR494W,0,-2.6090438,0.09602393209934235,0.9950000047683716,0.9366999864578247
YDL130W,YLR360W,0,-2.6090536,0.09601467102766037,0.9950000047683716,0.9368000030517578
YDR100W,YPR070W,0,-2.6093645,0.0960054025053978,0.9950000047683716,0.9369000196456909
YOR308C,YGL211W,0,-2.609655,0.09599614143371582,0.9950000047683716,0.9369999766349792
YML116W,YCL057W,0,-2.6097467,0.09598688036203384,0.9950000047683716,0.9370999932289124
YLR447C,YEL024W,0,-2.6109824,0.09597761929035187,0.9950000047683716,0.9372000098228455
YCR092C,YOL003C,0,-2.611152,0.09596836566925049,0.9950000047683716,0.9373000264167786
YPL038W,YKR028W,0,-2.6124732,0.09595911204814911,0.9950000047683716,0.9373999834060669
YPL010W,YIL066C,0,-2.6127257,0.09594985842704773,0.9950000047683716,0.9375
YOR158W,YAL002W,0,-2.6129918,0.09594060480594635,0.9950000047683716,0.9376000165939331
YOR386W,YER183C,0,-2.6133637,0.09593135118484497,0.9950000047683716,0.9376999735832214
YBL090W,YGL053W,0,-2.6136546,0.09592210501432419,0.9950000047683716,0.9377999901771545
YMR137C,YGR049W,0,-2.6139207,0.0959128588438034,0.9950000047683716,0.9379000067710876
YBL046W,YNL188W,0,-2.613967,0.09590361267328262,0.9950000047683716,0.9380000233650208
YML067C,YER111C,0,-2.6142716,0.09589437395334244,0.9950000047683716,0.9380999803543091
YGL077C,YIL101C,0,-2.6145883,0.09588512778282166,0.9950000047683716,0.9381999969482422
YPR200C,YOR166C,0,-2.6148853,0.09587588906288147,0.9950000047683716,0.9383000135421753
YPL213W,YJL148W,0,-2.6153994,0.09586665034294128,0.9950000047683716,0.9383999705314636
YCL032W,YGL263W,0,-2.6154537,0.0958574190735817,0.9950000047683716,0.9384999871253967
YBR022W,YMR297W,0,-2.6158347,0.0958481878042221,0.9950000047683716,0.9386000037193298
YBL015W,YMR257C,0,-2.6159348,0.09583894908428192,0.9950000047683716,0.9387000203132629
YKL110C,YDR069C,0,-2.6161878,0.09582972526550293,0.9950000047683716,0.9387999773025513
YLR118C,YCR088W,0,-2.6163144,0.09582049399614334,0.9950000047683716,0.9388999938964844
YGL208W,YER058W,0,-2.616706,0.09581126272678375,0.9950000047683716,0.9390000104904175
YER107C,YIL129C,0,-2.6167827,0.09580203890800476,0.9950000047683716,0.9391000270843506
YHR190W,YMR157C,0,-2.6168776,0.09579281508922577,0.9950000047683716,0.9391999840736389
YGL065C,YOR058C,0,-2.6170714,0.09578359872102737,0.9950000047683716,0.939300000667572
YKR083C,YDL044C,0,-2.6171255,0.09577437490224838,0.9950000047683716,0.9394000172615051
YML099C,YBL019W,0,-2.6178112,0.09576515853404999,0.9950000047683716,0.9394999742507935
YPL046C,YHR082C,0,-2.6179857,0.09575594216585159,0.9950000047683716,0.9395999908447266
YOR068C,YBR017C,0,-2.6184793,0.0957467257976532,0.9950000047683716,0.9397000074386597
YNR065C,YDR079W,0,-2.6186042,0.0957375168800354,0.9950000047683716,0.9398000240325928
YGL083W,YLR080W,0,-2.619052,0.0957283079624176,0.9950000047683716,0.9398999810218811
YOL007C,YOL095C,0,-2.619317,0.0957190990447998,0.9950000047683716,0.9399999976158142
YDR196C,YIL039W,0,-2.619344,0.095709890127182,0.9950000047683716,0.9401000142097473
YBR188C,YHR014W,0,-2.6194448,0.09570068120956421,0.9950000047683716,0.9401999711990356
YGL096W,YGR099W,0,-2.6210504,0.09569147974252701,0.9950000047683716,0.9402999877929688
YMR193W,YDR100W,0,-2.6212301,0.09568227827548981,0.9950000047683716,0.9404000043869019
YGL100W,YJR092W,0,-2.6224551,0.0956730768084526,0.9950000047683716,0.940500020980835
YDR116C,YAL060W,0,-2.6230302,0.0956638753414154,0.9950000047683716,0.9405999779701233
YGL124C,YGR200C,0,-2.6230826,0.0956546813249588,0.9950000047683716,0.9406999945640564
YER059W,YBR253W,0,-2.6233554,0.0956454873085022,0.9950000047683716,0.9408000111579895
YPR178W,YIR013C,0,-2.6234467,0.0956362932920456,0.9950000047683716,0.9409000277519226
YHR079C-A,YGL233W,0,-2.6235406,0.09562709927558899,0.9950000047683716,0.9409999847412109
YOR075W,YHR127W,0,-2.625073,0.09561791270971298,0.9950000047683716,0.941100001335144
YIL084C,YER020W,0,-2.6256566,0.09560872614383698,0.9950000047683716,0.9412000179290771
YLR034C,YDL069C,0,-2.625908,0.09559953957796097,0.9950000047683716,0.9412999749183655
YHR101C,YBR006W,0,-2.626029,0.09559035301208496,0.9950000047683716,0.9413999915122986
YMR237W,YHR209W,0,-2.6266656,0.09558117389678955,0.9950000047683716,0.9415000081062317
YLR222C,YDR263C,0,-2.6272821,0.09557199478149414,0.9950000047683716,0.9416000247001648
YLR397C,YOL071W,0,-2.627357,0.09556281566619873,0.9950000047683716,0.9416999816894531
YGL172W,YPL133C,0,-2.6273806,0.09555363655090332,0.9950000047683716,0.9417999982833862
YDR075W,YER122C,0,-2.627543,0.09554445743560791,0.9950000047683716,0.9419000148773193
YHL016C,YDR468C,0,-2.6279192,0.0955352857708931,0.9950000047683716,0.9419999718666077
YHR154W,YBR136W,0,-2.6279793,0.09552611410617828,0.9950000047683716,0.9420999884605408
YJR084W,YER150W,0,-2.6283545,0.09551694244146347,0.9950000047683716,0.9422000050544739
YBL074C,YLR295C,0,-2.6284604,0.09550777822732925,0.9950000047683716,0.942300021648407
YGR047C,YNL330C,0,-2.6286654,0.09549860656261444,0.9950000047683716,0.9423999786376953
YOL095C,YPR088C,0,-2.6294944,0.09548944234848022,0.9950000047683716,0.9424999952316284
YLR405W,YNL270C,0,-2.630765,0.09548027813434601,0.9950000047683716,0.9426000118255615
YKR021W,YOR099W,0,-2.6322312,0.09547112137079239,0.9950000047683716,0.9427000284194946
YMR198W,YOR319W,0,-2.6341162,0.09546195715665817,0.9950000047683716,0.942799985408783
YGL098W,YGR252W,0,-2.6342623,0.09545280039310455,0.9950000047683716,0.9429000020027161
YGR109C,YGR083C,0,-2.6344244,0.09544364362955093,0.9950000047683716,0.9430000185966492
YER180C,YMR014W,0,-2.63449,0.09543449431657791,0.9950000047683716,0.9430999755859375
YMR127C,YGL153W,0,-2.6366186,0.09542533755302429,0.9950000047683716,0.9431999921798706
YKL067W,YDR147W,0,-2.637703,0.09541618824005127,0.9950000047683716,0.9433000087738037
YJL172W,YNL246W,0,-2.6383529,0.09540703892707825,0.9950000047683716,0.9434000253677368
YOR324C,YGR245C,0,-2.6396022,0.09539788961410522,0.9950000047683716,0.9434999823570251
YKR079C,YLR117C,0,-2.6397176,0.0953887477517128,0.9950000047683716,0.9435999989509583
YBR103W,YAL019W,0,-2.6400127,0.09537959843873978,0.9950000047683716,0.9437000155448914
YKL132C,YOL141W,0,-2.6401176,0.09537045657634735,0.9950000047683716,0.9437999725341797
YML118W,YNL075W,0,-2.6404188,0.09536132216453552,0.9950000047683716,0.9438999891281128
YER109C,YGR101W,0,-2.6404564,0.0953521803021431,0.9950000047683716,0.9440000057220459
YIL023C,YNR075W,0,-2.6407328,0.09534304589033127,0.9950000047683716,0.944100022315979
YOL151W,YNL314W,0,-2.640804,0.09533391147851944,0.9950000047683716,0.9441999793052673
YMR004W,YDL093W,0,-2.6408665,0.09532477706670761,0.9950000047683716,0.9442999958992004
YMR106C,YBR036C,0,-2.6421082,0.09531564265489578,0.9950000047683716,0.9444000124931335
YBR223C,YFR010W,0,-2.6426587,0.09530651569366455,0.9950000047683716,0.9445000290870667
YOR241W,YDL005C,0,-2.642757,0.09529738873243332,0.9950000047683716,0.944599986076355
YIL079C,YHL021C,0,-2.642821,0.09528826177120209,0.9950000047683716,0.9447000026702881
YBR057C,YFL002C,0,-2.643836,0.09527913480997086,0.9950000047683716,0.9448000192642212
YEL032W,YPL258C,0,-2.6448197,0.09527000784873962,0.9950000047683716,0.9448999762535095
YOL009C,YIR013C,0,-2.6451504,0.09526088833808899,0.9950000047683716,0.9449999928474426
YDL159W,YIR023W,0,-2.6454957,0.09525176882743835,0.9950000047683716,0.9451000094413757
YEL002C,YJL036W,0,-2.64582,0.09524265676736832,0.9950000047683716,0.9452000260353088
YPL196W,YDR443C,0,-2.6469283,0.09523353725671768,0.9950000047683716,0.9452999830245972
YNR022C,YLR362W,0,-2.6487136,0.09522442519664764,0.9950000047683716,0.9453999996185303
YDL235C,YNL094W,0,-2.6495185,0.0952153131365776,0.9950000047683716,0.9455000162124634
YKR009C,YIR018W,0,-2.6507328,0.09520620107650757,0.9950000047683716,0.9455999732017517
YIL073C,YAL032C,0,-2.6512027,0.09519708901643753,0.9950000047683716,0.9456999897956848
YDR463W,YDR267C,0,-2.6525803,0.09518798440694809,0.9950000047683716,0.9458000063896179
YNR065C,YER173W,0,-2.6532447,0.09517887979745865,0.9950000047683716,0.945900022983551
YPL254W,YOR368W,0,-2.6535344,0.09516977518796921,0.9950000047683716,0.9459999799728394
YNL202W,YEL032W,0,-2.6539054,0.09516067057847977,0.9950000047683716,0.9460999965667725
YPR138C,YOL031C,0,-2.654015,0.09515157341957092,0.9950000047683716,0.9462000131607056
YJR134C,YMR040W,0,-2.6540232,0.09514247626066208,0.9950000047683716,0.9463000297546387
YKL091C,YCL040W,0,-2.654671,0.09513337910175323,0.9950000047683716,0.946399986743927
YMR115W,YJL082W,0,-2.6552117,0.09512428194284439,0.9950000047683716,0.9465000033378601
YPR007C,YNL261W,0,-2.6561205,0.09511519223451614,0.9950000047683716,0.9466000199317932
YDR405W,YDR406W,0,-2.6571686,0.0951060950756073,0.9950000047683716,0.9466999769210815
YOR049C,YBR084W,0,-2.6586492,0.09509700536727905,0.9950000047683716,0.9467999935150146
YGR278W,YEL042W,0,-2.6587982,0.0950879231095314,0.9950000047683716,0.9469000101089478
YOL084W,YCL043C,0,-2.6602125,0.09507883340120316,0.9950000047683716,0.9470000267028809
YOR180C,YOL128C,0,-2.6605492,0.0950697511434555,0.9950000047683716,0.9470999836921692
YMR171C,YPL153C,0,-2.662582,0.09506066888570786,0.9950000047683716,0.9472000002861023
YJR010C-A,YHR160C,0,-2.6635485,0.0950515866279602,0.9950000047683716,0.9473000168800354
YDR031W,YJL125C,0,-2.6636496,0.09504250437021255,0.9950000047683716,0.9473999738693237
YPL170W,YDL077C,0,-2.6637657,0.0950334295630455,0.9950000047683716,0.9474999904632568
YNL014W,YOR187W,1,-2.664097,0.09511985629796982,0.9959999918937683,0.9474999904632568
YNL311C,YIL121W,0,-2.6647367,0.09511077404022217,0.9959999918937683,0.9476000070571899
YKL034W,YJL158C,0,-2.6648722,0.09510169178247452,0.9959999918937683,0.947700023651123
YML027W,YLR220W,0,-2.6659098,0.09509260952472687,0.9959999918937683,0.9477999806404114
YOL104C,YKL015W,0,-2.6660905,0.09508353471755981,0.9959999918937683,0.9478999972343445
YDR342C,YNL158W,0,-2.6661308,0.09507445245981216,0.9959999918937683,0.9480000138282776
YCL043C,YER020W,0,-2.6664515,0.09506537765264511,0.9959999918937683,0.9480999708175659
YAL054C,YDR533C,0,-2.6674628,0.09505631029605865,0.9959999918937683,0.948199987411499
YOR038C,YHL024W,0,-2.6675532,0.0950472354888916,0.9959999918937683,0.9483000040054321
YJL025W,YOL113W,0,-2.6678765,0.09503816813230515,0.9959999918937683,0.9484000205993652
YNR058W,YKR054C,0,-2.6686673,0.09502910077571869,0.9959999918937683,0.9484999775886536
YLR103C,YDR143C,0,-2.668789,0.09502003341913223,0.9959999918937683,0.9485999941825867
YDR403W,YBR185C,0,-2.6717038,0.09501097351312637,0.9959999918937683,0.9487000107765198
YIR010W,YPR057W,0,-2.671774,0.09500190615653992,0.9959999918937683,0.9488000273704529
YKR083C,YNL108C,0,-2.6725914,0.09499284625053406,0.9959999918937683,0.9488999843597412
YDR191W,YJR074W,0,-2.6737251,0.0949837863445282,0.9959999918937683,0.9490000009536743
YJR065C,YJR084W,0,-2.6755111,0.09497473388910294,0.9959999918937683,0.9491000175476074
YIL088C,YIR005W,0,-2.6757975,0.09496567398309708,0.9959999918937683,0.9491999745368958
YGR166W,YMR081C,0,-2.6776032,0.09495662152767181,0.9959999918937683,0.9492999911308289
YOR226C,YBR210W,0,-2.6777513,0.09494756907224655,0.9959999918937683,0.949400007724762
YBL008W,YJR102C,0,-2.6777766,0.09493851661682129,0.9959999918937683,0.9495000243186951
YNR057C,YLR277C,0,-2.6783652,0.09492947161197662,0.9959999918937683,0.9495999813079834
YDL124W,YDR194C,0,-2.6791785,0.09492042660713196,0.9959999918937683,0.9496999979019165
YGR141W,YJR133W,0,-2.6794937,0.09491138160228729,0.9959999918937683,0.9498000144958496
YOR188W,YDR369C,0,-2.6795838,0.09490233659744263,0.9959999918937683,0.9498999714851379
YIR021W,YJR040W,0,-2.6803117,0.09489329159259796,0.9959999918937683,0.949999988079071
YJL134W,YPL186C,0,-2.6803572,0.09488425403833389,0.9959999918937683,0.9501000046730042
YNL012W,YIL075C,0,-2.6806374,0.09487521648406982,0.9959999918937683,0.9502000212669373
YDR059C,YDR381W,0,-2.6807528,0.09486617892980576,0.9959999918937683,0.9502999782562256
YPL254W,YER004W,0,-2.6811764,0.09485714137554169,0.9959999918937683,0.9503999948501587
YKR083C,YFR027W,0,-2.6811957,0.09484811127185822,0.9959999918937683,0.9505000114440918
YLR047C,YMR180C,0,-2.6812868,0.09483908116817474,0.9959999918937683,0.9506000280380249
YIL038C,YDR013W,0,-2.681568,0.09483005106449127,0.9959999918937683,0.9506999850273132
YJR092W,YOR231W,0,-2.6823924,0.0948210209608078,0.9959999918937683,0.9508000016212463
YPL254W,YBR186W,0,-2.6824017,0.09481199085712433,0.9959999918937683,0.9509000182151794
YJL084C,YBR037C,0,-2.6829538,0.09480296820402145,0.9959999918937683,0.9509999752044678
YJL112W,YBR299W,0,-2.6830506,0.09479394555091858,0.9959999918937683,0.9510999917984009
YPL173W,YPL149W,0,-2.6839004,0.0947849228978157,0.9959999918937683,0.951200008392334
YDR522C,YMR171C,0,-2.6839995,0.09477590769529343,0.9959999918937683,0.9513000249862671
YDL248W,YER007C-A,0,-2.6840355,0.09476688504219055,0.9959999918937683,0.9513999819755554
YDL240W,YGL203C,0,-2.6843467,0.09475786983966827,0.9959999918937683,0.9514999985694885
YLR295C,YNL223W,0,-2.6843843,0.09474886208772659,0.9959999918937683,0.9516000151634216
YGL003C,YGL022W,0,-2.68548,0.09473984688520432,0.9959999918937683,0.95169997215271
YBR288C,YIL023C,0,-2.685651,0.09473083168268204,0.9959999918937683,0.9517999887466431
YHR164C,YJL092W,0,-2.6870947,0.09472182393074036,0.9959999918937683,0.9519000053405762
YMR005W,YJR040W,0,-2.687612,0.09471281617879868,0.9959999918937683,0.9520000219345093
YGR100W,YEL041W,0,-2.6892433,0.09470381587743759,0.9959999918937683,0.9520999789237976
YER095W,YNL021W,0,-2.6900473,0.09469480812549591,0.9959999918937683,0.9521999955177307
YFL053W,YPR010C,0,-2.6900797,0.09468580782413483,0.9959999918937683,0.9523000121116638
YMR318C,YOR185C,0,-2.691207,0.09467680752277374,0.9959999918937683,0.9524000287055969
YHR012W,YDR189W,0,-2.691851,0.09466780722141266,0.9959999918937683,0.9524999856948853
YBR182C,YPR067W,0,-2.6927931,0.09465880692005157,0.9959999918937683,0.9526000022888184
YDL074C,YPR055W,0,-2.6937737,0.09464981406927109,0.9959999918937683,0.9527000188827515
YML076C,YBR217W,0,-2.6940725,0.0946408212184906,0.9959999918937683,0.9527999758720398
YOR144C,YGL084C,0,-2.6942801,0.09463182836771011,0.9959999918937683,0.9528999924659729
YER143W,YAL023C,0,-2.6962092,0.09462283551692963,0.9959999918937683,0.953000009059906
YOR307C,YDL042C,0,-2.696227,0.09461385011672974,0.9959999918937683,0.9531000256538391
YJR014W,YGL233W,0,-2.6964648,0.09460486471652985,0.9959999918937683,0.9531999826431274
YKR065C,YEL024W,0,-2.6966605,0.09459587931632996,0.9959999918937683,0.9532999992370605
YMR198W,YJL106W,0,-2.6972923,0.09458689391613007,0.9959999918937683,0.9534000158309937
YCL054W,YBL080C,0,-2.6985888,0.09457791596651077,0.9959999918937683,0.953499972820282
YGR215W,YDR080W,0,-2.6990097,0.09456893056631088,0.9959999918937683,0.9535999894142151
YER170W,YKL003C,0,-2.699019,0.09455995261669159,0.9959999918937683,0.9537000060081482
YBR128C,YDR493W,0,-2.6992898,0.0945509746670723,0.9959999918937683,0.9538000226020813
YAL024C,YGR222W,0,-2.6998162,0.0945420041680336,0.9959999918937683,0.9538999795913696
YDL093W,YGR120C,0,-2.7019372,0.0945330262184143,0.9959999918937683,0.9539999961853027
YLR014C,YDR256C,0,-2.7021317,0.09452405571937561,0.9959999918937683,0.9541000127792358
YDL117W,YGR063C,0,-2.7022567,0.09451508522033691,0.9959999918937683,0.954200029373169
YPL174C,YEL042W,0,-2.7031188,0.09450612217187881,0.9959999918937683,0.9542999863624573
YOR374W,YPL219W,0,-2.7051966,0.09449715167284012,0.9959999918937683,0.9544000029563904
YJL102W,YPL040C,0,-2.7059667,0.09448818862438202,0.9959999918937683,0.9545000195503235
YOR381W,YDR493W,0,-2.7060304,0.09447922557592392,0.9959999918937683,0.9545999765396118
YMR212C,YFR038W,0,-2.7066808,0.09447026252746582,0.9959999918937683,0.9546999931335449
YML011C,YDR014W,0,-2.7069888,0.09446130692958832,0.9959999918937683,0.954800009727478
YML097C,YJL122W,0,-2.7072754,0.09445234388113022,0.9959999918937683,0.9549000263214111
YDL110C,YNL264C,0,-2.707364,0.09444338828325272,0.9959999918937683,0.9549999833106995
YDL105W,YLR459W,0,-2.7076526,0.09443443268537521,0.9959999918937683,0.9550999999046326
YCL069W,YOR340C,0,-2.7084303,0.09442548453807831,0.9959999918937683,0.9552000164985657
YOR036W,YBR181C,0,-2.7086039,0.0944165289402008,0.9959999918937683,0.955299973487854
YNL044W,YBL008W,0,-2.7088835,0.0944075807929039,0.9959999918937683,0.9553999900817871
YLR037C,YBL091C,0,-2.7096794,0.094398632645607,0.9959999918937683,0.9555000066757202
YGL077C,YBR255W,0,-2.7099779,0.09438969194889069,0.9959999918937683,0.9556000232696533
YGR230W,YGR116W,0,-2.7100506,0.09438074380159378,0.9959999918937683,0.9556999802589417
YGR201C,YOR187W,1,-2.7101269,0.09446655213832855,0.996999979019165,0.9556999802589417
YOR036W,YHR098C,0,-2.7107637,0.09445760399103165,0.996999979019165,0.9557999968528748
YKL004W,YFL030W,0,-2.7108474,0.09444865584373474,0.996999979019165,0.9559000134468079
YGL172W,YJL066C,0,-2.7113323,0.09443970769643784,0.996999979019165,0.9559999704360962
YER023W,YLR080W,0,-2.7143953,0.09443076699972153,0.996999979019165,0.9560999870300293
YML099C,YDR243C,0,-2.7164435,0.09442181885242462,0.996999979019165,0.9562000036239624
YJR139C,YLL003W,0,-2.71834,0.09441287815570831,0.996999979019165,0.9563000202178955
YKR083C,YPR048W,0,-2.7195544,0.094403937458992,0.996999979019165,0.9563999772071838
YLR250W,YJR102C,0,-2.7203717,0.09439500421285629,0.996999979019165,0.9564999938011169
YDR093W,YJL020C,0,-2.7207458,0.09438606351613998,0.996999979019165,0.95660001039505
YCL039W,YGR099W,0,-2.7208147,0.09437713027000427,0.996999979019165,0.9567000269889832
YPL203W,YEL029C,0,-2.7225037,0.09436819702386856,0.996999979019165,0.9567999839782715
YPR163C,YKL086W,0,-2.7233982,0.09435926377773285,0.996999979019165,0.9569000005722046
YGR201C,YLR069C,1,-2.7242508,0.09444496780633926,0.9980000257492065,0.9569000005722046
YGR224W,YGR195W,0,-2.725757,0.09443603456020355,0.9980000257492065,0.9570000171661377
YML046W,YDL223C,0,-2.7271514,0.09442710131406784,0.9980000257492065,0.957099974155426
YJL087C,YNR045W,0,-2.7290137,0.09441816806793213,0.9980000257492065,0.9571999907493591
YMR263W,YJR052W,0,-2.7297478,0.09440923482179642,0.9980000257492065,0.9573000073432922
YML109W,YKR010C,0,-2.7310035,0.0944003015756607,0.9980000257492065,0.9574000239372253
YMR193W,YBR136W,0,-2.7310205,0.09439137578010559,0.9980000257492065,0.9574999809265137
YPL183C,YMR075W,0,-2.732019,0.09438244998455048,0.9980000257492065,0.9575999975204468
YDL028C,YGL131C,0,-2.7323375,0.09437352418899536,0.9980000257492065,0.9577000141143799
YCR036W,YBR097W,0,-2.7330391,0.09436459839344025,0.9980000257492065,0.9577999711036682
YDR085C,YDR255C,0,-2.73313,0.09435568004846573,0.9980000257492065,0.9578999876976013
YLR007W,YDR489W,0,-2.7347176,0.09434675425291061,0.9980000257492065,0.9580000042915344
YDL024C,YPL253C,0,-2.7354321,0.0943378359079361,0.9980000257492065,0.9581000208854675
YBR104W,YGR225W,0,-2.7358136,0.09432892501354218,0.9980000257492065,0.9581999778747559
YPL173W,YNL299W,0,-2.7375743,0.09432000666856766,0.9980000257492065,0.958299994468689
YJR065C,YML069W,0,-2.738703,0.09431109577417374,0.9980000257492065,0.9584000110626221
YLR292C,YAL054C,0,-2.7397509,0.09430218487977982,0.9980000257492065,0.9585000276565552
YDL060W,YBR006W,0,-2.7398617,0.0942932739853859,0.9980000257492065,0.9585999846458435
YEL020W-A,YCR091W,0,-2.740019,0.09428436309099197,0.9980000257492065,0.9587000012397766
YDL120W,YNR030W,0,-2.7409527,0.09427545964717865,0.9980000257492065,0.9588000178337097
YJL001W,YOR329C,0,-2.7417893,0.09426655620336533,0.9980000257492065,0.958899974822998
YPR178W,YKR102W,0,-2.7425823,0.094257652759552,0.9980000257492065,0.9589999914169312
YGR188C,YOR384W,0,-2.742632,0.09424874931573868,0.9980000257492065,0.9591000080108643
YJR065C,YGR081C,0,-2.7430565,0.09423984587192535,0.9980000257492065,0.9592000246047974
YPL259C,YAL058W,0,-2.7433448,0.09423094987869263,0.9980000257492065,0.9592999815940857
YKL208W,YPR067W,0,-2.7435563,0.0942220538854599,0.9980000257492065,0.9593999981880188
YLR397C,YLR191W,0,-2.7446349,0.09421315789222717,0.9980000257492065,0.9595000147819519
YHL048W,YKL051W,0,-2.7458127,0.09420426934957504,0.9980000257492065,0.9595999717712402
YCR068W,YPL063W,0,-2.7463899,0.09419537335634232,0.9980000257492065,0.9596999883651733
YPL246C,YPL186C,0,-2.747209,0.09418648481369019,0.9980000257492065,0.9598000049591064
YNL090W,YOR089C,0,-2.7475214,0.09417759627103806,0.9980000257492065,0.9599000215530396
YJL081C,YCL024W,0,-2.7478213,0.09416870772838593,0.9980000257492065,0.9599999785423279
YKL144C,YDR390C,0,-2.7481742,0.09415982663631439,0.9980000257492065,0.960099995136261
YHR034C,YDR247W,0,-2.7483034,0.09415094554424286,0.9980000257492065,0.9602000117301941
YGR166W,YBL075C,0,-2.7490087,0.09414206445217133,0.9980000257492065,0.9603000283241272
YJL122W,YER065C,0,-2.7490196,0.09413318336009979,0.9980000257492065,0.9603999853134155
YPR200C,YIL090W,0,-2.7494373,0.09412430226802826,0.9980000257492065,0.9605000019073486
YML070W,YMR004W,0,-2.7496855,0.09411542862653732,0.9980000257492065,0.9606000185012817
YOR060C,YNL259C,0,-2.7512116,0.09410655498504639,0.9980000257492065,0.9606999754905701
YJL166W,YPR048W,0,-2.751702,0.09409768134355545,0.9980000257492065,0.9607999920845032
YOR127W,YOR216C,0,-2.7523916,0.09408880770206451,0.9980000257492065,0.9609000086784363
YOR348C,YJR101W,0,-2.7524953,0.09407994151115417,0.9980000257492065,0.9610000252723694
YLR077W,YGR262C,0,-2.7525454,0.09407107532024384,0.9980000257492065,0.9610999822616577
YER157W,YMR302C,0,-2.7528796,0.0940622091293335,0.9980000257492065,0.9611999988555908
YDR178W,YDL119C,0,-2.7531605,0.09405334293842316,0.9980000257492065,0.9613000154495239
YJR068W,YML042W,0,-2.753674,0.09404447674751282,0.9980000257492065,0.9613999724388123
YGL092W,YPL244C,0,-2.7538357,0.09403561800718307,0.9980000257492065,0.9614999890327454
YDL120W,YJL093C,0,-2.7542684,0.09402675926685333,0.9980000257492065,0.9616000056266785
YDR179C,YJR110W,0,-2.755248,0.09401790052652359,0.9980000257492065,0.9617000222206116
YDR383C,YGR252W,0,-2.7559128,0.09400904178619385,0.9980000257492065,0.9617999792098999
YFR008W,YJR152W,0,-2.756486,0.0940001904964447,0.9980000257492065,0.961899995803833
YBR035C,YFL014W,0,-2.7582579,0.09399133175611496,0.9980000257492065,0.9620000123977661
YBR199W,YPL152W,0,-2.760578,0.09398248791694641,0.9980000257492065,0.9621000289916992
YML065W,YPR173C,0,-2.7607894,0.09397363662719727,0.9980000257492065,0.9621999859809875
YLR246W,YDR460W,0,-2.7610843,0.09396478533744812,0.9980000257492065,0.9623000025749207
YGR255C,YAL016W,0,-2.7613232,0.09395594149827957,0.9980000257492065,0.9624000191688538
YDR298C,YOR065W,0,-2.7618961,0.09394709765911102,0.9980000257492065,0.9624999761581421
YGR141W,YIL121W,0,-2.7619913,0.09393825381994247,0.9980000257492065,0.9625999927520752
YFR027W,YKL127W,0,-2.7628622,0.09392940998077393,0.9980000257492065,0.9627000093460083
YHR164C,YOR144C,0,-2.7634497,0.09392057359218597,0.9980000257492065,0.9628000259399414
YMR256C,YOR187W,0,-2.764461,0.09391173720359802,0.9980000257492065,0.9628999829292297
YGL226W,YKR064W,0,-2.7647398,0.09390290081501007,0.9980000257492065,0.9629999995231628
YLR329W,YHR064C,0,-2.7647858,0.09389406442642212,0.9980000257492065,0.963100016117096
YBR046C,YKL217W,0,-2.7651951,0.09388522803783417,0.9980000257492065,0.9631999731063843
YFR050C,YGL022W,0,-2.7652009,0.09387639909982681,0.9980000257492065,0.9632999897003174
YOR001W,YBR255W,0,-2.7655694,0.09386757016181946,0.9980000257492065,0.9634000062942505
YML080W,YGR089W,0,-2.7659116,0.0938587412238121,0.9980000257492065,0.9635000228881836
YEL038W,YJL112W,0,-2.76857,0.09384991228580475,0.9980000257492065,0.9635999798774719
YBL060W,YBR161W,0,-2.7688751,0.09384109079837799,0.9980000257492065,0.963699996471405
YCR067C,YGL161C,0,-2.7690215,0.09383226931095123,0.9980000257492065,0.9638000130653381
YNL216W,YBR067C,0,-2.7714267,0.09382344782352448,0.9980000257492065,0.9639000296592712
YPL092W,YCL058C,0,-2.7721825,0.09381462633609772,0.9980000257492065,0.9639999866485596
YGL029W,YNL128W,0,-2.7730403,0.09380581229925156,0.9980000257492065,0.9641000032424927
YLR178C,YER070W,0,-2.7735865,0.0937969908118248,0.9980000257492065,0.9642000198364258
YFR048W,YDR412W,0,-2.7738175,0.09378817677497864,0.9980000257492065,0.9642999768257141
YBR131W,YGL173C,0,-2.7752466,0.09377936273813248,0.9980000257492065,0.9643999934196472
YPL047W,YER172C,0,-2.7755976,0.09377055615186691,0.9980000257492065,0.9645000100135803
YPL020C,YLR451W,0,-2.7761567,0.09376174211502075,0.9980000257492065,0.9646000266075134
YGL025C,YGL110C,0,-2.7763348,0.09375293552875519,0.9980000257492065,0.9646999835968018
YJL096W,YDL093W,0,-2.7775323,0.09374412894248962,0.9980000257492065,0.9648000001907349
YBR163W,YKL090W,0,-2.7777863,0.09373532235622406,0.9980000257492065,0.964900016784668
YBL034C,YGR212W,0,-2.7778416,0.09372652322053909,0.9980000257492065,0.9649999737739563
YGL195W,YFL033C,0,-2.7783527,0.09371771663427353,0.9980000257492065,0.9650999903678894
YLR051C,YMR316W,0,-2.7792902,0.09370891749858856,0.9980000257492065,0.9652000069618225
YGL083W,YPR168W,0,-2.7810345,0.0937001183629036,0.9980000257492065,0.9653000235557556
YDR383C,YJL083W,0,-2.7822635,0.09369132667779922,0.9980000257492065,0.965399980545044
YOR144C,YKR088C,0,-2.783112,0.09368252754211426,0.9980000257492065,0.965499997138977
YLL062C,YHL027W,0,-2.7863588,0.09367373585700989,0.9980000257492065,0.9656000137329102
YCR009C,YNL312W,0,-2.7877238,0.09366494417190552,0.9980000257492065,0.9656999707221985
YJL095W,YDL230W,0,-2.7890303,0.09365615248680115,0.9980000257492065,0.9657999873161316
YMR159C,YBR185C,0,-2.7898746,0.09364736825227737,0.9980000257492065,0.9659000039100647
YLR004C,YKL012W,0,-2.790141,0.0936385840177536,0.9980000257492065,0.9660000205039978
YNL250W,YML011C,0,-2.7907786,0.09362979978322983,0.9980000257492065,0.9660999774932861
YOR010C,YOR211C,0,-2.7913177,0.09362101554870605,0.9980000257492065,0.9661999940872192
YMR282C,YMR056C,0,-2.791595,0.09361223131418228,0.9980000257492065,0.9663000106811523
YMR247C,YNL063W,1,-2.792407,0.09369724243879318,0.9990000128746033,0.9663000106811523
YBR029C,YMR020W,0,-2.792449,0.09368845820426941,0.9990000128746033,0.9664000272750854
YDR097C,YLR288C,0,-2.7926745,0.09367966651916504,0.9990000128746033,0.9664999842643738
YBR177C,YCL040W,0,-2.7930927,0.09367088973522186,0.9990000128746033,0.9666000008583069
YCR002C,YLR314C,0,-2.793161,0.09366210550069809,0.9990000128746033,0.96670001745224
YER092W,YER171W,0,-2.7940762,0.09365332126617432,0.9990000128746033,0.9667999744415283
YPL146C,YDL080C,0,-2.7984908,0.09364454448223114,0.9990000128746033,0.9668999910354614
YOR205C,YOR043W,0,-2.7996912,0.09363576769828796,0.9990000128746033,0.9670000076293945
YFL022C,YCR020C-A,0,-2.8001482,0.09362699091434479,0.9990000128746033,0.9671000242233276
YBR158W,YFL008W,0,-2.800385,0.09361821413040161,0.9990000128746033,0.967199981212616
YMR170C,YEL037C,0,-2.8006415,0.09360944479703903,0.9990000128746033,0.9672999978065491
YGL251C,YPL021W,0,-2.8006878,0.09360067546367645,0.9990000128746033,0.9674000144004822
YKR024C,YDL001W,0,-2.8025994,0.09359190613031387,0.9990000128746033,0.9674999713897705
YDL227C,YJL053W,0,-2.8036106,0.0935831367969513,0.9990000128746033,0.9675999879837036
YOL054W,YBL055C,0,-2.8049688,0.09357437491416931,0.9990000128746033,0.9677000045776367
YOL054W,YOR115C,0,-2.8057094,0.09356560558080673,0.9990000128746033,0.9678000211715698
YML124C,YKL174C,0,-2.8057432,0.09355684369802475,0.9990000128746033,0.9678999781608582
YER008C,YDR460W,0,-2.8063316,0.09354808181524277,0.9990000128746033,0.9679999947547913
YHR052W,YDL149W,0,-2.8064747,0.09353932738304138,0.9990000128746033,0.9681000113487244
YDR440W,YER168C,0,-2.8070292,0.0935305655002594,0.9990000128746033,0.9682000279426575
YKL026C,YML069W,0,-2.8074315,0.09352181106805801,0.9990000128746033,0.9682999849319458
YKL055C,YDR545W,0,-2.8074732,0.09351305663585663,0.9990000128746033,0.9684000015258789
YLR329W,YOR004W,0,-2.8079135,0.09350430220365524,0.9990000128746033,0.968500018119812
YFR031C,YOR319W,0,-2.8081295,0.09349555522203445,0.9990000128746033,0.9685999751091003
YPL171C,YPL231W,0,-2.8084238,0.09348680824041367,0.9990000128746033,0.9686999917030334
YOL001W,YHR171W,0,-2.8087313,0.09347805380821228,0.9990000128746033,0.9688000082969666
YDR202C,YGL040C,0,-2.8099504,0.09346931427717209,0.9990000128746033,0.9689000248908997
YLR188W,YHL006C,0,-2.810831,0.0934605672955513,0.9990000128746033,0.968999981880188
YPL246C,YOL076W,0,-2.811141,0.09345182776451111,0.9990000128746033,0.9690999984741211
YNL148C,YOR177C,0,-2.8123622,0.09344308078289032,0.9990000128746033,0.9692000150680542
YBR282W,YHL027W,0,-2.8129845,0.09343434125185013,0.9990000128746033,0.9692999720573425
YNR012W,YNL107W,0,-2.813096,0.09342560917139053,0.9990000128746033,0.9693999886512756
YIR026C,YPR141C,0,-2.8135307,0.09341686964035034,0.9990000128746033,0.9695000052452087
YJL162C,YGL112C,0,-2.8140574,0.09340813755989075,0.9990000128746033,0.9696000218391418
YGR113W,YPL235W,0,-2.8157594,0.09339939802885056,0.9990000128746033,0.9696999788284302
YDR059C,YOR229W,0,-2.8166065,0.09339067339897156,0.9990000128746033,0.9697999954223633
YFR043C,YIL123W,0,-2.8173213,0.09338194131851196,0.9990000128746033,0.9699000120162964
YKL101W,YGR262C,0,-2.818159,0.09337320923805237,0.9990000128746033,0.9700000286102295
YJL207C,YDR080W,0,-2.8188555,0.09336448460817337,0.9990000128746033,0.9700999855995178
YKL137W,YHR071W,0,-2.8192966,0.09335575997829437,0.9990000128746033,0.9702000021934509
YMR048W,YFL023W,0,-2.821568,0.09334703534841537,0.9990000128746033,0.970300018787384
YJL006C,YOR129C,0,-2.8218417,0.09333831816911697,0.9990000128746033,0.9703999757766724
YOR155C,YGR253C,0,-2.8219938,0.09332959353923798,0.9990000128746033,0.9704999923706055
YLR115W,YNL210W,0,-2.822072,0.09332087635993958,0.9990000128746033,0.9706000089645386
YDR518W,YKR055W,0,-2.824318,0.09331215918064117,0.9990000128746033,0.9707000255584717
YMR016C,YPL180W,0,-2.8251286,0.09330344945192337,0.9990000128746033,0.97079998254776
YJR135C,YJR095W,0,-2.82513,0.09329473227262497,0.9990000128746033,0.9708999991416931
YNL227C,YOL017W,0,-2.8264456,0.09328602254390717,0.9990000128746033,0.9710000157356262
YDR484W,YMR238W,0,-2.827538,0.09327731281518936,0.9990000128746033,0.9710999727249146
YKR021W,YLL033W,0,-2.8298302,0.09326860308647156,0.9990000128746033,0.9711999893188477
YDR529C,YKR088C,0,-2.8302355,0.09325989335775375,0.9990000128746033,0.9713000059127808
YIL013C,YOR372C,0,-2.8302555,0.09325119107961655,0.9990000128746033,0.9714000225067139
YOR172W,YBR254C,0,-2.830985,0.09324248880147934,0.9990000128746033,0.9714999794960022
YDR456W,YPR135W,0,-2.8309863,0.09323378652334213,0.9990000128746033,0.9715999960899353
YOL090W,YHR061C,0,-2.8314548,0.09322508424520493,0.9990000128746033,0.9717000126838684
YNR039C,YKL116C,0,-2.8322077,0.09321638196706772,0.9990000128746033,0.9718000292778015
YCR034W,YKL062W,0,-2.8324049,0.09320768713951111,0.9990000128746033,0.9718999862670898
YJR031C,YFL055W,0,-2.832583,0.0931989923119545,0.9990000128746033,0.972000002861023
YHR189W,YBR088C,0,-2.8350625,0.09319029748439789,0.9990000128746033,0.972100019454956
YOL013C,YPR155C,0,-2.836616,0.09318160265684128,0.9990000128746033,0.9721999764442444
YER104W,YOR166C,0,-2.8367782,0.09317291527986526,0.9990000128746033,0.9722999930381775
YDR191W,YER095W,0,-2.8368583,0.09316422790288925,0.9990000128746033,0.9724000096321106
YDR368W,YBR136W,0,-2.8371525,0.09315554052591324,0.9990000128746033,0.9725000262260437
YDL106C,YDR240C,0,-2.838351,0.09314685314893723,0.9990000128746033,0.972599983215332
YGL233W,YJL151C,0,-2.8386135,0.09313816577196121,0.9990000128746033,0.9726999998092651
YPL006W,YGL187C,0,-2.838647,0.0931294858455658,0.9990000128746033,0.9728000164031982
YPL002C,YNL252C,0,-2.8402805,0.09312080591917038,0.9990000128746033,0.9728999733924866
YAR007C,YMR059W,0,-2.8419666,0.09311212599277496,0.9990000128746033,0.9729999899864197
YDR178W,YPL151C,0,-2.8436902,0.09310344606637955,0.9990000128746033,0.9731000065803528
YOR008C,YOR010C,0,-2.8447886,0.09309477359056473,0.9990000128746033,0.9732000231742859
YKL006C-A,YJL072C,0,-2.8452854,0.09308610111474991,0.9990000128746033,0.9732999801635742
YNR070W,YCR033W,0,-2.8478053,0.09307742118835449,0.9990000128746033,0.9733999967575073
YLR423C,YDL111C,0,-2.848133,0.09306875616312027,0.9990000128746033,0.9735000133514404
YMR256C,YJR153W,0,-2.8482985,0.09306008368730545,0.9990000128746033,0.9735999703407288
YDR424C,YOL137W,0,-2.8525143,0.09305141866207123,0.9990000128746033,0.9736999869346619
YOR001W,YOR104W,0,-2.854568,0.09304274618625641,0.9990000128746033,0.973800003528595
YOR281C,YML061C,0,-2.8550153,0.09303408116102219,0.9990000128746033,0.9739000201225281
YKL190W,YGR010W,0,-2.858375,0.09302542358636856,0.9990000128746033,0.9739999771118164
YLL040C,YMR202W,0,-2.8607259,0.09301675856113434,0.9990000128746033,0.9740999937057495
YGL200C,YKL193C,0,-2.8614655,0.09300810098648071,0.9990000128746033,0.9742000102996826
YNL001W,YLR329W,0,-2.8642678,0.09299944341182709,0.9990000128746033,0.9743000268936157
YER044C-A,YDL105W,0,-2.8644211,0.09299078583717346,0.9990000128746033,0.974399983882904
YCL061C,YGR083C,0,-2.866277,0.09298212826251984,0.9990000128746033,0.9745000004768372
YKR044W,YBR114W,0,-2.8683019,0.09297347813844681,0.9990000128746033,0.9746000170707703
YJR001W,YCR091W,0,-2.86921,0.09296482056379318,0.9990000128746033,0.9746999740600586
YEL030W,YJL112W,0,-2.8703477,0.09295617043972015,0.9990000128746033,0.9747999906539917
YML029W,YJL208C,0,-2.8711362,0.09294752776622772,0.9990000128746033,0.9749000072479248
YOL031C,YLR128W,0,-2.872892,0.0929388776421547,0.9990000128746033,0.9750000238418579
YGR003W,YER032W,0,-2.8741696,0.09293023496866226,0.9990000128746033,0.9750999808311462
YKR034W,YER058W,0,-2.8744895,0.09292159229516983,0.9990000128746033,0.9751999974250793
YGL029W,YIR002C,0,-2.8750741,0.0929129496216774,0.9990000128746033,0.9753000140190125
YNL263C,YPL110C,0,-2.8755703,0.09290430694818497,0.9990000128746033,0.9753999710083008
YDR424C,YGL228W,0,-2.8782158,0.09289566427469254,0.9990000128746033,0.9754999876022339
YCR010C,YGL249W,0,-2.8782325,0.0928870290517807,0.9990000128746033,0.975600004196167
YJR086W,YPL032C,0,-2.8797107,0.09287839382886887,0.9990000128746033,0.9757000207901001
YLR329W,YNL311C,0,-2.8831143,0.09286975860595703,0.9990000128746033,0.9757999777793884
YDL106C,YDR437W,0,-2.8842554,0.0928611233830452,0.9990000128746033,0.9758999943733215
YFL018C,YJR043C,0,-2.8850384,0.09285249561071396,0.9990000128746033,0.9760000109672546
YDL164C,YDL074C,0,-2.8855114,0.09284386783838272,0.9990000128746033,0.9761000275611877
YDR227W,YOR149C,0,-2.8855197,0.09283524006605148,0.9990000128746033,0.9761999845504761
YNL256W,YKL193C,0,-2.8868217,0.09282661229372025,0.9990000128746033,0.9763000011444092
YLR166C,YLR084C,0,-2.8878207,0.09281798452138901,0.9990000128746033,0.9764000177383423
YGL120C,YDR100W,0,-2.8896499,0.09280936419963837,0.9990000128746033,0.9764999747276306
YDL110C,YJL143W,0,-2.8901992,0.09280074387788773,0.9990000128746033,0.9765999913215637
YDL146W,YOR070C,0,-2.8910506,0.09279212355613708,0.9990000128746033,0.9767000079154968
YKR088C,YOR136W,0,-2.8910835,0.09278350323438644,0.9990000128746033,0.9768000245094299
YOL116W,YMR131C,0,-2.8920074,0.0927748903632164,0.9990000128746033,0.9768999814987183
YOL054W,YOR147W,0,-2.8935618,0.09276627004146576,0.9990000128746033,0.9769999980926514
YGR081C,YHR006W,0,-2.8937345,0.09275765717029572,0.9990000128746033,0.9771000146865845
YOL108C,YMR017W,0,-2.8945093,0.09274905174970627,0.9990000128746033,0.9771999716758728
YFR040W,YGR007W,0,-2.8966687,0.09274043887853622,0.9990000128746033,0.9772999882698059
YBR018C,YDL227C,0,-2.8995829,0.09273182600736618,0.9990000128746033,0.977400004863739
YMR023C,YBR217W,0,-2.8999634,0.09272322058677673,0.9990000128746033,0.9775000214576721
YKL181W,YPL153C,0,-2.9016695,0.09271461516618729,0.9990000128746033,0.9775999784469604
YLR121C,YLR425W,0,-2.9036667,0.09270600974559784,0.9990000128746033,0.9776999950408936
YKL209C,YHR204W,0,-2.9043484,0.09269741177558899,0.9990000128746033,0.9778000116348267
YPL047W,YDR217C,0,-2.9043486,0.09268881380558014,0.9990000128746033,0.9779000282287598
YJL025W,YER015W,0,-2.9061437,0.09268020838499069,0.9990000128746033,0.9779999852180481
YOR236W,YIR002C,0,-2.9076734,0.09267161041498184,0.9990000128746033,0.9781000018119812
YML029W,YOR106W,0,-2.9082808,0.09266301989555359,0.9990000128746033,0.9782000184059143
YDR489W,YIL035C,0,-2.91035,0.09265442192554474,0.9990000128746033,0.9782999753952026
YAL053W,YOL096C,0,-2.9114203,0.09264583140611649,0.9990000128746033,0.9783999919891357
YDR237W,YEL039C,0,-2.912456,0.09263724088668823,0.9990000128746033,0.9785000085830688
YFR038W,YLR181C,0,-2.913783,0.09262865036725998,0.9990000128746033,0.978600025177002
YJL170C,YOL017W,0,-2.914075,0.09262005984783173,0.9990000128746033,0.9786999821662903
YIL005W,YOL065C,0,-2.9143023,0.09261147677898407,0.9990000128746033,0.9787999987602234
YOR386W,YDR120C,0,-2.91441,0.09260289371013641,0.9990000128746033,0.9789000153541565
YMR162C,YLR084C,0,-2.9148893,0.09259431064128876,0.9990000128746033,0.9789999723434448
YCR011C,YKL144C,0,-2.9163275,0.0925857275724411,0.9990000128746033,0.9790999889373779
YPL244C,YBR290W,0,-2.9173899,0.09257714450359344,0.9990000128746033,0.979200005531311
YJR152W,YCR003W,0,-2.9184914,0.09256856888532639,0.9990000128746033,0.9793000221252441
YLR239C,YIL004C,0,-2.9197378,0.09255999326705933,0.9990000128746033,0.9793999791145325
YOR134W,YIL070C,0,-2.920772,0.09255141764879227,0.9990000128746033,0.9794999957084656
YOL013C,YCR067C,0,-2.9218311,0.09254284203052521,0.9990000128746033,0.9796000123023987
YDL232W,YKL057C,0,-2.9229903,0.09253427386283875,0.9990000128746033,0.9797000288963318
YNL063W,YLR069C,1,-2.9259386,0.09261831641197205,1.0,0.9797000288963318
YLR430W,YOL141W,0,-2.927196,0.09260974079370499,1.0,0.9797999858856201
YOR148C,YJL196C,0,-2.9281135,0.09260116517543793,1.0,0.9799000024795532
YPL038W,YGR134W,0,-2.9292452,0.09259258955717087,1.0,0.9800000190734863
YBR087W,YPR079W,0,-2.9304018,0.0925840213894844,1.0,0.9800999760627747
YEL019C,YPL157W,0,-2.9316454,0.09257544577121735,1.0,0.9801999926567078
YDL240W,YNR010W,0,-2.9326725,0.09256687760353088,1.0,0.9803000092506409
YJL133W,YMR322C,0,-2.9334035,0.09255830943584442,1.0,0.980400025844574
YJL203W,YGR075C,0,-2.9334815,0.09254974871873856,1.0,0.9804999828338623
YLR307W,YLR022C,0,-2.9347076,0.0925411805510521,1.0,0.9805999994277954
YBR302C,YNR009W,0,-2.9361854,0.09253261983394623,1.0,0.9807000160217285
YPL180W,YLR209C,0,-2.9373546,0.09252405911684036,1.0,0.9807999730110168
YMR066W,YMR023C,0,-2.9376664,0.0925154983997345,1.0,0.98089998960495
YDR128W,YER027C,0,-2.9382734,0.09250693768262863,1.0,0.9810000061988831
YMR136W,YER168C,0,-2.9383996,0.09249838441610336,1.0,0.9811000227928162
YDR204W,YNR036C,0,-2.9392343,0.0924898236989975,1.0,0.9811999797821045
YGL077C,YPL148C,0,-2.9398613,0.09248127043247223,1.0,0.9812999963760376
YNL312W,YIL160C,0,-2.9407148,0.09247271716594696,1.0,0.9814000129699707
YAR020C,YNL252C,0,-2.942626,0.09246417135000229,1.0,0.9815000295639038
YDR103W,YOL135C,0,-2.942718,0.09245561808347702,1.0,0.9815999865531921
YHR166C,YMR280C,0,-2.9438896,0.09244707226753235,1.0,0.9817000031471252
YDL214C,YOR339C,0,-2.9462125,0.09243852645158768,1.0,0.9818000197410583
YJL155C,YGR261C,0,-2.9482033,0.092429980635643,1.0,0.9818999767303467
YLR360W,YEL044W,0,-2.948749,0.09242144227027893,1.0,0.9819999933242798
YPR066W,YJL187C,0,-2.949067,0.09241290390491486,1.0,0.9821000099182129
YDL235C,YPL253C,0,-2.950272,0.09240435808897018,1.0,0.982200026512146
YGR236C,YBR282W,0,-2.9504385,0.0923958271741867,1.0,0.9822999835014343
YOR125C,YAL051W,0,-2.9524956,0.09238728880882263,1.0,0.9824000000953674
YJL054W,YIL036W,0,-2.9534087,0.09237875044345856,1.0,0.9825000166893005
YML042W,YHR066W,0,-2.9539366,0.09237021952867508,1.0,0.9825999736785889
YBR164C,YJR153W,0,-2.954484,0.0923616886138916,1.0,0.982699990272522
YDL052C,YPL148C,0,-2.9560356,0.09235315769910812,1.0,0.9828000068664551
YER107C,YHR014W,0,-2.95629,0.09234462678432465,1.0,0.9829000234603882
YKL008C,YDR473C,0,-2.9566417,0.09233610332012177,1.0,0.9829999804496765
YDL120W,YDR422C,0,-2.9586496,0.09232757985591888,1.0,0.9830999970436096
YDR402C,YPR190C,0,-2.9596722,0.092319056391716,1.0,0.9832000136375427
YMR247C,YMR048W,0,-2.9599097,0.09231053292751312,1.0,0.983299970626831
YER044C-A,YDR299W,0,-2.9600847,0.09230200946331024,1.0,0.9833999872207642
YMR080C,YNL225C,0,-2.9637485,0.09229349344968796,1.0,0.9835000038146973
YML097C,YBL067C,0,-2.9643898,0.09228497743606567,1.0,0.9836000204086304
YGR003W,YDR470C,0,-2.9645784,0.09227646142244339,1.0,0.9836999773979187
YKR027W,YNL006W,0,-2.9650903,0.0922679454088211,1.0,0.9837999939918518
YLR377C,YNL070W,0,-2.9657426,0.09225943684577942,1.0,0.9839000105857849
YDR296W,YHR096C,0,-2.9663916,0.09225092083215714,1.0,0.984000027179718
YNL039W,YDR325W,0,-2.9665885,0.09224241226911545,1.0,0.9840999841690063
YKL065C,YGR261C,0,-2.9686384,0.09223390370607376,1.0,0.9842000007629395
YJR001W,YDL110C,0,-2.9752977,0.09222540259361267,1.0,0.9843000173568726
YMR017W,YJL050W,0,-2.9753938,0.09221689403057098,1.0,0.9843999743461609
YMR112C,YLR335W,0,-2.9798977,0.0922083929181099,1.0,0.984499990940094
YDR439W,YJL115W,0,-2.9821281,0.0921998918056488,1.0,0.9846000075340271
YGL169W,YDR069C,0,-2.982923,0.09219139069318771,1.0,0.9847000241279602
YPL006W,YPR028W,0,-2.9831135,0.09218288958072662,1.0,0.9847999811172485
YPL270W,YDR347W,0,-2.9853952,0.09217439591884613,1.0,0.9848999977111816
YER112W,YDL087C,0,-2.987237,0.09216590225696564,1.0,0.9850000143051147
YAL062W,YEL016C,0,-2.9877596,0.09215740114450455,1.0,0.9850999712944031
YDL052C,YOL044W,0,-2.9877677,0.09214891493320465,1.0,0.9851999878883362
YLR319C,YLR212C,0,-2.9884815,0.09214042127132416,1.0,0.9853000044822693
YAL044C,YDR440W,0,-2.9921048,0.09213193506002426,1.0,0.9854000210762024
YMR054W,YGL237C,0,-2.9927049,0.09212344884872437,1.0,0.9854999780654907
YBR002C,YGR077C,0,-2.9928014,0.09211496263742447,1.0,0.9855999946594238
YML022W,YDL239C,0,-2.994089,0.09210647642612457,1.0,0.9857000112533569
YAR007C,YGL161C,0,-2.9951897,0.09209799021482468,1.0,0.98580002784729
YOR313C,YOL017W,0,-2.996889,0.09208951145410538,1.0,0.9858999848365784
YLR270W,YPL173W,0,-2.9969625,0.09208103269338608,1.0,0.9860000014305115
YDR096W,YJR074W,0,-2.9975498,0.09207255393266678,1.0,0.9861000180244446
YOL019W,YKL034W,0,-2.9976182,0.09206407517194748,1.0,0.9861999750137329
YNL085W,YNL323W,0,-3.0053396,0.09205560386180878,1.0,0.986299991607666
YGR132C,YHR204W,0,-3.0054293,0.09204712510108948,1.0,0.9864000082015991
YHR034C,YER058W,0,-3.0062714,0.09203865379095078,1.0,0.9865000247955322
YIL132C,YLR295C,0,-3.0077171,0.09203018248081207,1.0,0.9865999817848206
YKL188C,YIL132C,0,-3.0145497,0.09202171862125397,1.0,0.9866999983787537
YOL061W,YGR236C,0,-3.0166774,0.09201324731111526,1.0,0.9868000149726868
YKR053C,YLR154C,0,-3.0166914,0.09200478345155716,1.0,0.9868999719619751
YJL174W,YPL011C,0,-3.0237532,0.09199631959199905,1.0,0.9869999885559082
YCR024C,YEL011W,0,-3.0272088,0.09198785573244095,1.0,0.9871000051498413
YOR362C,YGR080W,0,-3.02815,0.09197939932346344,1.0,0.9872000217437744
YBR068C,YLR382C,0,-3.0291476,0.09197093546390533,1.0,0.9872999787330627
YER107C,YHR209W,0,-3.03113,0.09196247905492783,1.0,0.9873999953269958
YFR038W,YJR097W,0,-3.0354123,0.09195402264595032,1.0,0.987500011920929
YGL145W,YDR356W,0,-3.0355663,0.09194556623697281,1.0,0.9876000285148621
YGL029W,YJR022W,0,-3.0407805,0.0919371172785759,1.0,0.9876999855041504
YIL160C,YOR179C,0,-3.0414426,0.09192866086959839,1.0,0.9878000020980835
YMR036C,YDL111C,0,-3.0426738,0.09192021191120148,1.0,0.9879000186920166
YIL150C,YBR278W,0,-3.0433288,0.09191176295280457,1.0,0.9879999756813049
YOR141C,YHR169W,0,-3.0453415,0.09190331399440765,1.0,0.988099992275238
YLR127C,YMR154C,0,-3.0461771,0.09189487248659134,1.0,0.9882000088691711
YDR424C,YNL130C,0,-3.0486708,0.09188643097877502,1.0,0.9883000254631042
YPR182W,YOR216C,0,-3.049941,0.09187798947095871,1.0,0.9883999824523926
YBL005W,YFL042C,0,-3.0526896,0.0918695479631424,1.0,0.9884999990463257
YDR460W,YPL235W,0,-3.0579844,0.09186110645532608,1.0,0.9886000156402588
YGL053W,YHR119W,0,-3.0648887,0.09185266494750977,1.0,0.9886999726295471
YKR083C,YGL110C,0,-3.0677161,0.09184423089027405,1.0,0.9887999892234802
YHR172W,YEL062W,0,-3.0688758,0.09183579683303833,1.0,0.9889000058174133
YHR001W,YER095W,0,-3.0701797,0.09182736277580261,1.0,0.9890000224113464
YGL180W,YFR051C,0,-3.0715885,0.09181893616914749,1.0,0.9890999794006348
YKL014C,YML109W,0,-3.072587,0.09181050211191177,1.0,0.9891999959945679
YHR096C,YDL093W,0,-3.0726936,0.09180207550525665,1.0,0.989300012588501
YHL024W,YFL014W,0,-3.0728824,0.09179364889860153,1.0,0.9894000291824341
YGL061C,YBR136W,0,-3.0792475,0.09178522229194641,1.0,0.9894999861717224
YDR446W,YPL254W,0,-3.0839918,0.09177679568529129,1.0,0.9896000027656555
YPR158W,YBL037W,0,-3.089404,0.09176837652921677,1.0,0.9897000193595886
YBR202W,YJR152W,0,-3.0929327,0.09175995737314224,1.0,0.989799976348877
YBR077C,YPL217C,0,-3.0937104,0.09175153821706772,1.0,0.9898999929428101
YGR030C,YHR172W,0,-3.0975869,0.0917431190609932,1.0,0.9900000095367432
YPL123C,YJR143C,0,-3.0994084,0.09173469990491867,1.0,0.9901000261306763
YLR115W,YAL034W-A,0,-3.1034958,0.09172628819942474,1.0,0.9901999831199646
YDR520C,YNL290W,0,-3.104228,0.09171787649393082,1.0,0.9902999997138977
YMR175W,YJR159W,0,-3.1048903,0.09170946478843689,1.0,0.9904000163078308
YBR020W,YMR287C,0,-3.1061444,0.09170105308294296,1.0,0.9904999732971191
YDR171W,YKL172W,0,-3.1071217,0.09169264882802963,1.0,0.9905999898910522
YGR215W,YMR271C,0,-3.1093998,0.0916842371225357,1.0,0.9907000064849854
YOR099W,YAL047C,0,-3.1138365,0.09167583286762238,1.0,0.9908000230789185
YDR279W,YCL024W,0,-3.1147263,0.09166742861270905,1.0,0.9908999800682068
YPL195W,YBR107C,0,-3.1170897,0.09165903180837631,1.0,0.9909999966621399
YGL095C,YDL111C,0,-3.1209717,0.09165062755346298,1.0,0.991100013256073
YOL062C,YOR245C,0,-3.1223257,0.09164223074913025,1.0,0.9911999702453613
YGL099W,YDR255C,0,-3.1281056,0.09163383394479752,1.0,0.9912999868392944
YER147C,YPL253C,0,-3.130397,0.09162543714046478,1.0,0.9914000034332275
YNL273W,YMR068W,0,-3.1343906,0.09161704033613205,1.0,0.9915000200271606
YMR302C,YDL198C,0,-3.1344576,0.09160865098237991,1.0,0.991599977016449
YKL144C,YPL011C,0,-3.141535,0.09160025417804718,1.0,0.9916999936103821
YLR406C,YPR135W,0,-3.1433475,0.09159186482429504,1.0,0.9918000102043152
YMR223W,YIR028W,0,-3.1491332,0.09158347547054291,1.0,0.9919000267982483
YBL052C,YOL009C,0,-3.1506882,0.09157509356737137,1.0,0.9919999837875366
YHR034C,YHR184W,0,-3.1509867,0.09156670421361923,1.0,0.9921000003814697
YGL065C,YDR082W,0,-3.153922,0.09155832231044769,1.0,0.9922000169754028
YBL105C,YJL194W,0,-3.1564057,0.09154994040727615,1.0,0.9922999739646912
YBR087W,YDR283C,0,-3.159095,0.09154155850410461,1.0,0.9923999905586243
YGL092W,YLL040C,0,-3.1596124,0.09153318405151367,1.0,0.9925000071525574
YJR065C,YPR139C,0,-3.1611714,0.09152480214834213,1.0,0.9926000237464905
YNL299W,YPL092W,0,-3.1628344,0.09151642769575119,1.0,0.9926999807357788
YPR178W,YDR498C,0,-3.1691594,0.09150805324316025,1.0,0.9927999973297119
YHL030W,YDR423C,0,-3.1764972,0.0914996787905693,1.0,0.992900013923645
YOR132W,YJR131W,0,-3.1787071,0.09149131178855896,1.0,0.9929999709129333
YIR030C,YGR188C,0,-3.186348,0.09148293733596802,1.0,0.9930999875068665
YLR191W,YIR013C,0,-3.199659,0.09147457033395767,1.0,0.9932000041007996
YGR264C,YKR049C,0,-3.2004042,0.09146620333194733,1.0,0.9933000206947327
YLR221C,YOL063C,0,-3.201014,0.09145783632993698,1.0,0.993399977684021
YBR030W,YJR089W,0,-3.2016065,0.09144947677850723,1.0,0.9934999942779541
YOR187W,YDR204W,0,-3.2034464,0.09144110977649689,1.0,0.9936000108718872
YPR001W,YLL062C,0,-3.206823,0.09143275022506714,1.0,0.9937000274658203
YGR109C,YOR026W,0,-3.2102349,0.09142439067363739,1.0,0.9937999844551086
YGR020C,YBR081C,0,-3.2138386,0.09141603112220764,1.0,0.9939000010490417
YDR130C,YGR221C,0,-3.216631,0.09140767902135849,1.0,0.9940000176429749
YIL048W,YGL198W,0,-3.2240756,0.09139932692050934,1.0,0.9940999746322632
YPL112C,YLR377C,0,-3.2255085,0.09139096736907959,1.0,0.9941999912261963
YDR518W,YDL178W,0,-3.2310693,0.09138262271881104,1.0,0.9943000078201294
YIL034C,YLR039C,0,-3.2325134,0.09137427061796188,1.0,0.9944000244140625
YGR230W,YOR243C,0,-3.2353978,0.09136591851711273,1.0,0.9944999814033508
YMR318C,YKL129C,0,-3.2415166,0.09135757386684418,1.0,0.9945999979972839
YNL127W,YBL057C,0,-3.2427552,0.09134922921657562,1.0,0.994700014591217
YIL093C,YMR036C,0,-3.2487845,0.09134088456630707,1.0,0.9947999715805054
YOR075W,YGR145W,0,-3.2604167,0.09133253991603851,1.0,0.9948999881744385
YCR057C,YAR035W,0,-3.2631197,0.09132420271635056,1.0,0.9950000047683716
YOR064C,YJR134C,0,-3.2735283,0.091315858066082,1.0,0.9951000213623047
YIR026C,YIL072W,0,-3.2801,0.09130752086639404,1.0,0.995199978351593
YOR381W,YJL166W,0,-3.290102,0.09129919111728668,1.0,0.9952999949455261
YER016W,YBR097W,0,-3.2926066,0.09129085391759872,1.0,0.9954000115394592
YLR135W,YIL110W,0,-3.295394,0.09128251671791077,1.0,0.9955000281333923
YML009C,YHL024W,0,-3.3025959,0.0912741869688034,1.0,0.9955999851226807
YKL034W,YML092C,0,-3.303133,0.09126585721969604,1.0,0.9957000017166138
YML068W,YLL002W,0,-3.3101645,0.09125752747058868,1.0,0.9958000183105469
YGL246C,YLR307W,0,-3.3133278,0.09124920517206192,1.0,0.9958999752998352
YGR213C,YNR022C,0,-3.3135915,0.09124087542295456,1.0,0.9959999918937683
YPR189W,YFL053W,0,-3.3193998,0.0912325531244278,1.0,0.9961000084877014
YMR127C,YGR278W,0,-3.3215039,0.09122423082590103,1.0,0.9962000250816345
YPL020C,YDL033C,0,-3.323182,0.09121590852737427,1.0,0.9962999820709229
YDR337W,YJL048C,0,-3.3255384,0.0912075862288475,1.0,0.996399998664856
YLR103C,YDR369C,0,-3.328106,0.09119927138090134,1.0,0.9965000152587891
YOR187W,YOR245C,0,-3.3341699,0.09119095653295517,1.0,0.9965999722480774
YML059C,YKL090W,0,-3.344747,0.091182641685009,1.0,0.9966999888420105
YIL143C,YPL183C,0,-3.3490977,0.09117432683706284,1.0,0.9968000054359436
YDR298C,YHR051W,0,-3.3493423,0.09116601198911667,1.0,0.9969000220298767
YBL009W,YOL034W,0,-3.3574762,0.0911577045917511,1.0,0.996999979019165
YNL202W,YDR322W,0,-3.358397,0.09114939719438553,1.0,0.9970999956130981
YDL143W,YDR255C,0,-3.35934,0.09114108979701996,1.0,0.9972000122070312
YNL082W,YIL073C,0,-3.3784316,0.09113278239965439,1.0,0.9973000288009644
YMR133W,YIL133C,0,-3.4052424,0.09112447500228882,1.0,0.9973999857902527
YKR050W,YNR009W,0,-3.4156404,0.09111617505550385,1.0,0.9975000023841858
YGR043C,YIL145C,0,-3.4356768,0.09110787510871887,1.0,0.9976000189781189
YLR077W,YBR033W,0,-3.4405167,0.0910995751619339,1.0,0.9976999759674072
YJL094C,YDR116C,0,-3.447522,0.09109127521514893,1.0,0.9977999925613403
YDR130C,YHL016C,0,-3.4537053,0.09108297526836395,1.0,0.9979000091552734
YER147C,YPR141C,0,-3.4921374,0.09107468277215958,1.0,0.9980000257492065
YLR321C,YPR193C,0,-3.4960475,0.0910663902759552,1.0,0.9980999827384949
YOR202W,YGR236C,0,-3.4972665,0.09105809777975082,1.0,0.998199999332428
YOL104C,YBR282W,0,-3.5123963,0.09104980528354645,1.0,0.9983000159263611
YNL090W,YGL219C,0,-3.5169346,0.09104151278734207,1.0,0.9983999729156494
YPL004C,YGL256W,0,-3.5284786,0.09103322774171829,1.0,0.9984999895095825
YOR026W,YLR070C,0,-3.5317671,0.09102494269609451,1.0,0.9986000061035156
YOL033W,YJL089W,0,-3.5377426,0.09101665765047073,1.0,0.9987000226974487
YKL189W,YLL002W,0,-3.5451665,0.09100837260484695,1.0,0.9987999796867371
YGL219C,YER118C,0,-3.5845566,0.09100008755922318,1.0,0.9988999962806702
YGL053W,YML080W,0,-3.5986629,0.09099180996417999,1.0,0.9990000128746033
YKL178C,YOR337W,0,-3.617929,0.09098353236913681,1.0,0.9991000294685364
YBR185C,YGL156W,0,-3.630582,0.09097525477409363,1.0,0.9991999864578247
YJL122W,YLR457C,0,-3.6446552,0.09096697717905045,1.0,0.9993000030517578
YGR094W,YOR328W,0,-3.6563826,0.09095870703458786,1.0,0.9994000196456909
YKL065C,YBR185C,0,-3.7467546,0.09095042943954468,1.0,0.9994999766349792
YEL050C,YNL116W,0,-3.7510602,0.09094215929508209,1.0,0.9995999932289124
YNR043W,YMR040W,0,-3.8360817,0.0909338891506195,1.0,0.9997000098228455
YMR322C,YDR116C,0,-3.8640895,0.09092562645673752,1.0,0.9998000264167786
YHL024W,YNR027W,0,-4.0834765,0.09091735631227493,1.0,0.9998999834060669
YDR005C,YBR186W,0,-5.1556034,0.09090909361839294,1.0,1.0
