Gene A,Gene B,Label,Score,Precision,Recall,False Positive Rate
YDL143W,YER018C,0,-4.4440107,0.0,0.0,0.00011074197391280904
YDR208W,YIL073C,0,-4.4543185,0.0,0.0,0.0002214839478256181
YPR025C,YMR073C,0,-4.5185432,0.0,0.0,0.0003322258999105543
YDR459C,YGL066W,1,-4.5459723,0.25,0.0011074197245761752,0.0003322258999105543
YDR459C,YGR002C,1,-4.5504956,0.4000000059604645,0.0022148394491523504,0.0003322258999105543
YGL018C,YLR248W,0,-4.5538483,0.3333333432674408,0.0022148394491523504,0.0004429678956512362
YDR459C,YDR145W,1,-4.560945,0.4285714328289032,0.003322259057313204,0.0004429678956512362
YDR145W,YHR099W,1,-4.5865173,0.5,0.004429678898304701,0.0004429678956512362
YJL081C,YBR198C,1,-4.5971303,0.5555555820465088,0.005537098739296198,0.0004429678956512362
YKR027W,YGR041W,0,-4.597611,0.5,0.005537098739296198,0.0005537098622880876
YDL244W,YIL144W,0,-4.598474,0.4545454680919647,0.005537098739296198,0.0006644517998211086
YFL050C,YDR182W,0,-4.599274,0.4166666567325592,0.005537098739296198,0.0007751937955617905
YHR160C,YJR049C,0,-4.602787,0.38461539149284363,0.005537098739296198,0.0008859357913024724
YAL054C,YDR167W,1,-4.6181097,0.4285714328289032,0.006644518114626408,0.0008859357913024724
YKL179C,YJR135C,0,-4.620499,0.4000000059604645,0.006644518114626408,0.0009966777870431542
YNL054W,YIL039W,0,-4.6297197,0.375,0.006644518114626408,0.0011074197245761752
YER133W,YML010W,0,-4.6301675,0.3529411852359772,0.006644518114626408,0.0012181616621091962
YLR085C,YPL060W,0,-4.6342454,0.3333333432674408,0.006644518114626408,0.0013289035996422172
YER068W,YGL045W,0,-4.6444144,0.31578946113586426,0.006644518114626408,0.00143964565359056
YCR098C,YOR304W,0,-4.6608467,0.30000001192092896,0.006644518114626408,0.001550387591123581
YKL135C,YGR217W,0,-4.663607,0.2857142984867096,0.006644518114626408,0.001661129528656602
YLR195C,YOR064C,1,-4.665,0.3181818127632141,0.007751937955617905,0.001661129528656602
YGR216C,YGL025C,0,-4.665795,0.30434781312942505,0.007751937955617905,0.0017718715826049447
YOR076C,YNR023W,0,-4.667413,0.2916666567325592,0.007751937955617905,0.0018826135201379657
YOL110W,YGR002C,1,-4.683185,0.3199999928474426,0.008859357796609402,0.0018826135201379657
YEL029C,YDR397C,0,-4.683329,0.3076923191547394,0.008859357796609402,0.0019933555740863085
YBL103C,YOR270C,0,-4.69471,0.29629629850387573,0.008859357796609402,0.0021040975116193295
YMR077C,YPL283C,0,-4.6981783,0.2857142984867096,0.008859357796609402,0.0022148394491523504
YIL167W,YDL058W,0,-4.6985145,0.27586206793785095,0.008859357796609402,0.0023255813866853714
YLR377C,YGR267C,0,-4.706062,0.2666666805744171,0.008859357796609402,0.0024363233242183924
YDL200C,YCR008W,0,-4.7068677,0.25806450843811035,0.008859357796609402,0.0025470652617514133
YJL183W,YDR477W,0,-4.708203,0.25,0.008859357796609402,0.0026578071992844343
YDR459C,YDR167W,1,-4.709124,0.27272728085517883,0.009966777637600899,0.0026578071992844343
YNL039W,YBR129C,0,-4.710987,0.2647058963775635,0.009966777637600899,0.002768549369648099
YNL199C,YMR167W,0,-4.7127833,0.2571428716182709,0.009966777637600899,0.00287929130718112
YGL048C,YIL031W,0,-4.713613,0.25,0.009966777637600899,0.002990033244714141
YFL024C,YOR064C,1,-4.7214613,0.2702702581882477,0.011074197478592396,0.002990033244714141
YFL024C,YDR167W,1,-4.721718,0.28947368264198303,0.012181616388261318,0.002990033244714141
YOL077W-A,YJL183W,0,-4.7234893,0.28205129504203796,0.012181616388261318,0.003100775182247162
YCR008W,YOR256C,0,-4.7298007,0.2750000059604645,0.012181616388261318,0.003211517119780183
YLL042C,YNL004W,0,-4.7319617,0.26829269528388977,0.012181616388261318,0.003322259057313204
YKL048C,YDL244W,0,-4.732574,0.261904776096344,0.012181616388261318,0.003433000994846225
YGL201C,YBR089C-A,0,-4.737697,0.25581395626068115,0.012181616388261318,0.0035437431652098894
YCR044C,YDL076C,0,-4.7408166,0.25,0.012181616388261318,0.0036544851027429104
YNL268W,YLR107W,0,-4.743389,0.24444444477558136,0.012181616388261318,0.0037652270402759314
YNL136W,YDR459C,1,-4.760323,0.260869562625885,0.013289036229252815,0.0037652270402759314
YKR048C,YOL144W,0,-4.764475,0.25531914830207825,0.013289036229252815,0.0038759689778089523
YHR169W,YOL017W,0,-4.76753,0.25,0.013289036229252815,0.003986711148172617
YLR034C,YHR039C-A,0,-4.76956,0.2448979616165161,0.013289036229252815,0.004097452852874994
YCR094W,YIL073C,0,-4.769891,0.23999999463558197,0.013289036229252815,0.004208195023238659
YDR320C-A,YFR005C,0,-4.7701473,0.23529411852359772,0.013289036229252815,0.004318936727941036
YOL077W-A,YIR026C,0,-4.7735276,0.23076923191547394,0.013289036229252815,0.004429678898304701
YJR082C,YMR236W,1,-4.7762427,0.24528302252292633,0.014396456070244312,0.004429678898304701
YOL077W-A,YDR137W,0,-4.7782326,0.24074074625968933,0.014396456070244312,0.004540420603007078
YKL192C,YLR016C,0,-4.778233,0.23636363446712494,0.014396456070244312,0.004651162773370743
YER183C,YBR103W,0,-4.7840333,0.2321428507566452,0.014396456070244312,0.004761904943734407
YDR260C,YKL214C,0,-4.78543,0.22807016968727112,0.014396456070244312,0.004872646648436785
YMR042W,YGL013C,0,-4.7855086,0.22413793206214905,0.014396456070244312,0.004983388818800449
YOL042W,YNR023W,0,-4.786562,0.22033898532390594,0.014396456070244312,0.005094130523502827
YBR294W,YOR332W,0,-4.786648,0.21666666865348816,0.014396456070244312,0.005204872693866491
YPR131C,YMR236W,1,-4.7902026,0.2295081913471222,0.01550387591123581,0.005204872693866491
YJL146W,YNL032W,0,-4.791114,0.22580644488334656,0.01550387591123581,0.005315614398568869
YEL056W,YHR090C,1,-4.7938437,0.2380952388048172,0.016611294820904732,0.005315614398568869
YDR145W,YHR090C,1,-4.801806,0.25,0.017718715593218803,0.005315614398568869
YJR040W,YKL079W,0,-4.801986,0.2461538463830948,0.017718715593218803,0.005426356568932533
YDR227W,YML025C,0,-4.808997,0.24242424964904785,0.017718715593218803,0.005537098739296198
YNL251C,YER111C,0,-4.8101964,0.23880596458911896,0.017718715593218803,0.005647840443998575
YLR220W,YJR084W,0,-4.8108497,0.23529411852359772,0.017718715593218803,0.00575858261436224
YOR023C,YJR082C,1,-4.812277,0.24637681245803833,0.018826134502887726,0.00575858261436224
YMR277W,YGL025C,0,-4.812681,0.24285714328289032,0.018826134502887726,0.005869324319064617
YFR024C-A,YDR027C,0,-4.8147197,0.23943662643432617,0.018826134502887726,0.005980066489428282
YPL001W,YBR198C,1,-4.8187194,0.25,0.019933555275201797,0.005980066489428282
YHL006C,YDR381W,0,-4.819429,0.24657534062862396,0.019933555275201797,0.006090808194130659
YDR312W,YKL041W,0,-4.820416,0.2432432472705841,0.019933555275201797,0.006201550364494324
YOR034C,YDR167W,1,-4.8205423,0.25333333015441895,0.02104097418487072,0.006201550364494324
YOR039W,YBR201W,0,-4.8217454,0.25,0.02104097418487072,0.006312292534857988
YNL136W,YEL056W,1,-4.8262715,0.25974026322364807,0.02214839495718479,0.006312292534857988
YJR082C,YPL001W,1,-4.8278103,0.26923078298568726,0.023255813866853714,0.006312292534857988
YFL039C,YBR081C,1,-4.828709,0.27848100662231445,0.024363232776522636,0.006312292534857988
YNR035C,YFR046C,0,-4.8287845,0.2750000059604645,0.024363232776522636,0.006423034239560366
YPL193W,YDR079C-A,0,-4.831384,0.2716049253940582,0.024363232776522636,0.00653377640992403
YBR272C,YER007W,0,-4.8314323,0.26829269528388977,0.024363232776522636,0.006644518114626408
YOR023C,YIL009W,1,-4.8316665,0.27710843086242676,0.025470653548836708,0.006644518114626408
YLR145W,YAL009W,0,-4.8358016,0.2738095223903656,0.025470653548836708,0.006755260284990072
YGR002C,YDR167W,1,-4.841397,0.2823529541492462,0.02657807245850563,0.006755260284990072
YAL026C,YHR158C,0,-4.8438296,0.27906978130340576,0.02657807245850563,0.00686600198969245
YOR171C,YPL268W,0,-4.844266,0.27586206793785095,0.02657807245850563,0.006976744160056114
YOL008W,YNL230C,0,-4.8443155,0.27272728085517883,0.02657807245850563,0.007087486330419779
YPL140C,YGL151W,0,-4.845038,0.26966291666030884,0.02657807245850563,0.007198228035122156
YBR273C,YLR360W,0,-4.845711,0.2666666805744171,0.02657807245850563,0.007308970205485821
YGR002C,YBR198C,1,-4.8465085,0.2747252881526947,0.027685493230819702,0.007308970205485821
YJL058C,YDR394W,0,-4.8465543,0.27173912525177,0.027685493230819702,0.007419711910188198
YGL065C,YBR276C,0,-4.8483357,0.2688172161579132,0.027685493230819702,0.007530454080551863
YCR044C,YKL020C,0,-4.848519,0.26595744490623474,0.027685493230819702,0.00764119578525424
YCL016C,YMR167W,0,-4.848975,0.2631579041481018,0.027685493230819702,0.007751937955617905
YJL081C,YJR082C,1,-4.8501015,0.2708333432674408,0.028792912140488625,0.007751937955617905
YDR141C,YOR057W,0,-4.852191,0.2680412232875824,0.028792912140488625,0.007862679660320282
YFL031W,YBR082C,0,-4.8524833,0.26530611515045166,0.028792912140488625,0.007973422296345234
YNL192W,YDR469W,0,-4.8526692,0.2626262605190277,0.028792912140488625,0.008084164001047611
YHR073W,YBR258C,0,-4.8528123,0.25999999046325684,0.028792912140488625,0.008194905705749989
YMR275C,YOR087W,0,-4.8544726,0.2574257552623749,0.028792912140488625,0.008305647410452366
YEL056W,YOL148C,1,-4.8547187,0.2647058963775635,0.029900332912802696,0.008305647410452366
YHR013C,YGR002C,1,-4.8558807,0.27184465527534485,0.03100775182247162,0.008305647410452366
YHR152W,YKL203C,0,-4.859156,0.26923078298568726,0.03100775182247162,0.008416390046477318
YBR196C,YMR137C,0,-4.8597493,0.2666666805744171,0.03100775182247162,0.008527131751179695
YLR431C,YLR277C,0,-4.860376,0.2641509473323822,0.03100775182247162,0.008637873455882072
YOL110W,YDR167W,1,-4.860966,0.2710280418395996,0.03211517259478569,0.008637873455882072
YDR022C,YJL065C,0,-4.8617115,0.26851850748062134,0.03211517259478569,0.008748616091907024
YLR382C,YDR057W,0,-4.862246,0.26605504751205444,0.03211517259478569,0.008859357796609402
YDR365C,YBR165W,0,-4.8653197,0.26363635063171387,0.03211517259478569,0.008970099501311779
YAL044C,YKL034W,0,-4.867215,0.2612612545490265,0.03211517259478569,0.009080841206014156
YCL066W,YPR072W,0,-4.8706307,0.2589285671710968,0.03211517259478569,0.009191583842039108
YBL019W,YOR321W,0,-4.871223,0.2566371560096741,0.03211517259478569,0.009302325546741486
YER133W,YOR172W,0,-4.877336,0.25438597798347473,0.03211517259478569,0.009413067251443863
YDR448W,YDR459C,1,-4.878882,0.260869562625885,0.033222589641809464,0.009413067251443863
YPL268W,YKL015W,0,-4.8793263,0.2586206793785095,0.033222589641809464,0.009523809887468815
YIL106W,YER161C,0,-4.8850007,0.25641027092933655,0.033222589641809464,0.009634551592171192
YPL001W,YDR145W,1,-4.8856616,0.26271185278892517,0.034330010414123535,0.009634551592171192
YCL001W,YER005W,0,-4.886971,0.26050421595573425,0.034330010414123535,0.00974529329687357
YPL167C,YOR210W,0,-4.8869753,0.25833332538604736,0.034330010414123535,0.009856035001575947
YBR060C,YLR141W,0,-4.8886867,0.25619834661483765,0.034330010414123535,0.009966777637600899
YNL136W,YBR198C,1,-4.8894773,0.26229506731033325,0.03543743118643761,0.009966777637600899
YNL136W,YOL110W,1,-4.890961,0.26829269528388977,0.03654485195875168,0.009966777637600899
YML081C-A,YPR067W,0,-4.8912635,0.2661290466785431,0.03654485195875168,0.010077519342303276
YDR167W,YHR099W,1,-4.8914,0.2720000147819519,0.03765226900577545,0.010077519342303276
YOR023C,YPR131C,1,-4.8915377,0.2777777910232544,0.03875968977808952,0.010077519342303276
YNL039W,YER028C,0,-4.8924384,0.27559053897857666,0.03875968977808952,0.010188261047005653
YLR231C,YPR113W,0,-4.8928127,0.2734375,0.03875968977808952,0.010299003683030605
YFL050C,YGL145W,0,-4.8940396,0.27131783962249756,0.03875968977808952,0.010409745387732983
YLL022C,YBR081C,1,-4.894198,0.2769230902194977,0.039867110550403595,0.010409745387732983
YOR275C,YMR106C,0,-4.8977017,0.2748091518878937,0.039867110550403595,0.01052048709243536
YML062C,YDL028C,0,-4.900907,0.27272728085517883,0.039867110550403595,0.010631228797137737
YOR034C,YOL148C,1,-4.901728,0.27819550037384033,0.04097452759742737,0.010631228797137737
YFL024C,YOL148C,1,-4.9021926,0.28358209133148193,0.04208194836974144,0.010631228797137737
YLR220W,YDR439W,0,-4.9033656,0.28148147463798523,0.04208194836974144,0.01074197143316269
YGL194C,YDR456W,0,-4.905416,0.27941176295280457,0.04208194836974144,0.010852713137865067
YDR142C,YDR146C,0,-4.907861,0.277372270822525,0.04208194836974144,0.010963454842567444
YJR082C,YDR459C,1,-4.9094844,0.28260868787765503,0.04318936914205551,0.010963454842567444
YGR169C,YMR190C,0,-4.910106,0.28057554364204407,0.04318936914205551,0.011074197478592396
YCR028C,YKL108W,0,-4.910337,0.2785714268684387,0.04318936914205551,0.011184939183294773
YDL098C,YJL036W,0,-4.910731,0.27659574151039124,0.04318936914205551,0.01129568088799715
YAR002W,YCR008W,0,-4.9118886,0.27464789152145386,0.04318936914205551,0.011406422592699528
YJR084W,YER032W,0,-4.9120107,0.27272728085517883,0.04318936914205551,0.01151716522872448
YKR054C,YJL184W,0,-4.9124575,0.2708333432674408,0.04318936914205551,0.011627906933426857
YER169W,YFL017W-A,0,-4.9129395,0.2689655125141144,0.04318936914205551,0.011738648638129234
YBR198C,YMR236W,1,-4.918063,0.27397260069847107,0.04429678991436958,0.011738648638129234
YOL148C,YDR126W,1,-4.91913,0.2789115607738495,0.045404206961393356,0.011738648638129234
YOL008W,YER087C-B,0,-4.920324,0.27702704071998596,0.045404206961393356,0.011849391274154186
YKR036C,YKL019W,0,-4.9206147,0.2751677930355072,0.045404206961393356,0.011960132978856564
YDL006W,YGL207W,0,-4.921745,0.273333340883255,0.045404206961393356,0.012070874683558941
YKL190W,YHR001W,0,-4.9222207,0.2715231776237488,0.045404206961393356,0.012181616388261318
YDR141C,YCR066W,0,-4.9253516,0.2697368562221527,0.045404206961393356,0.01229235902428627
YBR023C,YPR178W,0,-4.9268594,0.2679738700389862,0.045404206961393356,0.012403100728988647
YDR524C,YDL245C,0,-4.9277077,0.26623377203941345,0.045404206961393356,0.012513842433691025
YOR002W,YPL097W,0,-4.9282765,0.26451611518859863,0.045404206961393356,0.012624585069715977
YNL101W,YMR076C,0,-4.928686,0.2628205120563507,0.045404206961393356,0.012735326774418354
YJL081C,YDR167W,1,-4.928859,0.2675159275531769,0.04651162773370743,0.012735326774418354
YHR067W,YGR121C,0,-4.9292583,0.26582279801368713,0.04651162773370743,0.012846068479120731
YCR020W-B,YGL048C,0,-4.93168,0.2641509473323822,0.04651162773370743,0.012956810183823109
YIR013C,YBR077C,0,-4.9319263,0.26249998807907104,0.04651162773370743,0.01306755281984806
YPR018W,YBR254C,0,-4.936642,0.260869562625885,0.04651162773370743,0.013178294524550438
YKL176C,YFL033C,0,-4.9366984,0.25925925374031067,0.04651162773370743,0.013289036229252815
YDL040C,YGR002C,1,-4.9379706,0.2638036906719208,0.0476190485060215,0.013289036229252815
YOR034C,YGL066W,1,-4.9384,0.26829269528388977,0.04872646555304527,0.013289036229252815
YDR228C,YBL055C,0,-4.938711,0.2666666805744171,0.04872646555304527,0.013399778865277767
YPL021W,YDL115C,0,-4.939616,0.2650602459907532,0.04872646555304527,0.013510520569980145
YGL223C,YOL129W,0,-4.9416976,0.2634730637073517,0.04872646555304527,0.013621262274682522
YJL024C,YGL058W,0,-4.9434357,0.261904776096344,0.04872646555304527,0.0137320039793849
YOL121C,YOL004W,0,-4.9434676,0.26035502552986145,0.04872646555304527,0.013842746615409851
YGL065C,YGL172W,0,-4.943972,0.25882354378700256,0.04872646555304527,0.013953488320112228
YNR072W,YHR050W,0,-4.944123,0.2573099434375763,0.04872646555304527,0.014064230024814606
YGL066W,YOL110W,1,-4.946179,0.2616279125213623,0.049833886325359344,0.014064230024814606
YCR071C,YMR076C,0,-4.9471416,0.2601155936717987,0.049833886325359344,0.014174972660839558
YIL112W,YDL232W,0,-4.9471927,0.2586206793785095,0.049833886325359344,0.014285714365541935
YJL115W,YPR023C,1,-4.9478536,0.2628571391105652,0.050941307097673416,0.014285714365541935
YDL117W,YAL034W-A,0,-4.948961,0.2613636255264282,0.050941307097673416,0.014396456070244312
YFL029C,YHR115C,0,-4.9496326,0.2598870098590851,0.050941307097673416,0.01450719777494669
YFL024C,YHR099W,1,-4.9496484,0.26404494047164917,0.05204872786998749,0.01450719777494669
YPL060W,YCL017C,0,-4.9509983,0.2625698447227478,0.05204872786998749,0.014617940410971642
YCL066W,YMR234W,0,-4.951696,0.2611111104488373,0.05204872786998749,0.014728682115674019
YBR049C,YGL070C,0,-4.954204,0.2596684992313385,0.05204872786998749,0.014839423820376396
YOL110W,YMR236W,1,-4.9554896,0.2637362778186798,0.05315614491701126,0.014839423820376396
YHR083W,YKL020C,0,-4.956869,0.26229506731033325,0.05315614491701126,0.014950166456401348
YBL016W,YDL140C,0,-4.9572225,0.260869562625885,0.05315614491701126,0.015060908161103725
YFL021W,YKL020C,0,-4.9574027,0.2594594657421112,0.05315614491701126,0.015171649865806103
YNL281W,YBL041W,0,-4.9581347,0.25806450843811035,0.05315614491701126,0.01528239157050848
YIL036W,YEL018W,0,-4.958876,0.25668448209762573,0.05315614491701126,0.015393134206533432
YBR296C,YNL167C,0,-4.959061,0.25531914830207825,0.05315614491701126,0.01550387591123581
YMR069W,YHR099W,1,-4.9592586,0.25925925374031067,0.05426356568932533,0.01550387591123581
YGR267C,YLR425W,0,-4.9600234,0.25789472460746765,0.05426356568932533,0.015614617615938187
YGL194C,YHL009C,0,-4.960643,0.2565445005893707,0.05426356568932533,0.015725359320640564
YLR274W,YDR443C,0,-4.9606853,0.2552083432674408,0.05426356568932533,0.01583610102534294
YDL175C,YIL038C,0,-4.9610224,0.25388601422309875,0.05426356568932533,0.015946844592690468
YNL037C,YDR314C,0,-4.9616494,0.2525773048400879,0.05426356568932533,0.016057586297392845
YKL005C,YJL008C,0,-4.9627624,0.25128206610679626,0.05426356568932533,0.016168328002095222
YDL101C,YPL234C,0,-4.96374,0.25,0.05426356568932533,0.0162790697067976
YGR036C,YGR133W,0,-4.963865,0.24873095750808716,0.05426356568932533,0.016389811411499977
YNL029C,YMR153W,0,-4.9646273,0.24747474491596222,0.05426356568932533,0.016500553116202354
YHR050W,YPL020C,0,-4.964911,0.24623115360736847,0.05426356568932533,0.016611294820904732
YPR075C,YGL011C,0,-4.9652634,0.24500000476837158,0.05426356568932533,0.01672203838825226
YPR131C,YBR198C,1,-4.9662757,0.24875621497631073,0.055370986461639404,0.01672203838825226
YDL090C,YML029W,0,-4.9664207,0.24752475321292877,0.055370986461639404,0.016832780092954636
YIL004C,YMR275C,0,-4.967031,0.2463054209947586,0.055370986461639404,0.016943521797657013
YPL069C,YFR005C,0,-4.9674754,0.2450980395078659,0.055370986461639404,0.01705426350235939
YDL040C,YGL066W,1,-4.9676967,0.2487804889678955,0.05647840350866318,0.01705426350235939
YPR122W,YPL177C,0,-4.968971,0.24757280945777893,0.05647840350866318,0.017165005207061768
YFL039C,YNL136W,1,-4.9698124,0.25120773911476135,0.05758582428097725,0.017165005207061768
YNL004W,YKL059C,0,-4.9703126,0.25,0.05758582428097725,0.017275746911764145
YJL065C,YDR473C,0,-4.9720774,0.24880382418632507,0.05758582428097725,0.017386488616466522
YPR037C,YGL020C,0,-4.972197,0.24761904776096344,0.05758582428097725,0.01749723218381405
YJL124C,YPL140C,0,-4.9727283,0.24644549190998077,0.05758582428097725,0.017607973888516426
YPL155C,YEL037C,0,-4.9739976,0.24528302252292633,0.05758582428097725,0.017718715593218803
YML081C-A,YOL042W,0,-4.9753375,0.24413146078586578,0.05758582428097725,0.01782945729792118
YDR205W,YGR212W,0,-4.975831,0.2429906576871872,0.05758582428097725,0.017940199002623558
YNR067C,YDL064W,0,-4.976627,0.24186046421527863,0.05758582428097725,0.018050940707325935
YHR188C,YBL008W,0,-4.9778867,0.24074074625968933,0.05758582428097725,0.018161682412028313
YDL040C,YBR081C,1,-4.9783974,0.24423962831497192,0.05869324505329132,0.018161682412028313
YGR143W,YOR069W,0,-4.9792466,0.2431192696094513,0.05869324505329132,0.01827242597937584
YCL031C,YLR410W,0,-4.979715,0.24200913310050964,0.05869324505329132,0.018383167684078217
YPL149W,YDR062W,0,-4.9800477,0.24090908467769623,0.05869324505329132,0.018493909388780594
YHL048W,YOR037W,0,-4.980143,0.2398190051317215,0.05869324505329132,0.01860465109348297
YLR060W,YKR062W,0,-4.9818788,0.2387387454509735,0.05869324505329132,0.01871539279818535
YCR039C,YER151C,0,-4.983245,0.23766815662384033,0.05869324505329132,0.018826134502887726
YJR082C,YFL024C,1,-4.985857,0.2410714328289032,0.05980066582560539,0.018826134502887726
YJL081C,YBR081C,1,-4.987271,0.24444444477558136,0.060908082872629166,0.018826134502887726
YHR096C,YOR322C,0,-4.987432,0.24336282908916473,0.060908082872629166,0.018936876207590103
YLR114C,YCR075C,0,-4.9874625,0.24229075014591217,0.060908082872629166,0.01904761977493763
YOR257W,YFL017W-A,0,-4.9875627,0.24122807383537292,0.060908082872629166,0.019158361479640007
YGL027C,YDR320C-A,0,-4.988181,0.24017466604709625,0.060908082872629166,0.019269103184342384
YML061C,YMR077C,0,-4.989632,0.239130437374115,0.060908082872629166,0.01937984488904476
YFL050C,YLR248W,0,-4.98968,0.2380952388048172,0.060908082872629166,0.01949058659374714
YDR017C,YMR218C,0,-4.9905763,0.23706896603107452,0.060908082872629166,0.019601328298449516
YOL110W,YBR198C,1,-4.991094,0.2403433471918106,0.06201550364494324,0.019601328298449516
YLR011W,YER007W,0,-4.9914174,0.23931623995304108,0.06201550364494324,0.019712070003151894
YLR314C,YFL017W-A,0,-4.992209,0.23829787969589233,0.06201550364494324,0.01982281357049942
YLL042C,YNL027W,0,-4.9923816,0.23728813230991364,0.06201550364494324,0.019933555275201797
YGL100W,YDL128W,0,-4.9928174,0.236286923289299,0.06201550364494324,0.020044296979904175
YER019W,YDR422C,0,-4.993201,0.23529411852359772,0.06201550364494324,0.020155038684606552
YJR017C,YMR313C,0,-4.993465,0.2343096286058426,0.06201550364494324,0.02026578038930893
YPR037C,YBR170C,0,-4.9935746,0.23333333432674408,0.06201550364494324,0.020376522094011307
YPR105C,YOR180C,0,-4.9938264,0.23236514627933502,0.06201550364494324,0.020487263798713684
YLR403W,YER148W,0,-4.994245,0.23140496015548706,0.06201550364494324,0.02059800736606121
YJL115W,YPR131C,1,-4.994248,0.23456789553165436,0.06312292069196701,0.02059800736606121
YMR167W,YDR328C,0,-4.9945345,0.23360656201839447,0.06312292069196701,0.020708749070763588
YLL002W,YDR145W,1,-4.9947915,0.23673468828201294,0.06423034518957138,0.020708749070763588
YPR111W,YMR073C,0,-4.9957776,0.23577235639095306,0.06423034518957138,0.020819490775465965
YOR034C,YHR099W,1,-4.9965796,0.2388664036989212,0.06533776223659515,0.020819490775465965
YIL095W,YOR212W,0,-4.9976163,0.23790322244167328,0.06533776223659515,0.020930232480168343
YJL115W,YPL129W,1,-4.998333,0.2409638613462448,0.06644517928361893,0.020930232480168343
YLR314C,YOR099W,0,-4.9983897,0.23999999463558197,0.06644517928361893,0.02104097418487072
YMR240C,YDR205W,0,-4.9985595,0.23904383182525635,0.06644517928361893,0.021151715889573097
YGL124C,YOR127W,0,-4.998617,0.2380952388048172,0.06644517928361893,0.021262457594275475
YDL088C,YNR031C,0,-4.998628,0.23715415596961975,0.06644517928361893,0.021373201161623
YNL084C,YIL173W,0,-4.9987626,0.23622047901153564,0.06644517928361893,0.02148394286632538
YBR233W-A,YMR106C,0,-5.00077,0.23529411852359772,0.06644517928361893,0.021594684571027756
YLR274W,YDR386W,0,-5.0041747,0.234375,0.06644517928361893,0.021705426275730133
YJL081C,YPL001W,1,-5.0043454,0.2373540848493576,0.0675526037812233,0.021705426275730133
YJL209W,YOR212W,0,-5.004377,0.23643410205841064,0.0675526037812233,0.02181616798043251
YPR100W,YMR197C,0,-5.0047636,0.23552124202251434,0.0675526037812233,0.021926909685134888
YFL024C,YGR147C,1,-5.005007,0.23846153914928436,0.06866002082824707,0.021926909685134888
YDL088C,YKL173W,0,-5.005276,0.2375478893518448,0.06866002082824707,0.022037651389837265
YGR169C,YMR089C,0,-5.00544,0.23664122819900513,0.06866002082824707,0.02214839495718479
YLR078C,YFR033C,0,-5.0057006,0.23574145138263702,0.06866002082824707,0.02225913666188717
YJR082C,YNL326C,1,-5.006369,0.23863635957241058,0.06976744532585144,0.02225913666188717
YNL326C,YHR090C,1,-5.0065484,0.24150943756103516,0.07087486237287521,0.02225913666188717
YDL102W,YMR022W,0,-5.006979,0.24060150980949402,0.07087486237287521,0.022369878366589546
YFR040W,YKL175W,0,-5.0074697,0.23970037698745728,0.07087486237287521,0.022480620071291924
YPR131C,YCL010C,1,-5.0083976,0.24253731966018677,0.07198227941989899,0.022480620071291924
YIR010W,YLR025W,0,-5.008926,0.24163569509983063,0.07198227941989899,0.0225913617759943
YHR181W,YDR372C,0,-5.009128,0.24074074625968933,0.07198227941989899,0.022702103480696678
YLR215C,YOR373W,0,-5.009977,0.2398523986339569,0.07198227941989899,0.022812845185399055
YMR138W,YGR163W,0,-5.0103126,0.2389705926179886,0.07198227941989899,0.022923588752746582
YOR023C,YDR459C,1,-5.010879,0.24175824224948883,0.07308970391750336,0.022923588752746582
YLR095C,YMR190C,0,-5.010899,0.24087591469287872,0.07308970391750336,0.02303433045744896
YLR114C,YCL032W,0,-5.0117846,0.23999999463558197,0.07308970391750336,0.023145072162151337
YJR017C,YDR200C,0,-5.0133367,0.239130437374115,0.07308970391750336,0.023255813866853714
YPR131C,YGR002C,1,-5.0134025,0.2418772578239441,0.07419712096452713,0.023255813866853714
YDR167W,YBR198C,1,-5.013486,0.24460431933403015,0.0753045380115509,0.023255813866853714
YDR421W,YOL077W-A,0,-5.0142093,0.24372759461402893,0.0753045380115509,0.02336655557155609
YNL307C,YOR098C,0,-5.0159216,0.24285714328289032,0.0753045380115509,0.02347729727625847
YER117W,YPR086W,0,-5.0163794,0.24199287593364716,0.0753045380115509,0.023588038980960846
YOR250C,YHR001W,0,-5.017101,0.24113474786281586,0.0753045380115509,0.023698782548308372
YOL110W,YDR145W,1,-5.0178967,0.24381625652313232,0.07641196250915527,0.023698782548308372
YKL205W,YPL192C,0,-5.0197725,0.24295774102210999,0.07641196250915527,0.02380952425301075
YBR164C,YOR290C,0,-5.0200076,0.24210526049137115,0.07641196250915527,0.023920265957713127
YEL056W,YCL010C,1,-5.0202208,0.24475523829460144,0.07751937955617905,0.023920265957713127
YOR023C,YHR099W,1,-5.020456,0.24738675355911255,0.07862679660320282,0.023920265957713127
YFR024C-A,YDR456W,0,-5.0205545,0.2465277761220932,0.07862679660320282,0.024031007662415504
YAL021C,YPL016W,0,-5.0214987,0.2456747442483902,0.07862679660320282,0.024141749367117882
YKL074C,YEL051W,0,-5.0220246,0.24482758343219757,0.07862679660320282,0.02425249107182026
YJL031C,YKL138C-A,0,-5.022342,0.24398624897003174,0.07862679660320282,0.024363232776522636
YMR014W,YFR040W,0,-5.0225496,0.24315068125724792,0.07862679660320282,0.024473976343870163
YLR238W,YJL087C,0,-5.0232787,0.24232082068920135,0.07862679660320282,0.02458471804857254
YGL190C,YLR052W,0,-5.0249186,0.24149659276008606,0.07862679660320282,0.024695459753274918
YIL051C,YPL020C,0,-5.0264325,0.24067796766757965,0.07862679660320282,0.024806201457977295
YJL081C,YIL009W,1,-5.0266757,0.2432432472705841,0.07973422110080719,0.024806201457977295
YJL058C,YPR134W,0,-5.027344,0.24242424964904785,0.07973422110080719,0.024916943162679672
YGR002C,YHR099W,1,-5.027737,0.24496644735336304,0.08084163814783096,0.024916943162679672
YER167W,YBL020W,0,-5.028168,0.2441471517086029,0.08084163814783096,0.02502768486738205
YOL077W-A,YHR143W-A,0,-5.028874,0.2433333396911621,0.08084163814783096,0.025138426572084427
YCR038C,YNL029C,0,-5.0290027,0.2425249218940735,0.08084163814783096,0.025249170139431953
YFL056C,YDR346C,0,-5.0294523,0.24172185361385345,0.08084163814783096,0.02535991184413433
YPR057W,YOR025W,0,-5.029532,0.24092409014701843,0.08084163814783096,0.025470653548836708
YDL074C,YNL127W,0,-5.030447,0.24013157188892365,0.08084163814783096,0.025581395253539085
YIL009W,YOL148C,1,-5.0315614,0.2426229566335678,0.08194905519485474,0.025581395253539085
YNL094W,YAR002W,0,-5.032217,0.24183006584644318,0.08194905519485474,0.025692136958241463
YLR155C,YLR145W,0,-5.032536,0.2410423457622528,0.08194905519485474,0.02580287866294384
YPR124W,YBR133C,0,-5.032725,0.24025973677635193,0.08194905519485474,0.025913620367646217
YCR040W,YBR050C,0,-5.033813,0.23948219418525696,0.08194905519485474,0.026024363934993744
YEL056W,YMR069W,1,-5.0338597,0.24193547666072845,0.0830564796924591,0.026024363934993744
YCR071C,YDL042C,0,-5.034162,0.24115756154060364,0.0830564796924591,0.02613510563969612
YIR019C,YGR104C,0,-5.035047,0.24038460850715637,0.0830564796924591,0.0262458473443985
YJR040W,YER020W,0,-5.0370464,0.23961661756038666,0.0830564796924591,0.026356589049100876
YPR037C,YDR409W,0,-5.0378323,0.23885349929332733,0.0830564796924591,0.026467330753803253
YDL226C,YKL070W,0,-5.0380635,0.2380952388048172,0.0830564796924591,0.02657807245850563
YPL001W,YDR167W,1,-5.038645,0.2405063360929489,0.08416389673948288,0.02657807245850563
YDL031W,YHR157W,0,-5.039062,0.23974762856960297,0.08416389673948288,0.026688814163208008
YOL117W,YIL129C,0,-5.039173,0.23899370431900024,0.08416389673948288,0.026799557730555534
YER164W,YBR283C,0,-5.0399375,0.23824451863765717,0.08416389673948288,0.02691029943525791
YIL061C,YGR048W,0,-5.0403037,0.23749999701976776,0.08416389673948288,0.02702104113996029
YIL040W,YOR269W,0,-5.0416207,0.23676012456417084,0.08416389673948288,0.027131782844662666
YOR250C,YBR165W,0,-5.0416446,0.23602484166622162,0.08416389673948288,0.027242524549365044
YMR138W,YPR075C,0,-5.0418463,0.23529411852359772,0.08416389673948288,0.02735326625406742
YOL151W,YMR091C,0,-5.042225,0.23456789553165436,0.08416389673948288,0.0274640079587698
YNL118C,YOR098C,0,-5.0422397,0.23384615778923035,0.08416389673948288,0.027574751526117325
YPL078C,YLR442C,0,-5.0424,0.23312883079051971,0.08416389673948288,0.027685493230819702
YLR195C,YHR099W,1,-5.0428405,0.23547400534152985,0.08527132123708725,0.027685493230819702
YDR457W,YML021C,0,-5.04291,0.23475609719753265,0.08527132123708725,0.02779623493552208
YKL139W,YGR116W,0,-5.0431848,0.23404255509376526,0.08527132123708725,0.027906976640224457
YGR267C,YPR067W,0,-5.04356,0.23333333432674408,0.08527132123708725,0.028017718344926834
YHR053C,YJL085W,0,-5.043612,0.23262840509414673,0.08527132123708725,0.02812846004962921
YDR106W,YFL009W,0,-5.043669,0.23192770779132843,0.08527132123708725,0.02823920175433159
YKL114C,YAR031W,0,-5.0444818,0.231231227517128,0.08527132123708725,0.028349945321679115
YDR123C,YPL130W,0,-5.0445848,0.23053891956806183,0.08527132123708725,0.028460687026381493
YGL155W,YCL069W,0,-5.044603,0.22985073924064636,0.08527132123708725,0.02857142873108387
YKL015W,YGR143W,0,-5.0446653,0.2291666716337204,0.08527132123708725,0.028682170435786247
YMR183C,YMR284W,0,-5.047334,0.22848664224147797,0.08527132123708725,0.028792912140488625
YAR019C,YDL105W,0,-5.0483427,0.22781065106391907,0.08527132123708725,0.028903653845191002
YNL271C,YOR060C,0,-5.0483556,0.22713863849639893,0.08527132123708725,0.02901439554989338
YJL081C,YMR069W,1,-5.0501213,0.2294117659330368,0.08637873828411102,0.02901439554989338
YER149C,YIL056W,0,-5.0503345,0.22873900830745697,0.08637873828411102,0.029125139117240906
YKL006C-A,YDR457W,0,-5.0504785,0.22807016968727112,0.08637873828411102,0.029235880821943283
YOL026C,YOR229W,0,-5.050667,0.22740525007247925,0.08637873828411102,0.02934662252664566
YEL056W,YGR002C,1,-5.0521398,0.22965116798877716,0.0874861553311348,0.02934662252664566
YNL136W,YDR145W,1,-5.0525103,0.23188406229019165,0.08859357982873917,0.02934662252664566
YIL051C,YMR268C,0,-5.053849,0.23121386766433716,0.08859357982873917,0.029457364231348038
YDR126W,YBR198C,1,-5.0538974,0.23342940211296082,0.08970099687576294,0.029457364231348038
YFR033C,YIL061C,0,-5.054725,0.23275862634181976,0.08970099687576294,0.029568105936050415
YGR261C,YGR141W,0,-5.0554414,0.23209169507026672,0.08970099687576294,0.029678847640752792
YIL046W,YDR276C,0,-5.0555053,0.2314285784959793,0.08970099687576294,0.02978958934545517
YDR118W,YMR113W,0,-5.056025,0.23076923191547394,0.08970099687576294,0.029900332912802696
YOL133W,YDR490C,0,-5.05611,0.23011364042758942,0.08970099687576294,0.030011074617505074
YLR310C,YBR042C,0,-5.056829,0.22946175932884216,0.08970099687576294,0.03012181632220745
YJL081C,YHR099W,1,-5.057009,0.23163841664791107,0.09080841392278671,0.03012181632220745
YKR072C,YBR105C,0,-5.057653,0.23098590970039368,0.09080841392278671,0.030232558026909828
YFL024C,YDR145W,1,-5.0578713,0.233146071434021,0.09191583842039108,0.030232558026909828
YIL009W,YEL066W,1,-5.05794,0.23529411852359772,0.09302325546741486,0.030232558026909828
YHR034C,YDL225W,0,-5.058434,0.23463687300682068,0.09302325546741486,0.030343299731612206
YMR288W,YJL183W,0,-5.058926,0.23398329317569733,0.09302325546741486,0.030454041436314583
YAR042W,YOL128C,0,-5.059379,0.23333333432674408,0.09302325546741486,0.03056478314101696
YPL200W,YBR123C,0,-5.0593905,0.23268698155879974,0.09302325546741486,0.030675526708364487
YNL117W,YCR037C,0,-5.059416,0.23204420506954193,0.09302325546741486,0.030786268413066864
YGR157W,YJL134W,0,-5.060439,0.23140496015548706,0.09302325546741486,0.03089701011776924
YKL179C,YOL026C,0,-5.0606437,0.23076923191547394,0.09302325546741486,0.03100775182247162
YNL258C,YHL031C,0,-5.061475,0.23013699054718018,0.09302325546741486,0.031118493527173996
YOR063W,YCL005W-A,0,-5.062141,0.2295081913471222,0.09302325546741486,0.031229235231876373
YER032W,YMR113W,0,-5.0624647,0.2288828343153,0.09302325546741486,0.03133997693657875
YNL264C,YKL041W,0,-5.063811,0.22826087474822998,0.09302325546741486,0.03145071864128113
YPR131C,YDR126W,1,-5.064209,0.23035229742527008,0.09413067251443863,0.03145071864128113
YDL175C,YKR048C,0,-5.0645175,0.22972972691059113,0.09413067251443863,0.031561460345983505
YNL326C,YOR064C,1,-5.064914,0.2318059355020523,0.095238097012043,0.031561460345983505
YMR044W,YHR106W,0,-5.065526,0.23118279874324799,0.095238097012043,0.03167220205068588
YIL120W,YIL139C,0,-5.0658507,0.2305629998445511,0.095238097012043,0.03178294748067856
YOR109W,YGL070C,0,-5.0662518,0.22994652390480042,0.095238097012043,0.031893689185380936
YNR023W,YOL102C,0,-5.066259,0.2293333262205124,0.095238097012043,0.03200443089008331
YMR161W,YOL090W,0,-5.06671,0.228723406791687,0.095238097012043,0.03211517259478569
YFL013C,YER151C,0,-5.0668597,0.2281167060136795,0.095238097012043,0.03222591429948807
YFL039C,YNL326C,1,-5.066881,0.230158731341362,0.09634551405906677,0.03222591429948807
YMR056C,YGL173C,0,-5.066914,0.22955144941806793,0.09634551405906677,0.032336656004190445
YNL250W,YKL154W,0,-5.067443,0.22894737124443054,0.09634551405906677,0.03244739770889282
YGL071W,YHR204W,0,-5.0675883,0.22834645211696625,0.09634551405906677,0.0325581394135952
YPL001W,YLL022C,1,-5.0682397,0.23036649823188782,0.09745293110609055,0.0325581394135952
YFL057C,YDR137W,0,-5.0685897,0.22976501286029816,0.09745293110609055,0.03266888111829758
YOL115W,YDR498C,0,-5.068924,0.2291666716337204,0.09745293110609055,0.032779622822999954
YOL165C,YKR062W,0,-5.06926,0.22857142984867096,0.09745293110609055,0.03289036452770233
YOR034C,YGR002C,1,-5.0704093,0.23056994378566742,0.09856035560369492,0.03289036452770233
YCL004W,YER074W-A,0,-5.072061,0.229974165558815,0.09856035560369492,0.03300110623240471
YNL339C,YJR120W,0,-5.072328,0.22938144207000732,0.09856035560369492,0.033111847937107086
YPR023C,YHR099W,1,-5.0733657,0.2313624620437622,0.09966777265071869,0.033111847937107086
YPR042C,YER008C,0,-5.0738435,0.23076923191547394,0.09966777265071869,0.033222589641809464
YHL048W,YGR129W,0,-5.073938,0.23017902672290802,0.09966777265071869,0.03333333507180214
YJL061W,YPL016W,0,-5.0740957,0.22959183156490326,0.09966777265071869,0.03344407677650452
YJL168C,YER018C,0,-5.0742683,0.22900763154029846,0.09966777265071869,0.033554818481206894
YKL203C,YDR207C,0,-5.0743556,0.22842639684677124,0.09966777265071869,0.03366556018590927
YKL220C,YDL217C,0,-5.074383,0.2278480976819992,0.09966777265071869,0.03377630189061165
YPL096C-A,YNL016W,0,-5.074732,0.22727273404598236,0.09966777265071869,0.033887043595314026
YBR098W,YLR337C,0,-5.074963,0.22670024633407593,0.09966777265071869,0.0339977853000164
YGR119C,YDR166C,0,-5.0750575,0.2261306494474411,0.09966777265071869,0.03410852700471878
YGR056W,YOR084W,0,-5.07653,0.2255639135837555,0.09966777265071869,0.03421926870942116
YPL149W,YDR218C,0,-5.0772414,0.22499999403953552,0.09966777265071869,0.034330010414123535
YER015W,YBR198C,1,-5.0781264,0.22693267464637756,0.10077519714832306,0.034330010414123535
YCL032W,YDL217C,0,-5.078489,0.22636815905570984,0.10077519714832306,0.03444075211882591
YLR056W,YDL109C,0,-5.078626,0.22580644488334656,0.10077519714832306,0.03455149382352829
YER114C,YNL037C,0,-5.08022,0.22524753212928772,0.10077519714832306,0.03466223552823067
YJL154C,YHR135C,0,-5.0804667,0.22469136118888855,0.10077519714832306,0.034772977232933044
YJL081C,YMR236W,1,-5.0806,0.2266009896993637,0.10188261419534683,0.034772977232933044
YBR029C,YDR464W,0,-5.0807805,0.22604422271251678,0.10188261419534683,0.03488372266292572
YFL039C,YIL009W,1,-5.0809574,0.22794117033481598,0.1029900312423706,0.03488372266292572
YBR081C,YHR099W,1,-5.08097,0.2298288494348526,0.10409745573997498,0.03488372266292572
YPR128C,YIR018W,0,-5.08104,0.22926829755306244,0.10409745573997498,0.0349944643676281
YFL039C,YJR082C,1,-5.0810604,0.2311435490846634,0.10520487278699875,0.0349944643676281
YKR065C,YDR079C-A,0,-5.0814734,0.23058252036571503,0.10520487278699875,0.035105206072330475
YEL056W,YBR081C,1,-5.08215,0.23244552314281464,0.10631228983402252,0.035105206072330475
YGR224W,YGL173C,0,-5.0822196,0.23188406229019165,0.10631228983402252,0.03521594777703285
YHR013C,YDR145W,1,-5.0823193,0.23373493552207947,0.10741971433162689,0.03521594777703285
YPL001W,YDR126W,1,-5.0824347,0.23557692766189575,0.10852713137865067,0.03521594777703285
YGR230W,YHR135C,0,-5.0833383,0.2350119948387146,0.10852713137865067,0.03532668948173523
YJL146W,YDR478W,0,-5.083465,0.23444975912570953,0.10852713137865067,0.03543743118643761
YHR171W,YDL225W,0,-5.08389,0.23389022052288055,0.10852713137865067,0.035548172891139984
YJL081C,YGL066W,1,-5.0840597,0.23571428656578064,0.10963454842567444,0.035548172891139984
YGL084C,YDR386W,0,-5.084557,0.235154390335083,0.10963454842567444,0.03565891459584236
YPR182W,YBL034C,0,-5.086021,0.23459716141223907,0.10963454842567444,0.03576965630054474
YOL042W,YBR289W,0,-5.086377,0.23404255509376526,0.10963454842567444,0.035880398005247116
YEL056W,YBR198C,1,-5.086819,0.2358490526676178,0.11074197292327881,0.035880398005247116
YDR378C,YKR095W-A,0,-5.088053,0.23529411852359772,0.11074197292327881,0.03599113970994949
YML078W,YHR050W,0,-5.088382,0.23474177718162537,0.11074197292327881,0.03610188141465187
YKL048C,YOL090W,0,-5.088429,0.23419204354286194,0.11074197292327881,0.03621262311935425
YKL208W,YNL197C,0,-5.0884323,0.23364485800266266,0.11074197292327881,0.036323364824056625
YHR013C,YDR126W,1,-5.0885186,0.2354312390089035,0.11184938997030258,0.036323364824056625
YJL081C,YPR131C,1,-5.088975,0.23720930516719818,0.11295680701732635,0.036323364824056625
YOR351C,YIL051C,0,-5.0891137,0.23665893077850342,0.11295680701732635,0.0364341102540493
YPR201W,YOR298C-A,0,-5.089953,0.2361111044883728,0.11295680701732635,0.03654485195875168
YDR409W,YHR039C-A,0,-5.090704,0.23556582629680634,0.11295680701732635,0.036655593663454056
YIL040W,YKL175W,0,-5.0921965,0.23502303659915924,0.11295680701732635,0.03676633536815643
YMR138W,YDR166C,0,-5.0928493,0.2344827651977539,0.11295680701732635,0.03687707707285881
YJL033W,YFL036W,0,-5.0930247,0.23394495248794556,0.11295680701732635,0.03698781877756119
YFR021W,YPL007C,0,-5.0931435,0.23340961337089539,0.11295680701732635,0.037098560482263565
YJR082C,YNL136W,1,-5.0936913,0.23515981435775757,0.11406423151493073,0.037098560482263565
YJR084W,YML103C,0,-5.094042,0.23462414741516113,0.11406423151493073,0.03720930218696594
YAL041W,YPL125W,0,-5.0940547,0.2340909093618393,0.11406423151493073,0.03732004389166832
YGL005C,YNL131W,0,-5.0941186,0.23356008529663086,0.11406423151493073,0.0374307855963707
YCR020W-B,YHR157W,0,-5.094167,0.23303167521953583,0.11406423151493073,0.037541527301073074
YER112W,YDL002C,0,-5.0944123,0.2325056493282318,0.11406423151493073,0.03765226900577545
YER015W,YIL009W,1,-5.0950627,0.23423422873020172,0.1151716485619545,0.03765226900577545
YPL022W,YPL007C,0,-5.09557,0.23370786011219025,0.1151716485619545,0.03776301071047783
YOL077W-A,YLR215C,0,-5.0958705,0.2331838607788086,0.1151716485619545,0.037873752415180206
YBR081C,YGR002C,1,-5.0962434,0.23489932715892792,0.11627907305955887,0.037873752415180206
YMR240C,YGR202C,0,-5.0967,0.234375,0.11627907305955887,0.03798449784517288
YGL005C,YDR310C,0,-5.0967913,0.23385301232337952,0.11627907305955887,0.03809523954987526
YDL013W,YKL045W,0,-5.0969296,0.23333333432674408,0.11627907305955887,0.03820598125457764
YGL166W,YKR014C,0,-5.097465,0.2328159660100937,0.11627907305955887,0.038316722959280014
YPL145C,YDR243C,0,-5.097672,0.23230087757110596,0.11627907305955887,0.03842746466398239
YEL066W,YPL129W,1,-5.098183,0.23399558663368225,0.11738649010658264,0.03842746466398239
YER051W,YDR529C,0,-5.0984325,0.23348017036914825,0.11738649010658264,0.03853820636868477
YIL037C,YER151C,0,-5.098631,0.23296703398227692,0.11738649010658264,0.038648948073387146
YIL035C,YKR008W,0,-5.0987487,0.23245614767074585,0.11738649010658264,0.03875968977808952
YNL020C,YER087C-B,0,-5.100022,0.23194748163223267,0.11738649010658264,0.0388704314827919
YLR310C,YLR081W,0,-5.1001153,0.23144105076789856,0.11738649010658264,0.03898117318749428
YBR002C,YOR270C,0,-5.101089,0.23093682527542114,0.11738649010658264,0.039091914892196655
YOR023C,YPL001W,1,-5.101106,0.23260869085788727,0.11849390715360641,0.039091914892196655
YOR221C,YCL032W,0,-5.101242,0.2321041226387024,0.11849390715360641,0.03920265659689903
YHR059W,YFR040W,0,-5.101501,0.23160172998905182,0.11849390715360641,0.03931339830160141
YPL195W,YGR281W,0,-5.101775,0.23110151290893555,0.11849390715360641,0.03942414000630379
YBL014C,YDR293C,0,-5.1018605,0.2306034415960312,0.11849390715360641,0.03953488543629646
YAL021C,YHR004C,0,-5.1019607,0.23010753095149994,0.11849390715360641,0.03964562714099884
YDL074C,YBR015C,0,-5.1028886,0.22961373627185822,0.11849390715360641,0.03975636884570122
YKL025C,YJL093C,0,-5.103314,0.22912205755710602,0.11849390715360641,0.039867110550403595
YIR004W,YPL101W,0,-5.1036153,0.22863247990608215,0.11849390715360641,0.03997785225510597
YBR198C,YOR064C,1,-5.103629,0.2302771806716919,0.11960133165121078,0.03997785225510597
YGL223C,YDL106C,0,-5.104136,0.22978723049163818,0.11960133165121078,0.04008859395980835
YLR026C,YGL145W,0,-5.1050105,0.2292993664741516,0.11960133165121078,0.04019933566451073
YLR207W,YDL170W,0,-5.1057105,0.2288135588169098,0.11960133165121078,0.040310077369213104
YOL143C,YDR532C,0,-5.105749,0.22832980751991272,0.11960133165121078,0.04042081907391548
YDR379W,YCR067C,0,-5.1067624,0.2278480976819992,0.11960133165121078,0.04053156077861786
YEL034W,YBL034C,0,-5.106884,0.22736841440200806,0.11960133165121078,0.040642302483320236
YOL077W-A,YDR170C,0,-5.1077394,0.22689075767993927,0.11960133165121078,0.040753044188022614
YEL027W,YDR057W,0,-5.107756,0.22641509771347046,0.11960133165121078,0.04086378589272499
YOR346W,YNL032W,0,-5.1078186,0.22594141960144043,0.11960133165121078,0.04097452759742737
YPR068C,YDR170C,0,-5.1078715,0.22546972334384918,0.11960133165121078,0.041085273027420044
YJR150C,YOL026C,0,-5.1080227,0.22499999403953552,0.11960133165121078,0.04119601473212242
YPR111W,YDL090C,0,-5.108416,0.22453223168849945,0.11960133165121078,0.0413067564368248
YGR170W,YER041W,0,-5.108843,0.22406639158725739,0.11960133165121078,0.041417498141527176
YPL242C,YJR135C,0,-5.109002,0.22360248863697052,0.11960133165121078,0.04152823984622955
YMR281W,YOL012C,0,-5.1091685,0.22314049303531647,0.11960133165121078,0.04163898155093193
YBR102C,YJR131W,0,-5.1092215,0.22268041968345642,0.11960133165121078,0.04174972325563431
YPR105C,YDR195W,0,-5.109767,0.2222222238779068,0.11960133165121078,0.041860464960336685
YPR023C,YEL056W,1,-5.1100426,0.223819300532341,0.12070874869823456,0.041860464960336685
YDR481C,YBR218C,0,-5.110078,0.22336065769195557,0.12070874869823456,0.04197120666503906
YDL106C,YKL175W,0,-5.1101694,0.22290389239788055,0.12070874869823456,0.04208194836974144
YJL081C,YFL024C,1,-5.110622,0.22448979318141937,0.12181616574525833,0.04208194836974144
YML091C,YGL244W,0,-5.110863,0.22403258085250854,0.12181616574525833,0.04219269007444382
YNL136W,YPL001W,1,-5.111328,0.22560974955558777,0.1229235902428627,0.04219269007444382
YHR204W,YPR181C,0,-5.111506,0.2251521348953247,0.1229235902428627,0.042303431779146194
YPR131C,YGL066W,1,-5.1117687,0.2267206460237503,0.12403100728988647,0.042303431779146194
YPR083W,YDL116W,0,-5.1117806,0.226262629032135,0.12403100728988647,0.04241417348384857
YNL221C,YDR356W,0,-5.112268,0.22580644488334656,0.12403100728988647,0.04252491518855095
YER169W,YFL036W,0,-5.112433,0.22535210847854614,0.12403100728988647,0.042635660618543625
YDR320C-A,YMR008C,0,-5.1126585,0.22489960491657257,0.12403100728988647,0.042746402323246
YFR014C,YHR074W,0,-5.1128135,0.22444890439510345,0.12403100728988647,0.04285714402794838
YGR097W,YLR181C,0,-5.1132812,0.2240000069141388,0.12403100728988647,0.04296788573265076
YBL006C,YGR156W,0,-5.1136026,0.2235528975725174,0.12403100728988647,0.043078627437353134
YLR265C,YBR240C,0,-5.113757,0.22310757637023926,0.12403100728988647,0.04318936914205551
YLL009C,YOR362C,0,-5.1138806,0.222664013504982,0.12403100728988647,0.04330011084675789
YJL081C,YHR090C,1,-5.1145577,0.22420634329319,0.12513843178749084,0.04330011084675789
YBR057C,YIR022W,0,-5.1152,0.2237623780965805,0.12513843178749084,0.043410852551460266
YPL101W,YPL118W,0,-5.1154323,0.2233201563358307,0.12513843178749084,0.04352159425616264
YCL017C,YBR168W,0,-5.116282,0.22287967801094055,0.12513843178749084,0.04363233596086502
YKR068C,YDR309C,0,-5.1165757,0.2224409431219101,0.12513843178749084,0.0437430776655674
YKR027W,YDR320C,0,-5.1166453,0.22200392186641693,0.12513843178749084,0.043853819370269775
YNL161W,YAL047C,0,-5.1172423,0.22156862914562225,0.12513843178749084,0.04396456107497215
YJL146W,YOR060C,0,-5.117254,0.22113503515720367,0.12513843178749084,0.04407530277967453
YJL025W,YGL049C,0,-5.1173625,0.220703125,0.12513843178749084,0.044186048209667206
YIL053W,YCL074W,0,-5.117512,0.22027289867401123,0.12513843178749084,0.04429678991436958
YGR254W,YNR072W,0,-5.1183715,0.21984435617923737,0.12513843178749084,0.04440753161907196
YDR448W,YMR236W,1,-5.119017,0.2213592231273651,0.12624584138393402,0.04440753161907196
YPR020W,YOR056C,0,-5.1193757,0.22093023359775543,0.12624584138393402,0.04451827332377434
YNL219C,YER022W,0,-5.1198025,0.22050289809703827,0.12624584138393402,0.044629015028476715
YPR017C,YDL216C,0,-5.120424,0.22007721662521362,0.12624584138393402,0.04473975673317909
YKR028W,YLR369W,0,-5.120785,0.2196531742811203,0.12624584138393402,0.04485049843788147
YMR137C,YJL204C,0,-5.1208844,0.2192307710647583,0.12624584138393402,0.04496124014258385
YLR310C,YKL085W,0,-5.1212964,0.21880997717380524,0.12624584138393402,0.045071981847286224
YOR249C,YIL105C,0,-5.12162,0.2183908075094223,0.12624584138393402,0.0451827235519886
YDL230W,YCR033W,0,-5.122302,0.2179732322692871,0.12624584138393402,0.04529346525669098
YDR461W,YLR166C,0,-5.12258,0.21755725145339966,0.12624584138393402,0.045404206961393356
YNL113W,YPR054W,0,-5.122891,0.21714285016059875,0.12624584138393402,0.045514948666095734
YOR130C,YCR060W,0,-5.1229,0.2167300432920456,0.12624584138393402,0.04562569037079811
YGL194C,YDL002C,0,-5.122947,0.2163187861442566,0.12624584138393402,0.04573643580079079
YGL066W,YMR236W,1,-5.122998,0.21780303120613098,0.1273532658815384,0.04573643580079079
YJL081C,YEL056W,1,-5.123677,0.2192816585302353,0.12846069037914276,0.04573643580079079
YNL317W,YPL192C,0,-5.1244926,0.2188679277896881,0.12846069037914276,0.045847177505493164
YGR144W,YBL055C,0,-5.124542,0.2184557467699051,0.12846069037914276,0.04595791921019554
YIL038C,YBL100W-B,0,-5.1245923,0.21804511547088623,0.12846069037914276,0.04606866091489792
YHR013C,YOR064C,1,-5.1246524,0.2195121943950653,0.12956809997558594,0.04606866091489792
YOR386W,YLL024C,0,-5.1250396,0.21910113096237183,0.12956809997558594,0.046179402619600296
YCL016C,YOR127W,0,-5.1254516,0.21869158744812012,0.12956809997558594,0.04629014432430267
YJR083C,YGL116W,0,-5.1261244,0.21828357875347137,0.12956809997558594,0.04640088602900505
YIL033C,YPL007C,0,-5.1269064,0.2178770899772644,0.12956809997558594,0.04651162773370743
YPR188C,YLR277C,0,-5.1269336,0.2174721211194992,0.12956809997558594,0.046622369438409805
YDR461W,YCR060W,0,-5.1270466,0.2170686423778534,0.12956809997558594,0.04673311114311218
YPR029C,YPL151C,0,-5.12736,0.21666666865348816,0.12956809997558594,0.04684385284781456
YGL066W,YDR145W,1,-5.1282444,0.21811459958553314,0.1306755244731903,0.04684385284781456
YML120C,YNL317W,0,-5.1287,0.2177121788263321,0.1306755244731903,0.04695459455251694
YEL019C,YMR037C,0,-5.1287065,0.21731123328208923,0.1306755244731903,0.047065336257219315
YIL009W,YGL066W,1,-5.129125,0.21875,0.13178294897079468,0.047065336257219315
YJR082C,YGR002C,1,-5.1294365,0.22018349170684814,0.13289035856723785,0.047065336257219315
YDL069C,YLR329W,0,-5.129987,0.21978022158145905,0.13289035856723785,0.04717607796192169
YMR138W,YBL058W,0,-5.1300335,0.21937842667102814,0.13289035856723785,0.04728682339191437
YBR132C,YHR118C,0,-5.1302238,0.21897810697555542,0.13289035856723785,0.047397565096616745
YGR218W,YOR106W,0,-5.130353,0.2185792326927185,0.13289035856723785,0.04750830680131912
YCL017C,YDR170C,0,-5.1306653,0.2181818187236786,0.13289035856723785,0.0476190485060215
YDR283C,YML010W,0,-5.1307073,0.21778585016727448,0.13289035856723785,0.04772979021072388
YDR363W,YGL067W,0,-5.1313596,0.21739129722118378,0.13289035856723785,0.047840531915426254
YNL258C,YDL090C,0,-5.1323123,0.21699818968772888,0.13289035856723785,0.04795127362012863
YCL016C,YIL002C,0,-5.1326103,0.2166064977645874,0.13289035856723785,0.04806201532483101
YNL318C,YEL031W,0,-5.1337876,0.21621622145175934,0.13289035856723785,0.048172757029533386
YDR098C,YER042W,0,-5.1342435,0.2158273309469223,0.13289035856723785,0.048283498734235764
YFL050C,YHR165C,0,-5.13451,0.21543985605239868,0.13289035856723785,0.04839424043893814
YBR272C,YMR153W,0,-5.134629,0.2150537669658661,0.13289035856723785,0.04850498214364052
YBR136W,YBL055C,0,-5.13489,0.21466904878616333,0.13289035856723785,0.048615723848342896
YCL043C,YIL173W,0,-5.1351027,0.2142857164144516,0.13289035856723785,0.04872646555304527
YER045C,YHR067W,0,-5.1351132,0.2139037400484085,0.13289035856723785,0.04883721098303795
YPL096C-A,YGR013W,0,-5.1356006,0.21352313458919525,0.13289035856723785,0.048947952687740326
YMR042W,YER016W,0,-5.135733,0.21314387023448944,0.13289035856723785,0.0490586943924427
YFL039C,YGL066W,1,-5.135818,0.21453900635242462,0.13399778306484222,0.0490586943924427
YPR025C,YPR162C,0,-5.135983,0.214159294962883,0.13399778306484222,0.04916943609714508
YKL028W,YIL173W,0,-5.136377,0.21378092467784882,0.13399778306484222,0.04928017780184746
YER138C,YOR287C,0,-5.1367297,0.2134038805961609,0.13399778306484222,0.049390919506549835
YKL179C,YIR013C,0,-5.1367693,0.2130281627178192,0.13399778306484222,0.04950166121125221
YBR274W,YKL170W,0,-5.1369185,0.21265378594398499,0.13399778306484222,0.04961240291595459
YBR015C,YCL005W-A,0,-5.1371193,0.21228070557117462,0.13399778306484222,0.04972314462065697
YLR265C,YMR268C,0,-5.13738,0.21190893650054932,0.13399778306484222,0.049833886325359344
YMR208W,YLR452C,0,-5.1375813,0.21153846383094788,0.13399778306484222,0.04994462803006172
YNL159C,YOR226C,0,-5.1385965,0.2111692875623703,0.13399778306484222,0.0500553697347641
YGL142C,YCL005W-A,0,-5.138882,0.2108013927936554,0.13399778306484222,0.050166111439466476
YNR008W,YDL093W,0,-5.1389465,0.21043477952480316,0.13399778306484222,0.050276853144168854
YDL236W,YPL032C,0,-5.1391,0.2100694477558136,0.13399778306484222,0.05038759857416153
YDR027C,YBL055C,0,-5.139364,0.20970536768436432,0.13399778306484222,0.05049834027886391
YGL058W,YJL025W,0,-5.1399965,0.20934255421161652,0.13399778306484222,0.050609081983566284
YFL039C,YOL148C,1,-5.1405897,0.2107081115245819,0.1351052075624466,0.050609081983566284
YOR304W,YHR079C-A,0,-5.140788,0.2103448212146759,0.1351052075624466,0.05071982368826866
YDL006W,YIL023C,0,-5.1413007,0.20998278260231018,0.1351052075624466,0.05083056539297104
YKL006C-A,YCL032W,0,-5.141558,0.20962199568748474,0.1351052075624466,0.050941307097673416
YDL126C,YGL100W,0,-5.141746,0.2092624306678772,0.1351052075624466,0.05105204880237579
YER044C,YJR028W,0,-5.142429,0.20890410244464874,0.1351052075624466,0.05116279050707817
YGR220C,YKL041W,0,-5.1426125,0.20854701101779938,0.1351052075624466,0.05127353221178055
YJL081C,YGR002C,1,-5.1431737,0.20989760756492615,0.13621261715888977,0.05127353221178055
YHR174W,YOL009C,0,-5.14331,0.20954003930091858,0.13621261715888977,0.051384273916482925
YCR093W,YMR202W,0,-5.1434145,0.2091836780309677,0.13621261715888977,0.0514950156211853
YJL115W,YDR167W,1,-5.143513,0.21052631735801697,0.13732004165649414,0.0514950156211853
YML086C,YKL020C,0,-5.143521,0.2101694941520691,0.13732004165649414,0.05160575732588768
YHL047C,YDR379W,0,-5.1436877,0.20981387794017792,0.13732004165649414,0.05171649903059006
YLR405W,YDR485C,0,-5.1439853,0.20945945382118225,0.13732004165649414,0.051827240735292435
YGL066W,YGR002C,1,-5.144614,0.21079258620738983,0.1384274661540985,0.051827240735292435
YDL116W,YKR095W-A,0,-5.1446395,0.21043771505355835,0.1384274661540985,0.05193798616528511
YGL194C,YPL268W,0,-5.144716,0.21008403599262238,0.1384274661540985,0.05204872786998749
YLR195C,YDR126W,1,-5.1483073,0.21140938997268677,0.13953489065170288,0.05204872786998749
YGL005C,YMR287C,0,-5.1492906,0.21105527877807617,0.13953489065170288,0.052159469574689865
YBR111W-A,YPL253C,0,-5.1499076,0.2107023447751999,0.13953489065170288,0.05227021127939224
YJL058C,YER142C,0,-5.150289,0.21035058796405792,0.13953489065170288,0.05238095298409462
YJL090C,YJL001W,0,-5.1503053,0.20999999344348907,0.13953489065170288,0.052491694688797
YPL001W,YDR459C,1,-5.150474,0.21131446957588196,0.14064230024814606,0.052491694688797
YGL105W,YDR075W,0,-5.1505933,0.21096345782279968,0.14064230024814606,0.052602436393499374
YDL231C,YKL041W,0,-5.150876,0.21061359345912933,0.14064230024814606,0.05271317809820175
YJR131W,YFL034C-B,0,-5.1512275,0.2102649062871933,0.14064230024814606,0.05282391980290413
YKL108W,YGL169W,0,-5.1517663,0.209917351603508,0.14064230024814606,0.052934661507606506
YDR377W,YKL005C,0,-5.151858,0.2095709592103958,0.14064230024814606,0.053045403212308884
YPL161C,YMR313C,0,-5.152246,0.20922569930553436,0.14064230024814606,0.05315614491701126
YKL025C,YOR048C,0,-5.1528087,0.20888157188892365,0.14064230024814606,0.05326688662171364
YBR260C,YDR450W,0,-5.1529865,0.20853859186172485,0.14064230024814606,0.053377628326416016
YCR038C,YOR088W,0,-5.154915,0.2081967145204544,0.14064230024814606,0.05348837375640869
YKR019C,YIL023C,0,-5.155331,0.2078559696674347,0.14064230024814606,0.05359911546111107
YJL117W,YBR077C,0,-5.155872,0.20751634240150452,0.14064230024814606,0.053709857165813446
YOR304W,YOR057W,0,-5.1562667,0.20717781782150269,0.14064230024814606,0.05382059887051582
YHR115C,YDL019C,0,-5.156425,0.2068403959274292,0.14064230024814606,0.0539313405752182
YML073C,YLR086W,0,-5.156922,0.20650406181812286,0.14064230024814606,0.05404208227992058
YFR046C,YMR263W,0,-5.1570005,0.20616883039474487,0.14064230024814606,0.054152823984622955
YKR095W-A,YPL124W,0,-5.157114,0.20583468675613403,0.14064230024814606,0.05426356568932533
YHR158C,YHR050W,0,-5.157546,0.20550161600112915,0.14064230024814606,0.05437430739402771
YIL009W,YGR002C,1,-5.1577888,0.2067851424217224,0.14174972474575043,0.05437430739402771
YCL010C,YDR145W,1,-5.158715,0.2080645114183426,0.1428571492433548,0.05437430739402771
YDR461W,YLR022C,0,-5.1589937,0.20772947371006012,0.1428571492433548,0.05448504909873009
YOR216C,YOR313C,0,-5.1590543,0.2073954939842224,0.1428571492433548,0.054595790803432465
YFR046C,YJL069C,0,-5.159071,0.20706260204315186,0.1428571492433548,0.05470653250813484
YGL163C,YKL203C,0,-5.159341,0.20673076808452606,0.1428571492433548,0.05481727421283722
YKR036C,YCL066W,0,-5.1594687,0.20640000700950623,0.1428571492433548,0.0549280159175396
YNL136W,YMR236W,1,-5.1596384,0.207667738199234,0.14396455883979797,0.0549280159175396
YJL099W,YJR017C,0,-5.1597767,0.20733653008937836,0.14396455883979797,0.05503876134753227
YLR329W,YKL006C-A,0,-5.1603093,0.20700636506080627,0.14396455883979797,0.05514950305223465
YNL258C,YGL244W,0,-5.160934,0.20667727291584015,0.14396455883979797,0.05526024475693703
YFL039C,YPL001W,1,-5.1611085,0.20793651044368744,0.14507198333740234,0.05526024475693703
YLR274W,YGL151W,0,-5.16134,0.2076069712638855,0.14507198333740234,0.055370986461639404
YJL020C,YDR456W,0,-5.161533,0.20727847516536713,0.14507198333740234,0.05548172816634178
YMR113W,YKR002W,0,-5.161955,0.20695102214813232,0.14507198333740234,0.05559246987104416
YPL159C,YDR310C,0,-5.1623406,0.2066246122121811,0.14507198333740234,0.055703211575746536
YGR179C,YBR012W-B,0,-5.16237,0.20629921555519104,0.14507198333740234,0.055813953280448914
YDR448W,YPR023C,1,-5.1625648,0.2075471729040146,0.1461794078350067,0.055813953280448914
YLR347C,YPR086W,0,-5.162604,0.20722134411334991,0.1461794078350067,0.05592469498515129
YBR210W,YGR104C,0,-5.162844,0.2068965584039688,0.1461794078350067,0.05603543668985367
YJR144W,YLR268W,0,-5.1632795,0.2065727710723877,0.1461794078350067,0.056146178394556046
YFL024C,YPL001W,1,-5.16337,0.20781250298023224,0.1472868174314499,0.056146178394556046
YBR081C,YDR145W,1,-5.1635723,0.20904836058616638,0.14839424192905426,0.056146178394556046
YDR308C,YDR451C,0,-5.163593,0.20872274041175842,0.14839424192905426,0.05625692009925842
YGR227W,YOL126C,0,-5.1639795,0.20839813351631165,0.14839424192905426,0.0563676618039608
YBR233W-A,YIL075C,0,-5.1640334,0.20807453989982605,0.14839424192905426,0.05647840350866318
YIR017C,YNL330C,0,-5.164487,0.20775194466114044,0.14839424192905426,0.05658914893865585
YCL066W,YOL055C,0,-5.1649294,0.20743034780025482,0.14839424192905426,0.05669989064335823
YMR042W,YNL099C,0,-5.164964,0.207109734416008,0.14839424192905426,0.05681063234806061
YOR217W,YDL138W,0,-5.165162,0.20679011940956116,0.14839424192905426,0.056921374052762985
YKR086W,YOR332W,0,-5.1655936,0.2064714878797531,0.14839424192905426,0.05703211575746536
YMR237W,YDR283C,0,-5.166135,0.20615383982658386,0.14839424192905426,0.05714285746216774
YOL077W-A,YMR240C,0,-5.166322,0.2058371752500534,0.14839424192905426,0.05725359916687012
YPL060W,YIL039W,0,-5.1666083,0.20552147924900055,0.14839424192905426,0.057364340871572495
YPL096C-A,YIL022W,0,-5.1667023,0.2052067369222641,0.14839424192905426,0.05747508257627487
YBR185C,YHR152W,0,-5.1668005,0.20489296317100525,0.14839424192905426,0.05758582428097725
YJL008C,YHR050W,0,-5.1669545,0.204580157995224,0.14839424192905426,0.057696565985679626
YOR284W,YER087C-B,0,-5.167008,0.20426829159259796,0.14839424192905426,0.057807307690382004
YDR093W,YML008C,0,-5.167375,0.20395737886428833,0.14839424192905426,0.05791804939508438
YCL051W,YFL004W,0,-5.167518,0.2036474198102951,0.14839424192905426,0.05802879109978676
YLR350W,YHR073W,0,-5.167611,0.2033383846282959,0.14839424192905426,0.058139536529779434
YLR007W,YHR073W,0,-5.168036,0.2030303031206131,0.14839424192905426,0.05825027823448181
YBR236C,YDR142C,0,-5.168265,0.20272314548492432,0.14839424192905426,0.05836101993918419
YNR010W,YIL014W,0,-5.168897,0.20241691172122955,0.14839424192905426,0.058471761643886566
YOL102C,YER074W-A,0,-5.1695075,0.20211161673069,0.14839424192905426,0.058582503348588943
YDR448W,YNL326C,1,-5.170302,0.20331324636936188,0.14950166642665863,0.058582503348588943
YER045C,YGL144C,0,-5.1707444,0.2030075192451477,0.14950166642665863,0.05869324505329132
YIL098C,YJL035C,0,-5.170759,0.20270270109176636,0.14950166642665863,0.0588039867579937
YDR188W,YPR113W,0,-5.1714005,0.20239880681037903,0.14950166642665863,0.058914728462696075
YOR304W,YLR467W,0,-5.1716647,0.20209580659866333,0.14950166642665863,0.05902547016739845
YPL046C,YDR228C,0,-5.1716685,0.20179371535778046,0.14950166642665863,0.05913621187210083
YBL024W,YAR010C,0,-5.1720815,0.2014925330877304,0.14950166642665863,0.05924695357680321
YDR456W,YIL030C,0,-5.172235,0.201192244887352,0.14950166642665863,0.059357695281505585
YGR007W,YKL095W,0,-5.172281,0.2008928507566452,0.14950166642665863,0.05946843698620796
YOR037W,YGL150C,0,-5.172546,0.20059435069561005,0.14950166642665863,0.05957917869091034
YPL001W,YGR002C,1,-5.172548,0.20178040862083435,0.1506090760231018,0.05957917869091034
YPR034W,YIL073C,0,-5.172921,0.20148147642612457,0.1506090760231018,0.059689924120903015
YBR111W-A,YMR149W,0,-5.173046,0.20118343830108643,0.1506090760231018,0.05980066582560539
YDL226C,YIL029C,0,-5.1735945,0.20088626444339752,0.1506090760231018,0.05991140753030777
YJR033C,YLR403W,0,-5.173598,0.20058996975421906,0.1506090760231018,0.06002214923501015
YFR048W,YLL003W,0,-5.173633,0.20029455423355103,0.1506090760231018,0.060132890939712524
YNL225C,YDR486C,0,-5.173694,0.20000000298023224,0.1506090760231018,0.0602436326444149
YFR052W,YLR166C,0,-5.1737237,0.1997063159942627,0.1506090760231018,0.06035437434911728
YPL059W,YML047C,0,-5.174726,0.1994134932756424,0.1506090760231018,0.060465116053819656
YPR128C,YKL073W,0,-5.174873,0.19912151992321014,0.1506090760231018,0.060575857758522034
YLR195C,YNL326C,1,-5.1749473,0.20029239356517792,0.15171650052070618,0.060575857758522034
YDR375C,YJL133W,0,-5.175115,0.20000000298023224,0.15171650052070618,0.06068659946322441
YDR320C,YDL217C,0,-5.175402,0.1997084617614746,0.15171650052070618,0.06079734116792679
YLR309C,YGL068W,0,-5.17541,0.19941775500774384,0.15171650052070618,0.060908082872629166
YDR055W,YGR275W,0,-5.1755815,0.1991279125213623,0.15171650052070618,0.06101882457733154
YBR036C,YPL020C,0,-5.175827,0.19883888959884644,0.15171650052070618,0.06112956628203392
YPL140C,YDL052C,0,-5.176037,0.1985507309436798,0.15171650052070618,0.061240311712026596
YGL068W,YMR046C,0,-5.176548,0.19826339185237885,0.15171650052070618,0.06135105341672897
YFR008W,YML107C,0,-5.176741,0.19797687232494354,0.15171650052070618,0.06146179512143135
YER112W,YPR007C,0,-5.1771827,0.1976912021636963,0.15171650052070618,0.06157253682613373
YDL148C,YKL175W,0,-5.1771874,0.1974063366651535,0.15171650052070618,0.061683278530836105
YJR082C,YDR167W,1,-5.1776237,0.1985611468553543,0.15282392501831055,0.061683278530836105
YPR164W,YPL133C,0,-5.178368,0.1982758641242981,0.15282392501831055,0.06179402023553848
YGR003W,YPL032C,0,-5.1784277,0.19799138605594635,0.15282392501831055,0.06190476194024086
YPL271W,YMR013C,0,-5.178439,0.19770774245262146,0.15282392501831055,0.06201550364494324
YGL048C,YJL168C,0,-5.178483,0.19742488861083984,0.15282392501831055,0.062126245349645615
YEL056W,YDR126W,1,-5.178519,0.19857142865657806,0.15393133461475372,0.062126245349645615
YIL036W,YNL221C,0,-5.178756,0.19828815758228302,0.15393133461475372,0.06223698705434799
YGL020C,YNL251C,0,-5.1787853,0.19800569117069244,0.15393133461475372,0.06234772875905037
YMR188C,YDR312W,0,-5.1790814,0.19772404432296753,0.15393133461475372,0.06245847046375275
YBL022C,YML095C,0,-5.1797643,0.1974431872367859,0.15393133461475372,0.06256921589374542
YDR356W,YKL070W,0,-5.179768,0.19716311991214752,0.15393133461475372,0.0626799538731575
YCR093W,YDR235W,0,-5.179782,0.19688385725021362,0.15393133461475372,0.06279069930315018
YOR023C,YEL056W,1,-5.179993,0.19801980257034302,0.1550387591123581,0.06279069930315018
YOR320C,YDR318W,0,-5.18012,0.1977401077747345,0.1550387591123581,0.06290143728256226
YKL053C-A,YER068W,0,-5.180144,0.19746121764183044,0.1550387591123581,0.06301218271255493
YGR116W,YER123W,0,-5.180711,0.19718310236930847,0.1550387591123581,0.06312292069196701
YOR354C,YBR123C,0,-5.18087,0.19690576195716858,0.1550387591123581,0.06323366612195969
YNL326C,YBR081C,1,-5.1811223,0.19803370535373688,0.15614618360996246,0.06323366612195969
YML080W,YJL085W,0,-5.181151,0.19775596261024475,0.15614618360996246,0.06334440410137177
YBL006C,YDR027C,0,-5.1812778,0.1974789947271347,0.15614618360996246,0.06345514953136444
YGL190C,YOR229W,0,-5.1822333,0.19720280170440674,0.15614618360996246,0.06356589496135712
YDR439W,YPL010W,0,-5.1826167,0.19692736864089966,0.15614618360996246,0.0636766329407692
YOL113W,YBR254C,0,-5.1829247,0.19665272533893585,0.15614618360996246,0.06378737837076187
YCR044C,YLR371W,0,-5.1829515,0.19637882709503174,0.15614618360996246,0.06389811635017395
YMR036C,YER074W-A,0,-5.1832385,0.1961057037115097,0.15614618360996246,0.06400886178016663
YGR216C,YCR065W,0,-5.183496,0.19583334028720856,0.15614618360996246,0.0641195997595787
YNL318C,YPL060W,0,-5.183539,0.1955617219209671,0.15614618360996246,0.06423034518957138
YLR195C,YOL148C,1,-5.184097,0.19667589664459229,0.15725359320640564,0.06423034518957138
YBR207W,YKL122C,0,-5.185071,0.1964038759469986,0.15725359320640564,0.06434108316898346
YOR269W,YIL076W,0,-5.185192,0.1961326003074646,0.15725359320640564,0.06445182859897614
YMR188C,YOL004W,0,-5.1856923,0.1958620697259903,0.15725359320640564,0.06456256657838821
YJL146W,YGR129W,0,-5.1864085,0.19559228420257568,0.15725359320640564,0.06467331200838089
YOR023C,YOR064C,1,-5.186436,0.19669875502586365,0.15836101770401,0.06467331200838089
YNR075W,YDL225W,0,-5.186445,0.1964285671710968,0.15836101770401,0.06478404998779297
YDL175C,YCL069W,0,-5.1865377,0.19615912437438965,0.15836101770401,0.06489479541778564
YDL085W,YBL093C,0,-5.1865754,0.195890411734581,0.15836101770401,0.06500553339719772
YNR056C,YML105C,0,-5.1867065,0.19562242925167084,0.15836101770401,0.0651162788271904
YOR171C,YDL058W,0,-5.1873565,0.19535519182682037,0.15836101770401,0.06522702425718307
YDR331W,YDR318W,0,-5.1875367,0.19508866965770721,0.15836101770401,0.06533776223659515
YGL030W,YAR010C,0,-5.1876826,0.19482289254665375,0.15836101770401,0.06544850766658783
YNL099C,YDL170W,0,-5.1879725,0.1945578157901764,0.15836101770401,0.06555924564599991
YBR010W,YOR140W,0,-5.188161,0.19429348409175873,0.15836101770401,0.06566999107599258
YBR098W,YIR002C,0,-5.188351,0.19402985274791718,0.15836101770401,0.06578072905540466
YBL079W,YGL144C,0,-5.1884117,0.19376693665981293,0.15836101770401,0.06589147448539734
YOR367W,YPR095C,0,-5.18844,0.19350473582744598,0.15836101770401,0.06600221246480942
YBR233W-A,YGR212W,0,-5.1886463,0.19324325025081635,0.15836101770401,0.0661129578948021
YGL067W,YGL249W,0,-5.188755,0.19298245012760162,0.15836101770401,0.06622369587421417
YDR236C,YNL004W,0,-5.1889524,0.1927223652601242,0.15836101770401,0.06633444130420685
YML062C,YDR495C,0,-5.189382,0.1924629807472229,0.15836101770401,0.06644517928361893
YDL236W,YML098W,0,-5.1894035,0.1922042965888977,0.15836101770401,0.0665559247136116
YGL003C,YLR008C,0,-5.189905,0.19194631278514862,0.15836101770401,0.06666667014360428
YDL081C,YJR120W,0,-5.189929,0.19168901443481445,0.15836101770401,0.06677740812301636
YLR067C,YOR194C,0,-5.190036,0.1914324015378952,0.15836101770401,0.06688815355300903
YGL244W,YBL100W-B,0,-5.1901536,0.19117647409439087,0.15836101770401,0.06699889153242111
YIL065C,YPL283C,0,-5.1903057,0.19092123210430145,0.15836101770401,0.06710963696241379
YKL191W,YFL004W,0,-5.190309,0.19066666066646576,0.15836101770401,0.06722037494182587
YKL139W,YDR437W,0,-5.1910033,0.19041278958320618,0.15836101770401,0.06733112037181854
YNL099C,YOR328W,0,-5.191077,0.19015957415103912,0.15836101770401,0.06744185835123062
YGL155W,YML029W,0,-5.191086,0.189907044172287,0.15836101770401,0.0675526037812233
YOL059W,YLR207W,0,-5.1911564,0.18965516984462738,0.15836101770401,0.06766334176063538
YHR014W,YBR283C,0,-5.191499,0.1894039660692215,0.15836101770401,0.06777408719062805
YGL119W,YDR148C,0,-5.1915765,0.18915343284606934,0.15836101770401,0.06788482517004013
YGL145W,YDR359C,0,-5.191759,0.1889035701751709,0.15836101770401,0.0679955706000328
YBR073W,YBR175W,0,-5.1921754,0.1886543482542038,0.15836101770401,0.06810630857944489
YPL060W,YPL283C,0,-5.1922345,0.18840579688549042,0.15836101770401,0.06821705400943756
YEL027W,YMR204C,0,-5.193231,0.18815790116786957,0.15836101770401,0.06832779943943024
YER088C,YEL017C-A,0,-5.193257,0.18791064620018005,0.15836101770401,0.06843853741884232
YJR139C,YPL180W,0,-5.1936893,0.18766404688358307,0.15836101770401,0.06854928284883499
YFL024C,YMR236W,1,-5.1943374,0.1887287050485611,0.15946844220161438,0.06854928284883499
YPR081C,YER008C,0,-5.1948066,0.1884816735982895,0.15946844220161438,0.06866002082824707
YPL078C,YAR002W,0,-5.1948256,0.1882352977991104,0.15946844220161438,0.06877076625823975
YEL029C,YER180C-A,0,-5.195063,0.18798956274986267,0.15946844220161438,0.06888150423765182
YPL100W,YGL115W,0,-5.1951046,0.18774445354938507,0.15946844220161438,0.0689922496676445
YJL042W,YCR067C,0,-5.195248,0.1875,0.15946844220161438,0.06910298764705658
YFL024C,YDL040C,1,-5.195312,0.18855656683444977,0.16057585179805756,0.06910298764705658
YOR023C,YDR167W,1,-5.1955595,0.18961039185523987,0.16168327629566193,0.06910298764705658
YHR086W,YOL004W,0,-5.195595,0.1893644630908966,0.16168327629566193,0.06921373307704926
YPL259C,YMR037C,0,-5.195844,0.18911917507648468,0.16168327629566193,0.06932447105646133
YDR434W,YFL013C,0,-5.196859,0.1888745129108429,0.16168327629566193,0.06943521648645401
YKL020C,YGL232W,0,-5.196867,0.18863049149513245,0.16168327629566193,0.06954595446586609
YLR105C,YNL332W,0,-5.1969457,0.18838709592819214,0.16168327629566193,0.06965669989585876
YNL129W,YCR067C,0,-5.197114,0.18814432621002197,0.16168327629566193,0.06976744532585144
YEL056W,YGL066W,1,-5.198504,0.18918919563293457,0.1627907007932663,0.06976744532585144
YOL078W,YBR196C,0,-5.1986074,0.18894600868225098,0.1627907007932663,0.06987818330526352
YCR044C,YBL058W,0,-5.19875,0.18870346248149872,0.1627907007932663,0.0699889287352562
YOR079C,YKL042W,0,-5.1989093,0.1884615421295166,0.1627907007932663,0.07009966671466827
YLL015W,YNL154C,0,-5.1990213,0.18822023272514343,0.1627907007932663,0.07021041214466095
YBL003C,YJL207C,0,-5.199185,0.1879795342683792,0.1627907007932663,0.07032115012407303
YOL117W,YDR363W-A,0,-5.199889,0.18773946166038513,0.1627907007932663,0.0704318955540657
YMR287C,YKL041W,0,-5.199979,0.1875,0.1627907007932663,0.07054263353347778
YPR020W,YCL075W,0,-5.2001367,0.18726114928722382,0.1627907007932663,0.07065337896347046
YDL040C,YDR145W,1,-5.2005515,0.1882951706647873,0.16389811038970947,0.07065337896347046
YMR268C,YHR012W,0,-5.2008176,0.18805590271949768,0.16389811038970947,0.07076411694288254
YPL040C,YNR015W,0,-5.200914,0.1878172606229782,0.16389811038970947,0.07087486237287521
YJL209W,YDL097C,0,-5.2010074,0.1875792145729065,0.16389811038970947,0.07098560035228729
YBR275C,YGL175C,0,-5.2011933,0.18734177947044373,0.16389811038970947,0.07109634578227997
YIL013C,YEL002C,0,-5.2020764,0.18710492551326752,0.16389811038970947,0.07120708376169205
YJL001W,YOR229W,0,-5.2024045,0.18686868250370026,0.16389811038970947,0.07131782919168472
YOR299W,YBL006C,0,-5.2025843,0.18663303554058075,0.16389811038970947,0.0714285746216774
YPR020W,YJL203W,0,-5.2037864,0.186397984623909,0.16389811038970947,0.07153931260108948
YBR185C,YOR027W,0,-5.2040253,0.1861635148525238,0.16389811038970947,0.07165005803108215
YNL326C,YDR145W,1,-5.2045,0.18718592822551727,0.16500553488731384,0.07165005803108215
YGR140W,YPL177C,0,-5.205233,0.18695107102394104,0.16500553488731384,0.07176079601049423
YDR126W,YHR099W,1,-5.2055235,0.18796992301940918,0.1661129593849182,0.07176079601049423
YHR102W,YML069W,0,-5.205635,0.1877346634864807,0.1661129593849182,0.07187154144048691
YIL129C,YDR207C,0,-5.205659,0.1875,0.1661129593849182,0.07198227941989899
YPL096W,YGL058W,0,-5.2057643,0.18726591765880585,0.1661129593849182,0.07209302484989166
YEL027W,YPL033C,0,-5.2057757,0.18703241646289825,0.1661129593849182,0.07220376282930374
YBR081C,YOR064C,1,-5.2058578,0.18804483115673065,0.16722038388252258,0.07220376282930374
YIL033C,YPR067W,0,-5.206018,0.18781094253063202,0.16722038388252258,0.07231450825929642
YNR075W,YDR207C,0,-5.20644,0.18757763504981995,0.16722038388252258,0.0724252462387085
YBL018C,YBR240C,0,-5.207005,0.18734490871429443,0.16722038388252258,0.07253599166870117
YDL225W,YDR356W,0,-5.2078843,0.18711276352405548,0.16722038388252258,0.07264672964811325
YGL192W,YMR021C,0,-5.207956,0.1868811845779419,0.16722038388252258,0.07275747507810593
YNL112W,YCL005W-A,0,-5.208037,0.18665018677711487,0.16722038388252258,0.0728682205080986
YOR236W,YCL074W,0,-5.2082477,0.1864197552204132,0.16722038388252258,0.07297895848751068
YNL031C,YJL134W,0,-5.2084794,0.18618988990783691,0.16722038388252258,0.07308970391750336
YNL273W,YIL023C,0,-5.208532,0.185960590839386,0.16722038388252258,0.07320044189691544
YBR041W,YKL019W,0,-5.20864,0.18573185801506042,0.16722038388252258,0.07331118732690811
YHR070W,YGR122W,0,-5.2094088,0.18550369143486023,0.16722038388252258,0.07342192530632019
YEL056W,YDR145W,1,-5.2113547,0.186503067612648,0.16832779347896576,0.07342192530632019
YGL084C,YDR393W,0,-5.2117486,0.18627451360225677,0.16832779347896576,0.07353267073631287
YIL109C,YNL107W,0,-5.211968,0.1860465109348297,0.16832779347896576,0.07364340871572495
YJL115W,YMR236W,1,-5.2131333,0.18704156577587128,0.16943521797657013,0.07364340871572495
YGR267C,YMR053C,0,-5.213157,0.18681319057941437,0.16943521797657013,0.07375415414571762
YNL326C,YBR198C,1,-5.2132587,0.18780487775802612,0.1705426424741745,0.07375415414571762
YCL005W-A,YDR057W,0,-5.213484,0.18757613003253937,0.1705426424741745,0.0738648921251297
YGR086C,YMR283C,0,-5.213929,0.18734793365001678,0.1705426424741745,0.07397563755512238
YBR109C,YGL001C,0,-5.2139735,0.18712028861045837,0.1705426424741745,0.07408637553453445
YGR202C,YLR262C,0,-5.21424,0.18689320981502533,0.1705426424741745,0.07419712096452713
YPR187W,YER180C-A,0,-5.2142816,0.18666666746139526,0.1705426424741745,0.0743078663945198
YLR429W,YNL118C,0,-5.2145567,0.18644067645072937,0.1705426424741745,0.07441860437393188
YKL040C,YDR425W,0,-5.2145996,0.18621523678302765,0.1705426424741745,0.07452934980392456
YLL003W,YOR087W,0,-5.215013,0.1859903335571289,0.1705426424741745,0.07464008778333664
YJL178C,YGR218W,0,-5.2150683,0.18576598167419434,0.1705426424741745,0.07475083321332932
YDR142C,YNL107W,0,-5.215141,0.18554216623306274,0.1705426424741745,0.0748615711927414
YJL146W,YDL115C,0,-5.215159,0.18531888723373413,0.1705426424741745,0.07497231662273407
YAL053W,YLR223C,0,-5.215177,0.1850961595773697,0.1705426424741745,0.07508305460214615
YIL073C,YKL196C,0,-5.215184,0.18487395346164703,0.1705426424741745,0.07519380003213882
YGL032C,YML025C,0,-5.2152104,0.18465228378772736,0.1705426424741745,0.0753045380115509
YOR034C,YDR145W,1,-5.2152667,0.185628741979599,0.17165005207061768,0.0753045380115509
YML086C,YDR082W,0,-5.2153726,0.18540669977664948,0.17165005207061768,0.07541528344154358
YOL112W,YPR018W,0,-5.2156663,0.18518517911434174,0.17165005207061768,0.07552602142095566
YDL008W,YKR022C,0,-5.2163253,0.18496419489383698,0.17165005207061768,0.07563676685094833
YDL175C,YGL201C,0,-5.2173457,0.1847437471151352,0.17165005207061768,0.07574750483036041
YJL184W,YOL001W,0,-5.2176633,0.184523805975914,0.17165005207061768,0.07585825026035309
YPL228W,YGL100W,0,-5.2179117,0.1843044012784958,0.17165005207061768,0.07596899569034576
YKL059C,YKL095W,0,-5.218099,0.18408551812171936,0.17165005207061768,0.07607973366975784
YPL082C,YLL017W,0,-5.2182,0.18386714160442352,0.17165005207061768,0.07619047909975052
YGL137W,YOR075W,0,-5.2184653,0.18364928662776947,0.17165005207061768,0.0763012170791626
YOL063C,YER020W,0,-5.218532,0.1834319531917572,0.17165005207061768,0.07641196250915527
YJR040W,YDR159W,0,-5.218576,0.18321512639522552,0.17165005207061768,0.07652270048856735
YLR370C,YHR083W,0,-5.2186065,0.18299882113933563,0.17165005207061768,0.07663344591856003
YBR073W,YIL061C,0,-5.2187257,0.18278302252292633,0.17165005207061768,0.0767441838979721
YLR220W,YOR340C,0,-5.218815,0.18256773054599762,0.17165005207061768,0.07685492932796478
YLL018C-A,YBL042C,0,-5.218846,0.1823529452085495,0.17165005207061768,0.07696566730737686
YNL199C,YLR447C,0,-5.2189775,0.18213866651058197,0.17165005207061768,0.07707641273736954
YJL026W,YJL054W,0,-5.2192283,0.18192487955093384,0.17165005207061768,0.07718715071678162
YEL071W,YER133W,0,-5.219545,0.1817115992307663,0.17165005207061768,0.07729789614677429
YOR025W,YDL033C,0,-5.219916,0.18149882555007935,0.17165005207061768,0.07740864157676697
YBR253W,YLR337C,0,-5.220347,0.1812865436077118,0.17165005207061768,0.07751937955617905
YOL043C,YHR050W,0,-5.2204976,0.18107476830482483,0.17165005207061768,0.07763012498617172
YPR128C,YOR329C,0,-5.220991,0.18086346983909607,0.17165005207061768,0.0777408629655838
YNL220W,YKL048C,0,-5.2213793,0.1806526780128479,0.17165005207061768,0.07785160839557648
YAL032C,YIL031W,0,-5.222454,0.18044237792491913,0.17165005207061768,0.07796234637498856
YCL032W,YBR294W,0,-5.222779,0.18023255467414856,0.17165005207061768,0.07807309180498123
YLR100W,YGL054C,0,-5.223233,0.1800232231616974,0.17165005207061768,0.07818382978439331
YDR147W,YGL097W,0,-5.2233777,0.1798143833875656,0.17165005207061768,0.07829457521438599
YGR094W,YKL088W,0,-5.2235956,0.17960602045059204,0.17165005207061768,0.07840531319379807
YLL003W,YPR161C,0,-5.223644,0.17939814925193787,0.17165005207061768,0.07851605862379074
YLR078C,YKL191W,0,-5.2237926,0.1791907548904419,0.17165005207061768,0.07862679660320282
YFL013C,YKL110C,0,-5.224094,0.17898383736610413,0.17165005207061768,0.0787375420331955
YIR006C,YIR022W,0,-5.2241287,0.17877739667892456,0.17165005207061768,0.07884828001260757
YBR049C,YCL063W,0,-5.2244115,0.1785714328289032,0.17165005207061768,0.07895902544260025
YGL090W,YLR417W,0,-5.224447,0.17836593091487885,0.17165005207061768,0.07906977087259293
YCR075C,YJR140C,0,-5.2244706,0.1781609207391739,0.17165005207061768,0.079180508852005
YJR093C,YOL038W,0,-5.2246547,0.17795637249946594,0.17165005207061768,0.07929125428199768
YML086C,YDR356W,0,-5.225488,0.177752286195755,0.17165005207061768,0.07940199226140976
YNL027W,YIL076W,0,-5.225785,0.17754867672920227,0.17165005207061768,0.07951273769140244
YBR009C,YOR149C,0,-5.226093,0.17734554409980774,0.17165005207061768,0.07962347567081451
YNL280C,YDR545W,0,-5.226276,0.17714285850524902,0.17165005207061768,0.07973422110080719
YGL066W,YHR099W,1,-5.2264752,0.1780821979045868,0.17275747656822205,0.07973422110080719
YPL001W,YOL110W,1,-5.226515,0.17901939153671265,0.17386490106582642,0.07973422110080719
YOR064C,YHR090C,1,-5.226712,0.1799544394016266,0.1749723106622696,0.07973422110080719
YGR157W,YOR308C,0,-5.22702,0.17974971234798431,0.1749723106622696,0.07984495908021927
YML102W,YLR086W,0,-5.2274585,0.17954544723033905,0.1749723106622696,0.07995570451021194
YFL029C,YDL217C,0,-5.2274737,0.179341658949852,0.1749723106622696,0.08006644248962402
YDL134C,YBR082C,0,-5.2275653,0.17913831770420074,0.1749723106622696,0.0801771879196167
YER107C,YLL061W,0,-5.2285876,0.1789354532957077,0.1749723106622696,0.08028792589902878
YOR034C,YEL066W,1,-5.228699,0.17986425757408142,0.17607973515987396,0.08028792589902878
YDR141C,YPR155C,0,-5.2288165,0.17966102063655853,0.17607973515987396,0.08039867132902145
YDR448W,YEL056W,1,-5.22911,0.18058690428733826,0.17718715965747833,0.08039867132902145
YHR013C,YGL066W,1,-5.229177,0.18151071667671204,0.1782945692539215,0.08039867132902145
YKR038C,YIL129C,0,-5.229196,0.18130630254745483,0.1782945692539215,0.08050941675901413
YDR356W,YIL173W,0,-5.2293525,0.18110236525535583,0.1782945692539215,0.08062015473842621
YGR113W,YOL054W,0,-5.229384,0.18089887499809265,0.1782945692539215,0.08073090016841888
YPL170W,YOL010W,0,-5.2303967,0.18069584667682648,0.1782945692539215,0.08084163814783096
YDL212W,YML005W,0,-5.230455,0.1804932802915573,0.1782945692539215,0.08095238357782364
YDR345C,YMR054W,0,-5.2307467,0.18029114603996277,0.1782945692539215,0.08106312155723572
YDR017C,YPR134W,0,-5.2309127,0.18008948862552643,0.1782945692539215,0.0811738669872284
YOR362C,YJL109C,0,-5.2312064,0.1798882633447647,0.1782945692539215,0.08128460496664047
YMR246W,YDR459C,1,-5.2315803,0.1808035671710968,0.17940199375152588,0.08128460496664047
YDL212W,YAL009W,0,-5.2317185,0.18060201406478882,0.17940199375152588,0.08139535039663315
YDR446W,YDL100C,0,-5.231853,0.18040089309215546,0.17940199375152588,0.08150608837604523
YMR288W,YAL010C,0,-5.231948,0.1802002191543579,0.17940199375152588,0.0816168338060379
YPL151C,YNL309W,0,-5.23206,0.18000000715255737,0.17940199375152588,0.08172757178544998
YKL135C,YHR158C,0,-5.232065,0.17980022728443146,0.17940199375152588,0.08183831721544266
YHR115C,YBR136W,0,-5.2322483,0.17960087954998016,0.17940199375152588,0.08194905519485474
YJR082C,YPL129W,1,-5.2326827,0.18050941824913025,0.18050941824913025,0.08194905519485474
YOR036W,YBL033C,0,-5.2335033,0.1803097277879715,0.18050941824913025,0.08205980062484741
YML015C,YDR027C,0,-5.233775,0.18011049926280975,0.18050941824913025,0.08217054605484009
YGL150C,YDR473C,0,-5.234183,0.17991170287132263,0.18050941824913025,0.08228128403425217
YLR438C-A,YLR191W,0,-5.23424,0.17971333861351013,0.18050941824913025,0.08239202946424484
YKL112W,YJL113W,0,-5.2348647,0.17951542139053345,0.18050941824913025,0.08250276744365692
YLR242C,YDR189W,0,-5.2350936,0.17931793630123138,0.18050941824913025,0.0826135128736496
YOR023C,YHR090C,1,-5.235197,0.18021978437900543,0.18161682784557343,0.0826135128736496
YMR044W,YER110C,0,-5.235357,0.1800219565629959,0.18161682784557343,0.08272425085306168
YAL026C,YML127W,0,-5.2354617,0.179824560880661,0.18161682784557343,0.08283499628305435
YGL090W,YDR498C,0,-5.236366,0.17962759733200073,0.18161682784557343,0.08294573426246643
YLR081W,YJL208C,0,-5.236401,0.17943106591701508,0.18161682784557343,0.0830564796924591
YOR181W,YPL063W,0,-5.2364244,0.17923496663570404,0.18161682784557343,0.08316721767187119
YBR211C,YNL258C,0,-5.236444,0.17903929948806763,0.18161682784557343,0.08327796310186386
YDR448W,YPR131C,1,-5.2368226,0.1799345761537552,0.1827242523431778,0.08327796310186386
YBR202W,YNL167C,0,-5.236907,0.17973856627941132,0.1827242523431778,0.08338870108127594
YIL009C-A,YML014W,0,-5.2369585,0.17954298853874207,0.1827242523431778,0.08349944651126862
YLR342W,YDR243C,0,-5.237086,0.17934782803058624,0.1827242523431778,0.08361019194126129
YLR158C,YFL033C,0,-5.237112,0.17915309965610504,0.1827242523431778,0.08372092992067337
YLL022C,YDR145W,1,-5.2380204,0.18004338443279266,0.18383167684078217,0.08372092992067337
YER015W,YDR145W,1,-5.2383285,0.18093174695968628,0.18493908643722534,0.08372092992067337
YAL010C,YKR095W-A,0,-5.2383924,0.18073593080043793,0.18493908643722534,0.08383167535066605
YJL091C,YNL263C,0,-5.238419,0.1805405467748642,0.18493908643722534,0.08394241333007812
YML031W,YLR425W,0,-5.2392497,0.1803455650806427,0.18493908643722534,0.0840531587600708
YNL161W,YPR005C,0,-5.2392697,0.18015103042125702,0.18493908643722534,0.08416389673948288
YFL017W-A,YOR060C,0,-5.2392716,0.17995689809322357,0.18493908643722534,0.08427464216947556
YDL117W,YDR265W,0,-5.23982,0.17976318299770355,0.18493908643722534,0.08438538014888763
YMR285C,YDL230W,0,-5.2398977,0.17956988513469696,0.18493908643722534,0.08449612557888031
YGL142C,YLR105C,0,-5.240089,0.179377019405365,0.18493908643722534,0.08460686355829239
YDL040C,YHR090C,1,-5.240244,0.18025751411914825,0.1860465109348297,0.08460686355829239
YEL037C,YPR182W,0,-5.2408433,0.18006430566310883,0.1860465109348297,0.08471760898828506
YLR138W,YGR276C,0,-5.2410245,0.17987151443958282,0.1860465109348297,0.08482834696769714
YDR141C,YDR457W,0,-5.2410793,0.17967914044857025,0.1860465109348297,0.08493909239768982
YER142C,YPL218W,0,-5.241794,0.1794871836900711,0.1860465109348297,0.0850498303771019
YPR017C,YOR188W,0,-5.2422004,0.1792956292629242,0.1860465109348297,0.08516057580709457
YOR377W,YPL269W,0,-5.2422905,0.17910447716712952,0.1860465109348297,0.08527132123708725
YKR068C,YBR231C,0,-5.2426724,0.17891374230384827,0.1860465109348297,0.08538205921649933
YNL288W,YPL085W,0,-5.2430305,0.17872340977191925,0.1860465109348297,0.085492804646492
YGR099W,YKL196C,0,-5.243695,0.17853347957134247,0.1860465109348297,0.08560354262590408
YBL047C,YJL143W,0,-5.2438273,0.17834395170211792,0.1860465109348297,0.08571428805589676
YBR042C,YDL212W,0,-5.244284,0.1781548261642456,0.1860465109348297,0.08582502603530884
YKL025C,YBR111W-A,0,-5.244406,0.17796610295772552,0.1860465109348297,0.08593577146530151
YDR377W,YNL302C,0,-5.244508,0.17777778208255768,0.1860465109348297,0.08604650944471359
YDR459C,YBR081C,1,-5.2445674,0.17864693701267242,0.18715393543243408,0.08604650944471359
YCL016C,YHR086W,0,-5.2448897,0.1784582883119583,0.18715393543243408,0.08615725487470627
YKL073W,YER123W,0,-5.2451086,0.17827004194259644,0.18715393543243408,0.08626799285411835
YLR176C,YGR013W,0,-5.245246,0.1780821979045868,0.18715393543243408,0.08637873828411102
YIL167W,YOR035C,0,-5.2453,0.1778947412967682,0.18715393543243408,0.0864894762635231
YFL021W,YPL020C,0,-5.245486,0.17770767211914062,0.18715393543243408,0.08660022169351578
YOR147W,YPL188W,0,-5.2454925,0.1775210052728653,0.18715393543243408,0.08671096712350845
YHR006W,YDR320C,0,-5.2458577,0.177334725856781,0.18715393543243408,0.08682170510292053
YNL214W,YDR086C,0,-5.245977,0.17714884877204895,0.18715393543243408,0.08693245053291321
YDR118W,YDR181C,0,-5.2463584,0.17696334421634674,0.18715393543243408,0.08704318851232529
YML081C-A,YBL006C,0,-5.2466702,0.17677824199199677,0.18715393543243408,0.08715393394231796
YNL326C,YOL110W,1,-5.2466884,0.1776384562253952,0.18826134502887726,0.08715393394231796
YBR161W,YGR104C,0,-5.2467394,0.17745302617549896,0.18826134502887726,0.08726467192173004
YLR207W,YEL002C,0,-5.2467737,0.17726798355579376,0.18826134502887726,0.08737541735172272
YGR220C,YGL048C,0,-5.2471585,0.1770833283662796,0.18826134502887726,0.0874861553311348
YOR025W,YJL036W,0,-5.247612,0.17689906060695648,0.18826134502887726,0.08759690076112747
YJR135W-A,YDR485C,0,-5.2476873,0.1767151802778244,0.18826134502887726,0.08770763874053955
YBR289W,YER031C,0,-5.247771,0.17653167247772217,0.18826134502887726,0.08781838417053223
YJR131W,YMR137C,0,-5.2478385,0.17634855210781097,0.18826134502887726,0.0879291221499443
YCL014W,YIL068C,0,-5.247879,0.17616580426692963,0.18826134502887726,0.08803986757993698
YLR005W,YBR162C,0,-5.24813,0.17598344385623932,0.18826134502887726,0.08815060555934906
YKL060C,YIL095W,0,-5.2488847,0.17580144107341766,0.18826134502887726,0.08826135098934174
YOR349W,YKR019C,0,-5.248938,0.17561984062194824,0.18826134502887726,0.08837209641933441
YMR137C,YLR452C,0,-5.248976,0.17543859779834747,0.18826134502887726,0.08848283439874649
YJR082C,YOL148C,1,-5.249152,0.1762886643409729,0.18936876952648163,0.08848283439874649
YBL098W,YAL058W,0,-5.2492456,0.17610710859298706,0.18936876952648163,0.08859357982873917
YDR145W,YOR064C,1,-5.249534,0.1769547313451767,0.190476194024086,0.08859357982873917
YMR065W,YGR249W,0,-5.2499895,0.1767728626728058,0.190476194024086,0.08870431780815125
YCR039C,YFL002C,0,-5.25087,0.17659138143062592,0.190476194024086,0.08881506323814392
YGL032C,YHR172W,0,-5.250917,0.1764102578163147,0.190476194024086,0.088925801217556
YGL066W,YDR167W,1,-5.250978,0.1772540956735611,0.19158360362052917,0.088925801217556
YGL175C,YDR057W,0,-5.2511373,0.177072674036026,0.19158360362052917,0.08903654664754868
YOR031W,YNL006W,0,-5.2513623,0.17689161002635956,0.19158360362052917,0.08914728462696075
YFL045C,YBR077C,0,-5.2516656,0.17671093344688416,0.19158360362052917,0.08925803005695343
YPR034W,YKL095W,0,-5.2521214,0.1765306144952774,0.19158360362052917,0.08936876803636551
YJL104W,YML010W,0,-5.2523236,0.1763506680727005,0.19158360362052917,0.08947951346635818
YPR165W,YNL243W,0,-5.252376,0.17617107927799225,0.19158360362052917,0.08959025144577026
YMR091C,YPR181C,0,-5.252407,0.17599186301231384,0.19158360362052917,0.08970099687576294
YDR328C,YLR035C-A,0,-5.2524366,0.1758130043745041,0.19158360362052917,0.08981174230575562
YIL112W,YOR216C,0,-5.2526135,0.17563451826572418,0.19158360362052917,0.0899224802851677
YDR283C,YMR079W,0,-5.252721,0.17545638978481293,0.19158360362052917,0.09003322571516037
YGL013C,YKL051W,0,-5.2529345,0.17527861893177032,0.19158360362052917,0.09014396369457245
YPL275W,YGL013C,0,-5.2529483,0.17510122060775757,0.19158360362052917,0.09025470912456512
YLR098C,YDL031W,0,-5.2530446,0.17492416501045227,0.19158360362052917,0.0903654471039772
YFR014C,YOR270C,0,-5.2530622,0.17474748194217682,0.19158360362052917,0.09047619253396988
YJR119C,YML127W,0,-5.2530894,0.17457114160060883,0.19158360362052917,0.09058693051338196
YOL071W,YHR050W,0,-5.2531004,0.17439515888690948,0.19158360362052917,0.09069767594337463
YPL051W,YDL143W,0,-5.2532277,0.1742195338010788,0.19158360362052917,0.09080841392278671
YPR171W,YDR228C,0,-5.253569,0.17404426634311676,0.19158360362052917,0.09091915935277939
YBR010W,YLL061W,0,-5.25378,0.17386934161186218,0.19158360362052917,0.09102989733219147
YOR304W,YLR016C,0,-5.2537875,0.17369477450847626,0.19158360362052917,0.09114064276218414
YEL066W,YDR167W,1,-5.2540545,0.17452357709407806,0.19269102811813354,0.09114064276218414
YKR036C,YJL004C,0,-5.254106,0.17434869706630707,0.19269102811813354,0.09125138074159622
YLR114C,YPL221W,0,-5.2542086,0.17417417466640472,0.19269102811813354,0.0913621261715889
YJL170C,YDR320C-A,0,-5.2554526,0.17399999499320984,0.19269102811813354,0.09147287160158157
YNL221C,YIL095W,0,-5.256352,0.1738261729478836,0.19269102811813354,0.09158360958099365
YJL081C,YDR126W,1,-5.2563815,0.17465069890022278,0.19379845261573792,0.09158360958099365
YMR068W,YOL066C,0,-5.2565427,0.17447656393051147,0.19379845261573792,0.09169435501098633
YCR082W,YBR058C-A,0,-5.256641,0.17430278658866882,0.19379845261573792,0.09180509299039841
YLR220W,YCL075W,0,-5.257177,0.17412935197353363,0.19379845261573792,0.09191583842039108
YDR046C,YNL206C,0,-5.2572966,0.1739562600851059,0.19379845261573792,0.09202657639980316
YLR138W,YIL077C,0,-5.2573104,0.17378351092338562,0.19379845261573792,0.09213732182979584
YPL242C,YHR005C-A,0,-5.2577386,0.1736111044883728,0.19379845261573792,0.09224805980920792
YLR153C,YBR081C,1,-5.2583733,0.17443013191223145,0.1949058622121811,0.09224805980920792
YBR233W-A,YHR030C,0,-5.2586074,0.17425742745399475,0.1949058622121811,0.09235880523920059
YDL192W,YDR208W,0,-5.2587047,0.17408506572246552,0.1949058622121811,0.09246954321861267
YML086C,YDL134C,0,-5.2587953,0.17391304671764374,0.1949058622121811,0.09258028864860535
YJL081C,YDR459C,1,-5.258845,0.17472852766513824,0.19601328670978546,0.09258028864860535
YJR084W,YNL154C,0,-5.2589173,0.1745562106370926,0.19601328670978546,0.09269102662801743
YPL008W,YER031C,0,-5.258945,0.1743842363357544,0.19601328670978546,0.0928017720580101
YNL107W,YOL128C,0,-5.2590585,0.17421260476112366,0.19601328670978546,0.09291251748800278
YDL044C,YDR276C,0,-5.2602963,0.17404130101203918,0.19601328670978546,0.09302325546741486
YMR298W,YDL216C,0,-5.2606688,0.17387033998966217,0.19601328670978546,0.09313400089740753
YDL019C,YKL006C-A,0,-5.2607093,0.17369970679283142,0.19601328670978546,0.09324473887681961
YNL331C,YNL225C,0,-5.2609043,0.17352941632270813,0.19601328670978546,0.09335548430681229
YFL056C,YMR055C,0,-5.2610555,0.1733594536781311,0.19601328670978546,0.09346622228622437
YOR297C,YCL074W,0,-5.26107,0.17318981885910034,0.19601328670978546,0.09357696771621704
YCR057C,YLR467W,0,-5.261111,0.17302052676677704,0.19601328670978546,0.09368770569562912
YGL054C,YNL239W,0,-5.261169,0.1728515625,0.19601328670978546,0.0937984511256218
YDR318W,YCL032W,0,-5.26129,0.17268292605876923,0.19601328670978546,0.09390918910503387
YEL063C,YKL008C,0,-5.26142,0.17251461744308472,0.19601328670978546,0.09401993453502655
YLR201C,YDR481C,0,-5.261469,0.17234663665294647,0.19601328670978546,0.09413067251443863
YER107C,YOR014W,0,-5.2619004,0.1721789836883545,0.19601328670978546,0.0942414179444313
YPR133C,YDR293C,0,-5.262357,0.17201165854930878,0.19601328670978546,0.09435215592384338
YBR274W,YLR206W,0,-5.2623973,0.17184466123580933,0.19601328670978546,0.09446290135383606
YBR081C,YPL129W,1,-5.2626815,0.17264790832996368,0.19712071120738983,0.09446290135383606
YNL008C,YBR041W,0,-5.2632985,0.17248061299324036,0.19712071120738983,0.09457364678382874
YBR290W,YPL239W,0,-5.2634506,0.1723136454820633,0.19712071120738983,0.09468438476324081
YDL243C,YBR260C,0,-5.2635922,0.1721470057964325,0.19712071120738983,0.09479513019323349
YMR263W,YML033W,0,-5.2636533,0.17198067903518677,0.19712071120738983,0.09490586817264557
YOR322C,YKL173W,0,-5.263761,0.1718146651983261,0.19712071120738983,0.09501661360263824
YJR042W,YER138C,0,-5.2640343,0.1716489940881729,0.19712071120738983,0.09512735158205032
YPL001W,YHR090C,1,-5.264159,0.17244701087474823,0.1982281357049942,0.09512735158205032
YFL003C,YDR450W,0,-5.2642274,0.17228104174137115,0.1982281357049942,0.095238097012043
YKL055C,YPL096W,0,-5.2643714,0.17211538553237915,0.1982281357049942,0.09534883499145508
YDR376W,YLR442C,0,-5.264501,0.17195004224777222,0.1982281357049942,0.09545958042144775
YIR019C,YBR012W-B,0,-5.2647376,0.17178502678871155,0.1982281357049942,0.09557031840085983
YDR485C,YOR087W,0,-5.265102,0.17162032425403595,0.1982281357049942,0.09568106383085251
YGL071W,YIL106W,0,-5.265155,0.17145593464374542,0.1982281357049942,0.09579180181026459
YDR236C,YKR028W,0,-5.265358,0.17129187285900116,0.1982281357049942,0.09590254724025726
YJR093C,YLL043W,0,-5.265514,0.17112810909748077,0.1982281357049942,0.09601329267024994
YLR220W,YOR160W,0,-5.2657046,0.17096465826034546,0.1982281357049942,0.09612403064966202
YMR240C,YDR414C,0,-5.2658544,0.17080152034759521,0.1982281357049942,0.0962347760796547
YBR164C,YML028W,0,-5.2658668,0.17063871026039124,0.1982281357049942,0.09634551405906677
YLR347C,YOR157C,0,-5.2660804,0.17047618329524994,0.1982281357049942,0.09645625948905945
YDR335W,YER169W,0,-5.26609,0.1703139841556549,0.1982281357049942,0.09656699746847153
YER146W,YOR084W,0,-5.266211,0.17015209794044495,0.1982281357049942,0.0966777428984642
YDR245W,YDR288W,0,-5.2662187,0.16999050974845886,0.1982281357049942,0.09678848087787628
YJL018W,YDR425W,0,-5.2665234,0.16982921957969666,0.1982281357049942,0.09689922630786896
YER167W,YHL036W,0,-5.2668853,0.16966824233531952,0.1982281357049942,0.09700996428728104
YBR038W,YIL061C,0,-5.266926,0.16950757801532745,0.1982281357049942,0.09712070971727371
YKR038C,YMR314W,0,-5.2671247,0.16934721171855927,0.1982281357049942,0.09723144769668579
YJR084W,YFR040W,0,-5.267186,0.16918714344501495,0.1982281357049942,0.09734219312667847
YHR188C,YNL290W,0,-5.2672014,0.1690273880958557,0.1982281357049942,0.09745293110609055
YKL135C,YIL147C,0,-5.267328,0.16886793076992035,0.1982281357049942,0.09756367653608322
YPL138C,YGL169W,0,-5.26734,0.16870877146720886,0.1982281357049942,0.0976744219660759
YKL053C-A,YKL064W,0,-5.2675123,0.16854991018772125,0.1982281357049942,0.09778515994548798
YKL055C,YKR062W,0,-5.267906,0.16839134693145752,0.1982281357049942,0.09789590537548065
YOR377W,YDL154W,0,-5.268337,0.16823308169841766,0.1982281357049942,0.09800664335489273
YNL136W,YGR147C,1,-5.2684846,0.1690140813589096,0.19933554530143738,0.09800664335489273
YOR079C,YER149C,0,-5.268749,0.16885553300380707,0.19933554530143738,0.0981173887848854
YAL044C,YBL020W,0,-5.2693453,0.1686972826719284,0.19933554530143738,0.09822812676429749
YNL251C,YPL085W,0,-5.269408,0.16853933036327362,0.19933554530143738,0.09833887219429016
YDL105W,YNL070W,0,-5.2708907,0.16838166117668152,0.19933554530143738,0.09844961017370224
YDR424C,YNL332W,0,-5.2714143,0.1682243049144745,0.19933554530143738,0.09856035560369492
YLR095C,YML029W,0,-5.271642,0.16806723177433014,0.19933554530143738,0.098671093583107
YNL268W,YIL144W,0,-5.27181,0.16791044175624847,0.19933554530143738,0.09878183901309967
YDR490C,YNR026C,0,-5.2718234,0.16775396466255188,0.19933554530143738,0.09889257699251175
YDR498C,YJR120W,0,-5.272195,0.16759777069091797,0.19933554530143738,0.09900332242250443
YDR328C,YBR143C,0,-5.272288,0.16744185984134674,0.19933554530143738,0.0991140678524971
YKL002W,YOR232W,0,-5.272521,0.1672862470149994,0.19933554530143738,0.09922480583190918
YPR131C,YDR459C,1,-5.272802,0.16805942356586456,0.20044296979904175,0.09922480583190918
YLR433C,YOR362C,0,-5.272853,0.16790352761745453,0.20044296979904175,0.09933555126190186
YNL032W,YHR039C-A,0,-5.2730484,0.16774791479110718,0.20044296979904175,0.09944628924131393
YLR370C,YLL003W,0,-5.2732453,0.1675925999879837,0.20044296979904175,0.09955703467130661
YNL136W,YDR126W,1,-5.273379,0.16836263239383698,0.20155039429664612,0.09955703467130661
YBR107C,YML010W,0,-5.273426,0.16820701956748962,0.20155039429664612,0.09966777265071869
YLR399C,YHR050W,0,-5.273806,0.16805170476436615,0.20155039429664612,0.09977851808071136
YML081C-A,YOR351C,0,-5.2738976,0.16789667308330536,0.20155039429664612,0.09988925606012344
YKL194C,YBR165W,0,-5.2739544,0.16774193942546844,0.20155039429664612,0.10000000149011612
YGL190C,YNL262W,0,-5.274053,0.16758747398853302,0.20155039429664612,0.1001107394695282
YGL055W,YLR455W,0,-5.2742004,0.16743330657482147,0.20155039429664612,0.10022148489952087
YJR126C,YHR020W,0,-5.274279,0.1672794073820114,0.20155039429664612,0.10033222287893295
YIR005W,YDL225W,0,-5.2743573,0.16712580621242523,0.20155039429664612,0.10044296830892563
YML081C-A,YER075C,0,-5.274359,0.16697247326374054,0.20155039429664612,0.10055370628833771
YJL003W,YMR005W,0,-5.2744555,0.16681943833827972,0.20155039429664612,0.10066445171833038
YPR023C,YNL136W,1,-5.2750044,0.1675824224948883,0.2026578038930893,0.10066445171833038
YDR096W,YOR123C,0,-5.2750087,0.1674290895462036,0.2026578038930893,0.10077519714832306
YNR075W,YER087C-B,0,-5.2750554,0.1672760546207428,0.2026578038930893,0.10088593512773514
YKL135C,YLR141W,0,-5.2751193,0.16712328791618347,0.2026578038930893,0.10099668055772781
YLR423C,YHL009C,0,-5.275259,0.16697080433368683,0.2026578038930893,0.10110741853713989
YLR256W,YDR310C,0,-5.276015,0.16681858897209167,0.2026578038930893,0.10121816396713257
YIL084C,YML029W,0,-5.2765727,0.1666666716337204,0.2026578038930893,0.10132890194654465
YKL135C,YPR075C,0,-5.276666,0.16651500761508942,0.2026578038930893,0.10143964737653732
YBR021W,YBR012W-A,0,-5.2766886,0.1663636416196823,0.2026578038930893,0.1015503853559494
YDL033C,YOR075W,0,-5.2770658,0.1662125289440155,0.2026578038930893,0.10166113078594208
YLR195C,YGL066W,1,-5.2771616,0.1669691503047943,0.20376522839069366,0.10166113078594208
YDR289C,YOL105C,0,-5.2771764,0.166817769408226,0.20376522839069366,0.10177186876535416
YDR448W,YOR064C,1,-5.277494,0.16757246851921082,0.20487265288829803,0.10177186876535416
YDR386W,YML088W,0,-5.277591,0.16742081940174103,0.20487265288829803,0.10188261419534683
YPL021W,YGL018C,0,-5.277702,0.16726943850517273,0.20487265288829803,0.10199335217475891
YNL136W,YPR131C,1,-5.2777495,0.16802167892456055,0.2059800624847412,0.10199335217475891
YKL048C,YKR020W,0,-5.2779145,0.16787002980709076,0.2059800624847412,0.10210409760475159
YNL298W,YJR084W,0,-5.278296,0.16771866381168365,0.2059800624847412,0.10221484303474426
YDR377W,YDR439W,0,-5.2784724,0.16756756603717804,0.2059800624847412,0.10232558101415634
YPR198W,YGL212W,0,-5.2786894,0.1674167364835739,0.2059800624847412,0.10243632644414902
YDL220C,YHR204W,0,-5.2787757,0.16726619005203247,0.2059800624847412,0.1025470644235611
YGL145W,YBR293W,0,-5.2791085,0.16711589694023132,0.2059800624847412,0.10265780985355377
YGR227W,YKL196C,0,-5.2793937,0.16696588695049286,0.2059800624847412,0.10276854783296585
YJL081C,YPR023C,1,-5.2794213,0.16771300137043,0.20708748698234558,0.10276854783296585
YLR242C,YMR277W,0,-5.2796254,0.16756272315979004,0.20708748698234558,0.10287929326295853
YKR024C,YJL156C,0,-5.279985,0.16741271317005157,0.20708748698234558,0.1029900312423706
YFR008W,YPL139C,0,-5.2801924,0.1672629714012146,0.20708748698234558,0.10310077667236328
YJL196C,YJR102C,0,-5.28027,0.1671134978532791,0.20708748698234558,0.10321151465177536
YGR002C,YDR126W,1,-5.28035,0.16785714030265808,0.20819491147994995,0.10321151465177536
YBR240C,YBR058C-A,0,-5.2806168,0.1677073985338211,0.20819491147994995,0.10332226008176804
YOL038W,YLR022C,0,-5.28097,0.16755792498588562,0.20819491147994995,0.10343299806118011
YPL125W,YAL034W-A,0,-5.2810163,0.16740871965885162,0.20819491147994995,0.10354374349117279
YOR284W,YGL100W,0,-5.281074,0.16725978255271912,0.20819491147994995,0.10365448147058487
YLR109W,YGR091W,0,-5.2811484,0.1671111136674881,0.20819491147994995,0.10376522690057755
YBR133C,YDR443C,0,-5.282046,0.16696269810199738,0.20819491147994995,0.10387597233057022
YPL155C,YPL159C,0,-5.28215,0.16681455075740814,0.20819491147994995,0.1039867103099823
YER016W,YKL170W,0,-5.2822614,0.1666666716337204,0.20819491147994995,0.10409745573997498
YKL080W,YDR200C,0,-5.2823286,0.16651904582977295,0.20819491147994995,0.10420819371938705
YLR459W,YPR173C,0,-5.282409,0.166371688246727,0.20819491147994995,0.10431893914937973
YLR153C,YBR198C,1,-5.2824683,0.16710875928401947,0.20930232107639313,0.10431893914937973
YJR022W,YIL063C,0,-5.2827973,0.16696113348007202,0.20930232107639313,0.10442967712879181
YEL056W,YDR459C,1,-5.2832465,0.16769638657569885,0.2104097455739975,0.10442967712879181
YNL003C,YJL001W,0,-5.2834864,0.1675485074520111,0.2104097455739975,0.10454042255878448
YDR254W,YDL077C,0,-5.2841682,0.16740088164806366,0.2104097455739975,0.10465116053819656
YGR002C,YMR236W,1,-5.2844033,0.16813381016254425,0.21151717007160187,0.10465116053819656
YPL181W,YCR065W,0,-5.285072,0.1679859310388565,0.21151717007160187,0.10476190596818924
YJL146W,YNL221C,0,-5.285192,0.16783832013607025,0.21151717007160187,0.10487264394760132
YFR055W,YPL233W,0,-5.285398,0.1676909625530243,0.21151717007160187,0.104983389377594
YDR448W,YOL148C,1,-5.285915,0.16842105984687805,0.21262457966804504,0.104983389377594
YMR012W,YDR485C,0,-5.2864127,0.1682734489440918,0.21262457966804504,0.10509412735700607
YNL136W,YBR081C,1,-5.286497,0.1690017580986023,0.21373200416564941,0.10509412735700607
YMR224C,YNL055C,0,-5.2865767,0.16885389387607574,0.21373200416564941,0.10520487278699875
YDR524C,YMR041C,0,-5.2867475,0.16870629787445068,0.21373200416564941,0.10531561821699142
YJL081C,YDR145W,1,-5.286853,0.16943231225013733,0.21483942866325378,0.10531561821699142
YDL143W,YMR210W,0,-5.286899,0.16928446292877197,0.21483942866325378,0.1054263561964035
YNL062C,YER095W,0,-5.2870197,0.1691368818283081,0.21483942866325378,0.10553710162639618
YCR060W,YKL080W,0,-5.287356,0.16898955404758453,0.21483942866325378,0.10564783960580826
YOR204W,YLR438C-A,0,-5.287367,0.16884246468544006,0.21483942866325378,0.10575858503580093
YAL058W,YJL198W,0,-5.2875867,0.16869565844535828,0.21483942866325378,0.10586932301521301
YDL220C,YLR191W,0,-5.287663,0.1685490906238556,0.21483942866325378,0.10598006844520569
YNL025C,YDL128W,0,-5.287703,0.1684027761220932,0.21483942866325378,0.10609080642461777
YOR023C,YNL136W,1,-5.28828,0.16912402212619781,0.21594683825969696,0.10609080642461777
YFR041C,YML095C,0,-5.2887063,0.16897746920585632,0.21594683825969696,0.10620155185461044
YOR213C,YNL167C,0,-5.2890315,0.16883116960525513,0.21594683825969696,0.10631228983402252
YER177W,YFL003C,0,-5.289185,0.16868512332439423,0.21594683825969696,0.1064230352640152
YBR218C,YBL093C,0,-5.2891974,0.16853933036327362,0.21594683825969696,0.10653377324342728
YPR131C,YDR167W,1,-5.2892613,0.16925734281539917,0.21705426275730133,0.10653377324342728
YDL042C,YDR079C-A,0,-5.2894835,0.16911129653453827,0.21705426275730133,0.10664451867341995
YPL001W,YGR147C,1,-5.2897744,0.16982758045196533,0.2181616872549057,0.10664451867341995
YCL039W,YML098W,0,-5.289786,0.16968131065368652,0.2181616872549057,0.10675525665283203
YJR082C,YBR081C,1,-5.2899175,0.1703958660364151,0.21926909685134888,0.10675525665283203
YNL020C,YBL008W,0,-5.2899804,0.1702493578195572,0.21926909685134888,0.10686600208282471
YAL032C,YJL036W,0,-5.2902055,0.17010308802127838,0.21926909685134888,0.10697674751281738
YLR304C,YPL181W,0,-5.290296,0.16995708644390106,0.21926909685134888,0.10708748549222946
YDR236C,YKL154W,0,-5.2908425,0.16981132328510284,0.21926909685134888,0.10719823092222214
YPL195W,YAL042W,0,-5.291055,0.16966581344604492,0.21926909685134888,0.10730896890163422
YNL220W,YDL093W,0,-5.2911873,0.1695205420255661,0.21926909685134888,0.10741971433162689
YOR265W,YGL044C,0,-5.2913013,0.16937553882598877,0.21926909685134888,0.10753045231103897
YGR143W,YDR356W,0,-5.291775,0.16923077404499054,0.21926909685134888,0.10764119774103165
YBR253W,YCL069W,0,-5.291997,0.1690862476825714,0.21926909685134888,0.10775193572044373
YLL022C,YDR459C,1,-5.2921996,0.1697952151298523,0.22037652134895325,0.10775193572044373
YDR236C,YPL147W,0,-5.2922616,0.16965046525001526,0.22037652134895325,0.1078626811504364
YBR168W,YOR229W,0,-5.2924027,0.16950596868991852,0.22037652134895325,0.10797341912984848
YMR316W,YGL093W,0,-5.292616,0.16936169564723969,0.22037652134895325,0.10808416455984116
YGL249W,YNL046W,0,-5.29264,0.16921769082546234,0.22037652134895325,0.10819490253925323
YDL004W,YOR349W,0,-5.29267,0.1690739095211029,0.22037652134895325,0.10830564796924591
YOR038C,YML127W,0,-5.2934117,0.16893039643764496,0.22037652134895325,0.10841639339923859
YFL024C,YLL002W,1,-5.2934513,0.16963528096675873,0.22148394584655762,0.10841639339923859
YMR264W,YHR187W,0,-5.293609,0.16949152946472168,0.22148394584655762,0.10852713137865067
YGR147C,YBR081C,1,-5.2936463,0.17019474506378174,0.2225913554430008,0.10852713137865067
YJL170C,YKR059W,0,-5.2941504,0.1700507551431656,0.2225913554430008,0.10863787680864334
YAL047C,YDR322C-A,0,-5.2944055,0.16990701854228973,0.2225913554430008,0.10874861478805542
YMR036C,YIR002C,0,-5.2944856,0.16976352035999298,0.2225913554430008,0.1088593602180481
YJL047C,YDR086C,0,-5.295049,0.16962026059627533,0.2225913554430008,0.10897009819746017
YKL176C,YNL329C,0,-5.295189,0.16947723925113678,0.2225913554430008,0.10908084362745285
YGR163W,YER065C,0,-5.2953486,0.16933445632457733,0.2225913554430008,0.10919158160686493
YML049C,YER019C-A,0,-5.295359,0.16919191181659698,0.2225913554430008,0.1093023270368576
YCR028C,YER075C,0,-5.2953973,0.16904962062835693,0.2225913554430008,0.10941306501626968
YPR052C,YPL011C,0,-5.295646,0.16890756785869598,0.2225913554430008,0.10952381044626236
YKL138C-A,YMR149W,0,-5.2957797,0.16876573860645294,0.2225913554430008,0.10963454842567444
YHR013C,YMR069W,1,-5.296005,0.16946308314800262,0.22369877994060516,0.10963454842567444
YOL148C,YDR167W,1,-5.2960553,0.1701592653989792,0.22480620443820953,0.10963454842567444
YPL129W,YBR198C,1,-5.296252,0.17085427045822144,0.2259136140346527,0.10963454842567444
YPL140C,YLR212C,0,-5.2963805,0.17071129381656647,0.2259136140346527,0.10974529385566711
YFR024C,YGL006W,0,-5.296745,0.1705685555934906,0.2259136140346527,0.1098560318350792
YJL184W,YLR328W,0,-5.2969584,0.17042607069015503,0.2259136140346527,0.10996677726507187
YDR205W,YDL006W,0,-5.2974877,0.17028380930423737,0.2259136140346527,0.11007752269506454
YLR127C,YJL134W,0,-5.2977014,0.1701417863368988,0.2259136140346527,0.11018826067447662
YIL112W,YFL045C,0,-5.2978616,0.17000000178813934,0.2259136140346527,0.1102990061044693
YJL115W,YOL110W,1,-5.2980833,0.1706910878419876,0.22702103853225708,0.1102990061044693
YLR195C,YBR081C,1,-5.2983336,0.17138102650642395,0.22812846302986145,0.1102990061044693
YGR147C,YOL148C,1,-5.2984858,0.17206983268260956,0.22923588752746582,0.1102990061044693
YLR207W,YPL140C,0,-5.299008,0.17192691564559937,0.22923588752746582,0.11040974408388138
YFL057C,YGL065C,0,-5.299132,0.17178423702716827,0.22923588752746582,0.11052048951387405
YIL009W,YOR064C,1,-5.2991457,0.17247097194194794,0.230343297123909,0.11052048951387405
YLR433C,YKL008C,0,-5.2992616,0.17232808470726013,0.230343297123909,0.11063122749328613
YPL255W,YDR065W,0,-5.2995105,0.17218543589115143,0.230343297123909,0.11074197292327881
YOL143C,YLR006C,0,-5.2997165,0.17204301059246063,0.230343297123909,0.11085271090269089
YDR236C,YCL033C,0,-5.3000193,0.17190082371234894,0.230343297123909,0.11096345633268356
YHR191C,YMR049C,0,-5.3001537,0.17175887525081635,0.230343297123909,0.11107419431209564
YJL209W,YKL040C,0,-5.300458,0.17161716520786285,0.230343297123909,0.11118493974208832
YDR126W,YDR145W,1,-5.3005767,0.1723000854253769,0.23145072162151337,0.11118493974208832
YCR020W-B,YGR133W,0,-5.3006425,0.1721581518650055,0.23145072162151337,0.1112956777215004
YDL243C,YKL179C,0,-5.300688,0.1720164567232132,0.23145072162151337,0.11140642315149307
YOR330C,YNL090W,0,-5.300895,0.171875,0.23145072162151337,0.11151716858148575
YLR242C,YOL088C,0,-5.300899,0.1717337667942047,0.23145072162151337,0.11162790656089783
YFR051C,YBR024W,0,-5.3010077,0.17159277200698853,0.23145072162151337,0.1117386519908905
YGR268C,YJL168C,0,-5.30109,0.17145201563835144,0.23145072162151337,0.11184938997030258
YBR228W,YGL169W,0,-5.301181,0.17131148278713226,0.23145072162151337,0.11196013540029526
YJR082C,YHR099W,1,-5.301196,0.17199017107486725,0.23255814611911774,0.11196013540029526
YGL122C,YDR160W,0,-5.301362,0.17184942960739136,0.23255814611911774,0.11207087337970734
YJL076W,YOL067C,0,-5.3013997,0.17170891165733337,0.23255814611911774,0.11218161880970001
YOL164W,YLR201C,0,-5.301563,0.1715686321258545,0.23255814611911774,0.11229235678911209
YJL062W,YDL230W,0,-5.301654,0.17142857611179352,0.23255814611911774,0.11240310221910477
YIL046W,YDL190C,0,-5.301663,0.17128874361515045,0.23255814611911774,0.11251384019851685
YDR414C,YMR039C,0,-5.3017855,0.1711491495370865,0.23255814611911774,0.11262458562850952
YEL066W,YBR198C,1,-5.301925,0.17182409763336182,0.2336655557155609,0.11262458562850952
YFR008W,YCR098C,0,-5.3019567,0.17168429493904114,0.2336655557155609,0.1127353236079216
YNL267W,YPL144W,0,-5.302342,0.17154471576213837,0.2336655557155609,0.11284606903791428
YDR126W,YPL129W,1,-5.3024106,0.1722177118062973,0.23477298021316528,0.11284606903791428
YPL137C,YOR304W,0,-5.3024774,0.17207792401313782,0.23477298021316528,0.11295680701732635
YPR135W,YEL016C,0,-5.30261,0.17193835973739624,0.23477298021316528,0.11306755244731903
YMR037C,YOR069W,0,-5.302629,0.17179903388023376,0.23477298021316528,0.1131782978773117
YJR082C,YLR195C,1,-5.3026977,0.1724696308374405,0.23588040471076965,0.1131782978773117
YGL163C,YBR228W,0,-5.303183,0.1723300963640213,0.23588040471076965,0.11328903585672379
YLR274W,YEL057C,0,-5.3038015,0.17219078540802002,0.23588040471076965,0.11339978128671646
YIL106W,YNL251C,0,-5.3039393,0.17205169796943665,0.23588040471076965,0.11351051926612854
YPR131C,YOL110W,1,-5.3041825,0.17271994054317474,0.23698781430721283,0.11351051926612854
YGL054C,YBR107C,0,-5.304243,0.17258064448833466,0.23698781430721283,0.11362126469612122
YBR026C,YGR122W,0,-5.304464,0.17244157195091248,0.23698781430721283,0.1137320026755333
YHR073W,YHR165C,0,-5.3045306,0.1723027378320694,0.23698781430721283,0.11384274810552597
YNL288W,YBR077C,0,-5.304753,0.17216411232948303,0.23698781430721283,0.11395348608493805
YDR421W,YPR171W,0,-5.3047996,0.17202572524547577,0.23698781430721283,0.11406423151493073
YER032W,YJR126C,0,-5.305131,0.17188754677772522,0.23698781430721283,0.1141749694943428
YMR055C,YDR388W,0,-5.3051353,0.17174959182739258,0.23698781430721283,0.11428571492433548
YIL038C,YKL025C,0,-5.305147,0.17161187529563904,0.23698781430721283,0.11439645290374756
YNR027W,YDR446W,0,-5.3051586,0.17147435247898102,0.23698781430721283,0.11450719833374023
YDR167W,YDR145W,1,-5.305842,0.17213770747184753,0.2380952388048172,0.11450719833374023
YMR281W,YBL100W-B,0,-5.305903,0.1720000058412552,0.2380952388048172,0.11461794376373291
YGR002C,YOR064C,1,-5.305913,0.17266187071800232,0.23920266330242157,0.11461794376373291
YBR196C,YFL008W,0,-5.305966,0.17252396047115326,0.23920266330242157,0.11472868174314499
YLR052W,YCL033C,0,-5.306483,0.1723862737417221,0.23920266330242157,0.11483942717313766
YKR038C,YDR330W,0,-5.3065248,0.17224881052970886,0.23920266330242157,0.11495016515254974
YIL009W,YDR145W,1,-5.3067193,0.17290836572647095,0.24031007289886475,0.11495016515254974
YPL209C,YER074W-A,0,-5.3070316,0.172770693898201,0.24031007289886475,0.11506091058254242
YGL066W,YPL129W,1,-5.3070793,0.17342880368232727,0.24141749739646912,0.11506091058254242
YPR181C,YNR031C,0,-5.307137,0.1732909381389618,0.24141749739646912,0.1151716485619545
YLR263W,YLR321C,0,-5.3073783,0.17315329611301422,0.24141749739646912,0.11528239399194717
YGR109C,YDL109C,0,-5.3075995,0.17301587760448456,0.24141749739646912,0.11539313197135925
YOR025W,YML015C,0,-5.3076572,0.1728786677122116,0.24141749739646912,0.11550387740135193
YLR107W,YLR022C,0,-5.3077426,0.17274168133735657,0.24141749739646912,0.11561461538076401
YIR006C,YOR386W,0,-5.307755,0.17260490357875824,0.24141749739646912,0.11572536081075668
YOR241W,YKR089C,0,-5.307792,0.17246834933757782,0.24141749739646912,0.11583609879016876
YHR059W,YPL242C,0,-5.307918,0.1723320186138153,0.24141749739646912,0.11594684422016144
YGR147C,YLR195C,1,-5.308021,0.17298577725887299,0.2425249218940735,0.11594684422016144
YKL060C,YOL034W,0,-5.3086286,0.17284925282001495,0.2425249218940735,0.11605758219957352
YGR261C,YKL019W,0,-5.308893,0.17271293699741364,0.2425249218940735,0.11616832762956619
YEL051W,YMR197C,0,-5.3089976,0.17257682979106903,0.2425249218940735,0.11627907305955887
YDR260C,YGL212W,0,-5.3090754,0.17244094610214233,0.2425249218940735,0.11638981103897095
YMR246W,YDL040C,1,-5.309224,0.1730920523405075,0.24363233149051666,0.11638981103897095
YDR423C,YLR329W,0,-5.309319,0.1729559749364853,0.24363233149051666,0.11650055646896362
YNR052C,YDL052C,0,-5.309617,0.1728201061487198,0.24363233149051666,0.1166112944483757
YPL253C,YLR410W,0,-5.309661,0.1726844608783722,0.24363233149051666,0.11672203987836838
YOR034C,YNL136W,1,-5.3098145,0.1733333319425583,0.24473975598812103,0.11672203987836838
YNL039W,YCL033C,0,-5.3101997,0.17319749295711517,0.24473975598812103,0.11683277785778046
YDR423C,YER107C,0,-5.3103237,0.17306186258792877,0.24473975598812103,0.11694352328777313
YOR113W,YMR077C,0,-5.3103943,0.17292644083499908,0.24473975598812103,0.11705426126718521
YOL148C,YPL129W,1,-5.3104634,0.1735731065273285,0.2458471804857254,0.11705426126718521
YDR181C,YGL049C,0,-5.3105702,0.17343750596046448,0.2458471804857254,0.11716500669717789
YJL100W,YJL087C,0,-5.3109508,0.17330211400985718,0.2458471804857254,0.11727574467658997
YPR185W,YOR269W,0,-5.3111253,0.1731669306755066,0.2458471804857254,0.11738649010658264
YLR207W,YOR160W,0,-5.311319,0.17303195595741272,0.2458471804857254,0.11749722808599472
YCL010C,YBR081C,1,-5.311336,0.1736760139465332,0.24695459008216858,0.11749722808599472
YDR424C,YCR067C,0,-5.311741,0.173540860414505,0.24695459008216858,0.1176079735159874
YNL288W,YML059C,0,-5.311828,0.17340591549873352,0.24695459008216858,0.11771871894598007
YAL051W,YPR055W,0,-5.3118834,0.17327117919921875,0.24695459008216858,0.11782945692539215
YOR354C,YDR481C,0,-5.311978,0.1731366515159607,0.24695459008216858,0.11794020235538483
YJL081C,YOR064C,1,-5.311987,0.17377811670303345,0.24806201457977295,0.11794020235538483
YGL066W,YBR198C,1,-5.312139,0.1744185984134674,0.24916943907737732,0.11794020235538483
YJR082C,YEL056W,1,-5.3127275,0.17505809664726257,0.2502768635749817,0.11794020235538483
YJL117W,YJR104C,0,-5.312749,0.17492260038852692,0.2502768635749817,0.1180509403347969
YFR005C,YDR356W,0,-5.312756,0.17478731274604797,0.2502768635749817,0.11816168576478958
YJR076C,YGL033W,0,-5.312923,0.17465223371982574,0.2502768635749817,0.11827242374420166
YMR112C,YBL017C,0,-5.3132243,0.17451737821102142,0.2502768635749817,0.11838316917419434
YOR074C,YEL032W,0,-5.313308,0.17438271641731262,0.2502768635749817,0.11849390715360641
YLL015W,YGR041W,0,-5.3135285,0.17424826323986053,0.2502768635749817,0.11860465258359909
YBR172C,YGR116W,0,-5.3136616,0.17411401867866516,0.2502768635749817,0.11871539056301117
YER149C,YDR457W,0,-5.3137655,0.1739799827337265,0.2502768635749817,0.11882613599300385
YHR191C,YLR447C,0,-5.3139987,0.17384615540504456,0.2502768635749817,0.11893687397241592
YPL049C,YDL140C,0,-5.314018,0.17371252179145813,0.2502768635749817,0.1190476194024086
YNL136W,YHR099W,1,-5.314052,0.1743471622467041,0.25138428807258606,0.1190476194024086
YOR023C,YBR198C,1,-5.314448,0.17498081922531128,0.25249168276786804,0.1190476194024086
YFR024C,YDR498C,0,-5.315123,0.1748466193675995,0.25249168276786804,0.11915835738182068
YDR302W,YPR181C,0,-5.3154597,0.1747126430273056,0.25249168276786804,0.11926910281181335
YLR391W-A,YPL042C,0,-5.3162827,0.17457886040210724,0.25249168276786804,0.11937984824180603
YNL136W,YOR064C,1,-5.316631,0.1752104014158249,0.2535991072654724,0.11937984824180603
YNL286W,YBR275C,0,-5.316684,0.1750764548778534,0.2535991072654724,0.11949058622121811
YDL161W,YPR164W,0,-5.316992,0.17494270205497742,0.2535991072654724,0.11960133165121078
YJL115W,YGR002C,1,-5.317188,0.17557251453399658,0.2547065317630768,0.11960133165121078
YJL010C,YDR201W,0,-5.3183227,0.17543859779834747,0.2547065317630768,0.11971206963062286
YGL049C,YLR272C,0,-5.3183618,0.17530487477779388,0.2547065317630768,0.11982281506061554
YBL020W,YOL031C,0,-5.3185406,0.175171360373497,0.2547065317630768,0.11993355304002762
YDL195W,YDR312W,0,-5.318908,0.17503805458545685,0.2547065317630768,0.1200442984700203
YFR024C,YDR320C,0,-5.31895,0.1749049425125122,0.2547065317630768,0.12015503644943237
YKL048C,YMR201C,0,-5.3191085,0.17477203905582428,0.2547065317630768,0.12026578187942505
YJL115W,YNL326C,1,-5.3194594,0.17539863288402557,0.25581395626068115,0.12026578187942505
YNL288W,YJR050W,0,-5.3197465,0.17526555061340332,0.25581395626068115,0.12037651985883713
YCR086W,YDR093W,0,-5.3198338,0.17513267695903778,0.25581395626068115,0.1204872652888298
YBR279W,YMR053C,0,-5.319884,0.17499999701976776,0.25581395626068115,0.12059800326824188
YHL047C,YNR072W,0,-5.319931,0.17486752569675446,0.25581395626068115,0.12070874869823456
YOR322C,YMR089C,0,-5.3199954,0.17473524808883667,0.25581395626068115,0.12081949412822723
YBL008W,YMR175W,0,-5.32034,0.1746031790971756,0.25581395626068115,0.12093023210763931
YAL044C,YJL053W,0,-5.320644,0.17447130382061005,0.25581395626068115,0.12104097753763199
YJR076C,YDR432W,0,-5.3208394,0.17433962225914001,0.25581395626068115,0.12115171551704407
YMR167W,YGR085C,0,-5.3210387,0.1742081493139267,0.25581395626068115,0.12126246094703674
YLL002W,YMR236W,1,-5.321524,0.17483045160770416,0.2569213807582855,0.12126246094703674
YBR278W,YLR107W,0,-5.3216815,0.17469879984855652,0.2569213807582855,0.12137319892644882
YNL258C,YKL008C,0,-5.321775,0.1745673418045044,0.2569213807582855,0.1214839443564415
YOL139C,YGR116W,0,-5.3219614,0.17443609237670898,0.2569213807582855,0.12159468233585358
YGL226C-A,YOR088W,0,-5.3220787,0.1743050366640091,0.2569213807582855,0.12170542776584625
YBR081C,YDR167W,1,-5.3222537,0.17492492496967316,0.2580288052558899,0.12170542776584625
YDR459C,YBR198C,1,-5.3223734,0.1755438894033432,0.2591361999511719,0.12170542776584625
YPR023C,YPL001W,1,-5.3225026,0.17616191506385803,0.26024362444877625,0.12170542776584625
YKL074C,YPL208W,0,-5.322595,0.1760299652814865,0.26024362444877625,0.12181616574525833
YJL134W,YBR165W,0,-5.322822,0.1758982092142105,0.26024362444877625,0.12192691117525101
YMR032W,YML127W,0,-5.3229346,0.17576664686203003,0.26024362444877625,0.12203764915466309
YER015W,YGR147C,1,-5.322942,0.1763826608657837,0.2613510489463806,0.12203764915466309
YPL001W,YPL129W,1,-5.3230762,0.17699776589870453,0.262458473443985,0.12203764915466309
YOL038W,YLR360W,0,-5.323313,0.17686566710472107,0.262458473443985,0.12214839458465576
YMR220W,YPL032C,0,-5.323347,0.17673377692699432,0.262458473443985,0.12225913256406784
YLR023C,YOR085W,0,-5.323587,0.1766020804643631,0.262458473443985,0.12236987799406052
YML099C,YJR026W,0,-5.3236394,0.1764705926179886,0.262458473443985,0.12248062342405319
YCR065W,YNL145W,0,-5.3236527,0.1763392835855484,0.262458473443985,0.12259136140346527
YHR013C,YPR131C,1,-5.3237834,0.17695167660713196,0.26356589794158936,0.12259136140346527
YAR031W,YDR235W,0,-5.3238993,0.17682020366191864,0.26356589794158936,0.12270210683345795
YJR135C,YDR281C,0,-5.323978,0.17668893933296204,0.26356589794158936,0.12281284481287003
YNL006W,YCR024C-A,0,-5.323982,0.17655786871910095,0.26356589794158936,0.1229235902428627
YLR314C,YMR077C,0,-5.3240848,0.1764269769191742,0.26356589794158936,0.12303432822227478
YJL170C,YLR424W,0,-5.3245416,0.17629629373550415,0.26356589794158936,0.12314507365226746
YDR423C,YHL036W,0,-5.324573,0.17616580426692963,0.26356589794158936,0.12325581163167953
YCL025C,YGR141W,0,-5.324674,0.17603550851345062,0.26356589794158936,0.12336655706167221
YBR274W,YBR171W,0,-5.324755,0.17590539157390594,0.26356589794158936,0.12347729504108429
YDR103W,YOR295W,0,-5.325173,0.17577548325061798,0.26356589794158936,0.12358804047107697
YPL202C,YBR030W,0,-5.32543,0.17564575374126434,0.26356589794158936,0.12369877845048904
YDR236C,YOR226C,0,-5.3254724,0.17551621794700623,0.26356589794158936,0.12380952388048172
YGR217W,YPL127C,0,-5.3255057,0.17538687586784363,0.26356589794158936,0.1239202693104744
YJL178C,YGR099W,0,-5.3255324,0.17525772750377655,0.26356589794158936,0.12403100728988647
YGR185C,YCL074W,0,-5.325742,0.175128772854805,0.26356589794158936,0.12414175271987915
YOR057W,YGR141W,0,-5.3259873,0.17499999701976776,0.26356589794158936,0.12425249069929123
YFL024C,YBR198C,1,-5.326425,0.17560617625713348,0.2646733224391937,0.12425249069929123
YGL200C,YPR188C,0,-5.326632,0.17547723650932312,0.2646733224391937,0.1243632361292839
YNL298W,YCR062W,0,-5.326714,0.17534849047660828,0.2646733224391937,0.12447397410869598
YGL155W,YJL093C,0,-5.3268538,0.17521993815898895,0.2646733224391937,0.12458471953868866
YFL039C,YOR034C,1,-5.3269935,0.17582418024539948,0.2657807171344757,0.12458471953868866
YHL006C,YPL032C,0,-5.3271794,0.17569546401500702,0.2657807171344757,0.12469545751810074
YJR119C,YMR008C,0,-5.327291,0.17556694149971008,0.2657807171344757,0.12480620294809341
YDR448W,YJL081C,1,-5.3274913,0.17616958916187286,0.2668881416320801,0.12480620294809341
YIR015W,YDR082W,0,-5.327566,0.1760409027338028,0.2668881416320801,0.1249169409275055
YJL208C,YDR207C,0,-5.327674,0.17591241002082825,0.2668881416320801,0.12502768635749817
YPR199C,YBR109C,0,-5.327884,0.17578409612178802,0.2668881416320801,0.12513843178749084
YDL220C,YPR037C,0,-5.3281484,0.17565597593784332,0.2668881416320801,0.12524916231632233
YBR164C,YNL329C,0,-5.3282394,0.17552803456783295,0.2668881416320801,0.125359907746315
YPL096C-A,YOR295W,0,-5.3284135,0.1754002869129181,0.2668881416320801,0.12547065317630768
YOR294W,YOL113W,0,-5.328487,0.17527273297309875,0.2668881416320801,0.12558139860630035
YDR331W,YJL001W,0,-5.328563,0.17514534294605255,0.2668881416320801,0.12569214403629303
YFL041W,YBL105C,0,-5.3286533,0.17501816153526306,0.2668881416320801,0.1258028745651245
YPL001W,YEL056W,1,-5.3289046,0.17561683058738708,0.26799556612968445,0.1258028745651245
YPR131C,YDR145W,1,-5.3291087,0.17621465027332306,0.2691029906272888,0.1258028745651245
YHR048W,YIL029C,0,-5.329563,0.17608696222305298,0.2691029906272888,0.1259136199951172
YLR256W,YPL118W,0,-5.3297424,0.17595945298671722,0.2691029906272888,0.12602436542510986
YDR182W,YBR295W,0,-5.3297434,0.1758321225643158,0.2691029906272888,0.12613511085510254
YDR268W,YNL032W,0,-5.3297906,0.1757049858570099,0.2691029906272888,0.12624584138393402
YBR021W,YMR087W,0,-5.3300138,0.1755780279636383,0.2691029906272888,0.1263565868139267
YDL040C,YMR069W,1,-5.3302126,0.17617328464984894,0.2702104151248932,0.1263565868139267
YOL148C,YHR099W,1,-5.330685,0.17676767706871033,0.27131783962249756,0.1263565868139267
YHR114W,YER162C,0,-5.330824,0.17664022743701935,0.27131783962249756,0.12646733224391937
YPL049C,YGL016W,0,-5.3311205,0.1765129715204239,0.27131783962249756,0.12657807767391205
YOR204W,YPR080W,0,-5.331328,0.17638589441776276,0.27131783962249756,0.12668880820274353
YHR079C-B,YMR053C,0,-5.3313737,0.17625899612903595,0.27131783962249756,0.1267995536327362
YOR254C,YHR030C,0,-5.3320017,0.17613227665424347,0.27131783962249756,0.12691029906272888
YER012W,YER161C,0,-5.3320503,0.1760057508945465,0.27131783962249756,0.12702104449272156
YPL265W,YNR064C,0,-5.332066,0.17587940394878387,0.27131783962249756,0.12713178992271423
YML132W,YMR134W,0,-5.3320827,0.17575322091579437,0.27131783962249756,0.12724252045154572
YCR094W,YBR111W-A,0,-5.3323584,0.17562724649906158,0.27131783962249756,0.1273532658815384
YJL111W,YMR183C,0,-5.332379,0.17550143599510193,0.27131783962249756,0.12746401131153107
YDR425W,YAL016W,0,-5.3324804,0.1753758043050766,0.27131783962249756,0.12757475674152374
YGL238W,YIL144W,0,-5.332668,0.1752503514289856,0.27131783962249756,0.12768548727035522
YFL024C,YDR459C,1,-5.332995,0.1758398860692978,0.27242523431777954,0.12768548727035522
YBR217W,YHR148W,0,-5.333093,0.17571428418159485,0.27242523431777954,0.1277962327003479
YKL192C,YBR058C,0,-5.3334107,0.17558886110782623,0.27242523431777954,0.12790697813034058
YIL128W,YLR005W,0,-5.3335223,0.17546361684799194,0.27242523431777954,0.12801772356033325
YCL012W,YLR353W,0,-5.333526,0.17533856630325317,0.27242523431777954,0.12812845408916473
YDR459C,YOL148C,1,-5.3335366,0.17592592537403107,0.2735326588153839,0.12812845408916473
YOR100C,YBR123C,0,-5.3337245,0.17580071091651917,0.2735326588153839,0.1282391995191574
YDR450W,YLR157C-B,0,-5.3337874,0.1756756752729416,0.2735326588153839,0.12834994494915009
YPR162C,YGR229C,0,-5.3342996,0.17555081844329834,0.2735326588153839,0.12846069037914276
YPR122W,YNL222W,0,-5.334479,0.17542614042758942,0.2735326588153839,0.12857143580913544
YPR034W,YLR382C,0,-5.334702,0.17530162632465363,0.2735326588153839,0.12868216633796692
YPL160W,YFL002W-A,0,-5.334758,0.17517730593681335,0.2735326588153839,0.1287929117679596
YDR439W,YNL229C,0,-5.3347707,0.17505314946174622,0.2735326588153839,0.12890365719795227
YOR023C,YPL129W,1,-5.334865,0.1756373941898346,0.2746400833129883,0.12890365719795227
YEL066W,YMR069W,1,-5.3350844,0.17622080445289612,0.27574750781059265,0.12890365719795227
YGL200C,YMR283C,0,-5.3351912,0.17609618604183197,0.27574750781059265,0.12901440262794495
YGL090W,YMR285C,0,-5.335321,0.17597173154354095,0.27574750781059265,0.12912513315677643
YBR289W,YHR039C-A,0,-5.3355093,0.17584745585918427,0.27574750781059265,0.1292358785867691
YIL072W,YDL128W,0,-5.335522,0.1757233589887619,0.27574750781059265,0.12934662401676178
YNL214W,YFL059W,0,-5.3357234,0.17559944093227386,0.27574750781059265,0.12945736944675446
YIL149C,YPR162C,0,-5.3359694,0.17547568678855896,0.27574750781059265,0.12956809997558594
YDR301W,YEL062W,0,-5.3361273,0.17535211145877838,0.27574750781059265,0.1296788454055786
YLR195C,YOL110W,1,-5.3361564,0.17593243718147278,0.276854932308197,0.1296788454055786
YPL228W,YLR052W,0,-5.336511,0.17580871284008026,0.276854932308197,0.1297895908355713
YOL146W,YLR035C-A,0,-5.3365993,0.17568516731262207,0.276854932308197,0.12990033626556396
YNL084C,YIL072W,0,-5.3366065,0.1755618005990982,0.276854932308197,0.13001106679439545
YGR147C,YDR459C,1,-5.3366323,0.17614035308361053,0.2779623568058014,0.13001106679439545
YMR043W,YIR017C,0,-5.336701,0.17601683735847473,0.2779623568058014,0.13012181222438812
YDR379W,YLR447C,0,-5.3367796,0.17589348554611206,0.2779623568058014,0.1302325576543808
YEL003W,YPR140W,0,-5.3380446,0.17577031254768372,0.2779623568058014,0.13034330308437347
YKL005C,YDR251W,0,-5.3382607,0.1756473034620285,0.2779623568058014,0.13045404851436615
YAL042W,YMR298W,0,-5.3384156,0.17552447319030762,0.2779623568058014,0.13056477904319763
YGR147C,YGL066W,1,-5.338635,0.17610062658786774,0.27906978130340576,0.13056477904319763
YOL034W,YLR360W,0,-5.338993,0.1759776473045349,0.27906978130340576,0.1306755244731903
YFR013W,YPR032W,0,-5.3391056,0.1758548468351364,0.27906978130340576,0.13078626990318298
YCR002C,YNL307C,0,-5.340154,0.17573221027851105,0.27906978130340576,0.13089701533317566
YGR123C,YFR048W,0,-5.3403945,0.17560975253582,0.27906978130340576,0.13100774586200714
YLR355C,YGR161W-B,0,-5.340421,0.1754874587059021,0.27906978130340576,0.13111849129199982
YNR006W,YOR088W,0,-5.340524,0.17536534368991852,0.27906978130340576,0.1312292367219925
YAL034W-A,YHR214C-B,0,-5.340614,0.17524339258670807,0.27906978130340576,0.13133998215198517
YKR048C,YHR197W,0,-5.340877,0.17512160539627075,0.27906978130340576,0.13145071268081665
YDL245C,YML038C,0,-5.3408785,0.17499999701976776,0.27906978130340576,0.13156145811080933
YLR286C,YLR448W,0,-5.340944,0.1748785525560379,0.27906978130340576,0.131672203540802
YER087C-A,YOR343W-A,0,-5.3412185,0.17475728690624237,0.27906978130340576,0.13178294897079468
YCR066W,YGR296W,0,-5.3412304,0.17463617026805878,0.27906978130340576,0.13189369440078735
YIL038C,YOR084W,0,-5.3412814,0.1745152324438095,0.27906978130340576,0.13200442492961884
YLR347C,YML065W,0,-5.3413506,0.17439445853233337,0.27906978130340576,0.1321151703596115
YBL042C,YLR157C-B,0,-5.3413634,0.17427386343479156,0.27906978130340576,0.1322259157896042
YPL051W,YKL139W,0,-5.3414407,0.1741534173488617,0.27906978130340576,0.13233666121959686
YPR030W,YLR223C,0,-5.341468,0.17403315007686615,0.27906978130340576,0.13244739174842834
YBR114W,YGR074W,0,-5.341632,0.17391304671764374,0.27906978130340576,0.13255813717842102
YDR345C,YOR075W,0,-5.341684,0.17379310727119446,0.27906978130340576,0.1326688826084137
YGR144W,YPL033C,0,-5.3417344,0.1736733317375183,0.27906978130340576,0.13277962803840637
YMR237W,YOR008C-A,0,-5.342214,0.1735537201166153,0.27906978130340576,0.13289035856723785
YFR014C,YOL042W,0,-5.3425612,0.1734342724084854,0.27906978130340576,0.13300110399723053
YPL137C,YOR209C,0,-5.343101,0.17331498861312866,0.27906978130340576,0.1331118494272232
YLL018C-A,YDR259C,0,-5.343209,0.17319588363170624,0.27906978130340576,0.13322259485721588
YBR192W,YOR367W,0,-5.343229,0.17307692766189575,0.27906978130340576,0.13333334028720856
YGL169W,YCL062W,0,-5.343246,0.1729581356048584,0.27906978130340576,0.13344407081604004
YOL143C,YHR214C-B,0,-5.343259,0.17283950746059418,0.27906978130340576,0.13355481624603271
YCR044C,YDR389W,0,-5.3435225,0.1727210432291031,0.27906978130340576,0.1336655616760254
YJR076C,YPR018W,0,-5.343643,0.17260274291038513,0.27906978130340576,0.13377630710601807
YPL078C,YMR277W,0,-5.343881,0.1724846065044403,0.27906978130340576,0.13388703763484955
YNR044W,YDL006W,0,-5.3439555,0.17236661911010742,0.27906978130340576,0.13399778306484222
YGL073W,YKL212W,0,-5.3443837,0.17224881052970886,0.27906978130340576,0.1341085284948349
YGR217W,YLR033W,0,-5.344397,0.17213115096092224,0.27906978130340576,0.13421927392482758
YEL034W,YPL097W,0,-5.3446183,0.17201365530490875,0.27906978130340576,0.13433000445365906
YPL096C-A,YKL173W,0,-5.344789,0.1718963235616684,0.27906978130340576,0.13444074988365173
YCR089W,YIR015W,0,-5.3450303,0.17177914083003998,0.27906978130340576,0.1345514953136444
YLL002W,YHR099W,1,-5.345185,0.17234332859516144,0.28017717599868774,0.1345514953136444
YPL270W,YBR090C-A,0,-5.3453016,0.17222599685192108,0.28017717599868774,0.13466224074363708
YDR309C,YJL113W,0,-5.345306,0.17210884392261505,0.28017717599868774,0.13477298617362976
YPL231W,YBR295W,0,-5.3455234,0.17199184000492096,0.28017717599868774,0.13488371670246124
YFL059W,YML098W,0,-5.3457065,0.171875,0.28017717599868774,0.13499446213245392
YJL183W,YDR422C,0,-5.3464694,0.17175830900669098,0.28017717599868774,0.1351052075624466
YPL096C-A,YJR103W,0,-5.346784,0.17164179682731628,0.28017717599868774,0.13521595299243927
YBL063W,YLR181C,0,-5.3469586,0.17152541875839233,0.28017717599868774,0.13532668352127075
YPL087W,YCL075W,0,-5.3470755,0.1714092195034027,0.28017717599868774,0.13543742895126343
YJL072C,YNL079C,0,-5.347244,0.17129316926002502,0.28017717599868774,0.1355481743812561
YPR171W,YOR132W,0,-5.34761,0.17117726802825928,0.28017717599868774,0.13565891981124878
YKL114C,YPR095C,0,-5.3478045,0.17106153070926666,0.28017717599868774,0.13576965034008026
YOR179C,YDR532C,0,-5.347916,0.170945942401886,0.28017717599868774,0.13588039577007294
YJR082C,YBR198C,1,-5.347943,0.17150573432445526,0.2812846004962921,0.13588039577007294
YPR046W,YNL231C,0,-5.348165,0.17139001190662384,0.2812846004962921,0.1359911412000656
YPL270W,YDR477W,0,-5.3482056,0.17127443850040436,0.2812846004962921,0.1361018866300583
YOL044W,YPR094W,0,-5.348288,0.171159029006958,0.2812846004962921,0.13621261715888977
YAL035W,YHR091C,0,-5.3483224,0.1710437685251236,0.2812846004962921,0.13632336258888245
YPL091W,YBR012W-B,0,-5.348352,0.17092867195606232,0.2812846004962921,0.13643410801887512
YDL079C,YCR062W,0,-5.348621,0.17081372439861298,0.2812846004962921,0.1365448534488678
YIR010W,YAR007C,0,-5.348661,0.17069892585277557,0.2812846004962921,0.13665559887886047
YCL025C,YDR393W,0,-5.348929,0.1705842912197113,0.2812846004962921,0.13676632940769196
YPL228W,YJL196C,0,-5.3493485,0.17046980559825897,0.2812846004962921,0.13687707483768463
YIL036W,YDL116W,0,-5.3494844,0.17035546898841858,0.2812846004962921,0.1369878202676773
YDL028C,YDR143C,0,-5.3497667,0.17024128139019012,0.2812846004962921,0.13709856569766998
YIL010W,YBR102C,0,-5.349936,0.1701272577047348,0.2812846004962921,0.13720929622650146
YIL040W,YDL245C,0,-5.349998,0.17001338303089142,0.2812846004962921,0.13732004165649414
YDR235W,YCR033W,0,-5.350284,0.16989967226982117,0.2812846004962921,0.13743078708648682
YNR067C,YFL003C,0,-5.3504815,0.16978609561920166,0.2812846004962921,0.1375415325164795
YGL097W,YLR157C-B,0,-5.3504953,0.16967268288135529,0.2812846004962921,0.13765226304531097
YER108C,YCR012W,0,-5.35054,0.16955941915512085,0.2812846004962921,0.13776300847530365
YGL238W,YOR191W,0,-5.3505955,0.16944630444049835,0.2812846004962921,0.13787375390529633
YPL078C,YGL169W,0,-5.350727,0.1693333387374878,0.2812846004962921,0.137984499335289
YML114C,YDR532C,0,-5.350881,0.16922052204608917,0.2812846004962921,0.13809524476528168
YGL084C,YIL139C,0,-5.350968,0.1691078543663025,0.2812846004962921,0.13820597529411316
YPL174C,YLR285W,0,-5.351023,0.16899533569812775,0.2812846004962921,0.13831672072410583
YNL129W,YOR008C-A,0,-5.3510814,0.16888298094272614,0.2812846004962921,0.1384274661540985
YNL225C,YER162C,0,-5.351356,0.16877076029777527,0.2812846004962921,0.1385382115840912
YDR446W,YOL069W,0,-5.3514047,0.16865870356559753,0.2812846004962921,0.13864894211292267
YGL092W,YDR018C,0,-5.3515344,0.16854678094387054,0.2812846004962921,0.13875968754291534
YOR193W,YDL120W,0,-5.3515973,0.1684350073337555,0.2812846004962921,0.13887043297290802
YHR072W,YPR006C,0,-5.3517213,0.16832339763641357,0.2812846004962921,0.1389811784029007
YNL311C,YDR213W,0,-5.3517504,0.1682119220495224,0.2812846004962921,0.13909190893173218
YPL122C,YLR467W,0,-5.3517747,0.16810059547424316,0.2812846004962921,0.13920265436172485
YOL001W,YCL074W,0,-5.351815,0.16798941791057587,0.2812846004962921,0.13931339979171753
YCR094W,YGR143W,0,-5.3520083,0.1678783893585205,0.2812846004962921,0.1394241452217102
YDL029W,YGR040W,0,-5.3520956,0.1677675098180771,0.2812846004962921,0.13953489065170288
YIL036W,YNL107W,0,-5.3521924,0.1676567643880844,0.2812846004962921,0.13964562118053436
YGL208W,YPL144W,0,-5.3522983,0.16754616796970367,0.2812846004962921,0.13975636661052704
YDR270W,YDR079C-A,0,-5.3523765,0.16743573546409607,0.2812846004962921,0.13986711204051971
YLR105C,YOR088W,0,-5.352654,0.16732542216777802,0.2812846004962921,0.1399778574705124
YCL010C,YGR002C,1,-5.3528996,0.16787360608577728,0.2823920249938965,0.1399778574705124
YNL309W,YBR012W-A,0,-5.3534274,0.16776315867900848,0.2823920249938965,0.14008858799934387
YLR176C,YGR185C,0,-5.354008,0.16765286028385162,0.2823920249938965,0.14019933342933655
YBL006C,YGL053W,0,-5.3540115,0.1675427109003067,0.2823920249938965,0.14031007885932922
YCR058C,YBR289W,0,-5.35413,0.16743269562721252,0.2823920249938965,0.1404208242893219
YNL281W,YAR031W,0,-5.354196,0.16732282936573029,0.2823920249938965,0.14053155481815338
YLR353W,YCL033C,0,-5.35433,0.16721311211585999,0.2823920249938965,0.14064230024814606
YGL142C,YDR189W,0,-5.354441,0.16710354387760162,0.2823920249938965,0.14075304567813873
YHR061C,YNL004W,0,-5.3545237,0.166994109749794,0.2823920249938965,0.1408637911081314
YCR028C-A,YDL080C,0,-5.3548446,0.16688480973243713,0.2823920249938965,0.14097453653812408
YHR013C,YFL024C,1,-5.354923,0.16742968559265137,0.28349944949150085,0.14097453653812408
YPL242C,YML034W,0,-5.3553443,0.16732026636600494,0.28349944949150085,0.14108526706695557
YDR284C,YDR027C,0,-5.355542,0.16721096634864807,0.28349944949150085,0.14119601249694824
YLL018C-A,YDL245C,0,-5.3556867,0.16710183024406433,0.28349944949150085,0.14130675792694092
YDR283C,YOR332W,0,-5.3557935,0.16699282824993134,0.28349944949150085,0.1414175033569336
YMR068W,YMR043W,0,-5.355859,0.16688396036624908,0.28349944949150085,0.14152823388576508
YMR109W,YPR095C,0,-5.3559976,0.16677524149417877,0.28349944949150085,0.14163897931575775
YIR006C,YNL317W,0,-5.35613,0.1666666716337204,0.28349944949150085,0.14174972474575043
YEL066W,YBR081C,1,-5.3561797,0.16720885038375854,0.2846068739891052,0.14174972474575043
YER108C,YGR211W,0,-5.356231,0.16710013151168823,0.2846068739891052,0.1418604701757431
YMR096W,YBR058C-A,0,-5.3563027,0.16699154675006866,0.2846068739891052,0.14197120070457458
YBR272C,YNL099C,0,-5.3563037,0.16688311100006104,0.2846068739891052,0.14208194613456726
YJL081C,YNL136W,1,-5.3563724,0.16742375493049622,0.2857142984867096,0.14208194613456726
YPL096W,YLR298C,0,-5.356568,0.16731517016887665,0.2857142984867096,0.14219269156455994
YJL081C,YDL040C,1,-5.3565817,0.16785483062267303,0.2868216931819916,0.14219269156455994
YDL149W,YJR010C-A,0,-5.3569026,0.16774611175060272,0.2868216931819916,0.1423034369945526
YNL031C,YOR140W,0,-5.3569393,0.16763754189014435,0.2868216931819916,0.1424141675233841
YCL004W,YIL076W,0,-5.3571124,0.16752910614013672,0.2868216931819916,0.14252491295337677
YHR001W-A,YDR261W-A,0,-5.357525,0.16742081940174103,0.2868216931819916,0.14263565838336945
YHR099W,YOR064C,1,-5.357706,0.16795866191387177,0.28792911767959595,0.14263565838336945
YJL006C,YOL093W,0,-5.358103,0.16785022616386414,0.28792911767959595,0.14274640381336212
YNL014W,YDR473C,0,-5.3586364,0.16774193942546844,0.28792911767959595,0.1428571492433548
YIR004W,YJR069C,0,-5.3589644,0.1676337867975235,0.28792911767959595,0.14296787977218628
YBL025W,YFL045C,0,-5.359198,0.1675257682800293,0.28792911767959595,0.14307862520217896
YPR183W,YOR343W-A,0,-5.359337,0.16741789877414703,0.28792911767959595,0.14318937063217163
YGL223C,YCR062W,0,-5.3597026,0.16731016337871552,0.28792911767959595,0.1433001160621643
YDR213W,YJR028W,0,-5.3597693,0.16720257699489594,0.28792911767959595,0.1434108465909958
YDL231C,YER133W,0,-5.359986,0.1670951098203659,0.28792911767959595,0.14352159202098846
YOR266W,YNL311C,0,-5.360534,0.16698779165744781,0.28792911767959595,0.14363233745098114
YHR079C-B,YER072W,0,-5.3607535,0.16688062250614166,0.28792911767959595,0.14374308288097382
YBR233W-A,YNL250W,0,-5.360764,0.16677357256412506,0.28792911767959595,0.1438538134098053
YAL022C,YDR293C,0,-5.3607717,0.1666666716337204,0.28792911767959595,0.14396455883979797
YIL048W,YDR473C,0,-5.3609304,0.16655990481376648,0.28792911767959595,0.14407530426979065
YHR053C,YKL017C,0,-5.361056,0.1664532721042633,0.28792911767959595,0.14418604969978333
YGR218W,YPR183W,0,-5.3610673,0.16634677350521088,0.28792911767959595,0.144296795129776
YML081C-A,YPL012W,0,-5.3613186,0.1662404090166092,0.28792911767959595,0.14440752565860748
YJL104W,YMR046C,0,-5.361321,0.16613417863845825,0.28792911767959595,0.14451827108860016
YOL147C,YER159C-A,0,-5.361366,0.16602809727191925,0.28792911767959595,0.14462901651859283
YKR063C,YPR070W,0,-5.3614445,0.165922150015831,0.28792911767959595,0.1447397619485855
YKL172W,YGL210W-A,0,-5.361462,0.1658163219690323,0.28792911767959595,0.144850492477417
YBR109C,YOR380W,0,-5.3615756,0.16571064293384552,0.28792911767959595,0.14496123790740967
YHR187W,YOL028C,0,-5.361604,0.1656050980091095,0.28792911767959595,0.14507198333740234
YFL059W,YDR098C-A,0,-5.361837,0.16549968719482422,0.28792911767959595,0.14518272876739502
YGR082W,YLR360W,0,-5.3620076,0.1653943955898285,0.28792911767959595,0.1452934592962265
YFL024C,YOL110W,1,-5.362026,0.16592498123645782,0.2890365421772003,0.1452934592962265
YJL146W,YGR229C,0,-5.3621783,0.16581957042217255,0.2890365421772003,0.14540420472621918
YOR290C,YBR058C-A,0,-5.3622384,0.16571427881717682,0.2890365421772003,0.14551495015621185
YDL044C,YER007W,0,-5.362454,0.16560913622379303,0.2890365421772003,0.14562569558620453
YGR247W,YPL262W,0,-5.3624797,0.16550412774085999,0.2890365421772003,0.1457364410161972
YDR077W,YER180C-A,0,-5.3625407,0.1653992384672165,0.2890365421772003,0.1458471715450287
YDL175C,YNL128W,0,-5.362599,0.16529448330402374,0.2890365421772003,0.14595791697502136
YDL226C,YDR363W-A,0,-5.362683,0.16518987715244293,0.2890365421772003,0.14606866240501404
YBR009C,YGR213C,0,-5.362784,0.16508539021015167,0.2890365421772003,0.1461794078350067
YCR002C,YMR049C,0,-5.362946,0.16498103737831116,0.2890365421772003,0.1462901383638382
YLR386W,YDR341C,0,-5.363059,0.1648768186569214,0.2890365421772003,0.14640088379383087
YNL259C,YKL073W,0,-5.363109,0.16477273404598236,0.2890365421772003,0.14651162922382355
YPL137C,YDR177W,0,-5.3632016,0.16466876864433289,0.2890365421772003,0.14662237465381622
YDR280W,YDR464W,0,-5.363322,0.16456493735313416,0.2890365421772003,0.1467331051826477
YDR097C,YNL054W,0,-5.363324,0.16446125507354736,0.2890365421772003,0.14684385061264038
YDR126W,YMR236W,1,-5.3634415,0.16498740017414093,0.2901439666748047,0.14684385061264038
YGL092W,YCL032W,0,-5.363473,0.1648835688829422,0.2901439666748047,0.14695459604263306
YPL133C,YGR074W,0,-5.3639054,0.1647798717021942,0.2901439666748047,0.14706534147262573
YPR198W,YPR158W-A,0,-5.363975,0.16467630863189697,0.2901439666748047,0.1471760869026184
YML010W,YMR077C,0,-5.364242,0.16457286477088928,0.2901439666748047,0.1472868174314499
YIL132C,YOR334W,0,-5.3642526,0.16446955502033234,0.2901439666748047,0.14739756286144257
YCR071C,YKL074C,0,-5.364635,0.16436637938022614,0.2901439666748047,0.14750830829143524
YOL090W,YGR211W,0,-5.3651814,0.16426332294940948,0.2901439666748047,0.14761905372142792
YNL326C,YGL066W,1,-5.365292,0.16478696465492249,0.29125139117240906,0.14761905372142792
YFL024C,YEL056W,1,-5.365339,0.16530995070934296,0.2923588156700134,0.14761905372142792
YLR127C,YNL166C,0,-5.3655457,0.16520650684833527,0.2923588156700134,0.1477297842502594
YDL161W,YBR114W,0,-5.3656034,0.16510318219661713,0.2923588156700134,0.14784052968025208
YGL030W,YOR343W-B,0,-5.3657727,0.16500000655651093,0.2923588156700134,0.14795127511024475
YPL001W,YDL040C,1,-5.3657804,0.1655215471982956,0.2934662103652954,0.14795127511024475
YJR084W,YPR182W,0,-5.3658247,0.16541822254657745,0.2934662103652954,0.14806202054023743
YER111C,YML131W,0,-5.366136,0.16531503200531006,0.2934662103652954,0.1481727510690689
YHR079C-B,YHR050W,0,-5.366426,0.1652119755744934,0.2934662103652954,0.14828349649906158
YDR055W,YOL103W-A,0,-5.366635,0.1651090383529663,0.2934662103652954,0.14839424192905426
YNL045W,YOR008C-A,0,-5.366673,0.16500622034072876,0.2934662103652954,0.14850498735904694
YOL078W,YFR046C,0,-5.3668056,0.16490355134010315,0.2934662103652954,0.1486157327890396
YBR127C,YGR122W,0,-5.367068,0.1648010015487671,0.2934662103652954,0.1487264633178711
YKR053C,YML045W,0,-5.3671355,0.16469857096672058,0.2934662103652954,0.14883720874786377
YBR050C,YJR068W,0,-5.3672023,0.16459627449512482,0.2934662103652954,0.14894795417785645
YFL025C,YDR443C,0,-5.367449,0.1644940972328186,0.2934662103652954,0.14905869960784912
YPR023C,YPR131C,1,-5.36773,0.1650124043226242,0.2945736348628998,0.14905869960784912
YLR153C,YGL066W,1,-5.367738,0.16553007066249847,0.29568105936050415,0.14905869960784912
YLR206W,YIR022W,0,-5.3678117,0.16542750597000122,0.29568105936050415,0.1491694301366806
YOR001W,YML127W,0,-5.368197,0.1653250753879547,0.29568105936050415,0.14928017556667328
YPL048W,YPL269W,0,-5.3682055,0.16522277891635895,0.29568105936050415,0.14939092099666595
YHR204W,YBR024W,0,-5.3682065,0.16512058675289154,0.29568105936050415,0.14950166642665863
YPL001W,YCL010C,1,-5.3682585,0.1656365841627121,0.2967884838581085,0.14950166642665863
YOL130W,YHR200W,0,-5.3685164,0.16553428769111633,0.2967884838581085,0.1496123969554901
YIL040W,YNL284C-B,0,-5.368522,0.16543209552764893,0.2967884838581085,0.1497231423854828
YHR118C,YIL017C,0,-5.3693256,0.16533003747463226,0.2967884838581085,0.14983388781547546
YGR216C,YBR050C,0,-5.3694253,0.16522811353206635,0.2967884838581085,0.14994463324546814
YLR028C,YIL129C,0,-5.3694835,0.16512630879878998,0.2967884838581085,0.15005536377429962
YLR160C,YNL016W,0,-5.369547,0.16502462327480316,0.2967884838581085,0.1501661092042923
YPR200C,YLR447C,0,-5.36967,0.1649230718612671,0.2967884838581085,0.15027685463428497
YIL124W,YPL020C,0,-5.3697596,0.16482165455818176,0.2967884838581085,0.15038760006427765
YJR082C,YHR090C,1,-5.3702335,0.16533496975898743,0.2978959083557129,0.15038760006427765
YHR183W,YLR157C-B,0,-5.3703275,0.16523341834545135,0.2978959083557129,0.15049834549427032
YJL018W,YDL154W,0,-5.3707037,0.16513198614120483,0.2978959083557129,0.1506090760231018
YBR196C,YLR256W-A,0,-5.3708196,0.16503067314624786,0.2978959083557129,0.15071982145309448
YDL232W,YLR312C-B,0,-5.370939,0.16492949426174164,0.2978959083557129,0.15083056688308716
YAL054C,YGR147C,1,-5.3711286,0.16544117033481598,0.29900333285331726,0.15083056688308716
YGR047C,YGR161W-B,0,-5.3712296,0.1653398722410202,0.29900333285331726,0.15094131231307983
YPL040C,YNL268W,0,-5.3713794,0.16523867845535278,0.29900333285331726,0.15105204284191132
YMR188C,YER149C,0,-5.371392,0.1651376187801361,0.29900333285331726,0.151162788271904
YDR511W,YDR244W,0,-5.371509,0.16503667831420898,0.29900333285331726,0.15127353370189667
YEL066W,YLR195C,1,-5.3716307,0.1655467301607132,0.30011072754859924,0.15127353370189667
YFL025C,YCL005W-A,0,-5.3716464,0.16544567048549652,0.30011072754859924,0.15138427913188934
YLR228C,YML107C,0,-5.372406,0.1653447151184082,0.30011072754859924,0.15149500966072083
YIL023C,YER137C-A,0,-5.372543,0.16524390876293182,0.30011072754859924,0.1516057550907135
YOL017W,YLR011W,0,-5.3726535,0.1651432067155838,0.30011072754859924,0.15171650052070618
YGL200C,YCR055C,0,-5.372686,0.16504262387752533,0.30011072754859924,0.15182724595069885
YDL017W,YJL065C,0,-5.372768,0.1649421751499176,0.30011072754859924,0.15193799138069153
YDR341C,YPR158W-B,0,-5.3727894,0.16484184563159943,0.30011072754859924,0.152048721909523
YAL003W,YOR343W-A,0,-5.3729124,0.1647416353225708,0.30011072754859924,0.15215946733951569
YLL026W,YCL060C,0,-5.373241,0.16464155912399292,0.30011072754859924,0.15227021276950836
YDR404C,YBR284W,0,-5.373286,0.1645415872335434,0.30011072754859924,0.15238095819950104
YMR091C,YIL109C,0,-5.3732944,0.16444174945354462,0.30011072754859924,0.15249168872833252
YNL003C,YPL122C,0,-5.373311,0.1643420308828354,0.30011072754859924,0.1526024341583252
YPL209C,YFL035C,0,-5.3737125,0.1642424315214157,0.30011072754859924,0.15271317958831787
YBR089C-A,YIR006C,0,-5.373722,0.1641429364681244,0.30011072754859924,0.15282392501831055
YIL051C,YCL074W,0,-5.37378,0.164043590426445,0.30011072754859924,0.15293465554714203
YCR048W,YDR365C,0,-5.3739986,0.16394434869289398,0.30011072754859924,0.1530454009771347
YDR163W,YHR050W,0,-5.3741984,0.1638452261686325,0.30011072754859924,0.15315614640712738
YGR083C,YOR142W-A,0,-5.374389,0.16374622285366058,0.30011072754859924,0.15326689183712006
YKR095W,YCL031C,0,-5.3745127,0.1636473387479782,0.30011072754859924,0.15337763726711273
YFR031C,YCL069W,0,-5.3745723,0.16354858875274658,0.30011072754859924,0.1534883677959442
YGR063C,YBL005W-A,0,-5.3748007,0.1634499430656433,0.30011072754859924,0.1535991132259369
YLR399C,YNR048W,0,-5.374849,0.1633514165878296,0.30011072754859924,0.15370985865592957
YPR017C,YBR022W,0,-5.3751125,0.16325300931930542,0.30011072754859924,0.15382060408592224
YKL062W,YPL210C,0,-5.375189,0.1631547212600708,0.30011072754859924,0.15393133461475372
YGL210W-A,YOR007C,0,-5.375202,0.16305655241012573,0.30011072754859924,0.1540420800447464
YMR319C,YDR129C,0,-5.375386,0.16295850276947021,0.30011072754859924,0.15415282547473907
YDL014W,YHR012W,0,-5.3754215,0.16286057233810425,0.30011072754859924,0.15426357090473175
YPR190C,YBR103W,0,-5.375505,0.16276276111602783,0.30011072754859924,0.15437430143356323
YDR393W,YNL273W,0,-5.3755474,0.16266506910324097,0.30011072754859924,0.1544850468635559
YFL021W,YGL151W,0,-5.3758893,0.16256748139858246,0.30011072754859924,0.15459579229354858
YKL160W,YBL055C,0,-5.3759627,0.1624700278043747,0.30011072754859924,0.15470653772354126
YKR052C,YBL080C,0,-5.3760443,0.1623726785182953,0.30011072754859924,0.15481728315353394
YLR248W,YOR088W,0,-5.3764396,0.16227544844150543,0.30011072754859924,0.15492801368236542
YJL060W,YBR012W-B,0,-5.376579,0.16217833757400513,0.30011072754859924,0.1550387591123581
YJL115W,YFL024C,1,-5.376619,0.16267941892147064,0.3012181520462036,0.1550387591123581
YER108C,YBR127C,0,-5.376692,0.1625821888446808,0.3012181520462036,0.15514950454235077
YOR109W,YKL074C,0,-5.376819,0.1624850630760193,0.3012181520462036,0.15526024997234344
YGL194C,YDR404C,0,-5.3772683,0.16238805651664734,0.3012181520462036,0.15537098050117493
YKL139W,YKR055W,0,-5.3776445,0.16229116916656494,0.3012181520462036,0.1554817259311676
YDR166C,YOR356W,0,-5.377702,0.1621944010257721,0.3012181520462036,0.15559247136116028
YOL110W,YOL148C,1,-5.3782134,0.16269367933273315,0.302325576543808,0.15559247136116028
YGR247W,YDR481C,0,-5.3783274,0.16259677708148956,0.302325576543808,0.15570321679115295
YNL078W,YKL173W,0,-5.378405,0.16249999403953552,0.302325576543808,0.15581394731998444
YJR084W,YOR130C,0,-5.3785815,0.16240333020687103,0.302325576543808,0.1559246927499771
YGR213C,YEL002C,0,-5.37863,0.1623067706823349,0.302325576543808,0.1560354381799698
YOR281C,YLR157C-B,0,-5.378695,0.1622103452682495,0.302325576543808,0.15614618360996246
YFR008W,YGL167C,0,-5.378885,0.1621140092611313,0.302325576543808,0.15625691413879395
YGL025C,YOR315W,0,-5.3789115,0.1620178073644638,0.302325576543808,0.15636765956878662
YBR081C,YDR126W,1,-5.3790393,0.1625148206949234,0.30343300104141235,0.15636765956878662
YOR308C,YDR082W,0,-5.379353,0.16241849958896637,0.30343300104141235,0.1564784049987793
YOR034C,YDL040C,1,-5.379519,0.1629146933555603,0.3045404255390167,0.1564784049987793
YDR118W,YBR038W,0,-5.379623,0.16281823813915253,0.3045404255390167,0.15658915042877197
YGL087C,YBR111W-A,0,-5.379677,0.1627218872308731,0.3045404255390167,0.15669989585876465
YBR283C,YDR034C-C,0,-5.3798003,0.16262567043304443,0.3045404255390167,0.15681062638759613
YCL031C,YGR038C-B,0,-5.3800874,0.16252955794334412,0.3045404255390167,0.1569213718175888
YJL085W,YLR467W,0,-5.3802896,0.16243354976177216,0.3045404255390167,0.15703211724758148
YNR015W,YJL113W,0,-5.380306,0.16233766078948975,0.3045404255390167,0.15714286267757416
YHR015W,YLR007W,0,-5.3803797,0.1622418910264969,0.3045404255390167,0.15725359320640564
YDL035C,YBR030W,0,-5.3805685,0.16214622557163239,0.3045404255390167,0.15736433863639832
YLR131C,YDL090C,0,-5.380741,0.16205067932605743,0.3045404255390167,0.157475084066391
YNL164C,YDR545W,0,-5.3807898,0.16195523738861084,0.3045404255390167,0.15758582949638367
YER015W,YOL148C,1,-5.3809667,0.16244849562644958,0.3056478500366211,0.15758582949638367
YHR171W,YBL006C,0,-5.3810296,0.16235293447971344,0.3056478500366211,0.15769656002521515
YDL245C,YPL146C,0,-5.3810635,0.16225749254226685,0.3056478500366211,0.15780730545520782
YNL023C,YOR332W,0,-5.3813024,0.1621621549129486,0.3056478500366211,0.1579180508852005
YNL055C,YCR058C,0,-5.381416,0.16206693649291992,0.3056478500366211,0.15802879631519318
YDR448W,YOR023C,1,-5.381634,0.1625586897134781,0.30675527453422546,0.15802879631519318
YMR153W,YER137C-A,0,-5.382093,0.16246333718299866,0.30675527453422546,0.15813954174518585
YAL021C,YNL214W,0,-5.3821115,0.16236811876296997,0.30675527453422546,0.15825027227401733
YHR143W-A,YIL144W,0,-5.3821416,0.16227298974990845,0.30675527453422546,0.15836101770401
YKL152C,YDL109C,0,-5.3823023,0.16217797994613647,0.30675527453422546,0.15847176313400269
YDR254W,YLR107W,0,-5.382423,0.16208308935165405,0.30675527453422546,0.15858250856399536
YNL145W,YFL003C,0,-5.382656,0.1619883030653,0.30675527453422546,0.15869323909282684
YDL102W,YBR049C,0,-5.382813,0.16189363598823547,0.30675527453422546,0.15880398452281952
YCR020W-B,YNL309W,0,-5.3828435,0.16179905831813812,0.30675527453422546,0.1589147299528122
YMR042W,YGR006W,0,-5.3829165,0.16170461475849152,0.30675527453422546,0.15902547538280487
YKL190W,YNR006W,0,-5.3830175,0.16161027550697327,0.30675527453422546,0.15913620591163635
YOR095C,YDR131C,0,-5.383022,0.16151604056358337,0.30675527453422546,0.15924695134162903
YFL009W,YLR316C,0,-5.3831725,0.16142190992832184,0.30675527453422546,0.1593576967716217
YNL330C,YLR166C,0,-5.383244,0.16132789850234985,0.30675527453422546,0.15946844220161438
YML059C,YDR200C,0,-5.3833823,0.16123399138450623,0.30675527453422546,0.15957918763160706
YLR183C,YOR343W-B,0,-5.38369,0.16114020347595215,0.30675527453422546,0.15968991816043854
YPR025C,YDL230W,0,-5.383693,0.16104650497436523,0.30675527453422546,0.1598006635904312
YJL090C,YPL096W,0,-5.384188,0.16095294058322906,0.30675527453422546,0.1599114090204239
YHL019C,YPL100W,0,-5.3843083,0.16085946559906006,0.30675527453422546,0.16002215445041656
YCR039C,YLR435W,0,-5.384322,0.1607661098241806,0.30675527453422546,0.16013288497924805
YGL257C,YJL108C,0,-5.3843265,0.1606728583574295,0.30675527453422546,0.16024363040924072
YML069W,YER012W,0,-5.3843703,0.16057971119880676,0.30675527453422546,0.1603543758392334
YLR309C,YNR015W,0,-5.384415,0.16048666834831238,0.30675527453422546,0.16046512126922607
YGR028W,YDR473C,0,-5.38491,0.16039374470710754,0.30675527453422546,0.16057585179805756
YJR057W,YIR015W,0,-5.384971,0.16030092537403107,0.30675527453422546,0.16068659722805023
YLR056W,YOL103W-B,0,-5.3849998,0.16020821034908295,0.30675527453422546,0.1607973426580429
YHR079C-A,YOR088W,0,-5.3854394,0.16011559963226318,0.30675527453422546,0.16090808808803558
YBR233W-A,YDL087C,0,-5.385823,0.16002310812473297,0.30675527453422546,0.16101883351802826
YNL136W,YEL066W,1,-5.3858933,0.16050808131694794,0.30786266922950745,0.16101883351802826
YPR007C,YOL103W-A,0,-5.385901,0.16041547060012817,0.30786266922950745,0.16112956404685974
YNL274C,YHR079C-B,0,-5.38641,0.16032294929027557,0.30786266922950745,0.16124030947685242
YPL018W,YAL051W,0,-5.386543,0.16023054718971252,0.30786266922950745,0.1613510549068451
YBR022W,YLR337W,0,-5.3865857,0.16013824939727783,0.30786266922950745,0.16146180033683777
YNL271C,YPL208W,0,-5.386722,0.1600460559129715,0.30786266922950745,0.16157253086566925
YDR188W,YDR034C-C,0,-5.3868012,0.15995396673679352,0.30786266922950745,0.16168327629566193
YDR335W,YOR230W,0,-5.3870683,0.1598619967699051,0.30786266922950745,0.1617940217256546
YIL070C,YGR161W-B,0,-5.3870883,0.15977011620998383,0.30786266922950745,0.16190476715564728
YPR002W,YHR079C-B,0,-5.3873124,0.15967833995819092,0.30786266922950745,0.16201549768447876
YLR117C,YLL013C,0,-5.3874235,0.15958668291568756,0.30786266922950745,0.16212624311447144
YLR201C,YGR027W-B,0,-5.3875384,0.15949513018131256,0.30786266922950745,0.1622369885444641
YGL190C,YGL030W,0,-5.387843,0.15940366685390472,0.30786266922950745,0.1623477339744568
YEL018W,YER072W,0,-5.387855,0.15931232273578644,0.30786266922950745,0.16245846450328827
YLR382C,YCL075W,0,-5.3878937,0.1592210829257965,0.30786266922950745,0.16256920993328094
YOL063C,YGL063W,0,-5.3879437,0.15912993252277374,0.30786266922950745,0.16267995536327362
YDR018C,YHL009W-B,0,-5.3881526,0.15903890132904053,0.30786266922950745,0.1627907007932663
YDR098C-B,YOR287C,0,-5.3882756,0.15894797444343567,0.30786266922950745,0.16290144622325897
YJL003W,YJL100W,0,-5.3885593,0.15885713696479797,0.30786266922950745,0.16301217675209045
YHR012W,YGR054W,0,-5.38884,0.15876641869544983,0.30786266922950745,0.16312292218208313
YHL048W,YNL323W,0,-5.3888717,0.15867580473423004,0.30786266922950745,0.1632336676120758
YDR258C,YFL002W-A,0,-5.3893275,0.15858528017997742,0.30786266922950745,0.16334441304206848
YDR314C,YHR020W,0,-5.389523,0.15849487483501434,0.30786266922950745,0.16345514357089996
YMR240C,YNL116W,0,-5.389744,0.15840455889701843,0.30786266922950745,0.16356588900089264
YHR011W,YGR121C,0,-5.389804,0.15831434726715088,0.30786266922950745,0.16367663443088531
YGL001C,YKL138C-A,0,-5.390102,0.15822423994541168,0.30786266922950745,0.163787379860878
YGR275W,YDL109C,0,-5.390144,0.15813423693180084,0.30786266922950745,0.16389811038970947
YBR039W,YGL122C,0,-5.390165,0.15804433822631836,0.30786266922950745,0.16400885581970215
YKL179C,YNL006W,0,-5.390329,0.15795454382896423,0.30786266922950745,0.16411960124969482
YJR029W,YNL284C-B,0,-5.390363,0.15786485373973846,0.30786266922950745,0.1642303466796875
YLL013C,YOR075W,0,-5.3904066,0.15777525305747986,0.30786266922950745,0.16434109210968018
YNL288W,YNL003C,0,-5.3904157,0.1576857566833496,0.30786266922950745,0.16445182263851166
YNL118C,YOR060C,0,-5.3906484,0.15759636461734772,0.30786266922950745,0.16456256806850433
YJL025W,YOR148C,0,-5.391135,0.15750707685947418,0.30786266922950745,0.164673313498497
YIL009W,YMR069W,1,-5.3913918,0.15798413753509521,0.3089700937271118,0.164673313498497
YLL061W,YOL103W-B,0,-5.3915095,0.15789473056793213,0.3089700937271118,0.16478405892848969
YNL037C,YDR388W,0,-5.392027,0.1578054279088974,0.3089700937271118,0.16489478945732117
YDR182W,YGR038C-A,0,-5.3923697,0.15771622955799103,0.3089700937271118,0.16500553488731384
YER117W,YLL003W,0,-5.3923903,0.15762712061405182,0.3089700937271118,0.16511628031730652
YOR310C,YMR134W,0,-5.3924303,0.15753811597824097,0.3089700937271118,0.1652270257472992
YHR107C,YFL002W-B,0,-5.392452,0.15744921565055847,0.3089700937271118,0.16533775627613068
YBR100W,YCL060C,0,-5.3924723,0.15736040472984314,0.3089700937271118,0.16544850170612335
YOL049W,YOL103W-A,0,-5.3926153,0.15727169811725616,0.3089700937271118,0.16555924713611603
YJR158W,YBR100W,0,-5.3929925,0.15718309581279755,0.3089700937271118,0.1656699925661087
YOR061W,YPR121W,0,-5.3929954,0.15709459781646729,0.3089700937271118,0.16578073799610138
YOR281C,YOR008C-A,0,-5.3931456,0.1570061892271042,0.3089700937271118,0.16589146852493286
YOL122C,YGR038C-B,0,-5.3933115,0.15691788494586945,0.3089700937271118,0.16600221395492554
YOL127W,YGR212W,0,-5.3934407,0.15682968497276306,0.3089700937271118,0.1661129593849182
YJR040W,YHR067W,0,-5.393539,0.15674157440662384,0.3089700937271118,0.1662237048149109
YDR461W,YGR158C,0,-5.393556,0.15665356814861298,0.3089700937271118,0.16633443534374237
YFL029C,YNR052C,0,-5.3936,0.15656565129756927,0.3089700937271118,0.16644518077373505
YOL110W,YPL129W,1,-5.3936195,0.15703870356082916,0.3100775182247162,0.16644518077373505
YLR127C,YDR331W,0,-5.3936543,0.1569506675004959,0.3100775182247162,0.16655592620372772
YOL145C,YOR356W,0,-5.3941646,0.1568627506494522,0.3100775182247162,0.1666666716337204
YCL060C,YKR055W,0,-5.394209,0.15677492320537567,0.3100775182247162,0.16677740216255188
YNR002C,YDR261W-A,0,-5.394212,0.1566871851682663,0.3100775182247162,0.16688814759254456
YNL286W,YCR073C,0,-5.3943744,0.15659955143928528,0.3100775182247162,0.16699889302253723
YOL049W,YER137C-A,0,-5.3946214,0.15651202201843262,0.3100775182247162,0.1671096384525299
YNL330C,YER041W,0,-5.3947067,0.15642458200454712,0.3100775182247162,0.16722038388252258
YLR377C,YPL042C,0,-5.3947206,0.15633724629878998,0.3100775182247162,0.16733111441135406
YMR203W,YCR062W,0,-5.394744,0.15625,0.3100775182247162,0.16744185984134674
YLR260W,YMR263W,0,-5.394824,0.15616285800933838,0.3100775182247162,0.16755260527133942
YLR201C,YHR115C,0,-5.3951297,0.15607580542564392,0.3100775182247162,0.1676633507013321
YPL275W,YGL115W,0,-5.3953047,0.15598885715007782,0.3100775182247162,0.16777408123016357
YDR216W,YNL047C,0,-5.3954473,0.15590199828147888,0.3100775182247162,0.16788482666015625
YBR004C,YPR158W-A,0,-5.3954816,0.1558152437210083,0.3100775182247162,0.16799557209014893
YNR074C,YLR314C,0,-5.3955717,0.15572859346866608,0.3100775182247162,0.1681063175201416
YNL074C,YMR216C,0,-5.395598,0.15564201772212982,0.3100775182247162,0.16821704804897308
YJR031C,YPL097W,0,-5.395724,0.15555556118488312,0.3100775182247162,0.16832779347896576
YGL150C,YMR183C,0,-5.3958383,0.15546917915344238,0.3100775182247162,0.16843853890895844
YHR107C,YPL268W,0,-5.395942,0.15538290143013,0.3100775182247162,0.1685492843389511
YEL063C,YKL029C,0,-5.3961244,0.15529672801494598,0.3100775182247162,0.1686600148677826
YLR078C,YOR221C,0,-5.3962274,0.15521064400672913,0.3100775182247162,0.16877076029777527
YOL042W,YNL267W,0,-5.396316,0.15512464940547943,0.3100775182247162,0.16888150572776794
YIR015W,YPL157W,0,-5.3963814,0.1550387591123581,0.3100775182247162,0.16899225115776062
YLR020C,YDR261C-D,0,-5.396464,0.15495295822620392,0.3100775182247162,0.1691029965877533
YIR002C,YPL235W,0,-5.396572,0.1548672616481781,0.3100775182247162,0.16921372711658478
YGL054C,YIL029C,0,-5.3966584,0.15478165447711945,0.3100775182247162,0.16932447254657745
YDR075W,YGR169C,0,-5.3966613,0.15469613671302795,0.3100775182247162,0.16943521797657013
YHR106W,YGR027W-B,0,-5.396669,0.15461070835590363,0.3100775182247162,0.1695459634065628
YDR397C,YGL058W,0,-5.396811,0.15452538430690765,0.3100775182247162,0.1696566939353943
YHR204W,YFL003C,0,-5.3970075,0.15444014966487885,0.3100775182247162,0.16976743936538696
YML051W,YNR048W,0,-5.397136,0.1543550193309784,0.3100775182247162,0.16987818479537964
YLR329W,YLR193C,0,-5.3972116,0.1542699784040451,0.3100775182247162,0.16998893022537231
YER015W,YHR099W,1,-5.3973107,0.15473568439483643,0.31118494272232056,0.16998893022537231
YAL044C,YHR023W,0,-5.3973155,0.1546505242586136,0.31118494272232056,0.1700996607542038
YOR250C,YGR059W,0,-5.397433,0.1545654535293579,0.31118494272232056,0.17021040618419647
YPL076W,YCR062W,0,-5.397455,0.1544804871082306,0.31118494272232056,0.17032115161418915
YIL132C,YGR270W,0,-5.3975673,0.15439561009407043,0.31118494272232056,0.17043189704418182
YNL206C,YER151C,0,-5.397604,0.15431082248687744,0.31118494272232056,0.1705426424741745
YDR480W,YEL071W,0,-5.3977456,0.1542261242866516,0.31118494272232056,0.17065337300300598
YJL209W,YER149C,0,-5.397799,0.15414153039455414,0.31118494272232056,0.17076411843299866
YKL011C,YPR158C-D,0,-5.3979383,0.15405701100826263,0.31118494272232056,0.17087486386299133
YDR118W,YOR299W,0,-5.3982205,0.1539725959300995,0.31118494272232056,0.170985609292984
YEL015W,YGL194C,0,-5.398395,0.1538882851600647,0.31118494272232056,0.1710963398218155
YHR191C,YBR123C,0,-5.3986297,0.15380404889583588,0.31118494272232056,0.17120708525180817
YNL065W,YCR042C,0,-5.3988423,0.1537199169397354,0.31118494272232056,0.17131783068180084
YER095W,YPR137C-A,0,-5.3989205,0.15363585948944092,0.31118494272232056,0.17142857611179352
YER001W,YER159C-A,0,-5.3994527,0.15355190634727478,0.31118494272232056,0.171539306640625
YHR060W,YOL138C,0,-5.3994756,0.153468057513237,0.31118494272232056,0.17165005207061768
YCL060C,YGR009C,0,-5.3995295,0.1533842831850052,0.31118494272232056,0.17176079750061035
YBR228W,YJL004C,0,-5.399558,0.15330059826374054,0.31118494272232056,0.17187154293060303
YGR082W,YDR065W,0,-5.399692,0.15321701765060425,0.31118494272232056,0.1719822883605957
YHR183W,YFR024C,0,-5.3996997,0.15313351154327393,0.31118494272232056,0.17209301888942719
YHL048W,YAL047C,0,-5.399777,0.15305010974407196,0.31118494272232056,0.17220376431941986
YJR092W,YJR102C,0,-5.3999276,0.15296679735183716,0.31118494272232056,0.17231450974941254
YMR083W,YPR158C-D,0,-5.400231,0.15288357436656952,0.31118494272232056,0.1724252551794052
YLR438C-A,YER159C-A,0,-5.400313,0.15280044078826904,0.31118494272232056,0.1725359857082367
YJL165C,YAR008W,0,-5.4003744,0.15271739661693573,0.31118494272232056,0.17264673113822937
YIL026C,YPR158C-D,0,-5.400517,0.15263444185256958,0.31118494272232056,0.17275747656822205
YFL034C-B,YER089C,0,-5.400594,0.1525515764951706,0.31118494272232056,0.17286822199821472
YHR005C-A,YDR228C,0,-5.400789,0.15246880054473877,0.31118494272232056,0.1729789525270462
YMR042W,YGL257C,0,-5.400843,0.1523861140012741,0.31118494272232056,0.17308969795703888
YGR230W,YCR062W,0,-5.400886,0.1523035168647766,0.31118494272232056,0.17320044338703156
YDR151C,YMR277W,0,-5.4009027,0.15222102403640747,0.31118494272232056,0.17331118881702423
YJL021C,YBL017C,0,-5.400914,0.1521386057138443,0.31118494272232056,0.1734219342470169
YLR131C,YER110C,0,-5.401132,0.1520562767982483,0.31118494272232056,0.1735326647758484
YPR171W,YNL186W,0,-5.4016156,0.15197403728961945,0.31118494272232056,0.17364341020584106
YGL178W,YLR157C-B,0,-5.401623,0.15189188718795776,0.31118494272232056,0.17375415563583374
YJR050W,YGL212W,0,-5.401711,0.15180982649326324,0.31118494272232056,0.17386490106582642
YAR031W,YDL036C,0,-5.4018035,0.1517278552055359,0.31118494272232056,0.1739756315946579
YGR147C,YHR090C,1,-5.4018054,0.15218564867973328,0.3122923672199249,0.1739756315946579
YEL066W,YOL148C,1,-5.4019485,0.15264293551445007,0.3133997917175293,0.1739756315946579
YAL054C,YHR099W,1,-5.4020014,0.15309973061084747,0.3145071864128113,0.1739756315946579
YDL029W,YIR002C,0,-5.402083,0.15301723778247833,0.3145071864128113,0.17408637702465057
YCR082W,YPL060W,0,-5.402084,0.15293483436107635,0.3145071864128113,0.17419712245464325
YBL045C,YGL027C,0,-5.4026732,0.15285253524780273,0.3145071864128113,0.17430786788463593
YLR380W,YBR168W,0,-5.4027095,0.15277031064033508,0.3145071864128113,0.1744185984134674
YPL008W,YLR157C-B,0,-5.402728,0.1526881754398346,0.3145071864128113,0.17452934384346008
YMR173W,YGR267C,0,-5.403025,0.15260612964630127,0.3145071864128113,0.17464008927345276
YBR058C,YPR137C-B,0,-5.4030967,0.1525241732597351,0.3145071864128113,0.17475083470344543
YBL006C,YNL149C,0,-5.403186,0.15244229137897491,0.3145071864128113,0.17486156523227692
YLR158C,YLR256W,0,-5.403236,0.15236051380634308,0.3145071864128113,0.1749723106622696
YBR112C,YMR029C,0,-5.4036484,0.1522788256406784,0.3145071864128113,0.17508305609226227
YBR182C,YDR160W,0,-5.4037347,0.1521972119808197,0.3145071864128113,0.17519380152225494
YNL039W,YKL073W,0,-5.403805,0.15211568772792816,0.3145071864128113,0.17530454695224762
YDR301W,YMR214W,0,-5.403814,0.15203426778316498,0.3145071864128113,0.1754152774810791
YMR319C,YLR350W,0,-5.403848,0.15195292234420776,0.3145071864128113,0.17552602291107178
YOR034C,YBR198C,1,-5.4039683,0.15240642428398132,0.31561461091041565,0.17552602291107178
YGL093W,YOR212W,0,-5.4041357,0.15232495963573456,0.31561461091041565,0.17563676834106445
YHL047C,YDR191W,0,-5.4043455,0.15224358439445496,0.31561461091041565,0.17574751377105713
YMR184W,YDR177W,0,-5.4045243,0.1521623134613037,0.31561461091041565,0.1758582442998886
YCR098C,YPL257W-B,0,-5.4045916,0.15208111703395844,0.31561461091041565,0.1759689897298813
YBL002W,YLR035C-A,0,-5.4046397,0.15199999511241913,0.31561461091041565,0.17607973515987396
YML047C,YPR042C,0,-5.4046474,0.15191897749900818,0.31561461091041565,0.17619048058986664
YLR056W,YKL095W,0,-5.4047894,0.1518380343914032,0.31561461091041565,0.17630121111869812
YDR036C,YDR363W-A,0,-5.404845,0.15175719559192657,0.31561461091041565,0.1764119565486908
YJL125C,YDR365W-B,0,-5.404939,0.15167641639709473,0.31561461091041565,0.17652270197868347
YML013W,YLR312C-B,0,-5.4049983,0.15159574151039124,0.31561461091041565,0.17663344740867615
YKR090W,YKR020W,0,-5.4052367,0.1515151560306549,0.31561461091041565,0.17674419283866882
YDR123C,YHR157W,0,-5.405237,0.15143464505672455,0.31561461091041565,0.1768549233675003
YPR034W,YER068W,0,-5.405289,0.15135422348976135,0.31561461091041565,0.17696566879749298
YML081C-A,YGL144C,0,-5.4053025,0.15127389132976532,0.31561461091041565,0.17707641422748566
YLR059C,YGL208W,0,-5.405411,0.15119363367557526,0.31561461091041565,0.17718715965747833
YPR199C,YCL020W,0,-5.4057407,0.15111346542835236,0.31561461091041565,0.17729789018630981
YOR144C,YOR343W-A,0,-5.406106,0.15103338658809662,0.31561461091041565,0.1774086356163025
YNL311C,YLR025W,0,-5.4062114,0.15095339715480804,0.31561461091041565,0.17751938104629517
YOR025W,YNL307C,0,-5.4062986,0.15087348222732544,0.31561461091041565,0.17763012647628784
YFR013W,YPL032C,0,-5.4063478,0.15079365670681,0.31561461091041565,0.17774085700511932
YPL133C,YJL143W,0,-5.4064937,0.15071390569210052,0.31561461091041565,0.177851602435112
YDR188W,YBL006C,0,-5.4065213,0.15063424408435822,0.31561461091041565,0.17796234786510468
YOL126C,YOR351C,0,-5.406616,0.15055467188358307,0.31561461091041565,0.17807309329509735
YNL219C,YOR046C,0,-5.40669,0.15047518908977509,0.31561461091041565,0.17818383872509003
YBR273C,YGR161W-A,0,-5.4067407,0.15039578080177307,0.31561461091041565,0.1782945692539215
YGR267C,YBR091C,0,-5.406752,0.15031646192073822,0.31561461091041565,0.17840531468391418
YJR119C,YPR137C-B,0,-5.4069247,0.15023721754550934,0.31561461091041565,0.17851606011390686
YPL170W,YDR013W,0,-5.4070764,0.15015806257724762,0.31561461091041565,0.17862680554389954
YGR147C,YBR198C,1,-5.407232,0.15060558915138245,0.31672203540802,0.17862680554389954
YPR023C,YFL024C,1,-5.4078474,0.15105263888835907,0.3178294599056244,0.17862680554389954
YGL174W,YOR048C,0,-5.407853,0.15097317099571228,0.3178294599056244,0.17873753607273102
YGL065C,YBR015C,0,-5.4078555,0.15089379251003265,0.3178294599056244,0.1788482815027237
YDR227W,YIL173W,0,-5.407949,0.1508145034313202,0.3178294599056244,0.17895902693271637
YOR026W,YNL262W,0,-5.408103,0.1507352888584137,0.3178294599056244,0.17906977236270905
YML086C,YGR007W,0,-5.4081964,0.15065616369247437,0.3178294599056244,0.17918050289154053
YOR142W,YBR289W,0,-5.4083095,0.1505771279335022,0.3178294599056244,0.1792912483215332
YPL271W,YLR008C,0,-5.4083304,0.150498166680336,0.3178294599056244,0.17940199375152588
YEL015W,YMR134W,0,-5.408363,0.15041927993297577,0.3178294599056244,0.17951273918151855
YGL127C,YCR062W,0,-5.408376,0.1503404974937439,0.3178294599056244,0.17962348461151123
YNL294C,YDL058W,0,-5.4085283,0.1502617746591568,0.3178294599056244,0.1797342151403427
YPR023C,YMR069W,1,-5.408582,0.1507064402103424,0.31893688440322876,0.1797342151403427
YMR092C,YBR278W,0,-5.4086294,0.15062761306762695,0.31893688440322876,0.1798449605703354
YMR015C,YER159C-A,0,-5.4087057,0.15054887533187866,0.31893688440322876,0.17995570600032806
YLR100W,YPR016C,0,-5.4087605,0.15047021210193634,0.31893688440322876,0.18006645143032074
YDR150W,YOR142W-A,0,-5.408767,0.15039163827896118,0.31893688440322876,0.18017718195915222
YGR202C,YOR367W,0,-5.408998,0.15031315386295319,0.31893688440322876,0.1802879273891449
YFL039C,YBR198C,1,-5.409055,0.15075638890266418,0.32004430890083313,0.1802879273891449
YMR225C,YOR343W-A,0,-5.4091153,0.15067778527736664,0.32004430890083313,0.18039867281913757
YMR061W,YDR135C,0,-5.409149,0.15059927105903625,0.32004430890083313,0.18050941824913025
YNR023W,YPR074C,0,-5.4092402,0.15052083134651184,0.32004430890083313,0.18062014877796173
YAL035W,YIL073C,0,-5.4095645,0.1504424810409546,0.32004430890083313,0.1807308942079544
YDL036C,YLR157C-B,0,-5.4096885,0.1503642052412033,0.32004430890083313,0.18084163963794708
YJL184W,YCR080W,0,-5.4098754,0.1502860188484192,0.32004430890083313,0.18095238506793976
YJR070C,YLR467W,0,-5.410113,0.15020790696144104,0.32004430890083313,0.18106311559677124
YOL130W,YCR002C,0,-5.4101353,0.15012986958026886,0.32004430890083313,0.18117386102676392
YJL115W,YJR082C,1,-5.410438,0.15057113766670227,0.3211517035961151,0.18117386102676392
YLR285W,YBR254C,0,-5.410502,0.15049299597740173,0.3211517035961151,0.1812846064567566
YML078W,YER022W,0,-5.410663,0.15041494369506836,0.3211517035961151,0.18139535188674927
YMR308C,YPR165W,0,-5.4106765,0.15033696591854095,0.3211517035961151,0.18150609731674194
YJL021C,YJR135W-A,0,-5.4107604,0.15025906264781952,0.3211517035961151,0.18161682784557343
YGL025C,YFL002W-B,0,-5.410897,0.15018124878406525,0.3211517035961151,0.1817275732755661
YNL103W,YJR135W-A,0,-5.410925,0.15010352432727814,0.3211517035961151,0.18183831870555878
YDL116W,YAR008W,0,-5.411034,0.1500258594751358,0.3211517035961151,0.18194906413555145
YDR116C,YDR137W,0,-5.4110475,0.14994829893112183,0.3211517035961151,0.18205979466438293
YGL071W,YBR110W,0,-5.4111915,0.14987079799175262,0.3211517035961151,0.1821705400943756
YCL010C,YHR099W,1,-5.411347,0.15030992031097412,0.3222591280937195,0.1821705400943756
YBR107C,YAR009C,0,-5.4113574,0.15023231506347656,0.3222591280937195,0.1822812855243683
YHL002W,YLR212C,0,-5.411555,0.15015479922294617,0.3222591280937195,0.18239203095436096
YFL024C,YGL066W,1,-5.4116364,0.1505930870771408,0.32336655259132385,0.18239203095436096
YOL156W,YDR381W,0,-5.4117894,0.15051546692848206,0.32336655259132385,0.18250276148319244
YGL180W,YNL271C,0,-5.4118295,0.15043792128562927,0.32336655259132385,0.18261350691318512
YOR119C,YCL005W-A,0,-5.411905,0.15036045014858246,0.32336655259132385,0.1827242523431778
YNL041C,YGR256W,0,-5.411945,0.1502830684185028,0.32336655259132385,0.18283499777317047
YEL071W,YPR155C,0,-5.4121003,0.15020576119422913,0.32336655259132385,0.18294574320316315
YER032W,YOR001W,0,-5.4121094,0.1501285284757614,0.32336655259132385,0.18305647373199463
YNL327W,YFL035C,0,-5.4121237,0.15005138516426086,0.32336655259132385,0.1831672191619873
YIL010W,YDR365W-B,0,-5.412124,0.14997431635856628,0.32336655259132385,0.18327796459197998
YCL039W,YFL002W-B,0,-5.4123087,0.14989733695983887,0.32336655259132385,0.18338871002197266
YJL146W,YDL084W,0,-5.4123116,0.14982041716575623,0.32336655259132385,0.18349944055080414
YLL056C,YOR343W-A,0,-5.41235,0.14974358677864075,0.32336655259132385,0.18361018598079681
YBL061C,YER074W-A,0,-5.412572,0.14966683089733124,0.32336655259132385,0.1837209314107895
YAR031W,YGR161W-A,0,-5.4125953,0.1495901644229889,0.32336655259132385,0.18383167684078217
YIL044C,YJR090C,0,-5.412602,0.14951357245445251,0.32336655259132385,0.18394240736961365
YGL071W,YJL146W,0,-5.412857,0.1494370549917221,0.32336655259132385,0.18405315279960632
YEL056W,YDL040C,1,-5.4129567,0.14987212419509888,0.3244739770889282,0.18405315279960632
YMR069W,YDR145W,1,-5.413474,0.15030674636363983,0.3255814015865326,0.18405315279960632
YGR056W,YNL079C,0,-5.413547,0.15022994577884674,0.3255814015865326,0.184163898229599
YNL206C,YLR272C,0,-5.4135575,0.15015321969985962,0.3255814015865326,0.18427464365959167
YIL138C,YPL206C,0,-5.4136357,0.15007656812667847,0.3255814015865326,0.18438538908958435
YPR188C,YDR210C-D,0,-5.4137826,0.15000000596046448,0.3255814015865326,0.18449611961841583
YGR060W,YDR261W-A,0,-5.4139876,0.14992350339889526,0.3255814015865326,0.1846068650484085
YDL155W,YLR090W,0,-5.414288,0.1498470902442932,0.3255814015865326,0.18471761047840118
YDL088C,YBR097W,0,-5.4143476,0.14977075159549713,0.3255814015865326,0.18482835590839386
YBR090C-A,YPR198W,0,-5.4143558,0.1496945023536682,0.3255814015865326,0.18493908643722534
YBR210W,YOR142W-A,0,-5.4144173,0.14961832761764526,0.3255814015865326,0.18504983186721802
YJL166W,YAL047C,0,-5.41443,0.1495422124862671,0.3255814015865326,0.1851605772972107
YNL326C,YCL010C,1,-5.414438,0.14997458457946777,0.32668882608413696,0.1851605772972107
YIL009W,YPL001W,1,-5.4145026,0.15040650963783264,0.32779622077941895,0.1851605772972107
YGL210W,YDR098C-B,0,-5.4145403,0.15033011138439178,0.32779622077941895,0.18527132272720337
YJR140C,YBL005W-A,0,-5.4148507,0.1502538025379181,0.32779622077941895,0.18538205325603485
YNR075W,YER088C,0,-5.415067,0.15017756819725037,0.32779622077941895,0.18549279868602753
YJR004C,YDR207C,0,-5.4152026,0.1501014232635498,0.32779622077941895,0.1856035441160202
YBL047C,YER031C,0,-5.4152083,0.15002533793449402,0.32779622077941895,0.18571428954601288
YPR119W,YPR188C,0,-5.4154625,0.1499493420124054,0.32779622077941895,0.18582503497600555
YBL032W,YIL105C,0,-5.4155183,0.14987342059612274,0.32779622077941895,0.18593576550483704
YPL129W,YHR099W,1,-5.415557,0.1503036469221115,0.3289036452770233,0.18593576550483704
YOL054W,YMR137C,0,-5.415572,0.1502276211977005,0.3289036452770233,0.1860465109348297
YHR163W,YDR058C,0,-5.4156246,0.15015166997909546,0.3289036452770233,0.1861572563648224
YBR233W-A,YOL146W,0,-5.4158206,0.1500757932662964,0.3289036452770233,0.18626800179481506
YAR019C,YLR328W,0,-5.4161344,0.15000000596046448,0.3289036452770233,0.18637873232364655
YDR243C,YGR027W-B,0,-5.4161553,0.14992427825927734,0.3289036452770233,0.18648947775363922
YNL317W,YDL059C,0,-5.416169,0.14984863996505737,0.3289036452770233,0.1866002231836319
YML132W,YDR473C,0,-5.41618,0.14977307617664337,0.3289036452770233,0.18671096861362457
YJR135C,YGR047C,0,-5.416384,0.14969758689403534,0.3289036452770233,0.18682169914245605
YGL167C,YBR058C,0,-5.416643,0.14962217211723328,0.3289036452770233,0.18693244457244873
YKL214C,YHL009W-B,0,-5.4166884,0.14954683184623718,0.3289036452770233,0.1870431900024414
YLR011W,YDR486C,0,-5.4167347,0.14947156608104706,0.3289036452770233,0.18715393543243408
YFL011W-A,YDL017W,0,-5.4168434,0.1493963748216629,0.3289036452770233,0.18726466596126556
YLR231C,YHR039C-A,0,-5.416857,0.1493212729692459,0.3289036452770233,0.18737541139125824
YNL020C,YOR007C,0,-5.417108,0.1492462307214737,0.3289036452770233,0.18748615682125092
YBR237W,YIL017W,0,-5.4171996,0.14917127788066864,0.3289036452770233,0.1875969022512436
YDL111C,YGR213C,0,-5.4172845,0.14909638464450836,0.3289036452770233,0.18770764768123627
YLR153C,YMR236W,1,-5.417467,0.14952333271503448,0.3300110697746277,0.18770764768123627
YJR126C,YCL019W,0,-5.417558,0.14944835007190704,0.3300110697746277,0.18781837821006775
YBR008C,YDR210W-B,0,-5.4175773,0.14937342703342438,0.3300110697746277,0.18792912364006042
YPL051W,YOL103W-A,0,-5.4175773,0.14929859340190887,0.3300110697746277,0.1880398690700531
YBR211C,YPR158W-A,0,-5.4175773,0.14922383427619934,0.3300110697746277,0.18815061450004578
YEL003W,YLR386W,0,-5.418196,0.14914914965629578,0.3300110697746277,0.18826134502887726
YIR017C,YGR027W-B,0,-5.4182878,0.14907453954219818,0.3300110697746277,0.18837209045886993
YOR373W,YGL169W,0,-5.41837,0.14900000393390656,0.3300110697746277,0.1884828358888626
YKL032C,YNL032W,0,-5.4184937,0.1489255428314209,0.3300110697746277,0.18859358131885529
YFL011W-A,YFL034C-B,0,-5.4185767,0.1488511562347412,0.3300110697746277,0.18870431184768677
YJL209W,YBR095C,0,-5.4188647,0.1487768292427063,0.3300110697746277,0.18881505727767944
YKR027W,YKL058W,0,-5.4190025,0.14870259165763855,0.3300110697746277,0.18892580270767212
YCL060C,YCR028C-A,0,-5.419034,0.14862842857837677,0.3300110697746277,0.1890365481376648
YOR034C,YER015W,1,-5.4191747,0.14905284345149994,0.33111849427223206,0.1890365481376648
YCR107W,YDR166C,0,-5.419192,0.1489785760641098,0.33111849427223206,0.18914729356765747
YAL024C,YDR181C,0,-5.4192386,0.14890438318252563,0.33111849427223206,0.18925802409648895
YGL192W,YJR033C,0,-5.419397,0.14883026480674744,0.33111849427223206,0.18936876952648163
YGR179C,YPR137C-B,0,-5.4194527,0.1487562209367752,0.33111849427223206,0.1894795149564743
YOR209C,YJL074C,0,-5.4195724,0.14868225157260895,0.33111849427223206,0.18959026038646698
YDL029W,YCR008W,0,-5.4197083,0.14860835671424866,0.33111849427223206,0.18970099091529846
YOR371C,YGL226C-A,0,-5.419767,0.14853452146053314,0.33111849427223206,0.18981173634529114
YGL210W-A,YNL329C,0,-5.419868,0.1484607756137848,0.33111849427223206,0.1899224817752838
YHR013C,YHR090C,1,-5.419875,0.1488833725452423,0.3322259187698364,0.1899224817752838
YCR028C,YNL129W,0,-5.419906,0.1488095223903656,0.3322259187698364,0.1900332272052765
YDR205W,YOL103W-A,0,-5.4200644,0.14873574674129486,0.3322259187698364,0.19014395773410797
YNL172W,YER108C,0,-5.420115,0.1486620455980301,0.3322259187698364,0.19025470316410065
YGL092W,YKR008W,0,-5.4202952,0.1485884040594101,0.3322259187698364,0.19036544859409332
YCL026C-A,YOR142W-B,0,-5.4203606,0.14851485192775726,0.3322259187698364,0.190476194024086
YLR286C,YNL284C-B,0,-5.42042,0.1484413594007492,0.3322259187698364,0.19058693945407867
YBR081C,YHR090C,1,-5.4204373,0.14886251091957092,0.3333333432674408,0.19058693945407867
YLL022C,YGR002C,1,-5.4208045,0.1492832452058792,0.33444076776504517,0.19058693945407867
YDR276C,YGR161W-A,0,-5.4209137,0.14920948445796967,0.33444076776504517,0.19069766998291016
YPR037C,YDL013W,0,-5.420961,0.1491357982158661,0.33444076776504517,0.19080841541290283
YHR073W,YNL279W,0,-5.421,0.14906218647956848,0.33444076776504517,0.1909191608428955
YMR137C,YGR090W,0,-5.4210215,0.14898864924907684,0.33444076776504517,0.19102990627288818
YIL142W,YBL003C,0,-5.421087,0.14891518652439117,0.33444076776504517,0.19114063680171967
YBL050W,YLL017W,0,-5.4211555,0.14884179830551147,0.33444076776504517,0.19125138223171234
YKL208W,YOR232W,0,-5.4212127,0.14876846969127655,0.33444076776504517,0.19136212766170502
YPR171W,YEL018W,0,-5.4212804,0.1486952304840088,0.33444076776504517,0.1914728730916977
YGR003W,YDR235W,0,-5.4213367,0.1486220508813858,0.33444076776504517,0.19158360362052917
YML099C,YNR015W,0,-5.421377,0.1485489457845688,0.33444076776504517,0.19169434905052185
YPL208W,YGR099W,0,-5.421432,0.14847591519355774,0.33444076776504517,0.19180509448051453
YJL076W,YGR038C-B,0,-5.421486,0.14840294420719147,0.33444076776504517,0.1919158399105072
YBL019W,YER142C,0,-5.421546,0.14833006262779236,0.33444076776504517,0.19202658534049988
YDR106W,YGL167C,0,-5.4217076,0.14825724065303802,0.33444076776504517,0.19213731586933136
YDR309C,YOR330C,0,-5.42187,0.14818449318408966,0.33444076776504517,0.19224806129932404
YNL064C,YKL070W,0,-5.4219947,0.14811182022094727,0.33444076776504517,0.1923588067293167
YOR048C,YIR022W,0,-5.422172,0.14803922176361084,0.33444076776504517,0.1924695521593094
YBR202W,YJR160C,0,-5.4221907,0.1479666829109192,0.33444076776504517,0.19258028268814087
YNR006W,YGR038C-A,0,-5.4222364,0.1478942185640335,0.33444076776504517,0.19269102811813354
YPL096C-A,YOL027C,0,-5.422265,0.1478218287229538,0.33444076776504517,0.19280177354812622
YOR079C,YDR316W-B,0,-5.4222755,0.14774951338768005,0.33444076776504517,0.1929125189781189
YPL241C,YKL053C-A,0,-5.422316,0.1476772576570511,0.33444076776504517,0.19302324950695038
YGL166W,YPL146C,0,-5.4223275,0.1476050764322281,0.33444076776504517,0.19313399493694305
YNR074C,YBR114W,0,-5.4224777,0.14753296971321106,0.33444076776504517,0.19324474036693573
YHR005C,YCR080W,0,-5.422643,0.1474609375,0.33444076776504517,0.1933554857969284
YHR005C-A,YGL212W,0,-5.422711,0.14738896489143372,0.33444076776504517,0.1934662163257599
YGL099W,YFL002W-A,0,-5.422784,0.1473170667886734,0.33444076776504517,0.19357696175575256
YER114C,YGR161W-A,0,-5.422868,0.14724524319171906,0.33444076776504517,0.19368770718574524
YOR014W,YBR231C,0,-5.422951,0.14717349410057068,0.33444076776504517,0.19379845261573792
YPL209C,YOL103W-A,0,-5.4229865,0.14710180461406708,0.33444076776504517,0.1939091980457306
YDL166C,YOR057W,0,-5.423224,0.14703018963336945,0.33444076776504517,0.19401992857456207
YER112W,YCR058C,0,-5.423246,0.1469586342573166,0.33444076776504517,0.19413067400455475
YEL063C,YPR132W,0,-5.4233046,0.1468871533870697,0.33444076776504517,0.19424141943454742
YGL115W,YDR210C-D,0,-5.423342,0.14681574702262878,0.33444076776504517,0.1943521648645401
YOR351C,YKL196C,0,-5.42336,0.14674441516399384,0.33444076776504517,0.19446289539337158
YGL247W,YNL290W,0,-5.423384,0.14667314291000366,0.33444076776504517,0.19457364082336426
YDR122W,YNL147W,0,-5.423494,0.14660194516181946,0.33444076776504517,0.19468438625335693
YER148W,YDR532C,0,-5.4234943,0.14653080701828003,0.33444076776504517,0.1947951316833496
YBR081C,YBR198C,1,-5.4235706,0.14694471657276154,0.33554816246032715,0.1947951316833496
YKL032C,YCR039C,0,-5.4235916,0.14687348902225494,0.33554816246032715,0.1949058622121811
YER178W,YNR015W,0,-5.4236364,0.14680232107639313,0.33554816246032715,0.19501660764217377
YBR121C,YCR058C,0,-5.423656,0.14673122763633728,0.33554816246032715,0.19512735307216644
YNR067C,YBR004C,0,-5.423687,0.1466602087020874,0.33554816246032715,0.19523809850215912
YHR160C,YLR005W,0,-5.423794,0.1465892642736435,0.33554816246032715,0.1953488439321518
YIR010W,YMR182C,0,-5.4238086,0.14651837944984436,0.33554816246032715,0.19545957446098328
YJL085W,YPL032C,0,-5.423948,0.14644755423069,0.33554816246032715,0.19557031989097595
YHR005C,YDR261C-D,0,-5.42424,0.1463768184185028,0.33554816246032715,0.19568106532096863
YPR006C,YBR073W,0,-5.424377,0.1463061273097992,0.33554816246032715,0.1957918107509613
YKL040C,YPL234C,0,-5.424624,0.14623552560806274,0.33554816246032715,0.19590254127979279
YDR473C,YBR253W,0,-5.42464,0.14616498351097107,0.33554816246032715,0.19601328670978546
YML062C,YML059C,0,-5.424803,0.14609450101852417,0.33554816246032715,0.19612403213977814
YGL150C,YHR203C,0,-5.424809,0.14602409303188324,0.33554816246032715,0.1962347775697708
YPL130W,YCR080W,0,-5.4249997,0.14595375955104828,0.33554816246032715,0.1963455080986023
YIL142W,YAR008W,0,-5.425154,0.1458834856748581,0.33554816246032715,0.19645625352859497
YDR260C,YNL213C,0,-5.4251966,0.14581328630447388,0.33554816246032715,0.19656699895858765
YPL020C,YOR230W,0,-5.425753,0.14574314653873444,0.33554816246032715,0.19667774438858032
YKL038W,YGR161W-A,0,-5.4258,0.14567308127880096,0.33554816246032715,0.196788489818573
YLR403W,YDR165W,0,-5.4259553,0.14560307562351227,0.33554816246032715,0.19689922034740448
YPL146C,YPL011C,0,-5.4261413,0.14553314447402954,0.33554816246032715,0.19700996577739716
YNL129W,YNL284C-B,0,-5.426155,0.1454632729291916,0.33554816246032715,0.19712071120738983
YPR042C,YIL076W,0,-5.4261694,0.1453934758901596,0.33554816246032715,0.1972314566373825
YDL098C,YJL143W,0,-5.4262643,0.1453237384557724,0.33554816246032715,0.197342187166214
YFR046C,YPL221W,0,-5.4265876,0.14525407552719116,0.33554816246032715,0.19745293259620667
YDL225W,YCL074W,0,-5.4265943,0.1451844722032547,0.33554816246032715,0.19756367802619934
YJR139C,YPL234C,0,-5.4266243,0.1451149433851242,0.33554816246032715,0.19767442345619202
YPL117C,YER012W,0,-5.426863,0.1450454741716385,0.33554816246032715,0.1977851539850235
YPL129W,YHR090C,1,-5.426929,0.145454540848732,0.3366555869579315,0.1977851539850235
YLR160C,YDR034C-C,0,-5.426975,0.1453849822282791,0.3366555869579315,0.19789589941501617
YIL065C,YGR104C,0,-5.427153,0.145315483212471,0.3366555869579315,0.19800664484500885
YDL087C,YMR270C,0,-5.427248,0.14524605870246887,0.3366555869579315,0.19811739027500153
YFR024C,YJL139C,0,-5.427337,0.1451766937971115,0.3366555869579315,0.1982281357049942
YOR349W,YGL151W,0,-5.427451,0.14510740339756012,0.3366555869579315,0.19833886623382568
YML051W,YDR148C,0,-5.4274564,0.1450381726026535,0.3366555869579315,0.19844961166381836
YAR002W,YDR365W-B,0,-5.4274583,0.14496900141239166,0.3366555869579315,0.19856035709381104
YHL003C,YLR312C-B,0,-5.427557,0.1448999047279358,0.3366555869579315,0.1986711025238037
YNL182C,YPR158C-C,0,-5.4276357,0.1448308676481247,0.3366555869579315,0.1987818330526352
YMR301C,YOR356W,0,-5.4277787,0.14476190507411957,0.3366555869579315,0.19889257848262787
YOL013C,YBR228W,0,-5.427814,0.14469300210475922,0.3366555869579315,0.19900332391262054
YGL032C,YLR006C,0,-5.4280343,0.14462417364120483,0.3366555869579315,0.19911406934261322
YLR044C,YLR410W-B,0,-5.4283366,0.14455538988113403,0.3366555869579315,0.1992247998714447
YDL006W,YLR262C,0,-5.4283776,0.1444866955280304,0.3366555869579315,0.19933554530143738
YNL047C,YBR175W,0,-5.4284787,0.14441804587841034,0.3366555869579315,0.19944629073143005
YML107C,YNL311C,0,-5.428509,0.14434947073459625,0.3366555869579315,0.19955703616142273
YGR264C,YPL258C,0,-5.4287705,0.14428097009658813,0.3366555869579315,0.1996677666902542
YPR023C,YBR198C,1,-5.42878,0.14468690752983093,0.3377630114555359,0.1996677666902542
YER114C,YPR137C-A,0,-5.428929,0.14461830258369446,0.3377630114555359,0.1997785121202469
YOR026W,YPL117C,0,-5.4289737,0.14454975724220276,0.3377630114555359,0.19988925755023956
YMR301C,YPL096C-A,0,-5.429041,0.14448128640651703,0.3377630114555359,0.20000000298023224
YDR394W,YIL023C,0,-5.429177,0.14441287517547607,0.3377630114555359,0.20011074841022491
YBR112C,YPL167C,0,-5.429259,0.1443445384502411,0.3377630114555359,0.2002214789390564
YDR322C-A,YOR343W-B,0,-5.4294324,0.14427624642848969,0.3377630114555359,0.20033222436904907
YMR264W,YLR233C,0,-5.429536,0.14420804381370544,0.3377630114555359,0.20044296979904175
YGR258C,YGR027W-B,0,-5.4295807,0.14413988590240479,0.3377630114555359,0.20055371522903442
YIL132C,YLR035C-A,0,-5.429707,0.1440718024969101,0.3377630114555359,0.2006644457578659
YOR213C,YDR210W-A,0,-5.4297385,0.14400377869606018,0.3377630114555359,0.20077519118785858
YPR023C,YJR082C,1,-5.429747,0.1444077342748642,0.33887043595314026,0.20077519118785858
YEL066W,YGR002C,1,-5.4298644,0.14481131732463837,0.33997786045074463,0.20077519118785858
YOL026C,YPL097W,0,-5.429897,0.14474304020404816,0.33997786045074463,0.20088593661785126
YHR099W,YHR090C,1,-5.4299607,0.14514608681201935,0.341085284948349,0.20088593661785126
YDR174W,YIR018W,0,-5.4300375,0.14507772028446198,0.341085284948349,0.20099668204784393
YOR266W,YGR161W-A,0,-5.430143,0.14500941336154938,0.341085284948349,0.20110741257667542
YBR009C,YCL060C,0,-5.4302497,0.14494118094444275,0.341085284948349,0.2012181580066681
YPL155C,YDR238C,0,-5.430257,0.1448730081319809,0.341085284948349,0.20132890343666077
YIL014W,YDR379W,0,-5.430267,0.14480489492416382,0.341085284948349,0.20143964886665344
YKL101W,YGL063W,0,-5.430334,0.14473684132099152,0.341085284948349,0.20155039429664612
YOL060C,YCR039C,0,-5.4304266,0.14466886222362518,0.341085284948349,0.2016611248254776
YBR060C,YNL032W,0,-5.4305186,0.14460094273090363,0.341085284948349,0.20177187025547028
YBL023C,YDL120W,0,-5.4306087,0.14453308284282684,0.341085284948349,0.20188261568546295
YPR181C,YGL137W,0,-5.430819,0.14446529746055603,0.341085284948349,0.20199336111545563
YFL039C,YGR002C,1,-5.4308286,0.14486639201641083,0.342192679643631,0.20199336111545563
YOL066C,YHR214C-B,0,-5.4309773,0.14479850232601166,0.342192679643631,0.2021040916442871
YOR133W,YDR388W,0,-5.431092,0.14473067224025726,0.342192679643631,0.20221483707427979
YPL085W,YER159C-A,0,-5.431732,0.14466291666030884,0.342192679643631,0.20232558250427246
YPL202C,YLR256W-A,0,-5.4317527,0.1445952206850052,0.342192679643631,0.20243632793426514
YIL009W,YBR081C,1,-5.4319377,0.14499531686306,0.34330010414123535,0.20243632793426514
YPL078C,YDR316W-B,0,-5.431969,0.14492753148078918,0.34330010414123535,0.20254705846309662
YGL227W,YPR173C,0,-5.432053,0.14485980570316315,0.34330010414123535,0.2026578038930893
YDL208W,YNL078W,0,-5.432118,0.14479215443134308,0.34330010414123535,0.20276854932308197
YOR123C,YGR038C-B,0,-5.432196,0.14472456276416779,0.34330010414123535,0.20287929475307465
YER089C,YCR033W,0,-5.43221,0.14465701580047607,0.34330010414123535,0.20299004018306732
YDR078C,YBL034C,0,-5.4322753,0.14458955824375153,0.34330010414123535,0.2031007707118988
YDL130W-A,YIL082W-A,0,-5.432548,0.14452214539051056,0.34330010414123535,0.20321151614189148
YLR220W,YER075C,0,-5.4325647,0.14445480704307556,0.34330010414123535,0.20332226157188416
YJL063C,YOR313C,0,-5.432565,0.14438751339912415,0.34330010414123535,0.20343300700187683
YOL122C,YDR135C,0,-5.432586,0.1443202942609787,0.34330010414123535,0.2035437375307083
YMR011W,YEL051W,0,-5.432592,0.14425313472747803,0.34330010414123535,0.203654482960701
YFL021W,YDR386W,0,-5.4330378,0.14418604969978333,0.34330010414123535,0.20376522839069366
YKL015W,YOL005C,0,-5.4330726,0.1441190093755722,0.34330010414123535,0.20387597382068634
YLL002W,YBR198C,1,-5.4331393,0.144516721367836,0.3444075286388397,0.20387597382068634
YKR054C,YLR312C-B,0,-5.4332595,0.1444496065378189,0.3444075286388397,0.20398670434951782
YIR022W,YPL011C,0,-5.433329,0.1443825513124466,0.3444075286388397,0.2040974497795105
YPR023C,YDR459C,1,-5.4333363,0.14477957785129547,0.3455149531364441,0.2040974497795105
YBR198C,YHR090C,1,-5.433397,0.1451762467622757,0.34662237763404846,0.2040974497795105
YFR024C,YDR495C,0,-5.433405,0.14510895311832428,0.34662237763404846,0.20420819520950317
YDL227C,YOR188W,0,-5.43345,0.14504170417785645,0.34662237763404846,0.20431894063949585
YDL216C,YAR042W,0,-5.433559,0.14497452974319458,0.34662237763404846,0.20442968606948853
YPR002W,YHL009W-B,0,-5.433805,0.1449074000120163,0.34662237763404846,0.20454041659832
YGL020C,YBR256C,0,-5.43386,0.14484034478664398,0.34662237763404846,0.20465116202831268
YLR391W,YCL027W,0,-5.4339643,0.14477336406707764,0.34662237763404846,0.20476190745830536
YOL038W,YEL057C,0,-5.4339843,0.14470642805099487,0.34662237763404846,0.20487265288829803
YGR085C,YCR080W,0,-5.434094,0.14463955163955688,0.34662237763404846,0.20498338341712952
YLR191W,YDR098C-B,0,-5.434121,0.14457274973392487,0.34662237763404846,0.2050941288471222
YGR113W,YMR235C,0,-5.4341383,0.14450600743293762,0.34662237763404846,0.20520487427711487
YPL140C,YHL006C,0,-5.4341903,0.14443930983543396,0.34662237763404846,0.20531561970710754
YER107C,YOR330C,0,-5.4343467,0.14437268674373627,0.34662237763404846,0.20542635023593903
YPR020W,YLR256W-A,0,-5.434467,0.14430613815784454,0.34662237763404846,0.2055370956659317
YDR414C,YOR354C,0,-5.4344764,0.1442396342754364,0.34662237763404846,0.20564784109592438
YAL021C,YJL092W,0,-5.4345603,0.14417318999767303,0.34662237763404846,0.20575858652591705
YNL219C,YDL038C,0,-5.434954,0.14410682022571564,0.34662237763404846,0.20586931705474854
YBL006C,YGR279C,0,-5.4349933,0.14404049515724182,0.34662237763404846,0.2059800624847412
YNL059C,YDR261W-A,0,-5.43501,0.14397424459457397,0.34662237763404846,0.2060908079147339
YJR074W,YPR137C-B,0,-5.4353304,0.1439080387353897,0.34662237763404846,0.20620155334472656
YGL062W,YGR161W-B,0,-5.435518,0.1438419073820114,0.34662237763404846,0.20631229877471924
YBR100W,YOL055C,0,-5.435609,0.1437758356332779,0.34662237763404846,0.20642302930355072
YAL003W,YMR167W,0,-5.435785,0.14370982348918915,0.34662237763404846,0.2065337747335434
YGR177C,YHR150W,0,-5.435993,0.14364387094974518,0.34662237763404846,0.20664452016353607
YIL009W,YDR167W,1,-5.436125,0.1440366953611374,0.34772980213165283,0.20664452016353607
YGR261C,YMR287C,0,-5.436319,0.14397065341472626,0.34772980213165283,0.20675526559352875
YBR182C,YDL064W,0,-5.436342,0.1439046710729599,0.34772980213165283,0.20686599612236023
YDR167W,YOR064C,1,-5.436382,0.14429683983325958,0.3488371968269348,0.20686599612236023
YJR082C,YGL066W,1,-5.4369454,0.1446886509656906,0.3499446213245392,0.20686599612236023
YPR054W,YDR451C,0,-5.436951,0.14462243020534515,0.3499446213245392,0.2069767415523529
YJR093C,YPR158C-D,0,-5.437033,0.14455626904964447,0.3499446213245392,0.20708748698234558
YDR440W,YKL025C,0,-5.4370823,0.14449016749858856,0.3499446213245392,0.20719823241233826
YBR237W,YOR343W-A,0,-5.4372115,0.14442412555217743,0.3499446213245392,0.20730896294116974
YKL191W,YBL006C,0,-5.437453,0.14435815811157227,0.3499446213245392,0.20741970837116241
YHR175W,YGR170W,0,-5.4378314,0.14429223537445068,0.3499446213245392,0.2075304538011551
YBL098W,YNL323W,0,-5.437959,0.14422638714313507,0.3499446213245392,0.20764119923114777
YGR267C,YDR261W-A,0,-5.4380546,0.14416058361530304,0.3499446213245392,0.20775194466114044
YHR039C,YKL117W,0,-5.438091,0.14409485459327698,0.3499446213245392,0.20786267518997192
YER177W,YER137C-A,0,-5.438119,0.1440291702747345,0.3499446213245392,0.2079734206199646
YNR075W,YJR093C,0,-5.4382463,0.14396356046199799,0.3499446213245392,0.20808416604995728
YDR160W,YPL257W-B,0,-5.4383063,0.14389799535274506,0.3499446213245392,0.20819491147994995
YJL100W,YKL173W,0,-5.4387403,0.1438325047492981,0.3499446213245392,0.20830564200878143
YMR067C,YIL008W,0,-5.4387813,0.14376705884933472,0.3499446213245392,0.2084163874387741
YDR137W,YER137C-A,0,-5.438909,0.1437016874551773,0.3499446213245392,0.20852713286876678
YMR198W,YDR316W-A,0,-5.438993,0.14363636076450348,0.3499446213245392,0.20863787829875946
YOR373W,YDR210W-B,0,-5.4390078,0.14357110857963562,0.3499446213245392,0.20874860882759094
YOR340C,YDR545W,0,-5.4390388,0.14350590109825134,0.3499446213245392,0.20885935425758362
YGR268C,YDR210W-A,0,-5.439279,0.14344076812267303,0.3499446213245392,0.2089700996875763
YGL223C,YPR163C,0,-5.439456,0.1433756798505783,0.3499446213245392,0.20908084511756897
YOR320C,YCR020W-B,0,-5.4394727,0.14331065118312836,0.3499446213245392,0.20919159054756165
YBR036C,YDR435C,0,-5.4395385,0.14324569702148438,0.3499446213245392,0.20930232107639313
YFL024C,YBR081C,1,-5.4397235,0.1436338871717453,0.35105204582214355,0.20930232107639313
YNL311C,YGL207W,0,-5.4398932,0.14356884360313416,0.35105204582214355,0.2094130665063858
YIL030C,YLR410W-B,0,-5.439896,0.1435038447380066,0.35105204582214355,0.20952381193637848
YGR247W,YBR093C,0,-5.4399033,0.143438920378685,0.35105204582214355,0.20963455736637115
YOR266W,YML010W,0,-5.4400306,0.14337404072284698,0.35105204582214355,0.20974528789520264
YLR056W,YLL013C,0,-5.4400477,0.14330922067165375,0.35105204582214355,0.2098560333251953
YNR044W,YGR199W,0,-5.440187,0.14324446022510529,0.35105204582214355,0.209966778755188
YPL171C,YGR038C-B,0,-5.440397,0.1431797593832016,0.35105204582214355,0.21007752418518066
YGL027C,YPL180W,0,-5.4404745,0.1431151181459427,0.35105204582214355,0.21018825471401215
YNL128W,YFL002W-B,0,-5.4406,0.14305053651332855,0.35105204582214355,0.21029900014400482
YKR057W,YLR166C,0,-5.440753,0.1429860144853592,0.35105204582214355,0.2104097455739975
YNL027W,YDR210C-C,0,-5.440888,0.1429215520620346,0.35105204582214355,0.21052049100399017
YJL018W,YNL160W,0,-5.44091,0.1428571492433548,0.35105204582214355,0.21063123643398285
YDR284C,YOR343W-A,0,-5.440972,0.14279279112815857,0.35105204582214355,0.21074196696281433
YOL145C,YKR052C,0,-5.4411345,0.1427285075187683,0.35105204582214355,0.210852712392807
YDR388W,YDR098C-A,0,-5.4411964,0.14266426861286163,0.35105204582214355,0.21096345782279968
YDR118W,YLR166C,0,-5.441323,0.14260008931159973,0.35105204582214355,0.21107420325279236
YLR022C,YER123W,0,-5.4413624,0.1425359696149826,0.35105204582214355,0.21118493378162384
YIL034C,YOR349W,0,-5.441366,0.14247190952301025,0.35105204582214355,0.21129567921161652
YKR081C,YDR098C-A,0,-5.441379,0.14240790903568268,0.35105204582214355,0.2114064246416092
YNL288W,YGR038C-B,0,-5.44148,0.14234395325183868,0.35105204582214355,0.21151717007160187
YGR047C,YIR026C,0,-5.4417176,0.14228007197380066,0.35105204582214355,0.21162790060043335
YFR030W,YLR066W,0,-5.441962,0.14221623539924622,0.35105204582214355,0.21173864603042603
YDR179C,YDR365W-B,0,-5.4420266,0.14215247333049774,0.35105204582214355,0.2118493914604187
YLR403W,YDL038C,0,-5.442028,0.14208875596523285,0.35105204582214355,0.21196013689041138
YAL054C,YOL148C,1,-5.4422007,0.14247311651706696,0.3521594703197479,0.21196013689041138
YDR254W,YKL002W,0,-5.4425263,0.1424093097448349,0.3521594703197479,0.21207086741924286
YER089C,YDR210W-A,0,-5.442698,0.14234556257724762,0.3521594703197479,0.21218161284923553
YCL051W,YLR337C,0,-5.4427257,0.14228187501430511,0.3521594703197479,0.2122923582792282
YEL066W,YDL040C,1,-5.443171,0.14266547560691833,0.3532668948173523,0.2122923582792282
YPL152W,YPL257W-B,0,-5.443706,0.14260169863700867,0.3532668948173523,0.2124031037092209
YFL056C,YMR208W,0,-5.4437137,0.14253798127174377,0.3532668948173523,0.21251384913921356
YDL069C,YKL070W,0,-5.4437404,0.14247432351112366,0.3532668948173523,0.21262457966804504
YDR446W,YDR316W-A,0,-5.443751,0.14241071045398712,0.3532668948173523,0.21273532509803772
YLR015W,YOR343W-B,0,-5.4439917,0.14234717190265656,0.3532668948173523,0.2128460705280304
YIL142W,YLR238W,0,-5.4441037,0.14228367805480957,0.3532668948173523,0.21295681595802307
YNR059W,YOL103W-B,0,-5.4441705,0.14222024381160736,0.3532668948173523,0.21306754648685455
YLR329W,YLR157C-A,0,-5.4441705,0.14215686917304993,0.3532668948173523,0.21317829191684723
YBR110W,YBL101W-A,0,-5.4441705,0.14209353923797607,0.3532668948173523,0.2132890373468399
YIL122W,YDR210W-C,0,-5.4441705,0.142030268907547,0.3532668948173523,0.21339978277683258
YIL004C,YPR036W-A,0,-5.4441705,0.1419670730829239,0.3532668948173523,0.21351051330566406
YKL004W,YOR343W-A,0,-5.4441705,0.14190392196178436,0.3532668948173523,0.21362125873565674
YDR093W,YPL257W-B,0,-5.4441705,0.14184081554412842,0.3532668948173523,0.21373200416564941
YLL043W,YOR343C-B,0,-5.4441705,0.14177778363227844,0.3532668948173523,0.2138427495956421
YDL130W-A,YBL101W-B,0,-5.4441705,0.14171479642391205,0.3532668948173523,0.21395349502563477
YBR275C,YDR210C-D,0,-5.4441705,0.14165186882019043,0.3532668948173523,0.21406422555446625
YLL017W,YOR343C-A,0,-5.4441705,0.1415889859199524,0.3532668948173523,0.21417497098445892
YCL003W,YKL070W,0,-5.4441705,0.14152617752552032,0.3532668948173523,0.2142857164144516
YGL210W-A,YHR138C,0,-5.4441705,0.14146341383457184,0.3532668948173523,0.21439646184444427
YKR090W,YOR343C-B,0,-5.4441705,0.14140070974826813,0.3532668948173523,0.21450719237327576
YHR039C-B,YLR157C-A,0,-5.4441705,0.1413380652666092,0.3532668948173523,0.21461793780326843
YHR079C-B,YJR029W,0,-5.4441705,0.14127546548843384,0.3532668948173523,0.2147286832332611
YAR042W,YLR157C-A,0,-5.4441705,0.14121292531490326,0.3532668948173523,0.21483942866325378
YDR473C,YBL101W-A,0,-5.4441705,0.14115044474601746,0.3532668948173523,0.21495015919208527
YOR270C,YOR343C-B,0,-5.4441705,0.14108800888061523,0.3532668948173523,0.21506090462207794
YCL062W,YGR038C-A,0,-5.4441705,0.14102564752101898,0.3532668948173523,0.21517165005207062
YKL025C,YLR410W-B,0,-5.4441705,0.14096331596374512,0.3532668948173523,0.2152823954820633
YHR005C-A,YLR157C-A,0,-5.4441705,0.14090105891227722,0.3532668948173523,0.21539314091205597
YBL101W-B,YDR261W-A,0,-5.4441705,0.1408388465642929,0.3532668948173523,0.21550387144088745
YOL026C,YPR036W-A,0,-5.4441705,0.14077669382095337,0.3532668948173523,0.21561461687088013
YDL126C,YDR210W-C,0,-5.4441705,0.1407146006822586,0.3532668948173523,0.2157253623008728
YMR276W,YOR343C-B,0,-5.4441705,0.14065255224704742,0.3532668948173523,0.21583610773086548
YLR312C-B,YDR018C,0,-5.4441705,0.14059056341648102,0.3532668948173523,0.21594683825969696
YLR337W,YHR214C-B,0,-5.4441705,0.1405286341905594,0.3532668948173523,0.21605758368968964
YMR052W,YLR157C-A,0,-5.4441705,0.14046674966812134,0.3532668948173523,0.2161683291196823
YHR005C-A,YOR343C-A,0,-5.4441705,0.14040492475032806,0.3532668948173523,0.216279074549675
YBR097W,YDR098C-B,0,-5.4441705,0.14034315943717957,0.3532668948173523,0.21638980507850647
YBR060C,YPR036W-A,0,-5.4441705,0.14028143882751465,0.3532668948173523,0.21650055050849915
YGR156W,YPR036W-A,0,-5.4441705,0.1402197778224945,0.3532668948173523,0.21661129593849182
YHL009W-B,YLR157C-A,0,-5.4441705,0.14015817642211914,0.3532668948173523,0.2167220413684845
YKL138C-A,YBL005W-A,0,-5.4441705,0.14009661972522736,0.3532668948173523,0.21683278679847717
YHR050W,YPR036W-A,0,-5.4441705,0.14003512263298035,0.3532668948173523,0.21694351732730865
YKL062W,YBL101W-A,0,-5.4441705,0.13997367024421692,0.3532668948173523,0.21705426275730133
YKL025C,YOR343C-A,0,-5.4441705,0.13991227746009827,0.3532668948173523,0.217165008187294
YLR260W,YOR343C-A,0,-5.4441705,0.1398509442806244,0.3532668948173523,0.21727575361728668
YBL101W-A,YBL100W-B,0,-5.4441705,0.1397896558046341,0.3532668948173523,0.21738648414611816
YDR216W,YNL054W-A,0,-5.4441705,0.13972842693328857,0.3532668948173523,0.21749722957611084
YBR233W-A,YOL103W-A,0,-5.4441705,0.13966725766658783,0.3532668948173523,0.21760797500610352
YOR088W,YIL080W,0,-5.4441705,0.13960613310337067,0.3532668948173523,0.2177187204360962
YDR218C,YBL101W-B,0,-5.4441705,0.13954505324363708,0.3532668948173523,0.21782945096492767
YCR058C,YGR038C-A,0,-5.4441705,0.13948403298854828,0.3532668948173523,0.21794019639492035
YFL008W,YBL101W-B,0,-5.4441705,0.13942307233810425,0.3532668948173523,0.21805094182491302
YER074W-A,YGR161C-D,0,-5.4441705,0.139362171292305,0.3532668948173523,0.2181616872549057
YLR337W,YFL002W-B,0,-5.4441705,0.13930131494998932,0.3532668948173523,0.21827243268489838
YJL076W,YLR157C-A,0,-5.4441705,0.13924050331115723,0.3532668948173523,0.21838316321372986
YDL226C,YDR210W-C,0,-5.4441705,0.1391797512769699,0.3532668948173523,0.21849390864372253
YCL003W,YGR122W,0,-5.4441705,0.13911905884742737,0.3532668948173523,0.2186046540737152
YKR028W,YLR157C-A,0,-5.4441705,0.1390584111213684,0.3532668948173523,0.21871539950370789
YPL147W,YDR210W-C,0,-5.4441705,0.13899782299995422,0.3532668948173523,0.21882613003253937
YER074W-A,YMR134W,0,-5.4441705,0.13893727958202362,0.3532668948173523,0.21893687546253204
YCL043C,YPR036W-A,0,-5.4441705,0.1388767957687378,0.3532668948173523,0.21904762089252472
YOR250C,YOR343C-A,0,-5.4441705,0.13881635665893555,0.3532668948173523,0.2191583663225174
YEL030W,YPR036W-A,0,-5.4441705,0.13875597715377808,0.3532668948173523,0.21926909685134888
YML088W,YDR210W-C,0,-5.4441705,0.13869565725326538,0.3532668948173523,0.21937984228134155
YDR320C-A,YBL101W-B,0,-5.4441705,0.13863538205623627,0.3532668948173523,0.21949058771133423
YDR448W,YGR147C,1,-5.4442134,0.13900955021381378,0.35437431931495667,0.21949058771133423
YAL012W,YMR167W,0,-5.444231,0.1389492005109787,0.35437431931495667,0.2196013331413269
YML103C,YBR123C,0,-5.444245,0.1388888955116272,0.35437431931495667,0.2197120636701584
YPL265W,YPL257W-B,0,-5.4443827,0.13882863521575928,0.35437431931495667,0.21982280910015106
YPR199C,YDL117W,0,-5.4444957,0.13876843452453613,0.35437431931495667,0.21993355453014374
YCR098C,YLR384C,0,-5.444535,0.13870827853679657,0.35437431931495667,0.2200442999601364
YKL012W,YGR033C,0,-5.44455,0.13864818215370178,0.35437431931495667,0.2201550453901291
YNL006W,YBR058C,0,-5.4445605,0.13858813047409058,0.35437431931495667,0.22026577591896057
YGR261C,YIL029C,0,-5.444592,0.13852813839912415,0.35437431931495667,0.22037652134895325
YBR185C,YGL124C,0,-5.4446416,0.1384681910276413,0.35437431931495667,0.22048726677894592
YNL031C,YOL103W-B,0,-5.4446483,0.13840830326080322,0.35437431931495667,0.2205980122089386
YNL006W,YGL249W,0,-5.4446483,0.13834846019744873,0.35437431931495667,0.22070874273777008
YOR304W,YIL061C,0,-5.4446926,0.138288676738739,0.35437431931495667,0.22081948816776276
YPL001W,YEL066W,1,-5.4447064,0.13866090774536133,0.35548171401023865,0.22081948816776276
YLR288C,YOR343W-A,0,-5.4447427,0.13860103487968445,0.35548171401023865,0.22093023359775543
YOR078W,YLR274W,0,-5.4448905,0.13854122161865234,0.35548171401023865,0.2210409790277481
YPL130W,YJL156C,0,-5.4449716,0.13848145306110382,0.35548171401023865,0.2211517095565796
YOR127W,YDR346C,0,-5.4449906,0.13842172920703888,0.35548171401023865,0.22126245498657227
YML069W,YPR137C-A,0,-5.4451632,0.1383620649576187,0.35548171401023865,0.22137320041656494
YCR028C,YDR189W,0,-5.4452085,0.13830246031284332,0.35548171401023865,0.22148394584655762
YIL114C,YBR165W,0,-5.4453797,0.1382429003715515,0.35548171401023865,0.2215946912765503
YDR118W,YLR197W,0,-5.445391,0.1381833851337433,0.35548171401023865,0.22170542180538177
YDL029W,YPR158W-B,0,-5.445406,0.13812392950057983,0.35548171401023865,0.22181616723537445
YIR006C,YLR410W-B,0,-5.44556,0.13806451857089996,0.35548171401023865,0.22192691266536713
YDR046C,YJR089W,0,-5.445701,0.13800515234470367,0.35548171401023865,0.2220376580953598
YLR312C-B,YDL190C,0,-5.4457154,0.13794584572315216,0.35548171401023865,0.22214838862419128
YCR084C,YDR316W-B,0,-5.446034,0.13788659870624542,0.35548171401023865,0.22225913405418396
YFR008W,YML064C,0,-5.4462266,0.13782739639282227,0.35548171401023865,0.22236987948417664
YER089C,YGR027W-B,0,-5.4463973,0.1377682387828827,0.35548171401023865,0.2224806249141693
YDL143W,YHR106W,0,-5.4464087,0.1377091407775879,0.35548171401023865,0.2225913554430008
YIR018W,YOR162C,0,-5.44673,0.13765008747577667,0.35548171401023865,0.22270210087299347
YBR081C,YMR236W,1,-5.446811,0.13801971077919006,0.356589138507843,0.22270210087299347
YFR024C-A,YDR453C,0,-5.4469614,0.13796058297157288,0.356589138507843,0.22281284630298615
YMR078C,YPL139C,0,-5.4470544,0.13790149986743927,0.356589138507843,0.22292359173297882
YCL012W,YOR330C,0,-5.4471316,0.13784246146678925,0.356589138507843,0.2230343371629715
YBL023C,YDR103W,0,-5.4472003,0.137783482670784,0.356589138507843,0.22314506769180298
YGL194C,YHR118C,0,-5.447247,0.13772454857826233,0.356589138507843,0.22325581312179565
YIR019C,YML031W,0,-5.44729,0.13766567409038544,0.356589138507843,0.22336655855178833
YDL161W,YAL007C,0,-5.447307,0.13760684430599213,0.356589138507843,0.223477303981781
YLR391W,YJL146W,0,-5.4473233,0.1375480592250824,0.356589138507843,0.2235880345106125
YJL034W,YOL116W,0,-5.447536,0.13748931884765625,0.356589138507843,0.22369877994060516
YFL039C,YDR167W,1,-5.4476304,0.13785745203495026,0.3576965630054474,0.22369877994060516
YBR175W,YLR256W-A,0,-5.447682,0.13779863715171814,0.3576965630054474,0.22380952537059784
YER179W,YML032C,0,-5.4479976,0.1377398669719696,0.3576965630054474,0.22392027080059052
YDL230W,YMR079W,0,-5.448013,0.13768115639686584,0.3576965630054474,0.224031001329422
YNL331C,YML081C-A,0,-5.4480143,0.13762249052524567,0.3576965630054474,0.22414174675941467
YBR100W,YNL262W,0,-5.448361,0.13756388425827026,0.3576965630054474,0.22425249218940735
YJL134W,YCL017C,0,-5.44842,0.13750532269477844,0.3576965630054474,0.22436323761940002
YDR375C,YCL014W,0,-5.4484677,0.1374468058347702,0.3576965630054474,0.2244739830493927
YER038C,YKL040C,0,-5.448635,0.13738834857940674,0.3576965630054474,0.22458471357822418
YCL016C,YLR193C,0,-5.448647,0.13732993602752686,0.3576965630054474,0.22469545900821686
YLR114C,YMR225C,0,-5.4486547,0.13727156817913055,0.3576965630054474,0.22480620443820953
YFL041W,YLR005W,0,-5.448856,0.13721325993537903,0.3576965630054474,0.2249169498682022
YER016W,YNL279W,0,-5.4488997,0.13715499639511108,0.3576965630054474,0.2250276803970337
YMR177W,YDR379W,0,-5.4488997,0.13709677755832672,0.3576965630054474,0.22513842582702637
YMR316W,YLR288C,0,-5.448956,0.13703860342502594,0.3576965630054474,0.22524917125701904
YDR416W,YER159C-A,0,-5.449081,0.13698048889636993,0.3576965630054474,0.22535991668701172
YPR068C,YJL018W,0,-5.4491487,0.1369224190711975,0.3576965630054474,0.2254706472158432
YMR032W,YIL068C,0,-5.4493046,0.13686440885066986,0.3576965630054474,0.22558139264583588
YNL059C,YCL003W,0,-5.449337,0.1368064433336258,0.3576965630054474,0.22569213807582855
YBL026W,YIL095W,0,-5.449655,0.1367485225200653,0.3576965630054474,0.22580288350582123
YOR304W,YBR167C,0,-5.449678,0.1366906464099884,0.3576965630054474,0.2259136140346527
YDR365W-B,YOR008C-A,0,-5.449683,0.13663282990455627,0.3576965630054474,0.22602435946464539
YBR258C,YPR036W,0,-5.449788,0.13657505810260773,0.3576965630054474,0.22613510489463806
YBR218C,YDR195W,0,-5.449885,0.13651733100414276,0.3576965630054474,0.22624585032463074
YPL145C,YNR048W,0,-5.449947,0.13645964860916138,0.3576965630054474,0.2263565957546234
YBR133C,YCL008C,0,-5.4499955,0.13640202581882477,0.3576965630054474,0.2264673262834549
YLR014C,YJL139C,0,-5.450007,0.13634444773197174,0.3576965630054474,0.22657807171344757
YPL140C,YNL284C-B,0,-5.4500585,0.1362869143486023,0.3576965630054474,0.22668881714344025
YNL199C,YOR084W,0,-5.4501386,0.13622944056987762,0.3576965630054474,0.22679956257343292
YMR308C,YPL274W,0,-5.45027,0.13617201149463654,0.3576965630054474,0.2269102931022644
YDR343C,YER159C-A,0,-5.4503055,0.13611462712287903,0.3576965630054474,0.22702103853225708
YLR081W,YER107C,0,-5.450506,0.1360572874546051,0.3576965630054474,0.22713178396224976
YNL118C,YGR161C-D,0,-5.4505324,0.13600000739097595,0.3576965630054474,0.22724252939224243
YDR096W,YLR447C,0,-5.450662,0.1359427571296692,0.3576965630054474,0.2273532599210739
YNL326C,YGR002C,1,-5.4511867,0.1363062709569931,0.35880398750305176,0.2273532599210739
YFR024C,YGL124C,0,-5.4512553,0.13624894618988037,0.35880398750305176,0.2274640053510666
YEL066W,YDR126W,1,-5.4515233,0.13661202788352966,0.35991141200065613,0.2274640053510666
YLR355C,YCR062W,0,-5.451555,0.13655462861061096,0.35991141200065613,0.22757475078105927
YPR008W,YFR055W,0,-5.451646,0.13649727404117584,0.35991141200065613,0.22768549621105194
YGR132C,YNL250W,0,-5.451666,0.1364399641752243,0.35991141200065613,0.22779624164104462
YNL279W,YCR053W,0,-5.4516797,0.13638271391391754,0.35991141200065613,0.2279069721698761
YDR420W,YOL103W-B,0,-5.4517417,0.13632550835609436,0.35991141200065613,0.22801771759986877
YLR391W-A,YAL032C,0,-5.451744,0.13626834750175476,0.35991141200065613,0.22812846302986145
YFR021W,YMR054W,0,-5.45182,0.13621123135089874,0.35991141200065613,0.22823920845985413
YFL011W,YPL139C,0,-5.451879,0.1361541748046875,0.35991141200065613,0.2283499389886856
YDR524C,YOL023W,0,-5.4519334,0.13609714806079865,0.35991141200065613,0.22846068441867828
YGR169C,YDR464W,0,-5.451957,0.13604018092155457,0.35991141200065613,0.22857142984867096
YDR040C,YDR034C-C,0,-5.4520526,0.13598325848579407,0.35991141200065613,0.22868217527866364
YCL010C,YGL066W,1,-5.4520755,0.13634462654590607,0.3610188364982605,0.22868217527866364
YNL221C,YER137C-A,0,-5.4521165,0.1362876296043396,0.3610188364982605,0.22879290580749512
YOR025W,YBR097W,0,-5.452145,0.1362306773662567,0.3610188364982605,0.2289036512374878
YKL029C,YML039W,0,-5.4521756,0.1361737698316574,0.3610188364982605,0.22901439666748047
YBR278W,YOR188W,0,-5.4521976,0.1361169070005417,0.3610188364982605,0.22912514209747314
YKL208W,YDR151C,0,-5.452322,0.13606010377407074,0.3610188364982605,0.22923588752746582
YBR088C,YBR228W,0,-5.4523644,0.13600333034992218,0.3610188364982605,0.2293466180562973
YJL210W,YDR489W,0,-5.4525847,0.1359466165304184,0.3610188364982605,0.22945736348628998
YOR023C,YPR023C,1,-5.4527087,0.1363067924976349,0.3621262311935425,0.22945736348628998
YGR158C,YIR019C,0,-5.4527636,0.13625000417232513,0.3621262311935425,0.22956810891628265
YMR224C,YPL257W-B,0,-5.4528027,0.13619324564933777,0.3621262311935425,0.22967885434627533
YPL101W,YDR316W-B,0,-5.45301,0.13613654673099518,0.3621262311935425,0.2297895848751068
YJL061W,YLR191W,0,-5.453028,0.13607990741729736,0.3621262311935425,0.2299003303050995
YKR068C,YOR084W,0,-5.4531503,0.13602329790592194,0.3621262311935425,0.23001107573509216
YPL275W,YLR260W,0,-5.4532375,0.1359667330980301,0.3621262311935425,0.23012182116508484
YLR016C,YOR343W-A,0,-5.453311,0.13591022789478302,0.3621262311935425,0.23023255169391632
YJR017C,YLR248W,0,-5.4533343,0.13585375249385834,0.3621262311935425,0.230343297123909
YIR018W,YNR039C,0,-5.4533896,0.13579733669757843,0.3621262311935425,0.23045404255390167
YIL149C,YBR143C,0,-5.4534574,0.1357409656047821,0.3621262311935425,0.23056478798389435
YFR024C,YBL106C,0,-5.4535956,0.13568465411663055,0.3621262311935425,0.23067553341388702
YER151C,YPL257W-B,0,-5.4536414,0.1356283724308014,0.3621262311935425,0.2307862639427185
YDR265W,YPR158C-C,0,-5.4536715,0.1355721354484558,0.3621262311935425,0.23089700937271118
YFL013C,YBR100W,0,-5.4536834,0.135515958070755,0.3621262311935425,0.23100775480270386
YDL175C,YMR134W,0,-5.453982,0.1354598104953766,0.3621262311935425,0.23111850023269653
YMR072W,YDR365W-B,0,-5.454145,0.13540372252464294,0.3621262311935425,0.23122923076152802
YMR029C,YER028C,0,-5.454166,0.13534767925739288,0.3621262311935425,0.2313399761915207
YGL238W,YKL220C,0,-5.454477,0.1352916806936264,0.3621262311935425,0.23145072162151337
YBR060C,YDR393W,0,-5.454606,0.1352357268333435,0.3621262311935425,0.23156146705150604
YGR199W,YKL095W,0,-5.4546194,0.13517983257770538,0.3621262311935425,0.23167219758033752
YBL105C,YIL030C,0,-5.4546833,0.13512396812438965,0.3621262311935425,0.2317829430103302
YDR459C,YLL002W,1,-5.454766,0.13548120856285095,0.36323365569114685,0.2317829430103302
YMR113W,YER038C,0,-5.4548707,0.13542526960372925,0.36323365569114685,0.23189368844032288
YPL194W,YLR219W,0,-5.454883,0.13536937534809113,0.36323365569114685,0.23200443387031555
YGR133W,YDR210C-C,0,-5.4549203,0.13531352579593658,0.36323365569114685,0.23211516439914703
YIL128W,YPL016W,0,-5.455031,0.13525773584842682,0.36323365569114685,0.2322259098291397
YLR391W,YPR095C,0,-5.455033,0.13520197570323944,0.36323365569114685,0.23233665525913239
YMR113W,YML059C,0,-5.455034,0.13514627516269684,0.36323365569114685,0.23244740068912506
YJR049C,YDR034C-C,0,-5.4550385,0.13509060442447662,0.36323365569114685,0.23255814611911774
YNL318C,YBR024W,0,-5.455333,0.13503499329090118,0.36323365569114685,0.23266887664794922
YJL050W,YNL054W-A,0,-5.4553447,0.13497942686080933,0.36323365569114685,0.2327796220779419
YGR188C,YPR158W-B,0,-5.4554534,0.13492390513420105,0.36323365569114685,0.23289036750793457
YJR040W,YLR312C-B,0,-5.455732,0.13486842811107635,0.36323365569114685,0.23300111293792725
YKL056C,YLR256W-A,0,-5.4557595,0.13481298089027405,0.36323365569114685,0.23311184346675873
YHR174W,YDR320C,0,-5.455869,0.13475759327411652,0.36323365569114685,0.2332225888967514
YNR059W,YNL160W,0,-5.455939,0.13470226526260376,0.36323365569114685,0.23333333432674408
YGL033W,YDR129C,0,-5.455953,0.1346469670534134,0.36323365569114685,0.23344407975673676
YIL009W,YPR131C,1,-5.4563055,0.1350020468235016,0.3643410801887512,0.23344407975673676
YDR126W,YDR167W,1,-5.456551,0.1353568434715271,0.3654485046863556,0.23344407975673676
YDR172W,YKL214C,0,-5.4566226,0.1353013515472412,0.3654485046863556,0.23355481028556824
YMR280C,YLR086W,0,-5.456636,0.1352459043264389,0.3654485046863556,0.2336655557155609
YDR473C,YLR090W,0,-5.4566655,0.13519050180912018,0.3654485046863556,0.2337763011455536
YNL323W,YPL180W,0,-5.4568048,0.13513512909412384,0.3654485046863556,0.23388704657554626
YPL008W,YDL002C,0,-5.4568563,0.13507981598377228,0.3654485046863556,0.23399779200553894
YPL259C,YER006W,0,-5.4568667,0.1350245475769043,0.3654485046863556,0.23410852253437042
YMR219W,YDR123C,0,-5.456946,0.1349693238735199,0.3654485046863556,0.2342192679643631
YDR216W,YGL167C,0,-5.457058,0.13491414487361908,0.3654485046863556,0.23433001339435577
YFR024C,YAL010C,0,-5.4570956,0.13485901057720184,0.3654485046863556,0.23444075882434845
YGL071W,YMR101C,0,-5.457204,0.1348039209842682,0.3654485046863556,0.23455148935317993
YJL018W,YLR360W,0,-5.457254,0.13474887609481812,0.3654485046863556,0.2346622347831726
YOR123C,YKR048C,0,-5.457463,0.13469387590885162,0.3654485046863556,0.23477298021316528
YDR489W,YPR137C-B,0,-5.4574866,0.1346389204263687,0.3654485046863556,0.23488372564315796
YCL063W,YIL173W,0,-5.457488,0.13458400964736938,0.3654485046863556,0.23499445617198944
YBR237W,YER019C-A,0,-5.4575925,0.13452914357185364,0.3654485046863556,0.23510520160198212
YAL041W,YJL146W,0,-5.4577556,0.13447432219982147,0.3654485046863556,0.2352159470319748
YGL053W,YNL284C-B,0,-5.4580197,0.1344195455312729,0.3654485046863556,0.23532669246196747
YOL026C,YNL055C,0,-5.4581065,0.13436481356620789,0.3654485046863556,0.23543743789196014
YNL327W,YBL008W,0,-5.458133,0.13431014120578766,0.3654485046863556,0.23554816842079163
YKL114C,YPL021W,0,-5.458164,0.13425549864768982,0.3654485046863556,0.2356589138507843
YMR119W,YHL003C,0,-5.4582887,0.13420090079307556,0.3654485046863556,0.23576965928077698
YDR362C,YLR410W-B,0,-5.4584837,0.13414634764194489,0.3654485046863556,0.23588040471076965
YIL009W,YHR090C,1,-5.458761,0.13449816405773163,0.36655592918395996,0.23588040471076965
YPR075C,YML064C,0,-5.4587655,0.13444353640079498,0.36655592918395996,0.23599113523960114
YJL072C,YEL002C,0,-5.45884,0.13438895344734192,0.36655592918395996,0.2361018806695938
YGR147C,YNL326C,1,-5.459045,0.13474026322364807,0.36766335368156433,0.2361018806695938
YJR082C,YOL110W,1,-5.4593015,0.13509127497673035,0.3687707781791687,0.2361018806695938
YDR182W,YOL002C,0,-5.4593596,0.13503649830818176,0.3687707781791687,0.2362126260995865
YLL024C,YPR158W-A,0,-5.459579,0.13498176634311676,0.3687707781791687,0.23632337152957916
YPR124W,YPR161C,0,-5.4595847,0.13492706418037415,0.3687707781791687,0.23643410205841064
YER013W,YGR161C-D,0,-5.459609,0.1348724216222763,0.3687707781791687,0.23654484748840332
YLR259C,YPR137C-B,0,-5.459767,0.13481780886650085,0.3687707781791687,0.236655592918396
YER088C,YDR261C-D,0,-5.459777,0.13476325571537018,0.3687707781791687,0.23676633834838867
YGR003W,YDR414C,0,-5.459788,0.1347087323665619,0.3687707781791687,0.23687708377838135
YPL106C,YOR142W-B,0,-5.4599447,0.13465426862239838,0.3687707781791687,0.23698781430721283
YER183C,YBR283C,0,-5.459991,0.13459983468055725,0.3687707781791687,0.2370985597372055
YLR066W,YJR103W,0,-5.4601207,0.1345454603433609,0.3687707781791687,0.23720930516719818
YOR373W,YOR076C,0,-5.460194,0.13449111580848694,0.3687707781791687,0.23732005059719086
YER108C,YMR260C,0,-5.4604115,0.13443681597709656,0.3687707781791687,0.23743078112602234
YPR119W,YDL117W,0,-5.460586,0.13438256084918976,0.3687707781791687,0.23754152655601501
YER167W,YBR090C-A,0,-5.460609,0.13432836532592773,0.3687707781791687,0.2376522719860077
YPL169C,YLR147C,0,-5.460802,0.1342741996049881,0.3687707781791687,0.23776301741600037
YOR274W,YKL019W,0,-5.460883,0.13422007858753204,0.3687707781791687,0.23787374794483185
YNR017W,YGR027W-B,0,-5.460942,0.13416600227355957,0.3687707781791687,0.23798449337482452
YBR057C,YDR316W-B,0,-5.4612966,0.13411195576190948,0.3687707781791687,0.2380952388048172
YJR002W,YOR356W,0,-5.461302,0.13405796885490417,0.3687707781791687,0.23820598423480988
YLR417W,YIL029C,0,-5.461306,0.13400402665138245,0.3687707781791687,0.23831671476364136
YPL097W,YEL060C,0,-5.461653,0.1339501142501831,0.3687707781791687,0.23842746019363403
YOR094W,YPL021W,0,-5.461679,0.13389626145362854,0.3687707781791687,0.2385382056236267
YGR143W,YOR142W-A,0,-5.4616823,0.13384243845939636,0.3687707781791687,0.23864895105361938
YBR205W,YHL009W-B,0,-5.46186,0.13378867506980896,0.3687707781791687,0.23875969648361206
YNL307C,YDR346C,0,-5.461868,0.13373494148254395,0.3687707781791687,0.23887042701244354
YCR098C,YDR418W,0,-5.4624524,0.1336812525987625,0.3687707781791687,0.23898117244243622
YDL031W,YPL257W-B,0,-5.46258,0.13362760841846466,0.3687707781791687,0.2390919178724289
YGL246C,YPL234C,0,-5.4626927,0.1335740089416504,0.3687707781791687,0.23920266330242157
YFR030W,YHR001W,0,-5.462748,0.1335204541683197,0.3687707781791687,0.23931339383125305
YNL029C,YIL037C,0,-5.462754,0.1334669291973114,0.3687707781791687,0.23942413926124573
YLR264W,YDR210C-C,0,-5.462788,0.13341346383094788,0.3687707781791687,0.2395348846912384
YNL101W,YLR256W-A,0,-5.4627976,0.13336002826690674,0.3687707781791687,0.23964563012123108
YOR211C,YNL088W,0,-5.462911,0.13330665230751038,0.3687707781791687,0.23975636065006256
YBR186W,YOL054W,0,-5.4630027,0.1332533061504364,0.3687707781791687,0.23986710608005524
YLR309C,YMR298W,0,-5.4630094,0.133200004696846,0.3687707781791687,0.2399778515100479
YLR438C-A,YCR055C,0,-5.4630914,0.1331467479467392,0.3687707781791687,0.2400885969400406
YOR284W,YGR078C,0,-5.4633265,0.13309352099895477,0.3687707781791687,0.24019934237003326
YBR272C,YOR149C,0,-5.463364,0.13304035365581512,0.3687707781791687,0.24031007289886475
YIL154C,YPR158C-C,0,-5.4636464,0.13298721611499786,0.3687707781791687,0.24042081832885742
YDL003W,YLR312C-B,0,-5.463657,0.13293413817882538,0.3687707781791687,0.2405315637588501
YDL161W,YPL237W,0,-5.463741,0.13288109004497528,0.3687707781791687,0.24064230918884277
YPL127C,YBR090C-A,0,-5.46392,0.13282808661460876,0.3687707781791687,0.24075303971767426
YER108C,YOL126C,0,-5.464003,0.13277511298656464,0.3687707781791687,0.24086378514766693
YLR391W-A,YDR179C,0,-5.4641786,0.13272219896316528,0.3687707781791687,0.2409745305776596
YMR285C,YGL004C,0,-5.4641824,0.1326693296432495,0.3687707781791687,0.24108527600765228
YIL013C,YDR210C-D,0,-5.464318,0.13261649012565613,0.3687707781791687,0.24119600653648376
YIL042C,YDR316W-B,0,-5.4643273,0.13256369531154633,0.3687707781791687,0.24130675196647644
YLR391W,YKL126W,0,-5.464337,0.1325109452009201,0.3687707781791687,0.24141749739646912
YOR023C,YJL081C,1,-5.464406,0.13285601139068604,0.3698781728744507,0.24141749739646912
YKR062W,YOR343W-A,0,-5.4644656,0.13280318677425385,0.3698781728744507,0.2415282428264618
YGR200C,YKL197C,0,-5.464479,0.13275039196014404,0.3698781728744507,0.24163898825645447
YDR341C,YLL017W,0,-5.4645467,0.13269765675067902,0.3698781728744507,0.24174971878528595
YNL094W,YDR141C,0,-5.4646153,0.13264495134353638,0.3698781728744507,0.24186046421527863
YPL076W,YLR003C,0,-5.4646606,0.1325923055410385,0.3698781728744507,0.2419712096452713
YDR481C,YBR240C,0,-5.46476,0.13253968954086304,0.3698781728744507,0.24208195507526398
YIL004C,YER179W,0,-5.4648256,0.13248710334300995,0.3698781728744507,0.24219268560409546
YLL060C,YDR210C-C,0,-5.464841,0.13243457674980164,0.3698781728744507,0.24230343103408813
YDR485C,YLR301W,0,-5.46491,0.1323820799589157,0.3698781728744507,0.2424141764640808
YHR014W,YML114C,0,-5.465058,0.13232964277267456,0.3698781728744507,0.2425249218940735
YPL227C,YAR010C,0,-5.465117,0.1322772204875946,0.3698781728744507,0.24263565242290497
YPR135W,YFR024C,0,-5.4651556,0.13222485780715942,0.3698781728744507,0.24274639785289764
YGR036C,YNL214W,0,-5.4653234,0.13217253983020782,0.3698781728744507,0.24285714328289032
YDR036C,YLR384C,0,-5.4654107,0.1321202516555786,0.3698781728744507,0.242967888712883
YPR128C,YLR256W-A,0,-5.465591,0.13206800818443298,0.3698781728744507,0.24307863414287567
YER107C,YLR090W,0,-5.4656024,0.13201580941677094,0.3698781728744507,0.24318936467170715
YGL223C,YPL240C,0,-5.465797,0.13196365535259247,0.3698781728744507,0.24330011010169983
YDL226C,YKL073W,0,-5.4658046,0.1319115310907364,0.3698781728744507,0.2434108555316925
YJL090C,YHL011C,0,-5.4659104,0.1318594515323639,0.3698781728744507,0.24352160096168518
YPR200C,YER068W,0,-5.466016,0.13180741667747498,0.3698781728744507,0.24363233149051666
YCR091W,YOR343W-B,0,-5.4660845,0.13175542652606964,0.3698781728744507,0.24374307692050934
YDL115C,YLR086W,0,-5.466088,0.1317034661769867,0.3698781728744507,0.24385382235050201
YOR159C,YLR010C,0,-5.466124,0.13165155053138733,0.3698781728744507,0.2439645677804947
YNL309W,YGR161C-D,0,-5.4661436,0.13159967958927155,0.3698781728744507,0.24407529830932617
YLL022C,YEL066W,1,-5.466146,0.13194170594215393,0.37098559737205505,0.24407529830932617
YOR182C,YDR259C,0,-5.4663405,0.13188976049423218,0.37098559737205505,0.24418604373931885
YCR009C,YER116C,0,-5.466496,0.131837859749794,0.37098559737205505,0.24429678916931152
YOR098C,YPR158C-C,0,-5.466539,0.13178598880767822,0.37098559737205505,0.2444075345993042
YDL217C,YOR075W,0,-5.4666147,0.13173417747020721,0.37098559737205505,0.24451826512813568
YJL034W,YPR158W-B,0,-5.466717,0.1316823959350586,0.37098559737205505,0.24462901055812836
YHR072W,YPR137C-A,0,-5.4668546,0.13163064420223236,0.37098559737205505,0.24473975598812103
YFL039C,YDR126W,1,-5.4671006,0.13197171688079834,0.3720930218696594,0.24473975598812103
YML127W,YGR161W-A,0,-5.4671702,0.13191990554332733,0.3720930218696594,0.2448505014181137
YPR188C,YGR033C,0,-5.4672856,0.1318681389093399,0.3720930218696594,0.24496124684810638
YDL017W,YKL139W,0,-5.4673557,0.13181640207767487,0.3720930218696594,0.24507197737693787
YMR055C,YBR100W,0,-5.467604,0.1317647099494934,0.3720930218696594,0.24518272280693054
YIL142W,YIL077C,0,-5.4679193,0.13171304762363434,0.3720930218696594,0.24529346823692322
YDR270W,YDL115C,0,-5.468085,0.13166144490242004,0.3720930218696594,0.2454042136669159
YDR459C,YMR236W,1,-5.468086,0.13200156390666962,0.3732004463672638,0.2454042136669159
YOR334W,YGR038C-B,0,-5.4681973,0.13194988667964935,0.3732004463672638,0.24551494419574738
YNL014W,YJL208C,0,-5.468309,0.13189823925495148,0.3732004463672638,0.24562568962574005
YJR031C,YOR142W-A,0,-5.4683356,0.13184663653373718,0.3732004463672638,0.24573643505573273
YNL008C,YPR137C-A,0,-5.4684143,0.13179507851600647,0.3732004463672638,0.2458471804857254
YPL174C,YCR073W-A,0,-5.468718,0.13174355030059814,0.3732004463672638,0.24595791101455688
YDL099W,YPR158W-B,0,-5.4687304,0.1316920667886734,0.3732004463672638,0.24606865644454956
YER045C,YDR210C-D,0,-5.468829,0.13164062798023224,0.3732004463672638,0.24617940187454224
YOR133W,YAR010C,0,-5.4688444,0.13158921897411346,0.3732004463672638,0.2462901473045349
YNL242W,YFL035C,0,-5.4688487,0.13153785467147827,0.3732004463672638,0.2464008927345276
YDR448W,YGL066W,1,-5.469006,0.13187670707702637,0.37430787086486816,0.2464008927345276
YLR090W,YLR020C,0,-5.4690437,0.1318252682685852,0.37430787086486816,0.24651162326335907
YHL047C,YEL032W,0,-5.469098,0.13177387416362762,0.37430787086486816,0.24662236869335175
YNL197C,YPR137C-B,0,-5.469461,0.13172252476215363,0.37430787086486816,0.24673311412334442
YHR096C,YGR027W-B,0,-5.4695396,0.13167120516300201,0.37430787086486816,0.2468438595533371
YCL027W,YEL019C,0,-5.4697394,0.13161993026733398,0.37430787086486816,0.24695459008216858
YDR106W,YBL093C,0,-5.469935,0.13156870007514954,0.37430787086486816,0.24706533551216125
YNL166C,YDR451C,0,-5.469979,0.13151751458644867,0.37430787086486816,0.24717608094215393
YJL204C,YLR410W-B,0,-5.4700136,0.1314663589000702,0.37430787086486816,0.2472868263721466
YPR070W,YMR263W,0,-5.470276,0.1314152479171753,0.37430787086486816,0.2473975569009781
YMR042W,YDR210W-A,0,-5.4703298,0.13136416673660278,0.37430787086486816,0.24750830233097076
YBL105C,YPR133W-A,0,-5.4704204,0.13131313025951385,0.37430787086486816,0.24761904776096344
YJL146W,YOR297C,0,-5.470449,0.1312621384859085,0.37430787086486816,0.24772979319095612
YPL151C,YBR267W,0,-5.470486,0.13121117651462555,0.37430787086486816,0.2478405386209488
YLR284C,YOR142W-A,0,-5.470547,0.13116025924682617,0.37430787086486816,0.24795126914978027
YLR201C,YOR351C,0,-5.4708076,0.13110938668251038,0.37430787086486816,0.24806201457977295
YMR296C,YNR006W,0,-5.4713326,0.13105854392051697,0.37430787086486816,0.24817276000976562
YMR211W,YHL009W-B,0,-5.471336,0.13100774586200714,0.37430787086486816,0.2482835054397583
YBR142W,YDR277C,0,-5.471376,0.1309569925069809,0.37430787086486816,0.24839423596858978
YDL149W,YPR141C,0,-5.4716372,0.13090626895427704,0.37430787086486816,0.24850498139858246
YKL134C,YOR332W,0,-5.4716783,0.13085559010505676,0.37430787086486816,0.24861572682857513
YCR107W,YDR524C,0,-5.4716926,0.13080495595932007,0.37430787086486816,0.2487264722585678
YOR002W,YLR160C,0,-5.4717045,0.13075435161590576,0.37430787086486816,0.2488372027873993
YOL095C,YLR410W,0,-5.472137,0.13070379197597504,0.37430787086486816,0.24894794821739197
YML107C,YGR161W-A,0,-5.4723234,0.1306532621383667,0.37430787086486816,0.24905869364738464
YML071C,YBL033C,0,-5.4723887,0.13060277700424194,0.37430787086486816,0.24916943907737732
YPL274W,YBR143C,0,-5.472607,0.13055233657360077,0.37430787086486816,0.24928018450737
YNL332W,YOR142W-A,0,-5.472955,0.13050192594528198,0.37430787086486816,0.24939091503620148
YOL115W,YHR079C-A,0,-5.472998,0.13045156002044678,0.37430787086486816,0.24950166046619415
YBL105C,YOL122C,0,-5.473046,0.13040123879909515,0.37430787086486816,0.24961240589618683
YAL022C,YGL070C,0,-5.473077,0.13035094738006592,0.37430787086486816,0.2497231513261795
YLR195C,YDR145W,1,-5.473117,0.1306861937046051,0.37541529536247253,0.2497231513261795
YNL227C,YFR051C,0,-5.473162,0.1306358426809311,0.37541529536247253,0.249833881855011
YJR063W,YDR495C,0,-5.473286,0.13058552145957947,0.37541529536247253,0.24994462728500366
YGL065C,YFR024C,0,-5.473615,0.13053523004055023,0.37541529536247253,0.25005537271499634
YNL227C,YLR321C,0,-5.473656,0.13048498332500458,0.37541529536247253,0.250166118144989
YGR227W,YDL105W,0,-5.473703,0.1304347813129425,0.37541529536247253,0.2502768635749817
YER112W,YDR098C-A,0,-5.4739623,0.13038460910320282,0.37541529536247253,0.25038760900497437
YJR026W,YPR078C,0,-5.4743085,0.13033448159694672,0.37541529536247253,0.25049832463264465
YLR145W,YNL047C,0,-5.4745564,0.1302843987941742,0.37541529536247253,0.25060907006263733
YBR297W,YMR146C,0,-5.4747887,0.13023434579372406,0.37541529536247253,0.25071981549263
YKL073W,YLR424W,0,-5.4750457,0.1301843374967575,0.37541529536247253,0.2508305609226227
YLR310C,YKL214C,0,-5.4751716,0.13013435900211334,0.37541529536247253,0.25094130635261536
YBR223C,YDR057W,0,-5.475178,0.13008442521095276,0.37541529536247253,0.25105205178260803
YKL001C,YFL002W-B,0,-5.475265,0.13003452122211456,0.37541529536247253,0.2511627972126007
YGR048W,YDR325W,0,-5.4752727,0.12998466193675995,0.37541529536247253,0.2512735426425934
YIL118W,YDR320C,0,-5.4762244,0.12993484735488892,0.37541529536247253,0.25138428807258606
YDL002C,YIL063C,0,-5.476265,0.12988506257534027,0.37541529536247253,0.25149500370025635
YOR209C,YLR181C,0,-5.476434,0.129835307598114,0.37541529536247253,0.251605749130249
YDR135C,YDR365W-B,0,-5.476548,0.12978561222553253,0.37541529536247253,0.2517164945602417
YPL126W,YPR078C,0,-5.476562,0.12973593175411224,0.37541529536247253,0.2518272399902344
YJR057W,YPL208W,0,-5.476575,0.12968631088733673,0.37541529536247253,0.25193798542022705
YKL048C,YDR330W,0,-5.4767385,0.1296367049217224,0.37541529536247253,0.2520487308502197
YBL057C,YOR060C,0,-5.476835,0.12958715856075287,0.37541529536247253,0.2521594762802124
YJL060W,YDL226C,0,-5.4768825,0.1295376420021057,0.37541529536247253,0.2522702217102051
YHR114W,YCR062W,0,-5.477033,0.12948815524578094,0.37541529536247253,0.25238096714019775
YFL035C,YAL016W,0,-5.4771485,0.12943871319293976,0.37541529536247253,0.25249168276786804
YGL142C,YDR265W,0,-5.477177,0.12938931584358215,0.37541529536247253,0.2526024281978607
YLR157C,YBR021W,0,-5.477217,0.12933994829654694,0.37541529536247253,0.2527131736278534
YHR072W,YOR217W,0,-5.477303,0.1292906105518341,0.37541529536247253,0.25282391905784607
YJR093C,YGR192C,0,-5.477514,0.12924133241176605,0.37541529536247253,0.25293466448783875
YPR018W,YGR027W-B,0,-5.4776735,0.1291920691728592,0.37541529536247253,0.2530454099178314
YFL024C,YPL129W,1,-5.4780507,0.12952381372451782,0.3765226900577545,0.2530454099178314
YGL247W,YNR075W,0,-5.4780917,0.1294744908809662,0.3765226900577545,0.2531561553478241
YHR148W,YDR210C-C,0,-5.47811,0.12942519783973694,0.3765226900577545,0.2532669007778168
YPL008W,YDR097C,0,-5.4781446,0.12937594950199127,0.3765226900577545,0.25337761640548706
YNR049C,YMR077C,0,-5.4781833,0.1293267458677292,0.3765226900577545,0.25348836183547974
YOL049W,YPR158W-B,0,-5.478289,0.1292775720357895,0.3765226900577545,0.2535991072654724
YDL029W,YLR309C,0,-5.478361,0.12922842800617218,0.3765226900577545,0.2537098526954651
YDR448W,YLL002W,1,-5.4783664,0.12955926358699799,0.3776301145553589,0.2537098526954651
YDR293C,YDR261C-D,0,-5.4784284,0.1295100599527359,0.3776301145553589,0.25382059812545776
YJL018W,YIL022W,0,-5.4784803,0.1294609010219574,0.3776301145553589,0.25393134355545044
YER089C,YNL284C-B,0,-5.4786468,0.12941177189350128,0.3776301145553589,0.2540420889854431
YLL061W,YAL001C,0,-5.47879,0.12936267256736755,0.3776301145553589,0.2541528344154358
YBL013W,YCR062W,0,-5.4788513,0.1293136179447174,0.3776301145553589,0.25426357984542847
YGR246C,YCL060C,0,-5.478864,0.12926459312438965,0.3776301145553589,0.25437429547309875
YER108C,YLR447C,0,-5.47891,0.12921561300754547,0.3776301145553589,0.25448504090309143
YCL051W,YLR337W,0,-5.4792094,0.12916666269302368,0.3776301145553589,0.2545957863330841
YBR293W,YDR316W-B,0,-5.479283,0.12911775708198547,0.3776301145553589,0.2547065317630768
YER159C,YDR202C,0,-5.479317,0.12906888127326965,0.3776301145553589,0.25481727719306946
YJL145W,YFL008W,0,-5.4795384,0.12902005016803741,0.3776301145553589,0.25492802262306213
YDR378C,YDR435C,0,-5.479545,0.12897124886512756,0.3776301145553589,0.2550387680530548
YJR084W,YOR142W-B,0,-5.479661,0.1289224922657013,0.3776301145553589,0.2551495134830475
YJL124C,YDR322C-A,0,-5.479713,0.1288737654685974,0.3776301145553589,0.2552602291107178
YMR232W,YLR234W,0,-5.4797134,0.1288250833749771,0.3776301145553589,0.25537097454071045
YER165W,YPR133C,0,-5.480126,0.1287764310836792,0.3776301145553589,0.2554817199707031
YJL003W,YNL084C,0,-5.4802737,0.12872782349586487,0.3776301145553589,0.2555924654006958
YEL056W,YOR064C,1,-5.480348,0.12905660271644592,0.37873753905296326,0.2555924654006958
YNL328C,YKR097W,0,-5.4803686,0.12900792062282562,0.37873753905296326,0.2557032108306885
YER167W,YLR106C,0,-5.480802,0.1289592832326889,0.37873753905296326,0.25581395626068115
YGR036C,YOR334W,0,-5.480889,0.12891066074371338,0.37873753905296326,0.25592470169067383
YER089C,YOR194C,0,-5.4810452,0.12886209785938263,0.37873753905296326,0.2560354471206665
YBR079C,YKL079W,0,-5.4814687,0.12881356477737427,0.37873753905296326,0.2561461925506592
YEL018W,YGR254W,0,-5.4815555,0.1287650614976883,0.37873753905296326,0.25625690817832947
YOR347C,YHR039C-B,0,-5.481749,0.1287166029214859,0.37873753905296326,0.25636765360832214
YHR158C,YGL172W,0,-5.4818277,0.1286681741476059,0.37873753905296326,0.2564783990383148
YNL339C,YDR210C-D,0,-5.481948,0.12861977517604828,0.37873753905296326,0.2565891444683075
YPL137C,YPL157W,0,-5.4820833,0.12857143580913544,0.37873753905296326,0.25669988989830017
YLR208W,YPR158C-C,0,-5.4821067,0.1285231113433838,0.37873753905296326,0.25681063532829285
YPR135W,YNL014W,0,-5.4821253,0.12847483158111572,0.37873753905296326,0.2569213807582855
YNL326C,YDR167W,1,-5.4828086,0.1288021057844162,0.3798449635505676,0.2569213807582855
YLR268W,YFR003C,0,-5.48299,0.12875375151634216,0.3798449635505676,0.2570321261882782
YDR118W,YNL192W,0,-5.4830003,0.1287054419517517,0.3798449635505676,0.2571428716182709
YKL178C,YGL039W,0,-5.4830403,0.12865716218948364,0.3798449635505676,0.25725358724594116
YDL145C,YBR289W,0,-5.4832625,0.12860892713069916,0.3798449635505676,0.25736433267593384
YML105C,YOL103W-A,0,-5.4833198,0.12856072187423706,0.3798449635505676,0.2574750781059265
YNL136W,YIL009W,1,-5.4833455,0.12888722121715546,0.380952388048172,0.2574750781059265
YMR055C,YPL152W,0,-5.483439,0.12883895635604858,0.380952388048172,0.2575858235359192
YPR135W,YHR014W,0,-5.4836,0.1287907212972641,0.380952388048172,0.25769656896591187
YLR295C,YKR008W,0,-5.483808,0.128742516040802,0.380952388048172,0.25780731439590454
YOL042W,YIL138C,0,-5.4838796,0.1286943554878235,0.380952388048172,0.2579180598258972
YIL128W,YBR073W,0,-5.484377,0.12864622473716736,0.380952388048172,0.2580288052558899
YBR091C,YJR027W,0,-5.484503,0.12859812378883362,0.380952388048172,0.2581395208835602
YKL001C,YPL283C,0,-5.484575,0.12855006754398346,0.380952388048172,0.25825026631355286
YPR033C,YBR253W,0,-5.4846454,0.12850205600261688,0.380952388048172,0.25836101174354553
YLR170C,YPL268W,0,-5.4846964,0.1284540742635727,0.380952388048172,0.2584717571735382
YBR182C,YAL001C,0,-5.484904,0.1284061223268509,0.380952388048172,0.2585825026035309
YBR278W,YDL140C,0,-5.4849963,0.12835821509361267,0.380952388048172,0.25869324803352356
YAL007C,YER137C-A,0,-5.485129,0.12831033766269684,0.380952388048172,0.25880399346351624
YMR188C,YDR477W,0,-5.4853773,0.1282624900341034,0.380952388048172,0.2589147388935089
YKL043W,YHR119W,0,-5.485438,0.12821468710899353,0.380952388048172,0.2590254843235016
YOL146W,YOR343W-B,0,-5.4854474,0.12816691398620605,0.380952388048172,0.2591361999511719
YOR046C,YHL009W-B,0,-5.4854474,0.12811918556690216,0.380952388048172,0.25924694538116455
YPL228W,YNL310C,0,-5.4855866,0.12807148694992065,0.380952388048172,0.2593576908111572
YDL117W,YJR150C,0,-5.4855886,0.12802381813526154,0.380952388048172,0.2594684362411499
YAL054C,YBR198C,1,-5.485642,0.1283482164144516,0.38205981254577637,0.2594684362411499
YBR160W,YDR181C,0,-5.485662,0.1283004879951477,0.38205981254577637,0.2595791816711426
YPR083W,YLR035C-A,0,-5.4856896,0.1282527893781662,0.38205981254577637,0.25968992710113525
YIL014W,YOR130C,0,-5.4857774,0.12820513546466827,0.38205981254577637,0.25980067253112793
YIL105C,YFL002W-B,0,-5.485805,0.12815749645233154,0.38205981254577637,0.2599114179611206
YLR079W,YLR212C,0,-5.4858627,0.1281099170446396,0.38205981254577637,0.2600221335887909
YJR104C,YPR158W-B,0,-5.4858847,0.12806236743927002,0.38205981254577637,0.26013287901878357
YIR004W,YDR210W-A,0,-5.4859242,0.12801484763622284,0.38205981254577637,0.26024362444877625
YGL018C,YKL080W,0,-5.485949,0.12796735763549805,0.38205981254577637,0.2603543698787689
YNL328C,YHR023W,0,-5.4859867,0.12791991233825684,0.38205981254577637,0.2604651153087616
YBR131W,YOL146W,0,-5.4860663,0.127872496843338,0.38205981254577637,0.2605758607387543
YER007W,YOR142W-A,0,-5.4860835,0.12782512605190277,0.38205981254577637,0.26068660616874695
YMR069W,YMR236W,1,-5.4861255,0.128148153424263,0.38316720724105835,0.26068660616874695
YNL118C,YJR010C-A,0,-5.4863973,0.1281007081270218,0.38316720724105835,0.2607973515987396
YHL031C,YGR054W,0,-5.486426,0.12805329263210297,0.38316720724105835,0.2609080970287323
YGL256W,YDR210W-A,0,-5.486879,0.12800592184066772,0.38316720724105835,0.2610188126564026
YCL027W,YNL273W,0,-5.4870505,0.12795858085155487,0.38316720724105835,0.26112955808639526
YML008C,YDR343C,0,-5.4874005,0.1279112696647644,0.38316720724105835,0.26124030351638794
YLR066W,YHR181W,0,-5.487448,0.12786400318145752,0.38316720724105835,0.2613510489463806
YDR439W,YPL233W,0,-5.4877815,0.12781676650047302,0.38316720724105835,0.2614617943763733
YDR091C,YGL115W,0,-5.487808,0.1277695745229721,0.38316720724105835,0.26157253980636597
YGR135W,YDR527W,0,-5.4878163,0.12772241234779358,0.38316720724105835,0.26168328523635864
YBR167C,YJL145W,0,-5.487867,0.12767527997493744,0.38316720724105835,0.2617940306663513
YMR069W,YDR126W,1,-5.4879804,0.12799705564975739,0.3842746317386627,0.2617940306663513
YNL173C,YDR098C-A,0,-5.488112,0.12794984877109528,0.3842746317386627,0.261904776096344
YGL246C,YER137C-A,0,-5.4884696,0.12790268659591675,0.3842746317386627,0.2620154917240143
YBR234C,YPL233W,0,-5.488528,0.1278555691242218,0.3842746317386627,0.26212623715400696
YOL004W,YDR207C,0,-5.488661,0.12780846655368805,0.3842746317386627,0.26223698258399963
YAL040C,YPR158W-A,0,-5.488669,0.12776140868663788,0.3842746317386627,0.2623477280139923
YER149C,YHR143W-A,0,-5.4888477,0.1277143955230713,0.3842746317386627,0.262458473443985
YPR201W,YGR161C-D,0,-5.4888673,0.1276673972606659,0.3842746317386627,0.26256921887397766
YMR069W,YGL066W,1,-5.48889,0.12798823416233063,0.3853820562362671,0.26256921887397766
YKL060C,YBR020W,0,-5.489057,0.12794117629528046,0.3853820562362671,0.26267996430397034
YLR391W,YDL058W,0,-5.4891477,0.12789416313171387,0.3853820562362671,0.262790709733963
YOL020W,YPR137C-A,0,-5.489186,0.12784716486930847,0.3853820562362671,0.2629014253616333
YHR186C,YHR073W,0,-5.48924,0.12780022621154785,0.3853820562362671,0.263012170791626
YDL200C,YJL208C,0,-5.4892473,0.12775330245494843,0.3853820562362671,0.26312291622161865
YNL251C,YML069W,0,-5.489292,0.12770642340183258,0.3853820562362671,0.26323366165161133
YFL024C,YNL326C,1,-5.489375,0.12802641093730927,0.38648948073387146,0.26323366165161133
YDL013W,YKR031C,0,-5.4893756,0.12797945737838745,0.38648948073387146,0.263344407081604
YKR028W,YAL009W,0,-5.489477,0.12793254852294922,0.38648948073387146,0.2634551525115967
YJL026W,YHR039C-A,0,-5.4895062,0.12788566946983337,0.38648948073387146,0.26356589794158936
YEL019C,YDR487C,0,-5.4895353,0.1278388351202011,0.38648948073387146,0.26367664337158203
YAL034W-A,YNL262W,0,-5.48995,0.12779201567173004,0.38648948073387146,0.2637873888015747
YOR034C,YMR236W,1,-5.4899583,0.12811127305030823,0.38759690523147583,0.2637873888015747
YGL135W,YBR240C,0,-5.4900246,0.12806439399719238,0.38759690523147583,0.263898104429245
YOR133W,YBR100W,0,-5.490028,0.12801755964756012,0.38759690523147583,0.26400884985923767
YBR223C,YDR457W,0,-5.4903975,0.12797075510025024,0.38759690523147583,0.26411959528923035
YMR033W,YFL035C,0,-5.49056,0.12792398035526276,0.38759690523147583,0.264230340719223
YPL012W,YKR062W,0,-5.490601,0.12787723541259766,0.38759690523147583,0.2643410861492157
YDR276C,YHR205W,0,-5.490809,0.12783053517341614,0.38759690523147583,0.2644518315792084
YGL210W-A,YDR489W,0,-5.4909706,0.127783864736557,0.38759690523147583,0.26456257700920105
YNL103W,YDR365W-B,0,-5.491015,0.12773722410202026,0.38759690523147583,0.2646733224391937
YPL133C,YOR142W-B,0,-5.491055,0.1276906281709671,0.38759690523147583,0.2647840678691864
YOR377W,YCL008C,0,-5.4910893,0.12764406204223633,0.38759690523147583,0.2648947834968567
YAL042W,YIL023C,0,-5.491118,0.12759752571582794,0.38759690523147583,0.26500552892684937
YER177W,YOR354C,0,-5.491195,0.12755101919174194,0.38759690523147583,0.26511627435684204
YBR207W,YBR279W,0,-5.491219,0.12750455737113953,0.38759690523147583,0.2652270197868347
YMR008C,YPR181C,0,-5.4913735,0.1274581253528595,0.38759690523147583,0.2653377652168274
YJL021C,YPL026C,0,-5.4914966,0.12741172313690186,0.38759690523147583,0.26544851064682007
YPL209C,YHL009C,0,-5.491521,0.1273653507232666,0.38759690523147583,0.26555925607681274
YMR313C,YML088W,0,-5.4915376,0.12731902301311493,0.38759690523147583,0.2656700015068054
YDR195W,YDR238C,0,-5.4915633,0.12727272510528564,0.38759690523147583,0.2657807171344757
YFL024C,YHR090C,1,-5.4918547,0.12758997082710266,0.3887043297290802,0.2657807171344757
YOR171C,YOR343W-A,0,-5.492089,0.1275435984134674,0.3887043297290802,0.2658914625644684
YJR082C,YPR131C,1,-5.4924116,0.12786051630973816,0.3898117244243622,0.2658914625644684
YCR014C,YOR172W,0,-5.492439,0.12781408429145813,0.3898117244243622,0.26600220799446106
YNL148C,YER035W,0,-5.4925146,0.12776769697666168,0.3898117244243622,0.26611295342445374
YNL307C,YJL042W,0,-5.4925847,0.12772133946418762,0.3898117244243622,0.2662236988544464
YIL009C-A,YDR075W,0,-5.4926734,0.12767501175403595,0.3898117244243622,0.2663344442844391
YNL016W,YPL274W,0,-5.492688,0.12762871384620667,0.3898117244243622,0.26644518971443176
YMR270C,YCR042C,0,-5.4927664,0.12758246064186096,0.3898117244243622,0.26655593514442444
YOL130W,YDR310C,0,-5.492767,0.12753623723983765,0.3898117244243622,0.2666666805744171
YLR078C,YEL063C,0,-5.4927793,0.12749004364013672,0.3898117244243622,0.2667773962020874
YOR076C,YDR146C,0,-5.4929953,0.12744387984275818,0.3898117244243622,0.2668881416320801
YCL060C,YDL120W,0,-5.493022,0.12739776074886322,0.3898117244243622,0.26699888706207275
YDR146C,YDR316W-A,0,-5.4931626,0.12735167145729065,0.3898117244243622,0.26710963249206543
YLR433C,YHR115C,0,-5.4931846,0.12730561196804047,0.3898117244243622,0.2672203779220581
YCR082W,YPL144W,0,-5.493217,0.12725958228111267,0.3898117244243622,0.2673311233520508
YOR103C,YJR102C,0,-5.493254,0.12721358239650726,0.3898117244243622,0.26744186878204346
YDL059C,YBR030W,0,-5.4933143,0.12716762721538544,0.3898117244243622,0.26755261421203613
YEL037C,YDR210C-C,0,-5.493401,0.127121701836586,0.3898117244243622,0.2676633298397064
YJL170C,YMR060C,0,-5.4936705,0.12707580626010895,0.3898117244243622,0.2677740752696991
YJR031C,YBR037C,0,-5.4937253,0.12702995538711548,0.3898117244243622,0.2678848206996918
YBR002C,YGR161W-A,0,-5.493878,0.1269841343164444,0.3898117244243622,0.26799556612968445
YLR170C,YDR210W-A,0,-5.493878,0.1269383281469345,0.3898117244243622,0.2681063115596771
YLR391W,YKL019W,0,-5.493939,0.1268925666809082,0.3898117244243622,0.2682170569896698
YNL031C,YDR213W,0,-5.493962,0.12684684991836548,0.3898117244243622,0.2683278024196625
YNL298W,YBR130C,0,-5.49406,0.12680114805698395,0.3898117244243622,0.26843854784965515
YPR094W,YOR224C,0,-5.494228,0.126755490899086,0.3898117244243622,0.2685492932796478
YML102W,YHR060W,0,-5.494251,0.12670986354351044,0.3898117244243622,0.2686600089073181
YNL112W,YPL046C,0,-5.4943714,0.12666426599025726,0.3898117244243622,0.2687707543373108
YHR005C-A,YBL005W,0,-5.4945064,0.12661869823932648,0.3898117244243622,0.26888149976730347
YMR287C,YBL025W,0,-5.494513,0.12657317519187927,0.3898117244243622,0.26899224519729614
YDR163W,YPR158W-B,0,-5.4945145,0.12652768194675446,0.3898117244243622,0.2691029906272888
YCR048W,YPL087W,0,-5.49455,0.12648221850395203,0.3898117244243622,0.2692137360572815
YHL036W,YLR191W,0,-5.4946365,0.12643678486347198,0.3898117244243622,0.26932448148727417
YER114C,YMR073C,0,-5.494694,0.12639138102531433,0.3898117244243622,0.26943522691726685
YDL126C,YPR032W,0,-5.494729,0.12634602189064026,0.3898117244243622,0.2695459723472595
YOR034C,YJL115W,1,-5.4947476,0.12665949761867523,0.39091914892196655,0.2695459723472595
YOR030W,YDR316W-A,0,-5.494992,0.1266140639781952,0.39091914892196655,0.2696566879749298
YKR063C,YLR147C,0,-5.4950433,0.12656866014003754,0.39091914892196655,0.2697674334049225
YDR017C,YLR447C,0,-5.4951763,0.12652330100536346,0.39091914892196655,0.26987817883491516
YCL066W,YMR314W,0,-5.495189,0.12647797167301178,0.39091914892196655,0.26998892426490784
YER108C,YNL302C,0,-5.4951963,0.12643267214298248,0.39091914892196655,0.2700996696949005
YDR464W,YPL016W,0,-5.495273,0.12638740241527557,0.39091914892196655,0.2702104151248932
YDR106W,YML040W,0,-5.495464,0.12634216248989105,0.39091914892196655,0.27032116055488586
YER032W,YKL074C,0,-5.495582,0.12629695236682892,0.39091914892196655,0.27043190598487854
YPL153C,YBR267W,0,-5.495588,0.12625178694725037,0.39091914892196655,0.27054262161254883
YLR153C,YHR099W,1,-5.4957194,0.1265641748905182,0.3920265734195709,0.27054262161254883
YOR191W,YPR158W-A,0,-5.4958663,0.12651893496513367,0.3920265734195709,0.2706533670425415
YPR105C,YPL240C,0,-5.4958987,0.12647373974323273,0.3920265734195709,0.2707641124725342
YGR036C,YPR164W,0,-5.4960628,0.12642857432365417,0.3920265734195709,0.27087485790252686
YAL003W,YDR261W-A,0,-5.4960656,0.126383438706398,0.3920265734195709,0.27098560333251953
YML080W,YGR038C-A,0,-5.4962244,0.12633833289146423,0.3920265734195709,0.2710963487625122
YOL008W,YNL129W,0,-5.4963193,0.12629325687885284,0.3920265734195709,0.2712070941925049
YER019C-A,YNL131W,0,-5.496471,0.12624821066856384,0.3920265734195709,0.27131783962249756
YNR008W,YOL121C,0,-5.4967084,0.12620320916175842,0.3920265734195709,0.27142858505249023
YER051W,YGR270W,0,-5.4969125,0.1261582374572754,0.3920265734195709,0.2715393006801605
YOR274W,YCL074W,0,-5.497065,0.12611329555511475,0.3920265734195709,0.2716500461101532
YKL019W,YLR135W,0,-5.497068,0.1260683834552765,0.3920265734195709,0.2717607915401459
YJL081C,YPL129W,1,-5.497109,0.12637948989868164,0.3931339979171753,0.2717607915401459
YPR200C,YLR223C,0,-5.4972095,0.1263345181941986,0.3931339979171753,0.27187153697013855
YGR009C,YDR098C-B,0,-5.497338,0.12628957629203796,0.3931339979171753,0.2719822824001312
YDR448W,YDR167W,1,-5.4973435,0.12660028040409088,0.39424142241477966,0.2719822824001312
YOR023C,YMR236W,1,-5.4974236,0.12691077589988708,0.39534884691238403,0.2719822824001312
YAR008W,YIL039W,0,-5.4975696,0.1268656700849533,0.39534884691238403,0.2720930278301239
YBR037C,YIL008W,0,-5.4976172,0.1268206089735031,0.39534884691238403,0.2722037732601166
YEL066W,YDR145W,1,-5.498091,0.1271306872367859,0.3964562714099884,0.2722037732601166
YPR019W,YKL062W,0,-5.4982677,0.12708555161952972,0.3964562714099884,0.27231451869010925
YOR034C,YPL001W,1,-5.498282,0.12739531695842743,0.3975636661052704,0.27231451869010925
YJR057W,YCL075W,0,-5.4983172,0.1273501217365265,0.3975636661052704,0.27242523431777954
YPR135W,YML047C,0,-5.498407,0.12730497121810913,0.3975636661052704,0.2725359797477722
YER020W,YOL103W-B,0,-5.4984913,0.12725983560085297,0.3975636661052704,0.2726467251777649
YOL008W,YLR268W,0,-5.4985514,0.12721474468708038,0.3975636661052704,0.27275747060775757
YJR093C,YBR254C,0,-5.498712,0.1271696835756302,0.3975636661052704,0.27286821603775024
YDR108W,YGR063C,0,-5.4987254,0.12712465226650238,0.3975636661052704,0.2729789614677429
YDL117W,YER146W,0,-5.498817,0.12707965075969696,0.3975636661052704,0.2730897068977356
YHR175W,YMR052W,0,-5.4988766,0.12703467905521393,0.3975636661052704,0.27320045232772827
YMR216C,YPL032C,0,-5.499046,0.12698973715305328,0.3975636661052704,0.27331119775772095
YML051W,YGR170W,0,-5.499258,0.12694483995437622,0.3975636661052704,0.27342191338539124
YOL016C,YKL055C,0,-5.4993052,0.12689995765686035,0.3975636661052704,0.2735326588153839
YGL119W,YPL010W,0,-5.4993787,0.12685512006282806,0.3975636661052704,0.2736434042453766
YLR201C,YIR025W,0,-5.4994607,0.12681031227111816,0.3975636661052704,0.27375414967536926
YBR037C,YER151C,0,-5.4995294,0.12676553428173065,0.3975636661052704,0.27386489510536194
YMR038C,YBR175W,0,-5.499603,0.12672078609466553,0.3975636661052704,0.2739756405353546
YNL094W,YOL147C,0,-5.499682,0.12667608261108398,0.3975636661052704,0.2740863859653473
YMR119W,YGR161C-D,0,-5.499685,0.12663139402866364,0.3975636661052704,0.27419713139533997
YPL042C,YJL143W,0,-5.4996924,0.12658673524856567,0.3975636661052704,0.27430787682533264
YER044C,YBR106W,0,-5.4997888,0.1265421211719513,0.3975636661052704,0.27441859245300293
YPR138C,YLR455W,0,-5.4998965,0.1264975368976593,0.3975636661052704,0.2745293378829956
YPL170W,YGR254W,0,-5.5000367,0.1264529824256897,0.3975636661052704,0.2746400833129883
YDR227W,YMR016C,0,-5.50008,0.12640845775604248,0.3975636661052704,0.27475082874298096
YGR261C,YKL028W,0,-5.5002713,0.12636396288871765,0.3975636661052704,0.27486157417297363
YJL122W,YHR079C-A,0,-5.5004196,0.1263194978237152,0.3975636661052704,0.2749723196029663
YIL018W,YER137C-A,0,-5.50044,0.12627506256103516,0.3975636661052704,0.275083065032959
YCL060C,YBR097W,0,-5.500547,0.1262306571006775,0.3975636661052704,0.27519381046295166
YBL019W,YKR095W-A,0,-5.5006995,0.1261862963438034,0.3975636661052704,0.27530452609062195
YOL112W,YCL062W,0,-5.500835,0.12614195048809052,0.3975636661052704,0.2754152715206146
YEL026W,YPR158W-A,0,-5.5009174,0.1260976493358612,0.3975636661052704,0.2755260169506073
YHR171W,YDR363W-A,0,-5.500933,0.12605337798595428,0.3975636661052704,0.2756367623806
YKR046C,YLL017W,0,-5.5009503,0.12600912153720856,0.3975636661052704,0.27574750781059265
YGR074W,YOR290C,0,-5.50103,0.1259649097919464,0.3975636661052704,0.2758582532405853
YFR021W,YHR084W,0,-5.501087,0.12592072784900665,0.3975636661052704,0.275968998670578
YHL040C,YMR087W,0,-5.501118,0.12587657570838928,0.3975636661052704,0.2760797441005707
YBR036C,YPR158C-C,0,-5.501156,0.1258324533700943,0.3975636661052704,0.27619048953056335
YJL209W,YNL264C,0,-5.501185,0.1257883608341217,0.3975636661052704,0.27630120515823364
YER042W,YDR057W,0,-5.5012193,0.1257443130016327,0.3975636661052704,0.2764119505882263
YDR457W,YLR035C-A,0,-5.501273,0.12570028007030487,0.3975636661052704,0.276522696018219
YEL019C,YLR320W,0,-5.501366,0.12565627694129944,0.3975636661052704,0.27663344144821167
YOR209C,YPR158W-A,0,-5.5013947,0.1256123185157776,0.3975636661052704,0.27674418687820435
YLR285W,YFL059W,0,-5.5015483,0.12556837499141693,0.3975636661052704,0.276854932308197
YLR066W,YBR175W,0,-5.501556,0.12552447617053986,0.3975636661052704,0.2769656777381897
YNR010W,YHR174W,0,-5.501661,0.12548060715198517,0.3975636661052704,0.2770764231681824
YDR005C,YKR062W,0,-5.501882,0.12543675303459167,0.3975636661052704,0.27718716859817505
YIL159W,YOR270C,0,-5.501975,0.12539294362068176,0.3975636661052704,0.27729788422584534
YKL135C,YDR261C-D,0,-5.501991,0.12534916400909424,0.3975636661052704,0.277408629655838
YOL082W,YOL004W,0,-5.5019956,0.1253054141998291,0.3975636661052704,0.2775193750858307
YPR190C,YMR134W,0,-5.5020175,0.12526169419288635,0.3975636661052704,0.27763012051582336
YLR399C,YNL284C-B,0,-5.5020704,0.125218003988266,0.3975636661052704,0.27774086594581604
YNL161W,YDR495C,0,-5.5021224,0.12517434358596802,0.3975636661052704,0.2778516113758087
YLR081W,YDR331W,0,-5.5023675,0.12513071298599243,0.3975636661052704,0.2779623568058014
YLR256W,YBL023C,0,-5.5023875,0.12508711218833923,0.3975636661052704,0.27807310223579407
YLR256W,YOL121C,0,-5.5024543,0.12504354119300842,0.3975636661052704,0.27818381786346436
YDR058C,YGL039W,0,-5.502496,0.125,0.3975636661052704,0.27829456329345703
YBR009C,YJL059W,0,-5.5025177,0.12495648860931396,0.3975636661052704,0.2784053087234497
YGL167C,YOR256C,0,-5.5026326,0.12491301447153091,0.3975636661052704,0.2785160541534424
YBR276C,YBR273C,0,-5.502744,0.12486956268548965,0.3975636661052704,0.27862679958343506
YMR078C,YOR351C,0,-5.5027747,0.12482614815235138,0.3975636661052704,0.27873754501342773
YJR046W,YNL284C-B,0,-5.502786,0.12478276342153549,0.3975636661052704,0.2788482904434204
YER088C,YDR425W,0,-5.5027876,0.1247394010424614,0.3975636661052704,0.2789590358734131
YJL143W,YOL129W,0,-5.5031095,0.12469607591629028,0.3975636661052704,0.27906978130340576
YLR044C,YOL138C,0,-5.503138,0.12465278059244156,0.3975636661052704,0.27918049693107605
YPL011C,YBR030W,0,-5.503237,0.12460950762033463,0.3975636661052704,0.2792912423610687
YDR118W,YMR149W,0,-5.503525,0.12456627190113068,0.3975636661052704,0.2794019877910614
YDR440W,YPL031C,0,-5.5035605,0.12452306598424911,0.3975636661052704,0.2795127332210541
YLR117C,YBR121C,0,-5.503698,0.12447988986968994,0.3975636661052704,0.27962347865104675
YMR184W,YPL130W,0,-5.5037827,0.12443674355745316,0.3975636661052704,0.27973422408103943
YAL024C,YOR147W,0,-5.5039215,0.12439362704753876,0.3975636661052704,0.2798449695110321
YER015W,YCL010C,1,-5.5039883,0.12469691783189774,0.39867109060287476,0.2798449695110321
YER164W,YBL016W,0,-5.504102,0.12465374171733856,0.39867109060287476,0.2799557149410248
YNR053C,YPR158W-A,0,-5.5042977,0.12461059540510178,0.39867109060287476,0.28006643056869507
YLR284C,YML045W,0,-5.504313,0.12456747144460678,0.39867109060287476,0.28017717599868774
YFL056C,YNL084C,0,-5.504336,0.12452438473701477,0.39867109060287476,0.2802879214286804
YAL031C,YOL067C,0,-5.5043397,0.12448132783174515,0.39867109060287476,0.2803986668586731
YPL132W,YBR256C,0,-5.504378,0.12443830072879791,0.39867109060287476,0.28050941228866577
YKL099C,YLR337W,0,-5.5046654,0.12439530342817307,0.39867109060287476,0.28062015771865845
YJL076W,YBL100W-B,0,-5.504829,0.12435232847929001,0.39867109060287476,0.2807309031486511
YBR275C,YGL098W,0,-5.504894,0.12430939078330994,0.39867109060287476,0.2808416485786438
YLR391W-A,YGL100W,0,-5.505007,0.12426648288965225,0.39867109060287476,0.2809523940086365
YBR280C,YOR343W-A,0,-5.505093,0.12422360479831696,0.39867109060287476,0.28106310963630676
YCR089W,YER082C,0,-5.5051045,0.12418074905872345,0.39867109060287476,0.28117385506629944
YIR037W,YPL011C,0,-5.5052037,0.12413793057203293,0.39867109060287476,0.2812846004962921
YHR114W,YHR120W,0,-5.505248,0.1240951418876648,0.39867109060287476,0.2813953459262848
YLR328W,YJL121C,0,-5.505277,0.12405237555503845,0.39867109060287476,0.28150609135627747
YPR023C,YGL066W,1,-5.505366,0.12435411661863327,0.3997785151004791,0.28150609135627747
YDL145C,YPR165W,0,-5.5055714,0.12431129813194275,0.3997785151004791,0.28161683678627014
YOR181W,YBR254C,0,-5.505572,0.12426850199699402,0.3997785151004791,0.2817275822162628
YMR037C,YLR034C,0,-5.5057626,0.12422574311494827,0.3997785151004791,0.2818383276462555
YLL022C,YLL002W,1,-5.5057826,0.12452700734138489,0.4008859395980835,0.2818383276462555
YFL025C,YGL167C,0,-5.5061097,0.12448418140411377,0.4008859395980835,0.28194907307624817
YPL011C,YER041W,0,-5.506127,0.12444138526916504,0.4008859395980835,0.28205978870391846
YER119C,YDR013W,0,-5.5062184,0.1243986263871193,0.4008859395980835,0.28217053413391113
YLR035C-A,YPR137C-A,0,-5.506286,0.12435588985681534,0.4008859395980835,0.2822812795639038
YFL002W-A,YOR142W-B,0,-5.506286,0.12431318312883377,0.4008859395980835,0.2823920249938965
YDR288W,YHR079C-B,0,-5.506293,0.12427051365375519,0.4008859395980835,0.28250277042388916
YPR199C,YMR182C,0,-5.506539,0.1242278665304184,0.4008859395980835,0.28261351585388184
YNL186W,YPR158W-A,0,-5.506684,0.12418524920940399,0.4008859395980835,0.2827242612838745
YFL048C,YCL032W,0,-5.5066857,0.12414266169071198,0.4008859395980835,0.2828350067138672
YER159C,YFL017W-A,0,-5.506694,0.12410010397434235,0.4008859395980835,0.2829457223415375
YMR067C,YPL257W-B,0,-5.506723,0.1240575760602951,0.4008859395980835,0.28305646777153015
YLR160C,YGR090W,0,-5.5067315,0.12401507049798965,0.4008859395980835,0.2831672132015228
YJL033W,YLR403W,0,-5.5067983,0.12397260218858719,0.4008859395980835,0.2832779586315155
YCR071C,YPL208W,0,-5.506998,0.12393016368150711,0.4008859395980835,0.2833887040615082
YER110C,YBR097W,0,-5.507091,0.12388774752616882,0.4008859395980835,0.28349944949150085
YDL175C,YML095C,0,-5.5070996,0.12384536117315292,0.4008859395980835,0.28361019492149353
YJL021C,YNL064C,0,-5.5071397,0.12380301207304001,0.4008859395980835,0.2837209403514862
YLR206W,YCR080W,0,-5.507159,0.12376068532466888,0.4008859395980835,0.2838316857814789
YGR113W,YLR135W,0,-5.507319,0.12371838837862015,0.4008859395980835,0.28394240140914917
YOL165C,YDR316W-B,0,-5.507439,0.1236761212348938,0.4008859395980835,0.28405314683914185
YOR008C,YLL011W,0,-5.5076566,0.12363387644290924,0.4008859395980835,0.2841638922691345
YJL167W,YMR266W,0,-5.507754,0.12359166890382767,0.4008859395980835,0.2842746376991272
YOL069W,YPR133W-A,0,-5.5078998,0.12354949116706848,0.4008859395980835,0.2843853831291199
YNL030W,YAL005C,0,-5.507925,0.12350733578205109,0.4008859395980835,0.28449612855911255
YMR214W,YJL156C,0,-5.5081773,0.12346521019935608,0.4008859395980835,0.2846068739891052
YMR044W,YBR245C,0,-5.508332,0.12342311441898346,0.4008859395980835,0.2847176194190979
YDL166C,YKL108W,0,-5.5083814,0.12338104844093323,0.4008859395980835,0.2848283350467682
YPR070W,YLL021W,0,-5.508421,0.12333901226520538,0.4008859395980835,0.28493908047676086
YLR391W,YKL053C-A,0,-5.5085034,0.12329700589179993,0.4008859395980835,0.28504982590675354
YBR294W,YDR261C-D,0,-5.508632,0.12325502187013626,0.4008859395980835,0.2851605713367462
YDR418W,YPR158W-A,0,-5.508712,0.12321306765079498,0.4008859395980835,0.2852713167667389
YOR075W,YDR210W-B,0,-5.5087514,0.12317114323377609,0.4008859395980835,0.28538206219673157
YGR033C,YER138C,0,-5.5089493,0.12312924861907959,0.4008859395980835,0.28549280762672424
YFL039C,YHR099W,1,-5.509077,0.12342740595340729,0.40199336409568787,0.28549280762672424
YJR082C,YIL009W,1,-5.50919,0.12372535467147827,0.40310078859329224,0.28549280762672424
YGR166W,YGL011C,0,-5.5092216,0.12368331849575043,0.40310078859329224,0.2856035530567169
YJL008C,YBR130C,0,-5.5094256,0.12364130467176437,0.40310078859329224,0.2857142984867096
YNL302C,YOR008C-A,0,-5.5095773,0.12359932065010071,0.40310078859329224,0.2858250141143799
YGL016W,YER137C-A,0,-5.509587,0.12355736643075943,0.40310078859329224,0.28593575954437256
YMR069W,YGR002C,1,-5.5097804,0.12385477125644684,0.4042081832885742,0.28593575954437256
YPL194W,YMR140W,0,-5.50979,0.12381275743246078,0.4042081832885742,0.28604650497436523
YPR131C,YLR195C,1,-5.509906,0.12410986423492432,0.4053156077861786,0.28604650497436523
YOR034C,YHR090C,1,-5.510016,0.12440677732229233,0.40642303228378296,0.28604650497436523
YMR268C,YDR328C,0,-5.510181,0.12436462193727493,0.40642303228378296,0.2861572504043579
YPR008W,YBR260C,0,-5.510463,0.12432249635457993,0.40642303228378296,0.2862679958343506
YDR425W,YGL098W,0,-5.5106363,0.12428039312362671,0.40642303228378296,0.28637874126434326
YDL192W,YPR158C-C,0,-5.51074,0.12423831969499588,0.40642303228378296,0.28648948669433594
YPL209C,YMR037C,0,-5.51104,0.12419627606868744,0.40642303228378296,0.2866002321243286
YLR337C,YDR261C-D,0,-5.511059,0.12415426224470139,0.40642303228378296,0.2867109775543213
YNL239W,YCR080W,0,-5.5112495,0.12411227822303772,0.40642303228378296,0.2868216931819916
YNR074C,YDR308C,0,-5.5112724,0.12407031655311584,0.40642303228378296,0.28693243861198425
YLR268W,YCL033C,0,-5.51128,0.12402838468551636,0.40642303228378296,0.28704318404197693
YJL081C,YEL066W,1,-5.5116014,0.12432432174682617,0.40753045678138733,0.28704318404197693
YIL159W,YMR153W,0,-5.5116305,0.1242823377251625,0.40753045678138733,0.2871539294719696
YPL171C,YNL046W,0,-5.5118017,0.12424037605524063,0.40753045678138733,0.2872646749019623
YDR377W,YIR005W,0,-5.5118814,0.12419844418764114,0.40753045678138733,0.28737542033195496
YMR054W,YMR039C,0,-5.5121293,0.12415654212236404,0.40753045678138733,0.28748616576194763
YDL142C,YGL018C,0,-5.512301,0.12411466985940933,0.40753045678138733,0.2875969111919403
YJL146W,YLR035C-A,0,-5.512338,0.12407282739877701,0.40753045678138733,0.2877076268196106
YEL027W,YPR158C-C,0,-5.51253,0.12403100728988647,0.40753045678138733,0.28781837224960327
YLR205C,YFL002W-A,0,-5.512573,0.12398921698331833,0.40753045678138733,0.28792911767959595
YER015W,YDR459C,1,-5.512619,0.12428426742553711,0.4086378812789917,0.28792911767959595
YBR276C,YBR175W,0,-5.5126452,0.12424242496490479,0.4086378812789917,0.2880398631095886
YDL116W,YOR088W,0,-5.5127416,0.12420060485601425,0.4086378812789917,0.2881506085395813
YKL114C,YJL209W,0,-5.5128684,0.1241588145494461,0.4086378812789917,0.288261353969574
YOR209C,YLR452C,0,-5.5130324,0.12411705404520035,0.4086378812789917,0.28837209939956665
YOL151W,YNL103W,0,-5.5130415,0.12407531589269638,0.4086378812789917,0.2884828448295593
YGL012W,YFR030W,0,-5.5131,0.1240336149930954,0.4086378812789917,0.288593590259552
YJL063C,YDR329C,0,-5.5134254,0.1239919364452362,0.4086378812789917,0.2887043058872223
YFL025C,YHL009C,0,-5.513491,0.1239502876996994,0.4086378812789917,0.28881505131721497
YDR179C,YGL173C,0,-5.5136037,0.12390866130590439,0.4086378812789917,0.28892579674720764
YJR068W,YGR122W,0,-5.5136952,0.12386707216501236,0.4086378812789917,0.2890365421772003
YGR224W,YDL143W,0,-5.5142307,0.12382550537586212,0.4086378812789917,0.289147287607193
YLR145W,YLR006C,0,-5.514405,0.12378396838903427,0.4086378812789917,0.28925803303718567
YDL040C,YDR459C,1,-5.5146003,0.12407779693603516,0.40974530577659607,0.28925803303718567
YDR277C,YGR212W,0,-5.515117,0.12403620779514313,0.40974530577659607,0.28936877846717834
YMR219W,YGR170W,0,-5.515129,0.12399464100599289,0.40974530577659607,0.289479523897171
YJR082C,YDR145W,1,-5.5153804,0.12428810447454453,0.41085270047187805,0.289479523897171
YDR046C,YPL242C,0,-5.515512,0.12424648553133011,0.41085270047187805,0.2895902693271637
YOL147C,YCR080W,0,-5.515655,0.12420488893985748,0.41085270047187805,0.289700984954834
YKR036C,YLR452C,0,-5.515692,0.12416332215070724,0.41085270047187805,0.28981173038482666
YLL002W,YCL010C,1,-5.5157714,0.12445633858442307,0.4119601249694824,0.28981173038482666
YBL022C,YGR279C,0,-5.515941,0.12441471219062805,0.4119601249694824,0.28992247581481934
YBR132C,YFR031C,0,-5.5160184,0.12437312304973602,0.4119601249694824,0.290033221244812
YCR066W,YJR026W,0,-5.516083,0.12433154881000519,0.4119601249694824,0.2901439666748047
YIL123W,YER074W-A,0,-5.5161223,0.12429001182317734,0.4119601249694824,0.29025471210479736
YER015W,YGR002C,1,-5.5161977,0.12458249926567078,0.4130675494670868,0.29025471210479736
YDL045C,YOL090W,0,-5.516462,0.12454090267419815,0.4130675494670868,0.29036545753479004
YPL283C,YGL249W,0,-5.516501,0.12449933588504791,0.4130675494670868,0.2904762029647827
YDR281C,YGR027W-B,0,-5.5165067,0.12445779144763947,0.4130675494670868,0.290586918592453
YML132W,YGL210W-A,0,-5.5165434,0.1244162768125534,0.4130675494670868,0.2906976640224457
YBR038W,YMR290C,0,-5.516566,0.12437479197978973,0.4130675494670868,0.29080840945243835
YOR076C,YGR161C-D,0,-5.516745,0.12433333694934845,0.4130675494670868,0.29091915488243103
YAL054C,YPL001W,1,-5.5168695,0.12462512403726578,0.41417497396469116,0.29091915488243103
YNL214W,YJL113W,0,-5.516983,0.12458360940217972,0.41417497396469116,0.2910299003124237
YLR309C,YDR243C,0,-5.5170426,0.12454212456941605,0.41417497396469116,0.2911406457424164
YBR276C,YNL072W,0,-5.5173726,0.12450066208839417,0.41417497396469116,0.29125139117240906
YOL142W,YNL032W,0,-5.517616,0.12445923686027527,0.41417497396469116,0.29136213660240173
YDR147W,YLR090W,0,-5.517696,0.12441783398389816,0.41417497396469116,0.2914728820323944
YJL048C,YOR087W,0,-5.517753,0.12437645345926285,0.41417497396469116,0.2915835976600647
YLL022C,YOL148C,1,-5.517966,0.12466755509376526,0.41528239846229553,0.2915835976600647
YOR038C,YNL061W,0,-5.518029,0.12462612241506577,0.41528239846229553,0.2916943430900574
YDR439W,YNR048W,0,-5.5180655,0.12458471953868866,0.41528239846229553,0.29180508852005005
YJL042W,YDR131C,0,-5.5181756,0.12454333901405334,0.41528239846229553,0.2919158339500427
YPR034W,YGR121C,0,-5.518212,0.12450199574232101,0.41528239846229553,0.2920265793800354
YOL148C,YBR198C,1,-5.518217,0.12479256838560104,0.4163898229598999,0.2920265793800354
YDR499W,YJL166W,0,-5.518417,0.12475115805864334,0.4163898229598999,0.2921373248100281
YNL214W,YJL210W,0,-5.5184755,0.12470978498458862,0.4163898229598999,0.29224807024002075
YOR239W,YBR170C,0,-5.518781,0.1246684342622757,0.4163898229598999,0.2923588156700134
YOL044W,YOR075W,0,-5.5189376,0.12462711334228516,0.4163898229598999,0.2924695312976837
YDL243C,YOR217W,0,-5.518966,0.12458581477403641,0.4163898229598999,0.2925802767276764
YAR019C,YGR161W-B,0,-5.519171,0.12454455345869064,0.4163898229598999,0.29269102215766907
YDL135C,YPR133C,0,-5.519177,0.12450331449508667,0.4163898229598999,0.29280176758766174
YCL010C,YOL110W,1,-5.51919,0.12479311227798462,0.4174972176551819,0.29280176758766174
YDL175C,YLL024C,0,-5.519191,0.12475182116031647,0.4174972176551819,0.2929125130176544
YGL166W,YMR319C,0,-5.519282,0.1247105523943901,0.4174972176551819,0.2930232584476471
YDR240C,YMR046C,0,-5.5195775,0.12466931343078613,0.4174972176551819,0.29313400387763977
YDR205W,YDR312W,0,-5.51965,0.12462809681892395,0.4174972176551819,0.29324474930763245
YOR002W,YOL089C,0,-5.5196815,0.12458691000938416,0.4174972176551819,0.2933554947376251
YLL002W,YGL066W,1,-5.5197353,0.12487611174583435,0.41860464215278625,0.2933554947376251
YNL072W,YLL003W,0,-5.519809,0.12483487278223038,0.41860464215278625,0.2934662103652954
YFL039C,YEL066W,1,-5.5198693,0.1251237988471985,0.4197120666503906,0.2934662103652954
YDR439W,YMR106C,0,-5.5198817,0.12508250772953033,0.4197120666503906,0.2935769557952881
YOR213C,YKL088W,0,-5.519901,0.12504124641418457,0.4197120666503906,0.29368770122528076
YNL326C,YLL002W,1,-5.5199275,0.12532982230186462,0.420819491147995,0.29368770122528076
YNL161W,YLL017W,0,-5.520336,0.1252884864807129,0.420819491147995,0.29379844665527344
YJL111W,YJL089W,0,-5.520352,0.12524719536304474,0.420819491147995,0.2939091920852661
YOR181W,YKL056C,0,-5.5204186,0.12520593404769897,0.420819491147995,0.2940199375152588
YDL069C,YGL163C,0,-5.5204806,0.1251646876335144,0.420819491147995,0.29413068294525146
YNL136W,YER015W,1,-5.5205135,0.12545274198055267,0.42192691564559937,0.29413068294525146
YPL200W,YJL065C,0,-5.520557,0.12541145086288452,0.42192691564559937,0.29424142837524414
YBL079W,YGR180C,0,-5.520783,0.12537018954753876,0.42192691564559937,0.2943521738052368
YOL068C,YBL020W,0,-5.520876,0.1253289431333542,0.42192691564559937,0.2944628894329071
YPL128C,YGR186W,0,-5.5209694,0.1252877414226532,0.42192691564559937,0.2945736348628998
YDR182W,YFR040W,0,-5.521054,0.1252465546131134,0.42192691564559937,0.29468438029289246
YDR414C,YGL033W,0,-5.521089,0.1252053827047348,0.42192691564559937,0.29479512572288513
YOR320C,YER138C,0,-5.5212884,0.12516425549983978,0.42192691564559937,0.2949058711528778
YER068W,YKL166C,0,-5.521308,0.12512315809726715,0.42192691564559937,0.2950166165828705
YOR281C,YML045W,0,-5.521473,0.1250820755958557,0.42192691564559937,0.29512736201286316
YPL058C,YGR116W,0,-5.5214806,0.12504102289676666,0.42192691564559937,0.29523810744285583
YDL085W,YBR129C,0,-5.521631,0.125,0.42192691564559937,0.2953488230705261
YCL060C,YBR048W,0,-5.521831,0.12495899945497513,0.42192691564559937,0.2954595685005188
YGL252C,YHR214C-B,0,-5.521862,0.12491803616285324,0.42192691564559937,0.2955703139305115
YHR055C,YLR285W,0,-5.5223126,0.12487708777189255,0.42192691564559937,0.29568105936050415
YHR204W,YHR004C,0,-5.522314,0.12483617663383484,0.42192691564559937,0.2957918047904968
YNL059C,YDR451C,0,-5.5226107,0.12479528039693832,0.42192691564559937,0.2959025502204895
YLR274W,YDL147W,0,-5.522713,0.1247544214129448,0.42192691564559937,0.2960132956504822
YDR316W-B,YEL057C,0,-5.52283,0.12471358478069305,0.42192691564559937,0.29612404108047485
YKL186C,YGL014W,0,-5.5230412,0.1246727779507637,0.42192691564559937,0.29623478651046753
YBR036C,YJL198W,0,-5.523207,0.12463199347257614,0.42192691564559937,0.2963455021381378
YHR061C,YKL058W,0,-5.5232353,0.12459123879671097,0.42192691564559937,0.2964562475681305
YDR251W,YNL304W,0,-5.5232954,0.12455050647258759,0.42192691564559937,0.29656699299812317
YDR409W,YJL156C,0,-5.52332,0.12450980395078659,0.42192691564559937,0.29667773842811584
YPR094W,YDR165W,0,-5.5234213,0.12446913123130798,0.42192691564559937,0.2967884838581085
YCL025C,YKL054C,0,-5.523636,0.12442848086357117,0.42192691564559937,0.2968992292881012
YKR055W,YLR277C,0,-5.5239506,0.12438785284757614,0.42192691564559937,0.29700997471809387
YKL160W,YLR043C,0,-5.5239697,0.1243472620844841,0.42192691564559937,0.29712072014808655
YOL077W-A,YDR312W,0,-5.5240207,0.12430668622255325,0.42192691564559937,0.2972314655780792
YKL192C,YDL170W,0,-5.5242047,0.12426614761352539,0.42192691564559937,0.2973421812057495
YNL042W,YKL129C,0,-5.52422,0.12422563135623932,0.42192691564559937,0.2974529266357422
YKR048C,YDR485C,0,-5.5243826,0.12418513745069504,0.42192691564559937,0.29756367206573486
YKL192C,YJR090C,0,-5.52446,0.12414467334747314,0.42192691564559937,0.29767441749572754
YBR164C,YDR259C,0,-5.524667,0.12410423159599304,0.42192691564559937,0.2977851629257202
YER012W,YCL019W,0,-5.5247226,0.12406381964683533,0.42192691564559937,0.2978959083557129
YDR411C,YAR002C-A,0,-5.5247626,0.1240234375,0.42192691564559937,0.29800665378570557
YMR069W,YDR459C,1,-5.5248475,0.1243084967136383,0.42303434014320374,0.29800665378570557
YIR005W,YOR307C,0,-5.525003,0.1242680549621582,0.42303434014320374,0.29811739921569824
YLR158C,YJL108C,0,-5.52506,0.12422764301300049,0.42303434014320374,0.29822811484336853
YOR023C,YOL110W,1,-5.525311,0.12451235204935074,0.4241417348384857,0.29822811484336853
YPL228W,YOL089C,0,-5.525322,0.12447188794612885,0.4241417348384857,0.2983388602733612
YJL008C,YIL017W,0,-5.525467,0.12443144619464874,0.4241417348384857,0.2984496057033539
YML105C,YHR050W,0,-5.5256143,0.12439103424549103,0.4241417348384857,0.29856035113334656
YDR175C,YIL061C,0,-5.5256853,0.1243506520986557,0.4241417348384857,0.29867109656333923
YMR240C,YIL077C,0,-5.5258136,0.12431029230356216,0.4241417348384857,0.2987818419933319
YCL001W,YLR176C,0,-5.5259013,0.12426995486021042,0.4241417348384857,0.2988925874233246
YPR131C,YBR081C,1,-5.525926,0.12455400824546814,0.4252491593360901,0.2988925874233246
YER042W,YDR243C,0,-5.526187,0.12451361864805222,0.4252491593360901,0.29900333285331726
YGR036C,YBR136W,0,-5.526275,0.12447325885295868,0.4252491593360901,0.29911407828330994
YOR294W,YGL207W,0,-5.526294,0.12443292140960693,0.4252491593360901,0.2992247939109802
YPL051W,YLR103C,0,-5.5264115,0.12439261376857758,0.4252491593360901,0.2993355393409729
YLL022C,YMR236W,1,-5.5265145,0.1246761679649353,0.42635658383369446,0.2993355393409729
YJL047C,YDL244W,0,-5.526535,0.12463580816984177,0.42635658383369446,0.2994462847709656
YGR230W,YNL279W,0,-5.526543,0.12459547072649002,0.42635658383369446,0.29955703020095825
YNL258C,YOL020W,0,-5.5266547,0.12455516308546066,0.42635658383369446,0.2996677756309509
YEL056W,YGR147C,1,-5.526959,0.12483829259872437,0.42746400833129883,0.2996677756309509
YMR016C,YPL106C,0,-5.527,0.12479793280363083,0.42746400833129883,0.2997785210609436
YPR182W,YOR194C,0,-5.527539,0.12475759536027908,0.42746400833129883,0.2998892664909363
YLR242C,YPL060W,0,-5.527621,0.12471728771924973,0.42746400833129883,0.30000001192092896
YKL192C,YNL192W,0,-5.5276685,0.12467700242996216,0.42746400833129883,0.30011072754859924
YPR124W,YMR046C,0,-5.5278134,0.12463674694299698,0.42746400833129883,0.3002214729785919
YCR065W,YLR116W,0,-5.527882,0.12459651380777359,0.42746400833129883,0.3003322184085846
YGL200C,YLR386W,0,-5.5281034,0.12455631047487259,0.42746400833129883,0.30044296383857727
YGR036C,YHR015W,0,-5.5281854,0.12451612949371338,0.42746400833129883,0.30055370926856995
YBR290W,YIL167W,0,-5.5282187,0.12447597831487656,0.42746400833129883,0.3006644546985626
YER162C,YOR308C,0,-5.5285144,0.12443584948778152,0.42746400833129883,0.3007752001285553
YMR026C,YNL131W,0,-5.528645,0.12439574301242828,0.42746400833129883,0.300885945558548
YKR022C,YDL212W,0,-5.528667,0.12435567378997803,0.42746400833129883,0.30099669098854065
YNL020C,YJR026W,0,-5.528827,0.12431561946868896,0.42746400833129883,0.30110740661621094
YDL134C,YJL035C,0,-5.52886,0.12427559494972229,0.42746400833129883,0.3012181520462036
YOR334W,YNL294C,0,-5.5288906,0.124235600233078,0.42746400833129883,0.3013288974761963
YIL132C,YBL063W,0,-5.5289598,0.1241956278681755,0.42746400833129883,0.30143964290618896
YOR109W,YOR308C,0,-5.5290627,0.1241556778550148,0.42746400833129883,0.30155038833618164
YGL054C,YML127W,0,-5.5291066,0.12411575764417648,0.42746400833129883,0.3016611337661743
YPR200C,YGL166W,0,-5.529126,0.12407585978507996,0.42746400833129883,0.301771879196167
YIL056W,YIL063C,0,-5.5292726,0.12403599172830582,0.42746400833129883,0.30188262462615967
YKL165C,YOR085W,0,-5.529292,0.12399614602327347,0.42746400833129883,0.30199337005615234
YLR391W,YKL081W,0,-5.5295205,0.12395632266998291,0.42746400833129883,0.30210408568382263
YIL132C,YPL262W,0,-5.529526,0.12391653656959534,0.42746400833129883,0.3022148311138153
YOR239W,YPL228W,0,-5.5295978,0.12387676537036896,0.42746400833129883,0.302325576543808
YJR031C,YOR048C,0,-5.5297074,0.12383702397346497,0.42746400833129883,0.30243632197380066
YGL252C,YMR149W,0,-5.529803,0.12379730492830276,0.42746400833129883,0.30254706740379333
YPL235W,YDR129C,0,-5.529883,0.12375761568546295,0.42746400833129883,0.302657812833786
YKL144C,YER159C-A,0,-5.5299087,0.12371794879436493,0.42746400833129883,0.3027685582637787
YKL179C,YKL079W,0,-5.5299196,0.1236783117055893,0.42746400833129883,0.30287930369377136
YLR103C,YFR033C,0,-5.5301547,0.12363868951797485,0.42746400833129883,0.30299001932144165
YDL085W,YJR027W,0,-5.5302005,0.1235991045832634,0.42746400833129883,0.3031007647514343
YJL108C,YGR129W,0,-5.5302143,0.12355954200029373,0.42746400833129883,0.303211510181427
YPL018W,YPL206C,0,-5.5303316,0.12352000176906586,0.42746400833129883,0.3033222556114197
YMR161W,YNL284C-B,0,-5.530704,0.12348048388957977,0.42746400833129883,0.30343300104141235
YDR087C,YOR008C,0,-5.530749,0.12344099581241608,0.42746400833129883,0.30354374647140503
YPL153C,YER160C,0,-5.530817,0.12340153753757477,0.42746400833129883,0.3036544919013977
YGR188C,YGL018C,0,-5.530848,0.12336209416389465,0.42746400833129883,0.3037652373313904
YPL118W,YLL011W,0,-5.5309744,0.12332268059253693,0.42746400833129883,0.30387598276138306
YGR163W,YML062C,0,-5.531112,0.12328329682350159,0.42746400833129883,0.30398669838905334
YHR118C,YNL072W,0,-5.5313144,0.12324393540620804,0.42746400833129883,0.304097443819046
YOR027W,YBR006W,0,-5.5313754,0.12320459634065628,0.42746400833129883,0.3042081892490387
YOR078W,YKL042W,0,-5.5316167,0.12316528707742691,0.42746400833129883,0.30431893467903137
YAL053W,YER110C,0,-5.5316453,0.12312600016593933,0.42746400833129883,0.30442968010902405
YPL011C,YGR099W,0,-5.532181,0.12308673560619354,0.42746400833129883,0.3045404255390167
YLR391W-A,YBR167C,0,-5.5321918,0.12304750084877014,0.42746400833129883,0.3046511709690094
YIL080W,YPR158C-D,0,-5.532454,0.12300828844308853,0.42746400833129883,0.3047619163990021
YPL200W,YDR166C,0,-5.532541,0.12296909838914871,0.42746400833129883,0.30487263202667236
YDR108W,YPL138C,0,-5.5327516,0.12292993813753128,0.42746400833129883,0.30498337745666504
YOL044W,YBR143C,0,-5.5328717,0.12289080023765564,0.42746400833129883,0.3050941228866577
YJL090C,YLR003C,0,-5.5328784,0.12285168468952179,0.42746400833129883,0.3052048683166504
YJL021C,YIR033W,0,-5.5328956,0.12281259894371033,0.42746400833129883,0.30531561374664307
YJR057W,YLR256W,0,-5.532908,0.12277353554964066,0.42746400833129883,0.30542635917663574
YOL148C,YOR064C,1,-5.533261,0.12305246293544769,0.4285714328289032,0.30542635917663574
YDR205W,YCL019W,0,-5.5334926,0.12301334738731384,0.4285714328289032,0.3055371046066284
YOR100C,YOR008C-A,0,-5.5334973,0.12297426164150238,0.4285714328289032,0.3056478500366211
YJL085W,YGL106W,0,-5.533552,0.12293519824743271,0.4285714328289032,0.30575859546661377
YDL145C,YDR293C,0,-5.5335956,0.12289615720510483,0.4285714328289032,0.30586931109428406
YML062C,YCR009C,0,-5.5336633,0.12285714596509933,0.4285714328289032,0.30598005652427673
YIR004W,YOR272W,0,-5.533837,0.12281814962625504,0.4285714328289032,0.3060908019542694
YPL119C,YLL021W,0,-5.533859,0.12277919054031372,0.4285714328289032,0.3062015473842621
YER019W,YOR048C,0,-5.533931,0.1227402463555336,0.4285714328289032,0.30631229281425476
YNL182C,YOL128C,0,-5.5339575,0.12270133197307587,0.4285714328289032,0.30642303824424744
YDR206W,YBR022W,0,-5.534002,0.12266243994235992,0.4285714328289032,0.3065337836742401
YJL178C,YMR287C,0,-5.534043,0.12262357771396637,0.4285714328289032,0.3066445291042328
YNL166C,YMR153W,0,-5.5342975,0.12258473038673401,0.4285714328289032,0.30675527453422546
YMR043W,YNL097C,0,-5.5345626,0.12254591286182404,0.4285714328289032,0.30686599016189575
YDR365W-B,YNL284C-B,0,-5.534602,0.12250712513923645,0.4285714328289032,0.3069767355918884
YMR068W,YDR236C,0,-5.5346227,0.12246835231781006,0.4285714328289032,0.3070874810218811
YNL074C,YOL042W,0,-5.534689,0.12242960929870605,0.4285714328289032,0.3071982264518738
YJR022W,YBR250W,0,-5.5347605,0.12239088863134384,0.4285714328289032,0.30730897188186646
YLR135W,YPL029W,0,-5.534886,0.12235219776630402,0.4285714328289032,0.30741971731185913
YKR027W,YPL138C,0,-5.5350432,0.12231352925300598,0.4285714328289032,0.3075304627418518
YIL103W,YLR238W,0,-5.535078,0.12227488309144974,0.4285714328289032,0.3076412081718445
YOR035C,YDR160W,0,-5.535094,0.12223625928163528,0.4285714328289032,0.30775192379951477
YHR084W,YNL253W,0,-5.5352635,0.12219766527414322,0.4285714328289032,0.30786266922950745
YPR104C,YER024W,0,-5.5353165,0.12215909361839294,0.4285714328289032,0.3079734146595001
YLR079W,YBL005W-A,0,-5.5353546,0.12212054431438446,0.4285714328289032,0.3080841600894928
YMR011W,YGL039W,0,-5.5353837,0.12208201736211777,0.4285714328289032,0.3081949055194855
YKL197C,YPR173C,0,-5.535385,0.12204352021217346,0.4285714328289032,0.30830565094947815
YKR007W,YBR296C,0,-5.535549,0.12200504541397095,0.4285714328289032,0.3084163963794708
YKL144C,YCL074W,0,-5.535599,0.12196659296751022,0.4285714328289032,0.3085271418094635
YHR013C,YJR082C,1,-5.5356097,0.12224322557449341,0.42967885732650757,0.3085271418094635
YMR280C,YGR296W,0,-5.535707,0.1222047209739685,0.42967885732650757,0.3086378872394562
YLR286C,YMR087W,0,-5.5357184,0.12216624617576599,0.42967885732650757,0.30874860286712646
YPR122W,YLR459W,0,-5.5359273,0.12212779372930527,0.42967885732650757,0.30885934829711914
YOL045W,YML029W,0,-5.5362296,0.12208936363458633,0.42967885732650757,0.3089700937271118
YGR140W,YOL091W,0,-5.5364513,0.12205095589160919,0.42967885732650757,0.3090808391571045
YOR103C,YDR422C,0,-5.5367775,0.12201257795095444,0.42967885732650757,0.30919158458709717
YBR112C,YPL046C,0,-5.53685,0.12197422236204147,0.42967885732650757,0.30930233001708984
YCL035C,YMR046C,0,-5.5369143,0.1219358891248703,0.42967885732650757,0.3094130754470825
YGR224W,YJR076C,0,-5.536981,0.12189757823944092,0.42967885732650757,0.3095238208770752
YDR017C,YJR026W,0,-5.5370946,0.12185929715633392,0.42967885732650757,0.30963456630706787
YBR296C,YDR443C,0,-5.5372915,0.12182103842496872,0.42967885732650757,0.30974528193473816
YBR272C,YIR025W,0,-5.537417,0.1217828020453453,0.42967885732650757,0.30985602736473083
YNR010W,YOR295W,0,-5.5374656,0.12174458801746368,0.42967885732650757,0.3099667727947235
YBL069W,YHR114W,0,-5.5380216,0.12170639634132385,0.42967885732650757,0.3100775182247162
YGL166W,YBR041W,0,-5.5380445,0.12166823446750641,0.42967885732650757,0.31018826365470886
YEL027W,YER042W,0,-5.5382133,0.12163009494543076,0.42967885732650757,0.31029900908470154
YHR043C,YDR285W,0,-5.538222,0.1215919777750969,0.42967885732650757,0.3104097545146942
YML092C,YEL054C,0,-5.538409,0.12155388295650482,0.42967885732650757,0.3105204999446869
YOL123W,YJL018W,0,-5.538607,0.12151581794023514,0.42967885732650757,0.3106312155723572
YJL100W,YGR013W,0,-5.538646,0.12147776782512665,0.42967885732650757,0.31074196100234985
YIL120W,YMR272C,0,-5.538664,0.12143974751234055,0.42967885732650757,0.31085270643234253
YPL268W,YOL121C,0,-5.5386806,0.12140174955129623,0.42967885732650757,0.3109634518623352
YPR199C,YCR012W,0,-5.5390577,0.12136378139257431,0.42967885732650757,0.3110741972923279
YMR116C,YCR055C,0,-5.5392795,0.12132582813501358,0.42967885732650757,0.31118494272232056
YMR234W,YNL126W,0,-5.5393014,0.12128790467977524,0.42967885732650757,0.31129568815231323
YFL039C,YEL056W,1,-5.539332,0.12156250327825546,0.43078628182411194,0.31129568815231323
YEL066W,YLL002W,1,-5.5395565,0.12183692306280136,0.4318936765193939,0.31129568815231323
YOR094W,YKL170W,0,-5.5396476,0.12179887294769287,0.4318936765193939,0.3114064335823059
YLR304C,YCL008C,0,-5.539929,0.12176085263490677,0.4318936765193939,0.3115171790122986
YHR073W,YFL002W-A,0,-5.5399346,0.12172284722328186,0.4318936765193939,0.31162789463996887
YBR179C,YOR008C-A,0,-5.539989,0.12168486416339874,0.4318936765193939,0.31173864006996155
YGR268C,YDL038C,0,-5.5402,0.12164691090583801,0.4318936765193939,0.3118493854999542
YGL013C,YHR084W,0,-5.540358,0.12160898000001907,0.4318936765193939,0.3119601309299469
YNR031C,YBR294W,0,-5.5405145,0.12157107144594193,0.4318936765193939,0.3120708763599396
YIL112W,YDR191W,0,-5.540789,0.12153318524360657,0.4318936765193939,0.31218162178993225
YNL085W,YDR473C,0,-5.540924,0.1214953288435936,0.4318936765193939,0.3122923672199249
YBR065C,YPL234C,0,-5.5411954,0.12145748734474182,0.4318936765193939,0.3124031126499176
YOR340C,YER123W,0,-5.5412064,0.12141967564821243,0.4318936765193939,0.3125138282775879
YPL010W,YKL028W,0,-5.5414996,0.12138188630342484,0.4318936765193939,0.31262457370758057
YPR023C,YDR167W,1,-5.541549,0.12165525555610657,0.4330011010169983,0.31262457370758057
YIL117C,YOL045W,0,-5.5415535,0.12161742150783539,0.4330011010169983,0.31273531913757324
YML047C,YML049C,0,-5.541603,0.1215796023607254,0.4330011010169983,0.3128460645675659
YOR298C-A,YER068W,0,-5.5416045,0.12154180556535721,0.4330011010169983,0.3129568099975586
YAL054C,YFL024C,1,-5.541825,0.1218147948384285,0.43410852551460266,0.3129568099975586
YDR260C,YKL166C,0,-5.541881,0.12177694588899612,0.43410852551460266,0.31306755542755127
YOR284W,YPR032W,0,-5.5418954,0.12173912674188614,0.43410852551460266,0.31317830085754395
YGL032C,YGR036C,0,-5.541899,0.12170133739709854,0.43410852551460266,0.3132890462875366
YBL045C,YDL166C,0,-5.542169,0.12166356295347214,0.43410852551460266,0.3133997917175293
YNL023C,YMR153W,0,-5.5421724,0.12162581086158752,0.43410852551460266,0.3135105073451996
YCL066W,YDR545W,0,-5.542294,0.1215880885720253,0.43410852551460266,0.31362125277519226
YPL234C,YEL051W,0,-5.542359,0.12155038863420486,0.43410852551460266,0.31373199820518494
YBR022W,YGL127C,0,-5.542421,0.12151271104812622,0.43410852551460266,0.3138427436351776
YHR034C,YDL109C,0,-5.5424333,0.12147505581378937,0.43410852551460266,0.3139534890651703
YHR072W,YFL003C,0,-5.5427194,0.1214374229311943,0.43410852551460266,0.31406423449516296
YDL160C,YCL059C,0,-5.5427556,0.12139981240034103,0.43410852551460266,0.31417497992515564
YPL167C,YMR046C,0,-5.5428805,0.12136223167181015,0.43410852551460266,0.3142857253551483
YGR218W,YER107C,0,-5.5430536,0.12132466584444046,0.43410852551460266,0.314396470785141
YDL134C,YGR122W,0,-5.543191,0.12128712981939316,0.43410852551460266,0.3145071864128113
YJL111W,YOL060C,0,-5.543348,0.12124961614608765,0.43410852551460266,0.31461793184280396
YPR131C,YNL326C,1,-5.5434365,0.12152133882045746,0.43521595001220703,0.31461793184280396
YAL021C,YOL112W,0,-5.5436287,0.12148377299308777,0.43521595001220703,0.31472867727279663
YCL066W,YOR356W,0,-5.5436883,0.12144622951745987,0.43521595001220703,0.3148394227027893
YDL244W,YML131W,0,-5.5437264,0.12140870839357376,0.43521595001220703,0.314950168132782
YJL165C,YNL123W,0,-5.54375,0.12137121707201004,0.43521595001220703,0.31506091356277466
YLR242C,YKL152C,0,-5.5437846,0.12133374810218811,0.43521595001220703,0.31517165899276733
YDR141C,YOR284W,0,-5.543963,0.12129629403352737,0.43521595001220703,0.31528240442276
YCL039W,YPR065W,0,-5.543967,0.12125886976718903,0.43521595001220703,0.3153931200504303
YMR281W,YLR033W,0,-5.544129,0.12122146785259247,0.43521595001220703,0.315503865480423
YGR191W,YNL004W,0,-5.5442333,0.1211840882897377,0.43521595001220703,0.31561461091041565
YKR027W,YBR221C,0,-5.5443273,0.12114673107862473,0.43521595001220703,0.3157253563404083
YOR301W,YBL050W,0,-5.5443597,0.12110939621925354,0.43521595001220703,0.315836101770401
YHR055C,YGL257C,0,-5.5445657,0.12107209116220474,0.43521595001220703,0.3159468472003937
YDL099W,YPR016C,0,-5.5445824,0.12103480100631714,0.43521595001220703,0.31605759263038635
YPL106C,YDR098C-A,0,-5.5447316,0.12099754065275192,0.43521595001220703,0.31616833806037903
YML047C,YGR258C,0,-5.54512,0.1209602952003479,0.43521595001220703,0.3162790834903717
YKL002W,YDR440W,0,-5.545134,0.12092307955026627,0.43521595001220703,0.316389799118042
YAL021C,YPR119W,0,-5.545296,0.12088587880134583,0.43521595001220703,0.31650054454803467
YKL074C,YCR024C-A,0,-5.545384,0.12084870785474777,0.43521595001220703,0.31661128997802734
YNR031C,YJR049C,0,-5.5454707,0.12081155925989151,0.43521595001220703,0.31672203540802
YOR023C,YLL002W,1,-5.5456314,0.12108174711465836,0.4363233745098114,0.31672203540802
YPL001W,YHR099W,1,-5.5458527,0.12135176360607147,0.43743079900741577,0.31672203540802
YDR283C,YNL098C,0,-5.545856,0.12131449580192566,0.43743079900741577,0.3168327808380127
YJL065C,YFL008W,0,-5.545883,0.12127725034952164,0.43743079900741577,0.31694352626800537
YGL016W,YOR380W,0,-5.545979,0.1212400272488594,0.43743079900741577,0.31705427169799805
YGL005C,YNL123W,0,-5.54613,0.12120282649993896,0.43743079900741577,0.3171650171279907
YFL050C,YBR021W,0,-5.54616,0.12116564065217972,0.43743079900741577,0.317275732755661
YBR212W,YNL090W,0,-5.546208,0.12112848460674286,0.43743079900741577,0.3173864781856537
YOR113W,YNL127W,0,-5.5463357,0.12109135836362839,0.43743079900741577,0.31749722361564636
YOR039W,YLR350W,0,-5.5463514,0.12105424702167511,0.43743079900741577,0.31760796904563904
YOR034C,YDR459C,1,-5.5464253,0.12132352590560913,0.43853819370269775,0.31760796904563904
YGR041W,YOR221C,0,-5.5464377,0.12128636986017227,0.43853819370269775,0.3177187144756317
YKL154W,YOR338W,0,-5.546561,0.1212492361664772,0.43853819370269775,0.3178294599056244
YFL024C,YLR195C,1,-5.546596,0.12151820957660675,0.4396456182003021,0.3178294599056244
YDR329C,YCR058C,0,-5.546662,0.1214810311794281,0.4396456182003021,0.31794020533561707
YGR156W,YDR028C,0,-5.546675,0.12144386768341064,0.4396456182003021,0.31805095076560974
YGL238W,YMR022W,0,-5.5470176,0.12140672653913498,0.4396456182003021,0.3181616961956024
YAL024C,YKL129C,0,-5.5471096,0.1213696151971817,0.4396456182003021,0.3182724118232727
YHR174W,YHR102W,0,-5.5472846,0.12133251875638962,0.4396456182003021,0.3183831572532654
YMR029C,YPR188C,0,-5.5474153,0.12129544466733932,0.4396456182003021,0.31849390268325806
YKL011C,YOR254C,0,-5.5476117,0.12125840038061142,0.4396456182003021,0.31860464811325073
YDR425W,YJL087C,0,-5.5476575,0.12122137099504471,0.4396456182003021,0.3187153935432434
YIL155C,YGR054W,0,-5.5476747,0.12118437141180038,0.4396456182003021,0.3188261389732361
YER164W,YPL200W,0,-5.547857,0.12114739418029785,0.4396456182003021,0.31893688440322876
YCR081W,YDR160W,0,-5.547877,0.12111043184995651,0.4396456182003021,0.31904762983322144
YIL046W,YHR073W,0,-5.547917,0.12107349932193756,0.4396456182003021,0.3191583752632141
YBR279W,YKL178C,0,-5.548015,0.1210365816950798,0.4396456182003021,0.3192690908908844
YML078W,YDL229W,0,-5.548268,0.12099969387054443,0.4396456182003021,0.3193798363208771
YGR119C,YDL236W,0,-5.548296,0.12096282839775085,0.4396456182003021,0.31949058175086975
YCR027C,YAL016W,0,-5.548317,0.12092598527669907,0.4396456182003021,0.3196013271808624
YOL115W,YMR305C,0,-5.5484114,0.12088915705680847,0.4396456182003021,0.3197120726108551
YJR083C,YOR132W,0,-5.5484424,0.12085235863924026,0.4396456182003021,0.3198228180408478
YOR038C,YBR256C,0,-5.548613,0.12081558257341385,0.4396456182003021,0.31993356347084045
YLL050C,YNL126W,0,-5.5486717,0.12077882885932922,0.4396456182003021,0.32004430890083313
YHR052W,YHR079C-A,0,-5.549065,0.12074209004640579,0.4396456182003021,0.3201550245285034
YEL063C,YGR129W,0,-5.549268,0.12070538103580475,0.4396456182003021,0.3202657699584961
YOL060C,YML047C,0,-5.5493093,0.1206686943769455,0.4396456182003021,0.32037651538848877
YOL156W,YBR030W,0,-5.549418,0.12063203006982803,0.4396456182003021,0.32048726081848145
YNL230C,YJL191W,0,-5.549418,0.12059538066387177,0.4396456182003021,0.3205980062484741
YBL020W,YIL167W,0,-5.5496297,0.12055876106023788,0.4396456182003021,0.3207087516784668
YBR254C,YER024W,0,-5.5498013,0.1205221638083458,0.4396456182003021,0.3208194971084595
YOR367W,YPL239W,0,-5.549955,0.1204855814576149,0.4396456182003021,0.32093024253845215
YHR019C,YKL053C-A,0,-5.5500855,0.12044902890920639,0.4396456182003021,0.3210409879684448
YOL090W,YOR254C,0,-5.5501766,0.12041249871253967,0.4396456182003021,0.3211517035961151
YFR005C,YHR039C-A,0,-5.5501847,0.12037598341703415,0.4396456182003021,0.3212624490261078
YDL102W,YAL009W,0,-5.5503488,0.12033949792385101,0.4396456182003021,0.32137319445610046
YDL083C,YLR033W,0,-5.5504007,0.12030302733182907,0.4396456182003021,0.32148393988609314
YLR429W,YDL105W,0,-5.5505214,0.12026658654212952,0.4396456182003021,0.3215946853160858
YNL117W,YDL097C,0,-5.5505714,0.12023016065359116,0.4396456182003021,0.3217054307460785
YNL220W,YBL100W-B,0,-5.5506334,0.12019376456737518,0.4396456182003021,0.32181617617607117
YMR204C,YJR026W,0,-5.5508876,0.1201573833823204,0.4396456182003021,0.32192692160606384
YBR297W,YBR058C,0,-5.5510373,0.12012103199958801,0.4396456182003021,0.3220376670360565
YBR293W,YDR381W,0,-5.5510435,0.12008469551801682,0.4396456182003021,0.3221483826637268
YBR198C,YHR099W,1,-5.5511527,0.12035077065229416,0.4407530426979065,0.3221483826637268
YNL014W,YGL063W,0,-5.5513678,0.12031438946723938,0.4407530426979065,0.3222591280937195
YOR354C,YLR035C-A,0,-5.551411,0.12027803063392639,0.4407530426979065,0.32236987352371216
YMR069W,YBR198C,1,-5.5514503,0.12054380774497986,0.44186046719551086,0.32236987352371216
YHR013C,YDR459C,1,-5.551479,0.12080942094326019,0.44296789169311523,0.32236987352371216
YOR026W,YPR008W,0,-5.5520153,0.12077295035123825,0.44296789169311523,0.32248061895370483
YER075C,YDR189W,0,-5.5521092,0.1207364946603775,0.44296789169311523,0.3225913643836975
YMR283C,YPR054W,0,-5.5525184,0.12070006132125854,0.44296789169311523,0.3227021098136902
YLR233C,YJR126C,0,-5.5525246,0.12066365033388138,0.44296789169311523,0.32281285524368286
YHR165C,YMR016C,0,-5.552531,0.120627261698246,0.44296789169311523,0.32292360067367554
YNL323W,YBL005W-B,0,-5.552567,0.12059089541435242,0.44296789169311523,0.3230343163013458
YJR082C,YCL010C,1,-5.5525703,0.12085593491792679,0.4440753161907196,0.3230343163013458
YAL054C,YOR034C,1,-5.5528936,0.12112081795930862,0.4451827108860016,0.3230343163013458
YML034W,YDR369C,0,-5.553367,0.12108433991670609,0.4451827108860016,0.3231450617313385
YBL093C,YOR216C,0,-5.5536013,0.12104787677526474,0.4451827108860016,0.3232558071613312
YJL010C,YML131W,0,-5.5538564,0.12101143598556519,0.4451827108860016,0.32336655259132385
YPR131C,YHR099W,1,-5.554109,0.12127595394849777,0.44629013538360596,0.32336655259132385
YER089C,YHL009C,0,-5.5542746,0.12123946845531464,0.44629013538360596,0.32347729802131653
YIR005W,YMR137C,0,-5.554403,0.12120300531387329,0.44629013538360596,0.3235880434513092
YPL163C,YBL005W-B,0,-5.5544486,0.12116656452417374,0.44629013538360596,0.3236987888813019
YFR028C,YLR233C,0,-5.554509,0.12113014608621597,0.44629013538360596,0.32380953431129456
YLR086W,YBR254C,0,-5.5547066,0.12109375,0.44629013538360596,0.32392027974128723
YCR038C,YMR197C,0,-5.554768,0.12105737626552582,0.44629013538360596,0.3240309953689575
YDR062W,YGR143W,0,-5.5548143,0.12102101743221283,0.44629013538360596,0.3241417407989502
YDR529C,YGR276C,0,-5.554954,0.12098468840122223,0.44629013538360596,0.32425248622894287
YBL032W,YJL139C,0,-5.555067,0.12094838172197342,0.44629013538360596,0.32436323165893555
YBL069W,YNL251C,0,-5.5551143,0.1209120899438858,0.44629013538360596,0.3244739770889282
YGL145W,YNR064C,0,-5.5553775,0.12087582796812057,0.44629013538360596,0.3245847225189209
YMR199W,YCL003W,0,-5.555428,0.12083958089351654,0.44629013538360596,0.3246954679489136
YMR236W,YHR099W,1,-5.555719,0.12110311537981033,0.4473975598812103,0.3246954679489136
YBL042C,YNL046W,0,-5.555848,0.12106682360172272,0.4473975598812103,0.32480621337890625
YMR043W,YMR016C,0,-5.5559354,0.12103055417537689,0.4473975598812103,0.32491692900657654
YDR423C,YLR147C,0,-5.556133,0.12099430710077286,0.4473975598812103,0.3250276744365692
YMR113W,YKL058W,0,-5.55635,0.12095808237791061,0.4473975598812103,0.3251384198665619
YJL024C,YGL011C,0,-5.556409,0.12092188000679016,0.4473975598812103,0.32524916529655457
YPR023C,YDR126W,1,-5.5564756,0.12118492275476456,0.4485049843788147,0.32524916529655457
YDR424C,YCL035C,0,-5.5568347,0.12114866822957993,0.4485049843788147,0.32535991072654724
YOR204W,YIL073C,0,-5.556959,0.12111244350671768,0.4485049843788147,0.3254706561565399
YAR009C,YDR210W-B,0,-5.557026,0.12107623368501663,0.4485049843788147,0.3255814015865326
YPL156C,YBR260C,0,-5.557049,0.12104004621505737,0.4485049843788147,0.32569214701652527
YER019W,YML031W,0,-5.557094,0.1210038810968399,0.4485049843788147,0.32580289244651794
YLL043W,YAR002W,0,-5.5571694,0.12096773833036423,0.4485049843788147,0.32591360807418823
YCL060C,YGL092W,0,-5.5574613,0.12093161791563034,0.4485049843788147,0.3260243535041809
YBR168W,YDL080C,0,-5.55759,0.12089551985263824,0.4485049843788147,0.3261350989341736
YMR109W,YGR212W,0,-5.5576324,0.12085944414138794,0.4485049843788147,0.32624584436416626
YGR227W,YFR030W,0,-5.557752,0.12082339078187943,0.4485049843788147,0.32635658979415894
YER164W,YMR296C,0,-5.557943,0.1207873523235321,0.4485049843788147,0.3264673352241516
YDR270W,YLR135W,0,-5.558081,0.12075134366750717,0.4485049843788147,0.3265780806541443
YML086C,YDR362C,0,-5.558143,0.12071534991264343,0.4485049843788147,0.32668882608413696
YBR077C,YAL009W,0,-5.5581684,0.12067937850952148,0.4485049843788147,0.32679957151412964
YOR056C,YLR263W,0,-5.5581927,0.12064342945814133,0.4485049843788147,0.3269102871417999
YPL242C,YHR027C,0,-5.5582395,0.12060750275850296,0.4485049843788147,0.3270210325717926
YPL096W,YML039W,0,-5.55826,0.12057159841060638,0.4485049843788147,0.3271317780017853
YOR034C,YJL081C,1,-5.558744,0.12083332985639572,0.44961240887641907,0.3271317780017853
YER155C,YPL151C,0,-5.5589037,0.12079738080501556,0.44961240887641907,0.32724252343177795
YDL099W,YIL065C,0,-5.558912,0.1207614541053772,0.44961240887641907,0.32735326886177063
YOR319W,YIL017W,0,-5.5591273,0.12072554230690002,0.44961240887641907,0.3274640142917633
YLR353W,YPR165W,0,-5.5591307,0.12068965286016464,0.44961240887641907,0.327574759721756
YDL028C,YHR042W,0,-5.5591536,0.12065378576517105,0.44961240887641907,0.32768550515174866
YLR425W,YOR106W,0,-5.55934,0.12061794102191925,0.44961240887641907,0.32779622077941895
YHR068W,YDL058W,0,-5.5596347,0.12058211863040924,0.44961240887641907,0.3279069662094116
YJL021C,YLR328W,0,-5.5596766,0.12054631859064102,0.44961240887641907,0.3280177116394043
YMR042W,YMR161W,0,-5.5598917,0.1205105409026146,0.44961240887641907,0.328128457069397
YOL059W,YOR008C-A,0,-5.5600443,0.12047477811574936,0.44961240887641907,0.32823920249938965
YDR141C,YNL222W,0,-5.560666,0.12043903768062592,0.44961240887641907,0.3283499479293823
YLR166C,YML039W,0,-5.5609913,0.12040331959724426,0.44961240887641907,0.328460693359375
YJL081C,YNL326C,1,-5.5610323,0.1206640973687172,0.45071983337402344,0.328460693359375
YDL045C,YJR028W,0,-5.5610347,0.12062833458185196,0.45071983337402344,0.3285714387893677
YDL197C,YPL117C,0,-5.5610394,0.12059259414672852,0.45071983337402344,0.32868218421936035
YLL013C,YMR234W,0,-5.5610423,0.12055686861276627,0.45071983337402344,0.32879289984703064
YNR008W,YOR057W,0,-5.5613627,0.1205211728811264,0.45071983337402344,0.3289036452770233
YDR254W,YIL036W,0,-5.561388,0.12048549205064774,0.45071983337402344,0.329014390707016
YNL275W,YOL021C,0,-5.561396,0.12044983357191086,0.45071983337402344,0.32912513613700867
YER164W,YOR008C-A,0,-5.561563,0.12041420489549637,0.45071983337402344,0.32923588156700134
YNR038W,YCR055C,0,-5.5615983,0.12037858366966248,0.45071983337402344,0.329346626996994
YOR005C,YKR065C,0,-5.561643,0.12034299224615097,0.45071983337402344,0.3294573724269867
YGR177C,YGR057C,0,-5.561977,0.12030742317438126,0.45071983337402344,0.32956811785697937
YIL036W,YPR161C,0,-5.5620255,0.12027186900377274,0.45071983337402344,0.32967883348464966
YKL114C,YGL194C,0,-5.5623717,0.120236337184906,0.45071983337402344,0.32978957891464233
YGL071W,YOL123W,0,-5.5625653,0.12020082771778107,0.45071983337402344,0.329900324344635
YGR267C,YBR296C,0,-5.5626116,0.12016534060239792,0.45071983337402344,0.3300110697746277
YOL110W,YBR081C,1,-5.5626464,0.1204250305891037,0.4518272280693054,0.3300110697746277
YMR246W,YMR236W,1,-5.562651,0.12068456411361694,0.4529346525669098,0.3300110697746277
YDL008W,YMR016C,0,-5.562819,0.12064896523952484,0.4529346525669098,0.33012181520462036
YDR464W,YJL109C,0,-5.5629277,0.12061338871717453,0.4529346525669098,0.33023256063461304
YDR150W,YBL100W-B,0,-5.5631037,0.12057782709598541,0.4529346525669098,0.3303433060646057
YOR371C,YLR067C,0,-5.563403,0.12054229527711868,0.4529346525669098,0.3304540514945984
YDR108W,YOR213C,0,-5.563582,0.12050677835941315,0.4529346525669098,0.33056479692459106
YKL053C-A,YGR085C,0,-5.564077,0.1204712837934494,0.4529346525669098,0.33067551255226135
YOR023C,YJL115W,1,-5.564546,0.12073027342557907,0.45404207706451416,0.33067551255226135
YDL245C,YDR251W,0,-5.564718,0.12069473415613174,0.45404207706451416,0.33078625798225403
YKL208W,YPR067W,0,-5.564725,0.12065920978784561,0.45404207706451416,0.3308970034122467
YER015W,YDR167W,1,-5.564733,0.1209179162979126,0.45514950156211853,0.3308970034122467
YPR086W,YGR033C,0,-5.565108,0.12088235467672348,0.45514950156211853,0.3310077488422394
YIL068C,YNL045W,0,-5.5651355,0.12084680795669556,0.45514950156211853,0.33111849427223206
YDR459C,YHR099W,1,-5.565307,0.12110523134469986,0.4562569260597229,0.33111849427223206
YDL105W,YOR328W,0,-5.565311,0.12106964737176895,0.4562569260597229,0.33122923970222473
YCL010C,YOL148C,1,-5.5654607,0.12132784724235535,0.45736435055732727,0.33122923970222473
YLR328W,YDR002W,0,-5.5655246,0.12129221856594086,0.45736435055732727,0.3313399851322174
YBL023C,YIR019C,0,-5.5655274,0.12125660479068756,0.45736435055732727,0.3314507305622101
YPL121C,YNL151C,0,-5.5655966,0.12122101336717606,0.45736435055732727,0.33156147599220276
YBR036C,YHR039C-A,0,-5.5656404,0.12118544429540634,0.45736435055732727,0.33167219161987305
YDL200C,YDR076W,0,-5.565651,0.12114989757537842,0.45736435055732727,0.3317829370498657
YFR005C,YLR403W,0,-5.5657744,0.12111437320709229,0.45736435055732727,0.3318936824798584
YIL053W,YML029W,0,-5.5658584,0.12107886373996735,0.45736435055732727,0.3320044279098511
YLR369W,YIL063C,0,-5.5659633,0.1210433766245842,0.45736435055732727,0.33211517333984375
YJL115W,YDR459C,1,-5.5662584,0.12130090594291687,0.45847177505493164,0.33211517333984375
YLR033W,YLL011W,0,-5.5663013,0.12126538157463074,0.45847177505493164,0.3322259187698364
YGL180W,YDL004W,0,-5.566589,0.1212298646569252,0.45847177505493164,0.3323366641998291
YLR260W,YKL042W,0,-5.5668607,0.12119437754154205,0.45847177505493164,0.3324474096298218
YEL034W,YGL137W,0,-5.567056,0.1211589127779007,0.45847177505493164,0.33255812525749207
YOR034C,YCL010C,1,-5.567143,0.12141603231430054,0.4595791697502136,0.33255812525749207
YPR198W,YOL055C,0,-5.567415,0.1213805228471756,0.4595791697502136,0.33266887068748474
YCL010C,YBR198C,1,-5.5674796,0.12163742631673813,0.460686594247818,0.33266887068748474
YGR002C,YPL129W,1,-5.567546,0.12189418077468872,0.46179401874542236,0.33266887068748474
YJL021C,YBR207W,0,-5.567863,0.12185855954885483,0.46179401874542236,0.3327796161174774
YDL040C,YDR126W,1,-5.5679665,0.1221151053905487,0.46290144324302673,0.3327796161174774
YMR055C,YMR156C,0,-5.5681105,0.12207943946123123,0.46290144324302673,0.3328903615474701
YPR052C,YFL004W,0,-5.5682855,0.12204379588365555,0.46290144324302673,0.33300110697746277
YDL088C,YAL032C,0,-5.568334,0.12200817465782166,0.46290144324302673,0.33311185240745544
YHR061C,YKL195W,0,-5.5684457,0.12197256833314896,0.46290144324302673,0.3332225978374481
YNL259C,YIL002C,0,-5.5684776,0.12193699181079865,0.46290144324302673,0.3333333432674408
YDR331W,YCR073W-A,0,-5.568525,0.12190143018960953,0.46290144324302673,0.33344408869743347
YOL063C,YLR238W,0,-5.5688243,0.1218658909201622,0.46290144324302673,0.33355480432510376
YML047C,YKR086W,0,-5.5688777,0.12183036655187607,0.46290144324302673,0.33366554975509644
YKL002W,YKL196C,0,-5.5690613,0.12179487198591232,0.46290144324302673,0.3337762951850891
YPL274W,YDR372C,0,-5.569082,0.12175939232110977,0.46290144324302673,0.3338870406150818
YML051W,YDR283C,0,-5.5693393,0.12172393500804901,0.46290144324302673,0.33399778604507446
YBL057C,YEL057C,0,-5.569536,0.12168850004673004,0.46290144324302673,0.33410853147506714
YBR107C,YDR075W,0,-5.56958,0.12165308743715286,0.46290144324302673,0.3342192769050598
YHR186C,YKL053C-A,0,-5.5695853,0.12161768972873688,0.46290144324302673,0.3343300223350525
YAL015C,YNL229C,0,-5.56984,0.12158231437206268,0.46290144324302673,0.33444076776504517
YGR007W,YDR404C,0,-5.5699286,0.12154696136713028,0.46290144324302673,0.33455148339271545
YJR083C,YAL003W,0,-5.570416,0.12151163071393967,0.46290144324302673,0.33466222882270813
YOL151W,YER007W,0,-5.570562,0.12147631496191025,0.46290144324302673,0.3347729742527008
YLR153C,YOR023C,1,-5.570931,0.12173154950141907,0.4640088677406311,0.3347729742527008
YPR199C,YIL014W,0,-5.570934,0.12169619649648666,0.4640088677406311,0.3348837196826935
YOR284W,YER019W,0,-5.570971,0.12166085839271545,0.4640088677406311,0.33499446511268616
YDL101C,YEL022W,0,-5.5711226,0.12162554264068604,0.4640088677406311,0.33510521054267883
YOL077W-A,YBR105C,0,-5.5711346,0.12159024924039841,0.4640088677406311,0.3352159559726715
YLR423C,YPL033C,0,-5.571158,0.12155497819185257,0.4640088677406311,0.3353267014026642
YMR056C,YJL072C,0,-5.571173,0.12151972204446793,0.4640088677406311,0.3354374170303345
YBL006C,YKR089C,0,-5.5712104,0.12148448824882507,0.4640088677406311,0.33554816246032715
YLR155C,YPL029W,0,-5.5712757,0.12144927680492401,0.4640088677406311,0.3356589078903198
YJL020C,YJR028W,0,-5.5713806,0.12141408026218414,0.4640088677406311,0.3357696533203125
YDL220C,YLR135W,0,-5.571401,0.12137891352176666,0.4640088677406311,0.3358803987503052
YDR141C,YBR284W,0,-5.571548,0.12134376168251038,0.4640088677406311,0.33599114418029785
YDR214W,YDL059C,0,-5.5716176,0.12130862474441528,0.4640088677406311,0.3361018896102905
YDR331W,YDR362C,0,-5.5716233,0.12127351760864258,0.4640088677406311,0.3362126350402832
YKL040C,YEL002C,0,-5.571667,0.12123842537403107,0.4640088677406311,0.3363233804702759
YDL040C,YPR131C,1,-5.5719066,0.12149262428283691,0.4651162922382355,0.3363233804702759
YOR281C,YMR089C,0,-5.5721107,0.12145748734474182,0.4651162922382355,0.33643409609794617
YKL173W,YGL210W,0,-5.5721793,0.12142237275838852,0.4651162922382355,0.33654484152793884
YPL137C,YOL121C,0,-5.572256,0.12138728052377701,0.4651162922382355,0.3366555869579315
YML102W,YMR164C,0,-5.5724955,0.12135221064090729,0.4651162922382355,0.3367663323879242
YFL034C-B,YBR280C,0,-5.572508,0.12131715565919876,0.4651162922382355,0.33687707781791687
YHR084W,YAL002W,0,-5.5725493,0.12128212302923203,0.4651162922382355,0.33698782324790955
YDL076C,YNL243W,0,-5.5726676,0.12124711275100708,0.4651162922382355,0.3370985686779022
YDL229W,YHR214C-B,0,-5.572678,0.12121212482452393,0.4651162922382355,0.3372093141078949
YML069W,YHR172W,0,-5.572744,0.12117715179920197,0.4651162922382355,0.3373200297355652
YPR162C,YOL143C,0,-5.572814,0.1211422011256218,0.4651162922382355,0.33743077516555786
YML086C,YGL027C,0,-5.5734344,0.12110726535320282,0.4651162922382355,0.33754152059555054
YMR036C,YBR105C,0,-5.573622,0.12107235193252563,0.4651162922382355,0.3376522660255432
YGR113W,YAL030W,0,-5.573899,0.12103746086359024,0.4651162922382355,0.3377630114555359
YGL033W,YMR225C,0,-5.573907,0.12100259214639664,0.4651162922382355,0.33787375688552856
YBL047C,YDR407C,0,-5.574035,0.12096773833036423,0.4651162922382355,0.33798450231552124
YNL312W,YDL038C,0,-5.574237,0.1209329143166542,0.4651162922382355,0.3380952477455139
YMR219W,YGL244W,0,-5.574534,0.12089809775352478,0.4651162922382355,0.3382059931755066
YJR045C,YDR027C,0,-5.5745406,0.12086331099271774,0.4651162922382355,0.3383167088031769
YGR118W,YOR083W,0,-5.574671,0.1208285391330719,0.4651162922382355,0.33842745423316956
YFL011W,YGL163C,0,-5.574699,0.12079378962516785,0.4651162922382355,0.33853819966316223
YBR010W,YKR031C,0,-5.574947,0.12075905501842499,0.4651162922382355,0.3386489450931549
YPL228W,YLR207W,0,-5.574986,0.12072434276342392,0.4651162922382355,0.3387596905231476
YDR013W,YGL058W,0,-5.5750113,0.12068965286016464,0.4651162922382355,0.33887043595314026
YGR216C,YLR337C,0,-5.575089,0.12065498530864716,0.4651162922382355,0.33898118138313293
YMR312W,YLR259C,0,-5.5753875,0.12062033265829086,0.4651162922382355,0.3390919268131256
YGL155W,YNL245C,0,-5.5754848,0.12058570235967636,0.4651162922382355,0.3392026722431183
YBL019W,YGR009C,0,-5.575517,0.12055109441280365,0.4651162922382355,0.3393133878707886
YNL328C,YGL115W,0,-5.575624,0.12051650136709213,0.4651162922382355,0.33942413330078125
YPL181W,YGL135W,0,-5.5757623,0.1204819306731224,0.4651162922382355,0.3395348787307739
YPL153C,YOL113W,0,-5.575831,0.12044737488031387,0.4651162922382355,0.3396456241607666
YJR057W,YBR060C,0,-5.5760384,0.12041284143924713,0.4651162922382355,0.3397563695907593
YFL003C,YHR167W,0,-5.57609,0.12037833034992218,0.4651162922382355,0.33986711502075195
YGR216C,YCR039C,0,-5.576202,0.12034384161233902,0.4651162922382355,0.33997786045074463
YJL170C,YMR008C,0,-5.5763335,0.12030936777591705,0.4651162922382355,0.3400886058807373
YPR072W,YOL061W,0,-5.5763545,0.12027491629123688,0.4651162922382355,0.3401993215084076
YOR319W,YOR036W,0,-5.576676,0.1202404797077179,0.4651162922382355,0.34031006693840027
YDR397C,YIR015W,0,-5.57669,0.1202060654759407,0.4651162922382355,0.34042081236839294
YDL083C,YDR464W,0,-5.576737,0.1201716735959053,0.4651162922382355,0.3405315577983856
YIL128W,YGR143W,0,-5.576767,0.1201372966170311,0.4651162922382355,0.3406423032283783
YIL084C,YLR135W,0,-5.576862,0.12010294198989868,0.4651162922382355,0.34075304865837097
YMR022W,YKL080W,0,-5.5769997,0.12006860971450806,0.4651162922382355,0.34086379408836365
YJL081C,YMR246W,1,-5.577044,0.12032008916139603,0.46622368693351746,0.34086379408836365
YNL004W,YMR022W,0,-5.5770473,0.12028571218252182,0.46622368693351746,0.3409745395183563
YER015W,YEL056W,1,-5.577069,0.12053699046373367,0.4673311114311218,0.3409745395183563
YDR480W,YFR052W,0,-5.5772896,0.12050256878137589,0.4673311114311218,0.341085284948349
YBR010W,YOR193W,0,-5.5774755,0.12046816945075989,0.4673311114311218,0.3411960005760193
YML005W,YOR338W,0,-5.5776677,0.12043379247188568,0.4673311114311218,0.34130674600601196
YLR433C,YER160C,0,-5.5777135,0.12039943039417267,0.4673311114311218,0.34141749143600464
YPR008W,YNL263C,0,-5.577728,0.12036509066820145,0.4673311114311218,0.3415282368659973
YOR034C,YBR081C,1,-5.577785,0.12061591446399689,0.4684385359287262,0.3415282368659973
YPL139C,YIL082W-A,0,-5.5781045,0.12058153003454208,0.4684385359287262,0.34163898229599
YJL166W,YAR010C,0,-5.578196,0.12054716795682907,0.4684385359287262,0.34174972772598267
YML099C,YOR304W,0,-5.5783057,0.12051282078027725,0.4684385359287262,0.34186047315597534
YGR010W,YIL139C,0,-5.578396,0.12047849595546722,0.4684385359287262,0.341971218585968
YDL243C,YDR277C,0,-5.5785947,0.12044419348239899,0.4684385359287262,0.3420819342136383
YFL041W,YLR044C,0,-5.5785995,0.12040990591049194,0.4684385359287262,0.342192679643631
YGL012W,YHR004C,0,-5.5788,0.12037564069032669,0.4684385359287262,0.34230342507362366
YNL130C,YNL227C,0,-5.5788636,0.12034139037132263,0.4684385359287262,0.34241417050361633
YOR226C,YML028W,0,-5.5789046,0.12030716985464096,0.4684385359287262,0.342524915933609
YOL009C,YMR225C,0,-5.579177,0.12027295678853989,0.4684385359287262,0.3426356613636017
YFL033C,YKR014C,0,-5.579187,0.1202387735247612,0.4684385359287262,0.34274640679359436
YOL023W,YCR024C-A,0,-5.5792127,0.12020460516214371,0.4684385359287262,0.34285715222358704
YIL073C,YJL109C,0,-5.579292,0.12017045170068741,0.4684385359287262,0.3429678976535797
YLR425W,YOL129W,0,-5.5793,0.1201363280415535,0.4684385359287262,0.34307861328125
YIL009W,YCL010C,1,-5.579321,0.12038614600896835,0.46954596042633057,0.34307861328125
YDR166C,YNL160W,0,-5.5794225,0.12035197019577026,0.46954596042633057,0.3431893587112427
YGL150C,YDR400W,0,-5.579499,0.12031782418489456,0.46954596042633057,0.34330010414123535
YGR246C,YLL060C,0,-5.5795712,0.12028368562459946,0.46954596042633057,0.343410849571228
YDR448W,YJL115W,1,-5.5801296,0.12053318321704865,0.47065338492393494,0.343410849571228
YDR448W,YHR099W,1,-5.5801415,0.1207825317978859,0.4717608094215393,0.343410849571228
YPL125W,YMR096W,0,-5.580166,0.12074829638004303,0.4717608094215393,0.3435215950012207
YAL056W,YDR469W,0,-5.5801992,0.12071408331394196,0.4717608094215393,0.3436323404312134
YOR023C,YER015W,1,-5.5804653,0.12096317112445831,0.4728682041168213,0.3436323404312134
YDR487C,YDR218C,0,-5.5805287,0.12092891335487366,0.4728682041168213,0.34374308586120605
YLR153C,YDL040C,1,-5.5805483,0.1211777999997139,0.47397562861442566,0.34374308586120605
YHR005C,YOL117W,0,-5.5807896,0.12114350497722626,0.47397562861442566,0.34385383129119873
YOR034C,YIL009W,1,-5.5808783,0.12139219045639038,0.47508305311203003,0.34385383129119873
YJR069C,YNL045W,0,-5.580909,0.12135785073041916,0.47508305311203003,0.3439645767211914
YPL259C,YNL161W,0,-5.581,0.12132352590560913,0.47508305311203003,0.3440752923488617
YNL258C,YJR090C,0,-5.581132,0.12128923088312149,0.47508305311203003,0.34418603777885437
YGR113W,YBR278W,0,-5.581238,0.12125494331121445,0.47508305311203003,0.34429678320884705
YNR075W,YGL008C,0,-5.581355,0.12122068554162979,0.47508305311203003,0.3444075286388397
YGL035C,YLR079W,0,-5.581537,0.12118644267320633,0.47508305311203003,0.3445182740688324
YMR164C,YLR025W,0,-5.581578,0.12115221470594406,0.47508305311203003,0.3446290194988251
YNL085W,YKR052C,0,-5.5815845,0.12111800909042358,0.47508305311203003,0.34473976492881775
YJL146W,YCL001W,0,-5.581595,0.1210838258266449,0.47508305311203003,0.3448505103588104
YDR386W,YOR194C,0,-5.5820193,0.121049664914608,0.47508305311203003,0.3449612259864807
YBR245C,YMR153W,0,-5.582165,0.1210155114531517,0.47508305311203003,0.3450719714164734
YKL018W,YBR223C,0,-5.5821767,0.12098138779401779,0.47508305311203003,0.34518271684646606
YOR267C,YDR276C,0,-5.582227,0.12094727903604507,0.47508305311203003,0.34529346227645874
YOL113W,YPL237W,0,-5.5823174,0.12091319262981415,0.47508305311203003,0.3454042077064514
YHR072W,YLL056C,0,-5.582409,0.12087912112474442,0.47508305311203003,0.3455149531364441
YCL059C,YNL251C,0,-5.582561,0.12084507197141647,0.47508305311203003,0.34562569856643677
YHR083W,YDL038C,0,-5.582593,0.12081103771924973,0.47508305311203003,0.34573644399642944
YBL003C,YEL032W,0,-5.5829673,0.12077702581882477,0.47508305311203003,0.3458471894264221
YFL056C,YHR086W,0,-5.5832605,0.1207430362701416,0.47508305311203003,0.3459579050540924
YPR171W,YDR450W,0,-5.5834303,0.12070906162261963,0.47508305311203003,0.3460686504840851
YPL259C,YIL056W,0,-5.583604,0.12067510187625885,0.47508305311203003,0.34617939591407776
YDR158W,YHR001W-A,0,-5.5836577,0.12064117193222046,0.47508305311203003,0.34629014134407043
YOL001W,YDR131C,0,-5.58369,0.12060725688934326,0.47508305311203003,0.3464008867740631
YIL002C,YIR041W,0,-5.5839267,0.12057335674762726,0.47508305311203003,0.3465116322040558
YBL105C,YLR043C,0,-5.584029,0.12053947895765305,0.47508305311203003,0.34662237763404846
YBR276C,YMR096W,0,-5.5840325,0.12050561606884003,0.47508305311203003,0.34673312306404114
YNL328C,YIL063C,0,-5.5842276,0.1204717755317688,0.47508305311203003,0.3468438684940338
YLR319C,YNL044W,0,-5.5842404,0.12043795734643936,0.47508305311203003,0.3469545841217041
YFL039C,YHR090C,1,-5.584251,0.12068481743335724,0.4761904776096344,0.3469545841217041
YDL028C,YAR002W,0,-5.5844045,0.12065095454454422,0.4761904776096344,0.3470653295516968
YJR050W,YLR312C-B,0,-5.5846763,0.12061711400747299,0.4761904776096344,0.34717607498168945
YLR371W,YMR272C,0,-5.5847597,0.12058328837156296,0.4761904776096344,0.34728682041168213
YBR207W,YOR386W,0,-5.5848546,0.12054947763681412,0.4761904776096344,0.3473975658416748
YHR150W,YAL009W,0,-5.5849133,0.12051569670438766,0.4761904776096344,0.3475083112716675
YJL209W,YBR010W,0,-5.585102,0.1204819306731224,0.4761904776096344,0.34761905670166016
YLR285W,YDR495C,0,-5.5851054,0.12044817954301834,0.4761904776096344,0.34772980213165283
YDR288W,YLR025W,0,-5.585174,0.12041445076465607,0.4761904776096344,0.3478405177593231
YBR029C,YBR257W,0,-5.5852222,0.12038073688745499,0.4761904776096344,0.3479512631893158
YLR304C,YPL258C,0,-5.5853305,0.1203470453619957,0.4761904776096344,0.34806200861930847
YFR024C-A,YHR194W,0,-5.5855145,0.1203133761882782,0.4761904776096344,0.34817275404930115
YJL014W,YER031C,0,-5.58562,0.1202797219157219,0.4761904776096344,0.3482834994792938
YDR195W,YLR033W,0,-5.5857086,0.12024608254432678,0.4761904776096344,0.3483942449092865
YOL121C,YJL036W,0,-5.5858965,0.12021246552467346,0.4761904776096344,0.3485049903392792
YLR023C,YHR041C,0,-5.586107,0.12017887085676193,0.4761904776096344,0.34861573576927185
YJR082C,YEL066W,1,-5.586127,0.12042470276355743,0.47729790210723877,0.34861573576927185
YKL179C,YLR467W,0,-5.586157,0.12039106339216232,0.47729790210723877,0.3487264811992645
YLR274W,YGL100W,0,-5.5861974,0.1203574389219284,0.47729790210723877,0.3488371968269348
YDR178W,YDR227W,0,-5.586232,0.12032384425401688,0.47729790210723877,0.3489479422569275
YFR052W,YPR032W,0,-5.5864234,0.12029025703668594,0.47729790210723877,0.34905868768692017
YDR167W,YHR090C,1,-5.586493,0.1205357164144516,0.47840532660484314,0.34905868768692017
YMR006C,YHR203C,0,-5.586493,0.12050209194421768,0.47840532660484314,0.34916943311691284
YDL227C,YDR296W,0,-5.5865426,0.12046848982572556,0.47840532660484314,0.3492801785469055
YGR086C,YOR287C,0,-5.586609,0.12043490260839462,0.47840532660484314,0.3493909239768982
YPR128C,YGR155W,0,-5.5867324,0.12040133774280548,0.47840532660484314,0.34950166940689087
YKL022C,YFL059W,0,-5.587028,0.12036778777837753,0.47840532660484314,0.34961241483688354
YBR102C,YBR129C,0,-5.587166,0.12033426016569138,0.47840532660484314,0.34972313046455383
YOL113W,YKL018W,0,-5.5872126,0.12030075490474701,0.47840532660484314,0.3498338758945465
YMR173W,YBR012W-A,0,-5.587214,0.12026725709438324,0.47840532660484314,0.3499446213245392
YBR065C,YOR260W,0,-5.587451,0.12023378908634186,0.47840532660484314,0.35005536675453186
YIL018W,YLR035C-A,0,-5.587709,0.12020033597946167,0.47840532660484314,0.35016611218452454
YNL153C,YGL044C,0,-5.5877786,0.12016689777374268,0.47840532660484314,0.3502768576145172
YER179W,YOR284W,0,-5.5878577,0.12013348191976547,0.47840532660484314,0.3503876030445099
YIL013C,YOL040C,0,-5.5879064,0.12010008096694946,0.47840532660484314,0.35049834847450256
YDL137W,YPR018W,0,-5.5879283,0.12006670236587524,0.47840532660484314,0.35060909390449524
YPL046C,YLL061W,0,-5.5881495,0.12003334611654282,0.47840532660484314,0.3507198095321655
YDR205W,YDR451C,0,-5.588469,0.11999999731779099,0.47840532660484314,0.3508305549621582
YMR037C,YOL142W,0,-5.5884976,0.11996667832136154,0.47840532660484314,0.3509413003921509
YOR074C,YFL041W,0,-5.5886173,0.1199333667755127,0.47840532660484314,0.35105204582214355
YBR177C,YMR190C,0,-5.5888114,0.11990008503198624,0.47840532660484314,0.35116279125213623
YNL113W,YHR214C-B,0,-5.58901,0.11986681818962097,0.47840532660484314,0.3512735366821289
YFL025C,YGL004C,0,-5.5890346,0.1198335662484169,0.47840532660484314,0.3513842821121216
YNL012W,YOR008C-A,0,-5.589043,0.11980032920837402,0.47840532660484314,0.35149502754211426
YLR274W,YLR394W,0,-5.589105,0.11976712197065353,0.47840532660484314,0.35160577297210693
YPL161C,YBR272C,0,-5.589194,0.11973392218351364,0.47840532660484314,0.3517164885997772
YER106W,YDL116W,0,-5.5892134,0.11970074474811554,0.47840532660484314,0.3518272340297699
YGR186W,YNL263C,0,-5.5892386,0.11966758966445923,0.47840532660484314,0.3519379794597626
YKL160W,YLR268W,0,-5.589472,0.11963444948196411,0.47840532660484314,0.35204872488975525
YER089C,YGR013W,0,-5.5899816,0.11960133165121078,0.47840532660484314,0.3521594703197479
YBR010W,YDL190C,0,-5.5901704,0.11956822872161865,0.47840532660484314,0.3522702157497406
YIL002C,YJL128C,0,-5.5904136,0.11953514069318771,0.47840532660484314,0.3523809611797333
YPR132W,YBR058C-A,0,-5.5905423,0.11950207501649857,0.47840532660484314,0.35249170660972595
YPR187W,YOL091W,0,-5.5907288,0.11946902424097061,0.47840532660484314,0.35260242223739624
YGR113W,YJL134W,0,-5.5909076,0.11943599581718445,0.47840532660484314,0.3527131676673889
YIL009W,YHR099W,1,-5.590962,0.11967938393354416,0.4795127213001251,0.3527131676673889
YER051W,YGL212W,0,-5.5910516,0.11964631080627441,0.4795127213001251,0.3528239130973816
YOR034C,YLL022C,1,-5.5911174,0.1198895052075386,0.4806201457977295,0.3528239130973816
YNR049C,YGR007W,0,-5.591183,0.11985639482736588,0.4806201457977295,0.35293465852737427
YBL057C,YCL008C,0,-5.591247,0.11982329934835434,0.4806201457977295,0.35304540395736694
YAL042W,YCR033W,0,-5.591331,0.1197902262210846,0.4806201457977295,0.3531561493873596
YOR239W,YDR276C,0,-5.591516,0.11975717544555664,0.4806201457977295,0.3532668948173523
YDR228C,YOR272W,0,-5.591738,0.11972413957118988,0.4806201457977295,0.35337764024734497
YJR108W,YOL027C,0,-5.5918984,0.11969111859798431,0.4806201457977295,0.35348838567733765
YJL134W,YNL123W,0,-5.591904,0.11965811997652054,0.4806201457977295,0.35359910130500793
YMR033W,YDL161W,0,-5.5921693,0.11962513625621796,0.4806201457977295,0.3537098467350006
YPR008W,YGL095C,0,-5.5922446,0.11959217488765717,0.4806201457977295,0.3538205921649933
YEL019C,YGR028W,0,-5.5923004,0.11955922842025757,0.4806201457977295,0.35393133759498596
YPR023C,YDL040C,1,-5.5923057,0.11980170756578445,0.48172757029533386,0.35393133759498596
YFL039C,YMR246W,1,-5.592364,0.1200440526008606,0.48283499479293823,0.35393133759498596
YPL259C,YDR037W,0,-5.5924134,0.12001100927591324,0.48283499479293823,0.35404208302497864
YJL006C,YBL050W,0,-5.5925713,0.11997798830270767,0.48283499479293823,0.3541528284549713
YLR153C,YPL129W,1,-5.5930533,0.12022008001804352,0.4839424192905426,0.3541528284549713
YDL040C,YHR099W,1,-5.593289,0.12046204507350922,0.485049843788147,0.3541528284549713
YDL117W,YKL048C,0,-5.5932918,0.12042892724275589,0.485049843788147,0.354263573884964
YOL023W,YDR277C,0,-5.5933533,0.12039582431316376,0.485049843788147,0.35437431931495667
YLR242C,YMR113W,0,-5.5934887,0.12036273628473282,0.485049843788147,0.35448503494262695
YLR085C,YHR214C-B,0,-5.5935163,0.12032967060804367,0.485049843788147,0.35459578037261963
YNR067C,YOR310C,0,-5.5939994,0.12029661983251572,0.485049843788147,0.3547065258026123
YNL307C,YDR416W,0,-5.594023,0.12026359140872955,0.485049843788147,0.354817271232605
YOR301W,YIL144W,0,-5.5940356,0.12023057788610458,0.485049843788147,0.35492801666259766
YNL021W,YBL006C,0,-5.5942364,0.1201975867152214,0.485049843788147,0.35503876209259033
YLL002W,YOL110W,1,-5.5943227,0.12043895572423935,0.48615726828575134,0.35503876209259033
YML099C,YNL280C,0,-5.5943327,0.12040592730045319,0.48615726828575134,0.355149507522583
YFR030W,YBR273C,0,-5.594362,0.12037290632724762,0.48615726828575134,0.3552602529525757
YKR086W,YER008C,0,-5.5944357,0.12033991515636444,0.48615726828575134,0.35537099838256836
YBL040C,YNL061W,0,-5.5944877,0.12030693143606186,0.48615726828575134,0.35548171401023865
YDL059C,YPL206C,0,-5.594511,0.12027397006750107,0.48615726828575134,0.3555924594402313
YBL026W,YJL143W,0,-5.594581,0.12024103105068207,0.48615726828575134,0.355703204870224
YLL043W,YER116C,0,-5.5945973,0.12020810693502426,0.48615726828575134,0.3558139503002167
YNL032W,YDR372C,0,-5.5945997,0.12017519772052765,0.48615726828575134,0.35592469573020935
YMR056C,YFR029W,0,-5.5949044,0.12014231085777283,0.48615726828575134,0.356035441160202
YPL271W,YOR340C,0,-5.5950327,0.1201094388961792,0.48615726828575134,0.3561461865901947
YMR301C,YGR003W,0,-5.595115,0.12007658928632736,0.48615726828575134,0.3562569320201874
YPL202C,YBR022W,0,-5.595125,0.12004375457763672,0.48615726828575134,0.35636767745018005
YLR028C,YLR160C,0,-5.595714,0.12001093477010727,0.48615726828575134,0.35647839307785034
YCR071C,YHR070W,0,-5.595857,0.11997813731431961,0.48615726828575134,0.356589138507843
YPL100W,YMR316W,0,-5.5959816,0.11994535475969315,0.48615726828575134,0.3566998839378357
YDL100C,YBR237W,0,-5.596262,0.11991259455680847,0.48615726828575134,0.35681062936782837
YJL133W,YGL044C,0,-5.596356,0.11987984925508499,0.48615726828575134,0.35692137479782104
YLR310C,YKR002W,0,-5.5964513,0.1198471188545227,0.48615726828575134,0.3570321202278137
YGL019W,YJR119C,0,-5.5965295,0.11981441080570221,0.48615726828575134,0.3571428656578064
YLR153C,YDR145W,1,-5.5970693,0.12005457282066345,0.4872646629810333,0.3571428656578064
YGL054C,YDR129C,0,-5.597195,0.12002182006835938,0.4872646629810333,0.3572536110877991
YDL115C,YER106W,0,-5.5973306,0.11998908966779709,0.4872646629810333,0.35736432671546936
YPL156C,YPR036W,0,-5.5974483,0.11995638161897659,0.4872646629810333,0.35747507214546204
YJR092W,YJL143W,0,-5.5975366,0.11992368847131729,0.4872646629810333,0.3575858175754547
YCL012W,YOR031W,0,-5.5975738,0.11989101022481918,0.4872646629810333,0.3576965630054474
YCR058C,YJL054W,0,-5.597667,0.11985834687948227,0.4872646629810333,0.35780730843544006
YPR034W,YML114C,0,-5.597761,0.11982570588588715,0.4872646629810333,0.35791805386543274
YOR349W,YPL242C,0,-5.597778,0.11979308724403381,0.4872646629810333,0.3580287992954254
YNL047C,YPL210C,0,-5.597791,0.11976047605276108,0.4872646629810333,0.3581395447254181
YKL146W,YIL073C,0,-5.597819,0.11972789466381073,0.4872646629810333,0.35825029015541077
YBR090C-A,YDR481C,0,-5.5981927,0.11969532072544098,0.4872646629810333,0.35836100578308105
YOR367W,YOR035C,0,-5.598251,0.11966276913881302,0.4872646629810333,0.35847175121307373
YMR232W,YKR055W,0,-5.5983596,0.11963023245334625,0.4872646629810333,0.3585824966430664
YNL020C,YML116W,0,-5.5983777,0.11959771811962128,0.4872646629810333,0.3586932420730591
YDL102W,YIR004W,0,-5.5985684,0.1195652186870575,0.4872646629810333,0.35880398750305176
YPL200W,YDL235C,0,-5.598677,0.11953273415565491,0.4872646629810333,0.35891473293304443
YPL063W,YMR156C,0,-5.5988774,0.11950027197599411,0.4872646629810333,0.3590254783630371
YLR442C,YER031C,0,-5.5990376,0.1194678246974945,0.4872646629810333,0.3591362237930298
YGR200C,YGL210W,0,-5.59919,0.1194353997707367,0.4872646629810333,0.35924696922302246
YLL050C,YHR019C,0,-5.599491,0.11940298229455948,0.4872646629810333,0.35935768485069275
YLR234W,YNL107W,0,-5.5997024,0.11937059462070465,0.4872646629810333,0.3594684302806854
YMR188C,YPL010W,0,-5.599913,0.11933821439743042,0.4872646629810333,0.3595791757106781
YNL041C,YMR073C,0,-5.599916,0.11930585652589798,0.4872646629810333,0.3596899211406708
YOL026C,YDR097C,0,-5.5999546,0.11927351355552673,0.4872646629810333,0.35980066657066345
YGL190C,YPR190C,0,-5.599979,0.11924119293689728,0.4872646629810333,0.35991141200065613
YPR057W,YER088C,0,-5.600009,0.11920888721942902,0.4872646629810333,0.3600221574306488
YGL256W,YPL233W,0,-5.600179,0.11917659640312195,0.4872646629810333,0.3601329028606415
YNL136W,YDR167W,1,-5.6002355,0.11941511183977127,0.4883720874786377,0.3601329028606415
YKL011C,YLR337W,0,-5.600558,0.11938278377056122,0.4883720874786377,0.36024361848831177
YMR287C,YDR077W,0,-5.6008506,0.11935047060251236,0.4883720874786377,0.36035436391830444
YOR074C,YDR178W,0,-5.6008897,0.11931817978620529,0.4883720874786377,0.3604651093482971
YOR123C,YIL139C,0,-5.6009526,0.11928590387105942,0.4883720874786377,0.3605758547782898
YJR074W,YLR410W,0,-5.601066,0.11925365030765533,0.4883720874786377,0.36068660020828247
YFL056C,YPR188C,0,-5.601068,0.11922141164541245,0.4883720874786377,0.36079734563827515
YJL168C,YDR515W,0,-5.6011066,0.11918918788433075,0.4883720874786377,0.3609080910682678
YDL126C,YNL004W,0,-5.601176,0.11915698647499084,0.4883720874786377,0.3610188364982605
YFL026W,YCL075W,0,-5.60129,0.11912479996681213,0.4883720874786377,0.3611295819282532
YGL192W,YBR106W,0,-5.601381,0.11909262835979462,0.4883720874786377,0.36124029755592346
YBR286W,YJR089W,0,-5.6014943,0.1190604716539383,0.4883720874786377,0.36135104298591614
YPL001W,YGL066W,1,-5.6020017,0.11929824203252792,0.48947951197624207,0.36135104298591614
YOL108C,YPL007C,0,-5.602049,0.11926605552434921,0.48947951197624207,0.3614617884159088
YDL101C,YNL047C,0,-5.6020494,0.1192338839173317,0.48947951197624207,0.3615725338459015
YNL225C,YBL022C,0,-5.6022296,0.11920172721147537,0.48947951197624207,0.36168327927589417
YDR389W,YKL088W,0,-5.602509,0.11916958540678024,0.48947951197624207,0.36179402470588684
YLR170C,YOL042W,0,-5.6025395,0.1191374659538269,0.48947951197624207,0.3619047701358795
YGL245W,YMR197C,0,-5.6033616,0.11910536140203476,0.48947951197624207,0.3620155155658722
YIL122W,YPR036W,0,-5.603403,0.1190732792019844,0.48947951197624207,0.3621262311935425
YLR312C-B,YPL032C,0,-5.6034827,0.11904120445251465,0.48947951197624207,0.36223697662353516
YLR153C,YDR167W,1,-5.6035495,0.11927840858697891,0.49058693647384644,0.36223697662353516
YHL031C,YGR099W,0,-5.6035676,0.11924629658460617,0.49058693647384644,0.36234772205352783
YDR363W,YGR270W,0,-5.6035943,0.11921420693397522,0.49058693647384644,0.3624584674835205
YJL134W,YHR160C,0,-5.603687,0.11918213963508606,0.49058693647384644,0.3625692129135132
YPL248C,YML047C,0,-5.6037464,0.1191500797867775,0.49058693647384644,0.36267995834350586
YFL009W,YDL087C,0,-5.6037974,0.11911804229021072,0.49058693647384644,0.36279070377349854
YMR284W,YIL082W-A,0,-5.6038823,0.11908601969480515,0.49058693647384644,0.3629014492034912
YDL216C,YGR063C,0,-5.6039076,0.11905401945114136,0.49058693647384644,0.3630121946334839
YFR014C,YGL012W,0,-5.604035,0.11902203410863876,0.49058693647384644,0.3631229102611542
YDR312W,YDL080C,0,-5.604042,0.11899006366729736,0.49058693647384644,0.36323365569114685
YDR245W,YDR055W,0,-5.604055,0.11895810812711716,0.49058693647384644,0.3633444011211395
YEL056W,YOL110W,1,-5.604097,0.1191946342587471,0.4916943609714508,0.3633444011211395
YGR179C,YBL041W,0,-5.604149,0.11916264146566391,0.4916943609714508,0.3634551465511322
YGL021W,YNR015W,0,-5.6043305,0.11913067102432251,0.4916943609714508,0.3635658919811249
YDR116C,YKL088W,0,-5.6047425,0.1190987154841423,0.4916943609714508,0.36367663741111755
YNL267W,YLR003C,0,-5.6047783,0.11906677484512329,0.4916943609714508,0.36378738284111023
YPL010W,YHR006W,0,-5.6049576,0.11903484910726547,0.4916943609714508,0.3638981282711029
YBR228W,YFR031C,0,-5.604998,0.11900294572114944,0.4916943609714508,0.3640088737010956
YNL020C,YFL003C,0,-5.6051526,0.11897106468677521,0.4916943609714508,0.36411958932876587
YIL072W,YIL056W,0,-5.605245,0.11893919110298157,0.4916943609714508,0.36423033475875854
YOR023C,YOL148C,1,-5.605246,0.11917515099048615,0.4928017854690552,0.36423033475875854
YNL258C,YHR150W,0,-5.6053777,0.11914324015378952,0.4928017854690552,0.3643410801887512
YCL014W,YHR175W,0,-5.6056714,0.11911135166883469,0.4928017854690552,0.3644518256187439
YJL081C,YOL148C,1,-5.6057014,0.11934707313776016,0.49390918016433716,0.3644518256187439
YNL323W,YPL190C,0,-5.6057973,0.11931513994932175,0.49390918016433716,0.3645625710487366
YCL012W,YOL126C,0,-5.6058145,0.11928322911262512,0.49390918016433716,0.36467331647872925
YPR083W,YJR029W,0,-5.6058636,0.11925133317708969,0.49390918016433716,0.3647840619087219
YHR187W,YDR131C,0,-5.605986,0.11921945959329605,0.49390918016433716,0.3648948073387146
YCR028C,YJR110W,0,-5.606032,0.1191876009106636,0.49390918016433716,0.3650055229663849
YLR256W,YGR161C-D,0,-5.606075,0.11915575712919235,0.49390918016433716,0.36511626839637756
YFL041W,YAL044C,0,-5.606237,0.1191239282488823,0.49390918016433716,0.36522701382637024
YKL191W,YMR283C,0,-5.6064134,0.11909212172031403,0.49390918016433716,0.3653377592563629
YMR211W,YBR218C,0,-5.606659,0.11906033009290695,0.49390918016433716,0.3654485046863556
YFL039C,YCL010C,1,-5.606723,0.11929543316364288,0.49501660466194153,0.3654485046863556
YAL040C,YNL016W,0,-5.607014,0.11926360428333282,0.49501660466194153,0.36555925011634827
YNL027W,YPL101W,0,-5.6070523,0.11923179775476456,0.49501660466194153,0.36566999554634094
YLR310C,YAR010C,0,-5.607184,0.11919999867677689,0.49501660466194153,0.3657807409763336
YGL053W,YDR235W,0,-5.607241,0.119168221950531,0.49501660466194153,0.3658914864063263
YEL056W,YNL326C,1,-5.607384,0.11940298229455948,0.4961240291595459,0.3658914864063263
YDR480W,YDR207C,0,-5.6073847,0.11937116831541061,0.4961240291595459,0.3660022020339966
YNL148C,YAR002W,0,-5.6074643,0.11933936923742294,0.4961240291595459,0.36611294746398926
YMR142C,YHR083W,0,-5.6075435,0.11930759251117706,0.4961240291595459,0.36622369289398193
YKL110C,YKL074C,0,-5.6078267,0.11927582323551178,0.4961240291595459,0.3663344383239746
YPR154W,YDL006W,0,-5.6078506,0.11924407631158829,0.4961240291595459,0.3664451837539673
YBL061C,YOR008C-A,0,-5.608025,0.11921234428882599,0.4961240291595459,0.36655592918395996
YGR083C,YGL175C,0,-5.6081324,0.11918063461780548,0.4961240291595459,0.36666667461395264
YPL233W,YOR265W,0,-5.6081457,0.11914893984794617,0.4961240291595459,0.3667774200439453
YHR107C,YBR201W,0,-5.608233,0.11911725252866745,0.4961240291595459,0.366888165473938
YGL035C,YJL059W,0,-5.6083117,0.11908559501171112,0.4961240291595459,0.3669988811016083
YMR298W,YOR087W,0,-5.60834,0.11905394494533539,0.4961240291595459,0.36710962653160095
YOL165C,YML081C-A,0,-5.608578,0.11902231723070145,0.4961240291595459,0.36722037196159363
YER116C,YBR294W,0,-5.6087046,0.1189907044172287,0.4961240291595459,0.3673311173915863
YDR435C,YBL034C,0,-5.6087475,0.11895910650491714,0.4961240291595459,0.367441862821579
YCL017C,YLR086W,0,-5.6091666,0.11892753094434738,0.4961240291595459,0.36755260825157166
YNL245C,YKR002W,0,-5.6093335,0.11889596283435822,0.4961240291595459,0.36766335368156433
YOR025W,YFR013W,0,-5.609482,0.11886441707611084,0.4961240291595459,0.367774099111557
YPR082C,YJR029W,0,-5.6094837,0.11883289366960526,0.4961240291595459,0.3678848147392273
YML021C,YLR181C,0,-5.6097255,0.11880137771368027,0.4961240291595459,0.36799556016921997
YHR082C,YFR002W,0,-5.609959,0.11876988410949707,0.4961240291595459,0.36810630559921265
YMR225C,YJR086W,0,-5.610041,0.11873840540647507,0.4961240291595459,0.3682170510292053
YML033W,YML093W,0,-5.6101823,0.11870694160461426,0.4961240291595459,0.368327796459198
YHR013C,YPR023C,1,-5.610371,0.11894039809703827,0.49723145365715027,0.368327796459198
YDR216W,YDL198C,0,-5.6104574,0.11890889704227448,0.49723145365715027,0.3684385418891907
YOR299W,YIR015W,0,-5.61086,0.11887741833925247,0.49723145365715027,0.36854928731918335
YNL070W,YDR213W,0,-5.610876,0.11884594708681107,0.49723145365715027,0.368660032749176
YIL076W,YDR486C,0,-5.6109195,0.11881449818611145,0.49723145365715027,0.3687707781791687
YER087C-A,YML021C,0,-5.611357,0.11878307163715363,0.49723145365715027,0.368881493806839
YER149C,YBR012W-B,0,-5.611525,0.1187516525387764,0.49723145365715027,0.36899223923683167
YOL023W,YOL088C,0,-5.611539,0.11872025579214096,0.49723145365715027,0.36910298466682434
YNL042W,YER005W,0,-5.611666,0.11868887394666672,0.49723145365715027,0.369213730096817
YOR103C,YNL131W,0,-5.6118307,0.11865750700235367,0.49723145365715027,0.3693244755268097
YLR170C,YLR370C,0,-5.6119866,0.11862615495920181,0.49723145365715027,0.36943522095680237
YGL173C,YGL011C,0,-5.6120677,0.11859482526779175,0.49723145365715027,0.36954596638679504
YLL009C,YNL318C,0,-5.6122317,0.11856350302696228,0.49723145365715027,0.3696567118167877
YFL011W-A,YLR350W,0,-5.6123624,0.1185322105884552,0.49723145365715027,0.369767427444458
YPL180W,YNL310C,0,-5.612418,0.11850092560052872,0.49723145365715027,0.3698781728744507
YOL142W,YLR346C,0,-5.612465,0.11846965551376343,0.49723145365715027,0.36998891830444336
YIL132C,YGL169W,0,-5.6125445,0.11843840777873993,0.49723145365715027,0.37009966373443604
YDL244W,YDR451C,0,-5.612582,0.11840717494487762,0.49723145365715027,0.3702104091644287
YDR329C,YAL009W,0,-5.6129265,0.11837595701217651,0.49723145365715027,0.3703211545944214
YCL039W,YCR102C,0,-5.613033,0.1183447539806366,0.49723145365715027,0.37043190002441406
YJL050W,YOR344C,0,-5.6130443,0.11831357330083847,0.49723145365715027,0.37054264545440674
YEL066W,YDR459C,1,-5.6131263,0.11854583770036697,0.49833887815475464,0.37054264545440674
YNL014W,YOR127W,0,-5.613295,0.11851461976766586,0.49833887815475464,0.3706533908843994
YDR477W,YDR372C,0,-5.6134315,0.11848340928554535,0.49833887815475464,0.3707641065120697
YNL288W,YNL149C,0,-5.6134934,0.11845222115516663,0.49833887815475464,0.3708748519420624
YJL081C,YCL010C,1,-5.6135063,0.11868420988321304,0.499446302652359,0.3708748519420624
YMR220W,YJL033W,0,-5.6135206,0.11865298449993134,0.499446302652359,0.37098559737205505
YDR118W,YPR057W,0,-5.613571,0.11862178146839142,0.499446302652359,0.37109634280204773
YPR164W,YJL154C,0,-5.613629,0.1185905858874321,0.499446302652359,0.3712070882320404
YDR377W,YLR098C,0,-5.6136417,0.11855941265821457,0.499446302652359,0.3713178336620331
YFL024C,YIL009W,1,-5.6138186,0.11879106611013412,0.5005537271499634,0.3713178336620331
YKR086W,YOL091W,0,-5.613993,0.11875985562801361,0.5005537271499634,0.37142857909202576
YOL148C,YDR145W,1,-5.614057,0.11899133026599884,0.5016611218452454,0.37142857909202576
YMR113W,YDL181W,0,-5.614058,0.11896008253097534,0.5016611218452454,0.37153932452201843
YHR096C,YKR048C,0,-5.6142163,0.11892884969711304,0.5016611218452454,0.3716500699520111
YDR170C,YIL031W,0,-5.6143374,0.11889763921499252,0.5016611218452454,0.3717607855796814
YLL015W,YNR048W,0,-5.614448,0.1188664361834526,0.5016611218452454,0.3718715310096741
YDL236W,YNL311C,0,-5.6144986,0.11883525550365448,0.5016611218452454,0.37198227643966675
YPL224C,YDR369C,0,-5.614618,0.11880408972501755,0.5016611218452454,0.3720930218696594
YKL101W,YDR353W,0,-5.614619,0.11877293884754181,0.5016611218452454,0.3722037672996521
YOL027C,YBR012W-A,0,-5.6147375,0.11874181032180786,0.5016611218452454,0.3723145127296448
YHR053C,YMR197C,0,-5.614766,0.11871068924665451,0.5016611218452454,0.37242525815963745
YOR136W,YDR166C,0,-5.614797,0.11867959052324295,0.5016611218452454,0.3725360035896301
YNL290W,YIL063C,0,-5.6150107,0.11864850670099258,0.5016611218452454,0.3726467192173004
YHR158C,YAL051W,0,-5.6153083,0.11861743777990341,0.5016611218452454,0.3727574646472931
YJR007W,YOL128C,0,-5.6153407,0.11858638375997543,0.5016611218452454,0.37286821007728577
YIR017C,YDR268W,0,-5.6154504,0.11855535209178925,0.5016611218452454,0.37297895550727844
YMR246W,YEL066W,1,-5.6154532,0.11878597736358643,0.5027685761451721,0.37297895550727844
YIL066C,YMR149W,0,-5.615616,0.11875490099191666,0.5027685761451721,0.3730897009372711
YOR025W,YDL080C,0,-5.615644,0.11872384697198868,0.5027685761451721,0.3732004463672638
YMR041C,YPL239W,0,-5.6157537,0.1186928078532219,0.5027685761451721,0.37331119179725647
YFR024C,YPL124W,0,-5.6157756,0.1186617910861969,0.5027685761451721,0.37342193722724915
YKL040C,YBL093C,0,-5.6159043,0.1186307817697525,0.5027685761451721,0.3735326826572418
YHR086W,YBR296C,0,-5.6160464,0.1185997873544693,0.5027685761451721,0.3736433982849121
YKL054C,YLR135W,0,-5.616056,0.11856881529092789,0.5027685761451721,0.3737541437149048
YNL293W,YER138C,0,-5.6161246,0.11853785812854767,0.5027685761451721,0.37386488914489746
YAR033W,YIR018W,0,-5.6161838,0.11850691586732864,0.5027685761451721,0.37397563457489014
YGL173C,YOL113W,0,-5.6162486,0.11847598850727081,0.5027685761451721,0.3740863800048828
YGR147C,YHR099W,1,-5.6163855,0.11870597302913666,0.5038759708404541,0.3740863800048828
YHR073W,YOR367W,0,-5.616389,0.11867501586675644,0.5038759708404541,0.3741971254348755
YNL264C,YIL095W,0,-5.6164665,0.11864406615495682,0.5038759708404541,0.37430787086486816
YER051W,YER008C,0,-5.6168985,0.11861313879489899,0.5038759708404541,0.37441861629486084
YEL017C-A,YGL207W,0,-5.6169214,0.11858222633600235,0.5038759708404541,0.37452933192253113
YFL048C,YNL084C,0,-5.6170993,0.1185513287782669,0.5038759708404541,0.3746400773525238
YOL127W,YER018C,0,-5.6172695,0.11852044612169266,0.5038759708404541,0.3747508227825165
YER028C,YKL028W,0,-5.617598,0.1184895858168602,0.5038759708404541,0.37486156821250916
YDR423C,YLR256W,0,-5.6176686,0.11845873296260834,0.5038759708404541,0.37497231364250183
YML113W,YBL100W-B,0,-5.617682,0.11842790246009827,0.5038759708404541,0.3750830590724945
YHR107C,YDR130C,0,-5.6177,0.11839708685874939,0.5038759708404541,0.3751938045024872
YDR191W,YGL178W,0,-5.6177526,0.1183662861585617,0.5038759708404541,0.37530454993247986
YNL023C,YJR119C,0,-5.6177526,0.11833550035953522,0.5038759708404541,0.37541529536247253
YDL004W,YBL013W,0,-5.6178823,0.11830472946166992,0.5038759708404541,0.3755260109901428
YJL184W,YAR031W,0,-5.6180253,0.11827398091554642,0.5038759708404541,0.3756367564201355
YIL128W,YNL131W,0,-5.618316,0.11824323982000351,0.5038759708404541,0.3757475018501282
YFL039C,YOR064C,1,-5.6185613,0.11847233027219772,0.5049833655357361,0.3757475018501282
YFL056C,YGL033W,0,-5.618571,0.11844155937433243,0.5049833655357361,0.37585824728012085
YHL009C,YBL005W-B,0,-5.618626,0.11841080337762833,0.5049833655357361,0.3759689927101135
YOL054W,YOL127W,0,-5.6187663,0.11838006228208542,0.5049833655357361,0.3760797381401062
YLR147C,YMR210W,0,-5.61885,0.1183493360877037,0.5049833655357361,0.3761904835700989
YPL012W,YJL143W,0,-5.619228,0.11831863224506378,0.5049833655357361,0.37630122900009155
YER015W,YBR081C,1,-5.619391,0.11854734271764755,0.5060908198356628,0.37630122900009155
YIL009W,YBR198C,1,-5.6195493,0.11877593398094177,0.5071982145309448,0.37630122900009155
YBR234C,YJL008C,0,-5.6195664,0.11874514073133469,0.5071982145309448,0.37641197443008423
YEL066W,YMR236W,1,-5.6198297,0.11897356063127518,0.5083056688308716,0.37641197443008423
YIL046W,YAL034W-A,0,-5.61991,0.1189427301287651,0.5083056688308716,0.3765226900577545
YGR024C,YCL062W,0,-5.6199374,0.11891191452741623,0.5083056688308716,0.3766334354877472
YLR295C,YBR228W,0,-5.620067,0.11888112127780914,0.5083056688308716,0.37674418091773987
YIL002C,YDL200C,0,-5.6201463,0.11885033547878265,0.5083056688308716,0.37685492634773254
YEL017C-A,YBL102W,0,-5.6203485,0.11881957203149796,0.5083056688308716,0.3769656717777252
YJL196C,YKL166C,0,-5.620351,0.11878882348537445,0.5083056688308716,0.3770764172077179
YPR030W,YER111C,0,-5.621055,0.11875808238983154,0.5083056688308716,0.37718716263771057
YLR023C,YNL257C,0,-5.621223,0.11872736364603043,0.5083056688308716,0.37729790806770325
YMR246W,YPR131C,1,-5.6213365,0.11895526200532913,0.5094130635261536,0.37729790806770325
YLR007W,YKL018W,0,-5.6214395,0.11892450600862503,0.5094130635261536,0.37740862369537354
YBL019W,YJR002W,0,-5.6215787,0.11889377236366272,0.5094130635261536,0.3775193691253662
YBR159W,YDR489W,0,-5.621657,0.118863046169281,0.5094130635261536,0.3776301145553589
YML102W,YFL059W,0,-5.621717,0.11883234232664108,0.5094130635261536,0.37774085998535156
YKR028W,YHR172W,0,-5.6217422,0.11880165338516235,0.5094130635261536,0.37785160541534424
YLR355C,YOR351C,0,-5.62194,0.11877097934484482,0.5094130635261536,0.3779623508453369
YKL197C,YDR227W,0,-5.622249,0.11874032020568848,0.5094130635261536,0.3780730962753296
YDR448W,YPL129W,1,-5.6223335,0.11896774172782898,0.5105204582214355,0.3780730962753296
YNL230C,YPL155C,0,-5.6224256,0.11893704533576965,0.5105204582214355,0.37818384170532227
YPL169C,YGR013W,0,-5.622479,0.11890637129545212,0.5105204582214355,0.37829458713531494
YPL241C,YLR286C,0,-5.6225357,0.11887571215629578,0.5105204582214355,0.37840530276298523
YJL034W,YGR047C,0,-5.622576,0.11884506046772003,0.5105204582214355,0.3785160481929779
YKL176C,YMR008C,0,-5.6229167,0.11881443113088608,0.5105204582214355,0.3786267936229706
YLL002W,YOL148C,1,-5.623051,0.11904148757457733,0.5116279125213623,0.3786267936229706
YLR314C,YLR238W,0,-5.6231537,0.1190108209848404,0.5116279125213623,0.37873753905296326
YGL098W,YIL056W,0,-5.623215,0.11898016929626465,0.5116279125213623,0.37884828448295593
YJR150C,YIL016W,0,-5.6233397,0.1189495399594307,0.5116279125213623,0.3789590299129486
YHR175W,YPL208W,0,-5.6234183,0.11891891807317734,0.5116279125213623,0.3790697753429413
YJR119C,YBR254C,0,-5.6241994,0.11888831853866577,0.5116279125213623,0.37918052077293396
YMR184W,YBL061C,0,-5.6242223,0.1188577339053154,0.5116279125213623,0.37929126620292664
YFL025C,YHR214C-B,0,-5.6242843,0.11882716417312622,0.5116279125213623,0.3794019818305969
YCR094W,YPR036W,0,-5.6243067,0.11879660934209824,0.5116279125213623,0.3795127272605896
YPL018W,YDR422C,0,-5.6246796,0.11876606941223145,0.5116279125213623,0.3796234726905823
YJL006C,YKL020C,0,-5.6249247,0.11873554438352585,0.5116279125213623,0.37973421812057495
YER019W,YDR488C,0,-5.625062,0.11870503425598145,0.5116279125213623,0.3798449635505676
YPR182W,YPR086W,0,-5.6251793,0.11867454648017883,0.5116279125213623,0.3799557089805603
YHR169W,YKL053C-A,0,-5.625324,0.11864406615495682,0.5116279125213623,0.380066454410553
YNL231C,YIL039W,0,-5.6256466,0.11861360818147659,0.5116279125213623,0.38017719984054565
YGR041W,YJR135C,0,-5.625755,0.11858316510915756,0.5116279125213623,0.38028791546821594
YOR023C,YDL040C,1,-5.6260037,0.11880934238433838,0.5127353072166443,0.38028791546821594
YJL003W,YIL098C,0,-5.6262326,0.11877886205911636,0.5127353072166443,0.3803986608982086
YEL060C,YOR344C,0,-5.626242,0.11874839663505554,0.5127353072166443,0.3805094063282013
YHR107C,YPL188W,0,-5.626304,0.11871794611215591,0.5127353072166443,0.38062015175819397
YDL197C,YNL031C,0,-5.626339,0.11868751794099808,0.5127353072166443,0.38073089718818665
YBR050C,YNL229C,0,-5.626389,0.11865709722042084,0.5127353072166443,0.3808416426181793
YLR157C,YJR078W,0,-5.626773,0.11862669885158539,0.5127353072166443,0.380952388048172
YHR067W,YHR006W,0,-5.626782,0.11859630793333054,0.5127353072166443,0.3810631334781647
YPL171C,YPL208W,0,-5.6267943,0.11856593936681747,0.5127353072166443,0.38117387890815735
YKL152C,YDL080C,0,-5.6268935,0.1185355857014656,0.5127353072166443,0.38128459453582764
YLR141W,YKR056W,0,-5.627071,0.11850524693727493,0.5127353072166443,0.3813953399658203
YML065W,YML091C,0,-5.6273603,0.11847492307424545,0.5127353072166443,0.381506085395813
YFL039C,YJL115W,1,-5.627384,0.11870043724775314,0.513842761516571,0.381506085395813
YLR335W,YNL045W,0,-5.627503,0.11867007613182068,0.513842761516571,0.38161683082580566
YKR072C,YML033W,0,-5.627531,0.11863973736763,0.513842761516571,0.38172757625579834
YPL082C,YKR022C,0,-5.627551,0.11860940605401993,0.513842761516571,0.381838321685791
YDR356W,YGL243W,0,-5.627679,0.11857909709215164,0.513842761516571,0.3819490671157837
YMR276W,YCL020W,0,-5.627838,0.11854879558086395,0.513842761516571,0.38205981254577637
YPL132W,YJL121C,0,-5.6278977,0.11851851642131805,0.513842761516571,0.38217052817344666
YMR038C,YGR057C,0,-5.627909,0.11848825216293335,0.513842761516571,0.38228127360343933
YPR019W,YKL018W,0,-5.628348,0.11845800280570984,0.513842761516571,0.382392019033432
YLR314C,YOR295W,0,-5.62851,0.11842776834964752,0.513842761516571,0.3825027644634247
YOL017W,YHR150W,0,-5.628547,0.1183975487947464,0.513842761516571,0.38261350989341736
YPR029C,YDR027C,0,-5.628621,0.11836734414100647,0.513842761516571,0.38272425532341003
YLR228C,YAL007C,0,-5.628657,0.11833716183900833,0.513842761516571,0.3828350007534027
YMR231W,YOR149C,0,-5.62876,0.11830698698759079,0.513842761516571,0.3829457461833954
YMR264W,YCR084C,0,-5.628861,0.11827682703733444,0.513842761516571,0.38305649161338806
YBR158W,YBR012W-A,0,-5.629022,0.11824668943881989,0.513842761516571,0.38316720724105835
YJR119C,YIR041W,0,-5.6290727,0.11821655929088593,0.513842761516571,0.383277952671051
YHR204W,YGR056W,0,-5.6291776,0.11818645149469376,0.513842761516571,0.3833886981010437
YFL039C,YOL110W,1,-5.6293716,0.11841099709272385,0.514950156211853,0.3833886981010437
YAL054C,YDR145W,1,-5.6294336,0.11863543838262558,0.5160576105117798,0.3833886981010437
YAL007C,YML029W,0,-5.629548,0.11860524117946625,0.5160576105117798,0.3834994435310364
YDR386W,YBL039C,0,-5.6295857,0.1185750663280487,0.5160576105117798,0.38361018896102905
YJL014W,YMR016C,0,-5.6296287,0.11854489892721176,0.5160576105117798,0.38372093439102173
YER001W,YMR293C,0,-5.629804,0.11851475387811661,0.5160576105117798,0.3838316798210144
YCR058C,YGL243W,0,-5.6298323,0.11848461627960205,0.5160576105117798,0.3839424252510071
YKL048C,YDL039C,0,-5.6298685,0.11845450103282928,0.5160576105117798,0.38405317068099976
YPR162C,YOL054W,0,-5.6300483,0.11842439323663712,0.5160576105117798,0.38416388630867004
YFL031W,YDR489W,0,-5.6300883,0.11839430779218674,0.5160576105117798,0.3842746317386627
YLR242C,YOR346W,0,-5.6300893,0.11836423724889755,0.5160576105117798,0.3843853771686554
YMR184W,YDR276C,0,-5.6303444,0.11833418160676956,0.5160576105117798,0.38449612259864807
YNL192W,YGL014W,0,-5.630373,0.11830414086580276,0.5160576105117798,0.38460686802864075
YDR345C,YDR150W,0,-5.63038,0.11827411502599716,0.5160576105117798,0.3847176134586334
YGL122C,YBR093C,0,-5.6305857,0.11824410408735275,0.5160576105117798,0.3848283588886261
YGL066W,YBR081C,1,-5.630606,0.1184677854180336,0.5171650052070618,0.3848283588886261
YGL073W,YDR123C,0,-5.6309743,0.1184377372264862,0.5171650052070618,0.3849391043186188
YDL099W,YDR309C,0,-5.6309896,0.1184077113866806,0.5171650052070618,0.38504981994628906
YDR040C,YDL013W,0,-5.63115,0.1183776929974556,0.5171650052070618,0.38516056537628174
YNL130C,YOR001W,0,-5.63119,0.11834769695997238,0.5171650052070618,0.3852713108062744
YBR290W,YBR293W,0,-5.6316314,0.11831770837306976,0.5171650052070618,0.3853820562362671
YHR158C,YJL207C,0,-5.631748,0.11828774213790894,0.5171650052070618,0.38549280166625977
YGR197C,YDL038C,0,-5.6317506,0.1182577833533287,0.5171650052070618,0.38560354709625244
YDR448W,YBR081C,1,-5.6317897,0.11848101019859314,0.5182723999023438,0.38560354709625244
YEL056W,YLR195C,1,-5.631972,0.11870412528514862,0.5193798542022705,0.38560354709625244
YBR207W,YOL121C,0,-5.6321564,0.11867409199476242,0.5193798542022705,0.3857142925262451
YBR038W,YKL040C,0,-5.6323338,0.11864406615495682,0.5193798542022705,0.3858250379562378
YDR141C,YKL186C,0,-5.632345,0.118614062666893,0.5193798542022705,0.38593578338623047
YER015W,YMR246W,1,-5.6324105,0.1188369169831276,0.5204872488975525,0.38593578338623047
YPR120C,YGR013W,0,-5.6324134,0.1188068762421608,0.5204872488975525,0.38604649901390076
YOR335C,YDL200C,0,-5.6327696,0.1187768504023552,0.5204872488975525,0.38615724444389343
YNL030W,YGL227W,0,-5.6329517,0.11874683946371078,0.5204872488975525,0.3862679898738861
YMR038C,YPL098C,0,-5.632975,0.11871685087680817,0.5204872488975525,0.3863787353038788
YER167W,YOR328W,0,-5.6330714,0.11868686974048615,0.5204872488975525,0.38648948073387146
YGR147C,YPL129W,1,-5.633116,0.11890936642885208,0.5215947031974792,0.38648948073387146
YGL143C,YIL095W,0,-5.633145,0.11887935549020767,0.5215947031974792,0.38660022616386414
YOR034C,YLR195C,1,-5.6332145,0.11910168826580048,0.5227020978927612,0.38660022616386414
YOL126C,YPL218W,0,-5.6332374,0.11907164752483368,0.5227020978927612,0.3867109715938568
YLR399C,YIR005W,0,-5.6334825,0.11904161423444748,0.5227020978927612,0.3868217170238495
YPR067W,YMR266W,0,-5.6334825,0.11901159584522247,0.5227020978927612,0.3869324326515198
YBR008C,YEL031W,0,-5.633882,0.11898159980773926,0.5227020978927612,0.38704317808151245
YPL131W,YIL029C,0,-5.6339374,0.11895161122083664,0.5227020978927612,0.3871539235115051
YLL061W,YGR047C,0,-5.6339517,0.11892164498567581,0.5227020978927612,0.3872646689414978
YOL121C,YDR422C,0,-5.633957,0.11889168620109558,0.5227020978927612,0.3873754143714905
YMR153W,YJL072C,0,-5.6340156,0.11886174976825714,0.5227020978927612,0.38748615980148315
YKL018W,YBR293W,0,-5.63428,0.1188318207859993,0.5227020978927612,0.38759690523147583
YGL066W,YOR064C,1,-5.634357,0.11905360966920853,0.523809552192688,0.38759690523147583
YJL134W,YMR175W,0,-5.6345325,0.1190236508846283,0.523809552192688,0.3877076506614685
YML012W,YCL055W,0,-5.6346145,0.11899370700120926,0.523809552192688,0.3878183960914612
YER065C,YFL045C,0,-5.6347795,0.11896378546953201,0.523809552192688,0.38792911171913147
YPR124W,YJL100W,0,-5.6348004,0.11893387138843536,0.523809552192688,0.38803985714912415
YLR116W,YDL195W,0,-5.6352572,0.11890397220849991,0.523809552192688,0.3881506025791168
YPR185W,YPL033C,0,-5.635523,0.11887408792972565,0.523809552192688,0.3882613480091095
YPL051W,YDR201W,0,-5.635551,0.11884421855211258,0.523809552192688,0.3883720934391022
YDL232W,YBL005W-B,0,-5.635776,0.1188143715262413,0.523809552192688,0.38848283886909485
YMR312W,YOL038W,0,-5.635903,0.11878453195095062,0.523809552192688,0.3885935842990875
YJL018W,YNL273W,0,-5.63599,0.11875470727682114,0.523809552192688,0.3887043297290802
YNL231C,YNL253W,0,-5.6359963,0.11872489750385284,0.523809552192688,0.3888150751590729
YLL003W,YDL229W,0,-5.636024,0.11869511008262634,0.523809552192688,0.38892579078674316
YLR394W,YNL021W,0,-5.636025,0.11866533011198044,0.523809552192688,0.38903653621673584
YNL131W,YBR293W,0,-5.636204,0.11863556504249573,0.523809552192688,0.3891472816467285
YHR013C,YEL056W,1,-5.636332,0.11885657161474228,0.52491694688797,0.3891472816467285
YOL123W,YML005W,0,-5.6364923,0.11882677674293518,0.52491694688797,0.3892580270767212
YER088C,YCR053W,0,-5.636579,0.11879698932170868,0.52491694688797,0.38936877250671387
YDL087C,YCL043C,0,-5.636606,0.11876722425222397,0.52491694688797,0.38947951793670654
YER088C,YOL049W,0,-5.636675,0.11873747408390045,0.52491694688797,0.3895902633666992
YMR264W,YOR123C,0,-5.63672,0.11870773881673813,0.52491694688797,0.3897010087966919
YLR274W,YHR142W,0,-5.6367726,0.118678018450737,0.52491694688797,0.3898117244243622
YKL006C-A,YOR356W,0,-5.6369815,0.11864831298589706,0.52491694688797,0.38992246985435486
YPL262W,YIR006C,0,-5.637095,0.11861861497163773,0.52491694688797,0.39003321528434753
YNL271C,YMR308C,0,-5.637132,0.11858893930912018,0.52491694688797,0.3901439607143402
YPR199C,YGL078C,0,-5.637138,0.11855927854776382,0.52491694688797,0.3902547061443329
YOL063C,YKL175W,0,-5.6373296,0.11852963268756866,0.52491694688797,0.39036545157432556
YLR206W,YIL095W,0,-5.6374345,0.1185000017285347,0.52491694688797,0.39047619700431824
YJR089W,YDL058W,0,-5.637481,0.11847038567066193,0.52491694688797,0.3905869424343109
YOL143C,YOR076C,0,-5.6375175,0.11844077706336975,0.52491694688797,0.3906976878643036
YMR056C,YOR035C,0,-5.6377435,0.11841119080781937,0.52491694688797,0.3908084034919739
YGL195W,YML127W,0,-5.6379914,0.11838161945343018,0.52491694688797,0.39091914892196655
YEL056W,YPR131C,1,-5.638099,0.11860174685716629,0.526024341583252,0.39091914892196655
YOR349W,YJR125C,0,-5.6382804,0.11857213824987411,0.526024341583252,0.39102989435195923
YOR113W,YHR011W,0,-5.638314,0.11854255199432373,0.526024341583252,0.3911406397819519
YNL094W,YBL047C,0,-5.6384683,0.11851297318935394,0.526024341583252,0.3912513852119446
YLR195C,YHR090C,1,-5.638521,0.11873285472393036,0.5271317958831787,0.3912513852119446
YDR329C,YER161C,0,-5.6386657,0.11870323866605759,0.5271317958831787,0.39136213064193726
YNL271C,YPL234C,0,-5.6386843,0.1186736449599266,0.5271317958831787,0.39147287607192993
YPL001W,YOL148C,1,-5.63874,0.11889331787824631,0.5282391905784607,0.39147287607192993
YDR245W,YCR058C,0,-5.638745,0.11886369436979294,0.5282391905784607,0.3915836215019226
YDL115C,YHR073W,0,-5.6388392,0.11883407831192017,0.5282391905784607,0.3916943669319153
YDL145C,YER020W,0,-5.638911,0.11880448460578918,0.5282391905784607,0.39180508255958557
YPR070W,YHR062C,0,-5.639066,0.1187748983502388,0.5282391905784607,0.39191582798957825
YDR414C,YLR238W,0,-5.639075,0.1187453344464302,0.5282391905784607,0.3920265734195709
YMR037C,YCR058C,0,-5.6392164,0.11871577799320221,0.5282391905784607,0.3921373188495636
YLR133W,YPL192C,0,-5.639231,0.118686243891716,0.5282391905784607,0.3922480642795563
YBL033C,YNR064C,0,-5.6392503,0.1186567172408104,0.5282391905784607,0.39235880970954895
YNL259C,YGR070W,0,-5.639302,0.11862720549106598,0.5282391905784607,0.3924695551395416
YKR086W,YCR053W,0,-5.639461,0.11859771609306335,0.5282391905784607,0.3925803005695343
YKL165C,YJR027W,0,-5.639519,0.11856823414564133,0.5282391905784607,0.3926910161972046
YGR261C,YKL054C,0,-5.639635,0.1185387670993805,0.5282391905784607,0.39280176162719727
YKL053C-A,YLL041C,0,-5.6396503,0.11850931495428085,0.5282391905784607,0.39291250705718994
YPR171W,YPL063W,0,-5.6398444,0.11847987771034241,0.5282391905784607,0.3930232524871826
YLR007W,YLR025W,0,-5.6399274,0.11845046281814575,0.5282391905784607,0.3931339979171753
YGR140W,YOR329C,0,-5.640127,0.1184210553765297,0.5282391905784607,0.39324474334716797
YDL212W,YBR030W,0,-5.64023,0.11839166283607483,0.5282391905784607,0.39335548877716064
YDR345C,YBL103C,0,-5.640315,0.11836228519678116,0.5282391905784607,0.3934662342071533
YGR147C,YCL010C,1,-5.6406446,0.11858099699020386,0.5293466448783875,0.3934662342071533
YNL258C,YGL137W,0,-5.6407237,0.1185515895485878,0.5293466448783875,0.393576979637146
YDR330W,YNL213C,0,-5.6407404,0.11852218955755234,0.5293466448783875,0.3936876952648163
YDL102W,YPL169C,0,-5.641225,0.11849281191825867,0.5293466448783875,0.39379844069480896
YGL236C,YLR312C-B,0,-5.641312,0.1184634417295456,0.5293466448783875,0.39390918612480164
YOR211C,YDL083C,0,-5.641366,0.11843409389257431,0.5293466448783875,0.3940199315547943
YGR222W,YBR218C,0,-5.6413794,0.11840475350618362,0.5293466448783875,0.394130676984787
YPR190C,YNL088W,0,-5.6414332,0.11837543547153473,0.5293466448783875,0.39424142241477966
YNL032W,YJR026W,0,-5.6415086,0.11834612488746643,0.5293466448783875,0.39435216784477234
YMR246W,YDR126W,1,-5.641582,0.11856435984373093,0.5304540395736694,0.39435216784477234
YEL029C,YDL017W,0,-5.6417317,0.11853501945734024,0.5304540395736694,0.394462913274765
YOR157C,YBR087W,0,-5.6429143,0.11850569397211075,0.5304540395736694,0.3945736289024353
YJL124C,YPR070W,0,-5.642942,0.11847637593746185,0.5304540395736694,0.394684374332428
YER001W,YKL034W,0,-5.64327,0.11844708025455475,0.5304540395736694,0.39479511976242065
YGL066W,YOL148C,1,-5.643274,0.11866501718759537,0.5315614342689514,0.39479511976242065
YCR093W,YJL053W,0,-5.643291,0.11863569170236588,0.5315614342689514,0.39490586519241333
YJL050W,YER005W,0,-5.6434298,0.11860637366771698,0.5315614342689514,0.395016610622406
YML126C,YEL003W,0,-5.643489,0.11857707798480988,0.5315614342689514,0.3951273560523987
YER127W,YNL251C,0,-5.6436806,0.11854778975248337,0.5315614342689514,0.39523810148239136
YCR098C,YJR135C,0,-5.6437445,0.11851851642131805,0.5315614342689514,0.39534884691238403
YOR371C,YIR019C,0,-5.6437783,0.11848926544189453,0.5315614342689514,0.3954595923423767
YMR197C,YBR012W-B,0,-5.644335,0.1184600219130516,0.5315614342689514,0.395570307970047
YER001W,YOR127W,0,-5.6443896,0.11843079328536987,0.5315614342689514,0.3956810534000397
YBR057C,YCR084C,0,-5.644481,0.11840157955884933,0.5315614342689514,0.39579179883003235
YKL114C,YKL193C,0,-5.6445303,0.11837238073348999,0.5315614342689514,0.395902544260025
YFR030W,YLR033W,0,-5.644565,0.11834319680929184,0.5315614342689514,0.3960132896900177
YHR079C-A,YIL080W,0,-5.6451373,0.11831402778625488,0.5315614342689514,0.3961240351200104
YJR033C,YLL024C,0,-5.6452117,0.11828486621379852,0.5315614342689514,0.39623478055000305
YGR199W,YPR018W,0,-5.645327,0.11825572699308395,0.5315614342689514,0.3963455259799957
YML113W,YPL194W,0,-5.6454062,0.11822660267353058,0.5315614342689514,0.3964562714099884
YPL091W,YLR337W,0,-5.6456084,0.1181974858045578,0.5315614342689514,0.3965669870376587
YOR295W,YEL057C,0,-5.6456265,0.11816839128732681,0.5315614342689514,0.39667773246765137
YLR293C,YGL136C,0,-5.645654,0.11813930422067642,0.5315614342689514,0.39678847789764404
YER070W,YKL126W,0,-5.6460404,0.11811023950576782,0.5315614342689514,0.3968992233276367
YKL138C-A,YJL121C,0,-5.64628,0.11808118224143982,0.5315614342689514,0.3970099687576294
YKL041W,YOR230W,0,-5.646399,0.11805213987827301,0.5315614342689514,0.39712071418762207
YGL087C,YDR407C,0,-5.646479,0.1180231124162674,0.5315614342689514,0.39723145961761475
YNL006W,YBR098W,0,-5.64669,0.11799409985542297,0.5315614342689514,0.3973422050476074
YIR013C,YBR095C,0,-5.646694,0.11796510219573975,0.5315614342689514,0.3974529206752777
YGL005C,YOL127W,0,-5.646768,0.11793611943721771,0.5315614342689514,0.3975636661052704
YNL281W,YIR037W,0,-5.6470094,0.11790715157985687,0.5315614342689514,0.39767441153526306
YIL009C-A,YDL064W,0,-5.6470118,0.11787819117307663,0.5315614342689514,0.39778515696525574
YKL186C,YKL051W,0,-5.64737,0.11784925311803818,0.5315614342689514,0.3978959023952484
YML081C-A,YMR232W,0,-5.6476836,0.11782032251358032,0.5315614342689514,0.3980066478252411
YIL068C,YMR313C,0,-5.647701,0.11779141426086426,0.5315614342689514,0.39811739325523376
YLR081W,YKR052C,0,-5.6477723,0.11776251345872879,0.5315614342689514,0.39822813868522644
YDL040C,YCL010C,1,-5.6478734,0.11797890812158585,0.5326688885688782,0.39822813868522644
YDR022C,YPL075W,0,-5.6479115,0.11794997751712799,0.5326688885688782,0.3983388841152191
YKL017C,YFR024C-A,0,-5.6481204,0.11792106181383133,0.5326688885688782,0.3984495997428894
YPL076W,YGL063W,0,-5.6485724,0.11789215356111526,0.5326688885688782,0.3985603451728821
YIL009W,YLL022C,1,-5.648742,0.11810830980539322,0.5337762832641602,0.3985603451728821
YPL195W,YFR034C,0,-5.648749,0.11807937175035477,0.5337762832641602,0.39867109060287476
YCR012W,YIL053W,0,-5.648868,0.1180504560470581,0.5337762832641602,0.39878183603286743
YHR013C,YJL081C,1,-5.648906,0.11826640367507935,0.5348837375640869,0.39878183603286743
YML095C,YOR035C,0,-5.648936,0.1182374507188797,0.5348837375640869,0.3988925814628601
YFL039C,YDR448W,1,-5.649007,0.1184532567858696,0.5359911322593689,0.3988925814628601
YGL126W,YLR442C,0,-5.649303,0.11842427402734756,0.5359911322593689,0.3990033268928528
YDL231C,YFL004W,0,-5.6494575,0.11839530616998672,0.5359911322593689,0.39911407232284546
YGL058W,YPL032C,0,-5.649658,0.11836634576320648,0.5359911322593689,0.39922481775283813
YOL164W,YBR009C,0,-5.649874,0.11833740770816803,0.5359911322593689,0.3993355333805084
YDR298C,YOR119C,0,-5.6500745,0.11830848455429077,0.5359911322593689,0.3994462788105011
YGR218W,YJL061W,0,-5.650233,0.11827956885099411,0.5359911322593689,0.3995570242404938
YCR073W-A,YGR111W,0,-5.6502423,0.11825067549943924,0.5359911322593689,0.39966776967048645
YOR304W,YLR448W,0,-5.650409,0.11822178959846497,0.5359911322593689,0.3997785151004791
YDL002C,YER148W,0,-5.650576,0.11819291859865189,0.5359911322593689,0.3998892605304718
YGL210W-A,YNL107W,0,-5.6505823,0.1181640625,0.5359911322593689,0.4000000059604645
YPR201W,YHR001W,0,-5.650603,0.11813522130250931,0.5359911322593689,0.40011075139045715
YOR159C,YNL334C,0,-5.6506505,0.11810639500617981,0.5359911322593689,0.40022149682044983
YGR060W,YER183C,0,-5.650824,0.1180775836110115,0.5359911322593689,0.4003322124481201
YOR257W,YLR285W,0,-5.6509814,0.1180487796664238,0.5359911322593689,0.4004429578781128
YER133W,YGL236C,0,-5.6511836,0.11801999807357788,0.5359911322593689,0.40055370330810547
YKL058W,YBR127C,0,-5.6512666,0.11799122393131256,0.5359911322593689,0.40066444873809814
YMR296C,YKR022C,0,-5.651313,0.11796246469020844,0.5359911322593689,0.4007751941680908
YJL014W,YIL039W,0,-5.6513696,0.1179337203502655,0.5359911322593689,0.4008859395980835
YLR350W,YPL208W,0,-5.6513867,0.11790499091148376,0.5359911322593689,0.40099668502807617
YJR108W,YBR060C,0,-5.65155,0.11787627637386322,0.5359911322593689,0.40110743045806885
YNR001C,YDL245C,0,-5.6515565,0.11784757673740387,0.5359911322593689,0.4012181758880615
YPL008W,YIR015W,0,-5.6516943,0.11781889200210571,0.5359911322593689,0.4013288915157318
YBR217W,YFL008W,0,-5.6519713,0.11779021471738815,0.5359911322593689,0.4014396369457245
YFL039C,YDL040C,1,-5.652067,0.11800486594438553,0.5370985865592957,0.4014396369457245
YHR194W,YDR018C,0,-5.65208,0.11797615885734558,0.5370985865592957,0.40155038237571716
YPR135W,YIL042C,0,-5.652293,0.11794747412204742,0.5370985865592957,0.40166112780570984
YNL326C,YDR459C,1,-5.652311,0.11816192418336868,0.5382059812545776,0.40166112780570984
YER007W,YKL043W,0,-5.652372,0.11813320219516754,0.5382059812545776,0.4017718732357025
YKL179C,YKL008C,0,-5.6525106,0.1181044951081276,0.5382059812545776,0.4018826186656952
YML061C,YOR212W,0,-5.652524,0.11807580292224884,0.5382059812545776,0.40199336409568787
YKL139W,YML038C,0,-5.6529107,0.11804711818695068,0.5382059812545776,0.40210410952568054
YDR524C,YFR013W,0,-5.6529126,0.11801845580339432,0.5382059812545776,0.40221482515335083
YMR069W,YPL129W,1,-5.652927,0.11823257803916931,0.5393133759498596,0.40221482515335083
YER020W,YDL087C,0,-5.6529765,0.11820388585329056,0.5393133759498596,0.4023255705833435
YKL112W,YML005W,0,-5.6532464,0.1181752011179924,0.5393133759498596,0.4024363160133362
YGL155W,YOL101C,0,-5.653281,0.11814653128385544,0.5393133759498596,0.40254706144332886
YGR262C,YBR293W,0,-5.653315,0.11811787635087967,0.5393133759498596,0.40265780687332153
YFL024C,YEL066W,1,-5.653337,0.11833171546459198,0.5404208302497864,0.40265780687332153
YFL033C,YNL330C,0,-5.6534605,0.11830303072929382,0.5404208302497864,0.4027685523033142
YOR034C,YPL129W,1,-5.6534986,0.1185167208313942,0.5415282249450684,0.4027685523033142
YMR288W,YDR265W,0,-5.653562,0.11848800629377365,0.5415282249450684,0.4028792977333069
YML116W,YDL225W,0,-5.6536694,0.1184592992067337,0.5415282249450684,0.40299004316329956
YLR423C,YML078W,0,-5.6537566,0.11843061447143555,0.5415282249450684,0.40310078859329224
YPL188W,YDR079C-A,0,-5.6539006,0.11840193718671799,0.5415282249450684,0.4032115042209625
YPL262W,YDR207C,0,-5.6540556,0.11837327480316162,0.5415282249450684,0.4033222496509552
YJR057W,YLR097C,0,-5.654098,0.11834462732076645,0.5415282249450684,0.4034329950809479
YAL013W,YLL021W,0,-5.6542664,0.11831599473953247,0.5415282249450684,0.40354374051094055
YML032C,YOR308C,0,-5.654342,0.11828736960887909,0.5415282249450684,0.4036544859409332
YJL081C,YJL115W,1,-5.654345,0.11850060522556305,0.5426356792449951,0.4036544859409332
YPR131C,YHR090C,1,-5.6546087,0.11871373653411865,0.5437430739402771,0.4036544859409332
YOL151W,YOR265W,0,-5.654656,0.1186850368976593,0.5437430739402771,0.4037652313709259
YDR437W,YNL312W,0,-5.6548953,0.11865635216236115,0.5437430739402771,0.4038759768009186
YDL115C,YJL098W,0,-5.654967,0.11862768977880478,0.5437430739402771,0.40398672223091125
YDL161W,YLR455W,0,-5.6550727,0.11859903484582901,0.5437430739402771,0.40409746766090393
YNR017W,YGR144W,0,-5.6550775,0.11857039481401443,0.5437430739402771,0.4042081832885742
YGR007W,YFL002C,0,-5.6551976,0.11854176968336105,0.5437430739402771,0.4043189287185669
YNL192W,YHR174W,0,-5.655496,0.11851315200328827,0.5437430739402771,0.40442967414855957
YOR355W,YOR123C,0,-5.655526,0.11848455667495728,0.5437430739402771,0.40454041957855225
YDR085C,YEL051W,0,-5.655805,0.11845596879720688,0.5437430739402771,0.4046511650085449
YIL037C,YOR075W,0,-5.6563745,0.11842740327119827,0.5437430739402771,0.4047619104385376
YCL025C,YML088W,0,-5.656446,0.11839884519577026,0.5437430739402771,0.4048726558685303
YJL191W,YDL225W,0,-5.657124,0.11837030202150345,0.5437430739402771,0.40498340129852295
YIL139C,YMR270C,0,-5.6572585,0.11834176629781723,0.5437430739402771,0.40509411692619324
YDR434W,YIL017C,0,-5.657375,0.1183132529258728,0.5437430739402771,0.4052048623561859
YBR129C,YDL052C,0,-5.657563,0.11828474700450897,0.5437430739402771,0.4053156077861786
YNL084C,YMR061W,0,-5.65786,0.11825626343488693,0.5437430739402771,0.40542635321617126
YBL079W,YOR380W,0,-5.6578746,0.11822778731584549,0.5437430739402771,0.40553709864616394
YGR033C,YMR210W,0,-5.657911,0.11819932609796524,0.5437430739402771,0.4056478440761566
YKL110C,YMR046C,0,-5.6580005,0.11817087978124619,0.5437430739402771,0.4057585895061493
YLR051C,YDR331W,0,-5.658193,0.11814244836568832,0.5437430739402771,0.40586933493614197
YER087C-B,YDR285W,0,-5.6584125,0.11811402440071106,0.5437430739402771,0.40598008036613464
YPR141C,YDR486C,0,-5.658947,0.11808561533689499,0.5437430739402771,0.40609079599380493
YNL078W,YBR127C,0,-5.659039,0.11805722862482071,0.5437430739402771,0.4062015414237976
YCL031C,YJR009C,0,-5.659059,0.11802884936332703,0.5437430739402771,0.4063122868537903
YKL138C-A,YDR180W,0,-5.659118,0.11800047755241394,0.5437430739402771,0.40642303228378296
YNL142W,YGL087C,0,-5.6592016,0.11797212809324265,0.5437430739402771,0.40653377771377563
YLR100W,YNR049C,0,-5.65925,0.11794379353523254,0.5437430739402771,0.4066445231437683
YLR222C,YLR346C,0,-5.6595144,0.11791546642780304,0.5437430739402771,0.406755268573761
YLR133W,YPL269W,0,-5.6596093,0.11788715422153473,0.5437430739402771,0.40686601400375366
YKL138C-A,YMR065W,0,-5.6596694,0.11785885691642761,0.5437430739402771,0.40697672963142395
YBR136W,YBR218C,0,-5.6599164,0.11783057451248169,0.5437430739402771,0.4070874750614166
YIL035C,YML058W-A,0,-5.6600375,0.11780229955911636,0.5437430739402771,0.4071982204914093
YMR014W,YBL013W,0,-5.6600385,0.11777404695749283,0.5437430739402771,0.407308965921402
YOL066C,YMR077C,0,-5.660188,0.11774580180644989,0.5437430739402771,0.40741971135139465
YDR174W,YJR068W,0,-5.66025,0.11771757155656815,0.5437430739402771,0.40753045678138733
YKR054C,YKL176C,0,-5.66027,0.1176893562078476,0.5437430739402771,0.40764120221138
YLR438C-A,YAR002W,0,-5.6603913,0.11766115576028824,0.5437430739402771,0.4077519476413727
YER119C,YNL263C,0,-5.660515,0.11763296276330948,0.5437430739402771,0.40786269307136536
YOR023C,YNL326C,1,-5.66061,0.11784431338310242,0.5448504686355591,0.40786269307136536
YJL024C,YPR190C,0,-5.660896,0.11781609058380127,0.5448504686355591,0.40797340869903564
YER095W,YEL057C,0,-5.6609383,0.11778788268566132,0.5448504686355591,0.4080841541290283
YGR227W,YPL133C,0,-5.6609683,0.11775969713926315,0.5448504686355591,0.408194899559021
YGR091W,YKR031C,0,-5.6614194,0.11773151159286499,0.5448504686355591,0.40830564498901367
YNL117W,YPR072W,0,-5.661942,0.11770334839820862,0.5448504686355591,0.40841639041900635
YBR132C,YOL028C,0,-5.6620655,0.11767520010471344,0.5448504686355591,0.408527135848999
YMR296C,YGL127C,0,-5.6621156,0.11764705926179886,0.5448504686355591,0.4086378812789917
YPR070W,YOL121C,0,-5.662215,0.11761893332004547,0.5448504686355591,0.4087486267089844
YEL027W,YDR062W,0,-5.662646,0.11759082227945328,0.5448504686355591,0.40885937213897705
YBR205W,YDR285W,0,-5.663033,0.11756272614002228,0.5448504686355591,0.40897008776664734
YER114C,YNL026W,0,-5.6630464,0.11753463745117188,0.5448504686355591,0.40908083319664
YEL056W,YMR236W,1,-5.6631756,0.11774539947509766,0.5459579229354858,0.40908083319664
YCL016C,YGL172W,0,-5.663185,0.11771728843450546,0.5459579229354858,0.4091915786266327
YGR155W,YKL034W,0,-5.6632514,0.11768918484449387,0.5459579229354858,0.40930232405662537
YNL225C,YBR127C,0,-5.6633105,0.11766109615564346,0.5459579229354858,0.40941306948661804
YLR160C,YOR355W,0,-5.663317,0.11763302236795425,0.5459579229354858,0.4095238149166107
YIR021W,YLR014C,0,-5.6634526,0.11760496348142624,0.5459579229354858,0.4096345603466034
YPL161C,YOR269W,0,-5.663487,0.11757691204547882,0.5459579229354858,0.40974530577659607
YBR210W,YDL212W,0,-5.6636643,0.1175488829612732,0.5459579229354858,0.40985602140426636
YHR074W,YIL066C,0,-5.663687,0.11752086132764816,0.5459579229354858,0.40996676683425903
YPL271W,YGL053W,0,-5.663805,0.11749284714460373,0.5459579229354858,0.4100775122642517
YOR313C,YER005W,0,-5.663856,0.11746485531330109,0.5459579229354858,0.4101882576942444
YER015W,YDL040C,1,-5.6641326,0.11767508089542389,0.5470653176307678,0.4101882576942444
YMR153W,YJL113W,0,-5.664289,0.11764705926179886,0.5470653176307678,0.41029900312423706
YMR056C,YPR032W,0,-5.664333,0.11761904507875443,0.5470653176307678,0.41040974855422974
YNL231C,YBR172C,0,-5.6644087,0.11759105324745178,0.5470653176307678,0.4105204939842224
YJL024C,YNR011C,0,-5.66451,0.11756306886672974,0.5470653176307678,0.4106312394142151
YLR320W,YBR050C,0,-5.6649413,0.11753509193658829,0.5470653176307678,0.41074198484420776
YPL181W,YEL065W,0,-5.665282,0.11750713735818863,0.5470653176307678,0.41085270047187805
YGR095C,YLR321C,0,-5.6654325,0.11747919023036957,0.5470653176307678,0.4109634459018707
YER018C,YJR103W,0,-5.665667,0.1174512580037117,0.5470653176307678,0.4110741913318634
YOR034C,YEL056W,1,-5.6657324,0.11766104400157928,0.5481727719306946,0.4110741913318634
YMR313C,YKR014C,0,-5.665736,0.11763308197259903,0.5481727719306946,0.4111849367618561
YPR072W,YDR527W,0,-5.665979,0.11760513484477997,0.5481727719306946,0.41129568219184875
YDR309C,YDR191W,0,-5.6662264,0.1175771951675415,0.5481727719306946,0.41140642762184143
YGR057C,YIR021W,0,-5.666373,0.11754927784204483,0.5481727719306946,0.4115171730518341
YOR239W,YOL064C,0,-5.6664596,0.11752136796712875,0.5481727719306946,0.4116279184818268
YDL117W,YMR305C,0,-5.666734,0.11749347299337387,0.5481727719306946,0.41173863410949707
YEL066W,YHR099W,1,-5.6668086,0.1177028939127922,0.5492801666259766,0.41173863410949707
YFL031W,YML039W,0,-5.666903,0.11767496913671494,0.5492801666259766,0.41184937953948975
YGL236C,YDR150W,0,-5.6670184,0.11764705926179886,0.5492801666259766,0.4119601249694824
YKL012W,YGL062W,0,-5.6672873,0.11761915683746338,0.5492801666259766,0.4120708703994751
YBL033C,YJR029W,0,-5.6673083,0.11759127676486969,0.5492801666259766,0.4121816158294678
YBR038W,YDR439W,0,-5.6673985,0.1175634041428566,0.5492801666259766,0.41229236125946045
YOL021C,YFL034C-B,0,-5.6674614,0.1175355464220047,0.5492801666259766,0.4124031066894531
YNL047C,YOR129C,0,-5.6676974,0.1175076961517334,0.5492801666259766,0.4125138521194458
YBR161W,YBR030W,0,-5.667789,0.11747986823320389,0.5492801666259766,0.4126245975494385
YGL019W,YDR381W,0,-5.667932,0.11745204776525497,0.5492801666259766,0.41273531317710876
YDR487C,YDR464W,0,-5.6680055,0.11742424219846725,0.5492801666259766,0.41284605860710144
YGL025C,YNL309W,0,-5.668184,0.11739645153284073,0.5492801666259766,0.4129568040370941
YOR232W,YGL226C-A,0,-5.668267,0.1173686683177948,0.5492801666259766,0.4130675494670868
YJR064W,YDL120W,0,-5.6683636,0.11734090000391006,0.5492801666259766,0.41317829489707947
YLR078C,YPL018W,0,-5.6684475,0.11731315404176712,0.5492801666259766,0.41328904032707214
YBL014C,YLR090W,0,-5.6684628,0.11728540807962418,0.5492801666259766,0.4133997857570648
YDL160C,YDL084W,0,-5.668536,0.11725768446922302,0.5492801666259766,0.4135105311870575
YPL211W,YGR180C,0,-5.668568,0.11722996830940247,0.5492801666259766,0.41362127661705017
YHR169W,YMR046C,0,-5.6686006,0.1172022670507431,0.5492801666259766,0.41373199224472046
YGR188C,YOR301W,0,-5.6692495,0.11717458069324493,0.5492801666259766,0.41384273767471313
YCL010C,YMR236W,1,-5.6695633,0.11738309264183044,0.5503876209259033,0.41384273767471313
YDL137W,YDR317W,0,-5.6697116,0.11735536903142929,0.5503876209259033,0.4139534831047058
YDR163W,YHR059W,0,-5.6697783,0.11732766777276993,0.5503876209259033,0.4140642285346985
YGL192W,YMR077C,0,-5.6697884,0.11729997396469116,0.5503876209259033,0.41417497396469116
YMR109W,YER072W,0,-5.6699567,0.11727229505777359,0.5503876209259033,0.41428571939468384
YLR153C,YMR246W,1,-5.6700597,0.11748053878545761,0.5514950156211853,0.41428571939468384
YGR262C,YER044C,0,-5.6701264,0.11745283007621765,0.5514950156211853,0.4143964648246765
YDR228C,YOR210W,0,-5.6701293,0.11742513626813889,0.5514950156211853,0.4145072102546692
YOL064C,YDR205W,0,-5.6704097,0.11739745736122131,0.5514950156211853,0.4146179258823395
YLR078C,YPL106C,0,-5.670461,0.11736978590488434,0.5514950156211853,0.41472867131233215
YHL019C,YLR105C,0,-5.670485,0.11734212934970856,0.5514950156211853,0.41483941674232483
YDR254W,YIL120W,0,-5.6704936,0.11731448769569397,0.5514950156211853,0.4149501621723175
YDR335W,YNL003C,0,-5.6708565,0.11728686094284058,0.5514950156211853,0.4150609076023102
YBR130C,YMR016C,0,-5.671696,0.11725924164056778,0.5514950156211853,0.41517165303230286
YOL069W,YOR254C,0,-5.671799,0.11723163723945618,0.5514950156211853,0.41528239846229553
YJR118C,YPL224C,0,-5.6719556,0.11720404773950577,0.5514950156211853,0.4153931438922882
YML116W,YHR005C,0,-5.672397,0.11717647314071655,0.5514950156211853,0.4155038893222809
YIL128W,YLR328W,0,-5.6726503,0.11714890599250793,0.5514950156211853,0.41561460494995117
YDR448W,YDR145W,1,-5.672731,0.11735653877258301,0.5526024103164673,0.41561460494995117
YNL127W,YGR047C,0,-5.6729016,0.117328941822052,0.5526024103164673,0.41572535037994385
YNR027W,YFR040W,0,-5.672997,0.11730135977268219,0.5526024103164673,0.4158360958099365
YDR448W,YEL066W,1,-5.673057,0.11750881373882294,0.553709864616394,0.4158360958099365
YLR411W,YER042W,0,-5.6731906,0.11748120188713074,0.553709864616394,0.4159468412399292
YHR115C,YGR280C,0,-5.6733003,0.11745360493659973,0.553709864616394,0.4160575866699219
YEL066W,YNL326C,1,-5.6733007,0.11766087263822556,0.554817259311676,0.4160575866699219
YBR133C,YOL038W,0,-5.6736884,0.11763324588537216,0.554817259311676,0.41616833209991455
YFR013W,YFR002W,0,-5.673795,0.11760563403367996,0.554817259311676,0.4162790775299072
YLR394W,YOL055C,0,-5.673885,0.11757802963256836,0.554817259311676,0.4163898229598999
YDR317W,YNL267W,0,-5.6739016,0.11755044758319855,0.554817259311676,0.4165005683898926
YDR182W,YNL098C,0,-5.6741385,0.11752287298440933,0.554817259311676,0.41661128401756287
YNL278W,YCR012W,0,-5.674561,0.11749531328678131,0.554817259311676,0.41672202944755554
YDR137W,YNL334C,0,-5.6746097,0.11746776103973389,0.554817259311676,0.4168327748775482
YDR188W,YNL047C,0,-5.6746516,0.11744022369384766,0.554817259311676,0.4169435203075409
YFR002W,YPR054W,0,-5.6747117,0.11741270124912262,0.554817259311676,0.41705426573753357
YKL185W,YJR110W,0,-5.6749196,0.11738519370555878,0.554817259311676,0.41716501116752625
YLR335W,YJL004C,0,-5.675074,0.11735769361257553,0.554817259311676,0.4172757565975189
YKL055C,YFL008W,0,-5.6750784,0.11733020842075348,0.554817259311676,0.4173865020275116
YCR093W,YLR016C,0,-5.675109,0.11730273813009262,0.554817259311676,0.4174972176551819
YMR285C,YBR058C-A,0,-5.675214,0.11727528274059296,0.554817259311676,0.41760796308517456
YER119C,YLR386W,0,-5.6752925,0.11724783480167389,0.554817259311676,0.41771870851516724
YOR250C,YFR008W,0,-5.675424,0.11722040176391602,0.554817259311676,0.4178294539451599
YEL034W,YKL154W,0,-5.675509,0.11719298362731934,0.554817259311676,0.4179401993751526
YAL012W,YBR098W,0,-5.6755123,0.11716557294130325,0.554817259311676,0.41805094480514526
YLL061W,YCR027C,0,-5.6755157,0.11713818460702896,0.554817259311676,0.41816169023513794
YIL035C,YPR155C,0,-5.675611,0.11711079627275467,0.554817259311676,0.4182724356651306
YDR459C,YPL129W,1,-5.675734,0.11731713265180588,0.5559247136116028,0.4182724356651306
YPR191W,YKL196C,0,-5.6757717,0.1172897219657898,0.5559247136116028,0.4183831810951233
YOR023C,YDR145W,1,-5.6758523,0.11749590933322906,0.5570321083068848,0.4183831810951233
YGL173C,YPL274W,0,-5.6758647,0.11746847629547119,0.5570321083068848,0.4184938967227936
YGR086C,YOL121C,0,-5.6758785,0.11744104325771332,0.5570321083068848,0.41860464215278625
YML071C,YHL011C,0,-5.676097,0.11741363257169724,0.5570321083068848,0.41871538758277893
YJL128C,YOR386W,0,-5.676191,0.11738622933626175,0.5570321083068848,0.4188261330127716
YNL172W,YMR218C,0,-5.6762986,0.11735884100198746,0.5570321083068848,0.4189368784427643
YHR024C,YOR380W,0,-5.676332,0.11733146756887436,0.5570321083068848,0.41904762387275696
YIL013C,YJL113W,0,-5.676543,0.11730410158634186,0.5570321083068848,0.41915836930274963
YJL165C,YIR041W,0,-5.676568,0.11727675795555115,0.5570321083068848,0.4192691147327423
YDR254W,YGL166W,0,-5.6765814,0.11724941432476044,0.5570321083068848,0.4193798303604126
YDL145C,YLR328W,0,-5.6766915,0.11722209304571152,0.5570321083068848,0.4194905757904053
YEL016C,YOR106W,0,-5.6767783,0.1171947792172432,0.5570321083068848,0.41960132122039795
YDR036C,YDL109C,0,-5.676854,0.11716748028993607,0.5570321083068848,0.4197120666503906
YGR163W,YER018C,0,-5.676907,0.11714019626379013,0.5570321083068848,0.4198228120803833
YBR211C,YGR212W,0,-5.676991,0.11711291968822479,0.5570321083068848,0.419933557510376
YER107C,YGR279C,0,-5.677022,0.11708565801382065,0.5570321083068848,0.42004430294036865
YBR172C,YOR356W,0,-5.6771717,0.1170584112405777,0.5570321083068848,0.42015504837036133
YGL067W,YNR052C,0,-5.6771793,0.11703117936849594,0.5570321083068848,0.420265793800354
YAR019C,YDR480W,0,-5.6772804,0.11700395494699478,0.5570321083068848,0.4203765094280243
YGR229C,YCL063W,0,-5.677659,0.11697674542665482,0.5570321083068848,0.42048725485801697
YGL018C,YER019C-A,0,-5.677693,0.11694954335689545,0.5570321083068848,0.42059800028800964
YJR119C,YBR154C,0,-5.677774,0.11692236363887787,0.5570321083068848,0.4207087457180023
YHR027C,YCL069W,0,-5.6778584,0.11689519137144089,0.5570321083068848,0.420819491147995
YHR188C,YOR346W,0,-5.6778803,0.1168680265545845,0.5570321083068848,0.42093023657798767
YLR332W,YDL111C,0,-5.6779118,0.11684088408946991,0.5570321083068848,0.42104098200798035
YDR448W,YDR126W,1,-5.6779428,0.11704598367214203,0.5581395626068115,0.42104098200798035
YBR177C,YGR212W,0,-5.6780677,0.11701880395412445,0.5581395626068115,0.421151727437973
YDR208W,YDR457W,0,-5.678068,0.11699164658784866,0.5581395626068115,0.4212624728679657
YMR238W,YDR288W,0,-5.678105,0.11696448922157288,0.5581395626068115,0.421373188495636
YHR013C,YHR099W,1,-5.6782007,0.11716937273740768,0.5592469573020935,0.421373188495636
YMR276W,YJR119C,0,-5.678271,0.1171421930193901,0.5592469573020935,0.42148393392562866
YDR179C,YBR253W,0,-5.678305,0.11711502820253372,0.5592469573020935,0.42159467935562134
YMR138W,YLR107W,0,-5.678354,0.11708787083625793,0.5592469573020935,0.421705424785614
YGR091W,YER095W,0,-5.678436,0.11706073582172394,0.5592469573020935,0.4218161702156067
YGL025C,YOR157C,0,-5.6784883,0.11703360080718994,0.5592469573020935,0.42192691564559937
YKR019C,YHR014W,0,-5.678506,0.11700648814439774,0.5592469573020935,0.42203766107559204
YMR109W,YOL045W,0,-5.6786222,0.11697938293218613,0.5592469573020935,0.4221484065055847
YJR158W,YLR254C,0,-5.6787457,0.11695229262113571,0.5592469573020935,0.422259122133255
YOR181W,YGL055W,0,-5.678765,0.11692521721124649,0.5592469573020935,0.4223698675632477
YDR446W,YLR266C,0,-5.67916,0.11689814925193787,0.5592469573020935,0.42248061299324036
YGL073W,YPL121C,0,-5.6791644,0.11687109619379044,0.5592469573020935,0.42259135842323303
YPR188C,YLR292C,0,-5.6792417,0.1168440505862236,0.5592469573020935,0.4227021038532257
YDR524C,YGR281W,0,-5.6793194,0.11681702733039856,0.5592469573020935,0.4228128492832184
YER087C-A,YNL304W,0,-5.6793447,0.11679001152515411,0.5592469573020935,0.42292359471321106
YPR023C,YDR145W,1,-5.6793623,0.1169942170381546,0.5603543519973755,0.42292359471321106
YER155C,YBR004C,0,-5.6794386,0.11696717888116837,0.5603543519973755,0.42303434014320374
YER015W,YPL001W,1,-5.6796336,0.11717125028371811,0.5614618062973022,0.42303434014320374
YPR185W,YNL074C,0,-5.6796517,0.11714417487382889,0.5614618062973022,0.4231450855731964
YJR127C,YDL112W,0,-5.679709,0.11711711436510086,0.5614618062973022,0.4232558012008667
YML113W,YKL117W,0,-5.679725,0.11709006875753403,0.5614618062973022,0.4233665466308594
YNR035C,YMR077C,0,-5.679729,0.11706303060054779,0.5614618062973022,0.42347729206085205
YHL048W,YGR179C,0,-5.679997,0.11703601479530334,0.5614618062973022,0.4235880374908447
YLR157C,YDR288W,0,-5.6800284,0.1170089989900589,0.5614618062973022,0.4236987829208374
YEL027W,YGR268C,0,-5.6801004,0.11698200553655624,0.5614618062973022,0.4238095283508301
YLR195C,YMR236W,1,-5.680117,0.11718569695949554,0.5625692009925842,0.4238095283508301
YGL207W,YGL095C,0,-5.6802793,0.1171586737036705,0.5625692009925842,0.42392027378082275
YCR081W,YIL138C,0,-5.68031,0.11713165789842606,0.5625692009925842,0.42403101921081543
YBR164C,YHR194W,0,-5.6805797,0.1171046569943428,0.5625692009925842,0.4241417348384857
YOR014W,YDR353W,0,-5.680665,0.11707767099142075,0.5625692009925842,0.4242524802684784
YMR211W,YBL020W,0,-5.680711,0.11705069243907928,0.5625692009925842,0.42436322569847107
YBR060C,YIL114C,0,-5.6808133,0.11702372878789902,0.5625692009925842,0.42447397112846375
YDR425W,YOR148C,0,-5.680959,0.11699677258729935,0.5625692009925842,0.4245847165584564
YNL129W,YNL330C,0,-5.6810184,0.11696983873844147,0.5625692009925842,0.4246954619884491
YLR293C,YPR165W,0,-5.681088,0.11694291234016418,0.5625692009925842,0.4248062074184418
YJR082C,YLL002W,1,-5.681172,0.11714614182710648,0.563676655292511,0.4248062074184418
YJL060W,YKL138C-A,0,-5.6812005,0.1171191930770874,0.563676655292511,0.42491695284843445
YGL194C,YDR123C,0,-5.6812706,0.11709224432706833,0.563676655292511,0.4250276982784271
YBR004C,YER138C,0,-5.681291,0.11706531792879105,0.563676655292511,0.4251384139060974
YIL065C,YJL143W,0,-5.6814027,0.11703839898109436,0.563676655292511,0.4252491593360901
YER178W,YNL032W,0,-5.681436,0.11701149493455887,0.563676655292511,0.42535990476608276
YBL035C,YNR064C,0,-5.68167,0.11698459833860397,0.563676655292511,0.42547065019607544
YDR147W,YPL128C,0,-5.681683,0.11695772409439087,0.563676655292511,0.4255813956260681
YML091C,YER138C,0,-5.6816964,0.11693084985017776,0.563676655292511,0.4256921410560608
YOL129W,YGR281W,0,-5.681863,0.11690399795770645,0.563676655292511,0.42580288648605347
YLL022C,YNL326C,1,-5.681925,0.11710677295923233,0.564784049987793,0.42580288648605347
YGR002C,YHR090C,1,-5.681993,0.11730945855379105,0.565891444683075,0.42580288648605347
YDR511W,YAL012W,0,-5.6820083,0.11728253215551376,0.565891444683075,0.42591363191604614
YOR037W,YAL034W-A,0,-5.6820383,0.11725562065839767,0.565891444683075,0.4260243773460388
YGR024C,YMR284W,0,-5.682139,0.11722872406244278,0.565891444683075,0.4261350929737091
YDR448W,YHR090C,1,-5.6822295,0.11743119359016418,0.5669988989830017,0.4261350929737091
YDR206W,YHR086W,0,-5.682286,0.1174042671918869,0.5669988989830017,0.4262458384037018
YGL247W,YDL052C,0,-5.68234,0.11737734824419022,0.5669988989830017,0.42635658383369446
YFL039C,YGR147C,1,-5.6823554,0.11757964640855789,0.5681062936782837,0.42635658383369446
YPL200W,YPR005C,0,-5.6823745,0.11755270510911942,0.5681062936782837,0.42646732926368713
YFL029C,YNL253W,0,-5.6824617,0.11752577126026154,0.5681062936782837,0.4265780746936798
YOR256C,YJL141C,0,-5.6826158,0.11749885231256485,0.5681062936782837,0.4266888201236725
YHR024C,YDR359C,0,-5.6827855,0.11747194826602936,0.5681062936782837,0.42679956555366516
YPL078C,YNL047C,0,-5.6828184,0.11744505167007446,0.5681062936782837,0.42691031098365784
YDR358W,YAL009W,0,-5.6832104,0.11741816997528076,0.5681062936782837,0.4270210266113281
YJL111W,YOL116W,0,-5.6832633,0.11739130318164825,0.5681062936782837,0.4271317720413208
YOR221C,YOR103C,0,-5.6833243,0.11736444383859634,0.5681062936782837,0.4272425174713135
YCL055W,YBL023C,0,-5.683371,0.11733759939670563,0.5681062936782837,0.42735326290130615
YDR435C,YMR197C,0,-5.683469,0.1173107698559761,0.5681062936782837,0.42746400833129883
YIL131C,YLR369W,0,-5.6835036,0.11728394776582718,0.5681062936782837,0.4275747537612915
YER028C,YGL049C,0,-5.683836,0.11725714057683945,0.5681062936782837,0.4276854991912842
YHR116W,YOL049W,0,-5.683869,0.11723034828901291,0.5681062936782837,0.42779624462127686
YBR004C,YDR135C,0,-5.683949,0.11720356345176697,0.5681062936782837,0.42790699005126953
YIL073C,YDR359C,0,-5.6842523,0.11717679351568222,0.5681062936782837,0.4280177056789398
YHR086W,YLR008C,0,-5.684361,0.11715003103017807,0.5681062936782837,0.4281284511089325
YBL006C,YNL128W,0,-5.684651,0.11712329089641571,0.5681062936782837,0.42823919653892517
YHR013C,YEL066W,1,-5.6846967,0.1173248142004013,0.5692137479782104,0.42823919653892517
YHR163W,YHR014W,0,-5.685035,0.11729803681373596,0.5692137479782104,0.42834994196891785
YMR156C,YCL075W,0,-5.685063,0.11727127432823181,0.5692137479782104,0.4284606873989105
YBR167C,YFL002C,0,-5.68508,0.11724452674388885,0.5692137479782104,0.4285714328289032
YKL055C,YDL098C,0,-5.685225,0.1172177866101265,0.5692137479782104,0.4286821782588959
YMR119W,YLR135W,0,-5.685322,0.11719106137752533,0.5692137479782104,0.42879292368888855
YGR268C,YGL243W,0,-5.685352,0.11716435104608536,0.5692137479782104,0.4289036691188812
YMR204C,YMR298W,0,-5.685366,0.11713764816522598,0.5692137479782104,0.4290143847465515
YML099C,YKR095W,0,-5.685534,0.1171109601855278,0.5692137479782104,0.4291251301765442
YGL066W,YHR090C,1,-5.685942,0.11731207370758057,0.5703211426734924,0.4291251301765442
YBR207W,YAR042W,0,-5.6859846,0.11728535592556,0.5703211426734924,0.42923587560653687
YPL091W,YPR055W,0,-5.6862655,0.11725865304470062,0.5703211426734924,0.42934662103652954
YPL076W,YOR344C,0,-5.686367,0.11723195761442184,0.5703211426734924,0.4294573664665222
YJL060W,YPL029W,0,-5.6864204,0.11720527708530426,0.5703211426734924,0.4295681118965149
YAR002C-A,YLR105C,0,-5.6864495,0.11717861145734787,0.5703211426734924,0.42967885732650757
YLR228C,YKL178C,0,-5.6865764,0.11715195327997208,0.5703211426734924,0.42978960275650024
YNL094W,YDR211W,0,-5.6868253,0.11712531000375748,0.5703211426734924,0.42990031838417053
YKR008W,YPL032C,0,-5.6868305,0.11709868162870407,0.5703211426734924,0.4300110638141632
YOR204W,YNL047C,0,-5.686978,0.11707206070423126,0.5703211426734924,0.4301218092441559
YFL039C,YPL129W,1,-5.6870236,0.11727272719144821,0.5714285969734192,0.4301218092441559
YLR153C,YNL136W,1,-5.6871324,0.117473304271698,0.5725359916687012,0.4301218092441559
YML008C,YER117W,0,-5.6873364,0.11744661629199982,0.5725359916687012,0.43023255467414856
YIL004C,YML015C,0,-5.6875057,0.11741994321346283,0.5725359916687012,0.43034330010414124
YDR205W,YLR066W,0,-5.687814,0.11739327758550644,0.5725359916687012,0.4304540455341339
YPL076W,YFR005C,0,-5.687838,0.11736662685871124,0.5725359916687012,0.4305647909641266
YJR150C,YDR527W,0,-5.6880655,0.11733999103307724,0.5725359916687012,0.43067553639411926
YGR254W,YOL031C,0,-5.688274,0.11731336265802383,0.5725359916687012,0.43078628182411194
YBL017C,YDL235C,0,-5.688347,0.11728674918413162,0.5725359916687012,0.4308969974517822
YPR131C,YPL129W,1,-5.6884704,0.11748696118593216,0.5736433863639832,0.4308969974517822
YNR023W,YHR152W,0,-5.688609,0.11746031790971756,0.5736433863639832,0.4310077428817749
YMR208W,YGR074W,0,-5.688812,0.11743368953466415,0.5736433863639832,0.4311184883117676
YJL006C,YGL151W,0,-5.6889377,0.11740706861019135,0.5736433863639832,0.43122923374176025
YMR113W,YDR170C,0,-5.6890974,0.11738047003746033,0.5736433863639832,0.43133997917175293
YKL005C,YLR060W,0,-5.689485,0.11735387146472931,0.5736433863639832,0.4314507246017456
YPL031C,YJL203W,0,-5.6896787,0.11732729524374008,0.5736433863639832,0.4315614700317383
YFL050C,YJL194W,0,-5.6896873,0.11730072647333145,0.5736433863639832,0.43167221546173096
YBR164C,YDR122W,0,-5.68984,0.11727416515350342,0.5736433863639832,0.43178293108940125
YJL062W,YGR028W,0,-5.68985,0.11724762618541718,0.5736433863639832,0.4318936765193939
YKL073W,YHR001W,0,-5.6899834,0.11722108721733093,0.5736433863639832,0.4320044219493866
YDR411C,YDL212W,0,-5.6901264,0.11719457060098648,0.5736433863639832,0.4321151673793793
YPL228W,YML062C,0,-5.690188,0.11716806143522263,0.5736433863639832,0.43222591280937195
YOR011W,YAL042W,0,-5.6902995,0.11714156717061996,0.5736433863639832,0.4323366582393646
YPR178W,YMR293C,0,-5.690392,0.1171150803565979,0.5736433863639832,0.4324474036693573
YDR091C,YER005W,0,-5.6904764,0.11708860844373703,0.5736433863639832,0.43255814909935
YCL039W,YIR006C,0,-5.6910954,0.11706214398145676,0.5736433863639832,0.43266889452934265
YCR106W,YPL138C,0,-5.691194,0.11703570187091827,0.5736433863639832,0.43277961015701294
YJR150C,YDR329C,0,-5.6913753,0.11700925976037979,0.5736433863639832,0.4328903555870056
YOR380W,YDR460W,0,-5.6914363,0.1169828400015831,0.5736433863639832,0.4330011010169983
YPR023C,YNL326C,1,-5.69152,0.11718221008777618,0.5747508406639099,0.4330011010169983
YJL134W,YDL087C,0,-5.691917,0.11715575307607651,0.5747508406639099,0.43311184644699097
YNL327W,YPL269W,0,-5.6920023,0.11712931841611862,0.5747508406639099,0.43322259187698364
YML008C,YBR103W,0,-5.692289,0.11710289120674133,0.5747508406639099,0.4333333373069763
YPR131C,YMR069W,1,-5.6924176,0.1173020526766777,0.5758582353591919,0.4333333373069763
YGR119C,YBR162C,0,-5.692549,0.11727559566497803,0.5758582353591919,0.433444082736969
YLR220W,YKL043W,0,-5.692758,0.11724915355443954,0.5758582353591919,0.43355482816696167
YDR448W,YIL009W,1,-5.6928506,0.11744815111160278,0.5769656896591187,0.43355482816696167
YLR153C,YJL081C,1,-5.69295,0.11764705926179886,0.5780730843544006,0.43355482816696167
YDR379W,YKL070W,0,-5.6930947,0.117620550096035,0.5780730843544006,0.43366557359695435
YDR448W,YPL001W,1,-5.6931024,0.11781933158636093,0.5791805386543274,0.43366557359695435
YLR078C,YML092C,0,-5.693373,0.11779279261827469,0.5791805386543274,0.43377628922462463
YLR332W,YHR079C-A,0,-5.6934247,0.11776626855134964,0.5791805386543274,0.4338870346546173
YAL034W-A,YOL010W,0,-5.6935935,0.11773975938558578,0.5791805386543274,0.43399778008461
YGR118W,YIL030C,0,-5.693627,0.11771325767040253,0.5791805386543274,0.43410852551460266
YGL068W,YOR367W,0,-5.693628,0.11768677085638046,0.5791805386543274,0.43421927094459534
YOR354C,YMR218C,0,-5.693702,0.117660291492939,0.5791805386543274,0.434330016374588
YBR059C,YMR183C,0,-5.69371,0.11763382703065872,0.5791805386543274,0.4344407618045807
YPR199C,YIL129C,0,-5.6937213,0.11760737746953964,0.5791805386543274,0.43455150723457336
YJL178C,YEL062W,0,-5.6940207,0.11758093535900116,0.5791805386543274,0.43466222286224365
YAL026C,YLR056W,0,-5.6941533,0.11755450814962387,0.5791805386543274,0.43477296829223633
YKR027W,YER142C,0,-5.6942267,0.11752808839082718,0.5791805386543274,0.434883713722229
YOL123W,YJL100W,0,-5.694239,0.11750168353319168,0.5791805386543274,0.4349944591522217
YOL133W,YKL012W,0,-5.694239,0.11747529357671738,0.5791805386543274,0.43510520458221436
YDR191W,YMR088C,0,-5.694284,0.11744891107082367,0.5791805386543274,0.43521595001220703
YOR079C,YJL148W,0,-5.6943364,0.11742254346609116,0.5791805386543274,0.4353266954421997
YHR067W,YOL020W,0,-5.6944127,0.11739618331193924,0.5791805386543274,0.4354374408721924
YPR154W,YGL212W,0,-5.6946282,0.11736983805894852,0.5791805386543274,0.43554818630218506
YKL009W,YBR090C-A,0,-5.69473,0.11734350770711899,0.5791805386543274,0.43565890192985535
YNL039W,YGL033W,0,-5.6949396,0.11731718480587006,0.5791805386543274,0.435769647359848
YOR320C,YMR053C,0,-5.6949663,0.11729086935520172,0.5791805386543274,0.4358803927898407
YOL026C,YIL129C,0,-5.6950827,0.11726457625627518,0.5791805386543274,0.4359911382198334
YDR309C,YDR195W,0,-5.6951847,0.11723829060792923,0.5791805386543274,0.43610188364982605
YLR438C-A,YPL157W,0,-5.695205,0.11721201241016388,0.5791805386543274,0.4362126290798187
YDL126C,YDR407C,0,-5.6952176,0.11718574911355972,0.5791805386543274,0.4363233745098114
YLR318W,YOL102C,0,-5.695228,0.11715950071811676,0.5791805386543274,0.4364341199398041
YLR353W,YNL153C,0,-5.6952677,0.1171332597732544,0.5791805386543274,0.43654486536979675
YHR062C,YCR073C,0,-5.6953025,0.11710703372955322,0.5791805386543274,0.43665558099746704
YGL119W,YPR052C,0,-5.69574,0.11708081513643265,0.5791805386543274,0.4367663264274597
YCL039W,YCL062W,0,-5.695968,0.11705461144447327,0.5791805386543274,0.4368770718574524
YJL115W,YOR064C,1,-5.6959815,0.1172521784901619,0.5802879333496094,0.4368770718574524
YIL044C,YLR216C,0,-5.696013,0.11722595244646072,0.5802879333496094,0.43698781728744507
YIL014W,YDR356W,0,-5.6960845,0.11719973385334015,0.5802879333496094,0.43709856271743774
YOR099W,YOR254C,0,-5.696136,0.11717352271080017,0.5802879333496094,0.4372093081474304
YKL086W,YML014W,0,-5.6963983,0.11714732646942139,0.5802879333496094,0.4373200535774231
YBL018C,YBL033C,0,-5.6964526,0.1171211451292038,0.5802879333496094,0.43743079900741577
YDR151C,YBR093C,0,-5.6964545,0.1170949712395668,0.5802879333496094,0.43754151463508606
YBR177C,YNL047C,0,-5.696504,0.117068812251091,0.5802879333496094,0.43765226006507874
YNL041C,YOR344C,0,-5.696841,0.1170426607131958,0.5802879333496094,0.4377630054950714
YIL106W,YGR047C,0,-5.697021,0.11701652407646179,0.5802879333496094,0.4378737509250641
YKR038C,YBL093C,0,-5.6970296,0.11699040234088898,0.5802879333496094,0.43798449635505676
YDR168W,YGR030C,0,-5.6970553,0.11696428805589676,0.5802879333496094,0.43809524178504944
YLR176C,YAL009W,0,-5.697082,0.11693818122148514,0.5802879333496094,0.4382059872150421
YPR131C,YOL148C,1,-5.6971183,0.11713520437479019,0.5813953280448914,0.4382059872150421
YKL059C,YGR296W,0,-5.6972127,0.11710907518863678,0.5813953280448914,0.4383167326450348
YFR013W,YGR280C,0,-5.697535,0.11708296090364456,0.5813953280448914,0.43842747807502747
YJL053W,YML005W,0,-5.697672,0.11705685406923294,0.5813953280448914,0.43853819370269775
YNL326C,YOL148C,1,-5.697869,0.11725367605686188,0.5825027823448181,0.43853819370269775
YOR034C,YLL002W,1,-5.69795,0.11745040863752365,0.5836101770401001,0.43853819370269775
YOR142W,YOR329C,0,-5.69828,0.11742424219846725,0.5836101770401001,0.43864893913269043
YNL101W,YDR205W,0,-5.6982803,0.11739808320999146,0.5836101770401001,0.4387596845626831
YNL271C,YIR018W,0,-5.698335,0.11737193912267685,0.5836101770401001,0.4388704299926758
YJL170C,YFL011W-A,0,-5.6983905,0.11734580248594284,0.5836101770401001,0.43898117542266846
YJL010C,YDR013W,0,-5.6984506,0.11731968075037003,0.5836101770401001,0.43909192085266113
YKL074C,YNL282W,0,-5.698787,0.11729356646537781,0.5836101770401001,0.4392026662826538
YBR272C,YNL149C,0,-5.6988034,0.11726746708154678,0.5836101770401001,0.4393134117126465
YGR057C,YOR130C,0,-5.6988297,0.11724138259887695,0.5836101770401001,0.4394241273403168
YGR003W,YDR096W,0,-5.698879,0.11721530556678772,0.5836101770401001,0.43953487277030945
YKL032C,YGR214W,0,-5.69945,0.11718923598527908,0.5836101770401001,0.4396456182003021
YER015W,YMR236W,1,-5.7002254,0.11738550662994385,0.5847176313400269,0.4396456182003021
YDR046C,YLR105C,0,-5.700307,0.11735941469669342,0.5847176313400269,0.4397563636302948
YMR138W,YER169W,0,-5.7005267,0.11733333021402359,0.5847176313400269,0.4398671090602875
YEL061C,YOL061W,0,-5.7005496,0.11730726808309555,0.5847176313400269,0.43997785449028015
YIL051C,YKL086W,0,-5.7006154,0.11728120595216751,0.5847176313400269,0.4400885999202728
YNL219C,YEL051W,0,-5.700687,0.11725516617298126,0.5847176313400269,0.4401993453502655
YPL129W,YMR236W,1,-5.7014027,0.11745115369558334,0.5858250260353088,0.4401993453502655
YGL018C,YDR131C,0,-5.70155,0.11742508411407471,0.5858250260353088,0.4403100907802582
YJL024C,YKR057W,0,-5.7016907,0.11739902198314667,0.5858250260353088,0.44042080640792847
YPL100W,YMR005W,0,-5.7019277,0.11737297475337982,0.5858250260353088,0.44053155183792114
YDL098C,YCL075W,0,-5.702044,0.11734694242477417,0.5858250260353088,0.4406422972679138
YER073W,YBR050C,0,-5.702059,0.11732091009616852,0.5858250260353088,0.4407530426979065
YNL009W,YGR059W,0,-5.702135,0.11729490011930466,0.5858250260353088,0.44086378812789917
YER117W,YLR292C,0,-5.70219,0.11726889759302139,0.5858250260353088,0.44097453355789185
YLR309C,YDR460W,0,-5.702439,0.11724290996789932,0.5858250260353088,0.4410852789878845
YDR281C,YNL098C,0,-5.702492,0.11721692979335785,0.5858250260353088,0.4411960244178772
YDL175C,YBR068C,0,-5.702678,0.11719096451997757,0.5858250260353088,0.4413067698478699
YNL329C,YDL042C,0,-5.702919,0.11716500669717789,0.5858250260353088,0.44141748547554016
YOL108C,YGR078C,0,-5.70293,0.1171390637755394,0.5858250260353088,0.44152823090553284
YPR030W,YER007W,0,-5.703034,0.1171131283044815,0.5858250260353088,0.4416389763355255
YLR153C,YGR147C,1,-5.7033114,0.11730854213237762,0.5869324207305908,0.4416389763355255
YLR377C,YML005W,0,-5.7036486,0.11728258430957794,0.5869324207305908,0.4417497217655182
YLR107W,YNL126W,0,-5.70375,0.11725663393735886,0.5869324207305908,0.44186046719551086
YGL061C,YOL156W,0,-5.703867,0.11723069846630096,0.5869324207305908,0.44197121262550354
YGL062W,YOR290C,0,-5.7038884,0.11720477789640427,0.5869324207305908,0.4420819580554962
YDL138W,YNL154C,0,-5.7043247,0.11717886477708817,0.5869324207305908,0.4421927034854889
YLR380W,YOL051W,0,-5.704657,0.11715295910835266,0.5869324207305908,0.4423034191131592
YGL172W,YHR001W-A,0,-5.7046695,0.11712706834077835,0.5869324207305908,0.44241416454315186
YBR024W,YPL180W,0,-5.7047634,0.11710119247436523,0.5869324207305908,0.44252490997314453
YGR244C,YLR067C,0,-5.7048316,0.11707532405853271,0.5869324207305908,0.4426356554031372
YPR182W,YPL253C,0,-5.7048545,0.11704947054386139,0.5869324207305908,0.4427464008331299
YGL068W,YNL207W,0,-5.7048683,0.11702362447977066,0.5869324207305908,0.44285714626312256
YFL021W,YML097C,0,-5.704906,0.11699779331684113,0.5869324207305908,0.44296789169311523
YIL072W,YBL058W,0,-5.704906,0.11697196960449219,0.5869324207305908,0.4430786371231079
YDL195W,YLR003C,0,-5.70524,0.11694616079330444,0.5869324207305908,0.4431893825531006
YHL040C,YIL022W,0,-5.7054467,0.1169203594326973,0.5869324207305908,0.4433000981807709
YDR331W,YOR035C,0,-5.7055836,0.11689457297325134,0.5869324207305908,0.44341084361076355
YBR237W,YMR235C,0,-5.705659,0.11686880141496658,0.5869324207305908,0.4435215890407562
YDL088C,YDR365C,0,-5.7057147,0.11684302985668182,0.5869324207305908,0.4436323344707489
YMR029C,YFR033C,0,-5.7057457,0.11681728065013885,0.5869324207305908,0.4437430799007416
YER164W,YIL030C,0,-5.705905,0.11679153889417648,0.5869324207305908,0.44385382533073425
YMR201C,YDR515W,0,-5.7059274,0.11676580458879471,0.5869324207305908,0.44396457076072693
YJL125C,YKL176C,0,-5.705996,0.11674008518457413,0.5869324207305908,0.4440753161907196
YBR002C,YHL009C,0,-5.706233,0.11671438068151474,0.5869324207305908,0.4441860318183899
YPL001W,YMR236W,1,-5.7062364,0.11690884828567505,0.5880398750305176,0.4441860318183899
YJR135W-A,YGL212W,0,-5.706386,0.11688311398029327,0.5880398750305176,0.44429677724838257
YLR242C,YPR183W,0,-5.706708,0.11685739457607269,0.5880398750305176,0.44440752267837524
YLR079W,YLR467W,0,-5.7069902,0.11683168262243271,0.5880398750305176,0.4445182681083679
YFR021W,YBR205W,0,-5.7070327,0.11680598556995392,0.5880398750305176,0.4446290135383606
YAL053W,YDL148C,0,-5.7070827,0.11678029596805573,0.5880398750305176,0.44473975896835327
YKL060C,YIL066C,0,-5.7071137,0.11675461381673813,0.5880398750305176,0.44485050439834595
YOR319W,YGR074W,0,-5.707352,0.11672895401716232,0.5880398750305176,0.4449612498283386
YIL132C,YBR130C,0,-5.7075734,0.11670329421758652,0.5880398750305176,0.4450719952583313
YNL059C,YKL058W,0,-5.707626,0.1166776567697525,0.5880398750305176,0.4451827108860016
YBL019W,YOL001W,0,-5.7077174,0.11665201932191849,0.5880398750305176,0.44529345631599426
YML086C,YLR377C,0,-5.707792,0.11662639677524567,0.5880398750305176,0.44540420174598694
YDR418W,YNL131W,0,-5.7078958,0.11660078912973404,0.5880398750305176,0.4455149471759796
YGR155W,YDR096W,0,-5.7079477,0.11657518893480301,0.5880398750305176,0.4456256926059723
YPL119C,YML039W,0,-5.708252,0.11654960364103317,0.5880398750305176,0.44573643803596497
YOR211C,YER169W,0,-5.7082744,0.11652402579784393,0.5880398750305176,0.44584718346595764
YPL100W,YNL330C,0,-5.7083554,0.11649846285581589,0.5880398750305176,0.4459579288959503
YGL210W-A,YLR425W,0,-5.708652,0.11647290736436844,0.5880398750305176,0.446068674325943
YDR153C,YPR052C,0,-5.7087607,0.11644736677408218,0.5880398750305176,0.4461793899536133
YEL066W,YCL010C,1,-5.708833,0.1166410893201828,0.5891472697257996,0.4461793899536133
YCR094W,YMR149W,0,-5.708854,0.11661551892757416,0.5891472697257996,0.44629013538360596
YIL120W,YIL075C,0,-5.708921,0.11658996343612671,0.5891472697257996,0.44640088081359863
YGL167C,YNL312W,0,-5.7089353,0.11656441539525986,0.5891472697257996,0.4465116262435913
YFL011W-A,YPR086W,0,-5.7090287,0.1165388822555542,0.5891472697257996,0.446622371673584
YKL203C,YBR030W,0,-5.7091136,0.11651335656642914,0.5891472697257996,0.44673311710357666
YHR061C,YPL237W,0,-5.7094703,0.11648784577846527,0.5891472697257996,0.44684386253356934
YCR088W,YIL080W,0,-5.709523,0.1164623498916626,0.5891472697257996,0.446954607963562
YLR332W,YMR231W,0,-5.7096066,0.11643685400485992,0.5891472697257996,0.4470653235912323
YGR157W,YOR351C,0,-5.709618,0.11641138046979904,0.5891472697257996,0.447176069021225
YPL174C,YPR154W,0,-5.7096596,0.11638591438531876,0.5891472697257996,0.44728681445121765
YPR155C,YKL134C,0,-5.709744,0.11636045575141907,0.5891472697257996,0.4473975598812103
YJL099W,YPL130W,0,-5.7098384,0.11633501201868057,0.5891472697257996,0.447508305311203
YJR025C,YKL053C-A,0,-5.70993,0.11630957573652267,0.5891472697257996,0.4476190507411957
YDR477W,YBR293W,0,-5.7099895,0.11628415435552597,0.5891472697257996,0.44772979617118835
YGR180C,YGR033C,0,-5.7100477,0.11625874042510986,0.5891472697257996,0.44784054160118103
YLR133W,YKL095W,0,-5.7102923,0.11623334139585495,0.5891472697257996,0.4479512870311737
YLR067C,YNL064C,0,-5.7104726,0.11620794981718063,0.5891472697257996,0.448062002658844
YMR069W,YLL002W,1,-5.7106953,0.11640096455812454,0.5902547240257263,0.448062002658844
YGR186W,YDR486C,0,-5.7108693,0.11637554317712784,0.5902547240257263,0.44817274808883667
YER106W,YBR165W,0,-5.7109866,0.11635014414787292,0.5902547240257263,0.44828349351882935
YOR030W,YBR012W-B,0,-5.711078,0.11632475256919861,0.5902547240257263,0.448394238948822
YDR317W,YDL077C,0,-5.711081,0.11629936844110489,0.5902547240257263,0.4485049843788147
YOR267C,YLR328W,0,-5.7113986,0.11627399921417236,0.5902547240257263,0.4486157298088074
YKL165C,YCL069W,0,-5.7114177,0.11624863743782043,0.5902547240257263,0.44872647523880005
YGL210W-A,YJL093C,0,-5.7114697,0.1162232905626297,0.5902547240257263,0.4488372206687927
YNL270C,YFL003C,0,-5.711997,0.11619795113801956,0.5902547240257263,0.4489479660987854
YIL073C,YBR169C,0,-5.7121773,0.11617262661457062,0.5902547240257263,0.4490586817264557
YER020W,YER005W,0,-5.7124596,0.11614730954170227,0.5902547240257263,0.44916942715644836
YER013W,YKL019W,0,-5.7126946,0.11612200736999512,0.5902547240257263,0.44928017258644104
YLL022C,YHR099W,1,-5.712699,0.11631453037261963,0.5913621187210083,0.44928017258644104
YOR377W,YBL047C,0,-5.7127824,0.11628919839859009,0.5913621187210083,0.4493909180164337
YPR033C,YGR121C,0,-5.712898,0.11626388132572174,0.5913621187210083,0.4495016634464264
YPL265W,YLR447C,0,-5.7129197,0.11623857170343399,0.5913621187210083,0.44961240887641907
YBR049C,YOL113W,0,-5.712998,0.11621327698230743,0.5913621187210083,0.44972315430641174
YPL140C,YIL147C,0,-5.7132416,0.11618798971176147,0.5913621187210083,0.4498338997364044
YLR397C,YMR298W,0,-5.7133684,0.11616271734237671,0.5913621187210083,0.4499446153640747
YMR070W,YDL083C,0,-5.7133765,0.11613745242357254,0.5913621187210083,0.4500553607940674
YLR295C,YGR036C,0,-5.713416,0.11611219495534897,0.5913621187210083,0.45016610622406006
YIL038C,YNL131W,0,-5.7136064,0.11608695983886719,0.5913621187210083,0.45027685165405273
YPL101W,YDR028C,0,-5.713681,0.1160617247223854,0.5913621187210083,0.4503875970840454
YHR001W-A,YGR122W,0,-5.713685,0.11603650450706482,0.5913621187210083,0.4504983425140381
YNL329C,YCR106W,0,-5.713808,0.11601129919290543,0.5913621187210083,0.45060908794403076
YKL016C,YOR148C,0,-5.7138767,0.11598610132932663,0.5913621187210083,0.45071983337402344
YGR123C,YIL144W,0,-5.7142577,0.11596091091632843,0.5913621187210083,0.4508305788040161
YKR027W,YBL084C,0,-5.7143683,0.11593573540449142,0.5913621187210083,0.4509412944316864
YIR002C,YCL063W,0,-5.714502,0.11591056734323502,0.5913621187210083,0.4510520398616791
YBR132C,YNL298W,0,-5.714691,0.1158854141831398,0.5913621187210083,0.45116278529167175
YDR448W,YLR195C,1,-5.714724,0.1160772368311882,0.5924695730209351,0.45116278529167175
YMR119W,YDR435C,0,-5.7147746,0.1160520613193512,0.5924695730209351,0.45127353072166443
YLR319C,YAL010C,0,-5.7148013,0.11602689325809479,0.5924695730209351,0.4513842761516571
YEL061C,YDR464W,0,-5.714947,0.11600173264741898,0.5924695730209351,0.4514950215816498
YOL115W,YKR062W,0,-5.7150183,0.11597658693790436,0.5924695730209351,0.45160576701164246
YIL070C,YMR091C,0,-5.715088,0.11595144867897034,0.5924695730209351,0.45171651244163513
YDR122W,YIL077C,0,-5.715119,0.11592632532119751,0.5924695730209351,0.4518272280693054
YBR065C,YNL304W,0,-5.7152934,0.11590121686458588,0.5924695730209351,0.4519379734992981
YMR033W,YIL042C,0,-5.715834,0.11587610840797424,0.5924695730209351,0.45204871892929077
YOL078W,YIL014W,0,-5.7158413,0.1158510148525238,0.5924695730209351,0.45215946435928345
YCL051W,YOR140W,0,-5.7160606,0.11582593619823456,0.5924695730209351,0.4522702097892761
YOL088C,YKL194C,0,-5.71619,0.11580086499452591,0.5924695730209351,0.4523809552192688
YKL085W,YBR129C,0,-5.7161913,0.11577580869197845,0.5924695730209351,0.4524917006492615
YOL147C,YHR163W,0,-5.716304,0.1157507598400116,0.5924695730209351,0.45260244607925415
YBR093C,YML049C,0,-5.716313,0.11572571843862534,0.5924695730209351,0.4527131915092468
YPL140C,YBL022C,0,-5.7164736,0.11570069193840027,0.5924695730209351,0.4528239071369171
YLR310C,YDR439W,0,-5.716583,0.1156756728887558,0.5924695730209351,0.4529346525669098
YJL065C,YHR008C,0,-5.716659,0.11565066874027252,0.5924695730209351,0.45304539799690247
YDR358W,YNL229C,0,-5.7168756,0.11562567204236984,0.5924695730209351,0.45315614342689514
YKR055W,YNL309W,0,-5.71722,0.11560069024562836,0.5924695730209351,0.4532668888568878
YAL001C,YKL034W,0,-5.71726,0.11557571589946747,0.5924695730209351,0.4533776342868805
YCR028C,YOR129C,0,-5.7174087,0.11555075645446777,0.5924695730209351,0.45348837971687317
YKL005C,YJL010C,0,-5.717489,0.11552580446004868,0.5924695730209351,0.45359912514686584
YER178W,YDR265W,0,-5.717712,0.11550085991621017,0.5924695730209351,0.4537098705768585
YDR251W,YFL045C,0,-5.7177577,0.11547593027353287,0.5924695730209351,0.4538205862045288
YPR068C,YJR010C-A,0,-5.7180114,0.11545101553201675,0.5924695730209351,0.4539313316345215
YOL045W,YAL005C,0,-5.718119,0.11542610824108124,0.5924695730209351,0.45404207706451416
YBR009C,YGL033W,0,-5.7183857,0.11540120840072632,0.5924695730209351,0.45415282249450684
YDL069C,YDR309C,0,-5.7184076,0.11537632346153259,0.5924695730209351,0.4542635679244995
YMR266W,YMR175W,0,-5.7185564,0.11535144597291946,0.5924695730209351,0.4543743133544922
YAR008W,YNL012W,0,-5.7186947,0.11532657593488693,0.5924695730209351,0.45448505878448486
YOR304W,YJL139C,0,-5.7187414,0.1153017207980156,0.5924695730209351,0.45459580421447754
YJR022W,YML015C,0,-5.7188706,0.11527688056230545,0.5924695730209351,0.4547065198421478
YGL100W,YMR005W,0,-5.7191396,0.1152520477771759,0.5924695730209351,0.4548172652721405
YBR221C,YGR214W,0,-5.7191806,0.11522722244262695,0.5924695730209351,0.4549280107021332
YGL071W,YOR001W,0,-5.719271,0.1152024120092392,0.5924695730209351,0.45503875613212585
YLR135W,YEL026W,0,-5.7193794,0.11517760902643204,0.5924695730209351,0.45514950156211853
YKL190W,YOL061W,0,-5.7194552,0.11515282094478607,0.5924695730209351,0.4552602469921112
YMR240C,YHR118C,0,-5.719482,0.1151280403137207,0.5924695730209351,0.4553709924221039
YEL003W,YAL005C,0,-5.7197495,0.11510326713323593,0.5924695730209351,0.45548173785209656
YGR268C,YER087C-A,0,-5.719753,0.11507850885391235,0.5924695730209351,0.45559248328208923
YNL239W,YGL209W,0,-5.719807,0.11505376547574997,0.5924695730209351,0.4557031989097595
YPR128C,YJL183W,0,-5.719966,0.11502902954816818,0.5924695730209351,0.4558139443397522
YOR094W,YOR180C,0,-5.720453,0.11500430107116699,0.5924695730209351,0.4559246897697449
YNL023C,YMR283C,0,-5.720574,0.1149795800447464,0.5924695730209351,0.45603543519973755
YJL115W,YDR145W,1,-5.7206154,0.11516974866390228,0.593576967716217,0.45603543519973755
YNL008C,YBR177C,0,-5.7206464,0.1151450052857399,0.593576967716217,0.4561461806297302
YLR133W,YNL026W,0,-5.7208495,0.11512027680873871,0.593576967716217,0.4562569260597229
YAL013W,YFR019W,0,-5.7209773,0.11509555578231812,0.593576967716217,0.4563676714897156
YJL183W,YGR013W,0,-5.721514,0.11507084220647812,0.593576967716217,0.45647841691970825
YHL019C,YDL029W,0,-5.721527,0.11504614353179932,0.593576967716217,0.45658913254737854
YGL021W,YLR020C,0,-5.721622,0.11502145975828171,0.593576967716217,0.4566998779773712
YGL063W,YNL243W,0,-5.721692,0.1149967834353447,0.593576967716217,0.4568106234073639
YBR023C,YGL070C,0,-5.721795,0.11497211456298828,0.593576967716217,0.45692136883735657
YJL115W,YGL066W,1,-5.7220335,0.11516191065311432,0.594684362411499,0.45692136883735657
YMR137C,YLR455W,0,-5.722307,0.11513721942901611,0.594684362411499,0.45703211426734924
YHR050W,YKL122C,0,-5.7223916,0.1151125431060791,0.594684362411499,0.4571428596973419
YJL170C,YPL167C,0,-5.7225595,0.11508786678314209,0.594684362411499,0.4572536051273346
YMR014W,YDR135C,0,-5.722667,0.11506321281194687,0.594684362411499,0.45736435055732727
YGR166W,YMR182C,0,-5.7228103,0.11503855884075165,0.594684362411499,0.45747509598731995
YDR448W,YMR246W,1,-5.722895,0.11522810161113739,0.5957918167114258,0.45747509598731995
YJL194W,YGR054W,0,-5.7230306,0.11520342528820038,0.5957918167114258,0.45758581161499023
YDR195W,YDL229W,0,-5.723064,0.11517876386642456,0.5957918167114258,0.4576965570449829
YJL003W,YAL053W,0,-5.7232733,0.11515410989522934,0.5957918167114258,0.4578073024749756
YNL099C,YBL100W-B,0,-5.723483,0.11512947082519531,0.5957918167114258,0.45791804790496826
YGL027C,YDR153C,0,-5.72405,0.11510483175516129,0.5957918167114258,0.45802879333496094
YGL071W,YNL339C,0,-5.724418,0.11508021503686905,0.5957918167114258,0.4581395387649536
YLR106C,YDR289C,0,-5.7244287,0.11505560576915741,0.5957918167114258,0.4582502841949463
YBL026W,YDR372C,0,-5.724463,0.11503100395202637,0.5957918167114258,0.45836102962493896
YCL054W,YML040W,0,-5.7246423,0.11500640958547592,0.5957918167114258,0.45847177505493164
YDL181W,YDR081C,0,-5.7248163,0.11498183012008667,0.5957918167114258,0.45858249068260193
YDL099W,YIR013C,0,-5.725014,0.11495726555585861,0.5957918167114258,0.4586932361125946
YKL017C,YML027W,0,-5.725118,0.11493270844221115,0.5957918167114258,0.4588039815425873
YGR159C,YBR097W,0,-5.725131,0.11490815877914429,0.5957918167114258,0.45891472697257996
YGL190C,YDR489W,0,-5.7252307,0.11488362401723862,0.5957918167114258,0.45902547240257263
YOL148C,YHR090C,1,-5.725291,0.1150725856423378,0.5968992114067078,0.45902547240257263
YJL170C,YDL042C,0,-5.7253566,0.11504802852869034,0.5968992114067078,0.4591362178325653
YGR006W,YKL080W,0,-5.72543,0.11502347141504288,0.5968992114067078,0.459246963262558
YJR065C,YGL207W,0,-5.7254615,0.11499893665313721,0.5968992114067078,0.45935770869255066
YKL008C,YNL299W,0,-5.7254815,0.11497440189123154,0.5968992114067078,0.45946842432022095
YNL327W,YBR162C,0,-5.725801,0.11494988203048706,0.5968992114067078,0.4595791697502136
YDL227C,YPR006C,0,-5.725874,0.11492536962032318,0.5968992114067078,0.4596899151802063
YHR084W,YER123W,0,-5.726319,0.1149008721113205,0.5968992114067078,0.459800660610199
YMR069W,YOL110W,1,-5.726382,0.11508951336145401,0.5980066657066345,0.459800660610199
YJL184W,YGL068W,0,-5.726425,0.11506499350070953,0.5980066657066345,0.45991140604019165
YDL074C,YHR163W,0,-5.726522,0.11504047363996506,0.5980066657066345,0.4600221514701843
YMR076C,YOL142W,0,-5.7267146,0.11501597613096237,0.5980066657066345,0.460132896900177
YDR195W,YJR086W,0,-5.726744,0.11499147862195969,0.5980066657066345,0.4602436423301697
YBR040W,YDR416W,0,-5.7268786,0.11496700346469879,0.5980066657066345,0.46035438776016235
YIL004C,YMR036C,0,-5.7270513,0.1149425283074379,0.5980066657066345,0.46046510338783264
YOL010W,YDR207C,0,-5.727136,0.1149180680513382,0.5980066657066345,0.4605758488178253
YCR093W,YOL093W,0,-5.72717,0.11489361524581909,0.5980066657066345,0.460686594247818
YDR227W,YIL031W,0,-5.727265,0.11486917734146118,0.5980066657066345,0.46079733967781067
YOR085W,YLR301W,0,-5.727654,0.11484474688768387,0.5980066657066345,0.46090808510780334
YJR093C,YDL120W,0,-5.727905,0.11482032388448715,0.5980066657066345,0.461018830537796
YDR202C,YOR027W,0,-5.728,0.11479591578245163,0.5980066657066345,0.4611295759677887
YPL161C,YOL064C,0,-5.728006,0.1147715225815773,0.5980066657066345,0.46124032139778137
YMR109W,YOR075W,0,-5.7282443,0.11474712938070297,0.5980066657066345,0.46135106682777405
YNL094W,YMR270C,0,-5.728286,0.11472275108098984,0.5980066657066345,0.46146178245544434
YDL040C,YMR236W,1,-5.7285,0.114910788834095,0.5991140604019165,0.46146178245544434
YKR003W,YJR027W,0,-5.7287183,0.11488638818264008,0.5991140604019165,0.461572527885437
YNL136W,YLL002W,1,-5.7289357,0.11507430672645569,0.6002214550971985,0.461572527885437
YJR057W,YBR168W,0,-5.729611,0.11504988372325897,0.6002214550971985,0.4616832733154297
YKL182W,YDR320C,0,-5.730171,0.11502546817064285,0.6002214550971985,0.46179401874542236
YOL130W,YHR015W,0,-5.730304,0.11500106006860733,0.6002214550971985,0.46190476417541504
YBR038W,YFR033C,0,-5.730332,0.114976666867733,0.6002214550971985,0.4620155096054077
YPL262W,YML088W,0,-5.7303705,0.11495228111743927,0.6002214550971985,0.4621262550354004
YEL061C,YMR175W,0,-5.7305827,0.11492790281772614,0.6002214550971985,0.46223700046539307
YLR170C,YPL177C,0,-5.7307715,0.1149035394191742,0.6002214550971985,0.46234771609306335
YIL009W,YGR147C,1,-5.7308173,0.11509113758802414,0.6013289093971252,0.46234771609306335
YGR155W,YDR251W,0,-5.7309113,0.11506675183773041,0.6013289093971252,0.46245846152305603
YHR181W,YGR270W,0,-5.7309303,0.11504237353801727,0.6013289093971252,0.4625692069530487
YMR208W,YOR274W,0,-5.7310343,0.11501800268888474,0.6013289093971252,0.4626799523830414
YFL034C-B,YGR281W,0,-5.7312474,0.11499364674091339,0.6013289093971252,0.46279069781303406
YAL054C,YMR069W,1,-5.731536,0.11518102884292603,0.6024363040924072,0.46279069781303406
YNL136W,YHR090C,1,-5.731605,0.1153683289885521,0.603543758392334,0.46279069781303406
YCR038C,YKL101W,0,-5.731643,0.11534391343593597,0.603543758392334,0.46290144324302673
YOR147W,YKR056W,0,-5.732112,0.11531951278448105,0.603543758392334,0.4630121886730194
YPL200W,YGL207W,0,-5.732121,0.11529511213302612,0.603543758392334,0.4631229341030121
YJR025C,YCL003W,0,-5.732525,0.11527072638273239,0.603543758392334,0.46323367953300476
YKL191W,YIL106W,0,-5.732676,0.11524635553359985,0.603543758392334,0.46334439516067505
YOL108C,YBR273C,0,-5.7328157,0.11522198468446732,0.603543758392334,0.4634551405906677
YHR167W,YGR090W,0,-5.732885,0.11519763618707657,0.603543758392334,0.4635658860206604
YNL074C,YOR194C,0,-5.7329216,0.11517328768968582,0.603543758392334,0.4636766314506531
YDL149W,YGL136C,0,-5.73317,0.11514895409345627,0.603543758392334,0.46378737688064575
YJL010C,YOR084W,0,-5.733171,0.11512462794780731,0.603543758392334,0.4638981223106384
YDL040C,YOL110W,1,-5.7331824,0.11531151086091995,0.604651153087616,0.4638981223106384
YAL054C,YHR090C,1,-5.733215,0.11549831181764603,0.6057586073875427,0.4638981223106384
YIL009W,YDR459C,1,-5.73325,0.11568503081798553,0.6068660020828247,0.4638981223106384
YNR010W,YBR254C,0,-5.733388,0.11566061526536942,0.6068660020828247,0.4640088677406311
YLR380W,YIL129C,0,-5.7334228,0.11563620716333389,0.6068660020828247,0.4641196131706238
YOL148C,YMR236W,1,-5.733538,0.11582278460264206,0.6079733967781067,0.4641196131706238
YFL050C,YML047C,0,-5.7335944,0.11579835414886475,0.6079733967781067,0.46423032879829407
YAL031C,YJR102C,0,-5.7336335,0.11577393859624863,0.6079733967781067,0.46434107422828674
YIL017W,YML097C,0,-5.733739,0.11574952304363251,0.6079733967781067,0.4644518196582794
YIL009W,YPL129W,1,-5.7339606,0.11593592166900635,0.6090808510780334,0.4644518196582794
YOR367W,YKR031C,0,-5.7339673,0.11591148376464844,0.6090808510780334,0.4645625650882721
YPL188W,YHR026W,0,-5.734014,0.11588706076145172,0.6090808510780334,0.46467331051826477
YIL070C,YGL063W,0,-5.734119,0.1158626526594162,0.6090808510780334,0.46478405594825745
YJL115W,YLL002W,1,-5.734305,0.11604886502027512,0.6101882457733154,0.46478405594825745
YBR129C,YPR173C,0,-5.734532,0.1160244271159172,0.6101882457733154,0.4648948013782501
YLR114C,YDR103W,0,-5.734622,0.11599999666213989,0.6101882457733154,0.4650055468082428
YNL192W,YKL025C,0,-5.7347374,0.11597558110952377,0.6101882457733154,0.4651162922382355
YHL006C,YOL020W,0,-5.734763,0.11595118045806885,0.6101882457733154,0.46522700786590576
YMR069W,YLR195C,1,-5.7350917,0.11613717675209045,0.6112957000732422,0.46522700786590576
YMR236W,YOR064C,1,-5.7351556,0.11632309854030609,0.6124030947685242,0.46522700786590576
YGL194C,YJR119C,0,-5.7352138,0.1162986308336258,0.6124030947685242,0.46533775329589844
YDR106W,YGL111W,0,-5.735867,0.11627417802810669,0.6124030947685242,0.4654484987258911
YMR012W,YGL049C,0,-5.735891,0.11624974012374878,0.6124030947685242,0.4655592441558838
YPR007C,YLR010C,0,-5.7360997,0.11622530221939087,0.6124030947685242,0.46566998958587646
YJL204C,YMR149W,0,-5.736167,0.11620087921619415,0.6124030947685242,0.46578073501586914
YJR070C,YPL140C,0,-5.7363067,0.11617647111415863,0.6124030947685242,0.4658914804458618
YGL005C,YLR026C,0,-5.736528,0.1161520704627037,0.6124030947685242,0.4660022258758545
YJL090C,YKL203C,0,-5.737028,0.11612767726182938,0.6124030947685242,0.46611297130584717
YOL143C,YDR330W,0,-5.7370515,0.11610329896211624,0.6124030947685242,0.46622368693351746
YMR288W,YAL002W,0,-5.7372446,0.1160789281129837,0.6124030947685242,0.46633443236351013
YIL010W,YCL004W,0,-5.7374115,0.11605456471443176,0.6124030947685242,0.4664451777935028
YBL025W,YBR223C,0,-5.737592,0.11603021621704102,0.6124030947685242,0.4665559232234955
YOR346W,YDL212W,0,-5.737942,0.11600587517023087,0.6124030947685242,0.46666666865348816
YPR019W,YBR155W,0,-5.737976,0.11598154157400131,0.6124030947685242,0.46677741408348083
YNR035C,YCR027C,0,-5.738029,0.11595722287893295,0.6124030947685242,0.4668881595134735
YOL009C,YOR003W,0,-5.7380795,0.11593291163444519,0.6124030947685242,0.4669989049434662
YEL063C,YGL163C,0,-5.738136,0.11590861529111862,0.6124030947685242,0.4671096205711365
YDL085W,YDR260C,0,-5.738239,0.11588432639837265,0.6124030947685242,0.46722036600112915
YOR299W,YGL226C-A,0,-5.73826,0.11586004495620728,0.6124030947685242,0.4673311114311218
YBR093C,YHR214C-B,0,-5.7384944,0.1158357784152031,0.6124030947685242,0.4674418568611145
YBR114W,YML091C,0,-5.7384953,0.11581151932477951,0.6124030947685242,0.4675526022911072
YDR273W,YLR438C-A,0,-5.738506,0.11578726768493652,0.6124030947685242,0.46766334772109985
YOR281C,YGR180C,0,-5.738616,0.11576303094625473,0.6124030947685242,0.46777409315109253
YOL004W,YAL016W,0,-5.738637,0.11573880165815353,0.6124030947685242,0.4678848385810852
YMR153W,YHR119W,0,-5.7386594,0.11571458727121353,0.6124030947685242,0.4679955840110779
YPR017C,YMR052W,0,-5.7386994,0.11569037288427353,0.6124030947685242,0.46810629963874817
YPR083W,YIL068C,0,-5.738745,0.11566618084907532,0.6124030947685242,0.46821704506874084
YMR056C,YDL138W,0,-5.7388024,0.1156419888138771,0.6124030947685242,0.4683277904987335
YKL055C,YAL005C,0,-5.738805,0.11561781167984009,0.6124030947685242,0.4684385359287262
YMR201C,YJL035C,0,-5.7388616,0.11559364199638367,0.6124030947685242,0.46854928135871887
YAL007C,YDR362C,0,-5.7390513,0.11556948721408844,0.6124030947685242,0.46866002678871155
YJR006W,YPL096W,0,-5.7390847,0.11554533988237381,0.6124030947685242,0.4687707722187042
YIL114C,YNL339C,0,-5.739115,0.11552120000123978,0.6124030947685242,0.4688815176486969
YOR123C,YIR015W,0,-5.7391167,0.11549707502126694,0.6124030947685242,0.4689922332763672
YDR488C,YDL020C,0,-5.73916,0.1154729574918747,0.6124030947685242,0.46910297870635986
YML092C,YHR165C,0,-5.739258,0.11544885486364365,0.6124030947685242,0.46921372413635254
YMR311C,YIL139C,0,-5.7393756,0.1154247522354126,0.6124030947685242,0.4693244695663452
YGL143C,YOR269W,0,-5.73963,0.11540066450834274,0.6124030947685242,0.4694352149963379
YGL005C,YFR024C-A,0,-5.7398343,0.11537659168243408,0.6124030947685242,0.46954596042633057
YBR260C,YGR090W,0,-5.739871,0.11535252630710602,0.6124030947685242,0.46965670585632324
YLR205C,YMR061W,0,-5.7398977,0.11532846838235855,0.6124030947685242,0.4697674512863159
YDR418W,YCR067C,0,-5.7400455,0.11530441790819168,0.6124030947685242,0.4698781967163086
YBL035C,YJL168C,0,-5.7401648,0.115280382335186,0.6124030947685242,0.4699889123439789
YPL061W,YBR058C-A,0,-5.740525,0.11525635421276093,0.6124030947685242,0.47009965777397156
YCR093W,YMR308C,0,-5.740684,0.11523234099149704,0.6124030947685242,0.47021040320396423
YNL231C,YLR425W,0,-5.7407956,0.11520833522081375,0.6124030947685242,0.4703211486339569
YJL003W,YDR296W,0,-5.7410636,0.11518433690071106,0.6124030947685242,0.4704318940639496
YOR160W,YDR280W,0,-5.741239,0.11516035348176956,0.6124030947685242,0.47054263949394226
YLR274W,YKL220C,0,-5.7412457,0.11513637006282806,0.6124030947685242,0.47065338492393494
YGL061C,YPL152W,0,-5.74132,0.11511240899562836,0.6124030947685242,0.4707641303539276
YKL185W,YCL027W,0,-5.7419457,0.11508844792842865,0.6124030947685242,0.4708748757839203
YLR286C,YPL043W,0,-5.7421403,0.11506450176239014,0.6124030947685242,0.4709855914115906
YOR284W,YMR153W,0,-5.742172,0.11504056304693222,0.6124030947685242,0.47109633684158325
YER183C,YEL032W,0,-5.742186,0.1150166392326355,0.6124030947685242,0.4712070822715759
YDL195W,YLR337C,0,-5.74221,0.11499272286891937,0.6124030947685242,0.4713178277015686
YPL119C,YNL145W,0,-5.742234,0.11496881395578384,0.6124030947685242,0.4714285731315613
YBR073W,YKL117W,0,-5.7424426,0.11494491994380951,0.6124030947685242,0.47153931856155396
YMR029C,YDR320C,0,-5.7424574,0.11492103338241577,0.6124030947685242,0.47165006399154663
YOR034C,YOL110W,1,-5.743159,0.11510492116212845,0.6135105490684509,0.47165006399154663
YOL130W,YBR234C,0,-5.743165,0.11508101224899292,0.6135105490684509,0.4717608094215393
YNL031C,YGR220C,0,-5.7432914,0.11505711078643799,0.6135105490684509,0.4718715250492096
YCR098C,YGR081C,0,-5.7439,0.11503322422504425,0.6135105490684509,0.47198227047920227
YHR026W,YDL090C,0,-5.7440767,0.11500934511423111,0.6135105490684509,0.47209301590919495
YNR026C,YKL178C,0,-5.744146,0.11498547345399857,0.6135105490684509,0.4722037613391876
YGR258C,YGR296W,0,-5.7442064,0.11496160924434662,0.6135105490684509,0.4723145067691803
YMR011W,YLR455W,0,-5.744655,0.11493775993585587,0.6135105490684509,0.472425252199173
YGL195W,YLR067C,0,-5.744958,0.11491391807794571,0.6135105490684509,0.47253599762916565
YJR091C,YIL138C,0,-5.744984,0.11489008367061615,0.6135105490684509,0.4726467430591583
YOR299W,YPL203W,0,-5.7451468,0.11486626416444778,0.6135105490684509,0.472757488489151
YJR119C,YDL147W,0,-5.745293,0.11484245210886002,0.6135105490684509,0.4728682041168213
YJL099W,YEL030W,0,-5.745374,0.11481865495443344,0.6135105490684509,0.47297894954681396
YDR448W,YCL010C,1,-5.7456985,0.11500207334756851,0.6146179437637329,0.47297894954681396
YDR195W,YDL235C,0,-5.7457275,0.11497824639081955,0.6146179437637329,0.47308969497680664
YBL079W,YEL057C,0,-5.745752,0.11495443433523178,0.6146179437637329,0.4732004404067993
YOR023C,YBR081C,1,-5.7460403,0.11513771116733551,0.6157253384590149,0.4732004404067993
YPL210C,YFL004W,0,-5.7461686,0.11511386930942535,0.6157253384590149,0.473311185836792
YDR448W,YJR082C,1,-5.746276,0.11529704183340073,0.6168327927589417,0.473311185836792
YKL008C,YOR069W,0,-5.746401,0.11527317762374878,0.6168327927589417,0.47342193126678467
YOR061W,YOR069W,0,-5.746696,0.11524932831525803,0.6168327927589417,0.47353267669677734
YGR230W,YOR137C,0,-5.7467036,0.11522548645734787,0.6168327927589417,0.47364342212677
YML092C,YDR259C,0,-5.7469554,0.11520165205001831,0.6168327927589417,0.4737541675567627
YKL085W,YMR268C,0,-5.7469583,0.11517783254384995,0.6168327927589417,0.473864883184433
YDL147W,YDR485C,0,-5.7470355,0.11515402048826218,0.6168327927589417,0.47397562861442566
YDL145C,YBR254C,0,-5.747335,0.115130215883255,0.6168327927589417,0.47408637404441833
YNL025C,YOR132W,0,-5.747435,0.11510642617940903,0.6168327927589417,0.474197119474411
YMR078C,YOR266W,0,-5.7475104,0.11508264392614365,0.6168327927589417,0.4743078649044037
YDL030W,YOR014W,0,-5.7475166,0.11505886912345886,0.6168327927589417,0.47441861033439636
YPL100W,YDR487C,0,-5.7475924,0.11503510922193527,0.6168327927589417,0.47452935576438904
YJL031C,YDR040C,0,-5.74782,0.11501135677099228,0.6168327927589417,0.4746401011943817
YKL160W,YDR098C,0,-5.7478886,0.11498761177062988,0.6168327927589417,0.474750816822052
YBL002W,YBR260C,0,-5.747991,0.11496388167142868,0.6168327927589417,0.4748615622520447
YDR331W,YCL001W,0,-5.7480645,0.11494015902280807,0.6168327927589417,0.47497230768203735
YOR329C,YGL255W,0,-5.7483215,0.11491644382476807,0.6168327927589417,0.47508305311203003
YDR256C,YGR024C,0,-5.748713,0.11489273607730865,0.6168327927589417,0.4751937985420227
YIL009W,YDR126W,1,-5.7489305,0.11507527530193329,0.6179401874542236,0.4751937985420227
YGL126W,YDL244W,0,-5.7490497,0.11505154520273209,0.6179401874542236,0.4753045439720154
YNL223W,YPR032W,0,-5.749161,0.11502783000469208,0.6179401874542236,0.47541528940200806
YLL021W,YOL055C,0,-5.749161,0.11500412225723267,0.6179401874542236,0.47552603483200073
YCL010C,YHR090C,1,-5.749309,0.11518648266792297,0.6190476417541504,0.47552603483200073
YCR028C,YMR235C,0,-5.749498,0.11516275256872177,0.6190476417541504,0.4756367802619934
YBR231C,YKR062W,0,-5.749575,0.11513902992010117,0.6190476417541504,0.4757474958896637
YCR033W,YHR048W,0,-5.749615,0.11511532217264175,0.6190476417541504,0.47585824131965637
YOR036W,YDR478W,0,-5.749795,0.11509162187576294,0.6190476417541504,0.47596898674964905
YLR206W,YKL212W,0,-5.7498755,0.11506792902946472,0.6190476417541504,0.4760797321796417
YLL022C,YCL010C,1,-5.749927,0.11525005102157593,0.6201550364494324,0.4760797321796417
YDL232W,YPR182W,0,-5.7499557,0.11522633582353592,0.6201550364494324,0.4761904776096344
YBR185C,YIL082W-A,0,-5.7499776,0.1152026355266571,0.6201550364494324,0.4763012230396271
YKR059W,YMR088C,0,-5.750009,0.11517893522977829,0.6201550364494324,0.47641196846961975
YCR048W,YHR118C,0,-5.750029,0.11515525728464127,0.6201550364494324,0.4765227138996124
YOL061W,YER162C,0,-5.7500677,0.11513157933950424,0.6201550364494324,0.4766334295272827
YKL051W,YPL016W,0,-5.7501416,0.11510791629552841,0.6201550364494324,0.4767441749572754
YGR147C,YOL110W,1,-5.7502704,0.11528976261615753,0.6212624311447144,0.4767441749572754
YAL033W,YDR486C,0,-5.750294,0.11526607722043991,0.6212624311447144,0.47685492038726807
YFR041C,YAL044C,0,-5.7502956,0.11524239927530289,0.6212624311447144,0.47696566581726074
YHR021C,YKR028W,0,-5.7503533,0.11521872878074646,0.6212624311447144,0.4770764112472534
YNL136W,YLR195C,1,-5.7503743,0.11540041118860245,0.6223698854446411,0.4770764112472534
YLR231C,YMR188C,0,-5.751035,0.11537671834230423,0.6223698854446411,0.4771871566772461
YDR129C,YPL218W,0,-5.751109,0.1153530403971672,0.6223698854446411,0.47729790210723877
YMR190C,YDL190C,0,-5.7511325,0.11532936245203018,0.6223698854446411,0.47740864753723145
YBR158W,YBR245C,0,-5.75114,0.11530570685863495,0.6223698854446411,0.4775193929672241
YLR153C,YOR064C,1,-5.751286,0.11548718065023422,0.6234772801399231,0.4775193929672241
YKR054C,YOL060C,0,-5.7513223,0.1154634952545166,0.6234772801399231,0.4776301085948944
YLR207W,YNR011C,0,-5.7514567,0.11543981730937958,0.6234772801399231,0.4777408540248871
YNL219C,YPR001W,0,-5.7515926,0.11541615426540375,0.6234772801399231,0.47785159945487976
YOL104C,YNL138W,0,-5.752026,0.11539249867200851,0.6234772801399231,0.47796234488487244
YDL088C,YOR330C,0,-5.7520995,0.11536885052919388,0.6234772801399231,0.4780730903148651
YER112W,YPL171C,0,-5.752183,0.11534521728754044,0.6234772801399231,0.4781838357448578
YAL041W,YJL210W,0,-5.7522984,0.11532159149646759,0.6234772801399231,0.47829458117485046
YGR082W,YGR122W,0,-5.7524056,0.11529797315597534,0.6234772801399231,0.47840532660484314
YKL021C,YLL056C,0,-5.7526793,0.11527436226606369,0.6234772801399231,0.4785160720348358
YGL105W,YBR040W,0,-5.7526884,0.11525076627731323,0.6234772801399231,0.4786267876625061
YFL009W,YOR008C,0,-5.753066,0.11522717773914337,0.6234772801399231,0.4787375330924988
YHR015W,YDR409W,0,-5.753529,0.1152036041021347,0.6234772801399231,0.47884827852249146
YNL270C,YNR017W,0,-5.75367,0.11518003046512604,0.6234772801399231,0.47895902395248413
YJR040W,YKR079C,0,-5.753792,0.11515647172927856,0.6234772801399231,0.4790697693824768
YDR448W,YLL022C,1,-5.753881,0.11533742398023605,0.6245847344398499,0.4790697693824768
YER119C,YHR191C,0,-5.75408,0.11531384289264679,0.6245847344398499,0.4791805148124695
YLR431C,YJL036W,0,-5.75409,0.11529026925563812,0.6245847344398499,0.47929126024246216
YBR145W,YGL142C,0,-5.754252,0.11526671051979065,0.6245847344398499,0.47940200567245483
YCL016C,YKR046C,0,-5.754254,0.11524315178394318,0.6245847344398499,0.4795127213001251
YBR274W,YJL191W,0,-5.754256,0.1152196153998375,0.6245847344398499,0.4796234667301178
YAR018C,YDR404C,0,-5.7543774,0.11519607901573181,0.6245847344398499,0.4797342121601105
YLR103C,YMR035W,0,-5.754397,0.11517255753278732,0.6245847344398499,0.47984495759010315
YDR216W,YCL020W,0,-5.7545047,0.11514904350042343,0.6245847344398499,0.4799557030200958
YKR097W,YML069W,0,-5.7547183,0.11512553691864014,0.6245847344398499,0.4800664484500885
YPL061W,YLR011W,0,-5.7548785,0.11510203778743744,0.6245847344398499,0.4801771938800812
YGR216C,YEL002C,0,-5.7550864,0.11507855355739594,0.6245847344398499,0.48028793931007385
YPL177C,YAR031W,0,-5.7552066,0.11505507677793503,0.6245847344398499,0.48039868474006653
YHR157W,YGR013W,0,-5.7553124,0.11503161489963531,0.6245847344398499,0.4805094003677368
YLR452C,YOR179C,0,-5.7553697,0.1150081530213356,0.6245847344398499,0.4806201457977295
YMR029C,YDR268W,0,-5.755523,0.11498470604419708,0.6245847344398499,0.48073089122772217
YDR151C,YIL029C,0,-5.7555375,0.11496127396821976,0.6245847344398499,0.48084163665771484
YJL058C,YJR069C,0,-5.7555585,0.11493784189224243,0.6245847344398499,0.4809523820877075
YGR180C,YJL098W,0,-5.7558,0.1149144247174263,0.6245847344398499,0.4810631275177002
YPL040C,YMR201C,0,-5.756509,0.11489101499319077,0.6245847344398499,0.48117387294769287
YDL166C,YBR058C,0,-5.756701,0.11486762017011642,0.6245847344398499,0.48128461837768555
YNL142W,YOR073W,0,-5.7567296,0.11484422534704208,0.6245847344398499,0.48139533400535583
YJL053W,YHR157W,0,-5.7568774,0.11482084542512894,0.6245847344398499,0.4815060794353485
YOL017W,YIL119C,0,-5.7569294,0.11479747295379639,0.6245847344398499,0.4816168248653412
YCL016C,YNL007C,0,-5.7571573,0.11477411538362503,0.6245847344398499,0.48172757029533386
YHR157W,YOR004W,0,-5.7571964,0.11475076526403427,0.6245847344398499,0.48183831572532654
YIL009W,YDL040C,1,-5.7573214,0.11493083834648132,0.6256921291351318,0.48183831572532654
YBR021W,YCR012W,0,-5.757356,0.11490746587514877,0.6256921291351318,0.4819490611553192
YLR109W,YJL113W,0,-5.757687,0.11488410085439682,0.6256921291351318,0.4820598065853119
YOR074C,YCR039C,0,-5.7577634,0.11486074328422546,0.6256921291351318,0.48217055201530457
YDR532C,YHR214C-B,0,-5.757775,0.1148374006152153,0.6256921291351318,0.48228129744529724
YJR139C,YGL207W,0,-5.757815,0.11481406539678574,0.6256921291351318,0.48239201307296753
YDR268W,YGR118W,0,-5.757873,0.11479073762893677,0.6256921291351318,0.4825027585029602
YCL039W,YMR087W,0,-5.7579055,0.1147674173116684,0.6256921291351318,0.4826135039329529
YGL044C,YFL045C,0,-5.758125,0.11474411189556122,0.6256921291351318,0.48272424936294556
YCR083W,YBL100W-B,0,-5.75829,0.11472081393003464,0.6256921291351318,0.48283499479293823
YFR030W,YJL208C,0,-5.7582984,0.11469752341508865,0.6256921291351318,0.4829457402229309
YBL023C,YBL018C,0,-5.758368,0.11467424035072327,0.6256921291351318,0.4830564856529236
YKL146W,YNL250W,0,-5.7587905,0.11465097218751907,0.6256921291351318,0.48316723108291626
YLR135W,YPL007C,0,-5.7589345,0.11462771147489548,0.6256921291351318,0.48327797651290894
YGR267C,YOR307C,0,-5.75894,0.11460446566343307,0.6256921291351318,0.4833886921405792
YJR074W,YGR258C,0,-5.7589784,0.11458121985197067,0.6256921291351318,0.4834994375705719
YBR228W,YDL229W,0,-5.7591534,0.11455798894166946,0.6256921291351318,0.4836101830005646
YML120C,YML131W,0,-5.759212,0.11453476548194885,0.6256921291351318,0.48372092843055725
YIL114C,YOR340C,0,-5.7592163,0.11451154947280884,0.6256921291351318,0.4838316738605499
YPL001W,YMR069W,1,-5.7592506,0.11469098180532455,0.6267995834350586,0.4838316738605499
YMR041C,YDR381W,0,-5.7592797,0.11466774344444275,0.6267995834350586,0.4839424192905426
YAL058W,YOR194C,0,-5.7592864,0.11464451998472214,0.6267995834350586,0.4840531647205353
YDR096W,YOR315W,0,-5.759401,0.11462130397558212,0.6267995834350586,0.48416391015052795
YPL271W,YPR182W,0,-5.759473,0.1145980954170227,0.6267995834350586,0.48427462577819824
YGL014W,YOR290C,0,-5.759624,0.11457490175962448,0.6267995834350586,0.4843853712081909
YNL098C,YPR161C,0,-5.759625,0.11455170810222626,0.6267995834350586,0.4844961166381836
YLR242C,YPR134W,0,-5.759811,0.11452852934598923,0.6267995834350586,0.48460686206817627
YFR031C,YGR197C,0,-5.7602,0.1145053580403328,0.6267995834350586,0.48471760749816895
YLR153C,YJR082C,1,-5.7603793,0.11468446254730225,0.6279069781303406,0.48471760749816895
YDR211W,YIL082W-A,0,-5.7606297,0.11466127634048462,0.6279069781303406,0.4848283529281616
YPR023C,YMR236W,1,-5.7607055,0.11484027653932571,0.6290143728256226,0.4848283529281616
YJL141C,YLR455W,0,-5.7607613,0.1148170605301857,0.6290143728256226,0.4849390983581543
YOL010W,YFL037W,0,-5.7607913,0.11479385942220688,0.6290143728256226,0.485049843788147
YOR301W,YLR371W,0,-5.76092,0.11477065831422806,0.6290143728256226,0.48516058921813965
YBR022W,YPL274W,0,-5.761067,0.11474747210741043,0.6290143728256226,0.48527130484580994
YGL012W,YLR417W,0,-5.7611575,0.114724300801754,0.6290143728256226,0.4853820502758026
YLR153C,YEL066W,1,-5.761238,0.11490307003259659,0.6301218271255493,0.4853820502758026
YAL054C,YJL081C,1,-5.7612634,0.1150817722082138,0.6312292218208313,0.4853820502758026
YDL099W,YJL094C,0,-5.7614093,0.1150585412979126,0.6312292218208313,0.4854927957057953
YPR103W,YEL004W,0,-5.7616625,0.11503531783819199,0.6312292218208313,0.48560354113578796
YLL022C,YPR131C,1,-5.7617145,0.11521387845277786,0.6323366761207581,0.48560354113578796
YBR100W,YBL039C,0,-5.7618136,0.11519064009189606,0.6323366761207581,0.48571428656578064
YLL002W,YDR167W,1,-5.7618585,0.11536910384893417,0.63344407081604,0.48571428656578064
YOL142W,YJR009C,0,-5.76211,0.11534583568572998,0.63344407081604,0.4858250319957733
YJR125C,YOR367W,0,-5.762341,0.11532258242368698,0.63344407081604,0.485935777425766
YNL275W,YGR099W,0,-5.7624807,0.11529933661222458,0.63344407081604,0.48604652285575867
YAL031C,YHR183W,0,-5.7625747,0.11527609825134277,0.63344407081604,0.48615726828575134
YEL056W,YLL022C,1,-5.7626605,0.11545436084270477,0.634551465511322,0.48615726828575134
YPL060W,YOL061W,0,-5.7626615,0.11543110758066177,0.634551465511322,0.48626798391342163
YDR093W,YDR487C,0,-5.7627454,0.11540785431861877,0.634551465511322,0.4863787293434143
YJL081C,YLL022C,1,-5.7627535,0.11558598279953003,0.6356589198112488,0.4863787293434143
YDL120W,YHR214C-B,0,-5.762793,0.11556271463632584,0.6356589198112488,0.486489474773407
YPR188C,YDL030W,0,-5.762812,0.11553945392370224,0.6356589198112488,0.48660022020339966
YDR158W,YDR122W,0,-5.7629113,0.11551620066165924,0.6356589198112488,0.48671096563339233
YDR459C,YHR090C,1,-5.7631173,0.11569416522979736,0.6367663145065308,0.48671096563339233
YDL198C,YDR545W,0,-5.763292,0.11567088961601257,0.6367663145065308,0.486821711063385
YPL259C,YNL151C,0,-5.7633367,0.11564762890338898,0.6367663145065308,0.4869324564933777
YBL041W,YBR012W-B,0,-5.7633395,0.11562436819076538,0.6367663145065308,0.48704320192337036
YJL165C,YNL151C,0,-5.763404,0.11560112237930298,0.6367663145065308,0.48715391755104065
YNL279W,YLR417W,0,-5.7638702,0.11557789146900177,0.6367663145065308,0.4872646629810333
YBR100W,YGL111W,0,-5.7639356,0.11555466055870056,0.6367663145065308,0.487375408411026
YJR160C,YFR003C,0,-5.7641087,0.11553144454956055,0.6367663145065308,0.4874861538410187
YHR079C-A,YER022W,0,-5.76415,0.11550823599100113,0.6367663145065308,0.48759689927101135
YDR418W,YML034W,0,-5.764153,0.11548503488302231,0.6367663145065308,0.48770764470100403
YOR335C,YNL130C,0,-5.7643585,0.11546184867620468,0.6367663145065308,0.4878183901309967
YEL009C,YMR032W,0,-5.764564,0.11543866991996765,0.6367663145065308,0.4879291355609894
YBR112C,YNL126W,0,-5.7645707,0.11541549861431122,0.6367663145065308,0.48803988099098206
YLR303W,YER087C-B,0,-5.7645864,0.11539233475923538,0.6367663145065308,0.48815059661865234
YDR093W,YJR093C,0,-5.764589,0.11536917835474014,0.6367663145065308,0.488261342048645
YLR459W,YCR067C,0,-5.7646255,0.1153460368514061,0.6367663145065308,0.4883720874786377
YBR039W,YLL024C,0,-5.764708,0.11532290279865265,0.6367663145065308,0.48848283290863037
YHR039C,YGR152C,0,-5.7647886,0.1152997761964798,0.6367663145065308,0.48859357833862305
YNL231C,YBL014C,0,-5.7648187,0.11527666449546814,0.6367663145065308,0.4887043237686157
YOR210W,YGR212W,0,-5.7650685,0.11525356024503708,0.6367663145065308,0.4888150691986084
YDL197C,YDL229W,0,-5.7651134,0.11523046344518661,0.6367663145065308,0.4889258146286011
YAR033W,YER041W,0,-5.765488,0.11520737409591675,0.6367663145065308,0.48903653025627136
YKR052C,YOR132W,0,-5.765555,0.11518429219722748,0.6367663145065308,0.48914727568626404
YKR055W,YHR214C-B,0,-5.7655745,0.1151612251996994,0.6367663145065308,0.4892580211162567
YDR298C,YML027W,0,-5.765583,0.11513816565275192,0.6367663145065308,0.4893687665462494
YNL068C,YDR297W,0,-5.765637,0.11511511355638504,0.6367663145065308,0.48947951197624207
YBL032W,YFL018C,0,-5.7658,0.11509207636117935,0.6367663145065308,0.48959025740623474
YHL047C,YIL077C,0,-5.7660575,0.11506903916597366,0.6367663145065308,0.4897010028362274
YIL010W,YLR010C,0,-5.76609,0.11504601687192917,0.6367663145065308,0.4898117482662201
YLR109W,YOR159C,0,-5.7660947,0.11502300202846527,0.6367663145065308,0.48992249369621277
YKR007W,YNR047W,0,-5.7661757,0.11500000208616257,0.6367663145065308,0.49003320932388306
YLR133W,YDL229W,0,-5.7661796,0.11497700214385986,0.6367663145065308,0.49014395475387573
YIL002C,YJL143W,0,-5.766263,0.11495401710271835,0.6367663145065308,0.4902547001838684
YMR055C,YNL025C,0,-5.7663507,0.11493103951215744,0.6367663145065308,0.4903654456138611
YML023C,YGR279C,0,-5.7664847,0.11490807682275772,0.6367663145065308,0.49047619104385376
YDL160C,YIL077C,0,-5.766738,0.114885114133358,0.6367663145065308,0.49058693647384644
YLR435W,YOR088W,0,-5.7667584,0.11486216634511948,0.6367663145065308,0.4906976819038391
YPR017C,YDR081C,0,-5.766766,0.11483922600746155,0.6367663145065308,0.4908084273338318
YBR024W,YOL004W,0,-5.766784,0.11481629312038422,0.6367663145065308,0.49091917276382446
YAL054C,YCL010C,1,-5.7668304,0.11499301344156265,0.6378737688064575,0.49091917276382446
YPL008W,YMR087W,0,-5.766883,0.11497005820274353,0.6378737688064575,0.49102988839149475
YDL052C,YDR453C,0,-5.7671256,0.1149471178650856,0.6378737688064575,0.4911406338214874
YGL013C,YGR048W,0,-5.767158,0.11492418497800827,0.6378737688064575,0.4912513792514801
YGL078C,YOL089C,0,-5.7671876,0.11490125954151154,0.6378737688064575,0.4913621246814728
YLR397C,YGL011C,0,-5.7672114,0.1148783415555954,0.6378737688064575,0.49147287011146545
YGL207W,YBR012W-B,0,-5.7672887,0.11485543102025986,0.6378737688064575,0.49158361554145813
YDR251W,YPL131W,0,-5.7678437,0.11483253538608551,0.6378737688064575,0.4916943609714508
YHL048W,YOR241W,0,-5.7679543,0.11480964720249176,0.6378737688064575,0.4918051064014435
YPL006W,YDL098C,0,-5.768187,0.11478676646947861,0.6378737688064575,0.49191582202911377
YIL106W,YCR033W,0,-5.768262,0.11476390063762665,0.6378737688064575,0.49202656745910645
YJL133W,YMR210W,0,-5.768389,0.11474103480577469,0.6378737688064575,0.4921373128890991
YBR098W,YDL028C,0,-5.7684402,0.11471818387508392,0.6378737688064575,0.4922480583190918
YGL173C,YEL017C-A,0,-5.7685056,0.11469534039497375,0.6378737688064575,0.4923588037490845
YPR023C,YCL010C,1,-5.7685933,0.11487159132957458,0.6389811635017395,0.4923588037490845
YPL174C,YKL122C,0,-5.768597,0.11484872549772263,0.6389811635017395,0.49246954917907715
YML095C,YMR088C,0,-5.7687674,0.11482586711645126,0.6389811635017395,0.4925802946090698
YBR107C,YOL060C,0,-5.7689295,0.1148030236363411,0.6389811635017395,0.4926910400390625
YDR181C,YDR407C,0,-5.7690167,0.11478018760681152,0.6389811635017395,0.4928017854690552
YDR244W,YJL047C,0,-5.7690806,0.11475735902786255,0.6389811635017395,0.49291250109672546
YJR160C,YFL045C,0,-5.769552,0.11473453789949417,0.6389811635017395,0.49302324652671814
YMR015C,YIL173W,0,-5.7699704,0.11471173167228699,0.6389811635017395,0.4931339919567108
YCR106W,YJL054W,0,-5.7699738,0.1146889254450798,0.6389811635017395,0.4932447373867035
YDR162C,YKR065C,0,-5.7702804,0.11466613411903381,0.6389811635017395,0.49335548281669617
YLR034C,YCL063W,0,-5.7702994,0.11464335024356842,0.6389811635017395,0.49346622824668884
YEL030W,YKL034W,0,-5.7705865,0.11462058126926422,0.6389811635017395,0.4935769736766815
YDR314C,YKR089C,0,-5.770619,0.11459781229496002,0.6389811635017395,0.4936877191066742
YDL085W,YDR170C,0,-5.770813,0.11457505822181702,0.6389811635017395,0.4937984347343445
YDR464W,YOR003W,0,-5.7708263,0.11455231159925461,0.6389811635017395,0.49390918016433716
YGL111W,YDR135C,0,-5.7710404,0.1145295724272728,0.6389811635017395,0.49401992559432983
YDR318W,YPL253C,0,-5.7710996,0.11450684815645218,0.6389811635017395,0.4941306710243225
YNL230C,YER072W,0,-5.771178,0.11448412388563156,0.6389811635017395,0.4942414164543152
YGR264C,YBR283C,0,-5.771212,0.11446141451597214,0.6389811635017395,0.49435216188430786
YLR153C,YPL001W,1,-5.7712703,0.11463704705238342,0.6400886178016663,0.49435216188430786
YDL008W,YMR014W,0,-5.771484,0.11461431533098221,0.6400886178016663,0.49446290731430054
YOR180C,YHR143W-A,0,-5.7715816,0.11459159106016159,0.6400886178016663,0.4945736527442932
YDL192W,YCL051W,0,-5.7718215,0.11456888169050217,0.6400886178016663,0.4946843981742859
YFL039C,YOR023C,1,-5.7718663,0.11474435031414032,0.6411960124969482,0.4946843981742859
YHR061C,YLR266C,0,-5.771878,0.1147216185927391,0.6411960124969482,0.4947951138019562
YDL116W,YBR077C,0,-5.7719617,0.11469889432191849,0.6411960124969482,0.49490585923194885
YLR147C,YIL080W,0,-5.772171,0.11467617005109787,0.6411960124969482,0.49501660466194153
YDR167W,YPL129W,1,-5.772263,0.11485148221254349,0.6423034071922302,0.49501660466194153
YMR231W,YHR214C-B,0,-5.772265,0.11482875049114227,0.6423034071922302,0.4951273500919342
YFR028C,YJR050W,0,-5.7722807,0.11480601876974106,0.6423034071922302,0.4952380955219269
YHR114W,YOR080W,0,-5.7723002,0.11478329449892044,0.6423034071922302,0.49534884095191956
YLR423C,YGL144C,0,-5.772472,0.11476058512926102,0.6423034071922302,0.49545958638191223
YGL180W,YNL280C,0,-5.7724757,0.11473788321018219,0.6423034071922302,0.4955703318119049
YOR005C,YOR284W,0,-5.7725663,0.11471518874168396,0.6423034071922302,0.4956810772418976
YNL192W,YDR160W,0,-5.7726226,0.11469250172376633,0.6423034071922302,0.49579179286956787
YCR081W,YCL069W,0,-5.7727313,0.11466982960700989,0.6423034071922302,0.49590253829956055
YIR004W,YLR277C,0,-5.772859,0.11464716494083405,0.6423034071922302,0.4960132837295532
YFL048C,YDR451C,0,-5.773347,0.1146245077252388,0.6423034071922302,0.4961240291595459
YDR283C,YER065C,0,-5.773393,0.11460185796022415,0.6423034071922302,0.4962347745895386
YKL005C,YLR079W,0,-5.773463,0.1145792156457901,0.6423034071922302,0.49634552001953125
YDR376W,YKL154W,0,-5.773937,0.11455658823251724,0.6423034071922302,0.4964562654495239
YNL075W,YDR181C,0,-5.7740283,0.11453396826982498,0.6423034071922302,0.4965670108795166
YPR055W,YKL018W,0,-5.774521,0.11451135575771332,0.6423034071922302,0.4966777265071869
YAL054C,YNL136W,1,-5.7748513,0.11468614637851715,0.643410861492157,0.4966777265071869
YPR104C,YLR023C,0,-5.775018,0.1146635115146637,0.643410861492157,0.49678847193717957
YPR052C,YIL076W,0,-5.7751594,0.11464088410139084,0.643410861492157,0.49689921736717224
YBR023C,YER179W,0,-5.7752194,0.11461827158927917,0.643410861492157,0.4970099627971649
YKL185W,YDR437W,0,-5.7753415,0.11459565907716751,0.643410861492157,0.4971207082271576
YOR036W,YBL080C,0,-5.775479,0.11457306146621704,0.643410861492157,0.49723145365715027
YDL069C,YNL328C,0,-5.7756524,0.11455047130584717,0.643410861492157,0.49734219908714294
YNL039W,YBL103C,0,-5.7756653,0.11452789604663849,0.643410861492157,0.4974529445171356
YGL143C,YMR006C,0,-5.77569,0.11450532078742981,0.643410861492157,0.4975636899471283
YAL054C,YGR002C,1,-5.7759094,0.11467980593442917,0.644518256187439,0.4975636899471283
YLR263W,YJR086W,0,-5.7759233,0.1146572083234787,0.644518256187439,0.4976744055747986
YBL080C,YGR074W,0,-5.776302,0.11463462561368942,0.644518256187439,0.49778515100479126
YBR107C,YKR052C,0,-5.776421,0.11461205035448074,0.644518256187439,0.49789589643478394
YOR269W,YLR272C,0,-5.776596,0.11458948254585266,0.644518256187439,0.4980066418647766
YER042W,YFR031C,0,-5.7767534,0.11456692963838577,0.644518256187439,0.4981173872947693
YER038C,YJL052W,0,-5.7768807,0.11454438418149948,0.644518256187439,0.49822813272476196
YGR284C,YMR311C,0,-5.777096,0.11452183872461319,0.644518256187439,0.49833887815475464
YNL199C,YDR296W,0,-5.777145,0.11449930816888809,0.644518256187439,0.4984496235847473
YDL175C,YLR103C,0,-5.778196,0.11447679251432419,0.644518256187439,0.49856036901474
YIL119C,YML013W,0,-5.778772,0.11445427685976028,0.644518256187439,0.4986710846424103
YML032C,YNL113W,0,-5.7788057,0.11443177610635757,0.644518256187439,0.49878183007240295
YCR020W-B,YIL014W,0,-5.778834,0.11440927535295486,0.644518256187439,0.49889257550239563
YBR037C,YDR469W,0,-5.7789245,0.11438678950071335,0.644518256187439,0.4990033209323883
YBL026W,YPL020C,0,-5.7789664,0.11436431854963303,0.644518256187439,0.499114066362381
YBR257W,YPR086W,0,-5.7791657,0.1143418475985527,0.644518256187439,0.49922481179237366
YGR170W,YGR156W,0,-5.7791686,0.11431938409805298,0.644518256187439,0.49933555722236633
YLL002W,YOR064C,1,-5.7791905,0.11449332535266876,0.6456257104873657,0.49933555722236633
YDL226C,YGL150C,0,-5.779285,0.11447083950042725,0.6456257104873657,0.499446302652359
YFL039C,YPR131C,1,-5.7798314,0.11464467644691467,0.6467331051826477,0.499446302652359
YMR211W,YDR330W,0,-5.7799783,0.11462217569351196,0.6467331051826477,0.4995570182800293
YLR259C,YDR451C,0,-5.780439,0.11459968239068985,0.6467331051826477,0.499667763710022
YBR008C,YDR359C,0,-5.780479,0.11457720398902893,0.6467331051826477,0.49977850914001465
YDR376W,YDR437W,0,-5.7806163,0.11455472558736801,0.6467331051826477,0.4998892545700073
YBR179C,YJL207C,0,-5.7807164,0.11453226208686829,0.6467331051826477,0.5
YBR155W,YIR015W,0,-5.780892,0.11450980603694916,0.6467331051826477,0.5001107454299927
YJL184W,YLR135W,0,-5.7809396,0.11448735743761063,0.6467331051826477,0.5002214908599854
YBR145W,YEL051W,0,-5.7809663,0.11446491628885269,0.6467331051826477,0.500332236289978
YNL206C,YJR004C,0,-5.7810807,0.11444248259067535,0.6467331051826477,0.5004429817199707
YNL031C,YPL193W,0,-5.781142,0.11442006379365921,0.6467331051826477,0.5005537271499634
YCR082W,YKL051W,0,-5.781178,0.11439765244722366,0.6467331051826477,0.500664472579956
YOL110W,YHR099W,1,-5.781242,0.11457109451293945,0.6478405594825745,0.500664472579956
YOR074C,YKL028W,0,-5.78144,0.11454866081476212,0.6478405594825745,0.5007752180099487
YML102W,YER111C,0,-5.781606,0.11452623456716537,0.6478405594825745,0.5008859634399414
YMR311C,YNL206C,0,-5.781652,0.11450381577014923,0.6478405594825745,0.5009966492652893
YDR009W,YFR002W,0,-5.7819386,0.11448141187429428,0.6478405594825745,0.501107394695282
YCL016C,YPR182W,0,-5.7819386,0.11445900797843933,0.6478405594825745,0.5012181401252747
YPL193W,YKL041W,0,-5.7820215,0.11443661898374557,0.6478405594825745,0.5013288855552673
YHR158C,YHR120W,0,-5.7820487,0.11441423743963242,0.6478405594825745,0.50143963098526
YJR090C,YLR010C,0,-5.782205,0.11439186334609985,0.6478405594825745,0.5015503764152527
YPR199C,YML114C,0,-5.782207,0.11436950415372849,0.6478405594825745,0.5016611218452454
YLR399C,YKR053C,0,-5.7823105,0.11434714496135712,0.6478405594825745,0.501771867275238
YOL010W,YGR033C,0,-5.7823253,0.11432480067014694,0.6478405594825745,0.5018826127052307
YNL153C,YGR141W,0,-5.7825427,0.11430246382951736,0.6478405594825745,0.5019933581352234
YMR240C,YMR096W,0,-5.782566,0.11428013443946838,0.6478405594825745,0.5021041035652161
YER108C,YER065C,0,-5.782624,0.1142578125,0.6478405594825745,0.5022148489952087
YBL032W,YOR281C,0,-5.782714,0.11423549801111221,0.6478405594825745,0.5023255944252014
YHL048W,YKL048C,0,-5.7827287,0.11421319842338562,0.6478405594825745,0.5024363398551941
YER178W,YPL153C,0,-5.7833037,0.11419090628623962,0.6478405594825745,0.5025470852851868
YDL008W,YGR099W,0,-5.783573,0.11416862159967422,0.6478405594825745,0.5026578307151794
YIL118W,YBR231C,0,-5.7835774,0.11414634436368942,0.6478405594825745,0.5027685761451721
YLR007W,YLR084C,0,-5.783621,0.11412407457828522,0.6478405594825745,0.50287926197052
YBR236C,YPL227C,0,-5.7837567,0.11410181224346161,0.6478405594825745,0.5029900074005127
YBR021W,YHR167W,0,-5.783857,0.1140795648097992,0.6478405594825745,0.5031007528305054
YDR093W,YNR059W,0,-5.7839904,0.11405732482671738,0.6478405594825745,0.503211498260498
YGL223C,YDR259C,0,-5.7843738,0.11403508484363556,0.6478405594825745,0.5033222436904907
YGL033W,YBR231C,0,-5.7844753,0.11401285976171494,0.6478405594825745,0.5034329891204834
YFL059W,YOR008C-A,0,-5.784517,0.1139906495809555,0.6478405594825745,0.5035437345504761
YDR166C,YNL121C,0,-5.7846236,0.11396843940019608,0.6478405594825745,0.5036544799804688
YDR214W,YBR102C,0,-5.7847066,0.11394624412059784,0.6478405594825745,0.5037652254104614
YDR137W,YIR022W,0,-5.7847447,0.1139240488409996,0.6478405594825745,0.5038759708404541
YNL239W,YGR010W,0,-5.7849193,0.11390186846256256,0.6478405594825745,0.5039867162704468
YEL029C,YNR031C,0,-5.784997,0.11387969553470612,0.6478405594825745,0.5040974617004395
YLL003W,YBR283C,0,-5.7851844,0.11385753005743027,0.6478405594825745,0.5042082071304321
YFL039C,YMR069W,1,-5.785187,0.11402996629476547,0.6489479541778564,0.5042082071304321
YPR023C,YOL148C,1,-5.7853107,0.1142023354768753,0.6500553488731384,0.5042082071304321
YJL042W,YLR248W,0,-5.7854624,0.11418011784553528,0.6500553488731384,0.5043189525604248
YFR029W,YHR070W,0,-5.7854743,0.11415791511535645,0.6500553488731384,0.5044296979904175
YHR023W,YPL006W,0,-5.7857966,0.11413571983575821,0.6500553488731384,0.5045404434204102
YDR162C,YAR042W,0,-5.7859178,0.11411353200674057,0.6500553488731384,0.5046511888504028
YCL059C,YDR005C,0,-5.7859187,0.11409135162830353,0.6500553488731384,0.5047619342803955
YDR201W,YPL210C,0,-5.7862186,0.11406917870044708,0.6500553488731384,0.5048726201057434
YHR055C,YKR019C,0,-5.786296,0.11404702067375183,0.6500553488731384,0.5049833655357361
YNR002C,YPR165W,0,-5.7865415,0.11402486264705658,0.6500553488731384,0.5050941109657288
YDR216W,YLR216C,0,-5.7866397,0.11400271952152252,0.6500553488731384,0.5052048563957214
YAL054C,YJR082C,1,-5.78672,0.11417476087808609,0.6511628031730652,0.5052048563957214
YBR042C,YKL042W,0,-5.786859,0.11415259540081024,0.6511628031730652,0.5053156018257141
YCL051W,YBR192W,0,-5.7869253,0.11413043737411499,0.6511628031730652,0.5054263472557068
YMR198W,YOR003W,0,-5.787198,0.11410828679800034,0.6511628031730652,0.5055370926856995
YMR069W,YOL148C,1,-5.787209,0.11428017169237137,0.6522701978683472,0.5055370926856995
YOL060C,YNL221C,0,-5.7873063,0.11425799876451492,0.6522701978683472,0.5056478381156921
YDR448W,YOR034C,1,-5.7874484,0.11442979425191879,0.6533776521682739,0.5056478381156921
YPL154C,YMR013C,0,-5.787687,0.11440759897232056,0.6533776521682739,0.5057585835456848
YDL101C,YGL178W,0,-5.7878876,0.11438541859388351,0.6533776521682739,0.5058693289756775
YFR052W,YGR281W,0,-5.7882075,0.11436324566602707,0.6533776521682739,0.5059800744056702
YLR314C,YGL039W,0,-5.7882257,0.11434108763933182,0.6533776521682739,0.5060908198356628
YCL032W,YBL005W-B,0,-5.7882257,0.11431892961263657,0.6533776521682739,0.5062015652656555
YPR200C,YBR095C,0,-5.7885594,0.11429678648710251,0.6533776521682739,0.5063123106956482
YHR214C-B,YOR338W,0,-5.788839,0.11427464336156845,0.6533776521682739,0.5064230561256409
YGL200C,YDR397C,0,-5.789043,0.11425251513719559,0.6533776521682739,0.5065338015556335
YNL059C,YDR363W-A,0,-5.7891097,0.11423039436340332,0.6533776521682739,0.5066445469856262
YDR448W,YOL110W,1,-5.7892504,0.11440186202526093,0.6544850468635559,0.5066445469856262
YDL192W,YGR167W,0,-5.789347,0.11437971889972687,0.6544850468635559,0.5067552328109741
YLR192C,YOR130C,0,-5.7893696,0.11435758322477341,0.6544850468635559,0.5068659782409668
YJR069C,YMR087W,0,-5.789376,0.11433546245098114,0.6544850468635559,0.5069767236709595
YER164W,YDR160W,0,-5.789518,0.11431334912776947,0.6544850468635559,0.5070874691009521
YIL026C,YDR244W,0,-5.7895255,0.1142912432551384,0.6544850468635559,0.5071982145309448
YOR267C,YMR022W,0,-5.7895875,0.11426914483308792,0.6544850468635559,0.5073089599609375
YJR065C,YBR192W,0,-5.7897086,0.11424705386161804,0.6544850468635559,0.5074197053909302
YMR041C,YCL016C,0,-5.7898,0.11422497034072876,0.6544850468635559,0.5075304508209229
YBR272C,YDR300C,0,-5.789888,0.11420290172100067,0.6544850468635559,0.5076411962509155
YMR021C,YJL183W,0,-5.789931,0.11418083310127258,0.6544850468635559,0.5077519416809082
YER088C,YBR142W,0,-5.7899785,0.11415877938270569,0.6544850468635559,0.5078626871109009
YDR214W,YDL093W,0,-5.7901597,0.11413673311471939,0.6544850468635559,0.5079734325408936
YER065C,YDL229W,0,-5.790222,0.11411469429731369,0.6544850468635559,0.5080841779708862
YJL204C,YAR007C,0,-5.7904773,0.11409266293048859,0.6544850468635559,0.5081949234008789
YIL048W,YDR498C,0,-5.7905974,0.11407063901424408,0.6544850468635559,0.5083056688308716
YLL060C,YPR007C,0,-5.7906966,0.11404862999916077,0.6544850468635559,0.5084164142608643
YPL259C,YDR379W,0,-5.79071,0.11402662843465805,0.6544850468635559,0.5085271596908569
YPL060W,YMR067C,0,-5.7907233,0.11400462687015533,0.6544850468635559,0.5086378455162048
YOL012C,YKL186C,0,-5.7908287,0.11398264020681381,0.6544850468635559,0.5087485909461975
YLR158C,YNL070W,0,-5.7908597,0.11396066099405289,0.6544850468635559,0.5088593363761902
YLR205C,YLL017W,0,-5.790883,0.11393868923187256,0.6544850468635559,0.5089700818061829
YER087C-B,YBR030W,0,-5.7909474,0.11391673237085342,0.6544850468635559,0.5090808272361755
YML102W,YIR018W,0,-5.791023,0.11389477550983429,0.6544850468635559,0.5091915726661682
YBL013W,YGR185C,0,-5.791062,0.11387283354997635,0.6544850468635559,0.5093023180961609
YFL057C,YDR179C,0,-5.791138,0.113850899040699,0.6544850468635559,0.5094130635261536
YHR119W,YOR287C,0,-5.7911787,0.11382896453142166,0.6544850468635559,0.5095238089561462
YNL009W,YGR013W,0,-5.791202,0.11380704492330551,0.6544850468635559,0.5096345543861389
YIL103W,YMR113W,0,-5.791215,0.11378514021635056,0.6544850468635559,0.5097452998161316
YER065C,YOR099W,0,-5.791409,0.1137632355093956,0.6544850468635559,0.5098560452461243
YOL068C,YOR354C,0,-5.79149,0.11374133825302124,0.6544850468635559,0.5099667906761169
YMR204C,YHR214C-B,0,-5.7915454,0.11371945589780807,0.6544850468635559,0.5100775361061096
YGL032C,YDR135C,0,-5.7916837,0.11369757354259491,0.6544850468635559,0.5101882815361023
YLR350W,YER111C,0,-5.7916975,0.11367570608854294,0.6544850468635559,0.510299026966095
YDR052C,YPL157W,0,-5.79178,0.11365384608507156,0.6544850468635559,0.5104097723960876
YDR343C,YJR002W,0,-5.7917886,0.11363199353218079,0.6544850468635559,0.5105204582214355
YMR137C,YML039W,0,-5.7918077,0.1136101484298706,0.6544850468635559,0.5106312036514282
YOR351C,YOL117W,0,-5.791871,0.11358831077814102,0.6544850468635559,0.5107419490814209
YBR050C,YOR132W,0,-5.7919087,0.11356648802757263,0.6544850468635559,0.5108526945114136
YHR154W,YER018C,0,-5.7919974,0.11354466527700424,0.6544850468635559,0.5109634399414062
YLR401C,YKL160W,0,-5.7920012,0.11352285742759705,0.6544850468635559,0.5110741853713989
YEL065W,YNL032W,0,-5.792242,0.11350105702877045,0.6544850468635559,0.5111849308013916
YDR188W,YAR002W,0,-5.7923374,0.11347926408052444,0.6544850468635559,0.5112956762313843
YGR013W,YDR322C-A,0,-5.792833,0.11345747858285904,0.6544850468635559,0.511406421661377
YEL018W,YDR081C,0,-5.7929034,0.11343570053577423,0.6544850468635559,0.5115171670913696
YGL137W,YJL059W,0,-5.792963,0.11341392993927002,0.6544850468635559,0.5116279125213623
YPR122W,YLR328W,0,-5.793015,0.113392174243927,0.6544850468635559,0.511738657951355
YFL009W,YLR459W,0,-5.7931757,0.11337041854858398,0.6544850468635559,0.5118494033813477
YFL010W-A,YGR113W,0,-5.7934356,0.11334867775440216,0.6544850468635559,0.5119601488113403
YMR280C,YDR028C,0,-5.7936945,0.11332694441080093,0.6544850468635559,0.512070894241333
YNL117W,YKL095W,0,-5.793904,0.11330521106719971,0.6544850468635559,0.5121816396713257
YDR206W,YJL207C,0,-5.793988,0.11328349262475967,0.6544850468635559,0.5122923851013184
YAL026C,YBR057C,0,-5.7939935,0.11326178908348083,0.6544850468635559,0.512403130531311
YGR191W,YJR028W,0,-5.7940173,0.113240085542202,0.6544850468635559,0.5125138163566589
YNL136W,YGL066W,1,-5.7940936,0.11340995877981186,0.6555924415588379,0.5125138163566589
YHR193C,YOR085W,0,-5.794105,0.11338824033737183,0.6555924415588379,0.5126245617866516
YPL146C,YDL093W,0,-5.79414,0.11336652934551239,0.6555924415588379,0.5127353072166443
YDL132W,YBR058C-A,0,-5.794157,0.11334481835365295,0.6555924415588379,0.512846052646637
YIL009W,YMR236W,1,-5.794333,0.11351455003023148,0.6566998958587646,0.512846052646637
YIL118W,YMR101C,0,-5.7944293,0.11349282413721085,0.6566998958587646,0.5129567980766296
YDR093W,YOL049W,0,-5.7945023,0.11347110569477081,0.6566998958587646,0.5130675435066223
YDR076W,YNL090W,0,-5.794609,0.11344939470291138,0.6566998958587646,0.513178288936615
YER022W,YJL052W,0,-5.794648,0.11342769861221313,0.6566998958587646,0.5132890343666077
YGL087C,YBL005W-B,0,-5.7946553,0.11340600252151489,0.6566998958587646,0.5133997797966003
YNL166C,YLR107W,0,-5.7947526,0.11338432133197784,0.6566998958587646,0.513510525226593
YFR014C,YML055W,0,-5.795122,0.11336264759302139,0.6566998958587646,0.5136212706565857
YIR017C,YBR060C,0,-5.7952037,0.11334098130464554,0.6566998958587646,0.5137320160865784
YHL009C,YML039W,0,-5.7961802,0.11331932246685028,0.6566998958587646,0.513842761516571
YPL155C,YKL070W,0,-5.796523,0.11329767107963562,0.6566998958587646,0.5139535069465637
YJL100W,YMR268C,0,-5.7966514,0.11327602714300156,0.6566998958587646,0.5140642523765564
YEL062W,YKL154W,0,-5.7968235,0.11325439065694809,0.6566998958587646,0.5141749978065491
YDR424C,YPL133C,0,-5.796877,0.11323276907205582,0.6566998958587646,0.5142857432365417
YLR002C,YOL034W,0,-5.796984,0.11321114748716354,0.6566998958587646,0.5143964290618896
YDL033C,YGL210W,0,-5.797068,0.11318954080343246,0.6566998958587646,0.5145071744918823
YML058W-A,YDL235C,0,-5.7972474,0.11316794157028198,0.6566998958587646,0.514617919921875
YLR320W,YGL014W,0,-5.797561,0.1131463497877121,0.6566998958587646,0.5147286653518677
YDL135C,YHR143W-A,0,-5.797679,0.11312475800514221,0.6566998958587646,0.5148394107818604
YOR295W,YBR082C,0,-5.7977004,0.11310318857431412,0.6566998958587646,0.514950156211853
YLR116W,YBR182C,0,-5.797727,0.11308161914348602,0.6566998958587646,0.5150609016418457
YGL066W,YDR126W,1,-5.797911,0.1132507175207138,0.6578072905540466,0.5150609016418457
YDR385W,YBR165W,0,-5.7980437,0.11322912573814392,0.6578072905540466,0.5151716470718384
YFL039C,YFL024C,1,-5.798141,0.11339813470840454,0.6589147448539734,0.5151716470718384
YNL327W,YMR142C,0,-5.7981553,0.11337652802467346,0.6589147448539734,0.515282392501831
YOL122C,YPL138C,0,-5.798229,0.11335492134094238,0.6589147448539734,0.5153931379318237
YEL027W,YGR256W,0,-5.7982936,0.1133333370089531,0.6589147448539734,0.5155038833618164
YLL009C,YGR152C,0,-5.798482,0.1133117526769638,0.6589147448539734,0.5156146287918091
YEL016C,YBR143C,0,-5.7987704,0.11329017579555511,0.6589147448539734,0.5157253742218018
YPL069C,YML031W,0,-5.798968,0.11326860636472702,0.6589147448539734,0.5158361196517944
YDR329C,YNL045W,0,-5.799045,0.11324705183506012,0.6589147448539734,0.5159468650817871
YLR069C,YHR086W,0,-5.799233,0.11322549730539322,0.6589147448539734,0.5160576105117798
YOL090W,YGR024C,0,-5.799337,0.11320395767688751,0.6589147448539734,0.5161683559417725
YKL192C,YDR486C,0,-5.799564,0.1131824254989624,0.6589147448539734,0.5162790417671204
YPL069C,YNR064C,0,-5.7995954,0.11316090077161789,0.6589147448539734,0.516389787197113
YOR299W,YDL155W,0,-5.799667,0.11313938349485397,0.6589147448539734,0.5165005326271057
YOR181W,YGL208W,0,-5.7996736,0.11311787366867065,0.6589147448539734,0.5166112780570984
YNL094W,YGR247W,0,-5.800031,0.11309637129306793,0.6589147448539734,0.5167220234870911
YKL186C,YDL212W,0,-5.800052,0.1130748763680458,0.6589147448539734,0.5168327689170837
YGR070W,YGR212W,0,-5.800532,0.11305338889360428,0.6589147448539734,0.5169435143470764
YAL041W,YAL043C,0,-5.8005376,0.11303191632032394,0.6589147448539734,0.5170542597770691
YPL049C,YJR120W,0,-5.8006015,0.11301044374704361,0.6589147448539734,0.5171650052070618
YBR040W,YOR243C,0,-5.8006635,0.11298898607492447,0.6589147448539734,0.5172757506370544
YLR069C,YDR443C,0,-5.800865,0.11296753585338593,0.6589147448539734,0.5173864960670471
YOL002C,YPL190C,0,-5.8010173,0.11294609308242798,0.6589147448539734,0.5174972414970398
YER148W,YKR014C,0,-5.8010793,0.11292465031147003,0.6589147448539734,0.5176079869270325
YNL149C,YIL144W,0,-5.801367,0.11290322244167328,0.6589147448539734,0.5177187323570251
YDL019C,YHR161C,0,-5.801829,0.11288180947303772,0.6589147448539734,0.5178294777870178
YDL198C,YNR039C,0,-5.8018603,0.11286039650440216,0.6589147448539734,0.5179402232170105
YJR017C,YKL165C,0,-5.801863,0.1128389909863472,0.6589147448539734,0.5180509686470032
YPL268W,YPR198W,0,-5.8019857,0.11281759291887283,0.6589147448539734,0.5181616544723511
YDL106C,YJR046W,0,-5.8021345,0.11279620975255966,0.6589147448539734,0.5182723999023438
YNL299W,YAR009C,0,-5.802401,0.11277482658624649,0.6589147448539734,0.5183831453323364
YNL068C,YDL116W,0,-5.8029327,0.11275345832109451,0.6589147448539734,0.5184938907623291
YGL223C,YPR095C,0,-5.8030467,0.11273209750652313,0.6589147448539734,0.5186046361923218
YOL135C,YCR106W,0,-5.8030925,0.11271074414253235,0.6589147448539734,0.5187153816223145
YNL023C,YCL075W,0,-5.8031173,0.11268939077854156,0.6589147448539734,0.5188261270523071
YHR158C,YDR389W,0,-5.803209,0.11266805231571198,0.6589147448539734,0.5189368724822998
YPL160W,YKL220C,0,-5.8032136,0.11264672130346298,0.6589147448539734,0.5190476179122925
YDR358W,YDL185W,0,-5.8034835,0.11262540519237518,0.6589147448539734,0.5191583633422852
YNL027W,YLR249W,0,-5.80365,0.11260408908128738,0.6589147448539734,0.5192691087722778
YJR082C,YMR246W,1,-5.8036675,0.11277199536561966,0.6600221395492554,0.5192691087722778
YLR266C,YDR356W,0,-5.8042016,0.11275066435337067,0.6600221395492554,0.5193798542022705
YFR048W,YMR089C,0,-5.8042226,0.11272933334112167,0.6600221395492554,0.5194905996322632
YNL136W,YDL040C,1,-5.804601,0.112897127866745,0.6611295938491821,0.5194905996322632
YNL173C,YMR183C,0,-5.8046627,0.11287578195333481,0.6611295938491821,0.5196013450622559
YKL001C,YEL062W,0,-5.804875,0.11285444349050522,0.6611295938491821,0.5197120904922485
YGL054C,YBR004C,0,-5.8050256,0.11283311247825623,0.6611295938491821,0.5198228359222412
YLR431C,YDR270W,0,-5.8055296,0.11281178891658783,0.6611295938491821,0.5199335813522339
YFL024C,YGR002C,1,-5.8055387,0.11297940462827682,0.6622369885444641,0.5199335813522339
YMR072W,YGL090W,0,-5.8057837,0.11295806616544724,0.6622369885444641,0.5200442671775818
YCL066W,YOR085W,0,-5.805851,0.11293673515319824,0.6622369885444641,0.5201550126075745
YDR473C,YLR262C,0,-5.8058696,0.11291540414094925,0.6622369885444641,0.5202657580375671
YGL055W,YLR066W,0,-5.805892,0.11289408802986145,0.6622369885444641,0.5203765034675598
YLR100W,YBR284W,0,-5.806231,0.11287277936935425,0.6622369885444641,0.5204872488975525
YFL021W,YPL006W,0,-5.806263,0.11285147815942764,0.6622369885444641,0.5205979943275452
YEL066W,YPR131C,1,-5.8063,0.11301887035369873,0.6633443832397461,0.5205979943275452
YIL034C,YDR228C,0,-5.8063254,0.11299754679203033,0.6633443832397461,0.5207087397575378
YDR263C,YCR073W-A,0,-5.8064446,0.11297623813152313,0.6633443832397461,0.5208194851875305
YDR174W,YGL194C,0,-5.8065743,0.11295492947101593,0.6633443832397461,0.5209302306175232
YER042W,YCR073W-A,0,-5.8065867,0.11293363571166992,0.6633443832397461,0.5210409760475159
YIR012W,YOR027W,0,-5.8066864,0.11291234940290451,0.6633443832397461,0.5211517214775085
YOL148C,YBR081C,1,-5.8067174,0.11307953298091888,0.6644518375396729,0.5211517214775085
YGL005C,YOR330C,0,-5.806947,0.11305822432041168,0.6644518375396729,0.5212624669075012
YGL032C,YLR346C,0,-5.8069644,0.11303692311048508,0.6644518375396729,0.5213732123374939
YMR188C,YPR078C,0,-5.8070045,0.11301563680171967,0.6644518375396729,0.5214839577674866
YIL051C,YEL062W,0,-5.8070264,0.11299435049295425,0.6644518375396729,0.5215947031974792
YNL027W,YDL039C,0,-5.8070407,0.11297307163476944,0.6644518375396729,0.5217054486274719
YNL129W,YMR096W,0,-5.807171,0.11295180767774582,0.6644518375396729,0.5218161940574646
YDR098C,YGL255W,0,-5.807594,0.1129305511713028,0.6644518375396729,0.5219269394874573
YGL032C,YBR186W,0,-5.8076777,0.11290929466485977,0.6644518375396729,0.5220376253128052
YNL136W,YGR002C,1,-5.8077264,0.11307620257139206,0.6655592322349548,0.5220376253128052
YDR097C,YGR199W,0,-5.8077435,0.11305493116378784,0.6655592322349548,0.5221483707427979
YNL290W,YBR097W,0,-5.80799,0.11303366720676422,0.6655592322349548,0.5222591161727905
YDR480W,YPL180W,0,-5.808634,0.1130124107003212,0.6655592322349548,0.5223698616027832
YCR020W-B,YCR040W,0,-5.8090134,0.11299116164445877,0.6655592322349548,0.5224806070327759
YKR008W,YHR152W,0,-5.809015,0.11296992748975754,0.6655592322349548,0.5225913524627686
YBR158W,YDR527W,0,-5.809096,0.1129486933350563,0.6655592322349548,0.5227020978927612
YPL248C,YFR053C,0,-5.8091187,0.11292747408151627,0.6655592322349548,0.5228128433227539
YDR335W,YPL188W,0,-5.809164,0.11290625482797623,0.6655592322349548,0.5229235887527466
YHR106W,YKL041W,0,-5.809275,0.11288505047559738,0.6655592322349548,0.5230343341827393
YGR246C,YBR177C,0,-5.8092904,0.11286384612321854,0.6655592322349548,0.5231450796127319
YPR023C,YBR081C,1,-5.8099008,0.11303041875362396,0.6666666865348816,0.5231450796127319
YOL108C,YML093W,0,-5.8099365,0.11300919950008392,0.6666666865348816,0.5232558250427246
YLR016C,YFL004W,0,-5.810068,0.11298798769712448,0.6666666865348816,0.5233665704727173
YJL115W,YPL001W,1,-5.8101335,0.11315444111824036,0.6677740812301636,0.5233665704727173
YIL106W,YDR162C,0,-5.810251,0.11313320696353912,0.6677740812301636,0.52347731590271
YHR119W,YPL106C,0,-5.8103147,0.11311198770999908,0.6677740812301636,0.5235880613327026
YDL192W,YML078W,0,-5.8103347,0.11309077590703964,0.6677740812301636,0.5236988067626953
YDL244W,YBR284W,0,-5.8106146,0.1130695641040802,0.6677740812301636,0.523809552192688
YGR041W,YOL071W,0,-5.8106203,0.11304836720228195,0.6677740812301636,0.5239202380180359
YHR013C,YBR198C,1,-5.8107276,0.11321461945772171,0.6688815355300903,0.5239202380180359
YPL248C,YOR049C,0,-5.810778,0.11319340020418167,0.6688815355300903,0.5240309834480286
YDR435C,YDR202C,0,-5.810808,0.11317219585180283,0.6688815355300903,0.5241417288780212
YLR212C,YDL038C,0,-5.810841,0.11315099149942398,0.6688815355300903,0.5242524743080139
YGR185C,YLR020C,0,-5.8108764,0.11312980204820633,0.6688815355300903,0.5243632197380066
YFL024C,YDR126W,1,-5.810941,0.11329588294029236,0.6699889302253723,0.5243632197380066
YNL328C,YBR254C,0,-5.8110824,0.11327467113733292,0.6699889302253723,0.5244739651679993
YPL209C,YBR182C,0,-5.8112035,0.11325346678495407,0.6699889302253723,0.5245847105979919
YDL236W,YBL025W,0,-5.8114324,0.11323226988315582,0.6699889302253723,0.5246954560279846
YJR144W,YDR478W,0,-5.811436,0.11321108043193817,0.6699889302253723,0.5248062014579773
YOL049W,YPL274W,0,-5.8114696,0.11318989843130112,0.6699889302253723,0.52491694688797
YNL136W,YNL326C,1,-5.8115163,0.11335577815771103,0.6710963249206543,0.52491694688797
YIR004W,YNL012W,0,-5.8118806,0.11333458125591278,0.6710963249206543,0.5250276923179626
YOL059W,YKR022C,0,-5.8119245,0.11331339180469513,0.6710963249206543,0.5251384377479553
YPL228W,YLR455W,0,-5.812227,0.11329220235347748,0.6710963249206543,0.525249183177948
YLR056W,YGL039W,0,-5.812323,0.11327102780342102,0.6710963249206543,0.5253599286079407
YOR361C,YLR417W,0,-5.8125806,0.11324986070394516,0.6710963249206543,0.5254706740379333
YHR081W,YNR049C,0,-5.812613,0.1132287010550499,0.6710963249206543,0.525581419467926
YEL015W,YKL032C,0,-5.813008,0.11320754885673523,0.6710963249206543,0.5256921648979187
YIL053W,YGL145W,0,-5.813011,0.11318640410900116,0.6710963249206543,0.5258028507232666
YEL061C,YPL087W,0,-5.8130517,0.11316526681184769,0.6710963249206543,0.5259135961532593
YBR089C-A,YOR321W,0,-5.813208,0.11314413696527481,0.6710963249206543,0.526024341583252
YKL040C,YMR079W,0,-5.8132143,0.11312301456928253,0.6710963249206543,0.5261350870132446
YBR236C,YJL076W,0,-5.81326,0.11310190707445145,0.6710963249206543,0.5262458324432373
YCR028C,YPL042C,0,-5.813357,0.11308079957962036,0.6710963249206543,0.52635657787323
YHR186C,YGL039W,0,-5.8134046,0.11305969953536987,0.6710963249206543,0.5264673233032227
YMR068W,YOR274W,0,-5.813437,0.11303861439228058,0.6710963249206543,0.5265780687332153
YDR359C,YHR020W,0,-5.8135896,0.11301752924919128,0.6710963249206543,0.526688814163208
YKL110C,YIL068C,0,-5.8136315,0.11299645900726318,0.6710963249206543,0.5267995595932007
YLR105C,YML131W,0,-5.8136544,0.11297538876533508,0.6710963249206543,0.5269103050231934
YPL149W,YJL093C,0,-5.8139434,0.11295433342456818,0.6710963249206543,0.527021050453186
YJL025W,YML105C,0,-5.81401,0.11293328553438187,0.6710963249206543,0.5271317958831787
YPL001W,YBR081C,1,-5.814253,0.11309856176376343,0.672203779220581,0.5271317958831787
YDL126C,YNL078W,0,-5.8143044,0.11307749897241592,0.672203779220581,0.5272425413131714
YOR018W,YGR275W,0,-5.8144364,0.11305643618106842,0.672203779220581,0.5273532867431641
YIR041W,YLL011W,0,-5.8145556,0.11303538084030151,0.672203779220581,0.5274640321731567
YDL083C,YMR190C,0,-5.814562,0.1130143329501152,0.672203779220581,0.5275747776031494
YOR241W,YOR367W,0,-5.814816,0.11299329996109009,0.672203779220581,0.5276854634284973
YPR188C,YNR059W,0,-5.8148217,0.11297226697206497,0.672203779220581,0.52779620885849
YJR150C,YNL334C,0,-5.814833,0.11295124888420105,0.672203779220581,0.5279069542884827
YLR131C,YIL123W,0,-5.8150487,0.11293023079633713,0.672203779220581,0.5280176997184753
YPR200C,YHR006W,0,-5.815163,0.1129092276096344,0.672203779220581,0.528128445148468
YGL219C,YOL113W,0,-5.8155313,0.11288822442293167,0.672203779220581,0.5282391905784607
YOL021C,YLR084C,0,-5.8156447,0.11286723613739014,0.672203779220581,0.5283499360084534
YLR176C,YOR295W,0,-5.815981,0.1128462553024292,0.672203779220581,0.528460681438446
YOR023C,YHR013C,1,-5.8160796,0.11301115155220032,0.673311173915863,0.528460681438446
YKL197C,YBR250W,0,-5.8161454,0.11299014836549759,0.673311173915863,0.5285714268684387
YNL223W,YLR181C,0,-5.816158,0.11296916007995605,0.673311173915863,0.5286821722984314
YOR371C,YOR281C,0,-5.8163013,0.11294817179441452,0.673311173915863,0.5287929177284241
YDR145W,YMR236W,1,-5.8163953,0.1131129264831543,0.6744186282157898,0.5287929177284241
YML102W,YBL016W,0,-5.816548,0.11309192329645157,0.6744186282157898,0.5289036631584167
YGR284C,YFL008W,0,-5.816593,0.11307092756032944,0.6744186282157898,0.5290144085884094
YGR147C,YDR167W,1,-5.816715,0.11323557049036026,0.6755260229110718,0.5290144085884094
YLR231C,YDL109C,0,-5.8167167,0.11321455240249634,0.6755260229110718,0.5291251540184021
YIR004W,YNL131W,0,-5.8169656,0.11319354176521301,0.6755260229110718,0.5292358994483948
YMR070W,YGL053W,0,-5.817046,0.11317253857851028,0.6755260229110718,0.5293466448783875
YNL021W,YHR020W,0,-5.8173137,0.11315155029296875,0.6755260229110718,0.5294573903083801
YPR188C,YCR053W,0,-5.817353,0.11313056200742722,0.6755260229110718,0.5295681357383728
YLR131C,YGR059W,0,-5.8173647,0.11310958862304688,0.6755260229110718,0.5296788215637207
YHR174W,YMR288W,0,-5.8174176,0.11308861523866653,0.6755260229110718,0.5297895669937134
YJR084W,YAR033W,0,-5.8174815,0.11306765675544739,0.6755260229110718,0.529900312423706
YDR435C,YDR498C,0,-5.8175545,0.11304669827222824,0.6755260229110718,0.5300110578536987
YMR214W,YGR024C,0,-5.817573,0.11302575469017029,0.6755260229110718,0.5301218032836914
YGR220C,YML092C,0,-5.8176665,0.11300481855869293,0.6755260229110718,0.5302325487136841
YOL165C,YAL013W,0,-5.81808,0.11298388242721558,0.6755260229110718,0.5303432941436768
YNL271C,YMR268C,0,-5.8181,0.11296296119689941,0.6755260229110718,0.5304540395736694
YKL165C,YKR095W,0,-5.8181295,0.11294204741716385,0.6755260229110718,0.5305647850036621
YFL002C,YIL077C,0,-5.8182073,0.11292114108800888,0.6755260229110718,0.5306755304336548
YDR177W,YER072W,0,-5.818624,0.11290024220943451,0.6755260229110718,0.5307862758636475
YDR052C,YER044C,0,-5.8187184,0.11287935078144073,0.6755260229110718,0.5308970212936401
YKL021C,YNL307C,0,-5.8187184,0.11285846680402756,0.6755260229110718,0.5310077667236328
YIL040W,YDR162C,0,-5.8187385,0.11283759027719498,0.6755260229110718,0.5311185121536255
YER019C-A,YER008C,0,-5.818813,0.112816721200943,0.6755260229110718,0.5312292575836182
YDR448W,YNL136W,1,-5.818849,0.11298076808452606,0.6766334176063538,0.5312292575836182
YNL014W,YOL104C,0,-5.8189626,0.11295988410711288,0.6766334176063538,0.5313400030136108
YNL258C,YAL007C,0,-5.819205,0.11293900012969971,0.6766334176063538,0.5314507484436035
YNL280C,YNL072W,0,-5.819349,0.11291813105344772,0.6766334176063538,0.5315614342689514
YMR204C,YDR335W,0,-5.819395,0.11289726197719574,0.6766334176063538,0.5316721796989441
YOR142W,YAL024C,0,-5.8196893,0.11287640780210495,0.6766334176063538,0.5317829251289368
YGL004C,YDR213W,0,-5.8198543,0.11285556107759476,0.6766334176063538,0.5318936705589294
YML065W,YMR026C,0,-5.8199277,0.11283472180366516,0.6766334176063538,0.5320044159889221
YPL194W,YBR186W,0,-5.820434,0.11281388252973557,0.6766334176063538,0.5321151614189148
YBR168W,YPL180W,0,-5.820559,0.11279305815696716,0.6766334176063538,0.5322259068489075
YDR028C,YER031C,0,-5.820617,0.11277224123477936,0.6766334176063538,0.5323366522789001
YBR192W,YNL045W,0,-5.820766,0.11275143176317215,0.6766334176063538,0.5324473977088928
YDR518W,YOL005C,0,-5.820784,0.11273062974214554,0.6766334176063538,0.5325581431388855
YNL101W,YIL017C,0,-5.821154,0.11270983517169952,0.6766334176063538,0.5326688885688782
YML080W,YLR193C,0,-5.8212276,0.1126890480518341,0.6766334176063538,0.5327796339988708
YJR076C,YLR193C,0,-5.821277,0.11266826838254929,0.6766334176063538,0.5328903794288635
YPL096W,YBR012W-A,0,-5.821363,0.11264749616384506,0.6766334176063538,0.5330011248588562
YDR379W,YKL086W,0,-5.8217196,0.11262673139572144,0.6766334176063538,0.5331118702888489
YNL027W,YMR313C,0,-5.8218637,0.1126059740781784,0.6766334176063538,0.5332226157188416
YNL062C,YDR464W,0,-5.821914,0.11258522421121597,0.6766334176063538,0.5333333611488342
YGR166W,YGR082W,0,-5.8221583,0.11256448179483414,0.6766334176063538,0.5334440469741821
YBR212W,YPR080W,0,-5.822232,0.1125437468290329,0.6766334176063538,0.5335547924041748
YLR274W,YKR038C,0,-5.822262,0.11252301931381226,0.6766334176063538,0.5336655378341675
YOL123W,YNL123W,0,-5.8223324,0.11250229924917221,0.6766334176063538,0.5337762832641602
YGR147C,YDR126W,1,-5.8223386,0.11266568303108215,0.6777408719062805,0.5337762832641602
YGL252C,YGL175C,0,-5.822496,0.11264494806528091,0.6777408719062805,0.5338870286941528
YDR005C,YPR042C,0,-5.8225784,0.11262422055006027,0.6777408719062805,0.5339977741241455
YKR036C,YPL170W,0,-5.822979,0.11260349303483963,0.6777408719062805,0.5341085195541382
YBR089C-A,YDR485C,0,-5.8230176,0.11258278042078018,0.6777408719062805,0.5342192649841309
YHR001W-A,YJL052W,0,-5.82306,0.11256207525730133,0.6777408719062805,0.5343300104141235
YLR332W,YDL134C,0,-5.823074,0.11254137754440308,0.6777408719062805,0.5344407558441162
YPL156C,YBR123C,0,-5.8232284,0.11252068728208542,0.6777408719062805,0.5345515012741089
YKR052C,YHR139C,0,-5.8232493,0.11249999701976776,0.6777408719062805,0.5346622467041016
YDR411C,YPR033C,0,-5.8233256,0.1124793216586113,0.6777408719062805,0.5347729921340942
YDR040C,YCL054W,0,-5.823355,0.11245865374803543,0.6777408719062805,0.5348837375640869
YJL178C,YHL002W,0,-5.8234544,0.11243799328804016,0.6777408719062805,0.5349944829940796
YLL042C,YCR073C,0,-5.823492,0.11241734027862549,0.6777408719062805,0.5351052284240723
YML113W,YJR068W,0,-5.823543,0.11239669471979141,0.6777408719062805,0.5352159738540649
YHR011W,YIL076W,0,-5.823592,0.11237605661153793,0.6777408719062805,0.5353266596794128
YIL106W,YKL055C,0,-5.823804,0.11235542595386505,0.6777408719062805,0.5354374051094055
YDR081C,YMR263W,0,-5.823828,0.11233480274677277,0.6777408719062805,0.5355481505393982
YGR224W,YPR171W,0,-5.8239703,0.11231418699026108,0.6777408719062805,0.5356588959693909
YGR081C,YNL012W,0,-5.824232,0.11229357868432999,0.6777408719062805,0.5357696413993835
YKL062W,YPL029W,0,-5.8246217,0.11227297782897949,0.6777408719062805,0.5358803868293762
YGR188C,YNL161W,0,-5.8251686,0.1122523844242096,0.6777408719062805,0.5359911322593689
YOR049C,YIL068C,0,-5.82536,0.1122317984700203,0.6777408719062805,0.5361018776893616
YFR041C,YKL165C,0,-5.825544,0.11221121996641159,0.6777408719062805,0.5362126231193542
YDR145W,YBR198C,1,-5.8258066,0.1123739704489708,0.6788482666015625,0.5362126231193542
YKR065C,YDR545W,0,-5.8259196,0.1123533695936203,0.6788482666015625,0.5363233685493469
YPL194W,YDL077C,0,-5.825936,0.112332783639431,0.6788482666015625,0.5364341139793396
YJR093C,YHR204W,0,-5.826204,0.1123122051358223,0.6788482666015625,0.5365448594093323
YOR284W,YPR046W,0,-5.826403,0.11229162663221359,0.6788482666015625,0.536655604839325
YPL006W,YGL092W,0,-5.8264318,0.11227106302976608,0.6788482666015625,0.5367663502693176
YNR054C,YFL033C,0,-5.8266444,0.11225050687789917,0.6788482666015625,0.5368770956993103
YDR202C,YAR010C,0,-5.8267965,0.11222995072603226,0.6788482666015625,0.536987841129303
YFL039C,YJL081C,1,-5.8268275,0.11239245533943176,0.6799557209014893,0.536987841129303
YAL054C,YLR195C,1,-5.8269143,0.11255490779876709,0.6810631155967712,0.536987841129303
YCR073C,YOR179C,0,-5.826922,0.1125343069434166,0.6810631155967712,0.5370985865592957
YNL094W,YDR075W,0,-5.827308,0.1125137209892273,0.6810631155967712,0.5372093319892883
YLR155C,YNL097C,0,-5.827316,0.11249314248561859,0.6810631155967712,0.5373200178146362
YDR258C,YKR065C,0,-5.8273883,0.11247256398200989,0.6810631155967712,0.5374307632446289
YGR217W,YMR277W,0,-5.8276772,0.11245200037956238,0.6810631155967712,0.5375415086746216
YPL098C,YBR114W,0,-5.8276877,0.11243144422769547,0.6810631155967712,0.5376522541046143
YER015W,YMR069W,1,-5.827722,0.11259367316961288,0.682170569896698,0.5376522541046143
YMR319C,YGL194C,0,-5.8277454,0.11257310211658478,0.682170569896698,0.5377629995346069
YNL112W,YGL207W,0,-5.8279243,0.11255253106355667,0.682170569896698,0.5378737449645996
YJR064W,YCR033W,0,-5.828135,0.11253196746110916,0.682170569896698,0.5379844903945923
YAL015C,YCL008C,0,-5.828695,0.11251141875982285,0.682170569896698,0.538095235824585
YGR099W,YBR240C,0,-5.8288503,0.11249087005853653,0.682170569896698,0.5382059812545776
YDR446W,YML023C,0,-5.828998,0.11247032880783081,0.682170569896698,0.5383167266845703
YDR376W,YNL041C,0,-5.829128,0.11244980245828629,0.682170569896698,0.538427472114563
YGR284C,YLR238W,0,-5.829171,0.11242927610874176,0.682170569896698,0.5385382175445557
YIL154C,YNL016W,0,-5.8295155,0.11240875720977783,0.682170569896698,0.5386489629745483
YMR216C,YNL046W,0,-5.829564,0.1123882532119751,0.682170569896698,0.538759708404541
YGL246C,YML025C,0,-5.8296623,0.11236774921417236,0.682170569896698,0.5388704538345337
YNL161W,YPR105C,0,-5.8296742,0.11234725266695023,0.682170569896698,0.5389811992645264
YDR310C,YDR065W,0,-5.8298864,0.11232677102088928,0.682170569896698,0.539091944694519
YFL008W,YGL255W,0,-5.830242,0.11230628937482834,0.682170569896698,0.5392026305198669
YOR307C,YKL034W,0,-5.830316,0.11228581517934799,0.682170569896698,0.5393133759498596
YDR122W,YNR064C,0,-5.830335,0.11226535588502884,0.682170569896698,0.5394241213798523
YLR223C,YHR138C,0,-5.830587,0.11224489659070969,0.682170569896698,0.539534866809845
YHR036W,YKR062W,0,-5.8306603,0.11222445219755173,0.682170569896698,0.5396456122398376
YLR260W,YOL004W,0,-5.830689,0.11220400780439377,0.682170569896698,0.5397563576698303
YJR082C,YDR126W,1,-5.830705,0.11236569285392761,0.68327796459198,0.5397563576698303
YDR437W,YGL004C,0,-5.8309884,0.11234522610902786,0.68327796459198,0.539867103099823
YBL041W,YNR048W,0,-5.8310456,0.1123247742652893,0.68327796459198,0.5399778485298157
YNL309W,YGR090W,0,-5.831399,0.11230432987213135,0.68327796459198,0.5400885939598083
YAL021C,YPR163C,0,-5.831491,0.11228389292955399,0.68327796459198,0.540199339389801
YGR006W,YER169W,0,-5.8315654,0.11226346343755722,0.68327796459198,0.5403100848197937
YMR277W,YIL160C,0,-5.8319197,0.11224304139614105,0.68327796459198,0.5404208302497864
YDL008W,YNL253W,0,-5.8319263,0.11222262680530548,0.68327796459198,0.540531575679779
YOR038C,YLR006C,0,-5.83203,0.1122022196650505,0.68327796459198,0.5406423211097717
YBR278W,YBR088C,0,-5.832045,0.11218181997537613,0.68327796459198,0.5407530665397644
YCL075W,YLR346C,0,-5.832175,0.11216142773628235,0.68327796459198,0.5408638119697571
YAL026C,YMR224C,0,-5.832379,0.11214104294776917,0.68327796459198,0.5409745573997498
YGL068W,YLR026C,0,-5.832496,0.11212065815925598,0.68327796459198,0.5410852432250977
YIL119C,YMR216C,0,-5.832628,0.11210028827190399,0.68327796459198,0.5411959886550903
YOR171C,YGR159C,0,-5.832857,0.1120799258351326,0.68327796459198,0.541306734085083
YMR052W,YDL020C,0,-5.832861,0.1120595708489418,0.68327796459198,0.5414174795150757
YBR037C,YKL006C-A,0,-5.8329167,0.1120392233133316,0.68327796459198,0.5415282249450684
YOL135C,YGR197C,0,-5.8330154,0.112018883228302,0.68327796459198,0.541638970375061
YCL039W,YOR328W,0,-5.8332124,0.111998550593853,0.68327796459198,0.5417497158050537
YGR191W,YML097C,0,-5.8334107,0.11197821795940399,0.68327796459198,0.5418604612350464
YMR246W,YBR198C,1,-5.83345,0.11213935911655426,0.684385359287262,0.5418604612350464
YFL039C,YLL022C,1,-5.8337193,0.11230043321847916,0.6854928135871887,0.5418604612350464
YGL223C,YDR480W,0,-5.8337474,0.11228006333112717,0.6854928135871887,0.5419712066650391
YOR386W,YKL117W,0,-5.8338337,0.11225970089435577,0.6854928135871887,0.5420819520950317
YNL065W,YOR274W,0,-5.833896,0.11223934590816498,0.6854928135871887,0.5421926975250244
YBR110W,YGR214W,0,-5.834107,0.11221899837255478,0.6854928135871887,0.5423034429550171
YJR022W,YJL192C,0,-5.834206,0.11219865828752518,0.6854928135871887,0.5424141883850098
YMR275C,YDR389W,0,-5.8342533,0.11217832565307617,0.6854928135871887,0.5425249338150024
YGL180W,YDR280W,0,-5.834352,0.11215800046920776,0.6854928135871887,0.5426356792449951
YER015W,YDR126W,1,-5.834398,0.11231884360313416,0.6866002082824707,0.5426356792449951
YIL149C,YNL302C,0,-5.834482,0.11229849606752396,0.6866002082824707,0.5427464246749878
YOR284W,YKL205W,0,-5.8350015,0.11227816343307495,0.6866002082824707,0.5428571701049805
YJR125C,YGR070W,0,-5.835235,0.11225783079862595,0.6866002082824707,0.5429678559303284
YPR005C,YBL026W,0,-5.835323,0.11223750561475754,0.6866002082824707,0.543078601360321
YAL051W,YDL190C,0,-5.835393,0.11221719533205032,0.6866002082824707,0.5431893467903137
YCR057C,YCL019W,0,-5.8354335,0.11219688504934311,0.6866002082824707,0.5433000922203064
YPR023C,YPL129W,1,-5.835583,0.11235751956701279,0.6877076625823975,0.5433000922203064
YER019W,YJL054W,0,-5.8357844,0.11233719438314438,0.6877076625823975,0.5434108376502991
YLR016C,YMR203W,0,-5.8358545,0.11231687664985657,0.6877076625823975,0.5435215830802917
YNL116W,YBR022W,0,-5.835917,0.11229656636714935,0.6877076625823975,0.5436323285102844
YDR434W,YDR297W,0,-5.8359447,0.11227626353502274,0.6877076625823975,0.5437430739402771
YPR104C,YBR089C-A,0,-5.8359647,0.11225596815347672,0.6877076625823975,0.5438538193702698
YBR182C,YMR260C,0,-5.8359895,0.11223568022251129,0.6877076625823975,0.5439645648002625
YCL014W,YMR275C,0,-5.83604,0.11221539229154587,0.6877076625823975,0.5440753102302551
YNL041C,YAL013W,0,-5.8360953,0.11219511926174164,0.6877076625823975,0.5441860556602478
YNL009W,YCR058C,0,-5.836118,0.112174853682518,0.6877076625823975,0.5442968010902405
YDL040C,YBR198C,1,-5.8362327,0.1123351976275444,0.6888150572776794,0.5442968010902405
YCR057C,YNL309W,0,-5.8363004,0.11231491714715958,0.6888150572776794,0.5444075465202332
YBL032W,YAL010C,0,-5.8363557,0.11229463666677475,0.6888150572776794,0.5445182919502258
YMR236W,YHR090C,1,-5.8368287,0.11245487630367279,0.6899224519729614,0.5445182919502258
YGL008C,YNL055C,0,-5.8371625,0.11243458092212677,0.6899224519729614,0.5446290373802185
YIL038C,YNL012W,0,-5.837196,0.11241429299116135,0.6899224519729614,0.5447397828102112
YPR104C,YDR091C,0,-5.837242,0.11239401251077652,0.6899224519729614,0.5448504686355591
YHL047C,YDR190C,0,-5.837419,0.11237373948097229,0.6899224519729614,0.5449612140655518
YDR394W,YMR079W,0,-5.837613,0.11235347390174866,0.6899224519729614,0.5450719594955444
YBL023C,YBR256C,0,-5.8376956,0.11233321577310562,0.6899224519729614,0.5451827049255371
YER177W,YGR199W,0,-5.8377285,0.11231296509504318,0.6899224519729614,0.5452934503555298
YNR075W,YDR381W,0,-5.838172,0.11229271441698074,0.6899224519729614,0.5454041957855225
YCL040W,YDL038C,0,-5.8383775,0.1122724786400795,0.6899224519729614,0.5455149412155151
YJL020C,YNL317W,0,-5.83839,0.11225225031375885,0.6899224519729614,0.5456256866455078
YNL307C,YHR124W,0,-5.838432,0.1122320294380188,0.6899224519729614,0.5457364320755005
YOR274W,YML065W,0,-5.8384633,0.11221181601285934,0.6899224519729614,0.5458471775054932
YCL066W,YPL012W,0,-5.8385215,0.11219161003828049,0.6899224519729614,0.5459579229354858
YHR005C-A,YPL154C,0,-5.8385353,0.11217141151428223,0.6899224519729614,0.5460686683654785
YFR019W,YOL090W,0,-5.838741,0.11215121299028397,0.6899224519729614,0.5461794137954712
YLR328W,YNL229C,0,-5.8387647,0.1121310293674469,0.6899224519729614,0.5462901592254639
YOR119C,YOL127W,0,-5.8388124,0.11211085319519043,0.6899224519729614,0.5464009046554565
YLR206W,YGR170W,0,-5.8388896,0.11209067702293396,0.6899224519729614,0.5465116500854492
YEL036C,YPL155C,0,-5.838964,0.11207051575183868,0.6899224519729614,0.5466223955154419
YFL010W-A,YPR030W,0,-5.8393493,0.112050361931324,0.6899224519729614,0.5467331409454346
YBR029C,YIL095W,0,-5.839666,0.11203020811080933,0.6899224519729614,0.5468438267707825
YGL037C,YJR009C,0,-5.8399444,0.11201006919145584,0.6899224519729614,0.5469545722007751
YJL184W,YDL076C,0,-5.840238,0.11198993027210236,0.6899224519729614,0.5470653176307678
YBL084C,YBL058W,0,-5.8404665,0.11196980625391006,0.6899224519729614,0.5471760630607605
YKL016C,YJR144W,0,-5.8404937,0.11194968223571777,0.6899224519729614,0.5472868084907532
YOR260W,YHR074W,0,-5.8405776,0.11192957311868668,0.6899224519729614,0.5473975539207458
YHR142W,YLR438C-A,0,-5.84065,0.11190946400165558,0.6899224519729614,0.5475082993507385
YDR518W,YNL206C,0,-5.8407583,0.11188936978578568,0.6899224519729614,0.5476190447807312
YML065W,YBL055C,0,-5.840759,0.11186927556991577,0.6899224519729614,0.5477297902107239
YLR335W,YOL105C,0,-5.8407826,0.11184918880462646,0.6899224519729614,0.5478405356407166
YJR025C,YDR495C,0,-5.840801,0.11182911694049835,0.6899224519729614,0.5479512810707092
YKL045W,YIL119C,0,-5.840832,0.11180904507637024,0.6899224519729614,0.5480620265007019
YNL027W,YBL034C,0,-5.8408685,0.11178898066282272,0.6899224519729614,0.5481727719306946
YDL069C,YNL097C,0,-5.8408904,0.1117689236998558,0.6899224519729614,0.5482835173606873
YLR353W,YGL062W,0,-5.840988,0.11174888163805008,0.6899224519729614,0.5483942627906799
YDR078C,YDL229W,0,-5.8410153,0.11172883957624435,0.6899224519729614,0.5485050082206726
YFL039C,YMR236W,1,-5.8410525,0.1118881106376648,0.6910299062728882,0.5485050082206726
YHR114W,YLR192C,0,-5.8410707,0.11186805367469788,0.6910299062728882,0.5486157536506653
YDR317W,YOL088C,0,-5.8411775,0.11184800416231155,0.6910299062728882,0.5487264394760132
YMR068W,YDR411C,0,-5.8411775,0.11182795464992523,0.6910299062728882,0.5488371849060059
YDR329C,YBR162C,0,-5.841646,0.1118079200387001,0.6910299062728882,0.5489479303359985
YJR140C,YMR229C,0,-5.841649,0.11178789287805557,0.6910299062728882,0.5490586757659912
YOR098C,YDL077C,0,-5.841656,0.11176786571741104,0.6910299062728882,0.5491694211959839
YDR188W,YJL004C,0,-5.8417573,0.1117478534579277,0.6910299062728882,0.5492801666259766
YKL002W,YOL005C,0,-5.8421187,0.11172784119844437,0.6910299062728882,0.5493909120559692
YJR089W,YJL072C,0,-5.842403,0.11170784384012222,0.6910299062728882,0.5495016574859619
YDR446W,YDR363W,0,-5.842415,0.11168784648180008,0.6910299062728882,0.5496124029159546
YNL145W,YFL034C-B,0,-5.842644,0.11166785657405853,0.6910299062728882,0.5497231483459473
YOR213C,YNL079C,0,-5.843331,0.11164788156747818,0.6910299062728882,0.5498338937759399
YML080W,YOR330C,0,-5.8434954,0.11162790656089783,0.6910299062728882,0.5499446392059326
YIR017C,YIL038C,0,-5.843838,0.11160793900489807,0.6910299062728882,0.5500553846359253
YML059C,YHR161C,0,-5.843962,0.11158798635005951,0.6910299062728882,0.550166130065918
YOR018W,YNL131W,0,-5.8442087,0.11156803369522095,0.6910299062728882,0.5502768754959106
YBL042C,YLR312C-B,0,-5.8442574,0.11154808849096298,0.6910299062728882,0.5503876209259033
YHR187W,YMR284W,0,-5.8443685,0.11152815073728561,0.6910299062728882,0.550498366355896
YFL024C,YPR131C,1,-5.844453,0.11168692260980606,0.6921373009681702,0.550498366355896
YDL132W,YOR209C,0,-5.844508,0.1116669625043869,0.6921373009681702,0.5506090521812439
YBR234C,YDR318W,0,-5.844577,0.11164701730012894,0.6921373009681702,0.5507197976112366
YBR160W,YOL121C,0,-5.844826,0.11162707954645157,0.6921373009681702,0.5508305430412292
YNL136W,YCL010C,1,-5.8455167,0.11178571730852127,0.6932447552680969,0.5508305430412292
YBR234C,YCR072C,0,-5.84553,0.11176575720310211,0.6932447552680969,0.5509412884712219
YIL159W,YPL063W,0,-5.84561,0.11174580454826355,0.6932447552680969,0.5510520339012146
YDR296W,YDR369C,0,-5.845837,0.11172585934400558,0.6932447552680969,0.5511627793312073
YLR158C,YPR036W,0,-5.8460402,0.11170592159032822,0.6932447552680969,0.5512735247612
YLR438C-A,YDR363W-A,0,-5.8463287,0.11168599128723145,0.6932447552680969,0.5513842701911926
YNL280C,YNL070W,0,-5.846468,0.11166606843471527,0.6932447552680969,0.5514950156211853
YLR195C,YDR459C,1,-5.846519,0.11182450503110886,0.6943521499633789,0.5514950156211853
YOL027C,YIL030C,0,-5.846908,0.11180456727743149,0.6943521499633789,0.551605761051178
YLR369W,YPR140W,0,-5.847152,0.11178462952375412,0.6943521499633789,0.5517165064811707
YPL221W,YCR084C,0,-5.8472095,0.11176470667123795,0.6943521499633789,0.5518272519111633
YPL138C,YBL039C,0,-5.847329,0.11174478381872177,0.6943521499633789,0.551937997341156
YDR301W,YHR052W,0,-5.8473315,0.11172487586736679,0.6943521499633789,0.5520487427711487
YOL064C,YHR026W,0,-5.847336,0.11170496791601181,0.6943521499633789,0.5521594882011414
YOL068C,YJL042W,0,-5.8473463,0.11168507486581802,0.6943521499633789,0.552270233631134
YOL049W,YGR091W,0,-5.847444,0.11166518181562424,0.6943521499633789,0.5523809790611267
YLR216C,YPR068C,0,-5.8477473,0.11164529621601105,0.6943521499633789,0.5524916648864746
YBL063W,YER082C,0,-5.847954,0.11162542551755905,0.6943521499633789,0.5526024103164673
YLL022C,YBR198C,1,-5.848045,0.11178354918956757,0.6954596042633057,0.5526024103164673
YDR244W,YPR165W,0,-5.8480697,0.11176365613937378,0.6954596042633057,0.55271315574646
YHR119W,YHR020W,0,-5.8480945,0.11174377053976059,0.6954596042633057,0.5528239011764526
YPL119C,YNR059W,0,-5.84811,0.111723892390728,0.6954596042633057,0.5529346466064453
YBL079W,YOR191W,0,-5.8482647,0.111704021692276,0.6954596042633057,0.553045392036438
YKL032C,YOR328W,0,-5.8483644,0.111684150993824,0.6954596042633057,0.5531561374664307
YBR179C,YEL050C,0,-5.8483777,0.1116642951965332,0.6954596042633057,0.5532668828964233
YIL106W,YOR224C,0,-5.8488727,0.111644446849823,0.6954596042633057,0.553377628326416
YAL012W,YDR017C,0,-5.849068,0.11162459850311279,0.6954596042633057,0.5534883737564087
YDR046C,YKL015W,0,-5.8491197,0.11160476505756378,0.6954596042633057,0.5535991191864014
YLR228C,YBL079W,0,-5.8491225,0.11158493161201477,0.6954596042633057,0.553709864616394
YGR218W,YML131W,0,-5.849188,0.11156510561704636,0.6954596042633057,0.5538206100463867
YOL069W,YPL234C,0,-5.8494654,0.11154529452323914,0.6954596042633057,0.5539313554763794
YNL286W,YPL153C,0,-5.849592,0.11152548342943192,0.6954596042633057,0.5540421009063721
YLR304C,YGL208W,0,-5.8499174,0.11150567978620529,0.6954596042633057,0.5541528463363647
YGL073W,YPR018W,0,-5.8499594,0.11148588359355927,0.6954596042633057,0.5542635917663574
YCR012W,YML131W,0,-5.849978,0.11146610230207443,0.6954596042633057,0.5543743371963501
YLR100W,YER018C,0,-5.850541,0.1114463210105896,0.6954596042633057,0.554485023021698
YML095C,YDR146C,0,-5.8505726,0.11142654716968536,0.6954596042633057,0.5545957684516907
YKR097W,YBR012W-A,0,-5.8508677,0.11140677332878113,0.6954596042633057,0.5547065138816833
YMR246W,YCL010C,1,-5.8511615,0.11156438291072845,0.6965669989585876,0.5547065138816833
YCR061W,YPL033C,0,-5.8512897,0.11154460161924362,0.6965669989585876,0.554817259311676
YJL210W,YHR200W,0,-5.851365,0.11152482032775879,0.6965669989585876,0.5549280047416687
YPR008W,YLR266C,0,-5.851458,0.11150505393743515,0.6965669989585876,0.5550387501716614
YDR457W,YAL016W,0,-5.8517294,0.11148528754711151,0.6965669989585876,0.555149495601654
YIL013C,YGL115W,0,-5.8517337,0.11146553605794907,0.6965669989585876,0.5552602410316467
YIL063C,YLR346C,0,-5.851831,0.11144578456878662,0.6965669989585876,0.5553709864616394
YNL123W,YML038C,0,-5.8519893,0.11142604053020477,0.6965669989585876,0.5554817318916321
YGR239C,YJL113W,0,-5.8522735,0.11140630394220352,0.6965669989585876,0.5555924773216248
YLL042C,YLR403W,0,-5.852377,0.11138657480478287,0.6965669989585876,0.5557032227516174
YML023C,YOR356W,0,-5.852555,0.11136685311794281,0.6965669989585876,0.5558139681816101
YBL058W,YOR308C,0,-5.85262,0.11134713888168335,0.6965669989585876,0.5559247136116028
YOR023C,YLL022C,1,-5.8526845,0.11150442808866501,0.6976743936538696,0.5559247136116028
YLR160C,YER164W,0,-5.852879,0.11148469150066376,0.6976743936538696,0.5560354590415955
YGR246C,YKL194C,0,-5.8529263,0.1114649698138237,0.6976743936538696,0.5561462044715881
YBL016W,YGL226C-A,0,-5.8531547,0.11144524812698364,0.6976743936538696,0.5562569499015808
YNL278W,YNL312W,0,-5.853184,0.11142554134130478,0.6976743936538696,0.5563676357269287
YDR511W,YGL014W,0,-5.853249,0.11140583455562592,0.6976743936538696,0.5564783811569214
YDR411C,YMR067C,0,-5.853371,0.11138613522052765,0.6976743936538696,0.5565891265869141
YKL079W,YOL138C,0,-5.853617,0.11136645078659058,0.6976743936538696,0.5566998720169067
YER183C,YER031C,0,-5.8538117,0.1113467663526535,0.6976743936538696,0.5568106174468994
YDL155W,YIL030C,0,-5.8539796,0.11132708936929703,0.6976743936538696,0.5569213628768921
YJR150C,YKL166C,0,-5.854177,0.11130741983652115,0.6976743936538696,0.5570321083068848
YNL227C,YNL147W,0,-5.8541794,0.11128775775432587,0.6976743936538696,0.5571428537368774
YAL034W-A,YML013W,0,-5.8542914,0.11126810312271118,0.6976743936538696,0.5572535991668701
YJR118C,YMR177W,0,-5.8545895,0.1112484559416771,0.6976743936538696,0.5573643445968628
YFR019W,YGR078C,0,-5.8547525,0.1112288162112236,0.6976743936538696,0.5574750900268555
YMR280C,YER070W,0,-5.8548408,0.11120917648077011,0.6976743936538696,0.5575858354568481
YGL019W,YER088C,0,-5.8549676,0.11118955165147781,0.6976743936538696,0.5576965808868408
YOR074C,YPL274W,0,-5.8551574,0.11116993427276611,0.6976743936538696,0.5578073263168335
YDL020C,YDR293C,0,-5.855476,0.11115031689405441,0.6976743936538696,0.5579180717468262
YOR123C,YPR154W,0,-5.8562207,0.1111307144165039,0.6976743936538696,0.5580288171768188
YLR429W,YKL006C-A,0,-5.856367,0.1111111119389534,0.6976743936538696,0.5581395626068115
YBR267W,YGL212W,0,-5.8564878,0.11109151691198349,0.6976743936538696,0.5582502484321594
YLL043W,YHL002W,0,-5.8564925,0.11107192933559418,0.6976743936538696,0.5583609938621521
YGL061C,YMR203W,0,-5.8566275,0.11105235666036606,0.6976743936538696,0.5584717392921448
YLR411W,YDR065W,0,-5.856767,0.11103278398513794,0.6976743936538696,0.5585824847221375
YNL065W,YNL311C,0,-5.856887,0.11101321876049042,0.6976743936538696,0.5586932301521301
YKR068C,YJR076C,0,-5.85692,0.11099366098642349,0.6976743936538696,0.5588039755821228
YPR034W,YNL282W,0,-5.8569627,0.11097410321235657,0.6976743936538696,0.5589147210121155
YOL012C,YKL053C-A,0,-5.8570538,0.11095456033945084,0.6976743936538696,0.5590254664421082
YMR312W,YNL026W,0,-5.8570576,0.1109350249171257,0.6976743936538696,0.5591362118721008
YOR023C,YGL066W,1,-5.8573933,0.11109154671430588,0.6987818479537964,0.5591362118721008
YKL059C,YHR039C,0,-5.8576283,0.11107199639081955,0.6987818479537964,0.5592469573020935
YDR148C,YKL019W,0,-5.8579235,0.11105244606733322,0.6987818479537964,0.5593577027320862
YDR145W,YPL129W,1,-5.858195,0.11120887100696564,0.6998892426490784,0.5593577027320862
YPL127C,YMR161W,0,-5.858214,0.11118930578231812,0.6998892426490784,0.5594684481620789
YGL247W,YPR002W,0,-5.8582354,0.11116974800825119,0.6998892426490784,0.5595791935920715
YLR155C,YLR380W,0,-5.858371,0.11115019023418427,0.6998892426490784,0.5596899390220642
YML132W,YGR155W,0,-5.8587117,0.11113064736127853,0.6998892426490784,0.5598006844520569
YHR073W,YIL029C,0,-5.858808,0.1111111119389534,0.6998892426490784,0.5599114298820496
YDR126W,YHR090C,1,-5.8588862,0.11126735806465149,0.7009966969490051,0.5599114298820496
YDR394W,YMR053C,0,-5.859112,0.11124780029058456,0.7009966969490051,0.5600221753120422
YIL004C,YLR003C,0,-5.8591237,0.11122825741767883,0.7009966969490051,0.5601328611373901
YCR107W,YOR079C,0,-5.859522,0.1112087145447731,0.7009966969490051,0.5602436065673828
YJR108W,YEL041W,0,-5.8597198,0.11118917912244797,0.7009966969490051,0.5603543519973755
YJR131W,YOR254C,0,-5.8598247,0.11116965115070343,0.7009966969490051,0.5604650974273682
YHR079C-A,YDR324C,0,-5.8598647,0.11115013062953949,0.7009966969490051,0.5605758428573608
YBL080C,YDR353W,0,-5.8600154,0.11113061755895615,0.7009966969490051,0.5606865882873535
YNL323W,YGR055W,0,-5.860037,0.1111111119389534,0.7009966969490051,0.5607973337173462
YKL122C,YJL093C,0,-5.860105,0.11109161376953125,0.7009966969490051,0.5609080791473389
YKL179C,YDL078C,0,-5.8601375,0.1110721156001091,0.7009966969490051,0.5610188245773315
YPL006W,YNL167C,0,-5.8601565,0.11105263233184814,0.7009966969490051,0.5611295700073242
YFR024C-A,YOL027C,0,-5.860206,0.11103314906358719,0.7009966969490051,0.5612403154373169
YPR023C,YIL009W,1,-5.860234,0.11118905991315842,0.7021040916442871,0.5612403154373169
YCR040W,YLR212C,0,-5.8602366,0.11116956174373627,0.7021040916442871,0.5613510608673096
YJL060W,YML102W,0,-5.860267,0.11115007102489471,0.7021040916442871,0.5614618062973022
YOL017W,YHR197W,0,-5.8603377,0.11113058775663376,0.7021040916442871,0.5615725517272949
YCR048W,YOR349W,0,-5.860479,0.1111111119389534,0.7021040916442871,0.5616832971572876
YPL018W,YPL085W,0,-5.8606753,0.11109164357185364,0.7021040916442871,0.5617940425872803
YGR227W,YKR059W,0,-5.8607864,0.11107218265533447,0.7021040916442871,0.561904788017273
YMR246W,YPL129W,1,-5.8608265,0.11122788488864899,0.7032115459442139,0.561904788017273
YFL057C,YJL011C,0,-5.860911,0.11120840907096863,0.7032115459442139,0.5620155334472656
YGR119C,YOL055C,0,-5.860954,0.11118893325328827,0.7032115459442139,0.5621262192726135
YMR069W,YCL010C,1,-5.8611555,0.11134453862905502,0.7043189406394958,0.5621262192726135
YIL037C,YDR146C,0,-5.8614182,0.11132504791021347,0.7043189406394958,0.5622369647026062
YCL017C,YDR451C,0,-5.8617377,0.11130556464195251,0.7043189406394958,0.5623477101325989
YKL029C,YDL195W,0,-5.861935,0.11128608882427216,0.7043189406394958,0.5624584555625916
YKR057W,YGR212W,0,-5.8621545,0.1112666204571724,0.7043189406394958,0.5625692009925842
YHR061C,YNL334C,0,-5.8622117,0.11124715954065323,0.7043189406394958,0.5626799464225769
YOL095C,YGL004C,0,-5.8622236,0.11122769862413406,0.7043189406394958,0.5627906918525696
YGL106W,YDR027C,0,-5.862388,0.11120825260877609,0.7043189406394958,0.5629014372825623
YIL034C,YHR012W,0,-5.8624473,0.11118881404399872,0.7043189406394958,0.5630121827125549
YLR145W,YOR329C,0,-5.8624735,0.11116937547922134,0.7043189406394958,0.5631229281425476
YBR164C,YBR273C,0,-5.862518,0.11114994436502457,0.7043189406394958,0.5632336735725403
YGR213C,YBR254C,0,-5.862703,0.11113052815198898,0.7043189406394958,0.563344419002533
YIR004W,YGL127C,0,-5.86278,0.1111111119389534,0.7043189406394958,0.5634551644325256
YDR205W,YMR314W,0,-5.862853,0.11109170317649841,0.7043189406394958,0.5635659098625183
YOL116W,YBR079C,0,-5.862865,0.11107230186462402,0.7043189406394958,0.563676655292511
YGL200C,YOR217W,0,-5.862977,0.11105290800333023,0.7043189406394958,0.5637874007225037
YLR238W,YBL080C,0,-5.8631334,0.11103352159261703,0.7043189406394958,0.5638981461524963
YPR178W,YGR144W,0,-5.86348,0.11101413518190384,0.7043189406394958,0.5640088319778442
YGL098W,YLL012W,0,-5.8635697,0.11099476367235184,0.7043189406394958,0.5641195774078369
YNL138W,YJR026W,0,-5.863624,0.11097539961338043,0.7043189406394958,0.5642303228378296
YHR013C,YBR081C,1,-5.863767,0.1111304983496666,0.7054263353347778,0.5642303228378296
YEL062W,YGR119C,0,-5.8637834,0.1111111119389534,0.7054263353347778,0.5643410682678223
YGL173C,YLL034C,0,-5.863814,0.1110917329788208,0.7054263353347778,0.5644518136978149
YLR223C,YGL207W,0,-5.864135,0.1110723614692688,0.7054263353347778,0.5645625591278076
YCL039W,YDL128W,0,-5.8642898,0.1110529974102974,0.7054263353347778,0.5646733045578003
YKR066C,YGR276C,0,-5.864471,0.11103364080190659,0.7054263353347778,0.564784049987793
YGL100W,YDL112W,0,-5.8647766,0.11101429164409637,0.7054263353347778,0.5648947954177856
YDR397C,YDR443C,0,-5.864801,0.11099494993686676,0.7054263353347778,0.5650055408477783
YBR207W,YML098W,0,-5.864941,0.11097560822963715,0.7054263353347778,0.565116286277771
YJL101C,YMR266W,0,-5.865025,0.11095628142356873,0.7054263353347778,0.5652270317077637
YOL012C,YJL001W,0,-5.865458,0.1109369546175003,0.7054263353347778,0.5653377771377563
YNL268W,YDR281C,0,-5.8660235,0.11091763526201248,0.7054263353347778,0.565448522567749
YPR104C,YDR211W,0,-5.8661327,0.11089833080768585,0.7054263353347778,0.5655592679977417
YAL058W,YAL031C,0,-5.86614,0.11087902635335922,0.7054263353347778,0.5656700134277344
YDR337W,YDR353W,0,-5.866407,0.11085972934961319,0.7054263353347778,0.565780758857727
YLR370C,YOL067C,0,-5.8666296,0.11084043979644775,0.7054263353347778,0.565891444683075
YBR234C,YKL086W,0,-5.866654,0.11082115769386292,0.7054263353347778,0.5660021901130676
YDR258C,YMR218C,0,-5.8666773,0.11080187559127808,0.7054263353347778,0.5661129355430603
YDL079C,YGR063C,0,-5.8668523,0.11078260838985443,0.7054263353347778,0.566223680973053
YDL076C,YMR146C,0,-5.8668904,0.11076334863901138,0.7054263353347778,0.5663344264030457
YPR131C,YLL002W,1,-5.867003,0.11091794073581696,0.7065337896347046,0.5663344264030457
YNL041C,YPL010W,0,-5.8670287,0.11089865863323212,0.7065337896347046,0.5664451718330383
YGL035C,YOR027W,0,-5.8671966,0.11087939143180847,0.7065337896347046,0.566555917263031
YOR079C,YDL052C,0,-5.8672643,0.11086012423038483,0.7065337896347046,0.5666666626930237
YGR003W,YPR187W,0,-5.86741,0.11084086447954178,0.7065337896347046,0.5667774081230164
YLR022C,YBL058W,0,-5.8675995,0.11082161217927933,0.7065337896347046,0.566888153553009
YNR072W,YLR003C,0,-5.867644,0.11080235987901688,0.7065337896347046,0.5669988989830017
YNR017W,YPL118W,0,-5.86791,0.11078312247991562,0.7065337896347046,0.5671096444129944
YNL312W,YIR015W,0,-5.86796,0.11076389253139496,0.7065337896347046,0.5672203898429871
YKL185W,YKR020W,0,-5.868099,0.1107446625828743,0.7065337896347046,0.5673311352729797
YDR028C,YNL253W,0,-5.8685145,0.11072544008493423,0.7065337896347046,0.5674418807029724
YJL125C,YPL209C,0,-5.868523,0.11070623248815536,0.7065337896347046,0.5675526261329651
YIL013C,YLR033W,0,-5.8686156,0.1106870248913765,0.7065337896347046,0.5676633715629578
YIR005W,YKL108W,0,-5.8687997,0.11066782474517822,0.7065337896347046,0.5677740573883057
YDL197C,YEL009C,0,-5.8689466,0.11064863204956055,0.7065337896347046,0.5678848028182983
YBR107C,YDR180W,0,-5.8690286,0.11062944680452347,0.7065337896347046,0.567995548248291
YER119C,YLR208W,0,-5.8691382,0.11061026155948639,0.7065337896347046,0.5681062936782837
YDR499W,YDR213W,0,-5.8691754,0.1105910912156105,0.7065337896347046,0.5682170391082764
YLR153C,YPR131C,1,-5.869365,0.11074523627758026,0.7076411843299866,0.5682170391082764
YPL049C,YIL008W,0,-5.8695507,0.11072604358196259,0.7076411843299866,0.568327784538269
YNL225C,YLR044C,0,-5.8696294,0.1107068583369255,0.7076411843299866,0.5684385299682617
YGL089C,YNL026W,0,-5.8696694,0.11068768054246902,0.7076411843299866,0.5685492753982544
YCR065W,YMR011W,0,-5.869807,0.11066851764917374,0.7076411843299866,0.5686600208282471
YAL054C,YDR459C,1,-5.8699155,0.11082251369953156,0.7087486386299133,0.5686600208282471
YAL054C,YDR448W,1,-5.8699985,0.1109764575958252,0.7098560333251953,0.5686600208282471
YDL035C,YHR001W,0,-5.8701644,0.11095724254846573,0.7098560333251953,0.5687707662582397
YLR195C,YBR198C,1,-5.8704925,0.1111111119389534,0.7109634280204773,0.5687707662582397
YJL089W,YMR134W,0,-5.8705196,0.11109188199043274,0.7109634280204773,0.5688815116882324
YDR082W,YBR012W-B,0,-5.8706465,0.11107266694307327,0.7109634280204773,0.5689922571182251
YIL013C,YCR009C,0,-5.87067,0.1110534518957138,0.7109634280204773,0.5691030025482178
YGL087C,YFR048W,0,-5.8706727,0.11103424429893494,0.7109634280204773,0.5692137479782104
YDR377W,YJR144W,0,-5.870719,0.11101504415273666,0.7109634280204773,0.5693244934082031
YBR059C,YNL293W,0,-5.87095,0.11099585145711899,0.7109634280204773,0.5694352388381958
YMR060C,YER031C,0,-5.8709683,0.11097666621208191,0.7109634280204773,0.5695459842681885
YJL115W,YHR090C,1,-5.8710103,0.11113031208515167,0.712070882320404,0.5695459842681885
YDR206W,YIL026C,0,-5.8714,0.1111111119389534,0.712070882320404,0.5696566700935364
YLR015W,YER075C,0,-5.871613,0.11109191179275513,0.712070882320404,0.569767415523529
YGL236C,YJR046W,0,-5.8717523,0.11107272654771805,0.712070882320404,0.5698781609535217
YCR028C-A,YPL016W,0,-5.871856,0.11105354130268097,0.712070882320404,0.5699889063835144
YML116W,YGL122C,0,-5.8720174,0.11103436350822449,0.712070882320404,0.5700996518135071
YNL084C,YOL117W,0,-5.87211,0.1110151931643486,0.712070882320404,0.5702103972434998
YKL193C,YMR156C,0,-5.872151,0.11099603027105331,0.712070882320404,0.5703211426734924
YEL003W,YJL184W,0,-5.872278,0.11097687482833862,0.712070882320404,0.5704318881034851
YOL156W,YLR263W,0,-5.8723645,0.11095771938562393,0.712070882320404,0.5705426335334778
YDL099W,YNR031C,0,-5.872424,0.11093857884407043,0.712070882320404,0.5706533789634705
YCR082W,YML132W,0,-5.8732233,0.11091943830251694,0.712070882320404,0.5707641243934631
YKR055W,YGR275W,0,-5.873284,0.11090031266212463,0.712070882320404,0.5708748698234558
YJL094C,YER087C-A,0,-5.873324,0.11088118702173233,0.712070882320404,0.5709856152534485
YAL054C,YLL002W,1,-5.873326,0.11103448271751404,0.713178277015686,0.5709856152534485
YMR044W,YMR140W,0,-5.873364,0.11101534217596054,0.713178277015686,0.5710963606834412
YDL140C,YHR163W,0,-5.873376,0.11099620908498764,0.713178277015686,0.5712071061134338
YMR246W,YGL066W,1,-5.8736463,0.11114940792322159,0.7142857313156128,0.5712071061134338
YJR127C,YPL253C,0,-5.8738885,0.1111302524805069,0.7142857313156128,0.5713178515434265
YLR309C,YKL093W,0,-5.8739333,0.1111111119389534,0.7142857313156128,0.5714285969734192
YGR191W,YBL105C,0,-5.8742,0.1110919713973999,0.7142857313156128,0.5715393424034119
YOL001W,YHR008C,0,-5.874225,0.1110728457570076,0.7142857313156128,0.5716500282287598
YIL097W,YCR039C,0,-5.874252,0.1110537201166153,0.7142857313156128,0.5717607736587524
YHR027C,YLR079W,0,-5.8743634,0.11103460192680359,0.7142857313156128,0.5718715190887451
YCR089W,YOR319W,0,-5.874599,0.11101549118757248,0.7142857313156128,0.5719822645187378
YMR033W,YGR284C,0,-5.8746505,0.11099638789892197,0.7142857313156128,0.5720930099487305
YDR077W,YDR218C,0,-5.874783,0.11097729206085205,0.7142857313156128,0.5722037553787231
YMR041C,YNL281W,0,-5.8747835,0.11095819622278214,0.7142857313156128,0.5723145008087158
YPL181W,YJL072C,0,-5.87483,0.11093911528587341,0.7142857313156128,0.5724252462387085
YMR068W,YCR058C,0,-5.8749366,0.11092003434896469,0.7142857313156128,0.5725359916687012
YDL198C,YJL052W,0,-5.8750343,0.11090096086263657,0.7142857313156128,0.5726467370986938
YBL006C,YJL053W,0,-5.8751388,0.11088189482688904,0.7142857313156128,0.5727574825286865
YGR180C,YIR012W,0,-5.8752093,0.1108628362417221,0.7142857313156128,0.5728682279586792
YFR041C,YIL122W,0,-5.875231,0.11084378510713577,0.7142857313156128,0.5729789733886719
YOL121C,YLL041C,0,-5.8757577,0.11082474142313004,0.7142857313156128,0.5730897188186646
YLR153C,YEL056W,1,-5.8758817,0.11097749322652817,0.7153931260108948,0.5730897188186646
YLR016C,YER041W,0,-5.8759274,0.11095843464136124,0.7153931260108948,0.5732004642486572
YAL056W,YPR112C,0,-5.8759623,0.1109393760561943,0.7153931260108948,0.5733112096786499
YKR056W,YML040W,0,-5.876283,0.11092033237218857,0.7153931260108948,0.5734219551086426
YBR103W,YDR018C,0,-5.876342,0.11090128868818283,0.7153931260108948,0.5735326409339905
YJL094C,YLR303W,0,-5.8763556,0.11088225245475769,0.7153931260108948,0.5736433863639832
YHR120W,YJL145W,0,-5.8763742,0.11086322367191315,0.7153931260108948,0.5737541317939758
YPL160W,YDR227W,0,-5.8765197,0.1108442023396492,0.7153931260108948,0.5738648772239685
YAL013W,YER012W,0,-5.8765836,0.11082518100738525,0.7153931260108948,0.5739756226539612
YOR144C,YPL268W,0,-5.876858,0.1108061745762825,0.7153931260108948,0.5740863680839539
YPR164W,YDR243C,0,-5.8768597,0.11078717559576035,0.7153931260108948,0.5741971135139465
YDR270W,YGR047C,0,-5.8770537,0.11076817661523819,0.7153931260108948,0.5743078589439392
YPL227C,YBR023C,0,-5.877057,0.11074918508529663,0.7153931260108948,0.5744186043739319
YMR246W,YDR167W,1,-5.8776355,0.1109016090631485,0.7165005803108215,0.5744186043739319
YNR053C,YPR133W-A,0,-5.8779497,0.11088260263204575,0.7165005803108215,0.5745293498039246
YIR017C,YJL204C,0,-5.8780293,0.11086360365152359,0.7165005803108215,0.5746400952339172
YLR295C,YEL016C,0,-5.878363,0.11084461212158203,0.7165005803108215,0.5747508406639099
YIL010W,YPL144W,0,-5.8784475,0.11082562804222107,0.7165005803108215,0.5748615860939026
YBL084C,YOR250C,0,-5.879309,0.11080664396286011,0.7165005803108215,0.5749723315238953
YJR042W,YLR044C,0,-5.879391,0.11078767478466034,0.7165005803108215,0.5750830769538879
YCL035C,YEL002C,0,-5.879481,0.11076870560646057,0.7165005803108215,0.5751938223838806
YLL002W,YBR081C,1,-5.879531,0.11092092096805573,0.7176079750061035,0.5751938223838806
YOL112W,YLR090W,0,-5.879578,0.11090193688869476,0.7176079750061035,0.5753045678138733
YOR347C,YCR102C,0,-5.87968,0.1108829602599144,0.7176079750061035,0.5754152536392212
YML099C,YOR310C,0,-5.8797846,0.11086398363113403,0.7176079750061035,0.5755259990692139
YPR138C,YDR335W,0,-5.879872,0.11084502190351486,0.7176079750061035,0.5756367444992065
YKL012W,YNL070W,0,-5.8802013,0.11082606762647629,0.7176079750061035,0.5757474899291992
YBR179C,YDL030W,0,-5.880344,0.11080711334943771,0.7176079750061035,0.5758582353591919
YPR081C,YHL006C,0,-5.8805237,0.11078816652297974,0.7176079750061035,0.5759689807891846
YDL029W,YPL155C,0,-5.8808208,0.11076922714710236,0.7176079750061035,0.5760797262191772
YDL076C,YDR369C,0,-5.8808675,0.11075030267238617,0.7176079750061035,0.5761904716491699
YBR158W,YDL244W,0,-5.8808837,0.11073137074708939,0.7176079750061035,0.5763012170791626
YBL024W,YKR008W,0,-5.8809104,0.1107124537229538,0.7176079750061035,0.5764119625091553
YJR091C,YKR063C,0,-5.8809986,0.1106935441493988,0.7176079750061035,0.576522707939148
YCR055C,YGR143W,0,-5.8813806,0.11067463457584381,0.7176079750061035,0.5766334533691406
YML103C,YDR175C,0,-5.881409,0.11065573990345001,0.7176079750061035,0.5767441987991333
YFR002W,YPL131W,0,-5.881413,0.11063684523105621,0.7176079750061035,0.576854944229126
YOR213C,YPL138C,0,-5.881434,0.11061795800924301,0.7176079750061035,0.5769656896591187
YBR102C,YOR132W,0,-5.881693,0.1105990782380104,0.7176079750061035,0.5770764350891113
YHR081W,YMR268C,0,-5.8817506,0.1105802059173584,0.7176079750061035,0.577187180519104
YML129C,YMR091C,0,-5.881752,0.11056134104728699,0.7176079750061035,0.5772978663444519
YMR211W,YKL074C,0,-5.88177,0.11054247617721558,0.7176079750061035,0.5774086117744446
YER149C,YKL015W,0,-5.8818526,0.11052362620830536,0.7176079750061035,0.5775193572044373
YDL226C,YJL093C,0,-5.882062,0.11050477623939514,0.7176079750061035,0.5776301026344299
YCL016C,YNL264C,0,-5.8821235,0.11048593372106552,0.7176079750061035,0.5777408480644226
YER155C,YBR061C,0,-5.882191,0.1104670986533165,0.7176079750061035,0.5778515934944153
YLR242C,YIL039W,0,-5.882592,0.11044827103614807,0.7176079750061035,0.577962338924408
YBR182C,YDR200C,0,-5.8827624,0.11042945086956024,0.7176079750061035,0.5780730843544006
YDR081C,YOR007C,0,-5.882799,0.11041063070297241,0.7176079750061035,0.5781838297843933
YIL106W,YLR135W,0,-5.8829303,0.11039182543754578,0.7176079750061035,0.578294575214386
YHR107C,YNL121C,0,-5.883186,0.11037302017211914,0.7176079750061035,0.5784053206443787
YPL101W,YHR034C,0,-5.8834968,0.1103542223572731,0.7176079750061035,0.5785160660743713
YLL042C,YPR020W,0,-5.883854,0.11033543199300766,0.7176079750061035,0.578626811504364
YPR052C,YPL029W,0,-5.8838725,0.11031664907932281,0.7176079750061035,0.5787375569343567
YJL062W,YDR381W,0,-5.8839145,0.11029787361621857,0.7176079750061035,0.5788483023643494
YPL231W,YML059C,0,-5.8841853,0.11027909815311432,0.7176079750061035,0.578959047794342
YBR065C,YIL039W,0,-5.8843102,0.11026033759117126,0.7176079750061035,0.5790697932243347
YGL033W,YIL042C,0,-5.8843565,0.11024157702922821,0.7176079750061035,0.5791805386543274
YOR304W,YER013W,0,-5.884358,0.11022282391786575,0.7176079750061035,0.5792912244796753
YGR143W,YGL249W,0,-5.884441,0.11020407825708389,0.7176079750061035,0.579401969909668
YJL024C,YGR200C,0,-5.884517,0.11018534004688263,0.7176079750061035,0.5795127153396606
YNL288W,YJL203W,0,-5.884542,0.11016660928726196,0.7176079750061035,0.5796234607696533
YOR188W,YBR111W-A,0,-5.884664,0.1101478859782219,0.7176079750061035,0.579734206199646
YEL029C,YNL055C,0,-5.8847566,0.11012916266918182,0.7176079750061035,0.5798449516296387
YOR026W,YNR054C,0,-5.884806,0.11011044681072235,0.7176079750061035,0.5799556970596313
YBR168W,YDR527W,0,-5.8848176,0.11009174585342407,0.7176079750061035,0.580066442489624
YEL066W,YGL066W,1,-5.884866,0.11024291068315506,0.7187153697013855,0.580066442489624
YHR019C,YBR279W,0,-5.885203,0.11022418737411499,0.7187153697013855,0.5801771879196167
YDL132W,YFL033C,0,-5.885484,0.11020547151565552,0.7187153697013855,0.5802879333496094
YML120C,YLR369W,0,-5.885484,0.11018675565719604,0.7187153697013855,0.580398678779602
YDR178W,YBL055C,0,-5.8856645,0.11016805469989777,0.7187153697013855,0.5805094242095947
YOL130W,YGL100W,0,-5.8857856,0.11014935374259949,0.7187153697013855,0.5806201696395874
YLR105C,YBR061C,0,-5.8858905,0.1101306602358818,0.7187153697013855,0.5807309150695801
YPL008W,YBR042C,0,-5.885932,0.11011198163032532,0.7187153697013855,0.5808416604995728
YDL231C,YER006W,0,-5.8860345,0.11009330302476883,0.7187153697013855,0.5809524059295654
YLR353W,YOR307C,0,-5.8860564,0.11007462441921234,0.7187153697013855,0.5810631513595581
YDL117W,YBL080C,0,-5.8861055,0.11005596071481705,0.7187153697013855,0.581173837184906
YIL023C,YJR026W,0,-5.8861833,0.11003730446100235,0.7187153697013855,0.5812845826148987
YBL047C,YER151C,0,-5.8863244,0.11001864820718765,0.7187153697013855,0.5813953280448914
YOR080W,YDR227W,0,-5.886341,0.10999999940395355,0.7187153697013855,0.581506073474884
YOL023W,YHR143W-A,0,-5.8866343,0.10998135805130005,0.7187153697013855,0.5816168189048767
YJL085W,YKR079C,0,-5.886663,0.10996272414922714,0.7187153697013855,0.5817275643348694
YPL135W,YJR103W,0,-5.887075,0.10994409769773483,0.7187153697013855,0.5818383097648621
YCR082W,YJR031C,0,-5.887135,0.10992547124624252,0.7187153697013855,0.5819490551948547
YEL056W,YLL002W,1,-5.8875394,0.11007620394229889,0.7198228240013123,0.5819490551948547
YPL040C,YIL046W,0,-5.887667,0.11005757004022598,0.7198228240013123,0.5820598006248474
YGR156W,YDR018C,0,-5.8877683,0.11003893613815308,0.7198228240013123,0.5821705460548401
YNR075W,YAR007C,0,-5.8878684,0.11002030968666077,0.7198228240013123,0.5822812914848328
YNL059C,YHR165C,0,-5.8879757,0.11000169068574905,0.7198228240013123,0.5823920369148254
YDR318W,YPL098C,0,-5.888137,0.10998307913541794,0.7198228240013123,0.5825027823448181
YLR423C,YCR102C,0,-5.8883224,0.10996447503566742,0.7198228240013123,0.5826135277748108
YLL018C-A,YMR312W,0,-5.88833,0.1099458709359169,0.7198228240013123,0.5827242732048035
YDR414C,YOL102C,0,-5.8884473,0.10992728173732758,0.7198228240013123,0.5828350186347961
YML047C,YJR019C,0,-5.888452,0.10990869253873825,0.7198228240013123,0.5829457640647888
YHR116W,YOR224C,0,-5.8886037,0.10989011079072952,0.7198228240013123,0.5830564498901367
YHR013C,YOL148C,1,-5.888665,0.1100405678153038,0.7209302186965942,0.5830564498901367
YCR039C,YDL052C,0,-5.8887563,0.11002197116613388,0.7209302186965942,0.5831671953201294
YML078W,YPR006C,0,-5.8890023,0.11000338196754456,0.7209302186965942,0.5832779407501221
YOR002W,YMR188C,0,-5.889505,0.10998479276895523,0.7209302186965942,0.5833886861801147
YMR225C,YMR060C,0,-5.8895173,0.1099662184715271,0.7209302186965942,0.5834994316101074
YOR023C,YCL010C,1,-5.8896847,0.11011653393507004,0.722037672996521,0.5834994316101074
YJL031C,YNL130C,0,-5.889802,0.11009793728590012,0.722037672996521,0.5836101770401001
YAR002C-A,YJL094C,0,-5.8902063,0.11007934808731079,0.722037672996521,0.5837209224700928
YGR224W,YJR002W,0,-5.890213,0.11006076633930206,0.722037672996521,0.5838316679000854
YMR035W,YEL004W,0,-5.8902392,0.11004219204187393,0.722037672996521,0.5839424133300781
YKL002W,YJL033W,0,-5.890311,0.1100236251950264,0.722037672996521,0.5840531587600708
YPR188C,YBR168W,0,-5.890352,0.11000505834817886,0.722037672996521,0.5841639041900635
YFR013W,YOR321W,0,-5.8904204,0.10998650640249252,0.722037672996521,0.5842746496200562
YGL095C,YOR272W,0,-5.890435,0.10996795445680618,0.722037672996521,0.5843853950500488
YPR103W,YML097C,0,-5.8908772,0.10994940996170044,0.722037672996521,0.5844961404800415
YKR007W,YER070W,0,-5.891093,0.10993087291717529,0.722037672996521,0.5846068859100342
YDR167W,YMR236W,1,-5.8910975,0.11008092015981674,0.723145067691803,0.5846068859100342
YGR169C,YIR018W,0,-5.8911114,0.1100623607635498,0.723145067691803,0.5847176313400269
YJR070C,YGR179C,0,-5.891133,0.11004381626844406,0.723145067691803,0.5848283767700195
YKL176C,YOL104C,0,-5.891319,0.11002527177333832,0.723145067691803,0.5849390625953674
YNL042W,YDR457W,0,-5.891438,0.11000674217939377,0.723145067691803,0.5850498080253601
YDL138W,YLR403W,0,-5.891538,0.10998821258544922,0.723145067691803,0.5851605534553528
YJR082C,YMR069W,1,-5.891617,0.11013809591531754,0.724252462387085,0.5851605534553528
YLR131C,YPL006W,0,-5.891774,0.11011955142021179,0.724252462387085,0.5852712988853455
YNL098C,YJR126C,0,-5.8918614,0.11010100692510605,0.724252462387085,0.5853820443153381
YKR027W,YPR104C,0,-5.892596,0.1100824773311615,0.724252462387085,0.5854927897453308
YPR001W,YGL127C,0,-5.892881,0.11006395518779755,0.724252462387085,0.5856035351753235
YGL106W,YNL046W,0,-5.8930497,0.1100454330444336,0.724252462387085,0.5857142806053162
YDL243C,YBL032W,0,-5.8931727,0.11002691835165024,0.724252462387085,0.5858250260353088
YJL115W,YCL010C,1,-5.893288,0.11017661541700363,0.7253599166870117,0.5858250260353088
YNL220W,YAL024C,0,-5.8938546,0.11015808582305908,0.7253599166870117,0.5859357714653015
YDR188W,YOR344C,0,-5.8939285,0.11013956367969513,0.7253599166870117,0.5860465168952942
YLR015W,YJL036W,0,-5.894009,0.11012104898691177,0.7253599166870117,0.5861572623252869
YER165W,YOL091W,0,-5.894201,0.11010254174470901,0.7253599166870117,0.5862680077552795
YKL021C,YPR054W,0,-5.8942943,0.11008403450250626,0.7253599166870117,0.5863787531852722
YOR249C,YIL009C-A,0,-5.8943553,0.1100655347108841,0.7253599166870117,0.5864894986152649
YKL194C,YMR077C,0,-5.8944488,0.11004704236984253,0.7253599166870117,0.5866002440452576
YGR230W,YNL112W,0,-5.8945813,0.11002855747938156,0.7253599166870117,0.5867109894752502
YMR083W,YIR013C,0,-5.8946757,0.11001008003950119,0.7253599166870117,0.5868217349052429
YGL151W,YCR012W,0,-5.894741,0.10999160259962082,0.7253599166870117,0.5869324207305908
YOR257W,YNL062C,0,-5.8947825,0.10997313261032104,0.7253599166870117,0.5870431661605835
YJL090C,YKL182W,0,-5.894897,0.10995467752218246,0.7253599166870117,0.5871539115905762
YPL180W,YAR010C,0,-5.894907,0.10993622243404388,0.7253599166870117,0.5872646570205688
YKL170W,YPL152W,0,-5.8950086,0.1099177747964859,0.7253599166870117,0.5873754024505615
YOL009C,YOR004W,0,-5.8951554,0.10989932715892792,0.7253599166870117,0.5874861478805542
YPR046W,YCR066W,0,-5.895196,0.10988089442253113,0.7253599166870117,0.5875968933105469
YPR199C,YJR140C,0,-5.8952208,0.10986246168613434,0.7253599166870117,0.5877076387405396
YGR220C,YCR028C-A,0,-5.8952584,0.10984403640031815,0.7253599166870117,0.5878183841705322
YGR145W,YBR037C,0,-5.895284,0.10982561856508255,0.7253599166870117,0.5879291296005249
YNL242W,YNL197C,0,-5.89549,0.10980720818042755,0.7253599166870117,0.5880398750305176
YLR011W,YOR229W,0,-5.895601,0.10978880524635315,0.7253599166870117,0.5881506204605103
YHR001W,YOL147C,0,-5.8957877,0.10977040231227875,0.7253599166870117,0.5882613658905029
YDR214W,YLR138W,0,-5.895844,0.10975201427936554,0.7253599166870117,0.5883721113204956
YJL204C,YOR001W,0,-5.8959155,0.10973362624645233,0.7253599166870117,0.5884828567504883
YJR092W,YDL079C,0,-5.8960757,0.10971524566411972,0.7253599166870117,0.588593602180481
YDL145C,YMR016C,0,-5.8961563,0.10969686508178711,0.7253599166870117,0.5887043476104736
YJL115W,YBR081C,1,-5.896198,0.10984595119953156,0.7264673113822937,0.5887043476104736
YJL170C,YKR003W,0,-5.896397,0.10982755571603775,0.7264673113822937,0.5888150334358215
YJL165C,YGL098W,0,-5.896438,0.10980917513370514,0.7264673113822937,0.5889257788658142
YPL046C,YLR081W,0,-5.8964787,0.10979079455137253,0.7264673113822937,0.5890365242958069
YPL022W,YJL052W,0,-5.8965745,0.10977242141962051,0.7264673113822937,0.5891472697257996
YER042W,YLR005W,0,-5.896685,0.1097540557384491,0.7264673113822937,0.5892580151557922
YPL274W,YPL163C,0,-5.8967776,0.10973569750785828,0.7264673113822937,0.5893687605857849
YML004C,YCL008C,0,-5.8967805,0.10971734672784805,0.7264673113822937,0.5894795060157776
YDR017C,YGR111W,0,-5.8967953,0.10969899594783783,0.7264673113822937,0.5895902514457703
YNR015W,YER041W,0,-5.8968434,0.1096806526184082,0.7264673113822937,0.5897009968757629
YMR012W,YPR155C,0,-5.897111,0.10966231673955917,0.7264673113822937,0.5898117423057556
YOR346W,YER019C-A,0,-5.897145,0.10964398831129074,0.7264673113822937,0.5899224877357483
YFL011W,YBR093C,0,-5.8973937,0.1096256673336029,0.7264673113822937,0.590033233165741
YKL146W,YGL194C,0,-5.8976483,0.10960735380649567,0.7264673113822937,0.5901439785957336
YOR038C,YIL048W,0,-5.8977733,0.10958904027938843,0.7264673113822937,0.5902547240257263
YMR220W,YGL018C,0,-5.897844,0.10957073420286179,0.7264673113822937,0.590365469455719
YDR028C,YOR001W,0,-5.898362,0.10955243557691574,0.7264673113822937,0.5904762148857117
YNL270C,YLR448W,0,-5.8983707,0.10953414440155029,0.7264673113822937,0.5905869603157043
YGR113W,YKL152C,0,-5.89848,0.10951586067676544,0.7264673113822937,0.5906976461410522
YIL131C,YNL090W,0,-5.898715,0.10949757695198059,0.7264673113822937,0.5908083915710449
YDR301W,YPL239W,0,-5.898889,0.10947930812835693,0.7264673113822937,0.5909191370010376
YJR064W,YNL003C,0,-5.8990993,0.10946103930473328,0.7264673113822937,0.5910298824310303
YPL240C,YMR046C,0,-5.8992753,0.10944277793169022,0.7264673113822937,0.591140627861023
YER146W,YPL032C,0,-5.899426,0.10942452400922775,0.7264673113822937,0.5912513732910156
YDL192W,YNL145W,0,-5.899546,0.10940627008676529,0.7264673113822937,0.5913621187210083
YGR258C,YDR389W,0,-5.8996124,0.10938803106546402,0.7264673113822937,0.591472864151001
YDL099W,YDL069C,0,-5.8997827,0.10936979204416275,0.7264673113822937,0.5915836095809937
YOR329C,YDR407C,0,-5.899992,0.10935156047344208,0.7264673113822937,0.5916943550109863
YDR423C,YJL141C,0,-5.900035,0.109333336353302,0.7264673113822937,0.591805100440979
YDR448W,YGR002C,1,-5.9000363,0.10948175191879272,0.7275747656822205,0.591805100440979
YER108C,YMR113W,0,-5.900083,0.10946351289749146,0.7275747656822205,0.5919158458709717
YDR363W-A,YBR183W,0,-5.900559,0.10944527387619019,0.7275747656822205,0.5920265913009644
YNL116W,YOR038C,0,-5.900653,0.10942704975605011,0.7275747656822205,0.592137336730957
YOR232W,YHR161C,0,-5.9007373,0.10940882563591003,0.7275747656822205,0.5922480821609497
YBR171W,YKL034W,0,-5.9014115,0.10939060896635056,0.7275747656822205,0.5923588275909424
YKL114C,YGR167W,0,-5.9014363,0.10937239974737167,0.7275747656822205,0.5924695730209351
YDR302W,YCL055W,0,-5.901441,0.10935419797897339,0.7275747656822205,0.592580258846283
YGR167W,YGR256W,0,-5.9015117,0.1093359962105751,0.7275747656822205,0.5926910042762756
YOR094W,YPL100W,0,-5.9015346,0.10931780189275742,0.7275747656822205,0.5928017497062683
YEL065W,YJL045W,0,-5.902056,0.10929961502552032,0.7275747656822205,0.592912495136261
YBL003C,YDR422C,0,-5.9020996,0.10928143560886383,0.7275747656822205,0.5930232405662537
YIR005W,YBL050W,0,-5.9021096,0.10926326364278793,0.7275747656822205,0.5931339859962463
YPR124W,YPR173C,0,-5.902185,0.10924509167671204,0.7275747656822205,0.593244731426239
YBR179C,YPR161C,0,-5.902328,0.10922693461179733,0.7275747656822205,0.5933554768562317
YGL105W,YOL145C,0,-5.902821,0.10920877754688263,0.7275747656822205,0.5934662222862244
YFL024C,YLL022C,1,-5.9029293,0.1093568205833435,0.7286821603775024,0.5934662222862244
YER107C,YDR002W,0,-5.902982,0.10933864861726761,0.7286821603775024,0.593576967716217
YGR217W,YDR159W,0,-5.903593,0.10932048410177231,0.7286821603775024,0.5936877131462097
YLR117C,YKL012W,0,-5.903668,0.1093023270368576,0.7286821603775024,0.5937984585762024
YAL042W,YDL148C,0,-5.904015,0.1092841699719429,0.7286821603775024,0.5939092040061951
YOR233W,YLR268W,0,-5.904034,0.10926602780818939,0.7286821603775024,0.5940199494361877
YJL081C,YLR195C,1,-5.9045124,0.10941391438245773,0.7297896146774292,0.5940199494361877
YMR055C,YCL016C,0,-5.90457,0.10939574986696243,0.7297896146774292,0.5941306948661804
YMR076C,YKL212W,0,-5.90471,0.10937759280204773,0.7297896146774292,0.5942414402961731
YPR200C,YLR318W,0,-5.9050803,0.10935944318771362,0.7297896146774292,0.5943521857261658
YAL035W,YLR447C,0,-5.9052014,0.10934130102396011,0.7297896146774292,0.5944629311561584
YDL135C,YNL070W,0,-5.9052806,0.1093231588602066,0.7297896146774292,0.5945736169815063
YJR160C,YGL006W,0,-5.905316,0.10930502414703369,0.7297896146774292,0.594684362411499
YOL156W,YDL112W,0,-5.9053826,0.10928689688444138,0.7297896146774292,0.5947951078414917
YBR280C,YER148W,0,-5.9054136,0.10926877707242966,0.7297896146774292,0.5949058532714844
YBR237W,YGR285C,0,-5.905512,0.10925066471099854,0.7297896146774292,0.595016598701477
YEL036C,YDR289C,0,-5.9057937,0.10923255234956741,0.7297896146774292,0.5951273441314697
YMR167W,YPL174C,0,-5.905993,0.10921445488929749,0.7297896146774292,0.5952380895614624
YOR034C,YFL024C,1,-5.9063897,0.10936205834150314,0.7308970093727112,0.5952380895614624
YLL022C,YHR090C,1,-5.906466,0.10950960963964462,0.7320044040679932,0.5952380895614624
YHR013C,YMR236W,1,-5.906523,0.10965711623430252,0.7331118583679199,0.5952380895614624
YKL101W,YJL166W,0,-5.906594,0.10963895171880722,0.7331118583679199,0.5953488349914551
YDL111C,YGR270W,0,-5.907262,0.10962079465389252,0.7331118583679199,0.5954595804214478
YHR142W,YJL091C,0,-5.90745,0.10960265249013901,0.7331118583679199,0.5955703258514404
YOR181W,YPL206C,0,-5.9075055,0.1095845028758049,0.7331118583679199,0.5956810712814331
YDL140C,YJL052W,0,-5.907596,0.10956636816263199,0.7331118583679199,0.5957918167114258
YNR019W,YJL054W,0,-5.9076123,0.10954824090003967,0.7331118583679199,0.5959025621414185
YEL017C-A,YAL017W,0,-5.9076266,0.10953011363744736,0.7331118583679199,0.5960133075714111
YDR435C,YMR077C,0,-5.9077134,0.10951199382543564,0.7331118583679199,0.5961240530014038
YDR062W,YLR208W,0,-5.9079404,0.10949388146400452,0.7331118583679199,0.5962347984313965
YOL038W,YPL210C,0,-5.907949,0.10947577655315399,0.7331118583679199,0.5963455438613892
YKR055W,YNR015W,0,-5.9082255,0.10945767164230347,0.7331118583679199,0.5964562296867371
YML095C,YOR049C,0,-5.9084764,0.10943957418203354,0.7331118583679199,0.5965669751167297
YGL078C,YCR014C,0,-5.908535,0.10942148417234421,0.7331118583679199,0.5966777205467224
YKL129C,YOR212W,0,-5.908793,0.10940340161323547,0.7331118583679199,0.5967884659767151
YAL022C,YNL075W,0,-5.908849,0.10938532650470734,0.7331118583679199,0.5968992114067078
YGL194C,YFL011W,0,-5.9088836,0.1093672588467598,0.7331118583679199,0.5970099568367004
YHR174W,YKL176C,0,-5.908913,0.10934919118881226,0.7331118583679199,0.5971207022666931
YML012W,YBR293W,0,-5.9089494,0.10933113098144531,0.7331118583679199,0.5972314476966858
YJR065C,YNL288W,0,-5.909069,0.10931307822465897,0.7331118583679199,0.5973421931266785
YER016W,YCR075C,0,-5.9094105,0.10929503291845322,0.7331118583679199,0.5974529385566711
YOL005C,YIL023C,0,-5.9097104,0.10927698761224747,0.7331118583679199,0.5975636839866638
YMR246W,YPL001W,1,-5.909833,0.10942399501800537,0.7342192530632019,0.5975636839866638
YLR067C,YGR123C,0,-5.9099555,0.10940594226121902,0.7342192530632019,0.5976744294166565
YGL201C,YPR191W,0,-5.9101334,0.10938788950443268,0.7342192530632019,0.5977851748466492
YJL214W,YLR329W,0,-5.9101577,0.10936984419822693,0.7342192530632019,0.5978959202766418
YOR310C,YDR135C,0,-5.9101825,0.10935180634260178,0.7342192530632019,0.5980066657066345
YBR091C,YHR039C,0,-5.910442,0.10933377593755722,0.7342192530632019,0.5981174111366272
YJL062W,YDR280W,0,-5.9106274,0.10931574553251266,0.7342192530632019,0.5982281565666199
YGR163W,YOL113W,0,-5.9106326,0.1092977225780487,0.7342192530632019,0.5983388423919678
YNR015W,YNR006W,0,-5.9107184,0.10927970707416534,0.7342192530632019,0.5984495878219604
YNR056C,YIR033W,0,-5.9107795,0.10926169902086258,0.7342192530632019,0.5985603332519531
YNL039W,YDR490C,0,-5.9109187,0.10924369841814041,0.7342192530632019,0.5986710786819458
YIR017C,YBL050W,0,-5.9110713,0.10922569781541824,0.7342192530632019,0.5987818241119385
YOL115W,YHR119W,0,-5.911102,0.10920771211385727,0.7342192530632019,0.5988925695419312
YBR183W,YOL138C,0,-5.9114394,0.1091897264122963,0.7342192530632019,0.5990033149719238
YGR163W,YDL020C,0,-5.912003,0.10917174071073532,0.7342192530632019,0.5991140604019165
YDL220C,YER095W,0,-5.912065,0.10915376991033554,0.7342192530632019,0.5992248058319092
YDR118W,YLR284C,0,-5.9120975,0.10913579910993576,0.7342192530632019,0.5993355512619019
YLR138W,YPL239W,0,-5.912148,0.10911784321069717,0.7342192530632019,0.5994462966918945
YGR166W,YOR298C-A,0,-5.912171,0.10909988731145859,0.7342192530632019,0.5995570421218872
YPL169C,YIL147C,0,-5.912496,0.10908193141222,0.7342192530632019,0.5996677875518799
YPL209C,YJL026W,0,-5.9127965,0.10906399041414261,0.7342192530632019,0.5997785329818726
YLR220W,YAR018C,0,-5.9128594,0.10904604941606522,0.7342192530632019,0.5998892784118652
YMR199W,YBR159W,0,-5.913125,0.10902812331914902,0.7342192530632019,0.6000000238418579
YPL001W,YOR064C,1,-5.913258,0.10917461663484573,0.7353267073631287,0.6000000238418579
YDR180W,YLR212C,0,-5.913517,0.10915666818618774,0.7353267073631287,0.6001107692718506
YER174C,YOR018W,0,-5.913634,0.10913872718811035,0.7353267073631287,0.6002214550971985
YPL121C,YLR435W,0,-5.9137692,0.10912078619003296,0.7353267073631287,0.6003322005271912
YJL014W,YNL192W,0,-5.913953,0.10910286009311676,0.7353267073631287,0.6004429459571838
YGL208W,YKL175W,0,-5.9142003,0.10908493399620056,0.7353267073631287,0.6005536913871765
YBR177C,YKL042W,0,-5.9142823,0.10906701534986496,0.7353267073631287,0.6006644368171692
YFL024C,YCL010C,1,-5.914611,0.10921333730220795,0.7364341020584106,0.6006644368171692
YHR013C,YDR167W,1,-5.9147873,0.10935960710048676,0.7375415563583374,0.6006644368171692
YHR187W,YJL102W,0,-5.914857,0.10934165120124817,0.7375415563583374,0.6007751822471619
YPL001W,YLL002W,1,-5.914869,0.1094878539443016,0.7386489510536194,0.6007751822471619
YPR082C,YOR313C,0,-5.914929,0.10946988314390182,0.7386489510536194,0.6008859276771545
YGR157W,YDR189W,0,-5.915013,0.10945191979408264,0.7386489510536194,0.6009966731071472
YOL059W,YEL004W,0,-5.9152365,0.10943396389484406,0.7386489510536194,0.6011074185371399
YMR246W,YBR081C,1,-5.915313,0.10958005487918854,0.7397563457489014,0.6011074185371399
YOL133W,YPR181C,0,-5.9153514,0.10956207662820816,0.7397563457489014,0.6012181639671326
YKL138C-A,YNL110C,0,-5.916221,0.10954411327838898,0.7397563457489014,0.6013289093971252
YHR061C,YLR208W,0,-5.916437,0.1095261499285698,0.7397563457489014,0.6014396548271179
YPR164W,YPL126W,0,-5.9164557,0.10950819402933121,0.7397563457489014,0.6015504002571106
YJL091C,YLR424W,0,-5.916458,0.10949024558067322,0.7397563457489014,0.6016611456871033
YGR225W,YJR150C,0,-5.9164777,0.10947230458259583,0.7397563457489014,0.601771891117096
YBR142W,YKR101W,0,-5.9170375,0.10945436358451843,0.7397563457489014,0.6018826365470886
YPR133C,YDR146C,0,-5.9173417,0.10943643748760223,0.7397563457489014,0.6019933819770813
YLR459W,YNL025C,0,-5.917684,0.10941851139068604,0.7397563457489014,0.6021040678024292
YDL079C,YLR262C,0,-5.9178157,0.10940059274435043,0.7397563457489014,0.6022148132324219
YPR124W,YIL129C,0,-5.917892,0.10938267409801483,0.7397563457489014,0.6023255586624146
YCR089W,YMR225C,0,-5.917961,0.10936477035284042,0.7397563457489014,0.6024363040924072
YDR421W,YBR143C,0,-5.9182286,0.10934686660766602,0.7397563457489014,0.6025470495223999
YGL012W,YER007W,0,-5.9182987,0.1093289703130722,0.7397563457489014,0.6026577949523926
YLR295C,YKR090W,0,-5.9185886,0.10931108146905899,0.7397563457489014,0.6027685403823853
YLR034C,YGR048W,0,-5.9186015,0.10929319262504578,0.7397563457489014,0.6028792858123779
YBL017C,YBL058W,0,-5.9187202,0.10927531123161316,0.7397563457489014,0.6029900312423706
YBL078C,YBR107C,0,-5.918732,0.10925744473934174,0.7397563457489014,0.6031007766723633
YPL155C,YOR181W,0,-5.9187922,0.10923957824707031,0.7397563457489014,0.603211522102356
YJL214W,YGL150C,0,-5.918875,0.10922171175479889,0.7397563457489014,0.6033222675323486
YJR082C,YOR064C,1,-5.918937,0.10936733335256577,0.7408638000488281,0.6033222675323486
YMR287C,YNR049C,0,-5.9190507,0.10934945940971375,0.7408638000488281,0.6034330129623413
YGR224W,YNL113W,0,-5.9192324,0.10933159291744232,0.7408638000488281,0.603543758392334
YDR527W,YCR061W,0,-5.9195504,0.1093137264251709,0.7408638000488281,0.6036545038223267
YLR380W,YNL045W,0,-5.9196987,0.10929586738348007,0.7408638000488281,0.6037652492523193
YGR147C,YGR002C,1,-5.919739,0.1094413623213768,0.7419711947441101,0.6037652492523193
YIL123W,YEL057C,0,-5.9199753,0.10942348837852478,0.7419711947441101,0.603875994682312
YLR016C,YIL122W,0,-5.9199905,0.10940561443567276,0.7419711947441101,0.6039867401123047
YML086C,YJL047C,0,-5.9200177,0.10938775539398193,0.7419711947441101,0.6040974259376526
YJL183W,YEL002C,0,-5.9202766,0.10936989635229111,0.7419711947441101,0.6042081713676453
YLR319C,YHR142W,0,-5.920365,0.10935204476118088,0.7419711947441101,0.6043189167976379
YMR091C,YNL047C,0,-5.920735,0.10933420062065125,0.7419711947441101,0.6044296622276306
YLR274W,YDR040C,0,-5.920741,0.10931636393070221,0.7419711947441101,0.6045404076576233
YDR343C,YMR308C,0,-5.9208016,0.10929853469133377,0.7419711947441101,0.604651153087616
YOL027C,YFR048W,0,-5.920806,0.10928070545196533,0.7419711947441101,0.6047618985176086
YHR013C,YCL010C,1,-5.92087,0.10942596197128296,0.7430786490440369,0.6047618985176086
YIL084C,YGR047C,0,-5.9210424,0.10940811783075333,0.7430786490440369,0.6048726439476013
YCL010C,YPL129W,1,-5.9211297,0.10955330729484558,0.7441860437393188,0.6048726439476013
YLR319C,YLR069C,0,-5.9212317,0.10953545570373535,0.7441860437393188,0.604983389377594
YER119C,YDR440W,0,-5.9212875,0.10951760411262512,0.7441860437393188,0.6050941348075867
YJL006C,YGL092W,0,-5.921333,0.10949975252151489,0.7441860437393188,0.6052048802375793
YHR115C,YDR416W,0,-5.921442,0.10948191583156586,0.7441860437393188,0.605315625667572
YPL159C,YAR007C,0,-5.9214463,0.10946407914161682,0.7441860437393188,0.6054263710975647
YDR195W,YNL294C,0,-5.9218154,0.10944625735282898,0.7441860437393188,0.6055371165275574
YBR107C,YNL213C,0,-5.921879,0.10942843556404114,0.7441860437393188,0.60564786195755
YMR232W,YBR250W,0,-5.921925,0.1094106137752533,0.7441860437393188,0.6057586073875427
YDR181C,YCL054W,0,-5.921993,0.10939280688762665,0.7441860437393188,0.6058693528175354
YFL031W,YMR156C,0,-5.922094,0.109375,0.7441860437393188,0.6059800386428833
YDL138W,YOR216C,0,-5.9222736,0.10935720056295395,0.7441860437393188,0.606090784072876
YER051W,YBR152W,0,-5.922415,0.1093394085764885,0.7441860437393188,0.6062015295028687
YDL019C,YLR141W,0,-5.922485,0.10932161659002304,0.7441860437393188,0.6063122749328613
YOR061W,YLR206W,0,-5.922582,0.10930383950471878,0.7441860437393188,0.606423020362854
YGR268C,YKR048C,0,-5.922687,0.10928606241941452,0.7441860437393188,0.6065337657928467
YPL271W,YPR137W,0,-5.922704,0.10926829278469086,0.7441860437393188,0.6066445112228394
YDR511W,YNL088W,0,-5.9229226,0.10925053060054779,0.7441860437393188,0.606755256652832
YGR113W,YDR440W,0,-5.9231315,0.10923276841640472,0.7441860437393188,0.6068660020828247
YKL197C,YOL028C,0,-5.9232354,0.10921501368284225,0.7441860437393188,0.6069767475128174
YDL013W,YER068W,0,-5.9233,0.10919726639986038,0.7441860437393188,0.6070874929428101
YDR495C,YGR141W,0,-5.9233108,0.1091795265674591,0.7441860437393188,0.6071982383728027
YHR030C,YOR075W,0,-5.923404,0.10916179418563843,0.7441860437393188,0.6073089838027954
YLR431C,YBR143C,0,-5.9234333,0.10914406180381775,0.7441860437393188,0.6074197292327881
YFL011W,YDL105W,0,-5.9235425,0.10912633687257767,0.7441860437393188,0.6075304746627808
YJL115W,YNL136W,1,-5.92361,0.10927098244428635,0.7452934384346008,0.6075304746627808
YBR236C,YDL235C,0,-5.923656,0.10925325006246567,0.7452934384346008,0.6076412200927734
YDR481C,YJL054W,0,-5.923672,0.10923551023006439,0.7452934384346008,0.6077519655227661
YOR034C,YDR126W,1,-5.923795,0.1093800738453865,0.7464008927345276,0.6077519655227661
YAL054C,YGL066W,1,-5.9241915,0.10952458530664444,0.7475082874298096,0.6077519655227661
YFR002W,YGL100W,0,-5.924366,0.10950681567192078,0.7475082874298096,0.607862651348114
YBL016W,YDR170C,0,-5.924496,0.10948905348777771,0.7475082874298096,0.6079733967781067
YGL245W,YLR435W,0,-5.9247003,0.10947129130363464,0.7475082874298096,0.6080841422080994
YNR038W,YER088C,0,-5.925261,0.10945354402065277,0.7475082874298096,0.608194887638092
YPL256C,YHR118C,0,-5.9252787,0.1094357967376709,0.7475082874298096,0.6083056330680847
YJL072C,YKR031C,0,-5.9259725,0.10941805690526962,0.7475082874298096,0.6084163784980774
YDR423C,YMR153W,0,-5.926044,0.10940032452344894,0.7475082874298096,0.6085271239280701
YNR056C,YHR043C,0,-5.9260807,0.10938259959220886,0.7475082874298096,0.6086378693580627
YMR037C,YLR335W,0,-5.9261985,0.10936487466096878,0.7475082874298096,0.6087486147880554
YNR044W,YCL032W,0,-5.926245,0.1093471571803093,0.7475082874298096,0.6088593602180481
YDR075W,YBL034C,0,-5.9262786,0.10932944715023041,0.7475082874298096,0.6089701056480408
YBR029C,YOR213C,0,-5.9262786,0.10931174457073212,0.7475082874298096,0.6090808510780334
YCR089W,YHR118C,0,-5.9262996,0.10929404199123383,0.7475082874298096,0.6091915965080261
YNR075W,YDL084W,0,-5.926717,0.10927634686231613,0.7475082874298096,0.6093023419380188
YER107C,YMR263W,0,-5.926926,0.10925865918397903,0.7475082874298096,0.6094130873680115
YGL044C,YLL011W,0,-5.9272757,0.10924097895622253,0.7475082874298096,0.6095238327980042
YPR113W,YKL034W,0,-5.9274793,0.10922329872846603,0.7475082874298096,0.6096345782279968
YGL122C,YNL107W,0,-5.927669,0.10920563340187073,0.7475082874298096,0.6097452640533447
YLR423C,YLR011W,0,-5.9277973,0.10918796807527542,0.7475082874298096,0.6098560094833374
YFR031C,YNL197C,0,-5.927934,0.10917030274868011,0.7475082874298096,0.6099667549133301
YJL196C,YLR139C,0,-5.928121,0.109152652323246,0.7475082874298096,0.6100775003433228
YGL142C,YCL001W,0,-5.9283032,0.10913500189781189,0.7475082874298096,0.6101882457733154
YBR089C-A,YDL006W,0,-5.9285293,0.10911735892295837,0.7475082874298096,0.6102989912033081
YGR170W,YDR356W,0,-5.9285893,0.10909972339868546,0.7475082874298096,0.6104097366333008
YGL061C,YJR160C,0,-5.929198,0.10908209532499313,0.7475082874298096,0.6105204820632935
YPL051W,YKL122C,0,-5.9294467,0.10906446725130081,0.7475082874298096,0.6106312274932861
YGR010W,YPR007C,0,-5.9294906,0.10904684662818909,0.7475082874298096,0.6107419729232788
YDR425W,YJR102C,0,-5.92959,0.10902923345565796,0.7475082874298096,0.6108527183532715
YLR448W,YOR149C,0,-5.9296083,0.10901162773370743,0.7475082874298096,0.6109634637832642
YPR200C,YLR268W,0,-5.9296913,0.1089940220117569,0.7475082874298096,0.6110742092132568
YPR104C,YMR013C,0,-5.9298825,0.10897643119096756,0.7475082874298096,0.6111849546432495
YMR001C,YBL014C,0,-5.9300075,0.10895884037017822,0.7475082874298096,0.6112957000732422
YDR298C,YBR087W,0,-5.930143,0.10894124954938889,0.7475082874298096,0.6114064455032349
YEL022W,YMR091C,0,-5.9301753,0.10892367362976074,0.7475082874298096,0.6115171909332275
YPR183W,YOL121C,0,-5.9301805,0.1089060977101326,0.7475082874298096,0.6116279363632202
YJL102W,YPL218W,0,-5.930266,0.10888852924108505,0.7475082874298096,0.6117386221885681
YFL041W,YJR160C,0,-5.9303575,0.1088709682226181,0.7475082874298096,0.6118493676185608
YGL194C,YDR028C,0,-5.930651,0.10885340720415115,0.7475082874298096,0.6119601130485535
YLR335W,YNL149C,0,-5.930664,0.1088358610868454,0.7475082874298096,0.6120708584785461
YBR256C,YNL209W,0,-5.9308763,0.10881831496953964,0.7475082874298096,0.6121816039085388
YNL188W,YKR063C,0,-5.9310756,0.10880077630281448,0.7475082874298096,0.6122923493385315
YLL043W,YMR035W,0,-5.931113,0.10878323763608932,0.7475082874298096,0.6124030947685242
YER177W,YCL031C,0,-5.9312425,0.10876571387052536,0.7475082874298096,0.6125138401985168
YLR332W,YGR220C,0,-5.931296,0.1087481901049614,0.7475082874298096,0.6126245856285095
YFL029C,YCR073W-A,0,-5.931466,0.10873067378997803,0.7475082874298096,0.6127353310585022
YBR041W,YDL019C,0,-5.931687,0.10871315747499466,0.7475082874298096,0.6128460764884949
YDR021W,YKR002W,0,-5.931755,0.10869564861059189,0.7475082874298096,0.6129568219184875
YKL114C,YBL045C,0,-5.9319515,0.10867815464735031,0.7475082874298096,0.6130675673484802
YGL166W,YPR181C,0,-5.9320536,0.10866065323352814,0.7475082874298096,0.6131783127784729
YCR002C,YIL037C,0,-5.932097,0.10864316672086716,0.7475082874298096,0.6132890582084656
YNL278W,YDR213W,0,-5.9321666,0.10862568765878677,0.7475082874298096,0.6133998036384583
YBL016W,YPR008W,0,-5.9324346,0.10860820859670639,0.7475082874298096,0.6135105490684509
YKL064W,YKL175W,0,-5.9331226,0.1085907369852066,0.7475082874298096,0.6136212348937988
YMR033W,YDL154W,0,-5.9334264,0.10857326537370682,0.7475082874298096,0.6137319803237915
YDR481C,YPR133C,0,-5.9334407,0.10855580866336823,0.7475082874298096,0.6138427257537842
YNL159C,YNL243W,0,-5.933497,0.10853835195302963,0.7475082874298096,0.6139534711837769
YGL116W,YFL031W,0,-5.9335747,0.10852090269327164,0.7475082874298096,0.6140642166137695
YGL173C,YJR049C,0,-5.933692,0.10850345343351364,0.7475082874298096,0.6141749620437622
YNL293W,YOL142W,0,-5.9337354,0.10848601907491684,0.7475082874298096,0.6142857074737549
YJR082C,YDL040C,1,-5.933765,0.10862927883863449,0.7486157417297363,0.6142857074737549
YDR363W,YPL192C,0,-5.9340444,0.1086118221282959,0.7486157417297363,0.6143964529037476
YOR123C,YOR162C,0,-5.934071,0.1085943803191185,0.7486157417297363,0.6145071983337402
YLL022C,YOR064C,1,-5.9341736,0.10873755067586899,0.7497231364250183,0.6145071983337402
YLR007W,YLR009W,0,-5.93418,0.1087200865149498,0.7497231364250183,0.6146179437637329
YFL031W,YER013W,0,-5.934317,0.1087026298046112,0.7497231364250183,0.6147286891937256
YMR041C,YBL014C,0,-5.934447,0.10868518054485321,0.7497231364250183,0.6148394346237183
YFR046C,YIL154C,0,-5.9344926,0.10866773873567581,0.7497231364250183,0.6149501800537109
YPR068C,YBR169C,0,-5.934601,0.10865029692649841,0.7497231364250183,0.6150609254837036
YJL207C,YKL074C,0,-5.934634,0.10863286256790161,0.7497231364250183,0.6151716709136963
YJL194W,YIL046W,0,-5.9346986,0.1086154356598854,0.7497231364250183,0.615282416343689
YBR295W,YGR082W,0,-5.9350677,0.1085980087518692,0.7497231364250183,0.6153931617736816
YML059C,YBR231C,0,-5.935179,0.10858059674501419,0.7497231364250183,0.6155038475990295
YLR242C,YOR032C,0,-5.935225,0.10856318473815918,0.7497231364250183,0.6156145930290222
YEL036C,YPR065W,0,-5.9352736,0.10854577273130417,0.7497231364250183,0.6157253384590149
YBR085W,YBR105C,0,-5.9353943,0.10852837562561035,0.7497231364250183,0.6158360838890076
YHR041C,YML131W,0,-5.9355483,0.10851097851991653,0.7497231364250183,0.6159468293190002
YBR121C,YOR130C,0,-5.9356823,0.10849358886480331,0.7497231364250183,0.6160575747489929
YCR094W,YBR082C,0,-5.9357085,0.10847620666027069,0.7497231364250183,0.6161683201789856
YPR023C,YEL066W,1,-5.9357142,0.10861903429031372,0.7508305907249451,0.6161683201789856
YNL136W,YOL148C,1,-5.9359255,0.10876180976629257,0.751937985420227,0.6161683201789856
YCR055C,YMR284W,0,-5.9359283,0.10874439775943756,0.751937985420227,0.6162790656089783
YBR029C,YNL068C,0,-5.9359336,0.10872697830200195,0.751937985420227,0.616389811038971
YCL025C,YKR095W,0,-5.9360075,0.10870957374572754,0.751937985420227,0.6165005564689636
YLL022C,YGR147C,1,-5.936106,0.10885225236415863,0.753045380115509,0.6165005564689636
YBR272C,YBR293W,0,-5.936377,0.10883482545614243,0.753045380115509,0.6166113018989563
YBL063W,YML103C,0,-5.9365172,0.10881741344928741,0.753045380115509,0.616722047328949
YOR078W,YML071C,0,-5.936586,0.1088000014424324,0.753045380115509,0.6168327927589417
YPR075C,YBR092C,0,-5.936587,0.10878259688615799,0.753045380115509,0.6169435381889343
YLR220W,YJL111W,0,-5.936714,0.10876519232988358,0.753045380115509,0.617054283618927
YJL081C,YLL002W,1,-5.93702,0.10890772193670273,0.7541528344154358,0.617054283618927
YGR239C,YDR285W,0,-5.9371643,0.10889030992984772,0.7541528344154358,0.6171650290489197
YPL069C,YFL034C-B,0,-5.937245,0.1088729053735733,0.7541528344154358,0.6172757744789124
YJL164C,YHR012W,0,-5.9372897,0.10885550081729889,0.7541528344154358,0.6173864603042603
YJR074W,YDR488C,0,-5.937463,0.10883810371160507,0.7541528344154358,0.6174972057342529
YDL161W,YOR281C,0,-5.937494,0.10882070660591125,0.7541528344154358,0.6176079511642456
YLR103C,YLR097C,0,-5.9375277,0.10880332440137863,0.7541528344154358,0.6177186965942383
YGR108W,YAL003W,0,-5.937782,0.10878594219684601,0.7541528344154358,0.617829442024231
YBR060C,YOR014W,0,-5.937971,0.10876856744289398,0.7541528344154358,0.6179401874542236
YPL195W,YBL005W-A,0,-5.9381223,0.10875120013952255,0.7541528344154358,0.6180509328842163
YDR365C,YBL093C,0,-5.938289,0.10873383283615112,0.7541528344154358,0.618161678314209
YMR290C,YKL074C,0,-5.9383225,0.10871647298336029,0.7541528344154358,0.6182724237442017
YIL097W,YMR005W,0,-5.938364,0.10869912058115005,0.7541528344154358,0.6183831691741943
YPL127C,YDR322C-A,0,-5.9384637,0.10868177562952042,0.7541528344154358,0.618493914604187
YKL021C,YIL076W,0,-5.938478,0.10866443067789078,0.7541528344154358,0.6186046600341797
YLR411W,YGR244C,0,-5.9386134,0.10864709317684174,0.7541528344154358,0.6187154054641724
YMR240C,YJL125C,0,-5.9387746,0.10862976312637329,0.7541528344154358,0.618826150894165
YNL312W,YPL235W,0,-5.938995,0.10861244052648544,0.7541528344154358,0.6189368963241577
YFL039C,YDR459C,1,-5.9390526,0.10875458270311356,0.7552602291107178,0.6189368963241577
YMR069W,YHR090C,1,-5.939077,0.10889668017625809,0.7563676834106445,0.6189368963241577
YJR025C,YDR379W,0,-5.939152,0.10887932777404785,0.7563676834106445,0.6190476417541504
YOR254C,YCR060W,0,-5.939387,0.10886196792125702,0.7563676834106445,0.6191583871841431
YNL312W,YLR277C,0,-5.939587,0.10884462296962738,0.7563676834106445,0.6192691326141357
YPL137C,YMR288W,0,-5.93965,0.10882727801799774,0.7563676834106445,0.6193798184394836
YBR060C,YGR013W,0,-5.9396524,0.1088099405169487,0.7563676834106445,0.6194905638694763
YJR064W,YJL165C,0,-5.9398637,0.10879261046648026,0.7563676834106445,0.619601309299469
YDR411C,YDR450W,0,-5.940129,0.10877528041601181,0.7563676834106445,0.6197120547294617
YGR225W,YPR124W,0,-5.940449,0.10875796526670456,0.7563676834106445,0.6198228001594543
YNL009W,YBR082C,0,-5.9404655,0.10874065011739731,0.7563676834106445,0.619933545589447
YFL016C,YMR095C,0,-5.940583,0.10872333496809006,0.7563676834106445,0.6200442910194397
YIL159W,YNL003C,0,-5.9409976,0.108706034719944,0.7563676834106445,0.6201550364494324
YGR166W,YGR211W,0,-5.941047,0.10868873447179794,0.7563676834106445,0.620265781879425
YJL203W,YKL012W,0,-5.941302,0.10867144167423248,0.7563676834106445,0.6203765273094177
YDR231C,YGR007W,0,-5.941604,0.10865414887666702,0.7563676834106445,0.6204872727394104
YFR028C,YDR356W,0,-5.9416876,0.10863687098026276,0.7563676834106445,0.6205980181694031
YOR133W,YOL066C,0,-5.941732,0.10861959308385849,0.7563676834106445,0.6207087635993958
YDR289C,YLR139C,0,-5.941782,0.10860232263803482,0.7563676834106445,0.6208195090293884
YMR198W,YML080W,0,-5.9419513,0.10858505219221115,0.7563676834106445,0.6209302544593811
YBR095C,YLL056C,0,-5.9420524,0.10856779664754868,0.7563676834106445,0.6210409998893738
YPR103W,YMR005W,0,-5.942303,0.1085505411028862,0.7563676834106445,0.6211517453193665
YMR264W,YER035W,0,-5.9425864,0.10853329300880432,0.7563676834106445,0.6212624311447144
YMR201C,YNL154C,0,-5.942618,0.10851604491472244,0.7563676834106445,0.621373176574707
YLR292C,YDR356W,0,-5.9426885,0.10849881172180176,0.7563676834106445,0.6214839220046997
YHR011W,YPR083W,0,-5.943173,0.10848157852888107,0.7563676834106445,0.6215946674346924
YLR304C,YOL133W,0,-5.943347,0.10846434533596039,0.7563676834106445,0.6217054128646851
YGL087C,YDR469W,0,-5.943438,0.1084471270442009,0.7563676834106445,0.6218161582946777
YMR316W,YOR297C,0,-5.943649,0.1084299087524414,0.7563676834106445,0.6219269037246704
YLR139C,YDL112W,0,-5.943764,0.10841269791126251,0.7563676834106445,0.6220376491546631
YNL172W,YLR081W,0,-5.944,0.10839549452066422,0.7563676834106445,0.6221483945846558
YPL060W,YFR003C,0,-5.9447227,0.10837829113006592,0.7563676834106445,0.6222591400146484
YKR068C,YOR321W,0,-5.944899,0.10836109519004822,0.7563676834106445,0.6223698854446411
YOR217W,YPL193W,0,-5.9450197,0.10834390670061111,0.7563676834106445,0.6224806308746338
YOR212W,YKL034W,0,-5.9451046,0.10832672566175461,0.7563676834106445,0.6225913763046265
YFL041W,YMR039C,0,-5.945619,0.1083095446228981,0.7563676834106445,0.6227021217346191
YOR371C,YAL032C,0,-5.945828,0.10829237103462219,0.7563676834106445,0.6228128671646118
YNL003C,YPL156C,0,-5.9458375,0.10827520489692688,0.7563676834106445,0.6229236125946045
YAL054C,YNL326C,1,-5.945875,0.10841654986143112,0.7574750781059265,0.6229236125946045
YER119C,YMR220W,0,-5.9463954,0.10839936882257462,0.7574750781059265,0.6230343580245972
YOL139C,YDR489W,0,-5.9464726,0.10838218778371811,0.7574750781059265,0.6231450438499451
YCR094W,YDL035C,0,-5.946759,0.1083650216460228,0.7574750781059265,0.6232557892799377
YFL039C,YPR023C,1,-5.947049,0.10850625485181808,0.7585825324058533,0.6232557892799377
YNR010W,YMR140W,0,-5.9470716,0.10848907381296158,0.7585825324058533,0.6233665347099304
YPL049C,YDR245W,0,-5.947274,0.10847189277410507,0.7585825324058533,0.6234772801399231
YOR061W,YOR274W,0,-5.9473243,0.10845471918582916,0.7585825324058533,0.6235880255699158
YDR205W,YOR230W,0,-5.94739,0.10843755304813385,0.7585825324058533,0.6236987709999084
YEL029C,YDL035C,0,-5.947432,0.10842038691043854,0.7585825324058533,0.6238095164299011
YDR106W,YHR042W,0,-5.9474506,0.10840322822332382,0.7585825324058533,0.6239202618598938
YOR038C,YGL089C,0,-5.947718,0.1083860769867897,0.7585825324058533,0.6240310072898865
YGR159C,YIL139C,0,-5.947741,0.10836892575025558,0.7585825324058533,0.6241417527198792
YKL129C,YDL216C,0,-5.9478073,0.10835178941488266,0.7585825324058533,0.6242524981498718
YPR161C,YAL002W,0,-5.947899,0.10833465307950974,0.7585825324058533,0.6243632435798645
YHR012W,YLR467W,0,-5.947927,0.10831752419471741,0.7585825324058533,0.6244739890098572
YDR416W,YBL055C,0,-5.9480176,0.10830039530992508,0.7585825324058533,0.6245847344398499
YIL123W,YPL210C,0,-5.9483004,0.10828327387571335,0.7585825324058533,0.6246954798698425
YDR017C,YNL279W,0,-5.9483194,0.10826615989208221,0.7585825324058533,0.6248062252998352
YNL101W,YLL024C,0,-5.9484763,0.10824905335903168,0.7585825324058533,0.6249169707298279
YGR118W,YNL045W,0,-5.9485364,0.10823194682598114,0.7585825324058533,0.6250276565551758
YLR153C,YGR002C,1,-5.9487715,0.10837282985448837,0.7596899271011353,0.6250276565551758
YER183C,YJL125C,0,-5.9488177,0.10835570842027664,0.7596899271011353,0.6251384019851685
YNL136W,YPL129W,1,-5.949187,0.1084965243935585,0.7607973217964172,0.6251384019851685
YMR044W,YDL098C,0,-5.9492426,0.10847939550876617,0.7607973217964172,0.6252491474151611
YKL018W,YGR192C,0,-5.949262,0.10846226662397385,0.7607973217964172,0.6253598928451538
YLR131C,YPL091W,0,-5.9494395,0.10844514518976212,0.7607973217964172,0.6254706382751465
YLR195C,YLL002W,1,-5.9500313,0.10858585685491562,0.761904776096344,0.6254706382751465
YNL326C,YHR099W,1,-5.950032,0.10872652381658554,0.763012170791626,0.6254706382751465
YDR424C,YNL327W,0,-5.950134,0.10870937258005142,0.763012170791626,0.6255813837051392
YMR319C,YKL019W,0,-5.9503627,0.1086922213435173,0.763012170791626,0.6256921291351318
YNL326C,YPL129W,1,-5.950375,0.10883280634880066,0.7641196250915527,0.6256921291351318
YDR335W,YOR007C,0,-5.950828,0.10881564766168594,0.7641196250915527,0.6258028745651245
YJR125C,YKL205W,0,-5.9508424,0.10879848897457123,0.7641196250915527,0.6259136199951172
YPR082C,YKL160W,0,-5.9510074,0.10878133028745651,0.7641196250915527,0.6260243654251099
YOR355W,YAL010C,0,-5.9513774,0.10876418650150299,0.7641196250915527,0.6261351108551025
YER044C,YMR285C,0,-5.9516435,0.10874704271554947,0.7641196250915527,0.6262458562850952
YBR068C,YDR310C,0,-5.951738,0.10872990638017654,0.7641196250915527,0.6263566017150879
YHR106W,YFL004W,0,-5.951776,0.10871277749538422,0.7641196250915527,0.6264673471450806
YIR005W,YPL155C,0,-5.9519973,0.10869564861059189,0.7641196250915527,0.6265780925750732
YAL016W,YMR197C,0,-5.9521422,0.10867853462696075,0.7641196250915527,0.6266888380050659
YKL055C,YDR259C,0,-5.952156,0.10866142064332962,0.7641196250915527,0.6267995834350586
YHR205W,YOR254C,0,-5.952328,0.10864430665969849,0.7641196250915527,0.6269102692604065
YJL014W,YDL138W,0,-5.9526677,0.10862720757722855,0.7641196250915527,0.6270210146903992
YKR076W,YML027W,0,-5.952946,0.1086101084947586,0.7641196250915527,0.6271317601203918
YOR074C,YJL203W,0,-5.953171,0.10859300941228867,0.7641196250915527,0.6272425055503845
YLL022C,YDR167W,1,-5.9533296,0.10873328149318695,0.7652270197868347,0.6272425055503845
YLR107W,YKR079C,0,-5.9535365,0.10871617496013641,0.7652270197868347,0.6273532509803772
YCR066W,YJR103W,0,-5.9536095,0.10869906842708588,0.7652270197868347,0.6274639964103699
YOR204W,YBL047C,0,-5.953914,0.10868197679519653,0.7652270197868347,0.6275747418403625
YHR026W,YJL054W,0,-5.9539533,0.10866488516330719,0.7652270197868347,0.6276854872703552
YDR158W,YER178W,0,-5.954001,0.10864780098199844,0.7652270197868347,0.6277962327003479
YPL075W,YJL210W,0,-5.9540057,0.1086307168006897,0.7652270197868347,0.6279069781303406
YPR020W,YDL226C,0,-5.9540915,0.10861364006996155,0.7652270197868347,0.6280177235603333
YFL039C,YDR145W,1,-5.9543014,0.1087537333369255,0.7663344144821167,0.6280177235603333
YEL050C,YOR216C,0,-5.9544015,0.10873664170503616,0.7663344144821167,0.6281284689903259
YIL149C,YMR149W,0,-5.954567,0.10871955752372742,0.7663344144821167,0.6282392144203186
YDL132W,YNL128W,0,-5.954599,0.10870248079299927,0.7663344144821167,0.6283499598503113
YOR034C,YPR131C,1,-5.9546895,0.10884246975183487,0.7674418687820435,0.6283499598503113
YDR052C,YOL027C,0,-5.9548545,0.10882537811994553,0.7674418687820435,0.628460705280304
YMR033W,YCR083W,0,-5.954862,0.10880828648805618,0.7674418687820435,0.6285714507102966
YPL098C,YOR148C,0,-5.9549317,0.10879120975732803,0.7674418687820435,0.6286821961402893
YCL059C,YPL156C,0,-5.955338,0.10877413302659988,0.7674418687820435,0.628792941570282
YLR284C,YIR015W,0,-5.955353,0.10875706374645233,0.7674418687820435,0.6289036273956299
YNL250W,YLR452C,0,-5.9553695,0.10873999446630478,0.7674418687820435,0.6290143728256226
YGR200C,YNL099C,0,-5.95596,0.10872294008731842,0.7674418687820435,0.6291251182556152
YIL147C,YGR099W,0,-5.95627,0.10870588570833206,0.7674418687820435,0.6292358636856079
YEL029C,YGR070W,0,-5.9564676,0.1086888313293457,0.7674418687820435,0.6293466091156006
YFR030W,YDR137W,0,-5.956584,0.10867179185152054,0.7674418687820435,0.6294573545455933
YGR280C,YAL047C,0,-5.9567494,0.10865475237369537,0.7674418687820435,0.6295680999755859
YJL020C,YLR410W,0,-5.9569592,0.1086377203464508,0.7674418687820435,0.6296788454055786
YDR498C,YKL035W,0,-5.956982,0.10862068831920624,0.7674418687820435,0.6297895908355713
YNL123W,YAL016W,0,-5.9570622,0.10860366374254227,0.7674418687820435,0.629900336265564
YGR225W,YCR067C,0,-5.957194,0.10858664661645889,0.7674418687820435,0.6300110816955566
YDR177W,YDR495C,0,-5.9573445,0.10856963694095612,0.7674418687820435,0.6301218271255493
YPL241C,YJL074C,0,-5.95736,0.10855263471603394,0.7674418687820435,0.630232572555542
YDL040C,YOR064C,1,-5.9573646,0.10869225114583969,0.7685492634773254,0.630232572555542
YBR205W,YPL193W,0,-5.9575934,0.10867522656917572,0.7685492634773254,0.6303433179855347
YOR328W,YCR044C,0,-5.9579673,0.10865820944309235,0.7685492634773254,0.6304540634155273
YNL222W,YJL143W,0,-5.957983,0.10864119976758957,0.7685492634773254,0.63056480884552
YBR020W,YDR259C,0,-5.9580607,0.10862419754266739,0.7685492634773254,0.6306755542755127
YMR173W,YDR158W,0,-5.9583025,0.10860719531774521,0.7685492634773254,0.6307862401008606
YJR120W,YOR129C,0,-5.959122,0.10859020799398422,0.7685492634773254,0.6308969855308533
YFL024C,YMR069W,1,-5.9594054,0.10872966051101685,0.7696567177772522,0.6308969855308533
YOR103C,YGR229C,0,-5.959494,0.10871265083551407,0.7696567177772522,0.631007730960846
YPL125W,YOL042W,0,-5.959571,0.10869564861059189,0.7696567177772522,0.6311184763908386
YOL040C,YOL067C,0,-5.9596457,0.1086786538362503,0.7696567177772522,0.6312292218208313
YNL030W,YOR162C,0,-5.9600024,0.10866166651248932,0.7696567177772522,0.631339967250824
YNL182C,YOL113W,0,-5.960058,0.10864467918872833,0.7696567177772522,0.6314507126808167
YNL047C,YPR095C,0,-5.960163,0.10862769931554794,0.7696567177772522,0.6315614581108093
YKL114C,YBR088C,0,-5.9602127,0.10861071944236755,0.7696567177772522,0.631672203540802
YLR153C,YDR448W,1,-5.960219,0.10875000059604645,0.7707641124725342,0.631672203540802
YBL041W,YJR046W,0,-5.960363,0.10873301327228546,0.7707641124725342,0.6317829489707947
YKL146W,YOR298C-A,0,-5.960699,0.10871602594852448,0.7707641124725342,0.6318936944007874
YKL110C,YDR146C,0,-5.9610186,0.10869904607534409,0.7707641124725342,0.63200443983078
YMR319C,YKL178C,0,-5.9610677,0.1086820736527443,0.7707641124725342,0.6321151852607727
YML113W,YDR414C,0,-5.9611144,0.1086651086807251,0.7707641124725342,0.6322259306907654
YNL121C,YDL112W,0,-5.9612126,0.1086481437087059,0.7707641124725342,0.6323366761207581
YML114C,YDR486C,0,-5.9612737,0.1086311861872673,0.7707641124725342,0.6324474215507507
YLR403W,YBR082C,0,-5.9614673,0.1086142286658287,0.7707641124725342,0.6325581669807434
YDR298C,YNL153C,0,-5.9616876,0.1085972860455513,0.7707641124725342,0.6326688528060913
YNL078W,YOR130C,0,-5.9617715,0.1085803434252739,0.7707641124725342,0.632779598236084
YLR052W,YHR167W,0,-5.9618773,0.10856340825557709,0.7707641124725342,0.6328903436660767
YGR177C,YOR160W,0,-5.962075,0.10854647308588028,0.7707641124725342,0.6330010890960693
YIL072W,YDR314C,0,-5.962109,0.10852955281734467,0.7707641124725342,0.633111834526062
YER159C,YLR254C,0,-5.962157,0.10851262509822845,0.7707641124725342,0.6332225799560547
YPL123C,YLR417W,0,-5.962178,0.10849571228027344,0.7707641124725342,0.6333333253860474
YGR091W,YAL005C,0,-5.9621873,0.10847879946231842,0.7707641124725342,0.63344407081604
YIL009W,YLL002W,1,-5.9624114,0.10861773043870926,0.7718715667724609,0.63344407081604
YDL213C,YDR381W,0,-5.962413,0.10860081017017365,0.7718715667724609,0.6335548162460327
YFL010W-A,YDR231C,0,-5.962739,0.10858388990163803,0.7718715667724609,0.6336655616760254
YPR023C,YLL002W,1,-5.962795,0.1087227389216423,0.7729789614677429,0.6336655616760254
YDR385W,YJR097W,0,-5.9629645,0.10870581120252609,0.7729789614677429,0.6337763071060181
YHR158C,YDL116W,0,-5.9630523,0.10868888348340988,0.7729789614677429,0.6338870525360107
YJL210W,YNL046W,0,-5.963369,0.10867196321487427,0.7729789614677429,0.6339977979660034
YOR349W,YPL265W,0,-5.9636097,0.10865504294633865,0.7729789614677429,0.6341085433959961
YBR091C,YLR292C,0,-5.9637895,0.10863813012838364,0.7729789614677429,0.6342192888259888
YIR015W,YDR451C,0,-5.9638724,0.10862122476100922,0.7729789614677429,0.6343300342559814
YGR060W,YOR063W,0,-5.9639473,0.1086043268442154,0.7729789614677429,0.6344407796859741
YDL099W,YGL027C,0,-5.9639482,0.10858742892742157,0.7729789614677429,0.634551465511322
YDL231C,YBL032W,0,-5.963955,0.10857053846120834,0.7729789614677429,0.6346622109413147
YOR329C,YKR101W,0,-5.9644537,0.10855365544557571,0.7729789614677429,0.6347729563713074
YDR473C,YLL024C,0,-5.9647164,0.10853677242994308,0.7729789614677429,0.6348837018013
YOL061W,YJL129C,0,-5.9648294,0.10851989686489105,0.7729789614677429,0.6349944472312927
YPR161C,YCL033C,0,-5.9650464,0.10850302875041962,0.7729789614677429,0.6351051926612854
YNL227C,YPL031C,0,-5.9650855,0.10848616808652878,0.7729789614677429,0.6352159380912781
YER032W,YOR313C,0,-5.9652123,0.10846930742263794,0.7729789614677429,0.6353266835212708
YJR093C,YBR289W,0,-5.965474,0.1084524542093277,0.7729789614677429,0.6354374289512634
YIR019C,YNL231C,0,-5.9655414,0.10843560844659805,0.7729789614677429,0.6355481743812561
YGL093W,YMR089C,0,-5.965786,0.10841876268386841,0.7729789614677429,0.6356589198112488
YIL035C,YJR091C,0,-5.9658575,0.10840192437171936,0.7729789614677429,0.6357696652412415
YCL039W,YDR460W,0,-5.966066,0.10838509351015091,0.7729789614677429,0.6358804106712341
YFL050C,YGR185C,0,-5.9660997,0.10836826264858246,0.7729789614677429,0.6359911561012268
YBR042C,YIL118W,0,-5.966105,0.1083514466881752,0.7729789614677429,0.6361019015312195
YNR044W,YBL058W,0,-5.9661393,0.10833462327718735,0.7729789614677429,0.6362126469612122
YDR153C,YJL117W,0,-5.966141,0.10831781476736069,0.7729789614677429,0.6363233923912048
YJL115W,YDR126W,1,-5.9661684,0.10845616459846497,0.7740863561630249,0.6363233923912048
YDL115C,YJL074C,0,-5.966191,0.10843934118747711,0.7740863561630249,0.6364341378211975
YNL118C,YER003C,0,-5.9662642,0.10842252522706985,0.7740863561630249,0.6365448236465454
YNL111C,YML095C,0,-5.9667425,0.1084057092666626,0.7740863561630249,0.6366555690765381
YBR131W,YBL014C,0,-5.9667997,0.10838890075683594,0.7740863561630249,0.6367663145065308
YIL131C,YIL147C,0,-5.9670887,0.10837209224700928,0.7740863561630249,0.6368770599365234
YGL084C,YKL134C,0,-5.9671264,0.10835529118776321,0.7740863561630249,0.6369878053665161
YPL188W,YOL105C,0,-5.967286,0.10833849757909775,0.7740863561630249,0.6370985507965088
YDL083C,YPR173C,0,-5.967355,0.10832171142101288,0.7740863561630249,0.6372092962265015
YIL004C,YML025C,0,-5.967648,0.10830492526292801,0.7740863561630249,0.6373200416564941
YIR002C,YFR029W,0,-5.967834,0.10828814655542374,0.7740863561630249,0.6374307870864868
YPL231W,YDR005C,0,-5.9678707,0.10827137529850006,0.7740863561630249,0.6375415325164795
YGL084C,YAL030W,0,-5.967898,0.10825460404157639,0.7740863561630249,0.6376522779464722
YBR290W,YOL021C,0,-5.968082,0.1082378476858139,0.7740863561630249,0.6377630233764648
YLR103C,YCR081W,0,-5.9681954,0.10822108387947083,0.7740863561630249,0.6378737688064575
YBR092C,YCR014C,0,-5.968657,0.10820433497428894,0.7740863561630249,0.6379845142364502
YDR211W,YLR447C,0,-5.968804,0.10818758606910706,0.7740863561630249,0.6380952596664429
YGR157W,YER008C,0,-5.9689417,0.10817084461450577,0.7740863561630249,0.6382060050964355
YFR031C,YNL012W,0,-5.9689507,0.10815411061048508,0.7740863561630249,0.6383167505264282
YGL087C,YCL054W,0,-5.9690075,0.10813737660646439,0.7740863561630249,0.6384274363517761
YOR160W,YBR012W-B,0,-5.9691,0.10812065005302429,0.7740863561630249,0.6385381817817688
YLR452C,YHR006W,0,-5.969116,0.1081039309501648,0.7740863561630249,0.6386489272117615
YHL003C,YEL050C,0,-5.9691963,0.1080872118473053,0.7740863561630249,0.6387596726417542
YBR097W,YOR083W,0,-5.969414,0.1080705001950264,0.7740863561630249,0.6388704180717468
YJL024C,YOR295W,0,-5.9694276,0.1080537959933281,0.7740863561630249,0.6389811635017395
YDL126C,YBR127C,0,-5.9694743,0.10803709179162979,0.7740863561630249,0.6390919089317322
YMR288W,YBL057C,0,-5.969588,0.10802039504051208,0.7740863561630249,0.6392026543617249
YOR355W,YCL055W,0,-5.970013,0.10800370573997498,0.7740863561630249,0.6393133997917175
YOR386W,YOR148C,0,-5.970103,0.10798702389001846,0.7740863561630249,0.6394241452217102
YLR026C,YDR189W,0,-5.970196,0.10797034204006195,0.7740863561630249,0.6395348906517029
YML126C,YBR257W,0,-5.970274,0.10795366764068604,0.7740863561630249,0.6396456360816956
YGR006W,YGL169W,0,-5.9703093,0.10793700069189072,0.7740863561630249,0.6397563815116882
YPL160W,YNR072W,0,-5.970332,0.1079203337430954,0.7740863561630249,0.6398671269416809
YJL092W,YLR138W,0,-5.9703345,0.10790367424488068,0.7740863561630249,0.6399778723716736
YDR175C,YBR130C,0,-5.970678,0.10788702219724655,0.7740863561630249,0.6400886178016663
YPR068C,YJL207C,0,-5.970874,0.10787037014961243,0.7740863561630249,0.6401993632316589
YDR288W,YPR002W,0,-5.971083,0.1078537255525589,0.7740863561630249,0.6403100490570068
YGR157W,YIL037C,0,-5.97112,0.10783708840608597,0.7740863561630249,0.6404207944869995
YOR281C,YML127W,0,-5.9712043,0.10782045125961304,0.7740863561630249,0.6405315399169922
YOL061W,YKR090W,0,-5.9713316,0.1078038215637207,0.7740863561630249,0.6406422853469849
YPL135W,YBR073W,0,-5.9713445,0.10778719931840897,0.7740863561630249,0.6407530307769775
YER044C,YPR006C,0,-5.9715004,0.10777058452367783,0.7740863561630249,0.6408637762069702
YBR142W,YHR023W,0,-5.971603,0.10775396972894669,0.7740863561630249,0.6409745216369629
YGL001C,YDR160W,0,-5.9716477,0.10773736238479614,0.7740863561630249,0.6410852670669556
YNL275W,YJR070C,0,-5.9716735,0.1077207550406456,0.7740863561630249,0.6411960124969482
YJL115W,YBR198C,1,-5.97179,0.10785824060440063,0.7751938104629517,0.6411960124969482
YPL001W,YPR131C,1,-5.9718413,0.10799568891525269,0.7763012051582336,0.6411960124969482
YOR217W,YHR172W,0,-5.971859,0.10797905176877975,0.7763012051582336,0.6413067579269409
YMR070W,YDR388W,0,-5.9718943,0.10796242207288742,0.7763012051582336,0.6414175033569336
YHR171W,YNL262W,0,-5.9719267,0.10794579982757568,0.7763012051582336,0.6415282487869263
YDR469W,YDR407C,0,-5.9722505,0.10792917758226395,0.7763012051582336,0.641638994216919
YER179W,YPL091W,0,-5.9723845,0.1079125627875328,0.7763012051582336,0.6417497396469116
YOL027C,YOR367W,0,-5.9726577,0.10789595544338226,0.7763012051582336,0.6418604850769043
YMR043W,YGL210W,0,-5.9727006,0.10787934809923172,0.7763012051582336,0.641971230506897
YBR182C,YEL051W,0,-5.972737,0.10786274820566177,0.7763012051582336,0.6420819759368896
YJL154C,YHR214C-B,0,-5.972775,0.10784615576267242,0.7763012051582336,0.6421926617622375
YBR172C,YJR102C,0,-5.972826,0.10782956331968307,0.7763012051582336,0.6423034071922302
YCR082W,YGL068W,0,-5.9729776,0.10781297832727432,0.7763012051582336,0.6424141526222229
YER020W,YHR139C,0,-5.9730816,0.10779640078544617,0.7763012051582336,0.6425248980522156
YPL169C,YKL122C,0,-5.973656,0.10777983069419861,0.7763012051582336,0.6426356434822083
YMR184W,YDR247W,0,-5.973751,0.10776326060295105,0.7763012051582336,0.6427463889122009
YKL016C,YGR267C,0,-5.9738507,0.10774669796228409,0.7763012051582336,0.6428571343421936
YAR031W,YCR053W,0,-5.9742403,0.10773013532161713,0.7763012051582336,0.6429678797721863
YOR260W,YNL334C,0,-5.9747567,0.10771358013153076,0.7763012051582336,0.643078625202179
YBR210W,YDR372C,0,-5.974891,0.107697032392025,0.7763012051582336,0.6431893706321716
YBR199W,YDR330W,0,-5.9749985,0.10768049210309982,0.7763012051582336,0.6433001160621643
YPL171C,YML105C,0,-5.9752936,0.10766395181417465,0.7763012051582336,0.643410861492157
YLL015W,YGL037C,0,-5.9754224,0.10764741897583008,0.7763012051582336,0.6435216069221497
YDR103W,YIL056W,0,-5.9756417,0.1076308935880661,0.7763012051582336,0.6436323523521423
YIR010W,YLR264W,0,-5.9758077,0.10761436820030212,0.7763012051582336,0.643743097782135
YER015W,YLL002W,1,-5.97595,0.10775133967399597,0.7774086594581604,0.643743097782135
YNL323W,YGR133W,0,-5.9762807,0.1077348068356514,0.7774086594581604,0.6438538432121277
YNL262W,YIL018W,0,-5.976401,0.10771827399730682,0.7774086594581604,0.6439645886421204
YLR191W,YOL127W,0,-5.976421,0.10770174860954285,0.7774086594581604,0.644075334072113
YMR201C,YOL142W,0,-5.976628,0.10768523067235947,0.7774086594581604,0.6441860198974609
YLR116W,YML092C,0,-5.9769583,0.10766871273517609,0.7774086594581604,0.6442967653274536
YHR021C,YAR042W,0,-5.9771113,0.1076522022485733,0.7774086594581604,0.6444075107574463
YPL021W,YKL080W,0,-5.977119,0.10763569176197052,0.7774086594581604,0.644518256187439
YBR050C,YER008C,0,-5.977293,0.10761919617652893,0.7774086594581604,0.6446290016174316
YMR038C,YER044C,0,-5.9774947,0.10760270059108734,0.7774086594581604,0.6447397470474243
YLL002W,YGR002C,1,-5.9775405,0.10773946344852448,0.7785160541534424,0.6447397470474243
YJR103W,YAR010C,0,-5.978084,0.10772295296192169,0.7785160541534424,0.644850492477417
YJL198W,YJR104C,0,-5.978106,0.1077064499258995,0.7785160541534424,0.6449612379074097
YJR091C,YJR074W,0,-5.9781594,0.10768995434045792,0.7785160541534424,0.6450719833374023
YAL054C,YMR246W,1,-5.978223,0.10782662034034729,0.7796234488487244,0.6450719833374023
YPR030W,YCR071C,0,-5.978256,0.1078101098537445,0.7796234488487244,0.645182728767395
YGR119C,YAL009W,0,-5.9782987,0.10779359936714172,0.7796234488487244,0.6452934741973877
YJL094C,YGL045W,0,-5.978658,0.10777709633111954,0.7796234488487244,0.6454042196273804
YDL132W,YDR302W,0,-5.9788074,0.10776060074567795,0.7796234488487244,0.645514965057373
YJL145W,YOL028C,0,-5.978872,0.10774410516023636,0.7796234488487244,0.6456257104873657
YJR078W,YLR220W,0,-5.9789424,0.10772761702537537,0.7796234488487244,0.6457364559173584
YBL047C,YMR296C,0,-5.9794564,0.10771113634109497,0.7796234488487244,0.6458472013473511
YJR091C,YML015C,0,-5.979527,0.10769466310739517,0.7796234488487244,0.6459579467773438
YDR216W,YDR479C,0,-5.97971,0.10767818987369537,0.7796234488487244,0.6460686326026917
YER015W,YLR195C,1,-5.9802747,0.10781464725732803,0.7807309031486511,0.6460686326026917
YEL030W,YDR150W,0,-5.9804606,0.10779816657304764,0.7807309031486511,0.6461793780326843
YNL075W,YDL185W,0,-5.9805007,0.10778168588876724,0.7807309031486511,0.646290123462677
YGR147C,YOR064C,1,-5.980514,0.10791806876659393,0.7818382978439331,0.646290123462677
YBL098W,YBL018C,0,-5.9805408,0.10790157318115234,0.7818382978439331,0.6464008688926697
YKL185W,YDR477W,0,-5.980553,0.10788508504629135,0.7818382978439331,0.6465116143226624
YLR368W,YOR356W,0,-5.9806075,0.10786860436201096,0.7818382978439331,0.646622359752655
YPL040C,YOR056C,0,-5.9808497,0.10785212367773056,0.7818382978439331,0.6467331051826477
YPR019W,YBR061C,0,-5.981018,0.10783565044403076,0.7818382978439331,0.6468438506126404
YJL025W,YOR367W,0,-5.9810305,0.10781918466091156,0.7818382978439331,0.6469545960426331
YKR086W,YMR016C,0,-5.9811707,0.10780271887779236,0.7818382978439331,0.6470653414726257
YMR201C,YGL212W,0,-5.9814367,0.10778626054525375,0.7818382978439331,0.6471760869026184
YBR278W,YJL089W,0,-5.9814396,0.10776980966329575,0.7818382978439331,0.6472868323326111
YJL167W,YOR069W,0,-5.981774,0.10775335878133774,0.7818382978439331,0.6473975777626038
YDL150W,YML021C,0,-5.981817,0.10773691534996033,0.7818382978439331,0.6475083231925964
YOR254C,YOR344C,0,-5.9818482,0.10772047936916351,0.7818382978439331,0.6476190686225891
YML092C,YNL257C,0,-5.9819875,0.1077040433883667,0.7818382978439331,0.6477298140525818
YOR299W,YJR045C,0,-5.982009,0.10768761485815048,0.7818382978439331,0.6478405594825745
YDR450W,YGR074W,0,-5.982039,0.10767119377851486,0.7818382978439331,0.6479512453079224
YGR157W,YMR021C,0,-5.982078,0.10765477269887924,0.7818382978439331,0.648061990737915
YOR160W,YIL129C,0,-5.9824724,0.10763835906982422,0.7818382978439331,0.6481727361679077
YFL056C,YLR399C,0,-5.9825864,0.10762195289134979,0.7818382978439331,0.6482834815979004
YLR386W,YBR284W,0,-5.9826484,0.10760554671287537,0.7818382978439331,0.6483942270278931
YOL130W,YNL164C,0,-5.9829974,0.10758914798498154,0.7818382978439331,0.6485049724578857
YOL061W,YFR031C,0,-5.9830213,0.1075727567076683,0.7818382978439331,0.6486157178878784
YDR283C,YLR256W,0,-5.9831443,0.10755636543035507,0.7818382978439331,0.6487264633178711
YKL114C,YMR312W,0,-5.9832425,0.10753998160362244,0.7818382978439331,0.6488372087478638
YDR411C,YDR178W,0,-5.9832726,0.1075236052274704,0.7818382978439331,0.6489479541778564
YLL009C,YDR422C,0,-5.983484,0.10750723630189896,0.7818382978439331,0.6490586996078491
YMR014W,YGR262C,0,-5.9835243,0.10749086737632751,0.7818382978439331,0.6491694450378418
YDL160C,YBR240C,0,-5.9840055,0.10747449845075607,0.7818382978439331,0.6492801904678345
YPL265W,YDL090C,0,-5.9843163,0.10745814442634583,0.7818382978439331,0.6493909358978271
YNL331C,YGR121C,0,-5.984459,0.10744179040193558,0.7818382978439331,0.6495016813278198
YNL068C,YML105C,0,-5.984635,0.10742544382810593,0.7818382978439331,0.6496124267578125
YKL185W,YDL099W,0,-5.984879,0.10740909725427628,0.7818382978439331,0.6497231721878052
YKR097W,YCR102C,0,-5.985045,0.10739275813102722,0.7818382978439331,0.6498338580131531
YOL043C,YOR281C,0,-5.9851565,0.10737642645835876,0.7818382978439331,0.6499446034431458
YMR237W,YHL025W,0,-5.985517,0.10736009478569031,0.7818382978439331,0.6500553488731384
YLR095C,YDL225W,0,-5.9855447,0.10734377056360245,0.7818382978439331,0.6501660943031311
YHR187W,YML023C,0,-5.9858084,0.10732745379209518,0.7818382978439331,0.6502768397331238
YEL017C-A,YJL154C,0,-5.985987,0.10731114447116852,0.7818382978439331,0.6503875851631165
YLR382C,YJR009C,0,-5.9862037,0.10729483515024185,0.7818382978439331,0.6504983305931091
YOL027C,YIL128W,0,-5.986468,0.10727852582931519,0.7818382978439331,0.6506090760231018
YLR103C,YDR254W,0,-5.986789,0.10726223140954971,0.7818382978439331,0.6507198214530945
YPR104C,YOL146W,0,-5.986998,0.10724593698978424,0.7818382978439331,0.6508305668830872
YNL286W,YGL243W,0,-5.987003,0.10722965002059937,0.7818382978439331,0.6509413123130798
YGL070C,YBR254C,0,-5.987121,0.10721336305141449,0.7818382978439331,0.6510520577430725
YNL323W,YDR065W,0,-5.9872956,0.10719708353281021,0.7818382978439331,0.6511628031730652
YOL023W,YCR042C,0,-5.987422,0.10718081146478653,0.7818382978439331,0.6512735486030579
YBR093C,YLR197W,0,-5.9876704,0.10716453939676285,0.7818382978439331,0.6513842940330505
YDR243C,YGL030W,0,-5.9882283,0.10714827477931976,0.7818382978439331,0.6514950394630432
YGR147C,YLL002W,1,-5.9882765,0.10728376358747482,0.7829457521438599,0.6514950394630432
YLR160C,YOR162C,0,-5.988281,0.10726748406887054,0.7829457521438599,0.6516057848930359
YGR081C,YEL002C,0,-5.9883327,0.10725121200084686,0.7829457521438599,0.6517165303230286
YDR245W,YKL043W,0,-5.9884067,0.10723494738340378,0.7829457521438599,0.6518272161483765
YHR106W,YBR097W,0,-5.9884386,0.1072186827659607,0.7829457521438599,0.6519379615783691
YLR292C,YMR077C,0,-5.988581,0.1072024255990982,0.7829457521438599,0.6520487070083618
YMR078C,YLR238W,0,-5.9885926,0.10718617588281631,0.7829457521438599,0.6521594524383545
YML069W,YML032C,0,-5.988621,0.10716992616653442,0.7829457521438599,0.6522701978683472
YMR001C,YGL029W,0,-5.9888544,0.10715368390083313,0.7829457521438599,0.6523809432983398
YML051W,YNL304W,0,-5.988876,0.10713744163513184,0.7829457521438599,0.6524916887283325
YPL069C,YKR007W,0,-5.988964,0.10712121427059174,0.7829457521438599,0.6526024341583252
YPL124W,YBR123C,0,-5.9893003,0.10710498690605164,0.7829457521438599,0.6527131795883179
YOR074C,YDR330W,0,-5.989327,0.10708875954151154,0.7829457521438599,0.6528239250183105
YOR380W,YHR050W,0,-5.989382,0.10707253962755203,0.7829457521438599,0.6529346704483032
YFL011W,YDR478W,0,-5.9894166,0.10705632716417313,0.7829457521438599,0.6530454158782959
YGR088W,YER087C-A,0,-5.9896336,0.10704012215137482,0.7829457521438599,0.6531561613082886
YDR163W,YOL021C,0,-5.989692,0.10702391713857651,0.7829457521438599,0.6532669067382812
YBR212W,YHR203C,0,-5.9896975,0.1070077195763588,0.7829457521438599,0.6533776521682739
YMR091C,YHR079C-A,0,-5.989878,0.10699152201414108,0.7829457521438599,0.6534883975982666
YLR270W,YKL048C,0,-5.9900084,0.10697533935308456,0.7829457521438599,0.6535991430282593
YOL147C,YML092C,0,-5.990126,0.10695914924144745,0.7829457521438599,0.6537098288536072
YKR086W,YOL034W,0,-5.990363,0.10694297403097153,0.7829457521438599,0.6538205742835999
YOR157C,YER162C,0,-5.9906025,0.1069267988204956,0.7829457521438599,0.6539313197135925
YJL115W,YEL066W,1,-5.9906807,0.10706184804439545,0.7840531468391418,0.6539313197135925
YCL010C,YDR167W,1,-5.9907556,0.1071968525648117,0.7851606011390686,0.6539313197135925
YLR309C,YHR161C,0,-5.991285,0.1071806475520134,0.7851606011390686,0.6540420651435852
YOR100C,YOR380W,0,-5.9914117,0.10716444998979568,0.7851606011390686,0.6541528105735779
YBR202W,YMR101C,0,-5.991429,0.10714825242757797,0.7851606011390686,0.6542635560035706
YNR011C,YMR283C,0,-5.9914336,0.10713206231594086,0.7851606011390686,0.6543743014335632
YER015W,YPL129W,1,-5.991569,0.10726695507764816,0.7862679958343506,0.6543743014335632
YLR066W,YGR104C,0,-5.9916463,0.10725075751543045,0.7862679958343506,0.6544850468635559
YKL017C,YHR015W,0,-5.9916854,0.10723455995321274,0.7862679958343506,0.6545957922935486
YLR431C,YER110C,0,-5.9917636,0.10721836239099503,0.7862679958343506,0.6547065377235413
YNL273W,YGR048W,0,-5.991839,0.10720217227935791,0.7862679958343506,0.6548172831535339
YLR424W,YDR460W,0,-5.9919534,0.10718598961830139,0.7862679958343506,0.6549280285835266
YHR013C,YPL001W,1,-5.9920588,0.10732075572013855,0.7873753905296326,0.6549280285835266
YDR123C,YGR239C,0,-5.992109,0.10730455815792084,0.7873753905296326,0.6550387740135193
YDR448W,YER015W,1,-5.992332,0.10743926465511322,0.7884828448295593,0.6550387740135193
YKR008W,YKL095W,0,-5.99238,0.10742305219173431,0.7884828448295593,0.655149519443512
YPL117C,YKR059W,0,-5.992388,0.107406847178936,0.7884828448295593,0.6552602648735046
YPR029C,YLR034C,0,-5.9925895,0.10739064961671829,0.7884828448295593,0.6553710103034973
YJL094C,YJL093C,0,-5.992746,0.10737445205450058,0.7884828448295593,0.65548175573349
YNL188W,YBR130C,0,-5.992758,0.10735826194286346,0.7884828448295593,0.6555924415588379
YCR048W,YPL193W,0,-5.992952,0.10734207928180695,0.7884828448295593,0.6557031869888306
YMR246W,YOL148C,1,-5.9931455,0.10747663676738739,0.7895902395248413,0.6557031869888306
YNL117W,YDR180W,0,-5.9931526,0.10746043920516968,0.7895902395248413,0.6558139324188232
YDR168W,YGR086C,0,-5.9933915,0.10744424164295197,0.7895902395248413,0.6559246778488159
YEL063C,YKR076W,0,-5.993707,0.10742805153131485,0.7895902395248413,0.6560354232788086
YDR009W,YML092C,0,-5.994023,0.10741186887025833,0.7895902395248413,0.6561461687088013
YJR031C,YGL087C,0,-5.99473,0.10739569365978241,0.7895902395248413,0.656256914138794
YHR124W,YGR056W,0,-5.9948964,0.10737951844930649,0.7895902395248413,0.6563676595687866
YIL010W,YLR285W,0,-5.9950337,0.10736335068941116,0.7895902395248413,0.6564784049987793
YIL009W,YEL056W,1,-5.9951205,0.10749774426221848,0.7906976938247681,0.6564784049987793
YBR006W,YHR135C,0,-5.995255,0.10748156160116196,0.7906976938247681,0.656589150428772
YLR153C,YOL148C,1,-5.9953027,0.1076158955693245,0.79180508852005,0.656589150428772
YMR319C,YPL153C,0,-5.99534,0.10759969800710678,0.79180508852005,0.6566998958587646
YML047C,YBR123C,0,-5.995602,0.10758350789546967,0.79180508852005,0.6568106412887573
YEL009C,YLR249W,0,-5.99573,0.10756732523441315,0.79180508852005,0.65692138671875
YIL033C,YFL045C,0,-5.9957347,0.10755114257335663,0.79180508852005,0.6570321321487427
YPR122W,YNL112W,0,-5.9957647,0.1075349673628807,0.79180508852005,0.6571428775787354
YPL160W,YGL055W,0,-5.995853,0.10751879960298538,0.79180508852005,0.657253623008728
YPL049C,YHR060W,0,-5.996019,0.10750263184309006,0.79180508852005,0.6573643684387207
YPR037C,YLR044C,0,-5.996118,0.10748647153377533,0.79180508852005,0.6574750542640686
YML051W,YFR002W,0,-5.996226,0.1074703112244606,0.79180508852005,0.6575857996940613
YIL097W,YLR141W,0,-5.9963374,0.10745416581630707,0.79180508852005,0.657696545124054
YKR090W,YPR133W-A,0,-5.996382,0.10743801295757294,0.79180508852005,0.6578072905540466
YLL022C,YDR126W,1,-5.996699,0.10757211595773697,0.7929125428199768,0.6578072905540466
YHR013C,YLL022C,1,-5.997098,0.10770617425441742,0.7940199375152588,0.6578072905540466
YDL040C,YOL148C,1,-5.9971614,0.10784019529819489,0.7951273322105408,0.6578072905540466
YFL034C-B,YDR277C,0,-5.9972734,0.10782399773597717,0.7951273322105408,0.6579180359840393
YNL161W,YKL099C,0,-5.9973984,0.10780780762434006,0.7951273322105408,0.658028781414032
YCR086W,YNL239W,0,-5.997641,0.10779162496328354,0.7951273322105408,0.6581395268440247
YJL034W,YGL169W,0,-5.997644,0.10777544230222702,0.7951273322105408,0.6582502722740173
YGL100W,YPL033C,0,-5.9977307,0.1077592670917511,0.7951273322105408,0.65836101770401
YIL051C,YER169W,0,-5.997807,0.10774309933185577,0.7951273322105408,0.6584717631340027
YLR304C,YMR026C,0,-5.9980636,0.10772693157196045,0.7951273322105408,0.6585825085639954
YDR062W,YIL129C,0,-5.998114,0.10771077126264572,0.7951273322105408,0.658693253993988
YPL248C,YCL019W,0,-5.9982743,0.10769461840391159,0.7951273322105408,0.6588039994239807
YMR246W,YGR002C,1,-5.998452,0.10782843083143234,0.7962347865104675,0.6588039994239807
YJL214W,YGL227W,0,-5.9984646,0.10781226307153702,0.7962347865104675,0.6589147448539734
YIL048W,YDL195W,0,-5.9985824,0.10779610276222229,0.7962347865104675,0.6590254902839661
YKL059C,YCR053W,0,-5.9986444,0.10777994245290756,0.7962347865104675,0.6591362357139587
YMR268C,YLL012W,0,-5.9986544,0.10776378959417343,0.7962347865104675,0.6592469811439514
YPR119W,YKL214C,0,-5.9987717,0.1077476367354393,0.7962347865104675,0.6593576669692993
YFL031W,YMR044W,0,-5.9989142,0.10773149877786636,0.7962347865104675,0.659468412399292
YCL004W,YDR382W,0,-5.998983,0.10771535336971283,0.7962347865104675,0.6595791578292847
YOR113W,YNL123W,0,-5.9990273,0.10769922286272049,0.7962347865104675,0.6596899032592773
YLL050C,YDR279W,0,-5.9990325,0.10768309235572815,0.7962347865104675,0.65980064868927
YBR002C,YHR048W,0,-5.9995236,0.1076669692993164,0.7962347865104675,0.6599113941192627
YDL028C,YPR094W,0,-5.9995446,0.10765084624290466,0.7962347865104675,0.6600221395492554
YNL065W,YML105C,0,-5.9995484,0.10763473063707352,0.7962347865104675,0.660132884979248
YOL126C,YOL093W,0,-5.9997535,0.10761862248182297,0.7962347865104675,0.6602436304092407
YBR234C,YNL154C,0,-6.0001597,0.10760251432657242,0.7962347865104675,0.6603543758392334
YPR029C,YDL185W,0,-6.0002074,0.10758641362190247,0.7962347865104675,0.6604651212692261
YGR109C,YBR228W,0,-6.000531,0.10757032036781311,0.7962347865104675,0.6605758666992188
YMR237W,YPR006C,0,-6.000628,0.10755422711372375,0.7962347865104675,0.6606866121292114
YDL147W,YLR442C,0,-6.000635,0.107538141310215,0.7962347865104675,0.6607973575592041
YDL100C,YIR021W,0,-6.0006776,0.10752205550670624,0.7962347865104675,0.6609081029891968
YJR045C,YNL263C,0,-6.0010943,0.10750597715377808,0.7962347865104675,0.6610188484191895
YPL221W,YHR158C,0,-6.0012584,0.10748990625143051,0.7962347865104675,0.6611295938491821
YNL094W,YMR234W,0,-6.0015397,0.10747384279966354,0.7962347865104675,0.6612403392791748
YAL010C,YPL124W,0,-6.001625,0.10745777934789658,0.7962347865104675,0.6613510251045227
YBR278W,YKR086W,0,-6.0017877,0.1074417233467102,0.7962347865104675,0.6614617705345154
YGL029W,YDR201W,0,-6.0020723,0.10742566734552383,0.7962347865104675,0.6615725159645081
YJR125C,YOL044W,0,-6.002131,0.10740961879491806,0.7962347865104675,0.6616832613945007
YBR004C,YGR054W,0,-6.002373,0.10739357769489288,0.7962347865104675,0.6617940068244934
YDL006W,YDL033C,0,-6.002379,0.1073775365948677,0.7962347865104675,0.6619047522544861
YHR004C,YMR235C,0,-6.0024495,0.10736150294542313,0.7962347865104675,0.6620154976844788
YBR210W,YGR179C,0,-6.002588,0.10734547674655914,0.7962347865104675,0.6621262431144714
YBR212W,YMR216C,0,-6.0026402,0.10732945054769516,0.7962347865104675,0.6622369885444641
YOL038W,YKL015W,0,-6.0026746,0.10731343179941177,0.7962347865104675,0.6623477339744568
YHR191C,YOR147W,0,-6.003512,0.10729742050170898,0.7962347865104675,0.6624584794044495
YER015W,YPR131C,1,-6.003615,0.10743061453104019,0.7973421812057495,0.6624584794044495
YNL251C,YDR529C,0,-6.003675,0.10741458833217621,0.7973421812057495,0.6625692248344421
YMR298W,YLR320W,0,-6.003855,0.10739856958389282,0.7973421812057495,0.6626799702644348
YJR089W,YAR007C,0,-6.0039244,0.10738255083560944,0.7973421812057495,0.6627907156944275
YDR098C,YMR183C,0,-6.0040793,0.10736653953790665,0.7973421812057495,0.6629014611244202
YMR277W,YMR013C,0,-6.004185,0.10735052824020386,0.7973421812057495,0.6630122065544128
YNL274C,YMR095C,0,-6.0046782,0.10733452439308167,0.7973421812057495,0.6631229519844055
YPR081C,YOL045W,0,-6.0050807,0.10731852799654007,0.7973421812057495,0.6632336378097534
YOL108C,YBR258C,0,-6.0053387,0.10730253159999847,0.7973421812057495,0.6633443832397461
YPL244C,YCR044C,0,-6.0055394,0.10728654265403748,0.7973421812057495,0.6634551286697388
YMR275C,YPL135W,0,-6.0056148,0.10727056115865707,0.7973421812057495,0.6635658740997314
YGR157W,YLR292C,0,-6.005633,0.10725457966327667,0.7973421812057495,0.6636766195297241
YFL010W-A,YPL016W,0,-6.005712,0.10723860561847687,0.7973421812057495,0.6637873649597168
YKR027W,YBR020W,0,-6.006186,0.10722263902425766,0.7973421812057495,0.6638981103897095
YBR223C,YDR322C-A,0,-6.0062084,0.10720667243003845,0.7973421812057495,0.6640088558197021
YLR371W,YNR064C,0,-6.0062323,0.10719071328639984,0.7973421812057495,0.6641196012496948
YDL145C,YDL140C,0,-6.006314,0.10717475414276123,0.7973421812057495,0.6642303466796875
YBR177C,YNL070W,0,-6.006345,0.10715880244970322,0.7973421812057495,0.6643410921096802
YBR132C,YOL063C,0,-6.0064044,0.1071428582072258,0.7973421812057495,0.6644518375396729
YNR011C,YDR143C,0,-6.006415,0.10712691396474838,0.7973421812057495,0.6645625829696655
YLR056W,YBR186W,0,-6.006441,0.10711097717285156,0.7973421812057495,0.6646733283996582
YDL126C,YBR121C,0,-6.006667,0.10709504783153534,0.7973421812057495,0.6647840738296509
YPL049C,YDR422C,0,-6.0073195,0.10707911849021912,0.7973421812057495,0.6648948192596436
YLR342W,YLR425W,0,-6.0080323,0.10706319659948349,0.7973421812057495,0.6650055646896362
YKL166C,YNL310C,0,-6.008097,0.10704728215932846,0.7973421812057495,0.6651162505149841
YOR335C,YBR297W,0,-6.00822,0.10703136771917343,0.7973421812057495,0.6652269959449768
YDR281C,YDR529C,0,-6.008334,0.107015460729599,0.7973421812057495,0.6653377413749695
YDR216W,YKL101W,0,-6.0084977,0.10699955374002457,0.7973421812057495,0.6654484868049622
YDR459C,YCL010C,1,-6.0085697,0.10713224112987518,0.7984496355056763,0.6654484868049622
YNL074C,YNL003C,0,-6.008814,0.10711632668972015,0.7984496355056763,0.6655592322349548
YOR180C,YLR254C,0,-6.0089846,0.10710041224956512,0.7984496355056763,0.6656699776649475
YHR006W,YBR082C,0,-6.0095477,0.10708451271057129,0.7984496355056763,0.6657807230949402
YPL275W,YNL009W,0,-6.0097084,0.10706860572099686,0.7984496355056763,0.6658914685249329
YDR288W,YGR180C,0,-6.0097327,0.10705270618200302,0.7984496355056763,0.6660022139549255
YPL155C,YDR247W,0,-6.0097346,0.10703681409358978,0.7984496355056763,0.6661129593849182
YGL033W,YML034W,0,-6.0097494,0.10702092945575714,0.7984496355056763,0.6662237048149109
YCR075C,YMR035W,0,-6.0097632,0.1070050448179245,0.7984496355056763,0.6663344502449036
YOR034C,YMR069W,1,-6.0099697,0.10713756084442139,0.7995570302009583,0.6663344502449036
YNL039W,YHR096C,0,-6.010255,0.10712166130542755,0.7995570302009583,0.6664451956748962
YDR420W,YBR088C,0,-6.010459,0.10710576921701431,0.7995570302009583,0.6665559411048889
YDR258C,YNL097C,0,-6.0105124,0.10708988457918167,0.7995570302009583,0.6666666865348816
YJL033W,YGR276C,0,-6.010845,0.10707399994134903,0.7995570302009583,0.6667774319648743
YLL061W,YDR498C,0,-6.010857,0.10705812275409698,0.7995570302009583,0.6668881773948669
YOR023C,YLR195C,1,-6.010857,0.10719051212072372,0.8006644248962402,0.6668881773948669
YJR033C,YDR464W,0,-6.011336,0.10717462003231049,0.8006644248962402,0.6669988632202148
YCR024C-A,YAR031W,0,-6.0118265,0.10715873539447784,0.8006644248962402,0.6671096086502075
YMR288W,YGR179C,0,-6.012522,0.1071428582072258,0.8006644248962402,0.6672203540802002
YOR130C,YKL122C,0,-6.012625,0.10712698101997375,0.8006644248962402,0.6673310995101929
YHR068W,YEL065W,0,-6.012939,0.10711111128330231,0.8006644248962402,0.6674418449401855
YER127W,YML047C,0,-6.013126,0.10709524154663086,0.8006644248962402,0.6675525903701782
YLR214W,YER028C,0,-6.0132813,0.1070793867111206,0.8006644248962402,0.6676633358001709
YFL057C,YLR078C,0,-6.0133505,0.10706352442502975,0.8006644248962402,0.6677740812301636
YNR010W,YHR004C,0,-6.013361,0.1070476770401001,0.8006644248962402,0.6678848266601562
YMR138W,YFR003C,0,-6.0134006,0.10703182965517044,0.8006644248962402,0.6679955720901489
YDR208W,YNL123W,0,-6.0136027,0.10701598227024078,0.8006644248962402,0.6681063175201416
YGL256W,YAL003W,0,-6.0136523,0.10700014978647232,0.8006644248962402,0.6682170629501343
YOL077W-A,YKL053C-A,0,-6.0136924,0.10698431730270386,0.8006644248962402,0.668327808380127
YER142C,YER106W,0,-6.014117,0.1069684848189354,0.8006644248962402,0.6684385538101196
YLR206W,YNL103W,0,-6.0141573,0.10695265978574753,0.8006644248962402,0.6685492992401123
YPL125W,YKR053C,0,-6.014197,0.10693684220314026,0.8006644248962402,0.668660044670105
YDR036C,YMR005W,0,-6.0142336,0.10692103207111359,0.8006644248962402,0.6687707901000977
YPR200C,YDR478W,0,-6.0145154,0.10690522193908691,0.8006644248962402,0.6688815355300903
YPR029C,YDL170W,0,-6.0146675,0.10688941180706024,0.8006644248962402,0.6689922213554382
YAL003W,YHL002W,0,-6.0147643,0.10687361657619476,0.8006644248962402,0.6691029667854309
YNL121C,YJL109C,0,-6.0149007,0.10685782134532928,0.8006644248962402,0.6692137122154236
YOR034C,YHR013C,1,-6.0151243,0.1069898009300232,0.801771879196167,0.6692137122154236
YOR179C,YPR095C,0,-6.015865,0.10697399824857712,0.801771879196167,0.6693244576454163
YHR082C,YOR123C,0,-6.016003,0.10695818811655045,0.801771879196167,0.6694352030754089
YDL198C,YNL154C,0,-6.0160155,0.10694239288568497,0.801771879196167,0.6695459485054016
YLR423C,YMR143W,0,-6.0163903,0.10692659765481949,0.801771879196167,0.6696566939353943
YOL064C,YMR272C,0,-6.0166173,0.1069108098745346,0.801771879196167,0.669767439365387
YOL051W,YDR285W,0,-6.0166507,0.10689502209424973,0.801771879196167,0.6698781847953796
YER111C,YKR056W,0,-6.0167823,0.10687924176454544,0.801771879196167,0.6699889302253723
YBR088C,YOR275C,0,-6.0168314,0.10686346888542175,0.801771879196167,0.670099675655365
YAR018C,YOR119C,0,-6.0170317,0.10684769600629807,0.801771879196167,0.6702104210853577
YKL032C,YLR288C,0,-6.017173,0.10683193057775497,0.801771879196167,0.6703211665153503
YML071C,YKL054C,0,-6.017841,0.10681617259979248,0.801771879196167,0.670431911945343
YOR100C,YJR135W-A,0,-6.0181866,0.10680041462182999,0.801771879196167,0.6705426573753357
YMR015C,YML103C,0,-6.018207,0.10678466409444809,0.801771879196167,0.6706534028053284
YDR480W,YPL258C,0,-6.0184627,0.10676891356706619,0.801771879196167,0.670764148235321
YDL101C,YGL126W,0,-6.018523,0.10675317049026489,0.801771879196167,0.670874834060669
YDR437W,YBR066C,0,-6.0185246,0.10673743486404419,0.801771879196167,0.6709855794906616
YNR038W,YNL229C,0,-6.0186515,0.10672169923782349,0.801771879196167,0.6710963249206543
YCR048W,YMR232W,0,-6.019015,0.10670597106218338,0.801771879196167,0.671207070350647
YLR170C,YDR208W,0,-6.019199,0.10669024288654327,0.801771879196167,0.6713178157806396
YER155C,YGR060W,0,-6.019257,0.10667452216148376,0.801771879196167,0.6714285612106323
YHR158C,YDR055W,0,-6.01937,0.10665880888700485,0.801771879196167,0.671539306640625
YPL097W,YHR119W,0,-6.019403,0.10664309561252594,0.801771879196167,0.6716500520706177
YBR107C,YOL146W,0,-6.0194707,0.10662738978862762,0.801771879196167,0.6717607975006104
YKL146W,YBR171W,0,-6.0194817,0.1066116914153099,0.801771879196167,0.671871542930603
YNL130C,YNL328C,0,-6.019712,0.10659599304199219,0.801771879196167,0.6719822883605957
YJL024C,YHL047C,0,-6.019726,0.10658030211925507,0.801771879196167,0.6720930337905884
YHL002W,YJL063C,0,-6.01977,0.10656461864709854,0.801771879196167,0.672203779220581
YKL220C,YDL134C,0,-6.0200934,0.10654893517494202,0.801771879196167,0.6723145246505737
YNL042W,YLR360W,0,-6.020214,0.10653325170278549,0.801771879196167,0.6724252700805664
YBR059C,YBR089C-A,0,-6.0204015,0.10651758313179016,0.801771879196167,0.6725360155105591
YER088C,YPL127C,0,-6.0204535,0.10650191456079483,0.801771879196167,0.6726467609405518
YGR147C,YPR131C,1,-6.0207267,0.10663332790136337,0.802879273891449,0.6726467609405518
YHR187W,YHR084W,0,-6.02085,0.10661764442920685,0.802879273891449,0.6727574467658997
YNL142W,YAR002W,0,-6.0208683,0.10660196840763092,0.802879273891449,0.6728681921958923
YGR132C,YBL106C,0,-6.0211086,0.10658629983663559,0.802879273891449,0.672978937625885
YNL129W,YER178W,0,-6.021456,0.10657063126564026,0.802879273891449,0.6730896830558777
YOL068C,YKL080W,0,-6.021754,0.10655497014522552,0.802879273891449,0.6732004284858704
YLR153C,YHR013C,1,-6.0220966,0.10668625682592392,0.8039867281913757,0.6732004284858704
YGR261C,YML025C,0,-6.0221057,0.10667058825492859,0.8039867281913757,0.673311173915863
YFR041C,YOL129W,0,-6.022239,0.10665491223335266,0.8039867281913757,0.6734219193458557
YPL195W,YIL147C,0,-6.022243,0.10663925111293793,0.8039867281913757,0.6735326647758484
YOL017W,YOL144W,0,-6.022325,0.1066235899925232,0.8039867281913757,0.6736434102058411
YLR011W,YHR062C,0,-6.022404,0.10660792887210846,0.8039867281913757,0.6737541556358337
YKL191W,YCR066W,0,-6.0224776,0.10659227520227432,0.8039867281913757,0.6738649010658264
YNR002C,YGR279C,0,-6.02273,0.10657662898302078,0.8039867281913757,0.6739756464958191
YIR017C,YCR058C,0,-6.0227466,0.10656098276376724,0.8039867281913757,0.6740863919258118
YCR094W,YDR353W,0,-6.0228205,0.1065453514456749,0.8039867281913757,0.6741971373558044
YHR021C,YNL121C,0,-6.02305,0.10652971267700195,0.8039867281913757,0.6743078827857971
YLL042C,YGR163W,0,-6.023335,0.1065140813589096,0.8039867281913757,0.6744186282157898
YER167W,YBL014C,0,-6.0234227,0.10649845749139786,0.8039867281913757,0.6745293736457825
YDR420W,YJL053W,0,-6.023561,0.1064828410744667,0.8039867281913757,0.6746400594711304
YAL054C,YBR081C,1,-6.0236597,0.1066138744354248,0.8050941228866577,0.6746400594711304
YEL056W,YDR167W,1,-6.024013,0.10674487054347992,0.8062015771865845,0.6746400594711304
YNL264C,YNL290W,0,-6.0241723,0.10672921687364578,0.8062015771865845,0.674750804901123
YOR023C,YGR002C,1,-6.02482,0.10686016082763672,0.8073089718818665,0.674750804901123
YHL047C,YDR123C,0,-6.0250006,0.10684449970722198,0.8073089718818665,0.6748615503311157
YML032C,YPR187W,0,-6.025308,0.10682883858680725,0.8073089718818665,0.6749722957611084
YFR046C,YOR087W,0,-6.0254507,0.10681318491697311,0.8073089718818665,0.6750830411911011
YKL004W,YHR091C,0,-6.02558,0.10679753869771957,0.8073089718818665,0.6751937866210938
YPL117C,YGL209W,0,-6.025657,0.10678189247846603,0.8073089718818665,0.6753045320510864
YLR201C,YNL197C,0,-6.0258164,0.10676625370979309,0.8073089718818665,0.6754152774810791
YHR124W,YJR033C,0,-6.025834,0.10675062239170074,0.8073089718818665,0.6755260229110718
YDR459C,YOR064C,1,-6.0258923,0.10688140243291855,0.8084163665771484,0.6755260229110718
YOL147C,YMR313C,0,-6.0260305,0.10686575621366501,0.8084163665771484,0.6756367683410645
YHR102W,YDR082W,0,-6.026155,0.10685011744499207,0.8084163665771484,0.6757475137710571
YBR236C,YDR218C,0,-6.0268674,0.10683447867631912,0.8084163665771484,0.6758582592010498
YKR007W,YLR262C,0,-6.027058,0.10681884735822678,0.8084163665771484,0.6759690046310425
YML051W,YKL117W,0,-6.027407,0.10680321604013443,0.8084163665771484,0.6760797500610352
YDR081C,YGR144W,0,-6.027432,0.10678759217262268,0.8084163665771484,0.6761904954910278
YLL024C,YML039W,0,-6.0276494,0.10677197575569153,0.8084163665771484,0.6763012409210205
YDR448W,YFL024C,1,-6.027819,0.1069026067852974,0.8095238208770752,0.6763012409210205
YOR023C,YOR034C,1,-6.0279546,0.10703319311141968,0.8106312155723572,0.6763012409210205
YLL022C,YLR195C,1,-6.027978,0.10716374218463898,0.8117386698722839,0.6763012409210205
YKL017C,YBR048W,0,-6.027996,0.10714808106422424,0.8117386698722839,0.6764119863510132
YFL023W,YLR259C,0,-6.028059,0.10713241994380951,0.8117386698722839,0.6765227317810059
YDL149W,YDL100C,0,-6.0281086,0.10711675882339478,0.8117386698722839,0.6766334176063538
YJL081C,YER015W,1,-6.0286236,0.10724722594022751,0.8128460645675659,0.6766334176063538
YJL108C,YDR477W,0,-6.0287175,0.10723155736923218,0.8128460645675659,0.6767441630363464
YLR127C,YOL164W,0,-6.028724,0.10721588879823685,0.8128460645675659,0.6768549084663391
YDR488C,YPL063W,0,-6.02898,0.10720023512840271,0.8128460645675659,0.6769656538963318
YNL118C,YBR170C,0,-6.029164,0.10718458145856857,0.8128460645675659,0.6770763993263245
YDL083C,YIL068C,0,-6.0292096,0.10716892778873444,0.8128460645675659,0.6771871447563171
YLR303W,YLR222C,0,-6.0293217,0.1071532815694809,0.8128460645675659,0.6772978901863098
YBL013W,YLR403W,0,-6.029486,0.10713764280080795,0.8128460645675659,0.6774086356163025
YLR138W,YJR145C,0,-6.0296245,0.1071220114827156,0.8128460645675659,0.6775193810462952
YGL011C,YJR086W,0,-6.0296845,0.10710638016462326,0.8128460645675659,0.6776301264762878
YCR002C,YNL274C,0,-6.0301623,0.10709074884653091,0.8128460645675659,0.6777408719062805
YIL073C,YOR344C,0,-6.030317,0.10707512497901917,0.8128460645675659,0.6778516173362732
YKL192C,YNL154C,0,-6.0308456,0.10705950856208801,0.8128460645675659,0.6779623627662659
YPL224C,YBR162C,0,-6.0308495,0.10704389959573746,0.8128460645675659,0.6780731081962585
YOR037W,YBL079W,0,-6.030919,0.1070282906293869,0.8128460645675659,0.6781838536262512
YGR166W,YOR085W,0,-6.0309267,0.10701268166303635,0.8128460645675659,0.6782945990562439
YOR354C,YDR055W,0,-6.031171,0.10699708759784698,0.8128460645675659,0.6784053444862366
YHR053C,YIR015W,0,-6.031174,0.10698148608207703,0.8128460645675659,0.6785160303115845
YLL050C,YBR123C,0,-6.0312667,0.10696589946746826,0.8128460645675659,0.6786267757415771
YPR081C,YGL092W,0,-6.0318475,0.1069503128528595,0.8128460645675659,0.6787375211715698
YKL208W,YOR157C,0,-6.0318904,0.10693473368883133,0.8128460645675659,0.6788482666015625
YMR055C,YKL015W,0,-6.0322614,0.10691915452480316,0.8128460645675659,0.6789590120315552
YGL090W,YMR305C,0,-6.0325384,0.10690358281135559,0.8128460645675659,0.6790697574615479
YDL160C,YDR021W,0,-6.0325933,0.10688801854848862,0.8128460645675659,0.6791805028915405
YGL053W,YMR216C,0,-6.0327854,0.10687245428562164,0.8128460645675659,0.6792912483215332
YPL227C,YOR347C,0,-6.0329356,0.10685689002275467,0.8128460645675659,0.6794019937515259
YNL127W,YIL149C,0,-6.0333853,0.10684134066104889,0.8128460645675659,0.6795127391815186
YDR284C,YKL018W,0,-6.033986,0.10682579129934311,0.8128460645675659,0.6796234846115112
YPR141C,YEL016C,0,-6.0344667,0.10681024193763733,0.8128460645675659,0.6797342300415039
YCR088W,YLR265C,0,-6.034467,0.10679470747709274,0.8128460645675659,0.6798449754714966
YDR388W,YLR268W,0,-6.03478,0.10677916556596756,0.8128460645675659,0.6799557209014893
YJR119C,YOR103C,0,-6.034856,0.10676363855600357,0.8128460645675659,0.6800664663314819
YKL112W,YNL318C,0,-6.034859,0.10674811154603958,0.8128460645675659,0.6801772117614746
YNL055C,YBR223C,0,-6.0349784,0.10673258453607559,0.8128460645675659,0.6802879571914673
YGL105W,YDR343C,0,-6.0354676,0.1067170724272728,0.8128460645675659,0.6803986430168152
YFL024C,YER015W,1,-6.0357814,0.10684692859649658,0.8139534592628479,0.6803986430168152
YKL117W,YOL124C,0,-6.0359883,0.106831394135952,0.8139534592628479,0.6805093884468079
YGL029W,YCL017C,0,-6.0360923,0.106815867125988,0.8139534592628479,0.6806201338768005
YGR147C,YMR236W,1,-6.0361714,0.10694565623998642,0.8150609135627747,0.6806201338768005
YNL026W,YDL185W,0,-6.03626,0.10693011432886124,0.8150609135627747,0.6807308793067932
YMR232W,YDR075W,0,-6.036282,0.10691458731889725,0.8150609135627747,0.6808416247367859
YML126C,YDL013W,0,-6.036633,0.10689905285835266,0.8150609135627747,0.6809523701667786
YPL169C,YMR109W,0,-6.0367703,0.10688353329896927,0.8150609135627747,0.6810631155967712
YER164W,YMR021C,0,-6.0369644,0.10686801373958588,0.8150609135627747,0.6811738610267639
YMR068W,YMR001C,0,-6.0370235,0.10685249418020248,0.8150609135627747,0.6812846064567566
YNL270C,YKL170W,0,-6.0371323,0.10683698952198029,0.8150609135627747,0.6813953518867493
YBL040C,YLR002C,0,-6.037414,0.10682147741317749,0.8150609135627747,0.6815060973167419
YEL056W,YHR099W,1,-6.03767,0.10695109516382217,0.8161683082580566,0.6815060973167419
YAL054C,YLL022C,1,-6.0379725,0.10708067566156387,0.8172757625579834,0.6815060973167419
YJR160C,YAL009W,0,-6.0381703,0.10706514120101929,0.8172757625579834,0.6816168427467346
YDR479C,YPR165W,0,-6.0382166,0.1070496067404747,0.8172757625579834,0.6817275881767273
YNL225C,YOR162C,0,-6.0391936,0.10703407973051071,0.8172757625579834,0.68183833360672
YGR088W,YGR163W,0,-6.0392666,0.10701856017112732,0.8172757625579834,0.6819490790367126
YPL181W,YPL248C,0,-6.0393305,0.10700304806232452,0.8172757625579834,0.6820598244667053
YKL093W,YEL062W,0,-6.039421,0.10698753595352173,0.8172757625579834,0.682170569896698
YKL074C,YMR266W,0,-6.039475,0.10697202384471893,0.8172757625579834,0.6822812557220459
YPL248C,YJR007W,0,-6.0395594,0.10695651918649673,0.8172757625579834,0.6823920011520386
YDR036C,YDL200C,0,-6.0396776,0.10694102197885513,0.8172757625579834,0.6825027465820312
YMR246W,YDR145W,1,-6.039686,0.10707041621208191,0.8183831572532654,0.6825027465820312
YDL029W,YPR155C,0,-6.039854,0.10705490410327911,0.8183831572532654,0.6826134920120239
YOR034C,YGR147C,1,-6.04004,0.10718423873186111,0.8194906115531921,0.6826134920120239
YMR301C,YKL041W,0,-6.040187,0.10716871917247772,0.8194906115531921,0.6827242374420166
YHR053C,YDL036C,0,-6.040407,0.10715319961309433,0.8194906115531921,0.6828349828720093
YFR028C,YOL002C,0,-6.040438,0.10713768750429153,0.8194906115531921,0.682945728302002
YHR053C,YOL124C,0,-6.040473,0.10712217539548874,0.8194906115531921,0.6830564737319946
YNL029C,YJL154C,0,-6.040508,0.10710667073726654,0.8194906115531921,0.6831672191619873
YMR314W,YDL020C,0,-6.040567,0.10709117352962494,0.8194906115531921,0.68327796459198
YJL060W,YDR337W,0,-6.0406814,0.10707567632198334,0.8194906115531921,0.6833887100219727
YOR113W,YLR429W,0,-6.0409374,0.10706018656492233,0.8194906115531921,0.6834994554519653
YNR054C,YIR015W,0,-6.040981,0.10704469680786133,0.8194906115531921,0.683610200881958
YCR107W,YDR489W,0,-6.0412774,0.10702921450138092,0.8194906115531921,0.6837209463119507
YBR132C,YPL181W,0,-6.0415673,0.10701373964548111,0.8194906115531921,0.6838316917419434
YOR073W,YNL229C,0,-6.0416455,0.1069982647895813,0.8194906115531921,0.683942437171936
YLR314C,YGR249W,0,-6.0417056,0.10698279738426208,0.8194906115531921,0.6840531826019287
YLR100W,YOL117W,0,-6.041776,0.10696732997894287,0.8194906115531921,0.6841638684272766
YMR280C,YDL190C,0,-6.042069,0.10695187002420425,0.8194906115531921,0.6842746138572693
YLL022C,YMR069W,1,-6.042107,0.10708092153072357,0.8205980062484741,0.6842746138572693
YFL039C,YER015W,1,-6.042144,0.1072099432349205,0.8217054009437561,0.6842746138572693
YLR310C,YPR068C,0,-6.0425744,0.1071944534778595,0.8217054009437561,0.684385359287262
YKL185W,YAL001C,0,-6.042857,0.10717897117137909,0.8217054009437561,0.6844961047172546
YBL020W,YJR102C,0,-6.042868,0.10716348886489868,0.8217054009437561,0.6846068501472473
YJL081C,YOL110W,1,-6.042902,0.10729242116212845,0.8228128552436829,0.6846068501472473
YPR034W,YFL023W,0,-6.043062,0.10727692395448685,0.8228128552436829,0.68471759557724
YBR211C,YDR162C,0,-6.0431724,0.10726144164800644,0.8228128552436829,0.6848283410072327
YNL270C,YFL037W,0,-6.0433517,0.10724595934152603,0.8228128552436829,0.6849390864372253
YHR055C,YPR140W,0,-6.043369,0.10723047703504562,0.8228128552436829,0.685049831867218
YPL256C,YDR359C,0,-6.043681,0.10721500962972641,0.8228128552436829,0.6851605772972107
YPR006C,YDL140C,0,-6.0440526,0.1071995347738266,0.8228128552436829,0.6852713227272034
YGR060W,YNL025C,0,-6.0442348,0.10718407481908798,0.8228128552436829,0.685382068157196
YDL074C,YJL111W,0,-6.044255,0.10716861486434937,0.8228128552436829,0.6854928135871887
YNL136W,YMR069W,1,-6.0442853,0.1072973757982254,0.8239202499389648,0.6854928135871887
YGR135W,YPL180W,0,-6.044731,0.10728190094232559,0.8239202499389648,0.6856035590171814
YNL148C,YKL212W,0,-6.044806,0.10726643353700638,0.8239202499389648,0.6857143044471741
YCL054W,YPR133W-A,0,-6.0449853,0.10725097358226776,0.8239202499389648,0.6858250498771667
YOR130C,YGR070W,0,-6.0450945,0.10723551362752914,0.8239202499389648,0.6859357953071594
YBL019W,YER041W,0,-6.045186,0.10722006112337112,0.8239202499389648,0.6860465407371521
YJL210W,YML093W,0,-6.045218,0.1072046086192131,0.8239202499389648,0.6861572265625
YMR149W,YJR046W,0,-6.0452657,0.10718916356563568,0.8239202499389648,0.6862679719924927
YMR150C,YEL060C,0,-6.045572,0.10717372596263885,0.8239202499389648,0.6863787174224854
YDL132W,YBR289W,0,-6.045587,0.10715828835964203,0.8239202499389648,0.686489462852478
YML129C,YGL169W,0,-6.0457225,0.1071428582072258,0.8239202499389648,0.6866002082824707
YJR070C,YCR073W-A,0,-6.0459633,0.10712742805480957,0.8239202499389648,0.6867109537124634
YJL050W,YLR147C,0,-6.0460343,0.10711200535297394,0.8239202499389648,0.686821699142456
YGR246C,YJL011C,0,-6.0469112,0.1070965901017189,0.8239202499389648,0.6869324445724487
YDR320C,YML025C,0,-6.046952,0.10708117485046387,0.8239202499389648,0.6870431900024414
YOR284W,YIL029C,0,-6.047012,0.10706576704978943,0.8239202499389648,0.6871539354324341
YBR015C,YMR203W,0,-6.0471253,0.10705035924911499,0.8239202499389648,0.6872646808624268
YCR002C,YOR230W,0,-6.0475736,0.10703495889902115,0.8239202499389648,0.6873754262924194
YNR027W,YMR266W,0,-6.0476336,0.1070195659995079,0.8239202499389648,0.6874861717224121
YGR254W,YGR091W,0,-6.048002,0.10700417309999466,0.8239202499389648,0.6875969171524048
YKL012W,YLR141W,0,-6.048097,0.10698878020048141,0.8239202499389648,0.6877076625823975
YER015W,YGL066W,1,-6.04837,0.1071171835064888,0.8250277042388916,0.6877076625823975
YNL327W,YLR181C,0,-6.0484653,0.10710178315639496,0.8250277042388916,0.6878184080123901
YGL090W,YPR198W,0,-6.0484805,0.10708639025688171,0.8250277042388916,0.6879291534423828
YJR090C,YHR186C,0,-6.048491,0.10707099735736847,0.8250277042388916,0.6880398392677307
YNL009W,YPR032W,0,-6.048521,0.10705561190843582,0.8250277042388916,0.6881505846977234
YFL057C,YMR188C,0,-6.048816,0.10704022645950317,0.8250277042388916,0.6882613301277161
YCL066W,YIL095W,0,-6.048899,0.10702485591173172,0.8250277042388916,0.6883720755577087
YLR085C,YGL054C,0,-6.0491056,0.10700947791337967,0.8250277042388916,0.6884828209877014
YBR210W,YPL130W,0,-6.0491643,0.10699411481618881,0.8250277042388916,0.6885935664176941
YGL174W,YOL040C,0,-6.0495505,0.10697874426841736,0.8250277042388916,0.6887043118476868
YJL125C,YOR211C,0,-6.049623,0.1069633886218071,0.8250277042388916,0.6888150572776794
YGL033W,YDR478W,0,-6.0497007,0.10694803297519684,0.8250277042388916,0.6889258027076721
YHR001W,YKL015W,0,-6.049812,0.10693268477916718,0.8250277042388916,0.6890365481376648
YEL056W,YEL066W,1,-6.0498505,0.10706084966659546,0.8261350989341736,0.6890365481376648
YCR066W,YOR254C,0,-6.0500236,0.1070454865694046,0.8261350989341736,0.6891472935676575
YGR109C,YLR268W,0,-6.0501165,0.10703013092279434,0.8261350989341736,0.6892580389976501
YDL085W,YNL107W,0,-6.05045,0.10701477527618408,0.8261350989341736,0.6893687844276428
YMR055C,YHR004C,0,-6.0505004,0.10699942708015442,0.8261350989341736,0.6894795298576355
YNL328C,YKL144C,0,-6.0505342,0.10698407888412476,0.8261350989341736,0.6895902752876282
YPR081C,YNL117W,0,-6.051056,0.10696873813867569,0.8261350989341736,0.6897010207176208
YOL080C,YMR218C,0,-6.051125,0.10695340484380722,0.8261350989341736,0.6898117661476135
YJL115W,YER015W,1,-6.0512476,0.10708142071962357,0.8272425532341003,0.6898117661476135
YKR052C,YOR049C,0,-6.051398,0.1070660725235939,0.8272425532341003,0.6899224519729614
YPL221W,YKL029C,0,-6.051608,0.10705073177814484,0.8272425532341003,0.6900331974029541
YPL228W,YDR365C,0,-6.0516515,0.10703539103269577,0.8272425532341003,0.6901439428329468
YOL135C,YBR295W,0,-6.051722,0.1070200577378273,0.8272425532341003,0.6902546882629395
YDL126C,YKL058W,0,-6.051868,0.10700472444295883,0.8272425532341003,0.6903654336929321
YKL112W,YGL247W,0,-6.052275,0.10698939859867096,0.8272425532341003,0.6904761791229248
YPL202C,YPL239W,0,-6.0522785,0.10697408020496368,0.8272425532341003,0.6905869245529175
YLR214W,YLR335W,0,-6.052407,0.10695876181125641,0.8272425532341003,0.6906976699829102
YOL110W,YHR090C,1,-6.0524445,0.10708661377429962,0.8283499479293823,0.6906976699829102
YMR033W,YPL206C,0,-6.0527234,0.10707128793001175,0.8283499479293823,0.6908084154129028
YOL027C,YDR162C,0,-6.0530057,0.10705596208572388,0.8283499479293823,0.6909191608428955
YDL245C,YBR091C,0,-6.053034,0.1070406436920166,0.8283499479293823,0.6910299062728882
YER178W,YIL109C,0,-6.0530467,0.10702532529830933,0.8283499479293823,0.6911406517028809
YGR180C,YPL253C,0,-6.053073,0.10701001435518265,0.8283499479293823,0.6912513971328735
YDR116C,YBR182C,0,-6.0531282,0.10699471086263657,0.8283499479293823,0.6913621425628662
YDL155W,YOR221C,0,-6.0532994,0.10697940737009048,0.8283499479293823,0.6914728879928589
YGL029W,YDR363W,0,-6.053306,0.1069641038775444,0.8283499479293823,0.6915836334228516
YPL241C,YGR213C,0,-6.053314,0.10694881528615952,0.8283499479293823,0.6916943788528442
YDL243C,YPL212C,0,-6.0533504,0.10693352669477463,0.8283499479293823,0.6918050646781921
YGR224W,YPR016C,0,-6.0535817,0.10691823810338974,0.8283499479293823,0.6919158101081848
YNL286W,YPL146C,0,-6.0537543,0.10690295696258545,0.8283499479293823,0.6920265555381775
YDR096W,YML055W,0,-6.0537744,0.10688768327236176,0.8283499479293823,0.6921373009681702
YBR168W,YNL317W,0,-6.0539565,0.10687240958213806,0.8283499479293823,0.6922480463981628
YGL053W,YNL201C,0,-6.054125,0.10685714334249496,0.8283499479293823,0.6923587918281555
YIL016W,YER123W,0,-6.054237,0.10684187710285187,0.8283499479293823,0.6924695372581482
YCR038C,YMR142C,0,-6.0543785,0.10682661831378937,0.8283499479293823,0.6925802826881409
YGR002C,YDR145W,1,-6.054492,0.1069541648030281,0.8294573426246643,0.6925802826881409
YPL155C,YEL051W,0,-6.054517,0.10693889111280441,0.8294573426246643,0.6926910281181335
YNL188W,YNL262W,0,-6.0547223,0.10692362487316132,0.8294573426246643,0.6928017735481262
YLR155C,YBR106W,0,-6.0549045,0.10690836608409882,0.8294573426246643,0.6929125189781189
YML129C,YGL124C,0,-6.055502,0.10689310729503632,0.8294573426246643,0.6930232644081116
YMR204C,YDR062W,0,-6.056062,0.10687785595655441,0.8294573426246643,0.6931340098381042
YJL091C,YDR172W,0,-6.0561223,0.10686260461807251,0.8294573426246643,0.6932447552680969
YPL259C,YPL127C,0,-6.0561633,0.1068473607301712,0.8294573426246643,0.6933555006980896
YLR231C,YAL021C,0,-6.056235,0.1068321242928505,0.8294573426246643,0.6934662461280823
YPR199C,YBL078C,0,-6.056278,0.10681688785552979,0.8294573426246643,0.693576991558075
YDR188W,YGR014W,0,-6.0565753,0.10680165141820908,0.8294573426246643,0.6936877369880676
YOR142W,YDR478W,0,-6.056832,0.10678642988204956,0.8294573426246643,0.6937984228134155
YOR103C,YDR165W,0,-6.0569634,0.10677120089530945,0.8294573426246643,0.6939091682434082
YDR231C,YGR211W,0,-6.0571814,0.10675598680973053,0.8294573426246643,0.6940199136734009
YGL093W,YDR260C,0,-6.0576396,0.10674077272415161,0.8294573426246643,0.6941306591033936
YDL097C,YOR315W,0,-6.0578694,0.10672556608915329,0.8294573426246643,0.6942414045333862
YBL102W,YLL024C,0,-6.057953,0.10671035945415497,0.8294573426246643,0.6943521499633789
YBL039C,YGR122W,0,-6.058096,0.10669516026973724,0.8294573426246643,0.6944628953933716
YLR195C,YGR002C,1,-6.0582194,0.10682238638401031,0.8305647969245911,0.6944628953933716
YHR042W,YDL150W,0,-6.0583725,0.106807179749012,0.8305647969245911,0.6945736408233643
YPL135W,YKL038W,0,-6.0586247,0.10679196566343307,0.8305647969245911,0.6946843862533569
YOL091W,YPL011C,0,-6.058706,0.10677676647901535,0.8305647969245911,0.6947951316833496
YIL124W,YML038C,0,-6.0588517,0.10676156729459763,0.8305647969245911,0.6949058771133423
YPL192C,YHR006W,0,-6.058991,0.1067463681101799,0.8305647969245911,0.695016622543335
YOR335C,YGL105W,0,-6.0589924,0.10673117637634277,0.8305647969245911,0.6951273679733276
YKL192C,YBL040C,0,-6.059073,0.10671599209308624,0.8305647969245911,0.6952381134033203
YLR318W,YKL085W,0,-6.059173,0.10670080780982971,0.8305647969245911,0.695348858833313
YJR009C,YGL145W,0,-6.059307,0.10668563097715378,0.8305647969245911,0.6954596042633057
YFR021W,YPL171C,0,-6.059356,0.10667046159505844,0.8305647969245911,0.6955703496932983
YHR030C,YNL070W,0,-6.0593963,0.1066552922129631,0.8305647969245911,0.6956810355186462
YIL008W,YER024W,0,-6.0598803,0.10664012283086777,0.8305647969245911,0.6957917809486389
YOR034C,YJR082C,1,-6.060086,0.10676713287830353,0.831672191619873,0.6957917809486389
YNR008W,YOL043C,0,-6.060127,0.1067519560456276,0.831672191619873,0.6959025263786316
YEL016C,YOR328W,0,-6.06053,0.10673677921295166,0.831672191619873,0.6960132718086243
YCL040W,YNR049C,0,-6.06061,0.10672161728143692,0.831672191619873,0.6961240172386169
YOR297C,YML021C,0,-6.060658,0.10670644789934158,0.831672191619873,0.6962347626686096
YNL326C,YDR126W,1,-6.0608897,0.10683335363864899,0.8327796459197998,0.6962347626686096
YGL032C,YJL001W,0,-6.060922,0.10681818425655365,0.8327796459197998,0.6963455080986023
YHR120W,YJR102C,0,-6.060945,0.10680300742387772,0.8327796459197998,0.696456253528595
YHR186C,YDL058W,0,-6.0611687,0.10678784549236298,0.8327796459197998,0.6965669989585876
YNL209W,YGL210W,0,-6.061293,0.10677268356084824,0.8327796459197998,0.6966777443885803
YKL194C,YIR012W,0,-6.0614705,0.1067575216293335,0.8327796459197998,0.696788489818573
YHR165C,YHL025W,0,-6.061484,0.10674236714839935,0.8327796459197998,0.6968992352485657
YPR138C,YPR173C,0,-6.0619597,0.1067272201180458,0.8327796459197998,0.6970099806785583
YNL014W,YGL030W,0,-6.0622935,0.10671207308769226,0.8327796459197998,0.697120726108551
YDL031W,YPL010W,0,-6.062321,0.10669693350791931,0.8327796459197998,0.6972314715385437
YDL028C,YNL294C,0,-6.062409,0.10668180137872696,0.8327796459197998,0.6973422169685364
YFR028C,YPL139C,0,-6.06248,0.1066666692495346,0.8327796459197998,0.697452962398529
YKR024C,YBR254C,0,-6.0625367,0.10665153712034225,0.8327796459197998,0.697563648223877
YIL051C,YOL146W,0,-6.0627956,0.1066364124417305,0.8327796459197998,0.6976743936538696
YBL047C,YML047C,0,-6.0628123,0.10662129521369934,0.8327796459197998,0.6977851390838623
YPL051W,YPR100W,0,-6.0631585,0.10660617798566818,0.8327796459197998,0.697895884513855
YBR179C,YOR320C,0,-6.0631714,0.10659106820821762,0.8327796459197998,0.6980066299438477
YER020W,YIL070C,0,-6.0632577,0.10657596588134766,0.8327796459197998,0.6981173753738403
YDR172W,YPR036W,0,-6.064055,0.10656086355447769,0.8327796459197998,0.698228120803833
YOL133W,YMR231W,0,-6.0642495,0.10654576122760773,0.8327796459197998,0.6983388662338257
YPL123C,YDR400W,0,-6.0643744,0.10653066635131836,0.8327796459197998,0.6984496116638184
YOL059W,YJL069C,0,-6.0652943,0.10651557892560959,0.8327796459197998,0.698560357093811
YPL008W,YGL061C,0,-6.0655837,0.10650049895048141,0.8327796459197998,0.6986711025238037
YGL032C,YJL063C,0,-6.0656133,0.10648541152477264,0.8327796459197998,0.6987818479537964
YDR480W,YEL057C,0,-6.0656533,0.10647033900022507,0.8327796459197998,0.6988925933837891
YOL147C,YNR006W,0,-6.065856,0.10645526647567749,0.8327796459197998,0.6990033388137817
YGR254W,YJL210W,0,-6.065893,0.10644020140171051,0.8327796459197998,0.6991140842437744
YDR469W,YBR082C,0,-6.0658994,0.10642513632774353,0.8327796459197998,0.6992248296737671
YLR429W,YGL144C,0,-6.0659323,0.10641007870435715,0.8327796459197998,0.6993355751037598
YDR077W,YER072W,0,-6.0659757,0.10639502108097076,0.8327796459197998,0.6994462609291077
YDR421W,YGL252C,0,-6.0661554,0.10637997090816498,0.8327796459197998,0.6995570063591003
YLL002W,YDR126W,1,-6.066168,0.1065063625574112,0.8338870406150818,0.6995570063591003
YNL053W,YHR014W,0,-6.0661864,0.10649130493402481,0.8338870406150818,0.699667751789093
YBR205W,YKL020C,0,-6.066885,0.10647624731063843,0.8338870406150818,0.6997784972190857
YOL027C,YIL013C,0,-6.0669,0.10646118968725204,0.8338870406150818,0.6998892426490784
YMR275C,YBR091C,0,-6.0671597,0.10644613951444626,0.8338870406150818,0.699999988079071
YGR040W,YGR156W,0,-6.0672083,0.10643109679222107,0.8338870406150818,0.7001107335090637
YPR008W,YMR201C,0,-6.0674415,0.10641605406999588,0.8338870406150818,0.7002214789390564
YBR048W,YDR532C,0,-6.067504,0.10640101879835129,0.8338870406150818,0.7003322243690491
YIL159W,YGL126W,0,-6.067532,0.1063859835267067,0.8338870406150818,0.7004429697990417
YOR221C,YER042W,0,-6.0675426,0.1063709557056427,0.8338870406150818,0.7005537152290344
YMR296C,YBL034C,0,-6.067698,0.1063559353351593,0.8338870406150818,0.7006644606590271
YOR371C,YKR031C,0,-6.067902,0.1063409149646759,0.8338870406150818,0.7007752060890198
YHR082C,YDL147W,0,-6.0684257,0.1063258945941925,0.8338870406150818,0.7008859515190125
YGL027C,YFL031W,0,-6.068441,0.1063108816742897,0.8338870406150818,0.7009966969490051
YPL043W,YNL263C,0,-6.068814,0.1062958762049675,0.8338870406150818,0.7011074423789978
YLR068W,YPR072W,0,-6.068871,0.10628087818622589,0.8338870406150818,0.7012181878089905
YNL274C,YGR056W,0,-6.06922,0.10626587271690369,0.8338870406150818,0.7013289332389832
YBR041W,YGL126W,0,-6.06949,0.10625088214874268,0.8338870406150818,0.701439619064331
YMR056C,YBR082C,0,-6.069574,0.10623589158058167,0.8338870406150818,0.7015503644943237
YMR049C,YLR371W,0,-6.0701156,0.10622090846300125,0.8338870406150818,0.7016611099243164
YDR236C,YKL038W,0,-6.0704165,0.10620592534542084,0.8338870406150818,0.7017718553543091
YEL029C,YLR020C,0,-6.0704927,0.10619094967842102,0.8338870406150818,0.7018826007843018
YNR017W,YGL122C,0,-6.070493,0.1061759740114212,0.8338870406150818,0.7019933462142944
YLR155C,YHR019C,0,-6.070741,0.10616100579500198,0.8338870406150818,0.7021040916442871
YIL079C,YKL011C,0,-6.070827,0.10614603757858276,0.8338870406150818,0.7022148370742798
YJR091C,YHR079C-A,0,-6.0713553,0.10613107681274414,0.8338870406150818,0.7023255825042725
YGR217W,YDR141C,0,-6.0715737,0.10611612349748611,0.8338870406150818,0.7024363279342651
YMR096W,YMR106C,0,-6.0717053,0.10610117018222809,0.8338870406150818,0.7025470733642578
YPL133C,YDR388W,0,-6.0717173,0.10608622431755066,0.8338870406150818,0.7026578187942505
YDR211W,YNL309W,0,-6.071898,0.10607127845287323,0.8338870406150818,0.7027685642242432
YKL110C,YHR060W,0,-6.0719295,0.1060563400387764,0.8338870406150818,0.7028793096542358
YHR200W,YHR062C,0,-6.072005,0.10604140162467957,0.8338870406150818,0.7029900550842285
YJL146W,YDR005C,0,-6.072119,0.10602647066116333,0.8338870406150818,0.7031008005142212
YDR270W,YDR179C,0,-6.0721908,0.10601154714822769,0.8338870406150818,0.7032115459442139
YBR275C,YER070W,0,-6.0722127,0.10599662363529205,0.8338870406150818,0.7033222317695618
YEL066W,YOR064C,1,-6.0722632,0.1061224490404129,0.8349944353103638,0.7033222317695618
YKL012W,YDR131C,0,-6.072387,0.10610751807689667,0.8349944353103638,0.7034329771995544
YNL271C,YGR192C,0,-6.072593,0.10609258711338043,0.8349944353103638,0.7035437226295471
YNL329C,YNR048W,0,-6.0729375,0.1060776561498642,0.8349944353103638,0.7036544680595398
YNR027W,YHR041C,0,-6.0729394,0.10606274008750916,0.8349944353103638,0.7037652134895325
YNR067C,YNL044W,0,-6.0732365,0.10604781657457352,0.8349944353103638,0.7038759589195251
YHR142W,YOR149C,0,-6.073726,0.10603290796279907,0.8349944353103638,0.7039867043495178
YPR113W,YGR280C,0,-6.0737767,0.10601799935102463,0.8349944353103638,0.7040974497795105
YJR160C,YDL138W,0,-6.07404,0.10600309073925018,0.8349944353103638,0.7042081952095032
YML008C,YPR002W,0,-6.074125,0.10598818957805634,0.8349944353103638,0.7043189406394958
YPL093W,YCR042C,0,-6.0743065,0.10597329586744308,0.8349944353103638,0.7044296860694885
YDL220C,YOR245C,0,-6.074308,0.10595840215682983,0.8349944353103638,0.7045404314994812
YGL067W,YBL005W-B,0,-6.0743413,0.10594351589679718,0.8349944353103638,0.7046511769294739
YLR201C,YIL119C,0,-6.074457,0.10592862963676453,0.8349944353103638,0.7047619223594666
YDL074C,YMR029C,0,-6.074718,0.10591375082731247,0.8349944353103638,0.7048726677894592
YMR038C,YML065W,0,-6.0747523,0.10589887946844101,0.8349944353103638,0.7049834132194519
YGR158C,YOR085W,0,-6.074884,0.10588400810956955,0.8349944353103638,0.7050941586494446
YJL122W,YOL112W,0,-6.0749135,0.10586913675069809,0.8349944353103638,0.7052048444747925
YCR073W-A,YGL169W,0,-6.075005,0.10585427284240723,0.8349944353103638,0.7053155899047852
YJL060W,YFL013C,0,-6.0750346,0.10583941638469696,0.8349944353103638,0.7054263353347778
YKL101W,YMR005W,0,-6.075276,0.1058245599269867,0.8349944353103638,0.7055370807647705
YGL247W,YJR125C,0,-6.0753875,0.10580971091985703,0.8349944353103638,0.7056478261947632
YFR048W,YNL079C,0,-6.075475,0.10579486191272736,0.8349944353103638,0.7057585716247559
YPL126W,YDR363W-A,0,-6.075542,0.10578002035617828,0.8349944353103638,0.7058693170547485
YHR013C,YNL136W,1,-6.0757456,0.1059054583311081,0.8361018896102905,0.7058693170547485
YLL022C,YGL066W,1,-6.075921,0.10603085905313492,0.8372092843055725,0.7058693170547485
YFL023W,YGR258C,0,-6.0761185,0.10601598769426346,0.8372092843055725,0.7059800624847412
YNL318C,YBR105C,0,-6.076184,0.1060011237859726,0.8372092843055725,0.7060908079147339
YNL210W,YKL193C,0,-6.076303,0.10598625987768173,0.8372092843055725,0.7062015533447266
YBL069W,YDR283C,0,-6.076641,0.10597140341997147,0.8372092843055725,0.7063122987747192
YOR074C,YGR129W,0,-6.076736,0.1059565544128418,0.8372092843055725,0.7064230442047119
YDR289C,YNL334C,0,-6.077083,0.10594170540571213,0.8372092843055725,0.7065337896347046
YOR025W,YNL304W,0,-6.077331,0.10592685639858246,0.8372092843055725,0.7066445350646973
YBR152W,YBR183W,0,-6.0773544,0.10591202229261398,0.8372092843055725,0.7067552804946899
YNL068C,YGR086C,0,-6.07795,0.10589718818664551,0.8372092843055725,0.7068660259246826
YGL194C,YCL063W,0,-6.0779767,0.10588235408067703,0.8372092843055725,0.7069767713546753
YLR384C,YNL145W,0,-6.078079,0.10586752742528915,0.8372092843055725,0.7070874571800232
YPR183W,YLL061W,0,-6.0782228,0.10585270076990128,0.8372092843055725,0.7071982026100159
YBR145W,YNL046W,0,-6.0783176,0.105837881565094,0.8372092843055725,0.7073089480400085
YKR007W,YOR254C,0,-6.078485,0.10582306981086731,0.8372092843055725,0.7074196934700012
YCR098C,YER028C,0,-6.0787034,0.10580825805664062,0.8372092843055725,0.7075304388999939
YAL022C,YJL101C,0,-6.078807,0.10579345375299454,0.8372092843055725,0.7076411843299866
YER142C,YKR007W,0,-6.078934,0.10577864944934845,0.8372092843055725,0.7077519297599792
YGL166W,YGR118W,0,-6.079285,0.10576385259628296,0.8372092843055725,0.7078626751899719
YMR246W,YOR064C,1,-6.079623,0.10588893294334412,0.8383167386054993,0.7078626751899719
YAL012W,YIL009C-A,0,-6.0797276,0.10587412863969803,0.8383167386054993,0.7079734206199646
YNL031C,YKL093W,0,-6.07995,0.10585931688547134,0.8383167386054993,0.7080841660499573
YNL239W,YDR356W,0,-6.0800204,0.10584452003240585,0.8383167386054993,0.70819491147995
YIL035C,YGR040W,0,-6.0800858,0.10582972317934036,0.8383167386054993,0.7083056569099426
YPR134W,YPL192C,0,-6.0801044,0.10581492632627487,0.8383167386054993,0.7084164023399353
YBR172C,YOR060C,0,-6.0801764,0.10580013692378998,0.8383167386054993,0.708527147769928
YJR139C,YNL312W,0,-6.0807776,0.10578535497188568,0.8383167386054993,0.7086378931999207
YLR153C,YFL024C,1,-6.08085,0.1059103012084961,0.8394241333007812,0.7086378931999207
YDR499W,YNL078W,0,-6.0809197,0.1058955043554306,0.8394241333007812,0.7087486386299133
YML099C,YJR150C,0,-6.0814004,0.10588070750236511,0.8394241333007812,0.708859384059906
YEL036C,YKL152C,0,-6.08152,0.10586591809988022,0.8394241333007812,0.7089700698852539
YMR078C,YNL128W,0,-6.0815835,0.10585113614797592,0.8394241333007812,0.7090808153152466
YJL209W,YHR157W,0,-6.081799,0.10583636164665222,0.8394241333007812,0.7091915607452393
YNR052C,YOR254C,0,-6.082134,0.10582157969474792,0.8394241333007812,0.7093023061752319
YMR138W,YDR206W,0,-6.0824633,0.10580681264400482,0.8394241333007812,0.7094130516052246
YNR053C,YPL159C,0,-6.0827327,0.10579204559326172,0.8394241333007812,0.7095237970352173
YDR288W,YJL141C,0,-6.082785,0.10577727854251862,0.8394241333007812,0.70963454246521
YPR075C,YNL334C,0,-6.08285,0.1057625263929367,0.8394241333007812,0.7097452878952026
YNL278W,YMR312W,0,-6.083035,0.1057477667927742,0.8394241333007812,0.7098560333251953
YIL131C,YOL142W,0,-6.083051,0.10573301464319229,0.8394241333007812,0.709966778755188
YJL121C,YGR211W,0,-6.0830812,0.10571826994419098,0.8394241333007812,0.7100775241851807
YLR157C,YOL012C,0,-6.0832095,0.10570352524518967,0.8394241333007812,0.7101882696151733
YPR185W,YKL178C,0,-6.0833325,0.10568878799676895,0.8394241333007812,0.710299015045166
YPL117C,YGR013W,0,-6.083337,0.10567405819892883,0.8394241333007812,0.7104097604751587
YNL136W,YFL024C,1,-6.084079,0.10579872131347656,0.840531587600708,0.7104097604751587
YHR021C,YGR275W,0,-6.084083,0.10578396916389465,0.840531587600708,0.7105205059051514
YCR086W,YOR157C,0,-6.084103,0.10576923191547394,0.840531587600708,0.710631251335144
YLR228C,YDR407C,0,-6.084165,0.10575449466705322,0.840531587600708,0.7107419967651367
YIL072W,YBR170C,0,-6.0844283,0.10573975741863251,0.840531587600708,0.7108527421951294
YPL010W,YDR477W,0,-6.0849247,0.10572502762079239,0.840531587600708,0.7109634280204773
YNL331C,YMR204C,0,-6.0850215,0.10571030527353287,0.840531587600708,0.71107417345047
YOR032C,YBR205W,0,-6.0850835,0.10569558292627335,0.840531587600708,0.7111849188804626
YDR376W,YMR203W,0,-6.0850987,0.10568086802959442,0.840531587600708,0.7112956643104553
YHR175W,YLR060W,0,-6.085159,0.1056661531329155,0.840531587600708,0.711406409740448
YBR029C,YGL136C,0,-6.0853705,0.10565144568681717,0.840531587600708,0.7115171551704407
YDR276C,YJR127C,0,-6.085669,0.10563674569129944,0.840531587600708,0.7116279006004333
YGR083C,YPR113W,0,-6.0858397,0.10562204569578171,0.840531587600708,0.711738646030426
YMR182C,YBR030W,0,-6.08598,0.10560734570026398,0.840531587600708,0.7118493914604187
YIL018W,YDR362C,0,-6.086117,0.10559265315532684,0.840531587600708,0.7119601368904114
YCL055W,YDR122W,0,-6.0867567,0.1055779680609703,0.840531587600708,0.712070882320404
YNL042W,YMR232W,0,-6.086858,0.10556328296661377,0.840531587600708,0.7121816277503967
YNL329C,YOR224C,0,-6.0869346,0.10554860532283783,0.840531587600708,0.7122923731803894
YDR346C,YDR341C,0,-6.087298,0.10553392767906189,0.840531587600708,0.7124031186103821
YFR046C,YLR238W,0,-6.0874615,0.10551925748586655,0.840531587600708,0.7125138640403748
YPL256C,YDL190C,0,-6.087575,0.1055045872926712,0.840531587600708,0.7126246094703674
YLR098C,YOR315W,0,-6.0878735,0.10548992455005646,0.840531587600708,0.7127353549003601
YBR103W,YLR316C,0,-6.087997,0.10547526180744171,0.840531587600708,0.712846040725708
YMR083W,YNR010W,0,-6.0881686,0.10546060651540756,0.840531587600708,0.7129567861557007
YOR198C,YDR097C,0,-6.088348,0.10544595867395401,0.840531587600708,0.7130675315856934
YJL164C,YAL002W,0,-6.0884275,0.10543131083250046,0.840531587600708,0.713178277015686
YMR137C,YCR057C,0,-6.0891614,0.1054166629910469,0.840531587600708,0.7132890224456787
YGR222W,YHR012W,0,-6.089166,0.10540203005075455,0.840531587600708,0.7133997678756714
YOR204W,YNL153C,0,-6.089195,0.10538738965988159,0.840531587600708,0.7135105133056641
YKL012W,YOL039W,0,-6.0892844,0.10537276417016983,0.840531587600708,0.7136212587356567
YDR009W,YJR050W,0,-6.0895047,0.10535813122987747,0.840531587600708,0.7137320041656494
YHR034C,YBR088C,0,-6.0898137,0.10534351319074631,0.840531587600708,0.7138427495956421
YDR301W,YJL109C,0,-6.090325,0.10532889515161514,0.840531587600708,0.7139534950256348
YKL110C,YEL051W,0,-6.090338,0.10531427711248398,0.840531587600708,0.7140642404556274
YJL100W,YBL102W,0,-6.090733,0.10529966652393341,0.840531587600708,0.7141749858856201
YDL154W,YBR093C,0,-6.09084,0.10528506338596344,0.840531587600708,0.7142857313156128
YOL054W,YDL225W,0,-6.090889,0.10527046024799347,0.840531587600708,0.7143964767456055
YOR001W,YGR074W,0,-6.091119,0.1052558571100235,0.840531587600708,0.7145072221755981
YHR013C,YLL002W,1,-6.0912404,0.10537992417812347,0.84163898229599,0.7145072221755981
YDR142C,YIL105C,0,-6.091302,0.1053653135895729,0.84163898229599,0.7146179676055908
YDL083C,YDR160W,0,-6.091525,0.10535071045160294,0.84163898229599,0.7147286534309387
YLR098C,YPR190C,0,-6.0915866,0.10533610731363297,0.84163898229599,0.7148393988609314
YDR021W,YEL050C,0,-6.091592,0.105321504175663,0.84163898229599,0.7149501442909241
YHR053C,YOL027C,0,-6.0917845,0.10530691593885422,0.84163898229599,0.7150608897209167
YFR021W,YGR090W,0,-6.091891,0.10529232770204544,0.84163898229599,0.7151716351509094
YOR103C,YOL127W,0,-6.0919175,0.10527773946523666,0.84163898229599,0.7152823805809021
YDL030W,YNL339C,0,-6.0921235,0.10526315867900848,0.84163898229599,0.7153931260108948
YBL035C,YHR167W,0,-6.0922666,0.1052485778927803,0.84163898229599,0.7155038714408875
YDR511W,YML029W,0,-6.092294,0.10523400455713272,0.84163898229599,0.7156146168708801
YGL029W,YBR289W,0,-6.0923796,0.10521943867206573,0.84163898229599,0.7157253623008728
YDL008W,YIL042C,0,-6.0925336,0.10520487278699875,0.84163898229599,0.7158361077308655
YGR212W,YKL042W,0,-6.0927234,0.10519031435251236,0.84163898229599,0.7159468531608582
YMR238W,YMR201C,0,-6.0927873,0.10517575591802597,0.84163898229599,0.7160575985908508
YHR013C,YJL115W,1,-6.092884,0.10529956966638565,0.842746376991272,0.7160575985908508
YGL219C,YOR270C,0,-6.092898,0.10528500378131866,0.842746376991272,0.7161683440208435
YGR200C,YLR292C,0,-6.0931244,0.10527043789625168,0.842746376991272,0.7162790894508362
YKL152C,YGL055W,0,-6.0935245,0.10525587946176529,0.842746376991272,0.7163898348808289
YLL041C,YOR290C,0,-6.093785,0.1052413210272789,0.842746376991272,0.7165005803108215
YGR276C,YPR080W,0,-6.0939107,0.10522677004337311,0.842746376991272,0.7166112661361694
YNL245C,YMR188C,0,-6.0940795,0.10521221905946732,0.842746376991272,0.7167220115661621
YLR431C,YOR301W,0,-6.0942197,0.10519767552614212,0.842746376991272,0.7168327569961548
YNL136W,YLL022C,1,-6.0942883,0.10532135516405106,0.8438538312911987,0.7168327569961548
YOR299W,YHR006W,0,-6.0943103,0.10530679672956467,0.8438538312911987,0.7169435024261475
YOL101C,YNL243W,0,-6.0943403,0.10529224574565887,0.8438538312911987,0.7170542478561401
YKR024C,YDR320C,0,-6.0948076,0.10527770221233368,0.8438538312911987,0.7171649932861328
YGL014W,YPL218W,0,-6.094909,0.10526315867900848,0.8438538312911987,0.7172757387161255
YJL210W,YDR135C,0,-6.0951715,0.10524861514568329,0.8438538312911987,0.7173864841461182
YOR023C,YMR069W,1,-6.0953608,0.10537218302488327,0.8449612259864807,0.7173864841461182
YEL026W,YPR036W,0,-6.0953736,0.10535763949155807,0.8449612259864807,0.7174972295761108
YJL060W,YKR008W,0,-6.0954185,0.10534308850765228,0.8449612259864807,0.7176079750061035
YHR041C,YGR094W,0,-6.095528,0.10532854497432709,0.8449612259864807,0.7177187204360962
YEL026W,YKR089C,0,-6.0955515,0.10531400889158249,0.8449612259864807,0.7178294658660889
YOR160W,YIL016W,0,-6.095849,0.10529947280883789,0.8449612259864807,0.7179402112960815
YPL147W,YML105C,0,-6.0958524,0.10528494417667389,0.8449612259864807,0.7180509567260742
YPL231W,YIL066C,0,-6.095865,0.10527042299509048,0.8449612259864807,0.7181617021560669
YMR078C,YJR103W,0,-6.0961666,0.10525589436292648,0.8449612259864807,0.7182724475860596
YCR106W,YER161C,0,-6.0962353,0.10524138063192368,0.8449612259864807,0.7183831930160522
YJR065C,YNR006W,0,-6.096607,0.10522686690092087,0.8449612259864807,0.7184939384460449
YKL192C,YJR006W,0,-6.096638,0.10521235316991806,0.8449612259864807,0.7186046242713928
YGL163C,YDR418W,0,-6.096665,0.10519784688949585,0.8449612259864807,0.7187153697013855
YOL010W,YFR031C,0,-6.096926,0.10518334805965424,0.8449612259864807,0.7188261151313782
YNL288W,YIR013C,0,-6.0972137,0.10516884922981262,0.8449612259864807,0.7189368605613708
YGL155W,YOL127W,0,-6.0979037,0.1051543578505516,0.8449612259864807,0.7190476059913635
YMR092C,YIL076W,0,-6.099173,0.10513986647129059,0.8449612259864807,0.7191583514213562
YLR114C,YOR213C,0,-6.09922,0.10512538254261017,0.8449612259864807,0.7192690968513489
YPR122W,YKL117W,0,-6.099396,0.10511089861392975,0.8449612259864807,0.7193798422813416
YOL091W,YLL024C,0,-6.099485,0.10509642213582993,0.8449612259864807,0.7194905877113342
YGL142C,YPR137W,0,-6.0995603,0.1050819456577301,0.8449612259864807,0.7196013331413269
YPL193W,YOR229W,0,-6.099632,0.10506747663021088,0.8449612259864807,0.7197120785713196
YNL323W,YJR009C,0,-6.100024,0.10505300760269165,0.8449612259864807,0.7198228240013123
YLR114C,YIL155C,0,-6.100036,0.10503854602575302,0.8449612259864807,0.7199335694313049
YGR270W,YNL241C,0,-6.100279,0.10502408444881439,0.8449612259864807,0.7200443148612976
YDR434W,YEL060C,0,-6.100427,0.10500963032245636,0.8449612259864807,0.7201550602912903
YDR211W,YHR060W,0,-6.1005034,0.10499518364667892,0.8449612259864807,0.720265805721283
YDR258C,YPR070W,0,-6.101083,0.10498073697090149,0.8449612259864807,0.7203765511512756
YLR060W,YLR107W,0,-6.1011205,0.10496629774570465,0.8449612259864807,0.7204872369766235
YLR284C,YOL069W,0,-6.1011415,0.10495185852050781,0.8449612259864807,0.7205979824066162
YKL208W,YPR124W,0,-6.1013656,0.10493741929531097,0.8449612259864807,0.7207087278366089
YER032W,YBR121C,0,-6.1014333,0.10492299497127533,0.8449612259864807,0.7208194732666016
YOR181W,YER028C,0,-6.1016936,0.10490856319665909,0.8449612259864807,0.7209302186965942
YMR076C,YDR359C,0,-6.101807,0.10489414632320404,0.8449612259864807,0.7210409641265869
YHR081W,YMR088C,0,-6.1023135,0.1048797219991684,0.8449612259864807,0.7211517095565796
YDR283C,YGR197C,0,-6.1025624,0.10486531257629395,0.8449612259864807,0.7212624549865723
YPL010W,YHL025W,0,-6.102756,0.1048509031534195,0.8449612259864807,0.7213732004165649
YIL010W,YGL135W,0,-6.1028957,0.10483649373054504,0.8449612259864807,0.7214839458465576
YIL112W,YNL088W,0,-6.1030016,0.10482209175825119,0.8449612259864807,0.7215946912765503
YBR021W,YDL100C,0,-6.103289,0.10480768978595734,0.8449612259864807,0.721705436706543
YNL326C,YMR236W,1,-6.1036754,0.10493063926696777,0.8460686802864075,0.721705436706543
YBR092C,YKL042W,0,-6.1038976,0.10491622984409332,0.8460686802864075,0.7218161821365356
YBL006C,YNL312W,0,-6.104352,0.10490182787179947,0.8460686802864075,0.7219269275665283
YKR036C,YBR294W,0,-6.10447,0.10488742589950562,0.8460686802864075,0.722037672996521
YLL042C,YOR295W,0,-6.104683,0.10487302392721176,0.8460686802864075,0.7221484184265137
YMR029C,YGL246C,0,-6.104772,0.1048586294054985,0.8460686802864075,0.7222591638565063
YDR254W,YIL072W,0,-6.1047893,0.10484424233436584,0.8460686802864075,0.7223698496818542
YLR370C,YIL098C,0,-6.1048684,0.10482985526323318,0.8460686802864075,0.7224805951118469
YDR337W,YBL093C,0,-6.1052356,0.10481547564268112,0.8460686802864075,0.7225913405418396
YJR078W,YHR154W,0,-6.1056247,0.10480109602212906,0.8460686802864075,0.7227020859718323
YNL318C,YJL050W,0,-6.1057153,0.10478672385215759,0.8460686802864075,0.722812831401825
YFL018C,YER082C,0,-6.1059103,0.10477235168218613,0.8460686802864075,0.7229235768318176
YML116W,YOR254C,0,-6.106347,0.10475798696279526,0.8460686802864075,0.7230343222618103
YFL041W,YGL195W,0,-6.106422,0.10474362224340439,0.8460686802864075,0.723145067691803
YFR034C,YNR039C,0,-6.1065273,0.10472926497459412,0.8460686802864075,0.7232558131217957
YJR139C,YFR030W,0,-6.106875,0.10471491515636444,0.8460686802864075,0.7233665585517883
YIR005W,YGL127C,0,-6.1070356,0.10470056533813477,0.8460686802864075,0.723477303981781
YBR036C,YPR163C,0,-6.1071525,0.10468621551990509,0.8460686802864075,0.7235880494117737
YHR191C,YAL030W,0,-6.1076083,0.10467187315225601,0.8460686802864075,0.7236987948417664
YDL069C,YDR285W,0,-6.107719,0.10465753078460693,0.8460686802864075,0.723809540271759
YGR222W,YHR021C,0,-6.1077876,0.10464319586753845,0.8460686802864075,0.7239202857017517
YIL040W,YLR353W,0,-6.107878,0.10462886840105057,0.8460686802864075,0.7240310311317444
YOL060C,YPR032W,0,-6.10795,0.10461454093456268,0.8460686802864075,0.7241417765617371
YNL275W,YBL032W,0,-6.1084237,0.1046002209186554,0.8460686802864075,0.724252462387085
YMR070W,YBL033C,0,-6.108453,0.10458590090274811,0.8460686802864075,0.7243632078170776
YDL226C,YNL126W,0,-6.1085835,0.10457158833742142,0.8460686802864075,0.7244739532470703
YPR198W,YCR053W,0,-6.1086097,0.10455727577209473,0.8460686802864075,0.724584698677063
YPL200W,YGL006W,0,-6.108842,0.10454296320676804,0.8460686802864075,0.7246954441070557
YBL093C,YML098W,0,-6.109093,0.10452866554260254,0.8460686802864075,0.7248061895370483
YGR202C,YBR048W,0,-6.109523,0.10451436042785645,0.8460686802864075,0.724916934967041
YGR007W,YDR059C,0,-6.1095624,0.10450007021427155,0.8460686802864075,0.7250276803970337
YNL094W,YNR032W,0,-6.1095686,0.10448578000068665,0.8460686802864075,0.7251384258270264
YMR276W,YKR019C,0,-6.109852,0.10447148978710175,0.8460686802864075,0.725249171257019
YHR036W,YGL092W,0,-6.109871,0.10445720702409744,0.8460686802864075,0.7253599166870117
YDR448W,YMR069W,1,-6.110087,0.1045796275138855,0.8471760749816895,0.7253599166870117
YAL040C,YOL049W,0,-6.1102767,0.1045653373003006,0.8471760749816895,0.7254706621170044
YDR216W,YPL087W,0,-6.1105204,0.1045510470867157,0.8471760749816895,0.7255814075469971
YAL054C,YMR236W,1,-6.1106076,0.10467340797185898,0.8482834696769714,0.7255814075469971
YOL151W,YGR091W,0,-6.110665,0.10465910285711288,0.8482834696769714,0.7256921529769897
YER177W,YKR046C,0,-6.110707,0.10464480519294739,0.8482834696769714,0.7258028984069824
YLR085C,YFL002C,0,-6.1109343,0.10463051497936249,0.8482834696769714,0.7259136438369751
YMR113W,YDR345C,0,-6.11128,0.10461622476577759,0.8482834696769714,0.7260243892669678
YDR143C,YPR182W,0,-6.111335,0.10460194200277328,0.8482834696769714,0.7261351346969604
YMR280C,YJL166W,0,-6.1114287,0.10458765923976898,0.8482834696769714,0.7262458205223083
YHR041C,YDR325W,0,-6.111507,0.10457337647676468,0.8482834696769714,0.726356565952301
YOR103C,YDR190C,0,-6.1116776,0.10455910116434097,0.8482834696769714,0.7264673113822937
YJR092W,YCR028C,0,-6.11175,0.10454483330249786,0.8482834696769714,0.7265780568122864
YPR120C,YML021C,0,-6.1118135,0.10453056544065475,0.8482834696769714,0.726688802242279
YLR056W,YBR098W,0,-6.1123986,0.10451630502939224,0.8482834696769714,0.7267995476722717
YCR048W,YPR155C,0,-6.1124034,0.10450204461812973,0.8482834696769714,0.7269102931022644
YAL031C,YKL081W,0,-6.113469,0.10448779165744781,0.8482834696769714,0.7270210385322571
YIL040W,YHR015W,0,-6.1135316,0.1044735386967659,0.8482834696769714,0.7271317839622498
YER126C,YGR213C,0,-6.1135383,0.10445929318666458,0.8482834696769714,0.7272425293922424
YOR061W,YDR195W,0,-6.1136127,0.10444504767656326,0.8482834696769714,0.7273532748222351
YPR067W,YBR167C,0,-6.1140795,0.10443080961704254,0.8482834696769714,0.7274640202522278
YOR032C,YNR046W,0,-6.1140847,0.10441657900810242,0.8482834696769714,0.7275747656822205
YER015W,YLL022C,1,-6.1141496,0.10453864187002182,0.8493909239768982,0.7275747656822205
YGL063W,YDR325W,0,-6.1142035,0.1045243963599205,0.8493909239768982,0.7276855111122131
YMR173W,YGR007W,0,-6.114298,0.10451015084981918,0.8493909239768982,0.7277962565422058
YMR016C,YBR240C,0,-6.114671,0.10449591279029846,0.8493909239768982,0.7279070019721985
YBL016W,YPL131W,0,-6.1147537,0.10448167473077774,0.8493909239768982,0.7280177474021912
YCR084C,YBR006W,0,-6.115379,0.10446744412183762,0.8493909239768982,0.7281284332275391
YOR355W,YGL127C,0,-6.1155148,0.10445322096347809,0.8493909239768982,0.7282391786575317
YLL002W,YHR090C,1,-6.115551,0.10457516461610794,0.8504983186721802,0.7282391786575317
YFR021W,YOR243C,0,-6.1157765,0.10456092655658722,0.8504983186721802,0.7283499240875244
YMR202W,YKR048C,0,-6.1158276,0.1045466884970665,0.8504983186721802,0.7284606695175171
YML032C,YIL008W,0,-6.116367,0.10453246533870697,0.8504983186721802,0.7285714149475098
YCR038C,YPR132W,0,-6.1165195,0.10451823472976685,0.8504983186721802,0.7286821603775024
YHR171W,YKR065C,0,-6.1168075,0.10450401157140732,0.8504983186721802,0.7287929058074951
YNL250W,YBR223C,0,-6.1169705,0.10448979586362839,0.8504983186721802,0.7289036512374878
YGR140W,YCR034W,0,-6.1170573,0.10447558015584946,0.8504983186721802,0.7290143966674805
YGR123C,YCR073W-A,0,-6.1171885,0.10446137189865112,0.8504983186721802,0.7291251420974731
YNL172W,YPR132W,0,-6.1172023,0.10444716364145279,0.8504983186721802,0.7292358875274658
YJL214W,YDR190C,0,-6.1172357,0.10443296283483505,0.8504983186721802,0.7293466329574585
YLR028C,YJL063C,0,-6.117283,0.10441876202821732,0.8504983186721802,0.7294573783874512
YOR159C,YHR167W,0,-6.117342,0.10440456867218018,0.8504983186721802,0.7295681238174438
YFL024C,YMR246W,1,-6.1174746,0.10452630370855331,0.8516057729721069,0.7295681238174438
YDR281C,YJL074C,0,-6.1175036,0.10451209545135498,0.8516057729721069,0.7296788692474365
YER127W,YAR042W,0,-6.1176696,0.10449789464473724,0.8516057729721069,0.7297896146774292
YDR258C,YDR028C,0,-6.1177597,0.1044836938381195,0.8516057729721069,0.7299003601074219
YKL190W,YMR087W,0,-6.117845,0.10446950048208237,0.8516057729721069,0.7300110459327698
YER177W,YGR246C,0,-6.1184025,0.10445531457662582,0.8516057729721069,0.7301217913627625
YNL166C,YGL162W,0,-6.1186624,0.10444112122058868,0.8516057729721069,0.7302325367927551
YOL146W,YOR210W,0,-6.1187434,0.10442694276571274,0.8516057729721069,0.7303432822227478
YGR188C,YNL110C,0,-6.118987,0.10441276431083679,0.8516057729721069,0.7304540276527405
YER001W,YLR197W,0,-6.118992,0.10439858585596085,0.8516057729721069,0.7305647730827332
YKL129C,YLL021W,0,-6.1194634,0.1043844148516655,0.8516057729721069,0.7306755185127258
YPL193W,YKR059W,0,-6.119622,0.10437025129795074,0.8516057729721069,0.7307862639427185
YDL105W,YDR190C,0,-6.119688,0.10435608774423599,0.8516057729721069,0.7308970093727112
YNL116W,YOR007C,0,-6.11984,0.10434192419052124,0.8516057729721069,0.7310077548027039
YPL026C,YIL061C,0,-6.120049,0.10432776808738708,0.8516057729721069,0.7311185002326965
YGL008C,YGL004C,0,-6.120435,0.10431361943483353,0.8516057729721069,0.7312292456626892
YJR078W,YFR051C,0,-6.1211386,0.10429947078227997,0.8516057729721069,0.7313399910926819
YGL174W,YFL021W,0,-6.1213927,0.104285329580307,0.8516057729721069,0.7314507365226746
YMR283C,YBR162C,0,-6.121417,0.10427118837833405,0.8516057729721069,0.7315614819526672
YLR233C,YML107C,0,-6.1215873,0.10425704717636108,0.8516057729721069,0.7316722273826599
YBR004C,YER126C,0,-6.1218,0.10424292087554932,0.8516057729721069,0.7317829728126526
YMR076C,YML095C,0,-6.1220403,0.10422878712415695,0.8516057729721069,0.7318936586380005
YGL155W,YOR213C,0,-6.12233,0.10421466082334518,0.8516057729721069,0.7320044040679932
YCL035C,YGL124C,0,-6.122338,0.10420054197311401,0.8516057729721069,0.7321151494979858
YJL167W,YGR013W,0,-6.122522,0.10418642312288284,0.8516057729721069,0.7322258949279785
YOR023C,YDR126W,1,-6.122547,0.10430777817964554,0.8527131676673889,0.7322258949279785
YNL126W,YDR172W,0,-6.1225533,0.10429364442825317,0.8527131676673889,0.7323366403579712
YLR025W,YOR344C,0,-6.1225915,0.104279525578022,0.8527131676673889,0.7324473857879639
YHR074W,YNL241C,0,-6.122758,0.10426539927721024,0.8527131676673889,0.7325581312179565
YHR005C,YPL206C,0,-6.1227703,0.10425128787755966,0.8527131676673889,0.7326688766479492
YMR280C,YGR256W,0,-6.123103,0.10423717647790909,0.8527131676673889,0.7327796220779419
YMR033W,YOR373W,0,-6.1232047,0.10422306507825851,0.8527131676673889,0.7328903675079346
YIR037W,YLR008C,0,-6.123412,0.10420896112918854,0.8527131676673889,0.7330011129379272
YOL009C,YGR118W,0,-6.123487,0.10419485718011856,0.8527131676673889,0.7331118583679199
YPL096W,YKL056C,0,-6.123808,0.10418076068162918,0.8527131676673889,0.7332226037979126
YLR095C,YBR079C,0,-6.1244726,0.1041666641831398,0.8527131676673889,0.7333333492279053
YER107C,YHL009C,0,-6.1245313,0.10415257513523102,0.8527131676673889,0.733444094657898
YOR224C,YDR359C,0,-6.124704,0.10413849353790283,0.8527131676673889,0.7335548400878906
YNL330C,YDR165W,0,-6.124986,0.10412441194057465,0.8527131676673889,0.7336655855178833
YKR009C,YER161C,0,-6.124989,0.10411033034324646,0.8527131676673889,0.733776330947876
YIL040W,YDR256C,0,-6.1251893,0.10409625619649887,0.8527131676673889,0.7338870167732239
YGL033W,YOL094C,0,-6.125299,0.10408218204975128,0.8527131676673889,0.7339977622032166
YCL027W,YCR091W,0,-6.1255608,0.10406811535358429,0.8527131676673889,0.7341085076332092
YGR230W,YLR011W,0,-6.1258445,0.1040540561079979,0.8527131676673889,0.7342192530632019
YOR049C,YBR294W,0,-6.126059,0.1040399968624115,0.8527131676673889,0.7343299984931946
YLR051C,YCR089W,0,-6.1261554,0.1040259376168251,0.8527131676673889,0.7344407439231873
YKL085W,YKL059C,0,-6.1262803,0.1040118858218193,0.8527131676673889,0.7345514893531799
YOR037W,YPR155C,0,-6.1265388,0.1039978414773941,0.8527131676673889,0.7346622347831726
YOR005C,YDR293C,0,-6.126677,0.1039837971329689,0.8527131676673889,0.7347729802131653
YLR138W,YAR009C,0,-6.1271124,0.1039697527885437,0.8527131676673889,0.734883725643158
YBR207W,YIL128W,0,-6.1272044,0.1039557158946991,0.8527131676673889,0.7349944710731506
YGR244C,YNR026C,0,-6.127344,0.10394168645143509,0.8527131676673889,0.7351052165031433
YLR153C,YMR069W,1,-6.1273975,0.10406262427568436,0.8538206219673157,0.7351052165031433
YGL200C,YPL087W,0,-6.1274853,0.10404857993125916,0.8538206219673157,0.735215961933136
YMR119W,YGR014W,0,-6.127656,0.10403454303741455,0.8538206219673157,0.7353267073631287
YER165W,YDR251W,0,-6.1276755,0.10402050614356995,0.8538206219673157,0.7354374527931213
YGL003C,YKR054C,0,-6.127689,0.10400647670030594,0.8538206219673157,0.735548198223114
YMR312W,YGR129W,0,-6.1277046,0.10399244725704193,0.8538206219673157,0.7356589436531067
YDR153C,YOL093W,0,-6.1278644,0.10397842526435852,0.8538206219673157,0.7357696294784546
YHR114W,YLR205C,0,-6.127888,0.10396440327167511,0.8538206219673157,0.7358803749084473
YBR160W,YKL001C,0,-6.12853,0.1039503812789917,0.8538206219673157,0.7359911203384399
YPL046C,YPL262W,0,-6.1285377,0.10393637418746948,0.8538206219673157,0.7361018657684326
YMR198W,YDL039C,0,-6.128831,0.10392235964536667,0.8538206219673157,0.7362126111984253
YBR038W,YDR479C,0,-6.129113,0.10390835255384445,0.8538206219673157,0.736323356628418
YOR046C,YLR116W,0,-6.129665,0.10389435291290283,0.8538206219673157,0.7364341020584106
YNL281W,YDL020C,0,-6.1296678,0.10388035327196121,0.8538206219673157,0.7365448474884033
YJR155W,YEL065W,0,-6.1297975,0.10386636108160019,0.8538206219673157,0.736655592918396
YER174C,YNL209W,0,-6.129933,0.10385236889123917,0.8538206219673157,0.7367663383483887
YKL081W,YDR247W,0,-6.130119,0.10383838415145874,0.8538206219673157,0.7368770837783813
YFL023W,YOR109W,0,-6.130213,0.10382439941167831,0.8538206219673157,0.736987829208374
YHR150W,YNL311C,0,-6.1304593,0.10381042212247849,0.8538206219673157,0.7370985746383667
YPR023C,YLR195C,1,-6.130626,0.10393106937408447,0.8549280166625977,0.7370985746383667
YLR153C,YJL115W,1,-6.1307034,0.10405168682336807,0.8560354113578796,0.7370985746383667
YHR073W,YER003C,0,-6.1307936,0.10403768718242645,0.8560354113578796,0.7372093200683594
YML071C,YHR183W,0,-6.1311626,0.10402368754148483,0.8560354113578796,0.737320065498352
YNL327W,YDL081C,0,-6.1313086,0.10400968790054321,0.8560354113578796,0.7374308109283447
YNL009W,YNL129W,0,-6.1315722,0.10399569571018219,0.8560354113578796,0.7375415563583374
YNL318C,YCR073C,0,-6.131825,0.10398170351982117,0.8560354113578796,0.7376522421836853
YNL159C,YNL046W,0,-6.132173,0.10396771878004074,0.8560354113578796,0.737762987613678
YGL029W,YPL163C,0,-6.132244,0.10395374149084091,0.8560354113578796,0.7378737330436707
YEL057C,YIL080W,0,-6.132401,0.10393976420164108,0.8560354113578796,0.7379844784736633
YMR083W,YLR014C,0,-6.132485,0.10392578691244125,0.8560354113578796,0.738095223903656
YPR119W,YPL242C,0,-6.1325955,0.10391181707382202,0.8560354113578796,0.7382059693336487
YML034W,YBR273C,0,-6.132692,0.10389784723520279,0.8560354113578796,0.7383167147636414
YLR303W,YPR154W,0,-6.132731,0.10388388484716415,0.8560354113578796,0.738427460193634
YGL092W,YOL028C,0,-6.1327577,0.10386992990970612,0.8560354113578796,0.7385382056236267
YER155C,YMR314W,0,-6.132918,0.10385597497224808,0.8560354113578796,0.7386489510536194
YOR362C,YDR146C,0,-6.133063,0.10384202003479004,0.8560354113578796,0.7387596964836121
YLR384C,YOL031C,0,-6.1332383,0.1038280725479126,0.8560354113578796,0.7388704419136047
YOR239W,YDL100C,0,-6.133361,0.10381412506103516,0.8560354113578796,0.7389811873435974
YKL135C,YOL063C,0,-6.133566,0.10380018502473831,0.8560354113578796,0.7390919327735901
YGL099W,YHR154W,0,-6.1335855,0.10378625243902206,0.8560354113578796,0.7392026782035828
YNL239W,YLL056C,0,-6.133603,0.10377231985330582,0.8560354113578796,0.7393134236335754
YML065W,YPL152W,0,-6.13392,0.10375838726758957,0.8560354113578796,0.7394241690635681
YNL245C,YFL048C,0,-6.1339593,0.10374446213245392,0.8560354113578796,0.739534854888916
YPL231W,YNL257C,0,-6.134283,0.10373054444789886,0.8560354113578796,0.7396456003189087
YOR078W,YJL166W,0,-6.134317,0.10371662676334381,0.8560354113578796,0.7397563457489014
YLR219W,YDL170W,0,-6.134333,0.10370270907878876,0.8560354113578796,0.739867091178894
YJL115W,YLL022C,1,-6.134579,0.10382293909788132,0.8571428656578064,0.739867091178894
YBL069W,YNL130C,0,-6.1347933,0.10380901396274567,0.8571428656578064,0.7399778366088867
YCR038C,YCR106W,0,-6.1350374,0.10379508882761002,0.8571428656578064,0.7400885820388794
YER165W,YGR181W,0,-6.1355977,0.10378117114305496,0.8571428656578064,0.7401993274688721
YNL101W,YPL127C,0,-6.135617,0.1037672609090805,0.8571428656578064,0.7403100728988647
YJL115W,YEL056W,1,-6.135774,0.1038874015212059,0.8582502603530884,0.7403100728988647
YDL175C,YPL265W,0,-6.1363482,0.10387347638607025,0.8582502603530884,0.7404208183288574
YNR053C,YDL105W,0,-6.1367955,0.1038595587015152,0.8582502603530884,0.7405315637588501
YMR047C,YLR105C,0,-6.136887,0.10384564101696014,0.8582502603530884,0.7406423091888428
YMR033W,YOR039W,0,-6.1370187,0.10383172333240509,0.8582502603530884,0.7407530546188354
YLR195C,YCL010C,1,-6.1371565,0.10395177453756332,0.8593577146530151,0.7407530546188354
YMR238W,YBR267W,0,-6.137415,0.10393784940242767,0.8593577146530151,0.7408638000488281
YPL163C,YML029W,0,-6.1376953,0.10392393171787262,0.8593577146530151,0.7409745454788208
YDL126C,YGR258C,0,-6.1381464,0.10391001403331757,0.8593577146530151,0.7410852909088135
YHR073W,YKR072C,0,-6.138512,0.10389610379934311,0.8593577146530151,0.7411960363388062
YPR005C,YPL128C,0,-6.1386647,0.10388219356536865,0.8593577146530151,0.7413067817687988
YPL195W,YDL017W,0,-6.138947,0.10386829078197479,0.8593577146530151,0.7414174675941467
YPL078C,YMR281W,0,-6.1390243,0.10385438799858093,0.8593577146530151,0.7415282130241394
YCR091W,YIL075C,0,-6.1390634,0.10384049266576767,0.8593577146530151,0.7416389584541321
YGL027C,YDL150W,0,-6.139075,0.1038265973329544,0.8593577146530151,0.7417497038841248
YJL167W,YPL190C,0,-6.1391444,0.10381270945072174,0.8593577146530151,0.7418604493141174
YLR131C,YGR244C,0,-6.1395755,0.10379882156848907,0.8593577146530151,0.7419711947441101
YER001W,YLR298C,0,-6.1396933,0.103784941136837,0.8593577146530151,0.7420819401741028
YPL161C,YOR226C,0,-6.1398425,0.10377106070518494,0.8593577146530151,0.7421926856040955
YDL040C,YPL129W,1,-6.1399055,0.10389089584350586,0.8604651093482971,0.7421926856040955
YPR005C,YFL045C,0,-6.1399827,0.1038770079612732,0.8604651093482971,0.7423034310340881
YLR195C,YPL129W,1,-6.1400228,0.10399679094552994,0.8615725636482239,0.7423034310340881
YML008C,YOR076C,0,-6.140058,0.10398289561271667,0.8615725636482239,0.7424141764640808
YMR288W,YNL299W,0,-6.1401267,0.10396899282932281,0.8615725636482239,0.7425249218940735
YOR321W,YMR079W,0,-6.140668,0.10395510494709015,0.8615725636482239,0.7426356673240662
YOR194C,YNL339C,0,-6.1406775,0.10394121706485748,0.8615725636482239,0.7427464127540588
YOL051W,YNL160W,0,-6.140887,0.10392732918262482,0.8615725636482239,0.7428571581840515
YOL090W,YDR247W,0,-6.1413894,0.10391344875097275,0.8615725636482239,0.7429679036140442
YLL022C,YPL129W,1,-6.1415696,0.10403311997652054,0.8626799583435059,0.7429679036140442
YGR147C,YDR145W,1,-6.1418643,0.10415275394916534,0.8637873530387878,0.7429679036140442
YHR116W,YKL009W,0,-6.142593,0.10413885116577148,0.8637873530387878,0.7430786490440369
YGR180C,YIL016W,0,-6.143145,0.10412494838237762,0.8637873530387878,0.7431893944740295
YNL148C,YAL026C,0,-6.1431623,0.10411105304956436,0.8637873530387878,0.7433001399040222
YPL240C,YDL230W,0,-6.1432843,0.1040971577167511,0.8637873530387878,0.7434108257293701
YJL183W,YBR091C,0,-6.143336,0.10408326983451843,0.8637873530387878,0.7435215711593628
YGL124C,YOR212W,0,-6.143395,0.10406938195228577,0.8637873530387878,0.7436323165893555
YOR249C,YPL059W,0,-6.143762,0.1040554940700531,0.8637873530387878,0.7437430620193481
YBL002W,YBR093C,0,-6.1439223,0.10404161363840103,0.8637873530387878,0.7438538074493408
YNL166C,YLR212C,0,-6.143972,0.10402774065732956,0.8637873530387878,0.7439645528793335
YDL138W,YFL037W,0,-6.1440167,0.10401386767625809,0.8637873530387878,0.7440752983093262
YDR085C,YGR188C,0,-6.144071,0.10400000214576721,0.8637873530387878,0.7441860437393188
YDL154W,YKR031C,0,-6.144288,0.10398613661527634,0.8637873530387878,0.7442967891693115
YDR450W,YKL166C,0,-6.144695,0.10397227108478546,0.8637873530387878,0.7444075345993042
YER174C,YGR055W,0,-6.1447053,0.10395841300487518,0.8637873530387878,0.7445182800292969
YOR031W,YHR048W,0,-6.1451387,0.1039445623755455,0.8637873530387878,0.7446290254592896
YNR010W,YEL016C,0,-6.1451592,0.10393071174621582,0.8637873530387878,0.7447397708892822
YKL029C,YDR432W,0,-6.145169,0.10391686856746674,0.8637873530387878,0.7448505163192749
YNL230C,YDL135C,0,-6.145536,0.10390302538871765,0.8637873530387878,0.7449612617492676
YGR284C,YKL214C,0,-6.145546,0.10388918220996857,0.8637873530387878,0.7450720071792603
YNL149C,YJR110W,0,-6.1457024,0.10387534648180008,0.8637873530387878,0.7451827526092529
YPL048W,YDR515W,0,-6.1457047,0.10386151820421219,0.8637873530387878,0.7452934384346008
YMR240C,YNL186W,0,-6.1457233,0.1038476899266243,0.8637873530387878,0.7454041838645935
YER088C,YMR143W,0,-6.145881,0.103833869099617,0.8637873530387878,0.7455149292945862
YJR090C,YPL098C,0,-6.1462073,0.10382004827260971,0.8637873530387878,0.7456256747245789
YDR052C,YNL126W,0,-6.146258,0.10380622744560242,0.8637873530387878,0.7457364201545715
YGL021W,YBL024W,0,-6.1462975,0.10379241406917572,0.8637873530387878,0.7458471655845642
YDL213C,YLR066W,0,-6.146402,0.10377860814332962,0.8637873530387878,0.7459579110145569
YDR101C,YAL031C,0,-6.1465416,0.10376480221748352,0.8637873530387878,0.7460686564445496
YEL066W,YGR147C,1,-6.1467214,0.1038840115070343,0.8648948073387146,0.7460686564445496
YJL134W,YLR066W,0,-6.146989,0.1038701981306076,0.8648948073387146,0.7461794018745422
YBL078C,YDR174W,0,-6.1470814,0.10385638475418091,0.8648948073387146,0.7462901473045349
YMR277W,YGR054W,0,-6.147178,0.10384257137775421,0.8648948073387146,0.7464008927345276
YNR049C,YDR265W,0,-6.147448,0.10382876545190811,0.8648948073387146,0.7465116381645203
YPL098C,YMR234W,0,-6.147685,0.10381496697664261,0.8648948073387146,0.7466223835945129
YOL148C,YGR002C,1,-6.1479783,0.10393407940864563,0.8660022020339966,0.7466223835945129
YKL129C,YDL042C,0,-6.1479793,0.10392026603221893,0.8660022020339966,0.7467331290245056
YJL214W,YDR422C,0,-6.1479983,0.10390646010637283,0.8660022020339966,0.7468438744544983
YNL278W,YPL010W,0,-6.1482344,0.10389265418052673,0.8660022020339966,0.746954619884491
YEL066W,YHR090C,1,-6.1483493,0.10401169210672379,0.8671096563339233,0.746954619884491
YJR082C,YER015W,1,-6.1487164,0.10413069278001785,0.8682170510292053,0.746954619884491
YMR033W,YBR171W,0,-6.1488004,0.10411686450242996,0.8682170510292053,0.7470653653144836
YLR207W,YDR055W,0,-6.1488786,0.10410304367542267,0.8682170510292053,0.7471760511398315
YDL229W,YGL210W,0,-6.148942,0.10408922284841537,0.8682170510292053,0.7472867965698242
YNL330C,YGL229C,0,-6.1489873,0.10407540202140808,0.8682170510292053,0.7473975419998169
YBR202W,YOL133W,0,-6.149035,0.10406158864498138,0.8682170510292053,0.7475082874298096
YGR055W,YOR281C,0,-6.1496444,0.10404777526855469,0.8682170510292053,0.7476190328598022
YAR007C,YJL036W,0,-6.1497025,0.10403396934270859,0.8682170510292053,0.7477297782897949
YJL183W,YJL076W,0,-6.149748,0.10402017086744308,0.8682170510292053,0.7478405237197876
YAL042W,YOR073W,0,-6.1499104,0.10400636494159698,0.8682170510292053,0.7479512691497803
YJR092W,YLR056W,0,-6.1504874,0.10399257391691208,0.8682170510292053,0.748062014579773
YML123C,YLR048W,0,-6.1506944,0.10397878289222717,0.8682170510292053,0.7481727600097656
YFR034C,YOR230W,0,-6.1508055,0.10396499186754227,0.8682170510292053,0.7482835054397583
YBR133C,YFR003C,0,-6.150974,0.10395120829343796,0.8682170510292053,0.748394250869751
YEL030W,YML059C,0,-6.151153,0.10393742471933365,0.8682170510292053,0.7485049962997437
YDR365C,YFL031W,0,-6.1513724,0.10392364859580994,0.8682170510292053,0.7486157417297363
YKL099C,YIL063C,0,-6.151855,0.10390987247228622,0.8682170510292053,0.748726487159729
YOR095C,YBR103W,0,-6.1519165,0.10389610379934311,0.8682170510292053,0.7488372325897217
YJL062W,YBR172C,0,-6.1521926,0.1038823351264,0.8682170510292053,0.7489479780197144
YNL130C,YNL151C,0,-6.152757,0.10386857390403748,0.8682170510292053,0.7490586638450623
YGL195W,YLR044C,0,-6.15299,0.10385481268167496,0.8682170510292053,0.7491694092750549
YGL073W,YCL033C,0,-6.1532216,0.10384105890989304,0.8682170510292053,0.7492801547050476
YMR283C,YKL166C,0,-6.153369,0.10382730513811111,0.8682170510292053,0.7493909001350403
YAL040C,YER174C,0,-6.153704,0.10381355881690979,0.8682170510292053,0.749501645565033
YPL085W,YPL239W,0,-6.153722,0.10379981249570847,0.8682170510292053,0.7496123909950256
YOR035C,YJR086W,0,-6.154068,0.10378607362508774,0.8682170510292053,0.7497231364250183
YKR090W,YOL124C,0,-6.1543517,0.10377233475446701,0.8682170510292053,0.749833881855011
YPL145C,YHR041C,0,-6.1544905,0.10375860333442688,0.8682170510292053,0.7499446272850037
YMR032W,YHR060W,0,-6.1545005,0.10374487191438675,0.8682170510292053,0.7500553727149963
YDR331W,YDR435C,0,-6.154538,0.10373114794492722,0.8682170510292053,0.750166118144989
YHR200W,YPL206C,0,-6.1546865,0.10371742397546768,0.8682170510292053,0.7502768635749817
YPL018W,YMR219W,0,-6.1547217,0.10370370000600815,0.8682170510292053,0.7503876090049744
YPL125W,YBL093C,0,-6.1547346,0.10368999093770981,0.8682170510292053,0.750498354434967
YPR128C,YDR279W,0,-6.154876,0.10367627441883087,0.8682170510292053,0.7506090998649597
YKR024C,YER088C,0,-6.1550264,0.10366256535053253,0.8682170510292053,0.7507198452949524
YLR318W,YHR001W-A,0,-6.155049,0.10364886373281479,0.8682170510292053,0.7508305907249451
YER114C,YGL126W,0,-6.1553044,0.10363516211509705,0.8682170510292053,0.7509413361549377
YMR068W,YGR009C,0,-6.1553073,0.1036214679479599,0.8682170510292053,0.7510520219802856
YIL035C,YJL052W,0,-6.155445,0.10360777378082275,0.8682170510292053,0.7511627674102783
YDR171W,YGR116W,0,-6.1557565,0.10359407961368561,0.8682170510292053,0.751273512840271
YLR153C,YDR126W,1,-6.155764,0.10371251404285431,0.8693244457244873,0.751273512840271
YPL259C,YPL093W,0,-6.1558914,0.10369881242513657,0.8693244457244873,0.7513842582702637
YFL025C,YJL183W,0,-6.1564384,0.10368511080741882,0.8693244457244873,0.7514950037002563
YJL006C,YPR095C,0,-6.1565056,0.10367142409086227,0.8693244457244873,0.751605749130249
YOR304W,YOR137C,0,-6.15656,0.10365772992372513,0.8693244457244873,0.7517164945602417
YFR055W,YHR091C,0,-6.156589,0.10364404320716858,0.8693244457244873,0.7518272399902344
YML008C,YBR276C,0,-6.156609,0.10363036394119263,0.8693244457244873,0.751937985420227
YOL008W,YPL224C,0,-6.157061,0.10361668467521667,0.8693244457244873,0.7520487308502197
YPL100W,YNL227C,0,-6.1571555,0.10360300540924072,0.8693244457244873,0.7521594762802124
YMR011W,YER068W,0,-6.1571846,0.10358934104442596,0.8693244457244873,0.7522702217102051
YNL282W,YLR417W,0,-6.157226,0.10357566922903061,0.8693244457244873,0.7523809671401978
YMR143W,YIL073C,0,-6.1573653,0.10356200486421585,0.8693244457244873,0.7524917125701904
YBL105C,YLR435W,0,-6.1574144,0.10354834794998169,0.8693244457244873,0.7526024580001831
YJL058C,YLR034C,0,-6.1574225,0.10353469103574753,0.8693244457244873,0.7527132034301758
YPL100W,YHR084W,0,-6.1575933,0.10352103412151337,0.8693244457244873,0.7528239488601685
YGR147C,YMR069W,1,-6.1577554,0.10363923758268356,0.8704319000244141,0.7528239488601685
YPL129W,YOR064C,1,-6.1577997,0.10375741869211197,0.871539294719696,0.7528239488601685
YNL161W,YOR287C,0,-6.1580415,0.10374373942613602,0.871539294719696,0.7529346346855164
YIL044C,YMR011W,0,-6.15867,0.10373006761074066,0.871539294719696,0.753045380115509
YNL055C,YBL033C,0,-6.1588054,0.1037163957953453,0.871539294719696,0.7531561255455017
YGR220C,YDR353W,0,-6.159011,0.10370272397994995,0.871539294719696,0.7532668709754944
YPL006W,YNL072W,0,-6.159056,0.10368906706571579,0.871539294719696,0.7533776164054871
YEL022W,YPL174C,0,-6.1591506,0.10367540270090103,0.871539294719696,0.7534883618354797
YKL135C,YPR030W,0,-6.1596227,0.10366174578666687,0.871539294719696,0.7535991072654724
YEL022W,YOR106W,0,-6.1596584,0.1036480963230133,0.871539294719696,0.7537098526954651
YNL182C,YKL080W,0,-6.1604457,0.10363444685935974,0.871539294719696,0.7538205981254578
YIL046W,YKL099C,0,-6.161267,0.10362080484628677,0.871539294719696,0.7539313435554504
YLR332W,YKL099C,0,-6.161628,0.1036071628332138,0.871539294719696,0.7540420889854431
YJL115W,YHR099W,1,-6.1618085,0.10372515767812729,0.8726467490196228,0.7540420889854431
YDR479C,YIL120W,0,-6.161836,0.10371150076389313,0.8726467490196228,0.7541528344154358
YPR200C,YJL048C,0,-6.1618524,0.10369785130023956,0.8726467490196228,0.7542635798454285
YMR072W,YHR160C,0,-6.161923,0.1036842092871666,0.8726467490196228,0.7543743252754211
YML005W,YBR105C,0,-6.16202,0.10367056727409363,0.8726467490196228,0.7544850707054138
YOL071W,YJR049C,0,-6.162506,0.10365693271160126,0.8726467490196228,0.7545958161354065
YGL116W,YHL003C,0,-6.1631303,0.10364329814910889,0.8726467490196228,0.7547065615653992
YDL003W,YGL229C,0,-6.1635776,0.10362967103719711,0.8726467490196228,0.7548172473907471
YGL008C,YDL229W,0,-6.163814,0.10361604392528534,0.8726467490196228,0.7549279928207397
YOR023C,YGR147C,1,-6.1638207,0.10373389720916748,0.8737541437149048,0.7549279928207397
YDR086C,YLR447C,0,-6.1638885,0.10372025519609451,0.8737541437149048,0.7550387382507324
YMR225C,YDR310C,0,-6.1640143,0.10370662808418274,0.8737541437149048,0.7551494836807251
YPL154C,YDR082W,0,-6.164161,0.10369299352169037,0.8737541437149048,0.7552602291107178
YHR158C,YKL150W,0,-6.1642613,0.1036793664097786,0.8737541437149048,0.7553709745407104
YGL111W,YDR251W,0,-6.164369,0.10366574674844742,0.8737541437149048,0.7554817199707031
YLR155C,YNL053W,0,-6.164569,0.10365212708711624,0.8737541437149048,0.7555924654006958
YMR246W,YEL056W,1,-6.164638,0.10376986861228943,0.8748615980148315,0.7555924654006958
YIL010W,YDR325W,0,-6.1649957,0.10375624150037766,0.8748615980148315,0.7557032108306885
YER032W,YKR059W,0,-6.165049,0.10374261438846588,0.8748615980148315,0.7558139562606812
YDL126C,YDR195W,0,-6.1653733,0.1037289947271347,0.8748615980148315,0.7559247016906738
YPL211W,YPL128C,0,-6.165441,0.10371537506580353,0.8748615980148315,0.7560354471206665
YDR477W,YDR545W,0,-6.16557,0.10370175540447235,0.8748615980148315,0.7561461925506592
YJL008C,YMR053C,0,-6.165607,0.10368815064430237,0.8748615980148315,0.7562569379806519
YPL128C,YLR003C,0,-6.1656995,0.10367453843355179,0.8748615980148315,0.7563676834106445
YOR236W,YDR055W,0,-6.166188,0.1036609336733818,0.8748615980148315,0.7564784288406372
YOL040C,YPL032C,0,-6.1661935,0.10364733636379242,0.8748615980148315,0.7565891742706299
YMR119W,YJR119C,0,-6.166243,0.10363373905420303,0.8748615980148315,0.7566998600959778
YMR049C,YHR041C,0,-6.1664667,0.10362014919519424,0.8748615980148315,0.7568106055259705
YKL056C,YDL077C,0,-6.1665397,0.10360655933618546,0.8748615980148315,0.7569213509559631
YGL190C,YLR068W,0,-6.166697,0.10359296947717667,0.8748615980148315,0.7570320963859558
YCL051W,YLR219W,0,-6.1668715,0.10357938706874847,0.8748615980148315,0.7571428418159485
YJL100W,YML031W,0,-6.167275,0.10356581211090088,0.8748615980148315,0.7572535872459412
YMR198W,YNR038W,0,-6.167369,0.10355223715305328,0.8748615980148315,0.7573643326759338
YOR046C,YHR152W,0,-6.167667,0.10353866219520569,0.8748615980148315,0.7574750781059265
YML008C,YBL014C,0,-6.167876,0.10352509468793869,0.8748615980148315,0.7575858235359192
YOR133W,YDR013W,0,-6.167993,0.10351152718067169,0.8748615980148315,0.7576965689659119
YCR086W,YLR234W,0,-6.1687226,0.10349796712398529,0.8748615980148315,0.7578073143959045
YJL050W,YKL074C,0,-6.168891,0.10348441451787949,0.8748615980148315,0.7579180598258972
YEL009C,YLR022C,0,-6.169476,0.10347085446119308,0.8748615980148315,0.7580288052558899
YGR140W,YHR001W-A,0,-6.169634,0.10345730930566788,0.8748615980148315,0.7581395506858826
YHR013C,YGR147C,1,-6.1701765,0.10357470065355301,0.8759689927101135,0.7581395506858826
YPL046C,YBR175W,0,-6.17022,0.10356114059686661,0.8759689927101135,0.7582502961158752
YDL045C,YLR346C,0,-6.170281,0.1035475879907608,0.8759689927101135,0.7583610415458679
YDR277C,YDL077C,0,-6.171103,0.1035340279340744,0.8759689927101135,0.7584717869758606
YHR013C,YER015W,1,-6.1714425,0.10365135222673416,0.8770763874053955,0.7584717869758606
YGR275W,YGL137W,0,-6.1716313,0.10363779217004776,0.8770763874053955,0.7585825324058533
YCL066W,YMR143W,0,-6.1718316,0.10362423211336136,0.8770763874053955,0.7586932182312012
YMR078C,YDR545W,0,-6.172066,0.10361067205667496,0.8770763874053955,0.7588039636611938
YPL048W,YNL304W,0,-6.1724806,0.10359711945056915,0.8770763874053955,0.7589147090911865
YGL006W,YOL005C,0,-6.1725917,0.10358357429504395,0.8770763874053955,0.7590254545211792
YDL087C,YJR063W,0,-6.1732144,0.10357002913951874,0.8770763874053955,0.7591361999511719
YER107C,YNL206C,0,-6.173617,0.10355648398399353,0.8770763874053955,0.7592469453811646
YDR414C,YBR020W,0,-6.17364,0.10354294627904892,0.8770763874053955,0.7593576908111572
YDR148C,YLR403W,0,-6.173777,0.10352940857410431,0.8770763874053955,0.7594684362411499
YEL022W,YGR239C,0,-6.173924,0.1035158783197403,0.8770763874053955,0.7595791816711426
YGR170W,YJR007W,0,-6.173939,0.10350235551595688,0.8770763874053955,0.7596899271011353
YMR220W,YMR095C,0,-6.174165,0.10348882526159286,0.8770763874053955,0.7598006725311279
YJR135W-A,YOR003W,0,-6.1743684,0.10347530990839005,0.8770763874053955,0.7599114179611206
YKL101W,YIL013C,0,-6.174521,0.10346178710460663,0.8770763874053955,0.7600221633911133
YOL116W,YOR106W,0,-6.174522,0.1034482792019844,0.8770763874053955,0.760132908821106
YDR296W,YOL088C,0,-6.175236,0.10343476384878159,0.8770763874053955,0.7602436542510986
YIL044C,YBR253W,0,-6.1754627,0.10342125594615936,0.8770763874053955,0.7603543996810913
YNL239W,YPL121C,0,-6.175558,0.10340775549411774,0.8770763874053955,0.760465145111084
YEL061C,YHR030C,0,-6.1759553,0.10339425504207611,0.8770763874053955,0.7605758309364319
YDR440W,YPL193W,0,-6.1762204,0.10338076204061508,0.8770763874053955,0.7606865763664246
YOR095C,YNL311C,0,-6.176235,0.10336726903915405,0.8770763874053955,0.7607973217964172
YBR267W,YOR179C,0,-6.176446,0.10335377603769302,0.8770763874053955,0.7609080672264099
YDR420W,YJL026W,0,-6.176452,0.10334029048681259,0.8770763874053955,0.7610188126564026
YPR006C,YMR313C,0,-6.1766186,0.10332681238651276,0.8770763874053955,0.7611295580863953
YNR056C,YLL061W,0,-6.1766887,0.10331333428621292,0.8770763874053955,0.7612403035163879
YLR256W,YJR102C,0,-6.1768174,0.10329985618591309,0.8770763874053955,0.7613510489463806
YOR206W,YHR157W,0,-6.176859,0.10328638553619385,0.8770763874053955,0.7614617943763733
YLR314C,YAL013W,0,-6.176897,0.10327291488647461,0.8770763874053955,0.761572539806366
YML051W,YDR180W,0,-6.1770296,0.10325945168733597,0.8770763874053955,0.7616832852363586
YDR096W,YER065C,0,-6.1771116,0.10324598848819733,0.8770763874053955,0.7617940306663513
YKL193C,YJR046W,0,-6.177183,0.10323253273963928,0.8770763874053955,0.761904776096344
YLR157C,YBL045C,0,-6.177297,0.10321907699108124,0.8770763874053955,0.7620155215263367
YDR270W,YDL084W,0,-6.177506,0.10320562869310379,0.8770763874053955,0.7621262669563293
YDR037W,YHR119W,0,-6.1778417,0.10319218039512634,0.8770763874053955,0.762237012386322
YDR461W,YIL123W,0,-6.177996,0.10317873954772949,0.8770763874053955,0.7623477578163147
YKL129C,YLR022C,0,-6.1785045,0.10316529870033264,0.8770763874053955,0.7624584436416626
YOR056C,YJL204C,0,-6.1785417,0.10315186530351639,0.8770763874053955,0.7625691890716553
YNL116W,YMR260C,0,-6.178704,0.10313843190670013,0.8770763874053955,0.762679934501648
YLR304C,YCL066W,0,-6.1789684,0.10312499850988388,0.8770763874053955,0.7627906799316406
YNL149C,YMR039C,0,-6.1790175,0.10311157256364822,0.8770763874053955,0.7629014253616333
YPR201W,YKR028W,0,-6.17913,0.10309815406799316,0.8770763874053955,0.763012170791626
YHL002W,YML098W,0,-6.1792107,0.1030847355723381,0.8770763874053955,0.7631229162216187
YNL084C,YKR055W,0,-6.179483,0.10307131707668304,0.8770763874053955,0.7632336616516113
YKL191W,YKL055C,0,-6.179592,0.10305790603160858,0.8770763874053955,0.763344407081604
YLR116W,YJL148W,0,-6.180291,0.10304449498653412,0.8770763874053955,0.7634551525115967
YPL018W,YMR201C,0,-6.180431,0.10303109139204025,0.8770763874053955,0.7635658979415894
YOR294W,YMR077C,0,-6.1805587,0.10301768779754639,0.8770763874053955,0.763676643371582
YJL042W,YDR488C,0,-6.1806064,0.10300429165363312,0.8770763874053955,0.7637873888015747
YLR095C,YJL061W,0,-6.1811004,0.10299089550971985,0.8770763874053955,0.7638981342315674
YDR481C,YIL053W,0,-6.181236,0.10297750681638718,0.8770763874053955,0.7640088796615601
YMR246W,YHR099W,1,-6.1812806,0.10309412330389023,0.8781838417053223,0.7640088796615601
YGL106W,YDR487C,0,-6.1815057,0.10308071970939636,0.8781838417053223,0.7641196250915527
YKL004W,YFL002C,0,-6.1815634,0.1030673235654831,0.8781838417053223,0.7642303705215454
YAR019C,YOR308C,0,-6.1815834,0.10305392742156982,0.8781838417053223,0.7643410563468933
YNL136W,YMR246W,1,-6.18167,0.1031704768538475,0.8792912364006042,0.7643410563468933
YLR153C,YOL110W,1,-6.182281,0.1032869964838028,0.880398690700531,0.7643410563468933
YDR448W,YBR198C,1,-6.1822815,0.1034034788608551,0.881506085395813,0.7643410563468933
YOR034C,YMR246W,1,-6.182444,0.10351993888616562,0.8826135396957397,0.7643410563468933
YKR036C,YIL118W,0,-6.18253,0.10350649058818817,0.8826135396957397,0.764451801776886
YGL238W,YER111C,0,-6.182555,0.10349304974079132,0.8826135396957397,0.7645625472068787
YPL274W,YDR312W,0,-6.182566,0.10347961634397507,0.8826135396957397,0.7646732926368713
YGL111W,YOR049C,0,-6.1826577,0.10346618294715881,0.8826135396957397,0.764784038066864
YJL111W,YDL055C,0,-6.1832957,0.10345274955034256,0.8826135396957397,0.7648947834968567
YMR211W,YLR069C,0,-6.1833034,0.1034393236041069,0.8826135396957397,0.7650055289268494
YML116W,YIL173W,0,-6.1837664,0.10342590510845184,0.8826135396957397,0.765116274356842
YCL026C-A,YOL055C,0,-6.1841636,0.10341247916221619,0.8826135396957397,0.7652270197868347
YMR298W,YPL159C,0,-6.1841655,0.10339906811714172,0.8826135396957397,0.7653377652168274
YMR238W,YNL268W,0,-6.1842546,0.10338564962148666,0.8826135396957397,0.7654485106468201
YDL126C,YOR346W,0,-6.1847425,0.1033722460269928,0.8826135396957397,0.7655592560768127
YOR243C,YMR077C,0,-6.1851964,0.10335883498191833,0.8826135396957397,0.7656700015068054
YJR082C,YLL022C,1,-6.1854644,0.10347510129213333,0.8837209343910217,0.7656700015068054
YNL148C,YHR026W,0,-6.185541,0.10346169024705887,0.8837209343910217,0.7657807469367981
YHR001W-A,YBR172C,0,-6.1856036,0.1034482792019844,0.8837209343910217,0.7658914923667908
YOR211C,YBR037C,0,-6.1857514,0.10343486815690994,0.8837209343910217,0.7660022377967834
YEL056W,YPL129W,1,-6.1858697,0.10355105996131897,0.8848283290863037,0.7660022377967834
YKL101W,YDR172W,0,-6.1862555,0.10353764146566391,0.8848283290863037,0.7661129832267761
YJL115W,YLR195C,1,-6.186708,0.10365379601716995,0.8859357833862305,0.7661129832267761
YOR380W,YBR172C,0,-6.1872096,0.1036403700709343,0.8859357833862305,0.766223669052124
YDL033C,YBR175W,0,-6.187471,0.10362694412469864,0.8859357833862305,0.7663344144821167
YOR035C,YNL070W,0,-6.1877203,0.10361351817846298,0.8859357833862305,0.7664451599121094
YJR078W,YDL031W,0,-6.1880946,0.10360010713338852,0.8859357833862305,0.766555905342102
YNL149C,YKL122C,0,-6.188458,0.10358668863773346,0.8859357833862305,0.7666666507720947
YDR425W,YDR059C,0,-6.188597,0.103573277592659,0.8859357833862305,0.7667773962020874
YDR469W,YLR135W,0,-6.1887755,0.10355987399816513,0.8859357833862305,0.7668881416320801
YER164W,YAR033W,0,-6.188844,0.10354646295309067,0.8859357833862305,0.7669988870620728
YFR055W,YGL018C,0,-6.188988,0.1035330668091774,0.8859357833862305,0.7671096324920654
YER019W,YGL207W,0,-6.189034,0.10351967066526413,0.8859357833862305,0.7672203779220581
YNL270C,YDR036C,0,-6.1896434,0.10350627452135086,0.8859357833862305,0.7673311233520508
YJR082C,YGR147C,1,-6.190282,0.10362225025892258,0.8870431780815125,0.7673311233520508
YNL039W,YIL034C,0,-6.1907544,0.10360884666442871,0.8870431780815125,0.7674418687820435
YOL082W,YHR027C,0,-6.19103,0.10359545052051544,0.8870431780815125,0.7675526142120361
YOL080C,YKL214C,0,-6.191051,0.10358205437660217,0.8870431780815125,0.7676633596420288
YMR316W,YGR159C,0,-6.1917567,0.1035686582326889,0.8870431780815125,0.7677741050720215
YGL167C,YMR101C,0,-6.192169,0.10355526953935623,0.8870431780815125,0.7678848505020142
YOL023W,YOL104C,0,-6.1923757,0.10354188084602356,0.8870431780815125,0.7679955959320068
YDL200C,YLR272C,0,-6.192414,0.10352849960327148,0.8870431780815125,0.7681063413619995
YGL032C,YAL005C,0,-6.1925344,0.10351511836051941,0.8870431780815125,0.7682170271873474
YDL099W,YPR019W,0,-6.192725,0.10350174456834793,0.8870431780815125,0.7683277726173401
YLR342W,YOL040C,0,-6.193189,0.10348837077617645,0.8870431780815125,0.7684385180473328
YHR001W-A,YBR280C,0,-6.193275,0.10347500443458557,0.8870431780815125,0.7685492634773254
YNL008C,YBR193C,0,-6.1933074,0.10346163809299469,0.8870431780815125,0.7686600089073181
YER042W,YHR048W,0,-6.1934576,0.1034482792019844,0.8870431780815125,0.7687707543373108
YHR011W,YCL039W,0,-6.1934724,0.10343492031097412,0.8870431780815125,0.7688814997673035
YGL144C,YGL145W,0,-6.1938257,0.10342156141996384,0.8870431780815125,0.7689922451972961
YPL171C,YDL052C,0,-6.193827,0.10340820997953415,0.8870431780815125,0.7691029906272888
YDR231C,YPR008W,0,-6.193889,0.10339486598968506,0.8870431780815125,0.7692137360572815
YOR209C,YJR009C,0,-6.1944585,0.10338151454925537,0.8870431780815125,0.7693244814872742
YDR021W,YGL035C,0,-6.1945314,0.10336817800998688,0.8870431780815125,0.7694352269172668
YGL151W,YLR025W,0,-6.195043,0.10335484147071838,0.8870431780815125,0.7695459723472595
YMR219W,YOL151W,0,-6.1951733,0.10334150493144989,0.8870431780815125,0.7696567177772522
YNL268W,YJR131W,0,-6.195456,0.103328175842762,0.8870431780815125,0.7697674632072449
YPL075W,YOL122C,0,-6.1958055,0.1033148467540741,0.8870431780815125,0.7698782086372375
YPL160W,YKL197C,0,-6.196099,0.1033015251159668,0.8870431780815125,0.7699889540672302
YBR073W,YKL056C,0,-6.196215,0.1032882034778595,0.8870431780815125,0.7700996398925781
YKL045W,YMR284W,0,-6.196467,0.1032748818397522,0.8870431780815125,0.7702103853225708
YIL109C,YDR247W,0,-6.197536,0.1032615676522255,0.8870431780815125,0.7703211307525635
YFL002C,YDR218C,0,-6.1976457,0.10324826091527939,0.8870431780815125,0.7704318761825562
YGR261C,YLR103C,0,-6.1979165,0.10323495417833328,0.8870431780815125,0.7705426216125488
YBR132C,YNL309W,0,-6.198058,0.10322164744138718,0.8870431780815125,0.7706533670425415
YMR276W,YCL043C,0,-6.1981206,0.10320834815502167,0.8870431780815125,0.7707641124725342
YEL054C,YOL091W,0,-6.198257,0.10319505631923676,0.8870431780815125,0.7708748579025269
YLR192C,YGL212W,0,-6.198809,0.10318175703287125,0.8870431780815125,0.7709856033325195
YHL047C,YCR102C,0,-6.1988254,0.10316847264766693,0.8870431780815125,0.7710963487625122
YOL059W,YOL066C,0,-6.199143,0.10315518081188202,0.8870431780815125,0.7712070941925049
YMR049C,YOL147C,0,-6.1991754,0.1031419038772583,0.8870431780815125,0.7713178396224976
YMR188C,YOR209C,0,-6.199741,0.10312861949205399,0.8870431780815125,0.7714285850524902
YKL112W,YDR361C,0,-6.2002897,0.10311534255743027,0.8870431780815125,0.7715393304824829
YMR061W,YEL026W,0,-6.20036,0.10310207307338715,0.8870431780815125,0.7716500759124756
YNL065W,YOR119C,0,-6.2004275,0.10308880358934402,0.8870431780815125,0.7717608213424683
YER126C,YML047C,0,-6.200901,0.1030755341053009,0.8870431780815125,0.7718715667724609
YPR183W,YDL115C,0,-6.200902,0.10306227207183838,0.8870431780815125,0.7719822525978088
YHL003C,YOR224C,0,-6.2011046,0.10304901748895645,0.8870431780815125,0.7720929980278015
YJR155W,YPR052C,0,-6.2011194,0.10303576290607452,0.8870431780815125,0.7722037434577942
YMR225C,YER070W,0,-6.201401,0.1030225083231926,0.8870431780815125,0.7723144888877869
YOR267C,YKL212W,0,-6.201455,0.10300926119089127,0.8870431780815125,0.7724252343177795
YFL023W,YGR170W,0,-6.2018476,0.10299601405858994,0.8870431780815125,0.7725359797477722
YFR046C,YDR096W,0,-6.201882,0.1029827743768692,0.8870431780815125,0.7726467251777649
YDR163W,YOL095C,0,-6.2019744,0.10296953469514847,0.8870431780815125,0.7727574706077576
YNL074C,YJL074C,0,-6.2021613,0.10295629501342773,0.8870431780815125,0.7728682160377502
YPL177C,YJR118C,0,-6.2021775,0.1029430627822876,0.8870431780815125,0.7729789614677429
YML099C,YEL032W,0,-6.202213,0.10292983800172806,0.8870431780815125,0.7730897068977356
YMR069W,YNL326C,1,-6.202348,0.10304509848356247,0.8881506323814392,0.7730897068977356
YGL005C,YLR342W,0,-6.2024035,0.10303185880184174,0.8881506323814392,0.7732004523277283
YDR411C,YOL126C,0,-6.202413,0.1030186265707016,0.8881506323814392,0.773311197757721
YIR013C,YCR067C,0,-6.2026944,0.10300539433956146,0.8881506323814392,0.7734219431877136
YMR056C,YHR106W,0,-6.2027984,0.10299216955900192,0.8881506323814392,0.7735326886177063
YER016W,YMR015C,0,-6.2030253,0.10297894477844238,0.8881506323814392,0.773643434047699
YFL023W,YOR281C,0,-6.203029,0.10296571999788284,0.8881506323814392,0.7737541794776917
YBR193C,YHR167W,0,-6.203118,0.1029525026679039,0.8881506323814392,0.7738648653030396
YKR003W,YMR263W,0,-6.2033753,0.10293928533792496,0.8881506323814392,0.7739756107330322
YMR069W,YOR064C,1,-6.2034693,0.10305441170930862,0.8892580270767212,0.7739756107330322
YOL023W,YDR218C,0,-6.2035265,0.10304119437932968,0.8892580270767212,0.7740863561630249
YMR033W,YPR190C,0,-6.204126,0.10302796959877014,0.8892580270767212,0.7741971015930176
YJL214W,YJR127C,0,-6.204331,0.1030147522687912,0.8892580270767212,0.7743078470230103
YML132W,YKL126W,0,-6.2050076,0.10300154238939285,0.8892580270767212,0.7744185924530029
YFR055W,YPL171C,0,-6.2051826,0.1029883325099945,0.8892580270767212,0.7745293378829956
YBL013W,YNL227C,0,-6.205688,0.10297512263059616,0.8892580270767212,0.7746400833129883
YPL006W,YOR329C,0,-6.205907,0.10296192020177841,0.8892580270767212,0.774750828742981
YGL055W,YCR060W,0,-6.2059584,0.10294871777296066,0.8892580270767212,0.7748615741729736
YJL115W,YMR246W,1,-6.20601,0.10306371003389359,0.8903654217720032,0.7748615741729736
YKL022C,YOR007C,0,-6.2060113,0.10305050015449524,0.8903654217720032,0.7749723196029663
YJL091C,YGL055W,0,-6.206035,0.1030372902750969,0.8903654217720032,0.775083065032959
YAL007C,YDR432W,0,-6.2062573,0.10302408784627914,0.8903654217720032,0.7751938104629517
YLR264W,YDR027C,0,-6.2063646,0.10301089286804199,0.8903654217720032,0.7753045558929443
YER044C,YIL070C,0,-6.2064023,0.10299769043922424,0.8903654217720032,0.775415301322937
YKL055C,YDR065W,0,-6.206457,0.10298450291156769,0.8903654217720032,0.7755260467529297
YLR153C,YNL326C,1,-6.2067013,0.10309938341379166,0.8914728760719299,0.7755260467529297
YMR175W,YGR048W,0,-6.206735,0.10308618098497391,0.8914728760719299,0.7756367921829224
YLR052W,YHR194W,0,-6.2072244,0.10307298600673676,0.8914728760719299,0.775747537612915
YGL020C,YDL235C,0,-6.2073226,0.1030597910284996,0.8914728760719299,0.7758582234382629
YLR304C,YBR109C,0,-6.2075477,0.10304659605026245,0.8914728760719299,0.7759689688682556
YPR138C,YOR210W,0,-6.2076035,0.1030334085226059,0.8914728760719299,0.7760797142982483
YJR118C,YKL154W,0,-6.207894,0.10302022099494934,0.8914728760719299,0.776190459728241
YCR098C,YER051W,0,-6.2079363,0.10300704091787338,0.8914728760719299,0.7763012051582336
YOR320C,YML097C,0,-6.207988,0.10299386084079742,0.8914728760719299,0.7764119505882263
YGR057C,YKR089C,0,-6.20822,0.10298068076372147,0.8914728760719299,0.776522696018219
YDL105W,YMR142C,0,-6.2084565,0.1029675081372261,0.8914728760719299,0.7766334414482117
YGL058W,YPL087W,0,-6.208472,0.10295434296131134,0.8914728760719299,0.7767441868782043
YMR092C,YBR123C,0,-6.2089105,0.10294117778539658,0.8914728760719299,0.776854932308197
YDR146C,YLR467W,0,-6.2089744,0.10292801260948181,0.8914728760719299,0.7769656777381897
YDR077W,YGR063C,0,-6.209719,0.10291485488414764,0.8914728760719299,0.7770764231681824
YIL124W,YMR219W,0,-6.2098465,0.10290169715881348,0.8914728760719299,0.777187168598175
YKR020W,YOL105C,0,-6.2098756,0.1028885468840599,0.8914728760719299,0.7772979140281677
YJL061W,YKR053C,0,-6.2098985,0.10287539660930634,0.8914728760719299,0.7774086594581604
YOR328W,YKL080W,0,-6.209974,0.10286225378513336,0.8914728760719299,0.7775194048881531
YDL093W,YDR027C,0,-6.2100224,0.10284911096096039,0.8914728760719299,0.7776301503181458
YHR193C,YDL044C,0,-6.210026,0.10283597558736801,0.8914728760719299,0.7777408361434937
YGL013C,YDR418W,0,-6.210281,0.10282284021377563,0.8914728760719299,0.7778515815734863
YGR200C,YOL102C,0,-6.210326,0.10280970484018326,0.8914728760719299,0.777962327003479
YJR065C,YHR165C,0,-6.210906,0.10279657691717148,0.8914728760719299,0.7780730724334717
YOL112W,YJR126C,0,-6.211104,0.1027834489941597,0.8914728760719299,0.7781838178634644
YOR100C,YOL051W,0,-6.2111273,0.10277032852172852,0.8914728760719299,0.778294563293457
YLR350W,YOR294W,0,-6.2116947,0.10275721549987793,0.8914728760719299,0.7784053087234497
YMR246W,YOL110W,1,-6.2118926,0.10287173092365265,0.8925802707672119,0.7784053087234497
YLR319C,YIL129C,0,-6.212259,0.10285860300064087,0.8925802707672119,0.7785160541534424
YJR065C,YML116W,0,-6.213039,0.10284547507762909,0.8925802707672119,0.7786267995834351
YEL015W,YLR048W,0,-6.2132444,0.1028323546051979,0.8925802707672119,0.7787375450134277
YNL231C,YNL072W,0,-6.2135487,0.10281923413276672,0.8925802707672119,0.7788482904434204
YDR173C,YBR167C,0,-6.21382,0.10280612111091614,0.8925802707672119,0.7789590358734131
YLL015W,YNL053W,0,-6.2139015,0.10279300808906555,0.8925802707672119,0.7790697813034058
YLR214W,YBL079W,0,-6.2144094,0.10277990251779556,0.8925802707672119,0.7791805267333984
YJL063C,YGR213C,0,-6.214476,0.10276679694652557,0.8925802707672119,0.7792912721633911
YDR288W,YLR191W,0,-6.2148404,0.10275369882583618,0.8925802707672119,0.7794020175933838
YOL142W,YML029W,0,-6.214885,0.10274060070514679,0.8925802707672119,0.7795127630233765
YOR034C,YPR023C,1,-6.214952,0.10285495966672897,0.8936877250671387,0.7795127630233765
YAR019C,YDR245W,0,-6.2150493,0.10284185409545898,0.8936877250671387,0.7796234488487244
YJR070C,YMR224C,0,-6.215134,0.102828748524189,0.8936877250671387,0.779734194278717
YLR231C,YMR036C,0,-6.215273,0.102815642952919,0.8936877250671387,0.7798449397087097
YBR192W,YHR008C,0,-6.2153106,0.10280254483222961,0.8936877250671387,0.7799556851387024
YDL197C,YOR056C,0,-6.215795,0.10278945416212082,0.8936877250671387,0.7800664305686951
YJL100W,YER169W,0,-6.2158456,0.10277636349201202,0.8936877250671387,0.7801771759986877
YJL191W,YPL139C,0,-6.2161613,0.10276327282190323,0.8936877250671387,0.7802879214286804
YIL097W,YOR270C,0,-6.2162967,0.10275018960237503,0.8936877250671387,0.7803986668586731
YDR231C,YGR095C,0,-6.216467,0.10273711383342743,0.8936877250671387,0.7805094122886658
YHR142W,YGL070C,0,-6.216759,0.10272403061389923,0.8936877250671387,0.7806201577186584
YDR206W,YGR152C,0,-6.216823,0.10271095484495163,0.8936877250671387,0.7807309031486511
YNL259C,YOR260W,0,-6.216824,0.10269788652658463,0.8936877250671387,0.7808416485786438
YDR254W,YJR127C,0,-6.2169247,0.10268481820821762,0.8936877250671387,0.7809523940086365
YLR114C,YLR314C,0,-6.21719,0.10267175734043121,0.8936877250671387,0.7810631394386292
YBR240C,YNL273W,0,-6.2176304,0.1026586964726448,0.8936877250671387,0.7811738848686218
YIL042C,YNL312W,0,-6.2176657,0.1026456356048584,0.8936877250671387,0.7812846302986145
YLR160C,YNL197C,0,-6.2181783,0.10263258218765259,0.8936877250671387,0.7813953757286072
YKL191W,YOL143C,0,-6.2184343,0.10261952877044678,0.8936877250671387,0.7815060615539551
YDR106W,YKL190W,0,-6.218479,0.10260648280382156,0.8936877250671387,0.7816168069839478
YPR140W,YNL310C,0,-6.218653,0.10259343683719635,0.8936877250671387,0.7817275524139404
YDL145C,YKL196C,0,-6.2188725,0.10258039832115173,0.8936877250671387,0.7818382978439331
YHR052W,YJR093C,0,-6.2191143,0.10256735980510712,0.8936877250671387,0.7819490432739258
YCR028C,YDR495C,0,-6.2191772,0.1025543287396431,0.8936877250671387,0.7820597887039185
YCR082W,YKR065C,0,-6.2194886,0.10254129767417908,0.8936877250671387,0.7821705341339111
YGR199W,YGL171W,0,-6.219526,0.10252826660871506,0.8936877250671387,0.7822812795639038
YBR205W,YNL123W,0,-6.219561,0.10251524299383163,0.8936877250671387,0.7823920249938965
YOR027W,YOL124C,0,-6.220551,0.10250221937894821,0.8936877250671387,0.7825027704238892
YDR173C,YIL167W,0,-6.2208133,0.10248920321464539,0.8936877250671387,0.7826135158538818
YNL065W,YDR258C,0,-6.2208905,0.10247618705034256,0.8936877250671387,0.7827242612838745
YBR110W,YGR128C,0,-6.221007,0.10246317833662033,0.8936877250671387,0.7828350067138672
YJL134W,YGR264C,0,-6.221338,0.1024501696228981,0.8936877250671387,0.7829457521438599
YJL168C,YJL048C,0,-6.2214284,0.10243716835975647,0.8936877250671387,0.7830564975738525
YPL170W,YKL203C,0,-6.2216315,0.10242416709661484,0.8936877250671387,0.7831672430038452
YNL173C,YJL059W,0,-6.2217383,0.1024111658334732,0.8936877250671387,0.7832779884338379
YKR066C,YDR247W,0,-6.2220984,0.10239817202091217,0.8936877250671387,0.7833887338638306
YIL002C,YPR002W,0,-6.222692,0.10238517820835114,0.8936877250671387,0.7834994196891785
YHR096C,YJR126C,0,-6.2228556,0.1023721918463707,0.8936877250671387,0.7836101651191711
YFR002W,YKL056C,0,-6.222876,0.10235920548439026,0.8936877250671387,0.7837209105491638
YLR135W,YDR495C,0,-6.2235594,0.10234622657299042,0.8936877250671387,0.7838316559791565
YMR288W,YNL202W,0,-6.223719,0.10233324766159058,0.8936877250671387,0.7839424014091492
YMR079W,YGR143W,0,-6.223764,0.10232027620077133,0.8936877250671387,0.7840531468391418
YML105C,YKL175W,0,-6.2241073,0.10230730473995209,0.8936877250671387,0.7841638922691345
YPR131C,YOR064C,1,-6.2241564,0.10242109000682831,0.8947951197624207,0.7841638922691345
YHR036W,YJL042W,0,-6.224216,0.10240811109542847,0.8947951197624207,0.7842746376991272
YCR098C,YLR014C,0,-6.2246656,0.10239513218402863,0.8947951197624207,0.7843853831291199
YEL032W,YKR072C,0,-6.224883,0.10238216072320938,0.8947951197624207,0.7844961285591125
YLR207W,YML025C,0,-6.2250752,0.10236918926239014,0.8947951197624207,0.7846068739891052
YHR102W,YDR077W,0,-6.2252564,0.10235621780157089,0.8947951197624207,0.7847176194190979
YMR072W,YLR368W,0,-6.2254677,0.10234325379133224,0.8947951197624207,0.7848283648490906
YDL100C,YER072W,0,-6.225561,0.1023302972316742,0.8947951197624207,0.7849391102790833
YDR078C,YHR167W,0,-6.225566,0.10231733322143555,0.8947951197624207,0.7850498557090759
YKL185W,YLR238W,0,-6.2256246,0.1023043841123581,0.8947951197624207,0.7851606011390686
YKR068C,YPL193W,0,-6.2259398,0.10229142755270004,0.8947951197624207,0.7852713465690613
YML099C,YER126C,0,-6.225943,0.10227847844362259,0.8947951197624207,0.7853820323944092
YDL088C,YKR003W,0,-6.22606,0.10226553678512573,0.8947951197624207,0.7854927778244019
YPR200C,YHR061C,0,-6.2260723,0.10225259512662888,0.8947951197624207,0.7856035232543945
YML116W,YLR205C,0,-6.2269096,0.10223965346813202,0.8947951197624207,0.7857142686843872
YBR110W,YPR163C,0,-6.226941,0.10222671926021576,0.8947951197624207,0.7858250141143799
YDL003W,YNL055C,0,-6.227199,0.1022137850522995,0.8947951197624207,0.7859357595443726
YMR015C,YDR251W,0,-6.227246,0.10220085829496384,0.8947951197624207,0.7860465049743652
YDL022W,YDR456W,0,-6.227381,0.10218793153762817,0.8947951197624207,0.7861572504043579
YGR227W,YLR384C,0,-6.2275176,0.10217501223087311,0.8947951197624207,0.7862679958343506
YAL034W-A,YLR134W,0,-6.2277474,0.10216209292411804,0.8947951197624207,0.7863787412643433
YDR423C,YLR176C,0,-6.228437,0.10214918106794357,0.8947951197624207,0.7864894866943359
YDL161W,YLR009W,0,-6.2284865,0.1021362692117691,0.8947951197624207,0.7866002321243286
YOR078W,YGR009C,0,-6.2288947,0.10212335735559464,0.8947951197624207,0.7867109775543213
YJR074W,YKL122C,0,-6.2293963,0.10211045295000076,0.8947951197624207,0.786821722984314
YFL016C,YGR239C,0,-6.2300944,0.10209754854440689,0.8947951197624207,0.7869324684143066
YPR023C,YOR064C,1,-6.2301826,0.10221099108457565,0.8959025740623474,0.7869324684143066
YDR141C,YML059C,0,-6.230226,0.10219807922840118,0.8959025740623474,0.7870432138442993
YMR231W,YDR346C,0,-6.2304597,0.10218517482280731,0.8959025740623474,0.787153959274292
YDR388W,YPL130W,0,-6.230628,0.10217226296663284,0.8959025740623474,0.7872646450996399
YGR213C,YDL058W,0,-6.2309394,0.10215936601161957,0.8959025740623474,0.7873753905296326
YGL021W,YDR324C,0,-6.2311344,0.1021464616060257,0.8959025740623474,0.7874861359596252
YBR121C,YMR204C,0,-6.231778,0.10213357210159302,0.8959025740623474,0.7875968813896179
YDR434W,YPL135W,0,-6.231833,0.10212067514657974,0.8959025740623474,0.7877076268196106
YER015W,YOR064C,1,-6.2322683,0.10223400592803955,0.8970099687576294,0.7877076268196106
YBR041W,YJL050W,0,-6.2324905,0.10222110152244568,0.8970099687576294,0.7878183722496033
YGL062W,YJL026W,0,-6.2326465,0.1022082045674324,0.8970099687576294,0.787929117679596
YDR273W,YCR067C,0,-6.2328305,0.10219530761241913,0.8970099687576294,0.7880398631095886
YMR203W,YIR018W,0,-6.2349386,0.10218241810798645,0.8970099687576294,0.7881506085395813
YBR110W,YPR082C,0,-6.235066,0.10216952860355377,0.8970099687576294,0.788261353969574
YDR235W,YPR121W,0,-6.2352905,0.1021566390991211,0.8970099687576294,0.7883720993995667
YGR249W,YPL006W,0,-6.2354283,0.10214375704526901,0.8970099687576294,0.7884828448295593
YHR036W,YLR442C,0,-6.235536,0.10213088244199753,0.8970099687576294,0.788593590259552
YPL110C,YDL081C,0,-6.235664,0.10211800038814545,0.8970099687576294,0.7887043356895447
YEL071W,YDR002W,0,-6.2358737,0.10210513323545456,0.8970099687576294,0.7888150811195374
YDR375C,YNL202W,0,-6.235925,0.10209225863218307,0.8970099687576294,0.78892582654953
YMR032W,YJL191W,0,-6.2359953,0.10207939147949219,0.8970099687576294,0.7890365719795227
YBR199W,YOL127W,0,-6.2361636,0.1020665317773819,0.8970099687576294,0.7891472578048706
YOR301W,YGR063C,0,-6.2361813,0.1020536720752716,0.8970099687576294,0.7892580032348633
YNL207W,YIL023C,0,-6.236193,0.10204081982374191,0.8970099687576294,0.789368748664856
YMR214W,YJR019C,0,-6.236669,0.10202796012163162,0.8970099687576294,0.7894794940948486
YPL228W,YGL030W,0,-6.236769,0.10201511532068253,0.8970099687576294,0.7895902395248413
YMR076C,YIL042C,0,-6.236947,0.10200226306915283,0.8970099687576294,0.789700984954834
YER019W,YHR163W,0,-6.237292,0.10198942571878433,0.8970099687576294,0.7898117303848267
YLR429W,YHR148W,0,-6.2373977,0.10197658091783524,0.8970099687576294,0.7899224758148193
YMR246W,YHR090C,1,-6.2374635,0.10208962857723236,0.8981173634529114,0.7899224758148193
YJL061W,YGL070C,0,-6.237802,0.10207677632570267,0.8981173634529114,0.790033221244812
YGR140W,YBR040W,0,-6.2379427,0.10206393152475357,0.8981173634529114,0.7901439666748047
YDL090C,YIL119C,0,-6.2380147,0.10205108672380447,0.8981173634529114,0.7902547121047974
YPL119C,YIL131C,0,-6.238582,0.10203824937343597,0.8981173634529114,0.79036545753479
YIL022W,YKL095W,0,-6.2387624,0.10202541202306747,0.8981173634529114,0.7904762029647827
YLR155C,YOL147C,0,-6.2390904,0.10201258212327957,0.8981173634529114,0.7905869483947754
YPL227C,YMR138W,0,-6.2391343,0.10199974477291107,0.8981173634529114,0.7906976938247681
YDR130C,YBL039C,0,-6.2395825,0.10198692232370377,0.8981173634529114,0.7908084392547607
YJR090C,YLR309C,0,-6.240234,0.10197409987449646,0.8981173634529114,0.7909191846847534
YKL185W,YFL023W,0,-6.240333,0.10196127742528915,0.8981173634529114,0.7910299301147461
YDR420W,YDR028C,0,-6.2403607,0.10194846242666245,0.8981173634529114,0.791140615940094
YNL042W,YBL024W,0,-6.240626,0.10193564742803574,0.8981173634529114,0.7912513613700867
YOR355W,YJL145W,0,-6.240737,0.10192283242940903,0.8981173634529114,0.7913621068000793
YPL170W,YLR206W,0,-6.240977,0.10191002488136292,0.8981173634529114,0.791472852230072
YER053C,YMR201C,0,-6.241842,0.1018972247838974,0.8981173634529114,0.7915835976600647
YPL202C,YPR002W,0,-6.242023,0.10188442468643188,0.8981173634529114,0.7916943430900574
YLL042C,YER179W,0,-6.242026,0.10187162458896637,0.8981173634529114,0.79180508852005
YHR120W,YGR276C,0,-6.242349,0.10185883194208145,0.8981173634529114,0.7919158339500427
YOL090W,YKL175W,0,-6.242495,0.10184603929519653,0.8981173634529114,0.7920265793800354
YCL059C,YDL058W,0,-6.2425094,0.10183324664831161,0.8981173634529114,0.7921373248100281
YMR049C,YOL004W,0,-6.2425723,0.1018204614520073,0.8981173634529114,0.7922480702400208
YGR055W,YLR059C,0,-6.242623,0.10180768370628357,0.8981173634529114,0.7923588156700134
YOL023W,YOL010W,0,-6.2427998,0.10179490596055984,0.8981173634529114,0.7924695611000061
YJR025C,YBR199W,0,-6.2428346,0.10178212821483612,0.8981173634529114,0.7925803065299988
YPL132W,YGR191W,0,-6.243191,0.101769357919693,0.8981173634529114,0.7926910519599915
YGL073W,YDR485C,0,-6.243205,0.10175658762454987,0.8981173634529114,0.7928017973899841
YGL021W,YOR119C,0,-6.243365,0.10174382477998734,0.8981173634529114,0.7929125428199768
YCL010C,YOR064C,1,-6.243504,0.10185649991035461,0.8992248177528381,0.7929125428199768
YDR231C,YPL240C,0,-6.2435384,0.10184372216463089,0.8992248177528381,0.7930232286453247
YNR056C,YOR295W,0,-6.2437215,0.10183095186948776,0.8992248177528381,0.7931339740753174
YPR006C,YMR146C,0,-6.244248,0.10181818157434464,0.8992248177528381,0.7932447195053101
YGL122C,YJR104C,0,-6.2446303,0.1018054187297821,0.8992248177528381,0.7933554649353027
YDL142C,YDR386W,0,-6.24525,0.10179265588521957,0.8992248177528381,0.7934662103652954
YBL098W,YNL085W,0,-6.2453017,0.10177989304065704,0.8992248177528381,0.7935769557952881
YAL054C,YDR126W,1,-6.245459,0.10189247131347656,0.9003322124481201,0.7935769557952881
YMR055C,YNL210W,0,-6.2454963,0.10187970101833344,0.9003322124481201,0.7936877012252808
YJL165C,YMR203W,0,-6.2455754,0.10186693072319031,0.9003322124481201,0.7937984466552734
YPR081C,YNL317W,0,-6.245624,0.10185417532920837,0.9003322124481201,0.7939091920852661
YDR211W,YMR305C,0,-6.245624,0.10184141248464584,0.9003322124481201,0.7940199375152588
YKL192C,YDL220C,0,-6.245783,0.10182865709066391,0.9003322124481201,0.7941306829452515
YPR072W,YNL243W,0,-6.245954,0.10181590169668198,0.9003322124481201,0.7942414283752441
YKL051W,YHR196W,0,-6.246362,0.10180315375328064,0.9003322124481201,0.7943521738052368
YKL191W,YDL080C,0,-6.2473493,0.1017904058098793,0.9003322124481201,0.7944629192352295
YCR082W,YHR004C,0,-6.247991,0.10177766531705856,0.9003322124481201,0.7945736646652222
YOR113W,YHR174W,0,-6.248318,0.10176492482423782,0.9003322124481201,0.7946844100952148
YNR017W,YNL045W,0,-6.2487082,0.10175219178199768,0.9003322124481201,0.7947951555252075
YDR524C,YOR198C,0,-6.248777,0.10173945873975754,0.9003322124481201,0.7949058413505554
YMR234W,YDR324C,0,-6.249066,0.1017267256975174,0.9003322124481201,0.7950165867805481
YNL207W,YOL020W,0,-6.249291,0.10171400010585785,0.9003322124481201,0.7951273322105408
YPR100W,YKL178C,0,-6.2498984,0.1017012745141983,0.9003322124481201,0.7952380776405334
YCR098C,YOR137C,0,-6.250111,0.10168855637311935,0.9003322124481201,0.7953488230705261
YHR005C,YCL035C,0,-6.2501225,0.1016758382320404,0.9003322124481201,0.7954595685005188
YBR196C,YNL126W,0,-6.250246,0.10166312009096146,0.9003322124481201,0.7955703139305115
YMR219W,YNL037C,0,-6.250739,0.1016504094004631,0.9003322124481201,0.7956810593605042
YLR431C,YAL033W,0,-6.250748,0.10163770616054535,0.9003322124481201,0.7957918047904968
YOR063W,YML127W,0,-6.2509007,0.1016250029206276,0.9003322124481201,0.7959025502204895
YDR385W,YCL054W,0,-6.251036,0.10161229968070984,0.9003322124481201,0.7960132956504822
YDR487C,YOL020W,0,-6.251118,0.10159959644079208,0.9003322124481201,0.7961240410804749
YOR025W,YDR280W,0,-6.2516866,0.10158690810203552,0.9003322124481201,0.7962347865104675
YMR298W,YEL017C-A,0,-6.2519526,0.10157421231269836,0.9003322124481201,0.7963455319404602
YGR097W,YIL026C,0,-6.25223,0.1015615239739418,0.9003322124481201,0.7964562773704529
YKL002W,YOR212W,0,-6.2522893,0.10154883563518524,0.9003322124481201,0.7965670228004456
YPL058C,YNL055C,0,-6.2523174,0.10153615474700928,0.9003322124481201,0.7966777682304382
YPL161C,YKL172W,0,-6.25273,0.10152347385883331,0.9003322124481201,0.7967884540557861
YGL143C,YPR080W,0,-6.2530656,0.10151080042123795,0.9003322124481201,0.7968991994857788
YMR201C,YGL030W,0,-6.25311,0.10149812698364258,0.9003322124481201,0.7970099449157715
YDR097C,YPL163C,0,-6.2531667,0.10148546099662781,0.9003322124481201,0.7971206903457642
YHR082C,YHR001W,0,-6.2533097,0.10147278755903244,0.9003322124481201,0.7972314357757568
YPL006W,YGR222W,0,-6.253725,0.10146012902259827,0.9003322124481201,0.7973421812057495
YPL224C,YDR018C,0,-6.2539897,0.10144747048616409,0.9003322124481201,0.7974529266357422
YIL009W,YNL326C,1,-6.254034,0.101559579372406,0.9014396667480469,0.7974529266357422
YPL181W,YGL205W,0,-6.254557,0.10154690593481064,0.9014396667480469,0.7975636720657349
YOR056C,YOR367W,0,-6.2548056,0.10153423994779587,0.9014396667480469,0.7976744174957275
YKL012W,YOR083W,0,-6.25555,0.1015215739607811,0.9014396667480469,0.7977851629257202
YOR094W,YPL026C,0,-6.2556252,0.10150891542434692,0.9014396667480469,0.7978959083557129
YJL108C,YDR451C,0,-6.256001,0.10149625688791275,0.9014396667480469,0.7980066537857056
YER073W,YGR132C,0,-6.256125,0.10148360580205917,0.9014396667480469,0.7981173992156982
YKL055C,YNR011C,0,-6.256242,0.1014709547162056,0.9014396667480469,0.7982281446456909
YDR101C,YAR031W,0,-6.257332,0.10145831108093262,0.9014396667480469,0.7983388900756836
YGR261C,YIL008W,0,-6.2574987,0.10144565999507904,0.9014396667480469,0.7984496355056763
YLR059C,YJL141C,0,-6.25755,0.10143302381038666,0.9014396667480469,0.798560380935669
YHR011W,YDR227W,0,-6.257629,0.10142038017511368,0.9014396667480469,0.7986710667610168
YER045C,YPR190C,0,-6.2577834,0.10140775144100189,0.9014396667480469,0.7987818121910095
YHR089C,YMR231W,0,-6.2584434,0.10139511525630951,0.9014396667480469,0.7988925576210022
YCR086W,YKR081C,0,-6.2587633,0.10138248652219772,0.9014396667480469,0.7990033030509949
YFL039C,YLL002W,1,-6.2591214,0.10149439424276352,0.9025470614433289,0.7990033030509949
YER126C,YIL037C,0,-6.259497,0.10148175805807114,0.9025470614433289,0.7991140484809875
YDL040C,YDR167W,1,-6.2597957,0.10159362852573395,0.9036544561386108,0.7991140484809875
YLL002W,YPL129W,1,-6.2598205,0.10170546174049377,0.9047619104385376,0.7991140484809875
YNL047C,YBL034C,0,-6.2600827,0.1016928032040596,0.9047619104385376,0.7992247939109802
YDR301W,YOR206W,0,-6.2603307,0.10168015211820602,0.9047619104385376,0.7993355393409729
YDR028C,YNR015W,0,-6.26037,0.10166749358177185,0.9047619104385376,0.7994462847709656
YLR256W,YBR152W,0,-6.2607913,0.10165484994649887,0.9047619104385376,0.7995570302009583
YAR019C,YPR183W,0,-6.260896,0.1016421988606453,0.9047619104385376,0.7996677756309509
YBR091C,YDR235W,0,-6.2611,0.10162955522537231,0.9047619104385376,0.7997785210609436
YPR023C,YMR246W,1,-6.2614684,0.10174129158258438,0.9058693051338196,0.7997785210609436
YML116W,YML047C,0,-6.26154,0.1017286404967308,0.9058693051338196,0.7998892664909363
YMR219W,YGL151W,0,-6.261706,0.10171598941087723,0.9058693051338196,0.800000011920929
YEL071W,YOR269W,0,-6.26199,0.10170334577560425,0.9058693051338196,0.8001107573509216
YNL327W,YGR216C,0,-6.261993,0.10169070214033127,0.9058693051338196,0.8002215027809143
YIL009C-A,YGR030C,0,-6.2621064,0.10167805850505829,0.9058693051338196,0.800332248210907
YLR068W,YHR015W,0,-6.262229,0.1016654223203659,0.9058693051338196,0.8004429936408997
YPR057W,YPL155C,0,-6.262529,0.10165278613567352,0.9058693051338196,0.8005537390708923
YHR193C,YJL210W,0,-6.2628903,0.10164015740156174,0.9058693051338196,0.8006644248962402
YPL265W,YDR439W,0,-6.263231,0.10162752866744995,0.9058693051338196,0.8007751703262329
YJL122W,YPR072W,0,-6.263432,0.10161490738391876,0.9058693051338196,0.8008859157562256
YAL021C,YLL026W,0,-6.2636905,0.10160228610038757,0.9058693051338196,0.8009966611862183
YKL220C,YNL173C,0,-6.263852,0.10158966481685638,0.9058693051338196,0.8011074066162109
YPL194W,YJR119C,0,-6.2640166,0.10157705098390579,0.9058693051338196,0.8012181520462036
YLR105C,YDR172W,0,-6.264116,0.1015644371509552,0.9058693051338196,0.8013288974761963
YGR262C,YDR273W,0,-6.26444,0.1015518307685852,0.9058693051338196,0.801439642906189
YIL098C,YOR265W,0,-6.2645245,0.10153922438621521,0.9058693051338196,0.8015503883361816
YGL008C,YLR090W,0,-6.26475,0.10152662545442581,0.9058693051338196,0.8016611337661743
YPL008W,YAL003W,0,-6.265137,0.10151402652263641,0.9058693051338196,0.801771879196167
YAL051W,YDL212W,0,-6.265552,0.10150142759084702,0.9058693051338196,0.8018826246261597
YGR217W,YKR081C,0,-6.265773,0.10148883610963821,0.9058693051338196,0.8019933700561523
YMR042W,YML078W,0,-6.266585,0.10147624462842941,0.9058693051338196,0.802104115486145
YNL222W,YGL162W,0,-6.2671704,0.10146365314722061,0.9058693051338196,0.8022148609161377
YMR042W,YMR078C,0,-6.2673717,0.10145106911659241,0.9058693051338196,0.8023256063461304
YGR220C,YMR308C,0,-6.2680755,0.1014384925365448,0.9058693051338196,0.802436351776123
YGL238W,YPR030W,0,-6.268766,0.10142591595649719,0.9058693051338196,0.802547037601471
YOR241W,YMR008C,0,-6.2689033,0.10141333937644958,0.9058693051338196,0.8026577830314636
YDL126C,YNL068C,0,-6.2689104,0.10140077024698257,0.9058693051338196,0.8027685284614563
YPL265W,YER018C,0,-6.269092,0.10138820111751556,0.9058693051338196,0.802879273891449
YOL126C,YOR073W,0,-6.2696357,0.10137563198804855,0.9058693051338196,0.8029900193214417
YOR133W,YNL323W,0,-6.269898,0.10136307030916214,0.9058693051338196,0.8031007647514343
YPL001W,YLR195C,1,-6.270095,0.10147441178560257,0.9069767594337463,0.8031007647514343
YGR222W,YBL041W,0,-6.2702556,0.10146184265613556,0.9069767594337463,0.803211510181427
YLR155C,YOR275C,0,-6.270444,0.10144927352666855,0.9069767594337463,0.8033222556114197
YOR026W,YNR017W,0,-6.27088,0.10143671184778214,0.9069767594337463,0.8034330010414124
YKL086W,YDR297W,0,-6.270908,0.10142415016889572,0.9069767594337463,0.803543746471405
YGR086C,YBR154C,0,-6.2710023,0.10141158849000931,0.9069767594337463,0.8036544919013977
YEL018W,YKL117W,0,-6.2714243,0.10139903426170349,0.9069767594337463,0.8037652373313904
YDR376W,YJL076W,0,-6.271565,0.10138648003339767,0.9069767594337463,0.8038759827613831
YDL055C,YPL138C,0,-6.2722974,0.10137393325567245,0.9069767594337463,0.8039867281913757
YAL012W,YKL220C,0,-6.27272,0.10136138647794724,0.9069767594337463,0.8040974736213684
YLR266C,YDL111C,0,-6.272825,0.10134883970022202,0.9069767594337463,0.8042082190513611
YML058W-A,YOR315W,0,-6.272905,0.10133630037307739,0.9069767594337463,0.8043189644813538
YJL010C,YDL216C,0,-6.27305,0.10132376849651337,0.9069767594337463,0.8044296503067017
YOR313C,YJR045C,0,-6.2731047,0.10131122916936874,0.9069767594337463,0.8045403957366943
YBR068C,YKL085W,0,-6.273124,0.10129870474338531,0.9069767594337463,0.804651141166687
YBR237W,YDR028C,0,-6.2733703,0.10128617286682129,0.9069767594337463,0.8047618865966797
YNL041C,YHR023W,0,-6.273392,0.10127364844083786,0.9069767594337463,0.8048726320266724
YMR001C,YGR085C,0,-6.273454,0.10126112401485443,0.9069767594337463,0.804983377456665
YDR046C,YPR005C,0,-6.2734556,0.1012486070394516,0.9069767594337463,0.8050941228866577
YDR036C,YOL039W,0,-6.273908,0.10123609751462936,0.9069767594337463,0.8052048683166504
YLR085C,YMR015C,0,-6.273949,0.10122358053922653,0.9069767594337463,0.8053156137466431
YEL003W,YKL166C,0,-6.2742085,0.1012110710144043,0.9069767594337463,0.8054263591766357
YCL040W,YDL236W,0,-6.2746043,0.10119856894016266,0.9069767594337463,0.8055371046066284
YIR037W,YKL012W,0,-6.2750463,0.10118606686592102,0.9069767594337463,0.8056478500366211
YPR023C,YHR090C,1,-6.275082,0.10129709541797638,0.9080841541290283,0.8056478500366211
YHL047C,YGL099W,0,-6.2756286,0.10128458589315414,0.9080841541290283,0.8057585954666138
YLR216C,YGL106W,0,-6.2758336,0.10127207636833191,0.9080841541290283,0.8058693408966064
YOR095C,YDR372C,0,-6.275834,0.10125956684350967,0.9080841541290283,0.8059800863265991
YNL294C,YPL206C,0,-6.276467,0.10124706476926804,0.9080841541290283,0.8060908317565918
YJR078W,YIL109C,0,-6.276516,0.101234570145607,0.9080841541290283,0.8062015771865845
YIL124W,YIR017C,0,-6.2770634,0.10122206807136536,0.9080841541290283,0.8063122630119324
YOR023C,YFL024C,1,-6.2774653,0.10133300721645355,0.9091916084289551,0.8063122630119324
YGL089C,YKL006C-A,0,-6.27763,0.10132049769163132,0.9091916084289551,0.806423008441925
YDR083W,YKL117W,0,-6.278028,0.10130799561738968,0.9091916084289551,0.8065337538719177
YBR006W,YOR083W,0,-6.278072,0.10129549354314804,0.9091916084289551,0.8066444993019104
YJR065C,YER167W,0,-6.2781405,0.101282998919487,0.9091916084289551,0.8067552447319031
YOL113W,YGL098W,0,-6.2781568,0.10127050429582596,0.9091916084289551,0.8068659901618958
YMR198W,YNL279W,0,-6.2783246,0.10125801712274551,0.9091916084289551,0.8069767355918884
YEL041W,YLR020C,0,-6.278374,0.10124552994966507,0.9091916084289551,0.8070874810218811
YJL081C,YGR147C,1,-6.278398,0.10135634988546371,0.9102990031242371,0.8070874810218811
YHR114W,YML051W,0,-6.2787747,0.10134385526180267,0.9102990031242371,0.8071982264518738
YDR300C,YBL106C,0,-6.2793365,0.10133136063814163,0.9102990031242371,0.8073089718818665
YJR135C,YDL112W,0,-6.2795134,0.10131887346506119,0.9102990031242371,0.8074197173118591
YLR353W,YAL051W,0,-6.2796855,0.10130638629198074,0.9102990031242371,0.8075304627418518
YHR124W,YNL149C,0,-6.2797956,0.1012938991189003,0.9102990031242371,0.8076412081718445
YNL099C,YMR183C,0,-6.2799964,0.10128141939640045,0.9102990031242371,0.8077519536018372
YKR068C,YER003C,0,-6.2800612,0.1012689396739006,0.9102990031242371,0.8078626990318298
YHR043C,YPL239W,0,-6.2801023,0.10125646740198135,0.9102990031242371,0.8079734444618225
YNL199C,YML093W,0,-6.280316,0.1012439951300621,0.9102990031242371,0.8080841898918152
YDR177W,YNL186W,0,-6.280711,0.10123153030872345,0.9102990031242371,0.8081949353218079
YDR085C,YGR108W,0,-6.280953,0.1012190580368042,0.9102990031242371,0.8083056211471558
YML049C,YOL055C,0,-6.281611,0.10120660066604614,0.9102990031242371,0.8084163665771484
YLR153C,YFL039C,1,-6.282062,0.10131724923849106,0.911406397819519,0.8084163665771484
YBR059C,YBR170C,0,-6.282206,0.10130477696657181,0.911406397819519,0.8085271120071411
YAL042W,YNL147W,0,-6.2828546,0.10129230469465256,0.911406397819519,0.8086378574371338
YPR133C,YPL203W,0,-6.2830424,0.1012798398733139,0.911406397819519,0.8087486028671265
YLR459W,YJL109C,0,-6.283156,0.10126738250255585,0.911406397819519,0.8088593482971191
YAL054C,YOR064C,1,-6.2832894,0.1013779491186142,0.9125138521194458,0.8088593482971191
YLR448W,YMR077C,0,-6.283475,0.10136548429727554,0.9125138521194458,0.8089700937271118
YPR023C,YER015W,1,-6.283548,0.10147601366043091,0.9136212468147278,0.8089700937271118
YDR175C,YKL080W,0,-6.2835813,0.10146353393793106,0.9136212468147278,0.8090808391571045
YBR127C,YHR060W,0,-6.283582,0.10145105421543121,0.9136212468147278,0.8091915845870972
YLR286C,YNL286W,0,-6.283878,0.10143858194351196,0.9136212468147278,0.8093023300170898
YLR044C,YGL044C,0,-6.283955,0.10142610967159271,0.9136212468147278,0.8094130754470825
YBR177C,YHR072W,0,-6.2842746,0.10141364485025406,0.9136212468147278,0.8095238208770752
YOR204W,YGL098W,0,-6.284327,0.1014011800289154,0.9136212468147278,0.8096345663070679
YBL058W,YER082C,0,-6.284365,0.10138871520757675,0.9136212468147278,0.8097453117370605
YJL058C,YKL150W,0,-6.28472,0.1013762578368187,0.9136212468147278,0.8098560571670532
YMR231W,YIR015W,0,-6.284825,0.10136380046606064,0.9136212468147278,0.8099668025970459
YOL143C,YGR213C,0,-6.284827,0.10135135054588318,0.9136212468147278,0.8100775480270386
YNL278W,YGR275W,0,-6.2856603,0.10133890062570572,0.9136212468147278,0.8101882338523865
YNL072W,YJL035C,0,-6.2857947,0.10132645815610886,0.9136212468147278,0.8102989792823792
YGR177C,YGR211W,0,-6.2861056,0.101314015686512,0.9136212468147278,0.8104097247123718
YJL194W,YIL095W,0,-6.286219,0.10130157321691513,0.9136212468147278,0.8105204701423645
YNL210W,YJL047C,0,-6.286262,0.10128913074731827,0.9136212468147278,0.8106312155723572
YKR055W,YIL138C,0,-6.2862945,0.1012767031788826,0.9136212468147278,0.8107419610023499
YER032W,YOR213C,0,-6.2863784,0.10126426815986633,0.9136212468147278,0.8108527064323425
YJL092W,YIL105C,0,-6.286882,0.10125184059143066,0.9136212468147278,0.8109634518623352
YIL033C,YLR425W,0,-6.287016,0.101239413022995,0.9136212468147278,0.8110741972923279
YML120C,YJL025W,0,-6.2871013,0.10122699290513992,0.9136212468147278,0.8111849427223206
YNL008C,YJL059W,0,-6.287165,0.10121457278728485,0.9136212468147278,0.8112956881523132
YAR002C-A,YNR059W,0,-6.2876043,0.10120216012001038,0.9136212468147278,0.8114064335823059
YHR001W,YNL113W,0,-6.288383,0.1011897474527359,0.9136212468147278,0.8115171790122986
YFL039C,YLR195C,1,-6.2884126,0.10129997879266739,0.9147287011146545,0.8115171790122986
YHR174W,YGL252C,0,-6.28898,0.10128755122423172,0.9147287011146545,0.8116279244422913
YDL216C,YPR163C,0,-6.2892385,0.10127513855695724,0.9147287011146545,0.8117386698722839
YDR148C,YDR180W,0,-6.289288,0.10126271843910217,0.9147287011146545,0.8118494153022766
YHR011W,YDL105W,0,-6.2893023,0.1012503057718277,0.9147287011146545,0.8119601607322693
YOR307C,YJL192C,0,-6.289444,0.10123789310455322,0.9147287011146545,0.8120708465576172
YNR052C,YGL255W,0,-6.289554,0.10122548788785934,0.9147287011146545,0.8121815919876099
YNL055C,YPR065W,0,-6.289674,0.10121309012174606,0.9147287011146545,0.8122923374176025
YNL220W,YDR180W,0,-6.2897315,0.10120068490505219,0.9147287011146545,0.8124030828475952
YMR305C,YGR090W,0,-6.290232,0.1011882871389389,0.9147287011146545,0.8125138282775879
YLR153C,YHR090C,1,-6.290239,0.10129838436841965,0.9158360958099365,0.8125138282775879
YNL110C,YOL146W,0,-6.2902436,0.10128597915172577,0.9158360958099365,0.8126245737075806
YIR013C,YLL060C,0,-6.2905455,0.10127357393503189,0.9158360958099365,0.8127353191375732
YDL132W,YJL121C,0,-6.2906938,0.10126117616891861,0.9158360958099365,0.8128460645675659
YGR248W,YJL192C,0,-6.290812,0.10124877840280533,0.9158360958099365,0.8129568099975586
YNL294C,YNL088W,0,-6.291236,0.10123638063669205,0.9158360958099365,0.8130675554275513
YBR087W,YFL002C,0,-6.291838,0.10122399032115936,0.9158360958099365,0.813178300857544
YJR078W,YJR042W,0,-6.2924113,0.10121160000562668,0.9158360958099365,0.8132890462875366
YMR316W,YGL062W,0,-6.2924953,0.10119921714067459,0.9158360958099365,0.8133997917175293
YCR098C,YDL020C,0,-6.292889,0.1011868342757225,0.9158360958099365,0.813510537147522
YDR236C,YLL011W,0,-6.2931585,0.10117445886135101,0.9158360958099365,0.8136212825775146
YGL122C,YER089C,0,-6.2931705,0.10116207599639893,0.9158360958099365,0.8137320280075073
YEL065W,YML027W,0,-6.2932525,0.10114970803260803,0.9158360958099365,0.8138427734375
YOL139C,YGR048W,0,-6.2935967,0.10113734006881714,0.9158360958099365,0.8139534592628479
YEL017C-A,YHR167W,0,-6.2937,0.10112497210502625,0.9158360958099365,0.8140642046928406
YCR081W,YKL086W,0,-6.2937474,0.10111260414123535,0.9158360958099365,0.8141749501228333
YPR006C,YOL061W,0,-6.293861,0.10110024362802505,0.9158360958099365,0.8142856955528259
YHR214C-B,YLR035C-A,0,-6.294086,0.10108788311481476,0.9158360958099365,0.8143964409828186
YMR237W,YIL034C,0,-6.2945867,0.10107553005218506,0.9158360958099365,0.8145071864128113
YJL091C,YPR121W,0,-6.2952323,0.10106317698955536,0.9158360958099365,0.814617931842804
YNL128W,YDR486C,0,-6.2955594,0.10105083137750626,0.9158360958099365,0.8147286772727966
YHR036W,YDL077C,0,-6.2960944,0.10103848576545715,0.9158360958099365,0.8148394227027893
YOR032C,YNL201C,0,-6.296237,0.10102614015340805,0.9158360958099365,0.814950168132782
YMR041C,YER038C,0,-6.296239,0.10101380199193954,0.9158360958099365,0.8150609135627747
YJL178C,YKL108W,0,-6.296411,0.10100146383047104,0.9158360958099365,0.8151716589927673
YMR038C,YNL068C,0,-6.2964616,0.10098913311958313,0.9158360958099365,0.81528240442276
YDR270W,YLR403W,0,-6.2966266,0.10097680240869522,0.9158360958099365,0.8153931498527527
YKL011C,YIL046W,0,-6.296676,0.10096447169780731,0.9158360958099365,0.8155038952827454
YER013W,YNL243W,0,-6.29765,0.1009521484375,0.9158360958099365,0.815614640712738
YHL040C,YFL041W,0,-6.2979712,0.10093982517719269,0.9158360958099365,0.8157253861427307
YGL068W,YJL076W,0,-6.2980947,0.10092750936746597,0.9158360958099365,0.8158361315727234
YAR002W,YJL074C,0,-6.29822,0.10091519355773926,0.9158360958099365,0.8159468173980713
YMR161W,YGL236C,0,-6.2984433,0.10090287774801254,0.9158360958099365,0.816057562828064
YER165W,YHR074W,0,-6.299074,0.10089056938886642,0.9158360958099365,0.8161683082580566
YPR023C,YGR147C,1,-6.299091,0.10100024193525314,0.9169435501098633,0.8161683082580566
YIL114C,YNL243W,0,-6.2992196,0.10098792612552643,0.9169435501098633,0.8162790536880493
YEL031W,YNL154C,0,-6.299431,0.10097561031579971,0.9169435501098633,0.816389799118042
YLR139C,YBR097W,0,-6.2999825,0.100963294506073,0.9169435501098633,0.8165005445480347
YOR310C,YCR081W,0,-6.300217,0.10095098614692688,0.9169435501098633,0.8166112899780273
YLL061W,YDR205W,0,-6.300299,0.10093867778778076,0.9169435501098633,0.81672203540802
YLL021W,YCR053W,0,-6.300381,0.10092637687921524,0.9169435501098633,0.8168327808380127
YEL071W,YLL061W,0,-6.3006043,0.10091407597064972,0.9169435501098633,0.8169435262680054
YGL116W,YDR381W,0,-6.300797,0.1009017825126648,0.9169435501098633,0.817054271697998
YGL209W,YBR294W,0,-6.3009324,0.10088948160409927,0.9169435501098633,0.8171650171279907
YFR014C,YJR073C,0,-6.300977,0.10087719559669495,0.9169435501098633,0.8172757625579834
YBR210W,YNL182C,0,-6.300987,0.10086490213871002,0.9169435501098633,0.8173865079879761
YDL074C,YEL041W,0,-6.301011,0.1008526161313057,0.9169435501098633,0.8174972534179688
YFL014W,YDL245C,0,-6.301334,0.10084033757448196,0.9169435501098633,0.8176079988479614
YPR020W,YHR175W,0,-6.30138,0.10082805901765823,0.9169435501098633,0.8177187442779541
YCL059C,YLR292C,0,-6.3014646,0.1008157804608345,0.9169435501098633,0.817829430103302
YPL149W,YLR098C,0,-6.301946,0.10080350935459137,0.9169435501098633,0.8179401755332947
YDL040C,YLL002W,1,-6.3019986,0.10091296583414078,0.9180509448051453,0.8179401755332947
YGL078C,YOR329C,0,-6.3024297,0.10090067982673645,0.9180509448051453,0.8180509209632874
YPL262W,YDL235C,0,-6.3029523,0.10088840126991272,0.9180509448051453,0.81816166639328
YJL133W,YML038C,0,-6.303633,0.10087612271308899,0.9180509448051453,0.8182724118232727
YHR120W,YDR227W,0,-6.3037963,0.10086385160684586,0.9180509448051453,0.8183831572532654
YPR141C,YDR083W,0,-6.3038073,0.10085158050060272,0.9180509448051453,0.8184939026832581
YCR098C,YIL119C,0,-6.303839,0.10083931684494019,0.9180509448051453,0.8186046481132507
YOR080W,YOR095C,0,-6.3040333,0.10082704573869705,0.9180509448051453,0.8187153935432434
YPL203W,YDR200C,0,-6.304129,0.10081478953361511,0.9180509448051453,0.8188261389732361
YHR187W,YGR081C,0,-6.304158,0.10080252587795258,0.9180509448051453,0.8189368844032288
YBR015C,YJR007W,0,-6.304243,0.10079027712345123,0.9180509448051453,0.8190476298332214
YMR070W,YMR139W,0,-6.3045135,0.1007780209183693,0.9180509448051453,0.8191583752632141
YGL195W,YOL080C,0,-6.304956,0.10076577216386795,0.9180509448051453,0.8192691206932068
YJR078W,YKL001C,0,-6.305105,0.10075352340936661,0.9180509448051453,0.8193798661231995
YAL054C,YJL115W,1,-6.305214,0.10086280107498169,0.9191583395004272,0.8193798661231995
YDR013W,YNL206C,0,-6.3052907,0.10085054486989975,0.9191583395004272,0.8194906115531921
YMR316W,YBL040C,0,-6.3054924,0.10083829611539841,0.9191583395004272,0.8196013569831848
YGL173C,YNL264C,0,-6.305675,0.10082604736089706,0.9191583395004272,0.8197120428085327
YJL085W,YMR104C,0,-6.3058705,0.10081379860639572,0.9191583395004272,0.8198227882385254
YNL138W,YDL235C,0,-6.305878,0.10080155730247498,0.9191583395004272,0.8199335336685181
YDL143W,YIL154C,0,-6.3063464,0.10078931599855423,0.9191583395004272,0.8200442790985107
YDR297W,YLR234W,0,-6.307939,0.10077707469463348,0.9191583395004272,0.8201550245285034
YOL090W,YGL092W,0,-6.307971,0.10076484084129333,0.9191583395004272,0.8202657699584961
YDR188W,YEL054C,0,-6.3086085,0.10075260698795319,0.9191583395004272,0.8203765153884888
YKL114C,YLR066W,0,-6.3088436,0.10074038058519363,0.9191583395004272,0.8204872608184814
YGL030W,YKL212W,0,-6.3094106,0.10072815418243408,0.9191583395004272,0.8205980062484741
YHR036W,YCL008C,0,-6.309565,0.10071593523025513,0.9191583395004272,0.8207087516784668
YLR106C,YNL221C,0,-6.310027,0.10070371627807617,0.9191583395004272,0.8208194971084595
YLR157C,YDR529C,0,-6.3100696,0.10069149732589722,0.9191583395004272,0.8209302425384521
YOR266W,YIL053W,0,-6.310146,0.10067927837371826,0.9191583395004272,0.8210409879684448
YPR201W,YHR096C,0,-6.3103046,0.1006670743227005,0.9191583395004272,0.8211517333984375
YOL064C,YGR222W,0,-6.3111577,0.10065486282110214,0.9191583395004272,0.8212624788284302
YOL043C,YLR435W,0,-6.3112993,0.10064265877008438,0.9191583395004272,0.8213732242584229
YOR032C,YAL010C,0,-6.3115335,0.10063045471906662,0.9191583395004272,0.8214839696884155
YDR116C,YDR379W,0,-6.311707,0.10061825811862946,0.9191583395004272,0.8215946555137634
YGL238W,YGR119C,0,-6.3127184,0.10060606151819229,0.9191583395004272,0.8217054009437561
YNL128W,YGR048W,0,-6.3128686,0.10059386491775513,0.9191583395004272,0.8218161463737488
YDL137W,YLR448W,0,-6.3129506,0.10058167576789856,0.9191583395004272,0.8219268918037415
YDR085C,YDL097C,0,-6.3129735,0.10056948661804199,0.9191583395004272,0.8220376372337341
YLR097C,YKL086W,0,-6.313482,0.10055730491876602,0.9191583395004272,0.8221483826637268
YJR078W,YGL249W,0,-6.313569,0.10054512321949005,0.9191583395004272,0.8222591280937195
YPL127C,YBL058W,0,-6.3138256,0.10053294897079468,0.9191583395004272,0.8223698735237122
YDL175C,YLR084C,0,-6.3138747,0.10052076727151871,0.9191583395004272,0.8224806189537048
YOR217W,YOR210W,0,-6.3140063,0.10050860047340393,0.9191583395004272,0.8225913643836975
YJR127C,YKL056C,0,-6.3143487,0.10049642622470856,0.9191583395004272,0.8227021098136902
YFR046C,YKL043W,0,-6.314498,0.10048425942659378,0.9191583395004272,0.8228128552436829
YJL178C,YJR078W,0,-6.3151145,0.1004721000790596,0.9191583395004272,0.8229236006736755
YIL009W,YOL110W,1,-6.315706,0.10058097541332245,0.920265793800354,0.8229236006736755
YPR023C,YGR002C,1,-6.3159165,0.10068982094526291,0.921373188495636,0.8229236006736755
YDL227C,YMR073C,0,-6.3162513,0.10067763924598694,0.921373188495636,0.8230343461036682
YPR007C,YEL004W,0,-6.3162894,0.10066545754671097,0.921373188495636,0.8231450915336609
YER015W,YHR090C,1,-6.3164535,0.10077425837516785,0.9224806427955627,0.8231450915336609
YLR319C,YMR112C,0,-6.316543,0.10076206922531128,0.9224806427955627,0.8232558369636536
YJR073C,YNL262W,0,-6.316719,0.10074988007545471,0.9224806427955627,0.8233665823936462
YJL122W,YER111C,0,-6.3168206,0.10073769837617874,0.9224806427955627,0.8234772682189941
YLR051C,YOL060C,0,-6.3183146,0.10072551667690277,0.9224806427955627,0.8235880136489868
YGR169C,YMR234W,0,-6.3186235,0.1007133349776268,0.9224806427955627,0.8236987590789795
YNL186W,YBR030W,0,-6.3191094,0.10070116072893143,0.9224806427955627,0.8238095045089722
YOL146W,YDR165W,0,-6.3196015,0.10068898648023605,0.9224806427955627,0.8239202499389648
YER015W,YNL326C,1,-6.3202643,0.10079768300056458,0.9235880374908447,0.8239202499389648
YAL054C,YFL039C,1,-6.320292,0.10090634226799011,0.9246954321861267,0.8239202499389648
YDL040C,YGR147C,1,-6.320558,0.10101498663425446,0.9258028864860535,0.8239202499389648
YDR245W,YGL067W,0,-6.320795,0.1010027751326561,0.9258028864860535,0.8240309953689575
YAL007C,YLR176C,0,-6.320874,0.10099057853221893,0.9258028864860535,0.8241417407989502
YKL043W,YPL010W,0,-6.3214707,0.10097838193178177,0.9258028864860535,0.8242524862289429
YPL018W,YBR279W,0,-6.321922,0.1009661853313446,0.9258028864860535,0.8243632316589355
YIL022W,YMR077C,0,-6.322088,0.10095398873090744,0.9258028864860535,0.8244739770889282
YPL227C,YDL166C,0,-6.3224177,0.10094179958105087,0.9258028864860535,0.8245847225189209
YBR133C,YHR034C,0,-6.3227105,0.1009296178817749,0.9258028864860535,0.8246954679489136
YDL175C,YBL093C,0,-6.322723,0.10091742873191833,0.9258028864860535,0.8248062133789062
YDR158W,YHR205W,0,-6.3228264,0.10090524703264236,0.9258028864860535,0.8249169588088989
YPL135W,YOL026C,0,-6.3233275,0.10089307278394699,0.9258028864860535,0.8250277042388916
YAL054C,YPR131C,1,-6.3234673,0.1010015681385994,0.9269102811813354,0.8250277042388916
YLL024C,YDR398W,0,-6.323776,0.10098937898874283,0.9269102811813354,0.8251384496688843
YOL116W,YMR197C,0,-6.3246922,0.10097719728946686,0.9269102811813354,0.825249195098877
YNL290W,YNL299W,0,-6.32482,0.10096501559019089,0.9269102811813354,0.8253599405288696
YMR069W,YDR167W,1,-6.3251386,0.10107345134019852,0.9280177354812622,0.8253599405288696
YML078W,YKL029C,0,-6.3258414,0.10106126219034195,0.9280177354812622,0.8254706263542175
YDR163W,YFL048C,0,-6.3259006,0.10104908049106598,0.9280177354812622,0.8255813717842102
YOL164W,YLR079W,0,-6.3262334,0.10103689134120941,0.9280177354812622,0.8256921172142029
YLR318W,YGL205W,0,-6.326389,0.10102471709251404,0.9280177354812622,0.8258028626441956
YNL101W,YBL024W,0,-6.326904,0.10101253539323807,0.9280177354812622,0.8259136080741882
YBR041W,YOL020W,0,-6.3269258,0.1010003611445427,0.9280177354812622,0.8260243535041809
YPL271W,YBR199W,0,-6.326957,0.10098818689584732,0.9280177354812622,0.8261350989341736
YBR087W,YPL063W,0,-6.327078,0.10097602009773254,0.9280177354812622,0.8262458443641663
YML080W,YJR017C,0,-6.327167,0.10096385329961777,0.9280177354812622,0.8263565897941589
YDL078C,YGR030C,0,-6.3272343,0.10095169395208359,0.9280177354812622,0.8264673352241516
YPR019W,YJL033W,0,-6.327402,0.10093953460454941,0.9280177354812622,0.8265780806541443
YBL016W,YKL175W,0,-6.327456,0.10092737525701523,0.9280177354812622,0.826688826084137
YGR188C,YOL060C,0,-6.327677,0.10091522336006165,0.9280177354812622,0.8267995715141296
YCL001W,YOR004W,0,-6.329822,0.10090307146310806,0.9280177354812622,0.8269103169441223
YBR155W,YOL028C,0,-6.3300977,0.10089091956615448,0.9280177354812622,0.827021062374115
YDR446W,YFL003C,0,-6.330179,0.1008787751197815,0.9280177354812622,0.8271318078041077
YLR380W,YAR007C,0,-6.33023,0.1008666381239891,0.9280177354812622,0.8272425532341003
YDR479C,YDR394W,0,-6.3302836,0.10085449367761612,0.9280177354812622,0.8273532390594482
YOR027W,YKR089C,0,-6.3305016,0.10084235668182373,0.9280177354812622,0.8274639844894409
YLR103C,YDR245W,0,-6.330521,0.10083022713661194,0.9280177354812622,0.8275747299194336
YOL123W,YGR244C,0,-6.331013,0.10081809759140015,0.9280177354812622,0.8276854753494263
YGR060W,YDL120W,0,-6.331283,0.10080596804618835,0.9280177354812622,0.827796220779419
YML113W,YMR305C,0,-6.331346,0.10079383850097656,0.9280177354812622,0.8279069662094116
YJL058C,YIL018W,0,-6.3315153,0.10078171640634537,0.9280177354812622,0.8280177116394043
YNL030W,YKL029C,0,-6.331543,0.10076960176229477,0.9280177354812622,0.828128457069397
YHR011W,YDR485C,0,-6.33198,0.10075748711824417,0.9280177354812622,0.8282392024993896
YJR025C,YBR155W,0,-6.332168,0.10074537247419357,0.9280177354812622,0.8283499479293823
YKL056C,YNL273W,0,-6.3332477,0.10073325783014297,0.9280177354812622,0.828460693359375
YMR047C,YBL039C,0,-6.333581,0.10072115063667297,0.9280177354812622,0.8285714387893677
YKR031C,YMR156C,0,-6.333692,0.10070905089378357,0.9280177354812622,0.8286821842193604
YLL022C,YDL040C,1,-6.333864,0.10081711411476135,0.9291251301765442,0.8286821842193604
YLR025W,YOR256C,0,-6.3341556,0.10080499947071075,0.9291251301765442,0.828792929649353
YEL022W,YOR027W,0,-6.334552,0.10079288482666016,0.9291251301765442,0.8289036750793457
YMR069W,YBR081C,1,-6.334664,0.10090090334415436,0.930232584476471,0.8289036750793457
YMR219W,YMR076C,0,-6.3351674,0.10088878124952316,0.930232584476471,0.8290144205093384
YDL142C,YCR073C,0,-6.335332,0.10087666660547256,0.930232584476471,0.829125165939331
YCL025C,YPL160W,0,-6.3353705,0.10086455196142197,0.930232584476471,0.829235851764679
YOR362C,YPR065W,0,-6.335376,0.10085244476795197,0.930232584476471,0.8293465971946716
YOL026C,YBR289W,0,-6.3353925,0.10084033757448196,0.930232584476471,0.8294573426246643
YER110C,YBR260C,0,-6.3361835,0.10082823038101196,0.930232584476471,0.829568088054657
YPR002W,YOR294W,0,-6.33621,0.10081613063812256,0.930232584476471,0.8296788334846497
YOR193W,YPL123C,0,-6.336489,0.10080403089523315,0.930232584476471,0.8297895789146423
YDL055C,YDR076W,0,-6.336749,0.10079193860292435,0.930232584476471,0.829900324344635
YDR329C,YGL210W,0,-6.336758,0.10077984631061554,0.930232584476471,0.8300110697746277
YLR153C,YLR195C,1,-6.3372297,0.1008877158164978,0.9313399791717529,0.8300110697746277
YFR052W,YML088W,0,-6.33799,0.1008756160736084,0.9313399791717529,0.8301218152046204
YBR073W,YKL196C,0,-6.3387227,0.100863516330719,0.9313399791717529,0.830232560634613
YKL146W,YGL232W,0,-6.33939,0.10085142403841019,0.9313399791717529,0.8303433060646057
YDR288W,YKR002W,0,-6.339504,0.10083933174610138,0.9313399791717529,0.8304540514945984
YJR104C,YCR073W-A,0,-6.339872,0.10082723945379257,0.9313399791717529,0.8305647969245911
YNL258C,YBL106C,0,-6.340078,0.10081515461206436,0.9313399791717529,0.8306755423545837
YNL274C,YPR121W,0,-6.3403506,0.10080306977033615,0.9313399791717529,0.8307862877845764
YLR153C,YIL009W,1,-6.341429,0.10091083496809006,0.9324473738670349,0.8307862877845764
YML023C,YKL154W,0,-6.3414636,0.10089874267578125,0.9324473738670349,0.8308970332145691
YOR335C,YEL062W,0,-6.3423543,0.10088665038347244,0.9324473738670349,0.8310077786445618
YOL094C,YGL137W,0,-6.342706,0.10087456554174423,0.9324473738670349,0.8311184644699097
YML116W,YJR002W,0,-6.342872,0.10086248070001602,0.9324473738670349,0.8312292098999023
YJR070C,YOR275C,0,-6.3429213,0.10085040330886841,0.9324473738670349,0.831339955329895
YGL089C,YKR055W,0,-6.3440723,0.1008383259177208,0.9324473738670349,0.8314507007598877
YFL018C,YMR266W,0,-6.3442645,0.10082624852657318,0.9324473738670349,0.8315614461898804
YKL112W,YBR257W,0,-6.3443213,0.10081417858600616,0.9324473738670349,0.831672191619873
YEL050C,YLL011W,0,-6.3448787,0.10080210864543915,0.9324473738670349,0.8317829370498657
YGL192W,YPL133C,0,-6.344905,0.10079003870487213,0.9324473738670349,0.8318936824798584
YOL124C,YOR106W,0,-6.3449197,0.10077797621488571,0.9324473738670349,0.8320044279098511
YOR239W,YHR124W,0,-6.345285,0.10076591372489929,0.9324473738670349,0.8321151733398438
YMR153W,YOL080C,0,-6.3454194,0.10075385868549347,0.9324473738670349,0.8322259187698364
YJR089W,YOL142W,0,-6.345691,0.10074180364608765,0.9324473738670349,0.8323366641998291
YHR124W,YOR216C,0,-6.3458223,0.10072975605726242,0.9324473738670349,0.8324474096298218
YOR137C,YIL138C,0,-6.345919,0.1007177010178566,0.9324473738670349,0.8325581550598145
YDR435C,YOR297C,0,-6.345937,0.10070566087961197,0.9324473738670349,0.8326689004898071
YML080W,YHR165C,0,-6.3459425,0.10069361329078674,0.9324473738670349,0.8327796459197998
YMR068W,YAR031W,0,-6.3464127,0.10068157315254211,0.9324473738670349,0.8328903913497925
YNL065W,YDR469W,0,-6.346672,0.10066953301429749,0.9324473738670349,0.8330011367797852
YJR070C,YDR498C,0,-6.347383,0.10065750032663345,0.9324473738670349,0.8331118226051331
YLR220W,YAL012W,0,-6.347627,0.10064546763896942,0.9324473738670349,0.8332225680351257
YLR353W,YDR077W,0,-6.3476796,0.10063344240188599,0.9324473738670349,0.8333333134651184
YDR375C,YLR318W,0,-6.347911,0.10062141716480255,0.9324473738670349,0.8334440588951111
YLR303W,YML073C,0,-6.3479314,0.10060939192771912,0.9324473738670349,0.8335548043251038
YFL018C,YJL074C,0,-6.348426,0.10059737414121628,0.9324473738670349,0.8336655497550964
YKL150W,YKR079C,0,-6.3484416,0.10058535635471344,0.9324473738670349,0.8337762951850891
YPL059W,YDR116C,0,-6.3490043,0.1005733385682106,0.9324473738670349,0.8338870406150818
YDL148C,YLR020C,0,-6.3490043,0.10056132823228836,0.9324473738670349,0.8339977860450745
YDL231C,YPR001W,0,-6.3491626,0.10054931789636612,0.9324473738670349,0.8341085314750671
YLR044C,YPR080W,0,-6.3494596,0.10053731501102448,0.9324473738670349,0.8342192769050598
YLR259C,YOR297C,0,-6.3496222,0.10052531212568283,0.9324473738670349,0.8343300223350525
YGR123C,YMR270C,0,-6.350115,0.10051330924034119,0.9324473738670349,0.8344407677650452
YBR050C,YLR020C,0,-6.3501263,0.10050131380558014,0.9324473738670349,0.8345515131950378
YOL059W,YDL059C,0,-6.350365,0.10048931837081909,0.9324473738670349,0.8346622586250305
YCR086W,YPL032C,0,-6.3504243,0.10047733038663864,0.9324473738670349,0.8347730040550232
YPL069C,YCR053W,0,-6.3511415,0.1004653349518776,0.9324473738670349,0.8348837494850159
YKL170W,YGR181W,0,-6.3514233,0.10045335441827774,0.9324473738670349,0.8349944353103638
YGL037C,YBR240C,0,-6.3515725,0.10044136643409729,0.9324473738670349,0.8351051807403564
YJR150C,YCR057C,0,-6.3517256,0.10042938590049744,0.9324473738670349,0.8352159261703491
YNL075W,YPL125W,0,-6.3519473,0.10041741281747818,0.9324473738670349,0.8353266716003418
YPL265W,YOR211C,0,-6.352896,0.10040543973445892,0.9324473738670349,0.8354374170303345
YAL054C,YEL056W,1,-6.353195,0.10051269829273224,0.9335548281669617,0.8354374170303345
YKL017C,YGR213C,0,-6.3539853,0.10050071775913239,0.9335548281669617,0.8355481624603271
YPL155C,YJL129C,0,-6.3541083,0.10048873722553253,0.9335548281669617,0.8356589078903198
YJL115W,YDL040C,1,-6.35415,0.10059595108032227,0.9346622228622437,0.8356589078903198
YFL039C,YHR013C,1,-6.3541627,0.10070313513278961,0.9357696771621704,0.8356589078903198
YIL034C,YPL085W,0,-6.3545594,0.10069113224744797,0.9357696771621704,0.8357696533203125
YJR125C,YOL116W,0,-6.354725,0.10067913681268692,0.9357696771621704,0.8358803987503052
YLL061W,YGL124C,0,-6.3548913,0.10066714137792587,0.9357696771621704,0.8359911441802979
YGL106W,YML031W,0,-6.3558445,0.10065515339374542,0.9357696771621704,0.8361018896102905
YJL074C,YLR181C,0,-6.355984,0.10064316540956497,0.9357696771621704,0.8362126350402832
YJL091C,YGL062W,0,-6.3560033,0.10063117742538452,0.9357696771621704,0.8363233804702759
YNR027W,YKL001C,0,-6.356391,0.10061919689178467,0.9357696771621704,0.8364341259002686
YDL154W,YBR182C,0,-6.356421,0.10060721635818481,0.9357696771621704,0.8365448713302612
YNR026C,YOR148C,0,-6.356565,0.10059523582458496,0.9357696771621704,0.8366556167602539
YGL063W,YGR063C,0,-6.3568034,0.1005832627415657,0.9357696771621704,0.8367663621902466
YHR081W,YKR089C,0,-6.357038,0.10057128965854645,0.9357696771621704,0.8368770480155945
YLR192C,YNL070W,0,-6.357202,0.10055932402610779,0.9357696771621704,0.8369877934455872
YOR233W,YEL041W,0,-6.3572526,0.10054735839366913,0.9357696771621704,0.8370985388755798
YLR411W,YDR280W,0,-6.3574777,0.10053539276123047,0.9357696771621704,0.8372092843055725
YDR245W,YBR024W,0,-6.358171,0.1005234345793724,0.9357696771621704,0.8373200297355652
YHR036W,YNR011C,0,-6.3586736,0.10051147639751434,0.9357696771621704,0.8374307751655579
YER003C,YLR301W,0,-6.358894,0.10049952566623688,0.9357696771621704,0.8375415205955505
YFR019W,YGR244C,0,-6.3591766,0.10048757493495941,0.9357696771621704,0.8376522660255432
YOR322C,YJL050W,0,-6.3593802,0.10047562420368195,0.9357696771621704,0.8377630114555359
YML080W,YPL122C,0,-6.359933,0.10046368092298508,0.9357696771621704,0.8378737568855286
YGR246C,YMR006C,0,-6.360001,0.10045173764228821,0.9357696771621704,0.8379845023155212
YOR204W,YPR037C,0,-6.3603225,0.10043979436159134,0.9357696771621704,0.8380952477455139
YPL242C,YHR004C,0,-6.361374,0.10042785853147507,0.9357696771621704,0.8382059931755066
YPR132W,YMR101C,0,-6.3614335,0.1004159227013588,0.9357696771621704,0.8383167386054993
YNL173C,YCL063W,0,-6.3615108,0.10040399432182312,0.9357696771621704,0.8384274840354919
YDR214W,YOR355W,0,-6.3615522,0.10039206594228745,0.9357696771621704,0.8385382294654846
YMR199W,YJR127C,0,-6.361935,0.10038013756275177,0.9357696771621704,0.8386489748954773
YFL037W,YML027W,0,-6.361959,0.10036821663379669,0.9357696771621704,0.8387596607208252
YEL022W,YOR032C,0,-6.362195,0.10035629570484161,0.9357696771621704,0.8388704061508179
YHR013C,YNL326C,1,-6.362642,0.1004631295800209,0.9368770718574524,0.8388704061508179
YNL172W,YDL085W,0,-6.3628554,0.10045120120048523,0.9368770718574524,0.8389811515808105
YOR037W,YML032C,0,-6.3628917,0.10043927282094955,0.9368770718574524,0.8390918970108032
YBR192W,YHR021C,0,-6.3629265,0.10042735189199448,0.9368770718574524,0.8392026424407959
YFR040W,YOL055C,0,-6.363275,0.1004154309630394,0.9368770718574524,0.8393133878707886
YLR153C,YLL022C,1,-6.363672,0.10052219033241272,0.9379844665527344,0.8393133878707886
YOR239W,YPR100W,0,-6.3639297,0.10051026195287704,0.9379844665527344,0.8394241333007812
YFR055W,YDR122W,0,-6.3640075,0.10049834102392197,0.9379844665527344,0.8395348787307739
YFR028C,YJL010C,0,-6.364444,0.10048641264438629,0.9379844665527344,0.8396456241607666
YIL119C,YNR026C,0,-6.3651814,0.10047449916601181,0.9379844665527344,0.8397563695907593
YER015W,YEL066W,1,-6.365233,0.10058119148015976,0.9390919208526611,0.8397563695907593
YLR328W,YDR083W,0,-6.365929,0.10056926310062408,0.9390919208526611,0.839867115020752
YLR160C,YDR293C,0,-6.36641,0.10055733472108841,0.9390919208526611,0.8399778604507446
YPL194W,YCL040W,0,-6.3667426,0.10054541379213333,0.9390919208526611,0.8400886058807373
YBR121C,YLR234W,0,-6.366863,0.10053349286317825,0.9390919208526611,0.84019935131073
YMR173W,YOR380W,0,-6.3669367,0.10052157193422318,0.9390919208526611,0.8403100967407227
YHR019C,YFL016C,0,-6.3680673,0.1005096584558487,0.9390919208526611,0.8404208421707153
YOR265W,YPL029W,0,-6.368112,0.10049774497747421,0.9390919208526611,0.840531587600708
YKR076W,YJR160C,0,-6.3684134,0.10048583894968033,0.9390919208526611,0.8406423330307007
YPR057W,YOR148C,0,-6.368482,0.10047393292188644,0.9390919208526611,0.8407530188560486
YLR304C,YKL048C,0,-6.3686366,0.10046202689409256,0.9390919208526611,0.8408637642860413
YDR206W,YDR190C,0,-6.3690133,0.10045012831687927,0.9390919208526611,0.8409745097160339
YDR103W,YMR203W,0,-6.369777,0.10043822973966599,0.9390919208526611,0.8410852551460266
YLR215C,YGR091W,0,-6.370359,0.1004263386130333,0.9390919208526611,0.8411960005760193
YBR085W,YMR225C,0,-6.370395,0.1004144474864006,0.9390919208526611,0.841306746006012
YLL022C,YOL110W,1,-6.370612,0.10052095353603363,0.9401993155479431,0.841306746006012
YLR134W,YLR266C,0,-6.3706126,0.10050905495882034,0.9401993155479431,0.8414174914360046
YPL256C,YGL136C,0,-6.370623,0.10049715638160706,0.9401993155479431,0.8415282368659973
YER088C,YGR081C,0,-6.37102,0.10048526525497437,0.9401993155479431,0.84163898229599
YOR026W,YMR096W,0,-6.3713255,0.10047337412834167,0.9401993155479431,0.8417497277259827
YHR059W,YNL055C,0,-6.371471,0.10046148300170898,0.9401993155479431,0.8418604731559753
YBR121C,YMR272C,0,-6.372191,0.10044959932565689,0.9401993155479431,0.841971218585968
YOR160W,YER072W,0,-6.3723645,0.1004377156496048,0.9401993155479431,0.8420819640159607
YPR120C,YMR047C,0,-6.3726993,0.1004258319735527,0.9401993155479431,0.8421927094459534
YPR140W,YBR006W,0,-6.373478,0.10041395574808121,0.9401993155479431,0.842303454875946
YPL149W,YNL339C,0,-6.374475,0.10040207952260971,0.9401993155479431,0.8424142003059387
YNL068C,YDR059C,0,-6.3747916,0.10039021074771881,0.9401993155479431,0.8425249457359314
YPL163C,YBR165W,0,-6.3748374,0.10037834197282791,0.9401993155479431,0.8426356315612793
YPL255W,YGR199W,0,-6.3760004,0.10036647319793701,0.9401993155479431,0.842746376991272
YHR160C,YDL170W,0,-6.376156,0.10035461187362671,0.9401993155479431,0.8428571224212646
YER054C,YOR123C,0,-6.376265,0.1003427505493164,0.9401993155479431,0.8429678678512573
YOR025W,YER031C,0,-6.376266,0.1003308892250061,0.9401993155479431,0.84307861328125
YOR034C,YNL326C,1,-6.3765025,0.10043719410896301,0.9413067698478699,0.84307861328125
YOR027W,YJL154C,0,-6.3767915,0.10042533278465271,0.9413067698478699,0.8431893587112427
YKL191W,YJL034W,0,-6.3768086,0.10041346400976181,0.9413067698478699,0.8433001041412354
YFR024C-A,YAR008W,0,-6.3770857,0.1004016101360321,0.9413067698478699,0.843410849571228
YOL090W,YML055W,0,-6.3771377,0.1003897488117218,0.9413067698478699,0.8435215950012207
YDR126W,YOR064C,1,-6.3782325,0.10049598664045334,0.9424141645431519,0.8435215950012207
YCL017C,YBL093C,0,-6.3784347,0.10048411786556244,0.9424141645431519,0.8436323404312134
YCR089W,YML004C,0,-6.3785186,0.10047225654125214,0.9424141645431519,0.843743085861206
YNL327W,YER111C,0,-6.378584,0.10046039521694183,0.9424141645431519,0.8438538312911987
YMR142C,YGR047C,0,-6.3787494,0.10044853389263153,0.9424141645431519,0.8439645767211914
YPL078C,YMR175W,0,-6.378836,0.10043668001890182,0.9424141645431519,0.8440753221511841
YLR157C,YGL003C,0,-6.379394,0.10042482614517212,0.9424141645431519,0.8441860675811768
YMR142C,YLR337C,0,-6.3796268,0.10041297972202301,0.9424141645431519,0.8442968130111694
YJL033W,YDL236W,0,-6.3797693,0.1004011332988739,0.9424141645431519,0.8444075584411621
YMR246W,YMR069W,1,-6.380728,0.10050725191831589,0.9435216188430786,0.8444075584411621
YMR280C,YDL194W,0,-6.3808193,0.10049539804458618,0.9435216188430786,0.84451824426651
YJR104C,YDR346C,0,-6.3814197,0.10048354417085648,0.9435216188430786,0.8446289896965027
YGR113W,YIL154C,0,-6.381726,0.10047169774770737,0.9435216188430786,0.8447397351264954
YPL208W,YOL124C,0,-6.3819146,0.10045985132455826,0.9435216188430786,0.844850480556488
YPL069C,YPR070W,0,-6.3823256,0.10044800490140915,0.9435216188430786,0.8449612259864807
YKL194C,YDR324C,0,-6.38261,0.10043616592884064,0.9435216188430786,0.8450719714164734
YER159C,YBR154C,0,-6.3832517,0.10042432695627213,0.9435216188430786,0.8451827168464661
YGL166W,YKL214C,0,-6.3839173,0.10041249543428421,0.9435216188430786,0.8452934622764587
YBR199W,YML014W,0,-6.384516,0.1004006564617157,0.9435216188430786,0.8454042077064514
YNR053C,YLR298C,0,-6.3849616,0.10038883239030838,0.9435216188430786,0.8455149531364441
YNR075W,YLR394W,0,-6.3859067,0.10037700086832047,0.9435216188430786,0.8456256985664368
YPL098C,YPR112C,0,-6.385987,0.10036517679691315,0.9435216188430786,0.8457364439964294
YBR192W,YFR003C,0,-6.387072,0.10035336017608643,0.9435216188430786,0.8458471894264221
YJL208C,YLR277C,0,-6.387221,0.10034153610467911,0.9435216188430786,0.8459579348564148
YOL023W,YBR143C,0,-6.38723,0.10032971948385239,0.9435216188430786,0.8460686802864075
YDR170C,YMR104C,0,-6.3876405,0.10031791031360626,0.9435216188430786,0.8461794257164001
YBR057C,YHR196W,0,-6.3879685,0.10030610114336014,0.9435216188430786,0.8462901711463928
YLR205C,YOR361C,0,-6.388397,0.10029429197311401,0.9435216188430786,0.8464008569717407
YGL226C-A,YJR145C,0,-6.3889995,0.10028248280286789,0.9435216188430786,0.8465116024017334
YLR215C,YOL061W,0,-6.3892417,0.10027068108320236,0.9435216188430786,0.8466223478317261
YNR074C,YBL002W,0,-6.389259,0.10025888681411743,0.9435216188430786,0.8467330932617188
YGL029W,YIL160C,0,-6.389705,0.1002470850944519,0.9435216188430786,0.8468438386917114
YOL123W,YGR129W,0,-6.3903975,0.10023529082536697,0.9435216188430786,0.8469545841217041
YMR224C,YDL194W,0,-6.390581,0.10022350400686264,0.9435216188430786,0.8470653295516968
YDR085C,YKL055C,0,-6.390622,0.1002117171883583,0.9435216188430786,0.8471760749816895
YPL160W,YGR091W,0,-6.3906403,0.10019993036985397,0.9435216188430786,0.8472868204116821
YHR089C,YLR382C,0,-6.3911147,0.10018814355134964,0.9435216188430786,0.8473975658416748
YAL054C,YDL040C,1,-6.3911204,0.10029394179582596,0.9446290135383606,0.8473975658416748
YPL188W,YDR293C,0,-6.392392,0.10028215497732162,0.9446290135383606,0.8475083112716675
YDR385W,YPL206C,0,-6.3926826,0.10027036815881729,0.9446290135383606,0.8476190567016602
YOR031W,YPL124W,0,-6.392843,0.10025858134031296,0.9446290135383606,0.8477298021316528
YMR224C,YIL122W,0,-6.393864,0.10024679452180862,0.9446290135383606,0.8478405475616455
YKL170W,YOR206W,0,-6.393994,0.10023501515388489,0.9446290135383606,0.8479512929916382
YLR394W,YLR403W,0,-6.394448,0.10022324323654175,0.9446290135383606,0.8480620384216309
YML129C,YKL034W,0,-6.3947306,0.10021146386861801,0.9446290135383606,0.8481727838516235
YPL001W,YNL326C,1,-6.3953156,0.10031716525554657,0.9457364082336426,0.8481727838516235
YHR026W,YKL038W,0,-6.3957276,0.10030537843704224,0.9457364082336426,0.8482834696769714
YFR046C,YNL128W,0,-6.3957953,0.1002935990691185,0.9457364082336426,0.8483942151069641
YLR192C,YHR005C-A,0,-6.395884,0.10028181970119476,0.9457364082336426,0.8485049605369568
YKL205W,YNL016W,0,-6.396211,0.10027004778385162,0.9457364082336426,0.8486157059669495
YNL274C,YFL031W,0,-6.396272,0.10025827586650848,0.9457364082336426,0.8487264513969421
YPL240C,YNL147W,0,-6.3963385,0.10024651139974594,0.9457364082336426,0.8488371968269348
YAL054C,YPL129W,1,-6.397252,0.10035211592912674,0.9468438625335693,0.8488371968269348
YNL225C,YPR046W,0,-6.3980613,0.100340336561203,0.9468438625335693,0.8489479422569275
YER161C,YDR165W,0,-6.3987317,0.10032856464385986,0.9468438625335693,0.8490586876869202
YBR029C,YOR132W,0,-6.3987584,0.10031679272651672,0.9468438625335693,0.8491694331169128
YNL298W,YFL017W-A,0,-6.3991466,0.10030502080917358,0.9468438625335693,0.8492801785469055
YPR190C,YIR018W,0,-6.3992047,0.10029325634241104,0.9468438625335693,0.8493909239768982
YKL009W,YMR272C,0,-6.3993325,0.1002814918756485,0.9468438625335693,0.8495016694068909
YLR216C,YIL167W,0,-6.3993382,0.10026973485946655,0.9468438625335693,0.8496124148368835
YHR089C,YNL210W,0,-6.3996377,0.10025797039270401,0.9468438625335693,0.8497231602668762
YGR152C,YKL122C,0,-6.399958,0.10024622082710266,0.9468438625335693,0.8498339056968689
YLR195C,YDR167W,1,-6.400036,0.10035169869661331,0.9479512572288513,0.8498339056968689
YOL110W,YOR064C,1,-6.400628,0.10045715421438217,0.9490587115287781,0.8498339056968689
YBR257W,YOR332W,0,-6.4008527,0.10044538229703903,0.9490587115287781,0.8499446511268616
YPL101W,YCR037C,0,-6.401359,0.10043361037969589,0.9490587115287781,0.8500553965568542
YJR104C,YNL339C,0,-6.401856,0.10042183846235275,0.9490587115287781,0.8501661419868469
YHR013C,YIL009W,1,-6.402406,0.10052724182605743,0.9501661062240601,0.8501661419868469
YBR023C,YOR256C,0,-6.4029303,0.1005154624581337,0.9501661062240601,0.8502768278121948
YGR157W,YCR067C,0,-6.403025,0.10050369054079056,0.9501661062240601,0.8503875732421875
YNL151C,YNL032W,0,-6.403685,0.10049191862344742,0.9501661062240601,0.8504983186721802
YDR256C,YMR276W,0,-6.4037642,0.10048014670610428,0.9501661062240601,0.8506090641021729
YLL042C,YMR237W,0,-6.4044375,0.10046838223934174,0.9501661062240601,0.8507198095321655
YGL044C,YIR012W,0,-6.4045596,0.1004566177725792,0.9501661062240601,0.8508305549621582
YGR262C,YNL079C,0,-6.4048634,0.10044486075639725,0.9501661062240601,0.8509413003921509
YJR025C,YER111C,0,-6.40558,0.1004331037402153,0.9501661062240601,0.8510520458221436
YDR459C,YDR126W,1,-6.4057794,0.10053838789463043,0.9512735605239868,0.8510520458221436
YLR293C,YEL062W,0,-6.407158,0.10052662342786789,0.9512735605239868,0.8511627912521362
YOL026C,YGL122C,0,-6.4072866,0.10051485896110535,0.9512735605239868,0.8512735366821289
YOR236W,YJR086W,0,-6.4075446,0.1005031019449234,0.9512735605239868,0.8513842821121216
YKL192C,YHR006W,0,-6.407557,0.10049134492874146,0.9512735605239868,0.8514950275421143
YMR188C,YPL011C,0,-6.4079995,0.10047958791255951,0.9512735605239868,0.8516057729721069
YMR177W,YPR074C,0,-6.408444,0.10046783834695816,0.9512735605239868,0.8517165184020996
YNR046W,YMR088C,0,-6.4084535,0.10045608878135681,0.9512735605239868,0.8518272638320923
YMR116C,YNR048W,0,-6.4085946,0.10044433921575546,0.9512735605239868,0.851938009262085
YMR015C,YKL073W,0,-6.4089894,0.10043259710073471,0.9512735605239868,0.8520487546920776
YDR159W,YPL239W,0,-6.4094152,0.10042085498571396,0.9512735605239868,0.8521594405174255
YPL006W,YPL188W,0,-6.409706,0.1004091203212738,0.9512735605239868,0.8522701859474182
YKL178C,YOL124C,0,-6.4102416,0.10039738565683365,0.9512735605239868,0.8523809313774109
YLR014C,YMR266W,0,-6.4103227,0.1003856509923935,0.9512735605239868,0.8524916768074036
YJL033W,YEL016C,0,-6.410338,0.10037391632795334,0.9512735605239868,0.8526024222373962
YBR093C,YBR231C,0,-6.4104967,0.10036218911409378,0.9512735605239868,0.8527131676673889
YLR284C,YOR217W,0,-6.410538,0.10035046935081482,0.9512735605239868,0.8528239130973816
YDR173C,YLR265C,0,-6.4107757,0.10033874213695526,0.9512735605239868,0.8529346585273743
YNR001C,YHR011W,0,-6.411094,0.1003270298242569,0.9512735605239868,0.8530454039573669
YNL026W,YML027W,0,-6.4115562,0.10031531006097794,0.9512735605239868,0.8531561493873596
YBR199W,YKL194C,0,-6.411785,0.10030359774827957,0.9512735605239868,0.8532668948173523
YIL004C,YNL098C,0,-6.411965,0.10029188543558121,0.9512735605239868,0.853377640247345
YBL002W,YML038C,0,-6.4120846,0.10028018057346344,0.9512735605239868,0.8534883856773376
YDR459C,YOL110W,1,-6.4126925,0.10038519650697708,0.9523809552192688,0.8534883856773376
YBL050W,YGL210W,0,-6.4128966,0.10037348419427872,0.9523809552192688,0.8535991311073303
YER015W,YOL110W,1,-6.413112,0.10047847032546997,0.9534883499145508,0.8535991311073303
YHR174W,YDL111C,0,-6.413142,0.10046674311161041,0.9534883499145508,0.853709876537323
YKL017C,YDL039C,0,-6.413936,0.10045502334833145,0.9534883499145508,0.8538206219673157
YHR187W,YGL236C,0,-6.414008,0.10044330358505249,0.9534883499145508,0.8539313673973083
YAL012W,YHR074W,0,-6.4140906,0.10043158382177353,0.9534883499145508,0.8540420532226562
YNL062C,YDR369C,0,-6.4144216,0.10041987150907516,0.9534883499145508,0.8541527986526489
YBR294W,YPL020C,0,-6.4144716,0.1004081666469574,0.9534883499145508,0.8542635440826416
YDR096W,YNL241C,0,-6.415281,0.10039645433425903,0.9534883499145508,0.8543742895126343
YOL064C,YDL213C,0,-6.4153147,0.10038474947214127,0.9534883499145508,0.854485034942627
YCL054W,YDR464W,0,-6.4159684,0.1003730446100235,0.9534883499145508,0.8545957803726196
YDR179C,YKR048C,0,-6.41657,0.10036134719848633,0.9534883499145508,0.8547065258026123
YAR018C,YGR129W,0,-6.4167323,0.10034964978694916,0.9534883499145508,0.854817271232605
YLR270W,YNL262W,0,-6.4167876,0.10033795237541199,0.9534883499145508,0.8549280166625977
YCL010C,YDR126W,1,-6.4168277,0.1004427894949913,0.9545958042144775,0.8549280166625977
YLR205C,YER087C-B,0,-6.417295,0.10043108463287354,0.9545958042144775,0.8550387620925903
YPL061W,YBR207W,0,-6.417853,0.10041938722133636,0.9545958042144775,0.855149507522583
YPL212C,YER161C,0,-6.4185348,0.1004076898097992,0.9545958042144775,0.8552602529525757
YML099C,YAL025C,0,-6.4193363,0.10039599239826202,0.9545958042144775,0.8553709983825684
YPL100W,YER070W,0,-6.4197865,0.10038430243730545,0.9545958042144775,0.855481743812561
YER032W,YLR066W,0,-6.419911,0.10037261247634888,0.9545958042144775,0.8555924892425537
YHR143W-A,YNL202W,0,-6.420365,0.1003609299659729,0.9545958042144775,0.8557032346725464
YFL033C,YKR056W,0,-6.4212904,0.10034924000501633,0.9545958042144775,0.8558139801025391
YGR180C,YMR263W,0,-6.4213743,0.10033756494522095,0.9545958042144775,0.855924665927887
YKR009C,YGR028W,0,-6.4214997,0.10032588243484497,0.9545958042144775,0.8560354113578796
YDR376W,YFL026W,0,-6.4219084,0.10031420737504959,0.9545958042144775,0.8561461567878723
YHR034C,YNL202W,0,-6.4219136,0.10030253976583481,0.9545958042144775,0.856256902217865
YPL098C,YEL004W,0,-6.4226003,0.10029086470603943,0.9545958042144775,0.8563676476478577
YMR029C,YLR384C,0,-6.4227924,0.10027919709682465,0.9545958042144775,0.8564783930778503
YDL160C,YDR309C,0,-6.423019,0.10026753693819046,0.9545958042144775,0.856589138507843
YGL027C,YPL110C,0,-6.423099,0.10025587677955627,0.9545958042144775,0.8566998839378357
YJL115W,YIL009W,1,-6.424015,0.10036050528287888,0.9557031989097595,0.8566998839378357
YLR097C,YLR335W,0,-6.424313,0.10034883767366409,0.9557031989097595,0.8568106293678284
YLR098C,YDR055W,0,-6.424641,0.10033717006444931,0.9557031989097595,0.856921374797821
YFL021W,YIR041W,0,-6.4246483,0.10032550245523453,0.9557031989097595,0.8570321202278137
YOR321W,YOL010W,0,-6.4247165,0.10031384229660034,0.9557031989097595,0.8571428656578064
YKL192C,YIL022W,0,-6.4254856,0.10030218213796616,0.9557031989097595,0.8572536110877991
YJR033C,YAR007C,0,-6.4259577,0.10029052942991257,0.9557031989097595,0.8573643565177917
YOL001W,YPR054W,0,-6.425982,0.10027887672185898,0.9557031989097595,0.8574751019477844
YGR088W,YLR262C,0,-6.4265924,0.10026722401380539,0.9557031989097595,0.8575858473777771
YHR188C,YNR017W,0,-6.4272265,0.1002555787563324,0.9557031989097595,0.8576965928077698
YDR518W,YLR193C,0,-6.427877,0.1002439334988594,0.9557031989097595,0.8578073382377625
YMR015C,YGR070W,0,-6.427899,0.10023228824138641,0.9557031989097595,0.8579180240631104
YER167W,YPL012W,0,-6.4280586,0.10022065043449402,0.9557031989097595,0.858028769493103
YPR005C,YKL194C,0,-6.4281783,0.10020901262760162,0.9557031989097595,0.8581395149230957
YBR234C,YIL038C,0,-6.4287143,0.10019737482070923,0.9557031989097595,0.8582502603530884
YCL035C,YNL009W,0,-6.4295397,0.10018574446439743,0.9557031989097595,0.858361005783081
YML086C,YJL052W,0,-6.429785,0.10017411410808563,0.9557031989097595,0.8584717512130737
YDL040C,YNL326C,1,-6.4299207,0.10027854889631271,0.9568106532096863,0.8584717512130737
YIL084C,YNL154C,0,-6.430081,0.10026691108942032,0.9568106532096863,0.8585824966430664
YBL098W,YMR053C,0,-6.4305444,0.10025528073310852,0.9568106532096863,0.8586932420730591
YNL029C,YOR230W,0,-6.430651,0.10024365037679672,0.9568106532096863,0.8588039875030518
YBR004C,YNL055C,0,-6.430759,0.10023202002048492,0.9568106532096863,0.8589147329330444
YLR233C,YPL242C,0,-6.4310555,0.10022038966417313,0.9568106532096863,0.8590254783630371
YLR051C,YIL053W,0,-6.4314113,0.10020876675844193,0.9568106532096863,0.8591362237930298
YKL192C,YDR052C,0,-6.431743,0.10019714385271072,0.9568106532096863,0.8592469692230225
YER044C,YFR019W,0,-6.4321513,0.10018552839756012,0.9568106532096863,0.8593577146530151
YDR101C,YDR235W,0,-6.433064,0.10017391294240952,0.9568106532096863,0.8594684600830078
YKR027W,YJL125C,0,-6.4330707,0.10016229748725891,0.9568106532096863,0.8595792055130005
YPL086C,YMR202W,0,-6.4338746,0.1001506894826889,0.9568106532096863,0.8596899509429932
YNL288W,YML123C,0,-6.433969,0.1001390814781189,0.9568106532096863,0.8598006367683411
YNL275W,YGR244C,0,-6.4341326,0.10012747347354889,0.9568106532096863,0.8599113821983337
YNR075W,YOR095C,0,-6.4344296,0.10011587291955948,0.9568106532096863,0.8600221276283264
YCL032W,YDR165W,0,-6.4349113,0.10010427236557007,0.9568106532096863,0.8601328730583191
YDL115C,YKL034W,0,-6.4349155,0.10009267926216125,0.9568106532096863,0.8602436184883118
YJL203W,YJL129C,0,-6.435038,0.10008108615875244,0.9568106532096863,0.8603543639183044
YML004C,YPR006C,0,-6.435783,0.10006949305534363,0.9568106532096863,0.8604651093482971
YNR044W,YOR233W,0,-6.435821,0.10005790740251541,0.9568106532096863,0.8605758547782898
YPL069C,YBR294W,0,-6.4363284,0.1000463142991066,0.9568106532096863,0.8606866002082825
YPL159C,YDR325W,0,-6.436413,0.10003473609685898,0.9568106532096863,0.8607973456382751
YDL149W,YLR201C,0,-6.436647,0.10002315044403076,0.9568106532096863,0.8609080910682678
YNL065W,YGL207W,0,-6.436856,0.10001157224178314,0.9568106532096863,0.8610188364982605
YDL200C,YGR258C,0,-6.4369597,0.10000000149011612,0.9568106532096863,0.8611295819282532
YAL007C,YJL146W,0,-6.4369717,0.0999884307384491,0.9568106532096863,0.8612403273582458
YLR284C,YOL031C,0,-6.437156,0.09997685998678207,0.9568106532096863,0.8613510727882385
YBR024W,YNL088W,0,-6.437631,0.09996528923511505,0.9568106532096863,0.8614618182182312
YKL029C,YNL012W,0,-6.438054,0.09995372593402863,0.9568106532096863,0.8615725636482239
YNL112W,YLL043W,0,-6.438226,0.0999421626329422,0.9568106532096863,0.8616832494735718
YLR095C,YHR031C,0,-6.4394107,0.09993060678243637,0.9568106532096863,0.8617939949035645
YER054C,YER005W,0,-6.439688,0.09991904348134995,0.9568106532096863,0.8619047403335571
YER119C,YFL011W,0,-6.4400525,0.09990749508142471,0.9568106532096863,0.8620154857635498
YMR266W,YOR230W,0,-6.4403715,0.09989593923091888,0.9568106532096863,0.8621262311935425
YLR231C,YDL236W,0,-6.441034,0.09988439083099365,0.9568106532096863,0.8622369766235352
YML012W,YGR275W,0,-6.441257,0.09987284988164902,0.9568106532096863,0.8623477220535278
YNL302C,YBL061C,0,-6.4415727,0.09986130148172379,0.9568106532096863,0.8624584674835205
YDR206W,YKL166C,0,-6.443149,0.09984976053237915,0.9568106532096863,0.8625692129135132
YNR027W,YNL164C,0,-6.4433017,0.09983822703361511,0.9568106532096863,0.8626799583435059
YPL076W,YLR134W,0,-6.4434643,0.09982668608427048,0.9568106532096863,0.8627907037734985
YNL220W,YLR277C,0,-6.443517,0.09981516003608704,0.9568106532096863,0.8629014492034912
YNL112W,YEL065W,0,-6.4436584,0.099803626537323,0.9568106532096863,0.8630121946334839
YLR106C,YGL227W,0,-6.4437675,0.09979210048913956,0.9568106532096863,0.8631229400634766
YOR371C,YOL101C,0,-6.444054,0.09978057444095612,0.9568106532096863,0.8632336854934692
YBL078C,YBR193C,0,-6.4446816,0.09976905584335327,0.9568106532096863,0.8633444309234619
YNL153C,YPR113W,0,-6.4454055,0.09975753724575043,0.9568106532096863,0.8634551763534546
YDR256C,YKR003W,0,-6.4458404,0.09974601864814758,0.9568106532096863,0.8635658621788025
YKL062W,YCL043C,0,-6.446069,0.09973450005054474,0.9568106532096863,0.8636766076087952
YOR094W,YBL106C,0,-6.446372,0.09972298890352249,0.9568106532096863,0.8637873530387878
YDR511W,YBR154C,0,-6.4464984,0.09971148520708084,0.9568106532096863,0.8638980984687805
YML049C,YML005W,0,-6.4466596,0.0996999740600586,0.9568106532096863,0.8640088438987732
YNR054C,YAL056W,0,-6.446962,0.09968847036361694,0.9568106532096863,0.8641195893287659
YFL014W,YLR016C,0,-6.4469953,0.09967697411775589,0.9568106532096863,0.8642303347587585
YNL065W,YJR004C,0,-6.4471164,0.09966547787189484,0.9568106532096863,0.8643410801887512
YOR245C,YOL055C,0,-6.4471927,0.09965398162603378,0.9568106532096863,0.8644518256187439
YJR155W,YML064C,0,-6.4472375,0.09964248538017273,0.9568106532096863,0.8645625710487366
YGL055W,YDL020C,0,-6.4474926,0.09963099658489227,0.9568106532096863,0.8646733164787292
YJL034W,YIL117C,0,-6.4490385,0.09961950778961182,0.9568106532096863,0.8647840619087219
YOL082W,YPL248C,0,-6.4492583,0.09960802644491196,0.9568106532096863,0.8648948073387146
YOL123W,YKL117W,0,-6.449331,0.0995965451002121,0.9568106532096863,0.8650055527687073
YIR013C,YOL067C,0,-6.4498315,0.09958506375551224,0.9568106532096863,0.8651162981987
YPL239W,YMR087W,0,-6.45016,0.09957358241081238,0.9568106532096863,0.8652270436286926
YPL135W,YJL093C,0,-6.4508176,0.09956210851669312,0.9568106532096863,0.8653377890586853
YGR169C,YHR143W-A,0,-6.451287,0.09955064207315445,0.9568106532096863,0.865448534488678
YNL280C,YNL160W,0,-6.452177,0.09953916817903519,0.9568106532096863,0.8655592203140259
YAL056W,YIR012W,0,-6.4526677,0.09952770173549652,0.9568106532096863,0.8656699657440186
YOR063W,YGR281W,0,-6.4528046,0.09951624274253845,0.9568106532096863,0.8657807111740112
YBL075C,YHR181W,0,-6.453237,0.09950477629899979,0.9568106532096863,0.8658914566040039
YLR381W,YDR407C,0,-6.453284,0.09949332475662231,0.9568106532096863,0.8660022020339966
YLR231C,YKL018W,0,-6.453743,0.09948186576366425,0.9568106532096863,0.8661129474639893
YGL089C,YPR100W,0,-6.454185,0.09947041422128677,0.9568106532096863,0.8662236928939819
YCR009C,YGR111W,0,-6.4544396,0.0994589626789093,0.9568106532096863,0.8663344383239746
YER068W,YNL007C,0,-6.455952,0.09944751113653183,0.9568106532096863,0.8664451837539673
YFL016C,YOR182C,0,-6.4560275,0.09943606704473495,0.9568106532096863,0.86655592918396
YHR096C,YBR171W,0,-6.457041,0.09942462295293808,0.9568106532096863,0.8666666746139526
YOL133W,YBR079C,0,-6.4572644,0.0994131863117218,0.9568106532096863,0.8667774200439453
YOL008W,YLR372W,0,-6.45759,0.09940174967050552,0.9568106532096863,0.866888165473938
YGL065C,YLR068W,0,-6.457707,0.09939031302928925,0.9568106532096863,0.8669989109039307
YKR046C,YDR489W,0,-6.4578605,0.09937888383865356,0.9568106532096863,0.8671096563339233
YER095W,YFR052W,0,-6.459706,0.09936745464801788,0.9568106532096863,0.867220401763916
YDR473C,YMR235C,0,-6.459859,0.0993560254573822,0.9568106532096863,0.8673311471939087
YDL130W-A,YJL004C,0,-6.4600945,0.09934460371732712,0.9568106532096863,0.8674418330192566
YHR135C,YGR285C,0,-6.4602675,0.09933318197727203,0.9568106532096863,0.8675525784492493
YDR106W,YDR247W,0,-6.460343,0.09932176023721695,0.9568106532096863,0.8676633238792419
YOR377W,YDR450W,0,-6.4606376,0.09931034594774246,0.9568106532096863,0.8677740693092346
YNL220W,YOL068C,0,-6.4611316,0.09929893165826797,0.9568106532096863,0.8678848147392273
YAL030W,YHR172W,0,-6.4614596,0.09928751736879349,0.9568106532096863,0.86799556016922
YER088C,YDL130W-A,0,-6.461978,0.0992761105298996,0.9568106532096863,0.8681063055992126
YCR107W,YMR015C,0,-6.4623256,0.0992647036910057,0.9568106532096863,0.8682170510292053
YOR136W,YOR230W,0,-6.4624944,0.09925330430269241,0.9568106532096863,0.868327796459198
YDR365C,YML055W,0,-6.462663,0.09924190491437912,0.9568106532096863,0.8684385418891907
YOR377W,YDL195W,0,-6.462773,0.09923050552606583,0.9568106532096863,0.8685492873191833
YOL055C,YLR090W,0,-6.4629383,0.09921910613775253,0.9568106532096863,0.868660032749176
YGR113W,YPL043W,0,-6.4636626,0.09920771420001984,0.9568106532096863,0.8687707781791687
YMR276W,YKL079W,0,-6.4639544,0.09919632971286774,0.9568106532096863,0.8688815236091614
YNL053W,YDR091C,0,-6.4645157,0.09918493777513504,0.9568106532096863,0.868992269039154
YDL099W,YDR190C,0,-6.4646354,0.09917355328798294,0.9568106532096863,0.8691030144691467
YLR405W,YLR084C,0,-6.4646816,0.09916216880083084,0.9568106532096863,0.8692137598991394
YPR119W,YOR322C,0,-6.4650216,0.09915079176425934,0.9568106532096863,0.8693244457244873
YER006W,YGR258C,0,-6.465389,0.09913941472768784,0.9568106532096863,0.86943519115448
YPL110C,YJL045W,0,-6.4655566,0.09912803769111633,0.9568106532096863,0.8695459365844727
YML023C,YFR051C,0,-6.465868,0.09911666810512543,0.9568106532096863,0.8696566820144653
YDR375C,YDR279W,0,-6.466054,0.09910529851913452,0.9568106532096863,0.869767427444458
YIL070C,YIL022W,0,-6.466068,0.09909393638372421,0.9568106532096863,0.8698781728744507
YKL166C,YMR218C,0,-6.4663167,0.0990825667977333,0.9568106532096863,0.8699889183044434
YNL023C,YPR002W,0,-6.466699,0.099071204662323,0.9568106532096863,0.870099663734436
YGL126W,YLR403W,0,-6.4667096,0.09905984997749329,0.9568106532096863,0.8702104091644287
YCR002C,YDR256C,0,-6.4667687,0.09904849529266357,0.9568106532096863,0.8703211545944214
YPL160W,YDL200C,0,-6.466799,0.09903714060783386,0.9568106532096863,0.8704319000244141
YNR056C,YDL135C,0,-6.4673743,0.09902578592300415,0.9568106532096863,0.8705426454544067
YPR200C,YFL018C,0,-6.4674354,0.09901443868875504,0.9568106532096863,0.8706533908843994
YNL274C,YMR270C,0,-6.467588,0.09900309145450592,0.9568106532096863,0.8707641363143921
YDL039C,YFL002C,0,-6.468436,0.0989917516708374,0.9568106532096863,0.8708748817443848
YMR225C,YPR100W,0,-6.468535,0.09898041188716888,0.9568106532096863,0.8709856271743774
YMR033W,YBR079C,0,-6.469254,0.09896907210350037,0.9568106532096863,0.8710963726043701
YJL020C,YJL100W,0,-6.470588,0.09895773977041245,0.9568106532096863,0.871207058429718
YCR014C,YBL106C,0,-6.4707274,0.09894640743732452,0.9568106532096863,0.8713178038597107
YLR380W,YIL017C,0,-6.4710355,0.0989350751042366,0.9568106532096863,0.8714285492897034
YDR168W,YGR145W,0,-6.4715776,0.09892374277114868,0.9568106532096863,0.871539294719696
YCL055W,YBR182C,0,-6.4728017,0.09891241788864136,0.9568106532096863,0.8716500401496887
YPL209C,YCL059C,0,-6.472919,0.09890110045671463,0.9568106532096863,0.8717607855796814
YLR401C,YJL108C,0,-6.473531,0.0988897755742073,0.9568106532096863,0.8718715310096741
YBR132C,YDR202C,0,-6.473851,0.09887846559286118,0.9568106532096863,0.8719822764396667
YLR153C,YPR023C,1,-6.4739223,0.098981574177742,0.9579180479049683,0.8719822764396667
YNL274C,YDL244W,0,-6.4739404,0.09897024929523468,0.9579180479049683,0.8720930218696594
YNL164C,YBL055C,0,-6.47398,0.09895893186330795,0.9579180479049683,0.8722037672996521
YPL255W,YDL080C,0,-6.4741836,0.09894760698080063,0.9579180479049683,0.8723145127296448
YMR246W,YGR147C,1,-6.4757113,0.09905067086219788,0.9590254426002502,0.8723145127296448
YMR246W,YNL326C,1,-6.4761915,0.09915370494127274,0.960132896900177,0.8723145127296448
YMR229C,YOR087W,0,-6.4775405,0.09914236515760422,0.960132896900177,0.8724252581596375
YDL198C,YCL043C,0,-6.4781547,0.0991310328245163,0.960132896900177,0.8725360035896301
YHR072W,YJR009C,0,-6.4784703,0.09911970049142838,0.960132896900177,0.8726467490196228
YOL021C,YBR167C,0,-6.4788356,0.09910836815834045,0.960132896900177,0.8727574944496155
YDL143W,YGL097W,0,-6.47895,0.09909704327583313,0.960132896900177,0.8728682398796082
YDR511W,YFL014W,0,-6.47957,0.09908571094274521,0.960132896900177,0.8729789853096008
YPR023C,YOL110W,1,-6.479956,0.0991886630654335,0.961240291595459,0.8729789853096008
YMR201C,YNL207W,0,-6.479986,0.09917733073234558,0.961240291595459,0.8730897307395935
YMR153W,YNL138W,0,-6.481439,0.09916599839925766,0.961240291595459,0.8732004165649414
YGR086C,YFR033C,0,-6.481713,0.09915467351675034,0.961240291595459,0.8733111619949341
YBL035C,YPL193W,0,-6.4819236,0.09914334863424301,0.961240291595459,0.8734219074249268
YIR037W,YDR418W,0,-6.482041,0.09913202375173569,0.961240291595459,0.8735326528549194
YBL026W,YDR178W,0,-6.482861,0.09912070631980896,0.961240291595459,0.8736433982849121
YDR062W,YGL208W,0,-6.4834776,0.09910938888788223,0.961240291595459,0.8737541437149048
YLR109W,YDR285W,0,-6.4839044,0.0990980714559555,0.961240291595459,0.8738648891448975
YIL079C,YEL034W,0,-6.48394,0.09908676147460938,0.961240291595459,0.8739756345748901
YBR112C,YDL081C,0,-6.4839473,0.09907545149326324,0.961240291595459,0.8740863800048828
YOL002C,YKL093W,0,-6.484444,0.09906414151191711,0.961240291595459,0.8741971254348755
YPL256C,YPR042C,0,-6.4848094,0.09905283898115158,0.961240291595459,0.8743078708648682
YDL143W,YIR012W,0,-6.484841,0.09904153645038605,0.961240291595459,0.8744186162948608
YMR162C,YOR098C,0,-6.485557,0.09903023391962051,0.961240291595459,0.8745293617248535
YOL147C,YPR113W,0,-6.4858737,0.09901893883943558,0.961240291595459,0.8746401071548462
YJL036W,YKL041W,0,-6.4865317,0.09900764375925064,0.961240291595459,0.8747508525848389
YDL042C,YOR003W,0,-6.488109,0.0989963486790657,0.961240291595459,0.8748615980148315
YIL154C,YGR118W,0,-6.488189,0.09898506104946136,0.961240291595459,0.8749723434448242
YHR013C,YOL110W,1,-6.489221,0.09908779710531235,0.9623477458953857,0.8749723434448242
YAL040C,YER054C,0,-6.489668,0.09907650202512741,0.9623477458953857,0.8750830292701721
YDR379W,YKL117W,0,-6.490727,0.09906520694494247,0.9623477458953857,0.8751937747001648
YEL037C,YHR062C,0,-6.490888,0.09905391186475754,0.9623477458953857,0.8753045201301575
YIL038C,YOR254C,0,-6.4914565,0.0990426242351532,0.9623477458953857,0.8754152655601501
YOR250C,YPL211W,0,-6.4918633,0.09903133660554886,0.9623477458953857,0.8755260109901428
YOL010W,YAL016W,0,-6.492694,0.09902005642652512,0.9623477458953857,0.8756367564201355
YDR228C,YNL302C,0,-6.4927793,0.09900877624750137,0.9623477458953857,0.8757475018501282
YER110C,YDR478W,0,-6.493915,0.09899749606847763,0.9623477458953857,0.8758582472801208
YJR144W,YLR292C,0,-6.494313,0.09898621588945389,0.9623477458953857,0.8759689927101135
YLR405W,YDR425W,0,-6.494398,0.09897494316101074,0.9623477458953857,0.8760797381401062
YER065C,YGR264C,0,-6.495082,0.0989636704325676,0.9623477458953857,0.8761904835700989
YML095C,YJR009C,0,-6.495115,0.09895240515470505,0.9623477458953857,0.8763012290000916
YKL060C,YJL063C,0,-6.495824,0.0989411398768425,0.9623477458953857,0.8764119744300842
YLR110C,YOR137C,0,-6.4960914,0.09892987459897995,0.9623477458953857,0.8765227198600769
YHR081W,YKR022C,0,-6.4966664,0.0989186093211174,0.9623477458953857,0.8766334652900696
YDR251W,YJR103W,0,-6.4968963,0.09890735149383545,0.9623477458953857,0.8767442107200623
YGL098W,YOL105C,0,-6.496904,0.0988960936665535,0.9623477458953857,0.8768549561500549
YHR174W,YPR103W,0,-6.496964,0.09888484328985214,0.9623477458953857,0.8769656419754028
YNL239W,YDL111C,0,-6.497447,0.09887359291315079,0.9623477458953857,0.8770763874053955
YCR088W,YML015C,0,-6.4977064,0.09886234253644943,0.9623477458953857,0.8771871328353882
YMR301C,YJR068W,0,-6.497825,0.09885109961032867,0.9623477458953857,0.8772978782653809
YAR002C-A,YGR055W,0,-6.499447,0.09883985668420792,0.9623477458953857,0.8774086236953735
YOL027C,YLR382C,0,-6.5005517,0.09882861375808716,0.9623477458953857,0.8775193691253662
YNL112W,YKL093W,0,-6.500718,0.098817378282547,0.9623477458953857,0.8776301145553589
YGR167W,YJR125C,0,-6.5020843,0.09880614280700684,0.9623477458953857,0.8777408599853516
YOR245C,YJR097W,0,-6.502201,0.09879490733146667,0.9623477458953857,0.8778516054153442
YOR232W,YLR435W,0,-6.502517,0.09878367930650711,0.9623477458953857,0.8779623508453369
YFR021W,YLR435W,0,-6.5032377,0.09877245128154755,0.9623477458953857,0.8780730962753296
YCR098C,YER127W,0,-6.50363,0.09876122325658798,0.9623477458953857,0.8781838417053223
YGR013W,YGR248W,0,-6.5042963,0.09875000268220901,0.9623477458953857,0.8782945871353149
YGR212W,YOL124C,0,-6.5043416,0.09873878210783005,0.9623477458953857,0.8784053325653076
YOR023C,YEL066W,1,-6.50435,0.09884117543697357,0.9634551405906677,0.8784053325653076
YMR290C,YIL114C,0,-6.5048685,0.09882994741201401,0.9634551405906677,0.8785160779953003
YER065C,YPL060W,0,-6.505059,0.09881871938705444,0.9634551405906677,0.878626823425293
YLR270W,YDR268W,0,-6.506142,0.09880749881267548,0.9634551405906677,0.8787375688552856
YGR167W,YML051W,0,-6.507851,0.09879627823829651,0.9634551405906677,0.8788482546806335
YPL256C,YGL200C,0,-6.508473,0.09878505766391754,0.9634551405906677,0.8789590001106262
YER073W,YGR166W,0,-6.50954,0.09877384454011917,0.9634551405906677,0.8790697455406189
YHR174W,YGL092W,0,-6.509917,0.0987626314163208,0.9634551405906677,0.8791804909706116
YOL095C,YBL075C,0,-6.510348,0.09875141829252243,0.9634551405906677,0.8792912364006042
YBL035C,YNL016W,0,-6.5108476,0.09874021261930466,0.9634551405906677,0.8794019818305969
YLR459W,YNR017W,0,-6.5109725,0.09872900694608688,0.9634551405906677,0.8795127272605896
YHR036W,YKL048C,0,-6.5122566,0.09871780127286911,0.9634551405906677,0.8796234726905823
YLR008C,YLR417W,0,-6.512432,0.09870660305023193,0.9634551405906677,0.879734218120575
YLR259C,YMR140W,0,-6.5125346,0.09869540482759476,0.9634551405906677,0.8798449635505676
YLR216C,YPL234C,0,-6.514095,0.09868421405553818,0.9634551405906677,0.8799557089805603
YPR005C,YOL055C,0,-6.514148,0.098673015832901,0.9634551405906677,0.880066454410553
YOL095C,YER072W,0,-6.5148616,0.09866182506084442,0.9634551405906677,0.8801771998405457
YNL192W,YLR048W,0,-6.5149765,0.09865064173936844,0.9634551405906677,0.8802879452705383
YER149C,YNL273W,0,-6.5156326,0.09863945841789246,0.9634551405906677,0.880398690700531
YKL054C,YLR116W,0,-6.516085,0.09862827509641647,0.9634551405906677,0.8805094361305237
YOL165C,YIR041W,0,-6.516134,0.09861709177494049,0.9634551405906677,0.8806201815605164
YPR081C,YMR175W,0,-6.5164113,0.0986059159040451,0.9634551405906677,0.8807308673858643
YMR173W,YJL076W,0,-6.516911,0.09859474003314972,0.9634551405906677,0.8808416128158569
YPR034W,YPL012W,0,-6.5170817,0.09858357161283493,0.9634551405906677,0.8809523582458496
YPR001W,YER042W,0,-6.517349,0.09857240319252014,0.9634551405906677,0.8810631036758423
YDL088C,YDR453C,0,-6.517614,0.09856123477220535,0.9634551405906677,0.881173849105835
YIL097W,YKL154W,0,-6.5176463,0.09855006635189056,0.9634551405906677,0.8812845945358276
YIL097W,YOR008C,0,-6.517698,0.09853890538215637,0.9634551405906677,0.8813953399658203
YOL110W,YDR126W,1,-6.518616,0.09864099323749542,0.9645625948905945,0.8813953399658203
YJL115W,YMR069W,1,-6.518667,0.09874306619167328,0.9656699895858765,0.8813953399658203
YNL298W,YOL039W,0,-6.5190635,0.0987318828701973,0.9656699895858765,0.881506085395813
YNL259C,YPL139C,0,-6.5191364,0.09872070699930191,0.9656699895858765,0.8816168308258057
YGL136C,YHR200W,0,-6.519161,0.09870953112840652,0.9656699895858765,0.8817275762557983
YCL027W,YPL159C,0,-6.519563,0.09869835525751114,0.9656699895858765,0.881838321685791
YHR096C,YNL029C,0,-6.519566,0.09868718683719635,0.9656699895858765,0.8819490671157837
YIR041W,YDR202C,0,-6.520259,0.09867601841688156,0.9656699895858765,0.8820598125457764
YNL192W,YMR011W,0,-6.5204635,0.09866485744714737,0.9656699895858765,0.882170557975769
YDR096W,YMR008C,0,-6.520959,0.09865369647741318,0.9656699895858765,0.8822813034057617
YOL008W,YLR186W,0,-6.5210037,0.09864253550767899,0.9656699895858765,0.8823920488357544
YLR044C,YKL035W,0,-6.521393,0.0986313745379448,0.9656699895858765,0.8825027942657471
YDL055C,YNL131W,0,-6.5215316,0.0986202210187912,0.9656699895858765,0.8826135396957397
YDR273W,YBR093C,0,-6.5220795,0.0986090674996376,0.9656699895858765,0.8827242255210876
YDR270W,YDR358W,0,-6.5222316,0.0985979214310646,0.9656699895858765,0.8828349709510803
YPR034W,YJR103W,0,-6.5226884,0.09858677536249161,0.9656699895858765,0.882945716381073
YOR265W,YGL030W,0,-6.5231867,0.09857562929391861,0.9656699895858765,0.8830564618110657
YDL149W,YJR063W,0,-6.523463,0.09856448322534561,0.9656699895858765,0.8831672072410583
YKL114C,YDR037W,0,-6.524547,0.09855334460735321,0.9656699895858765,0.883277952671051
YIL010W,YLR056W,0,-6.525223,0.09854220598936081,0.9656699895858765,0.8833886981010437
YJL033W,YKR072C,0,-6.525251,0.098531074821949,0.9656699895858765,0.8834994435310364
YFR024C-A,YGR086C,0,-6.5254583,0.0985199436545372,0.9656699895858765,0.883610188961029
YIL117C,YNR023W,0,-6.52616,0.0985088124871254,0.9656699895858765,0.8837209343910217
YMR237W,YPL169C,0,-6.526278,0.09849768131971359,0.9656699895858765,0.8838316798210144
YDR331W,YJR010C-A,0,-6.5263815,0.09848655760288239,0.9656699895858765,0.8839424252510071
YBR196C,YPR190C,0,-6.5269003,0.09847543388605118,0.9656699895858765,0.8840531706809998
YDL030W,YBR154C,0,-6.5269856,0.09846431761980057,0.9656699895858765,0.8841639161109924
YLR353W,YJL092W,0,-6.527677,0.09845320135354996,0.9656699895858765,0.8842746615409851
YJL125C,YNL167C,0,-6.5276847,0.09844208508729935,0.9656699895858765,0.8843854069709778
YPR065W,YIL039W,0,-6.5284586,0.09843097627162933,0.9656699895858765,0.8844961524009705
YDL102W,YNL113W,0,-6.532183,0.09841986745595932,0.9656699895858765,0.8846068382263184
YOR185C,YPL011C,0,-6.5323086,0.0984087586402893,0.9656699895858765,0.884717583656311
YLR284C,YIR017C,0,-6.5323405,0.0983976498246193,0.9656699895858765,0.8848283290863037
YLR219W,YNL312W,0,-6.5324073,0.09838654845952988,0.9656699895858765,0.8849390745162964
YDR086C,YDR058C,0,-6.532554,0.09837545454502106,0.9656699895858765,0.8850498199462891
YDR077W,YNL007C,0,-6.534773,0.09836435317993164,0.9656699895858765,0.8851605653762817
YMR173W,YDR381W,0,-6.535155,0.09835325926542282,0.9656699895858765,0.8852713108062744
YFL023W,YOR160W,0,-6.535828,0.098342165350914,0.9656699895858765,0.8853820562362671
YDR256C,YDR276C,0,-6.536004,0.09833107888698578,0.9656699895858765,0.8854928016662598
YNL229C,YMR293C,0,-6.53811,0.09831999242305756,0.9656699895858765,0.8856035470962524
YFL009W,YML128C,0,-6.5381927,0.09830890595912933,0.9656699895858765,0.8857142925262451
YMR301C,YDL045C,0,-6.5384793,0.09829782694578171,0.9656699895858765,0.8858250379562378
YOR031W,YGR082W,0,-6.5389113,0.09828674793243408,0.9656699895858765,0.8859357833862305
YKL054C,YLR067C,0,-6.539006,0.09827566891908646,0.9656699895858765,0.8860465288162231
YCR091W,YLR008C,0,-6.539279,0.09826458990573883,0.9656699895858765,0.8861572742462158
YDR314C,YBL075C,0,-6.5394497,0.0982535183429718,0.9656699895858765,0.8862680196762085
YMR184W,YHR084W,0,-6.539752,0.09824245423078537,0.9656699895858765,0.8863787651062012
YMR184W,YML114C,0,-6.5398536,0.09823138266801834,0.9656699895858765,0.8864894509315491
YIL124W,YOR313C,0,-6.540883,0.09822031855583191,0.9656699895858765,0.8866001963615417
YNL062C,YKL045W,0,-6.5415382,0.09820925444364548,0.9656699895858765,0.8867109417915344
YPR025C,YEL060C,0,-6.5423684,0.09819819778203964,0.9656699895858765,0.8868216872215271
YLR303W,YER116C,0,-6.5423865,0.09818714112043381,0.9656699895858765,0.8869324326515198
YKL009W,YLR452C,0,-6.542643,0.09817608445882797,0.9656699895858765,0.8870431780815125
YJL069C,YJL154C,0,-6.5427866,0.09816503524780273,0.9656699895858765,0.8871539235115051
YHR082C,YMR175W,0,-6.544288,0.0981539860367775,0.9656699895858765,0.8872646689414978
YJR002W,YLR006C,0,-6.5443726,0.09814293682575226,0.9656699895858765,0.8873754143714905
YDR091C,YGR024C,0,-6.54509,0.09813189506530762,0.9656699895858765,0.8874861598014832
YOR188W,YLR147C,0,-6.5453696,0.09812085330486298,0.9656699895858765,0.8875969052314758
YOL123W,YBR183W,0,-6.545749,0.09810981154441833,0.9656699895858765,0.8877076506614685
YGR222W,YDL112W,0,-6.5459113,0.09809877723455429,0.9656699895858765,0.8878183960914612
YIL120W,YMR175W,0,-6.546659,0.09808773547410965,0.9656699895858765,0.8879291415214539
YDL192W,YPR154W,0,-6.5468636,0.0980767086148262,0.9656699895858765,0.8880398869514465
YFL021W,YKL035W,0,-6.547999,0.09806567430496216,0.9656699895858765,0.8881506323814392
YIL123W,YAL047C,0,-6.5481386,0.09805464744567871,0.9656699895858765,0.8882613778114319
YOR100C,YDR086C,0,-6.548857,0.09804362803697586,0.9656699895858765,0.8883720636367798
YDL135C,YGL093W,0,-6.549883,0.09803260117769241,0.9656699895858765,0.8884828090667725
YEL054C,YHR030C,0,-6.5502543,0.09802158176898956,0.9656699895858765,0.8885935544967651
YPR030W,YDL045C,0,-6.5505004,0.09801056236028671,0.9656699895858765,0.8887042999267578
YIL016W,YIL008W,0,-6.550575,0.09799955040216446,0.9656699895858765,0.8888150453567505
YLR216C,YMR281W,0,-6.5510325,0.0979885384440422,0.9656699895858765,0.8889257907867432
YDL019C,YOR386W,0,-6.55152,0.09797752648591995,0.9656699895858765,0.8890365362167358
YGR279C,YER018C,0,-6.551599,0.0979665219783783,0.9656699895858765,0.8891472816467285
YPL262W,YFL026W,0,-6.5516863,0.09795551747083664,0.9656699895858765,0.8892580270767212
YBR177C,YDR021W,0,-6.5523877,0.09794451296329498,0.9656699895858765,0.8893687725067139
YAR007C,YJL190C,0,-6.5527954,0.09793351590633392,0.9656699895858765,0.8894795179367065
YBL069W,YFL014W,0,-6.5532327,0.09792251884937286,0.9656699895858765,0.8895902633666992
YLR223C,YPR002W,0,-6.553751,0.0979115217924118,0.9656699895858765,0.8897010087966919
YKR003W,YMR087W,0,-6.553822,0.09790052473545074,0.9656699895858765,0.8898117542266846
YGL099W,YPR162C,0,-6.5542607,0.09788953512907028,0.9656699895858765,0.8899224996566772
YKR089C,YOL138C,0,-6.554533,0.09787855297327042,0.9656699895858765,0.8900332450866699
YDL142C,YMR272C,0,-6.5545425,0.09786756336688995,0.9656699895858765,0.8901439905166626
YML123C,YLR139C,0,-6.554799,0.09785658121109009,0.9656699895858765,0.8902547359466553
YKL062W,YDR189W,0,-6.5555024,0.09784559905529022,0.9656699895858765,0.8903654217720032
YML081C-A,YPL240C,0,-6.556334,0.09783462435007095,0.9656699895858765,0.8904761672019958
YML123C,YBR050C,0,-6.5574775,0.09782364964485168,0.9656699895858765,0.8905869126319885
YBR066C,YNL229C,0,-6.5575023,0.09781267493963242,0.9656699895858765,0.8906976580619812
YDR118W,YJL026W,0,-6.557649,0.09780170768499374,0.9656699895858765,0.8908084034919739
YGR267C,YKL196C,0,-6.558247,0.09779074043035507,0.9656699895858765,0.8909191489219666
YLR309C,YHR081W,0,-6.5583158,0.0977797731757164,0.9656699895858765,0.8910298943519592
YNL116W,YDL227C,0,-6.5584393,0.09776880592107773,0.9656699895858765,0.8911406397819519
YFL050C,YGR214W,0,-6.559049,0.09775784611701965,0.9656699895858765,0.8912513852119446
YPL021W,YGR121C,0,-6.560543,0.09774688631296158,0.9656699895858765,0.8913621306419373
YJL033W,YGR006W,0,-6.560825,0.0977359339594841,0.9656699895858765,0.8914728760719299
YLR371W,YBL106C,0,-6.5608573,0.09772498160600662,0.9656699895858765,0.8915836215019226
YAL035W,YGL053W,0,-6.5627165,0.09771402925252914,0.9656699895858765,0.8916943669319153
YGR177C,YOL156W,0,-6.563681,0.09770308434963226,0.9656699895858765,0.891805112361908
YPL132W,YIL119C,0,-6.563952,0.09769213199615479,0.9656699895858765,0.8919158577919006
YOR100C,YOR373W,0,-6.5642505,0.0976811945438385,0.9656699895858765,0.8920266032218933
YLR355C,YJL001W,0,-6.564977,0.09767024964094162,0.9656699895858765,0.892137348651886
YKL179C,YOR361C,0,-6.5662417,0.09765931218862534,0.9656699895858765,0.8922480344772339
YBR145W,YGR078C,0,-6.567018,0.09764837473630905,0.9656699895858765,0.8923587799072266
YOR224C,YGL137W,0,-6.5675178,0.09763744473457336,0.9656699895858765,0.8924695253372192
YEL009C,YJL191W,0,-6.5676246,0.09762651473283768,0.9656699895858765,0.8925802707672119
YOL151W,YNR031C,0,-6.568196,0.09761558473110199,0.9656699895858765,0.8926910161972046
YJR025C,YOR241W,0,-6.568454,0.0976046547293663,0.9656699895858765,0.8928017616271973
YGL008C,YJL001W,0,-6.5687265,0.09759373217821121,0.9656699895858765,0.8929125070571899
YLR153C,YDR459C,1,-6.570028,0.09769471734762192,0.9667773842811584,0.8929125070571899
YGR256W,YJL143W,0,-6.5709834,0.09768378734588623,0.9667773842811584,0.8930232524871826
YNR054C,YJR139C,0,-6.57127,0.09767285734415054,0.9667773842811584,0.8931339979171753
YNL130C,YNL117W,0,-6.5715427,0.09766192734241486,0.9667773842811584,0.893244743347168
YFL025C,YNL025C,0,-6.5715604,0.09765100479125977,0.9667773842811584,0.8933554887771606
YDR211W,YOR136W,0,-6.5722804,0.09764008224010468,0.9667773842811584,0.8934662342071533
YNL298W,YNL210W,0,-6.572351,0.09762916713953018,0.9667773842811584,0.893576979637146
YPL241C,YPL208W,0,-6.572802,0.09761825203895569,0.9667773842811584,0.8936877250671387
YPL160W,YGR155W,0,-6.572918,0.0976073369383812,0.9667773842811584,0.8937984704971313
YJL122W,YGL142C,0,-6.5730553,0.0975964218378067,0.9667773842811584,0.893909215927124
YER005W,YBR183W,0,-6.5734744,0.0975855141878128,0.9667773842811584,0.8940199613571167
YLL041C,YBL058W,0,-6.573648,0.09757460653781891,0.9667773842811584,0.8941306471824646
YKL178C,YDL185W,0,-6.573675,0.09756369888782501,0.9667773842811584,0.8942413926124573
YDR343C,YPL087W,0,-6.573736,0.09755279868841171,0.9667773842811584,0.89435213804245
YEL003W,YJL050W,0,-6.57506,0.09754189848899841,0.9667773842811584,0.8944628834724426
YOR133W,YBR175W,0,-6.575204,0.09753100574016571,0.9667773842811584,0.8945736289024353
YPL106C,YPL258C,0,-6.575698,0.09752010554075241,0.9667773842811584,0.894684374332428
YMR224C,YKL178C,0,-6.576262,0.09750921279191971,0.9667773842811584,0.8947951197624207
YFL003C,YIL117C,0,-6.5763507,0.0974983274936676,0.9667773842811584,0.8949058651924133
YDR171W,YOR209C,0,-6.5765424,0.0974874347448349,0.9667773842811584,0.895016610622406
YNL142W,YDR382W,0,-6.577412,0.0974765494465828,0.9667773842811584,0.8951273560523987
YNL111C,YKL062W,0,-6.577839,0.09746567159891129,0.9667773842811584,0.8952381014823914
YKL172W,YDR388W,0,-6.5780845,0.09745478630065918,0.9667773842811584,0.895348846912384
YHR197W,YDR259C,0,-6.5783124,0.09744390845298767,0.9667773842811584,0.8954595923423767
YMR296C,YNL016W,0,-6.579683,0.09743303805589676,0.9667773842811584,0.8955703377723694
YER082C,YJR102C,0,-6.5800643,0.09742216020822525,0.9667773842811584,0.8956810832023621
YGR083C,YDR180W,0,-6.580712,0.09741128981113434,0.9667773842811584,0.8957918286323547
YDL014W,YGR091W,0,-6.580848,0.09740042686462402,0.9667773842811584,0.8959025740623474
YOR144C,YDL085W,0,-6.581284,0.09738955646753311,0.9667773842811584,0.8960132598876953
YPL093W,YPR002W,0,-6.5813437,0.0973786935210228,0.9667773842811584,0.896124005317688
YOL139C,YHR005C-A,0,-6.581878,0.09736783057451248,0.9667773842811584,0.8962347507476807
YNL117W,YDL020C,0,-6.5832486,0.09735697507858276,0.9667773842811584,0.8963454961776733
YMR092C,YDR464W,0,-6.584334,0.09734611958265305,0.9667773842811584,0.896456241607666
YNL274C,YDL055C,0,-6.5845537,0.09733526408672333,0.9667773842811584,0.8965669870376587
YFL056C,YMR053C,0,-6.585146,0.0973244160413742,0.9667773842811584,0.8966777324676514
YMR202W,YNL045W,0,-6.5851574,0.09731356799602509,0.9667773842811584,0.896788477897644
YOR301W,YMR146C,0,-6.585556,0.09730271995067596,0.9667773842811584,0.8968992233276367
YDR448W,YHR013C,1,-6.5868573,0.09740331768989563,0.9678848385810852,0.8968992233276367
YKL172W,YOL028C,0,-6.587629,0.09739246964454651,0.9678848385810852,0.8970099687576294
YIL040W,YDR202C,0,-6.5878344,0.09738161414861679,0.9678848385810852,0.8971207141876221
YLR394W,YDR150W,0,-6.587909,0.09737076610326767,0.9678848385810852,0.8972314596176147
YDR046C,YDL014W,0,-6.5883927,0.09735991805791855,0.9678848385810852,0.8973422050476074
YOL013C,YLR316C,0,-6.589523,0.09734907746315002,0.9678848385810852,0.8974529504776001
YNL268W,YDL014W,0,-6.5897183,0.0973382368683815,0.9678848385810852,0.8975636959075928
YGR109C,YNL064C,0,-6.589777,0.09732739627361298,0.9678848385810852,0.8976744413375854
YBL078C,YDR270W,0,-6.59006,0.09731655567884445,0.9678848385810852,0.8977851867675781
YHL048W,YDR297W,0,-6.5907607,0.09730572253465652,0.9678848385810852,0.8978959321975708
YIR019C,YMR182C,0,-6.590875,0.0972948893904686,0.9678848385810852,0.8980066180229187
YMR285C,YNL061W,0,-6.592194,0.09728406369686127,0.9678848385810852,0.8981173634529114
YGR109C,YOR003W,0,-6.5923448,0.09727323055267334,0.9678848385810852,0.898228108882904
YMR184W,YGR166W,0,-6.592894,0.09726240485906601,0.9678848385810852,0.8983388543128967
YAL054C,YLR153C,1,-6.5931983,0.09736286103725433,0.9689922332763672,0.8983388543128967
YHR183W,YDL078C,0,-6.5938206,0.0973520278930664,0.9689922332763672,0.8984495997428894
YBL075C,YDR372C,0,-6.5939875,0.09734119474887848,0.9689922332763672,0.8985603451728821
YGR177C,YNL223W,0,-6.593991,0.09733036905527115,0.9689922332763672,0.8986710906028748
YGL019W,YGR270W,0,-6.5941133,0.09731954336166382,0.9689922332763672,0.8987818360328674
YML123C,YGR180C,0,-6.594629,0.09730871766805649,0.9689922332763672,0.8988925814628601
YJR090C,YOL147C,0,-6.5957713,0.09729789942502975,0.9689922332763672,0.8990033268928528
YLR153C,YER015W,1,-6.5958185,0.09739826619625092,0.970099687576294,0.8990033268928528
YPR034W,YFR024C-A,0,-6.595863,0.09738744050264359,0.970099687576294,0.8991140723228455
YML120C,YOR056C,0,-6.5961623,0.09737661480903625,0.970099687576294,0.8992248177528381
YIL042C,YJL166W,0,-6.5964932,0.09736578911542892,0.970099687576294,0.8993355631828308
YMR280C,YGR086C,0,-6.596682,0.09735497087240219,0.970099687576294,0.8994463086128235
YDL145C,YCL040W,0,-6.5967574,0.09734415262937546,0.970099687576294,0.8995570540428162
YMR047C,YLR183C,0,-6.5976977,0.09733333438634872,0.970099687576294,0.8996677994728088
YCR034W,YLR316C,0,-6.5984178,0.09732251614332199,0.970099687576294,0.8997785449028015
YDR256C,YOL012C,0,-6.599133,0.09731170535087585,0.970099687576294,0.8998892307281494
YBR004C,YOL094C,0,-6.5992284,0.09730090200901031,0.970099687576294,0.8999999761581421
YOL060C,YBR280C,0,-6.5992312,0.09729009121656418,0.970099687576294,0.9001107215881348
YJR025C,YKL055C,0,-6.5997605,0.09727928787469864,0.970099687576294,0.9002214670181274
YHR015W,YLR141W,0,-6.6004806,0.0972684845328331,0.970099687576294,0.9003322124481201
YMR283C,YNL160W,0,-6.601574,0.09725768864154816,0.970099687576294,0.9004429578781128
YDR423C,YER082C,0,-6.6023946,0.09724689275026321,0.970099687576294,0.9005537033081055
YLR134W,YIL120W,0,-6.602677,0.09723609685897827,0.970099687576294,0.9006644487380981
YHR183W,YOR217W,0,-6.602822,0.09722530841827393,0.970099687576294,0.9007751941680908
YHR019C,YML004C,0,-6.602881,0.09721451252698898,0.970099687576294,0.9008859395980835
YOR310C,YBR196C,0,-6.6033483,0.09720373153686523,0.970099687576294,0.9009966850280762
YDR162C,YPR054W,0,-6.604778,0.09719294309616089,0.970099687576294,0.9011074304580688
YJR069C,YGL208W,0,-6.6048374,0.09718216210603714,0.970099687576294,0.9012181758880615
YOR061W,YOR025W,0,-6.6051393,0.09717138111591339,0.970099687576294,0.9013289213180542
YOR142W,YDR529C,0,-6.605233,0.09716060012578964,0.970099687576294,0.9014396667480469
YHL011C,YDL216C,0,-6.606046,0.09714982658624649,0.970099687576294,0.9015504121780396
YPL075W,YOR162C,0,-6.6070533,0.09713905304670334,0.970099687576294,0.9016611576080322
YJL033W,YER146W,0,-6.608002,0.09712828695774078,0.970099687576294,0.9017718434333801
YOR023C,YMR246W,1,-6.6082087,0.09722837805747986,0.9712070822715759,0.9017718434333801
YKL154W,YPL122C,0,-6.6091166,0.0972176045179367,0.9712070822715759,0.9018825888633728
YMR029C,YOR098C,0,-6.6091413,0.09720683097839355,0.9712070822715759,0.9019933342933655
YDR021W,YGR270W,0,-6.6113033,0.0971960574388504,0.9712070822715759,0.9021040797233582
YFR030W,YGL209W,0,-6.6126328,0.09718528389930725,0.9712070822715759,0.9022148251533508
YDL069C,YOR061W,0,-6.61317,0.0971745178103447,0.9712070822715759,0.9023255705833435
YOR031W,YDR052C,0,-6.614862,0.09716375172138214,0.9712070822715759,0.9024363160133362
YCL016C,YNL153C,0,-6.6149507,0.09715298563241959,0.9712070822715759,0.9025470614433289
YJL125C,YMR313C,0,-6.615334,0.09714222699403763,0.9712070822715759,0.9026578068733215
YAR007C,YGR214W,0,-6.615509,0.09713146835565567,0.9712070822715759,0.9027685523033142
YOL127W,YLR277C,0,-6.6159787,0.09712070971727371,0.9712070822715759,0.9028792977333069
YBL016W,YLR371W,0,-6.615994,0.09710995107889175,0.9712070822715759,0.9029900431632996
YGR217W,YDL031W,0,-6.6160192,0.0970991998910904,0.9712070822715759,0.9031007885932922
YGL143C,YML093W,0,-6.616136,0.09708845615386963,0.9712070822715759,0.9032115340232849
YMR109W,YOL066C,0,-6.6167326,0.09707770496606827,0.9712070822715759,0.9033222794532776
YGR055W,YKL166C,0,-6.6173973,0.0970669612288475,0.9712070822715759,0.9034330248832703
YGL106W,YJR145C,0,-6.6175504,0.09705621749162674,0.9712070822715759,0.9035437703132629
YEL034W,YIL048W,0,-6.617743,0.09704548120498657,0.9712070822715759,0.9036544561386108
YBR202W,YNL009W,0,-6.617762,0.0970347449183464,0.9712070822715759,0.9037652015686035
YOR144C,YNR054C,0,-6.618091,0.09702400863170624,0.9712070822715759,0.9038759469985962
YPL244C,YOL122C,0,-6.618521,0.09701327234506607,0.9712070822715759,0.9039866924285889
YGL166W,YPR082C,0,-6.619052,0.0970025435090065,0.9712070822715759,0.9040974378585815
YMR038C,YDL130W-A,0,-6.6192,0.09699181467294693,0.9712070822715759,0.9042081832885742
YJL050W,YNL055C,0,-6.619549,0.09698109328746796,0.9712070822715759,0.9043189287185669
YPL059W,YNL339C,0,-6.619922,0.09697036445140839,0.9712070822715759,0.9044296741485596
YLR134W,YPL122C,0,-6.62129,0.09695964306592941,0.9712070822715759,0.9045404195785522
YER019W,YCR072C,0,-6.6221595,0.09694892913103104,0.9712070822715759,0.9046511650085449
YHR053C,YJR073C,0,-6.6227546,0.09693821519613266,0.9712070822715759,0.9047619104385376
YPL271W,YGL166W,0,-6.624392,0.09692750126123428,0.9712070822715759,0.9048726558685303
YJL125C,YKL195W,0,-6.6246295,0.09691678732633591,0.9712070822715759,0.904983401298523
YBL041W,YPL026C,0,-6.624738,0.09690608084201813,0.9712070822715759,0.9050941467285156
YHR148W,YER031C,0,-6.6256385,0.09689537435770035,0.9712070822715759,0.9052048921585083
YLR384C,YOR326W,0,-6.625829,0.09688466787338257,0.9712070822715759,0.905315637588501
YCR091W,YLR337C,0,-6.6263223,0.09687396138906479,0.9712070822715759,0.9054263830184937
YBR091C,YCR014C,0,-6.6263385,0.0968632623553276,0.9712070822715759,0.9055370688438416
YPL059W,YNL151C,0,-6.626511,0.09685257077217102,0.9712070822715759,0.9056478142738342
YIL010W,YBR061C,0,-6.6269116,0.09684187173843384,0.9712070822715759,0.9057585597038269
YLR192C,YBR092C,0,-6.6275897,0.09683118015527725,0.9712070822715759,0.9058693051338196
YHR175W,YML008C,0,-6.6283073,0.09682048857212067,0.9712070822715759,0.9059800505638123
YKR052C,YEL065W,0,-6.629684,0.09680980443954468,0.9712070822715759,0.9060907959938049
YMR041C,YKL004W,0,-6.6314483,0.09679912030696869,0.9712070822715759,0.9062015414237976
YMR116C,YDR453C,0,-6.6319885,0.0967884361743927,0.9712070822715759,0.9063122868537903
YDR101C,YKL093W,0,-6.6324186,0.09677775204181671,0.9712070822715759,0.906423032283783
YHL003C,YJL191W,0,-6.6329064,0.09676707535982132,0.9712070822715759,0.9065337777137756
YAL021C,YJL164C,0,-6.632956,0.09675639867782593,0.9712070822715759,0.9066445231437683
YBL042C,YKL194C,0,-6.633815,0.09674572199583054,0.9712070822715759,0.906755268573761
YKL194C,YLR022C,0,-6.6338625,0.09673505276441574,0.9712070822715759,0.9068660140037537
YPL131W,YBR254C,0,-6.6343684,0.09672438353300095,0.9712070822715759,0.9069767594337463
YPR030W,YLR452C,0,-6.6354976,0.09671372175216675,0.9712070822715759,0.907087504863739
YDL138W,YGR248W,0,-6.6355567,0.09670305252075195,0.9712070822715759,0.9071982502937317
YDR173C,YGL004C,0,-6.635886,0.09669239073991776,0.9712070822715759,0.9073089957237244
YDL148C,YML064C,0,-6.63635,0.09668173640966415,0.9712070822715759,0.907419741153717
YDL115C,YDL020C,0,-6.636683,0.09667107462882996,0.9712070822715759,0.9075304269790649
YBR192W,YGL229C,0,-6.638087,0.09666042029857635,0.9712070822715759,0.9076411724090576
YGR155W,YOL094C,0,-6.638088,0.09664976596832275,0.9712070822715759,0.9077519178390503
YJL115W,YOL148C,1,-6.639096,0.09674931317567825,0.9723145365715027,0.9077519178390503
YML116W,YDR276C,0,-6.6396756,0.09673865139484406,0.9723145365715027,0.907862663269043
YFR028C,YLR192C,0,-6.6400924,0.09672799706459045,0.9723145365715027,0.9079734086990356
YCL026C-A,YDR453C,0,-6.6402173,0.09671733528375626,0.9723145365715027,0.9080841541290283
YBL069W,YKL073W,0,-6.641188,0.09670668840408325,0.9723145365715027,0.908194899559021
YFL048C,YGR185C,0,-6.6422234,0.09669603407382965,0.9723145365715027,0.9083056449890137
YNL299W,YGR270W,0,-6.642978,0.09668538719415665,0.9723145365715027,0.9084163904190063
YGR086C,YIL160C,0,-6.6438217,0.09667474031448364,0.9723145365715027,0.908527135848999
YFL031W,YOR181W,0,-6.6445284,0.09666410088539124,0.9723145365715027,0.9086378812789917
YML080W,YNL167C,0,-6.645001,0.09665345400571823,0.9723145365715027,0.9087486267089844
YLR097C,YHR187W,0,-6.6454344,0.09664281457662582,0.9723145365715027,0.908859372138977
YNL201C,YEL065W,0,-6.645618,0.09663218259811401,0.9723145365715027,0.9089701175689697
YMR091C,YOL039W,0,-6.645801,0.0966215506196022,0.9723145365715027,0.9090808629989624
YML004C,YNL007C,0,-6.645863,0.0966109186410904,0.9723145365715027,0.9091916084289551
YPR023C,YLL022C,1,-6.645874,0.09671030938625336,0.9734219312667847,0.9091916084289551
YFL003C,YGR081C,0,-6.645922,0.09669966995716095,0.9734219312667847,0.9093023538589478
YDR101C,YCL031C,0,-6.646808,0.09668903052806854,0.9734219312667847,0.9094130396842957
YIL159W,YDR213W,0,-6.6484456,0.09667839854955673,0.9734219312667847,0.9095237851142883
YNR019W,YER142C,0,-6.6491704,0.09666776657104492,0.9734219312667847,0.909634530544281
YOR373W,YNL113W,0,-6.649535,0.09665713459253311,0.9734219312667847,0.9097452759742737
YMR250W,YCR098C,0,-6.6510563,0.0966465100646019,0.9734219312667847,0.9098560214042664
YNL327W,YGR008C,0,-6.6513233,0.09663588553667068,0.9734219312667847,0.909966766834259
YPL202C,YOR095C,0,-6.6528234,0.09662526100873947,0.9734219312667847,0.9100775122642517
YPR018W,YCR072C,0,-6.6533265,0.09661464393138885,0.9734219312667847,0.9101882576942444
YLR134W,YIL123W,0,-6.6533747,0.09660401940345764,0.9734219312667847,0.9102990031242371
YGL171W,YHR027C,0,-6.655007,0.09659340977668762,0.9734219312667847,0.9104097485542297
YCL027W,YDL130W-A,0,-6.6557117,0.096582792699337,0.9734219312667847,0.9105204939842224
YLR228C,YOR313C,0,-6.65606,0.09657218307256699,0.9734219312667847,0.9106312394142151
YFR034C,YPR016C,0,-6.656428,0.09656157344579697,0.9734219312667847,0.9107419848442078
YBR179C,YOR386W,0,-6.6570573,0.09655096381902695,0.9734219312667847,0.9108527302742004
YHL047C,YPR002W,0,-6.657163,0.09654036164283752,0.9734219312667847,0.9109634757041931
YKL005C,YMR199W,0,-6.657814,0.0965297594666481,0.9734219312667847,0.9110742211341858
YML132W,YDL227C,0,-6.6582503,0.09651916474103928,0.9734219312667847,0.9111849665641785
YCR034W,YPL128C,0,-6.658318,0.09650856256484985,0.9734219312667847,0.9112956523895264
YEL029C,YML027W,0,-6.658973,0.09649796783924103,0.9734219312667847,0.911406397819519
YOR198C,YPL119C,0,-6.659312,0.0964873731136322,0.9734219312667847,0.9115171432495117
YML102W,YOR136W,0,-6.6604953,0.09647678583860397,0.9734219312667847,0.9116278886795044
YIR033W,YBR154C,0,-6.6608014,0.09646619856357574,0.9734219312667847,0.9117386341094971
YNL231C,YPR187W,0,-6.6613703,0.09645561128854752,0.9734219312667847,0.9118493795394897
YKL029C,YDL077C,0,-6.661416,0.09644503146409988,0.9734219312667847,0.9119601249694824
YPL110C,YKL150W,0,-6.662107,0.09643445163965225,0.9734219312667847,0.9120708703994751
YER073W,YJL031C,0,-6.6623006,0.09642387181520462,0.9734219312667847,0.9121816158294678
YDR231C,YHR068W,0,-6.663671,0.09641329199075699,0.9734219312667847,0.9122923612594604
YDR188W,YNL153C,0,-6.6639066,0.09640271961688995,0.9734219312667847,0.9124031066894531
YDR214W,YOL012C,0,-6.6656165,0.09639214724302292,0.9734219312667847,0.9125138521194458
YGR036C,YGL162W,0,-6.6657743,0.09638158231973648,0.9734219312667847,0.9126245975494385
YNL009W,YBL075C,0,-6.666036,0.09637100994586945,0.9734219312667847,0.9127353429794312
YBL041W,YEL054C,0,-6.6669564,0.09636044502258301,0.9734219312667847,0.9128460884094238
YKL011C,YDL081C,0,-6.66711,0.09634988754987717,0.9734219312667847,0.9129568338394165
YPL110C,YDR394W,0,-6.6671643,0.09633932262659073,0.9734219312667847,0.9130675792694092
YIL033C,YMR146C,0,-6.667378,0.09632876515388489,0.9734219312667847,0.9131782650947571
YBL005W,YKR079C,0,-6.668366,0.09631821513175964,0.9734219312667847,0.9132890105247498
YLR318W,YLR086W,0,-6.66864,0.0963076576590538,0.9734219312667847,0.9133997559547424
YOL082W,YOR162C,0,-6.6687145,0.09629710763692856,0.9734219312667847,0.9135105013847351
YOR351C,YMR096W,0,-6.669076,0.09628655761480331,0.9734219312667847,0.9136212468147278
YMR250W,YPR173C,0,-6.6694818,0.09627601504325867,0.9734219312667847,0.9137319922447205
YOL049W,YBR030W,0,-6.670403,0.09626547247171402,0.9734219312667847,0.9138427376747131
YDL213C,YMR076C,0,-6.67049,0.09625492990016937,0.9734219312667847,0.9139534831047058
YKL093W,YBR077C,0,-6.670523,0.09624438732862473,0.9734219312667847,0.9140642285346985
YKL043W,YNL253W,0,-6.671618,0.09623385220766068,0.9734219312667847,0.9141749739646912
YOR100C,YBL003C,0,-6.6725993,0.09622331708669662,0.9734219312667847,0.9142857193946838
YLR153C,YOR034C,1,-6.674641,0.09632223844528198,0.9745293259620667,0.9142857193946838
YML051W,YDR143C,0,-6.674949,0.09631170332431793,0.9745293259620667,0.9143964648246765
YGL229C,YOR313C,0,-6.6751137,0.09630116075277328,0.9745293259620667,0.9145072102546692
YLR355C,YPL093W,0,-6.6761255,0.09629062563180923,0.9745293259620667,0.9146179556846619
YPL106C,YML088W,0,-6.6763015,0.09628009051084518,0.9745293259620667,0.9147287011146545
YPL240C,YHR016C,0,-6.676704,0.09626955538988113,0.9745293259620667,0.9148394465446472
YBR041W,YMR250W,0,-6.676916,0.09625902771949768,0.9745293259620667,0.9149501919746399
YLR135W,YLR369W,0,-6.6777678,0.09624849259853363,0.9745293259620667,0.9150609374046326
YML095C,YGR128C,0,-6.677852,0.09623797237873077,0.9745293259620667,0.9151716232299805
YIL036W,YJR097W,0,-6.6782436,0.09622744470834732,0.9745293259620667,0.9152823686599731
YGL035C,YLR134W,0,-6.678484,0.09621692448854446,0.9745293259620667,0.9153931140899658
YKR027W,YPL043W,0,-6.6786714,0.09620640426874161,0.9745293259620667,0.9155038595199585
YOR301W,YLR197W,0,-6.6788416,0.09619589149951935,0.9745293259620667,0.9156146049499512
YLR219W,YCR033W,0,-6.678988,0.09618537873029709,0.9745293259620667,0.9157253503799438
YOR267C,YIR021W,0,-6.6790333,0.09617486596107483,0.9745293259620667,0.9158360958099365
YDR122W,YIL008W,0,-6.679037,0.09616435319185257,0.9745293259620667,0.9159468412399292
YGR169C,YBR192W,0,-6.68117,0.09615384787321091,0.9745293259620667,0.9160575866699219
YLR109W,YDL148C,0,-6.6822567,0.09614334255456924,0.9745293259620667,0.9161683320999146
YOL156W,YDR293C,0,-6.682376,0.09613283723592758,0.9745293259620667,0.9162790775299072
YGR121C,YIR019C,0,-6.683428,0.09612233936786652,0.9745293259620667,0.9163898229598999
YEL071W,YOR098C,0,-6.683848,0.09611184149980545,0.9745293259620667,0.9165005683898926
YIR013C,YCR061W,0,-6.683992,0.09610134363174438,0.9745293259620667,0.9166113138198853
YIL097W,YAL016W,0,-6.684398,0.09609085321426392,0.9745293259620667,0.9167220592498779
YBR290W,YAL017W,0,-6.684421,0.09608035534620285,0.9745293259620667,0.9168328046798706
YOL082W,YGL205W,0,-6.6868086,0.09606987237930298,0.9745293259620667,0.9169435501098633
YPR017C,YCR072C,0,-6.687144,0.09605938196182251,0.9745293259620667,0.9170542359352112
YGR191W,YHR163W,0,-6.6880403,0.09604889899492264,0.9745293259620667,0.9171649813652039
YNR054C,YPL147W,0,-6.6889777,0.09603841602802277,0.9745293259620667,0.9172757267951965
YPR185W,YNR017W,0,-6.689706,0.0960279330611229,0.9745293259620667,0.9173864722251892
YPL086C,YPR055W,0,-6.690289,0.09601745754480362,0.9745293259620667,0.9174972176551819
YMR041C,YOL061W,0,-6.690805,0.09600698202848434,0.9745293259620667,0.9176079630851746
YNL098C,YPL239W,0,-6.6920857,0.09599650651216507,0.9745293259620667,0.9177187085151672
YDR085C,YFL021W,0,-6.692303,0.09598603844642639,0.9745293259620667,0.9178294539451599
YBL002W,YLR222C,0,-6.6924295,0.09597557038068771,0.9745293259620667,0.9179401993751526
YBR059C,YNL138W,0,-6.692494,0.09596510231494904,0.9745293259620667,0.9180509448051453
YPL256C,YNL264C,0,-6.6936316,0.09595464169979095,0.9745293259620667,0.9181616902351379
YPR001W,YJR070C,0,-6.694413,0.09594418108463287,0.9745293259620667,0.9182724356651306
YGR261C,YOR206W,0,-6.6955295,0.09593372046947479,0.9745293259620667,0.9183831810951233
YCR072C,YDR381W,0,-6.695848,0.09592325985431671,0.9745293259620667,0.918493926525116
YMR184W,YFR055W,0,-6.6969495,0.09591280668973923,0.9745293259620667,0.9186046719551086
YPR033C,YOR036W,0,-6.6971436,0.09590235352516174,0.9745293259620667,0.9187154173851013
YML032C,YDR382W,0,-6.698925,0.09589190036058426,0.9745293259620667,0.918826162815094
YGL032C,YKL011C,0,-6.7006474,0.09588145464658737,0.9745293259620667,0.9189368486404419
YLR284C,YOR098C,0,-6.7017674,0.09587100893259048,0.9745293259620667,0.9190475940704346
YNL030W,YHR106W,0,-6.7032065,0.0958605632185936,0.9745293259620667,0.9191583395004272
YHR171W,YDR009W,0,-6.70388,0.09585012495517731,0.9745293259620667,0.9192690849304199
YAL026C,YJL184W,0,-6.7041497,0.09583968669176102,0.9745293259620667,0.9193798303604126
YOR188W,YJR010C-A,0,-6.706695,0.09582924842834473,0.9745293259620667,0.9194905757904053
YLR205C,YOR182C,0,-6.7067485,0.09581881761550903,0.9745293259620667,0.919601321220398
YIL033C,YLR051C,0,-6.7077923,0.09580838680267334,0.9745293259620667,0.9197120666503906
YBL103C,YNR046W,0,-6.7085633,0.09579795598983765,0.9745293259620667,0.9198228120803833
YBL009W,YOR297C,0,-6.709578,0.09578752517700195,0.9745293259620667,0.919933557510376
YPL156C,YBR183W,0,-6.71005,0.09577710181474686,0.9745293259620667,0.9200443029403687
YNR015W,YNL138W,0,-6.7104616,0.09576667845249176,0.9745293259620667,0.9201550483703613
YGL078C,YDR097C,0,-6.7105446,0.09575625509023666,0.9745293259620667,0.920265793800354
YPR119W,YGR280C,0,-6.7106986,0.09574583917856216,0.9745293259620667,0.9203765392303467
YGR118W,YOL067C,0,-6.710773,0.09573542326688766,0.9745293259620667,0.9204872846603394
YBR059C,YPR025C,0,-6.7118497,0.09572500735521317,0.9745293259620667,0.920598030090332
YLR304C,YMR214W,0,-6.7120943,0.09571459889411926,0.9745293259620667,0.9207087755203247
YER179W,YLR284C,0,-6.713409,0.09570419043302536,0.9745293259620667,0.9208194613456726
YDR480W,YMR104C,0,-6.7142854,0.09569378197193146,0.9745293259620667,0.9209302067756653
YJL148W,YBR105C,0,-6.714384,0.09568337351083755,0.9745293259620667,0.921040952205658
YJL184W,YMR005W,0,-6.714741,0.09567297250032425,0.9745293259620667,0.9211516976356506
YNR002C,YDR469W,0,-6.715114,0.09566257148981094,0.9745293259620667,0.9212624430656433
YCR072C,YOR256C,0,-6.7154317,0.09565217047929764,0.9745293259620667,0.921373188495636
YOR188W,YGL252C,0,-6.715636,0.09564177691936493,0.9745293259620667,0.9214839339256287
YNR015W,YDR425W,0,-6.7160916,0.09563138335943222,0.9745293259620667,0.9215946793556213
YDR158W,YOR073W,0,-6.717919,0.09562098979949951,0.9745293259620667,0.921705424785614
YDL115C,YDR293C,0,-6.7180667,0.0956106036901474,0.9745293259620667,0.9218161702156067
YNR056C,YJL042W,0,-6.718262,0.09560021758079529,0.9745293259620667,0.9219269156455994
YBL078C,YHR061C,0,-6.7191195,0.09558983147144318,0.9745293259620667,0.922037661075592
YGR088W,YDR486C,0,-6.7192426,0.09557945281267166,0.9745293259620667,0.9221484065055847
YCL059C,YDR489W,0,-6.7192707,0.09556906670331955,0.9745293259620667,0.9222591519355774
YNR044W,YLR206W,0,-6.7194223,0.09555869549512863,0.9745293259620667,0.9223698973655701
YCL004W,YJR063W,0,-6.719607,0.09554831683635712,0.9745293259620667,0.9224806427955627
YLR197W,YDL194W,0,-6.7197833,0.0955379456281662,0.9745293259620667,0.9225913882255554
YBR024W,YJR102C,0,-6.7211037,0.09552757441997528,0.9745293259620667,0.9227021336555481
YOR335C,YJR019C,0,-6.7218328,0.09551720321178436,0.9745293259620667,0.922812819480896
YNL101W,YPL170W,0,-6.722277,0.09550683945417404,0.9745293259620667,0.9229235649108887
YPL256C,YBL106C,0,-6.7233624,0.09549647569656372,0.9745293259620667,0.9230343103408813
YOR171C,YML128C,0,-6.7234235,0.0954861119389534,0.9745293259620667,0.923145055770874
YJR078W,YHR004C,0,-6.723449,0.09547574818134308,0.9745293259620667,0.9232558012008667
YLR265C,YKL035W,0,-6.724027,0.09546539187431335,0.9745293259620667,0.9233665466308594
YPL177C,YGL053W,0,-6.725333,0.09545503556728363,0.9745293259620667,0.923477292060852
YJL042W,YLR134W,0,-6.7265005,0.0954446867108345,0.9745293259620667,0.9235880374908447
YNL286W,YJL042W,0,-6.72714,0.09543433785438538,0.9745293259620667,0.9236987829208374
YGR014W,YPL133C,0,-6.7277913,0.09542398899793625,0.9745293259620667,0.9238095283508301
YDR284C,YER110C,0,-6.7278056,0.09541364014148712,0.9745293259620667,0.9239202737808228
YGR159C,YPL218W,0,-6.7279468,0.09540329873561859,0.9745293259620667,0.9240310192108154
YDR343C,YDR175C,0,-6.728499,0.09539295732975006,0.9745293259620667,0.9241417646408081
YBR085W,YGR008C,0,-6.729554,0.09538261592388153,0.9745293259620667,0.9242525100708008
YDR479C,YOR048C,0,-6.7296133,0.095372274518013,0.9745293259620667,0.9243632555007935
YKL004W,YBR221C,0,-6.7298694,0.09536194056272507,0.9745293259620667,0.9244740009307861
YGL200C,YNL055C,0,-6.7305465,0.09535160660743713,0.9745293259620667,0.9245847463607788
YKR065C,YGL048C,0,-6.7306986,0.0953412801027298,0.9745293259620667,0.9246954321861267
YCL025C,YPL170W,0,-6.730844,0.09533095359802246,0.9745293259620667,0.9248061776161194
YDL029W,YGR200C,0,-6.731182,0.09532062709331512,0.9745293259620667,0.9249169230461121
YDR087C,YHR163W,0,-6.732041,0.09531030058860779,0.9745293259620667,0.9250276684761047
YDR490C,YLR372W,0,-6.7340407,0.09529998153448105,0.9745293259620667,0.9251384139060974
YJL115W,YGR147C,1,-6.734863,0.0953979417681694,0.9756367802619934,0.9251384139060974
YJL053W,YDR477W,0,-6.736297,0.09538761526346207,0.9756367802619934,0.9252491593360901
YEL066W,YOL110W,1,-6.7365317,0.09548554569482803,0.9767441749572754,0.9252491593360901
YMR290C,YPL144W,0,-6.7372603,0.0954752117395401,0.9767441749572754,0.9253599047660828
YOR217W,YJR145C,0,-6.7377706,0.09546487778425217,0.9767441749572754,0.9254706501960754
YPL135W,YLR208W,0,-6.7383485,0.09545454382896423,0.9767441749572754,0.9255813956260681
YGR156W,YNL248C,0,-6.738669,0.0954442173242569,0.9767441749572754,0.9256921410560608
YDL117W,YGR159C,0,-6.738746,0.09543389081954956,0.9767441749572754,0.9258028864860535
YOR188W,YDR346C,0,-6.740526,0.09542356431484222,0.9767441749572754,0.9259136319160461
YNL008C,YDL126C,0,-6.740551,0.09541323781013489,0.9767441749572754,0.9260243773460388
YPL135W,YBR079C,0,-6.740803,0.09540291875600815,0.9767441749572754,0.9261351227760315
YHR059W,YDR190C,0,-6.7415414,0.09539259970188141,0.9767441749572754,0.9262458682060242
YKR046C,YBL061C,0,-6.741942,0.09538228809833527,0.9767441749572754,0.9263566136360168
YDR273W,YML032C,0,-6.74321,0.09537196904420853,0.9767441749572754,0.9264673590660095
YNL153C,YGR081C,0,-6.744699,0.09536165744066238,0.9767441749572754,0.9265780448913574
YML129C,YDR175C,0,-6.7449865,0.09535135328769684,0.9767441749572754,0.9266887903213501
YDR309C,YLR006C,0,-6.746925,0.0953410416841507,0.9767441749572754,0.9267995357513428
YBR267W,YGR048W,0,-6.7484765,0.09533073753118515,0.9767441749572754,0.9269102811813354
YBL009W,YAL040C,0,-6.749822,0.0953204333782196,0.9767441749572754,0.9270210266113281
YMR308C,YFL037W,0,-6.7505307,0.09531013667583466,0.9767441749572754,0.9271317720413208
YNL221C,YIL061C,0,-6.7513394,0.09529983997344971,0.9767441749572754,0.9272425174713135
YOL151W,YDR353W,0,-6.7523313,0.09528954327106476,0.9767441749572754,0.9273532629013062
YPL128C,YPL203W,0,-6.7524934,0.09527924656867981,0.9767441749572754,0.9274640083312988
YOR334W,YNL016W,0,-6.753332,0.09526895731687546,0.9767441749572754,0.9275747537612915
YKR009C,YOR267C,0,-6.753661,0.0952586680650711,0.9767441749572754,0.9276854991912842
YGL229C,YPR161C,0,-6.754316,0.09524837881326675,0.9767441749572754,0.9277962446212769
YFL002C,YMR313C,0,-6.7549214,0.095238097012043,0.9767441749572754,0.9279069900512695
YBL035C,YOR018W,0,-6.7554727,0.09522781521081924,0.9767441749572754,0.9280177354812622
YOR119C,YPL087W,0,-6.7570076,0.09521753340959549,0.9767441749572754,0.9281284809112549
YBR142W,YFR030W,0,-6.7583065,0.09520725160837173,0.9767441749572754,0.9282392263412476
YJR078W,YNL202W,0,-6.7606006,0.09519697725772858,0.9767441749572754,0.9283499717712402
YJL166W,YMR272C,0,-6.7613606,0.09518670290708542,0.9767441749572754,0.9284606575965881
YHR081W,YDL085W,0,-6.7619705,0.09517643600702286,0.9767441749572754,0.9285714030265808
YLR231C,YGR158C,0,-6.762657,0.0951661616563797,0.9767441749572754,0.9286821484565735
YLR011W,YJL148W,0,-6.762813,0.09515589475631714,0.9767441749572754,0.9287928938865662
YBR092C,YML098W,0,-6.763156,0.09514562785625458,0.9767441749572754,0.9289036393165588
YLL026W,YDR002W,0,-6.763686,0.09513536840677261,0.9767441749572754,0.9290143847465515
YDL143W,YLL026W,0,-6.766762,0.09512510895729065,0.9767441749572754,0.9291251301765442
YML081C-A,YPL123C,0,-6.7671094,0.09511484950780869,0.9767441749572754,0.9292358756065369
YOR168W,YJL214W,0,-6.7676325,0.09510459005832672,0.9767441749572754,0.9293466210365295
YLL061W,YPL237W,0,-6.7677917,0.09509433805942535,0.9767441749572754,0.9294573664665222
YOR005C,YLR254C,0,-6.7687654,0.09508408606052399,0.9767441749572754,0.9295681118965149
YGR041W,YBR183W,0,-6.7693086,0.09507384151220322,0.9767441749572754,0.9296788573265076
YNL239W,YDL028C,0,-6.7695265,0.09506358951330185,0.9767441749572754,0.9297896027565002
YNR038W,YPR080W,0,-6.7700744,0.09505334496498108,0.9767441749572754,0.9299003481864929
YGR244C,YOR210W,0,-6.770761,0.09504310041666031,0.9767441749572754,0.9300110936164856
YDR358W,YGR192C,0,-6.7710586,0.09503286331892014,0.9767441749572754,0.9301218390464783
YOR036W,YLR337C,0,-6.7715783,0.09502262622117996,0.9767441749572754,0.930232584476471
YPL224C,YDL085W,0,-6.7720375,0.09501238912343979,0.9767441749572754,0.9303433299064636
YGL252C,YPR121W,0,-6.772692,0.09500215202569962,0.9767441749572754,0.9304540157318115
YKL194C,YPL146C,0,-6.7727,0.09499192237854004,0.9767441749572754,0.9305647611618042
YHR015W,YFL003C,0,-6.7731957,0.09498169273138046,0.9767441749572754,0.9306755065917969
YPR120C,YNL160W,0,-6.7740684,0.09497146308422089,0.9767441749572754,0.9307862520217896
YMR116C,YMR268C,0,-6.7741923,0.0949612408876419,0.9767441749572754,0.9308969974517822
YGL122C,YJR009C,0,-6.7742977,0.09495101869106293,0.9767441749572754,0.9310077428817749
YNR032W,YMR270C,0,-6.7754025,0.09494079649448395,0.9767441749572754,0.9311184883117676
YDL185W,YLR212C,0,-6.7756023,0.09493057429790497,0.9767441749572754,0.9312292337417603
YHR204W,YDR418W,0,-6.776006,0.09492035955190659,0.9767441749572754,0.9313399791717529
YML128C,YGR129W,0,-6.776323,0.0949101448059082,0.9767441749572754,0.9314507246017456
YHR174W,YER110C,0,-6.7764654,0.09489993751049042,0.9767441749572754,0.9315614700317383
YGL062W,YPL106C,0,-6.776468,0.09488972276449203,0.9767441749572754,0.931672215461731
YGL256W,YMR143W,0,-6.7776084,0.09487951546907425,0.9767441749572754,0.9317829608917236
YDR036C,YER054C,0,-6.7777085,0.09486931562423706,0.9767441749572754,0.9318937063217163
YML120C,YDR382W,0,-6.7802634,0.09485910832881927,0.9767441749572754,0.932004451751709
YNR038W,YJL053W,0,-6.781676,0.09484890848398209,0.9767441749572754,0.9321151971817017
YOR354C,YPR137W,0,-6.7821593,0.0948387086391449,0.9767441749572754,0.9322259426116943
YLR350W,YDR324C,0,-6.782175,0.0948285162448883,0.9767441749572754,0.9323366284370422
YAL054C,YEL066W,1,-6.782671,0.09492582082748413,0.9778516292572021,0.9323366284370422
YOR185C,YLR248W,0,-6.783629,0.09491562098264694,0.9778516292572021,0.9324473738670349
YOR230W,YPL206C,0,-6.784681,0.09490541368722916,0.9778516292572021,0.9325581192970276
YHR013C,YDL040C,1,-6.7858872,0.0950026884675026,0.9789590239524841,0.9325581192970276
YOR078W,YLR134W,0,-6.7863455,0.09499248117208481,0.9789590239524841,0.9326688647270203
YPL119C,YJR127C,0,-6.786594,0.09498227387666702,0.9789590239524841,0.9327796101570129
YBR039W,YBR006W,0,-6.787373,0.09497206658124924,0.9789590239524841,0.9328903555870056
YGR088W,YMR060C,0,-6.7874303,0.09496186673641205,0.9789590239524841,0.9330011010169983
YBR205W,YKL029C,0,-6.787745,0.09495166689157486,0.9789590239524841,0.933111846446991
YLR153C,YLL002W,1,-6.7885594,0.09504886716604233,0.9800664186477661,0.933111846446991
YOL101C,YKL165C,0,-6.7886267,0.09503865987062454,0.9800664186477661,0.9332225918769836
YMR001C,YJL048C,0,-6.79098,0.09502845257520676,0.9800664186477661,0.9333333373069763
YKL165C,YMR104C,0,-6.791084,0.09501825273036957,0.9800664186477661,0.933444082736969
YMR012W,YDR300C,0,-6.791535,0.09500805288553238,0.9800664186477661,0.9335548281669617
YKL114C,YBR171W,0,-6.791734,0.09499785304069519,0.9800664186477661,0.9336655735969543
YGL021W,YOL101C,0,-6.792505,0.0949876606464386,0.9800664186477661,0.933776319026947
YDL126C,YJL125C,0,-6.7930655,0.09497746080160141,0.9800664186477661,0.9338870644569397
YMR290C,YDR123C,0,-6.7935634,0.09496726840734482,0.9800664186477661,0.9339978098869324
YLR216C,YGR118W,0,-6.795362,0.09495708346366882,0.9800664186477661,0.934108555316925
YMR116C,YOL129W,0,-6.7955785,0.09494689106941223,0.9800664186477661,0.934219241142273
YML058W-A,YPR134W,0,-6.795614,0.09493670612573624,0.9800664186477661,0.9343299865722656
YMR202W,YPL010W,0,-6.7967176,0.09492652863264084,0.9800664186477661,0.9344407320022583
YAL054C,YIL009W,1,-6.7969713,0.09502359479665756,0.9811738729476929,0.9344407320022583
YLL043W,YKL099C,0,-6.7978883,0.09501340240240097,0.9811738729476929,0.934551477432251
YOL023W,YNL012W,0,-6.7989407,0.09500321745872498,0.9811738729476929,0.9346622228622437
YDR208W,YMR104C,0,-6.799196,0.09499303251504898,0.9811738729476929,0.9347729682922363
YAL012W,YLL060C,0,-6.8008857,0.09498284757137299,0.9811738729476929,0.934883713722229
YBR109C,YKL193C,0,-6.801067,0.09497266262769699,0.9811738729476929,0.9349944591522217
YHR139C,YDR165W,0,-6.8028197,0.09496248513460159,0.9811738729476929,0.9351052045822144
YBR089C-A,YCR061W,0,-6.8028846,0.0949523076415062,0.9811738729476929,0.935215950012207
YNR054C,YLR208W,0,-6.8043227,0.0949421375989914,0.9811738729476929,0.9353266954421997
YGL063W,YBR169C,0,-6.8049536,0.094931960105896,0.9811738729476929,0.9354374408721924
YGR086C,YNL113W,0,-6.8056903,0.0949217900633812,0.9811738729476929,0.9355481863021851
YDL014W,YML013W,0,-6.80607,0.0949116200208664,0.9811738729476929,0.9356589317321777
YGL087C,YBR162C,0,-6.807512,0.09490145742893219,0.9811738729476929,0.9357696771621704
YBR092C,YGL205W,0,-6.8078265,0.09489129483699799,0.9811738729476929,0.9358804225921631
YHR052W,YJL091C,0,-6.8096414,0.09488113224506378,0.9811738729476929,0.9359911680221558
YLR205C,YLR240W,0,-6.809855,0.09487096965312958,0.9811738729476929,0.9361018538475037
YGR166W,YKL178C,0,-6.810056,0.09486081451177597,0.9811738729476929,0.9362125992774963
YPL101W,YOR217W,0,-6.810513,0.09485065937042236,0.9811738729476929,0.936323344707489
YKR097W,YIL122W,0,-6.810861,0.09484050422906876,0.9811738729476929,0.9364340901374817
YIR037W,YMR175W,0,-6.810942,0.09483035653829575,0.9811738729476929,0.9365448355674744
YHR175W,YKL009W,0,-6.812161,0.09482020884752274,0.9811738729476929,0.936655580997467
YKL185W,YKL150W,0,-6.8125234,0.09481006115674973,0.9811738729476929,0.9367663264274597
YDR093W,YGR040W,0,-6.814396,0.09479991346597672,0.9811738729476929,0.9368770718574524
YPL221W,YDL213C,0,-6.81547,0.0947897732257843,0.9811738729476929,0.9369878172874451
YBR085W,YOR297C,0,-6.81716,0.09477963298559189,0.9811738729476929,0.9370985627174377
YER127W,YBL018C,0,-6.817641,0.09476949274539948,0.9811738729476929,0.9372093081474304
YOR269W,YOL129W,0,-6.8177085,0.09475935995578766,0.9811738729476929,0.9373200535774231
YHR013C,YMR246W,1,-6.8193307,0.09485616534948349,0.9822812676429749,0.9373200535774231
YLL061W,YJL108C,0,-6.8195386,0.09484602510929108,0.9822812676429749,0.9374307990074158
YML103C,YGL037C,0,-6.8213325,0.09483588486909866,0.9822812676429749,0.9375415444374084
YPL181W,YKL086W,0,-6.8233323,0.09482574462890625,0.9822812676429749,0.9376522898674011
YPL160W,YJL089W,0,-6.8238354,0.09481560438871384,0.9822812676429749,0.9377630352973938
YOR034C,YOR064C,1,-6.824959,0.09491235762834549,0.9833887219429016,0.9377630352973938
YJR078W,YOL067C,0,-6.825193,0.09490220993757248,0.9833887219429016,0.9378737807273865
YLR270W,YIL075C,0,-6.8252625,0.09489206969738007,0.9833887219429016,0.9379844665527344
YML080W,YDR481C,0,-6.825364,0.09488192945718765,0.9833887219429016,0.938095211982727
YOR198C,YNL075W,0,-6.8260007,0.09487179666757584,0.9833887219429016,0.9382059574127197
YOR056C,YGL014W,0,-6.8261247,0.09486165642738342,0.9833887219429016,0.9383167028427124
YNL074C,YOR340C,0,-6.8264837,0.0948515310883522,0.9833887219429016,0.9384274482727051
YBR026C,YGL106W,0,-6.826917,0.09484139829874039,0.9833887219429016,0.9385381937026978
YGR220C,YGL037C,0,-6.827991,0.09483126550912857,0.9833887219429016,0.9386489391326904
YGR083C,YNR015W,0,-6.8280597,0.09482114017009735,0.9833887219429016,0.9387596845626831
YMR246W,YLL022C,1,-6.82862,0.09491778910160065,0.9844961166381836,0.9387596845626831
YOL064C,YDL014W,0,-6.8287377,0.09490765631198883,0.9844961166381836,0.9388704299926758
YDR448W,YDL040C,1,-6.8287954,0.09500426799058914,0.9856035709381104,0.9388704299926758
YAR019C,YJR002W,0,-6.83028,0.09499412775039673,0.9856035709381104,0.9389811754226685
YBR026C,YLR116W,0,-6.830733,0.09498399496078491,0.9856035709381104,0.9390919208526611
YBR121C,YNL113W,0,-6.831536,0.0949738547205925,0.9856035709381104,0.9392026662826538
YDR511W,YDL044C,0,-6.8338027,0.09496372193098068,0.9856035709381104,0.9393134117126465
YOR188W,YCL063W,0,-6.835178,0.09495358914136887,0.9856035709381104,0.9394241571426392
YGR041W,YPL240C,0,-6.8409925,0.09494346380233765,0.9856035709381104,0.9395349025726318
YFL048C,YBR121C,0,-6.841948,0.09493333101272583,0.9856035709381104,0.9396456480026245
YOL139C,YGR108W,0,-6.8453608,0.09492320567369461,0.9856035709381104,0.9397563934326172
YIL013C,YDR324C,0,-6.8483777,0.09491308778524399,0.9856035709381104,0.9398671388626099
YLR175W,YOL020W,0,-6.850061,0.09490296244621277,0.9856035709381104,0.9399778246879578
YNL298W,YKL035W,0,-6.851008,0.09489284455776215,0.9856035709381104,0.9400885701179504
YLR284C,YGR083C,0,-6.8542957,0.09488272666931152,0.9856035709381104,0.9401993155479431
YCL035C,YIL122W,0,-6.8555465,0.0948726162314415,0.9856035709381104,0.9403100609779358
YDR077W,YGL208W,0,-6.8580766,0.09486250579357147,0.9856035709381104,0.9404208064079285
YIL009W,YMR246W,1,-6.8581095,0.09495896846055984,0.9867109656333923,0.9404208064079285
YIL004C,YOR297C,0,-6.858337,0.09494885057210922,0.9867109656333923,0.9405315518379211
YBR072W,YIL013C,0,-6.85934,0.0949387326836586,0.9867109656333923,0.9406422972679138
YMR042W,YGR145W,0,-6.8600802,0.09492861479520798,0.9867109656333923,0.9407530426979065
YAL003W,YDR037W,0,-6.8616443,0.09491850435733795,0.9867109656333923,0.9408637881278992
YJL094C,YGL246C,0,-6.864647,0.09490839391946793,0.9867109656333923,0.9409745335578918
YNR059W,YPR112C,0,-6.8646636,0.0948982834815979,0.9867109656333923,0.9410852789878845
YBR185C,YDR259C,0,-6.864963,0.09488818049430847,0.9867109656333923,0.9411960244178772
YIL160C,YJR126C,0,-6.8657937,0.09487807750701904,0.9867109656333923,0.9413067698478699
YPL248C,YOL080C,0,-6.865972,0.09486797451972961,0.9867109656333923,0.9414175152778625
YEL016C,YHR157W,0,-6.866209,0.09485787153244019,0.9867109656333923,0.9415282607078552
YDR382W,YDL098C,0,-6.8668275,0.09484777599573135,0.9867109656333923,0.9416390061378479
YDR284C,YDL064W,0,-6.8679194,0.09483768045902252,0.9867109656333923,0.9417497515678406
YOR099W,YCR072C,0,-6.86872,0.09482758492231369,0.9867109656333923,0.9418604373931885
YLR147C,YML093W,0,-6.8689284,0.09481749683618546,0.9867109656333923,0.9419711828231812
YNR053C,YNR026C,0,-6.8695984,0.09480740875005722,0.9867109656333923,0.9420819282531738
YFL031W,YIL042C,0,-6.8698583,0.09479732066392899,0.9867109656333923,0.9421926736831665
YJL100W,YBL106C,0,-6.873444,0.09478723257780075,0.9867109656333923,0.9423034191131592
YHR081W,YHR021C,0,-6.8734746,0.09477715194225311,0.9867109656333923,0.9424141645431519
YBR085W,YNL299W,0,-6.8740544,0.09476707130670547,0.9867109656333923,0.9425249099731445
YLR051C,YJL053W,0,-6.874146,0.09475699067115784,0.9867109656333923,0.9426356554031372
YPL122C,YPL157W,0,-6.8745084,0.0947469174861908,0.9867109656333923,0.9427464008331299
YEL027W,YGR197C,0,-6.8746037,0.09473684430122375,0.9867109656333923,0.9428571462631226
YMR140W,YLR003C,0,-6.875713,0.09472677111625671,0.9867109656333923,0.9429678916931152
YDL055C,YAL030W,0,-6.8758717,0.09471669793128967,0.9867109656333923,0.9430786371231079
YNR054C,YDR400W,0,-6.87652,0.09470663219690323,0.9867109656333923,0.9431893825531006
YKL009W,YHR042W,0,-6.876598,0.09469656646251678,0.9867109656333923,0.9433001279830933
YDR118W,YMR104C,0,-6.8779407,0.09468650072813034,0.9867109656333923,0.9434108734130859
YNL061W,YDL230W,0,-6.878062,0.0946764424443245,0.9867109656333923,0.9435216188430786
YIL009W,YLR195C,1,-6.8783064,0.09477262943983078,0.9878183603286743,0.9435216188430786
YPR020W,YOL146W,0,-6.8783956,0.09476256370544434,0.9878183603286743,0.9436323642730713
YBR161W,YBR066C,0,-6.87887,0.09475249797105789,0.9878183603286743,0.9437430500984192
YPL235W,YMR104C,0,-6.879413,0.09474243223667145,0.9878183603286743,0.9438537955284119
YGL200C,YDL014W,0,-6.879446,0.0947323739528656,0.9878183603286743,0.9439645409584045
YPL240C,YLR223C,0,-6.881341,0.09472230821847916,0.9878183603286743,0.9440752863883972
YML023C,YJL109C,0,-6.881635,0.09471224993467331,0.9878183603286743,0.9441860318183899
YPL227C,YAL003W,0,-6.8820505,0.09470219910144806,0.9878183603286743,0.9442967772483826
YOL088C,YPR140W,0,-6.8822994,0.09469214081764221,0.9878183603286743,0.9444075226783752
YDR087C,YKL028W,0,-6.8829203,0.09468208998441696,0.9878183603286743,0.9445182681083679
YER054C,YBR133C,0,-6.8852954,0.09467204660177231,0.9878183603286743,0.9446290135383606
YJL207C,YDR324C,0,-6.885958,0.09466199576854706,0.9878183603286743,0.9447397589683533
YHR142W,YGL169W,0,-6.8862233,0.0946519523859024,0.9878183603286743,0.944850504398346
YGR057C,YDR481C,0,-6.8872037,0.09464190900325775,0.9878183603286743,0.9449612498283386
YKL190W,YLR069C,0,-6.888132,0.0946318656206131,0.9878183603286743,0.9450719952583313
YDR159W,YDR356W,0,-6.8895946,0.09462182968854904,0.9878183603286743,0.945182740688324
YJL148W,YNL012W,0,-6.8896,0.09461179375648499,0.9878183603286743,0.9452934861183167
YER146W,YPR074C,0,-6.890982,0.09460175782442093,0.9878183603286743,0.9454042315483093
YLR264W,YBR280C,0,-6.89208,0.09459172934293747,0.9878183603286743,0.945514976978302
YNL123W,YGL126W,0,-6.8928266,0.09458170086145401,0.9878183603286743,0.9456256628036499
YGL068W,YPL212C,0,-6.894322,0.09457167237997055,0.9878183603286743,0.9457364082336426
YAL042W,YNL268W,0,-6.895611,0.09456164389848709,0.9878183603286743,0.9458471536636353
YFR002W,YML093W,0,-6.8965607,0.09455162286758423,0.9878183603286743,0.9459578990936279
YAL040C,YOR018W,0,-6.8967695,0.09454160183668137,0.9878183603286743,0.9460686445236206
YBL075C,YPL032C,0,-6.8978524,0.0945315808057785,0.9878183603286743,0.9461793899536133
YNL008C,YIL122W,0,-6.8998656,0.09452156722545624,0.9878183603286743,0.946290135383606
YHR187W,YPL012W,0,-6.9000864,0.09451154619455338,0.9878183603286743,0.9464008808135986
YOL093W,YMR284W,0,-6.9014926,0.09450153261423111,0.9878183603286743,0.9465116262435913
YMR033W,YDL031W,0,-6.901507,0.09449152648448944,0.9878183603286743,0.946622371673584
YNR010W,YLR010C,0,-6.9055886,0.09448152035474777,0.9878183603286743,0.9467331171035767
YPL259C,YFL014W,0,-6.90624,0.0944715067744255,0.9878183603286743,0.9468438625335693
YGL062W,YPR016C,0,-6.906297,0.09446150809526443,0.9878183603286743,0.946954607963562
YKL043W,YDR259C,0,-6.9077787,0.09445150196552277,0.9878183603286743,0.9470653533935547
YKL146W,YDR096W,0,-6.908455,0.0944415032863617,0.9878183603286743,0.9471760988235474
YDR518W,YDL064W,0,-6.9088655,0.09443150460720062,0.9878183603286743,0.94728684425354
YGR155W,YBR061C,0,-6.910402,0.09442150592803955,0.9878183603286743,0.9473975896835327
YDR101C,YCL039W,0,-6.9137473,0.09441151469945908,0.9878183603286743,0.9475083351135254
YER088C,YIL117C,0,-6.917706,0.0944015234708786,0.9878183603286743,0.9476190209388733
YJL042W,YGL062W,0,-6.917708,0.09439153224229813,0.9878183603286743,0.947729766368866
YNR001C,YHR160C,0,-6.9184413,0.09438154846429825,0.9878183603286743,0.9478405117988586
YBR026C,YGR123C,0,-6.9198384,0.09437156468629837,0.9878183603286743,0.9479512572288513
YML123C,YLL034C,0,-6.9203873,0.09436158090829849,0.9878183603286743,0.948062002658844
YAL054C,YPR023C,1,-6.9207954,0.09445737302303314,0.9889258146286011,0.948062002658844
YGR200C,YBL055C,0,-6.921595,0.09444738179445267,0.9889258146286011,0.9481727480888367
YLR117C,YLR205C,0,-6.9230046,0.09443739056587219,0.9889258146286011,0.9482834935188293
YGL105W,YML093W,0,-6.9244876,0.09442740678787231,0.9889258146286011,0.948394238948822
YKL011C,YMR272C,0,-6.924563,0.09441742300987244,0.9889258146286011,0.9485049843788147
YMR012W,YDR202C,0,-6.9248147,0.09440743923187256,0.9889258146286011,0.9486157298088074
YOR100C,YPR054W,0,-6.9254146,0.09439746290445328,0.9889258146286011,0.9487264752388
YOL016C,YNL029C,0,-6.927111,0.094387486577034,0.9889258146286011,0.9488372206687927
YGR280C,YJR102C,0,-6.927315,0.09437751024961472,0.9889258146286011,0.9489479660987854
YHR174W,YHR167W,0,-6.928935,0.09436753392219543,0.9889258146286011,0.9490587115287781
YHR072W,YGL162W,0,-6.9289947,0.09435756504535675,0.9889258146286011,0.9491694569587708
YNL239W,YDL128W,0,-6.92998,0.09434759616851807,0.9889258146286011,0.9492802023887634
YHR013C,YLR195C,1,-6.930996,0.09444326907396317,0.9900332093238831,0.9492802023887634
YDR214W,YBR036C,0,-6.9316278,0.09443329274654388,0.9900332093238831,0.9493909478187561
YFL014W,YIL160C,0,-6.9338126,0.0944233238697052,0.9900332093238831,0.949501633644104
YMR246W,YLL002W,1,-6.9338546,0.09451895952224731,0.9911406636238098,0.949501633644104
YGL192W,YNL007C,0,-6.9343686,0.09450897574424744,0.9911406636238098,0.9496123790740967
YDR022C,YOR031W,0,-6.93461,0.09449899941682816,0.9911406636238098,0.9497231245040894
YHR043C,YJL191W,0,-6.9356093,0.09448902308940887,0.9911406636238098,0.949833869934082
YLR215C,YMR211W,0,-6.935782,0.0944790467619896,0.9911406636238098,0.9499446153640747
YMR092C,YDR270W,0,-6.9369426,0.09446907043457031,0.9911406636238098,0.9500553607940674
YNL068C,YOR004W,0,-6.938619,0.09445910155773163,0.9911406636238098,0.9501661062240601
YMR237W,YMR032W,0,-6.93872,0.09444913268089294,0.9911406636238098,0.9502768516540527
YNL021W,YMR146C,0,-6.942407,0.09443917125463486,0.9911406636238098,0.9503875970840454
YLR084C,YCR083W,0,-6.94243,0.09442920237779617,0.9911406636238098,0.9504983425140381
YNL231C,YGL135W,0,-6.9482546,0.09441924095153809,0.9911406636238098,0.9506090879440308
YNL251C,YKL193C,0,-6.9482903,0.09440927952528,0.9911406636238098,0.9507198333740234
YPL227C,YMR150C,0,-6.948729,0.09439932554960251,0.9911406636238098,0.9508305788040161
YLR014C,YIL053W,0,-6.9492154,0.09438937157392502,0.9911406636238098,0.9509413242340088
YDL031W,YOL040C,0,-6.9506707,0.09437941759824753,0.9911406636238098,0.9510520696640015
YMR246W,YLR195C,1,-6.9512153,0.0944749042391777,0.9922480583190918,0.9510520696640015
YLR254C,YDR479C,0,-6.9544997,0.09446494281291962,0.9922480583190918,0.9511628150939941
YHR193C,YBR121C,0,-6.958181,0.09445498883724213,0.9922480583190918,0.9512735605239868
YIL042C,YKL144C,0,-6.959056,0.09444502741098404,0.9922480583190918,0.9513842463493347
YBR280C,YGR094W,0,-6.961766,0.09443507343530655,0.9922480583190918,0.9514949917793274
YEL022W,YJL069C,0,-6.9636865,0.09442512691020966,0.9922480583190918,0.9516057372093201
YLR233C,YBR072W,0,-6.9648423,0.09441517293453217,0.9922480583190918,0.9517164826393127
YNR038W,YPL253C,0,-6.968225,0.09440522640943527,0.9922480583190918,0.9518272280693054
YGL105W,YBL032W,0,-6.9687357,0.09439527988433838,0.9922480583190918,0.9519379734992981
YAL003W,YNL153C,0,-6.9726377,0.09438533335924149,0.9922480583190918,0.9520487189292908
YLR153C,YCL010C,1,-6.974053,0.0944807231426239,0.9933554530143738,0.9520487189292908
YFR053C,YLR303W,0,-6.977328,0.09447077661752701,0.9933554530143738,0.9521594643592834
YJR065C,YIL154C,0,-6.978213,0.09446082264184952,0.9933554530143738,0.9522702097892761
YGR200C,YGL045W,0,-6.979473,0.09445087611675262,0.9933554530143738,0.9523809552192688
YAL054C,YOR023C,1,-6.983266,0.09454622119665146,0.9944629073143005,0.9523809552192688
YKR057W,YMR096W,0,-6.984096,0.09453626722097397,0.9944629073143005,0.9524917006492615
YMR033W,YEL054C,0,-6.9845586,0.09452631324529648,0.9944629073143005,0.9526024460792542
YGL012W,YCR072C,0,-6.9849324,0.09451636672019958,0.9944629073143005,0.9527131915092468
YDR343C,YLR026C,0,-6.9852796,0.09450642019510269,0.9944629073143005,0.9528239369392395
YOR340C,YIL123W,0,-6.9889183,0.0944964736700058,0.9944629073143005,0.9529346823692322
YNL112W,YPL193W,0,-6.989445,0.0944865345954895,0.9944629073143005,0.9530454277992249
YNL065W,YJL045W,0,-6.990379,0.09447658807039261,0.9944629073143005,0.9531561732292175
YNL142W,YDR324C,0,-6.9904428,0.09446664899587631,0.9944629073143005,0.9532668590545654
YDR148C,YJL154C,0,-6.9912157,0.09445671737194061,0.9944629073143005,0.9533776044845581
YBR202W,YDL166C,0,-6.9916296,0.09444677829742432,0.9944629073143005,0.9534883499145508
YBL079W,YBR106W,0,-6.9926305,0.09443684667348862,0.9944629073143005,0.9535990953445435
YBR092C,YMR266W,0,-6.9932327,0.09442692250013351,0.9944629073143005,0.9537098407745361
YBR059C,YIL122W,0,-6.993748,0.09441699087619781,0.9944629073143005,0.9538205862045288
YBL078C,YML034W,0,-6.995848,0.09440706670284271,0.9944629073143005,0.9539313316345215
YFR030W,YNL302C,0,-6.9959726,0.09439714252948761,0.9944629073143005,0.9540420770645142
YBL045C,YLR270W,0,-6.9979405,0.09438721835613251,0.9944629073143005,0.9541528224945068
YNL138W,YBR061C,0,-6.998013,0.094377301633358,0.9944629073143005,0.9542635679244995
YIL097W,YMR143W,0,-6.998211,0.0943673849105835,0.9944629073143005,0.9543743133544922
YIL159W,YGL037C,0,-7.000155,0.09435746818780899,0.9944629073143005,0.9544850587844849
YOR328W,YDL083C,0,-7.0025067,0.09434755146503448,0.9944629073143005,0.9545958042144775
YBR167C,YJL191W,0,-7.0032754,0.09433764219284058,0.9944629073143005,0.9547065496444702
YKR090W,YGR094W,0,-7.003299,0.09432773292064667,0.9944629073143005,0.9548172950744629
YGR083C,YOR355W,0,-7.00339,0.09431782364845276,0.9944629073143005,0.9549280405044556
YNL041C,YDL003W,0,-7.0034833,0.09430792182683945,0.9944629073143005,0.9550387859344482
YER138C,YJR029W,0,-7.005789,0.09429801255464554,0.9944629073143005,0.9551495313644409
YOR032C,YNL097C,0,-7.0067363,0.09428811073303223,0.9944629073143005,0.9552602171897888
YJR070C,YNL241C,0,-7.007418,0.09427821636199951,0.9944629073143005,0.9553709626197815
YHR120W,YJL208C,0,-7.008032,0.0942683219909668,0.9944629073143005,0.9554817080497742
YOR361C,YCL033C,0,-7.00888,0.09425842016935349,0.9944629073143005,0.9555924534797668
YOL142W,YKL193C,0,-7.009172,0.09424853324890137,0.9944629073143005,0.9557031989097595
YOL021C,YOL142W,0,-7.010015,0.09423863887786865,0.9944629073143005,0.9558139443397522
YDL099W,YNR054C,0,-7.010865,0.09422875195741653,0.9944629073143005,0.9559246897697449
YFR052W,YPL087W,0,-7.0158467,0.09421886503696442,0.9944629073143005,0.9560354351997375
YBR048W,YIL061C,0,-7.016811,0.0942089781165123,0.9944629073143005,0.9561461806297302
YGL246C,YGR070W,0,-7.0170016,0.09419909864664078,0.9944629073143005,0.9562569260597229
YGR145W,YIR037W,0,-7.0176964,0.09418921917676926,0.9944629073143005,0.9563676714897156
YDL111C,YCR083W,0,-7.018011,0.09417933970689774,0.9944629073143005,0.9564784169197083
YNL112W,YHR084W,0,-7.0182185,0.09416946023702621,0.9944629073143005,0.9565891623497009
YIL128W,YGR128C,0,-7.0207014,0.09415958821773529,0.9944629073143005,0.9566999077796936
YJR078W,YDL213C,0,-7.0212502,0.09414971619844437,0.9944629073143005,0.9568106532096863
YJL167W,YKL178C,0,-7.021372,0.09413984417915344,0.9944629073143005,0.956921398639679
YJR155W,YKL099C,0,-7.023284,0.09412997961044312,0.9944629073143005,0.9570321440696716
YLR270W,YIL154C,0,-7.0232863,0.09412011504173279,0.9944629073143005,0.9571428298950195
YDL135C,YOR003W,0,-7.023811,0.09411025047302246,0.9944629073143005,0.9572535753250122
YPR113W,YLL041C,0,-7.029859,0.09410038590431213,0.9944629073143005,0.9573643207550049
YBL024W,YCL043C,0,-7.0357747,0.0940905287861824,0.9944629073143005,0.9574750661849976
YBL098W,YLL019C,0,-7.036008,0.09408067166805267,0.9944629073143005,0.9575858116149902
YNL274C,YDR143C,0,-7.0362463,0.09407081454992294,0.9944629073143005,0.9576965570449829
YGL105W,YFR051C,0,-7.0385265,0.09406096488237381,0.9944629073143005,0.9578073024749756
YOR310C,YNR006W,0,-7.038594,0.09405110776424408,0.9944629073143005,0.9579180479049683
YJL014W,YKL191W,0,-7.039411,0.09404125809669495,0.9944629073143005,0.9580287933349609
YPR065W,YIL123W,0,-7.0403724,0.09403141587972641,0.9944629073143005,0.9581395387649536
YMR142C,YMR013C,0,-7.040581,0.09402156621217728,0.9944629073143005,0.9582502841949463
YGR213C,YBL075C,0,-7.042048,0.09401172399520874,0.9944629073143005,0.958361029624939
YDR353W,YLR222C,0,-7.04284,0.0940018817782402,0.9944629073143005,0.9584717750549316
YAL025C,YBL075C,0,-7.0436454,0.09399204701185226,0.9944629073143005,0.9585825204849243
YCL054W,YHR084W,0,-7.043796,0.09398220479488373,0.9944629073143005,0.958693265914917
YBR079C,YGR229C,0,-7.0463724,0.09397237002849579,0.9944629073143005,0.9588040113449097
YAL054C,YOL110W,1,-7.046736,0.09406717866659164,0.9955703020095825,0.9588040113449097
YDR361C,YDL230W,0,-7.0472064,0.09405733644962311,0.9955703020095825,0.9589147567749023
YGL087C,YNL061W,0,-7.0505633,0.09404749423265457,0.9955703020095825,0.9590254426002502
YEL029C,YGR030C,0,-7.054132,0.09403765946626663,0.9955703020095825,0.9591361880302429
YJL042W,YDR002W,0,-7.0548277,0.09402782469987869,0.9955703020095825,0.9592469334602356
YOR301W,YIL123W,0,-7.0569715,0.09401798993349075,0.9955703020095825,0.9593576788902283
YOL013C,YKL038W,0,-7.058866,0.09400815516710281,0.9955703020095825,0.959468424320221
YOR210W,YBR030W,0,-7.060486,0.09399832785129547,0.9955703020095825,0.9595791697502136
YJR073C,YPL133C,0,-7.060725,0.09398850053548813,0.9955703020095825,0.9596899151802063
YBR177C,YKL009W,0,-7.0618877,0.09397867321968079,0.9955703020095825,0.959800660610199
YLL026W,YOR127W,0,-7.0641284,0.09396885335445404,0.9955703020095825,0.9599114060401917
YBR072W,YMR106C,0,-7.0642295,0.0939590334892273,0.9955703020095825,0.9600221514701843
YMR077C,YMR104C,0,-7.064508,0.09394921362400055,0.9955703020095825,0.960132896900177
YML116W,YPL137C,0,-7.0651135,0.0939393937587738,0.9955703020095825,0.9602436423301697
YIL103W,YDR341C,0,-7.0679417,0.09392958134412766,0.9955703020095825,0.9603543877601624
YMR006C,YHR084W,0,-7.0686126,0.0939197689294815,0.9955703020095825,0.960465133190155
YLR060W,YIL128W,0,-7.0688586,0.09390995651483536,0.9955703020095825,0.9605758786201477
YHR096C,YJL089W,0,-7.0724387,0.09390014410018921,0.9955703020095825,0.9606866240501404
YNL311C,YMR104C,0,-7.072561,0.09389033913612366,0.9955703020095825,0.9607973694801331
YKL081W,YIL022W,0,-7.0735726,0.0938805341720581,0.9955703020095825,0.960908055305481
YNR001C,YCL043C,0,-7.07566,0.09387072920799255,0.9955703020095825,0.9610188007354736
YDR377W,YIL155C,0,-7.0764456,0.0938609316945076,0.9955703020095825,0.9611295461654663
YHR169W,YDR077W,0,-7.0786347,0.09385113418102264,0.9955703020095825,0.961240291595459
YGR177C,YJL194W,0,-7.079844,0.09384133666753769,0.9955703020095825,0.9613510370254517
YDL198C,YGR248W,0,-7.0807834,0.09383153915405273,0.9955703020095825,0.9614617824554443
YHR013C,YPL129W,1,-7.0846467,0.09392610937356949,0.9966777563095093,0.9614617824554443
YMR042W,YNR038W,0,-7.0864563,0.09391631186008453,0.9966777563095093,0.961572527885437
YJR042W,YLL034C,0,-7.088777,0.09390651434659958,0.9966777563095093,0.9616832733154297
YHR068W,YER162C,0,-7.0899353,0.09389671683311462,0.9966777563095093,0.9617940187454224
YPL086C,YOR132W,0,-7.091766,0.09388691931962967,0.9966777563095093,0.961904764175415
YER054C,YNL290W,0,-7.093808,0.09387712180614471,0.9966777563095093,0.9620155096054077
YBR072W,YGR270W,0,-7.0981436,0.09386733174324036,0.9966777563095093,0.9621262550354004
YNR008W,YDL208W,0,-7.099016,0.093857541680336,0.9966777563095093,0.9622370004653931
YHR194W,YOR001W,0,-7.1007667,0.09384775906801224,0.9966777563095093,0.9623477458953857
YJL026W,YBR105C,0,-7.101381,0.09383797645568848,0.9966777563095093,0.9624584913253784
YHR027C,YCL054W,0,-7.1014323,0.09382819384336472,0.9966777563095093,0.9625692367553711
YNL117W,YFL037W,0,-7.1050916,0.09381841123104095,0.9966777563095093,0.9626799821853638
YLR397C,YNL241C,0,-7.1055284,0.0938086286187172,0.9966777563095093,0.9627906680107117
YMR143W,YBR006W,0,-7.1103096,0.09379885345697403,0.9966777563095093,0.9629014134407043
YDR173C,YPR155C,0,-7.1106706,0.09378907829523087,0.9966777563095093,0.963012158870697
YMR308C,YBR002C,0,-7.113348,0.0937793031334877,0.9966777563095093,0.9631229043006897
YNL111C,YPL063W,0,-7.1144714,0.09376953542232513,0.9966777563095093,0.9632336497306824
YLR114C,YLR175W,0,-7.1159997,0.09375976771116257,0.9966777563095093,0.963344395160675
YBR145W,YOR084W,0,-7.12038,0.09375,0.9966777563095093,0.9634551405906677
YDL003W,YMR096W,0,-7.1204414,0.09374023228883743,0.9966777563095093,0.9635658860206604
YDR480W,YOR036W,0,-7.1225305,0.09373047202825546,0.9966777563095093,0.9636766314506531
YNR038W,YLR022C,0,-7.1230288,0.09372071176767349,0.9966777563095093,0.9637873768806458
YJL102W,YGR085C,0,-7.125414,0.09371095150709152,0.9966777563095093,0.9638981223106384
YLR068W,YDR172W,0,-7.128665,0.09370119869709015,0.9966777563095093,0.9640088677406311
YOR001W,YDR059C,0,-7.131584,0.09369144588708878,0.9966777563095093,0.9641196131706238
YDL198C,YFR053C,0,-7.1317267,0.0936816930770874,0.9966777563095093,0.9642303586006165
YMR235C,YPR074C,0,-7.133018,0.09367194026708603,0.9966777563095093,0.9643411040306091
YMR312W,YOL039W,0,-7.133447,0.09366219490766525,0.9966777563095093,0.9644518494606018
YJL020C,YML091C,0,-7.134032,0.09365244209766388,0.9966777563095093,0.9645625948905945
YKR054C,YKL029C,0,-7.137199,0.0936427041888237,0.9966777563095093,0.9646733403205872
YFR030W,YBL024W,0,-7.138714,0.09363295882940292,0.9966777563095093,0.9647840261459351
YNL023C,YJR097W,0,-7.140402,0.09362322092056274,0.9966777563095093,0.9648947715759277
YIL117C,YDL194W,0,-7.1406503,0.09361348301172256,0.9966777563095093,0.9650055170059204
YLR314C,YDR171W,0,-7.142181,0.09360374510288239,0.9966777563095093,0.9651162624359131
YDL084W,YLR222C,0,-7.1444516,0.0935940071940422,0.9966777563095093,0.9652270078659058
YGL032C,YBL078C,0,-7.1482024,0.09358427673578262,0.9966777563095093,0.9653377532958984
YJR078W,YNL182C,0,-7.148349,0.09357454627752304,0.9966777563095093,0.9654484987258911
YGL070C,YKL081W,0,-7.1484656,0.09356482326984406,0.9966777563095093,0.9655592441558838
YAL007C,YGR081C,0,-7.1528163,0.09355509281158447,0.9966777563095093,0.9656699895858765
YKL193C,YDR293C,0,-7.1568794,0.09354536980390549,0.9966777563095093,0.9657807350158691
YHR183W,YOR272W,0,-7.1569467,0.0935356467962265,0.9966777563095093,0.9658914804458618
YGR078C,YKR014C,0,-7.1595054,0.09352592378854752,0.9966777563095093,0.9660022258758545
YPR132W,YCR072C,0,-7.1596956,0.09351620823144913,0.9966777563095093,0.9661129713058472
YPR155C,YPL043W,0,-7.1612706,0.09350649267435074,0.9966777563095093,0.9662237167358398
YNL173C,YFL016C,0,-7.161609,0.09349677711725235,0.9966777563095093,0.9663344621658325
YJR040W,YBL075C,0,-7.1630073,0.09348706901073456,0.9966777563095093,0.9664452075958252
YIL131C,YDL055C,0,-7.169064,0.09347736090421677,0.9966777563095093,0.9665559530258179
YLR103C,YHR021C,0,-7.171457,0.09346765279769897,0.9966777563095093,0.9666666388511658
YGL155W,YDL112W,0,-7.1741104,0.09345794469118118,0.9966777563095093,0.9667773842811584
YMR202W,YLR205C,0,-7.1743,0.09344823658466339,0.9966777563095093,0.9668881297111511
YKL150W,YGL111W,0,-7.174763,0.0934385359287262,0.9966777563095093,0.9669988751411438
YMR301C,YOR078W,0,-7.178308,0.093428835272789,0.9966777563095093,0.9671096205711365
YOL082W,YJL146W,0,-7.1794066,0.0934191420674324,0.9966777563095093,0.9672203660011292
YER044C,YOR347C,0,-7.1858096,0.09340944141149521,0.9966777563095093,0.9673311114311218
YML004C,YPL159C,0,-7.1900425,0.09339974820613861,0.9966777563095093,0.9674418568611145
YDL147W,YDR394W,0,-7.190352,0.09339006245136261,0.9966777563095093,0.9675526022911072
YAL007C,YDL236W,0,-7.1910105,0.09338036924600601,0.9966777563095093,0.9676633477210999
YMR041C,YMR175W,0,-7.1913743,0.09337068349123001,0.9966777563095093,0.9677740931510925
YNL188W,YNL186W,0,-7.1932406,0.09336099773645401,0.9966777563095093,0.9678848385810852
YKL191W,YER053C,0,-7.1933956,0.09335131198167801,0.9966777563095093,0.9679955840110779
YPL256C,YGL045W,0,-7.195015,0.0933416336774826,0.9966777563095093,0.9681063294410706
YDL102W,YDR418W,0,-7.195538,0.0933319479227066,0.9966777563095093,0.9682170748710632
YKL191W,YBR267W,0,-7.1955943,0.0933222696185112,0.9966777563095093,0.9683278203010559
YGR229C,YDR346C,0,-7.1965785,0.09331259876489639,0.9966777563095093,0.9684385657310486
YER020W,YPL146C,0,-7.1968436,0.09330292046070099,0.9966777563095093,0.9685492515563965
YDL055C,YER031C,0,-7.200252,0.09329324960708618,0.9966777563095093,0.9686599969863892
YLR097C,YPL043W,0,-7.2037625,0.09328357875347137,0.9966777563095093,0.9687707424163818
YNL142W,YLR448W,0,-7.204637,0.09327391535043716,0.9966777563095093,0.9688814878463745
YOL164W,YLR249W,0,-7.2054667,0.09326425194740295,0.9966777563095093,0.9689922332763672
YBL009W,YKL064W,0,-7.20554,0.09325458854436874,0.9966777563095093,0.9691029787063599
YBR026C,YPL147W,0,-7.2056375,0.09324492514133453,0.9966777563095093,0.9692137241363525
YLL019C,YKR057W,0,-7.206698,0.09323526173830032,0.9966777563095093,0.9693244695663452
YLR060W,YGL070C,0,-7.208933,0.09322560578584671,0.9966777563095093,0.9694352149963379
YEL036C,YNL075W,0,-7.2096944,0.0932159498333931,0.9966777563095093,0.9695459604263306
YML080W,YJL192C,0,-7.211017,0.09320629388093948,0.9966777563095093,0.9696567058563232
YLR270W,YGL006W,0,-7.212553,0.09319664537906647,0.9966777563095093,0.9697674512863159
YML132W,YML128C,0,-7.2126713,0.09318699687719345,0.9966777563095093,0.9698781967163086
YDL022W,YBR083W,0,-7.213735,0.09317734837532043,0.9966777563095093,0.9699889421463013
YLR175W,YDR180W,0,-7.2143836,0.09316769987344742,0.9966777563095093,0.970099687576294
YMR270C,YOR272W,0,-7.2146554,0.093158058822155,0.9966777563095093,0.9702104330062866
YAL012W,YGL037C,0,-7.2151046,0.09314841777086258,0.9966777563095093,0.9703211784362793
YDL083C,YHR163W,0,-7.215875,0.09313877671957016,0.9966777563095093,0.9704318642616272
YIR041W,YHR106W,0,-7.21936,0.09312913566827774,0.9966777563095093,0.9705426096916199
YGR036C,YNL327W,0,-7.2211986,0.09311950206756592,0.9966777563095093,0.9706533551216125
YHR187W,YDR382W,0,-7.2216506,0.0931098684668541,0.9966777563095093,0.9707641005516052
YPL154C,YCR053W,0,-7.2237663,0.09310023486614227,0.9966777563095093,0.9708748459815979
YKL009W,YHR172W,0,-7.2241416,0.09309060871601105,0.9966777563095093,0.9709855914115906
YDR036C,YKL101W,0,-7.2257333,0.09308098256587982,0.9966777563095093,0.9710963368415833
YOR206W,YLR212C,0,-7.2267256,0.0930713564157486,0.9966777563095093,0.9712070822715759
YGL053W,YJL074C,0,-7.227758,0.09306173026561737,0.9966777563095093,0.9713178277015686
YOR310C,YKR090W,0,-7.230147,0.09305211156606674,0.9966777563095093,0.9714285731315613
YJL122W,YOR025W,0,-7.2324834,0.09304249286651611,0.9966777563095093,0.971539318561554
YAL025C,YMR285C,0,-7.233637,0.09303287416696548,0.9966777563095093,0.9716500639915466
YKR076W,YNL055C,0,-7.2345314,0.09302325546741486,0.9966777563095093,0.9717608094215393
YDL029W,YOL080C,0,-7.2372446,0.09301364421844482,0.9966777563095093,0.971871554851532
YOR294W,YBR171W,0,-7.239818,0.09300403296947479,0.9966777563095093,0.9719823002815247
YDL040C,YLR195C,1,-7.240531,0.0930977463722229,0.9977851510047913,0.9719823002815247
YCL025C,YPR138C,0,-7.2407317,0.09308812767267227,0.9977851510047913,0.9720930457115173
YML061C,YML027W,0,-7.245527,0.09307850897312164,0.9977851510047913,0.97220379114151
YKL110C,YJR019C,0,-7.2474856,0.09306889772415161,0.9977851510047913,0.9723145365715027
YJL034W,YPL123C,0,-7.248382,0.09305928647518158,0.9977851510047913,0.9724252223968506
YNL142W,YER070W,0,-7.248962,0.09304967522621155,0.9977851510047913,0.9725359678268433
YOL139C,YOL040C,0,-7.255296,0.09304006397724152,0.9977851510047913,0.9726467132568359
YIL053W,YEL054C,0,-7.255325,0.09303046017885208,0.9977851510047913,0.9727574586868286
YLR355C,YML023C,0,-7.2565556,0.09302085638046265,0.9977851510047913,0.9728682041168213
YPL202C,YPL131W,0,-7.2599254,0.09301125258207321,0.9977851510047913,0.972978949546814
YML128C,YER012W,0,-7.2601347,0.09300164878368378,0.9977851510047913,0.9730896949768066
YGR244C,YBR169C,0,-7.2650323,0.09299205243587494,0.9977851510047913,0.9732004404067993
YDR168W,YMR049C,0,-7.266145,0.0929824560880661,0.9977851510047913,0.973311185836792
YML128C,YHR014W,0,-7.2666526,0.09297285974025726,0.9977851510047913,0.9734219312667847
YHR005C,YKL035W,0,-7.2727113,0.09296327084302902,0.9977851510047913,0.9735326766967773
YAL033W,YNL113W,0,-7.273176,0.09295367449522018,0.9977851510047913,0.97364342212677
YJR069C,YKL021C,0,-7.2817616,0.09294408559799194,0.9977851510047913,0.9737541675567627
YGL090W,YMR104C,0,-7.2818465,0.0929345041513443,0.9977851510047913,0.9738649129867554
YEL032W,YPL123C,0,-7.282284,0.09292491525411606,0.9977851510047913,0.973975658416748
YBR106W,YGR229C,0,-7.2836623,0.09291533380746841,0.9977851510047913,0.9740864038467407
YGR088W,YDR318W,0,-7.2845683,0.09290575236082077,0.9977851510047913,0.9741971492767334
YPL256C,YER024W,0,-7.2847643,0.09289617836475372,0.9977851510047913,0.9743078351020813
YCL039W,YOL142W,0,-7.2855883,0.09288659691810608,0.9977851510047913,0.974418580532074
YDR518W,YKR081C,0,-7.287826,0.09287702292203903,0.9977851510047913,0.9745293259620667
YBL042C,YHR016C,0,-7.2892613,0.09286744892597198,0.9977851510047913,0.9746400713920593
YGL014W,YDR398W,0,-7.2919,0.09285788238048553,0.9977851510047913,0.974750816822052
YGR003W,YBL075C,0,-7.2948084,0.09284830838441849,0.9977851510047913,0.9748615622520447
YLR175W,YPR155C,0,-7.297392,0.09283874183893204,0.9977851510047913,0.9749723076820374
YGL062W,YHR139C,0,-7.2994046,0.09282917529344559,0.9977851510047913,0.97508305311203
YNL282W,YBR267W,0,-7.301309,0.09281961619853973,0.9977851510047913,0.9751937985420227
YNL243W,YMR104C,0,-7.3014197,0.09281005710363388,0.9977851510047913,0.9753045439720154
YAL054C,YER015W,1,-7.3084755,0.0929034948348999,0.998892605304718,0.9753045439720154
YOR100C,YMR142C,0,-7.3132944,0.09289392083883286,0.998892605304718,0.9754152894020081
YLR186W,YGR063C,0,-7.317139,0.0928843542933464,0.998892605304718,0.9755260348320007
YNL062C,YHR081W,0,-7.318436,0.09287479519844055,0.998892605304718,0.9756367802619934
YOR267C,YDR324C,0,-7.319717,0.0928652286529541,0.998892605304718,0.9757475256919861
YGR264C,YER053C,0,-7.326051,0.09285566955804825,0.998892605304718,0.9758582711219788
YGR222W,YPR154W,0,-7.326819,0.09284611791372299,0.998892605304718,0.9759690165519714
YMR078C,YHR068W,0,-7.336834,0.09283655881881714,0.998892605304718,0.9760797619819641
YKR097W,YDR059C,0,-7.3374925,0.09282700717449188,0.998892605304718,0.976190447807312
YNR038W,YOR297C,0,-7.339458,0.09281745553016663,0.998892605304718,0.9763011932373047
YDL230W,YHR196W,0,-7.3423405,0.09280790388584137,0.998892605304718,0.9764119386672974
YOR074C,YPL256C,0,-7.343224,0.09279835224151611,0.998892605304718,0.97652268409729
YDL145C,YMR049C,0,-7.350182,0.09278880804777145,0.998892605304718,0.9766334295272827
YDL031W,YGR095C,0,-7.3507767,0.0927792638540268,0.998892605304718,0.9767441749572754
YDR245W,YMR104C,0,-7.351414,0.09276971966028214,0.998892605304718,0.9768549203872681
YOL013C,YDR280W,0,-7.3530774,0.09276018291711807,0.998892605304718,0.9769656658172607
YOL080C,YKR079C,0,-7.353842,0.09275064617395401,0.998892605304718,0.9770764112472534
YJL124C,YLR197W,0,-7.363128,0.09274110943078995,0.998892605304718,0.9771871566772461
YCL059C,YBR006W,0,-7.3642697,0.09273157268762589,0.998892605304718,0.9772979021072388
YBR072W,YDR469W,0,-7.3652234,0.09272203594446182,0.998892605304718,0.9774086475372314
YGR229C,YNR046W,0,-7.3664794,0.09271250665187836,0.998892605304718,0.9775193929672241
YPR132W,YJL164C,0,-7.3667192,0.09270297735929489,0.998892605304718,0.9776301383972168
YMR173W,YBR093C,0,-7.372279,0.09269345551729202,0.998892605304718,0.9777408838272095
YER110C,YKL122C,0,-7.3722997,0.09268392622470856,0.998892605304718,0.9778516292572021
YJL050W,YLL012W,0,-7.3724427,0.09267440438270569,0.998892605304718,0.9779623746871948
YNL021W,YHR197W,0,-7.3807683,0.09266488254070282,0.998892605304718,0.9780730605125427
YKL009W,YLR059C,0,-7.3880873,0.09265536814928055,0.998892605304718,0.9781838059425354
YGL073W,YLR264W,0,-7.3883986,0.09264585375785828,0.998892605304718,0.9782945513725281
YDL031W,YOR063W,0,-7.400537,0.09263633191585541,0.998892605304718,0.9784052968025208
YCR072C,YJL052W,0,-7.4028535,0.09262682497501373,0.998892605304718,0.9785160422325134
YDR037W,YDR002W,0,-7.4052663,0.09261731058359146,0.998892605304718,0.9786267876625061
YNL290W,YLR222C,0,-7.4052753,0.09260780364274979,0.998892605304718,0.9787375330924988
YMR092C,YNL062C,0,-7.409797,0.09259829670190811,0.998892605304718,0.9788482785224915
YKL195W,YOR310C,0,-7.414202,0.09258878976106644,0.998892605304718,0.9789590239524841
YNR017W,YFR003C,0,-7.419437,0.09257929027080536,0.998892605304718,0.9790697693824768
YIL128W,YOR063W,0,-7.424006,0.09256978332996368,0.998892605304718,0.9791805148124695
YLR401C,YPL203W,0,-7.428865,0.0925602838397026,0.998892605304718,0.9792912602424622
YDL166C,YJL042W,0,-7.4329467,0.09255079180002213,0.998892605304718,0.9794020056724548
YNR044W,YBL075C,0,-7.436032,0.09254129230976105,0.998892605304718,0.9795127511024475
YER110C,YBR172C,0,-7.438207,0.09253180027008057,0.998892605304718,0.9796234965324402
YDR101C,YKL150W,0,-7.439306,0.09252230823040009,0.998892605304718,0.9797342419624329
YEL026W,YBR231C,0,-7.449764,0.0925128236413002,0.998892605304718,0.9798449873924255
YML080W,YGL135W,0,-7.4503007,0.09250333160161972,0.998892605304718,0.9799557328224182
YJR097W,YPR187W,0,-7.4517283,0.09249384701251984,0.998892605304718,0.9800664186477661
YNR001C,YNL149C,0,-7.452253,0.09248436242341995,0.998892605304718,0.9801771640777588
YKL005C,YBR072W,0,-7.4534383,0.09247488528490067,0.998892605304718,0.9802879095077515
YGR088W,YMR220W,0,-7.4541965,0.09246540069580078,0.998892605304718,0.9803986549377441
YDL126C,YDR273W,0,-7.456163,0.0924559235572815,0.998892605304718,0.9805094003677368
YJR064W,YDR190C,0,-7.464104,0.09244644641876221,0.998892605304718,0.9806201457977295
YDR214W,YGR256W,0,-7.465161,0.09243697673082352,0.998892605304718,0.9807308912277222
YFR030W,YLR303W,0,-7.4761405,0.09242749959230423,0.998892605304718,0.9808416366577148
YIL097W,YKL064W,0,-7.4768515,0.09241802990436554,0.998892605304718,0.9809523820877075
YPR033C,YEL054C,0,-7.480838,0.09240856766700745,0.998892605304718,0.9810631275177002
YAL054C,YHR013C,1,-7.4883876,0.09250153601169586,1.0,0.9810631275177002
YML004C,YCL059C,0,-7.4903793,0.09249205887317657,1.0,0.9811738729476929
YBL078C,YBR223C,0,-7.494513,0.09248258918523788,1.0,0.9812846183776855
YOL060C,YML128C,0,-7.4969397,0.0924731194972992,1.0,0.9813953638076782
YLR008C,YLR448W,0,-7.4990864,0.0924636498093605,1.0,0.9815061092376709
YDL036C,YLR435W,0,-7.5025477,0.09245418012142181,1.0,0.9816168546676636
YFR053C,YLR197W,0,-7.5073824,0.09244471788406372,1.0,0.9817276000976562
YKL021C,YPL235W,0,-7.51344,0.09243525564670563,1.0,0.9818383455276489
YER038C,YOL126C,0,-7.5145435,0.09242579340934753,1.0,0.9819490313529968
YER020W,YDR028C,0,-7.5156884,0.09241633117198944,1.0,0.9820597767829895
YNR001C,YNR053C,0,-7.517781,0.09240687638521194,1.0,0.9821705222129822
YOR209C,YHL011C,0,-7.51895,0.09239742159843445,1.0,0.9822812676429749
YNL207W,YNR046W,0,-7.5235453,0.09238796681165695,1.0,0.9823920130729675
YCL039W,YJR007W,0,-7.527825,0.09237851947546005,1.0,0.9825027585029602
YNL221C,YPL012W,0,-7.5289226,0.09236906468868256,1.0,0.9826135039329529
YIL118W,YPR163C,0,-7.5292516,0.09235961735248566,1.0,0.9827242493629456
YNL112W,YIL117C,0,-7.530048,0.09235017746686935,1.0,0.9828349947929382
YOL123W,YMR142C,0,-7.5357804,0.09234073013067245,1.0,0.9829457402229309
YGL099W,YDR435C,0,-7.5366397,0.09233129024505615,1.0,0.9830564856529236
YGR248W,YOR106W,0,-7.5374856,0.09232185035943985,1.0,0.9831672310829163
YBL075C,YNL241C,0,-7.5376983,0.09231241047382355,1.0,0.9832779765129089
YBR155W,YOR048C,0,-7.541723,0.09230297803878784,1.0,0.9833887219429016
YGR123C,YOR315W,0,-7.545756,0.09229353815317154,1.0,0.9834994673728943
YHR194W,YGR081C,0,-7.5465527,0.09228410571813583,1.0,0.983610212802887
YIL042C,YKR079C,0,-7.549399,0.09227468073368073,1.0,0.9837209582328796
YEL060C,YGR144W,0,-7.5571914,0.09226524829864502,1.0,0.9838316440582275
YOR281C,YMR142C,0,-7.5574417,0.09225582331418991,1.0,0.9839423894882202
YIL128W,YJR145C,0,-7.5580444,0.0922463983297348,1.0,0.9840531349182129
YKR036C,YOR206W,0,-7.5588875,0.0922369733452797,1.0,0.9841638803482056
YBR072W,YOL060C,0,-7.5589714,0.09222755581140518,1.0,0.9842746257781982
YJL060W,YDL039C,0,-7.5591803,0.09221813827753067,1.0,0.9843853712081909
YPL012W,YKL212W,0,-7.5594187,0.09220872074365616,1.0,0.9844961166381836
YFR030W,YJL069C,0,-7.5612197,0.09219930320978165,1.0,0.9846068620681763
YHR019C,YHR016C,0,-7.56271,0.09218989312648773,1.0,0.984717607498169
YGR109C,YCL054W,0,-7.5655484,0.09218048304319382,1.0,0.9848283529281616
YPL160W,YBL042C,0,-7.5700164,0.0921710729598999,1.0,0.9849390983581543
YJL191W,YGR185C,0,-7.570063,0.09216166287660599,1.0,0.985049843788147
YPR185W,YER006W,0,-7.5711617,0.09215226024389267,1.0,0.9851605892181396
YLR248W,YBR154C,0,-7.5725784,0.09214285761117935,1.0,0.9852713346481323
YJL191W,YLR277C,0,-7.5821023,0.09213345497846603,1.0,0.985382080078125
YOL071W,YPR112C,0,-7.5826006,0.09212405979633331,1.0,0.9854928255081177
YBL078C,YPR191W,0,-7.583176,0.09211465716362,1.0,0.9856035709381104
YGL030W,YNL160W,0,-7.5840044,0.09210526198148727,1.0,0.9857142567634583
YER110C,YJL164C,0,-7.5840364,0.09209586679935455,1.0,0.9858250021934509
YKL073W,YCR057C,0,-7.5849867,0.09208647906780243,1.0,0.9859357476234436
YDR284C,YNL061W,0,-7.5872617,0.0920770913362503,1.0,0.9860464930534363
YHR096C,YLR372W,0,-7.6011357,0.09206769615411758,1.0,0.986157238483429
YJR070C,YKR079C,0,-7.602421,0.09205831587314606,1.0,0.9862679839134216
YGR214W,YJL098W,0,-7.604618,0.09204892814159393,1.0,0.9863787293434143
YER126C,YKL056C,0,-7.606205,0.0920395478606224,1.0,0.986489474773407
YNL221C,YOL124C,0,-7.6100335,0.09203016757965088,1.0,0.9866002202033997
YBR286W,YHR016C,0,-7.614943,0.09202078729867935,1.0,0.9867109656333923
YCL025C,YPL265W,0,-7.6151643,0.09201141446828842,1.0,0.986821711063385
YLL026W,YER165W,0,-7.6221113,0.0920020341873169,1.0,0.9869324564933777
YOR098C,YIL017C,0,-7.624719,0.09199266135692596,1.0,0.9870432019233704
YHR174W,YHR089C,0,-7.6309543,0.09198329597711563,1.0,0.987153947353363
YEL060C,YJL011C,0,-7.6327868,0.0919739231467247,1.0,0.9872646927833557
YKL009W,YOL055C,0,-7.634396,0.09196455776691437,1.0,0.9873754382133484
YAL012W,YHR169W,0,-7.644338,0.09195519238710403,1.0,0.9874861836433411
YMR290C,YOL123W,0,-7.6600957,0.0919458270072937,1.0,0.987596869468689
YGL236C,YNR053C,0,-7.664082,0.09193646907806396,1.0,0.9877076148986816
YNR010W,YLL061W,0,-7.6753707,0.09192711114883423,1.0,0.9878183603286743
YMR056C,YKR053C,0,-7.6908064,0.09191775321960449,1.0,0.987929105758667
YKR066C,YNR053C,0,-7.7014513,0.09190839529037476,1.0,0.9880398511886597
YGR108W,YMR088C,0,-7.7046065,0.09189904481172562,1.0,0.9881505966186523
YJL122W,YGR090W,0,-7.7147937,0.09188969433307648,1.0,0.988261342048645
YHR062C,YER148W,0,-7.718742,0.09188034385442734,1.0,0.9883720874786377
YNL111C,YOR226C,0,-7.72895,0.0918709933757782,1.0,0.9884828329086304
YBR142W,YHR143W-A,0,-7.7361546,0.09186165034770966,1.0,0.988593578338623
YDL022W,YMR139W,0,-7.745408,0.09185230731964111,1.0,0.9887043237686157
YBR106W,YKL144C,0,-7.746038,0.09184296429157257,1.0,0.9888150691986084
YMR016C,YJL164C,0,-7.7482734,0.09183362126350403,1.0,0.9889258146286011
YIL155C,YJL036W,0,-7.7540526,0.09182428568601608,1.0,0.9890365600585938
YJL101C,YBL075C,0,-7.758907,0.09181495010852814,1.0,0.9891473054885864
YGR264C,YJL141C,0,-7.76223,0.09180561453104019,1.0,0.9892580509185791
YMR229C,YOR230W,0,-7.775931,0.09179627895355225,1.0,0.9893687963485718
YLR285W,YNR053C,0,-7.7993484,0.0917869508266449,1.0,0.9894795417785645
YGR081C,YPR074C,0,-7.809198,0.09177762269973755,1.0,0.9895902276039124
YBR072W,YLR208W,0,-7.821258,0.0917682945728302,1.0,0.989700973033905
YJL033W,YLR192C,0,-7.8216367,0.09175896644592285,1.0,0.9898117184638977
YOR078W,YJL184W,0,-7.8385615,0.0917496457695961,1.0,0.9899224638938904
YDL213C,YIL017C,0,-7.8416495,0.09174032509326935,1.0,0.9900332093238831
YKL029C,YKL144C,0,-7.8420224,0.0917310044169426,1.0,0.9901439547538757
YDL166C,YAL017W,0,-7.8606706,0.09172168374061584,1.0,0.9902547001838684
YGL016W,YDR300C,0,-7.86496,0.09171237051486969,1.0,0.9903654456138611
YBR132C,YMR104C,0,-7.865099,0.09170305728912354,1.0,0.9904761910438538
YBR059C,YJL125C,0,-7.883578,0.09169374406337738,1.0,0.9905869364738464
YJL125C,YLR002C,0,-7.9039917,0.09168443828821182,1.0,0.9906976819038391
YKL144C,YNL151C,0,-7.9070086,0.09167512506246567,1.0,0.9908084273338318
YBR085W,YDL014W,0,-7.9072433,0.09166581928730011,1.0,0.9909191727638245
YDR171W,YLR197W,0,-7.925968,0.09165651351213455,1.0,0.9910299181938171
YJL122W,YOR185C,0,-7.9278007,0.09164721518754959,1.0,0.9911406636238098
YDR085C,YDR398W,0,-7.932167,0.09163791686296463,1.0,0.9912514090538025
YIR026C,YMR243C,0,-7.9361753,0.09162861853837967,1.0,0.9913621544837952
YPL171C,YOL020W,0,-7.9370317,0.09161932021379471,1.0,0.9914728403091431
YDL079C,YLR134W,0,-7.9394298,0.09161002188920975,1.0,0.9915835857391357
YFR014C,YBR072W,0,-7.9406824,0.09160073101520538,1.0,0.9916943311691284
YOL021C,YDL014W,0,-7.946143,0.09159144014120102,1.0,0.9918050765991211
YBR072W,YOL115W,0,-7.9507785,0.09158214926719666,1.0,0.9919158220291138
YMR056C,YGR088W,0,-7.962435,0.09157286584377289,1.0,0.9920265674591064
YML080W,YIL008W,0,-7.962737,0.09156357496976852,1.0,0.9921373128890991
YGL029W,YPL237W,0,-7.9870315,0.09155429154634476,1.0,0.9922480583190918
YOL139C,YER070W,0,-7.9971533,0.09154501557350159,1.0,0.9923588037490845
YGR268C,YGR248W,0,-8.029111,0.09153573215007782,1.0,0.9924695491790771
YOR005C,YBR072W,0,-8.038088,0.09152645617723465,1.0,0.9925802946090698
YNL153C,YBR154C,0,-8.038563,0.09151718020439148,1.0,0.9926910400390625
YHR197W,YMR243C,0,-8.045605,0.09150790423154831,1.0,0.9928017854690552
YKL205W,YDR165W,0,-8.06344,0.09149863570928574,1.0,0.9929125308990479
YGR128C,YOL129W,0,-8.07182,0.09148935973644257,1.0,0.9930232763290405
YAL003W,YLL011W,0,-8.072598,0.09148009121417999,1.0,0.9931340217590332
YER035W,YEL054C,0,-8.095563,0.09147083014249802,1.0,0.9932447671890259
YIL097W,YMR139W,0,-8.119659,0.09146156162023544,1.0,0.9933554530143738
YHR148W,YER070W,0,-8.131856,0.09145230054855347,1.0,0.9934661984443665
YHR148W,YKL056C,0,-8.136447,0.09144303947687149,1.0,0.9935769438743591
YGL016W,YLR372W,0,-8.166547,0.09143377840518951,1.0,0.9936876893043518
YML128C,YDR002W,0,-8.186709,0.09142452478408813,1.0,0.9937984347343445
YNL182C,YPR016C,0,-8.190794,0.09141526371240616,1.0,0.9939091801643372
YGR088W,YGR145W,0,-8.209695,0.09140601009130478,1.0,0.9940199255943298
YNL112W,YGR008C,0,-8.213974,0.091396763920784,1.0,0.9941306710243225
YMR014W,YMR250W,0,-8.267022,0.09138751029968262,1.0,0.9942414164543152
YJL069C,YDR324C,0,-8.303891,0.09137826412916183,1.0,0.9943521618843079
YGR081C,YCL054W,0,-8.332905,0.09136901795864105,1.0,0.9944629073143005
YDR101C,YLR355C,0,-8.337462,0.09135977178812027,1.0,0.9945736527442932
YJR002W,YJL109C,0,-8.339172,0.09135053306818008,1.0,0.9946843981742859
YLR002C,YGR123C,0,-8.3705,0.0913412943482399,1.0,0.9947951436042786
YJL060W,YHR196W,0,-8.398809,0.09133205562829971,1.0,0.9949058890342712
YAL025C,YPL210C,0,-8.407752,0.09132281690835953,1.0,0.9950166344642639
YGL171W,YGR090W,0,-8.420914,0.09131357818841934,1.0,0.9951273798942566
YLR051C,YPL093W,0,-8.446363,0.09130434691905975,1.0,0.9952380657196045
YPR001W,YBR072W,0,-8.466907,0.09129511564970016,1.0,0.9953488111495972
YOL020W,YBR183W,0,-8.468605,0.09128588438034058,1.0,0.9954595565795898
YPL043W,YGR185C,0,-8.516532,0.09127666056156158,1.0,0.9955703020095825
YOR361C,YOL010W,0,-8.673533,0.09126743674278259,1.0,0.9956810474395752
YOR243C,YMR139W,0,-8.679118,0.0912582129240036,1.0,0.9957917928695679
YMR049C,YLL011W,0,-8.681152,0.09124898910522461,1.0,0.9959025382995605
YJL190C,YIR012W,0,-8.7169285,0.09123977273702621,1.0,0.9960132837295532
YML128C,YMR260C,0,-8.735358,0.09123054891824722,1.0,0.9961240291595459
YPL093W,YBR154C,0,-8.755115,0.09122133255004883,1.0,0.9962347745895386
YKR057W,YIR026C,0,-8.760943,0.09121212363243103,1.0,0.9963455200195312
YLR397C,YPL043W,0,-8.773144,0.09120290726423264,1.0,0.9964562654495239
YNL062C,YLL011W,0,-8.793458,0.09119369834661484,1.0,0.9965670108795166
YPL123C,YDL112W,0,-8.849334,0.09118448942899704,1.0,0.9966777563095093
YBR169C,YGR128C,0,-8.85031,0.09117528051137924,1.0,0.996788501739502
YPL123C,YBR061C,0,-8.871531,0.09116607904434204,1.0,0.9968992471694946
YGR200C,YHL011C,0,-8.890261,0.09115687757730484,1.0,0.9970099925994873
YCL040W,YKL150W,0,-8.930335,0.09114767611026764,1.0,0.99712073802948
YKL172W,YMR250W,0,-8.950715,0.09113847464323044,1.0,0.9972314238548279
YGL078C,YLR051C,0,-8.957287,0.09112927317619324,1.0,0.9973421692848206
YLR068W,YGL111W,0,-8.964592,0.09112007915973663,1.0,0.9974529147148132
YMR250W,YPL043W,0,-8.973763,0.09111088514328003,1.0,0.9975636601448059
YNL113W,YLR435W,0,-8.994441,0.09110169857740402,1.0,0.9976744055747986
YLR175W,YLR051C,0,-9.025466,0.09109250456094742,1.0,0.9977851510047913
YLR397C,YLR222C,0,-9.047493,0.09108331799507141,1.0,0.9978958964347839
YNL274C,YPL123C,0,-9.109223,0.0910741314291954,1.0,0.9980066418647766
YDL213C,YGR248W,0,-9.182739,0.0910649448633194,1.0,0.9981173872947693
YPL160W,YOR206W,0,-9.230716,0.09105576574802399,1.0,0.998228132724762
YPL211W,YOL010W,0,-9.261234,0.09104657918214798,1.0,0.9983388781547546
YJR070C,YBR142W,0,-9.339078,0.09103740006685257,1.0,0.9984496235847473
YKL021C,YPL043W,0,-9.378078,0.09102822840213776,1.0,0.99856036901474
YGL078C,YKL099C,0,-9.386519,0.09101904928684235,1.0,0.9986711144447327
YGR264C,YPR137W,0,-9.402884,0.09100987762212753,1.0,0.9987818598747253
YIL079C,YGR159C,0,-9.450177,0.09100070595741272,1.0,0.998892605304718
YGL078C,YEL026W,0,-9.552034,0.0909915342926979,1.0,0.9990033507347107
YGL111W,YOR272W,0,-9.583103,0.09098237007856369,1.0,0.9991140365600586
YHR197W,YJL069C,0,-9.599099,0.09097319841384888,1.0,0.9992247819900513
YPL211W,YFL002C,0,-9.668992,0.09096403419971466,1.0,0.999335527420044
YNL151C,YPR137W,0,-9.724481,0.09095487743616104,1.0,0.9994462728500366
YGL171W,YIR012W,0,-10.116097,0.09094571322202682,1.0,0.9995570182800293
YDR101C,YKR024C,0,-10.13378,0.0909365564584732,1.0,0.999667763710022
YOL124C,YOR004W,0,-10.404736,0.09092739969491959,1.0,0.9997785091400146
YHR052W,YBR155W,0,-10.542888,0.09091824293136597,1.0,0.9998892545700073
YNL061W,YOR340C,0,-10.928391,0.09090909361839294,1.0,1.0
