Gene A,Gene B,Label,Score,Precision,Recall,False Positive Rate
YIL138C,YLR043C,1,0.00021091104,1.0,0.0010000000474974513,0.0
YGR020C,YML001W,1,-0.07539901,1.0,0.0020000000949949026,0.0
YLR447C,YIL138C,1,-0.23891762,1.0,0.003000000026077032,0.0
YML001W,YIL138C,1,-0.4341677,1.0,0.004000000189989805,0.0
YKL119C,YHR039C-A,1,-0.47706887,1.0,0.004999999888241291,0.0
YGR020C,YBR109C,1,-0.54256684,1.0,0.006000000052154064,0.0
YGR020C,YIL138C,1,-0.61952984,1.0,0.007000000216066837,0.0
YOR270C,YHR174W,1,-0.6357014,1.0,0.00800000037997961,0.0
YML001W,YBR109C,1,-0.6389028,1.0,0.008999999612569809,0.0
YKL080W,YBR109C,1,-0.66446245,1.0,0.009999999776482582,0.0
YPR036W,YEL027W,1,-0.75241077,1.0,0.010999999940395355,0.0
YGR020C,YLR447C,1,-0.8316816,1.0,0.012000000104308128,0.0
YML001W,YEL027W,1,-0.9877037,1.0,0.013000000268220901,0.0
YNL326C,YBR127C,1,-0.9966736,1.0,0.014000000432133675,0.0
YBL003C,YJR045C,0,-0.99824786,0.9333333373069763,0.014000000432133675,9.999999747378752e-05
YER072W,YEL051W,1,-1.0268345,0.9375,0.014999999664723873,9.999999747378752e-05
YJR139C,YDR135C,0,-1.0450433,0.8823529481887817,0.014999999664723873,0.00019999999494757503
YPL022W,YCR003W,0,-1.1314132,0.8333333134651184,0.014999999664723873,0.0003000000142492354
YIL138C,YOR270C,1,-1.1323227,0.8421052694320679,0.01600000075995922,0.0003000000142492354
YOR311C,YGR040W,0,-1.1680461,0.800000011920929,0.01600000075995922,0.00039999998989515007
YIL138C,YEL051W,1,-1.1735042,0.8095238208770752,0.017000000923871994,0.00039999998989515007
YML001W,YOR270C,1,-1.1808709,0.8181818127632141,0.017999999225139618,0.00039999998989515007
YLR403W,YEL009C,0,-1.2125684,0.782608687877655,0.017999999225139618,0.0005000000237487257
YGR020C,YOR270C,1,-1.2166548,0.7916666865348816,0.01899999938905239,0.0005000000237487257
YLR447C,YKL119C,1,-1.2241598,0.800000011920929,0.019999999552965164,0.0005000000237487257
YML001W,YKL119C,1,-1.2334163,0.807692289352417,0.020999999716877937,0.0005000000237487257
YLR447C,YNL079C,1,-1.2342737,0.8148148059844971,0.02199999988079071,0.0005000000237487257
YHR060W,YLR043C,1,-1.245854,0.8214285969734192,0.023000000044703484,0.0005000000237487257
YEL051W,YLR043C,1,-1.269984,0.8275862336158752,0.024000000208616257,0.0005000000237487257
YML001W,YLR043C,1,-1.2715061,0.8333333134651184,0.02500000037252903,0.0005000000237487257
YNL326C,YHR039C-A,1,-1.2731783,0.8387096524238586,0.026000000536441803,0.0005000000237487257
YML001W,YPR036W,1,-1.280087,0.84375,0.027000000700354576,0.0005000000237487257
YHR026W,YDL185W,1,-1.2811583,0.8484848737716675,0.02800000086426735,0.0005000000237487257
YKL080W,YLR148W,1,-1.2832179,0.8529411554336548,0.028999999165534973,0.0005000000237487257
YBR080C,YOR270C,1,-1.2978606,0.8571428656578064,0.029999999329447746,0.0005000000237487257
YIL138C,YEL027W,1,-1.3428562,0.8611111044883728,0.03099999949336052,0.0005000000237487257
YGR037C,YDL248W,0,-1.3507812,0.837837815284729,0.03099999949336052,0.0006000000284984708
YGR020C,YNL326C,1,-1.356878,0.8421052694320679,0.03200000151991844,0.0006000000284984708
YNL079C,YDL185W,1,-1.3647661,0.8461538553237915,0.032999999821186066,0.0006000000284984708
YBL040C,YPL243W,0,-1.3804512,0.824999988079071,0.032999999821186066,0.000699999975040555
YHR060W,YBR080C,1,-1.3835933,0.8292682766914368,0.03400000184774399,0.000699999975040555
YPL019C,YLR148W,1,-1.3953571,0.8333333134651184,0.03500000014901161,0.000699999975040555
YPR131C,YNL135C,0,-1.3985784,0.8139534592628479,0.03500000014901161,0.0007999999797903001
YEL027W,YKL051W,1,-1.4264717,0.8181818127632141,0.035999998450279236,0.0007999999797903001
YPR036W,YKL119C,1,-1.4287388,0.8222222328186035,0.03700000047683716,0.0007999999797903001
YPR036W,YBR109C,1,-1.429505,0.8260869383811951,0.03799999877810478,0.0007999999797903001
YDR373W,YBL092W,0,-1.4493424,0.8085106611251831,0.03799999877810478,0.0008999999845400453
YGR020C,YBR080C,1,-1.4985936,0.8125,0.039000000804662704,0.0008999999845400453
YHR039C-A,YIL138C,1,-1.5158339,0.8163265585899353,0.03999999910593033,0.0008999999845400453
YDL225W,YHR098C,0,-1.5252357,0.800000011920929,0.03999999910593033,0.0010000000474974513
YKL119C,YEL051W,1,-1.5264052,0.8039215803146362,0.04100000113248825,0.0010000000474974513
YMR173W,YDR139C,0,-1.5436532,0.7884615659713745,0.04100000113248825,0.0010999999940395355
YPR036W,YOR270C,1,-1.5487025,0.7924528121948242,0.041999999433755875,0.0010999999940395355
YPR036W,YBL050W,1,-1.555486,0.7962962985038757,0.0430000014603138,0.0010999999940395355
YLR113W,YLR441C,0,-1.5582614,0.7818182110786438,0.0430000014603138,0.0012000000569969416
YGR020C,YLR043C,1,-1.5795612,0.7857142686843872,0.04399999976158142,0.0012000000569969416
YBR109C,YGR209C,1,-1.5813602,0.7894737124443054,0.04500000178813934,0.0012000000569969416
YGR020C,YMR197C,1,-1.6005799,0.7931034564971924,0.04600000008940697,0.0012000000569969416
YLR043C,YBR109C,1,-1.6040341,0.7966101765632629,0.04699999839067459,0.0012000000569969416
YML001W,YBR080C,1,-1.6076486,0.800000011920929,0.04800000041723251,0.0012000000569969416
YML001W,YKL080W,1,-1.6078846,0.8032786846160889,0.04899999871850014,0.0012000000569969416
YER122C,YBR078W,0,-1.6092672,0.7903226017951965,0.04899999871850014,0.0013000000035390258
YLR043C,YOR270C,1,-1.6108443,0.7936508059501648,0.05000000074505806,0.0013000000035390258
YML001W,YER072W,1,-1.6144176,0.796875,0.050999999046325684,0.0013000000035390258
YKL119C,YBR109C,1,-1.6167262,0.800000011920929,0.052000001072883606,0.0013000000035390258
YLR447C,YGR209C,1,-1.6345692,0.8030303120613098,0.05299999937415123,0.0013000000035390258
YML001W,YNL079C,1,-1.6480818,0.8059701323509216,0.05400000140070915,0.0013000000035390258
YLR100W,YNL307C,0,-1.6506882,0.7941176295280457,0.05400000140070915,0.00139999995008111
YNL079C,YBR080C,1,-1.6546052,0.7971014380455017,0.054999999701976776,0.00139999995008111
YKL119C,YIL138C,1,-1.6615112,0.800000011920929,0.0560000017285347,0.00139999995008111
YGL095C,YPL019C,1,-1.6887233,0.8028169274330139,0.05700000002980232,0.00139999995008111
YML001W,YBR127C,1,-1.690039,0.8055555820465088,0.057999998331069946,0.00139999995008111
YPL037C,YAR002C-A,0,-1.7005291,0.7945205569267273,0.057999998331069946,0.001500000013038516
YHR060W,YDL185W,1,-1.7050163,0.7972972989082336,0.05900000035762787,0.001500000013038516
YML001W,YEL051W,1,-1.7152505,0.800000011920929,0.05999999865889549,0.001500000013038516
YHR060W,YER072W,1,-1.7272272,0.8026315569877625,0.061000000685453415,0.001500000013038516
YNL281W,YDR245W,0,-1.7307309,0.7922077775001526,0.061000000685453415,0.0015999999595806003
YOR270C,YGR209C,1,-1.7338964,0.7948718070983887,0.06199999898672104,0.0015999999595806003
YKL080W,YLR396C,1,-1.7379589,0.797468364238739,0.06300000101327896,0.0015999999595806003
YHR060W,YPR036W,1,-1.744323,0.800000011920929,0.06400000303983688,0.0015999999595806003
YBR080C,YEL051W,1,-1.7568172,0.8024691343307495,0.06499999761581421,0.0015999999595806003
YLR447C,YNL326C,1,-1.7629409,0.8048780560493469,0.06599999964237213,0.0015999999595806003
YBR080C,YDR328C,1,-1.7813493,0.8072289228439331,0.06700000166893005,0.0015999999595806003
YLR259C,YOL005C,0,-1.7822894,0.7976190447807312,0.06700000166893005,0.0017000000225380063
YHR060W,YHR039C-A,1,-1.7893219,0.800000011920929,0.06800000369548798,0.0017000000225380063
YKL080W,YEL027W,1,-1.81272,0.8023256063461304,0.0689999982714653,0.0017000000225380063
YLR390W-A,YKR042W,0,-1.8157989,0.7931034564971924,0.0689999982714653,0.0017999999690800905
YBL090W,YDR135C,0,-1.8221606,0.7840909361839294,0.0689999982714653,0.0019000000320374966
YIL138C,YBR080C,1,-1.8238407,0.7865168452262878,0.07000000029802322,0.0019000000320374966
YHR060W,YBR109C,1,-1.8339648,0.7888888716697693,0.07100000232458115,0.0019000000320374966
YBR109C,YBR127C,1,-1.8420665,0.791208803653717,0.07199999690055847,0.0019000000320374966
YNL138W,YDL100C,0,-1.8601062,0.782608687877655,0.07199999690055847,0.0020000000949949026
YLR006C,YLR259C,0,-1.8618548,0.774193525314331,0.07199999690055847,0.002099999925121665
YHR026W,YBR080C,1,-1.8791178,0.7765957713127136,0.0729999989271164,0.002099999925121665
YLR447C,YLR148W,1,-1.8889012,0.7789473533630371,0.07400000095367432,0.002099999925121665
YBR127C,YHR174W,1,-1.8941206,0.78125,0.07500000298023224,0.002099999925121665
YEL027W,YLR043C,1,-1.8953888,0.7835051417350769,0.07599999755620956,0.002099999925121665
YGL008C,YCR095C,0,-1.8963078,0.7755101919174194,0.07599999755620956,0.002199999988079071
YGR209C,YDR328C,1,-1.9011152,0.7777777910232544,0.07699999958276749,0.002199999988079071
YML001W,YNL326C,1,-1.9121095,0.7799999713897705,0.07800000160932541,0.002199999988079071
YLR305C,YGR209C,1,-1.9141736,0.7821782231330872,0.07900000363588333,0.002199999988079071
YNL326C,YEL027W,1,-1.9159874,0.7843137383460999,0.07999999821186066,0.002199999988079071
YOR270C,YLR148W,1,-1.9197845,0.7864077687263489,0.08100000023841858,0.002199999988079071
YOR261C,YMR220W,0,-1.9207473,0.7788461446762085,0.08100000023841858,0.002300000051036477
YKL119C,YLR148W,1,-1.9232998,0.7809523940086365,0.0820000022649765,0.002300000051036477
YLR330W,YGL206C,0,-1.9233612,0.7735849022865295,0.0820000022649765,0.002400000113993883
YGR157W,YKR037C,0,-1.9238718,0.7663551568984985,0.0820000022649765,0.0024999999441206455
YHR039C-A,YLR043C,1,-1.925626,0.7685185074806213,0.08299999684095383,0.0024999999441206455
YPR165W,YKL167C,0,-1.9259125,0.7614678740501404,0.08299999684095383,0.0026000000070780516
YNL079C,YMR197C,1,-1.9306479,0.7636363506317139,0.08399999886751175,0.0026000000070780516
YML001W,YOR326W,1,-1.935904,0.7657657861709595,0.08500000089406967,0.0026000000070780516
YPL019C,YMR197C,1,-1.9378446,0.7678571343421936,0.0860000029206276,0.0026000000070780516
YKL080W,YHR026W,1,-1.9574583,0.769911527633667,0.08699999749660492,0.0026000000070780516
YHR026W,YBR109C,1,-1.9607015,0.7719298005104065,0.08799999952316284,0.0026000000070780516
YIL048W,YHR174W,1,-1.9608644,0.7739130258560181,0.08900000154972076,0.0026000000070780516
YKL119C,YBR127C,1,-1.9709444,0.7758620977401733,0.09000000357627869,0.0026000000070780516
YER026C,YDR002W,0,-1.9795301,0.7692307829856873,0.09000000357627869,0.0027000000700354576
YPR036W,YNL326C,1,-1.9798317,0.7711864113807678,0.09099999815225601,0.0027000000700354576
YLR447C,YOR270C,1,-1.9832317,0.7731092572212219,0.09200000017881393,0.0027000000700354576
YML070W,YLR441C,0,-1.9971457,0.7666666507720947,0.09200000017881393,0.00279999990016222
YHR026W,YHR174W,1,-2.0024476,0.7685950398445129,0.09300000220537186,0.00279999990016222
YGR020C,YDR328C,1,-2.0044823,0.7704917788505554,0.09399999678134918,0.00279999990016222
YOL148C,YGR106C,0,-2.0060542,0.7642276287078857,0.09399999678134918,0.002899999963119626
YJL052W,YMR125W,0,-2.008222,0.7580645084381104,0.09399999678134918,0.003000000026077032
YDR276C,YMR216C,0,-2.0131266,0.7519999742507935,0.09399999678134918,0.003100000089034438
YIR004W,YPR165W,0,-2.0162697,0.7460317611694336,0.09399999678134918,0.0031999999191612005
YDL185W,YOR270C,1,-2.020867,0.748031497001648,0.0949999988079071,0.0031999999191612005
YML001W,YHR026W,1,-2.022186,0.75,0.09600000083446503,0.0031999999191612005
YNL079C,YBR109C,1,-2.027537,0.751937985420227,0.09700000286102295,0.0031999999191612005
YPR036W,YGR209C,1,-2.0340424,0.7538461685180664,0.09799999743700027,0.0031999999191612005
YER063W,YPR165W,0,-2.0463111,0.7480915784835815,0.09799999743700027,0.0032999999821186066
YOR159C,YML115C,0,-2.051845,0.7424242496490479,0.09799999743700027,0.0034000000450760126
YER035W,YBR067C,0,-2.0535135,0.7368420958518982,0.09799999743700027,0.0035000001080334187
YKL157W,YLR399C,0,-2.0569937,0.7313432693481445,0.09799999743700027,0.003599999938160181
YKL080W,YLR240W,1,-2.0624807,0.7333333492279053,0.0989999994635582,0.003599999938160181
YEL013W,YOR270C,1,-2.0669372,0.7352941036224365,0.10000000149011612,0.003599999938160181
YHR039C-A,YPL019C,1,-2.0673065,0.7372262477874756,0.10100000351667404,0.003599999938160181
YJL001W,YDR393W,0,-2.069038,0.7318840622901917,0.10100000351667404,0.003700000001117587
YBL092W,YMR208W,0,-2.074483,0.7266187071800232,0.10100000351667404,0.003800000064074993
YML001W,YHR039C-A,1,-2.0779405,0.7285714149475098,0.10199999809265137,0.003800000064074993
YKL080W,YHR039C-A,1,-2.080446,0.7304964661598206,0.10300000011920929,0.003800000064074993
YEL027W,YDR328C,1,-2.0915968,0.7323943376541138,0.10400000214576721,0.003800000064074993
YNL108C,YBR106W,0,-2.0938153,0.7272727489471436,0.10400000214576721,0.0038999998942017555
YOR326W,YBR109C,1,-2.0938754,0.7291666865348816,0.10499999672174454,0.0038999998942017555
YPR036W,YLR043C,1,-2.0964787,0.7310344576835632,0.10599999874830246,0.0038999998942017555
YEL013W,YPL019C,1,-2.0973868,0.732876718044281,0.10700000077486038,0.0038999998942017555
YLR396C,YHR174W,1,-2.1091146,0.7346938848495483,0.1080000028014183,0.0038999998942017555
YGL095C,YOR270C,1,-2.1196833,0.7364864945411682,0.10899999737739563,0.0038999998942017555
YHR026W,YEL013W,1,-2.119953,0.7382550239562988,0.10999999940395355,0.0038999998942017555
YLR447C,YHR174W,1,-2.1291041,0.7400000095367432,0.11100000143051147,0.0038999998942017555
YGL226C-A,YGR118W,0,-2.1330006,0.7350993156433105,0.11100000143051147,0.004000000189989805
YJR084W,YLR325C,0,-2.1344512,0.7302631735801697,0.11100000143051147,0.004100000020116568
YLR447C,YGL095C,1,-2.1389346,0.7320261597633362,0.1120000034570694,0.004100000020116568
YOR326W,YLR043C,1,-2.1396043,0.7337662577629089,0.11299999803304672,0.004100000020116568
YER131W,YHR043C,0,-2.1428015,0.7290322780609131,0.11299999803304672,0.00419999985024333
YKL080W,YDR495C,1,-2.1468477,0.7307692170143127,0.11400000005960464,0.00419999985024333
YGL012W,YBL092W,0,-2.1482162,0.7261146306991577,0.11400000005960464,0.00430000014603138
YJL192C,YNL135C,0,-2.153722,0.7215189933776855,0.11400000005960464,0.004399999976158142
YLR396C,YLR043C,1,-2.1544302,0.7232704162597656,0.11500000208616257,0.004399999976158142
YJR051W,YLR287C-A,0,-2.1571512,0.71875,0.11500000208616257,0.0044999998062849045
YKL080W,YNL079C,1,-2.1652784,0.7204968929290771,0.11599999666213989,0.0044999998062849045
YPR183W,YBR014C,0,-2.1679895,0.7160493731498718,0.11599999666213989,0.004600000102072954
YPR036W,YLR148W,1,-2.1763337,0.7177914381027222,0.11699999868869781,0.004600000102072954
YLR148W,YDR456W,1,-2.1844878,0.7195122241973877,0.11800000071525574,0.004600000102072954
YEL027W,YGR209C,1,-2.1934452,0.7212121486663818,0.11900000274181366,0.004600000102072954
YHR039C-A,YGR209C,1,-2.1940355,0.7228915691375732,0.11999999731779099,0.004600000102072954
YHR060W,YEL013W,1,-2.194792,0.7245509028434753,0.12099999934434891,0.004600000102072954
YLR447C,YBR080C,1,-2.1952612,0.726190447807312,0.12200000137090683,0.004600000102072954
YIL138C,YHR174W,1,-2.2004333,0.7278106212615967,0.12300000339746475,0.004600000102072954
YPL019C,YEL051W,1,-2.2019682,0.729411780834198,0.12399999797344208,0.004600000102072954
YGR020C,YDL185W,1,-2.2050402,0.7309941649436951,0.125,0.004600000102072954
YKL080W,YEL013W,1,-2.2109182,0.7325581312179565,0.12600000202655792,0.004600000102072954
YLR212C,YPR165W,0,-2.2134237,0.7283236980438232,0.12600000202655792,0.004699999932199717
YEL051W,YMR197C,1,-2.2269812,0.7298850417137146,0.12700000405311584,0.004699999932199717
YDL185W,YBR109C,1,-2.230583,0.7314285635948181,0.12800000607967377,0.004699999932199717
YHR060W,YKL080W,1,-2.2324584,0.7329545617103577,0.1289999932050705,0.004699999932199717
YPL259C,YOL058W,0,-2.2354302,0.7288135886192322,0.1289999932050705,0.004800000227987766
YGR020C,YLR305C,1,-2.2356622,0.7303370833396912,0.12999999523162842,0.004800000227987766
YDL185W,YDR328C,1,-2.239339,0.7318435907363892,0.13099999725818634,0.004800000227987766
YHR039C-A,YGL095C,1,-2.2431154,0.7333333492279053,0.13199999928474426,0.004800000227987766
YLR447C,YDR202C,1,-2.2516413,0.7348066568374634,0.13300000131130219,0.004800000227987766
YBL056W,YHR063C,0,-2.260215,0.7307692170143127,0.13300000131130219,0.004900000058114529
YEL027W,YER072W,1,-2.260321,0.7322404384613037,0.1340000033378601,0.004900000058114529
YEL027W,YDL185W,1,-2.2610102,0.7336956262588501,0.13500000536441803,0.004900000058114529
YGL095C,YBR127C,1,-2.26556,0.7351351380348206,0.13600000739097595,0.004900000058114529
YLR396C,YNL079C,1,-2.2703679,0.7365591526031494,0.13699999451637268,0.004900000058114529
YBR080C,YGR209C,1,-2.2727036,0.7379679083824158,0.1379999965429306,0.004900000058114529
YEL013W,YEL051W,1,-2.273447,0.7393617033958435,0.13899999856948853,0.004900000058114529
YOR270C,YBL050W,1,-2.2743702,0.7407407164573669,0.14000000059604645,0.004900000058114529
YLR447C,YHR026W,1,-2.2752593,0.74210524559021,0.14100000262260437,0.004900000058114529
YBR080C,YLR043C,1,-2.2811828,0.7434554696083069,0.1420000046491623,0.004900000058114529
YAL009W,YPL112C,0,-2.2816088,0.7395833134651184,0.1420000046491623,0.004999999888241291
YIL138C,YBR127C,1,-2.2819395,0.7409326434135437,0.14300000667572021,0.004999999888241291
YDL076C,YIL043C,0,-2.2868352,0.7371134161949158,0.14300000667572021,0.005100000184029341
YGR020C,YPR036W,1,-2.2915995,0.7384615540504456,0.14399999380111694,0.005100000184029341
YLR043C,YDR202C,1,-2.2922902,0.7397959232330322,0.14499999582767487,0.005100000184029341
YCR081W,YKL152C,0,-2.2927866,0.7360405921936035,0.14499999582767487,0.005200000014156103
YHR039C-A,YEL013W,1,-2.2964647,0.7373737096786499,0.1459999978542328,0.005200000014156103
YOL100W,YAL044C,0,-2.3017488,0.733668327331543,0.1459999978542328,0.0052999998442828655
YLR436C,YJR139C,0,-2.302413,0.7300000190734863,0.1459999978542328,0.005400000140070915
YEL027W,YDR080W,1,-2.3095376,0.7313432693481445,0.1469999998807907,0.005400000140070915
YDR485C,YKL058W,0,-2.3113565,0.7277227640151978,0.1469999998807907,0.005499999970197678
YIL048W,YGR209C,1,-2.31309,0.7290640473365784,0.14800000190734863,0.005499999970197678
YHR026W,YOR270C,1,-2.3155239,0.7303921580314636,0.14900000393390656,0.005499999970197678
YDR080W,YDR456W,1,-2.3158398,0.7317073345184326,0.15000000596046448,0.005499999970197678
YLR447C,YDL077C,1,-2.3229969,0.7330096960067749,0.1509999930858612,0.005499999970197678
YBL040C,YKR028W,0,-2.3280485,0.729468584060669,0.1509999930858612,0.00559999980032444
YEL027W,YEL051W,1,-2.3322861,0.7307692170143127,0.15199999511241913,0.00559999980032444
YJL052W,YKR085C,0,-2.33507,0.7272727489471436,0.15199999511241913,0.00570000009611249
YHL007C,YLR214W,0,-2.3390505,0.723809540271759,0.15199999511241913,0.005799999926239252
YGL253W,YCR027C,0,-2.339106,0.7203791737556458,0.15199999511241913,0.005900000222027302
YPR036W,YHR026W,1,-2.3407404,0.7216981053352356,0.15299999713897705,0.005900000222027302
YDR005C,YLR406C,0,-2.3458323,0.7183098793029785,0.15299999713897705,0.006000000052154064
YLR305C,YBR127C,1,-2.3508549,0.7196261882781982,0.15399999916553497,0.006000000052154064
YDR385W,YDR517W,0,-2.3541813,0.7162790894508362,0.15399999916553497,0.006099999882280827
YKL192C,YML115C,0,-2.3577528,0.7129629850387573,0.15399999916553497,0.006200000178068876
YLR305C,YHR174W,1,-2.360044,0.7142857313156128,0.1550000011920929,0.006200000178068876
YLR190W,YDR135C,0,-2.3619776,0.71100914478302,0.1550000011920929,0.006300000008195639
YDR033W,YAL029C,0,-2.3673756,0.7077625393867493,0.1550000011920929,0.006399999838322401
YHR026W,YBR127C,1,-2.3690882,0.7090908885002136,0.15600000321865082,0.006399999838322401
YGR020C,YHR174W,1,-2.3697143,0.7104072570800781,0.15700000524520874,0.006399999838322401
YEL027W,YOR270C,1,-2.3738043,0.7117117047309875,0.15800000727176666,0.006399999838322401
YGL019W,YAL003W,0,-2.3744094,0.7085201740264893,0.15800000727176666,0.006500000134110451
YLR447C,YEL027W,1,-2.3763642,0.7098214030265808,0.1589999943971634,0.006500000134110451
YBR109C,YHR174W,1,-2.3838365,0.7111111283302307,0.1599999964237213,0.006500000134110451
YHR005C-A,YKL117W,0,-2.383852,0.7079645991325378,0.1599999964237213,0.006599999964237213
YHR039C-A,YHR174W,1,-2.3865,0.7092511057853699,0.16099999845027924,0.006599999964237213
YML001W,YDR495C,1,-2.3875933,0.7105262875556946,0.16200000047683716,0.006599999964237213
YLR414C,YBL020W,0,-2.3895855,0.7074235677719116,0.16200000047683716,0.0066999997943639755
YOR265W,YOR080W,0,-2.3944726,0.7043478488922119,0.16200000047683716,0.006800000090152025
YLR043C,YMR197C,1,-2.40112,0.7056276798248291,0.16300000250339508,0.006800000090152025
YLR438C-A,YLR390W,0,-2.4011838,0.7025862336158752,0.16300000250339508,0.006899999920278788
YER072W,YBR080C,1,-2.4040914,0.7038626670837402,0.164000004529953,0.006899999920278788
YPL019C,YBR127C,1,-2.4051256,0.7051281929016113,0.16500000655651093,0.006899999920278788
YHR060W,YDR456W,1,-2.4068103,0.7063829898834229,0.16599999368190765,0.006899999920278788
YLR220W,YKL214C,0,-2.4068432,0.7033898234367371,0.16599999368190765,0.007000000216066837
YOR122C,YOR159C,0,-2.4068756,0.700421929359436,0.16599999368190765,0.0071000000461936
YCR004C,YGR106C,0,-2.4109294,0.6974790096282959,0.16599999368190765,0.007199999876320362
YBR020W,YFL036W,0,-2.415476,0.6945606470108032,0.16599999368190765,0.007300000172108412
YLR144C,YCL030C,0,-2.4175596,0.6916666626930237,0.16599999368190765,0.007400000002235174
YLR359W,YKL048C,0,-2.4178166,0.6887966990470886,0.16599999368190765,0.007499999832361937
YLR447C,YLR396C,1,-2.4186888,0.6900826692581177,0.16699999570846558,0.007499999832361937
YPL208W,YCR028C-A,0,-2.4256024,0.6872428059577942,0.16699999570846558,0.007600000128149986
YBR080C,YBR109C,1,-2.42725,0.688524603843689,0.1679999977350235,0.007600000128149986
YGR020C,YNL079C,1,-2.4285142,0.6897959113121033,0.16899999976158142,0.007600000128149986
YJR025C,YJR068W,0,-2.4301717,0.6869918704032898,0.16899999976158142,0.007699999958276749
YNR027W,YDR170C,0,-2.4315543,0.6842105388641357,0.16899999976158142,0.007799999788403511
YLR396C,YBR127C,1,-2.4333496,0.6854838728904724,0.17000000178813934,0.007799999788403511
YHR174W,YMR197C,1,-2.4356213,0.6867470145225525,0.17100000381469727,0.007799999788403511
YML067C,YGR040W,0,-2.439258,0.6840000152587891,0.17100000381469727,0.007899999618530273
YPL268W,YGR209C,1,-2.4424472,0.6852589845657349,0.1720000058412552,0.007899999618530273
YDR393W,YOL129W,0,-2.4444096,0.682539701461792,0.1720000058412552,0.00800000037997961
YFR049W,YIL118W,0,-2.446774,0.6798418760299683,0.1720000058412552,0.008100000210106373
YKL119C,YOR326W,1,-2.4475024,0.6811023354530334,0.17299999296665192,0.008100000210106373
YIL048W,YLR148W,1,-2.4477928,0.6823529601097107,0.17399999499320984,0.008100000210106373
YLR043C,YLR240W,1,-2.4567318,0.68359375,0.17499999701976776,0.008100000210106373
YLR158C,YBR103W,0,-2.4667363,0.6809338331222534,0.17499999701976776,0.008200000040233135
YEL027W,YMR197C,1,-2.4727044,0.682170569896698,0.17599999904632568,0.008200000040233135
YOR079C,YJL104W,0,-2.4845378,0.6795367002487183,0.17599999904632568,0.008299999870359898
YNL246W,YJR045C,0,-2.4847229,0.6769230961799622,0.17599999904632568,0.00839999970048666
YBL050W,YHR174W,1,-2.4852066,0.6781609058380127,0.1770000010728836,0.00839999970048666
YLR447C,YMR197C,1,-2.4920363,0.6793892979621887,0.17800000309944153,0.00839999970048666
YHR039C-A,YBL050W,1,-2.4930484,0.6806083917617798,0.17900000512599945,0.00839999970048666
YMR157C,YIL105C,0,-2.4986415,0.6780303120613098,0.17900000512599945,0.008500000461935997
YOR222W,YML019W,0,-2.5032227,0.6754717230796814,0.17900000512599945,0.00860000029206276
YLR447C,YBL050W,1,-2.5037026,0.6766917109489441,0.18000000715255737,0.00860000029206276
YPR036W,YNL079C,1,-2.5040305,0.6779026389122009,0.1809999942779541,0.00860000029206276
YMR116C,YPL051W,0,-2.505559,0.6753731369972229,0.1809999942779541,0.008700000122189522
YJR064W,YPL091W,0,-2.50742,0.6728624701499939,0.1809999942779541,0.008799999952316284
YER021W,YOR159C,0,-2.5121222,0.6703703999519348,0.1809999942779541,0.008899999782443047
YDL066W,YDR494W,0,-2.5123334,0.6678966879844666,0.1809999942779541,0.008999999612569809
YKL080W,YDR080W,1,-2.5164747,0.6691176295280457,0.18199999630451202,0.008999999612569809
YKL080W,YLR043C,1,-2.5178485,0.6703296899795532,0.18299999833106995,0.008999999612569809
YER094C,YBR146W,0,-2.5201817,0.6678832173347473,0.18299999833106995,0.009100000374019146
YGL019W,YIL133C,0,-2.5206106,0.6654545664787292,0.18299999833106995,0.009200000204145908
YML001W,YLR396C,1,-2.5207329,0.6666666865348816,0.18400000035762787,0.009200000204145908
YOR270C,YDR202C,1,-2.5254369,0.667870044708252,0.1850000023841858,0.009200000204145908
YEL013W,YNL079C,1,-2.526783,0.6690647602081299,0.1860000044107437,0.009200000204145908
YER159C,YLR406C,0,-2.5272887,0.6666666865348816,0.1860000044107437,0.00930000003427267
YNL326C,YLR148W,1,-2.5298698,0.6678571701049805,0.18700000643730164,0.00930000003427267
YLR303W,YKL018W,0,-2.5361571,0.6654804348945618,0.18700000643730164,0.009399999864399433
YGR240C,YER090W,0,-2.536282,0.6631205677986145,0.18700000643730164,0.009499999694526196
YDR003W,YLR138W,0,-2.536417,0.6607773900032043,0.18700000643730164,0.009600000455975533
YPR058W,YNL005C,0,-2.537096,0.658450722694397,0.18700000643730164,0.009700000286102295
YDR457W,YLR158C,0,-2.546637,0.6561403274536133,0.18700000643730164,0.009800000116229057
YPR036W,YDR328C,1,-2.5482306,0.6573426723480225,0.18799999356269836,0.009800000116229057
YHR060W,YPL019C,1,-2.5505338,0.6585366129875183,0.1889999955892563,0.009800000116229057
YGR010W,YKL161C,0,-2.5573435,0.65625,0.1889999955892563,0.00989999994635582
YBL092W,YNL261W,0,-2.5626762,0.6539792418479919,0.1889999955892563,0.009999999776482582
YEL027W,YKR007W,1,-2.5632823,0.6551724076271057,0.1899999976158142,0.009999999776482582
YEL027W,YLR396C,1,-2.56563,0.6563574075698853,0.19099999964237213,0.009999999776482582
YLR447C,YDR495C,1,-2.567841,0.6575342416763306,0.19200000166893005,0.009999999776482582
YGR157W,YOL070C,0,-2.570359,0.6552901268005371,0.19200000166893005,0.010099999606609344
YLR447C,YDR080W,1,-2.571154,0.6564626097679138,0.19300000369548798,0.010099999606609344
YHR026W,YLR240W,1,-2.573175,0.6576271057128906,0.1940000057220459,0.010099999606609344
YPR082C,YIL074C,0,-2.5804832,0.6554054021835327,0.1940000057220459,0.010200000368058681
YGR263C,YNL177C,0,-2.582711,0.6531986594200134,0.1940000057220459,0.010300000198185444
YGL019W,YKL210W,0,-2.5841672,0.6510066986083984,0.1940000057220459,0.010400000028312206
YEL027W,YGL095C,1,-2.5866735,0.6521739363670349,0.19499999284744263,0.010400000028312206
YEL027W,YDR202C,1,-2.5902333,0.653333306312561,0.19599999487400055,0.010400000028312206
YBR127C,YMR197C,1,-2.5904663,0.6544850468635559,0.19699999690055847,0.010400000028312206
YNL326C,YLR043C,1,-2.5909395,0.6556291580200195,0.1979999989271164,0.010400000028312206
YMR171C,YCL017C,0,-2.5919948,0.6534653306007385,0.1979999989271164,0.010499999858438969
YPR036W,YMR197C,1,-2.595851,0.6546052694320679,0.19900000095367432,0.010499999858438969
YPL237W,YLR390W-A,0,-2.5968304,0.6524590253829956,0.19900000095367432,0.010599999688565731
YHR039C-A,YLR240W,1,-2.5991554,0.6535947918891907,0.20000000298023224,0.010599999688565731
YHR039C-A,YIL048W,1,-2.607831,0.6547231078147888,0.20100000500679016,0.010599999688565731
YHR162W,YOR249C,0,-2.6085024,0.6525974273681641,0.20100000500679016,0.010700000450015068
YDR057W,YGR284C,0,-2.6140099,0.6504854559898376,0.20100000500679016,0.01080000028014183
YDR495C,YBR127C,1,-2.6200113,0.6516128778457642,0.20200000703334808,0.01080000028014183
YNL081C,YDL229W,0,-2.6227448,0.6495176553726196,0.20200000703334808,0.010900000110268593
YLR447C,YEL051W,1,-2.6284983,0.6506410241127014,0.2029999941587448,0.010900000110268593
YBR122C,YLR330W,0,-2.6285067,0.6485623121261597,0.2029999941587448,0.010999999940395355
YML001W,YHR174W,1,-2.630361,0.6496815085411072,0.20399999618530273,0.010999999940395355
YPR118W,YER003C,0,-2.630621,0.6476190686225891,0.20399999618530273,0.011099999770522118
YGR157W,YMR021C,0,-2.6319127,0.6455696225166321,0.20399999618530273,0.01119999960064888
YHR030C,YJR123W,0,-2.632075,0.6435331106185913,0.20399999618530273,0.011300000362098217
YDL185W,YDR202C,1,-2.6350577,0.6446540951728821,0.20499999821186066,0.011300000362098217
YHR039C-A,YDL185W,1,-2.635071,0.6457680463790894,0.20600000023841858,0.011300000362098217
YAL009W,YCR042C,0,-2.6364896,0.643750011920929,0.20600000023841858,0.01140000019222498
YER026C,YPL022W,0,-2.638094,0.6417445540428162,0.20600000023841858,0.011500000022351742
YMR109W,YBR229C,0,-2.640099,0.6397515535354614,0.20600000023841858,0.011599999852478504
YNL326C,YBR080C,1,-2.6411831,0.6408668756484985,0.2070000022649765,0.011599999852478504
YLR265C,YBR161W,0,-2.6444774,0.6388888955116272,0.2070000022649765,0.011699999682605267
YLR204W,YDL248W,0,-2.6461012,0.63692307472229,0.2070000022649765,0.011800000444054604
YHR060W,YIL048W,1,-2.6469693,0.6380367875099182,0.20800000429153442,0.011800000444054604
YNL015W,YEL051W,1,-2.6481252,0.639143705368042,0.20900000631809235,0.011800000444054604
YNL236W,YDL182W,0,-2.6512125,0.6371951103210449,0.20900000631809235,0.011900000274181366
YGR218W,YER041W,0,-2.6572046,0.6352583765983582,0.20900000631809235,0.012000000104308128
YOL110W,YLR380W,0,-2.659976,0.6333333253860474,0.20900000631809235,0.01209999993443489
YHR060W,YGR209C,1,-2.662203,0.634441077709198,0.20999999344348907,0.01209999993443489
YLL004W,YDR071C,0,-2.6691785,0.6325300931930542,0.20999999344348907,0.012199999764561653
YBR022W,YER146W,0,-2.6765075,0.630630612373352,0.20999999344348907,0.012299999594688416
YOL026C,YIL124W,0,-2.6826854,0.628742516040802,0.20999999344348907,0.012400000356137753
YGL095C,YNL079C,1,-2.6872978,0.6298507452011108,0.210999995470047,0.012400000356137753
YAL038W,YNL138W,0,-2.688568,0.6279761791229248,0.210999995470047,0.012500000186264515
YKL080W,YPR036W,1,-2.691801,0.6290801167488098,0.21199999749660492,0.012500000186264515
YBR196C,YOL063C,0,-2.692061,0.6272189617156982,0.21199999749660492,0.012600000016391277
YPR035W,YLL043W,0,-2.6944032,0.6253687143325806,0.21199999749660492,0.01269999984651804
YER153C,YAR019C,0,-2.6959896,0.6235294342041016,0.21199999749660492,0.012799999676644802
YHR026W,YLR043C,1,-2.696072,0.6246334314346313,0.21299999952316284,0.012799999676644802
YDL185W,YHR174W,1,-2.6974878,0.6257309913635254,0.21400000154972076,0.012799999676644802
YLR305C,YIL048W,1,-2.700687,0.6268221735954285,0.2150000035762787,0.012799999676644802
YEL013W,YLR305C,1,-2.702168,0.6279069781303406,0.2160000056028366,0.012799999676644802
YLR039C,YDR452W,0,-2.7026272,0.626086950302124,0.2160000056028366,0.012900000438094139
YEL027W,YBL050W,1,-2.7028048,0.6271676421165466,0.21699999272823334,0.012900000438094139
YKL080W,YDL077C,1,-2.7086623,0.6282420754432678,0.21799999475479126,0.012900000438094139
YIL014W,YKL069W,0,-2.7088706,0.6264367699623108,0.21799999475479126,0.013000000268220901
YPL019C,YDR328C,1,-2.709057,0.6275071501731873,0.21899999678134918,0.013000000268220901
YBL091C-A,YFL036W,0,-2.7109673,0.6257143020629883,0.21899999678134918,0.013100000098347664
YHR026W,YDR328C,1,-2.712463,0.62678062915802,0.2199999988079071,0.013100000098347664
YOR039W,YOL059W,0,-2.7173672,0.625,0.2199999988079071,0.013199999928474426
YKL214C,YDL192W,0,-2.7206159,0.623229444026947,0.2199999988079071,0.013299999758601189
YDR493W,YGL137W,0,-2.721276,0.6214689016342163,0.2199999988079071,0.013399999588727951
YOR011W,YMR314W,0,-2.7213871,0.6197183132171631,0.2199999988079071,0.013500000350177288
YHR026W,YDR202C,1,-2.721706,0.6207864880561829,0.22100000083446503,0.013500000350177288
YLR330W,YMR073C,0,-2.7231934,0.6190476417541504,0.22100000083446503,0.01360000018030405
YGL095C,YOR326W,1,-2.7259402,0.6201117038726807,0.22200000286102295,0.01360000018030405
YHR026W,YIL048W,1,-2.7276795,0.621169924736023,0.22300000488758087,0.01360000018030405
YBR023C,YNL307C,0,-2.728278,0.6194444298744202,0.22300000488758087,0.013700000010430813
YGR010W,YFR041C,0,-2.7292435,0.6177285313606262,0.22300000488758087,0.013799999840557575
YIR034C,YER133W,0,-2.7312121,0.6160221099853516,0.22300000488758087,0.013899999670684338
YDR472W,YER027C,0,-2.7318382,0.6143250465393066,0.22300000488758087,0.014000000432133675
YGR209C,YBR127C,1,-2.7332184,0.6153846383094788,0.2240000069141388,0.014000000432133675
YGR106C,YAL010C,0,-2.733234,0.6136986017227173,0.2240000069141388,0.014100000262260437
YGR199W,YLR328W,0,-2.7334313,0.6120218634605408,0.2240000069141388,0.0142000000923872
YGL161C,YER057C,0,-2.7359068,0.6103542447090149,0.2240000069141388,0.014299999922513962
YLR127C,YDL066W,0,-2.7361674,0.6086956262588501,0.2240000069141388,0.014399999752640724
YKL080W,YHR174W,1,-2.7371333,0.6097561120986938,0.22499999403953552,0.014399999752640724
YML001W,YLR240W,1,-2.7395978,0.6108108162879944,0.22599999606609344,0.014399999752640724
YNL263C,YMR177W,0,-2.7415397,0.6091644167900085,0.22599999606609344,0.014499999582767487
YNL079C,YBL050W,1,-2.74434,0.6102150678634644,0.22699999809265137,0.014499999582767487
YPR036W,YLR396C,1,-2.7445118,0.6112600564956665,0.2280000001192093,0.014499999582767487
YOR326W,YDR456W,1,-2.744926,0.6122994422912598,0.2290000021457672,0.014499999582767487
YDR212W,YJL096W,0,-2.7474272,0.6106666922569275,0.2290000021457672,0.014600000344216824
YLR066W,YLR312W-A,0,-2.7478917,0.6090425252914429,0.2290000021457672,0.014700000174343586
YHR039C-A,YDR328C,1,-2.7510898,0.6100795865058899,0.23000000417232513,0.014700000174343586
YBR201W,YDR099W,0,-2.7538252,0.6084656119346619,0.23000000417232513,0.014800000004470348
YOR275C,YJR161C,0,-2.7562337,0.6068601608276367,0.23000000417232513,0.01489999983459711
YGR214W,YER048W-A,0,-2.7564352,0.6052631735801697,0.23000000417232513,0.014999999664723873
YOR126C,YCR095C,0,-2.7690861,0.6036745309829712,0.23000000417232513,0.01510000042617321
YPR036W,YDR456W,1,-2.769596,0.6047120690345764,0.23100000619888306,0.01510000042617321
YFR031C-A,YLR436C,0,-2.7754626,0.6031331419944763,0.23100000619888306,0.015200000256299973
YBR109C,YLR148W,1,-2.7765408,0.6041666865348816,0.23199999332427979,0.015200000256299973
YOR211C,YGR234W,0,-2.7768867,0.6025974154472351,0.23199999332427979,0.015300000086426735
YER089C,YKR037C,0,-2.7773209,0.6010362505912781,0.23199999332427979,0.015399999916553497
YMR109W,YDR385W,0,-2.777564,0.5994831919670105,0.23199999332427979,0.01549999974668026
YGR023W,YJL222W,0,-2.7835736,0.5979381203651428,0.23199999332427979,0.015599999576807022
YNL326C,YGL095C,1,-2.7857213,0.5989717245101929,0.2329999953508377,0.015599999576807022
YIL043C,YLR005W,0,-2.7869413,0.5974358916282654,0.2329999953508377,0.015699999406933784
YOR230W,YBR101C,0,-2.7875104,0.5959079265594482,0.2329999953508377,0.015799999237060547
YHR152W,YKL067W,0,-2.7902045,0.5943877696990967,0.2329999953508377,0.01590000092983246
YDR434W,YOL120C,0,-2.7918026,0.5928753018379211,0.2329999953508377,0.01600000075995922
YPL019C,YNL079C,1,-2.7935216,0.5939086079597473,0.23399999737739563,0.01600000075995922
YBR127C,YKR007W,1,-2.7940035,0.594936728477478,0.23499999940395355,0.01600000075995922
YPR036W,YDR080W,1,-2.795441,0.5959596037864685,0.23600000143051147,0.01600000075995922
YHR039C-A,YLR396C,1,-2.798161,0.5969773530960083,0.2370000034570694,0.01600000075995922
YLR396C,YLR148W,1,-2.7992728,0.5979899764060974,0.23800000548362732,0.01600000075995922
YDR080W,YLR043C,1,-2.8017364,0.5989974737167358,0.23899999260902405,0.01600000075995922
YOR117W,YKL039W,0,-2.8024046,0.5975000262260437,0.23899999260902405,0.016100000590085983
YJR120W,YPR199C,0,-2.8035822,0.5960099697113037,0.23899999260902405,0.016200000420212746
YER133W,YDR303C,0,-2.8099008,0.5945273637771606,0.23899999260902405,0.016300000250339508
YER007W,YIL094C,0,-2.8148088,0.593052089214325,0.23899999260902405,0.01640000008046627
YLR447C,YOR326W,1,-2.821042,0.594059407711029,0.23999999463558197,0.01640000008046627
YMR035W,YCL005W,0,-2.8225272,0.5925925970077515,0.23999999463558197,0.016499999910593033
YDR495C,YOR270C,1,-2.8232155,0.5935960412025452,0.2409999966621399,0.016499999910593033
YDR236C,YHR020W,0,-2.8251812,0.5921375751495361,0.2409999966621399,0.016599999740719795
YHR023W,YAR002C-A,0,-2.826838,0.5906862616539001,0.2409999966621399,0.016699999570846558
YGL129C,YKL190W,0,-2.8331683,0.5892420411109924,0.2409999966621399,0.01679999940097332
YDR510W,YKL196C,0,-2.835009,0.5878048539161682,0.2409999966621399,0.016899999231100082
YHR039C-A,YPL268W,1,-2.8364854,0.5888077616691589,0.24199999868869781,0.016899999231100082
YEL051W,YDR456W,1,-2.8377283,0.5898058414459229,0.24300000071525574,0.016899999231100082
YDR080W,YBR127C,1,-2.838366,0.5907990336418152,0.24400000274181366,0.016899999231100082
YDL192W,YKL135C,0,-2.8391738,0.5893719792366028,0.24400000274181366,0.017000000923871994
YLR305C,YNL015W,1,-2.840106,0.5903614163398743,0.24500000476837158,0.017000000923871994
YJL003W,YAL003W,0,-2.8403292,0.588942289352417,0.24500000476837158,0.017100000753998756
YLR403W,YDL188C,0,-2.8423529,0.5875299572944641,0.24500000476837158,0.01720000058412552
YMR264W,YDR025W,0,-2.8441155,0.5861244201660156,0.24500000476837158,0.01730000041425228
YBL032W,YLR204W,0,-2.8446362,0.584725558757782,0.24500000476837158,0.017400000244379044
YDR153C,YDR031W,0,-2.8485615,0.5833333134651184,0.24500000476837158,0.017500000074505806
YEL046C,YAL029C,0,-2.8486214,0.5819477438926697,0.24500000476837158,0.01759999990463257
YIL138C,YDL185W,1,-2.8528004,0.5829383730888367,0.2460000067949295,0.01759999990463257
YFL045C,YKL053C-A,0,-2.8543048,0.5815602540969849,0.2460000067949295,0.01769999973475933
YHR039C-A,YBR127C,1,-2.8585718,0.5825471878051758,0.24699999392032623,0.01769999973475933
YOR326W,YDR328C,1,-2.860612,0.5835294127464294,0.24799999594688416,0.01769999973475933
YKL080W,YPL019C,1,-2.8626983,0.5845070481300354,0.24899999797344208,0.01769999973475933
YBL087C,YHR044C,0,-2.8632188,0.5831381678581238,0.24899999797344208,0.017799999564886093
YGR281W,YBR119W,0,-2.863873,0.5817757248878479,0.24899999797344208,0.017899999395012856
YGL200C,YDR260C,0,-2.8650994,0.5804196000099182,0.24899999797344208,0.017999999225139618
YMR236W,YKL128C,0,-2.8668354,0.5790697932243347,0.24899999797344208,0.01810000091791153
YGL226C-A,YDR172W,0,-2.8670955,0.5777262449264526,0.24899999797344208,0.018200000748038292
YBR058C-A,YLR008C,0,-2.8688385,0.5763888955116272,0.24899999797344208,0.018300000578165054
YMR096W,YDR517W,0,-2.869358,0.5750577449798584,0.24899999797344208,0.018400000408291817
YLR447C,YIL048W,1,-2.8708582,0.5760368704795837,0.25,0.018400000408291817
YML070W,YFL045C,0,-2.8717082,0.5747126340866089,0.25,0.01850000023841858
YIL078W,YOR250C,0,-2.8723662,0.5733944773674011,0.25,0.01860000006854534
YDR495C,YDL185W,1,-2.8745022,0.5743706822395325,0.25099998712539673,0.01860000006854534
YKL119C,YDL185W,1,-2.8747864,0.5753424763679504,0.25200000405311584,0.01860000006854534
YOL012C,YGR124W,0,-2.8755636,0.5740318894386292,0.25200000405311584,0.018699999898672104
YNL031C,YPL009C,0,-2.8764138,0.5727272629737854,0.25200000405311584,0.018799999728798866
YDR080W,YIL048W,1,-2.876969,0.5736961364746094,0.2529999911785126,0.018799999728798866
YHR174W,YKR007W,1,-2.878852,0.5746606588363647,0.2540000081062317,0.018799999728798866
YER057C,YPR086W,0,-2.8801625,0.5733634233474731,0.2540000081062317,0.01889999955892563
YHR060W,YOR326W,1,-2.8811698,0.5743243098258972,0.2549999952316284,0.01889999955892563
YLR418C,YOR109W,0,-2.884294,0.5730336904525757,0.2549999952316284,0.01899999938905239
YJL001W,YBR031W,0,-2.885829,0.5717488527297974,0.2549999952316284,0.019099999219179153
YGL095C,YLR148W,1,-2.8860674,0.572706937789917,0.25600001215934753,0.019099999219179153
YHR026W,YDR456W,1,-2.886156,0.5736607313156128,0.25699999928474426,0.019099999219179153
YLR305C,YDR328C,1,-2.8861866,0.5746102333068848,0.257999986410141,0.019099999219179153
YGL095C,YHR174W,1,-2.8877354,0.5755555629730225,0.2590000033378601,0.019099999219179153
YEL056W,YKL192C,0,-2.8881063,0.5742793679237366,0.2590000033378601,0.019200000911951065
YPL208W,YDL182W,0,-2.8891556,0.5730088353157043,0.2590000033378601,0.019300000742077827
YDR265W,YDR450W,0,-2.8893747,0.571743905544281,0.2590000033378601,0.01940000057220459
YER089C,YLR461W,0,-2.8917172,0.5704845786094666,0.2590000033378601,0.019500000402331352
YLR406C,YKL152C,0,-2.8917687,0.5692307949066162,0.2590000033378601,0.019600000232458115
YDL185W,YBL050W,1,-2.8950522,0.5701754093170166,0.25999999046325684,0.019600000232458115
YDL185W,YLR148W,1,-2.9006608,0.5711159706115723,0.26100000739097595,0.019600000232458115
YEL027W,YLR305C,1,-2.9007008,0.5720524191856384,0.2619999945163727,0.019600000232458115
YBR080C,YDL185W,1,-2.9023674,0.5729847550392151,0.2630000114440918,0.019600000232458115
YIR010W,YPR165W,0,-2.9025412,0.571739137172699,0.2630000114440918,0.019700000062584877
YPL019C,YBL050W,1,-2.9030776,0.5726681351661682,0.2639999985694885,0.019700000062584877
YKL080W,YDR065W,1,-2.903781,0.5735930800437927,0.26499998569488525,0.019700000062584877
YHR026W,YDR495C,1,-2.9038937,0.5745140314102173,0.26600000262260437,0.019700000062584877
YIL125W,YCL017C,0,-2.9058967,0.5732758641242981,0.26600000262260437,0.01979999989271164
YKL117W,YMR119W,0,-2.906329,0.5720430016517639,0.26600000262260437,0.019899999722838402
YEL051W,YDR328C,1,-2.9106812,0.5729613900184631,0.2669999897480011,0.019899999722838402
YIL098C,YPL081W,0,-2.912569,0.5717344880104065,0.2669999897480011,0.019999999552965164
YCR044C,YNR028W,0,-2.9145002,0.5705128312110901,0.2669999897480011,0.020099999383091927
YPR036W,YDR202C,1,-2.9151952,0.5714285969734192,0.2680000066757202,0.020099999383091927
YNL031C,YKL069W,0,-2.9157782,0.5702127814292908,0.2680000066757202,0.02019999921321869
YGR020C,YLR396C,1,-2.9160292,0.5711252689361572,0.26899999380111694,0.02019999921321869
YML001W,YJR033C,1,-2.9170144,0.5720338821411133,0.27000001072883606,0.02019999921321869
YLR447C,YPR036W,1,-2.9172487,0.5729386806488037,0.2709999978542328,0.02019999921321869
YLR305C,YGL095C,1,-2.91872,0.5738396644592285,0.2720000147819519,0.02019999921321869
YML001W,YIL048W,1,-2.9197311,0.5747368335723877,0.27300000190734863,0.02019999921321869
YKL152C,YDR266C,0,-2.9202156,0.5735294222831726,0.27300000190734863,0.0203000009059906
YBR131W,YER023W,0,-2.922727,0.5723270177841187,0.27300000190734863,0.020400000736117363
YGL095C,YDL185W,1,-2.9229074,0.573221743106842,0.27399998903274536,0.020400000736117363
YOL143C,YGL142C,0,-2.9245338,0.5720250606536865,0.27399998903274536,0.020500000566244125
YHL048W,YNL183C,0,-2.9321728,0.5708333253860474,0.27399998903274536,0.020600000396370888
YOR326W,YBR080C,1,-2.9335952,0.5717255473136902,0.2750000059604645,0.020600000396370888
YER086W,YDR099W,0,-2.93614,0.5705394148826599,0.2750000059604645,0.02070000022649765
YML048W,YKL179C,0,-2.9381354,0.5693581700325012,0.2750000059604645,0.020800000056624413
YKL080W,YMR197C,1,-2.940786,0.5702479481697083,0.2759999930858612,0.020800000056624413
YLR305C,YDR080W,1,-2.941475,0.5711340308189392,0.2770000100135803,0.020800000056624413
YEL027W,YBR127C,1,-2.9425385,0.5720164775848389,0.27799999713897705,0.020800000056624413
YBR025C,YDL194W,0,-2.9427428,0.570841908454895,0.27799999713897705,0.020899999886751175
YGL243W,YLR340W,0,-2.94278,0.5696721076965332,0.27799999713897705,0.020999999716877937
YLR314C,YJL034W,0,-2.9467976,0.5685071349143982,0.27799999713897705,0.0210999995470047
YNL307C,YDL006W,0,-2.9473872,0.5673469305038452,0.27799999713897705,0.021199999377131462
YHR026W,YER072W,1,-2.9475303,0.5682281255722046,0.27900001406669617,0.021199999377131462
YJL143W,YFR002W,0,-2.9479334,0.5670731663703918,0.27900001406669617,0.021299999207258224
YOR259C,YJR123W,0,-2.948114,0.5659229159355164,0.27900001406669617,0.021400000900030136
YLR004C,YKR071C,0,-2.948565,0.5647773146629333,0.27900001406669617,0.0215000007301569
YOR326W,YDL077C,1,-2.9486372,0.5656565427780151,0.2800000011920929,0.0215000007301569
YIL138C,YLR148W,1,-2.948692,0.5665322542190552,0.2809999883174896,0.0215000007301569
YIL043C,YBR005W,0,-2.9499252,0.5653923749923706,0.2809999883174896,0.02160000056028366
YNL263C,YFL038C,0,-2.9499848,0.564257025718689,0.2809999883174896,0.021700000390410423
YGR116W,YOR158W,0,-2.9505055,0.563126266002655,0.2809999883174896,0.021800000220537186
YEL020W-A,YML071C,0,-2.9515562,0.5619999766349792,0.2809999883174896,0.021900000050663948
YDR252W,YOR323C,0,-2.952186,0.5608782172203064,0.2809999883174896,0.02199999988079071
YDR495C,YDR456W,1,-2.9558165,0.56175297498703,0.28200000524520874,0.02199999988079071
YNL231C,YNL312W,0,-2.9562168,0.5606361627578735,0.28200000524520874,0.022099999710917473
YLR330W,YNL257C,0,-2.958446,0.5595238208770752,0.28200000524520874,0.022199999541044235
YGL094C,YGR087C,0,-2.959971,0.5584158301353455,0.28200000524520874,0.022299999371170998
YEL027W,YHR174W,1,-2.9638567,0.5592885613441467,0.28299999237060547,0.022299999371170998
YDR385W,YPR178W,0,-2.9662697,0.5581853985786438,0.28299999237060547,0.02239999920129776
YOR270C,YDR328C,1,-2.9685822,0.5590550899505615,0.2840000092983246,0.02239999920129776
YGL095C,YDR328C,1,-2.9695547,0.5599214434623718,0.2849999964237213,0.02239999920129776
YDR080W,YGR209C,1,-2.969704,0.5607843399047852,0.28600001335144043,0.02239999920129776
YJR009C,YGR004W,0,-2.9702318,0.5596868991851807,0.28600001335144043,0.02250000089406967
YEL021W,YKR048C,0,-2.9713795,0.55859375,0.28600001335144043,0.022600000724196434
YLR043C,YDR328C,1,-2.9718199,0.5594542026519775,0.28700000047683716,0.022600000724196434
YMR112C,YJL001W,0,-2.9722972,0.5583657622337341,0.28700000047683716,0.022700000554323196
YGR020C,YBL050W,1,-2.9730353,0.5592232942581177,0.2879999876022339,0.022700000554323196
YBR109C,YDR328C,1,-2.9743423,0.5600775480270386,0.289000004529953,0.022700000554323196
YJR013W,YFL048C,0,-2.9747388,0.5589941740036011,0.289000004529953,0.02280000038444996
YBL095W,YOL058W,0,-2.9749286,0.5579150319099426,0.289000004529953,0.02290000021457672
YPL268W,YGL095C,1,-2.977885,0.5587668418884277,0.28999999165534973,0.02290000021457672
YHR017W,YDR316W,0,-2.9804907,0.557692289352417,0.28999999165534973,0.023000000044703484
YER074W-A,YPL023C,0,-2.98848,0.5566219091415405,0.28999999165534973,0.023099999874830246
YMR167W,YGR204W,0,-2.9910831,0.5555555820465088,0.28999999165534973,0.02319999970495701
YGR020C,YKL080W,1,-2.9912496,0.5564053654670715,0.29100000858306885,0.02319999970495701
YBR017C,YGR124W,0,-2.9916577,0.555343508720398,0.29100000858306885,0.02329999953508377
YOR326W,YMR197C,1,-2.9934664,0.5561904907226562,0.2919999957084656,0.02329999953508377
YOL006C,YAL005C,0,-2.9963956,0.5551331043243408,0.2919999957084656,0.023399999365210533
YLR396C,YJR033C,1,-2.996964,0.5559772253036499,0.2930000126361847,0.023399999365210533
YGR040W,YDR423C,0,-2.9979606,0.5549242496490479,0.2930000126361847,0.023499999195337296
YKL119C,YGL095C,1,-3.0008695,0.5557655692100525,0.2939999997615814,0.023499999195337296
YLR043C,YGR209C,1,-3.001594,0.5566037893295288,0.29499998688697815,0.023499999195337296
YLR447C,YKL051W,1,-3.0021403,0.5574387907981873,0.29600000381469727,0.023499999195337296
YOR266W,YGL009C,0,-3.0030727,0.5563910007476807,0.29600000381469727,0.023600000888109207
YHR026W,YMR197C,1,-3.0047982,0.5572232604026794,0.296999990940094,0.023600000888109207
YKL173W,YHR135C,0,-3.0060198,0.5561797618865967,0.296999990940094,0.02370000071823597
YCR023C,YOR285W,0,-3.0065331,0.5551401972770691,0.296999990940094,0.023800000548362732
YHR060W,YNL326C,1,-3.0096426,0.5559701323509216,0.2980000078678131,0.023800000548362732
YLL067C,YCL017C,0,-3.0103722,0.5549347996711731,0.2980000078678131,0.023900000378489494
YJL047C,YDR450W,0,-3.0124729,0.553903341293335,0.2980000078678131,0.024000000208616257
YHL048W,YLR066W,0,-3.0134377,0.5528756976127625,0.2980000078678131,0.02410000003874302
YJR074W,YEL038W,0,-3.0147214,0.5518518686294556,0.2980000078678131,0.02419999986886978
YBL089W,YBL056W,0,-3.0164008,0.5508317947387695,0.2980000078678131,0.024299999698996544
YOR326W,YLR148W,1,-3.0177433,0.5516605377197266,0.29899999499320984,0.024299999698996544
YML126C,YJL192C,0,-3.021342,0.55064457654953,0.29899999499320984,0.024399999529123306
YDR525W-A,YJL008C,0,-3.0227828,0.5496323704719543,0.29899999499320984,0.02449999935925007
YGL012W,YLR190W,0,-3.0230374,0.5486238598823547,0.29899999499320984,0.02459999918937683
YCR012W,YOR103C,0,-3.025467,0.5476190447807312,0.29899999499320984,0.024700000882148743
YCR017C,YJL104W,0,-3.0291731,0.5466179251670837,0.29899999499320984,0.024800000712275505
YPR036W,YEL013W,1,-3.0305982,0.5474452376365662,0.30000001192092896,0.024800000712275505
YDR255C,YEL009C,0,-3.0306835,0.5464481115341187,0.30000001192092896,0.024900000542402267
YDR332W,YJR045C,0,-3.0326262,0.5454545617103577,0.30000001192092896,0.02500000037252903
YBR119W,YDR135C,0,-3.0331404,0.5444645881652832,0.30000001192092896,0.025100000202655792
YJL191W,YOR020C,0,-3.0350327,0.54347825050354,0.30000001192092896,0.025200000032782555
YIL048W,YDR328C,1,-3.0371015,0.5443037748336792,0.3009999990463257,0.025200000032782555
YJR076C,YBR166C,0,-3.0375078,0.5433213114738464,0.3009999990463257,0.025299999862909317
YDR495C,YPL019C,1,-3.0392923,0.5441441535949707,0.3019999861717224,0.025299999862909317
YHR039C-A,YOR326W,1,-3.0397925,0.5449640154838562,0.30300000309944153,0.025299999862909317
YCR027C,YDL240W,0,-3.0412855,0.5439856648445129,0.30300000309944153,0.02539999969303608
YIL136W,YKR096W,0,-3.0419502,0.5430107712745667,0.30300000309944153,0.025499999523162842
YNL066W,YDR487C,0,-3.0469265,0.5420393347740173,0.30300000309944153,0.025599999353289604
YLR396C,YOR270C,1,-3.0480714,0.5428571701049805,0.30399999022483826,0.025599999353289604
YMR207C,YNL219C,0,-3.0544696,0.541889488697052,0.30399999022483826,0.025699999183416367
YNL079C,YHR174W,1,-3.058395,0.5427046418190002,0.3050000071525574,0.025699999183416367
YFL045C,YOR110W,0,-3.0615082,0.5417406558990479,0.3050000071525574,0.025800000876188278
YLR448W,YFL059W,0,-3.0632544,0.5407801270484924,0.3050000071525574,0.02590000070631504
YFL045C,YIL074C,0,-3.0648887,0.5398229956626892,0.3050000071525574,0.026000000536441803
YIL138C,YIL048W,1,-3.0651696,0.5406360626220703,0.3059999942779541,0.026000000536441803
YDL236W,YMR304W,0,-3.0671058,0.5396825671195984,0.3059999942779541,0.026100000366568565
YJL047C,YDR139C,0,-3.0673883,0.5387324094772339,0.3059999942779541,0.026200000196695328
YHR041C,YPL264C,0,-3.0697427,0.5377855896949768,0.3059999942779541,0.02630000002682209
YMR115W,YBR036C,0,-3.0724492,0.5368421077728271,0.3059999942779541,0.026399999856948853
YOR270C,YDR456W,1,-3.072793,0.5376532673835754,0.3070000112056732,0.026399999856948853
YIL021W,YJL073W,0,-3.0759048,0.5367133021354675,0.3070000112056732,0.026499999687075615
YMR236W,YMR281W,0,-3.0766835,0.5357766151428223,0.3070000112056732,0.026599999517202377
YNL252C,YJR143C,0,-3.079626,0.5348432064056396,0.3070000112056732,0.02669999934732914
YHR203C,YOR126C,0,-3.0803518,0.5339130163192749,0.3070000112056732,0.026799999177455902
YMR286W,YDR100W,0,-3.0821278,0.5329861044883728,0.3070000112056732,0.026900000870227814
YML001W,YDL077C,1,-3.0840805,0.5337954759597778,0.30799999833106995,0.026900000870227814
YKL051W,YDR080W,1,-3.0843735,0.5346021056175232,0.3089999854564667,0.026900000870227814
YGR279C,YBR208C,0,-3.0860612,0.5336787700653076,0.3089999854564667,0.027000000700354576
YCL050C,YGR010W,0,-3.08652,0.5327585935592651,0.3089999854564667,0.02710000053048134
YOR270C,YMR197C,1,-3.0867276,0.5335628390312195,0.3100000023841858,0.02710000053048134
YPL019C,YBR080C,1,-3.0871649,0.5343642830848694,0.3109999895095825,0.02710000053048134
YER183C,YDR012W,0,-3.0883946,0.5334476828575134,0.3109999895095825,0.0272000003606081
YOR270C,YLR240W,1,-3.0885463,0.534246563911438,0.31200000643730164,0.0272000003606081
YDR182W,YLR340W,0,-3.0911102,0.5333333611488342,0.31200000643730164,0.027300000190734863
YHR074W,YLR130C,0,-3.0915718,0.532423198223114,0.31200000643730164,0.027400000020861626
YDR037W,YJL139C,0,-3.0932474,0.5315161943435669,0.31200000643730164,0.027499999850988388
YIR011C,YOL158C,0,-3.0963593,0.5306122303009033,0.31200000643730164,0.02759999968111515
YER072W,YOR270C,1,-3.0978057,0.5314091444015503,0.31299999356269836,0.02759999968111515
YNL079C,YDL077C,1,-3.0980797,0.5322033762931824,0.3140000104904175,0.02759999968111515
YLR436C,YJR067C,0,-3.1009455,0.5313028693199158,0.3140000104904175,0.027699999511241913
YEL013W,YDR017C,1,-3.1012716,0.5320945978164673,0.3149999976158142,0.027699999511241913
YDR368W,YHR045W,0,-3.1040444,0.5311973094940186,0.3149999976158142,0.027799999341368675
YGL094C,YGR253C,0,-3.1073997,0.5303030014038086,0.3149999976158142,0.027899999171495438
YNL160W,YLR078C,0,-3.1111414,0.529411792755127,0.3149999976158142,0.02800000086426735
YGR120C,YOL062C,0,-3.1123633,0.5285235047340393,0.3149999976158142,0.02810000069439411
YPL271W,YKL112W,0,-3.112821,0.5276381969451904,0.3149999976158142,0.028200000524520874
YCR012W,YBR010W,0,-3.1136599,0.5267558693885803,0.3149999976158142,0.028300000354647636
YGR020C,YLR148W,1,-3.1146162,0.5275459289550781,0.3160000145435333,0.028300000354647636
YLR396C,YOR326W,1,-3.1176276,0.528333306312561,0.31700000166893005,0.028300000354647636
YJR099W,YNL059C,0,-3.1185746,0.5274542570114136,0.31700000166893005,0.0284000001847744
YPL264C,YLR194C,0,-3.1186023,0.5265780687332153,0.31700000166893005,0.02850000001490116
YDR205W,YKL164C,0,-3.1224732,0.5257048010826111,0.31700000166893005,0.028599999845027924
YKL028W,YGL135W,0,-3.1252096,0.5248344540596008,0.31700000166893005,0.028699999675154686
YDL206W,YER019C-A,0,-3.1260252,0.5239669680595398,0.31700000166893005,0.02879999950528145
YOR396W,YMR316W,0,-3.1286535,0.5231022834777832,0.31700000166893005,0.02889999933540821
YNL079C,YDR456W,1,-3.128778,0.5238879919052124,0.3179999887943268,0.02889999933540821
YLR447C,YKR007W,1,-3.1288598,0.5246710777282715,0.3190000057220459,0.02889999933540821
YBL090W,YEL002C,0,-3.1295,0.523809552192688,0.3190000057220459,0.028999999165534973
YAL038W,YOR231W,0,-3.1297398,0.5229508280754089,0.3190000057220459,0.029100000858306885
YGL200C,YKR090W,0,-3.1308353,0.5220949053764343,0.3190000057220459,0.029200000688433647
YPL084W,YHR098C,0,-3.1312175,0.5212418437004089,0.3190000057220459,0.02930000051856041
YHR060W,YLR396C,1,-3.1317148,0.5220228433609009,0.3199999928474426,0.02930000051856041
YDR485C,YCL043C,0,-3.1354303,0.5211726427078247,0.3199999928474426,0.029400000348687172
YJR059W,YGR206W,0,-3.1364625,0.5203251838684082,0.3199999928474426,0.029500000178813934
YLR289W,YGR218W,0,-3.1364877,0.5194805264472961,0.3199999928474426,0.029600000008940697
YCR059C,YIL108W,0,-3.1372366,0.518638551235199,0.3199999928474426,0.02969999983906746
YGR136W,YFR006W,0,-3.137281,0.5177993774414062,0.3199999928474426,0.02979999966919422
YNL326C,YDL185W,1,-3.138379,0.5185783505439758,0.32100000977516174,0.02979999966919422
YPL268W,YHR138C,1,-3.1393538,0.5193548202514648,0.32199999690055847,0.02979999966919422
YHR039C-A,YKL051W,1,-3.1396956,0.5201288461685181,0.3230000138282776,0.02979999966919422
YIL043C,YGR278W,0,-3.1402404,0.5192925930023193,0.3230000138282776,0.029899999499320984
YER059W,YDR378C,0,-3.1414938,0.5184590816497803,0.3230000138282776,0.029999999329447746
YHR026W,YJR033C,1,-3.14175,0.5192307829856873,0.3240000009536743,0.029999999329447746
YOR033C,YLR375W,0,-3.1441069,0.5184000134468079,0.3240000009536743,0.03009999915957451
YDR064W,YDR389W,0,-3.1447523,0.5175718665122986,0.3240000009536743,0.03020000085234642
YMR143W,YCL052C,0,-3.144877,0.5167464017868042,0.3240000009536743,0.030300000682473183
YPR024W,YGR184C,0,-3.144893,0.5159235596656799,0.3240000009536743,0.030400000512599945
YOR330C,YMR238W,0,-3.1484327,0.5151033401489258,0.3240000009536743,0.030500000342726707
YPR157W,YDR128W,0,-3.1484647,0.5142857432365417,0.3240000009536743,0.03060000017285347
YDL185W,YOR068C,1,-3.1485853,0.5150554776191711,0.32499998807907104,0.03060000017285347
YGR010W,YNL016W,0,-3.1518705,0.5142405033111572,0.32499998807907104,0.030700000002980232
YDR071C,YJL146W,0,-3.1523845,0.5134280920028687,0.32499998807907104,0.030799999833106995
YIR032C,YGR244C,0,-3.1534967,0.5126183032989502,0.32499998807907104,0.030899999663233757
YOR133W,YDL015C,0,-3.1546748,0.5118110179901123,0.32499998807907104,0.03099999949336052
YDR264C,YGR037C,0,-3.156662,0.5110062956809998,0.32499998807907104,0.031099999323487282
YJL143W,YMR284W,0,-3.1573493,0.5102040767669678,0.32499998807907104,0.031199999153614044
YGL095C,YEL051W,1,-3.1574483,0.5109717845916748,0.32600000500679016,0.031199999153614044
YOL129W,YOR354C,0,-3.1581652,0.5101721286773682,0.32600000500679016,0.031300000846385956
YGR284C,YML115C,0,-3.159759,0.5093749761581421,0.32600000500679016,0.03139999881386757
YGR016W,YJR151C,0,-3.1601973,0.5085803270339966,0.32600000500679016,0.03150000050663948
YJR009C,YBL064C,0,-3.1618185,0.5077881813049316,0.32600000500679016,0.031599998474121094
YBL102W,YKL088W,0,-3.1624696,0.5069984197616577,0.32600000500679016,0.031700000166893005
YIL048W,YDR456W,1,-3.1633148,0.5077639818191528,0.3269999921321869,0.031700000166893005
YER007W,YDR468C,0,-3.164503,0.5069767236709595,0.3269999921321869,0.03180000185966492
YCR042C,YLR092W,0,-3.1650846,0.5061919689178467,0.3269999921321869,0.03189999982714653
YER072W,YLR148W,1,-3.1658869,0.5069552063941956,0.328000009059906,0.03189999982714653
YOR085W,YER131W,0,-3.1688752,0.5061728358268738,0.328000009059906,0.03200000151991844
YPR036W,YKL051W,1,-3.1698701,0.5069337487220764,0.32899999618530273,0.03200000151991844
YLR026C,YJL046W,0,-3.1709166,0.5061538219451904,0.32899999618530273,0.032099999487400055
YLR278C,YPR153W,0,-3.1710997,0.5053763389587402,0.32899999618530273,0.03220000118017197
YGR047C,YML067C,0,-3.1721065,0.504601240158081,0.32899999618530273,0.03229999914765358
YLR332W,YFL036W,0,-3.1729605,0.5038284659385681,0.32899999618530273,0.03240000084042549
YKL119C,YDR328C,1,-3.1790586,0.5045871734619141,0.33000001311302185,0.03240000084042549
YDL046W,YLR359W,0,-3.1793127,0.5038167834281921,0.33000001311302185,0.032499998807907104
YHR039C-A,YLR148W,1,-3.1795237,0.5045731663703918,0.3310000002384186,0.032499998807907104
YJL180C,YDR454C,0,-3.179555,0.5038051605224609,0.3310000002384186,0.032600000500679016
YNL160W,YDR310C,0,-3.181798,0.503039538860321,0.3310000002384186,0.03269999846816063
YGR020C,YDR456W,1,-3.1840544,0.5037935972213745,0.3319999873638153,0.03269999846816063
YOR326W,YGR209C,1,-3.1878855,0.5045454502105713,0.3330000042915344,0.03269999846816063
YHR060W,YHR026W,1,-3.1881948,0.5052949786186218,0.33399999141693115,0.03269999846816063
YHR001W,YOR122C,0,-3.189254,0.504531741142273,0.33399999141693115,0.03280000016093254
YKL186C,YJL097W,0,-3.1894908,0.5037707686424255,0.33399999141693115,0.03290000185370445
YBR028C,YIR017C,0,-3.1895442,0.5030120611190796,0.33399999141693115,0.032999999821186066
YMR177W,YOR104W,0,-3.1902993,0.5022556185722351,0.33399999141693115,0.03310000151395798
YPL242C,YDR099W,0,-3.1918197,0.5015015006065369,0.33399999141693115,0.03319999948143959
YFR048W,YNL305C,0,-3.195148,0.5007496476173401,0.33399999141693115,0.0333000011742115
YPL243W,YKL210W,0,-3.1959248,0.5,0.33399999141693115,0.033399999141693115
YKL119C,YDL077C,1,-3.1960526,0.5007473826408386,0.33500000834465027,0.033399999141693115
YJL111W,YFL005W,0,-3.1968482,0.5,0.33500000834465027,0.03350000083446503
YKL062W,YOR122C,0,-3.1980577,0.49925485253334045,0.33500000834465027,0.03359999880194664
YBL032W,YPL053C,0,-3.2001653,0.4985119104385376,0.33500000834465027,0.03370000049471855
YER072W,YKR007W,1,-3.2005963,0.49925705790519714,0.335999995470047,0.03370000049471855
YIL078W,YDR371W,0,-3.202076,0.498516321182251,0.335999995470047,0.033799998462200165
YNL326C,YNL015W,1,-3.203605,0.49925926327705383,0.3370000123977661,0.033799998462200165
YDL185W,YKR007W,1,-3.2065582,0.5,0.33799999952316284,0.033799998462200165
YKR101W,YOR045W,0,-3.208489,0.49926143884658813,0.33799999952316284,0.033900000154972076
YHR198C,YER133W,0,-3.209922,0.49852508306503296,0.33799999952316284,0.03400000184774399
YEL051W,YOR068C,1,-3.2102828,0.49926361441612244,0.33899998664855957,0.03400000184774399
YKL008C,YLL005C,0,-3.212751,0.4985294044017792,0.33899998664855957,0.0340999998152256
YDR495C,YLR043C,1,-3.21504,0.49926578998565674,0.3400000035762787,0.0340999998152256
YPL213W,YFL041W,0,-3.215188,0.4985337257385254,0.3400000035762787,0.03420000150799751
YLR305C,YER072W,1,-3.2161784,0.49926793575286865,0.3409999907016754,0.03420000150799751
YGR093W,YOR027W,0,-3.21734,0.4985380172729492,0.3409999907016754,0.034299999475479126
YBR154C,YOL019W,0,-3.217382,0.4978102147579193,0.3409999907016754,0.03440000116825104
YER124C,YEL034W,0,-3.217894,0.4970845580101013,0.3409999907016754,0.03449999913573265
YGL084C,YDR261C,0,-3.2228653,0.49636098742485046,0.3409999907016754,0.03460000082850456
YER025W,YGR058W,0,-3.225189,0.49563953280448914,0.3409999907016754,0.034699998795986176
YDR031W,YDR034C,0,-3.226492,0.49492016434669495,0.3409999907016754,0.03480000048875809
YOR339C,YHR141C,0,-3.2287126,0.4942029118537903,0.3409999907016754,0.0348999984562397
YKL134C,YGR061C,0,-3.2287889,0.493487685918808,0.3409999907016754,0.03500000014901161
YMR171C,YML048W,0,-3.2289343,0.4927745759487152,0.3409999907016754,0.035100001841783524
YPL095C,YKL184W,0,-3.2291372,0.4920634925365448,0.3409999907016754,0.03519999980926514
YER174C,YDR468C,0,-3.2297435,0.49135446548461914,0.3409999907016754,0.03530000150203705
YGL195W,YHR073W,0,-3.2312183,0.49064749479293823,0.3409999907016754,0.03539999946951866
YJR099W,YML024W,0,-3.231236,0.4899425208568573,0.3409999907016754,0.03550000116229057
YIL138C,YEL013W,1,-3.2321315,0.49067431688308716,0.34200000762939453,0.03550000116229057
YPL019C,YNL015W,1,-3.2325747,0.4914039969444275,0.34299999475479126,0.03550000116229057
YKL211C,YDL100C,0,-3.2327423,0.49070098996162415,0.34299999475479126,0.035599999129772186
YGL023C,YPR042C,0,-3.2334251,0.49000000953674316,0.34299999475479126,0.0357000008225441
YMR278W,YGL123W,0,-3.2357523,0.48930099606513977,0.34299999475479126,0.03579999879002571
YGL002W,YCR028C-A,0,-3.2368314,0.48860397934913635,0.34299999475479126,0.03590000048279762
YGL181W,YKL043W,0,-3.2372632,0.4879089593887329,0.34299999475479126,0.035999998450279236
YMR019W,YKL151C,0,-3.2399879,0.48721590638160706,0.34299999475479126,0.03610000014305115
YPL268W,YBR109C,1,-3.242158,0.48794326186180115,0.3440000116825104,0.03610000014305115
YOR396W,YKR028W,0,-3.242313,0.4872521162033081,0.3440000116825104,0.03620000183582306
YOL130W,YDR289C,0,-3.2427235,0.48656293749809265,0.3440000116825104,0.03629999980330467
YER133W,YPL003W,0,-3.2430115,0.4858756959438324,0.3440000116825104,0.036400001496076584
YDR079C-A,YOR210W,0,-3.2438393,0.48519042134284973,0.3440000116825104,0.0364999994635582
YNL297C,YHR152W,0,-3.2442436,0.4845070540904999,0.3440000116825104,0.03660000115633011
YMR263W,YOR323C,0,-3.2445016,0.48382559418678284,0.3440000116825104,0.03669999912381172
YGR253C,YDR356W,0,-3.245388,0.483146071434021,0.3440000116825104,0.03680000081658363
YDR257C,YHL031C,0,-3.245525,0.48246845602989197,0.3440000116825104,0.03689999878406525
YDR059C,YHR203C,0,-3.2455385,0.48179271817207336,0.3440000116825104,0.03700000047683716
YKL119C,YBL050W,1,-3.2458076,0.4825174808502197,0.3449999988079071,0.03700000047683716
YOL116W,YOL158C,0,-3.2476006,0.4818435609340668,0.3449999988079071,0.03709999844431877
YPL019C,YKR007W,1,-3.2476208,0.482566237449646,0.34599998593330383,0.03709999844431877
YBL050W,YLR148W,1,-3.248095,0.48328691720962524,0.34700000286102295,0.03709999844431877
YPL134C,YGR024C,0,-3.2485602,0.48261475563049316,0.34700000286102295,0.03720000013709068
YDR424C,YOR187W,0,-3.2489963,0.4819444417953491,0.34700000286102295,0.037300001829862595
YEL054C,YKL067W,0,-3.2500558,0.4812760055065155,0.34700000286102295,0.03739999979734421
YCR020C-A,YFR005C,0,-3.2502646,0.4806094169616699,0.34700000286102295,0.03750000149011612
YCR017C,YBR297W,0,-3.2540724,0.4799446761608124,0.34700000286102295,0.03759999945759773
YER021W,YHR063C,0,-3.2568007,0.4792817533016205,0.34700000286102295,0.037700001150369644
YLR429W,YPR194C,0,-3.2578907,0.4786206781864166,0.34700000286102295,0.03779999911785126
YPR036W,YLR240W,1,-3.2610762,0.4793388545513153,0.3479999899864197,0.03779999911785126
YBL025W,YBR025C,0,-3.2612545,0.47867950797080994,0.3479999899864197,0.03790000081062317
YPL113C,YCL067C,0,-3.2617726,0.4780219793319702,0.3479999899864197,0.03799999877810478
YML001W,YDR202C,1,-3.2620509,0.478738009929657,0.3490000069141388,0.03799999877810478
YBR208C,YLR048W,0,-3.263575,0.47808218002319336,0.3490000069141388,0.038100000470876694
YGR170W,YNL273W,0,-3.2642515,0.4774281680583954,0.3490000069141388,0.03819999843835831
YOR117W,YBR264C,0,-3.2662234,0.4767759442329407,0.3490000069141388,0.03830000013113022
YMR023C,YGR208W,0,-3.2668061,0.4761255085468292,0.3490000069141388,0.03840000182390213
YOR262W,YNL328C,0,-3.2675428,0.47547683119773865,0.3490000069141388,0.03849999979138374
YPR183W,YIL010W,0,-3.268513,0.47482994198799133,0.3490000069141388,0.038600001484155655
YOR353C,YGR205W,0,-3.2686858,0.4741847813129425,0.3490000069141388,0.03869999945163727
YLR075W,YLR144C,0,-3.2693415,0.47354137897491455,0.3490000069141388,0.03880000114440918
YEL001C,YKL145W,0,-3.270307,0.47289973497390747,0.3490000069141388,0.03889999911189079
YNL326C,YMR197C,1,-3.2703366,0.4736129939556122,0.3499999940395355,0.03889999911189079
YLR450W,YDL207W,0,-3.2711349,0.47297295928001404,0.3499999940395355,0.039000000804662704
YDR202C,YDR456W,1,-3.2716124,0.4736842215061188,0.35100001096725464,0.039000000804662704
YDR148C,YMR046C,0,-3.2726226,0.47304582595825195,0.35100001096725464,0.03909999877214432
YMR263W,YLR414C,0,-3.2738311,0.4724091589450836,0.35100001096725464,0.03920000046491623
YCR028C-A,YPR137W,0,-3.2739413,0.4717741906642914,0.35100001096725464,0.03929999843239784
YOR201C,YJR051W,0,-3.2741942,0.47114095091819763,0.35100001096725464,0.039400000125169754
YPL072W,YAR002C-A,0,-3.2750092,0.4705093801021576,0.35100001096725464,0.039500001817941666
YDL143W,YLR321C,0,-3.2764711,0.46987950801849365,0.35100001096725464,0.03959999978542328
YEL047C,YDR034C,0,-3.2767138,0.4692513346672058,0.35100001096725464,0.03970000147819519
YCL063W,YBR127C,1,-3.2785132,0.46995994448661804,0.35199999809265137,0.03970000147819519
YOR025W,YKL085W,0,-3.2791784,0.46933332085609436,0.35199999809265137,0.039799999445676804
YIL096C,YDL015C,0,-3.2808838,0.4687083959579468,0.35199999809265137,0.039900001138448715
YLR356W,YHL044W,0,-3.2809749,0.4680851101875305,0.35199999809265137,0.03999999910593033
YBR221C,YGL043W,0,-3.2811,0.46746349334716797,0.35199999809265137,0.04010000079870224
YJL151C,YDL229W,0,-3.2815733,0.46684351563453674,0.35199999809265137,0.04019999876618385
YNL030W,YLR370C,0,-3.2816024,0.46622517704963684,0.35199999809265137,0.040300000458955765
YIL002C,YGR178C,0,-3.282116,0.46560847759246826,0.35199999809265137,0.04039999842643738
YER074W-A,YDL067C,0,-3.28415,0.4649933874607086,0.35199999809265137,0.04050000011920929
YMR157C,YML005W,0,-3.28428,0.4643799364566803,0.35199999809265137,0.0406000018119812
YHR026W,YBL050W,1,-3.2897756,0.46508562564849854,0.3529999852180481,0.0406000018119812
YIL033C,YPR133C,0,-3.2913342,0.464473694562912,0.3529999852180481,0.040699999779462814
YEL051W,YGR209C,1,-3.2922564,0.46517738699913025,0.3540000021457672,0.040699999779462814
YKL119C,YPL268W,1,-3.2927997,0.46587926149368286,0.35499998927116394,0.040699999779462814
YER172C,YBL002W,0,-3.2943869,0.46526867151260376,0.35499998927116394,0.040800001472234726
YER180C,YDR517W,0,-3.2960267,0.4646596908569336,0.35499998927116394,0.04089999943971634
YER019W,YLR399C,0,-3.296515,0.46405228972435,0.35499998927116394,0.04100000113248825
YLR081W,YHR135C,0,-3.2966533,0.4634464681148529,0.35499998927116394,0.041099999099969864
YHR115C,YKL058W,0,-3.2987747,0.46284225583076477,0.35499998927116394,0.041200000792741776
YPL006W,YKL160W,0,-3.3003707,0.4622395932674408,0.35499998927116394,0.04129999876022339
YGL003C,YGL009C,0,-3.301095,0.461638480424881,0.35499998927116394,0.0414000004529953
YNL217W,YCL057W,0,-3.3024414,0.4610389471054077,0.35499998927116394,0.04149999842047691
YNL131W,YDR392W,0,-3.3026772,0.460440993309021,0.35499998927116394,0.041600000113248825
YNR022C,YMR238W,0,-3.3042066,0.45984455943107605,0.35499998927116394,0.04170000180602074
YPR036W,YIL138C,1,-3.306296,0.46054333448410034,0.35600000619888306,0.04170000180602074
YBL089W,YAR002W,0,-3.3063288,0.45994833111763,0.35600000619888306,0.04179999977350235
YLR429W,YER174C,0,-3.3066716,0.45935484766960144,0.35600000619888306,0.04190000146627426
YLR385C,YLL002W,0,-3.306754,0.45876288414001465,0.35600000619888306,0.041999999433755875
YEL027W,YLR240W,1,-3.3071146,0.45945945382118225,0.3569999933242798,0.041999999433755875
YOR128C,YKL140W,0,-3.30761,0.4588688910007477,0.3569999933242798,0.042100001126527786
YDR495C,YER072W,1,-3.3090532,0.45956355333328247,0.3580000102519989,0.042100001126527786
YDR135C,YLR304C,0,-3.3095875,0.45897436141967773,0.3580000102519989,0.0421999990940094
YLR278C,YBR297W,0,-3.3113065,0.45838668942451477,0.3580000102519989,0.04230000078678131
YNL061W,YBR122C,0,-3.3116972,0.4578005075454712,0.3580000102519989,0.042399998754262924
YDR017C,YBR080C,1,-3.3135297,0.4584929645061493,0.35899999737739563,0.042399998754262924
YLR447C,YOR068C,1,-3.3149405,0.4591836631298065,0.36000001430511475,0.042399998754262924
YML051W,YPL283C,0,-3.3160424,0.4585987329483032,0.36000001430511475,0.042500000447034836
YIL162W,YFR042W,0,-3.31654,0.4580152630805969,0.36000001430511475,0.04259999841451645
YPL274W,YCL052C,0,-3.3174272,0.45743328332901,0.36000001430511475,0.04270000010728836
YHR055C,YBR005W,0,-3.319129,0.4568527936935425,0.36000001430511475,0.04280000180006027
YJR049C,YFR012W,0,-3.3191597,0.45627376437187195,0.36000001430511475,0.042899999767541885
YPL241C,YPL249C-A,0,-3.320517,0.4556961953639984,0.36000001430511475,0.0430000014603138
YDR325W,YLR390W,0,-3.320891,0.4551200866699219,0.36000001430511475,0.04309999942779541
YNL125C,YIL172C,0,-3.32118,0.4545454680919647,0.36000001430511475,0.04320000112056732
YCL063W,YHR174W,1,-3.3212128,0.45523330569267273,0.3610000014305115,0.04320000112056732
YHR162W,YFR045W,0,-3.3224564,0.45465993881225586,0.3610000014305115,0.043299999088048935
YBL102W,YMR119W,0,-3.3243961,0.4540880620479584,0.3610000014305115,0.04340000078082085
YEL027W,YDR495C,1,-3.3252554,0.454773873090744,0.3619999885559082,0.04340000078082085
YNL045W,YLR242C,0,-3.3260727,0.4542032480239868,0.3619999885559082,0.04349999874830246
YGR276C,YKL048C,0,-3.327343,0.4536340832710266,0.3619999885559082,0.04360000044107437
YER072W,YMR197C,1,-3.3285437,0.4543178975582123,0.3630000054836273,0.04360000044107437
YAL008W,YBR143C,0,-3.329318,0.45375001430511475,0.3630000054836273,0.043699998408555984
YNL242W,YHR162W,0,-3.3302495,0.45318353176116943,0.3630000054836273,0.043800000101327896
YJL053W,YLR304C,0,-3.3330216,0.45261844992637634,0.3630000054836273,0.04390000179409981
YOR124C,YHR044C,0,-3.3336945,0.45205479860305786,0.3630000054836273,0.04399999976158142
YLR044C,YKL151C,0,-3.3373094,0.4514925479888916,0.3630000054836273,0.04410000145435333
YDR447C,YGL142C,0,-3.338983,0.4509316682815552,0.3630000054836273,0.044199999421834946
YDR175C,YER122C,0,-3.3391242,0.45037221908569336,0.3630000054836273,0.04430000111460686
YKR026C,YHR044C,0,-3.3396227,0.4498141407966614,0.3630000054836273,0.04439999908208847
YNL326C,YJR033C,1,-3.3410645,0.45049506425857544,0.36399999260902405,0.04439999908208847
YGR020C,YKL051W,1,-3.3432019,0.4511742889881134,0.36500000953674316,0.04439999908208847
YHR004C,YPL048W,0,-3.3438885,0.4506172835826874,0.36500000953674316,0.04450000077486038
YFR052W,YHR021C,0,-3.34411,0.4500616490840912,0.36500000953674316,0.044599998742341995
YDR060W,YGR284C,0,-3.344201,0.44950738549232483,0.36500000953674316,0.04470000043511391
YBL099W,YDR040C,0,-3.3442926,0.4489544928073883,0.36500000953674316,0.04479999840259552
YHR162W,YOL090W,0,-3.3443604,0.44840294122695923,0.36500000953674316,0.04490000009536743
YLR070C,YLR466W,0,-3.344738,0.44785276055336,0.36500000953674316,0.04500000178813934
YBR293W,YLL040C,0,-3.345417,0.4473039209842682,0.36500000953674316,0.045099999755620956
YMR278W,YDR468C,0,-3.346526,0.44675642251968384,0.36500000953674316,0.04520000144839287
YGL223C,YLR066W,0,-3.3503792,0.44621026515960693,0.36500000953674316,0.04529999941587448
YIL138C,YGR209C,1,-3.3512855,0.44688645005226135,0.3659999966621399,0.04529999941587448
YHR138C,YHR174W,1,-3.3533394,0.44756096601486206,0.367000013589859,0.04529999941587448
YGL095C,YDR456W,1,-3.3539922,0.44823387265205383,0.36800000071525574,0.04529999941587448
YDR363W,YHR021C,0,-3.354372,0.4476885497570038,0.36800000071525574,0.04540000110864639
YEL013W,YDR328C,1,-3.3547916,0.4483596682548523,0.36899998784065247,0.04540000110864639
YMR231W,YNL079C,1,-3.3548112,0.4490291178226471,0.3700000047683716,0.04540000110864639
YNL004W,YMR154C,0,-3.3553605,0.4484848380088806,0.3700000047683716,0.045499999076128006
YMR246W,YDR487C,0,-3.3557396,0.4479418992996216,0.3700000047683716,0.04560000076889992
YOR115C,YBR161W,0,-3.3558183,0.4474002420902252,0.3700000047683716,0.04569999873638153
YLR075W,YLR046C,0,-3.3576932,0.4468598961830139,0.3700000047683716,0.04580000042915344
YPR139C,YJR044C,0,-3.3584545,0.44632086157798767,0.3700000047683716,0.045899998396635056
YPL019C,YLR240W,1,-3.358777,0.44698795676231384,0.3709999918937683,0.045899998396635056
YDR065W,YGR209C,1,-3.36119,0.4476534426212311,0.3720000088214874,0.045899998396635056
YOR353C,YFL005W,0,-3.3611941,0.44711539149284363,0.3720000088214874,0.04600000008940697
YNL297C,YDR323C,0,-3.3612971,0.44657862186431885,0.3720000088214874,0.04610000178217888
YLR203C,YDL070W,0,-3.3622324,0.4460431635379791,0.3720000088214874,0.04619999974966049
YBL056W,YBL039C,0,-3.3624005,0.4455089867115021,0.3720000088214874,0.046300001442432404
YDR506C,YOR383C,0,-3.3635292,0.4449760913848877,0.3720000088214874,0.04639999940991402
YOR270C,YKR007W,1,-3.36476,0.4456391930580139,0.37299999594688416,0.04639999940991402
YGR085C,YDR057W,0,-3.366339,0.4451074004173279,0.37299999594688416,0.04650000110268593
YGR020C,YHR039C-A,1,-3.3671727,0.4457687735557556,0.37400001287460327,0.04650000110268593
YHR026W,YEL027W,1,-3.3682735,0.4464285671710968,0.375,0.04650000110268593
YNL079C,YNL015W,1,-3.369228,0.44708681106567383,0.37599998712539673,0.04650000110268593
YMR218C,YKR014C,0,-3.3695097,0.44655582308769226,0.37599998712539673,0.04659999907016754
YMR311C,YOR191W,0,-3.369608,0.446026086807251,0.37599998712539673,0.04670000076293945
YPL274W,YOR278W,0,-3.3706594,0.44549763202667236,0.37599998712539673,0.046799998730421066
YJL196C,YBR211C,0,-3.3714259,0.44497042894363403,0.37599998712539673,0.04690000042319298
YLR021W,YDL230W,0,-3.3716724,0.4444444477558136,0.37599998712539673,0.04699999839067459
YPR067W,YGL070C,0,-3.37226,0.44391971826553345,0.37599998712539673,0.0471000000834465
YIL090W,YDR002W,0,-3.3725634,0.4433962404727936,0.37599998712539673,0.047200001776218414
YPR082C,YDR354W,0,-3.3728485,0.4428739547729492,0.37599998712539673,0.04729999974370003
YBL007C,YMR275C,0,-3.3731885,0.44235295057296753,0.37599998712539673,0.04740000143647194
YIL138C,YDR080W,1,-3.3743446,0.4430082142353058,0.37700000405311584,0.04740000143647194
YHR039C-A,YHR026W,1,-3.37495,0.44366195797920227,0.3779999911785126,0.04740000143647194
YBR020W,YNL007C,0,-3.3749924,0.4431418478488922,0.3779999911785126,0.04749999940395355
YOR266W,YKL145W,0,-3.3754678,0.44262295961380005,0.3779999911785126,0.047600001096725464
YIL048W,YKR007W,1,-3.3758273,0.4432748556137085,0.3790000081062317,0.047600001096725464
YJL004C,YNL005C,0,-3.3762326,0.4427570104598999,0.3790000081062317,0.04769999906420708
YHR039C-A,YDR456W,1,-3.3773324,0.44340723752975464,0.3799999952316284,0.04769999906420708
YIL133C,YCR003W,0,-3.3774366,0.4428904354572296,0.3799999952316284,0.04780000075697899
YNL259C,YKR002W,0,-3.3785896,0.4423748552799225,0.3799999952316284,0.0478999987244606
YCR012W,YPL133C,0,-3.3786194,0.44186046719551086,0.3799999952316284,0.04800000041723251
YGL263W,YDR388W,0,-3.3791146,0.44134727120399475,0.3799999952316284,0.04809999838471413
YHR026W,YNL015W,1,-3.379785,0.4419953525066376,0.38100001215934753,0.04809999838471413
YDR302W,YBL087C,0,-3.3803067,0.44148319959640503,0.38100001215934753,0.04820000007748604
YHR147C,YLR007W,0,-3.3805075,0.4409722089767456,0.38100001215934753,0.04830000177025795
YOL051W,YBR181C,0,-3.3831933,0.4404624402523041,0.38100001215934753,0.04839999973773956
YMR052W,YOR141C,0,-3.3852036,0.4399538040161133,0.38100001215934753,0.048500001430511475
YOR063W,YLL003W,0,-3.3881855,0.439446359872818,0.38100001215934753,0.04859999939799309
YFL051C,YNL206C,0,-3.3891184,0.4389400780200958,0.38100001215934753,0.048700001090765
YGR020C,YPL019C,1,-3.3894958,0.43958574533462524,0.38199999928474426,0.048700001090765
YOL109W,YNL159C,0,-3.389537,0.43908044695854187,0.38199999928474426,0.04879999905824661
YDR328C,YDR456W,1,-3.3896415,0.4397244453430176,0.382999986410141,0.04879999905824661
YNL086W,YOR365C,0,-3.3905923,0.4392201900482178,0.382999986410141,0.048900000751018524
YKL117W,YML125C,0,-3.3908987,0.4387170672416687,0.382999986410141,0.04899999871850014
YJR047C,YOR080W,0,-3.390952,0.43821510672569275,0.382999986410141,0.04910000041127205
YMR113W,YMR008C,0,-3.393938,0.43771427869796753,0.382999986410141,0.04919999837875366
YGL137W,YDR138W,0,-3.3945582,0.43721461296081543,0.382999986410141,0.049300000071525574
YIL111W,YPL282C,0,-3.396741,0.43671607971191406,0.382999986410141,0.049400001764297485
YEL051W,YDL185W,1,-3.3971758,0.437357634305954,0.3840000033378601,0.049400001764297485
YNL215W,YNL048W,0,-3.397388,0.436860054731369,0.3840000033378601,0.0494999997317791
YNL322C,YGL122C,0,-3.3992083,0.4363636374473572,0.3840000033378601,0.04960000142455101
YOR002W,YNL233W,0,-3.4005687,0.4358683228492737,0.3840000033378601,0.04969999939203262
YHR098C,YJL222W,0,-3.4006152,0.4353741407394409,0.3840000033378601,0.049800001084804535
YOR115C,YMR159C,0,-3.4020886,0.4348810911178589,0.3840000033378601,0.04989999905228615
YGL027C,YGL240W,0,-3.404276,0.4343891441822052,0.3840000033378601,0.05000000074505806
YHL023C,YML047C,0,-3.405134,0.43389829993247986,0.3840000033378601,0.05009999871253967
YGL129C,YFR032C-A,0,-3.4053564,0.43340858817100525,0.3840000033378601,0.050200000405311584
YDR065W,YHR174W,1,-3.4057097,0.4340473413467407,0.38499999046325684,0.050200000405311584
YEL027W,YNL015W,1,-3.4057746,0.434684693813324,0.38600000739097595,0.050200000405311584
YEL051W,YBR127C,1,-3.4069803,0.43532058596611023,0.3869999945163727,0.050200000405311584
YPL015C,YJL094C,0,-3.4073884,0.4348314702510834,0.3869999945163727,0.0502999983727932
YML023C,YGR276C,0,-3.4074168,0.4343434274196625,0.3869999945163727,0.05040000006556511
YGR230W,YOR020C,0,-3.4076066,0.4338565170764923,0.3869999945163727,0.05050000175833702
YHR116W,YER102W,0,-3.407672,0.4333706498146057,0.3869999945163727,0.050599999725818634
YBR218C,YOL072W,0,-3.4082012,0.43288591504096985,0.3869999945163727,0.050700001418590546
YML039W,YPR157W,0,-3.408388,0.43240222334861755,0.3869999945163727,0.05079999938607216
YOR326W,YHR174W,1,-3.411057,0.4330357015132904,0.3880000114440918,0.05079999938607216
YOL111C,YPR071W,0,-3.4114916,0.4325529634952545,0.3880000114440918,0.05090000107884407
YNL252C,YFR032C-A,0,-3.4139247,0.4320712685585022,0.3880000114440918,0.050999999046325684
YDR059C,YGL009C,0,-3.4141161,0.43159064650535583,0.3880000114440918,0.051100000739097595
YNL090W,YOR158W,0,-3.415522,0.43111109733581543,0.3880000114440918,0.05119999870657921
YMR286W,YDR356W,0,-3.4189682,0.430632621049881,0.3880000114440918,0.05130000039935112
YLR214W,YBR162C,0,-3.419873,0.4301552176475525,0.3880000114440918,0.05139999836683273
YKL047W,YNL185C,0,-3.4201088,0.42967885732650757,0.3880000114440918,0.051500000059604645
YPL028W,YOR174W,0,-3.420111,0.4292035400867462,0.3880000114440918,0.051600001752376556
YGR295C,YML086C,0,-3.4201438,0.4287292957305908,0.3880000114440918,0.05169999971985817
YPR165W,YNL304W,0,-3.4208431,0.4282560646533966,0.3880000114440918,0.05180000141263008
YMR043W,YDL137W,0,-3.4212134,0.42778390645980835,0.3880000114440918,0.051899999380111694
YAL001C,YLR340W,0,-3.421249,0.4273127615451813,0.3880000114440918,0.052000001072883606
YGR097W,YFL005W,0,-3.4213486,0.42684268951416016,0.3880000114440918,0.05209999904036522
YGL123W,YLR268W,0,-3.4218943,0.4263736307621002,0.3880000114440918,0.05220000073313713
YMR264W,YDR372C,0,-3.4256516,0.42590558528900146,0.3880000114440918,0.052299998700618744
YBL031W,YNL160W,0,-3.4273696,0.4254385828971863,0.3880000114440918,0.052400000393390656
YHL002W,YDR461W,0,-3.4280355,0.42497262358665466,0.3880000114440918,0.05249999836087227
YER172C,YBR296C,0,-3.4287295,0.42450764775276184,0.3880000114440918,0.05260000005364418
YGL150C,YDR002W,0,-3.4288416,0.4240437150001526,0.3880000114440918,0.05270000174641609
YDR374C,YKL216W,0,-3.4296243,0.4235807955265045,0.3880000114440918,0.052799999713897705
YDR206W,YLR164W,0,-3.429741,0.42311885952949524,0.3880000114440918,0.05290000140666962
YOL005C,YFL005W,0,-3.4297457,0.42265796661376953,0.3880000114440918,0.05299999937415123
YDR097C,YNL138W,0,-3.4299178,0.42219802737236023,0.3880000114440918,0.05310000106692314
YDL058W,YNL010W,0,-3.4299297,0.4217391312122345,0.3880000114440918,0.053199999034404755
YHR007C,YLR375W,0,-3.4318619,0.42128121852874756,0.3880000114440918,0.053300000727176666
YGR214W,YCR067C,0,-3.4322824,0.4208242893218994,0.3880000114440918,0.05339999869465828
YPL149W,YDR332W,0,-3.4322963,0.42036837339401245,0.3880000114440918,0.05350000038743019
YDR393W,YBR297W,0,-3.433145,0.4199134111404419,0.3880000114440918,0.053599998354911804
YPL268W,YDR328C,1,-3.4335244,0.42054054141044617,0.3889999985694885,0.053599998354911804
YKL119C,YDR495C,1,-3.4349122,0.4211663007736206,0.38999998569488525,0.053599998354911804
YGL230C,YJR161C,0,-3.4350345,0.4207119643688202,0.38999998569488525,0.053700000047683716
YKL058W,YDR496C,0,-3.4353895,0.42025861144065857,0.38999998569488525,0.05380000174045563
YOR222W,YBL102W,0,-3.4354818,0.41980624198913574,0.38999998569488525,0.05389999970793724
YKL100C,YNL010W,0,-3.4361534,0.4193548262119293,0.38999998569488525,0.05400000140070915
YOL088C,YGR085C,0,-3.4363155,0.4189043939113617,0.38999998569488525,0.054099999368190765
YNL004W,YNR071C,0,-3.4376132,0.41845494508743286,0.38999998569488525,0.05420000106096268
YER089C,YDR310C,0,-3.437702,0.41800642013549805,0.38999998569488525,0.05429999902844429
YJR051W,YGR095C,0,-3.438192,0.417558878660202,0.38999998569488525,0.0544000007212162
YIL177C,YPL186C,0,-3.4401824,0.4171122908592224,0.38999998569488525,0.054499998688697815
YLR392C,YLR304C,0,-3.4407234,0.4166666567325592,0.38999998569488525,0.05460000038146973
YOL058W,YPR147C,0,-3.441171,0.4162219762802124,0.38999998569488525,0.05469999834895134
YHR074W,YJL115W,0,-3.4418936,0.415778249502182,0.38999998569488525,0.05480000004172325
YDR017C,YLR148W,1,-3.4428968,0.4164004325866699,0.39100000262260437,0.05480000004172325
YGR065C,YBR025C,0,-3.4429784,0.4159574508666992,0.39100000262260437,0.05490000173449516
YOL086C,YDR237W,0,-3.4439373,0.4155154228210449,0.39100000262260437,0.054999999701976776
YDR063W,YFL025C,0,-3.444145,0.41507431864738464,0.39100000262260437,0.05510000139474869
YHL032C,YLR136C,0,-3.4443946,0.4146341383457184,0.39100000262260437,0.0551999993622303
YFR032C-A,YDR316W,0,-3.4450622,0.41419491171836853,0.39100000262260437,0.05530000105500221
YOL103W,YDR381W,0,-3.4451475,0.4137566089630127,0.39100000262260437,0.055399999022483826
YHR008C,YPL113C,0,-3.4472136,0.4133192300796509,0.39100000262260437,0.05550000071525574
YLR120C,YER048W-A,0,-3.4485307,0.4128827750682831,0.39100000262260437,0.05559999868273735
YLR240W,YDR456W,1,-3.4490633,0.4135020971298218,0.3919999897480011,0.05559999868273735
YOL103W,YOL061W,0,-3.4493322,0.41306638717651367,0.3919999897480011,0.05570000037550926
YLL023C,YGL261C,0,-3.449717,0.4126315712928772,0.3919999897480011,0.055799998342990875
YDL001W,YER052C,0,-3.4499204,0.41219767928123474,0.3919999897480011,0.05590000003576279
YPL118W,YHR170W,0,-3.4500742,0.4117647111415863,0.3919999897480011,0.0560000017285347
YLR081W,YLR357W,0,-3.450129,0.4113326370716095,0.3919999897480011,0.05609999969601631
YKR065C,YIL010W,0,-3.4504213,0.4109014570713043,0.3919999897480011,0.05620000138878822
YIL063C,YOR143C,0,-3.4507368,0.41047120094299316,0.3919999897480011,0.056299999356269836
YER112W,YER125W,0,-3.4533348,0.41004183888435364,0.3919999897480011,0.05640000104904175
YOR381W,YIL176C,0,-3.453498,0.40961337089538574,0.3919999897480011,0.05649999901652336
YDL008W,YDL248W,0,-3.4537983,0.4091857969760895,0.3919999897480011,0.05660000070929527
YGR284C,YDR444W,0,-3.4540105,0.40875911712646484,0.3919999897480011,0.056699998676776886
YML031W,YCR096C,0,-3.4558191,0.40833333134651184,0.3919999897480011,0.0568000003695488
YBR275C,YHR109W,0,-3.4577327,0.40790843963623047,0.3919999897480011,0.05689999833703041
YDL130W,YOR093C,0,-3.458447,0.40748441219329834,0.3919999897480011,0.05700000002980232
YKL051W,YEL051W,1,-3.4588108,0.4080996811389923,0.3930000066757202,0.05700000002980232
YOL129W,YKL024C,0,-3.4594312,0.4076763391494751,0.3930000066757202,0.057100001722574234
YKL119C,YKR007W,1,-3.4595017,0.40829014778137207,0.39399999380111694,0.057100001722574234
YGR074W,YPR173C,0,-3.459556,0.4078674912452698,0.39399999380111694,0.05719999969005585
YOR367W,YNL081C,0,-3.4598598,0.4074456989765167,0.39399999380111694,0.05730000138282776
YMR266W,YKR082W,0,-3.4598799,0.4070248007774353,0.39399999380111694,0.05739999935030937
YMR112C,YBR196C,0,-3.4602957,0.40660473704338074,0.39399999380111694,0.057500001043081284
YDR459C,YLL024C,0,-3.4612222,0.4061855673789978,0.39399999380111694,0.0575999990105629
YNL252C,YBR193C,0,-3.4614086,0.4057672619819641,0.39399999380111694,0.05770000070333481
YPR183W,YGL174W,0,-3.4633594,0.4053497910499573,0.39399999380111694,0.05779999867081642
YGR233C,YKL048C,0,-3.4642432,0.4049331843852997,0.39399999380111694,0.05790000036358833
YLR447C,YDR456W,1,-3.464249,0.4055441617965698,0.39500001072883606,0.05790000036358833
YLR212C,YGR167W,0,-3.4647164,0.40512821078300476,0.39500001072883606,0.057999998331069946
YJL080C,YHR005C-A,0,-3.4649072,0.40471312403678894,0.39500001072883606,0.05810000002384186
YNR032W,YPL001W,0,-3.4657464,0.4042988717556,0.39500001072883606,0.05820000171661377
YMR244C-A,YOR233W,0,-3.46635,0.40388548374176025,0.39500001072883606,0.05829999968409538
YLL009C,YDL130W,0,-3.4676247,0.4034729301929474,0.39500001072883606,0.058400001376867294
YKL080W,YOR068C,1,-3.4689407,0.40408164262771606,0.3959999978542328,0.058400001376867294
YNL218W,YOR187W,0,-3.4694211,0.40366971492767334,0.3959999978542328,0.05849999934434891
YBR181C,YMR238W,0,-3.4717436,0.40325865149497986,0.3959999978542328,0.05860000103712082
YGL223C,YAL053W,0,-3.472442,0.40284842252731323,0.3959999978542328,0.05869999900460243
YMR279C,YPL160W,0,-3.4730418,0.40243902802467346,0.3959999978542328,0.058800000697374344
YGL095C,YNL015W,1,-3.4730816,0.4030456840991974,0.3970000147819519,0.058800000697374344
YIR037W,YGL115W,0,-3.4739313,0.40263691544532776,0.3970000147819519,0.05889999866485596
YHR039C-A,YDL077C,1,-3.4748483,0.4032421410083771,0.39800000190734863,0.05889999866485596
YFL051C,YLR242C,0,-3.475881,0.4028339982032776,0.39800000190734863,0.05900000035762787
YKL069W,YER022W,0,-3.4765382,0.40242668986320496,0.39800000190734863,0.05909999832510948
YPL004C,YDR116C,0,-3.4775224,0.4020202159881592,0.39800000190734863,0.05920000001788139
YKL060C,YEL043W,0,-3.478681,0.4016145169734955,0.39800000190734863,0.059300001710653305
YPR114W,YDR259C,0,-3.4786983,0.40120968222618103,0.39800000190734863,0.05939999967813492
YMR120C,YKR016W,0,-3.4818006,0.40080565214157104,0.39800000190734863,0.05950000137090683
YEL013W,YOR326W,1,-3.4823365,0.40140846371650696,0.39899998903274536,0.05950000137090683
YEL051W,YLR240W,1,-3.4831681,0.402010053396225,0.4000000059604645,0.05950000137090683
YOR285W,YIR035C,0,-3.484126,0.4016064405441284,0.4000000059604645,0.05959999933838844
YKL080W,YKL051W,1,-3.4859903,0.4022066295146942,0.4009999930858612,0.05959999933838844
YMR321C,YNL037C,0,-3.488806,0.4018036127090454,0.4009999930858612,0.059700001031160355
YBL003C,YAL031C,0,-3.4888444,0.4014014005661011,0.4009999930858612,0.05979999899864197
YNL326C,YBL050W,1,-3.4893665,0.4020000100135803,0.4020000100135803,0.05979999899864197
YER094C,YDR466W,0,-3.4895325,0.40159839391708374,0.4020000100135803,0.05990000069141388
YLR054C,YDR323C,0,-3.4898682,0.401197612285614,0.4020000100135803,0.05999999865889549
YML010W,YFR049W,0,-3.490888,0.40079760551452637,0.4020000100135803,0.060100000351667404
YIL138C,YDR328C,1,-3.4916635,0.40139442682266235,0.40299999713897705,0.060100000351667404
YDL142C,YGR258C,0,-3.4918976,0.40099501609802246,0.40299999713897705,0.06019999831914902
YER124C,YBR253W,0,-3.4921062,0.40059641003608704,0.40299999713897705,0.06030000001192093
YPR046W,YNL055C,0,-3.4941378,0.4001986086368561,0.40299999713897705,0.06040000170469284
YIL033C,YDL099W,0,-3.4973273,0.3998015820980072,0.40299999713897705,0.060499999672174454
YDL077C,YDR328C,1,-3.4973705,0.4003964364528656,0.40400001406669617,0.060499999672174454
YER138C,YHR034C,0,-3.498373,0.4000000059604645,0.40400001406669617,0.060600001364946365
YDL234C,YML040W,0,-3.5000756,0.39960435032844543,0.40400001406669617,0.06069999933242798
YHR112C,YDR155C,0,-3.5026302,0.39920949935913086,0.40400001406669617,0.06080000102519989
YPR016C,YER003C,0,-3.5028272,0.398815393447876,0.40400001406669617,0.0608999989926815
YGR105W,YAR003W,0,-3.5034003,0.39842209219932556,0.40400001406669617,0.061000000685453415
YBR278W,YMR194W,0,-3.5063274,0.3980295658111572,0.40400001406669617,0.06109999865293503
YPR165W,YJR097W,0,-3.50705,0.3976377844810486,0.40400001406669617,0.06120000034570694
YOL075C,YOR215C,0,-3.507877,0.3972468078136444,0.40400001406669617,0.06129999831318855
YLR021W,YCL017C,0,-3.5124283,0.3968565762042999,0.40400001406669617,0.061400000005960464
YPR106W,YIL041W,0,-3.512558,0.3964671194553375,0.40400001406669617,0.061500001698732376
YPL266W,YLL005C,0,-3.5132904,0.3960784375667572,0.40400001406669617,0.06159999966621399
YMR231W,YEL051W,1,-3.5133169,0.3966699242591858,0.4050000011920929,0.06159999966621399
YEL027W,YJR033C,1,-3.5140533,0.39726027846336365,0.4059999883174896,0.06159999966621399
YML048W,YOR283W,0,-3.5153813,0.396871954202652,0.4059999883174896,0.0617000013589859
YNL331C,YPR137W,0,-3.5156932,0.396484375,0.4059999883174896,0.061799999326467514
YGR020C,YOR326W,1,-3.5165234,0.3970731794834137,0.40700000524520874,0.061799999326467514
YDR065W,YOR270C,1,-3.5167837,0.3976608216762543,0.40799999237060547,0.061799999326467514
YBR080C,YLR148W,1,-3.517025,0.3982473313808441,0.4090000092983246,0.061799999326467514
YPR196W,YLR304C,0,-3.5176132,0.39785993099212646,0.4090000092983246,0.061900001019239426
YKL080W,YDR456W,1,-3.517747,0.39844509959220886,0.4099999964237213,0.061900001019239426
YOR361C,YCL017C,0,-3.518025,0.3980582654476166,0.4099999964237213,0.06199999898672104
YGL147C,YPR139C,0,-3.519207,0.397672176361084,0.4099999964237213,0.06210000067949295
YPL249C-A,YHR143W,0,-3.5199246,0.3972868323326111,0.4099999964237213,0.062199998646974564
YPR162C,YOL130W,0,-3.521235,0.3969022333621979,0.4099999964237213,0.062300000339746475
YLR396C,YDL185W,1,-3.5234513,0.39748549461364746,0.41100001335144043,0.062300000339746475
YKL214C,YFL057C,0,-3.5238338,0.3971014618873596,0.41100001335144043,0.06239999830722809
YML001W,YNL015W,1,-3.5239952,0.39768341183662415,0.41200000047683716,0.06239999830722809
YOR193W,YPR165W,0,-3.5250545,0.3972999155521393,0.41200000047683716,0.0625
YGR020C,YJR033C,1,-3.5251431,0.39788055419921875,0.4129999876022339,0.0625
YNL190W,YCL051W,0,-3.5252051,0.39749759435653687,0.4129999876022339,0.06260000169277191
YDL104C,YIR035C,0,-3.5253267,0.3971153795719147,0.4129999876022339,0.06270000338554382
YKL060C,YOR187W,0,-3.5253756,0.3967339098453522,0.4129999876022339,0.06279999762773514
YGR266W,YGR118W,0,-3.5260038,0.396353155374527,0.4129999876022339,0.06289999932050705
YML037C,YDR468C,0,-3.5268922,0.3959731459617615,0.4129999876022339,0.06300000101327896
YMR314W,YCR052W,0,-3.526996,0.39559388160705566,0.4129999876022339,0.06310000270605087
YPL004C,YDR155C,0,-3.5272908,0.39521530270576477,0.4129999876022339,0.06319999694824219
YMR135C,YDL248W,0,-3.5273333,0.39483746886253357,0.4129999876022339,0.0632999986410141
YOL051W,YNL232W,0,-3.5277767,0.3944603502750397,0.4129999876022339,0.06340000033378601
YLR440C,YLR265C,0,-3.528283,0.39408397674560547,0.4129999876022339,0.06350000202655792
YFL038C,YJR060W,0,-3.5288258,0.3937082886695862,0.4129999876022339,0.06360000371932983
YNL257C,YGR250C,0,-3.5289965,0.3933333456516266,0.4129999876022339,0.06369999796152115
YNL314W,YOR023C,0,-3.5298016,0.3929590880870819,0.4129999876022339,0.06379999965429306
YJL020C,YOR191W,0,-3.5305128,0.39258554577827454,0.4129999876022339,0.06390000134706497
YOR234C,YLR328W,0,-3.531506,0.39221271872520447,0.4129999876022339,0.06400000303983688
YBR189W,YBR078W,0,-3.5320177,0.3918406069278717,0.4129999876022339,0.0640999972820282
YJR120W,YBR016W,0,-3.5321064,0.39146918058395386,0.4129999876022339,0.06419999897480011
YBL031W,YKL145W,0,-3.5329401,0.3910984992980957,0.4129999876022339,0.06430000066757202
YPL274W,YPL084W,0,-3.533021,0.3907284736633301,0.4129999876022339,0.06440000236034393
YPL048W,YLR204W,0,-3.5335107,0.39035916328430176,0.4129999876022339,0.06449999660253525
YBR109C,YLR240W,1,-3.5338748,0.39093485474586487,0.414000004529953,0.06449999660253525
YMR198W,YOR189W,0,-3.5339966,0.39056605100631714,0.414000004529953,0.06459999829530716
YKL184W,YPR107C,0,-3.5346274,0.3901979327201843,0.414000004529953,0.06469999998807907
YPR149W,YPL001W,0,-3.5359352,0.38983049988746643,0.414000004529953,0.06480000168085098
YJL111W,YCR067C,0,-3.5364766,0.38946378231048584,0.414000004529953,0.0649000033736229
YOR396W,YDR354W,0,-3.5374157,0.38909775018692017,0.414000004529953,0.06499999761581421
YGR191W,YJR061W,0,-3.5377622,0.3887324035167694,0.414000004529953,0.06509999930858612
YGR020C,YDR202C,1,-3.5385766,0.38930583000183105,0.41499999165534973,0.06509999930858612
YGR287C,YNL259C,0,-3.5393748,0.3889409601688385,0.41499999165534973,0.06520000100135803
YML040W,YJL113W,0,-3.5398142,0.38857677578926086,0.41499999165534973,0.06530000269412994
YGL055W,YOR228C,0,-3.5403597,0.38821327686309814,0.41499999165534973,0.06539999693632126
YDR100W,YPL162C,0,-3.540663,0.38785046339035034,0.41499999165534973,0.06549999862909317
YNL030W,YMR217W,0,-3.5407376,0.38748833537101746,0.41499999165534973,0.06560000032186508
YGL094C,YER123W,0,-3.5408764,0.3871268630027771,0.41499999165534973,0.065700002014637
YBR029C,YPL052W,0,-3.5409238,0.38676607608795166,0.41499999165534973,0.0658000037074089
YEL013W,YBR080C,1,-3.5412173,0.3873370587825775,0.41600000858306885,0.0658000037074089
YGR207C,YJR013W,0,-3.541863,0.3869767487049103,0.41600000858306885,0.06589999794960022
YJL186W,YKL053C-A,0,-3.5419967,0.38661709427833557,0.41600000858306885,0.06599999964237213
YLR224W,YIR019C,0,-3.5421388,0.3862581253051758,0.41600000858306885,0.06610000133514404
YOR103C,YGR218W,0,-3.5424604,0.3858998119831085,0.41600000858306885,0.06620000302791595
YMR022W,YLR188W,0,-3.542651,0.3855421543121338,0.41600000858306885,0.06629999727010727
YLR002C,YDR063W,0,-3.542667,0.385185182094574,0.41600000858306885,0.06639999896287918
YDL144C,YPR194C,0,-3.5433912,0.3848288655281067,0.41600000858306885,0.06650000065565109
YLR447C,YLR240W,1,-3.5451174,0.38539740443229675,0.4169999957084656,0.06650000065565109
YGL067W,YBL072C,0,-3.5451543,0.38504156470298767,0.4169999957084656,0.066600002348423
YDR205W,YMR225C,0,-3.5453534,0.38468635082244873,0.4169999957084656,0.06669999659061432
YNL326C,YEL013W,1,-3.5494971,0.3852534592151642,0.4180000126361847,0.06669999659061432
YPR091C,YOR344C,0,-3.549842,0.38489872217178345,0.4180000126361847,0.06679999828338623
YNL031C,YDR027C,0,-3.5510695,0.38454461097717285,0.4180000126361847,0.06689999997615814
YGL223C,YIL145C,0,-3.551917,0.3841911852359772,0.4180000126361847,0.06700000166893005
YHR005C-A,YPL097W,0,-3.5521111,0.38383838534355164,0.4180000126361847,0.06710000336170197
YBL046W,YDL015C,0,-3.5533047,0.38348624110221863,0.4180000126361847,0.06719999760389328
YIL043C,YDR378C,0,-3.5537517,0.38313475251197815,0.4180000126361847,0.06729999929666519
YBR255W,YER117W,0,-3.5538745,0.3827838897705078,0.4180000126361847,0.0674000009894371
YIL030C,YIL148W,0,-3.554242,0.38243368268013,0.4180000126361847,0.06750000268220901
YOR128C,YBR097W,0,-3.5549026,0.38208410143852234,0.4180000126361847,0.06759999692440033
YLR271W,YOL066C,0,-3.555194,0.3817351460456848,0.4180000126361847,0.06769999861717224
YGR203W,YPL140C,0,-3.5557487,0.3813868761062622,0.4180000126361847,0.06780000030994415
YDR017C,YBL050W,1,-3.5561824,0.3819507658481598,0.4189999997615814,0.06780000030994415
YDR393W,YER043C,0,-3.556231,0.3816029131412506,0.4189999997615814,0.06790000200271606
YDR212W,YOR045W,0,-3.5578275,0.3812556862831116,0.4189999997615814,0.06800000369548798
YPL111W,YDR367W,0,-3.5578463,0.3809090852737427,0.4189999997615814,0.06809999793767929
YDR438W,YER166W,0,-3.5583577,0.3805631101131439,0.4189999997615814,0.0681999996304512
YDL081C,YBL010C,0,-3.558486,0.3802177906036377,0.4189999997615814,0.06830000132322311
YMR321C,YDL180W,0,-3.5596294,0.3798730671405792,0.4189999997615814,0.06840000301599503
YGR189C,YFR043C,0,-3.5598025,0.3795289993286133,0.4189999997615814,0.06849999725818634
YDR418W,YKL189W,0,-3.560172,0.3791855275630951,0.4189999997615814,0.06859999895095825
YNL015W,YDL185W,1,-3.5604305,0.37974682450294495,0.41999998688697815,0.06859999895095825
YJR082C,YER125W,0,-3.5605233,0.3794037997722626,0.41999998688697815,0.06870000064373016
YOR122C,YDR128W,0,-3.5614617,0.37906137108802795,0.41999998688697815,0.06880000233650208
YPR036W,YDR017C,1,-3.5617545,0.3796212673187256,0.42100000381469727,0.06880000233650208
YGL116W,YKR071C,0,-3.5642262,0.3792792856693268,0.42100000381469727,0.06889999657869339
YPL274W,YOL143C,0,-3.5657666,0.37893790006637573,0.42100000381469727,0.0689999982714653
YDR385W,YMR073C,0,-3.5658245,0.37859711050987244,0.42100000381469727,0.06909999996423721
YOR122C,YEL006W,0,-3.5659184,0.37825697660446167,0.42100000381469727,0.06920000165700912
YFL045C,YDR493W,0,-3.5661926,0.37791740894317627,0.42100000381469727,0.06930000334978104
YGR116W,YNL331C,0,-3.5663736,0.377578467130661,0.42100000381469727,0.06939999759197235
YPL051W,YER007C-A,0,-3.5683217,0.3772401511669159,0.42100000381469727,0.06949999928474426
YBR255W,YNL052W,0,-3.5685954,0.37690243124961853,0.42100000381469727,0.06960000097751617
YNL178W,YLR371W,0,-3.5691478,0.3765653073787689,0.42100000381469727,0.06970000267028809
YBR264C,YPR102C,0,-3.5711153,0.37622877955436707,0.42100000381469727,0.0697999969124794
YMR021C,YGR205W,0,-3.5717182,0.37589284777641296,0.42100000381469727,0.06989999860525131
YGL129C,YHR043C,0,-3.5726085,0.375557541847229,0.42100000381469727,0.07000000029802322
YMR260C,YBR229C,0,-3.5727668,0.3752228021621704,0.42100000381469727,0.07010000199079514
YOR158W,YNL178W,0,-3.5736375,0.37488868832588196,0.42100000381469727,0.07020000368356705
YER141W,YML098W,0,-3.5738645,0.37455517053604126,0.42100000381469727,0.07029999792575836
YFL003C,YJL076W,0,-3.5738816,0.3742222189903259,0.42100000381469727,0.07039999961853027
YLR061W,YGL252C,0,-3.573882,0.37388986349105835,0.42100000381469727,0.07050000131130219
YER025W,YBR230C,0,-3.5739608,0.3735581040382385,0.42100000381469727,0.0706000030040741
YGL080W,YFR014C,0,-3.5744402,0.37322694063186646,0.42100000381469727,0.07069999724626541
YPL268W,YNL015W,1,-3.5749488,0.37378209829330444,0.421999990940094,0.07069999724626541
YMR263W,YNL297C,0,-3.5751934,0.3734513223171234,0.421999990940094,0.07079999893903732
YLR447C,YLR305C,1,-3.5762568,0.3740053176879883,0.4230000078678131,0.07079999893903732
YHR162W,YDR371W,0,-3.5763392,0.3736748993396759,0.4230000078678131,0.07090000063180923
YML001W,YDR017C,1,-3.576736,0.37422770261764526,0.42399999499320984,0.07090000063180923
YPR183W,YJR161C,0,-3.5768974,0.3738977015018463,0.42399999499320984,0.07100000232458115
YDR017C,YDR080W,1,-3.5770435,0.37444934248924255,0.42500001192092896,0.07100000232458115
YIL049W,YOL070C,0,-3.5781794,0.37411972880363464,0.42500001192092896,0.07109999656677246
YGR172C,YIL010W,0,-3.5799806,0.3737906813621521,0.42500001192092896,0.07119999825954437
YOR011W,YBR014C,0,-3.5803552,0.3734622001647949,0.42500001192092896,0.07129999995231628
YLR192C,YJL097W,0,-3.5805235,0.3731343150138855,0.42500001192092896,0.0714000016450882
YBR132C,YER154W,0,-3.58423,0.37280702590942383,0.42500001192092896,0.07150000333786011
YPL283C,YOR109W,0,-3.585199,0.37248027324676514,0.42500001192092896,0.07159999758005142
YNL100W,YKL126W,0,-3.5853686,0.3721541166305542,0.42500001192092896,0.07169999927282333
YDR415C,YKL181W,0,-3.5858607,0.37182852625846863,0.42500001192092896,0.07180000096559525
YHR136C,YNL097C,0,-3.5860126,0.3715035021305084,0.42500001192092896,0.07190000265836716
YOR011W,YNL108C,0,-3.587051,0.3711790442466736,0.42500001192092896,0.07199999690055847
YPL152W,YMR046C,0,-3.589302,0.3708551526069641,0.42500001192092896,0.07209999859333038
YJR136C,YDR051C,0,-3.5907984,0.37053182721138,0.42500001192092896,0.0722000002861023
YMR260C,YJL128C,0,-3.591339,0.37020906805992126,0.42500001192092896,0.0723000019788742
YKR057W,YAL008W,0,-3.5916152,0.3698868453502655,0.42500001192092896,0.07240000367164612
YLR220W,YDR168W,0,-3.5925303,0.3695652186870575,0.42500001192092896,0.07249999791383743
YDR468C,YAL010C,0,-3.5925703,0.36924412846565247,0.42500001192092896,0.07259999960660934
YMR292W,YPL273W,0,-3.5927925,0.3689236044883728,0.42500001192092896,0.07270000129938126
YDL077C,YBR109C,1,-3.592924,0.3694709539413452,0.4259999990463257,0.07270000129938126
YLL033W,YGR233C,0,-3.5944161,0.3691507875919342,0.4259999990463257,0.07280000299215317
YGR020C,YNL015W,1,-3.5953114,0.3696969747543335,0.4269999861717224,0.07280000299215317
YPR187W,YDR487C,0,-3.5959435,0.36937716603279114,0.4269999861717224,0.07289999723434448
YGL050W,YBL020W,0,-3.5966587,0.36905789375305176,0.4269999861717224,0.0729999989271164
YLR396C,YER072W,1,-3.5974777,0.369602769613266,0.42800000309944153,0.0729999989271164
YOL161C,YMR203W,0,-3.5993104,0.36928385496139526,0.42800000309944153,0.0731000006198883
YGL139W,YNL312W,0,-3.600833,0.3689655065536499,0.42800000309944153,0.07320000231266022
YEL009C,YBR021W,0,-3.6011128,0.3686477243900299,0.42800000309944153,0.07329999655485153
YOR008C,YDR176W,0,-3.6016436,0.3683304786682129,0.42800000309944153,0.07339999824762344
YPR124W,YKR055W,0,-3.6020195,0.36801376938819885,0.42800000309944153,0.07349999994039536
YGL019W,YDR414C,0,-3.602505,0.3676975965499878,0.42800000309944153,0.07360000163316727
YKR001C,YBR162W-A,0,-3.6029892,0.3673819601535797,0.42800000309944153,0.07370000332593918
YDR288W,YPL084W,0,-3.6032164,0.367066890001297,0.42800000309944153,0.0737999975681305
YCL005W-A,YMR197C,1,-3.603294,0.36760926246643066,0.42899999022483826,0.0737999975681305
YMR218C,YBR236C,0,-3.6034381,0.3672945201396942,0.42899999022483826,0.0738999992609024
YPL019C,YDL185W,1,-3.6058855,0.36783576011657715,0.4300000071525574,0.0738999992609024
YBR058C-A,YGL160W,0,-3.6061435,0.36752137541770935,0.4300000071525574,0.07400000095367432
YBR081C,YKR067W,0,-3.6062145,0.36720752716064453,0.4300000071525574,0.07410000264644623
YKL024C,YOL103W,0,-3.60768,0.3668941855430603,0.4300000071525574,0.07419999688863754
YDL077C,YGR209C,1,-3.607698,0.36743393540382385,0.4309999942779541,0.07419999688863754
YBR166C,YGR094W,0,-3.6077318,0.3671209514141083,0.4309999942779541,0.07429999858140945
YHR030C,YCR023C,0,-3.608004,0.3668085038661957,0.4309999942779541,0.07440000027418137
YGL261C,YML028W,0,-3.6080432,0.36649659276008606,0.4309999942779541,0.07450000196695328
YPL112C,YDL070W,0,-3.6086211,0.3661852180957794,0.4309999942779541,0.07460000365972519
YDR170C,YJL138C,0,-3.608787,0.36587435007095337,0.4309999942779541,0.0746999979019165
YJR001W,YDR470C,0,-3.608885,0.3655640482902527,0.4309999942779541,0.07479999959468842
YLR160C,YIL044C,0,-3.6098852,0.3652542233467102,0.4309999942779541,0.07490000128746033
YMR122W-A,YGL110C,0,-3.6106727,0.3649449646472931,0.4309999942779541,0.07500000298023224
YJR085C,YLR439W,0,-3.6109762,0.36463621258735657,0.4309999942779541,0.07509999722242355
YOL073C,YPL280W,0,-3.611687,0.36432796716690063,0.4309999942779541,0.07519999891519547
YHR214W,YMR084W,0,-3.6131306,0.3640202581882477,0.4309999942779541,0.07530000060796738
YNL069C,YDR371W,0,-3.614076,0.3637130856513977,0.4309999942779541,0.07540000230073929
YGL257C,YDR350C,0,-3.6141768,0.3634064197540283,0.4309999942779541,0.0754999965429306
YCR059C,YMR027W,0,-3.6146948,0.3631002604961395,0.4309999942779541,0.07559999823570251
YLL023C,YER091C,0,-3.6148074,0.3627946078777313,0.4309999942779541,0.07569999992847443
YLR035C-A,YJR046W,0,-3.6166067,0.3624894917011261,0.4309999942779541,0.07580000162124634
YJL166W,YDR362C,0,-3.6166344,0.36218488216400146,0.4309999942779541,0.07590000331401825
YKL029C,YJR015W,0,-3.6174605,0.3618807792663574,0.4309999942779541,0.07599999755620956
YDR495C,YDR328C,1,-3.61802,0.3624161183834076,0.4320000112056732,0.07599999755620956
YCR028C-A,YFR032C-A,0,-3.618504,0.3621123135089874,0.4320000112056732,0.07609999924898148
YML077W,YKL135C,0,-3.618626,0.36180904507637024,0.4320000112056732,0.07620000094175339
YLR436C,YGR047C,0,-3.6192875,0.36150628328323364,0.4320000112056732,0.0763000026345253
YMR243C,YER037W,0,-3.6215456,0.36120402812957764,0.4320000112056732,0.07639999687671661
YOR213C,YDL198C,0,-3.6216848,0.36090224981307983,0.4320000112056732,0.07649999856948853
YJL163C,YNR063W,0,-3.6223412,0.360601007938385,0.4320000112056732,0.07660000026226044
YGL087C,YIL038C,0,-3.6229446,0.3603002429008484,0.4320000112056732,0.07670000195503235
YPL110C,YBL064C,0,-3.6241608,0.36000001430511475,0.4320000112056732,0.07680000364780426
YEL013W,YDR495C,1,-3.6246052,0.36053287982940674,0.43299999833106995,0.07680000364780426
YKL051W,YIL048W,1,-3.6246145,0.3610648810863495,0.4339999854564667,0.07680000364780426
YMR193W,YDL227C,0,-3.6249528,0.360764741897583,0.4339999854564667,0.07689999788999557
YBL005W-B,YER182W,0,-3.6257186,0.3604651093482971,0.4339999854564667,0.07699999958276749
YLR305C,YBR080C,1,-3.6287751,0.3609958589076996,0.4350000023841858,0.07699999958276749
YLR071C,YER125W,0,-3.6289337,0.3606965243816376,0.4350000023841858,0.0771000012755394
YDR097C,YGL048C,0,-3.629047,0.36039766669273376,0.4350000023841858,0.07720000296831131
YOR234C,YDL138W,0,-3.6290767,0.36009934544563293,0.4350000023841858,0.07729999721050262
YOL129W,YFL020C,0,-3.6302795,0.3598015010356903,0.4350000023841858,0.07739999890327454
YLR447C,YJR033C,1,-3.6320953,0.36033058166503906,0.4359999895095825,0.07739999890327454
YBR109C,YBL050W,1,-3.632249,0.3608587980270386,0.43700000643730164,0.07739999890327454
YDR007W,YDL097C,0,-3.632327,0.3605610430240631,0.43700000643730164,0.07750000059604645
YER010C,YKR014C,0,-3.6335714,0.36026379466056824,0.43700000643730164,0.07760000228881836
YLR034C,YKL074C,0,-3.6344748,0.35996705293655396,0.43700000643730164,0.07769999653100967
YDR005C,YPR043W,0,-3.6352642,0.3596707880496979,0.43700000643730164,0.07779999822378159
YLR310C,YDR452W,0,-3.636311,0.359375,0.43700000643730164,0.0778999999165535
YLR127C,YDL248W,0,-3.6372557,0.3590797185897827,0.43700000643730164,0.07800000160932541
YMR122W-A,YEL055C,0,-3.6372976,0.35878488421440125,0.43700000643730164,0.07810000330209732
YNL156C,YLR265C,0,-3.6382165,0.35849055647850037,0.43700000643730164,0.07819999754428864
YKL069W,YDR485C,0,-3.6385124,0.3581967353820801,0.43700000643730164,0.07829999923706055
YMR273C,YJL034W,0,-3.6387327,0.3579033613204956,0.43700000643730164,0.07840000092983246
YDR162C,YHR018C,0,-3.6396255,0.35761046409606934,0.43700000643730164,0.07850000262260437
YKR053C,YGR142W,0,-3.640228,0.35731807351112366,0.43700000643730164,0.07859999686479568
YGL206C,YDL082W,0,-3.6410694,0.3570261299610138,0.43700000643730164,0.0786999985575676
YMR244C-A,YKL095W,0,-3.6427455,0.3567346930503845,0.43700000643730164,0.07880000025033951
YDL185W,YLR240W,1,-3.64278,0.3572593927383423,0.43799999356269836,0.07880000025033951
YOR293W,YNL215W,0,-3.6437347,0.3569682240486145,0.43799999356269836,0.07890000194311142
YDR495C,YHR174W,1,-3.6449938,0.3574918508529663,0.4390000104904175,0.07890000194311142
YMR302C,YPR122W,0,-3.645969,0.3572009801864624,0.4390000104904175,0.07900000363588333
YAL021C,YNL186W,0,-3.646001,0.3569105565547943,0.4390000104904175,0.07909999787807465
YDR529C,YGL039W,0,-3.6471996,0.3566206395626068,0.4390000104904175,0.07919999957084656
YCR032W,YDR513W,0,-3.6473794,0.3563311696052551,0.4390000104904175,0.07930000126361847
YLR390W-A,YGR150C,0,-3.647941,0.35604217648506165,0.4390000104904175,0.07940000295639038
YEL051W,YDR202C,1,-3.648669,0.3565640151500702,0.4399999976158142,0.07940000295639038
YGL137W,YMR075W,0,-3.6492481,0.3562752902507782,0.4399999976158142,0.0794999971985817
YLR421C,YDR153C,0,-3.6494887,0.3559870421886444,0.4399999976158142,0.07959999889135361
YPL270W,YBR008C,0,-3.650425,0.3556992709636688,0.4399999976158142,0.07970000058412552
YNL307C,YHR156C,0,-3.6523075,0.35541194677352905,0.4399999976158142,0.07980000227689743
YLR286C,YBL071W-A,0,-3.6536832,0.3551250994205475,0.4399999976158142,0.07989999651908875
YGR203W,YDR168W,0,-3.6552024,0.35483869910240173,0.4399999976158142,0.07999999821186066
YDR080W,YNL079C,1,-3.655847,0.3553585708141327,0.4410000145435333,0.07999999821186066
YGR191W,YJR098C,0,-3.6560802,0.3550724685192108,0.4410000145435333,0.08009999990463257
YGR174C,YDR409W,0,-3.657323,0.35478681325912476,0.4410000145435333,0.08020000159740448
YJR033C,YBR127C,1,-3.6573668,0.3553054630756378,0.44200000166893005,0.08020000159740448
YKR084C,YHR051W,0,-3.6583276,0.35502007603645325,0.44200000166893005,0.08030000329017639
YLR355C,YBL055C,0,-3.6586914,0.3547351658344269,0.44200000166893005,0.0803999975323677
YLR305C,YDR495C,1,-3.6594977,0.35525259375572205,0.4429999887943268,0.0803999975323677
YLR043C,YDR065W,1,-3.659575,0.35576921701431274,0.4440000057220459,0.0803999975323677
YFL009W,YJL024C,0,-3.660627,0.35548439621925354,0.4440000057220459,0.08049999922513962
YEL051W,YLR148W,1,-3.6614983,0.35600000619888306,0.4449999928474426,0.08049999922513962
YKL145W,YOR109W,0,-3.6615086,0.35571542382240295,0.4449999928474426,0.08060000091791153
YGL174W,YKL141W,0,-3.6628764,0.35543131828308105,0.4449999928474426,0.08070000261068344
YGL105W,YFL055W,0,-3.663171,0.35514765977859497,0.4449999928474426,0.08079999685287476
YPL192C,YER056C,0,-3.664446,0.3548644483089447,0.4449999928474426,0.08089999854564667
YOR350C,YOL129W,0,-3.6648676,0.35458168387413025,0.4449999928474426,0.08100000023841858
YPR158W,YKL160W,0,-3.665735,0.3542993664741516,0.4449999928474426,0.08110000193119049
YDR510W,YDR377W,0,-3.6666417,0.3540174961090088,0.4449999928474426,0.0812000036239624
YJL133W,YOR131C,0,-3.6670282,0.35373610258102417,0.4449999928474426,0.08129999786615372
YJR082C,YDL046W,0,-3.6676784,0.353455126285553,0.4449999928474426,0.08139999955892563
YIL098C,YMR265C,0,-3.668005,0.3531745970249176,0.4449999928474426,0.08150000125169754
YGR211W,YFR052W,0,-3.6689005,0.35289451479911804,0.4449999928474426,0.08160000294446945
YMR231W,YLR043C,1,-3.669158,0.3534072935581207,0.44600000977516174,0.08160000294446945
YJL034W,YPL160W,0,-3.6710315,0.35312747955322266,0.44600000977516174,0.08169999718666077
YLR396C,YDR080W,1,-3.671109,0.35363924503326416,0.44699999690055847,0.08169999718666077
YMR321C,YHR157W,0,-3.6723943,0.3533596694469452,0.44699999690055847,0.08179999887943268
YIL138C,YDR456W,1,-3.672739,0.3538704514503479,0.4480000138282776,0.08179999887943268
YLR150W,YOR292C,0,-3.6733902,0.3535911738872528,0.4480000138282776,0.08190000057220459
YHR207C,YER071C,0,-3.6735592,0.35331231355667114,0.4480000138282776,0.0820000022649765
YAL063C,YGR225W,0,-3.6740947,0.3530338704586029,0.4480000138282776,0.08209999650716782
YGR279C,YPL066W,0,-3.6751544,0.35275590419769287,0.4480000138282776,0.08219999819993973
YKL077W,YFR052W,0,-3.6757572,0.35247835516929626,0.4480000138282776,0.08229999989271164
YLR404W,YGR084C,0,-3.6762953,0.3522012531757355,0.4480000138282776,0.08240000158548355
YDR390C,YFR041C,0,-3.6763196,0.3519245982170105,0.4480000138282776,0.08250000327825546
YJR014W,YKL211C,0,-3.6763718,0.35164836049079895,0.4480000138282776,0.08259999752044678
YEL051W,YDR065W,1,-3.676487,0.3521568775177002,0.4490000009536743,0.08259999752044678
YBR037C,YNL176C,0,-3.6766691,0.35188087821006775,0.4490000009536743,0.08269999921321869
YNL243W,YDR016C,0,-3.6772978,0.3516053259372711,0.4490000009536743,0.0828000009059906
YML042W,YLR126C,0,-3.6782365,0.3513301908969879,0.4490000009536743,0.08290000259876251
YBL102W,YNL138W,0,-3.679832,0.3510555028915405,0.4490000009536743,0.08299999684095383
YFL030W,YEL077C,0,-3.6799347,0.35078126192092896,0.4490000009536743,0.08309999853372574
YKL051W,YDR456W,1,-3.680683,0.3512880504131317,0.44999998807907104,0.08309999853372574
YDR089W,YKL182W,0,-3.6809144,0.35101404786109924,0.44999998807907104,0.08320000022649765
YMR286W,YKL209C,0,-3.6819472,0.3507404625415802,0.44999998807907104,0.08330000191926956
YBR158W,YJR137C,0,-3.6819673,0.3504672944545746,0.44999998807907104,0.08340000361204147
YDL077C,YBL050W,1,-3.6827884,0.3509727716445923,0.45100000500679016,0.08340000361204147
YMR122W-A,YKL108W,0,-3.6832447,0.35069984197616577,0.45100000500679016,0.08349999785423279
YJR076C,YDL134C,0,-3.6840725,0.3504273593425751,0.45100000500679016,0.0835999995470047
YBR071W,YFL040W,0,-3.6850166,0.3501552939414978,0.45100000500679016,0.08370000123977661
YGL035C,YAR015W,0,-3.6856318,0.3498836159706116,0.45100000500679016,0.08380000293254852
YDL077C,YBR127C,1,-3.68711,0.3503876030445099,0.4519999921321869,0.08380000293254852
YLR350W,YIR024C,0,-3.687286,0.35011619329452515,0.4519999921321869,0.08389999717473984
YJR034W,YDR105C,0,-3.687907,0.34984520077705383,0.4519999921321869,0.08399999886751175
YPR124W,YJL187C,0,-3.6880608,0.34957462549209595,0.4519999921321869,0.08410000056028366
YML054C,YDR542W,0,-3.6880913,0.3493044674396515,0.4519999921321869,0.08420000225305557
YJL096W,YGR194C,0,-3.688511,0.34903475642204285,0.4519999921321869,0.08429999649524689
YMR053C,YHR207C,0,-3.688747,0.34876543283462524,0.4519999921321869,0.0843999981880188
YGL105W,YBR294W,0,-3.6896775,0.34849652647972107,0.4519999921321869,0.08449999988079071
YDR207C,YDR386W,0,-3.690888,0.3482280373573303,0.4519999921321869,0.08460000157356262
YDR011W,YNL312W,0,-3.6910005,0.347959965467453,0.4519999921321869,0.08470000326633453
YOL006C,YLR127C,0,-3.6919875,0.3476923108100891,0.4519999921321869,0.08479999750852585
YBR058C-A,YPL207W,0,-3.6920223,0.34742504358291626,0.4519999921321869,0.08489999920129776
YHR026W,YOR326W,1,-3.6921504,0.3479262590408325,0.453000009059906,0.08489999920129776
YDR166C,YOR189W,0,-3.6954918,0.34765926003456116,0.453000009059906,0.08500000089406967
YDR540C,YGR102C,0,-3.6962724,0.34739264845848083,0.453000009059906,0.08510000258684158
YJL176C,YGR149W,0,-3.6962905,0.34712642431259155,0.453000009059906,0.0851999968290329
YEL011W,YMR192W,0,-3.6974456,0.3468606472015381,0.453000009059906,0.08529999852180481
YDR017C,YBR109C,1,-3.6980135,0.34736037254333496,0.45399999618530273,0.08529999852180481
YBR132C,YDR090C,0,-3.6982396,0.3470948040485382,0.45399999618530273,0.08540000021457672
YCL073C,YDR540C,0,-3.6984282,0.3468296527862549,0.45399999618530273,0.08550000190734863
YBR158W,YJL143W,0,-3.6985078,0.3465648889541626,0.45399999618530273,0.08560000360012054
YJL003W,YNL177C,0,-3.6985383,0.34630054235458374,0.45399999618530273,0.08569999784231186
YOR389W,YJL090C,0,-3.699081,0.3460365831851959,0.45399999618530273,0.08579999953508377
YJR034W,YMR102C,0,-3.6993785,0.34577304124832153,0.45399999618530273,0.08590000122785568
YLR390W,YLR032W,0,-3.7000656,0.3455098867416382,0.45399999618530273,0.0860000029206276
YBR058C-A,YPR158W,0,-3.700489,0.34524714946746826,0.45399999618530273,0.08609999716281891
YKR059W,YPR171W,0,-3.702689,0.3449847996234894,0.45399999618530273,0.08619999885559082
YCL005W-A,YHR174W,1,-3.7037442,0.3454821705818176,0.45500001311302185,0.08619999885559082
YDR372C,YKL176C,0,-3.7056394,0.34522002935409546,0.45500001311302185,0.08630000054836273
YMR116C,YPL001W,0,-3.7056484,0.3449583053588867,0.45500001311302185,0.08640000224113464
YIL115C,YDR072C,0,-3.705732,0.344696968793869,0.45500001311302185,0.08649999648332596
YLR142W,YAL068C,0,-3.7057376,0.34443601965904236,0.45500001311302185,0.08659999817609787
YDL122W,YMR205C,0,-3.7059772,0.3441754877567291,0.45500001311302185,0.08669999986886978
YPL143W,YDL019C,0,-3.7060812,0.34391534328460693,0.45500001311302185,0.0868000015616417
YPL115C,YLR204W,0,-3.706377,0.3436555862426758,0.45500001311302185,0.0869000032544136
YNL284C,YLR285W,0,-3.7064478,0.34339621663093567,0.45500001311302185,0.08699999749660492
YCR023C,YMR238W,0,-3.7064583,0.343137264251709,0.45500001311302185,0.08709999918937683
YGL230C,YHR199C,0,-3.7065096,0.34287866950035095,0.45500001311302185,0.08720000088214874
YLR010C,YML039W,0,-3.7074661,0.34262049198150635,0.45500001311302185,0.08730000257492065
YBR181C,YDR466W,0,-3.7075343,0.3423626720905304,0.45500001311302185,0.08739999681711197
YER021W,YPL273W,0,-3.7090988,0.34210526943206787,0.45500001311302185,0.08749999850988388
YER154W,YML002W,0,-3.7096481,0.341848224401474,0.45500001311302185,0.08760000020265579
YOR211C,YBR031W,0,-3.7099915,0.34159159660339355,0.45500001311302185,0.0877000018954277
YNL015W,YOR270C,1,-3.710351,0.34208551049232483,0.4560000002384186,0.0877000018954277
YKR098C,YPL215W,0,-3.710404,0.3418290913105011,0.4560000002384186,0.08780000358819962
YKL039W,YNL323W,0,-3.7107172,0.341573029756546,0.4560000002384186,0.08789999783039093
YKL173W,YAL038W,0,-3.7112033,0.341317355632782,0.4560000002384186,0.08799999952316284
YKL080W,YHR138C,1,-3.7117624,0.341810017824173,0.4569999873638153,0.08799999952316284
YKL207W,YMR228W,0,-3.7118182,0.34155455231666565,0.4569999873638153,0.08810000121593475
YML001W,YDR080W,1,-3.7121913,0.3420462906360626,0.4580000042915344,0.08810000121593475
YLR297W,YJR077C,0,-3.7135067,0.341791033744812,0.4580000042915344,0.08820000290870667
YGL190C,YJL167W,0,-3.71368,0.34153616428375244,0.4580000042915344,0.08829999715089798
YDR153C,YJL034W,0,-3.713955,0.3412816822528839,0.4580000042915344,0.08839999884366989
YDR205W,YDR229W,0,-3.7140446,0.34102755784988403,0.4580000042915344,0.0885000005364418
YMR035W,YGR271W,0,-3.714067,0.3407738208770752,0.4580000042915344,0.08860000222921371
YDR188W,YCR101C,0,-3.7142162,0.340520441532135,0.4580000042915344,0.08869999647140503
YDR017C,YGR209C,1,-3.7157187,0.3410103917121887,0.45899999141693115,0.08869999647140503
YDL106C,YOR312C,0,-3.71579,0.34075725078582764,0.45899999141693115,0.08879999816417694
YDR236C,YIL145C,0,-3.7160192,0.3405044376850128,0.45899999141693115,0.08889999985694885
YIL111W,YLL054C,0,-3.7176085,0.3402520418167114,0.45899999141693115,0.08900000154972076
YLL023C,YKR103W,0,-3.7192163,0.3400000035762787,0.45899999141693115,0.08910000324249268
YKL184W,YPL127C,0,-3.719722,0.3397483229637146,0.45899999141693115,0.08919999748468399
YGR029W,YBR013C,0,-3.7212145,0.33949702978134155,0.45899999141693115,0.0892999991774559
YOR209C,YBR010W,0,-3.7213984,0.33924612402915955,0.45899999141693115,0.08940000087022781
YLR440C,YGL115W,0,-3.721924,0.3389955759048462,0.45899999141693115,0.08950000256299973
YGR020C,YEL051W,1,-3.7222283,0.339483380317688,0.46000000834465027,0.08950000256299973
YDR517W,YBR295W,0,-3.724275,0.33923304080963135,0.46000000834465027,0.08959999680519104
YPL143W,YBR216C,0,-3.7249002,0.33898305892944336,0.46000000834465027,0.08969999849796295
YHR051W,YLL024C,0,-3.7255206,0.338733434677124,0.46000000834465027,0.08980000019073486
YDR137W,YDR533C,0,-3.7255435,0.33848416805267334,0.46000000834465027,0.08990000188350677
YDL018C,YDR463W,0,-3.725801,0.3382352888584137,0.46000000834465027,0.09000000357627869
YMR208W,YJR064W,0,-3.7258515,0.3379867672920227,0.46000000834465027,0.09009999781847
YEL013W,YBR127C,1,-3.726006,0.338472843170166,0.460999995470047,0.09009999781847
YOL116W,YDR345C,0,-3.727254,0.33822450041770935,0.460999995470047,0.09019999951124191
YKL035W,YNL111C,0,-3.727302,0.3379765450954437,0.460999995470047,0.09030000120401382
YFR025C,YLR188W,0,-3.7275615,0.33772894740104675,0.460999995470047,0.09040000289678574
YDR503C,YEL043W,0,-3.728471,0.33748170733451843,0.460999995470047,0.09049999713897705
YOL048C,YIL067C,0,-3.7285628,0.33723482489585876,0.460999995470047,0.09059999883174896
YKL080W,YDR328C,1,-3.7290215,0.33771929144859314,0.4620000123977661,0.09059999883174896
YKL051W,YLR043C,1,-3.72955,0.3382030725479126,0.46299999952316284,0.09059999883174896
YPR036W,YPL268W,1,-3.7308536,0.33868613839149475,0.46399998664855957,0.09059999883174896
YMR166C,YER056C,0,-3.7325768,0.33843910694122314,0.46399998664855957,0.09070000052452087
YBL058W,YER099C,0,-3.7330875,0.3381924331188202,0.46399998664855957,0.09080000221729279
YOR356W,YMR125W,0,-3.7334623,0.3379461169242859,0.46399998664855957,0.0908999964594841
YMR050C,YGL208W,0,-3.733688,0.33770015835762024,0.46399998664855957,0.09099999815225601
YER124C,YER139C,0,-3.7342575,0.33745455741882324,0.46399998664855957,0.09109999984502792
YLR093C,YNL273W,0,-3.7349007,0.3372093141078949,0.46399998664855957,0.09120000153779984
YPL009C,YDL061C,0,-3.7349372,0.3369644284248352,0.46399998664855957,0.09130000323057175
YOL051W,YGR028W,0,-3.7352047,0.3367198705673218,0.46399998664855957,0.09139999747276306
YBR253W,YOR071C,0,-3.735454,0.3364757001399994,0.46399998664855957,0.09149999916553497
YDR263C,YML045W,0,-3.735848,0.33623188734054565,0.46399998664855957,0.09160000085830688
YKR034W,YMR046C,0,-3.736772,0.3359884023666382,0.46399998664855957,0.0917000025510788
YDR016C,YBL087C,0,-3.7373972,0.33574530482292175,0.46399998664855957,0.09179999679327011
YPR181C,YMR100W,0,-3.738999,0.3355025351047516,0.46399998664855957,0.09189999848604202
YDR304C,YGR089W,0,-3.739699,0.3352601230144501,0.46399998664855957,0.09200000017881393
YDR027C,YCL001W,0,-3.7403543,0.3350180387496948,0.46399998664855957,0.09210000187158585
YDL243C,YLR407W,0,-3.7404647,0.3347763419151306,0.46399998664855957,0.09220000356435776
YAL014C,YHR091C,0,-3.7414675,0.33453497290611267,0.46399998664855957,0.09229999780654907
YDL126C,YGL210W,0,-3.7434292,0.3342939615249634,0.46399998664855957,0.09239999949932098
YIL043C,YKL072W,0,-3.744326,0.33405327796936035,0.46399998664855957,0.0925000011920929
YCL005W-A,YDR202C,1,-3.7448492,0.33453238010406494,0.4650000035762787,0.0925000011920929
YOL127W,YNL005C,0,-3.745185,0.33429187536239624,0.4650000035762787,0.09260000288486481
YPL002C,YNL304W,0,-3.7458236,0.3340517282485962,0.4650000035762787,0.09269999712705612
YDR146C,YBR107C,0,-3.7461603,0.3338119089603424,0.4650000035762787,0.09279999881982803
YJL200C,YNL219C,0,-3.7472682,0.3335724472999573,0.4650000035762787,0.09290000051259995
YDR388W,YLR340W,0,-3.747547,0.3333333432674408,0.4650000035762787,0.09300000220537186
YFR048W,YKL151C,0,-3.74771,0.3330945670604706,0.4650000035762787,0.09309999644756317
YNL177C,YGL257C,0,-3.750133,0.33285611867904663,0.4650000035762787,0.09319999814033508
YHR147C,YIR019C,0,-3.7502198,0.33261802792549133,0.4650000035762787,0.093299999833107
YGL147C,YKL189W,0,-3.7509737,0.3323802649974823,0.4650000035762787,0.0934000015258789
YGR145W,YAL005C,0,-3.751761,0.3321428596973419,0.4650000035762787,0.09350000321865082
YNR045W,YGR005C,0,-3.7522368,0.3319057822227478,0.4650000035762787,0.09359999746084213
YGR209C,YDR202C,1,-3.7522392,0.33238232135772705,0.4659999907016754,0.09359999746084213
YEL020W-A,YNL305C,0,-3.7522445,0.3321453928947449,0.4659999907016754,0.09369999915361404
YML001W,YCL063W,1,-3.7529502,0.3326210677623749,0.46700000762939453,0.09369999915361404
YNL217W,YLR421C,0,-3.7535045,0.3323843479156494,0.46700000762939453,0.09380000084638596
YNL243W,YBR262C,0,-3.7551932,0.3321479260921478,0.46700000762939453,0.09390000253915787
YDL002C,YMR076C,0,-3.7560158,0.3319118618965149,0.46700000762939453,0.09399999678134918
YLR305C,YDR202C,1,-3.7567043,0.3323863744735718,0.46799999475479126,0.09399999678134918
YMR166C,YOR212W,0,-3.7573278,0.3321504592895508,0.46799999475479126,0.0940999984741211
YDR142C,YMR168C,0,-3.759005,0.33191490173339844,0.46799999475479126,0.094200000166893
YDR130C,YLL024C,0,-3.7590294,0.33167967200279236,0.46799999475479126,0.09430000185966492
YPL118W,YLR390W,0,-3.7596045,0.33144477009773254,0.46799999475479126,0.09440000355243683
YML058W-A,YDL214C,0,-3.7611163,0.331210196018219,0.46799999475479126,0.09449999779462814
YDR200C,YDL136W,0,-3.761361,0.3309759497642517,0.46799999475479126,0.09459999948740005
YDR197W,YDR452W,0,-3.7618895,0.3307420611381531,0.46799999475479126,0.09470000118017197
YHR060W,YDL077C,1,-3.762468,0.33121469616889954,0.4690000116825104,0.09470000118017197
YDL066W,YJL113W,0,-3.762753,0.33098095655441284,0.4690000116825104,0.09480000287294388
YFR012W,YNL290W,0,-3.7656417,0.3307475447654724,0.4690000116825104,0.09489999711513519
YMR311C,YGR106C,0,-3.7658808,0.33051446080207825,0.4690000116825104,0.0949999988079071
YFL002W-A,YDL245C,0,-3.7660687,0.33028170466423035,0.4690000116825104,0.09510000050067902
YLR443W,YBR018C,0,-3.7664204,0.3300492465496063,0.4690000116825104,0.09520000219345093
YDR063W,YBR253W,0,-3.766873,0.32981714606285095,0.4690000116825104,0.09529999643564224
YPR196W,YLR321C,0,-3.7671018,0.32958537340164185,0.4690000116825104,0.09539999812841415
YIL176C,YNL156C,0,-3.7674491,0.329353928565979,0.4690000116825104,0.09549999982118607
YLR035C,YDR182W,0,-3.7675939,0.3291228115558624,0.4690000116825104,0.09560000151395798
YNL217W,YDR334W,0,-3.7680254,0.3288919925689697,0.4690000116825104,0.09570000320672989
YPR149W,YNR040W,0,-3.7682226,0.3286615312099457,0.4690000116825104,0.0957999974489212
YOR290C,YLR312W-A,0,-3.7689886,0.3284313678741455,0.4690000116825104,0.09589999914169312
YML048W,YJR041C,0,-3.76921,0.3282015323638916,0.4690000116825104,0.09600000083446503
YOR209C,YPR102C,0,-3.7696896,0.32797202467918396,0.4690000116825104,0.09610000252723694
YFL046W,YKL120W,0,-3.7706666,0.3277428448200226,0.4690000116825104,0.09619999676942825
YER072W,YDL077C,1,-3.7731898,0.32821229100227356,0.4699999988079071,0.09619999676942825
YDL144C,YGL205W,0,-3.7743154,0.3279832601547241,0.4699999988079071,0.09629999846220016
YJR116W,YOR221C,0,-3.7743847,0.32775452733039856,0.4699999988079071,0.09640000015497208
YDR404C,YBL080C,0,-3.7747102,0.32752612233161926,0.4699999988079071,0.09650000184774399
YPL091W,YCL001W,0,-3.774976,0.32729804515838623,0.4699999988079071,0.0966000035405159
YBR028C,YIL118W,0,-3.7760062,0.32707029581069946,0.4699999988079071,0.09669999778270721
YJL069C,YPR173C,0,-3.7761302,0.3268428444862366,0.4699999988079071,0.09679999947547913
YLR262C,YDR538W,0,-3.7761555,0.32661569118499756,0.4699999988079071,0.09690000116825104
YDR212W,YPL200W,0,-3.776262,0.3263888955116272,0.4699999988079071,0.09700000286102295
YKL080W,YJR033C,1,-3.7763007,0.3268563449382782,0.47099998593330383,0.09700000286102295
YJR033C,YNL079C,1,-3.7766323,0.32732316851615906,0.47200000286102295,0.09700000286102295
YMR231W,YDR456W,1,-3.776762,0.3277893364429474,0.4729999899864197,0.09700000286102295
YHR098C,YBR010W,0,-3.7774463,0.3275623321533203,0.4729999899864197,0.09709999710321426
YOL092W,YPL171C,0,-3.7778268,0.3273356258869171,0.4729999899864197,0.09719999879598618
YMR277W,YHR171W,0,-3.7790928,0.32710927724838257,0.4729999899864197,0.09730000048875809
YBR109C,YDR456W,1,-3.779605,0.3275742828845978,0.4740000069141388,0.09730000048875809
YJL006C,YBR149W,0,-3.7800376,0.3273480534553528,0.4740000069141388,0.09740000218153
YOL114C,YDR086C,0,-3.7810402,0.32712215185165405,0.4740000069141388,0.09749999642372131
YPL264C,YDR313C,0,-3.7824466,0.3268965482711792,0.4740000069141388,0.09759999811649323
YGL220W,YBR031W,0,-3.782939,0.3266712725162506,0.4740000069141388,0.09769999980926514
YPL268W,YFR019W,1,-3.7832303,0.32713499665260315,0.4749999940395355,0.09769999980926514
YDR190C,YOR113W,0,-3.7833478,0.3269098401069641,0.4749999940395355,0.09780000150203705
YJR111C,YCL001W,0,-3.7855148,0.32668501138687134,0.4749999940395355,0.09790000319480896
YKL120W,YLR246W,0,-3.7860527,0.32646048069000244,0.4749999940395355,0.09799999743700027
YDR026C,YJL087C,0,-3.7869844,0.3262362778186798,0.4749999940395355,0.09809999912977219
YLR450W,YNL293W,0,-3.7872622,0.32601234316825867,0.4749999940395355,0.0982000008225441
YDL036C,YKL170W,0,-3.7876663,0.3257887661457062,0.4749999940395355,0.09830000251531601
YLR447C,YDL185W,1,-3.7878542,0.3262508511543274,0.47600001096725464,0.09830000251531601
YIL138C,YGL095C,1,-3.7890618,0.32671234011650085,0.47699999809265137,0.09830000251531601
YMR300C,YML121W,0,-3.789102,0.3264887034893036,0.47699999809265137,0.09839999675750732
YJR119C,YIL177C,0,-3.7891102,0.3262653946876526,0.47699999809265137,0.09849999845027924
YKR084C,YKL151C,0,-3.790246,0.32604238390922546,0.47699999809265137,0.09860000014305115
YDR374C,YER165W,0,-3.7912712,0.3258196711540222,0.47699999809265137,0.09870000183582306
YLR403W,YBR262C,0,-3.7914102,0.32559725642204285,0.47699999809265137,0.09880000352859497
YBR204C,YML047C,0,-3.791638,0.32537516951560974,0.47699999809265137,0.09889999777078629
YER072W,YHR174W,1,-3.7917757,0.32583504915237427,0.4779999852180481,0.09889999777078629
YEL011W,YKR080W,0,-3.7918043,0.3256130814552307,0.4779999852180481,0.0989999994635582
YAL021C,YIL069C,0,-3.7924674,0.32539141178131104,0.4779999852180481,0.09910000115633011
YBR006W,YFL038C,0,-3.792671,0.3251700699329376,0.4779999852180481,0.09920000284910202
YNL284C,YGL252C,0,-3.7929251,0.3249490261077881,0.4779999852180481,0.09929999709129333
YDL245C,YML039W,0,-3.793849,0.32472825050354004,0.4779999852180481,0.09939999878406525
YBR239C,YOR023C,0,-3.7940185,0.32450780272483826,0.4779999852180481,0.09950000047683716
YOL012C,YJL034W,0,-3.7972298,0.32428765296936035,0.4779999852180481,0.09960000216960907
YNL323W,YAL015C,0,-3.7973597,0.3240678012371063,0.4779999852180481,0.09969999641180038
YMR098C,YER120W,0,-3.7988265,0.32384824752807617,0.4779999852180481,0.0997999981045723
YKL025C,YLR406C,0,-3.799342,0.3236289918422699,0.4779999852180481,0.09989999979734421
YMR117C,YCL074W,0,-3.8007586,0.3234100043773651,0.4779999852180481,0.10000000149011612
YKR059W,YMR198W,0,-3.801169,0.3231913447380066,0.4779999852180481,0.10010000318288803
YGR020C,YOR068C,1,-3.801377,0.3236486613750458,0.4790000021457672,0.10010000318288803
YGL223C,YOR292C,0,-3.8013928,0.3234301209449768,0.4790000021457672,0.10019999742507935
YPL028W,YBR297W,0,-3.8024404,0.3232118785381317,0.4790000021457672,0.10029999911785126
YIL041W,YHL030W,0,-3.80299,0.3229939341545105,0.4790000021457672,0.10040000081062317
YOL161C,YPR201W,0,-3.8033638,0.32277628779411316,0.4790000021457672,0.10050000250339508
YJL127C-B,YDR316W,0,-3.803441,0.3225589096546173,0.4790000021457672,0.1005999967455864
YOR222W,YGR001C,0,-3.8050656,0.3223418593406677,0.4790000021457672,0.1006999984383583
YKL140W,YNL099C,0,-3.8051019,0.32212507724761963,0.4790000021457672,0.10080000013113022
YLR421C,YJL004C,0,-3.8055367,0.3219085931777954,0.4790000021457672,0.10090000182390213
YBR097W,YER055C,0,-3.8059468,0.32169240713119507,0.4790000021457672,0.10100000351667404
YNL326C,YCL005W-A,1,-3.8061872,0.3221476376056671,0.47999998927116394,0.10100000351667404
YNL131W,YBL034C,0,-3.8065474,0.3219316005706787,0.47999998927116394,0.10109999775886536
YOR256C,YEL071W,0,-3.8065555,0.3217158317565918,0.47999998927116394,0.10119999945163727
YER124C,YAL014C,0,-3.8073092,0.32150033116340637,0.47999998927116394,0.10130000114440918
YPR003C,YER088C,0,-3.8082647,0.3212851285934448,0.47999998927116394,0.10140000283718109
YNL287W,YER109C,0,-3.8087158,0.32107022404670715,0.47999998927116394,0.1014999970793724
YNR032W,YNL010W,0,-3.8090224,0.32085561752319336,0.47999998927116394,0.10159999877214432
YGR087C,YDL019C,0,-3.809092,0.32064127922058105,0.47999998927116394,0.10170000046491623
YKL051W,YLR148W,1,-3.8095183,0.3210947811603546,0.48100000619888306,0.10170000046491623
YKL192C,YER161C,0,-3.8097637,0.32088059186935425,0.48100000619888306,0.10180000215768814
YMR193W,YFL051C,0,-3.8098707,0.32066667079925537,0.48100000619888306,0.10189999639987946
YPR036W,YKR007W,1,-3.810526,0.3211192488670349,0.4819999933242798,0.10189999639987946
YDL180W,YPR194C,0,-3.8110986,0.3209054470062256,0.4819999933242798,0.10199999809265137
YKL148C,YGR058W,0,-3.8112857,0.32069194316864014,0.4819999933242798,0.10209999978542328
YOR323C,YDR530C,0,-3.811876,0.32047873735427856,0.4819999933242798,0.10220000147819519
YKR014C,YDL211C,0,-3.8121142,0.3202657699584961,0.4819999933242798,0.1023000031709671
YLR286C,YBR170C,0,-3.8122349,0.3200531303882599,0.4819999933242798,0.10239999741315842
YPR181C,YLR128W,0,-3.8122473,0.3198407292366028,0.4819999933242798,0.10249999910593033
YPR169W,YDR221W,0,-3.8123152,0.31962865591049194,0.4819999933242798,0.10260000079870224
YGR277C,YKL138C,0,-3.812755,0.3194168210029602,0.4819999933242798,0.10270000249147415
YMR074C,YLR313C,0,-3.813643,0.31920528411865234,0.4819999933242798,0.10279999673366547
YOR068C,YHR174W,1,-3.8139079,0.3196558654308319,0.4830000102519989,0.10279999673366547
YGL030W,YKL212W,0,-3.8141851,0.3194444477558136,0.4830000102519989,0.10289999842643738
YDL025C,YJR001W,0,-3.8148894,0.3192332983016968,0.4830000102519989,0.10300000011920929
YNL079C,YEL051W,1,-3.8153322,0.3196829557418823,0.48399999737739563,0.10300000011920929
YDR512C,YPL224C,0,-3.8164744,0.31947195529937744,0.48399999737739563,0.1031000018119812
YOL083W,YGL027C,0,-3.8173828,0.31926122307777405,0.48399999737739563,0.10320000350475311
YMR176W,YFR022W,0,-3.8174965,0.31905075907707214,0.48399999737739563,0.10329999774694443
YAL053W,YMR205C,0,-3.8176801,0.3188405930995941,0.48399999737739563,0.10339999943971634
YGL195W,YJR075W,0,-3.8177063,0.3186306655406952,0.48399999737739563,0.10350000113248825
YGR148C,YBR122C,0,-3.818296,0.31842106580734253,0.48399999737739563,0.10360000282526016
YCL005W-A,YGR209C,1,-3.8185272,0.3188691735267639,0.48500001430511475,0.10360000282526016
YPR021C,YMR078C,0,-3.818655,0.3186596632003784,0.48500001430511475,0.10369999706745148
YOR110W,YHR103W,0,-3.8187876,0.3184504210948944,0.48500001430511475,0.10379999876022339
YOR230W,YBL017C,0,-3.8188422,0.3182414770126343,0.48500001430511475,0.1039000004529953
YGL119W,YOR251C,0,-3.8189812,0.31803280115127563,0.48500001430511475,0.10400000214576721
YNL015W,YLR043C,1,-3.8199995,0.3184796869754791,0.4860000014305115,0.10400000214576721
YHR116W,YGR036C,0,-3.8213043,0.31827113032341003,0.4860000014305115,0.10409999638795853
YAL029C,YGL067W,0,-3.8220372,0.31806284189224243,0.4860000014305115,0.10419999808073044
YJL001W,YDR447C,0,-3.8222625,0.3178548216819763,0.4860000014305115,0.10429999977350235
YBL005W,YHL030W,0,-3.8229666,0.3176470696926117,0.4860000014305115,0.10440000146627426
YLL009C,YOL105C,0,-3.823046,0.31743958592414856,0.4860000014305115,0.10450000315904617
YBR068C,YJL127C-B,0,-3.8231997,0.3172323703765869,0.4860000014305115,0.10459999740123749
YIL138C,YNL015W,1,-3.8232248,0.317677766084671,0.4869999885559082,0.10459999740123749
YHR152W,YGR207C,0,-3.8234708,0.3174706697463989,0.4869999885559082,0.1046999990940094
YBR162W-A,YCL017C,0,-3.824332,0.3172638416290283,0.4869999885559082,0.10480000078678131
YOL073C,YMR050C,0,-3.8249168,0.3170572817325592,0.4869999885559082,0.10490000247955322
YLR058C,YBR241C,0,-3.8256688,0.31685101985931396,0.4869999885559082,0.10499999672174454
YMR143W,YHR143W,0,-3.8258643,0.3166449964046478,0.4869999885559082,0.10509999841451645
YIL089W,YBR016W,0,-3.8259082,0.3164392411708832,0.4869999885559082,0.10520000010728836
YBR255W,YOR329C,0,-3.8260722,0.31623375415802,0.4869999885559082,0.10530000180006027
YDR374C,YPR173C,0,-3.826379,0.31602856516838074,0.4869999885559082,0.10540000349283218
YNL069C,YJL219W,0,-3.8264794,0.31582361459732056,0.4869999885559082,0.1054999977350235
YGR163W,YGR036C,0,-3.8265758,0.31561893224716187,0.4869999885559082,0.10559999942779541
YPL069C,YCL057W,0,-3.827067,0.31541451811790466,0.4869999885559082,0.10570000112056732
YJL139C,YGL106W,0,-3.8277898,0.31521034240722656,0.4869999885559082,0.10580000281333923
YLR144C,YER099C,0,-3.8278341,0.31500646471977234,0.4869999885559082,0.10589999705553055
YBR012W-A,YPL041C,0,-3.8281634,0.3148028552532196,0.4869999885559082,0.10599999874830246
YDR510W,YGR015C,0,-3.8286068,0.31459948420524597,0.4869999885559082,0.10610000044107437
YDR304C,YDR346C,0,-3.8286123,0.31439638137817383,0.4869999885559082,0.10620000213384628
YBL050W,YCL005W-A,1,-3.828784,0.314838707447052,0.4880000054836273,0.10620000213384628
YDR422C,YNL262W,0,-3.8289108,0.3146357238292694,0.4880000054836273,0.1062999963760376
YFL003C,YHR072W,0,-3.8294237,0.3144329786300659,0.4880000054836273,0.10639999806880951
YPL218W,YIL124W,0,-3.8301163,0.3142305314540863,0.4880000054836273,0.10649999976158142
YML008C,YOR261C,0,-3.8316746,0.3140283226966858,0.4880000054836273,0.10660000145435333
YBR119W,YEL005C,0,-3.8317986,0.3138263523578644,0.4880000054836273,0.10670000314712524
YEL001C,YGL100W,0,-3.8319466,0.31362468004226685,0.4880000054836273,0.10679999738931656
YLR298C,YCR101C,0,-3.8320208,0.3134232461452484,0.4880000054836273,0.10689999908208847
YHR086W,YGR148C,0,-3.8328044,0.31322208046913147,0.4880000054836273,0.10700000077486038
YJR010W,YGR044C,0,-3.8328671,0.31302115321159363,0.4880000054836273,0.1071000024676323
YPR165W,YPL232W,0,-3.833199,0.31282052397727966,0.4880000054836273,0.10719999670982361
YCR012W,YML065W,0,-3.8340156,0.3126201033592224,0.4880000054836273,0.10729999840259552
YCR069W,YDR176W,0,-3.8341012,0.31241998076438904,0.4880000054836273,0.10740000009536743
YER025W,YGR197C,0,-3.83459,0.31222009658813477,0.4880000054836273,0.10750000178813934
YIL033C,YER018C,0,-3.8349073,0.3120204508304596,0.4880000054836273,0.10760000348091125
YCL001W-A,YNL222W,0,-3.8357878,0.3118210732936859,0.4880000054836273,0.10769999772310257
YDR067C,YFR032C-A,0,-3.8363328,0.3116219639778137,0.4880000054836273,0.10779999941587448
YML106W,YJR053W,0,-3.8368497,0.31142309308052063,0.4880000054836273,0.10790000110864639
YJL047C,YKL182W,0,-3.8369372,0.31122449040412903,0.4880000054836273,0.1080000028014183
YDR328C,YMR197C,1,-3.837078,0.3116634786128998,0.48899999260902405,0.1080000028014183
YKL053C-A,YLR032W,0,-3.837521,0.31146496534347534,0.48899999260902405,0.10809999704360962
YPL274W,YMR155W,0,-3.8382063,0.3112667202949524,0.48899999260902405,0.10819999873638153
YLR054C,YPR199C,0,-3.8384185,0.31106871366500854,0.48899999260902405,0.10830000042915344
YJR040W,YGL220W,0,-3.8388882,0.3108709454536438,0.48899999260902405,0.10840000212192535
YOR283W,YDR011W,0,-3.8395388,0.31067344546318054,0.48899999260902405,0.10849999636411667
YDR212W,YHL033C,0,-3.8397605,0.3104761838912964,0.48899999260902405,0.10859999805688858
YPL213W,YMR073C,0,-3.8399062,0.3102791905403137,0.48899999260902405,0.10869999974966049
YPL019C,YBR109C,1,-3.8401172,0.31071653962135315,0.49000000953674316,0.10869999974966049
YPL190C,YIL043C,0,-3.8409166,0.31051963567733765,0.49000000953674316,0.1088000014424324
YNL323W,YOL148C,0,-3.8416543,0.31032299995422363,0.49000000953674316,0.10890000313520432
YOL002C,YPL037C,0,-3.8430042,0.31012657284736633,0.49000000953674316,0.10899999737739563
YFR053C,YDR541C,0,-3.8432786,0.3099304139614105,0.49000000953674316,0.10909999907016754
YNL264C,YDL012C,0,-3.8444963,0.3097345232963562,0.49000000953674316,0.10920000076293945
YER141W,YBR106W,0,-3.8450005,0.3095388412475586,0.49000000953674316,0.10930000245571136
YJR109C,YOR174W,0,-3.8464108,0.3093434274196625,0.49000000953674316,0.10939999669790268
YCL063W,YEL013W,1,-3.8465016,0.30977916717529297,0.4909999966621399,0.10939999669790268
YLR173W,YMR122W-A,0,-3.8467596,0.3095838725566864,0.4909999966621399,0.10949999839067459
YPR036W,YDR065W,1,-3.8469732,0.3100188970565796,0.492000013589859,0.10949999839067459
YHR056C,YJR159W,0,-3.847196,0.3098236918449402,0.492000013589859,0.1096000000834465
YER151C,YOR158W,0,-3.8478045,0.3096286952495575,0.492000013589859,0.10970000177621841
YBL046W,YBR146W,0,-3.8479872,0.3094339668750763,0.492000013589859,0.10980000346899033
YJL001W,YHR111W,0,-3.8482106,0.3092394769191742,0.492000013589859,0.10989999771118164
YBR246W,YKL182W,0,-3.8494575,0.3090452253818512,0.492000013589859,0.10999999940395355
YLR303W,YDR018C,0,-3.8496757,0.3088512122631073,0.492000013589859,0.11010000109672546
YIL091C,YNL157W,0,-3.8499608,0.3086574673652649,0.492000013589859,0.11020000278949738
YPR199C,YJR045C,0,-3.8510392,0.3084639608860016,0.492000013589859,0.11029999703168869
YDR383C,YDR481C,0,-3.8510633,0.308270663022995,0.492000013589859,0.1103999987244606
YHR128W,YDR415C,0,-3.8517716,0.3080776333808899,0.492000013589859,0.11050000041723251
YHR030C,YDR139C,0,-3.8529692,0.3078848421573639,0.492000013589859,0.11060000211000443
YBR062C,YNL135C,0,-3.85316,0.3076923191547394,0.492000013589859,0.11069999635219574
YML081C-A,YGR201C,0,-3.8532498,0.3075000047683716,0.492000013589859,0.11079999804496765
YLR305C,YJR033C,1,-3.8534536,0.3079325556755066,0.49300000071525574,0.11079999804496765
YDL013W,YLR218C,0,-3.8537116,0.30774033069610596,0.49300000071525574,0.11089999973773956
YGL031C,YBR161W,0,-3.8551579,0.3075483441352844,0.49300000071525574,0.11100000143051147
YKL157W,YNR066C,0,-3.8554559,0.307356595993042,0.49300000071525574,0.11110000312328339
YBR044C,YEL009C,0,-3.8557732,0.30716511607170105,0.49300000071525574,0.1111999973654747
YLR312C,YLR256W,0,-3.856367,0.3069738447666168,0.49300000071525574,0.11129999905824661
YGL125W,YNR050C,0,-3.8566825,0.3067828118801117,0.49300000071525574,0.11140000075101852
YOR022C,YBR246W,0,-3.857091,0.30659204721450806,0.49300000071525574,0.11150000244379044
YGR095C,YPL091W,0,-3.857253,0.30640149116516113,0.49300000071525574,0.11159999668598175
YER154W,YER134C,0,-3.857487,0.3062111735343933,0.49300000071525574,0.11169999837875366
YHR020W,YLL054C,0,-3.8576665,0.3060210943222046,0.49300000071525574,0.11180000007152557
YHL024W,YDL133C-A,0,-3.8579829,0.30583125352859497,0.49300000071525574,0.11190000176429749
YMR077C,YNL178W,0,-3.8580709,0.30564165115356445,0.49300000071525574,0.1120000034570694
YGL156W,YLL017W,0,-3.8581333,0.30545228719711304,0.49300000071525574,0.11209999769926071
YOR010C,YJR139C,0,-3.8582067,0.3052631616592407,0.49300000071525574,0.11219999939203262
YLL045C,YER055C,0,-3.85967,0.3050742447376251,0.49300000071525574,0.11230000108480453
YBL090W,YML008C,0,-3.8596716,0.304885596036911,0.49300000071525574,0.11240000277757645
YCL005W-A,YDR328C,1,-3.8598406,0.30531519651412964,0.49399998784065247,0.11240000277757645
YPL268W,YJR033C,1,-3.8608375,0.3057442903518677,0.4950000047683716,0.11240000277757645
YEL026W,YDR105C,0,-3.8617575,0.3055555522441864,0.4950000047683716,0.11249999701976776
YJL103C,YKL023W,0,-3.8619442,0.30536705255508423,0.4950000047683716,0.11259999871253967
YPR036W,YOR326W,1,-3.86195,0.3057953119277954,0.4959999918937683,0.11259999871253967
YMR029C,YPR037C,0,-3.862324,0.3056069016456604,0.4959999918937683,0.11270000040531158
YML050W,YJL081C,0,-3.862486,0.3054187297821045,0.4959999918937683,0.1128000020980835
YOR378W,YIL099W,0,-3.8630228,0.3052307665348053,0.4959999918937683,0.11289999634027481
YMR109W,YDR372C,0,-3.8630795,0.3050430417060852,0.4959999918937683,0.11299999803304672
YAL018C,YKL198C,0,-3.863119,0.3048555552959442,0.4959999918937683,0.11309999972581863
YHR077C,YCL043C,0,-3.863258,0.3046683073043823,0.4959999918937683,0.11320000141859055
YCL047C,YML024W,0,-3.863482,0.30448126792907715,0.4959999918937683,0.11330000311136246
YCR024C-A,YPR045C,0,-3.863614,0.3042944669723511,0.4959999918937683,0.11339999735355377
YCL051W,YLR408C,0,-3.864047,0.3041079044342041,0.4959999918937683,0.11349999904632568
YLR022C,YAR031W,0,-3.864707,0.30392158031463623,0.4959999918937683,0.1136000007390976
YKL119C,YLR305C,1,-3.865706,0.30434781312942505,0.4970000088214874,0.1136000007390976
YLR170C,YDR369C,0,-3.8659258,0.30416157841682434,0.4970000088214874,0.1137000024318695
YPR097W,YLR008C,0,-3.8660152,0.30397552251815796,0.4970000088214874,0.11379999667406082
YBR041W,YEL034W,0,-3.8677526,0.30378973484039307,0.4970000088214874,0.11389999836683273
YCR005C,YGL084C,0,-3.8679752,0.3036041557788849,0.4970000088214874,0.11400000005960464
YGR180C,YOL151W,0,-3.8682263,0.3034188151359558,0.4970000088214874,0.11410000175237656
YMR267W,YFL001W,0,-3.8686898,0.30323368310928345,0.4970000088214874,0.11420000344514847
YNL243W,YBR189W,0,-3.8692672,0.3030487895011902,0.4970000088214874,0.11429999768733978
YPL024W,YDL229W,0,-3.871559,0.30286410450935364,0.4970000088214874,0.1143999993801117
YIL111W,YBR229C,0,-3.8721087,0.3026796579360962,0.4970000088214874,0.1145000010728836
YLR148W,YDR328C,1,-3.87216,0.30310407280921936,0.49799999594688416,0.1145000010728836
YLR021W,YDR176W,0,-3.8725834,0.3029197156429291,0.49799999594688416,0.11460000276565552
YLR353W,YOR290C,0,-3.8730695,0.3027355670928955,0.49799999594688416,0.11469999700784683
YDL126C,YOR149C,0,-3.873526,0.30255162715911865,0.49799999594688416,0.11479999870061874
YMR117C,YML039W,0,-3.8738184,0.3023679554462433,0.49799999594688416,0.11490000039339066
YPL221W,YKR016W,0,-3.874293,0.30218446254730225,0.49799999594688416,0.11500000208616257
YPL268W,YKR007W,1,-3.8746305,0.3026076555252075,0.49900001287460327,0.11500000208616257
YER026C,YBR167C,0,-3.8759294,0.30242425203323364,0.49900001287460327,0.11509999632835388
YBR012W-A,YMR112C,0,-3.8761048,0.3022410571575165,0.49900001287460327,0.1151999980211258
YDR011W,YEL029C,0,-3.8767107,0.3020581007003784,0.49900001287460327,0.1152999997138977
YMR065W,YLL013C,0,-3.8781157,0.30187538266181946,0.49900001287460327,0.11540000140666962
YMR325W,YJR026W,0,-3.8783793,0.3016928732395172,0.49900001287460327,0.11550000309944153
YGL039W,YDR309C,0,-3.8793368,0.3015105724334717,0.49900001287460327,0.11559999734163284
YPL264C,YGR280C,0,-3.8798728,0.30132851004600525,0.49900001287460327,0.11569999903440475
YDR017C,YLR043C,1,-3.8802063,0.30175015330314636,0.5,0.11569999903440475
YGL015C,YHR094C,0,-3.880256,0.3015681505203247,0.5,0.11580000072717667
YPL162C,YGL245W,0,-3.8808274,0.30138638615608215,0.5,0.11590000241994858
YGL148W,YLR239C,0,-3.88141,0.3012048304080963,0.5,0.11599999666213989
YOR081C,YDL237W,0,-3.8818488,0.3010234832763672,0.5,0.1160999983549118
YDL042C,YCL043C,0,-3.8822174,0.3008423447608948,0.5,0.11620000004768372
YJL010C,YPL275W,0,-3.883789,0.30066144466400146,0.5,0.11630000174045563
YJL042W,YOR212W,0,-3.8841763,0.30048078298568726,0.5,0.11640000343322754
YNL019C,YAL062W,0,-3.8849254,0.3003003001213074,0.5,0.11649999767541885
YJR085C,YGR032W,0,-3.8858366,0.3001200556755066,0.5,0.11659999936819077
YGR044C,YNR071C,0,-3.8868673,0.2999400198459625,0.5,0.11670000106096268
YKL190W,YBR146W,0,-3.8877974,0.29976019263267517,0.5,0.11680000275373459
YLR158C,YBR097W,0,-3.8890295,0.29958057403564453,0.5,0.1168999969959259
YPL189C-A,YPL166W,0,-3.8893404,0.299401193857193,0.5,0.11699999868869781
YDL212W,YDL006W,0,-3.889595,0.29922202229499817,0.5,0.11710000038146973
YBR154C,YGR044C,0,-3.890062,0.29904305934906006,0.5,0.11720000207424164
YKL080W,YDR202C,1,-3.8903775,0.29946205019950867,0.5009999871253967,0.11720000207424164
YBR141C,YJR006W,0,-3.890467,0.29928314685821533,0.5009999871253967,0.11729999631643295
YNL111C,YDL137W,0,-3.890551,0.2991044819355011,0.5009999871253967,0.11739999800920486
YMR306W,YHL033C,0,-3.8909135,0.2989260256290436,0.5009999871253967,0.11749999970197678
YHR060W,YIL138C,1,-3.8911328,0.2993440628051758,0.5019999742507935,0.11749999970197678
YLR043C,YCL005W-A,1,-3.8912785,0.2997616231441498,0.503000020980835,0.11749999970197678
YBR109C,YDR202C,1,-3.891583,0.3001786768436432,0.5040000081062317,0.11749999970197678
YJR101W,YJL176C,0,-3.8930426,0.30000001192092896,0.5040000081062317,0.11760000139474869
YDR430C,YEL032W,0,-3.8930497,0.29982152581214905,0.5040000081062317,0.1177000030875206
YDR034W-B,YBR013C,0,-3.8936794,0.29964327812194824,0.5040000081062317,0.11779999732971191
YFL055W,YNL023C,0,-3.893764,0.29946523904800415,0.5040000081062317,0.11789999902248383
YGL022W,YDR484W,0,-3.8940191,0.2992874085903168,0.5040000081062317,0.11800000071525574
YOR226C,YGR024C,0,-3.8942378,0.2991097867488861,0.5040000081062317,0.11810000240802765
YEL051W,YHR174W,1,-3.8944283,0.29952549934387207,0.5049999952316284,0.11810000240802765
YNR032C-A,YFL027C,0,-3.8946805,0.29934796690940857,0.5049999952316284,0.11819999665021896
YCR053W,YGR080W,0,-3.8949122,0.2991706132888794,0.5049999952316284,0.11829999834299088
YPL092W,YMR210W,0,-3.8949203,0.2989934980869293,0.5049999952316284,0.11840000003576279
YJL207C,YIL033C,0,-3.8951879,0.2988165616989136,0.5049999952316284,0.1185000017285347
YPL215W,YHR021C,0,-3.8955245,0.29863986372947693,0.5049999952316284,0.11860000342130661
YDR080W,YER072W,1,-3.8959532,0.2990543842315674,0.5059999823570251,0.11860000342130661
YLL056C,YDL067C,0,-3.896009,0.2988777458667755,0.5059999823570251,0.11869999766349792
YPR061C,YDR243C,0,-3.8969343,0.29870128631591797,0.5059999823570251,0.11879999935626984
YGL105W,YDR501W,0,-3.896977,0.2985250651836395,0.5059999823570251,0.11890000104904175
YHL006C,YLR265C,0,-3.8970046,0.2983490526676178,0.5059999823570251,0.11900000274181366
YKR103W,YPR140W,0,-3.8974423,0.2981732487678528,0.5059999823570251,0.11909999698400497
YJL165C,YDR452W,0,-3.8975677,0.2979976534843445,0.5059999823570251,0.11919999867677689
YPR149W,YGR156W,0,-3.8977845,0.2978222370147705,0.5059999823570251,0.1193000003695488
YOR266W,YFL048C,0,-3.8984957,0.29764705896377563,0.5059999823570251,0.11940000206232071
YDL225W,YOR069W,0,-3.898805,0.2974720895290375,0.5059999823570251,0.11949999630451202
YDR108W,YNL258C,0,-3.8990636,0.29729729890823364,0.5059999823570251,0.11959999799728394
YOL086C,YIL124W,0,-3.9001079,0.2971227169036865,0.5059999823570251,0.11969999969005585
YJL127C-B,YOR084W,0,-3.9003882,0.2969483435153961,0.5059999823570251,0.11980000138282776
YLR353W,YER007C-A,0,-3.9008224,0.2967741787433624,0.5059999823570251,0.11990000307559967
YHR060W,YPL268W,1,-3.9009023,0.29718640446662903,0.5070000290870667,0.11990000307559967
YGL148W,YPR173C,0,-3.900946,0.2970122992992401,0.5070000290870667,0.11999999731779099
YLR237W,YDR155C,0,-3.9019148,0.2968384027481079,0.5070000290870667,0.1200999990105629
YNR022C,YNL159C,0,-3.9022503,0.2966647148132324,0.5070000290870667,0.12020000070333481
YGL108C,YOR339C,0,-3.9022913,0.29649123549461365,0.5070000290870667,0.12030000239610672
YOR390W,YGR049W,0,-3.9023795,0.2963179349899292,0.5070000290870667,0.12039999663829803
YKL056C,YPL271W,0,-3.9024425,0.29614487290382385,0.5070000290870667,0.12049999833106995
YNL255C,YOR083W,0,-3.9025788,0.29597198963165283,0.5070000290870667,0.12060000002384186
YNL031C,YDL144C,0,-3.9025843,0.29579928517341614,0.5070000290870667,0.12070000171661377
YGR028W,YHR184W,0,-3.9027736,0.29562681913375854,0.5070000290870667,0.12080000340938568
YJR026W,YMR200W,0,-3.9031992,0.2954545319080353,0.5070000290870667,0.120899997651577
YPR105C,YMR046C,0,-3.9034522,0.2952824831008911,0.5070000290870667,0.12099999934434891
YGL029W,YDR158W,0,-3.903521,0.2951105833053589,0.5070000290870667,0.12110000103712082
YCR100C,YJR096W,0,-3.904298,0.29493892192840576,0.5070000290870667,0.12120000272989273
YFR006W,YDR115W,0,-3.9044576,0.29476743936538696,0.5070000290870667,0.12129999697208405
YOR396W,YNL223W,0,-3.9044614,0.2945961654186249,0.5070000290870667,0.12139999866485596
YHR154W,YDR532C,0,-3.9049275,0.2944251000881195,0.5070000290870667,0.12150000035762787
YDL077C,YLR148W,1,-3.9050746,0.29483458399772644,0.5080000162124634,0.12150000035762787
YJR077C,YDR367W,0,-3.9058933,0.29466357827186584,0.5080000162124634,0.12160000205039978
YIL177C,YDR463W,0,-3.9059262,0.2944927513599396,0.5080000162124634,0.1216999962925911
YGL226W,YOR378W,0,-3.9060657,0.29432213306427,0.5080000162124634,0.121799997985363
YDR490C,YCR017C,0,-3.9061446,0.2941516935825348,0.5080000162124634,0.12189999967813492
YJR107W,YLR359W,0,-3.9065166,0.29398149251937866,0.5080000162124634,0.12200000137090683
YNR032C-A,YMR266W,0,-3.9068046,0.2938114404678345,0.5080000162124634,0.12210000306367874
YDR481C,YFL034W,0,-3.9078434,0.2936416268348694,0.5080000162124634,0.12219999730587006
YDR483W,YNL119W,0,-3.9079947,0.2934719920158386,0.5080000162124634,0.12229999899864197
YOR368W,YMR283C,0,-3.908254,0.2933025360107422,0.5080000162124634,0.12240000069141388
YOL053W,YBR210W,0,-3.9082806,0.29313328862190247,0.5080000162124634,0.12250000238418579
YHR039C-B,YIL048W,1,-3.9088316,0.29354095458984375,0.5090000033378601,0.12250000238418579
YOR063W,YDR229W,0,-3.9091177,0.2933717668056488,0.5090000033378601,0.1225999966263771
YJL115W,YFL048C,0,-3.9094625,0.2932027578353882,0.5090000033378601,0.12269999831914902
YIL093C,YBL026W,0,-3.9097438,0.2930339574813843,0.5090000033378601,0.12280000001192093
YLR461W,YGR207C,0,-3.9101458,0.2928653657436371,0.5090000033378601,0.12290000170469284
YMR289W,YMR205C,0,-3.910561,0.2926969528198242,0.5090000033378601,0.12300000339746475
YOL153C,YKL033W-A,0,-3.9106088,0.29252874851226807,0.5090000033378601,0.12309999763965607
YLR396C,YMR197C,1,-3.9111707,0.2929351031780243,0.5099999904632568,0.12309999763965607
YOR068C,YOR270C,1,-3.9111733,0.2933409810066223,0.5109999775886536,0.12309999763965607
YER165W,YER048W-A,0,-3.911565,0.293172687292099,0.5109999775886536,0.12319999933242798
YGL080W,YIL010W,0,-3.9116135,0.29300457239151,0.5109999775886536,0.12330000102519989
YLR259C,YIL122W,0,-3.9118843,0.29283666610717773,0.5109999775886536,0.1234000027179718
YPL002C,YJR126C,0,-3.9122715,0.2926689684391022,0.5109999775886536,0.12349999696016312
YML017W,YFL038C,0,-3.912415,0.29250141978263855,0.5109999775886536,0.12359999865293503
YHR214C-B,YJR111C,0,-3.9132648,0.29233410954475403,0.5109999775886536,0.12370000034570694
YJR103W,YGL257C,0,-3.9161775,0.29216694831848145,0.5109999775886536,0.12380000203847885
YGR138C,YDL176W,0,-3.9177048,0.2919999957084656,0.5109999775886536,0.12389999628067017
YPL084W,YKL028W,0,-3.9184504,0.2918332517147064,0.5109999775886536,0.12399999797344208
YER090W,YKR071C,0,-3.9187589,0.2916666567325592,0.5109999775886536,0.12409999966621399
YKL209C,YJL020C,0,-3.9188342,0.2915002703666687,0.5109999775886536,0.1242000013589859
YKL138C-A,YPR138C,0,-3.9189935,0.2913340926170349,0.5109999775886536,0.12430000305175781
YNL083W,YFL036W,0,-3.9195857,0.29116809368133545,0.5109999775886536,0.12439999729394913
YJR049C,YMR162C,0,-3.9197326,0.2910022735595703,0.5109999775886536,0.12449999898672104
YLL036C,YLR237W,0,-3.9197497,0.2908366620540619,0.5109999775886536,0.12460000067949295
YGL008C,YIL063C,0,-3.920037,0.2906712293624878,0.5109999775886536,0.12470000237226486
YCL001W-A,YHR007C,0,-3.920114,0.290505975484848,0.5109999775886536,0.12479999661445618
YOR369C,YNR007C,0,-3.9210153,0.2903409004211426,0.5109999775886536,0.12489999830722809
YIL078W,YPR127W,0,-3.921456,0.29017603397369385,0.5109999775886536,0.125
YKL207W,YDL176W,0,-3.9215536,0.29001134634017944,0.5109999775886536,0.1251000016927719
YDL243C,YOR240W,0,-3.9216104,0.28984683752059937,0.5109999775886536,0.12520000338554382
YDR381W,YLR045C,0,-3.9219174,0.289682537317276,0.5109999775886536,0.12530000507831573
YEL013W,YHR174W,1,-3.9220757,0.29008498787879944,0.5120000243186951,0.12530000507831573
YJR159W,YDR450W,0,-3.9223182,0.28992071747779846,0.5120000243186951,0.12540000677108765
YML125C,YCR076C,0,-3.9223924,0.2897566556930542,0.5120000243186951,0.12549999356269836
YLR121C,YJL127C,0,-3.9225705,0.28959277272224426,0.5120000243186951,0.12559999525547028
YDR385W,YKL210W,0,-3.9231453,0.28942906856536865,0.5120000243186951,0.1256999969482422
YGR209C,YLR148W,1,-3.9233284,0.2898305058479309,0.5130000114440918,0.1256999969482422
YKL167C,YER071C,0,-3.9239254,0.2896668612957001,0.5130000114440918,0.1257999986410141
YJL143W,YMR161W,0,-3.9247832,0.28950339555740356,0.5130000114440918,0.125900000333786
YML131W,YER056C,0,-3.9261634,0.2893401086330414,0.5130000114440918,0.12600000202655792
YKL003C,YIR033W,0,-3.9266346,0.2891770005226135,0.5130000114440918,0.12610000371932983
YDL185W,YCL005W-A,1,-3.9280844,0.289577454328537,0.5139999985694885,0.12610000371932983
YER094C,YLR138W,0,-3.9294965,0.2894144058227539,0.5139999985694885,0.12620000541210175
YBL102W,YKL164C,0,-3.929647,0.28925153613090515,0.5139999985694885,0.12630000710487366
YPL268W,YHR174W,1,-3.9298332,0.2896513044834137,0.5149999856948853,0.12630000710487366
YNL005C,YGL043W,0,-3.9310005,0.28948846459388733,0.5149999856948853,0.12639999389648438
YPL268W,YBR127C,1,-3.931014,0.2898876368999481,0.515999972820282,0.12639999389648438
YOL012C,YER127W,0,-3.9312186,0.2897248864173889,0.515999972820282,0.1264999955892563
YPL004C,YIL068C,0,-3.9313493,0.28956228494644165,0.515999972820282,0.1265999972820282
YOR386W,YNL027W,0,-3.9319057,0.2893998920917511,0.515999972820282,0.1266999989748001
YPL014W,YLR092W,0,-3.932391,0.2892376780509949,0.515999972820282,0.12680000066757202
YLR218C,YOR093C,0,-3.9324136,0.289075642824173,0.515999972820282,0.12690000236034393
YBR155W,YER067W,0,-3.934328,0.2889137864112854,0.515999972820282,0.12700000405311584
YGL226W,YHL037C,0,-3.9344573,0.28875210881233215,0.515999972820282,0.12710000574588776
YEL048C,YMR221C,0,-3.9356704,0.28859061002731323,0.515999972820282,0.12720000743865967
YHR026W,YPL019C,1,-3.9357526,0.28898826241493225,0.5170000195503235,0.12720000743865967
YER128W,YKL049C,0,-3.9373627,0.2888268232345581,0.5170000195503235,0.12729999423027039
YPR073C,YDR511W,0,-3.9374135,0.2886655628681183,0.5170000195503235,0.1273999959230423
YMR209C,YGL183C,0,-3.9376779,0.2885044515132904,0.5170000195503235,0.1274999976158142
YPR135W,YIL137C,0,-3.9378293,0.28834354877471924,0.5170000195503235,0.12759999930858612
YGR287C,YDR281C,0,-3.9378898,0.2881828248500824,0.5170000195503235,0.12770000100135803
YER073W,YPR173C,0,-3.9383593,0.2880222797393799,0.5170000195503235,0.12780000269412994
YCR034W,YKR083C,0,-3.9389982,0.2878619134426117,0.5170000195503235,0.12790000438690186
YDR027C,YML024W,0,-3.9396467,0.28770172595977783,0.5170000195503235,0.12800000607967377
YOR002W,YER070W,0,-3.9398122,0.2875417172908783,0.5170000195503235,0.12809999287128448
YGL018C,YPL062W,0,-3.9399796,0.2873818874359131,0.5170000195503235,0.1281999945640564
YHR060W,YBL050W,1,-3.9401166,0.28777778148651123,0.5180000066757202,0.1281999945640564
YPL230W,YIL083C,0,-3.9401388,0.2876179814338684,0.5180000066757202,0.1282999962568283
YJL196C,YFR031C,0,-3.940167,0.2874583899974823,0.5180000066757202,0.12839999794960022
YOR079C,YPL193W,0,-3.9403267,0.28729894757270813,0.5180000066757202,0.12849999964237213
YCL001W-A,YFR003C,0,-3.940741,0.2871396839618683,0.5180000066757202,0.12860000133514404
YDR034C,YGR094W,0,-3.9418676,0.28698059916496277,0.5180000066757202,0.12870000302791595
YAR020C,YGR007W,0,-3.9420755,0.2868216931819916,0.5180000066757202,0.12880000472068787
YKL126W,YFL048C,0,-3.9425764,0.2866629660129547,0.5180000066757202,0.12890000641345978
YNR027W,YJL046W,0,-3.9439616,0.2865044176578522,0.5180000066757202,0.1289999932050705
YDR261W-A,YOR210W,0,-3.944207,0.28634604811668396,0.5180000066757202,0.1290999948978424
YOR028C,YNL010W,0,-3.9442604,0.2861878573894501,0.5180000066757202,0.12919999659061432
YIR018W,YNL046W,0,-3.9448478,0.2860298156738281,0.5180000066757202,0.12929999828338623
YFL025C,YER052C,0,-3.946669,0.2858719527721405,0.5180000066757202,0.12939999997615814
YHR138C,YKR007W,1,-3.9473398,0.28626585006713867,0.5189999938011169,0.12939999997615814
YBL005W-B,YGR161W-B,0,-3.947511,0.2861080467700958,0.5189999938011169,0.12950000166893005
YDR062W,YML098W,0,-3.947871,0.2859504222869873,0.5189999938011169,0.12960000336170197
YGL151W,YHR001W-A,0,-3.9481263,0.2857929468154907,0.5189999938011169,0.12970000505447388
YGL108C,YEL049W,0,-3.9481597,0.28563565015792847,0.5189999938011169,0.1298000067472458
YDR476C,YBL052C,0,-3.948584,0.2854785621166229,0.5189999938011169,0.1298999935388565
YLL064C,YPL083C,0,-3.948701,0.28532159328460693,0.5189999938011169,0.12999999523162842
YNL003C,YOR080W,0,-3.9487784,0.28516483306884766,0.5189999938011169,0.13009999692440033
YCL062W,YBR080C,1,-3.9489226,0.2855573892593384,0.5199999809265137,0.13009999692440033
YDR017C,YKL051W,1,-3.9494174,0.2859494984149933,0.5210000276565552,0.13009999692440033
YPR158C-D,YDR365W-B,0,-3.9501143,0.28579264879226685,0.5210000276565552,0.13019999861717224
YJR152W,YFR018C,0,-3.9501255,0.28563597798347473,0.5210000276565552,0.13030000030994415
YHR198C,YJL166W,0,-3.9510283,0.28547945618629456,0.5210000276565552,0.13040000200271606
YLR337W,YOL086C,0,-3.9511645,0.2853231132030487,0.5210000276565552,0.13050000369548798
YDR373W,YBL091C-A,0,-3.9520826,0.2851669490337372,0.5210000276565552,0.1306000053882599
YPL148C,YKL090W,0,-3.9523053,0.2850109338760376,0.5210000276565552,0.1307000070810318
YNL079C,YHR138C,1,-3.9536707,0.285401850938797,0.5220000147819519,0.1307000070810318
YDR512C,YOR080W,0,-3.9539232,0.2852458953857422,0.5220000147819519,0.13079999387264252
YBL013W,YER089C,0,-3.954011,0.2850901186466217,0.5220000147819519,0.13089999556541443
YMR122W-A,YIR028W,0,-3.9541702,0.28493449091911316,0.5220000147819519,0.13099999725818634
YBR181C,YCR020W-B,0,-3.9542844,0.28477904200553894,0.5220000147819519,0.13109999895095825
YPL081W,YJR068W,0,-3.954377,0.28462377190589905,0.5220000147819519,0.13120000064373016
YMR218C,YOR109W,0,-3.954405,0.2844686508178711,0.5220000147819519,0.13130000233650208
YBR290W,YJR017C,0,-3.9550738,0.28431373834609985,0.5220000147819519,0.131400004029274
YAL015C,YFR051C,0,-3.955167,0.28415894508361816,0.5220000147819519,0.1315000057220459
YOL089C,YBR010W,0,-3.9553955,0.2840043604373932,0.5220000147819519,0.1316000074148178
YLL066C,YLR025W,0,-3.9556012,0.28384992480278015,0.5220000147819519,0.13169999420642853
YBR035C,YGR132C,0,-3.9564238,0.28369563817977905,0.5220000147819519,0.13179999589920044
YML008C,YMR035W,0,-3.9569492,0.28354156017303467,0.5220000147819519,0.13189999759197235
YPR149W,YOR189W,0,-3.9570358,0.2833876311779022,0.5220000147819519,0.13199999928474426
YOR122C,YMR096W,0,-3.9571958,0.2832338511943817,0.5220000147819519,0.13210000097751617
YOR195W,YMR251W-A,0,-3.9578345,0.28308025002479553,0.5220000147819519,0.13220000267028809
YDR078C,YCR069W,0,-3.9582696,0.2829268276691437,0.5220000147819519,0.13230000436306
YDR248C,YFL002W-A,0,-3.9584851,0.28277355432510376,0.5220000147819519,0.1324000060558319
YGL095C,YDR065W,1,-3.9591813,0.28316187858581543,0.5230000019073486,0.1324000060558319
YDR079C-A,YDR182W,0,-3.9594686,0.2830086648464203,0.5230000019073486,0.13249999284744263
YDR180W,YLR163C,0,-3.9598842,0.2828556001186371,0.5230000019073486,0.13259999454021454
YDR034C-D,YDR099W,0,-3.96043,0.2827027142047882,0.5230000019073486,0.13269999623298645
YPR198W,YDR049W,0,-3.9604983,0.28254997730255127,0.5230000019073486,0.13279999792575836
YDR530C,YOR251C,0,-3.9605799,0.28239741921424866,0.5230000019073486,0.13289999961853027
YGL085W,YHR028C,0,-3.9613972,0.282245010137558,0.5230000019073486,0.13300000131130219
YJL127C-B,YPL133C,0,-3.9616215,0.28209277987480164,0.5230000019073486,0.1331000030040741
YJL052W,YEL063C,0,-3.961782,0.2819406986236572,0.5230000019073486,0.133200004696846
YOR127W,YHR045W,0,-3.9619262,0.28178879618644714,0.5230000019073486,0.13330000638961792
YNL090W,YIL043C,0,-3.9623127,0.281637042760849,0.5230000019073486,0.13339999318122864
YLR085C,YHR097C,0,-3.962381,0.2814854681491852,0.5230000019073486,0.13349999487400055
YNL005C,YBR100W,0,-3.962494,0.2813340425491333,0.5230000019073486,0.13359999656677246
YJR033C,YCL005W-A,1,-3.9641192,0.28172042965888977,0.5239999890327454,0.13359999656677246
YGR029W,YJR126C,0,-3.9652848,0.28156906366348267,0.5239999890327454,0.13369999825954437
YDL109C,YER159C,0,-3.9660106,0.2814178168773651,0.5239999890327454,0.13379999995231628
YDR377W,YAR002C-A,0,-3.9660153,0.2812667787075043,0.5239999890327454,0.1339000016450882
YJR033C,YDR328C,1,-3.9667284,0.2816523611545563,0.5249999761581421,0.1339000016450882
YER159C-A,YLR069C,0,-3.9669085,0.2815013527870178,0.5249999761581421,0.1340000033378601
YGR231C,YLR050C,0,-3.9670181,0.2813504934310913,0.5249999761581421,0.13410000503063202
YLR035C-A,YDR493W,0,-3.9672737,0.28119978308677673,0.5249999761581421,0.13420000672340393
YLR429W,YLR244C,0,-3.967834,0.2810492515563965,0.5249999761581421,0.13429999351501465
YER128W,YOR343W-B,0,-3.968722,0.2808988690376282,0.5249999761581421,0.13439999520778656
YDR424C,YKL162C,0,-3.9688509,0.2807486653327942,0.5249999761581421,0.13449999690055847
YHR162W,YDL088C,0,-3.9690733,0.28059861063957214,0.5249999761581421,0.13459999859333038
YDR479C,YGR161C-D,0,-3.9694996,0.28044870495796204,0.5249999761581421,0.1347000002861023
YCL005W-A,YDR456W,1,-3.9709196,0.2808328866958618,0.5260000228881836,0.1347000002861023
YPL007C,YLL024C,0,-3.9713626,0.2806830406188965,0.5260000228881836,0.1348000019788742
YOR022C,YFL041W,0,-3.9714007,0.2805333435535431,0.5260000228881836,0.13490000367164612
YMR113W,YIL015W,0,-3.9715219,0.28038379549980164,0.5260000228881836,0.13500000536441803
YBR240C,YNL183C,0,-3.9720197,0.2802344262599945,0.5260000228881836,0.13510000705718994
YOL006C,YKL135C,0,-3.9733105,0.2800852060317993,0.5260000228881836,0.13519999384880066
YOR343W-A,YLR205C,0,-3.9737754,0.27993613481521606,0.5260000228881836,0.13529999554157257
YDL063C,YOL086C,0,-3.9738097,0.27978724241256714,0.5260000228881836,0.13539999723434448
YML017W,YDR392W,0,-3.9743962,0.27963849902153015,0.5260000228881836,0.1354999989271164
YFR024C-A,YMR275C,0,-3.974578,0.2794899046421051,0.5260000228881836,0.1356000006198883
YJR095W,YDR383C,0,-3.975039,0.2793414890766144,0.5260000228881836,0.13570000231266022
YPL257W-B,YPR158W-B,0,-3.975174,0.2791931927204132,0.5260000228881836,0.13580000400543213
YKL080W,YBL050W,1,-3.9756231,0.2795755863189697,0.5270000100135803,0.13580000400543213
YGL114W,YDR397C,0,-3.9759223,0.27942734956741333,0.5270000100135803,0.13590000569820404
YGL261C,YLR055C,0,-3.9759336,0.27927929162979126,0.5270000100135803,0.13600000739097595
YMR125W,YKR099C-A,0,-3.9761176,0.27913135290145874,0.5270000100135803,0.13609999418258667
YOR343W-A,YPL232W,0,-3.9766707,0.27898359298706055,0.5270000100135803,0.13619999587535858
YEL020C,YOR339C,0,-3.9768972,0.2788359820842743,0.5270000100135803,0.1362999975681305
YKL092C,YGR127W,0,-3.9790878,0.2786885201931,0.5270000100135803,0.1363999992609024
YFR007W,YOR292C,0,-3.9796336,0.27854123711586,0.5270000100135803,0.13650000095367432
YML131W,YOR092W,0,-3.9803233,0.27839407324790955,0.5270000100135803,0.13660000264644623
YPL174C,YOR153W,0,-3.980707,0.27824708819389343,0.5270000100135803,0.13670000433921814
YPR196W,YDR034C-C,0,-3.9807782,0.27810025215148926,0.5270000100135803,0.13680000603199005
YNL015W,YMR197C,1,-3.9809163,0.27848100662231445,0.527999997138977,0.13680000603199005
YNL066W,YLR321C,0,-3.981998,0.27833420038223267,0.527999997138977,0.13689999282360077
YDR208W,YDR511W,0,-3.9820647,0.2781875729560852,0.527999997138977,0.13699999451637268
YPL237W,YFL027C,0,-3.9824717,0.2780410647392273,0.527999997138977,0.1370999962091446
YOR016C,YGR033C,0,-3.9828,0.2778947353363037,0.527999997138977,0.1371999979019165
YDR394W,YOL049W,0,-3.9828372,0.27774855494499207,0.527999997138977,0.13729999959468842
YDR485C,YOL103W-B,0,-3.9831495,0.27760252356529236,0.527999997138977,0.13740000128746033
YLR190W,YFL033C,0,-3.9844813,0.2774566411972046,0.527999997138977,0.13750000298023224
YCL062W,YMR197C,1,-3.9849937,0.2778361439704895,0.5289999842643738,0.13750000298023224
YMR156C,YGR218W,0,-3.9850667,0.2776902914047241,0.5289999842643738,0.13760000467300415
YHR033W,YFL061W,0,-3.9857254,0.2775445878505707,0.5289999842643738,0.13770000636577606
YKL051W,YPL019C,1,-3.9859388,0.27792343497276306,0.5299999713897705,0.13770000636577606
YDL078C,YHR123W,0,-3.986686,0.2777777910232544,0.5299999713897705,0.13779999315738678
YEL013W,YLR043C,1,-3.986743,0.2781561017036438,0.531000018119812,0.13779999315738678
YLR316C,YIL168W,0,-3.9871066,0.27801045775413513,0.531000018119812,0.1378999948501587
YJL010C,YPR042C,0,-3.9872172,0.2778649926185608,0.531000018119812,0.1379999965429306
YCL038C,YBR108W,0,-3.9882157,0.2777196764945984,0.531000018119812,0.13809999823570251
YMR041C,YLR347C,0,-3.990661,0.27757447957992554,0.531000018119812,0.13819999992847443
YML008C,YKR054C,0,-3.9908235,0.277429461479187,0.531000018119812,0.13830000162124634
YGR203W,YCR008W,0,-3.991561,0.2772845923900604,0.531000018119812,0.13840000331401825
YCR030C,YOL098C,0,-3.9916253,0.2771398723125458,0.531000018119812,0.13850000500679016
YCR097W,YDL134C-A,0,-3.9926991,0.27699530124664307,0.531000018119812,0.13860000669956207
YJR014W,YPR158W-A,0,-3.992957,0.2768508791923523,0.531000018119812,0.1386999934911728
YFL016C,YGL085W,0,-3.9933233,0.27670660614967346,0.531000018119812,0.1387999951839447
YDL174C,YPR122W,0,-3.993508,0.27656251192092896,0.531000018119812,0.1388999968767166
YDR411C,YER076C,0,-3.9937673,0.276418536901474,0.531000018119812,0.13899999856948853
YOR224C,YPR137C-A,0,-3.9938092,0.276274710893631,0.531000018119812,0.13910000026226044
YMR088C,YCR027C,0,-3.9941804,0.2761310338973999,0.531000018119812,0.13920000195503235
YCR053W,YNL076W,0,-3.9942396,0.27598753571510315,0.531000018119812,0.13930000364780426
YAL044C,YML121W,0,-3.9949918,0.27584415674209595,0.531000018119812,0.13940000534057617
YOR288C,YMR073C,0,-3.995175,0.2757009267807007,0.531000018119812,0.13950000703334808
YDR438W,YDR168W,0,-3.995346,0.27555787563323975,0.531000018119812,0.1395999938249588
YOL148C,YCR084C,0,-3.995434,0.27541494369506836,0.531000018119812,0.1396999955177307
YLR132C,YKL020C,0,-3.995618,0.2752721607685089,0.531000018119812,0.13979999721050262
YMR263W,YGR033C,0,-3.9957387,0.2751295268535614,0.531000018119812,0.13989999890327454
YPL015C,YPL091W,0,-3.9963305,0.27498704195022583,0.531000018119812,0.14000000059604645
YHL030W,YPR158W,0,-3.996748,0.2748447060585022,0.531000018119812,0.14010000228881836
YNL294C,YPL081W,0,-3.9969592,0.2747025489807129,0.531000018119812,0.14020000398159027
YLR337W,YIL097W,0,-3.9974136,0.27456051111221313,0.531000018119812,0.14030000567436218
YLR186W,YLR143W,0,-3.9975388,0.27441859245300293,0.531000018119812,0.1404000073671341
YBR080C,YLR240W,1,-3.9979634,0.2747933864593506,0.5320000052452087,0.1404000073671341
YBR162W-A,YLL002W,0,-3.9981277,0.27465152740478516,0.5320000052452087,0.1404999941587448
YDR075W,YGR157W,0,-3.998557,0.27450981736183167,0.5320000052452087,0.14059999585151672
YJL090C,YCL030C,0,-3.999254,0.2743682265281677,0.5320000052452087,0.14069999754428864
YBR084C-A,YDL018C,0,-3.9998193,0.2742268145084381,0.5320000052452087,0.14079999923706055
YGL013C,YDR424C,0,-3.9998195,0.27408552169799805,0.5320000052452087,0.14090000092983246
YEL013W,YHR039C-B,1,-4.000297,0.2744593322277069,0.5329999923706055,0.14090000092983246
YJL151C,YBR125C,0,-4.000499,0.27431806921958923,0.5329999923706055,0.14100000262260437
YER106W,YBR169C,0,-4.000511,0.2741769552230835,0.5329999923706055,0.14110000431537628
YGR074W,YDR063W,0,-4.000611,0.2740359902381897,0.5329999923706055,0.1412000060081482
YLR272C,YOL086C,0,-4.0006495,0.27389517426490784,0.5329999923706055,0.1412999927997589
YLR436C,YMR125W,0,-4.000881,0.2737545073032379,0.5329999923706055,0.14139999449253082
YEL061C,YLR227W-A,0,-4.001266,0.27361395955085754,0.5329999923706055,0.14149999618530273
YJL117W,YKL008C,0,-4.0013437,0.2734735906124115,0.5329999923706055,0.14159999787807465
YPR158W-B,YPL203W,0,-4.001479,0.273333340883255,0.5329999923706055,0.14169999957084656
YER106W,YBL039W-B,0,-4.001578,0.27319324016571045,0.5329999923706055,0.14180000126361847
YGL261C,YJL142C,0,-4.0016484,0.27305328845977783,0.5329999923706055,0.14190000295639038
YGR172C,YDR503C,0,-4.001652,0.27291345596313477,0.5329999923706055,0.1420000046491623
YDL134C,YMR204C,0,-4.0019803,0.272773802280426,0.5329999923706055,0.1421000063419342
YHL009W-B,YLR172C,0,-4.0022597,0.27263426780700684,0.5329999923706055,0.14219999313354492
YBR094W,YDR237W,0,-4.003253,0.2724948823451996,0.5329999923706055,0.14229999482631683
YDR067C,YGR094W,0,-4.0033917,0.2723556458950043,0.5329999923706055,0.14239999651908875
YNL217W,YDR365W-B,0,-4.0034676,0.2722165584564209,0.5329999923706055,0.14249999821186066
YLR335W,YHL044W,0,-4.0036564,0.2720775902271271,0.5329999923706055,0.14259999990463257
YKL126W,YBR276C,0,-4.0041866,0.2719387710094452,0.5329999923706055,0.14270000159740448
YPR158C-C,YDL015C,0,-4.0046034,0.27180010080337524,0.5329999923706055,0.1428000032901764
YKL186C,YFR024C-A,0,-4.0047636,0.27166157960891724,0.5329999923706055,0.1429000049829483
YJL012C-A,YBR127C,1,-4.0047784,0.27203258872032166,0.5339999794960022,0.1429000049829483
YCR017C,YER147C,0,-4.0049176,0.27189409732818604,0.5339999794960022,0.14300000667572021
YHR113W,YLR188W,0,-4.0049267,0.27175572514533997,0.5339999794960022,0.14309999346733093
YPL266W,YDR319C,0,-4.0050707,0.27161750197410583,0.5339999794960022,0.14319999516010284
YGR109W-B,YKL194C,0,-4.005314,0.27147939801216125,0.5339999794960022,0.14329999685287476
YKL103C,YNL258C,0,-4.005387,0.271341472864151,0.5339999794960022,0.14339999854564667
YHR060W,YMR197C,1,-4.0054426,0.271711528301239,0.5350000262260437,0.14339999854564667
YOL103W-B,YER173W,0,-4.005527,0.27157360315322876,0.5350000262260437,0.14350000023841858
YOR081C,YMR279C,0,-4.0062094,0.27143582701683044,0.5350000262260437,0.1436000019311905
YDR100W,YHL012W,0,-4.00626,0.2712981700897217,0.5350000262260437,0.1437000036239624
YJL012C-A,YMR197C,1,-4.006777,0.2716675102710724,0.5360000133514404,0.1437000036239624
YJR033C,YLR148W,1,-4.0068374,0.27203646302223206,0.5370000004768372,0.1437000036239624
YBL092W,YLR008C,0,-4.0088863,0.2718987464904785,0.5370000004768372,0.14380000531673431
YKL117W,YNL218W,0,-4.009028,0.27176111936569214,0.5370000004768372,0.14390000700950623
YDR034C-D,YIL147C,0,-4.0091486,0.2716236710548401,0.5370000004768372,0.14399999380111694
YDR316W-B,YIL087C,0,-4.010001,0.2714863419532776,0.5370000004768372,0.14409999549388885
YEL013W,YLR396C,1,-4.010022,0.2718544602394104,0.5379999876022339,0.14409999549388885
YPR137C-A,YMR014W,0,-4.010143,0.2717171609401703,0.5379999876022339,0.14419999718666077
YJL056C,YKL033W-A,0,-4.0102563,0.2715800106525421,0.5379999876022339,0.14429999887943268
YHR183W,YNL246W,0,-4.0102983,0.2714429795742035,0.5379999876022339,0.1444000005722046
YOL103W-B,YPL110C,0,-4.010356,0.2713060975074768,0.5379999876022339,0.1445000022649765
YLL039C,YHR020W,0,-4.010517,0.27116936445236206,0.5379999876022339,0.1446000039577484
YHR026W,YDR080W,1,-4.0105953,0.27153652906417847,0.5389999747276306,0.1446000039577484
YLR126C,YDR284C,0,-4.010924,0.2713997960090637,0.5389999747276306,0.14470000565052032
YNL086W,YOR162C,0,-4.0109587,0.2712632119655609,0.5389999747276306,0.14480000734329224
YDR441C,YDR237W,0,-4.011245,0.27112674713134766,0.5389999747276306,0.14489999413490295
YNL305C,YDL211C,0,-4.01175,0.2709904611110687,0.5389999747276306,0.14499999582767487
YPL072W,YOR243C,0,-4.0123096,0.27085426449775696,0.5389999747276306,0.14509999752044678
YPL257W-B,YOL059W,0,-4.0124154,0.2707182466983795,0.5389999747276306,0.1451999992132187
YKL088W,YLR307W,0,-4.0129986,0.27058231830596924,0.5389999747276306,0.1453000009059906
YKL167C,YGL147C,0,-4.0132523,0.2704465687274933,0.5389999747276306,0.1454000025987625
YPL096C-A,YNL093W,0,-4.013467,0.2703109383583069,0.5389999747276306,0.14550000429153442
YDL064W,YEL040W,0,-4.0135317,0.27017542719841003,0.5389999747276306,0.14560000598430634
YBR111W-A,YCR104W,0,-4.01537,0.2700400948524475,0.5389999747276306,0.14569999277591705
YAL041W,YGR161C-C,0,-4.015398,0.26990485191345215,0.5389999747276306,0.14579999446868896
YDR064W,YPR200C,0,-4.0158496,0.2697697579860687,0.5389999747276306,0.14589999616146088
YGL031C,YDL159W,0,-4.016094,0.26963481307029724,0.5389999747276306,0.1459999978542328
YGL012W,YMR075W,0,-4.016363,0.2694999873638153,0.5389999747276306,0.1460999995470047
YMR115W,YHR179W,0,-4.0165286,0.2693653106689453,0.5389999747276306,0.1462000012397766
YBR044C,YNL067W,0,-4.01733,0.26923078298568726,0.5389999747276306,0.14630000293254852
YNL279W,YGR207C,0,-4.017459,0.26909634470939636,0.5389999747276306,0.14640000462532043
YGL147C,YPR173C,0,-4.017816,0.2689620852470398,0.5389999747276306,0.14650000631809235
YDR011W,YOL112W,0,-4.017878,0.2688279449939728,0.5389999747276306,0.14659999310970306
YDR080W,YCL005W-A,1,-4.0179124,0.2691924273967743,0.5400000214576721,0.14659999310970306
YEL013W,YCL005W-A,1,-4.018039,0.26955655217170715,0.5410000085830688,0.14659999310970306
YER094C,YKL181W,0,-4.0186896,0.269422322511673,0.5410000085830688,0.14669999480247498
YPR113W,YPR147C,0,-4.0187054,0.26928821206092834,0.5410000085830688,0.1467999964952469
YHR203C,YDR160W,0,-4.0187845,0.26915422081947327,0.5410000085830688,0.1468999981880188
YMR043W,YBR269C,0,-4.0188184,0.2690203785896301,0.5410000085830688,0.1469999998807907
YKL128C,YDR138W,0,-4.019079,0.2688866853713989,0.5410000085830688,0.14710000157356262
YGR287C,YBL059C-A,0,-4.019651,0.2687531113624573,0.5410000085830688,0.14720000326633453
YBL038W,YLR173W,0,-4.0197067,0.2686196565628052,0.5410000085830688,0.14730000495910645
YDR017C,YCL062W,1,-4.0201693,0.2689826190471649,0.5419999957084656,0.14730000495910645
YER059W,YHR147C,0,-4.020524,0.2688491940498352,0.5419999957084656,0.14740000665187836
YMR006C,YNL180C,0,-4.0205317,0.26871591806411743,0.5419999957084656,0.14749999344348907
YHR039C-B,YOR326W,1,-4.021045,0.2690782845020294,0.5429999828338623,0.14749999344348907
YGR016W,YDR532C,0,-4.0212636,0.26894500851631165,0.5429999828338623,0.147599995136261
YBR022W,YDR028C,0,-4.022102,0.2688118815422058,0.5429999828338623,0.1476999968290329
YBR298C,YCR087C-A,0,-4.022682,0.2686788737773895,0.5429999828338623,0.1477999985218048
YHL042W,YFL050C,0,-4.0228043,0.2685459852218628,0.5429999828338623,0.14790000021457672
YGR020C,YDR065W,1,-4.022991,0.2689075767993927,0.5440000295639038,0.14790000021457672
YDR457W,YJL187C,0,-4.023121,0.26877471804618835,0.5440000295639038,0.14800000190734863
YER160C,YMR182C,0,-4.0235977,0.26864197850227356,0.5440000295639038,0.14810000360012054
YOL053C-A,YNL192W,0,-4.0238986,0.2685093879699707,0.5440000295639038,0.14820000529289246
YMR325W,YPL235W,0,-4.0240626,0.2683769166469574,0.5440000295639038,0.14830000698566437
YFL051C,YBR016W,0,-4.0241523,0.26824456453323364,0.5440000295639038,0.14839999377727509
YHR146W,YDR063W,0,-4.024213,0.2681123614311218,0.5440000295639038,0.148499995470047
YPR191W,YGR285C,0,-4.024412,0.26798030734062195,0.5440000295639038,0.1485999971628189
YHR053C,YLR042C,0,-4.024922,0.26784834265708923,0.5440000295639038,0.14869999885559082
YJL207C,YEL065W,0,-4.0250807,0.26771652698516846,0.5440000295639038,0.14880000054836273
YCR097WB,YGL089C,0,-4.0252323,0.2675848603248596,0.5440000295639038,0.14890000224113464
YFR049W,YDR316W-B,0,-4.0254107,0.26745328307151794,0.5440000295639038,0.14900000393390656
YOL103W-B,YGL185C,0,-4.0255527,0.2673218548297882,0.5440000295639038,0.14910000562667847
YEL027W,YPL019C,1,-4.02614,0.26768171787261963,0.5450000166893005,0.14910000562667847
YDL126C,YPR003C,0,-4.027368,0.2675503194332123,0.5450000166893005,0.14920000731945038
YGL105W,YBR268W,0,-4.0277863,0.2674190402030945,0.5450000166893005,0.1492999941110611
YBR035C,YNL087W,0,-4.0280404,0.26728788018226624,0.5450000166893005,0.149399995803833
YGR108W,YDR034W-B,0,-4.028606,0.2671568691730499,0.5450000166893005,0.14949999749660492
YDL005C,YDR525W-A,0,-4.0286736,0.26702597737312317,0.5450000166893005,0.14959999918937683
YOR192C-A,YKL149C,0,-4.028677,0.26689520478248596,0.5450000166893005,0.14970000088214874
YFR005C,YPL231W,0,-4.0287666,0.2667645514011383,0.5450000166893005,0.14980000257492065
YJR109C,YNL310C,0,-4.028946,0.2666340470314026,0.5450000166893005,0.14990000426769257
YDR495C,YCL062W,1,-4.029273,0.2669926583766937,0.5460000038146973,0.14990000426769257
YLR301W,YML042W,0,-4.029341,0.2668621838092804,0.5460000038146973,0.15000000596046448
YBR221C,YHR091C,0,-4.029423,0.26673179864883423,0.5460000038146973,0.1500999927520752
YDR282C,YGR106C,0,-4.029571,0.2666015625,0.5460000038146973,0.1501999944448471
YPL081W,YNR071C,0,-4.0296745,0.2664714455604553,0.5460000038146973,0.15029999613761902
YGR206W,YEL042W,0,-4.029916,0.2663414776325226,0.5460000038146973,0.15039999783039093
YOR270C,YCL005W-A,1,-4.0300035,0.2666991651058197,0.546999990940094,0.15039999783039093
YPL060C-A,YHR072W,0,-4.030097,0.26656919717788696,0.546999990940094,0.15049999952316284
YDR034C-D,YBR067C,0,-4.030239,0.2664393484592438,0.546999990940094,0.15060000121593475
YDR079C-A,YOL009C,0,-4.0304384,0.2663096487522125,0.546999990940094,0.15070000290870667
YCL032W,YLR440C,0,-4.0305514,0.26618003845214844,0.546999990940094,0.15080000460147858
YHR039C-B,YPL268W,1,-4.030566,0.2665369510650635,0.5479999780654907,0.15080000460147858
YDL061C,YJR034W,0,-4.030704,0.26640740036964417,0.5479999780654907,0.1509000062942505
YNL323W,YJL054W,0,-4.0307717,0.266277939081192,0.5479999780654907,0.1509999930858612
YFL018W-A,YEL069C,0,-4.0309896,0.2661486268043518,0.5479999780654907,0.15109999477863312
YML070W,YER124C,0,-4.030999,0.26601940393447876,0.5479999780654907,0.15119999647140503
YLR401C,YNL200C,0,-4.031363,0.26589033007621765,0.5479999780654907,0.15129999816417694
YER159C,YFL034C-B,0,-4.031384,0.2657614052295685,0.5479999780654907,0.15139999985694885
YMR117C,YNR040W,0,-4.031445,0.2656325697898865,0.5479999780654907,0.15150000154972076
YBR282W,YGL105W,0,-4.0315247,0.2655038833618164,0.5479999780654907,0.15160000324249268
YDR495C,YBR109C,1,-4.0316687,0.26585957407951355,0.5490000247955322,0.15160000324249268
YIL043C,YML009C,0,-4.031814,0.2657308876514435,0.5490000247955322,0.1517000049352646
YOR142W-A,YDR325W,0,-4.0318327,0.26560232043266296,0.5490000247955322,0.1518000066280365
YDR071C,YPR194C,0,-4.031862,0.2654739022254944,0.5490000247955322,0.15189999341964722
YLR450W,YGL116W,0,-4.0320954,0.26534557342529297,0.5490000247955322,0.15199999511241913
YPR007C,YKL139W,0,-4.0327773,0.2652173936367035,0.5490000247955322,0.15209999680519104
YJR028W,YGR161C-C,0,-4.033098,0.26508933305740356,0.5490000247955322,0.15219999849796295
YPR158W-B,YDR204W,0,-4.033415,0.2649613916873932,0.5490000247955322,0.15230000019073486
YCR005C,YPR042C,0,-4.0334764,0.26483356952667236,0.5490000247955322,0.15240000188350677
YMR134W,YGL009C,0,-4.033875,0.2647058963775635,0.5490000247955322,0.1525000035762787
YML071C,YML009C,0,-4.034223,0.26457831263542175,0.5490000247955322,0.1526000052690506
YIL134W,YFL048C,0,-4.034281,0.26445087790489197,0.5490000247955322,0.1527000069618225
YLR262C,YJL094C,0,-4.034705,0.26432353258132935,0.5490000247955322,0.15279999375343323
YML041C,YER074W,0,-4.0351186,0.26419633626937866,0.5490000247955322,0.15289999544620514
YLL035W,YFR041C,0,-4.0356374,0.26406925916671753,0.5490000247955322,0.15299999713897705
YPR159W,YNL261W,0,-4.0357895,0.26394230127334595,0.5490000247955322,0.15309999883174896
YPR158C-C,YEL061C,0,-4.035867,0.2638154625892639,0.5490000247955322,0.15320000052452087
YAL008W,YJL187C,0,-4.036336,0.2636887729167938,0.5490000247955322,0.15330000221729279
YDR265W,YLR204W,0,-4.036806,0.2635621726512909,0.5490000247955322,0.1534000039100647
YCL062W,YLR240W,1,-4.0380836,0.2639155387878418,0.550000011920929,0.1534000039100647
YJR084W,YER066W,0,-4.038085,0.26378896832466125,0.550000011920929,0.1535000056028366
YPR003C,YGL194C,0,-4.038094,0.26366251707077026,0.550000011920929,0.15360000729560852
YOR319W,YBR297W,0,-4.038252,0.2635361850261688,0.550000011920929,0.15369999408721924
YDR088C,YER005W,0,-4.039138,0.26340997219085693,0.550000011920929,0.15379999577999115
YMR218C,YDR418W,0,-4.039183,0.2632838785648346,0.550000011920929,0.15389999747276306
YBR035C,YNL086W,0,-4.039238,0.2631579041481018,0.550000011920929,0.15399999916553497
YAR015W,YDL006W,0,-4.040022,0.26303204894065857,0.550000011920929,0.15410000085830688
YDR210C-D,YGL170C,0,-4.0400705,0.2629063129425049,0.550000011920929,0.1542000025510788
YDL018C,YBR221C,0,-4.0408487,0.26278069615364075,0.550000011920929,0.1543000042438507
YMR129W,YHL030W,0,-4.041418,0.26265519857406616,0.550000011920929,0.15440000593662262
YDR508C,YBR241C,0,-4.041564,0.26252982020378113,0.550000011920929,0.15449999272823334
YEL027W,YCL005W-A,1,-4.0415792,0.26288166642189026,0.5509999990463257,0.15449999272823334
YPL241C,YMR221C,0,-4.0416183,0.2627563178539276,0.5509999990463257,0.15459999442100525
YPR132W,YPL154C,0,-4.0418687,0.2626310884952545,0.5509999990463257,0.15469999611377716
YDR473C,YJR028W,0,-4.0419064,0.2625059485435486,0.5509999990463257,0.15479999780654907
YLR069C,YDR541C,0,-4.0419774,0.2623809576034546,0.5509999990463257,0.15489999949932098
YCR096C,YGR038C-B,0,-4.042124,0.26225605607032776,0.5509999990463257,0.1550000011920929
YDR103W,YGR027W-B,0,-4.042206,0.26213130354881287,0.5509999990463257,0.1551000028848648
YGL120C,YBL033C,0,-4.0422134,0.2620066702365875,0.5509999990463257,0.15520000457763672
YBR229C,YPR204W,0,-4.042248,0.26188212633132935,0.5509999990463257,0.15530000627040863
YOR075W,YJL083W,0,-4.0426707,0.2617577314376831,0.5509999990463257,0.15539999306201935
YDL025C,YJL140W,0,-4.0428495,0.26163342595100403,0.5509999990463257,0.15549999475479126
YDL104C,YNR047W,0,-4.043015,0.2615092694759369,0.5509999990463257,0.15559999644756317
YDL134C,YDL141W,0,-4.043058,0.2613852024078369,0.5509999990463257,0.15569999814033508
YPL117C,YML038C,0,-4.0435004,0.2612612545490265,0.5509999990463257,0.155799999833107
YLR044C,YDR377W,0,-4.044296,0.2611374258995056,0.5509999990463257,0.1559000015258789
YOL078W,YMR085W,0,-4.0457683,0.2610137462615967,0.5509999990463257,0.15600000321865082
YEL068C,YPL055C,0,-4.046269,0.2608901560306549,0.5509999990463257,0.15610000491142273
YGR128C,YDR261W-B,0,-4.0463943,0.2607666850090027,0.5509999990463257,0.15620000660419464
YEL013W,YCL062W,1,-4.0465817,0.2611163556575775,0.5519999861717224,0.15620000660419464
YJL219W,YDL134C-A,0,-4.0468965,0.2609929144382477,0.5519999861717224,0.15629999339580536
YLR418C,YOR320C,0,-4.0471873,0.260869562625885,0.5519999861717224,0.15639999508857727
YKL152C,YCR089W,0,-4.047224,0.2607463300228119,0.5519999861717224,0.15649999678134918
YGR080W,YNL154C,0,-4.04725,0.2606232166290283,0.5519999861717224,0.1565999984741211
YGL256W,YOL062C,0,-4.0472865,0.2605002224445343,0.5519999861717224,0.156700000166893
YPL062W,YPL083C,0,-4.0475793,0.26037734746932983,0.5519999861717224,0.15680000185966492
YDL150W,YML086C,0,-4.047883,0.2602545917034149,0.5519999861717224,0.15690000355243683
YOR019W,YMR100W,0,-4.0479636,0.26013195514678955,0.5519999861717224,0.15700000524520874
YML016C,YGR156W,0,-4.047978,0.26000940799713135,0.5519999861717224,0.15710000693798065
YHR200W,YOL133W,0,-4.0481825,0.2598870098590851,0.5519999861717224,0.15719999372959137
YBR179C,YAL041W,0,-4.0490694,0.259764701128006,0.5519999861717224,0.15729999542236328
YPR081C,YHL046C,0,-4.049332,0.25964251160621643,0.5519999861717224,0.1573999971151352
YPR137C-B,YER067W,0,-4.049474,0.25952044129371643,0.5519999861717224,0.1574999988079071
YLR035C-A,YNL068C,0,-4.0498543,0.259398490190506,0.5519999861717224,0.15760000050067902
YNL027W,YOR343W-A,0,-4.0502954,0.2592766582965851,0.5519999861717224,0.15770000219345093
YCR097WB,YMR068W,0,-4.050359,0.25915491580963135,0.5519999861717224,0.15780000388622284
YDR110W,YKL084W,0,-4.05048,0.25903332233428955,0.5519999861717224,0.15790000557899475
YCL062W,YHR174W,1,-4.0505066,0.25938087701797485,0.5529999732971191,0.15790000557899475
YLL041C,YGL234W,0,-4.0509734,0.25925925374031067,0.5529999732971191,0.15800000727176666
YDR316W-A,YML013W,0,-4.0510345,0.2591377794742584,0.5529999732971191,0.15809999406337738
YJL012C-A,YEL013W,1,-4.051184,0.25948476791381836,0.5540000200271606,0.15809999406337738
YPR158W-B,YJL133W,0,-4.051363,0.2593632936477661,0.5540000200271606,0.1581999957561493
YOR159C,YDR400W,0,-4.05208,0.2592419385910034,0.5540000200271606,0.1582999974489212
YCL062W,YLR148W,1,-4.0521374,0.2595883905887604,0.5550000071525574,0.1582999974489212
YMR193W,YGR213C,0,-4.052541,0.2594670355319977,0.5550000071525574,0.15839999914169312
YCR089W,YOR142W-B,0,-4.0527587,0.25934579968452454,0.5550000071525574,0.15850000083446503
YDR137W,YGL062W,0,-4.053133,0.25922465324401855,0.5550000071525574,0.15860000252723694
YML038C,YPR108W,0,-4.0534797,0.2591036558151245,0.5550000071525574,0.15870000422000885
YLL062C,YDR182W,0,-4.053535,0.25898274779319763,0.5550000071525574,0.15880000591278076
YKL194C,YAL044C,0,-4.0545864,0.2588619291782379,0.5550000071525574,0.15889999270439148
YDL204W,YGL009C,0,-4.054653,0.25874125957489014,0.5550000071525574,0.1589999943971634
YLL053C,YBL003C,0,-4.055054,0.2586206793785095,0.5550000071525574,0.1590999960899353
YJL127C-B,YDR013W,0,-4.0553927,0.25850021839141846,0.5550000071525574,0.15919999778270721
YDR017C,YHR039C-B,1,-4.055557,0.2588454484939575,0.5559999942779541,0.15919999778270721
YOR187W,YJL128C,0,-4.055812,0.25872498750686646,0.5559999942779541,0.15929999947547913
YDR456W,YMR197C,1,-4.0562944,0.2590697705745697,0.5569999814033508,0.15929999947547913
YDL078C,YLR194C,0,-4.05646,0.258949339389801,0.5569999814033508,0.15940000116825104
YLR333C,YLR417W,0,-4.0566883,0.2588289976119995,0.5569999814033508,0.15950000286102295
YPR158W-B,YKL196C,0,-4.0567417,0.25870877504348755,0.5569999814033508,0.15960000455379486
YDL010W,YJL113W,0,-4.056774,0.25858867168426514,0.5569999814033508,0.15970000624656677
YGR189C,YDR415C,0,-4.056778,0.2584686875343323,0.5569999814033508,0.1597999930381775
YGL030W,YML106W,0,-4.056947,0.2583487927913666,0.5569999814033508,0.1598999947309494
YLR013W,YFR024C,0,-4.057268,0.25822901725769043,0.5569999814033508,0.1599999964237213
YPL170W,YDR038C,0,-4.0573153,0.25810936093330383,0.5569999814033508,0.16009999811649323
YOL002C,YDR485C,0,-4.0575066,0.2579898238182068,0.5569999814033508,0.16019999980926514
YLR075W,YDL198C,0,-4.0575576,0.2578703761100769,0.5569999814033508,0.16030000150203705
YOR214C,YJR127C,0,-4.0575733,0.2577510476112366,0.5569999814033508,0.16040000319480896
YLL003W,YGR201C,0,-4.0576158,0.2576318085193634,0.5569999814033508,0.16050000488758087
YFR053C,YCR023C,0,-4.0580378,0.2575127184391022,0.5569999814033508,0.16060000658035278
YHR060W,YLR148W,1,-4.05805,0.2578558325767517,0.5580000281333923,0.16060000658035278
YDR261W-B,YML121W,0,-4.0580554,0.2577367126941681,0.5580000281333923,0.1606999933719635
YNL326C,YER072W,1,-4.0585155,0.2580794095993042,0.5590000152587891,0.1606999933719635
YGL108C,YIL078W,0,-4.0585494,0.25796031951904297,0.5590000152587891,0.1607999950647354
YLR240W,YLR148W,1,-4.0587835,0.25830256938934326,0.5600000023841858,0.1607999950647354
YPL154C,YER157W,0,-4.0589447,0.2581835091114044,0.5600000023841858,0.16089999675750732
YDL018C,YPL099C,0,-4.059349,0.25806450843811035,0.5600000023841858,0.16099999845027924
YPR158C-C,YNL259C,0,-4.0594926,0.2579456567764282,0.5600000023841858,0.16110000014305115
YLR423C,YDL134C-A,0,-4.0596385,0.25782689452171326,0.5600000023841858,0.16120000183582306
YHL047C,YBR100W,0,-4.059642,0.25770825147628784,0.5600000023841858,0.16130000352859497
YDR316W-B,YAR002W,0,-4.0599036,0.2575896978378296,0.5600000023841858,0.16140000522136688
YOR288C,YGR271W,0,-4.0599217,0.2574712634086609,0.5600000023841858,0.1615000069141388
YDR306C,YMR159C,0,-4.060028,0.25735294818878174,0.5600000023841858,0.1615999937057495
YLR333C,YJL026W,0,-4.0601263,0.25723472237586975,0.5600000023841858,0.16169999539852142
YER159C-A,YPL196W,0,-4.060396,0.2571166157722473,0.5600000023841858,0.16179999709129333
YDR507C,YDL230W,0,-4.0607147,0.25699862837791443,0.5600000023841858,0.16189999878406525
YPR158C-C,YKL032C,0,-4.06093,0.2568807303905487,0.5600000023841858,0.16200000047683716
YNL085W,YBR016W,0,-4.0610313,0.25676295161247253,0.5600000023841858,0.16210000216960907
YLR447C,YHR138C,1,-4.0611463,0.2571035623550415,0.5609999895095825,0.16210000216960907
YOR192C-A,YJL140W,0,-4.0617104,0.2569858133792877,0.5609999895095825,0.16220000386238098
YNR066C,YER090W,0,-4.061749,0.2568681240081787,0.5609999895095825,0.1623000055551529
YER124C,YPL183C,0,-4.0624633,0.25675058364868164,0.5609999895095825,0.1624000072479248
YEL069C,YGR184C,0,-4.062873,0.25663313269615173,0.5609999895095825,0.16249999403953552
YNL027W,YLR406C,0,-4.062993,0.256515771150589,0.5609999895095825,0.16259999573230743
YIL077C,YJL113W,0,-4.0630207,0.2563985288143158,0.5609999895095825,0.16269999742507935
YKL053C-A,YJL063C,0,-4.0630846,0.25628140568733215,0.5609999895095825,0.16279999911785126
YLR359W,YDR261C,0,-4.063679,0.2561643719673157,0.5609999895095825,0.16290000081062317
YDR425W,YER130C,0,-4.0639052,0.25604745745658875,0.5609999895095825,0.16300000250339508
YOR127W,YMR179W,0,-4.0643167,0.25593066215515137,0.5609999895095825,0.163100004196167
YKL088W,YCR048W,0,-4.0652285,0.25581395626068115,0.5609999895095825,0.1632000058889389
YGR042W,YBR207W,0,-4.0653014,0.2556973695755005,0.5609999895095825,0.16329999268054962
YDR474C,YJL198W,0,-4.0654774,0.255580872297287,0.5609999895095825,0.16339999437332153
YDL177C,YGR043C,0,-4.065649,0.25546449422836304,0.5609999895095825,0.16349999606609344
YHL002W,YMR120C,0,-4.0656533,0.25534820556640625,0.5609999895095825,0.16359999775886536
YJL012C-A,YKR007W,1,-4.0658016,0.25568699836730957,0.5619999766349792,0.16359999775886536
YJL222W,YNL268W,0,-4.065814,0.2555707097053528,0.5619999766349792,0.16369999945163727
YML116W,YNR065C,0,-4.0659933,0.25545454025268555,0.5619999766349792,0.16380000114440918
YJL143W,YBR097W,0,-4.066571,0.25533849000930786,0.5619999766349792,0.1639000028371811
YPR035W,YGL172W,0,-4.066711,0.25522252917289734,0.5619999766349792,0.164000004529953
YPR158W-B,YLR176C,0,-4.0667605,0.25510668754577637,0.5619999766349792,0.16410000622272491
YDR261W-B,YIL110W,0,-4.0673356,0.25499093532562256,0.5619999766349792,0.16419999301433563
YOR381W,YGL147C,0,-4.0673695,0.2548752725124359,0.5619999766349792,0.16429999470710754
YOL100W,YDR071C,0,-4.0673766,0.2547597587108612,0.5619999766349792,0.16439999639987946
YPR036W,YNL015W,1,-4.067936,0.2550974190235138,0.5630000233650208,0.16439999639987946
YPR158C-C,YBR055C,0,-4.0680337,0.2549818754196167,0.5630000233650208,0.16449999809265137
YNL197C,YDR316W-B,0,-4.0683618,0.25486645102500916,0.5630000233650208,0.16459999978542328
YPL282C,YLR130C,0,-4.068531,0.25475114583969116,0.5630000233650208,0.1647000014781952
YMR210W,YJL146W,0,-4.0691166,0.25463590025901794,0.5630000233650208,0.1648000031709671
YGL125W,YKL053C-A,0,-4.0693717,0.25452080368995667,0.5630000233650208,0.164900004863739
YHR215W,YBL064C,0,-4.0695395,0.25440579652786255,0.5630000233650208,0.16500000655651093
YBL054W,YOL126C,0,-4.069614,0.2542908787727356,0.5630000233650208,0.16509999334812164
YDR210C-D,YBR257W,0,-4.0700455,0.2541760802268982,0.5630000233650208,0.16519999504089355
YKL080W,YCL062W,1,-4.070361,0.25451263785362244,0.5640000104904175,0.16519999504089355
YDR017C,YNL015W,1,-4.070376,0.2548488974571228,0.5649999976158142,0.16519999504089355
YNL185C,YHR214C-C,0,-4.0704975,0.25473397970199585,0.5649999976158142,0.16529999673366547
YLR035C-A,YBL074C,0,-4.0706525,0.25461921095848083,0.5649999976158142,0.16539999842643738
YNL022C,YPR125W,0,-4.070671,0.2545045018196106,0.5649999976158142,0.1655000001192093
YBR080C,YBL050W,1,-4.070944,0.2548401653766632,0.5659999847412109,0.1655000001192093
YOR142W-A,YJR149W,0,-4.0716057,0.25472548604011536,0.5659999847412109,0.1656000018119812
YDR374C,YOR295W,0,-4.0716443,0.25461089611053467,0.5659999847412109,0.1657000035047531
YPL060C-A,YDL082W,0,-4.071729,0.25449639558792114,0.5659999847412109,0.16580000519752502
YOR367W,YLR466W,0,-4.0717497,0.25438201427459717,0.5659999847412109,0.16590000689029694
YKR070W,YIR002C,0,-4.0718102,0.25426775217056274,0.5659999847412109,0.16599999368190765
YHL009W-B,YLR321C,0,-4.0720162,0.2541535794734955,0.5659999847412109,0.16609999537467957
YHR096C,YJR061W,0,-4.0721817,0.2540394961833954,0.5659999847412109,0.16619999706745148
YPL070W,YOR343W-A,0,-4.072427,0.25392553210258484,0.5659999847412109,0.1662999987602234
YPL126W,YER137C-A,0,-4.0731254,0.25381165742874146,0.5659999847412109,0.1664000004529953
YPL239W,YPR127W,0,-4.073456,0.2536979019641876,0.5659999847412109,0.1665000021457672
YGR120C,YOL162W,0,-4.0734587,0.25358423590660095,0.5659999847412109,0.16660000383853912
YNL233W,YHR079C-B,0,-4.073582,0.25347065925598145,0.5659999847412109,0.16670000553131104
YMR202W,YDR074W,0,-4.0744047,0.2533572018146515,0.5659999847412109,0.16680000722408295
YNL258C,YGL011C,0,-4.0747776,0.2532438337802887,0.5659999847412109,0.16689999401569366
YDL087C,YKL185W,0,-4.0751185,0.25313058495521545,0.5659999847412109,0.16699999570846558
YHR192W,YBL074C,0,-4.075256,0.2530174255371094,0.5659999847412109,0.1670999974012375
YDR105C,YDR034C-C,0,-4.0755067,0.25290438532829285,0.5659999847412109,0.1671999990940094
YDR212W,YDR185C,0,-4.0755587,0.2527914345264435,0.5659999847412109,0.1673000007867813
YNL326C,YIL048W,1,-4.0758066,0.25312501192092896,0.5669999718666077,0.1673000007867813
YNL106C,YBR071W,0,-4.076324,0.2530120611190796,0.5669999718666077,0.16740000247955322
YIL026C,YDL230W,0,-4.076737,0.2528991997241974,0.5669999718666077,0.16750000417232513
YGR029W,YGR027W-A,0,-4.077026,0.25278645753860474,0.5669999718666077,0.16760000586509705
YDR142C,YDR016C,0,-4.0774293,0.25267380475997925,0.5669999718666077,0.16769999265670776
YDR288W,YNL010W,0,-4.077721,0.2525612413883209,0.5669999718666077,0.16779999434947968
YEL011W,YPR122W,0,-4.0777392,0.25244879722595215,0.5669999718666077,0.1678999960422516
YDR470C,YOL112W,0,-4.078393,0.25233644247055054,0.5669999718666077,0.1679999977350235
YHR019C,YBR083W,0,-4.079016,0.2522242069244385,0.5669999718666077,0.1680999994277954
YBL016W,YDR365W-A,0,-4.0796947,0.2521120607852936,0.5669999718666077,0.16820000112056732
YCL005W-A,YBR127C,1,-4.079779,0.25244444608688354,0.5680000185966492,0.16820000112056732
YOR343W-A,YER012W,0,-4.0800643,0.25233229994773865,0.5680000185966492,0.16830000281333923
YJL127C-B,YDR016C,0,-4.080407,0.2522202432155609,0.5680000185966492,0.16840000450611115
YMR243C,YLR250W,0,-4.081234,0.25210830569267273,0.5680000185966492,0.16850000619888306
YGR250C,YPR166C,0,-4.081324,0.2519964575767517,0.5680000185966492,0.16859999299049377
YAL009W,YHR186C,0,-4.0815253,0.25188469886779785,0.5680000185966492,0.16869999468326569
YNR072W,YLR227W-B,0,-4.081912,0.25177305936813354,0.5680000185966492,0.1687999963760376
YHR039C-B,YKL051W,1,-4.081912,0.2521045506000519,0.5690000057220459,0.1687999963760376
YJR001W,YDR365W-A,0,-4.0819535,0.2519929111003876,0.5690000057220459,0.1688999980688095
YIL014W,YIL089W,0,-4.082006,0.25188136100769043,0.5690000057220459,0.16899999976158142
YJL092W,YDR316W-A,0,-4.082282,0.25176990032196045,0.5690000057220459,0.16910000145435333
YHR039C-B,YDR456W,1,-4.082391,0.2521008551120758,0.5699999928474426,0.16910000145435333
YJR005W,YDR472W,0,-4.0827637,0.2519893944263458,0.5699999928474426,0.16920000314712524
YLL023C,YOL086C,0,-4.0828958,0.251878023147583,0.5699999928474426,0.16930000483989716
YDR341C,YKR068C,0,-4.0831885,0.25176677107810974,0.5699999928474426,0.16940000653266907
YML001W,YCL062W,1,-4.0833135,0.25209712982177734,0.5709999799728394,0.16940000653266907
YDL170W,YNL054W-A,0,-4.0835958,0.2519858777523041,0.5709999799728394,0.16949999332427979
YFL051C,YAL058W,0,-4.0836134,0.251874715089798,0.5709999799728394,0.1695999950170517
YKL060C,YOR147W,0,-4.0837607,0.2517636716365814,0.5709999799728394,0.1696999967098236
YIL089W,YGR048W,0,-4.083763,0.25165271759033203,0.5709999799728394,0.16979999840259552
YHR138C,YDR328C,1,-4.0838513,0.2519823908805847,0.5720000267028809,0.16979999840259552
YMR231W,YHR026W,1,-4.084654,0.2523117661476135,0.5730000138282776,0.16979999840259552
YKL086W,YGR109W-A,0,-4.085074,0.2522006928920746,0.5730000138282776,0.16990000009536743
YDR261C-C,YCR095C,0,-4.0855665,0.2520897388458252,0.5730000138282776,0.17000000178813934
YDR325W,YJR144W,0,-4.0865464,0.25197890400886536,0.5730000138282776,0.17010000348091125
YOR350C,YDR261C-C,0,-4.0868807,0.2518681287765503,0.5730000138282776,0.17020000517368317
YBR075W,YBL103C,0,-4.087474,0.2517574727535248,0.5730000138282776,0.17030000686645508
YIR037W,YDL066W,0,-4.087494,0.25164690613746643,0.5730000138282776,0.1703999936580658
YOR192C-A,YGR031W,0,-4.0877843,0.25153642892837524,0.5730000138282776,0.1704999953508377
YFL009W,YIL061C,0,-4.0878024,0.2514260709285736,0.5730000138282776,0.17059999704360962
YLR270W,YGR207C,0,-4.0879292,0.25131580233573914,0.5730000138282776,0.17069999873638153
YOR142W-A,YGR154C,0,-4.0879893,0.2512056231498718,0.5730000138282776,0.17080000042915344
YGR109W-B,YGL064C,0,-4.08801,0.2510955333709717,0.5730000138282776,0.17090000212192535
YGR105W,YCL060C,0,-4.0880523,0.2509855329990387,0.5730000138282776,0.17100000381469727
YEL051W,YDL077C,1,-4.0881658,0.2513134777545929,0.5740000009536743,0.17100000381469727
YPR071W,YIL145C,0,-4.088295,0.2512035071849823,0.5740000009536743,0.17110000550746918
YEL061C,YKL151C,0,-4.0884204,0.25109362602233887,0.5740000009536743,0.1712000072002411
YMR171C,YER153C,0,-4.089243,0.2509838342666626,0.5740000009536743,0.1712999939918518
YLR218C,YGR027W-A,0,-4.089611,0.2508741319179535,0.5740000009536743,0.17139999568462372
YER159C-A,YGL084C,0,-4.0897756,0.25076451897621155,0.5740000009536743,0.17149999737739563
YNL339C,YKR076W,0,-4.0898366,0.25065502524375916,0.5740000009536743,0.17159999907016754
YKL184W,YBR100W,0,-4.089873,0.2505456209182739,0.5740000009536743,0.17170000076293945
YLR353W,YKL181W,0,-4.0898967,0.25043630599975586,0.5740000009536743,0.17180000245571136
YLR174W,YHR215W,0,-4.090083,0.25032708048820496,0.5740000009536743,0.17190000414848328
YBR035C,YEL034W,0,-4.090362,0.2502179741859436,0.5740000009536743,0.1720000058412552
YKL087C,YJR098C,0,-4.0904593,0.250108927488327,0.5740000009536743,0.1720999926328659
YMR091C,YGL082W,0,-4.090584,0.25,0.5740000009536743,0.17219999432563782
YHR039C-A,YDR065W,1,-4.0908604,0.2503265142440796,0.574999988079071,0.17219999432563782
YFL036W,YER044C,0,-4.0911045,0.25021758675575256,0.574999988079071,0.17229999601840973
YHR072W-A,YLR248W,0,-4.0915694,0.2501087486743927,0.574999988079071,0.17239999771118164
YEL004W,YOL149W,0,-4.0915704,0.25,0.574999988079071,0.17249999940395355
YCR002C,YBR100W,0,-4.0915985,0.24989135563373566,0.574999988079071,0.17260000109672546
YPL106C,YML013W,0,-4.091624,0.24978280067443848,0.574999988079071,0.17270000278949738
YPL014W,YPL253C,0,-4.0916324,0.24967433512210846,0.574999988079071,0.1728000044822693
YCR097WB,YFL038C,0,-4.0918665,0.2495659738779068,0.574999988079071,0.1729000061750412
YLR023C,YLR008C,0,-4.092567,0.2494577020406723,0.574999988079071,0.17299999296665192
YBL004W,YNL054W-A,0,-4.0926704,0.24934951961040497,0.574999988079071,0.17309999465942383
YJR153W,YGR253C,0,-4.0926914,0.249241441488266,0.574999988079071,0.17319999635219574
YNL283C,YER087W,0,-4.0927715,0.24913345277309418,0.574999988079071,0.17329999804496765
YBR012W-A,YML120C,0,-4.0929723,0.24902555346488953,0.574999988079071,0.17339999973773956
YIL002C,YLR025W,0,-4.094197,0.24891774356365204,0.574999988079071,0.17350000143051147
YCL062W,YGL095C,1,-4.094381,0.24924275279045105,0.5759999752044678,0.17350000143051147
YIL070C,YDR181C,0,-4.094477,0.24913494288921356,0.5759999752044678,0.1736000031232834
YGR230W,YCL059C,0,-4.0944896,0.24902723729610443,0.5759999752044678,0.1737000048160553
YJL092W,YGR161C-D,0,-4.0950108,0.24891962110996246,0.5759999752044678,0.1738000065088272
YLR382C,YLR337W,0,-4.0953164,0.24881209433078766,0.5759999752044678,0.17389999330043793
YGR279C,YGR037C,0,-4.0954123,0.24870465695858002,0.5759999752044678,0.17399999499320984
YDR261C-C,YGR003W,0,-4.095791,0.24859732389450073,0.5759999752044678,0.17409999668598175
YHL016C,YMR045C,0,-4.0958076,0.2484900802373886,0.5759999752044678,0.17419999837875366
YPR137C-B,YNL273W,0,-4.0971255,0.24838292598724365,0.5759999752044678,0.17430000007152557
YJR085C,YIL050W,0,-4.0972037,0.24827586114406586,0.5759999752044678,0.17440000176429749
YGL161C,YIL010W,0,-4.09721,0.24816888570785522,0.5759999752044678,0.1745000034570694
YKR053C,YNL146W,0,-4.098051,0.24806201457977295,0.5759999752044678,0.1746000051498413
YHR060W,YLR240W,1,-4.098415,0.2483857125043869,0.5770000219345093,0.1746000051498413
YDR487C,YJR061W,0,-4.098556,0.24827882647514343,0.5770000219345093,0.17470000684261322
YGR161C-C,YNL096C,0,-4.099097,0.24817204475402832,0.5770000219345093,0.17479999363422394
YLR449W,YER137C-A,0,-4.099261,0.24806535243988037,0.5770000219345093,0.17489999532699585
YPR033C,YGR127W,0,-4.099264,0.24795874953269958,0.5770000219345093,0.17499999701976776
YIL049W,YDL126C,0,-4.0997286,0.24785223603248596,0.5770000219345093,0.17509999871253967
YOL107W,YGL220W,0,-4.099895,0.2477458119392395,0.5770000219345093,0.17520000040531158
YBL052C,YGR109W-A,0,-4.100062,0.2476394921541214,0.5770000219345093,0.1753000020980835
YDR153C,YLR287C,0,-4.100162,0.24753324687480927,0.5770000219345093,0.1754000037908554
YDR306C,YIL073C,0,-4.100885,0.2474271059036255,0.5770000219345093,0.17550000548362732
YMR177W,YGR102C,0,-4.10128,0.24732103943824768,0.5770000219345093,0.17560000717639923
YHR026W,YHR039C-B,1,-4.101288,0.24764353036880493,0.578000009059906,0.17560000717639923
YJL012C-A,YMR231W,1,-4.101952,0.2479657381772995,0.5789999961853027,0.17560000717639923
YJR086W,YML120C,0,-4.1021023,0.24785958230495453,0.5789999961853027,0.17569999396800995
YMR268C,YJL127C-B,0,-4.1023154,0.24775353074073792,0.5789999961853027,0.17579999566078186
YOR244W,YDR365W-B,0,-4.1023164,0.24764756858348846,0.5789999961853027,0.17589999735355377
YDR316W-A,YKR016W,0,-4.1024218,0.24754168093204498,0.5789999961853027,0.17599999904632568
YIL138C,YNL079C,1,-4.102631,0.24786324799060822,0.5799999833106995,0.17599999904632568
YDR141C,YPL235W,0,-4.102674,0.24775737524032593,0.5799999833106995,0.1761000007390976
YOR159C,YPL104W,0,-4.103145,0.2476515769958496,0.5799999833106995,0.1762000024318695
YDL217C,YER041W,0,-4.1033053,0.24754588305950165,0.5799999833106995,0.17630000412464142
YGR208W,YBR193C,0,-4.1033335,0.24744027853012085,0.5799999833106995,0.17640000581741333
YLR447C,YHR039C-B,1,-4.1034126,0.24776118993759155,0.5809999704360962,0.17640000581741333
YGR168C,YNL054W-B,0,-4.10434,0.24765558540821075,0.5809999704360962,0.17649999260902405
YGR263C,YPL243W,0,-4.1048355,0.24755007028579712,0.5809999704360962,0.17659999430179596
YER134C,YKL109W,0,-4.104924,0.24744462966918945,0.5809999704360962,0.17669999599456787
YDR034C-C,YPL141C,0,-4.1049724,0.24733929336071014,0.5809999704360962,0.17679999768733978
YLR367W,YCL017C,0,-4.1052585,0.247234046459198,0.5809999704360962,0.1768999993801117
YDR282C,YHR057C,0,-4.105718,0.24712887406349182,0.5809999704360962,0.1770000010728836
YCL062W,YDR328C,1,-4.105858,0.24744898080825806,0.5820000171661377,0.1770000010728836
YMR134W,YDR034C-C,0,-4.106026,0.24734382331371307,0.5820000171661377,0.17710000276565552
YHR206W,YOR240W,0,-4.106057,0.24723874032497406,0.5820000171661377,0.17720000445842743
YPR118W,YAR050W,0,-4.106192,0.2471337616443634,0.5820000171661377,0.17730000615119934
YJR033C,YDR456W,1,-4.106244,0.24745331704616547,0.5830000042915344,0.17730000615119934
YNL178W,YHR055C,0,-4.1064157,0.24734832346439362,0.5830000042915344,0.17739999294281006
YCL010C,YAL064W-B,0,-4.1069407,0.24724341928958893,0.5830000042915344,0.17749999463558197
YDR316W-A,YNL065W,0,-4.1069536,0.2471386194229126,0.5830000042915344,0.17759999632835388
YDL142C,YGR271W,0,-4.107014,0.24703389406204224,0.5830000042915344,0.1776999980211258
YDR210W-A,YAL014C,0,-4.1076703,0.24692927300930023,0.5830000042915344,0.1777999997138977
YML016C,YFR002W,0,-4.108072,0.2468247264623642,0.5830000042915344,0.17790000140666962
YOR259C,YDR513W,0,-4.1082096,0.24672026932239532,0.5830000042915344,0.17800000309944153
YGR266W,YOR142W-B,0,-4.108482,0.24661590158939362,0.5830000042915344,0.17810000479221344
YKL157W,YOR007C,0,-4.1084986,0.24651162326335907,0.5830000042915344,0.17820000648498535
YGR078C,YJR028W,0,-4.1085787,0.2464074343442917,0.5830000042915344,0.17829999327659607
YMR231W,YIL138C,1,-4.10868,0.24672581255435944,0.5839999914169312,0.17829999327659607
YCL027C-A,YBL033C,0,-4.1086855,0.24662162363529205,0.5839999914169312,0.17839999496936798
YNL015W,YOR068C,1,-4.1088796,0.24693964421749115,0.5849999785423279,0.17839999496936798
YHR039C-B,YOR068C,1,-4.1093006,0.24725738167762756,0.5860000252723694,0.17839999496936798
YKR072C,YDL137W,0,-4.1093736,0.24715310335159302,0.5860000252723694,0.1784999966621399
YPL069C,YBR187W,0,-4.1093917,0.24704889953136444,0.5860000252723694,0.1785999983549118
YBR006W,YKR035W-A,0,-4.1096435,0.24694480001926422,0.5860000252723694,0.17870000004768372
YER159C-A,YPR124W,0,-4.1102204,0.24684077501296997,0.5860000252723694,0.17880000174045563
YGL210W,YPL168W,0,-4.1107802,0.24673683941364288,0.5860000252723694,0.17890000343322754
YCL035C,YML040W,0,-4.1110888,0.24663299322128296,0.5860000252723694,0.17900000512599945
YKR042W,YOR307C,0,-4.1114125,0.2465292364358902,0.5860000252723694,0.17910000681877136
YBR031W,YDL155W,0,-4.1125636,0.2464255690574646,0.5860000252723694,0.17919999361038208
YPR021C,YDL083C,0,-4.1126065,0.24632199108600616,0.5860000252723694,0.179299995303154
YPL184C,YBL091C-A,0,-4.1126924,0.2462184876203537,0.5860000252723694,0.1793999969959259
YDR261C-C,YNL126W,0,-4.11275,0.2461150735616684,0.5860000252723694,0.17949999868869781
YDR212W,YJL200C,0,-4.112998,0.24601174890995026,0.5860000252723694,0.17960000038146973
YPR137C-B,YJR090C,0,-4.1130347,0.24590851366519928,0.5860000252723694,0.17970000207424164
YCL003W,YHR076W,0,-4.1133933,0.24580536782741547,0.5860000252723694,0.17980000376701355
YAR044W,YDR362C,0,-4.113691,0.24570231139659882,0.5860000252723694,0.17990000545978546
YMR152W,YDR441C,0,-4.114606,0.24559932947158813,0.5860000252723694,0.18000000715255737
YIL078W,YAR044W,0,-4.1146626,0.24549643695354462,0.5860000252723694,0.1800999939441681
YLR459W,YPL160W,0,-4.1147323,0.24539363384246826,0.5860000252723694,0.18019999563694
YMR231W,YLR148W,1,-4.114987,0.24570950865745544,0.5870000123977661,0.18019999563694
YML116W,YNL054W-A,0,-4.1149945,0.2456066906452179,0.5870000123977661,0.18029999732971191
YDL054C,YJR116W,0,-4.115424,0.2455039769411087,0.5870000123977661,0.18039999902248383
YFL014W,YLR391W,0,-4.115793,0.24540133774280548,0.5870000123977661,0.18050000071525574
YDL019C,YGR027W-A,0,-4.115806,0.24529878795146942,0.5870000123977661,0.18060000240802765
YAR010C,YOR307C,0,-4.1161127,0.24519632756710052,0.5870000123977661,0.18070000410079956
YPL169C,YBR246W,0,-4.1164103,0.2450939416885376,0.5870000123977661,0.18080000579357147
YLR260W,YAL058W,0,-4.116686,0.24499166011810303,0.5870000123977661,0.1808999925851822
YDR078C,YHR033W,0,-4.116788,0.24488943815231323,0.5870000123977661,0.1809999942779541
YLR323C,YML024W,0,-4.1167936,0.2447873204946518,0.5870000123977661,0.181099995970726
YGL080W,YHR023W,0,-4.1168947,0.24468529224395752,0.5870000123977661,0.18119999766349792
YLR044C,YMR031C,0,-4.116993,0.2445833384990692,0.5870000123977661,0.18129999935626984
YGL019W,YMR035W,0,-4.1186113,0.24448145925998688,0.5870000123977661,0.18140000104904175
YML115C,YER065C,0,-4.118672,0.2443796843290329,0.5870000123977661,0.18150000274181366
YDR261W-A,YKR016W,0,-4.1187677,0.2442779839038849,0.5870000123977661,0.18160000443458557
YDR447C,YCR087C-A,0,-4.1190386,0.24417637288570404,0.5870000123977661,0.18170000612735748
YNR057C,YDR365W-A,0,-4.120006,0.24407485127449036,0.5870000123977661,0.1817999929189682
YLR341W,YNL054W-A,0,-4.1201057,0.24397340416908264,0.5870000123977661,0.1818999946117401
YNL030W,YKL028W,0,-4.1201744,0.2438720464706421,0.5870000123977661,0.18199999630451202
YKR014C,YLR078C,0,-4.120614,0.2437707632780075,0.5870000123977661,0.18209999799728394
YCL003W,YMR273C,0,-4.120624,0.2436695694923401,0.5870000123977661,0.18219999969005585
YHR039C-B,YER072W,1,-4.1207156,0.2439834028482437,0.5879999995231628,0.18219999969005585
YCL062W,YEL051W,1,-4.1208673,0.24429696798324585,0.5889999866485596,0.18219999969005585
YER102W,YMR265C,0,-4.121246,0.24419568479061127,0.5889999866485596,0.18230000138282776
YGR034W,YJL013C,0,-4.1220937,0.24409449100494385,0.5889999866485596,0.18240000307559967
YER182W,YNR040W,0,-4.1226687,0.2439933717250824,0.5889999866485596,0.18250000476837158
YBL059C-A,YML047C,0,-4.123085,0.2438923418521881,0.5889999866485596,0.1826000064611435
YGR261C,YPL203W,0,-4.1233206,0.2437913864850998,0.5889999866485596,0.1826999932527542
YKR016W,YBR100W,0,-4.124391,0.24369052052497864,0.5889999866485596,0.18279999494552612
YJL012C-A,YBL050W,1,-4.124838,0.2440033107995987,0.5899999737739563,0.18279999494552612
YPL276W,YFR055W,0,-4.1260695,0.24390244483947754,0.5899999737739563,0.18289999663829803
YJR006W,YGR175C,0,-4.126084,0.24380165338516235,0.5899999737739563,0.18299999833106995
YJR028W,YPR083W,0,-4.1261578,0.24370095133781433,0.5899999737739563,0.18310000002384186
YGL210W,YPR140W,0,-4.126639,0.24360032379627228,0.5899999737739563,0.18320000171661377
YMR209C,YDL099W,0,-4.126696,0.24349980056285858,0.5899999737739563,0.18330000340938568
YNL336W,YKR028W,0,-4.1270304,0.24339933693408966,0.5899999737739563,0.1834000051021576
YFR024C-A,YDR316W-B,0,-4.1271534,0.2432989627122879,0.5899999737739563,0.1835000067949295
YOR192C-A,YGL033W,0,-4.1272116,0.2431986778974533,0.5899999737739563,0.18359999358654022
YPR158W-B,YGR068C,0,-4.127854,0.24309848248958588,0.5899999737739563,0.18369999527931213
YIR005W,YBR161W,0,-4.1280932,0.24299834668636322,0.5899999737739563,0.18379999697208405
YLR319C,YNL200C,0,-4.1282673,0.24289831519126892,0.5899999737739563,0.18389999866485596
YML028W,YMR155W,0,-4.1284842,0.2427983582019806,0.5899999737739563,0.18400000035762787
YHR136C,YGR203W,0,-4.1286345,0.24269847571849823,0.5899999737739563,0.18410000205039978
YPR158W-A,YOR256C,0,-4.1287155,0.24259868264198303,0.5899999737739563,0.1842000037431717
YLR160C,YDL182W,0,-4.1287503,0.242498978972435,0.5899999737739563,0.1843000054359436
YER072W,YCL005W-A,1,-4.128845,0.2428101897239685,0.5910000205039978,0.1843000054359436
YLR211C,YGR161C-D,0,-4.128856,0.24271047115325928,0.5910000205039978,0.18440000712871552
YDL058W,YMR068W,0,-4.128984,0.2426108419895172,0.5910000205039978,0.18449999392032623
YML008C,YHR074W,0,-4.129336,0.24251128733158112,0.5910000205039978,0.18459999561309814
YIR034C,YBR143C,0,-4.12954,0.242411807179451,0.5910000205039978,0.18469999730587006
YDR210W-B,YDL108W,0,-4.129548,0.24231241643428802,0.5910000205039978,0.18479999899864197
YER098W,YLR271W,0,-4.1296687,0.24221311509609222,0.5910000205039978,0.18490000069141388
YER024W,YOR365C,0,-4.129735,0.2421138882637024,0.5910000205039978,0.1850000023841858
YDL153C,YPR042C,0,-4.1300135,0.24201473593711853,0.5910000205039978,0.1851000040769577
YBR135W,YIL102C-A,0,-4.130018,0.24191567301750183,0.5910000205039978,0.18520000576972961
YBL090W,YKL065W-A,0,-4.130018,0.2418166995048523,0.5910000205039978,0.18529999256134033
YGR169C-C,YOR382W,0,-4.130018,0.24171778559684753,0.5910000205039978,0.18539999425411224
YAR070W-A,YAL015C,0,-4.130018,0.24161897599697113,0.5910000205039978,0.18549999594688416
YHR214W-G,YER123W,0,-4.130018,0.2415202260017395,0.5910000205039978,0.18559999763965607
YBR111W-A,YHR212W-A,0,-4.130018,0.24142156541347504,0.5910000205039978,0.18569999933242798
YHR178W,YJL133C-A,0,-4.130018,0.24132299423217773,0.5910000205039978,0.1858000010251999
YOR020W-A,YDR542W,0,-4.130018,0.2412244826555252,0.5910000205039978,0.1859000027179718
YHR150W,YOR020W-A,0,-4.130018,0.24112607538700104,0.5910000205039978,0.1860000044107437
YPL244C,YCL001W-B,0,-4.130018,0.24102772772312164,0.5910000205039978,0.18610000610351562
YGL041C-B,YGR030C,0,-4.130018,0.2409294694662094,0.5910000205039978,0.18619999289512634
YGR148C,YGR169C-C,0,-4.130018,0.24083130061626434,0.5910000205039978,0.18629999458789825
YER158C,YJL133C-A,0,-4.130018,0.24073319137096405,0.5910000205039978,0.18639999628067017
YNL246W,YBL039W-A,0,-4.130018,0.24063518643379211,0.5910000205039978,0.18649999797344208
YAR010C,YBR200W-A,0,-4.130018,0.24053724110126495,0.5910000205039978,0.186599999666214
YKL154W,YDR379C-A,0,-4.130018,0.24043938517570496,0.5910000205039978,0.1867000013589859
YGR161W-B,YKL138C-A,0,-4.130018,0.24034160375595093,0.5910000205039978,0.1868000030517578
YDL010W,YHL009W-A,0,-4.130018,0.24024389684200287,0.5910000205039978,0.18690000474452972
YDR374W-A,YLR164W,0,-4.130018,0.24014627933502197,0.5910000205039978,0.18700000643730164
YJL056C,YBL101W-A,0,-4.130018,0.24004873633384705,0.5910000205039978,0.18709999322891235
YPR170W-B,YAL064W-B,0,-4.130018,0.23995128273963928,0.5910000205039978,0.18719999492168427
YBL039W-A,YJL063C,0,-4.130018,0.2398538887500763,0.5910000205039978,0.18729999661445618
YMR068W,YBR200W-A,0,-4.130018,0.23975659906864166,0.5910000205039978,0.1873999983072281
YER053C-A,YDR172W,0,-4.130018,0.2396593689918518,0.5910000205039978,0.1875
YFL023W,YBR200W-A,0,-4.130018,0.2395622283220291,0.5910000205039978,0.1876000016927719
YEL064C,YKL065W-A,0,-4.130018,0.2394651472568512,0.5910000205039978,0.18770000338554382
YAR066W,YAR070W-A,0,-4.130018,0.23936817049980164,0.5910000205039978,0.18780000507831573
YDR153C,YLR406C-A,0,-4.130018,0.23927125334739685,0.5910000205039978,0.18790000677108765
YDR381C-A,YKL084W,0,-4.130018,0.23917442560195923,0.5910000205039978,0.18799999356269836
YGL041C-B,YJL076W,0,-4.130018,0.23907767236232758,0.5910000205039978,0.18809999525547028
YER160C,YCR029C-A,0,-4.130018,0.2389809936285019,0.5910000205039978,0.1881999969482422
YCL062W,YHR138C,1,-4.130018,0.2392885982990265,0.5920000076293945,0.1881999969482422
YGL240W,YDR379C-A,0,-4.130018,0.2391919195652008,0.5920000076293945,0.1882999986410141
YGL137W,YKL065W-A,0,-4.130018,0.2390953153371811,0.5920000076293945,0.188400000333786
YBL101W-B,YHR141C,0,-4.130018,0.23899878561496735,0.5920000076293945,0.18850000202655792
YNL100W,YJL133C-A,0,-4.130018,0.23890234529972076,0.5920000076293945,0.18860000371932983
YML059C,YOR343C-A,0,-4.130018,0.23880596458911896,0.5920000076293945,0.18870000541210175
YNL249C,YML045W-A,0,-4.130018,0.23870967328548431,0.5920000076293945,0.18880000710487366
YIL156W-B,YER139C,0,-4.130018,0.23861345648765564,0.5920000076293945,0.18889999389648438
YJL127C,YIL102C-A,0,-4.130018,0.23851732909679413,0.5920000076293945,0.1889999955892563
YJL006C,YDR210W-C,0,-4.130018,0.2384212613105774,0.5920000076293945,0.1890999972820282
YER021W,YDR210W-D,0,-4.130018,0.23832528293132782,0.5920000076293945,0.1891999989748001
YLR337W,YDR365W-A,0,-4.130018,0.23822937905788422,0.5920000076293945,0.18930000066757202
YKR021W,YKL065W-A,0,-4.130018,0.23813354969024658,0.5920000076293945,0.18940000236034393
YKL035W,YAR070W-A,0,-4.130018,0.23803779482841492,0.5920000076293945,0.18950000405311584
YMR309C,YOR343C-A,0,-4.130018,0.23794212937355042,0.5920000076293945,0.18960000574588776
YCL003W,YGR201C,0,-4.130018,0.2378465235233307,0.5920000076293945,0.18970000743865967
YDR210W-D,YDR090C,0,-4.130018,0.23775100708007812,0.5920000076293945,0.18979999423027039
YOL148C,YJR112W-A,0,-4.130018,0.23765556514263153,0.5920000076293945,0.1898999959230423
YGL041C-B,YBL100W-A,0,-4.130018,0.2375601977109909,0.5920000076293945,0.1899999976158142
YGR031W,YML045W-A,0,-4.130018,0.23746490478515625,0.5920000076293945,0.19009999930858612
YBR207W,YDR210W-C,0,-4.130018,0.23736968636512756,0.5920000076293945,0.19020000100135803
YBR200W-A,YKR019C,0,-4.130018,0.23727454245090485,0.5920000076293945,0.19030000269412994
YCL001W-B,YPR042C,0,-4.130018,0.2371794879436493,0.5920000076293945,0.19040000438690186
YGL041C-B,YJL014W,0,-4.130018,0.2370845079421997,0.5920000076293945,0.19050000607967377
YDR381C-A,YNR002C,0,-4.130018,0.2369895875453949,0.5920000076293945,0.19059999287128448
YPR158C-D,YCL048W-A,0,-4.130018,0.23689475655555725,0.5920000076293945,0.1906999945640564
YNL284C-A,YPL029W,0,-4.130018,0.23680000007152557,0.5920000076293945,0.1907999962568283
YNR063W,YOR020W-A,0,-4.130018,0.23670531809329987,0.5920000076293945,0.19089999794960022
YCL021W-A,YDR392W,0,-4.130018,0.23661071062088013,0.5920000076293945,0.19099999964237213
YNL284C-A,YPL192C,0,-4.130018,0.23651617765426636,0.5920000076293945,0.19110000133514404
YGL261C,YDR524C-B,0,-4.130018,0.23642171919345856,0.5920000076293945,0.19120000302791595
YGR277C,YBR200W-A,0,-4.130018,0.23632735013961792,0.5920000076293945,0.19130000472068787
YDR210W-C,YMR043W,0,-4.130018,0.23623304069042206,0.5920000076293945,0.19140000641345978
YOR343C-B,YPL082C,0,-4.130018,0.23613880574703217,0.5920000076293945,0.1914999932050705
YGL200C,YML045W-A,0,-4.130018,0.23604466021060944,0.5920000076293945,0.1915999948978424
YHL022C,YDR379C-A,0,-4.130018,0.23595057427883148,0.5920000076293945,0.19169999659061432
YDL209C,YDR261W-B,0,-4.130018,0.2358565777540207,0.5920000076293945,0.19179999828338623
YHR143W,YDR379C-A,0,-4.130018,0.23576264083385468,0.5920000076293945,0.19189999997615814
YOR343C-B,YLR315W,0,-4.130018,0.23566879332065582,0.5920000076293945,0.19200000166893005
YDL176W,YLR391W-A,0,-4.130018,0.23557500541210175,0.5920000076293945,0.19210000336170197
YFL024C,YOR343C-A,0,-4.130018,0.23548130691051483,0.5920000076293945,0.19220000505447388
YGL181W,YBL039W-A,0,-4.130018,0.2353876680135727,0.5920000076293945,0.1923000067472458
YGR081C,YHR214W-G,0,-4.130018,0.23529411852359772,0.5920000076293945,0.1923999935388565
YBL039W-A,YPR133C,0,-4.130018,0.23520062863826752,0.5920000076293945,0.19249999523162842
YBR196C-A,YDL015C,0,-4.130018,0.23510722815990448,0.5920000076293945,0.19259999692440033
YCL001W-B,YAR019C,0,-4.130018,0.23501388728618622,0.5920000076293945,0.19269999861717224
YOR283W,YCR080W,0,-4.130018,0.23492063581943512,0.5920000076293945,0.19280000030994415
YOR078W,YBL008W-A,0,-4.130018,0.2348274439573288,0.5920000076293945,0.19290000200271606
YJL012C-A,YHR138C,1,-4.130018,0.23513084650039673,0.5929999947547913,0.19290000200271606
YOR126C,YDR379C-A,0,-4.130018,0.2350376546382904,0.5929999947547913,0.19300000369548798
YDR210W-D,YHL027W,0,-4.130018,0.23494453728199005,0.5929999947547913,0.1931000053882599
YOR123C,YBL008W-A,0,-4.130018,0.23485147953033447,0.5929999947547913,0.1932000070810318
YML038C,YBR200W-A,0,-4.130018,0.23475851118564606,0.5929999947547913,0.19329999387264252
YOR343C-B,YNL281W,0,-4.130018,0.2346656173467636,0.5929999947547913,0.19339999556541443
YNR067C,YER137C-A,0,-4.130018,0.23457278311252594,0.5929999947547913,0.19349999725818634
YPR132W,YJR112W-A,0,-4.130018,0.23448003828525543,0.5929999947547913,0.19359999895095825
YPR170W-B,YDL194W,0,-4.130018,0.2343873530626297,0.5929999947547913,0.19370000064373016
YPR170W-B,YNL283C,0,-4.130018,0.23429474234580994,0.5929999947547913,0.19380000233650208
YHL009W-A,YDR084C,0,-4.130018,0.23420220613479614,0.5929999947547913,0.193900004029274
YCL048W-A,YOR393W,0,-4.130018,0.23410974442958832,0.5929999947547913,0.1940000057220459
YDR195W,YBL101W-A,0,-4.130018,0.23401735723018646,0.5929999947547913,0.1941000074148178
YGR275W,YHR212W-A,0,-4.130018,0.23392504453659058,0.5929999947547913,0.19419999420642853
YGR243W,YCL001W-B,0,-4.130018,0.23383280634880066,0.5929999947547913,0.19429999589920044
YOR195W,YHL009W-A,0,-4.130018,0.2337406426668167,0.5929999947547913,0.19439999759197235
YDR089W,YDR365W-B,0,-4.130018,0.23364853858947754,0.5929999947547913,0.19449999928474426
YGL041C-B,YGR208W,0,-4.130018,0.23355652391910553,0.5929999947547913,0.19460000097751617
YIL156W-B,YJR026W,0,-4.130018,0.2334645688533783,0.5929999947547913,0.19470000267028809
YIL016W,YJL127C-A,0,-4.130018,0.23337268829345703,0.5929999947547913,0.19480000436306
YBR196C-A,YPL119C,0,-4.130018,0.23328088223934174,0.5929999947547913,0.1949000060558319
YBR208C,YIL102C-A,0,-4.130018,0.2331891506910324,0.5929999947547913,0.19499999284744263
YOL006C,YDL160C-A,0,-4.130018,0.23309747874736786,0.5929999947547913,0.19509999454021454
YDR541C,YBR196C-A,0,-4.130018,0.23300589621067047,0.5929999947547913,0.19519999623298645
YLR216C,YJR112W-A,0,-4.130018,0.23291437327861786,0.5929999947547913,0.19529999792575836
YER184C,YBL008W-A,0,-4.130018,0.23282292485237122,0.5929999947547913,0.19539999961853027
YJR112W-A,YGR206W,0,-4.130018,0.23273155093193054,0.5929999947547913,0.19550000131130219
YCL001W-B,YDL061C,0,-4.130018,0.23264025151729584,0.5929999947547913,0.1956000030040741
YLR174W,YCL048W-A,0,-4.130018,0.2325490266084671,0.5929999947547913,0.195700004696846
YAR018C,YDR379C-A,0,-4.130018,0.23245786130428314,0.5929999947547913,0.19580000638961792
YPR170W-B,YJL222W,0,-4.130018,0.23236677050590515,0.5929999947547913,0.19589999318122864
YGL175C,YHR212W-A,0,-4.130018,0.23227575421333313,0.5929999947547913,0.19599999487400055
YMR032W,YIL156W-B,0,-4.130018,0.23218481242656708,0.5929999947547913,0.19609999656677246
YIL156W-B,YOR153W,0,-4.130018,0.2320939302444458,0.5929999947547913,0.19619999825954437
YER053C-A,YBR013C,0,-4.130018,0.2320031225681305,0.5929999947547913,0.19629999995231628
YDR306C,YAR044W,0,-4.130018,0.23191240429878235,0.5929999947547913,0.1964000016450882
YBL101C,YIL102C-A,0,-4.130018,0.23182173073291779,0.5929999947547913,0.1965000033378601
YHR138C,YCL005W-A,1,-4.130018,0.23212192952632904,0.593999981880188,0.1965000033378601
YPR021C,YBL101W-A,0,-4.130018,0.23203125596046448,0.593999981880188,0.19660000503063202
YDR125C,YBR200W-A,0,-4.130018,0.2319406419992447,0.593999981880188,0.19670000672340393
YOR084W,YCL048W-A,0,-4.130018,0.23185011744499207,0.593999981880188,0.19679999351501465
YCL001W-B,YDR309C,0,-4.130018,0.23175965249538422,0.593999981880188,0.19689999520778656
YER053C-A,YOR159C,0,-4.130018,0.23166926205158234,0.593999981880188,0.19699999690055847
YAR070W-A,YER064C,0,-4.130018,0.23157894611358643,0.593999981880188,0.19709999859333038
YCL048W-A,YLR018C,0,-4.130018,0.23148870468139648,0.593999981880188,0.1972000002861023
YGR184C,YML045W-A,0,-4.130018,0.23139852285385132,0.593999981880188,0.1973000019788742
YCL021W-A,YMR243C,0,-4.130018,0.23130841553211212,0.593999981880188,0.19740000367164612
YDR210W-C,YIL133C,0,-4.130018,0.2312183678150177,0.593999981880188,0.19750000536441803
YAL061W,YDR210W-C,0,-4.130018,0.23112840950489044,0.593999981880188,0.19760000705718994
YGL227W,YPL060C-A,0,-4.130018,0.23103851079940796,0.593999981880188,0.19769999384880066
YMR201C,YML045W-A,0,-4.130018,0.23094867169857025,0.593999981880188,0.19779999554157257
YDL171C,YHL009W-A,0,-4.130018,0.2308589220046997,0.593999981880188,0.19789999723434448
YDR279W,YGR169C-C,0,-4.130018,0.23076923191547394,0.593999981880188,0.1979999989271164
YNL284C-A,YLR391W-A,0,-4.130018,0.23067961633205414,0.593999981880188,0.1981000006198883
YJL031C,YOR020W-A,0,-4.130018,0.2305900603532791,0.593999981880188,0.19820000231266022
YML033W,YER163C,0,-4.130018,0.23050057888031006,0.593999981880188,0.19830000400543213
YBR196C-A,YGL175C,0,-4.130018,0.23041117191314697,0.593999981880188,0.19840000569820404
YDR210W-D,YMR095C,0,-4.130018,0.23032182455062866,0.593999981880188,0.19850000739097595
YJR107W,YDR474C,0,-4.130018,0.23023255169391632,0.593999981880188,0.19859999418258667
YGL041C-B,YGR239C,0,-4.130018,0.23014335334300995,0.593999981880188,0.19869999587535858
YNL093W,YKL065W-A,0,-4.130018,0.23005421459674835,0.593999981880188,0.1987999975681305
YCL021W-A,YOL041C,0,-4.130018,0.22996515035629272,0.593999981880188,0.1988999992609024
YIL016W,YIL102C-A,0,-4.130018,0.22987616062164307,0.593999981880188,0.19900000095367432
YHR182W,YDL160C-A,0,-4.130018,0.22978723049163818,0.593999981880188,0.19910000264644623
YER128W,YDR210W-D,0,-4.130018,0.22969837486743927,0.593999981880188,0.19920000433921814
YDR282C,YLR154W-A,0,-4.130018,0.22960959374904633,0.593999981880188,0.19930000603199005
YDR210W-C,YGR289C,0,-4.130018,0.22952087223529816,0.593999981880188,0.19939999282360077
YIL102C-A,YPL097W,0,-4.130018,0.22943221032619476,0.593999981880188,0.19949999451637268
YOR209C,YDR119W-A,0,-4.130018,0.22934362292289734,0.593999981880188,0.1995999962091446
YNL024C-A,YIL150C,0,-4.130018,0.22925511002540588,0.593999981880188,0.1996999979019165
YER061C,YHR212W-A,0,-4.130018,0.2291666716337204,0.593999981880188,0.19979999959468842
YBL039W-A,YIL031W,0,-4.130018,0.2290782928466797,0.593999981880188,0.19990000128746033
YBR239C,YHR212W-A,0,-4.130018,0.22898997366428375,0.593999981880188,0.20000000298023224
YML064C,YIL102C-A,0,-4.130018,0.2289017289876938,0.593999981880188,0.20010000467300415
YPL275W,YKL065W-A,0,-4.130018,0.2288135588169098,0.593999981880188,0.20020000636577606
YGL129C,YBL008W-A,0,-4.130018,0.22872544825077057,0.593999981880188,0.20029999315738678
YDR014W-A,YPR023C,0,-4.130018,0.22863741219043732,0.593999981880188,0.2003999948501587
YIL156W-B,YDR025W,0,-4.130018,0.22854943573474884,0.593999981880188,0.2004999965429306
YCL048W-A,YDR365W-B,0,-4.130018,0.22846153378486633,0.593999981880188,0.20059999823570251
YBL008W-A,YJL115W,0,-4.130018,0.2283737063407898,0.593999981880188,0.20069999992847443
YDR014W-A,YDL160C-A,0,-4.130018,0.22828593850135803,0.593999981880188,0.20080000162124634
YPL189C-A,YDR034C-D,0,-4.130018,0.22819823026657104,0.593999981880188,0.20090000331401825
YDR210W-D,YJR017C,0,-4.130018,0.22811059653759003,0.593999981880188,0.20100000500679016
YNL257C,YJL133C-A,0,-4.130018,0.22802303731441498,0.593999981880188,0.20110000669956207
YOR157C,YLR099W-A,0,-4.130018,0.2279355376958847,0.593999981880188,0.2011999934911728
YDR194C,YIL102C-A,0,-4.130018,0.2278480976819992,0.593999981880188,0.2012999951839447
YER008C,YGR161C-C,0,-4.130018,0.22776073217391968,0.593999981880188,0.2013999968767166
YCR101C,YDR119W-A,0,-4.130018,0.22767344117164612,0.593999981880188,0.20149999856948853
YGR169C-C,YHL009W-A,0,-4.130018,0.22758620977401733,0.593999981880188,0.20160000026226044
YCL058W-A,YGR067C,0,-4.130018,0.22749903798103333,0.593999981880188,0.20170000195503235
YOR033C,YKL065W-A,0,-4.130018,0.22741194069385529,0.593999981880188,0.20180000364780426
YLR330W,YBR196C-A,0,-4.130018,0.22732491791248322,0.593999981880188,0.20190000534057617
YMR247C,YDR119W-A,0,-4.130018,0.22723795473575592,0.593999981880188,0.20200000703334808
YBL039W-A,YER153C,0,-4.130018,0.2271510511636734,0.593999981880188,0.2020999938249588
YDR374W-A,YHR206W,0,-4.130018,0.22706422209739685,0.593999981880188,0.2021999955177307
YMR168C,YIL102C-A,0,-4.130018,0.22697745263576508,0.593999981880188,0.20229999721050262
YHL009W-B,YFR007W,0,-4.130018,0.22689075767993927,0.593999981880188,0.20239999890327454
YDR512C,YPR170W-B,0,-4.130018,0.22680412232875824,0.593999981880188,0.20250000059604645
YGR169C-C,YLR085C,0,-4.130018,0.22671756148338318,0.593999981880188,0.20260000228881836
YBL095W,YCL058W-A,0,-4.130018,0.2266310602426529,0.593999981880188,0.20270000398159027
YDL156W,YPR170W-B,0,-4.130018,0.22654461860656738,0.593999981880188,0.20280000567436218
YKL005C,YBL101W-A,0,-4.130018,0.22645825147628784,0.593999981880188,0.2029000073671341
YDR223W,YBL101W-A,0,-4.130018,0.22637194395065308,0.593999981880188,0.2029999941587448
YDR379C-A,YBL084C,0,-4.130018,0.22628571093082428,0.593999981880188,0.20309999585151672
YOL032W,YJR112W-A,0,-4.130018,0.22619953751564026,0.593999981880188,0.20319999754428864
YIR026C,YDR381C-A,0,-4.130018,0.2261134386062622,0.593999981880188,0.20329999923706055
YCL026C-B,YFL040W,0,-4.130018,0.22602739930152893,0.593999981880188,0.20340000092983246
YDL225W,YHL009W-A,0,-4.130018,0.22594141960144043,0.593999981880188,0.20350000262260437
YMR115W,YBL101W-B,0,-4.130018,0.2258555144071579,0.593999981880188,0.20360000431537628
YBL058W,YBL039W-A,0,-4.130018,0.22576966881752014,0.593999981880188,0.2037000060081482
YDR119W-A,YMR142C,0,-4.130018,0.22568389773368835,0.593999981880188,0.2037999927997589
YML008C,YCL048W-A,0,-4.130018,0.22559817135334015,0.593999981880188,0.20389999449253082
YCL003W,YMR295C,0,-4.130018,0.2255125343799591,0.593999981880188,0.20399999618530273
YGL041C-B,YDR090C,0,-4.130018,0.22542694211006165,0.593999981880188,0.20409999787807465
YNR032W,YHR212W-A,0,-4.130018,0.22534142434597015,0.593999981880188,0.20419999957084656
YPR036W-A,YCL001W,0,-4.130018,0.22525596618652344,0.593999981880188,0.20430000126361847
YGL158W,YCL001W-B,0,-4.130018,0.2251705825328827,0.593999981880188,0.20440000295639038
YMR077C,YML045W-A,0,-4.130018,0.22508525848388672,0.593999981880188,0.2045000046491623
YJL207C,YOR142W-B,0,-4.130018,0.22499999403953552,0.593999981880188,0.2046000063419342
YHR039C-B,YHR138C,1,-4.130018,0.22529344260692596,0.5950000286102295,0.2046000063419342
YNL284C-A,YDR376W,0,-4.130018,0.22520817816257477,0.5950000286102295,0.20469999313354492
YNL173C,YJL133C-A,0,-4.130018,0.22512297332286835,0.5950000286102295,0.20479999482631683
YML018C,YCR080W,0,-4.130018,0.2250378280878067,0.5950000286102295,0.20489999651908875
YMR156C,YPR036W-A,0,-4.130018,0.22495274245738983,0.5950000286102295,0.20499999821186066
YGL041C-B,YEL038W,0,-4.130018,0.22486773133277893,0.5950000286102295,0.20509999990463257
YPR035W,YIL102C-A,0,-4.130018,0.2247827798128128,0.5950000286102295,0.20520000159740448
YOR344C,YPR170W-B,0,-4.130018,0.22469788789749146,0.5950000286102295,0.2053000032901764
YDR374W-A,YGL245W,0,-4.130018,0.22461305558681488,0.5950000286102295,0.2054000049829483
YGR169C-C,YJR086W,0,-4.130018,0.22452829778194427,0.5950000286102295,0.20550000667572021
YAR070W-A,YLR214W,0,-4.130018,0.22444359958171844,0.5950000286102295,0.20559999346733093
YGL114W,YLR391W,0,-4.130018,0.22435897588729858,0.5950000286102295,0.20569999516010284
YLR099W-A,YOR328W,0,-4.130018,0.2242744117975235,0.5950000286102295,0.20579999685287476
YNL284C-A,YLL016W,0,-4.130018,0.2241899073123932,0.5950000286102295,0.20589999854564667
YBR218C,YPR170W-B,0,-4.130018,0.22410546243190765,0.5950000286102295,0.20600000023841858
YMR003W,YCL021W-A,0,-4.130018,0.2240210771560669,0.5950000286102295,0.2061000019311905
YPL276W,YPR090W,0,-4.130018,0.2239367663860321,0.5950000286102295,0.2062000036239624
YHR098C,YML045W-A,0,-4.130018,0.2238525152206421,0.5950000286102295,0.20630000531673431
YBR196C-A,YER070W,0,-4.130018,0.22376833856105804,0.5950000286102295,0.20640000700950623
YHR214W,YDR119W-A,0,-4.130018,0.22368420660495758,0.5950000286102295,0.20649999380111694
YBR196C-A,YHR143W-A,0,-4.130018,0.22360014915466309,0.5950000286102295,0.20659999549388885
YDR210W-C,YCR104W,0,-4.130018,0.22351615130901337,0.5950000286102295,0.20669999718666077
YHR214W-G,YBL100W-A,0,-4.130018,0.22343221306800842,0.5950000286102295,0.20679999887943268
YOR343C-B,YIL034C,0,-4.130018,0.22334834933280945,0.5950000286102295,0.2069000005722046
YGL041C-B,YEL043W,0,-4.130018,0.22326454520225525,0.5950000286102295,0.2070000022649765
YHR214W-G,YML068W,0,-4.130018,0.22318080067634583,0.5950000286102295,0.2071000039577484
YFR016C,YDR210C-C,0,-4.130018,0.22309711575508118,0.5950000286102295,0.20720000565052032
YDR381C-A,YLR239C,0,-4.130018,0.2230134904384613,0.5950000286102295,0.20730000734329224
YER074W-A,YOR228C,0,-4.130018,0.2229299396276474,0.5950000286102295,0.20739999413490295
YLR052W,YLR099W-A,0,-4.130018,0.22284644842147827,0.5950000286102295,0.20749999582767487
YAR044W,YHL044W,0,-4.130018,0.22276301681995392,0.5950000286102295,0.20759999752044678
YIL156W-B,YFL011W,0,-4.130018,0.22267964482307434,0.5950000286102295,0.2076999992132187
YHR214W-G,YBR272C,0,-4.130018,0.22259633243083954,0.5950000286102295,0.2078000009059906
YFL052W,YGR161C-D,0,-4.13013,0.2225130945444107,0.5950000286102295,0.2079000025987625
YPR090W,YIR023W,0,-4.1305304,0.22242990136146545,0.5950000286102295,0.20800000429153442
YGR027W-B,YGL212W,0,-4.1307087,0.22234678268432617,0.5950000286102295,0.20810000598430634
YOL028C,YHL004W,0,-4.1307836,0.22226372361183167,0.5950000286102295,0.20819999277591705
YPL190C,YFL043C,0,-4.130852,0.22218073904514313,0.5950000286102295,0.20829999446868896
YGL181W,YDR316W-B,0,-4.1309123,0.22209779918193817,0.5950000286102295,0.20839999616146088
YMR005W,YPL004C,0,-4.1310744,0.222014918923378,0.5950000286102295,0.2084999978542328
YOR192C-A,YKR090W,0,-4.1316524,0.22193211317062378,0.5950000286102295,0.2085999995470047
YPR090W,YER166W,0,-4.1318145,0.22184936702251434,0.5950000286102295,0.2087000012397766
YFL052W,YBR169C,0,-4.131816,0.22176668047904968,0.5950000286102295,0.20880000293254852
YLR154W-A,YNR016C,0,-4.1319113,0.2216840535402298,0.5950000286102295,0.20890000462532043
YER133W,YFL043C,0,-4.1321635,0.2216014862060547,0.5950000286102295,0.20900000631809235
YFR018C,YDR013W,0,-4.132266,0.22151899337768555,0.5950000286102295,0.20909999310970306
YMR243C,YBR131W,0,-4.1324368,0.2214365452528,0.5950000286102295,0.20919999480247498
YPR090W,YMR014W,0,-4.1329894,0.2213541716337204,0.5950000286102295,0.2092999964952469
YDR307W,YKL025C,0,-4.133358,0.2212718427181244,0.5950000286102295,0.2093999981880188
YGL190C,YBR108W,0,-4.1334276,0.22118958830833435,0.5950000286102295,0.2094999998807907
YBL050W,YGR209C,1,-4.1334553,0.22147899866104126,0.5960000157356262,0.2094999998807907
YHL009W-B,YBL040C,0,-4.1334825,0.22139672935009003,0.5960000157356262,0.20960000157356262
YPR090W,YFL026W,0,-4.1336064,0.22131451964378357,0.5960000157356262,0.20970000326633453
YLR143W,YHR051W,0,-4.1338415,0.2212323695421219,0.5960000157356262,0.20980000495910645
YHR039C-B,YLR240W,1,-4.1341434,0.22152133285999298,0.597000002861023,0.20980000495910645
YJL174W,YJL034W,0,-4.1345754,0.2214391678571701,0.597000002861023,0.20990000665187836
YDR098C-B,YPL113C,0,-4.134996,0.221357062458992,0.597000002861023,0.20999999344348907
YCL060C,YIR036C,0,-4.135189,0.22127501666545868,0.597000002861023,0.210099995136261
YBL082C,YDR308C,0,-4.1353917,0.22119303047657013,0.597000002861023,0.2101999968290329
YLR333C,YDR365W-A,0,-4.1354475,0.22111110389232635,0.597000002861023,0.2102999985218048
YBR150C,YJL180C,0,-4.135623,0.22102925181388855,0.597000002861023,0.21040000021457672
YMR286W,YOR149C,0,-4.136324,0.22094744443893433,0.597000002861023,0.21050000190734863
YPR199C,YMR295C,0,-4.13634,0.22086571156978607,0.597000002861023,0.21060000360012054
YOR326W,YOR270C,1,-4.1366234,0.2211538404226303,0.5979999899864197,0.21060000360012054
YJL164C,YLR154W-A,0,-4.136637,0.22107209265232086,0.5979999899864197,0.21070000529289246
YHR026W,YHR138C,1,-4.1374173,0.22135993838310242,0.5989999771118164,0.21070000529289246
YDR459C,YPR102C,0,-4.1374383,0.22127816081047058,0.5989999771118164,0.21080000698566437
YJL026W,YPL232W,0,-4.137713,0.22119645774364471,0.5989999771118164,0.21089999377727509
YLR266C,YDR098C-B,0,-4.137812,0.22111479938030243,0.5989999771118164,0.210999995470047
YMR122W-A,YDR093W,0,-4.1380386,0.2210332155227661,0.5989999771118164,0.2110999971628189
YNL251C,YGR038C-B,0,-4.138805,0.22095167636871338,0.5989999771118164,0.21119999885559082
YDL140C,YGR165W,0,-4.1389565,0.2208702117204666,0.5989999771118164,0.21130000054836273
YCR081W,YLR218C,0,-4.138974,0.22078879177570343,0.5989999771118164,0.21140000224113464
YDR012W,YDR160W,0,-4.1391673,0.22070744633674622,0.5989999771118164,0.21150000393390656
YKR001C,YCR080W,0,-4.1391673,0.22062614560127258,0.5989999771118164,0.21160000562667847
YDR333C,YDR411C,0,-4.139335,0.22054491937160492,0.5989999771118164,0.21170000731945038
YGL253W,YDR244W,0,-4.1395655,0.22046375274658203,0.5989999771118164,0.2117999941110611
YPR090W,YNL147W,0,-4.139839,0.22038263082504272,0.5989999771118164,0.211899995803833
YML025C,YOR039W,0,-4.140431,0.2203015834093094,0.5989999771118164,0.21199999749660492
YGR027W-B,YDR092W,0,-4.1407685,0.22022059559822083,0.5989999771118164,0.21209999918937683
YGR109W-B,YDL031W,0,-4.1408215,0.22013965249061584,0.5989999771118164,0.21220000088214874
YIL148W,YBR217W,0,-4.1408257,0.22005878388881683,0.5989999771118164,0.21230000257492065
YDR365W-B,YPL052W,0,-4.141011,0.2199779599905014,0.5989999771118164,0.21240000426769257
YDR018C,YPL072W,0,-4.141509,0.21989721059799194,0.5989999771118164,0.21250000596046448
YDR438W,YMR193W,0,-4.141896,0.21981652081012726,0.5989999771118164,0.2125999927520752
YHR192W,YGL195W,0,-4.1421304,0.21973587572574615,0.5989999771118164,0.2126999944448471
YCL027C-A,YGL231C,0,-4.1423664,0.21965530514717102,0.5989999771118164,0.21279999613761902
YOR359W,YJR028W,0,-4.1424317,0.21957477927207947,0.5989999771118164,0.21289999783039093
YCL027C-A,YER041W,0,-4.142508,0.2194943130016327,0.5989999771118164,0.21299999952316284
YER175C,YLR154W-A,0,-4.1427736,0.21941392123699188,0.5989999771118164,0.21310000121593475
YGR109W-A,YGL023C,0,-4.143018,0.21933357417583466,0.5989999771118164,0.21320000290870667
YDR495C,YCL005W-A,1,-4.143042,0.21961933374404907,0.6000000238418579,0.21320000290870667
YCR097WB,YOL077C,0,-4.1431007,0.21953897178173065,0.6000000238418579,0.21330000460147858
YKL047W,YLR151C,0,-4.1433744,0.219458669424057,0.6000000238418579,0.2134000062942505
YML033W,YMR268W-A,0,-4.143531,0.21937842667102814,0.6000000238418579,0.2134999930858612
YDL119C,YPR102C,0,-4.1438103,0.21929824352264404,0.6000000238418579,0.21359999477863312
YGR295C,YCL003W,0,-4.1439505,0.21921811997890472,0.6000000238418579,0.21369999647140503
YDR542W,YFL034W,0,-4.1441627,0.21913805603981018,0.6000000238418579,0.21379999816417694
YBL039W-B,YNL138W-A,0,-4.1442924,0.2190580517053604,0.6000000238418579,0.21389999985694885
YMR285C,YDR387C,0,-4.144312,0.21897810697555542,0.6000000238418579,0.21400000154972076
YOR088W,YML024W,0,-4.1443405,0.218898206949234,0.6000000238418579,0.21410000324249268
YMR092C,YDR034C-C,0,-4.144464,0.21881838142871857,0.6000000238418579,0.2142000049352646
YFL045C,YKL105C,0,-4.1445003,0.2187386006116867,0.6000000238418579,0.2143000066280365
YGR178C,YBL098W,0,-4.1450586,0.21865889430046082,0.6000000238418579,0.21439999341964722
YPR137C-A,YDL212W,0,-4.145087,0.2185792326927185,0.6000000238418579,0.21449999511241913
YOR299W,YGR124W,0,-4.145239,0.21849963068962097,0.6000000238418579,0.21459999680519104
YIL044C,YDR240C,0,-4.145346,0.2184200882911682,0.6000000238418579,0.21469999849796295
YPR137W,YGR161C-C,0,-4.1456356,0.21834060549736023,0.6000000238418579,0.21480000019073486
YLR278C,YFR007W,0,-4.145803,0.21826118230819702,0.6000000238418579,0.21490000188350677
YLR347C,YGL106W,0,-4.1459618,0.2181818187236786,0.6000000238418579,0.2150000035762787
YDL240W,YEL009C,0,-4.146469,0.21810251474380493,0.6000000238418579,0.2151000052690506
YLL036C,YOR128C,0,-4.14659,0.21802325546741486,0.6000000238418579,0.2152000069618225
YDR352W,YOR356W,0,-4.1474123,0.21794405579566956,0.6000000238418579,0.21529999375343323
YGR070W,YER031C,0,-4.1475377,0.21786493062973022,0.6000000238418579,0.21539999544620514
YDR212W,YMR122W-A,0,-4.1475897,0.21778585016727448,0.6000000238418579,0.21549999713897705
YKR070W,YPR045C,0,-4.147674,0.2177068144083023,0.6000000238418579,0.21559999883174896
YGR161W-B,YNR058W,0,-4.1480436,0.2176278531551361,0.6000000238418579,0.21570000052452087
YCR059C,YCL058W-A,0,-4.1483197,0.21754895150661469,0.6000000238418579,0.21580000221729279
YNL123W,YDR316W-B,0,-4.148616,0.21747009456157684,0.6000000238418579,0.2159000039100647
YBR029C,YFR024C,0,-4.149088,0.21739129722118378,0.6000000238418579,0.2160000056028366
YPR015C,YIL068C,0,-4.149321,0.21731257438659668,0.6000000238418579,0.21610000729560852
YPR037C,YOL005C,0,-4.1494584,0.21723388135433197,0.6000000238418579,0.21619999408721924
YPR158W-B,YGL106W,0,-4.1498017,0.21715526282787323,0.6000000238418579,0.21629999577999115
YOR367W,YMR279C,0,-4.149887,0.21707670390605927,0.6000000238418579,0.21639999747276306
YPR137C-B,YMR008C,0,-4.149988,0.21699818968772888,0.6000000238418579,0.21649999916553497
YAR050W,YGR205W,0,-4.1500087,0.21691973507404327,0.6000000238418579,0.21660000085830688
YGL195W,YDR316W-A,0,-4.150236,0.21684134006500244,0.6000000238418579,0.2167000025510788
YKL008C,YKL162C,0,-4.1504774,0.21676300466060638,0.6000000238418579,0.2168000042438507
YDR524C,YDR185C,0,-4.150752,0.2166847288608551,0.6000000238418579,0.21690000593662262
YGR175C,YBL059C-A,0,-4.1510005,0.2166064977645874,0.6000000238418579,0.21699999272823334
YGR097W,YBR257W,0,-4.151264,0.21652832627296448,0.6000000238418579,0.21709999442100525
YDR116C,YKR099C-A,0,-4.15136,0.21645021438598633,0.6000000238418579,0.21719999611377716
YGR161W-B,YLR411W,0,-4.151757,0.21637216210365295,0.6000000238418579,0.21729999780654907
YMR069W,YLR154W-A,0,-4.151863,0.21629415452480316,0.6000000238418579,0.21739999949932098
YEL071W,YKL023W,0,-4.1518774,0.21621622145175934,0.6000000238418579,0.2175000011920929
YGL123W,YDR474C,0,-4.151916,0.2161383330821991,0.6000000238418579,0.2176000028848648
YPL050C,YDR513W,0,-4.1522646,0.21606050431728363,0.6000000238418579,0.21770000457763672
YDR059C,YGR205W,0,-4.152649,0.21598272025585175,0.6000000238418579,0.21780000627040863
YOR130C,YDL201W,0,-4.1526723,0.21590499579906464,0.6000000238418579,0.21789999306201935
YML130C,YLR391W,0,-4.1528544,0.2158273309469223,0.6000000238418579,0.21799999475479126
YBR126W-A,YMR074C,0,-4.1533914,0.21574972569942474,0.6000000238418579,0.21809999644756317
YDR463W,YDR261W-B,0,-4.1535773,0.21567218005657196,0.6000000238418579,0.21819999814033508
YPR090W,YBR068C,0,-4.153681,0.21559467911720276,0.6000000238418579,0.218299999833107
YMR210W,YHR214C-C,0,-4.153681,0.21551723778247833,0.6000000238418579,0.2184000015258789
YBR222C,YDL155W,0,-4.1536984,0.21543985605239868,0.6000000238418579,0.21850000321865082
YML037C,YLR256W,0,-4.153907,0.2153625339269638,0.6000000238418579,0.21860000491142273
YGR165W,YGR038C-B,0,-4.1542187,0.2152852565050125,0.6000000238418579,0.21870000660419464
YPR090W,YNL056W,0,-4.1545534,0.215208038687706,0.6000000238418579,0.21879999339580536
YLR191W,YPR158W-B,0,-4.154653,0.21513086557388306,0.6000000238418579,0.21889999508857727
YOL114C,YKR081C,0,-4.155217,0.2150537669658661,0.6000000238418579,0.21899999678134918
YCL026C-B,YHR076W,0,-4.155663,0.2149767130613327,0.6000000238418579,0.2190999984741211
YCL062W,YDL185W,1,-4.156064,0.21525788307189941,0.6010000109672546,0.2190999984741211
YCL010C,YNR056C,0,-4.1561103,0.21518081426620483,0.6010000109672546,0.219200000166893
YGR029W,YER041W,0,-4.1561112,0.21510379016399384,0.6010000109672546,0.21930000185966492
YDR210W,YER137C-A,0,-4.157239,0.2150268405675888,0.6010000109672546,0.21940000355243683
YPR055W,YJL021C,0,-4.158144,0.21494993567466736,0.6010000109672546,0.21950000524520874
YJR004C,YGL079W,0,-4.158155,0.2148730754852295,0.6010000109672546,0.21960000693798065
YLR298C,YGL187C,0,-4.1581774,0.2147962898015976,0.6010000109672546,0.21969999372959137
YNL183C,YAR044W,0,-4.158231,0.21471954882144928,0.6010000109672546,0.21979999542236328
YPR004C,YDR533C,0,-4.1584916,0.21464285254478455,0.6010000109672546,0.2198999971151352
YOR266W,YGR161C-C,0,-4.1587286,0.21456623077392578,0.6010000109672546,0.2199999988079071
YOR290C,YMR043W,0,-4.158742,0.2144896537065506,0.6010000109672546,0.22010000050067902
YGL108C,YBL061C,0,-4.1589227,0.214413121342659,0.6010000109672546,0.22020000219345093
YGR038C-A,YJL137C,0,-4.1593294,0.21433666348457336,0.6010000109672546,0.22030000388622284
YLR297W,YIL160C,0,-4.1593494,0.2142602503299713,0.6010000109672546,0.22040000557899475
YBL107C,YDR055W,0,-4.1599984,0.21418389678001404,0.6010000109672546,0.22050000727176666
YFR019W,YHR174W,1,-4.160148,0.21446384489536285,0.6019999980926514,0.22050000727176666
YHL021C,YPL153C,0,-4.161032,0.2143874615430832,0.6019999980926514,0.22059999406337738
YJL222W,YDR283C,0,-4.161358,0.2143111377954483,0.6019999980926514,0.2206999957561493
YOR343W-A,YOL107W,0,-4.1614428,0.2142348736524582,0.6019999980926514,0.2207999974489212
YHL046C,YDR173C,0,-4.161496,0.21415866911411285,0.6019999980926514,0.22089999914169312
YGR258C,YFL043C,0,-4.161804,0.2140825092792511,0.6019999980926514,0.22100000083446503
YDR098C-B,YGL001C,0,-4.161859,0.21400639414787292,0.6019999980926514,0.22110000252723694
YBR012W-A,YNL288W,0,-4.161912,0.21393035352230072,0.6019999980926514,0.22120000422000885
YFL053W,YOL053W,0,-4.161961,0.2138543576002121,0.6019999980926514,0.22130000591278076
YDR493W,YMR106C,0,-4.161977,0.21377840638160706,0.6019999980926514,0.22139999270439148
YJL001W,YDR365W-B,0,-4.1620674,0.2137025147676468,0.6019999980926514,0.2214999943971634
YOR069W,YLR375W,0,-4.1623926,0.2136266827583313,0.6019999980926514,0.2215999960899353
YBR169C,YNL033W,0,-4.1625767,0.21355091035366058,0.6019999980926514,0.22169999778270721
YKR103W,YML086C,0,-4.1627736,0.21347518265247345,0.6019999980926514,0.22179999947547913
YOR037W,YNL236W,0,-4.1633363,0.2133994996547699,0.6019999980926514,0.22190000116825104
YMR289W,YDR185C,0,-4.163388,0.21332389116287231,0.6019999980926514,0.22200000286102295
YDR465C,YER066W,0,-4.163489,0.21324831247329712,0.6019999980926514,0.22210000455379486
YAR020C,YGR266W,0,-4.1638017,0.2131728082895279,0.6019999980926514,0.22220000624656677
YLR106C,YLR188W,0,-4.1639323,0.21309734880924225,0.6019999980926514,0.2222999930381775
YKL088W,YBL039C,0,-4.164064,0.21302193403244019,0.6019999980926514,0.2223999947309494
YJR057W,YDR210W-A,0,-4.164212,0.2129465937614441,0.6019999980926514,0.2224999964237213
YBL058W,YOL034W,0,-4.164356,0.21287128329277039,0.6019999980926514,0.22259999811649323
YPR158C-D,YKL179C,0,-4.164462,0.21279604732990265,0.6019999980926514,0.22269999980926514
YMR210W,YIR015W,0,-4.164615,0.2127208411693573,0.6019999980926514,0.22280000150203705
YGR116W,YML069W,0,-4.164832,0.21264570951461792,0.6019999980926514,0.22290000319480896
YPR158C-D,YGR006W,0,-4.1649203,0.21257062256336212,0.6019999980926514,0.22300000488758087
YCR009C,YDR333C,0,-4.165059,0.2124955803155899,0.6019999980926514,0.22310000658035278
YDR261C-C,YBR106W,0,-4.1652946,0.21242061257362366,0.6019999980926514,0.2231999933719635
YPL098C,YGL243W,0,-4.1658936,0.2123456746339798,0.6019999980926514,0.2232999950647354
YHR055C,YDR138W,0,-4.166299,0.2122708112001419,0.6019999980926514,0.22339999675750732
YKL119C,YCL005W-A,1,-4.1666594,0.21254846453666687,0.6029999852180481,0.22339999675750732
YFL050C,YDR210W-A,0,-4.1666694,0.2124735713005066,0.6029999852180481,0.22349999845027924
YGR279C,YDL227C,0,-4.1670036,0.2123987376689911,0.6029999852180481,0.22360000014305115
YGL256W,YDR086C,0,-4.1670876,0.21232394874095917,0.6029999852180481,0.22370000183582306
YDL134C-A,YJL156C,0,-4.167272,0.21224920451641083,0.6029999852180481,0.22380000352859497
YER159C-A,YKL074C,0,-4.167856,0.21217451989650726,0.6029999852180481,0.22390000522136688
YJL012C-A,YDL185W,1,-4.1678734,0.21245163679122925,0.6039999723434448,0.22390000522136688
YER140W,YHR112C,0,-4.1678743,0.2123769372701645,0.6039999723434448,0.2240000069141388
YMR069W,YKL093W,0,-4.167986,0.2123022824525833,0.6039999723434448,0.2240999937057495
YBR162W-A,YHR214C-C,0,-4.168315,0.2122276872396469,0.6039999723434448,0.22419999539852142
YJL014W,YBR279W,0,-4.1691236,0.2121531367301941,0.6039999723434448,0.22429999709129333
YDR276C,YLR460C,0,-4.169235,0.21207864582538605,0.6039999723434448,0.22439999878406525
YDR279W,YDR022C,0,-4.169376,0.21200421452522278,0.6039999723434448,0.22450000047683716
YDR476C,YJR068W,0,-4.1694903,0.2119298279285431,0.6039999723434448,0.22460000216960907
YGL073W,YDL134C-A,0,-4.1698766,0.21185548603534698,0.6039999723434448,0.22470000386238098
YER112W,YNR013C,0,-4.1700125,0.21178120374679565,0.6039999723434448,0.2248000055551529
YOR389W,YNL135C,0,-4.170156,0.2117069810628891,0.6039999723434448,0.2249000072479248
YDR229W,YGR161C-C,0,-4.1704803,0.21163280308246613,0.6039999723434448,0.22499999403953552
YLR396C,YHR138C,1,-4.1705165,0.21190893650054932,0.6050000190734863,0.22499999403953552
YMR278W,YDR337W,0,-4.170646,0.21183472871780396,0.6050000190734863,0.22509999573230743
YJR061W,YOR212W,0,-4.170996,0.21176059544086456,0.6050000190734863,0.22519999742507935
YHL040C,YOR373W,0,-4.171646,0.21168649196624756,0.6050000190734863,0.22529999911785126
YDR261C-C,YOR084W,0,-4.171813,0.21161244809627533,0.6050000190734863,0.22540000081062317
YDR131C,YNL295W,0,-4.171896,0.21153846383094788,0.6050000190734863,0.22550000250339508
YPL275W,YDR329C,0,-4.1719713,0.211464524269104,0.6050000190734863,0.225600004196167
YHR039C-B,YLR043C,1,-4.172086,0.21174004673957825,0.6060000061988831,0.225600004196167
YKR062W,YNR071C,0,-4.17248,0.211666077375412,0.6060000061988831,0.2257000058889389
YBR090C-A,YDR063W,0,-4.1726894,0.2115921825170517,0.6060000061988831,0.22579999268054962
YJL012C-A,YDL077C,1,-4.1726966,0.21186736226081848,0.6069999933242798,0.22579999268054962
YOL087C,YDL100C,0,-4.1730604,0.2117934376001358,0.6069999933242798,0.22589999437332153
YJL003W,YNL054W-A,0,-4.173104,0.2117195725440979,0.6069999933242798,0.22599999606609344
YDR017C,YBR127C,1,-4.173161,0.21199442446231842,0.6079999804496765,0.22599999606609344
YFR049W,YGL010W,0,-4.173627,0.21192052960395813,0.6079999804496765,0.22609999775886536
YMR244C-A,YDR470C,0,-4.1739073,0.21184669435024261,0.6079999804496765,0.22619999945163727
YOR142W,YGR161W-B,0,-4.1742697,0.21177290380001068,0.6079999804496765,0.22630000114440918
YMR231W,YCL005W-A,1,-4.174514,0.21204735338687897,0.609000027179718,0.22630000114440918
YNL219C,YOR212W,0,-4.1745315,0.21197354793548584,0.609000027179718,0.2264000028371811
YER183C,YDR261W-A,0,-4.174895,0.2118997871875763,0.609000027179718,0.226500004529953
YLR303W,YMR098C,0,-4.175096,0.21182608604431152,0.609000027179718,0.22660000622272491
YBR028C,YER133W,0,-4.175112,0.21175242960453033,0.609000027179718,0.22669999301433563
YGL244W,YDL198C,0,-4.1752725,0.21167883276939392,0.609000027179718,0.22679999470710754
YIL023C,YDL144C,0,-4.175623,0.2116052806377411,0.609000027179718,0.22689999639987946
YGR276C,YDR261W-B,0,-4.1756444,0.21153178811073303,0.609000027179718,0.22699999809265137
YDR261C-C,YKL056C,0,-4.1760607,0.21145834028720856,0.609000027179718,0.22709999978542328
YOL110W,YML026C,0,-4.176259,0.21138493716716766,0.609000027179718,0.2272000014781952
YPL257W-B,YNL164C,0,-4.176519,0.21131159365177155,0.609000027179718,0.2273000031709671
YOR290C,YER179W,0,-4.1768055,0.211238294839859,0.609000027179718,0.227400004863739
YAL020C,YML068W,0,-4.1768203,0.21116505563259125,0.609000027179718,0.22750000655651093
YDL180W,YBR187W,0,-4.1768675,0.21109186112880707,0.609000027179718,0.22759999334812164
YBR240C,YOL051W,0,-4.1769166,0.21101871132850647,0.609000027179718,0.22769999504089355
YGL209W,YDR261C-C,0,-4.1770186,0.21094562113285065,0.609000027179718,0.22779999673366547
YLR240W,YDR328C,1,-4.177099,0.21121883392333984,0.6100000143051147,0.22779999673366547
YOR182C,YHR079C-B,0,-4.1771135,0.21114572882652283,0.6100000143051147,0.22789999842643738
YKL157W,YNL147W,0,-4.177198,0.2110726684331894,0.6100000143051147,0.2280000001192093
YOR152C,YKL138C,0,-4.177478,0.21099965274333954,0.6100000143051147,0.2281000018119812
YGR084C,YDL116W,0,-4.177638,0.21092669665813446,0.6100000143051147,0.2282000035047531
YGR102C,YDL067C,0,-4.1777563,0.21085378527641296,0.6100000143051147,0.22830000519752502
YPL050C,YAL015C,0,-4.1778545,0.21078093349933624,0.6100000143051147,0.22840000689029694
YPL241C,YDR096W,0,-4.178181,0.2107081115245819,0.6100000143051147,0.22849999368190765
YPL268W,YKL051W,1,-4.1783743,0.21098066866397858,0.6110000014305115,0.22849999368190765
YLR387C,YDR452W,0,-4.1784105,0.21090783178806305,0.6110000014305115,0.22859999537467957
YMR011W,YGR038C-B,0,-4.178768,0.2108350545167923,0.6110000014305115,0.22869999706745148
YOL071W,YPL216W,0,-4.1793427,0.21076233685016632,0.6110000014305115,0.2287999987602234
YDR316W-B,YLR139C,0,-4.1794343,0.21068964898586273,0.6110000014305115,0.2289000004529953
YLR227W-B,YDL153C,0,-4.1795177,0.2106170356273651,0.6110000014305115,0.2290000021457672
YKL199C,YPR133C,0,-4.17964,0.21054445207118988,0.6110000014305115,0.22910000383853912
YLR382C,YLR227W-A,0,-4.179684,0.21047192811965942,0.6110000014305115,0.22920000553131104
YBR272C,YFL066C,0,-4.17972,0.21039944887161255,0.6110000014305115,0.22930000722408295
YFL002W-A,YGR058W,0,-4.1798625,0.21032702922821045,0.6110000014305115,0.22939999401569366
YKL051W,YNL079C,1,-4.179971,0.21059876680374146,0.6119999885559082,0.22939999401569366
YPR036W,YCL005W-A,1,-4.179993,0.21087031066417694,0.6129999756813049,0.22939999401569366
YJL092W,YER159C-A,0,-4.1800175,0.21079780161380768,0.6129999756813049,0.22949999570846558
YLR113W,YKL084W,0,-4.180089,0.210725337266922,0.6129999756813049,0.2295999974012375
YDR261C-C,YBL011W,0,-4.180517,0.2106529176235199,0.6129999756813049,0.2296999990940094
YCL063W,YDL185W,1,-4.1808443,0.21092407405376434,0.6140000224113464,0.2296999990940094
YHL006C,YNL315C,0,-4.181273,0.21085165441036224,0.6140000224113464,0.2298000007867813
YER137C-A,YOL105C,0,-4.181933,0.21077926456928253,0.6140000224113464,0.22990000247955322
YDR003W,YLR025W,0,-4.1827927,0.2107069343328476,0.6140000224113464,0.23000000417232513
YER096W,YOL165C,0,-4.1828732,0.21063464879989624,0.6140000224113464,0.23010000586509705
YEL046C,YGR072W,0,-4.1830077,0.21056240797042847,0.6140000224113464,0.23019999265670776
YJL058C,YIL108W,0,-4.1831355,0.21049022674560547,0.6140000224113464,0.23029999434947968
YER086W,YDR020C,0,-4.183231,0.21041809022426605,0.6140000224113464,0.2303999960422516
YMR113W,YLR406C,0,-4.183578,0.2103460133075714,0.6140000224113464,0.2304999977350235
YLR021W,YMR268W-A,0,-4.18454,0.21027396619319916,0.6140000224113464,0.2305999994277954
YHL009W-B,YPR158W-B,0,-4.1849737,0.21020197868347168,0.6140000224113464,0.23070000112056732
YPR081C,YMR209C,0,-4.18507,0.21013005077838898,0.6140000224113464,0.23080000281333923
YOL111C,YHR173C,0,-4.1851425,0.21005815267562866,0.6140000224113464,0.23090000450611115
YKR070W,YDR062W,0,-4.185179,0.20998631417751312,0.6140000224113464,0.23100000619888306
YDR295C,YNL236W,0,-4.1856394,0.20991453528404236,0.6140000224113464,0.23109999299049377
YIL033C,YGR132C,0,-4.1857324,0.20984278619289398,0.6140000224113464,0.23119999468326569
YNL178W,YDR439W,0,-4.185908,0.20977109670639038,0.6140000224113464,0.2312999963760376
YOL057W,YLL053C,0,-4.185938,0.20969945192337036,0.6140000224113464,0.2313999980688095
YJL012C-A,YOR270C,1,-4.1859536,0.20996926724910736,0.6150000095367432,0.2313999980688095
YDR493W,YOR365C,0,-4.186074,0.20989760756492615,0.6150000095367432,0.23149999976158142
YDR388W,YKL120W,0,-4.1869373,0.20982599258422852,0.6150000095367432,0.23160000145435333
YER089C,YJL197W,0,-4.187352,0.20975443720817566,0.6150000095367432,0.23170000314712524
YJL056C,YAL005C,0,-4.1875534,0.2096829116344452,0.6150000095367432,0.23180000483989716
YBL017C,YOR365C,0,-4.1877766,0.2096114456653595,0.6150000095367432,0.23190000653266907
YBR271W,YEL069C,0,-4.18816,0.20954003930091858,0.6150000095367432,0.23199999332427979
YFL006W,YJL198W,0,-4.1884637,0.20946866273880005,0.6150000095367432,0.2320999950170517
YDR351W,YCL038C,0,-4.1892004,0.2093973457813263,0.6150000095367432,0.2321999967098236
YOR326W,YKR007W,1,-4.1893325,0.209666445851326,0.6159999966621399,0.2321999967098236
YCL062W,YDR080W,1,-4.1896534,0.20993535220623016,0.6169999837875366,0.2321999967098236
YNL015W,YBR127C,1,-4.1897254,0.2102040797472,0.6179999709129333,0.2321999967098236
YGR020C,YHR060W,1,-4.190277,0.21047262847423553,0.6190000176429749,0.2321999967098236
YDL065C,YDR027C,0,-4.190635,0.21040108799934387,0.6190000176429749,0.23229999840259552
YJR091C,YPR158W-A,0,-4.191054,0.2103295922279358,0.6190000176429749,0.23240000009536743
YPL028W,YDR170C,0,-4.192699,0.21025815606117249,0.6190000176429749,0.23250000178813934
YJL180C,YIR015W,0,-4.1933985,0.21018676459789276,0.6190000176429749,0.23260000348091125
YDR020C,YDR434W,0,-4.193454,0.21011541783809662,0.6190000176429749,0.23270000517368317
YGR038C-A,YMR035W,0,-4.193593,0.21004411578178406,0.6190000176429749,0.23280000686645508
YLR305C,YOR270C,1,-4.193608,0.21031208336353302,0.6200000047683716,0.23280000686645508
YAR010C,YAL034W-A,0,-4.194461,0.21024076640605927,0.6200000047683716,0.2328999936580658
YAL042W,YER107C,0,-4.1945534,0.2101694941520691,0.6200000047683716,0.2329999953508377
YOL139C,YMR122W-A,0,-4.194646,0.2100982666015625,0.6200000047683716,0.23309999704360962
YCR097WB,YCL014W,0,-4.1947947,0.21002709865570068,0.6200000047683716,0.23319999873638153
YNL076W,YDR134C,0,-4.194798,0.20995597541332245,0.6200000047683716,0.23330000042915344
YER120W,YIL099W,0,-4.194836,0.2098848968744278,0.6200000047683716,0.23340000212192535
YJL003W,YJL018W,0,-4.195545,0.20981387794017792,0.6200000047683716,0.23350000381469727
YJR073C,YKR002W,0,-4.1956253,0.20974288880825043,0.6200000047683716,0.23360000550746918
YLR132C,YDR375C,0,-4.1957974,0.2096719592809677,0.6200000047683716,0.2337000072002411
YPL095C,YER163C,0,-4.1958156,0.20960107445716858,0.6200000047683716,0.2337999939918518
YPR065W,YMR266W,0,-4.1959577,0.20953024923801422,0.6200000047683716,0.23389999568462372
YIL049W,YNL054W-A,0,-4.196175,0.20945945382118225,0.6200000047683716,0.23399999737739563
YPR071W,YHR122W,0,-4.1965666,0.20938871800899506,0.6200000047683716,0.23409999907016754
YDR388W,YLR172C,0,-4.196588,0.20931802690029144,0.6200000047683716,0.23420000076293945
YGL180W,YIL094C,0,-4.1969595,0.2092473804950714,0.6200000047683716,0.23430000245571136
YOR099W,YPR066W,0,-4.1972365,0.20917679369449615,0.6200000047683716,0.23440000414848328
YOL103W-B,YLR110C,0,-4.1976333,0.2091062366962433,0.6200000047683716,0.2345000058412552
YDR100W,YNL080C,0,-4.1976843,0.2090357393026352,0.6200000047683716,0.2345999926328659
YBR044C,YJR064W,0,-4.1980534,0.20896528661251068,0.6200000047683716,0.23469999432563782
YHR138C,YBR127C,1,-4.198162,0.20923180878162384,0.6209999918937683,0.23469999432563782
YCR053W,YJR096W,0,-4.198323,0.20916134119033813,0.6209999918937683,0.23479999601840973
YNL030W,YDR316W-B,0,-4.1984243,0.20909090340137482,0.6209999918937683,0.23489999771118164
YDL156W,YIL073C,0,-4.1990275,0.20902052521705627,0.6209999918937683,0.23499999940395355
YJL012C-A,YEL051W,1,-4.1990886,0.2092866748571396,0.621999979019165,0.23499999940395355
YDR210C-D,YER157W,0,-4.200382,0.20921628177165985,0.621999979019165,0.23510000109672546
YGR161C-C,YOR009W,0,-4.200507,0.2091459333896637,0.621999979019165,0.23520000278949738
YJL012C-A,YPL019C,1,-4.20059,0.20941177010536194,0.6230000257492065,0.23520000278949738
YMR207C,YBL056W,0,-4.2008963,0.2093413919210434,0.6230000257492065,0.2353000044822693
YHR039C-B,YDL185W,1,-4.201132,0.20960699021816254,0.6240000128746033,0.2353000044822693
YMR156C,YPR158W-A,0,-4.201132,0.2095365971326828,0.6240000128746033,0.2354000061750412
YCL060C,YER027C,0,-4.201146,0.20946626365184784,0.6240000128746033,0.23549999296665192
YPR016C,YOR081C,0,-4.2013144,0.20939597487449646,0.6240000128746033,0.23559999465942383
YPL163C,YNL209W,0,-4.201581,0.20932573080062866,0.6240000128746033,0.23569999635219574
YJR017C,YJL113W,0,-4.201707,0.20925553143024445,0.6240000128746033,0.23579999804496765
YFL002W-A,YGL175C,0,-4.202117,0.2091853767633438,0.6240000128746033,0.23589999973773956
YHR214C-C,YNR009W,0,-4.2022977,0.20911528170108795,0.6240000128746033,0.23600000143051147
YDR483W,YNL270C,0,-4.2024603,0.20904523134231567,0.6240000128746033,0.2361000031232834
YLR447C,YBR127C,1,-4.2029886,0.2093101143836975,0.625,0.2361000031232834
YHR199C-A,YAL068C,0,-4.2034154,0.20924003422260284,0.625,0.2362000048160553
YNL002C,YFL055W,0,-4.20348,0.20917001366615295,0.625,0.2363000065088272
YOL038W,YGL085W,0,-4.203784,0.20910003781318665,0.625,0.23639999330043793
YOR140W,YDR334W,0,-4.2041316,0.20903010666370392,0.625,0.23649999499320984
YDR388W,YNL290W,0,-4.204788,0.20896022021770477,0.625,0.23659999668598175
YJL167W,YBL059C-A,0,-4.2055745,0.2088903784751892,0.625,0.23669999837875366
YNL219C,YMR200W,0,-4.205712,0.20882058143615723,0.625,0.23680000007152557
YGL220W,YLR214W,0,-4.2060127,0.20875082910060883,0.625,0.23690000176429749
YGR156W,YIL087C,0,-4.20616,0.2086811363697052,0.625,0.2370000034570694
YNL059C,YPR194C,0,-4.2063165,0.20861148834228516,0.625,0.2371000051498413
YOR222W,YIL140W,0,-4.206328,0.2085418701171875,0.625,0.23720000684261322
YDR120C,YHR109W,0,-4.2063737,0.20847231149673462,0.625,0.23729999363422394
YJR054W,YLR385C,0,-4.206535,0.20840279757976532,0.625,0.23739999532699585
YLR356W,YBR022W,0,-4.2068195,0.2083333283662796,0.625,0.23749999701976776
YLR227W-B,YDR390C,0,-4.207299,0.20826391875743866,0.625,0.23759999871253967
YPL048W,YLL005C,0,-4.2074046,0.2081945389509201,0.625,0.23770000040531158
YNL176C,YIL068C,0,-4.207455,0.20812520384788513,0.625,0.2378000020980835
YPR158C-C,YFL036W,0,-4.207841,0.20805592834949493,0.625,0.2379000037908554
YLR227W-B,YLR347C,0,-4.2080913,0.20798668265342712,0.625,0.23800000548362732
YNL125C,YOL111C,0,-4.20927,0.2079174965620041,0.625,0.23810000717639923
YJL151C,YMR030W,0,-4.210083,0.20784835517406464,0.625,0.23819999396800995
YKL033W-A,YDR058C,0,-4.210208,0.20777925848960876,0.625,0.23829999566078186
YDL178W,YOR017W,0,-4.210348,0.20771020650863647,0.625,0.23839999735355377
YDR333C,YPL015C,0,-4.210434,0.20764119923114777,0.625,0.23849999904632568
YDL078C,YPR131C,0,-4.210526,0.20757223665714264,0.625,0.2386000007390976
YCL062W,YOR326W,1,-4.210627,0.2078353315591812,0.6259999871253967,0.2386000007390976
YGR058W,YBL010C,0,-4.210832,0.2077663391828537,0.6259999871253967,0.2387000024318695
YMR231W,YOR270C,1,-4.2110033,0.20802919566631317,0.6269999742507935,0.2387000024318695
YOR256C,YDR034C-C,0,-4.21105,0.20796020328998566,0.6269999742507935,0.23880000412464142
YBR088C,YMR166C,0,-4.211182,0.20789124071598053,0.6269999742507935,0.23890000581741333
YNL294C,YIL137C,0,-4.211207,0.20782233774662018,0.6269999742507935,0.23899999260902405
YBL059C-A,YLR391W-A,0,-4.2112184,0.2077534794807434,0.6269999742507935,0.23909999430179596
YJL018W,YPL023C,0,-4.211269,0.20768466591835022,0.6269999742507935,0.23919999599456787
YDR540C,YKR085C,0,-4.2112813,0.2076158970594406,0.6269999742507935,0.23929999768733978
YHR214W,YGL059W,0,-4.2116084,0.2075471729040146,0.6269999742507935,0.2393999993801117
YJL012C-A,YLR396C,1,-4.2121315,0.20780940353870392,0.628000020980835,0.2393999993801117
YLR054C,YFL040W,0,-4.2121415,0.2077406495809555,0.628000020980835,0.2395000010728836
YCR017C,YKR021W,0,-4.2123313,0.20767195522785187,0.628000020980835,0.23960000276565552
YMR264W,YHR214C-C,0,-4.2123685,0.2076033055782318,0.628000020980835,0.23970000445842743
YJR093C,YDR365W-A,0,-4.2125444,0.20753470063209534,0.628000020980835,0.23980000615119934
YDR434W,YOR165W,0,-4.212662,0.20746614038944244,0.628000020980835,0.23989999294281006
YCR089W,YLR391W,0,-4.2126703,0.20739762485027313,0.628000020980835,0.23999999463558197
YNL284C,YPL001W,0,-4.212795,0.2073291540145874,0.628000020980835,0.24009999632835388
YCL062W,YPL268W,1,-4.212951,0.2075907588005066,0.6290000081062317,0.24009999632835388
YOR297C,YPL141C,0,-4.213444,0.20752227306365967,0.6290000081062317,0.2401999980211258
YPR158W-B,YJL140W,0,-4.2137065,0.20745383203029633,0.6290000081062317,0.2402999997138977
YBR152W,YDR470C,0,-4.213797,0.20738542079925537,0.6290000081062317,0.24040000140666962
YJR145C,YDR441C,0,-4.214471,0.2073170691728592,0.6290000081062317,0.24050000309944153
YKR062W,YHR050W,0,-4.2147503,0.2072487622499466,0.6290000081062317,0.24060000479221344
YMR032W,YDR368W,0,-4.214858,0.20718050003051758,0.6290000081062317,0.24070000648498535
YMR247C,YBL059C-A,0,-4.2148957,0.20711228251457214,0.6290000081062317,0.24079999327659607
YHR081W,YML039W,0,-4.214973,0.2070441097021103,0.6290000081062317,0.24089999496936798
YMR268W-A,YDL216C,0,-4.2150598,0.20697598159313202,0.6290000081062317,0.2409999966621399
YJL174W,YML046W,0,-4.2158484,0.20690789818763733,0.6290000081062317,0.2410999983549118
YFL018W-A,YPL177C,0,-4.2158732,0.20683985948562622,0.6290000081062317,0.24120000004768372
YMR050C,YKL059C,0,-4.2161055,0.2067718654870987,0.6290000081062317,0.24130000174045563
YHR047C,YLR391W,0,-4.2166533,0.20670391619205475,0.6290000081062317,0.24140000343322754
YOR192C-A,YLR160C,0,-4.2168055,0.20663601160049438,0.6290000081062317,0.24150000512599945
YMR263W,YKL199C,0,-4.2170014,0.2065681517124176,0.6290000081062317,0.24160000681877136
YMR231W,YCL062W,1,-4.2175784,0.20682862401008606,0.6299999952316284,0.24160000681877136
YFR037C,YJR051W,0,-4.217798,0.20676074922084808,0.6299999952316284,0.24169999361038208
YHR001W,YDR365W-A,0,-4.218003,0.2066929191350937,0.6299999952316284,0.241799995303154
YNR015W,YDR210C-D,0,-4.218214,0.20662511885166168,0.6299999952316284,0.2418999969959259
YGR109W-B,YBR098W,0,-4.2182846,0.20655737817287445,0.6299999952316284,0.24199999868869781
YLR396C,YNL015W,1,-4.218957,0.20681743323802948,0.6309999823570251,0.24199999868869781
YPR100W,YDR468C,0,-4.219286,0.20674967765808105,0.6309999823570251,0.24210000038146973
YCR102C,YLR176C,0,-4.2192917,0.20668195188045502,0.6309999823570251,0.24220000207424164
YNL157W,YNL256W,0,-4.219488,0.20661427080631256,0.6309999823570251,0.24230000376701355
YNL007C,YDR285W,0,-4.219972,0.20654664933681488,0.6309999823570251,0.24240000545978546
YCL001W-A,YDL005C,0,-4.2200465,0.2064790576696396,0.6309999823570251,0.24250000715255737
YLR212C,YNL069C,0,-4.2201967,0.20641151070594788,0.6309999823570251,0.2425999939441681
YFL030W,YGR038C-A,0,-4.220323,0.20634400844573975,0.6309999823570251,0.24269999563694
YLR061W,YCL027C-A,0,-4.2205124,0.2062765657901764,0.6309999823570251,0.24279999732971191
YDR430C,YDR046C,0,-4.2205663,0.20620915293693542,0.6309999823570251,0.24289999902248383
YDL093W,YML101C,0,-4.2209706,0.20614178478717804,0.6309999823570251,0.24300000071525574
YBL032W,YDR453C,0,-4.2217894,0.20607446134090424,0.6309999823570251,0.24310000240802765
YAL068C,YOL049W,0,-4.2218776,0.206007182598114,0.6309999823570251,0.24320000410079956
YCL062W,YBR109C,1,-4.22194,0.20626631379127502,0.6320000290870667,0.24320000410079956
YML131W,YIL031W,0,-4.2223563,0.2061990201473236,0.6320000290870667,0.24330000579357147
YHR039C-B,YEL051W,1,-4.222905,0.2064579278230667,0.6330000162124634,0.24330000579357147
YGR161C-D,YGL179C,0,-4.2233458,0.2063906043767929,0.6330000162124634,0.2433999925851822
YMR301C,YDR210W-A,0,-4.2234163,0.20632334053516388,0.6330000162124634,0.2434999942779541
YOR028C,YGR122W,0,-4.2235417,0.20625610649585724,0.6330000162124634,0.243599995970726
YDR470C,YPL053C,0,-4.2236834,0.20618893206119537,0.6330000162124634,0.24369999766349792
YHR116W,YPR180W,0,-4.223701,0.2061217874288559,0.6330000162124634,0.24379999935626984
YJL117W,YHR097C,0,-4.223713,0.2060546875,0.6330000162124634,0.24390000104904175
YMR017W,YPR097W,0,-4.223974,0.20598763227462769,0.6330000162124634,0.24400000274181366
YPR137C-B,YGR284C,0,-4.224119,0.20592062175273895,0.6330000162124634,0.24410000443458557
YAL018C,YPR029C,0,-4.22489,0.2058536559343338,0.6330000162124634,0.24420000612735748
YBR028C,YIL105C,0,-4.224958,0.20578673481941223,0.6330000162124634,0.2442999929189682
YDR162C,YEL072W,0,-4.225066,0.20571985840797424,0.6330000162124634,0.2443999946117401
YEL051W,YCL005W-A,1,-4.2252254,0.2059779018163681,0.6340000033378601,0.2443999946117401
YBR248C,YFL035C-B,0,-4.2257624,0.20591101050376892,0.6340000033378601,0.24449999630451202
YFL018W-A,YML075C,0,-4.2258315,0.20584414899349213,0.6340000033378601,0.24459999799728394
YHR039C-B,YDR080W,1,-4.2258883,0.2061019092798233,0.6349999904632568,0.24459999799728394
YDR130C,YIL162W,0,-4.226487,0.2060350477695465,0.6349999904632568,0.24469999969005585
YBL040C,YJL021C,0,-4.2265596,0.2059682160615921,0.6349999904632568,0.24480000138282776
YOR142W-A,YMR024W,0,-4.227001,0.20590142905712128,0.6349999904632568,0.24490000307559967
YGR109W-A,YBR021W,0,-4.227212,0.20583468675613403,0.6349999904632568,0.24500000476837158
YJR016C,YDR376W,0,-4.227323,0.20576798915863037,0.6349999904632568,0.2451000064611435
YGL150C,YDL182W,0,-4.227998,0.2057013213634491,0.6349999904632568,0.2451999932527542
YCL062W,YDL077C,1,-4.2281976,0.2059585452079773,0.6359999775886536,0.2451999932527542
YAR044W,YDR397C,0,-4.2284374,0.20589187741279602,0.6359999775886536,0.24529999494552612
YFL003C,YLR200W,0,-4.228479,0.20582523941993713,0.6359999775886536,0.24539999663829803
YPL268W,YCL005W-A,1,-4.2286963,0.20608218014240265,0.6370000243186951,0.24539999663829803
YLR301W,YPR194C,0,-4.228829,0.20601552724838257,0.6370000243186951,0.24549999833106995
YHR181W,YHR141C,0,-4.229046,0.20594891905784607,0.6370000243186951,0.24560000002384186
YNL325C,YER055C,0,-4.229304,0.20588235557079315,0.6370000243186951,0.24570000171661377
YNL010W,YOR080W,0,-4.2294383,0.20581583678722382,0.6370000243186951,0.24580000340938568
YNL079C,YDR328C,1,-4.2295823,0.2060723453760147,0.6380000114440918,0.24580000340938568
YOR088W,YKR026C,0,-4.2303996,0.20600581169128418,0.6380000114440918,0.2459000051021576
YML112W,YOL034W,0,-4.2309275,0.20593932271003723,0.6380000114440918,0.2460000067949295
YML031W,YFL037W,0,-4.2309885,0.20587286353111267,0.6380000114440918,0.24609999358654022
YGR020C,YHR039C-B,1,-4.231081,0.2061290293931961,0.6389999985694885,0.24609999358654022
YBR127C,YDR456W,1,-4.2313404,0.2063850313425064,0.6399999856948853,0.24609999358654022
YOL136C,YPL060C-A,0,-4.2315,0.20631849765777588,0.6399999856948853,0.24619999527931213
YDR210W-B,YHR044C,0,-4.2315,0.20625200867652893,0.6399999856948853,0.24629999697208405
YDR142C,YER137C-A,0,-4.2315702,0.20618556439876556,0.6399999856948853,0.24639999866485596
YOR316C,YLR391W,0,-4.231782,0.20611916482448578,0.6399999856948853,0.24650000035762787
YOR083W,YGL127C,0,-4.2324023,0.20605279505252838,0.6399999856948853,0.24660000205039978
YDR453C,YLR227W-A,0,-4.2326245,0.20598648488521576,0.6399999856948853,0.2467000037431717
YHR004C,YJR161C,0,-4.232635,0.20592020452022552,0.6399999856948853,0.2468000054359436
YMR027W,YPL099C,0,-4.2326937,0.20585396885871887,0.6399999856948853,0.24690000712871552
YLL028W,YBR044C,0,-4.2330446,0.2057877779006958,0.6399999856948853,0.24699999392032623
YDR063W,YDR176W,0,-4.233162,0.2057216316461563,0.6399999856948853,0.24709999561309814
YDR025W,YGR015C,0,-4.233646,0.2056555300951004,0.6399999856948853,0.24719999730587006
YNL146W,YLR038C,0,-4.2338667,0.20558945834636688,0.6399999856948853,0.24729999899864197
YDR316W-A,YGR078C,0,-4.23396,0.20552344620227814,0.6399999856948853,0.24740000069141388
YIL169C,YLR227W-A,0,-4.2343116,0.20545746386051178,0.6399999856948853,0.2475000023841858
YPR137C-B,YDL015C,0,-4.235647,0.205391526222229,0.6399999856948853,0.2476000040769577
YDR430C,YJR016C,0,-4.2369127,0.2053256332874298,0.6399999856948853,0.24770000576972961
YFL002W-A,YOL047C,0,-4.2369385,0.2052597850561142,0.6399999856948853,0.24779999256134033
YGL195W,YPL090C,0,-4.23696,0.20519396662712097,0.6399999856948853,0.24789999425411224
YER128W,YEL069C,0,-4.2370214,0.20512820780277252,0.6399999856948853,0.24799999594688416
YPL024W,YDR096W,0,-4.2372675,0.20506247878074646,0.6399999856948853,0.24809999763965607
YGL257C,YPL207W,0,-4.2373214,0.20499679446220398,0.6399999856948853,0.24819999933242798
YDR522C,YJR116W,0,-4.2377687,0.20493115484714508,0.6399999856948853,0.2483000010251999
YIL015W,YDR365W-B,0,-4.2381077,0.20486555993556976,0.6399999856948853,0.2484000027179718
YDR062W,YNL270C,0,-4.2381425,0.20479999482631683,0.6399999856948853,0.2485000044107437
YGR233C,YKL151C,0,-4.2381926,0.20473448932170868,0.6399999856948853,0.24860000610351562
YJL011C,YGR038C-B,0,-4.2390223,0.2046690136194229,0.6399999856948853,0.24869999289512634
YPL050C,YDR031W,0,-4.239106,0.20460358262062073,0.6399999856948853,0.24879999458789825
YDL248W,YDR376W,0,-4.23972,0.20453819632530212,0.6399999856948853,0.24889999628067017
YIL138C,YLR240W,1,-4.2400503,0.2047923356294632,0.640999972820282,0.24889999628067017
YBR058C,YDR316W-B,0,-4.240077,0.2047269195318222,0.640999972820282,0.24899999797344208
YJL012C-A,YER072W,1,-4.240512,0.20498085021972656,0.6420000195503235,0.24899999797344208
YMR301C,YDR316W-B,0,-4.240569,0.20491541922092438,0.6420000195503235,0.249099999666214
YGR040W,YJR097W,0,-4.240796,0.20485003292560577,0.6420000195503235,0.2492000013589859
YER086W,YGR120C,0,-4.2410507,0.20478469133377075,0.6420000195503235,0.2493000030517578
YGR161W-B,YPR067W,0,-4.241062,0.2047193944454193,0.6420000195503235,0.24940000474452972
YMR207C,YPR137C-A,0,-4.241413,0.20465412735939026,0.6420000195503235,0.24950000643730164
YIL090W,YPL193W,0,-4.2414937,0.2045889049768448,0.6420000195503235,0.24959999322891235
YNL082W,YBR008C,0,-4.2415543,0.2045237272977829,0.6420000195503235,0.24969999492168427
YHR026W,YCL062W,1,-4.242056,0.2047770768404007,0.6430000066757202,0.24969999492168427
YMR259C,YDR533C,0,-4.242117,0.20471186935901642,0.6430000066757202,0.24979999661445618
YPL050C,YML041C,0,-4.242174,0.20464672148227692,0.6430000066757202,0.2498999983072281
YLR244C,YER031C,0,-4.2423954,0.2045816034078598,0.6430000066757202,0.25
YCL050C,YDR474C,0,-4.24241,0.20451654493808746,0.6430000066757202,0.2500999867916107
YNL054W-A,YGL087C,0,-4.242469,0.2044515162706375,0.6430000066757202,0.2502000033855438
YDR409W,YLR164W,0,-4.2428517,0.20438651740550995,0.6430000066757202,0.25029999017715454
YDL066W,YLR055C,0,-4.2434535,0.20432157814502716,0.6430000066757202,0.25040000677108765
YBR062C,YHR103W,0,-4.243477,0.20425666868686676,0.6430000066757202,0.25049999356269836
YJL012C-A,YDR065W,1,-4.2440963,0.20450936257839203,0.6439999938011169,0.25049999356269836
YDL064W,YMR045C,0,-4.244706,0.20444443821907043,0.6439999938011169,0.25060001015663147
YLR173W,YIR028W,0,-4.244808,0.20437955856323242,0.6439999938011169,0.2506999969482422
YLR447C,YJL012C-A,1,-4.2450576,0.2046319842338562,0.6449999809265137,0.2506999969482422
YER078C,YIL069C,0,-4.2454376,0.2045670747756958,0.6449999809265137,0.2508000135421753
YDR381W,YPL001W,0,-4.2456813,0.20450222492218018,0.6449999809265137,0.250900000333786
YML124C,YER172C,0,-4.2459335,0.20443740487098694,0.6449999809265137,0.25099998712539673
YOR192C-A,YIR038C,0,-4.2462664,0.20437262952327728,0.6449999809265137,0.25110000371932983
YDR300C,YOR285W,0,-4.2463827,0.20430788397789001,0.6449999809265137,0.25119999051094055
YLR341W,YFR031C-A,0,-4.2463837,0.20424319803714752,0.6449999809265137,0.25130000710487366
YKL200C,YER051W,0,-4.2464957,0.20417854189872742,0.6449999809265137,0.2513999938964844
YLR350W,YLR256W,0,-4.2467027,0.2041139304637909,0.6449999809265137,0.2515000104904175
YFL052W,YBL017C,0,-4.2468023,0.20404934883117676,0.6449999809265137,0.2515999972820282
YDR156W,YNR071C,0,-4.2469344,0.2039848268032074,0.6449999809265137,0.2517000138759613
YOR007C,YPR173C,0,-4.246986,0.20392033457756042,0.6449999809265137,0.251800000667572
YJR152W,YDR466W,0,-4.247465,0.20385587215423584,0.6449999809265137,0.25189998745918274
YPL018W,YBR090C-A,0,-4.247786,0.20379146933555603,0.6449999809265137,0.25200000405311584
YAL055W,YDL130W,0,-4.2479835,0.2037270963191986,0.6449999809265137,0.25209999084472656
YOR149C,YBR100W,0,-4.248027,0.20366276800632477,0.6449999809265137,0.25220000743865967
YDR034W-B,YMR301C,0,-4.2484994,0.2035984843969345,0.6449999809265137,0.2522999942302704
YAL018C,YDR461W,0,-4.2486715,0.20353423058986664,0.6449999809265137,0.2524000108242035
YNL010W,YOR298W,0,-4.248749,0.20347003638744354,0.6449999809265137,0.2524999976158142
YKL100C,YKR096W,0,-4.2493854,0.20340587198734283,0.6449999809265137,0.2526000142097473
YOR326W,YDR202C,1,-4.249916,0.20365700125694275,0.6460000276565552,0.2526000142097473
YCR044C,YLR042C,0,-4.2503443,0.20359280705451965,0.6460000276565552,0.25270000100135803
YMR231W,YNL015W,1,-4.250471,0.20384372770786285,0.6470000147819519,0.25270000100135803
YER014W,YAR044W,0,-4.250495,0.20377953350543976,0.6470000147819519,0.25279998779296875
YMR070W,YBL005W,0,-4.2507095,0.20371536910533905,0.6470000147819519,0.25290000438690186
YJL012C-A,YLR148W,1,-4.251548,0.20396600663661957,0.6480000019073486,0.25290000438690186
YLR404W,YOR343W-B,0,-4.2516823,0.20390182733535767,0.6480000019073486,0.2529999911785126
YLR396C,YBL050W,1,-4.2520676,0.20415225625038147,0.6489999890327454,0.2529999911785126
YDR079C-A,YJR106W,0,-4.2523127,0.20408804714679718,0.6489999890327454,0.2531000077724457
YNL293W,YFL066C,0,-4.2523665,0.20402389764785767,0.6489999890327454,0.2531999945640564
YMR198W,YBR210W,0,-4.252514,0.20395977795124054,0.6489999890327454,0.2533000111579895
YKL186C,YER064C,0,-4.252705,0.203895702958107,0.6489999890327454,0.2533999979496002
YJL012C-A,YJR033C,1,-4.2527275,0.20414572954177856,0.6499999761581421,0.2533999979496002
YGR275W,YJR143C,0,-4.252759,0.20408163964748383,0.6499999761581421,0.2535000145435333
YLR211C,YGR233C,0,-4.252926,0.20401757955551147,0.6499999761581421,0.25360000133514404
YFR019W,YBR127C,1,-4.253126,0.20426733791828156,0.6510000228881836,0.25360000133514404
YIR021W,YKL048C,0,-4.253173,0.204203262925148,0.6510000228881836,0.25369998812675476
YDR210C-D,YDR470C,0,-4.2533,0.20413923263549805,0.6510000228881836,0.25380000472068787
YLR406C,YIL077C,0,-4.2540507,0.20407523214817047,0.6510000228881836,0.2538999915122986
YPR158W-A,YGR141W,0,-4.2542143,0.20401127636432648,0.6510000228881836,0.2540000081062317
YOR142W-A,YLR092W,0,-4.254285,0.20394736528396606,0.6510000228881836,0.2540999948978424
YOR193W,YHR027C,0,-4.2542896,0.20388349890708923,0.6510000228881836,0.2542000114917755
YDR540C,YDR414C,0,-4.2543545,0.2038196623325348,0.6510000228881836,0.25429999828338623
YGR054W,YDL081C,0,-4.255085,0.20375587046146393,0.6510000228881836,0.25440001487731934
YMR167W,YMR223W,0,-4.2553625,0.20369210839271545,0.6510000228881836,0.25450000166893005
YOR120W,YGR038C-A,0,-4.2560434,0.20362840592861176,0.6510000228881836,0.25459998846054077
YKR042W,YOL090W,0,-4.2560906,0.20356473326683044,0.6510000228881836,0.2547000050544739
YLR022C,YOR039W,0,-4.2577524,0.20350109040737152,0.6510000228881836,0.2547999918460846
YDL069C,YCR029C-A,0,-4.258047,0.20343750715255737,0.6510000228881836,0.2549000084400177
YPR137C-A,YOR292C,0,-4.258083,0.20337393879890442,0.6510000228881836,0.2549999952316284
YAR010C,YML123C,0,-4.258491,0.20331043004989624,0.6510000228881836,0.2551000118255615
YNL175C,YPL282C,0,-4.258983,0.20324695110321045,0.6510000228881836,0.25519999861717224
YCL016C,YFL038C,0,-4.2591248,0.20318351686000824,0.6510000228881836,0.25529998540878296
YGR027W-B,YGR149W,0,-4.259138,0.2031201273202896,0.6510000228881836,0.25540000200271606
YHL047C,YNR001C,0,-4.2594113,0.20305676758289337,0.6510000228881836,0.2554999887943268
YOR120W,YGR001C,0,-4.2594953,0.2029934525489807,0.6510000228881836,0.2556000053882599
YER072W,YIL048W,1,-4.25972,0.20324189960956573,0.6520000100135803,0.2556000053882599
YER094C,YOL094C,0,-4.2597265,0.2031785547733307,0.6520000100135803,0.2556999921798706
YBR253W,YCR095C,0,-4.2597575,0.20311526954174042,0.6520000100135803,0.2558000087738037
YLR394W,YLR337W,0,-4.259989,0.20305201411247253,0.6520000100135803,0.25589999556541443
YOR079C,YMR037C,0,-4.260125,0.20298878848552704,0.6520000100135803,0.25600001215934753
YFR055W,YBR257W,0,-4.260374,0.20292560756206512,0.6520000100135803,0.25609999895095825
YNR067C,YLR391W,0,-4.260811,0.2028624713420868,0.6520000100135803,0.25619998574256897
YOL075C,YLR090W,0,-4.261118,0.20279937982559204,0.6520000100135803,0.2563000023365021
YPL193W,YCL038C,0,-4.2612743,0.20273631811141968,0.6520000100135803,0.2563999891281128
YDR284C,YMR045C,0,-4.261386,0.2026733011007309,0.6520000100135803,0.2565000057220459
YBL031W,YGL139W,0,-4.2615204,0.2026103138923645,0.6520000100135803,0.2565999925136566
YJL012C-A,YDR202C,1,-4.26161,0.20285803079605103,0.652999997138977,0.2565999925136566
YOL012C,YDL171C,0,-4.2626944,0.20279502868652344,0.652999997138977,0.2567000091075897
YLR443W,YJL191W,0,-4.262698,0.20273207128047943,0.652999997138977,0.25679999589920044
YIL044C,YKR087C,0,-4.2630467,0.2026691436767578,0.652999997138977,0.25690001249313354
YBL007C,YMR091C,0,-4.263591,0.20260626077651978,0.652999997138977,0.25699999928474426
YER117W,YPR122W,0,-4.263982,0.20254342257976532,0.652999997138977,0.257099986076355
YJL012C-A,YGR209C,1,-4.2642136,0.20279069244861603,0.6539999842643738,0.257099986076355
YLR013W,YGL108C,0,-4.2642198,0.20272783935070038,0.6539999842643738,0.2572000026702881
YGR065C,YMR281W,0,-4.2643223,0.20266501605510712,0.6539999842643738,0.2572999894618988
YML037C,YMR189W,0,-4.264904,0.20260223746299744,0.6539999842643738,0.2574000060558319
YOL075C,YML052W,0,-4.2653894,0.20253948867321014,0.6539999842643738,0.2574999928474426
YDL236W,YKR063C,0,-4.2654643,0.20247678458690643,0.6539999842643738,0.25760000944137573
YHR047C,YGL245W,0,-4.265622,0.2024141103029251,0.6539999842643738,0.25769999623298645
YNL094W,YDL082W,0,-4.265747,0.20235148072242737,0.6539999842643738,0.25780001282691956
YML033W,YOL141W,0,-4.265814,0.2022888958454132,0.6539999842643738,0.2578999996185303
YKL063C,YIL108W,0,-4.2659883,0.20222634077072144,0.6539999842643738,0.257999986410141
YMR231W,YEL027W,1,-4.267125,0.20247295498847961,0.6549999713897705,0.257999986410141
YJL012C-A,YDR017C,1,-4.2671995,0.20271940529346466,0.656000018119812,0.257999986410141
YJL001W,YKL152C,0,-4.2672195,0.20265677571296692,0.656000018119812,0.2581000030040741
YMR202W,YOR329C,0,-4.26762,0.20259419083595276,0.656000018119812,0.2581999897956848
YOR016C,YBR103W,0,-4.268236,0.20253165066242218,0.656000018119812,0.2583000063896179
YKL200C,YIL143C,0,-4.2689424,0.202469140291214,0.656000018119812,0.25839999318122864
YNL131W,YBR146W,0,-4.2690053,0.20240665972232819,0.656000018119812,0.25850000977516174
YHL042W,YPR167C,0,-4.269498,0.20234423875808716,0.656000018119812,0.25859999656677246
YOR157C,YNL092W,0,-4.27019,0.20228183269500732,0.656000018119812,0.25870001316070557
YLR337W,YHR027C,0,-4.2711253,0.20221948623657227,0.656000018119812,0.2587999999523163
YCL058W-A,YPR171W,0,-4.2712135,0.2021571695804596,0.656000018119812,0.258899986743927
YJL030W,YGL236C,0,-4.271428,0.2020948827266693,0.656000018119812,0.2590000033378601
YNR070W,YAL025C,0,-4.2715335,0.2020326405763626,0.656000018119812,0.2590999901294708
YPL213W,YPR140W,0,-4.2716045,0.2019704431295395,0.656000018119812,0.25920000672340393
YDR177W,YNR071C,0,-4.271863,0.20190827548503876,0.656000018119812,0.25929999351501465
YPR167C,YKL220C,0,-4.272696,0.2018461525440216,0.656000018119812,0.25940001010894775
YJR091C,YBR075W,0,-4.272729,0.20178405940532684,0.656000018119812,0.25949999690055847
YBL082C,YCL027C-A,0,-4.2729025,0.20172201097011566,0.656000018119812,0.2596000134944916
YJR153W,YFR041C,0,-4.2736216,0.20166000723838806,0.656000018119812,0.2597000002861023
YHR116W,YER122C,0,-4.2737527,0.20159803330898285,0.656000018119812,0.259799987077713
YML031W,YGL027C,0,-4.273835,0.20153610408306122,0.656000018119812,0.2599000036716461
YJL012C-A,YHR026W,1,-4.2741604,0.20178133249282837,0.6570000052452087,0.2599000036716461
YNL326C,YBR109C,1,-4.2743106,0.20202641189098358,0.6579999923706055,0.2599000036716461
YDR007W,YKL087C,0,-4.2747726,0.2019643932580948,0.6579999923706055,0.25999999046325684
YLL056C,YJL096W,0,-4.274809,0.20190241932868958,0.6579999923706055,0.26010000705718994
YHR033W,YBR025C,0,-4.2750816,0.20184049010276794,0.6579999923706055,0.26019999384880066
YNL272C,YPL215W,0,-4.275349,0.2017785906791687,0.6579999923706055,0.26030001044273376
YGR020C,YCL063W,1,-4.275391,0.20202329754829407,0.6589999794960022,0.26030001044273376
YCL062W,YLR043C,1,-4.2756076,0.2022678554058075,0.6600000262260437,0.26030001044273376
YBR075W,YER012W,0,-4.2757206,0.20220588147640228,0.6600000262260437,0.2603999972343445
YPR158W-A,YIL031W,0,-4.2761593,0.20214395225048065,0.6600000262260437,0.2605000138282776
YHL009W-B,YAL008W,0,-4.2763004,0.2020820528268814,0.6600000262260437,0.2606000006198883
YIL016W,YGL097W,0,-4.276764,0.20202019810676575,0.6600000262260437,0.260699987411499
YNL046W,YGR067C,0,-4.2772646,0.20195838809013367,0.6600000262260437,0.26080000400543213
YGR287C,YDR062W,0,-4.2773104,0.20189660787582397,0.6600000262260437,0.26089999079704285
YML001W,YDR065W,1,-4.277333,0.202140673995018,0.6610000133514404,0.26089999079704285
YKL200C,YBL051C,0,-4.277664,0.20207887887954712,0.6610000133514404,0.26100000739097595
YGR020C,YDR080W,1,-4.2777576,0.20232273638248444,0.6620000004768372,0.26100000739097595
YPR137C-A,YNR056C,0,-4.2784104,0.20226092636585236,0.6620000004768372,0.26109999418258667
YKL057C,YFL043C,0,-4.278487,0.20219914615154266,0.6620000004768372,0.2612000107765198
YDR457W,YLR078C,0,-4.2786493,0.20213741064071655,0.6620000004768372,0.2612999975681305
YBR012W-A,YCR095C,0,-4.2787523,0.20207570493221283,0.6620000004768372,0.2614000141620636
YCR069W,YGR038C-A,0,-4.278762,0.2020140439271927,0.6620000004768372,0.2615000009536743
YOR343W-A,YOR133W,0,-4.2788324,0.20195241272449493,0.6620000004768372,0.26159998774528503
YBL040C,YOL103W-B,0,-4.279043,0.20189082622528076,0.6620000004768372,0.26170000433921814
YLR355C,YMR022W,0,-4.279299,0.20182926952838898,0.6620000004768372,0.26179999113082886
YIL128W,YCL060C,0,-4.27938,0.20176775753498077,0.6620000004768372,0.26190000772476196
YGR276C,YOR330C,0,-4.279628,0.20170627534389496,0.6620000004768372,0.2619999945163727
YLR034C,YPR106W,0,-4.279852,0.20164483785629272,0.6620000004768372,0.2621000111103058
YER087W,YNR016C,0,-4.2802877,0.20158343017101288,0.6620000004768372,0.2621999979019165
YDL142C,YER137C-A,0,-4.280802,0.2015220671892166,0.6620000004768372,0.2623000144958496
YJR086W,YML121W,0,-4.2814884,0.20146074891090393,0.6620000004768372,0.2624000012874603
YBR218C,YGR027W-B,0,-4.281575,0.20139944553375244,0.6620000004768372,0.26249998807907104
YOR130C,YER087W,0,-4.28182,0.20133820176124573,0.6620000004768372,0.26260000467300415
YFR012W,YPR111W,0,-4.2820945,0.2012769877910614,0.6620000004768372,0.26269999146461487
YJR093C,YJL026W,0,-4.282139,0.20121580362319946,0.6620000004768372,0.262800008058548
YGR105W,YBL076C,0,-4.2824354,0.2011546641588211,0.6620000004768372,0.2628999948501587
YGL256W,YLR025W,0,-4.282725,0.20109355449676514,0.6620000004768372,0.2630000114440918
YOR016C,YFR024C-A,0,-4.2828517,0.20103248953819275,0.6620000004768372,0.2630999982357025
YBL092W,YGL210W-A,0,-4.2832403,0.20097146928310394,0.6620000004768372,0.2632000148296356
YMR021C,YDR294C,0,-4.2835445,0.20091046392917633,0.6620000004768372,0.26330000162124634
YBR012W-A,YNL186W,0,-4.2835813,0.2008495181798935,0.6620000004768372,0.26339998841285706
YPR090W,YER044C,0,-4.2836666,0.20078860223293304,0.6620000004768372,0.26350000500679016
YPL019C,YCL005W-A,1,-4.2837853,0.2010309249162674,0.6629999876022339,0.26350000500679016
YPL070W,YDR243C,0,-4.2838235,0.20096999406814575,0.6629999876022339,0.2635999917984009
YHR097C,YAR019C,0,-4.2842298,0.2009090930223465,0.6629999876022339,0.263700008392334
YLR071C,YNL010W,0,-4.2845135,0.20084822177886963,0.6629999876022339,0.2637999951839447
YNL056W,YKL138C-A,0,-4.284954,0.20078739523887634,0.6629999876022339,0.2639000117778778
YJR010C-A,YDR177W,0,-4.2850313,0.20072661340236664,0.6629999876022339,0.2639999985694885
YBR036C,YGR165W,0,-4.2852197,0.20066586136817932,0.6629999876022339,0.26409998536109924
YER014W,YPL160W,0,-4.2852407,0.2006051391363144,0.6629999876022339,0.26420000195503235
YDR474C,YKL041W,0,-4.2853556,0.20054446160793304,0.6629999876022339,0.26429998874664307
YML126C,YOL031C,0,-4.2858186,0.20048382878303528,0.6629999876022339,0.26440000534057617
YGR195W,YMR325W,0,-4.285925,0.2004232108592987,0.6629999876022339,0.2644999921321869
YOR193W,YBL100W-A,0,-4.2860117,0.2003626525402069,0.6629999876022339,0.26460000872612
YKL221W,YCL043C,0,-4.2861967,0.2003021091222763,0.6629999876022339,0.2646999955177307
YPR036W,YIL048W,1,-4.2871046,0.20054364204406738,0.6639999747276306,0.2646999955177307
YDR221W,YEL042W,0,-4.2881594,0.20048309862613678,0.6639999747276306,0.2648000121116638
YBL019W,YIL077C,0,-4.2881937,0.20042258501052856,0.6639999747276306,0.26489999890327454
YNL075W,YDR096W,0,-4.288385,0.20036210119724274,0.6639999747276306,0.26499998569488525
YDL025C,YIL014W,0,-4.288884,0.2003016620874405,0.6639999747276306,0.26510000228881836
YJL003W,YOL129W,0,-4.2894373,0.20024125277996063,0.6639999747276306,0.2651999890804291
YDL150W,YGR027W-B,0,-4.289593,0.20018088817596436,0.6639999747276306,0.2653000056743622
YIL017W,YDR264C,0,-4.2901864,0.20012055337429047,0.6639999747276306,0.2653999924659729
YLR019W,YDR178W,0,-4.2901998,0.20006026327610016,0.6639999747276306,0.265500009059906
YPL119C,YBL002W,0,-4.2904196,0.20000000298023224,0.6639999747276306,0.2655999958515167
YER167W,YKR105C,0,-4.290682,0.1999397724866867,0.6639999747276306,0.26570001244544983
YDR316W-B,YOL092W,0,-4.290719,0.19987958669662476,0.6639999747276306,0.26579999923706055
YMR268W-A,YER070W,0,-4.2907543,0.1998194456100464,0.6639999747276306,0.26589998602867126
YHR039C-B,YMR197C,1,-4.2911057,0.200060173869133,0.6650000214576721,0.26589998602867126
YGR295C,YLR081W,0,-4.2914367,0.20000000298023224,0.6650000214576721,0.26600000262260437
YDR518W,YOR075W,0,-4.291647,0.19993986189365387,0.6650000214576721,0.2660999894142151
YLR253W,YDR511W,0,-4.2919188,0.19987976551055908,0.6650000214576721,0.2662000060081482
YHR028C,YCL001W,0,-4.292052,0.19981971383094788,0.6650000214576721,0.2662999927997589
YPL189C-A,YPL006W,0,-4.292514,0.19975969195365906,0.6650000214576721,0.266400009393692
YOR028C,YLR194C,0,-4.2930603,0.19969969987869263,0.6650000214576721,0.26649999618530273
YDR210W,YOL143C,0,-4.2931557,0.19963975250720978,0.6650000214576721,0.26660001277923584
YMR273C,YOL130W,0,-4.2931814,0.19957983493804932,0.6650000214576721,0.26669999957084656
YOR068C,YBR127C,1,-4.29331,0.19981998205184937,0.6660000085830688,0.26669999957084656
YBR111W-A,YJL121C,0,-4.2934766,0.1997600495815277,0.6660000085830688,0.2667999863624573
YCR011C,YHR034C,0,-4.293539,0.19970014691352844,0.6660000085830688,0.2669000029563904
YDR432W,YKL196C,0,-4.2938304,0.19964028894901276,0.6660000085830688,0.2669999897480011
YDR207C,YBR058C,0,-4.295048,0.19958046078681946,0.6660000085830688,0.2671000063419342
YOL100W,YMR325W,0,-4.2951593,0.19952067732810974,0.6660000085830688,0.2671999931335449
YOR142W-A,YDR450W,0,-4.2952204,0.1994609236717224,0.6660000085830688,0.267300009727478
YPL135W,YDR414C,0,-4.295332,0.19940119981765747,0.6660000085830688,0.26739999651908875
YMR231W,YGR209C,1,-4.295384,0.19964082539081573,0.6669999957084656,0.26739999651908875
YLL050C,YNR058W,0,-4.295575,0.1995810866355896,0.6669999957084656,0.26750001311302185
YFR045W,YNL262W,0,-4.295753,0.19952139258384705,0.6669999957084656,0.26759999990463257
YDR034W-B,YGR246C,0,-4.2966065,0.19946172833442688,0.6669999957084656,0.2676999866962433
YOR149C,YPL001W,0,-4.2970347,0.1994020938873291,0.6669999957084656,0.2678000032901764
YFR011C,YCR004C,0,-4.297886,0.1993425041437149,0.6669999957084656,0.2678999900817871
YDR316W-A,YJR112W,0,-4.298175,0.1992829442024231,0.6669999957084656,0.2680000066757202
YIL026C,YLR042C,0,-4.2982726,0.19922341406345367,0.6669999957084656,0.26809999346733093
YLR120C,YAR044W,0,-4.298615,0.19916392862796783,0.6669999957084656,0.26820001006126404
YHR150W,YCL026C-B,0,-4.2986746,0.19910447299480438,0.6669999957084656,0.26829999685287476
YNL106C,YDR400W,0,-4.299883,0.1990450620651245,0.6669999957084656,0.26840001344680786
YFR042W,YDL031W,0,-4.299922,0.19898568093776703,0.6669999957084656,0.2685000002384186
YER072W,YDR328C,1,-4.3003216,0.1992245763540268,0.6679999828338623,0.2685000002384186
YHR026W,YCL005W-A,1,-4.3004103,0.19946332275867462,0.6690000295639038,0.2685000002384186
YBL089W,YFR037C,0,-4.3007507,0.19940388202667236,0.6690000295639038,0.2685999870300293
YGL108C,YOR313C,0,-4.3009424,0.1993444561958313,0.6690000295639038,0.2687000036239624
YBL046W,YOR065W,0,-4.301522,0.19928507506847382,0.6690000295639038,0.2687999904155731
YJL012C-A,YKL080W,1,-4.3016205,0.19952352344989777,0.6700000166893005,0.2687999904155731
YOR061W,YOR110W,0,-4.30166,0.1994641274213791,0.6700000166893005,0.2689000070095062
YNL138W-A,YER068W,0,-4.3017883,0.1994047611951828,0.6700000166893005,0.26899999380111694
YOL010W,YGR161C-D,0,-4.301832,0.1993454396724701,0.6700000166893005,0.26910001039505005
YCL075W,YCR087C-A,0,-4.3020086,0.19928613305091858,0.6700000166893005,0.26919999718666077
YPL104W,YGR127W,0,-4.302129,0.19922688603401184,0.6700000166893005,0.26930001378059387
YOR234C,YHR053C,0,-4.3022065,0.1991676539182663,0.6700000166893005,0.2694000005722046
YPL135W,YMR047C,0,-4.3025723,0.19910846650600433,0.6700000166893005,0.2694999873638153
YDR254W,YML039W,0,-4.3026185,0.19904932379722595,0.6700000166893005,0.2696000039577484
YOR175C,YOL053W,0,-4.3027897,0.19899019598960876,0.6700000166893005,0.26969999074935913
YJL127C,YDL121C,0,-4.302934,0.19893111288547516,0.6700000166893005,0.26980000734329224
YDR120C,YLR154W-A,0,-4.303266,0.19887207448482513,0.6700000166893005,0.26989999413490295
YBR158W,YFR006W,0,-4.3032722,0.1988130509853363,0.6700000166893005,0.27000001072883606
YBL039W-B,YDR135C,0,-4.3035088,0.19875407218933105,0.6700000166893005,0.2700999975204468
YML052W,YNL096C,0,-4.3035975,0.1986951380968094,0.6700000166893005,0.2702000141143799
YLR002C,YGL210W-A,0,-4.3037233,0.1986362338066101,0.6700000166893005,0.2703000009059906
YOR390W,YJR068W,0,-4.304611,0.19857735931873322,0.6700000166893005,0.2703999876976013
YDL144C,YNR004W,0,-4.3046293,0.1985185146331787,0.6700000166893005,0.2705000042915344
YLR154W-A,YDR062W,0,-4.3052254,0.1984597146511078,0.6700000166893005,0.27059999108314514
YDR316W-A,YGL061C,0,-4.3054895,0.19840094447135925,0.6700000166893005,0.27070000767707825
YBR219C,YAL055W,0,-4.305507,0.1983422189950943,0.6700000166893005,0.27079999446868896
YBR106W,YNL209W,0,-4.305529,0.19828350841999054,0.6700000166893005,0.27090001106262207
YMR268C,YDR316W-B,0,-4.30563,0.19822485744953156,0.6700000166893005,0.2709999978542328
YNR039C,YCR076C,0,-4.3056736,0.19816622138023376,0.6700000166893005,0.2711000144481659
YHR193C,YER068W,0,-4.305749,0.19810763001441956,0.6700000166893005,0.2712000012397766
YNR027W,YEL063C,0,-4.305897,0.19804906845092773,0.6700000166893005,0.27129998803138733
YNL015W,YCL005W-A,1,-4.3059025,0.1982860565185547,0.6710000038146973,0.27129998803138733
YPL158C,YPL232W,0,-4.3059874,0.19822748005390167,0.6710000038146973,0.27140000462532043
YDL002C,YGR092W,0,-4.306755,0.19816893339157104,0.6710000038146973,0.27149999141693115
YLR404W,YBR241C,0,-4.30686,0.1981104165315628,0.6710000038146973,0.27160000801086426
YLR093C,YPR159W,0,-4.30704,0.19805194437503815,0.6710000038146973,0.271699994802475
YFR024C,YMR075W,0,-4.3072357,0.19799350202083588,0.6710000038146973,0.2718000113964081
YMR032W,YOR175C,0,-4.308367,0.1979351043701172,0.6710000038146973,0.2718999981880188
YKR020W,YLR073C,0,-4.3086047,0.1978767365217209,0.6710000038146973,0.2720000147819519
YJR145C,YLR363C,0,-4.308669,0.19781839847564697,0.6710000038146973,0.2721000015735626
YHR122W,YDR319C,0,-4.3088217,0.19776009023189545,0.6710000038146973,0.27219998836517334
YKR007W,YDR456W,1,-4.3091364,0.19799646735191345,0.671999990940094,0.27219998836517334
YDR205W,YLR391W,0,-4.309722,0.19793814420700073,0.671999990940094,0.27230000495910645
YMR073C,YMR183C,0,-4.3097377,0.1978798657655716,0.671999990940094,0.27239999175071716
YHR017W,YDR380W,0,-4.310214,0.19782160222530365,0.671999990940094,0.27250000834465027
YCR024C-A,YNL065W,0,-4.310264,0.1977633833885193,0.671999990940094,0.272599995136261
YLR079W,YNL135C,0,-4.3104544,0.1977052092552185,0.671999990940094,0.2727000117301941
YPR141C,YIL027C,0,-4.310462,0.1976470649242401,0.671999990940094,0.2727999985218048
YOR065W,YMR162C,0,-4.3105097,0.1975889503955841,0.671999990940094,0.2728999853134155
YDR308C,YDR421W,0,-4.3109155,0.1975308656692505,0.671999990940094,0.27300000190734863
YGR020C,YDR495C,1,-4.3120246,0.19776667654514313,0.6729999780654907,0.27300000190734863
YBR098W,YPL132W,0,-4.3120456,0.19770857691764832,0.6729999780654907,0.27309998869895935
YKL051W,YCL005W-A,1,-4.3121614,0.19794419407844543,0.6740000247955322,0.27309998869895935
YKR085C,YML047C,0,-4.313319,0.19788607954978943,0.6740000247955322,0.27320000529289246
YDR143C,YFL038C,0,-4.3134756,0.1978279948234558,0.6740000247955322,0.2732999920845032
YJL034W,YDR261W-B,0,-4.3142715,0.19776995480060577,0.6740000247955322,0.2734000086784363
YPL149W,YCR045C,0,-4.3143682,0.19771194458007812,0.6740000247955322,0.273499995470047
YHR039C-B,YJR033C,1,-4.314471,0.19794721901416779,0.675000011920929,0.273499995470047
YJL018W,YNL307C,0,-4.3150377,0.19788917899131775,0.675000011920929,0.2736000120639801
YNR058W,YDR387C,0,-4.3152714,0.1978311836719513,0.675000011920929,0.2736999988555908
YPR090W,YGR221C,0,-4.3161454,0.19777321815490723,0.675000011920929,0.27379998564720154
YJR105W,YGR080W,0,-4.3162537,0.19771529734134674,0.675000011920929,0.27390000224113464
YOR006C,YJR110W,0,-4.316379,0.19765739142894745,0.675000011920929,0.27399998903274536
YDR034W-B,YML065W,0,-4.3164845,0.19759953022003174,0.675000011920929,0.27410000562667847
YKL100C,YJR049C,0,-4.3164854,0.19754169881343842,0.675000011920929,0.2741999924182892
YIL130W,YBR208C,0,-4.3164997,0.19748391211032867,0.675000011920929,0.2743000090122223
YOR295W,YJL137C,0,-4.3171854,0.19742615520954132,0.675000011920929,0.274399995803833
YER076C,YNL124W,0,-4.317353,0.19736842811107635,0.675000011920929,0.2745000123977661
YJR010W,YHR005C-A,0,-4.317459,0.19731073081493378,0.675000011920929,0.27459999918937683
YKL220C,YNL067W,0,-4.3178377,0.1972530633211136,0.675000011920929,0.27469998598098755
YMR092C,YJL219W,0,-4.3181615,0.19719544053077698,0.675000011920929,0.27480000257492065
YDR065W,YDR328C,1,-4.3183174,0.19742991030216217,0.6759999990463257,0.27480000257492065
YER141W,YKL189W,0,-4.3184776,0.19737225770950317,0.6759999990463257,0.27489998936653137
YMR011W,YKL045W,0,-4.3184805,0.19731464982032776,0.6759999990463257,0.2750000059604645
YHR079C-B,YBR014C,0,-4.3185854,0.19725707173347473,0.6759999990463257,0.2750999927520752
YGR150C,YKL085W,0,-4.3188667,0.19719953835010529,0.6759999990463257,0.2752000093460083
YBR208C,YGL043W,0,-4.31892,0.19714201986789703,0.6759999990463257,0.275299996137619
YHR074W,YDL155W,0,-4.3190327,0.19708454608917236,0.6759999990463257,0.2754000127315521
YLR167W,YPR086W,0,-4.3190813,0.19702710211277008,0.6759999990463257,0.27549999952316284
YGR020C,YDL077C,1,-4.319244,0.19726106524467468,0.6769999861717224,0.27549999952316284
YEL027W,YOR326W,1,-4.319511,0.19749490916728973,0.6779999732971191,0.27549999952316284
YDL005C,YBL064C,0,-4.3195424,0.19743739068508148,0.6779999732971191,0.27559998631477356
YNL010W,YDR523C,0,-4.3196535,0.1973799169063568,0.6779999732971191,0.27570000290870667
YER072W,YLR043C,1,-4.3197556,0.19761350750923157,0.6790000200271606,0.27570000290870667
YMR100W,YGL187C,0,-4.3197994,0.1975560039281845,0.6790000200271606,0.2757999897003174
YCR029C-A,YLR005W,0,-4.32046,0.19749854505062103,0.6790000200271606,0.2759000062942505
YDL124W,YDR400W,0,-4.320574,0.19744111597537994,0.6790000200271606,0.2759999930858612
YLR278C,YPL249C,0,-4.320816,0.19738371670246124,0.6790000200271606,0.2761000096797943
YEL002C,YLR018C,0,-4.3211956,0.19732636213302612,0.6790000200271606,0.27619999647140503
YOR058C,YKL023W,0,-4.3212004,0.1972690224647522,0.6790000200271606,0.27630001306533813
YMR311C,YDL121C,0,-4.321393,0.19721172749996185,0.6790000200271606,0.27639999985694885
YJR117W,YBL005W-A,0,-4.321396,0.1971544772386551,0.6790000200271606,0.27649998664855957
YOR234C,YCL033C,0,-4.321488,0.19709724187850952,0.6790000200271606,0.2766000032424927
YLR371W,YFR018C,0,-4.3222837,0.19704005122184753,0.6790000200271606,0.2766999900341034
YPL189C-A,YDR510W,0,-4.3225613,0.19698289036750793,0.6790000200271606,0.2768000066280365
YBR272C,YDR063W,0,-4.3226204,0.19692575931549072,0.6790000200271606,0.2768999934196472
YFL018W-A,YOL091W,0,-4.322741,0.1968686580657959,0.6790000200271606,0.2770000100135803
YDL059C,YMR282C,0,-4.3230696,0.19681160151958466,0.6790000200271606,0.27709999680519104
YAR018C,YJR058C,0,-4.323132,0.1967545598745346,0.6790000200271606,0.27720001339912415
YLL012W,YGL192W,0,-4.323359,0.19669756293296814,0.6790000200271606,0.27730000019073486
YHR048W,YDR018C,0,-4.323375,0.19664059579372406,0.6790000200271606,0.2773999869823456
YBR207W,YEL043W,0,-4.3239965,0.19658367335796356,0.6790000200271606,0.2775000035762787
YGR148C,YCL074W,0,-4.3240314,0.19652676582336426,0.6790000200271606,0.2775999903678894
YJR028W,YOR242C,0,-4.324298,0.19646990299224854,0.6790000200271606,0.2777000069618225
YIL073C,YIL166C,0,-4.3246155,0.1964130699634552,0.6790000200271606,0.2777999937534332
YMR074C,YHR199C,0,-4.3247175,0.19635628163814545,0.6790000200271606,0.27790001034736633
YHR173C,YMR304W,0,-4.324728,0.1962995082139969,0.6790000200271606,0.27799999713897705
YOR088W,YPR033C,0,-4.3251987,0.1962427794933319,0.6790000200271606,0.27810001373291016
YLR394W,YCL027C-A,0,-4.3255634,0.19618608057498932,0.6790000200271606,0.2782000005245209
YER061C,YBR269C,0,-4.326244,0.19612941145896912,0.6790000200271606,0.2782999873161316
YER048W-A,YOR251C,0,-4.32707,0.1960727721452713,0.6790000200271606,0.2784000039100647
YER064C,YHR034C,0,-4.3271413,0.19601616263389587,0.6790000200271606,0.2784999907016754
YDL077C,YOR270C,1,-4.327276,0.19624820351600647,0.6800000071525574,0.2784999907016754
YLR271W,YPL153C,0,-4.327748,0.19619157910346985,0.6800000071525574,0.2786000072956085
YOR259C,YOR065W,0,-4.3287344,0.19613498449325562,0.6800000071525574,0.27869999408721924
YKL140W,YDR081C,0,-4.328809,0.19607843458652496,0.6800000071525574,0.27880001068115234
YML046W,YHR103W,0,-4.3289123,0.1960219144821167,0.6800000071525574,0.27889999747276306
YKR080W,YFR042W,0,-4.3290243,0.19596542418003082,0.6800000071525574,0.27900001406669617
YKL222C,YER179W,0,-4.329384,0.19590896368026733,0.6800000071525574,0.2791000008583069
YAL027W,YLR440C,0,-4.329466,0.19585253298282623,0.6800000071525574,0.2791999876499176
YJR085C,YJR077C,0,-4.329657,0.1957961469888687,0.6800000071525574,0.2793000042438507
YFR045W,YMR238W,0,-4.3303843,0.1957397758960724,0.6800000071525574,0.2793999910354614
YCL063W,YHR039C-B,1,-4.3306503,0.19597122073173523,0.6809999942779541,0.2793999910354614
YCL062W,YHR039C-B,1,-4.3306503,0.19620253145694733,0.6819999814033508,0.2793999910354614
YMR275C,YGR067C,0,-4.3306904,0.19614610075950623,0.6819999814033508,0.27950000762939453
YLR196W,YGR175C,0,-4.3309526,0.1960896998643875,0.6819999814033508,0.27959999442100525
YNL056W,YIR024C,0,-4.3311567,0.19603334367275238,0.6819999814033508,0.27970001101493835
YPL019C,YDL077C,1,-4.331383,0.1962643712759018,0.6830000281333923,0.27970001101493835
YJL123C,YDR160W,0,-4.331438,0.19620798528194427,0.6830000281333923,0.2797999978065491
YJL012C-A,YDR456W,1,-4.3314962,0.19643883407115936,0.6840000152587891,0.2797999978065491
YNR067C,YOR373W,0,-4.3319445,0.19638243317604065,0.6840000152587891,0.2799000144004822
YML018C,YNL315C,0,-4.332346,0.19632606208324432,0.6840000152587891,0.2800000011920929
YJL121C,YPL003W,0,-4.332394,0.19626972079277039,0.6840000152587891,0.2800999879837036
YGL256W,YOR245C,0,-4.3326693,0.19621342420578003,0.6840000152587891,0.2802000045776367
YDR103W,YPL062W,0,-4.332836,0.19615715742111206,0.6840000152587891,0.28029999136924744
YPL282C,YOR085W,0,-4.33354,0.19610092043876648,0.6840000152587891,0.28040000796318054
YCR017C,YDR466W,0,-4.33381,0.1960447132587433,0.6840000152587891,0.28049999475479126
YJR141W,YDR180W,0,-4.3341455,0.19598853588104248,0.6840000152587891,0.28060001134872437
YGR029W,YBR204C,0,-4.334165,0.19593240320682526,0.6840000152587891,0.2806999981403351
YDR210C-D,YKL081W,0,-4.334564,0.19587628543376923,0.6840000152587891,0.2808000147342682
YOL038W,YOR329C,0,-4.3357873,0.19582021236419678,0.6840000152587891,0.2809000015258789
YBR207W,YER130C,0,-4.3358326,0.19576416909694672,0.6840000152587891,0.2809999883174896
YPL196W,YLR256W,0,-4.3365135,0.19570815563201904,0.6840000152587891,0.28110000491142273
YBR126W-A,YGL191W,0,-4.336693,0.19565217196941376,0.6840000152587891,0.28119999170303345
YOR157C,YGL077C,0,-4.336779,0.19559621810913086,0.6840000152587891,0.28130000829696655
YDL168W,YEL002C,0,-4.3371067,0.19554030895233154,0.6840000152587891,0.28139999508857727
YER098W,YDR486C,0,-4.337628,0.19548442959785461,0.6840000152587891,0.2815000116825104
YPL127C,YLR154C,0,-4.337653,0.19542856514453888,0.6840000152587891,0.2815999984741211
YOR240W,YCR008W,0,-4.3376784,0.19537274539470673,0.6840000152587891,0.2816999852657318
YER124C,YDR424C,0,-4.3377213,0.19531695544719696,0.6840000152587891,0.2818000018596649
YDL201W,YNL033W,0,-4.337736,0.19526121020317078,0.6840000152587891,0.28189998865127563
YKL200C,YBR201W,0,-4.337784,0.1952054798603058,0.6840000152587891,0.28200000524520874
YML008C,YIR022W,0,-4.3379793,0.19514977931976318,0.6840000152587891,0.28209999203681946
YFL018W-A,YAL067C,0,-4.3381705,0.19509412348270416,0.6840000152587891,0.28220000863075256
YIL154C,YJL026W,0,-4.338227,0.19503849744796753,0.6840000152587891,0.2822999954223633
YJL148W,YBR100W,0,-4.3383083,0.19498290121555328,0.6840000152587891,0.2824000120162964
YNL086W,YGR043C,0,-4.3384857,0.19492733478546143,0.6840000152587891,0.2824999988079071
YHR039C-B,YGL095C,1,-4.3388705,0.19515669345855713,0.6850000023841858,0.2824999988079071
YBR062C,YDR369C,0,-4.3394823,0.19510111212730408,0.6850000023841858,0.2825999855995178
YOR002W,YIL172C,0,-4.3395767,0.1950455605983734,0.6850000023841858,0.2827000021934509
YDR434W,YDL216C,0,-4.340005,0.19499003887176514,0.6850000023841858,0.28279998898506165
YGR283C,YPL097W,0,-4.340234,0.19493454694747925,0.6850000023841858,0.28290000557899475
YBR094W,YDL134C-A,0,-4.3407025,0.19487908482551575,0.6850000023841858,0.28299999237060547
YJL186W,YNL131W,0,-4.3414106,0.19482366740703583,0.6850000023841858,0.2831000089645386
YKR022C,YLR408C,0,-4.3414955,0.1947682648897171,0.6850000023841858,0.2831999957561493
YJR119C,YKL077W,0,-4.342083,0.19471290707588196,0.6850000023841858,0.2833000123500824
YPL244C,YEL047C,0,-4.342099,0.1946575790643692,0.6850000023841858,0.2833999991416931
YDR319C,YGR060W,0,-4.342103,0.19460226595401764,0.6850000023841858,0.28349998593330383
YDR411C,YPR083W,0,-4.3431473,0.19454699754714966,0.6850000023841858,0.28360000252723694
YPL089C,YLR287C,0,-4.3432636,0.19449175894260406,0.6850000023841858,0.28369998931884766
YHR199C-A,YOR113W,0,-4.3442574,0.19443656504154205,0.6850000023841858,0.28380000591278076
YCR029C-A,YDR197W,0,-4.344458,0.19438138604164124,0.6850000023841858,0.2838999927043915
YMR154C,YKL180W,0,-4.3448544,0.1943262368440628,0.6850000023841858,0.2840000092983246
YHR214C-B,YBR122C,0,-4.345358,0.19427113234996796,0.6850000023841858,0.2840999960899353
YGL160W,YOR288C,0,-4.3457975,0.1942160427570343,0.6850000023841858,0.2842000126838684
YJL012C-A,YGL095C,1,-4.3460293,0.1944444477558136,0.6859999895095825,0.2842000126838684
YHR060W,YCL062W,1,-4.3460717,0.19467271864414215,0.6869999766349792,0.2842000126838684
YNL110C,YHR044C,0,-4.3462887,0.19461756944656372,0.6869999766349792,0.2842999994754791
YMR289W,YNL154C,0,-4.3463035,0.19456245005130768,0.6869999766349792,0.28439998626708984
YKL119C,YIL048W,1,-4.3463087,0.19479048252105713,0.6880000233650208,0.28439998626708984
YMR302C,YOR084W,0,-4.3463197,0.1947353482246399,0.6880000233650208,0.28450000286102295
YPL004C,YGR074W,0,-4.3463693,0.19468024373054504,0.6880000233650208,0.28459998965263367
YCL063W,YOR270C,1,-4.347375,0.19490806758403778,0.6890000104904175,0.28459998965263367
YKL080W,YOR326W,1,-4.3477974,0.19513574242591858,0.6899999976158142,0.28459998965263367
YER184C,YNR046W,0,-4.3481836,0.19508057832717896,0.6899999976158142,0.2847000062465668
YLR091W,YPR043W,0,-4.348672,0.19502544403076172,0.6899999976158142,0.2847999930381775
YLR305C,YHR039C-B,1,-4.3487873,0.1952528953552246,0.6909999847412109,0.2847999930381775
YOL009C,YLR460C,0,-4.3489995,0.19519774615764618,0.6909999847412109,0.2849000096321106
YNL079C,YOR068C,1,-4.3495398,0.19542501866817474,0.6919999718666077,0.2849000096321106
YBL040C,YLR299W,0,-4.349711,0.19536985456943512,0.6919999718666077,0.2849999964237213
YDL099W,YOR124C,0,-4.3497944,0.1953147053718567,0.6919999718666077,0.2851000130176544
YLR050C,YOR368W,0,-4.350135,0.19525960087776184,0.6919999718666077,0.28519999980926514
YCR045C,YOR250C,0,-4.3502984,0.19520451128482819,0.6919999718666077,0.28529998660087585
YNR066C,YPL181W,0,-4.3507805,0.1951494663953781,0.6919999718666077,0.28540000319480896
YGL055W,YIR002C,0,-4.350787,0.19509445130825043,0.6919999718666077,0.2854999899864197
YMR134W,YCR098C,0,-4.350849,0.19503946602344513,0.6919999718666077,0.2856000065803528
YCL010C,YDR481C,0,-4.3509245,0.19498449563980103,0.6919999718666077,0.2856999933719635
YIL075C,YEL043W,0,-4.351487,0.1949295848608017,0.6919999718666077,0.2858000099658966
YFL037W,YOR389W,0,-4.3515925,0.19487468898296356,0.6919999718666077,0.2858999967575073
YNL084C,YDR313C,0,-4.351606,0.19481982290744781,0.6919999718666077,0.28600001335144043
YDR415C,YHR133C,0,-4.3518324,0.19476498663425446,0.6919999718666077,0.28610000014305115
YDR034W-B,YOR165W,0,-4.3530307,0.19471018016338348,0.6919999718666077,0.28619998693466187
YGR205W,YML039W,0,-4.353236,0.1946554183959961,0.6919999718666077,0.28630000352859497
YIL033C,YDL102W,0,-4.3533897,0.1946006715297699,0.6919999718666077,0.2863999903202057
YPL014W,YDR208W,0,-4.353519,0.19454596936702728,0.6919999718666077,0.2865000069141388
YCR097WB,YMR198W,0,-4.354072,0.19449128210544586,0.6919999718666077,0.2865999937057495
YNL326C,YDR456W,1,-4.3543143,0.1947176158428192,0.6930000185966492,0.2865999937057495
YPL196W,YGR067C,0,-4.3545675,0.1946629285812378,0.6930000185966492,0.2867000102996826
YPL283C,YDL070W,0,-4.3547525,0.19460825622081757,0.6930000185966492,0.28679999709129333
YHR006W,YPR043W,0,-4.3549547,0.19455362856388092,0.6930000185966492,0.28690001368522644
YBR177C,YPR107C,0,-4.3551183,0.19449901580810547,0.6930000185966492,0.28700000047683716
YFL006W,YER182W,0,-4.35517,0.1944444477558136,0.6930000185966492,0.2870999872684479
YNL238W,YBR100W,0,-4.355818,0.19438989460468292,0.6930000185966492,0.287200003862381
YPL189C-A,YBL002W,0,-4.3558316,0.19433538615703583,0.6930000185966492,0.2872999906539917
YCR063W,YBR081C,0,-4.355984,0.19428090751171112,0.6930000185966492,0.2874000072479248
YHR133C,YJL046W,0,-4.357545,0.1942264586687088,0.6930000185966492,0.2874999940395355
YDR385W,YDR090C,0,-4.3582764,0.19417203962802887,0.6930000185966492,0.28760001063346863
YNL116W,YBR067C,0,-4.358363,0.19411765038967133,0.6930000185966492,0.28769999742507935
YMR233W,YOR104W,0,-4.359052,0.19406329095363617,0.6930000185966492,0.28780001401901245
YBR044C,YMR200W,0,-4.3592505,0.1940089613199234,0.6930000185966492,0.28790000081062317
YGL095C,YBR080C,1,-4.359683,0.19423453509807587,0.6940000057220459,0.28790000081062317
YMR113W,YOR254C,0,-4.359704,0.1941801905632019,0.6940000057220459,0.2879999876022339
YLR048W,YBL074C,0,-4.3599753,0.19412587583065033,0.6940000057220459,0.288100004196167
YCL057C-A,YPR158W,0,-4.360076,0.19407159090042114,0.6940000057220459,0.2881999909877777
YCL064C,YDR330W,0,-4.3603635,0.19401733577251434,0.6940000057220459,0.2883000075817108
YGL128C,YMR074C,0,-4.360401,0.19396311044692993,0.6940000057220459,0.28839999437332153
YGR180C,YML096W,0,-4.3604827,0.1939089149236679,0.6940000057220459,0.28850001096725464
YGR078C,YBR222C,0,-4.3606477,0.19385474920272827,0.6940000057220459,0.28859999775886536
YLL043W,YPR133W-A,0,-4.3607244,0.19380061328411102,0.6940000057220459,0.28870001435279846
YPR015C,YKR069W,0,-4.3610396,0.19374650716781616,0.6940000057220459,0.2888000011444092
YKL080W,YBR127C,1,-4.3617086,0.19397152960300446,0.6949999928474426,0.2888000011444092
YJL164C,YPL053C,0,-4.3619485,0.1939174085855484,0.6949999928474426,0.2888999879360199
YIL117C,YNR004W,0,-4.3622956,0.19386331737041473,0.6949999928474426,0.289000004529953
YJL001W,YGR205W,0,-4.362404,0.19380925595760345,0.6949999928474426,0.2890999913215637
YOR063W,YOR307C,0,-4.3627768,0.19375522434711456,0.6949999928474426,0.2892000079154968
YLR045C,YKL040C,0,-4.3633657,0.19370122253894806,0.6949999928474426,0.28929999470710754
YBR255W,YFR024C,0,-4.3638353,0.19364725053310394,0.6949999928474426,0.28940001130104065
YER159C,YIR035C,0,-4.36386,0.19359330832958221,0.6949999928474426,0.28949999809265137
YDR457W,YGL200C,0,-4.3641763,0.19353941082954407,0.6949999928474426,0.2896000146865845
YDR164C,YJL115W,0,-4.3645,0.19348552823066711,0.6949999928474426,0.2897000014781952
YOR165W,YEL054C,0,-4.364586,0.19343167543411255,0.6949999928474426,0.2897999882698059
YHR060W,YMR231W,1,-4.3646493,0.1936560869216919,0.6959999799728394,0.2897999882698059
YPR116W,YPL233W,0,-4.364962,0.19360221922397614,0.6959999799728394,0.289900004863739
YGR133W,YPL135W,0,-4.365075,0.19354838132858276,0.6959999799728394,0.28999999165534973
YOR008C,YJL096W,0,-4.3658304,0.19349457323551178,0.6959999799728394,0.29010000824928284
YGL022W,YCL027C-A,0,-4.366408,0.19344079494476318,0.6959999799728394,0.29019999504089355
YDL170W,YHR027C,0,-4.366539,0.19338704645633698,0.6959999799728394,0.29030001163482666
YIL138C,YHR039C-B,1,-4.366866,0.19361111521720886,0.6970000267028809,0.29030001163482666
YDR352W,YHR214W,0,-4.3670597,0.19355735182762146,0.6970000267028809,0.2903999984264374
YER014W,YOL110W,0,-4.3677263,0.19350360333919525,0.6970000267028809,0.2904999852180481
YHR039C-B,YHR174W,1,-4.367743,0.19372744858264923,0.6980000138282776,0.2904999852180481
YBR046C,YGR122W,0,-4.3678093,0.19367370009422302,0.6980000138282776,0.2906000018119812
YER026C,YOR128C,0,-4.3678865,0.193619966506958,0.6980000138282776,0.2906999886035919
YLR272C,YBR090C-A,0,-4.3687525,0.19356627762317657,0.6980000138282776,0.290800005197525
YOL053C-A,YMR316W,0,-4.3689938,0.19351261854171753,0.6980000138282776,0.29089999198913574
YMR088C,YGR149W,0,-4.3697987,0.19345897436141968,0.6980000138282776,0.29100000858306885
YJL021C,YBR221C,0,-4.3700137,0.1934053748846054,0.6980000138282776,0.29109999537467957
YLL045C,YNL176C,0,-4.370339,0.19335180521011353,0.6980000138282776,0.29120001196861267
YMR231W,YBR127C,1,-4.370888,0.1935751885175705,0.6990000009536743,0.29120001196861267
YOL083W,YEL001C,0,-4.3708963,0.19352158904075623,0.6990000009536743,0.2912999987602234
YIL135C,YNL281W,0,-4.3709545,0.19346803426742554,0.6990000009536743,0.2913999855518341
YGL095C,YLR240W,1,-4.371173,0.1936911940574646,0.699999988079071,0.2913999855518341
YEL063C,YDL153C,0,-4.3715606,0.19363762438297272,0.699999988079071,0.2915000021457672
YDR200C,YDL191W,0,-4.3715725,0.19358406960964203,0.699999988079071,0.29159998893737793
YHR033W,YMR223W,0,-4.3718286,0.19353054463863373,0.699999988079071,0.29170000553131104
YGL131C,YOL101C,0,-4.37221,0.193477064371109,0.699999988079071,0.29179999232292175
YBR242W,YGL079W,0,-4.372437,0.19342359900474548,0.699999988079071,0.29190000891685486
YHR039C-B,YBR080C,1,-4.372792,0.1936464160680771,0.7009999752044678,0.29190000891685486
YML081C-A,YPL012W,0,-4.372914,0.19359293580055237,0.7009999752044678,0.2919999957084656
YLR421C,YDR541C,0,-4.3730445,0.19353948533535004,0.7009999752044678,0.2921000123023987
YBL039W-B,YNL245C,0,-4.3734727,0.1934860646724701,0.7009999752044678,0.2921999990940094
YGL194C,YPR028W,0,-4.373684,0.19343267381191254,0.7009999752044678,0.2922999858856201
YGR124W,YCR095C,0,-4.373815,0.19337931275367737,0.7009999752044678,0.2924000024795532
YOL116W,YLR164W,0,-4.373925,0.1933259814977646,0.7009999752044678,0.29249998927116394
YDR393W,YBL017C,0,-4.374085,0.1932726800441742,0.7009999752044678,0.29260000586509705
YOL158C,YLR391W-A,0,-4.3743343,0.1932194083929062,0.7009999752044678,0.29269999265670776
YJL012C-A,YBR080C,1,-4.3744226,0.1934417188167572,0.7020000219345093,0.29269999265670776
YJL080C,YFR052W,0,-4.37455,0.193388432264328,0.7020000219345093,0.29280000925064087
YAL063C,YHR176W,0,-4.374678,0.1933351755142212,0.7020000219345093,0.2928999960422516
YCL062W,YKL051W,1,-4.374725,0.1935572624206543,0.703000009059906,0.2928999960422516
YLR417W,YER019C-A,0,-4.3757257,0.1935039907693863,0.703000009059906,0.2930000126361847
YFL066C,YAR033W,0,-4.3759747,0.19345074892044067,0.703000009059906,0.2930999994277954
YER042W,YDR346C,0,-4.376606,0.19339752197265625,0.703000009059906,0.29319998621940613
YHR028C,YDR031W,0,-4.3766108,0.1933443397283554,0.703000009059906,0.29330000281333923
YPL233W,YDL217C,0,-4.3770857,0.19329117238521576,0.703000009059906,0.29339998960494995
YLR268W,YLR132C,0,-4.3771477,0.1932380497455597,0.703000009059906,0.29350000619888306
YJR095W,YGL180W,0,-4.3771687,0.19318494200706482,0.703000009059906,0.2935999929904938
YAL027W,YDL140C,0,-4.3773255,0.19313186407089233,0.703000009059906,0.2937000095844269
YLR061W,YOR329C,0,-4.3775206,0.19307883083820343,0.703000009059906,0.2937999963760376
YJL012C-A,YHR174W,1,-4.3779426,0.19330038130283356,0.7039999961853027,0.2937999963760376
YBL101C,YDL176W,0,-4.378071,0.19324731826782227,0.7039999961853027,0.2939000129699707
YNL164C,YPR153W,0,-4.378134,0.19319428503513336,0.7039999961853027,0.2939999997615814
YLR268W,YER067W,0,-4.3781786,0.19314129650592804,0.7039999961853027,0.29409998655319214
YBR245C,YBR131W,0,-4.3787932,0.1930883228778839,0.7039999961853027,0.29420000314712524
YJL012C-A,YDR495C,1,-4.3793287,0.19330957531929016,0.7049999833106995,0.29420000314712524
YNL082W,YFR024C-A,0,-4.380291,0.19325657188892365,0.7049999833106995,0.29429998993873596
YBR247C,YHL012W,0,-4.380784,0.1932036131620407,0.7049999833106995,0.29440000653266907
YGR087C,YPL085W,0,-4.381984,0.19315068423748016,0.7049999833106995,0.2944999933242798
YDR410C,YLR088W,0,-4.3820596,0.193097785115242,0.7049999833106995,0.2946000099182129
YDR248C,YGL082W,0,-4.382164,0.19304490089416504,0.7049999833106995,0.2946999967098236
YJL165C,YNL115C,0,-4.3822083,0.19299206137657166,0.7049999833106995,0.2948000133037567
YMR109W,YLL009C,0,-4.382249,0.19293925166130066,0.7049999833106995,0.29490000009536743
YML070W,YBR075W,0,-4.3826466,0.19288645684719086,0.7049999833106995,0.29499998688697815
YPR114W,YPR159W,0,-4.3830767,0.19283369183540344,0.7049999833106995,0.29510000348091125
YMR179W,YOR210W,0,-4.3835516,0.1927809715270996,0.7049999833106995,0.295199990272522
YML005W,YHR204W,0,-4.3836455,0.19272826611995697,0.7049999833106995,0.2953000068664551
YAL031C,YMR216C,0,-4.383752,0.19267559051513672,0.7049999833106995,0.2953999936580658
YJL012C-A,YOR068C,1,-4.3837967,0.19289617240428925,0.7059999704360962,0.2953999936580658
YPL249C-A,YDR229W,0,-4.3839455,0.1928434818983078,0.7059999704360962,0.2955000102519989
YGL210W-A,YPL202C,0,-4.3841243,0.19279082119464874,0.7059999704360962,0.2955999970436096
YNL322C,YBR057C,0,-4.384572,0.19273819029331207,0.7059999704360962,0.2957000136375427
YBL016W,YDR013W,0,-4.3846908,0.1926855891942978,0.7059999704360962,0.29580000042915344
YPL209C,YPR042C,0,-4.3849564,0.1926330178976059,0.7059999704360962,0.29589998722076416
YBL067C,YMR024W,0,-4.3855534,0.1925804764032364,0.7059999704360962,0.29600000381469727
YIL075C,YDR354W,0,-4.386058,0.19252794981002808,0.7059999704360962,0.296099990606308
YKL173W,YFL022C,0,-4.3861585,0.19247546792030334,0.7059999704360962,0.2962000072002411
YHR203C,YIR028W,0,-4.386614,0.1924230009317398,0.7059999704360962,0.2962999939918518
YOR066W,YLR391W-A,0,-4.3869195,0.19237057864665985,0.7059999704360962,0.2964000105857849
YGL019W,YHR017W,0,-4.3873177,0.1923181712627411,0.7059999704360962,0.29649999737739563
YCL032W,YOR390W,0,-4.387923,0.19226579368114471,0.7059999704360962,0.29660001397132874
YDL134C,YGR118W,0,-4.3881054,0.19221344590187073,0.7059999704360962,0.29670000076293945
YDL214C,YBR075W,0,-4.388339,0.19216112792491913,0.7059999704360962,0.29679998755455017
YNL056W,YMR076C,0,-4.3887234,0.19210883975028992,0.7059999704360962,0.2969000041484833
YDR446W,YDR313C,0,-4.388827,0.1920565813779831,0.7059999704360962,0.296999990940094
YOR307C,YDR427W,0,-4.388833,0.19200435280799866,0.7059999704360962,0.2971000075340271
YKL119C,YJR033C,1,-4.388921,0.19222404062747955,0.7070000171661377,0.2971000075340271
YOL045W,YGR211W,0,-4.3889294,0.19217178225517273,0.7070000171661377,0.2971999943256378
YJL012C-A,YDR328C,1,-4.389288,0.1923913061618805,0.7080000042915344,0.2971999943256378
YKL051W,YDR328C,1,-4.38929,0.1926107108592987,0.7089999914169312,0.2971999943256378
YIL101C,YLR406C,0,-4.389562,0.1925583928823471,0.7089999914169312,0.2973000109195709
YMR211W,YBL071W-A,0,-4.389703,0.1925061047077179,0.7089999914169312,0.29739999771118164
YDR023W,YLR008C,0,-4.3898277,0.19245386123657227,0.7089999914169312,0.29750001430511475
YOL075C,YJR050W,0,-4.3900633,0.19240163266658783,0.7089999914169312,0.29760000109672546
YJL101C,YGL119W,0,-4.3901215,0.19234943389892578,0.7089999914169312,0.2976999878883362
YDR541C,YEL043W,0,-4.390298,0.19229726493358612,0.7089999914169312,0.2978000044822693
YCL062W,YGR209C,1,-4.391109,0.1925162672996521,0.7099999785423279,0.2978000044822693
YDL148C,YKR016W,0,-4.3917933,0.19246408343315125,0.7099999785423279,0.29789999127388
YPL282C,YJR096W,0,-4.392185,0.19241192936897278,0.7099999785423279,0.2980000078678131
YPL190C,YML131W,0,-4.3932366,0.1923597902059555,0.7099999785423279,0.29809999465942383
YDL134C-A,YLR175W,0,-4.3932753,0.19230769574642181,0.7099999785423279,0.29820001125335693
YNL263C,YJL159W,0,-4.393441,0.19225561618804932,0.7099999785423279,0.29829999804496765
YGR020C,YFR019W,1,-4.3934584,0.19247427582740784,0.7110000252723694,0.29829999804496765
YPL242C,YCL025C,0,-4.394156,0.19242219626903534,0.7110000252723694,0.29840001463890076
YHR039C-B,YNL015W,1,-4.394323,0.19264069199562073,0.7120000123977661,0.29840001463890076
YPL081W,YML005W,0,-4.3945227,0.19258858263492584,0.7120000123977661,0.2985000014305115
YJL012C-A,YIL048W,1,-4.394617,0.1928069293498993,0.7129999995231628,0.2985000014305115
YBR169C,YGL162W,0,-4.3951106,0.1927548050880432,0.7129999995231628,0.2985999882221222
YKL218C,YOR304W,0,-4.395143,0.19270269572734833,0.7129999995231628,0.2987000048160553
YBL092W,YLR390W,0,-4.395374,0.19265063107013702,0.7129999995231628,0.298799991607666
YBR097W,YKR016W,0,-4.395379,0.1925985962152481,0.7129999995231628,0.2989000082015991
YHR073W,YOR054C,0,-4.395459,0.19254659116268158,0.7129999995231628,0.29899999499320984
YLR305C,YEL051W,1,-4.3956027,0.19276458024978638,0.7139999866485596,0.29899999499320984
YCL062W,YFR019W,1,-4.3959885,0.19298245012760162,0.7149999737739563,0.29899999499320984
YCL026C-B,YML009C,0,-4.396034,0.19293038547039032,0.7149999737739563,0.29910001158714294
YDR397C,YMR046C,0,-4.3961267,0.1928783357143402,0.7149999737739563,0.29919999837875366
YML028W,YLR391W,0,-4.3972588,0.1928263157606125,0.7149999737739563,0.2992999851703644
YOR188W,YHL018W,0,-4.398031,0.19277432560920715,0.7149999737739563,0.2994000017642975
YBR213W,YOR373W,0,-4.398143,0.1927223652601242,0.7149999737739563,0.2994999885559082
YCL003W,YLR287C-A,0,-4.3981724,0.19267043471336365,0.7149999737739563,0.2996000051498413
YER003C,YLR466W,0,-4.3983026,0.19261853396892548,0.7149999737739563,0.299699991941452
YJL012C-A,YNL326C,1,-4.398307,0.1928359866142273,0.7160000205039978,0.299699991941452
YBR168W,YNL023C,0,-4.398657,0.19278405606746674,0.7160000205039978,0.29980000853538513
YPR169W,YKL210W,0,-4.398674,0.19273217022418976,0.7160000205039978,0.29989999532699585
YLR192C,YDR261C,0,-4.398729,0.19268029928207397,0.7160000205039978,0.30000001192092896
YER072W,YGR209C,1,-4.398779,0.1928974986076355,0.7170000076293945,0.30000001192092896
YBR239C,YJR149W,0,-4.399031,0.19284561276435852,0.7170000076293945,0.3000999987125397
YDR499W,YHR135C,0,-4.3990993,0.19279375672340393,0.7170000076293945,0.3001999855041504
YDL144C,YHL036W,0,-4.3996,0.19274193048477173,0.7170000076293945,0.3003000020980835
YLL016W,YOR229W,0,-4.4002085,0.19269013404846191,0.7170000076293945,0.3003999888896942
YBL103C,YKL023W,0,-4.4004297,0.1926383674144745,0.7170000076293945,0.3005000054836273
YBR149W,YHR123W,0,-4.401091,0.19258663058280945,0.7170000076293945,0.30059999227523804
YBR084C-A,YOL005C,0,-4.4012403,0.1925349086523056,0.7170000076293945,0.30070000886917114
YBL103C,YPR088C,0,-4.4015193,0.19248321652412415,0.7170000076293945,0.30079999566078186
YFL009W,YGL122C,0,-4.4024343,0.19243156909942627,0.7170000076293945,0.30090001225471497
YLR088W,YJL097W,0,-4.4028053,0.1923799365758896,0.7170000076293945,0.3009999990463257
YMR228W,YPL113C,0,-4.4031878,0.1923283189535141,0.7170000076293945,0.3010999858379364
YML087C,YCL017C,0,-4.4031997,0.1922767460346222,0.7170000076293945,0.3012000024318695
YOR132W,YIL166C,0,-4.403264,0.19222520291805267,0.7170000076293945,0.3012999892234802
YHR010W,YDR139C,0,-4.4033194,0.19217367470264435,0.7170000076293945,0.30140000581741333
YBL005W-B,YNL201C,0,-4.403322,0.1921221911907196,0.7170000076293945,0.30149999260902405
YDR476C,YDR034W-B,0,-4.40335,0.19207072257995605,0.7170000076293945,0.30160000920295715
YMR261C,YDR307W,0,-4.403694,0.1920192837715149,0.7170000076293945,0.30169999599456787
YPL166W,YJR098C,0,-4.404214,0.19196787476539612,0.7170000076293945,0.301800012588501
YJL030W,YPR106W,0,-4.405031,0.19191649556159973,0.7170000076293945,0.3018999993801117
YGL166W,YJL044C,0,-4.406539,0.19186513125896454,0.7170000076293945,0.3019999861717224
YDR116C,YIL162W,0,-4.406704,0.19181379675865173,0.7170000076293945,0.3021000027656555
YLL066C,YGL006W,0,-4.4067297,0.1917625069618225,0.7170000076293945,0.30219998955726624
YPR137W,YFL043C,0,-4.4067907,0.19171123206615448,0.7170000076293945,0.30230000615119934
YPR114W,YLR190W,0,-4.407132,0.19165998697280884,0.7170000076293945,0.30239999294281006
YPL213W,YKL164C,0,-4.407335,0.19160877168178558,0.7170000076293945,0.30250000953674316
YML001W,YHR039C-B,1,-4.407764,0.19182473421096802,0.7179999947547913,0.30250000953674316
YER072W,YOR326W,1,-4.407936,0.1920405924320221,0.718999981880188,0.30250000953674316
YMR269W,YDR185C,0,-4.4082875,0.19198931753635406,0.718999981880188,0.3025999963283539
YJR048W,YNL153C,0,-4.408659,0.19193807244300842,0.718999981880188,0.302700012922287
YMR266W,YAL034W-A,0,-4.4094386,0.19188684225082397,0.718999981880188,0.3027999997138977
YDR293C,YDR511W,0,-4.409627,0.19183564186096191,0.718999981880188,0.3028999865055084
YCR043C,YER081W,0,-4.410247,0.19178447127342224,0.718999981880188,0.30300000309944153
YPR111W,YBR223C,0,-4.4103675,0.19173333048820496,0.718999981880188,0.30309998989105225
YMR124W,YPR185W,0,-4.4104776,0.19168221950531006,0.718999981880188,0.30320000648498535
YPL062W,YBR257W,0,-4.410888,0.19163112342357635,0.718999981880188,0.30329999327659607
YLR023C,YKL141W,0,-4.411071,0.19158007204532623,0.718999981880188,0.3034000098705292
YJR054W,YOR310C,0,-4.411265,0.1915290355682373,0.718999981880188,0.3034999966621399
YER007W,YNL288W,0,-4.4114037,0.19147802889347076,0.718999981880188,0.303600013256073
YPR103W,YKL160W,0,-4.412571,0.1914270520210266,0.718999981880188,0.3037000000476837
YCL075W,YPL235W,0,-4.4127445,0.19137610495090485,0.718999981880188,0.30379998683929443
YDR485C,YHR043C,0,-4.4131846,0.19132517278194427,0.718999981880188,0.30390000343322754
YDR484W,YIL118W,0,-4.4133005,0.1912742704153061,0.718999981880188,0.30399999022483826
YER172C,YOR017W,0,-4.413509,0.1912233978509903,0.718999981880188,0.30410000681877136
YKR021W,YJL185C,0,-4.414826,0.1911725550889969,0.718999981880188,0.3041999936103821
YBR299W,YJR053W,0,-4.4153614,0.19112174212932587,0.718999981880188,0.3043000102043152
YDR307W,YLL025W,0,-4.415553,0.19107095897197723,0.718999981880188,0.3043999969959259
YER042W,YGL244W,0,-4.4155574,0.1910201907157898,0.718999981880188,0.304500013589859
YER069W,YGR271W,0,-4.4158044,0.19096945226192474,0.718999981880188,0.3046000003814697
YER094C,YMR024W,0,-4.4160886,0.19091874361038208,0.718999981880188,0.30469998717308044
YBR141C,YNL012W,0,-4.4169555,0.1908680647611618,0.718999981880188,0.30480000376701355
YPL047W,YDL149W,0,-4.417344,0.19081741571426392,0.718999981880188,0.30489999055862427
YPR036W,YMR231W,1,-4.4176664,0.19103209674358368,0.7200000286102295,0.30489999055862427
YNL033W,YGL009C,0,-4.4176893,0.1909814327955246,0.7200000286102295,0.3050000071525574
YHR103W,YOL133W,0,-4.4190664,0.1909307837486267,0.7200000286102295,0.3050999939441681
YGR075C,YPR058W,0,-4.4192233,0.1908801645040512,0.7200000286102295,0.3052000105381012
YBR221C,YDR398W,0,-4.4193296,0.1908295750617981,0.7200000286102295,0.3052999973297119
YJL012C-A,YPR036W,1,-4.4194994,0.19104398787021637,0.7210000157356262,0.3052999973297119
YLR128W,YOL153C,0,-4.419761,0.19099338352680206,0.7210000157356262,0.305400013923645
YPL276W,YGL226W,0,-4.4198074,0.19094279408454895,0.7210000157356262,0.30550000071525574
YCL062W,YDR065W,1,-4.420085,0.1911569982767105,0.722000002861023,0.30550000071525574
YER078C,YML085C,0,-4.420274,0.1911064088344574,0.722000002861023,0.30559998750686646
YLR133W,YML056C,0,-4.4207354,0.19105583429336548,0.722000002861023,0.30570000410079956
YGL180W,YLR078C,0,-4.4208035,0.19100528955459595,0.722000002861023,0.3057999908924103
YGL120C,YOR307C,0,-4.421194,0.1909547746181488,0.722000002861023,0.3059000074863434
YKR062W,YKL126W,0,-4.4215374,0.19090428948402405,0.722000002861023,0.3059999942779541
YFR006W,YPR157W,0,-4.4223523,0.19085381925106049,0.722000002861023,0.3061000108718872
YBR098W,YML076C,0,-4.422496,0.1908033788204193,0.722000002861023,0.3061999976634979
YDR046C,YHL012W,0,-4.422829,0.19075296819210052,0.722000002861023,0.30630001425743103
YMR109W,YBR188C,0,-4.422953,0.19070258736610413,0.722000002861023,0.30640000104904175
YNR032W,YPR141C,0,-4.4231954,0.19065223634243011,0.722000002861023,0.30649998784065247
YNR039C,YGL226C-A,0,-4.4236455,0.1906019002199173,0.722000002861023,0.30660000443458557
YPL019C,YLR043C,1,-4.4240017,0.1908155232667923,0.7229999899864197,0.30660000443458557
YBR075W,YDR397C,0,-4.424396,0.1907651722431183,0.7229999899864197,0.3066999912261963
YPL149W,YER131W,0,-4.424532,0.19071485102176666,0.7229999899864197,0.3068000078201294
YGR177C,YHR029C,0,-4.4247174,0.19066455960273743,0.7229999899864197,0.3068999946117401
YCR023C,YPL273W,0,-4.4249682,0.19061428308486938,0.7229999899864197,0.3070000112056732
YJL012C-A,YIL138C,1,-4.425013,0.1908276230096817,0.7239999771118164,0.3070000112056732
YGR020C,YJL012C-A,1,-4.42535,0.19104084372520447,0.7250000238418579,0.3070000112056732
YGL055W,YOL062C,0,-4.425529,0.19099052250385284,0.7250000238418579,0.30709999799728394
YBR159W,YDL241W,0,-4.4262533,0.19094021618366241,0.7250000238418579,0.30720001459121704
YJR068W,YLR292C,0,-4.4263134,0.19088993966579437,0.7250000238418579,0.30730000138282776
YER087W,YJR068W,0,-4.426433,0.19083969295024872,0.7250000238418579,0.3073999881744385
YDR393W,YFR039C,0,-4.426446,0.19078947603702545,0.7250000238418579,0.3075000047683716
YPL115C,YLR348C,0,-4.4265127,0.19073927402496338,0.7250000238418579,0.3075999915599823
YML096W,YGR136W,0,-4.426606,0.1906891167163849,0.7250000238418579,0.3077000081539154
YJL123C,YNR012W,0,-4.426607,0.1906389743089676,0.7250000238418579,0.3077999949455261
YOR290C,YJL222W,0,-4.4266915,0.1905888468027115,0.7250000238418579,0.30790001153945923
YFR014C,YGL236C,0,-4.4267073,0.19053876399993896,0.7250000238418579,0.30799999833106995
YOL112W,YDR295C,0,-4.4268374,0.19048869609832764,0.7250000238418579,0.30809998512268066
YEL013W,YGR209C,1,-4.4276304,0.19070133566856384,0.7260000109672546,0.30809998512268066
YNL133C,YPR041W,0,-4.4278817,0.19065126776695251,0.7260000109672546,0.30820000171661377
YIR004W,YDL206W,0,-4.42883,0.19060121476650238,0.7260000109672546,0.3082999885082245
YOR390W,YKL095W,0,-4.429643,0.19055117666721344,0.7260000109672546,0.3084000051021576
YDR012W,YLR081W,0,-4.429875,0.19050118327140808,0.7260000109672546,0.3084999918937683
YGL129C,YHR186C,0,-4.430151,0.19045120477676392,0.7260000109672546,0.3086000084877014
YPL099C,YCL052C,0,-4.430457,0.19040125608444214,0.7260000109672546,0.30869999527931213
YOR004W,YER052C,0,-4.4306564,0.19035133719444275,0.7260000109672546,0.30880001187324524
YHL022C,YDL119C,0,-4.430736,0.19030144810676575,0.7260000109672546,0.30889999866485596
YHR138C,YDR456W,1,-4.431052,0.19051362574100494,0.7269999980926514,0.30889999866485596
YJR105W,YMR316W,0,-4.431151,0.19046372175216675,0.7269999980926514,0.3089999854564667
YCR087C-A,YMR142C,0,-4.4313707,0.19041383266448975,0.7269999980926514,0.3091000020503998
YIL015W,YFR024C,0,-4.431425,0.19036397337913513,0.7269999980926514,0.3091999888420105
YDL132W,YDR376W,0,-4.431434,0.1903141289949417,0.7269999980926514,0.3093000054359436
YDR263C,YGR121C,0,-4.431795,0.19026432931423187,0.7269999980926514,0.3093999922275543
YER112W,YER019C-A,0,-4.431831,0.19021454453468323,0.7269999980926514,0.3095000088214874
YHR116W,YGL148W,0,-4.4319887,0.19016478955745697,0.7269999980926514,0.30959999561309814
YPR036W,YDL077C,1,-4.432028,0.19037656486034393,0.7279999852180481,0.30959999561309814
YLR399C,YER019C-A,0,-4.4321394,0.19032679498195648,0.7279999852180481,0.30970001220703125
YMR027W,YGR013W,0,-4.432196,0.19027705490589142,0.7279999852180481,0.30979999899864197
YLR023C,YMR194W,0,-4.432246,0.19022732973098755,0.7279999852180481,0.3098999857902527
YHL042W,YBL040C,0,-4.4326057,0.19017763435840607,0.7279999852180481,0.3100000023841858
YKL060C,YDR196C,0,-4.433204,0.19012796878814697,0.7279999852180481,0.3100999891757965
YGR120C,YPL002C,0,-4.4332933,0.19007833302021027,0.7279999852180481,0.3102000057697296
YBL005W-B,YPL011C,0,-4.4343867,0.19002871215343475,0.7279999852180481,0.31029999256134033
YCL062W,YBL050W,1,-4.4344707,0.19024008512496948,0.7289999723434448,0.31029999256134033
YML029W,YDL025C,0,-4.4354095,0.19019044935703278,0.7289999723434448,0.31040000915527344
YAR018C,YGL005C,0,-4.435424,0.19014084339141846,0.7289999723434448,0.31049999594688416
YNL281W,YGR095C,0,-4.43544,0.19009126722812653,0.7289999723434448,0.31060001254081726
YKL192C,YAL064W-B,0,-4.4357376,0.1900417059659958,0.7289999723434448,0.310699999332428
YOL087C,YHL001W,0,-4.435789,0.18999217450618744,0.7289999723434448,0.3107999861240387
YLR173W,YER162C,0,-4.4359045,0.18994267284870148,0.7289999723434448,0.3109000027179718
YHR198C,YLL016W,0,-4.436163,0.1898932009935379,0.7289999723434448,0.3109999895095825
YOL006C,YLR461W,0,-4.436378,0.18984374403953552,0.7289999723434448,0.3111000061035156
YNL073W,YLR154C,0,-4.436508,0.18979433178901672,0.7289999723434448,0.31119999289512634
YGR086C,YMR076C,0,-4.437335,0.18974491953849792,0.7289999723434448,0.31130000948905945
YLR164W,YOR189W,0,-4.437787,0.1896955519914627,0.7289999723434448,0.31139999628067017
YLR098C,YOR162C,0,-4.43897,0.18964619934558868,0.7289999723434448,0.31150001287460327
YCR047C,YKL200C,0,-4.439722,0.18959687650203705,0.7289999723434448,0.311599999666214
YGR230W,YMR014W,0,-4.4402122,0.1895475834608078,0.7289999723434448,0.3116999864578247
YKL199C,YGL059W,0,-4.4402976,0.18949830532073975,0.7289999723434448,0.3118000030517578
YNR050C,YFL059W,0,-4.440571,0.18944907188415527,0.7289999723434448,0.31189998984336853
YKR017C,YNL122C,0,-4.4415884,0.1893998384475708,0.7289999723434448,0.31200000643730164
YBR071W,YML085C,0,-4.4416184,0.1893506497144699,0.7289999723434448,0.31209999322891235
YMR041C,YIL094C,0,-4.4418516,0.1893014758825302,0.7289999723434448,0.31220000982284546
YJL174W,YIR032C,0,-4.442059,0.1892523318529129,0.7289999723434448,0.3122999966144562
YMR096W,YLR203C,0,-4.4423,0.18920321762561798,0.7289999723434448,0.3124000132083893
YJR057W,YML086C,0,-4.4425273,0.18915411829948425,0.7289999723434448,0.3125
YML001W,YFR019W,1,-4.4427147,0.1893644630908966,0.7300000190734863,0.3125
YBR131W,YLR441C,0,-4.442877,0.18931534886360168,0.7300000190734863,0.3125999867916107
YIL078W,YHL044W,0,-4.442968,0.18926626443862915,0.7300000190734863,0.3127000033855438
YML106W,YNL304W,0,-4.443036,0.189217209815979,0.7300000190734863,0.31279999017715454
YHR056C,YGL234W,0,-4.443045,0.18916818499565125,0.7300000190734863,0.31290000677108765
YGR145W,YGR001C,0,-4.444156,0.18911917507648468,0.7300000190734863,0.31299999356269836
YLR330W,YDL164C,0,-4.4444427,0.1890701949596405,0.7300000190734863,0.31310001015663147
YIL063C,YDL124W,0,-4.444484,0.18902122974395752,0.7300000190734863,0.3131999969482422
YPL173W,YKL024C,0,-4.444954,0.18897229433059692,0.7300000190734863,0.3133000135421753
YDL204W,YLR391W,0,-4.4453163,0.18892338871955872,0.7300000190734863,0.313400000333786
YMR207C,YPL140C,0,-4.445323,0.1888745129108429,0.7300000190734863,0.31349998712539673
YMR110C,YKL005C,0,-4.445334,0.18882566690444946,0.7300000190734863,0.31360000371932983
YCL032W,YLR356W,0,-4.445502,0.18877683579921722,0.7300000190734863,0.31369999051094055
YCR052W,YDR134C,0,-4.4455676,0.18872801959514618,0.7300000190734863,0.31380000710487366
YHR112C,YPL003W,0,-4.445573,0.18867924809455872,0.7300000190734863,0.3138999938964844
YDR025W,YGR057C,0,-4.4457293,0.18863049149513245,0.7300000190734863,0.3140000104904175
YMR291W,YPL097W,0,-4.44578,0.18858176469802856,0.7300000190734863,0.3140999972820282
YMR204C,YCL027C-A,0,-4.44598,0.18853305280208588,0.7300000190734863,0.3142000138759613
YDR490C,YGL085W,0,-4.446172,0.18848438560962677,0.7300000190734863,0.314300000667572
YBR172C,YER019C-A,0,-4.446393,0.18843571841716766,0.7300000190734863,0.31439998745918274
YIR018W,YMR075W,0,-4.4464474,0.18838709592819214,0.7300000190734863,0.31450000405311584
YBR240C,YDR529C,0,-4.447142,0.1883384883403778,0.7300000190734863,0.31459999084472656
YHL030W,YPR164W,0,-4.447373,0.18828991055488586,0.7300000190734863,0.31470000743865967
YMR325W,YCR087C-A,0,-4.447442,0.1882413625717163,0.7300000190734863,0.3147999942302704
YML011C,YOR266W,0,-4.447621,0.18819282948970795,0.7300000190734863,0.3149000108242035
YDR103W,YLR188W,0,-4.4476666,0.18814432621002197,0.7300000190734863,0.3149999976158142
YJR095W,YKL057C,0,-4.448064,0.1880958527326584,0.7300000190734863,0.3151000142097473
YPR196W,YHR111W,0,-4.448103,0.188047394156456,0.7300000190734863,0.31520000100135803
YKL063C,YAL007C,0,-4.4484754,0.187998965382576,0.7300000190734863,0.31529998779296875
YPL116W,YML118W,0,-4.448948,0.18795056641101837,0.7300000190734863,0.31540000438690186
YML045W,YDR384C,0,-4.448994,0.18790218234062195,0.7300000190734863,0.3154999911785126
YMR092C,YOR381W,0,-4.4490523,0.1878538280725479,0.7300000190734863,0.3156000077724457
YDR147W,YKR099C-A,0,-4.449294,0.18780550360679626,0.7300000190734863,0.3156999945640564
YDR540C,YPL213W,0,-4.4493566,0.187757208943367,0.7300000190734863,0.3158000111579895
YNL264C,YER165W,0,-4.44987,0.18770892918109894,0.7300000190734863,0.3158999979496002
YPR067W,YOR260W,0,-4.450036,0.18766066431999207,0.7300000190734863,0.3160000145435333
YMR300C,YLR244C,0,-4.450159,0.18761244416236877,0.7300000190734863,0.31610000133514404
YOR143C,YMR161W,0,-4.4502277,0.18756423890590668,0.7300000190734863,0.31619998812675476
YCL047C,YJL090C,0,-4.4502616,0.18751604855060577,0.7300000190734863,0.31630000472068787
YKL199C,YOL120C,0,-4.450279,0.18746790289878845,0.7300000190734863,0.3163999915122986
YLR044C,YNL142W,0,-4.4504833,0.18741977214813232,0.7300000190734863,0.3165000081062317
YIL023C,YGL253W,0,-4.450626,0.1873716562986374,0.7300000190734863,0.3165999948978424
YOR327C,YNL066W,0,-4.4506955,0.18732358515262604,0.7300000190734863,0.3167000114917755
YGL141W,YKL162C,0,-4.4508476,0.18727552890777588,0.7300000190734863,0.31679999828338623
YHR193C,YLR065C,0,-4.45159,0.18722748756408691,0.7300000190734863,0.31690001487731934
YML006C,YOL064C,0,-4.4516478,0.18717949092388153,0.7300000190734863,0.31700000166893005
YNL076W,YOR126C,0,-4.451829,0.18713150918483734,0.7300000190734863,0.31709998846054077
YBR018C,YBR071W,0,-4.4519396,0.18708354234695435,0.7300000190734863,0.3172000050544739
YOR377W,YCR076C,0,-4.454583,0.18703562021255493,0.7300000190734863,0.3172999918460846
YGR097W,YHR017W,0,-4.4546943,0.18698769807815552,0.7300000190734863,0.3174000084400177
YDL140C,YIL090W,0,-4.4547524,0.18693982064723969,0.7300000190734863,0.3174999952316284
YLR401C,YOR187W,0,-4.4548287,0.18689195811748505,0.7300000190734863,0.3176000118255615
YJL176C,YKL048C,0,-4.4551334,0.1868441253900528,0.7300000190734863,0.31769999861717224
YKL022C,YDL070W,0,-4.455431,0.18679632246494293,0.7300000190734863,0.31779998540878296
YIL091C,YDL097C,0,-4.455641,0.18674853444099426,0.7300000190734863,0.31790000200271606
YMR259C,YNL131W,0,-4.4561186,0.1867007613182068,0.7300000190734863,0.3179999887943268
YDR063W,YLR083C,0,-4.4561634,0.1866530328989029,0.7300000190734863,0.3181000053882599
YKL033W,YOR071C,0,-4.456585,0.1866053193807602,0.7300000190734863,0.3181999921798706
YDL135C,YBR296C,0,-4.4575124,0.18655763566493988,0.7300000190734863,0.3183000087738037
YDR333C,YML132W,0,-4.4578047,0.18650996685028076,0.7300000190734863,0.31839999556541443
YMR164C,YBR013C,0,-4.4580994,0.18646232783794403,0.7300000190734863,0.31850001215934753
YNR050C,YML064C,0,-4.458193,0.1864147037267685,0.7300000190734863,0.31859999895095825
YER159C,YJL223C,0,-4.459203,0.18636712431907654,0.7300000190734863,0.31869998574256897
YOL045W,YMR200W,0,-4.459601,0.18631954491138458,0.7300000190734863,0.3188000023365021
YDR243C,YPL162C,0,-4.4597006,0.1862720102071762,0.7300000190734863,0.3188999891281128
YPR114W,YER146W,0,-4.4598293,0.18622449040412903,0.7300000190734863,0.3190000057220459
YGL230C,YKR049C,0,-4.459847,0.18617700040340424,0.7300000190734863,0.3190999925136566
YOR336W,YLR375W,0,-4.460681,0.18612952530384064,0.7300000190734863,0.3192000091075897
YNL121C,YGR213C,0,-4.460956,0.18608208000659943,0.7300000190734863,0.31929999589920044
YMR273C,YMR037C,0,-4.461015,0.1860346645116806,0.7300000190734863,0.31940001249313354
YNL331C,YMR205C,0,-4.4611278,0.18598726391792297,0.7300000190734863,0.31949999928474426
YCR100C,YOR213C,0,-4.461397,0.18593989312648773,0.7300000190734863,0.319599986076355
YLR043C,YOR068C,1,-4.461734,0.18614718317985535,0.7310000061988831,0.319599986076355
YOL088C,YPL236C,0,-4.4620843,0.1860997974872589,0.7310000061988831,0.3197000026702881
YBR126W-A,YBR143C,0,-4.462139,0.18605242669582367,0.7310000061988831,0.3197999894618988
YLR286C,YCL008C,0,-4.4624057,0.18600508570671082,0.7310000061988831,0.3199000060558319
YGL185C,YJL062W,0,-4.4625845,0.18595777451992035,0.7310000061988831,0.3199999928474426
YIL169C,YER134C,0,-4.4630823,0.18591047823429108,0.7310000061988831,0.32010000944137573
YHR074W,YBR108W,0,-4.463236,0.1858632117509842,0.7310000061988831,0.32019999623298645
YJL012C-A,YDR080W,1,-4.4633756,0.18607015907764435,0.7319999933242798,0.32019999623298645
YHR026W,YDL077C,1,-4.463481,0.18627700209617615,0.7329999804496765,0.32019999623298645
YHR192W,YPR122W,0,-4.463864,0.1862296760082245,0.7329999804496765,0.32030001282691956
YHR174W,YDR328C,1,-4.4640284,0.18643637001514435,0.734000027179718,0.32030001282691956
YGR177C,YNR019W,0,-4.46455,0.1863890290260315,0.734000027179718,0.3203999996185303
YBR278W,YDR046C,0,-4.4648137,0.18634171783924103,0.734000027179718,0.320499986410141
YIL035C,YOL133W,0,-4.4648724,0.18629442155361176,0.734000027179718,0.3206000030040741
YKL063C,YMR011W,0,-4.464881,0.18624714016914368,0.734000027179718,0.3206999897956848
YNL045W,YBR201W,0,-4.465227,0.18619990348815918,0.734000027179718,0.3208000063896179
YMR243C,YPR095C,0,-4.4652557,0.18615268170833588,0.734000027179718,0.32089999318122864
YPR105C,YBR215W,0,-4.46541,0.18610547482967377,0.734000027179718,0.32100000977516174
YLR241W,YBR008C,0,-4.4659576,0.18605829775333405,0.734000027179718,0.32109999656677246
YGR067C,YLR325C,0,-4.466015,0.1860111504793167,0.734000027179718,0.32120001316070557
YDR007W,YGL173C,0,-4.466707,0.18596401810646057,0.734000027179718,0.3212999999523163
YDL135C,YOL105C,0,-4.4669013,0.18591691553592682,0.734000027179718,0.321399986743927
YJL151C,YMR102C,0,-4.46783,0.18586984276771545,0.734000027179718,0.3215000033378601
YCR067C,YBL037W,0,-4.468216,0.18582278490066528,0.734000027179718,0.3215999901294708
YOR228C,YGR271C-A,0,-4.4683366,0.1857757568359375,0.734000027179718,0.32170000672340393
YER133W,YLR348C,0,-4.468383,0.1857287436723709,0.734000027179718,0.32179999351501465
YCL062W,YKR007W,1,-4.4686947,0.18593473732471466,0.7350000143051147,0.32179999351501465
YJL163C,YDR371W,0,-4.469119,0.18588770925998688,0.7350000143051147,0.32190001010894775
YIL095W,YLR022C,0,-4.46931,0.18584071099758148,0.7350000143051147,0.32199999690055847
YDL077C,YDR202C,1,-4.46937,0.1860465109348297,0.7360000014305115,0.32199999690055847
YDR023W,YDR011W,0,-4.469948,0.18599949777126312,0.7360000014305115,0.3221000134944916
YDR013W,YHL012W,0,-4.4701605,0.18595249950885773,0.7360000014305115,0.3222000002861023
YPL028W,YPL149W,0,-4.470204,0.18590553104877472,0.7360000014305115,0.322299987077713
YJR028W,YBL037W,0,-4.470314,0.1858585923910141,0.7360000014305115,0.3224000036716461
YML048W,YER073W,0,-4.4703875,0.18581166863441467,0.7360000014305115,0.32249999046325684
YGR075C,YLR139C,0,-4.470848,0.18576475977897644,0.7360000014305115,0.32260000705718994
YDR067C,YAL030W,0,-4.471268,0.1857178956270218,0.7360000014305115,0.32269999384880066
YER042W,YHR179W,0,-4.4717226,0.18567104637622833,0.7360000014305115,0.32280001044273376
YOL143C,YKR036C,0,-4.4718184,0.18562421202659607,0.7360000014305115,0.3228999972343445
YDR017C,YHR138C,1,-4.4722767,0.1858295500278473,0.7369999885559082,0.3228999972343445
YOR069W,YDL097C,0,-4.4723477,0.18578270077705383,0.7369999885559082,0.3230000138282776
YEL016C,YGL010W,0,-4.473028,0.18573588132858276,0.7369999885559082,0.3231000006198883
YGL031C,YOL047C,0,-4.473069,0.18568909168243408,0.7369999885559082,0.323199987411499
YDL144C,YDR028C,0,-4.473525,0.1856423169374466,0.7369999885559082,0.32330000400543213
YBR036C,YCL052C,0,-4.4739323,0.1855955719947815,0.7369999885559082,0.32339999079704285
YBR175W,YLL054C,0,-4.4741917,0.1855488419532776,0.7369999885559082,0.32350000739097595
YFL003C,YKR099C-A,0,-4.4745183,0.18550214171409607,0.7369999885559082,0.32359999418258667
YGR040W,YNR012W,0,-4.4745927,0.18545545637607574,0.7369999885559082,0.3237000107765198
YMR123W,YPL003W,0,-4.4746304,0.1854088008403778,0.7369999885559082,0.3237999975681305
YNL003C,YBR294W,0,-4.474987,0.18536217510700226,0.7369999885559082,0.3239000141620636
YOR327C,YGR152C,0,-4.475065,0.1853155642747879,0.7369999885559082,0.3240000009536743
YDR033W,YEL040W,0,-4.475339,0.18526898324489594,0.7369999885559082,0.32409998774528503
YDR037W,YPR196W,0,-4.4753976,0.18522241711616516,0.7369999885559082,0.32420000433921814
YPR124W,YBR108W,0,-4.475897,0.18517588078975677,0.7369999885559082,0.32429999113082886
YPL276W,YGR285C,0,-4.476021,0.18512935936450958,0.7369999885559082,0.32440000772476196
YFL006W,YPL274W,0,-4.4760737,0.18508286774158478,0.7369999885559082,0.3244999945163727
YOL152W,YOR037W,0,-4.4760804,0.18503640592098236,0.7369999885559082,0.3246000111103058
YER002W,YLL005C,0,-4.4761667,0.18498995900154114,0.7369999885559082,0.3246999979019165
YDR227W,YLL056C,0,-4.4767184,0.1849435418844223,0.7369999885559082,0.3248000144958496
YGL022W,YBR115C,0,-4.476759,0.18489713966846466,0.7369999885559082,0.3249000012874603
YOR355W,YOL062C,0,-4.4772205,0.1848507672548294,0.7369999885559082,0.32499998807907104
YLR143W,YCL014W,0,-4.4773216,0.18480440974235535,0.7369999885559082,0.32510000467300415
YIL113W,YPL215W,0,-4.4777646,0.18475808203220367,0.7369999885559082,0.32519999146461487
YHR028C,YMR325W,0,-4.4784408,0.1847117841243744,0.7369999885559082,0.325300008058548
YGR020C,YMR231W,1,-4.479187,0.18491606414318085,0.7379999756813049,0.325300008058548
YPR018W,YCR053W,0,-4.479306,0.18486973643302917,0.7379999756813049,0.3253999948501587
YDR478W,YMR279C,0,-4.4793277,0.1848234385251999,0.7379999756813049,0.3255000114440918
YJR010C-A,YJR058C,0,-4.479434,0.184777170419693,0.7379999756813049,0.3255999982357025
YNL245C,YOL059W,0,-4.479472,0.1847309172153473,0.7379999756813049,0.3257000148296356
YGL227W,YKL023W,0,-4.4795046,0.18468467891216278,0.7379999756813049,0.32580000162124634
YLR271W,YJL010C,0,-4.4797883,0.18463848531246185,0.7379999756813049,0.32589998841285706
YGL104C,YLR414C,0,-4.4799604,0.18459229171276093,0.7379999756813049,0.32600000500679016
YCR005C,YIR013C,0,-4.480261,0.18454614281654358,0.7379999756813049,0.3260999917984009
YJR094C,YOR275C,0,-4.480297,0.18449999392032623,0.7379999756813049,0.326200008392334
YDR453C,YBL003C,0,-4.480443,0.18445388972759247,0.7379999756813049,0.3262999951839447
YBL013W,YKL138C-A,0,-4.4806566,0.1844078004360199,0.7379999756813049,0.3264000117778778
YNL129W,YDL012C,0,-4.4807954,0.18436172604560852,0.7379999756813049,0.3264999985694885
YHR039C-B,YDR328C,1,-4.4808726,0.1845654398202896,0.7390000224113464,0.3264999985694885
YER019W,YML022W,0,-4.4818654,0.18451935052871704,0.7390000224113464,0.32659998536109924
YOR005C,YMR166C,0,-4.4826536,0.18447329103946686,0.7390000224113464,0.32670000195503235
YBR162W-A,YPL164C,0,-4.483138,0.18442724645137787,0.7390000224113464,0.32679998874664307
YMR244C-A,YOR358W,0,-4.48575,0.18438123166561127,0.7390000224113464,0.32690000534057617
YLR355C,YOR394W,0,-4.485997,0.18433524668216705,0.7390000224113464,0.3269999921321869
YCL064C,YGR058W,0,-4.4861517,0.18428927659988403,0.7390000224113464,0.32710000872612
YPR097W,YER022W,0,-4.4863563,0.1842433363199234,0.7390000224113464,0.3271999955177307
YDR493W,YMR295C,0,-4.4870114,0.18419741094112396,0.7390000224113464,0.3273000121116638
YML001W,YMR231W,1,-4.487196,0.18440069258213043,0.7400000095367432,0.3273000121116638
YKL080W,YDR017C,1,-4.4872284,0.18460388481616974,0.7409999966621399,0.3273000121116638
YDR256C,YJL114W,0,-4.4873886,0.18455791473388672,0.7409999966621399,0.32739999890327454
YNL288W,YPR159W,0,-4.4874105,0.1845119595527649,0.7409999966621399,0.32749998569488525
YLR025W,YOL133W,0,-4.487775,0.18446601927280426,0.7409999966621399,0.32760000228881836
YDR436W,YMR074C,0,-4.487907,0.18442010879516602,0.7409999966621399,0.3276999890804291
YOL040C,YPR055W,0,-4.487936,0.18437422811985016,0.7409999966621399,0.3278000056743622
YDR063W,YJL044C,0,-4.488329,0.1843283623456955,0.7409999966621399,0.3278999924659729
YLR427W,YIL050W,0,-4.4886775,0.18428251147270203,0.7409999966621399,0.328000009059906
YDR307W,YPL154C,0,-4.4889574,0.18423670530319214,0.7409999966621399,0.3280999958515167
YBR062C,YLR427W,0,-4.489276,0.18419089913368225,0.7409999966621399,0.32820001244544983
YPR029C,YER099C,0,-4.4893503,0.18414512276649475,0.7409999966621399,0.32829999923706055
YER042W,YHL011C,0,-4.4899263,0.18409937620162964,0.7409999966621399,0.32839998602867126
YML033W,YIL135C,0,-4.490888,0.18405364453792572,0.7409999966621399,0.32850000262260437
YBR012W-A,YDL182W,0,-4.4914465,0.1840079426765442,0.7409999966621399,0.3285999894142151
YML114C,YNL305C,0,-4.4915047,0.18396227061748505,0.7409999966621399,0.3287000060081482
YIL078W,YKL054C,0,-4.4915667,0.1839165985584259,0.7409999966621399,0.3287999927997589
YPR106W,YLR071C,0,-4.4917474,0.18387097120285034,0.7409999966621399,0.328900009393692
YGR080W,YPR158W,0,-4.491824,0.18382535874843597,0.7409999966621399,0.32899999618530273
YGL122C,YKR076W,0,-4.491944,0.1837797611951828,0.7409999966621399,0.32910001277923584
YLR301W,YKL028W,0,-4.492807,0.18373419344425201,0.7409999966621399,0.32919999957084656
YKL184W,YHL022C,0,-4.4929,0.18368864059448242,0.7409999966621399,0.3292999863624573
YGR281W,YKR062W,0,-4.493059,0.18364311754703522,0.7409999966621399,0.3294000029563904
YBR293W,YOR327C,0,-4.493114,0.1835976243019104,0.7409999966621399,0.3294999897480011
YDR436W,YGR167W,0,-4.4935164,0.18355214595794678,0.7409999966621399,0.3296000063419342
YCR059C,YMR150C,0,-4.4936876,0.18350668251514435,0.7409999966621399,0.3296999931335449
YHL039W,YJR088C,0,-4.4939585,0.1834612488746643,0.7409999966621399,0.329800009727478
YHR035W,YJL054W,0,-4.494355,0.18341584503650665,0.7409999966621399,0.32989999651908875
YNL014W,YER107C,0,-4.494385,0.1833704560995102,0.7409999966621399,0.33000001311302185
YCR071C,YNL100W,0,-4.4950175,0.18332508206367493,0.7409999966621399,0.33009999990463257
YHL048W,YKL126W,0,-4.4951606,0.18327973783016205,0.7409999966621399,0.3301999866962433
YDR192C,YPR082C,0,-4.4951687,0.18323442339897156,0.7409999966621399,0.3303000032901764
YKL196C,YDL141W,0,-4.4953494,0.18318912386894226,0.7409999966621399,0.3303999900817871
YGR295C,YAR014C,0,-4.496913,0.18314383924007416,0.7409999966621399,0.3305000066757202
YOL012C,YMR120C,0,-4.4972343,0.18309858441352844,0.7409999966621399,0.33059999346733093
YCL066W,YDR441C,0,-4.4976664,0.18305335938930511,0.7409999966621399,0.33070001006126404
YPL096C-A,YDL240W,0,-4.498012,0.18300814926624298,0.7409999966621399,0.33079999685287476
YKL134C,YGL039W,0,-4.4986267,0.18296296894550323,0.7409999966621399,0.33090001344680786
YLR382C,YMR124W,0,-4.4986734,0.18291780352592468,0.7409999966621399,0.3310000002384186
YDR017C,YKR007W,1,-4.4988613,0.18311944603919983,0.7419999837875366,0.3310000002384186
YDR080W,YJR033C,1,-4.4990807,0.1833209991455078,0.7429999709129333,0.3310000002384186
YPL103C,YDL144C,0,-4.4991894,0.18327577412128448,0.7429999709129333,0.3310999870300293
YOL155C,YGR149W,0,-4.4993443,0.18323057889938354,0.7429999709129333,0.3312000036239624
YOR353C,YJL138C,0,-4.5002537,0.1831853985786438,0.7429999709129333,0.3312999904155731
YGL181W,YPL014W,0,-4.5005636,0.18314024806022644,0.7429999709129333,0.3314000070095062
YDR016C,YML057W,0,-4.501442,0.18309512734413147,0.7429999709129333,0.33149999380111694
YLL057C,YOR189W,0,-4.501933,0.1830500066280365,0.7429999709129333,0.33160001039505005
YIL091C,YOL053C-A,0,-4.5027084,0.1830049306154251,0.7429999709129333,0.33169999718666077
YHL031C,YOL161C,0,-4.5040092,0.18295986950397491,0.7429999709129333,0.33180001378059387
YDR134C,YPR083W,0,-4.5045776,0.1829148232936859,0.7429999709129333,0.3319000005722046
YOR039W,YNL316C,0,-4.505503,0.1828698068857193,0.7429999709129333,0.3319999873638153
YKR101W,YPR204W,0,-4.5055776,0.18282480537891388,0.7429999709129333,0.3321000039577484
YNL108C,YOR110W,0,-4.5058675,0.18277983367443085,0.7429999709129333,0.33219999074935913
YOL091W,YPR153W,0,-4.5059915,0.182734876871109,0.7429999709129333,0.33230000734329224
YPL268W,YBR080C,1,-4.50609,0.18293581902980804,0.7440000176429749,0.33230000734329224
YIL115C,YFL052W,0,-4.506212,0.1828908622264862,0.7440000176429749,0.33239999413490295
YLR320W,YOR254C,0,-4.5062695,0.18284590542316437,0.7440000176429749,0.33250001072883606
YMR208W,YCR028C-A,0,-4.5065613,0.18280097842216492,0.7440000176429749,0.3325999975204468
YJL145W,YOR307C,0,-4.5067096,0.18275608122348785,0.7440000176429749,0.3327000141143799
YPL194W,YML045W,0,-4.5068254,0.18271119892597198,0.7440000176429749,0.3328000009059906
YPL015C,YDR115W,0,-4.506869,0.1826663464307785,0.7440000176429749,0.3328999876976013
YJL046W,YPL232W,0,-4.507587,0.18262150883674622,0.7440000176429749,0.3330000042915344
YHR138C,YDL185W,1,-4.508594,0.1828220784664154,0.7450000047683716,0.3330000042915344
YPR018W,YGL013C,0,-4.508746,0.18277722597122192,0.7450000047683716,0.33309999108314514
YOR157C,YBR034C,0,-4.508803,0.18273240327835083,0.7450000047683716,0.33320000767707825
YDL093W,YHR044C,0,-4.5089655,0.18268759548664093,0.7450000047683716,0.33329999446868896
YLR075W,YDR027C,0,-4.50916,0.18264280259609222,0.7450000047683716,0.33340001106262207
YCL001W-A,YJR040W,0,-4.5095863,0.1825980395078659,0.7450000047683716,0.3334999978542328
YLL004W,YNL295W,0,-4.509955,0.18255329132080078,0.7450000047683716,0.3336000144481659
YNL164C,YLL062C,0,-4.509965,0.18250857293605804,0.7450000047683716,0.3337000012397766
YGL114W,YBL003C,0,-4.5100574,0.1824638694524765,0.7450000047683716,0.33379998803138733
YML058W-A,YHR181W,0,-4.510163,0.18241919577121735,0.7450000047683716,0.33390000462532043
YHR039C-B,YDR202C,1,-4.5102406,0.18261933326721191,0.7459999918937683,0.33390000462532043
YGL011C,YGR187C,0,-4.510319,0.18257464468479156,0.7459999918937683,0.33399999141693115
YHR039C-B,YKR007W,1,-4.510439,0.1827746480703354,0.746999979019165,0.33399999141693115
YMR224C,YNL185C,0,-4.510978,0.18272994458675385,0.746999979019165,0.33410000801086426
YER183C,YJL024C,0,-4.5110188,0.1826852560043335,0.746999979019165,0.334199994802475
YKR002W,YKL077W,0,-4.5113754,0.18264058232307434,0.746999979019165,0.3343000113964081
YIL017W,YOR043W,0,-4.511673,0.18259593844413757,0.746999979019165,0.3343999981880188
YIL091C,YDR168W,0,-4.5118084,0.1825513243675232,0.746999979019165,0.3345000147819519
YIL033C,YMR200W,0,-4.511895,0.18250672519207,0.746999979019165,0.3346000015735626
YHR090C,YMR262W,0,-4.5120707,0.18246214091777802,0.746999979019165,0.33469998836517334
YLR173W,YOL091W,0,-4.5123615,0.1824175864458084,0.746999979019165,0.33480000495910645
YGR201C,YGR060W,0,-4.5125017,0.182373046875,0.746999979019165,0.33489999175071716
YPR124W,YJR049C,0,-4.5128794,0.18232853710651398,0.746999979019165,0.33500000834465027
YBL025W,YMR031C,0,-4.512907,0.18228404223918915,0.746999979019165,0.335099995136261
YMR291W,YMR077C,0,-4.512984,0.1822395771741867,0.746999979019165,0.3352000117301941
YOR158W,YJR141W,0,-4.5131307,0.18219512701034546,0.746999979019165,0.3352999985218048
YKL077W,YCR076C,0,-4.513204,0.1821506917476654,0.746999979019165,0.3353999853134155
YOR008C,YKL183W,0,-4.51322,0.18210628628730774,0.746999979019165,0.33550000190734863
YIL117C,YGL162W,0,-4.5132585,0.18206191062927246,0.746999979019165,0.33559998869895935
YML051W,YEL034W,0,-4.5132713,0.18201754987239838,0.746999979019165,0.33570000529289246
YDL048C,YPR178W,0,-4.5135717,0.18197320401668549,0.746999979019165,0.3357999920845032
YJR084W,YDR367W,0,-4.5142136,0.18192888796329498,0.746999979019165,0.3359000086784363
YGR140W,YDR487C,0,-4.515354,0.18188458681106567,0.746999979019165,0.335999995470047
YDR247W,YIL074C,0,-4.5159874,0.18184031546115875,0.746999979019165,0.3361000120639801
YLR044C,YHR033W,0,-4.51647,0.18179605901241302,0.746999979019165,0.3361999988555908
YFR020W,YJL047C,0,-4.516625,0.1817518174648285,0.746999979019165,0.33629998564720154
YDL188C,YPR153W,0,-4.5170574,0.18170762062072754,0.746999979019165,0.33640000224113464
YLR297W,YJL093C,0,-4.517087,0.1816634237766266,0.746999979019165,0.33649998903274536
YPR009W,YLR287C-A,0,-4.517108,0.18161925673484802,0.746999979019165,0.33660000562667847
YBL032W,YGR003W,0,-4.5172987,0.18157510459423065,0.746999979019165,0.3366999924182892
YML045W,YDR323C,0,-4.5176525,0.18153098225593567,0.746999979019165,0.3368000090122223
YDR017C,YIL048W,1,-4.5186954,0.18172983825206757,0.7480000257492065,0.3368000090122223
YHR008C,YPL008W,0,-4.5189333,0.1816856861114502,0.7480000257492065,0.336899995803833
YGR295C,YIL097W,0,-4.5192423,0.1816415786743164,0.7480000257492065,0.3370000123977661
YOL162W,YFL023W,0,-4.519258,0.18159747123718262,0.7480000257492065,0.33709999918937683
YBL032W,YKL105C,0,-4.5194583,0.18155339360237122,0.7480000257492065,0.33719998598098755
YGR028W,YDL177C,0,-4.51992,0.1815093457698822,0.7480000257492065,0.33730000257492065
YJR093C,YFR015C,0,-4.5200224,0.18146531283855438,0.7480000257492065,0.33739998936653137
YER098W,YAL013W,0,-4.5201035,0.18142129480838776,0.7480000257492065,0.3375000059604645
YNL045W,YKR023W,0,-4.5202923,0.18137730658054352,0.7480000257492065,0.3375999927520752
YGL201C,YPR157W,0,-4.520528,0.18133333325386047,0.7480000257492065,0.3377000093460083
YDL164C,YDR359C,0,-4.5205407,0.18128938972949982,0.7480000257492065,0.337799996137619
YLR084C,YMR031C,0,-4.5209274,0.18124546110630035,0.7480000257492065,0.3379000127315521
YGR170W,YMR087W,0,-4.5211086,0.18120154738426208,0.7480000257492065,0.33799999952316284
YLR250W,YGR149W,0,-4.521404,0.1811576634645462,0.7480000257492065,0.33809998631477356
YHR105W,YDR134C,0,-4.5215273,0.18111379444599152,0.7480000257492065,0.33820000290870667
YBR045C,YKL179C,0,-4.5215645,0.18106995522975922,0.7480000257492065,0.3382999897003174
YGR058W,YIR028W,0,-4.5220785,0.1810261309146881,0.7480000257492065,0.3384000062942505
YBR012W-A,YHR215W,0,-4.522247,0.1809823364019394,0.7480000257492065,0.3384999930858612
YMR208W,YNL022C,0,-4.5223193,0.18093855679035187,0.7480000257492065,0.3386000096797943
YER184C,YER037W,0,-4.522353,0.18089480698108673,0.7480000257492065,0.33869999647140503
YIL050W,YPL215W,0,-4.522595,0.1808510571718216,0.7480000257492065,0.33880001306533813
YGL068W,YIL096C,0,-4.523087,0.18080735206604004,0.7480000257492065,0.33889999985694885
YHR113W,YDR281C,0,-4.5231957,0.18076364696025848,0.7480000257492065,0.33899998664855957
YDR023W,YFL038C,0,-4.5238986,0.1807199865579605,0.7480000257492065,0.3391000032424927
YGL071W,YCL003W,0,-4.5239663,0.18067632615566254,0.7480000257492065,0.3391999900341034
YJL172W,YGR013W,0,-4.5240836,0.18063269555568695,0.7480000257492065,0.3393000066280365
YBR098W,YGR149W,0,-4.5242205,0.18058909475803375,0.7480000257492065,0.3393999934196472
YIL143C,YKL033W-A,0,-4.5243,0.18054549396038055,0.7480000257492065,0.3395000100135803
YJR033C,YLR240W,1,-4.5244637,0.1807432472705841,0.7490000128746033,0.3395000100135803
YHR039C-B,YBR109C,1,-4.524618,0.1809408962726593,0.75,0.3395000100135803
YCL050C,YDL035C,0,-4.5248528,0.18089725077152252,0.75,0.33959999680519104
YML058W-A,YDR057W,0,-4.525209,0.18085363507270813,0.75,0.33970001339912415
YLR098C,YJR005W,0,-4.5255995,0.18081003427505493,0.75,0.33980000019073486
YER106W,YPR091C,0,-4.5262794,0.18076644837856293,0.75,0.3398999869823456
YDR368W,YMR290C,0,-4.526327,0.1807228922843933,0.75,0.3400000035762787
YDR064W,YBR297W,0,-4.5268946,0.1806793510913849,0.75,0.3400999903678894
YDR100W,YPR108W,0,-4.5269628,0.18063583970069885,0.75,0.3402000069618225
YOR224C,YPL216W,0,-4.5279255,0.180592343211174,0.75,0.3402999937534332
YER091C,YMR268C,0,-4.5279727,0.18054886162281036,0.75,0.34040001034736633
YOR326W,YBL050W,1,-4.5281243,0.18074609339237213,0.7509999871253967,0.34040001034736633
YGR218W,YLR004C,0,-4.5286407,0.1807025969028473,0.7509999871253967,0.34049999713897705
YOR018W,YKL183W,0,-4.529043,0.18065913021564484,0.7509999871253967,0.34060001373291016
YGL035C,YGR150C,0,-4.5290885,0.18061567842960358,0.7509999871253967,0.3407000005245209
YOR283W,YKL093W,0,-4.5296626,0.1805722564458847,0.7509999871253967,0.3407999873161316
YBR016W,YEL042W,0,-4.529694,0.18052884936332703,0.7509999871253967,0.3409000039100647
YLR392C,YLR467W,0,-4.5299063,0.18048545718193054,0.7509999871253967,0.3409999907016754
YDL087C,YLL005C,0,-4.5300336,0.18044209480285645,0.7509999871253967,0.3411000072956085
YPL154C,YOL130W,0,-4.530605,0.18039874732494354,0.7509999871253967,0.34119999408721924
YOR374W,YOR393W,0,-4.53084,0.18035542964935303,0.7509999871253967,0.34130001068115234
YBL003C,YOL056W,0,-4.531069,0.1803121268749237,0.7509999871253967,0.34139999747276306
YLR035C-A,YLR048W,0,-4.531996,0.18026883900165558,0.7509999871253967,0.34150001406669617
YPL189C-A,YHR103W,0,-4.5320215,0.18022558093070984,0.7509999871253967,0.3416000008583069
YGL022W,YKL156W,0,-4.5322614,0.1801823377609253,0.7509999871253967,0.3416999876499176
YNL334C,YPR097W,0,-4.532308,0.18013912439346313,0.7509999871253967,0.3418000042438507
YOR142W,YPR104C,0,-4.5329423,0.18009592592716217,0.7509999871253967,0.3418999910354614
YGL125W,YDR170C,0,-4.533221,0.1800527423620224,0.7509999871253967,0.34200000762939453
YLR160C,YLR138W,0,-4.53344,0.18000958859920502,0.7509999871253967,0.34209999442100525
YGL094C,YLR287C-A,0,-4.533654,0.17996644973754883,0.7509999871253967,0.34220001101493835
YHR033W,YGL115W,0,-4.5342245,0.17992334067821503,0.7509999871253967,0.3422999978065491
YDR168W,YEL022W,0,-4.534234,0.17988024652004242,0.7509999871253967,0.3424000144004822
YHR073W,YMR041C,0,-4.535714,0.179837167263031,0.7509999871253967,0.3425000011920929
YKL222C,YJL045W,0,-4.535739,0.17979411780834198,0.7509999871253967,0.3425999879837036
YPR114W,YDL001W,0,-4.535783,0.17975108325481415,0.7509999871253967,0.3427000045776367
YNL202W,YJL148W,0,-4.5359793,0.1797080636024475,0.7509999871253967,0.34279999136924744
YPR055W,YCL008C,0,-4.536639,0.17966507375240326,0.7509999871253967,0.34290000796318054
YDL072C,YJL198W,0,-4.5369267,0.1796220988035202,0.7509999871253967,0.34299999475479126
YPL212C,YDR380W,0,-4.536927,0.17957915365695953,0.7509999871253967,0.34310001134872437
YBR078W,YDL012C,0,-4.537,0.17953622341156006,0.7509999871253967,0.3431999981403351
YOR320C,YLR347C,0,-4.5373535,0.17949330806732178,0.7509999871253967,0.3433000147342682
YOR042W,YNL190W,0,-4.537617,0.17945042252540588,0.7509999871253967,0.3434000015258789
YLR066W,YGR001C,0,-4.5376744,0.17940755188465118,0.7509999871253967,0.3434999883174896
YNL284C,YER052C,0,-4.5385904,0.17936469614505768,0.7509999871253967,0.34360000491142273
YEL026W,YHR112C,0,-4.538955,0.17932187020778656,0.7509999871253967,0.34369999170303345
YMR117C,YPL203W,0,-4.5389752,0.17927905917167664,0.7509999871253967,0.34380000829696655
YDR507C,YPL236C,0,-4.5399876,0.1792362779378891,0.7509999871253967,0.34389999508857727
YNL180C,YFL044C,0,-4.5403457,0.17919351160526276,0.7509999871253967,0.3440000116825104
YDR295C,YKL181W,0,-4.540688,0.1791507601737976,0.7509999871253967,0.3440999984741211
YPL096W,YMR279C,0,-4.5411816,0.17910803854465485,0.7509999871253967,0.3441999852657318
YJL145W,YKL212W,0,-4.54125,0.17906533181667328,0.7509999871253967,0.3443000018596649
YJR047C,YGR191W,0,-4.5412617,0.1790226399898529,0.7509999871253967,0.34439998865127563
YLR151C,YNL046W,0,-4.541607,0.17897997796535492,0.7509999871253967,0.34450000524520874
YNR001C,YER122C,0,-4.5420923,0.17893733084201813,0.7509999871253967,0.34459999203681946
YMR003W,YLR380W,0,-4.5422945,0.17889471352100372,0.7509999871253967,0.34470000863075256
YNL055C,YLR042C,0,-4.542803,0.1788521111011505,0.7509999871253967,0.3447999954223633
YFL010W-A,YGL028C,0,-4.5428934,0.1788095235824585,0.7509999871253967,0.3449000120162964
YMR192W,YLR239C,0,-4.54342,0.17876696586608887,0.7509999871253967,0.3449999988079071
YBR094W,YPL023C,0,-4.5435033,0.17872442305088043,0.7509999871253967,0.3450999855995178
YDL156W,YMR251W-A,0,-4.5435348,0.1786818951368332,0.7509999871253967,0.3452000021934509
YBR111W-A,YMR304W,0,-4.5436583,0.17863939702510834,0.7509999871253967,0.34529998898506165
YOR157C,YJL054W,0,-4.543815,0.17859691381454468,0.7509999871253967,0.34540000557899475
YJL207C,YPR086W,0,-4.543832,0.1785544455051422,0.7509999871253967,0.34549999237060547
YHR199C-A,YDR293C,0,-4.543983,0.17851200699806213,0.7509999871253967,0.3456000089645386
YER093C,YLR090W,0,-4.544181,0.17846958339214325,0.7509999871253967,0.3456999957561493
YDL175C,YOL049W,0,-4.544264,0.17842717468738556,0.7509999871253967,0.3458000123500824
YOL053W,YLR373C,0,-4.5445924,0.17838479578495026,0.7509999871253967,0.3458999991416931
YOR390W,YBR273C,0,-4.5447154,0.17834243178367615,0.7509999871253967,0.34599998593330383
YPL004C,YOL146W,0,-4.5450006,0.17830009758472443,0.7509999871253967,0.34610000252723694
YHR053C,YGR060W,0,-4.545265,0.1782577782869339,0.7509999871253967,0.34619998931884766
YBR028C,YFR032C-A,0,-4.5458317,0.17821547389030457,0.7509999871253967,0.34630000591278076
YHR035W,YPR018W,0,-4.546055,0.17817318439483643,0.7509999871253967,0.3463999927043915
YFL006W,YPL222W,0,-4.5461507,0.17813092470169067,0.7509999871253967,0.3465000092983246
YKR065C,YLR179C,0,-4.547101,0.1780886948108673,0.7509999871253967,0.3465999960899353
YFR039C,YJL196C,0,-4.5472083,0.17804646492004395,0.7509999871253967,0.3467000126838684
YGL095C,YMR197C,1,-4.5477095,0.1782412827014923,0.7519999742507935,0.3467000126838684
YDR493W,YIR002C,0,-4.5480833,0.17819905281066895,0.7519999742507935,0.3467999994754791
YPL116W,YOR036W,0,-4.548111,0.17815683782100677,0.7519999742507935,0.34689998626708984
YDR255C,YLR312C,0,-4.5483184,0.1781146377325058,0.7519999742507935,0.34700000286102295
YDR276C,YDL003W,0,-4.548365,0.1780724674463272,0.7519999742507935,0.34709998965263367
YDL124W,YBL002W,0,-4.5484033,0.17803029716014862,0.7519999742507935,0.3472000062465668
YER024W,YDL177C,0,-4.548529,0.1779881715774536,0.7519999742507935,0.3472999930381775
YDL051W,YHR135C,0,-4.548936,0.1779460459947586,0.7519999742507935,0.3474000096321106
YMR291W,YGL223C,0,-4.5494275,0.177903950214386,0.7519999742507935,0.3474999964237213
YNL100W,YBR141C,0,-4.549636,0.17786186933517456,0.7519999742507935,0.3476000130176544
YGR010W,YML041C,0,-4.549654,0.17781981825828552,0.7519999742507935,0.34769999980926514
YDR213W,YOR283W,0,-4.5511427,0.17777778208255768,0.7519999742507935,0.34779998660087585
YBR166C,YFR001W,0,-4.551193,0.17773576080799103,0.7519999742507935,0.34790000319480896
YFL003C,YER010C,0,-4.551213,0.17769375443458557,0.7519999742507935,0.3479999899864197
YOR007C,YFR016C,0,-4.5515137,0.1776517778635025,0.7519999742507935,0.3481000065803528
YGL226C-A,YNL146W,0,-4.5517454,0.17760983109474182,0.7519999742507935,0.3481999933719635
YNR047W,YGL185C,0,-4.5519176,0.17756788432598114,0.7519999742507935,0.3483000099658966
YNL264C,YNL295W,0,-4.5520306,0.17752596735954285,0.7519999742507935,0.3483999967575073
YOR116C,YJR021C,0,-4.5520463,0.17748406529426575,0.7519999742507935,0.34850001335144043
YDR118W,YBR248C,0,-4.5520945,0.17744219303131104,0.7519999742507935,0.34860000014305115
YNL322C,YOR043W,0,-4.552101,0.17740033566951752,0.7519999742507935,0.34869998693466187
YPL213W,YMR319C,0,-4.55217,0.1773584932088852,0.7519999742507935,0.34880000352859497
YNL015W,YLR240W,1,-4.552238,0.1775524616241455,0.753000020980835,0.34880000352859497
YDL018C,YER139C,0,-4.5531588,0.177510604262352,0.753000020980835,0.3488999903202057
YDL140C,YDR190C,0,-4.553233,0.17746877670288086,0.753000020980835,0.3490000069141388
YDL002C,YER048W-A,0,-4.553282,0.17742694914340973,0.753000020980835,0.3490999937057495
YHR039C-A,YFR019W,1,-4.5540094,0.17762072384357452,0.7540000081062317,0.3490999937057495
YPR086W,YMR111C,0,-4.554178,0.1775788962841034,0.7540000081062317,0.3492000102996826
YBL107C,YDR418W,0,-4.554221,0.17753708362579346,0.7540000081062317,0.34929999709129333
YBL056W,YNL164C,0,-4.5543237,0.17749528586864471,0.7540000081062317,0.34940001368522644
YMR259C,YMR283C,0,-4.554949,0.17745351791381836,0.7540000081062317,0.34950000047683716
YHR157W,YDR542W,0,-4.555122,0.1774117648601532,0.7540000081062317,0.3495999872684479
YNL015W,YHR174W,1,-4.5551615,0.1776052713394165,0.7549999952316284,0.3495999872684479
YER019W,YOR109W,0,-4.555555,0.17756350338459015,0.7549999952316284,0.349700003862381
YLR396C,YKL051W,1,-4.5555577,0.1777568757534027,0.7559999823570251,0.349700003862381
YPR088C,YDL088C,0,-4.555768,0.17771509289741516,0.7559999823570251,0.3497999906539917
YOL028C,YNL297C,0,-4.555862,0.1776733249425888,0.7559999823570251,0.3499000072479248
YOR211C,YOL123W,0,-4.555987,0.17763157188892365,0.7559999823570251,0.3499999940395355
YLR396C,YDL077C,1,-4.5560145,0.17782476544380188,0.7570000290870667,0.3499999940395355
YNL194C,YJR159W,0,-4.5570097,0.17778299748897552,0.7570000290870667,0.35010001063346863
YMR003W,YDR466W,0,-4.5572543,0.17774125933647156,0.7570000290870667,0.35019999742507935
YKR021W,YJL048C,0,-4.557726,0.17769953608512878,0.7570000290870667,0.35030001401901245
YIL011W,YMR119W,0,-4.5578566,0.1776578277349472,0.7570000290870667,0.35040000081062317
YNL326C,YLR396C,1,-4.5578833,0.17785076797008514,0.7580000162124634,0.35040000081062317
YGR168C,YFL036W,0,-4.558113,0.17780905961990356,0.7580000162124634,0.3504999876022339
YCR089W,YPR165W,0,-4.558157,0.17776735126972198,0.7580000162124634,0.350600004196167
YNL100W,YOR233W,0,-4.5582867,0.1777256727218628,0.7580000162124634,0.3506999909877777
YHR010W,YMR159C,0,-4.559055,0.1776840090751648,0.7580000162124634,0.3508000075817108
YMR027W,YBR187W,0,-4.559065,0.17764237523078918,0.7580000162124634,0.35089999437332153
YKL141W,YNR072W,0,-4.559388,0.17760075628757477,0.7580000162124634,0.35100001096725464
YCL062W,YDR202C,1,-4.559457,0.17779339849948883,0.7590000033378601,0.35100001096725464
YDL156W,YLR154C,0,-4.55947,0.17775174975395203,0.7590000033378601,0.35109999775886536
YDR372C,YIL137C,0,-4.5595937,0.1777101308107376,0.7590000033378601,0.35120001435279846
YLR218C,YHR044C,0,-4.5597215,0.17766854166984558,0.7590000033378601,0.3513000011444092
YML038C,YJL044C,0,-4.5606055,0.17762696743011475,0.7590000033378601,0.3513999879360199
YER151C,YLR242C,0,-4.56129,0.1775853931903839,0.7590000033378601,0.351500004529953
YNR027W,YGR074W,0,-4.5624456,0.17754386365413666,0.7590000033378601,0.3515999913215637
YPL244C,YNL025C,0,-4.5627055,0.1775023341178894,0.7590000033378601,0.3517000079154968
YDR501W,YER019C-A,0,-4.5627127,0.17746083438396454,0.7590000033378601,0.35179999470710754
YBR036C,YER057C,0,-4.5629587,0.17741934955120087,0.7590000033378601,0.35190001130104065
YBR215W,YJR013W,0,-4.563307,0.17737789452075958,0.7590000033378601,0.35199999809265137
YOR011W,YDL206W,0,-4.563986,0.1773364543914795,0.7590000033378601,0.3521000146865845
YCL062W,YIL048W,1,-4.564117,0.17752861976623535,0.7599999904632568,0.3521000146865845
YFL003C,YER065C,0,-4.564297,0.17748714983463287,0.7599999904632568,0.3522000014781952
YEL004W,YNL045W,0,-4.5655146,0.17744570970535278,0.7599999904632568,0.3522999882698059
YOR389W,YLR250W,0,-4.5658364,0.17740429937839508,0.7599999904632568,0.352400004863739
YHR150W,YGL108C,0,-4.566164,0.17736288905143738,0.7599999904632568,0.35249999165534973
YPR161C,YDR517W,0,-4.5661917,0.17732150852680206,0.7599999904632568,0.35260000824928284
YJR033C,YGL095C,1,-4.5666137,0.17751340568065643,0.7609999775886536,0.35260000824928284
YDL212W,YGL210W-A,0,-4.567062,0.17747201025485992,0.7609999775886536,0.35269999504089355
YLR133W,YER070W,0,-4.5674143,0.1774306297302246,0.7609999775886536,0.35280001163482666
YHR154W,YLR361C,0,-4.567467,0.17738927900791168,0.7609999775886536,0.3528999984264374
YOL083W,YAR035W,0,-4.567675,0.17734794318675995,0.7609999775886536,0.3529999852180481
YIL117C,YER168C,0,-4.568274,0.1773066222667694,0.7609999775886536,0.3531000018119812
YHR039C-B,YGR209C,1,-4.56828,0.1774982511997223,0.7620000243186951,0.3531000018119812
YCR034W,YJR103W,0,-4.568317,0.17745691537857056,0.7620000243186951,0.3531999886035919
YLR133W,YMR275C,0,-4.5683317,0.17741559445858002,0.7620000243186951,0.353300005197525
YIL048W,YDR202C,1,-4.5683913,0.17760707437992096,0.7630000114440918,0.353300005197525
YMR095C,YBR101C,0,-4.568483,0.17756573855876923,0.7630000114440918,0.35339999198913574
YHR085W,YMR267W,0,-4.5685244,0.17752443253993988,0.7630000114440918,0.35350000858306885
YDR198C,YAL014C,0,-4.5688176,0.17748314142227173,0.7630000114440918,0.35359999537467957
YKL218C,YOL048C,0,-4.569525,0.17744186520576477,0.7630000114440918,0.35370001196861267
YDR506C,YKL043W,0,-4.569827,0.177400603890419,0.7630000114440918,0.3537999987602234
YGL082W,YOR036W,0,-4.569889,0.17735937237739563,0.7630000114440918,0.3538999855518341
YJL167W,YCR104W,0,-4.5705047,0.17731815576553345,0.7630000114440918,0.3540000021457672
YJL012C-A,YPL268W,1,-4.57148,0.17750929296016693,0.7639999985694885,0.3540000021457672
YLR071C,YPR103W,0,-4.5719175,0.17746806144714355,0.7639999985694885,0.35409998893737793
YGR250C,YDR297W,0,-4.571973,0.17742684483528137,0.7639999985694885,0.35420000553131104
YGR118W,YDR342C,0,-4.5724173,0.17738565802574158,0.7639999985694885,0.35429999232292175
YNL019C,YLL064C,0,-4.572478,0.17734447121620178,0.7639999985694885,0.35440000891685486
YOR254C,YKL062W,0,-4.572652,0.17730331420898438,0.7639999985694885,0.3544999957084656
YHL031C,YKL025C,0,-4.572924,0.17726218700408936,0.7639999985694885,0.3546000123023987
YBR143C,YOL120C,0,-4.5731754,0.17722105979919434,0.7639999985694885,0.3546999990940094
YLR307W,YER081W,0,-4.5732517,0.1771799623966217,0.7639999985694885,0.3547999858856201
YLR286C,YFR043C,0,-4.573317,0.17713887989521027,0.7639999985694885,0.3549000024795532
YFR030W,YGL206C,0,-4.5735817,0.17709782719612122,0.7639999985694885,0.35499998927116394
YBR058C,YLR126C,0,-4.5736723,0.17705677449703217,0.7639999985694885,0.35510000586509705
YKL043W,YMR279C,0,-4.573745,0.1770157516002655,0.7639999985694885,0.35519999265670776
YBR268W,YBR281C,0,-4.573868,0.17697474360466003,0.7639999985694885,0.35530000925064087
YCR018C,YIL050W,0,-4.5739384,0.17693376541137695,0.7639999985694885,0.3553999960422516
YOR327C,YMR223W,0,-4.5741696,0.17689280211925507,0.7639999985694885,0.3555000126361847
YOR311C,YBL022C,0,-4.5748854,0.17685185372829437,0.7639999985694885,0.3555999994277954
YDR322W,YGL196W,0,-4.5754347,0.17681092023849487,0.7639999985694885,0.35569998621940613
YML042W,YGR251W,0,-4.5754747,0.17677001655101776,0.7639999985694885,0.35580000281333923
YBR159W,YBR301W,0,-4.5755367,0.17672912776470184,0.7639999985694885,0.35589998960494995
YPL110C,YIL041W,0,-4.5756693,0.17668825387954712,0.7639999985694885,0.35600000619888306
YLR025W,YGL204C,0,-4.5756946,0.1766473948955536,0.7639999985694885,0.3560999929904938
YHR051W,YOR038C,0,-4.5759134,0.17660656571388245,0.7639999985694885,0.3562000095844269
YEL027W,YOR068C,1,-4.5772243,0.17679685354232788,0.7649999856948853,0.3562000095844269
YOR116C,YBR010W,0,-4.577261,0.17675600945949554,0.7649999856948853,0.3562999963760376
YKL077W,YMR085W,0,-4.5773344,0.1767151802778244,0.7649999856948853,0.3564000129699707
YDL148C,YKL023W,0,-4.578283,0.17667436599731445,0.7649999856948853,0.3564999997615814
YPL268W,YLR148W,1,-4.578353,0.17686446011066437,0.765999972820282,0.3564999997615814
YGR084C,YDL078C,0,-4.578749,0.17682363092899323,0.765999972820282,0.35659998655319214
YLR001C,YPL132W,0,-4.578991,0.17678283154964447,0.765999972820282,0.35670000314712524
YOR047C,YBR235W,0,-4.579269,0.1767420470714569,0.765999972820282,0.35679998993873596
YPR127W,YKL129C,0,-4.5793347,0.17670126259326935,0.765999972820282,0.35690000653266907
YOR256C,YNL033W,0,-4.5796413,0.17666052281856537,0.765999972820282,0.3569999933242798
YBR092C,YPL062W,0,-4.5796804,0.1766197830438614,0.765999972820282,0.3571000099182129
YBR028C,YKL100C,0,-4.5798907,0.1765790730714798,0.765999972820282,0.3571999967098236
YER185W,YCR010C,0,-4.5806856,0.1765383780002594,0.765999972820282,0.3573000133037567
YBR267W,YFR041C,0,-4.5808372,0.1764976978302002,0.765999972820282,0.35740000009536743
YOL070C,YML115C,0,-4.581619,0.17645703256130219,0.765999972820282,0.35749998688697815
YJL207C,YGR220C,0,-4.581848,0.17641639709472656,0.765999972820282,0.35760000348091125
YDL236W,YMR238W,0,-4.581992,0.17637577652931213,0.765999972820282,0.357699990272522
YJR009C,YBR208C,0,-4.58203,0.1763351708650589,0.765999972820282,0.3578000068664551
YJR141W,YER068W,0,-4.582307,0.17629459500312805,0.765999972820282,0.3578999936580658
YIL048W,YMR197C,1,-4.58243,0.1764841228723526,0.7670000195503235,0.3578999936580658
YBR179C,YMR143W,0,-4.583411,0.17644351720809937,0.7670000195503235,0.3580000102519989
YDL192W,YDR021W,0,-4.583664,0.17640294134616852,0.7670000195503235,0.3580999970436096
YAL038W,YOR064C,0,-4.583665,0.17636238038539886,0.7670000195503235,0.3582000136375427
YDL109C,YER158C,0,-4.5837326,0.1763218343257904,0.7670000195503235,0.35830000042915344
YHR106W,YMR279C,0,-4.5842223,0.17628131806850433,0.7670000195503235,0.35839998722076416
YER086W,YPL230W,0,-4.5842514,0.17624080181121826,0.7670000195503235,0.35850000381469727
YMR300C,YDR172W,0,-4.5843124,0.17620031535625458,0.7670000195503235,0.358599990606308
YDL076C,YGL120C,0,-4.5844235,0.17615985870361328,0.7670000195503235,0.3587000072002411
YBL011W,YPR091C,0,-4.584437,0.17611940205097198,0.7670000195503235,0.3587999939918518
YJL114W,YGR134W,0,-4.5846057,0.17607897520065308,0.7670000195503235,0.3589000105857849
YMR092C,YML002W,0,-4.58492,0.17603856325149536,0.7670000195503235,0.35899999737739563
YLR024C,YDR099W,0,-4.5854783,0.17599816620349884,0.7670000195503235,0.35910001397132874
YBL061C,YJR016C,0,-4.58611,0.1759577840566635,0.7670000195503235,0.35920000076293945
YKL080W,YKR007W,1,-4.5863295,0.17614679038524628,0.7680000066757202,0.35920000076293945
YNL075W,YOR347C,0,-4.586465,0.17610639333724976,0.7680000066757202,0.35929998755455017
YHR122W,YGL168W,0,-4.5869493,0.17606602609157562,0.7680000066757202,0.3594000041484833
YDR495C,YHR138C,1,-4.5872245,0.17625486850738525,0.7689999938011169,0.3594000041484833
YJL185C,YJL187C,0,-4.5874243,0.17621448636054993,0.7689999938011169,0.359499990940094
YLR335W,YIL172C,0,-4.587443,0.1761741191148758,0.7689999938011169,0.3596000075340271
YGR140W,YPR185W,0,-4.587626,0.17613376677036285,0.7689999938011169,0.3596999943256378
YOL092W,YPL099C,0,-4.5877404,0.1760934293270111,0.7689999938011169,0.3598000109195709
YGR183C,YPL235W,0,-4.5878487,0.17605310678482056,0.7689999938011169,0.35989999771118164
YDL074C,YPR035W,0,-4.5880947,0.1760128140449524,0.7689999938011169,0.36000001430511475
YDL008W,YGL234W,0,-4.589095,0.17597253620624542,0.7689999938011169,0.36010000109672546
YLR216C,YGL185C,0,-4.589104,0.17593228816986084,0.7689999938011169,0.3601999878883362
YLR253W,YDR473C,0,-4.589369,0.17589204013347626,0.7689999938011169,0.3603000044822693
YHR202W,YHR071W,0,-4.5897374,0.17585182189941406,0.7689999938011169,0.36039999127388
YLR350W,YJL078C,0,-4.589969,0.17581161856651306,0.7689999938011169,0.3605000078678131
YDL046W,YDR260C,0,-4.5900545,0.17577143013477325,0.7689999938011169,0.36059999465942383
YHL046C,YOL149W,0,-4.590476,0.17573125660419464,0.7689999938011169,0.36070001125335693
YDR307W,YDR130C,0,-4.5908766,0.17569111287593842,0.7689999938011169,0.36079999804496765
YOR396W,YJL168C,0,-4.593196,0.17565098404884338,0.7689999938011169,0.36090001463890076
YLR100W,YER076C,0,-4.593335,0.17561087012290955,0.7689999938011169,0.3610000014305115
YLR350W,YBR273C,0,-4.5934777,0.1755707710981369,0.7689999938011169,0.3610999882221222
YOR175C,YIL160C,0,-4.593753,0.17553070187568665,0.7689999938011169,0.3612000048160553
YKL062W,YBR075W,0,-4.5938134,0.17549064755439758,0.7689999938011169,0.361299991607666
YKL207W,YDL042C,0,-4.5938406,0.17545060813426971,0.7689999938011169,0.3614000082015991
YBR020W,YDR306C,0,-4.593917,0.17541058361530304,0.7689999938011169,0.36149999499320984
YDR210W,YPR104C,0,-4.594735,0.17537058889865875,0.7689999938011169,0.36160001158714294
YKR070W,YGL075C,0,-4.595337,0.17533059418201447,0.7689999938011169,0.36169999837875366
YHR031C,YBR281C,0,-4.5954266,0.17529062926769257,0.7689999938011169,0.3617999851703644
YKL220C,YHR055C,0,-4.5954857,0.17525067925453186,0.7689999938011169,0.3619000017642975
YOR120W,YJR085C,0,-4.5955043,0.17521075904369354,0.7689999938011169,0.3619999885559082
YOR229W,YKL048C,0,-4.5959086,0.17517083883285522,0.7689999938011169,0.3621000051498413
YNL015W,YKR007W,1,-4.595971,0.17535868287086487,0.7699999809265137,0.3621000051498413
YLR160C,YFL025C,0,-4.596115,0.17531876266002655,0.7699999809265137,0.362199991941452
YKL051W,YBL050W,1,-4.59616,0.17550648748874664,0.7710000276565552,0.362199991941452
YBR010W,YGL192W,0,-4.596777,0.17546655237674713,0.7710000276565552,0.36230000853538513
YGR113W,YPR023C,0,-4.59731,0.17542661726474762,0.7710000276565552,0.36239999532699585
YJL114W,YPL072W,0,-4.597352,0.1753867119550705,0.7710000276565552,0.36250001192092896
YHL048W,YJL095W,0,-4.5974116,0.17534682154655457,0.7710000276565552,0.3625999987125397
YGR217W,YMR214W,0,-4.597615,0.17530696094036102,0.7710000276565552,0.3626999855041504
YDR539W,YLR055C,0,-4.597796,0.17526710033416748,0.7710000276565552,0.3628000020980835
YKR017C,YLL022C,0,-4.5984874,0.17522726953029633,0.7710000276565552,0.3628999888896942
YMR124W,YBR273C,0,-4.5985346,0.17518745362758636,0.7710000276565552,0.3630000054836273
YBL032W,YOR240W,0,-4.5987315,0.1751476675271988,0.7710000276565552,0.36309999227523804
YIL019W,YLR063W,0,-4.599707,0.17510788142681122,0.7710000276565552,0.36320000886917114
YGL148W,YLR078C,0,-4.5998106,0.17506812512874603,0.7710000276565552,0.36329999566078186
YGL031C,YBR049C,0,-4.599889,0.17502838373184204,0.7710000276565552,0.36340001225471497
YGL094C,YMR209C,0,-4.600595,0.17498865723609924,0.7710000276565552,0.3634999990463257
YOL155C,YBR297W,0,-4.601056,0.17494894564151764,0.7710000276565552,0.3635999858379364
YBL079W,YGR015C,0,-4.601366,0.17490924894809723,0.7710000276565552,0.3637000024318695
YGR203W,YNL308C,0,-4.6014953,0.1748695820569992,0.7710000276565552,0.3637999892234802
YCR096C,YDL241W,0,-4.6015205,0.17482993006706238,0.7710000276565552,0.36390000581741333
YPR125W,YKL185W,0,-4.60208,0.17479029297828674,0.7710000276565552,0.36399999260902405
YOL143C,YDR465C,0,-4.6027575,0.1747506856918335,0.7710000276565552,0.36410000920295715
YGL108C,YPR140W,0,-4.60308,0.17471107840538025,0.7710000276565552,0.36419999599456787
YMR204C,YDR049W,0,-4.603104,0.1746715009212494,0.7710000276565552,0.364300012588501
YHR203C,YDR283C,0,-4.603493,0.17463193833827972,0.7710000276565552,0.3643999993801117
YDL025C,YGR100W,0,-4.604017,0.17459239065647125,0.7710000276565552,0.3644999861717224
YOL078W,YLL024C,0,-4.604414,0.17455285787582397,0.7710000276565552,0.3646000027656555
YDR118W,YHL021C,0,-4.604554,0.17451335489749908,0.7710000276565552,0.36469998955726624
YFR045W,YJL138C,0,-4.604766,0.1744738668203354,0.7710000276565552,0.36480000615119934
YBL090W,YDR342C,0,-4.6053505,0.17443439364433289,0.7710000276565552,0.36489999294281006
YBL013W,YDR090C,0,-4.6055546,0.17439493536949158,0.7710000276565552,0.36500000953674316
YPL264C,YLR357W,0,-4.60566,0.17435549199581146,0.7710000276565552,0.3650999963283539
YPL004C,YDR040C,0,-4.606094,0.17431607842445374,0.7710000276565552,0.365200012922287
YBR296C,YLR248W,0,-4.6074605,0.1742766797542572,0.7710000276565552,0.3652999997138977
YDR325W,YGR251W,0,-4.6077175,0.17423728108406067,0.7710000276565552,0.3653999865055084
YER120W,YIL038C,0,-4.607774,0.17419792711734772,0.7710000276565552,0.36550000309944153
YMR224C,YLR007W,0,-4.6083407,0.17415857315063477,0.7710000276565552,0.36559998989105225
YOR140W,YHR162W,0,-4.6085005,0.174119234085083,0.7710000276565552,0.36570000648498535
YOR299W,YNL036W,0,-4.6086354,0.17407992482185364,0.7710000276565552,0.36579999327659607
YIL094C,YJL089W,0,-4.60925,0.17404063045978546,0.7710000276565552,0.3659000098705292
YKL219W,YDL065C,0,-4.609314,0.17400135099887848,0.7710000276565552,0.3659999966621399
YDL010W,YAL014C,0,-4.611182,0.1739620864391327,0.7710000276565552,0.366100013256073
YDL180W,YBR276C,0,-4.61156,0.1739228516817093,0.7710000276565552,0.3662000000476837
YDR207C,YIR041W,0,-4.6115637,0.17388363182544708,0.7710000276565552,0.36629998683929443
YPL264C,YDR468C,0,-4.613064,0.17384441196918488,0.7710000276565552,0.36640000343322754
YKR057W,YPR178W,0,-4.613101,0.17380523681640625,0.7710000276565552,0.36649999022483826
YNR063W,YLR029C,0,-4.6131268,0.17376606166362762,0.7710000276565552,0.36660000681877136
YDR493W,YJL185C,0,-4.613288,0.1737269014120102,0.7710000276565552,0.3666999936103821
YLR165C,YBR269C,0,-4.6138678,0.17368777096271515,0.7710000276565552,0.3668000102043152
YOR243C,YBR229C,0,-4.613908,0.1736486554145813,0.7710000276565552,0.3668999969959259
YDR007W,YFL017C,0,-4.6141024,0.17360955476760864,0.7710000276565552,0.367000013589859
YIL015W,YKR079C,0,-4.6145267,0.17357046902179718,0.7710000276565552,0.3671000003814697
YDL058W,YMR155W,0,-4.6146703,0.1735313981771469,0.7710000276565552,0.36719998717308044
YMR174C,YMR238W,0,-4.6147976,0.17349234223365784,0.7710000276565552,0.36730000376701355
YNL056W,YIL079C,0,-4.6153874,0.17345331609249115,0.7710000276565552,0.36739999055862427
YDR332W,YJR050W,0,-4.615921,0.17341430485248566,0.7710000276565552,0.3675000071525574
YBR217W,YMR087W,0,-4.616049,0.17337530851364136,0.7710000276565552,0.3675999939441681
YDR229W,YDR244W,0,-4.6166534,0.17333632707595825,0.7710000276565552,0.3677000105381012
YDR080W,YLR240W,1,-4.6171865,0.17352214455604553,0.7720000147819519,0.3677000105381012
YNR057C,YLR328W,0,-4.6172543,0.17348314821720123,0.7720000147819519,0.3677999973297119
YPR143W,YLL024C,0,-4.617278,0.17344416677951813,0.7720000147819519,0.367900013923645
YIL070C,YNL003C,0,-4.6176577,0.1734052151441574,0.7720000147819519,0.36800000071525574
YMR244W,YDR295C,0,-4.617784,0.1733662635087967,0.7720000147819519,0.36809998750686646
YOL161C,YIL005W,0,-4.61858,0.17332734167575836,0.7720000147819519,0.36820000410079956
YKR070W,YGL129C,0,-4.6186132,0.17328843474388123,0.7720000147819519,0.3682999908924103
YDL093W,YOL053W,0,-4.618637,0.17324955761432648,0.7720000147819519,0.3684000074863434
YNL213C,YLR151C,0,-4.6188593,0.17321068048477173,0.7720000147819519,0.3684999942779541
YBR029C,YNL007C,0,-4.619996,0.17317183315753937,0.7720000147819519,0.3686000108718872
YER042W,YPL160W,0,-4.620519,0.173132985830307,0.7720000147819519,0.3686999976634979
YNL326C,YLR305C,1,-4.6208467,0.17331838607788086,0.7730000019073486,0.3686999976634979
YJL008C,YNL160W,0,-4.6214,0.1732795387506485,0.7730000019073486,0.36880001425743103
YER111C,YCL011C,0,-4.6215425,0.17324070632457733,0.7730000019073486,0.36890000104904175
YOR161C,YOR258W,0,-4.6216574,0.17320188879966736,0.7730000019073486,0.36899998784065247
YER071C,YJL187C,0,-4.621851,0.17316308617591858,0.7730000019073486,0.36910000443458557
YGR104C,YJL081C,0,-4.621916,0.173124298453331,0.7730000019073486,0.3691999912261963
YNL046W,YDL217C,0,-4.621982,0.1730855405330658,0.7730000019073486,0.3693000078201294
YGR084C,YGR277C,0,-4.6222286,0.1730467826128006,0.7730000019073486,0.3693999946117401
YNL056W,YLR361C,0,-4.622495,0.1730080544948578,0.7730000019073486,0.3695000112056732
YJL183W,YCL029C,0,-4.622571,0.17296934127807617,0.7730000019073486,0.36959999799728394
YGL255W,YMR030W,0,-4.622591,0.17293064296245575,0.7730000019073486,0.36970001459121704
YML033W,YPL155C,0,-4.6229386,0.17289197444915771,0.7730000019073486,0.36980000138282776
YNL217W,YPL200W,0,-4.623333,0.17285330593585968,0.7730000019073486,0.3698999881744385
YMR173W,YGR212W,0,-4.623333,0.17281466722488403,0.7730000019073486,0.3700000047683716
YKL173W,YAL010C,0,-4.623495,0.17277604341506958,0.7730000019073486,0.3700999915599823
YDR330W,YBR160W,0,-4.6236253,0.17273743450641632,0.7730000019073486,0.3702000081539154
YMR174C,YDR040C,0,-4.6240873,0.17269884049892426,0.7730000019073486,0.3702999949455261
YDL072C,YER103W,0,-4.6245055,0.17266026139259338,0.7730000019073486,0.37040001153945923
YDR212W,YLR392C,0,-4.624667,0.1726217120885849,0.7730000019073486,0.37049999833106995
YDR011W,YJR102C,0,-4.624728,0.17258316278457642,0.7730000019073486,0.37059998512268066
YLR305C,YLR240W,1,-4.625003,0.17276786267757416,0.7739999890327454,0.37059998512268066
YGL261C,YPR187W,0,-4.625005,0.17272929847240448,0.7739999890327454,0.37070000171661377
YER058W,YHR113W,0,-4.6253295,0.1726907640695572,0.7739999890327454,0.3707999885082245
YHR178W,YAL002W,0,-4.6255054,0.1726522445678711,0.7739999890327454,0.3709000051021576
YLL023C,YPR190C,0,-4.625789,0.1726137399673462,0.7739999890327454,0.3709999918937683
YKL152C,YJL021C,0,-4.625819,0.17257525026798248,0.7739999890327454,0.3711000084877014
YPL051W,YKL085W,0,-4.6259336,0.17253677546977997,0.7739999890327454,0.37119999527931213
YML106W,YGR149W,0,-4.626319,0.17249833047389984,0.7739999890327454,0.37130001187324524
YJR055W,YHR202W,0,-4.6265373,0.1724599003791809,0.7739999890327454,0.37139999866485596
YOL114C,YER179W,0,-4.626729,0.17242147028446198,0.7739999890327454,0.3714999854564667
YGR205W,YKR090W,0,-4.6268353,0.17238306999206543,0.7739999890327454,0.3716000020503998
YOL128C,YOL048C,0,-4.626899,0.17234468460083008,0.7739999890327454,0.3716999888420105
YLR138W,YDR281C,0,-4.62693,0.17230632901191711,0.7739999890327454,0.3718000054359436
YBR221C,YBL020W,0,-4.6269956,0.17226797342300415,0.7739999890327454,0.3718999922275543
YIR023W,YFR016C,0,-4.6273217,0.17222963273525238,0.7739999890327454,0.3720000088214874
YDR326C,YPL168W,0,-4.6274385,0.172191321849823,0.7739999890327454,0.37209999561309814
YPR140W,YNL005C,0,-4.627654,0.1721530258655548,0.7739999890327454,0.37220001220703125
YJR060W,YBR015C,0,-4.6277494,0.17211474478244781,0.7739999890327454,0.37229999899864197
YGL055W,YMR074C,0,-4.6277866,0.17207647860050201,0.7739999890327454,0.3723999857902527
YDR438W,YKL199C,0,-4.6281824,0.1720382273197174,0.7739999890327454,0.3725000023841858
YHR024C,YPR161C,0,-4.6282797,0.1720000058412552,0.7739999890327454,0.3725999891757965
YFL051C,YML047C,0,-4.6285686,0.17196178436279297,0.7739999890327454,0.3727000057697296
YDR368W,YHR143W-A,0,-4.6286006,0.17192359268665314,0.7739999890327454,0.37279999256134033
YJR033C,YEL051W,1,-4.628852,0.1721074879169464,0.7749999761581421,0.37279999256134033
YML058W-A,YGL192W,0,-4.628902,0.1720692664384842,0.7749999761581421,0.37290000915527344
YDR477W,YBR172C,0,-4.629052,0.17203107476234436,0.7749999761581421,0.37299999594688416
YJR139C,YOR383C,0,-4.629324,0.17199289798736572,0.7749999761581421,0.37310001254081726
YDL160C,YIR034C,0,-4.6297655,0.17195473611354828,0.7749999761581421,0.373199999332428
YMR092C,YDR394W,0,-4.629981,0.17191658914089203,0.7749999761581421,0.3732999861240387
YBR119W,YOL070C,0,-4.630254,0.17187847197055817,0.7749999761581421,0.3734000027179718
YHR073W,YKL220C,0,-4.630813,0.1718403548002243,0.7749999761581421,0.3734999895095825
YIR023W,YPL081W,0,-4.630995,0.17180226743221283,0.7749999761581421,0.3736000061035156
YLL023C,YOR329C,0,-4.6312013,0.17176418006420135,0.7749999761581421,0.37369999289512634
YBL079W,YNL315C,0,-4.631691,0.17172612249851227,0.7749999761581421,0.37380000948905945
YMR003W,YMR104C,0,-4.6320534,0.17168807983398438,0.7749999761581421,0.37389999628067017
YJR116W,YOL089C,0,-4.632432,0.17165005207061768,0.7749999761581421,0.37400001287460327
YLR330W,YOR355W,0,-4.6326237,0.17161203920841217,0.7749999761581421,0.374099999666214
YER130C,YGL185C,0,-4.632629,0.17157405614852905,0.7749999761581421,0.3741999864578247
YPL014W,YLL053C,0,-4.632654,0.17153607308864594,0.7749999761581421,0.3743000030517578
YJL191W,YHR018C,0,-4.6327047,0.1714981198310852,0.7749999761581421,0.37439998984336853
YER010C,YML064C,0,-4.633097,0.17146018147468567,0.7749999761581421,0.37450000643730164
YOL101C,YER003C,0,-4.633123,0.17142225801944733,0.7749999761581421,0.37459999322891235
YIR009W,YDL072C,0,-4.6332674,0.17138434946537018,0.7749999761581421,0.37470000982284546
YMR153W,YOR151C,0,-4.633382,0.17134645581245422,0.7749999761581421,0.3747999966144562
YLR418C,YJL048C,0,-4.633664,0.17130857706069946,0.7749999761581421,0.3749000132083893
YER106W,YIL005W,0,-4.634703,0.1712707132101059,0.7749999761581421,0.375
YOL107W,YOR037W,0,-4.635405,0.17123287916183472,0.7749999761581421,0.3750999867916107
YBR216C,YJR144W,0,-4.6363087,0.17119504511356354,0.7749999761581421,0.3752000033855438
YJR161C,YMR308C,0,-4.6365166,0.17115724086761475,0.7749999761581421,0.37529999017715454
YAR066W,YOR210W,0,-4.636698,0.17111945152282715,0.7749999761581421,0.37540000677108765
YOR002W,YGR122W,0,-4.637125,0.17108167707920074,0.7749999761581421,0.37549999356269836
YFR005C,YER056C,0,-4.637287,0.17104391753673553,0.7749999761581421,0.37560001015663147
YLR241W,YLR187W,0,-4.63797,0.17100617289543152,0.7749999761581421,0.3756999969482422
YLR187W,YPL153C,0,-4.6386895,0.1709684580564499,0.7749999761581421,0.3758000135421753
YNL084C,YHR194W,0,-4.6387053,0.17093074321746826,0.7749999761581421,0.375900000333786
YIR037W,YNL074C,0,-4.638877,0.17089305818080902,0.7749999761581421,0.37599998712539673
YOR039W,YPL026C,0,-4.6393194,0.17085537314414978,0.7749999761581421,0.37610000371932983
YFR048W,YER007C-A,0,-4.639756,0.17081771790981293,0.7749999761581421,0.37619999051094055
YIL093C,YHR057C,0,-4.640255,0.17078007757663727,0.7749999761581421,0.37630000710487366
YML019W,YHR018C,0,-4.640433,0.1707424521446228,0.7749999761581421,0.3763999938964844
YDR294C,YHR135C,0,-4.640443,0.17070484161376953,0.7749999761581421,0.3765000104904175
YBR248C,YGL108C,0,-4.64054,0.17066726088523865,0.7749999761581421,0.3765999972820282
YDR424C,YHR109W,0,-4.6406183,0.17062968015670776,0.7749999761581421,0.3767000138759613
YIL041W,YLR042C,0,-4.6406317,0.17059211432933807,0.7749999761581421,0.376800000667572
YCR040W,YLR347C,0,-4.6411495,0.17055457830429077,0.7749999761581421,0.37689998745918274
YLR074C,YCR010C,0,-4.6418037,0.17051705718040466,0.7749999761581421,0.37700000405311584
YLR119W,YJL044C,0,-4.642024,0.17047953605651855,0.7749999761581421,0.37709999084472656
YKL207W,YOR009W,0,-4.6422873,0.17044204473495483,0.7749999761581421,0.37720000743865967
YDL063C,YDR034W-B,0,-4.642306,0.1704045683145523,0.7749999761581421,0.3772999942302704
YER027C,YGL004C,0,-4.642702,0.17036710679531097,0.7749999761581421,0.3774000108242035
YLR355C,YDL233W,0,-4.642945,0.17032967507839203,0.7749999761581421,0.3774999976158142
YDR017C,YJR033C,1,-4.642997,0.17051197588443756,0.7760000228881836,0.3774999976158142
YDL003W,YER179W,0,-4.64301,0.17047451436519623,0.7760000228881836,0.3776000142097473
YBL040C,YBR299W,0,-4.6430655,0.1704370677471161,0.7760000228881836,0.37770000100135803
YPL208W,YLL049W,0,-4.6432314,0.17039965093135834,0.7760000228881836,0.37779998779296875
YGR075C,YJL178C,0,-4.6432686,0.17036223411560059,0.7760000228881836,0.37790000438690186
YKL041W,YNL232W,0,-4.6434083,0.17032484710216522,0.7760000228881836,0.3779999911785126
YGL263W,YCL052C,0,-4.643616,0.17028747498989105,0.7760000228881836,0.3781000077724457
YLR026C,YKL128C,0,-4.6446342,0.17025010287761688,0.7760000228881836,0.3781999945640564
YLR297W,YAL002W,0,-4.644982,0.1702127605676651,0.7760000228881836,0.3783000111579895
YHR116W,YAL014C,0,-4.6455307,0.1701754331588745,0.7760000228881836,0.3783999979496002
YGL108C,YLR042C,0,-4.645548,0.17013812065124512,0.7760000228881836,0.3785000145435333
YIL108W,YPR038W,0,-4.645706,0.1701008379459381,0.7760000228881836,0.37860000133514404
YKL157W,YOR389W,0,-4.6458354,0.1700635552406311,0.7760000228881836,0.37869998812675476
YOR073W,YDL160C,0,-4.646119,0.1700262874364853,0.7760000228881836,0.37880000472068787
YJL003W,YNL273W,0,-4.6466823,0.16998904943466187,0.7760000228881836,0.3788999915122986
YDL013W,YIR030C,0,-4.647,0.16995181143283844,0.7760000228881836,0.3790000081062317
YJR010W,YAL021C,0,-4.6470137,0.1699146032333374,0.7760000228881836,0.3790999948978424
YHR025W,YPR194C,0,-4.6480913,0.16987740993499756,0.7760000228881836,0.3792000114917755
YMR167W,YOL161C,0,-4.6482887,0.1698402315378189,0.7760000228881836,0.37929999828338623
YNL006W,YPL243W,0,-4.6483326,0.16980306804180145,0.7760000228881836,0.37940001487731934
YGL150C,YFL051C,0,-4.648375,0.1697659194469452,0.7760000228881836,0.37950000166893005
YPR200C,YER066W,0,-4.649,0.16972878575325012,0.7760000228881836,0.37959998846054077
YDR388W,YPR157W,0,-4.649229,0.16969166696071625,0.7760000228881836,0.3797000050544739
YDL176W,YAL034C,0,-4.649271,0.16965456306934357,0.7760000228881836,0.3797999918460846
YPL019C,YGR209C,1,-4.650549,0.16983605921268463,0.7770000100135803,0.3797999918460846
YHR070W,YDR185C,0,-4.650999,0.16979895532131195,0.7770000100135803,0.3799000084400177
YPR200C,YEL043W,0,-4.6512146,0.16976185142993927,0.7770000100135803,0.3799999952316284
YLR445W,YKL152C,0,-4.651498,0.16972477734088898,0.7770000100135803,0.3801000118255615
YNL217W,YAL043C,0,-4.6518393,0.16968770325183868,0.7770000100135803,0.38019999861717224
YER072W,YLR240W,1,-4.6522484,0.16986899077892303,0.777999997138977,0.38019999861717224
YAL051W,YMR142C,0,-4.6523705,0.16983191668987274,0.777999997138977,0.38029998540878296
YLR445W,YGR284C,0,-4.6526413,0.16979484260082245,0.777999997138977,0.38040000200271606
YGR257C,YMR125W,0,-4.65353,0.16975779831409454,0.777999997138977,0.3804999887943268
YIL134W,YPR171W,0,-4.6537056,0.16972076892852783,0.777999997138977,0.3806000053882599
YLR443W,YFR015C,0,-4.6541376,0.16968375444412231,0.777999997138977,0.3806999921798706
YNL006W,YBR193C,0,-4.65433,0.169646754860878,0.777999997138977,0.3808000087738037
YJR033C,YDR202C,1,-4.6547694,0.16982777416706085,0.7789999842643738,0.3808000087738037
YDR293C,YOR084W,0,-4.6548653,0.16979075968265533,0.7789999842643738,0.38089999556541443
YLR078C,YJL062W,0,-4.6549044,0.169753760099411,0.7789999842643738,0.38100001215934753
YAL020C,YGR225W,0,-4.655382,0.16971677541732788,0.7789999842643738,0.38109999895095825
YLR312W-A,YGL053W,0,-4.6554976,0.16967980563640594,0.7789999842643738,0.38119998574256897
YPL106C,YLR408C,0,-4.6558933,0.1696428507566452,0.7789999842643738,0.3813000023365021
YFR019W,YNL079C,1,-4.655945,0.16982364654541016,0.7799999713897705,0.3813000023365021
YDR539W,YPL140C,0,-4.6560364,0.16978667676448822,0.7799999713897705,0.3813999891281128
YNL154C,YOR334W,0,-4.656119,0.16974972188472748,0.7799999713897705,0.3815000057220459
YIL105C,YHR091C,0,-4.6571245,0.16971279680728912,0.7799999713897705,0.3815999925136566
YCR044C,YKL043W,0,-4.657446,0.16967587172985077,0.7799999713897705,0.3817000091075897
YJR059W,YMR265C,0,-4.658062,0.1696389764547348,0.7799999713897705,0.38179999589920044
YPR097W,YAR020C,0,-4.6583624,0.16960208117961884,0.7799999713897705,0.38190001249313354
YDL048C,YBR021W,0,-4.658382,0.16956521570682526,0.7799999713897705,0.38199999928474426
YER125W,YDR099W,0,-4.658578,0.16952836513519287,0.7799999713897705,0.382099986076355
YAL001C,YBR175W,0,-4.658803,0.16949152946472168,0.7799999713897705,0.3822000026702881
YKR026C,YCR067C,0,-4.658926,0.16945470869541168,0.7799999713897705,0.3822999894618988
YHR039C-A,YHR138C,1,-4.65905,0.1696351021528244,0.781000018119812,0.3822999894618988
YPL242C,YEL054C,0,-4.659697,0.1695982664823532,0.781000018119812,0.3824000060558319
YIR024C,YKL056C,0,-4.659836,0.1695614457130432,0.781000018119812,0.3824999928474426
YPR054W,YMR019W,0,-4.6601152,0.1695246398448944,0.781000018119812,0.38260000944137573
YJL058C,YPL165C,0,-4.6601152,0.1694878488779068,0.781000018119812,0.38269999623298645
YER012W,YDR138W,0,-4.6604433,0.16945107281208038,0.781000018119812,0.38280001282691956
YCR084C,YDR362C,0,-4.66053,0.16941431164741516,0.781000018119812,0.3828999996185303
YNL175C,YLR050C,0,-4.660651,0.16937758028507233,0.781000018119812,0.382999986410141
YHR072W-A,YLR275W,0,-4.660801,0.1693408489227295,0.781000018119812,0.3831000030040741
YPR128C,YNL070W,0,-4.6609488,0.16930414736270905,0.781000018119812,0.3831999897956848
YJL156C,YOR293W,0,-4.661187,0.1692674458026886,0.781000018119812,0.3833000063896179
YBL038W,YOR124C,0,-4.6615524,0.16923077404499054,0.781000018119812,0.38339999318122864
YNL309W,YBR071W,0,-4.6615868,0.16919410228729248,0.781000018119812,0.38350000977516174
YPL190C,YIL044C,0,-4.661601,0.1691574603319168,0.781000018119812,0.38359999656677246
YDL185W,YDR065W,1,-4.661619,0.16933737695217133,0.7820000052452087,0.38359999656677246
YOR175C,YGL022W,0,-4.662051,0.16930072009563446,0.7820000052452087,0.38370001316070557
YDR092W,YGL043W,0,-4.662301,0.1692640632390976,0.7820000052452087,0.3837999999523163
YDR263C,YDR354W,0,-4.6625614,0.16922743618488312,0.7820000052452087,0.383899986743927
YLR298C,YOR319W,0,-4.662611,0.16919082403182983,0.7820000052452087,0.3840000033378601
YGL170C,YKL162C,0,-4.6626997,0.16915422677993774,0.7820000052452087,0.3840999901294708
YER123W,YGR156W,0,-4.6631613,0.16911764442920685,0.7820000052452087,0.38420000672340393
YER156C,YBR278W,0,-4.6634803,0.16908107697963715,0.7820000052452087,0.38429999351501465
YOL006C,YLR237W,0,-4.663701,0.16904452443122864,0.7820000052452087,0.38440001010894775
YLL067C,YDL066W,0,-4.664157,0.16900800168514252,0.7820000052452087,0.38449999690055847
YDR248C,YLR329W,0,-4.664176,0.1689714789390564,0.7820000052452087,0.3846000134944916
YOL116W,YAL038W,0,-4.664255,0.16893497109413147,0.7820000052452087,0.3847000002861023
YGR245C,YDR034W-B,0,-4.6652403,0.16889849305152893,0.7820000052452087,0.384799987077713
YPL259C,YAL014C,0,-4.6653433,0.1688620150089264,0.7820000052452087,0.3849000036716461
YOR230W,YOL110W,0,-4.665548,0.16882556676864624,0.7820000052452087,0.38499999046325684
YDL180W,YDR367W,0,-4.6658573,0.1687891185283661,0.7820000052452087,0.38510000705718994
YOR141C,YBR001C,0,-4.6660137,0.16875270009040833,0.7820000052452087,0.38519999384880066
YJR093C,YIL070C,0,-4.666129,0.16871629655361176,0.7820000052452087,0.38530001044273376
YNL326C,YKL051W,1,-4.666714,0.16889560222625732,0.7829999923706055,0.38530001044273376
YDL198C,YER019C-A,0,-4.6677675,0.16885916888713837,0.7829999923706055,0.3853999972343445
YHR173C,YHR094C,0,-4.667882,0.1688227653503418,0.7829999923706055,0.3855000138282776
YDR506C,YOR168W,0,-4.6679516,0.16878637671470642,0.7829999923706055,0.3856000006198883
YCL062W,YCL005W-A,1,-4.6681786,0.16896551847457886,0.7839999794960022,0.3856000006198883
YFR019W,YDR456W,1,-4.6681824,0.16914458572864532,0.7850000262260437,0.3856000006198883
YFL010W-A,YBL071W-A,0,-4.6684213,0.16910813748836517,0.7850000262260437,0.385699987411499
YBR181C,YDR519W,0,-4.6684394,0.1690717190504074,0.7850000262260437,0.38580000400543213
YML011C,YLR289W,0,-4.668709,0.16903531551361084,0.7850000262260437,0.38589999079704285
YDR322W,YMR016C,0,-4.6689606,0.16899892687797546,0.7850000262260437,0.38600000739097595
YJL116C,YBR010W,0,-4.669048,0.16896255314350128,0.7850000262260437,0.38609999418258667
YJR033C,YNL015W,1,-4.669133,0.16914138197898865,0.7860000133514404,0.38609999418258667
YCL005W-A,YKR007W,1,-4.6692057,0.16932013630867004,0.7870000004768372,0.38609999418258667
YFL011W-A,YKR042W,0,-4.6693635,0.16928371787071228,0.7870000004768372,0.3862000107765198
YOR005C,YMR266W,0,-4.669547,0.1692473143339157,0.7870000004768372,0.3862999975681305
YOL060C,YOR249C,0,-4.6698065,0.16921092569828033,0.7870000004768372,0.3864000141620636
YGL008C,YGL206C,0,-4.6698217,0.16917455196380615,0.7870000004768372,0.3865000009536743
YHR173C,YML068W,0,-4.6701493,0.16913819313049316,0.7870000004768372,0.38659998774528503
YOL002C,YGR231C,0,-4.670424,0.16910184919834137,0.7870000004768372,0.38670000433921814
YLL011W,YGR071C,0,-4.670561,0.16906552016735077,0.7870000004768372,0.38679999113082886
YDL124W,YFR033C,0,-4.670591,0.16902920603752136,0.7870000004768372,0.38690000772476196
YBL061C,YMR076C,0,-4.670684,0.16899290680885315,0.7870000004768372,0.3869999945163727
YBR067C,YDR069C,0,-4.670726,0.16895663738250732,0.7870000004768372,0.3871000111103058
YJR099W,YCL052C,0,-4.6708565,0.1689203679561615,0.7870000004768372,0.3871999979019165
YDR373W,YKR051W,0,-4.6708612,0.16888411343097687,0.7870000004768372,0.3873000144958496
YDR185C,YMR275C,0,-4.670906,0.16884788870811462,0.7870000004768372,0.3874000012874603
YML115C,YMR145C,0,-4.6716022,0.16881166398525238,0.7870000004768372,0.38749998807907104
YOR159C,YJR161C,0,-4.6716394,0.16877546906471252,0.7870000004768372,0.38760000467300415
YJR073C,YKR086W,0,-4.671799,0.16873927414417267,0.7870000004768372,0.38769999146461487
YKL080W,YCL063W,1,-4.6725235,0.1689174771308899,0.7879999876022339,0.38769999146461487
YGL082W,YOR328W,0,-4.672793,0.16888126730918884,0.7879999876022339,0.387800008058548
YPL268W,YOR270C,1,-4.673109,0.16905935108661652,0.7889999747276306,0.387800008058548
YHR200W,YGL082W,0,-4.673188,0.16902314126491547,0.7889999747276306,0.3878999948501587
YMR177W,YPL041C,0,-4.673193,0.16898693144321442,0.7889999747276306,0.3880000114440918
YDR453C,YMR282C,0,-4.673438,0.16895075142383575,0.7889999747276306,0.3880999982357025
YHR178W,YLR414C,0,-4.6734796,0.1689145863056183,0.7889999747276306,0.3882000148296356
YDL119C,YDL046W,0,-4.6734986,0.16887842118740082,0.7889999747276306,0.38830000162124634
YDR292C,YMR146C,0,-4.673534,0.16884228587150574,0.7889999747276306,0.38839998841285706
YER175C,YGR187C,0,-4.6736555,0.16880616545677185,0.7889999747276306,0.38850000500679016
YER081W,YHR072W,0,-4.673963,0.16877005994319916,0.7889999747276306,0.3885999917984009
YDR088C,YIL168W,0,-4.6740985,0.16873395442962646,0.7889999747276306,0.388700008392334
YCL062W,YOR068C,1,-4.6741323,0.16891169548034668,0.7900000214576721,0.388700008392334
YOR005C,YJR100C,0,-4.674341,0.168875589966774,0.7900000214576721,0.3887999951839447
YPL081W,YER161C,0,-4.6747074,0.1688394993543625,0.7900000214576721,0.3889000117778778
YBR136W,YOL101C,0,-4.674973,0.16880342364311218,0.7900000214576721,0.3889999985694885
YDL046W,YPL041C,0,-4.6751637,0.16876736283302307,0.7900000214576721,0.38909998536109924
YDR453C,YDL083C,0,-4.6754246,0.16873131692409515,0.7900000214576721,0.38920000195503235
YDL035C,YDR172W,0,-4.675562,0.16869528591632843,0.7900000214576721,0.38929998874664307
YGL160W,YLR083C,0,-4.6757226,0.1686592698097229,0.7900000214576721,0.38940000534057617
YAL055W,YER044C,0,-4.6757956,0.16862326860427856,0.7900000214576721,0.3894999921321869
YIL063C,YHL038C,0,-4.6763363,0.16858728229999542,0.7900000214576721,0.38960000872612
YBR018C,YDL182W,0,-4.6771603,0.16855131089687347,0.7900000214576721,0.3896999955177307
YOR240W,YHR168W,0,-4.6772714,0.16851535439491272,0.7900000214576721,0.3898000121116638
YHR124W,YFR015C,0,-4.677309,0.16847941279411316,0.7900000214576721,0.38989999890327454
YGL253W,YIL038C,0,-4.6779065,0.168443500995636,0.7900000214576721,0.38999998569488525
YPR125W,YBL037W,0,-4.6780233,0.1684075891971588,0.7900000214576721,0.39010000228881836
YHR087W,YKL138C-A,0,-4.6780415,0.16837169229984283,0.7900000214576721,0.3901999890804291
YIL048W,YOR326W,1,-4.67814,0.16854889690876007,0.7910000085830688,0.3901999890804291
YDR108W,YLR127C,0,-4.6786547,0.1685130000114441,0.7910000085830688,0.3903000056743622
YAL068C,YIL122W,0,-4.678836,0.1684771031141281,0.7910000085830688,0.3903999924659729
YDR463W,YLR130C,0,-4.678968,0.16844122111797333,0.7910000085830688,0.390500009059906
YNR072W,YPL152W,0,-4.679099,0.16840536892414093,0.7910000085830688,0.3905999958515167
YJL114W,YKR054C,0,-4.6792884,0.16836951673030853,0.7910000085830688,0.39070001244544983
YFL022C,YPR171W,0,-4.6800203,0.16833369433879852,0.7910000085830688,0.39079999923706055
YBR262C,YKL108W,0,-4.6801925,0.1682978719472885,0.7910000085830688,0.39089998602867126
YNL309W,YJL139C,0,-4.6804624,0.1682620644569397,0.7910000085830688,0.39100000262260437
YKL164C,YNR058W,0,-4.6805043,0.16822628676891327,0.7910000085830688,0.3910999894142151
YDR137W,YNL136W,0,-4.680732,0.16819052398204803,0.7910000085830688,0.3912000060081482
YDL133C-A,YOR209C,0,-4.681136,0.1681547611951828,0.7910000085830688,0.3912999927997589
YLR266C,YNL108C,0,-4.6814156,0.16811902821063995,0.7910000085830688,0.391400009393692
YDR211W,YFL052W,0,-4.681518,0.1680832952260971,0.7910000085830688,0.39149999618530273
YOL149W,YNL122C,0,-4.681609,0.16804759204387665,0.7910000085830688,0.39160001277923584
YJR001W,YAL013W,0,-4.682461,0.1680118888616562,0.7910000085830688,0.39169999957084656
YNL021W,YNL306W,0,-4.6836805,0.16797621548175812,0.7910000085830688,0.3917999863624573
YGL005C,YGL192W,0,-4.684229,0.16794055700302124,0.7910000085830688,0.3919000029563904
YNL014W,YIL019W,0,-4.6843004,0.16790489852428436,0.7910000085830688,0.3919999897480011
YGL035C,YBR204C,0,-4.6844306,0.16786926984786987,0.7910000085830688,0.3921000063419342
YCR071C,YJL059W,0,-4.6844826,0.16783365607261658,0.7910000085830688,0.3921999931335449
YJL058C,YFL011W,0,-4.6855736,0.16779804229736328,0.7910000085830688,0.392300009727478
YCR100C,YOL123W,0,-4.685744,0.16776245832443237,0.7910000085830688,0.39239999651908875
YML021C,YHR171W,0,-4.685843,0.16772688925266266,0.7910000085830688,0.39250001311302185
YER096W,YGL031C,0,-4.6869125,0.16769133508205414,0.7910000085830688,0.39259999990463257
YDR146C,YDR390C,0,-4.6870537,0.16765578091144562,0.7910000085830688,0.3926999866962433
YLR297W,YDL093W,0,-4.687387,0.16762025654315948,0.7910000085830688,0.3928000032901764
YGL189C,YML017W,0,-4.6874037,0.16758474707603455,0.7910000085830688,0.3928999900817871
YJR010C-A,YNR004W,0,-4.687523,0.1675492525100708,0.7910000085830688,0.3930000066757202
YLR394W,YMR046C,0,-4.6875515,0.16751375794410706,0.7910000085830688,0.39309999346733093
YLR025W,YIR038C,0,-4.6878414,0.1674782931804657,0.7910000085830688,0.39320001006126404
YNR013C,YBR057C,0,-4.687992,0.16744284331798553,0.7910000085830688,0.39329999685287476
YBR001C,YIL106W,0,-4.688039,0.16740740835666656,0.7910000085830688,0.39340001344680786
YBL079W,YDR089W,0,-4.688917,0.1673719882965088,0.7910000085830688,0.3935000002384186
YGR165W,YCR052W,0,-4.688957,0.1673365831375122,0.7910000085830688,0.3935999870300293
YKR053C,YBR110W,0,-4.689074,0.16730117797851562,0.7910000085830688,0.3937000036239624
YLR167W,YEL012W,0,-4.689352,0.16726580262184143,0.7910000085830688,0.3937999904155731
YFR016C,YDR049W,0,-4.6894712,0.16723044216632843,0.7910000085830688,0.3939000070095062
YIL144W,YBR073W,0,-4.6895795,0.16719509661197662,0.7910000085830688,0.39399999380111694
YNL064C,YKL197C,0,-4.6898217,0.167159765958786,0.7910000085830688,0.39410001039505005
YKL221W,YMR125W,0,-4.6899195,0.1671244502067566,0.7910000085830688,0.39419999718666077
YKL051W,YOR068C,1,-4.6907463,0.16730037331581116,0.7919999957084656,0.39419999718666077
YMR233W,YMR120C,0,-4.690754,0.16726504266262054,0.7919999957084656,0.39430001378059387
YKL211C,YKL067W,0,-4.691262,0.16722972691059113,0.7919999957084656,0.3944000005722046
YDR003W,YAL011W,0,-4.691577,0.1671944260597229,0.7919999957084656,0.3944999873638153
YLL023C,YBR122C,0,-4.691591,0.16715914011001587,0.7919999957084656,0.3946000039577484
YBL042C,YBR297W,0,-4.691834,0.16712386906147003,0.7919999957084656,0.39469999074935913
YHR047C,YHR170W,0,-4.6923923,0.1670886129140854,0.7919999957084656,0.39480000734329224
YBR218C,YKR086W,0,-4.6929855,0.16705337166786194,0.7919999957084656,0.39489999413490295
YNL326C,YPL268W,1,-4.693352,0.16722901165485382,0.7929999828338623,0.39489999413490295
YDR300C,YOR036W,0,-4.6935434,0.16719375550746918,0.7929999828338623,0.39500001072883606
YGL033W,YFL005W,0,-4.6937275,0.16715851426124573,0.7929999828338623,0.3950999975204468
YNL123W,YML087C,0,-4.6938343,0.16712328791618347,0.7929999828338623,0.3952000141143799
YJL142C,YAL014C,0,-4.6940145,0.1670880764722824,0.7929999828338623,0.3953000009059906
YOL149W,YPR027C,0,-4.694707,0.16705287992954254,0.7929999828338623,0.3953999876976013
YOL136C,YNL045W,0,-4.6947083,0.16701769828796387,0.7929999828338623,0.3955000042915344
YGR040W,YEL041W,0,-4.6949434,0.1669825166463852,0.7929999828338623,0.39559999108314514
YNL213C,YJR098C,0,-4.69503,0.1669473648071289,0.7929999828338623,0.39570000767707825
YJL114W,YML086C,0,-4.6950345,0.1669122278690338,0.7929999828338623,0.39579999446868896
YCR089W,YKL210W,0,-4.695473,0.16687710583209991,0.7929999828338623,0.39590001106262207
YPL124W,YAL038W,0,-4.6961575,0.1668419986963272,0.7929999828338623,0.3959999978542328
YDL025C,YMR208W,0,-4.6965704,0.1668069064617157,0.7929999828338623,0.3961000144481659
YPR149W,YIL103W,0,-4.697115,0.1667718142271042,0.7929999828338623,0.3962000012397766
YBR044C,YLR078C,0,-4.6973515,0.16673675179481506,0.7929999828338623,0.39629998803138733
YBR062C,YBL100W-A,0,-4.697585,0.16670170426368713,0.7929999828338623,0.39640000462532043
YDR295C,YKR023W,0,-4.697729,0.1666666716337204,0.7929999828338623,0.39649999141693115
YBR254C,YIL172C,0,-4.697955,0.16663163900375366,0.7929999828338623,0.39660000801086426
YNR032W,YLR026C,0,-4.697959,0.16659663617610931,0.7929999828338623,0.396699994802475
YPL103C,YDR394W,0,-4.698002,0.16656164824962616,0.7929999828338623,0.3968000113964081
YBL099W,YDL199C,0,-4.698652,0.1665266752243042,0.7929999828338623,0.3968999981880188
YMR264W,YKR085C,0,-4.698922,0.16649170219898224,0.7929999828338623,0.3970000147819519
YLR220W,YER122C,0,-4.699113,0.16645675897598267,0.7929999828338623,0.3971000015735626
YGR010W,YMR275C,0,-4.699196,0.1664218306541443,0.7929999828338623,0.39719998836517334
YPR009W,YFL066C,0,-4.6994586,0.1663869023323059,0.7929999828338623,0.39730000495910645
YBL089W,YHR153C,0,-4.699668,0.16635200381278992,0.7929999828338623,0.39739999175071716
YJL026W,YGL111W,0,-4.699809,0.16631712019443512,0.7929999828338623,0.39750000834465027
YHL038C,YOL101C,0,-4.7000237,0.16628223657608032,0.7929999828338623,0.397599995136261
YLL056C,YDL199C,0,-4.701021,0.1662473827600479,0.7929999828338623,0.3977000117301941
YBR049C,YDL012C,0,-4.701088,0.1662125289440155,0.7929999828338623,0.3977999985218048
YLR271W,YBL076C,0,-4.7014537,0.16617770493030548,0.7929999828338623,0.3978999853134155
YJR152W,YOR007C,0,-4.701787,0.16614288091659546,0.7929999828338623,0.39800000190734863
YBR058C,YNL192W,0,-4.7019954,0.16610808670520782,0.7929999828338623,0.39809998869895935
YNR065C,YMR319C,0,-4.702319,0.1660732924938202,0.7929999828338623,0.39820000529289246
YMR205C,YDR345C,0,-4.70233,0.16603852808475494,0.7929999828338623,0.3982999920845032
YDR488C,YLR259C,0,-4.7025285,0.1660037636756897,0.7929999828338623,0.3984000086784363
YJR042W,YBL076C,0,-4.7035055,0.16596902906894684,0.7929999828338623,0.398499995470047
YGL216W,YNL305C,0,-4.7036953,0.16593429446220398,0.7929999828338623,0.3986000120639801
YFL017C,YMR156C,0,-4.704406,0.16589957475662231,0.7929999828338623,0.3986999988555908
YPR042C,YLR275W,0,-4.704544,0.16586488485336304,0.7929999828338623,0.39879998564720154
YOR066W,YLR380W,0,-4.704664,0.16583019495010376,0.7929999828338623,0.39890000224113464
YLR126C,YLR425W,0,-4.7055426,0.16579551994800568,0.7929999828338623,0.39899998903274536
YJR153W,YJR141W,0,-4.705662,0.16576087474822998,0.7929999828338623,0.39910000562667847
YLL050C,YGR145W,0,-4.705678,0.16572622954845428,0.7929999828338623,0.3991999924182892
YDR044W,YDL099W,0,-4.705685,0.16569159924983978,0.7929999828338623,0.3993000090122223
YIL049W,YOR393W,0,-4.7064514,0.16565698385238647,0.7929999828338623,0.399399995803833
YHR020W,YMR273C,0,-4.706476,0.16562238335609436,0.7929999828338623,0.3995000123977661
YLR244C,YDL012C,0,-4.7065,0.16558781266212463,0.7929999828338623,0.39959999918937683
YJR001W,YBR090C-A,0,-4.706691,0.1655532419681549,0.7929999828338623,0.39969998598098755
YLR450W,YER078C,0,-4.706745,0.16551868617534637,0.7929999828338623,0.39980000257492065
YOL017W,YMR214W,0,-4.706875,0.16548414528369904,0.7929999828338623,0.39989998936653137
YDL239C,YER078C,0,-4.7069597,0.1654496192932129,0.7929999828338623,0.4000000059604645
YCL063W,YGL095C,1,-4.7074623,0.16562369465827942,0.7940000295639038,0.4000000059604645
YDL104C,YGL207W,0,-4.707471,0.16558915376663208,0.7940000295639038,0.4000999927520752
YIR036C,YDR468C,0,-4.7078276,0.16555462777614594,0.7940000295639038,0.4002000093460083
YJL012C-A,YOR326W,1,-4.7105727,0.1657285839319229,0.7950000166893005,0.4002000093460083
YKL222C,YKL120W,0,-4.71081,0.16569404304027557,0.7950000166893005,0.400299996137619
YIL098C,YPL095C,0,-4.7115364,0.16565951704978943,0.7950000166893005,0.4004000127315521
YHL004W,YKL053C-A,0,-4.711753,0.16562500596046448,0.7950000166893005,0.40049999952316284
YPL140C,YMR087W,0,-4.7118945,0.16559049487113953,0.7950000166893005,0.40059998631477356
YMR164C,YGL160W,0,-4.7127285,0.16555601358413696,0.7950000166893005,0.40070000290870667
YGR070W,YHR103W,0,-4.7129927,0.1655215471982956,0.7950000166893005,0.4007999897003174
YGL094C,YMR146C,0,-4.713096,0.16548709571361542,0.7950000166893005,0.4009000062942505
YCR052W,YOR240W,0,-4.7140503,0.16545265913009644,0.7950000166893005,0.4009999930858612
YDL058W,YDR381W,0,-4.714325,0.16541822254657745,0.7950000166893005,0.4011000096797943
YDR248C,YHR072W,0,-4.7145596,0.16538381576538086,0.7950000166893005,0.40119999647140503
YIL061C,YNL223W,0,-4.714566,0.16534942388534546,0.7950000166893005,0.40130001306533813
YPR082C,YDL022W,0,-4.714938,0.16531503200531006,0.7950000166893005,0.40139999985694885
YMR217W,YEL038W,0,-4.715027,0.16528066992759705,0.7950000166893005,0.40149998664855957
YNL213C,YJL098W,0,-4.7157326,0.16524630784988403,0.7950000166893005,0.4016000032424927
YER174C,YOR393W,0,-4.716243,0.1652119755744934,0.7950000166893005,0.4016999900341034
YLR356W,YPL212C,0,-4.7164965,0.16517764329910278,0.7950000166893005,0.4018000066280365
YFL055W,YDR397C,0,-4.7171183,0.16514332592487335,0.7950000166893005,0.4018999934196472
YDR504C,YER020W,0,-4.717665,0.1651090383529663,0.7950000166893005,0.4020000100135803
YLR314C,YPL184C,0,-4.7178607,0.16507475078105927,0.7950000166893005,0.40209999680519104
YBL050W,YLR240W,1,-4.7187138,0.1652480810880661,0.7960000038146973,0.40209999680519104
YOR350C,YKR059W,0,-4.7193785,0.16521377861499786,0.7960000038146973,0.40220001339912415
YJR077C,YPR131C,0,-4.720153,0.16517949104309082,0.7960000038146973,0.40230000019073486
YML081C-A,YLR414C,0,-4.7207446,0.16514523327350616,0.7960000038146973,0.4023999869823456
YEL069C,YNL186W,0,-4.7213006,0.1651109755039215,0.7960000038146973,0.4025000035762787
YGR040W,YIL087C,0,-4.7215214,0.16507673263549805,0.7960000038146973,0.4025999903678894
YHR050W,YBR014C,0,-4.7218056,0.16504250466823578,0.7960000038146973,0.4027000069618225
YFR019W,YBL050W,1,-4.721812,0.16521558165550232,0.796999990940094,0.4027000069618225
YNL164C,YIL087C,0,-4.7221804,0.16518135368824005,0.796999990940094,0.4027999937534332
YFR034C,YER066W,0,-4.722313,0.16514712572097778,0.796999990940094,0.40290001034736633
YLR129W,YDL070W,0,-4.722353,0.1651129126548767,0.796999990940094,0.40299999713897705
YDR130C,YEL047C,0,-4.72244,0.16507871448993683,0.796999990940094,0.40310001373291016
YIL016W,YIL089W,0,-4.7225366,0.16504451632499695,0.796999990940094,0.4032000005245209
YLR355C,YLR332W,0,-4.723077,0.16501034796237946,0.796999990940094,0.4032999873161316
YKL139W,YDL015C,0,-4.723527,0.16497619450092316,0.796999990940094,0.4034000039100647
YFL017C,YAL041W,0,-4.723551,0.16494205594062805,0.796999990940094,0.4034999907016754
YKL059C,YER179W,0,-4.723786,0.16490791738033295,0.796999990940094,0.4036000072956085
YGR249W,YLR301W,0,-4.7239256,0.16487380862236023,0.796999990940094,0.40369999408721924
YJR042W,YCL075W,0,-4.7249484,0.1648397147655487,0.796999990940094,0.40380001068115234
YDL144C,YKL120W,0,-4.7249575,0.16480562090873718,0.796999990940094,0.40389999747276306
YKR051W,YBR296C,0,-4.725031,0.16477155685424805,0.796999990940094,0.40400001406669617
YKL207W,YNL154C,0,-4.7251177,0.1647374927997589,0.796999990940094,0.4041000008583069
YPL062W,YGR289C,0,-4.7255692,0.16470345854759216,0.796999990940094,0.4041999876499176
YPR124W,YDR139C,0,-4.7258463,0.16466942429542542,0.796999990940094,0.4043000042438507
YNL264C,YDR434W,0,-4.7259746,0.16463540494441986,0.796999990940094,0.4043999910354614
YPL148C,YDL018C,0,-4.726445,0.1646014004945755,0.796999990940094,0.40450000762939453
YLR305C,YDL185W,1,-4.7268686,0.16477389633655548,0.7979999780654907,0.40450000762939453
YCR007C,YOR330C,0,-4.7269387,0.16473987698554993,0.7979999780654907,0.40459999442100525
YMR264W,YKR101W,0,-4.7274737,0.16470588743686676,0.7979999780654907,0.40470001101493835
YDR529C,YOR288C,0,-4.727538,0.1646718978881836,0.7979999780654907,0.4047999978065491
YNL047C,YHR025W,0,-4.728141,0.16463792324066162,0.7979999780654907,0.4049000144004822
YFR049W,YBR246W,0,-4.728279,0.16460396349430084,0.7979999780654907,0.4050000011920929
YMR321C,YDR339C,0,-4.728403,0.16457001864910126,0.7979999780654907,0.4050999879837036
YEL048C,YNL127W,0,-4.7284603,0.16453608870506287,0.7979999780654907,0.4052000045776367
YMR164C,YFR045W,0,-4.728786,0.16450215876102448,0.7979999780654907,0.40529999136924744
YOL146W,YLR390W,0,-4.7290926,0.16446825861930847,0.7979999780654907,0.40540000796318054
YJR076C,YCL064C,0,-4.7297654,0.16443437337875366,0.7979999780654907,0.40549999475479126
YGR070W,YGL161C,0,-4.729928,0.16440048813819885,0.7979999780654907,0.40560001134872437
YOR350C,YNL080C,0,-4.729946,0.16436663269996643,0.7979999780654907,0.4056999981403351
YCL003W,YPR110C,0,-4.730022,0.164332777261734,0.7979999780654907,0.4058000147342682
YBR110W,YGR211W,0,-4.7302265,0.16429895162582397,0.7979999780654907,0.4059000015258789
YHR122W,YNL299W,0,-4.7303486,0.16426512598991394,0.7979999780654907,0.4059999883174896
YLR141W,YGR074W,0,-4.7303796,0.1642313301563263,0.7979999780654907,0.40610000491142273
YDR020C,YLR136C,0,-4.7304444,0.16419753432273865,0.7979999780654907,0.40619999170303345
YMR243C,YOR071C,0,-4.730728,0.1641637533903122,0.7979999780654907,0.40630000829696655
YMR300C,YIL089W,0,-4.7315016,0.16412998735904694,0.7979999780654907,0.40639999508857727
YHR113W,YAR008W,0,-4.7316384,0.16409623622894287,0.7979999780654907,0.4065000116825104
YOR140W,YCL033C,0,-4.7322035,0.1640625,0.7979999780654907,0.4065999984741211
YDR017C,YHR174W,1,-4.7324295,0.16423432528972626,0.7990000247955322,0.4065999984741211
YOL017W,YGR208W,0,-4.732483,0.1642005741596222,0.7990000247955322,0.4066999852657318
YNL249C,YPR037C,0,-4.7327657,0.16416683793067932,0.7990000247955322,0.4068000018596649
YFL017C,YDR295C,0,-4.732938,0.16413311660289764,0.7990000247955322,0.40689998865127563
YIL048W,YPL019C,1,-4.73298,0.16430477797985077,0.800000011920929,0.40689998865127563
YGR158C,YDR454C,0,-4.733204,0.1642710417509079,0.800000011920929,0.40700000524520874
YDR333C,YJL180C,0,-4.733246,0.16423732042312622,0.800000011920929,0.40709999203681946
YPR081C,YBR160W,0,-4.733425,0.16420361399650574,0.800000011920929,0.40720000863075256
YNL082W,YLR069C,0,-4.7335706,0.16416992247104645,0.800000011920929,0.4072999954223633
YDR060W,YPL017C,0,-4.733989,0.16413623094558716,0.800000011920929,0.4074000120162964
YMR291W,YOR089C,0,-4.7341166,0.16410256922245026,0.800000011920929,0.4074999988079071
YIL021W,YHR009C,0,-4.734618,0.16406890749931335,0.800000011920929,0.4075999855995178
YOR265W,YMR235C,0,-4.7347856,0.16403526067733765,0.800000011920929,0.4077000021934509
YLR170C,YNL222W,0,-4.7357187,0.16400164365768433,0.800000011920929,0.40779998898506165
YOL011W,YDR219C,0,-4.7359867,0.163968026638031,0.800000011920929,0.40790000557899475
YLR253W,YDR439W,0,-4.7361593,0.16393442451953888,0.800000011920929,0.40799999237060547
YGR266W,YJL198W,0,-4.736755,0.16390083730220795,0.800000011920929,0.4081000089645386
YOR319W,YDR201W,0,-4.7375417,0.1638672649860382,0.800000011920929,0.4081999957561493
YBR141C,YDR418W,0,-4.7376623,0.16383370757102966,0.800000011920929,0.4083000123500824
YER151C,YNL287W,0,-4.7379375,0.1638001650571823,0.800000011920929,0.4083999991416931
YBR218C,YGR047C,0,-4.7382417,0.16376663744449615,0.800000011920929,0.40849998593330383
YML069W,YOR290C,0,-4.7383003,0.16373310983181,0.800000011920929,0.40860000252723694
YBR171W,YIL122W,0,-4.738508,0.16369961202144623,0.800000011920929,0.40869998931884766
YIL083C,YMR050C,0,-4.739476,0.16366611421108246,0.800000011920929,0.40880000591278076
YER024W,YBR223C,0,-4.739489,0.16363264620304108,0.800000011920929,0.4088999927043915
YJL192C,YBR125C,0,-4.739902,0.1635991781949997,0.800000011920929,0.4090000092983246
YGR052W,YBL067C,0,-4.739918,0.1635657399892807,0.800000011920929,0.4090999960899353
YBL024W,YOL019W,0,-4.7399664,0.1635323017835617,0.800000011920929,0.4092000126838684
YDL178W,YLR129W,0,-4.740247,0.1634988784790039,0.800000011920929,0.4092999994754791
YDR409W,YIL158W,0,-4.7408323,0.1634654700756073,0.800000011920929,0.40939998626708984
YCR052W,YBL002W,0,-4.7411394,0.1634320765733719,0.800000011920929,0.40950000286102295
YDR205W,YBR115C,0,-4.7412167,0.16339869797229767,0.800000011920929,0.40959998965263367
YNL251C,YPR183W,0,-4.741345,0.16336531937122345,0.800000011920929,0.4097000062465668
YJR119C,YOR079C,0,-4.7418637,0.16333197057247162,0.800000011920929,0.4097999930381775
YML025C,YDR025W,0,-4.7424,0.16329863667488098,0.800000011920929,0.4099000096321106
YDR018C,YEL048C,0,-4.7428246,0.16326530277729034,0.800000011920929,0.4099999964237213
YPL116W,YMR259C,0,-4.743317,0.1632319986820221,0.800000011920929,0.4101000130176544
YHL001W,YBR298C,0,-4.7434664,0.16319869458675385,0.800000011920929,0.41019999980926514
YPR101W,YER120W,0,-4.743756,0.1631654053926468,0.800000011920929,0.41029998660087585
YNL213C,YJL172W,0,-4.744184,0.16313213109970093,0.800000011920929,0.41040000319480896
YJR040W,YIL067C,0,-4.7442627,0.16309887170791626,0.800000011920929,0.4104999899864197
YAL053W,YBR103W,0,-4.7449126,0.16306562721729279,0.800000011920929,0.4106000065803528
YBL017C,YER046W,0,-4.7449927,0.1630323976278305,0.800000011920929,0.4106999933719635
YEL021W,YJR088C,0,-4.7450714,0.16299918293952942,0.800000011920929,0.4108000099658966
YDR207C,YGR053C,0,-4.7451897,0.16296598315238953,0.800000011920929,0.4108999967575073
YML016C,YML026C,0,-4.745975,0.16293278336524963,0.800000011920929,0.41100001335144043
YKL138C-A,YJR102C,0,-4.7461033,0.16289961338043213,0.800000011920929,0.41110000014305115
YGR246C,YLR091W,0,-4.7462225,0.16286644339561462,0.800000011920929,0.41119998693466187
YJL183W,YCR046C,0,-4.7464094,0.1628333032131195,0.800000011920929,0.41130000352859497
YAR010C,YER057C,0,-4.746802,0.1628001630306244,0.800000011920929,0.4113999903202057
YDR476C,YNL248C,0,-4.7485023,0.16276703774929047,0.800000011920929,0.4115000069141388
YLL050C,YLR308W,0,-4.7485538,0.16273392736911774,0.800000011920929,0.4115999937057495
YOL127W,YOR243C,0,-4.7485657,0.1627008318901062,0.800000011920929,0.4117000102996826
YJR033C,YOR068C,1,-4.748602,0.1628710925579071,0.8009999990463257,0.4117000102996826
YIL162W,YHR143W,0,-4.7486777,0.16283798217773438,0.8009999990463257,0.41179999709129333
YML130C,YMR277W,0,-4.7495565,0.16280487179756165,0.8009999990463257,0.41190001368522644
YHR173C,YAR066W,0,-4.749791,0.1627717912197113,0.8009999990463257,0.41200000047683716
YDR078C,YDR486C,0,-4.7498994,0.16273872554302216,0.8009999990463257,0.4120999872684479
YBR267W,YIL074C,0,-4.7501903,0.162705659866333,0.8009999990463257,0.412200003862381
YMR295C,YGL115W,0,-4.7502155,0.16267262399196625,0.8009999990463257,0.4122999906539917
YHR108W,YIL111W,0,-4.7504196,0.1626395881175995,0.8009999990463257,0.4124000072479248
YKL219W,YPR033C,0,-4.7506905,0.16260658204555511,0.8009999990463257,0.4124999940395355
YPR036W,YOR068C,1,-4.7510905,0.16277654469013214,0.8019999861717224,0.4124999940395355
YIL033C,YMR153W,0,-4.7513075,0.16274350881576538,0.8019999861717224,0.41260001063346863
YPL024W,YDR055W,0,-4.7515383,0.16271048784255981,0.8019999861717224,0.41269999742507935
YMR114C,YLL062C,0,-4.752211,0.16267748177051544,0.8019999861717224,0.41280001401901245
YHL007C,YPL283C,0,-4.752367,0.16264449059963226,0.8019999861717224,0.41290000081062317
YJL095W,YDL070W,0,-4.752421,0.16261151432991028,0.8019999861717224,0.4129999876022339
YKR058W,YGR199W,0,-4.752726,0.1625785529613495,0.8019999861717224,0.413100004196167
YPL049C,YMR109W,0,-4.752861,0.1625456064939499,0.8019999861717224,0.4131999909877777
YKR097W,YOR261C,0,-4.753094,0.1625126600265503,0.8019999861717224,0.4133000075817108
YPR058W,YGR280C,0,-4.753461,0.16247974336147308,0.8019999861717224,0.41339999437332153
YMR060C,YER005W,0,-4.754182,0.16244682669639587,0.8019999861717224,0.41350001096725464
YPL184C,YDR363W-A,0,-4.7542467,0.16241393983364105,0.8019999861717224,0.41359999775886536
YFL011W-A,YPR033C,0,-4.754338,0.16238105297088623,0.8019999861717224,0.41370001435279846
YLR301W,YJL223C,0,-4.7546697,0.1623481810092926,0.8019999861717224,0.4138000011444092
YJR091C,YHR025W,0,-4.7547297,0.16231532394886017,0.8019999861717224,0.4138999879360199
YFL024C,YHR075C,0,-4.7549543,0.16228248178958893,0.8019999861717224,0.414000004529953
YER184C,YIR012W,0,-4.7552323,0.1622496396303177,0.8019999861717224,0.4140999913215637
YDL099W,YLR251W,0,-4.7553062,0.16221682727336884,0.8019999861717224,0.4142000079154968
YFL052W,YBR096W,0,-4.755355,0.16218402981758118,0.8019999861717224,0.41429999470710754
YJR010W,YLR163C,0,-4.7554684,0.16215123236179352,0.8019999861717224,0.41440001130104065
YMR179W,YBR295W,0,-4.7558236,0.16211844980716705,0.8019999861717224,0.41449999809265137
YDR311W,YHR147C,0,-4.7561984,0.16208569705486298,0.8019999861717224,0.4146000146865845
YOR326W,YCL005W-A,1,-4.756806,0.16225500404834747,0.8029999732971191,0.4146000146865845
YBR245C,YHL038C,0,-4.756933,0.162222221493721,0.8029999732971191,0.4147000014781952
YJR096W,YPR115W,0,-4.75734,0.16218945384025574,0.8029999732971191,0.4147999882698059
YDR373W,YPR179C,0,-4.757424,0.16215670108795166,0.8029999732971191,0.414900004863739
YMR289W,YDR476C,0,-4.757516,0.16212396323680878,0.8029999732971191,0.41499999165534973
YDL025C,YMR142C,0,-4.7575254,0.1620912402868271,0.8029999732971191,0.41510000824928284
YHR060W,YEL051W,1,-4.757741,0.16226033866405487,0.8040000200271606,0.41510000824928284
YKL133C,YGR197C,0,-4.7583733,0.162227600812912,0.8040000200271606,0.41519999504089355
YML002W,YMR319C,0,-4.7583833,0.1621948778629303,0.8040000200271606,0.41530001163482666
YDL083C,YMR159C,0,-4.758483,0.1621621549129486,0.8040000200271606,0.4153999984264374
YMR207C,YNL019C,0,-4.758747,0.1621294617652893,0.8040000200271606,0.4154999852180481
YMR092C,YDL126C,0,-4.7590976,0.16209676861763,0.8040000200271606,0.4156000018119812
YPR169W,YBR170C,0,-4.759307,0.1620641052722931,0.8040000200271606,0.4156999886035919
YMR005W,YKL221W,0,-4.7593594,0.16203144192695618,0.8040000200271606,0.415800005197525
YNL064C,YOR278W,0,-4.7594233,0.16199879348278046,0.8040000200271606,0.41589999198913574
YNL097C,YNL133C,0,-4.760662,0.16196615993976593,0.8040000200271606,0.41600000858306885
YNL230C,YML040W,0,-4.7610145,0.1619335412979126,0.8040000200271606,0.41609999537467957
YKL051W,YDR065W,1,-4.761059,0.16210229694843292,0.8050000071525574,0.41609999537467957
YIL160C,YDL211C,0,-4.7612796,0.1620696634054184,0.8050000071525574,0.41620001196861267
YPL019C,YDR202C,1,-4.761359,0.16223832964897156,0.8059999942779541,0.41620001196861267
YNR044W,YBR239C,0,-4.7618484,0.16220568120479584,0.8059999942779541,0.4162999987602234
YNL263C,YBR257W,0,-4.762141,0.16217303276062012,0.8059999942779541,0.4163999855518341
YDL140C,YAR002W,0,-4.7624817,0.16214041411876678,0.8059999942779541,0.4165000021457672
YPR200C,YKL135C,0,-4.7625294,0.16210781037807465,0.8059999942779541,0.41659998893737793
YDR080W,YBR080C,1,-4.7627845,0.16227629780769348,0.8069999814033508,0.41659998893737793
YDR447C,YGL071W,0,-4.763131,0.16224366426467896,0.8069999814033508,0.41670000553131104
YBR267W,YHR050W,0,-4.7634735,0.16221106052398682,0.8069999814033508,0.41679999232292175
YOR201C,YMR047C,0,-4.763493,0.16217845678329468,0.8069999814033508,0.41690000891685486
YFL053W,YHR087W,0,-4.76353,0.16214586794376373,0.8069999814033508,0.4169999957084656
YLR421C,YKR068C,0,-4.7635345,0.16211329400539398,0.8069999814033508,0.4171000123023987
YPL253C,YIL017C,0,-4.7636786,0.16208073496818542,0.8069999814033508,0.4171999990940094
YDR529C,YDR087C,0,-4.764038,0.16204819083213806,0.8069999814033508,0.4172999858856201
YKL018W,YPL160W,0,-4.764486,0.1620156615972519,0.8069999814033508,0.4174000024795532
YOL012C,YDR063W,0,-4.7645698,0.16198313236236572,0.8069999814033508,0.41749998927116394
YOR226C,YDL119C,0,-4.764592,0.16195063292980194,0.8069999814033508,0.41760000586509705
YPR052C,YNL099C,0,-4.765202,0.16191813349723816,0.8069999814033508,0.41769999265670776
YER038C,YJR060W,0,-4.765216,0.16188566386699677,0.8069999814033508,0.41780000925064087
YDL081C,YJL165C,0,-4.7656226,0.16185319423675537,0.8069999814033508,0.4178999960422516
YPR114W,YPL028W,0,-4.7661057,0.16182073950767517,0.8069999814033508,0.4180000126361847
YNR032W,YLR430W,0,-4.7661686,0.16178828477859497,0.8069999814033508,0.4180999994277954
YDR415C,YPL091W,0,-4.766206,0.16175585985183716,0.8069999814033508,0.41819998621940613
YLR328W,YJL133W,0,-4.766342,0.16172344982624054,0.8069999814033508,0.41830000281333923
YJR058C,YHR176W,0,-4.7664995,0.16169103980064392,0.8069999814033508,0.41839998960494995
YDR490C,YGL079W,0,-4.7669396,0.1616586595773697,0.8069999814033508,0.41850000619888306
YDR280W,YCL001W,0,-4.767062,0.16162627935409546,0.8069999814033508,0.4185999929904938
YBR168W,YLR163C,0,-4.7672844,0.16159391403198242,0.8069999814033508,0.4187000095844269
YOL066C,YCL043C,0,-4.767596,0.16156156361103058,0.8069999814033508,0.4187999963760376
YDL178W,YOL089C,0,-4.7680087,0.16152922809123993,0.8069999814033508,0.4189000129699707
YER174C,YPL275W,0,-4.768217,0.16149689257144928,0.8069999814033508,0.4189999997615814
YDL035C,YNL135C,0,-4.768332,0.16146458685398102,0.8069999814033508,0.41909998655319214
YJL069C,YIL072W,0,-4.7684813,0.16143228113651276,0.8069999814033508,0.41920000314712524
YMR325W,YBL103C,0,-4.7688756,0.16140000522136688,0.8069999814033508,0.41929998993873596
YPR055W,YIL151C,0,-4.769094,0.161367729306221,0.8069999814033508,0.41940000653266907
YML029W,YER132C,0,-4.7691083,0.16133546829223633,0.8069999814033508,0.4194999933242798
YKL187C,YNL138W,0,-4.7691116,0.16130322217941284,0.8069999814033508,0.4196000099182129
YPL076W,YKL108W,0,-4.769202,0.16127097606658936,0.8069999814033508,0.4196999967098236
YLR150W,YPR128C,0,-4.769229,0.16123875975608826,0.8069999814033508,0.4198000133037567
YGR113W,YJR123W,0,-4.769245,0.16120655834674835,0.8069999814033508,0.41990000009536743
YMR177W,YDR351W,0,-4.7692943,0.16117435693740845,0.8069999814033508,0.41999998688697815
YMR148W,YLR119W,0,-4.769373,0.16114217042922974,0.8069999814033508,0.42010000348091125
YHR008C,YGR129W,0,-4.770046,0.16110999882221222,0.8069999814033508,0.420199990272522
YOL114C,YPR108W,0,-4.77063,0.1610778421163559,0.8069999814033508,0.4203000068664551
YPL118W,YJR110W,0,-4.7708964,0.16104570031166077,0.8069999814033508,0.4203999936580658
YGL093W,YDL100C,0,-4.771161,0.16101357340812683,0.8069999814033508,0.4205000102519989
YHR041C,YPR139C,0,-4.77136,0.1609814465045929,0.8069999814033508,0.4205999970436096
YOR142W,YIL041W,0,-4.7715397,0.16094933450222015,0.8069999814033508,0.4207000136375427
YMR304W,YNL138W,0,-4.772003,0.1609172523021698,0.8069999814033508,0.42080000042915344
YER087C-A,YNL215W,0,-4.7723064,0.16088517010211945,0.8069999814033508,0.42089998722076416
YML109W,YEL005C,0,-4.772414,0.16085310280323029,0.8069999814033508,0.42100000381469727
YDR031W,YGL224C,0,-4.7725515,0.16082105040550232,0.8069999814033508,0.421099990606308
YKL173W,YBL090W,0,-4.7728677,0.16078899800777435,0.8069999814033508,0.4212000072002411
YOR182C,YKR035W-A,0,-4.773159,0.16075697541236877,0.8069999814033508,0.4212999939918518
YNL116W,YDL211C,0,-4.773809,0.1607249528169632,0.8069999814033508,0.4214000105857849
YBR012W-A,YNL218W,0,-4.7739167,0.1606929451227188,0.8069999814033508,0.42149999737739563
YFR049W,YKR055W,0,-4.774154,0.16066095232963562,0.8069999814033508,0.42160001397132874
YER035W,YKR071C,0,-4.7744713,0.16062897443771362,0.8069999814033508,0.42170000076293945
YJL085W,YOL109W,0,-4.774538,0.16059701144695282,0.8069999814033508,0.42179998755455017
YGR211W,YNL307C,0,-4.775141,0.1605650633573532,0.8069999814033508,0.4219000041484833
YBL089W,YFR048W,0,-4.7753587,0.1605331152677536,0.8069999814033508,0.421999990940094
YLR075W,YOR004W,0,-4.7766,0.16050119698047638,0.8069999814033508,0.4221000075340271
YDR164C,YJR028W,0,-4.776755,0.16046927869319916,0.8069999814033508,0.4221999943256378
YOL151W,YGL084C,0,-4.7770386,0.16043737530708313,0.8069999814033508,0.4223000109195709
YOR076C,YGL220W,0,-4.777199,0.1604054868221283,0.8069999814033508,0.42239999771118164
YMR113W,YCL032W,0,-4.7772155,0.16037361323833466,0.8069999814033508,0.42250001430511475
YLL023C,YDL059C,0,-4.777299,0.16034173965454102,0.8069999814033508,0.42260000109672546
YKL046C,YKL109W,0,-4.777339,0.16030989587306976,0.8069999814033508,0.4226999878883362
YIL098C,YHL002W,0,-4.777484,0.1602780520915985,0.8069999814033508,0.4228000044822693
YGR250C,YOL124C,0,-4.7775187,0.16024622321128845,0.8069999814033508,0.42289999127388
YOR224C,YNL178W,0,-4.7775307,0.1602144092321396,0.8069999814033508,0.4230000078678131
YOR213C,YJL026W,0,-4.777779,0.16018261015415192,0.8069999814033508,0.42309999465942383
YGL261C,YHR062C,0,-4.7778764,0.16015082597732544,0.8069999814033508,0.42320001125335693
YNL230C,YPL168W,0,-4.77829,0.16011904180049896,0.8069999814033508,0.42329999804496765
YPL083C,YNL290W,0,-4.778591,0.16008728742599487,0.8069999814033508,0.42340001463890076
YAL063C,YPR093C,0,-4.779055,0.16005553305149078,0.8069999814033508,0.4235000014305115
YLR039C,YDR317W,0,-4.7794275,0.1600237935781479,0.8069999814033508,0.4235999882221222
YHR152W,YLR221C,0,-4.779855,0.1599920690059662,0.8069999814033508,0.4237000048160553
YPR180W,YER175C,0,-4.7799406,0.15996035933494568,0.8069999814033508,0.423799991607666
YNL115C,YHR176W,0,-4.780459,0.15992864966392517,0.8069999814033508,0.4239000082015991
YOR377W,YLR204W,0,-4.780941,0.15989696979522705,0.8069999814033508,0.42399999499320984
YDR236C,YMR267W,0,-4.781581,0.15986528992652893,0.8069999814033508,0.42410001158714294
YGR179C,YKR016W,0,-4.7823596,0.159833624958992,0.8069999814033508,0.42419999837875366
YMR115W,YBL099W,0,-4.7825828,0.15980197489261627,0.8069999814033508,0.4242999851703644
YLR143W,YDR245W,0,-4.782955,0.15977033972740173,0.8069999814033508,0.4244000017642975
YDL144C,YGR167W,0,-4.783429,0.1597387194633484,0.8069999814033508,0.4244999885559082
YPR095C,YMR076C,0,-4.7834454,0.15970709919929504,0.8069999814033508,0.4246000051498413
YGL161C,YPL164C,0,-4.784384,0.1596755087375641,0.8069999814033508,0.424699991941452
YDR354W,YER044C,0,-4.784504,0.15964391827583313,0.8069999814033508,0.42480000853538513
YJL190C,YHR001W-A,0,-4.7845283,0.15961234271526337,0.8069999814033508,0.42489999532699585
YJL145W,YBR254C,0,-4.7845473,0.1595807820558548,0.8069999814033508,0.42500001192092896
YDR017C,YDR065W,1,-4.7846365,0.1597469300031662,0.8080000281333923,0.42500001192092896
YGL114W,YER106W,0,-4.785156,0.15971535444259644,0.8080000281333923,0.4250999987125397
YMR312W,YEL038W,0,-4.785164,0.15968379378318787,0.8080000281333923,0.4251999855041504
YML116W,YOL112W,0,-4.7853394,0.1596522480249405,0.8080000281333923,0.4253000020980835
YMR167W,YLR045C,0,-4.7855606,0.15962070226669312,0.8080000281333923,0.4253999888896942
YPL027W,YFL044C,0,-4.7857933,0.15958917140960693,0.8080000281333923,0.4255000054836273
YDR443C,YOR116C,0,-4.78585,0.15955765545368195,0.8080000281333923,0.42559999227523804
YOR283W,YGR204W,0,-4.7868385,0.15952615439891815,0.8080000281333923,0.42570000886917114
YBR166C,YKL161C,0,-4.7869434,0.15949466824531555,0.8080000281333923,0.42579999566078186
YKL078W,YLR209C,0,-4.786957,0.15946319699287415,0.8080000281333923,0.42590001225471497
YOL081W,YER088C,0,-4.7872577,0.15943172574043274,0.8080000281333923,0.4259999990463257
YOR369C,YOL105C,0,-4.787428,0.15940026938915253,0.8080000281333923,0.4260999858379364
YOR336W,YJR100C,0,-4.788834,0.1593688428401947,0.8080000281333923,0.4262000024318695
YLR026C,YKR048C,0,-4.789105,0.15933740139007568,0.8080000281333923,0.4262999892234802
YFR012W,YGL258W,0,-4.789212,0.15930598974227905,0.8080000281333923,0.42640000581741333
YPR181C,YKL198C,0,-4.7892437,0.15927459299564362,0.8080000281333923,0.42649999260902405
YDR522C,YPR131C,0,-4.7896595,0.15924319624900818,0.8080000281333923,0.42660000920295715
YAL025C,YJR137C,0,-4.789839,0.15921182930469513,0.8080000281333923,0.42669999599456787
YBR028C,YJR016C,0,-4.7899647,0.15918046236038208,0.8080000281333923,0.426800012588501
YDR023W,YMR168C,0,-4.790258,0.15914911031723022,0.8080000281333923,0.4268999993801117
YBR289W,YOR349W,0,-4.7904634,0.15911775827407837,0.8080000281333923,0.4269999861717224
YDL178W,YOR180C,0,-4.7904716,0.1590864360332489,0.8080000281333923,0.4271000027656555
YKR051W,YAL054C,0,-4.7905903,0.15905511379241943,0.8080000281333923,0.42719998955726624
YBR240C,YLR144C,0,-4.790716,0.15902382135391235,0.8080000281333923,0.42730000615119934
YDL166C,YNL138W-A,0,-4.7913303,0.15899252891540527,0.8080000281333923,0.42739999294281006
YFR019W,YHR138C,1,-4.791353,0.15915797650814056,0.8090000152587891,0.42739999294281006
YGL220W,YGR212W,0,-4.7914057,0.1591266691684723,0.8090000152587891,0.42750000953674316
YBL051C,YGR053C,0,-4.7914853,0.1590953767299652,0.8090000152587891,0.4275999963283539
YIL034C,YDR066C,0,-4.791675,0.15906409919261932,0.8090000152587891,0.427700012922287
YDR404C,YDL204W,0,-4.7925086,0.15903282165527344,0.8090000152587891,0.4277999997138977
YPL064C,YLL043W,0,-4.7925797,0.15900157392024994,0.8090000152587891,0.4278999865055084
YOR098C,YAL005C,0,-4.7944613,0.15897032618522644,0.8090000152587891,0.42800000309944153
YLR200W,YPR199C,0,-4.7945056,0.15893909335136414,0.8090000152587891,0.42809998989105225
YBR025C,YBL034C,0,-4.7954526,0.15890787541866302,0.8090000152587891,0.42820000648498535
YDR427W,YLR357W,0,-4.7955666,0.1588766723871231,0.8090000152587891,0.42829999327659607
YBR239C,YOR084W,0,-4.7957506,0.1588454693555832,0.8090000152587891,0.4284000098705292
YHR033W,YOR274W,0,-4.7961173,0.15881429612636566,0.8090000152587891,0.4284999966621399
YOL002C,YOR038C,0,-4.7962055,0.15878312289714813,0.8090000152587891,0.428600013256073
YDR183W,YPR133C,0,-4.796364,0.1587519645690918,0.8090000152587891,0.4287000000476837
YOL162W,YIL027C,0,-4.7964773,0.15872082114219666,0.8090000152587891,0.42879998683929443
YFL036W,YMR166C,0,-4.7965775,0.1586896777153015,0.8090000152587891,0.42890000343322754
YLR457C,YNR071C,0,-4.7966413,0.15865856409072876,0.8090000152587891,0.42899999022483826
YMR244C-A,YBR067C,0,-4.7967033,0.158627450466156,0.8090000152587891,0.42910000681877136
YHR028C,YJL117W,0,-4.796707,0.15859635174274445,0.8090000152587891,0.4291999936103821
YLR034C,YHR029C,0,-4.796808,0.15856526792049408,0.8090000152587891,0.4293000102043152
YFL027C,YNR038W,0,-4.796893,0.1585341989994049,0.8090000152587891,0.4293999969959259
YJL189W,YLR239C,0,-4.796978,0.15850313007831573,0.8090000152587891,0.429500013589859
YOL026C,YAR071W,0,-4.7970257,0.15847209095954895,0.8090000152587891,0.4296000003814697
YJL145W,YLR179C,0,-4.7974386,0.15844105184078217,0.8090000152587891,0.42969998717308044
YKL080W,YPL268W,1,-4.7975926,0.15860582888126373,0.8100000023841858,0.42969998717308044
YMR303C,YDL002C,0,-4.798169,0.15857478976249695,0.8100000023841858,0.42980000376701355
YGL207W,YPR027C,0,-4.7987494,0.15854375064373016,0.8100000023841858,0.42989999055862427
YER175C,YEL072W,0,-4.798954,0.15851272642612457,0.8100000023841858,0.4300000071525574
YER127W,YHR109W,0,-4.798961,0.15848170220851898,0.8100000023841858,0.4300999939441681
YPL111W,YJL223C,0,-4.7991447,0.15845070779323578,0.8100000023841858,0.4302000105381012
YOR005C,YDR181C,0,-4.7993383,0.15841971337795258,0.8100000023841858,0.4302999973297119
YDL140C,YHR053C,0,-4.7994184,0.15838873386383057,0.8100000023841858,0.430400013923645
YDR092W,YKR016W,0,-4.7997313,0.15835776925086975,0.8100000023841858,0.43050000071525574
YDR062W,YHR109W,0,-4.7999697,0.15832681953907013,0.8100000023841858,0.43059998750686646
YBR218C,YLR313C,0,-4.799976,0.1582958698272705,0.8100000023841858,0.43070000410079956
YLL036C,YJL219W,0,-4.800239,0.15826494991779327,0.8100000023841858,0.4307999908924103
YLR457C,YFL005W,0,-4.8002796,0.15823403000831604,0.8100000023841858,0.4309000074863434
YKL100C,YPL264C,0,-4.800501,0.158203125,0.8100000023841858,0.4309999942779541
YGL082W,YNR009W,0,-4.8011503,0.15817223489284515,0.8100000023841858,0.4311000108718872
YLR333C,YDR214W,0,-4.801298,0.1581413447856903,0.8100000023841858,0.4311999976634979
YLR307W,YJR044C,0,-4.8025475,0.15811048448085785,0.8100000023841858,0.43130001425743103
YDR398W,YJR026W,0,-4.802597,0.1580796241760254,0.8100000023841858,0.43140000104904175
YAL012W,YML102W,0,-4.8027725,0.15804877877235413,0.8100000023841858,0.43149998784065247
YMR112C,YLR312C,0,-4.80287,0.15801794826984406,0.8100000023841858,0.43160000443458557
YNL272C,YOL147C,0,-4.8030963,0.15798713266849518,0.8100000023841858,0.4316999912261963
YOR158W,YBL014C,0,-4.803099,0.1579563170671463,0.8100000023841858,0.4318000078201294
YDR080W,YGL095C,1,-4.804976,0.15812049806118011,0.8109999895095825,0.4318000078201294
YHR202W,YNL305C,0,-4.805727,0.15808966755867004,0.8109999895095825,0.4318999946117401
YDR089W,YDR520C,0,-4.8061037,0.15805885195732117,0.8109999895095825,0.4320000112056732
YBL091C-A,YEL061C,0,-4.8064594,0.15802806615829468,0.8109999895095825,0.43209999799728394
YDL093W,YBR297W,0,-4.807399,0.157997265458107,0.8109999895095825,0.43220001459121704
YGL166W,YJL134W,0,-4.8074527,0.1579664945602417,0.8109999895095825,0.43230000138282776
YKR020W,YPR147C,0,-4.8074913,0.1579357385635376,0.8109999895095825,0.4323999881744385
YGL256W,YNL259C,0,-4.807539,0.1579049825668335,0.8109999895095825,0.4325000047683716
YIL026C,YMR006C,0,-4.8082027,0.1578742414712906,0.8109999895095825,0.4325999915599823
YGR257C,YNL218W,0,-4.8085065,0.15784351527690887,0.8109999895095825,0.4327000081539154
YDL132W,YAR031W,0,-4.808593,0.15781280398368835,0.8109999895095825,0.4327999949455261
YGR020C,YPL268W,1,-4.808807,0.1579766571521759,0.8119999766349792,0.4327999949455261
YFR003C,YJL133W,0,-4.8088117,0.1579459309577942,0.8119999766349792,0.43290001153945923
YPR121W,YDL237W,0,-4.8093715,0.15791520476341248,0.8119999766349792,0.43299999833106995
YIL143C,YPL110C,0,-4.809392,0.15788450837135315,0.8119999766349792,0.43309998512268066
YPR040W,YIL140W,0,-4.80963,0.15785381197929382,0.8119999766349792,0.43320000171661377
YML018C,YER109C,0,-4.809993,0.1578231304883957,0.8119999766349792,0.4332999885082245
YDL229W,YGL043W,0,-4.810026,0.15779246389865875,0.8119999766349792,0.4334000051021576
YIL075C,YKR017C,0,-4.810582,0.15776179730892181,0.8119999766349792,0.4334999918937683
YFR006W,YHR133C,0,-4.810919,0.15773116052150726,0.8119999766349792,0.4336000084877014
YBL051C,YHR103W,0,-4.8111515,0.1577005237340927,0.8119999766349792,0.43369999527931213
YDR078C,YGR208W,0,-4.811427,0.15766990184783936,0.8119999766349792,0.43380001187324524
YLR305C,YDR065W,1,-4.8115172,0.15783342719078064,0.8130000233650208,0.43380001187324524
YER026C,YBR208C,0,-4.8118205,0.1578027904033661,0.8130000233650208,0.43389999866485596
YML064C,YGR124W,0,-4.8119855,0.15777216851711273,0.8130000233650208,0.4339999854564667
YLR073C,YMR056C,0,-4.8121185,0.15774156153202057,0.8130000233650208,0.4341000020503998
YDL230W,YLR399C,0,-4.8123875,0.1577109545469284,0.8130000233650208,0.4341999888420105
YLR211C,YCL064C,0,-4.812483,0.15768037736415863,0.8130000233650208,0.4343000054359436
YDR223W,YJL094C,0,-4.8126087,0.15764980018138885,0.8130000233650208,0.4343999922275543
YOR390W,YAL063C,0,-4.8126287,0.15761923789978027,0.8130000233650208,0.4345000088214874
YDL049C,YNL209W,0,-4.813449,0.1575886756181717,0.8130000233650208,0.43459999561309814
YMR167W,YOR215C,0,-4.8136787,0.1575581431388855,0.8130000233650208,0.43470001220703125
YDR299W,YNR050C,0,-4.8138723,0.1575276106595993,0.8130000233650208,0.43479999899864197
YKL197C,YMR251W-A,0,-4.8139367,0.1574970930814743,0.8130000233650208,0.4348999857902527
YDL236W,YDR116C,0,-4.8142786,0.1574665904045105,0.8130000233650208,0.4350000023841858
YKR026C,YBR043C,0,-4.8145905,0.15743610262870789,0.8130000233650208,0.4350999891757965
YCR032W,YMR210W,0,-4.8146243,0.15740561485290527,0.8130000233650208,0.4352000057697296
YDR393W,YJR158W,0,-4.815756,0.15737514197826385,0.8130000233650208,0.43529999256134033
YDR437W,YJL185C,0,-4.816234,0.15734468400478363,0.8130000233650208,0.43540000915527344
YGR163W,YOR339C,0,-4.8164396,0.1573142409324646,0.8130000233650208,0.43549999594688416
YLR283W,YLR371W,0,-4.8164845,0.15728381276130676,0.8130000233650208,0.43560001254081726
YHR200W,YDR410C,0,-4.8169374,0.15725338459014893,0.8130000233650208,0.435699999332428
YML029W,YLR091W,0,-4.817374,0.15722297132015228,0.8130000233650208,0.4357999861240387
YNL138W-A,YML038C,0,-4.8174953,0.15719257295131683,0.8130000233650208,0.4359000027179718
YLR265C,YER014C-A,0,-4.8175917,0.15716218948364258,0.8130000233650208,0.4359999895095825
YIR032C,YOR243C,0,-4.8176465,0.15713180601596832,0.8130000233650208,0.4361000061035156
YNL246W,YBL061C,0,-4.817894,0.15710145235061646,0.8130000233650208,0.43619999289512634
YBL082C,YER114C,0,-4.8179674,0.1570710986852646,0.8130000233650208,0.43630000948905945
YGL125W,YDL141W,0,-4.81854,0.1570407599210739,0.8130000233650208,0.43639999628067017
YMR271C,YLR051C,0,-4.8185487,0.15701043605804443,0.8130000233650208,0.43650001287460327
YGR087C,YCL037C,0,-4.8185577,0.15698011219501495,0.8130000233650208,0.436599999666214
YKL126W,YPL271W,0,-4.819052,0.15694980323314667,0.8130000233650208,0.4366999864578247
YBR154C,YGL191W,0,-4.819497,0.15691950917243958,0.8130000233650208,0.4368000030517578
YNL055C,YNL283C,0,-4.8195543,0.15688923001289368,0.8130000233650208,0.43689998984336853
YLL041C,YGL232W,0,-4.8196383,0.15685896575450897,0.8130000233650208,0.43700000643730164
YER061C,YMR290C,0,-4.8199577,0.15682870149612427,0.8130000233650208,0.43709999322891235
YDR488C,YOR351C,0,-4.8199587,0.15679845213890076,0.8130000233650208,0.43720000982284546
YHL047C,YMR139W,0,-4.8200502,0.15676821768283844,0.8130000233650208,0.4372999966144562
YKL212W,YCL075W,0,-4.820182,0.15673799812793732,0.8130000233650208,0.4374000132083893
YDR191W,YOR365C,0,-4.8204274,0.1567077934741974,0.8130000233650208,0.4375
YHR190W,YJL008C,0,-4.8206215,0.15667758882045746,0.8130000233650208,0.4375999867916107
YLR329W,YDR057W,0,-4.820957,0.15664739906787872,0.8130000233650208,0.4377000033855438
YHR033W,YCR030C,0,-4.821598,0.15661722421646118,0.8130000233650208,0.43779999017715454
YHR056C,YGL194C,0,-4.8225517,0.15658706426620483,0.8130000233650208,0.43790000677108765
YLL023C,YBL024W,0,-4.8225613,0.1565569043159485,0.8130000233650208,0.43799999356269836
YHR008C,YBR257W,0,-4.822612,0.15652675926685333,0.8130000233650208,0.43810001015663147
YCL001W,YBR043C,0,-4.82294,0.15649662911891937,0.8130000233650208,0.4381999969482422
YDR520C,YIL067C,0,-4.823275,0.1564665138721466,0.8130000233650208,0.4383000135421753
YJL085W,YBR015C,0,-4.823372,0.15643639862537384,0.8130000233650208,0.438400000333786
YEL013W,YDR202C,1,-4.823921,0.15659868717193604,0.8140000104904175,0.438400000333786
YIL105C,YNL304W,0,-4.824193,0.15656857192516327,0.8140000104904175,0.43849998712539673
YER151C,YEL065W,0,-4.8243895,0.1565384566783905,0.8140000104904175,0.43860000371932983
YFL059W,YGL106W,0,-4.8256817,0.15650835633277893,0.8140000104904175,0.43869999051094055
YLR212C,YFR003C,0,-4.8267727,0.15647827088832855,0.8140000104904175,0.43880000710487366
YOL153C,YGL237C,0,-4.827452,0.15644820034503937,0.8140000104904175,0.4388999938964844
YBL004W,YMR282C,0,-4.8274784,0.15641814470291138,0.8140000104904175,0.4390000104904175
YDR017C,YGL095C,1,-4.8276362,0.15658020973205566,0.8149999976158142,0.4390000104904175
YDR202C,YLR148W,1,-4.827961,0.15674221515655518,0.8159999847412109,0.4390000104904175
YJR060W,YPL052W,0,-4.8284883,0.1567121148109436,0.8159999847412109,0.4390999972820282
YJL180C,YOL043C,0,-4.82935,0.15668202936649323,0.8159999847412109,0.4392000138759613
YLR100W,YDR246W,0,-4.8293715,0.15665194392204285,0.8159999847412109,0.439300000667572
YNL127W,YGR150C,0,-4.8296156,0.15662188827991486,0.8159999847412109,0.43939998745918274
YHR182W,YML101C,0,-4.829738,0.15659181773662567,0.8159999847412109,0.43950000405311584
YLR190W,YNR031C,0,-4.8298297,0.15656177699565887,0.8159999847412109,0.43959999084472656
YPL110C,YDR297W,0,-4.8301544,0.15653175115585327,0.8159999847412109,0.43970000743865967
YJL114W,YKL054C,0,-4.8304405,0.15650172531604767,0.8159999847412109,0.4397999942302704
YDR195W,YCR084C,0,-4.830682,0.15647171437740326,0.8159999847412109,0.4399000108242035
YDR017C,YNL079C,1,-4.8307137,0.1566334366798401,0.8169999718666077,0.4399000108242035
YLR001C,YDR093W,0,-4.830812,0.15660341084003448,0.8169999718666077,0.4399999976158142
YKL058W,YBR208C,0,-4.831132,0.15657339990139008,0.8169999718666077,0.4401000142097473
YNL019C,YGL128C,0,-4.831322,0.15654340386390686,0.8169999718666077,0.44020000100135803
YEL020C,YBR240C,0,-4.831333,0.15651340782642365,0.8169999718666077,0.44029998779296875
YER094C,YBR010W,0,-4.8317347,0.15648342669010162,0.8169999718666077,0.44040000438690186
YBR110W,YIL177C,0,-4.8333464,0.1564534604549408,0.8169999718666077,0.4404999911785126
YGL139W,YEL015W,0,-4.8338146,0.15642350912094116,0.8169999718666077,0.4406000077724457
YIL143C,YIL124W,0,-4.83437,0.15639357268810272,0.8169999718666077,0.4406999945640564
YIL017W,YPR030W,0,-4.834815,0.15636363625526428,0.8169999718666077,0.4408000111579895
YGL027C,YML103C,0,-4.834823,0.15633371472358704,0.8169999718666077,0.4408999979496002
YDL160C,YLR440C,0,-4.835076,0.15630380809307098,0.8169999718666077,0.4410000145435333
YMR087W,YHR065C,0,-4.8353815,0.15627391636371613,0.8169999718666077,0.44110000133514404
YNL243W,YJL020C,0,-4.8354344,0.15624402463436127,0.8169999718666077,0.44119998812675476
YGL029W,YJL128C,0,-4.835991,0.1562141478061676,0.8169999718666077,0.44130000472068787
YML126C,YER163C,0,-4.8360643,0.15618428587913513,0.8169999718666077,0.4413999915122986
YBR278W,YGR187C,0,-4.8366528,0.15615443885326385,0.8169999718666077,0.4415000081062317
YBR084C-A,YGL210W,0,-4.836707,0.15612459182739258,0.8169999718666077,0.4415999948978424
YDR284C,YBL099W,0,-4.8368087,0.1560947597026825,0.8169999718666077,0.4417000114917755
YHR090C,YKL152C,0,-4.8368616,0.1560649424791336,0.8169999718666077,0.44179999828338623
YNL030W,YLR078C,0,-4.83687,0.1560351401567459,0.8169999718666077,0.44190001487731934
YPL275W,YOR056C,0,-4.8374376,0.1560053527355194,0.8169999718666077,0.44200000166893005
YCL037C,YEL077C,0,-4.837728,0.1559755653142929,0.8169999718666077,0.44209998846054077
YMR094W,YGL070C,0,-4.838011,0.1559457927942276,0.8169999718666077,0.4422000050544739
YPL095C,YIL169C,0,-4.838084,0.1559160351753235,0.8169999718666077,0.4422999918460846
YKL155C,YKR096W,0,-4.838526,0.15588627755641937,0.8169999718666077,0.4424000084400177
YER166W,YOR249C,0,-4.839303,0.15585654973983765,0.8169999718666077,0.4424999952316284
YLR023C,YMR279C,0,-4.839521,0.15582682192325592,0.8169999718666077,0.4426000118255615
YDR266C,YNR063W,0,-4.839594,0.1557970941066742,0.8169999718666077,0.44269999861717224
YGR093W,YIR024C,0,-4.8398094,0.15576739609241486,0.8169999718666077,0.44279998540878296
YKL041W,YPR023C,0,-4.840416,0.15573769807815552,0.8169999718666077,0.44290000200271606
YPR192W,YFL031W,0,-4.8405256,0.15570802986621857,0.8169999718666077,0.4429999887943268
YKR044W,YDR090C,0,-4.840787,0.15567834675312042,0.8169999718666077,0.4431000053882599
YEL013W,YER072W,1,-4.841013,0.155839204788208,0.8180000185966492,0.4431000053882599
YCR043C,YBR168W,0,-4.841014,0.15580952167510986,0.8180000185966492,0.4431999921798706
YIL095W,YHL040C,0,-4.841206,0.1557798534631729,0.8180000185966492,0.4433000087738037
YBR017C,YGR149W,0,-4.841326,0.15575018525123596,0.8180000185966492,0.44339999556541443
YLR396C,YDR065W,1,-4.841435,0.1559109091758728,0.8190000057220459,0.44339999556541443
YJR046W,YER041W,0,-4.8423543,0.15588122606277466,0.8190000057220459,0.44350001215934753
YML051W,YIL166C,0,-4.8425865,0.1558515727519989,0.8190000057220459,0.44359999895095825
YML070W,YER184C,0,-4.842597,0.15582191944122314,0.8190000057220459,0.44369998574256897
YDR333C,YMR281W,0,-4.843507,0.15579228103160858,0.8190000057220459,0.4438000023365021
YHR104W,YNL219C,0,-4.843918,0.15576264262199402,0.8190000057220459,0.4438999891281128
YCR018C,YGR207C,0,-4.844374,0.15573303401470184,0.8190000057220459,0.4440000057220459
YBR264C,YJR068W,0,-4.845182,0.15570342540740967,0.8190000057220459,0.4440999925136566
YDR372C,YMR247C,0,-4.8455076,0.1556738317012787,0.8190000057220459,0.4442000091075897
YGR020C,YDR017C,1,-4.845832,0.15583428740501404,0.8199999928474426,0.4442000091075897
YGR049W,YGR150C,0,-4.8460455,0.15580467879772186,0.8199999928474426,0.44429999589920044
YHR060W,YLR305C,1,-4.8461356,0.15596504509449005,0.8209999799728394,0.44429999589920044
YDR493W,YDR317W,0,-4.84649,0.15593542158603668,0.8209999799728394,0.44440001249313354
YGL068W,YDL192W,0,-4.846566,0.1559058129787445,0.8209999799728394,0.44449999928474426
YOR100C,YDR147W,0,-4.8470473,0.15587620437145233,0.8209999799728394,0.444599986076355
YPL214C,YPL015C,0,-4.8474426,0.15584662556648254,0.8209999799728394,0.4447000026702881
YJL163C,YNL316C,0,-4.8475304,0.15581704676151276,0.8209999799728394,0.4447999894618988
YLR204W,YPR115W,0,-4.8483405,0.15578748285770416,0.8209999799728394,0.4449000060558319
YBR058C-A,YGR277C,0,-4.8486447,0.15575791895389557,0.8209999799728394,0.4449999928474426
YPL276W,YFR052W,0,-4.84906,0.15572836995124817,0.8209999799728394,0.44510000944137573
YHR051W,YIL133C,0,-4.8496976,0.15569883584976196,0.8209999799728394,0.44519999623298645
YGR189C,YLR321C,0,-4.850338,0.15566931664943695,0.8209999799728394,0.44530001282691956
YNL136W,YAR044W,0,-4.8505917,0.15563981235027313,0.8209999799728394,0.4453999996185303
YLR341W,YKL156W,0,-4.8509893,0.15561030805110931,0.8209999799728394,0.445499986410141
YGL029W,YDR517W,0,-4.8514357,0.1555808186531067,0.8209999799728394,0.4456000030040741
YHR138C,YBL050W,1,-4.8516245,0.15574081242084503,0.8220000267028809,0.4456000030040741
YHR085W,YKL033W-A,0,-4.8518887,0.1557113081216812,0.8220000267028809,0.4456999897956848
YNL259C,YPR164W,0,-4.8520417,0.1556818187236786,0.8220000267028809,0.4458000063896179
YBL097W,YKL219W,0,-4.852598,0.15565234422683716,0.8220000267028809,0.44589999318122864
YKL114C,YLR001C,0,-4.8526163,0.15562286972999573,0.8220000267028809,0.44600000977516174
YCR024C-A,YDR317W,0,-4.8529167,0.1555934101343155,0.8220000267028809,0.44609999656677246
YIR022W,YNL299W,0,-4.853053,0.15556396543979645,0.8220000267028809,0.44620001316070557
YLR024C,YGR032W,0,-4.8531656,0.1555345356464386,0.8220000267028809,0.4462999999523163
YKR001C,YOR045W,0,-4.853224,0.15550510585308075,0.8220000267028809,0.446399986743927
YFR020W,YLR083C,0,-4.8537993,0.1554756909608841,0.8220000267028809,0.4465000033378601
YDR012W,YER162C,0,-4.8538027,0.15544629096984863,0.8220000267028809,0.4465999901294708
YMR208W,YNR043W,0,-4.853852,0.15541690587997437,0.8220000267028809,0.44670000672340393
YGL027C,YPL015C,0,-4.8539295,0.1553875207901001,0.8220000267028809,0.44679999351501465
YHR001W,YDR303C,0,-4.8541064,0.15535815060138702,0.8220000267028809,0.44690001010894775
YFR024C,YOR354C,0,-4.8542867,0.15532879531383514,0.8220000267028809,0.44699999690055847
YDR118W,YBR084C-A,0,-4.854643,0.15529945492744446,0.8220000267028809,0.4471000134944916
YBR271W,YDR294C,0,-4.855445,0.15527011454105377,0.8220000267028809,0.4472000002861023
YLL023C,YGL100W,0,-4.855531,0.15524078905582428,0.8220000267028809,0.447299987077713
YOR073W,YPR155C,0,-4.855859,0.15521147847175598,0.8220000267028809,0.4474000036716461
YLR158C,YLR203C,0,-4.8558884,0.15518218278884888,0.8220000267028809,0.44749999046325684
YMR044W,YOL038W,0,-4.8565607,0.15515288710594177,0.8220000267028809,0.44760000705718994
YLR221C,YDR511W,0,-4.8569074,0.15512360632419586,0.8220000267028809,0.44769999384880066
YLR329W,YHR050W,0,-4.8569283,0.15509434044361115,0.8220000267028809,0.44780001044273376
YPR137W,YPR171W,0,-4.8569393,0.15506508946418762,0.8220000267028809,0.4478999972343445
YMR216C,YLR046C,0,-4.8571606,0.1550358384847641,0.8220000267028809,0.4480000138282776
YDL144C,YDL190C,0,-4.857485,0.15500660240650177,0.8220000267028809,0.4481000006198883
YER145C,YCR092C,0,-4.8578944,0.15497738122940063,0.8220000267028809,0.448199987411499
YMR227C,YPR191W,0,-4.8580894,0.1549481600522995,0.8220000267028809,0.44830000400543213
YFL051C,YER056C,0,-4.8582563,0.15491895377635956,0.8220000267028809,0.44839999079704285
YHR113W,YIR019C,0,-4.858465,0.1548897624015808,0.8220000267028809,0.44850000739097595
YHR004C,YER102W,0,-4.858514,0.15486058592796326,0.8220000267028809,0.44859999418258667
YNL007C,YIL144W,0,-4.858941,0.1548314243555069,0.8220000267028809,0.4487000107765198
YDR089W,YLR046C,0,-4.8593726,0.15480226278305054,0.8220000267028809,0.4487999975681305
YMR286W,YEL054C,0,-4.859803,0.15477311611175537,0.8220000267028809,0.4489000141620636
YDL227C,YGL207W,0,-4.8600802,0.1547439694404602,0.8220000267028809,0.4490000009536743
YOL011W,YEL034W,0,-4.8601003,0.15471485257148743,0.8220000267028809,0.44909998774528503
YPL050C,YPR149W,0,-4.8602414,0.15468573570251465,0.8220000267028809,0.44920000433921814
YML056C,YGL210W-A,0,-4.860425,0.15465663373470306,0.8220000267028809,0.44929999113082886
YCL073C,YKL129C,0,-4.8605185,0.15462754666805267,0.8220000267028809,0.44940000772476196
YBL005W-B,YLR286C,0,-4.860901,0.15459845960140228,0.8220000267028809,0.4494999945163727
YPL081W,YOR080W,0,-4.860924,0.15456938743591309,0.8220000267028809,0.4496000111103058
YOR123C,YJL005W,0,-4.8609786,0.15454033017158508,0.8220000267028809,0.4496999979019165
YNL037C,YOR368W,0,-4.8612804,0.15451127290725708,0.8220000267028809,0.4498000144958496
YGL027C,YDR155C,0,-4.861575,0.15448224544525146,0.8220000267028809,0.4499000012874603
YDR147W,YHR123W,0,-4.861862,0.15445321798324585,0.8220000267028809,0.44999998807907104
YNL314W,YBR273C,0,-4.8625126,0.15442419052124023,0.8220000267028809,0.45010000467300415
YDR287W,YIL063C,0,-4.86281,0.154395192861557,0.8220000267028809,0.45019999146461487
YOL128C,YML039W,0,-4.863015,0.15436619520187378,0.8220000267028809,0.450300008058548
YLR301W,YDR414C,0,-4.864213,0.15433721244335175,0.8220000267028809,0.4503999948501587
YDR089W,YHR109W,0,-4.864411,0.1543082445859909,0.8220000267028809,0.4505000114440918
YER011W,YKL057C,0,-4.864557,0.15427927672863007,0.8220000267028809,0.4505999982357025
YDR295C,YJL129C,0,-4.8647113,0.15425032377243042,0.8220000267028809,0.4507000148296356
YER046W,YMR200W,0,-4.864757,0.15422138571739197,0.8220000267028809,0.45080000162124634
YHR178W,YHL031C,0,-4.8647766,0.1541924625635147,0.8220000267028809,0.45089998841285706
YGR199W,YPR038W,0,-4.8648524,0.15416353940963745,0.8220000267028809,0.45100000500679016
YKL003C,YBL088C,0,-4.8653445,0.1541346311569214,0.8220000267028809,0.4510999917984009
YDL002C,YFL031W,0,-4.8656945,0.15410573780536652,0.8220000267028809,0.451200008392334
YOR304W,YHR051W,0,-4.8664207,0.15407684445381165,0.8220000267028809,0.4512999951839447
YFR053C,YDR115W,0,-4.8668423,0.15404798090457916,0.8220000267028809,0.4514000117778778
YHR017W,YOR057W,0,-4.867378,0.15401911735534668,0.8220000267028809,0.4514999985694885
YPR041W,YAL010C,0,-4.867586,0.1539902538061142,0.8220000267028809,0.45159998536109924
YBR121C,YNR071C,0,-4.8683243,0.1539614200592041,0.8220000267028809,0.45170000195503235
YJR119C,YOL120C,0,-4.8686504,0.153932586312294,0.8220000267028809,0.45179998874664307
YJL163C,YAL025C,0,-4.869099,0.1539037674665451,0.8220000267028809,0.45190000534057617
YJR033C,YMR197C,1,-4.870135,0.1540621519088745,0.8230000138282776,0.45190000534057617
YBR111W-A,YHR196W,0,-4.87014,0.15403331816196442,0.8230000138282776,0.4519999921321869
YOR006C,YKL170W,0,-4.8704576,0.15400448441505432,0.8230000138282776,0.45210000872612
YOL139C,YDR392W,0,-4.870611,0.1539756804704666,0.8230000138282776,0.4521999955177307
YKL056C,YKL077W,0,-4.870618,0.1539468765258789,0.8230000138282776,0.4523000121116638
YDL048C,YGL079W,0,-4.870837,0.1539180874824524,0.8230000138282776,0.45239999890327454
YBR142W,YML039W,0,-4.87153,0.15388929843902588,0.8230000138282776,0.45249998569488525
YIL064W,YHR181W,0,-4.871903,0.15386053919792175,0.8230000138282776,0.45260000228881836
YBL056W,YGR121C,0,-4.872405,0.15383177995681763,0.8230000138282776,0.4526999890804291
YDL140C,YBR098W,0,-4.872545,0.1538030207157135,0.8230000138282776,0.4528000056743622
YBL089W,YDR108W,0,-4.872733,0.15377429127693176,0.8230000138282776,0.4528999924659729
YAL062W,YHR097C,0,-4.8728743,0.15374556183815002,0.8230000138282776,0.453000009059906
YNL292W,YOR071C,0,-4.8728848,0.15371684730052948,0.8230000138282776,0.4530999958515167
YPL276W,YNL279W,0,-4.873002,0.15368814766407013,0.8230000138282776,0.45320001244544983
YOR063W,YPL193W,0,-4.873028,0.15365944802761078,0.8230000138282776,0.45329999923706055
YHL042W,YMR088C,0,-4.8735075,0.15363076329231262,0.8230000138282776,0.45339998602867126
YBR008C,YLR390W,0,-4.874406,0.15360209345817566,0.8230000138282776,0.45350000262260437
YER174C,YBR062C,0,-4.874462,0.1535734236240387,0.8230000138282776,0.4535999894142151
YOL073C,YBR253W,0,-4.8744726,0.15354476869106293,0.8230000138282776,0.4537000060081482
YBR037C,YAL034W-A,0,-4.874825,0.15351612865924835,0.8230000138282776,0.4537999927997589
YBL005W-B,YFR033C,0,-4.8750134,0.15348750352859497,0.8230000138282776,0.453900009393692
YDL108W,YMR203W,0,-4.8753614,0.1534588783979416,0.8230000138282776,0.45399999618530273
YOR161C,YDR519W,0,-4.8755155,0.1534302830696106,0.8230000138282776,0.45410001277923584
YDR243C,YER100W,0,-4.875521,0.1534016728401184,0.8230000138282776,0.45419999957084656
YOR229W,YKL053C-A,0,-4.8756227,0.1533730924129486,0.8230000138282776,0.4542999863624573
YBR125C,YHR156C,0,-4.8756304,0.1533445119857788,0.8230000138282776,0.4544000029563904
YBL061C,YDL046W,0,-4.875651,0.1533159464597702,0.8230000138282776,0.4544999897480011
YOL153C,YKR098C,0,-4.876128,0.1532873958349228,0.8230000138282776,0.4546000063419342
YNR066C,YER163C,0,-4.8762164,0.15325884521007538,0.8230000138282776,0.4546999931335449
YNL068C,YFL048C,0,-4.876291,0.15323030948638916,0.8230000138282776,0.454800009727478
YER156C,YLR289W,0,-4.876377,0.15320178866386414,0.8230000138282776,0.45489999651908875
YBL005W-B,YDL212W,0,-4.8765554,0.1531732678413391,0.8230000138282776,0.45500001311302185
YLR277C,YNR071C,0,-4.8765683,0.15314477682113647,0.8230000138282776,0.45509999990463257
YIL016W,YER019W,0,-4.876957,0.15311628580093384,0.8230000138282776,0.4551999866962433
YHR062C,YLL054C,0,-4.8770604,0.1530877947807312,0.8230000138282776,0.4553000032901764
YPL111W,YPL218W,0,-4.8774195,0.15305933356285095,0.8230000138282776,0.4553999900817871
YNL230C,YFL035C-B,0,-4.877674,0.1530308723449707,0.8230000138282776,0.4555000066757202
YHL044W,YGR149W,0,-4.878959,0.15300241112709045,0.8230000138282776,0.45559999346733093
YBR088C,YLR357W,0,-4.8792486,0.1529739797115326,0.8230000138282776,0.45570001006126404
YML100W,YOL072W,0,-4.879491,0.15294554829597473,0.8230000138282776,0.45579999685287476
YER025W,YGL204C,0,-4.8799534,0.15291713178157806,0.8230000138282776,0.45590001344680786
YNL148C,YFR051C,0,-4.880086,0.1528887301683426,0.8230000138282776,0.4560000002384186
YNR023W,YKL056C,0,-4.8811364,0.15286032855510712,0.8230000138282776,0.4560999870300293
YMR027W,YDR303C,0,-4.8815875,0.15283194184303284,0.8230000138282776,0.4562000036239624
YDR333C,YOR061W,0,-4.8816595,0.15280357003211975,0.8230000138282776,0.4562999904155731
YAL063C,YIL038C,0,-4.8816752,0.15277519822120667,0.8230000138282776,0.4564000070095062
YBR150C,YGL148W,0,-4.8821483,0.15274684131145477,0.8230000138282776,0.45649999380111694
YGR214W,YHR105W,0,-4.882225,0.15271849930286407,0.8230000138282776,0.45660001039505005
YOL012C,YBL084C,0,-4.8825045,0.15269017219543457,0.8230000138282776,0.45669999718666077
YPL066W,YDL070W,0,-4.882693,0.15266184508800507,0.8230000138282776,0.45680001378059387
YNL015W,YBL050W,1,-4.8828726,0.15281899273395538,0.8240000009536743,0.45680001378059387
YDR023W,YDR510W,0,-4.883144,0.15279065072536469,0.8240000009536743,0.4569000005722046
YDR503C,YBL024W,0,-4.8833494,0.15276232361793518,0.8240000009536743,0.4569999873638153
YER087C-A,YPR163C,0,-4.8837075,0.15273401141166687,0.8240000009536743,0.4571000039577484
YHR060W,YHR138C,1,-4.884359,0.15289102494716644,0.824999988079071,0.4571000039577484
YGL029W,YDL190C,0,-4.884392,0.15286269783973694,0.824999988079071,0.45719999074935913
YFR040W,YJL163C,0,-4.8844976,0.15283438563346863,0.824999988079071,0.45730000734329224
YER158C,YLR204W,0,-4.885016,0.15280607342720032,0.824999988079071,0.45739999413490295
YGL094C,YML118W,0,-4.885155,0.1527777761220932,0.824999988079071,0.45750001072883606
YKL025C,YNL290W,0,-4.8866076,0.15274949371814728,0.824999988079071,0.4575999975204468
YNR015W,YLR233C,0,-4.886828,0.15272121131420135,0.824999988079071,0.4577000141143799
YJR160C,YPL048W,0,-4.887724,0.15269294381141663,0.824999988079071,0.4578000009059906
YHR077C,YDR221W,0,-4.8881083,0.1526646912097931,0.824999988079071,0.4578999876976013
YBR271W,YML026C,0,-4.888732,0.15263645350933075,0.824999988079071,0.4580000042915344
YIL090W,YNL178W,0,-4.888738,0.1526082158088684,0.824999988079071,0.45809999108314514
YCR095C,YPR194C,0,-4.8888597,0.15257999300956726,0.824999988079071,0.45820000767707825
YPL221W,YER107C,0,-4.889015,0.1525517702102661,0.824999988079071,0.45829999446868896
YNL015W,YBR080C,1,-4.890025,0.15270845592021942,0.8259999752044678,0.45829999446868896
YIL021W,YOR198C,0,-4.890272,0.15268021821975708,0.8259999752044678,0.45840001106262207
YHR162W,YPL231W,0,-4.891034,0.15265201032161713,0.8259999752044678,0.4584999978542328
YPR124W,YJL143W,0,-4.891495,0.15262380242347717,0.8259999752044678,0.4586000144481659
YHR109W,YGR224W,0,-4.8915777,0.1525956094264984,0.8259999752044678,0.4587000012397766
YCR059C,YPR104C,0,-4.8916945,0.15256741642951965,0.8259999752044678,0.45879998803138733
YBR083W,YIL087C,0,-4.8921165,0.1525392383337021,0.8259999752044678,0.45890000462532043
YMR311C,YBL066C,0,-4.8924284,0.15251107513904572,0.8259999752044678,0.45899999141693115
YLR220W,YIL064W,0,-4.8925543,0.15248292684555054,0.8259999752044678,0.45910000801086426
YOL093W,YNL131W,0,-4.893456,0.15245477855205536,0.8259999752044678,0.459199994802475
YGR121C,YPR088C,0,-4.893877,0.15242664515972137,0.8259999752044678,0.4593000113964081
YGR016W,YOR339C,0,-4.893977,0.15239852666854858,0.8259999752044678,0.4593999981880188
YGL233W,YJR094C,0,-4.8939934,0.1523704081773758,0.8259999752044678,0.4595000147819519
YPL113C,YJL053W,0,-4.894106,0.1523423045873642,0.8259999752044678,0.4596000015735626
YDR074W,YHR123W,0,-4.894371,0.1523142158985138,0.8259999752044678,0.45969998836517334
YDR208W,YIL027C,0,-4.8945255,0.15228614211082458,0.8259999752044678,0.45980000495910645
YJR139C,YGL205W,0,-4.8949556,0.15225806832313538,0.8259999752044678,0.45989999175071716
YLR022C,YKL129C,0,-4.8951435,0.15223000943660736,0.8259999752044678,0.46000000834465027
YJR014W,YGL174W,0,-4.895239,0.15220195055007935,0.8259999752044678,0.460099995136261
YML130C,YDL212W,0,-4.8952675,0.15217390656471252,0.8259999752044678,0.4602000117301941
YPL190C,YPR003C,0,-4.8956246,0.1521458774805069,0.8259999752044678,0.4602999985218048
YJL073W,YMR279C,0,-4.89581,0.15211786329746246,0.8259999752044678,0.4603999853134155
YER060W,YFL040W,0,-4.896143,0.15208984911441803,0.8259999752044678,0.46050000190734863
YDL051W,YGR150C,0,-4.8962126,0.1520618498325348,0.8259999752044678,0.46059998869895935
YKL049C,YNL215W,0,-4.896703,0.15203386545181274,0.8259999752044678,0.46070000529289246
YNL152W,YDR115W,0,-4.8974257,0.1520058959722519,0.8259999752044678,0.4607999920845032
YPL116W,YIL145C,0,-4.8975344,0.15197792649269104,0.8259999752044678,0.4609000086784363
YMR274C,YJL115W,0,-4.8977613,0.1519499570131302,0.8259999752044678,0.460999995470047
YHR024C,YNL295W,0,-4.898036,0.15192201733589172,0.8259999752044678,0.4611000120639801
YJR026W,YLR051C,0,-4.8984337,0.15189407765865326,0.8259999752044678,0.4611999988555908
YCR023C,YPR042C,0,-4.898588,0.151866152882576,0.8259999752044678,0.46129998564720154
YPL184C,YGR043C,0,-4.89912,0.15183822810649872,0.8259999752044678,0.46140000224113464
YMR092C,YJL162C,0,-4.8991413,0.15181033313274384,0.8259999752044678,0.46149998903274536
YKL184W,YPL113C,0,-4.899348,0.15178243815898895,0.8259999752044678,0.46160000562667847
YIL144W,YDR450W,0,-4.899818,0.15175454318523407,0.8259999752044678,0.4616999924182892
YBR061C,YER021W,0,-4.899963,0.15172667801380157,0.8259999752044678,0.4618000090122223
YLR329W,YLR110C,0,-4.900188,0.15169881284236908,0.8259999752044678,0.461899995803833
YFL066C,YLR357W,0,-4.9005117,0.15167094767093658,0.8259999752044678,0.4620000123977661
YOR132W,YBR253W,0,-4.900831,0.15164311230182648,0.8259999752044678,0.46209999918937683
YMR112C,YDL042C,0,-4.901371,0.15161527693271637,0.8259999752044678,0.46219998598098755
YLL056C,YOR043W,0,-4.9019747,0.15158744156360626,0.8259999752044678,0.46230000257492065
YGR054W,YGR080W,0,-4.9026337,0.15155963599681854,0.8259999752044678,0.46239998936653137
YLR297W,YKR076W,0,-4.902673,0.15153183043003082,0.8259999752044678,0.4625000059604645
YOR230W,YGR048W,0,-4.9028854,0.1515040397644043,0.8259999752044678,0.4625999927520752
YHR193C,YBL058W,0,-4.904008,0.15147624909877777,0.8259999752044678,0.4627000093460083
YLR370C,YER065C,0,-4.9041433,0.15144847333431244,0.8259999752044678,0.462799996137619
YPL242C,YMR204C,0,-4.904159,0.1514207124710083,0.8259999752044678,0.4629000127315521
YCL066W,YPL096C-A,0,-4.904993,0.15139296650886536,0.8259999752044678,0.46299999952316284
YCR100C,YIL148W,0,-4.9051905,0.1513652205467224,0.8259999752044678,0.46309998631477356
YPR003C,YBR095C,0,-4.9052696,0.15133748948574066,0.8259999752044678,0.46320000290870667
YKL105C,YNL138W,0,-4.90572,0.1513097584247589,0.8259999752044678,0.4632999897003174
YLR333C,YGL245W,0,-4.905751,0.15128205716609955,0.8259999752044678,0.4634000062942505
YIR030C,YBR223C,0,-4.905848,0.15125435590744019,0.8259999752044678,0.4634999930858612
YNL030W,YDR400W,0,-4.90638,0.15122665464878082,0.8259999752044678,0.4636000096797943
YHR146W,YBR017C,0,-4.9066854,0.15119896829128265,0.8259999752044678,0.46369999647140503
YGR175C,YJL005W,0,-4.906727,0.15117129683494568,0.8259999752044678,0.46380001306533813
YDL056W,YDR170C,0,-4.907035,0.1511436402797699,0.8259999752044678,0.46389999985694885
YDR304C,YLR278C,0,-4.9071407,0.15111598372459412,0.8259999752044678,0.46399998664855957
YNL326C,YDR202C,1,-4.9074435,0.1512712687253952,0.8270000219345093,0.46399998664855957
YER111C,YOR096W,0,-4.9079175,0.15124359726905823,0.8270000219345093,0.4641000032424927
YJL156C,YKR035W-A,0,-4.908051,0.15121594071388245,0.8270000219345093,0.4641999900341034
YDL222C,YNR008W,0,-4.9085255,0.15118829905986786,0.8270000219345093,0.4643000066280365
YAR066W,YOR369C,0,-4.9091187,0.15116067230701447,0.8270000219345093,0.4643999934196472
YDR080W,YDR065W,1,-4.9096017,0.15131579339504242,0.828000009059906,0.4643999934196472
YDR443C,YOR065W,0,-4.909894,0.15128813683986664,0.828000009059906,0.4645000100135803
YDL134C,YNL127W,0,-4.9100447,0.15126051008701324,0.828000009059906,0.46459999680519104
YNL243W,YMR123W,0,-4.9109564,0.15123288333415985,0.828000009059906,0.46470001339912415
YBL013W,YDL206W,0,-4.911381,0.15120525658130646,0.828000009059906,0.46480000019073486
YLR173W,YER123W,0,-4.9121675,0.15117764472961426,0.828000009059906,0.4648999869823456
YDL180W,YHR030C,0,-4.9121675,0.15115004777908325,0.828000009059906,0.4650000035762787
YDR212W,YHR082C,0,-4.9123664,0.15112246572971344,0.828000009059906,0.4650999903678894
YOR089C,YJR093C,0,-4.912503,0.15109488368034363,0.828000009059906,0.4652000069618225
YBL091C-A,YDR267C,0,-4.9128814,0.151067316532135,0.828000009059906,0.4652999937534332
YIL065C,YLR347C,0,-4.912936,0.15103976428508759,0.828000009059906,0.46540001034736633
YMR228W,YJL053W,0,-4.9130535,0.15101222693920135,0.828000009059906,0.46549999713897705
YOR344C,YNL023C,0,-4.913196,0.15098468959331512,0.828000009059906,0.46560001373291016
YDR016C,YPR010C,0,-4.9133124,0.1509571522474289,0.828000009059906,0.4657000005245209
YLL041C,YNL262W,0,-4.9133596,0.15092964470386505,0.828000009059906,0.4657999873161316
YJL030W,YBL093C,0,-4.91359,0.1509021371603012,0.828000009059906,0.4659000039100647
YPL282C,YPL153C,0,-4.913702,0.15087462961673737,0.828000009059906,0.4659999907016754
YBL107C,YEL016C,0,-4.913821,0.1508471518754959,0.828000009059906,0.4661000072956085
YLR449W,YOR374W,0,-4.914624,0.15081967413425446,0.828000009059906,0.46619999408721924
YKL203C,YPL059W,0,-4.91477,0.1507922112941742,0.828000009059906,0.46630001068115234
YNL100W,YBR266C,0,-4.91486,0.15076474845409393,0.828000009059906,0.46639999747276306
YGR180C,YCL011C,0,-4.9149776,0.15073730051517487,0.828000009059906,0.46650001406669617
YDR235W,YLR425W,0,-4.9150686,0.150709867477417,0.828000009059906,0.4666000008583069
YML007W,YDR252W,0,-4.9153075,0.15068243443965912,0.828000009059906,0.4666999876499176
YPR066W,YGR112W,0,-4.915826,0.15065501630306244,0.828000009059906,0.4668000042438507
YNL167C,YDL100C,0,-4.9159718,0.15062761306762695,0.828000009059906,0.4668999910354614
YDR432W,YCL016C,0,-4.916093,0.15060022473335266,0.828000009059906,0.46700000762939453
YNL223W,YJL131C,0,-4.9161205,0.15057283639907837,0.828000009059906,0.46709999442100525
YPR113W,YHR123W,0,-4.9162335,0.15054544806480408,0.828000009059906,0.46720001101493835
YER044C-A,YPL066W,0,-4.9162397,0.15051808953285217,0.828000009059906,0.4672999978065491
YIL087C,YGR150C,0,-4.9163895,0.15049073100090027,0.828000009059906,0.4674000144004822
YMR113W,YER032W,0,-4.9167175,0.15046338737010956,0.828000009059906,0.4675000011920929
YEL072W,YCR042C,0,-4.917059,0.15043604373931885,0.828000009059906,0.4675999879837036
YNL215W,YER027C,0,-4.9178705,0.15040871500968933,0.828000009059906,0.4677000045776367
YOR350C,YHR211W,0,-4.9181423,0.150381401181221,0.828000009059906,0.46779999136924744
YNL222W,YEL012W,0,-4.9184284,0.15035408735275269,0.828000009059906,0.46790000796318054
YFL017C,YHR113W,0,-4.9184804,0.15032680332660675,0.828000009059906,0.46799999475479126
YPL268W,YLR240W,1,-4.9189506,0.15048103034496307,0.8289999961853027,0.46799999475479126
YDR495C,YOR326W,1,-4.9190907,0.15063521265983582,0.8299999833106995,0.46799999475479126
YIR028W,YHR072W,0,-4.919382,0.1506078690290451,0.8299999833106995,0.46810001134872437
YDR495C,YLR148W,1,-4.919812,0.15076197683811188,0.8309999704360962,0.46810001134872437
YNL059C,YMR247C,0,-4.9201193,0.15073463320732117,0.8309999704360962,0.4681999981403351
YPL084W,YER058W,0,-4.9208503,0.15070728957653046,0.8309999704360962,0.4683000147342682
YDR210W,YLR051C,0,-4.9208884,0.15067996084690094,0.8309999704360962,0.4684000015258789
YDR012W,YML050W,0,-4.921356,0.15065264701843262,0.8309999704360962,0.4684999883174896
YOR386W,YKL053C-A,0,-4.921456,0.1506253331899643,0.8309999704360962,0.46860000491142273
YPL196W,YIL069C,0,-4.9219112,0.15059804916381836,0.8309999704360962,0.46869999170303345
YDR506C,YDR227W,0,-4.9220057,0.15057075023651123,0.8309999704360962,0.46880000829696655
YGL044C,YCL067C,0,-4.9220963,0.1505434811115265,0.8309999704360962,0.46889999508857727
YOL012C,YOR130C,0,-4.9221873,0.15051621198654175,0.8309999704360962,0.4690000116825104
YBR046C,YLR321C,0,-4.9223013,0.1504889577627182,0.8309999704360962,0.4690999984741211
YBR035C,YPL266W,0,-4.922382,0.15046170353889465,0.8309999704360962,0.4691999852657318
YLL036C,YCR063W,0,-4.9224977,0.1504344642162323,0.8309999704360962,0.4693000018596649
YFL037W,YLR222C,0,-4.922661,0.15040723979473114,0.8309999704360962,0.46939998865127563
YHR138C,YDR065W,1,-4.9233813,0.15056098997592926,0.8320000171661377,0.46939998865127563
YCL008C,YHL044W,0,-4.9235334,0.1505337506532669,0.8320000171661377,0.46950000524520874
YFR019W,YJR033C,1,-4.9237604,0.15068741142749786,0.8330000042915344,0.46950000524520874
YDR011W,YBL037W,0,-4.92478,0.15066015720367432,0.8330000042915344,0.46959999203681946
YAL002W,YLR001C,0,-4.925505,0.15063291788101196,0.8330000042915344,0.46970000863075256
YPL056C,YBR119W,0,-4.925757,0.1506056785583496,0.8330000042915344,0.4697999954223633
YFR037C,YOR149C,0,-4.9257765,0.15057845413684845,0.8330000042915344,0.4699000120162964
YKL119C,YDR017C,1,-4.925973,0.15073196589946747,0.8339999914169312,0.4699000120162964
YDR065W,YKR007W,1,-4.9265933,0.1508854329586029,0.8349999785423279,0.4699000120162964
YNL148C,YPR038W,0,-4.926668,0.15085817873477936,0.8349999785423279,0.4699999988079071
YML059C,YOL130W,0,-4.927175,0.1508309245109558,0.8349999785423279,0.4700999855995178
YOR354C,YAL041W,0,-4.9272146,0.15080368518829346,0.8349999785423279,0.4702000021934509
YER184C,YGR218W,0,-4.927345,0.1507764607667923,0.8349999785423279,0.47029998898506165
YJR123W,YDL124W,0,-4.927514,0.15074923634529114,0.8349999785423279,0.47040000557899475
YLR268W,YKR051W,0,-4.927599,0.15072202682495117,0.8349999785423279,0.47049999237060547
YMR096W,YMR238W,0,-4.928376,0.1506948173046112,0.8349999785423279,0.4706000089645386
YDR334W,YDR105C,0,-4.9285254,0.15066762268543243,0.8349999785423279,0.4706999957561493
YDR457W,YOR028C,0,-4.9285955,0.15064044296741486,0.8349999785423279,0.4708000123500824
YDR017C,YFR019W,1,-4.9287014,0.15079365670681,0.8360000252723694,0.4708000123500824
YBR107C,YNL197C,0,-4.9289207,0.15076646208763123,0.8360000252723694,0.4708999991416931
YBR013C,YPR131C,0,-4.92894,0.15073926746845245,0.8360000252723694,0.47099998593330383
YKL173W,YNL019C,0,-4.9291344,0.15071210265159607,0.8360000252723694,0.47110000252723694
YKL047W,YJR094C,0,-4.9293985,0.15068493783473969,0.8360000252723694,0.47119998931884766
YBR163W,YFL034C-B,0,-4.9298754,0.1506577730178833,0.8360000252723694,0.47130000591278076
YGR122W,YMR024W,0,-4.9299054,0.1506306380033493,0.8360000252723694,0.4713999927043915
YFL018W-A,YML097C,0,-4.929988,0.1506034880876541,0.8360000252723694,0.4715000092983246
YLR037C,YCL047C,0,-4.930215,0.1505763679742813,0.8360000252723694,0.4715999960899353
YOR222W,YOL047C,0,-4.9303107,0.1505492478609085,0.8360000252723694,0.4717000126838684
YLL057C,YGR246C,0,-4.9303246,0.1505221426486969,0.8360000252723694,0.4717999994754791
YER071C,YMR056C,0,-4.930357,0.15049505233764648,0.8360000252723694,0.47189998626708984
YGR209C,YHR174W,1,-4.9306,0.15064795315265656,0.8370000123977661,0.47189998626708984
YMR053C,YLR367W,0,-4.9310465,0.15062083303928375,0.8370000123977661,0.47200000286102295
YHR010W,YNL055C,0,-4.931179,0.15059374272823334,0.8370000123977661,0.47209998965263367
YLR191W,YHL004W,0,-4.931407,0.15056665241718292,0.8370000123977661,0.4722000062465668
YPL265W,YDL156W,0,-4.9315395,0.1505395621061325,0.8370000123977661,0.4722999930381775
YJR158W,YBL076C,0,-4.9315968,0.15051250159740448,0.8370000123977661,0.4724000096321106
YGL252C,YNR002C,0,-4.9317145,0.15048544108867645,0.8370000123977661,0.4724999964237213
YDR173C,YGR131W,0,-4.93191,0.15045838057994843,0.8370000123977661,0.4726000130176544
YER139C,YKL179C,0,-4.932293,0.15043134987354279,0.8370000123977661,0.47269999980926514
YAL012W,YMR050C,0,-4.9339166,0.15040431916713715,0.8370000123977661,0.47279998660087585
YLR141W,YER109C,0,-4.934222,0.1503772884607315,0.8370000123977661,0.47290000319480896
YDR539W,YOR213C,0,-4.93425,0.15035027265548706,0.8370000123977661,0.4729999899864197
YNL100W,YGL139W,0,-4.9342766,0.1503232717514038,0.8370000123977661,0.4731000065803528
YLR445W,YKL039W,0,-4.934341,0.15029628574848175,0.8370000123977661,0.4731999933719635
YPL083C,YKL135C,0,-4.934349,0.1502692997455597,0.8370000123977661,0.4733000099658966
YLR329W,YDL019C,0,-4.934526,0.15024232864379883,0.8370000123977661,0.4733999967575073
YDR243C,YCR045C,0,-4.9349346,0.15021535754203796,0.8370000123977661,0.47350001335144043
YNL157W,YMR189W,0,-4.935712,0.1501884013414383,0.8370000123977661,0.47360000014305115
YHR065C,YGR244C,0,-4.9358253,0.15016146004199982,0.8370000123977661,0.47369998693466187
YBL092W,YKL162C,0,-4.93597,0.15013453364372253,0.8370000123977661,0.47380000352859497
YGR133W,YGL231C,0,-4.936245,0.15010760724544525,0.8370000123977661,0.4738999903202057
YJL030W,YDR040C,0,-4.936346,0.15008069574832916,0.8370000123977661,0.4740000069141388
YDR322W,YGR233C,0,-4.9366,0.15005378425121307,0.8370000123977661,0.4740999937057495
YMR002W,YGL210W-A,0,-4.9366007,0.15002688765525818,0.8370000123977661,0.4742000102996826
YIL101C,YDR172W,0,-4.9368997,0.15000000596046448,0.8370000123977661,0.47429999709129333
YNR055C,YHL002W,0,-4.9370093,0.14997312426567078,0.8370000123977661,0.47440001368522644
YER089C,YNL002C,0,-4.937077,0.14994625747203827,0.8370000123977661,0.47450000047683716
YNL027W,YIR031C,0,-4.937504,0.14991940557956696,0.8370000123977661,0.4745999872684479
YJR007W,YPL099C,0,-4.938083,0.14989255368709564,0.8370000123977661,0.474700003862381
YAL055W,YDR254W,0,-4.9382534,0.14986571669578552,0.8370000123977661,0.4747999906539917
YPL007C,YNL133C,0,-4.9382834,0.1498388797044754,0.8370000123977661,0.4749000072479248
YMR312W,YKR067W,0,-4.9386625,0.14981205761432648,0.8370000123977661,0.4749999940395355
YJL190C,YIL041W,0,-4.93913,0.14978525042533875,0.8370000123977661,0.47510001063346863
YDL227C,YLR164W,0,-4.9394865,0.1497584581375122,0.8370000123977661,0.47519999742507935
YHR146W,YLR371W,0,-4.939558,0.14973166584968567,0.8370000123977661,0.47530001401901245
YGL019W,YBL046W,0,-4.939728,0.14970488846302032,0.8370000123977661,0.47540000081062317
YFR037C,YKL045W,0,-4.940506,0.14967811107635498,0.8370000123977661,0.4754999876022339
YPR103W,YLR408C,0,-4.9406233,0.14965134859085083,0.8370000123977661,0.475600004196167
YMR148W,YMR229C,0,-4.940648,0.14962460100650787,0.8370000123977661,0.4756999909877777
YJL046W,YOR017W,0,-4.941085,0.14959785342216492,0.8370000123977661,0.4758000075817108
YIL162W,YDR300C,0,-4.9414344,0.14957112073898315,0.8370000123977661,0.47589999437332153
YPR192W,YOL053C-A,0,-4.941564,0.14954440295696259,0.8370000123977661,0.47600001096725464
YER151C,YCL074W,0,-4.941824,0.14951768517494202,0.8370000123977661,0.47609999775886536
YGR083C,YPR155C,0,-4.9418883,0.14949098229408264,0.8370000123977661,0.47620001435279846
YDL018C,YBR208C,0,-4.942157,0.14946427941322327,0.8370000123977661,0.4763000011444092
YKL220C,YOR355W,0,-4.9422474,0.14943760633468628,0.8370000123977661,0.4763999879360199
YOL098C,YEL047C,0,-4.942538,0.1494109183549881,0.8370000123977661,0.476500004529953
YGL263W,YJL163C,0,-4.9437056,0.1493842601776123,0.8370000123977661,0.4765999913215637
YHR198C,YDR461W,0,-4.9458547,0.1493576020002365,0.8370000123977661,0.4767000079154968
YGR257C,YDR074W,0,-4.9467382,0.1493309587240219,0.8370000123977661,0.47679999470710754
YOL116W,YBR167C,0,-4.947594,0.1493043154478073,0.8370000123977661,0.47690001130104065
YGR059W,YBR159W,0,-4.947616,0.1492776870727539,0.8370000123977661,0.47699999809265137
YHL044W,YMR220W,0,-4.9477305,0.1492510735988617,0.8370000123977661,0.4771000146865845
YBL040C,YBR273C,0,-4.947923,0.14922446012496948,0.8370000123977661,0.4772000014781952
YGL197W,YDL170W,0,-4.9487414,0.14919786155223846,0.8370000123977661,0.4772999882698059
YPR125W,YHR027C,0,-4.9487715,0.14917127788066864,0.8370000123977661,0.477400004863739
YNL031C,YNL186W,0,-4.9489202,0.14914469420909882,0.8370000123977661,0.47749999165534973
YNL115C,YNL124W,0,-4.9494524,0.14911812543869019,0.8370000123977661,0.47760000824928284
YDL133C-A,YKR087C,0,-4.949588,0.14909155666828156,0.8370000123977661,0.47769999504089355
YCR101C,YIL122W,0,-4.9497643,0.14906500279903412,0.8370000123977661,0.47780001163482666
YJR033C,YKR007W,1,-4.9512067,0.14921651780605316,0.8379999995231628,0.47780001163482666
YMR179W,YEL041W,0,-4.9512978,0.14918996393680573,0.8379999995231628,0.4778999984264374
YHR148W,YLR164W,0,-4.951463,0.1491634100675583,0.8379999995231628,0.4779999852180481
YBR222C,YGR285C,0,-4.951545,0.14913685619831085,0.8379999995231628,0.4781000018119812
YJL002C,YPL165C,0,-4.952118,0.1491103172302246,0.8379999995231628,0.4781999886035919
YLR421C,YJR004C,0,-4.9526796,0.14908379316329956,0.8379999995231628,0.478300005197525
YMR032W,YBR230C,0,-4.95275,0.1490572690963745,0.8379999995231628,0.47839999198913574
YDR003W,YPL003W,0,-4.952789,0.14903075993061066,0.8379999995231628,0.47850000858306885
YJL092W,YEL034W,0,-4.9528666,0.149004265666008,0.8379999995231628,0.47859999537467957
YGL077C,YNL059C,0,-4.9532766,0.14897777140140533,0.8379999995231628,0.47870001196861267
YBR158W,YMR238W,0,-4.9533205,0.14895129203796387,0.8379999995231628,0.4787999987602234
YML101C,YKL203C,0,-4.9534883,0.1489248275756836,0.8379999995231628,0.4788999855518341
YFL022C,YIL034C,0,-4.9537015,0.14889836311340332,0.8379999995231628,0.4790000021457672
YML130C,YER044C-A,0,-4.953766,0.14887191355228424,0.8379999995231628,0.47909998893737793
YNL288W,YKL040C,0,-4.9538774,0.14884546399116516,0.8379999995231628,0.47920000553131104
YOR272W,YDR430C,0,-4.9543,0.14881904423236847,0.8379999995231628,0.47929999232292175
YGL085W,YNL271C,0,-4.954698,0.14879260957241058,0.8379999995231628,0.47940000891685486
YMR265C,YIR019C,0,-4.9548817,0.14876620471477509,0.8379999995231628,0.4794999957084656
YNL331C,YMR214W,0,-4.955634,0.1487397998571396,0.8379999995231628,0.4796000123023987
YHL042W,YOR095C,0,-4.956127,0.1487133949995041,0.8379999995231628,0.4796999990940094
YDR319C,YLR256W,0,-4.95632,0.14868700504302979,0.8379999995231628,0.4797999858856201
YOR037W,YLR375W,0,-4.956377,0.14866062998771667,0.8379999995231628,0.4799000024795532
YHR162W,YKL081W,0,-4.956649,0.14863426983356476,0.8379999995231628,0.47999998927116394
YPL006W,YKL138C,0,-4.9570055,0.14860790967941284,0.8379999995231628,0.48010000586509705
YNL264C,YNR028W,0,-4.9571695,0.14858156442642212,0.8379999995231628,0.48019999265670776
YNL019C,YDR450W,0,-4.9571757,0.1485552191734314,0.8379999995231628,0.48030000925064087
YHL030W,YPL177C,0,-4.957337,0.14852888882160187,0.8379999995231628,0.4803999960422516
YJR015W,YIL110W,0,-4.9577036,0.14850257337093353,0.8379999995231628,0.4805000126361847
YDL036C,YPR027C,0,-4.958117,0.1484762579202652,0.8379999995231628,0.4805999994277954
YGR184C,YJL121C,0,-4.9584007,0.14844995737075806,0.8379999995231628,0.48069998621940613
YDL198C,YIL110W,0,-4.959355,0.14842365682125092,0.8379999995231628,0.48080000281333923
YER093C,YBL005W,0,-4.9594984,0.14839738607406616,0.8379999995231628,0.48089998960494995
YOR073W,YMR283C,0,-4.9595685,0.14837110042572021,0.8379999995231628,0.48100000619888306
YLR241W,YLR097C,0,-4.959696,0.14834484457969666,0.8379999995231628,0.4810999929904938
YAL003W,YKL189W,0,-4.9602427,0.1483185887336731,0.8379999995231628,0.4812000095844269
YCR100C,YNL244C,0,-4.960252,0.14829233288764954,0.8379999995231628,0.4812999963760376
YLR191W,YGL079W,0,-4.960332,0.14826610684394836,0.8379999995231628,0.4814000129699707
YPL048W,YDR058C,0,-4.9604335,0.148239865899086,0.8379999995231628,0.4814999997615814
YHL037C,YJR137C,0,-4.960464,0.14821365475654602,0.8379999995231628,0.48159998655319214
YML011C,YGL010W,0,-4.960682,0.14818744361400604,0.8379999995231628,0.48170000314712524
YLR341W,YLR293C,0,-4.9609838,0.14816124737262726,0.8379999995231628,0.48179998993873596
YGR283C,YPL244C,0,-4.9611526,0.14813505113124847,0.8379999995231628,0.48190000653266907
YPR143W,YIR028W,0,-4.9611773,0.14810886979103088,0.8379999995231628,0.4819999933242798
YDR293C,YGR198W,0,-4.9618397,0.1480827033519745,0.8379999995231628,0.4821000099182129
YDL134C,YPL246C,0,-4.9619427,0.1480565369129181,0.8379999995231628,0.4821999967098236
YDR025W,YGR044C,0,-4.9622345,0.1480303853750229,0.8379999995231628,0.4823000133037567
YJR082C,YKL057C,0,-4.962412,0.14800423383712769,0.8379999995231628,0.48240000009536743
YGR070W,YDR104C,0,-4.9627028,0.14797809720039368,0.8379999995231628,0.48249998688697815
YGL247W,YHR017W,0,-4.9628263,0.14795197546482086,0.8379999995231628,0.48260000348091125
YLR226W,YHL046C,0,-4.962917,0.14792585372924805,0.8379999995231628,0.482699990272522
YOR073W,YJL046W,0,-4.9633875,0.14789974689483643,0.8379999995231628,0.4828000068664551
YLR370C,YBR092C,0,-4.963842,0.147873654961586,0.8379999995231628,0.4828999936580658
YIL048W,YDL185W,1,-4.9638577,0.14802399277687073,0.8389999866485596,0.4828999936580658
YGR168C,YDR014W,0,-4.9641657,0.1479978859424591,0.8389999866485596,0.4830000102519989
YOR349W,YDR196C,0,-4.964801,0.14797177910804749,0.8389999866485596,0.4830999970436096
YEL012W,YBL066C,0,-4.965116,0.14794568717479706,0.8389999866485596,0.4832000136375427
YDR306C,YBR235W,0,-4.965291,0.14791961014270782,0.8389999866485596,0.48330000042915344
YOR256C,YBR058C,0,-4.9654064,0.1478935331106186,0.8389999866485596,0.48339998722076416
YMR154C,YOL070C,0,-4.9654517,0.14786747097969055,0.8389999866485596,0.48350000381469727
YIR010W,YKL135C,0,-4.965974,0.1478414088487625,0.8389999866485596,0.483599990606308
YHL004W,YGL044C,0,-4.965981,0.14781536161899567,0.8389999866485596,0.4837000072002411
YKL220C,YDR284C,0,-4.966998,0.14778932929039001,0.8389999866485596,0.4837999939918518
YDR146C,YAL068C,0,-4.9670362,0.14776329696178436,0.8389999866485596,0.4839000105857849
YPL143W,YOR330C,0,-4.9675694,0.1477372795343399,0.8389999866485596,0.48399999737739563
YDR534C,YLR044C,0,-4.9676943,0.14771126210689545,0.8389999866485596,0.48410001397132874
YLR364W,YLR440C,0,-4.968702,0.14768525958061218,0.8389999866485596,0.48420000076293945
YDR195W,YNL067W,0,-4.9687667,0.1476592719554901,0.8389999866485596,0.48429998755455017
YDR194C,YIR038C,0,-4.9688087,0.14763329923152924,0.8389999866485596,0.4844000041484833
YJR159W,YLR172C,0,-4.9688754,0.14760731160640717,0.8389999866485596,0.484499990940094
YLR396C,YOR068C,1,-4.969069,0.14775726199150085,0.8399999737739563,0.484499990940094
YDR142C,YJL096W,0,-4.9693213,0.14773127436637878,0.8399999737739563,0.4846000075340271
YKR058W,YLR329W,0,-4.9698124,0.1477052867412567,0.8399999737739563,0.4846999943256378
YER130C,YGL100W,0,-4.9711514,0.14767932891845703,0.8399999737739563,0.4848000109195709
YKL051W,YDL077C,1,-4.9719095,0.14782914519309998,0.8410000205039978,0.4848000109195709
YHR211W,YNL045W,0,-4.9719543,0.1478031575679779,0.8410000205039978,0.48489999771118164
YPL209C,YGL240W,0,-4.972276,0.14777718484401703,0.8410000205039978,0.48500001430511475
YMR113W,YOL053W,0,-4.9736104,0.14775122702121735,0.8410000205039978,0.48510000109672546
YNR004W,YGL234W,0,-4.9738636,0.14772528409957886,0.8410000205039978,0.4851999878883362
YLR348C,YKL139W,0,-4.973992,0.14769932627677917,0.8410000205039978,0.4853000044822693
YER111C,YER107C,0,-4.9740047,0.14767339825630188,0.8410000205039978,0.48539999127388
YBR299W,YGR014W,0,-4.9741626,0.14764747023582458,0.8410000205039978,0.4855000078678131
YNL012W,YHR019C,0,-4.974303,0.14762155711650848,0.8410000205039978,0.48559999465942383
YML116W,YHL031C,0,-4.974596,0.14759564399719238,0.8410000205039978,0.48570001125335693
YPR052C,YMR102C,0,-4.9747124,0.14756974577903748,0.8410000205039978,0.48579999804496765
YGL263W,YBR269C,0,-4.974761,0.14754386246204376,0.8410000205039978,0.48590001463890076
YDR536W,YOR340C,0,-4.975241,0.14751797914505005,0.8410000205039978,0.4860000014305115
YOR245C,YFR036W,0,-4.975355,0.14749211072921753,0.8410000205039978,0.4860999882221222
YAL030W,YGL196W,0,-4.9753904,0.147466242313385,0.8410000205039978,0.4862000048160553
YMR063W,YDL130W,0,-4.975699,0.14744038879871368,0.8410000205039978,0.486299991607666
YIR025W,YMR043W,0,-4.9758224,0.14741455018520355,0.8410000205039978,0.4864000082015991
YLR069C,YGR251W,0,-4.975873,0.14738871157169342,0.8410000205039978,0.48649999499320984
YNL004W,YKL186C,0,-4.9761066,0.14736288785934448,0.8410000205039978,0.48660001158714294
YHR206W,YHR173C,0,-4.97668,0.14733706414699554,0.8410000205039978,0.48669999837875366
YBR152W,YDR375C,0,-4.976856,0.147311270236969,0.8410000205039978,0.4867999851703644
YGR283C,YFR042W,0,-4.9771557,0.14728546142578125,0.8410000205039978,0.4869000017642975
YGL157W,YLR362W,0,-4.97719,0.1472596675157547,0.8410000205039978,0.4869999885559082
YHR173C,YLR126C,0,-4.977638,0.14723388850688934,0.8410000205039978,0.4871000051498413
YER122C,YKL085W,0,-4.9780407,0.14720812439918518,0.8410000205039978,0.487199991941452
YLR038C,YIL106W,0,-4.9784064,0.14718236029148102,0.8410000205039978,0.48730000853538513
YBR005W,YNL262W,0,-4.978629,0.14715661108493805,0.8410000205039978,0.48739999532699585
YGL181W,YDR475C,0,-4.978635,0.14713086187839508,0.8410000205039978,0.48750001192092896
YGR261C,YDL061C,0,-4.978678,0.1471051275730133,0.8410000205039978,0.4875999987125397
YML070W,YAR027W,0,-4.9788103,0.14707939326763153,0.8410000205039978,0.4876999855041504
YGL028C,YJL091C,0,-4.9789357,0.14705367386341095,0.8410000205039978,0.4878000020980835
YGR168C,YGL231C,0,-4.9792004,0.14702796936035156,0.8410000205039978,0.4878999888896942
YCR097W,YNL271C,0,-4.979699,0.14700227975845337,0.8410000205039978,0.4880000054836273
YDR178W,YOR361C,0,-4.9800434,0.14697657525539398,0.8410000205039978,0.48809999227523804
YOR153W,YOR231W,0,-4.980213,0.14695090055465698,0.8410000205039978,0.48820000886917114
YOL038W,YPL264C,0,-4.980388,0.14692522585391998,0.8410000205039978,0.48829999566078186
YGR138C,YGL079W,0,-4.980397,0.14689956605434418,0.8410000205039978,0.48840001225471497
YNR075W,YMR215W,0,-4.980421,0.14687390625476837,0.8410000205039978,0.4884999990463257
YDR097C,YMR226C,0,-4.9804473,0.14684826135635376,0.8410000205039978,0.4885999858379364
YOR018W,YOR229W,0,-4.98182,0.14682263135910034,0.8410000205039978,0.4887000024318695
YBR131W,YMR319C,0,-4.981911,0.14679700136184692,0.8410000205039978,0.4887999892234802
YOR337W,YEL043W,0,-4.98258,0.1467713713645935,0.8410000205039978,0.48890000581741333
YEL064C,YNL066W,0,-4.9830265,0.14674577116966248,0.8410000205039978,0.48899999260902405
YOR351C,YPR042C,0,-4.98343,0.14672017097473145,0.8410000205039978,0.48910000920295715
YCL001W,YHR141C,0,-4.9840293,0.14669457077980042,0.8410000205039978,0.48919999599456787
YER175C,YOR264W,0,-4.984035,0.14666898548603058,0.8410000205039978,0.489300012588501
YJL033W,YDR002W,0,-4.98421,0.14664341509342194,0.8410000205039978,0.4893999993801117
YML010W,YDR356W,0,-4.98456,0.1466178596019745,0.8410000205039978,0.4894999861717224
YOR124C,YJR103W,0,-4.984625,0.14659228920936584,0.8410000205039978,0.4896000027656555
YDR090C,YPL202C,0,-4.985384,0.1465667486190796,0.8410000205039978,0.48969998955726624
YJL183W,YCR067C,0,-4.985402,0.14654120802879333,0.8410000205039978,0.48980000615119934
YGL011C,YPL002C,0,-4.985729,0.14651568233966827,0.8410000205039978,0.48989999294281006
YDR398W,YJR159W,0,-4.9859953,0.1464901566505432,0.8410000205039978,0.49000000953674316
YMR236W,YCR098C,0,-4.986024,0.14646464586257935,0.8410000205039978,0.4900999963283539
YLR211C,YMR073C,0,-4.9866543,0.14643914997577667,0.8410000205039978,0.490200012922287
YFL026W,YIL027C,0,-4.9867544,0.146413654088974,0.8410000205039978,0.4902999997138977
YLR305C,YPL268W,1,-4.98681,0.14656223356723785,0.8420000076293945,0.4902999997138977
YDR510W,YPR200C,0,-4.9868793,0.146536722779274,0.8420000076293945,0.4903999865055084
YPL268W,YNL079C,1,-4.9869657,0.14668522775173187,0.8429999947547913,0.4903999865055084
YDR422C,YKL187C,0,-4.98701,0.1466597020626068,0.8429999947547913,0.49050000309944153
YMR100W,YNR028W,0,-4.9870224,0.14663419127464294,0.8429999947547913,0.49059998989105225
YNL007C,YNL092W,0,-4.9873323,0.14660869538784027,0.8429999947547913,0.49070000648498535
YPL131W,YKR038C,0,-4.9873543,0.1465831995010376,0.8429999947547913,0.49079999327659607
YER117W,YOR264W,0,-4.9878983,0.14655771851539612,0.8429999947547913,0.4909000098705292
YBR267W,YCL043C,0,-4.98796,0.14653223752975464,0.8429999947547913,0.4909999966621399
YDR098C,YAL064W-B,0,-4.9880667,0.14650677144527435,0.8429999947547913,0.491100013256073
YNL323W,YOR355W,0,-4.9885106,0.14648132026195526,0.8429999947547913,0.4912000000476837
YLR165C,YKL077W,0,-4.9895697,0.14645586907863617,0.8429999947547913,0.49129998683929443
YOL011W,YOR008C,0,-4.9900475,0.14643043279647827,0.8429999947547913,0.49140000343322754
YHL004W,YPR133C,0,-4.9906125,0.14640499651432037,0.8429999947547913,0.49149999022483826
YOR124C,YMR260C,0,-4.9906425,0.14637957513332367,0.8429999947547913,0.49160000681877136
YDL138W,YMR325W,0,-4.9906683,0.14635416865348816,0.8429999947547913,0.4916999936103821
YDR539W,YIL177C,0,-4.9911704,0.14632876217365265,0.8429999947547913,0.4918000102043152
YMR009W,YNL123W,0,-4.991176,0.14630337059497833,0.8429999947547913,0.4918999969959259
YMR231W,YDR065W,1,-4.9913983,0.14645150303840637,0.843999981880188,0.4918999969959259
YIL075C,YOR273C,0,-4.9914923,0.14642609655857086,0.843999981880188,0.492000013589859
YPL005W,YER180C,0,-4.9916086,0.14640069007873535,0.843999981880188,0.4921000003814697
YNL092W,YHR074W,0,-4.99212,0.14637529850006104,0.843999981880188,0.49219998717308044
YDR334W,YIL005W,0,-4.9926987,0.1463499218225479,0.843999981880188,0.49230000376701355
YFL014W,YGR094W,0,-4.9929295,0.1463245451450348,0.843999981880188,0.49239999055862427
YNL117W,YCR016W,0,-4.9930534,0.14629918336868286,0.843999981880188,0.4925000071525574
YBR062C,YPR169W,0,-4.9931335,0.14627383649349213,0.843999981880188,0.4925999939441681
YPL066W,YHR011W,0,-4.9933043,0.1462484896183014,0.843999981880188,0.4927000105381012
YHR007C,YPL011C,0,-4.993466,0.14622314274311066,0.843999981880188,0.4927999973297119
YGL263W,YPL009C,0,-4.9937243,0.14619781076908112,0.843999981880188,0.492900013923645
YPL115C,YPL062W,0,-4.994068,0.14617249369621277,0.843999981880188,0.49300000071525574
YBL058W,YBR257W,0,-4.9946065,0.14614719152450562,0.843999981880188,0.49309998750686646
YIL127C,YGR194C,0,-4.994713,0.14612188935279846,0.843999981880188,0.49320000410079956
YGR136W,YEL006W,0,-4.9949427,0.1460965871810913,0.843999981880188,0.4932999908924103
YEL013W,YFR019W,1,-4.995127,0.1462443768978119,0.8450000286102295,0.4932999908924103
YNR039C,YMR157C,0,-4.9953256,0.14621907472610474,0.8450000286102295,0.4934000074863434
YPL116W,YEL042W,0,-4.9955864,0.14619377255439758,0.8450000286102295,0.4934999942779541
YCL026C-B,YHR094C,0,-4.9958396,0.14616848528385162,0.8450000286102295,0.4936000108718872
YLR277C,YNR047W,0,-4.99601,0.14614319801330566,0.8450000286102295,0.4936999976634979
YBL013W,YNL271C,0,-4.996193,0.1461179256439209,0.8450000286102295,0.49380001425743103
YDR080W,YOR326W,1,-4.996913,0.14626556634902954,0.8460000157356262,0.49380001425743103
YDR287W,YER071C,0,-4.996951,0.14624027907848358,0.8460000157356262,0.49390000104904175
YFR005C,YDR425W,0,-4.9979444,0.14621500670909882,0.8460000157356262,0.49399998784065247
YGR165W,YJL140W,0,-4.9982796,0.14618973433971405,0.8460000157356262,0.49410000443458557
YLL035W,YDL190C,0,-4.9985547,0.14616447687149048,0.8460000157356262,0.4941999912261963
YCR023C,YMR217W,0,-4.9985595,0.1461392343044281,0.8460000157356262,0.4943000078201294
YER146W,YAL003W,0,-4.9985986,0.14611399173736572,0.8460000157356262,0.4943999946117401
YDL109C,YDR106W,0,-4.9987173,0.14608876407146454,0.8460000157356262,0.4945000112056732
YJL054W,YLR045C,0,-4.9990187,0.14606353640556335,0.8460000157356262,0.49459999799728394
YLR143W,YAR019C,0,-4.999037,0.14603832364082336,0.8460000157356262,0.49470001459121704
YFL024C,YPL064C,0,-4.9994626,0.14601311087608337,0.8460000157356262,0.49480000138282776
YGR097W,YJL083W,0,-4.9994783,0.14598792791366577,0.8460000157356262,0.4948999881744385
YLR305C,YOR326W,1,-5.000787,0.14613527059555054,0.847000002861023,0.4948999881744385
YKL161C,YGR131W,0,-5.000957,0.14611005783081055,0.847000002861023,0.4950000047683716
YNL074C,YDL208W,0,-5.0017967,0.14608485996723175,0.847000002861023,0.4950999915599823
YDR248C,YLR194C,0,-5.001829,0.14605966210365295,0.847000002861023,0.4952000081539154
YDL017W,YNL019C,0,-5.0020494,0.14603447914123535,0.847000002861023,0.4952999949455261
YML132W,YDL240W,0,-5.0023847,0.14600931107997894,0.847000002861023,0.49540001153945923
YJL162C,YDR481C,0,-5.002537,0.14598414301872253,0.847000002861023,0.49549999833106995
YIL169C,YBR030W,0,-5.002652,0.14595898985862732,0.847000002861023,0.49559998512268066
YDR214W,YFL034W,0,-5.0026865,0.1459338366985321,0.847000002861023,0.49570000171661377
YDL093W,YOR378W,0,-5.0036335,0.14590869843959808,0.847000002861023,0.4957999885082245
YBR289W,YOL159C,0,-5.0038805,0.14588357508182526,0.847000002861023,0.4959000051021576
YDR080W,YDR202C,1,-5.004388,0.14603064954280853,0.8479999899864197,0.4959000051021576
YFL001W,YAL008W,0,-5.0046835,0.1460055112838745,0.8479999899864197,0.4959999918937683
YLR024C,YBR257W,0,-5.004859,0.1459803730249405,0.8479999899864197,0.4961000084877014
YLR448W,YDR283C,0,-5.0049877,0.14595524966716766,0.8479999899864197,0.49619999527931213
YDR470C,YGL147C,0,-5.0053053,0.14593012630939484,0.8479999899864197,0.49630001187324524
YDR531W,YLR216C,0,-5.0054317,0.1459050178527832,0.8479999899864197,0.49639999866485596
YHR082C,YGR118W,0,-5.005678,0.14587992429733276,0.8479999899864197,0.4964999854564667
YDL148C,YPR045C,0,-5.005786,0.14585483074188232,0.8479999899864197,0.4966000020503998
YNL030W,YJL044C,0,-5.005894,0.14582975208759308,0.8479999899864197,0.4966999888420105
YHR028C,YJL025W,0,-5.0061235,0.14580467343330383,0.8479999899864197,0.4968000054359436
YLR138W,YMR042W,0,-5.006272,0.14577960968017578,0.8479999899864197,0.4968999922275543
YER014W,YDL171C,0,-5.0066423,0.14575456082820892,0.8479999899864197,0.4970000088214874
YPR105C,YNR045W,0,-5.0070353,0.14572951197624207,0.8479999899864197,0.49709999561309814
YAL015C,YGR218W,0,-5.0072536,0.1457044631242752,0.8479999899864197,0.49720001220703125
YKL184W,YPR183W,0,-5.007311,0.14567942917346954,0.8479999899864197,0.49729999899864197
YLR026C,YDR394W,0,-5.008614,0.14565441012382507,0.8479999899864197,0.4973999857902527
YDR504C,YHL022C,0,-5.008878,0.1456294059753418,0.8479999899864197,0.4975000023841858
YJR007W,YGR013W,0,-5.009104,0.14560440182685852,0.8479999899864197,0.4975999891757965
YNL197C,YKL078W,0,-5.0091953,0.14557939767837524,0.8479999899864197,0.4977000057697296
YBR213W,YNL295W,0,-5.00937,0.14555440843105316,0.8479999899864197,0.49779999256134033
YDR399W,YNL177C,0,-5.009511,0.14552943408489227,0.8479999899864197,0.49790000915527344
YDR334W,YDR387C,0,-5.01005,0.14550445973873138,0.8479999899864197,0.49799999594688416
YAL027W,YOR168W,0,-5.010192,0.1454795002937317,0.8479999899864197,0.49810001254081726
YDR077W,YKR082W,0,-5.0107327,0.145454540848732,0.8479999899864197,0.498199999332428
YOR233W,YKL160W,0,-5.010832,0.1454295963048935,0.8479999899864197,0.4982999861240387
YPR008W,YNR045W,0,-5.011065,0.1454046666622162,0.8479999899864197,0.4984000027179718
YGR203W,YBR229C,0,-5.0110946,0.14537973701953888,0.8479999899864197,0.4984999895095825
YLR305C,YFR019W,1,-5.0116205,0.1455262303352356,0.8489999771118164,0.4984999895095825
YBL107C,YML042W,0,-5.0116925,0.1455012857913971,0.8489999771118164,0.4986000061035156
YGL019W,YPR161C,0,-5.0119634,0.1454763561487198,0.8489999771118164,0.49869999289512634
YMR134W,YJR014W,0,-5.012473,0.14545142650604248,0.8489999771118164,0.49880000948905945
YJL144W,YCL030C,0,-5.0125523,0.14542651176452637,0.8489999771118164,0.49889999628067017
YPR144C,YMR176W,0,-5.012577,0.14540161192417145,0.8489999771118164,0.49900001287460327
YNR066C,YGR001C,0,-5.012742,0.14537671208381653,0.8489999771118164,0.499099999666214
YDL077C,YDL185W,1,-5.0134997,0.14552302658557892,0.8500000238418579,0.499099999666214
YDR495C,YEL051W,1,-5.01476,0.14566929638385773,0.8510000109672546,0.499099999666214
YKL059C,YPL141C,0,-5.015409,0.14564436674118042,0.8510000109672546,0.4991999864578247
YFR037C,YIL124W,0,-5.015883,0.1456194370985031,0.8510000109672546,0.4993000030517578
YJL101C,YJL073W,0,-5.01589,0.145594522356987,0.8510000109672546,0.49939998984336853
YPL147W,YIL090W,0,-5.0159836,0.14556962251663208,0.8510000109672546,0.49950000643730164
YGR209C,YKR007W,1,-5.01604,0.14571575820446014,0.8519999980926514,0.49950000643730164
YHR090C,YNL232W,0,-5.0163527,0.14569082856178284,0.8519999980926514,0.49959999322891235
YDR081C,YBR223C,0,-5.016709,0.14566592872142792,0.8519999980926514,0.49970000982284546
YNR046W,YEL002C,0,-5.0167947,0.145641028881073,0.8519999980926514,0.4997999966144562
YGL263W,YDR235W,0,-5.0168533,0.14561612904071808,0.8519999980926514,0.4999000132083893
YIL154C,YBR269C,0,-5.0173235,0.14559124410152435,0.8519999980926514,0.5
YMR229C,YJR015W,0,-5.0175743,0.14556637406349182,0.8519999980926514,0.5001000165939331
YCR018C,YCR084C,0,-5.01843,0.1455415040254593,0.8519999980926514,0.5001999735832214
YNL149C,YKL033W-A,0,-5.0186205,0.14551664888858795,0.8519999980926514,0.5002999901771545
YPR157W,YMR283C,0,-5.018793,0.1454918086528778,0.8519999980926514,0.5004000067710876
YEL068C,YDR051C,0,-5.018854,0.14546696841716766,0.8519999980926514,0.5005000233650208
YGL003C,YGR029W,0,-5.0190325,0.14544212818145752,0.8519999980926514,0.5005999803543091
YLR065C,YHR072W,0,-5.0191503,0.14541730284690857,0.8519999980926514,0.5006999969482422
YHL021C,YLR145W,0,-5.0192037,0.1453924924135208,0.8519999980926514,0.5008000135421753
YJL139C,YHR057C,0,-5.019282,0.14536768198013306,0.8519999980926514,0.5008999705314636
YOR010C,YNL099C,0,-5.0193696,0.1453428864479065,0.8519999980926514,0.5009999871253967
YHL004W,YBL067C,0,-5.019416,0.14531809091567993,0.8519999980926514,0.5011000037193298
YJR103W,YDR227W,0,-5.021105,0.14529331028461456,0.8519999980926514,0.5012000203132629
YPL113C,YFL059W,0,-5.0212193,0.1452685445547104,0.8519999980926514,0.5012999773025513
YAL020C,YJL166W,0,-5.022002,0.1452437788248062,0.8519999980926514,0.5013999938964844
YBR204C,YDR135C,0,-5.02225,0.14521902799606323,0.8519999980926514,0.5015000104904175
YMR302C,YNL330C,0,-5.0223904,0.14519427716732025,0.8519999980926514,0.5016000270843506
YNL251C,YDL121C,0,-5.0224586,0.14516954123973846,0.8519999980926514,0.5016999840736389
YHR047C,YHL036W,0,-5.0224776,0.14514480531215668,0.8519999980926514,0.501800000667572
YDR143C,YCR010C,0,-5.0228004,0.14512008428573608,0.8519999980926514,0.5019000172615051
YER100W,YMR021C,0,-5.022868,0.1450953632593155,0.8519999980926514,0.5019999742507935
YFL051C,YHR154W,0,-5.0240583,0.1450706571340561,0.8519999980926514,0.5020999908447266
YJL163C,YDR452W,0,-5.0243435,0.14504596590995789,0.8519999980926514,0.5022000074386597
YLR013W,YEL063C,0,-5.0244102,0.14502127468585968,0.8519999980926514,0.5023000240325928
YJL100W,YOR064C,0,-5.024772,0.14499659836292267,0.8519999980926514,0.5023999810218811
YOR068C,YMR197C,1,-5.0251484,0.1451420783996582,0.8529999852180481,0.5023999810218811
YMR224C,YLR450W,0,-5.02553,0.14511738717556,0.8529999852180481,0.5024999976158142
YLR332W,YMR173W,0,-5.0256,0.1450926959514618,0.8529999852180481,0.5026000142097473
YMR087W,YPL166W,0,-5.025629,0.14506803452968597,0.8529999852180481,0.5026999711990356
YHR014W,YDR525W-A,0,-5.0257177,0.14504335820674896,0.8529999852180481,0.5027999877929688
YJR151C,YIL027C,0,-5.025758,0.14501869678497314,0.8529999852180481,0.5029000043869019
YJR134C,YPR169W,0,-5.0257645,0.14499405026435852,0.8529999852180481,0.503000020980835
YOR301W,YAL021C,0,-5.0261326,0.1449694037437439,0.8529999852180481,0.5030999779701233
YHR178W,YIL069C,0,-5.0264096,0.14494477212429047,0.8529999852180481,0.5031999945640564
YNL100W,YHR100C,0,-5.026666,0.14492015540599823,0.8529999852180481,0.5033000111579895
YMR029C,YPL233W,0,-5.0266695,0.144895538687706,0.8529999852180481,0.5034000277519226
YDL101C,YLR047C,0,-5.0267982,0.14487092196941376,0.8529999852180481,0.5034999847412109
YIL037C,YJL038C,0,-5.0270085,0.14484632015228271,0.8529999852180481,0.503600001335144
YJL183W,YPR070W,0,-5.027499,0.14482173323631287,0.8529999852180481,0.5037000179290771
YHR108W,YGR128C,0,-5.027517,0.14479714632034302,0.8529999852180481,0.5037999749183655
YDR090C,YLR210W,0,-5.0277815,0.14477257430553436,0.8529999852180481,0.5038999915122986
YNL116W,YPR101W,0,-5.0280323,0.1447480022907257,0.8529999852180481,0.5040000081062317
YOR247W,YDL088C,0,-5.028062,0.14472344517707825,0.8529999852180481,0.5041000247001648
YNL021W,YMR264W,0,-5.0281644,0.14469890296459198,0.8529999852180481,0.5041999816894531
YPR018W,YNL045W,0,-5.028681,0.1446743607521057,0.8529999852180481,0.5042999982833862
YBR141C,YJL090C,0,-5.028748,0.14464981853961945,0.8529999852180481,0.5044000148773193
YIL041W,YMR295C,0,-5.028817,0.14462529122829437,0.8529999852180481,0.5044999718666077
YLR054C,YOR204W,0,-5.0288224,0.1446007788181305,0.8529999852180481,0.5045999884605408
YPL158C,YBR021W,0,-5.0294256,0.1445762664079666,0.8529999852180481,0.5047000050544739
YKR103W,YPR033C,0,-5.0296106,0.14455176889896393,0.8529999852180481,0.504800021648407
YHR214C-B,YDL015C,0,-5.0297585,0.14452728629112244,0.8529999852180481,0.5048999786376953
YLL015W,YHR001W,0,-5.03006,0.14450278878211975,0.8529999852180481,0.5049999952316284
YDR204W,YPR166C,0,-5.0306234,0.14447832107543945,0.8529999852180481,0.5051000118255615
YOR075W,YLR407W,0,-5.0313644,0.14445385336875916,0.8529999852180481,0.5052000284194946
YPL250C,YML065W,0,-5.032626,0.14442940056324005,0.8529999852180481,0.505299985408783
YMR125W,YIL166C,0,-5.032656,0.14440494775772095,0.8529999852180481,0.5054000020027161
YLR436C,YFL027C,0,-5.033187,0.14438049495220184,0.8529999852180481,0.5055000185966492
YPR180W,YER064C,0,-5.033614,0.14435607194900513,0.8529999852180481,0.5055999755859375
YML102W,YPL059W,0,-5.0339103,0.14433163404464722,0.8529999852180481,0.5056999921798706
YJL080C,YAL017W,0,-5.0339117,0.1443072259426117,0.8529999852180481,0.5058000087738037
YDR257C,YNL279W,0,-5.034088,0.14428281784057617,0.8529999852180481,0.5059000253677368
YGR121C,YJR066W,0,-5.034109,0.14425840973854065,0.8529999852180481,0.5059999823570251
YNL047C,YHR057C,0,-5.0349455,0.14423401653766632,0.8529999852180481,0.5060999989509583
YMR312W,YJR111C,0,-5.0350857,0.14420963823795319,0.8529999852180481,0.5062000155448914
YMR228W,YDL124W,0,-5.0354705,0.14418525993824005,0.8529999852180481,0.5062999725341797
YHR138C,YLR043C,1,-5.0361557,0.14432989060878754,0.8539999723434448,0.5062999725341797
YGL244W,YJL178C,0,-5.037108,0.1443055123090744,0.8539999723434448,0.5063999891281128
YIR023W,YHR091C,0,-5.037334,0.14428113400936127,0.8539999723434448,0.5065000057220459
YKR090W,YGR067C,0,-5.0374293,0.14425675570964813,0.8539999723434448,0.506600022315979
YMR160W,YKL086W,0,-5.037506,0.1442323923110962,0.8539999723434448,0.5066999793052673
YCR077C,YPL169C,0,-5.037559,0.14420804381370544,0.8539999723434448,0.5067999958992004
YJL122W,YPL072W,0,-5.037598,0.1441836953163147,0.8539999723434448,0.5069000124931335
YKR048C,YMR220W,0,-5.0376606,0.14415934681892395,0.8539999723434448,0.5070000290870667
YLL066C,YNL010W,0,-5.0377584,0.1441350281238556,0.8539999723434448,0.507099986076355
YER014W,YHR096C,0,-5.038355,0.14411069452762604,0.8539999723434448,0.5072000026702881
YBL019W,YMR304W,0,-5.038439,0.14408639073371887,0.8539999723434448,0.5073000192642212
YNL010W,YGL032C,0,-5.0391684,0.1440620720386505,0.8539999723434448,0.5073999762535095
YER145C,YLL067C,0,-5.039182,0.14403778314590454,0.8539999723434448,0.5074999928474426
YOR061W,YBR294W,0,-5.0392094,0.14401349425315857,0.8539999723434448,0.5076000094413757
YML005W,YMR056C,0,-5.039236,0.1439892053604126,0.8539999723434448,0.5077000260353088
YBL002W,YLR248W,0,-5.039547,0.14396493136882782,0.8539999723434448,0.5077999830245972
YAL003W,YLR097C,0,-5.0396996,0.14394067227840424,0.8539999723434448,0.5078999996185303
YER151C,YKL074C,0,-5.039928,0.14391641318798065,0.8539999723434448,0.5080000162124634
YGR040W,YMR047C,0,-5.0402794,0.14389216899871826,0.8539999723434448,0.5080999732017517
YMR003W,YOR010C,0,-5.0405593,0.14386792480945587,0.8539999723434448,0.5081999897956848
YDR017C,YER072W,1,-5.040741,0.14401212334632874,0.8550000190734863,0.5081999897956848
YGR108W,YBL033C,0,-5.0422325,0.14398787915706635,0.8550000190734863,0.5083000063896179
YIL106W,YDL177C,0,-5.0423837,0.14396363496780396,0.8550000190734863,0.508400022983551
YJR004C,YDL207W,0,-5.042473,0.14393939077854156,0.8550000190734863,0.5084999799728394
YNL225C,YOL073C,0,-5.0429144,0.14391516149044037,0.8550000190734863,0.5085999965667725
YGL129C,YNL223W,0,-5.043377,0.14389094710350037,0.8550000190734863,0.5087000131607056
YPR107C,YLR460C,0,-5.0434856,0.14386673271656036,0.8550000190734863,0.5088000297546387
YJL110C,YDR517W,0,-5.044566,0.14384253323078156,0.8550000190734863,0.508899986743927
YMR075W,YCR091W,0,-5.045018,0.14381833374500275,0.8550000190734863,0.5090000033378601
YDR383C,YBR079C,0,-5.0452275,0.14379414916038513,0.8550000190734863,0.5091000199317932
YDR398W,YFR007W,0,-5.045285,0.14376996457576752,0.8550000190734863,0.5091999769210815
YMR231W,YDL185W,1,-5.045534,0.14391392469406128,0.8560000061988831,0.5091999769210815
YHR070W,YPL164C,0,-5.045656,0.14388972520828247,0.8560000061988831,0.5092999935150146
YPR182W,YNL094W,0,-5.045804,0.14386554062366486,0.8560000061988831,0.5094000101089478
YLR212C,YHL021C,0,-5.045827,0.14384137094020844,0.8560000061988831,0.5095000267028809
YLR319C,YIL133C,0,-5.045841,0.14381720125675201,0.8560000061988831,0.5095999836921692
YDL178W,YIL031W,0,-5.0459538,0.1437930464744568,0.8560000061988831,0.5097000002861023
YLL066C,YBR135W,0,-5.0460286,0.14376889169216156,0.8560000061988831,0.5098000168800354
YLR467W,YOR043W,0,-5.046358,0.14374475181102753,0.8560000061988831,0.5098999738693237
YKL057C,YGR149W,0,-5.0463777,0.1437206119298935,0.8560000061988831,0.5099999904632568
YBR163W,YKR080W,0,-5.04656,0.14369648694992065,0.8560000061988831,0.5101000070571899
YCL063W,YBL050W,1,-5.047117,0.14384020864963531,0.8569999933242798,0.5101000070571899
YDR447C,YGR184C,0,-5.047737,0.14381608366966248,0.8569999933242798,0.510200023651123
YIL095W,YBR158W,0,-5.047906,0.14379194378852844,0.8569999933242798,0.5102999806404114
YNR061C,YGL145W,0,-5.0481462,0.1437678188085556,0.8569999933242798,0.5103999972343445
YBL034C,YIR013C,0,-5.0494986,0.14374370872974396,0.8569999933242798,0.5105000138282776
YOR213C,YLR308W,0,-5.0495176,0.1437195986509323,0.8569999933242798,0.5105999708175659
YLR055C,YGR276C,0,-5.04957,0.14369550347328186,0.8569999933242798,0.510699987411499
YIL023C,YOL021C,0,-5.049822,0.1436714231967926,0.8569999933242798,0.5108000040054321
YDR399W,YKL195W,0,-5.0499697,0.14364732801914215,0.8569999933242798,0.5109000205993652
YDR247W,YKL042W,0,-5.0499983,0.1436232626438141,0.8569999933242798,0.5109999775886536
YML059C,YDR479C,0,-5.0500946,0.14359919726848602,0.8569999933242798,0.5110999941825867
YLR392C,YNL072W,0,-5.0504932,0.14357513189315796,0.8569999933242798,0.5112000107765198
YDR211W,YOR109W,0,-5.0507345,0.1435510814189911,0.8569999933242798,0.5113000273704529
YPR180W,YML049C,0,-5.05075,0.1435270458459854,0.8569999933242798,0.5113999843597412
YDR356W,YGR043C,0,-5.051016,0.14350301027297974,0.8569999933242798,0.5115000009536743
YGL255W,YGL253W,0,-5.051246,0.14347898960113525,0.8569999933242798,0.5116000175476074
YHR136C,YER089C,0,-5.0514064,0.14345496892929077,0.8569999933242798,0.5116999745368958
YDL130W,YCR010C,0,-5.0514503,0.14343096315860748,0.8569999933242798,0.5117999911308289
YDR487C,YGR289C,0,-5.0515037,0.1434069573879242,0.8569999933242798,0.511900007724762
YMR134W,YDL108W,0,-5.051888,0.1433829665184021,0.8569999933242798,0.5120000243186951
YMR291W,YOL103W,0,-5.0521803,0.14335897564888,0.8569999933242798,0.5120999813079834
YAL009W,YHR114W,0,-5.0522904,0.1433349996805191,0.8569999933242798,0.5121999979019165
YGL130W,YJR028W,0,-5.052457,0.1433110386133194,0.8569999933242798,0.5123000144958496
YJL001W,YGR244C,0,-5.052644,0.1432870775461197,0.8569999933242798,0.5123999714851379
YKL103C,YGL018C,0,-5.053048,0.14326311647891998,0.8569999933242798,0.512499988079071
YLR019W,YNL328C,0,-5.053732,0.14323917031288147,0.8569999933242798,0.5126000046730042
YFL030W,YPL127C,0,-5.053899,0.14321523904800415,0.8569999933242798,0.5127000212669373
YDL085W,YER144C,0,-5.0539703,0.14319130778312683,0.8569999933242798,0.5127999782562256
YBR188C,YLL064C,0,-5.0542316,0.1431673914194107,0.8569999933242798,0.5128999948501587
YPL098C,YDL021W,0,-5.0543613,0.14314347505569458,0.8569999933242798,0.5130000114440918
YBR071W,YDR051C,0,-5.054524,0.14311957359313965,0.8569999933242798,0.5131000280380249
YPR097W,YKR101W,0,-5.0545506,0.14309567213058472,0.8569999933242798,0.5131999850273132
YJR145C,YKR017C,0,-5.054847,0.14307178556919098,0.8569999933242798,0.5133000016212463
YHR116W,YGR136W,0,-5.0554733,0.14304789900779724,0.8569999933242798,0.5134000182151794
YHR025W,YOL123W,0,-5.0555043,0.1430240273475647,0.8569999933242798,0.5134999752044678
YEL064C,YDR325W,0,-5.055642,0.14300017058849335,0.8569999933242798,0.5135999917984009
YBR219C,YPL059W,0,-5.0560226,0.142976313829422,0.8569999933242798,0.513700008392334
YOR390W,YKR031C,0,-5.056033,0.14295245707035065,0.8569999933242798,0.5138000249862671
YOL149W,YGL011C,0,-5.056388,0.1429286152124405,0.8569999933242798,0.5138999819755554
YMR231W,YDL077C,1,-5.056513,0.14307153224945068,0.8579999804496765,0.5138999819755554
YMR198W,YEL005C,0,-5.0565968,0.14304767549037933,0.8579999804496765,0.5139999985694885
YOR153W,YGR003W,0,-5.057337,0.14302383363246918,0.8579999804496765,0.5141000151634216
YLR038C,YIL065C,0,-5.0575233,0.14300000667572021,0.8579999804496765,0.51419997215271
YKL221W,YKL045W,0,-5.0577164,0.14297616481781006,0.8579999804496765,0.5142999887466431
YNL270C,YDL088C,0,-5.0579443,0.1429523527622223,0.8579999804496765,0.5144000053405762
YDL141W,YGR207C,0,-5.058076,0.14292854070663452,0.8579999804496765,0.5145000219345093
YGL245W,YOR251C,0,-5.0580797,0.14290472865104675,0.8579999804496765,0.5145999789237976
YCL050C,YIL065C,0,-5.059026,0.14288093149662018,0.8579999804496765,0.5146999955177307
YEL013W,YIL048W,1,-5.059087,0.14302363991737366,0.859000027179718,0.5146999955177307
YJR124C,YOL152W,0,-5.0592966,0.1429998278617859,0.859000027179718,0.5148000121116638
YBR106W,YBL026W,0,-5.0600863,0.14297603070735931,0.859000027179718,0.5149000287055969
YPL008W,YNL194C,0,-5.061088,0.14295223355293274,0.859000027179718,0.5149999856948853
YDR299W,YCR018C,0,-5.061169,0.14292845129966736,0.859000027179718,0.5151000022888184
YJL190C,YJL038C,0,-5.061359,0.14290466904640198,0.859000027179718,0.5152000188827515
YGR257C,YDR329C,0,-5.0614643,0.1428809016942978,0.859000027179718,0.5152999758720398
YMR177W,YJR092W,0,-5.061857,0.1428571492433548,0.859000027179718,0.5153999924659729
YDR256C,YOR140W,0,-5.062258,0.1428333818912506,0.859000027179718,0.515500009059906
YML031W,YOR394W,0,-5.0624123,0.1428096443414688,0.859000027179718,0.5156000256538391
YFR016C,YLR032W,0,-5.0629196,0.142785906791687,0.859000027179718,0.5156999826431274
YMR115W,YML085C,0,-5.063081,0.1427621692419052,0.859000027179718,0.5157999992370605
YHR014W,YGL082W,0,-5.0632133,0.1427384465932846,0.859000027179718,0.5159000158309937
YBL088C,YKR105C,0,-5.06326,0.1427147388458252,0.859000027179718,0.515999972820282
YDR284C,YJR126C,0,-5.0636287,0.14269103109836578,0.859000027179718,0.5160999894142151
YHR062C,YDL067C,0,-5.063678,0.14266733825206757,0.859000027179718,0.5162000060081482
YGR122W,YFR015C,0,-5.0643954,0.14264364540576935,0.859000027179718,0.5163000226020813
YBR045C,YLR259C,0,-5.064994,0.14261995255947113,0.859000027179718,0.5163999795913696
YER010C,YPL148C,0,-5.06513,0.1425962746143341,0.859000027179718,0.5164999961853027
YPL134C,YJR046W,0,-5.0653186,0.14257261157035828,0.859000027179718,0.5166000127792358
YKL211C,YDR342C,0,-5.0660634,0.14254894852638245,0.859000027179718,0.516700029373169
YBR172C,YGR149W,0,-5.0669622,0.1425253003835678,0.859000027179718,0.5167999863624573
YMR022W,YKL140W,0,-5.067075,0.14250165224075317,0.859000027179718,0.5169000029563904
YNL202W,YDR141C,0,-5.0671577,0.14247801899909973,0.859000027179718,0.5170000195503235
YOR209C,YGL105W,0,-5.067367,0.14245440065860748,0.859000027179718,0.5170999765396118
YOL055C,YIR011C,0,-5.0674653,0.14243076741695404,0.859000027179718,0.5171999931335449
YBR006W,YKR085C,0,-5.0677605,0.14240716397762299,0.859000027179718,0.517300009727478
YMR231W,YOR326W,1,-5.0682507,0.1425493061542511,0.8600000143051147,0.517300009727478
YGR065C,YNL156C,0,-5.0694094,0.14252568781375885,0.8600000143051147,0.5174000263214111
YKL087C,YCR048W,0,-5.0697165,0.1425020694732666,0.8600000143051147,0.5174999833106995
YMR003W,YMR266W,0,-5.069758,0.14247846603393555,0.8600000143051147,0.5175999999046326
YLR401C,YML120C,0,-5.069812,0.1424548625946045,0.8600000143051147,0.5177000164985657
YHR173C,YJL200C,0,-5.0698566,0.14243127405643463,0.8600000143051147,0.517799973487854
YOR233W,YFR032C-A,0,-5.0703516,0.14240768551826477,0.8600000143051147,0.5178999900817871
YDR020C,YOR079C,0,-5.0712414,0.1423841118812561,0.8600000143051147,0.5180000066757202
YOR224C,YLR250W,0,-5.0717497,0.14236053824424744,0.8600000143051147,0.5181000232696533
YMR095C,YCR104W,0,-5.07184,0.14233697950839996,0.8600000143051147,0.5181999802589417
YNL084C,YGR258C,0,-5.0726805,0.1423134207725525,0.8600000143051147,0.5182999968528748
YDR223W,YKL220C,0,-5.0726967,0.1422898769378662,0.8600000143051147,0.5184000134468079
YGR279C,YOR158W,0,-5.0727,0.14226633310317993,0.8600000143051147,0.5184999704360962
YJR040W,YPR183W,0,-5.072891,0.14224280416965485,0.8600000143051147,0.5185999870300293
YBL042C,YOR079C,0,-5.073515,0.14221927523612976,0.8600000143051147,0.5187000036239624
YPL098C,YLR083C,0,-5.073742,0.14219576120376587,0.8600000143051147,0.5188000202178955
YER144C,YAR031W,0,-5.073783,0.14217226207256317,0.8600000143051147,0.5188999772071838
YKR101W,YHR171W,0,-5.0740156,0.14214876294136047,0.8600000143051147,0.5189999938011169
YER145C,YNL074C,0,-5.075258,0.14212526381015778,0.8600000143051147,0.51910001039505
YGR116W,YCL051W,0,-5.075942,0.14210177958011627,0.8600000143051147,0.5192000269889832
YCR020W-B,YLL002W,0,-5.0763636,0.14207831025123596,0.8600000143051147,0.5192999839782715
YPL008W,YFR003C,0,-5.0764074,0.14205484092235565,0.8600000143051147,0.5194000005722046
YKL088W,YBR108W,0,-5.0765114,0.14203137159347534,0.8600000143051147,0.5195000171661377
YLR052W,YML101C,0,-5.077077,0.14200793206691742,0.8600000143051147,0.519599974155426
YMR014W,YJR098C,0,-5.0773835,0.1419844776391983,0.8600000143051147,0.5196999907493591
YNL311C,YHR017W,0,-5.0774274,0.14196103811264038,0.8600000143051147,0.5198000073432922
YLR006C,YJL197W,0,-5.077821,0.14193761348724365,0.8600000143051147,0.5199000239372253
YMR173W,YDL070W,0,-5.078308,0.14191418886184692,0.8600000143051147,0.5199999809265137
YMR302C,YDR191W,0,-5.078354,0.1418907791376114,0.8600000143051147,0.5200999975204468
YDR178W,YMR166C,0,-5.0784483,0.14186736941337585,0.8600000143051147,0.5202000141143799
YHR030C,YNR022C,0,-5.078515,0.1418439745903015,0.8600000143051147,0.5202999711036682
YKL148C,YIL158W,0,-5.0798874,0.14182057976722717,0.8600000143051147,0.5203999876976013
YCR028C-A,YMR106C,0,-5.07993,0.14179719984531403,0.8600000143051147,0.5205000042915344
YMR291W,YBR077C,0,-5.0805583,0.14177381992340088,0.8600000143051147,0.5206000208854675
YDL076C,YFR045W,0,-5.080838,0.14175045490264893,0.8600000143051147,0.5206999778747559
YDR490C,YLR044C,0,-5.0809736,0.14172708988189697,0.8600000143051147,0.520799994468689
YMR207C,YER174C,0,-5.0819535,0.1417037397623062,0.8600000143051147,0.5209000110626221
YBL007C,YEL012W,0,-5.0834703,0.14168038964271545,0.8600000143051147,0.5210000276565552
YIL096C,YKR035W-A,0,-5.083526,0.1416570544242859,0.8600000143051147,0.5210999846458435
YNL090W,YPL113C,0,-5.084496,0.14163373410701752,0.8600000143051147,0.5212000012397766
YJL208C,YPL283C,0,-5.0846987,0.14161041378974915,0.8600000143051147,0.5213000178337097
YDR026C,YNL304W,0,-5.0852613,0.14158709347248077,0.8600000143051147,0.521399974822998
YPL096C-A,YDR180W,0,-5.085333,0.1415637880563736,0.8600000143051147,0.5214999914169312
YDR385W,YKR026C,0,-5.0859833,0.14154048264026642,0.8600000143051147,0.5216000080108643
YHR138C,YLR148W,1,-5.086154,0.1416817456483841,0.8610000014305115,0.5216000080108643
YFL017C,YHR199C,0,-5.0861998,0.14165844023227692,0.8610000014305115,0.5217000246047974
YPR097W,YBR005W,0,-5.0864344,0.14163513481616974,0.8610000014305115,0.5217999815940857
YDR284C,YLR459W,0,-5.0869026,0.14161184430122375,0.8610000014305115,0.5218999981880188
YBR289W,YMR165C,0,-5.086913,0.14158855378627777,0.8610000014305115,0.5220000147819519
YKL213C,YKL151C,0,-5.0873795,0.14156527817249298,0.8610000014305115,0.5220999717712402
YOL040C,YOR189W,0,-5.087708,0.1415420025587082,0.8610000014305115,0.5221999883651733
YDR106W,YBR083W,0,-5.087884,0.1415187418460846,0.8610000014305115,0.5223000049591064
YOR019W,YIL108W,0,-5.087975,0.141495481133461,0.8610000014305115,0.5224000215530396
YPR046W,YPL023C,0,-5.0880213,0.1414722353219986,0.8610000014305115,0.5224999785423279
YMR321C,YDL137W,0,-5.088271,0.1414489895105362,0.8610000014305115,0.522599995136261
YLR367W,YDR125C,0,-5.0883503,0.14142575860023499,0.8610000014305115,0.5227000117301941
YLR450W,YDL102W,0,-5.0887756,0.14140252768993378,0.8610000014305115,0.5228000283241272
YHR206W,YEL018W,0,-5.0888605,0.14137931168079376,0.8610000014305115,0.5228999853134155
YMR260C,YGL183C,0,-5.0892186,0.14135609567165375,0.8610000014305115,0.5230000019073486
YOR258W,YDR176W,0,-5.0892305,0.14133289456367493,0.8610000014305115,0.5231000185012817
YOR354C,YJR143C,0,-5.089422,0.1413096934556961,0.8610000014305115,0.5231999754905701
YLL013C,YHR161C,0,-5.0895524,0.14128650724887848,0.8610000014305115,0.5232999920845032
YIL095W,YLR033W,0,-5.0903482,0.14126333594322205,0.8610000014305115,0.5234000086784363
YMR003W,YLR029C,0,-5.090558,0.1412401646375656,0.8610000014305115,0.5235000252723694
YOR299W,YNL106C,0,-5.09062,0.14121699333190918,0.8610000014305115,0.5235999822616577
YER057C,YGR006W,0,-5.090638,0.14119383692741394,0.8610000014305115,0.5236999988555908
YOR127W,YEL022W,0,-5.091346,0.1411706805229187,0.8610000014305115,0.5238000154495239
YPL019C,YOR326W,1,-5.0915165,0.14131148159503937,0.8619999885559082,0.5238000154495239
YDR508C,YAL024C,0,-5.091609,0.14128831028938293,0.8619999885559082,0.5238999724388123
YOR027W,YDR283C,0,-5.091715,0.1412651538848877,0.8619999885559082,0.5239999890327454
YJR073C,YGL106W,0,-5.091774,0.14124201238155365,0.8619999885559082,0.5241000056266785
YIL048W,YDR065W,1,-5.091848,0.14138269424438477,0.8629999756813049,0.5241000056266785
YGL123W,YLR371W,0,-5.092081,0.14135953783988953,0.8629999756813049,0.5242000222206116
YGL031C,YCR045C,0,-5.092154,0.14133639633655548,0.8629999756813049,0.5242999792098999
YNL012W,YER107C,0,-5.092393,0.14131323993206024,0.8629999756813049,0.524399995803833
YOR295W,YPL006W,0,-5.092462,0.1412901133298874,0.8629999756813049,0.5245000123977661
YNL326C,YDR495C,1,-5.09256,0.14143067598342896,0.8640000224113464,0.5245000123977661
YGR253C,YPL024W,0,-5.093006,0.1414075344800949,0.8640000224113464,0.5246000289916992
YNL148C,YFL017C,0,-5.093515,0.14138439297676086,0.8640000224113464,0.5246999859809875
YGR093W,YLR081W,0,-5.094526,0.14136125147342682,0.8640000224113464,0.5248000025749207
YPL162C,YAL054C,0,-5.0947256,0.14133812487125397,0.8640000224113464,0.5249000191688538
YPR023C,YJR098C,0,-5.094735,0.1413150131702423,0.8640000224113464,0.5249999761581421
YHR138C,YDR202C,1,-5.0949187,0.14145544171333313,0.8650000095367432,0.5249999761581421
YML070W,YER179W,0,-5.095236,0.14143231511116028,0.8650000095367432,0.5250999927520752
YGR093W,YGL013C,0,-5.095255,0.14140918850898743,0.8650000095367432,0.5252000093460083
YDL081C,YLR353W,0,-5.0953317,0.14138607680797577,0.8650000095367432,0.5253000259399414
YPL066W,YKL099C,0,-5.095382,0.1413629651069641,0.8650000095367432,0.5253999829292297
YGR234W,YMR093W,0,-5.0956345,0.14133986830711365,0.8650000095367432,0.5254999995231628
YMR091C,YMR292W,0,-5.097312,0.14131677150726318,0.8650000095367432,0.525600016117096
YKL119C,YDR065W,1,-5.097678,0.14145703613758087,0.8659999966621399,0.525600016117096
YPL083C,YPL126W,0,-5.0977573,0.1414339393377304,0.8659999966621399,0.5256999731063843
YOR211C,YLR154C,0,-5.098077,0.14141084253787994,0.8659999966621399,0.5257999897003174
YCR004C,YLR242C,0,-5.0982456,0.14138776063919067,0.8659999966621399,0.5259000062942505
YOL093W,YBR293W,0,-5.098795,0.1413646787405014,0.8659999966621399,0.5260000228881836
YBR006W,YBR171W,0,-5.098947,0.14134159684181213,0.8659999966621399,0.5260999798774719
YHL042W,YLR313C,0,-5.09908,0.14131854474544525,0.8659999966621399,0.526199996471405
YLR063W,YBR223C,0,-5.099295,0.14129547774791718,0.8659999966621399,0.5263000130653381
YFL018W-A,YML067C,0,-5.099449,0.1412724256515503,0.8659999966621399,0.5264000296592712
YLR452C,YKL180W,0,-5.0994596,0.1412493884563446,0.8659999966621399,0.5264999866485596
YOR075W,YEL041W,0,-5.099822,0.14122635126113892,0.8659999966621399,0.5266000032424927
YEL018W,YGL208W,0,-5.1007557,0.14120332896709442,0.8659999966621399,0.5267000198364258
YDL214C,YER087W,0,-5.101773,0.14118030667304993,0.8659999966621399,0.5267999768257141
YDR103W,YHR123W,0,-5.10191,0.14115729928016663,0.8659999966621399,0.5268999934196472
YJR033C,YPL019C,1,-5.102368,0.14129726588726044,0.8669999837875366,0.5268999934196472
YDL002C,YDR496C,0,-5.102576,0.14127424359321594,0.8669999837875366,0.5270000100135803
YKL209C,YKL002W,0,-5.102916,0.14125122129917145,0.8669999837875366,0.5271000266075134
YHL021C,YDR398W,0,-5.1031513,0.14122821390628815,0.8669999837875366,0.5271999835968018
YDR173C,YMR279C,0,-5.1036634,0.14120520651340485,0.8669999837875366,0.5273000001907349
YJL219W,YJL156C,0,-5.1044188,0.14118221402168274,0.8669999837875366,0.527400016784668
YGL194C,YLR070C,0,-5.104451,0.14115923643112183,0.8669999837875366,0.5274999737739563
YER011W,YDR014W,0,-5.1044626,0.1411362588405609,0.8669999837875366,0.5275999903678894
YLR110C,YNR007C,0,-5.104593,0.14111328125,0.8669999837875366,0.5277000069618225
YHR104W,YER019C-A,0,-5.1047626,0.14109031856060028,0.8669999837875366,0.5278000235557556
YOR381W,YKL039W,0,-5.104864,0.14106735587120056,0.8669999837875366,0.527899980545044
YML131W,YMR260C,0,-5.1050653,0.14104440808296204,0.8669999837875366,0.527999997138977
YDR493W,YIL154C,0,-5.1053405,0.1410214751958847,0.8669999837875366,0.5281000137329102
YJR084W,YDL124W,0,-5.105341,0.14099854230880737,0.8669999837875366,0.5281999707221985
YPR161C,YNL293W,0,-5.1053658,0.14097560942173004,0.8669999837875366,0.5282999873161316
YNL031C,YDR156W,0,-5.1057825,0.1409526914358139,0.8669999837875366,0.5284000039100647
YGL261C,YKR051W,0,-5.105913,0.14092977344989777,0.8669999837875366,0.5285000205039978
YDR037W,YBR026C,0,-5.1066103,0.14090687036514282,0.8669999837875366,0.5285999774932861
YDR011W,YCL033C,0,-5.107011,0.14088398218154907,0.8669999837875366,0.5286999940872192
YNL125C,YER010C,0,-5.1071362,0.14086109399795532,0.8669999837875366,0.5288000106811523
YKL035W,YNL096C,0,-5.107256,0.14083820581436157,0.8669999837875366,0.5289000272750854
YNL092W,YLR200W,0,-5.107385,0.14081533253192902,0.8669999837875366,0.5289999842643738
YEL013W,YKL051W,1,-5.107388,0.140954852104187,0.8679999709129333,0.5289999842643738
YKL086W,YLL054C,0,-5.107598,0.14093196392059326,0.8679999709129333,0.5291000008583069
YNR015W,YLR001C,0,-5.1080256,0.1409090906381607,0.8679999709129333,0.52920001745224
YDR507C,YOR350C,0,-5.108596,0.14088621735572815,0.8679999709129333,0.5292999744415283
YLR329W,YDR381W,0,-5.1088862,0.1408633589744568,0.8679999709129333,0.5293999910354614
YAL011W,YGR040W,0,-5.1090903,0.14084050059318542,0.8679999709129333,0.5295000076293945
YDL122W,YJL010C,0,-5.1093926,0.14081765711307526,0.8679999709129333,0.5296000242233276
YDR341C,YJR141W,0,-5.1098824,0.1407948136329651,0.8679999709129333,0.529699981212616
YLR427W,YBR220C,0,-5.1102576,0.14077197015285492,0.8679999709129333,0.5297999978065491
YDR025W,YLR018C,0,-5.110299,0.14074914157390594,0.8679999709129333,0.5299000144004822
YNR013C,YGR103W,0,-5.1104317,0.14072632789611816,0.8679999709129333,0.5299999713897705
YPR022C,YKL092C,0,-5.1106615,0.14070351421833038,0.8679999709129333,0.5300999879837036
YBR067C,YLR176C,0,-5.110774,0.1406807154417038,0.8679999709129333,0.5302000045776367
YDR104C,YOR312C,0,-5.111491,0.1406579166650772,0.8679999709129333,0.5303000211715698
YML102W,YDR192C,0,-5.1115503,0.14063513278961182,0.8679999709129333,0.5303999781608582
YER041W,YHR029C,0,-5.111876,0.14061234891414642,0.8679999709129333,0.5304999947547913
YKR017C,YJL034W,0,-5.1124725,0.14058956503868103,0.8679999709129333,0.5306000113487244
YLR297W,YKL126W,0,-5.11257,0.14056679606437683,0.8679999709129333,0.5307000279426575
YBR150C,YER093C,0,-5.1128387,0.14054404199123383,0.8679999709129333,0.5307999849319458
YML042W,YGL010W,0,-5.1130424,0.14052128791809082,0.8679999709129333,0.5309000015258789
YPL169C,YFR032C-A,0,-5.113669,0.140498548746109,0.8679999709129333,0.531000018119812
YBR130C,YBR081C,0,-5.1137366,0.1404758095741272,0.8679999709129333,0.5310999751091003
YJL006C,YFL052W,0,-5.113975,0.14045307040214539,0.8679999709129333,0.5311999917030334
YHR073W,YHR082C,0,-5.1144614,0.14043034613132477,0.8679999709129333,0.5313000082969666
YAL063C,YHR179W,0,-5.1145372,0.14040763676166534,0.8679999709129333,0.5314000248908997
YPL276W,YHL001W,0,-5.1146703,0.14038492739200592,0.8679999709129333,0.531499981880188
YOR092W,YGL122C,0,-5.114686,0.1403622180223465,0.8679999709129333,0.5315999984741211
YDL159W,YKL214C,0,-5.1151857,0.14033953845500946,0.8679999709129333,0.5317000150680542
YFR019W,YPL019C,1,-5.1152616,0.14047850668430328,0.8690000176429749,0.5317000150680542
YJR025C,YPR027C,0,-5.115264,0.14045579731464386,0.8690000176429749,0.5317999720573425
YJL062W,YGL100W,0,-5.115305,0.14043310284614563,0.8690000176429749,0.5318999886512756
YPL092W,YDR500C,0,-5.1157303,0.1404104083776474,0.8690000176429749,0.5320000052452087
YDR049W,YPR041W,0,-5.1158323,0.14038772881031036,0.8690000176429749,0.5321000218391418
YNL012W,YPR045C,0,-5.1159678,0.14036504924297333,0.8690000176429749,0.5321999788284302
YJR158W,YJL083W,0,-5.1160164,0.14034238457679749,0.8690000176429749,0.5322999954223633
YDR075W,YGR289C,0,-5.116198,0.14031971991062164,0.8690000176429749,0.5324000120162964
YJL111W,YDR040C,0,-5.1165876,0.1402970552444458,0.8690000176429749,0.5325000286102295
YDR137W,YNL261W,0,-5.116883,0.14027442038059235,0.8690000176429749,0.5325999855995178
YER134C,YNL036W,0,-5.117325,0.1402517706155777,0.8690000176429749,0.5327000021934509
YBR141C,YNL194C,0,-5.1181,0.14022913575172424,0.8690000176429749,0.532800018787384
YBR159W,YMR008C,0,-5.118682,0.14020651578903198,0.8690000176429749,0.5328999757766724
YMR088C,YLR034C,0,-5.118829,0.14018389582633972,0.8690000176429749,0.5329999923706055
YML114C,YBL078C,0,-5.1195607,0.14016129076480865,0.8690000176429749,0.5331000089645386
YDR097C,YPL006W,0,-5.119648,0.1401386857032776,0.8690000176429749,0.5332000255584717
YDL036C,YPL066W,0,-5.1196523,0.14011609554290771,0.8690000176429749,0.53329998254776
YBR301W,YMR043W,0,-5.1202297,0.14009350538253784,0.8690000176429749,0.5333999991416931
YLL011W,YDL211C,0,-5.120409,0.14007091522216797,0.8690000176429749,0.5335000157356262
YOL165C,YBR017C,0,-5.120777,0.14004835486412048,0.8690000176429749,0.5335999727249146
YHR017W,YLR091W,0,-5.1209116,0.1400257796049118,0.8690000176429749,0.5336999893188477
YDL002C,YGR067C,0,-5.121064,0.14000321924686432,0.8690000176429749,0.5338000059127808
YNL248C,YER076C,0,-5.121234,0.13998067378997803,0.8690000176429749,0.5339000225067139
YOL032W,YLR323C,0,-5.121705,0.13995812833309174,0.8690000176429749,0.5339999794960022
YNL175C,YMR124W,0,-5.1226163,0.13993558287620544,0.8690000176429749,0.5340999960899353
YDL077C,YDR065W,1,-5.1234994,0.14007405936717987,0.8700000047683716,0.5340999960899353
YMR287C,YJR089W,0,-5.1240206,0.14005151391029358,0.8700000047683716,0.5342000126838684
YGL003C,YLR390W,0,-5.124067,0.1400289684534073,0.8700000047683716,0.5343000292778015
YLL057C,YLR239C,0,-5.1244707,0.1400064378976822,0.8700000047683716,0.5343999862670898
YPR151C,YDL176W,0,-5.1249266,0.1399839073419571,0.8700000047683716,0.534500002861023
YNL074C,YFR006W,0,-5.1251507,0.1399613916873932,0.8700000047683716,0.534600019454956
YJR057W,YDR072C,0,-5.1255198,0.13993887603282928,0.8700000047683716,0.5346999764442444
YEL019C,YLR246W,0,-5.1256256,0.13991637527942657,0.8700000047683716,0.5347999930381775
YPR152C,YBR161W,0,-5.1256504,0.13989387452602386,0.8700000047683716,0.5349000096321106
YGL226W,YGL160W,0,-5.1261854,0.13987138867378235,0.8700000047683716,0.5350000262260437
YNL264C,YJR050W,0,-5.1264935,0.13984890282154083,0.8700000047683716,0.535099983215332
YEL027W,YDR017C,1,-5.127124,0.13998714089393616,0.8709999918937683,0.535099983215332
YHR056C,YGR278W,0,-5.1277018,0.13996464014053345,0.8709999918937683,0.5351999998092651
YBR219C,YJL053W,0,-5.128741,0.13994215428829193,0.8709999918937683,0.5353000164031982
YIL091C,YKR090W,0,-5.1287556,0.1399196833372116,0.8709999918937683,0.5353999733924866
YER051W,YFL061W,0,-5.1289186,0.1398972123861313,0.8709999918937683,0.5354999899864197
YKL051W,YHR138C,1,-5.1291504,0.14003533124923706,0.871999979019165,0.5354999899864197
YKL133C,YOL105C,0,-5.1292048,0.14001284539699554,0.871999979019165,0.5356000065803528
YNL178W,YLR070C,0,-5.129505,0.13999037444591522,0.871999979019165,0.5357000231742859
YBR189W,YDR309C,0,-5.1300755,0.1399679034948349,0.871999979019165,0.5357999801635742
YER172C,YDR034C,0,-5.1304502,0.13994543254375458,0.871999979019165,0.5358999967575073
YER042W,YKL193C,0,-5.1314497,0.13992297649383545,0.871999979019165,0.5360000133514404
YNL255C,YPR107C,0,-5.1316004,0.13990053534507751,0.871999979019165,0.5360999703407288
YDL054C,YBL072C,0,-5.131818,0.13987809419631958,0.871999979019165,0.5361999869346619
YGR054W,YDR229W,0,-5.131825,0.13985565304756165,0.871999979019165,0.536300003528595
YBR073W,YKR055W,0,-5.1321898,0.1398332267999649,0.871999979019165,0.5364000201225281
YDR294C,YGL082W,0,-5.1324167,0.13981080055236816,0.871999979019165,0.5364999771118164
YLR100W,YMR159C,0,-5.1325226,0.13978838920593262,0.871999979019165,0.5365999937057495
YDR087C,YFR030W,0,-5.133193,0.13976599276065826,0.871999979019165,0.5367000102996826
YLR120C,YDL141W,0,-5.1332717,0.1397435963153839,0.871999979019165,0.5368000268936157
YMR321C,YJL092W,0,-5.133943,0.13972119987010956,0.871999979019165,0.536899983882904
YML088W,YNL305C,0,-5.1340294,0.1396988183259964,0.871999979019165,0.5370000004768372
YGL187C,YGR106C,0,-5.1342163,0.13967643678188324,0.871999979019165,0.5371000170707703
YDL001W,YLR054C,0,-5.13457,0.13965407013893127,0.871999979019165,0.5371999740600586
YOR336W,YJR053W,0,-5.1347547,0.1396317034959793,0.871999979019165,0.5372999906539917
YNL064C,YER114C,0,-5.1349936,0.13960935175418854,0.871999979019165,0.5374000072479248
YPL231W,YJL091C,0,-5.135383,0.13958700001239777,0.871999979019165,0.5375000238418579
YKR098C,YKL134C,0,-5.135456,0.1395646631717682,0.871999979019165,0.5375999808311462
YMR274C,YMR119W,0,-5.136114,0.1395423263311386,0.871999979019165,0.5376999974250793
YDR513W,YKL053C-A,0,-5.136512,0.13952000439167023,0.871999979019165,0.5378000140190125
YCL010C,YDL018C,0,-5.1368475,0.13949768245220184,0.871999979019165,0.5378999710083008
YOL047C,YIL067C,0,-5.13702,0.13947536051273346,0.871999979019165,0.5379999876022339
YOL038W,YGL139W,0,-5.1370687,0.13945306837558746,0.871999979019165,0.538100004196167
YHL022C,YPR137W,0,-5.137573,0.13943076133728027,0.871999979019165,0.5382000207901001
YNL185C,YOL139C,0,-5.137844,0.13940846920013428,0.871999979019165,0.5382999777793884
YBR245C,YNL096C,0,-5.1380134,0.13938619196414948,0.871999979019165,0.5383999943733215
YER156C,YBR231C,0,-5.138154,0.13936391472816467,0.871999979019165,0.5385000109672546
YDL139C,YGL208W,0,-5.138397,0.13934163749217987,0.871999979019165,0.5386000275611877
YBL080C,YOR224C,0,-5.1388965,0.13931937515735626,0.871999979019165,0.5386999845504761
YGL075C,YDR194C,0,-5.139364,0.13929712772369385,0.871999979019165,0.5388000011444092
YJL033W,YCR067C,0,-5.1399417,0.13927488029003143,0.871999979019165,0.5389000177383423
YDR059C,YMR247C,0,-5.140004,0.13925263285636902,0.871999979019165,0.5389999747276306
YGR183C,YJR101W,0,-5.1402683,0.1392304003238678,0.871999979019165,0.5390999913215637
YOR371C,YER044C,0,-5.1405654,0.13920816779136658,0.871999979019165,0.5392000079154968
YMR286W,YKL141W,0,-5.1406584,0.13918595016002655,0.871999979019165,0.5393000245094299
YIL026C,YMR308C,0,-5.141837,0.13916374742984772,0.871999979019165,0.5393999814987183
YNL307C,YPL183C,0,-5.141908,0.1391415297985077,0.871999979019165,0.5394999980926514
YOL089C,YLR008C,0,-5.1421585,0.13911934196949005,0.871999979019165,0.5396000146865845
YLR207W,YMR281W,0,-5.142518,0.13909713923931122,0.871999979019165,0.5396999716758728
YHR194W,YDR063W,0,-5.1426163,0.13907496631145477,0.871999979019165,0.5397999882698059
YHR136C,YHR198C,0,-5.1427407,0.13905277848243713,0.871999979019165,0.539900004863739
YMR112C,YFL014W,0,-5.1432753,0.1390306055545807,0.871999979019165,0.5400000214576721
YGL114W,YDR303C,0,-5.143324,0.13900844752788544,0.871999979019165,0.5400999784469604
YGR276C,YPL167C,0,-5.143639,0.13898628950119019,0.871999979019165,0.5401999950408936
YIR037W,YHR168W,0,-5.143794,0.13896414637565613,0.871999979019165,0.5403000116348267
YOL161C,YGL050W,0,-5.143837,0.13894200325012207,0.871999979019165,0.5404000282287598
YDL010W,YDL211C,0,-5.144309,0.138919860124588,0.871999979019165,0.5404999852180481
YCL074W,YER179W,0,-5.144527,0.13889773190021515,0.871999979019165,0.5406000018119812
YDR206W,YOR099W,0,-5.1449027,0.13887561857700348,0.871999979019165,0.5407000184059143
YDR352W,YBR262C,0,-5.1455736,0.1388535052537918,0.871999979019165,0.5407999753952026
YJR159W,YPL099C,0,-5.146277,0.13883139193058014,0.871999979019165,0.5408999919891357
YHR029C,YGL004C,0,-5.1463223,0.13880929350852966,0.871999979019165,0.5410000085830688
YER025W,YDR062W,0,-5.1466365,0.13878720998764038,0.871999979019165,0.541100025177002
YKR063C,YHR182W,0,-5.1466794,0.1387651115655899,0.871999979019165,0.5411999821662903
YMR060C,YLR373C,0,-5.1472483,0.13874304294586182,0.871999979019165,0.5412999987602234
YMR164C,YAL018C,0,-5.1476135,0.13872097432613373,0.871999979019165,0.5414000153541565
YPR095C,YPR075C,0,-5.1484137,0.13869890570640564,0.871999979019165,0.5414999723434448
YLR341W,YDL006W,0,-5.1486545,0.13867685198783875,0.871999979019165,0.5415999889373779
YMR124W,YDL024C,0,-5.1490626,0.13865479826927185,0.871999979019165,0.541700005531311
YML037C,YGL144C,0,-5.1490793,0.13863274455070496,0.871999979019165,0.5418000221252441
YJR070C,YDL248W,0,-5.149221,0.13861072063446045,0.871999979019165,0.5418999791145325
YMR134W,YNL339C,0,-5.1501513,0.13858868181705475,0.871999979019165,0.5419999957084656
YPL241C,YHR127W,0,-5.1503315,0.13856665790081024,0.871999979019165,0.5421000123023987
YMR053C,YKL155C,0,-5.1510124,0.13854464888572693,0.871999979019165,0.5422000288963318
YOL053W,YDR158W,0,-5.151243,0.13852263987064362,0.871999979019165,0.5422999858856201
YBR025C,YGR213C,0,-5.1513815,0.1385006308555603,0.871999979019165,0.5424000024795532
YLR293C,YPR079W,0,-5.151435,0.13847863674163818,0.871999979019165,0.5425000190734863
YMR231W,YER072W,1,-5.1517134,0.1386154294013977,0.8730000257492065,0.5425000190734863
YMR074C,YER019C-A,0,-5.1517987,0.1385934203863144,0.8730000257492065,0.5425999760627747
YLR212C,YOL153C,0,-5.1518574,0.13857142627239227,0.8730000257492065,0.5426999926567078
YOR122C,YPR079W,0,-5.152257,0.13854943215847015,0.8730000257492065,0.5428000092506409
YMR321C,YGR121C,0,-5.152343,0.13852745294570923,0.8730000257492065,0.542900025844574
YKL092C,YMR029C,0,-5.153535,0.1385054737329483,0.8730000257492065,0.5429999828338623
YDR075W,YOR115C,0,-5.153536,0.13848350942134857,0.8730000257492065,0.5430999994277954
YDR266C,YOR260W,0,-5.1544275,0.13846154510974884,0.8730000257492065,0.5432000160217285
YLR353W,YNL158W,0,-5.1545653,0.1384395807981491,0.8730000257492065,0.5432999730110168
YLR035C,YPL170W,0,-5.155715,0.13841763138771057,0.8730000257492065,0.54339998960495
YFR051C,YDR089W,0,-5.1557865,0.13839568197727203,0.8730000257492065,0.5435000061988831
YLR312W-A,YGR102C,0,-5.156211,0.1383737474679947,0.8730000257492065,0.5436000227928162
YLR312W-A,YDL059C,0,-5.156354,0.13835182785987854,0.8730000257492065,0.5436999797821045
YIR033W,YML097C,0,-5.1564426,0.1383298933506012,0.8730000257492065,0.5437999963760376
YMR166C,YDR530C,0,-5.157033,0.13830798864364624,0.8730000257492065,0.5439000129699707
YDR266C,YDR085C,0,-5.1575046,0.1382860690355301,0.8730000257492065,0.5440000295639038
YLR098C,YNL257C,0,-5.1581182,0.13826417922973633,0.8730000257492065,0.5440999865531921
YFR015C,YLR221C,0,-5.158483,0.13824227452278137,0.8730000257492065,0.5442000031471252
YBL032W,YGR281W,0,-5.1584883,0.1382203996181488,0.8730000257492065,0.5443000197410583
YML010W,YCR032W,0,-5.158922,0.13819850981235504,0.8730000257492065,0.5443999767303467
YLR216C,YOL077C,0,-5.159672,0.13817663490772247,0.8730000257492065,0.5444999933242798
YMR044W,YGR004W,0,-5.1599884,0.1381547749042511,0.8730000257492065,0.5446000099182129
YGR129W,YIL133C,0,-5.1603136,0.13813291490077972,0.8730000257492065,0.544700026512146
YJR143C,YDR410C,0,-5.1606817,0.13811105489730835,0.8730000257492065,0.5447999835014343
YHR138C,YOR326W,1,-5.1616774,0.13824738562107086,0.8740000128746033,0.5447999835014343
YLR058C,YOR288C,0,-5.161683,0.1382255256175995,0.8740000128746033,0.5449000000953674
YGR284C,YHR090C,0,-5.161998,0.1382036656141281,0.8740000128746033,0.5450000166893005
YKL018W,YNL215W,0,-5.1622343,0.13818182051181793,0.8740000128746033,0.5450999736785889
YHR006W,YNR027W,0,-5.1625814,0.13815997540950775,0.8740000128746033,0.545199990272522
YER174C,YML046W,0,-5.1626997,0.13813814520835876,0.8740000128746033,0.5453000068664551
YOR017W,YJR092W,0,-5.1629744,0.13811631500720978,0.8740000128746033,0.5454000234603882
YJR110W,YER070W,0,-5.1629925,0.1380944848060608,0.8740000128746033,0.5454999804496765
YMR176W,YHL004W,0,-5.1631336,0.138072669506073,0.8740000128746033,0.5455999970436096
YCR063W,YFL048C,0,-5.1631494,0.1380508542060852,0.8740000128746033,0.5457000136375427
YDL087C,YNL159C,0,-5.1634164,0.1380290538072586,0.8740000128746033,0.545799970626831
YHR074W,YDR466W,0,-5.1637926,0.1380072683095932,0.8740000128746033,0.5458999872207642
YOL114C,YLR055C,0,-5.16388,0.1379854679107666,0.8740000128746033,0.5460000038146973
YOL126C,YHR181W,0,-5.164177,0.1379636973142624,0.8740000128746033,0.5461000204086304
YOL100W,YDR410C,0,-5.1642103,0.13794191181659698,0.8740000128746033,0.5461999773979187
YMR041C,YHL013C,0,-5.1642537,0.13792015612125397,0.8740000128746033,0.5462999939918518
YJR119C,YMR166C,0,-5.164631,0.13789838552474976,0.8740000128746033,0.5464000105857849
YOR066W,YER175C,0,-5.1647663,0.13787662982940674,0.8740000128746033,0.546500027179718
YOR123C,YDR261C,0,-5.1651325,0.13785488903522491,0.8740000128746033,0.5465999841690063
YCL052C,YKL085W,0,-5.1654005,0.1378331482410431,0.8740000128746033,0.5467000007629395
YGR054W,YLR106C,0,-5.165761,0.13781142234802246,0.8740000128746033,0.5468000173568726
YKL022C,YBR295W,0,-5.165886,0.13778969645500183,0.8740000128746033,0.5468999743461609
YGL168W,YPR164W,0,-5.166067,0.1377679705619812,0.8740000128746033,0.546999990940094
YIL176C,YJR092W,0,-5.166912,0.13774625957012177,0.8740000128746033,0.5471000075340271
YDR001C,YDL229W,0,-5.166935,0.13772454857826233,0.8740000128746033,0.5472000241279602
YER011W,YGL144C,0,-5.167261,0.1377028524875641,0.8740000128746033,0.5472999811172485
YKL014C,YLR370C,0,-5.1676254,0.13768115639686584,0.8740000128746033,0.5473999977111816
YPL268W,YDL077C,1,-5.1678724,0.13781698048114777,0.875,0.5473999977111816
YMR002W,YBL099W,0,-5.1680536,0.13779526948928833,0.875,0.5475000143051147
YPL276W,YDR089W,0,-5.168248,0.1377735733985901,0.875,0.5475999712944031
YHR122W,YKL176C,0,-5.168343,0.13775189220905304,0.875,0.5476999878883362
YBL025W,YGL252C,0,-5.1688204,0.137730211019516,0.875,0.5478000044822693
YEL004W,YJL001W,0,-5.1688576,0.13770852982997894,0.875,0.5479000210762024
YGR041W,YBR046C,0,-5.169015,0.1376868635416031,0.875,0.5479999780654907
YFR005C,YOR378W,0,-5.1695395,0.13766519725322723,0.875,0.5480999946594238
YDR017C,YPL019C,1,-5.169818,0.13780084252357483,0.8759999871253967,0.5480999946594238
YNL012W,YOR045W,0,-5.169957,0.13777917623519897,0.8759999871253967,0.5482000112533569
YGL085W,YOL132W,0,-5.169977,0.13775750994682312,0.8759999871253967,0.54830002784729
YPR070W,YBR162W-A,0,-5.1701164,0.13773584365844727,0.8759999871253967,0.5483999848365784
YDR522C,YGR092W,0,-5.170543,0.1377141922712326,0.8759999871253967,0.5485000014305115
YDR099W,YNL062C,0,-5.170914,0.13769255578517914,0.8759999871253967,0.5486000180244446
YGL158W,YJR048W,0,-5.171461,0.13767090439796448,0.8759999871253967,0.5486999750137329
YDR003W,YIR018W,0,-5.171693,0.1376492828130722,0.8759999871253967,0.548799991607666
YJR033C,YHR138C,1,-5.171809,0.13778476417064667,0.8769999742507935,0.548799991607666
YDR176W,YBR186W,0,-5.171833,0.137763112783432,0.8769999742507935,0.5489000082015991
YOL135C,YJR088C,0,-5.1721745,0.13774147629737854,0.8769999742507935,0.5490000247955322
YFR040W,YMR221C,0,-5.172227,0.13771985471248627,0.8769999742507935,0.5490999817848206
YNL244C,YMR106C,0,-5.1729374,0.137698233127594,0.8769999742507935,0.5491999983787537
YGL141W,YOR132W,0,-5.173105,0.13767661154270172,0.8769999742507935,0.5493000149726868
YMR203W,YDR523C,0,-5.1731405,0.13765500485897064,0.8769999742507935,0.5493999719619751
YKL173W,YGL183C,0,-5.17331,0.13763339817523956,0.8769999742507935,0.5494999885559082
YGL210W,YEL034W,0,-5.173433,0.13761180639266968,0.8769999742507935,0.5496000051498413
YBL031W,YDL177C,0,-5.1736116,0.1375902146100998,0.8769999742507935,0.5497000217437744
YOR231W,YHR141C,0,-5.1736927,0.1375686228275299,0.8769999742507935,0.5497999787330627
YBR219C,YBL074C,0,-5.1739326,0.13754704594612122,0.8769999742507935,0.5498999953269958
YNL259C,YOL064C,0,-5.17401,0.13752548396587372,0.8769999742507935,0.550000011920929
YML022W,YDR461W,0,-5.174155,0.13750392198562622,0.8769999742507935,0.5501000285148621
YPR157W,YOR242C,0,-5.1742773,0.13748236000537872,0.8769999742507935,0.5501999855041504
YNL079C,YDR202C,1,-5.175084,0.1376175582408905,0.878000020980835,0.5501999855041504
YGL062W,YCR016W,0,-5.1754327,0.1375959813594818,0.878000020980835,0.5503000020980835
YDR443C,YOR127W,0,-5.1754785,0.1375744342803955,0.878000020980835,0.5504000186920166
YLR450W,YLR018C,0,-5.1757593,0.137552872300148,0.878000020980835,0.5504999756813049
YIL043C,YOL119C,0,-5.1764417,0.1375313252210617,0.878000020980835,0.550599992275238
YBR065C,YMR323W,0,-5.1780977,0.1375097930431366,0.878000020980835,0.5507000088691711
YKL088W,YFR041C,0,-5.178639,0.1374882608652115,0.878000020980835,0.5508000254631042
YJR058C,YML057W,0,-5.178704,0.13746672868728638,0.878000020980835,0.5508999824523926
YLR141W,YBR014C,0,-5.1795683,0.13744521141052246,0.878000020980835,0.5509999990463257
YBL011W,YNR004W,0,-5.1796627,0.13742369413375854,0.878000020980835,0.5511000156402588
YML106W,YCL033C,0,-5.1796846,0.13740219175815582,0.878000020980835,0.5511999726295471
YPL236C,YBR195C,0,-5.1803217,0.1373806893825531,0.878000020980835,0.5512999892234802
YNL201C,YPR037C,0,-5.1815033,0.13735920190811157,0.878000020980835,0.5514000058174133
YDL109C,YML096W,0,-5.1817985,0.13733771443367004,0.878000020980835,0.5515000224113464
YEL002C,YPR026W,0,-5.1826477,0.13731622695922852,0.878000020980835,0.5515999794006348
YDL156W,YHL040C,0,-5.1827574,0.13729475438594818,0.878000020980835,0.5516999959945679
YGR169C,YPR128C,0,-5.1836605,0.13727329671382904,0.878000020980835,0.551800012588501
YCL025C,YHR122W,0,-5.183701,0.1372518390417099,0.878000020980835,0.5519000291824341
YPL056C,YAL009W,0,-5.183798,0.13723038136959076,0.878000020980835,0.5519999861717224
YDR007W,YGL208W,0,-5.1839447,0.1372089385986328,0.878000020980835,0.5521000027656555
YDL010W,YGR171C,0,-5.184763,0.13718749582767487,0.878000020980835,0.5522000193595886
YMR278W,YPL085W,0,-5.185095,0.1371660679578781,0.878000020980835,0.552299976348877
YJR040W,YMR306W,0,-5.185619,0.13714464008808136,0.878000020980835,0.5523999929428101
YPL049C,YLR010C,0,-5.186573,0.1371232271194458,0.878000020980835,0.5525000095367432
YNR015W,YGL019W,0,-5.18658,0.13710181415081024,0.878000020980835,0.5526000261306763
YGL089C,YCL027C-A,0,-5.186699,0.13708040118217468,0.878000020980835,0.5526999831199646
YGL077C,YGL158W,0,-5.1872253,0.13705900311470032,0.878000020980835,0.5527999997138977
YJL191W,YER182W,0,-5.1872706,0.13703761994838715,0.878000020980835,0.5529000163078308
YDR324C,YHR156C,0,-5.1874323,0.13701623678207397,0.878000020980835,0.5529999732971191
YBR216C,YJL142C,0,-5.187764,0.1369948536157608,0.878000020980835,0.5530999898910522
YJL121C,YGR152C,0,-5.1878424,0.13697348535060883,0.878000020980835,0.5532000064849854
YMR286W,YDL102W,0,-5.1881237,0.13695211708545685,0.878000020980835,0.5533000230789185
YMR176W,YAL059W,0,-5.1881323,0.13693074882030487,0.878000020980835,0.5533999800682068
YLR133W,YMR217W,0,-5.188231,0.1369093954563141,0.878000020980835,0.5534999966621399
YBR101C,YKR028W,0,-5.1882486,0.1368880569934845,0.878000020980835,0.553600013256073
YMR209C,YGL116W,0,-5.1883097,0.1368667185306549,0.878000020980835,0.5536999702453613
YDL085W,YNL068C,0,-5.188451,0.13684538006782532,0.878000020980835,0.5537999868392944
YJR120W,YMR183C,0,-5.1887054,0.13682405650615692,0.878000020980835,0.5539000034332275
YLL049W,YGR127W,0,-5.189156,0.13680274784564972,0.878000020980835,0.5540000200271606
YDR097C,YBR005W,0,-5.1894035,0.13678142428398132,0.878000020980835,0.554099977016449
YDR453C,YIR024C,0,-5.189643,0.13676013052463531,0.878000020980835,0.5541999936103821
YDR446W,YGR199W,0,-5.1905937,0.1367388218641281,0.878000020980835,0.5543000102043152
YLR467W,YJR105W,0,-5.192554,0.1367175281047821,0.878000020980835,0.5544000267982483
YOR152C,YER064C,0,-5.192562,0.1366962492465973,0.878000020980835,0.5544999837875366
YNL153C,YMR142C,0,-5.1926265,0.13667497038841248,0.878000020980835,0.5546000003814697
YHR104W,YMR162C,0,-5.192761,0.13665369153022766,0.878000020980835,0.5547000169754028
YCL016C,YJR105W,0,-5.1929817,0.13663242757320404,0.878000020980835,0.5547999739646912
YDR483W,YNL334C,0,-5.1933956,0.1366111785173416,0.878000020980835,0.5548999905586243
YDR325W,YBR181C,0,-5.1936617,0.136589914560318,0.878000020980835,0.5550000071525574
YDL048C,YOL109W,0,-5.193686,0.13656868040561676,0.878000020980835,0.5551000237464905
YOR010C,YKL113C,0,-5.194897,0.13654743134975433,0.878000020980835,0.5551999807357788
YNL075W,YJR086W,0,-5.1957603,0.1365261971950531,0.878000020980835,0.5552999973297119
YGR128C,YKL161C,0,-5.1958947,0.13650497794151306,0.878000020980835,0.555400013923645
YNL015W,YGR209C,1,-5.196496,0.13663920760154724,0.8790000081062317,0.555400013923645
YPR187W,YCR023C,0,-5.196577,0.136617973446846,0.8790000081062317,0.5554999709129333
YOL165C,YNL245C,0,-5.1967,0.13659673929214478,0.8790000081062317,0.5555999875068665
YKR079C,YMR295C,0,-5.197028,0.13657552003860474,0.8790000081062317,0.5557000041007996
YLR024C,YCR040W,0,-5.198176,0.1365543007850647,0.8790000081062317,0.5558000206947327
YHR065C,YNL070W,0,-5.1987104,0.13653308153152466,0.8790000081062317,0.555899977684021
YDL134C,YGL194C,0,-5.198728,0.1365118771791458,0.8790000081062317,0.5559999942779541
YKL220C,YAR033W,0,-5.198926,0.13649068772792816,0.8790000081062317,0.5561000108718872
YKL069W,YIL113W,0,-5.1989784,0.1364694982767105,0.8790000081062317,0.5562000274658203
YMR009W,YCR053W,0,-5.199046,0.13644830882549286,0.8790000081062317,0.5562999844551086
YFL010W-A,YOR374W,0,-5.1994715,0.1364271342754364,0.8790000081062317,0.5564000010490417
YCL024W,YDR206W,0,-5.1995716,0.13640595972537994,0.8790000081062317,0.5565000176429749
YMR228W,YHR094C,0,-5.199682,0.13638480007648468,0.8790000081062317,0.5565999746322632
YML109W,YGL135W,0,-5.2001386,0.13636364042758942,0.8790000081062317,0.5566999912261963
YLR006C,YML115C,0,-5.200299,0.13634248077869415,0.8790000081062317,0.5568000078201294
YDL035C,YDR398W,0,-5.2003403,0.13632133603096008,0.8790000081062317,0.5569000244140625
YGR174C,YLR187W,0,-5.201124,0.1363002061843872,0.8790000081062317,0.5569999814033508
YIL014W,YER156C,0,-5.2015147,0.13627907633781433,0.8790000081062317,0.5570999979972839
YGR284C,YNL271C,0,-5.2018957,0.13625794649124146,0.8790000081062317,0.557200014591217
YGL131C,YGR225W,0,-5.2020445,0.13623683154582977,0.8790000081062317,0.5572999715805054
YHL039W,YHR010W,0,-5.2022567,0.1362157166004181,0.8790000081062317,0.5573999881744385
YFL016C,YML103C,0,-5.2025146,0.1361946016550064,0.8790000081062317,0.5575000047683716
YDL019C,YMR183C,0,-5.202907,0.13617350161075592,0.8790000081062317,0.5576000213623047
YKR084C,YNL282W,0,-5.203322,0.13615241646766663,0.8790000081062317,0.557699978351593
YKL063C,YMR246W,0,-5.2034054,0.13613133132457733,0.8790000081062317,0.5577999949455261
YEL006W,YIR025W,0,-5.203537,0.13611024618148804,0.8790000081062317,0.5579000115394592
YKL039W,YGR047C,0,-5.2037916,0.13608917593955994,0.8790000081062317,0.5580000281333923
YGR087C,YPR165W,0,-5.204003,0.13606810569763184,0.8790000081062317,0.5580999851226807
YDL138W,YDR245W,0,-5.2042494,0.13604705035686493,0.8790000081062317,0.5582000017166138
YMR150C,YMR030W,0,-5.204339,0.13602599501609802,0.8790000081062317,0.5583000183105469
YBL030C,YPL012W,0,-5.204642,0.1360049545764923,0.8790000081062317,0.5583999752998352
YKL148C,YML126C,0,-5.2055616,0.1359839141368866,0.8790000081062317,0.5584999918937683
YPL221W,YLR466W,0,-5.2058,0.13596287369728088,0.8790000081062317,0.5586000084877014
YER140W,YOR337W,0,-5.205957,0.13594184815883636,0.8790000081062317,0.5587000250816345
YML131W,YPL242C,0,-5.2062125,0.13592082262039185,0.8790000081062317,0.5587999820709229
YHR106W,YCR002C,0,-5.206506,0.13589981198310852,0.8790000081062317,0.558899998664856
YPR042C,YPR038W,0,-5.2068768,0.1358788013458252,0.8790000081062317,0.5590000152587891
YML029W,YOR147W,0,-5.2070484,0.13585780560970306,0.8790000081062317,0.5590999722480774
YMR203W,YGL227W,0,-5.207058,0.13583680987358093,0.8790000081062317,0.5591999888420105
YPL126W,YEL034W,0,-5.2072754,0.13581582903862,0.8790000081062317,0.5593000054359436
YHR028C,YGL191W,0,-5.2072916,0.13579483330249786,0.8790000081062317,0.5594000220298767
YMR060C,YBR220C,0,-5.2074175,0.13577386736869812,0.8790000081062317,0.559499979019165
YER112W,YCR052W,0,-5.207947,0.13575290143489838,0.8790000081062317,0.5595999956130981
YBR044C,YPL193W,0,-5.2079515,0.13573193550109863,0.8790000081062317,0.5597000122070312
YAR020C,YOR363C,0,-5.2080483,0.13571098446846008,0.8790000081062317,0.5598000288009644
YNL264C,YPR086W,0,-5.208165,0.13569003343582153,0.8790000081062317,0.5598999857902527
YOR130C,YDR281C,0,-5.2084956,0.13566908240318298,0.8790000081062317,0.5600000023841858
YPR091C,YDR171W,0,-5.208599,0.13564814627170563,0.8790000081062317,0.5601000189781189
YML052W,YGL194C,0,-5.2086782,0.13562722504138947,0.8790000081062317,0.5601999759674072
YKR055W,YOR212W,0,-5.208686,0.1356062889099121,0.8790000081062317,0.5602999925613403
YER072W,YOR068C,1,-5.208821,0.13573962450027466,0.8799999952316284,0.5602999925613403
YGL256W,YHR074W,0,-5.209082,0.1357186883687973,0.8799999952316284,0.5604000091552734
YJL033W,YFL059W,0,-5.2090883,0.13569776713848114,0.8799999952316284,0.5605000257492065
YPL213W,YIL132C,0,-5.210031,0.13567684590816498,0.8799999952316284,0.5605999827384949
YMR194W,YGR112W,0,-5.2100506,0.13565592467784882,0.8799999952316284,0.560699999332428
YNL222W,YBR220C,0,-5.2102013,0.13563501834869385,0.8799999952316284,0.5608000159263611
YGL062W,YKL001C,0,-5.210866,0.13561411201953888,0.8799999952316284,0.5608999729156494
YCR092C,YHR025W,0,-5.210907,0.1355932205915451,0.8799999952316284,0.5609999895095825
YDR369C,YGL258W,0,-5.2111983,0.13557232916355133,0.8799999952316284,0.5611000061035156
YDR430C,YPL135W,0,-5.21146,0.13555145263671875,0.8799999952316284,0.5612000226974487
YMR044W,YDR106W,0,-5.2117233,0.13553057610988617,0.8799999952316284,0.5612999796867371
YLR127C,YNL076W,0,-5.2122116,0.1355096995830536,0.8799999952316284,0.5613999962806702
YKL024C,YLR359W,0,-5.2124186,0.1354888379573822,0.8799999952316284,0.5615000128746033
YNL078W,YPL059W,0,-5.212439,0.13546797633171082,0.8799999952316284,0.5616000294685364
YLR190W,YGR001C,0,-5.2130027,0.13544712960720062,0.8799999952316284,0.5616999864578247
YJR107W,YPL084W,0,-5.213116,0.13542628288269043,0.8799999952316284,0.5618000030517578
YLR356W,YPL048W,0,-5.2134256,0.13540545105934143,0.8799999952316284,0.5619000196456909
YPR183W,YOR304W,0,-5.213832,0.13538461923599243,0.8799999952316284,0.5619999766349792
YHR128W,YOL070C,0,-5.213974,0.13536378741264343,0.8799999952316284,0.5620999932289124
YOR078W,YPL127C,0,-5.2140093,0.13534297049045563,0.8799999952316284,0.5622000098228455
YDR031W,YOR022C,0,-5.214179,0.13532215356826782,0.8799999952316284,0.5623000264167786
YMR114C,YGR198W,0,-5.2148247,0.1353013515472412,0.8799999952316284,0.5623999834060669
YLL062C,YKL139W,0,-5.215191,0.1352805495262146,0.8799999952316284,0.5625
YBR107C,YDR283C,0,-5.215228,0.13525976240634918,0.8799999952316284,0.5626000165939331
YPL095C,YML047C,0,-5.215342,0.13523897528648376,0.8799999952316284,0.5626999735832214
YBR020W,YKL043W,0,-5.215487,0.13521818816661835,0.8799999952316284,0.5627999901771545
YCR004C,YLR307W,0,-5.2158,0.13519741594791412,0.8799999952316284,0.5629000067710876
YMR154C,YPL084W,0,-5.2162347,0.1351766586303711,0.8799999952316284,0.5630000233650208
YER038C,YKL085W,0,-5.216357,0.13515588641166687,0.8799999952316284,0.5630999803543091
YKL180W,YDR155C,0,-5.216712,0.13513512909412384,0.8799999952316284,0.5631999969482422
YHR193C,YGR244C,0,-5.2170033,0.135114386677742,0.8799999952316284,0.5633000135421753
YHR006W,YNL157W,0,-5.2176027,0.13509364426136017,0.8799999952316284,0.5633999705314636
YIL048W,YHR138C,1,-5.2176523,0.13522639870643616,0.8809999823570251,0.5633999705314636
YGR122W,YOL066C,0,-5.217761,0.13520564138889313,0.8809999823570251,0.5634999871253967
YJR005W,YNR065C,0,-5.2178245,0.1351848989725113,0.8809999823570251,0.5636000037193298
YLL057C,YEL007W,0,-5.217861,0.13516415655612946,0.8809999823570251,0.5637000203132629
YDR515W,YIL094C,0,-5.2181,0.1351434290409088,0.8809999823570251,0.5637999773025513
YGL067W,YCR042C,0,-5.2183723,0.13512270152568817,0.8809999823570251,0.5638999938964844
YML056C,YER023W,0,-5.218405,0.13510197401046753,0.8809999823570251,0.5640000104904175
YNL115C,YIL099W,0,-5.2188635,0.13508126139640808,0.8809999823570251,0.5641000270843506
YJR054W,YDL060W,0,-5.219002,0.13506054878234863,0.8809999823570251,0.5641999840736389
YPL019C,YHR174W,1,-5.21961,0.1351931393146515,0.8820000290870667,0.5641999840736389
YJL174W,YNL097C,0,-5.2198877,0.13517241179943085,0.8820000290870667,0.564300000667572
YMR285C,YHR014W,0,-5.2199945,0.1351516991853714,0.8820000290870667,0.5644000172615051
YIR021W,YGR189C,0,-5.2207117,0.13513100147247314,0.8820000290870667,0.5644999742507935
YJL115W,YPR140W,0,-5.220847,0.1351102888584137,0.8820000290870667,0.5645999908447266
YOR391C,YCL033C,0,-5.2213387,0.13508960604667664,0.8820000290870667,0.5647000074386597
YGR048W,YJR013W,0,-5.2214437,0.13506890833377838,0.8820000290870667,0.5648000240325928
YDR477W,YBR257W,0,-5.2223845,0.13504822552204132,0.8820000290870667,0.5648999810218811
YNL083W,YNL067W,0,-5.2225223,0.13502755761146545,0.8820000290870667,0.5649999976158142
YPR021C,YNR041C,0,-5.2227163,0.1350068897008896,0.8820000290870667,0.5651000142097473
YNL059C,YOR393W,0,-5.2238045,0.13498622179031372,0.8820000290870667,0.5651999711990356
YER184C,YGR089W,0,-5.224269,0.13496556878089905,0.8820000290870667,0.5652999877929688
YIR013C,YDR466W,0,-5.2243295,0.13494491577148438,0.8820000290870667,0.5654000043869019
YBR006W,YOR285W,0,-5.2245173,0.1349242776632309,0.8820000290870667,0.565500020980835
YBL080C,YGR149W,0,-5.2249684,0.13490363955497742,0.8820000290870667,0.5655999779701233
YFL046W,YDL024C,0,-5.225111,0.13488301634788513,0.8820000290870667,0.5656999945640564
YGR140W,YDR513W,0,-5.22526,0.13486237823963165,0.8820000290870667,0.5658000111579895
YDL230W,YBR098W,0,-5.2253447,0.13484176993370056,0.8820000290870667,0.5659000277519226
YPR067W,YPL003W,0,-5.226367,0.13482116162776947,0.8820000290870667,0.5659999847412109
YER138C,YGL064C,0,-5.226393,0.13480055332183838,0.8820000290870667,0.566100001335144
YBR037C,YOR038C,0,-5.226734,0.1347799450159073,0.8820000290870667,0.5662000179290771
YGR170W,YJR106W,0,-5.2275777,0.1347593516111374,0.8820000290870667,0.5662999749183655
YOL096C,YDR351W,0,-5.228135,0.1347387731075287,0.8820000290870667,0.5663999915122986
YBR166C,YPR153W,0,-5.228402,0.13471819460391998,0.8820000290870667,0.5665000081062317
YFR025C,YOR212W,0,-5.228464,0.13469761610031128,0.8820000290870667,0.5666000247001648
YPL244C,YOR330C,0,-5.228486,0.13467705249786377,0.8820000290870667,0.5666999816894531
YJR099W,YCL064C,0,-5.229067,0.13465648889541626,0.8820000290870667,0.5667999982833862
YBR289W,YMR065W,0,-5.2291636,0.13463594019412994,0.8820000290870667,0.5669000148773193
YOL038W,YGR059W,0,-5.2292395,0.13461539149284363,0.8820000290870667,0.5669999718666077
YKL155C,YOR243C,0,-5.229247,0.1345948427915573,0.8820000290870667,0.5670999884605408
YDL140C,YBL087C,0,-5.2292986,0.1345743089914322,0.8820000290870667,0.5672000050544739
YPR088C,YFL066C,0,-5.229538,0.13455377519130707,0.8820000290870667,0.567300021648407
YPL149W,YGR145W,0,-5.2300406,0.13453325629234314,0.8820000290870667,0.5673999786376953
YDL052C,YNL308C,0,-5.2303567,0.1345127373933792,0.8820000290870667,0.5674999952316284
YGR283C,YFL025C,0,-5.2310495,0.13449221849441528,0.8820000290870667,0.5676000118255615
YBR029C,YNL076W,0,-5.2313023,0.13447171449661255,0.8820000290870667,0.5677000284194946
YJL127C,YNL147W,0,-5.231522,0.134451225399971,0.8820000290870667,0.567799985408783
YNL012W,YGR201C,0,-5.231554,0.13443072140216827,0.8820000290870667,0.5679000020027161
YMR143W,YGR053C,0,-5.231881,0.13441024720668793,0.8820000290870667,0.5680000185966492
YLR212C,YLR160C,0,-5.232094,0.1343897581100464,0.8820000290870667,0.5680999755859375
YOL087C,YPL171C,0,-5.2321777,0.13436928391456604,0.8820000290870667,0.5681999921798706
YHR171W,YPL003W,0,-5.2322083,0.1343488246202469,0.8820000290870667,0.5683000087738037
YDL069C,YER068W,0,-5.2324314,0.13432836532592773,0.8820000290870667,0.5684000253677368
YER069W,YGL245W,0,-5.23251,0.13430790603160858,0.8820000290870667,0.5684999823570251
YPL230W,YER109C,0,-5.232521,0.13428746163845062,0.8820000290870667,0.5685999989509583
YHR004C,YBR269C,0,-5.2345033,0.13426701724529266,0.8820000290870667,0.5687000155448914
YGR102C,YLR238W,0,-5.2350845,0.1342465728521347,0.8820000290870667,0.5687999725341797
YMR314W,YOL149W,0,-5.23515,0.13422614336013794,0.8820000290870667,0.5688999891281128
YDL085W,YPR028W,0,-5.235553,0.13420571386814117,0.8820000290870667,0.5690000057220459
YKR048C,YHR081W,0,-5.2355556,0.1341852992773056,0.8820000290870667,0.569100022315979
YHL032C,YDR309C,0,-5.235695,0.13416488468647003,0.8820000290870667,0.5691999793052673
YOR023C,YCR015C,0,-5.2367153,0.13414448499679565,0.8820000290870667,0.5692999958992004
YLR443W,YJL089W,0,-5.2370195,0.13412408530712128,0.8820000290870667,0.5694000124931335
YLR093C,YNL155W,0,-5.2370286,0.1341037005186081,0.8820000290870667,0.5695000290870667
YDR194C,YER020W,0,-5.2371883,0.13408330082893372,0.8820000290870667,0.569599986076355
YDR308C,YMR011W,0,-5.237418,0.13406293094158173,0.8820000290870667,0.5697000026702881
YHR150W,YDL119C,0,-5.237643,0.13404254615306854,0.8820000290870667,0.5698000192642212
YDR248C,YHR062C,0,-5.2378106,0.13402219116687775,0.8820000290870667,0.5698999762535095
YPL103C,YBR035C,0,-5.2380033,0.13400182127952576,0.8820000290870667,0.5699999928474426
YDR045C,YPR116W,0,-5.2380476,0.13398146629333496,0.8820000290870667,0.5701000094413757
YIL138C,YKR007W,1,-5.2386723,0.13411299884319305,0.8830000162124634,0.5701000094413757
YDL104C,YBR073W,0,-5.238908,0.13409262895584106,0.8830000162124634,0.5702000260353088
YGR097W,YDL049C,0,-5.2399864,0.13407227396965027,0.8830000162124634,0.5702999830245972
YDR253C,YHR123W,0,-5.240196,0.13405191898345947,0.8830000162124634,0.5703999996185303
YBL046W,YLR448W,0,-5.240288,0.13403157889842987,0.8830000162124634,0.5705000162124634
YML130C,YNL309W,0,-5.2417145,0.13401122391223907,0.8830000162124634,0.5705999732017517
YDR085C,YKL005C,0,-5.242944,0.13399089872837067,0.8830000162124634,0.5706999897956848
YHR192W,YBL088C,0,-5.24304,0.13397055864334106,0.8830000162124634,0.5708000063896179
YMR309C,YDR116C,0,-5.2432194,0.13395024836063385,0.8830000162124634,0.570900022983551
YOR311C,YMR016C,0,-5.243253,0.13392992317676544,0.8830000162124634,0.5709999799728394
YGL134W,YLR304C,0,-5.2434807,0.13390961289405823,0.8830000162124634,0.5710999965667725
YER025W,YJL115W,0,-5.243758,0.1338893175125122,0.8830000162124634,0.5712000131607056
YMR017W,YBR162C,0,-5.2438188,0.133869007229805,0.8830000162124634,0.5713000297546387
YOR211C,YKR027W,0,-5.244252,0.13384871184825897,0.8830000162124634,0.571399986743927
YHL046C,YDL212W,0,-5.2442846,0.13382843136787415,0.8830000162124634,0.5715000033378601
YHL039W,YLR448W,0,-5.244398,0.13380815088748932,0.8830000162124634,0.5716000199317932
YEL068C,YDR283C,0,-5.244398,0.13378788530826569,0.8830000162124634,0.5716999769210815
YOL114C,YJR123W,0,-5.2450886,0.13376760482788086,0.8830000162124634,0.5717999935150146
YJL002C,YLR460C,0,-5.2451377,0.13374735414981842,0.8830000162124634,0.5719000101089478
YGL160W,YDR362C,0,-5.2451982,0.1337270885705948,0.8830000162124634,0.5720000267028809
YGR185C,YBR269C,0,-5.246398,0.13370683789253235,0.8830000162124634,0.5720999836921692
YOL034W,YLR459W,0,-5.246752,0.1336866021156311,0.8830000162124634,0.5722000002861023
YML096W,YLL062C,0,-5.247589,0.13366636633872986,0.8830000162124634,0.5723000168800354
YGR030C,YLR163C,0,-5.2483063,0.1336461305618286,0.8830000162124634,0.5723999738693237
YML042W,YPR204W,0,-5.2483854,0.13362590968608856,0.8830000162124634,0.5724999904632568
YOR214C,YNL127W,0,-5.248818,0.1336056888103485,0.8830000162124634,0.5726000070571899
YER042W,YKL220C,0,-5.248963,0.13358548283576965,0.8830000162124634,0.572700023651123
YJR010W,YLR466W,0,-5.2495055,0.1335652768611908,0.8830000162124634,0.5727999806404114
YGR154C,YKL128C,0,-5.2496204,0.13354507088661194,0.8830000162124634,0.5728999972343445
YMR189W,YKL160W,0,-5.2499743,0.13352487981319427,0.8830000162124634,0.5730000138282776
YBR006W,YIR032C,0,-5.2505107,0.1335046887397766,0.8830000162124634,0.5730999708175659
YGR113W,YFR055W,0,-5.250628,0.13348449766635895,0.8830000162124634,0.573199987411499
YCR040W,YDR519W,0,-5.2513285,0.13346432149410248,0.8830000162124634,0.5733000040054321
YDR294C,YFR030W,0,-5.251516,0.1334441602230072,0.8830000162124634,0.5734000205993652
YDL160C,YBR222C,0,-5.25263,0.13342399895191193,0.8830000162124634,0.5734999775886536
YDL133C-A,YEL042W,0,-5.252887,0.13340383768081665,0.8830000162124634,0.5735999941825867
YMR002W,YEL043W,0,-5.2531166,0.13338369131088257,0.8830000162124634,0.5737000107765198
YGR030C,YDR385W,0,-5.2532167,0.1333635449409485,0.8830000162124634,0.5738000273704529
YHR063C,YOL104C,0,-5.253251,0.1333433985710144,0.8830000162124634,0.5738999843597412
YIL136W,YPL202C,0,-5.253309,0.13332326710224152,0.8830000162124634,0.5740000009536743
YDR488C,YBL010C,0,-5.2542925,0.13330313563346863,0.8830000162124634,0.5741000175476074
YJR016C,YPL273W,0,-5.254423,0.13328301906585693,0.8830000162124634,0.5741999745368958
YMR224C,YJR100C,0,-5.254853,0.13326290249824524,0.8830000162124634,0.5742999911308289
YCL024W,YOR017W,0,-5.2550135,0.13324280083179474,0.8830000162124634,0.574400007724762
YDR375C,YLR284C,0,-5.2552996,0.13322268426418304,0.8830000162124634,0.5745000243186951
YDR060W,YOR391C,0,-5.255775,0.13320259749889374,0.8830000162124634,0.5745999813079834
YNL247W,YNL259C,0,-5.255912,0.13318251073360443,0.8830000162124634,0.5746999979019165
YDR178W,YPL202C,0,-5.2562284,0.13316242396831512,0.8830000162124634,0.5748000144958496
YGL226W,YPL202C,0,-5.2567434,0.13314233720302582,0.8830000162124634,0.5748999714851379
YER117W,YPR037C,0,-5.2577987,0.1331222653388977,0.8830000162124634,0.574999988079071
YHR215W,YPL093W,0,-5.2579546,0.1331021934747696,0.8830000162124634,0.5751000046730042
YKL119C,YFR019W,1,-5.258152,0.13323286175727844,0.8840000033378601,0.5751000046730042
YGL233W,YHR176W,0,-5.2586184,0.13321277499198914,0.8840000033378601,0.5752000212669373
YGR047C,YDL217C,0,-5.2588816,0.13319270312786102,0.8840000033378601,0.5752999782562256
YMR174C,YDL195W,0,-5.2592998,0.1331726461648941,0.8840000033378601,0.5753999948501587
YOR141C,YOR221C,0,-5.259309,0.13315258920192719,0.8840000033378601,0.5755000114440918
YPL005W,YLR371W,0,-5.259414,0.13313253223896027,0.8840000033378601,0.5756000280380249
YDR098C,YBL034C,0,-5.259492,0.13311249017715454,0.8840000033378601,0.5756999850273132
YEL013W,YLR240W,1,-5.2603445,0.13324299454689026,0.8849999904632568,0.5756999850273132
YHR198C,YKL141W,0,-5.260385,0.13322293758392334,0.8849999904632568,0.5758000016212463
YGR053C,YOL070C,0,-5.260561,0.13320289552211761,0.8849999904632568,0.5759000182151794
YMR098C,YLR145W,0,-5.2607155,0.1331828385591507,0.8849999904632568,0.5759999752044678
YDR539W,YPL027W,0,-5.2608333,0.13316281139850616,0.8849999904632568,0.5760999917984009
YDL058W,YJL162C,0,-5.2609186,0.13314276933670044,0.8849999904632568,0.576200008392334
YPL282C,YOR134W,0,-5.2617235,0.1331227421760559,0.8849999904632568,0.5763000249862671
YDR472W,YMR085W,0,-5.2617946,0.13310271501541138,0.8849999904632568,0.5763999819755554
YLR225C,YKL209C,0,-5.262314,0.13308270275592804,0.8849999904632568,0.5764999985694885
YGR080W,YGR134W,0,-5.2625103,0.1330626904964447,0.8849999904632568,0.5766000151634216
YLR013W,YLR256W,0,-5.2630315,0.13304269313812256,0.8849999904632568,0.57669997215271
YGL093W,YKR067W,0,-5.2635164,0.13302269577980042,0.8849999904632568,0.5767999887466431
YGR184C,YGL192W,0,-5.263786,0.13300269842147827,0.8849999904632568,0.5769000053405762
YGL263W,YNL271C,0,-5.2641087,0.13298271596431732,0.8849999904632568,0.5770000219345093
YKL025C,YMR014W,0,-5.2647166,0.13296273350715637,0.8849999904632568,0.5770999789237976
YLR359W,YLR042C,0,-5.26515,0.13294276595115662,0.8849999904632568,0.5771999955177307
YGR175C,YER146W,0,-5.2653923,0.13292279839515686,0.8849999904632568,0.5773000121116638
YKL148C,YPR141C,0,-5.265484,0.1329028308391571,0.8849999904632568,0.5774000287055969
YIL111W,YPR103W,0,-5.2655535,0.13288287818431854,0.8849999904632568,0.5774999856948853
YMR240C,YMR268C,0,-5.2656155,0.13286294043064117,0.8849999904632568,0.5776000022888184
YLR121C,YHR082C,0,-5.2656193,0.1328429877758026,0.8849999904632568,0.5777000188827515
YMR229C,YMR111C,0,-5.265751,0.13282305002212524,0.8849999904632568,0.5777999758720398
YKR085C,YHR029C,0,-5.266371,0.13280312716960907,0.8849999904632568,0.5778999924659729
YDL106C,YNL072W,0,-5.2671003,0.1327831894159317,0.8849999904632568,0.578000009059906
YNL178W,YML124C,0,-5.2671423,0.13276328146457672,0.8849999904632568,0.5781000256538391
YNL064C,YNR072W,0,-5.2673845,0.13274335861206055,0.8849999904632568,0.5781999826431274
YPR133C,YDR386W,0,-5.2674484,0.13272345066070557,0.8849999904632568,0.5782999992370605
YGL263W,YHR160C,0,-5.26773,0.13270355761051178,0.8849999904632568,0.5784000158309937
YCR100C,YPR113W,0,-5.2679377,0.132683664560318,0.8849999904632568,0.578499972820282
YHR007C,YBL021C,0,-5.2685,0.1326637715101242,0.8849999904632568,0.5785999894142151
YOR019W,YGR211W,0,-5.268792,0.13264387845993042,0.8849999904632568,0.5787000060081482
YGR093W,YMR030W,0,-5.2688875,0.13262400031089783,0.8849999904632568,0.5788000226020813
YDR182W,YKL135C,0,-5.268894,0.13260413706302643,0.8849999904632568,0.5788999795913696
YGL127C,YPL171C,0,-5.2691293,0.13258427381515503,0.8849999904632568,0.5789999961853027
YML051W,YOR116C,0,-5.2695856,0.13256441056728363,0.8849999904632568,0.5791000127792358
YIL144W,YNL245C,0,-5.2696404,0.13254456222057343,0.8849999904632568,0.579200029373169
YCR007C,YPL233W,0,-5.2698865,0.13252471387386322,0.8849999904632568,0.5792999863624573
YKL087C,YGL161C,0,-5.27077,0.13250486552715302,0.8849999904632568,0.5794000029563904
YBL088C,YHR112C,0,-5.270952,0.132485032081604,0.8849999904632568,0.5795000195503235
YPR054W,YCL043C,0,-5.2712784,0.132465198636055,0.8849999904632568,0.5795999765396118
YMR300C,YHR087W,0,-5.2718105,0.13244538009166718,0.8849999904632568,0.5796999931335449
YNL167C,YDL240W,0,-5.2719574,0.13242556154727936,0.8849999904632568,0.579800009727478
YPL127C,YFL057C,0,-5.272117,0.13240574300289154,0.8849999904632568,0.5799000263214111
YPL082C,YDR478W,0,-5.272192,0.13238593935966492,0.8849999904632568,0.5799999833106995
YCR097W,YMR277W,0,-5.272402,0.1323661357164383,0.8849999904632568,0.5800999999046326
YKL051W,YLR240W,1,-5.27265,0.13249588012695312,0.8859999775886536,0.5800999999046326
YAL013W,YCR040W,0,-5.27268,0.1324760764837265,0.8859999775886536,0.5802000164985657
YAL018C,YBR034C,0,-5.2727056,0.13245627284049988,0.8859999775886536,0.580299973487854
YHR154W,YNL068C,0,-5.2729344,0.13243646919727325,0.8859999775886536,0.5803999900817871
YJL011C,YKR072C,0,-5.2729893,0.13241668045520782,0.8859999775886536,0.5805000066757202
YOR245C,YJR060W,0,-5.273061,0.1323968917131424,0.8859999775886536,0.5806000232696533
YNL022C,YER117W,0,-5.273294,0.13237710297107697,0.8859999775886536,0.5806999802589417
YLR035C,YNR070W,0,-5.2736735,0.13235732913017273,0.8859999775886536,0.5807999968528748
YGL098W,YJL093C,0,-5.274211,0.1323375701904297,0.8859999775886536,0.5809000134468079
YJL072C,YER061C,0,-5.2744894,0.13231779634952545,0.8859999775886536,0.5809999704360962
YDL201W,YDR145W,0,-5.275626,0.1322980374097824,0.8859999775886536,0.5810999870300293
YER172C,YHR156C,0,-5.2766647,0.13227829337120056,0.8859999775886536,0.5812000036239624
YNL061W,YIL108W,0,-5.277383,0.1322585493326187,0.8859999775886536,0.5813000202178955
YGR062C,YNR022C,0,-5.2775354,0.13223880529403687,0.8859999775886536,0.5813999772071838
YAL015C,YGL122C,0,-5.2775536,0.1322190761566162,0.8859999775886536,0.5814999938011169
YOL111C,YOL132W,0,-5.2777357,0.13219934701919556,0.8859999775886536,0.58160001039505
YCR009C,YMR129W,0,-5.2777686,0.1321796178817749,0.8859999775886536,0.5817000269889832
YJL100W,YCL057W,0,-5.2781343,0.13215990364551544,0.8859999775886536,0.5817999839782715
YBL031W,YML013W,0,-5.278517,0.13214018940925598,0.8859999775886536,0.5819000005722046
YCR008W,YKL183W,0,-5.2795186,0.13212049007415771,0.8859999775886536,0.5820000171661377
YOR096W,YOR141C,0,-5.2795906,0.13210079073905945,0.8859999775886536,0.582099974155426
YLR093C,YCR091W,0,-5.280238,0.13208109140396118,0.8859999775886536,0.5821999907493591
YGL097W,YJR028W,0,-5.2806063,0.1320614069700241,0.8859999775886536,0.5823000073432922
YCR046C,YCR104W,0,-5.2808847,0.13204172253608704,0.8859999775886536,0.5824000239372253
YNL136W,YAR002W,0,-5.28123,0.13202205300331116,0.8859999775886536,0.5824999809265137
YKL105C,YHR069C,0,-5.281431,0.13200238347053528,0.8859999775886536,0.5825999975204468
YEL011W,YDL195W,0,-5.281739,0.1319827139377594,0.8859999775886536,0.5827000141143799
YJL156C,YLR088W,0,-5.2820153,0.13196305930614471,0.8859999775886536,0.5827999711036682
YNL014W,YEL020W-A,0,-5.282095,0.13194340467453003,0.8859999775886536,0.5828999876976013
YDR306C,YER031C,0,-5.282613,0.13192376494407654,0.8859999775886536,0.5830000042915344
YML097C,YHR072W-A,0,-5.282723,0.13190412521362305,0.8859999775886536,0.5831000208854675
YGL144C,YDR363W-A,0,-5.2832174,0.13188448548316956,0.8859999775886536,0.5831999778747559
YLR191W,YDL156W,0,-5.283547,0.13186486065387726,0.8859999775886536,0.583299994468689
YMR152W,YDR452W,0,-5.2839365,0.13184523582458496,0.8859999775886536,0.5834000110626221
YDL076C,YOR233W,0,-5.2842765,0.13182562589645386,0.8859999775886536,0.5835000276565552
YDR515W,YML017W,0,-5.2843294,0.13180601596832275,0.8859999775886536,0.5835999846458435
YGR207C,YJR024C,0,-5.2843413,0.13178640604019165,0.8859999775886536,0.5837000012397766
YBR282W,YOR081C,0,-5.2854133,0.13176681101322174,0.8859999775886536,0.5838000178337097
YBR217W,YNL083W,0,-5.2860017,0.13174721598625183,0.8859999775886536,0.583899974822998
YBR062C,YMR110C,0,-5.286025,0.13172762095928192,0.8859999775886536,0.5839999914169312
YBL107C,YGL013C,0,-5.2868476,0.1317080408334732,0.8859999775886536,0.5841000080108643
YER044C-A,YPL181W,0,-5.286851,0.1316884607076645,0.8859999775886536,0.5842000246047974
YLR436C,YPL224C,0,-5.287513,0.13166889548301697,0.8859999775886536,0.5842999815940857
YGL077C,YDL229W,0,-5.2877374,0.13164933025836945,0.8859999775886536,0.5843999981880188
YDR205W,YBR078W,0,-5.2883387,0.13162977993488312,0.8859999775886536,0.5845000147819519
YGL189C,YOL130W,0,-5.288434,0.1316102147102356,0.8859999775886536,0.5845999717712402
YGR032W,YDR197W,0,-5.2885094,0.13159067928791046,0.8859999775886536,0.5846999883651733
YIL009W,YKL140W,0,-5.2885942,0.13157112896442413,0.8859999775886536,0.5848000049591064
YMR307W,YNL200C,0,-5.2904167,0.131551593542099,0.8859999775886536,0.5849000215530396
YDR536W,YOR126C,0,-5.290595,0.13153207302093506,0.8859999775886536,0.5849999785423279
YLR297W,YKL195W,0,-5.290942,0.13151253759860992,0.8859999775886536,0.585099995136261
YEL013W,YOR068C,1,-5.2912493,0.1316414326429367,0.8870000243186951,0.585099995136261
YOR272W,YPL096C-A,0,-5.291309,0.13162189722061157,0.8870000243186951,0.5852000117301941
YLR211C,YFL045C,0,-5.291817,0.13160237669944763,0.8870000243186951,0.5853000283241272
YNL073W,YHR153C,0,-5.2918243,0.1315828561782837,0.8870000243186951,0.5853999853134155
YNR070W,YML123C,0,-5.2920685,0.13156333565711975,0.8870000243186951,0.5855000019073486
YMR135C,YDL072C,0,-5.2923985,0.131543830037117,0.8870000243186951,0.5856000185012817
YBR102C,YBL072C,0,-5.2926254,0.13152432441711426,0.8870000243186951,0.5856999754905701
YIL073C,YMR079W,0,-5.2944064,0.1315048187971115,0.8870000243186951,0.5857999920845032
YKL146W,YEL024W,0,-5.2949605,0.13148532807826996,0.8870000243186951,0.5859000086784363
YBL007C,YMR227C,0,-5.295124,0.1314658373594284,0.8870000243186951,0.5860000252723694
YFR030W,YPL001W,0,-5.2951555,0.13144636154174805,0.8870000243186951,0.5860999822616577
YLL033W,YLR047C,0,-5.295347,0.1314268708229065,0.8870000243186951,0.5861999988555908
YBL092W,YBR220C,0,-5.295532,0.13140740990638733,0.8870000243186951,0.5863000154495239
YJL144W,YOR093C,0,-5.2955556,0.13138794898986816,0.8870000243186951,0.5863999724388123
YNL252C,YPR125W,0,-5.2958364,0.131368488073349,0.8870000243186951,0.5864999890327454
YLR055C,YPL153C,0,-5.2958927,0.13134902715682983,0.8870000243186951,0.5866000056266785
YJR047C,YMR312W,0,-5.2963114,0.13132958114147186,0.8870000243186951,0.5867000222206116
YOR007C,YMR002W,0,-5.2964554,0.1313101351261139,0.8870000243186951,0.5867999792098999
YDR536W,YBR022W,0,-5.296636,0.13129070401191711,0.8870000243186951,0.586899995803833
YPL116W,YPR113W,0,-5.2967663,0.13127127289772034,0.8870000243186951,0.5870000123977661
YIL128W,YBR218C,0,-5.29714,0.13125185668468475,0.8870000243186951,0.5871000289916992
YHR060W,YOR068C,1,-5.298194,0.1313803791999817,0.8880000114440918,0.5871000289916992
YDR349C,YER044C-A,0,-5.2981987,0.1313609480857849,0.8880000114440918,0.5871999859809875
YLR187W,YJL109C,0,-5.2983,0.13134151697158813,0.8880000114440918,0.5873000025749207
YJL140W,YIL008W,0,-5.298313,0.13132210075855255,0.8880000114440918,0.5874000191688538
YDR055W,YML115C,0,-5.298333,0.13130266964435577,0.8880000114440918,0.5874999761581421
YIL138C,YFR019W,1,-5.298761,0.13143110275268555,0.8889999985694885,0.5874999761581421
YNL334C,YIL031W,0,-5.2987943,0.13141167163848877,0.8889999985694885,0.5875999927520752
YDL052C,YNL065W,0,-5.2990103,0.13139225542545319,0.8889999985694885,0.5877000093460083
YLR259C,YAL067C,0,-5.299049,0.1313728392124176,0.8889999985694885,0.5878000259399414
YNR063W,YPR139C,0,-5.2994494,0.13135342299938202,0.8889999985694885,0.5878999829292297
YBR069C,YNL099C,0,-5.299648,0.13133402168750763,0.8889999985694885,0.5879999995231628
YBR230C,YFR003C,0,-5.2998066,0.13131462037563324,0.8889999985694885,0.588100016117096
YPL069C,YPL171C,0,-5.3004866,0.13129523396492004,0.8889999985694885,0.5881999731063843
YOL043C,YGR043C,0,-5.300599,0.13127584755420685,0.8889999985694885,0.5882999897003174
YDR438W,YBR196C,0,-5.3013606,0.13125646114349365,0.8889999985694885,0.5884000062942505
YDR198C,YHR057C,0,-5.3025723,0.13123708963394165,0.8889999985694885,0.5885000228881836
YPL268W,YDL185W,1,-5.302693,0.1313653141260147,0.8899999856948853,0.5885000228881836
YER156C,YPR147C,0,-5.3028584,0.1313459277153015,0.8899999856948853,0.5885999798774719
YIL078W,YBR213W,0,-5.303188,0.13132654130458832,0.8899999856948853,0.588699996471405
YBR231C,YER015W,0,-5.303729,0.13130716979503632,0.8899999856948853,0.5888000130653381
YCR035C,YDR524C,0,-5.3037586,0.13128779828548431,0.8899999856948853,0.5889000296592712
YAL013W,YHR141C,0,-5.3038335,0.1312684416770935,0.8899999856948853,0.5889999866485596
YIR033W,YAL061W,0,-5.3039203,0.1312490850687027,0.8899999856948853,0.5891000032424927
YDR418W,YGR201C,0,-5.3045063,0.1312297284603119,0.8899999856948853,0.5892000198364258
YDR023W,YJL110C,0,-5.3052273,0.13121037185192108,0.8899999856948853,0.5892999768257141
YCL026C-B,YBR008C,0,-5.305413,0.13119104504585266,0.8899999856948853,0.5893999934196472
YLR450W,YDR198C,0,-5.305701,0.13117170333862305,0.8899999856948853,0.5895000100135803
YBR155W,YDR259C,0,-5.3058176,0.13115237653255463,0.8899999856948853,0.5896000266075134
YNR072W,YLR325C,0,-5.3061466,0.1311330497264862,0.8899999856948853,0.5896999835968018
YJR094W-A,YDR046C,0,-5.3064647,0.13111372292041779,0.8899999856948853,0.5898000001907349
YKL108W,YHR091C,0,-5.306528,0.13109441101551056,0.8899999856948853,0.589900016784668
YOR316C,YDL177C,0,-5.3066363,0.13107511401176453,0.8899999856948853,0.5899999737739563
YKL128C,YGR178C,0,-5.306834,0.1310558021068573,0.8899999856948853,0.5900999903678894
YML114C,YBL071W-A,0,-5.3069687,0.13103652000427246,0.8899999856948853,0.5902000069618225
YGR052W,YBR182C,0,-5.30815,0.13101722300052643,0.8899999856948853,0.5903000235557556
YOR372C,YDR281C,0,-5.30866,0.1309979408979416,0.8899999856948853,0.590399980545044
YJL162C,YLR457C,0,-5.308907,0.13097865879535675,0.8899999856948853,0.590499997138977
YMR068W,YOR328W,0,-5.309532,0.1309593915939331,0.8899999856948853,0.5906000137329102
YJL025W,YHR105W,0,-5.3095694,0.13094012439250946,0.8899999856948853,0.5906999707221985
YLR403W,YDL174C,0,-5.3100157,0.13092085719108582,0.8899999856948853,0.5907999873161316
YAL039C,YLL066C,0,-5.3103576,0.13090160489082336,0.8899999856948853,0.5909000039100647
YPL022W,YDR400W,0,-5.3103685,0.1308823525905609,0.8899999856948853,0.5910000205039978
YLR467W,YKR071C,0,-5.3103857,0.13086311519145966,0.8899999856948853,0.5910999774932861
YHR028C,YDL141W,0,-5.3105345,0.1308438628911972,0.8899999856948853,0.5911999940872192
YJL106W,YGL053W,0,-5.310783,0.13082464039325714,0.8899999856948853,0.5913000106811523
YMR291W,YLR050C,0,-5.311071,0.13080540299415588,0.8899999856948853,0.5914000272750854
YDL206W,YLR047C,0,-5.3112607,0.13078618049621582,0.8899999856948853,0.5914999842643738
YKL197C,YBL103C,0,-5.3113713,0.13076697289943695,0.8899999856948853,0.5916000008583069
YMR112C,YDR317W,0,-5.311673,0.13074776530265808,0.8899999856948853,0.59170001745224
YDR495C,YKR007W,1,-5.311816,0.13087543845176697,0.890999972820282,0.59170001745224
YBR017C,YLL039C,0,-5.312128,0.1308562159538269,0.890999972820282,0.5917999744415283
YIR011C,YOR382W,0,-5.3125973,0.13083700835704803,0.890999972820282,0.5918999910354614
YLR037C,YIL105C,0,-5.31266,0.13081780076026917,0.890999972820282,0.5920000076293945
YDR279W,YPL282C,0,-5.312835,0.1307985931634903,0.890999972820282,0.5921000242233276
YOR157C,YLR083C,0,-5.3129773,0.13077938556671143,0.890999972820282,0.592199981212616
YML018C,YDR358W,0,-5.3134522,0.13076019287109375,0.890999972820282,0.5922999978065491
YDR510W,YNR046W,0,-5.313855,0.13074101507663727,0.890999972820282,0.5924000144004822
YDR539W,YOL045W,0,-5.3146048,0.1307218372821808,0.890999972820282,0.5924999713897705
YNL325C,YBL032W,0,-5.3148685,0.1307026594877243,0.890999972820282,0.5925999879837036
YNL204C,YJL142C,0,-5.315102,0.13068348169326782,0.890999972820282,0.5927000045776367
YBR182C,YKL007W,0,-5.315942,0.13066431879997253,0.890999972820282,0.5928000211715698
YCL029C,YLL002W,0,-5.3163786,0.13064515590667725,0.890999972820282,0.5928999781608582
YOL041C,YPL096W,0,-5.3166304,0.13062600791454315,0.890999972820282,0.5929999947547913
YIL177C,YBR040W,0,-5.316634,0.13060685992240906,0.890999972820282,0.5931000113487244
YPL103C,YMR102C,0,-5.3167315,0.13058771193027496,0.890999972820282,0.5932000279426575
YLR449W,YIL005W,0,-5.3170233,0.13056857883930206,0.890999972820282,0.5932999849319458
YOR157C,YER002W,0,-5.317111,0.13054944574832916,0.890999972820282,0.5934000015258789
YMR002W,YOL104C,0,-5.3176584,0.13053032755851746,0.890999972820282,0.593500018119812
YOR371C,YJR074W,0,-5.318054,0.13051120936870575,0.890999972820282,0.5935999751091003
YCL058C,YLR008C,0,-5.318501,0.13049209117889404,0.890999972820282,0.5936999917030334
YEL013W,YJR033C,1,-5.31903,0.13061942160129547,0.8920000195503235,0.5936999917030334
YIL030C,YMR104C,0,-5.3191137,0.13060028851032257,0.8920000195503235,0.5938000082969666
YBR275C,YKR028W,0,-5.3191776,0.13058117032051086,0.8920000195503235,0.5939000248908997
YGL158W,YEL036C,0,-5.3199005,0.13056206703186035,0.8920000195503235,0.593999981880188
YJR033C,YDL077C,1,-5.3200035,0.13068930804729462,0.8930000066757202,0.593999981880188
YPL194W,YCR086W,0,-5.320015,0.13067017495632172,0.8930000066757202,0.5940999984741211
YHL006C,YBL022C,0,-5.320712,0.13065105676651,0.8930000066757202,0.5942000150680542
YOR079C,YGL215W,0,-5.3213778,0.1306319534778595,0.8930000066757202,0.5942999720573425
YER131W,YER120W,0,-5.321442,0.1306128352880478,0.8930000066757202,0.5943999886512756
YLL048C,YMR228W,0,-5.3217144,0.13059374690055847,0.8930000066757202,0.5945000052452087
YDL224C,YMR123W,0,-5.321959,0.13057464361190796,0.8930000066757202,0.5946000218391418
YLR310C,YHR098C,0,-5.3224716,0.13055555522441864,0.8930000066757202,0.5946999788284302
YMR179W,YGL153W,0,-5.322631,0.13053646683692932,0.8930000066757202,0.5947999954223633
YDL198C,YDR058C,0,-5.3229175,0.1305173933506012,0.8930000066757202,0.5949000120162964
YGR287C,YML132W,0,-5.323345,0.13049831986427307,0.8930000066757202,0.5950000286102295
YLR218C,YKL183W,0,-5.323365,0.13047924637794495,0.8930000066757202,0.5950999855995178
YFR005C,YNL258C,0,-5.3237133,0.13046018779277802,0.8930000066757202,0.5952000021934509
YGL145W,YGL148W,0,-5.324082,0.13044112920761108,0.8930000066757202,0.595300018787384
YNL075W,YDL135C,0,-5.324463,0.13042208552360535,0.8930000066757202,0.5953999757766724
YGR180C,YBR018C,0,-5.324922,0.1304030418395996,0.8930000066757202,0.5954999923706055
YLR287C-A,YMR019W,0,-5.325028,0.13038399815559387,0.8930000066757202,0.5956000089645386
YBR230C,YKR042W,0,-5.3256674,0.13036496937274933,0.8930000066757202,0.5957000255584717
YJL127C-B,YOR348C,0,-5.3274508,0.13034594058990479,0.8930000066757202,0.59579998254776
YER059W,YFL034W,0,-5.32831,0.13032691180706024,0.8930000066757202,0.5958999991416931
YKL001C,YNR041C,0,-5.3283143,0.1303078979253769,0.8930000066757202,0.5960000157356262
YPL184C,YKL114C,0,-5.3283844,0.13028888404369354,0.8930000066757202,0.5960999727249146
YMR291W,YLR083C,0,-5.3290415,0.1302698701620102,0.8930000066757202,0.5961999893188477
YOR002W,YJR073C,0,-5.3292027,0.13025087118148804,0.8930000066757202,0.5963000059127808
YDR007W,YKR027W,0,-5.3295984,0.13023188710212708,0.8930000066757202,0.5964000225067139
YNL250W,YHR074W,0,-5.329914,0.13021288812160492,0.8930000066757202,0.5964999794960022
YGL093W,YMR056C,0,-5.3301554,0.13019390404224396,0.8930000066757202,0.5965999960899353
YOR368W,YNL003C,0,-5.3302126,0.130174919962883,0.8930000066757202,0.5967000126838684
YDL201W,YBR186W,0,-5.3304024,0.13015595078468323,0.8930000066757202,0.5968000292778015
YDR142C,YCL037C,0,-5.331203,0.13013698160648346,0.8930000066757202,0.5968999862670898
YBR161W,YIL068C,0,-5.3312244,0.13011802732944489,0.8930000066757202,0.597000002861023
YNR019W,YOR056C,0,-5.33152,0.1300990730524063,0.8930000066757202,0.597100019454956
YLR241W,YNL067W,0,-5.3321223,0.13008011877536774,0.8930000066757202,0.5971999764442444
YGL104C,YFR048W,0,-5.3321285,0.13006116449832916,0.8930000066757202,0.5972999930381775
YIL136W,YLR275W,0,-5.3322487,0.13004222512245178,0.8930000066757202,0.5974000096321106
YDR465C,YPL076W,0,-5.3322697,0.1300233006477356,0.8930000066757202,0.5975000262260437
YHR207C,YJR076C,0,-5.332534,0.13000436127185822,0.8930000066757202,0.597599983215332
YDL240W,YEL038W,0,-5.3327713,0.12998543679714203,0.8930000066757202,0.5976999998092651
YAL009W,YBR272C,0,-5.332987,0.12996652722358704,0.8930000066757202,0.5978000164031982
YKL035W,YFR008W,0,-5.33348,0.12994761765003204,0.8930000066757202,0.5978999733924866
YOL141W,YAL023C,0,-5.3341537,0.12992870807647705,0.8930000066757202,0.5979999899864197
YER072W,YDR202C,1,-5.3346653,0.1300552785396576,0.8939999938011169,0.5979999899864197
YPR192W,YGL144C,0,-5.334823,0.1300363689661026,0.8939999938011169,0.5981000065803528
YGR195W,YHL037C,0,-5.3354454,0.1300174593925476,0.8939999938011169,0.5982000231742859
YLR009W,YDR381W,0,-5.3368692,0.12999854981899261,0.8939999938011169,0.5982999801635742
YER141W,YDR147W,0,-5.337911,0.12997964024543762,0.8939999938011169,0.5983999967575073
YBR214W,YGR184C,0,-5.338068,0.12996074557304382,0.8939999938011169,0.5985000133514404
YNL076W,YBR220C,0,-5.3382206,0.12994186580181122,0.8939999938011169,0.5985999703407288
YLR251W,YNR056C,0,-5.338628,0.12992297112941742,0.8939999938011169,0.5986999869346619
YDR252W,YML022W,0,-5.3398676,0.12990409135818481,0.8939999938011169,0.598800003528595
YOR074C,YCR040W,0,-5.339907,0.1298852264881134,0.8939999938011169,0.5989000201225281
YNL294C,YJR151C,0,-5.3399873,0.129866361618042,0.8939999938011169,0.5989999771118164
YPR106W,YGL253W,0,-5.3403883,0.12984749674797058,0.8939999938011169,0.5990999937057495
YDR065W,YLR240W,1,-5.340827,0.1299738585948944,0.8949999809265137,0.5990999937057495
YOL126C,YGL232W,0,-5.3409567,0.129954993724823,0.8949999809265137,0.5992000102996826
YBR088C,YOR347C,0,-5.3411636,0.1299361139535904,0.8949999809265137,0.5993000268936157
YPR115W,YBR276C,0,-5.3418055,0.12991726398468018,0.8949999809265137,0.599399983882904
YOR190W,YLR025W,0,-5.341896,0.12989839911460876,0.8949999809265137,0.5995000004768372
YHR182W,YKL057C,0,-5.3419595,0.12987954914569855,0.8949999809265137,0.5996000170707703
YIL011W,YGR201C,0,-5.342057,0.12986071407794952,0.8949999809265137,0.5996999740600586
YGR070W,YOR115C,0,-5.342974,0.1298418641090393,0.8949999809265137,0.5997999906539917
YDL013W,YJL109C,0,-5.3435345,0.12982302904129028,0.8949999809265137,0.5999000072479248
YMR231W,YPL019C,1,-5.3440003,0.12994924187660217,0.8960000276565552,0.5999000072479248
YMR268C,YJL167W,0,-5.3440094,0.12993039190769196,0.8960000276565552,0.6000000238418579
YHR173C,YDR173C,0,-5.3445954,0.12991155683994293,0.8960000276565552,0.6000999808311462
YOR120W,YIL063C,0,-5.3453093,0.1298927217721939,0.8960000276565552,0.6001999974250793
YDR522C,YJL166W,0,-5.345502,0.12987390160560608,0.8960000276565552,0.6003000140190125
YOR290C,YHR191C,0,-5.3456306,0.12985506653785706,0.8960000276565552,0.6003999710083008
YOR103C,YGR233C,0,-5.345783,0.12983626127243042,0.8960000276565552,0.6004999876022339
YER094C,YDL022W,0,-5.346631,0.1298174411058426,0.8960000276565552,0.600600004196167
YIL095W,YOL104C,0,-5.347309,0.12979863584041595,0.8960000276565552,0.6007000207901001
YDL216C,YMR079W,0,-5.3479867,0.12977983057498932,0.8960000276565552,0.6007999777793884
YIL083C,YER110C,0,-5.348353,0.12976104021072388,0.8960000276565552,0.6008999943733215
YBR219C,YMR265C,0,-5.348468,0.12974224984645844,0.8960000276565552,0.6010000109672546
YLR006C,YER088C,0,-5.3485575,0.1297234743833542,0.8960000276565552,0.6011000275611877
YLR333C,YKL214C,0,-5.34921,0.12970468401908875,0.8960000276565552,0.6011999845504761
YCL027W,YFR018C,0,-5.349539,0.1296859234571457,0.8960000276565552,0.6013000011444092
YGL073W,YPL273W,0,-5.3504734,0.12966714799404144,0.8960000276565552,0.6014000177383423
YEL036C,YKR016W,0,-5.350681,0.1296483874320984,0.8960000276565552,0.6014999747276306
YPR003C,YPR108W,0,-5.3510113,0.12962962687015533,0.8960000276565552,0.6015999913215637
YJR141W,YLR048W,0,-5.3511753,0.12961088120937347,0.8960000276565552,0.6017000079154968
YDL052C,YOR363C,0,-5.3516893,0.1295921355485916,0.8960000276565552,0.6018000245094299
YIL014W,YLR439W,0,-5.351816,0.12957338988780975,0.8960000276565552,0.6018999814987183
YKL132C,YOR008C,0,-5.3526206,0.1295546591281891,0.8960000276565552,0.6019999980926514
YLR091W,YER110C,0,-5.352649,0.12953592836856842,0.8960000276565552,0.6021000146865845
YKR014C,YPR110C,0,-5.3526535,0.12951719760894775,0.8960000276565552,0.6021999716758728
YHR033W,YPR060C,0,-5.3526554,0.12949848175048828,0.8960000276565552,0.6022999882698059
YJL128C,YNL159C,0,-5.3528605,0.1294797658920288,0.8960000276565552,0.602400004863739
YJL059W,YJR084W,0,-5.3529615,0.12946106493473053,0.8960000276565552,0.6025000214576721
YLR211C,YKL054C,0,-5.3533945,0.12944236397743225,0.8960000276565552,0.6025999784469604
YLR063W,YOR069W,0,-5.3535385,0.12942366302013397,0.8960000276565552,0.6026999950408936
YOR245C,YNL099C,0,-5.3549643,0.1294049620628357,0.8960000276565552,0.6028000116348267
YGL144C,YER185W,0,-5.3549767,0.1293862760066986,0.8960000276565552,0.6029000282287598
YDR103W,YER141W,0,-5.355072,0.12936760485172272,0.8960000276565552,0.6029999852180481
YML131W,YAL034W-A,0,-5.3551908,0.12934891879558563,0.8960000276565552,0.6031000018119812
YNL065W,YDR523C,0,-5.3567414,0.12933024764060974,0.8960000276565552,0.6032000184059143
YGR087C,YDR078C,0,-5.356929,0.12931159138679504,0.8960000276565552,0.6032999753952026
YNL004W,YGR092W,0,-5.3576603,0.12929293513298035,0.8960000276565552,0.6033999919891357
YDR422C,YNL204C,0,-5.3583126,0.12927427887916565,0.8960000276565552,0.6035000085830688
YGR104C,YHL044W,0,-5.358823,0.12925562262535095,0.8960000276565552,0.603600025177002
YDR376W,YER099C,0,-5.359491,0.12923698127269745,0.8960000276565552,0.6036999821662903
YHL011C,YIL118W,0,-5.3598604,0.12921833992004395,0.8960000276565552,0.6037999987602234
YER145C,YOL019W,0,-5.3604045,0.12919971346855164,0.8960000276565552,0.6039000153541565
YDR536W,YBR083W,0,-5.360485,0.12918108701705933,0.8960000276565552,0.6039999723434448
YOR361C,YDR400W,0,-5.360896,0.12916246056556702,0.8960000276565552,0.6040999889373779
YDR475C,YPR006C,0,-5.36098,0.1291438490152359,0.8960000276565552,0.604200005531311
YOR372C,YIL077C,0,-5.361577,0.12912523746490479,0.8960000276565552,0.6043000221252441
YBR217W,YBR220C,0,-5.3626347,0.12910662591457367,0.8960000276565552,0.6043999791145325
YMR168C,YGL184C,0,-5.3629446,0.12908802926540375,0.8960000276565552,0.6044999957084656
YKR090W,YDR387C,0,-5.3632116,0.12906943261623383,0.8960000276565552,0.6046000123023987
YGR078C,YLR270W,0,-5.3634167,0.1290508359670639,0.8960000276565552,0.6047000288963318
YAL051W,YDL141W,0,-5.3637805,0.12903225421905518,0.8960000276565552,0.6047999858856201
YKL043W,YER154W,0,-5.364147,0.12901367247104645,0.8960000276565552,0.6049000024795532
YFL016C,YLR350W,0,-5.364332,0.1289951056241989,0.8960000276565552,0.6050000190734863
YOL006C,YNL178W,0,-5.364419,0.12897653877735138,0.8960000276565552,0.6050999760627747
YIL134W,YKL089W,0,-5.3646116,0.12895797193050385,0.8960000276565552,0.6051999926567078
YML069W,YJL011C,0,-5.3649573,0.1289394199848175,0.8960000276565552,0.6053000092506409
YDL035C,YJL110C,0,-5.365015,0.12892086803913116,0.8960000276565552,0.605400025844574
YOL089C,YDL121C,0,-5.365259,0.12890231609344482,0.8960000276565552,0.6054999828338623
YDR142C,YIR036C,0,-5.3654013,0.12888377904891968,0.8960000276565552,0.6055999994277954
YLR100W,YDL043C,0,-5.3655715,0.12886524200439453,0.8960000276565552,0.6057000160217285
YOR378W,YLR088W,0,-5.365673,0.12884670495986938,0.8960000276565552,0.6057999730110168
YML042W,YEL077C,0,-5.3660192,0.12882818281650543,0.8960000276565552,0.60589998960495
YOR039W,YDL211C,0,-5.3661017,0.12880966067314148,0.8960000276565552,0.6060000061988831
YHR108W,YNL186W,0,-5.3663063,0.12879113852977753,0.8960000276565552,0.6061000227928162
YOR386W,YOR354C,0,-5.367008,0.12877263128757477,0.8960000276565552,0.6061999797821045
YDR299W,YER123W,0,-5.3671026,0.128754124045372,0.8960000276565552,0.6062999963760376
YBR013C,YDR002W,0,-5.3673706,0.12873563170433044,0.8960000276565552,0.6064000129699707
YMR134W,YOR127W,0,-5.3674173,0.12871713936328888,0.8960000276565552,0.6065000295639038
YGR032W,YLR007W,0,-5.367607,0.12869864702224731,0.8960000276565552,0.6065999865531921
YLR289W,YKR096W,0,-5.3676505,0.12868016958236694,0.8960000276565552,0.6067000031471252
YDL076C,YDR453C,0,-5.367877,0.12866169214248657,0.8960000276565552,0.6068000197410583
YOL010W,YNL190W,0,-5.367942,0.1286432147026062,0.8960000276565552,0.6068999767303467
YCR011C,YPR043W,0,-5.367942,0.12862475216388702,0.8960000276565552,0.6069999933242798
YGR170W,YDR221W,0,-5.367954,0.12860628962516785,0.8960000276565552,0.6071000099182129
YBL099W,YNR056C,0,-5.3681383,0.12858782708644867,0.8960000276565552,0.607200026512146
YOR151C,YML120C,0,-5.368639,0.12856937944889069,0.8960000276565552,0.6072999835014343
YBR132C,YOL045W,0,-5.368678,0.1285509318113327,0.8960000276565552,0.6074000000953674
YDR341C,YDR140W,0,-5.368864,0.1285324990749359,0.8960000276565552,0.6075000166893005
YGR163W,YDL013W,0,-5.369524,0.12851405143737793,0.8960000276565552,0.6075999736785889
YDL018C,YDL119C,0,-5.369589,0.12849561870098114,0.8960000276565552,0.607699990272522
YJL163C,YOL056W,0,-5.3697605,0.12847720086574554,0.8960000276565552,0.6078000068664551
YGR158C,YLR058C,0,-5.37142,0.12845878303050995,0.8960000276565552,0.6079000234603882
YOL011W,YKR076W,0,-5.373064,0.12844036519527435,0.8960000276565552,0.6079999804496765
YOR007C,YHR211W,0,-5.3733387,0.12842196226119995,0.8960000276565552,0.6080999970436096
YOR344C,YKL018W,0,-5.3734756,0.12840355932712555,0.8960000276565552,0.6082000136375427
YOR047C,YLR299W,0,-5.374305,0.12838515639305115,0.8960000276565552,0.608299970626831
YNL085W,YPL081W,0,-5.375121,0.12836676836013794,0.8960000276565552,0.6083999872207642
YGL197W,YJR021C,0,-5.375342,0.12834838032722473,0.8960000276565552,0.6085000038146973
YOR016C,YPL003W,0,-5.375884,0.12832999229431152,0.8960000276565552,0.6086000204086304
YOL087C,YDL093W,0,-5.3766956,0.1283116191625595,0.8960000276565552,0.6086999773979187
YGR148C,YJR124C,0,-5.3768806,0.1282932460308075,0.8960000276565552,0.6087999939918518
YHR017W,YPL090C,0,-5.37706,0.12827487289905548,0.8960000276565552,0.6089000105857849
YMR029C,YDR468C,0,-5.377226,0.12825651466846466,0.8960000276565552,0.609000027179718
YGR136W,YDR088C,0,-5.3773193,0.12823815643787384,0.8960000276565552,0.6090999841690063
YEL004W,YDR098C,0,-5.377467,0.12821979820728302,0.8960000276565552,0.6092000007629395
YDR531W,YDL190C,0,-5.3776283,0.1282014548778534,0.8960000276565552,0.6093000173568726
YMR095C,YLR085C,0,-5.378001,0.12818311154842377,0.8960000276565552,0.6093999743461609
YGR007W,YDR283C,0,-5.3781567,0.12816478312015533,0.8960000276565552,0.609499990940094
YJL100W,YDR459C,0,-5.37867,0.1281464546918869,0.8960000276565552,0.6096000075340271
YLR088W,YKR104W,0,-5.378739,0.12812812626361847,0.8960000276565552,0.6097000241279602
YGL144C,YMR110C,0,-5.379223,0.12810981273651123,0.8960000276565552,0.6097999811172485
YLR253W,YCL054W,0,-5.3797045,0.128091499209404,0.8960000276565552,0.6098999977111816
YGL105W,YPL243W,0,-5.3797917,0.12807318568229675,0.8960000276565552,0.6100000143051147
YML052W,YOR356W,0,-5.38016,0.1280548870563507,0.8960000276565552,0.6100999712944031
YMR092C,YGR138C,0,-5.3803587,0.12803658843040466,0.8960000276565552,0.6101999878883362
YOR058C,YML014W,0,-5.380887,0.12801828980445862,0.8960000276565552,0.6103000044822693
YDR014W,YDR016C,0,-5.3810253,0.12800000607967377,0.8960000276565552,0.6104000210762024
YNR058W,YKR049C,0,-5.3813076,0.12798172235488892,0.8960000276565552,0.6104999780654907
YDL127W,YBR294W,0,-5.3813252,0.12796343863010406,0.8960000276565552,0.6105999946594238
YMR276W,YOL086C,0,-5.3813906,0.1279451698064804,0.8960000276565552,0.6107000112533569
YOR124C,YBL074C,0,-5.381403,0.12792690098285675,0.8960000276565552,0.61080002784729
YMR174C,YJL122W,0,-5.3819494,0.1279086321592331,0.8960000276565552,0.6108999848365784
YGL256W,YDL013W,0,-5.382387,0.12789037823677063,0.8960000276565552,0.6110000014305115
YDR039C,YPL209C,0,-5.382762,0.12787212431430817,0.8960000276565552,0.6111000180244446
YOR359W,YMR119W,0,-5.383521,0.1278538852930069,0.8960000276565552,0.6111999750137329
YDR287W,YMR264W,0,-5.38416,0.12783564627170563,0.8960000276565552,0.611299991607666
YDR188W,YKR036C,0,-5.3842506,0.12781740725040436,0.8960000276565552,0.6114000082015991
YDR026C,YER070W,0,-5.384262,0.1277991682291031,0.8960000276565552,0.6115000247955322
YFL009W,YPR073C,0,-5.3847957,0.127780944108963,0.8960000276565552,0.6115999817848206
YMR168C,YLL054C,0,-5.385066,0.12776271998882294,0.8960000276565552,0.6116999983787537
YJR151C,YBR254C,0,-5.385482,0.12774451076984406,0.8960000276565552,0.6118000149726868
YGL148W,YPR088C,0,-5.3860736,0.12772630155086517,0.8960000276565552,0.6118999719619751
YMR303C,YPR082C,0,-5.386448,0.1277080923318863,0.8960000276565552,0.6119999885559082
YIL009W,YDL216C,0,-5.386746,0.1276898980140686,0.8960000276565552,0.6121000051498413
YPR201W,YIL142W,0,-5.3867874,0.12767170369625092,0.8960000276565552,0.6122000217437744
YDL042C,YCR046C,0,-5.387192,0.12765350937843323,0.8960000276565552,0.6122999787330627
YDR253C,YHR133C,0,-5.3874774,0.12763532996177673,0.8960000276565552,0.6123999953269958
YMR286W,YOR039W,0,-5.387606,0.12761715054512024,0.8960000276565552,0.612500011920929
YAL020C,YKL157W,0,-5.387947,0.12759897112846375,0.8960000276565552,0.6126000285148621
YNL092W,YAL034W-A,0,-5.3887396,0.12758080661296844,0.8960000276565552,0.6126999855041504
YOL060C,YLR110C,0,-5.3891206,0.12756264209747314,0.8960000276565552,0.6128000020980835
YDR228C,YHR091C,0,-5.3901186,0.12754447758197784,0.8960000276565552,0.6129000186920166
YER045C,YAL044C,0,-5.3902445,0.12752632796764374,0.8960000276565552,0.6129999756813049
YLL036C,YIL105C,0,-5.3907003,0.12750817835330963,0.8960000276565552,0.613099992275238
YOR358W,YPL133C,0,-5.390921,0.12749004364013672,0.8960000276565552,0.6132000088691711
YKL051W,YNL015W,1,-5.391158,0.12761417031288147,0.8970000147819519,0.6132000088691711
YDR508C,YLR139C,0,-5.3918796,0.12759602069854736,0.8970000147819519,0.6133000254631042
YDR280W,YOR237W,0,-5.3919497,0.12757787108421326,0.8970000147819519,0.6133999824523926
YIL091C,YGR270W,0,-5.3926,0.12755972146987915,0.8970000147819519,0.6134999990463257
YDR510W,YDL003W,0,-5.3929234,0.12754158675670624,0.8970000147819519,0.6136000156402588
YIL177C,YGR089W,0,-5.393418,0.12752345204353333,0.8970000147819519,0.6136999726295471
YDR373W,YGL196W,0,-5.394101,0.1275053322315216,0.8970000147819519,0.6137999892234802
YGR040W,YAR002W,0,-5.3942776,0.1274872124195099,0.8970000147819519,0.6139000058174133
YPR141C,YMR027W,0,-5.394298,0.12746909260749817,0.8970000147819519,0.6140000224113464
YFL026W,YDR175C,0,-5.394382,0.12745098769664764,0.8970000147819519,0.6140999794006348
YDR383C,YMR217W,0,-5.394384,0.12743286788463593,0.8970000147819519,0.6141999959945679
YOR188W,YJL178C,0,-5.394463,0.1274147778749466,0.8970000147819519,0.614300012588501
YOR272W,YOL051W,0,-5.3948708,0.12739667296409607,0.8970000147819519,0.6144000291824341
YMR148W,YDR100W,0,-5.395026,0.12737858295440674,0.8970000147819519,0.6144999861717224
YGL263W,YKR062W,0,-5.395154,0.1273604929447174,0.8970000147819519,0.6146000027656555
YPR028W,YJR151C,0,-5.395227,0.12734241783618927,0.8970000147819519,0.6147000193595886
YGL148W,YPL089C,0,-5.3955765,0.12732434272766113,0.8970000147819519,0.614799976348877
YDR059C,YGR095C,0,-5.395594,0.127306267619133,0.8970000147819519,0.6148999929428101
YLR401C,YOR122C,0,-5.3957787,0.12728820741176605,0.8970000147819519,0.6150000095367432
YHR060W,YDR080W,1,-5.397222,0.12741203606128693,0.8980000019073486,0.6150000095367432
YPL264C,YOR292C,0,-5.3980875,0.1273939609527588,0.8980000019073486,0.6151000261306763
YOR190W,YBL099W,0,-5.3986783,0.12737588584423065,0.8980000019073486,0.6151999831199646
YMR179W,YER132C,0,-5.399451,0.1273578256368637,0.8980000019073486,0.6152999997138977
YDL201W,YMR247C,0,-5.3999653,0.12733976542949677,0.8980000019073486,0.6154000163078308
YDR252W,YBL042C,0,-5.40043,0.12732170522212982,0.8980000019073486,0.6154999732971191
YAL014C,YMR214W,0,-5.4008665,0.12730365991592407,0.8980000019073486,0.6155999898910522
YKL221W,YOL009C,0,-5.4008827,0.12728561460971832,0.8980000019073486,0.6157000064849854
YLR430W,YCR095C,0,-5.401465,0.12726756930351257,0.8980000019073486,0.6158000230789185
YDR103W,YDR393W,0,-5.4015694,0.12724953889846802,0.8980000019073486,0.6158999800682068
YOL058W,YOR298W,0,-5.402412,0.12723150849342346,0.8980000019073486,0.6159999966621399
YHR027C,YJR053W,0,-5.402729,0.1272134929895401,0.8980000019073486,0.616100013256073
YKL208W,YKL008C,0,-5.403117,0.12719546258449554,0.8980000019073486,0.6161999702453613
YOR042W,YOL049W,0,-5.4034653,0.12717744708061218,0.8980000019073486,0.6162999868392944
YMR224C,YPL015C,0,-5.403818,0.12715944647789001,0.8980000019073486,0.6164000034332275
YDR228C,YKL164C,0,-5.4042234,0.12714144587516785,0.8980000019073486,0.6165000200271606
YBR018C,YOR374W,0,-5.4042673,0.12712344527244568,0.8980000019073486,0.616599977016449
YFL011W,YNL273W,0,-5.4043593,0.1271054446697235,0.8980000019073486,0.6166999936103821
YGR203W,YDL064W,0,-5.4044633,0.12708745896816254,0.8980000019073486,0.6168000102043152
YHR183W,YLL016W,0,-5.404686,0.12706947326660156,0.8980000019073486,0.6169000267982483
YDR231C,YHL040C,0,-5.404944,0.12705150246620178,0.8980000019073486,0.6169999837875366
YLR165C,YOR069W,0,-5.4054403,0.127033531665802,0.8980000019073486,0.6171000003814697
YBR235W,YOR313C,0,-5.406331,0.12701556086540222,0.8980000019073486,0.6172000169754028
YPL131W,YOR334W,0,-5.4066505,0.12699759006500244,0.8980000019073486,0.6172999739646912
YLR364W,YER069W,0,-5.406708,0.12697963416576385,0.8980000019073486,0.6173999905586243
YOR185C,YJL024C,0,-5.4067407,0.12696167826652527,0.8980000019073486,0.6175000071525574
YOL010W,YDR049W,0,-5.407488,0.12694373726844788,0.8980000019073486,0.6176000237464905
YPL192C,YJR068W,0,-5.408679,0.12692579627037048,0.8980000019073486,0.6176999807357788
YEL068C,YGL044C,0,-5.409006,0.1269078552722931,0.8980000019073486,0.6177999973297119
YBR167C,YDR466W,0,-5.409149,0.1268899291753769,0.8980000019073486,0.617900013923645
YPR091C,YER103W,0,-5.409253,0.1268720030784607,0.8980000019073486,0.6179999709129333
YIL148W,YOR153W,0,-5.409278,0.1268540769815445,0.8980000019073486,0.6180999875068665
YCL063W,YOR068C,1,-5.4097166,0.12697739899158478,0.8989999890327454,0.6180999875068665
YOR198C,YJR026W,0,-5.410183,0.12695947289466858,0.8989999890327454,0.6182000041007996
YOR001W,YLR385C,0,-5.4109826,0.12694154679775238,0.8989999890327454,0.6183000206947327
YML131W,YDR147W,0,-5.4112206,0.12692362070083618,0.8989999890327454,0.618399977684021
YBL097W,YGL231C,0,-5.411324,0.12690570950508118,0.8989999890327454,0.6184999942779541
YDR365C,YCL052C,0,-5.4113283,0.12688779830932617,0.8989999890327454,0.6186000108718872
YDL064W,YDR511W,0,-5.411999,0.12686988711357117,0.8989999890327454,0.6187000274658203
YPR048W,YJR066W,0,-5.4122953,0.12685197591781616,0.8989999890327454,0.6187999844551086
YJR152W,YOR212W,0,-5.412516,0.12683407962322235,0.8989999890327454,0.6189000010490417
YAL030W,YGL006W,0,-5.4127893,0.12681619822978973,0.8989999890327454,0.6190000176429749
YDR540C,YJR089W,0,-5.412805,0.12679830193519592,0.8989999890327454,0.6190999746322632
YAL027W,YGL127C,0,-5.413187,0.1267804205417633,0.8989999890327454,0.6191999912261963
YNL047C,YDR093W,0,-5.4135,0.12676255404949188,0.8989999890327454,0.6193000078201294
YNL236W,YJR151C,0,-5.413564,0.12674467265605927,0.8989999890327454,0.6194000244140625
YEL032W,YBR115C,0,-5.4138927,0.12672680616378784,0.8989999890327454,0.6194999814033508
YHR060W,YGL095C,1,-5.415679,0.12684988975524902,0.8999999761581421,0.6194999814033508
YAL062W,YER064C,0,-5.4161825,0.1268320232629776,0.8999999761581421,0.6195999979972839
YDR264C,YCL052C,0,-5.416211,0.12681414186954498,0.8999999761581421,0.619700014591217
YLR212C,YBR017C,0,-5.416505,0.12679627537727356,0.8999999761581421,0.6197999715805054
YHR085W,YPL048W,0,-5.4166174,0.12677842378616333,0.8999999761581421,0.6198999881744385
YOL096C,YOL147C,0,-5.416773,0.1267605572938919,0.8999999761581421,0.6200000047683716
YIL061C,YBR008C,0,-5.4171014,0.12674270570278168,0.8999999761581421,0.6201000213623047
YAR035W,YOL062C,0,-5.417204,0.12672486901283264,0.8999999761581421,0.620199978351593
YLR163C,YFL041W,0,-5.417858,0.1267070323228836,0.8999999761581421,0.6202999949455261
YJR082C,YMR024W,0,-5.417918,0.12668919563293457,0.8999999761581421,0.6204000115394592
YLR174W,YMR143W,0,-5.41798,0.12667135894298553,0.8999999761581421,0.6205000281333923
YGL175C,YOR288C,0,-5.4180593,0.1266535371541977,0.8999999761581421,0.6205999851226807
YMR116C,YGR194C,0,-5.41852,0.12663571536540985,0.8999999761581421,0.6207000017166138
YMR316W,YIL147C,0,-5.4188776,0.126617893576622,0.8999999761581421,0.6208000183105469
YDL204W,YPL009C,0,-5.4198565,0.12660008668899536,0.8999999761581421,0.6208999752998352
YMR006C,YGR106C,0,-5.4199505,0.1265822798013687,0.8999999761581421,0.6209999918937683
YCL063W,YDR065W,1,-5.42063,0.1267051100730896,0.9010000228881836,0.6209999918937683
YPL270W,YLR256W,0,-5.4210377,0.12668728828430176,0.9010000228881836,0.6211000084877014
YGR113W,YIR013C,0,-5.4211693,0.1266694813966751,0.9010000228881836,0.6212000250816345
YLR187W,YNL076W,0,-5.421879,0.12665167450904846,0.9010000228881836,0.6212999820709229
YKL164C,YDR346C,0,-5.42219,0.12663386762142181,0.9010000228881836,0.621399998664856
YOL053W,YJL062W,0,-5.422204,0.12661607563495636,0.9010000228881836,0.6215000152587891
YER107C,YPL119C,0,-5.4223027,0.1265982836484909,0.9010000228881836,0.6215999722480774
YOR355W,YPR045C,0,-5.4224634,0.12658050656318665,0.9010000228881836,0.6216999888420105
YGL137W,YOR056C,0,-5.422502,0.1265627145767212,0.9010000228881836,0.6218000054359436
YBL021C,YLR289W,0,-5.42252,0.12654493749141693,0.9010000228881836,0.6219000220298767
YMR022W,YOR036W,0,-5.422532,0.12652717530727386,0.9010000228881836,0.621999979019165
YLR439W,YIR036C,0,-5.422572,0.1265094131231308,0.9010000228881836,0.6220999956130981
YOL073C,YML120C,0,-5.4226456,0.12649165093898773,0.9010000228881836,0.6222000122070312
YMR060C,YNL030W,0,-5.422779,0.12647388875484467,0.9010000228881836,0.6223000288009644
YDR276C,YLR425W,0,-5.423369,0.1264561414718628,0.9010000228881836,0.6223999857902527
YML038C,YIL166C,0,-5.4234605,0.12643839418888092,0.9010000228881836,0.6225000023841858
YKR069W,YNL115C,0,-5.423714,0.12642064690589905,0.9010000228881836,0.6226000189781189
YER111C,YDR176W,0,-5.423959,0.12640291452407837,0.9010000228881836,0.6226999759674072
YOR136W,YNR012W,0,-5.424166,0.1263851821422577,0.9010000228881836,0.6227999925613403
YOR120W,YBR084C-A,0,-5.4242864,0.1263674646615982,0.9010000228881836,0.6229000091552734
YLR440C,YBR187W,0,-5.4245644,0.12634974718093872,0.9010000228881836,0.6230000257492065
YHR138C,YBR109C,1,-5.424848,0.12647223472595215,0.9020000100135803,0.6230000257492065
YER096W,YML030W,0,-5.424897,0.12645450234413147,0.9020000100135803,0.6230999827384949
YDR368W,YKL089W,0,-5.4249415,0.12643678486347198,0.9020000100135803,0.623199999332428
YJL072C,YOR168W,0,-5.424966,0.1264190673828125,0.9020000100135803,0.6233000159263611
YDR018C,YCR043C,0,-5.42523,0.12640134990215302,0.9020000100135803,0.6233999729156494
YDL058W,YLR045C,0,-5.425284,0.12638363242149353,0.9020000100135803,0.6234999895095825
YNL194C,YFL042C,0,-5.4257016,0.12636592984199524,0.9020000100135803,0.6236000061035156
YLR019W,YAL029C,0,-5.4263105,0.12634822726249695,0.9020000100135803,0.6237000226974487
YDR051C,YGR014W,0,-5.4264903,0.12633053958415985,0.9020000100135803,0.6237999796867371
YGR087C,YDR178W,0,-5.426532,0.12631283700466156,0.9020000100135803,0.6238999962806702
YHL037C,YDL008W,0,-5.4269276,0.12629514932632446,0.9020000100135803,0.6240000128746033
YPR082C,YER173W,0,-5.427052,0.12627747654914856,0.9020000100135803,0.6241000294685364
YPR029C,YIL147C,0,-5.4279075,0.12625980377197266,0.9020000100135803,0.6241999864578247
YER045C,YOL061W,0,-5.4280376,0.12624213099479675,0.9020000100135803,0.6243000030517578
YNL207W,YGR184C,0,-5.428152,0.12622445821762085,0.9020000100135803,0.6244000196456909
YPL192C,YLR246W,0,-5.428582,0.12620680034160614,0.9020000100135803,0.6244999766349792
YDR342C,YLR046C,0,-5.428653,0.12618914246559143,0.9020000100135803,0.6245999932289124
YLL012W,YER078C,0,-5.429122,0.12617149949073792,0.9020000100135803,0.6247000098228455
YLL033W,YDL014W,0,-5.429632,0.1261538416147232,0.9020000100135803,0.6248000264167786
YPL265W,YIL097W,0,-5.4297905,0.1261361986398697,0.9020000100135803,0.6248999834060669
YLR276C,YLR256W,0,-5.4298735,0.12611857056617737,0.9020000100135803,0.625
YOR299W,YMR124W,0,-5.4299717,0.12610094249248505,0.9020000100135803,0.6251000165939331
YPR114W,YDR177W,0,-5.4307585,0.12608331441879272,0.9020000100135803,0.6251999735832214
YDL132W,YKL141W,0,-5.431606,0.1260656863451004,0.9020000100135803,0.6252999901771545
YDR326C,YPR066W,0,-5.431619,0.12604807317256927,0.9020000100135803,0.6254000067710876
YLR167W,YDR110W,0,-5.4317408,0.12603046000003815,0.9020000100135803,0.6255000233650208
YMR023C,YNL047C,0,-5.4319477,0.12601284682750702,0.9020000100135803,0.6255999803543091
YEL071W,YGL251C,0,-5.432114,0.12599524855613708,0.9020000100135803,0.6256999969482422
YCR069W,YBR262C,0,-5.432236,0.12597765028476715,0.9020000100135803,0.6258000135421753
YER035W,YHR057C,0,-5.432897,0.1259600669145584,0.9020000100135803,0.6258999705314636
YPL066W,YPL193W,0,-5.433203,0.12594246864318848,0.9020000100135803,0.6259999871253967
YER022W,YPR149W,0,-5.4334173,0.12592488527297974,0.9020000100135803,0.6261000037193298
YLR013W,YDL194W,0,-5.433734,0.1259073168039322,0.9020000100135803,0.6262000203132629
YDL200C,YPR022C,0,-5.4339314,0.12588974833488464,0.9020000100135803,0.6262999773025513
YGR253C,YBL005W,0,-5.434275,0.1258721798658371,0.9020000100135803,0.6263999938964844
YDR495C,YDR202C,1,-5.434289,0.12599414587020874,0.902999997138977,0.6263999938964844
YDL036C,YBR242W,0,-5.4345675,0.1259765625,0.902999997138977,0.6265000104904175
YOL092W,YJR007W,0,-5.4347873,0.12595899403095245,0.902999997138977,0.6266000270843506
YDL166C,YNR070W,0,-5.435313,0.1259414255619049,0.902999997138977,0.6266999840736389
YDR476C,YBR188C,0,-5.4354715,0.12592385709285736,0.902999997138977,0.626800000667572
YBL013W,YDR087C,0,-5.435931,0.125906303524971,0.902999997138977,0.6269000172615051
YLR364W,YNL257C,0,-5.436281,0.12588874995708466,0.902999997138977,0.6269999742507935
YNL117W,YAL044C,0,-5.436603,0.1258711963891983,0.902999997138977,0.6270999908447266
YGL233W,YHR059W,0,-5.4367304,0.12585365772247314,0.902999997138977,0.6272000074386597
YMR135C,YJR106W,0,-5.436817,0.12583611905574799,0.902999997138977,0.6273000240325928
YOR181W,YDR468C,0,-5.4370623,0.12581858038902283,0.902999997138977,0.6273999810218811
YDL140C,YNL046W,0,-5.437206,0.12580105662345886,0.902999997138977,0.6274999976158142
YDR123C,YBL091C-A,0,-5.4372506,0.1257835328578949,0.902999997138977,0.6276000142097473
YKL164C,YIR013C,0,-5.437544,0.12576602399349213,0.902999997138977,0.6276999711990356
YDL047W,YPL002C,0,-5.437628,0.12574850022792816,0.902999997138977,0.6277999877929688
YDL013W,YKL209C,0,-5.437683,0.1257309913635254,0.902999997138977,0.6279000043869019
YER043C,YHR027C,0,-5.4384875,0.1257134974002838,0.902999997138977,0.628000020980835
YAL030W,YCL047C,0,-5.4388666,0.12569598853588104,0.902999997138977,0.6280999779701233
YOR081C,YOL094C,0,-5.439155,0.12567849457263947,0.902999997138977,0.6281999945640564
YEL013W,YNL015W,1,-5.4396,0.12580016255378723,0.9039999842643738,0.6281999945640564
YFR003C,YDR055W,0,-5.439914,0.12578266859054565,0.9039999842643738,0.6283000111579895
YBR195C,YOR151C,0,-5.4403715,0.12576515972614288,0.9039999842643738,0.6284000277519226
YHR138C,YLR240W,1,-5.440428,0.12588676810264587,0.9049999713897705,0.6284000277519226
YJR160C,YDR368W,0,-5.4404764,0.1258692592382431,0.9049999713897705,0.6284999847412109
YBR040W,YER018C,0,-5.441098,0.12585176527500153,0.9049999713897705,0.628600001335144
YOR193W,YJL048C,0,-5.441569,0.12583425641059875,0.9049999713897705,0.6287000179290771
YIL137C,YGL258W,0,-5.441659,0.12581676244735718,0.9049999713897705,0.6287999749183655
YBR242W,YJL176C,0,-5.4419637,0.1257992833852768,0.9049999713897705,0.6288999915122986
YNR053C,YER061C,0,-5.4421897,0.12578178942203522,0.9049999713897705,0.6290000081062317
YCL016C,YPL017C,0,-5.442319,0.12576431035995483,0.9049999713897705,0.6291000247001648
YOR152C,YDR160W,0,-5.443022,0.12574684619903564,0.9049999713897705,0.6291999816894531
YOL151W,YGR233C,0,-5.443174,0.12572936713695526,0.9049999713897705,0.6292999982833862
YFL050C,YOL092W,0,-5.44357,0.12571190297603607,0.9049999713897705,0.6294000148773193
YGL089C,YPR006C,0,-5.4442563,0.12569443881511688,0.9049999713897705,0.6294999718666077
YPL024W,YMR271C,0,-5.44442,0.1256769895553589,0.9049999713897705,0.6295999884605408
YCL004W,YDR060W,0,-5.4445767,0.1256595402956009,0.9049999713897705,0.6297000050544739
YOR032C,YDR098C,0,-5.4446173,0.1256420910358429,0.9049999713897705,0.629800021648407
YAR008W,YLR130C,0,-5.444629,0.1256246566772461,0.9049999713897705,0.6298999786376953
YFL027C,YDL194W,0,-5.445632,0.1256072223186493,0.9049999713897705,0.6299999952316284
YML051W,YOL128C,0,-5.4456744,0.1255897879600525,0.9049999713897705,0.6301000118255615
YLR392C,YHR070W,0,-5.446305,0.1255723536014557,0.9049999713897705,0.6302000284194946
YPL158C,YIR031C,0,-5.446985,0.12555493414402008,0.9049999713897705,0.630299985408783
YJR161C,YPL012W,0,-5.447528,0.12553752958774567,0.9049999713897705,0.6304000020027161
YGL131C,YEL060C,0,-5.4476967,0.12552011013031006,0.9049999713897705,0.6305000185966492
YMR017W,YOL083W,0,-5.4480696,0.12550270557403564,0.9049999713897705,0.6305999755859375
YPR119W,YOL094C,0,-5.4484444,0.12548530101776123,0.9049999713897705,0.6306999921798706
YDR191W,YBR281C,0,-5.4487514,0.125467911362648,0.9049999713897705,0.6308000087738037
YBR175W,YDR367W,0,-5.4488144,0.1254505068063736,0.9049999713897705,0.6309000253677368
YGL095C,YHR138C,1,-5.4489202,0.12557172775268555,0.906000018119812,0.6309000253677368
YLR055C,YHR141C,0,-5.449089,0.12555432319641113,0.906000018119812,0.6309999823570251
YKL029C,YDR208W,0,-5.4504185,0.1255369335412979,0.906000018119812,0.6310999989509583
YKL005C,YPR100W,0,-5.450526,0.1255195289850235,0.906000018119812,0.6312000155448914
YPL085W,YKR031C,0,-5.4505987,0.12550215423107147,0.906000018119812,0.6312999725341797
YOR075W,YBL004W,0,-5.4508843,0.12548476457595825,0.906000018119812,0.6313999891281128
YJL047C,YGR001C,0,-5.4520597,0.12546738982200623,0.906000018119812,0.6315000057220459
YJR040W,YDL177C,0,-5.452069,0.1254500150680542,0.906000018119812,0.631600022315979
YPR141C,YDL159W,0,-5.452308,0.12543264031410217,0.906000018119812,0.6316999793052673
YGL247W,YHR214W,0,-5.45265,0.12541528046131134,0.906000018119812,0.6317999958992004
YLR222C,YMR050C,0,-5.4529085,0.1253979206085205,0.906000018119812,0.6319000124931335
YGL027C,YNL244C,0,-5.4529457,0.12538057565689087,0.906000018119812,0.6320000290870667
YOR181W,YKL023W,0,-5.4534445,0.12536321580410004,0.906000018119812,0.632099986076355
YGR027C,YKR086W,0,-5.453523,0.1253458708524704,0.906000018119812,0.6322000026702881
YBL080C,YMR228W,0,-5.453574,0.12532854080200195,0.906000018119812,0.6323000192642212
YKL194C,YHL027W,0,-5.454368,0.1253112107515335,0.906000018119812,0.6323999762535095
YGL129C,YDL024C,0,-5.4548936,0.12529388070106506,0.906000018119812,0.6324999928474426
YPL115C,YOR334W,0,-5.454957,0.12527655065059662,0.906000018119812,0.6326000094413757
YBL093C,YMR030W,0,-5.456502,0.12525923550128937,0.906000018119812,0.6327000260353088
YNL090W,YPL003W,0,-5.456559,0.12524192035198212,0.906000018119812,0.6327999830245972
YGR052W,YKL221W,0,-5.4570723,0.12522460520267487,0.906000018119812,0.6328999996185303
YDL063C,YDR105C,0,-5.457482,0.12520729005336761,0.906000018119812,0.6330000162124634
YDR081C,YJL089W,0,-5.457711,0.12518998980522156,0.906000018119812,0.6330999732017517
YOR181W,YGR102C,0,-5.4580593,0.1251727044582367,0.906000018119812,0.6331999897956848
YEL029C,YCR087C-A,0,-5.45815,0.12515540421009064,0.906000018119812,0.6333000063896179
YNL078W,YPR066W,0,-5.458467,0.12513811886310577,0.906000018119812,0.633400022983551
YJL146W,YLR113W,0,-5.458565,0.1251208335161209,0.906000018119812,0.6334999799728394
YPR007C,YNR022C,0,-5.4597387,0.12510356307029724,0.906000018119812,0.6335999965667725
YDR023W,YCR096C,0,-5.4598413,0.12508629262447357,0.906000018119812,0.6337000131607056
YIL030C,YIR037W,0,-5.460186,0.1250690221786499,0.906000018119812,0.6338000297546387
YCL067C,YCL029C,0,-5.4605865,0.12505176663398743,0.906000018119812,0.633899986743927
YER163C,YPR075C,0,-5.4608345,0.12503449618816376,0.906000018119812,0.6340000033378601
YGL127C,YJR144W,0,-5.4608936,0.12501725554466248,0.906000018119812,0.6341000199317932
YJL194W,YJL187C,0,-5.4609585,0.125,0.906000018119812,0.6341999769210815
YDL059C,YMR275C,0,-5.4611435,0.12498275935649872,0.906000018119812,0.6342999935150146
YFR037C,YMR273C,0,-5.461217,0.12496551871299744,0.906000018119812,0.6344000101089478
YLR033W,YHR072W,0,-5.462515,0.12494828552007675,0.906000018119812,0.6345000267028809
YOR063W,YJR067C,0,-5.4628353,0.12493105232715607,0.906000018119812,0.6345999836921692
YDR310C,YJL109C,0,-5.4629335,0.12491382658481598,0.906000018119812,0.6347000002861023
YLR075W,YHR010W,0,-5.463625,0.12489660829305649,0.906000018119812,0.6348000168800354
YGR052W,YOR228C,0,-5.463893,0.124879390001297,0.906000018119812,0.6348999738693237
YCL024W,YGL185C,0,-5.4643974,0.1248621866106987,0.906000018119812,0.6349999904632568
YEL068C,YJR068W,0,-5.464738,0.1248449757695198,0.906000018119812,0.6351000070571899
YML087C,YDR191W,0,-5.4647975,0.1248277798295021,0.906000018119812,0.635200023651123
YBR046C,YJR158W,0,-5.465555,0.12481057643890381,0.906000018119812,0.6352999806404114
YNR015W,YGR239C,0,-5.466132,0.1247933879494667,0.906000018119812,0.6353999972343445
YPL265W,YLR079W,0,-5.4669065,0.1247761994600296,0.906000018119812,0.6355000138282776
YKL157W,YKR031C,0,-5.4672146,0.1247590184211731,0.906000018119812,0.6355999708175659
YLR323C,YPR108W,0,-5.467215,0.12474184483289719,0.906000018119812,0.635699987411499
YGL216W,YDL177C,0,-5.467223,0.12472467124462128,0.906000018119812,0.6358000040054321
YCR048W,YBR021W,0,-5.4673615,0.12470750510692596,0.906000018119812,0.6359000205993652
YML130C,YNL117W,0,-5.467822,0.12469033896923065,0.906000018119812,0.6359999775886536
YOR179C,YKR048C,0,-5.468396,0.12467318028211594,0.906000018119812,0.6360999941825867
YDL054C,YPL090C,0,-5.468445,0.12465602904558182,0.906000018119812,0.6362000107765198
YDR027C,YDR320C,0,-5.4691586,0.1246388778090477,0.906000018119812,0.6363000273704529
YOL080C,YER163C,0,-5.469208,0.12462173402309418,0.906000018119812,0.6363999843597412
YAR035W,YBR004C,0,-5.4695373,0.12460459023714066,0.906000018119812,0.6365000009536743
YOR161C,YGL099W,0,-5.4700317,0.12458746135234833,0.906000018119812,0.6366000175476074
YDR346C,YPR179C,0,-5.47031,0.1245703250169754,0.906000018119812,0.6366999745368958
YDR478W,YGL070C,0,-5.471065,0.12455320358276367,0.906000018119812,0.6367999911308289
YLR063W,YLR312W-A,0,-5.471167,0.12453608214855194,0.906000018119812,0.636900007724762
YKL144C,YEL046C,0,-5.4711947,0.1245189681649208,0.906000018119812,0.6370000243186951
YJL059W,YBR201W,0,-5.4714317,0.12450185418128967,0.906000018119812,0.6370999813079834
YML109W,YPL160W,0,-5.472151,0.12448474764823914,0.906000018119812,0.6371999979019165
YJR054W,YIL108W,0,-5.472382,0.1244676485657692,0.906000018119812,0.6373000144958496
YAL002W,YJL044C,0,-5.4724646,0.12445054948329926,0.906000018119812,0.6373999714851379
YCR059C,YGL259W,0,-5.473063,0.12443345785140991,0.906000018119812,0.637499988079071
YIL041W,YDR398W,0,-5.4730887,0.12441636621952057,0.906000018119812,0.6376000046730042
YOL135C,YDR235W,0,-5.4734545,0.12439928948879242,0.906000018119812,0.6377000212669373
YPR022C,YDL153C,0,-5.473484,0.12438220530748367,0.906000018119812,0.6377999782562256
YDR488C,YHR151C,0,-5.4742217,0.12436513602733612,0.906000018119812,0.6378999948501587
YHR030C,YKL139W,0,-5.474224,0.12434806674718857,0.906000018119812,0.6380000114440918
YGR097W,YKR001C,0,-5.4745064,0.12433099746704102,0.906000018119812,0.6381000280380249
YDL168W,YCR023C,0,-5.47481,0.12431394308805466,0.906000018119812,0.6381999850273132
YKL093W,YIR037W,0,-5.474925,0.1242968887090683,0.906000018119812,0.6383000016212463
YNL249C,YKR079C,0,-5.4752216,0.12427983433008194,0.906000018119812,0.6384000182151794
YGR162W,YDR205W,0,-5.4758883,0.12426278740167618,0.906000018119812,0.6384999752044678
YLR450W,YDR365C,0,-5.4761877,0.12424574792385101,0.906000018119812,0.6385999917984009
YPL208W,YOR231W,0,-5.4767714,0.12422871589660645,0.906000018119812,0.638700008392334
YDL001W,YGR086C,0,-5.4768972,0.12421168386936188,0.906000018119812,0.6388000249862671
YKL049C,YDR345C,0,-5.4775906,0.12419465184211731,0.906000018119812,0.6388999819755554
YDL206W,YOR264W,0,-5.4775915,0.12417763471603394,0.906000018119812,0.6389999985694885
YJR055W,YLR466W,0,-5.4777813,0.12416061758995056,0.906000018119812,0.6391000151634216
YDR003W,YML121W,0,-5.477894,0.12414360046386719,0.906000018119812,0.63919997215271
YKL133C,YGR092W,0,-5.4781904,0.12412659078836441,0.906000018119812,0.6392999887466431
YMR176W,YHR199C,0,-5.478265,0.12410958856344223,0.906000018119812,0.6394000053405762
YML017W,YHR045W,0,-5.478353,0.12409258633852005,0.906000018119812,0.6395000219345093
YKL005C,YDL021W,0,-5.479136,0.12407559901475906,0.906000018119812,0.6395999789237976
YLR394W,YBR195C,0,-5.479724,0.12405860424041748,0.906000018119812,0.6396999955177307
YMR314W,YOL151W,0,-5.479748,0.12404162436723709,0.906000018119812,0.6398000121116638
YDR183W,YBR142W,0,-5.4798937,0.1240246370434761,0.906000018119812,0.6399000287055969
YBR298C,YKL040C,0,-5.480562,0.12400766462087631,0.906000018119812,0.6399999856948853
YKR054C,YFR051C,0,-5.4806967,0.12399069219827652,0.906000018119812,0.6401000022888184
YGR233C,YOR054C,0,-5.48151,0.12397372722625732,0.906000018119812,0.6402000188827515
YNL302C,YEL007W,0,-5.482331,0.12395676225423813,0.906000018119812,0.6402999758720398
YNL339C,YNL283C,0,-5.482397,0.12393981218338013,0.906000018119812,0.6403999924659729
YKR072C,YPL059W,0,-5.4826193,0.12392285466194153,0.906000018119812,0.640500009059906
YHR076W,YMR220W,0,-5.48278,0.12390590459108353,0.906000018119812,0.6406000256538391
YOL098C,YCL026C-A,0,-5.4828043,0.12388896197080612,0.906000018119812,0.6406999826431274
YML025C,YAL029C,0,-5.4831467,0.12387202680110931,0.906000018119812,0.6407999992370605
YJR141W,YER087W,0,-5.4837804,0.1238550916314125,0.906000018119812,0.6409000158309937
YJL219W,YOL094C,0,-5.4839187,0.1238381639122963,0.906000018119812,0.640999972820282
YJR033C,YOR326W,1,-5.4844885,0.12395790964365005,0.9070000052452087,0.640999972820282
YOL125W,YMR076C,0,-5.4845705,0.12394096702337265,0.9070000052452087,0.6410999894142151
YCL063W,YMR197C,1,-5.485155,0.12406066060066223,0.9079999923706055,0.6410999894142151
YPL037C,YOR328W,0,-5.4854794,0.12404371798038483,0.9079999923706055,0.6412000060081482
YOR254C,YOL034W,0,-5.4856825,0.12402677536010742,0.9079999923706055,0.6413000226020813
YLL062C,YKL085W,0,-5.486439,0.12400983273983002,0.9079999923706055,0.6413999795913696
YPL040C,YML077W,0,-5.4867063,0.12399289757013321,0.9079999923706055,0.6414999961853027
YHR183W,YER046W,0,-5.488251,0.123975969851017,0.9079999923706055,0.6416000127792358
YER091C,YLR314C,0,-5.489979,0.12395904213190079,0.9079999923706055,0.641700029373169
YIL101C,YKL198C,0,-5.4899845,0.12394212186336517,0.9079999923706055,0.6417999863624573
YOR009W,YBR015C,0,-5.492346,0.12392520904541016,0.9079999923706055,0.6419000029563904
YBL058W,YLR448W,0,-5.4923506,0.12390829622745514,0.9079999923706055,0.6420000195503235
YOR157C,YNL075W,0,-5.4925423,0.12389139086008072,0.9079999923706055,0.6420999765396118
YGR243W,YDR229W,0,-5.492917,0.1238744854927063,0.9079999923706055,0.6421999931335449
YPR137W,YGR225W,0,-5.4930887,0.12385758757591248,0.9079999923706055,0.642300009727478
YMR231W,YNL326C,1,-5.493664,0.12397708743810654,0.9089999794960022,0.642300009727478
YGR087C,YGL027C,0,-5.494577,0.12396018207073212,0.9089999794960022,0.6424000263214111
YDL126C,YIL160C,0,-5.495688,0.1239432767033577,0.9089999794960022,0.6424999833106995
YGR180C,YLR361C,0,-5.4962344,0.12392637878656387,0.9089999794960022,0.6425999999046326
YMR017W,YER045C,0,-5.49661,0.12390948832035065,0.9089999794960022,0.6427000164985657
YLR075W,YDR358W,0,-5.497771,0.12389259785413742,0.9089999794960022,0.642799973487854
YKL108W,YDL208W,0,-5.4978228,0.12387571483850479,0.9089999794960022,0.6428999900817871
YOL010W,YML101C,0,-5.497988,0.12385883927345276,0.9089999794960022,0.6430000066757202
YPL131W,YJR127C,0,-5.4993067,0.12384196370840073,0.9089999794960022,0.6431000232696533
YKL188C,YML049C,0,-5.5007725,0.12382509559392929,0.9089999794960022,0.6431999802589417
YBR246W,YGR270W,0,-5.5025206,0.12380822747945786,0.9089999794960022,0.6432999968528748
YCR100C,YDR443C,0,-5.5026407,0.12379136681556702,0.9089999794960022,0.6434000134468079
YIL125W,YBR017C,0,-5.502685,0.12377450615167618,0.9089999794960022,0.6434999704360962
YOR006C,YGL128C,0,-5.502801,0.12375766038894653,0.9089999794960022,0.6435999870300293
YCR046C,YHR184W,0,-5.502918,0.12374081462621689,0.9089999794960022,0.6437000036239624
YGL119W,YBR279W,0,-5.503125,0.12372396886348724,0.9089999794960022,0.6438000202178955
YER075C,YJR117W,0,-5.503566,0.1237071305513382,0.9089999794960022,0.6438999772071838
YGR028W,YAL015C,0,-5.5039673,0.12369029968976974,0.9089999794960022,0.6439999938011169
YGL210W,YER007C-A,0,-5.5050387,0.1236734688282013,0.9089999794960022,0.64410001039505
YPR183W,YMR021C,0,-5.5050526,0.12365664541721344,0.9089999794960022,0.6442000269889832
YOL043C,YMR055C,0,-5.5053444,0.12363982945680618,0.9089999794960022,0.6442999839782715
YLR173W,YJL073W,0,-5.506278,0.12362301349639893,0.9089999794960022,0.6444000005722046
YKL072W,YJL104W,0,-5.506434,0.12360619753599167,0.9089999794960022,0.6445000171661377
YFR020W,YKL058W,0,-5.5064955,0.1235893964767456,0.9089999794960022,0.644599974155426
YBL061C,YKL029C,0,-5.506942,0.12357259541749954,0.9089999794960022,0.6446999907493591
YGL030W,YPL028W,0,-5.5074944,0.12355579435825348,0.9089999794960022,0.6448000073432922
YHR138C,YDL077C,1,-5.5077906,0.1236749142408371,0.9100000262260437,0.6448000073432922
YJL223C,YEL043W,0,-5.507927,0.12365810573101044,0.9100000262260437,0.6449000239372253
YOR059C,YCR045C,0,-5.509571,0.12364130467176437,0.9100000262260437,0.6449999809265137
YML077W,YOR165W,0,-5.5102797,0.12362451106309891,0.9100000262260437,0.6450999975204468
YCR093W,YDR369C,0,-5.5115957,0.12360771745443344,0.9100000262260437,0.6452000141143799
YNL164C,YER123W,0,-5.512597,0.12359093129634857,0.9100000262260437,0.6452999711036682
YBR269C,YNL153C,0,-5.51269,0.1235741451382637,0.9100000262260437,0.6453999876976013
YBR103W,YNR028W,0,-5.5131116,0.12355736643075943,0.9100000262260437,0.6455000042915344
YNL158W,YCR003W,0,-5.5133286,0.12354059517383575,0.9100000262260437,0.6456000208854675
YLR289W,YLR239C,0,-5.5135984,0.12352382391691208,0.9100000262260437,0.6456999778747559
YBR136W,YGR198W,0,-5.513859,0.123507060110569,0.9100000262260437,0.645799994468689
YLR022C,YDR444W,0,-5.5143747,0.12349029630422592,0.9100000262260437,0.6459000110626221
YBL078C,YML068W,0,-5.515315,0.12347353994846344,0.9100000262260437,0.6460000276565552
YOR081C,YOR347C,0,-5.5155077,0.12345679104328156,0.9100000262260437,0.6460999846458435
YHR171W,YNL186W,0,-5.515794,0.12344004213809967,0.9100000262260437,0.6462000012397766
YKL039W,YGR030C,0,-5.515994,0.12342330068349838,0.9100000262260437,0.6463000178337097
YNL294C,YKR097W,0,-5.516531,0.12340656667947769,0.9100000262260437,0.646399974822998
YBR103W,YGR285C,0,-5.516553,0.123389832675457,0.9100000262260437,0.6464999914169312
YLR348C,YNR026C,0,-5.5179305,0.12337309867143631,0.9100000262260437,0.6466000080108643
YHR100C,YJR001W,0,-5.5187497,0.12335637956857681,0.9100000262260437,0.6467000246047974
YML029W,YKR067W,0,-5.51896,0.12333966046571732,0.9100000262260437,0.6467999815940857
YPL049C,YNR007C,0,-5.5196214,0.12332294136285782,0.9100000262260437,0.6468999981880188
YDR003W,YJR100C,0,-5.5200486,0.12330622971057892,0.9100000262260437,0.6470000147819519
YJR010C-A,YPR122W,0,-5.5200825,0.12328952550888062,0.9100000262260437,0.6470999717712402
YML018C,YMR076C,0,-5.521073,0.12327282875776291,0.9100000262260437,0.6471999883651733
YGL125W,YDL144C,0,-5.5210853,0.1232561320066452,0.9100000262260437,0.6473000049591064
YAL001C,YER159C,0,-5.521638,0.1232394352555275,0.9100000262260437,0.6474000215530396
YNL126W,YIL005W,0,-5.5219975,0.12322274595499039,0.9100000262260437,0.6474999785423279
YLR173W,YBR131W,0,-5.5222754,0.12320606410503387,0.9100000262260437,0.647599995136261
YMR078C,YCR011C,0,-5.5248575,0.12318938970565796,0.9100000262260437,0.6477000117301941
YML051W,YFR039C,0,-5.5250654,0.12317271530628204,0.9100000262260437,0.6478000283241272
YML018C,YOR328W,0,-5.525912,0.12315604090690613,0.9100000262260437,0.6478999853134155
YOR001W,YGR005C,0,-5.527033,0.12313937395811081,0.9100000262260437,0.6480000019073486
YGR120C,YLR054C,0,-5.5275755,0.12312271445989609,0.9100000262260437,0.6481000185012817
YPL274W,YLR435W,0,-5.5280733,0.12310606241226196,0.9100000262260437,0.6481999754905701
YDR507C,YJR144W,0,-5.5284157,0.12308941036462784,0.9100000262260437,0.6482999920845032
YNL108C,YER069W,0,-5.528498,0.12307275831699371,0.9100000262260437,0.6484000086784363
YOL092W,YJL093C,0,-5.528802,0.12305612117052078,0.9100000262260437,0.6485000252723694
YDL200C,YAL001C,0,-5.529645,0.12303948402404785,0.9100000262260437,0.6485999822616577
YLR299W,YBR253W,0,-5.5316525,0.12302284687757492,0.9100000262260437,0.6486999988555908
YGR138C,YBR195C,0,-5.53177,0.12300621718168259,0.9100000262260437,0.6488000154495239
YGL119W,YJL149W,0,-5.531897,0.12298959493637085,0.9100000262260437,0.6488999724388123
YIR023W,YMR172W,0,-5.5319,0.12297297269105911,0.9100000262260437,0.6489999890327454
YMR098C,YDR363W,0,-5.5319414,0.12295635789632797,0.9100000262260437,0.6491000056266785
YOL026C,YIL117C,0,-5.532086,0.12293974310159683,0.9100000262260437,0.6492000222206116
YDL176W,YDR351W,0,-5.5323086,0.12292313575744629,0.9100000262260437,0.6492999792098999
YNL136W,YGR014W,0,-5.5326614,0.12290653586387634,0.9100000262260437,0.649399995803833
YGR243W,YMR312W,0,-5.532972,0.1228899359703064,0.9100000262260437,0.6495000123977661
YDR384C,YJL020C,0,-5.5330477,0.12287334352731705,0.9100000262260437,0.6496000289916992
YOR363C,YHR215W,0,-5.533676,0.1228567585349083,0.9100000262260437,0.6496999859809875
YNR002C,YPR075C,0,-5.533835,0.12284017354249954,0.9100000262260437,0.6498000025749207
YPL193W,YDR498C,0,-5.533947,0.12282359600067139,0.9100000262260437,0.6499000191688538
YPR058W,YNL044W,0,-5.534531,0.12280701845884323,0.9100000262260437,0.6499999761581421
YOR166C,YDR176W,0,-5.5348053,0.12279044836759567,0.9100000262260437,0.6500999927520752
YDR080W,YOR068C,1,-5.5352383,0.12290879338979721,0.9110000133514404,0.6500999927520752
YLL067C,YOR004W,0,-5.535537,0.12289221584796906,0.9110000133514404,0.6502000093460083
YDL243C,YBR186W,0,-5.535546,0.1228756383061409,0.9110000133514404,0.6503000259399414
YBL042C,YKL067W,0,-5.535818,0.12285906821489334,0.9110000133514404,0.6503999829292297
YBR045C,YJR049C,0,-5.53592,0.12284250557422638,0.9110000133514404,0.6504999995231628
YPL268W,YDR065W,1,-5.5364037,0.12296076864004135,0.9120000004768372,0.6504999995231628
YNR039C,YOL081W,0,-5.537634,0.1229441910982132,0.9120000004768372,0.650600016117096
YNL075W,YKL160W,0,-5.53767,0.12292762100696564,0.9120000004768372,0.6506999731063843
YDL077C,YLR240W,1,-5.5378327,0.12304582446813583,0.9129999876022339,0.6506999731063843
YCR023C,YBR030W,0,-5.538213,0.12302923947572708,0.9129999876022339,0.6507999897003174
YNR009W,YNL316C,0,-5.538619,0.12301266193389893,0.9129999876022339,0.6509000062942505
YHR057C,YKL129C,0,-5.5386906,0.12299609184265137,0.9129999876022339,0.6510000228881836
YPR045C,YBR273C,0,-5.538843,0.1229795292019844,0.9129999876022339,0.6510999798774719
YDR007W,YBR150C,0,-5.538849,0.12296296656131744,0.9129999876022339,0.651199996471405
YPL084W,YPR200C,0,-5.5388784,0.12294640392065048,0.9129999876022339,0.6513000130653381
YNR019W,YPR147C,0,-5.538908,0.12292984873056412,0.9129999876022339,0.6514000296592712
YAR003W,YOR093C,0,-5.5389643,0.12291330099105835,0.9129999876022339,0.6514999866485596
YNR039C,YBL078C,0,-5.5394464,0.12289675325155258,0.9129999876022339,0.6516000032424927
YML038C,YOR243C,0,-5.5394545,0.12288021296262741,0.9129999876022339,0.6517000198364258
YPR164W,YDR454C,0,-5.539665,0.12286368012428284,0.9129999876022339,0.6517999768257141
YDR065W,YBL050W,1,-5.53967,0.12298169732093811,0.9139999747276306,0.6517999768257141
YDR017C,YDR202C,1,-5.540052,0.12309969216585159,0.9150000214576721,0.6517999768257141
YFR019W,YDR202C,1,-5.540225,0.12321764975786209,0.9160000085830688,0.6517999768257141
YGR162W,YFL052W,0,-5.5403566,0.12320107966661453,0.9160000085830688,0.6518999934196472
YLR394W,YGR005C,0,-5.5404015,0.12318450957536697,0.9160000085830688,0.6520000100135803
YKR097W,YDL243C,0,-5.540475,0.12316794693470001,0.9160000085830688,0.6521000266075134
YGR128C,YHR179W,0,-5.5406084,0.12315138429403305,0.9160000085830688,0.6521999835968018
YDR118W,YIL021W,0,-5.5406995,0.12313482910394669,0.9160000085830688,0.6523000001907349
YLR355C,YPL273W,0,-5.5422716,0.12311828136444092,0.9160000085830688,0.652400016784668
YKR102W,YGL237C,0,-5.5423036,0.12310173362493515,0.9160000085830688,0.6524999737739563
YLR393W,YPL271W,0,-5.5429215,0.12308519333600998,0.9160000085830688,0.6525999903678894
YBR031W,YPL119C,0,-5.543446,0.12306865304708481,0.9160000085830688,0.6527000069618225
YGL251C,YML049C,0,-5.543494,0.12305212020874023,0.9160000085830688,0.6528000235557556
YDR281C,YIL127C,0,-5.543648,0.12303559482097626,0.9160000085830688,0.652899980545044
YCR071C,YFR034C,0,-5.5439844,0.12301906943321228,0.9160000085830688,0.652999997138977
YGL197W,YOL129W,0,-5.5441236,0.1230025514960289,0.9160000085830688,0.6531000137329102
YKR037C,YIL008W,0,-5.544635,0.12298603355884552,0.9160000085830688,0.6531999707221985
YGL185C,YDR221W,0,-5.545127,0.12296952307224274,0.9160000085830688,0.6532999873161316
YBL011W,YMR059W,0,-5.545257,0.12295302003622055,0.9160000085830688,0.6534000039100647
YKL100C,YDR185C,0,-5.5455575,0.12293651700019836,0.9160000085830688,0.6535000205039978
YOR063W,YDR104C,0,-5.545738,0.12292002141475677,0.9160000085830688,0.6535999774932861
YCL063W,YNL015W,1,-5.5460014,0.12303770333528519,0.9169999957084656,0.6535999774932861
YLR291C,YBR103W,0,-5.546428,0.123021200299263,0.9169999957084656,0.6536999940872192
YNL008C,YMR001C,0,-5.5467377,0.12300469726324081,0.9169999957084656,0.6538000106811523
YLR377C,YHR029C,0,-5.546792,0.12298819422721863,0.9169999957084656,0.6539000272750854
YKR077W,YGR285C,0,-5.546973,0.12297170609235764,0.9169999957084656,0.6539999842643738
YMR311C,YGR277C,0,-5.548031,0.12295521795749664,0.9169999957084656,0.6541000008583069
YEL032W,YEL061C,0,-5.548127,0.12293872982263565,0.9169999957084656,0.65420001745224
YJR124C,YML114C,0,-5.5481396,0.12292224913835526,0.9169999957084656,0.6542999744415283
YER161C,YOR221C,0,-5.5481505,0.12290577590465546,0.9169999957084656,0.6543999910354614
YER156C,YOR283W,0,-5.5485463,0.12288930267095566,0.9169999957084656,0.6545000076293945
YOL126C,YPL090C,0,-5.548562,0.12287283688783646,0.9169999957084656,0.6546000242233276
YAL008W,YNL305C,0,-5.548746,0.12285637855529785,0.9169999957084656,0.654699981212616
YNR019W,YPR041W,0,-5.548909,0.12283992022275925,0.9169999957084656,0.6547999978065491
YOL094C,YDL116W,0,-5.549038,0.12282346934080124,0.9169999957084656,0.6549000144004822
YML096W,YMR277W,0,-5.5491896,0.12280701845884323,0.9169999957084656,0.6549999713897705
YDL134C,YLL002W,0,-5.549225,0.12279057502746582,0.9169999957084656,0.6550999879837036
YIL105C,YIL031W,0,-5.5501328,0.12277413159608841,0.9169999957084656,0.6552000045776367
YLR225C,YMR037C,0,-5.5501547,0.1227576956152916,0.9169999957084656,0.6553000211715698
YMR104C,YPL200W,0,-5.55122,0.12274126708507538,0.9169999957084656,0.6553999781608582
YHL042W,YPR015C,0,-5.551895,0.12272483855485916,0.9169999957084656,0.6554999947547913
YGL003C,YIL014W,0,-5.5519156,0.12270841747522354,0.9169999957084656,0.6556000113487244
YJR152W,YGR121C,0,-5.5522337,0.12269199639558792,0.9169999957084656,0.6557000279426575
YML064C,YOR113W,0,-5.552293,0.1226755827665329,0.9169999957084656,0.6557999849319458
YJR099W,YDR160W,0,-5.553014,0.12265917658805847,0.9169999957084656,0.6559000015258789
YHR206W,YKL105C,0,-5.553555,0.12264277040958405,0.9169999957084656,0.656000018119812
YOR098C,YHR028C,0,-5.5536976,0.12262637168169022,0.9169999957084656,0.6560999751091003
YJL085W,YDL047W,0,-5.5543127,0.12260997295379639,0.9169999957084656,0.6561999917030334
YGL233W,YGL097W,0,-5.5545425,0.12259358167648315,0.9169999957084656,0.6563000082969666
YMR032W,YFL010W-A,0,-5.5550456,0.12257719784975052,0.9169999957084656,0.6564000248908997
YPR141C,YHR035W,0,-5.5562544,0.12256081402301788,0.9169999957084656,0.656499981880188
YLR207W,YOR298W,0,-5.556529,0.12254443764686584,0.9169999957084656,0.6565999984741211
YNL326C,YKR007W,1,-5.5567713,0.12266167998313904,0.9179999828338623,0.6565999984741211
YER111C,YCR089W,0,-5.557028,0.1226452887058258,0.9179999828338623,0.6567000150680542
YDR438W,YGR217W,0,-5.5570707,0.12262890487909317,0.9179999828338623,0.6567999720573425
YLR310C,YIR024C,0,-5.5572734,0.12261252850294113,0.9179999828338623,0.6568999886512756
YNL322C,YFR031C,0,-5.5578337,0.12259615212678909,0.9179999828338623,0.6570000052452087
YNL238W,YIL068C,0,-5.55826,0.12257978320121765,0.9179999828338623,0.6571000218391418
YNR061C,YPL041C,0,-5.5584025,0.12256341427564621,0.9179999828338623,0.6571999788284302
YMR002W,YOR069W,0,-5.55892,0.12254705280065536,0.9179999828338623,0.6572999954223633
YHL030W,YKR049C,0,-5.559085,0.12253069877624512,0.9179999828338623,0.6574000120162964
YJR145C,YPL209C,0,-5.5591106,0.12251434475183487,0.9179999828338623,0.6575000286102295
YOL057W,YIL103W,0,-5.5606723,0.12249799817800522,0.9179999828338623,0.6575999855995178
YIL112W,YHR186C,0,-5.560956,0.12248165160417557,0.9179999828338623,0.6577000021934509
YLR121C,YER168C,0,-5.561034,0.12246531248092651,0.9179999828338623,0.657800018787384
YOR311C,YJR092W,0,-5.5610385,0.12244898080825806,0.9179999828338623,0.6578999757766724
YOR016C,YBR077C,0,-5.5614204,0.1224326491355896,0.9179999828338623,0.6579999923706055
YOR222W,YJR061W,0,-5.561625,0.12241632491350174,0.9179999828338623,0.6581000089645386
YBR239C,YPR104C,0,-5.5619054,0.12240000069141388,0.9179999828338623,0.6582000255584717
YKR069W,YDL083C,0,-5.562601,0.12238368391990662,0.9179999828338623,0.65829998254776
YIR002C,YHL044W,0,-5.562625,0.12236736714839935,0.9179999828338623,0.6583999991416931
YNL160W,YDL182W,0,-5.5628185,0.12235105782747269,0.9179999828338623,0.6585000157356262
YBL080C,YNL258C,0,-5.5628414,0.12233475595712662,0.9179999828338623,0.6585999727249146
YOR066W,YKL193C,0,-5.562973,0.12231845408678055,0.9179999828338623,0.6586999893188477
YGL094C,YAR010C,0,-5.5631037,0.12230215966701508,0.9179999828338623,0.6588000059127808
YBR152W,YNL036W,0,-5.563496,0.1222858652472496,0.9179999828338623,0.6589000225067139
YDR453C,YOL153C,0,-5.563521,0.12226957827806473,0.9179999828338623,0.6589999794960022
YPL112C,YBR188C,0,-5.564473,0.12225329875946045,0.9179999828338623,0.6590999960899353
YDL063C,YIR025W,0,-5.5645666,0.12223701924085617,0.9179999828338623,0.6592000126838684
YKR020W,YHR073W,0,-5.5648313,0.12222073972225189,0.9179999828338623,0.6593000292778015
YPL170W,YLR145W,0,-5.564974,0.12220447510480881,0.9179999828338623,0.6593999862670898
YLR071C,YGR246C,0,-5.564988,0.12218821048736572,0.9179999828338623,0.659500002861023
YNL123W,YMR024W,0,-5.5652122,0.12217194586992264,0.9179999828338623,0.659600019454956
YKL086W,YOR334W,0,-5.566203,0.12215568870306015,0.9179999828338623,0.6596999764442444
YNR004W,YGR289C,0,-5.5668306,0.12213943898677826,0.9179999828338623,0.6597999930381775
YOL126C,YGR280C,0,-5.567382,0.12212318927049637,0.9179999828338623,0.6599000096321106
YDR116C,YPL001W,0,-5.5673876,0.12210694700479507,0.9179999828338623,0.6600000262260437
YHL001W,YPR088C,0,-5.567465,0.12209070473909378,0.9179999828338623,0.660099983215332
YKL176C,YKR049C,0,-5.5680294,0.12207446992397308,0.9179999828338623,0.6601999998092651
YOR043W,YMR225C,0,-5.5684834,0.12205823510885239,0.9179999828338623,0.6603000164031982
YKR019C,YER007C-A,0,-5.5689163,0.12204200774431229,0.9179999828338623,0.6603999733924866
YJL187C,YEL015W,0,-5.5695133,0.12202578783035278,0.9179999828338623,0.6604999899864197
YER012W,YPR171W,0,-5.570016,0.12200956791639328,0.9179999828338623,0.6606000065803528
YKR034W,YER038C,0,-5.5701103,0.12199335545301437,0.9179999828338623,0.6607000231742859
YDR288W,YDR125C,0,-5.570488,0.12197714298963547,0.9179999828338623,0.6607999801635742
YDR137W,YKL011C,0,-5.5704966,0.12196093797683716,0.9179999828338623,0.6608999967575073
YPL006W,YBR294W,0,-5.5706663,0.12194474041461945,0.9179999828338623,0.6610000133514404
YLR299W,YJL196C,0,-5.571553,0.12192854285240173,0.9179999828338623,0.6610999703407288
YML048W,YKL014C,0,-5.572098,0.12191235274076462,0.9179999828338623,0.6611999869346619
YDR536W,YHR150W,0,-5.572403,0.1218961626291275,0.9179999828338623,0.661300003528595
YMR231W,YHR138C,1,-5.5727987,0.12201274931430817,0.9190000295639038,0.661300003528595
YKL208W,YFR014C,0,-5.57345,0.12199655175209045,0.9190000295639038,0.6614000201225281
YLR298C,YOL152W,0,-5.5737247,0.12198035418987274,0.9190000295639038,0.6614999771118164
YJL189W,YHR020W,0,-5.5738144,0.12196416407823563,0.9190000295639038,0.6615999937057495
YCR059C,YPL166W,0,-5.5743923,0.12194798141717911,0.9190000295639038,0.6617000102996826
YPL049C,YBR146W,0,-5.575003,0.12193180620670319,0.9190000295639038,0.6618000268936157
YLR253W,YMR098C,0,-5.575011,0.12191563099622726,0.9190000295639038,0.661899983882904
YER070W,YML057W,0,-5.5754347,0.12189945578575134,0.9190000295639038,0.6620000004768372
YBR078W,YJR066W,0,-5.5757484,0.12188328802585602,0.9190000295639038,0.6621000170707703
YJR161C,YJL026W,0,-5.576273,0.12186712771654129,0.9190000295639038,0.6621999740600586
YOL116W,YGR014W,0,-5.5773783,0.12185096740722656,0.9190000295639038,0.6622999906539917
YJR107W,YDR208W,0,-5.5778294,0.12183481454849243,0.9190000295639038,0.6624000072479248
YMR210W,YDL211C,0,-5.5787487,0.1218186616897583,0.9190000295639038,0.6625000238418579
YGR239C,YEL022W,0,-5.578788,0.12180251628160477,0.9190000295639038,0.6625999808311462
YBR044C,YER076C,0,-5.57942,0.12178637832403183,0.9190000295639038,0.6626999974250793
YNL080C,YDL190C,0,-5.5803666,0.12177024036645889,0.9190000295639038,0.6628000140190125
YOR350C,YGL160W,0,-5.5812025,0.12175410985946655,0.9190000295639038,0.6628999710083008
YEL064C,YDR170C,0,-5.5813103,0.12173797935247421,0.9190000295639038,0.6629999876022339
YLR427W,YNL222W,0,-5.5830064,0.12172185629606247,0.9190000295639038,0.663100004196167
YHL002W,YNL209W,0,-5.5839233,0.12170573323965073,0.9190000295639038,0.6632000207901001
YER087C-A,YNR007C,0,-5.5842915,0.12168961763381958,0.9190000295639038,0.6632999777793884
YKL022C,YAR033W,0,-5.5844164,0.12167350947856903,0.9190000295639038,0.6633999943733215
YLR430W,YER005W,0,-5.5845604,0.12165740132331848,0.9190000295639038,0.6635000109672546
YMR309C,YLR119W,0,-5.5860615,0.12164130061864853,0.9190000295639038,0.6636000275611877
YBR158W,YEL072W,0,-5.5862036,0.12162519991397858,0.9190000295639038,0.6636999845504761
YNL258C,YPR075C,0,-5.586259,0.12160910665988922,0.9190000295639038,0.6638000011444092
YDL010W,YGL061C,0,-5.5866575,0.12159301340579987,0.9190000295639038,0.6639000177383423
YHR214C-B,YBL040C,0,-5.5871468,0.12157692760229111,0.9190000295639038,0.6639999747276306
YOR279C,YMR319C,0,-5.5877,0.12156084924936295,0.9190000295639038,0.6640999913215637
YPL280W,YNL240C,0,-5.587803,0.12154477089643478,0.9190000295639038,0.6642000079154968
YER123W,YJR141W,0,-5.588073,0.12152869254350662,0.9190000295639038,0.6643000245094299
YPL113C,YOR124C,0,-5.588085,0.12151262909173965,0.9190000295639038,0.6643999814987183
YDR183W,YOL098C,0,-5.588086,0.12149656563997269,0.9190000295639038,0.6644999980926514
YLR133W,YKR071C,0,-5.588194,0.12148050218820572,0.9190000295639038,0.6646000146865845
YBR098W,YOR372C,0,-5.5892115,0.12146444618701935,0.9190000295639038,0.6646999716758728
YNL326C,YDR017C,1,-5.5892878,0.12158054858446121,0.9200000166893005,0.6646999716758728
YLR429W,YFR055W,0,-5.5892987,0.12156448513269424,0.9200000166893005,0.6647999882698059
YNL222W,YGL139W,0,-5.589613,0.12154842168092728,0.9200000166893005,0.664900004863739
YER018C,YLR130C,0,-5.590104,0.1215323656797409,0.9200000166893005,0.6650000214576721
YMR236W,YMR283C,0,-5.590461,0.12151630967855453,0.9200000166893005,0.6650999784469604
YPR182W,YNL059C,0,-5.590679,0.12150026112794876,0.9200000166893005,0.6651999950408936
YOR018W,YLR083C,0,-5.5910797,0.12148422002792358,0.9200000166893005,0.6653000116348267
YJL144W,YHR153C,0,-5.5912166,0.12146817892789841,0.9200000166893005,0.6654000282287598
YER145C,YOR351C,0,-5.591625,0.12145214527845383,0.9200000166893005,0.6654999852180481
YCR096C,YPR065W,0,-5.5916576,0.12143611162900925,0.9200000166893005,0.6656000018119812
YDR304C,YOR339C,0,-5.5921283,0.12142008543014526,0.9200000166893005,0.6657000184059143
YOL070C,YDL199C,0,-5.59245,0.12140406668186188,0.9200000166893005,0.6657999753952026
YOR098C,YDR058C,0,-5.5927906,0.12138804793357849,0.9200000166893005,0.6658999919891357
YER123W,YPL141C,0,-5.5934258,0.1213720291852951,0.9200000166893005,0.6660000085830688
YHR081W,YPL052W,0,-5.593651,0.12135602533817291,0.9200000166893005,0.666100025177002
YOR211C,YML009C,0,-5.5937243,0.12134001404047012,0.9200000166893005,0.6661999821662903
YLR460C,YDR297W,0,-5.5942097,0.12132401764392853,0.9200000166893005,0.6662999987602234
YBR094W,YGL220W,0,-5.594243,0.12130801379680634,0.9200000166893005,0.6664000153541565
YMR070W,YNR008W,0,-5.59435,0.12129202485084534,0.9200000166893005,0.6664999723434448
YPR154W,YDR191W,0,-5.5943766,0.12127603590488434,0.9200000166893005,0.6665999889373779
YOL092W,YBR204C,0,-5.594599,0.12126004695892334,0.9200000166893005,0.666700005531311
YMR129W,YPL027W,0,-5.595093,0.12124407291412354,0.9200000166893005,0.6668000221252441
YNR060W,YDR492W,0,-5.5952034,0.12122809141874313,0.9200000166893005,0.6668999791145325
YNL310C,YKR031C,0,-5.5953474,0.12121212482452393,0.9200000166893005,0.6669999957084656
YMR277W,YOL113W,0,-5.5957384,0.12119615077972412,0.9200000166893005,0.6671000123023987
YOL125W,YDL183C,0,-5.5959086,0.12118019163608551,0.9200000166893005,0.6672000288963318
YHR024C,YDL102W,0,-5.5961866,0.1211642324924469,0.9200000166893005,0.6672999858856201
YER167W,YOR361C,0,-5.5965176,0.12114827334880829,0.9200000166893005,0.6674000024795532
YGR075C,YDR172W,0,-5.5967016,0.12113232165575027,0.9200000166893005,0.6675000190734863
YDR252W,YPL171C,0,-5.596817,0.12111637741327286,0.9200000166893005,0.6675999760627747
YOL096C,YOR390W,0,-5.5968275,0.12110043317079544,0.9200000166893005,0.6676999926567078
YGR283C,YGL059W,0,-5.596864,0.12108449637889862,0.9200000166893005,0.6678000092506409
YOR301W,YDR388W,0,-5.597172,0.1210685595870018,0.9200000166893005,0.667900025844574
YJR004C,YDR425W,0,-5.597392,0.12105263024568558,0.9200000166893005,0.6679999828338623
YLR023C,YMR274C,0,-5.5974197,0.12103670835494995,0.9200000166893005,0.6680999994277954
YPR128C,YER060W,0,-5.5974817,0.12102078646421432,0.9200000166893005,0.6682000160217285
YHR211W,YOR243C,0,-5.5976477,0.1210048645734787,0.9200000166893005,0.6682999730110168
YHL024W,YJL115W,0,-5.5976925,0.12098895013332367,0.9200000166893005,0.66839998960495
YOR190W,YGR118W,0,-5.597959,0.12097304314374924,0.9200000166893005,0.6685000061988831
YDL150W,YAR035W,0,-5.5989876,0.1209571361541748,0.9200000166893005,0.6686000227928162
YGL002W,YGL029W,0,-5.5989995,0.12094123661518097,0.9200000166893005,0.6686999797821045
YDR240C,YLR308W,0,-5.5997515,0.12092534452676773,0.9200000166893005,0.6687999963760376
YJL122W,YOR264W,0,-5.6000333,0.12090945243835449,0.9200000166893005,0.6689000129699707
YNL223W,YJR075W,0,-5.6017494,0.12089356034994125,0.9200000166893005,0.6690000295639038
YAL041W,YGL111W,0,-5.6018476,0.12087767571210861,0.9200000166893005,0.6690999865531921
YJR073C,YOR260W,0,-5.602147,0.12086179852485657,0.9200000166893005,0.6692000031471252
YPR052C,YOL104C,0,-5.602244,0.12084592133760452,0.9200000166893005,0.6693000197410583
YDL164C,YBR186W,0,-5.6027126,0.12083005160093307,0.9200000166893005,0.6693999767303467
YGL130W,YOR292C,0,-5.602812,0.12081418186426163,0.9200000166893005,0.6694999933242798
YMR277W,YHR199C,0,-5.602989,0.12079831957817078,0.9200000166893005,0.6696000099182129
YMR211W,YIL176C,0,-5.6031513,0.12078245729207993,0.9200000166893005,0.669700026512146
YBR136W,YNL121C,0,-5.603179,0.12076660245656967,0.9200000166893005,0.6697999835014343
YHR183W,YJR145C,0,-5.6034093,0.12075075507164001,0.9200000166893005,0.6699000000953674
YDL213C,YPR030W,0,-5.603916,0.12073490768671036,0.9200000166893005,0.6700000166893005
YNL246W,YPR185W,0,-5.603958,0.1207190677523613,0.9200000166893005,0.6700999736785889
YKR053C,YGL215W,0,-5.6041594,0.12070322781801224,0.9200000166893005,0.670199990272522
YFL002C,YGL028C,0,-5.6044893,0.12068739533424377,0.9200000166893005,0.6703000068664551
YKR084C,YOR065W,0,-5.6047344,0.12067156285047531,0.9200000166893005,0.6704000234603882
YFL010W-A,YGL174W,0,-5.6047544,0.12065573781728745,0.9200000166893005,0.6704999804496765
YMR002W,YOL098C,0,-5.604874,0.12063991278409958,0.9200000166893005,0.6705999970436096
YJL008C,YGL153W,0,-5.604885,0.12062409520149231,0.9200000166893005,0.6707000136375427
YMR233W,YHR105W,0,-5.605351,0.12060828506946564,0.9200000166893005,0.670799970626831
YGL259W,YBR034C,0,-5.6054935,0.12059247493743896,0.9200000166893005,0.6708999872207642
YNL052W,YDL043C,0,-5.605504,0.12057667225599289,0.9200000166893005,0.6710000038146973
YBR142W,YDR520C,0,-5.605512,0.12056086957454681,0.9200000166893005,0.6711000204086304
YNL230C,YNL094W,0,-5.606741,0.12054507434368134,0.9200000166893005,0.6711999773979187
YPL047W,YKL195W,0,-5.6069264,0.12052927911281586,0.9200000166893005,0.6712999939918518
YML059C,YGR095C,0,-5.607889,0.12051349133253098,0.9200000166893005,0.6714000105857849
YPL069C,YKL084W,0,-5.6089096,0.12049771100282669,0.9200000166893005,0.671500027179718
YDL076C,YDR285W,0,-5.6089325,0.1204819306731224,0.9200000166893005,0.6715999841690063
YOL045W,YDL087C,0,-5.609173,0.12046615034341812,0.9200000166893005,0.6717000007629395
YHR056C,YDR487C,0,-5.609956,0.12045037746429443,0.9200000166893005,0.6718000173568726
YLR075W,YLL040C,0,-5.6099987,0.12043461203575134,0.9200000166893005,0.6718999743461609
YJL072C,YGL055W,0,-5.6104603,0.12041884660720825,0.9200000166893005,0.671999990940094
YDL201W,YIL078W,0,-5.6107674,0.12040308862924576,0.9200000166893005,0.6721000075340271
YOL007C,YKL135C,0,-5.610957,0.12038733065128326,0.9200000166893005,0.6722000241279602
YGL002W,YOR391C,0,-5.6124115,0.12037158012390137,0.9200000166893005,0.6722999811172485
YAL051W,YIL099W,0,-5.613705,0.12035583704710007,0.9200000166893005,0.6723999977111816
YPR097W,YPL085W,0,-5.613884,0.12034009397029877,0.9200000166893005,0.6725000143051147
YML069W,YPR178W,0,-5.614259,0.12032435089349747,0.9200000166893005,0.6725999712944031
YHL021C,YDR063W,0,-5.6143327,0.12030861526727676,0.9200000166893005,0.6726999878883362
YLR207W,YIL127C,0,-5.6152415,0.12029288709163666,0.9200000166893005,0.6728000044822693
YPR046W,YBR221C,0,-5.6154985,0.12027715891599655,0.9200000166893005,0.6729000210762024
YKR054C,YHR010W,0,-5.615523,0.12026143819093704,0.9200000166893005,0.6729999780654907
YDL247W,YIL127C,0,-5.616102,0.12024571746587753,0.9200000166893005,0.6730999946594238
YOL116W,YHR069C,0,-5.6165257,0.12023000419139862,0.9200000166893005,0.6732000112533569
YOR185C,YJR144W,0,-5.6168833,0.1202142983675003,0.9200000166893005,0.67330002784729
YLR320W,YOL071W,0,-5.6170173,0.12019859254360199,0.9200000166893005,0.6733999848365784
YLL054C,YOL090W,0,-5.617292,0.12018288671970367,0.9200000166893005,0.6735000014305115
YCR069W,YLR275W,0,-5.617429,0.12016718834638596,0.9200000166893005,0.6736000180244446
YCR059C,YER022W,0,-5.6182003,0.12015149742364883,0.9200000166893005,0.6736999750137329
YDR195W,YOR339C,0,-5.6183357,0.12013580650091171,0.9200000166893005,0.673799991607666
YDR194C,YLR073C,0,-5.619031,0.12012012302875519,0.9200000166893005,0.6739000082015991
YLR026C,YPL235W,0,-5.619138,0.12010443955659866,0.9200000166893005,0.6740000247955322
YPL158C,YMR162C,0,-5.6198454,0.12008876353502274,0.9200000166893005,0.6740999817848206
YJR099W,YPL140C,0,-5.6202097,0.12007308751344681,0.9200000166893005,0.6741999983787537
YMR289W,YKL183W,0,-5.6205144,0.12005741894245148,0.9200000166893005,0.6743000149726868
YOL146W,YDR501W,0,-5.6206427,0.12004175037145615,0.9200000166893005,0.6743999719619751
YBR069C,YLR251W,0,-5.620701,0.12002608925104141,0.9200000166893005,0.6744999885559082
YBR182C,YJL044C,0,-5.6207595,0.12001043558120728,0.9200000166893005,0.6746000051498413
YBR028C,YDR470C,0,-5.62167,0.11999478191137314,0.9200000166893005,0.6747000217437744
YER058W,YDL108W,0,-5.62185,0.1199791356921196,0.9200000166893005,0.6747999787330627
YGR120C,YOR141C,0,-5.621928,0.11996348947286606,0.9200000166893005,0.6748999953269958
YLR075W,YDR465C,0,-5.622242,0.11994785070419312,0.9200000166893005,0.675000011920929
YDL138W,YCR040W,0,-5.622548,0.11993221193552017,0.9200000166893005,0.6751000285148621
YKL133C,YNL194C,0,-5.6225705,0.11991658061742783,0.9200000166893005,0.6751999855041504
YOR311C,YNL113W,0,-5.6234097,0.11990094929933548,0.9200000166893005,0.6753000020980835
YDR033W,YOL052C-A,0,-5.623439,0.11988532543182373,0.9200000166893005,0.6754000186920166
YER094C,YIL154C,0,-5.623458,0.11986970901489258,0.9200000166893005,0.6754999756813049
YNL248C,YOL047C,0,-5.624076,0.11985409259796143,0.9200000166893005,0.675599992275238
YML056C,YBR254C,0,-5.624219,0.11983847618103027,0.9200000166893005,0.6757000088691711
YLR385C,YPL280W,0,-5.6249647,0.11982286721467972,0.9200000166893005,0.6758000254631042
YGR086C,YOR209C,0,-5.625135,0.11980726569890976,0.9200000166893005,0.6758999824523926
YML031W,YER144C,0,-5.6251454,0.1197916641831398,0.9200000166893005,0.6759999990463257
YDR483W,YLR314C,0,-5.625532,0.11977607011795044,0.9200000166893005,0.6761000156402588
YGR243W,YNL110C,0,-5.625592,0.11976047605276108,0.9200000166893005,0.6761999726295471
YCR068W,YPL154C,0,-5.6267085,0.11974488943815231,0.9200000166893005,0.6762999892234802
YPL090C,YPR006C,0,-5.6268787,0.11972931027412415,0.9200000166893005,0.6764000058174133
YLR355C,YFR018C,0,-5.6270027,0.11971373111009598,0.9200000166893005,0.6765000224113464
YDR394W,YNL186W,0,-5.627193,0.11969815194606781,0.9200000166893005,0.6765999794006348
YNL015W,YDR456W,1,-5.627262,0.11981266736984253,0.9210000038146973,0.6765999794006348
YER038C,YOR198C,0,-5.6273184,0.11979708820581436,0.9210000038146973,0.6766999959945679
YGL128C,YLL054C,0,-5.6281834,0.1197815090417862,0.9210000038146973,0.676800012588501
YPL111W,YDR108W,0,-5.6282163,0.11976592987775803,0.9210000038146973,0.6769000291824341
YJR099W,YAL021C,0,-5.628815,0.11975035816431046,0.9210000038146973,0.6769999861717224
YGL240W,YER179W,0,-5.6296773,0.11973478645086288,0.9210000038146973,0.6771000027656555
YBR255W,YGL085W,0,-5.6300535,0.11971922218799591,0.9210000038146973,0.6772000193595886
YDR190C,YKL022C,0,-5.630159,0.11970366537570953,0.9210000038146973,0.677299976348877
YKR055W,YKL023W,0,-5.6304564,0.11968810856342316,0.9210000038146973,0.6773999929428101
YHR060W,YNL079C,1,-5.63091,0.11980249732732773,0.921999990940094,0.6773999929428101
YDL171C,YDL064W,0,-5.631159,0.11978693306446075,0.921999990940094,0.6775000095367432
YDL048C,YOL021C,0,-5.634616,0.11977136880159378,0.921999990940094,0.6776000261306763
YDR339C,YOR141C,0,-5.6348047,0.1197558119893074,0.921999990940094,0.6776999831199646
YDL150W,YER088C,0,-5.635363,0.11974026262760162,0.921999990940094,0.6777999997138977
YDR341C,YER037W,0,-5.6357446,0.11972471326589584,0.921999990940094,0.6779000163078308
YDR399W,YMR096W,0,-5.6369147,0.11970916390419006,0.921999990940094,0.6779999732971191
YER130C,YDR378C,0,-5.6371326,0.11969362944364548,0.921999990940094,0.6780999898910522
YJL111W,YHR103W,0,-5.637612,0.1196780875325203,0.921999990940094,0.6782000064849854
YNL121C,YJL194W,0,-5.638077,0.11966255307197571,0.921999990940094,0.6783000230789185
YOL075C,YNL298W,0,-5.6390305,0.11964702606201172,0.921999990940094,0.6783999800682068
YHR111W,YLR251W,0,-5.639116,0.11963150650262833,0.921999990940094,0.6784999966621399
YPR021C,YMR208W,0,-5.6399713,0.11961598694324493,0.921999990940094,0.678600013256073
YGR110W,YGR152C,0,-5.6403403,0.11960046738386154,0.921999990940094,0.6786999702453613
YPL249C,YNL002C,0,-5.6404514,0.11958495527505875,0.921999990940094,0.6787999868392944
YDR204W,YBR253W,0,-5.641072,0.11956944316625595,0.921999990940094,0.6789000034332275
YOL031C,YDL121C,0,-5.641204,0.11955393850803375,0.921999990940094,0.6790000200271606
YPL237W,YHR087W,0,-5.6416903,0.11953844130039215,0.921999990940094,0.679099977016449
YOL146W,YCR016W,0,-5.6421967,0.11952294409275055,0.921999990940094,0.6791999936103821
YMR156C,YLR288C,0,-5.642597,0.11950745433568954,0.921999990940094,0.6793000102043152
YGL216W,YLR393W,0,-5.6435494,0.11949196457862854,0.921999990940094,0.6794000267982483
YKL208W,YDR332W,0,-5.644009,0.11947648227214813,0.921999990940094,0.6794999837875366
YLR377C,YNL180C,0,-5.6443276,0.11946099996566772,0.921999990940094,0.6796000003814697
YKL108W,YDR362C,0,-5.644558,0.11944552510976791,0.921999990940094,0.6797000169754028
YNL115C,YPR075C,0,-5.644625,0.1194300502538681,0.921999990940094,0.6797999739646912
YBR028C,YBL038W,0,-5.644987,0.11941458284854889,0.921999990940094,0.6798999905586243
YDL093W,YAR003W,0,-5.6450834,0.11939912289381027,0.921999990940094,0.6800000071525574
YBL084C,YPR194C,0,-5.6451225,0.11938365548849106,0.921999990940094,0.6801000237464905
YCL051W,YHR168W,0,-5.6454153,0.11936820298433304,0.921999990940094,0.6801999807357788
YJR084W,YBR044C,0,-5.6455364,0.11935275048017502,0.921999990940094,0.6802999973297119
YBL102W,YNL186W,0,-5.646161,0.1193373054265976,0.921999990940094,0.680400013923645
YGR085C,YER168C,0,-5.6463003,0.11932186037302017,0.921999990940094,0.6804999709129333
YNL257C,YBR135W,0,-5.646349,0.11930641531944275,0.921999990940094,0.6805999875068665
YLR403W,YBR023C,0,-5.6466255,0.11929098516702652,0.921999990940094,0.6807000041007996
YOR195W,YAR014C,0,-5.6467867,0.1192755475640297,0.921999990940094,0.6808000206947327
YPL184C,YNL156C,0,-5.6469994,0.11926012486219406,0.921999990940094,0.680899977684021
YPL276W,YIL128W,0,-5.6470985,0.11924469470977783,0.921999990940094,0.6809999942779541
YGR108W,YBR186W,0,-5.6472354,0.1192292794585228,0.921999990940094,0.6811000108718872
YDR453C,YDR100W,0,-5.6476374,0.11921386420726776,0.921999990940094,0.6812000274658203
YOR083W,YOL005C,0,-5.6479254,0.11919844895601273,0.921999990940094,0.6812999844551086
YML116W,YPL118W,0,-5.6485376,0.11918304115533829,0.921999990940094,0.6814000010490417
YMR289W,YDL056W,0,-5.6491127,0.11916763335466385,0.921999990940094,0.6815000176429749
YDR439W,YKL032C,0,-5.650921,0.11915223300457001,0.921999990940094,0.6815999746322632
YDL101C,YDL144C,0,-5.6509585,0.11913684010505676,0.921999990940094,0.6816999912261963
YJR144W,YDR051C,0,-5.651167,0.11912144720554352,0.921999990940094,0.6818000078201294
YMR287C,YML026C,0,-5.651702,0.11910606175661087,0.921999990940094,0.6819000244140625
YOL125W,YAL067C,0,-5.6524277,0.11909067630767822,0.921999990940094,0.6819999814033508
YKL035W,YOR237W,0,-5.6527777,0.11907529085874557,0.921999990940094,0.6820999979972839
YCR093W,YKL001C,0,-5.6528,0.11905992031097412,0.921999990940094,0.682200014591217
YDL175C,YDL156W,0,-5.653913,0.11904454231262207,0.921999990940094,0.6822999715805054
YDR386W,YJR068W,0,-5.6539555,0.11902917921543121,0.921999990940094,0.6823999881744385
YEL005C,YGR106C,0,-5.654379,0.11901380866765976,0.921999990940094,0.6825000047683716
YMR139W,YKL114C,0,-5.6548853,0.1189984530210495,0.921999990940094,0.6826000213623047
YER019W,YJL172W,0,-5.655508,0.11898309737443924,0.921999990940094,0.682699978351593
YIR034C,YOR229W,0,-5.6557755,0.11896774172782898,0.921999990940094,0.6827999949455261
YML058W-A,YGR024C,0,-5.6560097,0.11895239353179932,0.921999990940094,0.6829000115394592
YLR098C,YCL010C,0,-5.6561527,0.11893704533576965,0.921999990940094,0.6830000281333923
YHR104W,YDL247W,0,-5.656679,0.11892170459032059,0.921999990940094,0.6830999851226807
YPL239W,YAL014C,0,-5.657235,0.11890637129545212,0.921999990940094,0.6832000017166138
YMR139W,YPR095C,0,-5.65858,0.11889103800058365,0.921999990940094,0.6833000183105469
YOR316C,YDR494W,0,-5.6588326,0.11887571215629578,0.921999990940094,0.6833999752998352
YGR133W,YJR064W,0,-5.6588383,0.1188603863120079,0.921999990940094,0.6834999918937683
YOR377W,YMR094W,0,-5.65903,0.11884506046772003,0.921999990940094,0.6836000084877014
YKR068C,YAL067C,0,-5.659962,0.11882974952459335,0.921999990940094,0.6837000250816345
YDR385W,YDR021W,0,-5.660742,0.11881443113088608,0.921999990940094,0.6837999820709229
YMR164C,YAL058W,0,-5.6612844,0.1187991201877594,0.921999990940094,0.683899998664856
YJR009C,YOL086C,0,-5.661316,0.11878381669521332,0.921999990940094,0.6840000152587891
YGR105W,YPR104C,0,-5.661376,0.11876852065324783,0.921999990940094,0.6840999722480774
YPL092W,YDR148C,0,-5.6614265,0.11875321716070175,0.921999990940094,0.6841999888420105
YOR262W,YGL084C,0,-5.662964,0.11873792856931686,0.921999990940094,0.6843000054359436
YBR077C,YPL141C,0,-5.66298,0.11872263997793198,0.921999990940094,0.6844000220298767
YGL197W,YHR151C,0,-5.663009,0.11870735138654709,0.921999990940094,0.684499979019165
YLR380W,YOL043C,0,-5.663412,0.1186920702457428,0.921999990940094,0.6845999956130981
YER025W,YLR293C,0,-5.663947,0.11867678910493851,0.921999990940094,0.6847000122070312
YKL220C,YML126C,0,-5.66412,0.11866151541471481,0.921999990940094,0.6848000288009644
YBL019W,YMR014W,0,-5.664136,0.11864624917507172,0.921999990940094,0.6848999857902527
YOR254C,YBR004C,0,-5.6642776,0.11863098293542862,0.921999990940094,0.6850000023841858
YBR073W,YBR161W,0,-5.6653666,0.11861572414636612,0.921999990940094,0.6851000189781189
YCR100C,YKL081W,0,-5.6672297,0.11860046535730362,0.921999990940094,0.6851999759674072
YNL197C,YOR258W,0,-5.668792,0.11858520656824112,0.921999990940094,0.6852999925613403
YFL030W,YKL154W,0,-5.668805,0.11856995522975922,0.921999990940094,0.6854000091552734
YMR101C,YEL055C,0,-5.6691093,0.11855471134185791,0.921999990940094,0.6855000257492065
YOL130W,YJR064W,0,-5.6693516,0.1185394674539566,0.921999990940094,0.6855999827384949
YDR001C,YNL016W,0,-5.6697206,0.1185242310166359,0.921999990940094,0.685699999332428
YHR127W,YMR259C,0,-5.6697454,0.11850899457931519,0.921999990940094,0.6858000159263611
YOL158C,YFR033C,0,-5.66982,0.11849376559257507,0.921999990940094,0.6858999729156494
YNL217W,YBR242W,0,-5.671345,0.11847853660583496,0.921999990940094,0.6859999895095825
YOL040C,YCR045C,0,-5.6721573,0.11846331506967545,0.921999990940094,0.6861000061035156
YIL119C,YDL063C,0,-5.672333,0.11844810098409653,0.921999990940094,0.6862000226974487
YPL103C,YDL072C,0,-5.672474,0.11843288689851761,0.921999990940094,0.6862999796867371
YGR154C,YOR334W,0,-5.672797,0.11841767281293869,0.921999990940094,0.6863999962806702
YFR033C,YGL258W,0,-5.6729603,0.11840246617794037,0.921999990940094,0.6865000128746033
YHR039C-A,YDR202C,1,-5.67325,0.11851566284894943,0.9229999780654907,0.6865000128746033
YBL032W,YIL160C,0,-5.673342,0.11850044876337051,0.9229999780654907,0.6866000294685364
YGR086C,YMR011W,0,-5.673818,0.1184852346777916,0.9229999780654907,0.6866999864578247
YBR102C,YNR008W,0,-5.6741867,0.11847002804279327,0.9229999780654907,0.6868000030517578
YML051W,YER075C,0,-5.6745877,0.11845482885837555,0.9229999780654907,0.6869000196456909
YLR160C,YMR110C,0,-5.677253,0.11843962222337723,0.9229999780654907,0.6869999766349792
YMR150C,YDR441C,0,-5.677638,0.1184244304895401,0.9229999780654907,0.6870999932289124
YIR009W,YPR194C,0,-5.6783853,0.11840923875570297,0.9229999780654907,0.6872000098228455
YML049C,YIL005W,0,-5.6784782,0.11839404702186584,0.9229999780654907,0.6873000264167786
YER098W,YIL004C,0,-5.6787724,0.11837886273860931,0.9229999780654907,0.6873999834060669
YOR032C,YKL128C,0,-5.680958,0.11836368590593338,0.9229999780654907,0.6875
YCL063W,YPL019C,1,-5.681661,0.11847672611474991,0.9240000247955322,0.6875
YGR203W,YPR125W,0,-5.6819468,0.11846154183149338,0.9240000247955322,0.6876000165939331
YBR159W,YMR179W,0,-5.6820374,0.11844635009765625,0.9240000247955322,0.6876999735832214
YGR052W,YJR134C,0,-5.6822553,0.11843117326498032,0.9240000247955322,0.6877999901771545
YAR008W,YDR454C,0,-5.682601,0.11841599643230438,0.9240000247955322,0.6879000067710876
YGL114W,YGR142W,0,-5.683405,0.11840081959962845,0.9240000247955322,0.6880000233650208
YKL134C,YGR024C,0,-5.683548,0.11838565021753311,0.9240000247955322,0.6880999803543091
YIL037C,YPL230W,0,-5.6840057,0.11837048083543777,0.9240000247955322,0.6881999969482422
YFR011C,YGL215W,0,-5.684222,0.11835531890392303,0.9240000247955322,0.6883000135421753
YOR340C,YGR131W,0,-5.684366,0.11834016442298889,0.9240000247955322,0.6883999705314636
YPL259C,YPR057W,0,-5.6844783,0.11832500994205475,0.9240000247955322,0.6884999871253967
YML038C,YPL203W,0,-5.6844883,0.1183098554611206,0.9240000247955322,0.6886000037193298
YOR351C,YDL217C,0,-5.6848946,0.11829471588134766,0.9240000247955322,0.6887000203132629
YDR499W,YMR037C,0,-5.6855454,0.11827956885099411,0.9240000247955322,0.6887999773025513
YDR200C,YKL213C,0,-5.6857033,0.11826442927122116,0.9240000247955322,0.6888999938964844
YOR116C,YHR143W-A,0,-5.6857977,0.11824929714202881,0.9240000247955322,0.6890000104904175
YMR009W,YIR028W,0,-5.686418,0.11823416501283646,0.9240000247955322,0.6891000270843506
YML114C,YMR161W,0,-5.6867275,0.1182190403342247,0.9240000247955322,0.6891999840736389
YNL014W,YPL271W,0,-5.6871424,0.11820391565561295,0.9240000247955322,0.689300000667572
YKR026C,YOR038C,0,-5.687453,0.11818879842758179,0.9240000247955322,0.6894000172615051
YPR007C,YER175C,0,-5.688446,0.11817368119955063,0.9240000247955322,0.6894999742507935
YLR052W,YFL031W,0,-5.6896505,0.11815857142210007,0.9240000247955322,0.6895999908447266
YDR065W,YOR068C,1,-5.689912,0.11827132105827332,0.925000011920929,0.6895999908447266
YLR305C,YDL077C,1,-5.6903696,0.11838404834270477,0.9259999990463257,0.6895999908447266
YML029W,YPR103W,0,-5.690585,0.11836890876293182,0.9259999990463257,0.6897000074386597
YLL004W,YKL203C,0,-5.692007,0.11835378408432007,0.9259999990463257,0.6898000240325928
YEL013W,YDR456W,1,-5.69213,0.11846645176410675,0.9269999861717224,0.6898000240325928
YOL096C,YKL011C,0,-5.6923094,0.1184513196349144,0.9269999861717224,0.6898999810218811
YEL011W,YPL083C,0,-5.69262,0.11843618005514145,0.9269999861717224,0.6899999976158142
YNL236W,YDL211C,0,-5.692634,0.1184210553765297,0.9269999861717224,0.6901000142097473
YFL047W,YOR301W,0,-5.6928225,0.11840592324733734,0.9269999861717224,0.6901999711990356
YDR205W,YDR400W,0,-5.692927,0.11839080601930618,0.9269999861717224,0.6902999877929688
YNL142W,YBL014C,0,-5.6931543,0.11837568879127502,0.9269999861717224,0.6904000043869019
YDR538W,YKL210W,0,-5.6932945,0.11836057156324387,0.9269999861717224,0.690500020980835
YGL095C,YDR202C,1,-5.693469,0.1184731274843216,0.9279999732971191,0.690500020980835
YNL047C,YGR191W,0,-5.693638,0.11845800280570984,0.9279999732971191,0.6905999779701233
YLL049W,YKR076W,0,-5.694021,0.11844288557767868,0.9279999732971191,0.6906999945640564
YLR313C,YDL022W,0,-5.6941423,0.11842776834964752,0.9279999732971191,0.6908000111579895
YKL033W,YOR113W,0,-5.6941667,0.11841265857219696,0.9279999732971191,0.6909000277519226
YFR040W,YBR257W,0,-5.694454,0.1183975487947464,0.9279999732971191,0.6909999847412109
YPR113W,YNL151C,0,-5.6947236,0.11838244646787643,0.9279999732971191,0.691100001335144
YNL247W,YKL133C,0,-5.694887,0.11836734414100647,0.9279999732971191,0.6912000179290771
YDL142C,YER059W,0,-5.6960526,0.1183522492647171,0.9279999732971191,0.6912999749183655
YEL036C,YMR260C,0,-5.696263,0.11833716183900833,0.9279999732971191,0.6913999915122986
YLR037C,YPL076W,0,-5.6962686,0.11832206696271896,0.9279999732971191,0.6915000081062317
YLR150W,YLR084C,0,-5.697052,0.11830698698759079,0.9279999732971191,0.6916000247001648
YKR058W,YMR282C,0,-5.698842,0.11829190701246262,0.9279999732971191,0.6916999816894531
YNL052W,YGR110W,0,-5.6994333,0.11827682703733444,0.9279999732971191,0.6917999982833862
YHR194W,YJR015W,0,-5.699999,0.11826175451278687,0.9279999732971191,0.6919000148773193
YLR132C,YNL176C,0,-5.701215,0.11824668943881989,0.9279999732971191,0.6919999718666077
YML007W,YLR287C,0,-5.7014046,0.1182316243648529,0.9279999732971191,0.6920999884605408
YOR367W,YGL122C,0,-5.7015524,0.11821655929088593,0.9279999732971191,0.6922000050544739
YJR091C,YEL055C,0,-5.7019396,0.11820150166749954,0.9279999732971191,0.692300021648407
YOR171C,YBL055C,0,-5.7021255,0.11818645149469376,0.9279999732971191,0.6923999786376953
YJL112W,YNL048W,0,-5.702302,0.11817140132188797,0.9279999732971191,0.6924999952316284
YMR171C,YPL024W,0,-5.7027946,0.11815635114908218,0.9279999732971191,0.6926000118255615
YBR080C,YOR068C,1,-5.7034807,0.11826861649751663,0.9290000200271606,0.6926000118255615
YDR319C,YJL087C,0,-5.7035666,0.11825356632471085,0.9290000200271606,0.6927000284194946
YBR149W,YDR538W,0,-5.7039375,0.11823851615190506,0.9290000200271606,0.692799985408783
YBR094W,YJL087C,0,-5.705121,0.11822346597909927,0.9290000200271606,0.6929000020027161
YEL036C,YJL192C,0,-5.7052717,0.11820842325687408,0.9290000200271606,0.6930000185966492
YDR263C,YGR158C,0,-5.7057633,0.1181933805346489,0.9290000200271606,0.6930999755859375
YGL181W,YLR203C,0,-5.7061634,0.1181783452630043,0.9290000200271606,0.6931999921798706
YEL069C,YMR030W,0,-5.7066245,0.11816331744194031,0.9290000200271606,0.6933000087738037
YOR058C,YIL145C,0,-5.707394,0.11814828962087631,0.9290000200271606,0.6934000253677368
YHR059W,YCL011C,0,-5.708299,0.11813326179981232,0.9290000200271606,0.6934999823570251
YHR018C,YML085C,0,-5.710515,0.11811824887990952,0.9290000200271606,0.6935999989509583
YLR150W,YPL081W,0,-5.7106676,0.11810322850942612,0.9290000200271606,0.6937000155448914
YOL017W,YDR197W,0,-5.710738,0.11808821558952332,0.9290000200271606,0.6937999725341797
YDR410C,YIL077C,0,-5.7108245,0.11807321012020111,0.9290000200271606,0.6938999891281128
YPR118W,YJR096W,0,-5.71095,0.1180582046508789,0.9290000200271606,0.6940000057220459
YHL024W,YBR008C,0,-5.7116117,0.1180431991815567,0.9290000200271606,0.694100022315979
YDR227W,YNL110C,0,-5.7126265,0.1180282011628151,0.9290000200271606,0.6941999793052673
YPR162C,YDR128W,0,-5.71346,0.11801321059465408,0.9290000200271606,0.6942999958992004
YKL063C,YGR057C,0,-5.7135277,0.11799822002649307,0.9290000200271606,0.6944000124931335
YOR032C,YPL051W,0,-5.7138653,0.11798323690891266,0.9290000200271606,0.6945000290870667
YCL024W,YEL063C,0,-5.7153015,0.11796825379133224,0.9290000200271606,0.694599986076355
YJL030W,YDR299W,0,-5.7155237,0.11795327812433243,0.9290000200271606,0.6947000026702881
YGL139W,YPL048W,0,-5.716743,0.11793830245733261,0.9290000200271606,0.6948000192642212
YNL334C,YBR268W,0,-5.7169437,0.11792333424091339,0.9290000200271606,0.6948999762535095
YDL010W,YHL004W,0,-5.717681,0.11790836602449417,0.9290000200271606,0.6949999928474426
YPL056C,YBL103C,0,-5.717713,0.11789339780807495,0.9290000200271606,0.6951000094413757
YOR004W,YLR194C,0,-5.7179008,0.11787844449281693,0.9290000200271606,0.6952000260353088
YMR306W,YOR298W,0,-5.7181487,0.1178634837269783,0.9290000200271606,0.6952999830245972
YJR091C,YNL202W,0,-5.719059,0.11784853786230087,0.9290000200271606,0.6953999996185303
YML068W,YMR145C,0,-5.7191343,0.11783358454704285,0.9290000200271606,0.6955000162124634
YDR490C,YFR043C,0,-5.7203565,0.11781864613294601,0.9290000200271606,0.6955999732017517
YOR066W,YHR092C,0,-5.7204485,0.11780370026826859,0.9290000200271606,0.6956999897956848
YDR130C,YOL062C,0,-5.7209063,0.11778876930475235,0.9290000200271606,0.6958000063896179
YPL242C,YOR143C,0,-5.721859,0.11777383089065552,0.9290000200271606,0.695900022983551
YOR157C,YML070W,0,-5.721904,0.11775890737771988,0.9290000200271606,0.6959999799728394
YPL018W,YDR319C,0,-5.7219305,0.11774397641420364,0.9290000200271606,0.6960999965667725
YDR518W,YHR091C,0,-5.7223353,0.1177290603518486,0.9290000200271606,0.6962000131607056
YGR249W,YBR044C,0,-5.722431,0.11771414428949356,0.9290000200271606,0.6963000297546387
YNL111C,YKL211C,0,-5.7231083,0.11769922822713852,0.9290000200271606,0.696399986743927
YGR163W,YKR019C,0,-5.723962,0.11768431961536407,0.9290000200271606,0.6965000033378601
YBR162C,YER020W,0,-5.7239943,0.11766941100358963,0.9290000200271606,0.6966000199317932
YKL194C,YML013W,0,-5.724186,0.11765450984239578,0.9290000200271606,0.6966999769210815
YFR002W,YDR028C,0,-5.724686,0.11763960868120193,0.9290000200271606,0.6967999935150146
YGL071W,YEL054C,0,-5.7247415,0.11762471497058868,0.9290000200271606,0.6969000101089478
YOR185C,YOR069W,0,-5.7249937,0.11760982125997543,0.9290000200271606,0.6970000267028809
YDR118W,YKL190W,0,-5.7251296,0.11759493499994278,0.9290000200271606,0.6970999836921692
YGL073W,YLR021W,0,-5.725363,0.11758005619049072,0.9290000200271606,0.6972000002861023
YLR288C,YFL034C-B,0,-5.7254133,0.11756516993045807,0.9290000200271606,0.6973000168800354
YBR017C,YNL080C,0,-5.7259455,0.11755029857158661,0.9290000200271606,0.6973999738693237
YEL012W,YBR188C,0,-5.726533,0.11753542721271515,0.9290000200271606,0.6974999904632568
YPL119C,YLL005C,0,-5.727165,0.11752055585384369,0.9290000200271606,0.6976000070571899
YDL002C,YER153C,0,-5.7278996,0.11750569194555283,0.9290000200271606,0.697700023651123
YGL153W,YKR048C,0,-5.727973,0.11749082803726196,0.9290000200271606,0.6977999806404114
YFR037C,YKL029C,0,-5.728296,0.1174759715795517,0.9290000200271606,0.6978999972343445
YOR159C,YGL043W,0,-5.728535,0.11746112257242203,0.9290000200271606,0.6980000138282776
YPL131W,YPR169W,0,-5.728759,0.11744627356529236,0.9290000200271606,0.6980999708175659
YCR068W,YFL045C,0,-5.7288723,0.11743142455816269,0.9290000200271606,0.698199987411499
YBR189W,YGR004W,0,-5.7290106,0.11741658300161362,0.9290000200271606,0.6983000040054321
YEL001C,YNL093W,0,-5.729047,0.11740174144506454,0.9290000200271606,0.6984000205993652
YDR383C,YCL069W,0,-5.7292733,0.11738690733909607,0.9290000200271606,0.6984999775886536
YLR429W,YDR255C,0,-5.729761,0.11737208068370819,0.9290000200271606,0.6985999941825867
YDR097C,YKL188C,0,-5.7298527,0.11735725402832031,0.9290000200271606,0.6987000107765198
YKL088W,YJR097W,0,-5.72997,0.11734242737293243,0.9290000200271606,0.6988000273704529
YJR031C,YJR074W,0,-5.7306747,0.11732760816812515,0.9290000200271606,0.6988999843597412
YCL063W,YKL051W,1,-5.7307134,0.11743906885385513,0.9300000071525574,0.6988999843597412
YDR522C,YFR033C,0,-5.730798,0.11742424219846725,0.9300000071525574,0.6990000009536743
YCR034W,YER161C,0,-5.731081,0.11740941554307938,0.9300000071525574,0.6991000175476074
YLR224W,YGL084C,0,-5.7311277,0.1173945963382721,0.9300000071525574,0.6991999745368958
YMR231W,YMR197C,1,-5.731271,0.1175059974193573,0.9309999942779541,0.6991999745368958
YDR023W,YNL298W,0,-5.73157,0.11749116331338882,0.9309999942779541,0.6992999911308289
YDR501W,YBR160W,0,-5.7317543,0.11747634410858154,0.9309999942779541,0.699400007724762
YIL098C,YMR094W,0,-5.731867,0.11746151745319366,0.9309999942779541,0.6995000243186951
YJR070C,YHL040C,0,-5.7322206,0.11744669824838638,0.9309999942779541,0.6995999813079834
YOR269W,YIL008W,0,-5.7324004,0.1174318864941597,0.9309999942779541,0.6996999979019165
YLR158C,YDR530C,0,-5.73255,0.11741707473993301,0.9309999942779541,0.6998000144958496
YJL200C,YKL008C,0,-5.7326922,0.11740227043628693,0.9309999942779541,0.6998999714851379
YKL043W,YLL002W,0,-5.7327404,0.11738746613264084,0.9309999942779541,0.699999988079071
YFR036W,YER005W,0,-5.732774,0.11737266927957535,0.9309999942779541,0.7001000046730042
YKL108W,YJL024C,0,-5.732934,0.11735787242650986,0.9309999942779541,0.7002000212669373
YJL183W,YDR081C,0,-5.7335777,0.11734308302402496,0.9309999942779541,0.7002999782562256
YJL219W,YNL304W,0,-5.733626,0.11732829362154007,0.9309999942779541,0.7003999948501587
YMR164C,YLR045C,0,-5.7341022,0.11731351166963577,0.9309999942779541,0.7005000114440918
YMR204C,YJL093C,0,-5.734191,0.11729872971773148,0.9309999942779541,0.7006000280380249
YLR004C,YER062C,0,-5.7349176,0.11728394776582718,0.9309999942779541,0.7006999850273132
YNL323W,YPR104C,0,-5.7351108,0.11726918071508408,0.9309999942779541,0.7008000016212463
YMR011W,YOR217W,0,-5.7366023,0.11725440621376038,0.9309999942779541,0.7009000182151794
YER091C,YDL170W,0,-5.736704,0.11723963916301727,0.9309999942779541,0.7009999752044678
YOR033C,YIL078W,0,-5.7370515,0.11722487956285477,0.9309999942779541,0.7010999917984009
YER167W,YBR026C,0,-5.737191,0.11721011996269226,0.9309999942779541,0.701200008392334
YPL049C,YCL037C,0,-5.7373457,0.11719536781311035,0.9309999942779541,0.7013000249862671
YJR054W,YLR362W,0,-5.7376204,0.11718061566352844,0.9309999942779541,0.7013999819755554
YLR176C,YCR084C,0,-5.738021,0.11716587096452713,0.9309999942779541,0.7014999985694885
YGR031W,YLR347C,0,-5.7380447,0.11715112626552582,0.9309999942779541,0.7016000151634216
YJR047C,YKR021W,0,-5.7384806,0.1171363890171051,0.9309999942779541,0.70169997215271
YBR239C,YGR271C-A,0,-5.738884,0.11712165176868439,0.9309999942779541,0.7017999887466431
YGL187C,YNL236W,0,-5.7390766,0.11710691452026367,0.9309999942779541,0.7019000053405762
YLR353W,YIL068C,0,-5.739146,0.11709219217300415,0.9309999942779541,0.7020000219345093
YMR218C,YDL222C,0,-5.7394443,0.11707746237516403,0.9309999942779541,0.7020999789237976
YDL060W,YDR444W,0,-5.7396,0.11706274002790451,0.9309999942779541,0.7021999955177307
YLR023C,YJL164C,0,-5.7401266,0.11704802513122559,0.9309999942779541,0.7023000121116638
YOR133W,YDR093W,0,-5.740127,0.11703331023454666,0.9309999942779541,0.7024000287055969
YPR119W,YPR005C,0,-5.7402864,0.11701860278844833,0.9309999942779541,0.7024999856948853
YEL069C,YHR123W,0,-5.7405853,0.11700389534235,0.9309999942779541,0.7026000022888184
YGL003C,YNL252C,0,-5.7408943,0.11698919534683228,0.9309999942779541,0.7027000188827515
YDR256C,YHR147C,0,-5.7414656,0.11697449535131454,0.9309999942779541,0.7027999758720398
YDR071C,YBL022C,0,-5.7417774,0.11695979535579681,0.9309999942779541,0.7028999924659729
YPR118W,YMR046C,0,-5.7422857,0.11694511026144028,0.9309999942779541,0.703000009059906
YLL045C,YDL087C,0,-5.742288,0.11693041771650314,0.9309999942779541,0.7031000256538391
YAL002W,YBL010C,0,-5.7429686,0.1169157326221466,0.9309999942779541,0.7031999826431274
YGR257C,YHR059W,0,-5.7437487,0.11690105497837067,0.9309999942779541,0.7032999992370605
YNL052W,YJR074W,0,-5.744538,0.11688637733459473,0.9309999942779541,0.7034000158309937
YDL164C,YPL235W,0,-5.744744,0.11687170714139938,0.9309999942779541,0.703499972820282
YPL041C,YGL111W,0,-5.7448683,0.11685703694820404,0.9309999942779541,0.7035999894142151
YCR081W,YER157W,0,-5.7448883,0.1168423667550087,0.9309999942779541,0.7037000060081482
YDR156W,YLR007W,0,-5.7453804,0.11682770401239395,0.9309999942779541,0.7038000226020813
YMR257C,YPL024W,0,-5.7455034,0.1168130487203598,0.9309999942779541,0.7038999795913696
YMR312W,YOR215C,0,-5.7457533,0.11679839342832565,0.9309999942779541,0.7039999961853027
YHR023W,YKR097W,0,-5.745844,0.1167837455868721,0.9309999942779541,0.7041000127792358
YDR441C,YLL039C,0,-5.7464943,0.11676909774541855,0.9309999942779541,0.704200029373169
YMR302C,YEL032W,0,-5.746508,0.116754449903965,0.9309999942779541,0.7042999863624573
YOR254C,YNL215W,0,-5.74839,0.11673980951309204,0.9309999942779541,0.7044000029563904
YBR216C,YHR176W,0,-5.7489767,0.11672517657279968,0.9309999942779541,0.7045000195503235
YOR247W,YOL034W,0,-5.749312,0.11671054363250732,0.9309999942779541,0.7045999765396118
YPL002C,YOR134W,0,-5.750178,0.11669591069221497,0.9309999942779541,0.7046999931335449
YMR261C,YIR026C,0,-5.750231,0.1166812852025032,0.9309999942779541,0.704800009727478
YNL012W,YOR056C,0,-5.7505884,0.11666666716337204,0.9309999942779541,0.7049000263214111
YDR096W,YGR185C,0,-5.7512007,0.11665204912424088,0.9309999942779541,0.7049999833106995
YDR017C,YMR197C,1,-5.7514033,0.11676271259784698,0.9319999814033508,0.7049999833106995
YFL030W,YPR139C,0,-5.7514324,0.11674808710813522,0.9319999814033508,0.7050999999046326
YPL221W,YMR316W,0,-5.7523704,0.11673346906900406,0.9319999814033508,0.7052000164985657
YNR008W,YDR472W,0,-5.7524548,0.1167188510298729,0.9319999814033508,0.705299973487854
YDL148C,YER044C-A,0,-5.7525167,0.11670423299074173,0.9319999814033508,0.7053999900817871
YGR174C,YAL041W,0,-5.7529836,0.11668962240219116,0.9319999814033508,0.7055000066757202
YKR079C,YIL112W,0,-5.7530437,0.1166750118136406,0.9319999814033508,0.7056000232696533
YGR062C,YLR385C,0,-5.75351,0.11666040867567062,0.9319999814033508,0.7056999802589417
YEL027W,YPL268W,1,-5.7536345,0.11677096039056778,0.9330000281333923,0.7056999802589417
YLR139C,YDR376W,0,-5.7539725,0.11675634980201721,0.9330000281333923,0.7057999968528748
YDR223W,YOL017W,0,-5.754676,0.11674173921346664,0.9330000281333923,0.7059000134468079
YDL236W,YIL111W,0,-5.75487,0.11672713607549667,0.9330000281333923,0.7059999704360962
YMR078C,YBR181C,0,-5.7549477,0.1167125329375267,0.9330000281333923,0.7060999870300293
YEL069C,YER147C,0,-5.755671,0.11669793725013733,0.9330000281333923,0.7062000036239624
YCL063W,YPL268W,1,-5.756359,0.11680840700864792,0.9340000152587891,0.7062000036239624
YBL013W,YBR030W,0,-5.7564507,0.11679379642009735,0.9340000152587891,0.7063000202178955
YLR383W,YDR481C,0,-5.7573957,0.11677919328212738,0.9340000152587891,0.7063999772071838
YOL093W,YLR293C,0,-5.7576103,0.116764597594738,0.9340000152587891,0.7064999938011169
YMR032W,YCR095C,0,-5.7577267,0.11675000190734863,0.9340000152587891,0.70660001039505
YNL021W,YOL129W,0,-5.758252,0.11673540621995926,0.9340000152587891,0.7067000269889832
YPR201W,YBL039C,0,-5.7582545,0.11672081798315048,0.9340000152587891,0.7067999839782715
YDR280W,YGL189C,0,-5.759461,0.1167062371969223,0.9340000152587891,0.7069000005722046
YLR063W,YPL173W,0,-5.7600284,0.11669165641069412,0.9340000152587891,0.7070000171661377
YLR305C,YOR068C,1,-5.7604027,0.11680199950933456,0.9350000023841858,0.7070000171661377
YPL126W,YGL168W,0,-5.7611637,0.11678741127252579,0.9350000023841858,0.707099974155426
YLR436C,YBR175W,0,-5.7612486,0.11677282303571701,0.9350000023841858,0.7071999907493591
YLR452C,YOR175C,0,-5.761361,0.11675824224948883,0.9350000023841858,0.7073000073432922
YJL219W,YNL273W,0,-5.761381,0.11674366146326065,0.9350000023841858,0.7074000239372253
YOR047C,YGL048C,0,-5.7620325,0.11672908812761307,0.9350000023841858,0.7074999809265137
YPL230W,YLR145W,0,-5.762076,0.11671451479196548,0.9350000023841858,0.7075999975204468
YDR022C,YBR095C,0,-5.7630615,0.1166999489068985,0.9350000023841858,0.7077000141143799
YIL117C,YCL033C,0,-5.7631974,0.11668538302183151,0.9350000023841858,0.7077999711036682
YJL030W,YLR190W,0,-5.7638655,0.11667082458734512,0.9350000023841858,0.7078999876976013
YNL078W,YLR312C,0,-5.764263,0.11665626615285873,0.9350000023841858,0.7080000042915344
YIL061C,YDL227C,0,-5.7643886,0.11664171516895294,0.9350000023841858,0.7081000208854675
YBR005W,YML120C,0,-5.765237,0.11662716418504715,0.9350000023841858,0.7081999778747559
YNR044W,YPR201W,0,-5.7661314,0.11661262065172195,0.9350000023841858,0.708299994468689
YDR204W,YOR115C,0,-5.7668056,0.11659807711839676,0.9350000023841858,0.7084000110626221
YPR141C,YPL186C,0,-5.767415,0.11658354103565216,0.9350000023841858,0.7085000276565552
YDL166C,YBR211C,0,-5.768158,0.11656900495290756,0.9350000023841858,0.7085999846458435
YDL206W,YGL208W,0,-5.7682095,0.11655447632074356,0.9350000023841858,0.7087000012397766
YFR022W,YHR176W,0,-5.7710357,0.11653994768857956,0.9350000023841858,0.7088000178337097
YDR446W,YPR122W,0,-5.772836,0.11652542650699615,0.9350000023841858,0.708899974822998
YDR213W,YDR484W,0,-5.7728386,0.11651090532541275,0.9350000023841858,0.7089999914169312
YDL160C,YCR105W,0,-5.7733192,0.11649638414382935,0.9350000023841858,0.7091000080108643
YLR009W,YFL005W,0,-5.773613,0.11648187041282654,0.9350000023841858,0.7092000246047974
YNR038W,YBR096W,0,-5.773887,0.11646736413240433,0.9350000023841858,0.7092999815940857
YOR311C,YKL087C,0,-5.773918,0.11645285785198212,0.9350000023841858,0.7093999981880188
YPR007C,YPR071W,0,-5.774351,0.1164383590221405,0.9350000023841858,0.7095000147819519
YGL175C,YLR192C,0,-5.7755623,0.11642386019229889,0.9350000023841858,0.7095999717712402
YDL224C,YNR072W,0,-5.775979,0.11640936136245728,0.9350000023841858,0.7096999883651733
YLR253W,YML075C,0,-5.77623,0.11639486998319626,0.9350000023841858,0.7098000049591064
YBR213W,YDR520C,0,-5.7776756,0.11638038605451584,0.9350000023841858,0.7099000215530396
YDR140W,YJR151C,0,-5.779422,0.11636590212583542,0.9350000023841858,0.7099999785423279
YHR128W,YDR424C,0,-5.779544,0.116351418197155,0.9350000023841858,0.710099995136261
YDL083C,YKL011C,0,-5.7798223,0.11633694171905518,0.9350000023841858,0.7102000117301941
YKR035W-A,YPL235W,0,-5.780302,0.11632246524095535,0.9350000023841858,0.7103000283241272
YJL156C,YMR047C,0,-5.7819357,0.11630799621343613,0.9350000023841858,0.7103999853134155
YJL054W,YJL024C,0,-5.7819805,0.1162935346364975,0.9350000023841858,0.7105000019073486
YPL089C,YDL122W,0,-5.783089,0.11627907305955887,0.9350000023841858,0.7106000185012817
YBR049C,YDR386W,0,-5.7832694,0.11626461148262024,0.9350000023841858,0.7106999754905701
YAL018C,YKL035W,0,-5.7855244,0.11625015735626221,0.9350000023841858,0.7107999920845032
YIL048W,YOR068C,1,-5.7856026,0.11636001616716385,0.9359999895095825,0.7107999920845032
YHR152W,YJL197W,0,-5.7858877,0.11634555459022522,0.9359999895095825,0.7109000086784363
YML077W,YOR293W,0,-5.7865577,0.11633109301328659,0.9359999895095825,0.7110000252723694
YLR207W,YDR421W,0,-5.7880783,0.11631663888692856,0.9359999895095825,0.7110999822616577
YDR453C,YKL018W,0,-5.7882156,0.11630218476057053,0.9359999895095825,0.7111999988555908
YPL265W,YLR325C,0,-5.788363,0.11628773808479309,0.9359999895095825,0.7113000154495239
YPL072W,YJL035C,0,-5.7883797,0.11627329140901566,0.9359999895095825,0.7113999724388123
YDR011W,YNL316C,0,-5.7884264,0.11625885218381882,0.9359999895095825,0.7114999890327454
YJL167W,YAL064W-B,0,-5.78845,0.11624441295862198,0.9359999895095825,0.7116000056266785
YOL032W,YKR090W,0,-5.789412,0.11622997373342514,0.9359999895095825,0.7117000222206116
YNL148C,YAL007C,0,-5.790324,0.1162155419588089,0.9359999895095825,0.7117999792098999
YDL108W,YPL168W,0,-5.790617,0.11620111763477325,0.9359999895095825,0.711899995803833
YOR336W,YBL005W,0,-5.7907352,0.11618669331073761,0.9359999895095825,0.7120000123977661
YDR506C,YGL099W,0,-5.790837,0.11617226898670197,0.9359999895095825,0.7121000289916992
YDR265W,YLR375W,0,-5.7909546,0.11615785211324692,0.9359999895095825,0.7121999859809875
YKL208W,YPL011C,0,-5.7913294,0.11614344269037247,0.9359999895095825,0.7123000025749207
YDR300C,YLR448W,0,-5.7914863,0.11612903326749802,0.9359999895095825,0.7124000191688538
YJR059W,YOR323C,0,-5.791851,0.11611462384462357,0.9359999895095825,0.7124999761581421
YDR294C,YDL008W,0,-5.7923098,0.11610022187232971,0.9359999895095825,0.7125999927520752
YDL139C,YOR212W,0,-5.792572,0.11608582735061646,0.9359999895095825,0.7127000093460083
YBR290W,YOL031C,0,-5.7929125,0.1160714253783226,0.9359999895095825,0.7128000259399414
YBR104W,YDR533C,0,-5.7933073,0.11605703830718994,0.9359999895095825,0.7128999829292297
YER070W,YGL004C,0,-5.7936954,0.11604265123605728,0.9359999895095825,0.7129999995231628
YAR071W,YDL208W,0,-5.79389,0.11602826416492462,0.9359999895095825,0.713100016117096
YOR075W,YGL029W,0,-5.794181,0.11601388454437256,0.9359999895095825,0.7131999731063843
YKR057W,YLR251W,0,-5.795477,0.1159995049238205,0.9359999895095825,0.7132999897003174
YNL149C,YGR084C,0,-5.795537,0.11598513275384903,0.9359999895095825,0.7134000062942505
YKR069W,YOR065W,0,-5.7956657,0.11597076058387756,0.9359999895095825,0.7135000228881836
YKL135C,YNL124W,0,-5.795865,0.1159563958644867,0.9359999895095825,0.7135999798774719
YLR098C,YLR063W,0,-5.7961764,0.11594203114509583,0.9359999895095825,0.713699996471405
YOR258W,YNL215W,0,-5.79706,0.11592766642570496,0.9359999895095825,0.7138000130653381
YPL147W,YFR001W,0,-5.7976665,0.11591330915689468,0.9359999895095825,0.7139000296592712
YNL173C,YDR093W,0,-5.797698,0.11589895933866501,0.9359999895095825,0.7139999866485596
YCR012W,YNL003C,0,-5.798976,0.11588460952043533,0.9359999895095825,0.7141000032424927
YNL164C,YCL025C,0,-5.799062,0.11587026715278625,0.9359999895095825,0.7142000198364258
YBR240C,YAL003W,0,-5.7995734,0.11585592478513718,0.9359999895095825,0.7142999768257141
YMR044W,YOR265W,0,-5.799718,0.1158415824174881,0.9359999895095825,0.7143999934196472
YDR022C,YDR472W,0,-5.79992,0.11582724750041962,0.9359999895095825,0.7145000100135803
YNL197C,YCL014W,0,-5.800581,0.11581292003393173,0.9359999895095825,0.7146000266075134
YMR231W,YFR019W,1,-5.8006783,0.11592230945825577,0.9369999766349792,0.7146000266075134
YER147C,YJR034W,0,-5.800833,0.11590796709060669,0.9369999766349792,0.7146999835968018
YNL190W,YER057C,0,-5.8009014,0.11589363217353821,0.9369999766349792,0.7148000001907349
YMR307W,YER120W,0,-5.8013153,0.11587929725646973,0.9369999766349792,0.714900016784668
YER167W,YOL123W,0,-5.8014865,0.11586496978998184,0.9369999766349792,0.7149999737739563
YBR018C,YGL196W,0,-5.8021517,0.11585064232349396,0.9369999766349792,0.7150999903678894
YER038C,YDR472W,0,-5.802209,0.11583632230758667,0.9369999766349792,0.7152000069618225
YHR111W,YBR272C,0,-5.8028526,0.11582200229167938,0.9369999766349792,0.7153000235557556
YLR085C,YAR019C,0,-5.803013,0.11580768972635269,0.9369999766349792,0.715399980545044
YCR068W,YOL086C,0,-5.8033,0.115793377161026,0.9369999766349792,0.715499997138977
YDR228C,YBL098W,0,-5.804555,0.11577907204627991,0.9369999766349792,0.7156000137329102
YJR092W,YGR142W,0,-5.804723,0.11576476693153381,0.9369999766349792,0.7156999707221985
YLR357W,YNL113W,0,-5.8052416,0.11575046181678772,0.9369999766349792,0.7157999873161316
YDR168W,YNR008W,0,-5.805709,0.11573616415262222,0.9369999766349792,0.7159000039100647
YOR209C,YOR306C,0,-5.805888,0.11572187393903732,0.9369999766349792,0.7160000205039978
YIL112W,YDR191W,0,-5.8072762,0.11570758372545242,0.9369999766349792,0.7160999774932861
YGR052W,YGL079W,0,-5.8072844,0.11569329351186752,0.9369999766349792,0.7161999940872192
YDR457W,YGL028C,0,-5.807334,0.11567901074886322,0.9369999766349792,0.7163000106811523
YCR071C,YDR342C,0,-5.807399,0.11566473543643951,0.9369999766349792,0.7164000272750854
YCR047C,YDR316W,0,-5.8075523,0.11565046012401581,0.9369999766349792,0.7164999842643738
YJL081C,YJL184W,0,-5.807658,0.1156361848115921,0.9369999766349792,0.7166000008583069
YMR208W,YPL017C,0,-5.8079176,0.11562191694974899,0.9369999766349792,0.71670001745224
YJR149W,YOL104C,0,-5.8080416,0.11560764908790588,0.9369999766349792,0.7167999744415283
YHL022C,YMR128W,0,-5.8081675,0.11559338867664337,0.9369999766349792,0.7168999910354614
YBL095W,YPR047W,0,-5.808179,0.11557912826538086,0.9369999766349792,0.7170000076293945
YKL020C,YDR105C,0,-5.808233,0.11556487530469894,0.9369999766349792,0.7171000242233276
YNL009W,YIR025W,0,-5.8083296,0.11555062234401703,0.9369999766349792,0.717199981212616
YOL007C,YDR519W,0,-5.808688,0.11553637683391571,0.9369999766349792,0.7172999978065491
YGR239C,YGL105W,0,-5.809857,0.11552213132381439,0.9369999766349792,0.7174000144004822
YCR089W,YIL122W,0,-5.809887,0.11550789326429367,0.9369999766349792,0.7174999713897705
YER098W,YLR362W,0,-5.810213,0.11549365520477295,0.9369999766349792,0.7175999879837036
YOR120W,YPR095C,0,-5.8107405,0.11547941714525223,0.9369999766349792,0.7177000045776367
YLL048C,YPR081C,0,-5.8108144,0.1154651865363121,0.9369999766349792,0.7178000211715698
YDR517W,YHR109W,0,-5.8111076,0.11545096337795258,0.9369999766349792,0.7178999781608582
YOR226C,YLR132C,0,-5.8111897,0.11543674021959305,0.9369999766349792,0.7179999947547913
YML021C,YML114C,0,-5.8114805,0.11542251706123352,0.9369999766349792,0.7181000113487244
YOR386W,YJR044C,0,-5.8116093,0.11540830135345459,0.9369999766349792,0.7182000279426575
YLR218C,YNL182C,0,-5.811692,0.11539408564567566,0.9369999766349792,0.7182999849319458
YOR201C,YGR285C,0,-5.811884,0.11537987738847733,0.9369999766349792,0.7184000015258789
YOR381W,YKL025C,0,-5.8123426,0.11536567658185959,0.9369999766349792,0.718500018119812
YPL106C,YIL107C,0,-5.812482,0.11535146832466125,0.9369999766349792,0.7185999751091003
YMR285C,YPR173C,0,-5.8130198,0.11533727496862411,0.9369999766349792,0.7186999917030334
YOL051W,YNL113W,0,-5.813089,0.11532307416200638,0.9369999766349792,0.7188000082969666
YPR125W,YOR020C,0,-5.8139114,0.11530888825654984,0.9369999766349792,0.7189000248908997
YMR291W,YFL020C,0,-5.815263,0.1152946949005127,0.9369999766349792,0.718999981880188
YDR459C,YNL167C,0,-5.8154345,0.11528050899505615,0.9369999766349792,0.7190999984741211
YHR183W,YLR293C,0,-5.8162866,0.1152663305401802,0.9369999766349792,0.7192000150680542
YJR060W,YPL055C,0,-5.8163166,0.11525215208530426,0.9369999766349792,0.7192999720573425
YBR271W,YNL240C,0,-5.816901,0.11523798108100891,0.9369999766349792,0.7193999886512756
YPL268W,YPL019C,1,-5.8174376,0.11534677445888519,0.9380000233650208,0.7193999886512756
YGL210W,YLR005W,0,-5.818082,0.11533259600400925,0.9380000233650208,0.7195000052452087
YGL097W,YDL061C,0,-5.8188753,0.1153184175491333,0.9380000233650208,0.7196000218391418
YML100W,YKL151C,0,-5.81933,0.11530423909425735,0.9380000233650208,0.7196999788284302
YJR031C,YML077W,0,-5.81938,0.115290068089962,0.9380000233650208,0.7197999954223633
YBR166C,YPL007C,0,-5.8195095,0.11527589708566666,0.9380000233650208,0.7199000120162964
YLR025W,YLR373C,0,-5.8200316,0.1152617335319519,0.9380000233650208,0.7200000286102295
YLR390W-A,YOL052C-A,0,-5.8207097,0.11524756997823715,0.9380000233650208,0.7200999855995178
YPR143W,YIL113W,0,-5.8207273,0.115233413875103,0.9380000233650208,0.7202000021934509
YDR130C,YEL015W,0,-5.820771,0.11521925777196884,0.9380000233650208,0.720300018787384
YJL048C,YFR050C,0,-5.821134,0.11520510911941528,0.9380000233650208,0.7203999757766724
YLR165C,YJR084W,0,-5.821456,0.11519096046686172,0.9380000233650208,0.7204999923706055
YDR202C,YDR328C,1,-5.8216624,0.11529960483312607,0.9390000104904175,0.7204999923706055
YOR124C,YMR215W,0,-5.821937,0.11528544872999191,0.9390000104904175,0.7206000089645386
YPL239W,YDR351W,0,-5.8223324,0.11527130007743835,0.9390000104904175,0.7207000255584717
YLR073C,YHR094C,0,-5.8230143,0.1152571514248848,0.9390000104904175,0.72079998254776
YLR310C,YOR078W,0,-5.8235416,0.11524300277233124,0.9390000104904175,0.7208999991416931
YOR037W,YBR079C,0,-5.824071,0.11522886157035828,0.9390000104904175,0.7210000157356262
YBR255W,YMR117C,0,-5.8244333,0.11521472036838531,0.9390000104904175,0.7210999727249146
YMR135C,YML025C,0,-5.824701,0.11520058661699295,0.9390000104904175,0.7211999893188477
YML058W-A,YNL206C,0,-5.824925,0.11518646031618118,0.9390000104904175,0.7213000059127808
YPR086W,YLR176C,0,-5.824953,0.11517232656478882,0.9390000104904175,0.7214000225067139
YKL090W,YOR039W,0,-5.8249784,0.11515820771455765,0.9390000104904175,0.7214999794960022
YPR184W,YGR124W,0,-5.826176,0.11514408141374588,0.9390000104904175,0.7215999960899353
YOR188W,YOR141C,0,-5.8269796,0.11512996256351471,0.9390000104904175,0.7217000126838684
YGR142W,YPR102C,0,-5.8275843,0.11511585116386414,0.9390000104904175,0.7218000292778015
YBR107C,YBL009W,0,-5.8277636,0.11510173976421356,0.9390000104904175,0.7218999862670898
YOR066W,YOR391C,0,-5.827875,0.11508763581514359,0.9390000104904175,0.722000002861023
YIL131C,YDR393W,0,-5.828713,0.11507353186607361,0.9390000104904175,0.722100019454956
YGR179C,YPL283C,0,-5.8288136,0.11505942791700363,0.9390000104904175,0.7221999764442444
YGL089C,YER110C,0,-5.8288393,0.11504533141851425,0.9390000104904175,0.7222999930381775
YMR209C,YGL255W,0,-5.8295,0.11503123492002487,0.9390000104904175,0.7224000096321106
YPL259C,YPR083W,0,-5.8296986,0.11501714587211609,0.9390000104904175,0.7225000262260437
YDR334W,YDR449C,0,-5.830023,0.1150030642747879,0.9390000104904175,0.722599983215332
YDL060W,YDR240C,0,-5.830119,0.11498897522687912,0.9390000104904175,0.7226999998092651
YFR011C,YFR034C,0,-5.8306274,0.11497490108013153,0.9390000104904175,0.7228000164031982
YNL294C,YBR189W,0,-5.831011,0.11496081948280334,0.9390000104904175,0.7228999733924866
YOR224C,YOL153C,0,-5.831578,0.11494675278663635,0.9390000104904175,0.7229999899864197
YHR206W,YDL168W,0,-5.831952,0.11493267863988876,0.9390000104904175,0.7231000065803528
YMR002W,YOR153W,0,-5.8320465,0.11491861194372177,0.9390000104904175,0.7232000231742859
YDR473C,YDR166C,0,-5.8327255,0.11490455269813538,0.9390000104904175,0.7232999801635742
YLL036C,YJL144W,0,-5.833357,0.11489049345254898,0.9390000104904175,0.7233999967575073
YCL063W,YLR043C,1,-5.8333616,0.11499878019094467,0.9399999976158142,0.7233999967575073
YOR358W,YKR036C,0,-5.833661,0.11498470604419708,0.9399999976158142,0.7235000133514404
YNL225C,YDR503C,0,-5.83383,0.11497064679861069,0.9399999976158142,0.7235999703407288
YBR018C,YOL124C,0,-5.8341937,0.11495658755302429,0.9399999976158142,0.7236999869346619
YBL016W,YML100W,0,-5.834581,0.1149425283074379,0.9399999976158142,0.723800003528595
YPL241C,YBR030W,0,-5.8351564,0.1149284765124321,0.9399999976158142,0.7239000201225281
YBL082C,YER131W,0,-5.8352246,0.1149144247174263,0.9399999976158142,0.7239999771118164
YDR522C,YDR033W,0,-5.8352365,0.1149003803730011,0.9399999976158142,0.7240999937057495
YKL156W,YER027C,0,-5.836007,0.1148863360285759,0.9399999976158142,0.7242000102996826
YPR162C,YPR201W,0,-5.83663,0.11487229913473129,0.9399999976158142,0.7243000268936157
YDR487C,YKL183W,0,-5.8372784,0.11485826224088669,0.9399999976158142,0.724399983882904
YGL105W,YOR349W,0,-5.8373566,0.11484422534704208,0.9399999976158142,0.7245000004768372
YDL059C,YGL087C,0,-5.8373594,0.11483019590377808,0.9399999976158142,0.7246000170707703
YOR301W,YML049C,0,-5.8378215,0.11481617391109467,0.9399999976158142,0.7246999740600586
YJL056C,YHR011W,0,-5.838686,0.11480215191841125,0.9399999976158142,0.7247999906539917
YPR132W,YDR191W,0,-5.838834,0.11478812992572784,0.9399999976158142,0.7249000072479248
YDL001W,YDR519W,0,-5.8388815,0.11477411538362503,0.9399999976158142,0.7250000238418579
YOR028C,YOR292C,0,-5.839509,0.11476010084152222,0.9399999976158142,0.7250999808311462
YNR013C,YGL122C,0,-5.8395534,0.11474609375,0.9399999976158142,0.7251999974250793
YNL072W,YAR031W,0,-5.839599,0.11473208665847778,0.9399999976158142,0.7253000140190125
YMR154C,YAL017W,0,-5.839969,0.11471808701753616,0.9399999976158142,0.7253999710083008
YBR007C,YOR369C,0,-5.840127,0.11470408737659454,0.9399999976158142,0.7254999876022339
YER035W,YHR184W,0,-5.8410583,0.11469009518623352,0.9399999976158142,0.725600004196167
YIL148W,YGR005C,0,-5.84142,0.1146761029958725,0.9399999976158142,0.7257000207901001
YGL129C,YDR219C,0,-5.842007,0.11466211080551147,0.9399999976158142,0.7257999777793884
YDR414C,YOR237W,0,-5.842073,0.11464812606573105,0.9399999976158142,0.7258999943733215
YGR148C,YEL046C,0,-5.8421774,0.11463414877653122,0.9399999976158142,0.7260000109672546
YDR536W,YML065W,0,-5.8427734,0.11462017148733139,0.9399999976158142,0.7261000275611877
YGL180W,YKL219W,0,-5.8428526,0.11460619419813156,0.9399999976158142,0.7261999845504761
YMR201C,YMR214W,0,-5.8434105,0.11459222435951233,0.9399999976158142,0.7263000011444092
YPL008W,YDR320C,0,-5.844014,0.1145782545208931,0.9399999976158142,0.7264000177383423
YER096W,YKL081W,0,-5.8449116,0.11456429213285446,0.9399999976158142,0.7264999747276306
YDR038C,YPR026W,0,-5.8449435,0.11455032974481583,0.9399999976158142,0.7265999913215637
YOR344C,YER020W,0,-5.8450933,0.11453637480735779,0.9399999976158142,0.7267000079154968
YNR072W,YOR264W,0,-5.8456936,0.11452241986989975,0.9399999976158142,0.7268000245094299
YPR182W,YBL082C,0,-5.845745,0.11450846493244171,0.9399999976158142,0.7268999814987183
YJR031C,YPL135W,0,-5.8462944,0.11449451744556427,0.9399999976158142,0.7269999980926514
YFR019W,YMR197C,1,-5.846395,0.11460236459970474,0.9409999847412109,0.7269999980926514
YBR301W,YOR064C,0,-5.846855,0.1145884096622467,0.9409999847412109,0.7271000146865845
YBL061C,YGR072W,0,-5.8470306,0.11457445472478867,0.9409999847412109,0.7271999716758728
YDR329C,YKL108W,0,-5.847274,0.11456050723791122,0.9409999847412109,0.7272999882698059
YPR067W,YDR221W,0,-5.847416,0.11454655975103378,0.9409999847412109,0.727400004863739
YER144C,YPL133C,0,-5.8485928,0.11453261971473694,0.9409999847412109,0.7275000214576721
YJL056C,YDL216C,0,-5.8524637,0.1145186796784401,0.9409999847412109,0.7275999784469604
YIL064W,YPL183C,0,-5.853135,0.11450474709272385,0.9409999847412109,0.7276999950408936
YOR149C,YLR373C,0,-5.8531613,0.1144908145070076,0.9409999847412109,0.7278000116348267
YDR125C,YAL023C,0,-5.853597,0.11447688192129135,0.9409999847412109,0.7279000282287598
YLR029C,YNL271C,0,-5.85366,0.1144629642367363,0.9409999847412109,0.7279999852180481
YDR377W,YJL106W,0,-5.8538346,0.11444903910160065,0.9409999847412109,0.7281000018119812
YNL064C,YDR098C,0,-5.8540955,0.1144351214170456,0.9409999847412109,0.7282000184059143
YGL003C,YMR037C,0,-5.8555074,0.11442120373249054,0.9409999847412109,0.7282999753952026
YGR150C,YPR057W,0,-5.8559656,0.11440729349851608,0.9409999847412109,0.7283999919891357
YKL057C,YEL055C,0,-5.856386,0.11439338326454163,0.9409999847412109,0.7285000085830688
YBR296C,YMR094W,0,-5.857312,0.11437948048114777,0.9409999847412109,0.728600025177002
YNR032W,YJR074W,0,-5.857542,0.1143655776977539,0.9409999847412109,0.7286999821662903
YOR171C,YOR057W,0,-5.8584127,0.11435168236494064,0.9409999847412109,0.7287999987602234
YNL148C,YFL025C,0,-5.858436,0.11433778703212738,0.9409999847412109,0.7289000153541565
YCL073C,YHR122W,0,-5.8585596,0.11432389914989471,0.9409999847412109,0.7289999723434448
YCL011C,YPR116W,0,-5.858902,0.11431001126766205,0.9409999847412109,0.7290999889373779
YMR307W,YBR067C,0,-5.8591666,0.11429612338542938,0.9409999847412109,0.729200005531311
YHR077C,YDR317W,0,-5.859619,0.11428224295377731,0.9409999847412109,0.7293000221252441
YMR171C,YGR075C,0,-5.8601627,0.11426836997270584,0.9409999847412109,0.7293999791145325
YLR088W,YIL110W,0,-5.8618546,0.11425448954105377,0.9409999847412109,0.7294999957084656
YIL125W,YOR056C,0,-5.8625355,0.1142406240105629,0.9409999847412109,0.7296000123023987
YDL139C,YJL219W,0,-5.8629527,0.11422675102949142,0.9409999847412109,0.7297000288963318
YML080W,YEL072W,0,-5.863019,0.11421289294958115,0.9409999847412109,0.7297999858856201
YBR154C,YDL022W,0,-5.8633327,0.11419902741909027,0.9409999847412109,0.7299000024795532
YDR515W,YJR144W,0,-5.864295,0.11418516933917999,0.9409999847412109,0.7300000190734863
YMR171C,YGL158W,0,-5.864342,0.11417131870985031,0.9409999847412109,0.7300999760627747
YOR307C,YHR069C,0,-5.8645935,0.11415746808052063,0.9409999847412109,0.7301999926567078
YNR015W,YGR207C,0,-5.864725,0.11414361745119095,0.9409999847412109,0.7303000092506409
YKL134C,YGL142C,0,-5.864811,0.11412977427244186,0.9409999847412109,0.730400025844574
YLR093C,YDR246W,0,-5.8650484,0.11411593854427338,0.9409999847412109,0.7304999828338623
YGR163W,YNL075W,0,-5.865389,0.11410209536552429,0.9409999847412109,0.7305999994277954
YDR447C,YKR087C,0,-5.8655005,0.1140882670879364,0.9409999847412109,0.7307000160217285
YHR047C,YOL073C,0,-5.865535,0.11407443135976791,0.9409999847412109,0.7307999730110168
YNL021W,YKR065C,0,-5.865574,0.11406060308218002,0.9409999847412109,0.73089998960495
YDR495C,YMR197C,1,-5.8656087,0.11416798084974289,0.9419999718666077,0.73089998960495
YGL197W,YDL207W,0,-5.86573,0.1141541451215744,0.9419999718666077,0.7310000061988831
YPR161C,YMR037C,0,-5.865984,0.11414030939340591,0.9419999718666077,0.7311000227928162
YHL047C,YKR090W,0,-5.8661275,0.11412648111581802,0.9419999718666077,0.7311999797821045
YOR359W,YDR346C,0,-5.866166,0.11411266028881073,0.9419999718666077,0.7312999963760376
YGR083C,YDR394W,0,-5.8662057,0.11409883946180344,0.9419999718666077,0.7314000129699707
YPR040W,YHR147C,0,-5.8662906,0.11408501863479614,0.9419999718666077,0.7315000295639038
YKL144C,YAL067C,0,-5.8667774,0.11407120525836945,0.9419999718666077,0.7315999865531921
YIL018W,YMR146C,0,-5.867096,0.11405739188194275,0.9419999718666077,0.7317000031471252
YFL001W,YFL059W,0,-5.8711033,0.11404358595609665,0.9419999718666077,0.7318000197410583
YDR490C,YGL139W,0,-5.871647,0.11402978003025055,0.9419999718666077,0.7318999767303467
YOR104W,YBR217W,0,-5.8717837,0.11401597410440445,0.9419999718666077,0.7319999933242798
YGR140W,YEL069C,0,-5.8725677,0.11400217562913895,0.9419999718666077,0.7321000099182129
YOR363C,YDL100C,0,-5.8727007,0.11398838460445404,0.9419999718666077,0.732200026512146
YJR046W,YCL059C,0,-5.873135,0.11397459357976913,0.9419999718666077,0.7322999835014343
YHR104W,YER134C,0,-5.873253,0.11396080255508423,0.9419999718666077,0.7324000000953674
YPL028W,YBL030C,0,-5.874486,0.11394701898097992,0.9419999718666077,0.7325000166893005
YBR046C,YOR256C,0,-5.874646,0.11393323540687561,0.9419999718666077,0.7325999736785889
YGL127C,YKL007W,0,-5.876271,0.1139194592833519,0.9419999718666077,0.732699990272522
YGL013C,YKL183W,0,-5.8775344,0.11390568315982819,0.9419999718666077,0.7328000068664551
YIL010W,YAL008W,0,-5.877587,0.11389191448688507,0.9419999718666077,0.7329000234603882
YIL122W,YEL052W,0,-5.8780932,0.11387814581394196,0.9419999718666077,0.7329999804496765
YBR161W,YBR195C,0,-5.8795033,0.11386437714099884,0.9419999718666077,0.7330999970436096
YDR422C,YPL047W,0,-5.879653,0.11385061591863632,0.9419999718666077,0.7332000136375427
YMR160W,YLR270W,0,-5.87971,0.1138368546962738,0.9419999718666077,0.733299970626831
YCL063W,YLR148W,1,-5.8797464,0.11394393444061279,0.9430000185966492,0.733299970626831
YGR128C,YER106W,0,-5.8802223,0.11393016576766968,0.9430000185966492,0.7333999872207642
YLR430W,YMR145C,0,-5.8807774,0.11391640454530716,0.9430000185966492,0.7335000038146973
YOL063C,YDR523C,0,-5.881151,0.11390264332294464,0.9430000185966492,0.7336000204086304
YNL014W,YML068W,0,-5.8812103,0.11388888955116272,0.9430000185966492,0.7336999773979187
YMR095C,YDR294C,0,-5.8812575,0.1138751357793808,0.9430000185966492,0.7337999939918518
YNR008W,YGL184C,0,-5.883008,0.11386138945817947,0.9430000185966492,0.7339000105857849
YLR212C,YOR320C,0,-5.8833156,0.11384764313697815,0.9430000185966492,0.734000027179718
YDL093W,YER130C,0,-5.8835096,0.11383389681577682,0.9430000185966492,0.7340999841690063
YBR132C,YJR151C,0,-5.884164,0.1138201579451561,0.9430000185966492,0.7342000007629395
YDR485C,YNL295W,0,-5.8841753,0.11380641907453537,0.9430000185966492,0.7343000173568726
YLR037C,YPR200C,0,-5.884492,0.11379268765449524,0.9430000185966492,0.7343999743461609
YBL072C,YGL032C,0,-5.884788,0.11377895623445511,0.9430000185966492,0.734499990940094
YPR035W,YHR114W,0,-5.8855033,0.11376523226499557,0.9430000185966492,0.7346000075340271
YNL009W,YER118C,0,-5.885815,0.11375150829553604,0.9430000185966492,0.7347000241279602
YOL112W,YOL061W,0,-5.8859205,0.11373778432607651,0.9430000185966492,0.7347999811172485
YNR019W,YCR043C,0,-5.8862023,0.11372406780719757,0.9430000185966492,0.7348999977111816
YOR075W,YMR173W,0,-5.886326,0.11371035873889923,0.9430000185966492,0.7350000143051147
YMR211W,YOL075C,0,-5.886622,0.11369664967060089,0.9430000185966492,0.7350999712944031
YGR239C,YPL052W,0,-5.887465,0.11368294060230255,0.9430000185966492,0.7351999878883362
YFL047W,YBR160W,0,-5.8875103,0.11366923898458481,0.9430000185966492,0.7353000044822693
YFR038W,YIL044C,0,-5.888296,0.11365553736686707,0.9430000185966492,0.7354000210762024
YBR171W,YJR016C,0,-5.8884053,0.11364184319972992,0.9430000185966492,0.7354999780654907
YKR102W,YPL212C,0,-5.889201,0.11362814903259277,0.9430000185966492,0.7355999946594238
YHR154W,YOR127W,0,-5.8899293,0.11361445486545563,0.9430000185966492,0.7357000112533569
YGR105W,YDR125C,0,-5.8900256,0.11360076814889908,0.9430000185966492,0.73580002784729
YBR103W,YOL146W,0,-5.890178,0.11358708888292313,0.9430000185966492,0.7358999848365784
YLR276C,YER012W,0,-5.8904867,0.11357340961694717,0.9430000185966492,0.7360000014305115
YML011C,YKL181W,0,-5.890863,0.11355973035097122,0.9430000185966492,0.7361000180244446
YPL259C,YJL047C,0,-5.8921614,0.11354605853557587,0.9430000185966492,0.7361999750137329
YGL157W,YLR209C,0,-5.8924713,0.11353238672018051,0.9430000185966492,0.736299991607666
YOR179C,YMR316W,0,-5.8936596,0.11351872235536575,0.9430000185966492,0.7364000082015991
YFL003C,YAR027W,0,-5.8943553,0.113505057990551,0.9430000185966492,0.7365000247955322
YER174C,YNL155W,0,-5.8944016,0.11349139362573624,0.9430000185966492,0.7365999817848206
YGL157W,YGL005C,0,-5.894493,0.11347773671150208,0.9430000185966492,0.7366999983787537
YBR066C,YER103W,0,-5.894701,0.11346408724784851,0.9430000185966492,0.7368000149726868
YLR341W,YBR088C,0,-5.8948913,0.11345043033361435,0.9430000185966492,0.7368999719619751
YBL009W,YLR325C,0,-5.8951035,0.11343678832054138,0.9430000185966492,0.7369999885559082
YJL031C,YJL103C,0,-5.895499,0.11342313885688782,0.9430000185966492,0.7371000051498413
YDL175C,YJR024C,0,-5.8959785,0.11340950429439545,0.9430000185966492,0.7372000217437744
YJR112W,YBR189W,0,-5.896561,0.11339586228132248,0.9430000185966492,0.7372999787330627
YDL031W,YHL027W,0,-5.8978233,0.11338222771883011,0.9430000185966492,0.7373999953269958
YOR005C,YDR523C,0,-5.897927,0.11336860060691833,0.9430000185966492,0.737500011920929
YGL002W,YPL207W,0,-5.898062,0.11335497349500656,0.9430000185966492,0.7376000285148621
YMR179W,YNL273W,0,-5.898752,0.11334134638309479,0.9430000185966492,0.7376999855041504
YGR283C,YPR091C,0,-5.899182,0.11332772672176361,0.9430000185966492,0.7378000020980835
YBR162W-A,YIL097W,0,-5.899509,0.11331410706043243,0.9430000185966492,0.7379000186920166
YFL061W,YCL029C,0,-5.899931,0.11330049484968185,0.9430000185966492,0.7379999756813049
YLR323C,YKL161C,0,-5.9006834,0.11328688263893127,0.9430000185966492,0.738099992275238
YHR192W,YPR143W,0,-5.9007597,0.1132732704281807,0.9430000185966492,0.7382000088691711
YAL053W,YDR074W,0,-5.901122,0.11325966566801071,0.9430000185966492,0.7383000254631042
YGR203W,YHR143W,0,-5.901515,0.11324606835842133,0.9430000185966492,0.7383999824523926
YGL173C,YNL256W,0,-5.901902,0.11323247104883194,0.9430000185966492,0.7384999990463257
YMR231W,YBR080C,1,-5.9021945,0.11333893984556198,0.9440000057220459,0.7384999990463257
YOR010C,YDR427W,0,-5.9031343,0.1133253276348114,0.9440000057220459,0.7386000156402588
YMR069W,YDR229W,0,-5.9031677,0.11331173032522202,0.9440000057220459,0.7386999726295471
YDL018C,YMR262W,0,-5.903558,0.11329812556505203,0.9440000057220459,0.7387999892234802
YER002W,YKL160W,0,-5.9042425,0.11328452825546265,0.9440000057220459,0.7389000058174133
YIR037W,YBR204C,0,-5.904741,0.11327093839645386,0.9440000057220459,0.7390000224113464
YMR231W,YLR396C,1,-5.906102,0.11337732523679733,0.9449999928474426,0.7390000224113464
YBL004W,YGL244W,0,-5.9061275,0.11336372047662735,0.9449999928474426,0.7390999794006348
YOR188W,YDR359C,0,-5.9064703,0.11335012316703796,0.9449999928474426,0.7391999959945679
YDR017C,YPL268W,1,-5.9070406,0.11345646530389786,0.9459999799728394,0.7391999959945679
YGR174C,YPL181W,0,-5.9074264,0.11344286054372787,0.9459999799728394,0.739300012588501
YJL165C,YPR200C,0,-5.907901,0.11342925578355789,0.9459999799728394,0.7394000291824341
YLL062C,YDL201W,0,-5.9084406,0.1134156584739685,0.9459999799728394,0.7394999861717224
YOR171C,YDR485C,0,-5.909087,0.11340206116437912,0.9459999799728394,0.7396000027656555
YML006C,YCR027C,0,-5.9092393,0.11338847130537033,0.9459999799728394,0.7397000193595886
YML007W,YDR057W,0,-5.9093437,0.11337488144636154,0.9459999799728394,0.739799976348877
YGR070W,YDL006W,0,-5.9096155,0.11336129158735275,0.9459999799728394,0.7398999929428101
YDR493W,YDR116C,0,-5.9096394,0.11334770917892456,0.9459999799728394,0.7400000095367432
YJL164C,YKL198C,0,-5.910137,0.11333413422107697,0.9459999799728394,0.7401000261306763
YLR039C,YCL029C,0,-5.9102306,0.11332055926322937,0.9459999799728394,0.7401999831199646
YOR355W,YNL002C,0,-5.910391,0.11330698430538177,0.9459999799728394,0.7402999997138977
YJL208C,YIL142W,0,-5.9106426,0.11329341679811478,0.9459999799728394,0.7404000163078308
YDR243C,YGR152C,0,-5.9111876,0.11327984929084778,0.9459999799728394,0.7404999732971191
YIL009W,YDR362C,0,-5.9114532,0.11326628178358078,0.9459999799728394,0.7405999898910522
YIL103W,YBR010W,0,-5.9116664,0.11325272172689438,0.9459999799728394,0.7407000064849854
YGL196W,YHR196W,0,-5.911826,0.11323916912078857,0.9459999799728394,0.7408000230789185
YCR053W,YBR188C,0,-5.9119034,0.11322561651468277,0.9459999799728394,0.7408999800682068
YHR059W,YDR085C,0,-5.91201,0.11321206390857697,0.9459999799728394,0.7409999966621399
YIL049W,YHR100C,0,-5.9125786,0.11319851875305176,0.9459999799728394,0.741100013256073
YPR086W,YKR016W,0,-5.9127407,0.11318497359752655,0.9459999799728394,0.7411999702453613
YML088W,YIL034C,0,-5.913101,0.11317142844200134,0.9459999799728394,0.7412999868392944
YDL031W,YHR110W,0,-5.9137144,0.11315789818763733,0.9459999799728394,0.7414000034332275
YNL248C,YJL165C,0,-5.914425,0.11314436048269272,0.9459999799728394,0.7415000200271606
YOR047C,YGR239C,0,-5.914487,0.1131308302283287,0.9459999799728394,0.741599977016449
YIL091C,YJR124C,0,-5.9145727,0.11311729997396469,0.9459999799728394,0.7416999936103821
YER112W,YHR011W,0,-5.915162,0.11310377717018127,0.9459999799728394,0.7418000102043152
YER106W,YIL132C,0,-5.915775,0.11309025436639786,0.9459999799728394,0.7419000267982483
YDL085W,YNL207W,0,-5.9163036,0.11307673901319504,0.9459999799728394,0.7419999837875366
YGR263C,YAR015W,0,-5.917372,0.11306322365999222,0.9459999799728394,0.7421000003814697
YOR142W,YDR351W,0,-5.917843,0.11304971575737,0.9459999799728394,0.7422000169754028
YDR195W,YJL054W,0,-5.9180617,0.11303620785474777,0.9459999799728394,0.7422999739646912
YDL225W,YNR026C,0,-5.9181,0.11302269995212555,0.9459999799728394,0.7423999905586243
YEL021W,YMR266W,0,-5.9195967,0.11300919950008392,0.9459999799728394,0.7425000071525574
YGR195W,YHR014W,0,-5.9197526,0.1129956990480423,0.9459999799728394,0.7426000237464905
YOL007C,YPR194C,0,-5.921318,0.11298220604658127,0.9459999799728394,0.7426999807357788
YHL007C,YDR049W,0,-5.9213443,0.11296871304512024,0.9459999799728394,0.7427999973297119
YOL051W,YBR279W,0,-5.921699,0.11295522749423981,0.9459999799728394,0.742900013923645
YDR493W,YER070W,0,-5.9226294,0.11294174194335938,0.9459999799728394,0.7429999709129333
YGR103W,YGR224W,0,-5.923782,0.11292825639247894,0.9459999799728394,0.7430999875068665
YOR390W,YDL116W,0,-5.92409,0.11291477829217911,0.9459999799728394,0.7432000041007996
YMR102C,YLR018C,0,-5.924365,0.11290130019187927,0.9459999799728394,0.7433000206947327
YMR104C,YBR119W,0,-5.924514,0.11288782954216003,0.9459999799728394,0.743399977684021
YKL192C,YIL072W,0,-5.9257393,0.1128743588924408,0.9459999799728394,0.7434999942779541
YML123C,YOR361C,0,-5.925851,0.11286089569330215,0.9459999799728394,0.7436000108718872
YIR036C,YER019C-A,0,-5.92616,0.11284743249416351,0.9459999799728394,0.7437000274658203
YLR200W,YOR323C,0,-5.926379,0.11283396929502487,0.9459999799728394,0.7437999844551086
YAL027W,YGR169C,0,-5.927485,0.11282051354646683,0.9459999799728394,0.7439000010490417
YER165W,YOL108C,0,-5.9281054,0.11280705779790878,0.9459999799728394,0.7440000176429749
YKR077W,YGL110C,0,-5.928187,0.11279360949993134,0.9459999799728394,0.7440999746322632
YNL085W,YGL071W,0,-5.928202,0.11278016120195389,0.9459999799728394,0.7441999912261963
YDL148C,YDR282C,0,-5.9287806,0.11276672035455704,0.9459999799728394,0.7443000078201294
YOR027W,YOR124C,0,-5.928858,0.11275327950716019,0.9459999799728394,0.7444000244140625
YDR144C,YDR229W,0,-5.9293356,0.11273983865976334,0.9459999799728394,0.7444999814033508
YKL149C,YJL076W,0,-5.9304852,0.11272640526294708,0.9459999799728394,0.7445999979972839
YDR534C,YOR074C,0,-5.931875,0.11271297186613083,0.9459999799728394,0.744700014591217
YKL132C,YNL232W,0,-5.932971,0.11269954591989517,0.9459999799728394,0.7447999715805054
YDL002C,YDR351W,0,-5.933176,0.11268611997365952,0.9459999799728394,0.7448999881744385
YJR152W,YDR060W,0,-5.93329,0.11267270147800446,0.9459999799728394,0.7450000047683716
YOR261C,YPR169W,0,-5.9332976,0.1126592829823494,0.9459999799728394,0.7451000213623047
YIL131C,YLR004C,0,-5.934375,0.11264586448669434,0.9459999799728394,0.745199978351593
YPL190C,YHR081W,0,-5.934455,0.11263245344161987,0.9459999799728394,0.7452999949455261
YDL109C,YLR081W,0,-5.934513,0.11261904984712601,0.9459999799728394,0.7454000115394592
YHL042W,YDR461W,0,-5.9346776,0.11260563880205154,0.9459999799728394,0.7455000281333923
YMR011W,YPL233W,0,-5.9346795,0.11259224265813828,0.9459999799728394,0.7455999851226807
YER011W,YER098W,0,-5.9347563,0.11257883906364441,0.9459999799728394,0.7457000017166138
YDL085W,YKR103W,0,-5.9350944,0.11256544291973114,0.9459999799728394,0.7458000183105469
YGL078C,YGL208W,0,-5.9369607,0.11255205422639847,0.9459999799728394,0.7458999752998352
YML098W,YKL160W,0,-5.9374657,0.1125386655330658,0.9459999799728394,0.7459999918937683
YKL216W,YKR077W,0,-5.9375944,0.11252527683973312,0.9459999799728394,0.7461000084877014
YDR085C,YOR017W,0,-5.938455,0.11251189559698105,0.9459999799728394,0.7462000250816345
YDR508C,YJR013W,0,-5.9386044,0.11249851435422897,0.9459999799728394,0.7462999820709229
YNL247W,YGR005C,0,-5.9387784,0.1124851331114769,0.9459999799728394,0.746399998664856
YML025C,YGR270W,0,-5.9391413,0.11247176676988602,0.9459999799728394,0.7465000152587891
YDR351W,YHR094C,0,-5.939913,0.11245839297771454,0.9459999799728394,0.7465999722480774
YMR227C,YBR240C,0,-5.940183,0.11244502663612366,0.9459999799728394,0.7466999888420105
YOL021C,YGL023C,0,-5.940277,0.11243166029453278,0.9459999799728394,0.7468000054359436
YGL190C,YLR084C,0,-5.9408226,0.11241830140352249,0.9459999799728394,0.7469000220298767
YNR061C,YKL176C,0,-5.940917,0.11240494251251221,0.9459999799728394,0.746999979019165
YMR288W,YPL006W,0,-5.9409485,0.11239159107208252,0.9459999799728394,0.7470999956130981
YDR067C,YOR181W,0,-5.941044,0.11237823963165283,0.9459999799728394,0.7472000122070312
YNR067C,YNL270C,0,-5.941574,0.11236488819122314,0.9459999799728394,0.7473000288009644
YLR313C,YDL216C,0,-5.942439,0.11235154420137405,0.9459999799728394,0.7473999857902527
YLR218C,YCL059C,0,-5.9430094,0.11233820021152496,0.9459999799728394,0.7475000023841858
YMR313C,YGL256W,0,-5.9432964,0.11232486367225647,0.9459999799728394,0.7476000189781189
YOR236W,YHR001W-A,0,-5.9433393,0.11231152713298798,0.9459999799728394,0.7476999759674072
YDL138W,YPL207W,0,-5.9436398,0.11229819804430008,0.9459999799728394,0.7477999925613403
YLR341W,YLR449W,0,-5.944227,0.11228486895561218,0.9459999799728394,0.7479000091552734
YGL013C,YBL093C,0,-5.944246,0.11227153986692429,0.9459999799728394,0.7480000257492065
YOR122C,YKL143W,0,-5.9442997,0.11225821822881699,0.9459999799728394,0.7480999827384949
YML042W,YPL120W,0,-5.944933,0.11224489659070969,0.9459999799728394,0.748199999332428
YPL095C,YBL040C,0,-5.9451313,0.11223158240318298,0.9459999799728394,0.7483000159263611
YLR100W,YKL001C,0,-5.9464836,0.11221826821565628,0.9459999799728394,0.7483999729156494
YLR394W,YML021C,0,-5.946953,0.11220496147871017,0.9459999799728394,0.7484999895095825
YOL032W,YPL066W,0,-5.947672,0.11219164729118347,0.9459999799728394,0.7486000061035156
YKR103W,YKR054C,0,-5.947706,0.11217834800481796,0.9459999799728394,0.7487000226974487
YBR166C,YMR048W,0,-5.947961,0.11216504871845245,0.9459999799728394,0.7487999796867371
YNR027W,YJL140W,0,-5.948346,0.11215174943208694,0.9459999799728394,0.7488999962806702
YGR093W,YMR243C,0,-5.949236,0.11213845759630203,0.9459999799728394,0.7490000128746033
YPL255W,YPL119C,0,-5.9496193,0.11212516576051712,0.9459999799728394,0.7491000294685364
YCR092C,YOR250C,0,-5.9500027,0.11211187392473221,0.9459999799728394,0.7491999864578247
YDR171W,YDL006W,0,-5.9500856,0.1120985895395279,0.9459999799728394,0.7493000030517578
YLR173W,YBL074C,0,-5.9505253,0.11208530515432358,0.9459999799728394,0.7494000196456909
YDR527W,YOR147W,0,-5.950545,0.11207202821969986,0.9459999799728394,0.7494999766349792
YER093C,YGR058W,0,-5.9506435,0.11205875128507614,0.9459999799728394,0.7495999932289124
YIL158W,YKL181W,0,-5.9509954,0.11204548180103302,0.9459999799728394,0.7497000098228455
YDR434W,YMR079W,0,-5.951167,0.1120322123169899,0.9459999799728394,0.7498000264167786
YDR065W,YLR148W,1,-5.9527507,0.11213736236095428,0.9470000267028809,0.7498000264167786
YFR053C,YBL074C,0,-5.9530396,0.11212408542633057,0.9470000267028809,0.7498999834060669
YBL042C,YOR313C,0,-5.953374,0.11211080849170685,0.9470000267028809,0.75
YML054C,YPR037C,0,-5.9539104,0.11209753900766373,0.9470000267028809,0.7501000165939331
YBL095W,YOR185C,0,-5.9540634,0.1120842695236206,0.9470000267028809,0.7501999735832214
YLR387C,YGR179C,0,-5.954261,0.11207100749015808,0.9470000267028809,0.7502999901771545
YIL003W,YBR015C,0,-5.9546514,0.11205774545669556,0.9470000267028809,0.7504000067710876
YPL226W,YDL008W,0,-5.9565263,0.11204448342323303,0.9470000267028809,0.7505000233650208
YKL194C,YKL139W,0,-5.9567995,0.1120312288403511,0.9470000267028809,0.7505999803543091
YDR393W,YHR143W-A,0,-5.9570794,0.11201798170804977,0.9470000267028809,0.7506999969482422
YOR068C,YLR240W,1,-5.9572353,0.11212300509214401,0.9480000138282776,0.7506999969482422
YMR311C,YOL090W,0,-5.9575233,0.11210974305868149,0.9480000138282776,0.7508000135421753
YER162C,YMR281W,0,-5.9576807,0.11209648847579956,0.9480000138282776,0.7508999705314636
YOL047C,YDR415C,0,-5.9577494,0.11208323389291763,0.9480000138282776,0.7509999871253967
YJL200C,YOL152W,0,-5.9589324,0.1120699867606163,0.9480000138282776,0.7511000037193298
YDL049C,YDR527W,0,-5.9592586,0.11205673962831497,0.9480000138282776,0.7512000203132629
YPL095C,YGR230W,0,-5.9603233,0.11204349249601364,0.9480000138282776,0.7512999773025513
YLR165C,YMR207C,0,-5.960376,0.11203025281429291,0.9480000138282776,0.7513999938964844
YOR032C,YGR013W,0,-5.960695,0.11201701313257217,0.9480000138282776,0.7515000104904175
YGL094C,YFL011W,0,-5.9609585,0.11200378090143204,0.9480000138282776,0.7516000270843506
YPL231W,YNL055C,0,-5.9613147,0.1119905486702919,0.9480000138282776,0.7516999840736389
YLR266C,YNL185C,0,-5.961687,0.11197732388973236,0.9480000138282776,0.751800000667572
YDL174C,YNR072W,0,-5.9622116,0.11196409910917282,0.9480000138282776,0.7519000172615051
YML115C,YGR043C,0,-5.9622316,0.11195087432861328,0.9480000138282776,0.7519999742507935
YKR044W,YNR031C,0,-5.962331,0.11193765699863434,0.9480000138282776,0.7520999908447266
YBR293W,YKL079W,0,-5.962408,0.1119244396686554,0.9480000138282776,0.7522000074386597
YPL171C,YDR104C,0,-5.962736,0.11191122978925705,0.9480000138282776,0.7523000240325928
YPL085W,YKR087C,0,-5.962884,0.1118980199098587,0.9480000138282776,0.7523999810218811
YDR330W,YLR004C,0,-5.963215,0.11188481003046036,0.9480000138282776,0.7524999976158142
YAR033W,YDL006W,0,-5.9635043,0.11187160760164261,0.9480000138282776,0.7526000142097473
YPL181W,YDR362C,0,-5.964821,0.11185840517282486,0.9480000138282776,0.7526999711990356
YPR192W,YMR091C,0,-5.965014,0.11184521019458771,0.9480000138282776,0.7527999877929688
YKL173W,YGL028C,0,-5.9652677,0.11183201521635056,0.9480000138282776,0.7529000043869019
YDR017C,YEL051W,1,-5.9659805,0.1119367778301239,0.9490000009536743,0.7529000043869019
YKL005C,YHR109W,0,-5.9661016,0.11192357540130615,0.9490000009536743,0.753000020980835
YBR255W,YGR128C,0,-5.966693,0.111910380423069,0.9490000009536743,0.7530999779701233
YER093C,YKR086W,0,-5.9667125,0.11189718544483185,0.9490000009536743,0.7531999945640564
YPR141C,YDR044W,0,-5.9674153,0.1118839904665947,0.9490000009536743,0.7533000111579895
YGR218W,YDR235W,0,-5.9692135,0.11187080293893814,0.9490000009536743,0.7534000277519226
YMR156C,YJR158W,0,-5.9697676,0.11185761541128159,0.9490000009536743,0.7534999847412109
YOR275C,YDR058C,0,-5.9717383,0.11184442788362503,0.9490000009536743,0.753600001335144
YBR126C,YML103C,0,-5.9721804,0.11183124780654907,0.9490000009536743,0.7537000179290771
YNR013C,YKL048C,0,-5.972617,0.11181807518005371,0.9490000009536743,0.7537999749183655
YIL008W,YDL116W,0,-5.9726524,0.11180490255355835,0.9490000009536743,0.7538999915122986
YDL064W,YGR289C,0,-5.9733524,0.11179172992706299,0.9490000009536743,0.7540000081062317
YJL085W,YLR205C,0,-5.976066,0.11177856475114822,0.9490000009536743,0.7541000247001648
YDL170W,YDR038C,0,-5.9764414,0.11176539957523346,0.9490000009536743,0.7541999816894531
YDL017W,YJR091C,0,-5.9766483,0.1117522343993187,0.9490000009536743,0.7542999982833862
YPL249C,YCR076C,0,-5.97672,0.11173907667398453,0.9490000009536743,0.7544000148773193
YER098W,YBL099W,0,-5.9769773,0.11172592639923096,0.9490000009536743,0.7544999718666077
YDR059C,YDL188C,0,-5.977988,0.11171276867389679,0.9490000009536743,0.7545999884605408
YDR201W,YNL268W,0,-5.9788895,0.11169962584972382,0.9490000009536743,0.7547000050544739
YGR023W,YBL051C,0,-5.979076,0.11168647557497025,0.9490000009536743,0.754800021648407
YDR080W,YDL077C,1,-5.9792967,0.11179100722074509,0.949999988079071,0.754800021648407
YDR329C,YMR059W,0,-5.9798594,0.11177785694599152,0.949999988079071,0.7548999786376953
YMR139W,YHR168W,0,-5.9803395,0.11176470667123795,0.949999988079071,0.7549999952316284
YDL018C,YPR137W,0,-5.9805474,0.11175155639648438,0.949999988079071,0.7551000118255615
YNL191W,YOR212W,0,-5.9812937,0.1117384135723114,0.949999988079071,0.7552000284194946
YLR019W,YLR063W,0,-5.981876,0.11172527074813843,0.949999988079071,0.755299985408783
YIL016W,YPR093C,0,-5.982024,0.11171213537454605,0.949999988079071,0.7554000020027161
YAL063C,YOR204W,0,-5.982483,0.11169900000095367,0.949999988079071,0.7555000185966492
YBL025W,YML019W,0,-5.9832654,0.1116858720779419,0.949999988079071,0.7555999755859375
YHR100C,YPL153C,0,-5.984132,0.11167273670434952,0.949999988079071,0.7556999921798706
YJL194W,YEL022W,0,-5.9852376,0.11165961623191833,0.949999988079071,0.7558000087738037
YFL003C,YNL272C,0,-5.9852505,0.11164648830890656,0.949999988079071,0.7559000253677368
YDR504C,YIL021W,0,-5.9853396,0.11163337528705597,0.949999988079071,0.7559999823570251
YDR425W,YNL262W,0,-5.986495,0.11162025481462479,0.949999988079071,0.7560999989509583
YDR075W,YOR251C,0,-5.986868,0.1116071417927742,0.949999988079071,0.7562000155448914
YPR017C,YBL061C,0,-5.986901,0.11159403622150421,0.949999988079071,0.7562999725341797
YMR156C,YBR142W,0,-5.9871645,0.11158092319965363,0.949999988079071,0.7563999891281128
YER145C,YAL003W,0,-5.987452,0.11156782507896423,0.949999988079071,0.7565000057220459
YKL183W,YML121W,0,-5.9876494,0.11155471950769424,0.949999988079071,0.756600022315979
YHL007C,YGL229C,0,-5.988427,0.11154162138700485,0.949999988079071,0.7566999793052673
YHR030C,YFL044C,0,-5.9885235,0.11152853071689606,0.949999988079071,0.7567999958992004
YPL070W,YOR195W,0,-5.9885435,0.11151543259620667,0.949999988079071,0.7569000124931335
YOR001W,YGL229C,0,-5.9886303,0.11150234937667847,0.949999988079071,0.7570000290870667
YOR047C,YKL018W,0,-5.9888926,0.11148925870656967,0.949999988079071,0.757099986076355
YBR179C,YDR311W,0,-5.989725,0.11147618293762207,0.949999988079071,0.7572000026702881
YIL098C,YOR391C,0,-5.9911776,0.11146309971809387,0.949999988079071,0.7573000192642212
YGL033W,YLR385C,0,-5.9917336,0.11145002394914627,0.949999988079071,0.7573999762535095
YGR088W,YJL063C,0,-5.9919224,0.11143694818019867,0.949999988079071,0.7574999928474426
YLR132C,YMR316W,0,-5.992746,0.11142387986183167,0.949999988079071,0.7576000094413757
YMR209C,YGR233C,0,-5.9929657,0.11141081154346466,0.949999988079071,0.7577000260353088
YGR133W,YDR410C,0,-5.993123,0.11139775067567825,0.949999988079071,0.7577999830245972
YPL157W,YOR133W,0,-5.9931965,0.11138468980789185,0.949999988079071,0.7578999996185303
YAL061W,YDL248W,0,-5.9936438,0.11137162894010544,0.949999988079071,0.7580000162124634
YDR421W,YPR194C,0,-5.9938374,0.11135857552289963,0.949999988079071,0.7580999732017517
YDR539W,YAL019W,0,-5.9939528,0.11134552210569382,0.949999988079071,0.7581999897956848
YGL085W,YNL087W,0,-5.9940453,0.1113324761390686,0.949999988079071,0.7583000063896179
YGR195W,YDR472W,0,-5.9947205,0.11131943017244339,0.949999988079071,0.758400022983551
YMR114C,YKL189W,0,-5.9948416,0.11130638420581818,0.949999988079071,0.7584999799728394
YMR231W,YDR017C,1,-5.994912,0.11141049861907959,0.9509999752044678,0.7584999799728394
YMR153W,YPR005C,0,-5.995549,0.11139744520187378,0.9509999752044678,0.7585999965667725
YNL230C,YCR030C,0,-5.995777,0.11138439923524857,0.9509999752044678,0.7587000131607056
YMR287C,YDL144C,0,-5.996072,0.11137135326862335,0.9509999752044678,0.7588000297546387
YGL131C,YPL011C,0,-5.9967585,0.11135831475257874,0.9509999752044678,0.758899986743927
YGL123W,YDR300C,0,-5.996908,0.11134527623653412,0.9509999752044678,0.7590000033378601
YGR093W,YNL062C,0,-5.997004,0.1113322377204895,0.9509999752044678,0.7591000199317932
YER185W,YKL213C,0,-5.997073,0.11131920665502548,0.9509999752044678,0.7591999769210815
YHR105W,YGL183C,0,-5.997079,0.11130618304014206,0.9509999752044678,0.7592999935150146
YBL005W,YMR308C,0,-5.9977922,0.11129315197467804,0.9509999752044678,0.7594000101089478
YNR061C,YDR367W,0,-5.997905,0.11128012835979462,0.9509999752044678,0.7595000267028809
YLR277C,YOL120C,0,-5.9987226,0.11126711219549179,0.9509999752044678,0.7595999836921692
YGL005C,YPL181W,0,-5.99891,0.11125409603118896,0.9509999752044678,0.7597000002861023
YLR394W,YER042W,0,-5.999344,0.11124107986688614,0.9509999752044678,0.7598000168800354
YPL163C,YPL011C,0,-6.000144,0.11122807115316391,0.9509999752044678,0.7598999738693237
YIL154C,YEL063C,0,-6.000373,0.11121506243944168,0.9509999752044678,0.7599999904632568
YKL117W,YKL183W,0,-6.0004797,0.11120206117630005,0.9509999752044678,0.7601000070571899
YDR390C,YER115C,0,-6.0005193,0.11118905991315842,0.9509999752044678,0.760200023651123
YAL017W,YDR523C,0,-6.001333,0.11117605865001678,0.9509999752044678,0.7602999806404114
YJL208C,YDR208W,0,-6.0014296,0.11116306483745575,0.9509999752044678,0.7603999972343445
YBR128C,YJL185C,0,-6.001438,0.11115007102489471,0.9509999752044678,0.7605000138282776
YIL134W,YJR141W,0,-6.0023413,0.11113707721233368,0.9509999752044678,0.7605999708175659
YGR041W,YNL099C,0,-6.002817,0.11112409085035324,0.9509999752044678,0.760699987411499
YDL243C,YBR170C,0,-6.0030107,0.1111111119389534,0.9509999752044678,0.7608000040054321
YIR010W,YDL227C,0,-6.003799,0.11109813302755356,0.9509999752044678,0.7609000205993652
YPL143W,YDL067C,0,-6.004881,0.11108515411615372,0.9509999752044678,0.7609999775886536
YHL024W,YFR032C-A,0,-6.0058727,0.11107218265533447,0.9509999752044678,0.7610999941825867
YPL252C,YHR008C,0,-6.006418,0.11105921119451523,0.9509999752044678,0.7612000107765198
YHR150W,YOR054C,0,-6.0064516,0.11104623973369598,0.9509999752044678,0.7613000273704529
YEL039C,YBL106C,0,-6.006464,0.11103327572345734,0.9509999752044678,0.7613999843597412
YNL075W,YBR242W,0,-6.0066442,0.11102031171321869,0.9509999752044678,0.7615000009536743
YDR504C,YFR014C,0,-6.0071163,0.11100735515356064,0.9509999752044678,0.7616000175476074
YLR039C,YGL098W,0,-6.0071783,0.11099439859390259,0.9509999752044678,0.7616999745368958
YLR119W,YBR026C,0,-6.007473,0.11098144203424454,0.9509999752044678,0.7617999911308289
YDR308C,YOR313C,0,-6.00788,0.11096849292516708,0.9509999752044678,0.761900007724762
YDR371W,YDR350C,0,-6.008275,0.11095555126667023,0.9509999752044678,0.7620000243186951
YML042W,YHR019C,0,-6.008772,0.11094260215759277,0.9509999752044678,0.7620999813079834
YGR158C,YMR292W,0,-6.0099154,0.11092966049909592,0.9509999752044678,0.7621999979019165
YLR443W,YDR156W,0,-6.009994,0.11091672629117966,0.9509999752044678,0.7623000144958496
YDL214C,YGR078C,0,-6.011732,0.1109037920832634,0.9509999752044678,0.7623999714851379
YLR403W,YOR254C,0,-6.0117865,0.11089085787534714,0.9509999752044678,0.762499988079071
YNL009W,YPL069C,0,-6.0119653,0.11087793111801147,0.9509999752044678,0.7626000046730042
YMR008C,YMR123W,0,-6.012484,0.11086500436067581,0.9509999752044678,0.7627000212669373
YOR386W,YOL153C,0,-6.0128145,0.11085207760334015,0.9509999752044678,0.7627999782562256
YDL132W,YNL204C,0,-6.013035,0.11083915829658508,0.9509999752044678,0.7628999948501587
YOR390W,YOR233W,0,-6.013752,0.11082624644041061,0.9509999752044678,0.7630000114440918
YNL314W,YBR026C,0,-6.014071,0.11081332713365555,0.9509999752044678,0.7631000280380249
YNL334C,YOL058W,0,-6.015719,0.11080042272806168,0.9509999752044678,0.7631999850273132
YLR225C,YDR105C,0,-6.01768,0.11078751087188721,0.9509999752044678,0.7633000016212463
YBR179C,YCR047C,0,-6.017978,0.11077460646629333,0.9509999752044678,0.7634000182151794
YDL245C,YBL103C,0,-6.019388,0.11076170206069946,0.9509999752044678,0.7634999752044678
YFR019W,YLR148W,1,-6.0194516,0.1108652651309967,0.9520000219345093,0.7634999752044678
YGL233W,YDR520C,0,-6.0197654,0.11085235327482224,0.9520000219345093,0.7635999917984009
YHR215W,YDR180W,0,-6.021133,0.11083944886922836,0.9520000219345093,0.763700008392334
YMR049C,YGL185C,0,-6.0217457,0.11082654446363449,0.9520000219345093,0.7638000249862671
YGR174C,YOR250C,0,-6.0224633,0.11081364005804062,0.9520000219345093,0.7638999819755554
YNL006W,YOR279C,0,-6.022599,0.11080074310302734,0.9520000219345093,0.7639999985694885
YPL018W,YLR315W,0,-6.023242,0.11078785359859467,0.9520000219345093,0.7641000151634216
YPL173W,YIL087C,0,-6.0234594,0.11077495664358139,0.9520000219345093,0.76419997215271
YML121W,YLR079W,0,-6.024414,0.11076207458972931,0.9520000219345093,0.7642999887466431
YBR106W,YDR384C,0,-6.0247407,0.11074918508529663,0.9520000219345093,0.7644000053405762
YPR048W,YKR059W,0,-6.0250697,0.11073630303144455,0.9520000219345093,0.7645000219345093
YLR009W,YDL245C,0,-6.025235,0.11072342097759247,0.9520000219345093,0.7645999789237976
YML052W,YDR180W,0,-6.026037,0.11071054637432098,0.9520000219345093,0.7646999955177307
YDR012W,YJL144W,0,-6.0260572,0.1106976717710495,0.9520000219345093,0.7648000121116638
YDL176W,YDR147W,0,-6.0278807,0.11068480461835861,0.9520000219345093,0.7649000287055969
YDL143W,YIR026C,0,-6.0279417,0.11067193746566772,0.9520000219345093,0.7649999856948853
YKL033W,YJR159W,0,-6.0285344,0.11065907031297684,0.9520000219345093,0.7651000022888184
YIL143C,YBL020W,0,-6.0292025,0.11064621061086655,0.9520000219345093,0.7652000188827515
YER044C-A,YOL132W,0,-6.0294065,0.11063335090875626,0.9520000219345093,0.7652999758720398
YMR189W,YBR168W,0,-6.0302362,0.11062049865722656,0.9520000219345093,0.7653999924659729
YAL039C,YPL149W,0,-6.030259,0.11060764640569687,0.9520000219345093,0.765500009059906
YHR071W,YOR298W,0,-6.031019,0.11059479415416718,0.9520000219345093,0.7656000256538391
YGR034W,YER185W,0,-6.0314355,0.11058194935321808,0.9520000219345093,0.7656999826431274
YMR030W,YER162C,0,-6.0315065,0.11056910455226898,0.9520000219345093,0.7657999992370605
YGL075C,YEL055C,0,-6.0321236,0.11055626720190048,0.9520000219345093,0.7659000158309937
YHR178W,YLR265C,0,-6.0321527,0.11054342985153198,0.9520000219345093,0.765999972820282
YKL148C,YGR105W,0,-6.032468,0.11053059250116348,0.9520000219345093,0.7660999894142151
YLR277C,YDR446W,0,-6.032775,0.11051776260137558,0.9520000219345093,0.7662000060081482
YDR453C,YDR511W,0,-6.0329866,0.11050493270158768,0.9520000219345093,0.7663000226020813
YBL101C,YGL128C,0,-6.033651,0.11049211025238037,0.9520000219345093,0.7663999795913696
YDL150W,YKR077W,0,-6.033659,0.11047928780317307,0.9520000219345093,0.7664999961853027
YIL144W,YLR200W,0,-6.0354614,0.11046646535396576,0.9520000219345093,0.7666000127792358
YDR214W,YAL017W,0,-6.0357494,0.11045365035533905,0.9520000219345093,0.766700029373169
YMR113W,YGL035C,0,-6.036771,0.11044083535671234,0.9520000219345093,0.7667999863624573
YER106W,YHR090C,0,-6.0371256,0.11042802780866623,0.9520000219345093,0.7669000029563904
YGR142W,YKL189W,0,-6.03749,0.11041522026062012,0.9520000219345093,0.7670000195503235
YKR083C,YNL270C,0,-6.0384445,0.110402412712574,0.9520000219345093,0.7670999765396118
YIL112W,YDL155W,0,-6.038615,0.11038961261510849,0.9520000219345093,0.7671999931335449
YHR106W,YDR511W,0,-6.03884,0.11037681251764297,0.9520000219345093,0.767300009727478
YIL084C,YDR481C,0,-6.0392637,0.11036401242017746,0.9520000219345093,0.7674000263214111
YDR439W,YDR372C,0,-6.0393186,0.11035121977329254,0.9520000219345093,0.7674999833106995
YGL013C,YDR498C,0,-6.040525,0.11033843457698822,0.9520000219345093,0.7675999999046326
YBR271W,YMR022W,0,-6.041128,0.1103256493806839,0.9520000219345093,0.7677000164985657
YMR271C,YDR066C,0,-6.0411606,0.11031286418437958,0.9520000219345093,0.767799973487854
YNL309W,YKL185W,0,-6.041164,0.11030007898807526,0.9520000219345093,0.7678999900817871
YAL029C,YDR178W,0,-6.0415187,0.11028730124235153,0.9520000219345093,0.7680000066757202
YDR425W,YBR004C,0,-6.041791,0.1102745309472084,0.9520000219345093,0.7681000232696533
YML051W,YOR093C,0,-6.0418515,0.11026175320148468,0.9520000219345093,0.7681999802589417
YLR151C,YOR372C,0,-6.0425596,0.11024899035692215,0.9520000219345093,0.7682999968528748
YMR203W,YOR009W,0,-6.0426464,0.11023622006177902,0.9520000219345093,0.7684000134468079
YIL019W,YPR035W,0,-6.0429296,0.11022345721721649,0.9520000219345093,0.7684999704360962
YIR015W,YIL097W,0,-6.043502,0.11021069437265396,0.9520000219345093,0.7685999870300293
YPL259C,YCR092C,0,-6.0438213,0.11019793897867203,0.9520000219345093,0.7687000036239624
YJL092W,YJL002C,0,-6.044871,0.1101851835846901,0.9520000219345093,0.7688000202178955
YMR042W,YHL030W,0,-6.045536,0.11017243564128876,0.9520000219345093,0.7688999772071838
YCL047C,YHR153C,0,-6.0464044,0.11015968769788742,0.9520000219345093,0.7689999938011169
YLR329W,YDR181C,0,-6.046431,0.11014693975448608,0.9520000219345093,0.76910001039505
YLR013W,YNL231C,0,-6.0469065,0.11013419926166534,0.9520000219345093,0.7692000269889832
YDR049W,YKL078W,0,-6.0471272,0.1101214587688446,0.9520000219345093,0.7692999839782715
YJR040W,YMR269W,0,-6.047183,0.11010871827602386,0.9520000219345093,0.7694000005722046
YDR188W,YOR328W,0,-6.0473404,0.11009598523378372,0.9520000219345093,0.7695000171661377
YNR058W,YPL202C,0,-6.047864,0.11008325964212418,0.9520000219345093,0.769599974155426
YKL221W,YER039C,0,-6.048567,0.11007052659988403,0.9520000219345093,0.7696999907493591
YKL179C,YPL200W,0,-6.0491266,0.11005780100822449,0.9520000219345093,0.7698000073432922
YOR032C,YOR198C,0,-6.0496974,0.11004508286714554,0.9520000219345093,0.7699000239372253
YMR240C,YBL010C,0,-6.0500937,0.11003236472606659,0.9520000219345093,0.7699999809265137
YHR207C,YMR043W,0,-6.051238,0.11001964658498764,0.9520000219345093,0.7700999975204468
YML112W,YDL123W,0,-6.0517597,0.11000693589448929,0.9520000219345093,0.7702000141143799
YKL020C,YKL183W,0,-6.0524683,0.10999422520399094,0.9520000219345093,0.7702999711036682
YDR447C,YBL046W,0,-6.0534754,0.10998151451349258,0.9520000219345093,0.7703999876976013
YDL059C,YLR139C,0,-6.0534763,0.10996881127357483,0.9520000219345093,0.7705000042915344
YFL024C,YPL222W,0,-6.053751,0.10995610803365707,0.9520000219345093,0.7706000208854675
YOR391C,YDR191W,0,-6.054143,0.10994341224431992,0.9520000219345093,0.7706999778747559
YER042W,YLL056C,0,-6.0543566,0.10993071645498276,0.9520000219345093,0.770799994468689
YFL013C,YNL068C,0,-6.0549636,0.1099180206656456,0.9520000219345093,0.7709000110626221
YNL281W,YLR393W,0,-6.055505,0.10990533232688904,0.9520000219345093,0.7710000276565552
YGR128C,YIL134W,0,-6.0563407,0.10989264398813248,0.9520000219345093,0.7710999846458435
YGR070W,YLR015W,0,-6.056508,0.10987996309995651,0.9520000219345093,0.7712000012397766
YJR031C,YHR021C,0,-6.0569386,0.10986728221178055,0.9520000219345093,0.7713000178337097
YJR159W,YDR376W,0,-6.058099,0.10985460132360458,0.9520000219345093,0.771399974822998
YIL050W,YPR178W,0,-6.058884,0.10984192788600922,0.9520000219345093,0.7714999914169312
YAL015C,YML068W,0,-6.059148,0.10982925444841385,0.9520000219345093,0.7716000080108643
YML022W,YHR105W,0,-6.05921,0.10981658846139908,0.9520000219345093,0.7717000246047974
YHL016C,YDR324C,0,-6.059363,0.10980392247438431,0.9520000219345093,0.7717999815940857
YML051W,YFL034C-B,0,-6.059983,0.10979125648736954,0.9520000219345093,0.7718999981880188
YKL043W,YNL312W,0,-6.0603275,0.10977859795093536,0.9520000219345093,0.7720000147819519
YMR049C,YBL088C,0,-6.06112,0.10976593941450119,0.9520000219345093,0.7720999717712402
YDR038C,YLL012W,0,-6.062058,0.10975328832864761,0.9520000219345093,0.7721999883651733
YER096W,YHR034C,0,-6.06235,0.10974063724279404,0.9520000219345093,0.7723000049591064
YJL080C,YMR017W,0,-6.063485,0.10972798615694046,0.9520000219345093,0.7724000215530396
YMR078C,YPL011C,0,-6.0634985,0.10971534252166748,0.9520000219345093,0.7724999785423279
YIL050W,YCR098C,0,-6.06374,0.1097026988863945,0.9520000219345093,0.772599995136261
YGR104C,YPL265W,0,-6.0639544,0.10969005525112152,0.9520000219345093,0.7727000117301941
YOL152W,YKL181W,0,-6.063989,0.10967741906642914,0.9520000219345093,0.7728000283241272
YGL247W,YLR404W,0,-6.0648875,0.10966478288173676,0.9520000219345093,0.7728999853134155
YJR112W,YBR058C,0,-6.0651417,0.10965215414762497,0.9520000219345093,0.7730000019073486
YIL049W,YLR409C,0,-6.0652122,0.10963952541351318,0.9520000219345093,0.7731000185012817
YJL059W,YML049C,0,-6.0674276,0.1096268966794014,0.9520000219345093,0.7731999754905701
YDL198C,YER044C,0,-6.067483,0.10961427539587021,0.9520000219345093,0.7732999920845032
YPL069C,YPL280W,0,-6.069159,0.10960166156291962,0.9520000219345093,0.7734000086784363
YOR363C,YIL097W,0,-6.0693645,0.10958904027938843,0.9520000219345093,0.7735000252723694
YIL169C,YDR398W,0,-6.0694976,0.10957642644643784,0.9520000219345093,0.7735999822616577
YAL013W,YPR038W,0,-6.069859,0.10956381261348724,0.9520000219345093,0.7736999988555908
YGR083C,YML005W,0,-6.0706444,0.10955120623111725,0.9520000219345093,0.7738000154495239
YGL125W,YPR200C,0,-6.0707235,0.10953859984874725,0.9520000219345093,0.7738999724388123
YPL203W,YPL012W,0,-6.0708685,0.10952600091695786,0.9520000219345093,0.7739999890327454
YFR005C,YPL186C,0,-6.071377,0.10951340198516846,0.9520000219345093,0.7741000056266785
YJR090C,YHL040C,0,-6.0720634,0.10950080305337906,0.9520000219345093,0.7742000222206116
YPL047W,YER180C,0,-6.072132,0.10948821157217026,0.9520000219345093,0.7742999792098999
YGL139W,YGR109C,0,-6.0722547,0.10947562009096146,0.9520000219345093,0.774399995803833
YMR114C,YDR166C,0,-6.0728855,0.10946303606033325,0.9520000219345093,0.7745000123977661
YBR158W,YDR207C,0,-6.073832,0.10945045202970505,0.9520000219345093,0.7746000289916992
YBR107C,YJR007W,0,-6.075038,0.10943786799907684,0.9520000219345093,0.7746999859809875
YGL145W,YDR376W,0,-6.075115,0.10942528396844864,0.9520000219345093,0.7748000025749207
YPL117C,YOR361C,0,-6.0762405,0.10941271483898163,0.9520000219345093,0.7749000191688538
YPR113W,YIL154C,0,-6.0770082,0.10940013825893402,0.9520000219345093,0.7749999761581421
YEL020C,YHR031C,0,-6.0773406,0.10938756912946701,0.9520000219345093,0.7750999927520752
YDL093W,YMR281W,0,-6.07749,0.109375,0.9520000219345093,0.7752000093460083
YJL080C,YDR143C,0,-6.0785193,0.10936243832111359,0.9520000219345093,0.7753000259399414
YLR061W,YJL167W,0,-6.078561,0.10934987664222717,0.9520000219345093,0.7753999829292297
YKR102W,YPR149W,0,-6.0786433,0.10933731496334076,0.9520000219345093,0.7754999995231628
YDR098C,YJR119C,0,-6.078875,0.10932476073503494,0.9520000219345093,0.775600016117096
YJR144W,YGL134W,0,-6.0794806,0.10931220650672913,0.9520000219345093,0.7756999731063843
YLR332W,YLL002W,0,-6.079749,0.10929965227842331,0.9520000219345093,0.7757999897003174
YDR484W,YER060W,0,-6.0807137,0.10928710550069809,0.9520000219345093,0.7759000062942505
YCL063W,YGR209C,1,-6.080818,0.10938934981822968,0.953000009059906,0.7759000062942505
YMR003W,YFL030W,0,-6.081641,0.10937679558992386,0.953000009059906,0.7760000228881836
YDL017W,YAR002W,0,-6.082185,0.10936424136161804,0.953000009059906,0.7760999798774719
YGL158W,YCL069W,0,-6.082193,0.10935169458389282,0.953000009059906,0.776199996471405
YOL072W,YKR055W,0,-6.0823245,0.1093391478061676,0.953000009059906,0.7763000130653381
YDR077W,YGL070C,0,-6.082526,0.10932660102844238,0.953000009059906,0.7764000296592712
YGR169C,YLL009C,0,-6.082824,0.10931406170129776,0.953000009059906,0.7764999866485596
YDR324C,YJL103C,0,-6.083121,0.10930152237415314,0.953000009059906,0.7766000032424927
YDR276C,YCL069W,0,-6.083536,0.10928899049758911,0.953000009059906,0.7767000198364258
YPL163C,YOR368W,0,-6.0842795,0.10927645862102509,0.953000009059906,0.7767999768257141
YMR182C,YNL273W,0,-6.0844517,0.10926392674446106,0.953000009059906,0.7768999934196472
YDR144C,YDR392W,0,-6.08461,0.10925140231847763,0.953000009059906,0.7770000100135803
YNR023W,YDR257C,0,-6.084831,0.1092388778924942,0.953000009059906,0.7771000266075134
YBR279W,YDR261C,0,-6.084899,0.10922636091709137,0.953000009059906,0.7771999835968018
YJL179W,YLR228C,0,-6.086375,0.10921384394168854,0.953000009059906,0.7773000001907349
YHR047C,YHR082C,0,-6.086419,0.1092013269662857,0.953000009059906,0.777400016784668
YDR106W,YPR038W,0,-6.088377,0.10918881744146347,0.953000009059906,0.7774999737739563
YJL005W,YHR160C,0,-6.089436,0.10917630791664124,0.953000009059906,0.7775999903678894
YOR301W,YDR385W,0,-6.090864,0.1091638058423996,0.953000009059906,0.7777000069618225
YHR214C-B,YDL060W,0,-6.091139,0.10915129631757736,0.953000009059906,0.7778000235557556
YMR210W,YBR267W,0,-6.092231,0.10913880169391632,0.953000009059906,0.777899980545044
YNL314W,YJR048W,0,-6.092458,0.10912629961967468,0.953000009059906,0.777999997138977
YLR390W,YPL132W,0,-6.092593,0.10911380499601364,0.953000009059906,0.7781000137329102
YPL173W,YHR081W,0,-6.093588,0.1091013178229332,0.953000009059906,0.7781999707221985
YOR061W,YBR058C,0,-6.094754,0.10908883064985275,0.953000009059906,0.7782999873161316
YGR133W,YOR361C,0,-6.094996,0.10907634347677231,0.953000009059906,0.7784000039100647
YMR312W,YNL258C,0,-6.095066,0.10906385630369186,0.953000009059906,0.7785000205039978
YPL090C,YOR313C,0,-6.0952845,0.10905137658119202,0.953000009059906,0.7785999774932861
YMR198W,YDR069C,0,-6.095706,0.10903890430927277,0.953000009059906,0.7786999940872192
YLR330W,YDR204W,0,-6.096274,0.10902642458677292,0.953000009059906,0.7788000106811523
YIL014W,YCR046C,0,-6.0975375,0.10901395231485367,0.953000009059906,0.7789000272750854
YLR113W,YDR337W,0,-6.0975575,0.10900148749351501,0.953000009059906,0.7789999842643738
YMR096W,YGR289C,0,-6.098381,0.10898902267217636,0.953000009059906,0.7791000008583069
YHL032C,YBR073W,0,-6.09869,0.10897655785083771,0.953000009059906,0.77920001745224
YPL208W,YCL064C,0,-6.0991583,0.10896410048007965,0.953000009059906,0.7792999744415283
YBL013W,YBR162C,0,-6.0993223,0.1089516431093216,0.953000009059906,0.7793999910354614
YNL123W,YDR093W,0,-6.099679,0.10893918573856354,0.953000009059906,0.7795000076293945
YOR358W,YGL017W,0,-6.100377,0.10892673581838608,0.953000009059906,0.7796000242233276
YMR091C,YKR031C,0,-6.100836,0.10891428589820862,0.953000009059906,0.779699981212616
YLR013W,YPR038W,0,-6.100951,0.10890184342861176,0.953000009059906,0.7797999978065491
YGL131C,YER066W,0,-6.1010656,0.1088893935084343,0.953000009059906,0.7799000144004822
YMR032W,YLR457C,0,-6.1017075,0.10887695848941803,0.953000009059906,0.7799999713897705
YFR019W,YER072W,1,-6.1019907,0.1089787557721138,0.9539999961853027,0.7799999713897705
YMR048W,YLL022C,0,-6.102904,0.10896630585193634,0.9539999961853027,0.7800999879837036
YHR100C,YNL164C,0,-6.1031814,0.10895386338233948,0.9539999961853027,0.7802000045776367
YLR026C,YLL013C,0,-6.1036224,0.10894142091274261,0.9539999961853027,0.7803000211715698
YJL005W,YGR033C,0,-6.104045,0.10892897844314575,0.9539999961853027,0.7803999781608582
YAR071W,YKR082W,0,-6.1041126,0.10891654342412949,0.9539999961853027,0.7804999947547913
YJL059W,YGL023C,0,-6.1056232,0.10890410840511322,0.9539999961853027,0.7806000113487244
YKR022C,YJL127C,0,-6.1062346,0.10889168083667755,0.9539999961853027,0.7807000279426575
YKL024C,YOL052C-A,0,-6.1066093,0.10887925326824188,0.9539999961853027,0.7807999849319458
YIL016W,YKL209C,0,-6.1070056,0.10886682569980621,0.9539999961853027,0.7809000015258789
YPR158W,YJR151C,0,-6.107147,0.10885440558195114,0.9539999961853027,0.781000018119812
YGR075C,YHR184W,0,-6.107972,0.10884198546409607,0.9539999961853027,0.7810999751091003
YGL087C,YER185W,0,-6.108404,0.108829565346241,0.9539999961853027,0.7811999917030334
YML114C,YJL106W,0,-6.109317,0.10881715267896652,0.9539999961853027,0.7813000082969666
YDR446W,YLR024C,0,-6.1095414,0.10880474746227264,0.9539999961853027,0.7814000248908997
YHR152W,YGL064C,0,-6.110401,0.10879233479499817,0.9539999961853027,0.781499981880188
YFL026W,YAL043C,0,-6.11049,0.10877992957830429,0.9539999961853027,0.7815999984741211
YMR189W,YPL200W,0,-6.110733,0.10876753181219101,0.9539999961853027,0.7817000150680542
YCL025C,YOL105C,0,-6.1122866,0.10875512659549713,0.9539999961853027,0.7817999720573425
YMR321C,YIR012W,0,-6.112344,0.10874273627996445,0.9539999961853027,0.7818999886512756
YJL080C,YJL059W,0,-6.1126275,0.10873033851385117,0.9539999961853027,0.7820000052452087
YDR524C,YPR179C,0,-6.1127424,0.10871794819831848,0.9539999961853027,0.7821000218391418
YGL019W,YPL082C,0,-6.113003,0.1087055578827858,0.9539999961853027,0.7821999788284302
YAR010C,YJR028W,0,-6.1146073,0.10869317501783371,0.9539999961853027,0.7822999954223633
YLR066W,YHR194W,0,-6.114704,0.10868079215288162,0.9539999961853027,0.7824000120162964
YBR187W,YCR005C,0,-6.1148014,0.10866841673851013,0.9539999961853027,0.7825000286102295
YHL038C,YDR028C,0,-6.115477,0.10865603387355804,0.9539999961853027,0.7825999855995178
YKL216W,YKL011C,0,-6.1160827,0.10864366590976715,0.9539999961853027,0.7827000021934509
YML069W,YML016C,0,-6.116167,0.10863129049539566,0.9539999961853027,0.782800018787384
YJR145C,YJL025W,0,-6.116338,0.10861892253160477,0.9539999961853027,0.7828999757766724
YML128C,YGR033C,0,-6.1166773,0.10860655456781387,0.9539999961853027,0.7829999923706055
YOR299W,YEL042W,0,-6.1167965,0.10859419405460358,0.9539999961853027,0.7831000089645386
YML081C-A,YPL089C,0,-6.117277,0.10858183354139328,0.9539999961853027,0.7832000255584717
YJL184W,YOR374W,0,-6.118364,0.10856948047876358,0.9539999961853027,0.78329998254776
YGL180W,YGL085W,0,-6.119721,0.10855711996555328,0.9539999961853027,0.7833999991416931
YOR262W,YPR187W,0,-6.1200867,0.10854477435350418,0.9539999961853027,0.7835000157356262
YDR096W,YKR055W,0,-6.120394,0.10853242129087448,0.9539999961853027,0.7835999727249146
YHR070W,YER055C,0,-6.120674,0.10852007567882538,0.9539999961853027,0.7836999893188477
YDR473C,YLR348C,0,-6.1212063,0.10850773751735687,0.9539999961853027,0.7838000059127808
YJL207C,YBR104W,0,-6.121291,0.10849539190530777,0.9539999961853027,0.7839000225067139
YHR206W,YOR258W,0,-6.1223207,0.10848305374383926,0.9539999961853027,0.7839999794960022
YFR022W,YNL218W,0,-6.123602,0.10847072303295135,0.9539999961853027,0.7840999960899353
YGL170C,YNL160W,0,-6.1236315,0.10845839232206345,0.9539999961853027,0.7842000126838684
YDR337W,YLR425W,0,-6.1248627,0.10844606161117554,0.9539999961853027,0.7843000292778015
YHR025W,YIR017C,0,-6.1258707,0.10843373835086823,0.9539999961853027,0.7843999862670898
YKL078W,YDR511W,0,-6.1261024,0.10842141509056091,0.9539999961853027,0.784500002861023
YCR034W,YFL034C-B,0,-6.126516,0.1084090918302536,0.9539999961853027,0.784600019454956
YMR002W,YNL047C,0,-6.127269,0.10839677602052689,0.9539999961853027,0.7846999764442444
YDL233W,YDR101C,0,-6.128607,0.10838446021080017,0.9539999961853027,0.7847999930381775
YLR167W,YOR066W,0,-6.129553,0.10837214440107346,0.9539999961853027,0.7849000096321106
YFL010W-A,YHR110W,0,-6.1304994,0.10835983604192734,0.9539999961853027,0.7850000262260437
YCL063W,YJR033C,1,-6.131837,0.10846110433340073,0.9549999833106995,0.7850000262260437
YNR060W,YGL237C,0,-6.1318913,0.10844878852367401,0.9549999833106995,0.785099983215332
YCL063W,YOR326W,1,-6.1324005,0.10855001956224442,0.9559999704360962,0.785099983215332
YKL035W,YPL097W,0,-6.132698,0.1085376963019371,0.9559999704360962,0.7851999998092651
YGR158C,YLR246W,0,-6.1327357,0.10852537304162979,0.9559999704360962,0.7853000164031982
YDL017W,YJR057W,0,-6.132823,0.10851304978132248,0.9559999704360962,0.7853999733924866
YNL073W,YGR179C,0,-6.132903,0.10850074142217636,0.9559999704360962,0.7854999899864197
YOL011W,YDR178W,0,-6.133453,0.10848842561244965,0.9559999704360962,0.7856000065803528
YPL006W,YKR076W,0,-6.1334743,0.10847611725330353,0.9559999704360962,0.7857000231742859
YBL021C,YGL130W,0,-6.13455,0.10846380889415741,0.9559999704360962,0.7857999801635742
YFR014C,YGL089C,0,-6.1357746,0.10845150053501129,0.9559999704360962,0.7858999967575073
YEL012W,YLR222C,0,-6.136007,0.10843919962644577,0.9559999704360962,0.7860000133514404
YPR101W,YKR071C,0,-6.1360435,0.10842690616846085,0.9559999704360962,0.7860999703407288
YNL126W,YBL011W,0,-6.1363792,0.10841460525989532,0.9559999704360962,0.7861999869346619
YPL111W,YGL206C,0,-6.136843,0.1084023118019104,0.9559999704360962,0.786300003528595
YFL037W,YKR076W,0,-6.137453,0.10839002579450607,0.9559999704360962,0.7864000201225281
YLR443W,YHL013C,0,-6.138093,0.10837773233652115,0.9559999704360962,0.7864999771118164
YJL058C,YKR049C,0,-6.138241,0.10836544632911682,0.9559999704360962,0.7865999937057495
YLR088W,YOR260W,0,-6.1386247,0.10835316777229309,0.9559999704360962,0.7867000102996826
YPL212C,YKR098C,0,-6.1388993,0.10834088921546936,0.9559999704360962,0.7868000268936157
YDL214C,YOL094C,0,-6.14044,0.10832861065864563,0.9559999704360962,0.786899983882904
YGL215W,YIL079C,0,-6.140443,0.1083163395524025,0.9559999704360962,0.7870000004768372
YKL193C,YNL002C,0,-6.1409883,0.10830406844615936,0.9559999704360962,0.7871000170707703
YDR346C,YNL094W,0,-6.1423616,0.10829179733991623,0.9559999704360962,0.7871999740600586
YMR218C,YBL098W,0,-6.1427355,0.10827953368425369,0.9559999704360962,0.7872999906539917
YOR006C,YIL158W,0,-6.143158,0.10826727002859116,0.9559999704360962,0.7874000072479248
YDL104C,YFL033C,0,-6.1439805,0.10825501382350922,0.9559999704360962,0.7875000238418579
YDR096W,YGR224W,0,-6.144042,0.10824275016784668,0.9559999704360962,0.7875999808311462
YOL096C,YKL009W,0,-6.144569,0.10823050141334534,0.9559999704360962,0.7876999974250793
YNL022C,YGR005C,0,-6.14491,0.1082182452082634,0.9559999704360962,0.7878000140190125
YHR014W,YDR465C,0,-6.1450596,0.10820599645376205,0.9559999704360962,0.7878999710083008
YNL063W,YOL066C,0,-6.145591,0.10819375514984131,0.9559999704360962,0.7879999876022339
YJR158W,YER049W,0,-6.1456985,0.10818150639533997,0.9559999704360962,0.788100004196167
YLR348C,YHL038C,0,-6.146112,0.10816927254199982,0.9559999704360962,0.7882000207901001
YPL009C,YFR030W,0,-6.1461554,0.10815703123807907,0.9559999704360962,0.7882999777793884
YDL008W,YLR362W,0,-6.14697,0.10814479738473892,0.9559999704360962,0.7883999943733215
YEL016C,YNR075W,0,-6.1473055,0.10813256353139877,0.9559999704360962,0.7885000109672546
YOR023C,YGR095C,0,-6.148174,0.10812033712863922,0.9559999704360962,0.7886000275611877
YGL256W,YHR103W,0,-6.148658,0.10810811072587967,0.9559999704360962,0.7886999845504761
YIL143C,YKL020C,0,-6.149639,0.10809588432312012,0.9559999704360962,0.7888000011444092
YOR382W,YKR014C,0,-6.150037,0.10808366537094116,0.9559999704360962,0.7889000177383423
YDR223W,YML102W,0,-6.1502275,0.10807144641876221,0.9559999704360962,0.7889999747276306
YBR101C,YDR437W,0,-6.150481,0.10805922746658325,0.9559999704360962,0.7890999913215637
YPR178W,YCR043C,0,-6.1506405,0.1080470159649849,0.9559999704360962,0.7892000079154968
YNR053C,YFL017C,0,-6.151087,0.10803480446338654,0.9559999704360962,0.7893000245094299
YHR090C,YER056C,0,-6.152296,0.10802260041236877,0.9559999704360962,0.7893999814987183
YBL004W,YLR441C,0,-6.1527743,0.10801039636135101,0.9559999704360962,0.7894999980926514
YLR023C,YBR170C,0,-6.153022,0.10799819231033325,0.9559999704360962,0.7896000146865845
YKR031C,YLR084C,0,-6.153597,0.10798599570989609,0.9559999704360962,0.7896999716758728
YJL184W,YOR250C,0,-6.155699,0.10797379910945892,0.9559999704360962,0.7897999882698059
YPL148C,YGR082W,0,-6.1570487,0.10796160250902176,0.9559999704360962,0.789900004863739
YER127W,YDR046C,0,-6.1573043,0.10794941335916519,0.9559999704360962,0.7900000214576721
YDR436W,YGL201C,0,-6.157587,0.10793722420930862,0.9559999704360962,0.7900999784469604
YCR081W,YIR017C,0,-6.1576977,0.10792504251003265,0.9559999704360962,0.7901999950408936
YMR152W,YOR059C,0,-6.1582932,0.10791285336017609,0.9559999704360962,0.7903000116348267
YNL245C,YBR272C,0,-6.1585298,0.10790067911148071,0.9559999704360962,0.7904000282287598
YIL065C,YJR092W,0,-6.158981,0.10788849741220474,0.9559999704360962,0.7904999852180481
YOR100C,YER106W,0,-6.159336,0.10787632316350937,0.9559999704360962,0.7906000018119812
YML059C,YJL176C,0,-6.1594467,0.10786415636539459,0.9559999704360962,0.7907000184059143
YDL036C,YBL087C,0,-6.160338,0.10785198211669922,0.9559999704360962,0.7907999753952026
YGR057C,YJR053W,0,-6.1606317,0.10783982276916504,0.9559999704360962,0.7908999919891357
YLR320W,YGL258W,0,-6.16136,0.10782765597105026,0.9559999704360962,0.7910000085830688
YKL035W,YDR480W,0,-6.1614885,0.10781549662351608,0.9559999704360962,0.791100025177002
YIL115C,YIL064W,0,-6.1619296,0.1078033372759819,0.9559999704360962,0.7911999821662903
YHR090C,YOL098C,0,-6.1620193,0.10779118537902832,0.9559999704360962,0.7912999987602234
YKR049C,YBR126C,0,-6.162873,0.10777903348207474,0.9559999704360962,0.7914000153541565
YER019W,YER147C,0,-6.1630735,0.10776688158512115,0.9559999704360962,0.7914999723434448
YOR204W,YFL034C-B,0,-6.1633883,0.10775473713874817,0.9559999704360962,0.7915999889373779
YER091C,YOR104W,0,-6.163968,0.10774259269237518,0.9559999704360962,0.791700005531311
YLL035W,YGR167W,0,-6.1640177,0.1077304482460022,0.9559999704360962,0.7918000221252441
YJL080C,YCR092C,0,-6.1651287,0.10771831125020981,0.9559999704360962,0.7918999791145325
YCR020W-B,YDR523C,0,-6.1654224,0.10770617425441742,0.9559999704360962,0.7919999957084656
YBL054W,YML106W,0,-6.165697,0.10769403725862503,0.9559999704360962,0.7921000123023987
YHR082C,YIL121W,0,-6.166461,0.10768190771341324,0.9559999704360962,0.7922000288963318
YBL089W,YBR208C,0,-6.1683674,0.10766978561878204,0.9559999704360962,0.7922999858856201
YBL097W,YLL043W,0,-6.168394,0.10765765607357025,0.9559999704360962,0.7924000024795532
YCL010C,YOR260W,0,-6.1685886,0.10764553397893906,0.9559999704360962,0.7925000190734863
YFR019W,YBR080C,1,-6.1687293,0.10774600505828857,0.9570000171661377,0.7925000190734863
YDR475C,YEL071W,0,-6.1690693,0.10773387551307678,0.9570000171661377,0.7925999760627747
YJR051W,YKL203C,0,-6.171167,0.10772174596786499,0.9570000171661377,0.7926999926567078
YDR503C,YAR035W,0,-6.171249,0.1077096238732338,0.9570000171661377,0.7928000092506409
YEL004W,YMR277W,0,-6.1716995,0.1076975017786026,0.9570000171661377,0.792900025844574
YJR119C,YJL192C,0,-6.171847,0.1076853796839714,0.9570000171661377,0.7929999828338623
YLR044C,YOL158C,0,-6.1729755,0.1076732650399208,0.9570000171661377,0.7930999994277954
YGL226W,YER132C,0,-6.173507,0.1076611578464508,0.9570000171661377,0.7932000160217285
YNL173C,YOL056W,0,-6.173908,0.10764904320240021,0.9570000171661377,0.7932999730110168
YER174C,YER179W,0,-6.174265,0.1076369360089302,0.9570000171661377,0.79339998960495
YBR231C,YDR172W,0,-6.1742663,0.1076248288154602,0.9570000171661377,0.7935000061988831
YPR141C,YER045C,0,-6.175815,0.1076127290725708,0.9570000171661377,0.7936000227928162
YCL037C,YOR210W,0,-6.176302,0.1076006293296814,0.9570000171661377,0.7936999797821045
YPL140C,YGL255W,0,-6.176323,0.10758852958679199,0.9570000171661377,0.7937999963760376
YFL047W,YOR266W,0,-6.176558,0.10757643729448318,0.9570000171661377,0.7939000129699707
YPL193W,YBR186W,0,-6.1765757,0.10756434500217438,0.9570000171661377,0.7940000295639038
YDR039C,YHR105W,0,-6.17736,0.10755226016044617,0.9570000171661377,0.7940999865531921
YDR380W,YOR382W,0,-6.1774893,0.10754017531871796,0.9570000171661377,0.7942000031471252
YOL075C,YIL009W,0,-6.1782026,0.10752809047698975,0.9570000171661377,0.7943000197410583
YLR289W,YFR043C,0,-6.1806984,0.10751601308584213,0.9570000171661377,0.7943999767303467
YDR125C,YJL168C,0,-6.18179,0.10750392824411392,0.9570000171661377,0.7944999933242798
YBR018C,YJL156C,0,-6.181972,0.1074918583035469,0.9570000171661377,0.7946000099182129
YKL195W,YNL299W,0,-6.182016,0.10747978091239929,0.9570000171661377,0.794700026512146
YIL134W,YOR213C,0,-6.182234,0.10746771842241287,0.9570000171661377,0.7947999835014343
YMR092C,YNL194C,0,-6.1826506,0.10745564848184586,0.9570000171661377,0.7949000000953674
YLR186W,YGL153W,0,-6.1830516,0.10744358599185944,0.9570000171661377,0.7950000166893005
YLR387C,YDR362C,0,-6.183648,0.10743152350187302,0.9570000171661377,0.7950999736785889
YNL196C,YLL033W,0,-6.183672,0.1074194610118866,0.9570000171661377,0.795199990272522
YLR277C,YER162C,0,-6.1839046,0.10740740597248077,0.9570000171661377,0.7953000068664551
YKL060C,YGR187C,0,-6.1840296,0.10739535093307495,0.9570000171661377,0.7954000234603882
YDR001C,YDL134C,0,-6.184308,0.10738330334424973,0.9570000171661377,0.7954999804496765
YGL095C,YBL050W,1,-6.1844215,0.10748345404863358,0.9580000042915344,0.7954999804496765
YDR078C,YPR190C,0,-6.1846647,0.10747139155864716,0.9580000042915344,0.7955999970436096
YCR020C-A,YFR034C,0,-6.1847253,0.10745933651924133,0.9580000042915344,0.7957000136375427
YKL081W,YBR295W,0,-6.1847916,0.10744728893041611,0.9580000042915344,0.795799970626831
YGL215W,YPL126W,0,-6.1851892,0.10743523389101028,0.9580000042915344,0.7958999872207642
YIL009W,YJR064W,0,-6.185672,0.10742318630218506,0.9580000042915344,0.7960000038146973
YDR261C,YPL167C,0,-6.1857347,0.10741114616394043,0.9580000042915344,0.7961000204086304
YGR217W,YKR021W,0,-6.1860347,0.1073991060256958,0.9580000042915344,0.7961999773979187
YGR234W,YIR036C,0,-6.1863956,0.10738706588745117,0.9580000042915344,0.7962999939918518
YDR495C,YDL077C,1,-6.18686,0.10748711228370667,0.9589999914169312,0.7962999939918518
YNL129W,YEL072W,0,-6.187369,0.10747506469488144,0.9589999914169312,0.7964000105857849
YGR145W,YMR226C,0,-6.1874948,0.10746302455663681,0.9589999914169312,0.796500027179718
YLL057C,YMR247C,0,-6.1875715,0.10745097696781158,0.9589999914169312,0.7965999841690063
YLR037C,YOL066C,0,-6.1877704,0.10743894428014755,0.9589999914169312,0.7967000007629395
YBL021C,YKL081W,0,-6.188592,0.10742690414190292,0.9589999914169312,0.7968000173568726
YER167W,YFL013C,0,-6.188617,0.10741487145423889,0.9589999914169312,0.7968999743461609
YLR382C,YPL237W,0,-6.1892886,0.10740284621715546,0.9589999914169312,0.796999990940094
YHR194W,YDR089W,0,-6.1892996,0.10739082098007202,0.9589999914169312,0.7971000075340271
YIL125W,YCR063W,0,-6.190931,0.10737879574298859,0.9589999914169312,0.7972000241279602
YPL050C,YNL262W,0,-6.191286,0.10736677050590515,0.9589999914169312,0.7972999811172485
YCL027W,YDR160W,0,-6.1913466,0.10735475271940231,0.9589999914169312,0.7973999977111816
YAL013W,YJR075W,0,-6.191482,0.10734273493289948,0.9589999914169312,0.7975000143051147
YPL174C,YML071C,0,-6.1924677,0.10733072459697723,0.9589999914169312,0.7975999712944031
YHR206W,YEL009C,0,-6.1927347,0.10731871426105499,0.9589999914169312,0.7976999878883362
YDR500C,YHL007C,0,-6.192995,0.10730670392513275,0.9589999914169312,0.7978000044822693
YPR144C,YKL197C,0,-6.1931324,0.10729469358921051,0.9589999914169312,0.7979000210762024
YMR273C,YDR359C,0,-6.1934023,0.10728269070386887,0.9589999914169312,0.7979999780654907
YKR007W,YLR148W,1,-6.194093,0.10738255083560944,0.9599999785423279,0.7979999780654907
YLR298C,YGL100W,0,-6.194766,0.1073705404996872,0.9599999785423279,0.7980999946594238
YNL231C,YLR222C,0,-6.196882,0.10735853016376495,0.9599999785423279,0.7982000112533569
YML022W,YDR350C,0,-6.1977606,0.10734652727842331,0.9599999785423279,0.79830002784729
YPL242C,YPR169W,0,-6.19828,0.10733452439308167,0.9599999785423279,0.7983999848365784
YIL160C,YCL035C,0,-6.1983395,0.10732252895832062,0.9599999785423279,0.7985000014305115
YJL125C,YOL070C,0,-6.198446,0.10731053352355957,0.9599999785423279,0.7986000180244446
YDR219C,YOL120C,0,-6.1986284,0.10729853808879852,0.9599999785423279,0.7986999750137329
YKL156W,YLR018C,0,-6.1995735,0.10728654265403748,0.9599999785423279,0.798799991607666
YMR321C,YIL142W,0,-6.199916,0.10727455466985703,0.9599999785423279,0.7989000082015991
YJL106W,YDL155W,0,-6.200123,0.10726256668567657,0.9599999785423279,0.7990000247955322
YJR131W,YHR199C,0,-6.201581,0.10725058615207672,0.9599999785423279,0.7990999817848206
YBR272C,YNL113W,0,-6.201707,0.10723860561847687,0.9599999785423279,0.7991999983787537
YMR165C,YDR430C,0,-6.2018814,0.10722662508487701,0.9599999785423279,0.7993000149726868
YIL006W,YHR014W,0,-6.2021728,0.10721465200185776,0.9599999785423279,0.7993999719619751
YPL280W,YIL132C,0,-6.2025375,0.1072026789188385,0.9599999785423279,0.7994999885559082
YIL176C,YOR335C,0,-6.2027426,0.10719071328639984,0.9599999785423279,0.7996000051498413
YLR435W,YML030W,0,-6.2027473,0.10717874020338058,0.9599999785423279,0.7997000217437744
YJL080C,YCR032W,0,-6.202897,0.10716678202152252,0.9599999785423279,0.7997999787330627
YIL096C,YPR082C,0,-6.2029734,0.10715481638908386,0.9599999785423279,0.7998999953269958
YLR013W,YDR329C,0,-6.20372,0.1071428582072258,0.9599999785423279,0.800000011920929
YDR108W,YMR323W,0,-6.203767,0.10713090002536774,0.9599999785423279,0.8001000285148621
YER025W,YGL237C,0,-6.203827,0.10711894929409027,0.9599999785423279,0.8001999855041504
YKL093W,YDL061C,0,-6.204217,0.1071069985628128,0.9599999785423279,0.8003000020980835
YHL024W,YDR465C,0,-6.2043285,0.10709504783153534,0.9599999785423279,0.8004000186920166
YGR007W,YNL186W,0,-6.204648,0.10708310455083847,0.9599999785423279,0.8004999756813049
YMR156C,YCR104W,0,-6.2053967,0.1070711612701416,0.9599999785423279,0.800599992275238
YDR423C,YPR121W,0,-6.2061644,0.10705921798944473,0.9599999785423279,0.8007000088691711
YDR324C,YPL186C,0,-6.206195,0.10704728215932846,0.9599999785423279,0.8008000254631042
YMR160W,YAL017W,0,-6.206817,0.10703534632921219,0.9599999785423279,0.8008999824523926
YMR288W,YBL026W,0,-6.207504,0.10702341049909592,0.9599999785423279,0.8009999990463257
YNL136W,YJL058C,0,-6.208996,0.10701148211956024,0.9599999785423279,0.8011000156402588
YIL091C,YHR005C,0,-6.2090178,0.10699955374002457,0.9599999785423279,0.8011999726295471
YPR111W,YGR142W,0,-6.210966,0.10698763281106949,0.9599999785423279,0.8012999892234802
YPL027W,YNR002C,0,-6.2110467,0.10697570443153381,0.9599999785423279,0.8014000058174133
YOL129W,YLR139C,0,-6.2114534,0.10696379095315933,0.9599999785423279,0.8015000224113464
YKR105C,YAL034W-A,0,-6.2114553,0.10695187002420425,0.9599999785423279,0.8015999794006348
YHL047C,YPR124W,0,-6.2122297,0.10693995654582977,0.9599999785423279,0.8016999959945679
YOR174W,YNL299W,0,-6.2127075,0.10692804306745529,0.9599999785423279,0.801800012588501
YLR396C,YKR007W,1,-6.212943,0.10702750831842422,0.9610000252723694,0.801800012588501
YNL325C,YJL092W,0,-6.2132883,0.10701558738946915,0.9610000252723694,0.8019000291824341
YMR104C,YFL020C,0,-6.21355,0.10700367391109467,0.9610000252723694,0.8019999861717224
YKL218C,YBR208C,0,-6.214382,0.10699176043272018,0.9610000252723694,0.8021000027656555
YPL193W,YBR162W-A,0,-6.21445,0.1069798544049263,0.9610000252723694,0.8022000193595886
YDR059C,YGR261C,0,-6.214844,0.10696794092655182,0.9610000252723694,0.802299976348877
YPL231W,YPR169W,0,-6.2149096,0.10695603489875793,0.9610000252723694,0.8023999929428101
YPL184C,YGL006W,0,-6.2153187,0.10694413632154465,0.9610000252723694,0.8025000095367432
YPL092W,YFL025C,0,-6.2154713,0.10693223774433136,0.9610000252723694,0.8026000261306763
YJL059W,YER114C,0,-6.216029,0.10692033916711807,0.9610000252723694,0.8026999831199646
YBR103W,YEL063C,0,-6.216105,0.10690844058990479,0.9610000252723694,0.8027999997138977
YOL038W,YBR278W,0,-6.216523,0.1068965494632721,0.9610000252723694,0.8029000163078308
YGR116W,YML030W,0,-6.217061,0.10688466578722,0.9610000252723694,0.8029999732971191
YLR436C,YJR110W,0,-6.217372,0.10687277466058731,0.9610000252723694,0.8030999898910522
YOL141W,YJL097W,0,-6.2177124,0.10686089098453522,0.9610000252723694,0.8032000064849854
YFL024C,YPR010C,0,-6.2182674,0.10684900730848312,0.9610000252723694,0.8033000230789185
YGR225W,YOL133W,0,-6.218513,0.10683713108301163,0.9610000252723694,0.8033999800682068
YFL047W,YBR152W,0,-6.218866,0.10682525485754013,0.9610000252723694,0.8034999966621399
YIL091C,YDL201W,0,-6.2191715,0.10681337863206863,0.9610000252723694,0.803600013256073
YBL076C,YIL099W,0,-6.220086,0.10680150985717773,0.9610000252723694,0.8036999702453613
YAL002W,YAL038W,0,-6.220858,0.10678964108228683,0.9610000252723694,0.8037999868392944
YOR188W,YPR180W,0,-6.221266,0.10677777975797653,0.9610000252723694,0.8039000034332275
YFL026W,YHR151C,0,-6.2213793,0.10676591843366623,0.9610000252723694,0.8040000200271606
YDR103W,YOL041C,0,-6.2220964,0.10675405710935593,0.9610000252723694,0.804099977016449
YDR103W,YIL075C,0,-6.222807,0.10674219578504562,0.9610000252723694,0.8041999936103821
YNL062C,YBR279W,0,-6.2230015,0.10673034191131592,0.9610000252723694,0.8043000102043152
YGL099W,YGR150C,0,-6.223161,0.10671848803758621,0.9610000252723694,0.8044000267982483
YLR174W,YOR216C,0,-6.2238173,0.1067066416144371,0.9610000252723694,0.8044999837875366
YKR035W-A,YDR492W,0,-6.2245297,0.106694795191288,0.9610000252723694,0.8046000003814697
YBR214W,YOL049W,0,-6.2247663,0.10668294876813889,0.9610000252723694,0.8047000169754028
YGL157W,YNR065C,0,-6.225096,0.10667110979557037,0.9610000252723694,0.8047999739646912
YGR070W,YOR298W,0,-6.225198,0.10665927082300186,0.9610000252723694,0.8048999905586243
YCL066W,YGR240C,0,-6.226028,0.10664743185043335,0.9610000252723694,0.8050000071525574
YGR036C,YHR151C,0,-6.2263646,0.10663560032844543,0.9610000252723694,0.8051000237464905
YLL040C,YKR038C,0,-6.227096,0.10662376880645752,0.9610000252723694,0.8051999807357788
YBL032W,YNL316C,0,-6.2282667,0.1066119372844696,0.9610000252723694,0.8052999973297119
YPR101W,YJR127C,0,-6.2286797,0.10660011321306229,0.9610000252723694,0.805400013923645
YOR260W,YLR357W,0,-6.228983,0.10658828914165497,0.9610000252723694,0.8054999709129333
YGR068C,YPL001W,0,-6.229374,0.10657646507024765,0.9610000252723694,0.8055999875068665
YBR020W,YML016C,0,-6.2295227,0.10656464844942093,0.9610000252723694,0.8057000041007996
YKL132C,YKL193C,0,-6.229846,0.10655283182859421,0.9610000252723694,0.8058000206947327
YIR033W,YDL047W,0,-6.229911,0.10654102265834808,0.9610000252723694,0.805899977684021
YCR071C,YHR105W,0,-6.2305098,0.10652920603752136,0.9610000252723694,0.8059999942779541
YJL192C,YGR004W,0,-6.2311254,0.10651740431785583,0.9610000252723694,0.8061000108718872
YHR138C,YMR197C,1,-6.2314014,0.10661642253398895,0.9620000123977661,0.8061000108718872
YNL232W,YPL132W,0,-6.23209,0.10660461336374283,0.9620000123977661,0.8062000274658203
YNL218W,YGR224W,0,-6.2333946,0.10659279674291611,0.9620000123977661,0.8062999844551086
YMR244W,YAR002C-A,0,-6.2335167,0.10658098757266998,0.9620000123977661,0.8064000010490417
YML023C,YKL114C,0,-6.233737,0.10656917840242386,0.9620000123977661,0.8065000176429749
YGR154C,YBL004W,0,-6.2339745,0.10655737668275833,0.9620000123977661,0.8065999746322632
YGL089C,YLR250W,0,-6.235053,0.1065455749630928,0.9620000123977661,0.8066999912261963
YKL105C,YOL063C,0,-6.235314,0.10653377324342728,0.9620000123977661,0.8068000078201294
YJR094C,YOL080C,0,-6.2361574,0.10652197897434235,0.9620000123977661,0.8069000244140625
YJL092W,YMR096W,0,-6.236438,0.10651018470525742,0.9620000123977661,0.8069999814033508
YBR081C,YCR084C,0,-6.236781,0.10649839788675308,0.9620000123977661,0.8070999979972839
YNL326C,YDR065W,1,-6.2373395,0.10659729689359665,0.9629999995231628,0.8070999979972839
YDR108W,YPL119C,0,-6.238041,0.10658550262451172,0.9629999995231628,0.807200014591217
YKL092C,YIL003W,0,-6.238055,0.10657370835542679,0.9629999995231628,0.8072999715805054
YNR046W,YHR168W,0,-6.23862,0.10656191408634186,0.9629999995231628,0.8073999881744385
YIL011W,YGL018C,0,-6.23998,0.10655011981725693,0.9629999995231628,0.8075000047683716
YGL187C,YDR350C,0,-6.2416162,0.1065383329987526,0.9629999995231628,0.8076000213623047
YER133W,YDR365C,0,-6.242646,0.10652654618024826,0.9629999995231628,0.807699978351593
YPL143W,YIL158W,0,-6.2432218,0.10651476681232452,0.9629999995231628,0.8077999949455261
YDR100W,YOR054C,0,-6.243223,0.10650298744440079,0.9629999995231628,0.8079000115394592
YBR023C,YBL034C,0,-6.2438674,0.10649120807647705,0.9629999995231628,0.8080000281333923
YJR060W,YBR268W,0,-6.2440286,0.10647943615913391,0.9629999995231628,0.8080999851226807
YJL115W,YDR297W,0,-6.2440624,0.10646766424179077,0.9629999995231628,0.8082000017166138
YGR059W,YMR202W,0,-6.2441144,0.10645589232444763,0.9629999995231628,0.8083000183105469
YDR256C,YOL112W,0,-6.2441764,0.10644412785768509,0.9629999995231628,0.8083999752998352
YJL014W,YNL067W,0,-6.244317,0.10643236339092255,0.9629999995231628,0.8084999918937683
YJL134W,YER075C,0,-6.2458267,0.10642059892416,0.9629999995231628,0.8086000084877014
YCR059C,YBR018C,0,-6.245838,0.10640884190797806,0.9629999995231628,0.8087000250816345
YPL250C,YPR037C,0,-6.247609,0.10639708489179611,0.9629999995231628,0.8087999820709229
YGL067W,YCL008C,0,-6.247854,0.10638532787561417,0.9629999995231628,0.808899998664856
YDR201W,YBR195C,0,-6.247961,0.10637357831001282,0.9629999995231628,0.8090000152587891
YKL195W,YFL055W,0,-6.24827,0.10636182874441147,0.9629999995231628,0.8090999722480774
YIL003W,YDR295C,0,-6.248889,0.10635007917881012,0.9629999995231628,0.8091999888420105
YMR290C,YGL106W,0,-6.2496243,0.10633833706378937,0.9629999995231628,0.8093000054359436
YMR101C,YNL236W,0,-6.2502413,0.10632659494876862,0.9629999995231628,0.8094000220298767
YCL066W,YJR102C,0,-6.250293,0.10631486028432846,0.9629999995231628,0.809499979019165
YMR048W,YLL043W,0,-6.250673,0.1063031256198883,0.9629999995231628,0.8095999956130981
YDR437W,YMR281W,0,-6.2535534,0.10629139095544815,0.9629999995231628,0.8097000122070312
YBL085W,YKR048C,0,-6.2539196,0.10627966374158859,0.9629999995231628,0.8098000288009644
YLR430W,YNL122C,0,-6.2545757,0.10626792907714844,0.9629999995231628,0.8098999857902527
YDL140C,YKL079W,0,-6.255823,0.10625620931386948,0.9629999995231628,0.8100000023841858
YMR257C,YDR182W,0,-6.2565928,0.10624448210000992,0.9629999995231628,0.8101000189781189
YNL219C,YEL041W,0,-6.2570324,0.10623276233673096,0.9629999995231628,0.8101999759674072
YBL064C,YLR070C,0,-6.2570796,0.106221042573452,0.9629999995231628,0.8102999925613403
YGL233W,YJL109C,0,-6.258127,0.10620933026075363,0.9629999995231628,0.8104000091552734
YCL063W,YDR495C,1,-6.2582903,0.10630789399147034,0.9639999866485596,0.8104000091552734
YER015W,YAL031C,0,-6.258429,0.10629617422819138,0.9639999866485596,0.8105000257492065
YKL180W,YKL143W,0,-6.2587585,0.10628445446491241,0.9639999866485596,0.8105999827384949
YDL230W,YJR097W,0,-6.258811,0.10627273470163345,0.9639999866485596,0.810699999332428
YDL022W,YBL033C,0,-6.258834,0.10626102238893509,0.9639999866485596,0.8108000159263611
YNL204C,YKL007W,0,-6.2589703,0.10624931007623672,0.9639999866485596,0.8108999729156494
YER058W,YOR301W,0,-6.2590084,0.10623760521411896,0.9639999866485596,0.8109999895095825
YAL002W,YPL194W,0,-6.260147,0.1062258929014206,0.9639999866485596,0.8111000061035156
YGL190C,YHR094C,0,-6.262237,0.10621418803930283,0.9639999866485596,0.8112000226974487
YBR061C,YMR236W,0,-6.2623105,0.10620249062776566,0.9639999866485596,0.8112999796867371
YPL239W,YLR233C,0,-6.262389,0.10619079321622849,0.9639999866485596,0.8113999962806702
YOR100C,YPR125W,0,-6.262389,0.10617909580469131,0.9639999866485596,0.8115000128746033
YPL140C,YKR014C,0,-6.2625217,0.10616739839315414,0.9639999866485596,0.8116000294685364
YDR490C,YOR165W,0,-6.2638974,0.10615570843219757,0.9639999866485596,0.8116999864578247
YMR292W,YOR273C,0,-6.264367,0.106144018471241,0.9639999866485596,0.8118000030517578
YNL148C,YPL147W,0,-6.264435,0.10613233596086502,0.9639999866485596,0.8119000196456909
YOR110W,YKR101W,0,-6.264509,0.10612065345048904,0.9639999866485596,0.8119999766349792
YDR028C,YDL208W,0,-6.2658987,0.10610897094011307,0.9639999866485596,0.8120999932289124
YBR294W,YMR200W,0,-6.266732,0.10609729588031769,0.9639999866485596,0.8122000098228455
YGL156W,YHR157W,0,-6.2680826,0.10608561336994171,0.9639999866485596,0.8123000264167786
YIL061C,YAR003W,0,-6.2683773,0.10607394576072693,0.9639999866485596,0.8123999834060669
YJR004C,YOR133W,0,-6.2686415,0.10606227070093155,0.9639999866485596,0.8125
YIL160C,YDR289C,0,-6.269641,0.10605060309171677,0.9639999866485596,0.8126000165939331
YMR073C,YCL005W,0,-6.270999,0.10603894293308258,0.9639999866485596,0.8126999735832214
YHR087W,YOR233W,0,-6.27333,0.1060272753238678,0.9639999866485596,0.8127999901771545
YDL101C,YGR178C,0,-6.2745414,0.10601561516523361,0.9639999866485596,0.8129000067710876
YHR128W,YLR272C,0,-6.274592,0.10600395500659943,0.9639999866485596,0.8130000233650208
YJR145C,YDL033C,0,-6.2746515,0.10599230229854584,0.9639999866485596,0.8130999803543091
YDR085C,YFL033C,0,-6.274886,0.10598064959049225,0.9639999866485596,0.8131999969482422
YNL310C,YGR140W,0,-6.2749653,0.10596900433301926,0.9639999866485596,0.8133000135421753
YLR364W,YNL023C,0,-6.27518,0.10595735162496567,0.9639999866485596,0.8133999705314636
YDR276C,YPL246C,0,-6.2753353,0.10594570636749268,0.9639999866485596,0.8134999871253967
YIL133C,YPR083W,0,-6.2755895,0.10593406856060028,0.9639999866485596,0.8136000037193298
YOR340C,YGL053W,0,-6.2769833,0.10592242330312729,0.9639999866485596,0.8137000203132629
YJL030W,YNL037C,0,-6.2776155,0.1059107854962349,0.9639999866485596,0.8137999773025513
YOL151W,YHR153C,0,-6.277958,0.1058991551399231,0.9639999866485596,0.8138999938964844
YOR350C,YAR020C,0,-6.278225,0.1058875247836113,0.9639999866485596,0.8140000104904175
YDR475C,YPL011C,0,-6.278238,0.1058758944272995,0.9639999866485596,0.8141000270843506
YGL223C,YDR339C,0,-6.2784166,0.1058642640709877,0.9639999866485596,0.8141999840736389
YGR189C,YBR004C,0,-6.278572,0.1058526411652565,0.9639999866485596,0.814300000667572
YGL098W,YPL007C,0,-6.2793174,0.1058410182595253,0.9639999866485596,0.8144000172615051
YDR324C,YOR147W,0,-6.279667,0.1058294028043747,0.9639999866485596,0.8144999742507935
YIL131C,YBR119W,0,-6.2799487,0.1058177798986435,0.9639999866485596,0.8145999908447266
YPL241C,YJL033W,0,-6.2844944,0.10580617189407349,0.9639999866485596,0.8147000074386597
YBR255W,YJL187C,0,-6.2846594,0.10579455643892288,0.9639999866485596,0.8148000240325928
YGR145W,YDR227W,0,-6.2874527,0.10578294843435287,0.9639999866485596,0.8148999810218811
YNL223W,YDR320C,0,-6.2881765,0.10577134042978287,0.9639999866485596,0.8149999976158142
YFL023W,YKL077W,0,-6.288306,0.10575973987579346,0.9639999866485596,0.8151000142097473
YDL175C,YFR002W,0,-6.289316,0.10574813187122345,0.9639999866485596,0.8151999711990356
YBR044C,YMR216C,0,-6.2897654,0.10573653876781464,0.9639999866485596,0.8152999877929688
YNL014W,YDR212W,0,-6.290125,0.10572493821382523,0.9639999866485596,0.8154000043869019
YMR302C,YPL193W,0,-6.290271,0.10571334511041641,0.9639999866485596,0.815500020980835
YAL029C,YBR295W,0,-6.2905602,0.1057017520070076,0.9639999866485596,0.8155999779701233
YDL024C,YNL173C,0,-6.291058,0.10569016635417938,0.9639999866485596,0.8156999945640564
YDR057W,YKR082W,0,-6.2911,0.10567858070135117,0.9639999866485596,0.8158000111579895
YDR539W,YJL198W,0,-6.2917013,0.10566699504852295,0.9639999866485596,0.8159000277519226
YPR075C,YKR028W,0,-6.2923594,0.10565541684627533,0.9639999866485596,0.8159999847412109
YBR282W,YDL245C,0,-6.29254,0.10564383864402771,0.9639999866485596,0.816100001335144
YDL017W,YKL156W,0,-6.293421,0.10563226044178009,0.9639999866485596,0.8162000179290771
YJR014W,YML120C,0,-6.293526,0.10562068223953247,0.9639999866485596,0.8162999749183655
YDR510W,YOR009W,0,-6.293847,0.10560911148786545,0.9639999866485596,0.8163999915122986
YOR033C,YFL034C-B,0,-6.2947936,0.10559754818677902,0.9639999866485596,0.8165000081062317
YML114C,YPL029W,0,-6.2948294,0.105585977435112,0.9639999866485596,0.8166000247001648
YDL168W,YDL192W,0,-6.294932,0.10557441413402557,0.9639999866485596,0.8166999816894531
YOR190W,YDR040C,0,-6.295928,0.10556285828351974,0.9639999866485596,0.8167999982833862
YMR041C,YKL196C,0,-6.29605,0.10555129498243332,0.9639999866485596,0.8169000148773193
YBR272C,YBL034C,0,-6.297282,0.10553973913192749,0.9639999866485596,0.8169999718666077
YLR423C,YOR161C,0,-6.2974806,0.10552819073200226,0.9639999866485596,0.8170999884605408
YMR224C,YOL136C,0,-6.2975345,0.10551663488149643,0.9639999866485596,0.8172000050544739
YGL018C,YPL207W,0,-6.298079,0.1055050864815712,0.9639999866485596,0.817300021648407
YGL067W,YNL093W,0,-6.2983894,0.10549354553222656,0.9639999866485596,0.8173999786376953
YML070W,YDR074W,0,-6.299835,0.10548199713230133,0.9639999866485596,0.8174999952316284
YGL240W,YIL068C,0,-6.300061,0.1054704561829567,0.9639999866485596,0.8176000118255615
YBR022W,YBL020W,0,-6.3000956,0.10545892268419266,0.9639999866485596,0.8177000284194946
YPL019C,YOR068C,1,-6.300338,0.10555677115917206,0.9649999737739563,0.8177000284194946
YMR078C,YIL042C,0,-6.30077,0.10554522275924683,0.9649999737739563,0.817799985408783
YOL083W,YJR103W,0,-6.301886,0.10553368180990219,0.9649999737739563,0.8179000020027161
YKR102W,YPL186C,0,-6.301963,0.10552214086055756,0.9649999737739563,0.8180000185966492
YBL024W,YOR393W,0,-6.3021135,0.10551060736179352,0.9649999737739563,0.8180999755859375
YDL209C,YML041C,0,-6.302271,0.10549907386302948,0.9649999737739563,0.8181999921798706
YDL108W,YPL174C,0,-6.3034215,0.10548754036426544,0.9649999737739563,0.8183000087738037
YMR271C,YMR075W,0,-6.303437,0.1054760068655014,0.9649999737739563,0.8184000253677368
YML100W,YGR246C,0,-6.303544,0.10546448081731796,0.9649999737739563,0.8184999823570251
YHR198C,YJR045C,0,-6.303599,0.10545295476913452,0.9649999737739563,0.8185999989509583
YDR399W,YBL037W,0,-6.303666,0.10544143617153168,0.9649999737739563,0.8187000155448914
YAL020C,YGR165W,0,-6.304063,0.10542991012334824,0.9649999737739563,0.8187999725341797
YPL214C,YFR015C,0,-6.3048067,0.10541839897632599,0.9649999737739563,0.8188999891281128
YMR115W,YIR018W,0,-6.3048162,0.10540688037872314,0.9649999737739563,0.8190000057220459
YMR068W,YOL059W,0,-6.3048944,0.1053953692317009,0.9649999737739563,0.819100022315979
YML046W,YKL129C,0,-6.305883,0.10538385808467865,0.9649999737739563,0.8191999793052673
YPR159W,YBR210W,0,-6.3066235,0.105372354388237,0.9649999737739563,0.8192999958992004
YDL224C,YHL038C,0,-6.3071375,0.10536085069179535,0.9649999737739563,0.8194000124931335
YBL042C,YDL082W,0,-6.3072224,0.1053493469953537,0.9649999737739563,0.8195000290870667
YML005W,YHR091C,0,-6.3079295,0.10533784329891205,0.9649999737739563,0.819599986076355
YNL191W,YJL076W,0,-6.308464,0.105326347053051,0.9649999737739563,0.8197000026702881
YLL015W,YGR083C,0,-6.309313,0.10531485080718994,0.9649999737739563,0.8198000192642212
YAL011W,YKL162C,0,-6.3099604,0.10530336201190948,0.9649999737739563,0.8198999762535095
YHR100C,YDL212W,0,-6.3099623,0.10529187321662903,0.9649999737739563,0.8199999928474426
YOR018W,YER062C,0,-6.311269,0.10528038442134857,0.9649999737739563,0.8201000094413757
YDR436W,YLR214W,0,-6.3117723,0.10526889562606812,0.9649999737739563,0.8202000260353088
YLR403W,YHR127W,0,-6.312288,0.10525741428136826,0.9649999737739563,0.8202999830245972
YGR116W,YGL162W,0,-6.3125057,0.10524594038724899,0.9649999737739563,0.8203999996185303
YMR104C,YKL160W,0,-6.3137507,0.10523445904254913,0.9649999737739563,0.8205000162124634
YOR068C,YDR202C,1,-6.314231,0.10533202439546585,0.9660000205039978,0.8205000162124634
YPL157W,YOR005C,0,-6.314659,0.10532054305076599,0.9660000205039978,0.8205999732017517
YIL176C,YBR189W,0,-6.3152976,0.10530906170606613,0.9660000205039978,0.8206999897956848
YER091C,YMR182C,0,-6.3161025,0.10529758036136627,0.9660000205039978,0.8208000063896179
YEL019C,YNL065W,0,-6.316244,0.10528610646724701,0.9660000205039978,0.820900022983551
YMR276W,YCR047C,0,-6.3171053,0.10527463257312775,0.9660000205039978,0.8209999799728394
YCL063W,YLR305C,1,-6.3180513,0.1053721234202385,0.9670000076293945,0.8209999799728394
YNL339C,YJL095W,0,-6.3194737,0.10536064207553864,0.9670000076293945,0.8210999965667725
YNL090W,YLR244C,0,-6.3194904,0.10534916818141937,0.9670000076293945,0.8212000131607056
YKR084C,YLR205C,0,-6.320028,0.10533769428730011,0.9670000076293945,0.8213000297546387
YNL006W,YPR121W,0,-6.320705,0.10532622039318085,0.9670000076293945,0.821399986743927
YCL024W,YOR143C,0,-6.3211384,0.10531474649906158,0.9670000076293945,0.8215000033378601
YPL084W,YIL103W,0,-6.321394,0.10530328005552292,0.9670000076293945,0.8216000199317932
YBR170C,YHR072W,0,-6.3217516,0.10529181361198425,0.9670000076293945,0.8216999769210815
YDL087C,YDR294C,0,-6.3220577,0.10528034716844559,0.9670000076293945,0.8217999935150146
YLR435W,YPR023C,0,-6.323301,0.10526888817548752,0.9670000076293945,0.8219000101089478
YHR127W,YHR094C,0,-6.3234134,0.10525742918252945,0.9670000076293945,0.8220000267028809
YLR007W,YDR320C,0,-6.323439,0.10524597018957138,0.9670000076293945,0.8220999836921692
YNL245C,YNL124W,0,-6.3237176,0.10523451864719391,0.9670000076293945,0.8222000002861023
YIL128W,YOL130W,0,-6.324109,0.10522306710481644,0.9670000076293945,0.8223000168800354
YDR142C,YHR156C,0,-6.325767,0.10521162301301956,0.9670000076293945,0.8223999738693237
YMR311C,YFR015C,0,-6.3259497,0.10520017147064209,0.9670000076293945,0.8224999904632568
YOR236W,YDR180W,0,-6.326521,0.10518872737884521,0.9670000076293945,0.8226000070571899
YPR017C,YOR327C,0,-6.326943,0.10517729073762894,0.9670000076293945,0.822700023651123
YBL024W,YBR201W,0,-6.327326,0.10516585409641266,0.9670000076293945,0.8227999806404114
YMR190C,YDL170W,0,-6.3275385,0.10515441745519638,0.9670000076293945,0.8228999972343445
YKL141W,YNL116W,0,-6.328227,0.1051429808139801,0.9670000076293945,0.8230000138282776
YNL072W,YAL054C,0,-6.329376,0.10513155162334442,0.9670000076293945,0.8230999708175659
YDR198C,YBR163W,0,-6.3304057,0.10512012243270874,0.9670000076293945,0.823199987411499
YNL251C,YOL103W,0,-6.3309813,0.10510869324207306,0.9670000076293945,0.8233000040054321
YCL016C,YJL089W,0,-6.3313622,0.10509727150201797,0.9670000076293945,0.8234000205993652
YKR042W,YNL003C,0,-6.3316526,0.10508584976196289,0.9670000076293945,0.8234999775886536
YBR266C,YKL139W,0,-6.331801,0.1050744354724884,0.9670000076293945,0.8235999941825867
YNL233W,YPL084W,0,-6.3318014,0.10506301373243332,0.9670000076293945,0.8237000107765198
YNL016W,YJR046W,0,-6.33297,0.10505159944295883,0.9670000076293945,0.8238000273704529
YDL093W,YAL034C,0,-6.333436,0.10504019260406494,0.9670000076293945,0.8238999843597412
YKL148C,YKL117W,0,-6.3342805,0.10502878576517105,0.9670000076293945,0.8240000009536743
YDR143C,YLR021W,0,-6.3350883,0.10501737892627716,0.9670000076293945,0.8241000175476074
YOR299W,YGL153W,0,-6.3351984,0.10500597208738327,0.9670000076293945,0.8241999745368958
YOR182C,YJR105W,0,-6.3360696,0.10499457269906998,0.9670000076293945,0.8242999911308289
YHR214C-B,YHR128W,0,-6.3365593,0.10498317331075668,0.9670000076293945,0.824400007724762
YNL147W,YBL030C,0,-6.3371887,0.10497177392244339,0.9670000076293945,0.8245000243186951
YOR231W,YBR247C,0,-6.3378506,0.1049603819847107,0.9670000076293945,0.8245999813079834
YLR423C,YDR044W,0,-6.3382573,0.104948990046978,0.9670000076293945,0.8246999979019165
YMR309C,YOR180C,0,-6.33841,0.1049375981092453,0.9670000076293945,0.8248000144958496
YNL196C,YPL024W,0,-6.3392005,0.1049262136220932,0.9670000076293945,0.8248999714851379
YER185W,YLR239C,0,-6.339946,0.1049148291349411,0.9670000076293945,0.824999988079071
YNR044W,YOL056W,0,-6.339969,0.1049034520983696,0.9670000076293945,0.8251000046730042
YLR336C,YOL005C,0,-6.3408823,0.1048920676112175,0.9670000076293945,0.8252000212669373
YPL190C,YOR279C,0,-6.341484,0.104880690574646,0.9670000076293945,0.8252999782562256
YMR285C,YIR038C,0,-6.3435445,0.10486932098865509,0.9670000076293945,0.8253999948501587
YIL084C,YLR188W,0,-6.344148,0.10485795140266418,0.9670000076293945,0.8255000114440918
YDR334W,YFL061W,0,-6.3444586,0.10484658181667328,0.9670000076293945,0.8256000280380249
YLR316C,YPL003W,0,-6.3444786,0.10483521223068237,0.9670000076293945,0.8256999850273132
YMR224C,YLR051C,0,-6.3475485,0.10482385009527206,0.9670000076293945,0.8258000016212463
YNL021W,YDR381W,0,-6.3481617,0.10481248795986176,0.9670000076293945,0.8259000182151794
YNL126W,YJL083W,0,-6.3485255,0.10480112582445145,0.9670000076293945,0.8259999752044678
YDL239C,YKL043W,0,-6.3485746,0.10478977113962173,0.9670000076293945,0.8260999917984009
YCR035C,YAL015C,0,-6.348882,0.10477841645479202,0.9670000076293945,0.826200008392334
YMR172W,YKR101W,0,-6.349433,0.10476706176996231,0.9670000076293945,0.8263000249862671
YHR128W,YDR481C,0,-6.349902,0.1047557145357132,0.9670000076293945,0.8263999819755554
YMR154C,YNL262W,0,-6.3501825,0.10474436730146408,0.9670000076293945,0.8264999985694885
YDL233W,YNL094W,0,-6.3504477,0.10473302006721497,0.9670000076293945,0.8266000151634216
YGL253W,YGR289C,0,-6.3509192,0.10472168028354645,0.9670000076293945,0.82669997215271
YDR319C,YLR092W,0,-6.351209,0.10471034049987793,0.9670000076293945,0.8267999887466431
YKL213C,YBR281C,0,-6.35151,0.10469900071620941,0.9670000076293945,0.8269000053405762
YCR057C,YGR149W,0,-6.351804,0.10468766838312149,0.9670000076293945,0.8270000219345093
YOR283W,YDL031W,0,-6.353156,0.10467633605003357,0.9670000076293945,0.8270999789237976
YPL117C,YLR244C,0,-6.3539143,0.10466500371694565,0.9670000076293945,0.8271999955177307
YDR354W,YHR061C,0,-6.3543267,0.10465367883443832,0.9670000076293945,0.8273000121116638
YFL009W,YNR046W,0,-6.3544765,0.104642353951931,0.9670000076293945,0.8274000287055969
YLR121C,YMR314W,0,-6.3544874,0.10463102906942368,0.9670000076293945,0.8274999856948853
YOR016C,YMR274C,0,-6.3551607,0.10461971163749695,0.9670000076293945,0.8276000022888184
YGL161C,YIL005W,0,-6.35527,0.10460839420557022,0.9670000076293945,0.8277000188827515
YBR271W,YKL213C,0,-6.3552866,0.1045970767736435,0.9670000076293945,0.8277999758720398
YGR081C,YNL097C,0,-6.3554077,0.10458576679229736,0.9670000076293945,0.8278999924659729
YER026C,YNL282W,0,-6.3555393,0.10457445681095123,0.9670000076293945,0.828000009059906
YDR493W,YDR244W,0,-6.3562264,0.1045631468296051,0.9670000076293945,0.8281000256538391
YMR002W,YPL055C,0,-6.356823,0.10455184429883957,0.9670000076293945,0.8281999826431274
YJL069C,YNL159C,0,-6.3578806,0.10454054176807404,0.9670000076293945,0.8282999992370605
YMR101C,YJL176C,0,-6.3583307,0.1045292392373085,0.9670000076293945,0.8284000158309937
YCR035C,YDR096W,0,-6.3591757,0.10451794415712357,0.9670000076293945,0.828499972820282
YDL234C,YLR145W,0,-6.3605957,0.10450664907693863,0.9670000076293945,0.8285999894142151
YLR277C,YDL170W,0,-6.360766,0.10449535399675369,0.9670000076293945,0.8287000060081482
YDR540C,YDR016C,0,-6.361556,0.10448406636714935,0.9670000076293945,0.8288000226020813
YLR348C,YDR013W,0,-6.3627644,0.10447277128696442,0.9670000076293945,0.8288999795913696
YIL130W,YBR079C,0,-6.363095,0.10446149110794067,0.9670000076293945,0.8289999961853027
YBR258C,YDR253C,0,-6.363508,0.10445020347833633,0.9670000076293945,0.8291000127792358
YGR162W,YJR160C,0,-6.364204,0.10443892329931259,0.9670000076293945,0.829200029373169
YFL001W,YER115C,0,-6.365034,0.10442764312028885,0.9670000076293945,0.8292999863624573
YNR001C,YER074W,0,-6.36559,0.1044163703918457,0.9670000076293945,0.8294000029563904
YER022W,YHR034C,0,-6.3657255,0.10440509766340256,0.9670000076293945,0.8295000195503235
YOL149W,YKL120W,0,-6.365903,0.10439382493495941,0.9670000076293945,0.8295999765396118
YPL018W,YPR095C,0,-6.3662405,0.10438255965709686,0.9670000076293945,0.8296999931335449
YHR115C,YDR389W,0,-6.3663015,0.10437128692865372,0.9670000076293945,0.829800009727478
YHR048W,YJL054W,0,-6.366765,0.10436002910137177,0.9670000076293945,0.8299000263214111
YGL012W,YLR348C,0,-6.3671494,0.10434876382350922,0.9670000076293945,0.8299999833106995
YFL026W,YNR065C,0,-6.3671656,0.10433750599622726,0.9670000076293945,0.8300999999046326
YKL132C,YIR002C,0,-6.3675566,0.10432624816894531,0.9670000076293945,0.8302000164985657
YJL069C,YEL069C,0,-6.368288,0.10431499779224396,0.9670000076293945,0.830299973487854
YIL090W,YDR283C,0,-6.368849,0.104303739964962,0.9670000076293945,0.8303999900817871
YDR334W,YDR371W,0,-6.3688807,0.10429249703884125,0.9670000076293945,0.8305000066757202
YGL212W,YML115C,0,-6.3699884,0.10428124666213989,0.9670000076293945,0.8306000232696533
YFR003C,YPR023C,0,-6.3704195,0.10427000373601913,0.9670000076293945,0.8306999802589417
YKR026C,YMR063W,0,-6.371524,0.10425876080989838,0.9670000076293945,0.8307999968528748
YBR128C,YDR260C,0,-6.371627,0.10424751788377762,0.9670000076293945,0.8309000134468079
YMR231W,YDR080W,1,-6.372039,0.10434407740831375,0.9679999947547913,0.8309000134468079
YPR185W,YJL048C,0,-6.3721366,0.1043328270316124,0.9679999947547913,0.8309999704360962
YJL101C,YKR076W,0,-6.3730493,0.10432158410549164,0.9679999947547913,0.8310999870300293
YJL093C,YDR376W,0,-6.37358,0.10431034117937088,0.9679999947547913,0.8312000036239624
YPL174C,YLR221C,0,-6.373621,0.10429910570383072,0.9679999947547913,0.8313000202178955
YCR011C,YKL024C,0,-6.373931,0.10428787022829056,0.9679999947547913,0.8313999772071838
YDL227C,YIR028W,0,-6.374511,0.1042766347527504,0.9679999947547913,0.8314999938011169
YBR240C,YKL079W,0,-6.3757734,0.10426539927721024,0.9679999947547913,0.83160001039505
YOR089C,YJR088C,0,-6.3761024,0.10425417125225067,0.9679999947547913,0.8317000269889832
YCL054W,YDR093W,0,-6.3763914,0.10424294322729111,0.9679999947547913,0.8317999839782715
YKL186C,YIL084C,0,-6.3764486,0.10423172265291214,0.9679999947547913,0.8319000005722046
YDR438W,YCL052C,0,-6.3768525,0.10422050207853317,0.9679999947547913,0.8320000171661377
YDR087C,YBR093C,0,-6.378062,0.1042092815041542,0.9679999947547913,0.832099974155426
YJL035C,YCL008C,0,-6.3788323,0.10419806092977524,0.9679999947547913,0.8321999907493591
YFL031W,YIL099W,0,-6.380437,0.10418684780597687,0.9679999947547913,0.8323000073432922
YPL028W,YMR301C,0,-6.3811445,0.1041756346821785,0.9679999947547913,0.8324000239372253
YGL251C,YKR016W,0,-6.3813677,0.10416442155838013,0.9679999947547913,0.8324999809265137
YOR381W,YDL002C,0,-6.381834,0.10415321588516235,0.9679999947547913,0.8325999975204468
YKR069W,YNL232W,0,-6.3820014,0.10414201021194458,0.9679999947547913,0.8327000141143799
YOR304W,YLL009C,0,-6.3821397,0.1041308119893074,0.9679999947547913,0.8327999711036682
YOL080C,YDR105C,0,-6.3823805,0.10411960631608963,0.9679999947547913,0.8328999876976013
YBR065C,YJL048C,0,-6.3824205,0.10410840809345245,0.9679999947547913,0.8330000042915344
YHL021C,YBR275C,0,-6.3837366,0.10409721732139587,0.9679999947547913,0.8331000208854675
YOR234C,YER132C,0,-6.3845415,0.1040860190987587,0.9679999947547913,0.8331999778747559
YOL080C,YPR072W,0,-6.3847656,0.10407482832670212,0.9679999947547913,0.833299994468689
YCL063W,YDR080W,1,-6.385482,0.10417114943265915,0.968999981880188,0.833299994468689
YOL045W,YFL036W,0,-6.3857574,0.10415995121002197,0.968999981880188,0.8334000110626221
YOR120W,YLR248W,0,-6.3858356,0.1041487529873848,0.968999981880188,0.8335000276565552
YDR490C,YOR327C,0,-6.3866053,0.10413756221532822,0.968999981880188,0.8335999846458435
YPL095C,YOL155C,0,-6.3867354,0.10412637144327164,0.968999981880188,0.8337000012397766
YOR007C,YPR154W,0,-6.3869653,0.10411518067121506,0.968999981880188,0.8338000178337097
YLL062C,YGL064C,0,-6.3878946,0.10410399734973907,0.968999981880188,0.833899974822998
YFR005C,YJL148W,0,-6.3880363,0.10409281402826309,0.968999981880188,0.8339999914169312
YNL178W,YHR215W,0,-6.3888226,0.10408163070678711,0.968999981880188,0.8341000080108643
YPL017C,YOR221C,0,-6.389245,0.10407045483589172,0.968999981880188,0.8342000246047974
YBR061C,YNL047C,0,-6.389263,0.10405927896499634,0.968999981880188,0.8342999815940857
YMR167W,YCL024W,0,-6.3906374,0.10404810309410095,0.968999981880188,0.8343999981880188
YFL053W,YIL122W,0,-6.391967,0.10403693467378616,0.968999981880188,0.8345000147819519
YNR072W,YDL102W,0,-6.3924236,0.10402576625347137,0.968999981880188,0.8345999717712402
YDR303C,YNL271C,0,-6.3930836,0.10401459783315659,0.968999981880188,0.8346999883651733
YGR108W,YGR033C,0,-6.393246,0.1040034368634224,0.968999981880188,0.8348000049591064
YKL103C,YDR120C,0,-6.3943467,0.1039922758936882,0.968999981880188,0.8349000215530396
YKL194C,YDR191W,0,-6.395583,0.10398111492395401,0.968999981880188,0.8349999785423279
YMR043W,YOR297C,0,-6.397002,0.10396995395421982,0.968999981880188,0.835099995136261
YPR026W,YLR172C,0,-6.398526,0.10395880043506622,0.968999981880188,0.8352000117301941
YDR265W,YOR084W,0,-6.398754,0.10394765436649323,0.968999981880188,0.8353000283241272
YKL032C,YKL054C,0,-6.399331,0.10393650084733963,0.968999981880188,0.8353999853134155
YMR109W,YAL058W,0,-6.3996463,0.10392535477876663,0.968999981880188,0.8355000019073486
YDR067C,YGR138C,0,-6.4001746,0.10391420871019363,0.968999981880188,0.8356000185012817
YGL236C,YBL034C,0,-6.400934,0.10390307009220123,0.968999981880188,0.8356999754905701
YLR226W,YGR258C,0,-6.40123,0.10389192402362823,0.968999981880188,0.8357999920845032
YDR438W,YDR178W,0,-6.401919,0.10388078540563583,0.968999981880188,0.8359000086784363
YDR439W,YIL168W,0,-6.402028,0.10386965423822403,0.968999981880188,0.8360000252723694
YHR148W,YCR003W,0,-6.402581,0.10385852307081223,0.968999981880188,0.8360999822616577
YBR034C,YLR145W,0,-6.403267,0.10384739190340042,0.968999981880188,0.8361999988555908
YCL063W,YKR007W,1,-6.4033947,0.10394342243671417,0.9700000286102295,0.8361999988555908
YHL036W,YNL177C,0,-6.403715,0.10393228381872177,0.9700000286102295,0.8363000154495239
YOR299W,YPR057W,0,-6.4042463,0.10392114520072937,0.9700000286102295,0.8363999724388123
YPL270W,YCL017C,0,-6.4051857,0.10391001403331757,0.9700000286102295,0.8364999890327454
YIL119C,YDR483W,0,-6.405396,0.10389888286590576,0.9700000286102295,0.8366000056266785
YMR287C,YJL109C,0,-6.4066515,0.10388775914907455,0.9700000286102295,0.8367000222206116
YFL057C,YER041W,0,-6.4067993,0.10387663543224335,0.9700000286102295,0.8367999792098999
YML097C,YKL109W,0,-6.407649,0.10386551171541214,0.9700000286102295,0.836899995803833
YOR377W,YNR046W,0,-6.407887,0.10385438799858093,0.9700000286102295,0.8370000123977661
YGR080W,YIL140W,0,-6.4080124,0.10384327173233032,0.9700000286102295,0.8371000289916992
YDL106C,YJL122W,0,-6.4084735,0.10383215546607971,0.9700000286102295,0.8371999859809875
YPL095C,YJL151C,0,-6.4093676,0.1038210391998291,0.9700000286102295,0.8373000025749207
YGR201C,YOR185C,0,-6.4107056,0.10380993038415909,0.9700000286102295,0.8374000191688538
YIL021W,YNL160W,0,-6.410885,0.10379882156848907,0.9700000286102295,0.8374999761581421
YOR281C,YLR172C,0,-6.413101,0.10378772020339966,0.9700000286102295,0.8375999927520752
YDR380W,YDR197W,0,-6.4140306,0.10377661138772964,0.9700000286102295,0.8377000093460083
YJL146W,YDR087C,0,-6.4145546,0.10376551002264023,0.9700000286102295,0.8378000259399414
YER159C,YOR216C,0,-6.4147286,0.10375440865755081,0.9700000286102295,0.8378999829292297
YDR211W,YLR467W,0,-6.414751,0.10374331474304199,0.9700000286102295,0.8379999995231628
YJR152W,YPR042C,0,-6.4150457,0.10373222082853317,0.9700000286102295,0.838100016117096
YDR441C,YGL018C,0,-6.415209,0.10372112691402435,0.9700000286102295,0.8381999731063843
YJL090C,YLR221C,0,-6.4170084,0.10371004045009613,0.9700000286102295,0.8382999897003174
YBL019W,YKL188C,0,-6.418027,0.10369895398616791,0.9700000286102295,0.8384000062942505
YBR034C,YDR104C,0,-6.4188976,0.10368786752223969,0.9700000286102295,0.8385000228881836
YPL140C,YOR368W,0,-6.4218116,0.10367678850889206,0.9700000286102295,0.8385999798774719
YIL041W,YBR223C,0,-6.421982,0.10366570204496384,0.9700000286102295,0.838699996471405
YER056C,YDR021W,0,-6.42204,0.10365463048219681,0.9700000286102295,0.8388000130653381
YBR055C,YDR350C,0,-6.422497,0.10364355146884918,0.9700000286102295,0.8389000296592712
YDL222C,YLR005W,0,-6.422715,0.10363247990608215,0.9700000286102295,0.8389999866485596
YNL138W,YKL183W,0,-6.4228263,0.10362140834331512,0.9700000286102295,0.8391000032424927
YDR211W,YOR187W,0,-6.424308,0.1036103367805481,0.9700000286102295,0.8392000198364258
YBL042C,YML125C,0,-6.4246182,0.10359927266836166,0.9700000286102295,0.8392999768257141
YHL047C,YAL062W,0,-6.4260488,0.10358820855617523,0.9700000286102295,0.8393999934196472
YOR245C,YFL002C,0,-6.4270563,0.1035771518945694,0.9700000286102295,0.8395000100135803
YML116W,YOR099W,0,-6.427282,0.10356608778238297,0.9700000286102295,0.8396000266075134
YLR145W,YML075C,0,-6.427658,0.10355503112077713,0.9700000286102295,0.8396999835968018
YLR165C,YJR144W,0,-6.428782,0.10354398190975189,0.9700000286102295,0.8398000001907349
YMR096W,YNL298W,0,-6.4290648,0.10353292524814606,0.9700000286102295,0.839900016784668
YMR229C,YNL178W,0,-6.429963,0.10352187603712082,0.9700000286102295,0.8399999737739563
YCR009C,YLR174W,0,-6.433868,0.10351083427667618,0.9700000286102295,0.8400999903678894
YOR104W,YPL082C,0,-6.4339733,0.10349978506565094,0.9700000286102295,0.8402000069618225
YHL024W,YJL184W,0,-6.434321,0.1034887433052063,0.9700000286102295,0.8403000235557556
YLL045C,YEL026W,0,-6.434421,0.10347770154476166,0.9700000286102295,0.840399980545044
YHR082C,YOR069W,0,-6.4345713,0.10346666723489761,0.9700000286102295,0.840499997138977
YMR233W,YDR200C,0,-6.43565,0.10345563292503357,0.9700000286102295,0.8406000137329102
YMR022W,YGR142W,0,-6.4365234,0.10344459861516953,0.9700000286102295,0.8406999707221985
YBR045C,YHR055C,0,-6.437029,0.10343356430530548,0.9700000286102295,0.8407999873161316
YLR277C,YLR078C,0,-6.437994,0.10342253744602203,0.9700000286102295,0.8409000039100647
YIL135C,YGL229C,0,-6.4387302,0.10341151058673859,0.9700000286102295,0.8410000205039978
YER075C,YMR073C,0,-6.440283,0.10340049117803574,0.9700000286102295,0.8410999774932861
YPR060C,YBR278W,0,-6.4412594,0.10338947176933289,0.9700000286102295,0.8411999940872192
YHR006W,YLR144C,0,-6.4412856,0.10337845236063004,0.9700000286102295,0.8413000106811523
YNL083W,YPR135W,0,-6.4419065,0.10336743295192719,0.9700000286102295,0.8414000272750854
YML052W,YGR024C,0,-6.44244,0.10335642099380493,0.9700000286102295,0.8414999842643738
YHR161C,YDR320C,0,-6.443422,0.10334540903568268,0.9700000286102295,0.8416000008583069
YOR185C,YEL015W,0,-6.443492,0.10333439707756042,0.9700000286102295,0.84170001745224
YOR078W,YIL027C,0,-6.444065,0.10332339257001877,0.9700000286102295,0.8417999744415283
YEL016C,YDR259C,0,-6.4444695,0.10331238806247711,0.9700000286102295,0.8418999910354614
YOR226C,YGR103W,0,-6.445101,0.10330138355493546,0.9700000286102295,0.8420000076293945
YHR086W,YDR256C,0,-6.4455266,0.1032903864979744,0.9700000286102295,0.8421000242233276
YKR091W,YOR319W,0,-6.4457927,0.10327938944101334,0.9700000286102295,0.842199981212616
YMR070W,YML022W,0,-6.4459486,0.10326839238405228,0.9700000286102295,0.8422999978065491
YDR031W,YLR176C,0,-6.4462624,0.10325739532709122,0.9700000286102295,0.8424000144004822
YOL135C,YML024W,0,-6.4468985,0.10324640572071075,0.9700000286102295,0.8424999713897705
YDL049C,YAL061W,0,-6.4471097,0.10323541611433029,0.9700000286102295,0.8425999879837036
YDL225W,YOR019W,0,-6.4485083,0.10322443395853043,0.9700000286102295,0.8427000045776367
YGL012W,YNL242W,0,-6.4486227,0.10321345180273056,0.9700000286102295,0.8428000211715698
YNL178W,YIR036C,0,-6.449562,0.1032024696469307,0.9700000286102295,0.8428999781608582
YGR006W,YBR281C,0,-6.4506536,0.10319148749113083,0.9700000286102295,0.8429999947547913
YMR117C,YDR323C,0,-6.4508815,0.10318051278591156,0.9700000286102295,0.8431000113487244
YGR041W,YJL106W,0,-6.451516,0.10316953808069229,0.9700000286102295,0.8432000279426575
YIL118W,YIL122W,0,-6.452795,0.10315856337547302,0.9700000286102295,0.8432999849319458
YPR167C,YDR253C,0,-6.4528446,0.10314759612083435,0.9700000286102295,0.8434000015258789
YHR207C,YOR344C,0,-6.4533215,0.10313662886619568,0.9700000286102295,0.843500018119812
YLR047C,YDR264C,0,-6.4544797,0.103125661611557,0.9700000286102295,0.8435999751091003
YGL189C,YNL078W,0,-6.4545507,0.10311470180749893,0.9700000286102295,0.8436999917030334
YNR057C,YIL168W,0,-6.455949,0.10310374200344086,0.9700000286102295,0.8438000082969666
YKL051W,YDR202C,1,-6.4564342,0.1031990647315979,0.9710000157356262,0.8438000082969666
YGL017W,YIL038C,0,-6.4566193,0.10318809747695923,0.9710000157356262,0.8439000248908997
YMR044W,YGR170W,0,-6.458026,0.10317713022232056,0.9710000157356262,0.843999981880188
YJL087C,YPL232W,0,-6.4580536,0.10316617041826248,0.9710000157356262,0.8440999984741211
YAL033W,YLL041C,0,-6.458293,0.1031552106142044,0.9710000157356262,0.8442000150680542
YJR059W,YKR077W,0,-6.459017,0.10314425081014633,0.9710000157356262,0.8442999720573425
YDR400W,YIR017C,0,-6.459218,0.10313329845666885,0.9710000157356262,0.8443999886512756
YDR097C,YOR059C,0,-6.4593716,0.10312234610319138,0.9710000157356262,0.8445000052452087
YEL032W,YCL026C-A,0,-6.4605465,0.1031113937497139,0.9710000157356262,0.8446000218391418
YBR299W,YPL003W,0,-6.4608045,0.10310044884681702,0.9710000157356262,0.8446999788284302
YIL131C,YMR116C,0,-6.4609017,0.10308949649333954,0.9710000157356262,0.8447999954223633
YIL125W,YOL139C,0,-6.4610844,0.10307855904102325,0.9710000157356262,0.8449000120162964
YLR448W,YOL021C,0,-6.461234,0.10306761413812637,0.9710000157356262,0.8450000286102295
YKL022C,YOR304W,0,-6.461383,0.10305667668581009,0.9710000157356262,0.8450999855995178
YFR022W,YKL189W,0,-6.461405,0.1030457392334938,0.9710000157356262,0.8452000021934509
YPR095C,YGL134W,0,-6.461536,0.10303480178117752,0.9710000157356262,0.845300018787384
YML008C,YGL259W,0,-6.46365,0.10302387177944183,0.9710000157356262,0.8453999757766724
YPL274W,YIL099W,0,-6.46702,0.10301294177770615,0.9710000157356262,0.8454999923706055
YNL148C,YML065W,0,-6.467115,0.10300201177597046,0.9710000157356262,0.8456000089645386
YDR377W,YPL196W,0,-6.4673576,0.10299108922481537,0.9710000157356262,0.8457000255584717
YNL110C,YBR015C,0,-6.467847,0.10298016667366028,0.9710000157356262,0.84579998254776
YER163C,YLR083C,0,-6.4683843,0.10296924412250519,0.9710000157356262,0.8458999991416931
YMR088C,YJL100W,0,-6.46848,0.1029583290219307,0.9710000157356262,0.8460000157356262
YBR044C,YBL106C,0,-6.4698343,0.1029474139213562,0.9710000157356262,0.8460999727249146
YBR245C,YLR248W,0,-6.470054,0.10293649882078171,0.9710000157356262,0.8461999893188477
YHL024W,YDL213C,0,-6.471404,0.10292559117078781,0.9710000157356262,0.8463000059127808
YBR301W,YGR061C,0,-6.4716873,0.10291467607021332,0.9710000157356262,0.8464000225067139
YCR091W,YDR511W,0,-6.4718084,0.10290377587080002,0.9710000157356262,0.8464999794960022
YPL089C,YPR107C,0,-6.4722733,0.10289286822080612,0.9710000157356262,0.8465999960899353
YBR128C,YLR277C,0,-6.4731445,0.10288196802139282,0.9710000157356262,0.8467000126838684
YDR517W,YIL099W,0,-6.473789,0.10287106782197952,0.9710000157356262,0.8468000292778015
YBR014C,YCL054W,0,-6.4745283,0.10286016762256622,0.9710000157356262,0.8468999862670898
YGR092W,YMR055C,0,-6.4750824,0.10284927487373352,0.9710000157356262,0.847000002861023
YJR046W,YPL207W,0,-6.4754195,0.10283838212490082,0.9710000157356262,0.847100019454956
YAL015C,YPR095C,0,-6.475689,0.10282748937606812,0.9710000157356262,0.8471999764442444
YBR278W,YKL001C,0,-6.4757257,0.10281660407781601,0.9710000157356262,0.8472999930381775
YOR113W,YGL053W,0,-6.476079,0.1028057187795639,0.9710000157356262,0.8474000096321106
YBR267W,YJL053W,0,-6.4782505,0.1027948334813118,0.9710000157356262,0.8475000262260437
YLR291C,YBL009W,0,-6.479064,0.10278395563364029,0.9710000157356262,0.847599983215332
YJR158W,YLR325C,0,-6.4794083,0.10277307033538818,0.9710000157356262,0.8476999998092651
YOR233W,YDR051C,0,-6.480144,0.10276219993829727,0.9710000157356262,0.8478000164031982
YFR037C,YMR075W,0,-6.4804854,0.10275132209062576,0.9710000157356262,0.8478999733924866
YOL070C,YIL110W,0,-6.480797,0.10274045169353485,0.9710000157356262,0.8479999899864197
YLR186W,YER070W,0,-6.482354,0.10272958129644394,0.9710000157356262,0.8481000065803528
YMR313C,YIL142W,0,-6.4824142,0.10271871089935303,0.9710000157356262,0.8482000231742859
YMR168C,YOR334W,0,-6.482456,0.10270784795284271,0.9710000157356262,0.8482999801635742
YLR452C,YBR010W,0,-6.4828906,0.1026969850063324,0.9710000157356262,0.8483999967575073
YKR044W,YBR290W,0,-6.483507,0.10268612205982208,0.9710000157356262,0.8485000133514404
YKR069W,YJR066W,0,-6.483553,0.10267526656389236,0.9710000157356262,0.8485999703407288
YDR436W,YBR201W,0,-6.484022,0.10266441106796265,0.9710000157356262,0.8486999869346619
YPL173W,YLR097C,0,-6.485463,0.10265355557203293,0.9710000157356262,0.848800003528595
YGR093W,YFR038W,0,-6.4860497,0.10264270752668381,0.9710000157356262,0.8489000201225281
YDR014W,YDR475C,0,-6.487559,0.10263185948133469,0.9710000157356262,0.8489999771118164
YBR020W,YBR210W,0,-6.487567,0.10262101143598557,0.9710000157356262,0.8490999937057495
YDR373W,YJL033W,0,-6.488384,0.10261016339063644,0.9710000157356262,0.8492000102996826
YDR299W,YOR254C,0,-6.4887247,0.10259932279586792,0.9710000157356262,0.8493000268936157
YDR231C,YIL010W,0,-6.4887333,0.1025884822010994,0.9710000157356262,0.849399983882904
YER128W,YNL151C,0,-6.488781,0.10257764905691147,0.9710000157356262,0.8495000004768372
YGR283C,YNL151C,0,-6.4890957,0.10256680846214294,0.9710000157356262,0.8496000170707703
YDR223W,YDL102W,0,-6.4896665,0.10255597531795502,0.9710000157356262,0.8496999740600586
YOR355W,YIL094C,0,-6.4897738,0.10254514962434769,0.9710000157356262,0.8497999906539917
YKR091W,YDR449C,0,-6.4909086,0.10253431648015976,0.9710000157356262,0.8499000072479248
YJR159W,YKL108W,0,-6.4916825,0.10252349078655243,0.9710000157356262,0.8500000238418579
YAL044C,YJL159W,0,-6.492637,0.1025126725435257,0.9710000157356262,0.8500999808311462
YMR311C,YOR085W,0,-6.494567,0.10250184684991837,0.9710000157356262,0.8501999974250793
YJR137C,YIL132C,0,-6.4948673,0.10249102860689163,0.9710000157356262,0.8503000140190125
YKR031C,YGL070C,0,-6.4952626,0.1024802103638649,0.9710000157356262,0.8503999710083008
YNL047C,YNL087W,0,-6.495368,0.10246939957141876,0.9710000157356262,0.8504999876022339
YER098W,YGR136W,0,-6.495656,0.10245858132839203,0.9710000157356262,0.850600004196167
YDR332W,YPL082C,0,-6.495889,0.10244777053594589,0.9710000157356262,0.8507000207901001
YBL104C,YAL067C,0,-6.496799,0.10243696719408035,0.9710000157356262,0.8507999777793884
YOR237W,YKR099W,0,-6.497112,0.10242616385221481,0.9710000157356262,0.8508999943733215
YGR102C,YML103C,0,-6.497673,0.10241536051034927,0.9710000157356262,0.8510000109672546
YMR005W,YFL049W,0,-6.4984684,0.10240455716848373,0.9710000157356262,0.8511000275611877
YGR078C,YEL007W,0,-6.4985304,0.1023937538266182,0.9710000157356262,0.8511999845504761
YIL006W,YHR092C,0,-6.498679,0.10238295793533325,0.9710000157356262,0.8513000011444092
YNL156C,YLR145W,0,-6.4991636,0.1023721694946289,0.9710000157356262,0.8514000177383423
YHR076W,YOR306C,0,-6.50033,0.10236137360334396,0.9710000157356262,0.8514999747276306
YLL036C,YGR213C,0,-6.5021563,0.10235058516263962,0.9710000157356262,0.8515999913215637
YPL123C,YOR304W,0,-6.502642,0.10233979672193527,0.9710000157356262,0.8517000079154968
YOR140W,YDR362C,0,-6.504079,0.10232901573181152,0.9710000157356262,0.8518000245094299
YNR039C,YOR078W,0,-6.5062294,0.10231822729110718,0.9710000157356262,0.8518999814987183
YLR396C,YFR019W,1,-6.5069914,0.10241281241178513,0.972000002861023,0.8518999814987183
YBR098W,YNR058W,0,-6.5074615,0.10240202397108078,0.972000002861023,0.8519999980926514
YPL163C,YGL216W,0,-6.50747,0.10239123553037643,0.972000002861023,0.8521000146865845
YJR136C,YPL119C,0,-6.508226,0.10238044708967209,0.972000002861023,0.8521999716758728
YGR052W,YGL141W,0,-6.5083785,0.10236966609954834,0.972000002861023,0.8522999882698059
YGR084C,YNR038W,0,-6.5085015,0.10235888510942459,0.972000002861023,0.852400004863739
YHR039C-A,YDR017C,1,-6.5090923,0.10245340317487717,0.9729999899864197,0.852400004863739
YMR290C,YLR194C,0,-6.509096,0.10244262218475342,0.9729999899864197,0.8525000214576721
YPL111W,YIL162W,0,-6.509444,0.10243183374404907,0.9729999899864197,0.8525999784469604
YKR101W,YPL053C,0,-6.5096803,0.10242105275392532,0.9729999899864197,0.8526999950408936
YBL032W,YGR068C,0,-6.5104933,0.10241027176380157,0.9729999899864197,0.8528000116348267
YPL164C,YER018C,0,-6.5136766,0.10239949822425842,0.9729999899864197,0.8529000282287598
YNR027W,YOR327C,0,-6.513834,0.10238871723413467,0.9729999899864197,0.8529999852180481
YBR150C,YIL017C,0,-6.514237,0.10237794369459152,0.9729999899864197,0.8531000018119812
YDR097C,YAL061W,0,-6.5144005,0.10236717760562897,0.9729999899864197,0.8532000184059143
YGR261C,YKL072W,0,-6.514783,0.10235640406608582,0.9729999899864197,0.8532999753952026
YKL035W,YDR039C,0,-6.515205,0.10234563797712326,0.9729999899864197,0.8533999919891357
YLR176C,YIR025W,0,-6.515761,0.1023348793387413,0.9729999899864197,0.8535000085830688
YJL223C,YHR018C,0,-6.5160694,0.10232411324977875,0.9729999899864197,0.853600025177002
YER151C,YGR109C,0,-6.5161757,0.10231335461139679,0.9729999899864197,0.8536999821662903
YPL006W,YML057W,0,-6.516649,0.10230259597301483,0.9729999899864197,0.8537999987602234
YDR532C,YCR104W,0,-6.5172744,0.10229184478521347,0.9729999899864197,0.8539000153541565
YNL191W,YPR122W,0,-6.518468,0.10228108614683151,0.9729999899864197,0.8539999723434448
YAL029C,YOL056W,0,-6.518552,0.10227033495903015,0.9729999899864197,0.8540999889373779
YJL072C,YNR065C,0,-6.519718,0.10225959122180939,0.9729999899864197,0.854200005531311
YJL146W,YDR180W,0,-6.519855,0.10224884748458862,0.9729999899864197,0.8543000221252441
YDL126C,YGR239C,0,-6.5200653,0.10223810374736786,0.9729999899864197,0.8543999791145325
YDR195W,YBR131W,0,-6.520299,0.1022273600101471,0.9729999899864197,0.8544999957084656
YFL049W,YGR152C,0,-6.52083,0.10221661627292633,0.9729999899864197,0.8546000123023987
YGL141W,YBL061C,0,-6.521803,0.10220587998628616,0.9729999899864197,0.8547000288963318
YHR179W,YBR008C,0,-6.521976,0.10219515115022659,0.9729999899864197,0.8547999858856201
YLR286C,YLR004C,0,-6.5220413,0.10218441486358643,0.9729999899864197,0.8549000024795532
YGL183C,YIL136W,0,-6.5228577,0.10217368602752686,0.9729999899864197,0.8550000190734863
YDR490C,YJR024C,0,-6.5229197,0.10216295719146729,0.9729999899864197,0.8550999760627747
YBR048W,YER103W,0,-6.523759,0.10215222835540771,0.9729999899864197,0.8551999926567078
YGR245C,YEL012W,0,-6.5240374,0.10214150696992874,0.9729999899864197,0.8553000092506409
YDR205W,YCR067C,0,-6.526345,0.10213078558444977,0.9729999899864197,0.855400025844574
YIL096C,YCR095C,0,-6.527102,0.1021200641989708,0.9729999899864197,0.8554999828338623
YIL006W,YGR074W,0,-6.527224,0.10210935026407242,0.9729999899864197,0.8555999994277954
YOR059C,YMR183C,0,-6.5272837,0.10209863632917404,0.9729999899864197,0.8557000160217285
YHR062C,YOR359W,0,-6.527409,0.10208792239427567,0.9729999899864197,0.8557999730110168
YKL144C,YGL259W,0,-6.527838,0.10207721590995789,0.9729999899864197,0.85589998960495
YCR047C,YGL190C,0,-6.5282407,0.1020665094256401,0.9729999899864197,0.8560000061988831
YNL314W,YMR235C,0,-6.528263,0.10205580294132233,0.9729999899864197,0.8561000227928162
YIL119C,YLR188W,0,-6.5284805,0.10204509645700455,0.9729999899864197,0.8561999797821045
YBR041W,YAL054C,0,-6.528699,0.10203439742326736,0.9729999899864197,0.8562999963760376
YIL096C,YJL194W,0,-6.5288324,0.10202369838953018,0.9729999899864197,0.8564000129699707
YER049W,YKR090W,0,-6.530655,0.102012999355793,0.9729999899864197,0.8565000295639038
YHR070W,YMR075W,0,-6.5310316,0.10200230777263641,0.9729999899864197,0.8565999865531921
YPR075C,YOR109W,0,-6.531224,0.10199161618947983,0.9729999899864197,0.8567000031471252
YFR053C,YKL151C,0,-6.5320415,0.10198092460632324,0.9729999899864197,0.8568000197410583
YGR174C,YKL185W,0,-6.5329285,0.10197024047374725,0.9729999899864197,0.8568999767303467
YFR038W,YNL258C,0,-6.5329514,0.10195954889059067,0.9729999899864197,0.8569999933242798
YPL007C,YPL232W,0,-6.5338554,0.10194886475801468,0.9729999899864197,0.8571000099182129
YDR280W,YHR176W,0,-6.5339575,0.10193818807601929,0.9729999899864197,0.857200026512146
YDR183W,YDR496C,0,-6.535508,0.1019275113940239,0.9729999899864197,0.8572999835014343
YGL002W,YNR060W,0,-6.535822,0.1019168347120285,0.9729999899864197,0.8574000000953674
YKR069W,YPR149W,0,-6.536372,0.10190615803003311,0.9729999899864197,0.8575000166893005
YJL011C,YDR397C,0,-6.5364056,0.10189548879861832,0.9729999899864197,0.8575999736785889
YBR066C,YOR092W,0,-6.536849,0.10188481956720352,0.9729999899864197,0.857699990272522
YHL021C,YOL053W,0,-6.537933,0.10187415033578873,0.9729999899864197,0.8578000068664551
YDL133C-A,YJR070C,0,-6.5380564,0.10186348110437393,0.9729999899864197,0.8579000234603882
YGL104C,YDL164C,0,-6.538879,0.10185281932353973,0.9729999899864197,0.8579999804496765
YMR048W,YNL207W,0,-6.5392127,0.10184215754270554,0.9729999899864197,0.8580999970436096
YML077W,YGL061C,0,-6.5399837,0.10183150321245193,0.9729999899864197,0.8582000136375427
YNL281W,YIL079C,0,-6.5403495,0.10182084888219833,0.9729999899864197,0.858299970626831
YDR037W,YMR218C,0,-6.5411787,0.10181019455194473,0.9729999899864197,0.8583999872207642
YJR040W,YEL072W,0,-6.542113,0.10179954022169113,0.9729999899864197,0.8585000038146973
YIL011W,YNR041C,0,-6.542244,0.10178889334201813,0.9729999899864197,0.8586000204086304
YGL151W,YBR021W,0,-6.543439,0.10177823901176453,0.9729999899864197,0.8586999773979187
YDR198C,YOR304W,0,-6.543497,0.10176759958267212,0.9729999899864197,0.8587999939918518
YNL151C,YDR092W,0,-6.5442657,0.10175695270299911,0.9729999899864197,0.8589000105857849
YMR154C,YLR373C,0,-6.5446577,0.10174631327390671,0.9729999899864197,0.859000027179718
YDR227W,YCR091W,0,-6.5451465,0.1017356738448143,0.9729999899864197,0.8590999841690063
YOR018W,YDR337W,0,-6.545472,0.10172504186630249,0.9729999899864197,0.8592000007629395
YHR150W,YMR263W,0,-6.546383,0.10171440243721008,0.9729999899864197,0.8593000173568726
YAL011W,YKL134C,0,-6.548418,0.10170377045869827,0.9729999899864197,0.8593999743461609
YBR181C,YHR156C,0,-6.548645,0.10169314593076706,0.9729999899864197,0.859499990940094
YER111C,YJL078C,0,-6.5486913,0.10168251395225525,0.9729999899864197,0.8596000075340271
YOL011W,YLR452C,0,-6.548729,0.10167188942432404,0.9729999899864197,0.8597000241279602
YJR152W,YJL053W,0,-6.548789,0.10166126489639282,0.9729999899864197,0.8597999811172485
YOR190W,YOR057W,0,-6.550644,0.1016506478190422,0.9729999899864197,0.8598999977111816
YOR195W,YDR085C,0,-6.5522537,0.10164003074169159,0.9729999899864197,0.8600000143051147
YDL005C,YBR272C,0,-6.552409,0.10162941366434097,0.9729999899864197,0.8600999712944031
YJR158W,YIL068C,0,-6.553785,0.10161879658699036,0.9729999899864197,0.8601999878883362
YPL004C,YHR105W,0,-6.554079,0.10160818696022034,0.9729999899864197,0.8603000044822693
YOR001W,YLR145W,0,-6.554551,0.10159757733345032,0.9729999899864197,0.8604000210762024
YNL061W,YLR128W,0,-6.5545826,0.1015869677066803,0.9729999899864197,0.8604999780654907
YMR030W,YBR186W,0,-6.555195,0.10157636553049088,0.9729999899864197,0.8605999946594238
YJL005W,YDR421W,0,-6.55552,0.10156576335430145,0.9729999899864197,0.8607000112533569
YGR075C,YHR072W,0,-6.5564523,0.10155516117811203,0.9729999899864197,0.86080002784729
YOL041C,YDR534C,0,-6.556547,0.10154455900192261,0.9729999899864197,0.8608999848365784
YPL017C,YKL005C,0,-6.5565615,0.10153396427631378,0.9729999899864197,0.8610000014305115
YLR100W,YLR136C,0,-6.5566287,0.10152336955070496,0.9729999899864197,0.8611000180244446
YJL174W,YGL181W,0,-6.556835,0.10151278227567673,0.9729999899864197,0.8611999750137329
YOR307C,YOR242C,0,-6.557446,0.1015021875500679,0.9729999899864197,0.861299991607666
YDL132W,YGL175C,0,-6.5575614,0.10149160027503967,0.9729999899864197,0.8614000082015991
YKL173W,YBR293W,0,-6.557805,0.10148102045059204,0.9729999899864197,0.8615000247955322
YPL022W,YBR155W,0,-6.5579557,0.10147043317556381,0.9729999899864197,0.8615999817848206
YAL059W,YGL084C,0,-6.55847,0.10145985335111618,0.9729999899864197,0.8616999983787537
YPR118W,YPL212C,0,-6.559898,0.10144927352666855,0.9729999899864197,0.8618000149726868
YNL099C,YMR283C,0,-6.5608873,0.10143870115280151,0.9729999899864197,0.8618999719619751
YGR243W,YIL105C,0,-6.562523,0.10142812132835388,0.9729999899864197,0.8619999885559082
YMR292W,YOR307C,0,-6.5626416,0.10141754895448685,0.9729999899864197,0.8621000051498413
YKL051W,YKR007W,1,-6.5637255,0.10151120275259018,0.9739999771118164,0.8621000051498413
YPR030W,YCL029C,0,-6.5639935,0.10150062292814255,0.9739999771118164,0.8622000217437744
YLL040C,YHR065C,0,-6.565062,0.10149005055427551,0.9739999771118164,0.8622999787330627
YDR434W,YHR087W,0,-6.565916,0.10147947818040848,0.9739999771118164,0.8623999953269958
YBL087C,YER168C,0,-6.5669885,0.10146890580654144,0.9739999771118164,0.862500011920929
YDR508C,YKR071C,0,-6.567283,0.10145833343267441,0.9739999771118164,0.8626000285148621
YOL089C,YPR037C,0,-6.567565,0.10144776850938797,0.9739999771118164,0.8626999855041504
YJR112W,YOR159C,0,-6.5685005,0.10143720358610153,0.9739999771118164,0.8628000020980835
YGR174C,YBR295W,0,-6.568516,0.1014266386628151,0.9739999771118164,0.8629000186920166
YOL060C,YJL176C,0,-6.5694737,0.10141607373952866,0.9739999771118164,0.8629999756813049
YNL167C,YOR038C,0,-6.5698605,0.10140551626682281,0.9739999771118164,0.863099992275238
YLR430W,YPL218W,0,-6.57019,0.10139495879411697,0.9739999771118164,0.8632000088691711
YDR349C,YMR093W,0,-6.570256,0.10138440877199173,0.9739999771118164,0.8633000254631042
YLR310C,YDR060W,0,-6.5715914,0.10137385874986649,0.9739999771118164,0.8633999824523926
YOR231W,YHR071W,0,-6.5716114,0.10136330872774124,0.9739999771118164,0.8634999990463257
YMR009W,YLL011W,0,-6.57258,0.101352758705616,0.9739999771118164,0.8636000156402588
YER061C,YOR237W,0,-6.572816,0.10134220868349075,0.9739999771118164,0.8636999726295471
YKL049C,YLR052W,0,-6.574349,0.1013316661119461,0.9739999771118164,0.8637999892234802
YHR146W,YGR071C,0,-6.5749273,0.10132113099098206,0.9739999771118164,0.8639000058174133
YDR260C,YDR527W,0,-6.575157,0.10131058841943741,0.9739999771118164,0.8640000224113464
YBR163W,YPR125W,0,-6.575543,0.10130005329847336,0.9739999771118164,0.8640999794006348
YHR085W,YGL135W,0,-6.576137,0.10128951817750931,0.9739999771118164,0.8641999959945679
YHR048W,YGL208W,0,-6.5772476,0.10127898305654526,0.9739999771118164,0.864300012588501
YDR504C,YJL033W,0,-6.5791073,0.1012684553861618,0.9739999771118164,0.8644000291824341
YDR120C,YPL233W,0,-6.5795865,0.10125792771577835,0.9739999771118164,0.8644999861717224
YOR281C,YDR294C,0,-6.580439,0.1012474000453949,0.9739999771118164,0.8646000027656555
YMR194W,YDR411C,0,-6.5807176,0.10123687982559204,0.9739999771118164,0.8647000193595886
YGR285C,YPR010C,0,-6.5823126,0.10122635960578918,0.9739999771118164,0.864799976348877
YOR033C,YER008C,0,-6.5830364,0.10121583938598633,0.9739999771118164,0.8648999929428101
YIL061C,YMR047C,0,-6.5832596,0.10120531916618347,0.9739999771118164,0.8650000095367432
YPR093C,YOR221C,0,-6.584691,0.10119480639696121,0.9739999771118164,0.8651000261306763
YGR075C,YDR125C,0,-6.585026,0.10118429362773895,0.9739999771118164,0.8651999831199646
YGR083C,YMR125W,0,-6.58506,0.1011737808585167,0.9739999771118164,0.8652999997138977
YAL020C,YFL025C,0,-6.586727,0.10116327553987503,0.9739999771118164,0.8654000163078308
YJL059W,YOL063C,0,-6.5880284,0.10115277022123337,0.9739999771118164,0.8654999732971191
YPL241C,YHR196W,0,-6.5885715,0.1011422649025917,0.9739999771118164,0.8655999898910522
YDR205W,YLR425W,0,-6.589182,0.10113175958395004,0.9739999771118164,0.8657000064849854
YCR048W,YAL034W-A,0,-6.5904646,0.10112126171588898,0.9739999771118164,0.8658000230789185
YHR094C,YNL127W,0,-6.5916553,0.10111076384782791,0.9739999771118164,0.8658999800682068
YKR091W,YKR031C,0,-6.593075,0.10110027343034744,0.9739999771118164,0.8659999966621399
YLR026C,YDR191W,0,-6.593104,0.10108977556228638,0.9739999771118164,0.866100013256073
YLR287C-A,YPL235W,0,-6.594065,0.10107928514480591,0.9739999771118164,0.8661999702453613
YOR095C,YLR128W,0,-6.594444,0.10106879472732544,0.9739999771118164,0.8662999868392944
YHR191C,YJR097W,0,-6.594984,0.10105831176042557,0.9739999771118164,0.8664000034332275
YDL212W,YER185W,0,-6.5962906,0.1010478287935257,0.9739999771118164,0.8665000200271606
YFR001W,YOL120C,0,-6.596505,0.10103734582662582,0.9739999771118164,0.866599977016449
YDR001C,YHR050W,0,-6.597316,0.10102686285972595,0.9739999771118164,0.8666999936103821
YKL139W,YOR229W,0,-6.598138,0.10101638734340668,0.9739999771118164,0.8668000102043152
YBL076C,YER065C,0,-6.5983443,0.1010059118270874,0.9739999771118164,0.8669000267982483
YKL086W,YLR239C,0,-6.60038,0.10099543631076813,0.9739999771118164,0.8669999837875366
YLR009W,YNL022C,0,-6.6020384,0.10098496824502945,0.9739999771118164,0.8671000003814697
YCR063W,YOR004W,0,-6.602289,0.10097450017929077,0.9739999771118164,0.8672000169754028
YNL075W,YOL104C,0,-6.603157,0.1009640321135521,0.9739999771118164,0.8672999739646912
YIL018W,YGR061C,0,-6.6036596,0.10095356404781342,0.9739999771118164,0.8673999905586243
YFL057C,YLR004C,0,-6.6039906,0.10094310343265533,0.9739999771118164,0.8675000071525574
YLR284C,YER044C,0,-6.605009,0.10093264281749725,0.9739999771118164,0.8676000237464905
YBL058W,YNR008W,0,-6.606202,0.10092218220233917,0.9739999771118164,0.8676999807357788
YGR083C,YDR038C,0,-6.6067276,0.10091172903776169,0.9739999771118164,0.8677999973297119
YLR009W,YOL072W,0,-6.606886,0.1009012758731842,0.9739999771118164,0.867900013923645
YER058W,YDR031W,0,-6.608125,0.10089082270860672,0.9739999771118164,0.8679999709129333
YDR398W,YDR524C,0,-6.608542,0.10088036954402924,0.9739999771118164,0.8680999875068665
YPR171W,YKL020C,0,-6.60966,0.10086992383003235,0.9739999771118164,0.8682000041007996
YGR166W,YMR282C,0,-6.612022,0.10085947811603546,0.9739999771118164,0.8683000206947327
YOR229W,YLR188W,0,-6.612135,0.10084903985261917,0.9739999771118164,0.868399977684021
YHR006W,YML126C,0,-6.612358,0.10083859413862228,0.9739999771118164,0.8684999942779541
YKL144C,YNR016C,0,-6.6143227,0.100828155875206,0.9739999771118164,0.8686000108718872
YOR001W,YGR271W,0,-6.61436,0.1008177176117897,0.9739999771118164,0.8687000274658203
YKL014C,YGR102C,0,-6.6160617,0.10080728679895401,0.9739999771118164,0.8687999844551086
YIL130W,YAR019C,0,-6.6177616,0.10079685598611832,0.9739999771118164,0.8689000010490417
YDR211W,YAL024C,0,-6.618574,0.10078642517328262,0.9739999771118164,0.8690000176429749
YKL132C,YFL014W,0,-6.618595,0.10077599436044693,0.9739999771118164,0.8690999746322632
YGL209W,YAL030W,0,-6.619364,0.10076557099819183,0.9739999771118164,0.8691999912261963
YCR005C,YJR048W,0,-6.6195126,0.10075514763593674,0.9739999771118164,0.8693000078201294
YJL183W,YPL165C,0,-6.6199875,0.10074472427368164,0.9739999771118164,0.8694000244140625
YDR446W,YMR260C,0,-6.6201077,0.10073430836200714,0.9739999771118164,0.8694999814033508
YKR091W,YDL028C,0,-6.6207533,0.10072388499975204,0.9739999771118164,0.8695999979972839
YBL069W,YLR375W,0,-6.620862,0.10071347653865814,0.9739999771118164,0.869700014591217
YGR172C,YLL012W,0,-6.620877,0.10070306062698364,0.9739999771118164,0.8697999715805054
YGR288W,YBR296C,0,-6.622172,0.10069265216588974,0.9739999771118164,0.8698999881744385
YLR026C,YLR025W,0,-6.6222105,0.10068224370479584,0.9739999771118164,0.8700000047683716
YDR475C,YMR285C,0,-6.6225986,0.10067183524370193,0.9739999771118164,0.8701000213623047
YJR041C,YDL248W,0,-6.622951,0.10066142678260803,0.9739999771118164,0.870199978351593
YKR019C,YPR108W,0,-6.6244984,0.10065102577209473,0.9739999771118164,0.8702999949455261
YCR034W,YDR313C,0,-6.624524,0.10064062476158142,0.9739999771118164,0.8704000115394592
YDL019C,YGL175C,0,-6.625709,0.10063023120164871,0.9739999771118164,0.8705000281333923
YER007W,YIR012W,0,-6.6258116,0.100619837641716,0.9739999771118164,0.8705999851226807
YKR101W,YGL099W,0,-6.6261225,0.1006094440817833,0.9739999771118164,0.8707000017166138
YGR208W,YAR035W,0,-6.626659,0.10059905052185059,0.9739999771118164,0.8708000183105469
YGR078C,YDR446W,0,-6.6266823,0.10058865696191788,0.9739999771118164,0.8708999752998352
YNL073W,YOL091W,0,-6.6267133,0.10057827085256577,0.9739999771118164,0.8709999918937683
YDR190C,YLR090W,0,-6.626732,0.10056789219379425,0.9739999771118164,0.8711000084877014
YMR176W,YOR001W,0,-6.6267524,0.10055750608444214,0.9739999771118164,0.8712000250816345
YKR103W,YIR028W,0,-6.627763,0.10054712742567062,0.9739999771118164,0.8712999820709229
YFR053C,YKR014C,0,-6.6289425,0.10053674876689911,0.9739999771118164,0.871399998664856
YER151C,YHR194W,0,-6.6296487,0.1005263701081276,0.9739999771118164,0.8715000152587891
YDR488C,YPL192C,0,-6.629689,0.10051599889993668,0.9739999771118164,0.8715999722480774
YIL111W,YJR004C,0,-6.6296916,0.10050562024116516,0.9739999771118164,0.8716999888420105
YLL028W,YDR468C,0,-6.630677,0.10049525648355484,0.9739999771118164,0.8718000054359436
YML017W,YNL151C,0,-6.6307983,0.10048488527536392,0.9739999771118164,0.8719000220298767
YDR101C,YNL293W,0,-6.6311855,0.1004745215177536,0.9739999771118164,0.871999979019165
YIR041W,YGL116W,0,-6.6321735,0.10046415776014328,0.9739999771118164,0.8720999956130981
YBR240C,YIR021W,0,-6.6329207,0.10045379400253296,0.9739999771118164,0.8722000122070312
YKR103W,YKL048C,0,-6.634041,0.10044343769550323,0.9739999771118164,0.8723000288009644
YPL115C,YGL119W,0,-6.63457,0.10043308138847351,0.9739999771118164,0.8723999857902527
YOL026C,YLR004C,0,-6.634671,0.10042272508144379,0.9739999771118164,0.8725000023841858
YJR059W,YGR075C,0,-6.634736,0.10041236877441406,0.9739999771118164,0.8726000189781189
YDL031W,YBL037W,0,-6.635638,0.10040201991796494,0.9739999771118164,0.8726999759674072
YDL085W,YAL034W-A,0,-6.6357017,0.10039167106151581,0.9739999771118164,0.8727999925613403
YJL139C,YMR063W,0,-6.636075,0.10038132220506668,0.9739999771118164,0.8729000091552734
YGR227W,YDL188C,0,-6.636239,0.10037098079919815,0.9739999771118164,0.8730000257492065
YOR226C,YML023C,0,-6.638115,0.10036063939332962,0.9739999771118164,0.8730999827384949
YDR101C,YPR043W,0,-6.638543,0.10035029798746109,0.9739999771118164,0.873199999332428
YDL101C,YDR231C,0,-6.638652,0.10033996403217316,0.9739999771118164,0.8733000159263611
YOR237W,YDL008W,0,-6.6386642,0.10032962262630463,0.9739999771118164,0.8733999729156494
YDR022C,YDR311W,0,-6.6397614,0.1003192886710167,0.9739999771118164,0.8734999895095825
YBL066C,YJR159W,0,-6.6410904,0.10030896216630936,0.9739999771118164,0.8736000061035156
YBR221C,YIR038C,0,-6.6415777,0.10029862821102142,0.9739999771118164,0.8737000226974487
YNL087W,YNL192W,0,-6.6423426,0.10028830170631409,0.9739999771118164,0.8737999796867371
YDR501W,YHR160C,0,-6.6445646,0.10027797520160675,0.9739999771118164,0.8738999962806702
YIL095W,YGR088W,0,-6.6447687,0.10026765614748001,0.9739999771118164,0.8740000128746033
YOL066C,YJL069C,0,-6.646487,0.10025733709335327,0.9739999771118164,0.8741000294685364
YJR031C,YLR275W,0,-6.646907,0.10024701803922653,0.9739999771118164,0.8741999864578247
YGR123C,YAL054C,0,-6.6483135,0.10023669898509979,0.9739999771118164,0.8743000030517578
YJL162C,YDR172W,0,-6.648492,0.10022638738155365,0.9739999771118164,0.8744000196456909
YBR094W,YPL026C,0,-6.6486387,0.10021606832742691,0.9739999771118164,0.8744999766349792
YML077W,YKR037C,0,-6.648774,0.10020576417446136,0.9739999771118164,0.8745999932289124
YPL050C,YGR004W,0,-6.648971,0.10019545257091522,0.9739999771118164,0.8747000098228455
YGR072W,YDR386W,0,-6.6501026,0.10018514841794968,0.9739999771118164,0.8748000264167786
YIL090W,YBR301W,0,-6.6514893,0.10017484426498413,0.9739999771118164,0.8748999834060669
YDR055W,YOL005C,0,-6.6515436,0.10016454011201859,0.9739999771118164,0.875
YHR104W,YOR247W,0,-6.651968,0.10015424340963364,0.9739999771118164,0.8751000165939331
YNR044W,YEL018W,0,-6.6537275,0.10014394670724869,0.9739999771118164,0.8751999735832214
YJR082C,YJL146W,0,-6.6539507,0.10013365000486374,0.9739999771118164,0.8752999901771545
YKR020W,YOL056W,0,-6.65403,0.10012335330247879,0.9739999771118164,0.8754000067710876
YLR387C,YDR214W,0,-6.6541233,0.10011306405067444,0.9739999771118164,0.8755000233650208
YDR123C,YDR168W,0,-6.6543336,0.10010277479887009,0.9739999771118164,0.8755999803543091
YLR418C,YOR351C,0,-6.6544895,0.10009248554706573,0.9739999771118164,0.8756999969482422
YKR042W,YPL265W,0,-6.6562696,0.10008220374584198,0.9739999771118164,0.8758000135421753
YLL013C,YPL177C,0,-6.6564097,0.10007192194461823,0.9739999771118164,0.8758999705314636
YPR192W,YML065W,0,-6.6567345,0.10006164014339447,0.9739999771118164,0.8759999871253967
YJL030W,YNR053C,0,-6.6567783,0.10005135834217072,0.9739999771118164,0.8761000037193298
YOL112W,YOR233W,0,-6.6579,0.10004108399152756,0.9739999771118164,0.8762000203132629
YGL175C,YFL055W,0,-6.659609,0.1000308096408844,0.9739999771118164,0.8762999773025513
YHL016C,YER057C,0,-6.6613007,0.10002053529024124,0.9739999771118164,0.8763999938964844
YBL031W,YER122C,0,-6.661742,0.10001026839017868,0.9739999771118164,0.8765000104904175
YHL016C,YHR111W,0,-6.6637373,0.10000000149011612,0.9739999771118164,0.8766000270843506
YGR058W,YDR171W,0,-6.66389,0.09998973459005356,0.9739999771118164,0.8766999840736389
YKL041W,YOR359W,0,-6.664083,0.099979467689991,0.9739999771118164,0.876800000667572
YKL093W,YBR201W,0,-6.6641994,0.09996920824050903,0.9739999771118164,0.8769000172615051
YHR157W,YPL053C,0,-6.665762,0.09995894879102707,0.9739999771118164,0.8769999742507935
YMR182C,YER127W,0,-6.6678514,0.0999486893415451,0.9739999771118164,0.8770999908447266
YIL010W,YMR128W,0,-6.6699553,0.09993843734264374,0.9739999771118164,0.8772000074386597
YDR017C,YOR068C,1,-6.6712947,0.10003077983856201,0.9750000238418579,0.8772000074386597
YNR067C,YGR094W,0,-6.671653,0.10002052038908005,0.9750000238418579,0.8773000240325928
YDR485C,YNR065C,0,-6.672182,0.10001026093959808,0.9750000238418579,0.8773999810218811
YOL151W,YDR246W,0,-6.6726623,0.10000000149011612,0.9750000238418579,0.8774999976158142
YBR077C,YJR053W,0,-6.673009,0.09998974204063416,0.9750000238418579,0.8776000142097473
YDR486C,YMR123W,0,-6.673271,0.09997949004173279,0.9750000238418579,0.8776999711990356
YDR229W,YDR246W,0,-6.6742897,0.09996923804283142,0.9750000238418579,0.8777999877929688
YGR044C,YMR290C,0,-6.6743946,0.09995899349451065,0.9750000238418579,0.8779000043869019
YBR301W,YKL167C,0,-6.6744432,0.09994874149560928,0.9750000238418579,0.878000020980835
YDL204W,YPL055C,0,-6.6746826,0.09993849694728851,0.9750000238418579,0.8780999779701233
YPR073C,YDR419W,0,-6.6748285,0.09992825984954834,0.9750000238418579,0.8781999945640564
YIL112W,YDR337W,0,-6.675623,0.09991801530122757,0.9750000238418579,0.8783000111579895
YML022W,YIL127C,0,-6.6756887,0.0999077782034874,0.9750000238418579,0.8784000277519226
YCR004C,YHL024W,0,-6.6760654,0.09989754110574722,0.9750000238418579,0.8784999847412109
YLR401C,YDL024C,0,-6.676595,0.09988730400800705,0.9750000238418579,0.878600001335144
YOR378W,YOR260W,0,-6.6767826,0.09987707436084747,0.9750000238418579,0.8787000179290771
YNL108C,YGR263C,0,-6.677925,0.0998668447136879,0.9750000238418579,0.8787999749183655
YAL055W,YDR478W,0,-6.6787863,0.09985661506652832,0.9750000238418579,0.8788999915122986
YJL031C,YPR152C,0,-6.679552,0.09984639286994934,0.9750000238418579,0.8790000081062317
YNL073W,YMR106C,0,-6.679841,0.09983616322278976,0.9750000238418579,0.8791000247001648
YMR017W,YPL007C,0,-6.679923,0.09982594102621078,0.9750000238418579,0.8791999816894531
YMR289W,YLL057C,0,-6.680284,0.0998157262802124,0.9750000238418579,0.8792999982833862
YMR109W,YNR012W,0,-6.6807675,0.09980550408363342,0.9750000238418579,0.8794000148773193
YNL158W,YNL262W,0,-6.6818833,0.09979528933763504,0.9750000238418579,0.8794999718666077
YER008C,YPL166W,0,-6.6819887,0.09978507459163666,0.9750000238418579,0.8795999884605408
YCL037C,YNL127W,0,-6.6821756,0.09977486729621887,0.9750000238418579,0.8797000050544739
YNL110C,YOR306C,0,-6.6826606,0.09976466000080109,0.9750000238418579,0.879800021648407
YOR335C,YPL196W,0,-6.683464,0.0997544527053833,0.9750000238418579,0.8798999786376953
YGR174C,YML049C,0,-6.683837,0.09974424540996552,0.9750000238418579,0.8799999952316284
YKR054C,YPL064C,0,-6.684515,0.09973404556512833,0.9750000238418579,0.8801000118255615
YNR056C,YPL053C,0,-6.6848593,0.09972383826971054,0.9750000238418579,0.8802000284194946
YMR201C,YNL236W,0,-6.685008,0.09971364587545395,0.9750000238418579,0.880299985408783
YDL010W,YHR160C,0,-6.6863656,0.09970344603061676,0.9750000238418579,0.8804000020027161
YCL008C,YER052C,0,-6.690389,0.09969325363636017,0.9750000238418579,0.8805000185966492
YDR453C,YOR306C,0,-6.690399,0.09968306124210358,0.9750000238418579,0.8805999755859375
YCR030C,YMR216C,0,-6.692262,0.09967286884784698,0.9750000238418579,0.8806999921798706
YGL197W,YGR075C,0,-6.692766,0.0996626764535904,0.9750000238418579,0.8808000087738037
YPR060C,YNL272C,0,-6.692978,0.0996524915099144,0.9750000238418579,0.8809000253677368
YOR260W,YOR221C,0,-6.6934147,0.0996423065662384,0.9750000238418579,0.8809999823570251
YDR434W,YBR155W,0,-6.6935425,0.099632129073143,0.9750000238418579,0.8810999989509583
YDL099W,YNL218W,0,-6.6945868,0.09962194412946701,0.9750000238418579,0.8812000155448914
YJL093C,YBL020W,0,-6.695317,0.09961176663637161,0.9750000238418579,0.8812999725341797
YAR050W,YIR004W,0,-6.69637,0.09960159659385681,0.9750000238418579,0.8813999891281128
YDR295C,YPL152W,0,-6.6971664,0.09959141910076141,0.9750000238418579,0.8815000057220459
YOL149W,YMR316W,0,-6.6976767,0.09958124905824661,0.9750000238418579,0.881600022315979
YIR028W,YDL021W,0,-6.6981463,0.09957107901573181,0.9750000238418579,0.8816999793052673
YLR045C,YMR283C,0,-6.6990576,0.09956090897321701,0.9750000238418579,0.8817999958992004
YER024W,YOR374W,0,-6.699674,0.0995507463812828,0.9750000238418579,0.8819000124931335
YJR057W,YDR270W,0,-6.7010965,0.0995405837893486,0.9750000238418579,0.8820000290870667
YER088C,YFL034C-B,0,-6.701602,0.0995304211974144,0.9750000238418579,0.882099986076355
YBR046C,YJL083W,0,-6.7023215,0.0995202586054802,0.9750000238418579,0.8822000026702881
YNL009W,YBR299W,0,-6.702334,0.09951010346412659,0.9750000238418579,0.8823000192642212
YKL043W,YNL062C,0,-6.702445,0.09949994832277298,0.9750000238418579,0.8823999762535095
YPR167C,YMR123W,0,-6.7029247,0.09948979318141937,0.9750000238418579,0.8824999928474426
YLR383W,YMR183C,0,-6.7041397,0.09947964549064636,0.9750000238418579,0.8826000094413757
YDR330W,YER139C,0,-6.7047806,0.09946949779987335,0.9750000238418579,0.8827000260353088
YNL292W,YDR501W,0,-6.7071304,0.09945935010910034,0.9750000238418579,0.8827999830245972
YMR289W,YOR351C,0,-6.708244,0.09944920241832733,0.9750000238418579,0.8828999996185303
YNL264C,YJL056C,0,-6.7094765,0.09943906217813492,0.9750000238418579,0.8830000162124634
YFL061W,YJR090C,0,-6.710529,0.0994289219379425,0.9750000238418579,0.8830999732017517
YGL223C,YMR233W,0,-6.7107058,0.09941878169775009,0.9750000238418579,0.8831999897956848
YFR034C,YER008C,0,-6.711229,0.09940864890813828,0.9750000238418579,0.8833000063896179
YKL193C,YML014W,0,-6.71125,0.09939850866794586,0.9750000238418579,0.883400022983551
YLL048C,YER073W,0,-6.71188,0.09938837587833405,0.9750000238418579,0.8834999799728394
YDR281C,YGL184C,0,-6.713095,0.09937825053930283,0.9750000238418579,0.8835999965667725
YNL112W,YGL192W,0,-6.714017,0.09936811774969101,0.9750000238418579,0.8837000131607056
YGR194C,YDL102W,0,-6.7144823,0.09935799241065979,0.9750000238418579,0.8838000297546387
YLR144C,YGR145W,0,-6.7148438,0.09934786707162857,0.9750000238418579,0.883899986743927
YLR009W,YPL002C,0,-6.715776,0.09933774918317795,0.9750000238418579,0.8840000033378601
YLR394W,YPL222W,0,-6.71768,0.09932763129472733,0.9750000238418579,0.8841000199317932
YNL111C,YIL084C,0,-6.7177505,0.0993175134062767,0.9750000238418579,0.8841999769210815
YLR367W,YGR285C,0,-6.720063,0.09930739551782608,0.9750000238418579,0.8842999935150146
YGR221C,YHR151C,0,-6.720645,0.09929727762937546,0.9750000238418579,0.8844000101089478
YKL057C,YIL121W,0,-6.720874,0.09928716719150543,0.9750000238418579,0.8845000267028809
YNR002C,YLR238W,0,-6.7210145,0.0992770567536354,0.9750000238418579,0.8845999836921692
YGL141W,YHR152W,0,-6.722332,0.09926695376634598,0.9750000238418579,0.8847000002861023
YGR275W,YOL109W,0,-6.7223973,0.09925684332847595,0.9750000238418579,0.8848000168800354
YGL022W,YMR271C,0,-6.7230835,0.09924674034118652,0.9750000238418579,0.8848999738693237
YBR156C,YBR040W,0,-6.72544,0.09923664480447769,0.9750000238418579,0.8849999904632568
YKR063C,YJL042W,0,-6.726322,0.09922654181718826,0.9750000238418579,0.8851000070571899
YLR224W,YNL119W,0,-6.726432,0.09921644628047943,0.9750000238418579,0.885200023651123
YDL031W,YKL163W,0,-6.726671,0.0992063507437706,0.9750000238418579,0.8852999806404114
YKL093W,YDL042C,0,-6.72731,0.09919625520706177,0.9750000238418579,0.8853999972343445
YDR538W,YJL142C,0,-6.7275515,0.09918616712093353,0.9750000238418579,0.8855000138282776
YJL010C,YDR468C,0,-6.727641,0.0991760790348053,0.9750000238418579,0.8855999708175659
YIL154C,YDR487C,0,-6.7279634,0.09916599094867706,0.9750000238418579,0.885699987411499
YNL221C,YDL013W,0,-6.728069,0.09915590286254883,0.9750000238418579,0.8858000040054321
YJL101C,YPL203W,0,-6.728401,0.09914582222700119,0.9750000238418579,0.8859000205993652
YKL114C,YPR164W,0,-6.7288074,0.09913574159145355,0.9750000238418579,0.8859999775886536
YGR140W,YDR439W,0,-6.728943,0.09912566095590591,0.9750000238418579,0.8860999941825867
YLR461W,YEL015W,0,-6.7302074,0.09911558032035828,0.9750000238418579,0.8862000107765198
YOR363C,YOR207C,0,-6.7302523,0.09910550713539124,0.9750000238418579,0.8863000273704529
YJL013C,YJR110W,0,-6.7315383,0.0990954339504242,0.9750000238418579,0.8863999843597412
YDR039C,YGL111W,0,-6.7322516,0.09908536821603775,0.9750000238418579,0.8865000009536743
YPL177C,YEL061C,0,-6.732297,0.09907529503107071,0.9750000238418579,0.8866000175476074
YDR293C,YGL064C,0,-6.7334366,0.09906522929668427,0.9750000238418579,0.8866999745368958
YHL040C,YHR029C,0,-6.7344437,0.09905516356229782,0.9750000238418579,0.8867999911308289
YGR243W,YER038C,0,-6.7354946,0.09904510527849197,0.9750000238418579,0.886900007724762
YDR495C,YFR019W,1,-6.739764,0.09913662075996399,0.9760000109672546,0.886900007724762
YOL135C,YER182W,0,-6.7403097,0.09912654757499695,0.9760000109672546,0.8870000243186951
YER106W,YDR302W,0,-6.7404375,0.0991164818406105,0.9760000109672546,0.8870999813079834
YER127W,YPR171W,0,-6.7424545,0.09910641610622406,0.9760000109672546,0.8871999979019165
YNL175C,YGL226W,0,-6.7437677,0.09909635782241821,0.9760000109672546,0.8873000144958496
YDL214C,YNL081C,0,-6.7446074,0.09908629208803177,0.9760000109672546,0.8873999714851379
YIL019W,YJR112W,0,-6.7446184,0.09907623380422592,0.9760000109672546,0.887499988079071
YIL074C,YGL251C,0,-6.744765,0.09906618297100067,0.9760000109672546,0.8876000046730042
YJR034W,YER037W,0,-6.745075,0.09905612468719482,0.9760000109672546,0.8877000212669373
YLR364W,YDL076C,0,-6.745279,0.09904607385396957,0.9760000109672546,0.8877999782562256
YML042W,YNL240C,0,-6.745741,0.09903602302074432,0.9760000109672546,0.8878999948501587
YDR118W,YGR078C,0,-6.7458057,0.09902597218751907,0.9760000109672546,0.8880000114440918
YLR002C,YJR068W,0,-6.7458806,0.09901592880487442,0.9760000109672546,0.8881000280380249
YDR307W,YOR061W,0,-6.7471967,0.09900588542222977,0.9760000109672546,0.8881999850273132
YDR231C,YCL039W,0,-6.7475104,0.09899584203958511,0.9760000109672546,0.8883000016212463
YBR282W,YNR072W,0,-6.747806,0.09898579865694046,0.9760000109672546,0.8884000182151794
YGL071W,YGL005C,0,-6.7481313,0.0989757627248764,0.9760000109672546,0.8884999752044678
YDL168W,YBL017C,0,-6.748266,0.09896572679281235,0.9760000109672546,0.8885999917984009
YBR136W,YOR149C,0,-6.750412,0.09895569086074829,0.9760000109672546,0.888700008392334
YAL024C,YBL039C,0,-6.7521124,0.09894566237926483,0.9760000109672546,0.8888000249862671
YDR475C,YIL110W,0,-6.753726,0.09893563389778137,0.9760000109672546,0.8888999819755554
YKR092C,YAL011W,0,-6.7563763,0.09892560541629791,0.9760000109672546,0.8889999985694885
YLR242C,YLR083C,0,-6.7571425,0.09891557693481445,0.9760000109672546,0.8891000151634216
YBL031W,YHR017W,0,-6.7575903,0.09890555590391159,0.9760000109672546,0.88919997215271
YBR066C,YDR077W,0,-6.7580924,0.09889553487300873,0.9760000109672546,0.8892999887466431
YBR279W,YEL060C,0,-6.758507,0.09888551384210587,0.9760000109672546,0.8894000053405762
YLR244C,YJR143C,0,-6.759436,0.098875492811203,0.9760000109672546,0.8895000219345093
YMR032W,YER185W,0,-6.759654,0.09886547923088074,0.9760000109672546,0.8895999789237976
YGR221C,YDR253C,0,-6.7596707,0.09885546565055847,0.9760000109672546,0.8896999955177307
YHL048W,YLR205C,0,-6.75974,0.0988454520702362,0.9760000109672546,0.8898000121116638
YLR013W,YBR221C,0,-6.759954,0.09883544594049454,0.9760000109672546,0.8899000287055969
YMR135C,YNL330C,0,-6.7606916,0.09882543236017227,0.9760000109672546,0.8899999856948853
YNL112W,YIL148W,0,-6.76112,0.0988154262304306,0.9760000109672546,0.8901000022888184
YCL027W,YIL135C,0,-6.762102,0.09880542755126953,0.9760000109672546,0.8902000188827515
YER093C,YNR065C,0,-6.7621965,0.09879542142152786,0.9760000109672546,0.8902999758720398
YJL006C,YCR091W,0,-6.76476,0.09878542274236679,0.9760000109672546,0.8903999924659729
YLR069C,YIL050W,0,-6.7664633,0.09877542406320572,0.9760000109672546,0.890500009059906
YMR193W,YGR224W,0,-6.7675934,0.09876543283462524,0.9760000109672546,0.8906000256538391
YCR097W,YHR152W,0,-6.7682686,0.09875544160604477,0.9760000109672546,0.8906999826431274
YDR059C,YKL039W,0,-6.7685966,0.0987454503774643,0.9760000109672546,0.8907999992370605
YAR002W,YOR037W,0,-6.768915,0.09873545914888382,0.9760000109672546,0.8909000158309937
YLR467W,YPL126W,0,-6.771448,0.09872546792030334,0.9760000109672546,0.890999972820282
YER094C,YIL121W,0,-6.7765474,0.09871548414230347,0.9760000109672546,0.8910999894142151
YLL040C,YDL102W,0,-6.7776613,0.09870550036430359,0.9760000109672546,0.8912000060081482
YLR387C,YJL134W,0,-6.7779827,0.09869551658630371,0.9760000109672546,0.8913000226020813
YDL159W,YDR223W,0,-6.77868,0.09868554025888443,0.9760000109672546,0.8913999795913696
YNR044W,YMR048W,0,-6.779471,0.09867556393146515,0.9760000109672546,0.8914999961853027
YOR098C,YDR300C,0,-6.781808,0.09866558760404587,0.9760000109672546,0.8916000127792358
YOL081W,YDR156W,0,-6.7822347,0.09865561872720718,0.9760000109672546,0.891700029373169
YFR019W,YLR240W,1,-6.7837367,0.09874671697616577,0.9769999980926514,0.891700029373169
YOL011W,YPR040W,0,-6.784376,0.0987367331981659,0.9769999980926514,0.8917999863624573
YGR070W,YBR021W,0,-6.785734,0.09872675687074661,0.9769999980926514,0.8919000029563904
YJL192C,YPR121W,0,-6.7864227,0.09871678054332733,0.9769999980926514,0.8920000195503235
YNL302C,YLR221C,0,-6.7864995,0.09870681166648865,0.9769999980926514,0.8920999765396118
YIL140W,YLL022C,0,-6.7865257,0.09869683533906937,0.9769999980926514,0.8921999931335449
YAL059W,YOL148C,0,-6.7884045,0.09868686646223068,0.9769999980926514,0.892300009727478
YIR023W,YPR023C,0,-6.7886186,0.0986769050359726,0.9769999980926514,0.8924000263214111
YOR327C,YDR527W,0,-6.789561,0.09866693615913391,0.9769999980926514,0.8924999833106995
YLR329W,YJL125C,0,-6.7898903,0.09865697473287582,0.9769999980926514,0.8925999999046326
YNL112W,YLR136C,0,-6.7914925,0.09864701330661774,0.9769999980926514,0.8927000164985657
YBR222C,YBR026C,0,-6.791607,0.09863705188035965,0.9769999980926514,0.892799973487854
YEL040W,YDR421W,0,-6.7917967,0.09862709790468216,0.9769999980926514,0.8928999900817871
YDR017C,YDL077C,1,-6.7944,0.0987180769443512,0.9779999852180481,0.8928999900817871
YNL052W,YGR049W,0,-6.794468,0.09870811551809311,0.9779999852180481,0.8930000066757202
YFL045C,YNL204C,0,-6.79478,0.09869815409183502,0.9779999852180481,0.8931000232696533
YHR007C,YGR263C,0,-6.795683,0.09868819266557693,0.9779999852180481,0.8931999802589417
YER019W,YML085C,0,-6.796759,0.09867823868989944,0.9779999852180481,0.8932999968528748
YER111C,YCL064C,0,-6.7972484,0.09866827726364136,0.9779999852180481,0.8934000134468079
YBL019W,YKL201C,0,-6.79799,0.09865833073854446,0.9779999852180481,0.8934999704360962
YDR317W,YDR283C,0,-6.7983503,0.09864837676286697,0.9779999852180481,0.8935999870300293
YLR098C,YBL088C,0,-6.7993164,0.09863843023777008,0.9779999852180481,0.8937000036239624
YDL139C,YIL042C,0,-6.8002467,0.09862847626209259,0.9779999852180481,0.8938000202178955
YMR278W,YDR213W,0,-6.800564,0.0986185371875763,0.9779999852180481,0.8938999772071838
YDR194C,YOR301W,0,-6.801724,0.0986085906624794,0.9779999852180481,0.8939999938011169
YIL023C,YNL191W,0,-6.801758,0.0985986515879631,0.9779999852180481,0.89410001039505
YNR019W,YDR259C,0,-6.8024826,0.09858871251344681,0.9779999852180481,0.8942000269889832
YOL032W,YOL116W,0,-6.8045764,0.09857877343893051,0.9779999852180481,0.8942999839782715
YJR123W,YIL110W,0,-6.804723,0.09856883436441422,0.9779999852180481,0.8944000005722046
YBL028C,YER107C,0,-6.8050394,0.09855890274047852,0.9779999852180481,0.8945000171661377
YOL041C,YNL152W,0,-6.8058066,0.09854897111654282,0.9779999852180481,0.894599974155426
YHR104W,YBR170C,0,-6.80618,0.09853903949260712,0.9779999852180481,0.8946999907493591
YMR100W,YER115C,0,-6.8069,0.09852911531925201,0.9779999852180481,0.8948000073432922
YBR185C,YKL203C,0,-6.8069654,0.09851919114589691,0.9779999852180481,0.8949000239372253
YMR263W,YGR043C,0,-6.8072786,0.09850926697254181,0.9779999852180481,0.8949999809265137
YLR276C,YMR225C,0,-6.8085704,0.0984993427991867,0.9779999852180481,0.8950999975204468
YDL214C,YPL253C,0,-6.809767,0.0984894260764122,0.9779999852180481,0.8952000141143799
YGL216W,YDR530C,0,-6.8108616,0.0984795093536377,0.9779999852180481,0.8952999711036682
YKR086W,YBR201W,0,-6.811071,0.09846959263086319,0.9779999852180481,0.8953999876976013
YOR005C,YPR111W,0,-6.8147936,0.09845968335866928,0.9779999852180481,0.8955000042915344
YNL284C,YCL025C,0,-6.8156586,0.09844976663589478,0.9779999852180481,0.8956000208854675
YNL202W,YGL236C,0,-6.81864,0.09843985736370087,0.9779999852180481,0.8956999778747559
YMR164C,YBR273C,0,-6.819956,0.09842994809150696,0.9779999852180481,0.895799994468689
YPR088C,YLR222C,0,-6.8209343,0.09842004626989365,0.9779999852180481,0.8959000110626221
YGR081C,YPR100W,0,-6.821267,0.09841014444828033,0.9779999852180481,0.8960000276565552
YGR065C,YMR059W,0,-6.821438,0.09840024262666702,0.9779999852180481,0.8960999846458435
YOR018W,YMR056C,0,-6.8216057,0.09839034080505371,0.9779999852180481,0.8962000012397766
YLR394W,YER070W,0,-6.8222256,0.098380446434021,0.9779999852180481,0.8963000178337097
YBR213W,YIR013C,0,-6.8227463,0.09837055206298828,0.9779999852180481,0.896399974822998
YCL051W,YGR280C,0,-6.823312,0.09836065769195557,0.9779999852180481,0.8964999914169312
YMR022W,YIL160C,0,-6.8258495,0.09835076332092285,0.9779999852180481,0.8966000080108643
YOR119C,YNL149C,0,-6.82686,0.09834087640047073,0.9779999852180481,0.8967000246047974
YOL051W,YCL037C,0,-6.827608,0.09833098948001862,0.9779999852180481,0.8967999815940857
YMR304W,YOR084W,0,-6.827935,0.0983211025595665,0.9779999852180481,0.8968999981880188
YNR032C-A,YMR063W,0,-6.8280106,0.09831121563911438,0.9779999852180481,0.8970000147819519
YKL196C,YHR065C,0,-6.8289175,0.09830133616924286,0.9779999852180481,0.8970999717712402
YOR065W,YDR084C,0,-6.8291445,0.09829145669937134,0.9779999852180481,0.8971999883651733
YDR477W,YMR093W,0,-6.8304925,0.09828157722949982,0.9779999852180481,0.8973000049591064
YAL024C,YDR171W,0,-6.830618,0.09827170521020889,0.9779999852180481,0.8974000215530396
YML109W,YBL066C,0,-6.832824,0.09826183319091797,0.9779999852180481,0.8974999785423279
YOR307C,YEL022W,0,-6.83296,0.09825196117162704,0.9779999852180481,0.897599995136261
YNL156C,YCR010C,0,-6.8329706,0.09824208915233612,0.9779999852180481,0.8977000117301941
YOR078W,YKL054C,0,-6.8332276,0.0982322245836258,0.9779999852180481,0.8978000283241272
YBL038W,YNL136W,0,-6.8343105,0.09822235256433487,0.9779999852180481,0.8978999853134155
YGR195W,YPR164W,0,-6.835078,0.09821249544620514,0.9779999852180481,0.8980000019073486
YOL089C,YBR170C,0,-6.836756,0.09820263087749481,0.9779999852180481,0.8981000185012817
YCL063W,YIL048W,1,-6.837307,0.09829317033290863,0.9789999723434448,0.8981000185012817
YHR006W,YLL011W,0,-6.8379183,0.0982833057641983,0.9789999723434448,0.8981999754905701
YMR115W,YOL081W,0,-6.8382883,0.09827344119548798,0.9789999723434448,0.8982999920845032
YGL145W,YMR282C,0,-6.8390512,0.09826357662677765,0.9789999723434448,0.8984000086784363
YGL243W,YLR417W,0,-6.839707,0.09825371205806732,0.9789999723434448,0.8985000252723694
YER038C,YBR195C,0,-6.8397517,0.09824385493993759,0.9789999723434448,0.8985999822616577
YMR049C,YLR092W,0,-6.8400702,0.09823399782180786,0.9789999723434448,0.8986999988555908
YKL143W,YEL015W,0,-6.840117,0.09822414070367813,0.9789999723434448,0.8988000154495239
YHR006W,YOR095C,0,-6.8411007,0.0982142835855484,0.9789999723434448,0.8988999724388123
YJL092W,YKL168C,0,-6.8411627,0.09820443391799927,0.9789999723434448,0.8989999890327454
YBR278W,YPL001W,0,-6.8413205,0.09819458425045013,0.9789999723434448,0.8991000056266785
YLR430W,YDR339C,0,-6.84514,0.098184734582901,0.9789999723434448,0.8992000222206116
YEL064C,YLR430W,0,-6.8457155,0.09817489236593246,0.9789999723434448,0.8992999792098999
YOR337W,YDR461W,0,-6.8465133,0.09816504269838333,0.9789999723434448,0.899399995803833
YMR078C,YOL105C,0,-6.84796,0.0981552004814148,0.9789999723434448,0.8995000123977661
YBL061C,YMR201C,0,-6.8512897,0.09814536571502686,0.9789999723434448,0.8996000289916992
YCR048W,YOR058C,0,-6.852044,0.09813552349805832,0.9789999723434448,0.8996999859809875
YFR019W,YDL077C,1,-6.8525963,0.0982259213924408,0.9800000190734863,0.8996999859809875
YKL211C,YNL074C,0,-6.853247,0.09821607172489166,0.9800000190734863,0.8998000025749207
YMR070W,YLR244C,0,-6.8539114,0.09820622950792313,0.9800000190734863,0.8999000191688538
YHL001W,YJL109C,0,-6.8541546,0.09819639474153519,0.9800000190734863,0.8999999761581421
YGR211W,YKL198C,0,-6.854951,0.09818655252456665,0.9800000190734863,0.9000999927520752
YDL194W,YBR186W,0,-6.8557158,0.09817671775817871,0.9800000190734863,0.9002000093460083
YBR061C,YLR251W,0,-6.8598194,0.09816688299179077,0.9800000190734863,0.9003000259399414
YDR394W,YMR182C,0,-6.861197,0.09815704822540283,0.9800000190734863,0.9003999829292297
YBR014C,YLR051C,0,-6.8615913,0.09814722090959549,0.9800000190734863,0.9004999995231628
YMR032W,YDR088C,0,-6.861844,0.09813739359378815,0.9800000190734863,0.900600016117096
YPL134C,YKR053C,0,-6.8619075,0.0981275662779808,0.9800000190734863,0.9006999731063843
YNR053C,YBR098W,0,-6.8619137,0.09811773896217346,0.9800000190734863,0.9007999897003174
YNR039C,YOL116W,0,-6.8619766,0.09810791909694672,0.9800000190734863,0.9009000062942505
YLR336C,YMR274C,0,-6.8628244,0.09809809923171997,0.9800000190734863,0.9010000228881836
YPL089C,YDR264C,0,-6.8629675,0.09808827936649323,0.9800000190734863,0.9010999798774719
YHR124W,YBR162W-A,0,-6.863086,0.09807845950126648,0.9800000190734863,0.901199996471405
YOR201C,YFR034C,0,-6.8640785,0.09806864708662033,0.9800000190734863,0.9013000130653381
YDR507C,YCL005W,0,-6.865794,0.09805883467197418,0.9800000190734863,0.9014000296592712
YDR125C,YCL001W,0,-6.865915,0.09804902225732803,0.9800000190734863,0.9014999866485596
YOR301W,YNL131W,0,-6.8662004,0.09803921729326248,0.9800000190734863,0.9016000032424927
YOR275C,YKL138C,0,-6.867653,0.09802941232919693,0.9800000190734863,0.9017000198364258
YCR067C,YPL165C,0,-6.8685107,0.09801960736513138,0.9800000190734863,0.9017999768257141
YOR301W,YPR178W,0,-6.869501,0.09800980240106583,0.9800000190734863,0.9018999934196472
YDR485C,YLR321C,0,-6.870044,0.09799999743700027,0.9800000190734863,0.9020000100135803
YGR078C,YOR301W,0,-6.8707094,0.09799019992351532,0.9800000190734863,0.9021000266075134
YNL116W,YBL084C,0,-6.8710284,0.09798040241003036,0.9800000190734863,0.9021999835968018
YBR189W,YHR105W,0,-6.872858,0.09797061234712601,0.9800000190734863,0.9023000001907349
YKR044W,YPR164W,0,-6.8743258,0.09796081483364105,0.9800000190734863,0.902400016784668
YKL041W,YKR090W,0,-6.875329,0.0979510247707367,0.9800000190734863,0.9024999737739563
YHR191C,YOR256C,0,-6.8755255,0.09794123470783234,0.9800000190734863,0.9025999903678894
YGL224C,YHR041C,0,-6.8767734,0.09793144464492798,0.9800000190734863,0.9027000069618225
YDR088C,YKL009W,0,-6.877996,0.09792166203260422,0.9800000190734863,0.9028000235557556
YNL191W,YML023C,0,-6.879158,0.09791187942028046,0.9800000190734863,0.902899980545044
YPL096W,YML021C,0,-6.8813815,0.0979020968079567,0.9800000190734863,0.902999997138977
YFL036W,YAL054C,0,-6.881826,0.09789232164621353,0.9800000190734863,0.9031000137329102
YGL215W,YGL059W,0,-6.8857245,0.09788253903388977,0.9800000190734863,0.9031999707221985
YOR262W,YDL003W,0,-6.887125,0.0978727638721466,0.9800000190734863,0.9032999873161316
YCR068W,YER022W,0,-6.8883214,0.09786298871040344,0.9800000190734863,0.9034000039100647
YDL106C,YHR106W,0,-6.888523,0.09785322099924088,0.9800000190734863,0.9035000205039978
YOL045W,YGL170C,0,-6.8886304,0.09784345328807831,0.9800000190734863,0.9035999774932861
YMR243C,YCR052W,0,-6.889341,0.09783368557691574,0.9800000190734863,0.9036999940872192
YLR009W,YLL049W,0,-6.8903475,0.09782391786575317,0.9800000190734863,0.9038000106811523
YMR323W,YPR135W,0,-6.8903713,0.0978141501545906,0.9800000190734863,0.9039000272750854
YDR156W,YBR015C,0,-6.89162,0.09780438989400864,0.9800000190734863,0.9039999842643738
YOR104W,YHR176W,0,-6.8931427,0.09779462963342667,0.9800000190734863,0.9041000008583069
YNL328C,YNL330C,0,-6.893626,0.09778487682342529,0.9800000190734863,0.90420001745224
YCR068W,YLR018C,0,-6.894487,0.09777511656284332,0.9800000190734863,0.9042999744415283
YBL101C,YKL218C,0,-6.894904,0.09776536375284195,0.9800000190734863,0.9043999910354614
YLR452C,YKR082W,0,-6.8954225,0.09775561094284058,0.9800000190734863,0.9045000076293945
YKL093W,YMR312W,0,-6.8972187,0.0977458581328392,0.9800000190734863,0.9046000242233276
YJR067C,YLR275W,0,-6.8980885,0.09773611277341843,0.9800000190734863,0.904699981212616
YJL112W,YDL207W,0,-6.899423,0.09772636741399765,0.9800000190734863,0.9047999978065491
YBR034C,YKL072W,0,-6.9006834,0.09771662205457687,0.9800000190734863,0.9049000144004822
YMR287C,YBR155W,0,-6.9016256,0.0977068766951561,0.9800000190734863,0.9049999713897705
YDR441C,YJL125C,0,-6.9023542,0.09769713878631592,0.9800000190734863,0.9050999879837036
YNL314W,YOR084W,0,-6.9029546,0.09768740087747574,0.9800000190734863,0.9052000045776367
YDR495C,YOR068C,1,-6.9037657,0.0977773368358612,0.9810000061988831,0.9052000045776367
YOR337W,YPR179C,0,-6.9039135,0.09776759147644043,0.9810000061988831,0.9053000211715698
YKL114C,YDR019C,0,-6.904537,0.09775784611701965,0.9810000061988831,0.9053999781608582
YKL043W,YDL209C,0,-6.9055247,0.09774810820817947,0.9810000061988831,0.9054999947547913
YNL251C,YPR086W,0,-6.906028,0.0977383702993393,0.9810000061988831,0.9056000113487244
YBR131W,YNL298W,0,-6.906417,0.09772863239049911,0.9810000061988831,0.9057000279426575
YKR084C,YDL123W,0,-6.9068947,0.09771889448165894,0.9810000061988831,0.9057999849319458
YPL089C,YDR197W,0,-6.9076247,0.09770916402339935,0.9810000061988831,0.9059000015258789
YHL022C,YLR308W,0,-6.9114885,0.09769943356513977,0.9810000061988831,0.906000018119812
YCL016C,YJL198W,0,-6.914503,0.09768970310688019,0.9810000061988831,0.9060999751091003
YDR190C,YDR409W,0,-6.9163923,0.0976799726486206,0.9810000061988831,0.9061999917030334
YKR104W,YBL039C,0,-6.919801,0.09767024964094162,0.9810000061988831,0.9063000082969666
YKL220C,YGR109C,0,-6.920554,0.09766052663326263,0.9810000061988831,0.9064000248908997
YIL011W,YFR014C,0,-6.920796,0.09765080362558365,0.9810000061988831,0.906499981880188
YLL004W,YNL072W,0,-6.9211173,0.09764108806848526,0.9810000061988831,0.9065999984741211
YGL209W,YHR034C,0,-6.921468,0.09763137251138687,0.9810000061988831,0.9067000150680542
YJR047C,YJL103C,0,-6.9218793,0.09762165695428848,0.9810000061988831,0.9067999720573425
YNL009W,YDR359C,0,-6.9223733,0.0976119413971901,0.9810000061988831,0.9068999886512756
YIL101C,YCL005W,0,-6.9238625,0.0976022258400917,0.9810000061988831,0.9070000052452087
YJL011C,YPR060C,0,-6.9243903,0.09759251773357391,0.9810000061988831,0.9071000218391418
YHR146W,YNL249C,0,-6.9272532,0.09758280962705612,0.9810000061988831,0.9071999788284302
YNL099C,YDR479C,0,-6.9272776,0.09757310152053833,0.9810000061988831,0.9072999954223633
YDL085W,YLR142W,0,-6.9276123,0.09756340086460114,0.9810000061988831,0.9074000120162964
YMR233W,YLR192C,0,-6.928335,0.09755370020866394,0.9810000061988831,0.9075000286102295
YKR080W,YER039C,0,-6.93238,0.09754399955272675,0.9810000061988831,0.9075999855995178
YOR350C,YMR269W,0,-6.934163,0.09753429889678955,0.9810000061988831,0.9077000021934509
YOL093W,YDL121C,0,-6.9353,0.09752460569143295,0.9810000061988831,0.907800018787384
YDR473C,YGL071W,0,-6.9355364,0.09751491248607635,0.9810000061988831,0.9078999757766724
YHL016C,YAL019W,0,-6.9356813,0.09750521928071976,0.9810000061988831,0.9079999923706055
YLR120C,YNR019W,0,-6.935732,0.09749552607536316,0.9810000061988831,0.9081000089645386
YNL117W,YPR158W,0,-6.935911,0.09748584032058716,0.9810000061988831,0.9082000255584717
YDR312W,YDR013W,0,-6.938236,0.09747615456581116,0.9810000061988831,0.90829998254776
YDR399W,YGR131W,0,-6.9384556,0.09746646881103516,0.9810000061988831,0.9083999991416931
YIL005W,YLR251W,0,-6.940189,0.09745678305625916,0.9810000061988831,0.9085000157356262
YAL029C,YMR055C,0,-6.9411125,0.09744710475206375,0.9810000061988831,0.9085999727249146
YDR144C,YDL043C,0,-6.9415603,0.09743742644786835,0.9810000061988831,0.9086999893188477
YFR037C,YJR067C,0,-6.9459524,0.09742774814367294,0.9810000061988831,0.9088000059127808
YDR140W,YJL090C,0,-6.946871,0.09741806983947754,0.9810000061988831,0.9089000225067139
YCR032W,YOL124C,0,-6.948468,0.09740839898586273,0.9810000061988831,0.9089999794960022
YBL106C,YNL094W,0,-6.949663,0.09739872813224792,0.9810000061988831,0.9090999960899353
YPL157W,YNL078W,0,-6.9504013,0.09738905727863312,0.9810000061988831,0.9092000126838684
YDR499W,YOR313C,0,-6.953652,0.09737939387559891,0.9810000061988831,0.9093000292778015
YBR170C,YBR295W,0,-6.954214,0.0973697304725647,0.9810000061988831,0.9093999862670898
YPL235W,YNL256W,0,-6.9551716,0.09736006706953049,0.9810000061988831,0.909500002861023
YBR152W,YLR275W,0,-6.955266,0.09735040366649628,0.9810000061988831,0.909600019454956
YNL110C,YNL262W,0,-6.9565725,0.09734074026346207,0.9810000061988831,0.9096999764442444
YIR012W,YBR216C,0,-6.9569902,0.09733108431100845,0.9810000061988831,0.9097999930381775
YGL023C,YOR269W,0,-6.958741,0.09732142835855484,0.9810000061988831,0.9099000096321106
YJL011C,YLR348C,0,-6.9596496,0.09731177240610123,0.9810000061988831,0.9100000262260437
YOR076C,YMR055C,0,-6.9633465,0.09730212390422821,0.9810000061988831,0.910099983215332
YER150W,YDL247W,0,-6.9633636,0.0972924754023552,0.9810000061988831,0.9101999998092651
YOR336W,YFL025C,0,-6.9650793,0.09728282690048218,0.9810000061988831,0.9103000164031982
YPL005W,YGL111W,0,-6.9652963,0.09727317839860916,0.9810000061988831,0.9103999733924866
YMR257C,YKL067W,0,-6.965818,0.09726352989673615,0.9810000061988831,0.9104999899864197
YNL117W,YDR454C,0,-6.968036,0.09725388884544373,0.9810000061988831,0.9106000065803528
YOL103W,YER179W,0,-6.9681015,0.0972442477941513,0.9810000061988831,0.9107000231742859
YGL145W,YBL034C,0,-6.9691434,0.09723461419343948,0.9810000061988831,0.9107999801635742
YDL239C,YMR019W,0,-6.9694266,0.09722497314214706,0.9810000061988831,0.9108999967575073
YBL028C,YEL040W,0,-6.971118,0.09721533954143524,0.9810000061988831,0.9110000133514404
YDL246C,YER052C,0,-6.9727316,0.09720570594072342,0.9810000061988831,0.9110999703407288
YMR231W,YPL268W,1,-6.9732556,0.09729515761137009,0.9819999933242798,0.9110999703407288
YDR404C,YLR121C,0,-6.9734917,0.09728551656007767,0.9819999933242798,0.9111999869346619
YBL104C,YOL135C,0,-6.977557,0.09727587550878525,0.9819999933242798,0.911300003528595
YKR034W,YPL018W,0,-6.977975,0.09726624190807343,0.9819999933242798,0.9114000201225281
YBL101C,YEL060C,0,-6.978422,0.0972566083073616,0.9819999933242798,0.9114999771118164
YKL089W,YGL100W,0,-6.9791613,0.09724698215723038,0.9819999933242798,0.9115999937057495
YLR452C,YLR175W,0,-6.9793167,0.09723734855651855,0.9819999933242798,0.9117000102996826
YFR048W,YER109C,0,-6.9795237,0.09722772240638733,0.9819999933242798,0.9118000268936157
YFL013C,YGL244W,0,-6.9800067,0.0972180962562561,0.9819999933242798,0.911899983882904
YGL209W,YGL130W,0,-6.982836,0.09720847010612488,0.9819999933242798,0.9120000004768372
YGR104C,YOR298W,0,-6.982933,0.09719885140657425,0.9819999933242798,0.9121000170707703
YDR270W,YFL020C,0,-6.9847717,0.09718923270702362,0.9819999933242798,0.9121999740600586
YPL157W,YGL144C,0,-6.986222,0.09717961400747299,0.9819999933242798,0.9122999906539917
YDR287W,YKL093W,0,-6.9881926,0.09716999530792236,0.9819999933242798,0.9124000072479248
YGR251W,YGR187C,0,-6.9889364,0.09716038405895233,0.9819999933242798,0.9125000238418579
YMR104C,YLR383W,0,-6.9893923,0.0971507728099823,0.9819999933242798,0.9125999808311462
YOL088C,YCL054W,0,-6.990671,0.09714116156101227,0.9819999933242798,0.9126999974250793
YMR281W,YCR008W,0,-6.991745,0.09713155031204224,0.9819999933242798,0.9128000140190125
YKL029C,YKL128C,0,-6.9938493,0.0971219465136528,0.9819999933242798,0.9128999710083008
YDR075W,YDR461W,0,-6.9940634,0.09711234271526337,0.9819999933242798,0.9129999876022339
YDR504C,YKL048C,0,-6.995348,0.09710273891687393,0.9819999933242798,0.913100004196167
YGL183C,YGL053W,0,-6.997562,0.0970931351184845,0.9819999933242798,0.9132000207901001
YBL054W,YMR075W,0,-6.9977818,0.09708353877067566,0.9819999933242798,0.9132999777793884
YDR075W,YDR176W,0,-6.9980125,0.09707394242286682,0.9819999933242798,0.9133999943733215
YLR382C,YKL132C,0,-6.9983034,0.09706434607505798,0.9819999933242798,0.9135000109672546
YMR115W,YKL212W,0,-6.999999,0.09705475717782974,0.9819999933242798,0.9136000275611877
YMR065W,YHR148W,0,-7.0007315,0.0970451608300209,0.9819999933242798,0.9136999845504761
YDR368W,YHR075C,0,-7.0017204,0.09703557193279266,0.9819999933242798,0.9138000011444092
YDL216C,YLR275W,0,-7.002365,0.09702598303556442,0.9819999933242798,0.9139000177383423
YDR001C,YJL122W,0,-7.0030303,0.09701640158891678,0.9819999933242798,0.9139999747276306
YKL188C,YNR045W,0,-7.005309,0.09700681269168854,0.9819999933242798,0.9140999913215637
YML065W,YOL104C,0,-7.0055017,0.0969972312450409,0.9819999933242798,0.9142000079154968
YDR110W,YGR013W,0,-7.0057397,0.09698765724897385,0.9819999933242798,0.9143000245094299
YDR135C,YOR297C,0,-7.006171,0.0969780758023262,0.9819999933242798,0.9143999814987183
YJL176C,YDR527W,0,-7.006205,0.09696850180625916,0.9819999933242798,0.9144999980926514
YPR048W,YDL122W,0,-7.0066624,0.09695892781019211,0.9819999933242798,0.9146000146865845
YPL169C,YER039C,0,-7.007014,0.09694935381412506,0.9819999933242798,0.9146999716758728
YJL006C,YDR162C,0,-7.00731,0.09693977981805801,0.9819999933242798,0.9147999882698059
YFL042C,YGL208W,0,-7.007789,0.09693021327257156,0.9819999933242798,0.914900004863739
YMR211W,YKL188C,0,-7.0079985,0.09692064672708511,0.9819999933242798,0.9150000214576721
YKL173W,YNL152W,0,-7.0081253,0.09691108018159866,0.9819999933242798,0.9150999784469604
YLR377C,YGR123C,0,-7.008482,0.09690152108669281,0.9819999933242798,0.9151999950408936
YMR117C,YJL109C,0,-7.011049,0.09689196199178696,0.9819999933242798,0.9153000116348267
YML097C,YML026C,0,-7.0134726,0.0968824028968811,0.9819999933242798,0.9154000282287598
YKL045W,YIR025W,0,-7.013715,0.09687284380197525,0.9819999933242798,0.9154999852180481
YLR450W,YDR085C,0,-7.014301,0.0968632847070694,0.9819999933242798,0.9156000018119812
YGR047C,YER171W,0,-7.0144935,0.09685373306274414,0.9819999933242798,0.9157000184059143
YMR088C,YLR142W,0,-7.0146227,0.09684418141841888,0.9819999933242798,0.9157999753952026
YBR150C,YNR046W,0,-7.014724,0.09683462977409363,0.9819999933242798,0.9158999919891357
YER150W,YKL033W,0,-7.017117,0.09682508558034897,0.9819999933242798,0.9160000085830688
YGL180W,YMR065W,0,-7.0192394,0.09681554138660431,0.9819999933242798,0.916100025177002
YGL096W,YNL121C,0,-7.0201464,0.09680599719285965,0.9819999933242798,0.9161999821662903
YGL236C,YOR037W,0,-7.0208187,0.09679645299911499,0.9819999933242798,0.9162999987602234
YGR249W,YKL181W,0,-7.021184,0.09678690880537033,0.9819999933242798,0.9164000153541565
YNL177C,YPL196W,0,-7.0214767,0.09677737206220627,0.9819999933242798,0.9164999723434448
YDL217C,YOR242C,0,-7.0229225,0.0967678353190422,0.9819999933242798,0.9165999889373779
YNL323W,YNR027W,0,-7.0242023,0.09675829857587814,0.9819999933242798,0.916700005531311
YBL082C,YOL147C,0,-7.0267563,0.09674876928329468,0.9819999933242798,0.9168000221252441
YPR190C,YOR373W,0,-7.0268393,0.09673923999071121,0.9819999933242798,0.9168999791145325
YNR065C,YLR409C,0,-7.02845,0.09672971069812775,0.9819999933242798,0.9169999957084656
YGR083C,YDR356W,0,-7.0310245,0.09672018140554428,0.9819999933242798,0.9171000123023987
YMR135C,YJL083W,0,-7.0326805,0.09671065956354141,0.9819999933242798,0.9172000288963318
YGR088W,YER018C,0,-7.0334373,0.09670113027095795,0.9819999933242798,0.9172999858856201
YHR116W,YGL240W,0,-7.0335846,0.09669160842895508,0.9819999933242798,0.9174000024795532
YGR023W,YFL014W,0,-7.034137,0.0966820940375328,0.9819999933242798,0.9175000190734863
YKR063C,YGR003W,0,-7.034187,0.09667257219552994,0.9819999933242798,0.9175999760627747
YCR097W,YLR039C,0,-7.034693,0.09666305780410767,0.9819999933242798,0.9176999926567078
YIR018W,YIL068C,0,-7.0349383,0.0966535434126854,0.9819999933242798,0.9178000092506409
YDR103W,YLR015W,0,-7.0351663,0.09664402902126312,0.9819999933242798,0.917900025844574
YGR052W,YAL033W,0,-7.035193,0.09663452208042145,0.9819999933242798,0.9179999828338623
YHR100C,YBL034C,0,-7.036602,0.09662501513957977,0.9819999933242798,0.9180999994277954
YAL063C,YDR021W,0,-7.039869,0.0966155081987381,0.9819999933242798,0.9182000160217285
YBL076C,YLR172C,0,-7.0419364,0.09660600125789642,0.9819999933242798,0.9182999730110168
YLR212C,YML054C,0,-7.0426917,0.09659650176763535,0.9819999933242798,0.91839998960495
YBR169C,YMR168C,0,-7.0431533,0.09658699482679367,0.9819999933242798,0.9185000061988831
YPR017C,YMR283C,0,-7.0434713,0.09657749533653259,0.9819999933242798,0.9186000227928162
YKL041W,YER068W,0,-7.0443397,0.09656800329685211,0.9819999933242798,0.9186999797821045
YDL058W,YOL070C,0,-7.0457287,0.09655850380659103,0.9819999933242798,0.9187999963760376
YKL163W,YLR018C,0,-7.046505,0.09654901176691055,0.9819999933242798,0.9189000129699707
YNR015W,YDR013W,0,-7.0473394,0.09653951972723007,0.9819999933242798,0.9190000295639038
YML114C,YDL164C,0,-7.0493484,0.09653002768754959,0.9819999933242798,0.9190999865531921
YDR279W,YDR324C,0,-7.0513563,0.09652054309844971,0.9819999933242798,0.9192000031471252
YEL026W,YKR027W,0,-7.0523834,0.09651105850934982,0.9819999933242798,0.9193000197410583
YGR003W,YBL084C,0,-7.0524673,0.09650157392024994,0.9819999933242798,0.9193999767303467
YNL099C,YJL168C,0,-7.060817,0.09649208933115005,0.9819999933242798,0.9194999933242798
YBR247C,YNL094W,0,-7.061366,0.09648261219263077,0.9819999933242798,0.9196000099182129
YOR120W,YOR189W,0,-7.062102,0.09647312760353088,0.9819999933242798,0.919700026512146
YMR285C,YNL123W,0,-7.063434,0.0964636579155922,0.9819999933242798,0.9197999835014343
YFL024C,YKR077W,0,-7.0638,0.0964541807770729,0.9819999933242798,0.9199000000953674
YGL158W,YPL196W,0,-7.0672407,0.09644470363855362,0.9819999933242798,0.9200000166893005
YPR018W,YOL045W,0,-7.0679393,0.09643523395061493,0.9819999933242798,0.9200999736785889
YER150W,YNL108C,0,-7.068058,0.09642576426267624,0.9819999933242798,0.920199990272522
YDL033C,YBL024W,0,-7.0686946,0.09641630202531815,0.9819999933242798,0.9203000068664551
YKR083C,YMR019W,0,-7.071213,0.09640683233737946,0.9819999933242798,0.9204000234603882
YHR008C,YGL161C,0,-7.071287,0.09639737010002136,0.9819999933242798,0.9204999804496765
YML049C,YOR306C,0,-7.072216,0.09638790786266327,0.9819999933242798,0.9205999970436096
YHR090C,YPL097W,0,-7.072969,0.09637844562530518,0.9819999933242798,0.9207000136375427
YER144C,YMR128W,0,-7.074107,0.09636899083852768,0.9819999933242798,0.920799970626831
YML050W,YMR128W,0,-7.075371,0.09635953605175018,0.9819999933242798,0.9208999872207642
YPL117C,YNR065C,0,-7.075509,0.09635008126497269,0.9819999933242798,0.9210000038146973
YKL163W,YEL015W,0,-7.0766916,0.09634062647819519,0.9819999933242798,0.9211000204086304
YER096W,YLR430W,0,-7.0774565,0.0963311716914177,0.9819999933242798,0.9211999773979187
YNL147W,YNL124W,0,-7.078174,0.0963217243552208,0.9819999933242798,0.9212999939918518
YLR154C,YEL055C,0,-7.078309,0.0963122770190239,0.9819999933242798,0.9214000105857849
YPL280W,YHR069C,0,-7.080849,0.09630283713340759,0.9819999933242798,0.921500027179718
YLR427W,YDR384C,0,-7.0839133,0.0962933897972107,0.9819999933242798,0.9215999841690063
YMR117C,YDL213C,0,-7.0845995,0.09628394991159439,0.9819999933242798,0.9217000007629395
YDR229W,YDR259C,0,-7.0852857,0.09627451002597809,0.9819999933242798,0.9218000173568726
YBR273C,YBR211C,0,-7.085416,0.09626507014036179,0.9819999933242798,0.9218999743461609
YBR135W,YEL063C,0,-7.085766,0.09625563770532608,0.9819999933242798,0.921999990940094
YFL030W,YNL052W,0,-7.08651,0.09624620527029037,0.9819999933242798,0.9221000075340271
YNL075W,YGL135W,0,-7.087499,0.09623677283525467,0.9819999933242798,0.9222000241279602
YDR148C,YEL060C,0,-7.0882816,0.09622734040021896,0.9819999933242798,0.9222999811172485
YOL007C,YGR197C,0,-7.090255,0.09621790796518326,0.9819999933242798,0.9223999977111816
YGL145W,YPL012W,0,-7.090885,0.09620848298072815,0.9819999933242798,0.9225000143051147
YCL004W,YDR423C,0,-7.091995,0.09619905799627304,0.9819999933242798,0.9225999712944031
YOR216C,YBL067C,0,-7.092537,0.09618963301181793,0.9819999933242798,0.9226999878883362
YHR008C,YOL101C,0,-7.0929866,0.09618021547794342,0.9819999933242798,0.9228000044822693
YER150W,YDR480W,0,-7.093459,0.09617079794406891,0.9819999933242798,0.9229000210762024
YJL156C,YDR160W,0,-7.0936136,0.0961613804101944,0.9819999933242798,0.9229999780654907
YJL095W,YEL042W,0,-7.094071,0.09615196287631989,0.9819999933242798,0.9230999946594238
YLR443W,YGL027C,0,-7.094367,0.09614255279302597,0.9819999933242798,0.9232000112533569
YDL083C,YOR297C,0,-7.0953226,0.09613313525915146,0.9819999933242798,0.92330002784729
YLR401C,YPR086W,0,-7.095414,0.09612372517585754,0.9819999933242798,0.9233999848365784
YDR103W,YER037W,0,-7.096221,0.09611432254314423,0.9819999933242798,0.9235000014305115
YDL159W,YLL040C,0,-7.0971355,0.09610491245985031,0.9819999933242798,0.9236000180244446
YNL027W,YDR501W,0,-7.097684,0.096095509827137,0.9819999933242798,0.9236999750137329
YHR196W,YPL246C,0,-7.100482,0.09608610719442368,0.9819999933242798,0.923799991607666
YPR067W,YNL110C,0,-7.100755,0.09607670456171036,0.9819999933242798,0.9239000082015991
YLR298C,YFL001W,0,-7.1031065,0.09606730937957764,0.9819999933242798,0.9240000247955322
YDR533C,YKL048C,0,-7.103202,0.09605790674686432,0.9819999933242798,0.9240999817848206
YOL136C,YGR197C,0,-7.1039915,0.0960485115647316,0.9819999933242798,0.9241999983787537
YOL093W,YKR102W,0,-7.104137,0.09603911638259888,0.9819999933242798,0.9243000149726868
YKR034W,YDR472W,0,-7.106227,0.09602972865104675,0.9819999933242798,0.9243999719619751
YMR001C,YFL023W,0,-7.1083884,0.09602034091949463,0.9819999933242798,0.9244999885559082
YOL081W,YBR023C,0,-7.1087837,0.0960109531879425,0.9819999933242798,0.9246000051498413
YOR256C,YDR365C,0,-7.108813,0.09600156545639038,0.9819999933242798,0.9247000217437744
YKL198C,YCR003W,0,-7.109481,0.09599217772483826,0.9819999933242798,0.9247999787330627
YBR188C,YNR012W,0,-7.109614,0.09598279744386673,0.9819999933242798,0.9248999953269958
YBR189W,YNR074C,0,-7.1119227,0.0959734171628952,0.9819999933242798,0.925000011920929
YNL292W,YDR283C,0,-7.1147904,0.09596403688192368,0.9819999933242798,0.9251000285148621
YBR264C,YBL014C,0,-7.1159363,0.09595466405153275,0.9819999933242798,0.9251999855041504
YOR319W,YDR264C,0,-7.1164684,0.09594528377056122,0.9819999933242798,0.9253000020980835
YNR060W,YKL005C,0,-7.116726,0.09593591094017029,0.9819999933242798,0.9254000186920166
YDR334W,YDR088C,0,-7.117891,0.09592653810977936,0.9819999933242798,0.9254999756813049
YNL248C,YNL003C,0,-7.120423,0.09591717272996902,0.9819999933242798,0.925599992275238
YAL063C,YOR264W,0,-7.120488,0.0959077998995781,0.9819999933242798,0.9257000088691711
YLR363C,YLR092W,0,-7.121728,0.09589843451976776,0.9819999933242798,0.9258000254631042
YMR115W,YGL017W,0,-7.1227484,0.09588907659053802,0.9819999933242798,0.9258999824523926
YKL067W,YIL145C,0,-7.123036,0.09587971121072769,0.9819999933242798,0.9259999990463257
YMR287C,YBR119W,0,-7.1234183,0.09587035328149796,0.9819999933242798,0.9261000156402588
YLR240W,YKR007W,1,-7.1242056,0.09595861285924911,0.9829999804496765,0.9261000156402588
YGL075C,YJR010C-A,0,-7.124228,0.09594924002885818,0.9829999804496765,0.9261999726295471
YPL133C,YPR152C,0,-7.124484,0.09593988209962845,0.9829999804496765,0.9262999892234802
YGL233W,YPL183C,0,-7.1252456,0.09593051671981812,0.9829999804496765,0.9264000058174133
YMR070W,YGR005C,0,-7.1259403,0.09592115879058838,0.9829999804496765,0.9265000224113464
YDR351W,YML118W,0,-7.1261396,0.09591179341077805,0.9829999804496765,0.9265999794006348
YGR103W,YCR104W,0,-7.126485,0.09590243548154831,0.9829999804496765,0.9266999959945679
YOL151W,YLR461W,0,-7.130004,0.09589308500289917,0.9829999804496765,0.926800012588501
YGR100W,YNL117W,0,-7.130101,0.09588372707366943,0.9829999804496765,0.9269000291824341
YDL227C,YGR058W,0,-7.1303396,0.0958743765950203,0.9829999804496765,0.9269999861717224
YLL028W,YOR110W,0,-7.1320896,0.09586502611637115,0.9829999804496765,0.9271000027656555
YDR312W,YKL045W,0,-7.1322813,0.09585568308830261,0.9829999804496765,0.9272000193595886
YPL252C,YOR269W,0,-7.1325884,0.09584633260965347,0.9829999804496765,0.927299976348877
YML029W,YBL021C,0,-7.132765,0.09583698958158493,0.9829999804496765,0.9273999929428101
YJL093C,YOR242C,0,-7.135108,0.09582764655351639,0.9829999804496765,0.9275000095367432
YKR102W,YLR307W,0,-7.1356354,0.09581830352544785,0.9829999804496765,0.9276000261306763
YGR083C,YLR025W,0,-7.1358304,0.0958089679479599,0.9829999804496765,0.9276999831199646
YMR017W,YBR185C,0,-7.136464,0.09579963237047195,0.9829999804496765,0.9277999997138977
YOR313C,YBR211C,0,-7.1370955,0.09579029679298401,0.9829999804496765,0.9279000163078308
YHR199C,YDL116W,0,-7.138113,0.09578096121549606,0.9829999804496765,0.9279999732971191
YNR008W,YAR003W,0,-7.1385374,0.09577162563800812,0.9829999804496765,0.9280999898910522
YIL002C,YOR359W,0,-7.144566,0.09576229751110077,0.9829999804496765,0.9282000064849854
YJR143C,YMR094W,0,-7.1459804,0.09575296938419342,0.9829999804496765,0.9283000230789185
YFL014W,YLR250W,0,-7.146477,0.09574364125728607,0.9829999804496765,0.9283999800682068
YMR309C,YMR065W,0,-7.1475306,0.09573432058095932,0.9829999804496765,0.9284999966621399
YDR364C,YDR523C,0,-7.148223,0.09572499990463257,0.9829999804496765,0.928600013256073
YHR128W,YDL155W,0,-7.152733,0.09571567922830582,0.9829999804496765,0.9286999702453613
YOR304W,YPR030W,0,-7.153912,0.09570635855197906,0.9829999804496765,0.9287999868392944
YLR228C,YBR298C,0,-7.1544776,0.09569703787565231,0.9829999804496765,0.9289000034332275
YJR058C,YDR478W,0,-7.1545486,0.09568772464990616,0.9829999804496765,0.9290000200271606
YNL090W,YPR144C,0,-7.155755,0.09567841142416,0.9829999804496765,0.929099977016449
YML029W,YPR110C,0,-7.155967,0.09566909819841385,0.9829999804496765,0.9291999936103821
YBL103C,YIR025W,0,-7.1596684,0.09565979242324829,0.9829999804496765,0.9293000102043152
YLR284C,YMR292W,0,-7.1607146,0.09565047919750214,0.9829999804496765,0.9294000267982483
YOR078W,YPL181W,0,-7.161996,0.09564117342233658,0.9829999804496765,0.9294999837875366
YOL007C,YCL029C,0,-7.1621785,0.09563186764717102,0.9829999804496765,0.9296000003814697
YDR503C,YKL146W,0,-7.164683,0.09562256932258606,0.9829999804496765,0.9297000169754028
YLR240W,YDR202C,1,-7.166344,0.09571053087711334,0.984000027179718,0.9297000169754028
YPR151C,YEL040W,0,-7.1674256,0.09570122510194778,0.984000027179718,0.9297999739646912
YIL128W,YJL191W,0,-7.167655,0.09569191932678223,0.984000027179718,0.9298999905586243
YNL068C,YPR102C,0,-7.170207,0.09568261355161667,0.984000027179718,0.9300000071525574
YMR231W,YLR305C,1,-7.171544,0.09577053785324097,0.9850000143051147,0.9300000071525574
YCR092C,YKL160W,0,-7.1736026,0.09576123207807541,0.9850000143051147,0.9301000237464905
YKR079C,YDL083C,0,-7.174734,0.09575191885232925,0.9850000143051147,0.9301999807357788
YJL194W,YOL133W,0,-7.1747947,0.0957426130771637,0.9850000143051147,0.9302999973297119
YDR504C,YDL024C,0,-7.175935,0.09573330730199814,0.9850000143051147,0.930400013923645
YOR348C,YOR166C,0,-7.176423,0.09572400152683258,0.9850000143051147,0.9304999709129333
YOL041C,YMR284W,0,-7.1802545,0.09571470320224762,0.9850000143051147,0.9305999875068665
YBR132C,YPR093C,0,-7.186123,0.09570540487766266,0.9850000143051147,0.9307000041007996
YBR022W,YOR056C,0,-7.186837,0.0956961065530777,0.9850000143051147,0.9308000206947327
YGL255W,YLR045C,0,-7.191207,0.09568680822849274,0.9850000143051147,0.930899977684021
YMR077C,YDR323C,0,-7.1925855,0.09567750990390778,0.9850000143051147,0.9309999942779541
YGL187C,YER103W,0,-7.1929326,0.09566821902990341,0.9850000143051147,0.9311000108718872
YER144C,YML068W,0,-7.1936502,0.09565892815589905,0.9850000143051147,0.9312000274658203
YMR257C,YLR015W,0,-7.195632,0.09564963728189468,0.9850000143051147,0.9312999844551086
YKR079C,YPR102C,0,-7.202278,0.09564035385847092,0.9850000143051147,0.9314000010490417
YNL007C,YGL205W,0,-7.203912,0.09563107043504715,0.9850000143051147,0.9315000176429749
YGL247W,YLR393W,0,-7.205469,0.09562178701162338,0.9850000143051147,0.9315999746322632
YOR011W,YOR279C,0,-7.2067175,0.09561250358819962,0.9850000143051147,0.9316999912261963
YMR263W,YLR077W,0,-7.2074776,0.09560322016477585,0.9850000143051147,0.9318000078201294
YOR100C,YMR076C,0,-7.2082224,0.09559394419193268,0.9850000143051147,0.9319000244140625
YDR295C,YGL018C,0,-7.208714,0.09558466821908951,0.9850000143051147,0.9319999814033508
YCL063W,YDR017C,1,-7.2092237,0.09567242115736008,0.9860000014305115,0.9319999814033508
YGR158C,YKL126W,0,-7.210369,0.0956631451845169,0.9860000014305115,0.9320999979972839
YOR201C,YLR175W,0,-7.2128243,0.09565386176109314,0.9860000014305115,0.932200014591217
YOR018W,YMR016C,0,-7.2140923,0.09564458578824997,0.9860000014305115,0.9322999715805054
YKL029C,YBL020W,0,-7.215185,0.0956353023648262,0.9860000014305115,0.9323999881744385
YAR050W,YDR198C,0,-7.2153025,0.09562603384256363,0.9860000014305115,0.9325000047683716
YEL040W,YDR219C,0,-7.215619,0.09561675786972046,0.9860000014305115,0.9326000213623047
YEL039C,YDR116C,0,-7.2172604,0.09560748934745789,0.9860000014305115,0.932699978351593
YKL041W,YML114C,0,-7.219241,0.09559821337461472,0.9860000014305115,0.9327999949455261
YMR182C,YBL075C,0,-7.2202945,0.09558894485235214,0.9860000014305115,0.9329000115394592
YFR037C,YOR174W,0,-7.220583,0.09557968378067017,0.9860000014305115,0.9330000281333923
YNL182C,YPL177C,0,-7.223367,0.09557041525840759,0.9860000014305115,0.9330999851226807
YMR303C,YER043C,0,-7.22339,0.09556115418672562,0.9860000014305115,0.9332000017166138
YLR026C,YHR154W,0,-7.223858,0.09555189311504364,0.9860000014305115,0.9333000183105469
YOR016C,YFL023W,0,-7.224697,0.09554263204336166,0.9860000014305115,0.9333999752998352
YEL004W,YPR167C,0,-7.224761,0.09553337842226028,0.9860000014305115,0.9334999918937683
YPL120W,YIL084C,0,-7.2250433,0.0955241248011589,0.9860000014305115,0.9336000084877014
YMR165C,YGL134W,0,-7.225691,0.09551487118005753,0.9860000014305115,0.9337000250816345
YNL292W,YNL065W,0,-7.226079,0.09550561755895615,0.9860000014305115,0.9337999820709229
YGL201C,YJL005W,0,-7.227067,0.09549637138843536,0.9860000014305115,0.933899998664856
YDL085W,YHR094C,0,-7.2295685,0.09548711776733398,0.9860000014305115,0.9340000152587891
YDL108W,YDR191W,0,-7.2307463,0.0954778715968132,0.9860000014305115,0.9340999722480774
YIL131C,YER044C-A,0,-7.234836,0.09546862542629242,0.9860000014305115,0.9341999888420105
YGL061C,YIL118W,0,-7.2407713,0.09545938670635223,0.9860000014305115,0.9343000054359436
YJL098W,YGL142C,0,-7.2420254,0.09545014798641205,0.9860000014305115,0.9344000220298767
YBR034C,YOL089C,0,-7.244822,0.09544090926647186,0.9860000014305115,0.934499979019165
YER056C,YKR099W,0,-7.244873,0.09543167054653168,0.9860000014305115,0.9345999956130981
YDL033C,YCR105W,0,-7.246148,0.09542243182659149,0.9860000014305115,0.9347000122070312
YDR001C,YOR023C,0,-7.2471304,0.0954132005572319,0.9860000014305115,0.9348000288009644
YBL025W,YKR026C,0,-7.247225,0.09540396928787231,0.9860000014305115,0.9348999857902527
YGR199W,YCR030C,0,-7.2491975,0.09539473801851273,0.9860000014305115,0.9350000023841858
YOR066W,YGL098W,0,-7.2501097,0.09538550674915314,0.9860000014305115,0.9351000189781189
YPR178W,YGL212W,0,-7.2521887,0.09537628293037415,0.9860000014305115,0.9351999759674072
YMR023C,YDL102W,0,-7.252688,0.09536705911159515,0.9860000014305115,0.9352999925613403
YNL119W,YGL135W,0,-7.258008,0.09535783529281616,0.9860000014305115,0.9354000091552734
YPR047W,YLR090W,0,-7.26038,0.09534861147403717,0.9860000014305115,0.9355000257492065
YMR201C,YDR365C,0,-7.260398,0.09533939510583878,0.9860000014305115,0.9355999827384949
YDR515W,YER173W,0,-7.2627897,0.09533017128705978,0.9860000014305115,0.935699999332428
YNR050C,YPR026W,0,-7.26395,0.09532096236944199,0.9860000014305115,0.9358000159263611
YGL098W,YIL113W,0,-7.2656775,0.09531174600124359,0.9860000014305115,0.9358999729156494
YGR271C-A,YJL062W,0,-7.2696905,0.0953025296330452,0.9860000014305115,0.9359999895095825
YGR128C,YDR267C,0,-7.26999,0.0952933207154274,0.9860000014305115,0.9361000061035156
YGR221C,YPR095C,0,-7.2717457,0.0952841117978096,0.9860000014305115,0.9362000226974487
YDR287W,YGR279C,0,-7.2728567,0.0952749028801918,0.9860000014305115,0.9362999796867371
YDR143C,YPL050C,0,-7.2753105,0.0952657014131546,0.9860000014305115,0.9363999962806702
YML021C,YGR072W,0,-7.2756534,0.0952564999461174,0.9860000014305115,0.9365000128746033
YMR269W,YPL152W,0,-7.276458,0.0952472984790802,0.9860000014305115,0.9366000294685364
YDR101C,YJL167W,0,-7.2768583,0.095238097012043,0.9860000014305115,0.9366999864578247
YML029W,YER070W,0,-7.276924,0.0952288955450058,0.9860000014305115,0.9368000030517578
YGR246C,YFR055W,0,-7.277094,0.0952197015285492,0.9860000014305115,0.9369000196456909
YIR028W,YGR003W,0,-7.2801914,0.09521050751209259,0.9860000014305115,0.9369999766349792
YJL124C,YCL059C,0,-7.2813635,0.09520131349563599,0.9860000014305115,0.9370999932289124
YOL032W,YPL005W,0,-7.282441,0.09519211947917938,0.9860000014305115,0.9372000098228455
YGL104C,YKL219W,0,-7.285287,0.09518293291330338,0.9860000014305115,0.9373000264167786
YGL263W,YDL122W,0,-7.287228,0.09517374634742737,0.9860000014305115,0.9373999834060669
YDR059C,YJL038C,0,-7.288143,0.09516455978155136,0.9860000014305115,0.9375
YLR284C,YGL216W,0,-7.289357,0.09515537321567535,0.9860000014305115,0.9376000165939331
YNL027W,YPL226W,0,-7.2893686,0.09514619410037994,0.9860000014305115,0.9376999735832214
YER002W,YHR087W,0,-7.289939,0.09513701498508453,0.9860000014305115,0.9377999901771545
YGL061C,YLR045C,0,-7.2904387,0.09512783586978912,0.9860000014305115,0.9379000067710876
YGR108W,YBR055C,0,-7.2918844,0.09511865675449371,0.9860000014305115,0.9380000233650208
YBR077C,YOL070C,0,-7.2921553,0.0951094850897789,0.9860000014305115,0.9380999803543091
YHR128W,YPR086W,0,-7.294129,0.09510030597448349,0.9860000014305115,0.9381999969482422
YPL115C,YPL008W,0,-7.295536,0.09509113430976868,0.9860000014305115,0.9383000135421753
YNL027W,YGL175C,0,-7.2959175,0.09508197009563446,0.9860000014305115,0.9383999705314636
YDR522C,YKR104W,0,-7.298106,0.09507279843091965,0.9860000014305115,0.9384999871253967
YKR059W,YCR053W,0,-7.2982016,0.09506363421678543,0.9860000014305115,0.9386000037193298
YKR080W,YLR304C,0,-7.2982593,0.09505447000265121,0.9860000014305115,0.9387000203132629
YBR169C,YMR075W,0,-7.298668,0.095045305788517,0.9860000014305115,0.9387999773025513
YNL063W,YLR393W,0,-7.298768,0.09503614157438278,0.9860000014305115,0.9388999938964844
YJL207C,YBL004W,0,-7.299187,0.09502698481082916,0.9860000014305115,0.9390000104904175
YJR119C,YKR086W,0,-7.2991962,0.09501782804727554,0.9860000014305115,0.9391000270843506
YBL069W,YOR339C,0,-7.2995396,0.09500867128372192,0.9860000014305115,0.9391999840736389
YDR142C,YHR106W,0,-7.3012953,0.0949995219707489,0.9860000014305115,0.939300000667572
YNL311C,YFL014W,0,-7.3017845,0.09499036520719528,0.9860000014305115,0.9394000172615051
YPR054W,YLL049W,0,-7.303902,0.09498121589422226,0.9860000014305115,0.9394999742507935
YAL051W,YDR160W,0,-7.3055525,0.09497206658124924,0.9860000014305115,0.9395999908447266
YLR314C,YDR350C,0,-7.306573,0.09496291726827621,0.9860000014305115,0.9397000074386597
YLL012W,YER120W,0,-7.306832,0.09495377540588379,0.9860000014305115,0.9398000240325928
YHR128W,YLR187W,0,-7.3082266,0.09494463354349136,0.9860000014305115,0.9398999810218811
YIL061C,YLR085C,0,-7.308645,0.09493549168109894,0.9860000014305115,0.9399999976158142
YGR057C,YJL197W,0,-7.3092365,0.09492634981870651,0.9860000014305115,0.9401000142097473
YOL091W,YGL208W,0,-7.309721,0.09491721540689468,0.9860000014305115,0.9401999711990356
YER165W,YDL042C,0,-7.3112297,0.09490807354450226,0.9860000014305115,0.9402999877929688
YLR409C,YOL104C,0,-7.3120923,0.09489893913269043,0.9860000014305115,0.9404000043869019
YOL103W,YIL046W,0,-7.3143125,0.0948898121714592,0.9860000014305115,0.940500020980835
YCR068W,YOL125W,0,-7.317044,0.09488067775964737,0.9860000014305115,0.9405999779701233
YEL032W,YDR019C,0,-7.3174486,0.09487155079841614,0.9860000014305115,0.9406999945640564
YFL020C,YLR238W,0,-7.318365,0.0948624238371849,0.9860000014305115,0.9408000111579895
YKR061W,YJL103C,0,-7.3188972,0.09485329687595367,0.9860000014305115,0.9409000277519226
YBR156C,YPL127C,0,-7.3210077,0.09484416991472244,0.9860000014305115,0.9409999847412109
YBR023C,YBR015C,0,-7.3210373,0.09483505040407181,0.9860000014305115,0.941100001335144
YER122C,YKR019C,0,-7.321745,0.09482593089342117,0.9860000014305115,0.9412000179290771
YGL093W,YBR163W,0,-7.322534,0.09481681138277054,0.9860000014305115,0.9412999749183655
YMR201C,YMR217W,0,-7.3290725,0.0948076918721199,0.9860000014305115,0.9413999915122986
YKR065C,YKL198C,0,-7.3317347,0.09479857981204987,0.9860000014305115,0.9415000081062317
YNL210W,YLR022C,0,-7.332842,0.09478946030139923,0.9860000014305115,0.9416000247001648
YGR083C,YPL053C,0,-7.336147,0.0947803482413292,0.9860000014305115,0.9416999816894531
YDR201W,YGR187C,0,-7.3367057,0.09477124363183975,0.9860000014305115,0.9417999982833862
YNR044W,YJL024C,0,-7.338649,0.09476213157176971,0.9860000014305115,0.9419000148773193
YMR243C,YMR275C,0,-7.3387585,0.09475302696228027,0.9860000014305115,0.9419999718666077
YDR118W,YNL110C,0,-7.3394866,0.09474392235279083,0.9860000014305115,0.9420999884605408
YHR178W,YLR313C,0,-7.340139,0.09473481774330139,0.9860000014305115,0.9422000050544739
YBL052C,YDR311W,0,-7.3437696,0.09472572058439255,0.9860000014305115,0.942300021648407
YGL209W,YOR066W,0,-7.3452253,0.0947166159749031,0.9860000014305115,0.9423999786376953
YCL063W,YDR202C,1,-7.3455706,0.0948035717010498,0.9869999885559082,0.9423999786376953
YFL020C,YNL312W,0,-7.3492136,0.09479446709156036,0.9869999885559082,0.9424999952316284
YLR355C,YOR260W,0,-7.3498793,0.09478536248207092,0.9869999885559082,0.9426000118255615
YGL044C,YPR057W,0,-7.3500943,0.09477626532316208,0.9869999885559082,0.9427000284194946
YGR104C,YDL043C,0,-7.352166,0.09476716071367264,0.9869999885559082,0.942799985408783
YKR091W,YDR423C,0,-7.3525023,0.0947580635547638,0.9869999885559082,0.9429000020027161
YLR037C,YBL030C,0,-7.3530273,0.09474896639585495,0.9869999885559082,0.9430000185966492
YNL073W,YHR199C,0,-7.354423,0.0947398766875267,0.9869999885559082,0.9430999755859375
YNL112W,YHR176W,0,-7.355124,0.09473077952861786,0.9869999885559082,0.9431999921798706
YCL064C,YKR099W,0,-7.3556337,0.09472168982028961,0.9869999885559082,0.9433000087738037
YDL150W,YMR268C,0,-7.3558664,0.09471260011196136,0.9869999885559082,0.9434000253677368
YJR112W,YOR143C,0,-7.357908,0.09470351040363312,0.9869999885559082,0.9434999823570251
YMR285C,YOL146W,0,-7.3583803,0.09469442814588547,0.9869999885559082,0.9435999989509583
YHR178W,YDR045C,0,-7.3605776,0.09468533843755722,0.9869999885559082,0.9437000155448914
YPL246C,YNL271C,0,-7.361885,0.09467625617980957,0.9869999885559082,0.9437999725341797
YBR248C,YNL182C,0,-7.362609,0.09466718137264252,0.9869999885559082,0.9438999891281128
YGR118W,YDR019C,0,-7.3644433,0.09465809911489487,0.9869999885559082,0.9440000057220459
YPR141C,YMR290C,0,-7.364702,0.09464902430772781,0.9869999885559082,0.944100022315979
YMR207C,YPR189W,0,-7.367286,0.09463994950056076,0.9869999885559082,0.9441999793052673
YIL107C,YPL052W,0,-7.367568,0.09463087469339371,0.9869999885559082,0.9442999958992004
YEL036C,YLR008C,0,-7.3686438,0.09462179988622665,0.9869999885559082,0.9444000124931335
YLL036C,YDR285W,0,-7.368744,0.0946127325296402,0.9869999885559082,0.9445000290870667
YMR070W,YKR090W,0,-7.3706546,0.09460366517305374,0.9869999885559082,0.944599986076355
YLL011W,YMR301C,0,-7.371804,0.09459459781646729,0.9869999885559082,0.9447000026702881
YGL145W,YAR008W,0,-7.3787026,0.09458553045988083,0.9869999885559082,0.9448000192642212
YOR073W,YHR034C,0,-7.378821,0.09457646310329437,0.9869999885559082,0.9448999762535095
YKL093W,YOR354C,0,-7.3799877,0.09456740319728851,0.9869999885559082,0.9449999928474426
YDR096W,YEL012W,0,-7.3808484,0.09455834329128265,0.9869999885559082,0.9451000094413757
YBR298C,YML118W,0,-7.3837905,0.0945492833852768,0.9869999885559082,0.9452000260353088
YCL008C,YMR215W,0,-7.387598,0.09454023092985153,0.9869999885559082,0.9452999830245972
YMR301C,YBR135W,0,-7.387781,0.09453117847442627,0.9869999885559082,0.9453999996185303
YIL014W,YLL012W,0,-7.3887615,0.09452211856842041,0.9869999885559082,0.9455000162124634
YDR477W,YDR183W,0,-7.389804,0.09451307356357574,0.9869999885559082,0.9455999732017517
YCL029C,YOL061W,0,-7.3908224,0.09450402110815048,0.9869999885559082,0.9456999897956848
YMR070W,YBR023C,0,-7.3910923,0.09449497610330582,0.9869999885559082,0.9458000063896179
YOL093W,YDL171C,0,-7.392047,0.09448593109846115,0.9869999885559082,0.945900022983551
YJL208C,YHL036W,0,-7.392485,0.09447688609361649,0.9869999885559082,0.9459999799728394
YOR244W,YLR239C,0,-7.39261,0.09446784108877182,0.9869999885559082,0.9460999965667725
YKR063C,YBR162W-A,0,-7.3936033,0.09445880353450775,0.9869999885559082,0.9462000131607056
YMR179W,YGL184C,0,-7.3958225,0.09444975852966309,0.9869999885559082,0.9463000297546387
YOR078W,YOR254C,0,-7.397439,0.09444072097539902,0.9869999885559082,0.946399986743927
YKL132C,YBR006W,0,-7.397827,0.09443169087171555,0.9869999885559082,0.9465000033378601
YBR065C,YPL209C,0,-7.404297,0.09442265331745148,0.9869999885559082,0.9466000199317932
YLR010C,YPL192C,0,-7.4065824,0.094413623213768,0.9869999885559082,0.9466999769210815
YGR158C,YJL094C,0,-7.4091024,0.09440459311008453,0.9869999885559082,0.9467999935150146
YLR270W,YDR478W,0,-7.4091034,0.09439556300640106,0.9869999885559082,0.9469000101089478
YKL201C,YLR119W,0,-7.4134336,0.09438653290271759,0.9869999885559082,0.9470000267028809
YMR229C,YNR016C,0,-7.4170218,0.09437751024961472,0.9869999885559082,0.9470999836921692
YAL039C,YLR070C,0,-7.417032,0.09436848759651184,0.9869999885559082,0.9472000002861023
YLR401C,YLL040C,0,-7.420928,0.09435946494340897,0.9869999885559082,0.9473000168800354
YGL031C,YDR324C,0,-7.4269476,0.09435044229030609,0.9869999885559082,0.9473999738693237
YHR157W,YGR072W,0,-7.4278154,0.09434142708778381,0.9869999885559082,0.9474999904632568
YBR041W,YCR081W,0,-7.430632,0.09433241188526154,0.9869999885559082,0.9476000070571899
YLR450W,YOL010W,0,-7.4320283,0.09432339668273926,0.9869999885559082,0.947700023651123
YML130C,YAL058W,0,-7.433216,0.09431438148021698,0.9869999885559082,0.9477999806404114
YGL209W,YNL292W,0,-7.434001,0.0943053662776947,0.9869999885559082,0.9478999972343445
YKR097W,YOR166C,0,-7.4364805,0.09429635852575302,0.9869999885559082,0.9480000138282776
YNL027W,YDL168W,0,-7.4378276,0.09428735077381134,0.9869999885559082,0.9480999708175659
YGR278W,YHR114W,0,-7.438488,0.09427834302186966,0.9869999885559082,0.948199987411499
YGR275W,YER109C,0,-7.4388704,0.09426934272050858,0.9869999885559082,0.9483000040054321
YCL063W,YLR240W,1,-7.4406414,0.09435583651065826,0.9879999756813049,0.9483000040054321
YDR005C,YDR069C,0,-7.4409466,0.09434682875871658,0.9879999756813049,0.9484000205993652
YNL326C,YFR019W,1,-7.4416356,0.09443330764770508,0.9890000224113464,0.9484000205993652
YPL117C,YKL120W,0,-7.4429984,0.0944242849946022,0.9890000224113464,0.9484999775886536
YIR010W,YDR027C,0,-7.4455156,0.09441527724266052,0.9890000224113464,0.9485999941825867
YNL218W,YKR019C,0,-7.446191,0.09440626204013824,0.9890000224113464,0.9487000107765198
YMR065W,YJR097W,0,-7.4472117,0.09439725428819656,0.9890000224113464,0.9488000273704529
YLR165C,YOR188W,0,-7.4499855,0.09438823908567429,0.9890000224113464,0.9488999843597412
YGL029W,YJL076W,0,-7.4533896,0.0943792313337326,0.9890000224113464,0.9490000009536743
YOL031C,YPR030W,0,-7.455392,0.09437023103237152,0.9890000224113464,0.9491000175476074
YDR280W,YMR139W,0,-7.4586906,0.09436122328042984,0.9890000224113464,0.9491999745368958
YLR316C,YBR098W,0,-7.4592457,0.09435222297906876,0.9890000224113464,0.9492999911308289
YIL131C,YDR513W,0,-7.461051,0.09434322267770767,0.9890000224113464,0.949400007724762
YBL031W,YLL022C,0,-7.4630075,0.09433422237634659,0.9890000224113464,0.9495000243186951
YDL201W,YER103W,0,-7.46334,0.0943252295255661,0.9890000224113464,0.9495999813079834
YJL168C,YDR492W,0,-7.463634,0.09431622922420502,0.9890000224113464,0.9496999979019165
YNL231C,YOL077C,0,-7.4657383,0.09430723637342453,0.9890000224113464,0.9498000144958496
YFR040W,YMR117C,0,-7.46659,0.09429824352264404,0.9890000224113464,0.9498999714851379
YJL010C,YER074W,0,-7.4674835,0.09428925812244415,0.9890000224113464,0.949999988079071
YOR211C,YHR151C,0,-7.4681807,0.09428026527166367,0.9890000224113464,0.9501000046730042
YIL098C,YDR256C,0,-7.468792,0.09427127987146378,0.9890000224113464,0.9502000212669373
YOR098C,YJR144W,0,-7.471175,0.09426229447126389,0.9890000224113464,0.9502999782562256
YOR007C,YKL203C,0,-7.4719257,0.094253309071064,0.9890000224113464,0.9503999948501587
YPR067W,YCL033C,0,-7.4732,0.0942443311214447,0.9890000224113464,0.9505000114440918
YOL009C,YGR049W,0,-7.4740534,0.09423535317182541,0.9890000224113464,0.9506000280380249
YPL163C,YOL094C,0,-7.474263,0.09422637522220612,0.9890000224113464,0.9506999850273132
YKL194C,YKL188C,0,-7.4745626,0.09421739727258682,0.9890000224113464,0.9508000016212463
YDR173C,YNL273W,0,-7.4754734,0.09420841932296753,0.9890000224113464,0.9509000182151794
YNL252C,YOL084W,0,-7.4756956,0.09419944882392883,0.9890000224113464,0.9509999752044678
YGL104C,YBR218C,0,-7.476765,0.09419047832489014,0.9890000224113464,0.9510999917984009
YDR303C,YPL055C,0,-7.4783964,0.09418150782585144,0.9890000224113464,0.951200008392334
YPR167C,YOR372C,0,-7.4796486,0.09417253732681274,0.9890000224113464,0.9513000249862671
YBR017C,YLR002C,0,-7.480818,0.09416357427835464,0.9890000224113464,0.9513999819755554
YPL212C,YER102W,0,-7.482091,0.09415461122989655,0.9890000224113464,0.9514999985694885
YDR499W,YOR059C,0,-7.4827976,0.09414564818143845,0.9890000224113464,0.9516000151634216
YMR202W,YHR168W,0,-7.484948,0.09413668513298035,0.9890000224113464,0.95169997215271
YNL182C,YCL051W,0,-7.48678,0.09412772208452225,0.9890000224113464,0.9517999887466431
YGR239C,YJR025C,0,-7.4914293,0.09411876648664474,0.9890000224113464,0.9519000053405762
YBR189W,YHR161C,0,-7.4930267,0.09410981088876724,0.9890000224113464,0.9520000219345093
YFR019W,YGL095C,1,-7.49716,0.09419600665569305,0.9900000095367432,0.9520000219345093
YBR066C,YGL067W,0,-7.4972725,0.09418704360723495,0.9900000095367432,0.9520999789237976
YGR088W,YGR189C,0,-7.499731,0.09417808055877686,0.9900000095367432,0.9521999955177307
YDR358W,YMR198W,0,-7.4999104,0.09416912496089935,0.9900000095367432,0.9523000121116638
YDR520C,YJL168C,0,-7.500883,0.09416016936302185,0.9900000095367432,0.9524000287055969
YMR231W,YCL063W,1,-7.502077,0.09424631297588348,0.9909999966621399,0.9524000287055969
YNL002C,YOR274W,0,-7.5038776,0.09423734992742538,0.9909999966621399,0.9524999856948853
YMR104C,YMR077C,0,-7.510867,0.09422839432954788,0.9909999966621399,0.9526000022888184
YGL175C,YPL052W,0,-7.5131974,0.09421943128108978,0.9909999966621399,0.9527000188827515
YOL096C,YNL072W,0,-7.514324,0.09421047568321228,0.9909999966621399,0.9527999758720398
YJL092W,YPR121W,0,-7.5160885,0.09420152008533478,0.9909999966621399,0.9528999924659729
YCR057C,YML118W,0,-7.517155,0.09419256448745728,0.9909999966621399,0.953000009059906
YOR008C,YNL210W,0,-7.517496,0.09418361634016037,0.9909999966621399,0.9531000256538391
YFR040W,YAL010C,0,-7.5204678,0.09417466819286346,0.9909999966621399,0.9531999826431274
YIL119C,YGL059W,0,-7.5210667,0.09416572004556656,0.9909999966621399,0.9532999992370605
YCR020W-B,YLR097C,0,-7.5247126,0.09415677189826965,0.9909999966621399,0.9534000158309937
YML100W,YOR064C,0,-7.526398,0.09414782375097275,0.9909999966621399,0.953499972820282
YGR288W,YGR043C,0,-7.526798,0.09413888305425644,0.9909999966621399,0.9535999894142151
YOL081W,YCR047C,0,-7.529239,0.09412994235754013,0.9909999966621399,0.9537000060081482
YBR132C,YHL032C,0,-7.5343847,0.09412100166082382,0.9909999966621399,0.9538000226020813
YNL196C,YGR049W,0,-7.5344505,0.09411206096410751,0.9909999966621399,0.9538999795913696
YDR144C,YGR049W,0,-7.5357,0.0941031277179718,0.9909999966621399,0.9539999961853027
YFL026W,YGR057C,0,-7.536687,0.0940941870212555,0.9909999966621399,0.9541000127792358
YBR187W,YBL011W,0,-7.5376034,0.09408525377511978,0.9909999966621399,0.954200029373169
YDR096W,YPR023C,0,-7.537733,0.09407632797956467,0.9909999966621399,0.9542999863624573
YIL107C,YGR224W,0,-7.5388384,0.09406739473342896,0.9909999966621399,0.9544000029563904
YPR144C,YOL130W,0,-7.539544,0.09405846893787384,0.9909999966621399,0.9545000195503235
YHR124W,YDR081C,0,-7.540435,0.09404954314231873,0.9909999966621399,0.9545999765396118
YDR446W,YML103C,0,-7.5442038,0.09404061734676361,0.9909999966621399,0.9546999931335449
YIR026C,YAL029C,0,-7.5443726,0.0940316915512085,0.9909999966621399,0.954800009727478
YML126C,YNL182C,0,-7.5449133,0.09402277320623398,0.9909999966621399,0.9549000263214111
YOL034W,YMR182C,0,-7.5457935,0.09401384741067886,0.9909999966621399,0.9549999833106995
YLR191W,YPR009W,0,-7.545916,0.09400492906570435,0.9909999966621399,0.9550999999046326
YOL108C,YER173W,0,-7.5467043,0.09399601817131042,0.9909999966621399,0.9552000164985657
YLR165C,YDR312W,0,-7.5471764,0.09398709982633591,0.9909999966621399,0.955299973487854
YLR222C,YLR362W,0,-7.548791,0.09397818893194199,0.9909999966621399,0.9553999900817871
YOR201C,YDR392W,0,-7.5505705,0.09396927803754807,0.9909999966621399,0.9555000066757202
YPR178W,YPL104W,0,-7.551115,0.09396036714315414,0.9909999966621399,0.9556000232696533
YPL124W,YNR058W,0,-7.5515804,0.09395146369934082,0.9909999966621399,0.9556999802589417
YMR240C,YGL162W,0,-7.552109,0.0939425528049469,0.9909999966621399,0.9557999968528748
YLL035W,YEL038W,0,-7.55329,0.09393364936113358,0.9909999966621399,0.9559000134468079
YLR081W,YKR068C,0,-7.554477,0.09392474591732025,0.9909999966621399,0.9559999704360962
YOL071W,YGR154C,0,-7.5551386,0.09391584247350693,0.9909999966621399,0.9560999870300293
YDR438W,YNR012W,0,-7.557828,0.0939069464802742,0.9909999966621399,0.9562000036239624
YDL074C,YOR297C,0,-7.558668,0.09389805048704147,0.9909999966621399,0.9563000202178955
YDR522C,YNL148C,0,-7.566265,0.09388915449380875,0.9909999966621399,0.9563999772071838
YNL164C,YDR081C,0,-7.567175,0.09388025850057602,0.9909999966621399,0.9564999938011169
YDR438W,YDL104C,0,-7.571497,0.09387136250734329,0.9909999966621399,0.95660001039505
YOR290C,YPL085W,0,-7.5726814,0.09386247396469116,0.9909999966621399,0.9567000269889832
YHR030C,YNL074C,0,-7.5752544,0.09385358542203903,0.9909999966621399,0.9567999839782715
YMR278W,YJR119C,0,-7.5759687,0.0938446968793869,0.9909999966621399,0.9569000005722046
YLR369W,YGL243W,0,-7.578909,0.09383580833673477,0.9909999966621399,0.9570000171661377
YOR336W,YJR117W,0,-7.5796165,0.09382692724466324,0.9909999966621399,0.957099974155426
YDL127W,YGR043C,0,-7.5800977,0.0938180461525917,0.9909999966621399,0.9571999907493591
YOR391C,YKL078W,0,-7.5853744,0.09380916506052017,0.9909999966621399,0.9573000073432922
YDR223W,YDR369C,0,-7.586885,0.09380028396844864,0.9909999966621399,0.9574000239372253
YKR083C,YNL204C,0,-7.5914307,0.0937914028763771,0.9909999966621399,0.9574999809265137
YIR036C,YCL057W,0,-7.593329,0.09378252923488617,0.9909999966621399,0.9575999975204468
YIL154C,YBR142W,0,-7.594408,0.09377365559339523,0.9909999966621399,0.9577000141143799
YMR011W,YDL108W,0,-7.598267,0.0937647819519043,0.9909999966621399,0.9577999711036682
YOR381W,YFL002C,0,-7.5992017,0.09375591576099396,0.9909999966621399,0.9578999876976013
YGR133W,YIL140W,0,-7.5997086,0.09374704211950302,0.9909999966621399,0.9580000042915344
YDR223W,YLL041C,0,-7.602563,0.09373817592859268,0.9909999966621399,0.9581000208854675
YER150W,YBR152W,0,-7.605537,0.09372930973768234,0.9909999966621399,0.9581999778747559
YBR084C-A,YOR243C,0,-7.607051,0.093720443546772,0.9909999966621399,0.958299994468689
YLR081W,YGL141W,0,-7.608966,0.09371158480644226,0.9909999966621399,0.9584000110626221
YLR226W,YNL256W,0,-7.6092415,0.09370272606611252,0.9909999966621399,0.9585000276565552
YGL071W,YML114C,0,-7.6135035,0.09369386732578278,0.9909999966621399,0.9585999846458435
YBR046C,YOR142W,0,-7.616185,0.09368500858545303,0.9909999966621399,0.9587000012397766
YJL010C,YJL076W,0,-7.6163006,0.09367614984512329,0.9909999966621399,0.9588000178337097
YDR515W,YJL100W,0,-7.61859,0.09366729855537415,0.9909999966621399,0.958899974822998
YNL233W,YML042W,0,-7.6192303,0.093658447265625,0.9909999966621399,0.9589999914169312
YGL096W,YOL105C,0,-7.6196566,0.09364959597587585,0.9909999966621399,0.9591000080108643
YPR154W,YBR201W,0,-7.6223006,0.09364074468612671,0.9909999966621399,0.9592000246047974
YJL035C,YBR001C,0,-7.6248045,0.09363190084695816,0.9909999966621399,0.9592999815940857
YGL156W,YDR097C,0,-7.625143,0.09362304955720901,0.9909999966621399,0.9593999981880188
YDR459C,YNR043W,0,-7.6273403,0.09361420571804047,0.9909999966621399,0.9595000147819519
YEL032W,YDL006W,0,-7.627431,0.09360536187887192,0.9909999966621399,0.9595999717712402
YML006C,YDL074C,0,-7.6279855,0.09359652549028397,0.9909999966621399,0.9596999883651733
YKL074C,YAR014C,0,-7.630538,0.09358768165111542,0.9909999966621399,0.9598000049591064
YCL037C,YFR015C,0,-7.6354938,0.09357884526252747,0.9909999966621399,0.9599000215530396
YOR361C,YGL122C,0,-7.6376147,0.09357000887393951,0.9909999966621399,0.9599999785423279
YLR355C,YJR070C,0,-7.639406,0.09356117993593216,0.9909999966621399,0.960099995136261
YHL047C,YNL256W,0,-7.641179,0.09355234354734421,0.9909999966621399,0.9602000117301941
YLR288C,YOL052C-A,0,-7.6468573,0.09354351460933685,0.9909999966621399,0.9603000283241272
YKR002W,YKL181W,0,-7.6518145,0.0935346856713295,0.9909999966621399,0.9603999853134155
YAL061W,YMR235C,0,-7.653513,0.09352585673332214,0.9909999966621399,0.9605000019073486
YGR214W,YER082C,0,-7.654109,0.09351703524589539,0.9909999966621399,0.9606000185012817
YMR313C,YBL021C,0,-7.6561756,0.09350820630788803,0.9909999966621399,0.9606999754905701
YIL115C,YNL002C,0,-7.6579113,0.09349938482046127,0.9909999966621399,0.9607999920845032
YJR055W,YHR160C,0,-7.66774,0.09349056333303452,0.9909999966621399,0.9609000086784363
YNL090W,YNL299W,0,-7.6690726,0.09348174929618835,0.9909999966621399,0.9610000252723694
YPR143W,YLR380W,0,-7.67019,0.0934729278087616,0.9909999966621399,0.9610999822616577
YKR044W,YGR072W,0,-7.6727247,0.09346411377191544,0.9909999966621399,0.9611999988555908
YGL180W,YKL194C,0,-7.6757283,0.09345529973506927,0.9909999966621399,0.9613000154495239
YDR190C,YGL122C,0,-7.6767097,0.09344648569822311,0.9909999966621399,0.9613999724388123
YIL118W,YJR050W,0,-7.681032,0.09343767911195755,0.9909999966621399,0.9614999890327454
YBR247C,YEL054C,0,-7.681396,0.09342886507511139,0.9909999966621399,0.9616000056266785
YLL011W,YIL132C,0,-7.6825447,0.09342005848884583,0.9909999966621399,0.9617000222206116
YAR003W,YGR006W,0,-7.6846004,0.09341125190258026,0.9909999966621399,0.9617999792098999
YKR069W,YDR085C,0,-7.685425,0.0934024527668953,0.9909999966621399,0.961899995803833
YNL292W,YOL061W,0,-7.68736,0.09339364618062973,0.9909999966621399,0.9620000123977661
YKR092C,YPL099C,0,-7.6890135,0.09338484704494476,0.9909999966621399,0.9621000289916992
YGR158C,YOR190W,0,-7.6915216,0.0933760479092598,0.9909999966621399,0.9621999859809875
YDL060W,YEL054C,0,-7.6918483,0.09336724877357483,0.9909999966621399,0.9623000025749207
YEL056W,YGR052W,0,-7.691895,0.09335845708847046,0.9909999966621399,0.9624000191688538
YBR247C,YNR043W,0,-7.6919417,0.09334965795278549,0.9909999966621399,0.9624999761581421
YNL052W,YLL039C,0,-7.6998568,0.09334086626768112,0.9909999966621399,0.9625999927520752
YLR387C,YKR090W,0,-7.6999164,0.09333207458257675,0.9909999966621399,0.9627000093460083
YAR018C,YML065W,0,-7.70129,0.09332329034805298,0.9909999966621399,0.9628000259399414
YGL038C,YAL054C,0,-7.705857,0.09331449866294861,0.9909999966621399,0.9628999829292297
YHR087W,YFL034C-B,0,-7.70739,0.09330571442842484,0.9909999966621399,0.9629999995231628
YMR063W,YBR273C,0,-7.7081995,0.09329693019390106,0.9909999966621399,0.963100016117096
YGR154C,YOR237W,0,-7.714295,0.09328814595937729,0.9909999966621399,0.9631999731063843
YFL050C,YER118C,0,-7.7146287,0.09327936917543411,0.9909999966621399,0.9632999897003174
YGL073W,YOR037W,0,-7.715118,0.09327058494091034,0.9909999966621399,0.9634000062942505
YBR055C,YGR154C,0,-7.715536,0.09326180815696716,0.9909999966621399,0.9635000228881836
YDR447C,YPL239W,0,-7.7176046,0.09325303137302399,0.9909999966621399,0.9635999798774719
YDL239C,YHR028C,0,-7.717745,0.09324426203966141,0.9909999966621399,0.963699996471405
YGL184C,YLR207W,0,-7.7225914,0.09323548525571823,0.9909999966621399,0.9638000130653381
YBR055C,YDR484W,0,-7.72292,0.09322671592235565,0.9909999966621399,0.9639000296592712
YDR495C,YDR080W,1,-7.7236514,0.09331201016902924,0.9919999837875366,0.9639000296592712
YPL072W,YOR354C,0,-7.723914,0.09330323338508606,0.9919999837875366,0.9639999866485596
YNR039C,YPR184W,0,-7.7340145,0.09329446405172348,0.9919999837875366,0.9641000032424927
YLR174W,YPL280W,0,-7.7345047,0.0932856872677803,0.9919999837875366,0.9642000198364258
YMR290C,YDL195W,0,-7.7345715,0.09327691793441772,0.9919999837875366,0.9642999768257141
YFL010W-A,YDR425W,0,-7.736639,0.09326814860105515,0.9919999837875366,0.9643999934196472
YDR194C,YBR169C,0,-7.7404885,0.09325937926769257,0.9919999837875366,0.9645000100135803
YPR086W,YDR365C,0,-7.7409973,0.09325060993432999,0.9919999837875366,0.9646000266075134
YDR212W,YGR032W,0,-7.7420187,0.093241848051548,0.9919999837875366,0.9646999835968018
YBL080C,YMR055C,0,-7.743609,0.09323308616876602,0.9919999837875366,0.9648000001907349
YPR137W,YMR042W,0,-7.7458553,0.09322432428598404,0.9919999837875366,0.964900016784668
YBL054W,YMR001C,0,-7.7472634,0.09321556240320206,0.9919999837875366,0.9649999737739563
YER098W,YDL194W,0,-7.7482805,0.09320680052042007,0.9919999837875366,0.9650999903678894
YNR058W,YLR411W,0,-7.7486796,0.09319804608821869,0.9919999837875366,0.9652000069618225
YKL144C,YLL043W,0,-7.7496047,0.0931892916560173,0.9919999837875366,0.9653000235557556
YIL125W,YMR194W,0,-7.751707,0.09318053722381592,0.9919999837875366,0.965399980545044
YCL004W,YOR083W,0,-7.751905,0.09317178279161453,0.9919999837875366,0.965499997138977
YNR039C,YOR256C,0,-7.753342,0.09316303580999374,0.9919999837875366,0.9656000137329102
YDR045C,YNR056C,0,-7.754318,0.09315428882837296,0.9919999837875366,0.9656999707221985
YGL071W,YMR068W,0,-7.7555385,0.09314554184675217,0.9919999837875366,0.9657999873161316
YGR081C,YBR106W,0,-7.758285,0.09313679486513138,0.9919999837875366,0.9659000039100647
YDL036C,YJL208C,0,-7.7607317,0.09312804788351059,0.9919999837875366,0.9660000205039978
YJL106W,YBL039C,0,-7.765123,0.0931193083524704,0.9919999837875366,0.9660999774932861
YIR041W,YPR110C,0,-7.7656355,0.0931105688214302,0.9919999837875366,0.9661999940872192
YML054C,YOR017W,0,-7.766336,0.09310182929039001,0.9919999837875366,0.9663000106811523
YLR200W,YKL089W,0,-7.7678366,0.09309308975934982,0.9919999837875366,0.9664000272750854
YDR037W,YOR295W,0,-7.7692327,0.09308435767889023,0.9919999837875366,0.9664999842643738
YJL058C,YIL038C,0,-7.769907,0.09307562559843063,0.9919999837875366,0.9666000008583069
YOL028C,YPR086W,0,-7.7700067,0.09306689351797104,0.9919999837875366,0.96670001745224
YIR025W,YIL118W,0,-7.7722,0.09305816143751144,0.9919999837875366,0.9667999744415283
YPL231W,YGL120C,0,-7.7753315,0.09304942935705185,0.9919999837875366,0.9668999910354614
YLL028W,YJL087C,0,-7.7781587,0.09304070472717285,0.9919999837875366,0.9670000076293945
YMR292W,YNL268W,0,-7.7782235,0.09303198009729385,0.9919999837875366,0.9671000242233276
YCR092C,YKR053C,0,-7.7843475,0.09302325546741486,0.9919999837875366,0.967199981212616
YBL046W,YOL077C,0,-7.785559,0.09301453083753586,0.9919999837875366,0.9672999978065491
YLL033W,YOR054C,0,-7.788534,0.09300581365823746,0.9919999837875366,0.9674000144004822
YOR063W,YPL266W,0,-7.7885575,0.09299709647893906,0.9919999837875366,0.9674999713897705
YCL063W,YLR396C,1,-7.7902746,0.09308211505413055,0.9929999709129333,0.9674999713897705
YMR006C,YLR248W,0,-7.790288,0.09307339042425156,0.9929999709129333,0.9675999879837036
YMR009W,YBR101C,0,-7.7945843,0.09306466579437256,0.9929999709129333,0.9677000045776367
YNL210W,YLR238W,0,-7.7989383,0.09305594861507416,0.9929999709129333,0.9678000211715698
YIL006W,YLR370C,0,-7.799448,0.09304722398519516,0.9929999709129333,0.9678999781608582
YGR187C,YPR122W,0,-7.8022456,0.09303850680589676,0.9929999709129333,0.9679999947547913
YPL153C,YOR058C,0,-7.802952,0.09302978962659836,0.9929999709129333,0.9681000113487244
YER127W,YHR141C,0,-7.8051662,0.09302107989788055,0.9929999709129333,0.9682000279426575
YLR336C,YPR167C,0,-7.807292,0.09301236271858215,0.9929999709129333,0.9682999849319458
YJL069C,YBR181C,0,-7.8074017,0.09300365298986435,0.9929999709129333,0.9684000015258789
YLL012W,YAL024C,0,-7.8105516,0.09299494326114655,0.9929999709129333,0.968500018119812
YMR309C,YDR320C,0,-7.813396,0.09298623353242874,0.9929999709129333,0.9685999751091003
YMR069W,YOR149C,0,-7.8147364,0.09297753125429153,0.9929999709129333,0.9686999917030334
YBL050W,YKR007W,1,-7.818012,0.09306244552135468,0.9940000176429749,0.9686999917030334
YDR045C,YDR013W,0,-7.8184085,0.09305373579263687,0.9940000176429749,0.9688000082969666
YOR162C,YOL052C-A,0,-7.8218126,0.09304502606391907,0.9940000176429749,0.9689000248908997
YNL191W,YPR060C,0,-7.8253455,0.09303631633520126,0.9940000176429749,0.968999981880188
YCL032W,YDL149W,0,-7.828339,0.09302760660648346,0.9940000176429749,0.9690999984741211
YML102W,YNL065W,0,-7.829852,0.09301890432834625,0.9940000176429749,0.9692000150680542
YKR063C,YHL024W,0,-7.829967,0.09301020205020905,0.9940000176429749,0.9692999720573425
YER028C,YCR069W,0,-7.8321385,0.09300149977207184,0.9940000176429749,0.9693999886512756
YNL282W,YOR207C,0,-7.834876,0.09299279749393463,0.9940000176429749,0.9695000052452087
YMR316W,YIL046W,0,-7.836486,0.09298409521579742,0.9940000176429749,0.9696000218391418
YBR030W,YNR012W,0,-7.8403463,0.09297540038824081,0.9940000176429749,0.9696999788284302
YGR145W,YCR089W,0,-7.8411407,0.0929667055606842,0.9940000176429749,0.9697999954223633
YAR019C,YIL079C,0,-7.842885,0.0929580107331276,0.9940000176429749,0.9699000120162964
YHR094C,YER018C,0,-7.84291,0.09294931590557098,0.9940000176429749,0.9700000286102295
YMR070W,YGL122C,0,-7.8438444,0.09294062852859497,0.9940000176429749,0.9700999855995178
YDR534C,YNL231C,0,-7.8446665,0.09293193370103836,0.9940000176429749,0.9702000021934509
YJL098W,YLR461W,0,-7.8497767,0.09292324632406235,0.9940000176429749,0.970300018787384
YLR196W,YOL132W,0,-7.859891,0.09291456639766693,0.9940000176429749,0.9703999757766724
YKL095W,YOR017W,0,-7.8604674,0.09290587902069092,0.9940000176429749,0.9704999923706055
YBR214W,YPR201W,0,-7.861067,0.0928971990942955,0.9940000176429749,0.9706000089645386
YJL035C,YGL205W,0,-7.8624077,0.09288851171731949,0.9940000176429749,0.9707000255584717
YPL017C,YMR251W-A,0,-7.8663087,0.09287983924150467,0.9940000176429749,0.97079998254776
YGL071W,YIR025W,0,-7.8707247,0.09287115931510925,0.9940000176429749,0.9708999991416931
YKR020W,YJR119C,0,-7.872568,0.09286247938871384,0.9940000176429749,0.9710000157356262
YDL175C,YPL123C,0,-7.8751082,0.09285380691289902,0.9940000176429749,0.9710999727249146
YGL209W,YJL072C,0,-7.8751693,0.0928451344370842,0.9940000176429749,0.9711999893188477
YOR001W,YPL237W,0,-7.876786,0.09283646196126938,0.9940000176429749,0.9713000059127808
YDR083W,YIL145C,0,-7.8774724,0.09282778948545456,0.9940000176429749,0.9714000225067139
YHR156C,YDR427W,0,-7.8809576,0.09281912446022034,0.9940000176429749,0.9714999794960022
YOR179C,YNL204C,0,-7.8867807,0.09281045943498611,0.9940000176429749,0.9715999960899353
YKR007W,YMR197C,1,-7.8879795,0.09289515763521194,0.9950000047683716,0.9715999960899353
YLR429W,YML100W,0,-7.8890486,0.09288648515939713,0.9950000047683716,0.9717000126838684
YNL112W,YKL089W,0,-7.8935056,0.0928778126835823,0.9950000047683716,0.9718000292778015
YPL231W,YHR081W,0,-7.9012523,0.09286914020776749,0.9950000047683716,0.9718999862670898
YKR081C,YBR160W,0,-7.9029818,0.09286047518253326,0.9950000047683716,0.972000002861023
YBR245C,YKR021W,0,-7.90532,0.09285181015729904,0.9950000047683716,0.972100019454956
YIL135C,YDR046C,0,-7.908431,0.09284314513206482,0.9950000047683716,0.9721999764442444
YFR038W,YLR187W,0,-7.9132504,0.0928344875574112,0.9950000047683716,0.9722999930381775
YJL156C,YLR251W,0,-7.9135914,0.09282582253217697,0.9950000047683716,0.9724000096321106
YKL024C,YKL198C,0,-7.914159,0.09281716495752335,0.9950000047683716,0.9725000262260437
YDR060W,YHL033C,0,-7.9187307,0.09280850738286972,0.9950000047683716,0.972599983215332
YIL019W,YDL069C,0,-7.922639,0.0927998498082161,0.9950000047683716,0.9726999998092651
YMR182C,YDL006W,0,-7.924698,0.09279119968414307,0.9950000047683716,0.9728000164031982
YLR382C,YJL127C,0,-7.929085,0.09278254210948944,0.9950000047683716,0.9728999733924866
YLR291C,YHR072W,0,-7.9311485,0.09277389198541641,0.9950000047683716,0.9729999899864197
YLR196W,YLR084C,0,-7.9367104,0.09276524186134338,0.9950000047683716,0.9731000065803528
YGL093W,YOR304W,0,-7.941583,0.09275659918785095,0.9950000047683716,0.9732000231742859
YMR240C,YJL035C,0,-7.946003,0.09274794906377792,0.9950000047683716,0.9732999801635742
YLR075W,YDL136W,0,-7.949177,0.09273930639028549,0.9950000047683716,0.9733999967575073
YIL018W,YJR094W-A,0,-7.949845,0.09273066371679306,0.9950000047683716,0.9735000133514404
YNR053C,YGL017W,0,-7.9525824,0.09272202104330063,0.9950000047683716,0.9735999703407288
YDR480W,YPL222W,0,-7.9528594,0.0927133783698082,0.9950000047683716,0.9736999869346619
YAL034C,YJL192C,0,-7.953176,0.09270474314689636,0.9950000047683716,0.973800003528595
YLR035C,YKR069W,0,-7.9539185,0.09269610792398453,0.9950000047683716,0.9739000201225281
YPL018W,YDR074W,0,-7.959351,0.09268747270107269,0.9950000047683716,0.9739999771118164
YBR130C,YNL232W,0,-7.96044,0.09267883747816086,0.9950000047683716,0.9740999937057495
YNL090W,YPL082C,0,-7.9660115,0.09267020225524902,0.9950000047683716,0.9742000102996826
YNL282W,YGL196W,0,-7.967531,0.09266157448291779,0.9950000047683716,0.9743000268936157
YEL004W,YPR191W,0,-7.9678,0.09265294671058655,0.9950000047683716,0.974399983882904
YBL042C,YIL079C,0,-7.9718957,0.09264431893825531,0.9950000047683716,0.9745000004768372
YGL234W,YHR072W,0,-7.9815183,0.09263569861650467,0.9950000047683716,0.9746000170707703
YLR435W,YOR134W,0,-7.982813,0.09262707084417343,0.9950000047683716,0.9746999740600586
YHR008C,YAR027W,0,-7.9844446,0.09261845052242279,0.9950000047683716,0.9747999906539917
YNL182C,YPL123C,0,-7.989603,0.09260983020067215,0.9950000047683716,0.9749000072479248
YML031W,YHR041C,0,-7.9955177,0.09260120987892151,0.9950000047683716,0.9750000238418579
YGL131C,YGL023C,0,-8.002948,0.09259258955717087,0.9950000047683716,0.9750999808311462
YFL030W,YJR103W,0,-8.006236,0.09258397668600082,0.9950000047683716,0.9751999974250793
YLR009W,YPL164C,0,-8.016942,0.09257536381483078,0.9950000047683716,0.9753000140190125
YKL221W,YHL024W,0,-8.028399,0.09256675094366074,0.9950000047683716,0.9753999710083008
YNL323W,YCR057C,0,-8.030875,0.09255813807249069,0.9950000047683716,0.9754999876022339
YOR381W,YNL002C,0,-8.03603,0.09254953265190125,0.9950000047683716,0.975600004196167
YBR182C,YHL040C,0,-8.036305,0.0925409197807312,0.9950000047683716,0.9757000207901001
YPL252C,YOR313C,0,-8.036335,0.09253231436014175,0.9950000047683716,0.9757999777793884
YPL011C,YOR058C,0,-8.03721,0.09252370893955231,0.9950000047683716,0.9758999943733215
YPR151C,YPL280W,0,-8.037944,0.09251511096954346,0.9950000047683716,0.9760000109672546
YKL042W,YDR081C,0,-8.048578,0.09250650554895401,0.9950000047683716,0.9761000275611877
YAL034C,YPR200C,0,-8.058556,0.09249790757894516,0.9950000047683716,0.9761999845504761
YLR009W,YNL068C,0,-8.06485,0.09248930960893631,0.9950000047683716,0.9763000011444092
YGL184C,YNR012W,0,-8.069822,0.09248071163892746,0.9950000047683716,0.9764000177383423
YNL261W,YBR273C,0,-8.070188,0.0924721211194992,0.9950000047683716,0.9764999747276306
YGR065C,YLR323C,0,-8.073561,0.09246352314949036,0.9950000047683716,0.9765999913215637
YNR057C,YCL037C,0,-8.081279,0.0924549326300621,0.9950000047683716,0.9767000079154968
YNL072W,YNL245C,0,-8.083139,0.09244634211063385,0.9950000047683716,0.9768000245094299
YKL033W,YJL184W,0,-8.087384,0.0924377590417862,0.9950000047683716,0.9768999814987183
YDR488C,YJR006W,0,-8.091049,0.09242916852235794,0.9950000047683716,0.9769999980926514
YML006C,YPR162C,0,-8.097306,0.09242058545351028,0.9950000047683716,0.9771000146865845
YPR086W,YGR006W,0,-8.099349,0.09241200238466263,0.9950000047683716,0.9771999716758728
YBL075C,YPL207W,0,-8.100145,0.09240341931581497,0.9950000047683716,0.9772999882698059
YNL272C,YDR449C,0,-8.102532,0.09239483624696732,0.9950000047683716,0.977400004863739
YDR045C,YBR142W,0,-8.102913,0.09238626062870026,0.9950000047683716,0.9775000214576721
YHR148W,YFL022C,0,-8.103295,0.0923776775598526,0.9950000047683716,0.9775999784469604
YMR167W,YLR205C,0,-8.104169,0.09236910194158554,0.9950000047683716,0.9776999950408936
YLR034C,YHR151C,0,-8.112341,0.09236053377389908,0.9950000047683716,0.9778000116348267
YGL170C,YOR340C,0,-8.116882,0.09235195815563202,0.9950000047683716,0.9779000282287598
YJL112W,YER068W,0,-8.119346,0.09234338998794556,0.9950000047683716,0.9779999852180481
YGR220C,YER065C,0,-8.122325,0.0923348218202591,0.9950000047683716,0.9781000018119812
YPL177C,YML009C,0,-8.128727,0.09232625365257263,0.9950000047683716,0.9782000184059143
YBL054W,YJR110W,0,-8.130018,0.09231768548488617,0.9950000047683716,0.9782999753952026
YNL119W,YDL136W,0,-8.130766,0.09230911731719971,0.9950000047683716,0.9783999919891357
YMR021C,YIL132C,0,-8.130803,0.09230055660009384,0.9950000047683716,0.9785000085830688
YOR120W,YDR084C,0,-8.137407,0.09229199588298798,0.9950000047683716,0.978600025177002
YIL079C,YDR320C,0,-8.143762,0.09228343516588211,0.9950000047683716,0.9786999821662903
YPL231W,YJR070C,0,-8.153588,0.09227487444877625,0.9950000047683716,0.9787999987602234
YHR124W,YNL119W,0,-8.153676,0.09226632118225098,0.9950000047683716,0.9789000153541565
YBL069W,YMR194W,0,-8.154011,0.09225776791572571,0.9950000047683716,0.9789999723434448
YBR266C,YLR276C,0,-8.160616,0.09224921464920044,0.9950000047683716,0.9790999889373779
YIL090W,YCR057C,0,-8.164635,0.09224066138267517,0.9950000047683716,0.979200005531311
YNL207W,YNL003C,0,-8.167744,0.0922321081161499,0.9950000047683716,0.9793000221252441
YCL016C,YGR095C,0,-8.169302,0.09222356230020523,0.9950000047683716,0.9793999791145325
YOR188W,YPL050C,0,-8.174513,0.09221501648426056,0.9950000047683716,0.9794999957084656
YGL096W,YLR045C,0,-8.177302,0.09220647066831589,0.9950000047683716,0.9796000123023987
YBR169C,YOL147C,0,-8.178722,0.09219792485237122,0.9950000047683716,0.9797000288963318
YHR008C,YOL132W,0,-8.181767,0.09218937903642654,0.9950000047683716,0.9797999858856201
YER025W,YKR099W,0,-8.184729,0.09218084067106247,0.9950000047683716,0.9799000024795532
YOL066C,YPL029W,0,-8.188734,0.0921723023056984,0.9950000047683716,0.9800000190734863
YLR382C,YDR513W,0,-8.189815,0.09216376394033432,0.9950000047683716,0.9800999760627747
YPR009W,YHL023C,0,-8.191419,0.09215522557497025,0.9950000047683716,0.9801999926567078
YOR382W,YLR308W,0,-8.194077,0.09214669466018677,0.9950000047683716,0.9803000092506409
YIL050W,YBR214W,0,-8.195538,0.09213816374540329,0.9950000047683716,0.980400025844574
YGR211W,YDR527W,0,-8.200862,0.09212963283061981,0.9950000047683716,0.9804999828338623
YEL018W,YDL102W,0,-8.204336,0.09212110191583633,0.9950000047683716,0.9805999994277954
YKR044W,YMR047C,0,-8.207156,0.09211257100105286,0.9950000047683716,0.9807000160217285
YGL104C,YMR145C,0,-8.212119,0.09210404753684998,0.9950000047683716,0.9807999730110168
YKL041W,YOL084W,0,-8.212158,0.0920955166220665,0.9950000047683716,0.98089998960495
YOL135C,YMR014W,0,-8.216146,0.09208699315786362,0.9950000047683716,0.9810000061988831
YHR150W,YFL025C,0,-8.220999,0.09207847714424133,0.9950000047683716,0.9811000227928162
YJR048W,YGR043C,0,-8.2252,0.09206995368003845,0.9950000047683716,0.9811999797821045
YDL239C,YDL135C,0,-8.227127,0.09206143766641617,0.9950000047683716,0.9812999963760376
YBR182C,YKR019C,0,-8.237533,0.09205292165279388,0.9950000047683716,0.9814000129699707
YBR150C,YOL070C,0,-8.242659,0.0920444056391716,0.9950000047683716,0.9815000295639038
YBL032W,YNL151C,0,-8.244769,0.09203588962554932,0.9950000047683716,0.9815999865531921
YBR022W,YGR049W,0,-8.248246,0.09202737361192703,0.9950000047683716,0.9817000031471252
YLR258W,YFL042C,0,-8.248378,0.09201886504888535,0.9950000047683716,0.9818000197410583
YKL193C,YHR105W,0,-8.250844,0.09201035648584366,0.9950000047683716,0.9818999767303467
YDR358W,YJR046W,0,-8.252378,0.09200184792280197,0.9950000047683716,0.9819999933242798
YPL244C,YGR103W,0,-8.252933,0.09199334681034088,0.9950000047683716,0.9821000099182129
YER045C,YPR155C,0,-8.264619,0.0919848382472992,0.9950000047683716,0.982200026512146
YLR142W,YGL130W,0,-8.264689,0.0919763371348381,0.9950000047683716,0.9822999835014343
YOL080C,YIL142W,0,-8.265825,0.09196783602237701,0.9950000047683716,0.9824000000953674
YMR257C,YGL006W,0,-8.267585,0.09195933490991592,0.9950000047683716,0.9825000166893005
YMR115W,YGR271C-A,0,-8.279085,0.09195083379745483,0.9950000047683716,0.9825999736785889
YFL036W,YER168C,0,-8.280916,0.09194234013557434,0.9950000047683716,0.982699990272522
YPL005W,YJL208C,0,-8.286286,0.09193384647369385,0.9950000047683716,0.9828000068664551
YDR202C,YMR197C,1,-8.287251,0.09201774001121521,0.9959999918937683,0.9828000068664551
YCL063W,YFR019W,1,-8.288423,0.09210161864757538,0.996999979019165,0.9828000068664551
YJR090C,YPL055C,0,-8.291591,0.09209311008453369,0.996999979019165,0.9829000234603882
YNR013C,YGR109C,0,-8.295178,0.092084601521492,0.996999979019165,0.9829999804496765
YGR028W,YLR258W,0,-8.298725,0.09207610040903091,0.996999979019165,0.9830999970436096
YER114C,YKL020C,0,-8.299536,0.09206759929656982,0.996999979019165,0.9832000136375427
YGR133W,YNL299W,0,-8.301477,0.09205909818410873,0.996999979019165,0.983299970626831
YDR200C,YOR304W,0,-8.303594,0.09205059707164764,0.996999979019165,0.9833999872207642
YGL075C,YPR101W,0,-8.308941,0.09204209595918655,0.996999979019165,0.9835000038146973
YGL055W,YOR134W,0,-8.311842,0.09203360229730606,0.996999979019165,0.9836000204086304
YOL151W,YOR185C,0,-8.3139305,0.09202510863542557,0.996999979019165,0.9836999773979187
YBL085W,YHR103W,0,-8.31622,0.09201661497354507,0.996999979019165,0.9837999939918518
YAR020C,YPL202C,0,-8.317732,0.09200812131166458,0.996999979019165,0.9839000105857849
YBL101C,YJL122W,0,-8.323421,0.09199962764978409,0.996999979019165,0.984000027179718
YMR065W,YKL041W,0,-8.328279,0.09199114143848419,0.996999979019165,0.9840999841690063
YGR245C,YBL103C,0,-8.33064,0.0919826552271843,0.996999979019165,0.9842000007629395
YDR175C,YPR086W,0,-8.339766,0.0919741690158844,0.996999979019165,0.9843000173568726
YBL106C,YER110C,0,-8.34139,0.0919656828045845,0.996999979019165,0.9843999743461609
YMR261C,YGR088W,0,-8.342416,0.0919572040438652,0.996999979019165,0.984499990940094
YHR183W,YGR123C,0,-8.364354,0.0919487252831459,0.996999979019165,0.9846000075340271
YOL045W,YER070W,0,-8.366956,0.0919402465224266,0.996999979019165,0.9847000241279602
YMR023C,YNL222W,0,-8.369396,0.0919317677617073,0.996999979019165,0.9847999811172485
YEL024W,YDR069C,0,-8.371673,0.091923289000988,0.996999979019165,0.9848999977111816
YNL196C,YDL222C,0,-8.388234,0.0919148176908493,0.996999979019165,0.9850000143051147
YJL223C,YLR237W,0,-8.389933,0.09190633893013,0.996999979019165,0.9850999712944031
YDR110W,YGL258W,0,-8.391015,0.0918978676199913,0.996999979019165,0.9851999878883362
YDR078C,YGL061C,0,-8.391079,0.0918894037604332,0.996999979019165,0.9853000044822693
YJR031C,YFR034C,0,-8.392545,0.0918809324502945,0.996999979019165,0.9854000210762024
YBR169C,YER015W,0,-8.396964,0.09187246859073639,0.996999979019165,0.9854999780654907
YHR156C,YBL098W,0,-8.404774,0.09186399728059769,0.996999979019165,0.9855999946594238
YDL239C,YMR049C,0,-8.406306,0.09185553342103958,0.996999979019165,0.9857000112533569
YOR033C,YBR034C,0,-8.410236,0.09184707701206207,0.996999979019165,0.98580002784729
YKL074C,YOL021C,0,-8.418588,0.09183861315250397,0.996999979019165,0.9858999848365784
YGL073W,YBR172C,0,-8.425845,0.09183015674352646,0.996999979019165,0.9860000014305115
YLR316C,YKR082W,0,-8.43221,0.09182170033454895,0.996999979019165,0.9861000180244446
YNL119W,YBL033C,0,-8.434475,0.09181324392557144,0.996999979019165,0.9861999750137329
YGR258C,YDL102W,0,-8.438292,0.09180478751659393,0.996999979019165,0.986299991607666
YMR290C,YER115C,0,-8.44569,0.09179633855819702,0.996999979019165,0.9864000082015991
YML029W,YML042W,0,-8.446639,0.09178788214921951,0.996999979019165,0.9865000247955322
YLR329W,YKR069W,0,-8.449819,0.0917794331908226,0.996999979019165,0.9865999817848206
YNL073W,YIL136W,0,-8.453209,0.09177098423242569,0.996999979019165,0.9866999983787537
YNL261W,YLR097C,0,-8.453504,0.09176254272460938,0.996999979019165,0.9868000149726868
YMR115W,YBR170C,0,-8.47635,0.09175409376621246,0.996999979019165,0.9868999719619751
YKL029C,YNL178W,0,-8.477298,0.09174565225839615,0.996999979019165,0.9869999885559082
YLR336C,YLR051C,0,-8.478332,0.09173721075057983,0.996999979019165,0.9871000051498413
YLR335W,YML097C,0,-8.478965,0.09172876924276352,0.996999979019165,0.9872000217437744
YOR033C,YIL143C,0,-8.482232,0.0917203277349472,0.996999979019165,0.9872999787330627
YGR085C,YAL059W,0,-8.49966,0.09171189367771149,0.996999979019165,0.9873999953269958
YKR053C,YKR092C,0,-8.502099,0.09170345962047577,0.996999979019165,0.987500011920929
YDL005C,YER173W,0,-8.509028,0.09169502556324005,0.996999979019165,0.9876000285148621
YDL148C,YKL154W,0,-8.513104,0.09168659150600433,0.996999979019165,0.9876999855041504
YEL029C,YBR073W,0,-8.522859,0.09167815744876862,0.996999979019165,0.9878000020980835
YGL027C,YCR057C,0,-8.525461,0.0916697308421135,0.996999979019165,0.9879000186920166
YNL164C,YBL075C,0,-8.526755,0.09166130423545837,0.996999979019165,0.9879999756813049
YPL154C,YHR087W,0,-8.528494,0.09165287762880325,0.996999979019165,0.988099992275238
YOL130W,YDR496C,0,-8.53686,0.09164445102214813,0.996999979019165,0.9882000088691711
YNL006W,YBL084C,0,-8.54063,0.09163603186607361,0.996999979019165,0.9883000254631042
YOL084W,YER146W,0,-8.549264,0.09162760525941849,0.996999979019165,0.9883999824523926
YDL204W,YKL219W,0,-8.550094,0.09161918610334396,0.996999979019165,0.9884999990463257
YKL008C,YPL222W,0,-8.550226,0.09161076694726944,0.996999979019165,0.9886000156402588
YGR081C,YML054C,0,-8.553295,0.09160235524177551,0.996999979019165,0.9886999726295471
YNL123W,YMR217W,0,-8.561518,0.09159393608570099,0.996999979019165,0.9887999892234802
YOR340C,YLL022C,0,-8.566482,0.09158552438020706,0.996999979019165,0.9889000058174133
YLR461W,YDR337W,0,-8.569217,0.09157711267471313,0.996999979019165,0.9890000224113464
YOR236W,YKL078W,0,-8.572405,0.09156870096921921,0.996999979019165,0.9890999794006348
YEL039C,YER173W,0,-8.594459,0.09156028926372528,0.996999979019165,0.9891999959945679
YKL213C,YGL006W,0,-8.594917,0.09155188500881195,0.996999979019165,0.989300012588501
YAL062W,YMR145C,0,-8.597378,0.09154347330331802,0.996999979019165,0.9894000291824341
YNR058W,YHR061C,0,-8.599541,0.0915350690484047,0.996999979019165,0.9894999861717224
YDR085C,YHR160C,0,-8.603201,0.09152666479349136,0.996999979019165,0.9896000027656555
YBR155W,YCR052W,0,-8.604075,0.09151826798915863,0.996999979019165,0.9897000193595886
YHR124W,YBR301W,0,-8.607427,0.0915098637342453,0.996999979019165,0.989799976348877
YNR067C,YER132C,0,-8.632413,0.09150146692991257,0.996999979019165,0.9898999929428101
YJR110W,YLR084C,0,-8.641408,0.09149307012557983,0.996999979019165,0.9900000095367432
YHR008C,YIL111W,0,-8.647437,0.0914846733212471,0.996999979019165,0.9901000261306763
YDR137W,YDL209C,0,-8.64756,0.09147628396749496,0.996999979019165,0.9901999831199646
YDR087C,YCL054W,0,-8.656424,0.09146788716316223,0.996999979019165,0.9902999997138977
YLR348C,YER039C,0,-8.665616,0.0914594978094101,0.996999979019165,0.9904000163078308
YLR200W,YBL024W,0,-8.689481,0.09145110845565796,0.996999979019165,0.9904999732971191
YEL018W,YGL106W,0,-8.703979,0.09144271910190582,0.996999979019165,0.9905999898910522
YOL056W,YEL018W,0,-8.71074,0.09143433719873428,0.996999979019165,0.9907000064849854
YPR046W,YDR101C,0,-8.716575,0.09142594784498215,0.996999979019165,0.9908000230789185
YLR401C,YCR034W,0,-8.73044,0.09141756594181061,0.996999979019165,0.9908999800682068
YMR110C,YDR350C,0,-8.731762,0.09140918403863907,0.996999979019165,0.9909999966621399
YER025W,YPL126W,0,-8.756902,0.09140080958604813,0.996999979019165,0.991100013256073
YNR015W,YFL002C,0,-8.76908,0.09139242768287659,0.996999979019165,0.9911999702453613
YEL032W,YLR015W,0,-8.78382,0.09138405323028564,0.996999979019165,0.9912999868392944
YHL021C,YIL113W,0,-8.787667,0.0913756787776947,0.996999979019165,0.9914000034332275
YDR453C,YIL136W,0,-8.796819,0.09136730432510376,0.996999979019165,0.9915000200271606
YGL166W,YPL119C,0,-8.7993355,0.09135892987251282,0.996999979019165,0.991599977016449
YMR287C,YCR042C,0,-8.815685,0.09135055541992188,0.996999979019165,0.9916999936103821
YDR447C,YKL099C,0,-8.823886,0.09134218841791153,0.996999979019165,0.9918000102043152
YKR057W,YNL061W,0,-8.833512,0.09133382141590118,0.996999979019165,0.9919000267982483
YER035W,YGL098W,0,-8.849041,0.09132545441389084,0.996999979019165,0.9919999837875366
YPL266W,YBL024W,0,-8.873385,0.0913170874118805,0.996999979019165,0.9921000003814697
YDR496C,YLR192C,0,-8.879825,0.09130872786045074,0.996999979019165,0.9922000169754028
YEL039C,YEL018W,0,-8.8824625,0.091300368309021,0.996999979019165,0.9922999739646912
YIR041W,YNL002C,0,-8.887656,0.09129200875759125,0.996999979019165,0.9923999905586243
YMR104C,YKL093W,0,-8.897428,0.0912836492061615,0.996999979019165,0.9925000071525574
YOR307C,YMR055C,0,-8.901616,0.09127528965473175,0.996999979019165,0.9926000237464905
YGR083C,YPL243W,0,-8.9265,0.0912669375538826,0.996999979019165,0.9926999807357788
YNR032W,YDR475C,0,-8.927648,0.09125857800245285,0.996999979019165,0.9927999973297119
YMR093W,YDR376W,0,-8.935655,0.0912502259016037,0.996999979019165,0.992900013923645
YEL012W,YEL060C,0,-8.95645,0.09124188125133514,0.996999979019165,0.9929999709129333
YML014W,YGL234W,0,-8.971,0.09123352915048599,0.996999979019165,0.9930999875068665
YNL209W,YHR069C,0,-8.976232,0.09122517704963684,0.996999979019165,0.9932000041007996
YER072W,YPL019C,1,-8.993754,0.09130832552909851,0.9980000257492065,0.9932000041007996
YGL189C,YKL198C,0,-9.03267,0.09129997342824936,0.9980000257492065,0.9933000206947327
YDR137W,YML054C,0,-9.042729,0.09129162132740021,0.9980000257492065,0.993399977684021
YBL024W,YJR070C,0,-9.059208,0.09128326922655106,0.9980000257492065,0.9934999942779541
YOR316C,YHR148W,0,-9.070842,0.0912749245762825,0.9980000257492065,0.9936000108718872
YLR276C,YBR163W,0,-9.076989,0.09126657247543335,0.9980000257492065,0.9937000274658203
YIL160C,YOR313C,0,-9.079698,0.0912582278251648,0.9980000257492065,0.9937999844551086
YBR290W,YKL032C,0,-9.082813,0.09124988317489624,0.9980000257492065,0.9939000010490417
YHR085W,YMR198W,0,-9.088569,0.09124154597520828,0.9980000257492065,0.9940000176429749
YPR137W,YLR051C,0,-9.104682,0.09123320132493973,0.9980000257492065,0.9940999746322632
YPR151C,YHL036W,0,-9.116651,0.09122486412525177,0.9980000257492065,0.9941999912261963
YNL112W,YBR061C,0,-9.142709,0.09121652692556381,0.9980000257492065,0.9943000078201294
YKR079C,YHR148W,0,-9.149765,0.09120818972587585,0.9980000257492065,0.9944000244140625
YHR039C-A,YHR039C-B,1,-9.16222,0.09129123389720917,0.9990000128746033,0.9944000244140625
YNL075W,YJL198W,0,-9.168282,0.09128289669752121,0.9990000128746033,0.9944999814033508
YBR154C,YDR365C,0,-9.183765,0.09127455204725266,0.9990000128746033,0.9945999979972839
YOL077C,YDL083C,0,-9.192756,0.0912662148475647,0.9990000128746033,0.994700014591217
YGR085C,YOR293W,0,-9.197797,0.09125787764787674,0.9990000128746033,0.9947999715805054
YNL025C,YLR142W,0,-9.230786,0.09124954044818878,0.9990000128746033,0.9948999881744385
YMR146C,YNL124W,0,-9.234913,0.09124121069908142,0.9990000128746033,0.9950000047683716
YBR142W,YLR222C,0,-9.242328,0.09123287349939346,0.9990000128746033,0.9951000213623047
YDL201W,YNR046W,0,-9.251136,0.0912245437502861,0.9990000128746033,0.995199978351593
YBR175W,YGR123C,0,-9.334419,0.09121621400117874,0.9990000128746033,0.9952999949455261
YMR093W,YOR092W,0,-9.339517,0.09120789170265198,0.9990000128746033,0.9954000115394592
YNL117W,YBL075C,0,-9.407198,0.09119956195354462,0.9990000128746033,0.9955000281333923
YDR295C,YMR068W,0,-9.4930525,0.09119123965501785,0.9990000128746033,0.9955999851226807
YMR233W,YPL211W,0,-9.498649,0.09118290990591049,0.9990000128746033,0.9957000017166138
YJL190C,YNL308C,0,-9.543166,0.09117459505796432,0.9990000128746033,0.9958000183105469
YLR272C,YHR069C,0,-9.555135,0.09116627275943756,0.9990000128746033,0.9958999752998352
YGR078C,YCL059C,0,-9.573443,0.0911579504609108,0.9990000128746033,0.9959999918937683
YKR058W,YGR088W,0,-9.580733,0.09114963561296463,0.9990000128746033,0.9961000084877014
YDR064W,YDR025W,0,-9.593087,0.09114132076501846,0.9990000128746033,0.9962000250816345
YER171W,YNL062C,0,-9.605574,0.0911330059170723,0.9990000128746033,0.9962999820709229
YML080W,YDR365C,0,-9.6231365,0.09112469106912613,0.9990000128746033,0.996399998664856
YBR247C,YDR527W,0,-9.638984,0.09111638367176056,0.9990000128746033,0.9965000152587891
YMR128W,YLR383W,0,-9.676589,0.09110806882381439,0.9990000128746033,0.9965999722480774
YPR005C,YPR026W,0,-9.710897,0.09109976142644882,0.9990000128746033,0.9966999888420105
YLR276C,YDR045C,0,-9.734765,0.09109145402908325,0.9990000128746033,0.9968000054359436
YMR174C,YBR298C,0,-9.736957,0.09108315408229828,0.9990000128746033,0.9969000220298767
YHL013C,YDR104C,0,-9.745719,0.09107484668493271,0.9990000128746033,0.996999979019165
YGR214W,YNL119W,0,-9.756382,0.09106654673814774,0.9990000128746033,0.9970999956130981
YHR048W,YOL151W,0,-9.769221,0.09105824679136276,0.9990000128746033,0.9972000122070312
YER024W,YLR174W,0,-9.770242,0.09104994684457779,0.9990000128746033,0.9973000288009644
YGR104C,YNL075W,0,-9.789834,0.09104164689779282,0.9990000128746033,0.9973999857902527
YBL054W,YPL086C,0,-9.791671,0.09103335440158844,0.9990000128746033,0.9975000023841858
YNR053C,YGL050W,0,-9.795087,0.09102505445480347,0.9990000128746033,0.9976000189781189
YOR337W,YFL023W,0,-9.83967,0.09101676195859909,0.9990000128746033,0.9976999759674072
YDL159W,YBR279W,0,-9.842338,0.09100846946239471,0.9990000128746033,0.9977999925613403
YMR285C,YGL111W,0,-9.901153,0.09100018441677094,0.9990000128746033,0.9979000091552734
YGR148C,YOR340C,0,-9.9188595,0.09099189192056656,0.9990000128746033,0.9980000257492065
YHL013C,YGL099W,0,-10.046006,0.09098360687494278,0.9990000128746033,0.9980999827384949
YMR017W,YPL164C,0,-10.085402,0.090975321829319,0.9990000128746033,0.998199999332428
YMR287C,YHR157W,0,-10.094939,0.09096703678369522,0.9990000128746033,0.9983000159263611
YJL035C,YCL054W,0,-10.101665,0.09095875173807144,0.9990000128746033,0.9983999729156494
YGR128C,YIL103W,0,-10.217141,0.09095047414302826,0.9990000128746033,0.9984999895095825
YJL035C,YGR134W,0,-10.238202,0.09094219654798508,0.9990000128746033,0.9986000061035156
YPL011C,YIL079C,0,-10.359561,0.0909339189529419,0.9990000128746033,0.9987000226974487
YCR057C,YNL256W,0,-10.407788,0.09092564135789871,0.9990000128746033,0.9987999796867371
YCR047C,YPL183C,0,-10.420903,0.09091736376285553,0.9990000128746033,0.9988999962806702
YOL080C,YHL013C,0,-10.611125,0.09090909361839294,0.9990000128746033,0.9990000128746033
YMR263W,YDL028C,0,-10.712527,0.09090081602334976,0.9990000128746033,0.9991000294685364
YDR173C,YOR017W,0,-10.752212,0.09089254587888718,0.9990000128746033,0.9991999864578247
YMR271C,YKL163W,0,-10.911567,0.09088428318500519,0.9990000128746033,0.9993000030517578
YGR145W,YDR416W,0,-11.247016,0.0908760130405426,0.9990000128746033,0.9994000196456909
YLR175W,YNL151C,0,-11.281935,0.09086774289608002,0.9990000128746033,0.9994999766349792
YNR046W,YOL094C,0,-11.432294,0.09085948020219803,0.9990000128746033,0.9995999932289124
YPR137W,YMR093W,0,-11.658656,0.09085121750831604,0.9990000128746033,0.9997000098228455
YER126C,YMR093W,0,-11.849051,0.09084295481443405,0.9990000128746033,0.9998000264167786
YDR496C,YOR004W,0,-11.939918,0.09083469957113266,0.9990000128746033,0.9998999834060669
YOR340C,YBR155W,0,-12.201331,0.09082643687725067,0.9990000128746033,1.0
YCL063W,YCL062W,1,-19.426226,0.09090909361839294,1.0,1.0
