Gene,Label,Score,Background Score,Precision,Recall,False Positive Rate
YHR085W,-1,12.588372558355331,-1724.928140103817,0.0,0.0,0.0002901073397156948
YDR083W,-1,12.082643747329712,-1636.2963840961456,0.0,0.0,0.0005802146794313896
YIR012W,-1,10.844523563981056,-1700.4743519723415,0.0,0.0,0.0008703220191470844
YOR206W,-1,10.729721695184708,-1502.0044859349728,0.0,0.0,0.0011604293588627793
YHR170W,-1,9.760529056191444,-1654.5936071574688,0.0,0.0,0.001450536698578474
YFL002C,-1,9.463631838560104,-1821.5034294724464,0.0,0.0,0.0017406440382941688
YDR087C,-1,8.951424807310104,-1743.6644964665174,0.0,0.0,0.0020307513780098638
YGR145W,-1,8.431176260113716,-1977.668470799923,0.0,0.0,0.0023208587177255585
YPR144C,-1,8.259926915168762,-1811.746562987566,0.0,0.0,0.0026109660574412533
YHR040W,0,8.237147897481918,-1811.799550369382,0.0,0.0,0.0026109660574412533
YDR496C,0,8.191712737083435,-1747.4041924327612,0.0,0.0,0.0026109660574412533
YNL061W,-1,8.075324103236198,-1799.7909625917673,0.0,0.0,0.002901073397156948
YKL021C,-1,7.890198513865471,-1764.7744055837393,0.0,0.0,0.003191180736872643
YPR112C,-1,7.322970435023308,-1968.0755997896194,0.0,0.0,0.0034812880765883376
YPL266W,-1,7.234117761254311,-1731.1632343828678,0.0,0.0,0.0037713954163040323
YHR148W,-1,7.172114431858063,-1743.785947918892,0.0,0.0,0.0040615027560197275
YDL153C,-1,7.055362850427628,-1787.328002244234,0.0,0.0,0.004351610095735422
YOR078W,-1,6.934816360473633,-2200.336175404489,0.0,0.0,0.004641717435451117
YKL099C,-1,6.38157095015049,-1511.8430253565311,0.0,0.0,0.004931824775166811
YMR269W,-1,6.157940775156021,-1748.871506050229,0.0,0.0,0.005221932114882507
YHR062C,-1,6.082286015152931,-1776.2925903350115,0.0,0.0,0.005512039454598201
YMR131C,-1,6.040565341711044,-1936.9542130976915,0.0,0.0,0.005802146794313896
YKL143W,-1,5.946665644645691,-2130.951552644372,0.0,0.0,0.006092254134029591
YGL120C,-1,5.9251414984464645,-1869.4724290370941,0.0,0.0,0.006382361473745286
YDR184C,-1,5.751926079392433,-1812.899997279048,0.0,0.0,0.006672468813460981
YKL082C,-1,5.67578811943531,-1710.7415825873613,0.0,0.0,0.006962576153176675
YER126C,-1,5.472490504384041,-2010.9484618455172,0.0,0.0,0.00725268349289237
YNL182C,-1,5.400645092129707,-2013.177049845457,0.0,0.0,0.007542790832608065
YKR060W,-1,4.500535145401955,-1823.2005500495434,0.0,0.0,0.007832898172323759
YOR243C,-1,4.180470213294029,-1929.448535233736,0.0,0.0,0.008123005512039455
YLR449W,-1,4.098087280988693,-1821.0811166763306,0.0,0.0,0.00841311285175515
YDL060W,-1,4.0433496087789536,-1863.9967931956053,0.0,0.0,0.008703220191470844
YDR312W,-1,4.0056130439043045,-1985.3099661618471,0.0,0.0,0.00899332753118654
YDR060W,-1,3.7204435020685196,-1895.5449354350567,0.0,0.0,0.009283434870902234
YCL054W,-1,3.6724489629268646,-2054.0490557700396,0.0,0.0,0.009573542210617928
YLR397C,0,3.032000318169594,-2099.146864950657,0.0,0.0,0.009573542210617928
YPL093W,-1,2.706429958343506,-1730.3831850737333,0.0,0.0,0.009863649550333623
YNL113W,1,2.4418730288743973,-1970.9075941443443,0.02857142857142857,0.017543859649122806,0.009863649550333623
YDR339C,-1,2.090619280934334,-1982.4886165708303,0.027777777777777776,0.017543859649122806,0.010153756890049319
YLR405W,-1,1.9767131507396698,-2421.9849966317415,0.02702702702702703,0.017543859649122806,0.010443864229765013
YGR200C,-1,1.9414007663726807,-2085.5983701348305,0.02631578947368421,0.017543859649122806,0.010733971569480708
YOR310C,-1,1.0978191941976547,-2282.812893435359,0.02564102564102564,0.017543859649122806,0.011024078909196402
YKL191W,-1,0.3977009803056717,-2013.6419801861048,0.025,0.017543859649122806,0.011314186248912098
YDL111C,-1,0.08163265883922577,-2313.6674996465445,0.024390243902439025,0.017543859649122806,0.011604293588627792
YNL227C,-1,0.0017726272344589233,-2260.5342171043158,0.023809523809523808,0.017543859649122806,0.011894400928343487
YOR233W,-1,-0.15332813560962677,-2578.442342504859,0.023255813953488372,0.017543859649122806,0.012184508268059183
YPL112C,-1,-0.3080206513404846,-2828.3648224771023,0.022727272727272728,0.017543859649122806,0.012474615607774877
YGL169W,-1,-1.172054499387741,-2252.7711995095015,0.022222222222222223,0.017543859649122806,0.012764722947490571
YDL074C,-1,-1.204242318868637,-2663.0940425544977,0.021739130434782608,0.017543859649122806,0.013054830287206266
YGL070C,-1,-1.2097532600164413,-2205.8933315873146,0.02127659574468085,0.017543859649122806,0.013344937626921962
YOL010W,-1,-1.3616890013217926,-2092.610781311989,0.020833333333333332,0.017543859649122806,0.013635044966637656
YMR270C,-1,-1.765332654118538,-2721.5744717270136,0.02040816326530612,0.017543859649122806,0.01392515230635335
YER025W,-1,-2.281420186161995,-2419.306720674038,0.02,0.017543859649122806,0.014215259646069046
YLL035W,-1,-2.422805815935135,-2321.1785224080086,0.0196078431372549,0.017543859649122806,0.01450536698578474
YPL273W,0,-3.122156500816345,-2324.889254152775,0.0196078431372549,0.017543859649122806,0.01450536698578474
YHR128W,0,-3.3043431639671326,-2338.097065284848,0.0196078431372549,0.017543859649122806,0.01450536698578474
YMR235C,-1,-3.6956926435232162,-2727.7918848097324,0.019230769230769232,0.017543859649122806,0.014795474325500435
YER107C,0,-3.9468365013599396,-2947.3767055273056,0.019230769230769232,0.017543859649122806,0.014795474325500435
YKL068W,0,-4.0878536850214005,-2431.2171736061573,0.019230769230769232,0.017543859649122806,0.014795474325500435
YHL001W,0,-4.374428689479828,-2093.453689828515,0.019230769230769232,0.017543859649122806,0.014795474325500435
YML094W,-1,-4.443347051739693,-2286.960701495409,0.018867924528301886,0.017543859649122806,0.01508558166521613
YIL104C,0,-4.778078466653824,-2529.0912627130747,0.018867924528301886,0.017543859649122806,0.01508558166521613
YIL110W,0,-5.109010234475136,-3630.1500531584024,0.018867924528301886,0.017543859649122806,0.01508558166521613
YPL050C,-1,-5.55550254881382,-2978.3115649670362,0.018518518518518517,0.017543859649122806,0.015375689004931825
YDR140W,0,-5.634431958198547,-2712.3415306806564,0.018518518518518517,0.017543859649122806,0.015375689004931825
YBR104W,0,-5.816290393471718,-2046.1945008039474,0.018518518518518517,0.017543859649122806,0.015375689004931825
YJL025W,-1,-5.839740484952927,-2756.359327569604,0.01818181818181818,0.017543859649122806,0.015665796344647518
YEL015W,-1,-5.988772824406624,-2910.0700598955154,0.017857142857142856,0.017543859649122806,0.015955903684363216
YMR138W,0,-6.039860934019089,-2796.712912455201,0.017857142857142856,0.017543859649122806,0.015955903684363216
YPR017C,-1,-6.2077417075634,-3099.1613253355026,0.017543859649122806,0.017543859649122806,0.01624601102407891
YPL235W,-1,-6.768204435706139,-2564.7416237592697,0.017241379310344827,0.017543859649122806,0.016536118363794605
YKR063C,0,-6.811487138271332,-2469.7065823227167,0.017241379310344827,0.017543859649122806,0.016536118363794605
YBR162W-A,0,-7.076113164424896,-2824.386534899473,0.017241379310344827,0.017543859649122806,0.016536118363794605
YIL085C,-1,-7.319939374923706,-2612.9074188023806,0.01694915254237288,0.017543859649122806,0.0168262257035103
YOR335C,-1,-7.883298218250275,-2475.3436646163464,0.016666666666666666,0.017543859649122806,0.017116333043225993
YMR059W,-1,-8.004493311047554,-2770.493696972728,0.01639344262295082,0.017543859649122806,0.017406440382941687
YMR217W,0,-8.037415713071823,-2700.908730402589,0.01639344262295082,0.017543859649122806,0.017406440382941687
YER099C,0,-8.0960403829813,-2677.236692160368,0.01639344262295082,0.017543859649122806,0.017406440382941687
YJR144W,-1,-8.324560150504112,-3245.037120357156,0.016129032258064516,0.017543859649122806,0.017696547722657382
YDR206W,-1,-8.952156066894531,-2726.5055963099003,0.015873015873015872,0.017543859649122806,0.01798665506237308
YLR083C,-1,-9.00360681116581,-2555.6722083836794,0.015625,0.017543859649122806,0.018276762402088774
YNL225C,-1,-9.127747491002083,-3456.2292579710484,0.015384615384615385,0.017543859649122806,0.01856686974180447
YDR349C,0,-9.2373648583889,-2749.2742458879948,0.015384615384615385,0.017543859649122806,0.01856686974180447
YEL021W,0,-9.406141772866249,-2938.5148019343615,0.015384615384615385,0.017543859649122806,0.01856686974180447
YIL035C,1,-9.687634766101837,-2881.1001051813364,0.030303030303030304,0.03508771929824561,0.01856686974180447
YOR281C,0,-9.69598725438118,-3062.5813404619694,0.030303030303030304,0.03508771929824561,0.01856686974180447
YPL122C,-1,-9.802190974354744,-3101.1550279557705,0.029850746268656716,0.03508771929824561,0.018856977081520163
YGR152C,-1,-10.431111365556717,-2760.3156029880047,0.029411764705882353,0.03508771929824561,0.019147084421235857
YOL145C,-1,-10.432281151413918,-3034.157071053982,0.028985507246376812,0.03508771929824561,0.01943719176095155
YOR196C,-1,-10.455113634467125,-2925.5264370292425,0.02857142857142857,0.03508771929824561,0.019727299100667246
YKL172W,-1,-10.554195553064346,-2404.315170034766,0.028169014084507043,0.03508771929824561,0.020017406440382943
YDL226C,-1,-10.603533506393433,-2984.6953917741776,0.027777777777777776,0.03508771929824561,0.020307513780098638
YPL146C,-1,-10.718228787183762,-2342.887536108494,0.0273972602739726,0.03508771929824561,0.020597621119814332
YPL128C,0,-10.807212859392166,-2818.9629724621773,0.0273972602739726,0.03508771929824561,0.020597621119814332
YPL126W,-1,-10.807217463850975,-2436.93989944458,0.02702702702702703,0.03508771929824561,0.020887728459530026
YKL009W,-1,-10.825727462768555,-2398.706611931324,0.02666666666666667,0.03508771929824561,0.02117783579924572
YGR262C,-1,-10.88858400285244,-2704.755500137806,0.02631578947368421,0.03508771929824561,0.021467943138961415
YDL102W,-1,-10.940609648823738,-2932.22859172523,0.025974025974025976,0.03508771929824561,0.02175805047867711
YDR416W,-1,-11.195758625864983,-3468.918717727065,0.02564102564102564,0.03508771929824561,0.022048157818392804
YJL179W,-1,-11.281303346157074,-2639.464825898409,0.02531645569620253,0.03508771929824561,0.0223382651581085
YNR017W,-1,-11.374782428145409,-3291.3630555719137,0.025,0.03508771929824561,0.022628372497824196
YDR097C,-1,-11.378118678927422,-3473.572245121002,0.024691358024691357,0.03508771929824561,0.02291847983753989
YAL003W,-1,-11.398875653743744,-2660.6620598733425,0.024390243902439025,0.03508771929824561,0.023208587177255584
YER127W,-1,-11.49226151406765,-2616.753061518073,0.024096385542168676,0.03508771929824561,0.02349869451697128
YKL114C,-1,-11.593177542090416,-2646.688705086708,0.023809523809523808,0.03508771929824561,0.023788801856686973
YFL034C-A,-1,-11.627872809767723,-2391.8194925040007,0.023529411764705882,0.03508771929824561,0.024078909196402667
YBR034C,0,-11.669296085834503,-2442.513441592455,0.023529411764705882,0.03508771929824561,0.024078909196402667
YDR299W,-1,-11.775351569056511,-2358.578821107745,0.023255813953488372,0.03508771929824561,0.024369016536118365
YEL042W,-1,-11.860062777996063,-2691.926353856921,0.022988505747126436,0.03508771929824561,0.02465912387583406
YOR361C,-1,-12.005020454525948,-2462.1649974286556,0.022727272727272728,0.03508771929824561,0.024949231215549754
YLR009W,-1,-12.020473912358284,-2378.327765211463,0.02247191011235955,0.03508771929824561,0.025239338555265448
YLR021W,0,-12.194712162017822,-3285.6511284410954,0.02247191011235955,0.03508771929824561,0.025239338555265448
YDR023W,-1,-12.32264930009842,-2419.926240876317,0.022222222222222223,0.03508771929824561,0.025529445894981143
YGR159C,-1,-12.333984091877937,-2531.8309206813574,0.02197802197802198,0.03508771929824561,0.025819553234696837
YJL061W,0,-12.411009043455124,-2521.326559841633,0.02197802197802198,0.03508771929824561,0.025819553234696837
YMR283C,-1,-12.492240771651268,-3501.1170489639044,0.021739130434782608,0.03508771929824561,0.02610966057441253
YDL031W,-1,-12.54107303917408,-2525.1075187772512,0.021505376344086023,0.03508771929824561,0.02639976791412823
YOL077C,-1,-12.578648939728737,-2492.4402169436216,0.02127659574468085,0.03508771929824561,0.026689875253843923
YHR066W,-1,-12.618674486875534,-2770.8890380114317,0.021052631578947368,0.03508771929824561,0.026979982593559618
YDL081C,-1,-12.651490300893784,-2508.97042837739,0.020833333333333332,0.03508771929824561,0.027270089933275312
YAL036C,0,-12.6528822183609,-2479.3319800943136,0.020833333333333332,0.03508771929824561,0.027270089933275312
YOR004W,-1,-12.670431733131409,-2662.0900278389454,0.020618556701030927,0.03508771929824561,0.027560197272991006
YMR234W,-1,-12.71806974709034,-2907.5802913457155,0.02040816326530612,0.03508771929824561,0.0278503046127067
YDR101C,-1,-12.874200344085693,-3390.7612604647875,0.020202020202020204,0.03508771929824561,0.028140411952422395
YGL195W,-1,-12.925727292895317,-3228.577502965927,0.02,0.03508771929824561,0.028430519292138093
YGR105W,0,-13.030492514371872,-3269.309115514159,0.02,0.03508771929824561,0.028430519292138093
YJR002W,-1,-13.166297376155853,-2661.0574636161327,0.019801980198019802,0.03508771929824561,0.028720626631853787
YJL035C,-1,-13.245524048805237,-3649.6706282496452,0.0196078431372549,0.03508771929824561,0.02901073397156948
YLR103C,-1,-13.363124191761017,-3584.5690936148167,0.019417475728155338,0.03508771929824561,0.029300841311285176
YHR034C,-1,-13.483413696289062,-3334.208459019661,0.019230769230769232,0.03508771929824561,0.02959094865100087
YDL225W,-1,-13.510765165090561,-3375.0304815620184,0.01904761904761905,0.03508771929824561,0.029881055990716564
YPR163C,-1,-13.55553786456585,-2379.217129394412,0.018867924528301886,0.03508771929824561,0.03017116333043226
YCR034W,-1,-13.595070272684097,-3062.0477472394705,0.018691588785046728,0.03508771929824561,0.030461270670147953
YGL119W,-1,-13.655324175953865,-3201.6243673861027,0.018518518518518517,0.03508771929824561,0.03075137800986365
YER151C,-1,-13.738050028681755,-3129.445021286607,0.01834862385321101,0.03508771929824561,0.031041485349579345
YPL237W,-1,-13.834332346916199,-2629.5805191993713,0.01818181818181818,0.03508771929824561,0.031331592689295036
YNL207W,-1,-13.844622418284416,-2885.0134187936783,0.018018018018018018,0.03508771929824561,0.031621700029010734
YJL145W,-1,-13.869835153222084,-3350.1833448410034,0.017857142857142856,0.03508771929824561,0.03191180736872643
YHR205W,-1,-13.881968975067139,-3120.4461878091097,0.017699115044247787,0.03508771929824561,0.03220191470844212
YDR190C,-1,-13.884263262152672,-2739.235009998083,0.017543859649122806,0.03508771929824561,0.03249202204815782
YLR448W,-1,-14.056314498186111,-2671.864118412137,0.017391304347826087,0.03508771929824561,0.03278212938787351
YDR418W,-1,-14.105767101049423,-2893.720519185066,0.017241379310344827,0.03508771929824561,0.03307223672758921
YOL066C,-1,-14.114929810166359,-3055.794431552291,0.017094017094017096,0.03508771929824561,0.0333623440673049
YGR252W,-1,-14.125276312232018,-3090.580174356699,0.01694915254237288,0.03508771929824561,0.0336524514070206
YPR143W,-1,-14.131189540028572,-2757.35084836185,0.01680672268907563,0.03508771929824561,0.033942558746736295
YDR002W,-1,-14.231040433049202,-2901.3650590628386,0.016666666666666666,0.03508771929824561,0.034232666086451986
YLR276C,-1,-14.277363568544388,-3412.949316367507,0.01652892561983471,0.03508771929824561,0.034522773426167684
YPL074W,0,-14.299379497766495,-3339.9904773384333,0.01652892561983471,0.03508771929824561,0.034522773426167684
YDR429C,-1,-14.379775419831276,-2551.1116879582405,0.01639344262295082,0.03508771929824561,0.034812880765883375
YHR081W,-1,-14.393730625510216,-2767.505578443408,0.016260162601626018,0.03508771929824561,0.03510298810559907
YNR024W,-1,-14.532177671790123,-2824.1649421453476,0.016129032258064516,0.03508771929824561,0.035393095445314764
YOR369C,0,-14.546222448348999,-2787.551298007369,0.016129032258064516,0.03508771929824561,0.035393095445314764
YPR082C,-1,-14.584291100502014,-3198.1907070726156,0.016,0.03508771929824561,0.03568320278503046
YPR034W,-1,-14.609098121523857,-3410.636617451906,0.015873015873015872,0.03508771929824561,0.03597331012474616
YNL229C,0,-14.678871244192123,-3107.1167446374893,0.015873015873015872,0.03508771929824561,0.03597331012474616
YBR017C,0,-14.6830785125494,-2780.9360527843237,0.015873015873015872,0.03508771929824561,0.03597331012474616
YOR272W,-1,-14.741600766777992,-2747.536830469966,0.015748031496062992,0.03508771929824561,0.03626341746446185
YMR240C,-1,-14.803284868597984,-3224.4003953635693,0.015625,0.03508771929824561,0.03655352480417755
YGR191W,-1,-14.848544791340828,-2614.9552752375603,0.015503875968992248,0.03508771929824561,0.03684363214389324
YBL025W,-1,-14.866589784622192,-3388.0058968365192,0.015384615384615385,0.03508771929824561,0.03713373948360894
YDR449C,-1,-14.895473152399063,-2705.748296484351,0.015267175572519083,0.03508771929824561,0.03742384682332463
YMR229C,-1,-15.01925402879715,-2599.062636092305,0.015151515151515152,0.03508771929824561,0.037713954163040325
YLL034C,-1,-15.063263669610023,-3498.201859742403,0.015037593984962405,0.03508771929824561,0.03800406150275602
YLR222C,-1,-15.177542880177498,-2748.0835893452168,0.014925373134328358,0.03508771929824561,0.038294168842471714
YBL068W,0,-15.295020714402199,-2612.0965373516083,0.014925373134328358,0.03508771929824561,0.038294168842471714
YBR142W,-1,-15.299798056483269,-3759.2557824254036,0.014814814814814815,0.03508771929824561,0.03858427618218741
YBL087C,0,-15.428894430398941,-2933.4258551448584,0.014814814814814815,0.03508771929824561,0.03858427618218741
YGL056C,0,-15.476769529283047,-4053.718278720975,0.014814814814814815,0.03508771929824561,0.03858427618218741
YDR412W,-1,-15.506432101130486,-2739.604876741767,0.014705882352941176,0.03508771929824561,0.0388743835219031
YLR055C,-1,-15.5199523717165,-3389.380545347929,0.014598540145985401,0.03508771929824561,0.0391644908616188
YGR057C,0,-15.640067309141159,-3334.0110444426537,0.014598540145985401,0.03508771929824561,0.0391644908616188
YOL142W,-1,-15.786235205829144,-4547.7136399149895,0.014492753623188406,0.03508771929824561,0.03945459820133449
YJL087C,-1,-15.88793995976448,-2906.230196863413,0.014388489208633094,0.03508771929824561,0.03974470554105019
YLL008W,-1,-15.898149892687798,-3570.1582246422768,0.014285714285714285,0.03508771929824561,0.04003481288076589
YOR207C,1,-15.954693123698235,-2669.4622555226088,0.02127659574468085,0.05263157894736842,0.04003481288076589
YMR213W,-1,-15.95888203382492,-3801.527139559388,0.02112676056338028,0.05263157894736842,0.04032492022048158
YNL232W,-1,-15.972222208976746,-2860.669115036726,0.02097902097902098,0.05263157894736842,0.040615027560197275
YMR239C,-1,-16.068648546934128,-2977.2617822289467,0.020833333333333332,0.05263157894736842,0.040905134899912966
YDL061C,0,-16.09066830575466,-2799.8155374825,0.020833333333333332,0.05263157894736842,0.040905134899912966
YJL198W,-1,-16.09971246123314,-2672.569883182645,0.020689655172413793,0.05263157894736842,0.041195242239628664
YKR094C,-1,-16.14454534649849,-2794.5313315987587,0.02054794520547945,0.05263157894736842,0.041485349579344355
YGL030W,-1,-16.187005281448364,-2845.7686516940594,0.02040816326530612,0.05263157894736842,0.04177545691906005
YER131W,0,-16.242496341466904,-2698.948523581028,0.02040816326530612,0.05263157894736842,0.04177545691906005
YDL033C,-1,-16.319924354553223,-3393.2452340573072,0.02027027027027027,0.05263157894736842,0.042065564258775744
YGR123C,-1,-16.342983216047287,-2841.7386517375708,0.020134228187919462,0.05263157894736842,0.04235567159849144
YOR204W,-1,-16.35053612291813,-2962.273491472006,0.02,0.05263157894736842,0.04264577893820714
YDR499W,-1,-16.386252358555794,-3540.5509108304977,0.019867549668874173,0.05263157894736842,0.04293588627792283
YKR026C,-1,-16.42132817208767,-2922.2364333868027,0.019736842105263157,0.05263157894736842,0.04322599361763853
YKR028W,-1,-16.49024699628353,-3477.5015220940113,0.0196078431372549,0.05263157894736842,0.04351610095735422
YKL144C,1,-16.628172233700752,-3068.361339405179,0.025974025974025976,0.07017543859649122,0.04351610095735422
YCL063W,-1,-16.65100648999214,-3117.769473284483,0.025806451612903226,0.07017543859649122,0.04380620829706992
YLR051C,-1,-16.669546023011208,-3673.778166025877,0.02564102564102564,0.07017543859649122,0.04409631563678561
YPR132W,-1,-16.70265345275402,-2869.3690000474453,0.025477707006369428,0.07017543859649122,0.044386422976501305
YML121W,1,-16.77443440258503,-3054.5971879959106,0.03164556962025317,0.08771929824561403,0.044386422976501305
YDR138W,-1,-16.86240802705288,-3274.8393640220165,0.031446540880503145,0.08771929824561403,0.044676530316217
YLR016C,-1,-16.883376240730286,-3342.261669114232,0.03125,0.08771929824561403,0.044966637655932694
YOR294W,-1,-16.928352281451225,-3878.5129536390305,0.031055900621118012,0.08771929824561403,0.04525674499564839
YKL130C,0,-16.97280189394951,-3296.597967147827,0.031055900621118012,0.08771929824561403,0.04525674499564839
YBR143C,0,-17.007223919034004,-2736.0398600250483,0.031055900621118012,0.08771929824561403,0.04525674499564839
YDR473C,-1,-17.024207711219788,-3221.192980080843,0.030864197530864196,0.08771929824561403,0.04554685233536408
YIR026C,-1,-17.057137310504913,-2988.3037991970778,0.03067484662576687,0.08771929824561403,0.04583695967507978
YNL119W,-1,-17.057264655828476,-3835.406712785363,0.03048780487804878,0.08771929824561403,0.04612706701479547
YNL291C,-1,-17.069966331124306,-3453.417436659336,0.030303030303030304,0.08771929824561403,0.04641717435451117
YNL001W,-1,-17.084847882390022,-2919.613120675087,0.030120481927710843,0.08771929824561403,0.04670728169422687
YKL014C,-1,-17.093913733959198,-2847.7250162810087,0.029940119760479042,0.08771929824561403,0.04699738903394256
YLR182W,-1,-17.21399375796318,-3573.0644737780094,0.02976190476190476,0.08771929824561403,0.047287496373658255
YFL047W,0,-17.273151367902756,-3644.8779909163713,0.02976190476190476,0.08771929824561403,0.047287496373658255
YHR088W,-1,-17.28562495112419,-3437.2706811130047,0.029585798816568046,0.08771929824561403,0.047577603713373946
YML022W,0,-17.296951040625572,-2723.302960753441,0.029585798816568046,0.08771929824561403,0.047577603713373946
YBR084W,0,-17.30819283425808,-2849.734448030591,0.029585798816568046,0.08771929824561403,0.047577603713373946
YKL024C,0,-17.375059694051743,-3018.3914630562067,0.029585798816568046,0.08771929824561403,0.047577603713373946
YPR189W,-1,-17.413454726338387,-3276.2467765957117,0.029411764705882353,0.08771929824561403,0.047867711053089644
YMR116C,-1,-17.44951483607292,-2858.159643948078,0.029239766081871343,0.08771929824561403,0.048157818392805335
YOR271C,-1,-17.539398327469826,-2952.6760341972113,0.029069767441860465,0.08771929824561403,0.04844792573252103
YER161C,-1,-17.615215361118317,-3283.4043374955654,0.028901734104046242,0.08771929824561403,0.04873803307223673
YKL110C,-1,-17.654140427708626,-2926.4622515141964,0.028735632183908046,0.08771929824561403,0.04902814041195242
YHR052W,-1,-17.66488255560398,-3744.7144046872854,0.02857142857142857,0.08771929824561403,0.04931824775166812
YGL246C,-1,-17.712755113840103,-3505.132624462247,0.028409090909090908,0.08771929824561403,0.04960835509138381
YJR043C,-1,-17.71339090168476,-3209.541407123208,0.02824858757062147,0.08771929824561403,0.04989846243109951
YHR134W,-1,-17.72456267476082,-3332.079705774784,0.028089887640449437,0.08771929824561403,0.0501885697708152
YDL213C,-1,-17.79516926407814,-3447.8183659017086,0.027932960893854747,0.08771929824561403,0.050478677110530897
YDR341C,-1,-17.853980287909508,-2752.1448871940374,0.027777777777777776,0.08771929824561403,0.050768784450246594
YOL068C,-1,-17.86048312485218,-3266.670868650079,0.027624309392265192,0.08771929824561403,0.051058891789962285
YIL091C,0,-17.918017506599426,-3154.329028919339,0.027624309392265192,0.08771929824561403,0.051058891789962285
YLR008C,-1,-18.036267831921577,-2933.2631062865257,0.027472527472527472,0.08771929824561403,0.05134899912967798
YOR198C,-1,-18.09810720384121,-3330.25239379704,0.0273224043715847,0.08771929824561403,0.051639106469393674
YOR179C,-1,-18.100338011980057,-3686.882024243474,0.02717391304347826,0.08771929824561403,0.05192921380910937
YDR045C,1,-18.138069927692413,-3007.197541490197,0.032432432432432434,0.10526315789473684,0.05192921380910937
YPL043W,-1,-18.177070140838623,-3600.0168987363577,0.03225806451612903,0.10526315789473684,0.05221932114882506
YBR195C,-1,-18.178708240389824,-3120.935807734728,0.03208556149732621,0.10526315789473684,0.05250942848854076
YJL098W,-1,-18.205668061971664,-3039.84639044106,0.031914893617021274,0.10526315789473684,0.05279953582825646
YFR031C-A,0,-18.22894510626793,-2943.162637606263,0.031914893617021274,0.10526315789473684,0.05279953582825646
YML109W,-1,-18.23281191289425,-4069.5634299069643,0.031746031746031744,0.10526315789473684,0.05308964316797215
YBR022W,-1,-18.28584413230419,-2685.459816813469,0.031578947368421054,0.10526315789473684,0.05337975050768785
YDR399W,0,-18.36819824576378,-2686.142015337944,0.031578947368421054,0.10526315789473684,0.05337975050768785
YOL093W,-1,-18.38477496802807,-2919.5034734755754,0.031413612565445025,0.10526315789473684,0.05366985784740354
YMR309C,-1,-18.415500342845917,-3096.346880123019,0.03125,0.10526315789473684,0.053959965187119235
YNL002C,-1,-18.421074360609055,-3732.216938123107,0.031088082901554404,0.10526315789473684,0.054250072526834926
YNL062C,-1,-18.4260705858469,-3910.6963434815407,0.030927835051546393,0.10526315789473684,0.054540179866550624
YML063W,-1,-18.454165875911713,-3053.367322564125,0.03076923076923077,0.10526315789473684,0.05483028720626632
YDR365C,-1,-18.487174585461617,-3553.5537973940372,0.030612244897959183,0.10526315789473684,0.05512039454598201
YHL013C,0,-18.487251445651054,-3902.0375916212797,0.030612244897959183,0.10526315789473684,0.05512039454598201
YER165W,-1,-18.49039390683174,-2752.1796332746744,0.030456852791878174,0.10526315789473684,0.05541050188569771
YOR234C,0,-18.543447077274323,-2794.9092748463154,0.030456852791878174,0.10526315789473684,0.05541050188569771
YHR169W,-1,-18.591555148363113,-3899.603682011366,0.030303030303030304,0.10526315789473684,0.0557006092254134
YLR313C,-1,-18.710995361208916,-3745.9085157215595,0.03015075376884422,0.10526315789473684,0.0559907165651291
YPL046C,-1,-18.7120208889246,-3858.493550002575,0.03,0.10526315789473684,0.05628082390484479
YML062C,-1,-18.959815695881844,-3234.280551582575,0.029850746268656716,0.10526315789473684,0.05657093124456049
YPL183C,-1,-19.01031829416752,-3125.7023604661226,0.0297029702970297,0.10526315789473684,0.056861038584276186
YDR300C,0,-19.025192499160767,-2839.787367001176,0.0297029702970297,0.10526315789473684,0.056861038584276186
YML074C,-1,-19.050490856170654,-2990.126810953021,0.029556650246305417,0.10526315789473684,0.057151145923991876
YOR001W,-1,-19.116324231028557,-3543.534399703145,0.029411764705882353,0.10526315789473684,0.057441253263707574
YER173W,-1,-19.14336806535721,-3698.8674047887325,0.02926829268292683,0.10526315789473684,0.057731360603423265
YLR221C,-1,-19.256866171956062,-3344.1090081483126,0.02912621359223301,0.10526315789473684,0.05802146794313896
YNL054W,-1,-19.293199077248573,-3676.606446251273,0.028985507246376812,0.10526315789473684,0.058311575282854654
YNL308C,-1,-19.296287715435028,-3539.5385272949934,0.028846153846153848,0.10526315789473684,0.05860168262257035
YLR130C,-1,-19.298846200108528,-3084.2509450614452,0.028708133971291867,0.10526315789473684,0.05889178996228604
YDR176W,-1,-19.30067589879036,-3633.8647184222937,0.02857142857142857,0.10526315789473684,0.05918189730200174
YIL103W,-1,-19.319682955741882,-3453.317393556237,0.02843601895734597,0.10526315789473684,0.05947200464171744
YDR465C,0,-19.38870520889759,-3925.8958958238363,0.02843601895734597,0.10526315789473684,0.05947200464171744
YIL039W,0,-19.417130559682846,-3824.5754063874483,0.02843601895734597,0.10526315789473684,0.05947200464171744
YJR068W,-1,-19.419848322868347,-3039.6052221804857,0.02830188679245283,0.10526315789473684,0.05976211198143313
YDR361C,-1,-19.445002898573875,-3633.610002875328,0.028169014084507043,0.10526315789473684,0.06005221932114883
YGL097W,-1,-19.546207174658775,-2851.4843459278345,0.028037383177570093,0.10526315789473684,0.06034232666086452
YDR017C,-1,-19.582986071705818,-3242.2736310958862,0.027906976744186046,0.10526315789473684,0.060632434000580215
YMR011W,-1,-19.601545318961143,-3693.8032027482986,0.027777777777777776,0.10526315789473684,0.060922541340295906
YML032C,-1,-19.618281304836273,-3837.4020246714354,0.027649769585253458,0.10526315789473684,0.061212648680011604
YGR271C-A,-1,-19.62020915746689,-3697.2975534051657,0.027522935779816515,0.10526315789473684,0.0615027560197273
YPL198W,0,-19.63826447725296,-3103.2230980694294,0.027522935779816515,0.10526315789473684,0.0615027560197273
YOL005C,1,-19.68100170791149,-3339.744880825281,0.0319634703196347,0.12280701754385964,0.0615027560197273
YOR095C,0,-19.69627533853054,-5340.265283629298,0.0319634703196347,0.12280701754385964,0.0615027560197273
YFR048W,0,-19.712451338768005,-3221.7183337807655,0.0319634703196347,0.12280701754385964,0.0615027560197273
YLR336C,-1,-19.80466827750206,-3546.6946302205324,0.031818181818181815,0.12280701754385964,0.06179286335944299
YOR104W,0,-19.804931193590164,-3482.333725273609,0.031818181818181815,0.12280701754385964,0.06179286335944299
YLR029C,0,-19.811233073472977,-2862.506326466799,0.031818181818181815,0.12280701754385964,0.06179286335944299
YIL078W,-1,-19.83579981327057,-2828.71918644011,0.03167420814479638,0.12280701754385964,0.06208297069915869
YPL083C,-1,-19.848161205649376,-3472.549826771021,0.03153153153153153,0.12280701754385964,0.06237307803887438
YDL167C,0,-19.86186358332634,-2970.886317938566,0.03153153153153153,0.12280701754385964,0.06237307803887438
YML093W,-1,-19.879397124052048,-3507.6938340216875,0.03139013452914798,0.12280701754385964,0.06266318537859007
YER148W,1,-19.98420161008835,-2998.1973335146904,0.03571428571428571,0.14035087719298245,0.06266318537859007
YPR190C,1,-20.05801247060299,-3840.977249622345,0.04,0.15789473684210525,0.06266318537859007
YCL055W,-1,-20.159480050206184,-3377.6597136110067,0.03982300884955752,0.15789473684210525,0.06295329271830577
YJR041C,-1,-20.19412226974964,-3519.8328333199024,0.039647577092511016,0.15789473684210525,0.06324340005802147
YJR097W,-1,-20.250340700149536,-3133.102762848139,0.039473684210526314,0.15789473684210525,0.06353350739773717
YBL092W,0,-20.272649854421616,-3273.4695996940136,0.039473684210526314,0.15789473684210525,0.06353350739773717
YER007C-A,0,-20.304492861032486,-3144.8379926383495,0.039473684210526314,0.15789473684210525,0.06353350739773717
YMR012W,-1,-20.325977504253387,-3752.8649266958237,0.039301310043668124,0.15789473684210525,0.06382361473745286
YGL103W,0,-20.348598286509514,-3007.2860695272684,0.039301310043668124,0.15789473684210525,0.06382361473745286
YKL155C,-1,-20.403947740793228,-3572.619321733713,0.0391304347826087,0.15789473684210525,0.06411372207716855
YIL044C,0,-20.431259885430336,-3602.4408215731382,0.0391304347826087,0.15789473684210525,0.06411372207716855
YNL209W,-1,-20.537652611732483,-2895.6873657256365,0.03896103896103896,0.15789473684210525,0.06440382941688425
YMR128W,-1,-20.673153057694435,-3252.8639203459024,0.03879310344827586,0.15789473684210525,0.06469393675659994
YAL011W,-1,-20.67849539220333,-3339.4628599733114,0.03862660944206009,0.15789473684210525,0.06498404409631564
YOR096W,-1,-20.73610669374466,-3039.0119088590145,0.038461538461538464,0.15789473684210525,0.06527415143603134
YBR002C,-1,-20.753260731697083,-3372.0004856437445,0.03829787234042553,0.15789473684210525,0.06556425877574702
YDL076C,0,-20.794015929102898,-3705.3903565853834,0.03829787234042553,0.15789473684210525,0.06556425877574702
YKL139W,-1,-20.802809432148933,-3759.8529386222363,0.038135593220338986,0.15789473684210525,0.06585436611546272
YIL106W,-1,-20.869020760059357,-3366.1614643335342,0.0379746835443038,0.15789473684210525,0.06614447345517842
YGL029W,-1,-20.874698385596275,-4255.846314221621,0.037815126050420166,0.15789473684210525,0.06643458079489412
YNR015W,-1,-20.955064743757248,-3132.0516698658466,0.03765690376569038,0.15789473684210525,0.0667246881346098
YNL299W,-1,-20.977345287799835,-3192.4028642326593,0.0375,0.15789473684210525,0.0670147954743255
YNL075W,-1,-21.017466127872467,-4160.665822893381,0.03734439834024896,0.15789473684210525,0.0673049028140412
YDL055C,-1,-21.099648103117943,-2674.946252271533,0.0371900826446281,0.15789473684210525,0.0675950101537569
YMR290C,-1,-21.106816291809082,-3855.8609307855368,0.037037037037037035,0.15789473684210525,0.06788511749347259
YPL140C,-1,-21.111726939678192,-3743.6211917698383,0.036885245901639344,0.15789473684210525,0.06817522483318827
YJR063W,-1,-21.118068888783455,-3801.8994824439287,0.036734693877551024,0.15789473684210525,0.06846533217290397
YHR154W,-1,-21.152172058820724,-3625.7729250341654,0.036585365853658534,0.15789473684210525,0.06875543951261967
YDR527W,-1,-21.167373225092888,-3648.7070514261723,0.03643724696356275,0.15789473684210525,0.06904554685233537
YNL221C,-1,-21.178932309150696,-3180.0468421280384,0.036290322580645164,0.15789473684210525,0.06933565419205105
YMR049C,-1,-21.185147896409035,-3753.498634546995,0.03614457831325301,0.15789473684210525,0.06962576153176675
YOL144W,-1,-21.192194238305092,-4172.267786458135,0.036,0.15789473684210525,0.06991586887148245
YNR053C,-1,-21.23905785381794,-4088.291860997677,0.035856573705179286,0.15789473684210525,0.07020597621119815
YOL124C,-1,-21.268770277500153,-4102.083346545696,0.03571428571428571,0.15789473684210525,0.07049608355091384
YDL201W,-1,-21.282157838344574,-3791.5798940509558,0.03557312252964427,0.15789473684210525,0.07078619089062953
YGR034W,0,-21.322358295321465,-3325.937795624137,0.03557312252964427,0.15789473684210525,0.07078619089062953
YDR324C,-1,-21.327485486865044,-3813.858089014888,0.03543307086614173,0.15789473684210525,0.07107629823034523
YJR064W,-1,-21.328968957066536,-3289.479709967971,0.03529411764705882,0.15789473684210525,0.07136640557006092
YER120W,-1,-21.338902667164803,-3335.0525492429733,0.03515625,0.15789473684210525,0.07165651290977662
YLR075W,-1,-21.33912280201912,-2859.781123548746,0.03501945525291829,0.15789473684210525,0.07194662024949232
YNL112W,-1,-21.35028962790966,-3770.4639721512794,0.03488372093023256,0.15789473684210525,0.072236727589208
YOL125W,-1,-21.367005974054337,-3904.982983738184,0.03474903474903475,0.15789473684210525,0.0725268349289237
YNL255C,0,-21.391338258981705,-3700.1485741883516,0.03474903474903475,0.15789473684210525,0.0725268349289237
YGR166W,0,-21.41022539138794,-3421.532962292433,0.03474903474903475,0.15789473684210525,0.0725268349289237
YOR337W,0,-21.42849835753441,-3004.3902769982815,0.03474903474903475,0.15789473684210525,0.0725268349289237
YHR064C,-1,-21.468557968735695,-3055.6739264279604,0.03461538461538462,0.15789473684210525,0.0728169422686394
YNL067W,0,-21.505985870957375,-2904.5000723600388,0.03461538461538462,0.15789473684210525,0.0728169422686394
YFL022C,-1,-21.521111086010933,-3084.8506895005703,0.034482758620689655,0.15789473684210525,0.0731070496083551
YGR030C,-1,-21.543062314391136,-3493.0222688019276,0.03435114503816794,0.15789473684210525,0.07339715694807078
YDR326C,0,-21.547970354557037,-2769.2082383930683,0.03435114503816794,0.15789473684210525,0.07339715694807078
YGR185C,-1,-21.580154538154602,-3027.1704378277063,0.034220532319391636,0.15789473684210525,0.07368726428778648
YKR056W,-1,-21.582878276705742,-3611.9279937297106,0.03409090909090909,0.15789473684210525,0.07397737162750218
YOR323C,0,-21.60014298558235,-2889.096123561263,0.03409090909090909,0.15789473684210525,0.07397737162750218
YER013W,-1,-21.634316191077232,-3315.739200130105,0.033962264150943396,0.15789473684210525,0.07426747896721787
YLR196W,-1,-21.635741144418716,-3585.1370359808207,0.03383458646616541,0.15789473684210525,0.07455758630693357
YGL123W,-1,-21.641728714108467,-2908.996073424816,0.033707865168539325,0.15789473684210525,0.07484769364664925
YML073C,-1,-21.655558958649635,-2912.7068751603365,0.033582089552238806,0.15789473684210525,0.07513780098636495
YOL135C,-1,-21.660285979509354,-4057.7495821267366,0.03345724907063197,0.15789473684210525,0.07542790832608065
YFL001W,-1,-21.67698596417904,-3907.2899348437786,0.03333333333333333,0.15789473684210525,0.07571801566579635
YPL012W,-1,-21.70013315975666,-3863.363065108657,0.033210332103321034,0.15789473684210525,0.07600812300551205
YCL059C,-1,-21.70779822766781,-3909.3377871364355,0.03308823529411765,0.15789473684210525,0.07629823034522773
YKR099W,-1,-21.71117790043354,-3029.054953813553,0.03296703296703297,0.15789473684210525,0.07658833768494343
YLR386W,-1,-21.71289898455143,-3596.2106153070927,0.032846715328467155,0.15789473684210525,0.07687844502465913
YJL033W,-1,-21.722257375717163,-3750.754857301712,0.03272727272727273,0.15789473684210525,0.07716855236437482
YER102W,-1,-21.773519307374954,-2887.2628398537636,0.03260869565217391,0.15789473684210525,0.07745865970409051
YBR189W,-1,-21.781561955809593,-3110.8085891753435,0.032490974729241874,0.15789473684210525,0.0777487670438062
YNR003C,1,-21.790172904729843,-3957.686543777585,0.03597122302158273,0.17543859649122806,0.0777487670438062
YDL008W,-1,-21.80126105248928,-3801.0736181288958,0.035842293906810034,0.17543859649122806,0.0780388743835219
YDL208W,-1,-21.810016840696335,-4088.6525982171297,0.03571428571428571,0.17543859649122806,0.0783289817232376
YGL144C,-1,-21.81902976334095,-3230.6254618763924,0.03558718861209965,0.17543859649122806,0.0786190890629533
YNL108C,0,-21.873217597603798,-3244.9964191019535,0.03558718861209965,0.17543859649122806,0.0786190890629533
YNR038W,-1,-21.895587667822838,-3581.876475587487,0.03546099290780142,0.17543859649122806,0.07890919640266898
YHL015W,-1,-21.925396755337715,-3063.3843311220407,0.0353356890459364,0.17543859649122806,0.07919930374238468
YDL166C,-1,-22.007483571767807,-4208.4915312081575,0.035211267605633804,0.17543859649122806,0.07948941108210038
YOL041C,-1,-22.01128925383091,-3717.328318744898,0.03508771929824561,0.17543859649122806,0.07977951842181608
YDR121W,-1,-22.028310120105743,-3344.690277799964,0.03496503496503497,0.17543859649122806,0.08006962576153177
YER113C,-1,-22.04721337556839,-3266.2845393419266,0.03484320557491289,0.17543859649122806,0.08035973310124746
YIL148W,-1,-22.054202616214752,-2967.946959465742,0.034722222222222224,0.17543859649122806,0.08064984044096316
YPR041W,-1,-22.074113875627518,-3650.3688522428274,0.03460207612456748,0.17543859649122806,0.08093994778067885
YFL049W,-1,-22.1119494587183,-3502.728626102209,0.034482758620689655,0.17543859649122806,0.08123005512039455
YMR014W,-1,-22.147010922431946,-3972.3161325752735,0.03436426116838488,0.17543859649122806,0.08152016246011023
YHR100C,0,-22.15942858159542,-3251.53578864038,0.03436426116838488,0.17543859649122806,0.08152016246011023
YBL005W,-1,-22.167046412825584,-3760.2344502061605,0.03424657534246575,0.17543859649122806,0.08181026979982593
YDR245W,0,-22.185142546892166,-4305.2649865448475,0.03424657534246575,0.17543859649122806,0.08181026979982593
YDR398W,-1,-22.203985452651978,-3725.6801149845123,0.034129692832764506,0.17543859649122806,0.08210037713954163
YOL141W,-1,-22.22612974047661,-3430.2322582751513,0.034013605442176874,0.17543859649122806,0.08239048447925733
YGR195W,-1,-22.230840250849724,-3954.7263453155756,0.03389830508474576,0.17543859649122806,0.08268059181897303
YPR033C,-1,-22.239785000681877,-2881.0140424370766,0.033783783783783786,0.17543859649122806,0.08297069915868871
YLR435W,-1,-22.246826320886612,-3662.91221717,0.03367003367003367,0.17543859649122806,0.08326080649840441
YJL124C,-1,-22.29120409488678,-3459.292719230056,0.03355704697986577,0.17543859649122806,0.0835509138381201
YIR002C,-1,-22.340484708547592,-3815.619475722313,0.033444816053511704,0.17543859649122806,0.0838410211778358
YGR214W,-1,-22.346412524580956,-3077.22534430027,0.03333333333333333,0.17543859649122806,0.08413112851755149
YPR101W,-1,-22.371428191661835,-3122.5967738181353,0.03322259136212625,0.17543859649122806,0.08442123585726719
YBR155W,-1,-22.43275886774063,-3873.5334111452103,0.033112582781456956,0.17543859649122806,0.08471134319698288
YBL026W,-1,-22.44122615456581,-3344.1163560301065,0.033003300330033,0.17543859649122806,0.08500145053669858
YDR439W,-1,-22.452634498476982,-3513.6242227852345,0.03289473684210526,0.17543859649122806,0.08529155787641428
YBL046W,-1,-22.473742470145226,-3619.260648816824,0.03278688524590164,0.17543859649122806,0.08558166521612996
YKR024C,-1,-22.474427103996277,-4021.0943619012833,0.032679738562091505,0.17543859649122806,0.08587177255584566
YGR246C,1,-22.499340161681175,-3672.91817766428,0.035830618892508145,0.19298245614035087,0.08587177255584566
YHR216W,0,-22.54109527170658,-2914.8283001482487,0.035830618892508145,0.19298245614035087,0.08587177255584566
YHR197W,-1,-22.547946274280548,-3680.88621135056,0.03571428571428571,0.19298245614035087,0.08616187989556136
YIL021W,-1,-22.556157156825066,-4136.626582235098,0.03559870550161812,0.19298245614035087,0.08645198723527706
YNL110C,-1,-22.711301505565643,-7022.856305867434,0.035483870967741936,0.19298245614035087,0.08674209457499275
YMR211W,-1,-22.719955772161484,-4610.680152848363,0.03536977491961415,0.19298245614035087,0.08703220191470844
YER006W,-1,-22.724053889513016,-4259.845411285758,0.035256410256410256,0.19298245614035087,0.08732230925442414
YOL092W,0,-22.75596784055233,-3218.3439667373896,0.035256410256410256,0.19298245614035087,0.08732230925442414
YGR095C,-1,-22.76885686814785,-3789.350848004222,0.03514376996805112,0.19298245614035087,0.08761241659413983
YMR212C,0,-22.788484781980515,-3509.0378214865923,0.03514376996805112,0.19298245614035087,0.08761241659413983
YNL248C,-1,-22.824023365974426,-3648.9968531280756,0.03503184713375796,0.19298245614035087,0.08790252393385553
YFL023W,-1,-22.83416897058487,-3833.3822587430477,0.03492063492063492,0.19298245614035087,0.08819263127357121
YLR056W,-1,-22.856153070926666,-3599.497264832258,0.03481012658227848,0.19298245614035087,0.08848273861328691
YJL109C,-1,-22.873932644724846,-3636.1322289705276,0.03470031545741325,0.19298245614035087,0.08877284595300261
YDR234W,0,-22.874353170394897,-2813.3518495857716,0.03470031545741325,0.19298245614035087,0.08877284595300261
YNL153C,-1,-22.87673206627369,-4278.797312125564,0.03459119496855346,0.19298245614035087,0.08906295329271831
YDL112W,-1,-22.910568565130234,-3809.079353749752,0.034482758620689655,0.19298245614035087,0.089353060632434
YKR081C,-1,-22.949041202664375,-4155.547833785415,0.034375,0.19298245614035087,0.08964316797214969
YGR280C,-1,-22.98886615037918,-3661.398071229458,0.03426791277258567,0.19298245614035087,0.08993327531186539
YKR082W,0,-23.046526700258255,-4134.5357414186,0.03426791277258567,0.19298245614035087,0.08993327531186539
YKL042W,-1,-23.054896488785744,-3777.6588571816683,0.034161490683229816,0.19298245614035087,0.09022338265158109
YPR137W,-1,-23.17533579468727,-3790.1971225887537,0.034055727554179564,0.19298245614035087,0.09051348999129678
YDR198C,0,-23.215475142002106,-3901.350281715393,0.034055727554179564,0.19298245614035087,0.09051348999129678
YDR205W,-1,-23.252381846308708,-3593.54312376678,0.033950617283950615,0.19298245614035087,0.09080359733101248
YGR264C,-1,-23.287255719304085,-3650.7718048393726,0.033846153846153845,0.19298245614035087,0.09109370467072817
YPR110C,1,-23.311829388141632,-3655.6357050687075,0.03680981595092025,0.21052631578947367,0.09109370467072817
YGL050W,-1,-23.357426553964615,-4102.533048734069,0.03669724770642202,0.21052631578947367,0.09138381201044386
YBL039C,-1,-23.35781905055046,-3999.7080195099115,0.036585365853658534,0.21052631578947367,0.09167391935015956
YLR002C,-1,-23.376403465867043,-3530.8220917880535,0.0364741641337386,0.21052631578947367,0.09196402668987526
YER146W,-1,-23.408101707696915,-3471.090271010995,0.03636363636363636,0.21052631578947367,0.09225413402959094
YLR068W,-1,-23.415339291095734,-3872.9639050215483,0.03625377643504532,0.21052631578947367,0.09254424136930664
YNL178W,0,-23.46124377846718,-3083.2780759185553,0.03625377643504532,0.21052631578947367,0.09254424136930664
YCR057C,-1,-23.508350655436516,-4111.222158282995,0.03614457831325301,0.21052631578947367,0.09283434870902234
YIL019W,-1,-23.509521290659904,-3936.160928964615,0.036036036036036036,0.21052631578947367,0.09312445604873804
YPL188W,-1,-23.52492965757847,-3394.929700165987,0.03592814371257485,0.21052631578947367,0.09341456338845373
YER022W,-1,-23.53821575641632,-3693.7809674292803,0.03582089552238806,0.21052631578947367,0.09370467072816942
YBR154C,1,-23.579497054219246,-3892.7275147736073,0.03869047619047619,0.22807017543859648,0.09370467072816942
YNL016W,-1,-23.622114032506943,-3197.6487150788307,0.03857566765578635,0.22807017543859648,0.09399477806788512
YLR186W,-1,-23.644663736224174,-4224.941547304392,0.038461538461538464,0.22807017543859648,0.09428488540760081
YOL028C,-1,-23.650640964508057,-3387.5777179300785,0.038348082595870206,0.22807017543859648,0.09457499274731651
YGR158C,-1,-23.68361024558544,-3824.269415780902,0.03823529411764706,0.22807017543859648,0.09486510008703221
YDR280W,-1,-23.688711270689964,-3851.3020607084036,0.03812316715542522,0.22807017543859648,0.09515520742674789
YHR060W,-1,-23.703373551368713,-3445.2482339143753,0.038011695906432746,0.22807017543859648,0.09544531476646359
YJL136C,-1,-23.71790201961994,-3040.127079769969,0.037900874635568516,0.22807017543859648,0.09573542210617929
YMR296C,-1,-23.732808232307434,-3365.566367506981,0.0377906976744186,0.22807017543859648,0.09602552944589499
YEL055C,0,-23.782137528061867,-3832.5393260121346,0.0377906976744186,0.22807017543859648,0.09602552944589499
YKL101W,-1,-23.79241268336773,-3699.392843350768,0.03768115942028986,0.22807017543859648,0.09631563678561067
YOR026W,-1,-23.811350494623184,-3805.2359780669212,0.03757225433526012,0.22807017543859648,0.09660574412532637
YML059C,-1,-23.83440874516964,-3445.336302012205,0.037463976945244955,0.22807017543859648,0.09689585146504207
YOR145C,-1,-23.872546449303627,-4374.643353044987,0.03735632183908046,0.22807017543859648,0.09718595880475776
YGR124W,0,-23.87479332089424,-3111.9126897901297,0.03735632183908046,0.22807017543859648,0.09718595880475776
YNL053W,-1,-23.900379106402397,-3748.8033930510283,0.03724928366762178,0.22807017543859648,0.09747606614447346
YEL065W,-1,-23.903700798749924,-3848.213088080287,0.037142857142857144,0.22807017543859648,0.09776617348418914
YJL157C,-1,-23.91460444033146,-2874.918758377433,0.037037037037037035,0.22807017543859648,0.09805628082390484
YOL121C,-1,-23.957868695259094,-2993.807378128171,0.036931818181818184,0.22807017543859648,0.09834638816362054
YPR048W,0,-23.99529205262661,-4399.355830997229,0.036931818181818184,0.22807017543859648,0.09834638816362054
YOL051W,-1,-24.007238119840622,-3876.9756596535444,0.036827195467422094,0.22807017543859648,0.09863649550333624
YGL028C,0,-24.071719959378242,-3055.352836892009,0.036827195467422094,0.22807017543859648,0.09863649550333624
YPL022W,-1,-24.106278091669083,-3646.830776706338,0.03672316384180791,0.22807017543859648,0.09892660284305192
YOL021C,-1,-24.121908456087112,-3567.190209686756,0.036619718309859155,0.22807017543859648,0.09921671018276762
YPR182W,-1,-24.13339640200138,-4229.052558615804,0.03651685393258427,0.22807017543859648,0.09950681752248332
YHR089C,-1,-24.154573634266853,-3878.6817308813334,0.036414565826330535,0.22807017543859648,0.09979692486219902
YMR123W,0,-24.171804934740067,-3974.7767207175493,0.036414565826330535,0.22807017543859648,0.09979692486219902
YOR239W,-1,-24.189690217375755,-3317.205977022648,0.036312849162011177,0.22807017543859648,0.10008703220191471
YJL200C,-1,-24.226668149232864,-2659.1424371004105,0.036211699164345405,0.22807017543859648,0.1003771395416304
YMR023C,-1,-24.232577949762344,-4042.659114226699,0.03611111111111111,0.22807017543859648,0.1006672468813461
YMR266W,-1,-24.280241161584854,-3076.265445843339,0.036011080332409975,0.22807017543859648,0.10095735422106179
YAL019W,0,-24.2918009608984,-3745.113101363182,0.036011080332409975,0.22807017543859648,0.10095735422106179
YAL025C,-1,-24.323128536343575,-3887.885020777583,0.03591160220994475,0.22807017543859648,0.10124746156077749
YOL045W,-1,-24.358612626791,-3263.478606581688,0.03581267217630854,0.22807017543859648,0.10153756890049319
YPL193W,-1,-24.375373676419258,-4147.902486413717,0.03571428571428571,0.22807017543859648,0.10182767624020887
YDR211W,-1,-24.38048556447029,-4318.035584032536,0.03561643835616438,0.22807017543859648,0.10211778357992457
YNL123W,-1,-24.40221858024597,-3582.237652748823,0.03551912568306011,0.22807017543859648,0.10240789091964027
YLR107W,-1,-24.409097835421562,-3432.258465126157,0.035422343324250684,0.22807017543859648,0.10269799825935597
YLR347C,0,-24.432073041796684,-3336.8828917741776,0.035422343324250684,0.22807017543859648,0.10269799825935597
YNL231C,-1,-24.443393155932426,-3611.3364897072315,0.035326086956521736,0.22807017543859648,0.10298810559907165
YNR054C,-1,-24.44511303305626,-3835.2543445676565,0.03523035230352303,0.22807017543859648,0.10327821293878735
YDR346C,-1,-24.483873888850212,-4364.33624650538,0.03513513513513514,0.22807017543859648,0.10356832027850305
YDR492W,-1,-24.52265353500843,-3333.2205569446087,0.03504043126684636,0.22807017543859648,0.10385842761821874
YPL101W,-1,-24.536496579647064,-4239.1116897165775,0.03494623655913978,0.22807017543859648,0.10414853495793444
YBL057C,-1,-24.538683280348778,-3749.479255527258,0.03485254691689008,0.22807017543859648,0.10443864229765012
YGL151W,-1,-24.552936032414436,-3333.9883146435022,0.034759358288770054,0.22807017543859648,0.10472874963736582
YHL025W,-1,-24.57929500937462,-3439.28586499393,0.034666666666666665,0.22807017543859648,0.10501885697708152
YDR524C,-1,-24.586971879005432,-3753.073550000787,0.034574468085106384,0.22807017543859648,0.10530896431679722
YLR074C,-1,-24.603058606386185,-4370.957584410906,0.034482758620689655,0.22807017543859648,0.10559907165651292
YIL118W,-1,-24.60357867181301,-4272.321676284075,0.03439153439153439,0.22807017543859648,0.1058891789962286
YIL090W,0,-24.6707464158535,-3102.5654201954603,0.03439153439153439,0.22807017543859648,0.1058891789962286
YFR001W,-1,-24.693444550037384,-6797.376273304224,0.03430079155672823,0.22807017543859648,0.1061792863359443
YOR119C,-1,-24.7324870377779,-4251.585612624884,0.034210526315789476,0.22807017543859648,0.10646939367566
YGL049C,-1,-24.749063551425934,-3138.4451269358397,0.03412073490813648,0.22807017543859648,0.1067595010153757
YPL246C,0,-24.777494862675667,-3852.3124259263277,0.03412073490813648,0.22807017543859648,0.1067595010153757
YDR091C,-1,-24.8115776181221,-3899.113258510828,0.034031413612565446,0.22807017543859648,0.10704960835509138
YOR368W,-1,-24.812465474009514,-4213.538896560669,0.033942558746736295,0.22807017543859648,0.10733971569480708
YOR075W,0,-24.81735959649086,-3749.3886572420597,0.033942558746736295,0.22807017543859648,0.10733971569480708
YBL089W,-1,-24.822798430919647,-3666.9860512912273,0.033854166666666664,0.22807017543859648,0.10762982303452277
YGL110C,0,-24.832743912935257,-3856.2168747633696,0.033854166666666664,0.22807017543859648,0.10762982303452277
YGR263C,-1,-24.835734516382217,-3749.7089313715696,0.033766233766233764,0.22807017543859648,0.10791993037423847
YJR016C,0,-24.84111361205578,-2694.298582300544,0.033766233766233764,0.22807017543859648,0.10791993037423847
YBR276C,-1,-24.868832364678383,-3479.9045227468014,0.03367875647668394,0.22807017543859648,0.10821003771395417
YOR091W,0,-24.889777839183807,-3740.0045833587646,0.03367875647668394,0.22807017543859648,0.10821003771395417
YJL138C,-1,-24.892213717103004,-2932.3508578538895,0.03359173126614987,0.22807017543859648,0.10850014505366985
YDR407C,0,-24.905754029750824,-3878.532172307372,0.03359173126614987,0.22807017543859648,0.10850014505366985
YGL167C,-1,-24.927956447005272,-3689.975167810917,0.03350515463917526,0.22807017543859648,0.10879025239338555
YBR123C,1,-24.964286848902702,-3936.617013707757,0.03598971722365039,0.24561403508771928,0.10879025239338555
YLR401C,-1,-24.99241553246975,-3815.8280575871468,0.035897435897435895,0.24561403508771928,0.10908035973310125
YKL181W,0,-25.004805132746696,-4020.157881051302,0.035897435897435895,0.24561403508771928,0.10908035973310125
YDL175C,-1,-25.010298520326614,-3702.619393631816,0.03580562659846547,0.24561403508771928,0.10937046707281695
YDL073W,0,-25.111597448587418,-3506.1385586708784,0.03580562659846547,0.24561403508771928,0.10937046707281695
YEL046C,-1,-25.123663872480392,-3142.4661380946636,0.03571428571428571,0.24561403508771928,0.10966057441253264
YOL090W,-1,-25.149607986211777,-3389.892346918583,0.035623409669211195,0.24561403508771928,0.10995068175224833
YMR207C,-1,-25.167721405625343,-3781.7716682702303,0.03553299492385787,0.24561403508771928,0.11024078909196403
YNL199C,-1,-25.19326189160347,-3401.72888687253,0.035443037974683546,0.24561403508771928,0.11053089643167972
YKL033W,-1,-25.196925565600395,-3534.0387998074293,0.03535353535353535,0.24561403508771928,0.11082100377139542
YEL040W,0,-25.214732766151428,-3224.8054968118668,0.03535353535353535,0.24561403508771928,0.11082100377139542
YKR022C,-1,-25.234805688261986,-3504.1599574387074,0.03526448362720403,0.24561403508771928,0.1111111111111111
YER110C,0,-25.321811512112617,-3690.984471216798,0.03526448362720403,0.24561403508771928,0.1111111111111111
YNL111C,-1,-25.383892059326172,-3514.437458485365,0.035175879396984924,0.24561403508771928,0.1114012184508268
YNL339C,-1,-25.385998263955116,-3008.509267285466,0.03508771929824561,0.24561403508771928,0.1116913257905425
YHR149C,0,-25.40729358792305,-4577.026901140809,0.03508771929824561,0.24561403508771928,0.1116913257905425
YHL003C,-1,-25.433631643652916,-3231.4160530418158,0.035,0.24561403508771928,0.1119814331302582
YBL002W,-1,-25.49009858071804,-3821.2722540944815,0.034912718204488775,0.24561403508771928,0.1122715404699739
YNL164C,-1,-25.491567477583885,-4376.420503467321,0.03482587064676617,0.24561403508771928,0.11256164780968958
YHR084W,-1,-25.493411764502525,-3309.9991538226604,0.034739454094292806,0.24561403508771928,0.11285175514940528
YDR165W,-1,-25.497288167476654,-3819.6518326699734,0.034653465346534656,0.24561403508771928,0.11314186248912098
YLR403W,1,-25.51754893362522,-3581.122912108898,0.037037037037037035,0.2631578947368421,0.11314186248912098
YJL010C,-1,-25.523805126547813,-3830.179835766554,0.03694581280788178,0.2631578947368421,0.11343196982883667
YPL063W,-1,-25.52856455743313,-3823.5454337745905,0.036855036855036855,0.2631578947368421,0.11372207716855237
YPL212C,-1,-25.543454870581627,-3642.1968546956778,0.03676470588235294,0.2631578947368421,0.11401218450826806
YGR277C,0,-25.607444792985916,-3499.118367895484,0.03676470588235294,0.2631578947368421,0.11401218450826806
YBR163W,0,-25.637827962636948,-4310.068739399314,0.03676470588235294,0.2631578947368421,0.11401218450826806
YDL150W,1,-25.70282693207264,-4200.289397090673,0.039119804400977995,0.2807017543859649,0.11401218450826806
YPL243W,0,-25.73972377181053,-4549.8439304977655,0.039119804400977995,0.2807017543859649,0.11401218450826806
YOL080C,-1,-25.750544920563698,-3960.6298337727785,0.03902439024390244,0.2807017543859649,0.11430229184798375
YJL069C,-1,-25.752600744366646,-4281.756685495377,0.038929440389294405,0.2807017543859649,0.11459239918769945
YKL216W,0,-25.758933633565903,-4057.325595393777,0.038929440389294405,0.2807017543859649,0.11459239918769945
YLR291C,-1,-25.785561427474022,-3994.3188664913177,0.038834951456310676,0.2807017543859649,0.11488250652741515
YOL076W,-1,-25.859047159552574,-4311.414964526892,0.0387409200968523,0.2807017543859649,0.11517261386713083
YJL204C,-1,-25.895956188440323,-3434.2118593752384,0.03864734299516908,0.2807017543859649,0.11546272120684653
YLR018C,0,-25.945555567741394,-4066.206515237689,0.03864734299516908,0.2807017543859649,0.11546272120684653
YLR017W,0,-25.94676734507084,-3949.669935941696,0.03864734299516908,0.2807017543859649,0.11546272120684653
YKL214C,0,-25.957842871546745,-3670.03931543231,0.03864734299516908,0.2807017543859649,0.11546272120684653
YGR103W,-1,-25.95889040827751,-4199.337480515242,0.03855421686746988,0.2807017543859649,0.11575282854656223
YMR243C,-1,-25.9866052120924,-4308.760004580021,0.038461538461538464,0.2807017543859649,0.11604293588627793
YHR187W,-1,-25.990519881248474,-4456.011241719127,0.03836930455635491,0.2807017543859649,0.11633304322599362
YPR187W,1,-26.000970974564552,-3768.6857178360224,0.04066985645933014,0.2982456140350877,0.11633304322599362
YER132C,0,-26.0334642380476,-3603.6340604424477,0.04066985645933014,0.2982456140350877,0.11633304322599362
YGL106W,-1,-26.036280050873756,-3740.7724948078394,0.0405727923627685,0.2982456140350877,0.11662315056570931
YGL171W,-1,-26.08630672097206,-4058.4974494725466,0.04047619047619048,0.2982456140350877,0.116913257905425
YGR116W,-1,-26.096327483654022,-3465.8535963594913,0.040380047505938245,0.2982456140350877,0.1172033652451407
YPL213W,-1,-26.103707566857338,-3423.1525631695986,0.04028436018957346,0.2982456140350877,0.1174934725848564
YNL087W,0,-26.113043934106827,-3897.987268552184,0.04028436018957346,0.2982456140350877,0.1174934725848564
YDL198C,-1,-26.158187568187714,-3123.031977877021,0.04018912529550828,0.2982456140350877,0.11778357992457208
YOR174W,-1,-26.1590596139431,-4009.1799856871367,0.04009433962264151,0.2982456140350877,0.11807368726428778
YLR179C,0,-26.17078422009945,-3450.4072134643793,0.04009433962264151,0.2982456140350877,0.11807368726428778
YPL156C,-1,-26.173048198223114,-4288.011799618602,0.04,0.2982456140350877,0.11836379460400348
YNL246W,-1,-26.1981241106987,-3660.896278589964,0.03990610328638498,0.2982456140350877,0.11865390194371918
YLR172C,-1,-26.200410023331642,-4222.378632813692,0.03981264637002342,0.2982456140350877,0.11894400928343488
YGR072W,-1,-26.211438611149788,-3878.072543978691,0.0397196261682243,0.2982456140350877,0.11923411662315056
YEL029C,-1,-26.241179078817368,-3845.6370932906866,0.039627039627039624,0.2982456140350877,0.11952422396286626
YNL256W,0,-26.2854243516922,-4500.303373143077,0.039627039627039624,0.2982456140350877,0.11952422396286626
YMR005W,-1,-26.287964820861816,-3882.818337738514,0.03953488372093023,0.2982456140350877,0.11981433130258196
YML060W,-1,-26.30675645172596,-3387.1216812729836,0.03944315545243619,0.2982456140350877,0.12010443864229765
YPL029W,-1,-26.315634533762932,-3859.6173363775015,0.03935185185185185,0.2982456140350877,0.12039454598201335
YNL139C,-1,-26.356218561530113,-3611.3241229504347,0.03926096997690531,0.2982456140350877,0.12068465332172904
YHR020W,-1,-26.35833090543747,-3422.2180610001087,0.03917050691244239,0.2982456140350877,0.12097476066144473
YCR072C,-1,-26.375895842909813,-3884.661697745323,0.03908045977011494,0.2982456140350877,0.12126486800116043
YOR210W,1,-26.39234273135662,-4233.313944652677,0.04128440366972477,0.3157894736842105,0.12126486800116043
YOR043W,-1,-26.403760001063347,-3196.588216856122,0.041189931350114416,0.3157894736842105,0.12155497534087613
YNL030W,-1,-26.40745548903942,-3615.906271532178,0.0410958904109589,0.3157894736842105,0.12184508268059181
YBR267W,-1,-26.41248145699501,-4091.413239121437,0.04100227790432802,0.3157894736842105,0.12213519002030751
YLR175W,-1,-26.42507094144821,-3855.4719640016556,0.04090909090909091,0.3157894736842105,0.12242529736002321
YKR037C,-1,-26.451846837997437,-3942.9084178954363,0.04081632653061224,0.3157894736842105,0.1227154046997389
YER155C,-1,-26.526983320713043,-3873.0499792695045,0.04072398190045249,0.3157894736842105,0.1230055120394546
YOR205C,-1,-26.541123867034912,-4153.186512514949,0.040632054176072234,0.3157894736842105,0.12329561937917029
YOR048C,-1,-26.548982724547386,-4120.094015046954,0.04054054054054054,0.3157894736842105,0.12358572671888599
YDL051W,-1,-26.572706177830696,-4364.778608813882,0.04044943820224719,0.3157894736842105,0.12387583405860168
YDR021W,-1,-26.5768523812294,-4053.5415143817663,0.04035874439461883,0.3157894736842105,0.12416594139831738
YBR164C,0,-26.606234550476074,-3771.395610436797,0.04035874439461883,0.3157894736842105,0.12416594139831738
YAL035W,-1,-26.64157548546791,-4680.58660787344,0.040268456375838924,0.3157894736842105,0.12445604873803308
YLR197W,-1,-26.6526899933815,-3708.971268609166,0.04017857142857143,0.3157894736842105,0.12474615607774876
YBR061C,-1,-26.6971225887537,-4006.7867418676615,0.0400890868596882,0.3157894736842105,0.12503626341746446
YJL208C,-1,-26.749344781041145,-4487.730433985591,0.04,0.3157894736842105,0.12532637075718014
YML043C,-1,-26.78420799970627,-4016.322016328573,0.03991130820399113,0.3157894736842105,0.12561647809689586
YER082C,-1,-26.79710315167904,-6401.0719478577375,0.03982300884955752,0.3157894736842105,0.12590658543661154
YMR016C,-1,-26.808457508683205,-3332.107048243284,0.039735099337748346,0.3157894736842105,0.12619669277632725
YLL021W,-1,-26.813582435250282,-3721.348863005638,0.039647577092511016,0.3157894736842105,0.12648680011604294
YLR287C-A,0,-26.826628923416138,-3132.4664890766144,0.039647577092511016,0.3157894736842105,0.12648680011604294
YNL004W,0,-26.848629653453827,-4289.227897852659,0.039647577092511016,0.3157894736842105,0.12648680011604294
YNL130C,-1,-26.853031143546104,-3794.257174387574,0.03956043956043956,0.3157894736842105,0.12677690745575862
YPL210C,0,-26.873389303684235,-4549.727370321751,0.03956043956043956,0.3157894736842105,0.12677690745575862
YHR077C,-1,-26.91878879070282,-3905.449671089649,0.039473684210526314,0.3157894736842105,0.12706701479547433
YER111C,-1,-26.92121970653534,-3999.376225337386,0.03938730853391685,0.3157894736842105,0.12735712213519002
YMR121C,0,-26.95726005733013,-3035.249522075057,0.03938730853391685,0.3157894736842105,0.12735712213519002
YJR032W,-1,-27.029397159814835,-4163.055243134499,0.039301310043668124,0.3157894736842105,0.12764722947490573
YHR108W,-1,-27.036494359374046,-3697.9114991128445,0.0392156862745098,0.3157894736842105,0.1279373368146214
YOR101W,0,-27.055542185902596,-3957.6100699603558,0.0392156862745098,0.3157894736842105,0.1279373368146214
YNL292W,-1,-27.066542953252792,-3968.8852692842484,0.0391304347826087,0.3157894736842105,0.1282274441543371
YOR341W,-1,-27.090807616710663,-3906.2693256884813,0.039045553145336226,0.3157894736842105,0.1285175514940528
YER118C,-1,-27.105094820261,-4603.7453738451,0.03896103896103896,0.3157894736842105,0.1288076588337685
YCR020C-A,0,-27.132786631584167,-3397.987305223942,0.03896103896103896,0.3157894736842105,0.1288076588337685
YOR123C,-1,-27.141632467508316,-3245.0602897405624,0.038876889848812095,0.3157894736842105,0.1290977661734842
YMR241W,-1,-27.199445948004723,-3581.9638669490814,0.03879310344827586,0.3157894736842105,0.12938787351319989
YLR106C,-1,-27.2060836404562,-4284.474742785096,0.03870967741935484,0.3157894736842105,0.12967798085291557
YPL037C,-1,-27.209277734160423,-3328.08710449934,0.03862660944206009,0.3157894736842105,0.12996808819263128
YIR005W,-1,-27.2109707146883,-3664.326131746173,0.03854389721627409,0.3157894736842105,0.13025819553234697
YGL043W,-1,-27.237305656075478,-4257.837096974254,0.038461538461538464,0.3157894736842105,0.13054830287206268
YGR198W,-1,-27.24651050567627,-3616.295011565089,0.03837953091684435,0.3157894736842105,0.13083841021177836
YOR297C,-1,-27.25461210310459,-3821.4146394729614,0.03829787234042553,0.3157894736842105,0.13112851755149404
YJL014W,-1,-27.278452068567276,-4704.087833568454,0.03821656050955414,0.3157894736842105,0.13141862489120976
YGR081C,-1,-27.293451458215714,-4172.545695528388,0.038135593220338986,0.3157894736842105,0.13170873223092544
YMR015C,-1,-27.33720849454403,-3224.6925316900015,0.03805496828752643,0.3157894736842105,0.13199883957064112
YHR143W-A,1,-27.348226502537727,-3947.475531756878,0.04008438818565401,0.3333333333333333,0.13199883957064112
YPR128C,-1,-27.35386224091053,-4161.813759446144,0.04,0.3333333333333333,0.13228894691035684
YDR515W,-1,-27.359285801649094,-4250.781894028187,0.03991596638655462,0.3333333333333333,0.13257905425007252
YGR162W,-1,-27.362011685967445,-3895.343431264162,0.039832285115303984,0.3333333333333333,0.13286916158978823
YDL211C,0,-27.384673297405243,-3506.8757019639015,0.039832285115303984,0.3333333333333333,0.13286916158978823
YML014W,-1,-27.394628882408142,-4382.665398091078,0.0397489539748954,0.3333333333333333,0.13315926892950392
YDR026C,0,-27.408077716827393,-3445.684598222375,0.0397489539748954,0.3333333333333333,0.13315926892950392
YMR129W,0,-27.410387456417084,-4083.2627652585506,0.0397489539748954,0.3333333333333333,0.13315926892950392
YOR143C,0,-27.442226752638817,-4170.486938819289,0.0397489539748954,0.3333333333333333,0.13315926892950392
YML082W,0,-27.461650490760803,-3115.238189086318,0.0397489539748954,0.3333333333333333,0.13315926892950392
YDL001W,0,-27.46487867832184,-3870.8922282010317,0.0397489539748954,0.3333333333333333,0.13315926892950392
YDR397C,-1,-27.473864004015923,-4083.456824198365,0.03966597077244259,0.3333333333333333,0.1334493762692196
YOR195W,-1,-27.49145521223545,-3520.356695383787,0.03958333333333333,0.3333333333333333,0.1337394836089353
YFL048C,0,-27.51070575416088,-4074.016385138035,0.03958333333333333,0.3333333333333333,0.1337394836089353
YMR305C,-1,-27.54306823015213,-3452.9976793527603,0.0395010395010395,0.3333333333333333,0.134029590948651
YKL041W,-1,-27.544449880719185,-3560.1947379112244,0.03941908713692946,0.3333333333333333,0.1343196982883667
YPL157W,0,-27.551346331834793,-4269.139404147863,0.03941908713692946,0.3333333333333333,0.1343196982883667
YLR427W,-1,-27.569741621613503,-4079.050877466798,0.039337474120082816,0.3333333333333333,0.1346098056280824
YGL145W,0,-27.587733775377274,-3381.9999278485775,0.039337474120082816,0.3333333333333333,0.1346098056280824
YOL097C,-1,-27.59338067471981,-4066.5367944687605,0.03925619834710744,0.3333333333333333,0.13489991296779807
YNL281W,-1,-27.604927733540535,-3561.9972422271967,0.03917525773195876,0.3333333333333333,0.1351900203075138
YMR080C,-1,-27.610364869236946,-3527.988199815154,0.03909465020576132,0.3333333333333333,0.13548012764722947
YNL282W,-1,-27.621080055832863,-3497.325763657689,0.039014373716632446,0.3333333333333333,0.13577023498694518
YIR010W,-1,-27.634116485714912,-3419.246194139123,0.0389344262295082,0.3333333333333333,0.13606034232666087
YKR010C,-1,-27.653224676847458,-3819.0573021918535,0.03885480572597137,0.3333333333333333,0.13635044966637655
YLR335W,0,-27.704774856567383,-4175.30612334609,0.03885480572597137,0.3333333333333333,0.13635044966637655
YIR009W,-1,-27.718036025762558,-3587.007065281272,0.03877551020408163,0.3333333333333333,0.13664055700609226
YJL193W,0,-27.78474247455597,-3216.569943577051,0.03877551020408163,0.3333333333333333,0.13664055700609226
YPR118W,0,-27.797915816307068,-4424.558712437749,0.03877551020408163,0.3333333333333333,0.13664055700609226
YGL225W,-1,-27.8140978962183,-3248.156967535615,0.038696537678207736,0.3333333333333333,0.13693066434580795
YFR027W,-1,-27.81526157259941,-3966.34051951766,0.03861788617886179,0.3333333333333333,0.13722077168552366
YFL045C,0,-27.849491134285927,-3680.4461179971695,0.03861788617886179,0.3333333333333333,0.13722077168552366
YNL188W,-1,-27.87488640844822,-4954.152468219399,0.038539553752535496,0.3333333333333333,0.13751087902523934
YDL207W,-1,-27.92812442779541,-3739.1542535722256,0.038461538461538464,0.3333333333333333,0.13780098636495502
YGR078C,-1,-27.943098559975624,-4571.6490116119385,0.03838383838383838,0.3333333333333333,0.13809109370467074
YNL307C,-1,-27.950738206505775,-3507.0726944059134,0.038306451612903226,0.3333333333333333,0.13838120104438642
YMR125W,-1,-27.956749707460403,-3753.7804962694645,0.03822937625754527,0.3333333333333333,0.1386713083841021
YNL186W,-1,-27.966466039419174,-3660.662960037589,0.03815261044176707,0.3333333333333333,0.13896141572381782
YPL211W,-1,-27.969156317412853,-5146.656557887793,0.03807615230460922,0.3333333333333333,0.1392515230635335
YKR095W,-1,-27.969465538859367,-4297.23654037714,0.038,0.3333333333333333,0.1395416304032492
YDR224C,-1,-27.975320503115654,-4107.413121774793,0.03792415169660679,0.3333333333333333,0.1398317377429649
YKL084W,-1,-27.98473121225834,-3657.8473218530416,0.037848605577689244,0.3333333333333333,0.14012184508268058
YCR035C,-1,-27.999211937189102,-3918.674215838313,0.03777335984095427,0.3333333333333333,0.1404119524223963
YML096W,0,-28.060496777296066,-3094.6174590587616,0.03777335984095427,0.3333333333333333,0.1404119524223963
YGR040W,-1,-28.064230352640152,-3768.818066686392,0.037698412698412696,0.3333333333333333,0.14070205976211198
YGR186W,-1,-28.076264187693596,-3449.1231906712055,0.03762376237623762,0.3333333333333333,0.1409921671018277
YJR089W,-1,-28.101915150880814,-4170.987369701266,0.037549407114624504,0.3333333333333333,0.14128227444154337
YER086W,0,-28.111918926239014,-3235.3542705476284,0.037549407114624504,0.3333333333333333,0.14128227444154337
YGR093W,0,-28.112905085086823,-3089.9266961812973,0.037549407114624504,0.3333333333333333,0.14128227444154337
YHR200W,-1,-28.117876440286636,-3908.1845547407866,0.03747534516765286,0.3333333333333333,0.14157238178125905
YML005W,-1,-28.16551646590233,-3350.985525429249,0.03740157480314961,0.3333333333333333,0.14186248912097477
YGR216C,-1,-28.168439358472824,-4585.608269840479,0.03732809430255403,0.3333333333333333,0.14215259646069045
YDL043C,-1,-28.17728477716446,-4238.345910906792,0.03725490196078431,0.3333333333333333,0.14244270380040616
YER031C,-1,-28.181610018014908,-3759.512160822749,0.03718199608610567,0.3333333333333333,0.14273281114012185
YDR440W,-1,-28.18183535337448,-4725.644463181496,0.037109375,0.3333333333333333,0.14302291847983753
YHR032W,-1,-28.20187658071518,-3117.3039340674877,0.037037037037037035,0.3333333333333333,0.14331302581955324
YNL066W,-1,-28.21578773856163,-3015.6141969263554,0.03696498054474708,0.3333333333333333,0.14360313315926893
YKL056C,-1,-28.22210504114628,-3301.2508470118046,0.036893203883495145,0.3333333333333333,0.14389324049898464
YNL135C,-1,-28.245099902153015,-3567.1171358525753,0.03682170542635659,0.3333333333333333,0.14418334783870032
YMR310C,0,-28.26058405637741,-3185.3832529634237,0.03682170542635659,0.3333333333333333,0.14418334783870032
YKL154W,0,-28.26183956861496,-4157.646555885673,0.03682170542635659,0.3333333333333333,0.14418334783870032
YGR120C,0,-28.262889355421066,-3912.8582679480314,0.03682170542635659,0.3333333333333333,0.14418334783870032
YOR326W,-1,-28.269693538546562,-3437.1373436301947,0.0367504835589942,0.3333333333333333,0.144473455178416
YGR029W,-1,-28.291407987475395,-3880.3734097480774,0.03667953667953668,0.3333333333333333,0.14476356251813172
YLR226W,-1,-28.29694665968418,-4362.263798221946,0.036608863198458574,0.3333333333333333,0.1450536698578474
YGR227W,-1,-28.308547735214233,-3801.751508295536,0.03653846153846154,0.3333333333333333,0.1453437771975631
YBL055C,-1,-28.348749920725822,-3307.560914039612,0.036468330134357005,0.3333333333333333,0.1456338845372788
YOR168W,-1,-28.357778623700142,-3781.451390877366,0.03639846743295019,0.3333333333333333,0.14592399187699448
YOR116C,1,-28.378020256757736,-4092.9232849031687,0.03824091778202677,0.3508771929824561,0.14592399187699448
YNR021W,0,-28.394401729106903,-3544.9518715143204,0.03824091778202677,0.3508771929824561,0.14592399187699448
YIL016W,-1,-28.408526346087456,-4831.156894207001,0.03816793893129771,0.3508771929824561,0.1462140992167102
YGR217W,-1,-28.413414418697357,-4469.866781949997,0.0380952380952381,0.3508771929824561,0.14650420655642588
YCR047C,-1,-28.421536073088646,-3933.11373975873,0.03802281368821293,0.3508771929824561,0.14679431389614156
YGL040C,-1,-28.442654952406883,-3931.833470314741,0.03795066413662239,0.3508771929824561,0.14708442123585727
YLL012W,-1,-28.46582643687725,-4033.99059137702,0.03787878787878788,0.3508771929824561,0.14737452857557296
YFL036W,-1,-28.469604909420013,-4216.832106724381,0.03780718336483932,0.3508771929824561,0.14766463591528867
YER036C,-1,-28.47262081503868,-4148.384780451655,0.03773584905660377,0.3508771929824561,0.14795474325500435
YKL116C,-1,-28.478443562984467,-3838.8129132688046,0.03766478342749529,0.3508771929824561,0.14824485059472003
YML031W,-1,-28.498825818300247,-4760.388357043266,0.03759398496240601,0.3508771929824561,0.14853495793443575
YFL017W-A,-1,-28.525175899267197,-4539.6196203529835,0.0375234521575985,0.3508771929824561,0.14882506527415143
YKR092C,0,-28.54990954697132,-4262.858117625117,0.0375234521575985,0.3508771929824561,0.14882506527415143
YMR006C,-1,-28.55766859650612,-3604.9755193293095,0.03745318352059925,0.3508771929824561,0.14911517261386714
YLR115W,-1,-28.559678703546524,-4066.636763304472,0.037383177570093455,0.3508771929824561,0.14940527995358283
YML097C,-1,-28.603266671299934,-4382.677997931838,0.03731343283582089,0.3508771929824561,0.1496953872932985
YDR266C,0,-28.65441496670246,-3523.1753964573145,0.03731343283582089,0.3508771929824561,0.1496953872932985
YGL113W,-1,-28.659396678209305,-4445.452014237642,0.037243947858473,0.3508771929824561,0.14998549463301422
YPR080W,-1,-28.694759413599968,-3237.541367635131,0.03717472118959108,0.3508771929824561,0.1502756019727299
YDL235C,-1,-28.741868928074837,-4265.897320717573,0.03710575139146568,0.3508771929824561,0.15056570931244562
YOL098C,0,-28.743315309286118,-3218.7912854254246,0.03710575139146568,0.3508771929824561,0.15056570931244562
YGR060W,-1,-28.745224207639694,-3684.7616651952267,0.037037037037037035,0.3508771929824561,0.1508558166521613
YOR046C,0,-28.749493420124054,-3951.161453768611,0.037037037037037035,0.3508771929824561,0.1508558166521613
YPL242C,-1,-28.758693039417267,-3582.489472940564,0.036968576709796676,0.3508771929824561,0.15114592399187698
YKR038C,-1,-28.76127104461193,-4404.883556500077,0.03690036900369004,0.3508771929824561,0.1514360313315927
YLR096W,-1,-28.76517015695572,-3620.6196863651276,0.03683241252302026,0.3508771929824561,0.15172613867130838
YPR029C,0,-28.835910990834236,-4141.179103285074,0.03683241252302026,0.3508771929824561,0.15172613867130838
YKL182W,-1,-28.846366181969643,-4224.911913827062,0.03676470588235294,0.3508771929824561,0.1520162460110241
YBR055C,-1,-28.88402710855007,-3468.973087206483,0.03669724770642202,0.3508771929824561,0.15230635335073978
YNL029C,-1,-28.900460734963417,-3733.246523499489,0.03663003663003663,0.3508771929824561,0.15259646069045546
YNL216W,-1,-28.904118061065674,-4619.841764315963,0.03656307129798903,0.3508771929824561,0.15288656803017117
YKL174C,-1,-28.908538177609444,-3574.628188341856,0.0364963503649635,0.3508771929824561,0.15317667536988686
YNL272C,-1,-28.908957064151764,-3977.5265250355005,0.03642987249544627,0.3508771929824561,0.15346678270960254
YGR140W,-1,-28.910148829221725,-4866.528108865023,0.03636363636363636,0.3508771929824561,0.15375689004931825
YDR310C,-1,-28.92629300057888,-3545.425393000245,0.036297640653357534,0.3508771929824561,0.15404699738903394
YEL018W,-1,-28.92709542810917,-4452.700669571757,0.036231884057971016,0.3508771929824561,0.15433710472874965
YBL008W,-1,-28.92937059700489,-3699.828536376357,0.03616636528028933,0.3508771929824561,0.15462721206846533
YGR109C,-1,-28.946322068572044,-4287.164742410183,0.036101083032490974,0.3508771929824561,0.15491731940818101
YER172C,-1,-28.948830649256706,-4395.951904907823,0.036036036036036036,0.3508771929824561,0.15520742674789673
YDR279W,-1,-28.952190935611725,-4765.979776963592,0.03597122302158273,0.3508771929824561,0.1554975340876124
YIL020C,0,-28.96797811985016,-4098.909430295229,0.03597122302158273,0.3508771929824561,0.1554975340876124
YDR160W,-1,-28.970141172409058,-3477.229719892144,0.03590664272890485,0.3508771929824561,0.15578764142732812
YDR370C,0,-28.97195714712143,-3351.0393934845924,0.03590664272890485,0.3508771929824561,0.15578764142732812
YHR072W-A,-1,-28.984174102544785,-3203.1626329272985,0.035842293906810034,0.3508771929824561,0.1560777487670438
YDR382W,-1,-29.021672300994396,-4404.581390101463,0.03577817531305903,0.3508771929824561,0.1563678561067595
YGR090W,-1,-29.02289817854762,-4731.053070150316,0.03571428571428571,0.3508771929824561,0.1566579634464752
YFR011C,0,-29.052656441926956,-3279.0206148028374,0.03571428571428571,0.3508771929824561,0.1566579634464752
YDR103W,-1,-29.060522884130478,-3292.3374483138323,0.035650623885918005,0.3508771929824561,0.15694807078619089
YIR023W,-1,-29.098119370639324,-3969.072936821729,0.03558718861209965,0.3508771929824561,0.1572381781259066
YPL175W,-1,-29.100029811263084,-3960.3604922294617,0.035523978685612786,0.3508771929824561,0.15752828546562228
YDR012W,0,-29.121362775564194,-3878.736115768552,0.035523978685612786,0.3508771929824561,0.15752828546562228
YLL067C,0,-29.16948863863945,-3567.4457475692034,0.035523978685612786,0.3508771929824561,0.15752828546562228
YLR208W,-1,-29.173579543828964,-3750.6049232780933,0.03546099290780142,0.3508771929824561,0.15781839280533796
YHR079C,-1,-29.20055627822876,-3930.580798253417,0.035398230088495575,0.3508771929824561,0.15810850014505368
YEL020W-A,-1,-29.20797774195671,-3558.6419843286276,0.0353356890459364,0.3508771929824561,0.15839860748476936
YMR003W,0,-29.210287421941757,-3457.127297759056,0.0353356890459364,0.3508771929824561,0.15839860748476936
YPL178W,-1,-29.21110299229622,-5054.012103527784,0.03527336860670194,0.3508771929824561,0.15868871482448507
YPR173C,-1,-29.21321965754032,-3518.279185399413,0.035211267605633804,0.3508771929824561,0.15897882216420076
YLR060W,-1,-29.230808958411217,-4241.380594402552,0.0351493848857645,0.3508771929824561,0.15926892950391644
YOR147W,-1,-29.23272156715393,-4100.909483507276,0.03508771929824561,0.3508771929824561,0.15955903684363215
YLR052W,-1,-29.253675431013107,-4325.06789419055,0.03502626970227671,0.3508771929824561,0.15984914418334784
YLR147C,-1,-29.355134695768356,-4111.492670074105,0.03496503496503497,0.3508771929824561,0.16013925152306355
YFL004W,-1,-29.371259286999702,-3665.1716310828924,0.034904013961605584,0.3508771929824561,0.16042935886277923
YDR225W,-1,-29.384930193424225,-4199.825039148331,0.03484320557491289,0.3508771929824561,0.16071946620249491
YKR048C,-1,-29.39043401181698,-3438.233248949051,0.034782608695652174,0.3508771929824561,0.16100957354221063
YGL083W,-1,-29.409304410219193,-4233.91944681108,0.034722222222222224,0.3508771929824561,0.1612996808819263
YDR137W,-1,-29.42756064236164,-3883.0206922739744,0.03466204506065858,0.3508771929824561,0.161589788221642
YNL286W,-1,-29.446692034602165,-3873.528982028365,0.03460207612456748,0.3508771929824561,0.1618798955613577
YDR039C,-1,-29.449514254927635,-3455.749225348234,0.03454231433506045,0.3508771929824561,0.1621700029010734
YLR262C-A,0,-29.451377972960472,-3144.22167506814,0.03454231433506045,0.3508771929824561,0.1621700029010734
YJR022W,-1,-29.461285576224327,-3868.356129989028,0.034482758620689655,0.3508771929824561,0.1624601102407891
YMR146C,-1,-29.463978603482246,-4533.345501944423,0.03442340791738382,0.3508771929824561,0.16275021758050479
YDR143C,-1,-29.464838087558746,-3631.9385852515697,0.03436426116838488,0.3508771929824561,0.16304032492022047
YNL032W,-1,-29.46785645186901,-3482.0055985301733,0.03430531732418525,0.3508771929824561,0.16333043225993618
YOL115W,-1,-29.48105612397194,-4365.089146062732,0.03424657534246575,0.3508771929824561,0.16362053959965187
YBL091C,0,-29.49331384897232,-3754.319753214717,0.03424657534246575,0.3508771929824561,0.16362053959965187
YBR088C,-1,-29.49489162862301,-4122.557351782918,0.03418803418803419,0.3508771929824561,0.16391064693936758
YLR438C-A,-1,-29.4974023103714,-4096.8728294968605,0.034129692832764506,0.3508771929824561,0.16420075427908326
YKL027W,0,-29.58273395895958,-3159.7889617681503,0.034129692832764506,0.3508771929824561,0.16420075427908326
YNL249C,0,-29.592817395925522,-3929.505046069622,0.034129692832764506,0.3508771929824561,0.16420075427908326
YML023C,-1,-29.601265758275986,-4422.934252873063,0.034071550255536626,0.3508771929824561,0.16449086161879894
YKL057C,0,-29.620009869337082,-4938.6705223321915,0.034071550255536626,0.3508771929824561,0.16449086161879894
YLR253W,0,-29.62348049879074,-3598.7007120102644,0.034071550255536626,0.3508771929824561,0.16449086161879894
YNR032C-A,-1,-29.635235369205475,-3277.9379224032164,0.034013605442176874,0.3508771929824561,0.16478096895851466
YBL082C,-1,-29.640644878149033,-3503.4647464305162,0.03395585738539898,0.3508771929824561,0.16507107629823034
YFR002W,0,-29.646797567605972,-4278.58197081089,0.03395585738539898,0.3508771929824561,0.16507107629823034
YLR215C,-1,-29.647871777415276,-4400.155336976051,0.03389830508474576,0.3508771929824561,0.16536118363794605
YKL160W,-1,-29.662092357873917,-3982.239770576358,0.0338409475465313,0.3508771929824561,0.16565129097766174
YHL007C,-1,-29.67338229715824,-4493.732738703489,0.033783783783783786,0.3508771929824561,0.16594139831737742
YFL026W,-1,-29.68336334824562,-3203.77225458622,0.03372681281618887,0.3508771929824561,0.16623150565709313
YNL096C,-1,-29.68957106769085,-4737.3387255221605,0.03367003367003367,0.3508771929824561,0.16652161299680882
YBL035C,-1,-29.69562527537346,-5650.426702328026,0.03361344537815126,0.3508771929824561,0.16681172033652453
YKR077W,-1,-29.701366618275642,-4180.783452391624,0.03355704697986577,0.3508771929824561,0.1671018276762402
YKL176C,-1,-29.70320864021778,-3354.473433598876,0.03350083752093802,0.3508771929824561,0.1673919350159559
YKL175W,-1,-29.737768352031708,-3659.3806281536818,0.033444816053511704,0.3508771929824561,0.1676820423556716
YNL151C,1,-29.746395707130432,-4122.870564550161,0.035058430717863104,0.3684210526315789,0.1676820423556716
YOR359W,-1,-29.757449358701706,-4733.015285953879,0.035,0.3684210526315789,0.1679721496953873
YOR308C,-1,-29.770747363567352,-3867.4598347991705,0.03494176372712146,0.3684210526315789,0.16826225703510297
YDR110W,-1,-29.79053084552288,-4664.994091033936,0.03488372093023256,0.3684210526315789,0.1685523643748187
YJL112W,-1,-29.792963057756424,-4040.708317041397,0.03482587064676617,0.3684210526315789,0.16884247171453437
YMR233W,-1,-29.816039383411407,-4418.240184992552,0.0347682119205298,0.3684210526315789,0.16913257905425008
YER019C-A,0,-29.826968520879745,-3497.1194903850555,0.0347682119205298,0.3684210526315789,0.16913257905425008
YPL032C,-1,-29.83704486489296,-3451.6100459247828,0.03471074380165289,0.3684210526315789,0.16942268639396577
YHR083W,-1,-29.860632315278053,-3903.0747950673103,0.034653465346534656,0.3684210526315789,0.16971279373368145
YLR272C,-1,-29.867214143276215,-3935.4682161211967,0.03459637561779242,0.3684210526315789,0.17000290107339716
YNL175C,0,-29.89210134744644,-4457.57879114151,0.03459637561779242,0.3684210526315789,0.17000290107339716
YDR461W,1,-29.898036926984787,-3486.0747644156218,0.03618421052631579,0.38596491228070173,0.17000290107339716
YDR052C,-1,-29.92732721567154,-4008.8470375686884,0.0361247947454844,0.38596491228070173,0.17029300841311285
YFL017C,0,-29.93986390531063,-3810.994193866849,0.0361247947454844,0.38596491228070173,0.17029300841311285
YDR195W,-1,-29.947941467165947,-4295.505054488778,0.036065573770491806,0.38596491228070173,0.17058311575282856
YKL015W,-1,-29.949571803212166,-3838.1274140179157,0.03600654664484452,0.38596491228070173,0.17087322309254424
YJR067C,-1,-29.95623390376568,-4026.333644017577,0.03594771241830065,0.38596491228070173,0.17116333043225992
YKL196C,0,-29.960390031337738,-4083.465073004365,0.03594771241830065,0.38596491228070173,0.17116333043225992
YOR353C,0,-29.96500150859356,-4152.664440721273,0.03594771241830065,0.38596491228070173,0.17116333043225992
YPR139C,0,-29.99088379740715,-4068.680013641715,0.03594771241830065,0.38596491228070173,0.17116333043225992
YGL220W,-1,-29.998838499188423,-4311.0388890355825,0.03588907014681892,0.38596491228070173,0.17145343777197564
YMR061W,-1,-30.000540554523468,-4020.091055199504,0.035830618892508145,0.38596491228070173,0.17174354511169132
YDR025W,-1,-30.035998478531837,-3844.775452375412,0.03577235772357724,0.38596491228070173,0.17203365245140703
YPR056W,-1,-30.056803047657013,-3684.422088727355,0.03571428571428571,0.38596491228070173,0.17232375979112272
YDR219C,-1,-30.060448214411736,-3909.464557275176,0.03565640194489465,0.38596491228070173,0.1726138671308384
YDL156W,-1,-30.060892552137375,-3324.227084249258,0.03559870550161812,0.38596491228070173,0.1729039744705541
YPL085W,-1,-30.06810227036476,-4149.017196148634,0.035541195476575124,0.38596491228070173,0.1731940818102698
YHR153C,-1,-30.078347638249397,-4141.4521270394325,0.035483870967741936,0.38596491228070173,0.1734841891499855
YBR266C,0,-30.093986496329308,-3185.9797973632812,0.035483870967741936,0.38596491228070173,0.1734841891499855
YER183C,1,-30.097204092890024,-4224.190119277686,0.037037037037037035,0.40350877192982454,0.1734841891499855
YMR153W,-1,-30.098572909832,-4324.433488726616,0.03697749196141479,0.40350877192982454,0.1737742964897012
YFR037C,-1,-30.109395012259483,-4325.682543218136,0.03691813804173355,0.40350877192982454,0.17406440382941687
YHR165C,-1,-30.141280248761177,-4335.825052917004,0.03685897435897436,0.40350877192982454,0.1743545111691326
YBR041W,-1,-30.141805231571198,-3441.5604648143053,0.0368,0.40350877192982454,0.17464461850884827
YGL243W,-1,-30.167710319161415,-4543.584047198296,0.036741214057507986,0.40350877192982454,0.17493472584856398
YLR443W,0,-30.168065145611763,-3510.3029311299324,0.036741214057507986,0.40350877192982454,0.17493472584856398
YGL057C,0,-30.170198306441307,-3553.186793267727,0.036741214057507986,0.40350877192982454,0.17493472584856398
YDR210W,0,-30.180650010704994,-3680.871887356043,0.036741214057507986,0.40350877192982454,0.17493472584856398
YBR087W,-1,-30.199805557727814,-3750.506095841527,0.03668261562998405,0.40350877192982454,0.17522483318827967
YIL008W,-1,-30.232317686080933,-4385.165917143226,0.03662420382165605,0.40350877192982454,0.17551494052799535
YJR024C,0,-30.284199073910713,-4053.4394313097,0.03662420382165605,0.40350877192982454,0.17551494052799535
YMR192W,-1,-30.29574953019619,-3472.3058326542377,0.03656597774244833,0.40350877192982454,0.17580504786771106
YBL093C,-1,-30.300268173217773,-4187.304930463433,0.03650793650793651,0.40350877192982454,0.17609515520742675
YDR079C-A,-1,-30.338688910007477,-3345.9888882786036,0.03645007923930269,0.40350877192982454,0.17638526254714243
YGR012W,0,-30.33885133266449,-3129.0972576141357,0.03645007923930269,0.40350877192982454,0.17638526254714243
YLR220W,-1,-30.38827356696129,-3750.568609431386,0.03639240506329114,0.40350877192982454,0.17667536988685814
YBR172C,0,-30.403214022517204,-4722.4078855365515,0.03639240506329114,0.40350877192982454,0.17667536988685814
YBR243C,-1,-30.408899173140526,-3579.4241887927055,0.036334913112164295,0.40350877192982454,0.17696547722657383
YKR078W,0,-30.41653150320053,-3192.038212567568,0.036334913112164295,0.40350877192982454,0.17696547722657383
YHR142W,-1,-30.434806182980537,-4165.73498596251,0.03627760252365931,0.40350877192982454,0.17725558456628954
YLR057W,0,-30.471953704953194,-3369.184214025736,0.03627760252365931,0.40350877192982454,0.17725558456628954
YBR219C,0,-30.47547072172165,-3272.0875800549984,0.03627760252365931,0.40350877192982454,0.17725558456628954
YPR161C,-1,-30.47982268035412,-3622.8014946728945,0.03622047244094488,0.40350877192982454,0.17754569190600522
YLR348C,-1,-30.483507931232452,-4238.9079248309135,0.036163522012578615,0.40350877192982454,0.1778357992457209
YOR127W,-1,-30.54310481250286,-3798.279779046774,0.03610675039246468,0.40350877192982454,0.17812590658543662
YBR058C,-1,-30.553587272763252,-3766.6172016710043,0.03605015673981191,0.40350877192982454,0.1784160139251523
YMR260C,-1,-30.559750720858574,-3803.3671077489853,0.03599374021909233,0.40350877192982454,0.178706121264868
YPR175W,-1,-30.59018023312092,-4826.878558278084,0.0359375,0.40350877192982454,0.1789962286045837
YEL054C,-1,-30.595458820462227,-4026.4157352149487,0.0358814352574103,0.40350877192982454,0.17928633594429938
YAR002W,0,-30.608571410179138,-4420.312073707581,0.0358814352574103,0.40350877192982454,0.17928633594429938
YML045W,-1,-30.619797378778458,-3165.1283852756023,0.03582554517133956,0.40350877192982454,0.1795764432840151
YLR353W,-1,-30.6402979940176,-4002.9339390695095,0.03576982892690513,0.40350877192982454,0.17986655062373078
YCR002C,-1,-30.65792529284954,-3773.897343531251,0.03571428571428571,0.40350877192982454,0.1801566579634465
YER168C,-1,-30.66844742000103,-4314.190936237574,0.03565891472868217,0.40350877192982454,0.18044676530316217
YBR238C,-1,-30.702854484319687,-3310.880176573992,0.03560371517027864,0.40350877192982454,0.18073687264287785
YPL143W,0,-30.74440209567547,-3771.638443186879,0.03560371517027864,0.40350877192982454,0.18073687264287785
YGR296W,-1,-30.764686703681946,-3240.386873871088,0.03554868624420402,0.40350877192982454,0.18102697998259357
YPR135W,-1,-30.765031322836876,-3848.275643289089,0.035493827160493825,0.40350877192982454,0.18131708732230925
YBR031W,0,-30.780152589082718,-4007.085022866726,0.035493827160493825,0.40350877192982454,0.18131708732230925
YBR288C,0,-30.78745959699154,-3720.6260499060154,0.035493827160493825,0.40350877192982454,0.18131708732230925
YML061C,-1,-30.788595125079155,-4073.073722422123,0.03543913713405239,0.40350877192982454,0.18160719466202496
YOR094W,-1,-30.801914021372795,-4771.4198615550995,0.03538461538461538,0.40350877192982454,0.18189730200174065
YKL125W,-1,-30.806803956627846,-4239.825290843844,0.03533026113671275,0.40350877192982454,0.18218740934145633
YIL142W,-1,-30.8187315762043,-5432.1089680194855,0.0352760736196319,0.40350877192982454,0.18247751668117204
YBR074W,0,-30.831592589616776,-4119.924540922046,0.0352760736196319,0.40350877192982454,0.18247751668117204
YOL094C,-1,-30.83854289352894,-4511.311252713203,0.03522205206738132,0.40350877192982454,0.18276762402088773
YLR104W,0,-30.85673350095749,-3618.5194089114666,0.03522205206738132,0.40350877192982454,0.18276762402088773
YBR244W,-1,-30.87533813714981,-3621.910031363368,0.035168195718654434,0.40350877192982454,0.1830577313606034
YMR176W,0,-30.895888656377792,-3888.596725985408,0.035168195718654434,0.40350877192982454,0.1830577313606034
YOR330C,-1,-30.90596367418766,-3749.957997754216,0.035114503816793895,0.40350877192982454,0.18334783870031912
YDR047W,0,-30.911788165569305,-4063.4730704575777,0.035114503816793895,0.40350877192982454,0.18334783870031912
YDL052C,-1,-30.92320868372917,-3839.711586549878,0.0350609756097561,0.40350877192982454,0.1836379460400348
YPR022C,-1,-30.940561771392822,-3202.0099861323833,0.0350076103500761,0.40350877192982454,0.18392805337975052
YLR285W,-1,-30.948536038398743,-4435.536488816142,0.034954407294832825,0.40350877192982454,0.1842181607194662
YDR489W,-1,-30.950575307011604,-4340.247190147638,0.03490136570561457,0.40350877192982454,0.18450826805918188
YJR066W,-1,-30.972285136580467,-3694.671441450715,0.03484848484848485,0.40350877192982454,0.1847983753988976
YGR138C,-1,-30.979188233613968,-2961.5002295821905,0.03479576399394856,0.40350877192982454,0.18508848273861328
YNL065W,-1,-30.980414390563965,-4375.950523763895,0.03474320241691843,0.40350877192982454,0.185378590078329
YJL209W,-1,-30.9832401573658,-4111.9224480986595,0.03469079939668175,0.40350877192982454,0.18566869741804468
YDR235W,-1,-31.007988795638084,-3676.6703682094812,0.03463855421686747,0.40350877192982454,0.18595880475776036
YJL090C,-1,-31.012924671173096,-4512.037996336818,0.03458646616541353,0.40350877192982454,0.18624891209747607
YIL115C,-1,-31.013133719563484,-4901.054464325309,0.03453453453453453,0.40350877192982454,0.18653901943719176
YLR058C,0,-31.02170518040657,-3119.6516442894936,0.03453453453453453,0.40350877192982454,0.18653901943719176
YDR144C,0,-31.047419607639313,-4606.290193676949,0.03453453453453453,0.40350877192982454,0.18653901943719176
YGR074W,-1,-31.06854297220707,-4448.96781167388,0.034482758620689655,0.40350877192982454,0.18682912677690747
YBR166C,0,-31.070728853344917,-3541.6073896735907,0.034482758620689655,0.40350877192982454,0.18682912677690747
YGL256W,0,-31.074493020772934,-3600.388828083873,0.034482758620689655,0.40350877192982454,0.18682912677690747
YLL036C,-1,-31.07948760688305,-4522.3999730199575,0.0344311377245509,0.40350877192982454,0.18711923411662315
YDR352W,-1,-31.092609405517578,-3341.0784408152103,0.0343796711509716,0.40350877192982454,0.18740934145633883
YKR035W-A,-1,-31.108954027295113,-3783.1994112432003,0.034328358208955224,0.40350877192982454,0.18769944879605455
YOR260W,-1,-31.109880670905113,-4444.671734303236,0.03427719821162444,0.40350877192982454,0.18798955613577023
YLR116W,-1,-31.112530648708344,-3937.758360877633,0.03422619047619048,0.40350877192982454,0.18827966347548594
YDR257C,0,-31.118961334228516,-3877.4125004559755,0.03422619047619048,0.40350877192982454,0.18827966347548594
YLL014W,0,-31.121495306491852,-3313.2387559115887,0.03422619047619048,0.40350877192982454,0.18827966347548594
YMR312W,-1,-31.12630946934223,-4340.85024766624,0.03417533432392273,0.40350877192982454,0.18856977081520163
YLR138W,-1,-31.132860332727432,-3699.860180646181,0.03412462908011869,0.40350877192982454,0.1888598781549173
YEL026W,-1,-31.144593611359596,-3957.3707650005817,0.034074074074074076,0.40350877192982454,0.18914998549463302
YGR083C,-1,-31.198134198784828,-4673.608168154955,0.034023668639053255,0.40350877192982454,0.1894400928343487
YDL007W,-1,-31.201399236917496,-4010.3021764606237,0.033973412112259974,0.40350877192982454,0.18973020017406442
YKL164C,0,-31.234463647007942,-3421.6599656641483,0.033973412112259974,0.40350877192982454,0.18973020017406442
YJL192C,0,-31.252233505249023,-3721.9771475344896,0.033973412112259974,0.40350877192982454,0.18973020017406442
YML103C,0,-31.26183447241783,-4547.3258856236935,0.033973412112259974,0.40350877192982454,0.18973020017406442
YKR042W,-1,-31.26704141497612,-3381.2643411308527,0.03392330383480826,0.40350877192982454,0.1900203075137801
YDR390C,-1,-31.27080550789833,-5135.697015419602,0.033873343151693665,0.40350877192982454,0.19031041485349579
YPL138C,0,-31.29033073782921,-3973.52883541584,0.033873343151693665,0.40350877192982454,0.19031041485349579
YOR304W,-1,-31.292694956064224,-3589.4061945974827,0.033823529411764704,0.40350877192982454,0.1906005221932115
YNL118C,-1,-31.294088020920753,-3811.574906334281,0.033773861967694566,0.40350877192982454,0.19089062953292718
YDR007W,0,-31.295640096068382,-3198.3174859136343,0.033773861967694566,0.40350877192982454,0.19089062953292718
YMR214W,-1,-31.300609186291695,-3961.3104741871357,0.03372434017595308,0.40350877192982454,0.19118073687264286
YPL061W,-1,-31.332321360707283,-4223.123363599181,0.03367496339677892,0.40350877192982454,0.19147084421235858
YDL191W,0,-31.334789142012596,-4073.519226908684,0.03367496339677892,0.40350877192982454,0.19147084421235858
YDL240W,0,-31.345168590545654,-4080.07839807868,0.03367496339677892,0.40350877192982454,0.19147084421235858
YPL160W,-1,-31.38100714981556,-3982.9989823549986,0.033625730994152045,0.40350877192982454,0.19176095155207426
YBL027W,0,-31.384270176291466,-4018.496814355254,0.033625730994152045,0.40350877192982454,0.19176095155207426
YCR033W,-1,-31.385157972574234,-3631.541664212942,0.033576642335766425,0.40350877192982454,0.19205105889178997
YDR302W,-1,-31.38636665046215,-4714.5748934447765,0.033527696793002916,0.40350877192982454,0.19234116623150566
YOL052C,0,-31.386438980698586,-4412.519739538431,0.033527696793002916,0.40350877192982454,0.19234116623150566
YFL035C-B,-1,-31.3989200592041,-3211.819611340761,0.033478893740902474,0.40350877192982454,0.19263127357122134
YGR187C,0,-31.429436340928078,-4136.396396383643,0.033478893740902474,0.40350877192982454,0.19263127357122134
YCR028C,-1,-31.44190549850464,-3636.096290230751,0.03343023255813953,0.40350877192982454,0.19292138091093705
YIL139C,-1,-31.46052524447441,-3654.4613063782454,0.033381712626995644,0.40350877192982454,0.19321148825065274
YDL122W,-1,-31.482530400156975,-3878.308593213558,0.03333333333333333,0.40350877192982454,0.19350159559036845
YNL230C,-1,-31.490394428372383,-3464.2307875454426,0.03328509406657019,0.40350877192982454,0.19379170293008413
YJL018W,-1,-31.501540035009384,-3206.3318034112453,0.033236994219653176,0.40350877192982454,0.19408181026979981
YGR049W,0,-31.50180794298649,-4050.5836052298546,0.033236994219653176,0.40350877192982454,0.19408181026979981
YHR069C,-1,-31.54177026450634,-6984.125797450542,0.03318903318903319,0.40350877192982454,0.19437191760951553
YOR241W,0,-31.55275969207287,-4806.501853257418,0.03318903318903319,0.40350877192982454,0.19437191760951553
YNL206C,-1,-31.552900210022926,-4443.749538838863,0.03314121037463977,0.40350877192982454,0.1946620249492312
YKL128C,0,-31.56090784072876,-3483.84896081686,0.03314121037463977,0.40350877192982454,0.1946620249492312
YCR043C,0,-31.575886636972427,-3510.038317605853,0.03314121037463977,0.40350877192982454,0.1946620249492312
YJR007W,-1,-31.577125877141953,-3987.9446709901094,0.033093525179856115,0.40350877192982454,0.19495213228894692
YKL212W,-1,-31.59043662250042,-3747.367700830102,0.033045977011494254,0.40350877192982454,0.1952422396286626
YGR102C,0,-31.603510469198227,-3069.9056565761566,0.033045977011494254,0.40350877192982454,0.1952422396286626
YJR129C,-1,-31.608501851558685,-3316.479305535555,0.03299856527977044,0.40350877192982454,0.1955323469683783
YDR240C,-1,-31.615916937589645,-3688.34642110765,0.0329512893982808,0.40350877192982454,0.195822454308094
YMR045C,-1,-31.65953493118286,-3149.7237414717674,0.032904148783977114,0.40350877192982454,0.19611256164780969
YFL008W,-1,-31.66088706254959,-4126.511903002858,0.032857142857142856,0.40350877192982454,0.1964026689875254
YGL124C,0,-31.66239021718502,-4121.440353870392,0.032857142857142856,0.40350877192982454,0.1964026689875254
YHR203C,0,-31.66260799765587,-3896.1827688515186,0.032857142857142856,0.40350877192982454,0.1964026689875254
YJL092W,-1,-31.66360303759575,-4309.27903431654,0.03281027104136947,0.40350877192982454,0.19669277632724108
YOR153W,0,-31.682793378829956,-4343.984775215387,0.03281027104136947,0.40350877192982454,0.19669277632724108
YLR100W,-1,-31.683841690421104,-3978.9176695793867,0.03276353276353276,0.40350877192982454,0.19698288366695677
YMR277W,-1,-31.686966195702553,-4464.1154100596905,0.032716927453769556,0.40350877192982454,0.19727299100667248
YGR222W,-1,-31.687604874372482,-4041.711601242423,0.032670454545454544,0.40350877192982454,0.19756309834638816
YBR215W,-1,-31.7143581956625,-3861.8399184048176,0.032624113475177303,0.40350877192982454,0.19785320568610384
YKL022C,-1,-31.730100467801094,-4105.747674539685,0.032577903682719546,0.40350877192982454,0.19814331302581956
YMR050C,-1,-31.733430415391922,-3287.870087981224,0.03253182461103253,0.40350877192982454,0.19843342036553524
YLR246W,0,-31.73968107998371,-3732.3743011802435,0.03253182461103253,0.40350877192982454,0.19843342036553524
YIL046W,-1,-31.750630393624306,-3729.080663099885,0.03248587570621469,0.40350877192982454,0.19872352770525095
YKR096W,0,-31.76319968700409,-3294.2598786354065,0.03248587570621469,0.40350877192982454,0.19872352770525095
YNR027W,-1,-31.770864471793175,-4394.154085472226,0.03244005641748942,0.40350877192982454,0.19901363504496664
YBR091C,1,-31.78904977440834,-4167.018198683858,0.03380281690140845,0.42105263157894735,0.19901363504496664
YDR051C,-1,-31.815550535917282,-4015.278147816658,0.03375527426160337,0.42105263157894735,0.19930374238468232
YDR158W,0,-31.85006609559059,-3170.8434633612633,0.03375527426160337,0.42105263157894735,0.19930374238468232
YHR002W,-1,-31.868623360991478,-4011.9825166612864,0.033707865168539325,0.42105263157894735,0.19959384972439803
YCR028C-A,-1,-31.899138301610947,-4262.395392000675,0.033660589060308554,0.42105263157894735,0.19988395706411372
YDR469W,0,-31.903971284627914,-4562.091419056058,0.033660589060308554,0.42105263157894735,0.19988395706411372
YOR389W,0,-31.907687664031982,-3250.260677367449,0.033660589060308554,0.42105263157894735,0.19988395706411372
YBR058C-A,-1,-31.909793108701706,-3875.033965677023,0.03361344537815126,0.42105263157894735,0.20017406440382943
YPL079W,0,-31.912874698638916,-4342.990207210183,0.03361344537815126,0.42105263157894735,0.20017406440382943
YPL227C,-1,-31.919345006346703,-4284.658263340592,0.033566433566433566,0.42105263157894735,0.2004641717435451
YDR316W,0,-31.923511773347855,-4016.393505617976,0.033566433566433566,0.42105263157894735,0.2004641717435451
YMR194W,0,-31.924887716770172,-4165.015549451113,0.033566433566433566,0.42105263157894735,0.2004641717435451
YNR057C,0,-31.93184207379818,-3511.5732657313347,0.033566433566433566,0.42105263157894735,0.2004641717435451
YDR170C,0,-31.935983151197433,-3854.65559668839,0.033566433566433566,0.42105263157894735,0.2004641717435451
YPR133C,-1,-31.944797694683075,-4501.737764060497,0.0335195530726257,0.42105263157894735,0.2007542790832608
YJL049W,0,-31.95139041543007,-3393.2805343568325,0.0335195530726257,0.42105263157894735,0.2007542790832608
YML055W,0,-31.951628640294075,-3984.0704670250416,0.0335195530726257,0.42105263157894735,0.2007542790832608
YLR439W,-1,-31.965249001979828,-4342.5165808051825,0.03347280334728033,0.42105263157894735,0.2010443864229765
YPR114W,0,-31.9837244451046,-3778.5515116006136,0.03347280334728033,0.42105263157894735,0.2010443864229765
YCR060W,-1,-31.987515553832054,-4286.403445005417,0.033426183844011144,0.42105263157894735,0.2013344937626922
YDR243C,-1,-32.045339182019234,-3805.8250034600496,0.03337969401947149,0.42105263157894735,0.2016246011024079
YKR064W,-1,-32.05500875413418,-3832.7193128168583,0.03333333333333333,0.42105263157894735,0.20191470844212359
YPR183W,-1,-32.07854583859444,-3545.3489748835564,0.033287101248266296,0.42105263157894735,0.20220481578183927
YKL069W,-1,-32.082017719745636,-3789.583383306861,0.0332409972299169,0.42105263157894735,0.20249492312155498
YGR229C,-1,-32.08389592170715,-4335.679328858852,0.03319502074688797,0.42105263157894735,0.20278503046127067
YNL268W,-1,-32.08532257378101,-3510.1406034082174,0.03314917127071823,0.42105263157894735,0.20307513780098638
YAL009W,-1,-32.089904487133026,-3888.5715689212084,0.03310344827586207,0.42105263157894735,0.20336524514070206
YDL075W,0,-32.09040683507919,-4100.935203939676,0.03310344827586207,0.42105263157894735,0.20336524514070206
YER076C,0,-32.09733992815018,-3311.764409124851,0.03310344827586207,0.42105263157894735,0.20336524514070206
YOR312C,0,-32.09897215664387,-4139.64070597291,0.03310344827586207,0.42105263157894735,0.20336524514070206
YLL017W,0,-32.104991257190704,-3693.9907582700253,0.03310344827586207,0.42105263157894735,0.20336524514070206
YFR009W,-1,-32.11179307103157,-4257.299115374684,0.03305785123966942,0.42105263157894735,0.20365535248041775
YOR346W,-1,-32.11580903828144,-4065.9917767345905,0.033012379642365884,0.42105263157894735,0.20394545982013346
YIL067C,0,-32.117204159498215,-3356.9686837494373,0.033012379642365884,0.42105263157894735,0.20394545982013346
YPL047W,-1,-32.12229669094086,-4357.920585185289,0.03296703296703297,0.42105263157894735,0.20423556715984914
YPL184C,0,-32.1252007484436,-3332.810453146696,0.03296703296703297,0.42105263157894735,0.20423556715984914
YGL215W,0,-32.125968381762505,-3377.465072467923,0.03296703296703297,0.42105263157894735,0.20423556715984914
YHR070W,-1,-32.13429808616638,-4681.214083120227,0.03292181069958848,0.42105263157894735,0.20452567449956485
YER029C,-1,-32.1353173404932,-4456.7053241580725,0.03287671232876712,0.42105263157894735,0.20481578183928054
YPR122W,-1,-32.144222781062126,-3321.31143848598,0.03283173734610123,0.42105263157894735,0.20510588917899622
YBL018C,-1,-32.15306454896927,-4482.161918848753,0.03278688524590164,0.42105263157894735,0.20539599651871193
YDR210C-C,-1,-32.156170308589935,-3222.6574872136116,0.03274215552523874,0.42105263157894735,0.20568610385842762
YGR172C,0,-32.16197167336941,-3799.6186844855547,0.03274215552523874,0.42105263157894735,0.20568610385842762
YNL220W,0,-32.16324959695339,-3510.474194303155,0.03274215552523874,0.42105263157894735,0.20568610385842762
YGL041C-B,0,-32.16447472572327,-3219.0839135050774,0.03274215552523874,0.42105263157894735,0.20568610385842762
YOR032W-A,0,-32.16447478532791,-3219.0839135050774,0.03274215552523874,0.42105263157894735,0.20568610385842762
YDR210W-C,-1,-32.164474844932556,-3219.0839135050774,0.0326975476839237,0.42105263157894735,0.2059762111981433
YMR247W-A,0,-32.1644749045372,-3219.0839135050774,0.0326975476839237,0.42105263157894735,0.2059762111981433
YER053C-A,0,-32.1644749045372,-3219.0839135050774,0.0326975476839237,0.42105263157894735,0.2059762111981433
YER159C-A,-1,-32.17172574996948,-3226.024417221546,0.0326530612244898,0.42105263157894735,0.206266318537859
YML125C,0,-32.173434764146805,-4659.156825825572,0.0326530612244898,0.42105263157894735,0.206266318537859
YOR224C,1,-32.194401532411575,-4144.98288962245,0.033967391304347824,0.43859649122807015,0.206266318537859
YGL027C,-1,-32.197020307183266,-3841.902015775442,0.033921302578018994,0.43859649122807015,0.2065564258775747
YOL116W,-1,-32.19720087945461,-3894.9042254835367,0.03387533875338753,0.43859649122807015,0.2068465332172904
YIL131C,-1,-32.21318584680557,-4221.197179168463,0.03382949932341001,0.43859649122807015,0.2071366405570061
YPL257W-B,-1,-32.23969256877899,-3223.6018201708794,0.033783783783783786,0.43859649122807015,0.20742674789672177
YLR249W,-1,-32.241278514266014,-4246.038439378142,0.033738191632928474,0.43859649122807015,0.2077168552364375
YGR015C,0,-32.24260851740837,-3438.849671512842,0.033738191632928474,0.43859649122807015,0.2077168552364375
YIL138C,-1,-32.25208692252636,-4051.168572589755,0.03369272237196765,0.43859649122807015,0.20800696257615317
YOR192C-B,-1,-32.2591558098793,-3224.725820362568,0.033647375504710635,0.43859649122807015,0.20829706991586888
YKL199C,-1,-32.273129373788834,-3232.7342701256275,0.033602150537634407,0.43859649122807015,0.20858717725558457
YOR142W-B,-1,-32.27895629405975,-3224.465733706951,0.03355704697986577,0.43859649122807015,0.20887728459530025
YBR296C,-1,-32.288553565740585,-3784.464924454689,0.03351206434316354,0.43859649122807015,0.20916739193501596
YGR038C-B,-1,-32.288761138916016,-3225.1226046085358,0.03346720214190094,0.43859649122807015,0.20945749927473165
YLR410W-A,-1,-32.295797526836395,-3224.664584696293,0.03342245989304813,0.43859649122807015,0.20974760661444736
YIR004W,-1,-32.29727487266064,-4356.271844953299,0.03337783711615487,0.43859649122807015,0.21003771395416304
YNL192W,0,-32.32323186099529,-3995.9552786797285,0.03337783711615487,0.43859649122807015,0.21003771395416304
YPL069C,-1,-32.32414151728153,-4642.9829120785,0.03333333333333333,0.43859649122807015,0.21032782129387873
YHR072W,-1,-32.342311561107635,-4255.9503914266825,0.033288948069241014,0.43859649122807015,0.21061792863359444
YNL162W,0,-32.34630063176155,-3967.290729880333,0.033288948069241014,0.43859649122807015,0.21061792863359444
YMR033W,-1,-32.34735791385174,-4458.183957263827,0.03324468085106383,0.43859649122807015,0.21090803597331012
YML123C,-1,-32.358250856399536,-4036.860651910305,0.033200531208499334,0.43859649122807015,0.21119814331302583
YMR228W,-1,-32.374156311154366,-4748.82606613636,0.033156498673740056,0.43859649122807015,0.21148825065274152
YIL129C,0,-32.384657591581345,-3683.875308096409,0.033156498673740056,0.43859649122807015,0.21148825065274152
YBR012W-A,-1,-32.38906428217888,-3278.9794223606586,0.033112582781456956,0.43859649122807015,0.2117783579924572
YNL295W,0,-32.3938230574131,-3330.0818089544773,0.033112582781456956,0.43859649122807015,0.2117783579924572
YPR125W,-1,-32.406896844506264,-4348.38252864778,0.03306878306878307,0.43859649122807015,0.2120684653321729
YFL034W,0,-32.41062617301941,-3641.0467568039894,0.03306878306878307,0.43859649122807015,0.2120684653321729
YJL062W-A,0,-32.44047212600708,-3226.045026063919,0.03306878306878307,0.43859649122807015,0.2120684653321729
YBL095W,0,-32.451777547597885,-3236.1991359889507,0.03306878306878307,0.43859649122807015,0.2120684653321729
YDL108W,-1,-32.4958718419075,-4116.3310634195805,0.03302509907529723,0.43859649122807015,0.2123585726718886
YNL056W,-1,-32.50752829015255,-3469.3962177336216,0.032981530343007916,0.43859649122807015,0.2126486800116043
YDL063C,0,-32.51865988969803,-3953.5963144004345,0.032981530343007916,0.43859649122807015,0.2126486800116043
YDL093W,-1,-32.53991986811161,-3946.7083069980145,0.03293807641633729,0.43859649122807015,0.21293878735132
YBL042C,0,-32.54316361248493,-4772.353386044502,0.03293807641633729,0.43859649122807015,0.21293878735132
YAR014C,-1,-32.545798897743225,-4211.563479304314,0.03289473684210526,0.43859649122807015,0.21322889469103568
YPL141C,-1,-32.54842960834503,-3422.3387770056725,0.0328515111695138,0.43859649122807015,0.2135190020307514
YML113W,-1,-32.55441457033157,-4367.460287481546,0.03280839895013123,0.43859649122807015,0.21380910937046707
YLL064C,0,-32.55666643381119,-3313.4328134059906,0.03280839895013123,0.43859649122807015,0.21380910937046707
YDL155W,-1,-32.56484843790531,-4639.840199783444,0.0327653997378768,0.43859649122807015,0.21409921671018275
YLR168C,0,-32.56650494039059,-4049.8804370611906,0.0327653997378768,0.43859649122807015,0.21409921671018275
YJR090C,-1,-32.56716872751713,-3826.46107134223,0.032722513089005235,0.43859649122807015,0.21438932404989847
YGR150C,0,-32.61102430522442,-3640.8628123253584,0.032722513089005235,0.43859649122807015,0.21438932404989847
YOR340C,-1,-32.61146055907011,-5218.961369436234,0.032679738562091505,0.43859649122807015,0.21467943138961415
YPL062W,0,-32.61290356516838,-3426.9095505177975,0.032679738562091505,0.43859649122807015,0.21467943138961415
YJR145C,0,-32.61687232553959,-3843.9952232837677,0.032679738562091505,0.43859649122807015,0.21467943138961415
YOL137W,-1,-32.63867698609829,-4442.936150044203,0.03263707571801567,0.43859649122807015,0.21496953872932986
YNL147W,-1,-32.647574707865715,-4989.451919421554,0.03259452411994785,0.43859649122807015,0.21525964606904555
YDR073W,-1,-32.64826878905296,-3936.957793444395,0.032552083333333336,0.43859649122807015,0.21554975340876123
YDR086C,-1,-32.649717196822166,-4268.213433936238,0.032509752925877766,0.43859649122807015,0.21583986074847694
YCR087C-A,0,-32.65275603532791,-4004.980822712183,0.032509752925877766,0.43859649122807015,0.21583986074847694
YDL013W,0,-32.65369416773319,-4356.211955964565,0.032509752925877766,0.43859649122807015,0.21583986074847694
YNL124W,-1,-32.65887409448624,-4666.880450591445,0.032467532467532464,0.43859649122807015,0.21612996808819263
YLR185W,0,-32.67377454042435,-4111.861245825887,0.032467532467532464,0.43859649122807015,0.21612996808819263
YCR094W,-1,-32.69066949188709,-4655.4316891133785,0.0324254215304799,0.43859649122807015,0.21642007542790834
YPR009W,-1,-32.69349938631058,-4560.060455456376,0.03238341968911917,0.43859649122807015,0.21671018276762402
YLR154C,-1,-32.693950176239014,-5105.491572439671,0.03234152652005175,0.43859649122807015,0.2170002901073397
YEL016C,-1,-32.72001948952675,-3717.5685011446476,0.03229974160206718,0.43859649122807015,0.21729039744705542
YDR268W,-1,-32.7222835868597,-3919.094522282481,0.03225806451612903,0.43859649122807015,0.2175805047867711
YMR112C,-1,-32.72941072285175,-5118.343987077475,0.03221649484536082,0.43859649122807015,0.2178706121264868
YIL079C,-1,-32.731072038412094,-4635.544353701174,0.032175032175032175,0.43859649122807015,0.2181607194662025
YBR261C,-1,-32.73676075041294,-4424.9325755387545,0.032133676092544985,0.43859649122807015,0.21845082680591818
YOL086W-A,0,-32.74757930636406,-3243.5382416546345,0.032133676092544985,0.43859649122807015,0.21845082680591818
YIL009W,-1,-32.75191208720207,-4458.856797620654,0.03209242618741977,0.43859649122807015,0.2187409341456339
YOR103C,-1,-32.756872460246086,-3872.6004614830017,0.03205128205128205,0.43859649122807015,0.21903104148534958
YOR298W,-1,-32.779853865504265,-3502.069818586111,0.03201024327784891,0.43859649122807015,0.2193211488250653
YGL232W,-1,-32.78083357214928,-4346.12607781589,0.0319693094629156,0.43859649122807015,0.21961125616478097
YDL002C,-1,-32.78194133937359,-3853.9433669298887,0.031928480204342274,0.43859649122807015,0.21990136350449666
YMR230W,0,-32.81488122045994,-4240.412887617946,0.031928480204342274,0.43859649122807015,0.21990136350449666
YLR132C,-1,-32.81535679101944,-3499.48655551672,0.03188775510204082,0.43859649122807015,0.22019147084421237
YDL176W,0,-32.83307087421417,-3453.617923051119,0.03188775510204082,0.43859649122807015,0.22019147084421237
YBR121C,-1,-32.86382457613945,-4148.424804881215,0.03184713375796178,0.43859649122807015,0.22048157818392805
YBR102C,-1,-32.869753241539,-4111.092639893293,0.031806615776081425,0.43859649122807015,0.22077168552364373
YOR216C,0,-32.906061217188835,-4911.702535018325,0.031806615776081425,0.43859649122807015,0.22077168552364373
YKR021W,0,-32.91026568412781,-4196.6392830610275,0.031806615776081425,0.43859649122807015,0.22077168552364373
YHR026W,-1,-32.923927783966064,-3327.3901800513268,0.03176620076238882,0.43859649122807015,0.22106179286335945
YBL021C,-1,-32.93843127787113,-4320.917905434966,0.031725888324873094,0.43859649122807015,0.22135190020307513
YPL081W,-1,-32.93931604921818,-4611.612985342741,0.031685678073510776,0.43859649122807015,0.22164200754279084
YHL033C,0,-32.94980525970459,-4117.194434791803,0.031685678073510776,0.43859649122807015,0.22164200754279084
YAL044C,0,-32.9856781065464,-3434.2131618261337,0.031685678073510776,0.43859649122807015,0.22164200754279084
YGR094W,-1,-33.00090849399567,-4188.419307470322,0.03164556962025317,0.43859649122807015,0.22193211488250653
YDL064W,-1,-33.01807713508606,-4502.889674395323,0.0316055625790139,0.43859649122807015,0.2222222222222222
YGR208W,0,-33.01951318979263,-4403.653020486236,0.0316055625790139,0.43859649122807015,0.2222222222222222
YLR214W,-1,-33.02535602450371,-3910.427935704589,0.03156565656565657,0.43859649122807015,0.22251232956193792
YJR014W,-1,-33.026463001966476,-4696.241787239909,0.031525851197982346,0.43859649122807015,0.2228024369016536
YLR191W,-1,-33.02926644682884,-4283.785447284579,0.031486146095717885,0.43859649122807015,0.22309254424136932
YPR180W,0,-33.036753103137016,-3973.1995711028576,0.031486146095717885,0.43859649122807015,0.22309254424136932
YKR070W,0,-33.03960037231445,-3185.7335695922375,0.031486146095717885,0.43859649122807015,0.22309254424136932
YIL147C,-1,-33.0436914563179,-3912.5966744720936,0.031446540880503145,0.43859649122807015,0.223382651581085
YGR241C,-1,-33.082096979022026,-4392.830334484577,0.031407035175879394,0.43859649122807015,0.22367275892080069
YOR171C,-1,-33.08733858168125,-3745.5419145077467,0.03136762860727729,0.43859649122807015,0.2239628662605164
YNL161W,-1,-33.09679672122002,-3889.4343477785587,0.03132832080200501,0.43859649122807015,0.22425297360023208
YMR142C,0,-33.11293368041515,-4538.877841666341,0.03132832080200501,0.43859649122807015,0.22425297360023208
YGR047C,1,-33.129459232091904,-5205.68411308527,0.03254067584480601,0.45614035087719296,0.22425297360023208
YML046W,-1,-33.1456238925457,-4592.258516997099,0.0325,0.45614035087719296,0.2245430809399478
YAL047C,-1,-33.16231705248356,-4128.076749414206,0.03245942571785269,0.45614035087719296,0.22483318827966348
YGR169C,-1,-33.16747164726257,-4200.747536182404,0.032418952618453865,0.45614035087719296,0.22512329561937916
YMR221C,0,-33.177616983652115,-3271.6036574542522,0.032418952618453865,0.45614035087719296,0.22512329561937916
YNL181W,0,-33.20796012878418,-4019.935962498188,0.032418952618453865,0.45614035087719296,0.22512329561937916
YGL226W,0,-33.255515202879906,-4210.469743058085,0.032418952618453865,0.45614035087719296,0.22512329561937916
YKR086W,-1,-33.264071092009544,-4348.690876215696,0.0323785803237858,0.45614035087719296,0.22541340295909487
YBL067C,-1,-33.27073214948177,-3820.8478738218546,0.03233830845771144,0.45614035087719296,0.22570351029881056
YDR424C,0,-33.28156988322735,-4085.506677210331,0.03233830845771144,0.45614035087719296,0.22570351029881056
YJR072C,0,-33.282519429922104,-7691.706632569432,0.03233830845771144,0.45614035087719296,0.22570351029881056
YJL176C,0,-33.282565861940384,-4144.779614314437,0.03233830845771144,0.45614035087719296,0.22570351029881056
YOR126C,-1,-33.288080394268036,-4264.420101955533,0.03229813664596273,0.45614035087719296,0.22599361763852627
YLR441C,-1,-33.31770174205303,-4709.253805220127,0.03225806451612903,0.45614035087719296,0.22628372497824195
YML127W,-1,-33.32266937196255,-3657.726409867406,0.0322180916976456,0.45614035087719296,0.22657383231795764
YML106W,0,-33.33061257004738,-4233.088282182813,0.0322180916976456,0.45614035087719296,0.22657383231795764
YNL329C,-1,-33.34132032096386,-4097.222242131829,0.03217821782178218,0.45614035087719296,0.22686393965767335
YIL004C,0,-33.342870861291885,-5164.698708489537,0.03217821782178218,0.45614035087719296,0.22686393965767335
YGR283C,0,-33.343336313962936,-3941.2163068056107,0.03217821782178218,0.45614035087719296,0.22686393965767335
YMR034C,-1,-33.344617038965225,-3277.9928216338158,0.032138442521631644,0.45614035087719296,0.22715404699738903
YJL117W,-1,-33.347791984677315,-3995.0036638081074,0.03209876543209877,0.45614035087719296,0.22744415433710474
YJR057W,-1,-33.35182128846645,-4823.311216980219,0.032059186189889025,0.45614035087719296,0.22773426167682043
YDR545W,-1,-33.365055814385414,-3632.309191375971,0.03201970443349754,0.45614035087719296,0.2280243690165361
YLR342W,-1,-33.371793642640114,-3248.2977672815323,0.03198031980319803,0.45614035087719296,0.22831447635625182
YJR015W,0,-33.379034250974655,-3404.0328743755817,0.03198031980319803,0.45614035087719296,0.22831447635625182
YER145C,-1,-33.386578157544136,-4635.924788758159,0.03194103194103194,0.45614035087719296,0.2286045836959675
YHR005C,-1,-33.39248499274254,-4821.810157328844,0.03190184049079755,0.45614035087719296,0.2288946910356832
YJL115W,-1,-33.39605689048767,-4163.8515366613865,0.031862745098039214,0.45614035087719296,0.2291847983753989
YBR141C,-1,-33.39860913157463,-3985.741396188736,0.03182374541003672,0.45614035087719296,0.22947490571511459
YJL183W,-1,-33.39876691997051,-4577.27107962966,0.03178484107579462,0.45614035087719296,0.2297650130548303
YFR046C,-1,-33.411717131733894,-3934.2531092613935,0.031746031746031744,0.45614035087719296,0.23005512039454598
YJL174W,0,-33.41865596175194,-3500.78322070837,0.031746031746031744,0.45614035087719296,0.23005512039454598
YBR067C,0,-33.42270718514919,-3956.4054860770702,0.031746031746031744,0.45614035087719296,0.23005512039454598
YML015C,-1,-33.427973076701164,-4499.590201184154,0.03170731707317073,0.45614035087719296,0.23034522773426166
YKL081W,-1,-33.447213396430016,-4126.391927331686,0.031668696711327646,0.45614035087719296,0.23063533507397738
YOR319W,1,-33.45389601588249,-4598.831646382809,0.032846715328467155,0.47368421052631576,0.23063533507397738
YIL030C,-1,-33.45696906745434,-4924.985514059663,0.032806804374240585,0.47368421052631576,0.23092544241369306
YOR166C,0,-33.477837949991226,-4749.693854480982,0.032806804374240585,0.47368421052631576,0.23092544241369306
YDR297W,-1,-33.49359594285488,-3958.255416944623,0.032766990291262135,0.47368421052631576,0.23121554975340877
YGL224C,0,-33.51553925871849,-3627.8035195171833,0.032766990291262135,0.47368421052631576,0.23121554975340877
YPR071W,0,-33.51619938015938,-3758.608007863164,0.032766990291262135,0.47368421052631576,0.23121554975340877
YCL012W,-1,-33.518622636795044,-3287.168960660696,0.03272727272727273,0.47368421052631576,0.23150565709312446
YJR134C,0,-33.53245285153389,-3930.928250476718,0.03272727272727273,0.47368421052631576,0.23150565709312446
YHR157W,-1,-33.55477139353752,-3465.391102299094,0.03268765133171913,0.47368421052631576,0.23179576443284014
YGR167W,-1,-33.55753670632839,-4290.740986019373,0.032648125755743655,0.47368421052631576,0.23208587177255585
YLR010C,1,-33.559174701571465,-4154.746798068285,0.033816425120772944,0.49122807017543857,0.23208587177255585
YGL005C,0,-33.55930784344673,-4077.5152232795954,0.033816425120772944,0.49122807017543857,0.23208587177255585
YGL228W,0,-33.55962774157524,-3946.2079839259386,0.033816425120772944,0.49122807017543857,0.23208587177255585
YLR225C,-1,-33.56004020571709,-3373.9260741770267,0.033775633293124246,0.49122807017543857,0.23237597911227154
YOL139C,-1,-33.560430467128754,-4698.932071566582,0.033734939759036145,0.49122807017543857,0.23266608645198725
YDR325W,-1,-33.57498614490032,-5203.624748751521,0.03369434416365824,0.49122807017543857,0.23295619379170293
YBR171W,0,-33.58249390125275,-4425.4563100636005,0.03369434416365824,0.49122807017543857,0.23295619379170293
YBR081C,-1,-33.60416306555271,-4401.889584213495,0.03365384615384615,0.49122807017543857,0.23324630113141862
YLR061W,0,-33.61188717186451,-4231.908196598291,0.03365384615384615,0.49122807017543857,0.23324630113141862
YHR133C,-1,-33.63200560212135,-4678.349137112498,0.03361344537815126,0.49122807017543857,0.23353640847113433
YDR139C,-1,-33.6361426115036,-4213.062450617552,0.03357314148681055,0.49122807017543857,0.23382651581085
YLR063W,0,-33.64385062456131,-3607.8758649230003,0.03357314148681055,0.49122807017543857,0.23382651581085
YOR338W,-1,-33.64808851480484,-3600.9353242218494,0.033532934131736525,0.49122807017543857,0.23411662315056572
YMR070W,-1,-33.65536932647228,-3837.487249389291,0.03349282296650718,0.49122807017543857,0.2344067304902814
YLR227C,0,-33.65662311017513,-4631.34942856431,0.03349282296650718,0.49122807017543857,0.2344067304902814
YKL112W,-1,-33.65932655334473,-5219.87512473762,0.03345280764635603,0.49122807017543857,0.2346968378299971
YCR024C-A,-1,-33.67350758612156,-3585.668590322137,0.03341288782816229,0.49122807017543857,0.2349869451697128
YNL287W,0,-33.67597432434559,-3716.4180536568165,0.03341288782816229,0.49122807017543857,0.2349869451697128
YER074W,-1,-33.68115884065628,-4068.6039313822985,0.033373063170441,0.49122807017543857,0.23527705250942849
YLR383W,-1,-33.68880969285965,-5034.284111097455,0.03333333333333333,0.49122807017543857,0.23556715984914417
YIR021W,-1,-33.69358789920807,-4621.4653855115175,0.03329369797859691,0.49122807017543857,0.23585726718885988
YBR030W,0,-33.694675639271736,-4635.7751818448305,0.03329369797859691,0.49122807017543857,0.23585726718885988
YGR278W,-1,-33.71782851219177,-3626.6591163277626,0.0332541567695962,0.49122807017543857,0.23614737452857557
YLL004W,-1,-33.71873039007187,-4550.644635632634,0.033214709371293,0.49122807017543857,0.23643748186829128
YMR216C,-1,-33.72168470919132,-5122.3448722139,0.03317535545023697,0.49122807017543857,0.23672758920800696
YGL089C,-1,-33.72862008213997,-3414.0233193039894,0.033136094674556214,0.49122807017543857,0.23701769654772264
YDL121C,0,-33.748377442359924,-4042.599806845188,0.033136094674556214,0.49122807017543857,0.23701769654772264
YDR393W,-1,-33.758168771862984,-5002.14495395124,0.03309692671394799,0.49122807017543857,0.23730780388743836
YPL088W,0,-33.7606543302536,-3282.02810806036,0.03309692671394799,0.49122807017543857,0.23730780388743836
YLR019W,0,-33.76274915039539,-3653.141084447503,0.03309692671394799,0.49122807017543857,0.23730780388743836
YOL146W,-1,-33.77483278512955,-5434.036404490471,0.03305785123966942,0.49122807017543857,0.23759791122715404
YGR110W,0,-33.77697363495827,-3309.2140396386385,0.03305785123966942,0.49122807017543857,0.23759791122715404
YNL155W,0,-33.778335213661194,-3842.9722884744406,0.03305785123966942,0.49122807017543857,0.23759791122715404
YOR007C,-1,-33.787835240364075,-3990.6029210090637,0.0330188679245283,0.49122807017543857,0.23788801856686975
YHL047C,-1,-33.80065609514713,-4497.656497463584,0.03297997644287397,0.49122807017543857,0.23817812590658544
YDL084W,-1,-33.81207609176636,-4190.506735742092,0.03294117647058824,0.49122807017543857,0.23846823324630112
YPL082C,-1,-33.816926300525665,-4372.231428414583,0.03290246768507638,0.49122807017543857,0.23875834058601683
YOR165W,0,-33.82125908136368,-3958.965410426259,0.03290246768507638,0.49122807017543857,0.23875834058601683
YNL086W,0,-33.825594902038574,-3329.587475836277,0.03290246768507638,0.49122807017543857,0.23875834058601683
YML003W,0,-33.82848682999611,-3456.1831934452057,0.03290246768507638,0.49122807017543857,0.23875834058601683
YGL076C,0,-33.85437662899494,-4265.724960952997,0.03290246768507638,0.49122807017543857,0.23875834058601683
YEL022W,-1,-33.859411522746086,-4438.7024085223675,0.03286384976525822,0.49122807017543857,0.23904844792573252
YPL145C,-1,-33.86552378535271,-3734.9385583400726,0.032825322391559206,0.49122807017543857,0.23933855526544823
YOR033C,-1,-33.865802735090256,-4376.694536700845,0.03278688524590164,0.49122807017543857,0.2396286626051639
YCL003W,-1,-33.86691480875015,-3251.488811135292,0.03274853801169591,0.49122807017543857,0.2399187699448796
YOR081C,-1,-33.875696554780006,-3638.0615354925394,0.03271028037383177,0.49122807017543857,0.2402088772845953
YHL006C,-1,-33.88850510120392,-4048.568650186062,0.03267211201866978,0.49122807017543857,0.240498984624311
YLR014C,-1,-33.89048032462597,-4282.630264908075,0.03263403263403263,0.49122807017543857,0.2407890919640267
YGR027C,0,-33.89602990448475,-4399.097911372781,0.03263403263403263,0.49122807017543857,0.2407890919640267
YEL049W,0,-33.896830171346664,-3800.5723582208157,0.03263403263403263,0.49122807017543857,0.2407890919640267
YLR237W,-1,-33.916237354278564,-3093.0796867907047,0.03259604190919674,0.49122807017543857,0.2410791993037424
YOR332W,-1,-33.919667050242424,-3747.9808270037174,0.03255813953488372,0.49122807017543857,0.24136930664345807
YER114C,0,-33.94577792286873,-4222.595408126712,0.03255813953488372,0.49122807017543857,0.24136930664345807
YML009C,-1,-33.98666010797024,-4205.346579968929,0.032520325203252036,0.49122807017543857,0.24165941398317378
YML037C,0,-34.00810757279396,-3450.5914838910103,0.032520325203252036,0.49122807017543857,0.24165941398317378
YNL289W,-1,-34.03634721040726,-3778.461461171508,0.03248259860788863,0.49122807017543857,0.24194952132288947
YFL025C,-1,-34.03888750076294,-4340.540754750371,0.03244495944380069,0.49122807017543857,0.24223962866260518
YER100W,-1,-34.040562987327576,-3963.531591296196,0.032407407407407406,0.49122807017543857,0.24252973600232086
YGL122C,-1,-34.04322385787964,-4457.723861545324,0.03236994219653179,0.49122807017543857,0.24281984334203655
YHR010W,0,-34.07720546424389,-4619.970384642482,0.03236994219653179,0.49122807017543857,0.24281984334203655
YKR104W,0,-34.09006801247597,-3744.3657657802105,0.03236994219653179,0.49122807017543857,0.24281984334203655
YDL164C,-1,-34.09274844825268,-4084.0339637845755,0.03233256351039261,0.49122807017543857,0.24310995068175226
YOL114C,0,-34.0937175154686,-3702.407099723816,0.03233256351039261,0.49122807017543857,0.24310995068175226
YGL064C,-1,-34.109508484601974,-4945.530348464847,0.03229527104959631,0.49122807017543857,0.24340005802146794
YKL156W,-1,-34.115202099084854,-5261.014853775501,0.03225806451612903,0.49122807017543857,0.24369016536118362
YNL234W,0,-34.11683043837547,-3328.757640838623,0.03225806451612903,0.49122807017543857,0.24369016536118362
YDR179W-A,0,-34.119872987270355,-3747.1587506085634,0.03225806451612903,0.49122807017543857,0.24369016536118362
YPL161C,-1,-34.128427386283875,-4136.092198714614,0.03222094361334868,0.49122807017543857,0.24398027270089934
YLR160C,0,-34.138998329639435,-3219.316723510623,0.03222094361334868,0.49122807017543857,0.24398027270089934
YDL212W,-1,-34.14603932201862,-5147.744070366025,0.03218390804597701,0.49122807017543857,0.24427038004061502
YDR065W,-1,-34.156210005283356,-3710.6480756402016,0.03214695752009185,0.49122807017543857,0.24456048738033073
YLR277C,-1,-34.166455432772636,-4965.922160312533,0.03211009174311927,0.49122807017543857,0.24485059472004642
YFR031C,-1,-34.21740807592869,-4905.649728268385,0.032073310423825885,0.49122807017543857,0.2451407020597621
YPR159W,0,-34.22238485515118,-3463.223068460822,0.032073310423825885,0.49122807017543857,0.2451407020597621
YDR080W,-1,-34.240119725465775,-4129.253611698747,0.032036613272311214,0.49122807017543857,0.2454308093994778
YBR192W,-1,-34.247714310884476,-4286.756309002638,0.032,0.49122807017543857,0.2457209167391935
YKL113C,-1,-34.24889273941517,-4836.424292206764,0.0319634703196347,0.49122807017543857,0.2460110240789092
YDR364C,-1,-34.28494821488857,-4473.615111768246,0.03192702394526796,0.49122807017543857,0.2463011314186249
YGL021W,-1,-34.29712465405464,-4725.911498621106,0.03189066059225513,0.49122807017543857,0.24659123875834058
YOL070C,0,-34.298626601696014,-4055.1585120409727,0.03189066059225513,0.49122807017543857,0.24659123875834058
YMR242C,0,-34.31958283483982,-4049.1765729486942,0.03189066059225513,0.49122807017543857,0.24659123875834058
YOR063W,-1,-34.32149714231491,-4362.383677944541,0.03185437997724687,0.49122807017543857,0.2468813460980563
YNR004W,0,-34.35759088397026,-3312.854149699211,0.03185437997724687,0.49122807017543857,0.2468813460980563
YNL088W,-1,-34.36559000611305,-5082.008801788092,0.031818181818181815,0.49122807017543857,0.24717145343777197
YER140W,-1,-34.36793529987335,-4052.359535396099,0.03178206583427923,0.49122807017543857,0.24746156077748768
YAL053W,-1,-34.37506325542927,-3469.6824475079775,0.031746031746031744,0.49122807017543857,0.24775166811720337
YHR152W,-1,-34.39646930992603,-4124.276675954461,0.031710079275198186,0.49122807017543857,0.24804177545691905
YBL041W,-1,-34.39799448847771,-4027.8918138742447,0.03167420814479638,0.49122807017543857,0.24833188279663476
YLR410W,0,-34.41567927598953,-3786.051403477788,0.03167420814479638,0.49122807017543857,0.24833188279663476
YMR149W,-1,-34.41912902891636,-3958.2490693330765,0.031638418079096044,0.49122807017543857,0.24862199013635045
YNL267W,-1,-34.4198602437973,-4852.108440443873,0.03160270880361174,0.49122807017543857,0.24891209747606616
YPR164W,-1,-34.422138422727585,-4333.8756063729525,0.03156708004509583,0.49122807017543857,0.24920220481578184
YDR237W,-1,-34.43096886575222,-3965.1052826344967,0.03153153153153153,0.49122807017543857,0.24949231215549753
YMR124W,0,-34.43171265721321,-3421.1730402112007,0.03153153153153153,0.49122807017543857,0.24949231215549753
YHR172W,-1,-34.45098976790905,-5047.874991849065,0.031496062992125984,0.49122807017543857,0.24978241949521324
YBR160W,-1,-34.45985344052315,-5234.069334805012,0.03146067415730337,0.49122807017543857,0.2500725268349289
YBR106W,-1,-34.461379542946815,-4949.512218654156,0.031425364758698095,0.49122807017543857,0.2503626341746446
YNL102W,-1,-34.4653742313385,-4907.161511823535,0.03139013452914798,0.49122807017543857,0.2506527415143603
YML081W,0,-34.475767731666565,-4127.957375705242,0.03139013452914798,0.49122807017543857,0.2506527415143603
YKL048C,-1,-34.47973008453846,-3937.612098738551,0.03135498320268757,0.49122807017543857,0.25094284885407603
YNL201C,0,-34.48250390589237,-4430.997171595693,0.03135498320268757,0.49122807017543857,0.25094284885407603
YIL038C,-1,-34.49263997375965,-4650.599760174751,0.03131991051454139,0.49122807017543857,0.2512329561937917
YGL018C,-1,-34.498014599084854,-3827.5153317302465,0.03128491620111732,0.49122807017543857,0.2515230635335074
YBR060C,-1,-34.49884805083275,-4619.68099552393,0.03125,0.49122807017543857,0.2518131708732231
YPR063C,0,-34.505226105451584,-3530.783719599247,0.03125,0.49122807017543857,0.2518131708732231
YPL189C-A,-1,-34.506289303302765,-3535.0334061682224,0.03121516164994426,0.49122807017543857,0.25210327821293876
YOR151C,-1,-34.51673899590969,-4314.186595827341,0.031180400890868598,0.49122807017543857,0.2523933855526545
YCR071C,-1,-34.53044140338898,-4120.66164650023,0.03114571746384872,0.49122807017543857,0.2526834928923702
YOL101C,-1,-34.532582223415375,-4134.088565170765,0.03111111111111111,0.49122807017543857,0.25297360023208587
YJR105W,0,-34.53313547372818,-4853.5993321835995,0.03111111111111111,0.49122807017543857,0.25297360023208587
YIL089W,0,-34.568528801202774,-3677.3646239191294,0.03111111111111111,0.49122807017543857,0.25297360023208587
YFR050C,-1,-34.576088070869446,-4455.073536813259,0.03107658157602664,0.49122807017543857,0.25326370757180156
YCR039C,-1,-34.5969720184803,-3553.281076937914,0.031042128603104215,0.49122807017543857,0.25355381491151724
YHR214C-B,-1,-34.601084530353546,-3791.5753758251667,0.031007751937984496,0.49122807017543857,0.253843922251233
YIL017W,-1,-34.61099484562874,-3293.928541138768,0.030973451327433628,0.49122807017543857,0.25413402959094866
YKL173W,-1,-34.61864258348942,-4794.7283167243,0.030939226519337018,0.49122807017543857,0.25442413693066435
YMR048W,-1,-34.62162421643734,-4415.751085177064,0.03090507726269316,0.49122807017543857,0.25471424427038003
YLR059C,-1,-34.623746529221535,-4128.239984512329,0.030871003307607496,0.49122807017543857,0.2550043516100957
YOL031C,0,-34.63300448656082,-4100.683934509754,0.030871003307607496,0.49122807017543857,0.2550043516100957
YBR218C,0,-34.63318698108196,-3244.4033679664135,0.030871003307607496,0.49122807017543857,0.2550043516100957
YLR314C,-1,-34.637645930051804,-5010.848073795438,0.030837004405286344,0.49122807017543857,0.25529445894981145
YKL011C,-1,-34.64877800643444,-4452.013965636492,0.030803080308030802,0.49122807017543857,0.25558456628952714
YJL008C,-1,-34.67595574259758,-4780.047472804785,0.03076923076923077,0.49122807017543857,0.2558746736292428
YNL320W,0,-34.693000584840775,-3639.446912109852,0.03076923076923077,0.49122807017543857,0.2558746736292428
YKL080W,-1,-34.69767093658447,-3601.7390320152044,0.030735455543358946,0.49122807017543857,0.2561647809689585
YDR510W,-1,-34.69978976249695,-4183.917471259832,0.03070175438596491,0.49122807017543857,0.2564548883086742
YDL030W,-1,-34.70055091381073,-4537.596108570695,0.03066812705366922,0.49122807017543857,0.25674499564838993
YCR020W-B,-1,-34.700621634721756,-4100.0795200020075,0.030634573304157548,0.49122807017543857,0.2570351029881056
YPL249C-A,0,-34.70562016963959,-3889.8722796440125,0.030634573304157548,0.49122807017543857,0.2570351029881056
YDR109C,0,-34.71739321947098,-3870.7125675976276,0.030634573304157548,0.49122807017543857,0.2570351029881056
YGR082W,-1,-34.71883526444435,-4613.64987693727,0.030601092896174863,0.49122807017543857,0.2573252103278213
YAL064W-B,0,-34.720554023981094,-3463.186841696501,0.030601092896174863,0.49122807017543857,0.2573252103278213
YGL101W,0,-34.732792645692825,-4229.542914420366,0.030601092896174863,0.49122807017543857,0.2573252103278213
YKL107W,0,-34.73703649640083,-3393.6663059294224,0.030601092896174863,0.49122807017543857,0.2573252103278213
YKR036C,-1,-34.73887050151825,-4492.0568674355745,0.03056768558951965,0.49122807017543857,0.257615317667537
YLR355C,-1,-34.73970551788807,-4244.831724762917,0.030534351145038167,0.49122807017543857,0.25790542500725266
YER134C,0,-34.74782907962799,-3373.793121367693,0.030534351145038167,0.49122807017543857,0.25790542500725266
YOR229W,-1,-34.75692929327488,-4367.060503393412,0.030501089324618737,0.49122807017543857,0.2581955323469684
YDR472W,0,-34.758595913648605,-4265.630099147558,0.030501089324618737,0.49122807017543857,0.2581955323469684
YPR043W,0,-34.77774092555046,-4319.178809955716,0.030501089324618737,0.49122807017543857,0.2581955323469684
YML027W,-1,-34.78169542551041,-4472.414726600051,0.030467899891186073,0.49122807017543857,0.2584856396866841
YAL029C,0,-34.78437611460686,-4173.069340348244,0.030467899891186073,0.49122807017543857,0.2584856396866841
YLR325C,0,-34.78468631207943,-4169.596618250012,0.030467899891186073,0.49122807017543857,0.2584856396866841
YCL031C,-1,-34.81266933679581,-4073.2861141115427,0.030434782608695653,0.49122807017543857,0.25877574702639977
YDR430C,0,-34.816430270671844,-3693.3528695851564,0.030434782608695653,0.49122807017543857,0.25877574702639977
YCR040W,-1,-34.826307594776154,-3848.0235650390387,0.03040173724212812,0.49122807017543857,0.25906585436611546
YOR232W,-1,-34.82699854671955,-4689.1903728842735,0.03036876355748373,0.49122807017543857,0.25935596170583114
YNL100W,0,-34.829630106687546,-3425.8844670057297,0.03036876355748373,0.49122807017543857,0.25935596170583114
YFR055W,-1,-34.834415674209595,-3930.9213576614857,0.030335861321776816,0.49122807017543857,0.2596460690455469
YNR020C,0,-34.84336870908737,-4855.674010619521,0.030335861321776816,0.49122807017543857,0.2596460690455469
YLR372W,-1,-34.845539301633835,-4540.761754959822,0.030303030303030304,0.49122807017543857,0.25993617638526256
YGR003W,-1,-34.8636748790741,-5020.237436786294,0.03027027027027027,0.49122807017543857,0.26022628372497825
YMR001C,-1,-34.88849575817585,-4545.9238797575235,0.03023758099352052,0.49122807017543857,0.26051639106469393
YDR405W,-1,-34.89934025704861,-4548.331167295575,0.030204962243797196,0.49122807017543857,0.2608064984044096
YDR375C,-1,-34.900323152542114,-4148.0707676410675,0.03017241379310345,0.49122807017543857,0.26109660574412535
YCR077C,-1,-34.90796089172363,-3637.6994958370924,0.030139935414424113,0.49122807017543857,0.26138671308384104
YLR333C,0,-34.910800129175186,-4617.147215425968,0.030139935414424113,0.49122807017543857,0.26138671308384104
YNL244C,-1,-34.92011834681034,-4679.260607212782,0.030107526881720432,0.49122807017543857,0.2616768204235567
YML056C,0,-34.92932038009167,-5410.599850162864,0.030107526881720432,0.49122807017543857,0.2616768204235567
YIR015W,-1,-34.93874044716358,-3923.840480327606,0.03007518796992481,0.49122807017543857,0.2619669277632724
YIL096C,0,-34.945377334952354,-4681.125567421317,0.03007518796992481,0.49122807017543857,0.2619669277632724
YGR129W,-1,-34.95421239733696,-4654.3071338534355,0.030042918454935622,0.49122807017543857,0.2622570351029881
YIR035C,0,-34.96193054318428,-3514.452686369419,0.030042918454935622,0.49122807017543857,0.2622570351029881
YHR045W,0,-34.9678343385458,-3791.139378681779,0.030042918454935622,0.49122807017543857,0.2622570351029881
YJR138W,0,-34.97145479917526,-4172.660677701235,0.030042918454935622,0.49122807017543857,0.2622570351029881
YJL122W,-1,-34.98470167815685,-6893.395342737436,0.030010718113612004,0.49122807017543857,0.2625471424427038
YJR009C,0,-35.011421620845795,-3468.540200293064,0.030010718113612004,0.49122807017543857,0.2625471424427038
YCR007C,0,-35.017709493637085,-3805.265232101083,0.030010718113612004,0.49122807017543857,0.2625471424427038
YDL027C,0,-35.02121323347092,-3431.859590113163,0.030010718113612004,0.49122807017543857,0.2625471424427038
YKL198C,-1,-35.02140545845032,-4138.273165598512,0.029978586723768737,0.49122807017543857,0.2628372497824195
YPL233W,-1,-35.04480083286762,-4177.641857177019,0.029946524064171122,0.49122807017543857,0.2631273571221352
YIL040W,0,-35.06483381986618,-4545.409927234054,0.029946524064171122,0.49122807017543857,0.2631273571221352
YKL005C,-1,-35.06772056221962,-4090.965425103903,0.029914529914529916,0.49122807017543857,0.2634174644618509
YGR251W,-1,-35.08602097630501,-3917.7081615924835,0.029882604055496264,0.49122807017543857,0.26370757180156656
YAR028W,0,-35.09672284126282,-3395.406222432852,0.029882604055496264,0.49122807017543857,0.26370757180156656
YMR058W,-1,-35.10195392370224,-4537.9694697111845,0.029850746268656716,0.49122807017543857,0.26399767914128225
YLR262C,-1,-35.10543739795685,-4335.259285628796,0.029818956336528223,0.49122807017543857,0.264287786480998
YNL101W,-1,-35.11568661034107,-3684.194371983409,0.029787234042553193,0.49122807017543857,0.26457789382071367
YER184C,0,-35.125667095184326,-3420.0591334700584,0.029787234042553193,0.49122807017543857,0.26457789382071367
YML026C,-1,-35.134249448776245,-4332.920732557774,0.02975557917109458,0.49122807017543857,0.26486800116042936
YGL079W,-1,-35.13607943058014,-3954.237853258848,0.029723991507430998,0.49122807017543857,0.26515810850014504
YJL133W,-1,-35.14295342564583,-4752.917100280523,0.029692470837751856,0.49122807017543857,0.2654482158398607
YMR183C,0,-35.15312774479389,-4362.464669972658,0.029692470837751856,0.49122807017543857,0.2654482158398607
YOR378W,0,-35.16491386294365,-3944.6236294806004,0.029692470837751856,0.49122807017543857,0.2654482158398607
YGR010W,0,-35.16989555954933,-4083.372817516327,0.029692470837751856,0.49122807017543857,0.2654482158398607
YPR036W,-1,-35.17378409206867,-3357.977726146579,0.029661016949152543,0.49122807017543857,0.26573832317957646
YBR021W,-1,-35.18744930624962,-4179.364624336362,0.02962962962962963,0.49122807017543857,0.26602843051929215
YBR083W,-1,-35.188916236162186,-3981.914477467537,0.02959830866807611,0.49122807017543857,0.26631853785900783
YCL019W,-1,-35.21885493397713,-3802.254888623953,0.029567053854276663,0.49122807017543857,0.2666086451987235
YNL021W,-1,-35.240579664707184,-4051.347957134247,0.029535864978902954,0.49122807017543857,0.2668987525384392
YER160C,-1,-35.250738471746445,-3730.5984588712454,0.029504741833508957,0.49122807017543857,0.26718885987815494
YMR285C,-1,-35.26235847175121,-4619.684646368027,0.029473684210526315,0.49122807017543857,0.2674789672178706
YDR078C,-1,-35.27516059577465,-3891.8698880523443,0.029442691903259727,0.49122807017543857,0.2677690745575863
YJL203W,-1,-35.28179953992367,-4286.749220281839,0.029411764705882353,0.49122807017543857,0.268059181897302
YJR141W,0,-35.28884035348892,-3995.851153254509,0.029411764705882353,0.49122807017543857,0.268059181897302
YMR223W,-1,-35.30320182442665,-3749.0361090302467,0.02938090241343127,0.49122807017543857,0.2683492892370177
YEL051W,-1,-35.33646948635578,-4643.484196692705,0.029350104821802937,0.49122807017543857,0.2686393965767334
YOL120C,0,-35.336972147226334,-4267.528192743659,0.029350104821802937,0.49122807017543857,0.2686393965767334
YNL052W,-1,-35.33752937614918,-3670.9078150987625,0.02931937172774869,0.49122807017543857,0.2689295039164491
YDL036C,-1,-35.34368708729744,-4651.976081162691,0.029288702928870293,0.49122807017543857,0.2692196112561648
YHR019C,-1,-35.35295268893242,-4681.890319317579,0.029258098223615466,0.49122807017543857,0.26950971859588047
YKL108W,1,-35.354035541415215,-4501.979663938284,0.030271398747390398,0.5087719298245614,0.26950971859588047
YBR125C,-1,-35.35641032457352,-4257.185397654772,0.03023983315954119,0.5087719298245614,0.26979982593559615
YGR084C,-1,-35.36747086048126,-4804.460696995258,0.030208333333333334,0.5087719298245614,0.2700899332753119
YPL092W,-1,-35.369813442230225,-4240.521053791046,0.030176899063475548,0.5087719298245614,0.2703800406150276
YGL190C,-1,-35.371063604950905,-3996.3443504571915,0.030145530145530147,0.5087719298245614,0.27067014795474326
YOL049W,-1,-35.38565434515476,-4349.0636600703,0.030114226375908618,0.5087719298245614,0.27096025529445894
YFR018C,0,-35.386997789144516,-3862.6202450841665,0.030114226375908618,0.5087719298245614,0.27096025529445894
YBR294W,-1,-35.40241076052189,-4149.852679461241,0.03008298755186722,0.5087719298245614,0.2712503626341746
YOL018C,0,-35.4056970924139,-4123.411828532815,0.03008298755186722,0.5087719298245614,0.2712503626341746
YBR094W,0,-35.40765416622162,-5143.882951781154,0.03008298755186722,0.5087719298245614,0.2712503626341746
YKL055C,-1,-35.41408756375313,-4463.034904554486,0.03005181347150259,0.5087719298245614,0.27154046997389036
YKL185W,-1,-35.42507164180279,-3799.7209737300873,0.030020703933747412,0.5087719298245614,0.27183057731360605
YIL014W,-1,-35.43843388557434,-4666.519507549703,0.02998965873836608,0.5087719298245614,0.27212068465332173
YIL074C,0,-35.44703911244869,-3340.192082941532,0.02998965873836608,0.5087719298245614,0.27212068465332173
YMR188C,-1,-35.44885790348053,-4456.769257560372,0.029958677685950414,0.5087719298245614,0.2724107919930374
YLR007W,-1,-35.4586483836174,-5354.5449941158295,0.029927760577915376,0.5087719298245614,0.2727008993327531
YLR432W,0,-35.46818323433399,-4325.068127095699,0.029927760577915376,0.5087719298245614,0.2727008993327531
YNL233W,0,-35.47658683359623,-4317.389090240002,0.029927760577915376,0.5087719298245614,0.2727008993327531
YOR334W,-1,-35.481836557388306,-3841.3741867393255,0.029896907216494847,0.5087719298245614,0.27299100667246884
YJL190C,0,-35.487013310194016,-4589.818176433444,0.029896907216494847,0.5087719298245614,0.27299100667246884
YBL107C,0,-35.493346124887466,-3951.343281686306,0.029896907216494847,0.5087719298245614,0.27299100667246884
YER090W,0,-35.503610014915466,-3276.584907487035,0.029896907216494847,0.5087719298245614,0.27299100667246884
YLR319C,-1,-35.504504799842834,-4917.251898080111,0.029866117404737384,0.5087719298245614,0.2732811140121845
YLR323C,-1,-35.50991666316986,-4271.747067913413,0.029835390946502057,0.5087719298245614,0.2735712213519002
YNR048W,-1,-35.516009733080864,-5036.316927075386,0.029804727646454265,0.5087719298245614,0.2738613286916159
YPR094W,-1,-35.52573625743389,-3605.3553663939238,0.029774127310061602,0.5087719298245614,0.2741514360313316
YDR315C,-1,-35.54138591885567,-4293.017059758306,0.029743589743589743,0.5087719298245614,0.2744415433710473
YML052W,-1,-35.57056441903114,-3884.7081492245197,0.02971311475409836,0.5087719298245614,0.274731650710763
YML019W,-1,-35.57308307290077,-4559.609017208219,0.02968270214943705,0.5087719298245614,0.2750217580504787
YOR350C,0,-35.5851945579052,-3980.87379835546,0.02968270214943705,0.5087719298245614,0.2750217580504787
YKL040C,-1,-35.585577353835106,-4520.942958384752,0.02965235173824131,0.5087719298245614,0.27531186539019437
YFR005C,-1,-35.589099764823914,-4310.962196826935,0.0296220633299285,0.5087719298245614,0.27560197272991005
YCL050C,0,-35.59621314704418,-4402.519581601024,0.0296220633299285,0.5087719298245614,0.27560197272991005
YLR105C,-1,-35.601098984479904,-4525.182936266065,0.02959183673469388,0.5087719298245614,0.2758920800696258
YKL018W,-1,-35.60177603363991,-4821.354479417205,0.029561671763506627,0.5087719298245614,0.2761821874093415
YMR227C,-1,-35.60302111506462,-4601.650744318962,0.029531568228105907,0.5087719298245614,0.27647229474905716
YER112W,-1,-35.60477705299854,-5379.071185037494,0.029501525940996948,0.5087719298245614,0.27676240208877284
YMR288W,-1,-35.60503648221493,-4508.461636483669,0.029471544715447155,0.5087719298245614,0.2770525094284885
YOR212W,-1,-35.60815046727657,-4100.540918409824,0.029441624365482234,0.5087719298245614,0.2773426167682042
YLR447C,-1,-35.61295607686043,-3563.7412305027246,0.029411764705882353,0.5087719298245614,0.27763272410791995
YKR071C,-1,-35.615310698747635,-4579.5582147836685,0.029381965552178316,0.5087719298245614,0.27792283144763563
YJL076W,-1,-35.62321700155735,-4135.772162660956,0.029352226720647773,0.5087719298245614,0.2782129387873513
YLR264W,0,-35.63705839216709,-4885.546682447195,0.029352226720647773,0.5087719298245614,0.2782129387873513
YJL131C,0,-35.63867434859276,-3486.2076480686665,0.029352226720647773,0.5087719298245614,0.2782129387873513
YLL018C,-1,-35.65683537721634,-3490.9460523873568,0.029322548028311426,0.5087719298245614,0.278503046127067
YIR007W,0,-35.66162568330765,-3373.437395453453,0.029322548028311426,0.5087719298245614,0.278503046127067
YBR110W,-1,-35.66245809197426,-3758.874107643962,0.029292929292929294,0.5087719298245614,0.2787931534667827
YBR205W,-1,-35.666659742593765,-5061.881956860423,0.029263370332996974,0.5087719298245614,0.2790832608064984
YML064C,-1,-35.67873340845108,-4808.45086273551,0.029233870967741934,0.5087719298245614,0.2793733681462141
YCL058C,0,-35.68838158249855,-4913.698801338673,0.029233870967741934,0.5087719298245614,0.2793733681462141
YMR021C,-1,-35.68868961930275,-4058.7542331963778,0.02920443101711984,0.5087719298245614,0.2796634754859298
YMR209C,0,-35.6897166967392,-4533.787890762091,0.02920443101711984,0.5087719298245614,0.2796634754859298
YDR212W,-1,-35.71046380698681,-4743.852056533098,0.029175050301810865,0.5087719298245614,0.2799535828256455
YMR246W,-1,-35.715438425540924,-5076.66679815948,0.02914572864321608,0.5087719298245614,0.28024369016536116
YOR038C,-1,-35.716311529278755,-5159.3612464517355,0.029116465863453816,0.5087719298245614,0.2805337975050769
YPR037C,0,-35.72679594159126,-3671.369697123766,0.029116465863453816,0.5087719298245614,0.2805337975050769
YIL133C,0,-35.74643836915493,-4552.861918792129,0.029116465863453816,0.5087719298245614,0.2805337975050769
YHR191C,-1,-35.76175598800182,-4448.570563971996,0.029087261785356068,0.5087719298245614,0.2808239048447926
YPL131W,-1,-35.76280298829079,-4101.063717275858,0.02905811623246493,0.5087719298245614,0.28111401218450827
YHL030W,0,-35.76906478404999,-4302.154903426766,0.02905811623246493,0.5087719298245614,0.28111401218450827
YOR246C,0,-35.77748841047287,-4161.6315586566925,0.02905811623246493,0.5087719298245614,0.28111401218450827
YMR002W,0,-35.78162029385567,-4149.098148345947,0.02905811623246493,0.5087719298245614,0.28111401218450827
YOL147C,-1,-35.79129558801651,-3954.598471581936,0.02902902902902903,0.5087719298245614,0.28140411952422395
YIL043C,0,-35.79843184351921,-4592.962024748325,0.02902902902902903,0.5087719298245614,0.28140411952422395
YOR390W,0,-35.800081849098206,-4159.13943952322,0.02902902902902903,0.5087719298245614,0.28140411952422395
YJR136C,0,-35.80699896812439,-4194.4032337367535,0.02902902902902903,0.5087719298245614,0.28140411952422395
YGR218W,-1,-35.809405878186226,-4326.609017461538,0.029,0.5087719298245614,0.28169422686393963
YHR193C,-1,-35.81303156912327,-4233.968697994947,0.028971028971028972,0.5087719298245614,0.2819843342036554
YCR031C,-1,-35.821754306554794,-4098.866372212768,0.028942115768463075,0.5087719298245614,0.28227444154337106
YDR500C,0,-35.822150856256485,-4220.090593799949,0.028942115768463075,0.5087719298245614,0.28227444154337106
YMR259C,0,-35.832837000489235,-4283.0933851748705,0.028942115768463075,0.5087719298245614,0.28227444154337106
YLR407W,0,-35.83497676253319,-3934.0550914257765,0.028942115768463075,0.5087719298245614,0.28227444154337106
YBR023C,-1,-35.84315040707588,-3824.5345991700888,0.028913260219341975,0.5087719298245614,0.28256454888308674
YKR053C,-1,-35.84771816432476,-4412.592986047268,0.02888446215139442,0.5087719298245614,0.2828546562228024
YMR274C,0,-35.85259187221527,-4753.221220880747,0.02888446215139442,0.5087719298245614,0.2828546562228024
YLR411W,-1,-35.855167388916016,-4014.046978920698,0.028855721393034824,0.5087719298245614,0.2831447635625181
YPL200W,-1,-35.859144657850266,-3881.1558170467615,0.02882703777335984,0.5087719298245614,0.28343487090223385
YIL122W,-1,-35.86527623236179,-4166.240395069122,0.028798411122144985,0.5087719298245614,0.28372497824194953
YBR268W,-1,-35.86635382473469,-4116.287172332406,0.028769841269841268,0.5087719298245614,0.2840150855816652
YOR215C,0,-35.867207407951355,-3414.915406316519,0.028769841269841268,0.5087719298245614,0.2840150855816652
YLR126C,-1,-35.89057043194771,-3984.7975006997585,0.028741328047571853,0.5087719298245614,0.2843051929213809
YLR079W,-1,-35.891244158148766,-4030.983893379569,0.028712871287128714,0.5087719298245614,0.2845953002610966
YGL044C,-1,-35.89241963624954,-4542.783081755042,0.028684470820969338,0.5087719298245614,0.2848854076008123
YLL031C,-1,-35.89839555323124,-4626.7894359230995,0.02865612648221344,0.5087719298245614,0.285175514940528
YJL111W,-1,-35.90438283979893,-4428.608453258872,0.028627838104639685,0.5087719298245614,0.2854656222802437
YMR060C,-1,-35.921683579683304,-4910.009103268385,0.028599605522682446,0.5087719298245614,0.2857557296199594
YJR084W,-1,-35.929653361439705,-4421.847915560007,0.02857142857142857,0.5087719298245614,0.28604583695967506
YDR238C,0,-35.94080939888954,-3812.2772686481476,0.02857142857142857,0.5087719298245614,0.28604583695967506
YGR253C,-1,-35.955509170889854,-4174.531688600779,0.028543307086614175,0.5087719298245614,0.2863359442993908
YDR197W,0,-35.95611724257469,-4081.3063892275095,0.028543307086614175,0.5087719298245614,0.2863359442993908
YLR321C,-1,-35.95707516372204,-5244.541631609201,0.028515240904621434,0.5087719298245614,0.2866260516391065
YDL237W,0,-35.991599321365356,-3466.798331052065,0.028515240904621434,0.5087719298245614,0.2866260516391065
YKL186C,-1,-35.994519114494324,-4941.300640448928,0.02848722986247544,0.5087719298245614,0.28691615897882217
YMR279C,0,-35.996105283498764,-3432.590476602316,0.02848722986247544,0.5087719298245614,0.28691615897882217
YOL017W,-1,-36.00554242730141,-4207.49519456923,0.02845927379784102,0.5087719298245614,0.28720626631853785
YGR207C,0,-36.006417125463486,-3975.589885443449,0.02845927379784102,0.5087719298245614,0.28720626631853785
YGL244W,-1,-36.006510987877846,-4563.580458834767,0.028431372549019607,0.5087719298245614,0.28749637365825353
YLR328W,0,-36.030043199658394,-3855.557701677084,0.028431372549019607,0.5087719298245614,0.28749637365825353
YGL133W,1,-36.03601969778538,-4158.605888560414,0.029382957884427033,0.5263157894736842,0.28749637365825353
YJR093C,-1,-36.04382148385048,-5260.834874629974,0.029354207436399216,0.5263157894736842,0.2877864809979693
YBR191W,0,-36.04433470964432,-4498.773635879159,0.029354207436399216,0.5263157894736842,0.2877864809979693
YOR154W,0,-36.05279688537121,-4450.224511295557,0.029354207436399216,0.5263157894736842,0.2877864809979693
YCL011C,0,-36.06852042675018,-6907.603620693088,0.029354207436399216,0.5263157894736842,0.2877864809979693
YBR084C-A,0,-36.07502245903015,-4306.1354153603315,0.029354207436399216,0.5263157894736842,0.2877864809979693
YDR347W,-1,-36.07779437303543,-4217.280072599649,0.02932551319648094,0.5263157894736842,0.28807658833768496
YGR212W,0,-36.08663088083267,-4191.551303580403,0.02932551319648094,0.5263157894736842,0.28807658833768496
YDR056C,0,-36.094537138938904,-3957.2311126589775,0.02932551319648094,0.5263157894736842,0.28807658833768496
YDL231C,-1,-36.1383645683527,-4463.769744843245,0.029296875,0.5263157894736842,0.28836669567740064
YAL039C,0,-36.145017489790916,-4077.982156470418,0.029296875,0.5263157894736842,0.28836669567740064
YJL024C,0,-36.14617642760277,-5030.389851599932,0.029296875,0.5263157894736842,0.28836669567740064
YCR095C,0,-36.14749917387962,-4977.114958763123,0.029296875,0.5263157894736842,0.28836669567740064
YDR531W,0,-36.15126973390579,-4042.2271816432476,0.029296875,0.5263157894736842,0.28836669567740064
YOR283W,0,-36.15463134646416,-4537.561107993126,0.029296875,0.5263157894736842,0.28836669567740064
YHR090C,-1,-36.156135737895966,-4935.422453671694,0.02926829268292683,0.5263157894736842,0.2886568030171163
YER056C-A,0,-36.15883928537369,-4256.295953378081,0.02926829268292683,0.5263157894736842,0.2886568030171163
YJL072C,-1,-36.18076866865158,-4523.612405627966,0.029239766081871343,0.5263157894736842,0.288946910356832
YGL054C,-1,-36.18897193670273,-4736.9039583057165,0.029211295034079845,0.5263157894736842,0.28923701769654775
YJR098C,-1,-36.18924927711487,-3671.4283979833126,0.029182879377431907,0.5263157894736842,0.28952712503626343
YJL189W,0,-36.19126009941101,-4646.132559210062,0.029182879377431907,0.5263157894736842,0.28952712503626343
YML086C,-1,-36.201306998729706,-3990.115624308586,0.029154518950437316,0.5263157894736842,0.2898172323759791
YKL167C,0,-36.20142734050751,-4293.3221604675055,0.029154518950437316,0.5263157894736842,0.2898172323759791
YBR108W,0,-36.2025531232357,-3410.848829895258,0.029154518950437316,0.5263157894736842,0.2898172323759791
YDL098C,-1,-36.223787039518356,-4085.720550611615,0.02912621359223301,0.5263157894736842,0.2901073397156948
YKR057W,-1,-36.22402220964432,-4613.708302602172,0.029097963142580018,0.5263157894736842,0.2903974470554105
YCR092C,-1,-36.2264778316021,-4808.886320874095,0.029069767441860465,0.5263157894736842,0.2906875543951262
YCR076C,0,-36.24294328689575,-3337.4564704596996,0.029069767441860465,0.5263157894736842,0.2906875543951262
YER045C,-1,-36.24441288411617,-3992.2884966880083,0.02904162633107454,0.5263157894736842,0.2909776617348419
YML025C,-1,-36.263705387711525,-4015.838418275118,0.029013539651837523,0.5263157894736842,0.2912677690745576
YOR084W,-1,-36.273110151290894,-4442.964234605432,0.028985507246376812,0.5263157894736842,0.2915578764142733
YDR322C-A,-1,-36.279723823070526,-4225.165415927768,0.02895752895752896,0.5263157894736842,0.29184798375398896
YHR202W,0,-36.28214046359062,-3377.3741675019264,0.02895752895752896,0.5263157894736842,0.29184798375398896
YAL022C,0,-36.2850666642189,-3924.8076395243406,0.02895752895752896,0.5263157894736842,0.29184798375398896
YJL191W,-1,-36.29119437932968,-4559.8185854405165,0.02892960462873674,0.5263157894736842,0.29213809109370464
YMR289W,0,-36.34519171714783,-4285.918024227023,0.02892960462873674,0.5263157894736842,0.29213809109370464
YOR182C,0,-36.376257330179214,-4489.453558847308,0.02892960462873674,0.5263157894736842,0.29213809109370464
YLR278C,0,-36.377792090177536,-3878.3756494373083,0.02892960462873674,0.5263157894736842,0.29213809109370464
YDR159W,-1,-36.37834548950195,-4234.547549560666,0.028901734104046242,0.5263157894736842,0.2924281984334204
YNL301C,0,-36.398231998085976,-4391.279636308551,0.028901734104046242,0.5263157894736842,0.2924281984334204
YNL215W,0,-36.41091687977314,-4337.981992423534,0.028901734104046242,0.5263157894736842,0.2924281984334204
YAR071W,0,-36.41859492659569,-4018.406566604972,0.028901734104046242,0.5263157894736842,0.2924281984334204
YOL095C,-1,-36.42935521900654,-4601.0371421426535,0.028873917228103944,0.5263157894736842,0.29271830577313607
YBR239C,-1,-36.46461170911789,-4073.352373793721,0.028846153846153848,0.5263157894736842,0.29300841311285175
YDR081C,-1,-36.46562811732292,-4938.685179173946,0.02881844380403458,0.5263157894736842,0.29329852045256743
YER074W-A,0,-36.49484619498253,-4096.996827527881,0.02881844380403458,0.5263157894736842,0.29329852045256743
YKL117W,-1,-36.49561980366707,-3967.8620617836714,0.028790786948176585,0.5263157894736842,0.2935886277922831
YBL028C,0,-36.504915684461594,-4500.622133046389,0.028790786948176585,0.5263157894736842,0.2935886277922831
YFL031W,-1,-36.50761868059635,-3445.3448458462954,0.028763183125599234,0.5263157894736842,0.29387873513199886
YNL149C,0,-36.515601456165314,-6023.994049876928,0.028763183125599234,0.5263157894736842,0.29387873513199886
YGL231C,0,-36.51565644145012,-3917.1039039194584,0.028763183125599234,0.5263157894736842,0.29387873513199886
YLR071C,-1,-36.52240628004074,-4357.4196986705065,0.028735632183908046,0.5263157894736842,0.29416884247171454
YNL283C,-1,-36.54325966536999,-5233.719260364771,0.028708133971291867,0.5263157894736842,0.2944589498114302
YER060W-A,-1,-36.54593153297901,-3954.320447474718,0.028680688336520075,0.5263157894736842,0.2947490571511459
YGR097W,-1,-36.554513067007065,-3508.7036523222923,0.02865329512893983,0.5263157894736842,0.2950391644908616
YKR095W-A,-1,-36.55855256319046,-3832.8515511751175,0.02862595419847328,0.5263157894736842,0.29532927183057733
YNR018W,-1,-36.55862674117088,-4026.180576786399,0.028598665395614873,0.5263157894736842,0.295619379170293
YBR200W,-1,-36.565500661730766,-5018.9621808975935,0.02857142857142857,0.5263157894736842,0.2959094865100087
YGR007W,-1,-36.59582480788231,-4277.328880220652,0.028544243577545196,0.5263157894736842,0.2961995938497244
YGL174W,-1,-36.60291151702404,-3951.53737552464,0.028517110266159697,0.5263157894736842,0.29648970118944007
YDR328C,-1,-36.60783651471138,-4209.322817146778,0.02849002849002849,0.5263157894736842,0.2967798085291558
YAL034W-A,-1,-36.61707644164562,-4660.975177288055,0.028462998102466792,0.5263157894736842,0.2970699158688715
YLR430W,-1,-36.61829389631748,-5011.294399321079,0.02843601895734597,0.5263157894736842,0.2973600232085872
YDL179W,-1,-36.62138722836971,-4535.5112670362,0.028409090909090908,0.5263157894736842,0.29765013054830286
YOR061W,1,-36.63664036989212,-4340.110781341791,0.0293282876064333,0.543859649122807,0.29765013054830286
YDR415C,0,-36.65586569905281,-4058.377171546221,0.0293282876064333,0.543859649122807,0.29765013054830286
YCR008W,-1,-36.65858210250735,-4119.59780382365,0.02930056710775047,0.543859649122807,0.29794023788801854
YOR180C,-1,-36.66192324459553,-4392.824125483632,0.02927289896128423,0.543859649122807,0.2982303452277343
YNL046W,0,-36.66933274269104,-3479.1574706435204,0.02927289896128423,0.543859649122807,0.2982303452277343
YOL022C,0,-36.67306341230869,-4635.516617238522,0.02927289896128423,0.543859649122807,0.2982303452277343
YDL107W,-1,-36.68006472289562,-4273.537323191762,0.029245283018867925,0.543859649122807,0.29852045256744997
YNL243W,-1,-36.688775792717934,-4541.374388918281,0.029217719132893498,0.543859649122807,0.29881055990716565
YGR104C,-1,-36.68915797770023,-5012.038482666016,0.02919020715630885,0.543859649122807,0.29910066724688134
YMR120C,0,-36.691448986530304,-4093.8947801440954,0.02919020715630885,0.543859649122807,0.29910066724688134
YLR137W,0,-36.71638843417168,-4108.251759648323,0.02919020715630885,0.543859649122807,0.29910066724688134
YKL137W,-1,-36.72541128098965,-4475.496251806617,0.02916274694261524,0.543859649122807,0.299390774586597
YNL275W,-1,-36.726821571588516,-4151.229901254177,0.02913533834586466,0.543859649122807,0.29968088192631276
YOR348C,-1,-36.739095985889435,-3668.621161982417,0.02910798122065728,0.543859649122807,0.29997098926602844
YDR288W,-1,-36.74052473902702,-4651.218794867396,0.029080675422138838,0.543859649122807,0.3002610966057441
YJL140W,-1,-36.74195744097233,-4477.825879722834,0.029053420805998126,0.543859649122807,0.3005512039454598
YHR184W,-1,-36.75109672546387,-4258.58569675684,0.02902621722846442,0.543859649122807,0.3008413112851755
YHR185C,-1,-36.751744866371155,-4086.8780149519444,0.028999064546304958,0.543859649122807,0.30113141862489123
YJL173C,-1,-36.776676788926125,-5205.81855404377,0.02897196261682243,0.543859649122807,0.3014215259646069
YDR162C,-1,-36.778212532401085,-4330.8677874952555,0.028944911297852476,0.543859649122807,0.3017116333043226
YJL125C,-1,-36.78964810073376,-5780.664149690419,0.028917910447761194,0.543859649122807,0.3020017406440383
YER011W,0,-36.79407227039337,-3989.3648799210787,0.028917910447761194,0.543859649122807,0.3020017406440383
YEL071W,0,-36.7956964969635,-3621.4575184434652,0.028917910447761194,0.543859649122807,0.3020017406440383
YDR404C,-1,-36.825960889458656,-4479.203405708075,0.028890959925442685,0.543859649122807,0.30229184798375397
YFL034C-B,-1,-36.835989117622375,-4356.423161000013,0.028864059590316574,0.543859649122807,0.3025819553234697
YPL276W,0,-36.83600997924805,-3968.7913726866245,0.028864059590316574,0.543859649122807,0.3025819553234697
YPL007C,1,-36.85815043747425,-4600.573112949729,0.029767441860465118,0.5614035087719298,0.3025819553234697
YDR450W,-1,-36.85942044109106,-5081.109188631177,0.02973977695167286,0.5614035087719298,0.3028720626631854
YFL051C,0,-36.85980871319771,-3967.2172631174326,0.02973977695167286,0.5614035087719298,0.3028720626631854
YGL189C,0,-36.86740246415138,-4554.142358273268,0.02973977695167286,0.5614035087719298,0.3028720626631854
YLR352W,-1,-36.88366690278053,-3464.244672834873,0.029712163416898793,0.5614035087719298,0.3031621700029011
YBL076C,-1,-36.891232669353485,-4548.722930714488,0.029684601113172542,0.5614035087719298,0.30345227734261676
YOR194C,-1,-36.89371491968632,-5099.355791091919,0.029657089898053754,0.5614035087719298,0.30374238468233244
YDL116W,0,-36.895660042762756,-4739.88464038074,0.029657089898053754,0.5614035087719298,0.30374238468233244
YKR087C,-1,-36.90228033065796,-4303.194535166025,0.02962962962962963,0.5614035087719298,0.3040324920220482
YPL001W,-1,-36.90703862905502,-4877.098101690412,0.02960222016651249,0.5614035087719298,0.30432259936176387
YOL053W,0,-36.92191269993782,-3551.90640899539,0.02960222016651249,0.5614035087719298,0.30432259936176387
YPR052C,1,-36.92721389234066,-5002.474764794111,0.030499075785582256,0.5789473684210527,0.30432259936176387
YPL176C,-1,-36.93254645168781,-4206.449983522296,0.030470914127423823,0.5789473684210527,0.30461270670147955
YHR174W,-1,-36.941110879182816,-3499.7678872942924,0.03044280442804428,0.5789473684210527,0.30490281404119524
YBR227C,0,-36.945748537778854,-4240.28803910315,0.03044280442804428,0.5789473684210527,0.30490281404119524
YMR086W,0,-36.9526624083519,-3373.493183493614,0.03044280442804428,0.5789473684210527,0.30490281404119524
YOL040C,0,-37.00221686065197,-4101.534436687827,0.03044280442804428,0.5789473684210527,0.30490281404119524
YMR268W-A,-1,-37.01717060804367,-3795.4383274912834,0.030414746543778803,0.5789473684210527,0.3051929213809109
YFR032C-A,0,-37.017654687166214,-4444.738683775067,0.030414746543778803,0.5789473684210527,0.3051929213809109
YOR293W,0,-37.01769721508026,-4346.32060778141,0.030414746543778803,0.5789473684210527,0.3051929213809109
YIL134W,-1,-37.03112329542637,-4600.82894462347,0.03038674033149171,0.5789473684210527,0.30548302872062666
YPR088C,0,-37.04833847284317,-4893.274274200201,0.03038674033149171,0.5789473684210527,0.30548302872062666
YDR018C,-1,-37.054911613464355,-3530.6599496006966,0.03035878564857406,0.5789473684210527,0.30577313606034234
YOL136C,0,-37.066807985305786,-4232.358110040426,0.03035878564857406,0.5789473684210527,0.30577313606034234
YDR064W,-1,-37.0865084528923,-4645.253521889448,0.030330882352941176,0.5789473684210527,0.306063243400058
YDR478W,-1,-37.10462900996208,-4564.6398648023605,0.030303030303030304,0.5789473684210527,0.3063533507397737
YPR085C,0,-37.12018541991711,-4488.3636149019,0.030303030303030304,0.5789473684210527,0.3063533507397737
YOR355W,-1,-37.12187194824219,-4090.425409525633,0.030275229357798167,0.5789473684210527,0.3066434580794894
YOR327C,-1,-37.12560513615608,-4631.837787002325,0.03024747937671861,0.5789473684210527,0.3069335654192051
YCR098C,-1,-37.15235294401646,-3974.1910957694054,0.03021978021978022,0.5789473684210527,0.3072236727589208
YLR293C,-1,-37.159630849957466,-4321.102159142494,0.03019213174748399,0.5789473684210527,0.3075137800986365
YFL054C,0,-37.15972810983658,-3456.5659934580326,0.03019213174748399,0.5789473684210527,0.3075137800986365
YHR005C-A,-1,-37.16122069954872,-4517.463333025575,0.03016453382084095,0.5789473684210527,0.3078038874383522
YCL025C,-1,-37.16969120502472,-3526.1345204412937,0.030136986301369864,0.5789473684210527,0.30809399477806787
YOR349W,-1,-37.171590924263,-4053.1408767700195,0.030109489051094892,0.5789473684210527,0.30838410211778355
YBR105C,-1,-37.17959639430046,-3766.8601428568363,0.0300820419325433,0.5789473684210527,0.3086742094574993
YER055C,0,-37.18214938044548,-4221.111281812191,0.0300820419325433,0.5789473684210527,0.3086742094574993
YJL168C,-1,-37.18468216061592,-4856.502655133605,0.030054644808743168,0.5789473684210527,0.308964316797215
YFR029W,0,-37.19135472178459,-4107.757665410638,0.030054644808743168,0.5789473684210527,0.308964316797215
YGL222C,-1,-37.19835840165615,-3985.634609416127,0.03002729754322111,0.5789473684210527,0.30925442413693066
YLR367W,0,-37.200583070516586,-4345.639043867588,0.03002729754322111,0.5789473684210527,0.30925442413693066
YOR067C,-1,-37.20405079424381,-4161.182489082217,0.03,0.5789473684210527,0.30954453147664635
YKL149C,-1,-37.22168433666229,-5426.954380527139,0.02997275204359673,0.5789473684210527,0.30983463881636203
YGL216W,-1,-37.22774398326874,-4245.349387720227,0.029945553539019964,0.5789473684210527,0.31012474615607777
YPR031W,0,-37.23577120900154,-4772.838126152754,0.029945553539019964,0.5789473684210527,0.31012474615607777
YDR414C,-1,-37.238552898168564,-5510.6716620624065,0.029918404351767906,0.5789473684210527,0.31041485349579345
YGR233C,0,-37.2403939217329,-4944.866997122765,0.029918404351767906,0.5789473684210527,0.31041485349579345
YNL252C,-1,-37.24365344643593,-4180.0711464732885,0.029891304347826088,0.5789473684210527,0.31070496083550914
YLR035C,-1,-37.25470271706581,-3984.175850957632,0.02986425339366516,0.5789473684210527,0.3109950681752248
YIL052C,0,-37.27418804168701,-4257.829151660204,0.02986425339366516,0.5789473684210527,0.3109950681752248
YHR204W,-1,-37.27964824438095,-4473.088394135237,0.029837251356238697,0.5789473684210527,0.3112851755149405
YER105C,0,-37.282670214772224,-4605.399389564991,0.029837251356238697,0.5789473684210527,0.3112851755149405
YLR391W,0,-37.2840256690979,-3841.65854793787,0.029837251356238697,0.5789473684210527,0.3112851755149405
YMR300C,0,-37.28573228418827,-4733.198959290981,0.029837251356238697,0.5789473684210527,0.3112851755149405
YHR058C,-1,-37.293474823236465,-4634.021078035235,0.02981029810298103,0.5789473684210527,0.31157528285465624
YNL315C,-1,-37.306103467941284,-4319.93401004374,0.029783393501805054,0.5789473684210527,0.3118653901943719
YCR081W,-1,-37.32761166989803,-4499.65631917119,0.029756537421100092,0.5789473684210527,0.3121554975340876
YBR202W,-1,-37.32941693067551,-5099.483312964439,0.02972972972972973,0.5789473684210527,0.3124456048738033
YOR213C,0,-37.32946912944317,-4994.947205424309,0.02972972972972973,0.5789473684210527,0.3124456048738033
YJR149W,0,-37.34136462211609,-3687.6051269620657,0.02972972972972973,0.5789473684210527,0.3124456048738033
YIL126W,-1,-37.355066895484924,-5354.8742593079805,0.0297029702970297,0.5789473684210527,0.312735712213519
YNL302C,-1,-37.3643042743206,-4345.149482265115,0.029676258992805755,0.5789473684210527,0.3130258195532347
YER104W,-1,-37.36430747807026,-4049.2106440514326,0.029649595687331536,0.5789473684210527,0.3133159268929504
YDR183W,0,-37.367331594228745,-5090.143455445766,0.029649595687331536,0.5789473684210527,0.3133159268929504
YER164W,-1,-37.377715960145,-4960.304969370365,0.0296229802513465,0.5789473684210527,0.3136060342326661
YJR152W,-1,-37.378804221749306,-4026.4299325346947,0.029596412556053813,0.5789473684210527,0.31389614157238177
YKL145W,-1,-37.3827840834856,-4430.699532136321,0.02956989247311828,0.5789473684210527,0.31418624891209745
YLR127C,-1,-37.3832870721817,-4561.562643930316,0.02954341987466428,0.5789473684210527,0.3144763562518132
YDL209C,-1,-37.411558002233505,-4726.711795806885,0.029516994633273702,0.5789473684210527,0.3147664635915289
YBR012W-B,-1,-37.41540148854256,-3897.799370765686,0.029490616621983913,0.5789473684210527,0.31505657093124456
YNL094W,-1,-37.417425349354744,-4216.110184252262,0.029464285714285714,0.5789473684210527,0.31534667827096025
YDR323C,-1,-37.424064829945564,-4452.885870069265,0.029438001784121322,0.5789473684210527,0.31563678561067593
YGL136C,-1,-37.43173286318779,-4188.618936404586,0.029411764705882353,0.5789473684210527,0.31592689295039167
YGR148C,0,-37.43205553293228,-4790.201387390494,0.029411764705882353,0.5789473684210527,0.31592689295039167
YJR055W,-1,-37.43619851768017,-4790.244647204876,0.029385574354407838,0.5789473684210527,0.31621700029010735
YCL001W,0,-37.441307708621025,-4842.865189224482,0.029385574354407838,0.5789473684210527,0.31621700029010735
YNR049C,-1,-37.45860341191292,-4004.8077728301287,0.029359430604982206,0.5789473684210527,0.31650710762982304
YNR009W,0,-37.46015928685665,-4844.585266947746,0.029359430604982206,0.5789473684210527,0.31650710762982304
YNL326C,-1,-37.46071870625019,-3937.1070522964,0.029333333333333333,0.5789473684210527,0.3167972149695387
YGR261C,0,-37.49757136404514,-4430.940559700131,0.029333333333333333,0.5789473684210527,0.3167972149695387
YGL065C,-1,-37.49840748310089,-4106.243115410209,0.02930728241563055,0.5789473684210527,0.3170873223092544
YFL006W,0,-37.50034976005554,-3769.057643830776,0.02930728241563055,0.5789473684210527,0.3170873223092544
YOL054W,-1,-37.517862528562546,-5392.979389727116,0.029281277728482696,0.5789473684210527,0.31737742964897014
YPL139C,1,-37.528332248330116,-5004.459156185389,0.030141843971631204,0.5964912280701754,0.31737742964897014
YLL022C,-1,-37.531179666519165,-6778.522661522031,0.030115146147032774,0.5964912280701754,0.31766753698868583
YGR281W,0,-37.531709253787994,-3880.067318931222,0.030115146147032774,0.5964912280701754,0.31766753698868583
YIL051C,-1,-37.55518817901611,-3898.6224726885557,0.03008849557522124,0.5964912280701754,0.3179576443284015
YLR419W,-1,-37.56142112612724,-4417.109639555216,0.030061892130857647,0.5964912280701754,0.3182477516681172
YLR150W,-1,-37.584107145667076,-4661.260289683938,0.030035335689045935,0.5964912280701754,0.3185378590078329
YPL257W-A,-1,-37.59988749027252,-3807.9035599827766,0.03000882612533098,0.5964912280701754,0.3188279663475486
YNL288W,-1,-37.604572489857674,-4246.822100281715,0.029982363315696647,0.5964912280701754,0.3191180736872643
YNR046W,-1,-37.61029840260744,-5455.035641036928,0.029955947136563875,0.5964912280701754,0.31940818102698
YPR105C,0,-37.62048029899597,-5548.460204735398,0.029955947136563875,0.5964912280701754,0.31940818102698
YDR507C,-1,-37.6208470761776,-4845.00975137949,0.02992957746478873,0.5964912280701754,0.31969828836669567
YOR201C,-1,-37.62612463533878,-4073.5800482183695,0.02990325417766051,0.5964912280701754,0.31998839570641135
YKL077W,0,-37.62974229454994,-4034.5299496650696,0.02990325417766051,0.5964912280701754,0.31998839570641135
YOR211C,-1,-37.63047428429127,-4967.251860812306,0.029876977152899824,0.5964912280701754,0.3202785030461271
YDR458C,0,-37.641741544008255,-4161.934071779251,0.029876977152899824,0.5964912280701754,0.3202785030461271
YER176W,0,-37.64266660809517,-4400.50958815217,0.029876977152899824,0.5964912280701754,0.3202785030461271
YGL148W,0,-37.652578458189964,-4308.160677701235,0.029876977152899824,0.5964912280701754,0.3202785030461271
YML114C,-1,-37.69709552824497,-4740.982289850712,0.029850746268656716,0.5964912280701754,0.3205686103858428
YGL257C,1,-37.69757689535618,-4983.272541716695,0.03070175438596491,0.6140350877192983,0.3205686103858428
YHR021C,-1,-37.706955179572105,-4736.257928013802,0.03067484662576687,0.6140350877192983,0.32085871772555846
YDR246W,0,-37.72012421488762,-4577.642357543111,0.03067484662576687,0.6140350877192983,0.32085871772555846
YIL120W,0,-37.72039011120796,-4210.255914345384,0.03067484662576687,0.6140350877192983,0.32085871772555846
YFL007W,0,-37.72314105927944,-4078.372402101755,0.03067484662576687,0.6140350877192983,0.32085871772555846
YGR037C,-1,-37.72902137041092,-4352.489162310958,0.03064798598949212,0.6140350877192983,0.32114882506527415
YLR143W,0,-37.739498883485794,-4194.360233515501,0.03064798598949212,0.6140350877192983,0.32114882506527415
YNL064C,-1,-37.74040296673775,-4702.498938888311,0.03062117235345582,0.6140350877192983,0.32143893240498983
YPL090C,-1,-37.749162778258324,-4683.965211480856,0.030594405594405596,0.6140350877192983,0.3217290397447055
YBR098W,-1,-37.76413847506046,-4079.6663958877325,0.03056768558951965,0.6140350877192983,0.32201914708442125
YCR041W,0,-37.77024284005165,-3807.0082691907883,0.03056768558951965,0.6140350877192983,0.32201914708442125
YLR224W,-1,-37.77209538221359,-3978.073416918516,0.030541012216404886,0.6140350877192983,0.32230925442413694
YOL149W,-1,-37.7951635569334,-4705.955523207784,0.03051438535309503,0.6140350877192983,0.3225993617638526
YBL022C,-1,-37.80849891901016,-4118.0270047187805,0.03048780487804878,0.6140350877192983,0.3228894691035683
YBR066C,-1,-37.81866496801376,-4390.080795437098,0.030461270670147953,0.6140350877192983,0.323179576443284
YFR012W,0,-37.83218339085579,-3852.455993562937,0.030461270670147953,0.6140350877192983,0.323179576443284
YGR071C,0,-37.83314323425293,-4237.27943906188,0.030461270670147953,0.6140350877192983,0.323179576443284
YML002W,0,-37.83581033349037,-3950.3216890096664,0.030461270670147953,0.6140350877192983,0.323179576443284
YDR353W,-1,-37.84505546092987,-4065.2635818123817,0.030434782608695653,0.6140350877192983,0.32346968378299973
YGR132C,-1,-37.862769186496735,-4014.5172993838787,0.030408340573414423,0.6140350877192983,0.3237597911227154
YDR174W,-1,-37.89606511592865,-5232.0412474274635,0.030381944444444444,0.6140350877192983,0.3240498984624311
YBL069W,-1,-37.91035187244415,-4324.032842189074,0.030355594102341718,0.6140350877192983,0.3243400058021468
YHR050W,-1,-37.916932106018066,-4109.669504806399,0.030329289428076257,0.6140350877192983,0.32463011314186246
YMR167W,-1,-37.92179614305496,-3878.7218413054943,0.030303030303030304,0.6140350877192983,0.3249202204815782
YHR067W,-1,-37.935995519161224,-4403.811023950577,0.03027681660899654,0.6140350877192983,0.3252103278212939
YBL005W-A,-1,-37.93637892603874,-4040.1153742074966,0.03025064822817632,0.6140350877192983,0.32550043516100957
YLR048W,-1,-37.94058908522129,-4743.414545431733,0.030224525043177894,0.6140350877192983,0.32579054250072526
YPR131C,-1,-37.94224965572357,-3858.8531591296196,0.030198446937014668,0.6140350877192983,0.32608064984044094
YHR030C,-1,-37.94525243341923,-4026.9683151245117,0.03017241379310345,0.6140350877192983,0.3263707571801567
YLL045C,0,-37.94658140838146,-4492.0905825942755,0.03017241379310345,0.6140350877192983,0.3263707571801567
YDR541C,0,-37.96771156787872,-4033.262461721897,0.03017241379310345,0.6140350877192983,0.3263707571801567
YBR096W,0,-37.97096422314644,-4123.586060196161,0.03017241379310345,0.6140350877192983,0.3263707571801567
YGR027W-B,-1,-37.97484618425369,-3777.332035601139,0.030146425495262703,0.6140350877192983,0.32666086451987236
YBL101W-B,-1,-37.98268061876297,-3801.381396353245,0.030120481927710843,0.6140350877192983,0.32695097185958805
YJR107C-A,0,-37.98268061876297,-3801.381396353245,0.030120481927710843,0.6140350877192983,0.32695097185958805
YBR200W-A,0,-37.98268061876297,-3801.381396353245,0.030120481927710843,0.6140350877192983,0.32695097185958805
YBL029C-A,0,-37.98268061876297,-3801.381396353245,0.030120481927710843,0.6140350877192983,0.32695097185958805
YDR379C-A,0,-37.98268061876297,-3801.381396353245,0.030120481927710843,0.6140350877192983,0.32695097185958805
YGR169C-C,0,-37.98268061876297,-3801.381396353245,0.030120481927710843,0.6140350877192983,0.32695097185958805
YCL048W-A,0,-37.98268061876297,-3801.381396353245,0.030120481927710843,0.6140350877192983,0.32695097185958805
YGR161W-A,-1,-37.98405796289444,-3777.919717311859,0.03009458297506449,0.6140350877192983,0.32724107919930373
YGL139W,-1,-38.002395048737526,-5535.0907191336155,0.03006872852233677,0.6140350877192983,0.3275311865390194
YER087C-A,-1,-38.00798428058624,-4185.755983561277,0.030042918454935622,0.6140350877192983,0.32782129387873515
YDR170W-A,-1,-38.01630026102066,-3851.5918833613396,0.030017152658662092,0.6140350877192983,0.32811140121845084
YOR382W,-1,-38.0247246325016,-3727.083678856492,0.029991431019708654,0.6140350877192983,0.3284015085581665
YMR079W,-1,-38.03272223472595,-4578.174800530076,0.029965753424657533,0.6140350877192983,0.3286916158978822
YOL062C,0,-38.04247970879078,-4256.835992142558,0.029965753424657533,0.6140350877192983,0.3286916158978822
YBR175W,0,-38.04557467997074,-5064.187087208033,0.029965753424657533,0.6140350877192983,0.3286916158978822
YML104C,-1,-38.04765395820141,-4824.782032683492,0.029940119760479042,0.6140350877192983,0.3289817232375979
YOR189W,0,-38.05282574892044,-4792.672140568495,0.029940119760479042,0.6140350877192983,0.3289817232375979
YLR426W,-1,-38.06217962503433,-4111.427029162645,0.029914529914529916,0.6140350877192983,0.32927183057731363
YIL077C,0,-38.07580375671387,-3382.464636474848,0.029914529914529916,0.6140350877192983,0.32927183057731363
YCL058W-A,0,-38.079179644584656,-3892.748341858387,0.029914529914529916,0.6140350877192983,0.32927183057731363
YPL078C,-1,-38.08321565389633,-3957.3490671366453,0.029888983774551667,0.6140350877192983,0.3295619379170293
YOR274W,-1,-38.08528859913349,-5089.581975251436,0.029863481228668942,0.6140350877192983,0.329852045256745
YML011C,-1,-38.093511536717415,-4356.724319860339,0.029838022165387893,0.6140350877192983,0.3301421525964607
YNL107W,-1,-38.10912539064884,-4311.263097584248,0.029812606473594547,0.6140350877192983,0.33043225993617636
YGL003C,-1,-38.11588230729103,-4043.6201359033585,0.029787234042553193,0.6140350877192983,0.3307223672758921
YPL060C-A,-1,-38.11636143922806,-3782.7022636532784,0.02976190476190476,0.6140350877192983,0.3310124746156078
YOR192C-A,-1,-38.14487928152084,-3788.4639590978622,0.029736618521665252,0.6140350877192983,0.33130258195532347
YPL020C,-1,-38.15312959253788,-4184.064762175083,0.029711375212224108,0.6140350877192983,0.33159268929503916
YIR008C,-1,-38.15653368830681,-4772.95697888732,0.029686174724342665,0.6140350877192983,0.33188279663475484
YCR016W,0,-38.16752332448959,-4579.704478830099,0.029686174724342665,0.6140350877192983,0.33188279663475484
YKL184W,0,-38.174145206809044,-4802.64042378962,0.029686174724342665,0.6140350877192983,0.33188279663475484
YMR143W,-1,-38.183919206261635,-4816.514260903001,0.029661016949152543,0.6140350877192983,0.3321729039744706
YDR098C-A,-1,-38.19966858625412,-3810.6092698574066,0.029635901778154106,0.6140350877192983,0.33246301131418626
YFL035C-A,-1,-38.20126336812973,-3935.9682243466377,0.02961082910321489,0.6140350877192983,0.33275311865390195
YJL113W,-1,-38.21082016825676,-3919.210994184017,0.029585798816568046,0.6140350877192983,0.33304322599361763
YHL044W,0,-38.2158859372139,-4070.6635827720165,0.029585798816568046,0.6140350877192983,0.33304322599361763
YDR261W-A,-1,-38.219008564949036,-3779.0970945954323,0.02956081081081081,0.6140350877192983,0.3333333333333333
YER092W,0,-38.22009378671646,-5039.94076910615,0.02956081081081081,0.6140350877192983,0.3333333333333333
YGL017W,-1,-38.2210910320282,-4003.3510367274284,0.029535864978902954,0.6140350877192983,0.33362344067304905
YNL048W,-1,-38.22207896411419,-4809.546774297953,0.02951096121416526,0.6140350877192983,0.33391354801276474
YDR175C,-1,-38.22723752260208,-4240.983695805073,0.02948609941027801,0.6140350877192983,0.3342036553524804
YMR273C,0,-38.23677183687687,-4453.865712106228,0.02948609941027801,0.6140350877192983,0.3342036553524804
YGL201C,-1,-38.24333153665066,-4807.436519220471,0.029461279461279462,0.6140350877192983,0.3344937626921961
YBR220C,0,-38.24662211537361,-4392.039542257786,0.029461279461279462,0.6140350877192983,0.3344937626921961
YDL143W,-1,-38.25126539170742,-5209.063234418631,0.02943650126156434,0.6140350877192983,0.3347838700319118
YLR183C,0,-38.256985172629356,-5441.076083004475,0.02943650126156434,0.6140350877192983,0.3347838700319118
YPR120C,-1,-38.264302775263786,-5545.452998533845,0.029411764705882353,0.6140350877192983,0.33507397737162753
YDR373W,0,-38.26645940542221,-4925.714218467474,0.029411764705882353,0.6140350877192983,0.33507397737162753
YOL103W-A,-1,-38.26668703556061,-3779.4109768867493,0.02938706968933669,0.6140350877192983,0.3353640847113432
YDR292C,0,-38.26855820417404,-4699.340686351061,0.02938706968933669,0.6140350877192983,0.3353640847113432
YIL047C,-1,-38.27476768195629,-4162.889976322651,0.02936241610738255,0.6140350877192983,0.3356541920510589
YJL012C-A,-1,-38.29050415754318,-3848.142720937729,0.02933780385582565,0.6140350877192983,0.3359442993907746
YPR073C,-1,-38.29621462523937,-5015.06242159009,0.02931323283082077,0.6140350877192983,0.33623440673049027
YHL023C,0,-38.30786533653736,-4766.896266341209,0.02931323283082077,0.6140350877192983,0.33623440673049027
YBL060W,0,-38.310074388980865,-4493.412958845496,0.02931323283082077,0.6140350877192983,0.33623440673049027
YOR306C,-1,-38.3110057413578,-4190.660939916968,0.029288702928870293,0.6140350877192983,0.33652451407020595
YPL239W,-1,-38.326177686452866,-4618.2145591676235,0.029264214046822744,0.6140350877192983,0.3368146214099217
YGR181W,-1,-38.35856953263283,-4349.894331261516,0.029239766081871343,0.6140350877192983,0.3371047287496374
YDR498C,0,-38.36434297263622,-4234.288943842053,0.029239766081871343,0.6140350877192983,0.3371047287496374
YJR060W,-1,-38.37082099914551,-4811.201676920056,0.02921535893155259,0.6140350877192983,0.33739483608935306
YNL217W,0,-38.3820024728775,-4071.327636420727,0.02921535893155259,0.6140350877192983,0.33739483608935306
YER043C,0,-38.38476410508156,-4294.916331253946,0.02921535893155259,0.6140350877192983,0.33739483608935306
YKR054C,-1,-38.38762643933296,-4352.904675781727,0.029190992493744787,0.6140350877192983,0.33768494342906874
YPR015C,0,-38.406931549310684,-4055.3975418657064,0.029190992493744787,0.6140350877192983,0.33768494342906874
YDR082W,0,-38.40993693470955,-4396.5003254413605,0.029190992493744787,0.6140350877192983,0.33768494342906874
YHL039W,0,-38.44579857587814,-4642.214113950729,0.029190992493744787,0.6140350877192983,0.33768494342906874
YGR121C,0,-38.44957493245602,-4412.353907033801,0.029190992493744787,0.6140350877192983,0.33768494342906874
YDR130C,-1,-38.44977380335331,-4536.985726863146,0.029166666666666667,0.6140350877192983,0.3379750507687844
YMR200W,-1,-38.46541106700897,-4069.3026842027903,0.029142381348875937,0.6140350877192983,0.33826515810850016
YMR161W,-1,-38.47874626517296,-4193.856256887317,0.029118136439267885,0.6140350877192983,0.33855526544821585
YMR094W,-1,-38.49168436229229,-4216.747076451778,0.029093931837073983,0.6140350877192983,0.33884537278793153
YNL238W,0,-38.504993349313736,-4875.009316384792,0.029093931837073983,0.6140350877192983,0.33884537278793153
YOR240W,-1,-38.50508686900139,-3840.307423621416,0.029069767441860465,0.6140350877192983,0.3391354801276472
YER125W,-1,-38.50532892346382,-3928.535622701049,0.029045643153526972,0.6140350877192983,0.3394255874673629
YGL254W,1,-38.507372319698334,-4801.685976073146,0.029850746268656716,0.631578947368421,0.3394255874673629
YJL212C,0,-38.50788876414299,-3397.8587048202753,0.029850746268656716,0.631578947368421,0.3394255874673629
YBL023C,-1,-38.50824201107025,-4799.789776146412,0.029826014913007456,0.631578947368421,0.33971569480707864
YDL130W,-1,-38.530627742409706,-4845.788679286838,0.029801324503311258,0.631578947368421,0.3400058021467943
YGR077C,-1,-38.53436778485775,-4115.317201524973,0.02977667493796526,0.631578947368421,0.34029590948651
YCL005W,0,-38.5389431566,-4557.4185105115175,0.02977667493796526,0.631578947368421,0.34029590948651
YOR356W,-1,-38.539855778217316,-3844.41035027802,0.02975206611570248,0.631578947368421,0.3405860168262257
YOR144C,-1,-38.54811769723892,-5628.978332698345,0.02972749793559042,0.631578947368421,0.3408761241659414
YML126C,-1,-38.56357008218765,-4299.756892949343,0.0297029702970297,0.631578947368421,0.3411662315056571
YKL074C,-1,-38.57604956626892,-4743.243719950318,0.02967848309975268,0.631578947368421,0.3414563388453728
YNR070W,0,-38.5802386701107,-4227.986892774701,0.02967848309975268,0.631578947368421,0.3414563388453728
YFR036W,-1,-38.583338245749474,-4601.928467974067,0.029654036243822075,0.631578947368421,0.3417464461850885
YML071C,0,-38.58409431576729,-4493.431815087795,0.029654036243822075,0.631578947368421,0.3417464461850885
YGR091W,-1,-38.5854125469923,-4333.265065073967,0.02962962962962963,0.631578947368421,0.34203655352480417
YKR083C,-1,-38.62260599434376,-5247.856972768903,0.029605263157894735,0.631578947368421,0.34232666086451985
YOR088W,-1,-38.64317286014557,-3917.017002373934,0.029580936729663106,0.631578947368421,0.3426167682042356
YJR028W,-1,-38.6433390378952,-4112.7981169223785,0.029556650246305417,0.631578947368421,0.3429068755439513
YDR046C,-1,-38.64922347664833,-4163.603878155351,0.029532403609515995,0.631578947368421,0.34319698288366696
YPL170W,-1,-38.666315257549286,-3719.3562318235636,0.029508196721311476,0.631578947368421,0.34348709022338264
YOR315W,-1,-38.6930979937315,-5157.504154458642,0.029484029484029485,0.631578947368421,0.3437771975630983
YDL217C,-1,-38.698514088988304,-4536.00260078907,0.029459901800327332,0.631578947368421,0.34406730490281406
YCR055C,-1,-38.705446004867554,-4022.530798405409,0.029435813573180702,0.631578947368421,0.34435741224252975
YCR058C,-1,-38.70544609427452,-4022.530798882246,0.029411764705882353,0.631578947368421,0.34464751958224543
YOR021C,0,-38.71872302889824,-4626.310973793268,0.029411764705882353,0.631578947368421,0.34464751958224543
YNL051W,0,-38.72551752626896,-4368.345695763826,0.029411764705882353,0.631578947368421,0.34464751958224543
YDR185C,0,-38.726155027747154,-3672.520883888006,0.029411764705882353,0.631578947368421,0.34464751958224543
YAR002C-A,0,-38.72697016596794,-4848.3304029256105,0.029411764705882353,0.631578947368421,0.34464751958224543
YBR275C,0,-38.7272215038538,-5718.319396436214,0.029411764705882353,0.631578947368421,0.34464751958224543
YOR324C,0,-38.733887791633606,-4439.208447560668,0.029411764705882353,0.631578947368421,0.34464751958224543
YLR265C,-1,-38.745232462882996,-4651.714046597481,0.029387755102040815,0.631578947368421,0.3449376269219611
YIL064W,0,-38.747641801834106,-4843.405845284462,0.029387755102040815,0.631578947368421,0.3449376269219611
YDL088C,0,-38.751279070973396,-4840.712016180158,0.029387755102040815,0.631578947368421,0.3449376269219611
YDR363W,-1,-38.75661411881447,-4449.4857055693865,0.02936378466557912,0.631578947368421,0.3452277342616768
YKR068C,0,-38.764713540673256,-4119.7841233462095,0.02936378466557912,0.631578947368421,0.3452277342616768
YNR011C,-1,-38.783568903803825,-4883.7269555181265,0.029339853300733496,0.631578947368421,0.34551784160139254
YLR305C,-1,-38.78934724628925,-4763.500338345766,0.029315960912052116,0.631578947368421,0.3458079489411082
YBR198C,-1,-38.7897008061409,-4758.996572732925,0.029292107404393815,0.631578947368421,0.3460980562808239
YGL135W,0,-38.79876685142517,-4739.765239313245,0.029292107404393815,0.631578947368421,0.3460980562808239
YLR084C,-1,-38.81830582022667,-3983.096407070756,0.02926829268292683,0.631578947368421,0.3463881636205396
YJL029C,-1,-38.83326472342014,-4265.004353314638,0.02924451665312754,0.631578947368421,0.3466782709602553
YIL009C-A,0,-38.833573400974274,-4967.910965174437,0.02924451665312754,0.631578947368421,0.3466782709602553
YPR186C,1,-38.852109253406525,-4770.289861366153,0.030032467532467532,0.6491228070175439,0.3466782709602553
YDR141C,0,-38.852764427661896,-4216.8635935634375,0.030032467532467532,0.6491228070175439,0.3466782709602553
YGR106C,0,-38.86150944232941,-4837.034542009234,0.030032467532467532,0.6491228070175439,0.3466782709602553
YEL030W,-1,-38.86231631040573,-4122.450297534466,0.030008110300081103,0.6491228070175439,0.346968378299971
YBR271W,0,-38.86585345864296,-4584.93152153492,0.030008110300081103,0.6491228070175439,0.346968378299971
YNL236W,-1,-38.86761239171028,-4726.092043891549,0.029983792544570502,0.6491228070175439,0.3472584856396867
YLL038C,-1,-38.87944120168686,-4415.595010742545,0.029959514170040485,0.6491228070175439,0.3475485929794024
YAR015W,-1,-38.920101046562195,-4727.74687422812,0.029935275080906147,0.6491228070175439,0.34783870031911807
YGR109W-A,-1,-38.93556374311447,-3900.630390584469,0.029911075181891674,0.6491228070175439,0.34812880765883375
YOL003C,0,-38.93753084540367,-4163.795384287834,0.029911075181891674,0.6491228070175439,0.34812880765883375
YGL258W-A,0,-38.93935751914978,-3897.127523779869,0.029911075181891674,0.6491228070175439,0.34812880765883375
YBR196C-A,0,-38.939357578754425,-3897.127523779869,0.029911075181891674,0.6491228070175439,0.34812880765883375
YDR374W-A,0,-38.939357578754425,-3897.127523779869,0.029911075181891674,0.6491228070175439,0.34812880765883375
YDR524C-B,0,-38.939357578754425,-3897.127523779869,0.029911075181891674,0.6491228070175439,0.34812880765883375
YOR020W-A,0,-38.939357578754425,-3897.127523779869,0.029911075181891674,0.6491228070175439,0.34812880765883375
YBL108C-A,0,-38.93935763835907,-3897.127523779869,0.029911075181891674,0.6491228070175439,0.34812880765883375
YDR014W-A,-1,-38.93935763835907,-3897.127523779869,0.02988691437802908,0.6491228070175439,0.3484189149985495
YAR070W-A,0,-38.93935763835907,-3897.127523779869,0.02988691437802908,0.6491228070175439,0.3484189149985495
YLR157C-A,-1,-38.939357697963715,-3897.127523779869,0.02986279257465698,0.6491228070175439,0.3487090223382652
YPR170W-B,0,-38.93935775756836,-3897.127523779869,0.02986279257465698,0.6491228070175439,0.3487090223382652
YML045W-A,-1,-38.93935775756836,-3897.127523779869,0.029838709677419355,0.6491228070175439,0.34899912967798086
YJL127C-A,0,-38.93935775756836,-3897.12752366066,0.029838709677419355,0.6491228070175439,0.34899912967798086
YBL101W-A,-1,-38.939357817173004,-3897.12752366066,0.029814665592264304,0.6491228070175439,0.34928923701769654
YHR212W-A,0,-38.939357817173004,-3897.12752366066,0.029814665592264304,0.6491228070175439,0.34928923701769654
YNL284C-A,-1,-38.939357817173004,-3897.127523779869,0.029790660225442835,0.6491228070175439,0.3495793443574122
YKL065W-A,0,-38.939357817173004,-3897.12752366066,0.029790660225442835,0.6491228070175439,0.3495793443574122
YIL156W-B,0,-38.939357817173004,-3897.127523779869,0.029790660225442835,0.6491228070175439,0.3495793443574122
YGL194C-A,0,-38.939357817173004,-3897.127523779869,0.029790660225442835,0.6491228070175439,0.3495793443574122
YDR119W-A,0,-38.939357817173004,-3897.127523779869,0.029790660225442835,0.6491228070175439,0.3495793443574122
YDR381C-A,0,-38.939357817173004,-3897.127523779869,0.029790660225442835,0.6491228070175439,0.3495793443574122
YHL009W-A,-1,-38.939357817173004,-3897.127523779869,0.029766693483507644,0.6491228070175439,0.34986945169712796
YGR161W-B,-1,-38.94472509622574,-3901.410247385502,0.0297427652733119,0.6491228070175439,0.35015955903684365
YGR014W,-1,-38.95830373466015,-3930.959365442395,0.02971887550200803,0.6491228070175439,0.35044966637655933
YJL187C,-1,-38.95871728658676,-4993.808895662427,0.02969502407704655,0.6491228070175439,0.350739773716275
YDR210W-B,-1,-38.95920795202255,-3901.29096275568,0.02967121090617482,0.6491228070175439,0.3510298810559907
YGR161C-D,-1,-38.96087408065796,-3903.324800491333,0.029647435897435896,0.6491228070175439,0.3513199883957064
YDR034C-C,-1,-38.962597489356995,-3902.2803314328194,0.029623698959167333,0.6491228070175439,0.3516100957354221
YOR343W-B,-1,-38.96401709318161,-3904.9045318961143,0.0296,0.6491228070175439,0.3519002030751378
YPR158W-B,-1,-38.969300627708435,-3903.5719310045242,0.029576338928856916,0.6491228070175439,0.3521903104148535
YDR261W-B,-1,-38.970193684101105,-3899.4997411370277,0.029552715654952075,0.6491228070175439,0.3524804177545692
YOR122C,-1,-38.971799433231354,-4041.2614304572344,0.029529130087789304,0.6491228070175439,0.35277052509428486
YOR142W-A,-1,-38.97519189119339,-3903.895641207695,0.029505582137161084,0.6491228070175439,0.3530606324340006
YDR034C-D,-1,-38.975524604320526,-3903.6573894023895,0.02948207171314741,0.6491228070175439,0.3533507397737163
YIL022W,-1,-38.9888773560524,-4963.7250868827105,0.02945859872611465,0.6491228070175439,0.35364084711343197
YLR312W-A,-1,-38.993245005607605,-5212.225461393595,0.0294351630867144,0.6491228070175439,0.35393095445314765
YGR161C-C,-1,-38.9989230632782,-3899.487833440304,0.029411764705882353,0.6491228070175439,0.35422106179286333
YPR158C-C,-1,-39.001724898815155,-3901.9089140295982,0.02938840349483717,0.6491228070175439,0.3545111691325791
YLR227W-A,-1,-39.00282222032547,-3900.3539813160896,0.029365079365079365,0.6491228070175439,0.35480127647229476
YIL143C,-1,-39.003436118364334,-4016.997951105237,0.029341792228390166,0.6491228070175439,0.35509138381201044
YER116C,0,-39.00725804269314,-4270.923044756055,0.029341792228390166,0.6491228070175439,0.35509138381201044
YOR269W,-1,-39.00928197801113,-5247.259871318936,0.029318541996830427,0.6491228070175439,0.3553814911517261
YDR365W-A,-1,-39.0179568529129,-3904.1120146512985,0.02929532858273951,0.6491228070175439,0.3556715984914418
YMR301C,-1,-39.021884739398956,-4602.5737587064505,0.029272151898734177,0.6491228070175439,0.35596170583115755
YPR137C-A,-1,-39.02422970533371,-3900.3263019919395,0.02924901185770751,0.6491228070175439,0.35625181317087323
YPL045W,-1,-39.02813430130482,-4605.014282748103,0.029225908372827805,0.6491228070175439,0.3565419205105889
YBR258C,0,-39.03046326339245,-4805.959622859955,0.029225908372827805,0.6491228070175439,0.3565419205105889
YAR042W,-1,-39.03328254818916,-4390.151111766696,0.02920284135753749,0.6491228070175439,0.3568320278503046
YDR459C,0,-39.034980326890945,-4515.454914584756,0.02920284135753749,0.6491228070175439,0.3568320278503046
YGR038C-A,-1,-39.03757417201996,-3900.379232287407,0.02917981072555205,0.6491228070175439,0.3571221351900203
YLR073C,0,-39.041308760643005,-4786.256718635559,0.02917981072555205,0.6491228070175439,0.3571221351900203
YDR004W,-1,-39.04221025109291,-4217.110639870167,0.029156816390858944,0.6491228070175439,0.357412242529736
YDR334W,-1,-39.0573398321867,-4807.808299988508,0.029133858267716535,0.6491228070175439,0.3577023498694517
YNL218W,-1,-39.08504009246826,-5284.333931222558,0.029110936270653028,0.6491228070175439,0.3579924572091674
YOL081W,0,-39.09289225935936,-4052.638443171978,0.029110936270653028,0.6491228070175439,0.3579924572091674
YPR204W,0,-39.09851115942001,-4176.104105859995,0.029110936270653028,0.6491228070175439,0.3579924572091674
YLR274W,-1,-39.11845026910305,-4810.108125388622,0.02908805031446541,0.6491228070175439,0.3582825645488831
YBL038W,-1,-39.12146344780922,-4449.94203068316,0.029065200314218383,0.6491228070175439,0.35857267188859876
YOL132W,-1,-39.12307956814766,-4453.48752078414,0.029042386185243328,0.6491228070175439,0.3588627792283145
YNR032W,-1,-39.129914700984955,-4101.534836381674,0.029019607843137254,0.6491228070175439,0.3591528865680302
YGR109W-B,-1,-39.133724093437195,-3905.432750940323,0.028996865203761754,0.6491228070175439,0.35944299390774587
YNL038W,-1,-39.14398309588432,-4971.445663690567,0.028974158183241974,0.6491228070175439,0.35973310124746155
YPR108W,-1,-39.14592716097832,-4402.421276450157,0.028951486697965573,0.6491228070175439,0.36002320858717723
YDL236W,-1,-39.16494283080101,-4385.699608191848,0.028928850664581705,0.6491228070175439,0.360313315926893
YMR314W,-1,-39.1716660708189,-4316.571065694094,0.02890625,0.6491228070175439,0.36060342326660866
YPL016W,-1,-39.17196071147919,-4737.913725927472,0.02888368462138954,0.6491228070175439,0.36089353060632434
YBR112C,-1,-39.17791028320789,-4595.062069937587,0.028861154446177848,0.6491228070175439,0.36118363794604
YIL144W,-1,-39.17876315116882,-4592.560818597674,0.028838659392049885,0.6491228070175439,0.3614737452857557
YKL132C,0,-39.188828617334366,-4030.631177663803,0.028838659392049885,0.6491228070175439,0.3614737452857557
YCR029C-A,-1,-39.19428837299347,-3786.596635133028,0.02881619937694704,0.6491228070175439,0.36176385262547145
YLR260W,-1,-39.19751635193825,-4349.453048616648,0.028793774319066146,0.6491228070175439,0.36205395996518713
YCL062W,-1,-39.19874197244644,-4054.081883877516,0.028771384136858476,0.6491228070175439,0.3623440673049028
YMR066W,0,-39.21078950166702,-4229.752073973417,0.028771384136858476,0.6491228070175439,0.3623440673049028
YBR111W-A,-1,-39.231390833854675,-3904.8060789108276,0.028749028749028748,0.6491228070175439,0.3626341746446185
YBR133C,-1,-39.24494504928589,-4480.364896193147,0.02872670807453416,0.6491228070175439,0.3629242819843342
YBR129C,-1,-39.247191816568375,-5498.291677847505,0.028704422032583398,0.6491228070175439,0.3632143893240499
YER177W,-1,-39.25004202127457,-3796.372680783272,0.02868217054263566,0.6491228070175439,0.3635044966637656
YER163C,0,-39.25199890136719,-4096.735556721687,0.02868217054263566,0.6491228070175439,0.3635044966637656
YBR233W-A,-1,-39.25813114643097,-4160.870554149151,0.02865995352439969,0.6491228070175439,0.3637946040034813
YER094C,-1,-39.266878232359886,-4175.4265414476395,0.02863777089783282,0.6491228070175439,0.364084711343197
YLR066W,0,-39.27616150677204,-4389.698301509023,0.02863777089783282,0.6491228070175439,0.364084711343197
YKL058W,-1,-39.2894803583622,-4066.8877680003643,0.028615622583139984,0.6491228070175439,0.36437481868291266
YOR149C,-1,-39.31696107983589,-4285.831174194813,0.0285935085007728,0.6491228070175439,0.3646649260226284
YDR090C,0,-39.33270412683487,-4173.711334198713,0.0285935085007728,0.6491228070175439,0.3646649260226284
YDL200C,-1,-39.33707341551781,-4966.259502753615,0.02857142857142857,0.6491228070175439,0.3649550333623441
YIL098C,-1,-39.3383355140686,-4214.969825491309,0.02854938271604938,0.6491228070175439,0.36524514070205977
YFL002W-A,-1,-39.33986854553223,-3913.253551721573,0.028527370855821126,0.6491228070175439,0.36553524804177545
YPL221W,-1,-39.347557708621025,-3874.610943004489,0.028505392912172575,0.6491228070175439,0.36582535538149114
YER008C,-1,-39.35318951308727,-4415.432678997517,0.02848344880677444,0.6491228070175439,0.3661154627212068
YLR452C,-1,-39.35587541759014,-4137.805163294077,0.02846153846153846,0.6491228070175439,0.36640557006092256
YOR193W,-1,-39.36606951057911,-4026.1694902926683,0.02843966179861645,0.6491228070175439,0.36669567740063824
YJL006C,-1,-39.389276787638664,-4845.863402456045,0.028417818740399385,0.6491228070175439,0.3669857847403539
YDL044C,-1,-39.39199534058571,-5018.689788132906,0.0283960092095165,0.6491228070175439,0.3672758920800696
YDR474C,0,-39.39713418483734,-3869.1315865814686,0.0283960092095165,0.6491228070175439,0.3672758920800696
YOR217W,-1,-39.40144509077072,-4816.473084822297,0.028374233128834355,0.6491228070175439,0.3675659994197853
YLR459W,-1,-39.414976984262466,-4244.406374409795,0.028352490421455937,0.6491228070175439,0.36785610675950103
YKL127W,0,-39.4198262244463,-5029.149208799005,0.028352490421455937,0.6491228070175439,0.36785610675950103
YPL226W,0,-39.4251905977726,-7128.97977386415,0.028352490421455937,0.6491228070175439,0.36785610675950103
YOR365C,0,-39.42953938245773,-4137.242622256279,0.028352490421455937,0.6491228070175439,0.36785610675950103
YPR040W,0,-39.44244632124901,-3937.1958442926407,0.028352490421455937,0.6491228070175439,0.36785610675950103
YBR131W,0,-39.44553679227829,-4803.273281365633,0.028352490421455937,0.6491228070175439,0.36785610675950103
YDR457W,-1,-39.448649913072586,-4614.934060230851,0.028330781010719754,0.6491228070175439,0.3681462140992167
YHL032C,0,-39.47027313709259,-4447.145908012986,0.028330781010719754,0.6491228070175439,0.3681462140992167
YKL049C,-1,-39.471526488661766,-4847.265060737729,0.028309104820198928,0.6491228070175439,0.3684363214389324
YKR062W,-1,-39.47270694375038,-4102.872888430953,0.028287461773700305,0.6491228070175439,0.3687264287786481
YGL253W,-1,-39.48988401889801,-4172.3897486031055,0.02826585179526356,0.6491228070175439,0.36901653611836377
YPR046W,-1,-39.51713018119335,-5107.573060154915,0.028244274809160305,0.6491228070175439,0.3693066434580795
YJL104W,-1,-39.5210567265749,-5668.483303621411,0.02822273073989321,0.6491228070175439,0.3695967507977952
YBL024W,-1,-39.52664555609226,-5477.542249888182,0.028201219512195123,0.6491228070175439,0.3698868581375109
YDR487C,-1,-39.52908346056938,-4714.185859724879,0.02817974105102818,0.6491228070175439,0.37017696547722656
YHR047C,0,-39.53823773562908,-5026.724258348346,0.02817974105102818,0.6491228070175439,0.37017696547722656
YOR262W,-1,-39.5497562289238,-4444.650324642658,0.02815829528158295,0.6491228070175439,0.37046707281694224
YJL058C,-1,-39.5589275509119,-4764.781662657857,0.028136882129277566,0.6491228070175439,0.370757180156658
YOR099W,-1,-39.55897842347622,-4353.714665830135,0.02811550151975684,0.6491228070175439,0.37104728749637367
YLL010C,0,-39.56665852665901,-4168.313987240195,0.02811550151975684,0.6491228070175439,0.37104728749637367
YOL158C,-1,-39.57872948050499,-4266.408136233687,0.02809415337889142,0.6491228070175439,0.37133739483608935
YHL016C,-1,-39.58008134365082,-4140.50005826354,0.028072837632776935,0.6491228070175439,0.37162750217580504
YCL010C,-1,-39.59610395133495,-4032.3865386098623,0.028051554207733132,0.6491228070175439,0.3719176095155207
YNL133C,-1,-39.60224263370037,-4475.445686459541,0.02803030303030303,0.6491228070175439,0.37220771685523646
YBR159W,-1,-39.60523855686188,-4208.757172137499,0.028009084027252083,0.6491228070175439,0.37249782419495214
YGR274C,-1,-39.606267392635345,-4758.903781428933,0.02798789712556732,0.6491228070175439,0.3727879315346678
YGR031C-A,0,-39.61078590154648,-3914.922083735466,0.02798789712556732,0.6491228070175439,0.3727879315346678
YJL149W,-1,-39.62371611595154,-3528.508851647377,0.027966742252456538,0.6491228070175439,0.3730780388743835
YDR207C,-1,-39.62760138511658,-4989.180153787136,0.027945619335347432,0.6491228070175439,0.3733681462140992
YDR394W,-1,-39.636781111359596,-4140.092892542481,0.027924528301886794,0.6491228070175439,0.37365825355381493
YDL015C,-1,-39.656041488051414,-4101.129972830415,0.02790346907993967,0.6491228070175439,0.3739483608935306
YBR071W,0,-39.65706166625023,-3959.1823966503143,0.02790346907993967,0.6491228070175439,0.3739483608935306
YOR372C,-1,-39.68039491772652,-4094.5100515782833,0.027882441597588545,0.6491228070175439,0.3742384682332463
YBL088C,-1,-39.68366211652756,-4534.663581684232,0.02786144578313253,0.6491228070175439,0.374528575572962
YDR392W,-1,-39.68938395380974,-4433.578744187951,0.02784048156508653,0.6491228070175439,0.37481868291267767
YDR419W,-1,-39.6905604749918,-4816.590958222747,0.027819548872180452,0.6491228070175439,0.3751087902523934
YNR052C,-1,-39.69114914536476,-4620.836773842573,0.02779864763335838,0.6491228070175439,0.3753988975921091
YDR153C,-1,-39.69351515173912,-5509.810517653823,0.027777777777777776,0.6491228070175439,0.3756890049318248
YIL026C,-1,-39.69695200026035,-4538.652442127466,0.0277569392348087,0.6491228070175439,0.37597911227154046
YLR414C,0,-39.70897427201271,-4032.714223653078,0.0277569392348087,0.6491228070175439,0.37597911227154046
YGR163W,-1,-39.71685907244682,-4133.476360037923,0.027736131934032984,0.6491228070175439,0.37626921961125614
YAL002W,-1,-39.74175623059273,-4114.945846363902,0.027715355805243445,0.6491228070175439,0.3765593269509719
YGR184C,-1,-39.74784076213837,-4709.278170645237,0.027694610778443114,0.6491228070175439,0.37684943429068757
YHR063C,0,-39.76486787199974,-4587.124208688736,0.027694610778443114,0.6491228070175439,0.37684943429068757
YLR128W,-1,-39.7658933699131,-4151.485375195742,0.027673896783844427,0.6491228070175439,0.37713954163040325
YGL147C,0,-39.77579063177109,-4815.689370840788,0.027673896783844427,0.6491228070175439,0.37713954163040325
YEL009C,-1,-39.785560578107834,-3773.369753405452,0.02765321375186846,0.6491228070175439,0.37742964897011894
YGL108C,0,-39.837149918079376,-3956.600744456053,0.02765321375186846,0.6491228070175439,0.37742964897011894
YJR092W,-1,-39.838285475969315,-4920.89356572926,0.027632561613144136,0.6491228070175439,0.3777197563098346
YOL004W,-1,-39.83859686553478,-4103.759834945202,0.027611940298507463,0.6491228070175439,0.37800986364955036
YMR203W,-1,-39.83924688398838,-4688.476312234998,0.027591349739000747,0.6491228070175439,0.37829997098926604
YBR248C,-1,-39.84350526332855,-3834.347314298153,0.027570789865871834,0.6491228070175439,0.3785900783289817
YIL076W,-1,-39.84514594078064,-4632.190923437476,0.027550260610573342,0.6491228070175439,0.3788801856686974
YER044C-A,-1,-39.87976014614105,-4288.100845828652,0.027529761904761904,0.6491228070175439,0.3791702930084131
YEL027W,-1,-39.882377952337265,-4320.534620791674,0.0275092936802974,0.6491228070175439,0.37946040034812883
YLR390W,0,-39.88651478290558,-4322.008963301778,0.0275092936802974,0.6491228070175439,0.37946040034812883
YGR016W,0,-39.88878434896469,-4079.9937436282635,0.0275092936802974,0.6491228070175439,0.37946040034812883
YLR433C,-1,-39.89542391896248,-4732.03691226244,0.0274888558692422,0.6491228070175439,0.3797505076878445
YKL165C,-1,-39.91234563291073,-4210.035169139504,0.02746844840386043,0.6491228070175439,0.3800406150275602
YHL034C,0,-39.9170686006546,-4175.19703759253,0.02746844840386043,0.6491228070175439,0.3800406150275602
YMR236W,-1,-39.93171854317188,-5282.999799132347,0.02744807121661721,0.6491228070175439,0.3803307223672759
YNR065C,0,-39.93297412991524,-3712.6030047237873,0.02744807121661721,0.6491228070175439,0.3803307223672759
YDR106W,0,-39.95391966402531,-4233.499195560813,0.02744807121661721,0.6491228070175439,0.3803307223672759
YJL023C,0,-39.96035033464432,-5089.003993853927,0.02744807121661721,0.6491228070175439,0.3803307223672759
YLR309C,0,-39.96236628293991,-4849.50615182519,0.02744807121661721,0.6491228070175439,0.3803307223672759
YPL052W-A,0,-39.97271969914436,-4076.176308184862,0.02744807121661721,0.6491228070175439,0.3803307223672759
YIL123W,0,-39.97910934686661,-4263.187975913286,0.02744807121661721,0.6491228070175439,0.3803307223672759
YNL273W,-1,-39.98565201461315,-5537.4385531544685,0.02742772424017791,0.6491228070175439,0.38062082970699157
YHR214W,0,-39.996333450078964,-4194.889324575663,0.02742772424017791,0.6491228070175439,0.38062082970699157
YPL064C,-1,-40.01439291238785,-4926.572334676981,0.027407407407407408,0.6491228070175439,0.38091093704670725
YCR101C,0,-40.021192610263824,-4037.3334858715534,0.027407407407407408,0.6491228070175439,0.38091093704670725
YJL128C,-1,-40.04870253801346,-4370.425518751144,0.027387120651369355,0.6491228070175439,0.381201044386423
YDR410C,0,-40.05151069164276,-4835.520363584161,0.027387120651369355,0.6491228070175439,0.381201044386423
YHR055C,0,-40.05187311768532,-3814.0054740458727,0.027387120651369355,0.6491228070175439,0.381201044386423
YGL127C,-1,-40.055721908807755,-4442.949231490493,0.027366863905325445,0.6491228070175439,0.3814911517261387
YNL040W,0,-40.06139647960663,-4139.360729396343,0.027366863905325445,0.6491228070175439,0.3814911517261387
YNL069C,0,-40.06396821141243,-4821.770705059171,0.027366863905325445,0.6491228070175439,0.3814911517261387
YHR079C-B,-1,-40.06664276123047,-3939.474570661783,0.027346637102734665,0.6491228070175439,0.38178125906585436
YLR301W,0,-40.09428635239601,-4198.672025352716,0.027346637102734665,0.6491228070175439,0.38178125906585436
YKR034W,0,-40.11110316216946,-3804.9154273569584,0.027346637102734665,0.6491228070175439,0.38178125906585436
YLL048C,-1,-40.119256645441055,-4894.528958067298,0.027326440177252585,0.6491228070175439,0.38207136640557005
YDR177W,-1,-40.124565824866295,-5064.518139407039,0.02730627306273063,0.6491228070175439,0.38236147374528573
YHR215W,0,-40.1686971783638,-4262.413125604391,0.02730627306273063,0.6491228070175439,0.38236147374528573
YDR019C,0,-40.176005095243454,-4268.73095497489,0.02730627306273063,0.6491228070175439,0.38236147374528573
YPR168W,-1,-40.176339983940125,-4197.711210012436,0.02728613569321534,0.6491228070175439,0.38265158108500147
YPL106C,-1,-40.17744408547878,-3892.7690670490265,0.027266028002947678,0.6491228070175439,0.38294168842471715
YBR246W,0,-40.17800936102867,-4182.222069591284,0.027266028002947678,0.6491228070175439,0.38294168842471715
YMR102C,0,-40.17857536673546,-3759.116803199053,0.027266028002947678,0.6491228070175439,0.38294168842471715
YLR145W,-1,-40.18561728298664,-4725.611849665642,0.027245949926362298,0.6491228070175439,0.38323179576443284
YNL121C,-1,-40.204966723918915,-5525.09707595408,0.027225901398086828,0.6491228070175439,0.3835219031041485
YOR373W,-1,-40.227625250816345,-4979.210653871298,0.027205882352941177,0.6491228070175439,0.3838120104438642
YDL124W,-1,-40.257029950618744,-3637.3484995663166,0.02718589272593681,0.6491228070175439,0.38410211778357994
YLR091W,0,-40.2575446665287,-4170.6591720581055,0.02718589272593681,0.6491228070175439,0.38410211778357994
YCR003W,-1,-40.25848898291588,-4515.952253013849,0.027165932452276064,0.6491228070175439,0.3843922251232956
YML133C,0,-40.26238003373146,-4338.5307903289795,0.027165932452276064,0.6491228070175439,0.3843922251232956
YGR005C,-1,-40.2789658755064,-5340.441924959421,0.02714600146735143,0.6491228070175439,0.3846823324630113
YOL057W,0,-40.29759693145752,-4296.96028020978,0.02714600146735143,0.6491228070175439,0.3846823324630113
YOR187W,-1,-40.31532779335976,-4297.979576319456,0.027126099706744868,0.6491228070175439,0.384972439802727
YML041C,-1,-40.33021932840347,-4386.525760084391,0.027106227106227107,0.6491228070175439,0.3852625471424427
YIL003W,0,-40.333469584584236,-4666.839126542211,0.027106227106227107,0.6491228070175439,0.3852625471424427
YMR065W,-1,-40.33697712421417,-4306.215607196093,0.027086383601756955,0.6491228070175439,0.3855526544821584
YHR167W,-1,-40.337683990597725,-4980.984657928348,0.027066569129480616,0.6491228070175439,0.3858427618218741
YDR384C,0,-40.34127485752106,-5527.672753736377,0.027066569129480616,0.6491228070175439,0.3858427618218741
YGL234W,0,-40.344922468066216,-5048.466102719307,0.027066569129480616,0.6491228070175439,0.3858427618218741
YJL080C,-1,-40.35679043829441,-4586.891041144729,0.027046783625730993,0.6491228070175439,0.3861328691615898
YHR065C,-1,-40.35708177089691,-7417.282409563661,0.02702702702702703,0.6491228070175439,0.38642297650130547
YEL050C,-1,-40.357863426208496,-4434.193519681692,0.027007299270072994,0.6491228070175439,0.38671308384102115
YLR440C,0,-40.36337296664715,-5102.57871298492,0.027007299270072994,0.6491228070175439,0.38671308384102115
YDR071C,-1,-40.37889185547829,-4797.417000725865,0.02698760029175784,0.6491228070175439,0.3870031911807369
YDL140C,-1,-40.381338983774185,-3908.608369588852,0.02696793002915452,0.6491228070175439,0.3872932985204526
YML040W,-1,-40.402352690696716,-4151.014406621456,0.026948288419519302,0.6491228070175439,0.38758340586016826
YGL247W,0,-40.402553617954254,-7048.686832934618,0.026948288419519302,0.6491228070175439,0.38758340586016826
YJR054W,0,-40.40375554561615,-4226.151489108801,0.026948288419519302,0.6491228070175439,0.38758340586016826
YGR004W,-1,-40.41943120956421,-4679.236888870597,0.026928675400291122,0.6491228070175439,0.38787351319988395
YGR125W,0,-40.422267735004425,-4137.047721683979,0.026928675400291122,0.6491228070175439,0.38787351319988395
YFL066C,0,-40.42880240082741,-4107.408354282379,0.026928675400291122,0.6491228070175439,0.38787351319988395
YKL178C,-1,-40.44786721467972,-3999.697509840131,0.02690909090909091,0.6491228070175439,0.38816362053959963
YJL148W,-1,-40.45894396305084,-7583.885671213269,0.02688953488372093,0.6491228070175439,0.38845372787931537
YDR076W,-1,-40.46666273474693,-4367.551269128919,0.026870007262164125,0.6491228070175439,0.38874383521903105
YLR442C,-1,-40.48474109172821,-5014.362077355385,0.026850507982583455,0.6491228070175439,0.38903394255874674
YMR069W,0,-40.4883888065815,-4771.638075128198,0.026850507982583455,0.6491228070175439,0.38903394255874674
YPL208W,0,-40.4931600689888,-4970.664491951466,0.026850507982583455,0.6491228070175439,0.38903394255874674
YOR304C-A,0,-40.50555923581123,-4527.271652787924,0.026850507982583455,0.6491228070175439,0.38903394255874674
YDR131C,-1,-40.530206978321075,-4061.8649648427963,0.026831036983321246,0.6491228070175439,0.3893240498984624
YCR080W,-1,-40.56362563371658,-3945.4271830916405,0.02681159420289855,0.6491228070175439,0.3896141572381781
YOL103W,0,-40.5653321146965,-4478.297048225999,0.02681159420289855,0.6491228070175439,0.3896141572381781
YIL070C,-1,-40.569675981998444,-4538.138447806239,0.026792179580014484,0.6491228070175439,0.38990426457789384
YHR126C,0,-40.571755081415176,-4065.418642386794,0.026792179580014484,0.6491228070175439,0.38990426457789384
YDR079W,-1,-40.58773374557495,-4733.859729707241,0.026772793053545588,0.6491228070175439,0.39019437191760953
YDL069C,0,-40.59377557039261,-4469.103748306632,0.026772793053545588,0.6491228070175439,0.39019437191760953
YDL097C,-1,-40.61044901609421,-4200.656722441316,0.02675343456254519,0.6491228070175439,0.3904844792573252
YPR097W,0,-40.615900814533234,-4257.71942076087,0.02675343456254519,0.6491228070175439,0.3904844792573252
YMR180C,-1,-40.62656754255295,-4634.072089865804,0.026734104046242775,0.6491228070175439,0.3907745865970409
YGL046W,-1,-40.63329151272774,-3913.3000684678555,0.026714801444043323,0.6491228070175439,0.3910646939367566
YCL024W,-1,-40.6398186981678,-4449.396196037531,0.026695526695526696,0.6491228070175439,0.3913548012764723
YDR406W,0,-40.640377908945084,-3948.5231859236956,0.026695526695526696,0.6491228070175439,0.3913548012764723
YPL171C,0,-40.64183256030083,-4049.5681880265474,0.026695526695526696,0.6491228070175439,0.3913548012764723
YJL186W,-1,-40.66091853380203,-4744.893735095859,0.026676279740447006,0.6491228070175439,0.391644908616188
YMR013C,-1,-40.66174986958504,-5137.267068147659,0.026657060518731988,0.6491228070175439,0.3919350159559037
YLR337W,-1,-40.66764169931412,-3978.639509111643,0.02663786897048236,0.6491228070175439,0.39222512329561937
YKL003C,-1,-40.6815690100193,-4404.083918914199,0.026618705035971222,0.6491228070175439,0.39251523063533506
YGL198W,0,-40.68832017481327,-4162.575785502791,0.026618705035971222,0.6491228070175439,0.39251523063533506
YLR341W,-1,-40.70009705424309,-4302.723333865404,0.026599568655643422,0.6491228070175439,0.3928053379750508
YDR263C,-1,-40.70222067832947,-3914.361216261983,0.02658045977011494,0.6491228070175439,0.3930954453147665
YDR493W,0,-40.70252528786659,-4497.370928764343,0.02658045977011494,0.6491228070175439,0.3930954453147665
YNL270C,-1,-40.73725247383118,-4139.591355159879,0.02656137832017229,0.6491228070175439,0.39338555265448216
YAL058W,-1,-40.74609076976776,-4791.497569233179,0.02654232424677188,0.6491228070175439,0.39367565999419785
YOL126C,-1,-40.75396502017975,-3946.381096661091,0.026523297491039426,0.6491228070175439,0.39396576733391353
YPL199C,0,-40.77058717608452,-4493.638988018036,0.026523297491039426,0.6491228070175439,0.39396576733391353
YMR204C,-1,-40.77751213312149,-4321.105775132775,0.02650429799426934,0.6491228070175439,0.39425587467362927
YBR015C,-1,-40.77764156460762,-4631.516899242997,0.026485325697924122,0.6491228070175439,0.39454598201334495
YKL012W,-1,-40.785253554582596,-5276.695875912905,0.026466380543633764,0.6491228070175439,0.39483608935306064
YBR048W,-1,-40.792387783527374,-4617.992630243301,0.02644746247319514,0.6491228070175439,0.3951261966927763
YAR010C,-1,-40.80117076635361,-3997.4574550390244,0.02642857142857143,0.6491228070175439,0.395416304032492
YNL323W,-1,-40.80608983337879,-5400.386294364929,0.026409707351891507,0.6491228070175439,0.3957064113722077
YHR059W,0,-40.80732788145542,-5051.7266324311495,0.026409707351891507,0.6491228070175439,0.3957064113722077
YBR181C,-1,-40.816397562623024,-5078.535940378904,0.026390870185449358,0.6491228070175439,0.39599651871192343
YKR105C,-1,-40.82707440853119,-3897.062386214733,0.026372059871703494,0.6491228070175439,0.3962866260516391
YLR088W,-1,-40.843842923641205,-4718.795140713453,0.026353276353276354,0.6491228070175439,0.3965767333913548
YER007W,-1,-40.84845012426376,-5104.956554487348,0.026334519572953737,0.6491228070175439,0.3968668407310705
YGL084C,-1,-40.849854707717896,-4403.301629766822,0.02631578947368421,0.6491228070175439,0.39715694807078616
YNR013C,-1,-40.859754264354706,-4351.572490260005,0.026297085998578537,0.6491228070175439,0.3974470554105019
YNL026W,-1,-40.87790147960186,-4339.051906764507,0.026278409090909092,0.6491228070175439,0.3977371627502176
YGL162W,-1,-40.87823240458965,-5115.551789402962,0.0262597586941093,0.6491228070175439,0.39802727008993327
YML075C,-1,-40.88832128047943,-4608.629382997751,0.02624113475177305,0.6491228070175439,0.39831737742964896
YER021W,-1,-40.88998547196388,-4437.601239800453,0.026222537207654145,0.6491228070175439,0.39860748476936464
YNL262W,-1,-40.89719994366169,-5258.2545020878315,0.026203966005665724,0.6491228070175439,0.3988975921090804
YMR072W,-1,-40.90105950832367,-4356.594034209847,0.026185421089879687,0.6491228070175439,0.39918769944879606
YOR019W,0,-40.91481423377991,-4080.175333350897,0.026185421089879687,0.6491228070175439,0.39918769944879606
YOR322C,-1,-40.9180021584034,-4823.478859037161,0.02616690240452617,0.6491228070175439,0.39947780678851175
YDR134C,0,-40.91852688789368,-4196.665660619736,0.02616690240452617,0.6491228070175439,0.39947780678851175
YGL067W,0,-40.92314502596855,-4553.168892934918,0.02616690240452617,0.6491228070175439,0.39947780678851175
YGR122W,-1,-40.923265159130096,-4228.301862865686,0.026148409893992933,0.6491228070175439,0.39976791412822743
YBR260C,-1,-40.93051469326019,-4592.047749564052,0.026129943502824857,0.6491228070175439,0.4000580214679431
YIL165C,0,-40.94918592274189,-4058.16138663888,0.026129943502824857,0.6491228070175439,0.4000580214679431
YDL134C-A,0,-40.95903015136719,-3942.165129840374,0.026129943502824857,0.6491228070175439,0.4000580214679431
YPR072W,-1,-40.96055507659912,-4903.491924315691,0.02611150317572336,0.6491228070175439,0.40034812880765885
YOR251C,-1,-40.9875967502594,-4626.962719231844,0.02609308885754584,0.6491228070175439,0.40063823614737454
YGL210W,-1,-40.992959186434746,-5206.7021689116955,0.026074700493305146,0.6491228070175439,0.4009283434870902
YOR287C,-1,-41.00719940662384,-4750.645753085613,0.026056338028169014,0.6491228070175439,0.4012184508268059
YDL145C,0,-41.00992842018604,-4601.621204301715,0.026056338028169014,0.6491228070175439,0.4012184508268059
YHL020C,-1,-41.01063746213913,-5857.125922754407,0.026038001407459536,0.6491228070175439,0.4015085581665216
YLR413W,0,-41.01513096690178,-4695.509681403637,0.026038001407459536,0.6491228070175439,0.4015085581665216
YDR062W,-1,-41.033568412065506,-4580.311150059104,0.026019690576652602,0.6491228070175439,0.40179866550623733
YGL094C,-1,-41.03966775536537,-5452.326952978969,0.02600140548137737,0.6491228070175439,0.402088772845953
YFL011W-A,-1,-41.06201195716858,-4073.2579331994057,0.02598314606741573,0.6491228070175439,0.4023788801856687
YBR043C,0,-41.06439380347729,-4083.807977259159,0.02598314606741573,0.6491228070175439,0.4023788801856687
YDL134C,-1,-41.06635218858719,-4052.9542384147644,0.025964912280701753,0.6491228070175439,0.4026689875253844
YPR147C,0,-41.07220205664635,-4134.931376039982,0.025964912280701753,0.6491228070175439,0.4026689875253844
YNL122C,0,-41.079277485609055,-4261.400632232428,0.025964912280701753,0.6491228070175439,0.4026689875253844
YGR243W,0,-41.08369007706642,-3725.5583930313587,0.025964912280701753,0.6491228070175439,0.4026689875253844
YBR162C,0,-41.08541205525398,-4701.797894567251,0.025964912280701753,0.6491228070175439,0.4026689875253844
YOR157C,-1,-41.09303341805935,-4485.524474307895,0.025946704067321177,0.6491228070175439,0.40295909486510006
YOL162W,0,-41.105897307395935,-4230.548491746187,0.025946704067321177,0.6491228070175439,0.40295909486510006
YIL002C,-1,-41.109479159116745,-4589.433410584927,0.02592852137351086,0.6491228070175439,0.4032492022048158
YOR039W,1,-41.12103968858719,-4883.672365039587,0.02661064425770308,0.6666666666666666,0.4032492022048158
YLR209C,0,-41.12363776564598,-4252.384798884392,0.02661064425770308,0.6666666666666666,0.4032492022048158
YDR188W,-1,-41.12446464598179,-5273.481619134545,0.026592022393282014,0.6666666666666666,0.4035393095445315
YPL013C,-1,-41.13020467758179,-5430.689328998327,0.026573426573426574,0.6666666666666666,0.40382941688424717
YPL268W,-1,-41.144335582852364,-4839.767995342612,0.026554856743535988,0.6666666666666666,0.40411952422396286
YLR037C,0,-41.14446306228638,-4128.462387263775,0.026554856743535988,0.6666666666666666,0.40411952422396286
YFR039C,0,-41.15525132417679,-4250.762156069279,0.026554856743535988,0.6666666666666666,0.40411952422396286
YGL077C,-1,-41.17620378732681,-5419.714133858681,0.02653631284916201,0.6666666666666666,0.40440963156367854
YGL008C,-1,-41.17810729146004,-3829.7914134711027,0.026517794836008374,0.6666666666666666,0.4046997389033943
YGR271W,0,-41.18407544493675,-4699.919657990336,0.026517794836008374,0.6666666666666666,0.4046997389033943
YDL077C,-1,-41.18631558120251,-5052.49203941226,0.026499302649930265,0.6666666666666666,0.40498984624310996
YMR220W,-1,-41.188509583473206,-5612.414465740323,0.0264808362369338,0.6666666666666666,0.40527995358282565
YIL048W,-1,-41.199220672249794,-4153.237424552441,0.026462395543175487,0.6666666666666666,0.40557006092254133
YDR222W,-1,-41.20346900820732,-3809.4445828199387,0.026443980514961725,0.6666666666666666,0.405860168262257
YFL033C,-1,-41.22002585232258,-4556.376359522343,0.02642559109874826,0.6666666666666666,0.40615027560197275
YLR020C,-1,-41.22173362970352,-4354.18721292913,0.02640722724113968,0.6666666666666666,0.40644038294168844
YDR038C,-1,-41.2323597073555,-4287.510985285044,0.02638888888888889,0.6666666666666666,0.4067304902814041
YOL138C,0,-41.24178236722946,-4789.335582226515,0.02638888888888889,0.6666666666666666,0.4067304902814041
YDR182W,-1,-41.247449934482574,-4218.537574186921,0.0263705759888966,0.6666666666666666,0.4070205976211198
YDL056W,-1,-41.26327368617058,-4685.1279637515545,0.026352288488210817,0.6666666666666666,0.4073107049608355
YOR086C,0,-41.265379041433334,-4054.5650682896376,0.026352288488210817,0.6666666666666666,0.4073107049608355
YBL017C,-1,-41.27212296426296,-4276.751410797238,0.026334026334026334,0.6666666666666666,0.40760081230055123
YJL194W,-1,-41.28294783830643,-5105.816832095385,0.02631578947368421,0.6666666666666666,0.4078909196402669
YNL298W,-1,-41.285054832696915,-4703.636757925153,0.02629757785467128,0.6666666666666666,0.4081810269799826
YLR158C,0,-41.287576735019684,-4050.747987523675,0.02629757785467128,0.6666666666666666,0.4081810269799826
YPR054W,-1,-41.29743380844593,-4339.400095418096,0.02627939142461964,0.6666666666666666,0.4084711343196983
YBR136W,-1,-41.305649265646935,-5128.6465250998735,0.02626123013130615,0.6666666666666666,0.40876124165941397
YDR444W,-1,-41.30571812391281,-4699.259430855513,0.026243093922651933,0.6666666666666666,0.4090513489991297
YMR114C,0,-41.309527546167374,-3973.1506614238024,0.026243093922651933,0.6666666666666666,0.4090513489991297
YAR050W,0,-41.31348466873169,-4577.691202044487,0.026243093922651933,0.6666666666666666,0.4090513489991297
YGL116W,-1,-41.3518501073122,-4755.166208192706,0.026224982746721876,0.6666666666666666,0.4093414563388454
YDR354W,0,-41.357803627848625,-5298.816986784339,0.026224982746721876,0.6666666666666666,0.4093414563388454
YFL060C,0,-41.35823577642441,-4462.390934228897,0.026224982746721876,0.6666666666666666,0.4093414563388454
YGR211W,-1,-41.36431760340929,-6141.258904360235,0.02620689655172414,0.6666666666666666,0.4096315636785611
YPR129W,0,-41.367095336318016,-5534.367816969752,0.02620689655172414,0.6666666666666666,0.4096315636785611
YHR023W,-1,-41.37466964125633,-4921.163774639368,0.026188835286009647,0.6666666666666666,0.40992167101827676
YLR194C,0,-41.389734238386154,-4005.5585226267576,0.026188835286009647,0.6666666666666666,0.40992167101827676
YLR072W,0,-41.39847460389137,-3951.922252267599,0.026188835286009647,0.6666666666666666,0.40992167101827676
YKR008W,-1,-41.42453995347023,-4681.752214744687,0.026170798898071626,0.6666666666666666,0.41021177835799244
YLR287C,0,-41.429612785577774,-4547.195147633553,0.026170798898071626,0.6666666666666666,0.41021177835799244
YLR032W,-1,-41.42973257601261,-4322.350437864661,0.02615278733654508,0.6666666666666666,0.4105018856977081
YGL086W,-1,-41.43324066698551,-6434.832978755236,0.026134800550206328,0.6666666666666666,0.41079199303742386
YEL019C,-1,-41.4373732060194,-4428.271735414863,0.02611683848797251,0.6666666666666666,0.41108210037713955
YHL017W,0,-41.43759858608246,-4245.155582547188,0.02611683848797251,0.6666666666666666,0.41108210037713955
YIL112W,-1,-41.43877632915974,-4224.465516537428,0.0260989010989011,0.6666666666666666,0.41137220771685523
YNL008C,-1,-41.439978778362274,-4446.032382577658,0.02608098833218943,0.6666666666666666,0.4116623150565709
YDL160C,-1,-41.44665277004242,-4314.068646758795,0.02606310013717421,0.6666666666666666,0.4119524223962866
YKR059W,-1,-41.48171606659889,-4670.437208175659,0.02604523646333105,0.6666666666666666,0.41224252973600234
YGR177C,-1,-41.49584382772446,-4797.9556866288185,0.026027397260273973,0.6666666666666666,0.412532637075718
YEL048C,0,-41.497817635536194,-4763.502616375685,0.026027397260273973,0.6666666666666666,0.412532637075718
YPR060C,0,-41.51173096895218,-4726.771363958716,0.026027397260273973,0.6666666666666666,0.412532637075718
YDR020C,0,-41.513555347919464,-4792.600765377283,0.026027397260273973,0.6666666666666666,0.412532637075718
YLR174W,-1,-41.51482027769089,-4672.395016878843,0.026009582477754964,0.6666666666666666,0.4128227444154337
YMR067C,-1,-41.51652394235134,-5490.648544862866,0.025991792065663474,0.6666666666666666,0.4131128517551494
YPR021C,-1,-41.53935940563679,-4085.3905948102474,0.025974025974025976,0.6666666666666666,0.4134029590948651
YIL169C,0,-41.556616097688675,-4300.434447482228,0.025974025974025976,0.6666666666666666,0.4134029590948651
YGR085C,-1,-41.55675068497658,-5682.865784525871,0.025956284153005466,0.6666666666666666,0.4136930664345808
YLR357W,-1,-41.56950342655182,-4499.817051693797,0.025938566552901023,0.6666666666666666,0.4139831737742965
YER073W,0,-41.57697622478008,-5011.216631114483,0.025938566552901023,0.6666666666666666,0.4139831737742965
YOR008C,-1,-41.583130955696106,-4357.278980657458,0.02592087312414734,0.6666666666666666,0.4142732811140122
YER044C,-1,-41.588615238666534,-4211.567082479596,0.025903203817314247,0.6666666666666666,0.41456338845372787
YLL003W,-1,-41.59321393072605,-5319.936706990004,0.025885558583106268,0.6666666666666666,0.41485349579344355
YOR028C,-1,-41.59769648313522,-4290.130138486624,0.025867937372362152,0.6666666666666666,0.4151436031331593
YOL019W,0,-41.61990895867348,-4815.005897939205,0.025867937372362152,0.6666666666666666,0.4151436031331593
YFL013C,-1,-41.62558326125145,-4965.480802863836,0.02585034013605442,0.6666666666666666,0.415433710472875
YPL248C,0,-41.628768652677536,-4897.372500151396,0.02585034013605442,0.6666666666666666,0.415433710472875
YKR023W,0,-41.63502413034439,-4547.648596644402,0.02585034013605442,0.6666666666666666,0.415433710472875
YGL157W,0,-41.6365482211113,-4045.8626773804426,0.02585034013605442,0.6666666666666666,0.415433710472875
YML099C,-1,-41.64506724476814,-4815.457995906472,0.02583276682528892,0.6666666666666666,0.41572381781259066
YBR042C,-1,-41.65736049413681,-5055.184141024947,0.025815217391304348,0.6666666666666666,0.41601392515230634
YJR107W,-1,-41.662114173173904,-4150.948930501938,0.025797691785471828,0.6666666666666666,0.416304032492022
YOR344C,0,-41.66922304034233,-4204.7791144400835,0.025797691785471828,0.6666666666666666,0.416304032492022
YDL178W,0,-41.66929988563061,-5291.252133011818,0.025797691785471828,0.6666666666666666,0.416304032492022
YOL163W,0,-41.680648267269135,-4195.547592461109,0.025797691785471828,0.6666666666666666,0.416304032492022
YPL252C,-1,-41.68381643295288,-4835.96851927042,0.025780189959294438,0.6666666666666666,0.41659413983173776
YBR262C,0,-41.68410366773605,-4245.67137978971,0.025780189959294438,0.6666666666666666,0.41659413983173776
YLR446W,0,-41.68552589416504,-4163.844426184893,0.025780189959294438,0.6666666666666666,0.41659413983173776
YHR046C,-1,-41.69678407907486,-4616.634882107377,0.02576271186440678,0.6666666666666666,0.41688424717145345
YNL128W,-1,-41.6984639018774,-4754.137286320329,0.025745257452574527,0.6666666666666666,0.41717435451116913
YMR113W,0,-41.7048878967762,-5003.410660982132,0.025745257452574527,0.6666666666666666,0.41717435451116913
YPL008W,-1,-41.708714336156845,-5423.97104011476,0.025727826675693975,0.6666666666666666,0.4174644618508848
YBR281C,0,-41.710979640483856,-4730.114387616515,0.025727826675693975,0.6666666666666666,0.4174644618508848
YNL336W,0,-41.71442100405693,-3811.395431011915,0.025727826675693975,0.6666666666666666,0.4174644618508848
YLR382C,-1,-41.737012416124344,-4382.128549695015,0.02571041948579161,0.6666666666666666,0.4177545691906005
YPR151C,0,-41.75486612319946,-4169.349552124739,0.02571041948579161,0.6666666666666666,0.4177545691906005
YJR111C,0,-41.75665721297264,-4211.18992972374,0.02571041948579161,0.6666666666666666,0.4177545691906005
YJL012C,-1,-41.7594558596611,-4621.287288621068,0.025693035835023664,0.6666666666666666,0.41804467653031624
YOR087W,-1,-41.76336696743965,-4381.548063084483,0.025675675675675677,0.6666666666666666,0.4183347838700319
YDR098C,-1,-41.76946982741356,-4873.036245152354,0.025658338960162053,0.6666666666666666,0.4186248912097476
YMR122W-A,0,-41.77208375930786,-4167.477688997984,0.025658338960162053,0.6666666666666666,0.4186248912097476
YCL045C,0,-41.77604651451111,-4251.068861782551,0.025658338960162053,0.6666666666666666,0.4186248912097476
YDL192W,0,-41.77933347225189,-4572.412608742714,0.025658338960162053,0.6666666666666666,0.4186248912097476
YJR077C,-1,-41.78758990764618,-4325.486474528909,0.02564102564102564,0.6666666666666666,0.4189149985494633
YOR264W,0,-41.79333007335663,-5498.522331833839,0.02564102564102564,0.6666666666666666,0.4189149985494633
YNL146W,0,-41.79425323009491,-3911.256276845932,0.02564102564102564,0.6666666666666666,0.4189149985494633
YPL023C,0,-41.80148582160473,-4693.340397372842,0.02564102564102564,0.6666666666666666,0.4189149985494633
YPL053C,-1,-41.8039313852787,-4784.272147893906,0.02562373567093729,0.6666666666666666,0.419205105889179
YKR030W,0,-41.805339962244034,-4082.031489223242,0.02562373567093729,0.6666666666666666,0.419205105889179
YDR147W,-1,-41.81677992641926,-5134.046870872378,0.025606469002695417,0.6666666666666666,0.4194952132288947
YER024W,0,-41.81889393925667,-4092.2690892368555,0.025606469002695417,0.6666666666666666,0.4194952132288947
YBL032W,0,-41.857544898986816,-5658.571080952883,0.025606469002695417,0.6666666666666666,0.4194952132288947
YCR037C,-1,-41.858333840966225,-4885.06070330739,0.02558922558922559,0.6666666666666666,0.4197853205686104
YOR167C,0,-41.86951333284378,-4930.147240951657,0.02558922558922559,0.6666666666666666,0.4197853205686104
YAL063C,0,-41.87452954053879,-4289.892572671175,0.02558922558922559,0.6666666666666666,0.4197853205686104
YGR099W,0,-41.875948801636696,-5879.844267994165,0.02558922558922559,0.6666666666666666,0.4197853205686104
YDL047W,-1,-41.87616303563118,-5112.110362246633,0.02557200538358008,0.6666666666666666,0.4200754279083261
YOR242C,-1,-41.87744125723839,-4649.951692789793,0.025554808338937456,0.6666666666666666,0.42036553524804177
YOR320C,-1,-41.87870040535927,-4686.23669731617,0.025537634408602152,0.6666666666666666,0.42065564258775745
YIL173W,0,-41.88060426712036,-4177.697864070535,0.025537634408602152,0.6666666666666666,0.42065564258775745
YLR022C,-1,-41.886517867445946,-6604.102568924427,0.02552048354600403,0.6666666666666666,0.4209457499274732
YDR307W,0,-41.887671172618866,-4002.0742164850235,0.02552048354600403,0.6666666666666666,0.4209457499274732
YOR064C,0,-41.89145888388157,-5708.905266061425,0.02552048354600403,0.6666666666666666,0.4209457499274732
YGL168W,-1,-41.89987573027611,-4594.350984662771,0.025503355704697986,0.6666666666666666,0.4212358572671889
YCR086W,-1,-41.90067306160927,-4899.150966912508,0.025486250838363516,0.6666666666666666,0.42152596460690456
YOL053C-A,0,-41.90987187623978,-3926.624110221863,0.025486250838363516,0.6666666666666666,0.42152596460690456
YNL059C,-1,-41.914556592702866,-4648.332066819072,0.02546916890080429,0.6666666666666666,0.42181607194662024
YNL154C,-1,-41.93421134352684,-4576.8529907763,0.025452109845947757,0.6666666666666666,0.4221061792863359
YPL181W,0,-41.941780894994736,-4573.106303468347,0.025452109845947757,0.6666666666666666,0.4221061792863359
YDR362C,1,-41.962428241968155,-4941.232274249196,0.02610441767068273,0.6842105263157895,0.4221061792863359
YGL204C,0,-41.96782636642456,-4358.255127519369,0.02610441767068273,0.6842105263157895,0.4221061792863359
YCR018C,-1,-41.969037145376205,-4202.004641517997,0.02608695652173913,0.6842105263157895,0.42239628662605166
YLR362W,-1,-41.972064822912216,-4894.278864637017,0.02606951871657754,0.6842105263157895,0.42268639396576735
YLL013C,-1,-41.97420310974121,-4325.090208992362,0.026052104208416832,0.6842105263157895,0.42297650130548303
YDR285W,-1,-41.974538803100586,-5105.018320173025,0.0260347129506008,0.6842105263157895,0.4232666086451987
YOR025W,-1,-41.97823737561703,-5097.335314244032,0.02601734489659773,0.6842105263157895,0.4235567159849144
YBR090C-A,1,-41.98896938562393,-3993.339567452669,0.02666666666666667,0.7017543859649122,0.4235567159849144
YLR166C,-1,-42.011072903871536,-4381.835138350725,0.02664890073284477,0.7017543859649122,0.42384682332463014
YER115C,-1,-42.017440259456635,-5384.511868715286,0.02663115845539281,0.7017543859649122,0.4241369306643458
YKL071W,0,-42.02507022023201,-4181.2736800313,0.02663115845539281,0.7017543859649122,0.4241369306643458
YHR120W,-1,-42.026830434799194,-4970.759276509285,0.02661343978709248,0.7017543859649122,0.4244270380040615
YDL161W,-1,-42.027141869068146,-4718.388900965452,0.026595744680851064,0.7017543859649122,0.4247171453437772
YAL041W,-1,-42.03290957212448,-5168.848326951265,0.026578073089700997,0.7017543859649122,0.4250072526834929
YPR004C,-1,-42.0336189866066,-4266.13974738121,0.02656042496679947,0.7017543859649122,0.4252973600232086
YKR027W,0,-42.07107490301132,-5270.331338152289,0.02656042496679947,0.7017543859649122,0.4252973600232086
YCR027C,-1,-42.07997006177902,-4685.318644672632,0.026542800265428004,0.7017543859649122,0.4255874673629243
YOR367W,-1,-42.084645226597786,-5133.69332523644,0.026525198938992044,0.7017543859649122,0.42587757470264
YBL063W,-1,-42.119582772254944,-4740.883453324437,0.026507620941020542,0.7017543859649122,0.42616768204235567
YJL206C,0,-42.12213531136513,-4241.19133913517,0.026507620941020542,0.7017543859649122,0.42616768204235567
YER190W,-1,-42.130120784044266,-4100.264035522938,0.026490066225165563,0.7017543859649122,0.42645778938207135
YGL205W,-1,-42.1358300447464,-4677.546502649784,0.026472534745201854,0.7017543859649122,0.42674789672178703
YKL179C,0,-42.15206536650658,-4614.990353867412,0.026472534745201854,0.7017543859649122,0.42674789672178703
YER048W-A,0,-42.167760133743286,-5534.874195352197,0.026472534745201854,0.7017543859649122,0.42674789672178703
YPL258C,0,-42.168035089969635,-4000.7693611085415,0.026472534745201854,0.7017543859649122,0.42674789672178703
YJR047C,-1,-42.17386078834534,-4276.349136218429,0.026455026455026454,0.7017543859649122,0.4270380040615028
YIL166C,0,-42.18294969201088,-4294.162312090397,0.026455026455026454,0.7017543859649122,0.4270380040615028
YDR089W,0,-42.18758878111839,-4643.194126486778,0.026455026455026454,0.7017543859649122,0.4270380040615028
YJR150C,-1,-42.19563573598862,-4152.43306222558,0.026437541308658295,0.7017543859649122,0.42732811140121846
YLR085C,-1,-42.203804194927216,-4955.710038989782,0.026420079260237782,0.7017543859649122,0.42761821874093414
YAL005C,-1,-42.22184842824936,-3972.4873493760824,0.026402640264026403,0.7017543859649122,0.4279083260806498
YMR164C,-1,-42.23232664167881,-4534.22837010026,0.026385224274406333,0.7017543859649122,0.4281984334203655
YOL077W-A,-1,-42.23582965135574,-4260.918297469616,0.026367831245880026,0.7017543859649122,0.42848854076008125
YOR056C,-1,-42.23626105487347,-6241.1474250108,0.026350461133069828,0.7017543859649122,0.42877864809979693
YDL135C,-1,-42.23861129581928,-5874.783115774393,0.026333113890717578,0.7017543859649122,0.4290687554395126
YML024W,-1,-42.25719901919365,-4843.646899163723,0.02631578947368421,0.7017543859649122,0.4293588627792283
YGL068W,-1,-42.25781564414501,-5113.183597370982,0.026298487836949377,0.7017543859649122,0.429648970118944
YDR539W,0,-42.26019948720932,-3986.241265460849,0.026298487836949377,0.7017543859649122,0.429648970118944
YHR123W,-1,-42.27348989248276,-5028.8230460733175,0.026281208935611037,0.7017543859649122,0.4299390774586597
YGL226C-A,-1,-42.27497252821922,-5477.352457270026,0.026263952724885097,0.7017543859649122,0.4302291847983754
YFL028C,0,-42.27697777748108,-4641.42868424952,0.026263952724885097,0.7017543859649122,0.4302291847983754
YIL015W,-1,-42.279312029480934,-4532.8098975121975,0.026246719160104987,0.7017543859649122,0.4305192921380911
YJL162C,-1,-42.285138845443726,-5008.8915261775255,0.02622950819672131,0.7017543859649122,0.4308093994778068
YIL073C,-1,-42.29935736954212,-4767.550709858537,0.02621231979030144,0.7017543859649122,0.43109950681752246
YDR466W,-1,-42.29974490404129,-4740.455394685268,0.02619515389652914,0.7017543859649122,0.4313896141572382
YIL063C,-1,-42.30387507379055,-4592.76707687974,0.02617801047120419,0.7017543859649122,0.4316797214969539
YFR016C,0,-42.31438034772873,-4095.6104490458965,0.02617801047120419,0.7017543859649122,0.4316797214969539
YBR073W,-1,-42.315978825092316,-5287.798395186663,0.026160889470241987,0.7017543859649122,0.43196982883666957
YGL245W,-1,-42.33827120065689,-4946.579373702407,0.026143790849673203,0.7017543859649122,0.43225993617638525
YKR007W,-1,-42.35846543312073,-4840.0163600593805,0.02612671456564337,0.7017543859649122,0.43255004351610093
YKL033W-A,0,-42.36205339431763,-4197.152977079153,0.02612671456564337,0.7017543859649122,0.43255004351610093
YLR050C,0,-42.37384521961212,-4305.364319622517,0.02612671456564337,0.7017543859649122,0.43255004351610093
YLR320W,-1,-42.37761877477169,-4964.432592153549,0.02610966057441253,0.7017543859649122,0.4328401508558167
YKR085C,-1,-42.37929883599281,-5864.035539910197,0.02609262883235486,0.7017543859649122,0.43313025819553236
YBR013C,0,-42.38285478949547,-4258.4544849693775,0.02609262883235486,0.7017543859649122,0.43313025819553236
YMR100W,0,-42.38487485051155,-5149.008912935853,0.02609262883235486,0.7017543859649122,0.43313025819553236
YKL053C-A,-1,-42.388692140579224,-4494.685013949871,0.02607561929595828,0.7017543859649122,0.43342036553524804
YOL123W,-1,-42.39188587665558,-5478.368674501777,0.026058631921824105,0.7017543859649122,0.4337104728749637
YGL071W,-1,-42.39306278526783,-4701.96307374537,0.026041666666666668,0.7017543859649122,0.4340005802146794
YPR010C,-1,-42.397320449352264,-5197.027384784073,0.026024723487312947,0.7017543859649122,0.43429068755439515
YEL061C,-1,-42.400549083948135,-5216.014316365123,0.02600780234070221,0.7017543859649122,0.43458079489411083
YJR094C,0,-42.401647195219994,-4544.5220379680395,0.02600780234070221,0.7017543859649122,0.43458079489411083
YNR058W,0,-42.407430708408356,-3617.042443588376,0.02600780234070221,0.7017543859649122,0.43458079489411083
YJL225C,0,-42.41152375936508,-4629.4602907299995,0.02600780234070221,0.7017543859649122,0.43458079489411083
YMR127C,-1,-42.41589833796024,-7685.465432502329,0.02599090318388564,0.7017543859649122,0.4348709022338265
YNR067C,0,-42.421227782964706,-4687.3018467873335,0.02599090318388564,0.7017543859649122,0.4348709022338265
YOR394W,0,-42.427109718322754,-4023.183223232627,0.02599090318388564,0.7017543859649122,0.4348709022338265
YFL021W,-1,-42.440481036901474,-3867.4012679308653,0.025974025974025976,0.7017543859649122,0.4351610095735422
YML012W,0,-42.445597633719444,-4691.660312235355,0.025974025974025976,0.7017543859649122,0.4351610095735422
YMR303C,0,-42.447710543870926,-4541.047792419791,0.025974025974025976,0.7017543859649122,0.4351610095735422
YHR039C,-1,-42.44917306303978,-4640.305640801787,0.025957170668397145,0.7017543859649122,0.4354511169132579
YPR104C,1,-42.45620635151863,-4829.362633004785,0.026588845654993514,0.7192982456140351,0.4354511169132579
YDL215C,0,-42.474933221936226,-4172.499315425754,0.026588845654993514,0.7192982456140351,0.4354511169132579
YCR023C,-1,-42.482783913612366,-4253.828924417496,0.026571613739468567,0.7192982456140351,0.4357412242529736
YKR072C,-1,-42.48667526245117,-4507.665455266833,0.02655440414507772,0.7192982456140351,0.4360313315926893
YNL327W,0,-42.50677487254143,-4474.471576303244,0.02655440414507772,0.7192982456140351,0.4360313315926893
YHR147C,-1,-42.51409783959389,-4396.235581770539,0.026537216828478965,0.7192982456140351,0.436321438932405
YGL115W,-1,-42.51600427925587,-5179.200244143605,0.02652005174644243,0.7192982456140351,0.4366115462721207
YJR120W,-1,-42.516438722610474,-4329.2920943796635,0.026502908855850032,0.7192982456140351,0.43690165361183636
YHR168W,0,-42.518606796860695,-5428.517641082406,0.026502908855850032,0.7192982456140351,0.43690165361183636
YLR005W,-1,-42.52104416489601,-5401.405469015241,0.02648578811369509,0.7192982456140351,0.4371917609515521
YDR389W,-1,-42.52471575140953,-5619.886399149895,0.02646868947708199,0.7192982456140351,0.4374818682912678
YDR117C,-1,-42.52742958068848,-5318.1650114655495,0.026451612903225806,0.7192982456140351,0.43777197563098347
YKL073W,0,-42.54266121983528,-4833.544938206673,0.026451612903225806,0.7192982456140351,0.43777197563098347
YKR079C,-1,-42.55417674779892,-7426.238676786423,0.026434558349451968,0.7192982456140351,0.43806208297069915
YFR006W,0,-42.56333942711353,-4241.939898766577,0.026434558349451968,0.7192982456140351,0.43806208297069915
YER174C,-1,-42.57031300663948,-4516.309237420559,0.026417525773195876,0.7192982456140351,0.43835219031041484
YGR027W-A,-1,-42.57923521101475,-4675.201720327139,0.026400515132002575,0.7192982456140351,0.4386422976501306
YLR142W,0,-42.583428889513016,-3882.617146834731,0.026400515132002575,0.7192982456140351,0.4386422976501306
YLR398C,-1,-42.58577010035515,-4679.757647588849,0.026383526383526385,0.7192982456140351,0.43893240498984626
YLL040C,-1,-42.59775558114052,-4309.158355280757,0.026366559485530548,0.7192982456140351,0.43922251232956194
YIL095W,-1,-42.61954551935196,-4599.206112384796,0.02634961439588689,0.7192982456140351,0.4395126196692776
YDR189W,-1,-42.61981810629368,-5519.42084620893,0.026332691072575465,0.7192982456140351,0.4398027270089933
YBR103W,-1,-42.62144070863724,-4696.904853522778,0.02631578947368421,0.7192982456140351,0.44009283434870905
YER030W,-1,-42.62508589029312,-5842.518276706338,0.026298909557408594,0.7192982456140351,0.44038294168842473
YDL101C,-1,-42.63153877854347,-5243.91978906095,0.026282051282051282,0.7192982456140351,0.4406730490281404
YDL017W,-1,-42.637586295604706,-5026.615772768855,0.02626521460602178,0.7192982456140351,0.4409631563678561
YDL104C,0,-42.67573893070221,-4845.450770556927,0.02626521460602178,0.7192982456140351,0.4409631563678561
YGL178W,-1,-42.67663595080376,-3893.335476860404,0.026248399487836107,0.7192982456140351,0.4412532637075718
YGR065C,-1,-42.687381356954575,-4835.986319288611,0.026231605886116442,0.7192982456140351,0.44154337104728747
YJL078C,0,-42.69419518113136,-3848.6442120075226,0.026231605886116442,0.7192982456140351,0.44154337104728747
YPL172C,-1,-42.696994572877884,-5859.2246139496565,0.026214833759590793,0.7192982456140351,0.4418334783870032
YNL019C,0,-42.697396636009216,-4221.383157759905,0.026214833759590793,0.7192982456140351,0.4418334783870032
YGL263W,0,-42.702996879816055,-4513.353898435831,0.026214833759590793,0.7192982456140351,0.4418334783870032
YMR287C,-1,-42.715263321995735,-5197.8777450323105,0.02619808306709265,0.7192982456140351,0.4421235857267189
YNL095C,-1,-42.72159141302109,-4616.566515833139,0.026181353767560665,0.7192982456140351,0.4424136930664346
YHL050C,0,-42.73219493031502,-4730.100494772196,0.026181353767560665,0.7192982456140351,0.4424136930664346
YOL108C,-1,-42.75349435210228,-4356.092735186219,0.02616464582003829,0.7192982456140351,0.44270380040615026
YIR013C,0,-42.755631268024445,-4375.57267986238,0.02616464582003829,0.7192982456140351,0.44270380040615026
YJL160C,0,-42.75969749689102,-4129.479773700237,0.02616464582003829,0.7192982456140351,0.44270380040615026
YOR074C,-1,-42.764951556921005,-5643.611026663333,0.02614795918367347,0.7192982456140351,0.44299390774586594
YGL093W,-1,-42.76550135016441,-4888.311272859573,0.026131293817718292,0.7192982456140351,0.4432840150855817
YPR116W,0,-42.77023649215698,-4364.24348410964,0.026131293817718292,0.7192982456140351,0.4432840150855817
YDR093W,-1,-42.772798612713814,-5461.368004977703,0.026114649681528664,0.7192982456140351,0.44357412242529737
YNL145W,-1,-42.78383660316467,-4255.405357554555,0.026098026734563972,0.7192982456140351,0.44386422976501305
YMR304W,-1,-42.78572890162468,-3988.6021516025066,0.02608142493638677,0.7192982456140351,0.44415433710472874
YOR311C,-1,-42.78963340818882,-4496.359296113253,0.026064844246662427,0.7192982456140351,0.4444444444444444
YDR427W,-1,-42.790921330451965,-4881.626218691468,0.026048284625158832,0.7192982456140351,0.44473455178416016
YBR038W,-1,-42.79114565253258,-4319.961049541831,0.02603174603174603,0.7192982456140351,0.44502465912387584
YGR292W,0,-42.80403497815132,-4476.298181593418,0.02603174603174603,0.7192982456140351,0.44502465912387584
YER001W,-1,-42.80761820077896,-5111.324623554945,0.02601522842639594,0.7192982456140351,0.4453147664635915
YGL203C,0,-42.82841221988201,-4909.630504742265,0.02601522842639594,0.7192982456140351,0.4453147664635915
YBR095C,-1,-42.828431725502014,-4846.619866579771,0.02599873176918199,0.7192982456140351,0.4456048738033072
YLR250W,0,-42.83792099356651,-4230.605434730649,0.02599873176918199,0.7192982456140351,0.4456048738033072
YOR140W,-1,-42.8441686630249,-4845.174592584372,0.025982256020278833,0.7192982456140351,0.4458949811430229
YMR166C,-1,-42.85013288259506,-4210.416951924562,0.025965801139962,0.7192982456140351,0.44618508848273863
YGR192C,0,-42.850799798965454,-4314.991677626967,0.025965801139962,0.7192982456140351,0.44618508848273863
YMR010W,0,-42.85720896720886,-4392.392245769501,0.025965801139962,0.7192982456140351,0.44618508848273863
YMR042W,-1,-42.86405296623707,-4495.836254298687,0.025949367088607594,0.7192982456140351,0.4464751958224543
YPR075C,-1,-42.86822560429573,-4368.482095897198,0.025932953826691967,0.7192982456140351,0.44676530316217
YLR040C,0,-42.879344284534454,-4204.996714472771,0.025932953826691967,0.7192982456140351,0.44676530316217
YFL029C,-1,-42.88102063536644,-4429.665043577552,0.025916561314791402,0.7192982456140351,0.4470554105018857
YER157W,0,-42.88879877328873,-5462.993434906006,0.025916561314791402,0.7192982456140351,0.4470554105018857
YCR053W,-1,-42.91159647703171,-5002.931458175182,0.025900189513581806,0.7192982456140351,0.44734551784160137
YHR029C,0,-42.919343054294586,-3873.2320864647627,0.025900189513581806,0.7192982456140351,0.44734551784160137
YHR025W,0,-42.92977839708328,-5068.136158853769,0.025900189513581806,0.7192982456140351,0.44734551784160137
YJL030W,-1,-42.93626883625984,-5592.256441295147,0.025883838383838384,0.7192982456140351,0.4476356251813171
YHL008C,-1,-42.94081321358681,-3963.3321141004562,0.025867507886435333,0.7192982456140351,0.4479257325210328
YIL114C,-1,-42.95486770570278,-4561.219173118472,0.025851197982345524,0.7192982456140351,0.4482158398607485
YOL026C,-1,-42.96021094918251,-4810.853739708662,0.0258349086326402,0.7192982456140351,0.44850594720046416
YLR189C,-1,-42.96872116625309,-3934.770863085985,0.025818639798488665,0.7192982456140351,0.44879605454017985
YJR095W,-1,-42.98324343562126,-4517.4808817356825,0.025802391441157962,0.7192982456140351,0.4490861618798956
YKL161C,-1,-42.98860511183739,-4000.3130000531673,0.02578616352201258,0.7192982456140351,0.44937626921961127
YGR001C,0,-42.9918555021286,-4655.846251040697,0.02578616352201258,0.7192982456140351,0.44937626921961127
YDR229W,-1,-43.00332671403885,-4423.25726634264,0.025769956002514142,0.7192982456140351,0.44966637655932695
YNL027W,0,-43.0103560090065,-5062.532364100218,0.025769956002514142,0.7192982456140351,0.44966637655932695
YPL236C,-1,-43.014987885951996,-4365.750898391008,0.025753768844221106,0.7192982456140351,0.44995648389904264
YFL040W,0,-43.01563906669617,-4239.529161334038,0.025753768844221106,0.7192982456140351,0.44995648389904264
YJL129C,-1,-43.02245298027992,-4819.183795854449,0.02573760200878845,0.7192982456140351,0.4502465912387583
YBR279W,-1,-43.028554022312164,-5168.189819648862,0.025721455457967377,0.7192982456140351,0.45053669857847406
YOR020C,-1,-43.03348484635353,-4400.496202915907,0.025705329153605017,0.7192982456140351,0.45082680591818974
YGL082W,0,-43.03985992074013,-4236.504337638617,0.025705329153605017,0.7192982456140351,0.45082680591818974
YLR211C,0,-43.05668956041336,-4206.611354440451,0.025705329153605017,0.7192982456140351,0.45082680591818974
YDR226W,0,-43.06308948993683,-4905.317390739918,0.025705329153605017,0.7192982456140351,0.45082680591818974
YDR289C,-1,-43.068004697561264,-5136.741141304374,0.02568922305764411,0.7192982456140351,0.4511169132579054
YPR055W,-1,-43.07046523690224,-5117.60525624454,0.02567313713212273,0.7192982456140351,0.4514070205976211
YPR047W,-1,-43.07517623901367,-4193.302032545209,0.025657071339173967,0.7192982456140351,0.4516971279373368
YOR030W,-1,-43.083688735961914,-4613.042817637324,0.02564102564102564,0.7192982456140351,0.45198723527705253
YLR381W,-1,-43.085621386766434,-4605.057050213218,0.025625,0.7192982456140351,0.4522773426167682
YPL158C,0,-43.0941016972065,-4428.875750511885,0.025625,0.7192982456140351,0.4522773426167682
YMR018W,0,-43.097007006406784,-4328.836531311274,0.025625,0.7192982456140351,0.4522773426167682
YHR056C,-1,-43.10129055380821,-4503.317343711853,0.02560899437851343,0.7192982456140351,0.4525674499564839
YGR221C,-1,-43.10214361548424,-4779.302984550595,0.025593008739076155,0.7192982456140351,0.4528575572961996
YPL041C,0,-43.10687482357025,-4717.0447898209095,0.025593008739076155,0.7192982456140351,0.4528575572961996
YDR332W,0,-43.11408656835556,-4902.190893575549,0.025593008739076155,0.7192982456140351,0.4528575572961996
YGL207W,-1,-43.11852739751339,-5517.147083088756,0.025577043044291953,0.7192982456140351,0.45314766463591527
YDR233C,0,-43.124241068959236,-4974.058477342129,0.025577043044291953,0.7192982456140351,0.45314766463591527
YPL137C,-1,-43.14313241839409,-4958.287278816104,0.025561097256857856,0.7192982456140351,0.453437771975631
YBR093C,0,-43.1466825902462,-5225.839374631643,0.025561097256857856,0.7192982456140351,0.453437771975631
YGL013C,-1,-43.1669921875,-4677.735123336315,0.02554517133956386,0.7192982456140351,0.4537278793153467
YIR032C,0,-43.17003393173218,-4982.962187409401,0.02554517133956386,0.7192982456140351,0.4537278793153467
YPL202C,-1,-43.17303976416588,-5014.476169273257,0.025529265255292654,0.7192982456140351,0.4540179866550624
YDR179C,-1,-43.17388862371445,-5297.174576699734,0.02551337896701929,0.7192982456140351,0.45430809399477806
YDR181C,0,-43.17498394846916,-4687.250228866935,0.02551337896701929,0.7192982456140351,0.45430809399477806
YPL009C,0,-43.17512685060501,-4696.632834136486,0.02551337896701929,0.7192982456140351,0.45430809399477806
YLR376C,-1,-43.178523272275925,-4510.1361391842365,0.025497512437810944,0.7192982456140351,0.45459820133449375
YKR039W,-1,-43.19668209552765,-4239.603998377919,0.0254816656308266,0.7192982456140351,0.4548883086742095
YNL022C,0,-43.2164566218853,-6029.808485478163,0.0254816656308266,0.7192982456140351,0.4548883086742095
YDR371W,0,-43.22727131843567,-4555.619436874986,0.0254816656308266,0.7192982456140351,0.4548883086742095
YPR178W,-1,-43.23337826132774,-4369.80423925817,0.02546583850931677,0.7192982456140351,0.45517841601392517
YCR065W,-1,-43.23710381984711,-4606.082768127322,0.025450031036623216,0.7192982456140351,0.45546852335364085
YCR100C,0,-43.24567887187004,-4709.810288906097,0.025450031036623216,0.7192982456140351,0.45546852335364085
YGR066C,0,-43.24676740169525,-4051.6070692390203,0.025450031036623216,0.7192982456140351,0.45546852335364085
YDR432W,-1,-43.24981565773487,-4403.687266618013,0.02543424317617866,0.7192982456140351,0.45575863069335654
YDL183C,0,-43.25310093164444,-4190.971075594425,0.02543424317617866,0.7192982456140351,0.45575863069335654
YKL195W,-1,-43.26495876908302,-4314.420995339751,0.02541847489150651,0.7192982456140351,0.4560487380330722
YMR052W,-1,-43.2855980694294,-4646.477757319808,0.02540272614622057,0.7192982456140351,0.4563388453727879
YOR093C,0,-43.28732895851135,-4589.290891438723,0.02540272614622057,0.7192982456140351,0.4563388453727879
YBR009C,-1,-43.29515513777733,-5074.0405051112175,0.025386996904024767,0.7192982456140351,0.45662895271250364
YLR406C,0,-43.30360012501478,-5420.550351813436,0.025386996904024767,0.7192982456140351,0.45662895271250364
YDR388W,-1,-43.30480235815048,-3920.4891496002674,0.025371287128712873,0.7192982456140351,0.45691906005221933
YBR211C,-1,-43.31516781449318,-5136.457041785121,0.025355596784168214,0.7192982456140351,0.457209167391935
YMR047C,-1,-43.33456379175186,-5027.792384326458,0.02533992583436341,0.7192982456140351,0.4574992747316507
YGR178C,-1,-43.334641456604004,-4487.160262733698,0.0253242742433601,0.7192982456140351,0.4577893820713664
YPL191C,0,-43.335358679294586,-4304.686448991299,0.0253242742433601,0.7192982456140351,0.4577893820713664
YPR119W,-1,-43.35748988389969,-4921.858517438173,0.025308641975308643,0.7192982456140351,0.4580794894110821
YLL043W,-1,-43.36570855975151,-5061.340284138918,0.025293028994447873,0.7192982456140351,0.4583695967507978
YLR203C,-1,-43.36659477651119,-4532.619613066316,0.02527743526510481,0.7192982456140351,0.4586597040905135
YJL156C,0,-43.38041111826897,-4924.706943944097,0.02527743526510481,0.7192982456140351,0.4586597040905135
YMR224C,-1,-43.38247632980347,-4970.741762384772,0.025261860751694395,0.7192982456140351,0.45894981143022917
YJR109C,0,-43.38364180922508,-3266.3310032337904,0.025261860751694395,0.7192982456140351,0.45894981143022917
YHR182W,0,-43.398281037807465,-4621.529165327549,0.025261860751694395,0.7192982456140351,0.45894981143022917
YPL275W,0,-43.4214403629303,-4275.921155810356,0.025261860751694395,0.7192982456140351,0.45894981143022917
YLR384C,-1,-43.42512661218643,-7496.3433258235455,0.025246305418719212,0.7192982456140351,0.45923991876994485
YJL084C,0,-43.4254344701767,-4206.019502833486,0.025246305418719212,0.7192982456140351,0.45923991876994485
YOR045W,-1,-43.42691548168659,-5688.978906258941,0.02523076923076923,0.7192982456140351,0.4595300261096606
YOL109W,0,-43.43660148978233,-4808.637323468924,0.02523076923076923,0.7192982456140351,0.4595300261096606
YPL256C,-1,-43.43858844041824,-5425.985769346356,0.025215252152521524,0.7192982456140351,0.4598201334493763
YDR123C,-1,-43.46963767707348,-5463.8697592020035,0.02519975414874001,0.7192982456140351,0.46011024078909196
YFR040W,-1,-43.475604355335236,-4256.10273706913,0.025184275184275184,0.7192982456140351,0.46040034812880765
YML095C,-1,-43.48402655124664,-5240.641435131431,0.025168815224063844,0.7192982456140351,0.46069045546852333
YJL089W,-1,-43.519669622182846,-4032.5795170664787,0.025153374233128835,0.7192982456140351,0.46098056280823907
YML010W,-1,-43.52075271308422,-5280.084017217159,0.025137952176578784,0.7192982456140351,0.46127067014795475
YJR046W,-1,-43.52104935050011,-4417.013495147228,0.025122549019607844,0.7192982456140351,0.46156077748767044
YDR036C,-1,-43.52404350042343,-4186.8175661712885,0.02510716472749541,0.7192982456140351,0.4618508848273861
YER156C,0,-43.55647960305214,-4906.74711471796,0.02510716472749541,0.7192982456140351,0.4618508848273861
YNL331C,0,-43.5599749982357,-4214.471963196993,0.02510716472749541,0.7192982456140351,0.4618508848273861
YJL095W,-1,-43.56571224331856,-5722.929007232189,0.025091799265605876,0.7192982456140351,0.4621409921671018
YGR203W,0,-43.57489424943924,-4277.968841731548,0.025091799265605876,0.7192982456140351,0.4621409921671018
YJR104C,-1,-43.5771045088768,-4236.485275939107,0.02507645259938838,0.7192982456140351,0.46243109950681754
YJL222W,0,-43.58805051445961,-4349.677405938506,0.02507645259938838,0.7192982456140351,0.46243109950681754
YDL100C,-1,-43.59476301074028,-5018.603849709034,0.02506112469437653,0.7192982456140351,0.46272120684653323
YPR171W,-1,-43.59993848204613,-5042.778214201331,0.02504581551618815,0.7192982456140351,0.4630113141862489
YGR032W,-1,-43.61560510098934,-4034.604635924101,0.025030525030525032,0.7192982456140351,0.4633014215259646
YNL076W,-1,-43.6253527700901,-4996.850355565548,0.025015253203172667,0.7192982456140351,0.4635915288656803
YFL052W,0,-43.65108036994934,-4313.09527015686,0.025015253203172667,0.7192982456140351,0.4635915288656803
YDL229W,-1,-43.65110191702843,-5137.835713237524,0.025,0.7192982456140351,0.463881636205396
YOR388C,0,-43.67368748784065,-5099.329534813762,0.025,0.7192982456140351,0.463881636205396
YML115C,-1,-43.681411519646645,-4698.239509105682,0.024984765386959172,0.7192982456140351,0.4641717435451117
YML132W,-1,-43.688461661338806,-3779.0013859272003,0.024969549330085262,0.7192982456140351,0.4644618508848274
YER038C,-1,-43.700256913900375,-4757.966483786702,0.024954351795496044,0.7192982456140351,0.46475195822454307
YMR215W,0,-43.70530605316162,-5406.846272572875,0.024954351795496044,0.7192982456140351,0.46475195822454307
YIL159W,-1,-43.70955175161362,-5207.751074552536,0.024939172749391728,0.7192982456140351,0.46504206556425876
YMR134W,-1,-43.712330758571625,-4092.6197692751884,0.02492401215805471,0.7192982456140351,0.4653321729039745
YEL077C,0,-43.716315388679504,-4497.312624543905,0.02492401215805471,0.7192982456140351,0.4653321729039745
YDR356W,-1,-43.719978243112564,-5859.996821880341,0.02490886998784933,0.7192982456140351,0.4656222802436902
YNL258C,0,-43.72446723282337,-5194.648804292083,0.02490886998784933,0.7192982456140351,0.4656222802436902
YFR020W,0,-43.730015724897385,-3925.7435800135136,0.02490886998784933,0.7192982456140351,0.4656222802436902
YDR317W,-1,-43.74253146350384,-4237.590422138572,0.024893746205221615,0.7192982456140351,0.46591238758340586
YKL096W,0,-43.742849946022034,-4635.731412276626,0.024893746205221615,0.7192982456140351,0.46591238758340586
YJL139C,-1,-43.748552829027176,-4151.709361344576,0.02487864077669903,0.7192982456140351,0.46620249492312155
YGR062C,-1,-43.75095273554325,-4548.636692285538,0.024863553668890235,0.7192982456140351,0.46649260226283723
YKR106W,0,-43.764181822538376,-4442.909754097462,0.024863553668890235,0.7192982456140351,0.46649260226283723
YPR032W,-1,-43.779926389455795,-5189.718784585595,0.02484848484848485,0.7192982456140351,0.46678270960255297
YGL004C,-1,-43.794200867414474,-4506.953820332885,0.02483343428225318,0.7192982456140351,0.46707281694226865
YMR292W,0,-43.79613620042801,-6432.191020514816,0.02483343428225318,0.7192982456140351,0.46707281694226865
YKL138C-A,-1,-43.80131113529205,-4408.035178333521,0.024818401937046004,0.7192982456140351,0.46736292428198434
YKR101W,-1,-43.8057225048542,-5117.084505096078,0.024803387779794312,0.7192982456140351,0.4676530316217
YER070W,-1,-43.80622163414955,-5621.3227534890175,0.024788391777509067,0.7192982456140351,0.4679431389614157
YPL217C,-1,-43.8098059296608,-6079.925900209695,0.024773413897280966,0.7192982456140351,0.46823324630113144
YDR282C,0,-43.81373846530914,-4201.289785832167,0.024773413897280966,0.7192982456140351,0.46823324630113144
YBL033C,0,-43.814125433564186,-4628.359902963042,0.024773413897280966,0.7192982456140351,0.46823324630113144
YPL103C,-1,-43.81849604845047,-4024.7635034024715,0.024758454106280192,0.7192982456140351,0.46852335364084713
YNL294C,-1,-43.81885340809822,-4467.2093019634485,0.024743512371756187,0.7192982456140351,0.4688134609805628
YGL206C,-1,-43.82001030445099,-4587.388171598315,0.024728588661037394,0.7192982456140351,0.4691035683202785
YBR014C,-1,-43.82950121164322,-5369.924880772829,0.02471368294153104,0.7192982456140351,0.4693936756599942
YLR067C,-1,-43.85638481378555,-4991.683383882046,0.02469879518072289,0.7192982456140351,0.4696837829997099
YHL038C,-1,-43.87159451842308,-5062.509470075369,0.024683925346177003,0.7192982456140351,0.4699738903394256
YFL035C,-1,-43.87603920698166,-4520.370797097683,0.0246690734055355,0.7192982456140351,0.4702639976791413
YGL060W,-1,-43.877299413084984,-5523.682479888201,0.02465423932651834,0.7192982456140351,0.47055410501885697
YOR181W,-1,-43.87737521529198,-4491.071497663856,0.024639423076923076,0.7192982456140351,0.47084421235857266
YLR042C,0,-43.8802530169487,-4321.260270446539,0.024639423076923076,0.7192982456140351,0.47084421235857266
YMR019W,0,-43.88702541589737,-4868.418670624495,0.024639423076923076,0.7192982456140351,0.47084421235857266
YNL158W,-1,-43.902004197239876,-5376.307740479708,0.024624624624624624,0.7192982456140351,0.47113431969828834
YJL167W,-1,-43.914285376667976,-5151.817518889904,0.02460984393757503,0.7192982456140351,0.4714244270380041
YGR092W,-1,-43.919017001986504,-5166.258235305548,0.02459508098380324,0.7192982456140351,0.47171453437771976
YOL012C,-1,-43.931364089250565,-5103.69240552187,0.024580335731414868,0.7192982456140351,0.47200464171743545
YDL248W,0,-43.93349254131317,-4018.001467704773,0.024580335731414868,0.7192982456140351,0.47200464171743545
YER053C,-1,-43.94063365459442,-4031.6978473216295,0.02456560814859197,0.7192982456140351,0.47229474905715113
YER081W,0,-43.965658724308014,-3999.6587193608284,0.02456560814859197,0.7192982456140351,0.47229474905715113
YDL018C,0,-43.97018659114838,-4534.027476131916,0.02456560814859197,0.7192982456140351,0.47229474905715113
YLL054C,0,-43.981501162052155,-4736.506042122841,0.02456560814859197,0.7192982456140351,0.47229474905715113
YDR126W,-1,-43.99085333943367,-4731.974312439561,0.024550898203592814,0.7192982456140351,0.4725848563968668
YLR038C,-1,-43.99687522649765,-4383.723682969809,0.024536205864751647,0.7192982456140351,0.47287496373658255
YLR078C,0,-44.00019244849682,-4953.440893679857,0.024536205864751647,0.7192982456140351,0.47287496373658255
YAR031W,0,-44.003657788038254,-4811.082327619195,0.024536205864751647,0.7192982456140351,0.47287496373658255
YPL269W,-1,-44.00520181655884,-4719.317826300859,0.02452153110047847,0.7192982456140351,0.47316507107629824
YNL039W,1,-44.00725641846657,-5654.543462723494,0.02510460251046025,0.7368421052631579,0.47316507107629824
YCR014C,-1,-44.019892036914825,-5504.781831219792,0.025089605734767026,0.7368421052631579,0.4734551784160139
YDR333C,0,-44.02300405502319,-4713.381844103336,0.025089605734767026,0.7368421052631579,0.4734551784160139
YCR042C,-1,-44.03260362148285,-4915.666984796524,0.02507462686567164,0.7368421052631579,0.4737452857557296
YGL085W,0,-44.033284306526184,-4828.976698279381,0.02507462686567164,0.7368421052631579,0.4737452857557296
YJR086W,-1,-44.03775054216385,-4329.025162294507,0.025059665871121718,0.7368421052631579,0.4740353930954453
YDL199C,0,-44.04080814123154,-3939.120581328869,0.025059665871121718,0.7368421052631579,0.4740353930954453
YKL188C,-1,-44.04190620779991,-4420.623903036118,0.025044722719141325,0.7368421052631579,0.47432550043516103
YBR120C,-1,-44.05087271332741,-4422.4156989604235,0.025029797377830752,0.7368421052631579,0.4746156077748767
YMR265C,0,-44.05590695142746,-4348.719771891832,0.025029797377830752,0.7368421052631579,0.4746156077748767
YJL045W,-1,-44.07005861401558,-4190.562818109989,0.02501488981536629,0.7368421052631579,0.4749057151145924
YCR015C,0,-44.074811935424805,-4641.913519203663,0.02501488981536629,0.7368421052631579,0.4749057151145924
YBR004C,-1,-44.080988109111786,-4759.569959536195,0.025,0.7368421052631579,0.4751958224543081
YJL055W,0,-44.08693116903305,-4255.109140485525,0.025,0.7368421052631579,0.4751958224543081
YBR255W,0,-44.09260207414627,-4157.944143369794,0.025,0.7368421052631579,0.4751958224543081
YER093C,-1,-44.094796448946,-5068.949537396431,0.024985127900059488,0.7368421052631579,0.47548592979402377
YBL010C,0,-44.10425519943237,-4676.031378626823,0.024985127900059488,0.7368421052631579,0.47548592979402377
YDL003W,-1,-44.139290660619736,-5149.4261728823185,0.02497027348394768,0.7368421052631579,0.4757760371337395
YDR034C,0,-44.15517446398735,-4502.969638541341,0.02497027348394768,0.7368421052631579,0.4757760371337395
YHR035W,0,-44.18211394548416,-4311.6680482029915,0.02497027348394768,0.7368421052631579,0.4757760371337395
YHR129C,-1,-44.18928164243698,-5274.0178921967745,0.024955436720142603,0.7368421052631579,0.4760661444734552
YFL027C,0,-44.19025179743767,-4820.390491038561,0.024955436720142603,0.7368421052631579,0.4760661444734552
YDR329C,-1,-44.194030076265335,-4574.676288366318,0.02494061757719715,0.7368421052631579,0.4763562518131709
YCL027C-A,0,-44.2122887969017,-4201.471264407039,0.02494061757719715,0.7368421052631579,0.4763562518131709
YJR140C,-1,-44.22388345003128,-5071.437042891979,0.024925816023738872,0.7368421052631579,0.47664635915288656
YER005W,-1,-44.2320853471756,-4514.354135289788,0.02491103202846975,0.7368421052631579,0.47693646649260224
YLR027C,0,-44.2355827242136,-5162.10365472734,0.02491103202846975,0.7368421052631579,0.47693646649260224
YHR199C-A,0,-44.23607087135315,-4338.595237016678,0.02491103202846975,0.7368421052631579,0.47693646649260224
YOR214C,0,-44.241775155067444,-4332.308661162853,0.02491103202846975,0.7368421052631579,0.47693646649260224
YDR519W,-1,-44.24476307630539,-5594.3862980902195,0.024896265560165973,0.7368421052631579,0.477226573832318
YML067C,0,-44.254937171936035,-5380.979498639703,0.024896265560165973,0.7368421052631579,0.477226573832318
YDL139C,-1,-44.25860369205475,-4638.27118241787,0.024881516587677725,0.7368421052631579,0.47751668117203366
YJL108C,-1,-44.26397955417633,-4538.317145809531,0.02486678507992895,0.7368421052631579,0.47780678851174935
YML029W,-1,-44.268014907836914,-4567.671046495438,0.02485207100591716,0.7368421052631579,0.47809689585146503
YHL046C,0,-44.28598791360855,-4388.650729805231,0.02485207100591716,0.7368421052631579,0.47809689585146503
YCL075W,-1,-44.29531556367874,-4679.438835799694,0.024837374334713187,0.7368421052631579,0.4783870031911807
YPL282C,0,-44.29664194583893,-4320.265222877264,0.024837374334713187,0.7368421052631579,0.4783870031911807
YDR523C,-1,-44.3201916962862,-5025.037117853761,0.024822695035460994,0.7368421052631579,0.47867711053089645
YBL037W,0,-44.331331104040146,-5609.220398470759,0.024822695035460994,0.7368421052631579,0.47867711053089645
YBL016W,-1,-44.3324176967144,-4381.567883685231,0.024808033077377438,0.7368421052631579,0.47896721787061214
YNL191W,-1,-44.33770693838596,-5089.786710739136,0.024793388429752067,0.7368421052631579,0.4792573252103278
YJL097W,-1,-44.3458076864481,-5213.593018010259,0.024778761061946902,0.7368421052631579,0.4795474325500435
YBR092C,0,-44.3492618650198,-5098.71380212903,0.024778761061946902,0.7368421052631579,0.4795474325500435
YHR155W,0,-44.3519044816494,-5174.638576582074,0.024778761061946902,0.7368421052631579,0.4795474325500435
YBR086C,-1,-44.358124136924744,-3997.737079948187,0.024764150943396228,0.7368421052631579,0.4798375398897592
YDR387C,-1,-44.358439326286316,-3925.8886163532734,0.024749558043606363,0.7368421052631579,0.48012764722947493
YAL026C,-1,-44.35920086503029,-4658.820907473564,0.024734982332155476,0.7368421052631579,0.4804177545691906
YOL002C,-1,-44.363495379686356,-5179.512120783329,0.024720423778693348,0.7368421052631579,0.4807078619089063
YJR082C,-1,-44.3697596937418,-5149.32509405911,0.024705882352941175,0.7368421052631579,0.480997969248622
YLR418C,-1,-44.3764753639698,-4625.684863775969,0.024691358024691357,0.7368421052631579,0.48128807658833767
YBR229C,0,-44.379456520080566,-4235.220245271921,0.024691358024691357,0.7368421052631579,0.48128807658833767
YPL070W,0,-44.38459162414074,-4321.514056220651,0.024691358024691357,0.7368421052631579,0.48128807658833767
YLR157C-B,-1,-44.38823461532593,-4464.7126324772835,0.024676850763807285,0.7368421052631579,0.4815781839280534
YOL112W,-1,-44.393224477767944,-4281.642557933927,0.024662360540223135,0.7368421052631579,0.4818682912677691
YNL129W,0,-44.396630212664604,-4771.206845343113,0.024662360540223135,0.7368421052631579,0.4818682912677691
YDR098C-B,-1,-44.40293276309967,-4465.141687273979,0.02464788732394366,0.7368421052631579,0.4821583986074848
YBR188C,-1,-44.40719713270664,-5403.558744311333,0.02463343108504399,0.7368421052631579,0.48244850594720046
YDR210C-D,-1,-44.41587519645691,-4463.223288655281,0.0246189917936694,0.7368421052631579,0.48273861328691614
YOL087C,0,-44.41642189025879,-4281.658577740192,0.0246189917936694,0.7368421052631579,0.48273861328691614
YNL180C,0,-44.43200185894966,-4780.3894284665585,0.0246189917936694,0.7368421052631579,0.48273861328691614
YOR191W,0,-44.434367805719376,-5335.280675530434,0.0246189917936694,0.7368421052631579,0.48273861328691614
YPR137C-B,-1,-44.44763261079788,-4467.203593850136,0.02460456942003515,0.7368421052631579,0.4830287206266319
YJL074C,-1,-44.449406161904335,-5522.14206366241,0.02459016393442623,0.7368421052631579,0.48331882796634756
YNL284C-B,-1,-44.45746612548828,-4465.3449013233185,0.024575775307197192,0.7368421052631579,0.48360893530606325
YPR020W,-1,-44.463755398988724,-5074.223538249731,0.02456140350877193,0.7368421052631579,0.48389904264577893
YLR391W-A,0,-44.46622896194458,-4534.046080827713,0.02456140350877193,0.7368421052631579,0.48389904264577893
YPR158C-D,-1,-44.46725791692734,-4470.645462453365,0.024547048509643482,0.7368421052631579,0.4841891499854946
YGR055W,-1,-44.46754214167595,-4696.023198053241,0.02453271028037383,0.7368421052631579,0.48447925732521036
YBR039W,-1,-44.4687240421772,-4401.93521104753,0.024518388791593695,0.7368421052631579,0.48476936466492604
YDR506C,-1,-44.47113272547722,-4168.273425996304,0.024504084014002333,0.7368421052631579,0.4850594720046417
YHR143W,-1,-44.47416019439697,-4205.369301199913,0.024489795918367346,0.7368421052631579,0.4853495793443574
YGR036C,-1,-44.4773753285408,-5059.9170075803995,0.024475524475524476,0.7368421052631579,0.4856396866840731
YER051W,0,-44.48037892580032,-4984.395268306136,0.024475524475524476,0.7368421052631579,0.4856396866840731
YIL171W,-1,-44.50160998106003,-3975.865356683731,0.0244612696563774,0.7368421052631579,0.4859297940237888
YMR218C,0,-44.50442677736282,-5149.320352569222,0.0244612696563774,0.7368421052631579,0.4859297940237888
YOR022C,-1,-44.53505998849869,-4339.041031032801,0.024447031431897557,0.7368421052631579,0.4862199013635045
YPL234C,-1,-44.55524027347565,-4725.628849491477,0.02443280977312391,0.7368421052631579,0.4865100087032202
YIL084C,0,-44.5555459856987,-4556.968705445528,0.02443280977312391,0.7368421052631579,0.4865100087032202
YDR261C-C,-1,-44.55988919734955,-4463.7821878790855,0.02441860465116279,0.7368421052631579,0.4868001160429359
YOL047C,0,-44.5616015791893,-4354.890209466219,0.02441860465116279,0.7368421052631579,0.4868001160429359
YNL222W,-1,-44.56264737248421,-5076.5206771194935,0.02440441603718768,0.7368421052631579,0.48709022338265157
YDR306C,-1,-44.60231810808182,-4271.624351978302,0.024390243902439025,0.7368421052631579,0.48738033072236725
YIL056W,-1,-44.61031290888786,-4167.194440543652,0.024376088218224026,0.7368421052631579,0.487670438062083
YBL071W-A,-1,-44.62744000554085,-4807.592792779207,0.024361948955916472,0.7368421052631579,0.4879605454017987
YIR025W,-1,-44.634855568408966,-4911.986422747374,0.02434782608695652,0.7368421052631579,0.48825065274151436
YNR063W,0,-44.64398676156998,-4658.1750219762325,0.02434782608695652,0.7368421052631579,0.48825065274151436
YDR210W-D,-1,-44.663706839084625,-4470.031658768654,0.02433371958285052,0.7368421052631579,0.48854076008123004
YPR036W-A,0,-44.66370689868927,-4470.031658768654,0.02433371958285052,0.7368421052631579,0.48854076008123004
YHR214W-G,0,-44.66370689868927,-4470.031658768654,0.02433371958285052,0.7368421052631579,0.48854076008123004
YIL102C-A,0,-44.66370689868927,-4470.031658768654,0.02433371958285052,0.7368421052631579,0.48854076008123004
YNL024C-A,0,-44.663706958293915,-4470.031658768654,0.02433371958285052,0.7368421052631579,0.48854076008123004
YMR194C-B,0,-44.663706958293915,-4470.031658768654,0.02433371958285052,0.7368421052631579,0.48854076008123004
YBL039W-A,0,-44.663706958293915,-4470.031658768654,0.02433371958285052,0.7368421052631579,0.48854076008123004
YCR075W-A,0,-44.663706958293915,-4470.031658768654,0.02433371958285052,0.7368421052631579,0.48854076008123004
YOR343C-A,-1,-44.66370701789856,-4470.031658768654,0.024319629415170817,0.7368421052631579,0.4888308674209457
YJR112W-A,0,-44.66370701789856,-4470.031658768654,0.024319629415170817,0.7368421052631579,0.4888308674209457
YCL021W-A,0,-44.66370701789856,-4470.031658768654,0.024319629415170817,0.7368421052631579,0.4888308674209457
YLR099W-A,0,-44.663707077503204,-4470.031658768654,0.024319629415170817,0.7368421052631579,0.4888308674209457
YCL001W-B,0,-44.663707077503204,-4470.031658768654,0.024319629415170817,0.7368421052631579,0.4888308674209457
YBR235W,0,-44.66506165266037,-4683.194076687098,0.024319629415170817,0.7368421052631579,0.4888308674209457
YBL009W,-1,-44.66847716271877,-6962.241872102022,0.024305555555555556,0.7368421052631579,0.48912097476066146
YLR228C,-1,-44.67277550697327,-5086.337311074138,0.024291497975708502,0.7368421052631579,0.48941108210037715
YHL009W-B,-1,-44.68135780096054,-4453.510856807232,0.024277456647398842,0.7368421052631579,0.48970118944009283
YPR090W,0,-44.69961029291153,-4501.8397117853165,0.024277456647398842,0.7368421052631579,0.48970118944009283
YDR260C,-1,-44.700362741947174,-4858.943922713399,0.024263431542461005,0.7368421052631579,0.4899912967798085
YIL177C,0,-44.717271238565445,-4720.697807222605,0.024263431542461005,0.7368421052631579,0.4899912967798085
YER137C-A,-1,-44.73661059141159,-4457.625159144402,0.02424942263279446,0.7368421052631579,0.4902814041195242
YMR286W,-1,-44.74108275771141,-5335.756373092532,0.024235429890363532,0.7368421052631579,0.49057151145923994
YPR158W-A,-1,-44.74612534046173,-4454.850176870823,0.02422145328719723,0.7368421052631579,0.4908616187989556
YHR214C-C,-1,-44.75634050369263,-4451.658446550369,0.02420749279538905,0.7368421052631579,0.4911517261386713
YMR158W,-1,-44.77098500728607,-5751.285266563296,0.024193548387096774,0.7368421052631579,0.491441833478387
YNL054W-B,-1,-44.77695828676224,-4461.5697620511055,0.024179620034542316,0.7368421052631579,0.4917319408181027
YBR005W,0,-44.77898773550987,-4297.7431889772415,0.024179620034542316,0.7368421052631579,0.4917319408181027
YJR044C,-1,-44.78265434503555,-4336.704196497798,0.024165707710011506,0.7368421052631579,0.4920220481578184
YML017W,0,-44.78970545530319,-4995.485693693161,0.024165707710011506,0.7368421052631579,0.4920220481578184
YFL038C,0,-44.834361523389816,-4901.306268930435,0.024165707710011506,0.7368421052631579,0.4920220481578184
YGR086C,-1,-44.85484650731087,-4373.622432291508,0.024151811385853938,0.7368421052631579,0.4923121554975341
YAL059W,-1,-44.86640165001154,-6809.13071899116,0.02413793103448276,0.7368421052631579,0.4926022628372498
YGL233W,-1,-44.87804174423218,-5266.077707633376,0.024124066628374498,0.7368421052631579,0.49289237017696547
YDR192C,0,-44.889925211668015,-4805.615703508258,0.024124066628374498,0.7368421052631579,0.49289237017696547
YDL103C,0,-44.89083920419216,-4835.218684747815,0.024124066628374498,0.7368421052631579,0.49289237017696547
YGR294W,0,-44.897037088871,-4295.163456827402,0.024124066628374498,0.7368421052631579,0.49289237017696547
YEL068C,0,-44.90172678232193,-4410.237062335014,0.024124066628374498,0.7368421052631579,0.49289237017696547
YJR118C,-1,-44.911539778113365,-4808.248504221439,0.024110218140068886,0.7368421052631579,0.49318247751668115
YJR006W,-1,-44.91414910554886,-5257.403317168355,0.024096385542168676,0.7368421052631579,0.4934725848563969
YDR262W,0,-44.91980788111687,-4378.946268647909,0.024096385542168676,0.7368421052631579,0.4934725848563969
YDR485C,-1,-44.92502158880234,-5168.408496171236,0.02408256880733945,0.7368421052631579,0.4937626921961126
YCR036W,0,-44.925904631614685,-5071.815624162555,0.02408256880733945,0.7368421052631579,0.4937626921961126
YIL068C,-1,-44.9303437769413,-5435.811636462808,0.024068767908309457,0.7368421052631579,0.49405279953582826
YBL097W,-1,-44.93284261226654,-4964.98240891099,0.024054982817869417,0.7368421052631579,0.49434290687554394
YHR041C,-1,-44.93477903306484,-5481.937286496162,0.024041213508872353,0.7368421052631579,0.4946330142152596
YOL056W,0,-44.936940878629684,-4803.201557487249,0.024041213508872353,0.7368421052631579,0.4946330142152596
YDR244W,-1,-44.939049392938614,-4906.858707129955,0.02402745995423341,0.7368421052631579,0.49492312155497536
YLR385C,-1,-44.97650909423828,-5067.972082421184,0.024013722126929673,0.7368421052631579,0.49521322889469105
YER048C,-1,-44.982900246977806,-5786.485741302371,0.024,0.7368421052631579,0.49550333623440673
YKL054C,-1,-44.99395555257797,-5604.922820448875,0.023986293546544833,0.7368421052631579,0.4957934435741224
YOR197W,0,-44.99890261888504,-4985.421636775136,0.023986293546544833,0.7368421052631579,0.4957934435741224
YNR035C,-1,-45.00870221853256,-4239.180803582072,0.023972602739726026,0.7368421052631579,0.4960835509138381
YNL251C,-1,-45.012313693761826,-4961.404361173511,0.023958927552766685,0.7368421052631579,0.49637365825355384
YPR065W,-1,-45.019595354795456,-5056.393520057201,0.02394526795895097,0.7368421052631579,0.4966637655932695
YER075C,-1,-45.019603937864304,-5105.0897483974695,0.023931623931623933,0.7368421052631579,0.4969538729329852
YGL080W,0,-45.06152963638306,-5694.756207242608,0.023931623931623933,0.7368421052631579,0.4969538729329852
YKR080W,1,-45.07393655180931,-5208.805065512657,0.0244874715261959,0.7543859649122807,0.4969538729329852
YER060W,-1,-45.0749449133873,-5062.237506657839,0.024473534433693798,0.7543859649122807,0.4972439802727009
YDR063W,0,-45.08401542901993,-4368.27976077795,0.024473534433693798,0.7543859649122807,0.4972439802727009
YPL086C,-1,-45.10111819207668,-8399.526532113552,0.024459613196814563,0.7543859649122807,0.4975340876124166
YJL019W,-1,-45.10848876833916,-5197.081681370735,0.0244457077885162,0.7543859649122807,0.4978241949521323
YPL163C,0,-45.10957309603691,-5251.027543321252,0.0244457077885162,0.7543859649122807,0.4978241949521323
YKR088C,0,-45.122963309288025,-4176.039467900991,0.0244457077885162,0.7543859649122807,0.4978241949521323
YPR113W,-1,-45.125027030706406,-4509.97153455019,0.024431818181818183,0.7543859649122807,0.498114302291848
YMR026C,-1,-45.13322904706001,-5122.04771874845,0.02441794434980125,0.7543859649122807,0.4984044096315637
YLL007C,0,-45.14199286699295,-4784.760258495808,0.02441794434980125,0.7543859649122807,0.4984044096315637
YKR051W,0,-45.14803874492645,-4604.294066488743,0.02441794434980125,0.7543859649122807,0.4984044096315637
YJL013C,-1,-45.15447241067886,-4383.257916346192,0.024404086265607264,0.7543859649122807,0.49869451697127937
YNL058C,0,-45.15651574730873,-4341.461613237858,0.024404086265607264,0.7543859649122807,0.49869451697127937
YML068W,0,-45.15973302721977,-4501.146902471781,0.024404086265607264,0.7543859649122807,0.49869451697127937
YMR276W,-1,-45.167130172252655,-5092.1116535663605,0.024390243902439025,0.7543859649122807,0.49898462431099505
YPR068C,-1,-45.17186951637268,-5130.08849978447,0.024376417233560092,0.7543859649122807,0.4992747316507108
YBL040C,0,-45.17648696899414,-4831.487631946802,0.024376417233560092,0.7543859649122807,0.4992747316507108
YHR181W,0,-45.18065628409386,-5284.655937194824,0.024376417233560092,0.7543859649122807,0.4992747316507108
YBL006C,-1,-45.18191499635577,-6175.528787232935,0.024362606232294616,0.7543859649122807,0.4995648389904265
YBR069C,-1,-45.20211350917816,-5975.481105938554,0.02434881087202718,0.7543859649122807,0.49985494633014216
YPL098C,-1,-45.20428079366684,-5195.402528837323,0.024335031126202604,0.7543859649122807,0.5001450536698578
YOR301W,-1,-45.204995051026344,-6672.685605157167,0.024321266968325792,0.7543859649122807,0.5004351610095735
YBL102W,0,-45.205884635448456,-4451.34841991961,0.024321266968325792,0.7543859649122807,0.5004351610095735
YML130C,-1,-45.211535185575485,-4595.0890201330185,0.02430751837196156,0.7543859649122807,0.5007252683492892
YIR006C,-1,-45.21702378988266,-4206.228476643562,0.024293785310734464,0.7543859649122807,0.5010153756890049
YPL192C,-1,-45.22441005706787,-4963.8146651387215,0.024280067758328628,0.7543859649122807,0.5013054830287206
YBR156C,-1,-45.253232039511204,-6177.834058195353,0.024266365688487584,0.7543859649122807,0.5015955903684364
YKL119C,-1,-45.25654895603657,-5145.043250128627,0.024252679075014102,0.7543859649122807,0.5018856977081521
YJR088C,0,-45.290169179439545,-4783.6821476221085,0.024252679075014102,0.7543859649122807,0.5018856977081521
YJR116W,0,-45.29654961824417,-4416.341541975737,0.024252679075014102,0.7543859649122807,0.5018856977081521
YER169W,-1,-45.31051751971245,-4880.91719801724,0.024239007891770012,0.7543859649122807,0.5021758050478677
YAR066W,0,-45.31661111116409,-4759.445796340704,0.024239007891770012,0.7543859649122807,0.5021758050478677
YNR066C,0,-45.340646386146545,-4794.40011999011,0.024239007891770012,0.7543859649122807,0.5021758050478677
YCR096C,0,-45.38994175195694,-4336.503501668572,0.024239007891770012,0.7543859649122807,0.5021758050478677
YHR116W,-1,-45.41123741865158,-5105.530523329973,0.024225352112676058,0.7543859649122807,0.5024659123875834
YGR179C,-1,-45.41178947687149,-5244.76955807209,0.02421171171171171,0.7543859649122807,0.5027560197272991
YFL010W-A,-1,-45.41412329673767,-4508.788526713848,0.024198086662915026,0.7543859649122807,0.5030461270670148
YFR043C,0,-45.421281307935715,-5525.731678470969,0.024198086662915026,0.7543859649122807,0.5030461270670148
YNL214W,-1,-45.43792498111725,-4593.836901143193,0.024184476940382452,0.7543859649122807,0.5033362344067305
YLL033W,-1,-45.45716445147991,-5245.62082824111,0.02417088251826869,0.7543859649122807,0.5036263417464462
YCL001W-A,0,-45.46771019697189,-4664.341493546963,0.02417088251826869,0.7543859649122807,0.5036263417464462
YLR155C,0,-45.476339250802994,-4535.9724793583155,0.02417088251826869,0.7543859649122807,0.5036263417464462
YDR468C,0,-45.47889295220375,-5521.988353282213,0.02417088251826869,0.7543859649122807,0.5036263417464462
YKL141W,-1,-45.495666801929474,-4263.118528857827,0.024157303370786518,0.7543859649122807,0.5039164490861618
YPR011C,0,-45.4958570599556,-4829.629700064659,0.024157303370786518,0.7543859649122807,0.5039164490861618
YEL031W,-1,-45.499283254146576,-5072.523035287857,0.024143739472206625,0.7543859649122807,0.5042065564258775
YAL015C,-1,-45.501185685396194,-4158.26392750442,0.024130190796857465,0.7543859649122807,0.5044966637655933
YHR177W,0,-45.51369732618332,-5202.317763790488,0.024130190796857465,0.7543859649122807,0.5044966637655933
YDL123W,0,-45.530930280685425,-4308.95561479032,0.024130190796857465,0.7543859649122807,0.5044966637655933
YGR276C,-1,-45.53460830450058,-6764.851391479373,0.02411665731912507,0.7543859649122807,0.504786771105309
YBL103C-A,0,-45.54004377126694,-4558.165906012058,0.02411665731912507,0.7543859649122807,0.504786771105309
YOL044W,-1,-45.541696190834045,-4997.783092305064,0.024103139013452915,0.7543859649122807,0.5050768784450247
YGR201C,0,-45.54386755824089,-4042.248502239585,0.024103139013452915,0.7543859649122807,0.5050768784450247
YPL220W,0,-45.56025272607803,-5267.406823456287,0.024103139013452915,0.7543859649122807,0.5050768784450247
YER139C,-1,-45.560614585876465,-4463.592921108007,0.024089635854341738,0.7543859649122807,0.5053669857847404
YMR063W,-1,-45.565962702035904,-4070.5668035447598,0.024076147816349383,0.7543859649122807,0.5056570931244561
YCL016C,-1,-45.57682412862778,-5243.832008853555,0.024062674874090653,0.7543859649122807,0.5059472004641717
YDR365W-B,-1,-45.58294107764959,-5165.024370364845,0.024049217002237135,0.7543859649122807,0.5062373078038874
YBL031W,-1,-45.592902451753616,-5158.249687924981,0.024035774175517048,0.7543859649122807,0.5065274151436031
YGL087C,-1,-45.61426776647568,-4279.352177560329,0.024022346368715083,0.7543859649122807,0.5068175224833188
YHR039C-A,-1,-45.61448962986469,-5221.384299144149,0.02400893355667225,0.7543859649122807,0.5071076298230345
YPL115C,-1,-45.621445924043655,-5011.046622738242,0.023995535714285716,0.7543859649122807,0.5073977371627503
YDR298C,-1,-45.622921258211136,-4282.9928458333015,0.023982152816508645,0.7543859649122807,0.507687844502466
YCL017C,-1,-45.629224836826324,-5084.634783983231,0.023968784838350056,0.7543859649122807,0.5079779518421816
YCR005C,-1,-45.63993415236473,-3949.0735267549753,0.02395543175487465,0.7543859649122807,0.5082680591818973
YHL012W,-1,-45.64195138216019,-4814.491204202175,0.023942093541202674,0.7543859649122807,0.508558166521613
YNR012W,0,-45.64312964677811,-6322.143259186298,0.023942093541202674,0.7543859649122807,0.508558166521613
YKR099C-A,0,-45.64995861053467,-4638.382747173309,0.023942093541202674,0.7543859649122807,0.508558166521613
YKR001C,-1,-45.65203256905079,-4932.594320774078,0.023928770172509738,0.7543859649122807,0.5088482738613287
YPL194W,-1,-45.6618030667305,-4716.915885910392,0.023915461624026697,0.7543859649122807,0.5091383812010444
YDR092W,-1,-45.672883719205856,-5088.387508362532,0.023902167871039465,0.7543859649122807,0.5094284885407601
YNL148C,-1,-45.67701034247875,-4880.54964672029,0.02388888888888889,0.7543859649122807,0.5097185958804757
YBR016W,-1,-45.69249439239502,-4265.6887175142765,0.02387562465297057,0.7543859649122807,0.5100087032201914
YIL082W-A,-1,-45.6938613653183,-4724.211302280426,0.02386237513873474,0.7543859649122807,0.5102988105599071
YHL031C,0,-45.70387625694275,-4631.941511929035,0.02386237513873474,0.7543859649122807,0.5102988105599071
YBR247C,-1,-45.71666453778744,-6513.932767406106,0.02384914032168608,0.7543859649122807,0.5105889178996229
YBR115C,0,-45.71822348237038,-4556.2006163448095,0.02384914032168608,0.7543859649122807,0.5105889178996229
YPR057W,-1,-45.721453815698624,-5095.648543253541,0.02383592017738359,0.7543859649122807,0.5108790252393386
YLR422W,0,-45.72680228948593,-4634.080665618181,0.02383592017738359,0.7543859649122807,0.5108790252393386
YNL092W,0,-45.727795362472534,-4214.100750148296,0.02383592017738359,0.7543859649122807,0.5108790252393386
YKL016C,-1,-45.73150438070297,-4513.233713850379,0.023822714681440444,0.7543859649122807,0.5111691325790543
YMR076C,-1,-45.7547470331192,-5626.3424731493,0.023809523809523808,0.7543859649122807,0.51145923991877
YHR024C,-1,-45.757292464375496,-5369.662014648318,0.023796347537354733,0.7543859649122807,0.5117493472584856
YOL105C,-1,-45.7573376595974,-5208.908068448305,0.023783185840707963,0.7543859649122807,0.5120394545982013
YPR016C,-1,-45.787230402231216,-7351.964941397309,0.02377003869541183,0.7543859649122807,0.512329561937917
YCR107W,0,-45.81315940618515,-4197.878446415067,0.02377003869541183,0.7543859649122807,0.512329561937917
YLR129W,-1,-45.82948286831379,-7640.542183563113,0.023756906077348067,0.7543859649122807,0.5126196692776327
YBR282W,-1,-45.83519321680069,-5431.198814347386,0.023743787962451683,0.7543859649122807,0.5129097766173484
YPR157W,0,-45.84651634097099,-4331.323950484395,0.023743787962451683,0.7543859649122807,0.5129097766173484
YLR121C,0,-45.853658974170685,-4367.3609515577555,0.023743787962451683,0.7543859649122807,0.5129097766173484
YML033W,-1,-45.862482368946075,-4596.451856315136,0.023730684326710817,0.7543859649122807,0.5131998839570641
YDL206W,-1,-45.86945688724518,-4256.851614147425,0.023717595146166576,0.7543859649122807,0.5134899912967799
YKR020W,-1,-45.88905906677246,-4804.908840715885,0.023704520396912898,0.7543859649122807,0.5137800986364955
YEL064C,-1,-45.904150158166885,-5297.583205074072,0.023691460055096418,0.7543859649122807,0.5140702059762112
YLR404W,0,-45.92536875605583,-5406.05338075757,0.023691460055096418,0.7543859649122807,0.5140702059762112
YBR237W,-1,-45.943488359451294,-4864.442231178284,0.0236784140969163,0.7543859649122807,0.5143603133159269
YER166W,-1,-45.959390461444855,-5277.470508232713,0.023665382498624106,0.7543859649122807,0.5146504206556426
YMR177W,-1,-45.964418172836304,-5405.713015586138,0.023652365236523653,0.7543859649122807,0.5149405279953583
YDR066C,0,-45.97038224339485,-4890.336520344019,0.023652365236523653,0.7543859649122807,0.5149405279953583
YER018C,-1,-45.97565054893494,-4966.348125785589,0.023639362286970864,0.7543859649122807,0.515230635335074
YPL177C,-1,-45.983400255441666,-4517.239670008421,0.023626373626373626,0.7543859649122807,0.5155207426747896
YER180C,-1,-45.985055942088366,-6391.2632354311645,0.023613399231191653,0.7543859649122807,0.5158108500145053
YER078C,0,-45.99218216538429,-4480.70336830616,0.023613399231191653,0.7543859649122807,0.5158108500145053
YEL039C,-1,-46.00252375006676,-4209.190765410662,0.023600439077936335,0.7543859649122807,0.516100957354221
YCL005W-A,-1,-46.002921640872955,-4773.36859858036,0.023587493143170598,0.7543859649122807,0.5163910646939368
YOL075C,0,-46.004516422748566,-4791.49797013402,0.023587493143170598,0.7543859649122807,0.5163910646939368
YGR075C,-1,-46.00983816385269,-5549.885677441955,0.023574561403508772,0.7543859649122807,0.5166811720336525
YDR495C,-1,-46.014914602041245,-5056.9958084225655,0.023561643835616437,0.7543859649122807,0.5169712793733682
YOR172W,-1,-46.01879307627678,-5058.090316802263,0.023548740416210297,0.7543859649122807,0.5172613867130839
YJR147W,-1,-46.0529827773571,-4999.49021461606,0.02353585112205802,0.7543859649122807,0.5175514940527995
YEL047C,0,-46.06028687953949,-4891.358206704259,0.02353585112205802,0.7543859649122807,0.5175514940527995
YDR331W,-1,-46.06366025656462,-6017.841449357569,0.023522975929978117,0.7543859649122807,0.5178416013925152
YKR075C,-1,-46.06887203454971,-4628.048498213291,0.023510114816839803,0.7543859649122807,0.5181317087322309
YOR085W,-1,-46.07092767953873,-5068.527487561107,0.023497267759562842,0.7543859649122807,0.5184218160719466
YLR286C,0,-46.072356045246124,-4311.051445141435,0.023497267759562842,0.7543859649122807,0.5184218160719466
YML006C,-1,-46.0727604329586,-5281.311690181494,0.023484434735117424,0.7543859649122807,0.5187119234116623
YMR295C,0,-46.076449036598206,-4870.962971717119,0.023484434735117424,0.7543859649122807,0.5187119234116623
YNL063W,-1,-46.083910048007965,-4790.3647437393665,0.023471615720524017,0.7543859649122807,0.519002030751378
YJL002C,-1,-46.09380754828453,-4886.11496001482,0.023458810692853247,0.7543859649122807,0.5192921380910938
YGR135W,-1,-46.106210708618164,-5200.098891407251,0.023446019629225736,0.7543859649122807,0.5195822454308094
YGL066W,0,-46.11999464035034,-5015.131785690784,0.023446019629225736,0.7543859649122807,0.5195822454308094
YBR167C,-1,-46.12272943556309,-6191.978311631829,0.023433242506811988,0.7543859649122807,0.5198723527705251
YNR073C,0,-46.13149797916412,-4798.535927087069,0.023433242506811988,0.7543859649122807,0.5198723527705251
YGL063W,-1,-46.13384793698788,-5349.828809797764,0.023420479302832243,0.7543859649122807,0.5201624601102408
YOR249C,-1,-46.13450223207474,-4949.038750782609,0.023407729994556342,0.7543859649122807,0.5204525674499565
YJL003W,-1,-46.16306519508362,-4310.736852541566,0.023394994559303592,0.7543859649122807,0.5207426747896722
YBR070C,-1,-46.16955208778381,-5120.722582995892,0.023382272974442633,0.7543859649122807,0.5210327821293879
YBL059C-A,0,-46.17018973827362,-4525.387897908688,0.023382272974442633,0.7543859649122807,0.5210327821293879
YFL009W,-1,-46.19308549165726,-4919.041144609451,0.023369565217391305,0.7543859649122807,0.5213228894691035
YGR156W,-1,-46.20662719011307,-4889.507714912295,0.023356871265616513,0.7543859649122807,0.5216129968088192
YBL085W,0,-46.221171736717224,-5582.164928749204,0.023356871265616513,0.7543859649122807,0.5216129968088192
YPR145W,0,-46.22178918123245,-4996.735916748643,0.023356871265616513,0.7543859649122807,0.5216129968088192
YHR122W,-1,-46.224329710006714,-4745.517568320036,0.023344191096634093,0.7543859649122807,0.5219031041485349
YNL314W,-1,-46.227535635232925,-5358.080248206854,0.02333152468800868,0.7543859649122807,0.5221932114882507
YPR162C,-1,-46.23320186138153,-4976.937508434057,0.023318872017353578,0.7543859649122807,0.5224833188279664
YOL089C,-1,-46.240178138017654,-5307.633046343923,0.023306233062330622,0.7543859649122807,0.5227734261676821
YGL023C,0,-46.25271424651146,-5076.76653149724,0.023306233062330622,0.7543859649122807,0.5227734261676821
YKL090W,-1,-46.25423550605774,-4623.1095954328775,0.023293607800650054,0.7543859649122807,0.5230635335073978
YOR141C,-1,-46.25830960273743,-5939.5065676271915,0.023280996210070383,0.7543859649122807,0.5233536408471134
YMR258C,0,-46.26166146993637,-4271.324466347694,0.023280996210070383,0.7543859649122807,0.5233536408471134
YLR114C,0,-46.2670626193285,-5141.275517478585,0.023280996210070383,0.7543859649122807,0.5233536408471134
YPR006C,-1,-46.29404333233833,-4503.245614439249,0.023268398268398268,0.7543859649122807,0.5236437481868291
YHR117W,0,-46.29679709672928,-4995.629179060459,0.023268398268398268,0.7543859649122807,0.5236437481868291
YFL043C,0,-46.296951591968536,-4521.992352604866,0.023268398268398268,0.7543859649122807,0.5236437481868291
YLR380W,-1,-46.311111986637115,-5189.804686784744,0.023255813953488372,0.7543859649122807,0.5239338555265448
YGR270W,0,-46.33340513706207,-5001.982162043452,0.023255813953488372,0.7543859649122807,0.5239338555265448
YMR106C,-1,-46.34027311205864,-4709.415381982923,0.023243243243243242,0.7543859649122807,0.5242239628662605
YPL255W,-1,-46.34214788675308,-5278.920209869742,0.023230686115613183,0.7543859649122807,0.5245140702059762
YMR198W,-1,-46.35201972723007,-5820.739725962281,0.023218142548596114,0.7543859649122807,0.5248041775456919
YLR417W,-1,-46.36728097498417,-5449.810463771224,0.023205612520237454,0.7543859649122807,0.5250942848854075
YDR420W,-1,-46.38100351393223,-5391.752494946122,0.02319309600862999,0.7543859649122807,0.5253843922251233
YLR263W,-1,-46.39366066455841,-4791.359535112977,0.023180592991913745,0.7543859649122807,0.525674499564839
YER028C,-1,-46.39609953761101,-4649.162009000778,0.023168103448275863,0.7543859649122807,0.5259646069045547
YER072W,-1,-46.41409631073475,-5374.353284344077,0.023155627355950458,0.7543859649122807,0.5262547142442704
YOR321W,-1,-46.427922785282135,-4584.648632183671,0.023143164693218515,0.7543859649122807,0.5265448215839861
YDL058W,0,-46.435712561011314,-5011.686071276665,0.023143164693218515,0.7543859649122807,0.5265448215839861
YDL214C,-1,-46.442319482564926,-4248.887372910976,0.023130715438407747,0.7543859649122807,0.5268349289237018
YGL261C,0,-46.45862364768982,-4218.781053483486,0.023130715438407747,0.7543859649122807,0.5268349289237018
YCR097W,0,-46.4628204703331,-5126.81581646204,0.023130715438407747,0.7543859649122807,0.5268349289237018
YGL141W,-1,-46.472141683101654,-4236.38786688447,0.023118279569892472,0.7543859649122807,0.5271250362634174
YMR264W,-1,-46.47933849692345,-5677.813850358129,0.0231058570660935,0.7543859649122807,0.5274151436031331
YNL072W,-1,-46.4804467856884,-5535.173199057579,0.02309344790547798,0.7543859649122807,0.5277052509428488
YBR289W,-1,-46.480465322732925,-5400.751350432634,0.02308105206655931,0.7543859649122807,0.5279953582825645
YLR098C,0,-46.483740389347076,-4908.426559612155,0.02308105206655931,0.7543859649122807,0.5279953582825645
YLR300W,0,-46.50199177861214,-4451.922156885266,0.02308105206655931,0.7543859649122807,0.5279953582825645
YML001W,-1,-46.502860590815544,-5623.4679231494665,0.023068669527896997,0.7543859649122807,0.5282854656222803
YBR265W,-1,-46.50291492044926,-5796.2588840276,0.023056300268096516,0.7543859649122807,0.528575572961996
YDR128W,0,-46.50711086392403,-5267.3866570442915,0.023056300268096516,0.7543859649122807,0.528575572961996
YOL061W,0,-46.520459324121475,-5892.476162403822,0.023056300268096516,0.7543859649122807,0.528575572961996
YMR073C,0,-46.52474610507488,-5543.872593462467,0.023056300268096516,0.7543859649122807,0.528575572961996
YER171W,-1,-46.52706465870142,-6369.104119502008,0.02304394426580922,0.7543859649122807,0.5288656803017117
YNR050C,0,-46.53723496198654,-4797.954583272338,0.02304394426580922,0.7543859649122807,0.5288656803017117
YAR044W,-1,-46.54493969678879,-4605.59686255455,0.023031601499732192,0.7543859649122807,0.5291557876414273
YLR053C,0,-46.547976702451706,-4318.605625957251,0.023031601499732192,0.7543859649122807,0.5291557876414273
YGR238C,-1,-46.56716251373291,-5090.552807494998,0.023019271948608137,0.7543859649122807,0.529445894981143
YCR045C,0,-46.570986568927765,-4439.600917547941,0.023019271948608137,0.7543859649122807,0.529445894981143
YPL010W,0,-46.57574421167374,-5822.838996335864,0.023019271948608137,0.7543859649122807,0.529445894981143
YBR295W,-1,-46.578812792897224,-5270.471571817994,0.023006955591225255,0.7543859649122807,0.5297360023208587
YMR184W,-1,-46.58909660577774,-4574.394642546773,0.022994652406417113,0.7543859649122807,0.5300261096605744
YDL171C,0,-46.599227249622345,-5536.388934373856,0.022994652406417113,0.7543859649122807,0.5300261096605744
YML069W,-1,-46.60077154636383,-5642.949160173535,0.022982362373062535,0.7543859649122807,0.5303162170002901
YLR284C,-1,-46.60319983959198,-4639.486862465739,0.022970085470085472,0.7543859649122807,0.5306063243400058
YLR173W,0,-46.60355305671692,-4797.683406949043,0.022970085470085472,0.7543859649122807,0.5306063243400058
YHR111W,-1,-46.607233345508575,-5171.933992981911,0.022957821676454885,0.7543859649122807,0.5308964316797214
YHR076W,0,-46.61461389064789,-5348.134040206671,0.022957821676454885,0.7543859649122807,0.5308964316797214
YJR053W,-1,-46.623217195272446,-4368.546518847346,0.02294557097118463,0.7543859649122807,0.5311865390194372
YDR313C,-1,-46.62953186035156,-4634.784994140267,0.022933333333333333,0.7543859649122807,0.5314766463591529
YPL183W-A,-1,-46.63665255904198,-5715.905865520239,0.022921108742004266,0.7543859649122807,0.5317667536988686
YNL271C,-1,-46.637324780225754,-5018.11407443881,0.02290889717634523,0.7543859649122807,0.5320568610385843
YNL185C,-1,-46.63736207783222,-5499.467937096953,0.022896698615548456,0.7543859649122807,0.5323469683783
YDR150W,-1,-46.64702072739601,-5167.250188395381,0.022884513038850453,0.7543859649122807,0.5326370757180157
YLR190W,-1,-46.66286098957062,-5474.453206062317,0.022872340425531913,0.7543859649122807,0.5329271830577313
YBR025C,0,-46.67211374640465,-4827.781836390495,0.022872340425531913,0.7543859649122807,0.5329271830577313
YDL010W,-1,-46.694216161966324,-4954.47361934185,0.022860180754917598,0.7543859649122807,0.533217290397447
YGL191W,-1,-46.69541183114052,-4560.661736562848,0.022848034006376194,0.7543859649122807,0.5335073977371627
YAR003W,0,-46.7022460103035,-4829.584851697087,0.022848034006376194,0.7543859649122807,0.5335073977371627
YDR118W,-1,-46.70897716283798,-5001.134947612882,0.022835900159320233,0.7543859649122807,0.5337975050768784
YPL209C,-1,-46.712570533156395,-5478.767018944025,0.022823779193205943,0.7543859649122807,0.5340876124165942
YPR152C,-1,-46.715129017829895,-5034.2440734654665,0.022811671087533156,0.7543859649122807,0.5343777197563099
YER124C,0,-46.71594026684761,-4699.885448530316,0.022811671087533156,0.7543859649122807,0.5343777197563099
YOL152W,-1,-46.71690422296524,-5308.455307021737,0.022799575821845174,0.7543859649122807,0.5346678270960256
YJL091C,-1,-46.71970774233341,-5243.627612367272,0.02278749337572867,0.7543859649122807,0.5349579344357412
YGR026W,0,-46.722085773944855,-4483.308400124311,0.02278749337572867,0.7543859649122807,0.5349579344357412
YFR047C,0,-46.72602358460426,-4270.481557369232,0.02278749337572867,0.7543859649122807,0.5349579344357412
YDR252W,-1,-46.727225333452225,-5100.4563447237015,0.022775423728813558,0.7543859649122807,0.5352480417754569
YJL004C,0,-46.740989819169044,-5738.361597746611,0.022775423728813558,0.7543859649122807,0.5352480417754569
YHR156C,0,-46.74601459503174,-5305.684262782335,0.022775423728813558,0.7543859649122807,0.5352480417754569
YDL239C,-1,-46.74871423840523,-4573.062573567033,0.022763366860772894,0.7543859649122807,0.5355381491151726
YIR019C,-1,-46.75655373930931,-4726.567773222923,0.02275132275132275,0.7543859649122807,0.5358282564548883
YDR438W,0,-46.76963710784912,-5338.00061057508,0.02275132275132275,0.7543859649122807,0.5358282564548883
YBR185C,-1,-46.77443054318428,-4548.73134624958,0.022739291380222106,0.7543859649122807,0.536118363794604
YDR030C,-1,-46.778341084718704,-5272.070406407118,0.022727272727272728,0.7543859649122807,0.5364084711343197
YML038C,-1,-46.79436130821705,-5531.8076826334,0.02271526677231907,0.7543859649122807,0.5366985784740353
YFR034C,-1,-46.81191846728325,-4899.586952075362,0.02270327349524815,0.7543859649122807,0.5369886858137511
YJL219W,-1,-46.81408131122589,-4373.2127013504505,0.022691292875989446,0.7543859649122807,0.5372787931534668
YKL222C,0,-46.82753974199295,-4805.111189305782,0.022691292875989446,0.7543859649122807,0.5372787931534668
YCR032W,0,-46.83783331513405,-4936.38626293838,0.022691292875989446,0.7543859649122807,0.5372787931534668
YPL168W,0,-46.84915608167648,-4848.36883482337,0.022691292875989446,0.7543859649122807,0.5372787931534668
YGL184C,0,-46.849919974803925,-3766.9981405735016,0.022691292875989446,0.7543859649122807,0.5372787931534668
YLR392C,0,-46.864034831523895,-4774.150723218918,0.022691292875989446,0.7543859649122807,0.5372787931534668
YBR278W,-1,-46.8654345870018,-5247.436359196901,0.02267932489451477,0.7543859649122807,0.5375689004931825
YDR538W,0,-46.88824066519737,-4741.000960275531,0.02267932489451477,0.7543859649122807,0.5375689004931825
YDR483W,-1,-46.89567968249321,-5217.9311360269785,0.022667369530838165,0.7543859649122807,0.5378590078328982
YMR111C,0,-46.905642330646515,-4756.366939544678,0.022667369530838165,0.7543859649122807,0.5378590078328982
YKL023W,0,-46.908621430397034,-4272.090466707945,0.022667369530838165,0.7543859649122807,0.5378590078328982
YLR110C,-1,-46.91626000404358,-4553.617065310478,0.022655426765015807,0.7543859649122807,0.5381491151726139
YBR251W,-1,-46.91753174364567,-5567.852934241295,0.022643496577145865,0.7543859649122807,0.5384392225123296
YHL018W,0,-46.940774500370026,-4764.661098301411,0.022643496577145865,0.7543859649122807,0.5384392225123296
YDR345C,-1,-46.952956050634384,-4643.4104075580835,0.022631578947368423,0.7543859649122807,0.5387293298520452
YDL095W,-1,-46.9685959815979,-5163.993472605944,0.022619673855865333,0.7543859649122807,0.5390194371917609
YMR017W,-1,-46.97204291820526,-4670.330376848578,0.02260778128286015,0.7543859649122807,0.5393095445314766
YKL010C,-1,-46.987271934747696,-4809.106839731336,0.02259590120861797,0.7543859649122807,0.5395996518711923
YJR029W,-1,-46.99812567234039,-4745.4474095106125,0.022584033613445378,0.7543859649122807,0.539889759210908
YPR091C,0,-47.01203775405884,-4423.386363148689,0.022584033613445378,0.7543859649122807,0.539889759210908
YDR283C,-1,-47.01666593551636,-5667.720968991518,0.02257217847769029,0.7543859649122807,0.5401798665506238
YGR175C,-1,-47.0418866276741,-5328.940938204527,0.022560335781741866,0.7543859649122807,0.5404699738903395
YPL264C,0,-47.04974830150604,-4347.30059351027,0.022560335781741866,0.7543859649122807,0.5404699738903395
YDR180W,-1,-47.06016057729721,-5254.876355007291,0.022548505506030415,0.7543859649122807,0.5407600812300551
YER108C,-1,-47.063718140125275,-4632.338069975376,0.022536687631027254,0.7543859649122807,0.5410501885697708
YER144C,-1,-47.068372935056686,-4928.1615742594,0.022524882137244632,0.7543859649122807,0.5413402959094865
YGR127W,0,-47.07211218774319,-4096.625213518739,0.022524882137244632,0.7543859649122807,0.5413402959094865
YLR424W,-1,-47.07804071903229,-5061.379090160131,0.022513089005235604,0.7543859649122807,0.5416304032492022
YGR169C-A,0,-47.084603667259216,-4732.645760178566,0.022513089005235604,0.7543859649122807,0.5416304032492022
YDR248C,0,-47.09205389022827,-4821.364856988192,0.022513089005235604,0.7543859649122807,0.5416304032492022
YNL194C,-1,-47.099103569984436,-4211.961694344878,0.02250130821559393,0.7543859649122807,0.5419205105889179
YMR182C,-1,-47.10658696293831,-5045.267787694931,0.022489539748953975,0.7543859649122807,0.5422106179286336
YKL088W,1,-47.110534608364105,-4871.038933306932,0.02300052273915316,0.7719298245614035,0.5422106179286336
YGR089W,-1,-47.115533620119095,-5030.63182349503,0.022988505747126436,0.7719298245614035,0.5425007252683492
YBL047C,-1,-47.126243487000465,-4380.375946715474,0.022976501305483028,0.7719298245614035,0.5427908326080649
YMR282C,-1,-47.12835627794266,-5778.171050518751,0.022964509394572025,0.7719298245614035,0.5430809399477807
YML101C,-1,-47.133953392505646,-5051.290849685669,0.022952529994783515,0.7719298245614035,0.5433710472874964
YNL328C,-1,-47.14392048120499,-4501.251841664314,0.022940563086548488,0.7719298245614035,0.5436611546272121
YCL056C,0,-47.14426872134209,-4921.652947545052,0.022940563086548488,0.7719298245614035,0.5436611546272121
YFR053C,-1,-47.15300804376602,-4170.700025826693,0.022928608650338717,0.7719298245614035,0.5439512619669278
YEL056W,-1,-47.15303200483322,-4697.371655330062,0.022916666666666665,0.7719298245614035,0.5442413693066435
YBL100W-B,-1,-47.17439341545105,-4743.769267976284,0.022904737116085372,0.7719298245614035,0.5445314766463591
YCL074W,-1,-47.18005383014679,-4736.658752322197,0.022892819979188347,0.7719298245614035,0.5448215839860748
YKL020C,-1,-47.1827055811882,-4839.481383129954,0.022880915236609463,0.7719298245614035,0.5451116913257905
YDR200C,-1,-47.21100577712059,-4938.296149522066,0.02286902286902287,0.7719298245614035,0.5454017986655062
YOR381W,-1,-47.2265527844429,-5536.66626060009,0.022857142857142857,0.7719298245614035,0.5456919060052219
YML112W,-1,-47.232819974422455,-6234.957676649094,0.02284527518172378,0.7719298245614035,0.5459820133449377
YER130C,0,-47.24814873933792,-4755.539202541113,0.02284527518172378,0.7719298245614035,0.5459820133449377
YHR175W,-1,-47.25618876516819,-5545.037174493074,0.022833419823559936,0.7719298245614035,0.5462721206846534
YCL073C,0,-47.270373821258545,-4724.75847864151,0.022833419823559936,0.7719298245614035,0.5462721206846534
YER010C,0,-47.27256095409393,-4748.815309524536,0.022833419823559936,0.7719298245614035,0.5462721206846534
YHR091C,-1,-47.276690512895584,-5385.391634300351,0.022821576763485476,0.7719298245614035,0.546562228024369
YMR199W,-1,-47.284139811992645,-4790.333041086793,0.02280974598237429,0.7719298245614035,0.5468523353640847
YLL061W,-1,-47.296142518520355,-5798.483487546444,0.022797927461139896,0.7719298245614035,0.5471424427038004
YMR263W,-1,-47.29913733899593,-5936.853644281626,0.02278612118073537,0.7719298245614035,0.5474325500435161
YNL176C,0,-47.3168306350708,-5046.358907312155,0.02278612118073537,0.7719298245614035,0.5474325500435161
YGR220C,-1,-47.32283490896225,-5378.126429051161,0.022774327122153208,0.7719298245614035,0.5477226573832318
YBR183W,-1,-47.3358037173748,-4196.7279815375805,0.022762545266425245,0.7719298245614035,0.5480127647229475
YCR089W,-1,-47.339094549417496,-4733.877277627587,0.022750775594622543,0.7719298245614035,0.5483028720626631
YDL233W,0,-47.34722453355789,-4770.786569327116,0.022750775594622543,0.7719298245614035,0.5483028720626631
YHL048W,0,-47.34925976395607,-4007.437066614628,0.022750775594622543,0.7719298245614035,0.5483028720626631
YDR379W,-1,-47.36211088299751,-4937.685732319951,0.022739018087855296,0.7719298245614035,0.5485929794023788
YMR077C,-1,-47.36287251114845,-5391.486351087689,0.022727272727272728,0.7719298245614035,0.5488830867420946
YKL045W,-1,-47.3677804172039,-5292.714751005173,0.022715539494062985,0.7719298245614035,0.5491731940818103
YPL274W,-1,-47.3681038916111,-4770.76418864727,0.022703818369453045,0.7719298245614035,0.549463301421526
YOL148C,-1,-47.37027710676193,-5769.7436606884,0.022692109334708613,0.7719298245614035,0.5497534087612417
YER068W,-1,-47.37765547633171,-5862.542693197727,0.02268041237113402,0.7719298245614035,0.5500435161009574
YHR138C,-1,-47.37885308265686,-4255.230734169483,0.02266872746007213,0.7719298245614035,0.550333623440673
YPL132W,-1,-47.38018921017647,-5336.341968789697,0.02265705458290422,0.7719298245614035,0.5506237307803887
YGR141W,0,-47.41172495484352,-4558.670516684651,0.02265705458290422,0.7719298245614035,0.5506237307803887
YJR052W,-1,-47.42684206366539,-4242.567004352808,0.022645393721049924,0.7719298245614035,0.5509138381201044
YGL230C,0,-47.42750281095505,-4897.86652970314,0.022645393721049924,0.7719298245614035,0.5509138381201044
YIR033W,-1,-47.46900403499603,-5229.955779567361,0.02263374485596708,0.7719298245614035,0.5512039454598201
YOR120W,-1,-47.46957075595856,-4127.722999826074,0.02262210796915167,0.7719298245614035,0.5514940527995358
YMR009W,0,-47.47631725668907,-4948.094775855541,0.02262210796915167,0.7719298245614035,0.5514940527995358
YPL167C,-1,-47.490819960832596,-4906.872372478247,0.022610483042137718,0.7719298245614035,0.5517841601392516
YDL099W,0,-47.49851045012474,-5787.392618462443,0.022610483042137718,0.7719298245614035,0.5517841601392516
YOL084W,0,-47.52340883016586,-3993.7247062921524,0.022610483042137718,0.7719298245614035,0.5517841601392516
YOR202W,0,-47.53150551021099,-3929.7203446030617,0.022610483042137718,0.7719298245614035,0.5517841601392516
YLR239C,-1,-47.54173278808594,-5420.680328384042,0.022598870056497175,0.7719298245614035,0.5520742674789673
YGR260W,0,-47.54337799549103,-4813.594426393509,0.022598870056497175,0.7719298245614035,0.5520742674789673
YHR042W,-1,-47.54638186097145,-5329.119895711541,0.022587268993839837,0.7719298245614035,0.552364374818683
YDL168W,0,-47.55426037311554,-4983.914168789983,0.022587268993839837,0.7719298245614035,0.552364374818683
YNR062C,0,-47.556874215602875,-4768.285677015781,0.022587268993839837,0.7719298245614035,0.552364374818683
YOR190W,-1,-47.55830693244934,-5206.81765422225,0.022575679835813236,0.7719298245614035,0.5526544821583986
YBR150C,0,-47.56125953793526,-4919.751170128584,0.022575679835813236,0.7719298245614035,0.5526544821583986
YMR168C,-1,-47.57832223176956,-4728.017422616482,0.022564102564102566,0.7719298245614035,0.5529445894981143
YML076C,0,-47.603100061416626,-5351.079479128122,0.022564102564102566,0.7719298245614035,0.5529445894981143
YGL251C,-1,-47.61184611916542,-4830.751213029027,0.02255253716043055,0.7719298245614035,0.55323469683783
YDR372C,0,-47.621982619166374,-6678.564821109176,0.02255253716043055,0.7719298245614035,0.55323469683783
YGR275W,-1,-47.634272426366806,-5638.075493976474,0.022540983606557378,0.7719298245614035,0.5535248041775457
YDR146C,0,-47.64323848485947,-4937.003341853619,0.022540983606557378,0.7719298245614035,0.5535248041775457
YNL330C,-1,-47.64449453353882,-5710.9555046111345,0.022529441884280594,0.7719298245614035,0.5538149115172614
YNL310C,-1,-47.64848732948303,-4989.1445878744125,0.022517911975435005,0.7719298245614035,0.554105018856977
YJL127C-B,0,-47.656010806560516,-4703.928409814835,0.022517911975435005,0.7719298245614035,0.554105018856977
YBR297W,0,-47.65636384487152,-5098.295366451144,0.022517911975435005,0.7719298245614035,0.554105018856977
YOL030W,0,-47.66884896159172,-4746.573754519224,0.022517911975435005,0.7719298245614035,0.554105018856977
YDR120C,-1,-47.679003566503525,-6829.352502733469,0.022506393861892585,0.7719298245614035,0.5543951261966927
YAL012W,0,-47.67992851138115,-4707.69811783731,0.022506393861892585,0.7719298245614035,0.5543951261966927
YLR368W,-1,-47.68553829193115,-4992.882804557681,0.022494887525562373,0.7719298245614035,0.5546852335364084
YML131W,-1,-47.689681708812714,-4416.373581379652,0.022483392948390392,0.7719298245614035,0.5549753408761242
YGR173W,0,-47.705466106534004,-6503.264673799276,0.022483392948390392,0.7719298245614035,0.5549753408761242
YOL102C,-1,-47.71145688742399,-8902.359247140586,0.02247191011235955,0.7719298245614035,0.5552654482158399
YPR066W,-1,-47.71467626094818,-4585.6140114068985,0.022460438999489536,0.7719298245614035,0.5555555555555556
YGR157W,-1,-47.71871155500412,-5656.125174820423,0.022448979591836733,0.7719298245614035,0.5558456628952713
YDR005C,1,-47.73600709438324,-4222.158494591713,0.022947475777664456,0.7894736842105263,0.5558456628952713
YPR086W,-1,-47.740883499383926,-5231.107698574662,0.022935779816513763,0.7894736842105263,0.556135770234987
YGR168C,0,-47.75017988681793,-4877.1734419465065,0.022935779816513763,0.7894736842105263,0.556135770234987
YOR257W,-1,-47.78522256016731,-5124.717868939042,0.02292409577177789,0.7894736842105263,0.5564258775747026
YHR094C,-1,-47.78774458169937,-4741.766976699233,0.022912423625254582,0.7894736842105263,0.5567159849144183
YPL195W,0,-47.78812336921692,-5170.815735951066,0.022912423625254582,0.7894736842105263,0.5567159849144183
YLR187W,0,-47.80373449623585,-5690.488139823079,0.022912423625254582,0.7894736842105263,0.5567159849144183
YGL048C,-1,-47.80494689941406,-5175.031383469701,0.022900763358778626,0.7894736842105263,0.557006092254134
YFR019W,-1,-47.805240631103516,-5319.21286983788,0.02288911495422177,0.7894736842105263,0.5572961995938497
YJR074W,0,-47.81118270754814,-5538.617173805833,0.02288911495422177,0.7894736842105263,0.5572961995938497
YCL018W,0,-47.81276124715805,-3893.6259633153677,0.02288911495422177,0.7894736842105263,0.5572961995938497
YML049C,-1,-47.813976019620895,-5833.388270139694,0.022877478393492627,0.7894736842105263,0.5575863069335654
YEL020C,0,-47.815926134586334,-4450.432898193598,0.022877478393492627,0.7894736842105263,0.5575863069335654
YNL127W,-1,-47.823682218790054,-4689.808060243726,0.022865853658536585,0.7894736842105263,0.5578764142732812
YBR207W,-1,-47.8247072994709,-5254.867395937443,0.0228542407313357,0.7894736842105263,0.5581665216129968
YPL089C,-1,-47.82638467848301,-4653.803949251771,0.02284263959390863,0.7894736842105263,0.5584566289527125
YPR083W,-1,-47.83293902873993,-5427.965609252453,0.0228310502283105,0.7894736842105263,0.5587467362924282
YJL044C,0,-47.83482053875923,-5496.7161837518215,0.0228310502283105,0.7894736842105263,0.5587467362924282
YLR201C,-1,-47.84204211831093,-4271.006536990404,0.02281947261663286,0.7894736842105263,0.5590368436321439
YOL073C,0,-47.842042565345764,-4179.7801641225815,0.02281947261663286,0.7894736842105263,0.5590368436321439
YKL200C,-1,-47.84575837850571,-4560.797364205122,0.02280790674100355,0.7894736842105263,0.5593269509718596
YMR083W,0,-47.851242274045944,-4972.229932501912,0.02280790674100355,0.7894736842105263,0.5593269509718596
YDR108W,0,-47.85155117511749,-5355.035737782717,0.02280790674100355,0.7894736842105263,0.5593269509718596
YJL132W,0,-47.85707247257233,-4372.384404808283,0.02280790674100355,0.7894736842105263,0.5593269509718596
YGL001C,-1,-47.880440980196,-4939.788680970669,0.022796352583586626,0.7894736842105263,0.5596170583115753
YKR029C,-1,-47.88440179824829,-5588.255641818047,0.02278481012658228,0.7894736842105263,0.559907165651291
YOR073W,-1,-47.89909189939499,-5390.0869254767895,0.02277327935222672,0.7894736842105263,0.5601972729910066
YDR113C,-1,-47.91001418232918,-5907.80036829412,0.02276176024279211,0.7894736842105263,0.5604873803307223
YGL229C,-1,-47.93345436453819,-4376.068569511175,0.02275025278058645,0.7894736842105263,0.5607774876704381
YNL054W-A,-1,-47.93927264213562,-4860.33101990819,0.022738756947953513,0.7894736842105263,0.5610675950101538
YKL097W-A,0,-47.94652193784714,-4606.447880208492,0.022738756947953513,0.7894736842105263,0.5610675950101538
YER181C,0,-47.94916296005249,-4821.061758518219,0.022738756947953513,0.7894736842105263,0.5610675950101538
YLR297W,0,-47.95384192466736,-4376.554179936647,0.022738756947953513,0.7894736842105263,0.5610675950101538
YGL111W,-1,-47.96056382358074,-6837.357507809997,0.022727272727272728,0.7894736842105263,0.5613577023498695
YLL053C,0,-47.961213290691376,-4885.218701064587,0.022727272727272728,0.7894736842105263,0.5613577023498695
YJR013W,-1,-47.96295741200447,-5323.529559478164,0.02271580010095911,0.7894736842105263,0.5616478096895852
YIL176C,0,-47.97370535135269,-4851.624651014805,0.02271580010095911,0.7894736842105263,0.5616478096895852
YDL105W,-1,-47.976676851511,-5256.162155032158,0.022704339051463168,0.7894736842105263,0.5619379170293008
YOL104C,-1,-47.980927497148514,-4616.476061537862,0.0226928895612708,0.7894736842105263,0.5622280243690165
YGR133W,-1,-47.985980451107025,-5264.340312734246,0.022681451612903226,0.7894736842105263,0.5625181317087322
YOR054C,-1,-47.99378740787506,-4193.911299914122,0.022670025188916875,0.7894736842105263,0.5628082390484479
YFL020C,0,-47.997167110443115,-4695.507729560137,0.022670025188916875,0.7894736842105263,0.5628082390484479
YPR027C,0,-48.0053933262825,-4982.764685332775,0.022670025188916875,0.7894736842105263,0.5628082390484479
YHR183W,-1,-48.00897678732872,-5688.662309572101,0.022658610271903322,0.7894736842105263,0.5630983463881636
YBR302C,0,-48.00910180807114,-4255.397897541523,0.022658610271903322,0.7894736842105263,0.5630983463881636
YNR041C,-1,-48.01449951529503,-5293.583622723818,0.02264720684448918,0.7894736842105263,0.5633884537278793
YPL048W,-1,-48.018411338329315,-4622.142753645778,0.022635814889336015,0.7894736842105263,0.5636785610675951
YHR099W,-1,-48.021350894123316,-6148.698908239603,0.02262443438914027,0.7894736842105263,0.5639686684073107
YDL065C,-1,-48.042827278375626,-5044.702694535255,0.022613065326633167,0.7894736842105263,0.5642587757470264
YPL150W,-1,-48.05099719762802,-4779.501586258411,0.022601707684580613,0.7894736842105263,0.5645488830867421
YNL312W,-1,-48.05652537941933,-6193.240250512958,0.022590361445783132,0.7894736842105263,0.5648389904264578
YLR455W,0,-48.060963213443756,-4995.043906271458,0.022590361445783132,0.7894736842105263,0.5648389904264578
YPL072W,-1,-48.06419971585274,-5431.157703846693,0.022579026593075764,0.7894736842105263,0.5651290977661735
YBL034C,-1,-48.06431020796299,-7012.988454058766,0.022567703109327986,0.7894736842105263,0.5654192051058892
YNL041C,0,-48.07473137974739,-5208.895321205258,0.022567703109327986,0.7894736842105263,0.5654192051058892
YNL317W,-1,-48.08136546611786,-5361.952263236046,0.022556390977443608,0.7894736842105263,0.5657093124456049
YNL126W,-1,-48.08258235454559,-5206.330756992102,0.022545090180360723,0.7894736842105263,0.5659994197853205
YDR460W,-1,-48.129088029265404,-5554.507450476289,0.022533800701051578,0.7894736842105263,0.5662895271250362
YLR086W,-1,-48.15019202232361,-5540.778405144811,0.02252252252252252,0.7894736842105263,0.566579634464752
YLR356W,0,-48.15020975470543,-4369.127234131098,0.02252252252252252,0.7894736842105263,0.566579634464752
YLL049W,0,-48.16227236390114,-5222.430273786187,0.02252252252252252,0.7894736842105263,0.566579634464752
YKL189W,0,-48.16356045007706,-4543.755021095276,0.02252252252252252,0.7894736842105263,0.566579634464752
YPL024W,-1,-48.1729032099247,-4986.966763585806,0.022511255627813906,0.7894736842105263,0.5668697418044677
YML028W,-1,-48.180313259363174,-4424.963877111673,0.0225,0.7894736842105263,0.5671598491441834
YDR202C,-1,-48.18034440279007,-4444.021963939071,0.022488755622188907,0.7894736842105263,0.5674499564838991
YPL096C-A,-1,-48.187148332595825,-4662.982431709766,0.022477522477522476,0.7894736842105263,0.5677400638236147
YDL109C,-1,-48.19727700948715,-4762.771470457315,0.022466300549176237,0.7894736842105263,0.5680301711633304
YGL090W,-1,-48.21813240647316,-4978.110475212336,0.02245508982035928,0.7894736842105263,0.5683202785030461
YBR079C,-1,-48.22384025156498,-7830.296439707279,0.022443890274314215,0.7894736842105263,0.5686103858427618
YKL224C,0,-48.23067423701286,-4482.50323843956,0.022443890274314215,0.7894736842105263,0.5686103858427618
YIR028W,0,-48.239041179418564,-4791.389394968748,0.022443890274314215,0.7894736842105263,0.5686103858427618
YPR045C,0,-48.24050027132034,-4564.521683722734,0.022443890274314215,0.7894736842105263,0.5686103858427618
YKL029C,0,-48.24305887520313,-5462.046937376261,0.022443890274314215,0.7894736842105263,0.5686103858427618
YGR067C,0,-48.25295299291611,-4712.925420075655,0.022443890274314215,0.7894736842105263,0.5686103858427618
YAL001C,1,-48.25626680254936,-4543.935574069619,0.022931206380857428,0.8070175438596491,0.5686103858427618
YLR445W,0,-48.26342749595642,-4726.55408680439,0.022931206380857428,0.8070175438596491,0.5686103858427618
YHL011C,0,-48.26460127532482,-6589.059705130756,0.022931206380857428,0.8070175438596491,0.5686103858427618
YDR480W,-1,-48.26678028702736,-5322.339907735586,0.0229197807673144,0.8070175438596491,0.5689004931824775
YGL128C,-1,-48.268265157938,-5141.263427644968,0.022908366533864542,0.8070175438596491,0.5691906005221932
YNL074C,0,-48.270853877067566,-4310.452254191041,0.022908366533864542,0.8070175438596491,0.5691906005221932
YNL213C,-1,-48.27593168616295,-5013.767082750797,0.022896963663514187,0.8070175438596491,0.5694807078619089
YEL041W,0,-48.2765157520771,-4339.615362927318,0.022896963663514187,0.8070175438596491,0.5694807078619089
YGL012W,-1,-48.27800279855728,-4946.0740993618965,0.022885572139303482,0.8070175438596491,0.5697708152016246
YPR018W,-1,-48.28363226354122,-8037.228154554963,0.022874191944306316,0.8070175438596491,0.5700609225413403
YHR011W,-1,-48.28700156509876,-6242.802800476551,0.02286282306163022,0.8070175438596491,0.570351029881056
YOR377W,-1,-48.28720021247864,-4589.861727952957,0.022851465474416296,0.8070175438596491,0.5706411372207717
YGL170C,-1,-48.29698419570923,-5361.264208480716,0.022840119165839126,0.8070175438596491,0.5709312445604874
YDL149W,-1,-48.305445194244385,-4815.12842361629,0.0228287841191067,0.8070175438596491,0.5712213519002031
YMR319C,-1,-48.30626240372658,-4561.720772698522,0.022817460317460316,0.8070175438596491,0.5715114592399188
YFR025C,0,-48.30972343683243,-4938.923888459802,0.022817460317460316,0.8070175438596491,0.5715114592399188
YGL058W,-1,-48.31913337111473,-5707.634714484215,0.022806147744174516,0.8070175438596491,0.5718015665796344
YKL002W,-1,-48.31957048177719,-5036.680931866169,0.022794846382556987,0.8070175438596491,0.5720916739193501
YKL078W,-1,-48.322128400206566,-6673.954036734998,0.022783556215948488,0.8070175438596491,0.5723817812590658
YKL170W,-1,-48.32497748732567,-4921.990317359567,0.02277227722772277,0.8070175438596491,0.5726718885987816
YLR425W,0,-48.350522965192795,-5347.498711109161,0.02277227722772277,0.8070175438596491,0.5726718885987816
YJR070C,-1,-48.35393710434437,-6527.255196705461,0.022761009401286492,0.8070175438596491,0.5729619959384973
YHR115C,-1,-48.357177436351776,-5487.302405580878,0.02274975272007913,0.8070175438596491,0.573252103278213
YDR247W,-1,-48.36051397025585,-4376.817991673946,0.022738507167572912,0.8070175438596491,0.5735422106179286
YLR043C,-1,-48.36490458250046,-5258.582922354341,0.022727272727272728,0.8070175438596491,0.5738323179576443
YGR224W,-1,-48.38351157307625,-4683.888774886727,0.02271604938271605,0.8070175438596491,0.57412242529736
YLR154W-C,-1,-48.3891179561615,-4697.495607852936,0.022704837117472853,0.8070175438596491,0.5744125326370757
YPR023C,-1,-48.3917081952095,-4680.990352272987,0.022693635915145536,0.8070175438596491,0.5747026399767914
YPL228W,-1,-48.39484232664108,-4869.488149955869,0.022682445759368838,0.8070175438596491,0.5749927473165071
YMR150C,-1,-48.39730453491211,-5089.789690375328,0.022671266633809757,0.8070175438596491,0.5752828546562228
YJL085W,-1,-48.40366938710213,-5192.704915970564,0.022660098522167486,0.8070175438596491,0.5755729619959385
YLR389C,0,-48.404486656188965,-5098.775441259146,0.022660098522167486,0.8070175438596491,0.5755729619959385
YGR295C,0,-48.44163957238197,-4824.94343906641,0.022660098522167486,0.8070175438596491,0.5755729619959385
YGR058W,-1,-48.44737108051777,-4922.941361516714,0.022648941408173313,0.8070175438596491,0.5758630693356542
YCR102C,0,-48.45650506019592,-5124.407231330872,0.022648941408173313,0.8070175438596491,0.5758630693356542
YLL024C,-1,-48.46410995721817,-5289.51572586596,0.022637795275590553,0.8070175438596491,0.5761531766753699
YOL042W,-1,-48.464996576309204,-4996.532674148679,0.02262666010821446,0.8070175438596491,0.5764432840150856
YCL026C-B,0,-48.4758540391922,-4626.847199440002,0.02262666010821446,0.8070175438596491,0.5764432840150856
YOR245C,-1,-48.510022044181824,-4357.809161305428,0.02261553588987217,0.8070175438596491,0.5767333913548013
YML054C,0,-48.52077874541283,-4819.882589966059,0.02261553588987217,0.8070175438596491,0.5767333913548013
YGL180W,-1,-48.53166723251343,-4509.93356578052,0.022604422604422605,0.8070175438596491,0.577023498694517
YEL063C,-1,-48.53403866291046,-4467.643948331475,0.022593320235756387,0.8070175438596491,0.5773136060342327
YJR110W,-1,-48.54965016245842,-4692.027831107378,0.022582228767795778,0.8070175438596491,0.5776037133739483
YPL204W,-1,-48.569300681352615,-4784.565723225474,0.022571148184494603,0.8070175438596491,0.577893820713664
YJR027W,-1,-48.57032668590546,-4807.963152766228,0.022560078469838155,0.8070175438596491,0.5781839280533797
YOR258W,-1,-48.571428179740906,-5111.048426911235,0.022549019607843137,0.8070175438596491,0.5784740353930955
YMR036C,-1,-48.57590997219086,-5916.882090717554,0.02253797158255757,0.8070175438596491,0.5787641427328112
YJL056C,-1,-48.58533155918121,-4647.19946102798,0.022526934378060724,0.8070175438596491,0.5790542500725269
YER158C,0,-48.58832409977913,-4373.97796022892,0.022526934378060724,0.8070175438596491,0.5790542500725269
YLR093C,-1,-48.590052366256714,-4451.691123962402,0.022515907978463045,0.8070175438596491,0.5793443574122425
YBR186W,-1,-48.616102427244186,-5292.651841312647,0.022504892367906065,0.8070175438596491,0.5796344647519582
YLR318W,0,-48.645161747932434,-5179.712508931756,0.022504892367906065,0.8070175438596491,0.5796344647519582
YJL034W,-1,-48.648250728845596,-4742.732045412064,0.022493887530562348,0.8070175438596491,0.5799245720916739
YPR049C,-1,-48.677653819322586,-5521.540361791849,0.022482893450635387,0.8070175438596491,0.5802146794313896
YFR045W,0,-48.67924350500107,-4303.454792201519,0.022482893450635387,0.8070175438596491,0.5802146794313896
YNL187W,0,-48.694642663002014,-5415.454732015729,0.022482893450635387,0.8070175438596491,0.5802146794313896
YNL097C,0,-48.69882524013519,-5732.0212361216545,0.022482893450635387,0.8070175438596491,0.5802146794313896
YMR074C,0,-48.7025905251503,-5004.437310367823,0.022482893450635387,0.8070175438596491,0.5802146794313896
YLL005C,-1,-48.73386722803116,-4715.847768574953,0.02247191011235955,0.8070175438596491,0.5805047867711053
YJL105W,0,-48.73651975393295,-4585.521288365126,0.02247191011235955,0.8070175438596491,0.5805047867711053
YKL100C,0,-48.74690327048302,-4443.550864249468,0.02247191011235955,0.8070175438596491,0.5805047867711053
YDL194W,-1,-48.78113843500614,-4689.1099091768265,0.0224609375,0.8070175438596491,0.580794894110821
YGL061C,-1,-48.78640150651336,-6701.249893527478,0.02244997559785261,0.8070175438596491,0.5810850014505367
YNL241C,-1,-48.78770613670349,-4316.677240386605,0.0224390243902439,0.8070175438596491,0.5813751087902524
YOL107W,0,-48.821406841278076,-4864.7748084664345,0.0224390243902439,0.8070175438596491,0.5813751087902524
YOR037W,-1,-48.83545443415642,-5284.969735518098,0.02242808386153096,0.8070175438596491,0.5816652161299681
YGR209C,-1,-48.835662722587585,-4558.554394125938,0.022417153996101363,0.8070175438596491,0.5819553234696838
YCR046C,-1,-48.83733367919922,-5169.212447822094,0.022406234778373113,0.8070175438596491,0.5822454308093995
YBR146W,-1,-48.83829325437546,-5688.298458650708,0.022395326192794548,0.8070175438596491,0.5825355381491152
YPR003C,-1,-48.84102660417557,-4920.331215828657,0.02238442822384428,0.8070175438596491,0.5828256454888309
YNL261W,-1,-48.850706085562706,-5430.400835707784,0.02237354085603113,0.8070175438596491,0.5831157528285466
YEL017C-A,-1,-48.89365312457085,-4826.094975918531,0.02236266407389402,0.8070175438596491,0.5834058601682622
YOR002W,-1,-48.895999759435654,-4445.503542155027,0.022351797862001945,0.8070175438596491,0.5836959675079779
YJR108W,-1,-48.89630573987961,-4393.028530359268,0.022340942204953862,0.8070175438596491,0.5839860748476936
YDR116C,-1,-48.897023156285286,-6145.461493939161,0.02233009708737864,0.8070175438596491,0.5842761821874093
YDR475C,0,-48.91737702488899,-4693.510978713632,0.02233009708737864,0.8070175438596491,0.5842761821874093
YDR016C,-1,-48.91948127746582,-5178.506284594536,0.022319262493934983,0.8070175438596491,0.5845662895271251
YMR172W,1,-48.94545587897301,-5804.114252001047,0.02279340446168768,0.8245614035087719,0.5845662895271251
YBL051C,-1,-48.959268510341644,-4413.2416397333145,0.022782355792535142,0.8245614035087719,0.5848563968668408
YNL260C,0,-48.96536535024643,-4935.190950989723,0.022782355792535142,0.8245614035087719,0.5848563968668408
YMR137C,-1,-48.97625996917486,-5910.308097537607,0.022771317829457363,0.8245614035087719,0.5851465042065565
YHR179W,0,-48.9782549738884,-4709.921909317374,0.022771317829457363,0.8245614035087719,0.5851465042065565
YGL130W,-1,-48.99354091286659,-5662.249784067273,0.022760290556900726,0.8245614035087719,0.5854366115462721
YOR109W,-1,-49.01265561580658,-5128.3031704723835,0.022749273959341725,0.8245614035087719,0.5857267188859878
YNR071C,0,-49.02565509080887,-4813.671190977097,0.022749273959341725,0.8245614035087719,0.5857267188859878
YDR163W,-1,-49.027610659599304,-5303.711706876755,0.022738268021286888,0.8245614035087719,0.5860168262257035
YMR046C,-1,-49.03573286533356,-4967.72686201334,0.022727272727272728,0.8245614035087719,0.5863069335654192
YCL030C,0,-49.05257308483124,-3731.721666201949,0.022727272727272728,0.8245614035087719,0.5863069335654192
YOL165C,0,-49.063684687018394,-4315.835223674774,0.022727272727272728,0.8245614035087719,0.5863069335654192
YJL178C,-1,-49.072508692741394,-5612.715335339308,0.022716288061865635,0.8245614035087719,0.5865970409051349
YAL023C,-1,-49.0865384042263,-5449.905661046505,0.022705314009661835,0.8245614035087719,0.5868871482448506
YBR201W,-1,-49.09685701131821,-4993.528109386563,0.0226943505552873,0.8245614035087719,0.5871772555845662
YKL168C,-1,-49.120381742715836,-4362.029223322868,0.022683397683397683,0.8245614035087719,0.587467362924282
YGR215W,-1,-49.12116765975952,-5936.268256127834,0.022672455378678243,0.8245614035087719,0.5877574702639977
YML087C,0,-49.12170875072479,-4483.089390009642,0.022672455378678243,0.8245614035087719,0.5877574702639977
YBL103C,-1,-49.12584054470062,-5566.572241067886,0.02266152362584378,0.8245614035087719,0.5880475776037134
YNR047W,-1,-49.126249223947525,-4682.435362204909,0.022650602409638555,0.8245614035087719,0.5883376849434291
YJR121W,-1,-49.157307744026184,-4284.566146239638,0.022639691714836225,0.8245614035087719,0.5886277922831448
YLR193C,-1,-49.1684764623642,-5208.865942984819,0.02262879152623977,0.8245614035087719,0.5889178996228605
YDL114W,0,-49.17286545038223,-4823.940279245377,0.02262879152623977,0.8245614035087719,0.5889178996228605
YDR377W,-1,-49.19453373551369,-5192.9382656514645,0.022617901828681425,0.8245614035087719,0.5892080069625761
YOR291W,-1,-49.20985868573189,-4808.440583884716,0.022607022607022607,0.8245614035087719,0.5894981143022918
YLR144C,-1,-49.214626133441925,-4364.811418071389,0.022596153846153846,0.8245614035087719,0.5897882216420075
YNL257C,-1,-49.22817066311836,-5240.381385117769,0.022585295530994715,0.8245614035087719,0.5900783289817232
YLR046C,0,-49.2319398522377,-4138.951741054654,0.022585295530994715,0.8245614035087719,0.5900783289817232
YHR096C,-1,-49.25017908215523,-5015.108096584678,0.022574447646493755,0.8245614035087719,0.590368436321439
YAL010C,-1,-49.261623561382294,-5511.2223577052355,0.02256361017762842,0.8245614035087719,0.5906585436611547
YDR255C,-1,-49.272180914878845,-4376.702993899584,0.022552783109404992,0.8245614035087719,0.5909486510008704
YKL210W,-1,-49.272569715976715,-5072.903102695942,0.022541966426858514,0.8245614035087719,0.591238758340586
YDR536W,-1,-49.27482742071152,-5098.921176820993,0.022531160115052733,0.8245614035087719,0.5915288656803017
YDL159W,-1,-49.292332738637924,-5334.840724274516,0.022520364159080018,0.8245614035087719,0.5918189730200174
YKL134C,-1,-49.30344495177269,-5348.797182768583,0.022509578544061302,0.8245614035087719,0.5921090803597331
YAR018C,-1,-49.30385446548462,-5196.941516324878,0.022498803255146003,0.8245614035087719,0.5923991876994488
YMR316C-A,0,-49.306956112384796,-4733.227167457342,0.022498803255146003,0.8245614035087719,0.5923991876994488
YNL240C,-1,-49.316605001688,-5561.067766353488,0.022488038277511963,0.8245614035087719,0.5926892950391645
YHR102W,-1,-49.320824295282364,-4854.5373271256685,0.022477283596365374,0.8245614035087719,0.5929794023788801
YNR040W,-1,-49.3237789273262,-4987.292077809572,0.022466539196940728,0.8245614035087719,0.5932695097185959
YNR060W,-1,-49.33811116218567,-5406.9128831774,0.022455805064500716,0.8245614035087719,0.5935596170583116
YPR134W,-1,-49.359682500362396,-5115.094120576978,0.022445081184336198,0.8245614035087719,0.5938497243980273
YDR504C,0,-49.37500309944153,-4981.335635662079,0.022445081184336198,0.8245614035087719,0.5938497243980273
YOR117W,-1,-49.3770372569561,-5299.4230395406485,0.02243436754176611,0.8245614035087719,0.594139831737743
YJL107C,0,-49.383015275001526,-4774.775566756725,0.02243436754176611,0.8245614035087719,0.594139831737743
YKL051W,-1,-49.383561342954636,-4051.7104162573814,0.022423664122137404,0.8245614035087719,0.5944299390774587
YLR039C,-1,-49.40445187687874,-5835.412257626653,0.02241297091082499,0.8245614035087719,0.5947200464171744
YGR080W,-1,-49.40506348013878,-4336.368452504277,0.022402287893231648,0.8245614035087719,0.59501015375689
YOR017W,0,-49.411503583192825,-5342.071468576789,0.022402287893231648,0.8245614035087719,0.59501015375689
YML048W,-1,-49.417567640542984,-5472.410578638315,0.022391615054787994,0.8245614035087719,0.5953002610966057
YKL093W,-1,-49.42154774069786,-4855.57370698452,0.02238095238095238,0.8245614035087719,0.5955903684363214
YKL135C,0,-49.43607476353645,-5117.486630111933,0.02238095238095238,0.8245614035087719,0.5955903684363214
YCL048W,-1,-49.44103047251701,-4477.561335131526,0.02237029985721085,0.8245614035087719,0.5958804757760371
YFR004W,-1,-49.44345325231552,-5423.99190454185,0.02235965746907707,0.8245614035087719,0.5961705831157529
YNL183C,-1,-49.44416716694832,-4778.408495217562,0.02234902520209225,0.8245614035087719,0.5964606904554686
YDL042C,-1,-49.444820269942284,-6387.560503855348,0.022338403041825095,0.8245614035087719,0.5967507977951843
YLR316C,-1,-49.453246369957924,-8367.94859559834,0.022327790973871733,0.8245614035087719,0.5970409051348999
YBL054W,0,-49.45572294294834,-7566.056257322431,0.022327790973871733,0.8245614035087719,0.5970409051348999
YGL131C,0,-49.45585140585899,-5821.74482434988,0.022327790973871733,0.8245614035087719,0.5970409051348999
YNL131W,-1,-49.45738482475281,-5356.730026260018,0.02231718898385565,0.8245614035087719,0.5973310124746156
YLR390W-A,0,-49.47226420044899,-4421.1182430535555,0.02231718898385565,0.8245614035087719,0.5973310124746156
YJL137C,0,-49.479733884334564,-4885.924422457814,0.02231718898385565,0.8245614035087719,0.5973310124746156
YOR261C,-1,-49.48023843765259,-5466.994620844722,0.022306597057427623,0.8245614035087719,0.5976211198143313
YKL096W-A,0,-49.48112639784813,-4520.0889510810375,0.022306597057427623,0.8245614035087719,0.5976211198143313
YDR037W,-1,-49.48504655063152,-7962.505360677838,0.022296015180265655,0.8245614035087719,0.597911227154047
YBL098W,0,-49.49401846528053,-5377.144067376852,0.022296015180265655,0.8245614035087719,0.597911227154047
YDL080C,-1,-49.510656878352165,-5388.864831730723,0.022285443338074917,0.8245614035087719,0.5982013344937627
YKL120W,-1,-49.511538699269295,-6852.12815245986,0.02227488151658768,0.8245614035087719,0.5984914418334784
YOR219C,0,-49.512351512908936,-4719.263050377369,0.02227488151658768,0.8245614035087719,0.5984914418334784
YHR044C,0,-49.51873815059662,-4729.960104286671,0.02227488151658768,0.8245614035087719,0.5984914418334784
YOR336W,-1,-49.55175930261612,-5203.360623911023,0.02226432970156324,0.8245614035087719,0.598781549173194
YDR075W,-1,-49.55949367582798,-8608.04894694686,0.02225378787878788,0.8245614035087719,0.5990716565129097
YGL173C,-1,-49.57284051179886,-6112.673940420151,0.022243256034074774,0.8245614035087719,0.5993617638526255
YGL009C,0,-49.58006229996681,-5218.323977723718,0.022243256034074774,0.8245614035087719,0.5993617638526255
YBL100W-A,-1,-49.591478526592255,-4933.907531917095,0.022232734153263954,0.8245614035087719,0.5996518711923412
YDR261C,0,-49.597785130143166,-5581.808985337615,0.022232734153263954,0.8245614035087719,0.5996518711923412
YLR399C,-1,-49.60788729786873,-4817.708685591817,0.022222222222222223,0.8245614035087719,0.5999419785320569
YNL306W,-1,-49.632660269737244,-5376.760175153613,0.0222117202268431,0.8245614035087719,0.6002320858717726
YOR110W,1,-49.66284421086311,-5377.044487193227,0.02267359470949457,0.8421052631578947,0.6002320858717726
YMR051C,-1,-49.66519904136658,-4976.464583516121,0.0226628895184136,0.8421052631578947,0.6005221932114883
YDR221W,-1,-49.66707983613014,-4751.029390662909,0.022652194431335537,0.8421052631578947,0.6008123005512039
YLR131C,0,-49.6760678589344,-4983.5831761062145,0.022652194431335537,0.8421052631578947,0.6008123005512039
YKL067W,0,-49.68733474612236,-4274.341143384576,0.022652194431335537,0.8421052631578947,0.6008123005512039
YHR127W,0,-49.69542742520571,-6643.858052045107,0.022652194431335537,0.8421052631578947,0.6008123005512039
YOR290C,-1,-49.71256133913994,-5073.412342756987,0.022641509433962263,0.8421052631578947,0.6011024078909196
YDL136W,0,-49.71482655405998,-6544.271762423217,0.022641509433962263,0.8421052631578947,0.6011024078909196
YNL204C,0,-49.749955117702484,-5058.589409634471,0.022641509433962263,0.8421052631578947,0.6011024078909196
YBR122C,-1,-49.75215047597885,-5918.737894177437,0.02263083451202263,0.8421052631578947,0.6013925152306353
YDR276C,-1,-49.75416386127472,-4630.163842961192,0.022620169651272386,0.8421052631578947,0.601682622570351
YPL042C,-1,-49.75455731153488,-5560.282873824239,0.022609514837494113,0.8421052631578947,0.6019727299100667
YDL180W,0,-49.76396292448044,-4602.687844514847,0.022609514837494113,0.8421052631578947,0.6019727299100667
YBL091C-A,-1,-49.76547530293465,-4573.550552949309,0.022598870056497175,0.8421052631578947,0.6022628372497825
YCL038C,-1,-49.76817911863327,-4479.526842281222,0.02258823529411765,0.8421052631578947,0.6025529445894982
YER096W,-1,-49.77029111981392,-4724.8485067635775,0.022577610536218252,0.8421052631578947,0.6028430519292138
YDR169C,-1,-49.78780624270439,-4518.145149022341,0.022566995768688293,0.8421052631578947,0.6031331592689295
YOL088C,-1,-49.79012054204941,-5640.987532243133,0.022556390977443608,0.8421052631578947,0.6034232666086452
YDL066W,-1,-49.79369834065437,-5534.938151031733,0.02254579614842649,0.8421052631578947,0.6037133739483609
YFL003C,-1,-49.809800773859024,-4409.8240214288235,0.022535211267605635,0.8421052631578947,0.6040034812880766
YDR031W,0,-49.810966700315475,-4537.835542887449,0.022535211267605635,0.8421052631578947,0.6040034812880766
YNR022C,-1,-49.81983245909214,-6086.080112606287,0.02252463632097607,0.8421052631578947,0.6042935886277923
YOR288C,-1,-49.82403349876404,-4818.756205886602,0.0225140712945591,0.8421052631578947,0.6045836959675079
YLR135W,-1,-49.829716831445694,-6008.882349744439,0.02250351617440225,0.8421052631578947,0.6048738033072236
YNL049C,0,-49.829757660627365,-5032.619818300009,0.02250351617440225,0.8421052631578947,0.6048738033072236
YIR022W,0,-49.8458106815815,-5821.589332997799,0.02250351617440225,0.8421052631578947,0.6048738033072236
YKL193C,-1,-49.84899002313614,-4379.5308171361685,0.022492970946579195,0.8421052631578947,0.6051639106469394
YDR409W,-1,-49.84984603524208,-5811.654435828328,0.022482435597189696,0.8421052631578947,0.6054540179866551
YGL150C,-1,-49.85436663031578,-5307.114247083664,0.02247191011235955,0.8421052631578947,0.6057441253263708
YKL190W,-1,-49.867828607559204,-5734.548094600439,0.022461394478240523,0.8421052631578947,0.6060342326660865
YBR080C,-1,-49.87146586179733,-5100.313690871,0.02245088868101029,0.8421052631578947,0.6063243400058022
YOR221C,-1,-49.87638966739178,-4437.368395507336,0.02244039270687237,0.8421052631578947,0.6066144473455178
YAR009C,-1,-49.88558733463287,-4975.921232819557,0.022429906542056073,0.8421052631578947,0.6069045546852335
YKR090W,0,-49.89358398318291,-5248.572216883302,0.022429906542056073,0.8421052631578947,0.6069045546852335
YDR049W,0,-49.90986895561218,-5692.005526393652,0.022429906542056073,0.8421052631578947,0.6069045546852335
YNL091W,-1,-49.94777235388756,-5959.680575221777,0.022419430172816442,0.8421052631578947,0.6071946620249492
YLR139C,-1,-49.96304905414581,-5137.819152027369,0.022408963585434174,0.8421052631578947,0.6074847693646649
YDR256C,-1,-49.987595558166504,-5259.088287100196,0.022398506766215586,0.8421052631578947,0.6077748767043806
YLL051C,-1,-50.00858426094055,-4779.929748728871,0.022388059701492536,0.8421052631578947,0.6080649840440964
YLL009C,-1,-50.00910457968712,-5273.029109969735,0.022377622377622378,0.8421052631578947,0.608355091383812
YOL072W,-1,-50.01663279533386,-5314.794607877731,0.022367194780987885,0.8421052631578947,0.6086451987235277
YPR181C,-1,-50.04576921463013,-5091.129299506545,0.022356776897997206,0.8421052631578947,0.6089353060632434
YJL166W,-1,-50.04707804322243,-4566.180189490318,0.0223463687150838,0.8421052631578947,0.6092254134029591
YDR057W,-1,-50.053293600678444,-5163.687955662608,0.022335970218706376,0.8421052631578947,0.6095155207426748
YLL042C,1,-50.08873537182808,-5945.725486636162,0.022790697674418603,0.8596491228070176,0.6095155207426748
YLR069C,-1,-50.10034355521202,-5371.851100385189,0.02278010227801023,0.8596491228070176,0.6098056280823905
YER066W,0,-50.10089749097824,-4903.385018110275,0.02278010227801023,0.8596491228070176,0.6098056280823905
YCL043C,-1,-50.12438705563545,-4531.319096684456,0.022769516728624536,0.8596491228070176,0.6100957354221062
YKL109W,0,-50.17136666178703,-4899.307823881507,0.022769516728624536,0.8596491228070176,0.6100957354221062
YNR044W,-1,-50.18297451734543,-4888.943785205483,0.02275894101254064,0.8596491228070176,0.6103858427618218
YCR084C,0,-50.18384835124016,-5332.687505826354,0.02275894101254064,0.8596491228070176,0.6103858427618218
YBR119W,-1,-50.19373144209385,-5613.93981705606,0.02274837511606314,0.8596491228070176,0.6106759501015375
YPR140W,-1,-50.19994431734085,-5156.539446130395,0.022737819025522042,0.8596491228070176,0.6109660574412533
YNL284C,-1,-50.21785047650337,-6084.498521909118,0.022727272727272728,0.8596491228070176,0.611256164780969
YKR017C,0,-50.23575919866562,-4875.47429060936,0.022727272727272728,0.8596491228070176,0.611256164780969
YKR089C,-1,-50.240388661623,-4639.858039036393,0.022716736207695872,0.8596491228070176,0.6115462721206847
YBR217W,-1,-50.24232244491577,-5659.666689753532,0.022706209453197405,0.8596491228070176,0.6118363794604004
YMR032W,-1,-50.25605720281601,-5067.5295609384775,0.02269569245020843,0.8596491228070176,0.612126486800116
YMR291W,-1,-50.256127774715424,-4330.340890869498,0.022685185185185187,0.8596491228070176,0.6124165941398317
YLR117C,-1,-50.258202731609344,-5545.903561986983,0.022674687644608976,0.8596491228070176,0.6127067014795474
YPR061C,0,-50.25961807370186,-4964.402644589543,0.022674687644608976,0.8596491228070176,0.6127067014795474
YGR199W,-1,-50.274695217609406,-6172.771509900689,0.022664199814986123,0.8596491228070176,0.6129968088192631
YER159C,-1,-50.27528569102287,-5799.740850165486,0.022653721682847898,0.8596491228070176,0.6132869161589788
YHR158C,-1,-50.31048607826233,-5646.5894280821085,0.02264325323475046,0.8596491228070176,0.6135770234986945
YLR102C,-1,-50.319557920098305,-4764.7249500751495,0.022632794457274827,0.8596491228070176,0.6138671308384102
YLR378C,-1,-50.34787230193615,-5882.8183729201555,0.022622345337026777,0.8596491228070176,0.614157238178126
YLR299W,0,-50.34893536567688,-5070.280123963952,0.022622345337026777,0.8596491228070176,0.614157238178126
YJR117W,0,-50.354606837034225,-5041.407306909561,0.022622345337026777,0.8596491228070176,0.614157238178126
YFR021W,0,-50.361578315496445,-4656.7375700473785,0.022622345337026777,0.8596491228070176,0.614157238178126
YDR301W,-1,-50.36159059405327,-5279.543289601803,0.022611905860636824,0.8596491228070176,0.6144473455178416
YIR038C,0,-50.36853387951851,-4125.768159285188,0.022611905860636824,0.8596491228070176,0.6144473455178416
YKR046C,-1,-50.37097489833832,-4440.122742697597,0.022601476014760147,0.8596491228070176,0.6147374528575573
YKL203C,-1,-50.38435009121895,-5528.548074275255,0.022591055786076533,0.8596491228070176,0.615027560197273
YPL135W,-1,-50.393804997205734,-5274.521088942885,0.02258064516129032,0.8596491228070176,0.6153176675369887
YML021C,-1,-50.39670464396477,-5239.283468544483,0.022570244127130355,0.8596491228070176,0.6156077748767044
YLR361C,-1,-50.3981074988842,-4864.959068462253,0.02255985267034991,0.8596491228070176,0.6158978822164201
YBR153W,-1,-50.404723450541496,-7811.284435138106,0.022549470777726646,0.8596491228070176,0.6161879895561357
YPL066W,0,-50.42145645618439,-5035.983228445053,0.022549470777726646,0.8596491228070176,0.6161879895561357
YJL180C,-1,-50.42677575349808,-5302.782899901271,0.022539098436062558,0.8596491228070176,0.6164780968958514
YLR289W,0,-50.43328258395195,-5657.135366559029,0.022539098436062558,0.8596491228070176,0.6164780968958514
YOR027W,-1,-50.45403704047203,-4815.5514691621065,0.022528735632183907,0.8596491228070176,0.6167682042355671
YGR279C,-1,-50.45444476604462,-5003.0257205963135,0.022518382352941176,0.8596491228070176,0.6170583115752829
YPL218W,0,-50.46432560682297,-5620.647023037076,0.022518382352941176,0.8596491228070176,0.6170583115752829
YIL170W,-1,-50.467805325984955,-4644.743265122175,0.022508038585209004,0.8596491228070176,0.6173484189149986
YLR396C,-1,-50.46946156024933,-5467.120169237256,0.022497704315886134,0.8596491228070176,0.6176385262547143
YOL078W,-1,-50.487766683101654,-5512.061601236463,0.022487379531895366,0.8596491228070176,0.61792863359443
YBR231C,-1,-50.494634330272675,-6300.055833548307,0.022477064220183487,0.8596491228070176,0.6182187409341456
YCR091W,-1,-50.50462198257446,-4193.03913153708,0.02246675836772123,0.8596491228070176,0.6185088482738613
YOR266W,-1,-50.50617587566376,-5456.451651230454,0.022456461961503207,0.8596491228070176,0.618798955613577
YGL051W,0,-50.51253792643547,-5336.999642074108,0.022456461961503207,0.8596491228070176,0.618798955613577
YOR223W,0,-50.52507704496384,-4854.317744076252,0.022456461961503207,0.8596491228070176,0.618798955613577
YDL049C,0,-50.54470005631447,-5713.269414037466,0.022456461961503207,0.8596491228070176,0.618798955613577
YDR497C,0,-50.55055220425129,-6067.715042740107,0.022456461961503207,0.8596491228070176,0.618798955613577
YOR396W,0,-50.56435298919678,-4917.603969544172,0.022456461961503207,0.8596491228070176,0.618798955613577
YOR156C,-1,-50.58023691177368,-4799.387667194009,0.02244617498854787,0.8596491228070176,0.6190890629532927
YOR299W,-1,-50.582561671733856,-5454.548311814666,0.022435897435897436,0.8596491228070176,0.6193791702930084
YGR038W,0,-50.58438315987587,-5014.219758838415,0.022435897435897436,0.8596491228070176,0.6193791702930084
YHR033W,0,-50.58598077297211,-4867.875620663166,0.022435897435897436,0.8596491228070176,0.6193791702930084
YNR074C,-1,-50.59922707080841,-4778.223980724812,0.022425629290617848,0.8596491228070176,0.6196692776327241
YGL183C,-1,-50.60199558734894,-5121.34564614296,0.02241537053979872,0.8596491228070176,0.6199593849724399
YBL007C,-1,-50.61471617221832,-5232.494376569986,0.02240512117055327,0.8596491228070176,0.6202494923121555
YDL195W,0,-50.62727165222168,-5232.151689082384,0.02240512117055327,0.8596491228070176,0.6202494923121555
YKR098C,-1,-50.640224158763885,-4994.807129189372,0.022394881170018283,0.8596491228070176,0.6205395996518712
YDR287W,0,-50.640738785266876,-5209.054528579116,0.022394881170018283,0.8596491228070176,0.6205395996518712
YCR083W,-1,-50.64414823055267,-5049.648180678487,0.022384650525354044,0.8596491228070176,0.6208297069915869
YGL031C,0,-50.648374669253826,-7160.906071931124,0.022384650525354044,0.8596491228070176,0.6208297069915869
YER083C,0,-50.65442883968353,-5708.477637425065,0.022384650525354044,0.8596491228070176,0.6208297069915869
YMR030W,-1,-50.66471907496452,-4464.09968136251,0.02237442922374429,0.8596491228070176,0.6211198143313026
YBR228W,-1,-50.68563339114189,-5401.311313003302,0.022364217252396165,0.8596491228070176,0.6214099216710183
YKR009C,-1,-50.699418783187866,-4630.003006011248,0.022354014598540146,0.8596491228070176,0.621700029010734
YHR001W,-1,-50.739136934280396,-4807.98713003099,0.022343821249430004,0.8596491228070176,0.6219901363504496
YPL003W,-1,-50.74443981051445,-4684.030756533146,0.022333637192342753,0.8596491228070176,0.6222802436901653
YGR282C,0,-50.77443881332874,-5221.528161853552,0.022333637192342753,0.8596491228070176,0.6222802436901653
YLR216C,-1,-50.7758110165596,-5007.011024653912,0.02232346241457859,0.8596491228070176,0.622570351029881
YER057C,0,-50.77792251110077,-4971.5540953576565,0.02232346241457859,0.8596491228070176,0.622570351029881
YJL026W,-1,-50.78231605887413,-5389.134527370334,0.022313296903460837,0.8596491228070176,0.6228604583695968
YBR180W,-1,-50.78379249572754,-5577.386909306049,0.02230314064633591,0.8596491228070176,0.6231505657093125
YHR151C,0,-50.78661268949509,-5239.174735605717,0.02230314064633591,0.8596491228070176,0.6231505657093125
YDR196C,0,-50.801004976034164,-4894.572820097208,0.02230314064633591,0.8596491228070176,0.6231505657093125
YIL036W,-1,-50.836345478892326,-4789.329685434699,0.022292993630573247,0.8596491228070176,0.6234406730490282
YDL190C,-1,-50.84417110681534,-5145.617891013622,0.022282855843565257,0.8596491228070176,0.6237307803887439
YDR381W,-1,-50.851742438971996,-5893.128129880875,0.022272727272727274,0.8596491228070176,0.6240208877284595
YGL252C,0,-50.86188167333603,-5136.62159499526,0.022272727272727274,0.8596491228070176,0.6240208877284595
YDL245C,-1,-50.89338809251785,-5316.2199040055275,0.0222626079054975,0.8596491228070176,0.6243109950681752
YGR096W,-1,-50.90294376015663,-5661.757397517562,0.022252497729336965,0.8596491228070176,0.6246011024078909
YHR106W,-1,-50.9056011736393,-4186.903916746378,0.02224239673172946,0.8596491228070176,0.6248912097476066
YDR422C,-1,-50.916700571775436,-5325.618843883276,0.02223230490018149,0.8596491228070176,0.6251813170873223
YHR075C,0,-50.92550802230835,-4775.862615376711,0.02223230490018149,0.8596491228070176,0.6251813170873223
YGL126W,-1,-50.927002757787704,-4857.671007961035,0.022222222222222223,0.8596491228070176,0.625471424427038
YGL107C,-1,-50.93911066651344,-8927.164250165224,0.022212148685403447,0.8596491228070176,0.6257615317667538
YJL143W,-1,-50.93966919183731,-5829.34761749208,0.022202084277299503,0.8596491228070176,0.6260516391064694
YMR159C,0,-50.95090600848198,-4507.369957044721,0.022202084277299503,0.8596491228070176,0.6260516391064694
YOR329C,-1,-50.95421865582466,-5069.476522818208,0.022192028985507248,0.8596491228070176,0.6263417464461851
YHR210C,0,-50.971556305885315,-5032.97377717495,0.022192028985507248,0.8596491228070176,0.6263417464461851
YER014W,0,-50.98640230298042,-4782.654020756483,0.022192028985507248,0.8596491228070176,0.6263417464461851
YJL151C,0,-50.9866287112236,-4544.112367540598,0.022192028985507248,0.8596491228070176,0.6263417464461851
YNL190W,-1,-50.98935681581497,-5038.018416464329,0.022181982797645994,0.8596491228070176,0.6266318537859008
YML050W,0,-50.99049270153046,-5022.41643461585,0.022181982797645994,0.8596491228070176,0.6266318537859008
YGR189C,0,-50.99424034357071,-4743.601168528199,0.022181982797645994,0.8596491228070176,0.6266318537859008
YPL281C,0,-50.995411574840546,-4462.814214199781,0.022181982797645994,0.8596491228070176,0.6266318537859008
YER098W,-1,-51.004568099975586,-4758.080693632364,0.022171945701357467,0.8596491228070176,0.6269219611256165
YGL240W,-1,-51.027819991111755,-5259.286375373602,0.022161917684305744,0.8596491228070176,0.6272120684653322
YKL220C,-1,-51.04993173480034,-5044.917172938585,0.022151898734177215,0.8596491228070176,0.6275021758050479
YKL043W,-1,-51.083304554224014,-5575.726884812117,0.022141888838680523,0.8596491228070176,0.6277922831447635
YAL055W,-1,-51.10281252861023,-5319.794342935085,0.022131887985546522,0.8596491228070176,0.6280823904844792
YDR403W,-1,-51.10649639368057,-4588.912916854024,0.022121896162528215,0.8596491228070176,0.6283724978241949
YPR007C,-1,-51.10943967103958,-4752.562254682183,0.02211191335740072,0.8596491228070176,0.6286626051639106
YJL165C,-1,-51.11246630549431,-4839.690116330981,0.02210193955796121,0.8596491228070176,0.6289527125036264
YIL042C,-1,-51.127119451761246,-4877.42035870254,0.022091974752028856,0.8596491228070176,0.6292428198433421
YGL143C,0,-51.129106760025024,-5665.230923637748,0.022091974752028856,0.8596491228070176,0.6292428198433421
YGL098W,0,-51.13062930107117,-4850.813625007868,0.022091974752028856,0.8596491228070176,0.6292428198433421
YML058W-A,-1,-51.13184055685997,-5165.7767019718885,0.022082018927444796,0.8596491228070176,0.6295329271830578
YDR490C,-1,-51.133848786354065,-4944.754628956318,0.022072072072072072,0.8596491228070176,0.6298230345227734
YLR330W,-1,-51.139506965875626,-5216.679212450981,0.022062134173795586,0.8596491228070176,0.6301131418624891
YDR088C,-1,-51.1494779586792,-5664.473852857947,0.022052205220522054,0.8596491228070176,0.6304032492022048
YGL039W,0,-51.14967864751816,-5160.162646353245,0.022052205220522054,0.8596491228070176,0.6304032492022048
YIL094C,0,-51.16434481739998,-6022.464185137302,0.022052205220522054,0.8596491228070176,0.6304032492022048
YIR031C,-1,-51.17023065686226,-5361.590945631266,0.022042285200179937,0.8596491228070176,0.6306933565419205
YJR159W,0,-51.17467653751373,-5424.9499769210815,0.022042285200179937,0.8596491228070176,0.6306933565419205
YLR133W,-1,-51.18099498748779,-4597.3794467151165,0.022032374100719423,0.8596491228070176,0.6309834638816362
YGL078C,-1,-51.19025111198425,-6688.882065534592,0.02202247191011236,0.8596491228070176,0.6312735712213519
YKL209C,0,-51.1933553814888,-5068.4476332217455,0.02202247191011236,0.8596491228070176,0.6312735712213519
YOL033W,-1,-51.2039452791214,-5489.678238943219,0.0220125786163522,0.8596491228070176,0.6315636785610675
YBR236C,-1,-51.22447171807289,-5001.067067831755,0.022002694207453974,0.8596491228070176,0.6318537859007833
YDL020C,-1,-51.22590261697769,-4715.356104999781,0.02199281867145422,0.8596491228070176,0.632143893240499
YMR008C,-1,-51.250766903162,-4846.33278273046,0.021982951996410947,0.8596491228070176,0.6324340005802147
YOL113W,-1,-51.26351150870323,-5694.206918522716,0.02197309417040359,0.8596491228070176,0.6327241079199304
YJR017C,-1,-51.265502244234085,-5657.855236873031,0.021963245181532944,0.8596491228070176,0.6330142152596461
YER046W,-1,-51.27268546819687,-5949.591243207455,0.021953405017921146,0.8596491228070176,0.6333043225993618
YDR236C,0,-51.27500665187836,-4820.846780046821,0.021953405017921146,0.8596491228070176,0.6333043225993618
YKL138C,-1,-51.28656554222107,-5394.512047216296,0.0219435736677116,0.8596491228070176,0.6335944299390774
YPR169W,0,-51.31289900839329,-6901.397476784885,0.0219435736677116,0.8596491228070176,0.6335944299390774
YOR113W,0,-51.31425553560257,-4991.782769963145,0.0219435736677116,0.8596491228070176,0.6335944299390774
YDR486C,0,-51.323891684412956,-6220.780445814133,0.0219435736677116,0.8596491228070176,0.6335944299390774
YDR273W,-1,-51.33120423555374,-5087.005752295256,0.021933751119068933,0.8596491228070176,0.6338845372787931
YDL120W,-1,-51.346785455942154,-6050.343199580908,0.02192393736017897,0.8596491228070176,0.6341746446185088
YDR522C,-1,-51.34956872463226,-5316.869323164225,0.02191413237924866,0.8596491228070176,0.6344647519582245
YCR038C,-1,-51.35969257354736,-5195.012346148491,0.021904336164506034,0.8596491228070176,0.6347548592979403
YER178W,0,-51.367480397224426,-5041.536063656211,0.021904336164506034,0.8596491228070176,0.6347548592979403
YOR068C,-1,-51.410490930080414,-5394.284307271242,0.021894548704200177,0.8596491228070176,0.635044966637656
YNR061C,0,-51.41389226913452,-5545.581798255444,0.021894548704200177,0.8596491228070176,0.635044966637656
YJR048W,-1,-51.433279395103455,-5254.297227650881,0.02188476998660116,0.8596491228070176,0.6353350739773717
YJL059W,-1,-51.45707046985626,-5043.231493264437,0.021875,0.8596491228070176,0.6356251813170873
YAR033W,0,-51.4681490957737,-4398.978399544954,0.021875,0.8596491228070176,0.6356251813170873
YHR017W,0,-51.48429116606712,-4990.064485445619,0.021875,0.8596491228070176,0.6356251813170873
YPR107C,-1,-51.51795968413353,-5533.110454887152,0.02186523873270861,0.8596491228070176,0.635915288656803
YMR044W,-1,-51.5377032160759,-5529.546672791243,0.021855486173059768,0.8596491228070176,0.6362053959965187
YER040W,-1,-51.54348158836365,-5015.417404532433,0.021845742309407043,0.8596491228070176,0.6364955033362344
YDR530C,0,-51.56435850262642,-4411.402991831303,0.021845742309407043,0.8596491228070176,0.6364955033362344
YDR258C,-1,-51.573102444410324,-4355.407581552863,0.021836007130124777,0.8596491228070176,0.6367856106759501
YNL280C,-1,-51.58422388136387,-6049.796586871147,0.02182628062360802,0.8596491228070176,0.6370757180156658
YGL185C,0,-51.600556910037994,-4910.757822096348,0.02182628062360802,0.8596491228070176,0.6370757180156658
YPL097W,-1,-51.62585008144379,-5107.173849612474,0.021816562778272486,0.8596491228070176,0.6373658253553814
YKL025C,-1,-51.626494109630585,-5727.5734119564295,0.021806853582554516,0.8596491228070176,0.6376559326950972
YFR014C,-1,-51.650645211339,-4988.660133913159,0.02179715302491103,0.8596491228070176,0.6379460400348129
YDR376W,-1,-51.672435104846954,-5236.233979120851,0.021787461093819474,0.8596491228070176,0.6382361473745286
YHR109W,0,-51.67306312918663,-5292.5636420995,0.021787461093819474,0.8596491228070176,0.6382361473745286
YJL216C,0,-51.734705090522766,-4918.760707437992,0.021787461093819474,0.8596491228070176,0.6382361473745286
YKL006C-A,1,-51.73923917859793,-8560.051845233887,0.022222222222222223,0.8771929824561403,0.6382361473745286
YHR037W,0,-51.73939824104309,-5187.46414475143,0.022222222222222223,0.8771929824561403,0.6382361473745286
YCL027W,-1,-51.744523882865906,-4729.958880379796,0.02221235006663705,0.8771929824561403,0.6385262547142443
YJL172W,0,-51.74548402428627,-4599.053537517786,0.02221235006663705,0.8771929824561403,0.6385262547142443
YOR049C,-1,-51.752529203891754,-4439.790633261204,0.022202486678507993,0.8771929824561403,0.63881636205396
YPR121W,0,-51.790470480918884,-5102.30083835125,0.022202486678507993,0.8771929824561403,0.63881636205396
YCR088W,-1,-51.80468912422657,-4789.23551556468,0.022192632046160676,0.8771929824561403,0.6391064693936757
YNL103W,-1,-51.80813658237457,-5719.330920800567,0.022182786157941437,0.8771929824561403,0.6393965767333913
YBR065C,-1,-51.81691101193428,-5355.45297908783,0.022172949002217297,0.8771929824561403,0.639686684073107
YPL190C,-1,-51.85617342591286,-5247.658101171255,0.022163120567375887,0.8771929824561403,0.6399767914128227
YNL098C,-1,-51.85630998015404,-5252.240830644965,0.022153300841825433,0.8771929824561403,0.6402668987525384
YGL095C,-1,-51.86622557044029,-6184.2066033780575,0.022143489813994686,0.8771929824561403,0.6405570060922542
YLR025W,-1,-51.909968852996826,-5498.142846703529,0.02213368747233289,0.8771929824561403,0.6408471134319699
YHR150W,-1,-51.91653814911842,-5503.552263498306,0.022123893805309734,0.8771929824561403,0.6411372207716856
YLR004C,0,-51.93510949611664,-5616.8273735791445,0.022123893805309734,0.8771929824561403,0.6411372207716856
YNL083W,-1,-51.93857756257057,-5499.761533528566,0.022114108801415303,0.8771929824561403,0.6414273281114012
YHL035C,0,-51.93979188799858,-5610.8616861104965,0.022114108801415303,0.8771929824561403,0.6414273281114012
YGR206W,0,-51.94973960518837,-6024.597065702081,0.022114108801415303,0.8771929824561403,0.6414273281114012
YPL241C,-1,-51.956460535526276,-6899.227464843541,0.022104332449160036,0.8771929824561403,0.6417174354511169
YDR135C,-1,-51.97321718931198,-5669.517060652375,0.02209456473707468,0.8771929824561403,0.6420075427908326
YKL104C,0,-51.99730998277664,-4914.412736222148,0.02209456473707468,0.8771929824561403,0.6420075427908326
YBR044C,-1,-52.00524377822876,-5390.645780056715,0.022084805653710248,0.8771929824561403,0.6422976501305483
YDL148C,-1,-52.005983501672745,-8280.33233165741,0.02207505518763797,0.8771929824561403,0.642587757470264
YOL023W,-1,-52.00835531949997,-5398.132192015648,0.02206531332744925,0.8771929824561403,0.6428778648099797
YMR171C,-1,-52.04646763205528,-5694.680490583181,0.022055580061755623,0.8771929824561403,0.6431679721496953
YJL142C,0,-52.069794833660126,-4585.083086028695,0.022055580061755623,0.8771929824561403,0.6431679721496953
YMR275C,-1,-52.07323941588402,-5406.934735134244,0.02204585537918871,0.8771929824561403,0.643458079489411
YNR008W,-1,-52.07457321882248,-5055.536003917456,0.022036139268400177,0.8771929824561403,0.6437481868291268
YNL169C,-1,-52.07816505432129,-5461.916577637196,0.022026431718061675,0.8771929824561403,0.6440382941688425
YJR073C,-1,-52.0825577378273,-4811.135432258248,0.022016732716864818,0.8771929824561403,0.6443284015085582
YBR152W,-1,-52.11361074447632,-5558.854786574841,0.022007042253521125,0.8771929824561403,0.6446185088482739
YOR178C,-1,-52.11709049344063,-5073.267902612686,0.02199736031676199,0.8771929824561403,0.6449086161879896
YDR208W,-1,-52.122851103544235,-6235.84235817194,0.02198768689533861,0.8771929824561403,0.6451987235277052
YPL017C,-1,-52.17487382888794,-4512.755776852369,0.02197802197802198,0.8771929824561403,0.6454888308674209
YAL016W,-1,-52.18907278776169,-4662.265642002225,0.021968365553602813,0.8771929824561403,0.6457789382071366
YNL318C,-1,-52.2205947637558,-5201.1997002363205,0.021958717610891524,0.8771929824561403,0.6460690455468523
YBR049C,-1,-52.22125385701656,-6387.962729603052,0.021949078138718173,0.8771929824561403,0.646359152886568
YLR304C,-1,-52.22206795215607,-5001.583990439773,0.021939447125932425,0.8771929824561403,0.6466492602262838
YDR304C,-1,-52.24563765525818,-5200.799875095487,0.021929824561403508,0.8771929824561403,0.6469393675659995
YNL245C,-1,-52.250956416130066,-6678.601136729121,0.021920210434020166,0.8771929824561403,0.6472294749057151
YJR025C,0,-52.26613187789917,-4753.1205946058035,0.021920210434020166,0.8771929824561403,0.6472294749057151
YDL197C,-1,-52.272975474596024,-4902.856121554971,0.021910604732690624,0.8771929824561403,0.6475195822454308
YLR466W,-1,-52.311877727508545,-5256.2583392858505,0.021901007446342532,0.8771929824561403,0.6478096895851465
YFL057C,0,-52.31247067451477,-5000.856417700648,0.021901007446342532,0.8771929824561403,0.6478096895851465
YER106W,-1,-52.31738638877869,-5042.467760026455,0.021891418563922942,0.8771929824561403,0.6480997969248622
YHR178W,-1,-52.34631422162056,-5548.69982239604,0.02188183807439825,0.8771929824561403,0.6483899042645779
YLR408C,0,-52.34673899412155,-4830.952751964331,0.02188183807439825,0.8771929824561403,0.6483899042645779
YPL280W,0,-52.34742420911789,-5190.413860887289,0.02188183807439825,0.8771929824561403,0.6483899042645779
YOR391C,0,-52.36849057674408,-5026.73989328742,0.02188183807439825,0.8771929824561403,0.6483899042645779
YGR009C,0,-52.369171023368835,-4975.209292829037,0.02188183807439825,0.8771929824561403,0.6483899042645779
YMR054W,-1,-52.37504506111145,-5391.130986049771,0.021872265966754154,0.8771929824561403,0.6486800116042936
YER065C,-1,-52.39857345819473,-6305.561149701476,0.021862702229995628,0.8771929824561403,0.6489701189440092
YCR052W,-1,-52.40350514650345,-6021.836185574532,0.021853146853146852,0.8771929824561403,0.6492602262837249
YER014C-A,-1,-52.405655682086945,-4985.168485283852,0.021843599825251202,0.8771929824561403,0.6495503336234407
YBR010W,-1,-52.42022326588631,-6407.694556441158,0.021834061135371178,0.8771929824561403,0.6498404409631564
YGR042W,0,-52.42805057764053,-5033.747594147921,0.021834061135371178,0.8771929824561403,0.6498404409631564
YLR238W,-1,-52.42912322282791,-5474.544381648302,0.02182453077258839,0.8771929824561403,0.6501305483028721
YHR038W,0,-52.431328028440475,-5915.170115485787,0.02182453077258839,0.8771929824561403,0.6501305483028721
YDR067C,0,-52.43268182873726,-5240.749096170068,0.02182453077258839,0.8771929824561403,0.6501305483028721
YPL006W,-1,-52.45519086718559,-4474.42564855516,0.02181500872600349,0.8771929824561403,0.6504206556425878
YDL054C,0,-52.48990195989609,-4981.780912533402,0.02181500872600349,0.8771929824561403,0.6504206556425878
YPL100W,-1,-52.500704258680344,-4787.722821071744,0.021805494984736152,0.8771929824561403,0.6507107629823035
YMR078C,-1,-52.50937646627426,-5810.837424322963,0.021795989537925022,0.8771929824561403,0.6510008703220191
YPL111W,-1,-52.51121735572815,-4749.138307124376,0.02178649237472767,0.8771929824561403,0.6512909776617348
YJR065C,-1,-52.52240914106369,-4508.602243870497,0.02177700348432056,0.8771929824561403,0.6515810850014505
YLR340W,-1,-52.52258701249957,-6432.7565956451,0.021767522855899,0.8771929824561403,0.6518711923411662
YOL038W,-1,-52.542323529720306,-5486.734574466944,0.02175805047867711,0.8771929824561403,0.6521612996808819
YMR210W,-1,-52.54716545343399,-4986.610264122486,0.02174858634188778,0.8771929824561403,0.6524514070205977
YDR129C,-1,-52.55588412284851,-4734.57043735683,0.021739130434782608,0.8771929824561403,0.6527415143603134
YKL001C,0,-52.55683943629265,-5103.932213455439,0.021739130434782608,0.8771929824561403,0.6527415143603134
YOR077W,0,-52.558369129896164,-5269.527043074369,0.021739130434782608,0.8771929824561403,0.6527415143603134
YHR043C,-1,-52.56922325491905,-5141.765251621604,0.0217296827466319,0.8771929824561403,0.653031621700029
YPR200C,0,-52.57480987906456,-5833.055700451136,0.0217296827466319,0.8771929824561403,0.653031621700029
YKL133C,0,-52.58853006362915,-5016.685821175575,0.0217296827466319,0.8771929824561403,0.653031621700029
YMR244W,0,-52.60364493727684,-5943.113398566842,0.0217296827466319,0.8771929824561403,0.653031621700029
YGR142W,-1,-52.62307924032211,-5050.266453072429,0.021720243266724587,0.8771929824561403,0.6533217290397447
YPL148C,-1,-52.669767305254936,-9063.615419074893,0.021710811984368215,0.8771929824561403,0.6536118363794604
YDR350C,0,-52.69050881266594,-5053.644058555365,0.021710811984368215,0.8771929824561403,0.6536118363794604
YDR437W,-1,-52.696594417095184,-5347.946253314614,0.021701388888888888,0.8771929824561403,0.6539019437191761
YDR084C,0,-52.72029250860214,-5397.426012456417,0.021701388888888888,0.8771929824561403,0.6539019437191761
YLR165C,-1,-52.73689824342728,-6013.219263806939,0.021691973969631236,0.8771929824561403,0.6541920510588918
YML047C,-1,-52.73798429965973,-4962.176483333111,0.02168256721595837,0.8771929824561403,0.6544821583986075
YOR259C,-1,-52.74668645858765,-5289.0893813967705,0.021673168617251843,0.8771929824561403,0.6547722657383231
YGR144W,-1,-52.806986302137375,-5224.882304146886,0.021663778162911613,0.8771929824561403,0.6550623730780388
YCR075C,-1,-52.880943953990936,-5041.03230445087,0.021654395842355997,0.8771929824561403,0.6553524804177546
YDR034W-B,0,-52.886636435985565,-4961.155285567045,0.021654395842355997,0.8771929824561403,0.6553524804177546
YPL118W,-1,-52.901792734861374,-6205.564444005489,0.021645021645021644,0.8771929824561403,0.6556425877574703
YHR110W,0,-52.90397347509861,-5978.037406012416,0.021645021645021644,0.8771929824561403,0.6556425877574703
YDR386W,-1,-52.91567188501358,-5525.748265713453,0.021635655560363478,0.8771929824561403,0.655932695097186
YKR019C,-1,-52.91828793287277,-5398.504025384784,0.02162629757785467,0.8771929824561403,0.6562228024369017
YNL132W,-1,-52.93758264183998,-8477.699747160077,0.021616947686986597,0.8771929824561403,0.6565129097766174
YDL220C,0,-52.942773163318634,-5084.98765604198,0.021616947686986597,0.8771929824561403,0.6565129097766174
YCL047C,0,-52.96748697757721,-5142.778836101294,0.021616947686986597,0.8771929824561403,0.6565129097766174
YLR308W,-1,-52.967691361904144,-5229.698606729507,0.021607605877268798,0.8771929824561403,0.656803017116333
YLR077W,0,-52.978428304195404,-6112.17995133996,0.021607605877268798,0.8771929824561403,0.656803017116333
YMR278W,0,-53.02378509938717,-4522.684533089399,0.021607605877268798,0.8771929824561403,0.656803017116333
YLR013W,0,-53.037179321050644,-5082.0729616731405,0.021607605877268798,0.8771929824561403,0.656803017116333
YMR084W,0,-53.03752797842026,-5053.963271915913,0.021607605877268798,0.8771929824561403,0.656803017116333
YGL194C,-1,-53.04257959127426,-4950.420641332865,0.02159827213822894,0.8771929824561403,0.6570931244560487
YCL039W,-1,-53.05139043927193,-4304.663775712252,0.02158894645941278,0.8771929824561403,0.6573832317957644
YPR138C,0,-53.05315202474594,-5891.149117141962,0.02158894645941278,0.8771929824561403,0.6573832317957644
YKR103W,0,-53.12271758913994,-5585.327935606241,0.02158894645941278,0.8771929824561403,0.6573832317957644
YPR192W,-1,-53.1296052634716,-5393.249718129635,0.02157962883038412,0.8771929824561403,0.6576733391354801
YGR112W,-1,-53.16589564085007,-5163.015535265207,0.021570319240724764,0.8771929824561403,0.6579634464751958
YGL125W,0,-53.19753706455231,-4580.993961080909,0.021570319240724764,0.8771929824561403,0.6579634464751958
YDR281C,-1,-53.19981837272644,-5706.626763492823,0.0215610176800345,0.8771929824561403,0.6582535538149115
YDR040C,-1,-53.21785068511963,-5153.244688361883,0.021551724137931036,0.8771929824561403,0.6585436611546273
YMR165C,-1,-53.23712486028671,-5111.631062820554,0.021542438604049977,0.8771929824561403,0.6588337684943429
YMR281W,-1,-53.24070107936859,-5063.585409060121,0.02153316106804479,0.8771929824561403,0.6591238758340586
YMR024W,-1,-53.26733648777008,-6065.60951346159,0.02152389151958674,0.8771929824561403,0.6594139831737743
YBR222C,0,-53.285559356212616,-5078.917373642325,0.02152389151958674,0.8771929824561403,0.6594139831737743
YPL166W,0,-53.28898859024048,-4372.932553112507,0.02152389151958674,0.8771929824561403,0.6594139831737743
YPR025C,-1,-53.30973768234253,-5898.2519980371,0.021514629948364887,0.8771929824561403,0.65970409051349
YOL064C,-1,-53.32842177152634,-4454.135885968804,0.021505376344086023,0.8771929824561403,0.6599941978532057
YNR072W,-1,-53.32896330952644,-4941.665295004845,0.021496130696474634,0.8771929824561403,0.6602843051929214
YOL127W,-1,-53.34087124466896,-6598.126238361001,0.021486892995272882,0.8771929824561403,0.660574412532637
YOR163W,0,-53.35223060846329,-5055.661484315991,0.021486892995272882,0.8771929824561403,0.660574412532637
YLR453C,0,-53.35629644989967,-5420.359722390771,0.021486892995272882,0.8771929824561403,0.660574412532637
YJL154C,-1,-53.35773038864136,-5792.287702023983,0.02147766323024055,0.8771929824561403,0.6608645198723527
YOL009C,-1,-53.36492905020714,-5641.365517228842,0.021468441391155002,0.8771929824561403,0.6611546272120684
YNR055C,-1,-53.3713113963604,-5261.944331333041,0.02145922746781116,0.8771929824561403,0.6614447345517842
YER167W,-1,-53.371323615312576,-6021.589235588908,0.02145002145002145,0.8771929824561403,0.6617348418914999
YPL014W,0,-53.408572018146515,-4981.537628144026,0.02145002145002145,0.8771929824561403,0.6617348418914999
YBL106C,-1,-53.41351515054703,-6047.319590330124,0.02144082332761578,0.8771929824561403,0.6620249492312156
YNL334C,0,-53.4143982231617,-5616.236811578274,0.02144082332761578,0.8771929824561403,0.6620249492312156
YNL278W,-1,-53.41444653272629,-5650.555285364389,0.021431633090441493,0.8771929824561403,0.6623150565709313
YLR369W,-1,-53.42657995223999,-5130.026750266552,0.021422450728363324,0.8771929824561403,0.6626051639106469
YMR020W,0,-53.43700301647186,-4355.492943793535,0.021422450728363324,0.8771929824561403,0.6626051639106469
YBR045C,-1,-53.45688447356224,-5680.726848214865,0.021413276231263382,0.8771929824561403,0.6628952712503626
YIL027C,0,-53.45827144384384,-8084.695619955659,0.021413276231263382,0.8771929824561403,0.6628952712503626
YHR086W,-1,-53.458463937044144,-5027.177775502205,0.021404109589041095,0.8771929824561403,0.6631853785900783
YMR027W,0,-53.46500688791275,-4965.252413600683,0.021404109589041095,0.8771929824561403,0.6631853785900783
YPL127C,-1,-53.473372399806976,-6217.545457974076,0.02139495079161318,0.8771929824561403,0.663475485929794
YKR016W,0,-53.48006488382816,-5130.720657706261,0.02139495079161318,0.8771929824561403,0.663475485929794
YPR153W,0,-53.51312519609928,-5900.334689050913,0.02139495079161318,0.8771929824561403,0.663475485929794
YDR411C,0,-53.517080903053284,-4614.833562090993,0.02139495079161318,0.8771929824561403,0.663475485929794
YBR024W,-1,-53.539638578891754,-4972.951906502247,0.0213857998289136,0.8771929824561403,0.6637655932695097
YFR033C,-1,-53.54110324382782,-5324.79711279273,0.021376656690893545,0.8771929824561403,0.6640557006092254
YJR100C,0,-53.55495911836624,-5072.107361137867,0.021376656690893545,0.8771929824561403,0.6640557006092254
YKL013C,-1,-53.55748826265335,-5535.689887940884,0.021367521367521368,0.8771929824561403,0.6643458079489412
YOL161C,0,-53.59055072069168,-5063.5381346046925,0.021367521367521368,0.8771929824561403,0.6643458079489412
YFR042W,0,-53.60104742646217,-5174.994523853064,0.021367521367521368,0.8771929824561403,0.6643458079489412
YOR130C,0,-53.60968163609505,-4672.145741701126,0.021367521367521368,0.8771929824561403,0.6643458079489412
YNL093W,-1,-53.61002239584923,-4526.436607018113,0.021358393848782572,0.8771929824561403,0.6646359152886568
YMR145C,-1,-53.62837412953377,-6252.171765297651,0.02134927412467976,0.8771929824561403,0.6649260226283725
YGL014W,-1,-53.633371472358704,-6738.1270861923695,0.021340162185232606,0.8771929824561403,0.6652161299680882
YJR076C,-1,-53.635820746421814,-6833.01936981827,0.021331058020477817,0.8771929824561403,0.6655062373078039
YGL062W,0,-53.65015146136284,-5134.751982718706,0.021331058020477817,0.8771929824561403,0.6655062373078039
YLR213C,-1,-53.65026730298996,-5530.965764582157,0.021321961620469083,0.8771929824561403,0.6657963446475196
YLR113W,-1,-53.654667139053345,-4697.174495518208,0.021312872975277068,0.8771929824561403,0.6660864519872353
YJL020C,-1,-53.65821659564972,-4579.375994846225,0.021303792074989347,0.8771929824561403,0.666376559326951
YJL161W,0,-53.67181068658829,-4280.693839326501,0.021303792074989347,0.8771929824561403,0.666376559326951
YPL026C,-1,-53.70365282893181,-5779.310455396771,0.02129471890971039,0.8771929824561403,0.6666666666666666
YGL011C,-1,-53.712830543518066,-6253.303481608629,0.021285653469561516,0.8771929824561403,0.6669567740063823
YGL055W,-1,-53.738185703754425,-6090.802859693766,0.02127659574468085,0.8771929824561403,0.6672468813460981
YIR014W,0,-53.7564862370491,-4866.559578537941,0.02127659574468085,0.8771929824561403,0.6672468813460981
YLL023C,0,-53.76394730806351,-4479.155462145805,0.02127659574468085,0.8771929824561403,0.6672468813460981
YOL008W,-1,-53.765993773937225,-5472.204118043184,0.02126754572522331,0.8771929824561403,0.6675369886858138
YOR066W,-1,-53.77033931016922,-5165.713108360767,0.021258503401360544,0.8771929824561403,0.6678270960255295
YIL146C,0,-53.77694708108902,-5375.128130465746,0.021258503401360544,0.8771929824561403,0.6678270960255295
YHR006W,-1,-53.77876037359238,-5541.274411663413,0.021249468763280918,0.8771929824561403,0.6681172033652452
YJR040W,-1,-53.78861689567566,-5923.66713359952,0.021240441801189464,0.8771929824561403,0.6684073107049608
YDR218C,0,-53.79968586564064,-5789.26877117157,0.021240441801189464,0.8771929824561403,0.6684073107049608
YLL001W,-1,-53.817403584718704,-4716.7989829182625,0.021231422505307854,0.8771929824561403,0.6686974180446765
YOL117W,-1,-53.84703329205513,-5082.7745895683765,0.021222410865874362,0.8771929824561403,0.6689875253843922
YOR089C,-1,-53.8567658662796,-5683.518185511231,0.021213406873143825,0.8771929824561403,0.6692776327241079
YLR394W,-1,-53.86475047469139,-5216.348641753197,0.021204410517387615,0.8771929824561403,0.6695677400638236
YEL062W,-1,-53.86654105782509,-5803.3134528547525,0.0211954217888936,0.8771929824561403,0.6698578474035393
YMR267W,-1,-53.89110592007637,-5689.834510341287,0.0211864406779661,0.8771929824561403,0.6701479547432551
YPL179W,-1,-53.8922581076622,-5874.265465632081,0.021177467174925878,0.8771929824561403,0.6704380620829707
YPL207W,-1,-53.8947826474905,-8874.754361525178,0.021168501270110076,0.8771929824561403,0.6707281694226864
YGR235C,-1,-53.91965687274933,-5156.334530562162,0.021159542953872196,0.8771929824561403,0.6710182767624021
YJL048C,-1,-53.94818693399429,-4637.803997978568,0.021150592216582064,0.8771929824561403,0.6713083841021178
YER149C,-1,-53.96434035897255,-8964.511636152864,0.021141649048625793,0.8771929824561403,0.6715984914418335
YDR152W,0,-53.96552501618862,-6883.172419324517,0.021141649048625793,0.8771929824561403,0.6715984914418335
YOR228C,0,-53.96887046098709,-4659.5415379107,0.021141649048625793,0.8771929824561403,0.6715984914418335
YKL211C,0,-53.97491434216499,-4780.554343268275,0.021141649048625793,0.8771929824561403,0.6715984914418335
YMR004W,0,-53.975909784436226,-6488.9923568964,0.021141649048625793,0.8771929824561403,0.6715984914418335
YLL011W,-1,-53.9898256957531,-6977.480060860515,0.021132713440405747,0.8771929824561403,0.6718885987815492
YER154W,-1,-53.990004271268845,-6018.953073620796,0.021123785382340516,0.8771929824561403,0.6721787061212648
YPL130W,0,-53.999556839466095,-5325.292300492525,0.021123785382340516,0.8771929824561403,0.6721787061212648
YKR031C,-1,-54.008213102817535,-5839.643451720476,0.021114864864864864,0.8771929824561403,0.6724688134609805
YPR111W,-1,-54.008915066719055,-5428.245940178633,0.021105951878429716,0.8771929824561403,0.6727589208006962
YIL157C,-1,-54.01275825500488,-4596.79396635294,0.02109704641350211,0.8771929824561403,0.6730490281404119
YKL151C,0,-54.01408725976944,-4493.119940817356,0.02109704641350211,0.8771929824561403,0.6730490281404119
YEL069C,-1,-54.04256910085678,-5120.863692432642,0.021088148460565163,0.8771929824561403,0.6733391354801277
YMR115W,-1,-54.05655923485756,-6506.585761830211,0.021079258010118045,0.8771929824561403,0.6736292428198434
YKR093W,0,-54.062776029109955,-5808.100727796555,0.021079258010118045,0.8771929824561403,0.6736292428198434
YLL050C,-1,-54.072551131248474,-5264.356166452169,0.02107037505267594,0.8771929824561403,0.6739193501595591
YJR058C,0,-54.07307976484299,-4921.977213352919,0.02107037505267594,0.8771929824561403,0.6739193501595591
YDL048C,0,-54.07372313737869,-5027.743814826012,0.02107037505267594,0.8771929824561403,0.6739193501595591
YNL085W,-1,-54.07722783088684,-6846.71985450387,0.02106149957877001,0.8771929824561403,0.6742094574992747
YML078W,-1,-54.0861958861351,-6090.1272203326225,0.021052631578947368,0.8771929824561403,0.6744995648389904
YLR371W,-1,-54.11862576007843,-5641.131395980716,0.021043771043771045,0.8771929824561403,0.6747896721787061
YIL119C,0,-54.121808260679245,-5209.348407700658,0.021043771043771045,0.8771929824561403,0.6747896721787061
YBR299W,0,-54.13713285326958,-4854.578638613224,0.021043771043771045,0.8771929824561403,0.6747896721787061
YDR043C,-1,-54.14253979921341,-5035.79836858809,0.02103491796381994,0.8771929824561403,0.6750797795184218
YDR072C,-1,-54.152955770492554,-5979.77703948319,0.021026072329688814,0.8771929824561403,0.6753698868581375
YHL022C,-1,-54.1751606464386,-5399.836819693446,0.021017234131988232,0.8771929824561403,0.6756599941978532
YDL132W,-1,-54.17763262987137,-6072.9199490100145,0.02100840336134454,0.8771929824561403,0.6759501015375688
YCR026C,0,-54.18466892838478,-5910.848530292511,0.02100840336134454,0.8771929824561403,0.6759501015375688
YDL110C,0,-54.18588745594025,-4537.2468619048595,0.02100840336134454,0.8771929824561403,0.6759501015375688
YNL167C,-1,-54.18659994006157,-5638.237528458238,0.020999580008399833,0.8771929824561403,0.6762402088772846
YDL070W,-1,-54.20151808857918,-5585.1975931972265,0.020990764063811923,0.8771929824561403,0.6765303162170003
YMR109W,-1,-54.20905011892319,-5290.286712244153,0.0209819555182543,0.8771929824561403,0.676820423556716
YLR205C,-1,-54.220732003450394,-5156.989604875445,0.02097315436241611,0.8771929824561403,0.6771105308964317
YJR099W,-1,-54.23330008983612,-5273.337231725454,0.020964360587002098,0.8771929824561403,0.6774006382361474
YBR204C,-1,-54.24116539955139,-4940.602021455765,0.020955574182732608,0.8771929824561403,0.6776907455758631
YNL014W,-1,-54.26007264852524,-5156.029495179653,0.02094679514034353,0.8771929824561403,0.6779808529155787
YLR024C,-1,-54.26231187582016,-5731.492126956582,0.020938023450586266,0.8771929824561403,0.6782709602552944
YFL016C,-1,-54.26958763599396,-5048.2712652385235,0.020929259104227712,0.8771929824561403,0.6785610675950101
YPR103W,-1,-54.273438453674316,-5366.829382061958,0.02092050209205021,0.8771929824561403,0.6788511749347258
YDL222C,-1,-54.27834498882294,-4804.279352352023,0.020911752404851526,0.8771929824561403,0.6791412822744416
YMR133W,-1,-54.28364419937134,-5285.981501340866,0.020903010033444816,0.8771929824561403,0.6794313896141573
YMR201C,-1,-54.30245661735535,-5534.452383130789,0.020894274968658588,0.8771929824561403,0.679721496953873
YOL048C,0,-54.30409049987793,-4494.16695009172,0.020894274968658588,0.8771929824561403,0.679721496953873
YDR470C,-1,-54.33160662651062,-4890.504723072052,0.020885547201336674,0.8771929824561403,0.6800116042935886
YNL025C,-1,-54.34270778298378,-5484.064875677228,0.020876826722338204,0.8771929824561403,0.6803017116333043
YPR196W,0,-54.37468320131302,-5224.492724299431,0.020876826722338204,0.8771929824561403,0.6803017116333043
YJL106W,-1,-54.3789539039135,-4972.9221141040325,0.020868113522537562,0.8771929824561403,0.68059181897302
YNL031C,-1,-54.40696060657501,-5919.514929175377,0.020859407592824362,0.8771929824561403,0.6808819263127357
YKL006W,0,-54.41094067692757,-8162.65829013288,0.020859407592824362,0.8771929824561403,0.6808819263127357
YLR377C,0,-54.4378719329834,-5282.179217547178,0.020859407592824362,0.8771929824561403,0.6808819263127357
YPL155C,-1,-54.448169231414795,-5613.841944649816,0.020850708924103418,0.8771929824561403,0.6811720336524514
YDR462W,-1,-54.45424896478653,-5653.484531313181,0.020842017507294707,0.8771929824561403,0.6814621409921671
YKL089W,-1,-54.48185911774635,-5984.873193234205,0.020833333333333332,0.8771929824561403,0.6817522483318827
YDR228C,-1,-54.49967846274376,-6758.963033810258,0.02082465639316951,0.8771929824561403,0.6820423556715985
YMR284W,-1,-54.500428199768066,-5501.214594230056,0.020815986677768527,0.8771929824561403,0.6823324630113142
YNL279W,-1,-54.508925676345825,-5498.263360053301,0.020807324178110695,0.8771929824561403,0.6826225703510299
YOR222W,0,-54.5199873521924,-5687.853751152754,0.020807324178110695,0.8771929824561403,0.6826225703510299
YFR038W,-1,-54.524348363280296,-7884.912068381906,0.020798668885191347,0.8771929824561403,0.6829126776907456
YJL037W,0,-54.54706251621246,-5486.267615199089,0.020798668885191347,0.8771929824561403,0.6829126776907456
YDR296W,-1,-54.56256529688835,-6021.161117970943,0.02079002079002079,0.8771929824561403,0.6832027850304613
YDR033W,-1,-54.57582113146782,-5203.285278126597,0.020781379883624274,0.8771929824561403,0.683492892370177
YBR006W,-1,-54.57819399237633,-4486.209705084562,0.02077274615704196,0.8771929824561403,0.6837829997098926
YLR047C,-1,-54.59275326132774,-4724.78449767828,0.020764119601328904,0.8771929824561403,0.6840731070496083
YDR267C,-1,-54.615049585700035,-9244.023915410042,0.020755500207555,0.8771929824561403,0.684363214389324
YKL152C,0,-54.61967885494232,-4874.044504150748,0.020755500207555,0.8771929824561403,0.684363214389324
YFR026C,0,-54.657924354076385,-4998.225273966789,0.020755500207555,0.8771929824561403,0.684363214389324
YGL179C,-1,-54.66395363211632,-4857.0408386439085,0.02074688796680498,0.8771929824561403,0.6846533217290397
YBR241C,0,-54.67102697491646,-4571.026486620307,0.02074688796680498,0.8771929824561403,0.6846533217290397
YOR158W,-1,-54.67271947860718,-6135.596031889319,0.02073828287017835,0.8771929824561403,0.6849434290687555
YER027C,-1,-54.67789602279663,-5952.095138460398,0.020729684908789386,0.8771929824561403,0.6852335364084712
YJL038C,0,-54.70361977815628,-5465.051321476698,0.020729684908789386,0.8771929824561403,0.6852335364084712
YER037W,0,-54.71811354160309,-4521.334684982896,0.020729684908789386,0.8771929824561403,0.6852335364084712
YNL020C,-1,-54.73912966251373,-5561.887600690126,0.020721094073767096,0.8771929824561403,0.6855236437481869
YMR195W,0,-54.75581429898739,-3542.2681133002043,0.020721094073767096,0.8771929824561403,0.6855236437481869
YFL039C,-1,-54.767481327056885,-4981.699159294367,0.020712510356255178,0.8771929824561403,0.6858137510879025
YAL038W,0,-54.76755943894386,-4847.03424821794,0.020712510356255178,0.8771929824561403,0.6858137510879025
YAR020C,0,-54.77104315161705,-5493.338931187987,0.020712510356255178,0.8771929824561403,0.6858137510879025
YNR030W,-1,-54.77232983708382,-5613.897741630673,0.020703933747412008,0.8771929824561403,0.6861038584276182
YMR037C,-1,-54.782301634550095,-5420.223101943731,0.020695364238410598,0.8771929824561403,0.6863939657673339
YPL040C,-1,-54.78404203057289,-6242.478250622749,0.02068680182043856,0.8771929824561403,0.6866840731070496
YLR409C,-1,-54.79243537783623,-9249.991939380765,0.0206782464846981,0.8771929824561403,0.6869741804467653
YER143W,-1,-54.8006694316864,-5322.605771571398,0.02066969822240595,0.8771929824561403,0.687264287786481
YOL154W,0,-54.8164441883564,-5260.885686263442,0.02066969822240595,0.8771929824561403,0.687264287786481
YNL009W,-1,-54.820035457611084,-5631.175550580025,0.02066115702479339,0.8771929824561403,0.6875543951261966
YOL155C,0,-54.82020130753517,-5858.297084510326,0.02066115702479339,0.8771929824561403,0.6875543951261966
YFR024C-A,-1,-54.82116878032684,-5299.195105925202,0.020652622883106153,0.8771929824561403,0.6878445024659123
YLR315W,-1,-54.83288335800171,-5308.455686017871,0.02064409578860446,0.8771929824561403,0.6881346098056281
YAL030W,-1,-54.83553475141525,-5044.58969797194,0.020635575732562937,0.8771929824561403,0.6884247171453438
YGR180C,-1,-54.83660155534744,-5631.480899244547,0.020627062706270627,0.8771929824561403,0.6887148244850595
YML034W,-1,-54.84073248505592,-5431.280463144183,0.020618556701030927,0.8771929824561403,0.6890049318247752
YFL056C,0,-54.85070985555649,-4860.525928884745,0.020618556701030927,0.8771929824561403,0.6890049318247752
YCL034W,-1,-54.85148811340332,-5037.554978176951,0.020610057708161583,0.8771929824561403,0.6892950391644909
YER119C,-1,-54.8720937371254,-5046.875723063946,0.020601565718994644,0.8771929824561403,0.6895851465042065
YLR176C,-1,-54.885645151138306,-5163.419130444527,0.02059308072487644,0.8771929824561403,0.6898752538439222
YMR306W,-1,-54.89184567332268,-5661.947482228279,0.02058460271716756,0.8771929824561403,0.6901653611836379
YIR024C,0,-54.91028809547424,-5969.640304386616,0.02058460271716756,0.8771929824561403,0.6901653611836379
YER052C,0,-54.91477298736572,-5355.082481145859,0.02058460271716756,0.8771929824561403,0.6901653611836379
YBR109C,-1,-54.92871552705765,-6340.371095135808,0.0205761316872428,0.8771929824561403,0.6904554685233536
YGR240C,0,-54.93493002653122,-4864.688767850399,0.0205761316872428,0.8771929824561403,0.6904554685233536
YIL128W,-1,-54.93640920519829,-7133.380240142345,0.020567667626491155,0.8771929824561403,0.6907455758630693
YKR014C,-1,-54.95436877012253,-4757.335795819759,0.02055921052631579,0.8771929824561403,0.6910356832027851
YKR044W,-1,-54.96343707293272,-6356.263858456165,0.02055076037813399,0.8771929824561403,0.6913257905425008
YMR119W,-1,-54.97241485118866,-4628.643867701292,0.020542317173377157,0.8771929824561403,0.6916158978822164
YDL216C,-1,-54.97906243801117,-5387.462611138821,0.02053388090349076,0.8771929824561403,0.6919060052219321
YPL164C,-1,-54.979784190654755,-5575.240072607994,0.020525451559934318,0.8771929824561403,0.6921961125616478
YML066C,-1,-55.00205945968628,-5553.671668380499,0.02051702913418137,0.8771929824561403,0.6924862199013635
YDR532C,0,-55.01662302017212,-5411.8026884794235,0.02051702913418137,0.8771929824561403,0.6924862199013635
YPL154C,0,-55.019033923745155,-4579.203266426921,0.02051702913418137,0.8771929824561403,0.6924862199013635
YKL032C,-1,-55.03465607762337,-6097.108402431011,0.020508613617719443,0.8771929824561403,0.6927763272410792
YGR136W,0,-55.04050526022911,-5152.9696471989155,0.020508613617719443,0.8771929824561403,0.6927763272410792
YMR186W,-1,-55.056347116827965,-5982.8757028877735,0.02050020500205002,0.8771929824561403,0.6930664345807949
YDR164C,-1,-55.061464071273804,-5957.481467276812,0.020491803278688523,0.8771929824561403,0.6933565419205105
YMR219W,0,-55.06763944029808,-4920.102183535695,0.020491803278688523,0.8771929824561403,0.6933565419205105
YNL116W,-1,-55.10843935608864,-6181.921634405851,0.020483408439164276,0.8771929824561403,0.6936466492602262
YLL056C,0,-55.11416155099869,-5128.115663021803,0.020483408439164276,0.8771929824561403,0.6936466492602262
YGR287C,0,-55.128164887428284,-5091.162432491779,0.020483408439164276,0.8771929824561403,0.6936466492602262
YJR035W,-1,-55.1354883313179,-5532.932609796524,0.020475020475020474,0.8771929824561403,0.693936756599942
YPR188C,-1,-55.14396668970585,-7664.391937881708,0.020466639377814164,0.8771929824561403,0.6942268639396577
YOR175C,-1,-55.1582173705101,-5984.091710284352,0.020458265139116204,0.8771929824561403,0.6945169712793734
YMR117C,-1,-55.164354383945465,-5617.6805601119995,0.02044989775051125,0.8771929824561403,0.6948070786190891
YML051W,0,-55.18510338664055,-5883.733899816871,0.02044989775051125,0.8771929824561403,0.6948070786190891
YAR027W,0,-55.192726105451584,-4462.511352702975,0.02044989775051125,0.8771929824561403,0.6948070786190891
YMR038C,-1,-55.200550734996796,-6306.018344432116,0.02044153720359771,0.8771929824561403,0.6950971859588048
YIL069C,-1,-55.20265185832977,-6346.172931354493,0.02043318348998774,0.8771929824561403,0.6953872932985204
YJL103C,-1,-55.233821511268616,-5284.477656021714,0.02042483660130719,0.8771929824561403,0.6956774006382361
YGL142C,-1,-55.247146904468536,-5417.62188321352,0.02041649652919559,0.8771929824561403,0.6959675079779518
YEL004W,-1,-55.28453415632248,-5424.148190513253,0.02040816326530612,0.8771929824561403,0.6962576153176675
YAL013W,-1,-55.30159378051758,-5697.486130461097,0.02039983680130559,0.8771929824561403,0.6965477226573832
YBL019W,-1,-55.3031185567379,-5523.412098377943,0.020391517128874388,0.8771929824561403,0.696837829997099
YDL188C,-1,-55.30320507287979,-5049.240252807736,0.020383204239706482,0.8771929824561403,0.6971279373368147
YLR001C,0,-55.314811408519745,-5174.905502051115,0.020383204239706482,0.8771929824561403,0.6971279373368147
YDL059C,-1,-55.32326924800873,-4934.8338068425655,0.020374898125509373,0.8771929824561403,0.6974180446765303
YHR188C,-1,-55.33000439405441,-5018.427876770496,0.020366598778004074,0.8771929824561403,0.697708152016246
YKL037W,0,-55.36106616258621,-5212.1325407624245,0.020366598778004074,0.8771929824561403,0.697708152016246
YMR039C,-1,-55.368533968925476,-5526.954277172685,0.02035830618892508,0.8771929824561403,0.6979982593559617
YER179W,-1,-55.37340074777603,-5118.086660772562,0.02035002035002035,0.8771929824561403,0.6982883666956774
YNR056C,-1,-55.37366208434105,-5269.235404491425,0.02034174125305126,0.8771929824561403,0.6985784740353931
YPL055C,-1,-55.39248339831829,-6173.848251581192,0.020333468889792598,0.8771929824561403,0.6988685813751088
YIL137C,0,-55.395264863967896,-5187.665546953678,0.020333468889792598,0.8771929824561403,0.6988685813751088
YBR107C,-1,-55.41136145591736,-5914.689821511507,0.02032520325203252,0.8771929824561403,0.6991586887148245
YFL041W,-1,-55.41839426755905,-5654.856876224279,0.02031694433157253,0.8771929824561403,0.6994487960545401
YBL011W,-1,-55.42103099822998,-6173.429002895951,0.020308692120227456,0.8771929824561403,0.6997389033942559
YPL021W,-1,-55.42290550470352,-5482.893695086241,0.020300446609825416,0.8771929824561403,0.7000290107339716
YJL210W,-1,-55.454766631126404,-5253.170118793845,0.020292207792207792,0.8771929824561403,0.7003191180736873
YDR254W,-1,-55.45920646190643,-5823.653202161193,0.02028397565922921,0.8771929824561403,0.700609225413403
YML120C,-1,-55.4681960940361,-4529.019555822015,0.0202757502027575,0.8771929824561403,0.7008993327531187
YDR518W,-1,-55.481837928295135,-5685.674049958587,0.020267531414673693,0.8771929824561403,0.7011894400928343
YOR285W,0,-55.49700054526329,-5652.632482022047,0.020267531414673693,0.8771929824561403,0.7011894400928343
YBR272C,-1,-55.52063649892807,-5025.944150209427,0.02025931928687196,0.8771929824561403,0.70147954743255
YJR075W,0,-55.53909911215305,-6679.904646515846,0.02025931928687196,0.8771929824561403,0.70147954743255
YPR167C,0,-55.553106278181076,-4574.013800740242,0.02025931928687196,0.8771929824561403,0.70147954743255
YDL119C,0,-55.55346578359604,-5014.462968796492,0.02025931928687196,0.8771929824561403,0.70147954743255
YPR201W,-1,-55.56905144453049,-5295.26330730319,0.02025111381125962,0.8771929824561403,0.7017696547722657
YPL262W,-1,-55.57680240273476,-5447.686642438173,0.020242914979757085,0.8771929824561403,0.7020597621119814
YBR040W,-1,-55.58968257904053,-5166.065370678902,0.020234722784297856,0.8771929824561403,0.7023498694516971
YPL120W,-1,-55.59528702497482,-5136.615638643503,0.020226537216828478,0.8771929824561403,0.7026399767914128
YDL234C,0,-55.59837180376053,-4744.841988131404,0.020226537216828478,0.8771929824561403,0.7026399767914128
YBL013W,-1,-55.61998975276947,-5274.649122238159,0.020218358269308533,0.8771929824561403,0.7029300841311286
YOR137C,0,-55.641393303871155,-5020.776830777526,0.020218358269308533,0.8771929824561403,0.7029300841311286
YER067W,0,-55.69355398416519,-4657.798824831843,0.020218358269308533,0.8771929824561403,0.7029300841311286
YMR272C,-1,-55.71729663014412,-5393.000073581934,0.02021018593371059,0.8771929824561403,0.7032201914708442
YBR161W,-1,-55.717546075582504,-5712.68821670115,0.020202020202020204,0.8771929824561403,0.7035102988105599
YKR065C,-1,-55.7259267270565,-6297.986773267388,0.020193861066235864,0.8771929824561403,0.7038004061502756
YDL170W,-1,-55.744493186473846,-5372.690809935331,0.020185708518368994,0.8771929824561403,0.7040905134899913
YFR008W,-1,-55.74587106704712,-5873.964388638735,0.020177562550443905,0.8771929824561403,0.704380620829707
YDL138W,-1,-55.75999462604523,-5306.593212276697,0.02016942315449778,0.8771929824561403,0.7046707281694227
YMR085W,0,-55.76130545139313,-5080.96464022994,0.02016942315449778,0.8771929824561403,0.7046707281694227
YDR501W,-1,-55.78149199485779,-5586.39708763361,0.020161290322580645,0.8771929824561403,0.7049608355091384
YJL101C,-1,-55.785542488098145,-4862.372777551413,0.02015316404675534,0.8771929824561403,0.705250942848854
YLR136C,-1,-55.805409491062164,-5344.747854679823,0.020145044319097503,0.8771929824561403,0.7055410501885697
YOR255W,-1,-55.83212608098984,-5459.4723219275475,0.02013693113169553,0.8771929824561403,0.7058311575282855
YMR031C,0,-55.836230635643005,-4937.192173153162,0.02013693113169553,0.8771929824561403,0.7058311575282855
YJR050W,-1,-55.841254115104675,-5996.62652246654,0.020128824476650563,0.8771929824561403,0.7061212648680012
YOL096C,0,-55.85071590542793,-4924.864730849862,0.020128824476650563,0.8771929824561403,0.7061212648680012
YKR076W,0,-55.86656880378723,-4678.504059523344,0.020128824476650563,0.8771929824561403,0.7061212648680012
YHR057C,-1,-55.86933255195618,-5580.201980695128,0.02012072434607646,0.8771929824561403,0.7064113722077169
YBR221C,0,-55.877133935689926,-5905.267080411315,0.02012072434607646,0.8771929824561403,0.7064113722077169
YMR268C,-1,-55.88019950687885,-7179.418456345797,0.02011263073209976,0.8771929824561403,0.7067014795474326
YJR131W,-1,-55.891937643289566,-5869.879425883293,0.02010454362685967,0.8771929824561403,0.7069915868871482
YOL119C,0,-55.89344587922096,-4415.073438435793,0.02010454362685967,0.8771929824561403,0.7069915868871482
YOR270C,-1,-55.90089029073715,-5405.974187806249,0.02009646302250804,0.8771929824561403,0.7072816942268639
YMR298W,-1,-55.90715527534485,-5159.999668329954,0.020088388911209322,0.8771929824561403,0.7075718015665796
YJL093C,-1,-55.91557505726814,-5515.424218669534,0.020080321285140562,0.8771929824561403,0.7078619089062953
YBL066C,0,-55.93471872806549,-5271.16276936233,0.020080321285140562,0.8771929824561403,0.7078619089062953
YLR436C,0,-55.95236173272133,-5429.389371007681,0.020080321285140562,0.8771929824561403,0.7078619089062953
YOR060C,-1,-55.96164906024933,-5355.204981714487,0.02007226013649137,0.8771929824561403,0.708152016246011
YCL035C,-1,-55.9822111427784,-4872.992634892464,0.020064205457463884,0.8771929824561403,0.7084421235857267
YGL099W,-1,-55.983284160494804,-7522.325638383627,0.020056157240272765,0.8771929824561403,0.7087322309254425
YHR014W,-1,-56.00763338804245,-5765.600643903017,0.020048115477145148,0.8771929824561403,0.7090223382651581
YGL104C,0,-56.012467324733734,-5128.792197290808,0.020048115477145148,0.8771929824561403,0.7090223382651581
YKL148C,-1,-56.044052451848984,-4606.884408518672,0.02004008016032064,0.8771929824561403,0.7093124456048738
YHR001W-A,-1,-56.05551081895828,-4975.22361586988,0.020032051282051284,0.8771929824561403,0.7096025529445895
YOR371C,-1,-56.06781017780304,-5906.281098455191,0.020024028834601523,0.8771929824561403,0.7098926602843052
YHR124W,0,-56.08950811624527,-6029.530285403132,0.020024028834601523,0.8771929824561403,0.7098926602843052
YFR044C,0,-56.104993999004364,-5683.704890400171,0.020024028834601523,0.8771929824561403,0.7098926602843052
YHR082C,-1,-56.109522104263306,-4578.788881838322,0.020016012810248198,0.8771929824561403,0.7101827676240209
YBR240C,-1,-56.11369609832764,-5223.451916411519,0.020008003201280513,0.8771929824561403,0.7104728749637366
YDR055W,0,-56.12733316421509,-4936.448550879955,0.020008003201280513,0.8771929824561403,0.7104728749637366
YIL005W,-1,-56.137361496686935,-5777.764941632748,0.02,0.8771929824561403,0.7107629823034523
YNL242W,-1,-56.14995634555817,-5344.074355751276,0.019992003198720514,0.8771929824561403,0.7110530896431679
YGR031W,0,-56.160251542925835,-6226.04843557626,0.019992003198720514,0.8771929824561403,0.7110530896431679
YAL008W,0,-56.18020761013031,-4971.878546826541,0.019992003198720514,0.8771929824561403,0.7110530896431679
YCL020W,-1,-56.19369950890541,-5985.203989446163,0.019984012789768184,0.8771929824561403,0.7113431969828836
YGR048W,-1,-56.2007759809494,-6198.524765476584,0.01997602876548142,0.8771929824561403,0.7116333043225994
YMR160W,0,-56.20375943183899,-5015.764080256224,0.01997602876548142,0.8771929824561403,0.7116333043225994
YOR317W,-1,-56.2038876414299,-4999.171184822917,0.019968051118210862,0.8771929824561403,0.7119234116623151
YHR101C,0,-56.207512736320496,-6027.984564989805,0.019968051118210862,0.8771929824561403,0.7119234116623151
YBR068C,-1,-56.236568331718445,-5683.153013303876,0.01996007984031936,0.8771929824561403,0.7122135190020308
YKR091W,0,-56.243112832307816,-5251.952713906765,0.01996007984031936,0.8771929824561403,0.7122135190020308
YLR064W,0,-56.24506092071533,-5201.066791862249,0.01996007984031936,0.8771929824561403,0.7122135190020308
YPL038W,-1,-56.263257667422295,-6895.788476139307,0.019952114924181964,0.8771929824561403,0.7125036263417465
YDR435C,0,-56.277310371398926,-5221.642972931266,0.019952114924181964,0.8771929824561403,0.7125036263417465
YLR388W,0,-56.296409979462624,-6362.060943424702,0.019952114924181964,0.8771929824561403,0.7125036263417465
YDL182W,0,-56.308888494968414,-5548.358934342861,0.019952114924181964,0.8771929824561403,0.7125036263417465
YBL058W,-1,-56.32399341464043,-6168.999631494284,0.01994415636218588,0.8771929824561403,0.7127937336814621
YOR231W,-1,-56.337635926902294,-6022.69286493957,0.019936204146730464,0.8771929824561403,0.7130838410211778
YBR033W,0,-56.351030707359314,-6006.934295266867,0.019936204146730464,0.8771929824561403,0.7130838410211778
YDL014W,-1,-56.36056390404701,-8454.293367251754,0.01992825827022718,0.8771929824561403,0.7133739483608935
YNL196C,0,-56.36542195081711,-5350.7696750462055,0.01992825827022718,0.8771929824561403,0.7133739483608935
YMR101C,-1,-56.374467462301254,-5336.017889738083,0.0199203187250996,0.8771929824561403,0.7136640557006092
YPR081C,-1,-56.39089933037758,-5037.411275625229,0.019912385503783353,0.8771929824561403,0.7139541630403249
YOL069W,-1,-56.400669395923615,-5389.125080913305,0.019904458598726114,0.8771929824561403,0.7142442703800406
YNL077W,-1,-56.4418336302042,-5266.979053676128,0.019896538002387585,0.8771929824561403,0.7145343777197564
YNL003C,-1,-56.45200127363205,-5382.1269993186,0.01988862370723946,0.8771929824561403,0.714824485059472
YBL014C,-1,-56.481091022491455,-8503.741275981069,0.019880715705765408,0.8771929824561403,0.7151145923991877
YGR028W,-1,-56.488091200590134,-4704.6256679445505,0.01987281399046105,0.8771929824561403,0.7154046997389034
YER002W,-1,-56.4945068359375,-7564.94522832334,0.01986491855383393,0.8771929824561403,0.7156948070786191
YPR165W,-1,-56.49459517002106,-5883.678067088127,0.019857029388403495,0.8771929824561403,0.7159849144183348
YHL040C,-1,-56.49511754512787,-5608.055863946676,0.019849146486701073,0.8771929824561403,0.7162750217580505
YOR014W,-1,-56.50109043717384,-4968.8178239911795,0.01984126984126984,0.8771929824561403,0.7165651290977662
YMR244C-A,0,-56.5011927485466,-5164.8431976139545,0.01984126984126984,0.8771929824561403,0.7165651290977662
YPL049C,-1,-56.51034143567085,-5844.739205762744,0.019833399444664817,0.8771929824561403,0.7168552364374818
YNR026C,-1,-56.5209144204855,-6585.842535048723,0.019825535289452814,0.8771929824561403,0.7171453437771975
YBR216C,-1,-56.535712361335754,-6093.3440732210875,0.019817677368212445,0.8771929824561403,0.7174354511169132
YDR436W,-1,-56.552718818187714,-4974.785886719823,0.019809825673534072,0.8771929824561403,0.717725558456629
YOL156W,-1,-56.56193721294403,-5446.160657078028,0.019801980198019802,0.8771929824561403,0.7180156657963447
YGR070W,-1,-56.565912902355194,-5261.168709933758,0.01979414093428345,0.8771929824561403,0.7183057731360604
YKR061W,-1,-56.57698154449463,-5619.903107315302,0.019786307874950535,0.8771929824561403,0.718595880475776
YKL194C,-1,-56.58471792936325,-5390.810694858432,0.01977848101265823,0.8771929824561403,0.7188859878154917
YDL128W,-1,-56.61343887448311,-5730.691005691886,0.019770660340055358,0.8771929824561403,0.7191760951552074
YBR035C,-1,-56.62201543152332,-4661.818000689149,0.019762845849802372,0.8771929824561403,0.7194662024949231
YBL080C,-1,-56.637964367866516,-5688.842558383942,0.019755037534571317,0.8771929824561403,0.7197563098346388
YDR494W,-1,-56.64258681982756,-7030.410232573748,0.019747235387045814,0.8771929824561403,0.7200464171743545
YGR245C,-1,-56.668379440903664,-7784.294178813696,0.01973943939992104,0.8771929824561403,0.7203365245140702
YCR105W,0,-56.66971564292908,-5771.620833158493,0.01973943939992104,0.8771929824561403,0.7203365245140702
YKL171W,-1,-56.70450288057327,-5181.478057861328,0.01973164956590371,0.8771929824561403,0.720626631853786
YDR318W,-1,-56.723996341228485,-6546.995040118694,0.01972386587771203,0.8771929824561403,0.7209167391935016
YNL037C,-1,-56.725759103894234,-5644.443872019649,0.01971608832807571,0.8771929824561403,0.7212068465332173
YGR046W,-1,-56.74028414487839,-6221.235183060169,0.019708316909735908,0.8771929824561403,0.721496953872933
YNL219C,-1,-56.78017956018448,-6005.047250211239,0.019700551615445233,0.8771929824561403,0.7217870612126487
YNL142W,-1,-56.804557144641876,-5826.397422417998,0.019692792437967704,0.8771929824561403,0.7220771685523644
YMR091C,-1,-56.81672574579716,-8599.523141369224,0.01968503937007874,0.8771929824561403,0.72236727589208
YJL123C,0,-56.851065933704376,-5955.055144414306,0.01968503937007874,0.8771929824561403,0.72236727589208
YHL002W,0,-56.86059921979904,-6058.978457167745,0.01968503937007874,0.8771929824561403,0.72236727589208
YDR512C,-1,-56.86708879470825,-5432.566965430975,0.01967729240456513,0.8771929824561403,0.7226573832317957
YKR055W,-1,-56.90716454386711,-6284.0035377293825,0.01966955153422502,0.8771929824561403,0.7229474905715114
YHL042W,0,-56.91346859931946,-5201.13147354126,0.01966955153422502,0.8771929824561403,0.7229474905715114
YGR143W,-1,-56.93273377418518,-5141.796439230442,0.019661816751867872,0.8771929824561403,0.7232375979112271
YMR088C,-1,-56.95973387360573,-5974.340182512999,0.019654088050314465,0.8771929824561403,0.7235277052509429
YGL197W,0,-56.96130105853081,-5291.128852561116,0.019654088050314465,0.8771929824561403,0.7235277052509429
YEL038W,0,-56.96693301200867,-5707.053008407354,0.019654088050314465,0.8771929824561403,0.7235277052509429
YBL079W,-1,-56.98288722336292,-8166.078879147768,0.019646365422396856,0.8771929824561403,0.7238178125906586
YLR035C-A,-1,-57.00684967637062,-6051.273466080427,0.019638648860958365,0.8771929824561403,0.7241079199303743
YLR118C,-1,-57.00850373506546,-5616.367564290762,0.01963093835885355,0.8771929824561403,0.72439802727009
YER182W,0,-57.029249757528305,-5289.660103395581,0.01963093835885355,0.8771929824561403,0.72439802727009
YDR441C,-1,-57.04149106144905,-6384.126142762601,0.019623233908948195,0.8771929824561403,0.7246881346098056
YDR479C,-1,-57.04227691888809,-4944.703437969089,0.019615535504119264,0.8771929824561403,0.7249782419495213
YJL052W,0,-57.04285238683224,-4211.9202927052975,0.019615535504119264,0.8771929824561403,0.7249782419495213
YBR085W,-1,-57.05123245716095,-5506.717874839902,0.0196078431372549,0.8771929824561403,0.725268349289237
YBR050C,-1,-57.063149720430374,-5754.8984824717045,0.01960015680125441,0.8771929824561403,0.7255584566289527
YDL247W,-1,-57.0744706094265,-6007.412391245365,0.019592476489028215,0.8771929824561403,0.7258485639686684
YNL311C,-1,-57.1066627651453,-6697.58393253386,0.019584802193497845,0.8771929824561403,0.726138671308384
YDR477W,-1,-57.11582171916962,-5546.790982604027,0.01957713390759593,0.8771929824561403,0.7264287786480998
YLR200W,-1,-57.12067669630051,-8668.285415649414,0.019569471624266144,0.8771929824561403,0.7267188859878155
YLL057C,0,-57.12962830066681,-5970.95375752449,0.019569471624266144,0.8771929824561403,0.7267188859878155
YMR156C,-1,-57.14551758766174,-6403.691641062498,0.019561815336463225,0.8771929824561403,0.7270089933275312
YLR298C,-1,-57.15932846069336,-6832.401732295752,0.019554165037152915,0.8771929824561403,0.7272991006672469
YPL149W,0,-57.1618087887764,-6347.300282806158,0.019554165037152915,0.8771929824561403,0.7272991006672469
YML091C,-1,-57.196464121341705,-6361.844400033355,0.019546520719311962,0.8771929824561403,0.7275892080069626
YNR006W,0,-57.21628159284592,-5443.516018688679,0.019546520719311962,0.8771929824561403,0.7275892080069626
YJL185C,0,-57.225923001766205,-5228.046563863754,0.019546520719311962,0.8771929824561403,0.7275892080069626
YBR291C,-1,-57.24012267589569,-8777.345861569047,0.019538882375928098,0.8771929824561403,0.7278793153466783
YDR320C,0,-57.25948292016983,-6288.385138392448,0.019538882375928098,0.8771929824561403,0.7278793153466783
YGL033W,-1,-57.26670664548874,-5188.575655519962,0.01953125,0.8771929824561403,0.728169422686394
YHR162W,0,-57.266738533973694,-5500.217272400856,0.01953125,0.8771929824561403,0.728169422686394
YJL042W,-1,-57.33526894450188,-5187.892464697361,0.01952362358453729,0.8771929824561403,0.7284595300261096
YBR173C,-1,-57.33909225463867,-6537.2400773614645,0.0195160031225605,0.8771929824561403,0.7287496373658253
YML081C-A,-1,-57.35216796398163,-6052.941468566656,0.019508388607101055,0.8771929824561403,0.729039744705541
YOL130W,-1,-57.376439586281776,-6134.1313513964415,0.01950078003120125,0.8771929824561403,0.7293298520452568
YDR127W,0,-57.37853407859802,-5574.820788949728,0.01950078003120125,0.8771929824561403,0.7293298520452568
YCR012W,0,-57.39221605658531,-5388.688102975488,0.01950078003120125,0.8771929824561403,0.7293298520452568
YMR029C,-1,-57.42616328597069,-5843.628945156932,0.01949317738791423,0.8771929824561403,0.7296199593849725
YMR313C,-1,-57.431876957416534,-5729.0567609369755,0.019485580670303974,0.8771929824561403,0.7299100667246882
YKL004W,-1,-57.45306330919266,-8456.207100465894,0.019477989871445268,0.8771929824561403,0.7302001740644039
YPL189W,-1,-57.49746370315552,-5624.239168554544,0.019470404984423675,0.8771929824561403,0.7304902814041195
YBR290W,-1,-57.49793750047684,-6182.908576712012,0.01946282600233554,0.8771929824561403,0.7307803887438352
YMR071C,0,-57.516029983758926,-5584.280690312386,0.01946282600233554,0.8771929824561403,0.7307803887438352
YFL018C,0,-57.524608582258224,-5987.45770893991,0.01946282600233554,0.8771929824561403,0.7307803887438352
YNL224C,-1,-57.55048629641533,-5893.391225770116,0.019455252918287938,0.8771929824561403,0.7310704960835509
YGR063C,-1,-57.55533289909363,-7705.488462552428,0.019447685725398678,0.8771929824561403,0.7313606034232666
YDR448W,-1,-57.57197093963623,-5443.792279064655,0.019440124416796267,0.8771929824561403,0.7316507107629823
YOR059C,-1,-57.5887787938118,-5096.189556598663,0.0194325689856199,0.8771929824561403,0.731940818102698
YLR248W,-1,-57.59542393684387,-5127.9254155009985,0.019425019425019424,0.8771929824561403,0.7322309254424136
YNL335W,0,-57.6383062005043,-5956.648576810956,0.019425019425019424,0.8771929824561403,0.7322309254424136
YLR095C,-1,-57.638956129550934,-5845.598229527473,0.019417475728155338,0.8771929824561403,0.7325210327821294
YLR234W,-1,-57.639415353536606,-5743.598777100444,0.019409937888198756,0.8771929824561403,0.7328111401218451
YOR250C,-1,-57.672258615493774,-5607.861655905843,0.019402405898331393,0.8771929824561403,0.7331012474615608
YEL005C,0,-57.67529374361038,-5237.16908891499,0.019402405898331393,0.8771929824561403,0.7331012474615608
YGL211W,-1,-57.7506570070982,-7104.4646517038345,0.019394879751745538,0.8771929824561403,0.7333913548012765
YLR204W,-1,-57.776704877614975,-6480.938469469547,0.019387359441644048,0.8771929824561403,0.7336814621409922
YHR107C,-1,-57.811131685972214,-7832.683103103191,0.01937984496124031,0.8771929824561403,0.7339715694807079
YJR137C,0,-57.81173849105835,-5179.587558910251,0.01937984496124031,0.8771929824561403,0.7339715694807079
YFR028C,-1,-57.852972492575645,-9580.60426928103,0.019372336303758234,0.8771929824561403,0.7342616768204235
YGR100W,0,-57.89658683538437,-5898.284877717495,0.019372336303758234,0.8771929824561403,0.7342616768204235
YDL126C,-1,-57.89951014518738,-5480.352065056562,0.019364833462432222,0.8771929824561403,0.7345517841601392
YLR241W,0,-57.940854609012604,-5177.968277066946,0.019364833462432222,0.8771929824561403,0.7345517841601392
YER050C,-1,-57.95008730888367,-6772.560105040669,0.019357336430507164,0.8771929824561403,0.7348418914998549
YBR293W,-1,-57.96205046772957,-5992.240724861622,0.01934984520123839,0.8771929824561403,0.7351319988395706
YPL031C,-1,-57.96767419576645,-5410.786972671747,0.019342359767891684,0.8771929824561403,0.7354221061792864
YCR106W,0,-57.969689786434174,-5776.777972251177,0.019342359767891684,0.8771929824561403,0.7354221061792864
YMR148W,0,-57.99285835027695,-5150.30074942112,0.019342359767891684,0.8771929824561403,0.7354221061792864
YFL044C,-1,-57.99794751405716,-5632.078052580357,0.019334880123743233,0.8771929824561403,0.7357122135190021
YDR330W,-1,-57.99826776981354,-5527.969968155026,0.019327406262079627,0.8771929824561403,0.7360023208587178
YBR077C,0,-58.00536221265793,-6150.18214070797,0.019327406262079627,0.8771929824561403,0.7360023208587178
YHR194W,-1,-58.01206982135773,-5189.576433300972,0.019319938176197836,0.8771929824561403,0.7362924281984334
YPL110C,-1,-58.04956388473511,-6216.123160481453,0.019312475859405175,0.8771929824561403,0.7365825355381491
YPL002C,-1,-58.06898829340935,-5765.695158869028,0.019305019305019305,0.8771929824561403,0.7368726428778648
YMR155W,0,-58.07715465128422,-6163.981879845262,0.019305019305019305,0.8771929824561403,0.7368726428778648
YGL250W,-1,-58.09491667151451,-5128.564393699169,0.0192975685063682,0.8771929824561403,0.7371627502175805
YHR036W,0,-58.10767316818237,-7681.865429595113,0.0192975685063682,0.8771929824561403,0.7371627502175805
YHR079C-A,-1,-58.20284014940262,-5542.806021660566,0.019290123456790122,0.8771929824561403,0.7374528575572962
YDL045C,0,-58.246133863925934,-5695.060246273875,0.019290123456790122,0.8771929824561403,0.7374528575572962
YDR009W,0,-58.25885018706322,-6247.846454247832,0.019290123456790122,0.8771929824561403,0.7374528575572962
YAL048C,-1,-58.276048719882965,-5710.164772167802,0.01928268414963363,0.8771929824561403,0.7377429648970119
YJL144W,-1,-58.31124585866928,-5204.964631050825,0.01927525057825752,0.8771929824561403,0.7380330722367275
YLL041C,-1,-58.31527492403984,-5242.1902086138725,0.019267822736030827,0.8771929824561403,0.7383231795764433
YER041W,-1,-58.32270938158035,-5318.394204258919,0.01926040061633282,0.8771929824561403,0.738613286916159
YKR025W,1,-58.332961082458496,-7992.063990622759,0.019638043896804003,0.8947368421052632,0.738613286916159
YLR431C,-1,-58.36101984977722,-5707.284239113331,0.019630484988452657,0.8947368421052632,0.7389033942558747
YOR124C,-1,-58.3721689581871,-5668.023624971509,0.019622931896883418,0.8947368421052632,0.7391935015955904
YBR287W,0,-58.38084429502487,-5183.984748035669,0.019622931896883418,0.8947368421052632,0.7391935015955904
YER142C,-1,-58.40245169401169,-5426.761515140533,0.019615384615384614,0.8947368421052632,0.7394836089353061
YGR288W,0,-58.45937183499336,-5010.2494146972895,0.019615384615384614,0.8947368421052632,0.7394836089353061
YIL065C,-1,-58.500925958156586,-6006.236750662327,0.0196078431372549,0.8947368421052632,0.7397737162750218
YGR174C,-1,-58.51964491605759,-6150.088640227914,0.01960030745580323,0.8947368421052632,0.7400638236147374
YLR192C,-1,-58.52080664038658,-7466.179354533553,0.019592777564348827,0.8947368421052632,0.7403539309544531
YER089C,-1,-58.5251185297966,-5645.771382704377,0.019585253456221197,0.8947368421052632,0.7406440382941688
YGL038C,-1,-58.52925726771355,-5295.033526599407,0.019577735124760076,0.8947368421052632,0.7409341456338845
YJR123W,0,-58.556202948093414,-6903.356834128499,0.019577735124760076,0.8947368421052632,0.7409341456338845
YDL137W,0,-58.56568029522896,-6220.7505024671555,0.019577735124760076,0.8947368421052632,0.7409341456338845
YDR359C,-1,-58.57134652137756,-6108.8010266423225,0.019570222563315427,0.8947368421052632,0.7412242529736003
YJR126C,0,-58.57598841190338,-5495.076973110437,0.019570222563315427,0.8947368421052632,0.7412242529736003
YOR162C,-1,-58.58069172501564,-5950.353189498186,0.019562715765247412,0.8947368421052632,0.741514360313316
YPL173W,-1,-58.58582854270935,-6215.277158379555,0.019555214723926382,0.8947368421052632,0.7418044676530317
YIR037W,-1,-58.59573057293892,-4837.926332309842,0.019547719432732848,0.8947368421052632,0.7420945749927473
YHR132W-A,0,-58.59997799992561,-6253.185550399125,0.019547719432732848,0.8947368421052632,0.7420945749927473
YCR024C,-1,-58.6393358707428,-6027.572244077921,0.01954022988505747,0.8947368421052632,0.742384682332463
YOR036W,0,-58.640784204006195,-5151.65567471087,0.01954022988505747,0.8947368421052632,0.742384682332463
YKL208W,-1,-58.64240080118179,-5905.938344299793,0.019532746074301034,0.8947368421052632,0.7426747896721787
YJR021C,-1,-58.66892275214195,-5249.398287504911,0.019525267993874426,0.8947368421052632,0.7429648970118944
YPR095C,-1,-58.703658163547516,-5433.100747793913,0.01951779563719862,0.8947368421052632,0.7432550043516101
YCL008C,-1,-58.71686798334122,-5784.067038759589,0.019510328997704666,0.8947368421052632,0.7435451116913258
YDR022C,-1,-58.7645477950573,-5392.690716326237,0.019502868068833654,0.8947368421052632,0.7438352190310414
YER039C,-1,-58.76673495769501,-5578.358682259917,0.0194954128440367,0.8947368421052632,0.7441253263707572
YGL006W,-1,-58.77476578950882,-4850.911336734891,0.019487963316774933,0.8947368421052632,0.7444154337104729
YKL157W,0,-58.777183055877686,-5039.261531710625,0.019487963316774933,0.8947368421052632,0.7444154337104729
YKL166C,-1,-58.78114232420921,-9311.992252409458,0.01948051948051948,0.8947368421052632,0.7447055410501886
YOL065C,-1,-58.830307990312576,-5146.50831143558,0.019473081328751432,0.8947368421052632,0.7449956483899043
YLR023C,-1,-58.83564215898514,-5806.058064058423,0.019465648854961833,0.8947368421052632,0.74528575572962
YDL230W,-1,-58.839723855257034,-6266.019111320376,0.019458222052651658,0.8947368421052632,0.7455758630693357
YLR109W,-1,-58.85151481628418,-5373.813248664141,0.019450800915331808,0.8947368421052632,0.7458659704090513
YLR240W,-1,-58.851913928985596,-5274.232956275344,0.019443385436523065,0.8947368421052632,0.746156077748767
YOR161C,0,-58.8617542386055,-5329.550955355167,0.019443385436523065,0.8947368421052632,0.746156077748767
YOR003W,0,-58.872530698776245,-5898.017871797085,0.019443385436523065,0.8947368421052632,0.746156077748767
YNL005C,-1,-58.89740100502968,-7148.932657852769,0.019435975609756097,0.8947368421052632,0.7464461850884827
YJL047C,-1,-58.942714512348175,-6179.091616883874,0.019428571428571427,0.8947368421052632,0.7467362924281984
YPR156C,-1,-58.950943529605865,-4799.894022941589,0.01942117288651942,0.8947368421052632,0.7470263997679141
YOR351C,-1,-58.98197364807129,-5282.037509351969,0.019413779977160258,0.8947368421052632,0.7473165071076299
YJL036W,-1,-58.98527505993843,-5301.660875469446,0.019406392694063926,0.8947368421052632,0.7476066144473456
YDR105C,0,-59.00594088435173,-5376.69729706645,0.019406392694063926,0.8947368421052632,0.7476066144473456
YOR244W,-1,-59.03388127684593,-7266.980726733804,0.019399011030810195,0.8947368421052632,0.7478967217870612
YER017C,-1,-59.04060220718384,-5684.193261489272,0.019391634980988594,0.8947368421052632,0.7481868291267769
YHR105W,0,-59.0571890771389,-6064.614041090012,0.019391634980988594,0.8947368421052632,0.7481868291267769
YDR452W,0,-59.059293419122696,-5238.338435560465,0.019391634980988594,0.8947368421052632,0.7481868291267769
YKL095W,-1,-59.06271803379059,-5949.506472438574,0.019384264538198404,0.8947368421052632,0.7484769364664926
YDR533C,0,-59.06605480611324,-4647.70206426084,0.019384264538198404,0.8947368421052632,0.7484769364664926
YDR172W,-1,-59.07719029486179,-7511.8837499171495,0.01937689969604863,0.8947368421052632,0.7487670438062083
YCL004W,-1,-59.080097913742065,-5627.4133656919,0.019369540448157994,0.8947368421052632,0.749057151145924
YHR118C,-1,-59.10114647448063,-7141.935059055686,0.0193621867881549,0.8947368421052632,0.7493472584856397
YKL059C,-1,-59.11747628450394,-6000.529175013304,0.01935483870967742,0.8947368421052632,0.7496373658253553
YCL067C,-1,-59.11764094233513,-5584.88862554729,0.019347496206373292,0.8947368421052632,0.749927473165071
YML129C,-1,-59.15574952960014,-5828.133279085159,0.019340159271899887,0.8947368421052632,0.7502175805047868
YFL062W,0,-59.19783008098602,-5728.349192976952,0.019340159271899887,0.8947368421052632,0.7502175805047868
YOR071C,-1,-59.19945299625397,-4875.01880967617,0.019332827899924184,0.8947368421052632,0.7505076878445025
YPR093C,0,-59.207459062337875,-5367.014961868525,0.019332827899924184,0.8947368421052632,0.7505076878445025
YIL049W,-1,-59.2418487817049,-6705.101222161204,0.019325502084122773,0.8947368421052632,0.7507977951842182
YAL033W,-1,-59.277413949370384,-8635.571612164378,0.019318181818181818,0.8947368421052632,0.7510879025239339
YDR342C,-1,-59.28947249054909,-5433.857481583953,0.019310867095797046,0.8947368421052632,0.7513780098636496
YDL087C,-1,-59.292159259319305,-6129.273423224688,0.019303557910673733,0.8947368421052632,0.7516681172033652
YPL065W,-1,-59.29379057884216,-6241.668547511101,0.019296254256526674,0.8947368421052632,0.7519582245430809
YBR062C,0,-59.30352473258972,-6090.443041861057,0.019296254256526674,0.8947368421052632,0.7519582245430809
YMR318C,0,-59.31435590982437,-6026.969342663884,0.019296254256526674,0.8947368421052632,0.7519582245430809
YMR308C,0,-59.31982301175594,-8758.945080339909,0.019296254256526674,0.8947368421052632,0.7519582245430809
YDR481C,-1,-59.32332241535187,-6348.363852411509,0.019288956127080183,0.8947368421052632,0.7522483318827966
YJR004C,-1,-59.32734653353691,-5551.931173935533,0.019281663516068054,0.8947368421052632,0.7525384392225123
YOL129W,-1,-59.327614307403564,-5227.020088195801,0.01927437641723356,0.8947368421052632,0.752828546562228
YDL029W,-1,-59.32859146595001,-5242.518976077437,0.01926709482432943,0.8947368421052632,0.7531186539019438
YMR081C,-1,-59.33087430894375,-5316.86820282042,0.019259818731117824,0.8947368421052632,0.7534087612416595
YAL018C,0,-59.359114691615105,-6079.872959539294,0.019259818731117824,0.8947368421052632,0.7534087612416595
YML013W,-1,-59.36845442652702,-5451.568959340453,0.01925254813137033,0.8947368421052632,0.7536988685813751
YJL054W,-1,-59.38871715217829,-6999.713598757982,0.019245283018867923,0.8947368421052632,0.7539889759210908
YBL056W,-1,-59.39231580495834,-5228.905206128955,0.01923802338740098,0.8947368421052632,0.7542790832608065
YBL099W,-1,-59.40181744098663,-5624.567274495959,0.019230769230769232,0.8947368421052632,0.7545691906005222
YLR295C,-1,-59.41335919499397,-6494.352576076984,0.019223520542781758,0.8947368421052632,0.7548592979402379
YFL046W,0,-59.419027253985405,-6831.067811772227,0.019223520542781758,0.8947368421052632,0.7548592979402379
YPR198W,0,-59.43891468644142,-5693.653915926814,0.019223520542781758,0.8947368421052632,0.7548592979402379
YAL051W,-1,-59.45757654309273,-6262.976191967726,0.01921627731725697,0.8947368421052632,0.7551494052799536
YJL094C,-1,-59.46765670180321,-6386.7000088989735,0.0192090395480226,0.8947368421052632,0.7554395126196692
YOR386W,-1,-59.485813185572624,-5211.3706448972225,0.019201807228915662,0.8947368421052632,0.7557296199593849
YJR078W,0,-59.499487817287445,-5388.958155244589,0.019201807228915662,0.8947368421052632,0.7557296199593849
YOR083W,-1,-59.504443883895874,-6208.747819125652,0.01919458035378246,0.8947368421052632,0.7560197272991007
YPL059W,-1,-59.508681535720825,-5507.479550942779,0.019187358916478554,0.8947368421052632,0.7563098346388164
YMR096W,0,-59.515515983104706,-4457.963157176971,0.019187358916478554,0.8947368421052632,0.7563098346388164
YDR085C,-1,-59.51792711019516,-5689.019879326224,0.01918014291086875,0.8947368421052632,0.7565999419785321
YMR163C,-1,-59.543733060359955,-5681.059895604849,0.019172932330827067,0.8947368421052632,0.7568900493182478
YPL094C,0,-59.55285465717316,-8355.906673282385,0.019172932330827067,0.8947368421052632,0.7568900493182478
YLR223C,1,-59.56201355159283,-8752.80536429584,0.01954152574220218,0.9122807017543859,0.7568900493182478
YIR003W,0,-59.57495605945587,-5247.866812080145,0.01954152574220218,0.9122807017543859,0.7568900493182478
YGL140C,0,-59.6413571536541,-6334.502008125186,0.01954152574220218,0.9122807017543859,0.7568900493182478
YPL159C,-1,-59.65809619426727,-5761.3608698397875,0.019534184823441023,0.9122807017543859,0.7571801566579635
YHL028W,-1,-59.66071084141731,-5118.331591948867,0.01952684941794968,0.9122807017543859,0.7574702639976791
YOL016C,-1,-59.678952008485794,-5203.000795200467,0.01951951951951952,0.9122807017543859,0.7577603713373948
YNR010W,-1,-59.68601840734482,-6033.999538332224,0.01951219512195122,0.9122807017543859,0.7580504786771105
YDL184C,0,-59.69597966223955,-8270.17922823131,0.01951219512195122,0.9122807017543859,0.7580504786771105
YKL028W,-1,-59.69775164499879,-8019.544948358089,0.019504876219054765,0.9122807017543859,0.7583405860168262
YLR151C,0,-59.71690034866333,-6085.551674485207,0.019504876219054765,0.9122807017543859,0.7583405860168262
YKR052C,-1,-59.71703523397446,-6103.9899444282055,0.01949756280464942,0.9122807017543859,0.7586306933565419
YDR011W,-1,-59.726199954748154,-6502.7797580212355,0.019490254872563718,0.9122807017543859,0.7589208006962577
YLR163C,-1,-59.75537997484207,-6305.209028273821,0.019482952416635443,0.9122807017543859,0.7592109080359734
YDR284C,-1,-59.80876421928406,-5542.326132953167,0.01947565543071161,0.9122807017543859,0.759501015375689
YLR119W,-1,-59.82114416360855,-5846.494975462556,0.019468363908648447,0.9122807017543859,0.7597911227154047
YEL059C-A,0,-59.83409434556961,-5811.842674031854,0.019468363908648447,0.9122807017543859,0.7597911227154047
YJL062W,-1,-59.843702495098114,-5840.96290114522,0.019461077844311378,0.9122807017543859,0.7600812300551204
YGL091C,0,-59.8501755297184,-6484.437735676765,0.019461077844311378,0.9122807017543859,0.7600812300551204
YHR119W,-1,-59.85561645030975,-8307.349123768508,0.01945379723157501,0.9122807017543859,0.7603713373948361
YHR198C,0,-59.857136219739914,-5418.930423349142,0.01945379723157501,0.9122807017543859,0.7603713373948361
YNL264C,-1,-59.882307171821594,-5505.424229115248,0.01944652206432311,0.9122807017543859,0.7606614447345518
YAR019C,-1,-59.884490847587585,-5863.214810162783,0.0194392523364486,0.9122807017543859,0.7609515520742675
YBR208C,0,-59.88953220844269,-6102.492477148771,0.0194392523364486,0.9122807017543859,0.7609515520742675
YJR106W,0,-59.905036598443985,-5142.242905631661,0.0194392523364486,0.9122807017543859,0.7609515520742675
YOR070C,0,-59.92749944329262,-6121.652273878455,0.0194392523364486,0.9122807017543859,0.7609515520742675
YIL113W,-1,-59.95648004114628,-5149.843115881085,0.01943198804185351,0.9122807017543859,0.7612416594139831
YNL080C,-1,-60.059263199567795,-6685.1607619524,0.01942472917444901,0.9122807017543859,0.7615317667536988
YAL061W,0,-60.080891877412796,-5179.1251901090145,0.01942472917444901,0.9122807017543859,0.7615317667536988
YLR266C,-1,-60.08699107170105,-6063.897551268339,0.019417475728155338,0.9122807017543859,0.7618218740934145
YCL057W,0,-60.12825918197632,-6161.584438443184,0.019417475728155338,0.9122807017543859,0.7618218740934145
YOR047C,-1,-60.12983436882496,-7759.706813380122,0.01941022769690183,0.9122807017543859,0.7621119814331303
YOR098C,-1,-60.14727267622948,-7942.186954796314,0.019402985074626865,0.9122807017543859,0.762402088772846
YNL138W,-1,-60.15753835439682,-5339.233082577586,0.01939574785527788,0.9122807017543859,0.7626921961125617
YOR237W,-1,-60.16589856147766,-5526.815433368087,0.019388516032811335,0.9122807017543859,0.7629823034522774
YDR293C,0,-60.18270328640938,-6007.776426553726,0.019388516032811335,0.9122807017543859,0.7629823034522774
YIL156W,-1,-60.19525957107544,-6478.071524277329,0.019381289601192696,0.9122807017543859,0.763272410791993
YIR034C,0,-60.19604617357254,-5077.038758128881,0.019381289601192696,0.9122807017543859,0.763272410791993
YGL255W,-1,-60.22066268324852,-7149.035192891955,0.019374068554396422,0.9122807017543859,0.7635625181317087
YIL041W,-1,-60.22566366195679,-6367.248282313347,0.01936685288640596,0.9122807017543859,0.7638526254714244
YOR236W,0,-60.23585666716099,-7847.753272548318,0.01936685288640596,0.9122807017543859,0.7638526254714244
YPR124W,-1,-60.24340704083443,-6327.8234104812145,0.0193596425912137,0.9122807017543859,0.7641427328111401
YGL258W,0,-60.265064001083374,-5699.922239989042,0.0193596425912137,0.9122807017543859,0.7641427328111401
YIL107C,0,-60.29020941257477,-5333.158235445619,0.0193596425912137,0.9122807017543859,0.7641427328111401
YHL019C,0,-60.30507069826126,-5835.223416492343,0.0193596425912137,0.9122807017543859,0.7641427328111401
YGL237C,0,-60.343634843826294,-6134.362646877766,0.0193596425912137,0.9122807017543859,0.7641427328111401
YGR068C,1,-60.3665212392807,-6230.785545796156,0.01972459992556755,0.9298245614035088,0.7641427328111401
YDL227C,-1,-60.376985013484955,-6468.920384958386,0.019717261904761904,0.9298245614035088,0.7644328401508558
YOL100W,-1,-60.39038562774658,-5453.749246567488,0.019709929341762737,0.9298245614035088,0.7647229474905715
YJL011C,1,-60.397776409983635,-8212.983430087566,0.020074349442379184,0.9473684210526315,0.7647229474905715
YKL219W,0,-60.422484904527664,-6808.347880676389,0.020074349442379184,0.9473684210526315,0.7647229474905715
YPR005C,-1,-60.44215577840805,-5646.703797221184,0.020066889632107024,0.9473684210526315,0.7650130548302873
YJR091C,-1,-60.44356453418732,-5345.734068214893,0.020059435364041606,0.9473684210526315,0.7653031621700029
YDR119W,0,-60.46055971086025,-7058.857945874333,0.020059435364041606,0.9473684210526315,0.7653031621700029
YMR302C,-1,-60.489016234874725,-5275.685877636075,0.02005198663200891,0.9473684210526315,0.7655932695097186
YGL022W,-1,-60.499337151646614,-6985.4977452382445,0.0200445434298441,0.9473684210526315,0.7658833768494343
YIL130W,0,-60.514537647366524,-7641.274632796645,0.0200445434298441,0.9473684210526315,0.7658833768494343
YGR134W,-1,-60.51989072561264,-7414.335039049387,0.020037105751391466,0.9473684210526315,0.76617348418915
YGL175C,-1,-60.53590899705887,-5865.497491389513,0.020029673590504452,0.9473684210526315,0.7664635915288657
YLR207W,-1,-60.53757977485657,-5959.60570833087,0.020022246941045607,0.9473684210526315,0.7667536988685814
YPR001W,-1,-60.53879165649414,-6258.005192905664,0.02001482579688658,0.9473684210526315,0.767043806208297
YAL034C,0,-60.57551661133766,-5357.7480154931545,0.02001482579688658,0.9473684210526315,0.767043806208297
YBR170C,-1,-60.57880598306656,-6052.714997693896,0.020007410151908114,0.9473684210526315,0.7673339135480127
YOR035C,-1,-60.58864286541939,-5068.000809267163,0.02,0.9473684210526315,0.7676240208877284
YDR447C,-1,-60.59130723774433,-8104.817972078919,0.01999259533506109,0.9473684210526315,0.7679141282274442
YGL026C,0,-60.609589189291,-5453.20512509346,0.01999259533506109,0.9473684210526315,0.7679141282274442
YPL230W,-1,-60.62179362773895,-4937.327442333102,0.01998519615099926,0.9473684210526315,0.7682042355671599
YNL325C,-1,-60.626231491565704,-6355.745690450072,0.01997780244173141,0.9473684210526315,0.7684943429068756
YKL140W,-1,-60.6327303647995,-5784.89357714355,0.019970414201183433,0.9473684210526315,0.7687844502465913
YJL053W,-1,-60.63825598359108,-5078.996977001429,0.019963031423290204,0.9473684210526315,0.7690745575863069
YBL050W,-1,-60.66060987114906,-5437.7912433594465,0.019955654101995565,0.9473684210526315,0.7693646649260226
YAL056W,-1,-60.6838935315609,-6295.53308750689,0.01994828223125231,0.9473684210526315,0.7696547722657383
YNL134C,0,-60.693701326847076,-5378.346168845892,0.01994828223125231,0.9473684210526315,0.7696547722657383
YOR316C,-1,-60.706783562898636,-6561.51707392931,0.019940915805022157,0.9473684210526315,0.769944879605454
YDR264C,-1,-60.754706889390945,-5803.525570452213,0.019933554817275746,0.9473684210526315,0.7702349869451697
YIL075C,-1,-60.769894152879715,-6286.315774977207,0.01992619926199262,0.9473684210526315,0.7705250942848854
YPL113C,0,-60.79745768010616,-6264.986957505345,0.01992619926199262,0.9473684210526315,0.7705250942848854
YNR002C,0,-60.81140875816345,-5084.661798894405,0.01992619926199262,0.9473684210526315,0.7705250942848854
YLL015W,-1,-60.818810909986496,-6249.402536600828,0.019918849133161196,0.9473684210526315,0.7708152016246012
YNL115C,0,-60.82489788532257,-5169.590370371938,0.019918849133161196,0.9473684210526315,0.7708152016246012
YER138C,-1,-60.83482101559639,-6093.601972669363,0.01991150442477876,0.9473684210526315,0.7711053089643168
YPL165C,0,-60.853246212005615,-5160.221824809909,0.01991150442477876,0.9473684210526315,0.7711053089643168
YIL013C,-1,-60.86131399869919,-6364.212303310633,0.019904165130851456,0.9473684210526315,0.7713954163040325
YNR019W,-1,-60.87002721428871,-5645.259044632316,0.01989683124539425,0.9473684210526315,0.7716855236437482
YDL106C,0,-60.87837016582489,-6250.8865906745195,0.01989683124539425,0.9473684210526315,0.7716855236437482
YKL150W,-1,-60.88548958301544,-5099.468722254038,0.019889502762430938,0.9473684210526315,0.7719756309834639
YOR275C,-1,-60.88639476895332,-6244.998356550932,0.019882179675994108,0.9473684210526315,0.7722657383231796
YER049W,-1,-60.892239436507225,-7853.33885884285,0.019874861980125138,0.9473684210526315,0.7725558456628953
YNL084C,-1,-60.91166406869888,-6259.579772680998,0.019867549668874173,0.9473684210526315,0.7728459530026109
YGR044C,-1,-60.91918236017227,-5288.880822658539,0.01986024273630011,0.9473684210526315,0.7731360603423266
YLR134W,0,-60.922676146030426,-5641.6867349892855,0.01986024273630011,0.9473684210526315,0.7731360603423266
YBR196C,0,-60.928430527448654,-4912.8617174476385,0.01986024273630011,0.9473684210526315,0.7731360603423266
YKR003W,-1,-60.99129021167755,-5956.80780993402,0.019852941176470587,0.9473684210526315,0.7734261676820423
YDR054C,-1,-61.000017911195755,-6400.551392361522,0.019845644983461964,0.9473684210526315,0.7737162750217581
YDR270W,-1,-61.01259681582451,-5977.621759653091,0.019838354151359296,0.9473684210526315,0.7740063823614738
YEL001C,0,-61.015041872859,-7043.894505813718,0.019838354151359296,0.9473684210526315,0.7740063823614738
YOR142W,-1,-61.07748168706894,-5662.596582084894,0.019831068674256335,0.9473684210526315,0.7742964897011895
YOR090C,-1,-61.09472727775574,-5968.074443504214,0.019823788546255508,0.9473684210526315,0.7745865970409052
YKL124W,-1,-61.15095764398575,-5326.515234857798,0.01981651376146789,0.9473684210526315,0.7748767043806208
YCR069W,-1,-61.16910099983215,-5464.857311308384,0.019809244314013204,0.9473684210526315,0.7751668117203365
YDL082W,0,-61.188791036605835,-7949.852163523436,0.019809244314013204,0.9473684210526315,0.7751668117203365
YGR213C,0,-61.23560529947281,-5742.194165945053,0.019809244314013204,0.9473684210526315,0.7751668117203365
YLR350W,0,-61.244559586048126,-5347.700399026275,0.019809244314013204,0.9473684210526315,0.7751668117203365
YKL221W,0,-61.288741052150726,-5759.341400682926,0.019809244314013204,0.9473684210526315,0.7751668117203365
YDR343C,-1,-61.308596432209015,-6234.100749954581,0.019801980198019802,0.9473684210526315,0.7754569190600522
YPL271W,-1,-61.328890562057495,-6103.8664786964655,0.019794721407624633,0.9473684210526315,0.7757470263997679
YCR011C,0,-61.33071881532669,-5835.009101495147,0.019794721407624633,0.9473684210526315,0.7757470263997679
YER042W,-1,-61.369239538908005,-6698.985261444002,0.01978746793697325,0.9473684210526315,0.7760371337394836
YLR092W,-1,-61.37500739097595,-4866.645780533552,0.01978021978021978,0.9473684210526315,0.7763272410791993
YCR048W,-1,-61.38004404306412,-6130.581828042865,0.019772976931526912,0.9473684210526315,0.7766173484189149
YJR113C,-1,-61.40682518482208,-6470.066279783845,0.019765739385065886,0.9473684210526315,0.7769074557586307
YPR098C,0,-61.40999114513397,-5397.415458858013,0.019765739385065886,0.9473684210526315,0.7769074557586307
YER128W,0,-61.418412536382675,-6158.14881362021,0.019765739385065886,0.9473684210526315,0.7769074557586307
YOR307C,0,-61.4204905629158,-7939.313747938722,0.019765739385065886,0.9473684210526315,0.7769074557586307
YEL012W,-1,-61.42231997847557,-5428.773463740945,0.019758507135016465,0.9473684210526315,0.7771975630983464
YPL036W,-1,-61.43141347169876,-6190.604990899563,0.019751280175566936,0.9473684210526315,0.7774876704380621
YIL062C,-1,-61.46180737018585,-6452.053301975131,0.019744058500914076,0.9473684210526315,0.7777777777777778
YGR249W,0,-61.47937253117561,-5102.591366559267,0.019744058500914076,0.9473684210526315,0.7777777777777778
YDL025C,-1,-61.52302944660187,-5218.89647012949,0.019736842105263157,0.9473684210526315,0.7780678851174935
YLR070C,0,-61.55018389225006,-6285.581994026899,0.019736842105263157,0.9473684210526315,0.7780678851174935
YGR289C,-1,-61.560602486133575,-5208.638732805848,0.019729630982827914,0.9473684210526315,0.7783579924572092
YDR294C,-1,-61.56327065825462,-5833.590797692537,0.019722425127830533,0.9473684210526315,0.7786480997969248
YJR153W,-1,-61.57672423124313,-5800.130401730537,0.019715224534501644,0.9473684210526315,0.7789382071366405
YGR171C,-1,-61.59479916840792,-7468.583177533001,0.01970802919708029,0.9473684210526315,0.7792283144763562
YDR314C,-1,-61.664281725883484,-6189.7027905881405,0.019700839109813937,0.9473684210526315,0.7795184218160719
YNL036W,-1,-61.66959422826767,-6312.92623770237,0.019693654266958426,0.9473684210526315,0.7798085291557877
YLR345W,0,-61.68320053815842,-5321.802997201681,0.019693654266958426,0.9473684210526315,0.7798085291557877
YLR244C,0,-61.68663816154003,-8513.315625995398,0.019693654266958426,0.9473684210526315,0.7798085291557877
YNL138W-A,-1,-61.7261700630188,-6758.357837557793,0.01968647466277798,0.9473684210526315,0.7800986364955034
YPL169C,-1,-61.731906704604626,-8603.192899107933,0.01967930029154519,0.9473684210526315,0.7803887438352191
YAL017W,-1,-61.75120288133621,-5452.588140979409,0.019672131147540985,0.9473684210526315,0.7806788511749347
YLL039C,-1,-61.75197720527649,-5233.011488854885,0.019664967225054626,0.9473684210526315,0.7809689585146504
YDR374C,0,-61.7603580057621,-6466.612281493843,0.019664967225054626,0.9473684210526315,0.7809689585146504
YBR286W,0,-61.79318445920944,-5293.864865407348,0.019664967225054626,0.9473684210526315,0.7809689585146504
YJR049C,-1,-61.79322490096092,-6329.15947881341,0.019657808518383692,0.9473684210526315,0.7812590658543661
YPR193C,0,-61.82863700389862,-6000.496204048395,0.019657808518383692,0.9473684210526315,0.7812590658543661
YLL026W,-1,-61.84657657146454,-5249.1797278523445,0.019650655021834062,0.9473684210526315,0.7815491731940818
YBR234C,-1,-61.88905745744705,-5597.626328706741,0.019643506729719897,0.9473684210526315,0.7818392805337975
YGR239C,-1,-61.910359382629395,-9300.724449664354,0.019636363636363636,0.9473684210526315,0.7821293878735132
YDR125C,0,-61.91168588399887,-5234.7765809595585,0.019636363636363636,0.9473684210526315,0.7821293878735132
YLR120C,0,-61.91971957683563,-5303.994310647249,0.019636363636363636,0.9473684210526315,0.7821293878735132
YOR380W,0,-61.92417886853218,-6264.587673276663,0.019636363636363636,0.9473684210526315,0.7821293878735132
YBL004W,-1,-61.93787468969822,-8703.257629692554,0.019629225736095966,0.9473684210526315,0.7824194952132288
YJR112W,-1,-61.94903549551964,-8972.922194749117,0.019622093023255814,0.9473684210526315,0.7827096025529446
YNL117W,-1,-61.97402423620224,-5746.723343402147,0.01961496549219034,0.9473684210526315,0.7829997098926603
YNR036C,-1,-61.983874291181564,-6569.407707363367,0.0196078431372549,0.9473684210526315,0.783289817232376
YDR456W,-1,-61.994652450084686,-6220.289586886764,0.019600725952813067,0.9473684210526315,0.7835799245720917
YLR423C,-1,-62.02903348207474,-6338.998086929321,0.019593613933236574,0.9473684210526315,0.7838700319118074
YLR270W,-1,-62.051797300577164,-5295.317124396563,0.01958650707290533,0.9473684210526315,0.7841601392515231
YDL146W,0,-62.09374749660492,-6127.950459614396,0.01958650707290533,0.9473684210526315,0.7841601392515231
YAL067C,0,-62.09978610277176,-5396.899273008108,0.01958650707290533,0.9473684210526315,0.7841601392515231
YFR049W,0,-62.10871201753616,-5410.901998728514,0.01958650707290533,0.9473684210526315,0.7841601392515231
YDR520C,0,-62.11362537741661,-7123.816198527813,0.01958650707290533,0.9473684210526315,0.7841601392515231
YKL060C,0,-62.11551660299301,-5396.734970539808,0.01958650707290533,0.9473684210526315,0.7841601392515231
YIR039C,0,-62.12719315290451,-5428.90751080215,0.01958650707290533,0.9473684210526315,0.7841601392515231
YGL172W,-1,-62.15060891211033,-7992.775146737695,0.019579405366207395,0.9473684210526315,0.7844502465912387
YPL250C,0,-62.16204035282135,-5085.66963788867,0.019579405366207395,0.9473684210526315,0.7844502465912387
YNL157W,0,-62.16344681382179,-5997.270304143429,0.019579405366207395,0.9473684210526315,0.7844502465912387
YOR010C,0,-62.19955778121948,-5959.79070058465,0.019579405366207395,0.9473684210526315,0.7844502465912387
YGL059W,-1,-62.2251495718956,-5294.696146056056,0.019572308807538963,0.9473684210526315,0.7847403539309544
YMR325W,0,-62.262522019445896,-6272.688161820173,0.019572308807538963,0.9473684210526315,0.7847403539309544
YLR259C,-1,-62.27042657136917,-5650.3313659876585,0.01956521739130435,0.9473684210526315,0.7850304612706701
YHR071W,0,-62.28500020503998,-5645.208223283291,0.01956521739130435,0.9473684210526315,0.7850304612706701
YMR196W,0,-62.30741763114929,-5327.425510406494,0.01956521739130435,0.9473684210526315,0.7850304612706701
YDL117W,0,-62.339305743575096,-8505.41161877662,0.01956521739130435,0.9473684210526315,0.7850304612706701
YFR030W,0,-62.347020506858826,-5502.098074033856,0.01956521739130435,0.9473684210526315,0.7850304612706701
YDR421W,-1,-62.36603733897209,-6079.970973357558,0.019558131111915972,0.9473684210526315,0.7853205686103858
YGL181W,-1,-62.380881667137146,-5695.716898337007,0.01955104996379435,0.9473684210526315,0.7856106759501016
YBR008C,0,-62.40178006887436,-6167.818795189261,0.01955104996379435,0.9473684210526315,0.7856106759501016
YJL063C,-1,-62.41082049906254,-7872.40492734313,0.019543973941368076,0.9473684210526315,0.7859007832898173
YNL081C,-1,-62.41692131757736,-6703.707233026624,0.019536903039073805,0.9473684210526315,0.786190890629533
YMR170C,0,-62.42337316274643,-5014.47631919384,0.019536903039073805,0.9473684210526315,0.786190890629533
YPL206C,-1,-62.46984851360321,-5417.66734932363,0.01952983725135624,0.9473684210526315,0.7864809979692486
YHR074W,0,-62.499613761901855,-5285.830113902688,0.01952983725135624,0.9473684210526315,0.7864809979692486
YDR529C,-1,-62.51070201396942,-6599.377199053764,0.019522776572668113,0.9473684210526315,0.7867711053089643
YEL052W,-1,-62.530359387397766,-6319.56218059361,0.019515720997470183,0.9473684210526315,0.78706121264868
YPR067W,-1,-62.530594527721405,-6311.878779783845,0.019508670520231215,0.9473684210526315,0.7873513199883957
YER101C,0,-62.53626263141632,-6296.397742405534,0.019508670520231215,0.9473684210526315,0.7873513199883957
YJL031C,0,-62.544861659407616,-7040.78816395998,0.019508670520231215,0.9473684210526315,0.7873513199883957
YAL028W,0,-62.55535405874252,-5417.88618221879,0.019508670520231215,0.9473684210526315,0.7873513199883957
YJL184W,-1,-62.57977107167244,-7220.935841247439,0.01950162513542795,0.9473684210526315,0.7876414273281114
YIL155C,0,-62.600122690200806,-5444.160963386297,0.01950162513542795,0.9473684210526315,0.7876414273281114
YDR463W,-1,-62.628477185964584,-7637.680183041841,0.019494584837545126,0.9473684210526315,0.7879315346678271
YPR154W,-1,-62.669970601797104,-5249.8410705477,0.019487549621075424,0.9473684210526315,0.7882216420075427
YHR097C,0,-62.67481195926666,-5256.284064263105,0.019487549621075424,0.9473684210526315,0.7882216420075427
YMR152W,0,-62.67979919910431,-5343.735705509782,0.019487549621075424,0.9473684210526315,0.7882216420075427
YKL086W,-1,-62.698644042015076,-6066.079921901226,0.01948051948051948,0.9473684210526315,0.7885117493472585
YML110C,-1,-62.766626715660095,-5616.684372395277,0.019473494410385865,0.9473684210526315,0.7888018566869742
YOR358W,0,-62.788993418216705,-6314.852772042155,0.019473494410385865,0.9473684210526315,0.7888018566869742
YHR196W,-1,-62.82785464823246,-7765.7159896194935,0.01946647440519106,0.9473684210526315,0.7890919640266899
YOR125C,0,-62.83767557144165,-5987.201110512018,0.01946647440519106,0.9473684210526315,0.7890919640266899
YBR139W,0,-62.857573449611664,-5290.40542088449,0.01946647440519106,0.9473684210526315,0.7890919640266899
YPL095C,-1,-62.87930154800415,-6017.969854071736,0.01945945945945946,0.9473684210526315,0.7893820713664056
YDR503C,-1,-62.88482630252838,-5758.280490234494,0.019452449567723344,0.9473684210526315,0.7896721787061213
YOR159C,-1,-62.90666015446186,-9144.12964297831,0.019445444724522868,0.9473684210526315,0.789962286045837
YOL055C,0,-62.91156122088432,-5512.459436699748,0.019445444724522868,0.9473684210526315,0.789962286045837
YIL135C,-1,-62.913900911808014,-4975.8848412930965,0.019438444924406047,0.9473684210526315,0.7902523933855526
YNR037C,-1,-62.93807664513588,-6540.530686631799,0.01943145016192875,0.9473684210526315,0.7905425007252683
YGL015C,0,-62.976492550224066,-8602.138849768788,0.01943145016192875,0.9473684210526315,0.7905425007252683
YPR030W,-1,-62.982689797878265,-5960.815395057201,0.019424460431654675,0.9473684210526315,0.790832608064984
YER019W,-1,-62.98833276331425,-7330.677483685315,0.019417475728155338,0.9473684210526315,0.7911227154046997
YER023W,0,-63.00542992353439,-7361.211413949728,0.019417475728155338,0.9473684210526315,0.7911227154046997
YGL092W,-1,-63.02461002767086,-9476.326563835144,0.019410496046010063,0.9473684210526315,0.7914128227444154
YGR154C,0,-63.039603888988495,-5498.823014751077,0.019410496046010063,0.9473684210526315,0.7914128227444154
YPR035W,0,-63.043484926223755,-5312.224103182554,0.019410496046010063,0.9473684210526315,0.7914128227444154
YBR003W,-1,-63.04758098721504,-5593.156100094318,0.019403521379805964,0.9473684210526315,0.7917029300841312
YER033C,0,-63.062407821416855,-5642.7809509932995,0.019403521379805964,0.9473684210526315,0.7917029300841312
YLR054C,-1,-63.07765758037567,-6154.144955098629,0.01939655172413793,0.9473684210526315,0.7919930374238469
YPL270W,-1,-63.11189413070679,-6661.306243881583,0.01938958707360862,0.9473684210526315,0.7922831447635625
YPL027W,-1,-63.17243379354477,-6128.083686023951,0.019382627422828428,0.9473684210526315,0.7925732521032782
YDL078C,-1,-63.208948969841,-6234.206184700131,0.0193756727664155,0.9473684210526315,0.7928633594429939
YKL034W,-1,-63.211010962724686,-5030.392789393663,0.019368723098995694,0.9473684210526315,0.7931534667827096
YFL053W,0,-63.22987353801727,-5838.197535216808,0.019368723098995694,0.9473684210526315,0.7931534667827096
YDR122W,-1,-63.245045602321625,-5564.96656537056,0.01936177841520258,0.9473684210526315,0.7934435741224253
YCL026C-A,-1,-63.290474474430084,-5626.4918149113655,0.01935483870967742,0.9473684210526315,0.793733681462141
YMR232W,-1,-63.29192916303873,-6916.771735034883,0.01934790397706915,0.9473684210526315,0.7940237888018566
YDR291W,0,-63.34696380794048,-7229.207532927394,0.01934790397706915,0.9473684210526315,0.7940237888018566
YMR251W-A,0,-63.36984737217426,-5979.649120166898,0.01934790397706915,0.9473684210526315,0.7940237888018566
YKL087C,0,-63.3796364068985,-6518.830255299807,0.01934790397706915,0.9473684210526315,0.7940237888018566
YDR251W,-1,-63.40822094678879,-5990.767248749733,0.019340974212034383,0.9473684210526315,0.7943138961415723
YDR425W,-1,-63.44347834587097,-5728.570158079267,0.01933404940923738,0.9473684210526315,0.7946040034812881
YPL129W,-1,-63.4596349298954,-8944.633023396134,0.019327129563350035,0.9473684210526315,0.7948941108210038
YOL020W,-1,-63.509246468544006,-8760.183281973004,0.01932021466905188,0.9473684210526315,0.7951842181607195
YIL124W,-1,-63.52109223604202,-5482.670788377523,0.019313304721030045,0.9473684210526315,0.7954743255004352
YNR076W,0,-63.52406048774719,-5607.779357582331,0.019313304721030045,0.9473684210526315,0.7954743255004352
YGL187C,-1,-63.531212985515594,-6891.632947251201,0.019306399713979263,0.9473684210526315,0.7957644328401509
YIL149C,0,-63.53779289126396,-9255.316162228584,0.019306399713979263,0.9473684210526315,0.7957644328401509
YHR186C,0,-63.61250779032707,-9724.995143160224,0.019306399713979263,0.9473684210526315,0.7957644328401509
YDR308C,-1,-63.6155027449131,-9229.285171963274,0.01929949964260186,0.9473684210526315,0.7960545401798665
YDR167W,-1,-63.650876596570015,-8932.703342214227,0.01929260450160772,0.9473684210526315,0.7963446475195822
YNL305C,0,-63.74643874168396,-5339.165406376123,0.01929260450160772,0.9473684210526315,0.7963446475195822
YPL019C,-1,-63.76464679837227,-8917.125110045075,0.019285714285714285,0.9473684210526315,0.7966347548592979
YDR077W,-1,-63.76882076263428,-5303.691435068846,0.019278828989646554,0.9473684210526315,0.7969248621990136
YGR250C,0,-63.809322118759155,-5494.175824433565,0.019278828989646554,0.9473684210526315,0.7969248621990136
YMR175W,-1,-63.83292382955551,-6096.802538633347,0.019271948608137045,0.9473684210526315,0.7972149695387293
YLR034C,-1,-63.836028695106506,-5883.405052438378,0.019265073135925792,0.9473684210526315,0.7975050768784451
YLL006W,-1,-63.85658574104309,-5803.468757614493,0.01925820256776034,0.9473684210526315,0.7977951842181608
YJL177W,0,-63.862843215465546,-7302.326325803995,0.01925820256776034,0.9473684210526315,0.7977951842181608
YDR194C,-1,-63.87317465245724,-8280.203043997288,0.019251336898395723,0.9473684210526315,0.7980852915578764
YDR028C,-1,-63.89053934812546,-6174.747249662876,0.01924447612259444,0.9473684210526315,0.7983753988975921
YJL051W,-1,-63.898670732975006,-5938.193285822868,0.01923762023512647,0.9473684210526315,0.7986655062373078
YLR227W-B,-1,-63.9074923992157,-6845.684148564935,0.019230769230769232,0.9473684210526315,0.7989556135770235
YJR033C,-1,-63.908872187137604,-6292.332691371441,0.019223923104307584,0.9473684210526315,0.7992457209167392
YDR513W,-1,-63.910604536533356,-5506.445736065507,0.019217081850533807,0.9473684210526315,0.7995358282564549
YEL007W,0,-63.954388812184334,-6852.151276703924,0.019217081850533807,0.9473684210526315,0.7995358282564549
YBR199W,-1,-63.96356976032257,-6225.763594403863,0.0192102454642476,0.9473684210526315,0.7998259355961705
YGR188C,-1,-63.97141671180725,-7473.342266127467,0.019203413940256046,0.9473684210526315,0.8001160429358862
YOR303W,0,-63.987684428691864,-5658.408872500062,0.019203413940256046,0.9473684210526315,0.8001160429358862
YBR230C,0,-63.99534010887146,-5523.440121039748,0.019203413940256046,0.9473684210526315,0.8001160429358862
YNL010W,0,-63.999015390872955,-6467.155743852258,0.019203413940256046,0.9473684210526315,0.8001160429358862
YEL003W,-1,-64.03426896035671,-8655.075415432453,0.019196587273373623,0.9473684210526315,0.800406150275602
YJR094W-A,0,-64.04270619153976,-7170.603397786617,0.019196587273373623,0.9473684210526315,0.800406150275602
YJR161C,0,-64.05369865894318,-5705.9778863191605,0.019196587273373623,0.9473684210526315,0.800406150275602
YNL166C,-1,-64.10009402036667,-9043.03224414587,0.019189765458422176,0.9473684210526315,0.8006962576153177
YMR197C,0,-64.11579155921936,-6080.400699749589,0.019189765458422176,0.9473684210526315,0.8006962576153177
YDL113C,-1,-64.11897313594818,-5614.558354511857,0.019182948490230906,0.9473684210526315,0.8009863649550334
YMR193W,-1,-64.12271742522717,-6961.250069208443,0.019176136363636364,0.9473684210526315,0.8012764722947491
YGR256W,0,-64.1360615491867,-5470.374245539308,0.019176136363636364,0.9473684210526315,0.8012764722947491
YOR009W,0,-64.15621754527092,-6186.575529888272,0.019176136363636364,0.9473684210526315,0.8012764722947491
YHR114W,-1,-64.18543541431427,-6362.617631614208,0.019169329073482427,0.9473684210526315,0.8015665796344648
YLR219W,-1,-64.213562220335,-5681.6005555689335,0.0191625266146203,0.9473684210526315,0.8018566869741804
YML004C,0,-64.21457570791245,-5549.338114798069,0.0191625266146203,0.9473684210526315,0.8018566869741804
YBR056W,0,-64.22341305017471,-5474.759643763304,0.0191625266146203,0.9473684210526315,0.8018566869741804
YOR023C,0,-64.24162971973419,-5921.885073333979,0.0191625266146203,0.9473684210526315,0.8018566869741804
YBR177C,-1,-64.25364798307419,-6337.701864093542,0.01915572898190848,0.9473684210526315,0.8021467943138961
YKL038W,-1,-64.25560534000397,-6359.02874006331,0.019148936170212766,0.9473684210526315,0.8024369016536118
YNL068C,-1,-64.30276171863079,-8749.223692655563,0.01914214817440624,0.9473684210526315,0.8027270089933275
YPL244C,-1,-64.3257603943348,-9685.203062132001,0.01913536498936924,0.9473684210526315,0.8030171163330432
YPL091W,-1,-64.3542987704277,-6067.235989823937,0.019128586609989374,0.9473684210526315,0.803307223672759
YMR154C,0,-64.36973643302917,-6289.55671492219,0.019128586609989374,0.9473684210526315,0.803307223672759
YKL183W,-1,-64.4038065224886,-8733.628881245852,0.019121813031161474,0.9473684210526315,0.8035973310124747
YLR337C,-1,-64.42023274302483,-5995.120860233903,0.01911504424778761,0.9473684210526315,0.8038874383521903
YJR096W,-1,-64.47277030348778,-6314.665863588452,0.01910828025477707,0.9473684210526315,0.804177545691906
YLR303W,0,-64.52083536982536,-7133.640516832471,0.01910828025477707,0.9473684210526315,0.804177545691906
YPR185W,-1,-64.52141776680946,-5514.099677622318,0.01910152104704634,0.9473684210526315,0.8044676530316217
YER020W,-1,-64.52942484617233,-6296.8466040194035,0.019094766619519095,0.9473684210526315,0.8047577603713374
YDL021W,0,-64.6189923286438,-5302.165601491928,0.019094766619519095,0.9473684210526315,0.8047577603713374
YML065W,-1,-64.64059786498547,-8578.96062617004,0.019088016967126194,0.9473684210526315,0.8050478677110531
YMR315W,0,-64.65026301145554,-5497.395411193371,0.019088016967126194,0.9473684210526315,0.8050478677110531
YBL101C,-1,-64.65190720558167,-5922.293343350291,0.019081272084805655,0.9473684210526315,0.8053379750507688
YCL064C,0,-64.65985748171806,-8956.093042328954,0.019081272084805655,0.9473684210526315,0.8053379750507688
YIL145C,-1,-64.66649994254112,-6891.333169087768,0.01907453196750265,0.9473684210526315,0.8056280823904844
YDR277C,0,-64.72293365001678,-6873.12706053257,0.01907453196750265,0.9473684210526315,0.8056280823904844
YBL045C,-1,-64.73158949613571,-6372.3138690292835,0.019067796610169493,0.9473684210526315,0.8059181897302001
YGR013W,-1,-64.73700797557831,-5987.7879918813705,0.01906106600776562,0.9473684210526315,0.8062082970699158
YNL159C,-1,-64.74262320995331,-5509.09773811698,0.019054340155257588,0.9473684210526315,0.8064984044096316
YCR004C,0,-64.75376170873642,-5777.257759720087,0.019054340155257588,0.9473684210526315,0.8064984044096316
YMR189W,0,-64.7672121077776,-6480.496965691447,0.019054340155257588,0.9473684210526315,0.8064984044096316
YGR113W,-1,-64.76885288953781,-7134.144986405969,0.01904761904761905,0.9473684210526315,0.8067885117493473
YER088C,-1,-64.81137979030609,-6101.148242756724,0.01904090267983075,0.9473684210526315,0.807078619089063
YMR256C,-1,-64.86878162622452,-6803.852868139744,0.01903419104688051,0.9473684210526315,0.8073687264287787
YDL193W,-1,-64.93319970369339,-6382.91779871285,0.019027484143763214,0.9473684210526315,0.8076588337684943
YDR380W,0,-64.94521683454514,-6493.982397660613,0.019027484143763214,0.9473684210526315,0.8076588337684943
YBR182C,-1,-64.97218129038811,-6932.788888014853,0.019020781965480803,0.9473684210526315,0.80794894110821
YKL008C,-1,-65.00109286606312,-6289.870061911643,0.019014084507042252,0.9473684210526315,0.8082390484479257
YNL015W,-1,-65.00201380252838,-5695.317248433828,0.01900739176346357,0.9473684210526315,0.8085291557876414
YER056C,0,-65.02064400911331,-8498.979159072042,0.01900739176346357,0.9473684210526315,0.8085291557876414
YDR383C,0,-65.02525010704994,-6939.150783672929,0.01900739176346357,0.9473684210526315,0.8085291557876414
YML118W,0,-65.09500908851624,-5927.034527525306,0.01900739176346357,0.9473684210526315,0.8085291557876414
YHR161C,-1,-65.10400396585464,-5588.712914720178,0.019000703729767768,0.9473684210526315,0.8088192631273571
YJL102W,-1,-65.15589183568954,-6717.854776293039,0.018994020400984874,0.9473684210526315,0.8091093704670728
YLR243W,0,-65.15791310369968,-7535.768181666732,0.018994020400984874,0.9473684210526315,0.8091093704670728
YOL151W,-1,-65.17206960916519,-6262.16274830699,0.0189873417721519,0.9473684210526315,0.8093994778067886
YOL052C-A,0,-65.2980974316597,-5487.771480992436,0.0189873417721519,0.9473684210526315,0.8093994778067886
YOL058W,0,-65.31175607442856,-5726.508036345243,0.0189873417721519,0.9473684210526315,0.8093994778067886
YER015W,-1,-65.32329452037811,-6493.471957668662,0.01898066783831283,0.9473684210526315,0.8096895851465042
YDL072C,0,-65.33152973651886,-5729.28268250823,0.01898066783831283,0.9473684210526315,0.8096895851465042
YBL015W,0,-65.334742680192,-5195.049048706889,0.01898066783831283,0.9473684210526315,0.8096895851465042
YJR051W,0,-65.34906730055809,-5618.747532948852,0.01898066783831283,0.9473684210526315,0.8096895851465042
YMR311C,-1,-65.36176288127899,-5698.587083354592,0.018973998594518624,0.9473684210526315,0.8099796924862199
YOR032C,-1,-65.37342968583107,-6028.180935621262,0.018967334035827187,0.9473684210526315,0.8102697998259356
YPR127W,0,-65.38708990812302,-5421.8433438539505,0.018967334035827187,0.9473684210526315,0.8102697998259356
YHL024W,-1,-65.40162664651871,-6474.473517328501,0.018960674157303372,0.9473684210526315,0.8105599071656513
YNL136W,-1,-65.459776699543,-5999.409475952387,0.018954018954018954,0.9473684210526315,0.810850014505367
YPL076W,-1,-65.53361719846725,-6187.225086256862,0.018947368421052633,0.9473684210526315,0.8111401218450827
YGL259W,0,-65.5585181415081,-5980.481827154756,0.018947368421052633,0.9473684210526315,0.8111401218450827
YBR089C-A,1,-65.562979221344,-6895.633129283786,0.01929147667485093,0.9649122807017544,0.8111401218450827
YOR343C-B,-1,-65.56445643305779,-6738.236416861415,0.019284712482468443,0.9649122807017544,0.8114302291847983
YKL126W,-1,-65.5648744404316,-6248.385948076844,0.01927795303189625,0.9649122807017544,0.811720336524514
YKR100C,0,-65.56708957254887,-6354.3646184057,0.01927795303189625,0.9649122807017544,0.811720336524514
YLL025W,0,-65.58993172645569,-6595.9063484072685,0.01927795303189625,0.9649122807017544,0.811720336524514
YHR160C,-1,-65.60516810417175,-5724.705671906471,0.019271198318149965,0.9649122807017544,0.8120104438642297
YJL153C,-1,-65.65551936626434,-5782.096369504929,0.01926444833625219,0.9649122807017544,0.8123005512039455
YPR002W,-1,-65.76310807466507,-6485.352559566498,0.019257703081232494,0.9649122807017544,0.8125906585436612
YDR369C,-1,-65.81522886455059,-7310.709029123187,0.019250962548127408,0.9649122807017544,0.8128807658833769
YDR400W,-1,-65.8708488047123,-6889.924437254667,0.019244226731980407,0.9649122807017544,0.8131708732230926
YGL236C,-1,-65.89375875890255,-8314.32780045271,0.019237495627841904,0.9649122807017544,0.8134609805628082
YHR008C,0,-65.98725235462189,-5737.578550875187,0.019237495627841904,0.9649122807017544,0.8134609805628082
YCL033C,-1,-65.99059975147247,-5565.863736614585,0.019230769230769232,0.9649122807017544,0.8137510879025239
YDL089W,0,-66.03319084644318,-6173.94801568985,0.019230769230769232,0.9649122807017544,0.8137510879025239
YLR292C,0,-66.03957329690456,-8890.596146151423,0.019230769230769232,0.9649122807017544,0.8137510879025239
YPL231W,-1,-66.04491451382637,-7841.9363463670015,0.019224047535826634,0.9649122807017544,0.8140411952422396
YNL293W,-1,-66.04885679483414,-6142.7816701978445,0.019217330538085255,0.9649122807017544,0.8143313025819553
YPR038W,0,-66.0712194442749,-6751.515897259116,0.019217330538085255,0.9649122807017544,0.8143313025819553
YIL031W,-1,-66.08891099691391,-7724.464031934738,0.01921061823262312,0.9649122807017544,0.814621409921671
YLR324W,-1,-66.10012489557266,-5422.154177233577,0.01920391061452514,0.9649122807017544,0.8149115172613867
YKL146W,-1,-66.10568687319756,-5976.207682162523,0.019197207678883072,0.9649122807017544,0.8152016246011025
YMR105C,-1,-66.11507296562195,-5528.190159499645,0.019190509420795535,0.9649122807017544,0.8154917319408181
YML018C,0,-66.14058953523636,-6946.145365104079,0.019190509420795535,0.9649122807017544,0.8154917319408181
YNL202W,-1,-66.14675080776215,-6339.935821250081,0.01918381583536798,0.9649122807017544,0.8157818392805338
YOR177C,-1,-66.15705859661102,-6554.275357246399,0.019177126917712693,0.9649122807017544,0.8160719466202495
YNL006W,-1,-66.27021914720535,-6889.605293571949,0.01917044266294876,0.9649122807017544,0.8163620539599652
YDR471W,0,-66.30256235599518,-8266.316517367959,0.01917044266294876,0.9649122807017544,0.8163620539599652
YAR008W,-1,-66.33855092525482,-8378.060721054673,0.01916376306620209,0.9649122807017544,0.8166521612996809
YOR188W,0,-66.34907747805119,-9395.84681148827,0.01916376306620209,0.9649122807017544,0.8166521612996809
YOR375C,0,-66.35486853122711,-7275.7159483879805,0.01916376306620209,0.9649122807017544,0.8166521612996809
YML088W,-1,-66.36244395375252,-7184.680552318692,0.019157088122605363,0.9649122807017544,0.8169422686393966
YPL116W,0,-66.36932618916035,-7454.567687883973,0.019157088122605363,0.9649122807017544,0.8169422686393966
YGR244C,-1,-66.37986636161804,-6397.887340754271,0.01915041782729805,0.9649122807017544,0.8172323759791122
YOR276W,0,-66.40383972227573,-9078.901970908046,0.01915041782729805,0.9649122807017544,0.8172323759791122
YPR199C,-1,-66.42930108308792,-7262.021799102426,0.019143752175426385,0.9649122807017544,0.8175224833188279
YBR054W,-1,-66.49193331599236,-5192.661620929837,0.019137091162143353,0.9649122807017544,0.8178125906585436
YER185W,-1,-66.52937191724777,-6371.410312905908,0.019130434782608695,0.9649122807017544,0.8181026979982594
YDR378C,-1,-66.54300677776337,-8939.689244434237,0.01912378303198887,0.9649122807017544,0.8183928053379751
YLR258W,0,-66.55955040454865,-5458.581902623177,0.01912378303198887,0.9649122807017544,0.8183928053379751
YJR061W,0,-66.56664851307869,-7352.3320544958115,0.01912378303198887,0.9649122807017544,0.8183928053379751
YLR181C,-1,-66.58634527027607,-8151.363810639828,0.019117135905457074,0.9649122807017544,0.8186829126776908
YLL029W,-1,-66.59618824720383,-5984.419871583581,0.01911049339819319,0.9649122807017544,0.8189730200174065
YDL243C,0,-66.66202884912491,-6234.75000718236,0.01911049339819319,0.9649122807017544,0.8189730200174065
YOR044W,0,-66.68676337599754,-5541.511307299137,0.01911049339819319,0.9649122807017544,0.8189730200174065
YEL037C,-1,-66.70311951637268,-8794.297252833843,0.019103855505383814,0.9649122807017544,0.8192631273571221
YOL013C,-1,-66.75090181827545,-6159.301514282823,0.019097222222222224,0.9649122807017544,0.8195532346968378
YGR052W,-1,-66.76470696926117,-5883.606126070023,0.019090593543908366,0.9649122807017544,0.8198433420365535
YGL112C,-1,-66.76724475622177,-9503.38083986938,0.019083969465648856,0.9649122807017544,0.8201334493762692
YCR068W,-1,-66.77366489171982,-6095.094643056393,0.019077349982656956,0.9649122807017544,0.8204235567159849
YNR023W,-1,-66.78804704546928,-7587.9723967164755,0.019070735090152564,0.9649122807017544,0.8207136640557006
YLR344W,0,-66.80100871622562,-8048.25832856819,0.019070735090152564,0.9649122807017544,0.8207136640557006
YKL163W,0,-66.85080677270889,-5494.6429397165775,0.019070735090152564,0.9649122807017544,0.8207136640557006
YDR151C,-1,-66.87189042568207,-5946.012904256582,0.019064124783362217,0.9649122807017544,0.8210037713954162
YBR269C,0,-66.93958905339241,-5826.0731803923845,0.019064124783362217,0.9649122807017544,0.8210037713954162
YIL151C,0,-66.94058476388454,-7343.033261395991,0.019064124783362217,0.9649122807017544,0.8210037713954162
YIL111W,-1,-66.9442809522152,-5871.602680936456,0.019057519057519057,0.9649122807017544,0.821293878735132
YGR088W,-1,-66.96356880664825,-5462.401995375752,0.019050917907862834,0.9649122807017544,0.8215839860748477
YLR256W,-1,-67.0351273715496,-6154.532004922628,0.019044321329639888,0.9649122807017544,0.8218740934145634
YNR007C,-1,-67.09579423069954,-5924.087813988328,0.01903772931810315,0.9649122807017544,0.8221642007542791
YLR206W,-1,-67.18851473927498,-5459.601853057742,0.01903114186851211,0.9649122807017544,0.8224543080939948
YMR040W,0,-67.21141976118088,-6385.601776719093,0.01903114186851211,0.9649122807017544,0.8224543080939948
YPL005W,0,-67.25748378038406,-6292.3510201871395,0.01903114186851211,0.9649122807017544,0.8224543080939948
YOL082W,-1,-67.3075393140316,-5581.458396881819,0.019024558976132824,0.9649122807017544,0.8227444154337105
YJR031C,-1,-67.31716480851173,-9445.524361982942,0.019017980636237896,0.9649122807017544,0.8230345227734261
YEL058W,0,-67.33815452456474,-7114.334674268961,0.019017980636237896,0.9649122807017544,0.8230345227734261
YOR265W,-1,-67.35032232105732,-8613.273725919425,0.019011406844106463,0.9649122807017544,0.8233246301131418
YMR173W,-1,-67.36650124192238,-5209.141421616077,0.019004837595024186,0.9649122807017544,0.8236147374528575
YIL117C,-1,-67.36960554122925,-6019.430758193135,0.018998272884283247,0.9649122807017544,0.8239048447925732
YOR148C,-1,-67.40250231325626,-9720.298233971,0.01899171270718232,0.9649122807017544,0.824194952132289
YMR053C,0,-67.4048547744751,-6262.27770704031,0.01899171270718232,0.9649122807017544,0.824194952132289
YBL078C,-1,-67.4516676068306,-5539.884200721979,0.018985157059026578,0.9649122807017544,0.8244850594720047
YGR255C,0,-67.514004945755,-5889.8510235100985,0.018985157059026578,0.9649122807017544,0.8244850594720047
YHR080C,0,-67.55963131785393,-7129.422494024038,0.018985157059026578,0.9649122807017544,0.8244850594720047
YDR099W,-1,-67.56801247596741,-6430.206531405449,0.018978605935127676,0.9649122807017544,0.8247751668117204
YML077W,-1,-67.58483847975731,-7351.12467366457,0.018972059330803724,0.9649122807017544,0.825065274151436
YJL141C,-1,-67.60390269756317,-5603.848710849881,0.01896551724137931,0.9649122807017544,0.8253553814911517
YHR103W,0,-67.6081475019455,-7591.3745418787,0.01896551724137931,0.9649122807017544,0.8253553814911517
YOR254C,0,-67.67624838650227,-9311.937954843044,0.01896551724137931,0.9649122807017544,0.8253553814911517
YBL064C,-1,-67.67909026145935,-5849.1809248924255,0.018958979662185453,0.9649122807017544,0.8256454888308674
YIL097W,-1,-67.70423167943954,-5786.376052632928,0.018952446588559616,0.9649122807017544,0.8259355961705831
YLR170C,0,-67.73849345743656,-7214.541114628315,0.018952446588559616,0.9649122807017544,0.8259355961705831
YLR256W-A,-1,-67.77996590733528,-7014.9017162323,0.018945918015845678,0.9649122807017544,0.8262257035102988
YML116W,0,-67.79633489251137,-5957.662082791328,0.018945918015845678,0.9649122807017544,0.8262257035102988
YKL035W,-1,-67.90132334828377,-5338.905831962824,0.01893939393939394,0.9649122807017544,0.8265158108500145
YJR042W,-1,-67.92653013765812,-9133.174316108227,0.0189328743545611,0.9649122807017544,0.8268059181897301
YGR183C,-1,-67.9507514834404,-6811.305195823312,0.018926359256710254,0.9649122807017544,0.8270960255294459
YDL165W,-1,-67.95662187039852,-8309.185800462961,0.01891984864121087,0.9649122807017544,0.8273861328691616
YMR110C,0,-67.96496891975403,-5657.253593817353,0.01891984864121087,0.9649122807017544,0.8273861328691616
YOR347C,0,-68.01446342468262,-5484.063236415386,0.01891984864121087,0.9649122807017544,0.8273861328691616
YOR134W,0,-68.04533874988556,-5887.307505518198,0.01891984864121087,0.9649122807017544,0.8273861328691616
YGL100W,0,-68.0954350978136,-9015.911034882069,0.01891984864121087,0.9649122807017544,0.8273861328691616
YDL174C,-1,-68.10934390127659,-7061.260654523969,0.01891334250343879,0.9649122807017544,0.8276762402088773
YGR043C,0,-68.13194593787193,-5764.5630744844675,0.01891334250343879,0.9649122807017544,0.8276762402088773
YOL034W,-1,-68.13397212326527,-7681.653215974569,0.018906840838776213,0.9649122807017544,0.827966347548593
YOR173W,-1,-68.17603993415833,-5673.838631466031,0.018900343642611683,0.9649122807017544,0.8282564548883087
YDR168W,-1,-68.1827586889267,-6631.211641430855,0.018893850910340088,0.9649122807017544,0.8285465622280244
YIL087C,0,-68.19967669248581,-5490.831907942891,0.018893850910340088,0.9649122807017544,0.8285465622280244
YDR096W,-1,-68.20689797401428,-6366.577916130424,0.018887362637362636,0.9649122807017544,0.82883666956774
YLR080W,0,-68.21124732494354,-6438.528433293104,0.018887362637362636,0.9649122807017544,0.82883666956774
YJR135C,-1,-68.24425518512726,-7425.667336374521,0.01888087881908685,0.9649122807017544,0.8291267769074557
YDR155C,-1,-68.28273922204971,-6456.615186780691,0.01887439945092656,0.9649122807017544,0.8294168842471714
YER129W,-1,-68.32643030583858,-9843.122746631503,0.018867924528301886,0.9649122807017544,0.8297069915868871
YIL136W,0,-68.3328772187233,-5619.320940062404,0.018867924528301886,0.9649122807017544,0.8297069915868871
YML080W,-1,-68.3408417403698,-8503.729899972677,0.01886145404663923,0.9649122807017544,0.8299970989266029
YKL129C,-1,-68.34457379579544,-6397.289606243372,0.01885498800137127,0.9649122807017544,0.8302872062663186
YDR511W,0,-68.37333130836487,-6900.812924310565,0.01885498800137127,0.9649122807017544,0.8302872062663186
YKL217W,-1,-68.39933675527573,-6724.225185841322,0.018848526387936944,0.9649122807017544,0.8305773136060343
YIL101C,0,-68.4183599948883,-5275.184127509594,0.018848526387936944,0.9649122807017544,0.8305773136060343
YDL142C,-1,-68.42851036787033,-5876.509926602244,0.01884206920178143,0.9649122807017544,0.83086742094575
YLR164W,-1,-68.43385088443756,-6535.225838243961,0.018835616438356163,0.9649122807017544,0.8311575282854656
YPL057C,-1,-68.44684490561485,-7575.101416826248,0.018829168093118794,0.9649122807017544,0.8314476356251813
YAL042W,0,-68.48497044667602,-8863.750168420374,0.018829168093118794,0.9649122807017544,0.8314476356251813
YKR058W,0,-68.53074616193771,-6509.243367642164,0.018829168093118794,0.9649122807017544,0.8314476356251813
YLR026C,0,-68.5866784453392,-9492.241325587034,0.018829168093118794,0.9649122807017544,0.8314476356251813
YPR191W,-1,-68.61027252674103,-6621.510754644871,0.018822724161533196,0.9649122807017544,0.831737742964897
YGL045W,-1,-68.63775968551636,-6032.46552413702,0.01881628463906945,0.9649122807017544,0.8320278503046127
YBR253W,-1,-68.66103066504002,-7209.559848859906,0.01880984952120383,0.9649122807017544,0.8323179576443284
YFL037W,-1,-68.73412826657295,-7942.829152092338,0.018803418803418803,0.9649122807017544,0.832608064984044
YBR257W,-1,-68.73927214741707,-9884.469112455845,0.018796992481203006,0.9649122807017544,0.8328981723237598
YKL052C,-1,-68.74235889315605,-7090.564725399017,0.018790570550051247,0.9649122807017544,0.8331882796634755
YKL039W,0,-68.7615534067154,-6565.643325030804,0.018790570550051247,0.9649122807017544,0.8331882796634755
YGL213C,-1,-68.82280679047108,-10149.481632873416,0.01878415300546448,0.9649122807017544,0.8334783870031912
YDR156W,-1,-68.83852085471153,-8002.510037317872,0.018777739842949812,0.9649122807017544,0.8337684943429069
YPL052W,0,-68.89184202253819,-10076.06650699675,0.018777739842949812,0.9649122807017544,0.8337684943429069
YDR316W-A,-1,-68.89708690345287,-7353.1019282490015,0.01877133105802048,0.9649122807017544,0.8340586016826226
YBR148W,0,-68.94412660598755,-6062.491914510727,0.01877133105802048,0.9649122807017544,0.8340586016826226
YIL061C,-1,-68.95588400959969,-8082.168312765658,0.018764926646195838,0.9649122807017544,0.8343487090223383
YGL153W,-1,-69.01170146465302,-8956.388922803104,0.018758526603001365,0.9649122807017544,0.834638816362054
YCL052C,-1,-69.01454204320908,-6138.376750931144,0.018752130923968633,0.9649122807017544,0.8349289237017696
YIR036C,0,-69.02600583434105,-5618.394656121731,0.018752130923968633,0.9649122807017544,0.8349289237017696
YJL100W,-1,-69.03324979543686,-6393.083822414279,0.01874573960463531,0.9649122807017544,0.8352190310414853
YNR016C,-1,-69.05055725574493,-8985.65228304267,0.018739352640545145,0.9649122807017544,0.835509138381201
YDR311W,-1,-69.0822629481554,-9552.539594113827,0.018732970027247955,0.9649122807017544,0.8357992457209168
YPL117C,-1,-69.11052168905735,-8062.3174872249365,0.018726591760299626,0.9649122807017544,0.8360893530606325
YBR029C,-1,-69.11119718849659,-10278.395522043109,0.018720217835262083,0.9649122807017544,0.8363794604003482
YDL202W,-1,-69.14281906187534,-8749.200460538268,0.0187138482477033,0.9649122807017544,0.8366695677400638
YPL075W,-1,-69.1923479437828,-5795.2554218024015,0.01870748299319728,0.9649122807017544,0.8369596750797795
YDL004W,-1,-69.26520258188248,-6913.522189885378,0.01870112206732404,0.9649122807017544,0.8372497824194952
YOR354C,-1,-69.35686445236206,-7457.384383305907,0.018694765465669613,0.9649122807017544,0.8375398897592109
YNL197C,-1,-69.38804090023041,-7833.756631240249,0.018688413183826028,0.9649122807017544,0.8378299970989266
YOR136W,-1,-69.4466181397438,-6776.990989983082,0.018682065217391304,0.9649122807017544,0.8381201044386423
YNL099C,-1,-69.47180636227131,-9841.048376068473,0.01867572156196944,0.9649122807017544,0.838410211778358
YKR066C,-1,-69.48526287078857,-5705.629072025418,0.0186693822131704,0.9649122807017544,0.8387003191180736
YDR104C,-1,-69.49584050476551,-7749.634598597884,0.018663047166610113,0.9649122807017544,0.8389904264577894
YMR293C,-1,-69.50540444254875,-7271.869056634605,0.018656716417910446,0.9649122807017544,0.8392805337975051
YOR115C,0,-69.58218166232109,-10032.804214298725,0.018656716417910446,0.9649122807017544,0.8392805337975051
YBR187W,0,-69.58781009912491,-7877.168629869819,0.018656716417910446,0.9649122807017544,0.8392805337975051
YLL019C,-1,-69.65835803747177,-5976.699073120952,0.01865038996269922,0.9649122807017544,0.8395706411372208
YKL062W,-1,-69.72394555807114,-6485.757813021541,0.01864406779661017,0.9649122807017544,0.8398607484769365
YMR056C,-1,-69.75362038612366,-6697.569873407483,0.018637749915282956,0.9649122807017544,0.8401508558166522
YMR190C,-1,-69.7551853954792,-8313.155010521412,0.018631436314363144,0.9649122807017544,0.8404409631563678
YDL046W,-1,-69.85653901100159,-7033.685724645853,0.0186251269895022,0.9649122807017544,0.8407310704960835
YOR230W,-1,-69.90611982345581,-6429.332497730851,0.018618821936357482,0.9649122807017544,0.8410211778357992
YJL197W,-1,-69.9225260168314,-8285.910652428865,0.018612521150592216,0.9649122807017544,0.8413112851755149
YMR250W,-1,-69.95716404914856,-5400.22496303916,0.018606224627875506,0.9649122807017544,0.8416013925152306
YOR058C,-1,-69.9626526683569,-7823.963341332972,0.018599932363882313,0.9649122807017544,0.8418914998549464
YLR410W-B,-1,-69.97110217809677,-7080.3669107705355,0.01859364435429344,0.9649122807017544,0.8421816071946621
YPR149W,0,-69.9937111735344,-6839.652572602034,0.01859364435429344,0.9649122807017544,0.8421816071946621
YCR093W,-1,-70.02922542393208,-9834.250850580633,0.01858736059479554,0.9649122807017544,0.8424717145343777
YJL133C-A,0,-70.03717878460884,-8003.624014489353,0.01858736059479554,0.9649122807017544,0.8424717145343777
YLR015W,0,-70.1098987609148,-8603.753843843937,0.01858736059479554,0.9649122807017544,0.8424717145343777
YML092C,-1,-70.11822616308928,-7096.247282750905,0.018581081081081082,0.9649122807017544,0.8427618218740934
YLR332W,-1,-70.12234748899937,-8683.388388857245,0.018574805808848363,0.9649122807017544,0.8430519292138091
YFR015C,0,-70.23093461990356,-6436.098103687167,0.018574805808848363,0.9649122807017544,0.8430519292138091
YMR205C,0,-70.23600268363953,-5794.399492844939,0.018574805808848363,0.9649122807017544,0.8430519292138091
YHR171W,-1,-70.25390428304672,-6243.17951259017,0.018568534773801486,0.9649122807017544,0.8433420365535248
YDR201W,-1,-70.28078472614288,-9830.92064397037,0.018562267971650354,0.9649122807017544,0.8436321438932405
YAL031C,-1,-70.30971664190292,-6332.071718841791,0.018556005398110663,0.9649122807017544,0.8439222512329562
YKL180W,0,-70.32679435610771,-8073.90808288753,0.018556005398110663,0.9649122807017544,0.8439222512329562
YDR525W-A,0,-70.3371364325285,-6948.029429033399,0.018556005398110663,0.9649122807017544,0.8439222512329562
YPL174C,-1,-70.34547986090183,-9563.874956354499,0.01854974704890388,0.9649122807017544,0.8442123585726719
YNL090W,-1,-70.496696382761,-8157.1287638098,0.018543492919757248,0.9649122807017544,0.8445024659123875
YGL196W,0,-70.5183287858963,-6684.768763393164,0.018543492919757248,0.9649122807017544,0.8445024659123875
YNL322C,0,-70.55237439274788,-6398.486478045583,0.018543492919757248,0.9649122807017544,0.8445024659123875
YFL059W,0,-70.58578008413315,-6082.615126848221,0.018543492919757248,0.9649122807017544,0.8445024659123875
YAL054C,0,-70.59840482473373,-6747.333588063717,0.018543492919757248,0.9649122807017544,0.8445024659123875
YDR161W,0,-70.6223613023758,-8276.80180284381,0.018543492919757248,0.9649122807017544,0.8445024659123875
YPL222W,0,-70.65363430976868,-6515.449688106775,0.018543492919757248,0.9649122807017544,0.8445024659123875
YEL013W,-1,-70.67986786365509,-7591.720197368413,0.018537243006403775,0.9649122807017544,0.8447925732521033
YOL083W,0,-70.76689332723618,-5766.373555496335,0.018537243006403775,0.9649122807017544,0.8447925732521033
YPL214C,0,-70.81581547856331,-6321.581726998091,0.018537243006403775,0.9649122807017544,0.8447925732521033
YNL259C,-1,-70.82296516373754,-9539.741684589535,0.01853099730458221,0.9649122807017544,0.845082680591819
YNL290W,-1,-70.83548507094383,-9635.502365469933,0.018524755810037048,0.9649122807017544,0.8453727879315347
YPL153C,-1,-70.87783715873957,-8940.923676796257,0.018518518518518517,0.9649122807017544,0.8456628952712504
YPL084W,-1,-70.94109618663788,-6673.590937882662,0.018512285425782565,0.9649122807017544,0.8459530026109661
YIL050W,-1,-70.96290284395218,-6927.4725069105625,0.01850605652759085,0.9649122807017544,0.8462431099506817
YOR328W,0,-70.97778496146202,-8237.409591853619,0.01850605652759085,0.9649122807017544,0.8462431099506817
YLR467W,-1,-70.99034789204597,-7619.1082277596,0.01849983181971073,0.9649122807017544,0.8465332172903974
YJL057C,-1,-71.02161747217178,-5634.557224452496,0.018493611297915265,0.9649122807017544,0.8468233246301131
YPR026W,0,-71.09177964925766,-6472.669439360499,0.018493611297915265,0.9649122807017544,0.8468233246301131
YGR056W,-1,-71.15803696215153,-8137.441044330597,0.018487394957983194,0.9649122807017544,0.8471134319698288
YKR067W,-1,-71.16950775682926,-5786.538434505463,0.018481182795698926,0.9649122807017544,0.8474035393095445
YBR280C,-1,-71.22202384471893,-5844.75111451745,0.018474974806852538,0.9649122807017544,0.8476936466492603
YAL021C,-1,-71.36121746897697,-7534.624583601952,0.018468770987239758,0.9649122807017544,0.847983753988976
YEL072W,0,-71.36859782785177,-7054.888479165733,0.018468770987239758,0.9649122807017544,0.847983753988976
YBL039W-B,0,-71.3707934319973,-7087.552916586399,0.018468770987239758,0.9649122807017544,0.847983753988976
YHR016C,-1,-71.4557501077652,-5622.627360016108,0.018462571332661968,0.9649122807017544,0.8482738613286916
YDL005C,-1,-71.49712400138378,-10070.942431092262,0.018456375838926176,0.9649122807017544,0.8485639686684073
YGL210W-A,-1,-71.52571293711662,-6952.9830126315355,0.01845018450184502,0.9649122807017544,0.848854076008123
YJL050W,-1,-71.57305248081684,-8487.295439839363,0.018443997317236754,0.9649122807017544,0.8491441833478387
YBL072C,-1,-71.66358730196953,-9164.967214554548,0.01843781428092524,0.9649122807017544,0.8494342906875544
YGR194C,0,-71.81578204035759,-6005.321688592434,0.01843781428092524,0.9649122807017544,0.8494342906875544
YGL035C,-1,-71.81702874600887,-10397.878465250134,0.018431635388739945,0.9649122807017544,0.8497243980272701
YOR176W,0,-71.83039635419846,-6716.676008626819,0.018431635388739945,0.9649122807017544,0.8497243980272701
YHR051W,-1,-71.85586255788803,-7002.796412497759,0.018425460636515914,0.9649122807017544,0.8500145053669858
YBR126C,0,-71.89376467466354,-5643.85410644114,0.018425460636515914,0.9649122807017544,0.8500145053669858
YOR343W-A,-1,-71.9241299033165,-7534.729927122593,0.018419290020093772,0.9649122807017544,0.8503046127067014
YBL003C,-1,-71.96923077106476,-8001.165998503566,0.01841312353531972,0.9649122807017544,0.8505947200464172
YIL127C,0,-71.9888179153204,-9602.16430414468,0.01841312353531972,0.9649122807017544,0.8505947200464172
YDR453C,-1,-72.03091090917587,-6061.567729011178,0.018406961178045515,0.9649122807017544,0.8508848273861329
YGR024C,-1,-72.136249512434,-9242.741917803884,0.01840080294412847,0.9649122807017544,0.8511749347258486
YJL110C,-1,-72.14118540287018,-8725.846164800227,0.01839464882943144,0.9649122807017544,0.8514650420655643
YDL133W,0,-72.16082206368446,-8598.463917896152,0.01839464882943144,0.9649122807017544,0.8514650420655643
YOL039W,-1,-72.16268622875214,-8650.908069506288,0.0183884988298228,0.9649122807017544,0.85175514940528
YPR141C,-1,-72.19130399823189,-11038.42504811287,0.01838235294117647,0.9649122807017544,0.8520452567449956
YEL024W,-1,-72.26584523916245,-7047.260795235634,0.018376211159371866,0.9649122807017544,0.8523353640847113
YBR078W,0,-72.27180011570454,-8331.119688086212,0.018376211159371866,0.9649122807017544,0.8523353640847113
YPL015C,-1,-72.28151547908783,-7077.217312663794,0.01837007348029392,0.9649122807017544,0.852625471424427
YDR059C,-1,-72.29390251636505,-6847.309102803469,0.018363939899833055,0.9649122807017544,0.8529155787641427
YML042W,-1,-72.30475956201553,-6419.75981657207,0.018357810413885182,0.9649122807017544,0.8532056861038584
YOR016C,0,-72.35843509435654,-10028.231183513999,0.018357810413885182,0.9649122807017544,0.8532056861038584
YPL051W,-1,-72.3801699578762,-8677.202859655023,0.018351685018351684,0.9649122807017544,0.8534957934435741
YEL060C,0,-72.43355512619019,-5820.345000192523,0.018351685018351684,0.9649122807017544,0.8534957934435741
YBR075W,0,-72.45992064476013,-8149.001637786627,0.018351685018351684,0.9649122807017544,0.8534957934435741
YER069W,0,-72.48279777169228,-6859.823191702366,0.018351685018351684,0.9649122807017544,0.8534957934435741
YBR298C,-1,-72.49713551998138,-6774.6671728640795,0.018345563709139426,0.9649122807017544,0.8537859007832899
YEL043W,0,-72.51201808452606,-9510.976171974093,0.018345563709139426,0.9649122807017544,0.8537859007832899
YLR097C,-1,-72.5353986620903,-6490.821999058127,0.01833944648216072,0.9649122807017544,0.8540760081230055
YHR206W,-1,-72.62239068746567,-9485.78088723123,0.018333333333333333,0.9649122807017544,0.8543661154627212
YDR368W,-1,-72.65038277208805,-7532.823381781578,0.018327224258580473,0.9649122807017544,0.8546562228024369
YER087C-B,-1,-72.72976358234882,-8273.541897654533,0.01832111925383078,0.9649122807017544,0.8549463301421526
YGL047W,-1,-72.73842853307724,-7620.988671794534,0.018315018315018316,0.9649122807017544,0.8552364374818683
YLL055W,-1,-72.86733746528625,-6632.62868091464,0.018308921438082555,0.9649122807017544,0.855526544821584
YDR363W-A,-1,-72.8883471339941,-7785.688236899674,0.018302828618968387,0.9649122807017544,0.8558166521612997
YMR135C,-1,-72.93401938676834,-6148.203645542264,0.018296739853626082,0.9649122807017544,0.8561067595010153
YER122C,0,-72.98462456464767,-9257.577672585845,0.018296739853626082,0.9649122807017544,0.8561067595010153
YPL030W,-1,-73.01694098114967,-9211.330976098776,0.018290655138011307,0.9649122807017544,0.856396866840731
YOR129C,-1,-73.05590553581715,-7811.529611423612,0.018284574468085107,0.9649122807017544,0.8566869741804468
YKL103C,0,-73.07054460048676,-5972.981325536966,0.018284574468085107,0.9649122807017544,0.8566869741804468
YOR100C,-1,-73.08523046970367,-6749.978646636009,0.018278497839813893,0.9649122807017544,0.8569770815201625
YNL156C,-1,-73.10289931297302,-7198.0086365789175,0.018272425249169437,0.9649122807017544,0.8572671888598782
YNL047C,-1,-73.16565871238708,-8713.036978319287,0.018266356692128862,0.9649122807017544,0.8575572961995939
YOL060C,-1,-73.18297702074051,-6712.028722807765,0.018260292164674636,0.9649122807017544,0.8578474035393095
YBR264C,0,-73.29281517863274,-9538.92323973775,0.018260292164674636,0.9649122807017544,0.8578474035393095
YLR364W,0,-73.304093927145,-7210.146738484502,0.018260292164674636,0.9649122807017544,0.8578474035393095
YFR041C,-1,-73.32061940431595,-8664.421211719513,0.018254231662794558,0.9649122807017544,0.8581375108790252
YLR451W,-1,-73.34759797155857,-8515.93685157597,0.01824817518248175,0.9649122807017544,0.8584276182187409
YBR245C,-1,-73.34803104400635,-10525.436981841922,0.01824212271973466,0.9649122807017544,0.8587177255584566
YNR075W,-1,-73.3486867249012,-7719.87914969027,0.01823607427055703,0.9649122807017544,0.8590078328981723
YHR003C,-1,-73.38846424221992,-8138.870784908533,0.018230029830957905,0.9649122807017544,0.859297940237888
YCR079W,-1,-73.38904982805252,-6742.179035931826,0.018223989396951624,0.9649122807017544,0.8595880475776038
YPL133C,0,-73.45032545924187,-8188.356401875615,0.018223989396951624,0.9649122807017544,0.8595880475776038
YIL099W,-1,-73.45041626691818,-5692.229398578405,0.0182179529645578,0.9649122807017544,0.8598781549173194
YOR155C,0,-73.46495974063873,-6574.473660230637,0.0182179529645578,0.9649122807017544,0.8598781549173194
YCR017C,-1,-73.55384749174118,-8013.076169282198,0.018211920529801324,0.9649122807017544,0.8601682622570351
YDL083C,-1,-73.56846041977406,-8520.374524652958,0.018205892088712348,0.9649122807017544,0.8604583695967508
YBR001C,0,-73.68076795339584,-6350.870510473847,0.018205892088712348,0.9649122807017544,0.8604583695967508
YDR227W,-1,-73.68837113678455,-8340.1843816638,0.018199867637326273,0.9649122807017544,0.8607484769364665
YBL090W,-1,-73.75190380215645,-9147.041183032095,0.018193847171683757,0.9649122807017544,0.8610385842761822
YBR213W,-1,-73.75941820442677,-7513.069768954068,0.018187830687830687,0.9649122807017544,0.8613286916158979
YML036W,1,-73.8173559308052,-8912.148942045867,0.018512396694214877,0.9824561403508771,0.8613286916158979
YML102W,-1,-73.87567760050297,-10961.24726422131,0.018506278916060808,0.9824561403508771,0.8616187989556136
YLL028W,-1,-73.95680405199528,-7467.389588996768,0.01850016518004625,0.9824561403508771,0.8619089062953292
YPL254W,-1,-74.05654768645763,-9897.113156333566,0.018494055482166448,0.9824561403508771,0.8621990136350449
YLR081W,-1,-74.10868155956268,-6287.803603798151,0.01848794981842192,0.9824561403508771,0.8624891209747607
YBL020W,-1,-74.12269167602062,-8348.450386494398,0.018481848184818482,0.9824561403508771,0.8627792283144764
YJL121C,0,-74.1247431486845,-10079.42810358107,0.018481848184818482,0.9824561403508771,0.8627792283144764
YGR285C,-1,-74.19766309857368,-9718.106708094478,0.018475750577367205,0.9824561403508771,0.8630693356541921
YEL036C,-1,-74.21770465373993,-9063.718723803759,0.018469656992084433,0.9824561403508771,0.8633594429939078
YPR166C,-1,-74.25026324391365,-8312.753544017673,0.018463567424991757,0.9824561403508771,0.8636495503336235
YIL017C,-1,-74.284632563591,-7591.83880315721,0.01845748187211602,0.9824561403508771,0.8639396576733391
YCL037C,0,-74.30693884193897,-9256.05423848331,0.01845748187211602,0.9824561403508771,0.8639396576733391
YOL059W,0,-74.36915588378906,-6310.782515287399,0.01845748187211602,0.9824561403508771,0.8639396576733391
YDR351W,0,-74.51579989492893,-8690.79715923965,0.01845748187211602,0.9824561403508771,0.8639396576733391
YGL134W,-1,-74.5236978828907,-8233.044910281897,0.018451400329489293,0.9824561403508771,0.8642297650130548
YOL103W-B,-1,-74.54188510775566,-7544.146253168583,0.01844532279314888,0.9824561403508771,0.8645198723527705
YDL085W,0,-74.57804328203201,-6854.883376523852,0.01844532279314888,0.9824561403508771,0.8645198723527705
YLR229C,-1,-74.58387322723866,-9865.714826479554,0.018439249259137307,0.9824561403508771,0.8648099796924862
YBR223C,-1,-74.75865685939789,-6598.174289286137,0.018433179723502304,0.9824561403508771,0.8651000870322019
YHL004W,-1,-74.81392516940832,-10227.791253689677,0.018427114182296808,0.9824561403508771,0.8653901943719177
YMR093W,-1,-74.82571467757225,-9566.525431454182,0.018421052631578946,0.9824561403508771,0.8656803017116333
YKL064W,-1,-74.85359832644463,-6978.774980470538,0.018414995067412034,0.9824561403508771,0.865970409051349
YNL152W,-1,-74.85451832413673,-10121.418742090464,0.018408941485864562,0.9824561403508771,0.8662605163910647
YOR042W,0,-74.86243432760239,-6636.109973549843,0.018408941485864562,0.9824561403508771,0.8662605163910647
YBR158W,-1,-74.88487857580185,-9226.540369138122,0.018402891883010187,0.9824561403508771,0.8665506237307804
YOL032W,-1,-74.8871978521347,-6811.706056967378,0.018396846254927726,0.9824561403508771,0.8668407310704961
YGR257C,-1,-74.90141746401787,-8953.947072774172,0.01839080459770115,0.9824561403508771,0.8671308384102118
YMR041C,0,-74.95132350921631,-6255.653376981616,0.01839080459770115,0.9824561403508771,0.8671308384102118
YDR337W,-1,-75.03783781081438,-9140.311503078789,0.018384766907419567,0.9824561403508771,0.8674209457499275
YDL079C,-1,-75.06581747531891,-6630.652299314737,0.018378733180177225,0.9824561403508771,0.8677110530896431
YMR104C,-1,-75.09751069545746,-6619.052631005645,0.01837270341207349,0.9824561403508771,0.8680011604293588
YPL232W,-1,-75.15825247764587,-8444.057319059968,0.018366677599212858,0.9824561403508771,0.8682912677690745
YJR010W,0,-75.17445287108421,-6838.93620352447,0.018366677599212858,0.9824561403508771,0.8682912677690745
YOR313C,-1,-75.1756288856268,-8107.35892739892,0.018360655737704918,0.9824561403508771,0.8685813751087903
YLR375W,0,-75.18619185686111,-6407.473347708583,0.018360655737704918,0.9824561403508771,0.8685813751087903
YFR003C,-1,-75.24932172894478,-6936.194473519921,0.018354637823664373,0.9824561403508771,0.868871482448506
YGL019W,1,-75.29820461571217,-9585.803455919027,0.018676277850589777,1.0,0.868871482448506
YEL070W,0,-75.31065091490746,-7274.177447378635,0.018676277850589777,1.0,0.868871482448506
YOR278W,0,-75.32854318618774,-9192.953175127506,0.018676277850589777,1.0,0.868871482448506
YBR130C,0,-75.34661468863487,-9829.156770333648,0.018676277850589777,1.0,0.868871482448506
YPL151C,-1,-75.42168048024178,-9226.028252586722,0.018670160497870947,1.0,0.8691615897882217
YLR268W,0,-75.45827095210552,-9222.842037722468,0.018670160497870947,1.0,0.8691615897882217
YKL201C,-1,-75.50957804918289,-7433.412611685693,0.018664047151277015,1.0,0.8694516971279374
YNL023C,0,-75.51690271496773,-9069.161403641105,0.018664047151277015,1.0,0.8694516971279374
YBR254C,0,-75.54523678123951,-9714.025807395577,0.018664047151277015,1.0,0.8694516971279374
YCL014W,-1,-75.5753193795681,-8078.7530727386475,0.018657937806873977,1.0,0.869741804467653
YDL035C,-1,-75.57686412334442,-6661.4721906632185,0.018651832460732983,1.0,0.8700319118073687
YGL105W,-1,-75.62715020775795,-9644.804900452495,0.018645731108930325,1.0,0.8703220191470844
YDR508C,-1,-75.63808017969131,-8061.2017386853695,0.018639633747547416,1.0,0.8706121264868001
YIL018W,0,-75.67107431590557,-8885.584814466536,0.018639633747547416,1.0,0.8706121264868001
YOL110W,0,-75.87122076749802,-7055.822512149811,0.018639633747547416,1.0,0.8706121264868001
YGL032C,-1,-75.88859683275223,-9537.722382485867,0.018633540372670808,1.0,0.8709022338265158
YAL007C,0,-75.8940204679966,-8678.40948779881,0.018633540372670808,1.0,0.8709022338265158
YEL044W,0,-75.90122649073601,-9277.814922064543,0.018633540372670808,1.0,0.8709022338265158
YHR146W,0,-75.92839436233044,-8073.210346087813,0.018633540372670808,1.0,0.8709022338265158
YNR028W,-1,-75.96273772418499,-10744.886689797044,0.018627450980392157,1.0,0.8711923411662315
YGR155W,0,-75.9907539486885,-8879.29507675767,0.018627450980392157,1.0,0.8711923411662315
YGR254W,-1,-75.99090248346329,-6177.019280910492,0.018621365566808233,1.0,0.8714824485059472
YMR136W,0,-76.03103679418564,-6873.772771954536,0.018621365566808233,1.0,0.8714824485059472
YEL006W,0,-76.05425649881363,-7925.138155147433,0.018621365566808233,1.0,0.8714824485059472
YBR059C,-1,-76.08593285083771,-6753.096117198467,0.018615284128020902,1.0,0.8717725558456629
YOR092W,0,-76.25583162903786,-7880.172850459814,0.018615284128020902,1.0,0.8717725558456629
YNL316C,0,-76.34776467084885,-9245.270540744066,0.018615284128020902,1.0,0.8717725558456629
YOL007C,0,-76.41014558076859,-7933.96403054893,0.018615284128020902,1.0,0.8717725558456629
YOL006C,-1,-76.4357060790062,-9363.061261340976,0.01860920666013712,1.0,0.8720626631853786
YER062C,-1,-76.47138629853725,-8234.491805955768,0.01860313315926893,1.0,0.8723527705250943
YHR012W,-1,-76.47606624662876,-9276.580098763108,0.018597063621533443,1.0,0.87264287786481
YER003C,-1,-76.4855344593525,-8170.111661747098,0.018590998043052837,1.0,0.8729329852045257
YDR454C,0,-76.49775053560734,-8643.015103533864,0.018590998043052837,1.0,0.8729329852045257
YHL027W,-1,-76.54227700829506,-7418.480001434684,0.018584936419954352,1.0,0.8732230925442414
YIL153W,-1,-76.62480688095093,-6997.103585422039,0.018578878748370272,1.0,0.873513199883957
YHL036W,-1,-76.71394664049149,-6017.129947155714,0.01857282502443793,1.0,0.8738033072236727
YGR061C,0,-76.71833109855652,-9423.3780567348,0.01857282502443793,1.0,0.8738033072236727
YJR059W,-1,-76.73995423316956,-6514.233420178294,0.018566775244299675,1.0,0.8740934145633884
YLR033W,-1,-76.86080574989319,-8307.593741089106,0.0185607294041029,1.0,0.8743835219031042
YMR316W,-1,-76.9142199754715,-8214.632235854864,0.0185546875,1.0,0.8746736292428199
YLR460C,0,-76.95990405976772,-9006.23326805979,0.0185546875,1.0,0.8746736292428199
YMR022W,-1,-76.97021752595901,-7432.858346059918,0.01854864952814839,1.0,0.8749637365825356
YER032W,-1,-77.0278847515583,-8543.185343503952,0.018542615484710475,1.0,0.8752538439222513
YOR267C,-1,-77.06034272909164,-6154.876011297107,0.018536585365853658,1.0,0.8755439512619669
YNR043W,-1,-77.11034533381462,-9869.577251806855,0.018530559167750326,1.0,0.8758340586016826
YLR242C,-1,-77.12348678708076,-8510.37870234251,0.018524536886577837,1.0,0.8761241659413983
YHR018C,0,-77.23868861794472,-6536.980455249548,0.018524536886577837,1.0,0.8761241659413983
YBR210W,-1,-77.36349914968014,-7809.686687573791,0.018518518518518517,1.0,0.876414273281114
YOR079C,-1,-77.3902600556612,-9984.396814316511,0.01851250405975966,1.0,0.8767043806208297
YNL239W,0,-77.46587347984314,-6924.099206909537,0.01851250405975966,1.0,0.8767043806208297
YDR303C,-1,-77.49989573657513,-9395.363970786333,0.018506493506493506,1.0,0.8769944879605454
YNL309W,-1,-77.55327984690666,-9101.719180822372,0.018500486854917234,1.0,0.8772845953002611
YMR075W,0,-77.55804511904716,-9141.449171215296,0.018500486854917234,1.0,0.8772845953002611
YBL061C,-1,-77.71144860982895,-9749.423108547926,0.018494484101232965,1.0,0.8775747026399768
YBL008W-A,0,-77.82043671607971,-7962.458182930946,0.018494484101232965,1.0,0.8775747026399768
YDR488C,-1,-77.97634065151215,-10016.361508741975,0.018488485241647746,1.0,0.8778648099796925
YLR359W,0,-78.04510048031807,-8715.266085878015,0.018488485241647746,1.0,0.8778648099796925
YER175C,0,-78.09214010834694,-7272.104137629271,0.018488485241647746,1.0,0.8778648099796925
YDR217C,-1,-78.14543510973454,-9829.432671144605,0.01848249027237354,1.0,0.8781549173194082
YMR297W,0,-78.1463531255722,-6770.89790943265,0.01848249027237354,1.0,0.8781549173194082
YGR128C,-1,-78.21892249584198,-9078.808796569705,0.018476499189627228,1.0,0.8784450246591239
YHR141C,0,-78.23750622570515,-9366.397475361824,0.018476499189627228,1.0,0.8784450246591239
YJR135W-A,-1,-78.38530084490776,-9466.995597302914,0.01847051198963059,1.0,0.8787351319988396
YJL081C,-1,-78.43351352214813,-9857.431321308017,0.0184645286686103,1.0,0.8790252393385553
YJL134W,-1,-78.4755535274744,-9180.115723654628,0.018458549222797927,1.0,0.8793153466782709
YHR007C,-1,-78.53290131688118,-8766.156368017197,0.018452573648429914,1.0,0.8796054540179866
YGR002C,-1,-78.56688584387302,-9248.276353389025,0.018446601941747572,1.0,0.8798955613577023
YBR147W,0,-78.63874977827072,-6634.252679288387,0.018446601941747572,1.0,0.8798955613577023
YCR066W,-1,-78.6490196287632,-10538.260468065739,0.01844063409899709,1.0,0.8801856686974181
YLR288C,-1,-78.79163360595703,-8858.902144372463,0.018434670116429495,1.0,0.8804757760371338
YLL062C,0,-78.79238110780716,-8692.186237856746,0.018434670116429495,1.0,0.8804757760371338
YDR178W,-1,-78.80988997220993,-7233.016159623861,0.01842870999030068,1.0,0.8807658833768495
YCL029C,-1,-78.82822358608246,-9088.629841938615,0.018422753716871364,1.0,0.8810559907165652
YDL223C,-1,-78.84214890003204,-7237.490222319961,0.01841680129240711,1.0,0.8813460980562808
YLR210W,-1,-78.8502593934536,-7714.614303305745,0.018410852713178296,1.0,0.8816362053959965
YBR028C,-1,-78.85333091020584,-8650.396576851606,0.018404907975460124,1.0,0.8819263127357122
YLL002W,-1,-78.86104576289654,-10514.833180233836,0.018398967075532603,1.0,0.8822164200754279
YPR102C,-1,-78.89129057526588,-9347.658285528421,0.018393030009680542,1.0,0.8825065274151436
YCR073C,-1,-78.90538097918034,-9561.403857082129,0.018387096774193548,1.0,0.8827966347548593
YKR084C,0,-78.92056567966938,-9305.91339711845,0.018387096774193548,1.0,0.8827966347548593
YHR164C,-1,-78.9217418730259,-9627.548502139747,0.018381167365366012,1.0,0.8830867420945749
YAL020C,-1,-78.95271453261375,-8811.223577424884,0.0183752417794971,1.0,0.8833768494342907
YER035W,-1,-78.95374822616577,-6927.152580350637,0.018369320012890752,1.0,0.8836669567740064
YPL196W,-1,-79.00703549385071,-7106.175492182374,0.01836340206185567,1.0,0.8839570641137221
YDR050C,-1,-79.07224754989147,-7879.562362626195,0.018357487922705314,1.0,0.8842471714534378
YER109C,-1,-79.07532313466072,-10248.23202085495,0.018351577591757887,1.0,0.8845372787931535
YAL040C,-1,-79.22293050587177,-9094.508714929223,0.018345671065336338,1.0,0.8848273861328692
YGR006W,-1,-79.27607798576355,-10608.614866912365,0.01833976833976834,1.0,0.8851174934725848
YMR226C,0,-79.30481320619583,-8530.058182388544,0.01833976833976834,1.0,0.8851174934725848
YIL053W,-1,-79.312629789114,-9462.497608184814,0.0183338694113863,1.0,0.8854076008123005
YLR167W,-1,-79.3174328058958,-9379.83760432899,0.018327974276527333,1.0,0.8856977081520162
YPR042C,-1,-79.32894723117352,-7931.2075404673815,0.01832208293153327,1.0,0.8859878154917319
YLL018C-A,-1,-79.3422253280878,-8643.545136228204,0.018316195372750643,1.0,0.8862779228314477
YER026C,-1,-79.40786446630955,-8930.214211076498,0.01831031159653068,1.0,0.8865680301711634
YJR155W,0,-79.49397361278534,-6505.708255469799,0.01831031159653068,1.0,0.8865680301711634
YOR185C,0,-79.584144115448,-7307.866321071982,0.01831031159653068,1.0,0.8865680301711634
YGR118W,-1,-79.5859639197588,-9799.917346403003,0.018304431599229287,1.0,0.886858137510879
YBR026C,-1,-79.60228234529495,-7099.712778180838,0.018298555377207062,1.0,0.8871482448505947
YJL130C,0,-79.72062282264233,-9115.4920845069,0.018298555377207062,1.0,0.8871482448505947
YNL070W,-1,-79.72310355305672,-9557.78035312891,0.018292682926829267,1.0,0.8874383521903104
YOL133W,-1,-79.73158596456051,-9769.677270546556,0.01828681424446583,1.0,0.8877284595300261
YBR082C,-1,-79.84290170669556,-7899.12029902637,0.018280949326491342,1.0,0.8880185668697418
YDR074W,0,-79.88536214828491,-6898.373635575175,0.018280949326491342,1.0,0.8880185668697418
YML008C,-1,-79.91070412099361,-9776.36154653132,0.01827508816928503,1.0,0.8883086742094575
YNL044W,0,-79.95059485733509,-10351.895276620984,0.01827508816928503,1.0,0.8883086742094575
YJL155C,0,-79.95913738012314,-7254.63046939671,0.01827508816928503,1.0,0.8883086742094575
YGL121C,-1,-80.05345392227173,-6813.818041279912,0.01826923076923077,1.0,0.8885987815491732
YMR098C,-1,-80.0645712018013,-8717.35911205411,0.018263377122717077,1.0,0.8888888888888888
YPL180W,-1,-80.07494105398655,-9218.469658836722,0.01825752722613709,1.0,0.8891789962286046
YDL006W,-1,-80.10358606278896,-8687.935805648565,0.01825168107588857,1.0,0.8894691035683203
YER147C,-1,-80.19086247682571,-10765.687093883753,0.01824583866837388,1.0,0.889759210908036
YER087W,-1,-80.27874338626862,-7751.272431761026,0.01824,1.0,0.8900493182477517
YHR199C,0,-80.2998439669609,-6974.47546684742,0.01824,1.0,0.8900493182477517
YML098W,-1,-80.46060255169868,-10182.029905870557,0.018234165067178502,1.0,0.8903394255874674
YNL082W,-1,-80.50838366150856,-9715.805088579655,0.018228333866325552,1.0,0.890629532927183
YML007W,-1,-80.56847575306892,-8520.96616525948,0.018222506393861894,1.0,0.8909196402668987
YHR098C,0,-80.6034402102232,-9049.511760815978,0.018222506393861894,1.0,0.8909196402668987
YIL158W,0,-80.63095578551292,-9759.369082301855,0.018222506393861894,1.0,0.8909196402668987
YGR204W,0,-80.66322961449623,-7578.197953060269,0.018222506393861894,1.0,0.8909196402668987
YJL041W,-1,-80.69512914121151,-10371.773266986012,0.01821668264621285,1.0,0.8912097476066144
YAL043C,-1,-80.69821859896183,-9338.990448638797,0.018210862619808307,1.0,0.8914998549463301
YDL012C,0,-80.72957891225815,-8521.624313682318,0.018210862619808307,1.0,0.8914998549463301
YOR076C,-1,-80.8426973670721,-11058.460698410869,0.01820504631108272,1.0,0.8917899622860458
YMR271C,0,-80.8811064362526,-6995.92071031034,0.01820504631108272,1.0,0.8917899622860458
YGR041W,-1,-80.92281951010227,-9612.23042216897,0.018199233716475097,1.0,0.8920800696257616
YMR118C,-1,-80.92571511864662,-7783.96242082119,0.018193424832428983,1.0,0.8923701769654773
YOR006C,0,-80.9501867890358,-8495.90171650052,0.018193424832428983,1.0,0.8923701769654773
YGR020C,-1,-81.03582833707333,-9451.895955443382,0.018187619655392468,1.0,0.892660284305193
YDL210W,-1,-81.07560828328133,-9352.966665506363,0.01818181818181818,1.0,0.8929503916449086
YLR154W-A,-1,-81.0957139134407,-9001.991533830762,0.018176020408163265,1.0,0.8932404989846243
YKL017C,-1,-81.11987663805485,-8930.331587269902,0.018170226330889386,1.0,0.89353060632434
YPR179C,0,-81.20447477698326,-10286.638417243958,0.018170226330889386,1.0,0.89353060632434
YBR118W,-1,-81.22035022079945,-8615.202509388328,0.018164435946462717,1.0,0.8938207136640557
YFL042C,0,-81.34734106063843,-7195.555641144514,0.018164435946462717,1.0,0.8938207136640557
YNL012W,-1,-81.44773277640343,-7829.300930470228,0.018158649251353933,1.0,0.8941108210037714
YPL018W,-1,-81.47475138306618,-8455.187211364508,0.018152866242038216,1.0,0.8944009283434871
YIL034C,-1,-81.48085880279541,-7169.153447046876,0.018147086914995225,1.0,0.8946910356832027
YDR213W,-1,-81.48149532079697,-8798.198203876615,0.018141311266709103,1.0,0.8949811430229185
YGL020C,-1,-81.55684207379818,-9710.135148152709,0.01813553929366847,1.0,0.8952712503626342
YPR058W,0,-81.61257837712765,-9358.124551177025,0.01813553929366847,1.0,0.8952712503626342
YML124C,-1,-81.68157960474491,-10232.028152182698,0.01812977099236641,1.0,0.8955613577023499
YJR124C,0,-81.73424960672855,-9708.805405154824,0.01812977099236641,1.0,0.8955613577023499
YHR048W,0,-81.77281665802002,-8655.363343954086,0.01812977099236641,1.0,0.8955613577023499
YDR231C,-1,-81.79497289657593,-7747.437888532877,0.018124006359300476,1.0,0.8958514650420656
YPR070W,-1,-81.79730477929115,-10142.282445043325,0.018118245390972662,1.0,0.8961415723817813
YJR019C,-1,-81.87044425308704,-7439.608771674335,0.01811248808388942,1.0,0.896431679721497
YMR225C,-1,-81.94022364914417,-8858.07245798409,0.018106734434561626,1.0,0.8967217870612126
YMR179W,-1,-81.96499894559383,-10478.403687521815,0.018100984439504603,1.0,0.8970118944009283
YEL034W,-1,-82.01999306678772,-9104.06831201911,0.018095238095238095,1.0,0.897302001740644
YJR119C,0,-82.03160990774632,-9246.118173375726,0.018095238095238095,1.0,0.897302001740644
YIL105C,-1,-82.08645555377007,-8287.127311512828,0.01808949539828626,1.0,0.8975921090803597
YGR230W,0,-82.11667639017105,-10199.047116458416,0.01808949539828626,1.0,0.8975921090803597
YCR070W,-1,-82.12816613912582,-8483.241345703602,0.018083756345177664,1.0,0.8978822164200754
YOL153C,0,-82.13213273882866,-7909.3108048141,0.018083756345177664,1.0,0.8978822164200754
YFL014W,-1,-82.16058242321014,-7234.1655913591385,0.01807802093244529,1.0,0.8981723237597912
YOR080W,-1,-82.17360778152943,-9631.38192331791,0.018072289156626505,1.0,0.8984624310995069
YNL200C,0,-82.17877212166786,-7746.702513545752,0.018072289156626505,1.0,0.8984624310995069
YOL011W,-1,-82.26344740390778,-8338.077133640647,0.018066561014263075,1.0,0.8987525384392225
YER016W,-1,-82.28481870889664,-9921.367247447371,0.01806083650190114,1.0,0.8990426457789382
YOR357C,-1,-82.30437979102135,-8751.693943247199,0.018055115616091227,1.0,0.8993327531186539
YNL250W,-1,-82.371272996068,-10299.069969296455,0.01804939835338822,1.0,0.8996228604583696
YGL223C,0,-82.44111043214798,-10696.791488781571,0.01804939835338822,1.0,0.8996228604583696
YNL265C,-1,-82.53192645311356,-8629.472500264645,0.018043684710351376,1.0,0.8999129677980853
YMR307W,0,-82.54896584153175,-8424.383763968945,0.018043684710351376,1.0,0.8999129677980853
YHR061C,-1,-82.55100983381271,-9061.11134877801,0.018037974683544303,1.0,0.900203075137801
YLR363C,-1,-82.62397612631321,-9332.551621243358,0.018032268269534957,1.0,0.9004931824775166
YML085C,-1,-82.66987419128418,-8722.47802889347,0.018026565464895637,1.0,0.9007832898172323
YOR133W,-1,-82.75091552734375,-9877.694221124053,0.018020866266202973,1.0,0.9010733971569481
YDL232W,-1,-82.77147606015205,-9534.467842966318,0.01801517067003793,1.0,0.9013635044966638
YHR192W,0,-82.78849768638611,-8942.531843990088,0.01801517067003793,1.0,0.9013635044966638
YKR043C,0,-82.82878629863262,-10063.660292133689,0.01801517067003793,1.0,0.9013635044966638
YMR174C,0,-82.84700691699982,-6543.494419902563,0.01801517067003793,1.0,0.9013635044966638
YDR148C,-1,-82.88057404756546,-7261.913536518812,0.01800947867298578,1.0,0.9016536118363795
YMR247C,0,-82.88422678411007,-9763.57261903584,0.01800947867298578,1.0,0.9016536118363795
YDL177C,0,-82.90221899747849,-9252.124910920858,0.01800947867298578,1.0,0.9016536118363795
YGR098C,-1,-82.91001276671886,-9566.941051527858,0.018003790271636132,1.0,0.9019437191760952
YPL187W,-1,-82.93684872984886,-7956.591210216284,0.017998105462582886,1.0,0.9022338265158109
YAL024C,-1,-82.96969267725945,-10564.548987150192,0.017992424242424244,1.0,0.9025239338555265
YDR542W,0,-83.01929965615273,-8537.19827772677,0.017992424242424244,1.0,0.9025239338555265
YML039W,-1,-83.0296716094017,-8768.092146456242,0.017986746607762703,1.0,0.9028140411952422
YDL028C,-1,-83.04909402132034,-8475.971625059843,0.017981072555205046,1.0,0.9031041485349579
YPL058C,-1,-83.06660258769989,-8857.863139018416,0.017975402081362345,1.0,0.9033942558746736
YBR179C,-1,-83.16922314465046,-9183.008965328336,0.017969735182849937,1.0,0.9036843632143893
YML016C,-1,-83.17472887039185,-9838.395063012838,0.017964071856287425,1.0,0.9039744705541051
YCR067C,0,-83.18959668278694,-9231.53641295433,0.017964071856287425,1.0,0.9039744705541051
YNL079C,-1,-83.28011059761047,-9852.578093633056,0.017958412098298678,1.0,0.9042645778938208
YDR261C-D,-1,-83.36943757534027,-7896.824205219746,0.017952755905511812,1.0,0.9045546852335364
YGR033C,-1,-83.39944791793823,-9520.00020813942,0.017947103274559194,1.0,0.9048447925732521
YCR044C,-1,-83.40116956830025,-8504.528266236186,0.01794145420207743,1.0,0.9051348999129678
YPL152W,-1,-83.41345834732056,-7919.827116042376,0.017935808684707365,1.0,0.9054250072526835
YDR534C,-1,-83.43934690952301,-9073.3873757869,0.017930166719094056,1.0,0.9057151145923992
YJL207C,-1,-83.4624292254448,-8826.348350510001,0.017924528301886792,1.0,0.9060052219321149
YGL192W,-1,-83.4878118634224,-7995.359429389238,0.017918893429739076,1.0,0.9062953292718305
YJL158C,0,-83.50175547599792,-9174.521481126547,0.017918893429739076,1.0,0.9062953292718305
YNL055C,-1,-83.51014134287834,-7885.546346411109,0.017913262099308613,1.0,0.9065854366115462
YJR085C,0,-83.55450609326363,-8069.633736163378,0.017913262099308613,1.0,0.9065854366115462
YDL141W,0,-83.55686980485916,-8508.2125762254,0.017913262099308613,1.0,0.9065854366115462
YKR049C,0,-83.5592605471611,-7279.913489177823,0.017913262099308613,1.0,0.9065854366115462
YIL010W,-1,-83.61667154729366,-9174.035180926323,0.017907634307257305,1.0,0.906875543951262
YER133W,-1,-83.64186193048954,-9673.26405723393,0.017902010050251257,1.0,0.9071656512909777
YHR112C,0,-83.79089659452438,-7653.959539085627,0.017902010050251257,1.0,0.9071656512909777
YKL085W,-1,-83.83054509758949,-7886.411242477596,0.017896389324960755,1.0,0.9074557586306934
YJL196C,-1,-83.88705237209797,-7962.513404458761,0.017890772128060263,1.0,0.9077458659704091
YBR283C,0,-83.88790498673916,-9848.868040800095,0.017890772128060263,1.0,0.9077458659704091
YIL172C,0,-83.92064934968948,-8498.484412878752,0.017890772128060263,1.0,0.9077458659704091
YGR054W,-1,-84.01457142829895,-9803.507298618555,0.017885158456228428,1.0,0.9080359733101248
YGL208W,-1,-84.0182648897171,-7015.095445886254,0.017879548306148057,1.0,0.9083260806498404
YMR238W,-1,-84.02634397149086,-9451.212678000331,0.017873941674506115,1.0,0.9086161879895561
YGL037C,-1,-84.05524528026581,-7288.224704504013,0.017868338557993732,1.0,0.9089062953292718
YBL084C,-1,-84.07482524216175,-9795.89869710803,0.017862738953306173,1.0,0.9091964026689875
YDL133C-A,0,-84.08268919587135,-8878.571614474058,0.017862738953306173,1.0,0.9091964026689875
YCL061C,-1,-84.09473456442356,-10692.022915944457,0.017857142857142856,1.0,0.9094865100087032
YHR004C,-1,-84.11154422163963,-7955.9132415652275,0.017851550266207328,1.0,0.909776617348419
YFR052W,-1,-84.2087088227272,-8835.03502419591,0.017845961177207263,1.0,0.9100667246881347
YDR434W,-1,-84.23006285727024,-9584.453673169017,0.01784037558685446,1.0,0.9103568320278503
YPR133W-A,-1,-84.29171232879162,-10346.267555758357,0.01783479349186483,1.0,0.910646939367566
YHR073W,-1,-84.36269941926003,-9105.02498574555,0.0178292148889584,1.0,0.9109370467072817
YDR482C,-1,-84.37267935276031,-11064.994366824627,0.017823639774859287,1.0,0.9112271540469974
YGL249W,-1,-84.41751506924629,-8459.60640141368,0.017818068146295718,1.0,0.9115172613867131
YJR103W,-1,-84.43205118179321,-6791.756767883897,0.0178125,1.0,0.9118073687264288
YFL050C,-1,-84.5164478123188,-9194.834595561028,0.01780693533270853,1.0,0.9120974760661444
YGR108W,-1,-84.55668142437935,-8935.7261467129,0.017801374141161775,1.0,0.9123875834058601
YJL073W,-1,-84.73887899518013,-9542.89221612364,0.017795816422104278,1.0,0.9126776907455758
YIL083C,0,-84.84104637801647,-9803.465476989746,0.017795816422104278,1.0,0.9126776907455758
YEL032W,-1,-84.8628118634224,-10668.990418359637,0.017790262172284643,1.0,0.9129677980852916
YAL027W,0,-84.87349371612072,-9607.089183434844,0.017790262172284643,1.0,0.9129677980852916
YOR339C,-1,-84.87969909608364,-9791.936303302646,0.017784711388455537,1.0,0.9132579054250073
YOR106W,0,-84.95706629753113,-9681.114717453718,0.017784711388455537,1.0,0.9132579054250073
YDR001C,0,-84.96819680929184,-7166.988098502159,0.017784711388455537,1.0,0.9132579054250073
YIL150C,-1,-84.98627983033657,-10320.353371724486,0.017779164067373673,1.0,0.913548012764723
YGR170W,-1,-85.00744128227234,-9596.306997567415,0.01777362020579981,1.0,0.9138381201044387
YCL051W,-1,-85.08039924502373,-9098.935732871294,0.017768079800498753,1.0,0.9141282274441543
YOR005C,-1,-85.08869481086731,-8159.709728091955,0.017762542848239325,1.0,0.91441833478387
YJL096W,-1,-85.18705579638481,-10737.13164114952,0.017757009345794394,1.0,0.9147084421235857
YIL109C,0,-85.1925488114357,-9874.115816995502,0.017757009345794394,1.0,0.9147084421235857
YHR113W,0,-85.24224144220352,-8689.932702213526,0.017757009345794394,1.0,0.9147084421235857
YCR059C,0,-85.27807922661304,-9650.63341063261,0.017757009345794394,1.0,0.9147084421235857
YDR385W,-1,-85.29864712059498,-9672.32125288248,0.01775147928994083,1.0,0.9149985494633014
YOR226C,-1,-85.30553394556046,-10004.730083286762,0.01774595267745953,1.0,0.9152886568030171
YOR209C,-1,-85.31952399015427,-9669.834747195244,0.017740429505135387,1.0,0.9155787641427328
YLR247C,0,-85.32300472259521,-9259.377555042505,0.017740429505135387,1.0,0.9155787641427328
YGR234W,0,-85.3945191949606,-10481.054230183363,0.017740429505135387,1.0,0.9155787641427328
YGL186C,0,-85.44050808250904,-9421.297938026488,0.017740429505135387,1.0,0.9155787641427328
YFR013W,-1,-85.44130650162697,-10245.532389312983,0.01773490976975731,1.0,0.9158688714824486
YOL043C,-1,-85.44848555326462,-9273.131232485175,0.017729393468118197,1.0,0.9161589788221642
YNL125C,0,-85.49161729216576,-9590.655011102557,0.017729393468118197,1.0,0.9161589788221642
YNL078W,-1,-85.53596220910549,-10793.895679026842,0.017723880597014924,1.0,0.9164490861618799
YCL060C,-1,-85.62298375368118,-9253.561680823565,0.01771837115324837,1.0,0.9167391935015956
YIL154C,-1,-85.69847530126572,-7343.297105357051,0.017712865133623367,1.0,0.9170293008413113
YJL116C,-1,-85.71971160173416,-8183.086496993899,0.017707362534948742,1.0,0.917319408181027
YDR142C,-1,-85.79105894267559,-9017.434442684054,0.017701863354037266,1.0,0.9176095155207427
YGR231C,-1,-85.84045633673668,-8723.571320012212,0.01769636758770568,1.0,0.9178996228604583
YKL063C,0,-85.85888674855232,-8708.60754197836,0.01769636758770568,1.0,0.9178996228604583
YBR100W,-1,-85.88176563382149,-8690.637341588736,0.017690875232774673,1.0,0.918189730200174
YGR197C,0,-85.99862623214722,-7698.65591577068,0.017690875232774673,1.0,0.918189730200174
YBL105C,-1,-86.03234498202801,-9675.882106527686,0.01768538628606888,1.0,0.9184798375398897
YIL140W,-1,-86.03330394625664,-9126.830361679196,0.017679900744416874,1.0,0.9187699448796055
YKR006C,-1,-86.07511705160141,-9903.02010551095,0.017674418604651163,1.0,0.9190600522193212
YDR027C,-1,-86.10669261217117,-9344.982823848724,0.017668939863608183,1.0,0.9193501595590369
YPL219W,0,-86.13890045881271,-9254.121470570564,0.017668939863608183,1.0,0.9193501595590369
YBR114W,-1,-86.19764158129692,-9584.297883883119,0.017663464518128294,1.0,0.9196402668987526
YLR090W,-1,-86.22002449631691,-9171.670788705349,0.017657992565055763,1.0,0.9199303742384682
YER117W,0,-86.28670716285706,-10181.052405461669,0.017657992565055763,1.0,0.9199303742384682
YLR148W,-1,-86.31362991034985,-10910.222734421492,0.017652524001238772,1.0,0.9202204815781839
YOL157C,0,-86.31901413202286,-9932.522483982146,0.017652524001238772,1.0,0.9202204815781839
YER064C,0,-86.44849941134453,-10006.395419239998,0.017652524001238772,1.0,0.9202204815781839
YPL216W,0,-86.46848174929619,-9223.360172718763,0.017652524001238772,1.0,0.9202204815781839
YDR322W,-1,-86.48696868121624,-10719.932884052396,0.01764705882352941,1.0,0.9205105889178996
YML058W,-1,-86.51067501306534,-10190.985373064876,0.017641597028783658,1.0,0.9208006962576153
YMR257C,0,-86.570710003376,-8557.707836903632,0.017641597028783658,1.0,0.9208006962576153
YOR062C,0,-86.58317336440086,-8358.613937959075,0.017641597028783658,1.0,0.9208006962576153
YJR133W,0,-86.70288763940334,-10709.081641972065,0.017641597028783658,1.0,0.9208006962576153
YBL052C,-1,-86.76002685725689,-10712.758386403322,0.017636138613861384,1.0,0.921090803597331
YPL259C,0,-86.79752656817436,-9503.20997337997,0.017636138613861384,1.0,0.921090803597331
YGR131W,0,-86.81524014472961,-9434.616452917457,0.017636138613861384,1.0,0.921090803597331
YJL001W,-1,-86.90270590782166,-8670.024748936296,0.017630683575626353,1.0,0.9213809109370467
YFR051C,0,-86.98406502604485,-10002.164187073708,0.017630683575626353,1.0,0.9213809109370467
YIL132C,-1,-87.04476144909859,-9784.543201938272,0.017625231910946195,1.0,0.9216710182767625
YPL253C,-1,-87.06829124689102,-9950.93180949986,0.017619783616692426,1.0,0.9219611256164781
YMR280C,-1,-87.06929981708527,-8786.856517747045,0.01761433868974042,1.0,0.9222512329561938
YHL037C,0,-87.08416426181793,-9678.556216150522,0.01761433868974042,1.0,0.9222512329561938
YDR446W,-1,-87.10177730023861,-10710.594441778958,0.017608897126969416,1.0,0.9225413402959095
YPL240C,-1,-87.18120872974396,-8431.51918002963,0.017603458925262508,1.0,0.9228314476356252
YAR007C,-1,-87.1884500682354,-9175.92284309864,0.01759802408150664,1.0,0.9231215549753409
YIR018W,-1,-87.19151942431927,-8509.609098419547,0.017592592592592594,1.0,0.9234116623150566
YJL170C,-1,-87.20285059511662,-9250.157050773501,0.017587164455414996,1.0,0.9237017696547722
YBR135W,-1,-87.23872298002243,-10894.322558686137,0.0175817396668723,1.0,0.9239918769944879
YPL011C,-1,-87.28147107362747,-10135.676578000188,0.01757631822386679,1.0,0.9242819843342036
YPL279C,0,-87.33741807937622,-8692.864293009043,0.01757631822386679,1.0,0.9242819843342036
YGL209W,-1,-87.34521588683128,-9430.077688217163,0.01757090012330456,1.0,0.9245720916739194
YFR007W,0,-87.3872254639864,-9914.605601668358,0.01757090012330456,1.0,0.9245720916739194
YDL127W,-1,-87.44142296910286,-9829.664755731821,0.017565485362095533,1.0,0.9248621990136351
YLR153C,0,-87.52291679382324,-10641.970668897033,0.017565485362095533,1.0,0.9248621990136351
YCR021C,-1,-87.58965533971786,-7557.453582420945,0.01756007393715342,1.0,0.9251523063533508
YBR057C,-1,-87.63920848071575,-10579.949480935931,0.01755466584539575,1.0,0.9254424136930665
YDR100W,0,-87.6679336130619,-8451.234317973256,0.01755466584539575,1.0,0.9254424136930665
YML128C,-1,-87.69199854135513,-8231.336359485984,0.017549261083743842,1.0,0.9257325210327821
YER095W,-1,-87.69421921670437,-9696.980961740017,0.017543859649122806,1.0,0.9260226283724978
YOR295W,-1,-87.71466422080994,-10240.362510219216,0.017538461538461537,1.0,0.9263127357122135
YMR055C,-1,-87.75395426154137,-9985.51891028136,0.01753306674869271,1.0,0.9266028430519292
YMR322C,0,-87.80110701918602,-9488.640036053956,0.01753306674869271,1.0,0.9266028430519292
YNL024C,0,-87.81334215402603,-9117.917146354914,0.01753306674869271,1.0,0.9266028430519292
YLR461W,0,-87.89824116230011,-8140.146694764495,0.01753306674869271,1.0,0.9266028430519292
YHR031C,-1,-87.94697453081608,-10573.625202059746,0.017527675276752766,1.0,0.9268929503916449
YHR039C-B,-1,-87.94722381234169,-8731.70396822691,0.017522287119581925,1.0,0.9271830577313606
YKR013W,0,-88.00040584802628,-10608.615285545588,0.017522287119581925,1.0,0.9271830577313606
YKL046C,0,-88.0317754894495,-9697.828550100327,0.017522287119581925,1.0,0.9271830577313606
YDR014W,-1,-88.03468509018421,-9191.50449720025,0.017516902274124155,1.0,0.9274731650710762
YPL004C,-1,-88.05390250682831,-7766.529703825712,0.017511520737327188,1.0,0.927763272410792
YBR242W,0,-88.0821274369955,-10041.350798249245,0.017511520737327188,1.0,0.927763272410792
YBR274W,-1,-88.12690979242325,-10079.880279809237,0.017506142506142505,1.0,0.9280533797505077
YLR283W,0,-88.16076853871346,-9432.615481629968,0.017506142506142505,1.0,0.9280533797505077
YDR013W,-1,-88.22908768057823,-9643.18881355226,0.01750076757752533,1.0,0.9283434870902234
YOL063C,0,-88.2384150326252,-8588.596054196358,0.01750076757752533,1.0,0.9283434870902234
YHR132C,0,-88.29544422030449,-9650.741066142917,0.01750076757752533,1.0,0.9283434870902234
YLR099C,-1,-88.37603914737701,-9236.883877769113,0.017495395948434623,1.0,0.9286335944299391
YBR127C,-1,-88.43154838681221,-9074.287215948105,0.017490027615833077,1.0,0.9289237017696548
YCL057C-A,-1,-88.51551005244255,-9055.812526360154,0.017484662576687116,1.0,0.9292138091093705
YLL066C,0,-88.58922120928764,-9909.817635595798,0.017484662576687116,1.0,0.9292138091093705
YOR256C,-1,-88.69811323285103,-9264.603260323405,0.017479300827966882,1.0,0.9295039164490861
YDR309C,-1,-88.75443069636822,-8932.693584889174,0.01747394236664623,1.0,0.9297940237888018
YDL224C,0,-88.76111184060574,-10648.08208322525,0.01747394236664623,1.0,0.9297940237888018
YJL046W,0,-88.84695154428482,-9294.286080598831,0.01747394236664623,1.0,0.9297940237888018
YDR516C,-1,-88.85121691226959,-8211.906553670764,0.017468587189702726,1.0,0.9300841311285175
YLR312C,0,-88.89626553654671,-8652.675849735737,0.017468587189702726,1.0,0.9300841311285175
YMR294W,0,-88.89747290313244,-10738.32746322453,0.017468587189702726,1.0,0.9300841311285175
YKL207W,0,-88.99801290035248,-9109.611812651157,0.017468587189702726,1.0,0.9300841311285175
YMR087W,-1,-89.08114017546177,-9528.375615030527,0.017463235294117647,1.0,0.9303742384682332
YIL088C,-1,-89.11285500228405,-8705.582538351417,0.017457886676875957,1.0,0.930664345807949
YKL105C,0,-89.14912974834442,-9326.409797221422,0.017457886676875957,1.0,0.930664345807949
YDR166C,-1,-89.24660386145115,-11020.762398198247,0.01745254133496632,1.0,0.9309544531476647
YDR191W,-1,-89.36072017252445,-10104.922677740455,0.017447199265381085,1.0,0.9312445604873804
YHR140W,0,-89.41696760058403,-8718.051647007465,0.017447199265381085,1.0,0.9312445604873804
YJL214W,-1,-89.47638586908579,-9253.162523970008,0.01744186046511628,1.0,0.931534667827096
YER058W,-1,-89.51261767745018,-9919.115847676992,0.01743652493117161,1.0,0.9318247751668117
YJR158W,-1,-89.52856463193893,-8788.431592687964,0.01743119266055046,1.0,0.9321148825065274
YMR202W,-1,-89.57673989236355,-10985.825693950057,0.01742586365025986,1.0,0.9324049898462431
YPL203W,-1,-89.636598944664,-7521.68154874444,0.017420537897310514,1.0,0.9326950971859588
YBL104C,0,-89.66640597581863,-9274.39097185433,0.017420537897310514,1.0,0.9326950971859588
YJR143C,-1,-89.67775389552116,-10334.025389254093,0.017415215398716773,1.0,0.9329852045256745
YLR178C,0,-89.73443937301636,-7815.310554206371,0.017415215398716773,1.0,0.9329852045256745
YJL159W,0,-89.80853986740112,-8810.35220991075,0.017415215398716773,1.0,0.9329852045256745
YPR115W,0,-89.8678331375122,-8652.557819724083,0.017415215398716773,1.0,0.9329852045256745
YCL040W,-1,-89.87762773036957,-7512.586160778999,0.01740989615149664,1.0,0.9332753118653901
YER103W,-1,-89.91452521085739,-7370.9202739447355,0.017404580152671757,1.0,0.9335654192051059
YLR310C,-1,-89.95828247070312,-10638.877439901233,0.0173992673992674,1.0,0.9338555265448216
YGL073W,-1,-89.9949032664299,-9246.8715967983,0.01739395788831248,1.0,0.9341456338845373
YMR028W,0,-90.02637280523777,-10184.865561529994,0.01739395788831248,1.0,0.9341456338845373
YGL200C,0,-90.06078016757965,-10307.992576867342,0.01739395788831248,1.0,0.9341456338845373
YDL160C-A,0,-90.07615512609482,-9203.728265941143,0.01739395788831248,1.0,0.9341456338845373
YOR363C,-1,-90.18462899327278,-9788.403975263238,0.017388651616839536,1.0,0.934435741224253
YNL033W,0,-90.19494473934174,-9038.11627036333,0.017388651616839536,1.0,0.934435741224253
YHL021C,0,-90.32115721702576,-6835.367418289185,0.017388651616839536,1.0,0.934435741224253
YMR321C,0,-90.45610420405865,-9832.309161186218,0.017388651616839536,1.0,0.934435741224253
YIR011C,-1,-90.50099819898605,-9369.560286149383,0.01738334858188472,1.0,0.9347258485639687
YHL009C,-1,-90.56224831938744,-10554.265595316887,0.017378048780487806,1.0,0.9350159559036844
YJL079C,0,-90.65865242481232,-8743.693406403065,0.017378048780487806,1.0,0.9350159559036844
YFR022W,0,-90.73913119733334,-9315.88091121614,0.017378048780487806,1.0,0.9350159559036844
YJR151C,0,-90.82522344589233,-8626.560653731227,0.017378048780487806,1.0,0.9350159559036844
YJL223C,0,-90.84130862355232,-9173.113593295217,0.017378048780487806,1.0,0.9350159559036844
YHR087W,0,-90.90485900640488,-8666.557466700673,0.017378048780487806,1.0,0.9350159559036844
YGL025C,-1,-90.93469272553921,-10018.081491932273,0.017372752209692168,1.0,0.9353060632434
YBR018C,0,-90.97807264328003,-8731.056112378836,0.017372752209692168,1.0,0.9353060632434
YBR072W,-1,-91.13460803031921,-7574.336661800742,0.01736745886654479,1.0,0.9355961705831157
YDL241W,0,-91.16865921020508,-10473.816723391414,0.01736745886654479,1.0,0.9355961705831157
YGL129C,-1,-91.29355177283287,-11021.167527541518,0.017362168748096252,1.0,0.9358862779228314
YHR207C,0,-91.31081448495388,-10359.104558095336,0.017362168748096252,1.0,0.9358862779228314
YPL056C,0,-91.32271054387093,-9677.085299998522,0.017362168748096252,1.0,0.9358862779228314
YFL018W-A,-1,-91.34468823671341,-10008.026574611664,0.017356881851400732,1.0,0.9361763852625471
YOR152C,0,-91.37249654531479,-9154.502628177404,0.017356881851400732,1.0,0.9361763852625471
YBR132C,-1,-91.39054974913597,-7953.754744961858,0.017351598173515982,1.0,0.9364664926022629
YOL128C,-1,-91.49594041705132,-10002.661375463009,0.017346317711503346,1.0,0.9367565999419786
YAL068C,-1,-91.71635213494301,-10536.85839112103,0.017341040462427744,1.0,0.9370467072816943
YGR205W,0,-91.80803701281548,-9131.752456068993,0.017341040462427744,1.0,0.9370467072816943
YCR097WB,0,-91.80847018957138,-9081.089029759169,0.017341040462427744,1.0,0.9370467072816943
YKL192C,-1,-91.82295264303684,-9751.473284959793,0.017335766423357664,1.0,0.9373368146214099
YMR208W,-1,-91.84957939386368,-10228.026232376695,0.017330495591365156,1.0,0.9376269219611256
YGR053C,0,-91.97893568873405,-9732.557900860906,0.017330495591365156,1.0,0.9376269219611256
YLR457C,0,-92.01725517213345,-11242.267777308822,0.017330495591365156,1.0,0.9376269219611256
YHR176W,-1,-92.01923009753227,-8395.956650063396,0.017325227963525838,1.0,0.9379170293008413
YOR362C,-1,-92.02385751903057,-10226.91087923944,0.01731996353691887,1.0,0.938207136640557
YKL047W,0,-92.22056460380554,-10196.548895433545,0.01731996353691887,1.0,0.938207136640557
YDR259C,-1,-92.24367441236973,-11079.14707109332,0.017314702308626976,1.0,0.9384972439802727
YLR188W,0,-92.25350032746792,-10947.588165596128,0.017314702308626976,1.0,0.9384972439802727
YMR157C,0,-92.27093324065208,-9869.255363881588,0.017314702308626976,1.0,0.9384972439802727
YNL247W,-1,-92.3126669973135,-10581.942007049918,0.01730944427573641,1.0,0.9387873513199884
YNR001C,-1,-92.38954325020313,-8842.165147066116,0.017304189435336976,1.0,0.939077458659704
YIL160C,-1,-92.46275754272938,-10033.259802252054,0.017298937784522003,1.0,0.9393675659994198
YMR237W,0,-92.55205976963043,-8821.976450651884,0.017298937784522003,1.0,0.9393675659994198
YPL123C,0,-92.63780629634857,-7343.6882741600275,0.017298937784522003,1.0,0.9393675659994198
YER170W,0,-92.70130404829979,-10829.552344590425,0.017298937784522003,1.0,0.9393675659994198
YML072C,0,-92.74378325045109,-10079.092767640948,0.017298937784522003,1.0,0.9393675659994198
YNR039C,-1,-92.79423359036446,-10708.11012659967,0.01729368932038835,1.0,0.9396576733391355
YBR097W,-1,-92.82822342216969,-10035.347511813045,0.017288444040036398,1.0,0.9399477806788512
YLR045C,-1,-92.84656317532063,-10953.807163402438,0.017283201940570043,1.0,0.9402378880185669
YKR050W,-1,-92.86767442524433,-10466.075725749135,0.017277963019096697,1.0,0.9405279953582826
YPR019W,-1,-92.93132385611534,-10329.302797228098,0.017272727272727273,1.0,0.9408181026979983
YLR421C,-1,-92.94204638898373,-10328.252374351025,0.017267494698576188,1.0,0.9411082100377139
YPL099C,0,-92.98658004403114,-9257.756411239505,0.017267494698576188,1.0,0.9411082100377139
YKL158W,0,-93.28005409240723,-9460.972279906273,0.017267494698576188,1.0,0.9411082100377139
YJR139C,0,-93.31855219602585,-9474.040729776025,0.017267494698576188,1.0,0.9411082100377139
YJL065C,0,-93.33276401460171,-9945.747199505568,0.017267494698576188,1.0,0.9411082100377139
YJR005W,0,-93.36179403960705,-9694.22147603333,0.017267494698576188,1.0,0.9411082100377139
YIL167W,0,-93.43754480779171,-9718.249972611666,0.017267494698576188,1.0,0.9411082100377139
YHR211W,0,-93.55279657244682,-9227.889154478908,0.017267494698576188,1.0,0.9411082100377139
YDR320C-A,-1,-93.62025301158428,-10678.250052824616,0.017262265293761358,1.0,0.9413983173774296
YDL067C,-1,-93.6236023157835,-10443.281399771571,0.01725703905540418,1.0,0.9416884247171453
YGL075C,0,-93.73270039260387,-10519.905237928033,0.01725703905540418,1.0,0.9416884247171453
YGR272C,-1,-93.77610900998116,-10233.196173131466,0.01725181598062954,1.0,0.941978532056861
YEL002C,-1,-93.77767449617386,-9863.436914101243,0.017246596066565808,1.0,0.9422686393965767
YOL159C,0,-93.81798407435417,-9879.233687624335,0.017246596066565808,1.0,0.9422686393965767
YOR132W,-1,-93.85726416110992,-9045.588927954435,0.017241379310344827,1.0,0.9425587467362925
YDR173C,-1,-93.8747390806675,-10437.68769876659,0.017236165709101903,1.0,0.9428488540760082
YLR011W,-1,-93.98368573188782,-9361.53167207539,0.017230955259975818,1.0,0.9431389614157238
YBL030C,-1,-94.02242468297482,-10740.951060414314,0.017225747960108794,1.0,0.9434290687554395
YOL027C,-1,-94.04502272605896,-10859.803447678685,0.017220543806646525,1.0,0.9437191760951552
YAL032C,-1,-94.0767957419157,-10582.449947610497,0.017215342796738146,1.0,0.9440092834348709
YGR202C,-1,-94.09566873311996,-10282.89030314982,0.017210144927536232,1.0,0.9442993907745866
YDR402C,-1,-94.24162009358406,-10075.230135306716,0.017204950196196802,1.0,0.9445894981143023
YNL210W,-1,-94.39008747041225,-10268.768293946981,0.0171997585998793,1.0,0.944879605454018
YBL005W-B,-1,-94.54603645205498,-10111.645465999842,0.017194570135746608,1.0,0.9451697127937336
YDL144C,0,-94.62921372056007,-10487.570035547018,0.017194570135746608,1.0,0.9451697127937336
YCL069W,-1,-94.68089726567268,-9876.157462716103,0.01718938480096502,1.0,0.9454598201334494
YJL083W,-1,-94.68495205044746,-8992.781657472253,0.01718420259270425,1.0,0.9457499274731651
YKL079W,-1,-94.6965024471283,-10494.702605858445,0.017179023508137433,1.0,0.9460400348128808
YPR194C,0,-94.69686251878738,-9105.916120447218,0.017179023508137433,1.0,0.9460400348128808
YNL297C,-1,-94.70267437398434,-10734.040805786848,0.017173847544441095,1.0,0.9463301421525965
YJR160C,-1,-94.73309433460236,-9192.221896559,0.01716867469879518,1.0,0.9466202494923122
YPR079W,0,-94.7935471534729,-9266.879967823625,0.01716867469879518,1.0,0.9466202494923122
YLR373C,0,-94.89466208219528,-11035.73761165142,0.01716867469879518,1.0,0.9466202494923122
YMR099C,0,-94.9651230275631,-9613.989466294646,0.01716867469879518,1.0,0.9466202494923122
YIR030C,0,-95.14685119688511,-10768.82148759067,0.01716867469879518,1.0,0.9466202494923122
YBR212W,-1,-95.16937711834908,-8859.05616620183,0.017163504968383016,1.0,0.9469103568320278
YLR233C,-1,-95.25733411312103,-11040.864727064967,0.01715833835039133,1.0,0.9472004641717435
YKR069W,0,-95.27851393818855,-10087.283037409186,0.01715833835039133,1.0,0.9472004641717435
YOL143C,0,-95.39281244575977,-11037.747309729457,0.01715833835039133,1.0,0.9472004641717435
YMR162C,-1,-95.40867215394974,-11265.424905106425,0.017153174842010233,1.0,0.9474905715114592
YHR104W,-1,-95.42119753360748,-7840.939041376114,0.017148014440433214,1.0,0.9477806788511749
YDL246C,0,-95.42844372987747,-9182.923929840326,0.017148014440433214,1.0,0.9477806788511749
YGL163C,-1,-95.43309913575649,-10465.4005317837,0.017142857142857144,1.0,0.9480707861908906
YJR001W,-1,-95.62952852249146,-10069.361811771989,0.017137702946482262,1.0,0.9483608935306064
YIL011W,0,-95.7506460994482,-10343.404163748026,0.017137702946482262,1.0,0.9483608935306064
YBR214W,-1,-95.79656654596329,-7733.615005090833,0.017132551848512173,1.0,0.9486510008703221
YMR025W,-1,-95.97263705730438,-9408.349526181817,0.017127403846153848,1.0,0.9489411082100377
YMR043W,-1,-96.05376517772675,-9737.835470989347,0.017122258936617604,1.0,0.9492312155497534
YBR301W,0,-96.08469654619694,-11563.620053857565,0.017122258936617604,1.0,0.9492312155497534
YCL066W,-1,-96.0904582887888,-10441.17357160151,0.017117117117117116,1.0,0.9495213228894691
YJL099W,0,-96.14250934123993,-10941.96366083622,0.017117117117117116,1.0,0.9495213228894691
YPL124W,-1,-96.16221970319748,-10356.110961288214,0.017111978384869407,1.0,0.9498114302291848
YLR275W,-1,-96.18816003203392,-10373.178908914328,0.017106842737094837,1.0,0.9501015375689005
YKR102W,0,-96.23921589553356,-10504.856853842735,0.017106842737094837,1.0,0.9501015375689005
YIL037C,-1,-96.24770185351372,-10570.306949198246,0.017101710171017102,1.0,0.9503916449086162
YJR101W,-1,-96.25466780364513,-11066.390960395336,0.017096580683863227,1.0,0.9506817522483318
YPL215W,-1,-96.38116665184498,-10801.80418509245,0.017091454272863568,1.0,0.9509718595880475
YGR284C,0,-96.63826107978821,-9938.481470912695,0.017091454272863568,1.0,0.9509718595880475
YDR338C,0,-96.65185704827309,-10156.12900789082,0.017091454272863568,1.0,0.9509718595880475
YOL091W,-1,-96.70355865359306,-10785.36142770946,0.0170863309352518,1.0,0.9512619669277633
YBR168W,-1,-96.7278403043747,-10568.650419130921,0.017081210668264908,1.0,0.951552074267479
YFL002W-B,-1,-96.81346064805984,-10520.757342725992,0.0170760934691432,1.0,0.9518421816071947
YPL134C,0,-96.83048902451992,-10417.096998542547,0.0170760934691432,1.0,0.9518421816071947
YGL137W,-1,-96.8957385122776,-10711.678069099784,0.017070979335130278,1.0,0.9521322889469104
YDL185W,-1,-96.92399448156357,-9195.141527935863,0.017065868263473054,1.0,0.9524223962866261
YMR097C,0,-97.0848877876997,-11159.295564129949,0.017065868263473054,1.0,0.9524223962866261
YJR010C-A,0,-97.40168553590775,-10944.438362881541,0.017065868263473054,1.0,0.9524223962866261
YOR247W,0,-97.42881998419762,-11357.560238480568,0.017065868263473054,1.0,0.9524223962866261
YGL156W,0,-97.49000999331474,-9573.723252281547,0.017065868263473054,1.0,0.9524223962866261
YLR157C,0,-97.49220430850983,-9949.367612481117,0.017065868263473054,1.0,0.9524223962866261
YIR041W,0,-97.54855601489544,-10831.805844008923,0.017065868263473054,1.0,0.9524223962866261
YDR058C,-1,-97.56573839485645,-9855.164345890284,0.01706076025142173,1.0,0.9527125036263417
YLR065C,0,-97.69114542007446,-10580.042714163661,0.01706076025142173,1.0,0.9527125036263417
YOR279C,-1,-97.70140944421291,-11287.03005155921,0.017055655296229804,1.0,0.9530026109660574
YJR080C,0,-97.84382227063179,-9600.12012463808,0.017055655296229804,1.0,0.9530026109660574
YIL093C,-1,-97.93623799085617,-10588.845991060138,0.017050553395154055,1.0,0.9532927183057731
YCR063W,-1,-97.98893170058727,-10093.543547481298,0.017045454545454544,1.0,0.9535828256454888
YGL219C,-1,-98.09526045620441,-10451.352029040456,0.017040358744394617,1.0,0.9538729329852045
YPL265W,-1,-98.12619122862816,-9704.578531369567,0.017035265989240884,1.0,0.9541630403249203
YDR451C,-1,-98.14311280846596,-10607.898298844695,0.01703017627726322,1.0,0.954453147664636
YDR044W,0,-98.2020258307457,-11037.555422455072,0.01703017627726322,1.0,0.954453147664636
YJL163C,0,-98.23951768875122,-9378.141933575273,0.01703017627726322,1.0,0.954453147664636
YER061C,-1,-98.25881125032902,-10214.23632274568,0.017025089605734768,1.0,0.9547432550043516
YLR212C,-1,-98.2762041836977,-10299.740941181779,0.01702000597193192,1.0,0.9550333623440673
YDR145W,-1,-98.27859009802341,-11279.21625392139,0.01701492537313433,1.0,0.955323469683783
YJL114W,-1,-98.29036173224449,-9879.185646057129,0.017009847806624886,1.0,0.9556135770234987
YHR139C,-1,-98.35651713609695,-9845.700626954436,0.017004773269689737,1.0,0.9559036843632144
YPR106W,-1,-98.36854213476181,-10032.687744557858,0.016999701759618253,1.0,0.9561937917029301
YNL300W,0,-98.41322642564774,-10253.787155747414,0.016999701759618253,1.0,0.9561937917029301
YLR141W,-1,-98.48794642090797,-10390.66396535933,0.01699463327370304,1.0,0.9564838990426457
YER059W,0,-98.56140771508217,-9337.97237585485,0.01699463327370304,1.0,0.9564838990426457
YPR160W,0,-98.5792008638382,-9558.339184552431,0.01699463327370304,1.0,0.9564838990426457
YNL137C,-1,-98.59255787730217,-10348.000045567751,0.01698956780923994,1.0,0.9567740063823614
YHR028C,0,-98.60145539045334,-8990.34225319326,0.01698956780923994,1.0,0.9567740063823614
YOR018W,0,-98.61425295472145,-10925.405366003513,0.01698956780923994,1.0,0.9567740063823614
YBR007C,0,-98.62887108325958,-9707.424932435155,0.01698956780923994,1.0,0.9567740063823614
YOR069W,-1,-98.65806967020035,-10476.060222238302,0.01698450536352801,1.0,0.9570641137220771
YLR312C-B,-1,-98.66403487324715,-9757.127336084843,0.016979445933869526,1.0,0.9573542210617929
YJL146W,0,-98.68750590085983,-11334.825729846954,0.016979445933869526,1.0,0.9573542210617929
YGL160W,0,-98.78738930821419,-9679.596898585558,0.016979445933869526,1.0,0.9573542210617929
YNL263C,0,-98.87309776246548,-11226.560318619013,0.016979445933869526,1.0,0.9573542210617929
YER150W,0,-98.94791752099991,-8622.248340904713,0.016979445933869526,1.0,0.9573542210617929
YFL005W,-1,-99.02888470888138,-10822.903903841972,0.016974389517569983,1.0,0.9576443284015086
YJL066C,0,-99.08344531059265,-8803.52779917419,0.016974389517569983,1.0,0.9576443284015086
YAL062W,0,-99.20219275355339,-10012.803044945002,0.016974389517569983,1.0,0.9576443284015086
YLR006C,-1,-99.20626509189606,-10701.406055018306,0.01696933611193808,1.0,0.9579344357412243
YER063W,0,-99.24645683169365,-10680.263234570622,0.01696933611193808,1.0,0.9579344357412243
YFL024C,-1,-99.31753472983837,-11329.151250436902,0.016964285714285713,1.0,0.95822454308094
YHR027C,-1,-99.51370647549629,-11022.786022260785,0.016959238321927996,1.0,0.9585146504206556
YBR193C,-1,-99.54919502139091,-11161.362214371562,0.016954193932183226,1.0,0.9588047577603713
YMR035W,-1,-99.57895536720753,-11186.95487394929,0.01694915254237288,1.0,0.959094865100087
YBR169C,-1,-99.59676486253738,-8424.801088407636,0.01694411414982164,1.0,0.9593849724398027
YHR136C,-1,-99.6073228418827,-10811.39348770678,0.016939078751857354,1.0,0.9596750797795184
YOR128C,0,-99.67768946290016,-10242.664974957705,0.016939078751857354,1.0,0.9596750797795184
YDR210W-A,-1,-99.68555790185928,-10224.207822203636,0.01693404634581105,1.0,0.9599651871192341
YHR135C,-1,-99.75483478605747,-10193.416006952524,0.016929016929016927,1.0,0.9602552944589499
YLR343W,-1,-99.79323557019234,-10673.791004568338,0.016923990498812352,1.0,0.9605454017986655
YCR030C,-1,-99.87183679640293,-9854.17825101316,0.016918967052537846,1.0,0.9608355091383812
YGR149W,0,-99.89411008358002,-9654.051352411509,0.016918967052537846,1.0,0.9608355091383812
YMR089C,-1,-99.93514974415302,-11124.727694615722,0.01691394658753709,1.0,0.9611256164780969
YNL177C,-1,-100.03970111906528,-11330.967707008123,0.016908929101156926,1.0,0.9614157238178126
YDR443C,-1,-100.09311382472515,-11017.460425183177,0.016903914590747332,1.0,0.9617058311575283
YCR009C,-1,-100.18239423632622,-10072.58652870357,0.01689890305366143,1.0,0.961995938497244
YPR100W,-1,-100.24023413658142,-10450.899594694376,0.016893894487255482,1.0,0.9622860458369596
YGR165W,-1,-100.31797946989536,-11277.817576408386,0.016888888888888887,1.0,0.9625761531766753
YER123W,-1,-100.37784004211426,-11538.632425069809,0.01688388625592417,1.0,0.962866260516391
YJR102C,-1,-100.42204505205154,-10552.399108067155,0.016878886585726977,1.0,0.9631563678561068
YGL227W,-1,-100.44176775217056,-9452.355321392417,0.016873889875666074,1.0,0.9634464751958225
YKL094W,0,-100.4756487607956,-9266.094969332218,0.016873889875666074,1.0,0.9634464751958225
YKR002W,-1,-100.49882380664349,-11369.940905019641,0.016868896123113347,1.0,0.9637365825355382
YJL021C,-1,-100.56770634651184,-10287.98141080141,0.01686390532544379,1.0,0.9640266898752539
YBL074C,-1,-100.6805848479271,-9581.727768555284,0.01685891748003549,1.0,0.9643167972149695
YGR266W,0,-100.70298156142235,-10351.514689490199,0.01685891748003549,1.0,0.9643167972149695
YER162C,-1,-100.89170996844769,-11138.097433075309,0.016853932584269662,1.0,0.9646069045546852
YNR031C,-1,-100.93063995242119,-10414.019189953804,0.016848950635530595,1.0,0.9648970118944009
YOR384W,-1,-101.07961392402649,-11073.18958246708,0.016843971631205674,1.0,0.9651871192341166
YOR150W,-1,-101.10687536001205,-10392.458209455013,0.016838995568685376,1.0,0.9654772265738323
YIL006W,-1,-101.19538521766663,-9549.349454164505,0.01683402244536326,1.0,0.965767333913548
YDL045W-A,-1,-101.26554051041603,-11325.81947171688,0.01682905225863596,1.0,0.9660574412532638
YDR476C,0,-101.2672988474369,-10306.9424700737,0.01682905225863596,1.0,0.9660574412532638
YCL044C,-1,-101.30387157201767,-11391.343886628747,0.016824085005903187,1.0,0.9663475485929794
YIL121W,0,-101.31698110699654,-10402.825114697218,0.016824085005903187,1.0,0.9663475485929794
YLR406C-A,0,-101.3705302476883,-10683.284903168678,0.016824085005903187,1.0,0.9663475485929794
YHR053C,0,-101.53258383274078,-9771.82777172327,0.016824085005903187,1.0,0.9663475485929794
YPL224C,-1,-101.5705780684948,-10447.961131468415,0.01681912068456772,1.0,0.9666376559326951
YDL154W,-1,-101.62209111452103,-11310.498148187995,0.016814159292035398,1.0,0.9669277632724108
YDR265W,-1,-101.63195449113846,-10206.473479658365,0.016809200825715128,1.0,0.9672178706121265
YGR236C,0,-101.81109973788261,-10409.996560275555,0.016809200825715128,1.0,0.9672178706121265
YIL023C,-1,-101.8262729793787,-10885.505034223199,0.016804245283018868,1.0,0.9675079779518422
YNL007C,-1,-101.92451253533363,-10009.220446050167,0.016799292661361626,1.0,0.9677980852915579
YGR225W,-1,-101.92707759141922,-10076.64114818722,0.01679434295816146,1.0,0.9680881926312735
YLR393W,-1,-101.9361367225647,-11694.930194228888,0.01678939617083947,1.0,0.9683782999709892
YDL022W,-1,-101.96167668700218,-9392.0439581424,0.01678445229681979,1.0,0.9686684073107049
YGR023W,0,-102.13409441709518,-9452.069079190493,0.01678445229681979,1.0,0.9686684073107049
YCL032W,-1,-102.13428537547588,-11275.483246520162,0.016779511333529586,1.0,0.9689585146504207
YPR024W,-1,-102.16814129054546,-11976.81760983169,0.016774573278399058,1.0,0.9692486219901364
YPL104W,-1,-102.33561997115612,-11359.668750628829,0.01676963812886143,1.0,0.9695387293298521
YDR107C,-1,-102.42245584726334,-11208.124676451087,0.016764705882352942,1.0,0.9698288366695678
YBR020W,-1,-102.55462807416916,-10782.605552449822,0.01675977653631285,1.0,0.9701189440092834
YOR034C,-1,-102.63290728628635,-11002.959840923548,0.01675485008818342,1.0,0.9704090513489991
YML030W,0,-102.79156520962715,-10578.32861289382,0.01675485008818342,1.0,0.9704090513489991
YOR011W,-1,-102.7948127835989,-10480.130414426327,0.016749926535409933,1.0,0.9706991586887148
YOR065W,-1,-102.87147322297096,-10444.41899742186,0.016745005875440658,1.0,0.9709892660284305
YPR089W,0,-102.8833250105381,-10597.950698420405,0.016745005875440658,1.0,0.9709892660284305
YIL033C,-1,-102.92953780293465,-8966.610471516848,0.016740088105726872,1.0,0.9712793733681462
YGR076C,-1,-102.9323840290308,-11098.295965597034,0.01673517322372284,1.0,0.9715694807078619
YPR158W,0,-102.97889941930771,-10020.747174568474,0.01673517322372284,1.0,0.9715694807078619
YPR028W,0,-103.02058631181717,-9624.72784857452,0.01673517322372284,1.0,0.9715694807078619
YLL016W,0,-103.0212325155735,-9958.209853112698,0.01673517322372284,1.0,0.9715694807078619
YBR273C,-1,-103.06699910759926,-9156.54138584435,0.016730261226885822,1.0,0.9718595880475775
YJR026W,-1,-103.11662763357162,-10736.78600513935,0.016725352112676055,1.0,0.9721496953872933
YGR101W,-1,-103.18149547278881,-11310.445538684726,0.016720445878556763,1.0,0.972439802727009
YDR041W,-1,-103.39484736323357,-10890.842841178179,0.016715542521994135,1.0,0.9727299100667247
YJL082W,0,-103.40126803517342,-9988.984286621213,0.016715542521994135,1.0,0.9727299100667247
YCR010C,-1,-103.41929960250854,-10313.687504932284,0.016710642040457344,1.0,0.9730200174064404
YOR208W,-1,-103.61357478797436,-10838.101111188531,0.016705744431418524,1.0,0.9733101247461561
YMR231W,-1,-103.65495923161507,-11025.319231837988,0.01670084969235277,1.0,0.9736002320858718
YCR104W,0,-103.66286340355873,-11406.109133288264,0.01670084969235277,1.0,0.9736002320858718
YDR348C,0,-103.68154828250408,-11066.697315111756,0.01670084969235277,1.0,0.9736002320858718
YER091C,0,-103.6928136497736,-9852.975047975779,0.01670084969235277,1.0,0.9736002320858718
YDR115W,-1,-103.69759938120842,-10735.058842867613,0.016695957820738138,1.0,0.9738903394255874
YDR358W,-1,-103.74841296672821,-10220.52509945631,0.016691068814055635,1.0,0.9741804467653031
YHR166C,-1,-103.75122617185116,-11473.91365930438,0.01668618266978923,1.0,0.9744705541050188
YGL166W,-1,-103.87605457007885,-11546.196216508746,0.016681299385425813,1.0,0.9747606614447345
YGR059W,-1,-103.93330043554306,-10077.205001413822,0.016676418958455237,1.0,0.9750507687844503
YER153C,-1,-104.11256918311119,-10697.344018116593,0.016671541386370285,1.0,0.975340876124166
YFL061W,0,-104.15799295902252,-11167.2373149544,0.016671541386370285,1.0,0.975340876124166
YOR292C,0,-104.28238952159882,-10527.836807653308,0.016671541386370285,1.0,0.975340876124166
YMR095C,0,-104.37289941310883,-9252.565297394991,0.016671541386370285,1.0,0.975340876124166
YBR126W-A,0,-104.43260568380356,-10436.153022438288,0.016671541386370285,1.0,0.975340876124166
YOR131C,0,-104.4984333217144,-10202.946291074157,0.016671541386370285,1.0,0.975340876124166
YOL067C,-1,-104.5680860877037,-11614.648649543524,0.016666666666666666,1.0,0.9756309834638817
YKL061W,0,-104.61070349812508,-11010.61082753539,0.016666666666666666,1.0,0.9756309834638817
YOR057W,-1,-104.63295032083988,-11742.560277104378,0.01666179479684303,1.0,0.9759210908035973
YPL147W,-1,-104.65664964914322,-10822.714888751507,0.016656925774400935,1.0,0.976211198143313
YJL127C,-1,-104.87731224298477,-10388.313920408487,0.016652059596844872,1.0,0.9765013054830287
YIL072W,-1,-104.95942586660385,-10551.802675828338,0.01664719626168224,1.0,0.9767914128227444
YFR010W,-1,-105.09813420474529,-11258.4598839432,0.016642335766423356,1.0,0.9770815201624601
YPL283C,-1,-105.1043112874031,-10938.596939653158,0.016637478108581436,1.0,0.9773716275021758
YDR484W,-1,-105.17845752835274,-10758.672794535756,0.0166326232856726,1.0,0.9776617348418914
YBR019C,0,-105.39267474412918,-10280.508083850145,0.0166326232856726,1.0,0.9776617348418914
YHR173C,0,-105.42136913537979,-10640.491791814566,0.0166326232856726,1.0,0.9776617348418914
YHR009C,0,-105.47162222862244,-10646.135131955147,0.0166326232856726,1.0,0.9776617348418914
YGR258C,-1,-105.50143644213676,-11357.003759741783,0.01662777129521587,1.0,0.9779518421816072
YNL073W,-1,-105.55482517182827,-10865.053829088807,0.016622922134733157,1.0,0.9782419495213229
YKL091C,-1,-105.59768852591515,-10983.013624608517,0.01661807580174927,1.0,0.9785320568610386
YDR253C,0,-105.60463905334473,-10946.044595062733,0.01661807580174927,1.0,0.9785320568610386
YGL114W,0,-105.77008780837059,-11066.129530102015,0.01661807580174927,1.0,0.9785320568610386
YLR395C,-1,-105.80170024931431,-11269.77436299622,0.016613232293791896,1.0,0.9788221642007543
YLL052C,0,-105.88082331418991,-10092.05874632299,0.016613232293791896,1.0,0.9788221642007543
YGL002W,0,-106.04956384003162,-11241.584609135985,0.016613232293791896,1.0,0.9788221642007543
YAL014C,0,-106.13153856992722,-11465.151309341192,0.016613232293791896,1.0,0.9788221642007543
YGR247W,0,-106.30467420816422,-10056.221754059196,0.016613232293791896,1.0,0.9788221642007543
YDL091C,-1,-106.35558348894119,-9503.371327117085,0.016608391608391608,1.0,0.97911227154047
YHR209W,0,-106.45176327228546,-10266.893609717488,0.016608391608391608,1.0,0.97911227154047
YNL172W,-1,-106.45845490694046,-11540.237192049623,0.016603553743081853,1.0,0.9794023788801857
YER071C,0,-106.4708409011364,-10569.533356398344,0.016603553743081853,1.0,0.9794023788801857
YJR034W,-1,-106.48680087924004,-10325.21369202435,0.016598718695398952,1.0,0.9796924862199013
YKL072W,0,-106.54117508232594,-10464.801957726479,0.016598718695398952,1.0,0.9796924862199013
YHR189W,0,-106.56411127746105,-11146.328987628222,0.016598718695398952,1.0,0.9796924862199013
YDR295C,0,-106.73809452354908,-11817.989470943809,0.016598718695398952,1.0,0.9796924862199013
YBR037C,-1,-106.81601956486702,-10397.142125695944,0.016593886462882096,1.0,0.979982593559617
YNR045W,0,-106.93580567836761,-11865.678155139089,0.016593886462882096,1.0,0.979982593559617
YAR035W,-1,-107.0213551223278,-11501.72160564363,0.01658905704307334,1.0,0.9802727008993327
YJR045C,-1,-107.09329538047314,-10779.669298812747,0.016584230433517602,1.0,0.9805628082390484
YPL028W,-1,-107.37243390083313,-11501.52683185041,0.016579406631762654,1.0,0.9808529155787642
YLR387C,0,-107.4098998606205,-10770.397483035922,0.016579406631762654,1.0,0.9808529155787642
YJR127C,0,-107.46750558912754,-10439.580561876297,0.016579406631762654,1.0,0.9808529155787642
YPR155C,-1,-107.67850515246391,-10503.900269776583,0.016574585635359115,1.0,0.9811430229184799
YOR393W,0,-107.68613487482071,-10429.34502620995,0.016574585635359115,1.0,0.9811430229184799
YNL274C,0,-107.71317690610886,-9926.114182978868,0.016574585635359115,1.0,0.9811430229184799
YDR316W-B,-1,-107.85187751054764,-10852.297336816788,0.016569767441860464,1.0,0.9814331302581956
YBL059W,0,-107.9812263250351,-11040.146379888058,0.016569767441860464,1.0,0.9814331302581956
YDR367W,0,-107.990667283535,-10890.320956990123,0.016569767441860464,1.0,0.9814331302581956
YER012W,-1,-108.03757430613041,-11487.7109015584,0.016564952048823016,1.0,0.9817232375979112
YIL066C,-1,-108.06113521754742,-11817.869787558913,0.01656013945380593,1.0,0.9820133449376269
YKL197C,-1,-108.07595038414001,-10469.842967420816,0.016555329654371186,1.0,0.9823034522773426
YKL007W,-1,-108.21171325445175,-10206.556800082326,0.016550522648083623,1.0,0.9825935596170583
YOR192C,-1,-108.26403784751892,-10467.101539090276,0.016545718432510886,1.0,0.982883666956774
YPL119C,-1,-108.60831665992737,-10459.618431463838,0.01654091700522345,1.0,0.9831737742964897
YOL086C,0,-108.89158304035664,-10613.191550388932,0.01654091700522345,1.0,0.9831737742964897
YBR149W,0,-109.02750784158707,-9701.54802750051,0.01654091700522345,1.0,0.9831737742964897
YJL221C,0,-109.06539887189865,-11318.464751720428,0.01654091700522345,1.0,0.9831737742964897
YNR059W,-1,-109.20181867480278,-10850.27591715753,0.016536118363794605,1.0,0.9834638816362054
YPL162C,0,-109.25651797652245,-10984.046233400702,0.016536118363794605,1.0,0.9834638816362054
YGL158W,-1,-109.44972333312035,-11402.13193589449,0.016531322505800465,1.0,0.9837539889759211
YMR261C,0,-109.52422478795052,-10323.8147534132,0.016531322505800465,1.0,0.9837539889759211
YDR223W,0,-109.61412993073463,-10741.182759925723,0.016531322505800465,1.0,0.9837539889759211
YOR374W,0,-109.6445497572422,-10771.652407944202,0.016531322505800465,1.0,0.9837539889759211
YDR003W,0,-109.82539926469326,-11373.431136906147,0.016531322505800465,1.0,0.9837539889759211
YDR517W,-1,-110.20478707551956,-11048.588332906365,0.016526529428819946,1.0,0.9840440963156368
YOL111C,-1,-110.21710723638535,-10556.632082358003,0.01652173913043478,1.0,0.9843342036553525
YOL001W,-1,-110.25143471360207,-11243.755438908935,0.0165169516082295,1.0,0.9846243109950682
YJL171C,0,-110.26675069332123,-10797.856330946088,0.0165169516082295,1.0,0.9846243109950682
YJL005W,0,-110.33858931064606,-10725.056678518653,0.0165169516082295,1.0,0.9846243109950682
YKR097W,0,-110.60536882281303,-11756.045860663056,0.0165169516082295,1.0,0.9846243109950682
YDR540C,-1,-110.80365633964539,-11572.637540861964,0.016512166859791424,1.0,0.9849144183347839
YLR450W,-1,-110.9262610077858,-10846.082565322518,0.016507384882710686,1.0,0.9852045256744996
YPR008W,-1,-111.06180214881897,-11186.245285838842,0.016502605674580197,1.0,0.9854946330142152
YLR218C,0,-111.13430817425251,-11119.203186422586,0.016502605674580197,1.0,0.9854946330142152
YKL092C,-1,-111.18339988589287,-12028.14067080617,0.01649782923299566,1.0,0.9857847403539309
YKL204W,0,-111.19771520793438,-11358.534837991,0.01649782923299566,1.0,0.9857847403539309
YLR044C,0,-111.5707062035799,-10430.472513139248,0.01649782923299566,1.0,0.9857847403539309
YPL096W,-1,-111.69926226139069,-10775.46842905879,0.016493055555555556,1.0,0.9860748476936466
YKL065C,0,-111.78242489695549,-10532.114353686571,0.016493055555555556,1.0,0.9860748476936466
YML070W,0,-111.97613325715065,-11180.696991935372,0.016493055555555556,1.0,0.9860748476936466
YMR272W-B,0,-112.1001096367836,-10888.96174532175,0.016493055555555556,1.0,0.9860748476936466
YLR271W,0,-112.13820895552635,-10577.995169386268,0.016493055555555556,1.0,0.9860748476936466
YMR262W,0,-112.26701280474663,-10682.371304690838,0.016493055555555556,1.0,0.9860748476936466
YNL160W,0,-112.32105329632759,-9440.298289686441,0.016493055555555556,1.0,0.9860748476936466
YHR190W,-1,-112.63550652563572,-10480.92441354692,0.016488284639861153,1.0,0.9863649550333623
YGL010W,0,-112.87884774804115,-11328.948100298643,0.016488284639861153,1.0,0.9863649550333623
YLR429W,-1,-112.89215785264969,-11346.14306153357,0.016483516483516484,1.0,0.986655062373078
YDL024C,-1,-113.00579446554184,-10351.688974887133,0.01647875108412836,1.0,0.9869451697127938
YGR223C,0,-113.10108426213264,-10409.122244209051,0.01647875108412836,1.0,0.9869451697127938
YNL106C,-1,-113.49933534860611,-11163.593752384186,0.016473988439306357,1.0,0.9872352770525095
YER004W,0,-113.77479156851768,-11848.550773277879,0.016473988439306357,1.0,0.9872352770525095
YBR101C,-1,-114.34045927226543,-11409.105634689331,0.016469228546662815,1.0,0.9875253843922251
YKL187C,0,-114.37877050042152,-11135.7084171772,0.016469228546662815,1.0,0.9875253843922251
YHR092C,-1,-114.47434429824352,-10757.90840703249,0.016464471403812825,1.0,0.9878154917319408
YGL161C,0,-114.64717543125153,-11934.900305524468,0.016464471403812825,1.0,0.9878154917319408
YMR068W,-1,-114.88481058180332,-12034.462189689279,0.01645971700837424,1.0,0.9881055990716565
YDR319C,0,-114.95518533885479,-11341.43776345253,0.01645971700837424,1.0,0.9881055990716565
YPL186C,0,-115.07989886403084,-10828.774441301823,0.01645971700837424,1.0,0.9881055990716565
YIL168W,0,-115.1312126070261,-11619.454631179571,0.01645971700837424,1.0,0.9881055990716565
YPR013C,0,-115.27849215269089,-12092.026072189212,0.01645971700837424,1.0,0.9881055990716565
YDR069C,-1,-115.75978001952171,-11232.768636062741,0.016454965357967668,1.0,0.9883957064113722
YIL108W,0,-116.23554825782776,-11140.798662349582,0.016454965357967668,1.0,0.9883957064113722
YDR423C,-1,-116.28609058260918,-11668.233937755227,0.01645021645021645,1.0,0.9886858137510879
YPR109W,0,-116.43831938505173,-11423.33911177516,0.01645021645021645,1.0,0.9886858137510879
YML057W,-1,-116.68578517436981,-11387.49685883522,0.01644547028274668,1.0,0.9889759210908036
YDR214W,-1,-116.7885659635067,-11818.472543150187,0.016440726853187194,1.0,0.9892660284305193
YBR250W,0,-116.79577688872814,-11478.142488017678,0.016440726853187194,1.0,0.9892660284305193
YPL121C,-1,-117.02447843551636,-11779.921117559075,0.01643598615916955,1.0,0.9895561357702349
YNL045W,-1,-117.23074147105217,-10583.049885973334,0.016431248198328047,1.0,0.9898462431099507
YKL213C,-1,-117.26076167821884,-11855.468966200948,0.016426512968299712,1.0,0.9901363504496664
YPL060W,-1,-117.87488135695457,-11392.206092044711,0.016421780466724288,1.0,0.9904264577893821
YGL212W,-1,-118.24466806650162,-11888.135399892926,0.016417050691244238,1.0,0.9907165651290978
YJR125C,-1,-118.30176848173141,-11832.301166296005,0.01641232363950475,1.0,0.9910066724688135
YGR087C,0,-118.4607048034668,-11435.906107023358,0.01641232363950475,1.0,0.9910066724688135
YLR370C,-1,-118.5219014286995,-11490.52546402812,0.016407599309153715,1.0,0.9912967798085291
YIL125W,-1,-118.79197084903717,-11096.466123178601,0.016402877697841725,1.0,0.9915868871482448
YBR128C,-1,-118.79220592975616,-11683.60432626307,0.016398158803222096,1.0,0.9918769944879605
YKL162C,0,-119.30585271120071,-11420.721736475825,0.016398158803222096,1.0,0.9918769944879605
YGL096W,0,-119.33035054802895,-11808.516586065292,0.016398158803222096,1.0,0.9918769944879605
YNL304W,-1,-119.37636813521385,-12309.230852946639,0.01639344262295082,1.0,0.9921671018276762
YBR036C,-1,-119.47260320186615,-10641.21331615746,0.0163887291546866,1.0,0.9924572091673919
YLR307W,-1,-119.84387022256851,-11991.241179972887,0.01638401839609083,1.0,0.9927473165071077
YMR092C,-1,-119.89127188920975,-11049.280220091343,0.016379310344827588,1.0,0.9930374238468234
YOL122C,-1,-120.00410467386246,-11622.405388206244,0.016374604998563632,1.0,0.993327531186539
YDR216W,-1,-120.37478646636009,-12187.60147432983,0.016369902354968408,1.0,0.9936176385262547
YBR145W,0,-120.39606600999832,-10586.441203281283,0.016369902354968408,1.0,0.9936176385262547
YOR383C,-1,-120.50736285746098,-11815.798557847738,0.01636520241171404,1.0,0.9939077458659704
YGL053W,-1,-120.99254517257214,-11828.87250046432,0.016360505166475317,1.0,0.9941978532056861
YFL055W,-1,-121.262934923172,-11931.232101514935,0.0163558106169297,1.0,0.9944879605454018
YPL249C,-1,-121.4465246796608,-11152.993996977806,0.016351118760757316,1.0,0.9947780678851175
YIR017C,-1,-121.63189658522606,-11293.02872094512,0.016346429595640952,1.0,0.9950681752248332
YLR329W,-1,-121.6524817943573,-11867.183825835586,0.016341743119266054,1.0,0.9953582825645488
YBL075C,-1,-122.2634630203247,-12169.580585539341,0.01633705932932072,1.0,0.9956483899042646
YNL333W,0,-122.38222955167294,-12125.087406918406,0.01633705932932072,1.0,0.9956483899042646
YDL019C,-1,-122.8922900557518,-11881.763818591833,0.016332378223495703,1.0,0.9959384972439803
YFR024C,-1,-122.91818451881409,-12045.31536847353,0.01632769979948439,1.0,0.996228604583696
YOR273C,-1,-123.13659478724003,-11718.404888644814,0.01632302405498282,1.0,0.9965187119234117
YNL173C,-1,-123.40458407998085,-12214.81759518385,0.016318350987689665,1.0,0.9968088192631274
YPR184W,0,-123.82828706502914,-12048.462350547314,0.016318350987689665,1.0,0.9968088192631274
YFL011W,-1,-123.8775047659874,-11213.47062188387,0.01631368059530624,1.0,0.997098926602843
YOR298C-A,-1,-124.15579718351364,-11525.189921811223,0.01630901287553648,1.0,0.9973890339425587
YLR360W,-1,-124.35784974694252,-11594.886419221759,0.016304347826086956,1.0,0.9976791412822744
YFL030W,0,-125.49885049462318,-12288.96045036614,0.016304347826086956,1.0,0.9976791412822744
YNL223W,-1,-125.5620394051075,-11732.951178073883,0.016299685444666857,1.0,0.9979692486219901
YDL204W,0,-126.30121058225632,-11784.506693810225,0.016299685444666857,1.0,0.9979692486219901
YAL060W,0,-126.34168639779091,-11833.837458863854,0.016299685444666857,1.0,0.9979692486219901
YMR139W,-1,-126.71198979020119,-11950.192759379745,0.016295025728987993,1.0,0.9982593559617058
YEL011W,0,-126.8125638961792,-12144.794730186462,0.016295025728987993,1.0,0.9982593559617058
YDR032C,0,-127.0198056101799,-12313.435344845057,0.016295025728987993,1.0,0.9982593559617058
YKL218C,0,-127.599829018116,-10901.590052112937,0.016295025728987993,1.0,0.9982593559617058
YER141W,0,-127.98612675070763,-12330.450835332274,0.016295025728987993,1.0,0.9982593559617058
YLR251W,0,-128.285760730505,-11440.814209729433,0.016295025728987993,1.0,0.9982593559617058
YMR169C,0,-128.5741297006607,-11788.674936830997,0.016295025728987993,1.0,0.9982593559617058
YJL164C,-1,-130.61415988206863,-11207.653620764613,0.01629036867676479,1.0,0.9985494633014216
YOL071W,-1,-130.91031120717525,-12430.430654123425,0.016285714285714285,1.0,0.9988395706411373
YDR204W,0,-131.99205058813095,-12486.881611198187,0.016285714285714285,1.0,0.9988395706411373
YIL162W,0,-134.96435163915157,-13435.050305962563,0.016285714285714285,1.0,0.9988395706411373
YML100W,0,-135.0667980313301,-11944.395579442382,0.016285714285714285,1.0,0.9988395706411373
YPL087W,-1,-135.1050444841385,-12128.081481933594,0.016281062553556127,1.0,0.999129677980853
YMR323W,0,-135.22009214758873,-12243.87512126565,0.016281062553556127,1.0,0.999129677980853
YDR171W,-1,-139.6801522374153,-13006.819390192628,0.016276413478012564,1.0,0.9994197853205686
YKL026C,-1,-145.0755431652069,-12636.824419245124,0.01627176705680845,1.0,0.9997098926602843
YBR046C,-1,-148.27059590816498,-13392.162731572986,0.016267123287671232,1.0,1.0
