Gene A,Gene B,Label,Score,Precision,Recall,False Positive Rate
YOR348C,YDL075W,0,-0.10132482,0.0,0.0,0.00028490027762018144
YLR327C,YHR010W,0,-0.10132482,0.0,0.0,0.0005698005552403629
YJL136C,YLR327C,0,-0.10132482,0.0,0.0,0.0008547008619643748
YBL075C,YGL206C,0,-0.10132482,0.0,0.0,0.0011396011104807258
YJL158C,YJL102W,0,-0.10132482,0.0,0.0,0.0014245014172047377
YDR012W,YER106W,0,-0.10132482,0.0,0.0,0.0017094017239287496
YJR145C,YDR501W,0,-0.10132482,0.0,0.0,0.0019943020306527615
YOR348C,YMR128W,0,-0.10132482,0.0,0.0,0.0022792022209614515
YNL210W,YIL136W,0,-0.10132482,0.0,0.0,0.0025641026441007853
YGL210W,YLR343W,0,-0.11121808,0.0,0.0,0.0028490028344094753
YDR270W,YLR343W,0,-0.11598671,0.0,0.0,0.0031339030247181654
YKL011C,YNL112W,0,-0.122018054,0.0,0.0,0.003418803447857499
YBL075C,YGR234W,0,-0.14209527,0.0,0.0,0.003703703638166189
YJL158C,YKL010C,0,-0.1512672,0.0,0.0,0.003988604061305523
YGR088W,YNL301C,0,-0.16495073,0.0,0.0,0.004273504484444857
YLR343W,YDL065C,0,-0.16965671,0.0,0.0,0.004558404441922903
YHR021C,YDR380W,0,-0.17316717,0.0,0.0,0.004843304865062237
YHR052W,YDR380W,0,-0.18461037,0.0,0.0,0.0051282052882015705
YJL158C,YCR040W,0,-0.19236372,0.0,0.0,0.005413105245679617
YGR292W,YLR109W,0,-0.19322962,0.0,0.0,0.005698005668818951
YLR441C,YPL095C,0,-0.19528082,0.0,0.0,0.005982906091958284
YFR015C,YLR441C,0,-0.2056046,0.0,0.0,0.006267806049436331
YNL210W,YDL204W,0,-0.22778004,0.0,0.0,0.0065527064725756645
YGR088W,YPL096C-A,0,-0.2310059,0.0,0.0,0.006837606895714998
YBL075C,YGL155W,0,-0.25427213,0.0,0.0,0.007122507318854332
YIL155C,YOL007C,0,-0.25732097,0.0,0.0,0.007407407276332378
YMR043W,YLR327C,0,-0.27630222,0.0,0.0,0.007692307699471712
YER091C,YOL123W,0,-0.29248756,0.0,0.0,0.007977208122611046
YEL054C,YJL153C,0,-0.2964805,0.0,0.0,0.008262108080089092
YDL204W,YPL160W,0,-0.30197948,0.0,0.0,0.008547008968889713
YGL120C,YPR184W,0,-0.33221388,0.0,0.0,0.00883190892636776
YDR012W,YJL108C,0,-0.33325207,0.0,0.0,0.009116808883845806
YKR104W,YKL056C,0,-0.33435813,0.0,0.0,0.009401709772646427
YER091C,YHL032C,0,-0.34551886,0.0,0.0,0.009686609730124474
YPL090C,YDR523C,0,-0.35964838,0.0,0.0,0.00997150968760252
YLR276C,YDR380W,0,-0.36549172,0.0,0.0,0.010256410576403141
YLR142W,YFL037W,0,-0.3876256,0.0,0.0,0.010541310533881187
YJL219W,YDR447C,0,-0.38772893,0.0,0.0,0.010826210491359234
YDR533C,YEL054C,0,-0.38816154,0.0,0.0,0.011111111380159855
YOR369C,YOR374W,0,-0.39567924,0.0,0.0,0.011396011337637901
YDL138W,YGL147C,0,-0.40150097,0.0,0.0,0.011680911295115948
YEL054C,YIL171W,0,-0.40576336,0.0,0.0,0.011965812183916569
YDL141W,YER070W,0,-0.4146598,0.0,0.0,0.012250712141394615
YPR132W,YBL069W,0,-0.4679013,0.0,0.0,0.012535612098872662
YGL147C,YGR071C,0,-0.46791837,0.0,0.0,0.012820512987673283
YDR047W,YPL123C,0,-0.46963897,0.0,0.0,0.013105412945151329
YBL075C,YNL227C,0,-0.49079683,0.0,0.0,0.01339031383395195
YDR418W,YDR501W,0,-0.5119167,0.0,0.0,0.013675213791429996
YDL082W,YPL202C,0,-0.52904594,0.0,0.0,0.013960113748908043
YJR143C,YOR120W,0,-0.52907234,0.0,0.0,0.014245014637708664
YPR048W,YJL158C,0,-0.53555393,0.0,0.0,0.01452991459518671
YAR015W,YGR088W,0,-0.5376577,0.0,0.0,0.014814814552664757
YLR448W,YIL136W,0,-0.5400897,0.0,0.0,0.015099715441465378
YJL033W,YAL044C,0,-0.54122347,0.0,0.0,0.015384615398943424
YMR303C,YOR244W,0,-0.54827356,0.0,0.0,0.01566951535642147
YML054C,YCR092C,0,-0.55101585,0.0,0.0,0.01595441624522209
YDL130W,YIL171W,0,-0.55133945,0.0,0.0,0.016239317134022713
YJR158W,YDR418W,0,-0.5537298,0.0,0.0,0.016524216160178185
YCR020C,YOL019W,0,-0.5539175,0.0,0.0,0.016809117048978806
YLL013C,YBL075C,0,-0.56294847,0.0,0.0,0.017094017937779427
YPR132W,YDR479C,0,-0.5698284,0.0,0.0,0.0173789169639349
YDR533C,YJR143C,0,-0.57439554,0.0,0.0,0.01766381785273552
YNL301C,YNL213C,0,-0.5770606,0.0,0.0,0.01794871874153614
YOL120C,YKL198C,0,-0.57719356,0.0,0.0,0.018233617767691612
YDR158W,YGR071C,0,-0.59194416,0.0,0.0,0.018518518656492233
YGR159C,YLR099C,0,-0.59235907,0.0,0.0,0.018803419545292854
YDR533C,YMR128W,0,-0.5979388,0.0,0.0,0.019088318571448326
YBL024W,YDL110C,0,-0.5992597,0.0,0.0,0.019373219460248947
YOR120W,YDR047W,0,-0.60291725,0.0,0.0,0.019658120349049568
YER131W,YDR534C,0,-0.60522866,0.0,0.0,0.01994301937520504
YJL080C,YDR436W,0,-0.6063807,0.0,0.0,0.02022792026400566
YBR289W,YER184C,0,-0.611194,0.0,0.0,0.020512821152806282
YBL078C,YJL189W,0,-0.6135101,0.0,0.0,0.020797720178961754
YJL157C,YLR099C,0,-0.61493766,0.0,0.0,0.021082621067762375
YPL148C,YOR348C,0,-0.61848414,0.0,0.0,0.021367521956562996
YER053C,YDR101C,0,-0.6279502,0.0,0.0,0.021652420982718468
YNL210W,YJL102W,0,-0.6323327,0.0,0.0,0.02193732187151909
YER131W,YLR158C,0,-0.64524055,0.0,0.0,0.02222222276031971
YJR145C,YML088W,0,-0.6596801,0.0,0.0,0.02250712178647518
YGR189C,YPL033C,0,-0.66316354,0.0,0.0,0.022792022675275803
YML104C,YGL031C,0,-0.6663871,0.0,0.0,0.023076923564076424
YDR270W,YDR418W,0,-0.66953075,0.0,0.0,0.023361822590231895
YOR381W,YDL082W,0,-0.67354786,0.0,0.0,0.023646723479032516
YNL311C,YNL096C,0,-0.6764602,0.0,0.0,0.023931624367833138
YFR008W,YNL096C,0,-0.688388,0.0,0.0,0.02421652339398861
YLR343W,YLL035W,0,-0.6894531,0.0,0.0,0.02450142428278923
YHR215W,YPR081C,0,-0.6921829,0.0,0.0,0.02478632517158985
YGR088W,YML015C,0,-0.6971743,0.0,0.0,0.025071224197745323
YJL108C,YKL181W,0,-0.69907355,0.0,0.0,0.025356125086545944
YNL046W,YDL082W,0,-0.70130277,0.0,0.0,0.025641025975346565
YIL125W,YLR327C,0,-0.7029971,0.0,0.0,0.025925925001502037
YHR023W,YLR048W,0,-0.7059195,0.0,0.0,0.026210825890302658
YPR063C,YDR534C,0,-0.7110294,0.0,0.0,0.02649572677910328
YHR031C,YDR418W,0,-0.7172347,0.0,0.0,0.0267806276679039
YMR217W,YJR155W,0,-0.7205819,0.0,0.0,0.027065526694059372
YOR155C,YPL090C,0,-0.7313893,0.0,0.0,0.027350427582859993
YBL030C,YML037C,0,-0.73193073,0.0,0.0,0.027635328471660614
YDR074W,YOR306C,0,-0.7336996,0.0,0.0,0.027920227497816086
YBL075C,YLR385C,0,-0.7357122,0.0,0.0,0.028205128386616707
YJR160C,YNL301C,0,-0.73800904,0.0,0.0,0.028490029275417328
YOR348C,YMR224C,0,-0.74027705,0.0,0.0,0.0287749283015728
YJR143C,YDR402C,0,-0.74061835,0.0,0.0,0.02905982919037342
YBL078C,YLR441C,0,-0.7437402,0.0,0.0,0.029344730079174042
YPR132W,YBR299W,0,-0.7460379,0.0,0.0,0.029629629105329514
YCR081W,YDL082W,0,-0.7467432,0.0,0.0,0.029914529994130135
YNL210W,YOL077C,0,-0.7477993,0.0,0.0,0.030199430882930756
YNL162W,YPL154C,0,-0.75278986,0.0,0.0,0.030484329909086227
YNL128W,YOR369C,0,-0.75445414,0.0,0.0,0.03076923079788685
YOL077C,YPL186C,0,-0.7564361,0.0,0.0,0.03105413168668747
YDR074W,YOL080C,0,-0.7610519,0.0,0.0,0.03133903071284294
YER056C-A,YLR306W,0,-0.763597,0.0,0.0,0.03162393346428871
YJR009C,YDL017W,0,-0.7646477,0.0,0.0,0.03190883249044418
YGL147C,YLR446W,0,-0.7725356,0.0,0.0,0.032193731516599655
YIR014W,YLR134W,0,-0.77271837,0.0,0.0,0.032478634268045425
YDR033W,YNL086W,0,-0.7755275,0.0,0.0,0.0327635332942009
YHR089C,YJR015W,0,-0.77984256,0.0,0.0,0.03304843232035637
YBR092C,YPL202C,0,-0.7820311,0.0,0.0,0.03333333507180214
YFL029C,YGL031C,0,-0.78731716,0.0,0.0,0.03361823409795761
YGL229C,YKL109W,0,-0.7924191,0.0,0.0,0.03390313312411308
YPR184W,YML115C,0,-0.79557556,0.0,0.0,0.03418803587555885
YHR036W,YAL003W,0,-0.79895866,0.0,0.0,0.034472934901714325
YIL150C,YGL185C,0,-0.8027855,0.0,0.0,0.0347578339278698
YHR089C,YOR057W,0,-0.8065702,0.0,0.0,0.03504273667931557
YAL041W,YPR184W,0,-0.80887955,0.0,0.0,0.03532763570547104
YJR145C,YDR003W,0,-0.80939394,0.0,0.0,0.03561253473162651
YJR009C,YNL242W,0,-0.80971736,0.0,0.0,0.03589743748307228
YML054C,YBR087W,0,-0.8123733,0.0,0.0,0.03618233650922775
YOR384W,YNL339C,0,-0.8181571,0.0,0.0,0.036467235535383224
YOR096W,YJR155W,0,-0.8193761,0.0,0.0,0.036752138286828995
YHR092C,YPL281C,0,-0.8239617,0.0,0.0,0.03703703731298447
YCL069W,YPL160W,0,-0.8251739,0.0,0.0,0.03732193633913994
YKL056C,YOR374W,0,-0.8268398,0.0,0.0,0.03760683909058571
YLR188W,YGL147C,0,-0.83057064,0.0,0.0,0.03789173811674118
YDL075W,YPL258C,0,-0.84290105,0.0,0.0,0.03817663714289665
YLR048W,YBR299W,0,-0.8436328,0.0,0.0,0.03846153989434242
YDR253C,YLR048W,0,-0.8462623,0.0,0.0,0.038746438920497894
YBR084W,YDR534C,0,-0.85036474,0.0,0.0,0.039031337946653366
YNL162W,YJR059W,0,-0.85474443,0.0,0.0,0.039316240698099136
YMR142C,YDR425W,0,-0.85761595,0.0,0.0,0.03960113972425461
YDL129W,YBR123C,0,-0.85878205,0.0,0.0,0.03988603875041008
YEL065W,YAL025C,0,-0.8609372,0.0,0.0,0.04017094150185585
YJR015W,YDR418W,0,-0.86418915,0.0,0.0,0.04045584052801132
YJR160C,YML063W,0,-0.8658893,0.0,0.0,0.040740739554166794
YLR304C,YOR242C,0,-0.8669369,0.0,0.0,0.041025642305612564
YNL162W,YOR043W,0,-0.86743116,0.0,0.0,0.041310541331768036
YEL054C,YBR213W,0,-0.8712742,0.0,0.0,0.04159544035792351
YBL078C,YMR128W,0,-0.87387806,0.0,0.0,0.04188034310936928
YGR035C,YKL116C,0,-0.875826,0.0,0.0,0.04216524213552475
YBR176W,YPL231W,0,-0.87611103,0.0,0.0,0.04245014116168022
YLR214W,YOR306C,0,-0.8771719,0.0,0.0,0.04273504391312599
YGL135W,YJL046W,0,-0.8785444,0.0,0.0,0.043019942939281464
YIL171W,YKL143W,0,-0.88411,0.0,0.0,0.043304841965436935
YOL156W,YNL096C,0,-0.8873774,0.0,0.0,0.043589744716882706
YER131W,YGR035C,0,-0.89038616,0.0,0.0,0.04387464374303818
YNL012W,YCL047C,0,-0.8955765,0.0,0.0,0.04415954276919365
YNL206C,YBR012W-B,1,-0.8985863,0.006410256493836641,0.0028490028344094753,0.04415954276919365
YOR348C,YMR292W,0,-0.9047829,0.006369426846504211,0.0028490028344094753,0.04444444552063942
YHL036W,YOR127W,0,-0.9059996,0.006329114083200693,0.0028490028344094753,0.04472934454679489
YIL171W,YCL050C,0,-0.9094801,0.006289307959377766,0.0028490028344094753,0.04501424357295036
YHL008C,YML042W,0,-0.9097114,0.0062500000931322575,0.0028490028344094753,0.04529914632439613
YJL097W,YOR242C,0,-0.9135823,0.006211180239915848,0.0028490028344094753,0.045584045350551605
YDR425W,YJL136C,0,-0.9138143,0.006172839552164078,0.0028490028344094753,0.04586894437670708
YPR005C,YLR448W,0,-0.9162717,0.0061349691823124886,0.0028490028344094753,0.04615384712815285
YLR126C,YBL074C,0,-0.91819537,0.006097560748457909,0.0028490028344094753,0.04643874615430832
YNL210W,YOR046C,0,-0.9218069,0.0060606058686971664,0.0028490028344094753,0.04672364518046379
YLR364W,YHR089C,0,-0.93064356,0.0060240961611270905,0.0028490028344094753,0.04700854793190956
YDR012W,YOL100W,0,-0.93086386,0.005988024175167084,0.0028490028344094753,0.04729344695806503
YDR358W,YGR124W,0,-0.9354855,0.0059523810632526875,0.0028490028344094753,0.047578345984220505
YAL023C,YGL185C,0,-0.9355445,0.005917159840464592,0.0028490028344094753,0.047863248735666275
YJL046W,YHR064C,0,-0.9411723,0.0058823530562222,0.0028490028344094753,0.04814814776182175
YAL020C,YHR215W,0,-0.9419224,0.005847953259944916,0.0028490028344094753,0.04843304678797722
YML037C,YHL016C,0,-0.94349265,0.0058139534667134285,0.0028490028344094753,0.04871794953942299
YML037C,YBR035C,0,-0.94411373,0.005780346691608429,0.0028490028344094753,0.04900284856557846
YER025W,YJR022W,0,-0.94757724,0.005747126415371895,0.0028490028344094753,0.04928774759173393
YNL046W,YOL109W,0,-0.95005584,0.0057142856530845165,0.0028490028344094753,0.0495726503431797
YAL023C,YOR374W,0,-0.9578815,0.005681818351149559,0.0028490028344094753,0.049857549369335175
YOR124C,YDL184C,0,-0.9613751,0.005649717524647713,0.0028490028344094753,0.050142448395490646
YKR094C,YDR387C,0,-0.9620576,0.00561797758564353,0.0028490028344094753,0.05042735114693642
YML074C,YBR105C,0,-0.9647343,0.005586592014878988,0.0028490028344094753,0.05071225017309189
YHR207C,YCL057C-A,0,-0.9698815,0.0055555556900799274,0.0028490028344094753,0.05099714919924736
YNR050C,YAR044W,0,-0.9828935,0.005524862091988325,0.0028490028344094753,0.05128205195069313
YDR018C,YOL071W,0,-0.9943961,0.005494505632668734,0.0028490028344094753,0.0515669509768486
YNL206C,YJR029W,1,-0.99679315,0.01092896144837141,0.005698005668818951,0.0515669509768486
YJR094W-A,YEL065W,0,-0.99823886,0.010869565419852734,0.005698005668818951,0.051851850003004074
YDL075W,YLR337W,0,-1.003047,0.010810811072587967,0.005698005668818951,0.052136752754449844
YNL086W,YDR134C,0,-1.0051004,0.01075268816202879,0.005698005668818951,0.052421651780605316
YLL009C,YJR015W,0,-1.0053099,0.010695187374949455,0.005698005668818951,0.052706554532051086
YCR096C,YLR126C,0,-1.0066016,0.010638297535479069,0.005698005668818951,0.05299145355820656
YML042W,YJL189W,0,-1.007219,0.010582010261714458,0.005698005668818951,0.05327635258436203
YJL153C,YDR224C,0,-1.0073242,0.010526316240429878,0.005698005668818951,0.0535612553358078
YML113W,YKL109W,0,-1.0090884,0.010471204295754433,0.005698005668818951,0.05384615436196327
YGL123W,YJR089W,0,-1.0094526,0.010416666977107525,0.005698005668818951,0.054131053388118744
YGR088W,YHR011W,0,-1.0109811,0.010362694039940834,0.005698005668818951,0.054415956139564514
YOL152W,YIL155C,0,-1.0113096,0.010309278033673763,0.005698005668818951,0.054700855165719986
YOL105C,YKL109W,0,-1.0127442,0.010256410576403141,0.005698005668818951,0.05498575419187546
YPL174C,YIR017C,0,-1.0171059,0.010204081423580647,0.005698005668818951,0.05527065694332123
YPL060W,YGL157W,0,-1.0176387,0.010152284055948257,0.005698005668818951,0.0555555559694767
YML054C,YGR062C,0,-1.0217202,0.010101010091602802,0.005698005668818951,0.05584045499563217
YKL178C,YBR289W,0,-1.0244768,0.01005025114864111,0.005698005668818951,0.05612535774707794
YOR037W,YNL339C,0,-1.0249755,0.009999999776482582,0.005698005668818951,0.056410256773233414
YGR295C,YDL109C,0,-1.0273565,0.009950248524546623,0.005698005668818951,0.056695155799388885
YFR015C,YIL125W,0,-1.0299668,0.009900989942252636,0.005698005668818951,0.056980058550834656
YER140W,YOR061W,0,-1.0308255,0.009852216579020023,0.005698005668818951,0.05726495757699013
YKL158W,YLR246W,0,-1.0329162,0.009803921915590763,0.005698005668818951,0.0575498566031456
YIL136W,YNL135C,0,-1.0330153,0.009756097570061684,0.005698005668818951,0.05783475935459137
YDL195W,YLL035W,0,-1.0342277,0.009708737954497337,0.005698005668818951,0.05811965838074684
YDR363W-A,YGR272C,0,-1.0355505,0.009661835618317127,0.005698005668818951,0.05840455740690231
YJL041W,YIL111W,0,-1.0363634,0.009615384973585606,0.005698005668818951,0.058689460158348083
YHR039C-B,YIR023W,0,-1.0398747,0.009569377638399601,0.005698005668818951,0.058974359184503555
YNL206C,YCL075W,1,-1.0419757,0.014285714365541935,0.008547008968889713,0.058974359184503555
YBL075C,YBR009C,0,-1.042817,0.014218009077012539,0.008547008968889713,0.05925925821065903
YDR341C,YHL040C,0,-1.0431374,0.014150943607091904,0.008547008968889713,0.0595441609621048
YBL030C,YPR096C,0,-1.0434387,0.014084506779909134,0.008547008968889713,0.05982905998826027
YOR240W,YGR014W,0,-1.0456084,0.014018691144883633,0.008547008968889713,0.06011395901441574
YGR088W,YDR054C,0,-1.0458785,0.013953488320112228,0.008547008968889713,0.06039886176586151
YDL051W,YPL092W,0,-1.046776,0.013888888992369175,0.008547008968889713,0.06068376079201698
YOR356W,YOR211C,0,-1.0469522,0.0138248847797513,0.008547008968889713,0.060968659818172455
YDL114W,YPL017C,0,-1.0478851,0.013761468231678009,0.008547008968889713,0.061253562569618225
YDL109C,YPL028W,0,-1.0511398,0.013698630034923553,0.008547008968889713,0.0615384615957737
YLR266C,YDL038C,0,-1.052374,0.013636363670229912,0.008547008968889713,0.06182336062192917
YEL064C,YJL080C,0,-1.0531573,0.013574660755693913,0.008547008968889713,0.06210826337337494
YNL212W,YGR001C,0,-1.0536367,0.013513513840734959,0.008547008968889713,0.06239316239953041
YDL060W,YDR368W,0,-1.0539992,0.013452914543449879,0.008547008968889713,0.06267806142568588
YER140W,YKR097W,0,-1.0540717,0.013392857275903225,0.008547008968889713,0.06296296417713165
YJR066W,YPL090C,0,-1.0548887,0.013333333656191826,0.008547008968889713,0.06324786692857742
YGL123W,YPL154C,0,-1.0578974,0.013274336233735085,0.008547008968889713,0.0635327622294426
YIR014W,YMR043W,0,-1.0593596,0.013215859420597553,0.008547008968889713,0.06381766498088837
YDR402C,YHR064C,0,-1.0641527,0.01315789483487606,0.008547008968889713,0.06410256773233414
YDR022C,YGL147C,0,-1.0650237,0.013100436888635159,0.008547008968889713,0.06438746303319931
YLR370C,YMR122W-A,0,-1.0659149,0.01304347813129425,0.008547008968889713,0.06467236578464508
YMR302C,YBR040W,0,-1.0673348,0.012987012974917889,0.008547008968889713,0.06495726853609085
YOR096W,YDR065W,0,-1.0674287,0.01293103490024805,0.008547008968889713,0.06524216383695602
YBL054W,YJL164C,0,-1.067764,0.01287553645670414,0.008547008968889713,0.0655270665884018
YNL046W,YBR156C,0,-1.0689646,0.012820512987673283,0.008547008968889713,0.06581196933984756
YBR012W-A,YNL206C,1,-1.0711892,0.01702127605676651,0.011396011337637901,0.06581196933984756
YLR134W,YHR101C,0,-1.0715894,0.016949152573943138,0.011396011337637901,0.06609686464071274
YHL040C,YGR272C,0,-1.0770673,0.016877636313438416,0.011396011337637901,0.06638176739215851
YNL146W,YJL101C,0,-1.0771554,0.016806723549962044,0.011396011337637901,0.06666667014360428
YNL301C,YCL061C,0,-1.0793959,0.016736401244997978,0.011396011337637901,0.06695156544446945
YOR348C,YJL170C,0,-1.0795208,0.01666666753590107,0.011396011337637901,0.06723646819591522
YDR012W,YOL072W,0,-1.0798823,0.016597511246800423,0.011396011337637901,0.06752137094736099
YJL080C,YDR252W,0,-1.0800992,0.01652892492711544,0.011396011337637901,0.06780626624822617
YAR019C,YGL147C,0,-1.0808184,0.016460904851555824,0.011396011337637901,0.06809116899967194
YHR067W,YNL096C,0,-1.082331,0.016393441706895828,0.011396011337637901,0.0683760717511177
YOR155C,YJL080C,0,-1.0840889,0.016326529905200005,0.011396011337637901,0.06866096705198288
YOR356W,YLR357W,0,-1.0848502,0.016260161995887756,0.011396011337637901,0.06894586980342865
YBL017C,YDR065W,0,-1.0853314,0.016194332391023636,0.011396011337637901,0.06923077255487442
YKL116C,YML087C,0,-1.0871394,0.016129031777381897,0.011396011337637901,0.0695156678557396
YDL129W,YPL085W,0,-1.0891408,0.01606425642967224,0.011396011337637901,0.06980057060718536
YGR063C,YLR337W,0,-1.0894215,0.01600000075995922,0.011396011337637901,0.07008547335863113
YOR224C,YDR134C,0,-1.0905087,0.01593625545501709,0.011396011337637901,0.07037036865949631
YJR098C,YOR346W,0,-1.0910064,0.01587301678955555,0.011396011337637901,0.07065527141094208
YER082C,YDR342C,0,-1.0911084,0.015810277312994003,0.011396011337637901,0.07094017416238785
YBR036C,YLR419W,0,-1.0913672,0.015748031437397003,0.011396011337637901,0.07122506946325302
YDR299W,YOR240W,0,-1.0916239,0.01568627543747425,0.011396011337637901,0.07150997221469879
YKL179C,YDL180W,0,-1.0920215,0.015625,0.011396011337637901,0.07179487496614456
YDL075W,YJR059W,0,-1.0928102,0.015564202331006527,0.011396011337637901,0.07207977026700974
YJR145C,YDR236C,0,-1.0934774,0.01550387591123581,0.011396011337637901,0.0723646730184555
YNL248C,YLR207W,0,-1.0937462,0.0154440151527524,0.011396011337637901,0.07264957576990128
YHR039C-B,YPL028W,0,-1.0944111,0.015384615398943424,0.011396011337637901,0.07293447107076645
YOR228C,YGL031C,0,-1.0959961,0.015325670130550861,0.011396011337637901,0.07321937382221222
YGR292W,YOR014W,0,-1.0973936,0.015267175622284412,0.011396011337637901,0.07350427657365799
YDR283C,YKL164C,0,-1.0996095,0.015209125354886055,0.011396011337637901,0.07378917187452316
YER087C-A,YFR015C,0,-1.1003381,0.01515151560306549,0.011396011337637901,0.07407407462596893
YHR184W,YHR052W,0,-1.1012737,0.015094339847564697,0.011396011337637901,0.0743589773774147
YJL148W,YNR007C,0,-1.107751,0.015037594363093376,0.011396011337637901,0.07464387267827988
YGR088W,YLR172C,0,-1.1107659,0.01498127356171608,0.011396011337637901,0.07492877542972565
YOR167C,YHR039C-B,0,-1.1110921,0.014925372786819935,0.011396011337637901,0.07521367818117142
YGL136C,YGR054W,0,-1.1189221,0.014869888313114643,0.011396011337637901,0.07549857348203659
YNL331C,YHR010W,0,-1.1200957,0.014814814552664757,0.011396011337637901,0.07578347623348236
YFL002W-A,YLR035C-A,1,-1.121135,0.018450183793902397,0.014245014637708664,0.07578347623348236
YGL009C,YPR005C,0,-1.1252948,0.018382353708148003,0.014245014637708664,0.07606837898492813
YNL159C,YMR122W-A,0,-1.1257683,0.018315019086003304,0.014245014637708664,0.0763532742857933
YLR343W,YFR007W,0,-1.1266835,0.018248174339532852,0.014245014637708664,0.07663817703723907
YOL152W,YOL005C,0,-1.1268134,0.0181818176060915,0.014245014637708664,0.07692307978868484
YHR160C,YOR240W,0,-1.1274892,0.018115941435098648,0.014245014637708664,0.07720797508955002
YER184C,YCR037C,0,-1.1276517,0.018050542101264,0.014245014637708664,0.07749287784099579
YDR120C,YOR374W,0,-1.129959,0.017985612154006958,0.014245014637708664,0.07777778059244156
YER086W,YCR029C-A,0,-1.1302041,0.017921147868037224,0.014245014637708664,0.07806267589330673
YDR170W-A,YMR051C,1,-1.1302568,0.02142857201397419,0.017094017937779427,0.07806267589330673
YDR533C,YBR030W,0,-1.1307405,0.021352313458919525,0.017094017937779427,0.0783475786447525
YFL029C,YLR126C,0,-1.1308401,0.021276595070958138,0.017094017937779427,0.07863248139619827
YOL064C,YIL136W,0,-1.1310241,0.02120141312479973,0.017094017937779427,0.07891737669706345
YNR001C,YLR014C,0,-1.1314678,0.0211267601698637,0.017094017937779427,0.07920227944850922
YJR098C,YIL039W,0,-1.1319399,0.021052632480859756,0.017094017937779427,0.07948718219995499
YOR356W,YMR165C,0,-1.1322184,0.02097902074456215,0.017094017937779427,0.07977207750082016
YAL021C,YBR241C,0,-1.1348994,0.02090592309832573,0.017094017937779427,0.08005698025226593
YHL024W,YML005W,0,-1.1358653,0.02083333395421505,0.017094017937779427,0.0803418830037117
YKL158W,YDR380W,0,-1.1370412,0.020761245861649513,0.017094017937779427,0.08062677830457687
YGR159C,YGL095C,0,-1.1371324,0.02068965509533882,0.017094017937779427,0.08091168105602264
YMR056C,YML063W,0,-1.137866,0.020618556067347527,0.017094017937779427,0.08119658380746841
YDL101C,YDL075W,0,-1.1379466,0.02054794505238533,0.017094017937779427,0.08148147910833359
YDL120W,YKL158W,0,-1.1421807,0.020477816462516785,0.017094017937779427,0.08176638185977936
YHL008C,YOR356W,0,-1.143075,0.020408162847161293,0.017094017937779427,0.08205128461122513
YJR145C,YDL108W,0,-1.14469,0.020338982343673706,0.017094017937779427,0.0823361799120903
YFR041C,YPL068C,0,-1.1457595,0.020270269364118576,0.017094017937779427,0.08262108266353607
YLR035C-A,YAR010C,1,-1.1462183,0.023569023236632347,0.01994301937520504,0.08262108266353607
YAL021C,YMR086W,0,-1.1463377,0.02348993346095085,0.01994301937520504,0.08290598541498184
YCR029C-A,YBR299W,0,-1.1466715,0.023411370813846588,0.01994301937520504,0.08319088071584702
YBR001C,YPL096C-A,0,-1.1468232,0.023333333432674408,0.01994301937520504,0.08347578346729279
YOR155C,YNL061W,0,-1.1471355,0.023255813866853714,0.01994301937520504,0.08376068621873856
YLR035C-A,YMR045C,1,-1.1482627,0.026490066200494766,0.022792022675275803,0.08376068621873856
YDR170W-A,YJR029W,1,-1.1488316,0.029702970758080482,0.025641025975346565,0.08376068621873856
YIL004C,YHR039C-B,0,-1.1523395,0.029605263844132423,0.025641025975346565,0.08404558151960373
YOR381W,YNL248C,0,-1.1534982,0.02950819581747055,0.025641025975346565,0.0843304842710495
YDR013W,YHR039C-B,0,-1.15375,0.029411764815449715,0.025641025975346565,0.08461538702249527
YGR223C,YAL003W,0,-1.1544807,0.02931596152484417,0.025641025975346565,0.08490028232336044
YOR308C,YGL141W,0,-1.1554582,0.02922077849507332,0.025641025975346565,0.08518518507480621
YLR035C-A,YMR051C,1,-1.1555266,0.03236246109008789,0.028490029275417328,0.08518518507480621
YBR012W-A,YLR035C-A,1,-1.1575824,0.03548387065529823,0.03133903071284294,0.08518518507480621
YFL002W-A,YMR051C,1,-1.1576521,0.03858520835638046,0.03418803587555885,0.08518518507480621
YML040W,YFL002W-A,1,-1.1591139,0.0416666679084301,0.03703703731298447,0.08518518507480621
YOR240W,YLR078C,0,-1.1591969,0.04153354465961456,0.03703703731298447,0.08547008782625198
YML054C,YBL074C,0,-1.1596799,0.041401274502277374,0.03703703731298447,0.08575498312711716
YDR170W-A,YLR035C-A,1,-1.1597129,0.04444444552063942,0.03988603875041008,0.08575498312711716
YAR010C,YBR012W-B,1,-1.1609797,0.04746835306286812,0.04273504391312599,0.08575498312711716
YMR130W,YBL037W,0,-1.1615229,0.04731861129403114,0.04273504391312599,0.08603988587856293
YCR094W,YGR001C,0,-1.1624041,0.04716981202363968,0.04273504391312599,0.0863247886300087
YKR094C,YMR211W,0,-1.1644354,0.04702194407582283,0.04273504391312599,0.08660968393087387
YPR158C-D,YJR029W,1,-1.1654499,0.05000000074505806,0.045584045350551605,0.08660968393087387
YDR134C,YDR501W,0,-1.1657397,0.04984423518180847,0.045584045350551605,0.08689458668231964
YLR048W,YMR163C,0,-1.1659806,0.04968944191932678,0.045584045350551605,0.08717948943376541
YFL002W-A,YJR029W,1,-1.1661886,0.05263157933950424,0.04843304678797722,0.08717948943376541
YPR132W,YDR421W,0,-1.1663357,0.05246913433074951,0.04843304678797722,0.08746438473463058
YBR142W,YER045C,0,-1.1670916,0.05230769142508507,0.04843304678797722,0.08774928748607635
YPL281C,YNR045W,0,-1.1676723,0.052147239446640015,0.04843304678797722,0.08803419023752213
YIL160C,YMR122W-A,0,-1.1684394,0.05198776721954346,0.04843304678797722,0.0883190855383873
YPR137C-B,YJR029W,1,-1.1684717,0.05487804859876633,0.05128205195069313,0.0883190855383873
YDL060W,YMR017W,0,-1.1685781,0.054711245000362396,0.05128205195069313,0.08860398828983307
YJL052W,YMR017W,0,-1.1687853,0.05454545468091965,0.05128205195069313,0.08888889104127884
YNL306W,YLR337W,0,-1.1699095,0.054380666464567184,0.05128205195069313,0.08917378634214401
YLR414C,YMR312W,0,-1.1707051,0.05421686917543411,0.05128205195069313,0.08945868909358978
YCR029C-A,YCL069W,0,-1.1710385,0.054054055362939835,0.05128205195069313,0.08974359184503555
YDR170W-A,YNL206C,1,-1.1718619,0.056886225938797,0.054131053388118744,0.08974359184503555
YJR029W,YPL257W-A,1,-1.1732893,0.05970149114727974,0.056980058550834656,0.08974359184503555
YLR035C-A,YCL075W,1,-1.1732938,0.0625,0.05982905998826027,0.08974359184503555
YJR015W,YOR182C,0,-1.1733668,0.06231454014778137,0.05982905998826027,0.09002848714590073
YDR316W-A,YJR029W,1,-1.1736251,0.06508875638246536,0.06267806142568588,0.09002848714590073
YCL075W,YNL054W-B,1,-1.1740193,0.06784661114215851,0.0655270665884018,0.09002848714590073
YIL172C,YGR075C,0,-1.1743566,0.0676470622420311,0.0655270665884018,0.0903133898973465
YGR088W,YLR385C,0,-1.1744947,0.0674486830830574,0.0655270665884018,0.09059829264879227
YER159C-A,YPR158C-D,1,-1.1755084,0.07017543911933899,0.0683760717511177,0.09059829264879227
YGR035C,YMR256C,0,-1.1755664,0.06997084617614746,0.0683760717511177,0.09088318794965744
YPR158C-D,YLR035C-A,1,-1.175596,0.07267441600561142,0.07122506946325302,0.09088318794965744
YDR170W-A,YFL002W-A,1,-1.1760061,0.07536231726408005,0.07407407462596893,0.09088318794965744
YML040W,YOR343W-A,1,-1.1761653,0.07803468406200409,0.07692307978868484,0.09088318794965744
YLR142W,YEL002C,0,-1.1762267,0.07780979573726654,0.07692307978868484,0.09116809070110321
YHL009W-B,YPL257W-A,1,-1.1768367,0.08045977354049683,0.07977207750082016,0.09116809070110321
YLR312C-B,YPL271W,0,-1.1768706,0.08022922277450562,0.07977207750082016,0.09145299345254898
YML040W,YDR170W-A,1,-1.17702,0.08285713940858841,0.08262108266353607,0.09145299345254898
YJR029W,YOR343W-A,1,-1.17745,0.08547008782625198,0.08547008782625198,0.09145299345254898
YER056C-A,YLR079W,0,-1.1778696,0.08522727340459824,0.08547008782625198,0.09173788875341415
YML018C,YKL011C,0,-1.1779662,0.08498583734035492,0.08547008782625198,0.09202279150485992
YOR096W,YPL174C,0,-1.1780676,0.08474576473236084,0.08547008782625198,0.0923076942563057
YKL088W,YGL084C,0,-1.1781751,0.0845070406794548,0.08547008782625198,0.09259258955717087
YJR029W,YDR210W-B,1,-1.1784865,0.08707865327596664,0.0883190855383873,0.09259258955717087
YOR192C-B,YJR029W,1,-1.1786325,0.08963585644960403,0.09116809070110321,0.09259258955717087
YER159C-A,YBR012W-B,1,-1.1788952,0.09217876940965652,0.09401709586381912,0.09259258955717087
YLR035C-A,YBR012W-B,1,-1.1789168,0.09470751881599426,0.09686609357595444,0.09259258955717087
YDR448W,YGR272C,0,-1.1791183,0.09444444626569748,0.09686609357595444,0.09287749230861664
YDR170W-A,YHL009W-B,1,-1.1791799,0.0969529077410698,0.09971509873867035,0.09287749230861664
YDR501W,YLR186W,0,-1.1793463,0.09668508172035217,0.09971509873867035,0.09316239506006241
YPR158C-D,YMR051C,1,-1.1797273,0.09917355328798294,0.10256410390138626,0.09316239506006241
YJR029W,YDR034C-C,1,-1.1802456,0.10164835304021835,0.10541310906410217,0.09316239506006241
YBL017C,YGR272C,0,-1.1802504,0.10136986523866653,0.10541310906410217,0.09344729036092758
YJL108C,YDR158W,0,-1.1803896,0.10109289735555649,0.10541310906410217,0.09373219311237335
YDR510W,YKL158W,0,-1.1804172,0.10081744194030762,0.10541310906410217,0.09401709586381912
YER159C-A,YMR045C,1,-1.1805813,0.10326086729764938,0.10826210677623749,0.09401709586381912
YER159C-A,YBR012W-A,1,-1.1806397,0.10569106042385101,0.1111111119389534,0.09401709586381912
YHR101C,YDR077W,0,-1.1806861,0.10540540516376495,0.1111111119389534,0.0943019911646843
YDR228C,YGR054W,0,-1.1808378,0.10512129217386246,0.1111111119389534,0.09458689391613007
YHL009W-B,YPR158C-D,1,-1.1810485,0.10752688348293304,0.11396011710166931,0.09458689391613007
YPR137C-B,YLR035C-A,1,-1.1815304,0.10991957038640976,0.11680911481380463,0.09458689391613007
YNL206C,YPL257W-A,1,-1.181596,0.11229946464300156,0.11965811997652054,0.09458689391613007
YHL009W-B,YAR010C,1,-1.1817493,0.1146666631102562,0.12250712513923645,0.09458689391613007
YLR035C-A,YDR210W-B,1,-1.1817858,0.11702127754688263,0.12535612285137177,0.09458689391613007
YHL009W-B,YOR343W-A,1,-1.1820631,0.11936339735984802,0.12820513546466827,0.09458689391613007
YDR170W-A,YGR027W-B,1,-1.1821142,0.12169311940670013,0.1310541331768036,0.09458689391613007
YML040W,YPR158C-D,1,-1.182574,0.12401055544614792,0.1339031308889389,0.09458689391613007
YHL009W-B,YBR012W-A,1,-1.1828516,0.12631578743457794,0.1367521435022354,0.09458689391613007
YOR192C-B,YLR035C-A,1,-1.183012,0.12860892713069916,0.13960114121437073,0.09458689391613007
YML040W,YPR137C-B,1,-1.1830631,0.13089005649089813,0.14245013892650604,0.09458689391613007
YPR137C-B,YER159C-A,1,-1.1830924,0.13315926492214203,0.14529915153980255,0.09458689391613007
YER159C-A,YCL075W,1,-1.1832165,0.1354166716337204,0.14814814925193787,0.09458689391613007
YDR316W-A,YHL009W-B,1,-1.1835595,0.13766233623027802,0.15099714696407318,0.09458689391613007
YMR051C,YPL257W-A,1,-1.1835961,0.13989637792110443,0.1538461595773697,0.09458689391613007
YHL009W-B,YMR045C,1,-1.1836617,0.14211885631084442,0.156695157289505,0.09458689391613007
YOR192C-A,YCL075W,1,-1.1839755,0.14432989060878754,0.15954415500164032,0.09458689391613007
YER148W,YLR337W,0,-1.1840384,0.14395886659622192,0.15954415500164032,0.09487179666757584
YPR158C-D,YNL206C,1,-1.1843697,0.14615385234355927,0.16239316761493683,0.09487179666757584
YPR137C-B,YHL009W-B,1,-1.1844282,0.14833760261535645,0.16524216532707214,0.09487179666757584
YDR316W-A,YNL206C,1,-1.184472,0.15051020681858063,0.16809116303920746,0.09487179666757584
YNL322C,YJL062W-A,0,-1.1846244,0.15012723207473755,0.16809116303920746,0.09515669196844101
YDR316W-A,YMR051C,1,-1.1847785,0.15228426456451416,0.17094017565250397,0.09515669196844101
YJL062W-A,YLR212C,0,-1.1850815,0.15189872682094574,0.17094017565250397,0.09544159471988678
YER159C-A,YPL257W-A,1,-1.1854646,0.1540404111146927,0.17378917336463928,0.09544159471988678
YLR158C,YPR096C,0,-1.1855402,0.1536523997783661,0.17378917336463928,0.09572649747133255
YDR312W,YNL115C,0,-1.1859946,0.1532663255929947,0.17378917336463928,0.09601139277219772
YHL009W-B,YBR012W-B,1,-1.1860777,0.1553884744644165,0.1766381710767746,0.09601139277219772
YDR170W-A,YDR261W-B,1,-1.186107,0.1574999988079071,0.1794871836900711,0.09601139277219772
YOR192C-A,YBR012W-B,1,-1.1864974,0.15960100293159485,0.18233618140220642,0.09601139277219772
YML040W,YPL257W-A,1,-1.1864974,0.1616915464401245,0.18518517911434174,0.09601139277219772
YLR035C-A,YPL257W-A,1,-1.1865339,0.16377171874046326,0.18803419172763824,0.09601139277219772
YER159C-A,YOR343W-A,1,-1.1865449,0.16584157943725586,0.19088318943977356,0.09601139277219772
YDR170W-A,YER159C-A,1,-1.1870705,0.16790123283863068,0.19373218715190887,0.09601139277219772
YML040W,YDR210W-B,1,-1.1870924,0.16995073854923248,0.19658119976520538,0.09601139277219772
YML040W,YDR316W-A,1,-1.187242,0.17199017107486725,0.1994301974773407,0.09601139277219772
YBR012W-A,YGR027W-B,1,-1.187483,0.17401960492134094,0.202279195189476,0.09601139277219772
YLR035C-A,YDR034C-C,1,-1.1875303,0.17603911459445953,0.20512820780277252,0.09601139277219772
YJL062W-A,YIR006C,0,-1.1877549,0.17560975253582,0.20512820780277252,0.0962962955236435
YBR012W-A,YDR261W-B,1,-1.1878953,0.17761556804180145,0.20797720551490784,0.0962962955236435
YMR051C,YOR343W-A,1,-1.1879063,0.17961165308952332,0.21082621812820435,0.0962962955236435
YER159C-A,YAR010C,1,-1.1879098,0.18159806728363037,0.21367521584033966,0.0962962955236435
YPR158C-D,YOR192C-A,1,-1.1879829,0.1835748851299286,0.21652421355247498,0.0962962955236435
YGR027W-B,YPL257W-A,1,-1.1882603,0.18554216623306274,0.21937322616577148,0.0962962955236435
YLR312C-B,YIR015W,0,-1.188437,0.1850961595773697,0.21937322616577148,0.09658119827508926
YDR316W-A,YLR035C-A,1,-1.1884682,0.18705035746097565,0.2222222238779068,0.09658119827508926
YDR316W-A,YER159C-A,1,-1.1888406,0.18899521231651306,0.22507122159004211,0.09658119827508926
YHR215W,YIL113W,0,-1.1889178,0.1885441541671753,0.22507122159004211,0.09686609357595444
YLR035C-A,YOR343W-A,1,-1.1889428,0.190476194024086,0.22792023420333862,0.09686609357595444
YDR170W-A,YCL075W,1,-1.1894419,0.1923990547657013,0.23076923191547394,0.09686609357595444
YPR137C-B,YMR051C,1,-1.1895376,0.19431279599666595,0.23361822962760925,0.09686609357595444
YHL009W-B,YDR034C-C,1,-1.1897968,0.19621749222278595,0.23646724224090576,0.09686609357595444
YBR012W-A,YOR192C-A,1,-1.1899719,0.19811320304870605,0.23931623995304108,0.09686609357595444
YPR137C-B,YNL206C,1,-1.1900122,0.20000000298023224,0.2421652376651764,0.09686609357595444
YML040W,YDR034C-C,1,-1.1902494,0.20187793672084808,0.2450142502784729,0.09686609357595444
YER099C,YJL062W-A,0,-1.190269,0.20140515267848969,0.2450142502784729,0.09715099632740021
YER159C-A,YFL002W-A,1,-1.190388,0.2032710313796997,0.24786324799060822,0.09715099632740021
YOR192C-A,YOR343W-A,1,-1.1906581,0.20512820780277252,0.25071224570274353,0.09715099632740021
YHL009W-B,YFL002W-A,1,-1.190753,0.2069767415523529,0.25356125831604004,0.09715099632740021
YOR192C-B,YNL206C,1,-1.1908259,0.20881670713424683,0.25641027092933655,0.09715099632740021
YLR035C-A,YGR027W-B,1,-1.19091,0.21064814925193787,0.25925925374031067,0.09715099632740021
YML040W,YOR192C-B,1,-1.1909555,0.2124711275100708,0.2621082663536072,0.09715099632740021
YPL091W,YCR029C-A,0,-1.191221,0.21198156476020813,0.2621082663536072,0.09743589907884598
YCL075W,YPL257W-A,1,-1.191222,0.2137930989265442,0.2649572789669037,0.09743589907884598
YDR316W-A,YGR027W-B,1,-1.1912786,0.21559633314609528,0.2678062617778778,0.09743589907884598
YHR089C,YGR156W,0,-1.191364,0.21510297060012817,0.2678062617778778,0.09772079437971115
YPR137C-B,YOR192C-A,1,-1.1916509,0.2168949842453003,0.2706552743911743,0.09772079437971115
YNL206C,YOR343W-A,1,-1.1918371,0.218678817152977,0.2735042870044708,0.09772079437971115
YHR140W,YLR438C-A,0,-1.1919595,0.2181818187236786,0.2735042870044708,0.09800569713115692
YOR369C,YDR014W,0,-1.1919941,0.21768707036972046,0.2735042870044708,0.09829059988260269
YDR261W-B,YPL257W-A,1,-1.192013,0.2194570153951645,0.27635326981544495,0.09829059988260269
YJL153C,YHR147C,0,-1.1920835,0.21896162629127502,0.27635326981544495,0.09857549518346786
YOR192C-B,YER159C-A,1,-1.1921124,0.22072072327136993,0.27920228242874146,0.09857549518346786
YOR192C-B,YHL009W-B,1,-1.1923954,0.2224719077348709,0.28205129504203796,0.09857549518346786
YOR192C-A,YMR045C,1,-1.192441,0.22421523928642273,0.2849002778530121,0.09857549518346786
YDR261W-B,YBR012W-B,1,-1.1927749,0.22595077753067017,0.2877492904663086,0.09857549518346786
YCL075W,YDR261W-B,1,-1.1930072,0.2276785671710968,0.2905983030796051,0.09857549518346786
YNL206C,YDR034C-C,1,-1.1930656,0.2293986678123474,0.2934472858905792,0.09857549518346786
YER159C-A,YDR210W-B,1,-1.1931386,0.23111110925674438,0.29629629850387573,0.09857549518346786
YDR316W-A,YDR261W-B,1,-1.1934013,0.2328159660100937,0.29914531111717224,0.09857549518346786
YHL009W-B,YDR210W-B,1,-1.1935521,0.2345132678747177,0.30199429392814636,0.09857549518346786
YOR192C-B,YMR051C,1,-1.1936572,0.23620308935642242,0.30484330654144287,0.09857549518346786
YLR035C-A,YDR261W-B,1,-1.1936622,0.2378854602575302,0.3076923191547394,0.09857549518346786
YGR027W-B,YBR012W-B,1,-1.1937244,0.23956044018268585,0.3105413019657135,0.09857549518346786
YGL258W-A,YDR032C,0,-1.1938589,0.23903508484363556,0.3105413019657135,0.09886039793491364
YDR210W-B,YBL101W-A,1,-1.1938589,0.24070021510124207,0.31339031457901,0.09886039793491364
YCL048W-A,YLR186W,0,-1.1938589,0.24017466604709625,0.31339031457901,0.0991453006863594
YGL258W-A,YLR158C,0,-1.1938589,0.2396514117717743,0.31339031457901,0.09943019598722458
YJR029W,YBL101W-A,1,-1.1938589,0.24130435287952423,0.3162393271923065,0.09943019598722458
YER159C-A,YBL101W-A,1,-1.1938589,0.24295011162757874,0.31908831000328064,0.09943019598722458
YCL075W,YBL101W-A,1,-1.1938589,0.24458874762058258,0.32193732261657715,0.09943019598722458
YDR170W-A,YBL101W-A,1,-1.1938589,0.24622030556201935,0.32478633522987366,0.09943019598722458
YBL101W-A,YDR034C-C,1,-1.1938589,0.24784483015537262,0.3276353180408478,0.09943019598722458
YGL258W-A,YPL159C,0,-1.1938589,0.24731183052062988,0.3276353180408478,0.09971509873867035
YCL048W-A,YGR062C,0,-1.1938589,0.2467811107635498,0.3276353180408478,0.10000000149011612
YJR013W,YGL258W-A,0,-1.1938589,0.24625267088413239,0.3276353180408478,0.10028489679098129
YKL011C,YAR070W-A,0,-1.1938589,0.24572649598121643,0.3276353180408478,0.10056979954242706
YOR192C-B,YBL101W-A,1,-1.1938589,0.24733474850654602,0.3304843306541443,0.10056979954242706
YGL258W-A,YGR272C,0,-1.1938589,0.2468085139989853,0.3304843306541443,0.10085470229387283
YDR261W-B,YBL101W-A,1,-1.1938589,0.24840764701366425,0.3333333432674408,0.10085470229387283
YMR130W,YAR070W-A,0,-1.1938589,0.24788135290145874,0.3333333432674408,0.101139597594738
YDR316W-A,YBL101W-A,1,-1.1938589,0.24947145581245422,0.3361823260784149,0.101139597594738
YDL101C,YGL258W-A,0,-1.1938589,0.24894514679908752,0.3361823260784149,0.10142450034618378
YAR010C,YBL101W-A,1,-1.1938589,0.2505263090133667,0.3390313386917114,0.10142450034618378
YOR343W-A,YBL101W-A,1,-1.1938589,0.2521008551120758,0.34188035130500793,0.10142450034618378
YOL100W,YHR214W-G,0,-1.1938589,0.2515723407268524,0.34188035130500793,0.10170940309762955
YPR137C-B,YBL101W-A,1,-1.1938589,0.25313806533813477,0.34472933411598206,0.10170940309762955
YLR312C-B,YGR035C,0,-1.1938589,0.25260961055755615,0.34472933411598206,0.10199429839849472
YNL054W-B,YBL101W-A,1,-1.1938589,0.2541666626930237,0.34757834672927856,0.10199429839849472
YMR051C,YBL101W-A,1,-1.1938589,0.2557172477245331,0.3504273593425751,0.10199429839849472
YHR214W-G,YDR032C,0,-1.1938589,0.2551867365837097,0.3504273593425751,0.10227920114994049
YCR004C,YAR070W-A,0,-1.1938589,0.25465837121009827,0.3504273593425751,0.10256410390138626
YPR158C-D,YBL101W-A,1,-1.1938589,0.25619834661483765,0.3532763421535492,0.10256410390138626
YPL257W-A,YBL101W-A,1,-1.1938589,0.25773194432258606,0.3561253547668457,0.10256410390138626
YAR070W-A,YAL058W,0,-1.1938589,0.2572016417980194,0.3561253547668457,0.10284899920225143
YNL206C,YBL101W-A,1,-1.1938589,0.25872689485549927,0.3589743673801422,0.10284899920225143
YGL258W-A,YAL062W,0,-1.1938589,0.25819671154022217,0.3589743673801422,0.1031339019536972
YBL101W-A,YBR012W-B,1,-1.1938589,0.25971370935440063,0.36182335019111633,0.1031339019536972
YAR070W-A,YML009C,0,-1.1938589,0.2591836750507355,0.36182335019111633,0.10341880470514297
YLR276C,YAR070W-A,0,-1.1938589,0.2586558163166046,0.36182335019111633,0.10370370000600815
YFL002W-A,YBL101W-A,1,-1.1938589,0.2601625919342041,0.36467236280441284,0.10370370000600815
YKL100C,YPL189C-A,0,-1.1938589,0.2596348822116852,0.36467236280441284,0.10398860275745392
YMR290C,YGL258W-A,0,-1.1938589,0.2591093182563782,0.36467236280441284,0.10427350550889969
YCR029C-A,YNL115C,0,-1.1938589,0.2585858702659607,0.36467236280441284,0.10455840826034546
YBR012W-A,YBL101W-A,1,-1.1938589,0.26008063554763794,0.36752137541770935,0.10455840826034546
YBL101W-A,YMR045C,1,-1.1938589,0.26156941056251526,0.37037035822868347,0.10455840826034546
YGR058W,YGL258W-A,0,-1.1938589,0.2610441744327545,0.37037035822868347,0.10484330356121063
YGL135W,YMR122W-A,0,-1.1938589,0.2605210542678833,0.37037035822868347,0.1051282063126564
YDL007W,YGL258W-A,0,-1.1938589,0.25999999046325684,0.37037035822868347,0.10541310906410217
YGR027W-B,YBL101W-A,1,-1.1938589,0.2614770531654358,0.37321937084198,0.10541310906410217
YPR098C,YOR240W,0,-1.1938589,0.26095616817474365,0.37321937084198,0.10569800436496735
YCL048W-A,YOR092W,0,-1.1938589,0.26043736934661865,0.37321937084198,0.10598290711641312
YGL258W-A,YDR420W,0,-1.1938589,0.2599206268787384,0.37321937084198,0.10626780986785889
YCL048W-A,YHR052W,0,-1.1938589,0.2594059407711029,0.37321937084198,0.10655270516872406
YML040W,YBL101W-A,1,-1.1938589,0.260869562625885,0.3760683834552765,0.10655270516872406
YHL009W-B,YBL101W-A,1,-1.1938589,0.2623274028301239,0.3789173662662506,0.10655270516872406
YOR192C-A,YBL101W-A,1,-1.1938589,0.26377952098846436,0.3817663788795471,0.10655270516872406
YGL258W-A,YKR104W,0,-1.1938589,0.2632612884044647,0.3817663788795471,0.10683760792016983
YGL258W-A,YER184C,0,-1.1938589,0.26274511218070984,0.3817663788795471,0.1071225106716156
YLR035C-A,YBL101W-A,1,-1.1938589,0.26418787240982056,0.38461539149284363,0.1071225106716156
YDL038C,YOR391C,0,-1.1939373,0.263671875,0.38461539149284363,0.10740740597248077
YCL075W,YOR343W-A,1,-1.1941409,0.2651072144508362,0.38746437430381775,0.10740740597248077
YPR137C-B,YCL075W,1,-1.1941543,0.2665369510650635,0.39031338691711426,0.10740740597248077
YDR170W-A,YMR045C,1,-1.1941773,0.26796117424964905,0.39316239953041077,0.10740740597248077
YFL002W-A,YAR010C,1,-1.194387,0.2693798542022705,0.3960113823413849,0.10740740597248077
YFL002W-A,YNL206C,1,-1.1945179,0.27079305052757263,0.3988603949546814,0.10740740597248077
YKL199C,YPR021C,0,-1.1945605,0.2702702581882477,0.3988603949546814,0.10769230872392654
YFL002W-A,YBR012W-A,1,-1.194602,0.27167630195617676,0.4017094075679779,0.10769230872392654
YDR316W-A,YCL075W,1,-1.1946638,0.2730769217014313,0.404558390378952,0.10769230872392654
YCL075W,YGR027W-B,1,-1.1946673,0.274472177028656,0.40740740299224854,0.10769230872392654
YDL038C,YJL062W,0,-1.1948394,0.2739463746547699,0.40740740299224854,0.10797721147537231
YPR158C-D,YDR261W-B,1,-1.1951545,0.27533459663391113,0.41025641560554504,0.10797721147537231
YDR261W-B,YAR010C,1,-1.1951591,0.27671754360198975,0.41310539841651917,0.10797721147537231
YAR010C,YGR027W-B,1,-1.195232,0.2780952453613281,0.4159544110298157,0.10797721147537231
YCL075W,YDR034C-C,1,-1.1953024,0.2794676721096039,0.4188034236431122,0.10797721147537231
YDR170W-A,YNL054W-B,1,-1.1954803,0.2808349132537842,0.4216524362564087,0.10797721147537231
YOR228C,YBR058C-A,0,-1.1958301,0.280303031206131,0.4216524362564087,0.10826210677623749
YER159C-A,YDR034C-C,1,-1.1960195,0.2816635072231293,0.4245014190673828,0.10826210677623749
YJL048C,YNR040W,0,-1.1961193,0.2811320722103119,0.4245014190673828,0.10854700952768326
YLR207W,YAL012W,0,-1.196281,0.2806026339530945,0.4245014190673828,0.10883191227912903
YML040W,YDR261W-B,1,-1.1963005,0.28195488452911377,0.4273504316806793,0.10883191227912903
YDR270W,YHR039C-B,0,-1.1970196,0.2814258933067322,0.4273504316806793,0.1091168075799942
YDR210W-B,YMR051C,1,-1.1970725,0.2827715277671814,0.43019944429397583,0.1091168075799942
YHL009W-B,YCL075W,1,-1.1971107,0.2841121554374695,0.43304842710494995,0.1091168075799942
YDR170W-A,YOR192C-A,1,-1.197317,0.28544774651527405,0.43589743971824646,0.1091168075799942
YNL054W-B,YPL257W-A,1,-1.1973262,0.28677839040756226,0.43874645233154297,0.1091168075799942
YMR051C,YDR034C-C,1,-1.197618,0.2881040871143341,0.4415954351425171,0.1091168075799942
YOR192C-A,YPL257W-A,1,-1.1978152,0.289424866437912,0.4444444477558136,0.1091168075799942
YNL206C,YDR210W-B,1,-1.1981289,0.2907407283782959,0.4472934603691101,0.1091168075799942
YPR158C-D,YCL075W,1,-1.1981765,0.292051762342453,0.45014244318008423,0.1091168075799942
YDR316W-A,YOR192C-A,1,-1.1982493,0.2933579385280609,0.45299145579338074,0.1091168075799942
YOR240W,YOL109W,0,-1.1983719,0.2928176820278168,0.45299145579338074,0.10940171033143997
YML040W,YLR035C-A,1,-1.1986239,0.29411765933036804,0.45584046840667725,0.10940171033143997
YPR158C-D,YGR027W-B,1,-1.1989574,0.2954128384590149,0.45868945121765137,0.10940171033143997
YPR137C-B,YNL054W-B,1,-1.1990013,0.2967033088207245,0.4615384638309479,0.10940171033143997
YNL054W-B,YBR012W-B,1,-1.1990925,0.29798904061317444,0.4643874764442444,0.10940171033143997
YDR126W,YMR221C,0,-1.1992115,0.29744526743888855,0.4643874764442444,0.10968661308288574
YDR261W-B,YMR045C,1,-1.1993809,0.2987249493598938,0.4672364592552185,0.10968661308288574
YBR012W-A,YNL054W-B,1,-1.1997421,0.30000001192092896,0.470085471868515,0.10968661308288574
YNL086W,YKL173W,0,-1.1997559,0.29945552349090576,0.470085471868515,0.10997150838375092
YHL009W-B,YLR035C-A,1,-1.199786,0.3007246255874634,0.4729344844818115,0.10997150838375092
YOR192C-A,YAR010C,1,-1.1997895,0.3019891381263733,0.47578346729278564,0.10997150838375092
YOR343W-A,YGR027W-B,1,-1.1999319,0.3032490909099579,0.47863247990608215,0.10997150838375092
YGR027W-B,YMR045C,1,-1.2000304,0.30450451374053955,0.48148149251937866,0.10997150838375092
YNL206C,YLR035C-A,1,-1.2000344,0.3057554066181183,0.4843304753303528,0.10997150838375092
YDR316W-A,YNL054W-B,1,-1.2000597,0.3070017993450165,0.4871794879436493,0.10997150838375092
YER159C-A,YNL054W-B,1,-1.200067,0.3082437217235565,0.4900285005569458,0.10997150838375092
YOR343W-A,YNL054W-B,1,-1.2002896,0.3094812035560608,0.4928774833679199,0.10997150838375092
YCL075W,YDR210W-B,1,-1.2003589,0.3107142746448517,0.49572649598121643,0.10997150838375092
YOR192C-A,YDR210W-B,1,-1.2003698,0.3119429647922516,0.49857550859451294,0.10997150838375092
YFL002W-A,YOR192C-A,1,-1.2006692,0.3131672739982605,0.5014244914054871,0.10997150838375092
YDR261W-B,YNL054W-B,1,-1.2011619,0.3143872022628784,0.504273533821106,0.10997150838375092
YOR192C-B,YOR192C-A,1,-1.2011948,0.3156028389930725,0.5071225166320801,0.10997150838375092
YCR098C,YMR312W,0,-1.2014163,0.31504425406455994,0.5071225166320801,0.11025641113519669
YJL046W,YIL111W,0,-1.2017124,0.31448763608932495,0.5071225166320801,0.11054131388664246
YOR192C-B,YCL075W,1,-1.201808,0.315696656703949,0.5099714994430542,0.11054131388664246
YPR137C-B,YGR027W-B,1,-1.2018445,0.31690141558647156,0.5128205418586731,0.11054131388664246
YOR192C-A,YNL054W-B,1,-1.2019174,0.3181019425392151,0.5156695246696472,0.11054131388664246
YML040W,YGR027W-B,1,-1.2021072,0.31929823756217957,0.5185185074806213,0.11054131388664246
YOR224C,YDR252W,0,-1.2021501,0.31873905658721924,0.5185185074806213,0.11082620918750763
YNL086W,YJR135W-A,0,-1.2023637,0.3181818127632141,0.5185185074806213,0.1111111119389534
YPR137C-B,YDR261W-B,1,-1.2025816,0.3193717300891876,0.5213675498962402,0.1111111119389534
YLR035C-A,YNL054W-B,1,-1.2028517,0.32055750489234924,0.5242165327072144,0.1111111119389534
YMR051C,YNL054W-B,1,-1.2030487,0.321739137172699,0.5270655155181885,0.1111111119389534
YDR170W-A,YBR012W-B,1,-1.2031226,0.3229166567325592,0.5299145579338074,0.1111111119389534
YDR261W-B,YOR343W-A,1,-1.2033992,0.3240901231765747,0.5327635407447815,0.1111111119389534
YNL054W-B,YDR034C-C,1,-1.2035232,0.3252595067024231,0.5356125235557556,0.1111111119389534
YHL009W-B,YDR261W-B,1,-1.203713,0.32642486691474915,0.5384615659713745,0.1111111119389534
YJR029W,YDR261W-B,1,-1.2037787,0.32758620381355286,0.5413105487823486,0.1111111119389534
YHL009W-B,YNL054W-B,1,-1.2038078,0.3287435472011566,0.5441595315933228,0.1111111119389534
YNL206C,YNL054W-B,1,-1.2041436,0.3298968970775604,0.5470085740089417,0.1111111119389534
YOR192C-B,YDR261W-B,1,-1.204297,0.33104631304740906,0.5498575568199158,0.1111111119389534
YFL002W-A,YNL054W-B,1,-1.2043335,0.3321917951107025,0.5527065396308899,0.1111111119389534
YJR029W,YGR027W-B,1,-1.2043335,0.3333333432674408,0.5555555820465088,0.1111111119389534
YOR192C-A,YDR034C-C,1,-1.2049539,0.3344709873199463,0.5584045648574829,0.1111111119389534
YPL281C,YPR073C,0,-1.2053702,0.33390119671821594,0.5584045648574829,0.11139601469039917
YAR010C,YNL054W-B,1,-1.2053773,0.33503401279449463,0.561253547668457,0.11139601469039917
YPR158C-D,YNL054W-B,1,-1.2055306,0.3361629843711853,0.5641025900840759,0.11139601469039917
YNL054W-B,YMR045C,1,-1.2058518,0.33728814125061035,0.56695157289505,0.11139601469039917
YHL009W-B,YJR029W,1,-1.2065963,0.3384094834327698,0.5698005557060242,0.11139601469039917
YGR027W-B,YDR034C-C,1,-1.2069466,0.33952704071998596,0.5726495981216431,0.11139601469039917
YOR192C-B,YGR027W-B,1,-1.2071875,0.3406408131122589,0.5754985809326172,0.11139601469039917
YNL206C,YOR192C-A,1,-1.2072093,0.341750830411911,0.5783475637435913,0.11139601469039917
YPR178W,YDL144C,0,-1.2074516,0.34117648005485535,0.5783475637435913,0.11168090999126434
YJL062W-A,YKL042W,0,-1.2074611,0.3406040370464325,0.5783475637435913,0.11196581274271011
YHL009W-B,YOR192C-A,1,-1.2076693,0.34170854091644287,0.5811966061592102,0.11196581274271011
YDR261W-B,YDR034C-C,1,-1.2078736,0.34280937910079956,0.5840455889701843,0.11196581274271011
YPL281C,YFR006W,0,-1.2079833,0.34223705530166626,0.5840455889701843,0.11225071549415588
YFL002W-A,YDR261W-B,1,-1.2079978,0.34333333373069763,0.5868945717811584,0.11225071549415588
YER112W,YKL158W,0,-1.208324,0.3427620530128479,0.5868945717811584,0.11253561079502106
YOR192C-B,YNL054W-B,1,-1.208348,0.34385383129119873,0.5897436141967773,0.11253561079502106
YOR192C-A,YJR029W,1,-1.2084429,0.3449419438838959,0.5925925970077515,0.11253561079502106
YDR170W-A,YDR210W-B,1,-1.2086693,0.3460264801979065,0.5954415798187256,0.11253561079502106
YOR192C-A,YGR027W-B,1,-1.2089685,0.3471074402332306,0.5982906222343445,0.11253561079502106
YOR167C,YLR120C,0,-1.2092808,0.3465346395969391,0.5982906222343445,0.11282051354646683
YJR029W,YNL054W-B,1,-1.209538,0.3476111888885498,0.6011396050453186,0.11282051354646683
YHL009W-B,YNL206C,1,-1.2095816,0.3486842215061188,0.6039885878562927,0.11282051354646683
YML040W,YNL054W-B,1,-1.2097423,0.3497537076473236,0.6068376302719116,0.11282051354646683
YLR337W,YCL050C,0,-1.2097919,0.34918034076690674,0.6068376302719116,0.1131054162979126
YNL292W,YLR337W,0,-1.2100704,0.3486088514328003,0.6068376302719116,0.11339031159877777
YLR035C-A,YOR192C-A,1,-1.2102094,0.34967321157455444,0.6096866130828857,0.11339031159877777
YFL002W-A,YCL075W,1,-1.2102284,0.35073408484458923,0.6125355958938599,0.11339031159877777
YER159C-A,YGR027W-B,1,-1.2106036,0.35179153084754944,0.6153846383094788,0.11339031159877777
YDR170W-A,YAR010C,1,-1.2107689,0.35284551978111267,0.6182336211204529,0.11339031159877777
YLR170C,YBL010C,0,-1.2109535,0.35227271914482117,0.6182336211204529,0.11367521435022354
YOR192C-A,YDR261W-B,1,-1.2109978,0.3533225357532501,0.621082603931427,0.11367521435022354
YDR210W-B,YNL054W-B,1,-1.2110708,0.3543689250946045,0.6239316463470459,0.11367521435022354
YER159C-A,YNL206C,1,-1.2119467,0.35541194677352905,0.62678062915802,0.11367521435022354
YKL218C,YOR224C,0,-1.212215,0.35483869910240173,0.62678062915802,0.11396011710166931
YOR356W,YDR511W,0,-1.2122657,0.35426729917526245,0.62678062915802,0.11424501240253448
YDR210W-B,YDR261W-B,1,-1.2124138,0.3553054630756378,0.6296296119689941,0.11424501240253448
YNL054W-B,YGR027W-B,1,-1.2124722,0.35634028911590576,0.632478654384613,0.11424501240253448
YER159C-A,YDR261W-B,1,-1.2125306,0.35737180709838867,0.6353276371955872,0.11424501240253448
YFL002W-A,YGR027W-B,1,-1.2128956,0.35839998722076416,0.6381766200065613,0.11424501240253448
YHL009W-B,YGR027W-B,1,-1.2132168,0.3594249188899994,0.6410256624221802,0.11424501240253448
YDR018C,YOR151C,0,-1.2137716,0.35885167121887207,0.6410256624221802,0.11452991515398026
YOR192C-B,YDR170W-A,1,-1.2138884,0.35987260937690735,0.6438746452331543,0.11452991515398026
YDR210W-B,YGR027W-B,1,-1.2139904,0.36089029908180237,0.6467236280441284,0.11452991515398026
YJR015W,YLR100W,0,-1.2140222,0.3603174686431885,0.6467236280441284,0.11481481790542603
YFR032C-A,YOR131C,0,-1.2140305,0.35974642634391785,0.6467236280441284,0.1150997132062912
YDR448W,YIL155C,0,-1.2151462,0.35917720198631287,0.6467236280441284,0.11538461595773697
YDR170W-A,YOR343W-A,1,-1.2155526,0.3601895868778229,0.6495726704597473,0.11538461595773697
YDL136W,YFR006W,0,-1.2159734,0.35962146520614624,0.6495726704597473,0.11566951870918274
YDL038C,YER113C,0,-1.2165323,0.35905513167381287,0.6495726704597473,0.11595441401004791
YML018C,YJR075W,0,-1.2166836,0.35849055647850037,0.6495726704597473,0.11623931676149368
YCR072C,YDL180W,0,-1.2166963,0.3579277992248535,0.6495726704597473,0.11652421951293945
YLR035C-A,YJR029W,1,-1.2167401,0.3589341640472412,0.6524216532707214,0.11652421951293945
YFL002W-A,YMR045C,1,-1.217168,0.3599373996257782,0.6552706360816956,0.11652421951293945
YML040W,YHL009W-B,1,-1.217392,0.3609375059604645,0.6581196784973145,0.11652421951293945
YER159C-A,YHL009W-B,1,-1.2174065,0.36193448305130005,0.6609686613082886,0.11652421951293945
YDR210W-B,YPL257W-A,1,-1.217757,0.3629283607006073,0.6638176441192627,0.11652421951293945
YJL062W-A,YCR092C,0,-1.2180531,0.36236390471458435,0.6638176441192627,0.11680911481380463
YCR029C-A,YNR001C,0,-1.2182031,0.36180123686790466,0.6638176441192627,0.1170940175652504
YHR092C,YDR118W,0,-1.2185929,0.36124029755592346,0.6638176441192627,0.11737892031669617
YHL009W-B,YMR051C,1,-1.2195672,0.3622291088104248,0.6666666865348816,0.11737892031669617
YER159C-A,YJR029W,1,-1.2202533,0.3632148504257202,0.6695156693458557,0.11737892031669617
YNL206C,YDR261W-B,1,-1.2206329,0.3641975224018097,0.6723646521568298,0.11737892031669617
YFL002W-A,YPL257W-A,1,-1.2206767,0.365177184343338,0.6752136945724487,0.11737892031669617
YBR012W-A,YDR210W-B,1,-1.2207496,0.3661538362503052,0.6780626773834229,0.11737892031669617
YNL206C,YGR027W-B,1,-1.2208372,0.36712750792503357,0.680911660194397,0.11737892031669617
YJR098C,YGR200C,0,-1.2209965,0.36656442284584045,0.680911660194397,0.11766381561756134
YER159C-A,YLR035C-A,1,-1.2213336,0.36753445863723755,0.6837607026100159,0.11766381561756134
YFL002W-A,YOR343W-A,1,-1.2221658,0.3685015141963959,0.68660968542099,0.11766381561756134
YBR159W,YHR039C-B,0,-1.2225324,0.36793893575668335,0.68660968542099,0.11794871836900711
YDR170W-A,YBR012W-A,1,-1.2226424,0.36890244483947754,0.6894586682319641,0.11794871836900711
YBR158W,YPR186C,0,-1.2228842,0.36834093928337097,0.6894586682319641,0.11823362112045288
YPR096C,YHR099W,0,-1.2229142,0.3677811622619629,0.6894586682319641,0.11851851642131805
YMR217W,YDL146W,0,-1.2230556,0.3672230541706085,0.6894586682319641,0.11880341917276382
YPR158C-D,YOR343W-A,1,-1.2230709,0.36818182468414307,0.692307710647583,0.11880341917276382
YKL199C,YER096W,0,-1.2237825,0.36762481927871704,0.692307710647583,0.1190883219242096
YDR170W-A,YPR158C-D,1,-1.2240782,0.36858007311820984,0.6951566934585571,0.1190883219242096
YPL068C,YML081C-A,0,-1.224205,0.36802414059638977,0.6951566934585571,0.11937321722507477
YDR316W-A,YDR210W-B,1,-1.2244577,0.3689759075641632,0.6980056762695312,0.11937321722507477
YDR316W-A,YFL002W-A,1,-1.2245454,0.3699248135089874,0.7008547186851501,0.11937321722507477
YOR192C-B,YPL257W-A,1,-1.2249833,0.3708708584308624,0.7037037014961243,0.11937321722507477
YDR170W-A,YDR034C-C,1,-1.2250417,0.371814101934433,0.7065526843070984,0.11937321722507477
YOR192C-B,YOR343W-A,1,-1.2252461,0.3727544844150543,0.7094017267227173,0.11937321722507477
YOR343W-A,YPL257W-A,1,-1.2255673,0.3736920654773712,0.7122507095336914,0.11937321722507477
YPR158C-D,YDR210W-B,1,-1.2262971,0.37462687492370605,0.7150996923446655,0.11937321722507477
YPR137C-B,YDR170W-A,1,-1.2263556,0.37555885314941406,0.7179487347602844,0.11937321722507477
YOR192C-B,YBR012W-A,1,-1.2263849,0.3764880895614624,0.7207977175712585,0.11937321722507477
YMR051C,YGR027W-B,1,-1.2263849,0.3774145543575287,0.7236467003822327,0.11937321722507477
YPR137C-B,YOR192C-B,1,-1.2265016,0.3783382773399353,0.7264957427978516,0.11937321722507477
YDR210W-B,YAR010C,1,-1.22656,0.37925925850868225,0.7293447256088257,0.11937321722507477
YFL002W-A,YBR012W-B,1,-1.2267363,0.3801775276660919,0.7321937084197998,0.11937321722507477
YDR261W-B,YMR051C,1,-1.2278739,0.3810930550098419,0.7350427508354187,0.11937321722507477
YPR137C-B,YDR210W-B,1,-1.2279031,0.382005900144577,0.7378917336463928,0.11937321722507477
YML012W,YLR356W,0,-1.2279489,0.3814432919025421,0.7378917336463928,0.11965811997652054
YPR158C-D,YDR034C-C,1,-1.2282242,0.38235294818878174,0.7407407164573669,0.11965811997652054
YOR192C-A,YMR051C,1,-1.2286621,0.38325992226600647,0.7435897588729858,0.11965811997652054
YAR010C,YOR343W-A,1,-1.2290125,0.3841642141342163,0.74643874168396,0.11965811997652054
YKL158W,YJL109C,0,-1.2290633,0.38360175490379333,0.74643874168396,0.11994302272796631
YML040W,YOR192C-A,1,-1.2294797,0.38450291752815247,0.7492877244949341,0.11994302272796631
YGR274C,YDR044W,0,-1.22959,0.3839416205883026,0.7492877244949341,0.12022791802883148
YDR316W-A,YOR192C-B,1,-1.2296257,0.38483965396881104,0.752136766910553,0.12022791802883148
YOR192C-B,YPR158C-D,1,-1.2297132,0.38573509454727173,0.7549857497215271,0.12022791802883148
YLR126C,YCL059C,0,-1.2299527,0.385174423456192,0.7549857497215271,0.12051282078027725
YPL257W-A,YBR012W-B,1,-1.2300637,0.3860667645931244,0.7578347325325012,0.12051282078027725
YOR192C-B,YAR010C,1,-1.2302388,0.38695651292800903,0.7606837749481201,0.12051282078027725
YNL213C,YPL048W,0,-1.2303631,0.38639652729034424,0.7606837749481201,0.12079772353172302
YOR343W-A,YMR045C,1,-1.2307936,0.38728323578834534,0.7635327577590942,0.12079772353172302
YPR158C-D,YPL257W-A,1,-1.2308812,0.3881673812866211,0.7663817405700684,0.12079772353172302
YDR210W-B,YOR343W-A,1,-1.2317863,0.3890489935874939,0.7692307829856873,0.12079772353172302
YBR012W-A,YOR343W-A,1,-1.2321367,0.38992804288864136,0.7720797657966614,0.12079772353172302
YGR262C,YLR337W,0,-1.2324469,0.38936781883239746,0.7720797657966614,0.1210826188325882
YML040W,YER159C-A,1,-1.2326622,0.39024388790130615,0.7749287486076355,0.1210826188325882
YPR137C-B,YPL257W-A,1,-1.2328373,0.39111748337745667,0.7777777910232544,0.1210826188325882
YPR137C-B,YOR343W-A,1,-1.2328666,0.3919885456562042,0.7806267738342285,0.1210826188325882
YDR210W-B,YBR012W-B,1,-1.232925,0.3928571343421936,0.7834757566452026,0.1210826188325882
YPR137C-B,YDR316W-A,1,-1.233071,0.3937232494354248,0.7863247990608215,0.1210826188325882
YDR316W-A,YPR158C-D,1,-1.233071,0.3945868909358978,0.7891737818717957,0.1210826188325882
YPR137C-B,YBR012W-A,1,-1.2331586,0.39544808864593506,0.7920227646827698,0.1210826188325882
YNL086W,YLR306W,0,-1.2337792,0.3948863744735718,0.7920227646827698,0.12136752158403397
YJL046W,YGR272C,0,-1.2341838,0.39432623982429504,0.7920227646827698,0.12165242433547974
YBR012W-B,YDR034C-C,1,-1.234998,0.39518412947654724,0.7948718070983887,0.12165242433547974
YOR192C-B,YBR012W-B,1,-1.2352024,0.39603960514068604,0.7977207899093628,0.12165242433547974
YOR384W,YGR292W,0,-1.2354198,0.395480215549469,0.7977207899093628,0.12193731963634491
YPR137C-B,YFL002W-A,1,-1.2355236,0.39633285999298096,0.8005697727203369,0.12193731963634491
YDR316W-A,YOR343W-A,1,-1.2363119,0.3971830904483795,0.8034188151359558,0.12193731963634491
YPL257W-A,YMR045C,1,-1.2371294,0.39803093671798706,0.8062677979469299,0.12193731963634491
YDR210W-B,YDR034C-C,1,-1.2371879,0.3988763988018036,0.809116780757904,0.12193731963634491
YPR158C-D,YBR012W-A,1,-1.2372171,0.3997195065021515,0.811965823173523,0.12193731963634491
YCL075W,YBR012W-B,1,-1.2372419,0.4005602300167084,0.8148148059844971,0.12193731963634491
YBR012W-A,YDR034C-C,1,-1.2372755,0.40139859914779663,0.8176637887954712,0.12193731963634491
YPR137C-B,YAR010C,1,-1.2385893,0.40223464369773865,0.8205128312110901,0.12193731963634491
YOR343W-A,YDR034C-C,1,-1.2386477,0.40306833386421204,0.8233618140220642,0.12193731963634491
YPR137C-B,YDR034C-C,1,-1.2387645,0.4038997292518616,0.8262107968330383,0.12193731963634491
YPR137C-B,YBR012W-B,1,-1.2391441,0.40472880005836487,0.8290598392486572,0.12193731963634491
YPR158C-D,YFL002W-A,1,-1.2392025,0.4055555462837219,0.8319088220596313,0.12193731963634491
YFL002W-A,YDR034C-C,1,-1.2392316,0.4063800275325775,0.8347578644752502,0.12193731963634491
YMR045C,YDR034C-C,1,-1.2395821,0.40720221400260925,0.8376068472862244,0.12193731963634491
YPR158C-D,YBR012W-B,1,-1.2396696,0.4080221354961395,0.8404558300971985,0.12193731963634491
YFL002W-A,YDR210W-B,1,-1.2399323,0.40883979201316833,0.8433048725128174,0.12193731963634491
YPL257W-A,YDR034C-C,1,-1.2403412,0.4096551835536957,0.8461538553237915,0.12193731963634491
YOR192C-B,YMR045C,1,-1.2403412,0.41046831011772156,0.8490028381347656,0.12193731963634491
YER159C-A,YMR051C,1,-1.2411294,0.41127923130989075,0.8518518805503845,0.12193731963634491
YPR137C-B,YMR045C,1,-1.2413046,0.41208791732788086,0.8547008633613586,0.12193731963634491
YOR343W-A,YBR012W-B,1,-1.2413921,0.4128943681716919,0.8575498461723328,0.12193731963634491
YDR379W,YOR182C,0,-1.2417387,0.4123287796974182,0.8575498461723328,0.12222222238779068
YER082C,YAR044W,0,-1.2417557,0.4117647111415863,0.8575498461723328,0.12250712513923645
YOR192C-B,YDR034C-C,1,-1.2419469,0.4125683009624481,0.8603988885879517,0.12250712513923645
YGL147C,YDR507C,0,-1.2420146,0.4120054543018341,0.8603988885879517,0.12279202044010162
YDR316W-A,YMR045C,1,-1.2421515,0.41280654072761536,0.8632478713989258,0.12279202044010162
YJR009C,YLL011W,0,-1.2422191,0.41224488615989685,0.8632478713989258,0.1230769231915474
YDR316W-A,YDR170W-A,1,-1.2425017,0.41304346919059753,0.8660968542098999,0.1230769231915474
YPR137C-B,YPR158C-D,1,-1.2427645,0.4138398766517639,0.8689458966255188,0.1230769231915474
YER140W,YKL017C,0,-1.2427833,0.41327914595603943,0.8689458966255188,0.12336182594299316
YNL206C,YMR045C,1,-1.2427919,0.41407307982444763,0.8717948794364929,0.12336182594299316
YKR090W,YGL031C,0,-1.2429079,0.41351351141929626,0.8717948794364929,0.12364672124385834
YDR316W-A,YBR012W-B,1,-1.2429689,0.4143050014972687,0.874643862247467,0.12364672124385834
YPR158C-D,YAR010C,1,-1.2430857,0.4150943458080292,0.8774929046630859,0.12364672124385834
YDR210W-B,YMR045C,1,-1.2433484,0.41588157415390015,0.8803418874740601,0.12364672124385834
YPL090C,YDR376W,0,-1.2436174,0.41532257199287415,0.8803418874740601,0.12393162399530411
YDL136W,YOL005C,0,-1.2438637,0.4147650897502899,0.8803418874740601,0.12421652674674988
YML040W,YNL206C,1,-1.2450665,0.4155496060848236,0.8831908702850342,0.12421652674674988
YOR116C,YHL008C,0,-1.2454729,0.4149933159351349,0.8831908702850342,0.12450142204761505
YNL136W,YGL147C,0,-1.2460775,0.41443851590156555,0.8831908702850342,0.12478632479906082
YAR010C,YDR034C-C,1,-1.2461514,0.4152202904224396,0.8860399127006531,0.12478632479906082
YDR261W-B,YGR027W-B,1,-1.2479908,0.41600000858306885,0.8888888955116272,0.12478632479906082
YDR316W-A,YDR034C-C,1,-1.24802,0.416777640581131,0.8917378783226013,0.12478632479906082
YPL189C-A,YBR142W,0,-1.2480743,0.416223406791687,0.8917378783226013,0.1250712275505066
YBR164C,YAR044W,0,-1.2484794,0.4156706631183624,0.8917378783226013,0.12535612285137177
YDL190C,YPR096C,0,-1.2487485,0.41511934995651245,0.8917378783226013,0.12564103305339813
YKL158W,YOL147C,0,-1.2488434,0.41456952691078186,0.8917378783226013,0.1259259283542633
YOR192C-B,YFL002W-A,1,-1.2488668,0.41534391045570374,0.8945869207382202,0.1259259283542633
YDR390C,YCL057C-A,0,-1.2493391,0.41479524970054626,0.8945869207382202,0.12621082365512848
YDL129W,YBL061C,0,-1.24993,0.4142480194568634,0.8945869207382202,0.12649573385715485
YNL213C,YGR191W,0,-1.2506015,0.41370224952697754,0.8945869207382202,0.12678062915802002
YBR156C,YER140W,0,-1.2513812,0.4131578803062439,0.8945869207382202,0.1270655244588852
YOR192C-B,YDR210W-B,1,-1.2515237,0.4139290452003479,0.8974359035491943,0.1270655244588852
YER159C-A,YOR192C-A,1,-1.2518158,0.41469815373420715,0.9002848863601685,0.1270655244588852
YDR253C,YJR045C,0,-1.2527018,0.41415464878082275,0.9002848863601685,0.12735043466091156
YBR012W-A,YPL257W-A,1,-1.2530128,0.41492146253585815,0.9031339287757874,0.12735043466091156
YBR156C,YIL101C,0,-1.2538481,0.4143790900707245,0.9031339287757874,0.12763532996177673
YPR158C-D,YMR045C,1,-1.2542975,0.41514360904693604,0.9059829115867615,0.12763532996177673
YDR170W-A,YPL257W-A,1,-1.2545311,0.4159061312675476,0.9088318943977356,0.12763532996177673
YML018C,YDR318W,0,-1.2549318,0.4153645932674408,0.9088318943977356,0.1279202252626419
YNL217W,YGR076C,0,-1.2562194,0.4148244559764862,0.9088318943977356,0.12820513546466827
YDR316W-A,YPL257W-A,1,-1.2569838,0.41558441519737244,0.9116809368133545,0.12820513546466827
YHR171W,YBR009C,0,-1.2573409,0.4150454103946686,0.9116809368133545,0.12849003076553345
YHR039C-B,YDL110C,0,-1.2575331,0.41450777649879456,0.9116809368133545,0.12877492606639862
YML074C,YCL057C-A,0,-1.2575911,0.41397154331207275,0.9116809368133545,0.129059836268425
YIL150C,YDR055W,0,-1.2583244,0.4134366810321808,0.9116809368133545,0.12934473156929016
YOR228C,YOR211C,0,-1.2597485,0.41290321946144104,0.9116809368133545,0.12962962687015533
YBR214W,YLR079W,0,-1.259997,0.41237112879753113,0.9116809368133545,0.1299145370721817
YOR039W,YCL057C-A,0,-1.2606771,0.41184040904045105,0.9116809368133545,0.13019943237304688
YAR010C,YPL257W-A,1,-1.2612464,0.4125964045524597,0.9145299196243286,0.13019943237304688
YKL199C,YDR447C,0,-1.2626787,0.4120667576789856,0.9145299196243286,0.13048432767391205
YDR316W-A,YAR010C,1,-1.263991,0.4128205180168152,0.9173789024353027,0.13048432767391205
YOR315W,YDL180W,0,-1.2659804,0.412291944026947,0.9173789024353027,0.13076923787593842
YNL086W,YOR269W,0,-1.2666419,0.4117647111415863,0.9173789024353027,0.1310541331768036
YDR316W-A,YBR012W-A,1,-1.2675531,0.4125159680843353,0.9202279448509216,0.1310541331768036
YMR224C,YOR246C,0,-1.2680144,0.41198980808258057,0.9202279448509216,0.13133902847766876
YPR041W,YPR096C,0,-1.2684189,0.41146495938301086,0.9202279448509216,0.13162393867969513
YDR531W,YNL213C,0,-1.2691205,0.410941481590271,0.9202279448509216,0.1319088339805603
YBR082C,YCL057C-A,0,-1.2699146,0.4104193150997162,0.9202279448509216,0.13219372928142548
YML116W,YCR072C,0,-1.2702482,0.4098984897136688,0.9202279448509216,0.13247863948345184
YJL041W,YLR040C,0,-1.2722651,0.40937894582748413,0.9202279448509216,0.13276353478431702
YJL157C,YML091C,0,-1.2727985,0.4088607728481293,0.9202279448509216,0.1330484300851822
YBR082C,YDL144C,0,-1.2743913,0.4083438813686371,0.9202279448509216,0.13333334028720856
YMR233W,YOR356W,0,-1.2765257,0.40782827138900757,0.9202279448509216,0.13361823558807373
YOR347C,YDR523C,0,-1.2778728,0.4073140025138855,0.9202279448509216,0.1339031308889389
YLR126C,YGL251C,0,-1.2789536,0.4068010151386261,0.9202279448509216,0.13418804109096527
YOR233W,YOL157C,0,-1.279573,0.40628930926322937,0.9202279448509216,0.13447293639183044
YGR071C,YOL056W,0,-1.2796317,0.4057788848876953,0.9202279448509216,0.13475783169269562
YOR240W,YCR075C,0,-1.2799509,0.4052697718143463,0.9202279448509216,0.13504274189472198
YHR039C-B,YHR117W,0,-1.2823416,0.4047619104385376,0.9202279448509216,0.13532763719558716
YPL174C,YHL036W,0,-1.2832603,0.40425533056259155,0.9202279448509216,0.13561253249645233
YBR159W,YNL339C,0,-1.286418,0.4037500023841858,0.9202279448509216,0.1358974426984787
YDL110C,YLL035W,0,-1.2875402,0.4032459557056427,0.9202279448509216,0.13618233799934387
YCL075W,YMR045C,1,-1.2888315,0.4039900302886963,0.9230769276618958,0.13618233799934387
YDR329C,YOR131C,0,-1.2918684,0.4034869372844696,0.9230769276618958,0.13646723330020905
YCR072C,YDL065C,0,-1.2926009,0.4029850661754608,0.9230769276618958,0.1367521435022354
YGR035C,YAL034W-A,0,-1.2933879,0.4024844765663147,0.9230769276618958,0.13703703880310059
YML018C,YBL023C,0,-1.2934217,0.4019851088523865,0.9230769276618958,0.13732193410396576
YPL068C,YLR186W,0,-1.2952292,0.40148699283599854,0.9230769276618958,0.13760684430599213
YNL206C,YAR010C,1,-1.2953181,0.4022277295589447,0.9259259104728699,0.13760684430599213
YBL074C,YDL180W,0,-1.2959492,0.4017305374145508,0.9259259104728699,0.1378917396068573
YKL199C,YBR158W,0,-1.2961143,0.40123456716537476,0.9259259104728699,0.13817663490772247
YMR289W,YFR006W,0,-1.2964602,0.4007398188114166,0.9259259104728699,0.13846154510974884
YML037C,YMR165C,0,-1.2979665,0.4002462923526764,0.9259259104728699,0.138746440410614
YDR520C,YNL146W,0,-1.2980587,0.39975398778915405,0.9259259104728699,0.1390313357114792
YNR061C,YMR163C,0,-1.2992997,0.3992629051208496,0.9259259104728699,0.13931624591350555
YIL172C,YOR217W,0,-1.3014283,0.3987730145454407,0.9259259104728699,0.13960114121437073
YJR025C,YER070W,0,-1.3017488,0.39828431606292725,0.9259259104728699,0.1398860365152359
YDL038C,YBL039C,0,-1.30462,0.3977968096733093,0.9259259104728699,0.14017094671726227
YPR096C,YDR380W,0,-1.3060939,0.3973105251789093,0.9259259104728699,0.14045584201812744
YIL072W,YNR040W,0,-1.3062243,0.3968254029750824,0.9259259104728699,0.14074073731899261
YJL148W,YGR001C,0,-1.3083233,0.396341472864151,0.9259259104728699,0.14102564752101898
YMR051C,YBR012W-B,1,-1.3084476,0.39707672595977783,0.9287749528884888,0.14102564752101898
YJR015W,YAL043C,0,-1.3086958,0.3965936601161957,0.9287749528884888,0.14131054282188416
YML037C,YER173W,0,-1.3105757,0.39611178636550903,0.9287749528884888,0.14159543812274933
YBR273C,YHR039C-B,0,-1.3106679,0.3956310749053955,0.9287749528884888,0.1418803483247757
YBR001C,YER120W,0,-1.3116521,0.3951515257358551,0.9287749528884888,0.14216524362564087
YPR096C,YDL130W-A,0,-1.3122532,0.39467310905456543,0.9287749528884888,0.14245013892650604
YOR384W,YOR224C,0,-1.3128624,0.39419588446617126,0.9287749528884888,0.1427350491285324
YFR015C,YLR246W,0,-1.3134221,0.39371979236602783,0.9287749528884888,0.14301994442939758
YLR312C-B,YIL138C,0,-1.3147857,0.3932448625564575,0.9287749528884888,0.14330483973026276
YOR120W,YGR037C,0,-1.3153373,0.3927710950374603,0.9287749528884888,0.14358974993228912
YLR283W,YBR001C,0,-1.3161557,0.3922984302043915,0.9287749528884888,0.1438746452331543
YOL092W,YDR118W,0,-1.3173611,0.39182692766189575,0.9287749528884888,0.14415954053401947
YKL034W,YLR337W,0,-1.3181338,0.39135652780532837,0.9287749528884888,0.14444445073604584
YPL096C-A,YJR059W,0,-1.3191547,0.3908872902393341,0.9287749528884888,0.144729346036911
YLR170C,YNL213C,0,-1.3195767,0.3904191553592682,0.9287749528884888,0.14501424133777618
YBL074C,YOR246C,0,-1.319679,0.389952152967453,0.9287749528884888,0.14529915153980255
YDL129W,YGR006W,0,-1.3203555,0.38948625326156616,0.9287749528884888,0.14558404684066772
YJR029W,YBR012W-B,1,-1.3225095,0.39021480083465576,0.9316239356994629,0.14558404684066772
YML087C,YOR221C,0,-1.3226147,0.3897497057914734,0.9316239356994629,0.1458689421415329
YHR076W,YDR018C,0,-1.3229272,0.38928571343421936,0.9316239356994629,0.14615385234355927
YBL103C,YPR096C,0,-1.3245573,0.3888228237628937,0.9316239356994629,0.14643874764442444
YKR090W,YDL130W-A,0,-1.3250248,0.38836103677749634,0.9316239356994629,0.1467236429452896
YBR033W,YOR228C,0,-1.3251616,0.38790035247802734,0.9316239356994629,0.14700855314731598
YLR214W,YLR106C,0,-1.3254011,0.3874407708644867,0.9316239356994629,0.14729344844818115
YNR020C,YGL185C,0,-1.3257577,0.386982262134552,0.9316239356994629,0.14757834374904633
YER036C,YHL047C,0,-1.326669,0.38652482628822327,0.9316239356994629,0.1478632539510727
YNL322C,YLR356W,0,-1.3271327,0.3860684633255005,0.9316239356994629,0.14814814925193787
YHR010W,YNL339C,0,-1.3285325,0.38561320304870605,0.9316239356994629,0.14843304455280304
YML005W,YDL180W,0,-1.3335322,0.3851590156555176,0.9316239356994629,0.1487179547548294
YKR037C,YOR131C,0,-1.3346105,0.38470587134361267,0.9316239356994629,0.14900285005569458
YFL039C,YPR096C,0,-1.3348048,0.3842538297176361,0.9316239356994629,0.14928774535655975
YDR018C,YDL112W,0,-1.3354952,0.3838028311729431,0.9316239356994629,0.14957265555858612
YGL185C,YDR231C,0,-1.3356211,0.3833528757095337,0.9316239356994629,0.1498575508594513
YPL189C-A,YBR009C,0,-1.3370937,0.3829039931297302,0.9316239356994629,0.15014244616031647
YER056C-A,YCL055W,0,-1.3377979,0.3824561536312103,0.9316239356994629,0.15042735636234283
YGL120C,YDR402C,0,-1.3378305,0.382009357213974,0.9316239356994629,0.150712251663208
YDL180W,YDR044W,0,-1.338264,0.38156360387802124,0.9316239356994629,0.15099714696407318
YIL172C,YBR033W,0,-1.340811,0.38111889362335205,0.9316239356994629,0.15128205716609955
YLR048W,YOL125W,0,-1.3414359,0.38067519664764404,0.9316239356994629,0.15156695246696472
YDR279W,YOL157C,0,-1.3427885,0.380232572555542,0.9316239356994629,0.1518518477678299
YBR286W,YML087C,0,-1.3427968,0.37979093194007874,0.9316239356994629,0.15213675796985626
YOL123W,YLR337W,0,-1.3428661,0.37935033440589905,0.9316239356994629,0.15242165327072144
YNL206C,YMR051C,1,-1.3432287,0.3800695240497589,0.934472918510437,0.15242165327072144
YAR019C,YPR036W,0,-1.3442936,0.37962964177131653,0.934472918510437,0.1527065485715866
YDR440W,YDL130W,0,-1.3453571,0.37919074296951294,0.934472918510437,0.15299145877361298
YGL249W,YGL039W,0,-1.3456321,0.3787528872489929,0.934472918510437,0.15327635407447815
YNR022C,YPL095C,0,-1.3458655,0.3783160448074341,0.934472918510437,0.15356124937534332
YGL222C,YPR096C,0,-1.3460436,0.37788018584251404,0.934472918510437,0.1538461595773697
YLL062C,YLR430W,0,-1.3478546,0.3774453401565552,0.934472918510437,0.15413105487823486
YKL100C,YER089C,0,-1.3485342,0.3770115077495575,0.934472918510437,0.15441595017910004
YFR006W,YGR286C,0,-1.3488741,0.3765786588191986,0.934472918510437,0.1547008603811264
YDR481C,YDL114W,0,-1.3512473,0.3761467933654785,0.934472918510437,0.15498575568199158
YLR318W,YNL248C,0,-1.3519793,0.3757159113883972,0.934472918510437,0.15527065098285675
YBR041W,YIL171W,0,-1.3525827,0.3752860426902771,0.934472918510437,0.15555556118488312
YAR015W,YLR414C,0,-1.3532513,0.3748571574687958,0.934472918510437,0.1558404564857483
YML027W,YIL125W,0,-1.3534927,0.37442922592163086,0.934472918510437,0.15612535178661346
YMR086W,YJL101C,0,-1.3554726,0.37400227785110474,0.934472918510437,0.15641026198863983
YER184C,YOL077C,0,-1.3556101,0.3735763132572174,0.934472918510437,0.156695157289505
YML018C,YJL065C,0,-1.357291,0.3731513023376465,0.934472918510437,0.15698005259037018
YML129C,YJR015W,0,-1.3575802,0.37272727489471436,0.934472918510437,0.15726496279239655
YDL210W,YGR194C,0,-1.3578072,0.37230420112609863,0.934472918510437,0.15754985809326172
YJL106W,YGR001C,0,-1.3587136,0.3718820810317993,0.934472918510437,0.1578347533941269
YDL129W,YKR061W,0,-1.358964,0.3714609146118164,0.934472918510437,0.15811966359615326
YJR134C,YOR246C,0,-1.3591087,0.3710407316684723,0.934472918510437,0.15840455889701843
YJR158W,YDR134C,0,-1.3596431,0.3706214725971222,0.934472918510437,0.1586894541978836
YPR192W,YML087C,0,-1.3611913,0.3702031672000885,0.934472918510437,0.15897436439990997
YDR050C,YKL010C,0,-1.3613783,0.36978578567504883,0.934472918510437,0.15925925970077515
YFR015C,YIR002C,0,-1.3619928,0.36936935782432556,0.934472918510437,0.15954415500164032
YER095W,YNL096C,0,-1.361993,0.3689538836479187,0.934472918510437,0.1598290652036667
YOR315W,YDR402C,0,-1.3637769,0.36853933334350586,0.934472918510437,0.16011396050453186
YDR425W,YHR092C,0,-1.3642509,0.36812570691108704,0.934472918510437,0.16039885580539703
YDR511W,YDL144C,0,-1.3648663,0.36771300435066223,0.934472918510437,0.1606837660074234
YIL034C,YCL066W,0,-1.3662536,0.36730122566223145,0.934472918510437,0.16096866130828857
YLR074C,YAR018C,0,-1.3671885,0.3668903708457947,0.934472918510437,0.16125355660915375
YDL114W,YLR433C,0,-1.3698368,0.36648043990135193,0.934472918510437,0.16153846681118011
YDR536W,YNL308C,0,-1.3710794,0.3660714328289032,0.934472918510437,0.1618233621120453
YFR006W,YOR092W,0,-1.3710904,0.3656633198261261,0.934472918510437,0.16210825741291046
YCR029C-A,YDR443C,0,-1.3718042,0.365256130695343,0.934472918510437,0.16239316761493683
YGL089C,YJL170C,0,-1.372857,0.36484983563423157,0.934472918510437,0.162678062915802
YIL172C,YLR433C,0,-1.3737553,0.36444443464279175,0.934472918510437,0.16296295821666718
YOR240W,YOL140W,0,-1.3758568,0.36403995752334595,0.934472918510437,0.16324786841869354
YLL062C,YIL113W,0,-1.3760076,0.3636363744735718,0.934472918510437,0.16353276371955872
YNL146W,YPL068C,0,-1.3775258,0.36323365569114685,0.934472918510437,0.1638176590204239
YMR166C,YDL033C,0,-1.3797816,0.36283186078071594,0.934472918510437,0.16410256922245026
YLR448W,YLR040C,0,-1.3799417,0.3624309301376343,0.934472918510437,0.16438746452331543
YKR059W,YAL058W,0,-1.3819681,0.36203089356422424,0.934472918510437,0.1646723598241806
YDR329C,YDL075W,0,-1.3821596,0.36163175106048584,0.934472918510437,0.16495727002620697
YLR126C,YIL072W,0,-1.3822373,0.3612334728240967,0.934472918510437,0.16524216532707214
YDR270W,YPR096C,0,-1.3828099,0.36083608865737915,0.934472918510437,0.16552706062793732
YNL086W,YDL204W,0,-1.3836923,0.36043956875801086,0.934472918510437,0.16581197082996368
YJR098C,YGR106C,0,-1.3847928,0.3600439131259918,0.934472918510437,0.16609686613082886
YML040W,YCL075W,1,-1.3872181,0.3607456088066101,0.9373219609260559,0.16609686613082886
YCL059C,YCR010C,0,-1.3875709,0.36035048961639404,0.9373219609260559,0.16638176143169403
YJL133W,YDL130W-A,0,-1.388724,0.3599562346935272,0.9373219609260559,0.1666666716337204
YGR292W,YLR221C,0,-1.3887266,0.35956284403800964,0.9373219609260559,0.16695156693458557
YMR127C,YDL130W-A,0,-1.3916731,0.3591703176498413,0.9373219609260559,0.16723646223545074
YNL331C,YLR158C,0,-1.3925172,0.35877862572669983,0.9373219609260559,0.1675213724374771
YKL011C,YCR072C,0,-1.3931934,0.3583877980709076,0.9373219609260559,0.16780626773834229
YJR009C,YPR168W,0,-1.393235,0.3579978346824646,0.9373219609260559,0.16809116303920746
YOR288C,YCL069W,0,-1.3937232,0.35760870575904846,0.9373219609260559,0.16837607324123383
YGL089C,YHL032C,0,-1.3940287,0.3572204113006592,0.9373219609260559,0.168660968542099
YLL011W,YGR035C,0,-1.3940537,0.35683298110961914,0.9373219609260559,0.16894586384296417
YJL158C,YAL062W,0,-1.3943934,0.35644638538360596,0.9373219609260559,0.16923077404499054
YJL153C,YDL017W,0,-1.3949895,0.35606059432029724,0.9373219609260559,0.1695156693458557
YDL143W,YLR356W,0,-1.3975482,0.35567566752433777,0.9373219609260559,0.1698005646467209
YML037C,YMR022W,0,-1.4007654,0.35529157519340515,0.9373219609260559,0.17008547484874725
YOL127W,YDR126W,0,-1.4008403,0.3549083173274994,0.9373219609260559,0.17037037014961243
YNL330C,YDL144C,0,-1.4014273,0.3545258641242981,0.9373219609260559,0.1706552654504776
YDR134C,YBR122C,0,-1.4035611,0.35414424538612366,0.9373219609260559,0.17094017565250397
YGL089C,YPR118W,0,-1.4040359,0.3537634313106537,0.9373219609260559,0.17122507095336914
YOR356W,YJL025W,0,-1.4043438,0.35338345170021057,0.9373219609260559,0.17150996625423431
YBR092C,YIL124W,0,-1.4091139,0.3530043065547943,0.9373219609260559,0.17179487645626068
YMR166C,YDR134C,0,-1.4107699,0.35262593626976013,0.9373219609260559,0.17207977175712585
YDL229W,YOL117W,0,-1.4115367,0.3522484004497528,0.9373219609260559,0.17236466705799103
YKL199C,YML116W,0,-1.4115517,0.35187166929244995,0.9373219609260559,0.1726495772600174
YJL198W,YDR270W,0,-1.4120603,0.3514957129955292,0.9373219609260559,0.17293447256088257
YGL141W,YJR089W,0,-1.4126341,0.35112059116363525,0.9373219609260559,0.17321936786174774
YLR038C,YNL146W,0,-1.4133439,0.3507462739944458,0.9373219609260559,0.1735042780637741
YDR247W,YKL024C,0,-1.4138379,0.3503727316856384,0.9373219609260559,0.17378917336463928
YPR019W,YER045C,0,-1.4142156,0.3499999940395355,0.9373219609260559,0.17407406866550446
YJR139C,YNR040W,0,-1.41769,0.3496280610561371,0.9373219609260559,0.17435897886753082
YPR063C,YPR019W,0,-1.4178821,0.3492569029331207,0.9373219609260559,0.174643874168396
YPL144W,YCR029C-A,0,-1.418088,0.34888651967048645,0.9373219609260559,0.17492876946926117
YML040W,YBR012W-B,1,-1.4186999,0.34957626461982727,0.94017094373703,0.17492876946926117
YDR387C,YOL140W,0,-1.4189426,0.3492063581943512,0.94017094373703,0.17521367967128754
YBR058C,YCL047C,0,-1.4204237,0.3488371968269348,0.94017094373703,0.1754985749721527
YML077W,YPL281C,0,-1.4231968,0.3484688401222229,0.94017094373703,0.17578347027301788
YOR348C,YLL001W,0,-1.4234293,0.34810125827789307,0.94017094373703,0.17606838047504425
YDR265W,YOL157C,0,-1.4234397,0.3477344512939453,0.94017094373703,0.17635327577590942
YHR023W,YIL171W,0,-1.4238245,0.34736841917037964,0.94017094373703,0.1766381710767746
YHL008C,YLR371W,0,-1.4248464,0.34700316190719604,0.94017094373703,0.17692308127880096
YCL075W,YJR029W,1,-1.4267433,0.34768906235694885,0.9430199265480042,0.17692308127880096
YPR098C,YPR122W,0,-1.4310551,0.3473242521286011,0.9430199265480042,0.17720797657966614
YHL008C,YOR389W,0,-1.4321394,0.3469601571559906,0.9430199265480042,0.1774928718805313
YDL060W,YMR152W,0,-1.4337883,0.3465968668460846,0.9430199265480042,0.17777778208255768
YLR040C,YDR231C,0,-1.4340558,0.3462343215942383,0.9430199265480042,0.17806267738342285
YCR040W,YLL001W,0,-1.4343554,0.34587252140045166,0.9430199265480042,0.17834757268428802
YDR248C,YBR156C,0,-1.4348795,0.3455114960670471,0.9430199265480042,0.1786324828863144
YNL293W,YGL147C,0,-1.4350128,0.3451511859893799,0.9430199265480042,0.17891737818717957
YOL092W,YOR369C,0,-1.4356143,0.3447916805744171,0.9430199265480042,0.17920227348804474
YJR015W,YML095C,0,-1.4356201,0.34443289041519165,0.9430199265480042,0.1794871836900711
YJL046W,YOR242C,0,-1.4361385,0.3440748453140259,0.9430199265480042,0.17977207899093628
YGL206C,YBL021C,0,-1.4368742,0.3437175452709198,0.9430199265480042,0.18005697429180145
YEL016C,YOR228C,0,-1.4395024,0.3433609902858734,0.9430199265480042,0.18034188449382782
YHR046C,YDR503C,0,-1.4395373,0.3430051803588867,0.9430199265480042,0.180626779794693
YFL047W,YDR248C,0,-1.4403197,0.3426501154899597,0.9430199265480042,0.18091167509555817
YOR347C,YBL069W,0,-1.441956,0.34229576587677,0.9430199265480042,0.18119658529758453
YER096W,YBL069W,0,-1.4423978,0.34194216132164,0.9430199265480042,0.1814814805984497
YPL195W,YKR097W,0,-1.4439149,0.3415892720222473,0.9430199265480042,0.18176637589931488
YMR036C,YOR396W,0,-1.4457418,0.3412371277809143,0.9430199265480042,0.18205128610134125
YER112W,YMR303C,0,-1.446372,0.3408856987953186,0.9430199265480042,0.18233618140220642
YMR221C,YCR028C,0,-1.4484931,0.3405349850654602,0.9430199265480042,0.1826210767030716
YDL129W,YHR186C,0,-1.4488754,0.3401849865913391,0.9430199265480042,0.18290598690509796
YLR373C,YOL077C,0,-1.4495716,0.3398357331752777,0.9430199265480042,0.18319088220596313
YER099C,YLR356W,0,-1.4500983,0.3394871652126312,0.9430199265480042,0.1834757775068283
YJL044C,YDR134C,0,-1.4520584,0.33913934230804443,0.9430199265480042,0.18376068770885468
YPR036W,YBL010C,0,-1.4528704,0.33879223465919495,0.9430199265480042,0.18404558300971985
YLR214W,YJR001W,0,-1.4536368,0.3384458124637604,0.9430199265480042,0.18433047831058502
YPL017C,YLR032W,0,-1.4537027,0.3381001055240631,0.9430199265480042,0.1846153885126114
YLR419W,YHR017W,0,-1.4542333,0.33775511384010315,0.9430199265480042,0.18490028381347656
YFR015C,YNL012W,0,-1.4544029,0.3374108076095581,0.9430199265480042,0.18518517911434174
YGL040C,YOR131C,0,-1.4546652,0.33706721663475037,0.9430199265480042,0.1854700893163681
YAL053W,YGL185C,0,-1.4554859,0.33672431111335754,0.9430199265480042,0.18575498461723328
YOR391C,YOR306C,0,-1.4561493,0.336382120847702,0.9430199265480042,0.18603987991809845
YDR242W,YJR015W,0,-1.4563248,0.3360406160354614,0.9430199265480042,0.18632479012012482
YJR015W,YMR094W,0,-1.4564846,0.33569979667663574,0.9430199265480042,0.18660968542099
YNR040W,YBR040W,0,-1.4572084,0.335359662771225,0.9430199265480042,0.18689458072185516
YNL213C,YOR044W,0,-1.4590499,0.3350202441215515,0.9430199265480042,0.18717949092388153
YIL070C,YOL157C,0,-1.4592681,0.33468151092529297,0.9430199265480042,0.1874643862247467
YMR221C,YNL151C,0,-1.4603173,0.33434343338012695,0.9430199265480042,0.18774928152561188
YLR356W,YLR032W,0,-1.4610415,0.33400604128837585,0.9430199265480042,0.18803419172763824
YJR009C,YPR019W,0,-1.4621835,0.33366936445236206,0.9430199265480042,0.18831908702850342
YHL008C,YNL129W,0,-1.4630289,0.3333333432674408,0.9430199265480042,0.1886039823293686
YJL143W,YCL047C,0,-1.4632941,0.33299797773361206,0.9430199265480042,0.18888889253139496
YGL136C,YMR221C,0,-1.4642731,0.33266332745552063,0.9430199265480042,0.18917378783226013
YJL052W,YKR050W,0,-1.4668225,0.33232930302619934,0.9430199265480042,0.1894586831331253
YOR356W,YPL177C,0,-1.4687974,0.33199599385261536,0.9430199265480042,0.18974359333515167
YHR089C,YJR058C,0,-1.469069,0.3316633403301239,0.9430199265480042,0.19002848863601685
YBL021C,YNL339C,0,-1.4705797,0.331331342458725,0.9430199265480042,0.19031338393688202
YLR439W,YHL036W,0,-1.4712075,0.3310000002384186,0.9430199265480042,0.1905982941389084
YDL114W,YLR364W,0,-1.4720397,0.3306693434715271,0.9430199265480042,0.19088318943977356
YOR315W,YML104C,0,-1.4732358,0.33033931255340576,0.9430199265480042,0.19116808474063873
YDR495C,YBR158W,0,-1.474834,0.33000996708869934,0.9430199265480042,0.1914529949426651
YNL330C,YLR419W,0,-1.4753242,0.32968127727508545,0.9430199265480042,0.19173789024353027
YDR297W,YDR115W,0,-1.4770122,0.3293532431125641,0.9430199265480042,0.19202278554439545
YDL146W,YHR064C,0,-1.4776835,0.32902583479881287,0.9430199265480042,0.19230769574642181
YBR286W,YLL062C,0,-1.4781845,0.32869911193847656,0.9430199265480042,0.192592591047287
YFL039C,YML091C,0,-1.4784143,0.3283730149269104,0.9430199265480042,0.19287748634815216
YNL213C,YER112W,0,-1.4785546,0.32804757356643677,0.9430199265480042,0.19316239655017853
YBL060W,YBR084W,0,-1.480833,0.3277227580547333,0.9430199265480042,0.1934472918510437
YLR370C,YJR015W,0,-1.4812222,0.3273986279964447,0.9430199265480042,0.19373218715190887
YCR053W,YPL186C,0,-1.4858345,0.3270750939846039,0.9430199265480042,0.19401709735393524
YMR307W,YOR381W,0,-1.4862211,0.3267522156238556,0.9430199265480042,0.19430199265480042
YOR389W,YDR166C,0,-1.4869819,0.32642999291419983,0.9430199265480042,0.1945868879556656
YER070W,YGR001C,0,-1.4883479,0.3261083662509918,0.9430199265480042,0.19487179815769196
YFL044C,YBR009C,0,-1.4886656,0.32578739523887634,0.9430199265480042,0.19515669345855713
YPL148C,YOR389W,0,-1.4886827,0.325467050075531,0.9430199265480042,0.1954415887594223
YDL080C,YLR040C,0,-1.4892279,0.3251473605632782,0.9430199265480042,0.19572649896144867
YCL075W,YMR051C,1,-1.4894186,0.32580962777137756,0.945868968963623,0.19572649896144867
YOL065C,YKL164C,0,-1.4896364,0.32549020648002625,0.945868968963623,0.19601139426231384
YKL218C,YBR159W,0,-1.4920754,0.32517141103744507,0.945868968963623,0.19629628956317902
YGL222C,YLR048W,0,-1.4921778,0.32485324144363403,0.945868968963623,0.19658119976520538
YER096W,YPR047W,0,-1.4923732,0.32453566789627075,0.945868968963623,0.19686609506607056
YDR465C,YPR021C,0,-1.495519,0.32421875,0.945868968963623,0.19715099036693573
YAL008W,YJL008C,0,-1.4976593,0.323902428150177,0.945868968963623,0.1974359005689621
YBR097W,YOR396W,0,-1.500514,0.32358673214912415,0.945868968963623,0.19772079586982727
YEL054C,YLR097C,0,-1.5020903,0.32327166199684143,0.945868968963623,0.19800569117069244
YBR267W,YDR330W,0,-1.5025415,0.32295718789100647,0.945868968963623,0.1982906013727188
YDR248C,YOR014W,0,-1.5038755,0.32264333963394165,0.945868968963623,0.19857549667358398
YJR121W,YHL008C,0,-1.5042558,0.3223300874233246,0.945868968963623,0.19886039197444916
YPL189C-A,YGR063C,0,-1.5052614,0.32201746106147766,0.945868968963623,0.19914530217647552
YGL185C,YLR433C,0,-1.5059555,0.3217054307460785,0.945868968963623,0.1994301974773407
YMR130W,YGR158C,0,-1.5072299,0.3213939964771271,0.945868968963623,0.19971509277820587
YMR166C,YPL090C,0,-1.507284,0.3210831582546234,0.945868968963623,0.20000000298023224
YER096W,YCR092C,0,-1.5075088,0.3207729458808899,0.945868968963623,0.2002848982810974
YJR145C,YIL125W,0,-1.5078472,0.3204633295536041,0.945868968963623,0.20056979358196259
YDL069C,YML087C,0,-1.5081388,0.3201542794704437,0.945868968963623,0.20085470378398895
YBR267W,YFR008W,0,-1.5105553,0.31984585523605347,0.945868968963623,0.20113959908485413
YDR065W,YNR001C,0,-1.5106132,0.31953802704811096,0.945868968963623,0.2014244943857193
YER087C-A,YNL227C,0,-1.5120645,0.3192307651042938,0.945868968963623,0.20170940458774567
YLR176C,YAL025C,0,-1.5134418,0.31892409920692444,0.945868968963623,0.20199429988861084
YCR039C,YEL065W,0,-1.5149295,0.3186180293560028,0.945868968963623,0.202279195189476
YDR536W,YLR158C,0,-1.515687,0.31831255555152893,0.945868968963623,0.20256410539150238
YOR240W,YDR158W,0,-1.5161564,0.3180076479911804,0.945868968963623,0.20284900069236755
YGR026W,YOR270C,0,-1.5170434,0.31770333647727966,0.945868968963623,0.20313389599323273
YJR155W,YGR162W,0,-1.5174409,0.31739962100982666,0.945868968963623,0.2034188061952591
YDL108W,YGR035C,0,-1.5193286,0.317096471786499,0.945868968963623,0.20370370149612427
YDL019C,YOL092W,0,-1.5198789,0.31679388880729675,0.945868968963623,0.20398859679698944
YMR257C,YDR038C,0,-1.5199695,0.31649190187454224,0.945868968963623,0.2042735069990158
YER164W,YIL136W,0,-1.5210608,0.3161904811859131,0.945868968963623,0.20455840229988098
YBR097W,YMR221C,0,-1.5232352,0.3158896267414093,0.945868968963623,0.20484329760074615
YDR128W,YAL025C,0,-1.5232551,0.31558936834335327,0.945868968963623,0.20512820780277252
YJL143W,YER106W,0,-1.5234374,0.3152896463871002,0.945868968963623,0.2054131031036377
YNR007C,YGR279C,0,-1.5236709,0.3149905204772949,0.945868968963623,0.20569799840450287
YDL120W,YNR061C,0,-1.5249357,0.3146919310092926,0.945868968963623,0.20598290860652924
YIR036C,YMR287C,0,-1.5255178,0.31439393758773804,0.945868968963623,0.2062678039073944
YDR536W,YCL047C,0,-1.5267291,0.31409651041030884,0.945868968963623,0.20655269920825958
YPL189C-A,YLR357W,0,-1.5289195,0.3137996196746826,0.945868968963623,0.20683760941028595
YJR160C,YHR052W,0,-1.5291629,0.31350329518318176,0.945868968963623,0.20712250471115112
YNL331C,YMR221C,0,-1.5300148,0.3132075369358063,0.945868968963623,0.2074074000120163
YJR160C,YHR064C,0,-1.5300415,0.31291234493255615,0.945868968963623,0.20769231021404266
YMR088C,YPR098C,0,-1.5315164,0.312617689371109,0.945868968963623,0.20797720551490784
YGL249W,YMR086W,0,-1.5318644,0.31232360005378723,0.945868968963623,0.208262100815773
YOL127W,YEL064C,0,-1.5324882,0.3120300769805908,0.945868968963623,0.20854701101779938
YDL085W,YDR380W,0,-1.5327524,0.3117370903491974,0.945868968963623,0.20883190631866455
YPL111W,YOR221C,0,-1.5341287,0.31144464015960693,0.945868968963623,0.20911681652069092
YHR052W,YNL310C,0,-1.5356045,0.31115275621414185,0.945868968963623,0.2094017118215561
YJR098C,YCL066W,0,-1.5357018,0.31086140871047974,0.945868968963623,0.20968660712242126
YDR341C,YPL189C-A,0,-1.5361722,0.310570627450943,0.945868968963623,0.20997151732444763
YLR446W,YPL155C,0,-1.5364004,0.31028038263320923,0.945868968963623,0.2102564126253128
YGR026W,YJR155W,0,-1.5365192,0.30999067425727844,0.945868968963623,0.21054130792617798
YHR215W,YBR084W,0,-1.5371488,0.30970150232315063,0.945868968963623,0.21082621812820435
YLR364W,YBR142W,0,-1.5373278,0.3094128668308258,0.945868968963623,0.21111111342906952
YDL080C,YLR158C,0,-1.538318,0.30912476778030396,0.945868968963623,0.2113960087299347
YLR364W,YPR098C,0,-1.540489,0.3088372051715851,0.945868968963623,0.21168091893196106
YBR012W-A,YCL075W,1,-1.5419084,0.30947956442832947,0.9487179517745972,0.21168091893196106
YMR130W,YHL047C,0,-1.5433367,0.3091922104358673,0.9487179517745972,0.21196581423282623
YMR290C,YAL013W,0,-1.5440028,0.30890539288520813,0.9487179517745972,0.2122507095336914
YJL106W,YJL158C,0,-1.5440106,0.30861908197402954,0.9487179517745972,0.21253561973571777
YOR348C,YOR396W,0,-1.5446564,0.3083333373069763,0.9487179517745972,0.21282051503658295
YDR197W,YBL010C,0,-1.5449349,0.3080480992794037,0.9487179517745972,0.21310541033744812
YAL012W,YKL017C,0,-1.5463884,0.30776339769363403,0.9487179517745972,0.2133903205394745
YAL041W,YHL008C,0,-1.5466626,0.30747923254966736,0.9487179517745972,0.21367521584033966
YOL067C,YOR131C,0,-1.5475147,0.3071955740451813,0.9487179517745972,0.21396011114120483
YJR139C,YHR167W,0,-1.548487,0.30691245198249817,0.9487179517745972,0.2142450213432312
YCR047C,YMR004W,0,-1.548851,0.30662983655929565,0.9487179517745972,0.21452991664409637
YML012W,YCR098C,0,-1.5491811,0.3063477575778961,0.9487179517745972,0.21481481194496155
YJL198W,YMR130W,0,-1.5501683,0.3060661852359772,0.9487179517745972,0.21509972214698792
YEL065W,YOR066W,0,-1.552285,0.3057851195335388,0.9487179517745972,0.2153846174478531
YDR056C,YGR218W,0,-1.5531559,0.30550459027290344,0.9487179517745972,0.21566951274871826
YNR061C,YJL097W,0,-1.5531815,0.30522456765174866,0.9487179517745972,0.21595442295074463
YGL173C,YGR001C,0,-1.5540034,0.30494505167007446,0.9487179517745972,0.2162393182516098
YER131W,YPL096C-A,0,-1.5543265,0.30466604232788086,0.9487179517745972,0.21652421355247498
YIR017C,YCL050C,0,-1.5556097,0.30438756942749023,0.9487179517745972,0.21680912375450134
YDL043C,YPR096C,0,-1.5569258,0.3041096031665802,0.9487179517745972,0.21709401905536652
YDR126W,YCR047C,0,-1.5572852,0.30383211374282837,0.9487179517745972,0.2173789143562317
YLR142W,YDR478W,0,-1.5580416,0.3035551607608795,0.9487179517745972,0.21766382455825806
YER087C-A,YDR056C,0,-1.5582427,0.30327868461608887,0.9487179517745972,0.21794871985912323
YGR156W,YAL025C,0,-1.5590339,0.3030027151107788,0.9487179517745972,0.2182336151599884
YJR029W,YMR045C,1,-1.5594373,0.303636372089386,0.9515669345855713,0.2182336151599884
YNL046W,YNL077W,0,-1.5613309,0.30336058139801025,0.9515669345855713,0.21851852536201477
YJR135C,YER126C,0,-1.5624866,0.3030852973461151,0.9515669345855713,0.21880342066287994
YER096W,YPL031C,0,-1.5629733,0.30281051993370056,0.9515669345855713,0.21908831596374512
YMR163C,YJR045C,0,-1.5632913,0.3025362193584442,0.9515669345855713,0.21937322616577148
YLR126C,YLR286C,0,-1.5638729,0.30226245522499084,0.9515669345855713,0.21965812146663666
YDR056C,YIL112W,0,-1.5649804,0.3019891381263733,0.9515669345855713,0.21994301676750183
YDR356W,YGL178W,0,-1.5651503,0.3017163574695587,0.9515669345855713,0.2202279269695282
YOR228C,YOR346W,0,-1.565341,0.30144405364990234,0.9515669345855713,0.22051282227039337
YIL160C,YPR047W,0,-1.566428,0.3011722266674042,0.9515669345855713,0.22079771757125854
YMR257C,YOR120W,0,-1.5704206,0.3009009063243866,0.9515669345855713,0.2210826277732849
YBR158W,YDR288W,0,-1.5705638,0.3006300628185272,0.9515669345855713,0.22136752307415009
YDL229W,YKR061W,0,-1.5710976,0.30035972595214844,0.9515669345855713,0.22165241837501526
YJR135C,YOR228C,0,-1.5712109,0.30008983612060547,0.9515669345855713,0.22193732857704163
YIL136W,YML087C,0,-1.5712461,0.2998204529285431,0.9515669345855713,0.2222222238779068
YBR205W,YLR126C,0,-1.5718303,0.2995515763759613,0.9515669345855713,0.22250711917877197
YMR051C,YMR045C,1,-1.5728483,0.30017921328544617,0.9544159770011902,0.22250711917877197
YDR533C,YMR204C,0,-1.573518,0.2999104857444763,0.9544159770011902,0.22279202938079834
YHR089C,YDR322W,0,-1.575629,0.2996422052383423,0.9544159770011902,0.2230769246816635
YOL077C,YOR044W,0,-1.5759914,0.29937443137168884,0.9544159770011902,0.2233618199825287
YGL229C,YKL024C,0,-1.5770067,0.2991071343421936,0.9544159770011902,0.22364673018455505
YPR108W,YAL025C,0,-1.579307,0.29884031414985657,0.9544159770011902,0.22393162548542023
YPL231W,YLR430W,0,-1.583005,0.29857397079467773,0.9544159770011902,0.2242165207862854
YPR098C,YBL060W,0,-1.5841442,0.2983081042766571,0.9544159770011902,0.22450143098831177
YHR206W,YJR025C,0,-1.5844969,0.2980427145957947,0.9544159770011902,0.22478632628917694
YLR283W,YLR186W,0,-1.5883379,0.29777777194976807,0.9544159770011902,0.22507122159004211
YBR082C,YIL136W,0,-1.5890129,0.29751333594322205,0.9544159770011902,0.22535613179206848
YMR004W,YDR115W,0,-1.5890255,0.29724934697151184,0.9544159770011902,0.22564102709293365
YDR356W,YCR047C,0,-1.5892541,0.29698580503463745,0.9544159770011902,0.22592592239379883
YLR127C,YDR387C,0,-1.5910351,0.29672276973724365,0.9544159770011902,0.2262108325958252
YDR120C,YER045C,0,-1.5911672,0.29646018147468567,0.9544159770011902,0.22649572789669037
YKL108W,YLR441C,0,-1.5918826,0.2961980402469635,0.9544159770011902,0.22678062319755554
YJL136C,YAL008W,0,-1.5921843,0.2959364056587219,0.9544159770011902,0.2270655333995819
YCR047C,YOR396W,0,-1.5924109,0.2956751883029938,0.9544159770011902,0.22735042870044708
YEL016C,YFR006W,0,-1.5924397,0.29541444778442383,0.9544159770011902,0.22763532400131226
YPL226W,YCR075C,0,-1.5924737,0.2951541841030121,0.9544159770011902,0.22792023420333862
YHR089C,YIL125W,0,-1.5925878,0.29489436745643616,0.9544159770011902,0.2282051295042038
YJR098C,YKR097W,0,-1.5947056,0.29463499784469604,0.9544159770011902,0.22849002480506897
YDL114W,YOR127W,0,-1.5955288,0.29437610507011414,0.9544159770011902,0.22877493500709534
YHL008C,YMR109W,0,-1.5956111,0.29411765933036804,0.9544159770011902,0.2290598303079605
YPR063C,YDR495C,0,-1.5961766,0.29385966062545776,0.9544159770011902,0.22934472560882568
YLR221C,YMR163C,0,-1.5969261,0.2936021089553833,0.9544159770011902,0.22962963581085205
YCL075W,YAR010C,1,-1.5992038,0.2942206561565399,0.9572649598121643,0.22962963581085205
YBR036C,YDL144C,0,-1.6001816,0.2939632534980774,0.9572649598121643,0.22991453111171722
YMR307W,YLR318W,0,-1.6005868,0.2937062978744507,0.9572649598121643,0.2301994264125824
YML054C,YJR010C-A,0,-1.6006725,0.2934497892856598,0.9572649598121643,0.23048433661460876
YLR139C,YLR276C,0,-1.6031146,0.2931937277317047,0.9572649598121643,0.23076923191547394
YBL064C,YLR121C,0,-1.6035028,0.29293811321258545,0.9572649598121643,0.2310541272163391
YKR105C,YNL339C,0,-1.6041994,0.2926829159259796,0.9572649598121643,0.23133903741836548
YJR155W,YBL082C,0,-1.6049095,0.292428195476532,0.9572649598121643,0.23162393271923065
YDR531W,YDR088C,0,-1.6053523,0.29217392206192017,0.9572649598121643,0.23190882802009583
YJL219W,YGR106C,0,-1.6085136,0.2919200658798218,0.9572649598121643,0.2321937382221222
YJR110W,YHR143W,0,-1.6090572,0.2916666567325592,0.9572649598121643,0.23247863352298737
YPL189C-A,YHL032C,0,-1.6096221,0.29141369462013245,0.9572649598121643,0.23276352882385254
YLR207W,YJL189W,0,-1.6102563,0.2911611795425415,0.9572649598121643,0.2330484390258789
YDR120C,YPL123C,0,-1.6112784,0.290909081697464,0.9572649598121643,0.23333333432674408
YPL174C,YOR374W,0,-1.6117878,0.2906574308872223,0.9572649598121643,0.23361822962760925
YOR308C,YKL056C,0,-1.6127944,0.2904062271118164,0.9572649598121643,0.23390313982963562
YOL067C,YML091C,0,-1.6132147,0.29015544056892395,0.9572649598121643,0.2341880351305008
YDR077W,YPR081C,0,-1.6141114,0.2899051010608673,0.9572649598121643,0.23447293043136597
YLR439W,YBR092C,0,-1.6149268,0.2896551787853241,0.9572649598121643,0.23475784063339233
YPL159C,YCL047C,0,-1.6151955,0.2894056737422943,0.9572649598121643,0.2350427359342575
YLR172C,YDR380W,0,-1.6169797,0.28915661573410034,0.9572649598121643,0.23532763123512268
YDR465C,YGR154C,0,-1.6177243,0.2889080047607422,0.9572649598121643,0.23561254143714905
YBR237W,YDL075W,0,-1.6202674,0.2886597812175751,0.9572649598121643,0.23589743673801422
YMR045C,YBR012W-B,1,-1.6217594,0.28927040100097656,0.9601139426231384,0.23589743673801422
YLR098C,YNL244C,0,-1.6238284,0.289022296667099,0.9601139426231384,0.2361823320388794
YOR348C,YFL029C,0,-1.6245319,0.28877463936805725,0.9601139426231384,0.23646724224090576
YER070W,YPL143W,0,-1.625112,0.28852739930152893,0.9601139426231384,0.23675213754177094
YLL013C,YKL178C,0,-1.6252239,0.28828057646751404,0.9601139426231384,0.2370370328426361
YIR017C,YGR218W,0,-1.6273859,0.28803420066833496,0.9601139426231384,0.23732194304466248
YLR286C,YKL108W,0,-1.6277857,0.2877882122993469,0.9601139426231384,0.23760683834552765
YKL212W,YGR188C,0,-1.6283293,0.2875426709651947,0.9601139426231384,0.23789173364639282
YLR048W,YBR185C,0,-1.6294329,0.2872975170612335,0.9601139426231384,0.2381766438484192
YPL281C,YEL061C,0,-1.6297352,0.28705281019210815,0.9601139426231384,0.23846153914928436
YLR098C,YPR096C,0,-1.6302941,0.2868085205554962,0.9601139426231384,0.23874643445014954
YKL088W,YMR256C,0,-1.6307132,0.2865646183490753,0.9601139426231384,0.2390313446521759
YPL231W,YHR013C,0,-1.6312697,0.28632116317749023,0.9601139426231384,0.23931623995304108
YDR239C,YGR123C,0,-1.6346463,0.2860780954360962,0.9601139426231384,0.23960113525390625
YJL221C,YOR246C,0,-1.6361651,0.2858354449272156,0.9601139426231384,0.23988604545593262
YJR160C,YGR158C,0,-1.6375861,0.2855932116508484,0.9601139426231384,0.2401709407567978
YLR109W,YDR228C,0,-1.6391292,0.28535139560699463,0.9601139426231384,0.24045583605766296
YBR123C,YOR348C,0,-1.6392891,0.2851099967956543,0.9601139426231384,0.24074074625968933
YNL207W,YOL002C,0,-1.6410588,0.284868985414505,0.9601139426231384,0.2410256415605545
YDR056C,YGL253W,0,-1.6415439,0.28462839126586914,0.9601139426231384,0.24131053686141968
YDR533C,YDR158W,0,-1.6416131,0.2843881845474243,0.9601139426231384,0.24159544706344604
YDL109C,YPL103C,0,-1.6419251,0.2841483950614929,0.9601139426231384,0.24188034236431122
YGL021W,YGL178W,0,-1.6430576,0.28390902280807495,0.9601139426231384,0.2421652376651764
YIR014W,YIR006C,0,-1.6432023,0.283670037984848,0.9601139426231384,0.24245014786720276
YOR315W,YMR023C,0,-1.6444287,0.28343144059181213,0.9601139426231384,0.24273504316806793
YER120W,YER091C,0,-1.6458468,0.28319329023361206,0.9601139426231384,0.2430199384689331
YNR061C,YPR032W,0,-1.6466856,0.28295549750328064,0.9601139426231384,0.24330484867095947
YDL114W,YML115C,0,-1.6492352,0.28271812200546265,0.9601139426231384,0.24358974397182465
YKL011C,YNL242W,0,-1.65048,0.2824811339378357,0.9601139426231384,0.24387463927268982
YBR084W,YOR396W,0,-1.651662,0.28224456310272217,0.9601139426231384,0.2441595494747162
YDL069C,YGR026W,0,-1.6522548,0.2820083796977997,0.9601139426231384,0.24444444477558136
YOR306C,YER106W,0,-1.6523416,0.28177258372306824,0.9601139426231384,0.24472934007644653
YPL269W,YGL185C,0,-1.6534811,0.28153717517852783,0.9601139426231384,0.2450142502784729
YML042W,YDR376W,0,-1.6544583,0.28130218386650085,0.9601139426231384,0.24529914557933807
YGL232W,YIR017C,0,-1.6554126,0.28106755018234253,0.9601139426231384,0.24558404088020325
YPL231W,YKL143W,0,-1.6554186,0.28083333373069763,0.9601139426231384,0.24586895108222961
YDL007W,YPL220W,0,-1.6560688,0.2805995047092438,0.9601139426231384,0.2461538463830948
YBR012W-A,YBR012W-B,1,-1.6564856,0.28119799494743347,0.9629629850387573,0.2461538463830948
YNR070W,YLR356W,0,-1.6570994,0.2809642553329468,0.9629629850387573,0.24643874168395996
YLR287C-A,YER091C,0,-1.6574365,0.2807309031486511,0.9629629850387573,0.24672365188598633
YGR263C,YBR241C,0,-1.6594926,0.2804979383945465,0.9629629850387573,0.2470085471868515
YMR211W,YER184C,0,-1.6595602,0.28026533126831055,0.9629629850387573,0.24729344248771667
YMR221C,YPR108W,0,-1.6595762,0.280033141374588,0.9629629850387573,0.24757835268974304
YKL100C,YJL072C,0,-1.6602943,0.2798013389110565,0.9629629850387573,0.24786324799060822
YGL229C,YPR054W,0,-1.6615586,0.2795698940753937,0.9629629850387573,0.2481481432914734
YAR010C,YMR045C,1,-1.6619172,0.28016528487205505,0.9658119678497314,0.2481481432914734
YML085C,YBR105C,0,-1.6620456,0.2799339294433594,0.9658119678497314,0.24843305349349976
YDR248C,YPL019C,0,-1.6632228,0.27970296144485474,0.9658119678497314,0.24871794879436493
YER126C,YLR467W,0,-1.6635774,0.27947238087654114,0.9658119678497314,0.2490028440952301
YDL060W,YER173W,0,-1.6656661,0.2792421877384186,0.9658119678497314,0.24928775429725647
YPR063C,YEL017C-A,0,-1.6670132,0.2790123522281647,0.9658119678497314,0.24957264959812164
YGR029W,YJR098C,0,-1.6672791,0.2787829041481018,0.9658119678497314,0.24985754489898682
YDR139C,YIL155C,0,-1.668287,0.2785538136959076,0.9658119678497314,0.2501424551010132
YGL128C,YCR039C,0,-1.6692388,0.2783251106739044,0.9658119678497314,0.25042736530303955
YGL021W,YOL071W,0,-1.6703094,0.2780967950820923,0.9658119678497314,0.25071224570274353
YDR312W,YOR384W,0,-1.6708208,0.2778688669204712,0.9658119678497314,0.2509971559047699
YFL044C,YDR447C,0,-1.6708466,0.27764126658439636,0.9658119678497314,0.25128206610679626
YGR058W,YKR104W,0,-1.6711555,0.27741408348083496,0.9658119678497314,0.25156694650650024
YML015C,YPR096C,0,-1.6725342,0.2771872580051422,0.9658119678497314,0.2518518567085266
YJR066W,YOL092W,0,-1.6726753,0.2769607901573181,0.9658119678497314,0.252136766910553
YML042W,YDR239C,0,-1.6726916,0.27673467993736267,0.9658119678497314,0.25242164731025696
YDR236C,YOR337W,0,-1.6732718,0.27650898694992065,0.9658119678497314,0.2527065575122833
YNR070W,YPR081C,0,-1.6737275,0.2762836217880249,0.9658119678497314,0.2529914677143097
YHR143W,YJR059W,0,-1.6743994,0.2760586440563202,0.9658119678497314,0.25327634811401367
YDR299W,YBR299W,0,-1.6745465,0.27583402395248413,0.9658119678497314,0.25356125831604004
YDR501W,YIL136W,0,-1.6747861,0.2756097614765167,0.9658119678497314,0.2538461685180664
YML074C,YKR097W,0,-1.675247,0.27538585662841797,0.9658119678497314,0.2541310489177704
YOR389W,YKR037C,0,-1.6757536,0.27516233921051025,0.9658119678497314,0.25441595911979675
YJL190C,YPL038W,0,-1.6767082,0.2749391794204712,0.9658119678497314,0.2547008693218231
YGR292W,YGL168W,0,-1.6810117,0.2747163772583008,0.9658119678497314,0.2549857497215271
YDL114W,YNR001C,0,-1.6813083,0.274493932723999,0.9658119678497314,0.25527065992355347
YDR440W,YML063W,0,-1.6821239,0.2742718458175659,0.9658119678497314,0.25555557012557983
YPL189C-A,YOR014W,0,-1.6822286,0.27405011653900146,0.9658119678497314,0.2558404505252838
YJL046W,YBR245C,0,-1.6833193,0.27382874488830566,0.9658119678497314,0.2561253607273102
YDL141W,YOR396W,0,-1.6858499,0.2736077606678009,0.9658119678497314,0.25641027092933655
YLR121C,YKL164C,0,-1.6860344,0.2733871042728424,0.9658119678497314,0.2566951513290405
YDL144C,YNL189W,0,-1.6878505,0.27316680550575256,0.9658119678497314,0.2569800615310669
YBR092C,YKL108W,0,-1.6899668,0.27294686436653137,0.9658119678497314,0.25726497173309326
YHR153C,YFR006W,0,-1.6909502,0.27272728085517883,0.9658119678497314,0.25754985213279724
YLR106C,YIL113W,0,-1.6909981,0.27250802516937256,0.9658119678497314,0.2578347623348236
YOR257W,YGL185C,0,-1.6911936,0.2722891569137573,0.9658119678497314,0.25811967253685
YNL217W,YER184C,0,-1.692055,0.27207061648368835,0.9658119678497314,0.25840455293655396
YDR044W,YDL017W,0,-1.6922901,0.27185243368148804,0.9658119678497314,0.2586894631385803
YER083C,YNL217W,0,-1.6933343,0.27163460850715637,0.9658119678497314,0.2589743733406067
YDR533C,YEL016C,0,-1.6948516,0.27141714096069336,0.9658119678497314,0.25925925374031067
YJL153C,YNL306W,0,-1.6978695,0.2712000012397766,0.9658119678497314,0.25954416394233704
YGR054W,YLL001W,0,-1.6985555,0.2709832191467285,0.9658119678497314,0.2598290741443634
YFL029C,YPR016C,0,-1.6993697,0.2707667648792267,0.9658119678497314,0.2601139545440674
YLR446W,YOR246C,0,-1.6994631,0.2705506682395935,0.9658119678497314,0.26039886474609375
YAR015W,YBR001C,0,-1.6997889,0.270334929227829,0.9658119678497314,0.2606837749481201
YPR098C,YKR030W,0,-1.7001686,0.2701195180416107,0.9658119678497314,0.2609686553478241
YOL133W,YLR441C,0,-1.7004865,0.2699044644832611,0.9658119678497314,0.26125356554985046
YML113W,YEL016C,0,-1.7023491,0.26968973875045776,0.9658119678497314,0.26153847575187683
YER147C,YPL155C,0,-1.7043428,0.26947537064552307,0.9658119678497314,0.2618233561515808
YOL157C,YDR400W,0,-1.7048489,0.26926133036613464,0.9658119678497314,0.2621082663536072
YDL144C,YDR368W,0,-1.7050873,0.2690476179122925,0.9658119678497314,0.26239317655563354
YMR088C,YDR465C,0,-1.7055464,0.26883426308631897,0.9658119678497314,0.2626780569553375
YBL088C,YLR446W,0,-1.7055596,0.2686212360858917,0.9658119678497314,0.2629629671573639
YNR027W,YNL115C,0,-1.7083154,0.26840853691101074,0.9658119678497314,0.26324787735939026
YDR531W,YBR166C,0,-1.7094615,0.2681961953639984,0.9658119678497314,0.26353275775909424
YDR270W,YHL004W,0,-1.7134916,0.26798418164253235,0.9658119678497314,0.2638176679611206
YBR286W,YPR047W,0,-1.7139578,0.26777252554893494,0.9658119678497314,0.264102578163147
YCR081W,YGL185C,0,-1.7144765,0.2675611674785614,0.9658119678497314,0.26438745856285095
YER056C-A,YOR246C,0,-1.7173889,0.2673501670360565,0.9658119678497314,0.2646723687648773
YJR015W,YCR075C,0,-1.7176116,0.2671394944190979,0.9658119678497314,0.2649572789669037
YDR012W,YDL144C,0,-1.720743,0.26692911982536316,0.9658119678497314,0.26524215936660767
YLR396C,YCR072C,0,-1.7218436,0.26671913266181946,0.9658119678497314,0.26552706956863403
YCL061C,YPR016C,0,-1.7238822,0.26650944352149963,0.9658119678497314,0.2658119797706604
YOL067C,YCL066W,0,-1.7249451,0.2663000822067261,0.9658119678497314,0.2660968601703644
YBR198C,YGR054W,0,-1.7255498,0.2660910487174988,0.9658119678497314,0.26638177037239075
YMR139W,YER153C,0,-1.7255988,0.26588234305381775,0.9658119678497314,0.2666666805744171
YBL030C,YMR184W,0,-1.7259696,0.26567399501800537,0.9658119678497314,0.2669515609741211
YBR012W-A,YMR045C,1,-1.7265142,0.26624903082847595,0.9686609506607056,0.2669515609741211
YOL120C,YOL080C,0,-1.7274942,0.2660406827926636,0.9686609506607056,0.26723647117614746
YDL109C,YDR088C,0,-1.7279592,0.26583269238471985,0.9686609506607056,0.26752138137817383
YKL100C,YLL001W,0,-1.7282884,0.265625,0.9686609506607056,0.2678062617778778
YMR316W,YLR045C,0,-1.7299529,0.2654176354408264,0.9686609506607056,0.2680911719799042
YGR058W,YDR115W,0,-1.7310045,0.2652105987071991,0.9686609506607056,0.26837608218193054
YGL136C,YCR040W,0,-1.7340713,0.26500388979911804,0.9686609506607056,0.2686609625816345
YER120W,YJL056C,0,-1.7348194,0.26479750871658325,0.9686609506607056,0.2689458727836609
YBR012W-A,YJR029W,1,-1.7358456,0.2653696537017822,0.9715099930763245,0.2689458727836609
YER056C-A,YJR089W,0,-1.7371202,0.2651633024215698,0.9715099930763245,0.26923078298568726
YMR166C,YDR400W,0,-1.7391081,0.2649572789669037,0.9715099930763245,0.26951566338539124
YDR533C,YGR156W,0,-1.7399863,0.2647515535354614,0.9715099930763245,0.2698005735874176
YBR291C,YLR099C,0,-1.7400364,0.26454615592956543,0.9715099930763245,0.27008548378944397
YOR257W,YNL115C,0,-1.7417656,0.2643410861492157,0.9715099930763245,0.27037036418914795
YKL108W,YJL109C,0,-1.7419698,0.26413631439208984,0.9715099930763245,0.2706552743911743
YHR017W,YOR369C,0,-1.7423111,0.26393190026283264,0.9715099930763245,0.2709401845932007
YJL157C,YLR427W,0,-1.7431185,0.26372775435447693,0.9715099930763245,0.27122506499290466
YDR402C,YAL025C,0,-1.7462026,0.26352396607398987,0.9715099930763245,0.27150997519493103
YDL130W-A,YMR303C,0,-1.7470691,0.2633204758167267,0.9715099930763245,0.2717948853969574
YIR014W,YOR174W,0,-1.7476721,0.2631172835826874,0.9715099930763245,0.2720797657966614
YJL106W,YNL213C,0,-1.7477548,0.26291441917419434,0.9715099930763245,0.27236467599868774
YDR532C,YDR380W,0,-1.7488174,0.26271185278892517,0.9715099930763245,0.2726495862007141
YDR046C,YAL008W,0,-1.7489529,0.26250961422920227,0.9715099930763245,0.2729344666004181
YDR242W,YOR315W,0,-1.7509818,0.26230770349502563,0.9715099930763245,0.27321937680244446
YJR029W,YAR010C,1,-1.7518631,0.2628747224807739,0.9743589758872986,0.27321937680244446
YPL017C,YNL191W,0,-1.7552401,0.2626728117465973,0.9743589758872986,0.2735042870044708
YBR105C,YBR207W,0,-1.7555329,0.2624712288379669,0.9743589758872986,0.2737891674041748
YLR304C,YNL339C,0,-1.75724,0.2622699439525604,0.9743589758872986,0.27407407760620117
YOR131C,YBL061C,0,-1.7575302,0.2620689570903778,0.9743589758872986,0.27435898780822754
YML027W,YLR427W,0,-1.7582443,0.26186829805374146,0.9743589758872986,0.2746438682079315
YMR247C,YJL102W,0,-1.7584653,0.261667937040329,0.9743589758872986,0.2749287784099579
YBL054W,YGR014W,0,-1.7597017,0.26146790385246277,0.9743589758872986,0.27521368861198425
YGR071C,YDR130C,0,-1.7611454,0.26126813888549805,0.9743589758872986,0.27549856901168823
YAL008W,YMR224C,0,-1.7614782,0.2610687017440796,0.9743589758872986,0.2757834792137146
YDR253C,YLR221C,0,-1.7627635,0.260869562625885,0.9743589758872986,0.27606838941574097
YOL105C,YOL002C,0,-1.7629267,0.2606707215309143,0.9743589758872986,0.27635326981544495
YHR089C,YNL322C,0,-1.7631724,0.26047220826148987,0.9743589758872986,0.2766381800174713
YJL033W,YJR033C,0,-1.7631737,0.2602739632129669,0.9743589758872986,0.2769230902194977
YPL195W,YDR252W,0,-1.7633858,0.26007604598999023,0.9743589758872986,0.27720797061920166
YJR075W,YGR001C,0,-1.7640984,0.2598784267902374,0.9743589758872986,0.277492880821228
YBR105C,YKL042W,0,-1.7649398,0.2596811056137085,0.9743589758872986,0.2777777910232544
YMR287C,YER174C,0,-1.7669375,0.25948405265808105,0.9743589758872986,0.2780626714229584
YBL078C,YCR037C,0,-1.7669523,0.2592873275279999,0.9743589758872986,0.27834758162498474
YDR253C,YJR135W-A,0,-1.766966,0.2590909004211426,0.9743589758872986,0.2786324918270111
YDR038C,YHR215W,0,-1.7686026,0.25889477133750916,0.9743589758872986,0.2789173722267151
YMR094W,YOR127W,0,-1.7694938,0.2586989402770996,0.9743589758872986,0.27920228242874146
YGR026W,YOL030W,0,-1.7704926,0.25850340723991394,0.9743589758872986,0.2794871926307678
YGR026W,YGR223C,0,-1.7749418,0.25830814242362976,0.9743589758872986,0.2797720730304718
YLR142W,YDR011W,0,-1.7753377,0.25811320543289185,0.9743589758872986,0.28005698323249817
YDR481C,YDR056C,0,-1.7763386,0.2579185664653778,0.9743589758872986,0.28034189343452454
YOR124C,YHR025W,0,-1.776705,0.25772419571876526,0.9743589758872986,0.2806267738342285
YDR297W,YGR218W,0,-1.7768328,0.2575301229953766,0.9743589758872986,0.2809116840362549
YGR154C,YDL180W,0,-1.7773564,0.2573363482952118,0.9743589758872986,0.28119659423828125
YCL027W,YDR044W,0,-1.7779424,0.2571428716182709,0.9743589758872986,0.28148147463798523
YML054C,YDR486C,0,-1.778079,0.25694966316223145,0.9743589758872986,0.2817663848400116
YMR289W,YDR534C,0,-1.7785718,0.2567567527294159,0.9743589758872986,0.28205129504203796
YCR072C,YIR006C,0,-1.7788092,0.2565641403198242,0.9743589758872986,0.28233617544174194
YPL159C,YGR001C,0,-1.7788347,0.2563718259334564,0.9743589758872986,0.2826210856437683
YDL141W,YLL035W,0,-1.7797194,0.2561797797679901,0.9743589758872986,0.2829059958457947
YOL067C,YDR297W,0,-1.781754,0.2559880316257477,0.9743589758872986,0.28319087624549866
YDR326C,YHR129C,0,-1.7827064,0.25579655170440674,0.9743589758872986,0.283475786447525
YBR240C,YGL206C,0,-1.7827597,0.2556053698062897,0.9743589758872986,0.2837606966495514
YOR175C,YPR192W,0,-1.783431,0.2554144859313965,0.9743589758872986,0.28404557704925537
YNR011C,YJL101C,0,-1.7841833,0.2552238702774048,0.9743589758872986,0.28433048725128174
YNR070W,YOL123W,0,-1.7846422,0.25503355264663696,0.9743589758872986,0.2846153974533081
YBR286W,YOL092W,0,-1.786201,0.25484350323677063,0.9743589758872986,0.2849002778530121
YJR143C,YBR297W,0,-1.7862437,0.2546537518501282,0.9743589758872986,0.28518518805503845
YJR160C,YER044C,0,-1.790444,0.2544642984867096,0.9743589758872986,0.2854700982570648
YCR004C,YDR523C,0,-1.79136,0.2542750835418701,0.9743589758872986,0.2857549786567688
YJR009C,YBR251W,0,-1.7926514,0.2540861666202545,0.9743589758872986,0.28603988885879517
YDR130C,YGR279C,0,-1.7944474,0.2538975477218628,0.9743589758872986,0.28632479906082153
YHL019C,YDR224C,0,-1.795124,0.25370919704437256,0.9743589758872986,0.2866096794605255
YGR154C,YKL181W,0,-1.7952965,0.2535211145877838,0.9743589758872986,0.2868945896625519
YGR029W,YDL144C,0,-1.7954383,0.25333333015441895,0.9743589758872986,0.28717949986457825
YDR388W,YGR154C,0,-1.7955794,0.25314581394195557,0.9743589758872986,0.2874643802642822
YLR427W,YPL189C-A,0,-1.7966199,0.2529585659503937,0.9743589758872986,0.2877492904663086
YER061C,YBR084W,0,-1.7973098,0.25277161598205566,0.9743589758872986,0.28803420066833496
YJL156C,YNL213C,0,-1.7999563,0.25258493423461914,0.9743589758872986,0.28831908106803894
YGL089C,YPL092W,0,-1.8007632,0.2523985207080841,0.9743589758872986,0.2886039912700653
YER044C,YGL157W,0,-1.8013196,0.25221237540245056,0.9743589758872986,0.2888889014720917
YHR076W,YJL219W,0,-1.8018236,0.2520265281200409,0.9743589758872986,0.28917378187179565
YIL155C,YGR220C,0,-1.8021922,0.2518409490585327,0.9743589758872986,0.289458692073822
YGR088W,YBL093C,0,-1.803343,0.251655638217926,0.9743589758872986,0.2897436022758484
YOR151C,YEL059C-A,0,-1.8034575,0.2514705955982208,0.9743589758872986,0.29002848267555237
YOR167C,YHR101C,0,-1.805453,0.2512858211994171,0.9743589758872986,0.29031339287757874
YML054C,YMR285C,0,-1.808772,0.2511013150215149,0.9743589758872986,0.2905983030796051
YOL092W,YGR106C,0,-1.8090236,0.25091710686683655,0.9743589758872986,0.2908831834793091
YGR234W,YGR123C,0,-1.8090727,0.2507331371307373,0.9743589758872986,0.29116809368133545
YBR009C,YNR041C,0,-1.8107991,0.25054946541786194,0.9743589758872986,0.2914530038833618
YER070W,YGR158C,0,-1.8111228,0.2503660321235657,0.9743589758872986,0.2917378842830658
YOL007C,YPL202C,0,-1.8112475,0.2501828968524933,0.9743589758872986,0.29202279448509216
YHR046C,YJL062W,0,-1.8118756,0.25,0.9743589758872986,0.29230770468711853
YPR156C,YBL061C,0,-1.812564,0.2498173862695694,0.9743589758872986,0.2925925850868225
YKL004W,YGL249W,0,-1.8128588,0.24963504076004028,0.9743589758872986,0.2928774952888489
YMR166C,YBR205W,0,-1.8135179,0.24945294857025146,0.9743589758872986,0.29316240549087524
YMR306W,YIL078W,0,-1.8140694,0.24927113950252533,0.9743589758872986,0.2934472858905792
YOR347C,YPL202C,0,-1.8145344,0.2490895837545395,0.9743589758872986,0.2937321960926056
YHR031C,YDR329C,0,-1.8157729,0.24890829622745514,0.9743589758872986,0.29401710629463196
YDR510W,YHL036W,0,-1.8163218,0.24872727692127228,0.9743589758872986,0.29430198669433594
YOL067C,YBL078C,0,-1.8170042,0.2485465109348297,0.9743589758872986,0.2945868968963623
YDR065W,YKL028W,0,-1.8170757,0.24836601316928864,0.9743589758872986,0.29487180709838867
YCR098C,YPL258C,0,-1.8185964,0.24818578362464905,0.9743589758872986,0.29515668749809265
YOL092W,YJL008C,0,-1.8200452,0.24800580739974976,0.9743589758872986,0.295441597700119
YMR088C,YML087C,0,-1.8201241,0.24782608449459076,0.9743589758872986,0.2957265079021454
YLR096W,YOR242C,0,-1.8222115,0.24764662981033325,0.9743589758872986,0.29601138830184937
YER088C,YDL030W,0,-1.8257152,0.24746744334697723,0.9743589758872986,0.29629629850387573
YBR087W,YMR221C,0,-1.825833,0.2472885102033615,0.9743589758872986,0.2965812087059021
YMR128W,YHR160C,0,-1.8265643,0.24710983037948608,0.9743589758872986,0.2968660891056061
YLR015W,YKR094C,0,-1.8283396,0.24693140387535095,0.9743589758872986,0.29715099930763245
YER111C,YDL185W,0,-1.8287444,0.2467532455921173,0.9743589758872986,0.2974359095096588
YPR108W,YOL080C,0,-1.8305509,0.24657534062862396,0.9743589758872986,0.2977207899093628
YGR159C,YDR236C,0,-1.8325651,0.2463976889848709,0.9743589758872986,0.29800570011138916
YLR126C,YMR306W,0,-1.8347538,0.24622030556201935,0.9743589758872986,0.2982906103134155
YGL205W,YJR143C,0,-1.8362213,0.2460431605577469,0.9743589758872986,0.2985754907131195
YLR418C,YHL047C,0,-1.8368311,0.24586628377437592,0.9743589758872986,0.2988604009151459
YHR153C,YGL035C,0,-1.8375368,0.24568966031074524,0.9743589758872986,0.29914531111717224
YMR166C,YMR302C,0,-1.8381459,0.24551327526569366,0.9743589758872986,0.2994301915168762
YKL218C,YHR092C,0,-1.8428934,0.24533715844154358,0.9743589758872986,0.2997151017189026
YGR088W,YGL141W,0,-1.8433994,0.2451612949371338,0.9743589758872986,0.30000001192092896
YBR036C,YOL092W,0,-1.8464363,0.2449856698513031,0.9743589758872986,0.30028489232063293
YOL072W,YOR131C,0,-1.8472201,0.2448103129863739,0.9743589758872986,0.3005698025226593
YOR175C,YIL136W,0,-1.847714,0.2446351945400238,0.9743589758872986,0.30085471272468567
YGL229C,YDR362C,0,-1.8479303,0.244460329413414,0.9743589758872986,0.30113959312438965
YAR015W,YLR015W,0,-1.848467,0.2442857176065445,0.9743589758872986,0.301424503326416
YPL051W,YNL339C,0,-1.8509555,0.2441113442182541,0.9743589758872986,0.3017094135284424
YPL271W,YOL152W,0,-1.8553815,0.24393723905086517,0.9743589758872986,0.30199429392814636
YKL109W,YLR433C,0,-1.8564937,0.24376335740089417,0.9743589758872986,0.30227920413017273
YHR215W,YDR139C,0,-1.8573792,0.24358974397182465,0.9743589758872986,0.3025641143321991
YGR008C,YDR334W,0,-1.8581603,0.24341636896133423,0.9743589758872986,0.3028489947319031
YOL067C,YER048W-A,0,-1.8588667,0.2432432472705841,0.9743589758872986,0.30313390493392944
YBR296C,YNL207W,0,-1.8606794,0.24307036399841309,0.9743589758872986,0.3034188151359558
YBR159W,YMR098C,0,-1.8608401,0.24289773404598236,0.9743589758872986,0.3037036955356598
YLR201C,YML087C,0,-1.8612269,0.24272534251213074,0.9743589758872986,0.30398860573768616
YJL033W,YKL140W,0,-1.8641386,0.24255318939685822,0.9743589758872986,0.3042735159397125
YOR092W,YLR014C,0,-1.8641521,0.242381289601326,0.9743589758872986,0.3045583963394165
YPR063C,YEL021W,0,-1.8649625,0.24220962822437286,0.9743589758872986,0.30484330654144287
YML040W,YMR045C,1,-1.8651503,0.24274593591690063,0.9772079586982727,0.30484330654144287
YNR011C,YGR194C,0,-1.8678329,0.24257425963878632,0.9772079586982727,0.30512821674346924
YML043C,YDR363W-A,0,-1.8691971,0.2424028217792511,0.9772079586982727,0.3054130971431732
YML116W,YBR033W,0,-1.8692329,0.24223163723945618,0.9772079586982727,0.3056980073451996
YOR308C,YKR104W,0,-1.8735096,0.24206069111824036,0.9772079586982727,0.30598291754722595
YOR384W,YLR430W,0,-1.8738519,0.24188998341560364,0.9772079586982727,0.30626779794692993
YHL036W,YGR006W,0,-1.8762624,0.24171951413154602,0.9772079586982727,0.3065527081489563
YBL061C,YGR279C,0,-1.8764184,0.2415492981672287,0.9772079586982727,0.30683761835098267
YGL141W,YDL095W,0,-1.876919,0.24137930572032928,0.9772079586982727,0.30712249875068665
YLR283W,YBL024W,0,-1.8787961,0.24120956659317017,0.9772079586982727,0.307407408952713
YHR172W,YEL065W,0,-1.8821933,0.24104005098342896,0.9772079586982727,0.3076923191547394
YNR070W,YIL125W,0,-1.882546,0.24087078869342804,0.9772079586982727,0.30797719955444336
YBR176W,YLR441C,0,-1.8826115,0.24070174992084503,0.9772079586982727,0.3082621097564697
YDR046C,YCR010C,0,-1.8826157,0.24053296446800232,0.9772079586982727,0.3085470199584961
YDL204W,YBR035C,0,-1.8853174,0.24036440253257751,0.9772079586982727,0.3088319003582001
YOR356W,YJL125C,0,-1.8853769,0.2401960790157318,0.9772079586982727,0.30911681056022644
YGL021W,YBR231C,0,-1.886335,0.2400279939174652,0.9772079586982727,0.3094017207622528
YOL103W,YGR054W,0,-1.8898226,0.2398601472377777,0.9772079586982727,0.3096866011619568
YML124C,YDL060W,0,-1.8908348,0.23969252407550812,0.9772079586982727,0.30997151136398315
YJL125C,YKL109W,0,-1.8920579,0.23952513933181763,0.9772079586982727,0.3102564215660095
YHR153C,YNL191W,0,-1.8923695,0.23935799300670624,0.9772079586982727,0.3105413019657135
YGL021W,YIL145C,0,-1.8932536,0.23919107019901276,0.9772079586982727,0.31082621216773987
YHR092C,YHR136C,0,-1.8957398,0.23902438580989838,0.9772079586982727,0.31111112236976624
YOL018C,YNL007C,0,-1.8957891,0.2388579398393631,0.9772079586982727,0.3113960027694702
YOR332W,YLR139C,0,-1.8962965,0.23869171738624573,0.9772079586982727,0.3116809129714966
YPR073C,YKR097W,0,-1.8964214,0.23852573335170746,0.9772079586982727,0.31196582317352295
YLR286C,YMR224C,0,-1.8981551,0.2383599728345871,0.9772079586982727,0.31225070357322693
YIL111W,YHR086W,0,-1.8982401,0.23819445073604584,0.9772079586982727,0.3125356137752533
YML074C,YLR139C,0,-1.8982606,0.23802915215492249,0.9772079586982727,0.31282052397727966
YJR097W,YDR238C,0,-1.8984268,0.23786407709121704,0.9772079586982727,0.31310540437698364
YGR047C,YHR010W,0,-1.9009413,0.2376992404460907,0.9772079586982727,0.31339031457901
YJL046W,YDL115C,0,-1.9029648,0.23753462731838226,0.9772079586982727,0.3136752247810364
YDR501W,YOR043W,0,-1.9032359,0.23737023770809174,0.9772079586982727,0.31396010518074036
YOL002C,YDR507C,0,-1.9065046,0.2372060865163803,0.9772079586982727,0.3142450153827667
YDL141W,YCR047C,0,-1.9071668,0.2370421588420868,0.9772079586982727,0.3145299255847931
YDR456W,YHR140W,0,-1.9091797,0.23687845468521118,0.9772079586982727,0.31481480598449707
YPR070W,YJL190C,0,-1.912135,0.23671497404575348,0.9772079586982727,0.31509971618652344
YLR098C,YER012W,0,-1.9127634,0.23655171692371368,0.9772079586982727,0.3153846263885498
YOR143C,YPL026C,0,-1.9130464,0.236388698220253,0.9772079586982727,0.3156695067882538
YOL103W,YMR165C,0,-1.9132668,0.236225888133049,0.9772079586982727,0.31595441699028015
YHR076W,YPL121C,0,-1.9138856,0.23606331646442413,0.9772079586982727,0.3162393271923065
YOR151C,YAL008W,0,-1.916111,0.23590096831321716,0.9772079586982727,0.3165242075920105
YGR076C,YOR396W,0,-1.9161663,0.2357388287782669,0.9772079586982727,0.31680911779403687
YKR030W,YOR246C,0,-1.9164767,0.23557692766189575,0.9772079586982727,0.31709402799606323
YPL231W,YDR088C,0,-1.9168904,0.2354152351617813,0.9772079586982727,0.3173789083957672
YLR427W,YLR467W,0,-1.921024,0.23525376617908478,0.9772079586982727,0.3176638185977936
YDR447C,YGL095C,0,-1.9213634,0.23509253561496735,0.9772079586982727,0.31794872879981995
YGL137W,YNL112W,0,-1.9218175,0.23493151366710663,0.9772079586982727,0.3182336091995239
YIL101C,YDR120C,0,-1.9220338,0.23477070033550262,0.9772079586982727,0.3185185194015503
YIL093C,YLR286C,0,-1.9228325,0.23461012542247772,0.9772079586982727,0.31880342960357666
YBR267W,YER173W,0,-1.9233019,0.23444975912570953,0.9772079586982727,0.31908831000328064
YPR028W,YMR303C,0,-1.9260745,0.23428961634635925,0.9772079586982727,0.319373220205307
YDL136W,YOR092W,0,-1.9271461,0.23412969708442688,0.9772079586982727,0.3196581304073334
YFL004W,YBR033W,0,-1.9286516,0.23396998643875122,0.9772079586982727,0.31994301080703735
YBR058C-A,YGR218W,0,-1.931474,0.23381049931049347,0.9772079586982727,0.3202279210090637
YGL095C,YLL035W,0,-1.9343759,0.23365122079849243,0.9772079586982727,0.3205128312110901
YLR283W,YDR420W,0,-1.934529,0.2334921658039093,0.9772079586982727,0.32079771161079407
YDR074W,YPL271W,0,-1.9346603,0.23333333432674408,0.9772079586982727,0.32108262181282043
YBR058C-A,YDR368W,0,-1.9360015,0.23317471146583557,0.9772079586982727,0.3213675320148468
YJR009C,YGR223C,0,-1.9361086,0.23301629722118378,0.9772079586982727,0.3216524124145508
YJL033W,YMR139W,0,-1.9379598,0.2328581064939499,0.9772079586982727,0.32193732261657715
YAL020C,YDL130W,0,-1.9397767,0.2327001392841339,0.9772079586982727,0.3222222328186035
YBR241C,YDR116C,0,-1.9402577,0.23254236578941345,0.9772079586982727,0.3225071132183075
YDL065C,YOR246C,0,-1.9404721,0.2323848307132721,0.9772079586982727,0.32279202342033386
YBR237W,YDR402C,0,-1.9410435,0.23222748935222626,0.9772079586982727,0.32307693362236023
YMR307W,YDL008W,0,-1.9422054,0.23207037150859833,0.9772079586982727,0.3233618140220642
YML042W,YDR139C,0,-1.9444118,0.2319134622812271,0.9772079586982727,0.3236467242240906
YNL242W,YCL066W,0,-1.9453466,0.2317567616701126,0.9772079586982727,0.32393163442611694
YHR184W,YKL021C,0,-1.9455752,0.23160026967525482,0.9772079586982727,0.3242165148258209
YFR015C,YNL098C,0,-1.9461994,0.23144400119781494,0.9772079586982727,0.3245014250278473
YHR101C,YLR158C,0,-1.9466666,0.23128792643547058,0.9772079586982727,0.32478633522987366
YER096W,YBR297W,0,-1.9474332,0.23113207519054413,0.9772079586982727,0.32507121562957764
YKL140W,YMR017W,0,-1.9476982,0.2309764325618744,0.9772079586982727,0.325356125831604
YKL181W,YKL198C,0,-1.9486673,0.23082099854946136,0.9772079586982727,0.32564103603363037
YDL136W,YMR247C,0,-1.94911,0.23066577315330505,0.9772079586982727,0.32592591643333435
YPL172C,YDL184C,0,-1.9501595,0.23051075637340546,0.9772079586982727,0.3262108266353607
YGR058W,YGL253W,0,-1.9508402,0.23035594820976257,0.9772079586982727,0.3264957368373871
YPL060W,YER110C,0,-1.9516878,0.2302013486623764,0.9772079586982727,0.32678061723709106
YIL150C,YDR297W,0,-1.9523398,0.23004694283008575,0.9772079586982727,0.32706552743911743
YGR292W,YER089C,0,-1.952565,0.229892760515213,0.9772079586982727,0.3273504376411438
YDL130W,YHR044C,0,-1.9531076,0.22973878681659698,0.9772079586982727,0.3276353180408478
YMR166C,YBL024W,0,-1.9531164,0.22958500683307648,0.9772079586982727,0.32792022824287415
YDL130W,YPL096C-A,0,-1.9545441,0.22943143546581268,0.9772079586982727,0.3282051384449005
YBR001C,YKL218C,0,-1.9547017,0.2292780727148056,0.9772079586982727,0.3284900188446045
YCR020C,YPL204W,0,-1.9550416,0.22912491858005524,0.9772079586982727,0.32877492904663086
YJL158C,YHR070W,0,-1.9565256,0.2289719581604004,0.9772079586982727,0.3290598392486572
YMR257C,YER120W,0,-1.9585568,0.22881920635700226,0.9772079586982727,0.3293447196483612
YJL158C,YJL073W,0,-1.9587252,0.22866666316986084,0.9772079586982727,0.3296296298503876
YBL017C,YLR014C,0,-1.9587669,0.22851432859897614,0.9772079586982727,0.32991454005241394
YHL044W,YDR358W,0,-1.9602388,0.22836218774318695,0.9772079586982727,0.3301994204521179
YPL189C-A,YDR197W,0,-1.9618354,0.2282102406024933,0.9772079586982727,0.3304843306541443
YER111C,YOR044W,0,-1.9619943,0.22805851697921753,0.9772079586982727,0.33076924085617065
YPL231W,YER111C,0,-1.9631478,0.2279069721698761,0.9772079586982727,0.33105412125587463
YKR037C,YPR184W,0,-1.9647179,0.22775565087795258,0.9772079586982727,0.331339031457901
YFR003C,YDR387C,0,-1.9650534,0.22760450839996338,0.9772079586982727,0.33162394165992737
YHR143W,YGL206C,0,-1.9651012,0.2274535745382309,0.9772079586982727,0.33190882205963135
YDR436W,YBL020W,0,-1.9655175,0.22730284929275513,0.9772079586982727,0.3321937322616577
YOR179C,YIR012W,0,-1.9662977,0.22715231776237488,0.9772079586982727,0.3324786424636841
YBR299W,YJR068W,0,-1.9664097,0.22700197994709015,0.9772079586982727,0.33276352286338806
YNL162W,YNL268W,0,-1.9707427,0.22685185074806213,0.9772079586982727,0.33304843306541443
YDL080C,YDL184C,0,-1.9722186,0.22670191526412964,0.9772079586982727,0.3333333432674408
YKL088W,YDR121W,0,-1.9735011,0.22655217349529266,0.9772079586982727,0.3336182236671448
YBR160W,YJR059W,0,-1.9747281,0.2264026403427124,0.9772079586982727,0.33390313386917114
YJL198W,YBR156C,0,-1.9751263,0.22625330090522766,0.9772079586982727,0.3341880440711975
YAL021C,YCL027W,0,-1.9755831,0.22610415518283844,0.9772079586982727,0.3344729244709015
YML113W,YPR166C,0,-1.9761434,0.22595520317554474,0.9772079586982727,0.33475783467292786
YMR257C,YPR016C,0,-1.9761629,0.22580644488334656,0.9772079586982727,0.3350427448749542
YDL108W,YDR239C,0,-1.9836593,0.2256578952074051,0.9772079586982727,0.3353276252746582
YPR168W,YGR037C,0,-1.9841535,0.22550953924655914,0.9772079586982727,0.33561253547668457
YHL044W,YOR057W,0,-1.9884794,0.22536136209964752,0.9772079586982727,0.33589744567871094
YNR020C,YPR028W,0,-1.9905314,0.22521339356899261,0.9772079586982727,0.3361823260784149
YPL143W,YJR155W,0,-1.9907802,0.22506561875343323,0.9772079586982727,0.3364672362804413
YGL120C,YLR176C,0,-1.9930651,0.22491803765296936,0.9772079586982727,0.33675214648246765
YGL035C,YOL139C,0,-1.9937137,0.22477063536643982,0.9772079586982727,0.33703702688217163
YLR287C-A,YML088W,0,-1.9946411,0.224623441696167,0.9772079586982727,0.337321937084198
YBR156C,YOR386W,0,-1.9950262,0.22447644174098969,0.9772079586982727,0.33760684728622437
YGL137W,YCR047C,0,-1.9952431,0.2243296205997467,0.9772079586982727,0.33789172768592834
YGL229C,YGR241C,0,-1.9967637,0.22418300807476044,0.9772079586982727,0.3381766378879547
YHL040C,YDL200C,0,-1.9983603,0.2240365743637085,0.9772079586982727,0.3384615480899811
YGL120C,YPL085W,0,-1.999151,0.22389033436775208,0.9772079586982727,0.33874642848968506
YLR212C,YPL048W,0,-1.9992251,0.22374428808689117,0.9772079586982727,0.3390313386917114
YDR121W,YAL008W,0,-1.9994454,0.2235984355211258,0.9772079586982727,0.3393162488937378
YDR050C,YML060W,0,-2.0005379,0.22345276176929474,0.9772079586982727,0.3396011292934418
YLL013C,YBR156C,0,-2.0020123,0.2233072966337204,0.9772079586982727,0.33988603949546814
YJL143W,YCL069W,0,-2.0021234,0.22316201031208038,0.9772079586982727,0.3401709496974945
YLR109W,YHR129C,0,-2.0026834,0.2230169028043747,0.9772079586982727,0.3404558300971985
YMR006C,YBR213W,0,-2.0029893,0.22287198901176453,0.9772079586982727,0.34074074029922485
YHL032C,YBR040W,0,-2.0031796,0.22272726893424988,0.9772079586982727,0.3410256505012512
YOR046C,YCL066W,0,-2.005692,0.22258274257183075,0.9772079586982727,0.3413105309009552
YBR033W,YNR016C,0,-2.0076046,0.22243839502334595,0.9772079586982727,0.34159544110298157
YPR005C,YJL121C,0,-2.0090306,0.22229422628879547,0.9772079586982727,0.34188035130500793
YMR281W,YGR162W,0,-2.0092585,0.2221502661705017,0.9772079586982727,0.3421652317047119
YOL092W,YIL126W,0,-2.009299,0.22200646996498108,0.9772079586982727,0.3424501419067383
YNR008W,YPL220W,0,-2.0101438,0.22186286747455597,0.9772079586982727,0.34273505210876465
YGL205W,YOR244W,0,-2.0111911,0.22171945869922638,0.9772079586982727,0.34301993250846863
YEL061C,YIL155C,0,-2.0112805,0.22157622873783112,0.9772079586982727,0.343304842710495
YFR032C-A,YJR022W,0,-2.0121918,0.22143317759037018,0.9772079586982727,0.34358975291252136
YBR156C,YHR147C,0,-2.012658,0.22129032015800476,0.9772079586982727,0.34387463331222534
YMR264W,YOL080C,0,-2.0136783,0.22114764153957367,0.9772079586982727,0.3441595435142517
YGR063C,YOR306C,0,-2.0178988,0.2210051566362381,0.9772079586982727,0.3444444537162781
YPR019W,YER106W,0,-2.0179648,0.22086285054683685,0.9772079586982727,0.34472933411598206
YDL146W,YOL109W,0,-2.018001,0.22072072327136993,0.9772079586982727,0.3450142443180084
YDR465C,YKR059W,0,-2.0197005,0.22057877480983734,0.9772079586982727,0.3452991545200348
YOR347C,YJL158C,0,-2.0198865,0.22043702006340027,0.9772079586982727,0.34558403491973877
YGR234W,YER173W,0,-2.0213308,0.22029544413089752,0.9772079586982727,0.34586894512176514
YNL207W,YGR295C,0,-2.0221531,0.2201540470123291,0.9772079586982727,0.3461538553237915
YPL074W,YDR447C,0,-2.0234306,0.220012828707695,0.9772079586982727,0.3464387357234955
YGR154C,YML048W,0,-2.023835,0.21987178921699524,0.9772079586982727,0.34672364592552185
YNL248C,YGR189C,0,-2.0239248,0.219730943441391,0.9772079586982727,0.3470085561275482
YDL192W,YPL022W,0,-2.0250583,0.21959026157855988,0.9772079586982727,0.3472934365272522
YJL048C,YJR134C,0,-2.0260513,0.21944977343082428,0.9772079586982727,0.34757834672927856
YML124C,YBL074C,0,-2.0277505,0.219309464097023,0.9772079586982727,0.34786325693130493
YGR123C,YNL289W,0,-2.0285103,0.21916933357715607,0.9772079586982727,0.3481481373310089
YOR396W,YBR142W,0,-2.0311656,0.21902936697006226,0.9772079586982727,0.3484330475330353
YER133W,YPL281C,0,-2.0365243,0.21888959407806396,0.9772079586982727,0.34871795773506165
YIL101C,YKL042W,0,-2.036712,0.21875,0.9772079586982727,0.3490028381347656
YDR283C,YJL065C,0,-2.0368152,0.21861058473587036,0.9772079586982727,0.349287748336792
YBR240C,YOL138C,0,-2.0376556,0.21847133338451385,0.9772079586982727,0.34957265853881836
YPL148C,YKL218C,0,-2.0380223,0.21833227574825287,0.9772079586982727,0.34985753893852234
YKR061W,YPL033C,0,-2.0383506,0.21819338202476501,0.9772079586982727,0.3501424491405487
YBL106C,YIL039W,0,-2.0411556,0.2180546671152115,0.9772079586982727,0.3504273593425751
YGL211W,YNL242W,0,-2.041557,0.21791613101959229,0.9772079586982727,0.35071223974227905
YGR088W,YPL089C,0,-2.0419147,0.2177777737379074,0.9772079586982727,0.3509971499443054
YNR070W,YDR313C,0,-2.0422826,0.21763959527015686,0.9772079586982727,0.3512820601463318
YGL161C,YLR126C,0,-2.0429518,0.21750158071517944,0.9772079586982727,0.35156694054603577
YML040W,YJR029W,1,-2.0442686,0.2179974615573883,0.9800570011138916,0.35156694054603577
YBR213W,YML070W,0,-2.0444708,0.2178594022989273,0.9800570011138916,0.35185185074806213
YLR237W,YOL149W,0,-2.0445154,0.21772152185440063,0.9800570011138916,0.3521367609500885
YDR056C,YJL062W,0,-2.046199,0.2175838053226471,0.9800570011138916,0.3524216413497925
YNL331C,YIR009W,0,-2.0471013,0.21744626760482788,0.9800570011138916,0.35270655155181885
YKR094C,YDR096W,0,-2.0475185,0.217308908700943,0.9800570011138916,0.3529914617538452
YLR090W,YOR096W,0,-2.0489466,0.21717171370983124,0.9800570011138916,0.3532763421535492
YEL059C-A,YLR186W,0,-2.049322,0.2170346975326538,0.9800570011138916,0.35356125235557556
YMR016C,YKR009C,0,-2.0500557,0.2168978601694107,0.9800570011138916,0.35384616255760193
YJR066W,YBR297W,0,-2.0503273,0.21676118671894073,0.9800570011138916,0.3541310429573059
YPR192W,YHR044C,0,-2.0510302,0.2166246920824051,0.9800570011138916,0.3544159531593323
YJL101C,YLL022C,0,-2.0521243,0.21648836135864258,0.9800570011138916,0.35470086336135864
YDL030W,YGR135W,0,-2.0525348,0.2163521945476532,0.9800570011138916,0.3549857437610626
YAR010C,YMR051C,1,-2.0566123,0.21684475243091583,0.9829059839248657,0.3549857437610626
YDR107C,YOL109W,0,-2.057027,0.21670854091644287,0.9829059839248657,0.355270653963089
YER096W,YLR221C,0,-2.0587306,0.21657250821590424,0.9829059839248657,0.35555556416511536
YDR011W,YNL188W,0,-2.061318,0.21643663942813873,0.9829059839248657,0.35584044456481934
YLR158C,YBL037W,0,-2.0623238,0.21630093455314636,0.9829059839248657,0.3561253547668457
YDR231C,YHL016C,0,-2.0637329,0.21616540849208832,0.9829059839248657,0.35641026496887207
YGR292W,YMR281W,0,-2.0640204,0.2160300612449646,0.9829059839248657,0.35669514536857605
YKL011C,YDR239C,0,-2.0649068,0.21589486300945282,0.9829059839248657,0.3569800555706024
YBL054W,YOR322C,0,-2.065786,0.21575984358787537,0.9829059839248657,0.3572649657726288
YNR070W,YBR035C,0,-2.067,0.21562500298023224,0.9829059839248657,0.35754984617233276
YNL291C,YOL077C,0,-2.0687976,0.21549031138420105,0.9829059839248657,0.35783475637435913
YNL061W,YML091C,0,-2.072043,0.2153557986021042,0.9829059839248657,0.3581196665763855
YFL037W,YJR089W,0,-2.0748074,0.21522146463394165,0.9829059839248657,0.3584045469760895
YOL005C,YGR014W,0,-2.0748458,0.21508727967739105,0.9829059839248657,0.35868945717811584
YHR143W,YJR135C,0,-2.076274,0.21495327353477478,0.9829059839248657,0.3589743673801422
YAR007C,YGR014W,0,-2.0766003,0.21481943130493164,0.9829059839248657,0.3592592477798462
YDR523C,YGR076C,0,-2.077802,0.21468575298786163,0.9829059839248657,0.35954415798187256
YDR115W,YER164W,0,-2.0798547,0.21455223858356476,0.9829059839248657,0.3598290681838989
YDR312W,YLR188W,0,-2.079895,0.21441888809204102,0.9829059839248657,0.3601139485836029
YBR207W,YJL190C,0,-2.0819516,0.2142857164144516,0.9829059839248657,0.3603988587856293
YOL127W,YBR175W,0,-2.0822988,0.21415269374847412,0.9829059839248657,0.36068376898765564
YBR267W,YDR032C,0,-2.0823584,0.21401984989643097,0.9829059839248657,0.3609686493873596
YGL135W,YDR326C,0,-2.0847273,0.21388716995716095,0.9829059839248657,0.361253559589386
YKL011C,YPL204W,0,-2.0859041,0.21375465393066406,0.9829059839248657,0.36153846979141235
YDL101C,YLR158C,0,-2.0869246,0.2136222869157791,0.9829059839248657,0.36182335019111633
YMR290C,YOR143C,0,-2.0869756,0.2134900987148285,0.9829059839248657,0.3621082603931427
YOL019W,YBR009C,0,-2.088808,0.213358074426651,0.9829059839248657,0.36239317059516907
YPR041W,YER020W,0,-2.0888557,0.21322619915008545,0.9829059839248657,0.36267805099487305
YMR287C,YPL026C,0,-2.0895388,0.21309450268745422,0.9829059839248657,0.3629629611968994
YCR047C,YOL149W,0,-2.0927715,0.21296297013759613,0.9829059839248657,0.3632478713989258
YNL210W,YBR299W,0,-2.0929785,0.21283158659934998,0.9829059839248657,0.36353275179862976
YAL021C,YNL151C,0,-2.0936654,0.21270036697387695,0.9829059839248657,0.36381766200065613
YJR025C,YPL159C,0,-2.0937529,0.21256931126117706,0.9829059839248657,0.3641025722026825
YDR495C,YOR346W,0,-2.0976834,0.2124384194612503,0.9829059839248657,0.3643874526023865
YOR288C,YBR092C,0,-2.098929,0.21230769157409668,0.9829059839248657,0.36467236280441284
YJR155W,YLR014C,0,-2.1008656,0.2121771275997162,0.9829059839248657,0.3649572730064392
YGR274C,YER020W,0,-2.101055,0.21204671263694763,0.9829059839248657,0.3652421534061432
YKL173W,YHL024W,0,-2.1011324,0.2119164615869522,0.9829059839248657,0.36552706360816956
YMR043W,YPL090C,0,-2.1013193,0.21178637444972992,0.9829059839248657,0.3658119738101959
YOR308C,YDR011W,0,-2.1048381,0.21165643632411957,0.9829059839248657,0.3660968542098999
YPL121C,YGR063C,0,-2.104851,0.21152667701244354,0.9829059839248657,0.36638176441192627
YPL106C,YHR172W,0,-2.1049945,0.21139705181121826,0.9829059839248657,0.36666667461395264
YOR036W,YGR014W,0,-2.1050813,0.2112676054239273,0.9829059839248657,0.3669515550136566
YIR006C,YHR184W,0,-2.1056945,0.2111383080482483,0.9829059839248657,0.367236465215683
YPL174C,YDR443C,0,-2.1076496,0.2110091745853424,0.9829059839248657,0.36752137541770935
YJR016C,YGR218W,0,-2.1082113,0.21088019013404846,0.9829059839248657,0.36780625581741333
YFR037C,YPL090C,0,-2.1089103,0.21075136959552765,0.9829059839248657,0.3680911660194397
YAL023C,YLR158C,0,-2.1118457,0.21062271296977997,0.9829059839248657,0.36837607622146606
YER126C,YGR189C,0,-2.1126864,0.21049420535564423,0.9829059839248657,0.36866095662117004
YDR329C,YBR164C,0,-2.1172783,0.21036584675312042,0.9829059839248657,0.3689458668231964
YPL089C,YER147C,0,-2.1186783,0.21023766696453094,0.9829059839248657,0.3692307770252228
YDR425W,YML116W,0,-2.1189837,0.2101096212863922,0.9829059839248657,0.36951565742492676
YDL166C,YAL012W,0,-2.1191027,0.2099817395210266,0.9829059839248657,0.3698005676269531
YAL023C,YDR363W-A,0,-2.1192412,0.20985402166843414,0.9829059839248657,0.3700854778289795
YJL090C,YBL039C,0,-2.119421,0.20972643792629242,0.9829059839248657,0.37037035822868347
YIR002C,YLR327C,0,-2.1201608,0.20959903299808502,0.9829059839248657,0.37065526843070984
YDL138W,YBL064C,0,-2.1201935,0.20947176218032837,0.9829059839248657,0.3709401786327362
YIR036C,YMR285C,0,-2.1212685,0.20934465527534485,0.9829059839248657,0.3712250590324402
YMR224C,YPL092W,0,-2.1215591,0.20921771228313446,0.9829059839248657,0.37150996923446655
YKL178C,YOL100W,0,-2.1220882,0.20909090340137482,0.9829059839248657,0.3717948794364929
YOR326W,YOL007C,0,-2.123737,0.2089642584323883,0.9829059839248657,0.3720797598361969
YFL041W,YKL143W,0,-2.1243649,0.20883777737617493,0.9829059839248657,0.37236467003822327
YOL065C,YBR267W,0,-2.1246212,0.2087114304304123,0.9829059839248657,0.37264958024024963
YDR479C,YCL050C,0,-2.1251152,0.2085852473974228,0.9829059839248657,0.3729344606399536
YBR296C,YHR129C,0,-2.12594,0.20845921337604523,0.9829059839248657,0.37321937084198
YDL051W,YDR065W,0,-2.1301715,0.2083333283662796,0.9829059839248657,0.37350428104400635
YOR348C,YOR269W,0,-2.1301727,0.2082076072692871,0.9829059839248657,0.3737891614437103
YER044C,YPL111W,0,-2.131953,0.20808202028274536,0.9829059839248657,0.3740740716457367
YKL143W,YOR221C,0,-2.1326082,0.20795659720897675,0.9829059839248657,0.37435898184776306
YKR061W,YEL015W,0,-2.1332202,0.20783132314682007,0.9829059839248657,0.37464386224746704
YJL033W,YGL206C,0,-2.1335924,0.20770619809627533,0.9829059839248657,0.3749287724494934
YFL004W,YKR105C,0,-2.1336439,0.20758122205734253,0.9829059839248657,0.3752136826515198
YLR154C,YDR342C,0,-2.13391,0.20745640993118286,0.9829059839248657,0.37549856305122375
YMR290C,YKL179C,0,-2.1342082,0.20733173191547394,0.9829059839248657,0.3757834732532501
YBR041W,YKR097W,0,-2.1342952,0.20720720291137695,0.9829059839248657,0.3760683834552765
YDR224C,YMR109W,0,-2.1347835,0.2070828378200531,0.9829059839248657,0.37635326385498047
YBR158W,YOR014W,0,-2.1358256,0.20695860683918,0.9829059839248657,0.37663817405700684
YFL044C,YDR047W,0,-2.1366153,0.20683453977108002,0.9829059839248657,0.3769230842590332
YHR021C,YPR042C,0,-2.1388376,0.2067106068134308,0.9829059839248657,0.3772079646587372
YMR139W,YFL039C,0,-2.140991,0.2065868228673935,0.9829059839248657,0.37749287486076355
YDL204W,YJR033C,0,-2.1452768,0.20646320283412933,0.9829059839248657,0.3777777850627899
YGL021W,YGR135W,0,-2.1470387,0.20633971691131592,0.9829059839248657,0.3780626654624939
YOL120C,YAL025C,0,-2.1491895,0.20621638000011444,0.9829059839248657,0.37834757566452026
YPL194W,YHR161C,0,-2.1521761,0.2060931921005249,0.9829059839248657,0.37863248586654663
YMR088C,YOR246C,0,-2.1525977,0.2059701532125473,0.9829059839248657,0.3789173662662506
YJR104C,YLR158C,0,-2.1530135,0.20584724843502045,0.9829059839248657,0.379202276468277
YML060W,YBR084W,0,-2.156246,0.20572450757026672,0.9829059839248657,0.37948718667030334
YDR107C,YOR246C,0,-2.1580803,0.20560190081596375,0.9829059839248657,0.3797720670700073
YBR289W,YAL003W,0,-2.1584966,0.2054794579744339,0.9829059839248657,0.3800569772720337
YMR139W,YOR116C,0,-2.1601017,0.2053571492433548,0.9829059839248657,0.38034188747406006
YBL024W,YHR167W,0,-2.1637619,0.20523497462272644,0.9829059839248657,0.38062676787376404
YDR038C,YOR396W,0,-2.1653655,0.20511296391487122,0.9829059839248657,0.3809116780757904
YOL105C,YOL139C,0,-2.1680362,0.20499108731746674,0.9829059839248657,0.3811965882778168
YLR096W,YPR192W,0,-2.168629,0.2048693597316742,0.9829059839248657,0.38148146867752075
YDR236C,YOR374W,0,-2.1686957,0.2047477811574936,0.9829059839248657,0.3817663788795471
YMR088C,YOR096W,0,-2.169366,0.20462633669376373,0.9829059839248657,0.3820512890815735
YMR217W,YOR075W,0,-2.1758268,0.2045050412416458,0.9829059839248657,0.38233616948127747
YDR424C,YNL191W,0,-2.177942,0.20438387989997864,0.9829059839248657,0.38262107968330383
YFR041C,YBR299W,0,-2.177946,0.2042628824710846,0.9829059839248657,0.3829059898853302
YBL064C,YEL015W,0,-2.1792378,0.2041420191526413,0.9829059839248657,0.3831908702850342
YJL221C,YPR031W,0,-2.1794565,0.20402128994464874,0.9829059839248657,0.38347578048706055
YLR237W,YAL008W,0,-2.1834948,0.20390070974826813,0.9829059839248657,0.3837606906890869
YGL040C,YKR050W,0,-2.1841917,0.20378027856349945,0.9829059839248657,0.3840455710887909
YNL001W,YOR306C,0,-2.1845534,0.20365998148918152,0.9829059839248657,0.38433048129081726
YLR015W,YDR479C,0,-2.1851494,0.20353981852531433,0.9829059839248657,0.38461539149284363
YGL229C,YDL200C,0,-2.1887648,0.20341980457305908,0.9829059839248657,0.3849002718925476
YGL009C,YAL012W,0,-2.1909554,0.20329993963241577,0.9829059839248657,0.385185182094574
YPR192W,YBL090W,0,-2.191325,0.2031802088022232,0.9829059839248657,0.38547009229660034
YKR105C,YMR204C,0,-2.192424,0.20306062698364258,0.9829059839248657,0.3857549726963043
YFR037C,YML091C,0,-2.1940114,0.2029411792755127,0.9829059839248657,0.3860398828983307
YLR286C,YPR019W,0,-2.197066,0.20282186567783356,0.9829059839248657,0.38632479310035706
YNL242W,YML060W,0,-2.198014,0.20270270109176636,0.9829059839248657,0.38660967350006104
YJL048C,YDR197W,0,-2.1984942,0.2025836706161499,0.9829059839248657,0.3868945837020874
YGL089C,YDL080C,0,-2.1985068,0.20246478915214539,0.9829059839248657,0.38717949390411377
YLR098C,YGR063C,0,-2.1991975,0.2023460417985916,0.9829059839248657,0.38746437430381775
YDR107C,YNR007C,0,-2.1994839,0.2022274285554886,0.9829059839248657,0.3877492845058441
YKL178C,YHR160C,0,-2.2023284,0.2021089643239975,0.9829059839248657,0.3880341947078705
YGR058W,YCL066W,0,-2.2045906,0.20199063420295715,0.9829059839248657,0.38831907510757446
YMR223W,YIL171W,0,-2.205401,0.20187243819236755,0.9829059839248657,0.38860398530960083
YER126C,YPL159C,0,-2.2055895,0.2017543911933899,0.9829059839248657,0.3888888955116272
YLR373C,YLR121C,0,-2.2058904,0.20163646340370178,0.9829059839248657,0.3891737759113312
YDL007W,YPL017C,0,-2.2110634,0.2015186846256256,0.9829059839248657,0.38945868611335754
YER086W,YGR194C,0,-2.211457,0.20140105485916138,0.9829059839248657,0.3897435963153839
YKL218C,YPL143W,0,-2.2115614,0.2012835443019867,0.9829059839248657,0.3900284767150879
YDL137W,YLR106C,0,-2.2121446,0.20116618275642395,0.9829059839248657,0.39031338691711426
YOR181W,YDL075W,0,-2.2122238,0.20104895532131195,0.9829059839248657,0.3905982971191406
YOR332W,YOR396W,0,-2.2124376,0.2009318619966507,0.9829059839248657,0.3908831775188446
YBR158W,YGL031C,0,-2.21499,0.20081490278244019,0.9829059839248657,0.39116808772087097
YBR084W,YER089C,0,-2.2177417,0.20069807767868042,0.9829059839248657,0.39145299792289734
YHL047C,YGR194C,0,-2.2181447,0.2005814015865326,0.9829059839248657,0.3917378783226013
YOR047C,YLL009C,0,-2.2184532,0.20046484470367432,0.9829059839248657,0.3920227885246277
YGL205W,YOL103W,0,-2.2194102,0.20034843683242798,0.9829059839248657,0.39230769872665405
YGR274C,YER110C,0,-2.219815,0.2002321481704712,0.9829059839248657,0.39259257912635803
YJR029W,YMR051C,1,-2.2200983,0.20069605112075806,0.9857549667358398,0.39259257912635803
YBL024W,YKR037C,0,-2.220198,0.2005797028541565,0.9857549667358398,0.3928774893283844
YML040W,YAR010C,1,-2.2202132,0.20104287564754486,0.9886040091514587,0.3928774893283844
YHR160C,YCR053W,0,-2.221021,0.20092646777629852,0.9886040091514587,0.39316239953041077
YCL061C,YKL181W,0,-2.221174,0.20081017911434174,0.9886040091514587,0.39344727993011475
YDR390C,YMR017W,0,-2.2212198,0.2006940394639969,0.9886040091514587,0.3937321901321411
YDR322W,YOR374W,0,-2.2219222,0.20057803392410278,0.9886040091514587,0.3940171003341675
YMR307W,YMR292W,0,-2.2237744,0.20046216249465942,0.9886040091514587,0.39430198073387146
YJL129C,YJR135W-A,0,-2.2238812,0.2003464251756668,0.9886040091514587,0.3945868909358978
YIL111W,YJR076C,0,-2.2244842,0.20023080706596375,0.9886040091514587,0.3948718011379242
YCR039C,YER147C,0,-2.2246847,0.20011533796787262,0.9886040091514587,0.3951566815376282
YCR098C,YDR298C,0,-2.2250488,0.20000000298023224,0.9886040091514587,0.39544159173965454
YKL164C,YHR099W,0,-2.2250988,0.1998847872018814,0.9886040091514587,0.3957265019416809
YER096W,YIL026C,0,-2.226177,0.19976972043514252,0.9886040091514587,0.3960113823413849
YJL157C,YGL206C,0,-2.229079,0.19965477287769318,0.9886040091514587,0.39629629254341125
YDR197W,YBR297W,0,-2.2290998,0.19953995943069458,0.9886040091514587,0.3965812027454376
YLR214W,YDL095W,0,-2.2303174,0.19942528009414673,0.9886040091514587,0.3968660831451416
YHR215W,YNL091W,0,-2.2308223,0.19931073486804962,0.9886040091514587,0.39715099334716797
YOR278W,YER070W,0,-2.2319167,0.19919632375240326,0.9886040091514587,0.39743590354919434
YLL009C,YAR019C,0,-2.232082,0.19908204674720764,0.9886040091514587,0.3977207839488983
YDR270W,YNL012W,0,-2.2326548,0.19896788895130157,0.9886040091514587,0.3980056941509247
YJR010C-A,YNL301C,0,-2.2356575,0.19885386526584625,0.9886040091514587,0.39829060435295105
YBR012W-A,YMR051C,1,-2.2365694,0.1993127167224884,0.9914529919624329,0.39829060435295105
YCL069W,YKL010C,0,-2.23794,0.1991986334323883,0.9914529919624329,0.39857548475265503
YMR127C,YDL095W,0,-2.239193,0.19908466935157776,0.9914529919624329,0.3988603949546814
YDR495C,YDL051W,0,-2.2413423,0.19897083938121796,0.9914529919624329,0.39914530515670776
YDR402C,YLR246W,0,-2.24631,0.1988571435213089,0.9914529919624329,0.39943018555641174
YHR023W,YLL038C,0,-2.2473428,0.19874358177185059,0.9914529919624329,0.3997150957584381
YOL117W,YOR120W,0,-2.247432,0.19863013923168182,0.9914529919624329,0.4000000059604645
YBR012W-A,YAR010C,1,-2.2498188,0.19908727705478668,0.994301974773407,0.4000000059604645
YMR290C,YHR147C,0,-2.2504158,0.19897377490997314,0.994301974773407,0.40028488636016846
YDR279W,YGR234W,0,-2.251456,0.19886039197444916,0.994301974773407,0.4005697965621948
YDR022C,YGR123C,0,-2.25212,0.1987471580505371,0.994301974773407,0.4008547067642212
YDR503C,YBR030W,0,-2.2525868,0.19863402843475342,0.994301974773407,0.40113958716392517
YOR066W,YHR011W,0,-2.2527473,0.19852104783058167,0.994301974773407,0.40142449736595154
YHR153C,YNL244C,0,-2.2529805,0.19840818643569946,0.994301974773407,0.4017094075679779
YLR364W,YPR031W,0,-2.2532914,0.198295459151268,0.994301974773407,0.4019942879676819
YLR287C-A,YMR109W,0,-2.2542527,0.1981828510761261,0.994301974773407,0.40227919816970825
YML106W,YFL041W,0,-2.2555103,0.19807037711143494,0.994301974773407,0.4025641083717346
YOL067C,YPL026C,0,-2.2570546,0.19795802235603333,0.994301974773407,0.4028489887714386
YOR076C,YLR109W,0,-2.2579534,0.19784580171108246,0.994301974773407,0.40313389897346497
YMR303C,YML063W,0,-2.2586653,0.19773371517658234,0.994301974773407,0.40341880917549133
YOR346W,YNL151C,0,-2.2594287,0.19762174785137177,0.994301974773407,0.4037036895751953
YLR106C,YNL119W,0,-2.2610276,0.19750989973545074,0.994301974773407,0.4039885997772217
YAL003W,YOR221C,0,-2.2614186,0.19739818572998047,0.994301974773407,0.40427350997924805
YKL011C,YCR037C,0,-2.2636015,0.19728660583496094,0.994301974773407,0.404558390378952
YGL168W,YAL008W,0,-2.2639368,0.19717514514923096,0.994301974773407,0.4048433005809784
YBR213W,YGR061C,0,-2.2659526,0.19706380367279053,0.994301974773407,0.40512821078300476
YDR074W,YPL101W,0,-2.2664852,0.19695259630680084,0.994301974773407,0.40541309118270874
YIL004C,YKR059W,0,-2.2669666,0.1968415081501007,0.994301974773407,0.4056980013847351
YAL020C,YEL065W,0,-2.2678049,0.19673055410385132,0.994301974773407,0.4059829115867615
YHR031C,YIL125W,0,-2.2681067,0.19661971926689148,0.994301974773407,0.40626779198646545
YKL143W,YNL310C,0,-2.268259,0.1965090036392212,0.994301974773407,0.4065527021884918
YDR320C-A,YPR186C,0,-2.2687237,0.19639842212200165,0.994301974773407,0.4068376123905182
YML104C,YER161C,0,-2.271486,0.19628795981407166,0.994301974773407,0.40712249279022217
YDL043C,YKR009C,0,-2.2721252,0.1961776316165924,0.994301974773407,0.40740740299224854
YHR184W,YDR298C,0,-2.2723653,0.1960674226284027,0.994301974773407,0.4076923131942749
YBR009C,YDR362C,0,-2.272837,0.19595733284950256,0.994301974773407,0.4079771935939789
YLR238W,YGR188C,0,-2.275164,0.19584736227989197,0.994301974773407,0.40826210379600525
YDR402C,YGR075C,0,-2.2772152,0.19573752582073212,0.994301974773407,0.4085470139980316
YGL227W,YDR120C,0,-2.278962,0.19562780857086182,0.994301974773407,0.4088318943977356
YNL039W,YBR058C-A,0,-2.2824342,0.19551821053028107,0.994301974773407,0.40911680459976196
YAL041W,YIL113W,0,-2.2828743,0.19540873169898987,0.994301974773407,0.40940171480178833
YOR288C,YDR096W,0,-2.283748,0.19529938697814941,0.994301974773407,0.4096865952014923
YOR063W,YJL133W,0,-2.2842224,0.1951901614665985,0.994301974773407,0.4099715054035187
YOL152W,YJL101C,0,-2.2862422,0.19508105516433716,0.994301974773407,0.41025641560554504
YCL069W,YOR290C,0,-2.2867825,0.19497206807136536,0.994301974773407,0.410541296005249
YER051W,YPL123C,0,-2.2872207,0.1948632001876831,0.994301974773407,0.4108262062072754
YJR134C,YCR054C,0,-2.2872982,0.1947544664144516,0.994301974773407,0.41111111640930176
YOL103W,YHR052W,0,-2.2873628,0.19464585185050964,0.994301974773407,0.41139599680900574
YBR033W,YDR523C,0,-2.28842,0.19453734159469604,0.994301974773407,0.4116809070110321
YMR307W,YIL027C,0,-2.2886605,0.1944289654493332,0.994301974773407,0.41196581721305847
YJL072C,YGR295C,0,-2.2888124,0.1943207085132599,0.994301974773407,0.41225069761276245
YBR198C,YKR050W,0,-2.289005,0.19421257078647614,0.994301974773407,0.4125356078147888
YHR167W,YJL121C,0,-2.2892926,0.19410456717014313,0.994301974773407,0.4128205180168152
YNL292W,YMR109W,0,-2.290106,0.19399666786193848,0.994301974773407,0.41310539841651917
YER029C,YHR021C,0,-2.290534,0.19388888776302338,0.994301974773407,0.41339030861854553
YOL105C,YHR044C,0,-2.291933,0.19378122687339783,0.994301974773407,0.4136752188205719
YER174C,YPL092W,0,-2.293481,0.19367370009422302,0.994301974773407,0.4139600992202759
YBR251W,YCR010C,0,-2.2961326,0.19356627762317657,0.994301974773407,0.41424500942230225
YMR080C,YGL009C,0,-2.2967298,0.19345897436141968,0.994301974773407,0.4145299196243286
YPR192W,YML095C,0,-2.296736,0.19335180521011353,0.994301974773407,0.4148148000240326
YHR046C,YDL185W,0,-2.2989063,0.19324474036693573,0.994301974773407,0.41509971022605896
YIL155C,YER020W,0,-2.2991667,0.19313779473304749,0.994301974773407,0.4153846204280853
YBR273C,YDL112W,0,-2.299692,0.1930309683084488,0.994301974773407,0.4156695008277893
YML040W,YBR012W-A,1,-2.3010676,0.193477064371109,0.9971510171890259,0.4156695008277893
YDR270W,YDR326C,0,-2.3029313,0.19337016344070435,0.9971510171890259,0.4159544110298157
YNL293W,YPL121C,0,-2.303467,0.19326339662075043,0.9971510171890259,0.41623932123184204
YPL143W,YLR079W,0,-2.3035514,0.19315673410892487,0.9971510171890259,0.416524201631546
YAL034W-A,YMR302C,0,-2.3041296,0.19305019080638885,0.9971510171890259,0.4168091118335724
YML034W,YML113W,0,-2.3045347,0.1929437667131424,0.9971510171890259,0.41709402203559875
YDR533C,YFL036W,0,-2.3047452,0.19283746182918549,0.9971510171890259,0.4173789322376251
YLR134W,YPL206C,0,-2.3137496,0.19273127615451813,0.9971510171890259,0.4176638126373291
YKR037C,YJL080C,0,-2.3143976,0.19262520968914032,0.9971510171890259,0.41794872283935547
YOR290C,YDR101C,0,-2.31552,0.19251924753189087,0.9971510171890259,0.41823363304138184
YDL192W,YGR006W,0,-2.3161232,0.19241341948509216,0.9971510171890259,0.4185185134410858
YMR006C,YOL080C,0,-2.3176413,0.19230769574642181,0.9971510171890259,0.4188034236431122
YGL229C,YGR262C,0,-2.3178165,0.19220209121704102,0.9971510171890259,0.41908833384513855
YPR005C,YBR289W,0,-2.320402,0.19209659099578857,0.9971510171890259,0.41937321424484253
YDR052C,YGL205W,0,-2.3207202,0.19199122488498688,0.9971510171890259,0.4196581244468689
YDL108W,YIL160C,0,-2.321255,0.19188596308231354,0.9971510171890259,0.41994303464889526
YMR302C,YPL123C,0,-2.3215926,0.19178082048892975,0.9971510171890259,0.42022791504859924
YOL031C,YPL202C,0,-2.321771,0.1916757971048355,0.9971510171890259,0.4205128252506256
YDR341C,YDR536W,0,-2.323095,0.19157087802886963,0.9971510171890259,0.420797735452652
YPR192W,YOR069W,0,-2.3239462,0.1914660781621933,0.9971510171890259,0.42108261585235596
YGL232W,YBR297W,0,-2.3266754,0.19136139750480652,0.9971510171890259,0.4213675260543823
YMR142C,YOL080C,0,-2.326867,0.1912568360567093,0.9971510171890259,0.4216524362564087
YBR286W,YMR290C,0,-2.3279417,0.19115237891674042,0.9971510171890259,0.42193731665611267
YPL148C,YLR121C,0,-2.3302429,0.1910480409860611,0.9971510171890259,0.42222222685813904
YKR059W,YJR135W-A,0,-2.3303149,0.19094380736351013,0.9971510171890259,0.4225071370601654
YER051W,YOR374W,0,-2.3318837,0.19083969295024872,0.9971510171890259,0.4227920174598694
YBR142W,YGR135W,0,-2.3323836,0.19073569774627686,0.9971510171890259,0.42307692766189575
YPL148C,YHR129C,0,-2.3343894,0.19063180685043335,0.9971510171890259,0.4233618378639221
YLR370C,YDR534C,0,-2.3350222,0.1905280351638794,0.9971510171890259,0.4236467182636261
YJL164C,YPL155C,0,-2.3352993,0.1904243677854538,0.9971510171890259,0.42393162846565247
YDL229W,YIL090W,0,-2.3364031,0.19032081961631775,0.9971510171890259,0.42421653866767883
YKR061W,YJR158W,0,-2.3369985,0.19021739065647125,0.9971510171890259,0.4245014190673828
YER153C,YER030W,0,-2.3384178,0.1901140660047531,0.9971510171890259,0.4247863292694092
YHR143W,YKL135C,0,-2.3405652,0.19001086056232452,0.9971510171890259,0.42507123947143555
YNL007C,YDR420W,0,-2.340572,0.1899077594280243,0.9971510171890259,0.4253561198711395
YDL006W,YPL111W,0,-2.3406851,0.1898047775030136,0.9971510171890259,0.4256410300731659
YKR009C,YKL042W,0,-2.340775,0.1897018998861313,0.9971510171890259,0.42592594027519226
YAL053W,YBR158W,0,-2.3421712,0.18959912657737732,0.9971510171890259,0.42621082067489624
YNL308C,YMR150C,0,-2.3434856,0.1894964873790741,0.9971510171890259,0.4264957308769226
YDR420W,YGL031C,0,-2.343745,0.18939393758773804,0.9971510171890259,0.426780641078949
YIL034C,YDL184C,0,-2.3447783,0.18929150700569153,0.9971510171890259,0.42706552147865295
YOR386W,YIL124W,0,-2.3467557,0.18918919563293457,0.9971510171890259,0.4273504316806793
YBR050C,YHL047C,0,-2.3470547,0.18908697366714478,0.9971510171890259,0.4276353418827057
YBR048W,YMR303C,0,-2.3479252,0.18898488581180573,0.9971510171890259,0.42792022228240967
YDR524C,YER044C,0,-2.3498578,0.18888288736343384,0.9971510171890259,0.42820513248443604
YMR056C,YOR244W,0,-2.3499515,0.1887810081243515,0.9971510171890259,0.4284900426864624
YKR038C,YEL059C-A,0,-2.3507187,0.18867924809455872,0.9971510171890259,0.4287749230861664
YMR198W,YJL052W,0,-2.3520896,0.1885775923728943,0.9971510171890259,0.42905983328819275
YCR010C,YPR019W,0,-2.353021,0.18847604095935822,0.9971510171890259,0.4293447434902191
YOL139C,YOR036W,0,-2.3531072,0.1883745938539505,0.9971510171890259,0.4296296238899231
YDL069C,YBL022C,0,-2.3533962,0.18827326595783234,0.9971510171890259,0.42991453409194946
YDR242W,YOR233W,0,-2.3539803,0.18817204236984253,0.9971510171890259,0.43019944429397583
YBR033W,YJL148W,0,-2.354006,0.18807092308998108,0.9971510171890259,0.4304843246936798
YDR320C-A,YBL064C,0,-2.3560174,0.18796992301940918,0.9971510171890259,0.4307692348957062
YHR067W,YBR040W,0,-2.356568,0.18786902725696564,0.9971510171890259,0.43105414509773254
YOL018C,YLR276C,0,-2.3572674,0.18776823580265045,0.9971510171890259,0.4313390254974365
YJL219W,YKL108W,0,-2.3614244,0.18766756355762482,0.9971510171890259,0.4316239356994629
YBR240C,YDL192W,0,-2.3618138,0.18756699562072754,0.9971510171890259,0.43190884590148926
YDR436W,YLR121C,0,-2.3624153,0.18746651709079742,0.9971510171890259,0.43219372630119324
YMR184W,YNL135C,0,-2.3636453,0.18736617267131805,0.9971510171890259,0.4324786365032196
YDR465C,YGR279C,0,-2.363997,0.18726591765880585,0.9971510171890259,0.43276354670524597
YBR041W,YHR167W,0,-2.3645577,0.1871657818555832,0.9971510171890259,0.43304842710494995
YDL136W,YNL091W,0,-2.3649724,0.1870657354593277,0.9971510171890259,0.4333333373069763
YML060W,YDR443C,0,-2.3655202,0.18696580827236176,0.9971510171890259,0.4336182475090027
YOL120C,YCR037C,0,-2.3660839,0.18686598539352417,0.9971510171890259,0.43390312790870667
YJL221C,YOR211C,0,-2.3666217,0.18676628172397614,0.9971510171890259,0.43418803811073303
YML129C,YOR337W,0,-2.3687556,0.18666666746139526,0.9971510171890259,0.4344729483127594
YDR487C,YCL066W,0,-2.3717048,0.18656715750694275,0.9971510171890259,0.4347578287124634
YGL089C,YIL126W,0,-2.3720129,0.18646776676177979,0.9971510171890259,0.43504273891448975
YDR126W,YPR122W,0,-2.373969,0.18636848032474518,0.9971510171890259,0.4353276491165161
YBL103C,YJL102W,0,-2.3750427,0.18626929819583893,0.9971510171890259,0.4356125295162201
YPL220W,YMR312W,0,-2.380565,0.18617020547389984,0.9971510171890259,0.43589743971824646
YGR029W,YLL062C,0,-2.3811297,0.1860712319612503,0.9971510171890259,0.4361823499202728
YER111C,YHL016C,0,-2.3812072,0.18597236275672913,0.9971510171890259,0.4364672303199768
YCL027W,YDR402C,0,-2.382188,0.1858736127614975,0.9971510171890259,0.4367521405220032
YMR006C,YDR334W,0,-2.3825357,0.18577495217323303,0.9971510171890259,0.43703705072402954
YGL031C,YDR054C,0,-2.383445,0.18567639589309692,0.9971510171890259,0.4373219311237335
YOL117W,YHR081W,0,-2.384021,0.18557794392108917,0.9971510171890259,0.4376068413257599
YOR046C,YLR467W,0,-2.3844726,0.18547959625720978,0.9971510171890259,0.43789175152778625
YOR179C,YBR156C,0,-2.387108,0.18538135290145874,0.9971510171890259,0.43817663192749023
YBL022C,YPL155C,0,-2.3878126,0.18528321385383606,0.9971510171890259,0.4384615421295166
YAL021C,YJL097W,0,-2.389941,0.18518517911434174,0.9971510171890259,0.43874645233154297
YNR043W,YAL058W,0,-2.389981,0.18508724868297577,0.9971510171890259,0.43903133273124695
YBL106C,YBR289W,0,-2.3900192,0.18498942255973816,0.9971510171890259,0.4393162429332733
YDR270W,YLR439W,0,-2.390228,0.1848917007446289,0.9971510171890259,0.4396011531352997
YLR357W,YGL059W,0,-2.3913305,0.184794083237648,0.9971510171890259,0.43988603353500366
YHR143W,YMR217W,0,-2.393299,0.18469657003879547,0.9971510171890259,0.44017094373703003
YLR265C,YJL109C,0,-2.3984737,0.1845991611480713,0.9971510171890259,0.4404558539390564
YLR438C-A,YGR061C,0,-2.399247,0.18450184166431427,0.9971510171890259,0.4407407343387604
YLL062C,YOR039W,0,-2.39983,0.1844046413898468,0.9971510171890259,0.44102564454078674
YLR098C,YJL108C,0,-2.4008563,0.1843075305223465,0.9971510171890259,0.4413105547428131
YNL227C,YPR081C,0,-2.4008994,0.18421052396297455,0.9971510171890259,0.4415954351425171
YHL040C,YFL029C,0,-2.4013975,0.18411362171173096,0.9971510171890259,0.44188034534454346
YLR221C,YDR313C,0,-2.4018104,0.18401682376861572,0.9971510171890259,0.4421652555465698
YFR032C-A,YKR048C,0,-2.4041913,0.18392013013362885,0.9971510171890259,0.4424501359462738
YDR283C,YMR311C,0,-2.4052281,0.18382352590560913,0.9971510171890259,0.44273504614830017
YOR381W,YOL064C,0,-2.405282,0.18372704088687897,0.9971510171890259,0.44301995635032654
YJL158C,YDR128W,0,-2.4068558,0.18363064527511597,0.9971510171890259,0.4433048367500305
YIL111W,YDR288W,0,-2.408287,0.18353435397148132,0.9971510171890259,0.4435897469520569
YDR228C,YPL174C,0,-2.408404,0.18343815207481384,0.9971510171890259,0.44387465715408325
YIL112W,YAL025C,0,-2.408413,0.1833420693874359,0.9971510171890259,0.44415953755378723
YOR069W,YJR135W-A,0,-2.409768,0.18324607610702515,0.9971510171890259,0.4444444477558136
YAL053W,YKR097W,0,-2.4098618,0.18315018713474274,0.9971510171890259,0.44472935795783997
YCL031C,YGR279C,0,-2.4100506,0.1830543875694275,0.9971510171890259,0.44501423835754395
YOR096W,YBR058C,0,-2.410238,0.1829587072134018,0.9971510171890259,0.4452991485595703
YGR063C,YER110C,0,-2.4106247,0.18286311626434326,0.9971510171890259,0.4455840587615967
YGR159C,YML009C,0,-2.410785,0.18276762962341309,0.9971510171890259,0.44586893916130066
YDL060W,YOL149W,0,-2.4109466,0.18267223238945007,0.9971510171890259,0.446153849363327
YER086W,YMR287C,0,-2.4112957,0.18257693946361542,0.9971510171890259,0.4464387595653534
YJR134C,YBR084W,0,-2.4123805,0.18248175084590912,0.9971510171890259,0.4467236399650574
YBR267W,YDR118W,0,-2.4124339,0.18238666653633118,0.9971510171890259,0.44700855016708374
YDR242W,YGR124W,0,-2.4131908,0.1822916716337204,0.9971510171890259,0.4472934603691101
YIL078W,YNR041C,0,-2.414543,0.18219676613807678,0.9971510171890259,0.4475783407688141
YDR536W,YIL125W,0,-2.4150188,0.18210197985172272,0.9971510171890259,0.44786325097084045
YPR156C,YIL009C-A,0,-2.4170444,0.18200728297233582,0.9971510171890259,0.4481481611728668
YAR019C,YBR082C,0,-2.4172513,0.18191267549991608,0.9971510171890259,0.4484330415725708
YOL065C,YIL138C,0,-2.4188282,0.1818181872367859,0.9971510171890259,0.44871795177459717
YDR347W,YBR105C,0,-2.4190505,0.18172377347946167,0.9971510171890259,0.44900286197662354
YOL007C,YKL056C,0,-2.4197788,0.181629478931427,0.9971510171890259,0.4492877423763275
YMR316W,YJL056C,0,-2.4211433,0.1815352737903595,0.9971510171890259,0.4495726525783539
YKR090W,YDR363W-A,0,-2.422423,0.18144115805625916,0.9971510171890259,0.44985756278038025
YIL113W,YHR011W,0,-2.4235084,0.18134714663028717,0.9971510171890259,0.45014244318008423
YKR061W,YOR326W,0,-2.4250543,0.18125323951244354,0.9971510171890259,0.4504273533821106
YBR030W,YMR204C,0,-2.4253066,0.18115942180156708,0.9971510171890259,0.45071226358413696
YDR363W-A,YML125C,0,-2.4253366,0.18106570839881897,0.9971510171890259,0.45099714398384094
YGL210W,YJL080C,0,-2.425939,0.18097208440303802,0.9971510171890259,0.4512820541858673
YCR098C,YOR322C,0,-2.4278975,0.18087854981422424,0.9971510171890259,0.4515669643878937
YDR297W,YOR306C,0,-2.4282894,0.18078511953353882,0.9971510171890259,0.45185184478759766
YGL040C,YPL202C,0,-2.432888,0.18069179356098175,0.9971510171890259,0.452136754989624
YBR245C,YBL069W,0,-2.4363637,0.18059855699539185,0.9971510171890259,0.4524216651916504
YGL135W,YOL149W,0,-2.436566,0.1805054098367691,0.9971510171890259,0.45270654559135437
YOR315W,YDR197W,0,-2.4367905,0.18041236698627472,0.9971510171890259,0.45299145579338074
YGR286C,YNL012W,0,-2.4368498,0.1803194284439087,0.9971510171890259,0.4532763659954071
YDR107C,YDR320C-A,0,-2.437505,0.18022656440734863,0.9971510171890259,0.4535612463951111
YOR181W,YOR337W,0,-2.4390876,0.18013381958007812,0.9971510171890259,0.45384615659713745
YHR215W,YDR101C,0,-2.4412029,0.1800411492586136,0.9971510171890259,0.4541310667991638
YKL109W,YDR390C,0,-2.44398,0.1799485832452774,0.9971510171890259,0.4544159471988678
YBR048W,YOL002C,0,-2.4455125,0.17985612154006958,0.9971510171890259,0.45470085740089417
YDL069C,YOL139C,0,-2.4474041,0.17976373434066772,0.9971510171890259,0.45498576760292053
YBL021C,YHR099W,0,-2.4474154,0.17967145144939423,0.9971510171890259,0.4552706480026245
YAR015W,YLR207W,0,-2.4487164,0.17957927286624908,0.9971510171890259,0.4555555582046509
YDR425W,YDL143W,0,-2.451399,0.1794871836900711,0.9971510171890259,0.45584046840667725
YKL156W,YJL101C,0,-2.4518812,0.1793951839208603,0.9971510171890259,0.4561253488063812
YLR318W,YLR176C,0,-2.4523432,0.17930327355861664,0.9971510171890259,0.4564102590084076
YOR347C,YBR058C-A,0,-2.4546845,0.17921146750450134,0.9971510171890259,0.45669516921043396
YHR215W,YOR044W,0,-2.4552422,0.1791197508573532,0.9971510171890259,0.45698004961013794
YIL093C,YGR279C,0,-2.4552767,0.17902813851833344,0.9971510171890259,0.4572649598121643
YML116W,YGR154C,0,-2.4566345,0.17893660068511963,0.9971510171890259,0.4575498700141907
YDL056W,YLR467W,0,-2.4591846,0.17884516716003418,0.9971510171890259,0.45783475041389465
YPR005C,YGL106W,0,-2.4596965,0.1787538230419159,0.9971510171890259,0.458119660615921
YLR214W,YPR178W,0,-2.4600039,0.17866258323192596,0.9971510171890259,0.4584045708179474
YBR289W,YOL019W,0,-2.460941,0.1785714328289032,0.9971510171890259,0.45868945121765137
YEL017C-A,YOR244W,0,-2.463816,0.1784803718328476,0.9971510171890259,0.45897436141967773
YLR286C,YHR044C,0,-2.4647608,0.17838940024375916,0.9971510171890259,0.4592592716217041
YCR020C,YDR120C,0,-2.46771,0.17829851806163788,0.9971510171890259,0.4595441520214081
YDR033W,YML094W,0,-2.4687707,0.17820774018764496,0.9971510171890259,0.45982906222343445
YHL040C,YLR370C,0,-2.4699893,0.1781170517206192,0.9971510171890259,0.4601139724254608
YDL051W,YNR043W,0,-2.470576,0.1780264526605606,0.9971510171890259,0.4603988528251648
YER044C,YGL059W,0,-2.4710252,0.17793594300746918,0.9971510171890259,0.46068376302719116
YLR276C,YBR122C,0,-2.4715369,0.1778455227613449,0.9971510171890259,0.46096867322921753
YGL206C,YMR306W,0,-2.4748392,0.177755206823349,0.9971510171890259,0.4612535536289215
YOR167C,YER089C,0,-2.4748766,0.17766498029232025,0.9971510171890259,0.4615384638309479
YOR076C,YDR342C,0,-2.4788435,0.17757482826709747,0.9971510171890259,0.46182337403297424
YNL015W,YDR393W,0,-2.4799545,0.17748478055000305,0.9971510171890259,0.4621082544326782
YDR253C,YLR318W,0,-2.4803116,0.177394837141037,0.9971510171890259,0.4623931646347046
YHR013C,YGR189C,0,-2.4804769,0.1773049682378769,0.9971510171890259,0.46267807483673096
YML074C,YMR163C,0,-2.4821012,0.17721518874168396,0.9971510171890259,0.46296295523643494
YOL127W,YBL057C,0,-2.4832938,0.1771254986524582,0.9971510171890259,0.4632478654384613
YML043C,YPL194W,0,-2.4834797,0.17703591287136078,0.9971510171890259,0.46353277564048767
YKL089W,YIL171W,0,-2.4839904,0.17694641649723053,0.9971510171890259,0.46381765604019165
YPR041W,YDR362C,0,-2.4865515,0.17685699462890625,0.9971510171890259,0.464102566242218
YCR077C,YIL124W,0,-2.4868782,0.17676767706871033,0.9971510171890259,0.4643874764442444
YNR045W,YDR534C,0,-2.4870355,0.17667844891548157,0.9971510171890259,0.46467235684394836
YBR267W,YNL189W,0,-2.4877627,0.17658931016921997,0.9971510171890259,0.46495726704597473
YNL188W,YOR337W,0,-2.488126,0.17650024592876434,0.9971510171890259,0.4652421772480011
YDR158W,YLL022C,0,-2.4892735,0.17641128599643707,0.9971510171890259,0.4655270576477051
YNL210W,YDR356W,0,-2.4896739,0.17632241547107697,0.9971510171890259,0.46581196784973145
YNR008W,YEL065W,0,-2.4905617,0.17623363435268402,0.9971510171890259,0.4660968780517578
YHL024W,YIL072W,0,-2.4906528,0.17614494264125824,0.9971510171890259,0.4663817584514618
YGL021W,YNL039W,0,-2.4912875,0.17605634033679962,0.9971510171890259,0.46666666865348816
YOR143C,YDR169C,0,-2.4930344,0.17596782743930817,0.9971510171890259,0.4669515788555145
YNL136W,YGR123C,0,-2.4938877,0.17587940394878387,0.9971510171890259,0.4672364592552185
YCR075C,YGR061C,0,-2.4949627,0.17579105496406555,0.9971510171890259,0.4675213694572449
YOL152W,YOL056W,0,-2.4959695,0.17570281028747559,0.9971510171890259,0.46780627965927124
YER133W,YLR286C,0,-2.500851,0.17561465501785278,0.9971510171890259,0.4680911600589752
YHR143W,YKL028W,0,-2.5014043,0.17552657425403595,0.9971510171890259,0.4683760702610016
YCR010C,YLR078C,0,-2.5014746,0.17543859779834747,0.9971510171890259,0.46866098046302795
YIL084C,YHL004W,0,-2.5016747,0.17535069584846497,0.9971510171890259,0.46894586086273193
YLR357W,YDR298C,0,-2.5025942,0.17526289820671082,0.9971510171890259,0.4692307710647583
YNL331C,YNR043W,0,-2.5032802,0.17517517507076263,0.9971510171890259,0.46951568126678467
YPL121C,YIL009C-A,0,-2.5034182,0.17508754134178162,0.9971510171890259,0.46980056166648865
YBL069W,YCL047C,0,-2.5040495,0.17499999701976776,0.9971510171890259,0.470085471868515
YOL065C,YBL082C,0,-2.5051112,0.17491254210472107,0.9971510171890259,0.4703703820705414
YKL011C,YPL195W,0,-2.5067074,0.17482517659664154,0.9971510171890259,0.47065526247024536
YPL157W,YOR044W,0,-2.5089686,0.17473790049552917,0.9971510171890259,0.47094017267227173
YOR037W,YDR224C,0,-2.5092847,0.17465069890022278,0.9971510171890259,0.4712250828742981
YLR008C,YNR047W,0,-2.509638,0.17456358671188354,0.9971510171890259,0.4715099632740021
YML124C,YJR022W,0,-2.514632,0.17447656393051147,0.9971510171890259,0.47179487347602844
YHR117W,YPR081C,0,-2.5149004,0.17438963055610657,0.9971510171890259,0.4720797836780548
YJL158C,YJR126C,0,-2.5156467,0.17430278658866882,0.9971510171890259,0.4723646640777588
YPR156C,YNR022C,0,-2.5165386,0.17421603202819824,0.9971510171890259,0.47264957427978516
YDR388W,YDR101C,0,-2.5194242,0.17412935197353363,0.9971510171890259,0.4729344844818115
YPL033C,YGL084C,0,-2.521486,0.17404276132583618,0.9971510171890259,0.4732193648815155
YIL084C,YMR004W,0,-2.5218368,0.1739562600851059,0.9971510171890259,0.47350427508354187
YEL016C,YJL121C,0,-2.5219223,0.17386984825134277,0.9971510171890259,0.47378918528556824
YJL136C,YHR070W,0,-2.522825,0.17378351092338562,0.9971510171890259,0.4740740656852722
YIL074C,YBL088C,0,-2.5235484,0.17369727790355682,0.9971510171890259,0.4743589758872986
YBR087W,YGR086C,0,-2.5235875,0.1736111044883728,0.9971510171890259,0.47464388608932495
YOR120W,YER012W,0,-2.5236826,0.17352503538131714,0.9971510171890259,0.47492876648902893
YKL017C,YDL112W,0,-2.5247126,0.17343905568122864,0.9971510171890259,0.4752136766910553
YDR238C,YPL092W,0,-2.5249233,0.1733531504869461,0.9971510171890259,0.47549858689308167
YJL072C,YLR098C,0,-2.5250974,0.17326731979846954,0.9971510171890259,0.47578346729278564
YFR015C,YOL071W,0,-2.5255597,0.17318159341812134,0.9971510171890259,0.476068377494812
YOR369C,YMR292W,0,-2.5256512,0.1730959415435791,0.9971510171890259,0.4763532876968384
YMR056C,YJL008C,0,-2.5276968,0.17301037907600403,0.9971510171890259,0.47663816809654236
YNR070W,YOR217W,0,-2.5295143,0.17292490601539612,0.9971510171890259,0.4769230782985687
YJL157C,YGL210W,0,-2.5304315,0.17283950746059418,0.9971510171890259,0.4772079885005951
YOR308C,YGR292W,0,-2.531137,0.1727541983127594,0.9971510171890259,0.4774928689002991
YAR015W,YMR282C,0,-2.5332818,0.1726689636707306,0.9971510171890259,0.47777777910232544
YER161C,YDR247W,0,-2.535627,0.17258383333683014,0.9971510171890259,0.4780626893043518
YOL105C,YDR014W,0,-2.53667,0.17249876260757446,0.9971510171890259,0.4783475697040558
YCR010C,YML115C,0,-2.5369666,0.17241379618644714,0.9971510171890259,0.47863247990608215
YER036C,YKL179C,0,-2.5373952,0.1723289042711258,0.9971510171890259,0.4789173901081085
YGL136C,YLR186W,0,-2.5382943,0.1722441017627716,0.9971510171890259,0.4792022705078125
YBR048W,YNL091W,0,-2.5390012,0.1721593737602234,0.9971510171890259,0.47948718070983887
YKL143W,YPR073C,0,-2.5398324,0.17207473516464233,0.9971510171890259,0.47977209091186523
YPR186C,YJL108C,0,-2.5408971,0.17199017107486725,0.9971510171890259,0.4800569713115692
YDL205C,YLR121C,0,-2.5416803,0.17190569639205933,0.9971510171890259,0.4803418815135956
YGL021W,YBL024W,0,-2.541898,0.17182131111621857,0.9971510171890259,0.48062679171562195
YGL021W,YJL062W,0,-2.5423486,0.17173700034618378,0.9971510171890259,0.4809116721153259
YGR286C,YBR231C,0,-2.5440524,0.17165276408195496,0.9971510171890259,0.4811965823173523
YLL011W,YDR158W,0,-2.5443838,0.1715686321258545,0.9971510171890259,0.48148149251937866
YDR347W,YKR009C,0,-2.5448158,0.1714845597743988,0.9971510171890259,0.48176637291908264
YLR214W,YER112W,0,-2.5452988,0.17140059173107147,0.9971510171890259,0.482051283121109
YJL153C,YGL095C,0,-2.546497,0.1713166981935501,0.9971510171890259,0.4823361933231354
YDR288W,YPR047W,0,-2.548601,0.17123287916183472,0.9971510171890259,0.48262107372283936
YFR032C-A,YMR128W,0,-2.5500119,0.1711491495370865,0.9971510171890259,0.4829059839248657
YPR168W,YLR121C,0,-2.5500135,0.17106549441814423,0.9971510171890259,0.4831908941268921
YOL067C,YDR440W,0,-2.5502248,0.17098192870616913,0.9971510171890259,0.48347577452659607
YAL034W-A,YPL202C,0,-2.551756,0.1708984375,0.9971510171890259,0.48376068472862244
YDR478W,YPL111W,0,-2.5527706,0.17081503570079803,0.9971510171890259,0.4840455949306488
YPL089C,YJL025W,0,-2.5529196,0.17073170840740204,0.9971510171890259,0.4843304753303528
YDL190C,YPR054W,0,-2.553469,0.1706484705209732,0.9971510171890259,0.48461538553237915
YAR015W,YJR025C,0,-2.5541708,0.17056530714035034,0.9971510171890259,0.4849002957344055
YNL218W,YHR013C,0,-2.5556817,0.17048221826553345,0.9971510171890259,0.4851851761341095
YBR283C,YMR204C,0,-2.5562012,0.17039921879768372,0.9971510171890259,0.48547008633613586
YPL121C,YPR054W,0,-2.5574005,0.17031630873680115,0.9971510171890259,0.48575499653816223
YLR139C,YJL133W,0,-2.559992,0.17023345828056335,0.9971510171890259,0.4860398769378662
YLR364W,YJR022W,0,-2.5605047,0.17015071213245392,0.9971510171890259,0.4863247871398926
YIL125W,YGR286C,0,-2.562103,0.17006802558898926,0.9971510171890259,0.48660969734191895
YLR008C,YGL253W,0,-2.5629761,0.16998542845249176,0.9971510171890259,0.4868945777416229
YDR388W,YJL133W,0,-2.5630038,0.16990290582180023,0.9971510171890259,0.4871794879436493
YDR036C,YOR224C,0,-2.5660956,0.16982047259807587,0.9971510171890259,0.48746439814567566
YMR287C,YJR001W,0,-2.5678785,0.16973811388015747,0.9971510171890259,0.48774927854537964
YKL011C,YCR054C,0,-2.5689006,0.16965584456920624,0.9971510171890259,0.488034188747406
YCL063W,YOL140W,0,-2.5690014,0.16957364976406097,0.9971510171890259,0.4883190989494324
YDR050C,YNL218W,0,-2.5715175,0.16949152946472168,0.9971510171890259,0.48860397934913635
YGR058W,YOR224C,0,-2.5719414,0.16940948367118835,0.9971510171890259,0.4888888895511627
YGL120C,YOL127W,0,-2.5726068,0.1693275272846222,0.9971510171890259,0.4891737997531891
YLR109W,YHL004W,0,-2.572622,0.169245645403862,0.9971510171890259,0.48945868015289307
YGL090W,YDR436W,0,-2.5744083,0.16916385293006897,0.9971510171890259,0.48974359035491943
YFR032C-A,YJR045C,0,-2.5756104,0.16908212006092072,0.9971510171890259,0.4900285005569458
YLR418C,YPL092W,0,-2.5775442,0.16900047659873962,0.9971510171890259,0.4903133809566498
YMR098C,YJL190C,0,-2.578745,0.1689189225435257,0.9971510171890259,0.49059829115867615
YCL063W,YDR393W,0,-2.5798683,0.16883742809295654,0.9971510171890259,0.4908832013607025
YLR373C,YPL019C,0,-2.580458,0.16875602304935455,0.9971510171890259,0.4911680817604065
YDR047W,YOR244W,0,-2.5806618,0.16867469251155853,0.9971510171890259,0.49145299196243286
YER174C,YDR086C,0,-2.583628,0.16859345138072968,0.9971510171890259,0.49173790216445923
YER095W,YIL113W,0,-2.5837474,0.1685122847557068,0.9971510171890259,0.4920227825641632
YDR322W,YPR122W,0,-2.5841353,0.16843117773532867,0.9971510171890259,0.4923076927661896
YOR332W,YKL021C,0,-2.5866344,0.16835017502307892,0.9971510171890259,0.49259260296821594
YJR025C,YMR311C,0,-2.5868928,0.16826923191547394,0.9971510171890259,0.4928774833679199
YDR299W,YER012W,0,-2.587039,0.16818837821483612,0.9971510171890259,0.4931623935699463
YDR318W,YOL080C,0,-2.587762,0.16810758411884308,0.9971510171890259,0.49344730377197266
YBR122C,YDL130W-A,0,-2.5880876,0.1680268794298172,0.9971510171890259,0.49373218417167664
YDR447C,YDR120C,0,-2.5881727,0.16794626414775848,0.9971510171890259,0.494017094373703
YGL222C,YMR184W,0,-2.588206,0.16786570847034454,0.9971510171890259,0.49430200457572937
YBR264C,YOR315W,0,-2.5882313,0.16778524219989777,0.9971510171890259,0.49458688497543335
YOL125W,YAL058W,0,-2.5893414,0.16770483553409576,0.9971510171890259,0.4948717951774597
YGR002C,YJL109C,0,-2.5919082,0.16762451827526093,0.9971510171890259,0.4951567053794861
YHR021C,YBR041W,0,-2.5921762,0.16754427552223206,0.9971510171890259,0.49544158577919006
YDR038C,YMR289W,0,-2.5948892,0.16746412217617035,0.9971510171890259,0.49572649598121643
YLL009C,YIL111W,0,-2.5958002,0.16738402843475342,0.9971510171890259,0.4960114061832428
YGR292W,YML095C,0,-2.5958285,0.16730400919914246,0.9971510171890259,0.4962962865829468
YGR295C,YNR045W,0,-2.5974996,0.16722407937049866,0.9971510171890259,0.49658119678497314
YPR178W,YDR047W,0,-2.5990329,0.16714422404766083,0.9971510171890259,0.4968661069869995
YPL206C,YDR118W,0,-2.6009524,0.16706444323062897,0.9971510171890259,0.4971509873867035
YJR066W,YDR107C,0,-2.6018488,0.16698473691940308,0.9971510171890259,0.49743589758872986
YLR121C,YNR007C,0,-2.6027653,0.16690510511398315,0.9971510171890259,0.4977208077907562
YLL009C,YFL041W,0,-2.6028173,0.1668255478143692,0.9971510171890259,0.4980056881904602
YDR126W,YPL143W,0,-2.6030495,0.16674606502056122,0.9971510171890259,0.4982905983924866
YDR253C,YIL138C,0,-2.6038616,0.1666666716337204,0.9971510171890259,0.49857550859451294
YJR121W,YGR006W,0,-2.6057096,0.16658733785152435,0.9971510171890259,0.4988603889942169
YNL210W,YPL206C,0,-2.6064901,0.16650809347629547,0.9971510171890259,0.4991452991962433
YDL164C,YML074C,0,-2.606912,0.16642890870571136,0.9971510171890259,0.49943020939826965
YAL008W,YJL156C,0,-2.6086214,0.16634981334209442,0.9971510171890259,0.49971508979797363
YOR308C,YNL331C,0,-2.6086361,0.16627077758312225,0.9971510171890259,0.5
YJR139C,YDR465C,0,-2.6090815,0.16619183123111725,0.9971510171890259,0.5002849102020264
YOL117W,YGR286C,0,-2.609547,0.1661129593849182,0.9971510171890259,0.5005698204040527
YER086W,YOR244W,0,-2.6117938,0.16603416204452515,0.9971510171890259,0.5008547306060791
YOR265W,YLR357W,0,-2.612744,0.16595542430877686,0.9971510171890259,0.5011395812034607
YHR067W,YOL019W,0,-2.613684,0.16587677597999573,0.9971510171890259,0.5014244914054871
YPL019C,YOR043W,0,-2.6181672,0.16579820215702057,0.9971510171890259,0.5017094016075134
YDR425W,YPL121C,0,-2.6188211,0.16571970283985138,0.9971510171890259,0.5019943118095398
YPR016C,YOL109W,0,-2.6194465,0.16564126312732697,0.9971510171890259,0.5022792220115662
YJR160C,YOR057W,0,-2.6197875,0.16556291282176971,0.9971510171890259,0.5025641322135925
YLR121C,YPL038W,0,-2.6222095,0.16548463702201843,0.9971510171890259,0.5028489828109741
YLR045C,YJL025W,0,-2.622229,0.16540642082691193,0.9971510171890259,0.5031338930130005
YMR036C,YBL030C,0,-2.6227496,0.16532829403877258,0.9971510171890259,0.5034188032150269
YER174C,YLR381W,0,-2.6236935,0.1652502417564392,0.9971510171890259,0.5037037134170532
YDR440W,YLR221C,0,-2.6240845,0.1651722490787506,0.9971510171890259,0.5039886236190796
YGR154C,YLR265C,0,-2.6266901,0.16509434580802917,0.9971510171890259,0.504273533821106
YHR171W,YJL221C,0,-2.6298912,0.16501650214195251,0.9971510171890259,0.5045583844184875
YLR214W,YGL168W,0,-2.6312983,0.16493873298168182,0.9971510171890259,0.5048432946205139
YDR046C,YOR326W,0,-2.6335242,0.1648610383272171,0.9971510171890259,0.5051282048225403
YKL183W,YOL109W,0,-2.6335511,0.16478343307971954,0.9971510171890259,0.5054131150245667
YDR038C,YIL124W,0,-2.6355443,0.16470588743686676,0.9971510171890259,0.505698025226593
YKL108W,YML070W,0,-2.6362255,0.16462841629981995,0.9971510171890259,0.5059829354286194
YOR288C,YDR116C,0,-2.637156,0.1645510047674179,0.9971510171890259,0.506267786026001
YGL178W,YLR430W,0,-2.6398292,0.16447368264198303,0.9971510171890259,0.5065526962280273
YER099C,YOR155C,0,-2.641191,0.16439643502235413,0.9971510171890259,0.5068376064300537
YOL019W,YBL055C,0,-2.6418698,0.16431924700737,0.9971510171890259,0.5071225166320801
YPL144W,YDR436W,0,-2.6432633,0.16424213349819183,0.9971510171890259,0.5074074268341064
YOR151C,YPR168W,0,-2.6433423,0.16416510939598083,0.9971510171890259,0.5076923370361328
YPR178W,YJL056C,0,-2.6436577,0.1640881448984146,0.9971510171890259,0.5079771876335144
YBL054W,YBR205W,0,-2.6437323,0.16401124000549316,0.9971510171890259,0.5082620978355408
YML104C,YMR165C,0,-2.6445763,0.16393442451953888,0.9971510171890259,0.5085470080375671
YOR347C,YIL009C-A,0,-2.6451874,0.16385768353939056,0.9971510171890259,0.5088319182395935
YMR217W,YER030W,0,-2.646918,0.16378100216388702,0.9971510171890259,0.5091168284416199
YDR388W,YGR062C,0,-2.6472392,0.16370439529418945,0.9971510171890259,0.5094017386436462
YMR289W,YDR402C,0,-2.6475236,0.16362786293029785,0.9971510171890259,0.5096865892410278
YKR009C,YLR246W,0,-2.6475668,0.16355140507221222,0.9971510171890259,0.5099714994430542
YML124C,YER147C,0,-2.6481724,0.16347500681877136,0.9971510171890259,0.5102564096450806
YLR371W,YDR297W,0,-2.649141,0.16339869797229767,0.9971510171890259,0.5105413198471069
YGR292W,YNL227C,0,-2.6493967,0.16332244873046875,0.9971510171890259,0.5108262300491333
YHR147C,YPL159C,0,-2.6517537,0.1632462739944458,0.9971510171890259,0.5111111402511597
YGR104C,YMR006C,0,-2.6522796,0.16317015886306763,0.9971510171890259,0.5113959908485413
YOL065C,YER044C,0,-2.6537802,0.16309413313865662,0.9971510171890259,0.5116809010505676
YOR381W,YPR021C,0,-2.6556993,0.16301816701889038,0.9971510171890259,0.511965811252594
YMR314W,YJR135W-A,0,-2.6575463,0.16294227540493011,0.9971510171890259,0.5122507214546204
YDL210W,YML009C,0,-2.6577084,0.16286644339561462,0.9971510171890259,0.5125356316566467
YAR019C,YLR154C,0,-2.6588342,0.1627907007932663,0.9971510171890259,0.5128205418586731
YBR264C,YJL190C,0,-2.659116,0.16271501779556274,0.9971510171890259,0.5131053924560547
YOR047C,YOL071W,0,-2.6593053,0.16263940930366516,0.9971510171890259,0.513390302658081
YBL064C,YER112W,0,-2.6593432,0.16256386041641235,0.9971510171890259,0.5136752128601074
YOR043W,YPR081C,0,-2.660551,0.1624884009361267,0.9971510171890259,0.5139601230621338
YBR092C,YDR158W,0,-2.6611829,0.16241298615932465,0.9971510171890259,0.5142450332641602
YLR266C,YPR028W,0,-2.661733,0.16233766078948975,0.9971510171890259,0.5145299434661865
YMR256C,YJL101C,0,-2.6622674,0.16226239502429962,0.9971510171890259,0.5148147940635681
YOR066W,YGR135W,0,-2.662652,0.16218720376491547,0.9971510171890259,0.5150997042655945
YGR274C,YOR014W,0,-2.6626735,0.16211208701133728,0.9971510171890259,0.5153846144676208
YBL060W,YCR040W,0,-2.6645303,0.16203702986240387,0.9971510171890259,0.5156695246696472
YGL168W,YGR295C,0,-2.665404,0.16196204721927643,0.9971510171890259,0.5159544348716736
YDR400W,YPL095C,0,-2.6669264,0.16188713908195496,0.9971510171890259,0.5162393450737
YOR265W,YIR017C,0,-2.6673002,0.16181229054927826,0.9971510171890259,0.5165241956710815
YHR076W,YOL067C,0,-2.6695244,0.16173751652240753,0.9971510171890259,0.5168091058731079
YJL052W,YPR070W,0,-2.6701212,0.16166281700134277,0.9971510171890259,0.5170940160751343
YMR043W,YEL054C,0,-2.6703725,0.1615881770849228,0.9971510171890259,0.5173789262771606
YBR001C,YHR129C,0,-2.6706202,0.16151361167430878,0.9971510171890259,0.517663836479187
YDR038C,YPL231W,0,-2.6717918,0.16143912076950073,0.9971510171890259,0.5179487466812134
YLR106C,YLR306W,0,-2.672746,0.16136468946933746,0.9971510171890259,0.518233597278595
YPL091W,YLR121C,0,-2.6741118,0.16129031777381897,0.9971510171890259,0.5185185074806213
YDR003W,YER164W,0,-2.6746597,0.16121603548526764,0.9971510171890259,0.5188034176826477
YAL053W,YNL191W,0,-2.674728,0.1611417979001999,0.9971510171890259,0.5190883278846741
YAR019C,YMR109W,0,-2.6754792,0.1610676497220993,0.9971510171890259,0.5193732380867004
YAL013W,YPL258C,0,-2.6756942,0.1609935611486435,0.9971510171890259,0.5196581482887268
YJL165C,YDR077W,0,-2.6766307,0.16091954708099365,0.9971510171890259,0.5199429988861084
YDL007W,YKL212W,0,-2.6775355,0.1608455926179886,0.9971510171890259,0.5202279090881348
YPR178W,YJR155W,0,-2.6781137,0.1607716977596283,0.9971510171890259,0.5205128192901611
YLR373C,YPR041W,0,-2.678138,0.16069789230823517,0.9971510171890259,0.5207977294921875
YEL016C,YDR402C,0,-2.6791935,0.16062414646148682,0.9971510171890259,0.5210826396942139
YMR171C,YDR495C,0,-2.6806147,0.16055046021938324,0.9971510171890259,0.5213675498962402
YLR459W,YNR007C,0,-2.6809027,0.16047684848308563,0.9971510171890259,0.5216524004936218
YDR466W,YIL084C,0,-2.6822329,0.1604032963514328,0.9971510171890259,0.5219373106956482
YCL063W,YOL005C,0,-2.682923,0.16032981872558594,0.9971510171890259,0.5222222208976746
YAL008W,YLR306W,0,-2.68411,0.16025641560554504,0.9971510171890259,0.5225071310997009
YPL157W,YLR154C,0,-2.6845324,0.16018307209014893,0.9971510171890259,0.5227920413017273
YCL027W,YLR014C,0,-2.6853454,0.16010978817939758,0.9971510171890259,0.5230769515037537
YJL156C,YDL110C,0,-2.6854916,0.1600365787744522,0.9971510171890259,0.5233618021011353
YCR092C,YHR011W,0,-2.6876621,0.1599634438753128,0.9971510171890259,0.5236467123031616
YOR308C,YHL019C,0,-2.6876674,0.15989035367965698,0.9971510171890259,0.523931622505188
YDR358W,YER051W,0,-2.687712,0.15981735289096832,0.9971510171890259,0.5242165327072144
YKR061W,YGL178W,0,-2.6896794,0.15974441170692444,0.9971510171890259,0.5245014429092407
YOL105C,YPL269W,0,-2.6900952,0.15967153012752533,0.9971510171890259,0.5247863531112671
YPL258C,YOL140W,0,-2.6906428,0.1595987230539322,0.9971510171890259,0.5250712037086487
YLR154C,YGR188C,0,-2.691549,0.15952597558498383,0.9971510171890259,0.525356113910675
YLR238W,YKR094C,0,-2.692252,0.15945330262184143,0.9971510171890259,0.5256410241127014
YLR099C,YJR089W,0,-2.693652,0.1593806892633438,0.9971510171890259,0.5259259343147278
YDR022C,YOL152W,0,-2.6939135,0.15930815041065216,0.9971510171890259,0.5262108445167542
YOR124C,YCL050C,0,-2.69435,0.15923567116260529,0.9971510171890259,0.5264957547187805
YHR153C,YPR192W,0,-2.6952045,0.15916325151920319,0.9971510171890259,0.5267806053161621
YER029C,YPL269W,0,-2.696408,0.15909090638160706,0.9971510171890259,0.5270655155181885
YGL021W,YIL027C,0,-2.6966765,0.1590186208486557,0.9971510171890259,0.5273504257202148
YLR192C,YPL202C,0,-2.697719,0.15894640982151031,0.9971510171890259,0.5276353359222412
YDL051W,YOL133W,0,-2.6986558,0.1588742583990097,0.9971510171890259,0.5279202461242676
YDR425W,YER174C,0,-2.6994474,0.15880218148231506,0.9971510171890259,0.528205156326294
YHR092C,YOR322C,0,-2.700647,0.1587301641702652,0.9971510171890259,0.5284900069236755
YAL023C,YDR507C,0,-2.7045822,0.1586582064628601,0.9971510171890259,0.5287749171257019
YEL016C,YDR197W,0,-2.7061229,0.158586323261261,0.9971510171890259,0.5290598273277283
YLR109W,YOL149W,0,-2.706399,0.15851449966430664,0.9971510171890259,0.5293447375297546
YDR529C,YER180C,0,-2.7069721,0.15844273567199707,0.9971510171890259,0.529629647731781
YIR017C,YCL031C,0,-2.7086189,0.15837104618549347,0.9971510171890259,0.5299145579338074
YOR381W,YBR166C,0,-2.70944,0.15829941630363464,0.9971510171890259,0.530199408531189
YER027C,YER153C,0,-2.7106366,0.1582278460264206,0.9971510171890259,0.5304843187332153
YOR201C,YOR386W,0,-2.7122345,0.1581563502550125,0.9971510171890259,0.5307692289352417
YDR356W,YJL052W,0,-2.7126815,0.1580849140882492,0.9971510171890259,0.5310541391372681
YDL146W,YER012W,0,-2.7134092,0.15801353752613068,0.9971510171890259,0.5313390493392944
YMR287C,YML060W,0,-2.713999,0.15794223546981812,0.9971510171890259,0.5316239595413208
YMR314W,YKL021C,0,-2.7144988,0.15787099301815033,0.9971510171890259,0.5319088101387024
YFR037C,YNL301C,0,-2.7160847,0.1577998250722885,0.9971510171890259,0.5321937203407288
YBR231C,YOL109W,0,-2.7161949,0.15772870182991028,0.9971510171890259,0.5324786305427551
YEL017C-A,YJL090C,0,-2.7174187,0.157657653093338,0.9971510171890259,0.5327635407447815
YOR116C,YOR221C,0,-2.7195003,0.15758667886257172,0.9971510171890259,0.5330484509468079
YER174C,YLR176C,0,-2.719577,0.157515749335289,0.9971510171890259,0.5333333611488342
YBR030W,YER110C,0,-2.7197258,0.15744489431381226,0.9971510171890259,0.5336182117462158
YFR032C-A,YDL056W,0,-2.720585,0.15737409889698029,0.9971510171890259,0.5339031219482422
YBL024W,YOR181W,0,-2.7222714,0.15730337798595428,0.9971510171890259,0.5341880321502686
YDR011W,YER053C,0,-2.7226455,0.15723270177841187,0.9971510171890259,0.5344729423522949
YLR098C,YNL098C,0,-2.7249825,0.15716210007667542,0.9971510171890259,0.5347578525543213
YDR118W,YDR101C,0,-2.7269306,0.15709155797958374,0.9971510171890259,0.5350427627563477
YOR384W,YDR054C,0,-2.730111,0.15702109038829803,0.9971510171890259,0.5353276133537292
YMR282C,YAL008W,0,-2.731049,0.1569506675004959,0.9971510171890259,0.5356125235557556
YOR201C,YNR047W,0,-2.7336838,0.15688031911849976,0.9971510171890259,0.535897433757782
YLR204W,YLR014C,0,-2.7346032,0.15681003034114838,0.9971510171890259,0.5361823439598083
YOR047C,YNL310C,0,-2.7366726,0.15673981606960297,0.9971510171890259,0.5364672541618347
YIL039W,YBL061C,0,-2.739879,0.15666964650154114,0.9971510171890259,0.5367521643638611
YDL017W,YOR044W,0,-2.7409594,0.15659955143928528,0.9971510171890259,0.5370370149612427
YMR302C,YML042W,0,-2.7421372,0.1565295159816742,0.9971510171890259,0.537321925163269
YKL198C,YGR194C,0,-2.7435663,0.15645954012870789,0.9971510171890259,0.5376068353652954
YHR028C,YKR050W,0,-2.7446897,0.15638963878154755,0.9971510171890259,0.5378917455673218
YML104C,YNL212W,0,-2.74495,0.1563197821378708,0.9971510171890259,0.5381766557693481
YDR121W,YDR128W,0,-2.7459323,0.15625,0.9971510171890259,0.5384615659713745
YFR041C,YOR306C,0,-2.7471578,0.156180277466774,0.9971510171890259,0.5387464165687561
YDL007W,YKR059W,0,-2.7472312,0.15611061453819275,0.9971510171890259,0.5390313267707825
YER095W,YBR289W,0,-2.7472682,0.1560410112142563,0.9971510171890259,0.5393162369728088
YOR384W,YDR363W-A,0,-2.7498047,0.1559714823961258,0.9971510171890259,0.5396011471748352
YGL213C,YJL108C,0,-2.751034,0.15590199828147888,0.9971510171890259,0.5398860573768616
YDR046C,YGR014W,0,-2.752668,0.15583258867263794,0.9971510171890259,0.5401709675788879
YDR341C,YER180C,0,-2.7549853,0.15576323866844177,0.9971510171890259,0.5404558181762695
YLR438C-A,YOL080C,0,-2.7558599,0.15569394826889038,0.9971510171890259,0.5407407283782959
YIL027C,YIL111W,0,-2.7566674,0.15562471747398376,0.9971510171890259,0.5410256385803223
YCL063W,YKL021C,0,-2.7575293,0.15555556118488312,0.9971510171890259,0.5413105487823486
YBL057C,YAL025C,0,-2.75779,0.15548644959926605,0.9971510171890259,0.541595458984375
YML005W,YIL051C,0,-2.757933,0.15541741251945496,0.9971510171890259,0.5418803691864014
YGR263C,YBL064C,0,-2.7615383,0.15534842014312744,0.9971510171890259,0.542165219783783
YGR188C,YHR181W,0,-2.7620466,0.1552795022726059,0.9971510171890259,0.5424501299858093
YOR143C,YBL037W,0,-2.7641525,0.15521064400672913,0.9971510171890259,0.5427350401878357
YDL205C,YLR430W,0,-2.7651985,0.15514184534549713,0.9971510171890259,0.5430199503898621
YCR077C,YJL189W,0,-2.7653143,0.1550731062889099,0.9971510171890259,0.5433048605918884
YIR012W,YER089C,0,-2.7655342,0.15500442683696747,0.9971510171890259,0.5435897707939148
YOL117W,YDR368W,0,-2.765583,0.1549358069896698,0.9971510171890259,0.5438746213912964
YDL192W,YML005W,0,-2.765815,0.1548672616481781,0.9971510171890259,0.5441595315933228
YMR142C,YIL004C,0,-2.765932,0.15479876101016998,0.9971510171890259,0.5444444417953491
YAR019C,YJR076C,0,-2.7666364,0.15473031997680664,0.9971510171890259,0.5447293519973755
YKL218C,YGR241C,0,-2.7696488,0.15466195344924927,0.9971510171890259,0.5450142621994019
YIL004C,YPL048W,0,-2.7699587,0.15459364652633667,0.9971510171890259,0.5452991724014282
YLR373C,YER025W,0,-2.7705266,0.15452538430690765,0.9971510171890259,0.5455840229988098
YGL249W,YHL016C,0,-2.7714036,0.1544571965932846,0.9971510171890259,0.5458689332008362
YGR274C,YNR007C,0,-2.772289,0.15438905358314514,0.9971510171890259,0.5461538434028625
YGL249W,YDR116C,0,-2.7749305,0.15432098507881165,0.9971510171890259,0.5464387536048889
YBL078C,YPL031C,0,-2.7753427,0.15425297617912292,0.9971510171890259,0.5467236638069153
YPL019C,YDL008W,0,-2.7753534,0.15418502688407898,0.9971510171890259,0.5470085740089417
YHR143W,YLR186W,0,-2.77555,0.15411712229251862,0.9971510171890259,0.5472934246063232
YJR134C,YPL092W,0,-2.7763145,0.15404929220676422,0.9971510171890259,0.5475783348083496
YNL291C,YDR479C,0,-2.7771013,0.1539815217256546,0.9971510171890259,0.547863245010376
YHR031C,YBR198C,0,-2.778557,0.15391381084918976,0.9971510171890259,0.5481481552124023
YIL084C,YLR010C,0,-2.7815201,0.1538461595773697,0.9971510171890259,0.5484330654144287
YER048W-A,YLR079W,0,-2.7822683,0.1537785530090332,0.9971510171890259,0.5487179756164551
YGL120C,YPR132W,0,-2.7832336,0.15371102094650269,0.9971510171890259,0.5490028262138367
YPR005C,YML088W,0,-2.7857509,0.15364354848861694,0.9971510171890259,0.549287736415863
YDL099W,YHR023W,0,-2.7869196,0.15357613563537598,0.9971510171890259,0.5495726466178894
YOR386W,YGR218W,0,-2.7885458,0.1535087674856186,0.9971510171890259,0.5498575568199158
YAR019C,YKL108W,0,-2.788853,0.15344147384166718,0.9971510171890259,0.5501424670219421
YJR022W,YBL057C,0,-2.7890139,0.15337423980236053,0.9971510171890259,0.5504273772239685
YIL039W,YML060W,0,-2.7902849,0.15330705046653748,0.9971510171890259,0.5507122278213501
YJR155W,YPL153C,0,-2.79227,0.15323993563652039,0.9971510171890259,0.5509971380233765
YPR049C,YOR174W,0,-2.7934167,0.15317286550998688,0.9971510171890259,0.5512820482254028
YEL038W,YOR384W,0,-2.7937028,0.15310585498809814,0.9971510171890259,0.5515669584274292
YER114C,YPR054W,0,-2.7940428,0.15303891897201538,0.9971510171890259,0.5518518686294556
YEL065W,YKL017C,0,-2.794351,0.1529720276594162,0.9971510171890259,0.5521367788314819
YML005W,YPL174C,0,-2.7943528,0.1529051959514618,0.9971510171890259,0.5524216294288635
YJR104C,YJL044C,0,-2.7947423,0.15283842384815216,0.9971510171890259,0.5527065396308899
YOR057W,YOR337W,0,-2.7962208,0.1527717113494873,0.9971510171890259,0.5529914498329163
YDR242W,YLL038C,0,-2.7969148,0.15270505845546722,0.9971510171890259,0.5532763600349426
YDL069C,YHR116W,0,-2.7984638,0.15263846516609192,0.9971510171890259,0.553561270236969
YDR060W,YGR191W,0,-2.799033,0.1525719314813614,0.9971510171890259,0.5538461804389954
YIL034C,YLL062C,0,-2.8001502,0.15250544250011444,0.9971510171890259,0.554131031036377
YML074C,YIR009W,0,-2.8004315,0.15243902802467346,0.9971510171890259,0.5544159412384033
YDR448W,YMR285C,0,-2.80075,0.15237265825271606,0.9971510171890259,0.5547008514404297
YNR043W,YPL092W,0,-2.800882,0.15230634808540344,0.9971510171890259,0.554985761642456
YDL060W,YDL065C,0,-2.8014295,0.1522400975227356,0.9971510171890259,0.5552706718444824
YER061C,YPL269W,0,-2.8026955,0.15217390656471252,0.9971510171890259,0.5555555820465088
YDL185W,YPR042C,0,-2.802697,0.15210777521133423,0.9971510171890259,0.5558404326438904
YER083C,YNL061W,0,-2.8040555,0.1520417034626007,0.9971510171890259,0.5561253428459167
YDR046C,YPR019W,0,-2.8067243,0.15197569131851196,0.9971510171890259,0.5564102530479431
YNL158W,YIL155C,0,-2.807619,0.1519097238779068,0.9971510171890259,0.5566951632499695
YNL280C,YKR059W,0,-2.809714,0.1518438160419464,0.9971510171890259,0.5569800734519958
YER099C,YDR495C,0,-2.8099432,0.1517779678106308,0.9971510171890259,0.5572649836540222
YDL200C,YER106W,0,-2.8101103,0.15171217918395996,0.9971510171890259,0.5575498342514038
YCL055W,YCR092C,0,-2.8123672,0.1516464501619339,0.9971510171890259,0.5578347444534302
YIL125W,YMR037C,0,-2.8123744,0.15158076584339142,0.9971510171890259,0.5581196546554565
YGL120C,YAL003W,0,-2.8128731,0.1515151560306549,0.9971510171890259,0.5584045648574829
YOL156W,YDR320C,0,-2.8136227,0.15144959092140198,0.9971510171890259,0.5586894750595093
YJR158W,YNL128W,0,-2.814246,0.15138408541679382,0.9971510171890259,0.5589743852615356
YIL009C-A,YDL184C,0,-2.8152268,0.15131863951683044,0.9971510171890259,0.5592592358589172
YHR046C,YER068W,0,-2.8154442,0.15125323832035065,0.9971510171890259,0.5595441460609436
YDR443C,YMR184W,0,-2.8188825,0.15118791162967682,0.9971510171890259,0.55982905626297
YOL156W,YER153C,0,-2.8189604,0.15112262964248657,0.9971510171890259,0.5601139664649963
YJL108C,YGL227W,0,-2.8208983,0.1510574072599411,0.9971510171890259,0.5603988766670227
YMR042W,YER126C,0,-2.8258593,0.1509922295808792,0.9971510171890259,0.5606837868690491
YPR049C,YDR456W,0,-2.8258889,0.1509271264076233,0.9971510171890259,0.5609686374664307
YNR050C,YGL095C,0,-2.8264558,0.15086206793785095,0.9971510171890259,0.561253547668457
YGL206C,YBL023C,0,-2.827285,0.1507970690727234,0.9971510171890259,0.5615384578704834
YAR019C,YJL106W,0,-2.8273494,0.1507321298122406,0.9971510171890259,0.5618233680725098
YLR109W,YER030W,0,-2.8273685,0.1506672352552414,0.9971510171890259,0.5621082782745361
YMR043W,YDL017W,0,-2.8276181,0.15060241520404816,0.9971510171890259,0.5623931884765625
YER131W,YHL004W,0,-2.8289962,0.1505376398563385,0.9971510171890259,0.5626780390739441
YGL232W,YDR436W,0,-2.8312666,0.15047290921211243,0.9971510171890259,0.5629629492759705
YBR048W,YPL204W,0,-2.8316152,0.15040825307369232,0.9971510171890259,0.5632478594779968
YER126C,YOL140W,0,-2.8323712,0.1503436416387558,0.9971510171890259,0.5635327696800232
YDR265W,YOR143C,0,-2.8333528,0.15027908980846405,0.9971510171890259,0.5638176798820496
YBL088C,YDR050C,0,-2.8349268,0.15021459758281708,0.9971510171890259,0.5641025900840759
YNL242W,YCR092C,0,-2.835941,0.1501501500606537,0.9971510171890259,0.5643874406814575
YLR090W,YDR118W,0,-2.8363397,0.15008576214313507,0.9971510171890259,0.5646723508834839
YOR174W,YGR200C,0,-2.8384848,0.15002143383026123,0.9971510171890259,0.5649572610855103
YIR015W,YNL191W,0,-2.8388126,0.14995715022087097,0.9971510171890259,0.5652421712875366
YEL015W,YPL220W,0,-2.8416264,0.1498929262161255,0.9971510171890259,0.565527081489563
YDL030W,YIL115C,0,-2.8418915,0.14982876181602478,0.9971510171890259,0.5658119916915894
YOR057W,YOR242C,0,-2.8430073,0.14976465702056885,0.9971510171890259,0.566096842288971
YJR010C-A,YDR447C,0,-2.8446271,0.1497005969285965,0.9971510171890259,0.5663817524909973
YOL018C,YLR287C-A,0,-2.8452241,0.14963659644126892,0.9971510171890259,0.5666666626930237
YHL019C,YBR166C,0,-2.8453176,0.14957265555858612,0.9971510171890259,0.56695157289505
YDL051W,YDR320C-A,0,-2.8487132,0.1495087593793869,0.9971510171890259,0.5672364830970764
YLR090W,YLR276C,0,-2.8503025,0.14944492280483246,0.9971510171890259,0.5675213932991028
YDR388W,YEL064C,0,-2.8513277,0.1493811309337616,0.9971510171890259,0.5678062438964844
YDL085W,YLR038C,0,-2.8516412,0.1493174135684967,0.9971510171890259,0.5680911540985107
YDR107C,YDR197W,0,-2.8522897,0.1492537260055542,0.9971510171890259,0.5683760643005371
YDR050C,YJL109C,0,-2.8531048,0.14919011294841766,0.9971510171890259,0.5686609745025635
YNL077W,YLR147C,0,-2.8541772,0.1491265445947647,0.9971510171890259,0.5689458847045898
YDR253C,YIR037W,0,-2.8548944,0.14906303584575653,0.9971510171890259,0.5692307949066162
YBR286W,YGL222C,0,-2.8551607,0.14899957180023193,0.9971510171890259,0.5695156455039978
YNL001W,YIL124W,0,-2.8554707,0.1489361673593521,0.9971510171890259,0.5698005557060242
YBR050C,YDR529C,0,-2.8558147,0.14887282252311707,0.9971510171890259,0.5700854659080505
YDR529C,YPR041W,0,-2.8558197,0.1488095223903656,0.9971510171890259,0.5703703761100769
YGL168W,YHR070W,0,-2.8563526,0.1487462818622589,0.9971510171890259,0.5706552863121033
YOR096W,YNL098C,0,-2.8570595,0.1486830860376358,0.9971510171890259,0.5709401965141296
YDL210W,YGR154C,0,-2.8579984,0.14861996471881866,0.9971510171890259,0.5712250471115112
YDR320C-A,YDR368W,0,-2.862959,0.1485568732023239,0.9971510171890259,0.5715099573135376
YIL034C,YAL012W,0,-2.8651507,0.14849384129047394,0.9971510171890259,0.571794867515564
YIR015W,YBL069W,0,-2.8656113,0.14843086898326874,0.9971510171890259,0.5720797777175903
YNL322C,YBL074C,0,-2.8665655,0.1483679562807083,0.9971510171890259,0.5723646879196167
YBR022W,YCL059C,0,-2.8685138,0.14830508828163147,0.9971510171890259,0.5726495981216431
YNL292W,YMR292W,0,-2.8690922,0.1482422649860382,0.9971510171890259,0.5729344487190247
YLR439W,YHR207C,0,-2.8692682,0.14817951619625092,0.9971510171890259,0.573219358921051
YLR304C,YBR166C,0,-2.871082,0.148116797208786,0.9971510171890259,0.5735042691230774
YIL078W,YBL023C,0,-2.8721533,0.14805415272712708,0.9971510171890259,0.5737891793251038
YBL030C,YKL143W,0,-2.8726938,0.14799153804779053,0.9971510171890259,0.5740740895271301
YMR297W,YDR055W,0,-2.8727133,0.14792899787425995,0.9971510171890259,0.5743589997291565
YJR094W-A,YBL020W,0,-2.8730001,0.14786650240421295,0.9971510171890259,0.5746438503265381
YDR448W,YLR212C,0,-2.8736053,0.14780405163764954,0.9971510171890259,0.5749287605285645
YDR456W,YBR009C,0,-2.8745506,0.1477416604757309,0.9971510171890259,0.5752136707305908
YGR047C,YKR105C,0,-2.8746526,0.14767932891845703,0.9971510171890259,0.5754985809326172
YDL229W,YLR096W,0,-2.8780408,0.14761704206466675,0.9971510171890259,0.5757834911346436
YDR532C,YDR388W,0,-2.8827715,0.14755479991436005,0.9971510171890259,0.5760684013366699
YLR370C,YJL025W,0,-2.8830724,0.14749263226985931,0.9971510171890259,0.5763532519340515
YBR164C,YPR122W,0,-2.886498,0.14743049442768097,0.9971510171890259,0.5766381621360779
YOR315W,YJR068W,0,-2.8872068,0.1473684161901474,0.9971510171890259,0.5769230723381042
YEL065W,YPL204W,0,-2.887716,0.1473063975572586,0.9971510171890259,0.5772079825401306
YPL038W,YGL084C,0,-2.8934166,0.1472444236278534,0.9971510171890259,0.577492892742157
YGL136C,YBR198C,0,-2.8935387,0.14718250930309296,0.9971510171890259,0.5777778029441833
YGR191W,YAL058W,0,-2.8954446,0.1471206396818161,0.9971510171890259,0.5780626535415649
YKR094C,YNL248C,0,-2.8963606,0.14705882966518402,0.9971510171890259,0.5783475637435913
YOR066W,YJL121C,0,-2.8964412,0.14699706435203552,0.9971510171890259,0.5786324739456177
YMR247C,YEL021W,0,-2.8966744,0.1469353437423706,0.9971510171890259,0.578917384147644
YFR037C,YEL065W,0,-2.8974645,0.14687368273735046,0.9971510171890259,0.5792022943496704
YEL021W,YPL048W,0,-2.899471,0.1468120813369751,0.9971510171890259,0.5794872045516968
YJR001W,YCR092C,0,-2.8996747,0.1467505246400833,0.9971510171890259,0.5797720551490784
YNL136W,YGL251C,0,-2.9002736,0.1466890126466751,0.9971510171890259,0.5800569653511047
YPL143W,YIR015W,0,-2.901219,0.14662756025791168,0.9971510171890259,0.5803418755531311
YCL055W,YDR093W,0,-2.9013503,0.14656616747379303,0.9971510171890259,0.5806267857551575
YBR050C,YDR224C,0,-2.9014354,0.14650481939315796,0.9971510171890259,0.5809116959571838
YDR074W,YDR510W,0,-2.9019718,0.14644351601600647,0.9971510171890259,0.5811966061592102
YBL103C,YDR536W,0,-2.902099,0.14638227224349976,0.9971510171890259,0.5814814567565918
YCR077C,YHR023W,0,-2.9024806,0.14632107317447662,0.9971510171890259,0.5817663669586182
YPL019C,YGR076C,0,-2.9062796,0.14625991880893707,0.9971510171890259,0.5820512771606445
YOR322C,YGR162W,0,-2.906287,0.1461988240480423,0.9971510171890259,0.5823361873626709
YBR240C,YDL017W,0,-2.9064376,0.1461377888917923,0.9971510171890259,0.5826210975646973
YLR373C,YIL009C-A,0,-2.9074352,0.14607679843902588,0.9971510171890259,0.5829060077667236
YBR237W,YPL022W,0,-2.9075105,0.14601585268974304,0.9971510171890259,0.5831908583641052
YKR014C,YJR094W-A,0,-2.9089377,0.14595496654510498,0.9971510171890259,0.5834757685661316
YDL043C,YAL062W,0,-2.9112136,0.1458941251039505,0.9971510171890259,0.583760678768158
YNR011C,YKR009C,0,-2.9115887,0.1458333283662796,0.9971510171890259,0.5840455889701843
YDL138W,YKL179C,0,-2.9158323,0.14577259123325348,0.9971510171890259,0.5843304991722107
YOR384W,YDR107C,0,-2.920703,0.14571191370487213,0.9971510171890259,0.5846154093742371
YAL021C,YGR200C,0,-2.9207718,0.14565126597881317,0.9971510171890259,0.5849002599716187
YJR158W,YMR188C,0,-2.9208872,0.145590677857399,0.9971510171890259,0.585185170173645
YLR045C,YOL123W,0,-2.9220893,0.14553014934062958,0.9971510171890259,0.5854700803756714
YBR175W,YPL060W,0,-2.9222455,0.14546966552734375,0.9971510171890259,0.5857549905776978
YDR050C,YML070W,0,-2.9239142,0.1454092264175415,0.9971510171890259,0.5860399007797241
YMR127C,YDL112W,0,-2.9239805,0.14534883201122284,0.9971510171890259,0.5863248109817505
YDL231C,YMR281W,0,-2.9240997,0.14528849720954895,0.9971510171890259,0.5866096615791321
YNR008W,YPR031W,0,-2.9259055,0.14522822201251984,0.9971510171890259,0.5868945717811584
YPL091W,YMR211W,0,-2.9265609,0.1451679766178131,0.9971510171890259,0.5871794819831848
YJL019W,YAL003W,0,-2.9274662,0.14510779082775116,0.9971510171890259,0.5874643921852112
YDL085W,YDR436W,0,-2.9284499,0.14504766464233398,0.9971510171890259,0.5877493023872375
YER147C,YPL214C,0,-2.9294152,0.1449875682592392,0.9971510171890259,0.5880342125892639
YDR086C,YHR070W,0,-2.9297798,0.14492753148078918,0.9971510171890259,0.5883190631866455
YMR017W,YLR176C,0,-2.930856,0.14486755430698395,0.9971510171890259,0.5886039733886719
YNR020C,YDL200C,0,-2.9318154,0.1448076069355011,0.9971510171890259,0.5888888835906982
YDR238C,YOL133W,0,-2.9321425,0.14474771916866302,0.9971510171890259,0.5891737937927246
YNL166C,YDR158W,0,-2.9326258,0.14468789100646973,0.9971510171890259,0.589458703994751
YDL204W,YBR058C,0,-2.9326599,0.14462809264659882,0.9971510171890259,0.5897436141967773
YGR047C,YBL022C,0,-2.9330924,0.14456835389137268,0.9971510171890259,0.5900284647941589
YMR098C,YOR233W,0,-2.933811,0.14450867474079132,0.9971510171890259,0.5903133749961853
YJL044C,YPL159C,0,-2.9360979,0.14444902539253235,0.9971510171890259,0.5905982851982117
YDR242W,YMR006C,0,-2.9361448,0.14438943564891815,0.9971510171890259,0.590883195400238
YFL047W,YOL064C,0,-2.9363234,0.14432989060878754,0.9971510171890259,0.5911681056022644
YMR127C,YGL040C,0,-2.93861,0.1442704051733017,0.9971510171890259,0.5914530158042908
YDR014W,YOR221C,0,-2.9417455,0.14421096444129944,0.9971510171890259,0.5917378664016724
YKL135C,YJL108C,0,-2.942538,0.14415156841278076,0.9971510171890259,0.5920227766036987
YLR032W,YKL010C,0,-2.9432154,0.14409221708774567,0.9971510171890259,0.5923076868057251
YML015C,YEL061C,0,-2.9460633,0.14403292536735535,0.9971510171890259,0.5925925970077515
YLR188W,YGR061C,0,-2.9502406,0.1439736783504486,0.9971510171890259,0.5928775072097778
YKL135C,YFL037W,0,-2.9502623,0.14391447603702545,0.9971510171890259,0.5931624174118042
YNL151C,YJL109C,0,-2.9511106,0.14385531842708588,0.9971510171890259,0.5934472680091858
YMR217W,YCL031C,0,-2.951759,0.14379622042179108,0.9971510171890259,0.5937321782112122
YPR132W,YGR234W,0,-2.9527934,0.14373716711997986,0.9971510171890259,0.5940170884132385
YDL075W,YDR400W,0,-2.952995,0.14367815852165222,0.9971510171890259,0.5943019986152649
YHR153C,YDR107C,0,-2.9531515,0.14361920952796936,0.9971510171890259,0.5945869088172913
YJL019W,YHR023W,0,-2.954459,0.1435602903366089,0.9971510171890259,0.5948718190193176
YLR139C,YOR150W,0,-2.9552493,0.1435014307498932,0.9971510171890259,0.5951566696166992
YIL074C,YDR318W,0,-2.9555466,0.14344261586666107,0.9971510171890259,0.5954415798187256
YNR045W,YDR103W,0,-2.957439,0.14338386058807373,0.9971510171890259,0.595726490020752
YJL170C,YPR019W,0,-2.9587603,0.14332515001296997,0.9971510171890259,0.5960114002227783
YJL164C,YGR218W,0,-2.958883,0.1432664692401886,0.9971510171890259,0.5962963104248047
YER082C,YGR061C,0,-2.9607866,0.1432078629732132,0.9971510171890259,0.596581220626831
YDR014W,YPR073C,0,-2.9609487,0.14314928650856018,0.9971510171890259,0.5968660712242126
YDL231C,YHL019C,0,-2.9624805,0.14309075474739075,0.9971510171890259,0.597150981426239
YIR037W,YLR433C,0,-2.9647334,0.1430322825908661,0.9971510171890259,0.5974358916282654
YCR047C,YNL244C,0,-2.9648888,0.142973855137825,0.9971510171890259,0.5977208018302917
YGL210W,YOL117W,0,-2.9649346,0.14291547238826752,0.9971510171890259,0.5980057120323181
YAL013W,YPL038W,0,-2.9673824,0.1428571492433548,0.9971510171890259,0.5982906222343445
YOL064C,YPR178W,0,-2.9678347,0.14279885590076447,0.9971510171890259,0.5985754728317261
YML113W,YNL227C,0,-2.9684193,0.1427406221628189,0.9971510171890259,0.5988603830337524
YDR052C,YEL021W,0,-2.969445,0.14268243312835693,0.9971510171890259,0.5991452932357788
YDR047W,YDR166C,0,-2.97153,0.14262428879737854,0.9971510171890259,0.5994302034378052
YPL157W,YOR217W,0,-2.9719985,0.14256618916988373,0.9971510171890259,0.5997151136398315
YER161C,YDR534C,0,-2.9724274,0.1425081491470337,0.9971510171890259,0.6000000238418579
YDR529C,YER007W,0,-2.9742274,0.14245013892650604,0.9971510171890259,0.6002848744392395
YHR101C,YBR214W,0,-2.9759195,0.14239218831062317,0.9971510171890259,0.6005697846412659
YFL029C,YGR116W,0,-2.9763904,0.14233428239822388,0.9971510171890259,0.6008546948432922
YNL280C,YOL109W,0,-2.9774735,0.14227642118930817,0.9971510171890259,0.6011396050453186
YPL059W,YOR233W,0,-2.9779713,0.14221860468387604,0.9971510171890259,0.601424515247345
YJR033C,YIL084C,0,-2.9806802,0.14216084778308868,0.9971510171890259,0.6017094254493713
YDR478W,YIL084C,0,-2.9823754,0.14210312068462372,0.9971510171890259,0.6019942760467529
YPL089C,YEL002C,0,-2.98244,0.14204545319080353,0.9971510171890259,0.6022791862487793
YNL077W,YPL258C,0,-2.9834201,0.14198783040046692,0.9971510171890259,0.6025640964508057
YPL085W,YJL189W,0,-2.9859376,0.1419302523136139,0.9971510171890259,0.602849006652832
YGR063C,YDR447C,0,-2.986057,0.14187271893024445,0.9971510171890259,0.6031339168548584
YIR037W,YLR221C,0,-2.986418,0.14181523025035858,0.9971510171890259,0.6034188270568848
YPL154C,YER089C,0,-2.9878204,0.1417578011751175,0.9971510171890259,0.6037036776542664
YDL043C,YDR368W,0,-2.9889295,0.1417004019021988,0.9971510171890259,0.6039885878562927
YJL062W,YLR079W,0,-2.9899852,0.14164306223392487,0.9971510171890259,0.6042734980583191
YLL013C,YDL231C,0,-2.9916062,0.14158576726913452,0.9971510171890259,0.6045584082603455
YLR086W,YGL003C,0,-2.9934943,0.14152850210666656,0.9971510171890259,0.6048433184623718
YPL206C,YGR063C,0,-2.99354,0.14147129654884338,0.9971510171890259,0.6051282286643982
YER148W,YMR292W,0,-2.9935915,0.14141413569450378,0.9971510171890259,0.6054130792617798
YMR235C,YGR075C,0,-2.994466,0.14135703444480896,0.9971510171890259,0.6056979894638062
YPL090C,YEL050C,0,-2.9953806,0.14129996299743652,0.9971510171890259,0.6059828996658325
YNL244C,YDL112W,0,-2.9957922,0.14124293625354767,0.9971510171890259,0.6062678098678589
YER083C,YGR194C,0,-2.9984934,0.1411859691143036,0.9971510171890259,0.6065527200698853
YDR420W,YAL025C,0,-3.0000644,0.1411290317773819,0.9971510171890259,0.6068376302719116
YHR207C,YOL117W,0,-3.0004056,0.14107215404510498,0.9971510171890259,0.6071224808692932
YJL019W,YOL140W,0,-3.0016701,0.14101530611515045,0.9971510171890259,0.6074073910713196
YER114C,YNL188W,0,-3.0018706,0.1409585177898407,0.9971510171890259,0.607692301273346
YJL125C,YDL008W,0,-3.0019271,0.14090177416801453,0.9971510171890259,0.6079772114753723
YNL330C,YKR097W,0,-3.0023918,0.14084507524967194,0.9971510171890259,0.6082621216773987
YCR096C,YLR221C,0,-3.004145,0.14078842103481293,0.9971510171890259,0.608547031879425
YLR214W,YEL013W,0,-3.0045745,0.1407318115234375,0.9971510171890259,0.6088318824768066
YDR358W,YDR288W,0,-3.005072,0.14067524671554565,0.9971510171890259,0.609116792678833
YJL125C,YML088W,0,-3.0052283,0.1406187266111374,0.9971510171890259,0.6094017028808594
YIL090W,YGR189C,0,-3.0054314,0.1405622512102127,0.9971510171890259,0.6096866130828857
YOR039W,YDR326C,0,-3.00864,0.1405058205127716,0.9971510171890259,0.6099715232849121
YDR121W,YJL109C,0,-3.0114567,0.1404494345188141,0.9971510171890259,0.6102564334869385
YML040W,YMR051C,1,-3.0118852,0.14079421758651733,1.0,0.6102564334869385
YOL018C,YAL058W,0,-3.0128849,0.14073777198791504,1.0,0.6105412840843201
YML043C,YNL136W,0,-3.012895,0.14068135619163513,1.0,0.6108261942863464
YDR126W,YJR097W,0,-3.0133417,0.140625,1.0,0.6111111044883728
YDL231C,YIL072W,0,-3.0174272,0.14056868851184845,1.0,0.6113960146903992
YDR038C,YDR393W,0,-3.017486,0.1405124068260193,1.0,0.6116809248924255
YHR023W,YMR037C,0,-3.0180142,0.1404561847448349,1.0,0.6119658350944519
YIL084C,YCR075C,0,-3.0190916,0.1404000073671341,1.0,0.6122506856918335
YJL073W,YHR064C,0,-3.019235,0.14034385979175568,1.0,0.6125355958938599
YLR008C,YEL050C,0,-3.0193713,0.14028777182102203,1.0,0.6128205060958862
YNL185C,YHR036W,0,-3.0199091,0.14023172855377197,1.0,0.6131054162979126
YBR198C,YMR037C,0,-3.0200672,0.1401757150888443,1.0,0.613390326499939
YJR058C,YOR092W,0,-3.021743,0.1401197612285614,1.0,0.6136752367019653
YLR266C,YIR036C,0,-3.022193,0.14006385207176208,1.0,0.6139600872993469
YML129C,YIR012W,0,-3.0231707,0.14000797271728516,1.0,0.6142449975013733
YDR265W,YBR050C,0,-3.0236998,0.139952152967453,1.0,0.6145299077033997
YGL205W,YDR520C,0,-3.0254807,0.13989637792110443,1.0,0.614814817905426
YHL032C,YPL123C,0,-3.0294483,0.13984063267707825,1.0,0.6150997281074524
YJR076C,YNL096C,0,-3.0301163,0.13978494703769684,1.0,0.6153846383094788
YJR009C,YGR135W,0,-3.030262,0.139729306101799,1.0,0.6156694889068604
YOR155C,YOR061W,0,-3.0307157,0.13967369496822357,1.0,0.6159543991088867
YJL090C,YGL106W,0,-3.031792,0.1396181434392929,1.0,0.6162393093109131
YPL060W,YDL205C,0,-3.0331666,0.13956262171268463,1.0,0.6165242195129395
YOR381W,YHL047C,0,-3.033189,0.13950715959072113,1.0,0.6168091297149658
YDL019C,YAL034W-A,0,-3.034074,0.13945172727108002,1.0,0.6170940399169922
YDR038C,YDR362C,0,-3.034084,0.13939633965492249,1.0,0.6173788905143738
YDL007W,YPR042C,0,-3.0361328,0.13934101164340973,1.0,0.6176638007164001
YHL047C,YDR362C,0,-3.036401,0.13928571343421936,1.0,0.6179487109184265
YML124C,YKL181W,0,-3.0366566,0.13923045992851257,1.0,0.6182336211204529
YLL013C,YPL033C,0,-3.037163,0.13917525112628937,1.0,0.6185185313224792
YNL207W,YBR291C,0,-3.0374162,0.13912010192871094,1.0,0.6188034415245056
YNL322C,YCR010C,0,-3.037723,0.1390649825334549,1.0,0.6190882921218872
YOL005C,YJL156C,0,-3.0381477,0.13900990784168243,1.0,0.6193732023239136
YOR124C,YMR163C,0,-3.0387974,0.13895486295223236,1.0,0.6196581125259399
YBL090W,YMR017W,0,-3.0394392,0.13889987766742706,1.0,0.6199430227279663
YLR385C,YCR028C,0,-3.0416873,0.13884493708610535,1.0,0.6202279329299927
YMR022W,YLR357W,0,-3.0420523,0.1387900412082672,1.0,0.620512843132019
YDL141W,YLR430W,0,-3.0426683,0.13873517513275146,1.0,0.6207976937294006
YDR341C,YDR022C,0,-3.0450506,0.1386803686618805,1.0,0.621082603931427
YHR101C,YGR191W,0,-3.04574,0.1386255919933319,1.0,0.6213675141334534
YDR495C,YJR068W,0,-3.0478885,0.1385708600282669,1.0,0.6216524243354797
YHR161C,YLR327C,0,-3.0485265,0.13851617276668549,1.0,0.6219373345375061
YJR121W,YJL109C,0,-3.0504012,0.13846154510974884,1.0,0.6222222447395325
YMR016C,YDR093W,0,-3.053145,0.13840694725513458,1.0,0.6225070953369141
YDR236C,YMR224C,0,-3.0544193,0.1383523792028427,1.0,0.6227920055389404
YOR288C,YAL020C,0,-3.054905,0.13829787075519562,1.0,0.6230769157409668
YJR139C,YNL101W,0,-3.0564582,0.1382434070110321,1.0,0.6233618259429932
YPL019C,YHL004W,0,-3.0566428,0.13818897306919098,1.0,0.6236467361450195
YNR027W,YGL227W,0,-3.0572517,0.13813459873199463,1.0,0.6239316463470459
YPR073C,YOL123W,0,-3.0574908,0.13808025419712067,1.0,0.6242164969444275
YLR098C,YBL037W,0,-3.0584042,0.13802595436573029,1.0,0.6245014071464539
YNL049C,YBR291C,0,-3.0594218,0.1379716992378235,1.0,0.6247863173484802
YER025W,YAL021C,0,-3.0604208,0.13791748881340027,1.0,0.6250712275505066
YMR188C,YLR010C,0,-3.0611129,0.13786330819129944,1.0,0.625356137752533
YPR132W,YGR009C,0,-3.0616238,0.13780918717384338,1.0,0.6256410479545593
YNR020C,YER012W,0,-3.063773,0.13775509595870972,1.0,0.6259258985519409
YOL030W,YNR001C,0,-3.0656853,0.13770106434822083,1.0,0.6262108087539673
YPR178W,YDR054C,0,-3.0659459,0.13764706254005432,1.0,0.6264957189559937
YNR050C,YNL191W,0,-3.0674326,0.1375931054353714,1.0,0.62678062915802
YFL041W,YLR381W,0,-3.068743,0.13753917813301086,1.0,0.6270655393600464
YGR101W,YFL037W,0,-3.0689943,0.1374853104352951,1.0,0.6273504495620728
YGL040C,YPR042C,0,-3.0699422,0.13743148744106293,1.0,0.6276353001594543
YOL117W,YJL025W,0,-3.0700858,0.13737769424915314,1.0,0.6279202103614807
YBR036C,YML113W,0,-3.0721257,0.13732394576072693,1.0,0.6282051205635071
YNL136W,YFL039C,0,-3.0741673,0.1372702419757843,1.0,0.6284900307655334
YDL166C,YDR069C,0,-3.0742805,0.13721658289432526,1.0,0.6287749409675598
YOR039W,YLR441C,0,-3.0760968,0.1371629536151886,1.0,0.6290598511695862
YJL019W,YBR105C,0,-3.0771172,0.13710936903953552,1.0,0.6293447017669678
YHR046C,YBR087W,0,-3.0787575,0.13705584406852722,1.0,0.6296296119689941
YDR224C,YAL012W,0,-3.0795143,0.1370023488998413,1.0,0.6299145221710205
YMR314W,YIR009W,0,-3.0813053,0.13694888353347778,1.0,0.6301994323730469
YDR096W,YDL146W,0,-3.0816696,0.13689547777175903,1.0,0.6304843425750732
YNL331C,YDR197W,0,-3.0822113,0.13684210181236267,1.0,0.6307692527770996
YDR424C,YPR031W,0,-3.083134,0.1367887705564499,1.0,0.6310541033744812
YGL119W,YOR211C,0,-3.0839012,0.1367354840040207,1.0,0.6313390135765076
YDR320C,YDR298C,0,-3.0842898,0.13668224215507507,1.0,0.6316239237785339
YDR320C-A,YLR032W,0,-3.0845673,0.13662904500961304,1.0,0.6319088339805603
YHR031C,YLR147C,0,-3.0893314,0.1365758776664734,1.0,0.6321937441825867
YLR266C,YJL048C,0,-3.0896409,0.13652275502681732,1.0,0.632478654384613
YDR507C,YOR374W,0,-3.0896728,0.13646967709064484,1.0,0.6327635049819946
YML116W,YHR017W,0,-3.0904024,0.13641662895679474,1.0,0.633048415184021
YHR206W,YJR045C,0,-3.0908644,0.13636364042758942,1.0,0.6333333253860474
YGL090W,YBL023C,0,-3.0908992,0.13631068170070648,1.0,0.6336182355880737
YJR010C-A,YPL177C,0,-3.092057,0.13625776767730713,1.0,0.6339031457901001
YPL177C,YHR161C,0,-3.0922458,0.13620488345623016,1.0,0.6341880559921265
YOR391C,YIL160C,0,-3.09271,0.13615205883979797,1.0,0.6344729065895081
YBR176W,YJL164C,0,-3.092723,0.13609926402568817,1.0,0.6347578167915344
YPR005C,YPR192W,0,-3.0930502,0.13604651391506195,1.0,0.6350427269935608
YDR440W,YDL007W,0,-3.0934417,0.13599379360675812,1.0,0.6353276371955872
YBR267W,YMR071C,0,-3.0960414,0.13594113290309906,1.0,0.6356125473976135
YDR425W,YIL039W,0,-3.0967915,0.1358885020017624,1.0,0.6358974575996399
YIL112W,YMR204C,0,-3.0985742,0.1358359158039093,1.0,0.6361823081970215
YIL084C,YKR050W,0,-3.0987208,0.1357833594083786,1.0,0.6364672183990479
YOR347C,YLR381W,0,-3.1003318,0.13573086261749268,1.0,0.6367521286010742
YOL072W,YLR079W,0,-3.1005554,0.13567839562892914,1.0,0.6370370388031006
YPR048W,YJR110W,0,-3.1010354,0.13562597334384918,1.0,0.637321949005127
YBR264C,YNR050C,0,-3.1010725,0.1355735808610916,1.0,0.6376068592071533
YCL063W,YDR088C,0,-3.10198,0.13552123308181763,1.0,0.6378917098045349
YGR104C,YER020W,0,-3.102012,0.13546893000602722,1.0,0.6381766200065613
YBR283C,YAL058W,0,-3.102193,0.1354166716337204,1.0,0.6384615302085876
YIR015W,YLL001W,0,-3.1024044,0.13536444306373596,1.0,0.638746440410614
YIL084C,YGR116W,0,-3.1037958,0.1353122591972351,1.0,0.6390313506126404
YMR298W,YIL125W,0,-3.1044786,0.13526012003421783,1.0,0.6393162608146667
YGL090W,YLR014C,0,-3.107005,0.13520801067352295,1.0,0.6396011114120483
YCR072C,YMR285C,0,-3.1075132,0.13515594601631165,1.0,0.6398860216140747
YGL206C,YDR298C,0,-3.108781,0.13510392606258392,1.0,0.6401709318161011
YBR030W,YOR270C,0,-3.1091073,0.1350519359111786,1.0,0.6404558420181274
YJL136C,YBR058C-A,0,-3.1096241,0.13500000536441803,1.0,0.6407407522201538
YHR172W,YGL003C,0,-3.111906,0.13494808971881866,1.0,0.6410256624221802
YDR022C,YEL058W,0,-3.112187,0.13489623367786407,1.0,0.6413105130195618
YIL101C,YNL149C,0,-3.1123314,0.13484440743923187,1.0,0.6415954232215881
YKR037C,YGR295C,0,-3.1143935,0.13479262590408325,1.0,0.6418803334236145
YNL310C,YLR120C,0,-3.1160913,0.1347408890724182,1.0,0.6421652436256409
YNL136W,YNL268W,0,-3.116974,0.13468918204307556,1.0,0.6424501538276672
YKL154W,YGR156W,0,-3.1187747,0.1346375197172165,1.0,0.6427350640296936
YBR160W,YER147C,0,-3.1204228,0.1345858871936798,1.0,0.6430199146270752
YOR265W,YBR058C-A,0,-3.1233885,0.1345342993736267,1.0,0.6433048248291016
YHL019C,YHR117W,0,-3.1234603,0.1344827562570572,1.0,0.6435897350311279
YMR036C,YGR086C,0,-3.1241777,0.13443125784397125,1.0,0.6438746452331543
YDL056W,YGR061C,0,-3.1268537,0.1343797892332077,1.0,0.6441595554351807
YDR356W,YJL062W,0,-3.1270483,0.13432836532592773,1.0,0.644444465637207
YMR314W,YJL133W,0,-3.1272936,0.13427697122097015,1.0,0.6447293162345886
YDL146W,YNL149C,0,-3.12733,0.13422562181949615,1.0,0.645014226436615
YIL125W,YKL059C,0,-3.1275826,0.13417431712150574,1.0,0.6452991366386414
YDR440W,YMR094W,0,-3.1279814,0.1341230422258377,1.0,0.6455840468406677
YDR421W,YHR070W,0,-3.1285882,0.13407181203365326,1.0,0.6458689570426941
YER147C,YDR288W,0,-3.1293576,0.1340206116437912,1.0,0.6461538672447205
YGL168W,YGR006W,0,-3.1298482,0.1339694708585739,1.0,0.646438717842102
YDR052C,YOL071W,0,-3.131118,0.13391834497451782,1.0,0.6467236280441284
YOR373W,YIR023W,0,-3.1312284,0.1338672786951065,1.0,0.6470085382461548
YPL022W,YCR028C,0,-3.1315699,0.13381624221801758,1.0,0.6472934484481812
YOL031C,YER070W,0,-3.1333683,0.13376525044441223,1.0,0.6475783586502075
YPL177C,YHR181W,0,-3.134437,0.13371428847312927,1.0,0.6478632688522339
YOR182C,YDR177W,0,-3.134543,0.1336633712053299,1.0,0.6481481194496155
YML012W,YJL221C,0,-3.134906,0.1336124837398529,1.0,0.6484330296516418
YPR028W,YHR070W,0,-3.1352768,0.1335616409778595,1.0,0.6487179398536682
YBR205W,YOR269W,0,-3.1380537,0.13351084291934967,1.0,0.6490028500556946
YMR211W,YGL095C,0,-3.1381798,0.13346007466316223,1.0,0.649287760257721
YJL198W,YNL049C,0,-3.140031,0.13340935111045837,1.0,0.6495726704597473
YMR290C,YOR151C,0,-3.1410449,0.1333586573600769,1.0,0.6498575210571289
YMR171C,YOR233W,0,-3.1420586,0.13330800831317902,1.0,0.6501424312591553
YGR274C,YJL073W,0,-3.1425893,0.1332574039697647,1.0,0.6504273414611816
YLR221C,YJR058C,0,-3.146124,0.1332068294286728,1.0,0.650712251663208
YGL040C,YOL109W,0,-3.1473982,0.13315629959106445,1.0,0.6509971618652344
YER173W,YMR012W,0,-3.148006,0.1331057995557785,1.0,0.6512820720672607
YIL034C,YHR101C,0,-3.1485944,0.13305534422397614,1.0,0.6515669226646423
YNR027W,YMR070W,0,-3.1491978,0.13300491869449615,1.0,0.6518518328666687
YAR015W,YJL044C,0,-3.149867,0.13295455276966095,1.0,0.6521367430686951
YMR043W,YGR189C,0,-3.1499276,0.13290420174598694,1.0,0.6524216532707214
YMR056C,YIL009C-A,0,-3.1517322,0.1328538954257965,1.0,0.6527065634727478
YAL035W,YNL191W,0,-3.1525257,0.13280363380908966,1.0,0.6529914736747742
YNL166C,YPR016C,0,-3.1537836,0.1327534019947052,1.0,0.6532763242721558
YLL001W,YMR292W,0,-3.15581,0.13270321488380432,1.0,0.6535612344741821
YDR478W,YOL064C,0,-3.1579905,0.13265305757522583,1.0,0.6538461446762085
YJR066W,YIL124W,0,-3.1603622,0.13260294497013092,1.0,0.6541310548782349
YHR167W,YMR071C,0,-3.16278,0.1325528770685196,1.0,0.6544159650802612
YIL093C,YML005W,0,-3.1651447,0.13250282406806946,1.0,0.6547008752822876
YCR072C,YMR217W,0,-3.165435,0.1324528306722641,1.0,0.6549857258796692
YER126C,YML048W,0,-3.1667757,0.13240286707878113,1.0,0.6552706360816956
YGL249W,YCR094W,0,-3.1677055,0.13235294818878174,1.0,0.6555555462837219
YJL219W,YEL017C-A,0,-3.1692798,0.13230305910110474,1.0,0.6558404564857483
YHR076W,YLR008C,0,-3.1696036,0.13225319981575012,1.0,0.6561253666877747
YDR347W,YDR219C,0,-3.1698706,0.1322033852338791,1.0,0.656410276889801
YLL011W,YHR181W,0,-3.172839,0.13215361535549164,1.0,0.6566951274871826
YDR536W,YPL214C,0,-3.174949,0.13210387527942657,1.0,0.656980037689209
YMR282C,YIL051C,0,-3.1751645,0.1320541799068451,1.0,0.6572649478912354
YLR370C,YBR050C,0,-3.1760004,0.132004514336586,1.0,0.6575498580932617
YDR440W,YDR393W,0,-3.1783965,0.13195489346981049,1.0,0.6578347682952881
YPL214C,YPL048W,0,-3.179787,0.13190530240535736,1.0,0.6581196784973145
YBR001C,YNR027W,0,-3.1801312,0.13185574114322662,1.0,0.658404529094696
YIR023W,YDR044W,0,-3.1812503,0.13180623948574066,1.0,0.6586894392967224
YER086W,YMR302C,0,-3.1819313,0.1317567527294159,1.0,0.6589743494987488
YDR038C,YGR135W,0,-3.1822293,0.1317073106765747,1.0,0.6592592597007751
YJR066W,YDR086C,0,-3.1822922,0.1316579133272171,1.0,0.6595441699028015
YGL211W,YCL055W,0,-3.1830122,0.13160854578018188,1.0,0.6598290801048279
YMR264W,YEL050C,0,-3.183291,0.13155922293663025,1.0,0.6601139307022095
YDR013W,YMR256C,0,-3.183654,0.131509929895401,1.0,0.6603988409042358
YDL127W,YML095C,0,-3.1840053,0.13146068155765533,1.0,0.6606837511062622
YHR206W,YEL061C,0,-3.1850564,0.13141146302223206,1.0,0.6609686613082886
YNL291C,YPL226W,0,-3.185065,0.13136227428913116,1.0,0.6612535715103149
YGL232W,YGL031C,0,-3.1850655,0.13131313025951385,1.0,0.6615384817123413
YNR020C,YOR070C,0,-3.1858714,0.13126403093338013,1.0,0.6618233323097229
YNL311C,YDR117C,0,-3.1859734,0.1312149465084076,1.0,0.6621082425117493
YGR188C,YHR036W,0,-3.1872318,0.13116592168807983,1.0,0.6623931527137756
YDR219C,YBL021C,0,-3.1875951,0.13111692667007446,1.0,0.662678062915802
YGR263C,YML088W,0,-3.187844,0.13106796145439148,1.0,0.6629629731178284
YMR298W,YAL012W,0,-3.1881132,0.13101904094219208,1.0,0.6632478833198547
YHR044C,YBR297W,0,-3.1885507,0.13097015023231506,1.0,0.6635327339172363
YIR037W,YAL035W,0,-3.1886773,0.13092130422592163,1.0,0.6638176441192627
YDR253C,YDR511W,0,-3.1899087,0.13087248802185059,1.0,0.6641025543212891
YLR096W,YPR178W,0,-3.1911085,0.13082370162010193,1.0,0.6643874645233154
YDL030W,YDR322W,0,-3.1914551,0.13077495992183685,1.0,0.6646723747253418
YDR013W,YNL166C,0,-3.1915114,0.13072626292705536,1.0,0.6649572849273682
YDR238C,YNL166C,0,-3.192,0.13067758083343506,1.0,0.6652421355247498
YNR016C,YHR136C,0,-3.1936295,0.13062895834445953,1.0,0.6655270457267761
YOL067C,YHR181W,0,-3.195269,0.1305803507566452,1.0,0.6658119559288025
YDR312W,YDL137W,0,-3.195657,0.13053180277347565,1.0,0.6660968661308289
YEL038W,YGR116W,0,-3.2017918,0.13048326969146729,1.0,0.6663817763328552
YPL022W,YBL074C,0,-3.2026112,0.1304347813129425,1.0,0.6666666865348816
YBL093C,YGL155W,0,-3.2045627,0.1303863227367401,1.0,0.666951596736908
YOR076C,YLR265C,0,-3.2046795,0.1303379088640213,1.0,0.6672364473342896
YDR536W,YIL136W,0,-3.2062962,0.13028953969478607,1.0,0.6675213575363159
YJR097W,YJL133W,0,-3.207041,0.13024118542671204,1.0,0.6678062677383423
YPL206C,YCL063W,0,-3.207606,0.13019287586212158,1.0,0.6680911779403687
YJR121W,YOL002C,0,-3.2083013,0.1301446110010147,1.0,0.668376088142395
YLR154C,YMR026C,0,-3.2103906,0.13009636104106903,1.0,0.6686609983444214
YJR155W,YKL028W,0,-3.2104192,0.13004817068576813,1.0,0.668945848941803
YER007W,YML081C-A,0,-3.2106726,0.12999999523162842,1.0,0.6692307591438293
YGR029W,YML070W,0,-3.2135308,0.1299518644809723,1.0,0.6695156693458557
YGL223C,YER053C,0,-3.215117,0.12990377843379974,1.0,0.6698005795478821
YPL177C,YMR224C,0,-3.2152898,0.12985572218894958,1.0,0.6700854897499084
YDR242W,YGR154C,0,-3.2155416,0.12980769574642181,1.0,0.6703703999519348
YDR511W,YHR167W,0,-3.216788,0.12975969910621643,1.0,0.6706552505493164
YOR155C,YIL112W,0,-3.219526,0.12971174716949463,1.0,0.6709401607513428
YOR175C,YER164W,0,-3.2203364,0.1296638399362564,1.0,0.6712250709533691
YIL004C,YER114C,0,-3.2206502,0.12961594760417938,1.0,0.6715099811553955
YHR143W,YOR143C,0,-3.221211,0.12956809997558594,1.0,0.6717948913574219
YLR096W,YFR007W,0,-3.2239273,0.12952029705047607,1.0,0.6720798015594482
YDR315C,YKL218C,0,-3.2256114,0.1294725239276886,1.0,0.6723646521568298
YDL120W,YHR117W,0,-3.226083,0.1294247806072235,1.0,0.6726495623588562
YML116W,YLR120C,0,-3.2263558,0.1293770670890808,1.0,0.6729344725608826
YML116W,YFL036W,0,-3.228289,0.1293293982744217,1.0,0.6732193827629089
YDR270W,YJR058C,0,-3.228381,0.12928177416324615,1.0,0.6735042929649353
YOR075W,YPR021C,0,-3.2283885,0.1292341649532318,1.0,0.6737892031669617
YLR430W,YLL035W,0,-3.230419,0.12918660044670105,1.0,0.6740740537643433
YMR314W,YDR420W,0,-3.232055,0.12913906574249268,1.0,0.6743589639663696
YJL198W,YLR032W,0,-3.232656,0.12909157574176788,1.0,0.674643874168396
YOR224C,YOL056W,0,-3.2341516,0.12904411554336548,1.0,0.6749287843704224
YLR192C,YIR009W,0,-3.2342367,0.12899668514728546,1.0,0.6752136945724487
YJR010C-A,YLR121C,0,-3.2345455,0.12894929945468903,1.0,0.6754986047744751
YFR037C,YKL021C,0,-3.2351537,0.12890194356441498,1.0,0.6757834553718567
YEL038W,YHL004W,0,-3.2365298,0.1288546323776245,1.0,0.6760683655738831
YPL019C,YLR172C,0,-3.2372646,0.12880733609199524,1.0,0.6763532757759094
YDL099W,YHR099W,0,-3.2398424,0.12876008450984955,1.0,0.6766381859779358
YEL021W,YGR135W,0,-3.242359,0.12871287763118744,1.0,0.6769230961799622
YOL030W,YDL099W,0,-3.2455275,0.12866568565368652,1.0,0.6772080063819885
YOR047C,YDL190C,0,-3.2466142,0.1286185383796692,1.0,0.6774928569793701
YCL059C,YAL003W,0,-3.2496166,0.12857143580913544,1.0,0.6777777671813965
YNL291C,YPL092W,0,-3.2500226,0.12852434813976288,1.0,0.6780626773834229
YJL164C,YIL039W,0,-3.250025,0.1284773051738739,1.0,0.6783475875854492
YMR088C,YIR036C,0,-3.2500684,0.1284302920103073,1.0,0.6786324977874756
YOL133W,YOR043W,0,-3.2501526,0.1283833235502243,1.0,0.678917407989502
YDR379W,YER111C,0,-3.2505167,0.12833638489246368,1.0,0.6792022585868835
YLR370C,YPL022W,0,-3.2510002,0.12828947603702545,1.0,0.6794871687889099
YJR025C,YNL015W,0,-3.2525036,0.1282425969839096,1.0,0.6797720789909363
YBR097W,YER111C,0,-3.25269,0.12819576263427734,1.0,0.6800569891929626
YLR015W,YLR381W,0,-3.252798,0.12814895808696747,1.0,0.680341899394989
YCR077C,YML009C,0,-3.2542617,0.12810218334197998,1.0,0.6806268095970154
YPL106C,YBR087W,0,-3.2553384,0.12805545330047607,1.0,0.680911660194397
YJR065C,YER007W,0,-3.2554352,0.12800875306129456,1.0,0.6811965703964233
YMR307W,YLR134W,0,-3.2567978,0.12796208262443542,1.0,0.6814814805984497
YDL006W,YKL179C,0,-3.257169,0.12791545689105988,1.0,0.6817663908004761
YEL013W,YGL205W,0,-3.2577507,0.12786884605884552,1.0,0.6820513010025024
YFL036W,YDR047W,0,-3.2585375,0.12782227993011475,1.0,0.6823362112045288
YLR396C,YJL108C,0,-3.2586489,0.12777575850486755,1.0,0.6826210618019104
YOR348C,YLR097C,0,-3.2618532,0.12772925198078156,1.0,0.6829059720039368
YKL108W,YGL227W,0,-3.2627137,0.12768279016017914,1.0,0.6831908822059631
YGR295C,YJL156C,0,-3.263355,0.1276363581418991,1.0,0.6834757924079895
YOR181W,YEL021W,0,-3.263487,0.12758997082710266,1.0,0.6837607026100159
YGR262C,YPR054W,0,-3.2638066,0.1275435984134674,1.0,0.6840456128120422
YIL070C,YER020W,0,-3.2674491,0.12749727070331573,1.0,0.6843304634094238
YBR205W,YMR004W,0,-3.2677147,0.12745098769664764,1.0,0.6846153736114502
YMR298W,YDR044W,0,-3.2683685,0.12740471959114075,1.0,0.6849002838134766
YMR188C,YGR158C,0,-3.270796,0.12735849618911743,1.0,0.6851851940155029
YJL065C,YDR093W,0,-3.2780519,0.1273123025894165,1.0,0.6854701042175293
YBR024W,YCR037C,0,-3.278074,0.12726613879203796,1.0,0.6857550144195557
YPR132W,YLR238W,0,-3.2787738,0.1272200047969818,1.0,0.6860398650169373
YMR292W,YBL020W,0,-3.2810116,0.12717391550540924,1.0,0.6863247752189636
YKL156W,YOR069W,0,-3.2813323,0.12712785601615906,1.0,0.68660968542099
YJL044C,YHR070W,0,-3.2817075,0.12708182632923126,1.0,0.6868945956230164
YGL090W,YBL090W,0,-3.2827442,0.12703582644462585,1.0,0.6871795058250427
YCR081W,YKL108W,0,-3.2860239,0.12698987126350403,1.0,0.6874644160270691
YJR013W,YDR265W,0,-3.288251,0.1269439458847046,1.0,0.6877492666244507
YDR424C,YBR176W,0,-3.2884521,0.12689805030822754,1.0,0.688034176826477
YER088C,YER051W,0,-3.289079,0.12685218453407288,1.0,0.6883190870285034
YMR139W,YDL017W,0,-3.2895136,0.1268063634634018,1.0,0.6886039972305298
YMR098C,YER126C,0,-3.2899754,0.1267605572938919,1.0,0.6888889074325562
YBL020W,YML095C,0,-3.290179,0.1267147958278656,1.0,0.6891738176345825
YLR266C,YJL041W,0,-3.2902315,0.12666907906532288,1.0,0.6894586682319641
YLR008C,YPL051W,0,-3.2910988,0.12662337720394135,1.0,0.6897435784339905
YPL155C,YHR129C,0,-3.2919805,0.1265777200460434,1.0,0.6900284886360168
YHL032C,YLR246W,0,-3.2923381,0.12653207778930664,1.0,0.6903133988380432
YPL143W,YIR037W,0,-3.2957525,0.12648648023605347,1.0,0.6905983090400696
YFL044C,YKL116C,0,-3.2972462,0.12644092738628387,1.0,0.690883219242096
YKL010C,YJR126C,0,-3.2973492,0.12639538943767548,1.0,0.6911680698394775
YEL038W,YJL052W,0,-3.2974522,0.12634989619255066,1.0,0.6914529800415039
YNL311C,YJR075W,0,-3.2979255,0.12630443274974823,1.0,0.6917378902435303
YNL330C,YDR038C,0,-3.2979853,0.1262589991092682,1.0,0.6920228004455566
YBR205W,YBR142W,0,-3.2984927,0.12621359527111053,1.0,0.692307710647583
YNL129W,YPL038W,0,-3.2986782,0.12616822123527527,1.0,0.6925926208496094
YOR143C,YNR041C,0,-3.2998307,0.12612289190292358,1.0,0.692877471446991
YBR082C,YPL172C,0,-3.3037522,0.1260775923728943,1.0,0.6931623816490173
YGR188C,YBL090W,0,-3.3049774,0.12603232264518738,1.0,0.6934472918510437
YCR096C,YCL069W,0,-3.3059728,0.12598708271980286,1.0,0.6937322020530701
YHR207C,YDL030W,0,-3.3061097,0.12594187259674072,1.0,0.6940171122550964
YFL004W,YJR045C,0,-3.309691,0.12589670717716217,1.0,0.6943020224571228
YLL009C,YBR009C,0,-3.3126223,0.1258515566587448,1.0,0.6945868730545044
YBR296C,YGR124W,0,-3.313382,0.12580645084381104,1.0,0.6948717832565308
YDL080C,YDL051W,0,-3.31382,0.12576137483119965,1.0,0.6951566934585571
YML009C,YBL082C,0,-3.3138564,0.12571632862091064,1.0,0.6954416036605835
YJR065C,YGR200C,0,-3.315111,0.12567132711410522,1.0,0.6957265138626099
YMR070W,YDR356W,0,-3.3162448,0.125626340508461,1.0,0.6960114240646362
YJL044C,YCR081W,0,-3.3169959,0.12558139860630035,1.0,0.6962962746620178
YDR126W,YOR043W,0,-3.317219,0.1255364865064621,1.0,0.6965811848640442
YNL289W,YMR012W,0,-3.317685,0.12549160420894623,1.0,0.6968660950660706
YDR376W,YKR050W,0,-3.318076,0.12544675171375275,1.0,0.6971510052680969
YOL019W,YLR079W,0,-3.319237,0.12540192902088165,1.0,0.6974359154701233
YMR235C,YGR086C,0,-3.3192573,0.12535713613033295,1.0,0.6977208256721497
YNL280C,YOR046C,0,-3.3200998,0.12531238794326782,1.0,0.6980056762695312
YAR018C,YDR400W,0,-3.3211098,0.12526766955852509,1.0,0.6982905864715576
YGR104C,YNL308C,0,-3.3212743,0.12522298097610474,1.0,0.698575496673584
YAL034W-A,YDR088C,0,-3.3214278,0.12517832219600677,1.0,0.6988604068756104
YDR329C,YDR031W,0,-3.3220112,0.1251336932182312,1.0,0.6991453170776367
YCR009C,YLL011W,0,-3.3222961,0.12508909404277802,1.0,0.6994302272796631
YHL019C,YOL147C,0,-3.3223026,0.12504452466964722,1.0,0.6997150778770447
YEL064C,YJL108C,0,-3.3227193,0.125,1.0,0.699999988079071
YHR116W,YCR028C,0,-3.324746,0.12495549768209457,1.0,0.7002848982810974
YOR278W,YNR050C,0,-3.326103,0.12491103261709213,1.0,0.7005698084831238
YOL156W,YNR041C,0,-3.3273618,0.12486659735441208,1.0,0.7008547186851501
YEL013W,YPR168W,0,-3.327748,0.12482219189405441,1.0,0.7011396288871765
YBR198C,YLR212C,0,-3.3287346,0.12477781623601913,1.0,0.7014244794845581
YIL070C,YER174C,0,-3.3291082,0.12473347783088684,1.0,0.7017093896865845
YNL322C,YER012W,0,-3.3309896,0.12468916177749634,1.0,0.7019942998886108
YDR379W,YOR092W,0,-3.331679,0.12464488297700882,1.0,0.7022792100906372
YOR047C,YDR320C,0,-3.3318498,0.12460064142942429,1.0,0.7025641202926636
YNL242W,YGR223C,0,-3.3333485,0.12455642223358154,1.0,0.7028490304946899
YOL065C,YDR197W,0,-3.3336766,0.12451224029064178,1.0,0.7031338810920715
YMR094W,YCR098C,0,-3.336398,0.12446808815002441,1.0,0.7034187912940979
YGL249W,YOR069W,0,-3.3364499,0.12442396581172943,1.0,0.7037037014961243
YKR090W,YOR270C,0,-3.3374755,0.12437987327575684,1.0,0.7039886116981506
YBR123C,YDL085W,0,-3.3386886,0.12433581054210663,1.0,0.704273521900177
YOL072W,YEL050C,0,-3.3400981,0.1242917850613594,1.0,0.7045584321022034
YGR101W,YDL056W,0,-3.3405025,0.12424778938293457,1.0,0.704843282699585
YBR245C,YDR298C,0,-3.3421643,0.12420382350683212,1.0,0.7051281929016113
YBR166C,YHR036W,0,-3.3422,0.12415988743305206,1.0,0.7054131031036377
YDL185W,YGR184C,0,-3.3445094,0.12411598116159439,1.0,0.7056980133056641
YDR356W,YDR436W,0,-3.3472028,0.1240721121430397,1.0,0.7059829235076904
YLR096W,YML081C-A,0,-3.3513916,0.1240282654762268,1.0,0.7062678337097168
YOR369C,YGL040C,0,-3.351457,0.1239844560623169,1.0,0.7065526843070984
YJL008C,YDR130C,0,-3.3532631,0.12394067645072937,1.0,0.7068375945091248
YDL192W,YBR084W,0,-3.3556397,0.12389692664146423,1.0,0.7071225047111511
YER173W,YIL115C,0,-3.3571334,0.12385321408510208,1.0,0.7074074149131775
YML125C,YOL080C,0,-3.3576562,0.12380952388048172,1.0,0.7076923251152039
YNL128W,YCR081W,0,-3.357732,0.12376587092876434,1.0,0.7079772353172302
YLR188W,YJL097W,0,-3.3586278,0.12372224032878876,1.0,0.7082620859146118
YDR117C,YNL119W,0,-3.360099,0.12367864698171616,1.0,0.7085469961166382
YDR219C,YDL231C,0,-3.3610885,0.12363508343696594,1.0,0.7088319063186646
YGR223C,YHR207C,0,-3.3630173,0.12359154969453812,1.0,0.7091168165206909
YJR110W,YDR047W,0,-3.3637981,0.12354804575443268,1.0,0.7094017267227173
YDR524C,YLR433C,0,-3.3672173,0.12350457161664963,1.0,0.7096866369247437
YOR181W,YIL138C,0,-3.368851,0.12346113473176956,1.0,0.7099714875221252
YLR214W,YJR126C,0,-3.3695862,0.12341772019863129,1.0,0.7102563977241516
YDL069C,YEL002C,0,-3.3695912,0.123374342918396,1.0,0.710541307926178
YCR077C,YLR287C-A,0,-3.37023,0.1233309879899025,1.0,0.7108262181282043
YOR386W,YPR019W,0,-3.3709943,0.12328767031431198,1.0,0.7111111283302307
YMR223W,YOL140W,0,-3.3714917,0.12324438244104385,1.0,0.7113960385322571
YER007W,YER153C,0,-3.3718143,0.12320112437009811,1.0,0.7116808891296387
YNR027W,YGL222C,0,-3.3725142,0.12315789610147476,1.0,0.711965799331665
YDR251W,YGR218W,0,-3.3725724,0.1231146976351738,1.0,0.7122507095336914
YDR011W,YMR026C,0,-3.3736272,0.12307152897119522,1.0,0.7125356197357178
YDR270W,YBR185C,0,-3.3754838,0.12302839010953903,1.0,0.7128205299377441
YNL129W,YGR156W,0,-3.3762822,0.12298528105020523,1.0,0.7131054401397705
YDL210W,YDR420W,0,-3.3768482,0.12294220924377441,1.0,0.7133902907371521
YER095W,YLL038C,0,-3.3770084,0.12289915978908539,1.0,0.7136752009391785
YMR100W,YPR042C,0,-3.3780248,0.12285614013671875,1.0,0.7139601111412048
YLR078C,YAL025C,0,-3.3810904,0.1228131577372551,1.0,0.7142450213432312
YML070W,YAL044C,0,-3.3814366,0.12277019768953323,1.0,0.7145299315452576
YBR001C,YLR438C-A,0,-3.3827975,0.12272727489471436,1.0,0.7148148417472839
YDR279W,YDL095W,0,-3.3847754,0.12268437445163727,1.0,0.7150996923446655
YJR066W,YMR198W,0,-3.385476,0.12264151126146317,1.0,0.7153846025466919
YMR070W,YOR151C,0,-3.385678,0.12259867042303085,1.0,0.7156695127487183
YGR062C,YMR071C,0,-3.3861098,0.12255586683750153,1.0,0.7159544229507446
YNL015W,YPL153C,0,-3.3864033,0.12251308560371399,1.0,0.716239333152771
YBR097W,YPR042C,0,-3.3865335,0.12247034162282944,1.0,0.7165242433547974
YBR036C,YOR308C,0,-3.3876026,0.12242762744426727,1.0,0.716809093952179
YBR205W,YPR021C,0,-3.3893793,0.1223849356174469,1.0,0.7170940041542053
YBL060W,YMR165C,0,-3.3898485,0.12234228104352951,1.0,0.7173789143562317
YMR306W,YLR371W,0,-3.391517,0.12229964882135391,1.0,0.7176638245582581
YPR054W,YOL149W,0,-3.3916886,0.1222570538520813,1.0,0.7179487347602844
YOR046C,YLR038C,0,-3.3938704,0.12221448123455048,1.0,0.7182336449623108
YMR043W,YOL147C,0,-3.3941357,0.12217194586992264,1.0,0.7185184955596924
YDR242W,YOR211C,0,-3.3950207,0.12212943285703659,1.0,0.7188034057617188
YAL053W,YOR069W,0,-3.3954237,0.12208695709705353,1.0,0.7190883159637451
YIR002C,YHR129C,0,-3.3954358,0.12204450368881226,1.0,0.7193732261657715
YNL015W,YPL103C,0,-3.3973205,0.12200208753347397,1.0,0.7196581363677979
YPL106C,YDR532C,0,-3.3974106,0.12195969372987747,1.0,0.7199430465698242
YGR106C,YLR045C,0,-3.3980358,0.12191732972860336,1.0,0.7202278971672058
YLR364W,YER030W,0,-3.3984354,0.12187500298023224,1.0,0.7205128073692322
YML129C,YJR139C,0,-3.400008,0.1218326985836029,1.0,0.7207977175712585
YAR015W,YBR055C,0,-3.4000766,0.12179042398929596,1.0,0.7210826277732849
YKR058W,YDR330W,0,-3.4022305,0.1217481791973114,1.0,0.7213675379753113
YFL047W,YGL090W,0,-3.4033296,0.12170596420764923,1.0,0.7216524481773376
YPR049C,YGL205W,0,-3.4094644,0.12166377902030945,1.0,0.7219372987747192
YDR388W,YKL024C,0,-3.4108047,0.12162162363529205,1.0,0.7222222089767456
YMR016C,YDR279W,0,-3.4129736,0.12157949060201645,1.0,0.722507119178772
YKL173W,YLR433C,0,-3.4140732,0.12153739482164383,1.0,0.7227920293807983
YAL013W,YGR262C,0,-3.4141853,0.1214953288435936,1.0,0.7230769395828247
YER099C,YBL082C,0,-3.4180453,0.12145328521728516,1.0,0.7233618497848511
YPL258C,YLR306W,0,-3.4186857,0.1214112788438797,1.0,0.7236467003822327
YER095W,YNR022C,0,-3.4189246,0.12136929482221603,1.0,0.723931610584259
YDR236C,YMR004W,0,-3.419616,0.12132734060287476,1.0,0.7242165207862854
YHR021C,YMR264W,0,-3.4196317,0.12128541618585587,1.0,0.7245014309883118
YCR096C,YPR042C,0,-3.4196465,0.12124352157115936,1.0,0.7247863411903381
YOR043W,YLL035W,0,-3.4206946,0.12120165675878525,1.0,0.7250712513923645
YGL210W,YOR288C,0,-3.4213123,0.12115982174873352,1.0,0.7253561019897461
YOR124C,YLR304C,0,-3.4245553,0.12111800909042358,1.0,0.7256410121917725
YPL017C,YGL141W,0,-3.4249103,0.12107623368501663,1.0,0.7259259223937988
YIL090W,YGR124W,0,-3.42741,0.12103448063135147,1.0,0.7262108325958252
YHR023W,YJR134C,0,-3.4275196,0.1209927648305893,1.0,0.7264957427978516
YDR358W,YDR247W,0,-3.427624,0.12095107138156891,1.0,0.7267806529998779
YNL325C,YDR116C,0,-3.4277499,0.12090940773487091,1.0,0.7270655035972595
YNL039W,YGR116W,0,-3.428191,0.1208677664399147,1.0,0.7273504137992859
YOR174W,YKL010C,0,-3.429951,0.12082616239786148,1.0,0.7276353240013123
YDL085W,YDR322W,0,-3.4312806,0.12078458070755005,1.0,0.7279202342033386
YLR170C,YOR308C,0,-3.4315507,0.1207430362701416,1.0,0.728205144405365
YHR117W,YER051W,0,-3.4330084,0.12070151418447495,1.0,0.7284900546073914
YHR147C,YHR017W,0,-3.4332256,0.12066002190113068,1.0,0.728774905204773
YER029C,YMR292W,0,-3.4348886,0.1206185594201088,1.0,0.7290598154067993
YKR037C,YEL058W,0,-3.4397762,0.1205771192908287,1.0,0.7293447256088257
YOL065C,YDR298C,0,-3.4405715,0.1205357164144516,1.0,0.729629635810852
YNL128W,YBR251W,0,-3.4416797,0.12049433588981628,1.0,0.7299145460128784
YGL137W,YNL289W,0,-3.4418528,0.12045298516750336,1.0,0.7301994562149048
YPL031C,YJR045C,0,-3.4433496,0.12041166424751282,1.0,0.7304843068122864
YOL005C,YPL153C,0,-3.4433818,0.12037037312984467,1.0,0.7307692170143127
YDR440W,YLR079W,0,-3.4451368,0.1203291043639183,1.0,0.7310541272163391
YEL038W,YIR036C,0,-3.447058,0.12028786540031433,1.0,0.7313390374183655
YBR237W,YOR270C,0,-3.4479194,0.12024665623903275,1.0,0.7316239476203918
YBL060W,YIL115C,0,-3.4488037,0.12020547688007355,1.0,0.7319088578224182
YJL052W,YMR208W,0,-3.449208,0.12016432732343674,1.0,0.7321937084197998
YGR156W,YGR158C,0,-3.4522018,0.12012320011854172,1.0,0.7324786186218262
YIL026C,YJR126C,0,-3.452482,0.12008211016654968,1.0,0.7327635288238525
YPL271W,YLR221C,0,-3.4530044,0.12004104256629944,1.0,0.7330484390258789
YIR012W,YKR038C,0,-3.4548821,0.11999999731779099,1.0,0.7333333492279053
YLR109W,YDR390C,0,-3.4552662,0.11995898932218552,1.0,0.7336182594299316
YML124C,YDR418W,0,-3.4557555,0.11991800367832184,1.0,0.7339031100273132
YDR466W,YCR075C,0,-3.4558113,0.11987704783678055,1.0,0.7341880202293396
YDL069C,YDR103W,0,-3.457543,0.11983612179756165,1.0,0.734472930431366
YDR481C,YIR036C,0,-3.4588811,0.11979522556066513,1.0,0.7347578406333923
YNL292W,YKL056C,0,-3.4598413,0.1197543516755104,1.0,0.7350427508354187
YOR181W,YPL154C,0,-3.4598444,0.11971350759267807,1.0,0.7353276610374451
YOR278W,YPR047W,0,-3.4599512,0.11967269331216812,1.0,0.7356125116348267
YKL089W,YDR031W,0,-3.461071,0.11963190138339996,1.0,0.735897421836853
YDR347W,YOL002C,0,-3.4615734,0.1195911392569542,1.0,0.7361823320388794
YMR056C,YMR314W,0,-3.4642506,0.11955040693283081,1.0,0.7364672422409058
YNL128W,YIL126W,0,-3.4643455,0.11950970441102982,1.0,0.7367521524429321
YHR070W,YNR041C,0,-3.4664218,0.11946902424097061,1.0,0.7370370626449585
YPR156C,YDR483W,0,-3.4665122,0.1194283738732338,1.0,0.7373219132423401
YHR105W,YBL021C,0,-3.4673176,0.11938775330781937,1.0,0.7376068234443665
YLR134W,YGL137W,0,-3.4697945,0.11934716254472733,1.0,0.7378917336463928
YKL004W,YMR098C,0,-3.4702647,0.11930659413337708,1.0,0.7381766438484192
YNL311C,YML005W,0,-3.4702976,0.11926605552434921,1.0,0.7384615540504456
YLR396C,YOR308C,0,-3.4724305,0.11922554671764374,1.0,0.7387464642524719
YGR191W,YMR012W,0,-3.4726317,0.11918506026268005,1.0,0.7390313148498535
YHR076W,YDR013W,0,-3.4735608,0.11914460361003876,1.0,0.7393162250518799
YDL033C,YPL202C,0,-3.474055,0.11910417675971985,1.0,0.7396011352539062
YGL253W,YDR400W,0,-3.4745939,0.11906377226114273,1.0,0.7398860454559326
YIL074C,YDR279W,0,-3.4749444,0.119023397564888,1.0,0.740170955657959
YER173W,YMR152W,0,-3.4755979,0.11898305267095566,1.0,0.7404558658599854
YFR005C,YDR014W,0,-3.4768593,0.1189427301287651,1.0,0.7407407164573669
YJR010C-A,YDR421W,0,-3.4779384,0.11890243738889694,1.0,0.7410256266593933
YHR207C,YHR147C,0,-3.4779425,0.11886217445135117,1.0,0.7413105368614197
YHR206W,YJR066W,0,-3.47803,0.11882193386554718,1.0,0.741595447063446
YCL069W,YHR167W,0,-3.4784393,0.11878172308206558,1.0,0.7418803572654724
YDR047W,YPR054W,0,-3.4787521,0.11874154210090637,1.0,0.7421652674674988
YJL164C,YMR023C,0,-3.4789882,0.11870138347148895,1.0,0.7424501180648804
YGL211W,YPR122W,0,-3.4803994,0.11866125464439392,1.0,0.7427350282669067
YDL101C,YOR150W,0,-3.4810655,0.11862115561962128,1.0,0.7430199384689331
YKR094C,YNL149C,0,-3.4813743,0.11858107894659042,1.0,0.7433048486709595
YHR031C,YNR041C,0,-3.4823196,0.11854103207588196,1.0,0.7435897588729858
YNL291C,YJL052W,0,-3.4825356,0.11850101500749588,1.0,0.7438746690750122
YMR281W,YPL060W,0,-3.4843185,0.11846102029085159,1.0,0.7441595196723938
YNL291C,YNL331C,0,-3.4852364,0.1184210553765297,1.0,0.7444444298744202
YDL069C,YDR052C,0,-3.485495,0.11838111281394958,1.0,0.7447293400764465
YCL063W,YNL325C,0,-3.486592,0.11834120005369186,1.0,0.7450142502784729
YMR016C,YJR121W,0,-3.486602,0.11830131709575653,1.0,0.7452991604804993
YNL227C,YER113C,0,-3.4870243,0.11826145648956299,1.0,0.7455840706825256
YNL049C,YML070W,0,-3.4872446,0.11822162568569183,1.0,0.7458689212799072
YIL150C,YMR109W,0,-3.488052,0.11818181723356247,1.0,0.7461538314819336
YPL148C,YMR256C,0,-3.4893866,0.1181420385837555,1.0,0.74643874168396
YOR179C,YOL109W,0,-3.4908686,0.1181022897362709,1.0,0.7467236518859863
YGL206C,YIR006C,0,-3.4911418,0.1180625632405281,1.0,0.7470085620880127
YGL136C,YHL004W,0,-3.4916494,0.1180228665471077,1.0,0.7472934722900391
YDR456W,YBR251W,0,-3.4945095,0.11798319220542908,1.0,0.7475783228874207
YGR241C,YDL146W,0,-3.4956048,0.11794354766607285,1.0,0.747863233089447
YGR156W,YKL028W,0,-3.4974763,0.117903932929039,1.0,0.7481481432914734
YBR097W,YDL115C,0,-3.4980624,0.11786434054374695,1.0,0.7484330534934998
YOL105C,YEL015W,0,-3.4986503,0.11782477051019669,1.0,0.7487179636955261
YPR118W,YLR441C,0,-3.4999597,0.11778523772954941,1.0,0.7490028738975525
YDR288W,YHR129C,0,-3.5010178,0.11774571985006332,1.0,0.7492877244949341
YMR043W,YJL121C,0,-3.50371,0.11770623922348022,1.0,0.7495726346969604
YDR297W,YNL061W,0,-3.5046852,0.11766678094863892,1.0,0.7498575448989868
YAR018C,YCR053W,0,-3.506321,0.1176273450255394,1.0,0.7501424551010132
YGL003C,YHR013C,0,-3.5068128,0.11758793890476227,1.0,0.7504273653030396
YCL061C,YGR156W,0,-3.5077467,0.11754856258630753,1.0,0.7507122755050659
YDR121W,YDR130C,0,-3.5082972,0.11750920861959457,1.0,0.7509971261024475
YOR322C,YPR054W,0,-3.508664,0.11746987700462341,1.0,0.7512820363044739
YPR178W,YLR078C,0,-3.5098116,0.11743057519197464,1.0,0.7515669465065002
YGL090W,YER161C,0,-3.5114665,0.11739130318164825,1.0,0.7518518567085266
YKL135C,YPR021C,0,-3.5125334,0.11735205352306366,1.0,0.752136766910553
YML034W,YHR171W,0,-3.512788,0.11731283366680145,1.0,0.7524216771125793
YGL222C,YOR322C,0,-3.515309,0.11727363616228104,1.0,0.7527065277099609
YHR025W,YDL075W,0,-3.5177972,0.11723446846008301,1.0,0.7529914379119873
YNL207W,YCR054C,0,-3.5179853,0.11719532310962677,1.0,0.7532763481140137
YMR163C,YIL138C,0,-3.520056,0.11715620756149292,1.0,0.75356125831604
YDL108W,YJR134C,0,-3.5215404,0.11711711436510086,1.0,0.7538461685180664
YLR170C,YDR247W,0,-3.5217855,0.11707805097103119,1.0,0.7541310787200928
YNL227C,YBL061C,0,-3.5272136,0.11703900992870331,1.0,0.7544159293174744
YGR058W,YBL060W,0,-3.528426,0.11699999868869781,1.0,0.7547008395195007
YJR139C,YHR086W,0,-3.528981,0.11696100980043411,1.0,0.7549857497215271
YAL034W-A,YBR040W,0,-3.5317717,0.1169220507144928,1.0,0.7552706599235535
YML043C,YMR211W,0,-3.5334227,0.11688311398029327,1.0,0.7555555701255798
YML116W,YDR107C,0,-3.5336657,0.11684420704841614,1.0,0.7558404803276062
YOR373W,YPR042C,0,-3.5343542,0.11680532246828079,1.0,0.7561253309249878
YNR008W,YGL211W,0,-3.5344832,0.11676646769046783,1.0,0.7564102411270142
YER061C,YGR241C,0,-3.535117,0.11672763526439667,1.0,0.7566951513290405
YLR139C,YER113C,0,-3.5367873,0.11668883264064789,1.0,0.7569800615310669
YOL105C,YOL147C,0,-3.538026,0.1166500523686409,1.0,0.7572649717330933
YGR006W,YOR092W,0,-3.5381353,0.1166112944483757,1.0,0.7575498819351196
YOR047C,YIL125W,0,-3.5386496,0.11657256633043289,1.0,0.7578347325325012
YGL191W,YDR128W,0,-3.5407987,0.11653386801481247,1.0,0.7581196427345276
YJL080C,YDR390C,0,-3.5438514,0.11649518460035324,1.0,0.758404552936554
YHR017W,YDR158W,0,-3.5443075,0.116456538438797,1.0,0.7586894631385803
YBR198C,YOL123W,0,-3.54688,0.11641790717840195,1.0,0.7589743733406067
YOL138C,YOL071W,0,-3.5487907,0.11637931317090988,1.0,0.7592592835426331
YGL119W,YGR086C,0,-3.5515573,0.11634073406457901,1.0,0.7595441341400146
YBR123C,YHR099W,0,-3.5525777,0.11630218476057053,1.0,0.759829044342041
YOL064C,YPL204W,0,-3.5567558,0.11626366525888443,1.0,0.7601139545440674
YPL144W,YOL005C,0,-3.5571,0.11622516810894012,1.0,0.7603988647460938
YCL063W,YMR022W,0,-3.559447,0.11618669331073761,1.0,0.7606837749481201
YDR363W-A,YDR318W,0,-3.5597422,0.11614824831485748,1.0,0.7609686851501465
YNL308C,YPR070W,0,-3.5606534,0.11610982567071915,1.0,0.7612535357475281
YBR166C,YPR042C,0,-3.561567,0.1160714253783226,1.0,0.7615384459495544
YOR384W,YBL074C,0,-3.5649107,0.11603305488824844,1.0,0.7618233561515808
YOR080W,YGR116W,0,-3.5651171,0.11599471420049667,1.0,0.7621082663536072
YGR029W,YJR065C,0,-3.5652313,0.1159563958644867,1.0,0.7623931765556335
YLR086W,YGL106W,0,-3.5658514,0.1159180998802185,1.0,0.7626780867576599
YIL034C,YFL029C,0,-3.5680149,0.11587982624769211,1.0,0.7629629373550415
YMR235C,YPL220W,0,-3.568724,0.1158415824174881,1.0,0.7632478475570679
YOL005C,YJR135W-A,0,-3.5696378,0.11580336838960648,1.0,0.7635327577590942
YOR127W,YNL268W,0,-3.570766,0.11576516926288605,1.0,0.7638176679611206
YOR080W,YBL055C,0,-3.5741456,0.115726999938488,1.0,0.764102578163147
YJL033W,YIL112W,0,-3.5774276,0.11568886041641235,1.0,0.7643874883651733
YJL008C,YJL062W,0,-3.578777,0.11565074324607849,1.0,0.7646723389625549
YMR184W,YOR014W,0,-3.5790048,0.11561264842748642,1.0,0.7649572491645813
YML060W,YOL140W,0,-3.580976,0.11557458341121674,1.0,0.7652421593666077
YJL044C,YAL003W,0,-3.5824585,0.11553654074668884,1.0,0.765527069568634
YIL074C,YNL227C,0,-3.5824606,0.11549852043390274,1.0,0.7658119797706604
YHR044C,YER089C,0,-3.5847838,0.11546052992343903,1.0,0.7660968899726868
YMR281W,YGR037C,0,-3.5919518,0.1154225617647171,1.0,0.7663817405700684
YDL043C,YOR066W,0,-3.592758,0.11538461595773697,1.0,0.7666666507720947
YBR082C,YKL179C,0,-3.5939486,0.11534669995307922,1.0,0.7669515609741211
YIL009C-A,YDR118W,0,-3.5961578,0.11530880630016327,1.0,0.7672364711761475
YLR287C-A,YHR181W,0,-3.5968049,0.1152709349989891,1.0,0.7675213813781738
YKR090W,YBR087W,0,-3.5969305,0.11523309350013733,1.0,0.7678062915802002
YGL205W,YDL067C,0,-3.59746,0.11519527435302734,1.0,0.7680911421775818
YIL150C,YOL056W,0,-3.598459,0.11515747755765915,1.0,0.7683760523796082
YMR247C,YJL133W,0,-3.5988805,0.11511971056461334,1.0,0.7686609625816345
YMR056C,YER180C,0,-3.6001465,0.11508196592330933,1.0,0.7689458727836609
YNL001W,YLR265C,0,-3.6021361,0.1150442510843277,1.0,0.7692307829856873
YHR013C,YNL268W,0,-3.6029105,0.11500655114650726,1.0,0.7695156931877136
YPL195W,YPR073C,0,-3.6051004,0.11496888101100922,1.0,0.7698005437850952
YLL009C,YHR010W,0,-3.6052485,0.11493124067783356,1.0,0.7700854539871216
YMR098C,YGR063C,0,-3.6086779,0.11489361524581909,1.0,0.770370364189148
YDL137W,YNL166C,0,-3.609541,0.11485601961612701,1.0,0.7706552743911743
YDR231C,YNL244C,0,-3.6102533,0.11481844633817673,1.0,0.7709401845932007
YBL078C,YFL029C,0,-3.6147926,0.11478090286254883,1.0,0.771225094795227
YNL049C,YML095C,0,-3.6176124,0.11474338173866272,1.0,0.7715099453926086
YDR466W,YNL218W,0,-3.6177325,0.1147058829665184,1.0,0.771794855594635
YPL022W,YJL008C,0,-3.6179152,0.11466840654611588,1.0,0.7720797657966614
YNR008W,YDR358W,0,-3.6191738,0.11463095992803574,1.0,0.7723646759986877
YOR201C,YOR322C,0,-3.6211345,0.11459353566169739,1.0,0.7726495862007141
YBR176W,YNL189W,0,-3.622997,0.11455613374710083,1.0,0.7729344964027405
YPL157W,YDR069C,0,-3.6248994,0.11451876163482666,1.0,0.7732193470001221
YMR298W,YKL195W,0,-3.6251285,0.11448141187429428,1.0,0.7735042572021484
YDR050C,YNR022C,0,-3.6260061,0.11444408446550369,1.0,0.7737891674041748
YJR097W,YBL090W,0,-3.626232,0.1144067794084549,1.0,0.7740740776062012
YCL063W,YAL058W,0,-3.62657,0.11436950415372849,1.0,0.7743589878082275
YNR045W,YPL154C,0,-3.6266787,0.11433225125074387,1.0,0.7746438980102539
YBR055C,YOR076C,0,-3.6286247,0.11429502069950104,1.0,0.7749287486076355
YDL231C,YKR090W,0,-3.6303728,0.1142578125,1.0,0.7752136588096619
YNL001W,YER061C,0,-3.6312892,0.11422063410282135,1.0,0.7754985690116882
YJL198W,YLR371W,0,-3.6318123,0.1141834706068039,1.0,0.7757834792137146
YMR127C,YOR043W,0,-3.6323278,0.11414634436368942,1.0,0.776068389415741
YOR175C,YBL082C,0,-3.633335,0.11410923302173615,1.0,0.7763532996177673
YMR235C,YGL168W,0,-3.6343112,0.11407215148210526,1.0,0.7766381502151489
YHR206W,YCR037C,0,-3.6364887,0.11403508484363556,1.0,0.7769230604171753
YOR067C,YHR099W,0,-3.6374407,0.11399804800748825,1.0,0.7772079706192017
YFR005C,YBR035C,0,-3.6384945,0.11396104097366333,1.0,0.777492880821228
YBL088C,YDR483W,0,-3.6394675,0.1139240488409996,1.0,0.7777777910232544
YDL065C,YHR011W,0,-3.640206,0.11388708651065826,1.0,0.7780627012252808
YPR168W,YEL061C,0,-3.6409655,0.11385014653205872,1.0,0.7783475518226624
YOR233W,YOR221C,0,-3.6415687,0.11381322890520096,1.0,0.7786324620246887
YLR015W,YGR106C,0,-3.6420338,0.11377633363008499,1.0,0.7789173722267151
YCL055W,YGL040C,0,-3.6430066,0.11373946815729141,1.0,0.7792022824287415
YDR440W,YMR198W,0,-3.6438828,0.11370262503623962,1.0,0.7794871926307678
YGL137W,YJR075W,0,-3.6462796,0.11366580426692963,1.0,0.7797721028327942
YLR238W,YCL069W,0,-3.6466353,0.11362900584936142,1.0,0.7800569534301758
YBR030W,YKL021C,0,-3.6495347,0.113592229783535,1.0,0.7803418636322021
YER174C,YMR150C,0,-3.6495764,0.11355548352003098,1.0,0.7806267738342285
YDR139C,YML063W,0,-3.6496797,0.11351875960826874,1.0,0.7809116840362549
YOR179C,YAL013W,0,-3.6500435,0.11348205804824829,1.0,0.7811965942382812
YNL218W,YMR289W,0,-3.650549,0.11344537883996964,1.0,0.7814815044403076
YEL013W,YIR036C,0,-3.651238,0.11340872198343277,1.0,0.7817663550376892
YAL010C,YKR090W,0,-3.6523602,0.11337209492921829,1.0,0.7820512652397156
YJL073W,YNR007C,0,-3.65438,0.11333548277616501,1.0,0.7823361754417419
YPL103C,YKL028W,0,-3.6548831,0.11329890042543411,1.0,0.7826210856437683
YAR015W,YDR347W,0,-3.6555169,0.11326234042644501,1.0,0.7829059958457947
YNL291C,YKR050W,0,-3.6561947,0.11322580277919769,1.0,0.783190906047821
YHR067W,YJL133W,0,-3.6564534,0.11318929493427277,1.0,0.7834757566452026
YBL093C,YAL013W,0,-3.656566,0.11315280199050903,1.0,0.783760666847229
YMR257C,YMR127C,0,-3.656664,0.11311633884906769,1.0,0.7840455770492554
YDL085W,YML042W,0,-3.6602128,0.11307989805936813,1.0,0.7843304872512817
YMR307W,YJR045C,0,-3.6608865,0.11304347962141037,1.0,0.7846153974533081
YMR285C,YGL084C,0,-3.661267,0.1130070835351944,1.0,0.7849003076553345
YNR011C,YBL055C,0,-3.6644907,0.11297070980072021,1.0,0.7851851582527161
YNL001W,YDR456W,0,-3.6648858,0.11293436586856842,1.0,0.7854700684547424
YDR363W-A,YDR116C,0,-3.6651633,0.11289803683757782,1.0,0.7857549786567688
YOR290C,YGL155W,0,-3.6652567,0.1128617376089096,1.0,0.7860398888587952
YDR050C,YDR486C,0,-3.6658304,0.11282546073198318,1.0,0.7863247990608215
YOR257W,YGR037C,0,-3.666834,0.11278920620679855,1.0,0.7866097092628479
YMR171C,YDR456W,0,-3.667364,0.11275297403335571,1.0,0.7868945598602295
YDL200C,YJL101C,0,-3.6700156,0.11271676421165466,1.0,0.7871794700622559
YOR037W,YMR306W,0,-3.6709836,0.1126805767416954,1.0,0.7874643802642822
YGL213C,YBR033W,0,-3.6751342,0.11264441907405853,1.0,0.7877492904663086
YGL135W,YGR159C,0,-3.6754844,0.11260827630758286,1.0,0.788034200668335
YEL038W,YPL206C,0,-3.6757128,0.11257216334342957,1.0,0.7883191108703613
YGR047C,YLR433C,0,-3.6761782,0.11253607273101807,1.0,0.7886039614677429
YIL004C,YPR036W,0,-3.67711,0.11249999701976776,1.0,0.7888888716697693
YBR123C,YLR439W,0,-3.6779532,0.11246395111083984,1.0,0.7891737818717957
YER048W-A,YNL306W,0,-3.678314,0.11242792755365372,1.0,0.789458692073822
YNL077W,YLR427W,0,-3.6783438,0.11239193379878998,1.0,0.7897436022758484
YBL024W,YHR070W,0,-3.6815107,0.11235595494508743,1.0,0.7900285124778748
YEL015W,YPR054W,0,-3.683239,0.11231999844312668,1.0,0.7903133630752563
YCL031C,YJL133W,0,-3.6847992,0.11228407174348831,1.0,0.7905982732772827
YDL069C,YDR197W,0,-3.6848469,0.11224815994501114,1.0,0.7908831834793091
YMR006C,YGR200C,0,-3.686742,0.11221227794885635,1.0,0.7911680936813354
YOR332W,YLL022C,0,-3.687527,0.11217641085386276,1.0,0.7914530038833618
YKL156W,YER082C,0,-3.687833,0.11214057356119156,1.0,0.7917379140853882
YPL028W,YBR009C,0,-3.6896212,0.11210475862026215,1.0,0.7920227646827698
YKL179C,YPR168W,0,-3.6916473,0.11206896603107452,1.0,0.7923076748847961
YIL004C,YHR028C,0,-3.6923149,0.11203319579362869,1.0,0.7925925850868225
YOR037W,YLL050C,0,-3.6945312,0.11199744790792465,1.0,0.7928774952888489
YMR256C,YER082C,0,-3.6998649,0.1119617223739624,1.0,0.7931624054908752
YJR060W,YLR032W,0,-3.7009928,0.11192601919174194,1.0,0.7934473156929016
YOL003C,YDL069C,0,-3.7027078,0.11189033836126328,1.0,0.7937321662902832
YDR013W,YIL039W,0,-3.7038527,0.111854687333107,1.0,0.7940170764923096
YKL089W,YKL154W,0,-3.7074108,0.11181905120611191,1.0,0.7943019866943359
YJL044C,YOL125W,0,-3.7079918,0.11178343743085861,1.0,0.7945868968963623
YDR479C,YDL190C,0,-3.7136927,0.1117478534579277,1.0,0.7948718070983887
YJL153C,YPR192W,0,-3.713912,0.11171228438615799,1.0,0.795156717300415
YMR289W,YML074C,0,-3.7139328,0.11167674511671066,1.0,0.7954415678977966
YNR020C,YPL214C,0,-3.716577,0.11164122074842453,1.0,0.795726478099823
YBR283C,YOL109W,0,-3.7199152,0.11160572618246078,1.0,0.7960113883018494
YBR245C,YGL084C,0,-3.7200987,0.11157024651765823,1.0,0.7962962985038757
YJR010C-A,YDL143W,0,-3.7222488,0.11153479665517807,1.0,0.7965812087059021
YLR170C,YAL020C,0,-3.722788,0.1114993616938591,1.0,0.7968661189079285
YGL168W,YOL149W,0,-3.7240112,0.11146395653486252,1.0,0.7971509695053101
YDR107C,YHR017W,0,-3.7249248,0.11142857372760773,1.0,0.7974358797073364
YBR176W,YLR238W,0,-3.7262952,0.11139320582151413,1.0,0.7977207899093628
YIR023W,YML115C,0,-3.7293618,0.11135786771774292,1.0,0.7980057001113892
YNL293W,YHR171W,0,-3.730223,0.1113225519657135,1.0,0.7982906103134155
YOR278W,YOL117W,0,-3.7313302,0.11128725111484528,1.0,0.7985755205154419
YPR166C,YOL149W,0,-3.7343152,0.11125198006629944,1.0,0.7988603711128235
YML085C,YOR151C,0,-3.7347972,0.11121673136949539,1.0,0.7991452813148499
YGL136C,YLR433C,0,-3.7355628,0.11118150502443314,1.0,0.7994301915168762
YGL035C,YBR058C,0,-3.7365217,0.11114629358053207,1.0,0.7997151017189026
YNR050C,YHR181W,0,-3.736933,0.1111111119389534,1.0,0.800000011920929
YNL159C,YHL047C,0,-3.7372968,0.11107595264911652,1.0,0.8002849221229553
YMR235C,YBR175W,0,-3.7383802,0.11104080826044083,1.0,0.8005697727203369
YBR237W,YER007W,0,-3.7384648,0.11100569367408752,1.0,0.8008546829223633
YGL035C,YNR001C,0,-3.7391503,0.11097059398889542,1.0,0.8011395931243896
YPR156C,YPL177C,0,-3.7417362,0.1109355241060257,1.0,0.801424503326416
YFL047W,YAL034W-A,0,-3.7427316,0.11090047657489777,1.0,0.8017094135284424
YGL211W,YMR312W,0,-3.743304,0.11086544394493103,1.0,0.8019943237304688
YDR440W,YDL127W,0,-3.7498205,0.11083044111728668,1.0,0.8022791743278503
YLR418C,YJR097W,0,-3.7519608,0.11079545319080353,1.0,0.8025640845298767
YDR393W,YGL155W,0,-3.7523825,0.11076049506664276,1.0,0.8028489947319031
YGL213C,YOR076C,0,-3.7535708,0.11072555184364319,1.0,0.8031339049339294
YDR011W,YMR004W,0,-3.7543855,0.1106906309723854,1.0,0.8034188151359558
YDR466W,YNR045W,0,-3.7565444,0.11065573990345001,1.0,0.8037037253379822
YEL038W,YOL149W,0,-3.756553,0.11062086373567581,1.0,0.8039885759353638
YBL017C,YKR062W,0,-3.7592287,0.1105860099196434,1.0,0.8042734861373901
YGL222C,YDL146W,0,-3.763779,0.11055117845535278,1.0,0.8045583963394165
YJL133W,YKL116C,0,-3.764678,0.11051636934280396,1.0,0.8048433065414429
YOL018C,YKL024C,0,-3.7657878,0.11048159003257751,1.0,0.8051282167434692
YDL127W,YLR078C,0,-3.7661555,0.11044682562351227,1.0,0.8054131269454956
YGL210W,YLR096W,0,-3.7670643,0.11041207611560822,1.0,0.8056979775428772
YOR037W,YJL090C,0,-3.7701466,0.11037735641002655,1.0,0.8059828877449036
YIL051C,YKL195W,0,-3.7734032,0.11034265905618668,1.0,0.8062677979469299
YBL022C,YGL084C,0,-3.7749488,0.11030798405408859,1.0,0.8065527081489563
YFL041W,YLR427W,0,-3.7779253,0.1102733239531517,1.0,0.8068376183509827
YNL128W,YML009C,0,-3.7804136,0.1102386936545372,1.0,0.807122528553009
YPR049C,YNL119W,0,-3.7816076,0.11020407825708389,1.0,0.8074073791503906
YDR503C,YHR129C,0,-3.782595,0.11016949266195297,1.0,0.807692289352417
YDL205C,YGR220C,0,-3.7833397,0.11013492196798325,1.0,0.8079771995544434
YAL020C,YDR093W,0,-3.7833843,0.11010037362575531,1.0,0.8082621097564697
YMR247C,YER089C,0,-3.7838619,0.11006585508584976,1.0,0.8085470199584961
YJL165C,YEL017C-A,0,-3.7845223,0.11003135144710541,1.0,0.8088319301605225
YOR039W,YKL181W,0,-3.7870846,0.10999686270952225,1.0,0.809116780757904
YER161C,YDR169C,0,-3.7881606,0.10996240377426147,1.0,0.8094016909599304
YCR037C,YPR016C,0,-3.7889655,0.10992796719074249,1.0,0.8096866011619568
YJR065C,YDR330W,0,-3.7896612,0.1098935529589653,1.0,0.8099715113639832
YHR017W,YOR221C,0,-3.7899559,0.1098591536283493,1.0,0.8102564215660095
YDR032C,YMR184W,0,-3.7904127,0.1098247841000557,1.0,0.8105413317680359
YGR104C,YMR043W,0,-3.790541,0.10979042947292328,1.0,0.8108261823654175
YGL136C,YNL207W,0,-3.7916176,0.10975609719753265,1.0,0.8111110925674438
YER007W,YDR003W,0,-3.793255,0.10972178727388382,1.0,0.8113960027694702
YLR204W,YLL038C,0,-3.7939897,0.10968749970197678,1.0,0.8116809129714966
YLR045C,YPL155C,0,-3.795705,0.10965323448181152,1.0,0.811965823173523
YOR257W,YDL185W,0,-3.7964447,0.10961899161338806,1.0,0.8122507333755493
YOL138C,YLR304C,0,-3.7972748,0.1095847636461258,1.0,0.8125355839729309
YIL004C,YNL207W,0,-3.7975419,0.10955056548118591,1.0,0.8128204941749573
YOL100W,YDR524C,0,-3.7986238,0.10951638221740723,1.0,0.8131054043769836
YDL205C,YBL020W,0,-3.8001738,0.10948222130537033,1.0,0.81339031457901
YIL074C,YOL149W,0,-3.8027918,0.10944808274507523,1.0,0.8136752247810364
YHR052W,YPR041W,0,-3.803177,0.10941396653652191,1.0,0.8139601349830627
YDR456W,YDR013W,0,-3.8031814,0.10937987267971039,1.0,0.8142449855804443
YOL138C,YDR096W,0,-3.8038273,0.10934579372406006,1.0,0.8145298957824707
YDL229W,YNR022C,0,-3.8042057,0.10931174457073212,1.0,0.8148148059844971
YNL001W,YJL165C,0,-3.8047893,0.10927771031856537,1.0,0.8150997161865234
YHR067W,YDR358W,0,-3.8050196,0.10924369841814041,1.0,0.8153846263885498
YNL189W,YHR099W,0,-3.8061533,0.10920970886945724,1.0,0.8156695365905762
YMR233W,YPL194W,0,-3.8082745,0.10917574167251587,1.0,0.8159543871879578
YGL168W,YDR478W,0,-3.808797,0.10914178937673569,1.0,0.8162392973899841
YHR036W,YMR285C,0,-3.8119574,0.1091078668832779,1.0,0.8165242075920105
YLR186W,YOL080C,0,-3.8128512,0.10907395929098129,1.0,0.8168091177940369
YBR122C,YLR207W,0,-3.813273,0.10904007405042648,1.0,0.8170940279960632
YJL025W,YJR089W,0,-3.8163064,0.10900621116161346,1.0,0.8173789381980896
YDR532C,YOR242C,0,-3.8175075,0.10897237062454224,1.0,0.8176637887954712
YKR090W,YDR088C,0,-3.8176553,0.1089385449886322,1.0,0.8179486989974976
YGL213C,YCL063W,0,-3.8203351,0.10890474915504456,1.0,0.8182336091995239
YFL004W,YLR100W,0,-3.8213153,0.1088709682226181,1.0,0.8185185194015503
YNR045W,YAL035W,0,-3.822242,0.10883720964193344,1.0,0.8188034296035767
YER148W,YOR182C,0,-3.8250654,0.10880347341299057,1.0,0.819088339805603
YML034W,YDR093W,0,-3.8255026,0.10876975208520889,1.0,0.8193731904029846
YOR278W,YER153C,0,-3.8284647,0.1087360605597496,1.0,0.819658100605011
YMR264W,YER061C,0,-3.8296158,0.10870238393545151,1.0,0.8199430108070374
YOR290C,YDR421W,0,-3.8300643,0.1086687296628952,1.0,0.8202279210090637
YKR061W,YML015C,0,-3.831632,0.10863509774208069,1.0,0.8205128312110901
YAL035W,YER012W,0,-3.8339522,0.10860148817300797,1.0,0.8207977414131165
YLR373C,YGL251C,0,-3.8361967,0.10856789350509644,1.0,0.821082592010498
YBL103C,YHR036W,0,-3.8369148,0.1085343211889267,1.0,0.8213675022125244
YML012W,YKL028W,0,-3.8372376,0.10850077122449875,1.0,0.8216524124145508
YAL034W-A,YHR160C,0,-3.8397949,0.10846724361181259,1.0,0.8219373226165771
YDR481C,YBL020W,0,-3.841181,0.10843373835086823,1.0,0.8222222328186035
YEL038W,YDR158W,0,-3.8431332,0.10840024799108505,1.0,0.8225071430206299
YKL143W,YOL109W,0,-3.8440244,0.10836677998304367,1.0,0.8227919936180115
YML074C,YPL204W,0,-3.8468626,0.10833333432674408,1.0,0.8230769038200378
YPL106C,YEL058W,0,-3.848727,0.10829991102218628,1.0,0.8233618140220642
YHR067W,YOR014W,0,-3.850121,0.10826650261878967,1.0,0.8236467242240906
YDR511W,YMR163C,0,-3.8510587,0.10823311656713486,1.0,0.8239316344261169
YGR263C,YML012W,0,-3.8512356,0.10819975286722183,1.0,0.8242165446281433
YOR151C,YOL149W,0,-3.851556,0.1081664115190506,1.0,0.8245013952255249
YEL038W,YER161C,0,-3.8518934,0.10813308507204056,1.0,0.8247863054275513
YDR096W,YGL040C,0,-3.8523514,0.10809978097677231,1.0,0.8250712156295776
YDR228C,YLR078C,0,-3.852391,0.10806649923324585,1.0,0.825356125831604
YMR088C,YER051W,0,-3.853525,0.10803323984146118,1.0,0.8256410360336304
YGL035C,YBL037W,0,-3.8543928,0.1080000028014183,1.0,0.8259259462356567
YNR027W,YOR066W,0,-3.860329,0.10796678066253662,1.0,0.8262107968330383
YJR104C,YBL030C,0,-3.8605232,0.10793358087539673,1.0,0.8264957070350647
YKL143W,YDR088C,0,-3.8634822,0.10790039598941803,1.0,0.8267806172370911
YGL161C,YCL055W,0,-3.863585,0.10786724090576172,1.0,0.8270655274391174
YPL074W,YPL038W,0,-3.8639452,0.1078341007232666,1.0,0.8273504376411438
YDR231C,YML115C,0,-3.865331,0.10780098289251328,1.0,0.8276353478431702
YKR059W,YML048W,0,-3.866221,0.10776788741350174,1.0,0.8279201984405518
YFR037C,YDR101C,0,-3.8677628,0.1077348068356514,1.0,0.8282051086425781
YOR150W,YPR016C,0,-3.8680732,0.10770174860954285,1.0,0.8284900188446045
YJR135C,YIL009C-A,0,-3.868563,0.10766871273517609,1.0,0.8287749290466309
YDL120W,YLR079W,0,-3.869703,0.10763569176197052,1.0,0.8290598392486572
YLR450W,YDR421W,0,-3.870253,0.10760270059108734,1.0,0.8293447494506836
YCR053W,YPR019W,0,-3.8703103,0.10756972432136536,1.0,0.8296296000480652
YOR290C,YOR211C,0,-3.8709557,0.10753676295280457,1.0,0.8299145102500916
YJL044C,YMR022W,0,-3.874554,0.10750383138656616,1.0,0.8301994204521179
YKL173W,YOL133W,0,-3.874632,0.10747091472148895,1.0,0.8304843306541443
YPR178W,YDR169C,0,-3.8758137,0.10743801295757294,1.0,0.8307692408561707
YOR069W,YAR007C,0,-3.8775718,0.10740514099597931,1.0,0.831054151058197
YJL090C,YOR069W,0,-3.878426,0.10737228393554688,1.0,0.8313390016555786
YKL135C,YOR080W,0,-3.8808699,0.10733944922685623,1.0,0.831623911857605
YOR070C,YMR071C,0,-3.8811638,0.10730663686990738,1.0,0.8319088220596313
YIL051C,YGR218W,0,-3.8837693,0.10727383941411972,1.0,0.8321937322616577
YDR279W,YEL017C-A,0,-3.8846314,0.10724106431007385,1.0,0.8324786424636841
YIL070C,YBR050C,0,-3.8859599,0.10720831155776978,1.0,0.8327635526657104
YPL148C,YLR038C,0,-3.8868482,0.10717557370662689,1.0,0.833048403263092
YJR143C,YPL085W,0,-3.891605,0.1071428582072258,1.0,0.8333333134651184
YGR101W,YDR487C,0,-3.892062,0.1071101650595665,1.0,0.8336182236671448
YJR065C,YPL074W,0,-3.8939664,0.10707748681306839,1.0,0.8339031338691711
YPR036W,YNR047W,0,-3.8946955,0.10704483091831207,1.0,0.8341880440711975
YKL034W,YMR312W,0,-3.8949482,0.10701219737529755,1.0,0.8344729542732239
YBL030C,YAL003W,0,-3.8956726,0.10697957873344421,1.0,0.8347578644752502
YHR028C,YDR128W,0,-3.895859,0.10694698244333267,1.0,0.8350427150726318
YDR103W,YMR204C,0,-3.8960261,0.10691440850496292,1.0,0.8353276252746582
YNL212W,YNL012W,0,-3.8968532,0.10688184946775436,1.0,0.8356125354766846
YLR015W,YKL173W,0,-3.8974288,0.1068493127822876,1.0,0.8358974456787109
YNL049C,YJL072C,0,-3.8991637,0.10681679844856262,1.0,0.8361823558807373
YER027C,YGR006W,0,-3.9021623,0.10678429901599884,1.0,0.8364672660827637
YGL095C,YLR306W,0,-3.9026144,0.10675182193517685,1.0,0.8367521166801453
YER120W,YJL041W,0,-3.9026482,0.10671936720609665,1.0,0.8370370268821716
YOL065C,YDR358W,0,-3.9035769,0.10668692737817764,1.0,0.837321937084198
YGR104C,YJL125C,0,-3.904245,0.10665450990200043,1.0,0.8376068472862244
YFL047W,YCL061C,0,-3.9044633,0.106622114777565,1.0,0.8378917574882507
YPL101W,YPR070W,0,-3.904508,0.10658973455429077,1.0,0.8381766676902771
YJL165C,YKR037C,0,-3.9067047,0.10655737668275833,1.0,0.8384615182876587
YER161C,YLL038C,0,-3.9069512,0.10652504116296768,1.0,0.8387464284896851
YHR207C,YLR433C,0,-3.9072208,0.10649272054433823,1.0,0.8390313386917114
YPR019W,YLR246W,0,-3.9076102,0.10646042227745056,1.0,0.8393162488937378
YLR373C,YDL108W,0,-3.9115589,0.10642813891172409,1.0,0.8396011590957642
YPR166C,YLR304C,0,-3.9125803,0.10639587789773941,1.0,0.8398860692977905
YBR058C,YNL191W,0,-3.9128141,0.10636363923549652,1.0,0.8401709198951721
YMR098C,YMR224C,0,-3.9150493,0.10633141547441483,1.0,0.8404558300971985
YOR037W,YLR265C,0,-3.9164135,0.10629921406507492,1.0,0.8407407402992249
YDR456W,YMR004W,0,-3.916572,0.10626702755689621,1.0,0.8410256505012512
YLL013C,YLR385C,0,-3.9177506,0.10623486340045929,1.0,0.8413105607032776
YDR420W,YOR092W,0,-3.9193285,0.10620272159576416,1.0,0.841595470905304
YBR291C,YOR080W,0,-3.920603,0.10617060214281082,1.0,0.8418803215026855
YGL173C,YLR038C,0,-3.9222693,0.10613849759101868,1.0,0.8421652317047119
YDL065C,YBL055C,0,-3.922676,0.10610640794038773,1.0,0.8424501419067383
YJL133W,YOR070C,0,-3.924704,0.10607434064149857,1.0,0.8427350521087646
YER068W,YER007W,0,-3.9248757,0.1060422956943512,1.0,0.843019962310791
YOR181W,YOR269W,0,-3.9256346,0.10601026564836502,1.0,0.8433048725128174
YBR296C,YDR003W,0,-3.92827,0.10597825795412064,1.0,0.843589723110199
YHR017W,YLR176C,0,-3.92925,0.10594627261161804,1.0,0.8438746333122253
YJL156C,YGR116W,0,-3.9300902,0.10591430217027664,1.0,0.8441595435142517
YJL072C,YIR015W,0,-3.9318292,0.10588235408067703,1.0,0.8444444537162781
YGL223C,YBL017C,0,-3.93617,0.10585042089223862,1.0,0.8447293639183044
YOL003C,YJR025C,0,-3.9371388,0.10581851005554199,1.0,0.8450142741203308
YPL206C,YNL310C,0,-3.9375942,0.10578662157058716,1.0,0.8452991247177124
YDL143W,YNR045W,0,-3.9395978,0.10575474798679352,1.0,0.8455840349197388
YNL136W,YNL128W,0,-3.9418743,0.10572288930416107,1.0,0.8458689451217651
YGL128C,YOR069W,0,-3.9423058,0.10569106042385101,1.0,0.8461538553237915
YDR313C,YDL008W,0,-3.9425538,0.10565923899412155,1.0,0.8464387655258179
YMR282C,YHR184W,0,-3.944701,0.10562744736671448,1.0,0.8467236757278442
YNL227C,YPL202C,0,-3.9466717,0.1055956706404686,1.0,0.8470085263252258
YCR009C,YER020W,0,-3.9482603,0.10556390881538391,1.0,0.8472934365272522
YIL004C,YMR306W,0,-3.9490335,0.10553216934204102,1.0,0.8475783467292786
YGR029W,YGL155W,0,-3.949389,0.10550045222043991,1.0,0.8478632569313049
YGR047C,YPR019W,0,-3.949398,0.10546875,1.0,0.8481481671333313
YKR090W,YBR185C,0,-3.9527535,0.10543707013130188,1.0,0.8484330773353577
YLR266C,YEL002C,0,-3.9530854,0.10540540516376495,1.0,0.8487179279327393
YFL004W,YJR066W,0,-3.9534523,0.10537376254796982,1.0,0.8490028381347656
YOR384W,YNL129W,0,-3.9570556,0.10534213483333588,1.0,0.849287748336792
YBR048W,YCR077C,0,-3.9590814,0.10531052947044373,1.0,0.8495726585388184
YOR167C,YGR037C,0,-3.959254,0.10527894645929337,1.0,0.8498575687408447
YPL031C,YPL154C,0,-3.9605918,0.1052473783493042,1.0,0.8501424789428711
YER083C,YDR086C,0,-3.9633524,0.10521582514047623,1.0,0.8504273295402527
YOR047C,YMR109W,0,-3.9641283,0.10518429428339005,1.0,0.850712239742279
YDL141W,YGL040C,0,-3.966496,0.10515278577804565,1.0,0.8509971499443054
YNL128W,YBL074C,0,-3.9688308,0.10512129217386246,1.0,0.8512820601463318
YOR061W,YIR023W,0,-3.9688375,0.10508982092142105,1.0,0.8515669703483582
YOR036W,YMR165C,0,-3.9690166,0.10505836457014084,1.0,0.8518518805503845
YDR158W,YKL212W,0,-3.97244,0.10502693057060242,1.0,0.8521367311477661
YMR257C,YJL073W,0,-3.9728312,0.10499551147222519,1.0,0.8524216413497925
YEL038W,YOR269W,0,-3.9771674,0.10496411472558975,1.0,0.8527065515518188
YDR341C,YML085C,0,-3.9773314,0.10493273288011551,1.0,0.8529914617538452
YDL143W,YPL060W,0,-3.9798982,0.10490137338638306,1.0,0.8532763719558716
YIL004C,YOR332W,0,-3.9807901,0.1048700362443924,1.0,0.853561282157898
YCR053W,YOL123W,0,-3.9819598,0.10483870655298233,1.0,0.8538461327552795
YBR036C,YIR006C,0,-3.9822228,0.10480740666389465,1.0,0.8541310429573059
YOR151C,YDR103W,0,-3.9848022,0.10477612167596817,1.0,0.8544159531593323
YNL039W,YLR246W,0,-3.9854336,0.10474485158920288,1.0,0.8547008633613586
YBR176W,YNR022C,0,-3.986726,0.10471360385417938,1.0,0.854985773563385
YER112W,YHL004W,0,-3.990338,0.10468237102031708,1.0,0.8552706837654114
YDR511W,YMR224C,0,-3.9939456,0.10465116053819656,1.0,0.855555534362793
YGR159C,YER082C,0,-3.9952445,0.10461997240781784,1.0,0.8558404445648193
YOR217W,YMR012W,0,-3.9952838,0.10458879917860031,1.0,0.8561253547668457
YGL120C,YER148W,0,-3.9958146,0.10455764085054398,1.0,0.8564102649688721
YMR287C,YMR026C,0,-4.0010047,0.10452650487422943,1.0,0.8566951751708984
YPL149W,YPL033C,0,-4.0019073,0.10449538379907608,1.0,0.8569800853729248
YBR001C,YDR329C,0,-4.0061197,0.10446428507566452,1.0,0.8572649359703064
YER148W,YER007W,0,-4.0062957,0.10443320125341415,1.0,0.8575498461723328
YOR179C,YDR231C,0,-4.0063915,0.10440213978290558,1.0,0.8578347563743591
YMR198W,YCL069W,0,-4.006594,0.1043711006641388,1.0,0.8581196665763855
YLR192C,YBR251W,0,-4.0084887,0.1043400689959526,1.0,0.8584045767784119
YOR181W,YDR003W,0,-4.0095363,0.1043090671300888,1.0,0.8586894869804382
YBR286W,YNL049C,0,-4.011282,0.1042780727148056,1.0,0.8589743375778198
YOR044W,YOR092W,0,-4.0116324,0.10424710065126419,1.0,0.8592592477798462
YNL293W,YNL119W,0,-4.012098,0.10421615093946457,1.0,0.8595441579818726
YCR039C,YBR214W,0,-4.0127106,0.10418521612882614,1.0,0.8598290681838989
YPL157W,YER007W,0,-4.0140367,0.1041543036699295,1.0,0.8601139783859253
YGL210W,YLR079W,0,-4.0146394,0.10412340611219406,1.0,0.8603988885879517
YKR014C,YCR010C,0,-4.0150833,0.10409252345561981,1.0,0.8606837391853333
YNL291C,YDR093W,0,-4.0206933,0.10406166315078735,1.0,0.8609686493873596
YGR104C,YBR156C,0,-4.0229173,0.10403082519769669,1.0,0.861253559589386
YDR118W,YGR075C,0,-4.0251517,0.10400000214576721,1.0,0.8615384697914124
YCR004C,YNR001C,0,-4.0254636,0.10396919399499893,1.0,0.8618233799934387
YOR036W,YIL026C,0,-4.025918,0.10393840819597244,1.0,0.8621082901954651
YBL024W,YDL075W,0,-4.0266724,0.10390763729810715,1.0,0.8623931407928467
YNL101W,YCR075C,0,-4.0273085,0.10387688875198364,1.0,0.862678050994873
YOR201C,YNL119W,0,-4.028939,0.10384615510702133,1.0,0.8629629611968994
YPL271W,YJR075W,0,-4.0297155,0.10381543636322021,1.0,0.8632478713989258
YHR031C,YAL034W-A,0,-4.0307636,0.10378473997116089,1.0,0.8635327816009521
YLR090W,YDR121W,0,-4.0342774,0.10375406593084335,1.0,0.8638176918029785
YDR036C,YLR176C,0,-4.039618,0.10372340679168701,1.0,0.8641025424003601
YNL136W,YDR069C,0,-4.040684,0.10369276255369186,1.0,0.8643874526023865
YER086W,YNL244C,0,-4.04252,0.10366214066743851,1.0,0.8646723628044128
YPL206C,YNR001C,0,-4.0437512,0.10363153368234634,1.0,0.8649572730064392
YCR077C,YGR124W,0,-4.045343,0.10360094159841537,1.0,0.8652421832084656
YKL034W,YCR010C,0,-4.0460305,0.1035703718662262,1.0,0.8655270934104919
YPL091W,YDR510W,0,-4.046435,0.10353982448577881,1.0,0.8658119440078735
YDR003W,YDR368W,0,-4.0503387,0.10350929200649261,1.0,0.8660968542098999
YLR127C,YPR186C,0,-4.051843,0.10347877442836761,1.0,0.8663817644119263
YOR057W,YDR117C,0,-4.0544586,0.1034482792019844,1.0,0.8666666746139526
YPL206C,YHR186C,0,-4.054828,0.10341779887676239,1.0,0.866951584815979
YBR022W,YCR028C,0,-4.055781,0.10338733345270157,1.0,0.8672364950180054
YIL004C,YDR536W,0,-4.057886,0.10335689038038254,1.0,0.867521345615387
YGL137W,YFL041W,0,-4.0624433,0.1033264622092247,1.0,0.8678062558174133
YDL067C,YJL189W,0,-4.0640497,0.10329605638980865,1.0,0.8680911660194397
YLR385C,YIL072W,0,-4.0660443,0.1032656654715538,1.0,0.8683760762214661
YLR459W,YKL024C,0,-4.0667467,0.10323529690504074,1.0,0.8686609864234924
YDR265W,YER173W,0,-4.06887,0.10320494323968887,1.0,0.8689458966255188
YOR179C,YDR315C,0,-4.0708804,0.1031746044754982,1.0,0.8692307472229004
YER027C,YMR247C,0,-4.0726004,0.10314428806304932,1.0,0.8695156574249268
YJL129C,YIR023W,0,-4.0733905,0.10311398655176163,1.0,0.8698005676269531
YGR104C,YOL072W,0,-4.0740337,0.10308369994163513,1.0,0.8700854778289795
YOL127W,YDR224C,0,-4.0742116,0.10305343568325043,1.0,0.8703703880310059
YOL003C,YLR371W,0,-4.0755773,0.10302318632602692,1.0,0.8706552982330322
YCR096C,YPL085W,0,-4.076754,0.1029929593205452,1.0,0.8709401488304138
YLR032W,YKL042W,0,-4.076841,0.10296274721622467,1.0,0.8712250590324402
YJL044C,YOR092W,0,-4.077828,0.10293255001306534,1.0,0.8715099692344666
YDL210W,YMR037C,0,-4.0798173,0.1029023751616478,1.0,0.8717948794364929
YMR281W,YEL017C-A,0,-4.0800796,0.10287221521139145,1.0,0.8720797896385193
YGL168W,YKL179C,0,-4.0816336,0.10284207761287689,1.0,0.8723646998405457
YBR205W,YKL183W,0,-4.0818524,0.10281194746494293,1.0,0.8726495504379272
YHR206W,YER051W,0,-4.083027,0.10278184711933136,1.0,0.8729344606399536
YLR450W,YOR151C,0,-4.083494,0.10275175422430038,1.0,0.87321937084198
YBL020W,YLR403W,0,-4.0857224,0.1027216836810112,1.0,0.8735042810440063
YDR279W,YGL040C,0,-4.085941,0.1026916354894638,1.0,0.8737891912460327
YDR022C,YNL166C,0,-4.0877953,0.10266159474849701,1.0,0.8740741014480591
YDR012W,YDL051W,0,-4.0902867,0.102631576359272,1.0,0.8743589520454407
YOR046C,YPR028W,0,-4.090292,0.10260158032178879,1.0,0.874643862247467
YPL051W,YBL037W,0,-4.0904994,0.10257159918546677,1.0,0.8749287724494934
YDR238C,YER089C,0,-4.090535,0.10254163295030594,1.0,0.8752136826515198
YMR127C,YDR166C,0,-4.0914035,0.1025116816163063,1.0,0.8754985928535461
YOR373W,YDL017W,0,-4.092751,0.10248175263404846,1.0,0.8757835030555725
YBL017C,YDR169C,0,-4.0935826,0.10245183855295181,1.0,0.8760683536529541
YHR031C,YBR166C,0,-4.094515,0.10242194682359695,1.0,0.8763532638549805
YDR071C,YAL021C,0,-4.0951414,0.10239206254482269,1.0,0.8766381740570068
YFL029C,YFL044C,0,-4.0978074,0.10236220806837082,1.0,0.8769230842590332
YIL051C,YJR045C,0,-4.098268,0.10233236104249954,1.0,0.8772079944610596
YNR027W,YNL322C,0,-4.098892,0.10230253636837006,1.0,0.8774929046630859
YDR425W,YMR070W,0,-4.09943,0.10227272659540176,1.0,0.8777777552604675
YAL010C,YBL023C,0,-4.1028275,0.10224293917417526,1.0,0.8780626654624939
YJR033C,YOR080W,0,-4.106513,0.10221315920352936,1.0,0.8783475756645203
YER086W,YEL054C,0,-4.1075945,0.10218340903520584,1.0,0.8786324858665466
YER161C,YDR231C,0,-4.110814,0.10215366631746292,1.0,0.878917396068573
YMR098C,YPL033C,0,-4.112856,0.10212394595146179,1.0,0.8792023062705994
YJR121W,YCL031C,0,-4.1137686,0.10209424048662186,1.0,0.879487156867981
YDL056W,YKL116C,0,-4.1181326,0.10206455737352371,1.0,0.8797720670700073
YHR181W,YBR164C,0,-4.1183653,0.10203488171100616,1.0,0.8800569772720337
YPL106C,YGR076C,0,-4.118669,0.10200522840023041,1.0,0.8803418874740601
YOR175C,YDR420W,0,-4.1202564,0.10197559744119644,1.0,0.8806267976760864
YOR039W,YPR041W,0,-4.120387,0.10194597393274307,1.0,0.8809117078781128
YOL003C,YOR179C,0,-4.121412,0.1019163727760315,1.0,0.8811965584754944
YKR038C,YDR013W,0,-4.1247416,0.1018867939710617,1.0,0.8814814686775208
YLR201C,YLL022C,0,-4.127224,0.10185722261667252,1.0,0.8817663788795471
YIL034C,YDR166C,0,-4.1280823,0.10182767361402512,1.0,0.8820512890815735
YDL192W,YKL183W,0,-4.130326,0.1017981469631195,1.0,0.8823361992835999
YKL154W,YMR211W,0,-4.130375,0.1017686277627945,1.0,0.8826211094856262
YOR257W,YDR013W,0,-4.1402426,0.10173913091421127,1.0,0.8829059600830078
YML070W,YMR150C,0,-4.146361,0.10170964896678925,1.0,0.8831908702850342
YGR241C,YGR154C,0,-4.1466246,0.10168018192052841,1.0,0.8834757804870605
YKL179C,YGL155W,0,-4.146905,0.10165073722600937,1.0,0.8837606906890869
YJL165C,YHR117W,0,-4.1483397,0.10162130743265152,1.0,0.8840456008911133
YDL195W,YIL051C,0,-4.151949,0.10159189254045486,1.0,0.8843305110931396
YBR205W,YBL055C,0,-4.15289,0.1015625,1.0,0.8846153616905212
YLR147C,YIL126W,0,-4.154233,0.10153312236070633,1.0,0.8849002718925476
YMR139W,YDR334W,0,-4.1549764,0.10150375962257385,1.0,0.885185182094574
YJL165C,YGL191W,0,-4.1550465,0.10147441178560257,1.0,0.8854700922966003
YBR022W,YNR007C,0,-4.15679,0.10144508630037308,1.0,0.8857550024986267
YCR077C,YDR390C,0,-4.158948,0.10141577571630478,1.0,0.8860399127006531
YLR371W,YDR524C,0,-4.159078,0.10138648003339767,1.0,0.8863247632980347
YGR241C,YDR117C,0,-4.1619263,0.10135720670223236,1.0,0.886609673500061
YDR251W,YDR313C,0,-4.1622705,0.10132794827222824,1.0,0.8868945837020874
YLR439W,YNL289W,0,-4.162504,0.10129870474338531,1.0,0.8871794939041138
YNL159C,YNL242W,0,-4.1640453,0.10126947611570358,1.0,0.8874644041061401
YDR510W,YIL124W,0,-4.1645317,0.10124026238918304,1.0,0.8877493143081665
YFL044C,YOR044W,0,-4.164584,0.1012110710144043,1.0,0.8880341649055481
YMR211W,YAL062W,0,-4.1651626,0.10118189454078674,1.0,0.8883190751075745
YHL032C,YNL015W,0,-4.1688137,0.10115274041891098,1.0,0.8886039853096008
YBL060W,YHR186C,0,-4.1723366,0.10112359374761581,1.0,0.8888888955116272
YLR127C,YMR184W,0,-4.1724434,0.10109446942806244,1.0,0.8891738057136536
YDR318W,YNL129W,0,-4.174779,0.10106536000967026,1.0,0.8894587159156799
YHR031C,YOL100W,0,-4.1762686,0.10103627294301987,1.0,0.8897435665130615
YGR220C,YNL101W,0,-4.178564,0.10100719332695007,1.0,0.8900284767150879
YKR038C,YDR169C,0,-4.1802883,0.10097813606262207,1.0,0.8903133869171143
YKL173W,YER030W,0,-4.180546,0.10094909369945526,1.0,0.8905982971191406
YDR054C,YGL084C,0,-4.183475,0.10092006623744965,1.0,0.890883207321167
YBL088C,YDR376W,0,-4.192485,0.10089106112718582,1.0,0.8911681175231934
YDL033C,YJR089W,0,-4.1935434,0.10086207091808319,1.0,0.891452968120575
YPR048W,YDL060W,0,-4.195418,0.10083309561014175,1.0,0.8917378783226013
YOR037W,YKL108W,0,-4.197915,0.10080413520336151,1.0,0.8920227885246277
YOL103W,YBL022C,0,-4.1983323,0.10077519714832306,1.0,0.892307698726654
YEL038W,YJR065C,0,-4.2006845,0.1007462665438652,1.0,0.8925926089286804
YLR096W,YER133W,0,-4.200748,0.10071735829114914,1.0,0.8928775191307068
YBL103C,YDL115C,0,-4.2016287,0.10068846493959427,1.0,0.8931623697280884
YGR104C,YLL022C,0,-4.20403,0.10065959393978119,1.0,0.8934472799301147
YGL161C,YNL015W,0,-4.205873,0.1006307303905487,1.0,0.8937321901321411
YOR066W,YOR244W,0,-4.2060976,0.10060188919305801,1.0,0.8940171003341675
YGR156W,YEL002C,0,-4.2081466,0.10057306289672852,1.0,0.8943020105361938
YNL207W,YDR060W,0,-4.211544,0.10054425895214081,1.0,0.8945869207382202
YHR117W,YLR265C,0,-4.215323,0.1005154624581337,1.0,0.8948717713356018
YNL166C,YNR045W,0,-4.2164755,0.10048668831586838,1.0,0.8951566815376282
YIL093C,YDL108W,0,-4.2209253,0.10045792907476425,1.0,0.8954415917396545
YDR038C,YOR151C,0,-4.2248955,0.10042918473482132,1.0,0.8957265019416809
YLR396C,YOR322C,0,-4.2263975,0.10040045529603958,1.0,0.8960114121437073
YLR266C,YLR086W,0,-4.2324505,0.10037174820899963,1.0,0.8962963223457336
YDR313C,YMR071C,0,-4.2328377,0.10034305602312088,1.0,0.8965811729431152
YNL322C,YIL039W,0,-4.233921,0.10031437873840332,1.0,0.8968660831451416
YPL194W,YGR002C,0,-4.2351847,0.10028571635484695,1.0,0.897150993347168
YPR108W,YOR067C,0,-4.2357655,0.10025706887245178,1.0,0.8974359035491943
YPL091W,YOR174W,0,-4.2388725,0.1002284437417984,1.0,0.8977208137512207
YBR055C,YDR362C,0,-4.242891,0.10019982606172562,1.0,0.8980057239532471
YKL140W,YCR004C,0,-4.2434025,0.10017123073339462,1.0,0.8982905745506287
YMR198W,YPL149W,0,-4.2444663,0.10014265030622482,1.0,0.898575484752655
YDR315C,YMR056C,0,-4.2447033,0.10011409223079681,1.0,0.8988603949546814
YER027C,YDL192W,0,-4.2457304,0.1000855416059494,1.0,0.8991453051567078
YEL016C,YMR163C,0,-4.2517815,0.10005701333284378,1.0,0.8994302153587341
YMR302C,YHR081W,0,-4.2567806,0.10002849996089935,1.0,0.8997151255607605
YMR247C,YML077W,0,-4.2576237,0.10000000149011612,1.0,0.8999999761581421
YGR223C,YPL153C,0,-4.2615275,0.09997151792049408,1.0,0.9002848863601685
YMR142C,YER110C,0,-4.2638254,0.09994304925203323,1.0,0.9005697965621948
YEL013W,YLR433C,0,-4.2645698,0.09991460293531418,1.0,0.9008547067642212
YGL040C,YPR073C,0,-4.266922,0.09988617151975632,1.0,0.9011396169662476
YGR106C,YGR076C,0,-4.2677937,0.09985775500535965,1.0,0.9014245271682739
YHR116W,YFL029C,0,-4.271517,0.09982935339212418,1.0,0.9017093777656555
YBR022W,YCR053W,0,-4.2736645,0.0998009666800499,1.0,0.9019942879676819
YDL065C,YJR089W,0,-4.274348,0.09977259486913681,1.0,0.9022791981697083
YOL109W,YNL135C,0,-4.2790656,0.09974424540996552,1.0,0.9025641083717346
YOR278W,YKL042W,0,-4.2854023,0.09971591085195541,1.0,0.902849018573761
YML015C,YNR041C,0,-4.292201,0.0996875911951065,1.0,0.9031339287757874
YMR264W,YNL098C,0,-4.2944937,0.09965928643941879,1.0,0.903418779373169
YGR009C,YKL017C,0,-4.2977633,0.09963099658489227,1.0,0.9037036895751953
YDL200C,YGL084C,0,-4.2980576,0.09960272163152695,1.0,0.9039885997772217
YBL037W,YPL153C,0,-4.299081,0.09957446902990341,1.0,0.904273509979248
YHR031C,YNL325C,0,-4.3005676,0.09954623132944107,1.0,0.9045584201812744
YDR456W,YOR217W,0,-4.3040485,0.09951800107955933,1.0,0.9048433303833008
YGR263C,YGL003C,0,-4.307575,0.09948979318141937,1.0,0.9051281809806824
YDR358W,YGL059W,0,-4.3093495,0.09946160018444061,1.0,0.9054130911827087
YER114C,YHR070W,0,-4.3098826,0.09943342953920364,1.0,0.9056980013847351
YAL035W,YMR071C,0,-4.312061,0.09940526634454727,1.0,0.9059829115867615
YDR238C,YPR108W,0,-4.3129005,0.09937712550163269,1.0,0.9062678217887878
YFR037C,YNR045W,0,-4.313134,0.0993489921092987,1.0,0.9065527319908142
YDR329C,YBL060W,0,-4.315343,0.09932088106870651,1.0,0.9068375825881958
YER086W,YHR181W,0,-4.3157716,0.09929278492927551,1.0,0.9071224927902222
YNR008W,YJR060W,0,-4.3171763,0.0992647036910057,1.0,0.9074074029922485
YBR264C,YMR023C,0,-4.3177567,0.09923664480447769,1.0,0.9076923131942749
YFL047W,YPR019W,0,-4.3223653,0.09920859336853027,1.0,0.9079772233963013
YOR151C,YML077W,0,-4.3234453,0.09918055683374405,1.0,0.9082621335983276
YOL139C,YJR143C,0,-4.324598,0.09915254265069962,1.0,0.9085469841957092
YER120W,YNL268W,0,-4.3252144,0.09912454336881638,1.0,0.9088318943977356
YNL001W,YJL044C,0,-4.3268,0.09909655898809433,1.0,0.909116804599762
YAL041W,YLR266C,0,-4.3277173,0.09906858950853348,1.0,0.9094017148017883
YBR205W,YDR096W,0,-4.3283386,0.09904063493013382,1.0,0.9096866250038147
YFL047W,YNL291C,0,-4.333034,0.09901269525289536,1.0,0.9099715352058411
YMR297W,YNL268W,0,-4.333438,0.09898477047681808,1.0,0.9102563858032227
YDR479C,YGL003C,0,-4.336872,0.0989568680524826,1.0,0.910541296005249
YGR009C,YGR116W,0,-4.3418245,0.09892897307872772,1.0,0.9108262062072754
YMR302C,YBR035C,0,-4.342994,0.09890110045671463,1.0,0.9111111164093018
YJR001W,YLR207W,0,-4.344064,0.09887324273586273,1.0,0.9113960266113281
YGL137W,YPL031C,0,-4.3454437,0.09884539246559143,1.0,0.9116809368133545
YCR009C,YNL049C,0,-4.35568,0.09881756454706192,1.0,0.9119657874107361
YIL027C,YIL115C,0,-4.3575277,0.0987897515296936,1.0,0.9122506976127625
YDL164C,YCR028C,0,-4.361148,0.09876196086406708,1.0,0.9125356078147888
YDR425W,YCR009C,0,-4.364091,0.09873417764902115,1.0,0.9128205180168152
YBR237W,YDL108W,0,-4.3703074,0.09870640933513641,1.0,0.9131054282188416
YBL024W,YDR299W,0,-4.3713408,0.09867866337299347,1.0,0.9133903384208679
YNR022C,YGR116W,0,-4.374174,0.09865092486143112,1.0,0.9136751890182495
YGL223C,YPR019W,0,-4.374503,0.09862320870161057,1.0,0.9139600992202759
YMR298W,YKR062W,0,-4.375602,0.0985955074429512,1.0,0.9142450094223022
YBR273C,YPL149W,0,-4.377247,0.09856782108545303,1.0,0.9145299196243286
YJR010C-A,YLL038C,0,-4.377307,0.09854014962911606,1.0,0.914814829826355
YOL007C,YDR400W,0,-4.380403,0.09851249307394028,1.0,0.9150997400283813
YMR070W,YFR007W,0,-4.381728,0.09848485141992569,1.0,0.9153845906257629
YJL072C,YPL206C,0,-4.3818197,0.0984572246670723,1.0,0.9156695008277893
YER133W,YJR060W,0,-4.382126,0.0984296128153801,1.0,0.9159544110298157
YML094W,YMR247C,0,-4.3829136,0.09840201586484909,1.0,0.916239321231842
YJR104C,YDR003W,0,-4.3845882,0.09837444126605988,1.0,0.9165242314338684
YOR179C,YLR032W,0,-4.384947,0.09834687411785126,1.0,0.9168091416358948
YMR281W,YOL064C,0,-4.3860493,0.09831932932138443,1.0,0.9170939922332764
YJL129C,YMR224C,0,-4.386183,0.0982917919754982,1.0,0.9173789024353027
YJL125C,YOR067C,0,-4.3869905,0.09826427698135376,1.0,0.9176638126373291
YDL108W,YGL003C,0,-4.393183,0.09823677688837051,1.0,0.9179487228393555
YGR295C,YDL095W,0,-4.396133,0.09820929169654846,1.0,0.9182336330413818
YDR283C,YKL198C,0,-4.3966894,0.0981818214058876,1.0,0.9185185432434082
YNR011C,YDR362C,0,-4.4045386,0.09815436601638794,1.0,0.9188033938407898
YBR251W,YDR400W,0,-4.4057865,0.09812692552804947,1.0,0.9190883040428162
YPL144W,YKL059C,0,-4.406904,0.09809949994087219,1.0,0.9193732142448425
YDR466W,YEL058W,0,-4.4073653,0.09807208925485611,1.0,0.9196581244468689
YPL177C,YDR483W,0,-4.410167,0.09804469347000122,1.0,0.9199430346488953
YJR143C,YBL082C,0,-4.411277,0.09801731258630753,1.0,0.9202279448509216
YLR100W,YCL050C,0,-4.4116807,0.09798994660377502,1.0,0.9205127954483032
YKL004W,YER086W,0,-4.414865,0.09796260297298431,1.0,0.9207977056503296
YDR456W,YOL133W,0,-4.4161057,0.0979352667927742,1.0,0.921082615852356
YBR176W,YHR017W,0,-4.4188733,0.09790795296430588,1.0,0.9213675260543823
YHL032C,YDR529C,0,-4.4191437,0.09788064658641815,1.0,0.9216524362564087
YKL212W,YML048W,0,-4.4207315,0.09785336256027222,1.0,0.9219373464584351
YGL106W,YBL023C,0,-4.4262266,0.09782608598470688,1.0,0.9222221970558167
YGR220C,YOR217W,0,-4.4264793,0.09779883176088333,1.0,0.922507107257843
YLR450W,YFL044C,0,-4.428047,0.09777158498764038,1.0,0.9227920174598694
YKL183W,YPL143W,0,-4.430313,0.09774436056613922,1.0,0.9230769276618958
YHR067W,YNR001C,0,-4.433777,0.09771715104579926,1.0,0.9233618378639221
YOR322C,YOL149W,0,-4.4342265,0.09768994897603989,1.0,0.9236467480659485
YML129C,YPR070W,0,-4.4353004,0.09766276925802231,1.0,0.9239315986633301
YPL059W,YKL034W,0,-4.4392347,0.09763560444116592,1.0,0.9242165088653564
YJR059W,YOR044W,0,-4.441537,0.09760845452547073,1.0,0.9245014190673828
YMR036C,YNL308C,0,-4.4416122,0.09758131951093674,1.0,0.9247863292694092
YDL190C,YER113C,0,-4.441745,0.09755419939756393,1.0,0.9250712394714355
YBR035C,YMR152W,0,-4.443695,0.09752709418535233,1.0,0.9253561496734619
YER007W,YCR094W,0,-4.4447727,0.09749999642372131,1.0,0.9256410002708435
YOR046C,YPR070W,0,-4.4517107,0.09747292101383209,1.0,0.9259259104728699
YMR006C,YER083C,0,-4.453876,0.09744586050510406,1.0,0.9262108206748962
YDL019C,YKL198C,0,-4.4541435,0.09741881489753723,1.0,0.9264957308769226
YNL293W,YDR139C,0,-4.4600325,0.09739178419113159,1.0,0.926780641078949
YOR075W,YDR047W,0,-4.464242,0.09736476838588715,1.0,0.9270655512809753
YDL200C,YAR007C,0,-4.4663553,0.0973377674818039,1.0,0.9273504018783569
YDR358W,YMR302C,0,-4.467653,0.09731078147888184,1.0,0.9276353120803833
YJL019W,YOR270C,0,-4.4679794,0.09728381037712097,1.0,0.9279202222824097
YLR086W,YPL143W,0,-4.4705076,0.0972568541765213,1.0,0.928205132484436
YMR233W,YPR032W,0,-4.4705744,0.09722992032766342,1.0,0.9284900426864624
YPR016C,YNL096C,0,-4.4781494,0.09720299392938614,1.0,0.9287749528884888
YGL213C,YEL050C,0,-4.4799166,0.09717608243227005,1.0,0.9290598034858704
YNL242W,YPL177C,0,-4.480073,0.09714918583631516,1.0,0.9293447136878967
YGR029W,YPL206C,0,-4.4831533,0.09712230414152145,1.0,0.9296296238899231
YJL072C,YLR097C,0,-4.4835477,0.09709543734788895,1.0,0.9299145340919495
YIL034C,YOR067C,0,-4.4836445,0.09706858545541763,1.0,0.9301994442939758
YBL024W,YLR221C,0,-4.4846354,0.09704174846410751,1.0,0.9304843544960022
YMR247C,YGL106W,0,-4.485951,0.09701492637395859,1.0,0.9307692050933838
YCR009C,YMR285C,0,-4.4921994,0.09698811918497086,1.0,0.9310541152954102
YBR264C,YOR067C,0,-4.4942417,0.09696132689714432,1.0,0.9313390254974365
YLR097C,YIL124W,0,-4.496151,0.09693454951047897,1.0,0.9316239356994629
YDL099W,YPL143W,0,-4.496339,0.09690778702497482,1.0,0.9319088459014893
YPL194W,YPR005C,0,-4.4970045,0.09688103944063187,1.0,0.9321937561035156
YPL091W,YER133W,0,-4.49811,0.0968543067574501,1.0,0.9324786067008972
YMR036C,YLR381W,0,-4.502754,0.09682758897542953,1.0,0.9327635169029236
YOR181W,YGR156W,0,-4.504689,0.09680088609457016,1.0,0.93304842710495
YIL026C,YOR070C,0,-4.506254,0.09677419066429138,1.0,0.9333333373069763
YDR533C,YKR014C,0,-4.508874,0.0967475175857544,1.0,0.9336182475090027
YER148W,YDR086C,0,-4.509207,0.0967208594083786,1.0,0.933903157711029
YGR106C,YGR124W,0,-4.5141077,0.096694216132164,1.0,0.9341880083084106
YFR003C,YKL017C,0,-4.516097,0.0966675877571106,1.0,0.934472918510437
YLL001W,YMR109W,0,-4.5185223,0.09664096683263779,1.0,0.9347578287124634
YBR286W,YDR487C,0,-4.519201,0.09661436825990677,1.0,0.9350427389144897
YCR009C,YOL123W,0,-4.522873,0.09658778458833694,1.0,0.9353276491165161
YMR171C,YIL090W,0,-4.527464,0.09656120836734772,1.0,0.9356125593185425
YMR070W,YJL048C,0,-4.5288334,0.09653465449810028,1.0,0.9358974099159241
YGR241C,YNR022C,0,-4.529477,0.09650810807943344,1.0,0.9361823201179504
YER148W,YBR058C,0,-4.5322556,0.09648158401250839,1.0,0.9364672303199768
YGL210W,YPL195W,0,-4.5369678,0.09645506739616394,1.0,0.9367521405220032
YLR396C,YHR181W,0,-4.5425262,0.09642857313156128,1.0,0.9370370507240295
YER029C,YNL185C,0,-4.5442915,0.09640208631753922,1.0,0.9373219609260559
YDL200C,YDR487C,0,-4.5444756,0.09637561440467834,1.0,0.9376068115234375
YML015C,YDR054C,0,-4.5448675,0.09634916484355927,1.0,0.9378917217254639
YDL051W,YBR283C,0,-4.5476494,0.09632272273302078,1.0,0.9381766319274902
YER027C,YMR026C,0,-4.548231,0.0962962955236435,1.0,0.9384615421295166
YMR302C,YER161C,0,-4.5516515,0.0962698832154274,1.0,0.938746452331543
YDL051W,YCR053W,0,-4.553427,0.0962434858083725,1.0,0.9390313625335693
YLR427W,YER113C,0,-4.5557256,0.09621710330247879,1.0,0.9393162131309509
YLR204W,YFR007W,0,-4.5566716,0.09619073569774628,1.0,0.9396011233329773
YPL059W,YJL008C,0,-4.5590544,0.09616438299417496,1.0,0.9398860335350037
YCR004C,YML115C,0,-4.5663986,0.09613804519176483,1.0,0.94017094373703
YHR013C,YML048W,0,-4.566859,0.0961117222905159,1.0,0.9404558539390564
YMR088C,YHR044C,0,-4.568568,0.09608540683984756,1.0,0.9407407641410828
YDR117C,YKL034W,0,-4.579382,0.09605911374092102,1.0,0.9410256147384644
YFL047W,YDR052C,0,-4.5841465,0.09603282809257507,1.0,0.9413105249404907
YDR347W,YML074C,0,-4.591112,0.09600656479597092,1.0,0.9415954351425171
YGL136C,YDR313C,0,-4.592596,0.09598030894994736,1.0,0.9418803453445435
YJR075W,YHR181W,0,-4.5942044,0.09595407545566559,1.0,0.9421652555465698
YML015C,YEL015W,0,-4.5945163,0.09592784941196442,1.0,0.9424501657485962
YFL004W,YHR181W,0,-4.595356,0.09590163826942444,1.0,0.9427350163459778
YLL013C,YLR357W,0,-4.5957146,0.09587544202804565,1.0,0.9430199265480042
YER120W,YNL301C,0,-4.5963783,0.09584926068782806,1.0,0.9433048367500305
YPR070W,YBL023C,0,-4.6046352,0.09582309424877167,1.0,0.9435897469520569
YGL223C,YCR004C,0,-4.6104355,0.09579694271087646,1.0,0.9438746571540833
YBR055C,YPR070W,0,-4.6115193,0.09577080607414246,1.0,0.9441595673561096
YKR037C,YKR030W,0,-4.6144657,0.09574468433856964,1.0,0.9444444179534912
YPR070W,YGR076C,0,-4.6182613,0.09571857005357742,1.0,0.9447293281555176
YDR341C,YDR036C,0,-4.622071,0.095692478120327,1.0,0.945014238357544
YLR090W,YJR058C,0,-4.6263304,0.09566639363765717,1.0,0.9452991485595703
YKL089W,YDR014W,0,-4.627877,0.09564032405614853,1.0,0.9455840587615967
YBR123C,YJR076C,0,-4.6287775,0.09561427682638168,1.0,0.945868968963623
YBR055C,YEL015W,0,-4.631183,0.09558823704719543,1.0,0.9461538195610046
YAL023C,YML063W,0,-4.6331444,0.09556221216917038,1.0,0.946438729763031
YDR341C,YPL220W,0,-4.6336317,0.09553620219230652,1.0,0.9467236399650574
YFL004W,YDR166C,0,-4.634801,0.09551020711660385,1.0,0.9470085501670837
YDL067C,YER012W,0,-4.6383533,0.09548421949148178,1.0,0.9472934603691101
YEL058W,YIL124W,0,-4.64032,0.0954582542181015,1.0,0.9475783705711365
YFL047W,YDR166C,0,-4.6434555,0.09543230384588242,1.0,0.9478632211685181
YMR100W,YDR315C,0,-4.646577,0.09540636092424393,1.0,0.9481481313705444
YKR062W,YCL055W,0,-4.6505795,0.09538043290376663,1.0,0.9484330415725708
YKL059C,YCL031C,0,-4.6508455,0.09535451978445053,1.0,0.9487179517745972
YMR171C,YLL038C,0,-4.6571307,0.09532862901687622,1.0,0.9490028619766235
YER099C,YOR150W,0,-4.659474,0.09530274569988251,1.0,0.9492877721786499
YDR379W,YDR251W,0,-4.670393,0.09527686983346939,1.0,0.9495726227760315
YML106W,YDR071C,0,-4.672706,0.09525101631879807,1.0,0.9498575329780579
YCR039C,YJR076C,0,-4.675065,0.09522517770528793,1.0,0.9501424431800842
YDR315C,YNL119W,0,-4.6764245,0.0951993465423584,1.0,0.9504273533821106
YMR171C,YPL157W,0,-4.68117,0.09517353773117065,1.0,0.950712263584137
YDR420W,YNR022C,0,-4.685884,0.09514773637056351,1.0,0.9509971737861633
YDL120W,YMR302C,0,-4.6860437,0.09512194991111755,1.0,0.9512820243835449
YNL311C,YNR047W,0,-4.6933594,0.0950961783528328,1.0,0.9515669345855713
YOR278W,YLR238W,0,-4.6990147,0.09507042169570923,1.0,0.9518518447875977
YER161C,YBL023C,0,-4.702829,0.09504467993974686,1.0,0.952136754989624
YFL029C,YKL195W,0,-4.713938,0.09501895308494568,1.0,0.9524216651916504
YER029C,YDR177W,0,-4.722151,0.0949932336807251,1.0,0.9527065753936768
YLR127C,YKR030W,0,-4.724228,0.09496752917766571,1.0,0.9529914259910583
YJR121W,YOL147C,0,-4.725232,0.09494184702634811,1.0,0.9532763361930847
YBR055C,YCL031C,0,-4.7258215,0.09491617232561111,1.0,0.9535612463951111
YLR192C,YBR164C,0,-4.7288756,0.09489051252603531,1.0,0.9538461565971375
YML129C,YFL036W,0,-4.730051,0.0948648676276207,1.0,0.9541310667991638
YHR101C,YHR099W,0,-4.7303343,0.09483923017978668,1.0,0.9544159770011902
YIL004C,YIR015W,0,-4.7396,0.09481361508369446,1.0,0.9547008275985718
YML015C,YGL155W,0,-4.7422338,0.09478800743818283,1.0,0.9549857378005981
YHR076W,YKL059C,0,-4.742597,0.094762422144413,1.0,0.9552706480026245
YBL020W,YMR071C,0,-4.745212,0.09473684430122375,1.0,0.9555555582046509
YOR175C,YGL084C,0,-4.747042,0.09471128135919571,1.0,0.9558404684066772
YLR090W,YGR047C,0,-4.7512875,0.09468573331832886,1.0,0.9561253786087036
YMR302C,YHR017W,0,-4.761366,0.0946601927280426,1.0,0.9564102292060852
YHR160C,YDR177W,0,-4.7618675,0.09463467448949814,1.0,0.9566951394081116
YCR028C,YGL106W,0,-4.762396,0.09460916370153427,1.0,0.9569800496101379
YDR312W,YGR158C,0,-4.766281,0.0945836678147316,1.0,0.9572649598121643
YDL019C,YJR076C,0,-4.7698183,0.09455818682909012,1.0,0.9575498700141907
YDR510W,YIL026C,0,-4.770859,0.09453272074460983,1.0,0.957834780216217
YJR013W,YJR058C,0,-4.77444,0.09450726956129074,1.0,0.9581196308135986
YLR078C,YGL155W,0,-4.7744856,0.09448183327913284,1.0,0.958404541015625
YOR124C,YDL101C,0,-4.775814,0.09445640444755554,1.0,0.9586894512176514
YML094W,YMR281W,0,-4.7762437,0.09443099051713943,1.0,0.9589743614196777
YFL041W,YHR186C,0,-4.7893133,0.09440559148788452,1.0,0.9592592716217041
YGR241C,YML081C-A,0,-4.7994566,0.0943802073597908,1.0,0.9595441818237305
YKL135C,YJL048C,0,-4.8138704,0.09435483813285828,1.0,0.9598290324211121
YKL059C,YKR050W,0,-4.814237,0.09432948380708694,1.0,0.9601139426231384
YAL010C,YMR282C,0,-4.8143234,0.09430413693189621,1.0,0.9603988528251648
YLR170C,YNR047W,0,-4.825638,0.09427880495786667,1.0,0.9606837630271912
YLR427W,YPL153C,0,-4.8378396,0.09425348788499832,1.0,0.9609686732292175
YIL093C,YDR117C,0,-4.838622,0.09422818571329117,1.0,0.9612535834312439
YER114C,YFR037C,0,-4.843293,0.09420289844274521,1.0,0.9615384340286255
YLR459W,YOR332W,0,-4.8501463,0.09417762607336044,1.0,0.9618233442306519
YCR094W,YDR320C,0,-4.852597,0.09415236115455627,1.0,0.9621082544326782
YMR080C,YNL218W,0,-4.8614283,0.0941271111369133,1.0,0.9623931646347046
YNR027W,YPL103C,0,-4.8692384,0.09410187602043152,1.0,0.962678074836731
YEL058W,YDR298C,0,-4.871317,0.09407665580511093,1.0,0.9629629850387573
YOR096W,YLR287C-A,0,-4.8818994,0.09405145049095154,1.0,0.9632478356361389
YDR456W,YPL214C,0,-4.8822584,0.09402625262737274,1.0,0.9635327458381653
YKL135C,YDR177W,0,-4.8893127,0.09400106966495514,1.0,0.9638176560401917
YBR264C,YDR036C,0,-4.8938684,0.09397590160369873,1.0,0.964102566242218
YBR273C,YGL227W,0,-4.8945236,0.09395074844360352,1.0,0.9643874764442444
YFR041C,YNL015W,0,-4.9183693,0.0939256101846695,1.0,0.9646723866462708
YLR127C,YDR069C,0,-4.9237814,0.09390047937631607,1.0,0.9649572372436523
YNR008W,YPL204W,0,-4.926378,0.09387537091970444,1.0,0.9652421474456787
YBR264C,YNL218W,0,-4.933553,0.0938502699136734,1.0,0.9655270576477051
YBR245C,YBL020W,0,-4.934195,0.09382518380880356,1.0,0.9658119678497314
YOR174W,YGR262C,0,-4.9354916,0.09380010515451431,1.0,0.9660968780517578
YNL212W,YNL149C,0,-4.938011,0.09377504885196686,1.0,0.9663817882537842
YDR315C,YKR037C,0,-4.9440084,0.09375,1.0,0.9666666388511658
YLR170C,YDR032C,0,-4.9532623,0.09372496604919434,1.0,0.9669515490531921
YNL291C,YAL023C,0,-4.967895,0.09369994699954987,1.0,0.9672364592552185
YBL039C,YDR120C,0,-4.96994,0.09367494285106659,1.0,0.9675213694572449
YOL133W,YPR178W,0,-4.9720764,0.09364994615316391,1.0,0.9678062796592712
YGR106C,YDR486C,0,-4.9773474,0.09362496435642242,1.0,0.9680911898612976
YOR278W,YPR070W,0,-4.9855375,0.09359999746084213,1.0,0.9683760404586792
YER083C,YIL138C,0,-4.991829,0.09357504546642303,1.0,0.9686609506607056
YML125C,YLR078C,0,-5.0225163,0.09355010837316513,1.0,0.9689458608627319
YOR151C,YDL185W,0,-5.025568,0.09352517873048782,1.0,0.9692307710647583
YJL080C,YKL056C,0,-5.028692,0.09350026398897171,1.0,0.9695156812667847
YEL013W,YGR218W,0,-5.031784,0.09347536414861679,1.0,0.969800591468811
YBL057C,YDR390C,0,-5.035807,0.09345047920942307,1.0,0.9700854420661926
YMR233W,YOR150W,0,-5.058386,0.09342560917139053,1.0,0.970370352268219
YMR298W,YMR302C,0,-5.0617266,0.0934007465839386,1.0,0.9706552624702454
YBR024W,YLR204W,0,-5.065782,0.09337589889764786,1.0,0.9709401726722717
YLR403W,YDR054C,0,-5.068162,0.09335106611251831,1.0,0.9712250828742981
YLR127C,YDR166C,0,-5.070482,0.09332624077796936,1.0,0.9715099930763245
YKR038C,YJL156C,0,-5.083169,0.0933014377951622,1.0,0.971794843673706
YDL120W,YBR123C,0,-5.085155,0.09327664226293564,1.0,0.9720797538757324
YDR532C,YNL158W,0,-5.086673,0.09325186163187027,1.0,0.9723646640777588
YGL173C,YML124C,0,-5.088228,0.0932270884513855,1.0,0.9726495742797852
YMR257C,YNL128W,0,-5.0887938,0.09320233762264252,1.0,0.9729344844818115
YLR418C,YGR009C,0,-5.1042604,0.09317759424448013,1.0,0.9732193946838379
YJR068W,YOR217W,0,-5.106158,0.09315286576747894,1.0,0.9735042452812195
YIR036C,YDR231C,0,-5.115684,0.09312815219163895,1.0,0.9737891554832458
YDL200C,YDR288W,0,-5.1169004,0.09310344606637955,1.0,0.9740740656852722
YBR123C,YDR315C,0,-5.119582,0.09307876229286194,1.0,0.9743589758872986
YGR124W,YKL056C,0,-5.120275,0.09305408596992493,1.0,0.974643886089325
YGL213C,YOR265W,0,-5.1265554,0.09302941709756851,1.0,0.9749287962913513
YKL004W,YOR061W,0,-5.1303988,0.09300477057695389,1.0,0.9752136468887329
YCL069W,YDR166C,0,-5.1321735,0.09298013150691986,1.0,0.9754985570907593
YDR315C,YNL185C,0,-5.132574,0.09295550733804703,1.0,0.9757834672927856
YMR100W,YGR116W,0,-5.135995,0.09293089807033539,1.0,0.976068377494812
YBL064C,YBR273C,0,-5.141219,0.09290629625320435,1.0,0.9763532876968384
YOL071W,YHR086W,0,-5.1497307,0.0928817167878151,1.0,0.9766381978988647
YDR315C,YDR071C,0,-5.1612797,0.09285714477300644,1.0,0.9769230484962463
YJR016C,YOR270C,0,-5.165978,0.09283258765935898,1.0,0.9772079586982727
YFL044C,YJR059W,0,-5.167653,0.09280803799629211,1.0,0.9774928689002991
YBR286W,YDR238C,0,-5.171012,0.09278350323438644,1.0,0.9777777791023254
YKL004W,YPL226W,0,-5.186915,0.09275898337364197,1.0,0.9780626893043518
YFL041W,YHR181W,0,-5.191276,0.09273447841405869,1.0,0.9783475995063782
YGR047C,YER051W,0,-5.1940937,0.092709980905056,1.0,0.9786324501037598
YGL210W,YER012W,0,-5.196968,0.0926855057477951,1.0,0.9789173603057861
YKR014C,YOR069W,0,-5.198657,0.09266103804111481,1.0,0.9792022705078125
YIR023W,YNL325C,0,-5.2023854,0.0926365777850151,1.0,0.9794871807098389
YLR238W,YGR009C,0,-5.2106843,0.0926121398806572,1.0,0.9797720909118652
YOL127W,YGR106C,0,-5.217865,0.09258770942687988,1.0,0.9800570011138916
YMR022W,YDR032C,0,-5.219202,0.09256329387426376,1.0,0.9803418517112732
YHR028C,YLR371W,0,-5.2195573,0.09253888577222824,1.0,0.9806267619132996
YML005W,YMR211W,0,-5.233393,0.09251450002193451,1.0,0.9809116721153259
YER173W,YLR403W,0,-5.2347054,0.09249012172222137,1.0,0.9811965823173523
YJL033W,YBR267W,0,-5.2469206,0.09246575087308884,1.0,0.9814814925193787
YDR466W,YDR088C,0,-5.2595153,0.09244140237569809,1.0,0.981766402721405
YNL306W,YCR004C,0,-5.2836394,0.09241706132888794,1.0,0.9820512533187866
YKL179C,YJR060W,0,-5.3087063,0.09239273518323898,1.0,0.982336163520813
YML012W,YIL051C,0,-5.3103323,0.09236842393875122,1.0,0.9826210737228394
YKL004W,YBR283C,0,-5.312524,0.09234412014484406,1.0,0.9829059839248657
YIL039W,YOR039W,0,-5.312956,0.09231983125209808,1.0,0.9831908941268921
YDR347W,YDR116C,0,-5.3199563,0.0922955572605133,1.0,0.9834758043289185
YMR281W,YDR096W,0,-5.321201,0.09227129071950912,1.0,0.9837606549263
YER083C,YLR418C,0,-5.3221445,0.09224704653024673,1.0,0.9840455651283264
YCR096C,YGL106W,0,-5.32362,0.09222280979156494,1.0,0.9843304753303528
YLR127C,YER007W,0,-5.3499756,0.09219858050346375,1.0,0.9846153855323792
YJL143W,YPL059W,0,-5.3533363,0.09217436611652374,1.0,0.9849002957344055
YNL301C,YKR059W,0,-5.355644,0.09215017408132553,1.0,0.9851852059364319
YER112W,YER012W,0,-5.3580337,0.09212598204612732,1.0,0.9854700565338135
YOL064C,YOR075W,0,-5.367752,0.0921018123626709,1.0,0.9857549667358398
YPL022W,YNL091W,0,-5.401758,0.09207765012979507,1.0,0.9860398769378662
YML106W,YAL023C,0,-5.422391,0.09205350279808044,1.0,0.9863247871398926
YOR067C,YEL058W,0,-5.426914,0.09202936291694641,1.0,0.986609697341919
YBR022W,YDR036C,0,-5.4435387,0.09200524538755417,1.0,0.9868946075439453
YGL136C,YOL133W,0,-5.4510813,0.09198113530874252,1.0,0.9871794581413269
YDL108W,YBL057C,0,-5.462343,0.09195703268051147,1.0,0.9874643683433533
YER120W,YML048W,0,-5.4809504,0.09193295240402222,1.0,0.9877492785453796
YLR418C,YDL065C,0,-5.48621,0.09190887957811356,1.0,0.988034188747406
YDL192W,YGL031C,0,-5.525467,0.09188481420278549,1.0,0.9883190989494324
YJL165C,YDL115C,0,-5.5467463,0.09186077117919922,1.0,0.9886040091514587
YBL064C,YMR004W,0,-5.5957584,0.09183673560619354,1.0,0.9888888597488403
YJL125C,YLR186W,0,-5.62339,0.09181271493434906,1.0,0.9891737699508667
YGL253W,YOR270C,0,-5.648515,0.09178870171308517,1.0,0.9894586801528931
YDR511W,YNL212W,0,-5.6607027,0.09176470339298248,1.0,0.9897435903549194
YPL148C,YKL034W,0,-5.664694,0.09174071997404099,1.0,0.9900285005569458
YOR057W,YNL091W,0,-5.672809,0.09171675145626068,1.0,0.9903134107589722
YDL120W,YPL204W,0,-5.680482,0.09169279038906097,1.0,0.9905982613563538
YKR062W,YOR269W,0,-5.7022476,0.09166884422302246,1.0,0.9908831715583801
YOR257W,YIL138C,0,-5.708435,0.09164490550756454,1.0,0.9911680817604065
YNL291C,YJR126C,0,-5.7238207,0.09162098914384842,1.0,0.9914529919624329
YER068W,YKR030W,0,-5.758935,0.09159708023071289,1.0,0.9917379021644592
YGL003C,YNL325C,0,-5.772357,0.09157317876815796,1.0,0.9920228123664856
YDR341C,YDL082W,0,-5.790018,0.09154929220676422,1.0,0.9923076629638672
YGR104C,YEL015W,0,-5.794694,0.09152542054653168,1.0,0.9925925731658936
YLR370C,YER012W,0,-5.8346825,0.09150156378746033,1.0,0.9928774833679199
YMR036C,YDR169C,0,-5.8389754,0.09147771447896957,1.0,0.9931623935699463
YMR201C,YKL195W,0,-5.8588815,0.09145388007164001,1.0,0.9934473037719727
YMR070W,YFR041C,0,-5.9279127,0.09143006056547165,1.0,0.993732213973999
YOL071W,YFL044C,0,-5.94089,0.09140624850988388,1.0,0.9940170645713806
YKR030W,YMR037C,0,-5.9778194,0.0913824513554573,1.0,0.994301974773407
YOL133W,YER030W,0,-6.036102,0.09135866910219193,1.0,0.9945868849754333
YML012W,YML048W,0,-6.137454,0.09133489429950714,1.0,0.9948717951774597
YER133W,YDL192W,0,-6.1975994,0.09131113439798355,1.0,0.9951567053794861
YIL039W,YDR483W,0,-6.246159,0.09128738939762115,1.0,0.9954416155815125
YLR170C,YDR315C,0,-6.279455,0.09126365184783936,1.0,0.995726466178894
YMR302C,YDR486C,0,-6.294755,0.09123992919921875,1.0,0.9960113763809204
YCR009C,YKR030W,0,-6.383074,0.09121621400117874,1.0,0.9962962865829468
YOR182C,YNL096C,0,-6.408186,0.09119252115488052,1.0,0.9965811967849731
YOR257W,YOR036W,0,-6.4933796,0.0911688283085823,1.0,0.9968661069869995
YOR057W,YPL214C,0,-6.513835,0.09114515781402588,1.0,0.9971510171890259
YOL120C,YAL003W,0,-6.7668257,0.09112149477005005,1.0,0.9974358677864075
YCR009C,YDR486C,0,-6.816864,0.09109784662723541,1.0,0.9977207779884338
YJR145C,YOR182C,0,-6.9428487,0.09107420593500137,1.0,0.9980056881904602
YDL136W,YOL127W,0,-7.0837746,0.09105058014392853,1.0,0.9982905983924866
YDL130W,YLR448W,0,-7.24889,0.09102696925401688,1.0,0.9985755085945129
YPL143W,YNL096C,0,-7.3861227,0.09100337326526642,1.0,0.9988604187965393
YMR256C,YLR038C,0,-7.406213,0.09097978472709656,1.0,0.9991452693939209
YDR012W,YPL143W,0,-7.7461767,0.0909562036395073,1.0,0.9994301795959473
YJR068W,YDR486C,0,-8.048362,0.09093264490365982,1.0,0.9997150897979736
YBR048W,YDL075W,0,-8.523807,0.09090909361839294,1.0,1.0
