Gene A,Gene B,Label,Score,Precision,Recall,False Positive Rate
YMR189W,YMR268C,0,-0.12621868,0.0,0.0,0.0009523809421807528
YDR191W,YLR178C,0,-0.12621868,0.0,0.0,0.0019047618843615055
YMR189W,YBR152W,0,-0.12621868,0.0,0.0,0.0028571428265422583
YDL191W,YIL168W,0,-0.12621868,0.0,0.0,0.003809523768723011
YOR173W,YJL050W,1,-0.15087347,0.20000000298023224,0.009523809887468815,0.003809523768723011
YLR205C,YJL122W,0,-0.2345357,0.1666666716337204,0.009523809887468815,0.004761904943734407
YLR341W,YDR001C,0,-0.25457606,0.1428571492433548,0.009523809887468815,0.0057142856530845165
YOR173W,YOL021C,1,-0.32296294,0.25,0.01904761977493763,0.0057142856530845165
YPL152W,YMR011W,0,-0.35033068,0.2222222238779068,0.01904761977493763,0.006666666828095913
YEL060C,YHR128W,0,-0.39200768,0.20000000298023224,0.01904761977493763,0.007619047537446022
YDR058C,YGR280C,0,-0.39870417,0.1818181872367859,0.01904761977493763,0.008571428246796131
YKL125W,YNL327W,0,-0.4197591,0.1666666716337204,0.01904761977493763,0.009523809887468815
YPL164C,YDR382W,0,-0.42541492,0.1538461595773697,0.01904761977493763,0.010476190596818924
YOL115W,YOR173W,1,-0.4763162,0.2142857164144516,0.02857142873108387,0.010476190596818924
YER054C,YNL152W,0,-0.5039644,0.20000000298023224,0.02857142873108387,0.011428571306169033
YOR202W,YGR128C,0,-0.5171107,0.1875,0.02857142873108387,0.012380952015519142
YDR214W,YDR522C,0,-0.56220603,0.1764705926179886,0.02857142873108387,0.013333333656191826
YER146W,YOR173W,1,-0.61350864,0.2222222238779068,0.03809523954987526,0.013333333656191826
YCR102C,YHL033C,0,-0.68661255,0.21052631735801697,0.03809523954987526,0.014285714365541935
YOR173W,YGR195W,1,-0.687261,0.25,0.0476190485060215,0.014285714365541935
YOR173W,YNL299W,1,-0.6965717,0.2857142984867096,0.05714285746216774,0.014285714365541935
YJL050W,YLR136C,1,-0.72764003,0.3181818127632141,0.06666667014360428,0.014285714365541935
YHR007C,YGL013C,0,-0.7352114,0.30434781312942505,0.06666667014360428,0.015238095074892044
YLR408C,YER011W,0,-0.75519234,0.2916666567325592,0.06666667014360428,0.016190476715564728
YJL050W,YER035W,1,-0.7631078,0.3199999928474426,0.07619047909975052,0.016190476715564728
YNL299W,YLR136C,1,-0.76557434,0.3461538553237915,0.08571428805589676,0.016190476715564728
YCL045C,YOL017W,0,-0.7686753,0.3333333432674408,0.08571428805589676,0.017142856493592262
YOR173W,YLR398C,1,-0.7731817,0.3571428656578064,0.095238097012043,0.017142856493592262
YHR072W,YGL121C,0,-0.78897536,0.3448275923728943,0.095238097012043,0.018095238134264946
YIR035C,YLR222C,0,-0.7962353,0.3333333432674408,0.095238097012043,0.01904761977493763
YHR094C,YMR260C,0,-0.8033086,0.32258063554763794,0.095238097012043,0.019999999552965164
YMR104C,YNL152W,0,-0.8062889,0.3125,0.095238097012043,0.020952381193637848
YOR173W,YPL029W,1,-0.8201116,0.3333333432674408,0.10476190596818924,0.020952381193637848
YJL051W,YNL241C,0,-0.8542949,0.3235294222831726,0.10476190596818924,0.02190476283431053
YHL002W,YNR075W,0,-0.85635084,0.3142857253551483,0.10476190596818924,0.022857142612338066
YKL096W,YML062C,0,-0.8608885,0.3055555522441864,0.10476190596818924,0.02380952425301075
YNR073C,YGL255W,0,-0.870139,0.29729729890823364,0.10476190596818924,0.024761904031038284
YOR208W,YOR293W,0,-0.87591106,0.28947368264198303,0.10476190596818924,0.025714285671710968
YDR294C,YPL187W,0,-0.8857714,0.28205129504203796,0.10476190596818924,0.02666666731238365
YGL184C,YDR020C,0,-0.8873827,0.2750000059604645,0.10476190596818924,0.027619047090411186
YLR405W,YMR251W-A,0,-0.8876862,0.26829269528388977,0.10476190596818924,0.02857142873108387
YEL034W,YCR102C,0,-0.9051446,0.261904776096344,0.10476190596818924,0.029523810371756554
YIR013C,YLR372W,0,-0.9081609,0.25581395626068115,0.10476190596818924,0.030476190149784088
YGL255W,YEL020C,0,-0.9303695,0.25,0.10476190596818924,0.03142857179045677
YAR071W,YPR121W,0,-0.9354265,0.24444444477558136,0.10476190596818924,0.032380953431129456
YHR079C-A,YKL091C,0,-0.9396937,0.239130437374115,0.10476190596818924,0.03333333507180214
YMR291W,YMR134W,0,-0.94123125,0.23404255509376526,0.10476190596818924,0.034285712987184525
YBL097W,YDR258C,0,-0.95862716,0.2291666716337204,0.10476190596818924,0.03523809462785721
YBL042C,YNL148C,0,-0.9742762,0.22448979318141937,0.10476190596818924,0.03619047626852989
YCL019W,YMR121C,0,-0.9761474,0.2199999988079071,0.10476190596818924,0.037142857909202576
YOR214C,YER004W,0,-0.9904463,0.21568627655506134,0.10476190596818924,0.03809523954987526
YDR186C,YPR124W,0,-0.99582446,0.21153846383094788,0.10476190596818924,0.039047617465257645
YMR291W,YJR137C,0,-1.0002468,0.2075471729040146,0.10476190596818924,0.03999999910593033
YGL166W,YDL014W,0,-1.0115656,0.20370370149612427,0.10476190596818924,0.04095238074660301
YOR173W,YKL208W,1,-1.0126281,0.2181818187236786,0.11428571492433548,0.04095238074660301
YDR522C,YGR128C,0,-1.0141239,0.2142857164144516,0.11428571492433548,0.041904762387275696
YOL115W,YLR136C,1,-1.0248015,0.22807016968727112,0.12380952388048172,0.041904762387275696
YHR007C,YNL279W,0,-1.0266435,0.22413793206214905,0.12380952388048172,0.04285714402794838
YLR081W,YOL075C,0,-1.0363064,0.22033898532390594,0.12380952388048172,0.04380952566862106
YOR095C,YMR068W,0,-1.0382423,0.21666666865348816,0.12380952388048172,0.04476190358400345
YOL021C,YLR136C,1,-1.0389106,0.2295081913471222,0.13333334028720856,0.04476190358400345
YML130C,YLR022C,0,-1.041224,0.22580644488334656,0.13333334028720856,0.04571428522467613
YOR173W,YJL209W,1,-1.0421143,0.2380952388048172,0.1428571492433548,0.04571428522467613
YDR210W,YKL055C,0,-1.0444155,0.234375,0.1428571492433548,0.046666666865348816
YCL019W,YJL138C,0,-1.0518522,0.23076923191547394,0.1428571492433548,0.0476190485060215
YOR293W,YJL118W,0,-1.0541921,0.22727273404598236,0.1428571492433548,0.04857143014669418
YAR066W,YCR034W,0,-1.0566664,0.2238806039094925,0.1428571492433548,0.04952380806207657
YML131W,YJL207C,0,-1.0603843,0.22058823704719543,0.1428571492433548,0.05047618970274925
YIL127C,YLR410W,0,-1.0613585,0.21739129722118378,0.1428571492433548,0.051428571343421936
YCL045C,YPL249C,0,-1.0655328,0.2142857164144516,0.1428571492433548,0.05238095298409462
YDR210W,YPL283C,0,-1.0700108,0.2112676054239273,0.1428571492433548,0.0533333346247673
YDR155C,YNL035C,0,-1.075918,0.2083333283662796,0.1428571492433548,0.05428571254014969
YML008C,YGR067C,0,-1.0760617,0.2054794579744339,0.1428571492433548,0.05523809418082237
YOR208W,YML033W,0,-1.0783384,0.20270270109176636,0.1428571492433548,0.056190475821495056
YER011W,YKR099C-A,0,-1.0883319,0.20000000298023224,0.1428571492433548,0.05714285746216774
YPR022C,YDR001C,0,-1.0900376,0.19736842811107635,0.1428571492433548,0.058095239102840424
YNL134C,YKR025W,0,-1.0905368,0.19480518996715546,0.1428571492433548,0.05904762074351311
YER011W,YNR063W,0,-1.0928463,0.19230769574642181,0.1428571492433548,0.05999999865889549
YCL045C,YGR028W,0,-1.0955807,0.18987341225147247,0.1428571492433548,0.060952380299568176
YGR059W,YMR260C,0,-1.0963652,0.1875,0.1428571492433548,0.06190476194024086
YML131W,YDR113C,0,-1.0976787,0.18518517911434174,0.1428571492433548,0.06285714358091354
YMR104C,YOR133W,0,-1.1014938,0.18292683362960815,0.1428571492433548,0.06380952149629593
YPL275W,YGL008C,0,-1.1051166,0.1807228922843933,0.1428571492433548,0.06476190686225891
YLR155C,YDR001C,0,-1.1070065,0.1785714328289032,0.1428571492433548,0.0657142847776413
YJL092W,YBL100W-A,0,-1.1127703,0.1764705926179886,0.1428571492433548,0.06666667014360428
YHR143W-A,YNL134C,0,-1.1154754,0.1744185984134674,0.1428571492433548,0.06761904805898666
YHR141C,YLR157C-B,0,-1.1205512,0.17241379618644714,0.1428571492433548,0.06857142597436905
YGR028W,YDR348C,0,-1.1222732,0.17045454680919647,0.1428571492433548,0.06952381134033203
YEL034W,YPR065W,0,-1.1291802,0.16853933036327362,0.1428571492433548,0.07047618925571442
YKL065C,YGR027W-A,0,-1.133407,0.1666666716337204,0.1428571492433548,0.0714285746216774
YML130C,YHR032W,0,-1.1348888,0.16483516991138458,0.1428571492433548,0.07238095253705978
YPL283C,YPL192C,0,-1.1382186,0.16304348409175873,0.1428571492433548,0.07333333045244217
YOR100C,YBR244W,0,-1.1389618,0.16129031777381897,0.1428571492433548,0.07428571581840515
YBR239C,YML033W,0,-1.140725,0.1595744639635086,0.1428571492433548,0.07523809373378754
YGL125W,YML022W,0,-1.1416205,0.15789473056793213,0.1428571492433548,0.07619047909975052
YGL224C,YDR324C,0,-1.1433146,0.15625,0.1428571492433548,0.0771428570151329
YGR038C-A,YOR178C,0,-1.1493746,0.15463916957378387,0.1428571492433548,0.07809523493051529
YER124C,YML026C,0,-1.1494501,0.15306122601032257,0.1428571492433548,0.07904762029647827
YJL018W,YOL088C,0,-1.1507734,0.1515151560306549,0.1428571492433548,0.07999999821186066
YER026C,YDR210W-A,0,-1.154233,0.15000000596046448,0.1428571492433548,0.08095238357782364
YNR054C,YDR210W-A,0,-1.1609749,0.14851485192775726,0.1428571492433548,0.08190476149320602
YOR188W,YOR088W,0,-1.1627027,0.14705882966518402,0.1428571492433548,0.08285713940858841
YIL049W,YNL305C,0,-1.1630661,0.1456310749053955,0.1428571492433548,0.08380952477455139
YNR012W,YDR210W-A,0,-1.1671435,0.14423076808452606,0.1428571492433548,0.08476190268993378
YLR408C,YOR073W,0,-1.1719683,0.1428571492433548,0.1428571492433548,0.08571428805589676
YLR226W,YCL027C-A,0,-1.1781529,0.14150942862033844,0.1428571492433548,0.08666666597127914
YDR034C-D,YDL226C,0,-1.1788461,0.14018692076206207,0.1428571492433548,0.08761905133724213
YNL327W,YFR055W,0,-1.1813073,0.1388888955116272,0.1428571492433548,0.08857142925262451
YNL329C,YIR035C,0,-1.1825577,0.1376146823167801,0.1428571492433548,0.0895238071680069
YFL053W,YDR156W,0,-1.1841227,0.13636364042758942,0.1428571492433548,0.09047619253396988
YDR210W-D,YDL214C,0,-1.1862226,0.13513512909412384,0.1428571492433548,0.09142857044935226
YGR048W,YDR524C-B,0,-1.1862226,0.1339285671710968,0.1428571492433548,0.09238095581531525
YPL047W,YHL009W-A,0,-1.1862226,0.13274335861206055,0.1428571492433548,0.09333333373069763
YKL071W,YOR088W,0,-1.1862226,0.1315789520740509,0.1428571492433548,0.09428571164608002
YIL041W,YOR343C-B,0,-1.1862226,0.1304347813129425,0.1428571492433548,0.095238097012043
YNL064C,YDR524C-B,0,-1.1862226,0.12931033968925476,0.1428571492433548,0.09619047492742538
YDR210W-D,YPL255W,0,-1.1862226,0.12820513546466827,0.1428571492433548,0.09714286029338837
YDL239C,YOR343C-B,0,-1.1862226,0.12711864709854126,0.1428571492433548,0.09809523820877075
YNL024C-A,YNR049C,0,-1.1862226,0.1260504275560379,0.1428571492433548,0.09904761612415314
YJL111W,YOR343C-B,0,-1.1862226,0.125,0.1428571492433548,0.10000000149011612
YDR524C-B,YML024W,0,-1.1862226,0.12396693974733353,0.1428571492433548,0.1009523794054985
YDR266C,YBL071W-A,0,-1.1862226,0.12295082211494446,0.1428571492433548,0.10190476477146149
YLR157C-A,YBR210W,0,-1.1862226,0.12195122241973877,0.1428571492433548,0.10285714268684387
YGR287C,YMR197C,0,-1.1862308,0.12096773833036423,0.1428571492433548,0.10380952060222626
YDR462W,YJL018W,0,-1.1864438,0.11999999731779099,0.1428571492433548,0.10476190596818924
YCL030C,YLR022C,0,-1.1867002,0.1190476194024086,0.1428571492433548,0.10571428388357162
YER054C,YNL058C,0,-1.1881286,0.11811023950576782,0.1428571492433548,0.1066666692495346
YBR136W,YDR001C,0,-1.1882225,0.1171875,0.1428571492433548,0.10761904716491699
YLR157C-B,YNL097C,0,-1.1894091,0.11627907305955887,0.1428571492433548,0.10857142508029938
YGR161C-C,YNL009W,0,-1.18951,0.11538461595773697,0.1428571492433548,0.10952381044626236
YMR164C,YKL107W,0,-1.191273,0.11450381577014923,0.1428571492433548,0.11047618836164474
YOR208W,YFL052W,0,-1.192508,0.11363636702299118,0.1428571492433548,0.11142857372760773
YDR261C-C,YJL137C,0,-1.1962465,0.11278195679187775,0.1428571492433548,0.11238095164299011
YDL126C,YJL118W,0,-1.196625,0.11194030195474625,0.1428571492433548,0.1133333370089531
YIL066C,YCL027C-A,0,-1.1970785,0.1111111119389534,0.1428571492433548,0.11428571492433548
YGL001C,YHR166C,0,-1.1973062,0.11029411852359772,0.1428571492433548,0.11523809283971786
YPL060C-A,YBR154C,0,-1.1992832,0.10948905348777771,0.1428571492433548,0.11619047820568085
YDR365W-B,YBR253W,0,-1.2006342,0.10869564861059189,0.1428571492433548,0.11714285612106323
YNL126W,YHR032W,0,-1.2036873,0.10791366547346115,0.1428571492433548,0.11809524148702621
YGR231C,YER160C,0,-1.2072003,0.1071428582072258,0.1428571492433548,0.1190476194024086
YPL152W,YDR348C,0,-1.208234,0.10638298094272614,0.1428571492433548,0.11999999731779099
YDR365W-B,YIL044C,0,-1.2086589,0.10563380271196365,0.1428571492433548,0.12095238268375397
YEL004W,YDL213C,0,-1.2095776,0.10489510744810104,0.1428571492433548,0.12190476059913635
YLR077W,YPR158W-A,0,-1.2100782,0.1041666641831398,0.1428571492433548,0.12285714596509933
YMR291W,YNL224C,0,-1.2127259,0.1034482792019844,0.1428571492433548,0.12380952388048172
YKL222C,YDR037W,0,-1.2193176,0.10273972898721695,0.1428571492433548,0.1247619017958641
YNL225C,YPL265W,0,-1.2194222,0.10204081982374191,0.1428571492433548,0.1257142871618271
YBL042C,YPL249C,0,-1.2194613,0.10135135054588318,0.1428571492433548,0.12666666507720947
YDR488C,YDL213C,0,-1.2262495,0.10067114233970642,0.1428571492433548,0.12761904299259186
YER078C,YBR133C,0,-1.2356757,0.10000000149011612,0.1428571492433548,0.12857143580913544
YJL113W,YER160C,0,-1.2367398,0.09933774918317795,0.1428571492433548,0.12952381372451782
YNR073C,YJL160C,0,-1.2373213,0.09868421405553818,0.1428571492433548,0.1304761916399002
YKL107W,YGL133W,0,-1.2377158,0.09803921729326248,0.1428571492433548,0.1314285695552826
YHL001W,YOR022C,0,-1.2386515,0.09740259498357773,0.1428571492433548,0.13238094747066498
YDR348C,YLR155C,0,-1.2404658,0.09677419066429138,0.1428571492433548,0.13333334028720856
YHR045W,YLL010C,0,-1.2423689,0.09615384787321091,0.1428571492433548,0.13428571820259094
YBR235W,YCR003W,0,-1.2432768,0.09554140269756317,0.1428571492433548,0.13523809611797333
YGL210W-A,YBR293W,0,-1.2445892,0.09493670612573624,0.1428571492433548,0.1361904740333557
YDL079C,YPL158C,0,-1.2447258,0.09433962404727936,0.1428571492433548,0.1371428519487381
YIL067C,YNL113W,0,-1.2568597,0.09375,0.1428571492433548,0.13809524476528168
YML033W,YOR367W,0,-1.2608198,0.09316769987344742,0.1428571492433548,0.13904762268066406
YDR020C,YIR013C,0,-1.2662388,0.09259258955717087,0.1428571492433548,0.14000000059604645
YGL210W-A,YPR181C,0,-1.272103,0.0920245423913002,0.1428571492433548,0.14095237851142883
YML033W,YHR152W,0,-1.2798237,0.09146341681480408,0.1428571492433548,0.14190475642681122
YKL146W,YNL209W,0,-1.2798518,0.09090909361839294,0.1428571492433548,0.1428571492433548
YDR506C,YIL065C,0,-1.2828604,0.09036144614219666,0.1428571492433548,0.14380952715873718
YGR240C,YCR023C,0,-1.2835597,0.08982036262750626,0.1428571492433548,0.14476190507411957
YKL071W,YCR043C,0,-1.2864848,0.0892857164144516,0.1428571492433548,0.14571428298950195
YJL018W,YBR298C,0,-1.2868092,0.08875739574432373,0.1428571492433548,0.14666666090488434
YPL016W,YBL036C,0,-1.2899271,0.0882352963089943,0.1428571492433548,0.14761905372142792
YML093W,YHR045W,0,-1.2914058,0.08771929889917374,0.1428571492433548,0.1485714316368103
YIR007W,YMR106C,0,-1.2973275,0.0872092992067337,0.1428571492433548,0.1495238095521927
YDR163W,YJL160C,0,-1.2979594,0.08670520037412643,0.1428571492433548,0.15047618746757507
YGR203W,YDL161W,0,-1.2981348,0.08620689809322357,0.1428571492433548,0.15142856538295746
YOR361C,YPL108W,0,-1.2981361,0.08571428805589676,0.1428571492433548,0.15238095819950104
YMR024W,YGR067C,0,-1.2984496,0.08522727340459824,0.1428571492433548,0.15333333611488342
YDR452W,YCR043C,0,-1.2988304,0.08474576473236084,0.1428571492433548,0.1542857140302658
YEL077C,YNL099C,0,-1.3007628,0.08426966518163681,0.1428571492433548,0.1552380919456482
YOR255W,YIL017C,0,-1.3012174,0.08379888534545898,0.1428571492433548,0.15619046986103058
YIL073C,YOR088W,0,-1.3041877,0.0833333358168602,0.1428571492433548,0.15714286267757416
YLR064W,YIL097W,0,-1.3051058,0.08287292718887329,0.1428571492433548,0.15809524059295654
YEL034W,YKR099C-A,0,-1.3054196,0.08241758495569229,0.1428571492433548,0.15904761850833893
YDR346C,YCL020W,0,-1.3103384,0.08196721225976944,0.1428571492433548,0.1599999964237213
YDL025C,YJR144W,0,-1.3165623,0.08152174204587936,0.1428571492433548,0.1609523743391037
YML131W,YBR179C,0,-1.3189756,0.0810810774564743,0.1428571492433548,0.16190476715564728
YFL062W,YIL158W,0,-1.3200084,0.08064515888690948,0.1428571492433548,0.16285714507102966
YKL167C,YJL118W,0,-1.3205312,0.08021390438079834,0.1428571492433548,0.16380952298641205
YPR104C,YPL230W,0,-1.3299519,0.0797872319817543,0.1428571492433548,0.16476190090179443
YMR291W,YDR307W,0,-1.3310922,0.0793650820851326,0.1428571492433548,0.16571427881717682
YER019W,YML033W,0,-1.3312067,0.07894736528396606,0.1428571492433548,0.1666666716337204
YBL036C,YMR190C,0,-1.331267,0.07853402942419052,0.1428571492433548,0.16761904954910278
YMR309C,YPL108W,0,-1.3364774,0.078125,0.1428571492433548,0.16857142746448517
YJL028W,YDR194C,0,-1.342344,0.07772020995616913,0.1428571492433548,0.16952380537986755
YDL132W,YDR210W,0,-1.3496872,0.07731958478689194,0.1428571492433548,0.17047618329524994
YKR098C,YOL041C,0,-1.3501315,0.07692307978868484,0.1428571492433548,0.17142857611179352
YNL139C,YDL156W,0,-1.351453,0.07653061300516129,0.1428571492433548,0.1723809540271759
YGL013C,YCL030C,0,-1.3521982,0.07614213228225708,0.1428571492433548,0.1733333319425583
YLR174W,YIL010W,0,-1.352505,0.07575757801532745,0.1428571492433548,0.17428570985794067
YBR073W,YCL030C,0,-1.357107,0.07537688314914703,0.1428571492433548,0.17523810267448425
YOR336W,YML026C,0,-1.3587099,0.07500000298023224,0.1428571492433548,0.17619048058986664
YJR056C,YIR010W,0,-1.3590125,0.0746268630027771,0.1428571492433548,0.17714285850524902
YLR138W,YHR003C,0,-1.3605154,0.07425742596387863,0.1428571492433548,0.1780952364206314
YGR090W,YIL067C,0,-1.361128,0.07389162480831146,0.1428571492433548,0.1790476143360138
YMR106C,YPL066W,0,-1.3635216,0.07352941483259201,0.1428571492433548,0.18000000715255737
YIL091C,YNL097C,0,-1.365481,0.0731707289814949,0.1428571492433548,0.18095238506793976
YKL071W,YDL058W,0,-1.3748645,0.07281553745269775,0.1428571492433548,0.18190476298332214
YGL166W,YPL162C,0,-1.3789698,0.07246376574039459,0.1428571492433548,0.18285714089870453
YDL212W,YKR045C,0,-1.3840646,0.07211538404226303,0.1428571492433548,0.18380951881408691
YDR462W,YNR075W,0,-1.3865223,0.0717703327536583,0.1428571492433548,0.1847619116306305
YGR287C,YCR069W,0,-1.3868343,0.0714285746216774,0.1428571492433548,0.18571428954601288
YJR137C,YLR424W,0,-1.3911957,0.07109005004167557,0.1428571492433548,0.18666666746139526
YER011W,YBR088C,0,-1.3940289,0.07075471431016922,0.1428571492433548,0.18761904537677765
YGR277C,YKR039W,0,-1.3965541,0.07042253762483597,0.1428571492433548,0.18857142329216003
YLR388W,YGR249W,0,-1.3975608,0.07009346038103104,0.1428571492433548,0.1895238161087036
YCL019W,YHR104W,0,-1.4006956,0.06976744532585144,0.1428571492433548,0.190476194024086
YNL035C,YGL032C,0,-1.4016149,0.0694444477558136,0.1428571492433548,0.19142857193946838
YHR112C,YPL069C,0,-1.4039775,0.06912442296743393,0.1428571492433548,0.19238094985485077
YCL033C,YBR135W,0,-1.4090967,0.06880734115839005,0.1428571492433548,0.19333332777023315
YPL249C-A,YNL225C,0,-1.4119881,0.06849315017461777,0.1428571492433548,0.19428572058677673
YKL092C,YBL027W,0,-1.4143614,0.06818182021379471,0.1428571492433548,0.19523809850215912
YGR287C,YLL028W,0,-1.4176272,0.06787330657243729,0.1428571492433548,0.1961904764175415
YDL025C,YBL002W,0,-1.4178727,0.06756756454706192,0.1428571492433548,0.1971428543329239
YLR144C,YGR087C,0,-1.4180166,0.06726457178592682,0.1428571492433548,0.19809523224830627
YFR051C,YCR043C,0,-1.4202706,0.0669642835855484,0.1428571492433548,0.19904762506484985
YIL127C,YMR268C,0,-1.4232394,0.06666667014360428,0.1428571492433548,0.20000000298023224
YAL009W,YPL108W,0,-1.4237434,0.06637167930603027,0.1428571492433548,0.20095238089561462
YER073W,YPL066W,0,-1.4244947,0.06607929617166519,0.1428571492433548,0.201904758810997
YGR203W,YGL065C,0,-1.4262396,0.06578947603702545,0.1428571492433548,0.2028571367263794
YER011W,YDL010W,0,-1.4280417,0.06550218164920807,0.1428571492433548,0.20380952954292297
YOR208W,YGR067C,0,-1.4308478,0.06521739065647125,0.1428571492433548,0.20476190745830536
YAL032C,YLR155C,0,-1.431213,0.06493506580591202,0.1428571492433548,0.20571428537368774
YGL160W,YOR303W,0,-1.4328707,0.06465516984462738,0.1428571492433548,0.20666666328907013
YLL032C,YMR167W,0,-1.4353262,0.06437768042087555,0.1428571492433548,0.20761904120445251
YGL250W,YDR541C,0,-1.4362763,0.06410256773233414,0.1428571492433548,0.2085714340209961
YBR200W,YCL040W,0,-1.4413954,0.06382978707551956,0.1428571492433548,0.20952381193637848
YKL127W,YOL137W,0,-1.4483824,0.06355932354927063,0.1428571492433548,0.21047618985176086
YJL028W,YPL023C,0,-1.4571183,0.06329113990068436,0.1428571492433548,0.21142856776714325
YEL020C,YFL034C-A,0,-1.4574388,0.06302521377801895,0.1428571492433548,0.21238094568252563
YFL052W,YHR128W,0,-1.4644912,0.06276150792837143,0.1428571492433548,0.2133333384990692
YCR102C,YDL132W,0,-1.4657665,0.0625,0.1428571492433548,0.2142857164144516
YML024W,YNL058C,0,-1.4696354,0.062240663915872574,0.1428571492433548,0.21523809432983398
YJR091C,YJL050W,1,-1.4718493,0.06611569970846176,0.15238095819950104,0.21523809432983398
YHR007C,YJR137C,0,-1.4760381,0.0658436194062233,0.15238095819950104,0.21619047224521637
YMR134W,YLR095C,0,-1.4783169,0.06557376682758331,0.15238095819950104,0.21714285016059875
YNL177C,YDR001C,0,-1.4787298,0.06530611962080002,0.15238095819950104,0.21809524297714233
YGL079W,YJR161C,0,-1.4798795,0.06504064798355103,0.15238095819950104,0.21904762089252472
YGL011C,YPL187W,0,-1.4820701,0.06477732956409454,0.15238095819950104,0.2199999988079071
YBR302C,YNL186W,0,-1.4832126,0.06451612710952759,0.15238095819950104,0.2209523767232895
YJR091C,YNL299W,1,-1.4888355,0.06827308982610703,0.16190476715564728,0.2209523767232895
YGL001C,YMR011W,0,-1.4917578,0.06800000369548798,0.16190476715564728,0.22190475463867188
YNL300W,YOL075C,0,-1.4923569,0.06772908568382263,0.16190476715564728,0.22285714745521545
YBL005W-A,YER160C,0,-1.4930559,0.0674603208899498,0.16190476715564728,0.22380952537059784
YLR064W,YOL113W,0,-1.4941581,0.06719367951154709,0.16190476715564728,0.22476190328598022
YDR324C,YFR055W,0,-1.4981698,0.06692913174629211,0.16190476715564728,0.2257142812013626
YGL055W,YHR043C,0,-1.5210735,0.06666667014360428,0.16190476715564728,0.2266666740179062
YML118W,YJL113W,0,-1.525146,0.06640625,0.16190476715564728,0.22761905193328857
YDL020C,YBR056W,0,-1.5271368,0.06614785641431808,0.16190476715564728,0.22857142984867096
YIL091C,YIL110W,0,-1.5345098,0.06589147448539734,0.16190476715564728,0.22952380776405334
YDR006C,YAR071W,0,-1.5357605,0.06563706696033478,0.16190476715564728,0.23047618567943573
YCR043C,YGL257C,0,-1.5366608,0.06538461893796921,0.16190476715564728,0.2314285784959793
YDR085C,YGL150C,0,-1.5424241,0.06513410061597824,0.16190476715564728,0.2323809564113617
YPL032C,YOR214C,0,-1.5502247,0.06488549709320068,0.16190476715564728,0.23333333432674408
YJL177W,YER170W,0,-1.5523825,0.06463878601789474,0.16190476715564728,0.23428571224212646
YLR405W,YOR022C,0,-1.5536423,0.06439393758773804,0.16190476715564728,0.23523809015750885
YDL150W,YNL327W,0,-1.5561475,0.06415094435214996,0.16190476715564728,0.23619048297405243
YLR174W,YLR256W,0,-1.5568968,0.06390977650880814,0.16190476715564728,0.23714286088943481
YJR056C,YBR057C,0,-1.558409,0.06367041170597076,0.16190476715564728,0.2380952388048172
YKL213C,YHR176W,0,-1.558634,0.06343283504247665,0.16190476715564728,0.23904761672019958
YHR072W,YNL058C,0,-1.56108,0.06319702416658401,0.16190476715564728,0.23999999463558197
YPR075C,YMR199W,0,-1.5654533,0.06296296417713165,0.16190476715564728,0.24095238745212555
YJL113W,YLR066W,0,-1.5683957,0.06273062527179718,0.16190476715564728,0.24190476536750793
YPR025C,YIR035C,0,-1.5691541,0.0625,0.16190476715564728,0.24285714328289032
YMR116C,YGR278W,0,-1.5691558,0.06227106228470802,0.16190476715564728,0.2438095211982727
YGR157W,YFL003C,0,-1.5722799,0.062043797224760056,0.16190476715564728,0.2447618991136551
YLR336C,YCR097W,0,-1.5773157,0.06181818246841431,0.16190476715564728,0.24571429193019867
YHR003C,YCR023C,0,-1.5832626,0.06159420311450958,0.16190476715564728,0.24666666984558105
YBL102W,YGR125W,0,-1.5842406,0.06137184053659439,0.16190476715564728,0.24761904776096344
YBR203W,YNL220W,0,-1.5845776,0.06115107983350754,0.16190476715564728,0.24857142567634583
YDL194W,YLR372W,0,-1.5849118,0.06093189865350723,0.16190476715564728,0.2495238035917282
YMR323W,YNR063W,0,-1.5866925,0.06071428582072258,0.16190476715564728,0.2504761815071106
YMR116C,YCR020W-B,0,-1.5867696,0.06049821898341179,0.16190476715564728,0.2514285743236542
YMR199W,YLR355C,0,-1.5878233,0.060283686965703964,0.16190476715564728,0.25238096714019775
YDR382W,YNL327W,0,-1.590166,0.060070671141147614,0.16190476715564728,0.25333333015441895
YBR167C,YBL100W-A,0,-1.5958191,0.05985915660858154,0.16190476715564728,0.2542857229709625
YEL003W,YGL077C,0,-1.5969938,0.05964912101626396,0.16190476715564728,0.2552380859851837
YBR298C,YNL220W,0,-1.5990773,0.05944056063890457,0.16190476715564728,0.2561904788017273
YDL103C,YPR004C,0,-1.5998814,0.05923344939947128,0.16190476715564728,0.2571428716182709
YOL001W,YOR312C,0,-1.6005,0.0590277761220932,0.16190476715564728,0.25809523463249207
YOL075C,YNL241C,0,-1.6119541,0.05882352963089943,0.16190476715564728,0.25904762744903564
YNR039C,YPL108W,0,-1.6137475,0.05862069129943848,0.16190476715564728,0.25999999046325684
YBR056W,YPR165W,0,-1.6177003,0.05841924250125885,0.16190476715564728,0.2609523832798004
YLL032C,YPR112C,0,-1.6192596,0.05821917951107025,0.16190476715564728,0.261904776096344
YNR063W,YDR363W,0,-1.6203054,0.05802047625184059,0.16190476715564728,0.2628571391105652
YGR059W,YPL227C,0,-1.6253698,0.05782312899827957,0.16190476715564728,0.26380953192710876
YLR064W,YBR077C,0,-1.6257173,0.0576271191239357,0.16190476715564728,0.26476189494132996
YNL064C,YHR094C,0,-1.6297454,0.05743243172764778,0.16190476715564728,0.26571428775787354
YOL089C,YHR128W,0,-1.6313374,0.05723905563354492,0.16190476715564728,0.2666666805744171
YML066C,YDL066W,0,-1.6322314,0.057046979665756226,0.16190476715564728,0.2676190435886383
YHR007C,YLR233C,0,-1.6361947,0.0568561889231205,0.16190476715564728,0.2685714364051819
YJR091C,YGR195W,1,-1.6366595,0.05999999865889549,0.17142857611179352,0.2685714364051819
YCL019W,YKR018C,0,-1.6368723,0.05980066582560539,0.17142857611179352,0.2695237994194031
YDR484W,YBL100W-A,0,-1.637271,0.05960264801979065,0.17142857611179352,0.27047619223594666
YHR112C,YBR014C,0,-1.6402076,0.059405941516160965,0.17142857611179352,0.27142858505249023
YER119C,YBR135W,0,-1.6433293,0.05921052768826485,0.17142857611179352,0.2723809480667114
YDR538W,YLL028W,0,-1.6435094,0.0590163916349411,0.17142857611179352,0.273333340883255
YPR104C,YBR204C,0,-1.6435381,0.05882352963089943,0.17142857611179352,0.2742857038974762
YKL113C,YHL033C,0,-1.6466383,0.05863192304968834,0.17142857611179352,0.2752380967140198
YPL055C,YGL055W,0,-1.6515056,0.05844155699014664,0.17142857611179352,0.27619048953056335
YJL050W,YKL208W,1,-1.652744,0.06148867309093475,0.18095238506793976,0.27619048953056335
YDR191W,YOR303W,0,-1.6537677,0.06129032373428345,0.18095238506793976,0.27714285254478455
YKL120W,YIR035C,0,-1.6540626,0.061093248426914215,0.18095238506793976,0.2780952453613281
YDR210W,YFL031W,0,-1.65407,0.06089743599295616,0.18095238506793976,0.2790476083755493
YGL224C,YLR205C,0,-1.6579729,0.06070287525653839,0.18095238506793976,0.2800000011920929
YHR187W,YBR235W,0,-1.6620206,0.06050955504179001,0.18095238506793976,0.2809523940086365
YDL153C,YFL003C,0,-1.6685433,0.06031746044754982,0.18095238506793976,0.28190475702285767
YCR067C,YNL002C,0,-1.6690851,0.06012658402323723,0.18095238506793976,0.28285714983940125
YLR051C,YOL075C,0,-1.6747841,0.05993690714240074,0.18095238506793976,0.28380951285362244
YNL002C,YER157W,0,-1.6767569,0.05974842607975006,0.18095238506793976,0.284761905670166
YNL229C,YGR289C,0,-1.6805929,0.05956112965941429,0.18095238506793976,0.2857142984867096
YKL025C,YHL018W,0,-1.6833731,0.05937499925494194,0.18095238506793976,0.2866666615009308
YPL211W,YBR244W,0,-1.6840075,0.05919003114104271,0.18095238506793976,0.28761905431747437
YGL255W,YEL071W,0,-1.6929239,0.059006210416555405,0.18095238506793976,0.28857141733169556
YOR115C,YGL160W,0,-1.6944841,0.05882352963089943,0.18095238506793976,0.28952381014823914
YLR406C,YMR092C,0,-1.6990107,0.05864197388291359,0.18095238506793976,0.2904762029647827
YOR255W,YPL079W,0,-1.7007105,0.05846153944730759,0.18095238506793976,0.2914285659790039
YML038C,YBR056W,0,-1.7030379,0.05828220769762993,0.18095238506793976,0.2923809587955475
YIL015W,YNL241C,0,-1.7063297,0.05810397490859032,0.18095238506793976,0.2933333218097687
YPL072W,YDR266C,0,-1.7066268,0.057926829904317856,0.18095238506793976,0.29428571462631226
YER035W,YLR136C,1,-1.7099947,0.060790274292230606,0.190476194024086,0.29428571462631226
YDR206W,YER160C,0,-1.7114314,0.06060606241226196,0.190476194024086,0.29523810744285583
YML123C,YHR001W,0,-1.716633,0.06042296066880226,0.190476194024086,0.296190470457077
YBL036C,YMR251W-A,0,-1.7176173,0.0602409653365612,0.190476194024086,0.2971428632736206
YPR075C,YLL054C,0,-1.7192081,0.060060061514377594,0.190476194024086,0.2980952262878418
YCR023C,YOR122C,0,-1.7253392,0.05988023802638054,0.190476194024086,0.2990476191043854
YGL079W,YFR044C,0,-1.7255279,0.05970149114727974,0.190476194024086,0.30000001192092896
YNL329C,YPR004C,0,-1.7279137,0.0595238097012043,0.190476194024086,0.30095237493515015
YGR023W,YML022W,0,-1.7303847,0.059347182512283325,0.190476194024086,0.3019047677516937
YER035W,YOL021C,1,-1.7307277,0.06213017925620079,0.20000000298023224,0.3019047677516937
YOL115W,YER035W,1,-1.7347349,0.06489675492048264,0.20952381193637848,0.3019047677516937
YGR109C,YMR029C,0,-1.7377509,0.06470588594675064,0.20952381193637848,0.3028571307659149
YBR200W,YER073W,0,-1.74275,0.06451612710952759,0.20952381193637848,0.3038095235824585
YML110C,YIL091C,0,-1.7448469,0.06432748585939407,0.20952381193637848,0.3047619163990021
YPL009C,YPL192C,0,-1.7490033,0.0641399398446083,0.20952381193637848,0.30571427941322327
YBR104W,YGL187C,0,-1.7547559,0.06395348906517029,0.20952381193637848,0.30666667222976685
YBR200W,YBL003C,0,-1.7554666,0.06376811861991882,0.20952381193637848,0.30761903524398804
YDR191W,YDR382W,0,-1.756225,0.06358381360769272,0.20952381193637848,0.3085714280605316
YPR145W,YBR021W,0,-1.7565912,0.06340057402849197,0.20952381193637848,0.3095238208770752
YMR288W,YHL018W,0,-1.7568823,0.06321839243173599,0.20952381193637848,0.3104761838912964
YPR052C,YER075C,0,-1.7603674,0.06303724646568298,0.20952381193637848,0.31142857670783997
YGL134W,YBR079C,0,-1.7630185,0.06285714358091354,0.20952381193637848,0.31238093972206116
YCR068W,YBR154C,0,-1.764526,0.06267806142568588,0.20952381193637848,0.31333333253860474
YGL124C,YER001W,0,-1.7658867,0.0625,0.20952381193637848,0.3142857253551483
YOR173W,YJR091C,1,-1.7711838,0.06515580415725708,0.21904762089252472,0.3142857253551483
YBR088C,YCL030C,0,-1.7716926,0.06497175246477127,0.21904762089252472,0.3152380883693695
YHL007C,YIL158W,0,-1.7734395,0.06478872895240784,0.21904762089252472,0.3161904811859131
YML038C,YBL027W,0,-1.7767932,0.06460674107074738,0.21904762089252472,0.3171428442001343
YKR013W,YCL026C-A,0,-1.7785445,0.06442577391862869,0.21904762089252472,0.31809523701667786
YJR043C,YMR170C,0,-1.7809974,0.0642458125948906,0.21904762089252472,0.31904762983322144
YNL072W,YOR003W,0,-1.7824692,0.06406684964895248,0.21904762089252472,0.3199999928474426
YNR051C,YIR010W,0,-1.7845098,0.06388889253139496,0.21904762089252472,0.3209523856639862
YLR084C,YIL158W,0,-1.7873497,0.06371191143989563,0.21904762089252472,0.3219047486782074
YOR094W,YOR100C,0,-1.7892004,0.0635359138250351,0.21904762089252472,0.322857141494751
YOR173W,YLR136C,1,-1.7916614,0.06611569970846176,0.22857142984867096,0.322857141494751
YMR113W,YPL158C,0,-1.7973927,0.06593406945466995,0.22857142984867096,0.32380953431129456
YHR039C,YFL055W,0,-1.7982905,0.06575342267751694,0.22857142984867096,0.32476189732551575
YER073W,YJR161C,0,-1.8045157,0.06557376682758331,0.22857142984867096,0.3257142901420593
YDR338C,YGR163W,0,-1.804549,0.06539509445428848,0.22857142984867096,0.3266666531562805
YHL013C,YLR216C,0,-1.8115262,0.06521739065647125,0.22857142984867096,0.3276190459728241
YER146W,YJR091C,1,-1.8166685,0.06775067746639252,0.2380952388048172,0.3276190459728241
YIL127C,YML046W,0,-1.817969,0.06756756454706192,0.2380952388048172,0.3285714387893677
YMR104C,YDL207W,0,-1.8189642,0.06738544255495071,0.2380952388048172,0.32952380180358887
YGL160W,YER058W,0,-1.8231109,0.0672043040394783,0.2380952388048172,0.33047619462013245
YKR092C,YFL003C,0,-1.8266939,0.0670241266489029,0.2380952388048172,0.33142855763435364
YJL209W,YJL050W,1,-1.8272679,0.06951871514320374,0.24761904776096344,0.33142855763435364
YKR067W,YCR067C,0,-1.8293653,0.06933332979679108,0.24761904776096344,0.3323809504508972
YGR289C,YHR166C,0,-1.8321637,0.06914893537759781,0.24761904776096344,0.3333333432674408
YPR145W,YPL030W,0,-1.8327509,0.06896551698446274,0.24761904776096344,0.334285706281662
YOR128C,YOR245C,0,-1.8361193,0.06878306716680527,0.24761904776096344,0.33523809909820557
YLL032C,YKL012W,0,-1.8428054,0.0686015859246254,0.24761904776096344,0.33619046211242676
YER035W,YLR398C,1,-1.8439556,0.07105263322591782,0.2571428716182709,0.33619046211242676
YPL012W,YPR066W,0,-1.844564,0.07086614519357681,0.2571428716182709,0.33714285492897034
YLR297W,YGR125W,0,-1.8467755,0.07068062573671341,0.2571428716182709,0.3380952477455139
YDR307W,YMR216C,0,-1.8496977,0.0704960823059082,0.2571428716182709,0.3390476107597351
YDR382W,YMR199W,0,-1.8515204,0.0703125,0.2571428716182709,0.3400000035762787
YMR202W,YPL228W,0,-1.8536885,0.0701298713684082,0.2571428716182709,0.3409523665904999
YBR239C,YGL077C,0,-1.8543216,0.06994818896055222,0.2571428716182709,0.34190475940704346
YPL211W,YBL066C,0,-1.8614633,0.06976744532585144,0.2571428716182709,0.34285715222358704
YCR027C,YML026C,0,-1.8717054,0.06958762556314468,0.2571428716182709,0.3438095152378082
YBL042C,YDR210W,0,-1.8797227,0.06940873712301254,0.2571428716182709,0.3447619080543518
YMR047C,YHR072W-A,0,-1.8803607,0.06923077255487442,0.2571428716182709,0.345714271068573
YBL042C,YPR124W,0,-1.8938777,0.06905370950698853,0.2571428716182709,0.3466666638851166
YJL209W,YER035W,1,-1.896437,0.0714285746216774,0.2666666805744171,0.3466666638851166
YER146W,YLR136C,1,-1.9025227,0.07379134744405746,0.27619048953056335,0.3466666638851166
YBR018C,YML014W,0,-1.9068303,0.07360406219959259,0.27619048953056335,0.34761905670166016
YBR235W,YPL086C,0,-1.9092153,0.07341772317886353,0.27619048953056335,0.34857141971588135
YHR072W-A,YPR066W,0,-1.9137987,0.07323232293128967,0.27619048953056335,0.3495238125324249
YLR205C,YJR099W,0,-1.9183297,0.07304786145687103,0.27619048953056335,0.3504762053489685
YJR105W,YPL057C,0,-1.9226843,0.07286432385444641,0.27619048953056335,0.3514285683631897
YFL016C,YLR089C,0,-1.9252093,0.07268170267343521,0.27619048953056335,0.3523809611797333
YOL033W,YEL060C,0,-1.9255615,0.07249999791383743,0.27619048953056335,0.35333332419395447
YNL124W,YHR003C,0,-1.9386035,0.07231920212507248,0.27619048953056335,0.35428571701049805
YOL137W,YEL071W,0,-1.9419634,0.07213930040597916,0.27619048953056335,0.3552381098270416
YOR196C,YLL052C,0,-1.9428295,0.07196030020713806,0.27619048953056335,0.3561904728412628
YLR225C,YPL249C,0,-1.9507939,0.0717821791768074,0.27619048953056335,0.3571428656578064
YLR081W,YNL256W,0,-1.9615291,0.07160493731498718,0.27619048953056335,0.3580952286720276
YPR164W,YFL034C-A,0,-1.9642123,0.0714285746216774,0.27619048953056335,0.35904762148857117
YLR205C,YBR215W,0,-1.9650457,0.07125306874513626,0.27619048953056335,0.36000001430511475
YHL022C,YKL065C,0,-1.9657842,0.07107843458652496,0.27619048953056335,0.36095237731933594
YHR104W,YBR171W,0,-1.965849,0.07090464234352112,0.27619048953056335,0.3619047701358795
YCR020W-B,YLL052C,0,-1.966379,0.07073170691728592,0.27619048953056335,0.3628571331501007
YKL125W,YDR488C,0,-1.9669195,0.07055961340665817,0.27619048953056335,0.3638095259666443
YKL101W,YOR298C-A,0,-1.9678856,0.07038834691047668,0.27619048953056335,0.36476191878318787
YPL283C,YMR216C,0,-1.9715976,0.07021791487932205,0.27619048953056335,0.36571428179740906
YBR302C,YPL249C,0,-1.9727888,0.07004830986261368,0.27619048953056335,0.36666667461395264
YPL029W,YLR136C,1,-1.9732519,0.07228915393352509,0.2857142984867096,0.36666667461395264
YJR064W,YOR344C,0,-1.9777986,0.07211538404226303,0.2857142984867096,0.36761903762817383
YJR091C,YKL208W,1,-1.9785156,0.07434052973985672,0.29523810744285583,0.36761903762817383
YLR405W,YBR199W,0,-1.9786751,0.07416267693042755,0.29523810744285583,0.3685714304447174
YHR187W,YER172C,0,-1.9796699,0.07398568093776703,0.29523810744285583,0.369523823261261
YKL208W,YOL021C,1,-1.9807914,0.07619047909975052,0.3047619163990021,0.369523823261261
YLR155C,YNL097C,0,-1.9812276,0.07600950449705124,0.3047619163990021,0.3704761862754822
YJL184W,YFR055W,0,-1.9819833,0.0758293867111206,0.3047619163990021,0.37142857909202576
YIL127C,YDL092W,0,-1.9822932,0.07565011829137802,0.3047619163990021,0.37238094210624695
YHR007C,YHL013C,0,-1.9843165,0.07547169923782349,0.3047619163990021,0.3733333349227905
YBL045C,YDR113C,0,-1.9850984,0.0752941146492958,0.3047619163990021,0.3742857277393341
YBR298C,YDR331W,0,-1.9855533,0.07511737197637558,0.3047619163990021,0.3752380907535553
YDR155C,YJR002W,0,-1.9893345,0.07494144886732101,0.3047619163990021,0.3761904835700989
YMR202W,YDL104C,0,-1.9897503,0.07476635277271271,0.3047619163990021,0.37714284658432007
YKL125W,YNL021W,0,-1.995217,0.07459207624197006,0.3047619163990021,0.37809523940086365
YML123C,YBL071W-A,0,-1.9973164,0.07441860437393188,0.3047619163990021,0.3790476322174072
YCR097W,YKL139W,0,-1.9991773,0.07424593716859818,0.3047619163990021,0.3799999952316284
YPL170W,YPR185W,0,-2.0012064,0.07407407462596893,0.3047619163990021,0.380952388048172
YGL224C,YGR249W,0,-2.0107887,0.07390300184488297,0.3047619163990021,0.3819047510623932
YOR173W,YDL165W,1,-2.0130768,0.07603686302900314,0.3142857253551483,0.3819047510623932
YER058W,YLR256W,0,-2.0204425,0.07586207240819931,0.3142857253551483,0.38285714387893677
YKL211C,YGL008C,0,-2.0288558,0.07568807154893875,0.3142857253551483,0.38380953669548035
YJL115W,YGL234W,0,-2.034865,0.07551487535238266,0.3142857253551483,0.38476189970970154
YJL209W,YLR136C,1,-2.0351963,0.077625572681427,0.32380953431129456,0.38476189970970154
YNL090W,YOR293W,0,-2.0398269,0.07744874805212021,0.32380953431129456,0.3857142925262451
YKL091C,YMR231W,0,-2.041953,0.07727272808551788,0.32380953431129456,0.3866666555404663
YOR344C,YGL097W,0,-2.0432205,0.07709750533103943,0.32380953431129456,0.3876190483570099
YDL214C,YGR065C,0,-2.0476031,0.07692307978868484,0.32380953431129456,0.38857144117355347
YNL299W,YLR398C,1,-2.0480957,0.07900676876306534,0.3333333432674408,0.38857144117355347
YHR039C,YGR166W,0,-2.0559754,0.078828826546669,0.3333333432674408,0.38952380418777466
YHR039C,YNL009W,0,-2.0574841,0.07865168899297714,0.3333333432674408,0.39047619700431824
YFL016C,YKL152C,0,-2.057848,0.07847533375024796,0.3333333432674408,0.39142856001853943
YJL050W,YDL165W,1,-2.0582943,0.08053690940141678,0.34285715222358704,0.39142856001853943
YNL336W,YMR067C,0,-2.0583353,0.0803571417927742,0.34285715222358704,0.392380952835083
YNL139C,YJL122W,0,-2.0595465,0.0801781713962555,0.34285715222358704,0.3933333456516266
YER048C,YGR277C,0,-2.0623817,0.07999999821186066,0.34285715222358704,0.3942857086658478
YNR032W,YLR222C,0,-2.0630965,0.0798226147890091,0.34285715222358704,0.39523810148239136
YGR277C,YOR122C,0,-2.0639467,0.0796460211277008,0.34285715222358704,0.39619046449661255
YKR013W,YAL001C,0,-2.0649824,0.0794702023267746,0.34285715222358704,0.39714285731315613
YBL004W,YOL017W,0,-2.0654445,0.07929515093564987,0.34285715222358704,0.3980952501296997
YJR067C,YFR055W,0,-2.073048,0.07912088185548782,0.34285715222358704,0.3990476131439209
YLR013W,YNL169C,0,-2.076518,0.07894736528396606,0.34285715222358704,0.4000000059604645
YMR323W,YER124C,0,-2.0765748,0.07877461612224579,0.34285715222358704,0.40095236897468567
YJR099W,YNL014W,0,-2.0788062,0.0786026194691658,0.34285715222358704,0.40190476179122925
YJR095W,YOR198C,0,-2.083033,0.0784313753247261,0.34285715222358704,0.4028571546077728
YKL120W,YHR203C,0,-2.0844164,0.0782608687877655,0.34285715222358704,0.403809517621994
YGR157W,YGR096W,0,-2.0853944,0.0780911073088646,0.34285715222358704,0.4047619104385376
YMR266W,YIL157C,0,-2.0869913,0.07792207598686218,0.34285715222358704,0.4057142734527588
YGR125W,YPR112C,0,-2.088791,0.07775378227233887,0.34285715222358704,0.40666666626930237
YFL034C-B,YGL156W,0,-2.0924852,0.07758620381355286,0.34285715222358704,0.40761905908584595
YEL011W,YNL099C,0,-2.0929656,0.07741935551166534,0.34285715222358704,0.40857142210006714
YGL125W,YIL103W,0,-2.1044993,0.07725322246551514,0.34285715222358704,0.4095238149166107
YOL115W,YJR091C,1,-2.114797,0.07922912389039993,0.3523809611797333,0.4095238149166107
YPL211W,YDL161W,0,-2.1170392,0.07905983179807663,0.3523809611797333,0.4104761779308319
YKR065C,YBL071W-A,0,-2.1179485,0.07889125496149063,0.3523809611797333,0.4114285707473755
YKL184W,YOR077W,0,-2.1193428,0.07872340083122253,0.3523809611797333,0.41238096356391907
YJR091C,YOL021C,1,-2.1242318,0.08067940920591354,0.3619047701358795,0.41238096356391907
YPL055C,YGR128C,0,-2.1278644,0.08050847798585892,0.3619047701358795,0.41333332657814026
YLR084C,YBR018C,0,-2.1287494,0.08033826947212219,0.3619047701358795,0.41428571939468384
YMR011W,YOR094W,0,-2.1342344,0.08016877621412277,0.3619047701358795,0.41523808240890503
YHR079C-A,YLR095C,0,-2.1388664,0.07999999821186066,0.3619047701358795,0.4161904752254486
YHL001W,YBR199W,0,-2.1396327,0.07983193546533585,0.3619047701358795,0.4171428680419922
YPL268W,YCR097W,0,-2.1487947,0.07966457307338715,0.3619047701358795,0.4180952310562134
YEL042W,YPL181W,0,-2.1501489,0.07949791103601456,0.3619047701358795,0.41904762387275696
YNL225C,YPL187W,0,-2.157342,0.07933194190263748,0.3619047701358795,0.41999998688697815
YKL091C,YCR067C,0,-2.1578345,0.07916666567325592,0.3619047701358795,0.42095237970352173
YGR090W,YNL222W,0,-2.1637292,0.07900208234786987,0.3619047701358795,0.4219047725200653
YPR018W,YDR141C,0,-2.165761,0.07883817702531815,0.3619047701358795,0.4228571355342865
YLR320W,YIL110W,0,-2.168961,0.07867494970560074,0.3619047701358795,0.4238095283508301
YCR073C,YER058W,0,-2.180778,0.07851240038871765,0.3619047701358795,0.42476189136505127
YIL091C,YGR041W,0,-2.186461,0.07835051417350769,0.3619047701358795,0.42571428418159485
YJL154C,YHR128W,0,-2.1882114,0.07818929851055145,0.3619047701358795,0.4266666769981384
YHL009C,YCL030C,0,-2.1918554,0.07802874594926834,0.3619047701358795,0.4276190400123596
YER035W,YKL208W,1,-2.1998177,0.0799180343747139,0.37142857909202576,0.4276190400123596
YGR195W,YER035W,1,-2.2033525,0.08179958909749985,0.380952388048172,0.4276190400123596
YGR195W,YLR136C,1,-2.2067094,0.08367346972227097,0.39047619700431824,0.4276190400123596
YBR127C,YLR453C,0,-2.2085247,0.08350305259227753,0.39047619700431824,0.4285714328289032
YGL201C,YGL012W,0,-2.2112265,0.0833333358168602,0.39047619700431824,0.4295237958431244
YDL193W,YMR280C,0,-2.2122178,0.08316429704427719,0.39047619700431824,0.43047618865966797
YJL209W,YDL165W,1,-2.2194328,0.08502024412155151,0.4000000059604645,0.43047618865966797
YNL075W,YGL208W,0,-2.2347145,0.08484848588705063,0.4000000059604645,0.43142858147621155
YPR082C,YLR071C,0,-2.237184,0.08467742055654526,0.4000000059604645,0.43238094449043274
YER146W,YNL299W,1,-2.2423744,0.08651911467313766,0.4095238149166107,0.43238094449043274
YPR103W,YHR042W,0,-2.2424393,0.0863453820347786,0.4095238149166107,0.4333333373069763
YML111W,YNL220W,0,-2.244237,0.08617234230041504,0.4095238149166107,0.4342857003211975
YHR007C,YMR154C,0,-2.2447538,0.0860000029206276,0.4095238149166107,0.4352380931377411
YLR320W,YGR096W,0,-2.2505245,0.08582834154367447,0.4095238149166107,0.43619048595428467
YGR109C,YLR275W,0,-2.255609,0.08565737307071686,0.4095238149166107,0.43714284896850586
YOR312C,YNL272C,0,-2.2611952,0.08548707515001297,0.4095238149166107,0.43809524178504944
YDL155W,YDR141C,0,-2.2623963,0.085317462682724,0.4095238149166107,0.43904760479927063
YGR090W,YDR191W,0,-2.2656884,0.08514851331710815,0.4095238149166107,0.4399999976158142
YOL088C,YGL012W,0,-2.2673101,0.08498023450374603,0.4095238149166107,0.4409523904323578
YOR130C,YER074W-A,0,-2.269034,0.08481262624263763,0.4095238149166107,0.441904753446579
YGR278W,YDR382W,0,-2.2698455,0.08464566618204117,0.4095238149166107,0.44285714626312256
YBL004W,YAL009W,0,-2.2731872,0.08447936922311783,0.4095238149166107,0.44380950927734375
YPL132W,YMR154C,0,-2.2747197,0.08431372791528702,0.4095238149166107,0.44476190209388733
YNL021W,YGL011C,0,-2.2793756,0.08414872735738754,0.4095238149166107,0.4457142949104309
YOR208W,YDR339C,0,-2.2883387,0.083984375,0.4095238149166107,0.4466666579246521
YGR048W,YDR363W,0,-2.3041682,0.08382066339254379,0.4095238149166107,0.4476190507411957
YBL016W,YPR066W,0,-2.3077188,0.08365758508443832,0.4095238149166107,0.44857141375541687
YGL048C,YCR024C-A,0,-2.3136258,0.08349514752626419,0.4095238149166107,0.44952380657196045
YJL076W,YKL220C,0,-2.315906,0.0833333358168602,0.4095238149166107,0.45047619938850403
YMR170C,YMR060C,0,-2.3210893,0.08317214995622635,0.4095238149166107,0.4514285624027252
YCL038C,YGL245W,0,-2.3301768,0.08301158249378204,0.4095238149166107,0.4523809552192688
YDR294C,YIL016W,0,-2.334588,0.08285164088010788,0.4095238149166107,0.4533333480358124
YNL299W,YER035W,1,-2.3413277,0.08461538702249527,0.41904762387275696,0.4533333480358124
YHR187W,YDL052C,0,-2.3428617,0.08445297181606293,0.41904762387275696,0.45428571105003357
YPR029C,YOR077W,0,-2.3450804,0.08429118990898132,0.41904762387275696,0.45523810386657715
YOL017W,YAL014C,0,-2.346459,0.08413001894950867,0.41904762387275696,0.45619046688079834
YAR014C,YDR538W,0,-2.3467155,0.08396946638822556,0.41904762387275696,0.4571428596973419
YLL005C,YMR083W,0,-2.3475347,0.08380952477455139,0.41904762387275696,0.4580952525138855
YPR066W,YER166W,0,-2.3502994,0.08365018665790558,0.41904762387275696,0.4590476155281067
YKR042W,YGR092W,0,-2.3550086,0.08349145948886871,0.41904762387275696,0.46000000834465027
YGR148C,YKL101W,0,-2.356954,0.0833333358168602,0.41904762387275696,0.46095237135887146
YLR310C,YBR106W,0,-2.3586469,0.08317580074071884,0.41904762387275696,0.46190476417541504
YDR051C,YLR372W,0,-2.358726,0.08301886916160583,0.41904762387275696,0.4628571569919586
YNL083W,YER172C,0,-2.3593116,0.08286252617835999,0.41904762387275696,0.4638095200061798
YLR233C,YBR167C,0,-2.3669968,0.0827067643404007,0.41904762387275696,0.4647619128227234
YBR133C,YLR256W,0,-2.37003,0.08255159109830856,0.41904762387275696,0.4657142758369446
YPL246C,YLR424W,0,-2.3722878,0.08239700645208359,0.41904762387275696,0.46666666865348816
YDR462W,YHR016C,0,-2.3729177,0.08224298804998398,0.41904762387275696,0.46761906147003174
YDL052C,YJL020C,0,-2.3771076,0.08208955079317093,0.41904762387275696,0.46857142448425293
YMR014W,YPL255W,0,-2.378016,0.08193668723106384,0.41904762387275696,0.4695238173007965
YHL022C,YDR198C,0,-2.3863559,0.08178438991308212,0.41904762387275696,0.4704761803150177
YJR002W,YHR042W,0,-2.3868394,0.08163265138864517,0.41904762387275696,0.4714285731315613
YIL099W,YLR070C,0,-2.3913531,0.08148147910833359,0.41904762387275696,0.47238096594810486
YBL019W,YLR399C,0,-2.391634,0.08133086562156677,0.41904762387275696,0.47333332896232605
YLR341W,YHR166C,0,-2.39287,0.08118081092834473,0.41904762387275696,0.47428572177886963
YBR132C,YOR321W,0,-2.3941317,0.08103130757808685,0.41904762387275696,0.4752380847930908
YLL028W,YPL181W,0,-2.395949,0.08088235557079315,0.41904762387275696,0.4761904776096344
YKR013W,YOR035C,0,-2.3993268,0.08073394745588303,0.41904762387275696,0.477142870426178
YKL091C,YDL104C,0,-2.3995843,0.08058608323335648,0.41904762387275696,0.47809523344039917
YER146W,YER035W,1,-2.406021,0.0822669118642807,0.4285714328289032,0.47809523344039917
YPL228W,YDL191W,0,-2.4072933,0.08211679011583328,0.4285714328289032,0.47904762625694275
YDL212W,YMR029C,0,-2.4097066,0.08196721225976944,0.4285714328289032,0.47999998927116394
YCL033C,YCL040W,0,-2.413045,0.08181817829608917,0.4285714328289032,0.4809523820877075
YLL052C,YMR231W,0,-2.4188895,0.08166968822479248,0.4285714328289032,0.4819047749042511
YBR203W,YOR033C,0,-2.4197698,0.08152174204587936,0.4285714328289032,0.4828571379184723
YPR121W,YJR014W,0,-2.4243236,0.08137432485818863,0.4285714328289032,0.48380953073501587
YJL092W,YGL133W,0,-2.4246435,0.08122743666172028,0.4285714328289032,0.48476189374923706
YPL227C,YNL037C,0,-2.4303727,0.0810810774564743,0.4285714328289032,0.48571428656578064
YBR200W,YLL010C,0,-2.4331965,0.08093525469303131,0.4285714328289032,0.4866666793823242
YMR164C,YKL220C,0,-2.4351702,0.0807899460196495,0.4285714328289032,0.4876190423965454
YBR228W,YPR112C,0,-2.4390678,0.08064515888690948,0.4285714328289032,0.488571435213089
YPR185W,YKL148C,0,-2.4392028,0.08050089329481125,0.4285714328289032,0.4895237982273102
YER172C,YBR167C,0,-2.4505901,0.0803571417927742,0.4285714328289032,0.49047619104385376
YMR135C,YKL209C,0,-2.4538012,0.08021390438079834,0.4285714328289032,0.49142858386039734
YOR115C,YML123C,0,-2.4567518,0.08007117360830307,0.4285714328289032,0.49238094687461853
YDL079C,YKR001C,0,-2.458582,0.07992894947528839,0.4285714328289032,0.4933333396911621
YOR202W,YNL177C,0,-2.463523,0.0797872319817543,0.4285714328289032,0.4942857027053833
YBR103W,YHR062C,0,-2.4660935,0.0796460211277008,0.4285714328289032,0.4952380955219269
YNL225C,YNL220W,0,-2.4673467,0.0795053020119667,0.4285714328289032,0.49619048833847046
YLR138W,YOR100C,0,-2.4695048,0.0793650820851326,0.4285714328289032,0.49714285135269165
YGL099W,YNL225C,0,-2.474636,0.07922535389661789,0.4285714328289032,0.49809524416923523
YMR135C,YGR275W,0,-2.4773164,0.07908611744642258,0.4285714328289032,0.4990476071834564
YDL188C,YOR339C,0,-2.4842267,0.07894736528396606,0.4285714328289032,0.5
YLR378C,YPL181W,0,-2.484684,0.07880910485982895,0.4285714328289032,0.5009523630142212
YKL125W,YJL002C,0,-2.5003242,0.07867132872343063,0.4285714328289032,0.5019047856330872
YLR275W,YKR001C,0,-2.5029922,0.07853402942419052,0.4285714328289032,0.5028571486473083
YHR124W,YLL005C,0,-2.504984,0.07839721441268921,0.4285714328289032,0.5038095116615295
YKR013W,YGR152C,0,-2.5083046,0.0782608687877655,0.4285714328289032,0.5047619342803955
YNL072W,YGL099W,0,-2.5095835,0.078125,0.4285714328289032,0.5057142972946167
YDR073W,YHL001W,0,-2.5100474,0.0779896005988121,0.4285714328289032,0.5066666603088379
YPR185W,YML046W,0,-2.5110416,0.07785467058420181,0.4285714328289032,0.5076190233230591
YLR148W,YPR124W,0,-2.5141263,0.07772020995616913,0.4285714328289032,0.508571445941925
YMR164C,YBR154C,0,-2.5166602,0.07758620381355286,0.4285714328289032,0.5095238089561462
YLR136C,YDL165W,1,-2.5168648,0.07917384058237076,0.43809524178504944,0.5095238089561462
YPL170W,YOL113W,0,-2.5169892,0.07903780043125153,0.43809524178504944,0.5104761719703674
YGR278W,YPL003W,0,-2.525455,0.0789022296667099,0.43809524178504944,0.5114285945892334
YIL099W,YBR098W,0,-2.5282636,0.07876712083816528,0.43809524178504944,0.5123809576034546
YDR182W,YLR070C,0,-2.5286136,0.07863248139619827,0.43809524178504944,0.5133333206176758
YLR410W,YBL027W,0,-2.5339007,0.07849829643964767,0.43809524178504944,0.5142857432365417
YDR446W,YML058W,0,-2.5357723,0.07836456596851349,0.43809524178504944,0.5152381062507629
YDR182W,YPL249C-A,0,-2.5412183,0.07823128998279572,0.43809524178504944,0.5161904692649841
YLR116W,YJL074C,0,-2.5483446,0.07809846848249435,0.43809524178504944,0.5171428322792053
YGR271C-A,YDL236W,0,-2.558394,0.0779661014676094,0.43809524178504944,0.5180952548980713
YOR208W,YDR258C,0,-2.5596724,0.07783418148756027,0.43809524178504944,0.5190476179122925
YLR378C,YLR319C,0,-2.562687,0.07770270109176636,0.43809524178504944,0.5199999809265137
YDL004W,YKL163W,0,-2.5649238,0.07757166773080826,0.43809524178504944,0.5209524035453796
YBR068C,YEL004W,0,-2.5698237,0.07744107395410538,0.43809524178504944,0.5219047665596008
YCR073C,YLL010C,0,-2.5703554,0.07731092721223831,0.43809524178504944,0.522857129573822
YOR371C,YDL066W,0,-2.5782237,0.07718120515346527,0.43809524178504944,0.523809552192688
YGL255W,YBR288C,0,-2.582378,0.07705192267894745,0.43809524178504944,0.5247619152069092
YOL016C,YHR091C,0,-2.5829043,0.07692307978868484,0.43809524178504944,0.5257142782211304
YDR147W,YIL040W,0,-2.5832486,0.07679465413093567,0.43809524178504944,0.5266666412353516
YDR163W,YCR088W,0,-2.5834703,0.07666666805744171,0.43809524178504944,0.5276190638542175
YNL152W,YJR077C,0,-2.5838513,0.07653909921646118,0.43809524178504944,0.5285714268684387
YIL114C,YMR305C,0,-2.5866594,0.07641196250915527,0.43809524178504944,0.5295237898826599
YDL181W,YAR003W,0,-2.587233,0.07628524303436279,0.43809524178504944,0.5304762125015259
YDR216W,YFL003C,0,-2.587337,0.07615894079208374,0.43809524178504944,0.5314285755157471
YFR042W,YBR154C,0,-2.5952425,0.07603305578231812,0.43809524178504944,0.5323809385299683
YGL017W,YBR110W,0,-2.5961008,0.07590758800506592,0.43809524178504944,0.5333333611488342
YMR190C,YKR001C,0,-2.5978594,0.07578253746032715,0.43809524178504944,0.5342857241630554
YJL091C,YDL191W,0,-2.5992918,0.07565789669752121,0.43809524178504944,0.5352380871772766
YNL064C,YMR014W,0,-2.6003046,0.0755336582660675,0.43809524178504944,0.5361904501914978
YPR082C,YBR019C,0,-2.6117578,0.07540983706712723,0.43809524178504944,0.5371428728103638
YDL126C,YPR061C,0,-2.6193776,0.07528641819953918,0.43809524178504944,0.538095235824585
YDR153C,YDL104C,0,-2.6220942,0.07516340166330338,0.43809524178504944,0.5390475988388062
YKL160W,YJL159W,0,-2.6299863,0.0750407800078392,0.43809524178504944,0.5400000214576721
YGL038C,YJR161C,0,-2.634697,0.07491856813430786,0.43809524178504944,0.5409523844718933
YOL115W,YKL208W,1,-2.6386623,0.07642276585102081,0.4476190507411957,0.5409523844718933
YJR064W,YDR079C-A,0,-2.640019,0.07629869878292084,0.4476190507411957,0.5419047474861145
YJL050W,YPL029W,1,-2.6466813,0.07779578864574432,0.4571428596973419,0.5419047474861145
YMR030W,YBR068C,0,-2.6474814,0.0776699036359787,0.4571428596973419,0.5428571701049805
YNL300W,YDL150W,0,-2.6532102,0.0775444284081459,0.4571428596973419,0.5438095331192017
YGL130W,YGR240C,0,-2.6541648,0.07741935551166534,0.4571428596973419,0.5447618961334229
YOL013C,YML111W,0,-2.6552362,0.07729468494653702,0.4571428596973419,0.545714259147644
YBR083W,YMR029C,0,-2.6553526,0.07717041671276093,0.4571428596973419,0.54666668176651
YPR075C,YDR339C,0,-2.6648097,0.07704655081033707,0.4571428596973419,0.5476190447807312
YDL103C,YMR121C,0,-2.6682906,0.07692307978868484,0.4571428596973419,0.5485714077949524
YJL036W,YNL270C,0,-2.6695728,0.07680000364780426,0.4571428596973419,0.5495238304138184
YCR028C-A,YJR067C,0,-2.6744108,0.07667731493711472,0.4571428596973419,0.5504761934280396
YBL084C,YER094C,0,-2.6750507,0.07655502110719681,0.4571428596973419,0.5514285564422607
YFL009W,YOL058W,0,-2.676272,0.07643312215805054,0.4571428596973419,0.5523809790611267
YGL134W,YOL119C,0,-2.676518,0.07631160318851471,0.4571428596973419,0.5533333420753479
YNL299W,YKL208W,1,-2.6800752,0.07777778059244156,0.46666666865348816,0.5533333420753479
YML130C,YNL014W,0,-2.6859264,0.07765451818704605,0.46666666865348816,0.5542857050895691
YER003C,YJR086W,0,-2.6876535,0.07753164321184158,0.46666666865348816,0.5552380681037903
YDL147W,YLR089C,0,-2.6909375,0.07740916311740875,0.46666666865348816,0.5561904907226562
YNL021W,YPL015C,0,-2.69106,0.07728706300258636,0.46666666865348816,0.5571428537368774
YFL055W,YLR410W,0,-2.6929255,0.07716535776853561,0.46666666865348816,0.5580952167510986
YER035W,YPL029W,1,-2.6939359,0.07861635088920593,0.4761904776096344,0.5580952167510986
YNL106C,YEL047C,0,-2.69915,0.07849293202161789,0.4761904776096344,0.5590476393699646
YNL014W,YNR049C,0,-2.6994972,0.07836990803480148,0.4761904776096344,0.5600000023841858
YBL002W,YBR008C,0,-2.7051182,0.07824726402759552,0.4761904776096344,0.560952365398407
YKL152C,YMR060C,0,-2.7073975,0.078125,0.4761904776096344,0.561904788017273
YNL245C,YOR130C,0,-2.7101235,0.07800312340259552,0.4761904776096344,0.5628571510314941
YKL213C,YML126C,0,-2.7118855,0.07788161933422089,0.4761904776096344,0.5638095140457153
YDR477W,YNL093W,0,-2.713941,0.0777604952454567,0.4761904776096344,0.5647618770599365
YGR023W,YDR143C,0,-2.7181578,0.07763975113630295,0.4761904776096344,0.5657142996788025
YDL168W,YKL035W,0,-2.719111,0.07751937955617905,0.4761904776096344,0.5666666626930237
YOR205C,YBR008C,0,-2.720233,0.07739938050508499,0.4761904776096344,0.5676190257072449
YDR162C,YIL110W,0,-2.7215624,0.07727975398302078,0.4761904776096344,0.5685714483261108
YKL092C,YGL150C,0,-2.7215881,0.07716049253940582,0.4761904776096344,0.569523811340332
YDL212W,YGR028W,0,-2.7259207,0.07704160362482071,0.4761904776096344,0.5704761743545532
YBR088C,YPR052C,0,-2.7302794,0.07692307978868484,0.4761904776096344,0.5714285969734192
YNL312W,YOR375C,0,-2.7428756,0.07680491358041763,0.4761904776096344,0.5723809599876404
YML110C,YBR084C-A,0,-2.7430725,0.07668711990118027,0.4761904776096344,0.5733333230018616
YHR016C,YML007W,0,-2.7433152,0.07656967639923096,0.4761904776096344,0.5742856860160828
YKL091C,YGL133W,0,-2.749848,0.0764525979757309,0.4761904776096344,0.5752381086349487
YNL002C,YGR278W,0,-2.7523155,0.07633587718009949,0.4761904776096344,0.5761904716491699
YGL124C,YNL256W,0,-2.756187,0.07621951401233673,0.4761904776096344,0.5771428346633911
YCR034W,YPR165W,0,-2.7576237,0.07610350102186203,0.4761904776096344,0.5780952572822571
YMR278W,YHR016C,0,-2.7582116,0.07598784565925598,0.4761904776096344,0.5790476202964783
YJL137C,YIL121W,0,-2.7664294,0.07587253302335739,0.4761904776096344,0.5799999833106995
YBR152W,YER166W,0,-2.7732687,0.07575757801532745,0.4761904776096344,0.5809524059295654
YPL030W,YMR044W,0,-2.7733064,0.07564296573400497,0.4761904776096344,0.5819047689437866
YDR191W,YNL270C,0,-2.7741761,0.07552870362997055,0.4761904776096344,0.5828571319580078
YOL027C,YNL093W,0,-2.7789578,0.07541478425264359,0.4761904776096344,0.583809494972229
YOL034W,YDR331W,0,-2.7795825,0.07530120760202408,0.4761904776096344,0.584761917591095
YBR018C,YOR017W,0,-2.789095,0.07518796622753143,0.4761904776096344,0.5857142806053162
YML062C,YGL097W,0,-2.7896924,0.07507507503032684,0.4761904776096344,0.5866666436195374
YLR242C,YGR013W,0,-2.793973,0.07496251910924911,0.4761904776096344,0.5876190662384033
YJL209W,YKL208W,1,-2.7954345,0.07634730637073517,0.48571428656578064,0.5876190662384033
YHR187W,YDR123C,0,-2.802228,0.07623318582773209,0.48571428656578064,0.5885714292526245
YKR022C,YLR378C,0,-2.8115869,0.07611940056085587,0.48571428656578064,0.5895237922668457
YNL124W,YDR084C,0,-2.8127527,0.0760059580206871,0.48571428656578064,0.5904762148857117
YER183C,YDR123C,0,-2.8312902,0.0758928582072258,0.48571428656578064,0.5914285778999329
YJR091C,YPL029W,1,-2.8320389,0.07726597040891647,0.4952380955219269,0.5914285778999329
YGR157W,YPR075C,0,-2.8333259,0.0771513357758522,0.4952380955219269,0.592380940914154
YJL209W,YLR398C,1,-2.834722,0.07851851731538773,0.5047619342803955,0.592380940914154
YPL032C,YKR087C,0,-2.8395061,0.07840237021446228,0.5047619342803955,0.5933333039283752
YEL046C,YKL127W,0,-2.8397088,0.0782865583896637,0.5047619342803955,0.5942857265472412
YHR188C,YDR255C,0,-2.8406086,0.07817108929157257,0.5047619342803955,0.5952380895614624
YER019W,YBL066C,0,-2.8409042,0.0780559629201889,0.5047619342803955,0.5961904525756836
YDR339C,YGL125W,0,-2.8426929,0.0779411792755127,0.5047619342803955,0.5971428751945496
YEL063C,YML078W,0,-2.8487563,0.07782672345638275,0.5047619342803955,0.5980952382087708
YJR091C,YDL165W,1,-2.8495817,0.07917888462543488,0.5142857432365417,0.5980952382087708
YGR192C,YDR339C,0,-2.8564577,0.07906296104192734,0.5142857432365417,0.5990476012229919
YJL151C,YDL153C,0,-2.8609653,0.07894736528396606,0.5142857432365417,0.6000000238418579
YLR084C,YNL279W,0,-2.8615289,0.07883211970329285,0.5142857432365417,0.6009523868560791
YGR121C,YHL013C,0,-2.8651733,0.0787172019481659,0.5142857432365417,0.6019047498703003
YBR302C,YGL208W,0,-2.8670063,0.0786026194691658,0.5142857432365417,0.6028571724891663
YDR016C,YPR061C,0,-2.8692622,0.07848837226629257,0.5142857432365417,0.6038095355033875
YDL079C,YCR020W-B,0,-2.8706465,0.0783744528889656,0.5142857432365417,0.6047618985176086
YDR113C,YKL221W,0,-2.8762035,0.0782608687877655,0.5142857432365417,0.6057142615318298
YFR042W,YDL049C,0,-2.877121,0.07814761251211166,0.5142857432365417,0.6066666841506958
YPR023C,YGL032C,0,-2.8781447,0.07803468406200409,0.5142857432365417,0.607619047164917
YML019W,YLR003C,0,-2.878694,0.07792207598686218,0.5142857432365417,0.6085714101791382
YGL130W,YIR028W,0,-2.882433,0.07780979573726654,0.5142857432365417,0.6095238327980042
YML123C,YKL073W,0,-2.8860903,0.07769784331321716,0.5142857432365417,0.6104761958122253
YKR067W,YIL103W,0,-2.8911238,0.07758620381355286,0.5142857432365417,0.6114285588264465
YPL069C,YNR049C,0,-2.8916168,0.07747489213943481,0.5142857432365417,0.6123809814453125
YDR349C,YHR062C,0,-2.8946023,0.07736389338970184,0.5142857432365417,0.6133333444595337
YGL017W,YEL009C,0,-2.8963256,0.07725322246551514,0.5142857432365417,0.6142857074737549
YLR398C,YLR136C,1,-2.8967862,0.07857143133878708,0.523809552192688,0.6142857074737549
YDL193W,YNL009W,0,-2.8981824,0.07845934480428696,0.523809552192688,0.6152380704879761
YDR182W,YHL033C,0,-2.9018784,0.0783475786447525,0.523809552192688,0.616190493106842
YLR340W,YJL122W,0,-2.9025931,0.07823613286018372,0.523809552192688,0.6171428561210632
YKL208W,YLR136C,1,-2.9037266,0.07954545319080353,0.5333333611488342,0.6171428561210632
YDL178W,YGL207W,0,-2.9043388,0.07943262159824371,0.5333333611488342,0.6180952191352844
YNL090W,YAL047C,0,-2.9055495,0.07932011038064957,0.5333333611488342,0.6190476417541504
YMR309C,YOR245C,0,-2.905847,0.07920791953802109,0.5333333611488342,0.6200000047683716
YPR082C,YGR096W,0,-2.9072027,0.07909604161977768,0.5333333611488342,0.6209523677825928
YGL043W,YMR067C,0,-2.9105806,0.07898448407649994,0.5333333611488342,0.6219047904014587
YPL152W,YKL137W,0,-2.911447,0.07887323945760727,0.5333333611488342,0.6228571534156799
YKL101W,YLR022C,0,-2.9224668,0.07876230776309967,0.5333333611488342,0.6238095164299011
YER119C,YOL044W,0,-2.9294987,0.07865168899297714,0.5333333611488342,0.6247618794441223
YCR079W,YGL097W,0,-2.9312372,0.07854137569665909,0.5333333611488342,0.6257143020629883
YPR018W,YJL036W,0,-2.9342341,0.0784313753247261,0.5333333611488342,0.6266666650772095
YOR293W,YBR221C,0,-2.9354048,0.0783216804265976,0.5333333611488342,0.6276190280914307
YJR091C,YLR136C,1,-2.9381146,0.07960893958806992,0.5428571701049805,0.6276190280914307
YPL211W,YER118C,0,-2.939537,0.07949791103601456,0.5428571701049805,0.6285714507102966
YPL086C,YLR421C,0,-2.943874,0.07938718795776367,0.5428571701049805,0.6295238137245178
YLR262C,YDL191W,0,-2.9442148,0.07927677035331726,0.5428571701049805,0.630476176738739
YCR034W,YKR001C,0,-2.9452186,0.07916666567325592,0.5428571701049805,0.631428599357605
YGL124C,YOR028C,0,-2.9466019,0.07905686646699905,0.5428571701049805,0.6323809623718262
YEL055C,YLR421C,0,-2.953403,0.07894736528396606,0.5428571701049805,0.6333333253860474
YFL031W,YDL236W,0,-2.9535928,0.07883817702531815,0.5428571701049805,0.6342856884002686
YPL029W,YOL021C,1,-2.9561033,0.08011049777269363,0.5523809790611267,0.6342856884002686
YGL166W,YPL192C,0,-2.9572563,0.07999999821186066,0.5523809790611267,0.6352381110191345
YJR113C,YBR070C,0,-2.9586878,0.07988980412483215,0.5523809790611267,0.6361904740333557
YOL008W,YER172C,0,-2.9598703,0.07977991551160812,0.5523809790611267,0.6371428370475769
YHR187W,YMR014W,0,-2.9611921,0.07967033237218857,0.5523809790611267,0.6380952596664429
YER069W,YOL027C,0,-2.9638443,0.07956103980541229,0.5523809790611267,0.6390476226806641
YBR258C,YIL114C,0,-2.9657898,0.07945205271244049,0.5523809790611267,0.6399999856948853
YDR538W,YJL100W,0,-2.9690204,0.07934336364269257,0.5523809790611267,0.6409524083137512
YJR099W,YNL229C,0,-2.9724808,0.07923497259616852,0.5523809790611267,0.6419047713279724
YGR271C-A,YBR079C,0,-2.9761953,0.07912687957286835,0.5523809790611267,0.6428571343421936
YDR180W,YBL018C,0,-2.976262,0.07901907712221146,0.5523809790611267,0.6438094973564148
YLR275W,YOR188W,0,-2.978157,0.07891156524419785,0.5523809790611267,0.6447619199752808
YER146W,YJL209W,1,-2.9823794,0.08016304671764374,0.561904788017273,0.6447619199752808
YDL207W,YDL239C,0,-2.9844823,0.08005427569150925,0.561904788017273,0.645714282989502
YML110C,YBR280C,0,-2.987073,0.07994580268859863,0.561904788017273,0.6466666460037231
YDR051C,YEL042W,0,-3.002561,0.0798376202583313,0.561904788017273,0.6476190686225891
YJL050W,YLR398C,1,-3.005427,0.0810810774564743,0.5714285969734192,0.6476190686225891
YJL209W,YOL021C,1,-3.0069208,0.08232118934392929,0.5809524059295654,0.6476190686225891
YPR082C,YJR077C,0,-3.007608,0.0822102427482605,0.5809524059295654,0.6485714316368103
YOR229W,YNL321W,0,-3.0090122,0.08209959417581558,0.5809524059295654,0.6495237946510315
YML078W,YDR291W,0,-3.0106716,0.08198924362659454,0.5809524059295654,0.6504762172698975
YOL094C,YOR336W,0,-3.0169005,0.08187919110059738,0.5809524059295654,0.6514285802841187
YJR091C,YER035W,1,-3.019328,0.08310992270708084,0.5904762148857117,0.6514285802841187
YDR408C,YNL087W,0,-3.022212,0.08299866318702698,0.5904762148857117,0.6523809432983398
YGR192C,YNL005C,0,-3.0330977,0.08288770169019699,0.5904762148857117,0.653333306312561
YDR147W,YJR019C,0,-3.0333962,0.08277703821659088,0.5904762148857117,0.654285728931427
YNR036C,YOR190W,0,-3.0388665,0.08266666531562805,0.5904762148857117,0.6552380919456482
YDR119W,YDR293C,0,-3.0400577,0.0825565904378891,0.5904762148857117,0.6561904549598694
YLR210W,YNL270C,0,-3.0419092,0.08244680613279343,0.5904762148857117,0.6571428775787354
YNL229C,YOR083W,0,-3.0428329,0.08233731985092163,0.5904762148857117,0.6580952405929565
YNL037C,YFR009W,0,-3.0461187,0.08222811669111252,0.5904762148857117,0.6590476036071777
YLR398C,YKL208W,1,-3.0474334,0.08344370871782303,0.6000000238418579,0.6590476036071777
YER146W,YPL029W,1,-3.0499578,0.08465608209371567,0.6095238327980042,0.6590476036071777
YIL110W,YGR231C,0,-3.0500035,0.08454425632953644,0.6095238327980042,0.6600000262260437
YOL137W,YDL122W,0,-3.0528884,0.08443272113800049,0.6095238327980042,0.6609523892402649
YLR298C,YGR249W,0,-3.0550747,0.08432147651910782,0.6095238327980042,0.6619047522544861
YNR054C,YPL037C,0,-3.0573502,0.08421052992343903,0.6095238327980042,0.6628571152687073
YJL145W,YJL115W,0,-3.0585785,0.08409986644983292,0.6095238327980042,0.6638095378875732
YMR161W,YFL034C-A,0,-3.0591369,0.08398950099945068,0.6095238327980042,0.6647619009017944
YCL010C,YDR163W,0,-3.062788,0.08387942612171173,0.6095238327980042,0.6657142639160156
YLR262C,YLR332W,0,-3.065116,0.08376963436603546,0.6095238327980042,0.6666666865348816
YFL034C-B,YMR216C,0,-3.0693989,0.08366013318300247,0.6095238327980042,0.6676190495491028
YGL208W,YCL038C,0,-3.0723062,0.08355091512203217,0.6095238327980042,0.668571412563324
YLR144C,YOR202W,0,-3.0728202,0.08344198018312454,0.6095238327980042,0.6695238351821899
YML008C,YBR201W,0,-3.0741591,0.0833333358168602,0.6095238327980042,0.6704761981964111
YBR258C,YLR341W,0,-3.07647,0.08322496712207794,0.6095238327980042,0.6714285612106323
YPL023C,YGR206W,0,-3.0817342,0.08311688154935837,0.6095238327980042,0.6723809242248535
YKL046C,YDR194C,0,-3.082292,0.08300907909870148,0.6095238327980042,0.6733333468437195
YBR265W,YJL154C,0,-3.083558,0.08290155231952667,0.6095238327980042,0.6742857098579407
YOL115W,YDL165W,1,-3.0909557,0.08408796787261963,0.6190476417541504,0.6742857098579407
YDR394W,YGL187C,0,-3.0952473,0.08397933095693588,0.6190476417541504,0.6752380728721619
YOR321W,YOL137W,0,-3.0981479,0.08387096971273422,0.6190476417541504,0.6761904954910278
YFL062W,YLR378C,0,-3.1015759,0.08376288414001465,0.6190476417541504,0.677142858505249
YNL126W,YCR066W,0,-3.1020393,0.08365508168935776,0.6190476417541504,0.6780952215194702
YER146W,YJL050W,1,-3.1041412,0.08483290672302246,0.6285714507102966,0.6780952215194702
YEL046C,YOR007C,0,-3.1095648,0.08472400158643723,0.6285714507102966,0.6790476441383362
YER144C,YGR065C,0,-3.11229,0.08461538702249527,0.6285714507102966,0.6800000071525574
YNL154C,YCR088W,0,-3.1137013,0.0845070406794548,0.6285714507102966,0.6809523701667786
YGL022W,YKL120W,0,-3.1169977,0.08439897745847702,0.6285714507102966,0.6819047331809998
YIL041W,YEL071W,0,-3.1170797,0.08429118990898132,0.6285714507102966,0.6828571557998657
YJR091C,YLR398C,1,-3.1265016,0.08545918017625809,0.6380952596664429,0.6828571557998657
YBR019C,YER157W,0,-3.1271338,0.08535031974315643,0.6380952596664429,0.6838095188140869
YLL028W,YDR291W,0,-3.1300898,0.08524172753095627,0.6380952596664429,0.6847618818283081
YDL079C,YDL122W,0,-3.1302724,0.08513341844081879,0.6380952596664429,0.6857143044471741
YHL001W,YDR331W,0,-3.1317983,0.0850253775715828,0.6380952596664429,0.6866666674613953
YLR406C,YPL266W,0,-3.1329932,0.08491761982440948,0.6380952596664429,0.6876190304756165
YOR210W,YOL049W,0,-3.1364732,0.08481013029813766,0.6380952596664429,0.6885714530944824
YMR067C,YGL153W,0,-3.1387458,0.08470290899276733,0.6380952596664429,0.6895238161087036
YBR127C,YIL015W,0,-3.1393924,0.08459595590829849,0.6380952596664429,0.6904761791229248
YBR098W,YAL009W,0,-3.1401854,0.08448927849531174,0.6380952596664429,0.691428542137146
YBR293W,YLR319C,0,-3.1421866,0.08438286930322647,0.6380952596664429,0.692380964756012
YLR144C,YKL055C,0,-3.1432376,0.0842767283320427,0.6380952596664429,0.6933333277702332
YOR208W,YHR188C,0,-3.1438847,0.0841708555817604,0.6380952596664429,0.6942856907844543
YCR066W,YCR008W,0,-3.1457648,0.08406524360179901,0.6380952596664429,0.6952381134033203
YPL212C,YJL115W,0,-3.1569247,0.0839598998427391,0.6380952596664429,0.6961904764175415
YLR155C,YML072C,0,-3.158143,0.08385481685400009,0.6380952596664429,0.6971428394317627
YPL072W,YKL167C,0,-3.159112,0.08375000208616257,0.6380952596664429,0.6980952620506287
YER146W,YOL021C,1,-3.1595678,0.08489388227462769,0.6476190686225891,0.6980952620506287
YGR133W,YOL068C,0,-3.1604867,0.08478803187608719,0.6476190686225891,0.6990476250648499
YLR342W,YGL208W,0,-3.164021,0.08468244224786758,0.6476190686225891,0.699999988079071
YDR119W,YCR097W,0,-3.1641731,0.08457711338996887,0.6476190686225891,0.700952410697937
YDL002C,YDL174C,0,-3.1703591,0.08447205275297165,0.6476190686225891,0.7019047737121582
YIL016W,YOR017W,0,-3.1747813,0.08436724543571472,0.6476190686225891,0.7028571367263794
YNL072W,YPL228W,0,-3.1775694,0.08426269888877869,0.6476190686225891,0.7038094997406006
YOR017W,YPL086C,0,-3.1801739,0.08415841311216354,0.6476190686225891,0.7047619223594666
YJL042W,YJL047C,0,-3.1844316,0.0840543881058693,0.6476190686225891,0.7057142853736877
YPL118W,YDL191W,0,-3.1851864,0.08395061641931534,0.6476190686225891,0.7066666483879089
YJR095W,YPL032C,0,-3.1879392,0.08384710550308228,0.6476190686225891,0.7076190710067749
YPL020C,YGR172C,0,-3.1890378,0.08374384045600891,0.6476190686225891,0.7085714340209961
YLR110C,YLL042C,0,-3.1911788,0.08364083617925644,0.6476190686225891,0.7095237970352173
YJR152W,YLR256W,0,-3.19271,0.08353808522224426,0.6476190686225891,0.7104762196540833
YJR090C,YBR302C,0,-3.193334,0.08343558013439178,0.6476190686225891,0.7114285826683044
YKL101W,YOL148C,0,-3.1964536,0.0833333358168602,0.6476190686225891,0.7123809456825256
YJL209W,YJR091C,1,-3.1970634,0.08445532619953156,0.6571428775787354,0.7123809456825256
YMR309C,YLR453C,0,-3.1973362,0.08435207605361938,0.6571428775787354,0.7133333086967468
YJR090C,YML014W,0,-3.1997805,0.0842490866780281,0.6571428775787354,0.7142857313156128
YBR126C,YPR023C,0,-3.2028704,0.08414634317159653,0.6571428775787354,0.715238094329834
YCR066W,YKL073W,0,-3.2062664,0.08404384553432465,0.6571428775787354,0.7161904573440552
YOR188W,YMR231W,0,-3.2072086,0.08394160866737366,0.6571428775787354,0.7171428799629211
YIL010W,YNL116W,0,-3.2156687,0.08383961021900177,0.6571428775787354,0.7180952429771423
YDR363W,YGL175C,0,-3.218996,0.08373786509037018,0.6571428775787354,0.7190476059913635
YJL099W,YLR421C,0,-3.2222486,0.08363636583089828,0.6571428775787354,0.7200000286102295
YLR298C,YOR344C,0,-3.223186,0.08353511244058609,0.6571428775787354,0.7209523916244507
YNL299W,YDL165W,1,-3.2245584,0.08464328944683075,0.6666666865348816,0.7209523916244507
YOL091W,YLL005C,0,-3.2273521,0.08454106003046036,0.6666666865348816,0.7219047546386719
YOL115W,YJL050W,1,-3.2311358,0.08564535528421402,0.6761904954910278,0.7219047546386719
YNL299W,YJL050W,1,-3.235633,0.08674699068069458,0.6857143044471741,0.7219047546386719
YGL011C,YDR119W,0,-3.2407832,0.08664260059595108,0.6857143044471741,0.7228571176528931
YEL055C,YOR058C,0,-3.2411628,0.08653846383094788,0.6857143044471741,0.723809540271759
YOR030W,YIL114C,0,-3.2436643,0.08643457293510437,0.6857143044471741,0.7247619032859802
YPL124W,YIL073C,0,-3.2504811,0.08633093535900116,0.6857143044471741,0.7257142663002014
YMR047C,YGR240C,0,-3.2542343,0.08622754365205765,0.6857143044471741,0.7266666889190674
YJL042W,YLL036C,0,-3.2552662,0.08612440526485443,0.6857143044471741,0.7276190519332886
YGL043W,YOR256C,0,-3.257275,0.08602150529623032,0.6857143044471741,0.7285714149475098
YER119C,YPL242C,0,-3.2703977,0.0859188511967659,0.6857143044471741,0.7295238375663757
YKR010C,YOR367W,0,-3.2763915,0.08581645041704178,0.6857143044471741,0.7304762005805969
YOR128C,YLR138W,0,-3.2828217,0.08571428805589676,0.6857143044471741,0.7314285635948181
YOL115W,YJL209W,1,-3.284058,0.0868014246225357,0.6952381134033203,0.7314285635948181
YOR231W,YCR088W,0,-3.2909503,0.08669833838939667,0.6952381134033203,0.7323809266090393
YDL104C,YDL092W,0,-3.2914171,0.08659549057483673,0.6952381134033203,0.7333333492279053
YOR229W,YDL178W,0,-3.2933912,0.08649288862943649,0.6952381134033203,0.7342857122421265
YJL115W,YDL174C,0,-3.2966409,0.08639053255319595,0.6952381134033203,0.7352380752563477
YER183C,YML065W,0,-3.2999954,0.08628841489553452,0.6952381134033203,0.7361904978752136
YFR051C,YGR183C,0,-3.3088274,0.08618654310703278,0.6952381134033203,0.7371428608894348
YOL021C,YDL165W,1,-3.3107696,0.08726415038108826,0.7047619223594666,0.7371428608894348
YPR185W,YDR291W,0,-3.3200688,0.08716136962175369,0.7047619223594666,0.738095223903656
YPL015C,YKL012W,0,-3.323698,0.08705881983041763,0.7047619223594666,0.739047646522522
YLR242C,YHR050W,0,-3.3281803,0.08695652335882187,0.7047619223594666,0.7400000095367432
YIL065C,YGR065C,0,-3.3299203,0.08685445785522461,0.7047619223594666,0.7409523725509644
YHR063C,YNL097C,0,-3.3312044,0.08675263822078705,0.7047619223594666,0.7419047355651855
YJL209W,YPL029W,1,-3.3319778,0.08782201260328293,0.7142857313156128,0.7419047355651855
YJL137C,YJL014W,0,-3.3371305,0.08771929889917374,0.7142857313156128,0.7428571581840515
YNL222W,YFL002C,0,-3.337932,0.08761682361364365,0.7142857313156128,0.7438095211982727
YNL071W,YDR489W,0,-3.3392816,0.08751458674669266,0.7142857313156128,0.7447618842124939
YGR074W,YIL010W,0,-3.3425598,0.08741258829832077,0.7142857313156128,0.7457143068313599
YER019W,YIL010W,0,-3.3449473,0.08731082826852798,0.7142857313156128,0.746666669845581
YDR462W,YGR098C,0,-3.345882,0.0872092992067337,0.7142857313156128,0.7476190328598022
YGR195W,YLR398C,1,-3.3469105,0.08826945722103119,0.723809540271759,0.7476190328598022
YDR182W,YFL022C,0,-3.3498034,0.08816705644130707,0.723809540271759,0.7485714554786682
YMR293C,YEL004W,0,-3.3546991,0.08806488662958145,0.723809540271759,0.7495238184928894
YOR033C,YFR009W,0,-3.3573976,0.08796296268701553,0.723809540271759,0.7504761815071106
YFL050C,YGL254W,0,-3.3605618,0.08786126971244812,0.723809540271759,0.7514285445213318
YPL242C,YBL101C,0,-3.3626432,0.08775981515645981,0.723809540271759,0.7523809671401978
YNL009W,YDR363W,0,-3.3655787,0.08765859156847,0.723809540271759,0.753333330154419
YJL002C,YBR014C,0,-3.3688664,0.0875576063990593,0.723809540271759,0.7542856931686401
YLR144C,YPL053C,0,-3.3713536,0.0874568447470665,0.723809540271759,0.7552381157875061
YGR041W,YDR409W,0,-3.3745408,0.0873563215136528,0.723809540271759,0.7561904788017273
YGR195W,YKL208W,1,-3.3754525,0.08840413391590118,0.7333333492279053,0.7561904788017273
YPR018W,YAR014C,0,-3.380031,0.08830275386571884,0.7333333492279053,0.7571428418159485
YPL020C,YDR354W,0,-3.3812752,0.088201604783535,0.7333333492279053,0.7580952644348145
YBR253W,YJL111W,0,-3.384266,0.08810068666934967,0.7333333492279053,0.7590476274490356
YPL227C,YLR242C,0,-3.3873858,0.08799999952316284,0.7333333492279053,0.7599999904632568
YNL021W,YEL055C,0,-3.3896866,0.08789954334497452,0.7333333492279053,0.760952353477478
YDR147W,YOR368W,0,-3.3902855,0.0877993181347847,0.7333333492279053,0.761904776096344
YGR068C,YEL003W,0,-3.3979058,0.08769931644201279,0.7333333492279053,0.7628571391105652
YGR133W,YPL024W,0,-3.398991,0.08759954571723938,0.7333333492279053,0.7638095021247864
YOR354C,YJL203W,0,-3.4012194,0.08749999850988388,0.7333333492279053,0.7647619247436523
YOL033W,YGL011C,0,-3.4172502,0.08740068227052689,0.7333333492279053,0.7657142877578735
YPR020W,YOR360C,0,-3.4173331,0.0873015895485878,0.7333333492279053,0.7666666507720947
YGL100W,YEL004W,0,-3.4209428,0.08720272034406662,0.7333333492279053,0.7676190733909607
YGL257C,YLR117C,0,-3.4222054,0.08710407465696335,0.7333333492279053,0.7685714364051819
YGL100W,YOR360C,0,-3.423376,0.08700565248727798,0.7333333492279053,0.7695237994194031
YGL250W,YOL094C,0,-3.43229,0.08690744638442993,0.7333333492279053,0.7704761624336243
YIL162W,YBR077C,0,-3.4366736,0.08680947124958038,0.7333333492279053,0.7714285850524902
YNL177C,YML075C,0,-3.4407973,0.08671171218156815,0.7333333492279053,0.7723809480667114
YBR293W,YBR161W,0,-3.4430037,0.08661417663097382,0.7333333492279053,0.7733333110809326
YJL209W,YNL299W,1,-3.445273,0.08764044940471649,0.7428571581840515,0.7733333110809326
YIL085C,YPL069C,0,-3.4490657,0.0875420868396759,0.7428571581840515,0.7742857336997986
YPL228W,YER170W,0,-3.4507074,0.08744394779205322,0.7428571581840515,0.7752380967140198
YDR113C,YJL154C,0,-3.457645,0.08734602481126785,0.7428571581840515,0.776190459728241
YBR019C,YLR035C,0,-3.4653277,0.08724832534790039,0.7428571581840515,0.7771428823471069
YMR283C,YOR140W,0,-3.4661064,0.08715083450078964,0.7428571581840515,0.7780952453613281
YKL046C,YGL234W,0,-3.4748745,0.0870535746216774,0.7428571581840515,0.7790476083755493
YGL133W,YDR208W,0,-3.4827695,0.08695652335882187,0.7428571581840515,0.7799999713897705
YGR209C,YJL111W,0,-3.485314,0.08685968816280365,0.7428571581840515,0.7809523940086365
YDL052C,YPL015C,0,-3.4863248,0.08676306903362274,0.7428571581840515,0.7819047570228577
YLR084C,YLR210W,0,-3.489544,0.08666666597127914,0.7428571581840515,0.7828571200370789
YPR151C,YEL060C,0,-3.4928489,0.08657047897577286,0.7428571581840515,0.7838095426559448
YJR090C,YKL213C,0,-3.499342,0.08647450059652328,0.7428571581840515,0.784761905670166
YNL083W,YJR067C,0,-3.509986,0.08637873828411102,0.7428571581840515,0.7857142686843872
YJL111W,YHR018C,0,-3.5120664,0.08628318458795547,0.7428571581840515,0.7866666913032532
YBR253W,YGL125W,0,-3.516438,0.08618784695863724,0.7428571581840515,0.7876190543174744
YBR019C,YDL079C,0,-3.5192938,0.08609271794557571,0.7428571581840515,0.7885714173316956
YGL099W,YBR215W,0,-3.5273066,0.0859977975487709,0.7428571581840515,0.7895237803459167
YKL046C,YOR005C,0,-3.527843,0.08590308576822281,0.7428571581840515,0.7904762029647827
YPL242C,YOR307C,0,-3.5293221,0.08580858260393143,0.7428571581840515,0.7914285659790039
YGL156W,YHL020C,0,-3.5307226,0.08571428805589676,0.7428571581840515,0.7923809289932251
YBR133C,YDR267C,0,-3.5415888,0.08562019467353821,0.7428571581840515,0.7933333516120911
YHR102W,YMR231W,0,-3.5432806,0.08552631735801697,0.7428571581840515,0.7942857146263123
YLR398C,YOL021C,1,-3.5442443,0.08652792870998383,0.7523809671401978,0.7942857146263123
YDR006C,YLR034C,0,-3.5454874,0.08643326163291931,0.7523809671401978,0.7952380776405334
YDL168W,YIR034C,0,-3.5483932,0.08633879572153091,0.7523809671401978,0.7961905002593994
YIL063C,YNL014W,0,-3.5507674,0.08624453842639923,0.7523809671401978,0.7971428632736206
YNL082W,YLR133W,0,-3.5614529,0.08615048974752426,0.7523809671401978,0.7980952262878418
YER146W,YKL208W,1,-3.5643654,0.08714596927165985,0.761904776096344,0.7980952262878418
YMR202W,YPR103W,0,-3.5714455,0.0870511457324028,0.761904776096344,0.799047589302063
YGL134W,YDR162C,0,-3.5841532,0.08695652335882187,0.761904776096344,0.800000011920929
YDR349C,YOR210W,0,-3.5876622,0.08686210960149765,0.761904776096344,0.8009523749351501
YOR256C,YJL076W,0,-3.5911932,0.08676789700984955,0.761904776096344,0.8019047379493713
YER146W,YLR398C,1,-3.605188,0.08775731176137924,0.7714285850524902,0.8019047379493713
YDR153C,YGL257C,0,-3.6061368,0.08766233921051025,0.7714285850524902,0.8028571605682373
YBR199W,YHR026W,0,-3.608066,0.08756756782531738,0.7714285850524902,0.8038095235824585
YDL103C,YDR206W,0,-3.608871,0.08747300505638123,0.7714285850524902,0.8047618865966797
YJR067C,YDR354W,0,-3.6136308,0.08737864345312119,0.7714285850524902,0.8057143092155457
YBR290W,YER004W,0,-3.614791,0.08728448301553726,0.7714285850524902,0.8066666722297668
YPR061C,YLR431C,0,-3.6256747,0.08719052374362946,0.7714285850524902,0.807619035243988
YGL038C,YOR360C,0,-3.6280007,0.08709677308797836,0.7714285850524902,0.808571457862854
YDL194W,YGL150C,0,-3.6291118,0.08700322359800339,0.7714285850524902,0.8095238208770752
YLR222C,YKR025W,0,-3.6296544,0.08690986782312393,0.7714285850524902,0.8104761838912964
YDL002C,YJL115W,0,-3.6386728,0.08681672066450119,0.7714285850524902,0.8114285469055176
YMR067C,YJL020C,0,-3.6479445,0.08672376722097397,0.7714285850524902,0.8123809695243835
YFR051C,YBR077C,0,-3.6483798,0.08663101494312286,0.7714285850524902,0.8133333325386047
YOL115W,YNL299W,1,-3.652876,0.08760683983564377,0.7809523940086365,0.8133333325386047
YMR197C,YDR293C,0,-3.6587057,0.08751334249973297,0.7809523940086365,0.8142856955528259
YJL104W,YNL113W,0,-3.6608424,0.08742004632949829,0.7809523940086365,0.8152381181716919
YOL115W,YPL029W,1,-3.6711059,0.08839190751314163,0.7904762029647827,0.8152381181716919
YDR182W,YNL225C,0,-3.6754122,0.08829787373542786,0.7904762029647827,0.8161904811859131
YHR107C,YNL265C,0,-3.684342,0.0882040411233902,0.7904762029647827,0.8171428442001343
YNL082W,YER183C,0,-3.6847672,0.08811040222644806,0.7904762029647827,0.8180952668190002
YDR462W,YPR165W,0,-3.6849008,0.08801696449518204,0.7904762029647827,0.8190476298332214
YIL015W,YJR067C,0,-3.68708,0.08792372792959213,0.7904762029647827,0.8199999928474426
YER141W,YPL228W,0,-3.6918378,0.08783068507909775,0.7904762029647827,0.8209523558616638
YLR262C,YNL021W,0,-3.6941361,0.08773784339427948,0.7904762029647827,0.8219047784805298
YLR372W,YDL092W,0,-3.695518,0.08764519542455673,0.7904762029647827,0.822857141494751
YDL002C,YFR009W,0,-3.6987305,0.0875527411699295,0.7904762029647827,0.8238095045089722
YBR302C,YPR018W,0,-3.7008667,0.0874604880809784,0.7904762029647827,0.8247619271278381
YDR408C,YDR480W,0,-3.7097425,0.0873684212565422,0.7904762029647827,0.8257142901420593
YMR021C,YLR272C,0,-3.7121286,0.08727654814720154,0.7904762029647827,0.8266666531562805
YER146W,YOL115W,1,-3.7121315,0.0882352963089943,0.800000011920929,0.8266666531562805
YBL066C,YJL036W,0,-3.7230945,0.08814270794391632,0.800000011920929,0.8276190757751465
YPR103W,YOL044W,0,-3.7287488,0.08805031329393387,0.800000011920929,0.8285714387893677
YAR003W,YGR215W,0,-3.731031,0.08795811235904694,0.800000011920929,0.8295238018035889
YJR017C,YEL047C,0,-3.7311378,0.08786610513925552,0.800000011920929,0.8304761648178101
YER026C,YOL113W,0,-3.7337503,0.08777429163455963,0.800000011920929,0.831428587436676
YBL006C,YIL122W,0,-3.7396178,0.08768267184495926,0.800000011920929,0.8323809504508972
YLR034C,YHR043C,0,-3.745933,0.08759123831987381,0.800000011920929,0.8333333134651184
YFL050C,YDL010W,0,-3.7482314,0.08749999850988388,0.800000011920929,0.8342857360839844
YDR322C-A,YLR135W,0,-3.749865,0.08740895241498947,0.800000011920929,0.8352380990982056
YDL207W,YHR001W,0,-3.7572594,0.08731808513402939,0.800000011920929,0.8361904621124268
YDL178W,YBR265W,0,-3.7591786,0.08722741156816483,0.800000011920929,0.8371428847312927
YPL190C,YOR028C,0,-3.7613869,0.08713693171739578,0.800000011920929,0.8380952477455139
YKL113C,YDR123C,0,-3.7636924,0.08704663068056107,0.800000011920929,0.8390476107597351
YJL159W,YJL014W,0,-3.764175,0.08695652335882187,0.800000011920929,0.8399999737739563
YCR079W,YHR034C,0,-3.776032,0.086866594851017,0.800000011920929,0.8409523963928223
YHR143W-A,YNL005C,0,-3.7780304,0.08677686005830765,0.800000011920929,0.8419047594070435
YJL184W,YNR049C,0,-3.7814512,0.08668730407953262,0.800000011920929,0.8428571224212646
YNL275W,YER169W,0,-3.790224,0.08659794181585312,0.800000011920929,0.8438095450401306
YGL023C,YLR310C,0,-3.7926736,0.08650875091552734,0.800000011920929,0.8447619080543518
YIR034C,YIL114C,0,-3.7991056,0.08641975373029709,0.800000011920929,0.845714271068573
YJL099W,YER021W,0,-3.799934,0.08633093535900116,0.800000011920929,0.846666693687439
YJL099W,YBR014C,0,-3.8027582,0.08624230325222015,0.800000011920929,0.8476190567016602
YDL194W,YLR081W,0,-3.8102536,0.08615384250879288,0.800000011920929,0.8485714197158813
YNL186W,YNR039C,0,-3.8139195,0.08606557548046112,0.800000011920929,0.8495237827301025
YDR322C-A,YCR008W,0,-3.8146386,0.0859774798154831,0.800000011920929,0.8504762053489685
YDR147W,YEL003W,0,-3.8185287,0.08588957041501999,0.800000011920929,0.8514285683631897
YDL207W,YER058W,0,-3.8214054,0.08580183982849121,0.800000011920929,0.8523809313774109
YJL091C,YML001W,0,-3.8272858,0.08571428805589676,0.800000011920929,0.8533333539962769
YML022W,YBR265W,0,-3.8299809,0.08562690764665604,0.800000011920929,0.854285717010498
YHR187W,YDL178W,0,-3.8334022,0.08553971350193024,0.800000011920929,0.8552380800247192
YMR197C,YBR068C,0,-3.835227,0.08545269817113876,0.800000011920929,0.8561905026435852
YLR226W,YIR010W,0,-3.8365002,0.08536585420370102,0.800000011920929,0.8571428656578064
YJL154C,YEL009C,0,-3.8450956,0.0852791890501976,0.800000011920929,0.8580952286720276
YOL128C,YBR288C,0,-3.8460588,0.08519269526004791,0.800000011920929,0.8590475916862488
YIL063C,YOR171C,0,-3.846375,0.08510638028383255,0.800000011920929,0.8600000143051147
YJL209W,YGR195W,1,-3.8490663,0.08603239059448242,0.8095238208770752,0.8600000143051147
YIL065C,YKR025W,0,-3.8553581,0.08594539761543274,0.8095238208770752,0.8609523773193359
YDL132W,YGL044C,0,-3.877831,0.08585858345031738,0.8095238208770752,0.8619047403335571
YDR346C,YMR161W,0,-3.878048,0.08577194809913635,0.8095238208770752,0.8628571629524231
YKR013W,YDR155C,0,-3.8810353,0.08568548411130905,0.8095238208770752,0.8638095259666443
YPL242C,YMR167W,0,-3.8854141,0.08559919148683548,0.8095238208770752,0.8647618889808655
YPL029W,YLR398C,1,-3.8860865,0.08651911467313766,0.8190476298332214,0.8647618889808655
YGR227W,YOR371C,0,-3.8872766,0.08643215894699097,0.8190476298332214,0.8657143115997314
YEL060C,YMR271C,0,-3.8883615,0.0863453820347786,0.8190476298332214,0.8666666746139526
YBR103W,YLR226W,0,-3.8901944,0.08625877648591995,0.8190476298332214,0.8676190376281738
YER146W,YGR195W,1,-3.894549,0.08717434853315353,0.8285714387893677,0.8676190376281738
YNR046W,YLR355C,0,-3.895834,0.08708708733320236,0.8285714387893677,0.868571400642395
YML065W,YGR206W,0,-3.8977413,0.08699999749660492,0.8285714387893677,0.869523823261261
YGR152C,YDL122W,0,-3.9018774,0.0869130864739418,0.8285714387893677,0.8704761862754822
YDL052C,YNL326C,0,-3.9059625,0.08682634681463242,0.8285714387893677,0.8714285492897034
YIL044C,YDL174C,0,-3.9221087,0.08673977851867676,0.8285714387893677,0.8723809719085693
YDR316W,YLR319C,0,-3.9234695,0.08665338903665543,0.8285714387893677,0.8733333349227905
YDL178W,YMR161W,0,-3.9374857,0.08656716346740723,0.8285714387893677,0.8742856979370117
YDR097C,YKL167C,0,-3.9388719,0.08648111671209335,0.8285714387893677,0.8752381205558777
YGL023C,YFR051C,0,-3.9394326,0.08639523386955261,0.8285714387893677,0.8761904835700989
YOL110W,YHR034C,0,-3.9486809,0.0863095223903656,0.8285714387893677,0.8771428465843201
YDL188C,YGR183C,0,-3.9497757,0.08622398227453232,0.8285714387893677,0.8780952095985413
YHL009C,YDR198C,0,-3.9570656,0.08613861352205276,0.8285714387893677,0.8790476322174072
YGR195W,YDL165W,1,-3.9637876,0.08704253286123276,0.8380952477455139,0.8790476322174072
YOR118W,YHR001W,0,-3.9699316,0.08695652335882187,0.8380952477455139,0.8799999952316284
YGR227W,YNR049C,0,-3.970725,0.08687067776918411,0.8380952477455139,0.8809523582458496
YGL201C,YOR017W,0,-3.9770455,0.08678501099348068,0.8380952477455139,0.8819047808647156
YKL208W,YDL165W,1,-3.979023,0.08768472820520401,0.8476190567016602,0.8819047808647156
YNL299W,YGR195W,1,-3.9825754,0.08858267962932587,0.8571428656578064,0.8819047808647156
YML038C,YLR027C,0,-3.9914865,0.08849557489156723,0.8571428656578064,0.8828571438789368
YNL082W,YBR167C,0,-4.0000525,0.08840864151716232,0.8571428656578064,0.883809506893158
YLR398C,YDL165W,1,-4.004946,0.08930324018001556,0.8666666746139526,0.883809506893158
YKR080W,YOR198C,0,-4.0069146,0.08921568840742111,0.8666666746139526,0.8847619295120239
YBR199W,YKL157W,0,-4.018667,0.08912830799818039,0.8666666746139526,0.8857142925262451
YBL006C,YKR003W,0,-4.019872,0.0890410989522934,0.8666666746139526,0.8866666555404663
YIL105C,YLR399C,0,-4.022895,0.08895405381917953,0.8666666746139526,0.8876190185546875
YOL115W,YLR398C,1,-4.0249186,0.08984375,0.8761904835700989,0.8876190185546875
YPL029W,YKL208W,1,-4.0278206,0.09073171019554138,0.8857142925262451,0.8876190185546875
YNL106C,YPL057C,0,-4.03468,0.0906432718038559,0.8857142925262451,0.8885714411735535
YGR195W,YPL029W,1,-4.0358977,0.09152872115373611,0.8952381014823914,0.8885714411735535
YAR008W,YGR206W,0,-4.036088,0.09143968671560287,0.8952381014823914,0.8895238041877747
YNL272C,YPL046C,0,-4.0579114,0.09135082364082336,0.8952381014823914,0.8904761672019958
YLR138W,YKL018W,0,-4.0662875,0.09126213937997818,0.8952381014823914,0.8914285898208618
YDR462W,YOR149C,0,-4.0730357,0.09117361903190613,0.8952381014823914,0.892380952835083
YHR084W,YML014W,0,-4.0767856,0.0910852700471878,0.8952381014823914,0.8933333158493042
YPR101W,YGR231C,0,-4.081571,0.09099709242582321,0.8952381014823914,0.8942857384681702
YOL115W,YGR195W,1,-4.089204,0.09187620878219604,0.9047619104385376,0.8942857384681702
YNL139C,YFL018C,0,-4.095452,0.0917874425649643,0.9047619104385376,0.8952381014823914
YFL034C-B,YDR394W,0,-4.0975924,0.09169884026050568,0.9047619104385376,0.8961904644966125
YBL102W,YNL275W,0,-4.097617,0.09161041676998138,0.9047619104385376,0.8971428275108337
YDR142C,YAL042W,0,-4.117784,0.09152215719223022,0.9047619104385376,0.8980952501296997
YBR079C,YOR198C,0,-4.1278324,0.0914340689778328,0.9047619104385376,0.8990476131439209
YIL063C,YGL131C,0,-4.1287975,0.09134615212678909,0.9047619104385376,0.8999999761581421
YJL151C,YPL015C,0,-4.131523,0.09125840663909912,0.9047619104385376,0.9009523987770081
YDL052C,YBR236C,0,-4.1385202,0.09117082506418228,0.9047619104385376,0.9019047617912292
YJL050W,YOL021C,1,-4.144611,0.09204218536615372,0.9142857193946838,0.9019047617912292
YNL169C,YIL044C,0,-4.1487594,0.09195402264595032,0.9142857193946838,0.9028571248054504
YPL029W,YDL165W,1,-4.1528673,0.09282296895980835,0.9238095283508301,0.9028571248054504
YNL083W,YJR144W,0,-4.1538544,0.09273422509431839,0.9238095283508301,0.9038095474243164
YGR275W,YNL323W,0,-4.1564,0.09264565259218216,0.9238095283508301,0.9047619104385376
YMR288W,YBR004C,0,-4.1679916,0.09255725145339966,0.9238095283508301,0.9057142734527588
YCL030C,YEL071W,0,-4.1690865,0.09246902167797089,0.9238095283508301,0.9066666960716248
YGR195W,YJL050W,1,-4.182763,0.09333333373069763,0.9333333373069763,0.9066666960716248
YDL005C,YNL316C,0,-4.18865,0.0932445302605629,0.9333333373069763,0.907619059085846
YGR195W,YOL021C,1,-4.1899033,0.09410646557807922,0.9428571462631226,0.907619059085846
YGL181W,YGL156W,0,-4.19024,0.09401709586381912,0.9428571462631226,0.9085714221000671
YOL094C,YBR167C,0,-4.191219,0.09392789006233215,0.9428571462631226,0.9095237851142883
YOR173W,YER035W,1,-4.2027774,0.09478673338890076,0.9523809552192688,0.9095237851142883
YDL168W,YBR161W,0,-4.204754,0.09469696879386902,0.9523809552192688,0.9104762077331543
YOR196C,YMR024W,0,-4.2053213,0.0946073830127716,0.9523809552192688,0.9114285707473755
YBR057C,YIR010W,0,-4.206007,0.09451796114444733,0.9523809552192688,0.9123809337615967
YOR035C,YKL167C,0,-4.2095966,0.09442870318889618,0.9523809552192688,0.9133333563804626
YIL041W,YBR201W,0,-4.212994,0.09433962404727936,0.9523809552192688,0.9142857193946838
YPL020C,YNR049C,0,-4.2139874,0.09425070881843567,0.9523809552192688,0.915238082408905
YDR480W,YDL174C,0,-4.2188177,0.09416195750236511,0.9523809552192688,0.916190505027771
YPL047W,YJR093C,0,-4.231123,0.09407337754964828,0.9523809552192688,0.9171428680419922
YGR275W,YDR322C-A,0,-4.265031,0.09398496150970459,0.9523809552192688,0.9180952310562134
YLR148W,YNL225C,0,-4.278265,0.09389671683311462,0.9523809552192688,0.9190475940704346
YDL042C,YGR041W,0,-4.280487,0.0938086286187172,0.9523809552192688,0.9200000166893005
YHR191C,YLR003C,0,-4.2839117,0.09372071176767349,0.9523809552192688,0.9209523797035217
YIL105C,YLL042C,0,-4.287797,0.09363295882940292,0.9523809552192688,0.9219047427177429
YLR369W,YMR161W,0,-4.2923393,0.09354536980390549,0.9523809552192688,0.9228571653366089
YER021W,YEL009C,0,-4.295964,0.09345794469118118,0.9523809552192688,0.9238095283508301
YML130C,YGL013C,0,-4.2993255,0.09337068349123001,0.9523809552192688,0.9247618913650513
YPR029C,YKL211C,0,-4.302111,0.09328357875347137,0.9523809552192688,0.9257143139839172
YDR027C,YDR163W,0,-4.3048863,0.09319664537906647,0.9523809552192688,0.9266666769981384
YLR272C,YOR030W,0,-4.314209,0.0931098684668541,0.9523809552192688,0.9276190400123596
YNL299W,YOL021C,1,-4.3282304,0.09395349025726318,0.961904764175415,0.9276190400123596
YGL047W,YIL097W,0,-4.333375,0.09386616945266724,0.961904764175415,0.9285714030265808
YPL237W,YFL034C-A,0,-4.346997,0.09377901256084442,0.961904764175415,0.9295238256454468
YGL150C,YIL050W,0,-4.349664,0.09369201958179474,0.961904764175415,0.930476188659668
YML078W,YLR066W,0,-4.352303,0.09360519051551819,0.961904764175415,0.9314285516738892
YDR311W,YNL275W,0,-4.3539286,0.09351851791143417,0.961904764175415,0.9323809742927551
YDR485C,YJR067C,0,-4.3615503,0.09343200922012329,0.961904764175415,0.9333333373069763
YOR190W,YDL049C,0,-4.369601,0.09334565699100494,0.961904764175415,0.9342857003211975
YDR155C,YPR181C,0,-4.386317,0.09325946122407913,0.961904764175415,0.9352381229400635
YGR209C,YLR368W,0,-4.402516,0.09317342936992645,0.961904764175415,0.9361904859542847
YBL102W,YCR027C,0,-4.40374,0.09308755397796631,0.961904764175415,0.9371428489685059
YOR321W,YOL049W,0,-4.4186583,0.0930018424987793,0.961904764175415,0.938095211982727
YDR027C,YNL097C,0,-4.422486,0.09291628003120422,0.961904764175415,0.939047634601593
YOR118W,YHR026W,0,-4.4263563,0.09283088147640228,0.961904764175415,0.9399999976158142
YBR070C,YOR130C,0,-4.4282427,0.09274563938379288,0.961904764175415,0.9409523606300354
YGL145W,YDR264C,0,-4.4291573,0.09266055375337601,0.961904764175415,0.9419047832489014
YOL033W,YOR196C,0,-4.433026,0.09257561713457108,0.961904764175415,0.9428571462631226
YIL031W,YOR058C,0,-4.442846,0.09249084442853928,0.961904764175415,0.9438095092773438
YLR298C,YJL104W,0,-4.4629755,0.09240622073411942,0.961904764175415,0.9447619318962097
YFR046C,YFL034C-B,0,-4.4650536,0.09232175350189209,0.961904764175415,0.9457142949104309
YOL115W,YOL021C,1,-4.4755077,0.09315068274736404,0.9714285731315613,0.9457142949104309
YOR329C,YGR231C,0,-4.4758167,0.09306569397449493,0.9714285731315613,0.9466666579246521
YCR027C,YHR134W,0,-4.4871016,0.09298085421323776,0.9714285731315613,0.9476190209388733
YNR054C,YDR324C,0,-4.489916,0.09289617836475372,0.9714285731315613,0.9485714435577393
YHR001W,YDR394W,0,-4.5169897,0.09281164407730103,0.9714285731315613,0.9495238065719604
YNL071W,YKL160W,0,-4.5221844,0.09272727370262146,0.9714285731315613,0.9504761695861816
YLR069C,YER157W,0,-4.5354943,0.09264305233955383,0.9714285731315613,0.9514285922050476
YMR092C,YHR001W,0,-4.5358324,0.09255897998809814,0.9714285731315613,0.9523809552192688
YER157W,YGR163W,0,-4.574616,0.09247507154941559,0.9714285731315613,0.95333331823349
YNL088W,YDR519W,0,-4.5833006,0.09239130467176437,0.9714285731315613,0.954285740852356
YGL048C,YOL049W,0,-4.5903153,0.0923076942563057,0.9714285731315613,0.9552381038665771
YHR050W,YHR019C,0,-4.5939155,0.09222423285245895,0.9714285731315613,0.9561904668807983
YGR028W,YCR003W,0,-4.59717,0.09214092046022415,0.9714285731315613,0.9571428298950195
YJR007W,YGL029W,0,-4.602672,0.09205776453018188,0.9714285731315613,0.9580952525138855
YBR070C,YBR014C,0,-4.610372,0.09197475016117096,0.9714285731315613,0.9590476155281067
YJL154C,YKR001C,0,-4.6125574,0.09189189225435257,0.9714285731315613,0.9599999785423279
YNL082W,YNL083W,0,-4.612879,0.09180918335914612,0.9714285731315613,0.9609524011611938
YGL023C,YER094C,0,-4.619688,0.09172661602497101,0.9714285731315613,0.961904764175415
YCL033C,YML001W,0,-4.6218987,0.09164420515298843,0.9714285731315613,0.9628571271896362
YPL069C,YDR316W,0,-4.6568003,0.0915619358420372,0.9714285731315613,0.9638095498085022
YPL211W,YGL099W,0,-4.6792336,0.0914798229932785,0.9714285731315613,0.9647619128227234
YLR077W,YKL046C,0,-4.6868973,0.09139785170555115,0.9714285731315613,0.9657142758369446
YDR452W,YMR047C,0,-4.6951003,0.09131602197885513,0.9714285731315613,0.9666666388511658
YGR227W,YOR171C,0,-4.704458,0.09123434871435165,0.9714285731315613,0.9676190614700317
YHL013C,YBR171W,0,-4.7239923,0.09115281701087952,0.9714285731315613,0.9685714244842529
YBR070C,YJL184W,0,-4.7279987,0.09107142686843872,0.9714285731315613,0.9695237874984741
YFL024C,YGL145W,0,-4.7536764,0.09099018573760986,0.9714285731315613,0.9704762101173401
YNL299W,YPL029W,1,-4.798115,0.09180035442113876,0.9809523820877075,0.9704762101173401
YPL055C,YPR023C,0,-4.807273,0.09171861410140991,0.9809523820877075,0.9714285731315613
YGR215W,YIL040W,0,-4.820733,0.0916370078921318,0.9809523820877075,0.9723809361457825
YER035W,YDL165W,1,-4.828428,0.09244444221258163,0.9904761910438538,0.9723809361457825
YDR311W,YBR201W,0,-4.875465,0.09236234426498413,0.9904761910438538,0.9733333587646484
YBR127C,YOL039W,0,-4.8923063,0.09228038787841797,0.9904761910438538,0.9742857217788696
YGR013W,YIL065C,0,-4.9376216,0.09219858050346375,0.9904761910438538,0.9752380847930908
YGL100W,YGR132C,0,-4.9527073,0.09211691468954086,0.9904761910438538,0.976190447807312
YOL049W,YNL099C,0,-4.9908495,0.09203539788722992,0.9904761910438538,0.977142870426178
YDR462W,YGR231C,0,-5.005616,0.09195402264595032,0.9904761910438538,0.9780952334403992
YPL016W,YDR206W,0,-5.0193043,0.09187278896570206,0.9904761910438538,0.9790475964546204
YBR039W,YDL122W,0,-5.028697,0.09179170429706573,0.9904761910438538,0.9800000190734863
YPL057C,YDL174C,0,-5.056115,0.09171076118946075,0.9904761910438538,0.9809523820877075
YOR118W,YOR171C,0,-5.0642114,0.09162995964288712,0.9904761910438538,0.9819047451019287
YOR329C,YJL036W,0,-5.070455,0.09154929220676422,0.9904761910438538,0.9828571677207947
YCR069W,YDR480W,0,-5.095122,0.09146877378225327,0.9904761910438538,0.9838095307350159
YER146W,YDL165W,1,-5.10604,0.09226713329553604,1.0,0.9838095307350159
YBR288C,YDL236W,0,-5.121622,0.09218613058328629,1.0,0.9847618937492371
YPR029C,YBR229C,0,-5.1639156,0.09210526198148727,1.0,0.9857142567634583
YPL069C,YDR409W,0,-5.21225,0.0920245423913002,1.0,0.9866666793823242
YJR064W,YGL245W,0,-5.235303,0.09194395691156387,1.0,0.9876190423965454
YMR014W,YLR002C,0,-5.3170567,0.09186352044343948,1.0,0.9885714054107666
YPL016W,YDL147W,0,-5.4345593,0.09178321808576584,1.0,0.9895238280296326
YOR115C,YHR191C,0,-5.4521523,0.09170305728912354,1.0,0.9904761910438538
YOR149C,YPL228W,0,-5.6286726,0.09162303805351257,1.0,0.991428554058075
YDL103C,YGL011C,0,-5.6371984,0.09154315292835236,1.0,0.9923809766769409
YNR023W,YLR135W,0,-5.6779995,0.09146341681480408,1.0,0.9933333396911621
YIL063C,YGL038C,0,-5.68913,0.09138381481170654,1.0,0.9942857027053833
YPL164C,YOL013C,0,-5.6901927,0.09130434691905975,1.0,0.9952380657196045
YDR349C,YJL111W,0,-5.7489367,0.0912250205874443,1.0,0.9961904883384705
YDR194C,YDR017C,0,-5.877877,0.0911458358168602,1.0,0.9971428513526917
YDR462W,YIL122W,0,-6.021925,0.09106678515672684,1.0,0.9980952143669128
YNR023W,YNL047C,0,-6.502075,0.09098786860704422,1.0,0.9990476369857788
YHR141C,YHL001W,0,-9.4808655,0.09090909361839294,1.0,1.0
