Gene A,Gene B,Label,Score,Precision,Recall,False Positive Rate
YIL095W,YBR072W,0,-3.863789,0.0,0.0,0.0015151514671742916
YML058W-A,YNL070W,0,-4.0629272,0.0,0.0,0.0030303029343485832
YCR062W,YER105C,0,-4.14489,0.0,0.0,0.004545454401522875
YKL053C-A,YLR312C-B,0,-4.1465626,0.0,0.0,0.0060606058686971664
YIL120W,YOR338W,0,-4.1770697,0.0,0.0,0.007575757801532745
YLR391W,YJR045C,0,-4.1885505,0.0,0.0,0.00909090880304575
YDR159W,YLR009W,0,-4.1908154,0.0,0.0,0.010606060735881329
YPL132W,YGL046W,0,-4.226761,0.0,0.0,0.012121211737394333
YDL201W,YNL284C-B,0,-4.228459,0.0,0.0,0.013636363670229912
YDR034C-D,YDL051W,0,-4.228874,0.0,0.0,0.01515151560306549
YDR098C-B,YKL029C,0,-4.2292976,0.0,0.0,0.01666666753590107
YPL124W,YHL024W,0,-4.230072,0.0,0.0,0.0181818176060915
YCR102C,YNL054W-A,0,-4.2316437,0.0,0.0,0.019696969538927078
YDL087C,YER137C-A,0,-4.2327533,0.0,0.0,0.021212121471762657
YDR261W-B,YLR372W,0,-4.2331734,0.0,0.0,0.022727273404598236
YGL106W,YDL118W,0,-4.2341127,0.0,0.0,0.024242423474788666
YDR285W,YFL002W-B,0,-4.2367525,0.0,0.0,0.025757575407624245
YPR036W-A,YNL206C,0,-4.236829,0.0,0.0,0.027272727340459824
YOR343C-B,YMR260C,0,-4.236829,0.0,0.0,0.028787879273295403
YDR435C,YBL101W-A,0,-4.236829,0.0,0.0,0.03030303120613098
YJL018W,YBL005W-A,0,-4.236829,0.0,0.0,0.03181818127632141
YPL208W,YPR158C-D,0,-4.2470455,0.0,0.0,0.03333333507180214
YGR038C-A,YMR231W,0,-4.254384,0.0,0.0,0.03484848514199257
YDR098C-B,YNL004W,0,-4.2572937,0.0,0.0,0.036363635212183
YDR034C-D,YML124C,0,-4.262747,0.0,0.0,0.03787878900766373
YDR210W-A,YPL164C,0,-4.2639,0.0,0.0,0.039393939077854156
YHR034C,YLR312C-B,0,-4.301157,0.0,0.0,0.040909089148044586
YJR029W,YJR118C,0,-4.3254757,0.0,0.0,0.042424242943525314
YMR087W,YEL032W,0,-4.3406796,0.0,0.0,0.043939393013715744
YAR009C,YBL033C,0,-4.34353,0.0,0.0,0.04545454680919647
YPL043W,YBR111W-A,0,-4.395638,0.0,0.0,0.0469696968793869
YFL035C-A,YDR088C,0,-4.4156313,0.0,0.0,0.04848484694957733
YER044C,YNL045W,0,-4.4186745,0.0,0.0,0.05000000074505806
YPL276W,YPL154C,0,-4.4287276,0.0,0.0,0.05151515081524849
YJL018W,YOR046C,0,-4.438196,0.0,0.0,0.05303030461072922
YPL276W,YDL045C,0,-4.483784,0.0,0.0,0.05454545468091965
YCR058C,YNL023C,0,-4.4897523,0.0,0.0,0.05606060475111008
YDL109C,YOR226C,0,-4.4986525,0.0,0.0,0.057575758546590805
YJL134W,YFL011W-A,0,-4.5196085,0.0,0.0,0.059090908616781235
YHR072W-A,YOR068C,0,-4.5230756,0.0,0.0,0.06060606241226196
YHR172W,YML040W,0,-4.5417047,0.0,0.0,0.06212121248245239
YNR054C,YER180C-A,0,-4.5430717,0.0,0.0,0.06363636255264282
YGR251W,YDR002W,0,-4.5672464,0.0,0.0,0.06515151262283325
YOR068C,YOR240W,0,-4.5705585,0.0,0.0,0.06666667014360428
YLR391W-A,YJR082C,0,-4.5898876,0.0,0.0,0.06818182021379471
YEL022W,YML033W,0,-4.5999565,0.0,0.0,0.06969697028398514
YOR201C,YKR095W-A,0,-4.611481,0.0,0.0,0.07121212035417557
YBR126C,YPR078C,0,-4.6312513,0.0,0.0,0.072727270424366
YIL022W,YMR046C,0,-4.7507277,0.0,0.0,0.07424242794513702
YLL016W,YBR274W,0,-4.768261,0.0,0.0,0.07575757801532745
YPL180W,YDL109C,0,-4.7704153,0.0,0.0,0.07727272808551788
YDR492W,YCL026C-A,0,-4.7784367,0.0,0.0,0.07878787815570831
YPR173C,YIR017C,0,-4.8011184,0.0,0.0,0.08030302822589874
YJL080C,YIL029C,0,-4.8200083,0.0,0.0,0.08181817829608917
YJR029W,YNR043W,0,-4.830043,0.0,0.0,0.0833333358168602
YNR074C,YGR042W,0,-4.837969,0.0,0.0,0.08484848588705063
YPL049C,YOR338W,0,-4.8411665,0.0,0.0,0.08636363595724106
YLR007W,YAL068C,0,-4.8878736,0.0,0.0,0.08787878602743149
YCL020W,YLR044C,0,-4.904325,0.0,0.0,0.08939393609762192
YIL155C,YIR004W,0,-4.905035,0.0,0.0,0.09090909361839294
YGL244W,YNL045W,0,-4.911883,0.0,0.0,0.09242424368858337
YBR008C,YER190W,0,-4.9119964,0.0,0.0,0.0939393937587738
YMR051C,YDL004W,0,-4.91957,0.0,0.0,0.09545454382896423
YLL017W,YNL239W,0,-4.9487953,0.0,0.0,0.09696969389915466
YNL304W,YER190W,0,-4.95231,0.0,0.0,0.09848485141992569
YBR159W,YHL011C,0,-4.974884,0.0,0.0,0.10000000149011612
YCR057C,YER062C,0,-4.9866486,0.0,0.0,0.10151515156030655
YML128C,YDR195W,0,-4.993583,0.0,0.0,0.10303030163049698
YDL024C,YGR238C,0,-5.018443,0.0,0.0,0.10454545170068741
YDL069C,YBL005W-A,0,-5.0436897,0.0,0.0,0.10606060922145844
YHR020W,YKR031C,0,-5.0559697,0.0,0.0,0.10757575929164886
YPR185W,YKL134C,0,-5.0714383,0.0,0.0,0.1090909093618393
YDR079C-A,YKR086W,0,-5.1020064,0.0,0.0,0.11060605943202972
YOL023W,YBL009W,0,-5.150545,0.0,0.0,0.11212120950222015
YIL173W,YML045W,0,-5.1645546,0.0,0.0,0.11363636702299118
YIL119C,YKL056C,0,-5.166113,0.0,0.0,0.11515151709318161
YNR052C,YMR046C,0,-5.1905613,0.0,0.0,0.11666666716337204
YAL022C,YLR160C,0,-5.198986,0.0,0.0,0.11818181723356247
YLR228C,YOL165C,0,-5.2096267,0.0,0.0,0.1196969673037529
YGR111W,YPL242C,0,-5.249899,0.0,0.0,0.12121212482452393
YJL102W,YNL201C,0,-5.258259,0.0,0.0,0.12272727489471436
YLL017W,YBR253W,0,-5.2586384,0.0,0.0,0.12424242496490479
YOL090W,YFL017W-A,0,-5.261712,0.0,0.0,0.12575757503509521
YDR025W,YNL233W,0,-5.262776,0.0,0.0,0.12727272510528564
YLR119W,YLR160C,0,-5.276677,0.0,0.0,0.12878787517547607
YLL012W,YBR290W,0,-5.278245,0.0,0.0,0.1303030252456665
YFL014W,YOR149C,0,-5.303235,0.0,0.0,0.13181817531585693
YBR069C,YMR032W,0,-5.31761,0.0,0.0,0.13333334028720856
YGR091W,YIL010W,0,-5.3214636,0.0,0.0,0.134848490357399
YOR287C,YKL195W,0,-5.322095,0.0,0.0,0.13636364042758942
YGR159C,YLL056C,0,-5.351083,0.0,0.0,0.13787879049777985
YOR348C,YML092C,0,-5.3526134,0.0,0.0,0.13939394056797028
YGL075C,YMR237W,0,-5.3638415,0.0,0.0,0.1409090906381607
YLR455W,YDR508C,0,-5.3994284,0.0,0.0,0.14242424070835114
YLR131C,YJL048C,0,-5.437337,0.0,0.0,0.14393939077854156
YMR068W,YML099C,0,-5.446109,0.0,0.0,0.145454540848732
YHL007C,YNR058W,0,-5.4673586,0.0,0.0,0.14696969091892242
YNL339C,YMR293C,0,-5.4818015,0.0,0.0,0.14848485589027405
YHR053C,YJL219W,0,-5.496209,0.0,0.0,0.15000000596046448
YHL020C,YOL091W,0,-5.5252333,0.0,0.0,0.1515151560306549
YLR134W,YLR129W,0,-5.5295696,0.0,0.0,0.15303030610084534
YGL051W,YFL025C,1,-5.5840683,0.009803921915590763,0.01515151560306549,0.15303030610084534
YGL209W,YLR305C,0,-5.6018724,0.009708737954497337,0.01515151560306549,0.15454545617103577
YLR452C,YJL194W,0,-5.615173,0.009615384973585606,0.01515151560306549,0.1560606062412262
YBR153W,YDR479C,0,-5.623995,0.009523809887468815,0.01515151560306549,0.15757575631141663
YJL050W,YPR057W,0,-5.636785,0.009433962404727936,0.01515151560306549,0.15909090638160706
YIR006C,YNR019W,0,-5.6447496,0.009345794096589088,0.01515151560306549,0.16060605645179749
YPL167C,YFR001W,0,-5.65896,0.009259259328246117,0.01515151560306549,0.16212120652198792
YOR140W,YOR120W,0,-5.6657267,0.00917431153357029,0.01515151560306549,0.16363635659217834
YIR006C,YHR052W,0,-5.670338,0.00909090880304575,0.01515151560306549,0.16515152156352997
YHR119W,YDL060W,0,-5.678648,0.009009009227156639,0.01515151560306549,0.1666666716337204
YKR081C,YDR446W,0,-5.6812563,0.008928571827709675,0.01515151560306549,0.16818182170391083
YHR164C,YFR033C,0,-5.6967793,0.008849557489156723,0.01515151560306549,0.16969697177410126
YDR101C,YLR303W,0,-5.6996617,0.008771929889917374,0.01515151560306549,0.1712121218442917
YML132W,YBR058C-A,0,-5.706982,0.008695651777088642,0.01515151560306549,0.17272727191448212
YLR221C,YJR135W-A,0,-5.726967,0.008620689623057842,0.01515151560306549,0.17424242198467255
YIL103W,YLR228C,0,-5.731004,0.008547008968889713,0.01515151560306549,0.17575757205486298
YPL026C,YAR007C,0,-5.741022,0.008474576286971569,0.01515151560306549,0.1772727221250534
YER045C,YFR047C,0,-5.743381,0.008403361774981022,0.01515151560306549,0.17878787219524384
YPL267W,YKR001C,0,-5.760522,0.008333333767950535,0.01515151560306549,0.18030303716659546
YER002W,YDR369C,0,-5.7624035,0.00826446246355772,0.01515151560306549,0.1818181872367859
YFR033C,YDR028C,0,-5.776229,0.008196720853447914,0.01515151560306549,0.18333333730697632
YDL243C,YOR172W,0,-5.7781134,0.008130080997943878,0.01515151560306549,0.18484848737716675
YKL186C,YHR079C-A,0,-5.7816505,0.008064515888690948,0.01515151560306549,0.18636363744735718
YNL286W,YML010W,0,-5.7820845,0.00800000037997961,0.01515151560306549,0.1878787875175476
YHR072W-A,YMR153W,0,-5.782404,0.007936508394777775,0.01515151560306549,0.18939393758773804
YPL130W,YDL247W,0,-5.7861853,0.007874015718698502,0.01515151560306549,0.19090908765792847
YHR077C,YOL067C,0,-5.7948017,0.0078125,0.01515151560306549,0.1924242377281189
YHR048W,YDR422C,0,-5.7990255,0.007751937955617905,0.01515151560306549,0.19393938779830933
YJR055W,YJR145C,0,-5.7996116,0.007692307699471712,0.01515151560306549,0.19545455276966095
YBR023C,YNL318C,0,-5.8109756,0.007633587811142206,0.01515151560306549,0.19696970283985138
YGR159C,YGR037C,0,-5.8133507,0.007575757801532745,0.01515151560306549,0.1984848529100418
YJL031C,YNR058W,0,-5.851983,0.007518797181546688,0.01515151560306549,0.20000000298023224
YDR439W,YOR298C-A,0,-5.859012,0.007462686393409967,0.01515151560306549,0.20151515305042267
YJR091C,YDR529C,0,-5.859804,0.007407407276332378,0.01515151560306549,0.2030303031206131
YOR079C,YMR239C,0,-5.8640203,0.007352941203862429,0.01515151560306549,0.20454545319080353
YDL043C,YCL026C-A,0,-5.865752,0.007299270015209913,0.01515151560306549,0.20606060326099396
YLL008W,YNL310C,0,-5.8982534,0.007246376946568489,0.01515151560306549,0.2075757533311844
YJR158W,YDR265W,0,-5.9127264,0.007194244768470526,0.01515151560306549,0.20909090340137482
YGL251C,YNL101W,0,-5.918108,0.0071428571827709675,0.01515151560306549,0.21060605347156525
YFL025C,YER122C,1,-5.925721,0.014184396713972092,0.03030303120613098,0.21060605347156525
YGR251W,YGR158C,0,-5.947119,0.014084506779909134,0.03030303120613098,0.21212121844291687
YDR439W,YER036C,0,-5.9507284,0.0139860138297081,0.03030303120613098,0.2136363685131073
YJR060W,YML128C,0,-5.9542904,0.013888888992369175,0.03030303120613098,0.21515151858329773
YBR284W,YNL220W,0,-5.957575,0.013793103396892548,0.03030303120613098,0.21666666865348816
YBR298C,YDR243C,0,-5.963812,0.013698630034923553,0.03030303120613098,0.2181818187236786
YFL025C,YGL180W,1,-5.977542,0.020408162847161293,0.04545454680919647,0.2181818187236786
YJL004C,YFL025C,1,-5.978151,0.027027027681469917,0.06060606241226196,0.2181818187236786
YMR270C,YJL122W,0,-5.9807634,0.02684563770890236,0.06060606241226196,0.21969696879386902
YKL193C,YML107C,0,-5.982134,0.02666666731238365,0.06060606241226196,0.22121211886405945
YBR093C,YBR114W,0,-6.000251,0.026490066200494766,0.06060606241226196,0.22272726893424988
YJL116C,YNR008W,0,-6.0065184,0.02631578966975212,0.06060606241226196,0.2242424190044403
YOR033C,YHR066W,0,-6.0206084,0.026143791154026985,0.06060606241226196,0.22575756907463074
YJR119C,YML007W,0,-6.021322,0.025974025949835777,0.06060606241226196,0.22727273404598236
YIL115C,YDR436W,0,-6.024418,0.025806451216340065,0.06060606241226196,0.2287878841161728
YER003C,YJL076W,0,-6.032631,0.025641025975346565,0.06060606241226196,0.23030303418636322
YBR091C,YJL095W,0,-6.044032,0.025477707386016846,0.06060606241226196,0.23181818425655365
YIR028W,YPL048W,0,-6.0465,0.025316456332802773,0.06060606241226196,0.23333333432674408
YDR108W,YGL180W,1,-6.0590396,0.03144654259085655,0.07575757801532745,0.23333333432674408
YHR014W,YML019W,0,-6.063861,0.03125,0.07575757801532745,0.2348484843969345
YKL192C,YLR092W,0,-6.063929,0.03105590119957924,0.07575757801532745,0.23636363446712494
YDR052C,YKL009W,0,-6.0665026,0.03086419776082039,0.07575757801532745,0.23787878453731537
YGR099W,YDR080W,0,-6.0681477,0.030674846842885017,0.07575757801532745,0.2393939346075058
YLR165C,YBL045C,0,-6.068246,0.030487805604934692,0.07575757801532745,0.24090908467769623
YIL103W,YHR090C,0,-6.068837,0.03030303120613098,0.07575757801532745,0.24242424964904785
YPL237W,YDR523C,0,-6.0713835,0.0301204826682806,0.07575757801532745,0.24393939971923828
YGL012W,YCL027W,0,-6.0797367,0.02994011901319027,0.07575757801532745,0.2454545497894287
YBR050C,YAR042W,0,-6.0855374,0.02976190485060215,0.07575757801532745,0.24696969985961914
YDR108W,YER122C,1,-6.1012993,0.03550295904278755,0.09090909361839294,0.24696969985961914
YCR002C,YDR171W,0,-6.1018095,0.03529411926865578,0.09090909361839294,0.24848484992980957
YOR191W,YBR088C,0,-6.1022778,0.035087719559669495,0.09090909361839294,0.25
YJL076W,YGL256W,0,-6.1060953,0.03488372266292572,0.09090909361839294,0.25151515007019043
YNL139C,YBR117C,0,-6.1146355,0.034682080149650574,0.09090909361839294,0.25303030014038086
YLR275W,YBR145W,0,-6.124815,0.03448275849223137,0.09090909361839294,0.2545454502105713
YNL326C,YHR072W-A,0,-6.128747,0.034285712987184525,0.09090909361839294,0.2560606002807617
YDR545W,YIL039W,0,-6.1338325,0.034090910106897354,0.09090909361839294,0.25757575035095215
YOR319W,YGR202C,0,-6.1345625,0.033898305147886276,0.09090909361839294,0.2590909004211426
YAL017W,YDR378C,0,-6.1349583,0.033707864582538605,0.09090909361839294,0.260606050491333
YPL268W,YGR279C,0,-6.1351714,0.03351955488324165,0.09090909361839294,0.26212120056152344
YLR313C,YPL091W,0,-6.13629,0.03333333507180214,0.09090909361839294,0.26363635063171387
YGR091W,YMR038C,0,-6.137168,0.033149171620607376,0.09090909361839294,0.2651515007019043
YPR201W,YML123C,0,-6.141037,0.032967034727334976,0.09090909361839294,0.2666666805744171
YCL038C,YBR256C,0,-6.145526,0.032786883413791656,0.09090909361839294,0.26818183064460754
YKL220C,YMR025W,0,-6.1469994,0.032608695328235626,0.09090909361839294,0.269696980714798
YPR103W,YNR067C,0,-6.1509113,0.0324324332177639,0.09090909361839294,0.2712121307849884
YGL100W,YFL060C,0,-6.1606135,0.032258063554763794,0.09090909361839294,0.27272728085517883
YGR166W,YPR094W,0,-6.1654396,0.03208556026220322,0.09090909361839294,0.27424243092536926
YER038C,YJR150C,0,-6.1723404,0.03191489353775978,0.09090909361839294,0.2757575809955597
YHL047C,YPR103W,0,-6.1727,0.0317460335791111,0.09090909361839294,0.2772727310657501
YAR007C,YBL063W,0,-6.178254,0.031578946858644485,0.09090909361839294,0.27878788113594055
YNL286W,YLR080W,0,-6.180787,0.03141361102461815,0.09090909361839294,0.280303031206131
YFL059W,YOR081C,0,-6.181218,0.03125,0.09090909361839294,0.2818181812763214
YNR053C,YER073W,0,-6.1846504,0.031088082119822502,0.09090909361839294,0.28333333134651184
YDL120W,YFR055W,0,-6.193693,0.030927835032343864,0.09090909361839294,0.28484848141670227
YKR020W,YGL180W,1,-6.201868,0.03589743748307228,0.10606060922145844,0.28484848141670227
YIL118W,YDL247W,0,-6.2112446,0.0357142873108387,0.10606060922145844,0.2863636314868927
YOR233W,YHR107C,0,-6.236732,0.03553299605846405,0.10606060922145844,0.28787878155708313
YMR053C,YBR244W,0,-6.2387333,0.035353533923625946,0.10606060922145844,0.28939393162727356
YNL164C,YGL062W,0,-6.2470403,0.035175878554582596,0.10606060922145844,0.290909081697464
YDL209C,YCL066W,0,-6.247981,0.03500000014901161,0.10606060922145844,0.2924242317676544
YDR297W,YPR133W-A,0,-6.252203,0.03482586890459061,0.10606060922145844,0.29393938183784485
YGR072W,YOL043C,0,-6.265024,0.03465346619486809,0.10606060922145844,0.2954545319080353
YPL258C,YJL116C,0,-6.2715073,0.03448275849223137,0.10606060922145844,0.2969697117805481
YLR438C-A,YGR279C,0,-6.2735662,0.03431372717022896,0.10606060922145844,0.2984848618507385
YLR157C,YPR073C,0,-6.280568,0.03414634242653847,0.10606060922145844,0.30000001192092896
YOR297C,YER049W,0,-6.288378,0.033980581909418106,0.10606060922145844,0.3015151619911194
YLR139C,YDR118W,0,-6.289067,0.03381642326712608,0.10606060922145844,0.3030303120613098
YJR132W,YBR102C,0,-6.2909937,0.03365384787321091,0.10606060922145844,0.30454546213150024
YKL197C,YLR163C,0,-6.3107634,0.03349282220005989,0.10606060922145844,0.3060606122016907
YPL167C,YCR002C,0,-6.3204355,0.03333333507180214,0.10606060922145844,0.3075757622718811
YCL031C,YIR019C,0,-6.3215528,0.033175356686115265,0.10606060922145844,0.30909091234207153
YFL021W,YGL089C,0,-6.333131,0.033018868416547775,0.10606060922145844,0.31060606241226196
YCL025C,YLL013C,0,-6.3350434,0.03286384791135788,0.10606060922145844,0.3121212124824524
YPL253C,YDR098C,0,-6.336382,0.032710280269384384,0.10606060922145844,0.3136363625526428
YNL225C,YOL133W,0,-6.346864,0.0325581394135952,0.10606060922145844,0.31515151262283325
YLR166C,YDR025W,0,-6.357379,0.032407406717538834,0.10606060922145844,0.3166666626930237
YBL008W,YKL148C,0,-6.358239,0.032258063554763794,0.10606060922145844,0.3181818127632141
YHR092C,YPR020W,0,-6.3651714,0.03211009129881859,0.10606060922145844,0.31969696283340454
YLR035C,YOL043C,0,-6.370738,0.031963471323251724,0.10606060922145844,0.32121211290359497
YNL207W,YML075C,0,-6.3802724,0.03181818127632141,0.10606060922145844,0.3227272629737854
YIR019C,YBR172C,0,-6.396702,0.031674209982156754,0.10606060922145844,0.32424241304397583
YBL002W,YKL006C-A,0,-6.400441,0.03153153136372566,0.10606060922145844,0.32575756311416626
YMR293C,YDL245C,0,-6.4073772,0.03139013424515724,0.10606060922145844,0.3272727131843567
YGL051W,YER122C,1,-6.4101114,0.0357142873108387,0.12121212482452393,0.3272727131843567
YJR104C,YMR273C,0,-6.4210634,0.035555556416511536,0.12121212482452393,0.3287878930568695
YPR185W,YDL088C,0,-6.4232216,0.03539822995662689,0.12121212482452393,0.33030304312705994
YNL167C,YPL178W,0,-6.4266577,0.035242289304733276,0.12121212482452393,0.33181819319725037
YDR126W,YNL153C,0,-6.4338026,0.035087719559669495,0.12121212482452393,0.3333333432674408
YCL004W,YDR393W,0,-6.4363813,0.034934498369693756,0.12121212482452393,0.3348484933376312
YLR438C-A,YBL103C,0,-6.440611,0.03478260710835457,0.12121212482452393,0.33636364340782166
YMR247C,YCR098C,0,-6.448264,0.034632034599781036,0.12121212482452393,0.3378787934780121
YGR239C,YJL173C,0,-6.448354,0.03448275849223137,0.12121212482452393,0.3393939435482025
YER110C,YBL046W,0,-6.4485283,0.03433476388454437,0.12121212482452393,0.34090909361839294
YGL051W,YGL200C,1,-6.4488363,0.03846153989434242,0.13636364042758942,0.34090909361839294
YOL091W,YAR042W,0,-6.4569,0.0382978729903698,0.13636364042758942,0.3424242436885834
YPL200W,YDR450W,0,-6.458809,0.0381355918943882,0.13636364042758942,0.3439393937587738
YLR106C,YLR383W,0,-6.46154,0.037974681705236435,0.13636364042758942,0.34545454382896423
YOR201C,YGR103W,0,-6.4677896,0.03781512752175331,0.13636364042758942,0.34696969389915466
YLL038C,YBR127C,0,-6.475114,0.03765690326690674,0.13636364042758942,0.3484848439693451
YKR020W,YER122C,1,-6.4760523,0.0416666679084301,0.1515151560306549,0.3484848439693451
YGR167W,YDR446W,0,-6.480663,0.04149377718567848,0.1515151560306549,0.3499999940395355
YBR114W,YLR090W,0,-6.48839,0.041322313249111176,0.1515151560306549,0.35151514410972595
YCR020C-A,YOR047C,0,-6.491153,0.041152264922857285,0.1515151560306549,0.3530302941799164
YNL264C,YER174C,0,-6.49424,0.04098360612988472,0.1515151560306549,0.3545454442501068
YGL093W,YIL142W,0,-6.4991226,0.040816325694322586,0.1515151560306549,0.35606059432029724
YGL143C,YER032W,0,-6.49938,0.04065040498971939,0.1515151560306549,0.35757574439048767
YDR060W,YPL218W,0,-6.499998,0.04048582911491394,0.1515151560306549,0.3590908944606781
YIL068C,YER164W,0,-6.504693,0.04032257944345474,0.1515151560306549,0.3606060743331909
YIL031W,YLR332W,0,-6.507707,0.0401606410741806,0.1515151560306549,0.36212122440338135
YCR057C,YBR289W,0,-6.514881,0.03999999910593033,0.1515151560306549,0.3636363744735718
YDR173C,YHR096C,0,-6.5172,0.039840638637542725,0.1515151560306549,0.3651515245437622
YIL002C,YDL232W,0,-6.520939,0.0396825410425663,0.1515151560306549,0.36666667461395264
YOL017W,YGR275W,0,-6.5210304,0.03952569141983986,0.1515151560306549,0.36818182468414307
YDL207W,YBR186W,0,-6.5268526,0.03937007859349251,0.1515151560306549,0.3696969747543335
YGL130W,YLR452C,0,-6.5314198,0.03921568766236305,0.1515151560306549,0.3712121248245239
YPL147W,YER007W,0,-6.5326877,0.0390625,0.1515151560306549,0.37272727489471436
YGR090W,YGR172C,0,-6.5343494,0.038910504430532455,0.1515151560306549,0.3742424249649048
YOR269W,YEL069C,0,-6.5346947,0.03875968977808952,0.1515151560306549,0.3757575750350952
YCR082W,YLR405W,0,-6.543501,0.03861003741621971,0.1515151560306549,0.37727272510528564
YPL212C,YMR167W,0,-6.54389,0.03846153989434242,0.1515151560306549,0.3787878751754761
YJL194W,YOR194C,0,-6.545026,0.038314174860715866,0.1515151560306549,0.3803030252456665
YHL011C,YPR006C,0,-6.548159,0.038167938590049744,0.1515151560306549,0.38181817531585693
YGL051W,YJL004C,1,-6.54868,0.04182509332895279,0.1666666716337204,0.38181817531585693
YBR202W,YIL154C,0,-6.550685,0.0416666679084301,0.1666666716337204,0.38333332538604736
YJL005W,YER028C,0,-6.551647,0.04150943458080292,0.1666666716337204,0.3848484754562378
YJL178C,YFL025C,1,-6.5523887,0.04511278122663498,0.1818181872367859,0.3848484754562378
YER065C,YBR185C,0,-6.5528736,0.04494382068514824,0.1818181872367859,0.3863636255264282
YBR160W,YHR172W,0,-6.5682282,0.04477611929178238,0.1818181872367859,0.38787877559661865
YHR203C,YML025C,0,-6.5809793,0.044609665870666504,0.1818181872367859,0.3893939256668091
YGR078C,YPR020W,0,-6.584992,0.04444444552063942,0.1818181872367859,0.3909091055393219
YIL076W,YKR020W,1,-6.5880747,0.0479704812169075,0.19696970283985138,0.3909091055393219
YHR007C,YGL097W,0,-6.588381,0.04779411852359772,0.19696970283985138,0.39242425560951233
YBL069W,YJR070C,0,-6.5897665,0.0476190485060215,0.19696970283985138,0.39393940567970276
YBR258C,YKL043W,0,-6.58998,0.047445256263017654,0.19696970283985138,0.3954545557498932
YLR340W,YIL114C,0,-6.5935154,0.04727272689342499,0.19696970283985138,0.3969697058200836
YLR228C,YGR103W,0,-6.595687,0.047101449221372604,0.19696970283985138,0.39848485589027405
YGR238C,YGR077C,0,-6.601036,0.04693140834569931,0.19696970283985138,0.4000000059604645
YDR141C,YPL057C,0,-6.602722,0.04676258936524391,0.19696970283985138,0.4015151560306549
YIL160C,YJL108C,0,-6.604016,0.04659498110413551,0.19696970283985138,0.40303030610084534
YHR169W,YER177W,0,-6.606765,0.04642857238650322,0.19696970283985138,0.40454545617103577
YIL076W,YFL025C,1,-6.6116705,0.049822062253952026,0.21212121844291687,0.40454545617103577
YMR096W,YFL059W,0,-6.6132917,0.04964539036154747,0.21212121844291687,0.4060606062412262
YDR437W,YHL031C,0,-6.6141605,0.0494699664413929,0.21212121844291687,0.4075757563114166
YML088W,YKL119C,0,-6.620347,0.04929577559232712,0.21212121844291687,0.40909090638160706
YGL169W,YER104W,0,-6.6281404,0.04912280663847923,0.21212121844291687,0.4106060564517975
YPL253C,YCL066W,0,-6.631172,0.04895104840397835,0.21212121844291687,0.4121212065219879
YDL178W,YOL077W-A,0,-6.640001,0.04878048598766327,0.21212121844291687,0.41363635659217834
YJL030W,YNL044W,0,-6.6438937,0.0486111119389534,0.21212121844291687,0.4151515066623688
YMR231W,YER149C,0,-6.6709986,0.04844290763139725,0.21212121844291687,0.4166666567325592
YPR124W,YBR186W,0,-6.688418,0.04827586188912392,0.21212121844291687,0.41818180680274963
YAL040C,YPR008W,0,-6.6929173,0.04810996726155281,0.21212121844291687,0.41969695687294006
YJL004C,YGL180W,1,-6.6951036,0.051369864493608475,0.22727273404598236,0.41969695687294006
YPR198W,YML132W,0,-6.696456,0.05119453743100166,0.22727273404598236,0.4212121069431305
YDR382W,YAR002C-A,0,-6.698372,0.051020409911870956,0.22727273404598236,0.4227272868156433
YMR199W,YER032W,0,-6.7002983,0.050847455859184265,0.22727273404598236,0.42424243688583374
YIL031W,YEL020W-A,0,-6.7013016,0.05067567527294159,0.22727273404598236,0.42575758695602417
YDR108W,YFL025C,1,-6.702398,0.05387205258011818,0.24242424964904785,0.42575758695602417
YBL016W,YLR009W,0,-6.704272,0.05369127541780472,0.24242424964904785,0.4272727370262146
YMR267W,YKL119C,0,-6.7068853,0.05351170524954796,0.24242424964904785,0.42878788709640503
YPL138C,YDR160W,0,-6.7085485,0.0533333346247673,0.24242424964904785,0.43030303716659546
YFR021W,YGR075C,0,-6.71078,0.05315614491701126,0.24242424964904785,0.4318181872367859
YDL232W,YIL139C,0,-6.711753,0.05298013240098953,0.24242424964904785,0.4333333373069763
YGL051W,YGL180W,1,-6.7139215,0.056105609983205795,0.25757575035095215,0.4333333373069763
YPR188C,YLR071C,0,-6.716012,0.055921051651239395,0.25757575035095215,0.43484848737716675
YPR187W,YDR288W,0,-6.7217884,0.055737704038619995,0.25757575035095215,0.4363636374473572
YDR009W,YNL080C,0,-6.724132,0.0555555559694767,0.25757575035095215,0.4378787875175476
YPR181C,YIL034C,0,-6.7268624,0.055374592542648315,0.25757575035095215,0.43939393758773804
YDR517W,YGR178C,0,-6.7299976,0.055194806307554245,0.25757575035095215,0.44090908765792847
YNL279W,YER105C,0,-6.732663,0.055016182363033295,0.25757575035095215,0.4424242377281189
YDL059C,YJL093C,0,-6.7358565,0.05483870953321457,0.25757575035095215,0.4439393877983093
YDL052C,YKL001C,0,-6.740447,0.05466238036751747,0.25757575035095215,0.44545453786849976
YDR464W,YBL033C,0,-6.740616,0.05448717996478081,0.25757575035095215,0.4469696879386902
YGR224W,YLR210W,0,-6.74366,0.05431310087442398,0.25757575035095215,0.4484848380088806
YGL173C,YHR092C,0,-6.7477984,0.0541401281952858,0.25757575035095215,0.44999998807907104
YKL220C,YPR083W,0,-6.7500763,0.05396825447678566,0.25757575035095215,0.4515151381492615
YBR070C,YNL032W,0,-6.751063,0.05379746854305267,0.25757575035095215,0.4530302882194519
YER024W,YJL194W,0,-6.7518005,0.05362775921821594,0.25757575035095215,0.4545454680919647
YPL202C,YER007W,0,-6.756667,0.05345911905169487,0.25757575035095215,0.45606061816215515
YDR113C,YJL112W,0,-6.763592,0.05329153686761856,0.25757575035095215,0.4575757682323456
YPL112C,YLR165C,0,-6.768749,0.05312500149011612,0.25757575035095215,0.459090918302536
YDR407C,YGL016W,0,-6.7698917,0.05295950174331665,0.25757575035095215,0.46060606837272644
YGR037C,YJR021C,0,-6.7730484,0.05279503017663956,0.25757575035095215,0.46212121844291687
YPR122W,YLR274W,0,-6.7756195,0.05263157933950424,0.25757575035095215,0.4636363685131073
YPL085W,YFL025C,1,-6.7825055,0.0555555559694767,0.27272728085517883,0.4636363685131073
YMR025W,YLR260W,0,-6.794029,0.05538461357355118,0.27272728085517883,0.46515151858329773
YKL194C,YOR178C,0,-6.7945194,0.05521472543478012,0.27272728085517883,0.46666666865348816
YPL174C,YNL253W,0,-6.7981095,0.055045872926712036,0.27272728085517883,0.4681818187236786
YEL036C,YJL013C,0,-6.801609,0.05487804859876633,0.27272728085517883,0.469696968793869
YLR288C,YDL111C,0,-6.802166,0.054711245000362396,0.27272728085517883,0.47121211886405945
YDR192C,YGR172C,0,-6.806841,0.05454545468091965,0.27272728085517883,0.4727272689342499
YGR197C,YDR478W,0,-6.8253775,0.054380666464567184,0.27272728085517883,0.4742424190044403
YPL085W,YGL180W,1,-6.825879,0.05722891539335251,0.28787878155708313,0.4742424190044403
YIL031W,YIL022W,0,-6.825887,0.057057056576013565,0.28787878155708313,0.47575756907463074
YFL025C,YGL200C,1,-6.8290687,0.05988023802638054,0.3030303120613098,0.47575756907463074
YKR054C,YDR515W,0,-6.8313093,0.05970149114727974,0.3030303120613098,0.47727271914482117
YDL245C,YJL076W,0,-6.834652,0.0595238097012043,0.3030303120613098,0.4787878692150116
YBR202W,YCR066W,0,-6.8348665,0.059347182512283325,0.3030303120613098,0.480303019285202
YER178W,YLR115W,0,-6.836176,0.05917159840464592,0.3030303120613098,0.48181816935539246
YMR267W,YNR001C,0,-6.836974,0.05899704992771149,0.3030303120613098,0.4833333194255829
YMR283C,YDR492W,0,-6.8385315,0.05882352963089943,0.3030303120613098,0.4848484992980957
YGL051W,YKR020W,1,-6.8407273,0.06158357858657837,0.3181818127632141,0.4848484992980957
YPL213W,YNL153C,0,-6.8408413,0.061403509229421616,0.3181818127632141,0.48636364936828613
YOR140W,YFR028C,0,-6.8453507,0.06122449040412903,0.3181818127632141,0.48787879943847656
YER147C,YFR041C,0,-6.848923,0.06104651093482971,0.3181818127632141,0.489393949508667
YLR208W,YFL025C,1,-6.8497057,0.06376811861991882,0.3333333432674408,0.489393949508667
YOL072W,YKL012W,0,-6.8568916,0.06358381360769272,0.3333333432674408,0.4909090995788574
YNL167C,YGR278W,0,-6.8593597,0.06340057402849197,0.3333333432674408,0.49242424964904785
YGL173C,YFR055W,0,-6.8651285,0.06321839243173599,0.3333333432674408,0.4939393997192383
YDR470C,YMR135C,0,-6.869383,0.06303724646568298,0.3333333432674408,0.4954545497894287
YPL270W,YNL242W,0,-6.8753724,0.06285714358091354,0.3333333432674408,0.49696969985961914
YIL138C,YPR138C,0,-6.8798933,0.06267806142568588,0.3333333432674408,0.49848484992980957
YGL251C,YNL079C,0,-6.882971,0.0625,0.3333333432674408,0.5
YIL076W,YGL180W,1,-6.8932414,0.06515580415725708,0.3484848439693451,0.5
YKR020W,YFL025C,1,-6.893454,0.06779661029577255,0.3636363744735718,0.5
YOL066C,YOR373W,0,-6.898227,0.0676056370139122,0.3636363744735718,0.5015151500701904
YDR381W,YPR029C,0,-6.902789,0.06741572916507721,0.3636363744735718,0.5030303001403809
YPR137W,YAL009W,0,-6.9054046,0.06722689419984818,0.3636363744735718,0.5045454502105713
YHR169W,YBL102W,0,-6.908576,0.0670391097664833,0.3636363744735718,0.5060606002807617
YDR023W,YEL015W,0,-6.9147153,0.06685236841440201,0.3636363744735718,0.5075757503509521
YLR384C,YBR041W,0,-6.9188013,0.06666667014360428,0.3636363744735718,0.5090909004211426
YJL004C,YER122C,1,-6.9284525,0.06925208121538162,0.3787878751754761,0.5090909004211426
YCR057C,YGL119W,0,-6.929963,0.06906077265739441,0.3787878751754761,0.510606050491333
YGR163W,YPR133W-A,0,-6.936766,0.06887052208185196,0.3787878751754761,0.5121212005615234
YLR144C,YBL088C,0,-6.943827,0.06868132203817368,0.3787878751754761,0.5136363506317139
YDR310C,YHR013C,0,-6.943984,0.06849315017461777,0.3787878751754761,0.5151515007019043
YJL005W,YBR256C,0,-6.9462748,0.06830601394176483,0.3787878751754761,0.5166666507720947
YPL254W,YFR051C,0,-6.948492,0.06811989098787308,0.3787878751754761,0.5181818008422852
YDL245C,YKL146W,0,-6.9522457,0.0679347813129425,0.3787878751754761,0.5196969509124756
YEL016C,YER051W,0,-6.9544196,0.06775067746639252,0.3787878751754761,0.521212100982666
YPL033C,YGR247W,0,-6.9550967,0.06756756454706192,0.3787878751754761,0.5227272510528564
YGR091W,YPR029C,0,-6.9652176,0.06738544255495071,0.3787878751754761,0.5242424011230469
YJL069C,YMR015C,0,-6.9667125,0.0672043040394783,0.3787878751754761,0.5257575511932373
YPL254W,YPL053C,0,-6.9706273,0.0670241266489029,0.3787878751754761,0.5272727012634277
YPR049C,YMR150C,0,-6.9712343,0.06684491783380508,0.3787878751754761,0.5287878513336182
YGL051W,YJL178C,1,-6.980521,0.06933332979679108,0.39393940567970276,0.5287878513336182
YDL229W,YKR090W,0,-6.9813128,0.06914893537759781,0.39393940567970276,0.5303030014038086
YDR255C,YML049C,0,-6.984692,0.06896551698446274,0.39393940567970276,0.5318182110786438
YFL033C,YGR044C,0,-6.990204,0.06878306716680527,0.39393940567970276,0.5333333611488342
YGR119C,YGR044C,0,-6.9974904,0.0686015859246254,0.39393940567970276,0.5348485112190247
YDR435C,YNL325C,0,-6.9990797,0.06842105090618134,0.39393940567970276,0.5363636612892151
YHR143W-A,YJR078W,0,-6.9992423,0.06824146956205368,0.39393940567970276,0.5378788113594055
YMR199W,YFL033C,0,-7.0008855,0.06806282699108124,0.39393940567970276,0.539393961429596
YBR037C,YKL173W,0,-7.0013237,0.06788511574268341,0.39393940567970276,0.5409091114997864
YDR443C,YJR042W,0,-7.002231,0.0677083358168602,0.39393940567970276,0.5424242615699768
YDR108W,YJL004C,1,-7.003309,0.0701298713684082,0.40909090638160706,0.5424242615699768
YGL051W,YDR108W,1,-7.0050135,0.07253886014223099,0.42424243688583374,0.5424242615699768
YHR082C,YLR310C,0,-7.0129247,0.07235141843557358,0.42424243688583374,0.5439394116401672
YML064C,YBR097W,0,-7.01775,0.07216494530439377,0.42424243688583374,0.5454545617103577
YER122C,YGL180W,1,-7.018164,0.07455012947320938,0.43939393758773804,0.5454545617103577
YGR246C,YBL099W,0,-7.026711,0.0743589773774147,0.43939393758773804,0.5469697117805481
YNL209W,YDR397C,0,-7.0278716,0.07416880130767822,0.43939393758773804,0.5484848618507385
YCL011C,YDL035C,0,-7.029974,0.07397959381341934,0.43939393758773804,0.550000011920929
YGR083C,YCL008C,0,-7.031433,0.07379134744405746,0.43939393758773804,0.5515151619911194
YDR145W,YOR127W,0,-7.031678,0.07360406219959259,0.43939393758773804,0.5530303120613098
YPR133C,YBR048W,0,-7.032396,0.07341772317886353,0.43939393758773804,0.5545454621315002
YLR376C,YBR093C,0,-7.032404,0.07323232293128967,0.43939393758773804,0.5560606122016907
YLR071C,YNL166C,0,-7.041702,0.07304786145687103,0.43939393758773804,0.5575757622718811
YIR010W,YBR145W,0,-7.0450044,0.07286432385444641,0.43939393758773804,0.5590909123420715
YHL028W,YDR386W,0,-7.0454764,0.07268170267343521,0.43939393758773804,0.560606062412262
YGR167W,YNL037C,0,-7.046242,0.07249999791383743,0.43939393758773804,0.5621212124824524
YGR159C,YDR427W,0,-7.047161,0.07231920212507248,0.43939393758773804,0.5636363625526428
YDR023W,YKR090W,0,-7.0482755,0.07213930040597916,0.43939393758773804,0.5651515126228333
YDR343C,YGL225W,0,-7.0526714,0.07196030020713806,0.43939393758773804,0.5666666626930237
YNL055C,YLR385C,0,-7.054771,0.0717821791768074,0.43939393758773804,0.5681818127632141
YAL012W,YLL042C,0,-7.056384,0.07160493731498718,0.43939393758773804,0.5696969628334045
YML051W,YML081C-A,0,-7.0578766,0.0714285746216774,0.43939393758773804,0.571212112903595
YIL065C,YHR012W,0,-7.059494,0.07125306874513626,0.43939393758773804,0.5727272629737854
YDR448W,YHR163W,0,-7.069755,0.07107843458652496,0.43939393758773804,0.5742424130439758
YDL164C,YKL004W,0,-7.0751834,0.07090464234352112,0.43939393758773804,0.5757575631141663
YMR161W,YJL065C,0,-7.07862,0.07073170691728592,0.43939393758773804,0.5772727131843567
YKL016C,YAL009W,0,-7.0791388,0.07055961340665817,0.43939393758773804,0.5787878632545471
YER024W,YPL058C,0,-7.080021,0.07038834691047668,0.43939393758773804,0.5803030133247375
YDR023W,YPL249C,0,-7.081044,0.07021791487932205,0.43939393758773804,0.581818163394928
YAL032C,YDL028C,0,-7.0910473,0.07004830986261368,0.43939393758773804,0.5833333134651184
YGL071W,YDR205W,0,-7.0911465,0.06987951695919037,0.43939393758773804,0.5848484635353088
YGL051W,YLR208W,1,-7.0933833,0.07211538404226303,0.4545454680919647,0.5848484635353088
YNL072W,YDR052C,0,-7.0960755,0.07194244861602783,0.4545454680919647,0.5863636136054993
YJL094C,YKR086W,0,-7.0995717,0.0717703327536583,0.4545454680919647,0.5878787636756897
YML115C,YDR004W,0,-7.1024613,0.07159904390573502,0.4545454680919647,0.5893939137458801
YDL098C,YDR311W,0,-7.106247,0.0714285746216774,0.4545454680919647,0.5909090638160706
YPL085W,YGL200C,1,-7.108625,0.07363420724868774,0.469696968793869,0.5909090638160706
YDR407C,YAR015W,0,-7.1090097,0.07345971465110779,0.469696968793869,0.592424213886261
YPL001W,YMR243C,0,-7.1149416,0.07328604906797409,0.469696968793869,0.5939394235610962
YPL237W,YDR201W,0,-7.116985,0.07311321049928665,0.469696968793869,0.5954545736312866
YDR108W,YKR020W,1,-7.1179113,0.0752941146492958,0.4848484992980957,0.5954545736312866
YDR166C,YKR025W,0,-7.1200075,0.07511737197637558,0.4848484992980957,0.596969723701477
YMR088C,YMR058W,0,-7.126177,0.07494144886732101,0.4848484992980957,0.5984848737716675
YNL082W,YBR133C,0,-7.1297064,0.07476635277271271,0.4848484992980957,0.6000000238418579
YPL227C,YER100W,0,-7.129733,0.07459207624197006,0.4848484992980957,0.6015151739120483
YOR212W,YPR083W,0,-7.1298857,0.07441860437393188,0.4848484992980957,0.6030303239822388
YOL049W,YOR249C,0,-7.1305637,0.07424593716859818,0.4848484992980957,0.6045454740524292
YPL249C,YFL022C,0,-7.130868,0.07407407462596893,0.4848484992980957,0.6060606241226196
YHR107C,YDL035C,0,-7.1320057,0.07390300184488297,0.4848484992980957,0.6075757741928101
YHR083W,YJR040W,0,-7.1360655,0.07373271882534027,0.4848484992980957,0.6090909242630005
YGR284C,YJR102C,0,-7.136733,0.07356321811676025,0.4848484992980957,0.6106060743331909
YKL029C,YNL259C,0,-7.137966,0.07339449226856232,0.4848484992980957,0.6121212244033813
YBR036C,YDR219C,0,-7.138159,0.07322654128074646,0.4848484992980957,0.6136363744735718
YDR013W,YLR272C,0,-7.143101,0.07305935770273209,0.4848484992980957,0.6151515245437622
YOL067C,YPL255W,0,-7.144989,0.0728929415345192,0.4848484992980957,0.6166666746139526
YCL011C,YNR060W,0,-7.1483912,0.072727270424366,0.4848484992980957,0.6181818246841431
YKL220C,YPL084W,0,-7.1491117,0.07256235927343369,0.4848484992980957,0.6196969747543335
YOR216C,YPL267W,0,-7.152709,0.07239819318056107,0.4848484992980957,0.6212121248245239
YGR195W,YKR065C,0,-7.153243,0.07223476469516754,0.4848484992980957,0.6227272748947144
YER072W,YDR516C,0,-7.154388,0.07207207381725311,0.4848484992980957,0.6242424249649048
YDL113C,YGL130W,0,-7.15467,0.07191011309623718,0.4848484992980957,0.6257575750350952
YOR076C,YCR089W,0,-7.1645823,0.07174888253211975,0.4848484992980957,0.6272727251052856
YPL131W,YNR031C,0,-7.168069,0.07158836722373962,0.4848484992980957,0.6287878751754761
YGR220C,YMR207C,0,-7.1863337,0.0714285746216774,0.4848484992980957,0.6303030252456665
YCL025C,YGR163W,0,-7.199822,0.07126948982477188,0.4848484992980957,0.6318181753158569
YLR335W,YOL027C,0,-7.2022934,0.07111111283302307,0.4848484992980957,0.6333333253860474
YDL059C,YNL263C,0,-7.205453,0.07095343619585037,0.4848484992980957,0.6348484754562378
YJL133W,YPR025C,0,-7.207144,0.07079645991325378,0.4848484992980957,0.6363636255264282
YBL090W,YOR174W,0,-7.209043,0.07064017653465271,0.4848484992980957,0.6378787755966187
YJL071W,YIR019C,0,-7.209154,0.07048457860946655,0.4848484992980957,0.6393939256668091
YJL102W,YPL239W,0,-7.2120214,0.07032967358827591,0.4848484992980957,0.6409090757369995
YBL099W,YDR265W,0,-7.214923,0.07017543911933899,0.4848484992980957,0.6424242258071899
YJL179W,YKR025W,0,-7.2164145,0.07002188265323639,0.4848484992980957,0.6439393758773804
YDR507C,YNR049C,0,-7.2239027,0.06986899673938751,0.4848484992980957,0.6454545259475708
YMR117C,YPL130W,0,-7.229166,0.06971677392721176,0.4848484992980957,0.6469696760177612
YPL046C,YLR448W,0,-7.2313046,0.06956521421670914,0.4848484992980957,0.6484848260879517
YEL012W,YKR046C,0,-7.234637,0.06941431760787964,0.4848484992980957,0.6499999761581421
YNL128W,YLR109W,0,-7.23976,0.06926406919956207,0.4848484992980957,0.6515151262283325
YLR238W,YPR031W,0,-7.24716,0.06911446899175644,0.4848484992980957,0.653030276298523
YNL246W,YER015W,0,-7.2480683,0.06896551698446274,0.4848484992980957,0.6545454263687134
YER173W,YBR228W,0,-7.248787,0.06881720572710037,0.4848484992980957,0.6560605764389038
YER114C,YOR047C,0,-7.252879,0.06866952776908875,0.4848484992980957,0.657575786113739
YPL085W,YKR020W,1,-7.2534103,0.07066380977630615,0.5,0.657575786113739
YKR099W,YBR288C,0,-7.2575345,0.07051282376050949,0.5,0.6590909361839294
YGR192C,YPR095C,0,-7.2602267,0.07036247104406357,0.5,0.6606060862541199
YLR384C,YGL167C,0,-7.263973,0.07021276652812958,0.5,0.6621212363243103
YNR047W,YMR213W,0,-7.266309,0.07006369531154633,0.5,0.6636363863945007
YFL034C-B,YDR059C,0,-7.272236,0.06991525739431381,0.5,0.6651515364646912
YDR079W,YLR055C,0,-7.276264,0.06976744532585144,0.5,0.6666666865348816
YLR288C,YAL041W,0,-7.277821,0.06962025165557861,0.5,0.668181836605072
YGL212W,YLR035C,0,-7.289571,0.06947368383407593,0.5,0.6696969866752625
YMR272C,YGR024C,0,-7.290018,0.06932773441076279,0.5,0.6712121367454529
YMR033W,YJR006W,0,-7.2912645,0.069182388484478,0.5,0.6727272868156433
YGR007W,YLR347C,0,-7.293254,0.06903765350580215,0.5,0.6742424368858337
YKL004W,YAL051W,0,-7.2984495,0.06889352947473526,0.5,0.6757575869560242
YDR448W,YEL016C,0,-7.303894,0.06875000149011612,0.5,0.6772727370262146
YHR030C,YDR162C,0,-7.305824,0.06860706955194473,0.5,0.678787887096405
YGL047W,YLR165C,0,-7.307024,0.0684647336602211,0.5,0.6803030371665955
YNL286W,YGR193C,0,-7.307078,0.06832297891378403,0.5,0.6818181872367859
YOR106W,YDR268W,0,-7.3092995,0.06818182021379471,0.5,0.6833333373069763
YFR021W,YDR151C,0,-7.310293,0.06804123520851135,0.5,0.6848484873771667
YPL232W,YNR015W,0,-7.311064,0.06790123134851456,0.5,0.6863636374473572
YDL102W,YDR165W,0,-7.3188286,0.06776180863380432,0.5,0.6878787875175476
YMR276W,YDL181W,0,-7.3196297,0.06762295216321945,0.5,0.689393937587738
YGR274C,YLR090W,0,-7.3222704,0.06748466193675995,0.5,0.6909090876579285
YFL002C,YOR039W,0,-7.3257074,0.06734693795442581,0.5,0.6924242377281189
YFL004W,YMR260C,0,-7.3262906,0.06720977276563644,0.5,0.6939393877983093
YDR460W,YPL037C,0,-7.332629,0.06707317382097244,0.5,0.6954545378684998
YGL223C,YLR150W,0,-7.3600397,0.06693711876869202,0.5,0.6969696879386902
YCL067C,YDR414C,0,-7.3666344,0.06680162250995636,0.5,0.6984848380088806
YJL178C,YKR020W,1,-7.3671074,0.06868686527013779,0.5151515007019043,0.6984848380088806
YDR361C,YNL139C,0,-7.37373,0.06854838877916336,0.5151515007019043,0.699999988079071
YIL034C,YJR019C,0,-7.374945,0.0684104636311531,0.5151515007019043,0.7015151381492615
YNL031C,YJR097W,0,-7.3847375,0.06827308982610703,0.5151515007019043,0.7030302882194519
YPR056W,YKL117W,0,-7.386119,0.06813627481460571,0.5151515007019043,0.7045454382896423
YJL178C,YER122C,1,-7.38614,0.07000000029802322,0.5303030014038086,0.7045454382896423
YLR238W,YGL187C,0,-7.390856,0.06986027956008911,0.5303030014038086,0.7060605883598328
YPL063W,YER183C,0,-7.396577,0.06972111761569977,0.5303030014038086,0.7075757384300232
YLR208W,YDR108W,1,-7.4032793,0.07157057523727417,0.5454545617103577,0.7075757384300232
YOR259C,YLR383W,0,-7.4058166,0.0714285746216774,0.5454545617103577,0.7090908885002136
YOR034C,YLR107W,0,-7.4062777,0.0712871253490448,0.5454545617103577,0.710606038570404
YOL072W,YOR198C,0,-7.4068213,0.07114624232053757,0.5454545617103577,0.7121211886405945
YLR262C,YPR128C,0,-7.4096007,0.0710059180855751,0.5454545617103577,0.7136363387107849
YNR016C,YKL089W,0,-7.4099627,0.07086614519357681,0.5454545617103577,0.7151514887809753
YGL200C,YER122C,1,-7.4134665,0.07269155234098434,0.560606062412262,0.7151514887809753
YGR216C,YKL193C,0,-7.413682,0.07254902273416519,0.560606062412262,0.7166666388511658
YDL013W,YDR219C,0,-7.4158573,0.07240704447031021,0.560606062412262,0.7181817889213562
YML025C,YLR424W,0,-7.4165916,0.072265625,0.560606062412262,0.7196969985961914
YOR307C,YBR042C,0,-7.419301,0.07212475687265396,0.560606062412262,0.7212121486663818
YHR133C,YPR108W,0,-7.4195914,0.0719844326376915,0.560606062412262,0.7227272987365723
YMR137C,YMR211W,0,-7.42243,0.0718446597456932,0.560606062412262,0.7242424488067627
YNL241C,YLR096W,0,-7.4226627,0.0717054232954979,0.560606062412262,0.7257575988769531
YJR009C,YML048W,0,-7.4281015,0.07156673073768616,0.560606062412262,0.7272727489471436
YDR045C,YNR017W,0,-7.428702,0.0714285746216774,0.560606062412262,0.728787899017334
YKL166C,YOL111C,0,-7.4384437,0.07129094749689102,0.560606062412262,0.7303030490875244
YGR082W,YER051W,0,-7.439899,0.07115384936332703,0.560606062412262,0.7318181991577148
YLR190W,YEL009C,0,-7.4516754,0.07101727277040482,0.560606062412262,0.7333333492279053
YIL076W,YDR108W,1,-7.4552536,0.07279693335294724,0.5757575631141663,0.7333333492279053
YCR063W,YNL079C,0,-7.4576426,0.0726577416062355,0.5757575631141663,0.7348484992980957
YDR093W,YPL178W,0,-7.45876,0.07251908630132675,0.5757575631141663,0.7363636493682861
YMR012W,YCR008W,0,-7.4609165,0.07238095253705978,0.5757575631141663,0.7378787994384766
YFL034C-B,YJR063W,0,-7.483251,0.0722433477640152,0.5757575631141663,0.739393949508667
YJL108C,YML067C,0,-7.4844017,0.0721062645316124,0.5757575631141663,0.7409090995788574
YGL051W,YIL076W,1,-7.4869347,0.07386363297700882,0.5909090638160706,0.7409090995788574
YLR206W,YOR182C,0,-7.4920735,0.07372400909662247,0.5909090638160706,0.7424242496490479
YIR012W,YAL029C,0,-7.5156884,0.0735849067568779,0.5909090638160706,0.7439393997192383
YDL126C,YMR213W,0,-7.518236,0.07344632595777512,0.5909090638160706,0.7454545497894287
YOL145C,YLR170C,0,-7.5211864,0.07330827414989471,0.5909090638160706,0.7469696998596191
YOL009C,YNL159C,0,-7.527303,0.0731707289814949,0.5909090638160706,0.7484848499298096
YCL004W,YDL188C,0,-7.5274706,0.07303370535373688,0.5909090638160706,0.75
YPL268W,YGR024C,0,-7.528206,0.07289719581604004,0.5909090638160706,0.7515151500701904
YDR108W,YGL200C,1,-7.530844,0.0746268630027771,0.6060606241226196,0.7515151500701904
YOR304W,YKL212W,0,-7.5313435,0.07448789477348328,0.6060606241226196,0.7530303001403809
YBR123C,YOR346W,0,-7.5366974,0.07434944063425064,0.6060606241226196,0.7545454502105713
YIR018W,YLR105C,0,-7.5399456,0.0742115005850792,0.6060606241226196,0.7560606002807617
YKL175W,YMR135C,0,-7.5399814,0.07407407462596893,0.6060606241226196,0.7575757503509521
YPL085W,YJL178C,1,-7.5403175,0.07578558474779129,0.6212121248245239,0.7575757503509521
YJL178C,YGL180W,1,-7.5414305,0.07749077677726746,0.6363636255264282,0.7575757503509521
YOR188W,YOL060C,0,-7.5466228,0.07734806835651398,0.6363636255264282,0.7590909004211426
YDR299W,YLR337C,0,-7.5558233,0.07720588147640228,0.6363636255264282,0.760606050491333
YPL120W,YJL183W,0,-7.5589004,0.07706422358751297,0.6363636255264282,0.7621212005615234
YML092C,YCL054W,0,-7.5686083,0.07692307978868484,0.6363636255264282,0.7636363506317139
YGR007W,YBL063W,0,-7.572696,0.07678245007991791,0.6363636255264282,0.7651515007019043
YER026C,YJR132W,0,-7.5757113,0.07664233446121216,0.6363636255264282,0.7666666507720947
YPR082C,YPL001W,0,-7.5778494,0.0765027329325676,0.6363636255264282,0.7681818008422852
YLR115W,YPR008W,0,-7.5779862,0.07636363804340363,0.6363636255264282,0.7696969509124756
YBL011W,YHR085W,0,-7.5795016,0.07622504234313965,0.6363636255264282,0.771212100982666
YBR215W,YPL248C,0,-7.581021,0.07608695328235626,0.6363636255264282,0.7727272510528564
YOR304W,YDR289C,0,-7.5836267,0.07594936341047287,0.6363636255264282,0.7742424011230469
YIL132C,YNL256W,0,-7.5840936,0.07581227272748947,0.6363636255264282,0.7757575511932373
YDR265W,YGL219C,0,-7.584528,0.07567567378282547,0.6363636255264282,0.7772727012634277
YMR255W,YCR091W,0,-7.5917125,0.07553956657648087,0.6363636255264282,0.7787878513336182
YDR470C,YNL119W,0,-7.59412,0.07540395110845566,0.6363636255264282,0.7803030014038086
YER008C,YIR010W,0,-7.5955815,0.07526881992816925,0.6363636255264282,0.7818182110786438
YCL059C,YOR359W,0,-7.6094255,0.07513416558504105,0.6363636255264282,0.7833333611488342
YOR188W,YMR213W,0,-7.6163406,0.07500000298023224,0.6363636255264282,0.7848485112190247
YDR156W,YDL020C,0,-7.6166687,0.07486630976200104,0.6363636255264282,0.7863636612892151
YPL210C,YNR039C,0,-7.6246862,0.07473309338092804,0.6363636255264282,0.7878788113594055
YJL106W,YIR012W,0,-7.6252413,0.07460035383701324,0.6363636255264282,0.789393961429596
YIL076W,YER122C,1,-7.6340666,0.076241135597229,0.6515151262283325,0.789393961429596
YGL173C,YBR253W,0,-7.6389937,0.07610619813203812,0.6515151262283325,0.7909091114997864
YMR224C,YNL139C,0,-7.6405344,0.07597173005342484,0.6515151262283325,0.7924242615699768
YPR037C,YBR065C,0,-7.646508,0.07583773881196976,0.6515151262283325,0.7939394116401672
YOR076C,YMR037C,0,-7.651873,0.07570422440767288,0.6515151262283325,0.7954545617103577
YPR032W,YMR276W,0,-7.6561437,0.07557117938995361,0.6515151262283325,0.7969697117805481
YGR213C,YGL048C,0,-7.657301,0.07543859630823135,0.6515151262283325,0.7984848618507385
YOR231W,YDR353W,0,-7.6663413,0.0753064826130867,0.6515151262283325,0.800000011920929
YGR007W,YDL102W,0,-7.6706295,0.07517482340335846,0.6515151262283325,0.8015151619911194
YPL221W,YGL090W,0,-7.6755104,0.07504363358020782,0.6515151262283325,0.8030303120613098
YDR260C,YGL155W,0,-7.6783614,0.074912890791893,0.6515151262283325,0.8045454621315002
YIR041W,YBR089C-A,0,-7.6791396,0.0747826099395752,0.6515151262283325,0.8060606122016907
YJL054W,YOR160W,0,-7.680046,0.0746527761220932,0.6515151262283325,0.8075757622718811
YHR193C,YNL062C,0,-7.6814632,0.07452339679002762,0.6515151262283325,0.8090909123420715
YGR185C,YNL242W,0,-7.682741,0.07439446449279785,0.6515151262283325,0.810606062412262
YKR054C,YJL029C,0,-7.6848445,0.0742659792304039,0.6515151262283325,0.8121212124824524
YLR425W,YJR021C,0,-7.6929526,0.07413793355226517,0.6515151262283325,0.8136363625526428
YDR054C,YLR186W,0,-7.6932745,0.07401032745838165,0.6515151262283325,0.8151515126228333
YHR119W,YPR088C,0,-7.6969576,0.07388316094875336,0.6515151262283325,0.8166666626930237
YBR273C,YNL229C,0,-7.6972313,0.07375643402338028,0.6515151262283325,0.8181818127632141
YER026C,YGL070C,0,-7.697949,0.07363013923168182,0.6515151262283325,0.8196969628334045
YBL011W,YKL149C,0,-7.70401,0.07350427657365799,0.6515151262283325,0.821212112903595
YDR140W,YBR205W,0,-7.7041397,0.07337883859872818,0.6515151262283325,0.8227272629737854
YGR091W,YAL056W,0,-7.709387,0.07325383275747299,0.6515151262283325,0.8242424130439758
YLR208W,YIL076W,1,-7.713068,0.07482992857694626,0.6666666865348816,0.8242424130439758
YCL010C,YDR529C,0,-7.719275,0.07470288872718811,0.6666666865348816,0.8257575631141663
YKR020W,YGL200C,1,-7.7312765,0.0762711837887764,0.6818181872367859,0.8257575631141663
YOR160W,YCR053W,0,-7.735254,0.07614213228225708,0.6818181872367859,0.8272727131843567
YJR086W,YDR206W,0,-7.7368526,0.07601351290941238,0.6818181872367859,0.8287878632545471
YJL178C,YDR108W,1,-7.7441406,0.07757166773080826,0.6969696879386902,0.8287878632545471
YML014W,YOR151C,0,-7.745322,0.07744107395410538,0.6969696879386902,0.8303030133247375
YGL191W,YBR107C,0,-7.758406,0.07731092721223831,0.6969696879386902,0.831818163394928
YBR294W,YER032W,0,-7.7605085,0.07718120515346527,0.6969696879386902,0.8333333134651184
YMR312W,YBR273C,0,-7.7695885,0.07705192267894745,0.6969696879386902,0.8348484635353088
YGR143W,YKL035W,0,-7.7698874,0.07692307978868484,0.6969696879386902,0.8363636136054993
YPL085W,YIL076W,1,-7.7725573,0.07846410572528839,0.7121211886405945,0.8363636136054993
YPL085W,YER122C,1,-7.7751336,0.07999999821186066,0.7272727489471436,0.8363636136054993
YGR074W,YDR153C,0,-7.786321,0.07986688613891602,0.7272727489471436,0.8378787636756897
YPL159C,YDR375C,0,-7.792898,0.07973422110080719,0.7272727489471436,0.8393939137458801
YML051W,YMR283C,0,-7.800353,0.07960198819637299,0.7272727489471436,0.8409090638160706
YBL056W,YGL122C,0,-7.800499,0.0794702023267746,0.7272727489471436,0.842424213886261
YMR243C,YBR041W,0,-7.801109,0.07933884114027023,0.7272727489471436,0.8439394235610962
YDL058W,YMR263W,0,-7.8134375,0.07920791953802109,0.7272727489471436,0.8454545736312866
YDL201W,YFL034C-B,0,-7.8135815,0.07907743006944656,0.7272727489471436,0.846969723701477
YGL100W,YDR511W,0,-7.8137193,0.07894736528396606,0.7272727489471436,0.8484848737716675
YBL007C,YJR127C,0,-7.8164034,0.07881773263216019,0.7272727489471436,0.8500000238418579
YAR015W,YLR350W,0,-7.820221,0.07868852466344833,0.7272727489471436,0.8515151739120483
YNL246W,YKL046C,0,-7.848893,0.0785597413778305,0.7272727489471436,0.8530303239822388
YBR221C,YDR364C,0,-7.8852634,0.0784313753247261,0.7272727489471436,0.8545454740524292
YDR224C,YLR067C,0,-7.8890452,0.07830342650413513,0.7272727489471436,0.8560606241226196
YLR208W,YJL004C,1,-7.904338,0.07980456203222275,0.7424242496490479,0.8560606241226196
YDL207W,YOR231W,0,-7.918408,0.07967479526996613,0.7424242496490479,0.8575757741928101
YGR238C,YLR153C,0,-7.918779,0.07954545319080353,0.7424242496490479,0.8590909242630005
YDR231C,YFL023W,0,-7.9215293,0.07941652834415436,0.7424242496490479,0.8606060743331909
YKL019W,YJR143C,0,-7.922394,0.07928802818059921,0.7424242496490479,0.8621212244033813
YMR234W,YKR026C,0,-7.9298706,0.0791599377989769,0.7424242496490479,0.8636363744735718
YLR264W,YKL004W,0,-7.9310946,0.07903225719928741,0.7424242496490479,0.8651515245437622
YOL130W,YBR026C,0,-7.9334736,0.07890499383211136,0.7424242496490479,0.8666666746139526
YDR330W,YOR137C,0,-7.936988,0.07877813279628754,0.7424242496490479,0.8681818246841431
YDR246W,YBL033C,0,-7.945602,0.07865168899297714,0.7424242496490479,0.8696969747543335
YNL048W,YNL062C,0,-7.953222,0.07852564007043839,0.7424242496490479,0.8712121248245239
YJR017C,YNL298W,0,-7.9565015,0.07840000092983246,0.7424242496490479,0.8727272748947144
YLR378C,YDL085W,0,-7.9615674,0.07827475666999817,0.7424242496490479,0.8742424249649048
YDL200C,YML004C,0,-7.973069,0.07814992219209671,0.7424242496490479,0.8757575750350952
YLR208W,YKR020W,1,-7.97521,0.07961783558130264,0.7575757503509521,0.8757575750350952
YBR201W,YBL055C,0,-7.9893045,0.0794912576675415,0.7575757503509521,0.8772727251052856
YDR212W,YGR085C,0,-7.993812,0.0793650820851326,0.7575757503509521,0.8787878751754761
YIL076W,YGL200C,1,-7.9965305,0.08082409203052521,0.7727272510528564,0.8787878751754761
YHR068W,YHR074W,0,-8.003116,0.08069620281457901,0.7727272510528564,0.8803030252456665
YMR161W,YDR397C,0,-8.00557,0.08056872338056564,0.7727272510528564,0.8818181753158569
YDR079W,YPR155C,0,-8.011583,0.08044163882732391,0.7727272510528564,0.8833333253860474
YER112W,YER104W,0,-8.02281,0.08031496405601501,0.7727272510528564,0.8848484754562378
YHL003C,YGR285C,0,-8.030867,0.08018867671489716,0.7727272510528564,0.8863636255264282
YBR042C,YLR067C,0,-8.048382,0.08006279170513153,0.7727272510528564,0.8878787755966187
YOL064C,YLR085C,0,-8.065806,0.07993730157613754,0.7727272510528564,0.8893939256668091
YJL134W,YJL128C,0,-8.084069,0.07981220632791519,0.7727272510528564,0.8909090757369995
YMR033W,YMR255W,0,-8.08686,0.07968749850988388,0.7727272510528564,0.8924242258071899
YDL052C,YLR096W,0,-8.098928,0.0795631855726242,0.7727272510528564,0.8939393758773804
YGL200C,YGL180W,1,-8.118507,0.08099688589572906,0.7878788113594055,0.8939393758773804
YMR113W,YPL221W,0,-8.1199,0.08087091892957687,0.7878788113594055,0.8954545259475708
YPL085W,YDR108W,1,-8.133403,0.08229813724756241,0.8030303120613098,0.8954545259475708
YKL170W,YDL225W,0,-8.141788,0.08217054605484009,0.8030303120613098,0.8969696760177612
YPL031C,YHR058C,0,-8.150119,0.08204334229230881,0.8030303120613098,0.8984848260879517
YLR314C,YGR209C,0,-8.152594,0.08191654086112976,0.8030303120613098,0.8999999761581421
YGL068W,YDR036C,0,-8.160478,0.08179012686014175,0.8030303120613098,0.9015151262283325
YPL085W,YGL051W,1,-8.167408,0.08320493251085281,0.8181818127632141,0.9015151262283325
YOR260W,YGL246C,0,-8.173282,0.08307692408561707,0.8181818127632141,0.903030276298523
YEL042W,YDL149W,0,-8.173661,0.08294931054115295,0.8181818127632141,0.9045454263687134
YPL262W,YML048W,0,-8.175698,0.08282208442687988,0.8181818127632141,0.9060605764389038
YJL004C,YKR020W,1,-8.18991,0.08422664552927017,0.8333333134651184,0.9060605764389038
YPL259C,YMR213W,0,-8.192189,0.08409786224365234,0.8333333134651184,0.907575786113739
YDR310C,YLL001W,0,-8.192466,0.08396946638822556,0.8333333134651184,0.9090909361839294
YAR002W,YMR043W,0,-8.19848,0.0838414654135704,0.8333333134651184,0.9106060862541199
YBR236C,YMR172W,0,-8.199554,0.08371385186910629,0.8333333134651184,0.9121212363243103
YBL105C,YAR002W,0,-8.207443,0.08358662575483322,0.8333333134651184,0.9136363863945007
YNL161W,YDR484W,0,-8.210346,0.08345978707075119,0.8333333134651184,0.9151515364646912
YMR183C,YNL073W,0,-8.236842,0.0833333358168602,0.8333333134651184,0.9166666865348816
YJL125C,YOR031W,0,-8.237281,0.08320726454257965,0.8333333134651184,0.918181836605072
YCL059C,YDL135C,0,-8.239276,0.08308157324790955,0.8333333134651184,0.9196969866752625
YNL009W,YER015W,0,-8.2586,0.08295626193284988,0.8333333134651184,0.9212121367454529
YJL004C,YGL200C,1,-8.263968,0.08433734625577927,0.8484848737716675,0.9212121367454529
YMR240C,YKL148C,0,-8.270097,0.08421052992343903,0.8484848737716675,0.9227272868156433
YJL178C,YIL076W,1,-8.273491,0.0855855867266655,0.8636363744735718,0.9227272868156433
YER116C,YJL001W,0,-8.2859125,0.08545727282762527,0.8636363744735718,0.9242424368858337
YOR363C,YDL185W,0,-8.2905655,0.0853293389081955,0.8636363744735718,0.9257575869560242
YDR532C,YDL058W,0,-8.292731,0.08520179241895676,0.8636363744735718,0.9272727370262146
YER164W,YBR288C,0,-8.297464,0.08507462590932846,0.8636363744735718,0.928787887096405
YDR002W,YGR144W,0,-8.308473,0.08494783937931061,0.8636363744735718,0.9303030371665955
YJL014W,YDR511W,0,-8.313694,0.0848214253783226,0.8636363744735718,0.9318181872367859
YGL071W,YKL049C,0,-8.315191,0.08469539135694504,0.8636363744735718,0.9333333373069763
YOL016C,YJR105W,0,-8.324963,0.08456972986459732,0.8636363744735718,0.9348484873771667
YDR460W,YML115C,0,-8.3326435,0.08444444090127945,0.8636363744735718,0.9363636374473572
YOR260W,YLR229C,0,-8.340258,0.08431952446699142,0.8636363744735718,0.9378787875175476
YBR008C,YGR276C,0,-8.3491535,0.08419498056173325,0.8636363744735718,0.939393937587738
YEL037C,YOR172W,0,-8.355434,0.08407079428434372,0.8636363744735718,0.9409090876579285
YNR017W,YJL081C,0,-8.355566,0.08394698053598404,0.8636363744735718,0.9424242377281189
YBR109C,YBL099W,0,-8.378204,0.08382353186607361,0.8636363744735718,0.9439393877983093
YKR007W,YAL022C,0,-8.401319,0.08370044082403183,0.8636363744735718,0.9454545378684998
YLL043W,YPL084W,0,-8.436144,0.0835777148604393,0.8636363744735718,0.9469696879386902
YJR110W,YNL038W,0,-8.440963,0.08345534652471542,0.8636363744735718,0.9484848380088806
YOR043W,YCL029C,0,-8.467398,0.0833333358168602,0.8636363744735718,0.949999988079071
YHR083W,YGL048C,0,-8.478021,0.08321167528629303,0.8636363744735718,0.9515151381492615
YBL008W,YML058W,0,-8.483215,0.08309037983417511,0.8636363744735718,0.9530302882194519
YGR262C,YPL228W,0,-8.488579,0.08296943455934525,0.8636363744735718,0.9545454382896423
YLR105C,YLR394W,0,-8.49128,0.08284883946180344,0.8636363744735718,0.9560605883598328
YDL065C,YKL149C,0,-8.5133705,0.08272859454154968,0.8636363744735718,0.9575757384300232
YGR143W,YPR120C,0,-8.523214,0.08260869234800339,0.8636363744735718,0.9590908885002136
YPL085W,YLR208W,1,-8.526744,0.08393632620573044,0.8787878751754761,0.9590908885002136
YDL147W,YDR268W,0,-8.587953,0.08381503075361252,0.8787878751754761,0.960606038570404
YLR229C,YGR281W,0,-8.592644,0.08369408547878265,0.8787878751754761,0.9621211886405945
YDL019C,YPR008W,0,-8.595072,0.08357349038124084,0.8787878751754761,0.9636363387107849
YGL223C,YBR055C,0,-8.632536,0.0834532380104065,0.8787878751754761,0.9651514887809753
YGL099W,YOL060C,0,-8.63966,0.0833333358168602,0.8787878751754761,0.9666666388511658
YGR186W,YLR372W,0,-8.651891,0.08321377635002136,0.8787878751754761,0.9681817889213562
YPL100W,YDR037W,0,-8.653379,0.08309455215930939,0.8787878751754761,0.9696969985961914
YOR269W,YMR044W,0,-8.654088,0.08297567814588547,0.8787878751754761,0.9712121486663818
YMR272C,YER159C,0,-8.680827,0.08285713940858841,0.8787878751754761,0.9727272987365723
YCR072C,YHR008C,0,-8.693927,0.08273894339799881,0.8787878751754761,0.9742424488067627
YOR209C,YPR042C,0,-8.744079,0.08262108266353607,0.8787878751754761,0.9757575988769531
YJL178C,YGL200C,1,-8.797607,0.08392602950334549,0.8939393758773804,0.9757575988769531
YPR029C,YOL128C,0,-8.827778,0.08380682021379471,0.8939393758773804,0.9772727489471436
YOR213C,YPL119C,0,-8.832407,0.08368794620037079,0.8939393758773804,0.978787899017334
YJL190C,YNR006W,0,-8.835411,0.08356940746307373,0.8939393758773804,0.9803030490875244
YDR060W,YLR384C,0,-8.870995,0.08345120400190353,0.8939393758773804,0.9818181991577148
YNR015W,YPR067W,0,-8.901993,0.0833333358168602,0.8939393758773804,0.9833333492279053
YDR060W,YDR091C,0,-8.911619,0.08321579545736313,0.8939393758773804,0.9848484992980957
YDR145W,YEL013W,0,-8.921083,0.08309859037399292,0.8939393758773804,0.9863636493682861
YPL085W,YJL004C,1,-8.9251175,0.08438818901777267,0.9090909361839294,0.9863636493682861
YHR143W-A,YGR083C,0,-8.939053,0.08426966518163681,0.9090909361839294,0.9878787994384766
YIL030C,YDL225W,0,-8.967859,0.08415146917104721,0.9090909361839294,0.989393949508667
YLR208W,YGL180W,1,-8.969958,0.08543417602777481,0.9242424368858337,0.989393949508667
YJL178C,YLR208W,1,-8.996835,0.0867132842540741,0.939393937587738,0.989393949508667
YER155C,YAL030W,0,-9.001202,0.0865921750664711,0.939393937587738,0.9909090995788574
YIL076W,YJL004C,1,-9.005964,0.08786610513925552,0.9545454382896423,0.9909090995788574
YLR208W,YER122C,1,-9.015302,0.08913648873567581,0.9696969985961914,0.9909090995788574
YLR208W,YGL200C,1,-9.043158,0.09040334075689316,0.9848484992980957,0.9909090995788574
YMR188C,YIL044C,0,-9.066564,0.0902777761220932,0.9848484992980957,0.9924242496490479
YOL135C,YMR065W,0,-9.125198,0.0901525691151619,0.9848484992980957,0.9939393997192383
YJL178C,YJL004C,1,-9.409805,0.0914127454161644,1.0,0.9939393997192383
YOR076C,YJR017C,0,-9.444811,0.0912863090634346,1.0,0.9954545497894287
YOL080C,YLR080W,0,-9.802319,0.09116022288799286,1.0,0.9969696998596191
YGR112W,YCL054W,0,-10.020714,0.09103447943925858,1.0,0.9984848499298096
YAL016W,YKR042W,0,-10.544243,0.09090909361839294,1.0,1.0
