Gene A,Gene B,Label,Score,Precision,Recall,False Positive Rate
YKR079C,YBL004W,0,-3.9186158,0.0,0.0,9.999999747378752e-05
YHR188C,YMR165C,0,-4.004283,0.0,0.0,0.00019999999494757503
YPL006W,YDR436W,0,-4.0481753,0.0,0.0,0.0003000000142492354
YDR011W,YNL160W,0,-4.0504565,0.0,0.0,0.00039999998989515007
YGR249W,YMR165C,0,-4.069784,0.0,0.0,0.0005000000237487257
YNR038W,YGL246C,0,-4.0986433,0.0,0.0,0.0006000000284984708
YJR031C,YAR008W,0,-4.103511,0.0,0.0,0.000699999975040555
YOR361C,YJL109C,0,-4.1165314,0.0,0.0,0.0007999999797903001
YJL209W,YGR128C,0,-4.1298614,0.0,0.0,0.0008999999845400453
YFL055W,YOR120W,0,-4.1402054,0.0,0.0,0.0010000000474974513
YBR020W,YJL102W,0,-4.1481886,0.0,0.0,0.0010999999940395355
YER054C,YER111C,0,-4.154134,0.0,0.0,0.0012000000569969416
YLR196W,YBR154C,0,-4.1589746,0.0,0.0,0.0013000000035390258
YBL009W,YPL269W,0,-4.1712294,0.0,0.0,0.00139999995008111
YNR038W,YDR429C,0,-4.173372,0.0,0.0,0.001500000013038516
YHR089C,YMR309C,0,-4.176446,0.0,0.0,0.0015999999595806003
YFR019W,YBR114W,0,-4.178531,0.0,0.0,0.0017000000225380063
YAR010C,YBR012W-B,1,-4.178537,0.0555555559694767,0.0010000000474974513,0.0017000000225380063
YBR012W-B,YER160C,1,-4.180126,0.10526315867900848,0.0020000000949949026,0.0017000000225380063
YLR449W,YGR123C,0,-4.1817656,0.10000000149011612,0.0020000000949949026,0.0017999999690800905
YBL100W-A,YDR170W-A,1,-4.184711,0.1428571492433548,0.003000000026077032,0.0017999999690800905
YCL019W,YFL002W-A,1,-4.1854115,0.1818181872367859,0.004000000189989805,0.0017999999690800905
YCL019W,YDR170W-A,1,-4.186107,0.21739129722118378,0.004999999888241291,0.0017999999690800905
YBR012W-B,YDR170W-A,1,-4.187643,0.25,0.006000000052154064,0.0017999999690800905
YOL139C,YOL124C,0,-4.188785,0.23999999463558197,0.006000000052154064,0.0019000000320374966
YDR170W-A,YER160C,1,-4.191559,0.26923078298568726,0.007000000216066837,0.0019000000320374966
YER087C-A,YIL135C,0,-4.1930065,0.25925925374031067,0.007000000216066837,0.0020000000949949026
YOR328W,YHR006W,0,-4.1935925,0.25,0.007000000216066837,0.002099999925121665
YBR012W-B,YJR026W,1,-4.193648,0.27586206793785095,0.00800000037997961,0.002099999925121665
YAR010C,YFL002W-A,1,-4.195532,0.30000001192092896,0.008999999612569809,0.002099999925121665
YJR027W,YLR035C-A,1,-4.1989794,0.32258063554763794,0.009999999776482582,0.002099999925121665
YBR012W-B,YFL002W-A,1,-4.2005653,0.34375,0.010999999940395355,0.002099999925121665
YOR301W,YER120W,0,-4.2021637,0.3333333432674408,0.010999999940395355,0.002199999988079071
YLR340W,YGL169W,0,-4.206972,0.3235294222831726,0.010999999940395355,0.002300000051036477
YBL100W-B,YDR170W-A,1,-4.2101994,0.34285715222358704,0.012000000104308128,0.002300000051036477
YAR009C,YDR170W-A,1,-4.2102647,0.3611111044883728,0.013000000268220901,0.002300000051036477
YLR035C-A,YML040W,1,-4.2125106,0.37837839126586914,0.014000000432133675,0.002300000051036477
YBR012W-B,YML045W,1,-4.2147465,0.3947368562221527,0.014999999664723873,0.002300000051036477
YDR256C,YER103W,0,-4.2196274,0.38461539149284363,0.014999999664723873,0.002400000113993883
YPR190C,YOL121C,0,-4.2203317,0.375,0.014999999664723873,0.0024999999441206455
YFR014C,YAL068C,0,-4.2265077,0.3658536672592163,0.014999999664723873,0.0026000000070780516
YOL044W,YJL048C,0,-4.232395,0.3571428656578064,0.014999999664723873,0.0027000000700354576
YCL020W,YFL002W-A,1,-4.236459,0.3720930218696594,0.01600000075995922,0.0027000000700354576
YBL005W-B,YER160C,1,-4.2430744,0.3863636255264282,0.017000000923871994,0.0027000000700354576
YBL005W-B,YLR035C-A,1,-4.2447853,0.4000000059604645,0.017999999225139618,0.0027000000700354576
YGR200C,YBR154C,0,-4.245346,0.3913043439388275,0.017999999225139618,0.00279999990016222
YBR280C,YMR273C,0,-4.24541,0.38297873735427856,0.017999999225139618,0.002899999963119626
YDR170W-A,YLR035C-A,1,-4.2456484,0.3958333432674408,0.01899999938905239,0.002899999963119626
YLR276C,YOL124C,0,-4.2480283,0.3877550959587097,0.01899999938905239,0.003000000026077032
YJR092W,YBR159W,0,-4.2498,0.3799999952316284,0.01899999938905239,0.003100000089034438
YBL005W-B,YFL002W-A,1,-4.251586,0.3921568691730499,0.019999999552965164,0.003100000089034438
YAR009C,YIL082W-A,1,-4.251706,0.4038461446762085,0.020999999716877937,0.003100000089034438
YBR012W-B,YIL082W-A,1,-4.2528944,0.4150943458080292,0.02199999988079071,0.003100000089034438
YCL020W,YDR170W-A,1,-4.254513,0.42592594027519226,0.023000000044703484,0.003100000089034438
YAR010C,YLR035C-A,1,-4.2558155,0.4363636374473572,0.024000000208616257,0.003100000089034438
YKR026C,YJL025W,0,-4.261012,0.4285714328289032,0.024000000208616257,0.0031999999191612005
YDL036C,YKL081W,0,-4.261524,0.42105263471603394,0.024000000208616257,0.0032999999821186066
YJL102W,YJL176C,0,-4.2620144,0.4137931168079376,0.024000000208616257,0.0034000000450760126
YHR190W,YLR132C,0,-4.2620697,0.4067796468734741,0.024000000208616257,0.0035000001080334187
YPR143W,YLR222C,0,-4.262377,0.4000000059604645,0.024000000208616257,0.003599999938160181
YNL188W,YLR262C,0,-4.262422,0.39344263076782227,0.024000000208616257,0.003700000001117587
YOR076C,YBR081C,0,-4.2626266,0.3870967626571655,0.024000000208616257,0.003800000064074993
YDR170W-A,YJR028W,1,-4.265188,0.3968254029750824,0.02500000037252903,0.003800000064074993
YBL006C,YNL046W,0,-4.265296,0.390625,0.02500000037252903,0.0038999998942017555
YDL065C,YDR306C,0,-4.266037,0.38461539149284363,0.02500000037252903,0.004000000189989805
YKR061W,YGR122W,0,-4.2673826,0.3787878751754761,0.02500000037252903,0.004100000020116568
YFL002W-A,YML040W,1,-4.26815,0.38805970549583435,0.026000000536441803,0.004100000020116568
YDR170W-A,YJR027W,1,-4.2683663,0.3970588147640228,0.027000000700354576,0.004100000020116568
YLR350W,YPL147W,0,-4.2728167,0.3913043439388275,0.027000000700354576,0.00419999985024333
YDR055W,YJL059W,0,-4.273079,0.3857142925262451,0.027000000700354576,0.00430000014603138
YER054C,YKL062W,0,-4.2743816,0.3802816867828369,0.027000000700354576,0.004399999976158142
YKL114C,YNL313C,0,-4.2779846,0.375,0.027000000700354576,0.0044999998062849045
YPL255W,YGR108W,0,-4.278517,0.36986300349235535,0.027000000700354576,0.004600000102072954
YER160C,YLR035C-A,1,-4.27927,0.37837839126586914,0.02800000086426735,0.004600000102072954
YFL002W-A,YJR028W,1,-4.279331,0.3866666555404663,0.028999999165534973,0.004600000102072954
YER054C,YPL091W,0,-4.283825,0.3815789520740509,0.028999999165534973,0.004699999932199717
YMR165C,YDL195W,0,-4.284218,0.37662336230278015,0.028999999165534973,0.004800000227987766
YPR188C,YPR107C,0,-4.28736,0.3717948794364929,0.028999999165534973,0.004900000058114529
YPR021C,YGR008C,0,-4.287587,0.3670886158943176,0.028999999165534973,0.004999999888241291
YBL100W-B,YER160C,1,-4.288515,0.375,0.029999999329447746,0.004999999888241291
YER040W,YOR356W,0,-4.2886515,0.37037035822868347,0.029999999329447746,0.005100000184029341
YBL100W-A,YER160C,1,-4.2899485,0.37804877758026123,0.03099999949336052,0.005100000184029341
YER025W,YMR093W,0,-4.2966967,0.3734939694404602,0.03099999949336052,0.005200000014156103
YBL100W-A,YBR012W-B,1,-4.297279,0.380952388048172,0.03200000151991844,0.005200000014156103
YMR067C,YLR224W,0,-4.3005886,0.3764705955982208,0.03200000151991844,0.0052999998442828655
YER171W,YML043C,0,-4.300705,0.3720930218696594,0.03200000151991844,0.005400000140070915
YBR142W,YNL292W,0,-4.303829,0.36781609058380127,0.03200000151991844,0.005499999970197678
YNL012W,YMR104C,0,-4.307085,0.3636363744735718,0.03200000151991844,0.00559999980032444
YPR190C,YNL313C,0,-4.308699,0.3595505654811859,0.03200000151991844,0.00570000009611249
YDR170W-A,YIL082W-A,1,-4.309986,0.36666667461395264,0.032999999821186066,0.00570000009611249
YGR188C,YCR102C,0,-4.3120193,0.36263737082481384,0.032999999821186066,0.005799999926239252
YOR328W,YGR111W,0,-4.31361,0.3586956560611725,0.032999999821186066,0.005900000222027302
YBR012W-B,YML040W,1,-4.3141384,0.3655914068222046,0.03400000184774399,0.005900000222027302
YFL002W-A,YJR027W,1,-4.3151073,0.3723404109477997,0.03500000014901161,0.005900000222027302
YBR084W,YNR015W,0,-4.3156023,0.3684210479259491,0.03500000014901161,0.006000000052154064
YFR002W,YMR218C,0,-4.3157024,0.3645833432674408,0.03500000014901161,0.006099999882280827
YIL082W-A,YJR029W,1,-4.3157854,0.3711340129375458,0.035999998450279236,0.006099999882280827
YPL001W,YOR305W,0,-4.3179464,0.36734694242477417,0.035999998450279236,0.006200000178068876
YBL005W-B,YJR027W,1,-4.318161,0.3737373650074005,0.03700000047683716,0.006200000178068876
YOR328W,YNR015W,0,-4.31837,0.3700000047683716,0.03700000047683716,0.006300000008195639
YPR191W,YJR104C,0,-4.318646,0.3663366436958313,0.03700000047683716,0.006399999838322401
YFL002W-A,YIL080W,1,-4.321778,0.37254902720451355,0.03799999877810478,0.006399999838322401
YBR012W-B,YCL020W,1,-4.3227835,0.3786407709121704,0.039000000804662704,0.006399999838322401
YER172C,YBL075C,0,-4.323579,0.375,0.039000000804662704,0.006500000134110451
YKR099W,YDR489W,0,-4.3330708,0.37142857909202576,0.039000000804662704,0.006599999964237213
YDL077C,YLR337C,0,-4.334941,0.3679245412349701,0.039000000804662704,0.0066999997943639755
YOR185C,YKR050W,0,-4.3367467,0.3644859790802002,0.039000000804662704,0.006800000090152025
YBL100W-A,YIL082W-A,1,-4.337373,0.37037035822868347,0.03999999910593033,0.006800000090152025
YGL054C,YML131W,0,-4.3393316,0.3669724762439728,0.03999999910593033,0.006899999920278788
YBL078C,YOR003W,0,-4.3394876,0.3636363744735718,0.03999999910593033,0.007000000216066837
YJL047C,YBL100W-B,1,-4.34058,0.36936935782432556,0.04100000113248825,0.007000000216066837
YMR080C,YHR170W,0,-4.3408337,0.3660714328289032,0.04100000113248825,0.0071000000461936
YBR084W,YOR356W,0,-4.3409805,0.36283186078071594,0.04100000113248825,0.007199999876320362
YGR083C,YDR465C,0,-4.3421326,0.359649121761322,0.04100000113248825,0.007300000172108412
YLR459W,YJR031C,0,-4.342764,0.35652172565460205,0.04100000113248825,0.007400000002235174
YDR277C,YDL130W-A,0,-4.3442464,0.3534482717514038,0.04100000113248825,0.007499999832361937
YBL005W-B,YIL082W-A,1,-4.348608,0.3589743673801422,0.041999999433755875,0.007499999832361937
YDL069C,YPR065W,0,-4.348688,0.35593220591545105,0.041999999433755875,0.007600000128149986
YOR185C,YJR035W,0,-4.3491297,0.3529411852359772,0.041999999433755875,0.007699999958276749
YER014C-A,YDR122W,0,-4.3500075,0.3499999940395355,0.041999999433755875,0.007799999788403511
YGL246C,YHR088W,0,-4.350109,0.3471074402332306,0.041999999433755875,0.007899999618530273
YGR088W,YCR026C,0,-4.351053,0.3442623019218445,0.041999999433755875,0.00800000037997961
YJL113W,YLR035C-A,1,-4.352516,0.34959349036216736,0.0430000014603138,0.00800000037997961
YCL020W,YER160C,1,-4.3536077,0.35483869910240173,0.04399999976158142,0.00800000037997961
YLR129W,YOR297C,0,-4.354177,0.35199999809265137,0.04399999976158142,0.008100000210106373
YJL047C,YLR035C-A,1,-4.3545837,0.3571428656578064,0.04500000178813934,0.008100000210106373
YPR030W,YJR120W,0,-4.354988,0.35433071851730347,0.04500000178813934,0.008200000040233135
YBL017C,YGL039W,0,-4.355203,0.3515625,0.04500000178813934,0.008299999870359898
YCL038C,YER014C-A,0,-4.35568,0.3488371968269348,0.04500000178813934,0.00839999970048666
YOL069W,YPL122C,0,-4.3559313,0.3461538553237915,0.04500000178813934,0.008500000461935997
YML113W,YJL033W,0,-4.357937,0.3435114622116089,0.04500000178813934,0.00860000029206276
YBL100W-B,YBR012W-B,1,-4.3589325,0.3484848439693451,0.04600000008940697,0.00860000029206276
YDR214W,YDR011W,0,-4.3595734,0.3458646535873413,0.04600000008940697,0.008700000122189522
YDR037W,YPL211W,0,-4.3597302,0.34328359365463257,0.04600000008940697,0.008799999952316284
YAR019C,YGL181W,0,-4.3597426,0.34074074029922485,0.04600000008940697,0.008899999782443047
YLR106C,YOL125W,0,-4.3597536,0.3382352888584137,0.04600000008940697,0.008999999612569809
YMR218C,YDR372C,0,-4.36054,0.33576643466949463,0.04600000008940697,0.009100000374019146
YJL033W,YHR148W,0,-4.361277,0.3333333432674408,0.04600000008940697,0.009200000204145908
YGR123C,YLR312C-B,0,-4.363248,0.3309352397918701,0.04600000008940697,0.00930000003427267
YJR077C,YGR183C,0,-4.3634787,0.3285714387893677,0.04600000008940697,0.009399999864399433
YDR512C,YMR087W,0,-4.363871,0.326241135597229,0.04600000008940697,0.009499999694526196
YPR006C,YNL332W,0,-4.365335,0.3239436745643616,0.04600000008940697,0.009600000455975533
YLR014C,YCL062W,0,-4.366049,0.3216783106327057,0.04600000008940697,0.009700000286102295
YCL019W,YML045W,1,-4.3677034,0.3263888955116272,0.04699999839067459,0.009700000286102295
YBR159W,YFL004W,0,-4.3683367,0.32413792610168457,0.04699999839067459,0.009800000116229057
YOL082W,YMR015C,0,-4.3683844,0.3219178020954132,0.04699999839067459,0.00989999994635582
YIL143C,YPR078C,0,-4.3691473,0.31972789764404297,0.04699999839067459,0.009999999776482582
YCR091W,YGR042W,0,-4.369189,0.3175675570964813,0.04699999839067459,0.010099999606609344
YLR425W,YMR087W,0,-4.3697815,0.3154362440109253,0.04699999839067459,0.010200000368058681
YFL002W-A,YJL113W,1,-4.3704066,0.3199999928474426,0.04800000041723251,0.010200000368058681
YBL100W-B,YML045W,1,-4.370725,0.3245033025741577,0.04899999871850014,0.010200000368058681
YOL088C,YDL077C,0,-4.3727303,0.32236841320991516,0.04899999871850014,0.010300000198185444
YDR170W-A,YJL113W,1,-4.3754163,0.32679739594459534,0.05000000074505806,0.010300000198185444
YDL227C,YBR072W,0,-4.3762684,0.3246753215789795,0.05000000074505806,0.010400000028312206
YML092C,YDR394W,0,-4.376397,0.32258063554763794,0.05000000074505806,0.010499999858438969
YKL149C,YBL005W-B,1,-4.3766212,0.32692307233810425,0.050999999046325684,0.010499999858438969
YBR012W-B,YDR034C-C,1,-4.3769383,0.331210196018219,0.052000001072883606,0.010499999858438969
YBL005W-B,YDR316W-A,1,-4.376939,0.33544304966926575,0.05299999937415123,0.010499999858438969
YBR012W-B,YNL284C-B,1,-4.376939,0.3396226465702057,0.05400000140070915,0.010499999858438969
YDR210C-D,YFL002W-A,1,-4.3769417,0.34375,0.054999999701976776,0.010499999858438969
YDR210C-D,YPR158C-D,1,-4.3769436,0.3478260934352875,0.0560000017285347,0.010499999858438969
YML040W,YOL103W-A,1,-4.376955,0.35185185074806213,0.05700000002980232,0.010499999858438969
YBL100W-B,YPR158C-D,1,-4.3769593,0.3558282256126404,0.057999998331069946,0.010499999858438969
YGR161W-A,YHR214C-C,1,-4.3769608,0.35975611209869385,0.05900000035762787,0.010499999858438969
YDR034C-C,YGR161W-B,1,-4.3769627,0.3636363744735718,0.05999999865889549,0.010499999858438969
YDR170W-A,YFL002W-B,1,-4.376989,0.3674698770046234,0.061000000685453415,0.010499999858438969
YGR161W-B,YMR045C,1,-4.376989,0.371257483959198,0.06199999898672104,0.010499999858438969
YDR316W-A,YOR343W-A,1,-4.377013,0.375,0.06300000101327896,0.010499999858438969
YIL080W,YOR343W-B,1,-4.377022,0.3786982297897339,0.06400000303983688,0.010499999858438969
YDR261C-D,YDR316W-A,1,-4.377029,0.38235294818878174,0.06499999761581421,0.010499999858438969
YGR161W-B,YOL103W-B,1,-4.37703,0.38596490025520325,0.06599999964237213,0.010499999858438969
YBL005W-B,YGR161W-B,1,-4.3770437,0.3895348906517029,0.06700000166893005,0.010499999858438969
YDR316W-A,YLR227W-B,1,-4.3770447,0.39306357502937317,0.06800000369548798,0.010499999858438969
YDR034C-D,YOR343W-B,1,-4.3770523,0.3965517282485962,0.0689999982714653,0.010499999858438969
YAR009C,YOR343W-A,1,-4.377078,0.4000000059604645,0.07000000029802322,0.010499999858438969
YGR161W-B,YPR158W-B,1,-4.377082,0.40340909361839294,0.07100000232458115,0.010499999858438969
YGR027W-A,YML040W,1,-4.377083,0.4067796468734741,0.07199999690055847,0.010499999858438969
YGR161W-A,YOL103W-A,1,-4.377092,0.4101123511791229,0.0729999989271164,0.010499999858438969
YER160C,YOR343W-A,1,-4.3771048,0.4134078323841095,0.07400000095367432,0.010499999858438969
YAR010C,YLR227W-B,1,-4.3771315,0.4166666567325592,0.07500000298023224,0.010499999858438969
YAL025C,YMR143W,0,-4.3771496,0.41436463594436646,0.07500000298023224,0.010599999688565731
YML040W,YPR158W-A,1,-4.377168,0.4175824224948883,0.07599999755620956,0.010599999688565731
YCL020W,YDR316W-A,1,-4.377179,0.4207650125026703,0.07699999958276749,0.010599999688565731
YDR261W-A,YER159C-A,1,-4.3772125,0.42391303181648254,0.07800000160932541,0.010599999688565731
YBL100W-B,YGR161W-B,1,-4.377241,0.42702701687812805,0.07900000363588333,0.010599999688565731
YDR210C-D,YDR261C-D,1,-4.3772616,0.4301075339317322,0.07999999821186066,0.010599999688565731
YCL020W,YLR410W-B,1,-4.3772697,0.4331550896167755,0.08100000023841858,0.010599999688565731
YDR261W-A,YJR029W,1,-4.377293,0.43617022037506104,0.0820000022649765,0.010599999688565731
YGR109W-B,YJR028W,1,-4.3773165,0.43915343284606934,0.08299999684095383,0.010599999688565731
YHR214C-C,YML040W,1,-4.377371,0.4421052634716034,0.08399999886751175,0.010599999688565731
YCL019W,YDR034C-C,1,-4.3773923,0.4450261890888214,0.08500000089406967,0.010599999688565731
YOR343W-B,YPR158W-B,1,-4.377399,0.4479166567325592,0.0860000029206276,0.010599999688565731
YFL002W-A,YPR158C-D,1,-4.3774276,0.45077720284461975,0.08699999749660492,0.010599999688565731
YBL100W-A,YNL284C-B,1,-4.3774323,0.4536082446575165,0.08799999952316284,0.010599999688565731
YCL019W,YOR343W-B,1,-4.377464,0.4564102590084076,0.08900000154972076,0.010599999688565731
YFL002W-A,YGR161W-B,1,-4.377474,0.4591836631298065,0.09000000357627869,0.010599999688565731
YBL100W-A,YDR261C-D,1,-4.377486,0.46192893385887146,0.09099999815225601,0.010599999688565731
YBR012W-B,YPR158C-D,1,-4.37751,0.46464645862579346,0.09200000017881393,0.010599999688565731
YDR261W-A,YGR027W-A,1,-4.3775406,0.4673366844654083,0.09300000220537186,0.010599999688565731
YFL002W-A,YOL103W-B,1,-4.3775616,0.4699999988079071,0.09399999678134918,0.010599999688565731
YCL019W,YPR158C-D,1,-4.3775926,0.4726368188858032,0.0949999988079071,0.010599999688565731
YIL019W,YLR409C,0,-4.3776045,0.47029703855514526,0.0949999988079071,0.010700000450015068
YAR010C,YOR343W-A,1,-4.37761,0.4729064106941223,0.09600000083446503,0.010700000450015068
YDR261W-A,YJR027W,1,-4.377616,0.47549018263816833,0.09700000286102295,0.010700000450015068
YDR034C-D,YPR158C-D,1,-4.377674,0.47804877161979675,0.09799999743700027,0.010700000450015068
YGR161W-B,YNL284C-B,1,-4.377681,0.4805825352668762,0.0989999994635582,0.010700000450015068
YOL103W-B,YPR158C-D,1,-4.377695,0.483091801404953,0.10000000149011612,0.010700000450015068
YCL020W,YNL284C-B,1,-4.3777113,0.48557692766189575,0.10100000351667404,0.010700000450015068
YFL002W-A,YLR227W-B,1,-4.377753,0.4880382716655731,0.10199999809265137,0.010700000450015068
YDR034C-C,YPR158C-D,1,-4.377784,0.49047619104385376,0.10300000011920929,0.010700000450015068
YAR009C,YDR261C-D,1,-4.3778296,0.49289098381996155,0.10400000214576721,0.010700000450015068
YBR012W-B,YPR158W-B,1,-4.3778296,0.49528300762176514,0.10499999672174454,0.010700000450015068
YDR261C-D,YER160C,1,-4.3778477,0.4976525902748108,0.10599999874830246,0.010700000450015068
YBL100W-A,YFL002W-B,1,-4.3778734,0.5,0.10700000077486038,0.010700000450015068
YML040W,YPR158C-C,1,-4.377893,0.5023255944252014,0.1080000028014183,0.010700000450015068
YDR034C-D,YPR158W-B,1,-4.378009,0.5046296119689941,0.10899999737739563,0.010700000450015068
YBL100W-B,YOR343W-B,1,-4.378042,0.5069124698638916,0.10999999940395355,0.010700000450015068
YCL020W,YOR343W-A,1,-4.378085,0.5091742873191833,0.11100000143051147,0.010700000450015068
YGR161W-B,YPR158C-D,1,-4.378211,0.5114155411720276,0.1120000034570694,0.010700000450015068
YIL080W,YPR158C-D,1,-4.378211,0.5136363506317139,0.11299999803304672,0.010700000450015068
YBR012W-B,YDR316W-A,1,-4.37825,0.5158371329307556,0.11400000005960464,0.010700000450015068
YBR012W-B,YFL002W-B,1,-4.378337,0.5180180072784424,0.11500000208616257,0.010700000450015068
YNL284C-B,YOR343W-B,1,-4.3783636,0.5201793909072876,0.11599999666213989,0.010700000450015068
YJR027W,YPR158W-A,1,-4.3783717,0.5223214030265808,0.11699999868869781,0.010700000450015068
YFL002W-B,YOL103W-B,1,-4.378474,0.5244444608688354,0.11800000071525574,0.010700000450015068
YER160C,YFL002W-B,1,-4.378519,0.5265486836433411,0.11900000274181366,0.010700000450015068
YBL100W-A,YOR343W-B,1,-4.378529,0.5286343693733215,0.11999999731779099,0.010700000450015068
YJR027W,YOL103W-A,1,-4.378567,0.530701756477356,0.12099999934434891,0.010700000450015068
YDR034C-C,YLR227W-B,1,-4.3785896,0.5327510833740234,0.12200000137090683,0.010700000450015068
YAR010C,YDR034C-D,1,-4.3786054,0.5347825884819031,0.12300000339746475,0.010700000450015068
YDR170W-A,YDR261C-D,1,-4.3786144,0.536796510219574,0.12399999797344208,0.010700000450015068
YJR029W,YPR158W-A,1,-4.3786526,0.5387930870056152,0.125,0.010700000450015068
YNL284C-B,YOR343W-A,1,-4.3786764,0.540772557258606,0.12600000202655792,0.010700000450015068
YDR261C-D,YOR343W-B,1,-4.3787093,0.5427350401878357,0.12700000405311584,0.010700000450015068
YGR027W-A,YML045W,1,-4.3787193,0.5446808338165283,0.12800000607967377,0.010700000450015068
YJR029W,YOL103W-A,1,-4.3787193,0.5466101765632629,0.1289999932050705,0.010700000450015068
YAR009C,YLR227W-B,1,-4.378785,0.5485231876373291,0.12999999523162842,0.010700000450015068
YER104W,YOL103W-B,1,-4.378885,0.5504201650619507,0.13099999725818634,0.010700000450015068
YBL100W-A,YDR316W-A,1,-4.378915,0.5523012280464172,0.13199999928474426,0.010700000450015068
YGR161W-B,YOR343W-A,1,-4.3789372,0.5541666746139526,0.13300000131130219,0.010700000450015068
YBL100W-B,YFL002W-B,1,-4.3789635,0.5560166239738464,0.1340000033378601,0.010700000450015068
YGR109W-B,YJR029W,1,-4.379056,0.557851254940033,0.13500000536441803,0.010700000450015068
YHR214C-C,YJR029W,1,-4.3790812,0.5596708059310913,0.13600000739097595,0.010700000450015068
YDR034C-D,YDR170W-A,1,-4.3791275,0.561475396156311,0.13699999451637268,0.010700000450015068
YDR210C-D,YLR227W-B,1,-4.3791428,0.563265323638916,0.1379999965429306,0.010700000450015068
YDR034C-C,YOR343W-B,1,-4.3791933,0.565040647983551,0.13899999856948853,0.010700000450015068
YBL100W-A,YLR227W-B,1,-4.3792076,0.5668016076087952,0.14000000059604645,0.010700000450015068
YGR027W-A,YHL009W-B,1,-4.379367,0.5685483813285828,0.14100000262260437,0.010700000450015068
YLR227W-B,YMR045C,1,-4.379414,0.5702811479568481,0.1420000046491623,0.010700000450015068
YHL009W-B,YOL103W-A,1,-4.3794384,0.5720000267028809,0.14300000667572021,0.010700000450015068
YFL002W-B,YPR158C-D,1,-4.3794456,0.5737051963806152,0.14399999380111694,0.010700000450015068
YFL002W-A,YLR410W-B,1,-4.379531,0.5753968358039856,0.14499999582767487,0.010700000450015068
YGL178W,YKR048C,0,-4.379832,0.573122501373291,0.14499999582767487,0.01080000028014183
YAR009C,YPR158C-D,1,-4.3798695,0.5748031735420227,0.1459999978542328,0.01080000028014183
YKL149C,YER159C-A,1,-4.379874,0.5764706134796143,0.1469999998807907,0.01080000028014183
YNL284C-B,YOL103W-B,1,-4.380043,0.578125,0.14800000190734863,0.01080000028014183
YDR034C-C,YDR316W-A,1,-4.380109,0.5797665119171143,0.14900000393390656,0.01080000028014183
YDR261W-A,YOL103W-A,1,-4.3801517,0.5813953280448914,0.15000000596046448,0.01080000028014183
YFL002W-A,YPR158W-B,1,-4.3801737,0.5830115675926208,0.1509999930858612,0.01080000028014183
YDR210C-D,YOR343W-B,1,-4.380181,0.5846154093742371,0.15199999511241913,0.01080000028014183
YER159C-A,YLR035C-A,1,-4.380253,0.5862069129943848,0.15299999713897705,0.01080000028014183
YBL005W-B,YOL103W-B,1,-4.3802814,0.5877862572669983,0.15399999916553497,0.01080000028014183
YDR034C-C,YDR210C-D,1,-4.380293,0.589353621006012,0.1550000011920929,0.01080000028014183
YGR109W-B,YLR035C-A,1,-4.380311,0.5909090638160706,0.15600000321865082,0.01080000028014183
YDR261C-D,YOR343W-A,1,-4.3803773,0.5924528241157532,0.15700000524520874,0.01080000028014183
YCL020W,YDR261C-D,1,-4.3803997,0.5939849615097046,0.15800000727176666,0.01080000028014183
YCL019W,YDR316W-A,1,-4.380434,0.5955055952072144,0.1589999943971634,0.01080000028014183
YDR098C-A,YDR170W-A,1,-4.3805766,0.5970149040222168,0.1599999964237213,0.01080000028014183
YPR158C-D,YPR158W-B,1,-4.3807263,0.5985130071640015,0.16099999845027924,0.01080000028014183
YER159C-A,YJR029W,1,-4.380806,0.6000000238418579,0.16200000047683716,0.01080000028014183
YKL149C,YGR027W-A,1,-4.380814,0.6014760136604309,0.16300000250339508,0.01080000028014183
YFL002W-B,YNL284C-B,1,-4.3808455,0.6029411554336548,0.164000004529953,0.01080000028014183
YDR034C-C,YNL284C-B,1,-4.380857,0.6043956279754639,0.16500000655651093,0.01080000028014183
YLR410W-B,YOR343W-A,1,-4.3810353,0.6058394312858582,0.16599999368190765,0.01080000028014183
YCL019W,YGR161W-B,1,-4.381099,0.607272744178772,0.16699999570846558,0.01080000028014183
YDR170W-A,YOR343W-B,1,-4.3811154,0.6086956262588501,0.1679999977350235,0.01080000028014183
YDR170W-A,YDR210C-D,1,-4.3811674,0.6101083159446716,0.16899999976158142,0.01080000028014183
YHL009W-B,YPL060C-A,1,-4.381339,0.6115108132362366,0.17000000178813934,0.01080000028014183
YJL113W,YJR028W,1,-4.3814883,0.6129032373428345,0.17100000381469727,0.01080000028014183
YDR261W-A,YGR109W-B,1,-4.381593,0.6142857074737549,0.1720000058412552,0.01080000028014183
YKL149C,YOL103W-A,1,-4.3816257,0.6156583428382874,0.17299999296665192,0.01080000028014183
YBL014C,YGR128C,0,-4.38165,0.6134752035140991,0.17299999296665192,0.010900000110268593
YDR316W-A,YOL103W-B,1,-4.3817425,0.6148409843444824,0.17399999499320984,0.010900000110268593
YBR040W,YLR426W,0,-4.38177,0.6126760840415955,0.17399999499320984,0.010999999940395355
YBL100W-B,YLR227W-B,1,-4.3818727,0.6140350699424744,0.17499999701976776,0.010999999940395355
YER160C,YPR158W-B,1,-4.3820305,0.6153846383094788,0.17599999904632568,0.010999999940395355
YCR034W,YJR055W,0,-4.382039,0.6132404208183289,0.17599999904632568,0.011099999770522118
YCL019W,YML040W,1,-4.3820586,0.6145833134651184,0.1770000010728836,0.011099999770522118
YAR009C,YPR158W-B,1,-4.3820863,0.6159169673919678,0.17800000309944153,0.011099999770522118
YBL100W-B,YPR158W-B,1,-4.3821573,0.617241382598877,0.17900000512599945,0.011099999770522118
YHR079C-B,YNR034W,0,-4.3821573,0.6151202917098999,0.17900000512599945,0.01119999960064888
YFL002W-B,YOR343W-A,1,-4.382163,0.6164383292198181,0.18000000715255737,0.01119999960064888
YBL005W-B,YDR034C-D,1,-4.3822193,0.61774742603302,0.1809999942779541,0.01119999960064888
YCL019W,YDR034C-D,1,-4.3822308,0.6190476417541504,0.18199999630451202,0.01119999960064888
YER137C-A,YNL054W-A,1,-4.3822536,0.6203389763832092,0.18299999833106995,0.01119999960064888
YPL096W,YIL017W,0,-4.3823805,0.6182432174682617,0.18299999833106995,0.011300000362098217
YDR261W-A,YDR261W-B,1,-4.38249,0.619528591632843,0.18400000035762787,0.011300000362098217
YCL020W,YFL002W-B,1,-4.382592,0.6208053827285767,0.1850000023841858,0.011300000362098217
YMR250W,YBL071W-A,0,-4.382806,0.6187291145324707,0.1850000023841858,0.01140000019222498
YDR210C-C,YGR027W-A,1,-4.3829536,0.6200000047683716,0.1860000044107437,0.01140000019222498
YFL050C,YCR080W,0,-4.3830156,0.6179401874542236,0.1860000044107437,0.011500000022351742
YOR343W-B,YPR158C-D,1,-4.383157,0.6192052960395813,0.18700000643730164,0.011500000022351742
YER137C-A,YHL009W-B,1,-4.3832016,0.6204620599746704,0.18799999356269836,0.011500000022351742
YER137C-A,YGR027W-A,1,-4.383259,0.6217105388641357,0.1889999955892563,0.011500000022351742
YCL020W,YOR343W-B,1,-4.3832693,0.6229507923126221,0.1899999976158142,0.011500000022351742
YKL149C,YHR214C-C,1,-4.38334,0.6241829991340637,0.19099999964237213,0.011500000022351742
YGR167W,YGR080W,0,-4.383459,0.6221498250961304,0.19099999964237213,0.011599999852478504
YDR170W-A,YDR365W-A,1,-4.3836026,0.6233766078948975,0.19200000166893005,0.011599999852478504
YAR010C,YDR365W-A,1,-4.383773,0.6245954632759094,0.19300000369548798,0.011599999852478504
YLR227W-B,YNL284C-B,1,-4.383811,0.625806450843811,0.1940000057220459,0.011599999852478504
YKL149C,YGR161W-A,1,-4.383994,0.6270096302032471,0.19499999284744263,0.011599999852478504
YDR210C-C,YHR214C-C,1,-4.383994,0.6282051205635071,0.19599999487400055,0.011599999852478504
YLR410W-B,YMR045C,1,-4.3841176,0.6293929815292358,0.19699999690055847,0.011599999852478504
YDR034C-D,YDR098C-A,1,-4.3841176,0.6305732727050781,0.1979999989271164,0.011599999852478504
YDR365W-A,YPR158C-D,1,-4.3842335,0.6317460536956787,0.19900000095367432,0.011599999852478504
YDR261C-D,YIL082W-A,1,-4.3842726,0.6329113841056824,0.20000000298023224,0.011599999852478504
YCL003W,YOL006C,0,-4.384506,0.6309148073196411,0.20000000298023224,0.011699999682605267
YGR109W-B,YPR137C-A,1,-4.38454,0.6320754885673523,0.20100000500679016,0.011699999682605267
YDR210C-C,YMR046C,1,-4.384738,0.6332288384437561,0.20200000703334808,0.011699999682605267
YKL149C,YDR261W-A,1,-4.384738,0.6343749761581421,0.2029999941587448,0.011699999682605267
YDR210C-D,YMR045C,1,-4.384862,0.6355140209197998,0.20399999618530273,0.011699999682605267
YER137C-A,YOL103W-A,1,-4.384901,0.6366459727287292,0.20499999821186066,0.011699999682605267
YIL080W,YOL103W-B,1,-4.385054,0.6377708911895752,0.20600000023841858,0.011699999682605267
YER137C-A,YPR137C-A,1,-4.38514,0.6388888955116272,0.2070000022649765,0.011699999682605267
YIL082W-A,YOR343W-B,1,-4.3852997,0.6399999856948853,0.20800000429153442,0.011699999682605267
YER104W,YLR410W-B,1,-4.385328,0.6411042809486389,0.20900000631809235,0.011699999682605267
YJR028W,YPR158C-C,1,-4.3857455,0.642201840877533,0.20999999344348907,0.011699999682605267
YGR161W-A,YHL009W-B,1,-4.385789,0.6432926654815674,0.210999995470047,0.011699999682605267
YBL100W-B,YNL284C-B,1,-4.3859167,0.6443768739700317,0.21199999749660492,0.011699999682605267
YMR045C,YPR158W-B,1,-4.3859167,0.6454545259475708,0.21299999952316284,0.011699999682605267
YLL015W,YGL227W,0,-4.3859954,0.6435045599937439,0.21299999952316284,0.011800000444054604
YLR227W-B,YLR410W-B,1,-4.386077,0.6445783376693726,0.21400000154972076,0.011800000444054604
YLL002W,YDR210C-D,1,-4.3861346,0.6456456184387207,0.2150000035762787,0.011800000444054604
YDR210C-C,YPR158W-A,1,-4.386163,0.6467065811157227,0.2160000056028366,0.011800000444054604
YKL149C,YHL009W-B,1,-4.386293,0.6477611660957336,0.21699999272823334,0.011800000444054604
YGR027W-B,YHL009W-B,1,-4.3865666,0.648809552192688,0.21799999475479126,0.011800000444054604
YBL100W-B,YDR210C-D,1,-4.3865833,0.6498516201972961,0.21899999678134918,0.011800000444054604
YBL100W-A,YDR034C-C,1,-4.386894,0.6508875489234924,0.2199999988079071,0.011800000444054604
YLR129W,YPL210C,0,-4.3869715,0.6489675641059875,0.2199999988079071,0.011900000274181366
YDR261C-D,YJR026W,1,-4.3870296,0.6499999761581421,0.22100000083446503,0.011900000274181366
YDR210C-D,YOL103W-B,1,-4.387205,0.6510263681411743,0.22200000286102295,0.011900000274181366
YCR047C,YLR391W,0,-4.3872795,0.6491228342056274,0.22200000286102295,0.012000000104308128
YGR027W-B,YNL054W-B,1,-4.38731,0.6501457691192627,0.22300000488758087,0.012000000104308128
YIL080W,YLR227W-B,1,-4.3876495,0.6511628031730652,0.2240000069141388,0.012000000104308128
YJR026W,YPR158C-D,1,-4.387791,0.6521739363670349,0.22499999403953552,0.012000000104308128
YJL011C,YFL018W-A,0,-4.3878813,0.650288999080658,0.22499999403953552,0.01209999993443489
YGR027W-A,YHR214C-C,1,-4.387931,0.651296854019165,0.22599999606609344,0.01209999993443489
YGR109W-B,YPR158C-C,1,-4.388279,0.6522988677024841,0.22699999809265137,0.01209999993443489
YOR210W,YCR080W,0,-4.388523,0.6504297852516174,0.22699999809265137,0.012199999764561653
YDR034C-D,YNL284C-B,1,-4.3888307,0.6514285802841187,0.2280000001192093,0.012199999764561653
YBR072W,YDR529C,0,-4.3888865,0.6495726704597473,0.2280000001192093,0.012299999594688416
YGR027W-B,YOL103W-A,1,-4.3889284,0.6505681872367859,0.2290000021457672,0.012299999594688416
YNL054W-A,YOL103W-B,1,-4.389091,0.6515581011772156,0.23000000417232513,0.012299999594688416
YGR109W-B,YGR161W-A,1,-4.3893147,0.6525423526763916,0.23100000619888306,0.012299999594688416
YDR365W-A,YJL113W,1,-4.389332,0.6535211205482483,0.23199999332427979,0.012299999594688416
YLR189C,YLR337W,0,-4.38936,0.6516854166984558,0.23199999332427979,0.012400000356137753
YER159C-A,YGR027W-B,1,-4.3893666,0.6526610851287842,0.2329999953508377,0.012400000356137753
YER159C-A,YNL054W-A,1,-4.3896103,0.6536312699317932,0.23399999737739563,0.012400000356137753
YGR161W-A,YPL060C-A,1,-4.389906,0.6545960903167725,0.23499999940395355,0.012400000356137753
YOL103W-A,YPL060C-A,1,-4.3899937,0.6555555462837219,0.23600000143051147,0.012400000356137753
YHR214C-C,YOL103W-A,1,-4.390063,0.6565096974372864,0.2370000034570694,0.012400000356137753
YBR217W,YPL275W,0,-4.390189,0.6546961069107056,0.2370000034570694,0.012500000186264515
YDR034C-D,YGR161W-B,1,-4.3902206,0.6556473970413208,0.23800000548362732,0.012500000186264515
YDR365W-A,YNL054W-B,1,-4.390238,0.656593382358551,0.23899999260902405,0.012500000186264515
YPR168W,YDR131C,0,-4.3902483,0.6547945141792297,0.23899999260902405,0.012600000016391277
YGR161W-A,YLR410W-B,1,-4.3905354,0.6557376980781555,0.23999999463558197,0.012600000016391277
YBL100W-B,YGR027W-B,1,-4.390747,0.6566757559776306,0.2409999966621399,0.012600000016391277
YHR214C-C,YLR035C-A,1,-4.3908005,0.657608687877655,0.24199999868869781,0.012600000016391277
YDR098C-A,YJR026W,1,-4.3908896,0.6585366129875183,0.24300000071525574,0.012600000016391277
YHR214C-C,YPR158W-A,1,-4.390929,0.6594594717025757,0.24400000274181366,0.012600000016391277
YOR145C,YPR163C,0,-4.390941,0.657681941986084,0.24400000274181366,0.01269999984651804
YNL054W-A,YPR158W-A,1,-4.39109,0.6586021780967712,0.24500000476837158,0.01269999984651804
YLR410W-B,YNL054W-B,1,-4.3911448,0.6595174074172974,0.2460000067949295,0.01269999984651804
YNL054W-A,YPR158W-B,1,-4.391217,0.6604278087615967,0.24699999392032623,0.01269999984651804
YPR185W,YKR095W-A,0,-4.391218,0.6586666703224182,0.24699999392032623,0.012799999676644802
YER159C-A,YPR158C-C,1,-4.391254,0.6595744490623474,0.24799999594688416,0.012799999676644802
YAR009C,YLR410W-B,1,-4.391327,0.6604774594306946,0.24899999797344208,0.012799999676644802
YHR214C-C,YPR137C-A,1,-4.3914084,0.6613756418228149,0.25,0.012799999676644802
YNL054W-A,YPR137C-A,1,-4.3916273,0.662269115447998,0.25099998712539673,0.012799999676644802
YFL002W-B,YJR026W,1,-4.3916273,0.6631578803062439,0.25200000405311584,0.012799999676644802
YDR210C-D,YIL080W,1,-4.391654,0.6640419960021973,0.2529999911785126,0.012799999676644802
YIR018W,YGR122W,0,-4.3916645,0.6623036861419678,0.2529999911785126,0.012900000438094139
YDR034C-D,YDR210C-D,1,-4.3917274,0.6631853580474854,0.2540000081062317,0.012900000438094139
YBL005W-B,YDR261C-D,1,-4.3917284,0.6640625,0.2549999952316284,0.012900000438094139
YDR034C-D,YIL082W-A,1,-4.391901,0.6649350523948669,0.25600001215934753,0.012900000438094139
YBL100W-B,YNL054W-A,1,-4.3919106,0.6658031344413757,0.25699999928474426,0.012900000438094139
YNL054W-B,YOL103W-B,1,-4.392038,0.6666666865348816,0.257999986410141,0.012900000438094139
YOL103W-A,YPR158C-C,1,-4.3920655,0.6675257682800293,0.2590000033378601,0.012900000438094139
YBL063W,YLR337W,0,-4.392366,0.6658097505569458,0.2590000033378601,0.013000000268220901
YDR034C-D,YPR158C-C,1,-4.3924556,0.6666666865348816,0.25999999046325684,0.013000000268220901
YDR034C-C,YIL080W,1,-4.3925204,0.6675191521644592,0.26100000739097595,0.013000000268220901
YDR261W-B,YFL002W-A,1,-4.392567,0.668367326259613,0.2619999945163727,0.013000000268220901
YDR034C-C,YDR261W-B,1,-4.3927255,0.669211208820343,0.2630000114440918,0.013000000268220901
YML045W,YNL054W-B,1,-4.392762,0.6700507402420044,0.2639999985694885,0.013000000268220901
YMR045C,YNL054W-A,1,-4.3927813,0.6708860993385315,0.26499998569488525,0.013000000268220901
YCL020W,YGR027W-B,1,-4.3929405,0.6717171669006348,0.26600000262260437,0.013000000268220901
YLL002W,YNL054W-B,1,-4.393035,0.6725440621376038,0.2669999897480011,0.013000000268220901
YOR023C,YHR079C-B,0,-4.3930807,0.6708542704582214,0.2669999897480011,0.013100000098347664
YGR027W-A,YPR158C-C,1,-4.3931475,0.6716791987419128,0.2680000066757202,0.013100000098347664
YDR210C-C,YDR261W-A,1,-4.393196,0.6725000143051147,0.26899999380111694,0.013100000098347664
YDR210C-C,YNL054W-B,1,-4.3933125,0.6733167171478271,0.27000001072883606,0.013100000098347664
YDR210C-C,YFL002W-A,1,-4.3936367,0.6741293668746948,0.2709999978542328,0.013100000098347664
YIL082W-A,YLR410W-B,1,-4.393697,0.6749379634857178,0.2720000147819519,0.013100000098347664
YDR365W-A,YMR045C,1,-4.3939066,0.6757425665855408,0.27300000190734863,0.013100000098347664
YBL005W-B,YDR098C-A,1,-4.393936,0.6765432357788086,0.27399998903274536,0.013100000098347664
YDR034C-C,YGR027W-B,1,-4.393956,0.6773399114608765,0.2750000059604645,0.013100000098347664
YGR161W-A,YLR035C-A,1,-4.3940663,0.6781326532363892,0.2759999930858612,0.013100000098347664
YCL020W,YDR261W-B,1,-4.3943157,0.6789215803146362,0.2770000100135803,0.013100000098347664
YLR013W,YML033W,0,-4.3943954,0.6772615909576416,0.2770000100135803,0.013199999928474426
YDR034C-D,YOR343W-A,1,-4.394446,0.6780487895011902,0.27799999713897705,0.013199999928474426
YDR261W-B,YER160C,1,-4.394476,0.6788321137428284,0.27900001406669617,0.013199999928474426
YLR410W-B,YNL054W-A,1,-4.3944855,0.6796116232872009,0.2800000011920929,0.013199999928474426
YCL020W,YDR034C-D,1,-4.3945956,0.6803874373435974,0.2809999883174896,0.013199999928474426
YJR026W,YPR158C-C,1,-4.3946257,0.6811594367027283,0.28200000524520874,0.013199999928474426
YJR027W,YNL054W-B,1,-4.3947654,0.6819277405738831,0.28299999237060547,0.013199999928474426
YGL211W,YPR163C,0,-4.39517,0.6802884340286255,0.28299999237060547,0.013299999758601189
YCL019W,YDR098C-A,1,-4.3952875,0.6810551285743713,0.2840000092983246,0.013299999758601189
YML043C,YLL012W,0,-4.3954535,0.679425835609436,0.2840000092983246,0.013399999588727951
YER159C-A,YOL103W-A,1,-4.395648,0.680190920829773,0.2849999964237213,0.013399999588727951
YMR046C,YOR343W-B,1,-4.3956804,0.6809523701667786,0.28600001335144043,0.013399999588727951
YDR210C-C,YDR261W-B,1,-4.3958664,0.6817102432250977,0.28700000047683716,0.013399999588727951
YLL002W,YGR161W-B,1,-4.3960114,0.6824644804000854,0.2879999876022339,0.013399999588727951
YDR365W-A,YOL103W-B,1,-4.396063,0.6832151412963867,0.289000004529953,0.013399999588727951
YDR121W,YMR229C,0,-4.396305,0.6816037893295288,0.289000004529953,0.013500000350177288
YML103C,YGL039W,0,-4.396356,0.6800000071525574,0.289000004529953,0.01360000018030405
YDR098C-A,YLR256W-A,1,-4.3963623,0.6807511448860168,0.28999999165534973,0.01360000018030405
YDR210C-C,YGR109W-B,1,-4.3968754,0.6814988255500793,0.29100000858306885,0.01360000018030405
YCL019W,YLR410W-B,1,-4.3969603,0.6822429895401001,0.2919999957084656,0.01360000018030405
YDR210C-C,YLR227W-B,1,-4.3970346,0.6829836964607239,0.2930000126361847,0.01360000018030405
YER160C,YJR026W,1,-4.3971376,0.6837209463119507,0.2939999997615814,0.01360000018030405
YER159C-A,YPR137C-A,1,-4.39729,0.6844547390937805,0.29499998688697815,0.01360000018030405
YHL009W-B,YIL082W-A,1,-4.3975973,0.6851851940155029,0.29600000381469727,0.01360000018030405
YHR214C-C,YPR158C-C,1,-4.397641,0.6859122514724731,0.296999990940094,0.01360000018030405
YBL100W-A,YNL054W-B,1,-4.397663,0.6866359710693359,0.2980000078678131,0.01360000018030405
YAR010C,YPR158C-C,1,-4.3976736,0.6873562932014465,0.29899999499320984,0.01360000018030405
YDR210C-C,YLR256W-A,1,-4.397805,0.6880733966827393,0.30000001192092896,0.01360000018030405
YLR256W-A,YML045W,1,-4.3978167,0.6887871623039246,0.3009999990463257,0.01360000018030405
YIL080W,YPL060C-A,1,-4.3978386,0.689497709274292,0.3019999861717224,0.01360000018030405
YDR210C-C,YNL284C-B,1,-4.3978605,0.6902050375938416,0.30300000309944153,0.01360000018030405
YBR100W,YHR197W,0,-4.3978662,0.6886363625526428,0.30300000309944153,0.013700000010430813
YJL047C,YBL100W-A,1,-4.3983355,0.6893423795700073,0.30399999022483826,0.013700000010430813
YHL009W-B,YNL054W-B,1,-4.398456,0.6900452375411987,0.3050000071525574,0.013700000010430813
YBL005W-B,YNL054W-B,1,-4.398456,0.690744936466217,0.3059999942779541,0.013700000010430813
YNL054W-A,YPR158C-D,1,-4.398478,0.6914414167404175,0.3070000112056732,0.013700000010430813
YDR098C-A,YGR161W-B,1,-4.3985224,0.6921348571777344,0.30799999833106995,0.013700000010430813
YDR316W-A,YMR046C,1,-4.3985777,0.6928251385688782,0.3089999854564667,0.013700000010430813
YFL002W-B,YNL054W-A,1,-4.3986545,0.6935123205184937,0.3100000023841858,0.013700000010430813
YDR098C-A,YDR210C-C,1,-4.3987536,0.6941964030265808,0.3109999895095825,0.013700000010430813
YDR261W-A,YNL054W-A,1,-4.398765,0.6948775053024292,0.31200000643730164,0.013700000010430813
YER137C-A,YPL060C-A,1,-4.398842,0.695555567741394,0.31299999356269836,0.013700000010430813
YDR034C-C,YNL054W-B,1,-4.3988867,0.6962305903434753,0.3140000104904175,0.013700000010430813
YGR161W-B,YNL054W-B,1,-4.398919,0.6969026327133179,0.3149999976158142,0.013700000010430813
YLL002W,YDR210C-C,1,-4.3989305,0.6975717544555664,0.3160000145435333,0.013700000010430813
YDR365W-A,YLR227W-B,1,-4.3990517,0.6982378959655762,0.31700000166893005,0.013700000010430813
YDR261W-B,YOR343W-A,1,-4.3990736,0.6989011168479919,0.3179999887943268,0.013700000010430813
YDR174W,YNL213C,0,-4.399212,0.6973684430122375,0.3179999887943268,0.013799999840557575
YDR365W-A,YLR035C-A,1,-4.399295,0.6980306506156921,0.3190000057220459,0.013799999840557575
YJR029W,YNL054W-A,1,-4.3994613,0.6986899375915527,0.3199999928474426,0.013799999840557575
YDR261W-A,YNL054W-B,1,-4.39955,0.6993464231491089,0.32100000977516174,0.013799999840557575
YJR028W,YLR256W-A,1,-4.3997498,0.699999988079071,0.32199999690055847,0.013799999840557575
YMR046C,YOL103W-B,1,-4.399783,0.7006507515907288,0.3230000138282776,0.013799999840557575
YMR232W,YAR044W,0,-4.399903,0.6991341710090637,0.3230000138282776,0.013899999670684338
YKL149C,YLR410W-B,1,-4.3999724,0.6997840404510498,0.3240000009536743,0.013899999670684338
YDR069C,YGL178W,0,-4.4000597,0.6982758641242981,0.3240000009536743,0.014000000432133675
YNL054W-A,YPL060C-A,1,-4.4001284,0.698924720287323,0.32499998807907104,0.014000000432133675
YBL100W-B,YDR210C-C,1,-4.4003515,0.6995708346366882,0.32600000500679016,0.014000000432133675
YLR080W,YGR161C,0,-4.4003797,0.6980727910995483,0.32600000500679016,0.014100000262260437
YMR080C,YDL038C,0,-4.400405,0.6965811848640442,0.32600000500679016,0.0142000000923872
YGR027W-A,YNL054W-B,1,-4.400474,0.6972281336784363,0.3269999921321869,0.0142000000923872
YFL016C,YIL017W,0,-4.4008265,0.6957446932792664,0.3269999921321869,0.014299999922513962
YDR365W-A,YER160C,1,-4.4009824,0.6963906288146973,0.328000009059906,0.014299999922513962
YDR261C-D,YMR046C,1,-4.4010386,0.6970338821411133,0.32899999618530273,0.014299999922513962
YGR027W-B,YML040W,1,-4.40105,0.6976743936538696,0.33000001311302185,0.014299999922513962
YAR010C,YDR210C-C,1,-4.4010725,0.6983122229576111,0.3310000002384186,0.014299999922513962
YDR261W-A,YPR158C-C,1,-4.4011183,0.6989473700523376,0.3319999873638153,0.014299999922513962
YLL002W,YHL009W-B,1,-4.4012313,0.6995798349380493,0.3330000042915344,0.014299999922513962
YER159C-A,YGR027W-A,1,-4.401656,0.7002096176147461,0.33399999141693115,0.014299999922513962
YEL022W,YDL038C,0,-4.4016685,0.6987447738647461,0.33399999141693115,0.014399999752640724
YCL075W,YOR343W-B,1,-4.4016953,0.699373722076416,0.33500000834465027,0.014399999752640724
YDR365W-A,YLR256W-A,1,-4.4017406,0.699999988079071,0.335999995470047,0.014399999752640724
YJL113W,YNL284C-B,1,-4.4019003,0.7006236910820007,0.3370000123977661,0.014399999752640724
YLR410W-B,YPR137C-A,1,-4.402076,0.7012448310852051,0.33799999952316284,0.014399999752640724
YDR098C-A,YOL103W-B,1,-4.4023166,0.7018633484840393,0.33899998664855957,0.014399999752640724
YBR221C,YGR080W,0,-4.4025764,0.7004132270812988,0.33899998664855957,0.014499999582767487
YHL009W-B,YNL054W-A,1,-4.4026117,0.7010309100151062,0.3400000035762787,0.014499999582767487
YHR171W,YOL122C,0,-4.402812,0.6995884776115417,0.3400000035762787,0.014600000344216824
YDR034C-C,YIL082W-A,1,-4.402974,0.7002053260803223,0.3409999907016754,0.014600000344216824
YGR027W-B,YIL080W,1,-4.4029856,0.7008196711540222,0.34200000762939453,0.014600000344216824
YBL047C,YDL038C,0,-4.4030757,0.699386477470398,0.34200000762939453,0.014700000174343586
YDR098C-A,YFL002W-B,1,-4.4031878,0.699999988079071,0.34299999475479126,0.014700000174343586
YGR027W-A,YPR158W-A,1,-4.403455,0.7006109952926636,0.3440000116825104,0.014700000174343586
YPR137W,YNL313C,0,-4.403571,0.6991869807243347,0.3440000116825104,0.014800000004470348
YGR179C,YDR198C,0,-4.403665,0.6977687478065491,0.3440000116825104,0.01489999983459711
YLR410W-B,YPL060C-A,1,-4.4037275,0.6983805894851685,0.3449999988079071,0.01489999983459711
YDR098C-A,YJL113W,1,-4.4038644,0.6989899277687073,0.34599998593330383,0.01489999983459711
YJR027W,YPL060C-A,1,-4.403965,0.6995967626571655,0.34700000286102295,0.01489999983459711
YNL054W-B,YPR158W-A,1,-4.404054,0.7002012133598328,0.3479999899864197,0.01489999983459711
YBR012W-B,YDR365W-A,1,-4.404078,0.7008032202720642,0.3490000069141388,0.01489999983459711
YGR040W,YHR079C-B,0,-4.4042187,0.6993988156318665,0.3490000069141388,0.014999999664723873
YCL051W,YCR062W,0,-4.4043317,0.6980000138282776,0.3490000069141388,0.01510000042617321
YGR027W-B,YMR045C,1,-4.404381,0.6986027956008911,0.3499999940395355,0.01510000042617321
YDR034C-D,YNL054W-A,1,-4.4043922,0.6992031931877136,0.35100001096725464,0.01510000042617321
YGR027W-A,YJR028W,1,-4.404458,0.6998012065887451,0.35199999809265137,0.01510000042617321
YHL009W-B,YPR158C-C,1,-4.4045115,0.7003968358039856,0.3529999852180481,0.01510000042617321
YLR256W-A,YPL060C-A,1,-4.4045467,0.7009900808334351,0.3540000021457672,0.01510000042617321
YCL020W,YER137C-A,1,-4.4045644,0.7015810012817383,0.35499998927116394,0.01510000042617321
YER104W,YHR214C-C,1,-4.404624,0.7021695971488953,0.35600000619888306,0.01510000042617321
YDR365W-A,YOR343W-A,1,-4.404725,0.7027559280395508,0.3569999933242798,0.01510000042617321
YLR256W-A,YPR158C-D,1,-4.405089,0.7033398747444153,0.3580000102519989,0.01510000042617321
YLR256W-A,YNL054W-A,1,-4.4051433,0.7039215564727783,0.35899999737739563,0.01510000042617321
YNL054W-B,YOR343W-B,1,-4.405282,0.7045009732246399,0.36000001430511475,0.01510000042617321
YDR316W-A,YPR158C-C,1,-4.4054637,0.705078125,0.3610000014305115,0.01510000042617321
YER159C-A,YJR028W,1,-4.405585,0.7056530117988586,0.3619999885559082,0.01510000042617321
YDR098C-A,YNL054W-B,1,-4.40567,0.7062256932258606,0.3630000054836273,0.01510000042617321
YAR010C,YJL113W,1,-4.4057765,0.7067961096763611,0.36399999260902405,0.01510000042617321
YLR256W-A,YOR343W-B,1,-4.4058228,0.7073643207550049,0.36500000953674316,0.01510000042617321
YBR012W-B,YNL054W-B,1,-4.4059267,0.7079303860664368,0.3659999966621399,0.01510000042617321
YOL023W,YIL125W,0,-4.4059935,0.7065637111663818,0.3659999966621399,0.015200000256299973
YDR365W-A,YFL002W-A,1,-4.4060307,0.7071291208267212,0.367000013589859,0.015200000256299973
YGR027W-B,YPR158C-D,1,-4.406154,0.7076923251152039,0.36800000071525574,0.015200000256299973
YJL209W,YGR162W,0,-4.406227,0.7063339948654175,0.36800000071525574,0.015300000086426735
YCL020W,YDR365W-A,1,-4.406228,0.7068965435028076,0.36899998784065247,0.015300000086426735
YCL019W,YJR028W,1,-4.4062824,0.7074570059776306,0.3700000047683716,0.015300000086426735
YBL100W-A,YDR098C-A,1,-4.406352,0.7080152630805969,0.3709999918937683,0.015300000086426735
YDR098C-A,YER137C-A,1,-4.406414,0.7085714340209961,0.3720000088214874,0.015300000086426735
YFL002W-B,YLR410W-B,1,-4.4064817,0.7091254591941833,0.37299999594688416,0.015300000086426735
YLL002W,YER159C-A,1,-4.406494,0.7096773982048035,0.37400001287460327,0.015300000086426735
YGR027W-B,YJR027W,1,-4.4066424,0.7102272510528564,0.375,0.015300000086426735
YER104W,YDR034C-D,1,-4.4066796,0.7107750177383423,0.37599998712539673,0.015300000086426735
YGL035C,YOR287C,0,-4.4067645,0.7094339728355408,0.37599998712539673,0.015399999916553497
YLL002W,YDR261W-A,1,-4.4067793,0.7099811434745789,0.37700000405311584,0.015399999916553497
YDR098C-A,YER160C,1,-4.406886,0.7105262875556946,0.3779999911785126,0.015399999916553497
YLR256W-A,YMR046C,1,-4.40693,0.7110694050788879,0.3790000081062317,0.015399999916553497
YOR348C,YHR090C,0,-4.4069457,0.7097378373146057,0.3790000081062317,0.01549999974668026
YGL053W,YDR306C,0,-4.4069777,0.7084112167358398,0.3790000081062317,0.015599999576807022
YBL005W-B,YDR261W-B,1,-4.4070373,0.7089552283287048,0.3799999952316284,0.015599999576807022
YHL009W-B,YLR256W-A,1,-4.4071,0.7094972133636475,0.38100001215934753,0.015599999576807022
YDR210C-C,YLR035C-A,1,-4.4071193,0.7100371718406677,0.38199999928474426,0.015599999576807022
YPL060C-A,YPR158C-C,1,-4.4072266,0.7105751633644104,0.382999986410141,0.015599999576807022
YML120C,YPL123C,0,-4.4072886,0.7092592716217041,0.382999986410141,0.015699999406933784
YGR027W-B,YMR046C,1,-4.4073286,0.709796667098999,0.3840000033378601,0.015699999406933784
YLL002W,YOL103W-A,1,-4.4074674,0.7103320956230164,0.38499999046325684,0.015699999406933784
YMR046C,YOR343W-A,1,-4.407795,0.7108655571937561,0.38600000739097595,0.015699999406933784
YER104W,YHL009W-B,1,-4.4078403,0.7113970518112183,0.3869999945163727,0.015699999406933784
YER104W,YDR261W-B,1,-4.40788,0.7119265794754028,0.3880000114440918,0.015699999406933784
YPL244C,YFR024C,0,-4.4083023,0.7106227278709412,0.3880000114440918,0.015799999237060547
YMR235C,YAR044W,0,-4.408368,0.7093235850334167,0.3880000114440918,0.01590000092983246
YDR098C-A,YDR210C-D,1,-4.408448,0.709854006767273,0.3889999985694885,0.01590000092983246
YDR098C-A,YGR027W-A,1,-4.4086256,0.7103825211524963,0.38999998569488525,0.01590000092983246
YFL018W-A,YJL087C,0,-4.4087873,0.7090908885002136,0.38999998569488525,0.01600000075995922
YBL100W-B,YDR098C-A,1,-4.408994,0.709618866443634,0.39100000262260437,0.01600000075995922
YGR161W-A,YNL054W-A,1,-4.4090605,0.7101449370384216,0.3919999897480011,0.01600000075995922
YER159C-A,YMR046C,1,-4.409064,0.7106691002845764,0.3930000066757202,0.01600000075995922
YFL002W-B,YPR158C-C,1,-4.409117,0.7111913561820984,0.39399999380111694,0.01600000075995922
YOL076W,YFL008W,0,-4.4091864,0.7099099159240723,0.39399999380111694,0.016100000590085983
YAR009C,YPR158C-C,1,-4.40944,0.7104316353797913,0.39500001072883606,0.016100000590085983
YDR210C-C,YPR158C-D,1,-4.409671,0.7109515070915222,0.3959999978542328,0.016100000590085983
YJL113W,YPR158C-D,1,-4.4097447,0.7114695310592651,0.3970000147819519,0.016100000590085983
YCL075W,YOL103W-B,1,-4.4100347,0.71198570728302,0.39800000190734863,0.016100000590085983
YIL082W-A,YLR256W-A,1,-4.4100413,0.7124999761581421,0.39899998903274536,0.016100000590085983
YPL271W,YDR453C,0,-4.410054,0.7112299203872681,0.39899998903274536,0.016200000420212746
YLL002W,YPR158W-A,1,-4.410065,0.7117437720298767,0.4000000059604645,0.016200000420212746
YCL075W,YNL284C-B,1,-4.4101667,0.7122557759284973,0.4009999930858612,0.016200000420212746
YJR028W,YNL054W-A,1,-4.410404,0.7127659320831299,0.4020000100135803,0.016200000420212746
YCL075W,YFL002W-B,1,-4.4105406,0.713274359703064,0.40299999713897705,0.016200000420212746
YKL149C,YDR034C-C,1,-4.4106555,0.71378093957901,0.40400001406669617,0.016200000420212746
YGR200C,YHR079C-B,0,-4.410728,0.712522029876709,0.40400001406669617,0.016300000250339508
YBL100W-A,YER137C-A,1,-4.4108663,0.7130281925201416,0.4050000011920929,0.016300000250339508
YML043C,YDR312W,0,-4.4109087,0.7117750644683838,0.4050000011920929,0.01640000008046627
YDR261W-B,YML040W,1,-4.4109106,0.7122806906700134,0.4059999883174896,0.01640000008046627
YNL207W,YKL081W,0,-4.411083,0.711033284664154,0.4059999883174896,0.016499999910593033
YKL149C,YNL054W-B,1,-4.411257,0.7115384340286255,0.40700000524520874,0.016499999910593033
YDR210C-C,YDR316W-A,1,-4.411338,0.7120419144630432,0.40799999237060547,0.016499999910593033
YDR210C-C,YHL009W-B,1,-4.411538,0.7125435471534729,0.4090000092983246,0.016499999910593033
YDR034C-D,YML040W,1,-4.4117756,0.7130434513092041,0.4099999964237213,0.016499999910593033
YER104W,YGR161W-A,1,-4.41179,0.7135416865348816,0.41100001335144043,0.016499999910593033
YFR021W,YLR337W,0,-4.4118533,0.7123050093650818,0.41100001335144043,0.016599999740719795
YCL020W,YDR098C-A,1,-4.4118605,0.7128027677536011,0.41200000047683716,0.016599999740719795
YGR027W-A,YLR256W-A,1,-4.4120445,0.7132987976074219,0.4129999876022339,0.016599999740719795
YJR089W,YDR028C,0,-4.4121714,0.7120689749717712,0.4129999876022339,0.016699999570846558
YER137C-A,YOL103W-B,1,-4.41226,0.7125645279884338,0.414000004529953,0.016699999570846558
YKR095W-A,YCL062W,0,-4.4122868,0.7113401889801025,0.414000004529953,0.01679999940097332
YDR098C-A,YJR029W,1,-4.4126763,0.7118353247642517,0.41499999165534973,0.01679999940097332
YCL019W,YNL054W-A,1,-4.412821,0.7123287916183472,0.41600000858306885,0.01679999940097332
YDR098C-A,YOL103W-A,1,-4.412954,0.7128205299377441,0.4169999957084656,0.01679999940097332
YAR010C,YDR261W-B,1,-4.413041,0.7133105993270874,0.4180000126361847,0.01679999940097332
YKL149C,YPL060C-A,1,-4.413089,0.713798999786377,0.4189999997615814,0.01679999940097332
YER160C,YJR028W,1,-4.4133167,0.7142857313156128,0.41999998688697815,0.01679999940097332
YLL002W,YPL060C-A,1,-4.413451,0.7147707939147949,0.42100000381469727,0.01679999940097332
YDR098C-A,YPR137C-A,1,-4.4134994,0.7152542471885681,0.421999990940094,0.01679999940097332
YGL136C,YPL006W,0,-4.413621,0.7140439748764038,0.421999990940094,0.016899999231100082
YJL010C,YOL124C,0,-4.4137917,0.712837815284729,0.421999990940094,0.017000000923871994
YCL075W,YLR227W-B,1,-4.413891,0.713322103023529,0.4230000078678131,0.017000000923871994
YDR034C-C,YPR158C-C,1,-4.4139338,0.7138047218322754,0.42399999499320984,0.017000000923871994
YBR100W,YBR175W,0,-4.413934,0.7126050591468811,0.42399999499320984,0.017100000753998756
YDR316W-A,YJL113W,1,-4.41395,0.713087260723114,0.42500001192092896,0.017100000753998756
YER137C-A,YGR161W-B,1,-4.4140625,0.713567852973938,0.4259999990463257,0.017100000753998756
YJL113W,YJR026W,1,-4.4142427,0.714046835899353,0.4269999861717224,0.017100000753998756
YDR034C-C,YJL113W,1,-4.414373,0.7145242094993591,0.42800000309944153,0.017100000753998756
YBR090C-A,YLR130C,0,-4.4144163,0.7133333086967468,0.42800000309944153,0.01720000058412552
YCL020W,YER159C-A,1,-4.4146743,0.7138103246688843,0.42899999022483826,0.01720000058412552
YDR261W-A,YMR046C,1,-4.414975,0.7142857313156128,0.4300000071525574,0.01720000058412552
YDR034C-C,YML045W,1,-4.4150867,0.7147595286369324,0.4309999942779541,0.01720000058412552
YJL113W,YOR343W-B,1,-4.4151106,0.7152317762374878,0.4320000112056732,0.01720000058412552
YBL100W-A,YLR256W-A,1,-4.4151278,0.715702474117279,0.43299999833106995,0.01720000058412552
YPL015C,YMR087W,0,-4.4153185,0.7145214676856995,0.43299999833106995,0.01730000041425228
YLR256W-A,YNL284C-B,1,-4.4154453,0.7149917483329773,0.4339999854564667,0.01730000041425228
YJL047C,YLR157C-A,1,-4.4155307,0.7154605388641357,0.4350000023841858,0.01730000041425228
YGR027W-B,YOR343C-B,1,-4.4155307,0.71592777967453,0.4359999895095825,0.01730000041425228
YDR210W-D,YDR316W-A,1,-4.4155307,0.7163934707641602,0.43700000643730164,0.01730000041425228
YDR210W-C,YDR365W-A,1,-4.4155307,0.7168576121330261,0.43799999356269836,0.01730000041425228
YER137C-A,YHL009W-A,1,-4.4155307,0.7173202633857727,0.4390000104904175,0.01730000041425228
YBL005W-B,YBL101W-B,1,-4.4155307,0.7177814245223999,0.4399999976158142,0.01730000041425228
YDR316W-A,YOR343C-B,1,-4.4155307,0.7182410359382629,0.4410000145435333,0.01730000041425228
YGR027W-A,YHL009W-A,1,-4.4155307,0.7186991572380066,0.44200000166893005,0.01730000041425228
YML045W-A,YPR158W-B,1,-4.4155307,0.7191558480262756,0.4429999887943268,0.01730000041425228
YPL237W,YPR036W-A,0,-4.4155307,0.7179902791976929,0.4429999887943268,0.017400000244379044
YDR210W-C,YML045W,1,-4.4155307,0.7184466123580933,0.4440000057220459,0.017400000244379044
YDR210W-C,YGR027W-A,1,-4.4155307,0.7189014554023743,0.4449999928474426,0.017400000244379044
YFL002W-A,YML045W-A,1,-4.4155307,0.7193548679351807,0.44600000977516174,0.017400000244379044
YBL101W-A,YDR210C-D,1,-4.4155307,0.7198067903518677,0.44699999690055847,0.017400000244379044
YNL284C-A,YPR137C-A,1,-4.4155307,0.7202572226524353,0.4480000138282776,0.017400000244379044
YLR157C-A,YPR137C-A,1,-4.4155307,0.7207062840461731,0.4490000009536743,0.017400000244379044
YNL054W-A,YOR343C-B,1,-4.4155307,0.7211538553237915,0.44999998807907104,0.017400000244379044
YML045W,YNL284C-A,1,-4.4155307,0.7215999960899353,0.45100000500679016,0.017400000244379044
YBL101W-B,YER137C-A,1,-4.4155307,0.7220447063446045,0.4519999921321869,0.017400000244379044
YDR210W-C,YER137C-A,1,-4.4155307,0.7224880456924438,0.453000009059906,0.017400000244379044
YBL101W-B,YNL284C-A,1,-4.4155307,0.7229299545288086,0.45399999618530273,0.017400000244379044
YGR027W-A,YNL284C-A,1,-4.4155307,0.7233704328536987,0.45500001311302185,0.017400000244379044
YBL101W-A,YDR170W-A,1,-4.4155307,0.723809540271759,0.4560000002384186,0.017400000244379044
YHL009W-A,YML045W-A,1,-4.4155307,0.7242472171783447,0.4569999873638153,0.017400000244379044
YDR014W-A,YMR156C,0,-4.4155307,0.7231012582778931,0.4569999873638153,0.017500000074505806
YDR014W-A,YNL145W,0,-4.4155307,0.7219589352607727,0.4569999873638153,0.01759999990463257
YGR029W,YDR014W-A,0,-4.4155307,0.7208201885223389,0.4569999873638153,0.01769999973475933
YKL149C,YLR157C-A,1,-4.4155307,0.7212598323822021,0.4580000042915344,0.01769999973475933
YBL100W-B,YDR210W-D,1,-4.4155307,0.7216981053352356,0.45899999141693115,0.01769999973475933
YGR027W-A,YLR157C-A,1,-4.4155307,0.7221350073814392,0.46000000834465027,0.01769999973475933
YJL047C,YBL101W-B,1,-4.4155307,0.722570538520813,0.460999995470047,0.01769999973475933
YJL047C,YHL009W-A,1,-4.4155307,0.7230046987533569,0.4620000123977661,0.01769999973475933
YAR009C,YBL101W-B,1,-4.4155307,0.723437488079071,0.46299999952316284,0.01769999973475933
YLR035C-A,YNL284C-A,1,-4.4155307,0.7238689661026001,0.46399998664855957,0.01769999973475933
YHL009W-B,YML045W-A,1,-4.4155307,0.7242990732192993,0.4650000035762787,0.01769999973475933
YDR141C,YPR036W-A,0,-4.4155307,0.7231726050376892,0.4650000035762787,0.017799999564886093
YLR157C-A,YNL054W-B,1,-4.4155307,0.7236024737358093,0.4659999907016754,0.017799999564886093
YLR035C-A,YOR343C-B,1,-4.4155307,0.7240310311317444,0.46700000762939453,0.017799999564886093
YJL047C,YPR158W-B,1,-4.4155307,0.7244582176208496,0.46799999475479126,0.017799999564886093
YBL101W-A,YIL082W-A,1,-4.4155307,0.7248840928077698,0.4690000116825104,0.017799999564886093
YNL284C-B,YOR343C-B,1,-4.4155307,0.7253086566925049,0.4699999988079071,0.017799999564886093
YGR109W-B,YOR343C-B,1,-4.4155307,0.7257319092750549,0.47099998593330383,0.017799999564886093
YJL047C,YFL002W-B,1,-4.4155307,0.7261538505554199,0.47200000286102295,0.017799999564886093
YHL009W-B,YOR343C-B,1,-4.4155307,0.7265744805335999,0.4729999899864197,0.017799999564886093
YCR055C,YDR131C,0,-4.4155307,0.7254601120948792,0.4729999899864197,0.017899999395012856
YGR161W-A,YOR343C-B,1,-4.4155307,0.7258805632591248,0.4740000069141388,0.017899999395012856
YJR028W,YML045W-A,1,-4.4155307,0.7262997031211853,0.4749999940395355,0.017899999395012856
YAR010C,YML045W-A,1,-4.4155307,0.7267175316810608,0.47600001096725464,0.017899999395012856
YBL101W-A,YDR261C-D,1,-4.4155307,0.7271341681480408,0.47699999809265137,0.017899999395012856
YOR343C-B,YPR158W-B,1,-4.4155307,0.7275494933128357,0.4779999852180481,0.017899999395012856
YDR210W-C,YDR261W-A,1,-4.4155307,0.7279635071754456,0.4790000021457672,0.017899999395012856
YDR054C,YPR036W-A,0,-4.4155307,0.7268588542938232,0.4790000021457672,0.017999999225139618
YDR210W-C,YIL082W-A,1,-4.4155307,0.7272727489471436,0.47999998927116394,0.017999999225139618
YMR046C,YOR343C-B,1,-4.4155307,0.7276853322982788,0.48100000619888306,0.017999999225139618
YDR210W-D,YOR343W-B,1,-4.4155307,0.7280966639518738,0.4819999933242798,0.017999999225139618
YLR157C-A,YOR343W-A,1,-4.4155307,0.7285068035125732,0.4830000102519989,0.017999999225139618
YCL075W,YDR210W-C,1,-4.4155307,0.7289156913757324,0.48399999737739563,0.017999999225139618
YLR227W-B,YNL284C-A,1,-4.4155307,0.7293233275413513,0.48500001430511475,0.017999999225139618
YBL101W-A,YGR161W-A,1,-4.4155307,0.7297297120094299,0.4860000014305115,0.017999999225139618
YDR210W-D,YML040W,1,-4.4155307,0.730134904384613,0.4869999885559082,0.017999999225139618
YOR343C-B,YOR343W-B,1,-4.4155307,0.7305389046669006,0.4880000054836273,0.017999999225139618
YDR210W-D,YML045W-A,1,-4.4155307,0.7309417128562927,0.48899999260902405,0.017999999225139618
YBL100W-B,YML045W-A,1,-4.4155307,0.7313432693481445,0.49000000953674316,0.017999999225139618
YDR210W-D,YMR045C,1,-4.4155307,0.7317436933517456,0.4909999966621399,0.017999999225139618
YBL101W-A,YOR343C-B,1,-4.4155307,0.7321428656578064,0.492000013589859,0.017999999225139618
YJR028W,YLR157C-A,1,-4.4155307,0.7325408458709717,0.49300000071525574,0.017999999225139618
YDR210W-D,YIL080W,1,-4.4155307,0.7329376935958862,0.49399998784065247,0.017999999225139618
YHL009W-A,YNL054W-B,1,-4.4155307,0.7333333492279053,0.4950000047683716,0.017999999225139618
YBL101W-A,YCL020W,1,-4.4155307,0.7337278127670288,0.4959999918937683,0.017999999225139618
YLR157C-A,YLR256W-A,1,-4.4155307,0.7341211438179016,0.4970000088214874,0.017999999225139618
YBL005W-B,YDR210W-C,1,-4.4155307,0.7345132827758789,0.49799999594688416,0.017999999225139618
YOR355W,YPR036W-A,0,-4.4155307,0.7334315180778503,0.49799999594688416,0.01810000091791153
YLR410W-B,YNL284C-A,1,-4.4155307,0.7338235378265381,0.49900001287460327,0.01810000091791153
YJL047C,YPL060C-A,1,-4.4155307,0.7342143654823303,0.5,0.01810000091791153
YBL101W-A,YIL080W,1,-4.4155307,0.7346041202545166,0.5009999871253967,0.01810000091791153
YAR009C,YNL284C-A,1,-4.4155307,0.7349926829338074,0.5019999742507935,0.01810000091791153
YJR026W,YNL284C-A,1,-4.4155307,0.7353801131248474,0.503000020980835,0.01810000091791153
YJR078W,YDR014W-A,0,-4.4155307,0.7343065738677979,0.503000020980835,0.018200000748038292
YOR343C-B,YPR158C-D,1,-4.4155307,0.7346938848495483,0.5040000081062317,0.018200000748038292
YLL002W,YDR210W-C,1,-4.4155307,0.7350800633430481,0.5049999952316284,0.018200000748038292
YLR157C-A,YOL103W-B,1,-4.4155307,0.7354651093482971,0.5059999823570251,0.018200000748038292
YHL009W-A,YHR214C-C,1,-4.4155307,0.7358490824699402,0.5070000290870667,0.018200000748038292
YBL100W-A,YLR157C-A,1,-4.4155307,0.7362318634986877,0.5080000162124634,0.018200000748038292
YJL047C,YOR343W-B,1,-4.4155307,0.7366136312484741,0.5090000033378601,0.018200000748038292
YBL101W-B,YLR035C-A,1,-4.4155307,0.736994206905365,0.5099999904632568,0.018200000748038292
YDR210W-D,YNL284C-B,1,-4.4155307,0.7373737096786499,0.5109999775886536,0.018200000748038292
YDR210W-C,YGR027W-B,1,-4.4155307,0.7377521395683289,0.5120000243186951,0.018200000748038292
YDR210C-D,YML045W-A,1,-4.4155307,0.7381294965744019,0.5130000114440918,0.018200000748038292
YBL100W-A,YDR210W-C,1,-4.4155307,0.7385057210922241,0.5139999985694885,0.018200000748038292
YBL005W-B,YNL284C-A,1,-4.4155307,0.7388809323310852,0.5149999856948853,0.018200000748038292
YDR014W-A,YDR079C-A,0,-4.4155307,0.7378223538398743,0.5149999856948853,0.018300000578165054
YGR161W-A,YLR157C-A,1,-4.4155307,0.7381974458694458,0.515999972820282,0.018300000578165054
YBL101W-B,YFL002W-B,1,-4.4155307,0.7385714054107666,0.5170000195503235,0.018300000578165054
YLR157C-A,YPL060C-A,1,-4.4155307,0.7389443516731262,0.5180000066757202,0.018300000578165054
YBL100W-B,YOR343C-B,1,-4.4155307,0.7393162250518799,0.5189999938011169,0.018300000578165054
YML045W-A,YOL103W-B,1,-4.4155307,0.7396870851516724,0.5199999809265137,0.018300000578165054
YJL113W,YML045W-A,1,-4.4155307,0.7400568127632141,0.5210000276565552,0.018300000578165054
YBR012W-B,YDR210W-D,1,-4.4155307,0.7404255270957947,0.5220000147819519,0.018300000578165054
YER159C-A,YOR343C-B,1,-4.4155307,0.7407932281494141,0.5230000019073486,0.018300000578165054
YDR210W-C,YDR261C-D,1,-4.4155307,0.7411598563194275,0.5239999890327454,0.018300000578165054
YDR034C-C,YNL284C-A,1,-4.4155307,0.741525411605835,0.5249999761581421,0.018300000578165054
YFL002W-A,YHL009W-A,1,-4.4155307,0.741890013217926,0.5260000228881836,0.018300000578165054
YBL101W-A,YCL075W,1,-4.4155307,0.7422535419464111,0.5270000100135803,0.018300000578165054
YHL009W-A,YNL284C-B,1,-4.4155307,0.7426160573959351,0.527999997138977,0.018300000578165054
YDR210W-D,YGR161W-B,1,-4.4155307,0.742977499961853,0.5289999842643738,0.018300000578165054
YDR261W-B,YHL009W-A,1,-4.4155307,0.7433379888534546,0.5299999713897705,0.018300000578165054
YDR014W-A,YKL214C,0,-4.4155307,0.7422969341278076,0.5299999713897705,0.018400000408291817
YDR210W-D,YLR227W-B,1,-4.4155307,0.7426573634147644,0.531000018119812,0.018400000408291817
YGR027W-A,YOR343C-B,1,-4.4155307,0.74301677942276,0.5320000052452087,0.018400000408291817
YGR109W-B,YHL009W-A,1,-4.4155307,0.7433751821517944,0.5329999923706055,0.018400000408291817
YBL101W-B,YJR029W,1,-4.4155307,0.7437325716018677,0.5339999794960022,0.018400000408291817
YDR210W-D,YPR158W-A,1,-4.4155307,0.7440890073776245,0.5350000262260437,0.018400000408291817
YFL022C,YDR014W-A,0,-4.4155307,0.7430555820465088,0.5350000262260437,0.01850000023841858
YDR210W-C,YHL009W-B,1,-4.4155307,0.7434118986129761,0.5360000133514404,0.01850000023841858
YDR261W-A,YLR157C-A,1,-4.4155307,0.7437673211097717,0.5370000004768372,0.01850000023841858
YDR034C-C,YOR343C-B,1,-4.4155307,0.7441217303276062,0.5379999876022339,0.01850000023841858
YDR034C-C,YHL009W-A,1,-4.4155307,0.7444751262664795,0.5389999747276306,0.01850000023841858
YLR157C-A,YMR046C,1,-4.4155307,0.7448275685310364,0.5400000214576721,0.01850000023841858
YBL101W-A,YBL100W-A,1,-4.4155307,0.7451790571212769,0.5410000085830688,0.01850000023841858
YDR210W-D,YER160C,1,-4.4155307,0.7455295920372009,0.5419999957084656,0.01850000023841858
YDR210W-C,YFL002W-B,1,-4.4155307,0.7458791136741638,0.5429999828338623,0.01850000023841858
YBL101W-A,YLR256W-A,1,-4.4155307,0.7462276816368103,0.5440000295639038,0.01850000023841858
YER159C-A,YNL284C-A,1,-4.4155307,0.7465753555297852,0.5450000166893005,0.01850000023841858
YDR014W-A,YHR084W,0,-4.4155307,0.7455540299415588,0.5450000166893005,0.01860000006854534
YAR009C,YML045W-A,1,-4.4155307,0.7459016442298889,0.5460000038146973,0.01860000006854534
YBL101W-B,YDR261W-B,1,-4.4155307,0.7462483048439026,0.546999990940094,0.01860000006854534
YJL047C,YDR261W-B,1,-4.4155307,0.7465940117835999,0.5479999780654907,0.01860000006854534
YBL101W-A,YDR210W-C,1,-4.4155307,0.7469387650489807,0.5490000247955322,0.01860000006854534
YJL047C,YLR410W-B,1,-4.4155307,0.7472826242446899,0.550000011920929,0.01860000006854534
YBL101W-A,YDR098C-A,1,-4.4155307,0.7476255297660828,0.5509999990463257,0.01860000006854534
YDR210W-D,YOR343W-A,1,-4.4155307,0.7479674816131592,0.5519999861717224,0.01860000006854534
YBL101W-B,YJR028W,1,-4.4155307,0.748308539390564,0.5529999732971191,0.01860000006854534
YLR157C-A,YNL284C-B,1,-4.4155307,0.7486486434936523,0.5540000200271606,0.01860000006854534
YCL020W,YDR210W-C,1,-4.4155307,0.7489878535270691,0.5550000071525574,0.01860000006854534
YDR261C-D,YHL009W-A,1,-4.4155307,0.7493261694908142,0.5559999942779541,0.01860000006854534
YDR210W-D,YGR161W-A,1,-4.4155307,0.7496635317802429,0.5569999814033508,0.01860000006854534
YER160C,YOR343C-B,1,-4.4155307,0.75,0.5580000281333923,0.01860000006854534
YMR046C,YNL284C-A,1,-4.4155307,0.7503355741500854,0.5590000152587891,0.01860000006854534
YDR014W-A,YMR149W,0,-4.4155307,0.7493297457695007,0.5590000152587891,0.018699999898672104
YDR210W-D,YHL009W-B,1,-4.4155307,0.7496653199195862,0.5600000023841858,0.018699999898672104
YML045W-A,YPR158W-A,1,-4.4155307,0.75,0.5609999895095825,0.018699999898672104
YBL101W-B,YDR034C-C,1,-4.4155307,0.7503337860107422,0.5619999766349792,0.018699999898672104
YIL080W,YLR157C-A,1,-4.4155307,0.7506666779518127,0.5630000233650208,0.018699999898672104
YDR210W-C,YNL054W-B,1,-4.4155307,0.7509986758232117,0.5640000104904175,0.018699999898672104
YER104W,YBL101W-B,1,-4.4155307,0.751329779624939,0.5649999976158142,0.018699999898672104
YDR170W-A,YLR157C-A,1,-4.4155307,0.7516600489616394,0.5659999847412109,0.018699999898672104
YBL101W-B,YML040W,1,-4.4155307,0.7519893646240234,0.5669999718666077,0.018699999898672104
YJR027W,YOR343C-B,1,-4.4155307,0.7523179054260254,0.5680000185966492,0.018699999898672104
YAR010C,YBL101W-B,1,-4.4155307,0.7526454925537109,0.5690000057220459,0.018699999898672104
YBL071W-A,YCR102C,0,-4.4155307,0.7516512274742126,0.5690000057220459,0.018799999728798866
YBL101W-B,YDR261C-D,1,-4.4155307,0.751978874206543,0.5699999928474426,0.018799999728798866
YML040W,YML045W-A,1,-4.4155307,0.7523056864738464,0.5709999799728394,0.018799999728798866
YBL101W-A,YFL002W-B,1,-4.4155307,0.7526316046714783,0.5720000267028809,0.018799999728798866
YAR010C,YNL284C-A,1,-4.4155307,0.7529566287994385,0.5730000138282776,0.018799999728798866
YML045W-A,YOR343C-B,1,-4.4155307,0.7532808184623718,0.5740000009536743,0.018799999728798866
YJL047C,YDR210C-D,1,-4.4155307,0.7536041736602783,0.574999988079071,0.018799999728798866
YDR034C-C,YLR157C-A,1,-4.4155307,0.753926694393158,0.5759999752044678,0.018799999728798866
YDR210W-D,YGR109W-B,1,-4.4155307,0.7542483806610107,0.5770000219345093,0.018799999728798866
YBL101W-B,YER159C-A,1,-4.4155307,0.7545691728591919,0.578000009059906,0.018799999728798866
YLR157C-A,YNL054W-A,1,-4.4155307,0.754889190196991,0.5789999961853027,0.018799999728798866
YBL005W-B,YOR343C-B,1,-4.4155307,0.7552083134651184,0.5799999833106995,0.018799999728798866
YBR012W-B,YOR343C-B,1,-4.4155307,0.7555266618728638,0.5809999704360962,0.018799999728798866
YLL002W,YNL284C-A,1,-4.4155307,0.7558441758155823,0.5820000171661377,0.018799999728798866
YBL101W-B,YJL113W,1,-4.4155307,0.7561608552932739,0.5830000042915344,0.018799999728798866
YBL101W-A,YCL019W,1,-4.4155307,0.7564767003059387,0.5839999914169312,0.018799999728798866
YCL020W,YNL284C-A,1,-4.4155307,0.7567917108535767,0.5849999785423279,0.018799999728798866
YDR261W-B,YLR157C-A,1,-4.4155307,0.7571059465408325,0.5860000252723694,0.018799999728798866
YDR210W-C,YGR109W-B,1,-4.4155307,0.7574193477630615,0.5870000123977661,0.018799999728798866
YER160C,YML045W-A,1,-4.4155307,0.7577319741249084,0.5879999995231628,0.018799999728798866
YBL101W-B,YIL080W,1,-4.4155307,0.7580437660217285,0.5889999866485596,0.018799999728798866
YBL100W-A,YDR210W-D,1,-4.4155307,0.7583547830581665,0.5899999737739563,0.018799999728798866
YML045W-A,YOL103W-A,1,-4.4155307,0.7586649656295776,0.5910000205039978,0.018799999728798866
YER104W,YDR210W-C,1,-4.4155307,0.7589743733406067,0.5920000076293945,0.018799999728798866
YLR157C-A,YOR343W-B,1,-4.4155307,0.7592829465866089,0.5929999947547913,0.018799999728798866
YBL101W-B,YHL009W-A,1,-4.4155307,0.7595908045768738,0.593999981880188,0.018799999728798866
YDR034C-C,YML045W-A,1,-4.4155307,0.7598978281021118,0.5950000286102295,0.018799999728798866
YDR098C-A,YLR157C-A,1,-4.4155307,0.7602040767669678,0.5960000157356262,0.018799999728798866
YDR210W-D,YLR410W-B,1,-4.4155307,0.7605095505714417,0.597000002861023,0.018799999728798866
YDR098C-A,YHL009W-A,1,-4.4155307,0.7608142495155334,0.5979999899864197,0.018799999728798866
YJL047C,YNL054W-A,1,-4.4155307,0.7611181735992432,0.5989999771118164,0.018799999728798866
YCL019W,YDR210W-C,1,-4.4155307,0.7614213228225708,0.6000000238418579,0.018799999728798866
YDR210W-C,YIL080W,1,-4.4155307,0.7617236971855164,0.6010000109672546,0.018799999728798866
YGL143C,YPR036W-A,0,-4.4155307,0.7607594728469849,0.6010000109672546,0.01889999955892563
YDR210W-C,YMR045C,1,-4.4155307,0.76106196641922,0.6019999980926514,0.01889999955892563
YBL101W-A,YER160C,1,-4.4155307,0.7613636255264282,0.6029999852180481,0.01889999955892563
YAR009C,YHL009W-A,1,-4.4155307,0.7616645693778992,0.6039999723434448,0.01889999955892563
YDR210W-C,YMR046C,1,-4.4155307,0.761964738368988,0.6050000190734863,0.01889999955892563
YDR098C-A,YDR210W-D,1,-4.4155307,0.7622641324996948,0.6060000061988831,0.01889999955892563
YIL080W,YNL284C-A,1,-4.4155307,0.7625628113746643,0.6069999933242798,0.01889999955892563
YBL101W-B,YPR158W-B,1,-4.4155307,0.7628607153892517,0.6079999804496765,0.01889999955892563
YDR098C-A,YDR210W-C,1,-4.4155307,0.7631579041481018,0.609000027179718,0.01889999955892563
YLR157C-A,YPR158C-D,1,-4.4155307,0.7634543180465698,0.6100000143051147,0.01889999955892563
YBL101W-B,YER160C,1,-4.4155307,0.7637500166893005,0.6110000014305115,0.01889999955892563
YDR210W-D,YHL009W-A,1,-4.4155307,0.7640449404716492,0.6119999885559082,0.01889999955892563
YNL311C,YDL038C,0,-4.4155307,0.7630922794342041,0.6119999885559082,0.01899999938905239
YFL002W-B,YOR343C-B,1,-4.4155307,0.7633873224258423,0.6129999756813049,0.01899999938905239
YBL071W-A,YDL118W,0,-4.4155307,0.7624378204345703,0.6129999756813049,0.019099999219179153
YKL149C,YHL009W-A,1,-4.4155307,0.7627329230308533,0.6140000224113464,0.019099999219179153
YJR029W,YLR157C-A,1,-4.4155307,0.7630273103713989,0.6150000095367432,0.019099999219179153
YGR027W-A,YML045W-A,1,-4.4155307,0.7633209228515625,0.6159999966621399,0.019099999219179153
YER104W,YDR210W-D,1,-4.4155307,0.7636138796806335,0.6169999837875366,0.019099999219179153
YJR028W,YNL284C-A,1,-4.4155307,0.7639060616493225,0.6179999709129333,0.019099999219179153
YJL047C,YLR256W-A,1,-4.4155307,0.7641975283622742,0.6190000176429749,0.019099999219179153
YBL101W-B,YCL075W,1,-4.4155307,0.7644882798194885,0.6200000047683716,0.019099999219179153
YJL113W,YLR157C-A,1,-4.4155307,0.7647783160209656,0.6209999918937683,0.019099999219179153
YBL100W-A,YBL101W-B,1,-4.4155307,0.7650676369667053,0.621999979019165,0.019099999219179153
YDR210W-D,YPR158W-B,1,-4.4155307,0.7653562426567078,0.6230000257492065,0.019099999219179153
YBL101W-A,YDR316W-A,1,-4.4155307,0.7656441926956177,0.6240000128746033,0.019099999219179153
YBL101W-A,YMR046C,1,-4.4155307,0.7659313678741455,0.625,0.019099999219179153
YBL101W-B,YOR343C-B,1,-4.4155307,0.7662178874015808,0.6259999871253967,0.019099999219179153
YDR365W-A,YOR343C-B,1,-4.4155307,0.7665036916732788,0.6269999742507935,0.019099999219179153
YGR109W-B,YNL284C-A,1,-4.4155307,0.7667887806892395,0.628000020980835,0.019099999219179153
YHL009W-A,YOL103W-A,1,-4.4155307,0.7670731544494629,0.6290000081062317,0.019099999219179153
YBL101W-B,YDR210W-C,1,-4.4155307,0.7673568725585938,0.6299999952316284,0.019099999219179153
YDR261W-B,YML045W-A,1,-4.4155307,0.7676398754119873,0.6309999823570251,0.019099999219179153
YCL020W,YDR210W-D,1,-4.4155307,0.7679222226142883,0.6320000290870667,0.019099999219179153
YJR084W,YLR337W,0,-4.4155307,0.7669903039932251,0.6320000290870667,0.019200000911951065
YBL101W-B,YPR137C-A,1,-4.4155307,0.7672727108001709,0.6330000162124634,0.019200000911951065
YDR210C-C,YHL009W-A,1,-4.4155307,0.7675544619560242,0.6340000033378601,0.019200000911951065
YAR010C,YDR210W-D,1,-4.4155307,0.7678355574607849,0.6349999904632568,0.019200000911951065
YCL020W,YLR157C-A,1,-4.4155307,0.7681159377098083,0.6359999775886536,0.019200000911951065
YHL009W-A,YJL113W,1,-4.4155307,0.7683956623077393,0.6370000243186951,0.019200000911951065
YJL047C,YGR161W-A,1,-4.4155307,0.7686746716499329,0.6380000114440918,0.019200000911951065
YKR095W-A,YMR087W,0,-4.4155307,0.7677497267723083,0.6380000114440918,0.019300000742077827
YJL047C,YOR343C-B,1,-4.4155307,0.7680288553237915,0.6389999985694885,0.019300000742077827
YJR026W,YLR157C-A,1,-4.4155307,0.7683073282241821,0.6399999856948853,0.019300000742077827
YAR009C,YDR210W-C,1,-4.4155307,0.7685851454734802,0.640999972820282,0.019300000742077827
YGR027W-B,YHL009W-A,1,-4.4155307,0.768862247467041,0.6420000195503235,0.019300000742077827
YDR210W-C,YLR227W-B,1,-4.4155307,0.769138753414154,0.6430000066757202,0.019300000742077827
YGR109W-B,YLR157C-A,1,-4.4155307,0.7694146037101746,0.6439999938011169,0.019300000742077827
YDR210W-D,YJL113W,1,-4.4155307,0.7696897387504578,0.6449999809265137,0.019300000742077827
YHL009W-A,YPR158W-A,1,-4.4155307,0.7699642181396484,0.6460000276565552,0.019300000742077827
YDR034C-D,YDR210W-D,1,-4.4155307,0.7702381014823914,0.6470000147819519,0.019300000742077827
YAR009C,YOR343C-B,1,-4.4155307,0.770511269569397,0.6480000019073486,0.019300000742077827
YDR365W-A,YHL009W-A,1,-4.4155307,0.7707838416099548,0.6489999890327454,0.019300000742077827
YLL002W,YDR210W-D,1,-4.4155307,0.7710557579994202,0.6499999761581421,0.019300000742077827
YML045W-A,YOR343W-B,1,-4.4155307,0.771327018737793,0.6510000228881836,0.019300000742077827
YHL009W-A,YPR158C-C,1,-4.4155307,0.7715976238250732,0.6520000100135803,0.019300000742077827
YDR210W-C,YGR161W-A,1,-4.4155307,0.7718676328659058,0.652999997138977,0.019300000742077827
YJL047C,YBL101W-A,1,-4.4155307,0.772136926651001,0.6539999842643738,0.019300000742077827
YLR035C-A,YML045W-A,1,-4.4155307,0.7724056839942932,0.6549999713897705,0.019300000742077827
YCL020W,YHL009W-A,1,-4.4155307,0.7726737260818481,0.656000018119812,0.019300000742077827
YML045W-A,YMR045C,1,-4.4155307,0.7729411721229553,0.6570000052452087,0.019300000742077827
YDR210W-D,YNL054W-A,1,-4.4155307,0.77320796251297,0.6579999923706055,0.019300000742077827
YBL101W-A,YJL113W,1,-4.4155307,0.7734741568565369,0.6589999794960022,0.019300000742077827
YDR210W-C,YOL103W-A,1,-4.4155307,0.773739755153656,0.6600000262260437,0.019300000742077827
YER159C-A,YHL009W-A,1,-4.4155307,0.7740046977996826,0.6610000133514404,0.019300000742077827
YBL101W-A,YDR210W-D,1,-4.4155307,0.7742689847946167,0.6620000004768372,0.019300000742077827
YBL101W-A,YJR026W,1,-4.4155307,0.7745327353477478,0.6629999876022339,0.019300000742077827
YDR098C-A,YOR343C-B,1,-4.4155307,0.7747957706451416,0.6639999747276306,0.019300000742077827
YBL101W-A,YFL002W-A,1,-4.4155307,0.7750582695007324,0.6650000214576721,0.019300000742077827
YBL101W-A,YJR028W,1,-4.4155307,0.7753201127052307,0.6660000085830688,0.019300000742077827
YDR210W-D,YFL002W-B,1,-4.4155307,0.775581419467926,0.6669999957084656,0.019300000742077827
YDR210W-C,YOR343W-B,1,-4.4155307,0.7758420705795288,0.6679999828338623,0.019300000742077827
YGR161W-B,YML045W-A,1,-4.4155307,0.7761020660400391,0.6690000295639038,0.019300000742077827
YJR026W,YNL284C-B,1,-4.4155674,0.7763615250587463,0.6700000166893005,0.019300000742077827
YMR046C,YOL103W-A,1,-4.4156494,0.7766203880310059,0.6710000038146973,0.019300000742077827
YBL005W-B,YMR046C,1,-4.415691,0.7768785953521729,0.671999990940094,0.019300000742077827
YAR010C,YMR045C,1,-4.4157543,0.7771362662315369,0.6729999780654907,0.019300000742077827
YJL021C,YPL089C,0,-4.4157677,0.7762399315834045,0.6729999780654907,0.01940000057220459
YBR012W-B,YGR027W-B,1,-4.415793,0.7764977216720581,0.6740000247955322,0.01940000057220459
YJL102W,YJL059W,0,-4.415867,0.7756041288375854,0.6740000247955322,0.019500000402331352
YDR261W-B,YLR035C-A,1,-4.4159136,0.7758620977401733,0.675000011920929,0.019500000402331352
YDR365W-A,YIL080W,1,-4.4159184,0.7761194109916687,0.6759999990463257,0.019500000402331352
YCL075W,YGR161W-A,1,-4.4161177,0.7763761281967163,0.6769999861717224,0.019500000402331352
YLR256W-A,YPR158W-A,1,-4.416129,0.7766323089599609,0.6779999732971191,0.019500000402331352
YBL100W-B,YER137C-A,1,-4.4163213,0.7768878936767578,0.6790000200271606,0.019500000402331352
YHR214C-C,YMR046C,1,-4.416376,0.7771428823471069,0.6800000071525574,0.019500000402331352
YKL149C,YNL284C-B,1,-4.4164066,0.7773972749710083,0.6809999942779541,0.019500000402331352
YMR045C,YPR158C-C,1,-4.4164114,0.7776510715484619,0.6819999814033508,0.019500000402331352
YDR261W-B,YDR316W-A,1,-4.4164224,0.7779043316841125,0.6830000281333923,0.019500000402331352
YMR046C,YPL060C-A,1,-4.4167557,0.7781569957733154,0.6840000152587891,0.019500000402331352
YDR034C-C,YLR256W-A,1,-4.416817,0.7784090638160706,0.6850000023841858,0.019500000402331352
YFR030W,YJL012C-A,0,-4.416832,0.7775255441665649,0.6850000023841858,0.019600000232458115
YDR365W-A,YJR027W,1,-4.417009,0.7777777910232544,0.6859999895095825,0.019600000232458115
YDR210C-D,YPR158C-C,1,-4.417027,0.7780294418334961,0.6869999766349792,0.019600000232458115
YDR210C-C,YJL113W,1,-4.417081,0.7782805562019348,0.6880000233650208,0.019600000232458115
YNL030W,YOR305W,0,-4.417101,0.7774011492729187,0.6880000233650208,0.019700000062584877
YNL159C,YCL060C,0,-4.417103,0.7765237092971802,0.6880000233650208,0.01979999989271164
YIL080W,YNL054W-A,1,-4.417137,0.7767756581306458,0.6890000104904175,0.01979999989271164
YCL075W,YDR261W-B,1,-4.4171906,0.7770270109176636,0.6899999976158142,0.01979999989271164
YLR256W-A,YPR137C-A,1,-4.4174156,0.7772778272628784,0.6909999847412109,0.01979999989271164
YOL103W-B,YPL060C-A,1,-4.4174366,0.7775281071662903,0.6919999718666077,0.01979999989271164
YMR046C,YPR158W-A,1,-4.4174366,0.7777777910232544,0.6930000185966492,0.01979999989271164
YER159C-A,YLR256W-A,1,-4.417613,0.7780268788337708,0.6940000057220459,0.01979999989271164
YDR316W-A,YER137C-A,1,-4.4180346,0.7782754898071289,0.6949999928474426,0.01979999989271164
YLR312C-B,YDR398W,0,-4.418186,0.7774049043655396,0.6949999928474426,0.019899999722838402
YDR034C-D,YJL113W,1,-4.418397,0.7776536345481873,0.6959999799728394,0.019899999722838402
YLR391W,YMR260C,0,-4.4187136,0.7767857313156128,0.6959999799728394,0.019999999552965164
YCL020W,YPR158C-C,1,-4.4187474,0.77703458070755,0.6970000267028809,0.019999999552965164
YBR100W,YFL036W,0,-4.418808,0.7761692404747009,0.6970000267028809,0.020099999383091927
YGR216C,YFR024C,0,-4.418948,0.7753058671951294,0.6970000267028809,0.02019999921321869
YBR100W,YBL056W,0,-4.419225,0.7744444608688354,0.6970000267028809,0.0203000009059906
YDR210C-D,YJL113W,1,-4.419248,0.7746948003768921,0.6980000138282776,0.0203000009059906
YKL149C,YDR098C-A,1,-4.419383,0.774944543838501,0.6990000009536743,0.0203000009059906
YLR410W-B,YMR046C,1,-4.4195633,0.7751938104629517,0.699999988079071,0.0203000009059906
YJL128C,YCR080W,0,-4.4196687,0.7743362784385681,0.699999988079071,0.020400000736117363
YGR161W-B,YML045W,1,-4.4197183,0.7745856642723083,0.7009999752044678,0.020400000736117363
YDR034C-C,YGR027W-A,1,-4.419891,0.7748344540596008,0.7020000219345093,0.020400000736117363
YJL047C,YBR012W-B,1,-4.4201155,0.7750827074050903,0.703000009059906,0.020400000736117363
YDL166C,YBR100W,0,-4.4202347,0.7742290496826172,0.703000009059906,0.020500000566244125
YCL020W,YPR137C-A,1,-4.4202366,0.7744774222373962,0.7039999961853027,0.020500000566244125
YJR029W,YLR410W-B,1,-4.4205766,0.7747252583503723,0.7049999833106995,0.020500000566244125
YLR312C-B,YHR167W,0,-4.420737,0.7738748788833618,0.7049999833106995,0.020600000396370888
YER159C-A,YGR161W-B,1,-4.420783,0.7741228342056274,0.7059999704360962,0.020600000396370888
YLL002W,YLR256W-A,1,-4.420972,0.7743701934814453,0.7070000171661377,0.020600000396370888
YDR210C-C,YDR261C-D,1,-4.420987,0.774617075920105,0.7080000042915344,0.020600000396370888
YBL100W-B,YHR214C-C,1,-4.4210606,0.7748633623123169,0.7089999914169312,0.020600000396370888
YDR210C-C,YIL082W-A,1,-4.4212055,0.7751091718673706,0.7099999785423279,0.020600000396370888
YKL149C,YOR343W-A,1,-4.4213514,0.7753544449806213,0.7110000252723694,0.020600000396370888
YDL149W,YDL020C,0,-4.421444,0.7745097875595093,0.7110000252723694,0.02070000022649765
YER070W,YBL025W,0,-4.4214897,0.77366703748703,0.7110000252723694,0.020800000056624413
YLR293C,YLR312C-B,0,-4.4216404,0.772826075553894,0.7110000252723694,0.020899999886751175
YML045W,YOR343W-B,1,-4.421643,0.7730727195739746,0.7120000123977661,0.020899999886751175
YBL005W-B,YPR158C-C,1,-4.421676,0.773318886756897,0.7129999995231628,0.020899999886751175
YJR026W,YNL054W-A,1,-4.421684,0.7735644578933716,0.7139999866485596,0.020899999886751175
YFL002W-A,YHL009W-B,1,-4.4216986,0.773809552192688,0.7149999737739563,0.020899999886751175
YPL060W,YKL088W,0,-4.421727,0.7729730010032654,0.7149999737739563,0.020999999716877937
YDR261C-D,YPR158C-C,1,-4.4218445,0.7732181549072266,0.7160000205039978,0.020999999716877937
YER137C-A,YPR158W-B,1,-4.421927,0.7734627723693848,0.7170000076293945,0.020999999716877937
YER159C-A,YOL103W-B,1,-4.421938,0.7737069129943848,0.7179999947547913,0.020999999716877937
YDR365W-A,YGR027W-B,1,-4.4222035,0.773950457572937,0.718999981880188,0.020999999716877937
YDR138W,YJL012C-A,0,-4.422208,0.773118257522583,0.718999981880188,0.0210999995470047
YJR027W,YLR410W-B,1,-4.422222,0.7733619809150696,0.7200000286102295,0.0210999995470047
YOL008W,YLR126C,0,-4.422262,0.7725321650505066,0.7200000286102295,0.021199999377131462
YPR016C,YCR062W,0,-4.4223204,0.7717041969299316,0.7200000286102295,0.021299999207258224
YBL100W-A,YER159C-A,1,-4.4223604,0.7719486355781555,0.7210000157356262,0.021299999207258224
YER159C-A,YFL002W-A,1,-4.422447,0.7721925377845764,0.722000002861023,0.021299999207258224
YGR161W-B,YPL060C-A,1,-4.4224806,0.7724359035491943,0.7229999899864197,0.021299999207258224
YKL149C,YBR012W-B,1,-4.422519,0.7726787328720093,0.7239999771118164,0.021299999207258224
YGR161W-B,YPR158C-C,1,-4.4225264,0.772921085357666,0.7250000238418579,0.021299999207258224
YJL021C,YGL090W,0,-4.422661,0.7720980048179626,0.7250000238418579,0.021400000900030136
YKL149C,YLR227W-B,1,-4.422677,0.7723404169082642,0.7260000109672546,0.021400000900030136
YDR034C-C,YML040W,1,-4.4227333,0.7725823521614075,0.7269999980926514,0.021400000900030136
YLL002W,YDR261C-D,1,-4.4228578,0.7728237509727478,0.7279999852180481,0.021400000900030136
YJL102W,YHR001W-A,0,-4.423017,0.772004246711731,0.7279999852180481,0.0215000007301569
YDR078C,YJR141W,0,-4.42307,0.7711864113807678,0.7279999852180481,0.02160000056028366
YER073W,YLR224W,0,-4.4230766,0.770370364189148,0.7279999852180481,0.021700000390410423
YFL002W-A,YPR158C-C,1,-4.4232755,0.7706131339073181,0.7289999723434448,0.021700000390410423
YDR098C-A,YHR214C-C,1,-4.4234033,0.7708553075790405,0.7300000190734863,0.021700000390410423
YER137C-A,YOR343W-A,1,-4.4235697,0.7710970640182495,0.7310000061988831,0.021700000390410423
YHR214C-C,YOL103W-B,1,-4.4236298,0.7713382244110107,0.7319999933242798,0.021700000390410423
YGR027W-A,YGR161W-B,1,-4.423668,0.7715789675712585,0.7329999804496765,0.021700000390410423
YDR261C-D,YPL060C-A,1,-4.4238043,0.7718191146850586,0.734000027179718,0.021700000390410423
YLR256W-A,YOL103W-B,1,-4.423926,0.7720588445663452,0.7350000143051147,0.021700000390410423
YJR026W,YNL054W-B,1,-4.424032,0.7722979784011841,0.7360000014305115,0.021700000390410423
YER137C-A,YLR227W-B,1,-4.4245043,0.7725366950035095,0.7369999885559082,0.021700000390410423
YLR035C-A,YLR410W-B,1,-4.4245195,0.772774875164032,0.7379999756813049,0.021700000390410423
YGR161W-B,YML040W,1,-4.4246345,0.7730125784873962,0.7390000224113464,0.021700000390410423
YDR170W-A,YER137C-A,1,-4.424703,0.7732497453689575,0.7400000095367432,0.021700000390410423
YCL020W,YDR261W-A,1,-4.424879,0.7734864354133606,0.7409999966621399,0.021700000390410423
YDR098C-A,YHL009W-B,1,-4.42494,0.7737226486206055,0.7419999837875366,0.021700000390410423
YER104W,YPR158C-C,1,-4.425207,0.7739583253860474,0.7429999709129333,0.021700000390410423
YDR210C-D,YHL009W-B,1,-4.4252987,0.774193525314331,0.7440000176429749,0.021700000390410423
YBL100W-B,YER159C-A,1,-4.4253144,0.7744282484054565,0.7450000047683716,0.021700000390410423
YGR161W-A,YJR028W,1,-4.4253683,0.7746624946594238,0.7459999918937683,0.021700000390410423
YER159C-A,YNL284C-B,1,-4.42546,0.7748962640762329,0.746999979019165,0.021700000390410423
YFR024C,YGR014W,0,-4.425488,0.7740932703018188,0.746999979019165,0.021800000220537186
YLR167W,YPL235W,0,-4.42557,0.7732919454574585,0.746999979019165,0.021900000050663948
YER160C,YPR158W-A,1,-4.4258113,0.7735263705253601,0.7480000257492065,0.021900000050663948
YJL113W,YLR410W-B,1,-4.425826,0.7737603187561035,0.7490000128746033,0.021900000050663948
YML012W,YLR312C-B,0,-4.42604,0.7729617953300476,0.7490000128746033,0.02199999988079071
YML040W,YPR158W-B,1,-4.4261017,0.7731958627700806,0.75,0.02199999988079071
YLR355C,YCR058C,0,-4.426375,0.7723996043205261,0.75,0.022099999710917473
YOR237W,YGL046W,0,-4.426858,0.7716049551963806,0.75,0.022199999541044235
YCL020W,YLR256W-A,1,-4.427117,0.7718396782875061,0.7509999871253967,0.022199999541044235
YDR023W,YDL060W,0,-4.427165,0.7710472345352173,0.7509999871253967,0.022299999371170998
YDR256C,YBR295W,0,-4.42723,0.7702564001083374,0.7509999871253967,0.02239999920129776
YGR109W-B,YIL082W-A,1,-4.4272876,0.7704917788505554,0.7519999742507935,0.02239999920129776
YCL003W,YDL130W-A,0,-4.4274054,0.7697031497955322,0.7519999742507935,0.02250000089406967
YDR210C-D,YER159C-A,1,-4.4274654,0.7699386477470398,0.753000020980835,0.02250000089406967
YLR129W,YNL046W,0,-4.427788,0.7691522240638733,0.753000020980835,0.022600000724196434
YGR161W-A,YOR343W-A,1,-4.427924,0.7693877816200256,0.7540000081062317,0.022600000724196434
YFL002W-A,YPR137C-A,1,-4.4279947,0.7696228623390198,0.7549999952316284,0.022600000724196434
YDR210C-D,YML045W,1,-4.4280257,0.7698574066162109,0.7559999823570251,0.022600000724196434
YBL100W-B,YGR161W-A,1,-4.42822,0.7700915336608887,0.7570000290870667,0.022600000724196434
YPR167C,YAL068C,0,-4.428398,0.7693089246749878,0.7570000290870667,0.022700000554323196
YNL199C,YJL018W,0,-4.428404,0.7685279250144958,0.7570000290870667,0.02280000038444996
YDR034C-C,YLR035C-A,1,-4.4284377,0.7687626481056213,0.7580000162124634,0.02280000038444996
YLR081W,YDR358W,0,-4.42854,0.7679837942123413,0.7580000162124634,0.02290000021457672
YOL103W-B,YPR137C-A,1,-4.428578,0.7682186365127563,0.7590000033378601,0.02290000021457672
YGR027W-A,YOL103W-B,1,-4.428624,0.7684530019760132,0.7599999904632568,0.02290000021457672
YDR034C-C,YDR261W-A,1,-4.428686,0.7686868906021118,0.7609999775886536,0.02290000021457672
YGR027W-B,YJR028W,1,-4.4287877,0.7689203023910522,0.7620000243186951,0.02290000021457672
YKL185W,YLR303W,0,-4.4289746,0.7681451439857483,0.7620000243186951,0.023000000044703484
YER159C-A,YPR158W-B,1,-4.4290056,0.7683786749839783,0.7630000114440918,0.023000000044703484
YLR256W-A,YOR343W-A,1,-4.429083,0.7686116695404053,0.7639999985694885,0.023000000044703484
YJL021C,YLR386W,0,-4.4291058,0.7678391933441162,0.7639999985694885,0.023099999874830246
YCR014C,YJL109C,0,-4.429204,0.7670682668685913,0.7639999985694885,0.02319999970495701
YLR410W-B,YPR158C-C,1,-4.429223,0.7673019170761108,0.7649999856948853,0.02319999970495701
YJR094C,YBL075C,0,-4.4292517,0.7665330767631531,0.7649999856948853,0.02329999953508377
YDR170W-A,YER159C-A,1,-4.4294186,0.7667667865753174,0.765999972820282,0.02329999953508377
YMR156C,YMR284W,0,-4.4294467,0.765999972820282,0.765999972820282,0.023399999365210533
YJR070C,YJL018W,0,-4.4294486,0.7652347683906555,0.765999972820282,0.023499999195337296
YGL155W,YCL060C,0,-4.4294815,0.7644710540771484,0.765999972820282,0.023600000888109207
YGR161W-A,YMR046C,1,-4.4295373,0.7647058963775635,0.7670000195503235,0.023600000888109207
YPL096C-A,YPL120W,0,-4.4296026,0.7639442086219788,0.7670000195503235,0.02370000071823597
YOL023W,YML033W,0,-4.4297104,0.7631840705871582,0.7670000195503235,0.023800000548362732
YDR034C-D,YHL009W-B,1,-4.4297442,0.763419508934021,0.7680000066757202,0.023800000548362732
YGL033W,YFL014W,0,-4.429795,0.7626613974571228,0.7680000066757202,0.023900000378489494
YOL103W-A,YOL103W-B,1,-4.4298005,0.7628968358039856,0.7689999938011169,0.023900000378489494
YBR012W-B,YMR045C,1,-4.4298253,0.7631317973136902,0.7699999809265137,0.023900000378489494
YFR019W,YPL167C,0,-4.429921,0.7623762488365173,0.7699999809265137,0.024000000208616257
YJR031C,YPR189W,0,-4.4299617,0.7616221308708191,0.7699999809265137,0.02410000003874302
YBL100W-B,YGR027W-A,1,-4.4299855,0.7618576884269714,0.7710000276565552,0.02410000003874302
YML008C,YCR062W,0,-4.430026,0.7611056566238403,0.7710000276565552,0.02419999986886978
YPL275W,YIL068C,0,-4.4300904,0.7603550553321838,0.7710000276565552,0.024299999698996544
YBL100W-B,YHL009W-B,1,-4.4301395,0.7605911493301392,0.7720000147819519,0.024299999698996544
YCR038C,YDL090C,0,-4.4302926,0.7598425149917603,0.7720000147819519,0.024399999529123306
YBR012W-B,YDR210C-C,1,-4.430294,0.7600786685943604,0.7730000019073486,0.024399999529123306
YNL126W,YGL225W,0,-4.4304647,0.759332001209259,0.7730000019073486,0.02449999935925007
YBL100W-A,YOL103W-A,1,-4.43049,0.7595682144165039,0.7739999890327454,0.02449999935925007
YDL149W,YML033W,0,-4.430592,0.7588235139846802,0.7739999890327454,0.02459999918937683
YJR028W,YOR343W-B,1,-4.4306793,0.759059727191925,0.7749999761581421,0.02459999918937683
YHR214C-C,YNL284C-B,1,-4.430688,0.7592955231666565,0.7760000228881836,0.02459999918937683
YKL149C,YPR158C-C,1,-4.430688,0.759530782699585,0.7770000100135803,0.02459999918937683
YLL034C,YOR116C,0,-4.4309072,0.7587890625,0.7770000100135803,0.024700000882148743
YCL060C,YDR472W,0,-4.4310284,0.7580487728118896,0.7770000100135803,0.024800000712275505
YDR123C,YBR090C-A,0,-4.4310684,0.7573099136352539,0.7770000100135803,0.024900000542402267
YLR391W,YMR104C,0,-4.431082,0.7565725445747375,0.7770000100135803,0.02500000037252903
YGL253W,YDR213W,0,-4.4310846,0.755836546421051,0.7770000100135803,0.025100000202655792
YDR261W-A,YJL113W,1,-4.4311247,0.7560738325119019,0.777999997138977,0.025100000202655792
YFL002W-A,YPR158W-A,1,-4.431141,0.7563107013702393,0.7789999842643738,0.025100000202655792
YJL102W,YPL010W,0,-4.4313803,0.7555770874023438,0.7789999842643738,0.025200000032782555
YHL009W-B,YOR343W-B,1,-4.431437,0.7558139562606812,0.7799999713897705,0.025200000032782555
YBL019W,YER190W,0,-4.4314547,0.7550823092460632,0.7799999713897705,0.025299999862909317
YJL191W,YNL302C,0,-4.43175,0.7543520331382751,0.7799999713897705,0.02539999969303608
YLR227W-B,YPR158C-C,1,-4.4318495,0.7545893788337708,0.781000018119812,0.02539999969303608
YJR026W,YPL060C-A,1,-4.431882,0.7548262476921082,0.7820000052452087,0.02539999969303608
YDR210C-D,YGR027W-A,1,-4.431898,0.7550626993179321,0.7829999923706055,0.02539999969303608
YDL117W,YDR416W,0,-4.432086,0.7543352842330933,0.7829999923706055,0.025499999523162842
YDR261W-A,YGR161W-B,1,-4.4322815,0.7545716762542725,0.7839999794960022,0.025499999523162842
YLR227W-B,YML040W,1,-4.432498,0.754807710647583,0.7850000262260437,0.025499999523162842
YCL040W,YCL060C,0,-4.432671,0.7540826201438904,0.7850000262260437,0.025599999353289604
YIL082W-A,YJR026W,1,-4.4327106,0.7543185949325562,0.7860000133514404,0.025599999353289604
YAL051W,YLR312C-B,0,-4.4327354,0.7535954117774963,0.7860000133514404,0.025699999183416367
YER137C-A,YIL082W-A,1,-4.4327974,0.7538314461708069,0.7870000004768372,0.025699999183416367
YBL100W-B,YOL103W-A,1,-4.432847,0.7540670037269592,0.7879999876022339,0.025699999183416367
YCL060C,YDL060W,0,-4.433121,0.7533460855484009,0.7879999876022339,0.025800000876188278
YKR019C,YCL060C,0,-4.433445,0.7526265382766724,0.7879999876022339,0.02590000070631504
YDR034C-C,YPL060C-A,1,-4.4335294,0.7528625726699829,0.7889999747276306,0.02590000070631504
YCR055C,YBL034C,0,-4.433587,0.7521448731422424,0.7889999747276306,0.026000000536441803
YKL139W,YHR090C,0,-4.433707,0.7514285445213318,0.7889999747276306,0.026100000366568565
YDR034C-D,YER159C-A,1,-4.4337626,0.7516650557518005,0.7900000214576721,0.026100000366568565
YGL168W,YCR055C,0,-4.433981,0.7509505748748779,0.7900000214576721,0.026200000196695328
YGR027W-A,YIL082W-A,1,-4.434297,0.7511870861053467,0.7910000085830688,0.026200000196695328
YBR079C,YML033W,0,-4.434646,0.7504743933677673,0.7910000085830688,0.02630000002682209
YNL201C,YLR263W,0,-4.434658,0.749763011932373,0.7910000085830688,0.026399999856948853
YJL113W,YPR158C-C,1,-4.434698,0.75,0.7919999957084656,0.026399999856948853
YBR059C,YCL060C,0,-4.434779,0.7492904663085938,0.7919999957084656,0.026499999687075615
YNL047C,YLR126C,0,-4.434932,0.7485822439193726,0.7919999957084656,0.026599999517202377
YGR027W-A,YLR227W-B,1,-4.4350986,0.7488196492195129,0.7929999828338623,0.026599999517202377
YGR156W,YCR102C,0,-4.435131,0.748113214969635,0.7929999828338623,0.02669999934732914
YER104W,YDR365W-A,1,-4.435483,0.7483506202697754,0.7940000295639038,0.02669999934732914
YGR161W-A,YNL284C-B,1,-4.4355335,0.7485875487327576,0.7950000166893005,0.02669999934732914
YPR102C,YHR167W,0,-4.435583,0.7478833198547363,0.7950000166893005,0.026799999177455902
YHR204W,YJR141W,0,-4.435916,0.7471804618835449,0.7950000166893005,0.026900000870227814
YAR044W,YOL006C,0,-4.435953,0.7464788556098938,0.7950000166893005,0.027000000700354576
YNL284C-B,YPR137C-A,1,-4.436001,0.7467166781425476,0.7960000038146973,0.027000000700354576
YPR137C-A,YPR158W-B,1,-4.436017,0.746954083442688,0.796999990940094,0.027000000700354576
YML102W,YJL012C-A,0,-4.4360304,0.7462546825408936,0.796999990940094,0.02710000053048134
YLR035C-A,YOL103W-B,1,-4.4365582,0.7464920282363892,0.7979999780654907,0.02710000053048134
YBL005W-B,YER137C-A,1,-4.436677,0.7467289566993713,0.7990000247955322,0.02710000053048134
YDR316W-A,YPR137C-A,1,-4.436795,0.7469654679298401,0.800000011920929,0.02710000053048134
YER028C,YJL012C-A,0,-4.436946,0.746268630027771,0.800000011920929,0.0272000003606081
YBR100W,YLR265C,0,-4.4371185,0.7455731630325317,0.800000011920929,0.027300000190734863
YGR027W-A,YOR343W-A,1,-4.437236,0.7458100318908691,0.8009999990463257,0.027300000190734863
YDR316W-A,YHL009W-B,1,-4.4374056,0.7460464835166931,0.8019999861717224,0.027300000190734863
YJR028W,YPR158C-D,1,-4.4374223,0.7462825179100037,0.8029999732971191,0.027300000190734863
YFL002W-B,YGR027W-B,1,-4.437439,0.7465181350708008,0.8040000200271606,0.027300000190734863
YLL002W,YPR158C-C,1,-4.4376087,0.7467532753944397,0.8050000071525574,0.027300000190734863
YCR055C,YBL106C,0,-4.437673,0.7460611462593079,0.8050000071525574,0.027400000020861626
YDR261C-D,YJR028W,1,-4.4377446,0.7462962865829468,0.8059999942779541,0.027400000020861626
YDR210C-D,YPR158W-A,1,-4.4377956,0.7465310096740723,0.8069999814033508,0.027400000020861626
YDR316W-A,YOL103W-A,1,-4.4381175,0.7467652559280396,0.8080000281333923,0.027400000020861626
YGL212W,YJL059W,0,-4.4381485,0.7460756897926331,0.8080000281333923,0.027499999850988388
YCL075W,YPR158W-A,1,-4.4381857,0.7463099360466003,0.8090000152587891,0.027499999850988388
YLR227W-B,YPR137C-A,1,-4.4382195,0.7465437650680542,0.8100000023841858,0.027499999850988388
YDR494W,YIL017W,0,-4.438329,0.7458563446998596,0.8100000023841858,0.02759999968111515
YHR214C-C,YIL080W,1,-4.4384775,0.7460901737213135,0.8109999895095825,0.02759999968111515
YCL075W,YNL054W-A,1,-4.4387693,0.7463235259056091,0.8119999766349792,0.02759999968111515
YDR098C-A,YLR410W-B,1,-4.4388204,0.7465564608573914,0.8130000233650208,0.02759999968111515
YLR035C-A,YNL284C-B,1,-4.438924,0.7467889785766602,0.8140000104904175,0.02759999968111515
YCL075W,YGR027W-A,1,-4.439044,0.7470210790634155,0.8149999976158142,0.02759999968111515
YPR158W-A,YPR158W-B,1,-4.4390783,0.7472527623176575,0.8159999847412109,0.02759999968111515
YCL075W,YDR261W-A,1,-4.43925,0.7474839687347412,0.8169999718666077,0.02759999968111515
YOR014W,YNL313C,0,-4.439255,0.7468007206916809,0.8169999718666077,0.027699999511241913
YEL050C,YNL046W,0,-4.4395266,0.7461187243461609,0.8169999718666077,0.027799999341368675
YBR233W-A,YGR113W,0,-4.439642,0.7454379796981812,0.8169999718666077,0.027899999171495438
YBR012W-B,YER137C-A,1,-4.4396453,0.7456700205802917,0.8180000185966492,0.027899999171495438
YLR312C-B,YMR179W,0,-4.4397016,0.744990885257721,0.8180000185966492,0.02800000086426735
YML040W,YPR158C-D,1,-4.439714,0.7452229261398315,0.8190000057220459,0.02800000086426735
YKL149C,YPR158W-B,1,-4.4398694,0.7454545497894287,0.8199999928474426,0.02800000086426735
YDR316W-A,YPR158W-A,1,-4.439973,0.7456857562065125,0.8209999799728394,0.02800000086426735
YDR261W-A,YIL082W-A,1,-4.440007,0.745916485786438,0.8220000267028809,0.02800000086426735
YAR010C,YPR137C-A,1,-4.440007,0.7461468577384949,0.8230000138282776,0.02800000086426735
YLR227W-B,YOL103W-A,1,-4.4401283,0.7463768124580383,0.8240000009536743,0.02800000086426735
YIR023W,YJL204C,0,-4.4404964,0.7457013726234436,0.8240000009536743,0.02810000069439411
YML040W,YOR343W-B,1,-4.4405823,0.7459312677383423,0.824999988079071,0.02810000069439411
YDR302W,YCR080W,0,-4.440782,0.7452574372291565,0.824999988079071,0.028200000524520874
YDR261W-A,YNL284C-B,1,-4.4408975,0.7454873919487,0.8259999752044678,0.028200000524520874
YCR077C,YML033W,0,-4.4409475,0.7448151707649231,0.8259999752044678,0.028300000354647636
YML045W,YOR343W-A,1,-4.4413176,0.7450450658798218,0.8270000219345093,0.028300000354647636
YDR365W-A,YGR027W-A,1,-4.4413357,0.745274543762207,0.828000009059906,0.028300000354647636
YDL164C,YJL018W,0,-4.4415445,0.7446042895317078,0.828000009059906,0.0284000001847744
YGL210W-A,YNL251C,0,-4.4418163,0.7439352869987488,0.828000009059906,0.02850000001490116
YDR034C-D,YPR137C-A,1,-4.441861,0.7441651821136475,0.8289999961853027,0.02850000001490116
YHL009W-B,YNL284C-B,1,-4.441861,0.7443946003913879,0.8299999833106995,0.02850000001490116
YPR032W,YLR337W,0,-4.4420714,0.7437276244163513,0.8299999833106995,0.028599999845027924
YBL039C,YCL062W,0,-4.4423447,0.7430617809295654,0.8299999833106995,0.028699999675154686
YDR170W-A,YOL103W-A,1,-4.442479,0.7432916164398193,0.8309999704360962,0.028699999675154686
YDR034C-D,YOL103W-A,1,-4.442479,0.743520975112915,0.8320000171661377,0.028699999675154686
YGR202C,YDL038C,0,-4.4428167,0.7428571581840515,0.8320000171661377,0.02879999950528145
YDR034C-D,YGR027W-A,1,-4.4429836,0.7430865168571472,0.8330000042915344,0.02879999950528145
YHR214C-C,YMR045C,1,-4.4432006,0.7433155179023743,0.8339999914169312,0.02879999950528145
YCR055C,YDR453C,0,-4.443272,0.7426536083221436,0.8339999914169312,0.02889999933540821
YCR055C,YOR212W,0,-4.443281,0.7419928908348083,0.8339999914169312,0.028999999165534973
YMR161W,YCR080W,0,-4.443538,0.7413333058357239,0.8339999914169312,0.029100000858306885
YNL210W,YML093W,0,-4.443545,0.7406749725341797,0.8339999914169312,0.029200000688433647
YCL075W,YER137C-A,1,-4.4435973,0.7409050464630127,0.8349999785423279,0.029200000688433647
YPL146C,YLR337W,0,-4.4437113,0.7402482032775879,0.8349999785423279,0.02930000051856041
YPL255W,YPL163C,0,-4.4439316,0.7395925521850586,0.8349999785423279,0.029400000348687172
YBL056W,YCL062W,0,-4.4439745,0.73893803358078,0.8349999785423279,0.029500000178813934
YPL187W,YJR135W-A,0,-4.444025,0.738284707069397,0.8349999785423279,0.029600000008940697
YGR060W,YOR147W,0,-4.444146,0.7376325130462646,0.8349999785423279,0.02969999983906746
YER159C-A,YMR045C,1,-4.4445715,0.737864077091217,0.8360000252723694,0.02969999983906746
YKL149C,YPR158C-D,1,-4.444627,0.738095223903656,0.8370000123977661,0.02969999983906746
YDR261C-D,YHL009W-B,1,-4.444664,0.7383260130882263,0.8379999995231628,0.02969999983906746
YJR028W,YPR158W-B,1,-4.4447017,0.7385563254356384,0.8389999866485596,0.02969999983906746
YNL163C,YCR042C,0,-4.4448447,0.7379067540168762,0.8389999866485596,0.02979999966919422
YMR175W,YCL062W,0,-4.4448547,0.7372583746910095,0.8389999866485596,0.029899999499320984
YJL113W,YPR137C-A,1,-4.4449067,0.7374890446662903,0.8399999737739563,0.029899999499320984
YCL019W,YJR027W,1,-4.445155,0.7377192974090576,0.8410000205039978,0.029899999499320984
YBL056W,YHR079C-B,0,-4.445255,0.737072765827179,0.8410000205039978,0.029999999329447746
YNL102W,YPL208W,0,-4.4452677,0.7364273071289062,0.8410000205039978,0.03009999915957451
YBR098W,YAR044W,0,-4.4453797,0.735783040523529,0.8410000205039978,0.03020000085234642
YDR034C-C,YJR029W,1,-4.445429,0.7360140085220337,0.8420000076293945,0.03020000085234642
YKL139W,YNL053W,0,-4.445675,0.7353711724281311,0.8420000076293945,0.030300000682473183
YER120W,YCR102C,0,-4.446089,0.7347294688224792,0.8420000076293945,0.030400000512599945
YPR049C,YOR057W,0,-4.446194,0.7340889573097229,0.8420000076293945,0.030500000342726707
YJL113W,YPR158W-A,1,-4.446213,0.7343205809593201,0.8429999947547913,0.030500000342726707
YFL002W-B,YOL103W-A,1,-4.4463615,0.7345517873764038,0.843999981880188,0.030500000342726707
YCR038C,YIL017W,0,-4.4467516,0.7339130640029907,0.843999981880188,0.03060000017285347
YDL039C,YGR251W,0,-4.4468856,0.7332754135131836,0.843999981880188,0.030700000002980232
YBL005W-B,YML040W,1,-4.4471006,0.7335069179534912,0.8450000286102295,0.030700000002980232
YLR080W,YCR062W,0,-4.447178,0.7328707575798035,0.8450000286102295,0.030799999833106995
YGR161W-A,YLR227W-B,1,-4.4472394,0.7331022620201111,0.8460000157356262,0.030799999833106995
YDR098C-A,YPL060C-A,1,-4.447314,0.7333333492279053,0.847000002861023,0.030799999833106995
YDR261W-A,YLR227W-B,1,-4.4473324,0.733564019203186,0.8479999899864197,0.030799999833106995
YGL210W-A,YDR486C,0,-4.4475775,0.7329300045967102,0.8479999899864197,0.030899999663233757
YGR027W-A,YJL113W,1,-4.447687,0.7331606149673462,0.8489999771118164,0.030899999663233757
YBR012W-B,YCL075W,1,-4.4477606,0.7333908677101135,0.8500000238418579,0.030899999663233757
YGL163C,YGL162W,0,-4.4478965,0.732758641242981,0.8500000238418579,0.03099999949336052
YLR391W,YER125W,0,-4.447908,0.7321274876594543,0.8500000238418579,0.031099999323487282
YJL113W,YOL103W-A,1,-4.4479485,0.7323579788208008,0.8510000109672546,0.031099999323487282
YKL052C,YGR296W,0,-4.448158,0.7317283153533936,0.8510000109672546,0.031199999153614044
YLR391W,YKL126W,0,-4.448316,0.7310996651649475,0.8510000109672546,0.031300000846385956
YHL009W-B,YMR046C,1,-4.4486766,0.7313304543495178,0.8519999980926514,0.031300000846385956
YER159C-A,YIL080W,1,-4.4487524,0.7315608859062195,0.8529999852180481,0.031300000846385956
YMR015C,YOR087W,0,-4.4487724,0.7309340238571167,0.8529999852180481,0.03139999881386757
YAL009W,YCL062W,0,-4.4488297,0.7303082346916199,0.8529999852180481,0.03150000050663948
YBR010W,YKR095W-A,0,-4.448883,0.729683518409729,0.8529999852180481,0.031599998474121094
YMR059W,YCR062W,0,-4.4488883,0.7290598154067993,0.8529999852180481,0.031700000166893005
YIL080W,YOL103W-A,1,-4.448922,0.7292912006378174,0.8539999723434448,0.031700000166893005
YCL019W,YER137C-A,1,-4.449074,0.729522168636322,0.8550000190734863,0.031700000166893005
YPR133W-A,YNL121C,0,-4.4491997,0.7289002537727356,0.8550000190734863,0.03180000185966492
YCR058C,YDR146C,0,-4.449278,0.7282794117927551,0.8550000190734863,0.03189999982714653
YGR247W,YKL138C-A,0,-4.4494,0.7276595830917358,0.8550000190734863,0.03200000151991844
YDL164C,YCR080W,0,-4.4494143,0.7270408272743225,0.8550000190734863,0.032099999487400055
YBL005W-B,YGR027W-A,1,-4.449418,0.7272727489471436,0.8560000061988831,0.032099999487400055
YGR161W-A,YPR158W-B,1,-4.449955,0.7275042533874512,0.8569999933242798,0.032099999487400055
YIL160C,YJR066W,0,-4.449966,0.7268871665000916,0.8569999933242798,0.03220000118017197
YCL075W,YDR365W-A,1,-4.4499927,0.7271186709403992,0.8579999804496765,0.03220000118017197
YAR009C,YOL103W-A,1,-4.450223,0.7273496985435486,0.859000027179718,0.03220000118017197
YKL139W,YOL121C,0,-4.4503164,0.7267343401908875,0.859000027179718,0.03229999914765358
YDR479C,YBR123C,0,-4.450474,0.7261200547218323,0.859000027179718,0.03240000084042549
YHR214C-C,YJL113W,1,-4.450491,0.7263513803482056,0.8600000143051147,0.03240000084042549
YJR055W,YGL046W,0,-4.4505453,0.7257384061813354,0.8600000143051147,0.032499998807907104
YGL243W,YPL129W,0,-4.450585,0.7251265048980713,0.8600000143051147,0.032600000500679016
YNR075W,YER171W,0,-4.4506097,0.7245155572891235,0.8600000143051147,0.03269999846816063
YGL047W,YDR329C,0,-4.45086,0.7239057421684265,0.8600000143051147,0.03280000016093254
YDR411C,YGR111W,0,-4.4511275,0.7232968807220459,0.8600000143051147,0.03290000185370445
YLR286C,YCL035C,0,-4.451153,0.7226890921592712,0.8600000143051147,0.032999999821186066
YKL084W,YKL178C,0,-4.451701,0.722082257270813,0.8600000143051147,0.03310000151395798
YGR161W-A,YIL082W-A,1,-4.4517183,0.7223154306411743,0.8610000014305115,0.03310000151395798
YCL060C,YNR006W,0,-4.4520698,0.7217099666595459,0.8610000014305115,0.03319999948143959
YCL060C,YLR119W,0,-4.4521112,0.7211055159568787,0.8610000014305115,0.0333000011742115
YML091C,YEL020W-A,0,-4.452169,0.7205020785331726,0.8610000014305115,0.033399999141693115
YDL149W,YOR008C-A,0,-4.452192,0.7198996543884277,0.8610000014305115,0.03350000083446503
YMR175W,YDL038C,0,-4.4522014,0.719298243522644,0.8610000014305115,0.03359999880194664
YBL100W-B,YIL080W,1,-4.452567,0.7195325493812561,0.8619999885559082,0.03359999880194664
YDR138W,YMR167W,0,-4.452602,0.7189324498176575,0.8619999885559082,0.03370000049471855
YOR033C,YBR159W,0,-4.4527235,0.7183333039283752,0.8619999885559082,0.033799998462200165
YHR115C,YGL175C,0,-4.452763,0.717735230922699,0.8619999885559082,0.033900000154972076
YOR244W,YNL147W,0,-4.4528522,0.7171381115913391,0.8619999885559082,0.03400000184774399
YGL171W,YPL012W,0,-4.4528847,0.7165420055389404,0.8619999885559082,0.0340999998152256
YOR150W,YDL038C,0,-4.453107,0.7159468531608582,0.8619999885559082,0.03420000150799751
YOR033C,YBL008W,0,-4.453291,0.7153527140617371,0.8619999885559082,0.034299999475479126
YIL082W-A,YML045W,1,-4.453293,0.7155887484550476,0.8629999756813049,0.034299999475479126
YAR009C,YPR158W-A,1,-4.453296,0.7158243656158447,0.8640000224113464,0.034299999475479126
YBR012W-B,YHR214C-C,1,-4.4536057,0.7160596251487732,0.8650000095367432,0.034299999475479126
YNR049C,YCR080W,0,-4.453663,0.7154673337936401,0.8650000095367432,0.03440000116825104
YGR142W,YLR312C-B,0,-4.4537587,0.7148760557174683,0.8650000095367432,0.03449999913573265
YJR097W,YNL299W,0,-4.4537716,0.7142857313156128,0.8650000095367432,0.03460000082850456
YMR167W,YLR132C,0,-4.454019,0.7136963605880737,0.8650000095367432,0.034699998795986176
YDR170W-A,YPL060C-A,1,-4.4540343,0.7139323949813843,0.8659999966621399,0.034699998795986176
YGL210W-A,YCL001W,0,-4.454176,0.7133443355560303,0.8659999966621399,0.03480000048875809
YGR246C,YDR027C,0,-4.4543486,0.7127572298049927,0.8659999966621399,0.0348999984562397
YML080W,YER025W,0,-4.4544654,0.7121710777282715,0.8659999966621399,0.03500000014901161
YDL197C,YJL018W,0,-4.4549036,0.7115858793258667,0.8659999966621399,0.035100001841783524
YHR079C-B,YDR212W,0,-4.4552803,0.7110016345977783,0.8659999966621399,0.03519999980926514
YML094W,YPL146C,0,-4.4552884,0.7104184031486511,0.8659999966621399,0.03530000150203705
YFL014W,YDR451C,0,-4.4554334,0.7098360657691956,0.8659999966621399,0.03539999946951866
YDR261W-A,YMR045C,1,-4.455521,0.710073709487915,0.8669999837875366,0.03539999946951866
YKL149C,YDR170W-A,1,-4.4558663,0.7103109359741211,0.8679999709129333,0.03539999946951866
YJL047C,YJR029W,1,-4.4561567,0.7105478048324585,0.8690000176429749,0.03539999946951866
YFR024C,YML055W,0,-4.456363,0.709967315196991,0.8690000176429749,0.03550000116229057
YLR048W,YOR008C-A,0,-4.4564323,0.7093877792358398,0.8690000176429749,0.035599999129772186
YHR166C,YMR087W,0,-4.4564342,0.7088091373443604,0.8690000176429749,0.0357000008225441
YFL002W-B,YGR161W-A,1,-4.456505,0.709046483039856,0.8700000047683716,0.0357000008225441
YJR029W,YOL103W-B,1,-4.456702,0.7092834115028381,0.8709999918937683,0.0357000008225441
YGL043W,YFR024C,0,-4.4568367,0.708706259727478,0.8709999918937683,0.03579999879002571
YDL181W,YBR090C-A,0,-4.456892,0.7081300616264343,0.8709999918937683,0.03590000048279762
YHR206W,YML131W,0,-4.4569645,0.707554817199707,0.8709999918937683,0.035999998450279236
YKL149C,YDR261C-D,1,-4.4569783,0.7077922224998474,0.871999979019165,0.035999998450279236
YNR060W,YOR008C-A,0,-4.45714,0.7072181701660156,0.871999979019165,0.03610000014305115
YMR237W,YGL039W,0,-4.4572077,0.7066450715065002,0.871999979019165,0.03620000183582306
YLR052W,YLR312C-B,0,-4.4572916,0.7060728669166565,0.871999979019165,0.03629999980330467
YBL005W-B,YPR158W-A,1,-4.4572988,0.7063106894493103,0.8730000257492065,0.03629999980330467
YJR027W,YOL103W-B,1,-4.457461,0.7065480947494507,0.8740000128746033,0.03629999980330467
YKL172W,YJR063W,0,-4.457919,0.7059773802757263,0.8740000128746033,0.036400001496076584
YOR023C,YBR117C,0,-4.4581404,0.7054075598716736,0.8740000128746033,0.0364999994635582
YLR377C,YLR205C,0,-4.4582496,0.7048386931419373,0.8740000128746033,0.03660000115633011
YCL019W,YER159C-A,1,-4.458393,0.7050765752792358,0.875,0.03660000115633011
YFL010W-A,YLR340W,0,-4.4584866,0.7045088410377502,0.875,0.03669999912381172
YPL115C,YGL210W-A,0,-4.4588313,0.703942060470581,0.875,0.03680000081658363
YDR121W,YBR100W,0,-4.4592075,0.7033762335777283,0.875,0.03689999878406525
YBR012W-B,YOL103W-A,1,-4.4592085,0.7036144733428955,0.8759999871253967,0.03689999878406525
YGL124C,YCR042C,0,-4.4593306,0.7030497789382935,0.8759999871253967,0.03700000047683716
YKR090W,YOR008C-A,0,-4.4594526,0.702485978603363,0.8759999871253967,0.03709999844431877
YOL094C,YPR190C,0,-4.4596596,0.7019230723381042,0.8759999871253967,0.03720000013709068
YGL089C,YDL038C,0,-4.459855,0.7013610601425171,0.8759999871253967,0.037300001829862595
YHL034C,YJL059W,0,-4.4598837,0.7008000016212463,0.8759999871253967,0.03739999979734421
YDR414C,YER171W,0,-4.4599333,0.7002398371696472,0.8759999871253967,0.03750000149011612
YCL075W,YDR098C-A,1,-4.4603114,0.7004792094230652,0.8769999742507935,0.03750000149011612
YGL210W-A,YMR156C,0,-4.4612746,0.6999201774597168,0.8769999742507935,0.03759999945759773
YCL003W,YOL100W,0,-4.4614253,0.69936203956604,0.8769999742507935,0.037700001150369644
YPR185W,YNL012W,0,-4.461753,0.6988047957420349,0.8769999742507935,0.03779999911785126
YLR401C,YMR260C,0,-4.4617558,0.6982483863830566,0.8769999742507935,0.03790000081062317
YPL275W,YHR056C,0,-4.4618573,0.6976929306983948,0.8769999742507935,0.03799999877810478
YBL009W,YDR219C,0,-4.4625444,0.6971383094787598,0.8769999742507935,0.038100000470876694
YGL111W,YKR056W,0,-4.462699,0.6965845823287964,0.8769999742507935,0.03819999843835831
YFR048W,YHR079C-B,0,-4.4627085,0.6960317492485046,0.8769999742507935,0.03830000013113022
YJR027W,YPR158W-B,1,-4.462764,0.6962727904319763,0.878000020980835,0.03830000013113022
YER160C,YJR029W,1,-4.462906,0.6965134739875793,0.8790000081062317,0.03830000013113022
YJL047C,YIL080W,1,-4.4630446,0.696753740310669,0.8799999952316284,0.03830000013113022
YKL195W,YOR008C-A,0,-4.463084,0.6962025165557861,0.8799999952316284,0.03840000182390213
YBL005W-B,YDR261W-A,1,-4.463091,0.6964426636695862,0.8809999823570251,0.03840000182390213
YDR261C-D,YLR035C-A,1,-4.463173,0.6966824531555176,0.8820000290870667,0.03840000182390213
YDR316W-A,YJR029W,1,-4.463173,0.6969218850135803,0.8830000162124634,0.03840000182390213
YDR054C,YEL041W,0,-4.4631925,0.6963722109794617,0.8830000162124634,0.03849999979138374
YBR090C-A,YMR235C,0,-4.4636393,0.6958234906196594,0.8830000162124634,0.038600001484155655
YCL019W,YHL009W-B,1,-4.46395,0.6960629820823669,0.8840000033378601,0.038600001484155655
YCR080W,YPR041W,0,-4.464206,0.6955153346061707,0.8840000033378601,0.03869999945163727
YHR079C-B,YPL019C,0,-4.4644747,0.694968581199646,0.8840000033378601,0.03880000114440918
YDR329C,YDL038C,0,-4.4645524,0.6944226026535034,0.8840000033378601,0.03889999911189079
YCL060C,YKR053C,0,-4.4648576,0.6938775777816772,0.8840000033378601,0.039000000804662704
YER172C,YER105C,0,-4.4648743,0.6933333277702332,0.8840000033378601,0.03909999877214432
YDR261C-D,YER159C-A,1,-4.4652185,0.6935736536979675,0.8849999904632568,0.03909999877214432
YBR236C,YMR087W,0,-4.465471,0.6930305361747742,0.8849999904632568,0.03920000046491623
YER104W,YGR109W-B,1,-4.4656277,0.693270742893219,0.8859999775886536,0.03920000046491623
YPL209C,YGR080W,0,-4.4656944,0.6927286982536316,0.8859999775886536,0.03929999843239784
YPL178W,YCR058C,0,-4.4657536,0.692187488079071,0.8859999775886536,0.039400000125169754
YOL103W-A,YOR343W-B,1,-4.4662,0.6924278140068054,0.8870000243186951,0.039400000125169754
YCL020W,YGR109W-B,1,-4.466364,0.6926677227020264,0.8880000114440918,0.039400000125169754
YBL005W-B,YGR161W-A,1,-4.466814,0.6929072737693787,0.8889999985694885,0.039400000125169754
YDR404C,YLR337W,0,-4.46699,0.6923676133155823,0.8889999985694885,0.039500001817941666
YPL126W,YDR002W,0,-4.4675517,0.6918287873268127,0.8889999985694885,0.03959999978542328
YPL096C-A,YFR030W,0,-4.4676185,0.6912907958030701,0.8889999985694885,0.03970000147819519
YBL047C,YCL003W,0,-4.4677043,0.690753698348999,0.8889999985694885,0.039799999445676804
YPR041W,YML131W,0,-4.467766,0.6902173757553101,0.8889999985694885,0.039900001138448715
YDL022W,YBR006W,0,-4.4679136,0.6896819472312927,0.8889999985694885,0.03999999910593033
YGL008C,YNL160W,0,-4.4680014,0.6891472935676575,0.8889999985694885,0.04010000079870224
YLR129W,YHR058C,0,-4.468104,0.6886134743690491,0.8889999985694885,0.04019999876618385
YLR189C,YLL017W,0,-4.4683924,0.6880804896354675,0.8889999985694885,0.040300000458955765
YJL041W,YLR224W,0,-4.470329,0.6875483393669128,0.8889999985694885,0.04039999842643738
YOL103W-A,YPR158C-D,1,-4.470614,0.687789797782898,0.8899999856948853,0.04039999842643738
YKL062W,YMR087W,0,-4.470661,0.6872586607933044,0.8899999856948853,0.04050000011920929
YBR072W,YGR133W,0,-4.4710054,0.6867284178733826,0.8899999856948853,0.0406000018119812
YHL009C,YER190W,0,-4.4711924,0.6861989498138428,0.8899999856948853,0.040699999779462814
YDR512C,YBR100W,0,-4.471443,0.6856702566146851,0.8899999856948853,0.040800001472234726
YDR256C,YNL012W,0,-4.471759,0.6851423978805542,0.8899999856948853,0.04089999943971634
YLL002W,YBL100W-B,1,-4.471841,0.6853846311569214,0.890999972820282,0.04089999943971634
YAR010C,YGR109W-B,1,-4.471945,0.6856264472007751,0.8920000195503235,0.04089999943971634
YJL021C,YMR089C,0,-4.4723444,0.6850998401641846,0.8920000195503235,0.04100000113248825
YDR376W,YCR055C,0,-4.4723887,0.6845740675926208,0.8920000195503235,0.041099999099969864
YER171W,YJL069C,0,-4.472389,0.6840490698814392,0.8920000195503235,0.041200000792741776
YER159C-A,YJR026W,1,-4.4726577,0.6842911839485168,0.8930000066757202,0.041200000792741776
YJL030W,YCL062W,0,-4.4727917,0.6837671995162964,0.8930000066757202,0.04129999876022339
YJL047C,YAR010C,1,-4.473011,0.6840091943740845,0.8939999938011169,0.04129999876022339
YLR391W,YMR001C,0,-4.4735107,0.6834862232208252,0.8939999938011169,0.0414000004529953
YLR098C,YLR337C,0,-4.4736814,0.6829640865325928,0.8939999938011169,0.04149999842047691
YFL002W-A,YGR109W-B,1,-4.473718,0.6832060813903809,0.8949999809265137,0.04149999842047691
YDR261C-D,YGR027W-A,1,-4.474104,0.6834477782249451,0.8960000276565552,0.04149999842047691
YPR158C-D,YPR158W-A,1,-4.4742756,0.6836889982223511,0.8970000147819519,0.04149999842047691
YDL042C,YLR312C-B,0,-4.4743395,0.6831682920455933,0.8970000147819519,0.041600000113248825
YCL075W,YGR109W-B,1,-4.474532,0.6834094524383545,0.8980000019073486,0.041600000113248825
YCL019W,YGR027W-A,1,-4.474918,0.6836501955986023,0.8989999890327454,0.041600000113248825
YLR008C,YLR337W,0,-4.475178,0.68313068151474,0.8989999890327454,0.04170000180602074
YGR109W-B,YIL080W,1,-4.4753456,0.6833713054656982,0.8999999761581421,0.04170000180602074
YDR034C-C,YGR109W-B,1,-4.4754314,0.6836115121841431,0.9010000228881836,0.04170000180602074
YFL002W-B,YJR027W,1,-4.4762454,0.683851420879364,0.9020000100135803,0.04170000180602074
YJR029W,YOR343W-B,1,-4.4765024,0.6840909123420715,0.902999997138977,0.04170000180602074
YNL172W,YAR044W,0,-4.476607,0.6835730671882629,0.902999997138977,0.04179999977350235
YGL210W-A,YOL115W,0,-4.47672,0.6830559968948364,0.902999997138977,0.04190000146627426
YOL103W-A,YPR137C-A,1,-4.4774265,0.6832955479621887,0.9039999842643738,0.04190000146627426
YGR109W-B,YOL103W-B,1,-4.4774504,0.6835347414016724,0.9049999713897705,0.04190000146627426
YER137C-A,YJR026W,1,-4.4777985,0.6837735772132874,0.906000018119812,0.04190000146627426
YNL210W,YOR119C,0,-4.4778905,0.6832579374313354,0.906000018119812,0.041999999433755875
YBR207W,YKL075C,0,-4.4787006,0.6827430129051208,0.906000018119812,0.042100001126527786
YDR261C-D,YPR158W-A,1,-4.4788427,0.6829819083213806,0.9070000052452087,0.042100001126527786
YLR377C,YCR058C,0,-4.478938,0.6824679970741272,0.9070000052452087,0.0421999990940094
YCL019W,YPR137C-A,1,-4.479147,0.6827067732810974,0.9079999923706055,0.0421999990940094
YMR292W,YHR079C-B,0,-4.479451,0.6821938157081604,0.9079999923706055,0.04230000078678131
YGR109W-B,YGR161W-B,1,-4.47954,0.6824324131011963,0.9089999794960022,0.04230000078678131
YML004C,YDL085W,0,-4.479801,0.6819204688072205,0.9089999794960022,0.042399998754262924
YJR027W,YOR343W-B,1,-4.480025,0.6821589469909668,0.9100000262260437,0.042399998754262924
YAL038W,YFL018W-A,0,-4.480227,0.6816479563713074,0.9100000262260437,0.042500000447034836
YJL089W,YML033W,0,-4.480378,0.68113774061203,0.9100000262260437,0.04259999841451645
YGR109W-B,YPR158W-B,1,-4.480466,0.6813762187957764,0.9110000133514404,0.04259999841451645
YKR019C,YDL038C,0,-4.4805717,0.6808669567108154,0.9110000133514404,0.04270000010728836
YGR109W-B,YPR158C-D,1,-4.480642,0.6811053156852722,0.9120000004768372,0.04270000010728836
YLR039C,YGL233W,0,-4.480675,0.6805970072746277,0.9120000004768372,0.04280000180006027
YJR026W,YPR158W-A,1,-4.481303,0.6808351874351501,0.9129999876022339,0.04280000180006027
YBL100W-A,YGR109W-B,1,-4.481391,0.681073009967804,0.9139999747276306,0.04280000180006027
YJR026W,YPR137C-A,1,-4.4819207,0.6813104748725891,0.9150000214576721,0.04280000180006027
YCL027W,YGR020C,0,-4.4822187,0.6808035969734192,0.9150000214576721,0.042899999767541885
YGR109W-B,YOR343W-B,1,-4.482626,0.68104088306427,0.9160000085830688,0.042899999767541885
YKL002W,YJL018W,0,-4.482764,0.6805348992347717,0.9160000085830688,0.0430000014603138
YDL029W,YGL210W-A,0,-4.482897,0.6800296902656555,0.9160000085830688,0.04309999942779541
YGR161W-A,YPR158C-D,1,-4.4829345,0.6802670359611511,0.9169999957084656,0.04309999942779541
YDR393W,YDR115W,0,-4.483014,0.6797627806663513,0.9169999957084656,0.04320000112056732
YNR032C-A,YML131W,0,-4.4832516,0.6792592406272888,0.9169999957084656,0.043299999088048935
YML065W,YHR020W,0,-4.483281,0.6787564754486084,0.9169999957084656,0.04340000078082085
YBL079W,YOR305W,0,-4.483342,0.6782544255256653,0.9169999957084656,0.04349999874830246
YKL112W,YPL153C,0,-4.483383,0.6777531504631042,0.9169999957084656,0.04360000044107437
YCL003W,YOR362C,0,-4.48342,0.6772525906562805,0.9169999957084656,0.043699998408555984
YDR436W,YDL130W-A,0,-4.4839945,0.6767527461051941,0.9169999957084656,0.043800000101327896
YGL047W,YPL091W,0,-4.4842677,0.6762536764144897,0.9169999957084656,0.04390000179409981
YCL019W,YHR214C-C,1,-4.4846535,0.6764922738075256,0.9179999828338623,0.04390000179409981
YDR046C,YAR044W,0,-4.4849067,0.6759940981864929,0.9179999828338623,0.04399999976158142
YGL046W,YDR486C,0,-4.4855804,0.6754966974258423,0.9179999828338623,0.04410000145435333
YLL019C,YKL086W,0,-4.485783,0.675000011920929,0.9179999828338623,0.044199999421834946
YIR023W,YDR108W,0,-4.485797,0.6745040416717529,0.9179999828338623,0.04430000111460686
YNL065W,YNL279W,0,-4.485956,0.6740087866783142,0.9179999828338623,0.04439999908208847
YLR286C,YFR031C,0,-4.485984,0.6735143065452576,0.9179999828338623,0.04450000077486038
YDR473C,YPL041C,0,-4.486349,0.6730205416679382,0.9179999828338623,0.044599998742341995
YDR261C-D,YDR261W-A,1,-4.4867287,0.6732600927352905,0.9190000295639038,0.044599998742341995
YDR170W-A,YGR161W-A,1,-4.4868174,0.6734992861747742,0.9200000166893005,0.044599998742341995
YJL179W,YCR102C,0,-4.487177,0.6730065941810608,0.9200000166893005,0.04470000043511391
YFL023W,YGR275W,0,-4.4883547,0.6725146174430847,0.9200000166893005,0.04479999840259552
YCL008C,YJL059W,0,-4.4886093,0.672023355960846,0.9200000166893005,0.04490000009536743
YER044C-A,YBR030W,0,-4.488674,0.6715328693389893,0.9200000166893005,0.04500000178813934
YNL038W,YIL017W,0,-4.4887543,0.6710430383682251,0.9200000166893005,0.045099999755620956
YGL183C,YML088W,0,-4.4890985,0.6705539226531982,0.9200000166893005,0.04520000144839287
YJR140C,YML033W,0,-4.4893827,0.6700655221939087,0.9200000166893005,0.04529999941587448
YDR261W-A,YJR026W,1,-4.489559,0.6703056693077087,0.9210000038146973,0.04529999941587448
YHR055C,YOR157C,0,-4.4897375,0.6698181629180908,0.9210000038146973,0.04540000110864639
YNL062C,YAL034W-A,0,-4.4897985,0.6693313717842102,0.9210000038146973,0.045499999076128006
YJL113W,YML045W,1,-4.4899025,0.6695715188980103,0.921999990940094,0.045499999076128006
YDR261C-D,YGR161W-A,1,-4.490001,0.6698113083839417,0.9229999780654907,0.045499999076128006
YOR307C,YDL038C,0,-4.4900236,0.669325590133667,0.9229999780654907,0.04560000076889992
YPR034W,YDR163W,0,-4.490159,0.6688405871391296,0.9229999780654907,0.04569999873638153
YDL226C,YFR024C,0,-4.490633,0.6683562397956848,0.9229999780654907,0.04580000042915344
YMR309C,YOR056C,0,-4.491008,0.6678726673126221,0.9229999780654907,0.045899998396635056
YJR092W,YKL070W,0,-4.4911156,0.6673897504806519,0.9229999780654907,0.04600000008940697
YCL035C,YFL011W,0,-4.4912724,0.6669074892997742,0.9229999780654907,0.04610000178217888
YBR244W,YCL062W,0,-4.4914026,0.6664260029792786,0.9229999780654907,0.04619999974966049
YOR206W,YGR214W,0,-4.49176,0.6659451723098755,0.9229999780654907,0.046300001442432404
YAL021C,YDL229W,0,-4.4922256,0.6654650568962097,0.9229999780654907,0.04639999940991402
YDR437W,YDR077W,0,-4.492795,0.6649855971336365,0.9229999780654907,0.04650000110268593
YDR147W,YDR495C,0,-4.4929013,0.6645068526268005,0.9229999780654907,0.04659999907016754
YBR023C,YCL005W-A,0,-4.49321,0.6640287637710571,0.9229999780654907,0.04670000076293945
YNL061W,YCR102C,0,-4.493491,0.663551390171051,0.9229999780654907,0.046799998730421066
YLR330W,YBR100W,0,-4.4943013,0.6630747318267822,0.9229999780654907,0.04690000042319298
YNL282W,YLR435W,0,-4.494384,0.662598729133606,0.9229999780654907,0.04699999839067459
YCR107W,YDR423C,0,-4.495261,0.6621233820915222,0.9229999780654907,0.0471000000834465
YNR002C,YDR298C,0,-4.4965563,0.6616487503051758,0.9229999780654907,0.047200001776218414
YKR007W,YGR111W,0,-4.4966645,0.6611747741699219,0.9229999780654907,0.04729999974370003
YDR092W,YOR008C-A,0,-4.496901,0.6607015132904053,0.9229999780654907,0.04740000143647194
YGR218W,YPL242C,0,-4.498637,0.6602289080619812,0.9229999780654907,0.04749999940395355
YMR014W,YGL070C,0,-4.4990845,0.6597569584846497,0.9229999780654907,0.047600001096725464
YLR423C,YMR104C,0,-4.4993753,0.6592857241630554,0.9229999780654907,0.04769999906420708
YDR101C,YDL081C,0,-4.4993877,0.6588151454925537,0.9229999780654907,0.04780000075697899
YKL149C,YAR009C,1,-4.4995637,0.6590585112571716,0.9240000247955322,0.04780000075697899
YBL071W-A,YJR102C,0,-4.499612,0.6585887670516968,0.9240000247955322,0.0478999987244606
YMR145C,YOR008C-A,0,-4.49979,0.6581196784973145,0.9240000247955322,0.04800000041723251
YAR010C,YCL020W,1,-4.499816,0.6583629846572876,0.925000011920929,0.04800000041723251
YPR081C,YGL178W,0,-4.5005,0.6578947305679321,0.925000011920929,0.04809999838471413
YJL134W,YGL039W,0,-4.5005465,0.6574271321296692,0.925000011920929,0.04820000007748604
YBR244W,YJL012C-A,0,-4.500556,0.6569602489471436,0.925000011920929,0.04830000177025795
YLL026W,YDR453C,0,-4.500573,0.6564939618110657,0.925000011920929,0.04839999973773956
YNR032W,YAL017W,0,-4.500839,0.6560283899307251,0.925000011920929,0.048500001430511475
YHR079C-B,YLR150W,0,-4.500969,0.6555634140968323,0.925000011920929,0.04859999939799309
YDL227C,YPL192C,0,-4.501281,0.6550991535186768,0.925000011920929,0.048700001090765
YGR252W,YBR072W,0,-4.5022182,0.6546355485916138,0.925000011920929,0.04879999905824661
YLL008W,YMR134W,0,-4.502822,0.6541725397109985,0.925000011920929,0.048900000751018524
YLR391W,YPL016W,0,-4.5028834,0.6537102460861206,0.925000011920929,0.04899999871850014
YER104W,YAR009C,1,-4.5029173,0.653954803943634,0.9259999990463257,0.04899999871850014
YNL004W,YGL243W,0,-4.5029597,0.6534932851791382,0.9259999990463257,0.04910000041127205
YOL095C,YLR426W,0,-4.5029902,0.6530324220657349,0.9259999990463257,0.04919999837875366
YIR028W,YHR194W,0,-4.5035377,0.6525722146034241,0.9259999990463257,0.049300000071525574
YAL017W,YDR523C,0,-4.5036654,0.6521126627922058,0.9259999990463257,0.049400001764297485
YPR138C,YCL005W-A,0,-4.504553,0.6516537666320801,0.9259999990463257,0.0494999997317791
YNL210W,YBR162C,0,-4.504795,0.6511955261230469,0.9259999990463257,0.04960000142455101
YML080W,YDR075W,0,-4.5049777,0.6507378816604614,0.9259999990463257,0.04969999939203262
YKR042W,YLR224W,0,-4.5051117,0.6502808928489685,0.9259999990463257,0.049800001084804535
YIL008W,YER082C,0,-4.5052357,0.6498245596885681,0.9259999990463257,0.04989999905228615
YLR259C,YJR045C,0,-4.505429,0.6493688821792603,0.9259999990463257,0.05000000074505806
YKL074C,YKL173W,0,-4.5058208,0.6489138007164001,0.9259999990463257,0.05009999871253967
YDR358W,YBR100W,0,-4.5061746,0.6484593749046326,0.9259999990463257,0.050200000405311584
YER171W,YDR159W,0,-4.507062,0.6480056047439575,0.9259999990463257,0.0502999983727932
YFL002W-B,YGR109W-B,1,-4.5073414,0.6482517719268799,0.9269999861717224,0.0502999983727932
YKR089C,YDL038C,0,-4.5073657,0.6477987170219421,0.9269999861717224,0.05040000006556511
YGR296W,YGL039W,0,-4.5074377,0.6473463773727417,0.9269999861717224,0.05050000175833702
YJR028W,YMR045C,1,-4.5075865,0.6475924849510193,0.9279999732971191,0.05050000175833702
YJL080C,YLR378C,0,-4.5080595,0.6471408605575562,0.9279999732971191,0.050599999725818634
YIR005W,YLL012W,0,-4.5086718,0.6466898918151855,0.9279999732971191,0.050700001418590546
YBR098W,YJR141W,0,-4.508828,0.6462395787239075,0.9279999732971191,0.05079999938607216
YHR079C-B,YNL093W,0,-4.5091114,0.6457898616790771,0.9279999732971191,0.05090000107884407
YJL008C,YLR132C,0,-4.509437,0.6453407406806946,0.9279999732971191,0.050999999046325684
YPR056W,YLR337W,0,-4.5100737,0.6448922753334045,0.9279999732971191,0.051100000739097595
YNL051W,YOR275C,0,-4.510227,0.644444465637207,0.9279999732971191,0.05119999870657921
YBL084C,YPR161C,0,-4.5103407,0.6439972519874573,0.9279999732971191,0.05130000039935112
YPL195W,YOL145C,0,-4.5106688,0.6435506343841553,0.9279999732971191,0.05139999836683273
YPR017C,YIL017W,0,-4.510797,0.6431046724319458,0.9279999732971191,0.051500000059604645
YNL078W,YDR451C,0,-4.5108128,0.6426593065261841,0.9279999732971191,0.051600001752376556
YLR274W,YBR088C,0,-4.510998,0.6422145366668701,0.9279999732971191,0.05169999971985817
YAL021C,YOR328W,0,-4.5115356,0.6417704224586487,0.9279999732971191,0.05180000141263008
YGL104C,YKL070W,0,-4.51178,0.641326904296875,0.9279999732971191,0.051899999380111694
YER042W,YDR055W,0,-4.512437,0.6408839821815491,0.9279999732971191,0.052000001072883606
YMR208W,YLR126C,0,-4.5138884,0.6404416561126709,0.9279999732971191,0.05209999904036522
YKR095W-A,YDR404C,0,-4.5141983,0.6399999856948853,0.9279999732971191,0.05220000073313713
YER160C,YJR027W,1,-4.515287,0.6402481198310852,0.9290000200271606,0.05220000073313713
YMR135C,YPL121C,0,-4.5154643,0.6398071646690369,0.9290000200271606,0.052299998700618744
YHR079C-B,YGR209C,0,-4.5156283,0.6393668055534363,0.9290000200271606,0.052400000393390656
YFL010W-A,YER103W,0,-4.5157585,0.6389271020889282,0.9290000200271606,0.05249999836087227
YJR029W,YMR045C,1,-4.517132,0.6391752362251282,0.9300000071525574,0.05249999836087227
YBR199W,YKL086W,0,-4.5172625,0.6387362480163574,0.9300000071525574,0.05260000005364418
YKL149C,YBL100W-A,1,-4.51772,0.638984203338623,0.9309999942779541,0.05260000005364418
YLR098C,YDL118W,0,-4.517923,0.6385459303855896,0.9309999942779541,0.05270000174641609
YHL048W,YKL088W,0,-4.5180554,0.6381083130836487,0.9309999942779541,0.052799999713897705
YDR280W,YDL038C,0,-4.5189767,0.6376712322235107,0.9309999942779541,0.05290000140666962
YJL047C,YCL075W,1,-4.519025,0.6379192471504211,0.9319999814033508,0.05290000140666962
YDL115C,YLR455W,0,-4.5199175,0.6374828815460205,0.9319999814033508,0.05299999937415123
YMR212C,YOR310C,0,-4.5205007,0.6370471715927124,0.9319999814033508,0.05310000106692314
YNL286W,YGR048W,0,-4.5211267,0.6366119980812073,0.9319999814033508,0.053199999034404755
YJR118C,YGR111W,0,-4.5214615,0.6361774802207947,0.9319999814033508,0.053300000727176666
YGL075C,YML061C,0,-4.521783,0.6357434988021851,0.9319999814033508,0.05339999869465828
YER036C,YGL092W,0,-4.521869,0.635310173034668,0.9319999814033508,0.05350000038743019
YGL046W,YKL081W,0,-4.522326,0.6348773837089539,0.9319999814033508,0.053599998354911804
YNL232W,YBR198C,0,-4.5224857,0.6344451904296875,0.9319999814033508,0.053700000047683716
YMR135C,YBL005W,0,-4.5225534,0.6340135931968689,0.9319999814033508,0.05380000174045563
YIL010W,YFR003C,0,-4.523718,0.633582592010498,0.9319999814033508,0.05389999970793724
YGR256W,YPL015C,0,-4.5238547,0.633152186870575,0.9319999814033508,0.05400000140070915
YBR010W,YNR053C,0,-4.5241756,0.6327223181724548,0.9319999814033508,0.054099999368190765
YBR100W,YIL048W,0,-4.524385,0.6322931051254272,0.9319999814033508,0.05420000106096268
YFR024C,YIR018W,0,-4.5245523,0.6318644285202026,0.9319999814033508,0.05429999902844429
YLR459W,YJL091C,0,-4.5249496,0.631436288356781,0.9319999814033508,0.0544000007212162
YLL002W,YBL005W-B,1,-4.5249605,0.6316858530044556,0.9330000281333923,0.0544000007212162
YNL209W,YDR115W,0,-4.525154,0.6312584280967712,0.9330000281333923,0.054499998688697815
YNL307C,YGR111W,0,-4.525167,0.6308316588401794,0.9330000281333923,0.05460000038146973
YDL008W,YOR348C,0,-4.5252075,0.6304054260253906,0.9330000281333923,0.05469999834895134
YAR009C,YJR026W,1,-4.525216,0.6306549906730652,0.9340000152587891,0.05469999834895134
YOR113W,YER123W,0,-4.5254602,0.6302294135093689,0.9340000152587891,0.05480000004172325
YJL065C,YER006W,0,-4.525582,0.6298044323921204,0.9340000152587891,0.05490000173449516
YLR438C-A,YGR179C,0,-4.5256443,0.6293800473213196,0.9340000152587891,0.054999999701976776
YKL149C,YIL082W-A,1,-4.525925,0.6296296119689941,0.9350000023841858,0.054999999701976776
YHR193C,YJR141W,0,-4.526055,0.6292059421539307,0.9350000023841858,0.05510000139474869
YGL066W,YAR044W,0,-4.5262594,0.6287828087806702,0.9350000023841858,0.0551999993622303
YDR013W,YML033W,0,-4.5264955,0.6283602118492126,0.9350000023841858,0.05530000105500221
YNR075W,YOL059W,0,-4.5269585,0.6279382109642029,0.9350000023841858,0.055399999022483826
YIL125W,YDR296W,0,-4.5270677,0.6275168061256409,0.9350000023841858,0.05550000071525574
YDR087C,YGR090W,0,-4.5271463,0.6270959377288818,0.9350000023841858,0.05559999868273735
YOL065C,YBR119W,0,-4.528969,0.6266756057739258,0.9350000023841858,0.05570000037550926
YKL205W,YOR207C,0,-4.5295725,0.6262558698654175,0.9350000023841858,0.055799998342990875
YDR393W,YNL121C,0,-4.529953,0.6258366703987122,0.9350000023841858,0.05590000003576279
YKL203C,YDR306C,0,-4.5303893,0.6254180669784546,0.9350000023841858,0.0560000017285347
YDR212W,YJR141W,0,-4.5305996,0.625,0.9350000023841858,0.05609999969601631
YCL019W,YMR045C,1,-4.5307117,0.625250518321991,0.9359999895095825,0.05609999969601631
YJR027W,YML040W,1,-4.5311823,0.6255006790161133,0.9369999766349792,0.05609999969601631
YBL098W,YFR024C,0,-4.531195,0.6250833868980408,0.9369999766349792,0.05620000138878822
YMR052W,YNL046W,0,-4.53134,0.624666690826416,0.9369999766349792,0.056299999356269836
YBR048W,YOR008C-A,0,-4.5313997,0.6242504715919495,0.9369999766349792,0.05640000104904175
YJR013W,YDL077C,0,-4.531475,0.6238349080085754,0.9369999766349792,0.05649999901652336
YJR055W,YHR070W,0,-4.532067,0.6234198212623596,0.9369999766349792,0.05660000070929527
YJR025C,YDR213W,0,-4.5325174,0.6230053305625916,0.9369999766349792,0.056699998676776886
YDL101C,YLR312C-B,0,-4.532577,0.6225913763046265,0.9369999766349792,0.0568000003695488
YGL162W,YPL041C,0,-4.5335026,0.6221779584884644,0.9369999766349792,0.05689999833703041
YDL100C,YML092C,0,-4.5335045,0.6217650771141052,0.9369999766349792,0.05700000002980232
YNL182C,YLR409C,0,-4.533607,0.6213527917861938,0.9369999766349792,0.057100001722574234
YHR094C,YDR323C,0,-4.5336485,0.6209410429000854,0.9369999766349792,0.05719999969005585
YJL018W,YKL140W,0,-4.53368,0.62052983045578,0.9369999766349792,0.05730000138282776
YML065W,YOL080C,0,-4.534113,0.6201191544532776,0.9369999766349792,0.05739999935030937
YPL209C,YGL210W-A,0,-4.535386,0.6197090148925781,0.9369999766349792,0.057500001043081284
YHR170W,YER180C-A,0,-4.5357046,0.6192994117736816,0.9369999766349792,0.0575999990105629
YIL097W,YPL091W,0,-4.5357313,0.6188903450965881,0.9369999766349792,0.05770000070333481
YGL022W,YDL224C,0,-4.535766,0.6184818744659424,0.9369999766349792,0.05779999867081642
YKR066C,YDR545W,0,-4.5359106,0.6180738806724548,0.9369999766349792,0.05790000036358833
YAR009C,YMR046C,1,-4.536293,0.6183256506919861,0.9380000233650208,0.05790000036358833
YLR411W,YBR233W-A,0,-4.537117,0.6179183125495911,0.9380000233650208,0.057999998331069946
YJL018W,YBR117C,0,-4.5378222,0.617511510848999,0.9380000233650208,0.05810000002384186
YHR036W,YDL102W,0,-4.5382733,0.61710524559021,0.9380000233650208,0.05820000171661377
YPL256C,YOR348C,0,-4.5397377,0.6166995167732239,0.9380000233650208,0.05829999968409538
YOL117W,YGL233W,0,-4.5403156,0.6162943243980408,0.9380000233650208,0.058400001376867294
YDL028C,YAL034W-A,0,-4.540353,0.6158896684646606,0.9380000233650208,0.05849999934434891
YML074C,YGR122W,0,-4.540503,0.6154855489730835,0.9380000233650208,0.05860000103712082
YGL155W,YCL027W,0,-4.540825,0.6150819659233093,0.9380000233650208,0.05869999900460243
YAR009C,YML040W,1,-4.5410643,0.6153342127799988,0.9390000104904175,0.05869999900460243
YDL142C,YOR290C,0,-4.541277,0.6149312257766724,0.9390000104904175,0.058800000697374344
YJR147W,YDR131C,0,-4.541629,0.6145287752151489,0.9390000104904175,0.05889999866485596
YLR286C,YDR065W,0,-4.5417275,0.6141268610954285,0.9390000104904175,0.05900000035762787
YBL100W-B,YMR045C,1,-4.541771,0.6143791079521179,0.9399999976158142,0.05900000035762787
YFR036W,YJL109C,0,-4.541994,0.6139777898788452,0.9399999976158142,0.05909999832510948
YDL069C,YMR177W,0,-4.5421543,0.6135770082473755,0.9399999976158142,0.05920000001788139
YKL080W,YJR141W,0,-4.542712,0.6131767630577087,0.9399999976158142,0.059300001710653305
YHR036W,YLR316C,0,-4.54292,0.612777054309845,0.9399999976158142,0.05939999967813492
YPR102C,YML131W,0,-4.5431385,0.6123778223991394,0.9399999976158142,0.05950000137090683
YER104W,YJR028W,1,-4.543518,0.6126301884651184,0.9409999847412109,0.05950000137090683
YBL005W-B,YBR012W-B,1,-4.5446815,0.6128822565078735,0.9419999718666077,0.05950000137090683
YML004C,YOL065C,0,-4.544793,0.6124837398529053,0.9419999718666077,0.05959999933838844
YEL034W,YNL210W,0,-4.5449915,0.61208575963974,0.9419999718666077,0.059700001031160355
YKR042W,YKL070W,0,-4.5456266,0.6116883158683777,0.9419999718666077,0.05979999899864197
YDR376W,YOL122C,0,-4.545738,0.6112913489341736,0.9419999718666077,0.05990000069141388
YBR267W,YDL170W,0,-4.5462,0.6108949184417725,0.9419999718666077,0.05999999865889549
YOR113W,YBL084C,0,-4.5463142,0.6104990243911743,0.9419999718666077,0.060100000351667404
YFR001W,YGR123C,0,-4.5463705,0.6101036071777344,0.9419999718666077,0.06019999831914902
YPL110C,YBR169C,0,-4.5464964,0.6097087264060974,0.9419999718666077,0.06030000001192093
YDL247W,YFR029W,0,-4.546626,0.6093143820762634,0.9419999718666077,0.06040000170469284
YPR143W,YIL017W,0,-4.546999,0.6089205145835876,0.9419999718666077,0.060499999672174454
YCR107W,YDL130W,0,-4.5471725,0.6085271239280701,0.9419999718666077,0.060600001364946365
YBR233W-A,YFR019W,0,-4.5481195,0.6081342697143555,0.9419999718666077,0.06069999933242798
YOL008W,YIL135C,0,-4.5495214,0.6077419519424438,0.9419999718666077,0.06080000102519989
YNR074C,YML052W,0,-4.5497694,0.6073501110076904,0.9419999718666077,0.0608999989926815
YAR009C,YML045W,1,-4.5500517,0.6076030731201172,0.9430000185966492,0.0608999989926815
YGL018C,YBR090C-A,0,-4.5500574,0.6072118282318115,0.9430000185966492,0.061000000685453415
YER142C,YPL206C,0,-4.5502086,0.6068211197853088,0.9430000185966492,0.06109999865293503
YLR167W,YPR163C,0,-4.5504303,0.6064308881759644,0.9430000185966492,0.06120000034570694
YGL116W,YOR182C,0,-4.550562,0.6060411334037781,0.9430000185966492,0.06129999831318855
YKR067W,YDR436W,0,-4.550575,0.6056519150733948,0.9430000185966492,0.061400000005960464
YKL108W,YLR224W,0,-4.550642,0.6052631735801697,0.9430000185966492,0.061500001698732376
YLR391W,YHR167W,0,-4.551208,0.6048749089241028,0.9430000185966492,0.06159999966621399
YKL001C,YLR455W,0,-4.5517073,0.6044871807098389,0.9430000185966492,0.0617000013589859
YNL275W,YIL119C,0,-4.5517898,0.6040999293327332,0.9430000185966492,0.061799999326467514
YLR205C,YPL118W,0,-4.552486,0.6037132143974304,0.9430000185966492,0.061900001019239426
YGL017W,YOR212W,0,-4.5525837,0.6033269166946411,0.9430000185966492,0.06199999898672104
YOR373W,YGL046W,0,-4.5528927,0.6029411554336548,0.9430000185966492,0.06210000067949295
YFL011W,YGL158W,0,-4.5532866,0.6025559306144714,0.9430000185966492,0.062199998646974564
YJL183W,YML103C,0,-4.553711,0.6021711230278015,0.9430000185966492,0.062300000339746475
YER014C-A,YJR092W,0,-4.5543547,0.6017868518829346,0.9430000185966492,0.06239999830722809
YER016W,YBL035C,0,-4.5559263,0.6014030575752258,0.9430000185966492,0.0625
YNR002C,YLR233C,0,-4.556081,0.6010197401046753,0.9430000185966492,0.06260000169277191
YPR185W,YBR280C,0,-4.5562468,0.6006369590759277,0.9430000185966492,0.06270000338554382
YJL047C,YML040W,1,-4.5565276,0.6008911728858948,0.9440000057220459,0.06270000338554382
YOR120W,YNL250W,0,-4.5567164,0.6005089282989502,0.9440000057220459,0.06279999762773514
YBR159W,YIR019C,0,-4.557005,0.6001271605491638,0.9440000057220459,0.06289999932050705
YJR140C,YHR075C,0,-4.5571465,0.5997458696365356,0.9440000057220459,0.06300000101327896
YCL075W,YLR035C-A,1,-4.557242,0.6000000238418579,0.9449999928474426,0.06300000101327896
YLL015W,YBR276C,0,-4.5580387,0.5996192693710327,0.9449999928474426,0.06310000270605087
YML010W,YNL213C,0,-4.558094,0.5992390513420105,0.9449999928474426,0.06319999694824219
YLR103C,YLR263W,0,-4.558309,0.5988593101501465,0.9449999928474426,0.0632999986410141
YER014C-A,YDR369C,0,-4.558346,0.5984800457954407,0.9449999928474426,0.06340000033378601
YGR246C,YLR086W,0,-4.558613,0.5981012582778931,0.9449999928474426,0.06350000202655792
YMR290C,YJL183W,0,-4.5587597,0.5977229475975037,0.9449999928474426,0.06360000371932983
YHR123W,YER118C,0,-4.5588694,0.5973451137542725,0.9449999928474426,0.06369999796152115
YIL080W,YJR026W,1,-4.558905,0.5975995063781738,0.9459999799728394,0.06369999796152115
YBL100W-B,YCL075W,1,-4.559162,0.5978535413742065,0.9470000267028809,0.06369999796152115
YKL193C,YGR048W,0,-4.5594616,0.5974763631820679,0.9470000267028809,0.06379999965429306
YOL144W,YDR087C,0,-4.559663,0.5970996022224426,0.9470000267028809,0.06390000134706497
YKL213C,YBR216C,0,-4.559988,0.5967233777046204,0.9470000267028809,0.06400000303983688
YIR019C,YCR073C,0,-4.560109,0.5963476300239563,0.9470000267028809,0.0640999972820282
YDR138W,YML065W,0,-4.5602007,0.5959722995758057,0.9470000267028809,0.06419999897480011
YOR259C,YOR287C,0,-4.5608225,0.595597505569458,0.9470000267028809,0.06430000066757202
YDL003W,YJR042W,0,-4.562209,0.5952231287956238,0.9470000267028809,0.06440000236034393
YDR369C,YGR296W,0,-4.5622883,0.5948492288589478,0.9470000267028809,0.06449999660253525
YKL052C,YJL059W,0,-4.5627527,0.5944758057594299,0.9470000267028809,0.06459999829530716
YBR284W,YJR141W,0,-4.563029,0.5941028594970703,0.9470000267028809,0.06469999998807907
YGR158C,YPL129W,0,-4.563549,0.5937303900718689,0.9470000267028809,0.06480000168085098
YDL014W,YKL173W,0,-4.5639505,0.5933583974838257,0.9470000267028809,0.0649000033736229
YGR119C,YMR087W,0,-4.564164,0.5929868221282959,0.9470000267028809,0.06499999761581421
YCL020W,YJL113W,1,-4.5643635,0.5932415723800659,0.9480000138282776,0.06499999761581421
YLL002W,YAR009C,1,-4.564525,0.5934959053993225,0.9490000009536743,0.06499999761581421
YLR433C,YGL112C,0,-4.5647736,0.5931249856948853,0.9490000009536743,0.06509999930858612
YFL011W,YNL097C,0,-4.5651674,0.5927545428276062,0.9490000009536743,0.06520000100135803
YOR259C,YER180C-A,0,-4.5654426,0.5923845171928406,0.9490000009536743,0.06530000269412994
YBL035C,YPR137W,0,-4.565752,0.5920149683952332,0.9490000009536743,0.06539999693632126
YGL093W,YOR313C,0,-4.566025,0.5916458964347839,0.9490000009536743,0.06549999862909317
YPL208W,YPL047W,0,-4.5661163,0.5912772417068481,0.9490000009536743,0.06560000032186508
YML060W,YHR157W,0,-4.5663786,0.5909090638160706,0.9490000009536743,0.065700002014637
YJL183W,YOR254C,0,-4.566436,0.5905413627624512,0.9490000009536743,0.0658000037074089
YDR437W,YPL047W,0,-4.566598,0.59017413854599,0.9490000009536743,0.06589999794960022
YHR204W,YMR106C,0,-4.5674334,0.5898073315620422,0.9490000009536743,0.06599999964237213
YLR401C,YHR062C,0,-4.567465,0.5894410014152527,0.9490000009536743,0.06610000133514404
YPR103W,YML088W,0,-4.56759,0.5890750885009766,0.9490000009536743,0.06620000302791595
YDR424C,YOR287C,0,-4.567607,0.5887096524238586,0.9490000009536743,0.06629999727010727
YIR017C,YPR191W,0,-4.568068,0.5883446931838989,0.9490000009536743,0.06639999896287918
YEL032W,YBR275C,0,-4.5685434,0.5879801511764526,0.9490000009536743,0.06650000065565109
YOR123C,YOR313C,0,-4.5685825,0.5876160860061646,0.9490000009536743,0.066600002348423
YDR283C,YOR308C,0,-4.569787,0.5872524976730347,0.9490000009536743,0.06669999659061432
YGL111W,YNL282W,0,-4.569938,0.5868893265724182,0.9490000009536743,0.06679999828338623
YNL297C,YMR218C,0,-4.570054,0.5865265727043152,0.9490000009536743,0.06689999997615814
YGR217W,YDR147W,0,-4.5703697,0.5861642956733704,0.9490000009536743,0.06700000166893005
YJL047C,YMR045C,1,-4.570505,0.5864197611808777,0.949999988079071,0.06700000166893005
YLL002W,YLR035C-A,1,-4.570855,0.5866748690605164,0.9509999752044678,0.06700000166893005
YLR086W,YDL058W,0,-4.571164,0.5863131880760193,0.9509999752044678,0.06710000336170197
YKR099W,YOL125W,0,-4.57118,0.5859519243240356,0.9509999752044678,0.06719999760389328
YBL042C,YOR305W,0,-4.571742,0.5855911374092102,0.9509999752044678,0.06729999929666519
YLL002W,YDR170W-A,1,-4.5718846,0.5858461260795593,0.9520000219345093,0.06729999929666519
YOL112W,YNL078W,0,-4.572011,0.5854858756065369,0.9520000219345093,0.0674000009894371
YNL065W,YIL173W,0,-4.5721626,0.5851259827613831,0.9520000219345093,0.06750000268220901
YPL117C,YPR186C,0,-4.572201,0.5847665667533875,0.9520000219345093,0.06759999692440033
YLL002W,YIL080W,1,-4.572381,0.5850214958190918,0.953000009059906,0.06759999692440033
YKL022C,YLR045C,0,-4.5735245,0.5846625566482544,0.953000009059906,0.06769999861717224
YGR074W,YHR020W,0,-4.5737596,0.5843040943145752,0.953000009059906,0.06780000030994415
YNL016W,YGL039W,0,-4.5738277,0.5839460492134094,0.953000009059906,0.06790000200271606
YDR465C,YPL243W,0,-4.5739923,0.5835884809494019,0.953000009059906,0.06800000369548798
YGL151W,YER180C-A,0,-4.574142,0.5832313299179077,0.953000009059906,0.06809999793767929
YER106W,YGR274C,0,-4.574694,0.582874596118927,0.953000009059906,0.0681999996304512
YNL302C,YHR069C,0,-4.574706,0.5825183391571045,0.953000009059906,0.06830000132322311
YNL250W,YGL244W,0,-4.574941,0.5821624994277954,0.953000009059906,0.06840000301599503
YML060W,YDR087C,0,-4.5759068,0.5818070769309998,0.953000009059906,0.06849999725818634
YFR037C,YMR067C,0,-4.5764503,0.5814521312713623,0.953000009059906,0.06859999895095825
YOR288C,YDR146C,0,-4.5765696,0.5810975432395935,0.953000009059906,0.06870000064373016
YER119C,YNL130C,0,-4.5769415,0.5807434320449829,0.953000009059906,0.06880000233650208
YIL065C,YMR165C,0,-4.5769835,0.5803897976875305,0.953000009059906,0.06889999657869339
YHR005C,YKL108W,0,-4.577364,0.5800365209579468,0.953000009059906,0.0689999982714653
YCL075W,YER160C,1,-4.577366,0.5802919864654541,0.9539999961853027,0.0689999982714653
YLR183C,YJL059W,0,-4.5777607,0.5799391865730286,0.9539999961853027,0.06909999996423721
YPL135W,YDR115W,0,-4.577821,0.5795868635177612,0.9539999961853027,0.06920000165700912
YAR009C,YJR027W,1,-4.5780544,0.5798421502113342,0.9549999833106995,0.06920000165700912
YGL073W,YLR346C,0,-4.5782175,0.5794903039932251,0.9549999833106995,0.06930000334978104
YDR490C,YDR082W,0,-4.5784235,0.5791388750076294,0.9549999833106995,0.06939999759197235
YDR299W,YDR446W,0,-4.5786057,0.5787878632545471,0.9549999833106995,0.06949999928474426
YPL149W,YGR251W,0,-4.5787687,0.578437328338623,0.9549999833106995,0.06960000097751617
YLR210W,YLR277C,0,-4.578779,0.5780871510505676,0.9549999833106995,0.06970000267028809
YDR411C,YCR058C,0,-4.579365,0.5777374505996704,0.9549999833106995,0.0697999969124794
YNL197C,YJR141W,0,-4.5797,0.5773881673812866,0.9549999833106995,0.06989999860525131
YLR210W,YDR451C,0,-4.5798197,0.5770393013954163,0.9549999833106995,0.07000000029802322
YDR381W,YMR134W,0,-4.5802326,0.5766907930374146,0.9549999833106995,0.07010000199079514
YGL116W,YDR372C,0,-4.5805783,0.576342761516571,0.9549999833106995,0.07020000368356705
YGL249W,YGL039W,0,-4.580883,0.575995147228241,0.9549999833106995,0.07029999792575836
YLR214W,YER105C,0,-4.5811043,0.5756480097770691,0.9549999833106995,0.07039999961853027
YNL177C,YGR122W,0,-4.5812874,0.5753012299537659,0.9549999833106995,0.07050000131130219
YGL093W,YJL056C,0,-4.581678,0.5749548673629761,0.9549999833106995,0.0706000030040741
YOR253W,YKR079C,0,-4.581753,0.5746089220046997,0.9549999833106995,0.07069999724626541
YFR040W,YBR117C,0,-4.582015,0.5742633938789368,0.9549999833106995,0.07079999893903732
YBR170C,YBR284W,0,-4.58272,0.5739182829856873,0.9549999833106995,0.07090000063180923
YER016W,YFR024C,0,-4.5834346,0.5735735893249512,0.9549999833106995,0.07100000232458115
YBL009W,YOR116C,0,-4.5841846,0.5732293128967285,0.9549999833106995,0.07109999656677246
YMR043W,YJL018W,0,-4.584449,0.5728853940963745,0.9549999833106995,0.07119999825954437
YER157W,YML088W,0,-4.584584,0.5725419521331787,0.9549999833106995,0.07129999995231628
YMR292W,YFL018W-A,0,-4.5846586,0.5721989274024963,0.9549999833106995,0.0714000016450882
YMR136W,YAL030W,0,-4.585371,0.5718562602996826,0.9549999833106995,0.07150000333786011
YBL014C,YDR200C,0,-4.5854216,0.5715140700340271,0.9549999833106995,0.07159999758005142
YER014C-A,YPR168W,0,-4.585847,0.5711722373962402,0.9549999833106995,0.07169999927282333
YMR029C,YDR479C,0,-4.586111,0.5708308219909668,0.9549999833106995,0.07180000096559525
YLR175W,YDL051W,0,-4.586446,0.5704898238182068,0.9549999833106995,0.07190000265836716
YNL001W,YPL146C,0,-4.5866804,0.5701492428779602,0.9549999833106995,0.07199999690055847
YBL071W-A,YPL123C,0,-4.5876417,0.569809079170227,0.9549999833106995,0.07209999859333038
YDR524C,YOR356W,0,-4.5878496,0.5694692730903625,0.9549999833106995,0.0722000002861023
YML045W,YMR045C,1,-4.5880346,0.5697258710861206,0.9559999704360962,0.0722000002861023
YNL038W,YHR020W,0,-4.5903835,0.5693865418434143,0.9559999704360962,0.0723000019788742
YMR068W,YPR173C,0,-4.590531,0.5690476298332214,0.9559999704360962,0.07240000367164612
YGL169W,YKL088W,0,-4.5910625,0.5687090754508972,0.9559999704360962,0.07249999791383743
YML095C,YML131W,0,-4.591313,0.5683709979057312,0.9559999704360962,0.07259999960660934
YBL071W-A,YPR018W,0,-4.591325,0.5680332779884338,0.9559999704360962,0.07270000129938126
YBR098W,YLR313C,0,-4.5915365,0.5676959753036499,0.9559999704360962,0.07280000299215317
YPL117C,YNL311C,0,-4.5915737,0.5673590302467346,0.9559999704360962,0.07289999723434448
YKL011C,YDL150W,0,-4.5919385,0.5670225620269775,0.9559999704360962,0.0729999989271164
YOR351C,YAL001C,0,-4.592371,0.5666864514350891,0.9559999704360962,0.0731000006198883
YFR021W,YKR095W-A,0,-4.5932994,0.5663506984710693,0.9559999704360962,0.07320000231266022
YHR083W,YLR312C-B,0,-4.593357,0.5660154223442078,0.9559999704360962,0.07329999655485153
YNR059W,YHR012W,0,-4.5933886,0.5656804442405701,0.9559999704360962,0.07339999824762344
YHR096C,YHR075C,0,-4.5936365,0.5653459429740906,0.9559999704360962,0.07349999994039536
YPL188W,YDR018C,0,-4.5940437,0.5650117993354797,0.9559999704360962,0.07360000163316727
YER104W,YJR027W,1,-4.5942354,0.5652687549591064,0.9570000171661377,0.07360000163316727
YAL021C,YNL210W,0,-4.5954227,0.5649350881576538,0.9570000171661377,0.07370000332593918
YBR020W,YGR238C,0,-4.5956907,0.5646017789840698,0.9570000171661377,0.0737999975681305
YHR169W,YPR009W,0,-4.5957007,0.5642688870429993,0.9570000171661377,0.0738999992609024
YCL014W,YCR026C,0,-4.59588,0.5639363527297974,0.9570000171661377,0.07400000095367432
YIL033C,YPL096C-A,0,-4.596073,0.5636042356491089,0.9570000171661377,0.07410000264644623
YDL154W,YLR455W,0,-4.59638,0.5632725358009338,0.9570000171661377,0.07419999688863754
YOL126C,YGR249W,0,-4.5970016,0.5629411935806274,0.9570000171661377,0.07429999858140945
YLL016W,YMR067C,0,-4.597067,0.5626102089881897,0.9570000171661377,0.07440000027418137
YPR034W,YDL155W,0,-4.5973315,0.5622796416282654,0.9570000171661377,0.07450000196695328
YER104W,YBL005W-B,1,-4.5975714,0.5625367164611816,0.9580000042915344,0.07450000196695328
YDR524C,YMR309C,0,-4.5976887,0.5622065663337708,0.9580000042915344,0.07460000365972519
YJL148W,YBL025W,0,-4.59838,0.5618768334388733,0.9580000042915344,0.0746999979019165
YLR129W,YLR016C,0,-4.5984845,0.5615474581718445,0.9580000042915344,0.07479999959468842
YPL170W,YEL012W,0,-4.5992384,0.5612185001373291,0.9580000042915344,0.07490000128746033
YLR433C,YPR137W,0,-4.5993385,0.5608899593353271,0.9580000042915344,0.07500000298023224
YLR298C,YHR090C,0,-4.5995603,0.5605617165565491,0.9580000042915344,0.07509999722242355
YLR105C,YGL243W,0,-4.5997753,0.5602338910102844,0.9580000042915344,0.07519999891519547
YHR166C,YHR092C,0,-4.600105,0.5599064826965332,0.9580000042915344,0.07530000060796738
YBL078C,YOR305W,0,-4.600261,0.5595794320106506,0.9580000042915344,0.07540000230073929
YOL101C,YMR314W,0,-4.6004076,0.5592527985572815,0.9580000042915344,0.0754999965429306
YJR097W,YER190W,0,-4.600443,0.5589264631271362,0.9580000042915344,0.07559999823570251
YGL227W,YKR001C,0,-4.6004434,0.5586006045341492,0.9580000042915344,0.07569999992847443
YJR137C,YGR075C,0,-4.6007557,0.558275043964386,0.9580000042915344,0.07580000162124634
YBL100W-A,YIL080W,1,-4.601411,0.5585322976112366,0.9589999914169312,0.07580000162124634
YDL149W,YLR298C,0,-4.6016865,0.5582072138786316,0.9589999914169312,0.07590000331401825
YMR029C,YKL086W,0,-4.60178,0.5578824877738953,0.9589999914169312,0.07599999755620956
YLR451W,YDR489W,0,-4.60196,0.5575581192970276,0.9589999914169312,0.07609999924898148
YKL190W,YNL304W,0,-4.602339,0.5572341680526733,0.9589999914169312,0.07620000094175339
YMR284W,YDR057W,0,-4.602421,0.5569105744361877,0.9589999914169312,0.0763000026345253
YAL058W,YMR109W,0,-4.602446,0.5565873384475708,0.9589999914169312,0.07639999687671661
YOL165C,YBR240C,0,-4.6026325,0.5562645196914673,0.9589999914169312,0.07649999856948853
YGL012W,YMR087W,0,-4.6028843,0.5559420585632324,0.9589999914169312,0.07660000026226044
YNL135C,YOR297C,0,-4.6032724,0.5556199550628662,0.9589999914169312,0.07670000195503235
YMR202W,YLR132C,0,-4.60388,0.5552982091903687,0.9589999914169312,0.07680000364780426
YMR089C,YJR141W,0,-4.603901,0.5549768805503845,0.9589999914169312,0.07689999788999557
YPR049C,YDR219C,0,-4.6040783,0.5546558499336243,0.9589999914169312,0.07699999958276749
YKL101W,YDR369C,0,-4.6041236,0.5543352365493774,0.9589999914169312,0.0771000012755394
YJR104C,YJL059W,0,-4.604184,0.554015040397644,0.9589999914169312,0.07720000296831131
YMR234W,YDR447C,0,-4.6045675,0.5536951422691345,0.9589999914169312,0.07729999721050262
YOR334W,YGR119C,0,-4.6046925,0.5533756613731384,0.9589999914169312,0.07739999890327454
YHR089C,YHR061C,0,-4.6047564,0.553056538105011,0.9589999914169312,0.07750000059604645
YPR200C,YMR104C,0,-4.604925,0.5527377724647522,0.9589999914169312,0.07760000228881836
YML013W,YER180C-A,0,-4.6051087,0.5524193644523621,0.9589999914169312,0.07769999653100967
YPL156C,YBL106C,0,-4.6053224,0.5521013140678406,0.9589999914169312,0.07779999822378159
YHR183W,YBR037C,0,-4.605406,0.5517836809158325,0.9589999914169312,0.0778999999165535
YDR358W,YBR081C,0,-4.605686,0.5514663457870483,0.9589999914169312,0.07800000160932541
YOL028C,YLL017W,0,-4.6059837,0.5511494278907776,0.9589999914169312,0.07810000330209732
YPL175W,YHR048W,0,-4.606892,0.5508328676223755,0.9589999914169312,0.07819999754428864
YKR095W-A,YPR010C,0,-4.6069384,0.550516664981842,0.9589999914169312,0.07829999923706055
YIL142W,YHR077C,0,-4.6074886,0.5502008199691772,0.9589999914169312,0.07840000092983246
YIR019C,YDR388W,0,-4.607609,0.5498853325843811,0.9589999914169312,0.07850000262260437
YEL020W-A,YBR173C,0,-4.607772,0.5495702028274536,0.9589999914169312,0.07859999686479568
YDR457W,YEL004W,0,-4.608286,0.5492554306983948,0.9589999914169312,0.0786999985575676
YBL100W-B,YJR027W,1,-4.6086545,0.5495134592056274,0.9599999785423279,0.0786999985575676
YKR022C,YKL012W,0,-4.6091237,0.549199104309082,0.9599999785423279,0.07880000025033951
YOL063C,YNL036W,0,-4.609206,0.5488850474357605,0.9599999785423279,0.07890000194311142
YOR069W,YLR346C,0,-4.6095476,0.5485714077949524,0.9599999785423279,0.07900000363588333
YJL209W,YOR305W,0,-4.6099634,0.5482581257820129,0.9599999785423279,0.07909999787807465
YBR017C,YPR144C,0,-4.610058,0.5479452013969421,0.9599999785423279,0.07919999957084656
YJR028W,YJR029W,1,-4.6105103,0.5482030510902405,0.9610000252723694,0.07919999957084656
YKL138C-A,YOR334W,0,-4.6114187,0.5478905439376831,0.9610000252723694,0.07930000126361847
YCR093W,YMR109W,0,-4.6116676,0.5475783348083496,0.9610000252723694,0.07940000295639038
YDR323C,YBR087W,0,-4.612032,0.5472665429115295,0.9610000252723694,0.0794999971985817
YJR022W,YOR253W,0,-4.6120834,0.5469550490379333,0.9610000252723694,0.07959999889135361
YKL117W,YKL086W,0,-4.6129723,0.5466439127922058,0.9610000252723694,0.07970000058412552
YPL051W,YDR457W,0,-4.6129875,0.5463331341743469,0.9610000252723694,0.07980000227689743
YOL063C,YBL056W,0,-4.6134024,0.5460227131843567,0.9610000252723694,0.07989999651908875
YCL044C,YIL076W,0,-4.613494,0.5457126498222351,0.9610000252723694,0.07999999821186066
YDL160C,YDR358W,0,-4.613613,0.5454029440879822,0.9610000252723694,0.08009999990463257
YBR159W,YOL125W,0,-4.613904,0.5450935959815979,0.9610000252723694,0.08020000159740448
YDR219C,YNL053W,0,-4.6139593,0.5447846055030823,0.9610000252723694,0.08030000329017639
YFR024C-A,YGL046W,0,-4.6140394,0.5444759130477905,0.9610000252723694,0.0803999975323677
YOR113W,YGL104C,0,-4.6140475,0.5441676378250122,0.9610000252723694,0.08049999922513962
YMR001C,YJL176C,0,-4.6142473,0.5438596606254578,0.9610000252723694,0.08060000091791153
YOR137C,YJL141C,0,-4.614485,0.543552041053772,0.9610000252723694,0.08070000261068344
YGR195W,YDL060W,0,-4.6151333,0.5432447791099548,0.9610000252723694,0.08079999685287476
YBL013W,YDR238C,0,-4.6152625,0.5429378747940063,0.9610000252723694,0.08089999854564667
YDR030C,YDR200C,0,-4.6152716,0.5426312685012817,0.9610000252723694,0.08100000023841858
YDR145W,YLR224W,0,-4.6158676,0.5423250794410706,0.9610000252723694,0.08110000193119049
YFR003C,YGR111W,0,-4.6159525,0.5420191884040833,0.9610000252723694,0.0812000036239624
YMR075W,YOR018W,0,-4.616536,0.5417136549949646,0.9610000252723694,0.08129999786615372
YDL017W,YGL233W,0,-4.617199,0.5414084792137146,0.9610000252723694,0.08139999955892563
YJL179W,YGR152C,0,-4.6174,0.5411036014556885,0.9610000252723694,0.08150000125169754
YLR411W,YGR042W,0,-4.617417,0.540799081325531,0.9610000252723694,0.08160000294446945
YOR113W,YNL297C,0,-4.617434,0.5404949188232422,0.9610000252723694,0.08169999718666077
YHR170W,YLR132C,0,-4.6177464,0.540191113948822,0.9610000252723694,0.08179999887943268
YML071C,YER106W,0,-4.617806,0.5398876667022705,0.9610000252723694,0.08190000057220459
YPL231W,YJL121C,0,-4.6197214,0.5395845174789429,0.9610000252723694,0.0820000022649765
YGL178W,YLR020C,0,-4.620018,0.5392817258834839,0.9610000252723694,0.08209999650716782
YPL255W,YDL153C,0,-4.620712,0.5389792323112488,0.9610000252723694,0.08219999819993973
YHL036W,YCR058C,0,-4.6214824,0.5386771559715271,0.9610000252723694,0.08229999989271164
YNR002C,YGR251W,0,-4.621519,0.5383753776550293,0.9610000252723694,0.08240000158548355
YJR026W,YJR029W,1,-4.6216173,0.5386338233947754,0.9620000123977661,0.08240000158548355
YOR185C,YGR144W,0,-4.6217737,0.5383324027061462,0.9620000123977661,0.08250000327825546
YPR025C,YJR006W,0,-4.621872,0.5380313396453857,0.9620000123977661,0.08259999752044678
YDL024C,YJL034W,0,-4.622696,0.5377305746078491,0.9620000123977661,0.08269999921321869
YCR086W,YLR026C,0,-4.6229773,0.5374301671981812,0.9620000123977661,0.0828000009059906
YOR269W,YOR287C,0,-4.6232824,0.5371301174163818,0.9620000123977661,0.08290000259876251
YCR091W,YEL004W,0,-4.62339,0.5368303656578064,0.9620000123977661,0.08299999684095383
YPL121C,YEL012W,0,-4.6241913,0.5365309715270996,0.9620000123977661,0.08309999853372574
YNL129W,YPR121W,0,-4.624381,0.5362318754196167,0.9620000123977661,0.08320000022649765
YDL093W,YPL163C,0,-4.624786,0.5359331369400024,0.9620000123977661,0.08330000191926956
YOR349W,YDR523C,0,-4.625629,0.5356347560882568,0.9620000123977661,0.08340000361204147
YOR211C,YPL138C,0,-4.625632,0.5353366732597351,0.9620000123977661,0.08349999785423279
YDR043C,YDL077C,0,-4.625732,0.535038948059082,0.9620000123977661,0.0835999995470047
YBL063W,YLR313C,0,-4.625796,0.5347415208816528,0.9620000123977661,0.08370000123977661
YDR424C,YDR358W,0,-4.625825,0.5344444513320923,0.9620000123977661,0.08380000293254852
YPL008W,YMR087W,0,-4.626053,0.5341476798057556,0.9620000123977661,0.08389999717473984
YKL008C,YNL247W,0,-4.626235,0.5338512659072876,0.9620000123977661,0.08399999886751175
YER142C,YIL046W,0,-4.6263523,0.5335552096366882,0.9620000123977661,0.08410000056028366
YMR164C,YMR059W,0,-4.6264844,0.5332594513893127,0.9620000123977661,0.08420000225305557
YOR076C,YJL059W,0,-4.6266193,0.5329639911651611,0.9620000123977661,0.08429999649524689
YPR119W,YKR056W,0,-4.626958,0.5326688885688782,0.9620000123977661,0.0843999981880188
YDR270W,YGR253C,0,-4.6271124,0.5323740839958191,0.9620000123977661,0.08449999988079071
YNL130C,YOL122C,0,-4.627176,0.5320796370506287,0.9620000123977661,0.08460000157356262
YLR085C,YDR244W,0,-4.6272025,0.5317854881286621,0.9620000123977661,0.08470000326633453
YDR054C,YOR381W,0,-4.6273136,0.5314916968345642,0.9620000123977661,0.08479999750852585
YGL111W,YAL033W,0,-4.6274366,0.5311982035636902,0.9620000123977661,0.08489999920129776
YIL010W,YNL074C,0,-4.627468,0.5309050679206848,0.9620000123977661,0.08500000089406967
YPL155C,YHR165C,0,-4.627636,0.5306122303009033,0.9620000123977661,0.08510000258684158
YCL020W,YIL080W,1,-4.6276546,0.5308709740638733,0.9629999995231628,0.08510000258684158
YBL009W,YGL241W,0,-4.627694,0.5305784940719604,0.9629999995231628,0.0851999968290329
YDL195W,YNL054W,0,-4.6277633,0.5302863717079163,0.9629999995231628,0.08529999852180481
YGL017W,YGR246C,0,-4.627907,0.5299944877624512,0.9629999995231628,0.08540000021457672
YNL001W,YJL148W,0,-4.6279373,0.5297029614448547,0.9629999995231628,0.08550000190734863
YLR205C,YOL126C,0,-4.628242,0.529411792755127,0.9629999995231628,0.08560000360012054
YKL052C,YER106W,0,-4.6282654,0.5291208624839783,0.9629999995231628,0.08569999784231186
YPR179C,YER190W,0,-4.6282725,0.5288302898406982,0.9629999995231628,0.08579999953508377
YHR056C,YHL006C,0,-4.628322,0.5285400748252869,0.9629999995231628,0.08590000122785568
YHR053C,YKL138C-A,0,-4.6285033,0.5282501578330994,0.9629999995231628,0.0860000029206276
YGR214W,YLR197W,0,-4.6286707,0.5279605388641357,0.9629999995231628,0.08609999716281891
YDR244W,YDR308C,0,-4.6287823,0.527671217918396,0.9629999995231628,0.08619999885559082
YHR096C,YBL007C,0,-4.629406,0.5273822546005249,0.9629999995231628,0.08630000054836273
YDR302W,YKL088W,0,-4.6294255,0.5270935893058777,0.9629999995231628,0.08640000224113464
YJR091C,YOL113W,0,-4.6295443,0.5268052220344543,0.9629999995231628,0.08649999648332596
YOR239W,YDL069C,0,-4.629651,0.5265172123908997,0.9629999995231628,0.08659999817609787
YMR246W,YOL105C,0,-4.6301947,0.5262295007705688,0.9629999995231628,0.08669999986886978
YNR067C,YMR175W,0,-4.631157,0.5259420871734619,0.9629999995231628,0.0868000015616417
YER110C,YGL201C,0,-4.631158,0.5256550312042236,0.9629999995231628,0.0869000032544136
YNL099C,YIL017W,0,-4.631187,0.5253682732582092,0.9629999995231628,0.08699999749660492
YBL075C,YOR110W,0,-4.6317587,0.5250818133354187,0.9629999995231628,0.08709999918937683
YGL241W,YER190W,0,-4.632575,0.524795651435852,0.9629999995231628,0.08720000088214874
YLL018C-A,YBR167C,0,-4.6326475,0.5245097875595093,0.9629999995231628,0.08730000257492065
YER014C-A,YPL032C,0,-4.632797,0.5242242813110352,0.9629999995231628,0.08739999681711197
YDR184C,YNL232W,0,-4.632827,0.5239390730857849,0.9629999995231628,0.08749999850988388
YER014C-A,YOR046C,0,-4.6328497,0.5236541628837585,0.9629999995231628,0.08760000020265579
YLR286C,YBR020W,0,-4.6329856,0.523369550704956,0.9629999995231628,0.0877000018954277
YPR189W,YDR523C,0,-4.6331425,0.5230852961540222,0.9629999995231628,0.08780000358819962
YNL110C,YHL009C,0,-4.6332464,0.5228012800216675,0.9629999995231628,0.08789999783039093
YLR201C,YER142C,0,-4.633342,0.5225176215171814,0.9629999995231628,0.08799999952316284
YGR133W,YOR054C,0,-4.633609,0.5222342610359192,0.9629999995231628,0.08810000121593475
YDR216W,YOR351C,0,-4.633666,0.5219511985778809,0.9629999995231628,0.08820000290870667
YNL051W,YPL091W,0,-4.63384,0.5216684937477112,0.9629999995231628,0.08829999715089798
YJR029W,YML045W,1,-4.633994,0.5219274759292603,0.9639999866485596,0.08829999715089798
YLR195C,YDL235C,0,-4.634221,0.5216450095176697,0.9639999866485596,0.08839999884366989
YEL003W,YGR179C,0,-4.6344595,0.5213629007339478,0.9639999866485596,0.0885000005364418
YCR039C,YPL147W,0,-4.6344953,0.5210810899734497,0.9639999866485596,0.08860000222921371
YBR132C,YEL057C,0,-4.6345944,0.5207995772361755,0.9639999866485596,0.08869999647140503
YFR053C,YML034W,0,-4.6346436,0.5205183625221252,0.9639999866485596,0.08879999816417694
YAR009C,YMR045C,1,-4.634847,0.5207771062850952,0.9649999737739563,0.08879999816417694
YGL054C,YDR065W,0,-4.634922,0.5204962491989136,0.9649999737739563,0.08889999985694885
YNL232W,YER165W,0,-4.635027,0.520215630531311,0.9649999737739563,0.08900000154972076
YLL002W,YJR029W,1,-4.635142,0.5204741358757019,0.9660000205039978,0.08900000154972076
YCR060W,YLL017W,0,-4.635338,0.520193874835968,0.9660000205039978,0.08910000324249268
YOR143C,YLL012W,0,-4.635548,0.519913911819458,0.9660000205039978,0.08919999748468399
YBR267W,YDR416W,0,-4.636037,0.5196341872215271,0.9660000205039978,0.0892999991774559
YJL005W,YHR082C,0,-4.6363177,0.5193548202514648,0.9660000205039978,0.08940000087022781
YPR182W,YPL041C,0,-4.6364274,0.5190757513046265,0.9660000205039978,0.08950000256299973
YLR175W,YGR128C,0,-4.6365137,0.518796980381012,0.9660000205039978,0.08959999680519104
YGR188C,YJR135W-A,0,-4.6365323,0.5185185074806213,0.9660000205039978,0.08969999849796295
YHR082C,YGL104C,0,-4.636921,0.5182403326034546,0.9660000205039978,0.08980000019073486
YCL020W,YJR028W,1,-4.6369867,0.5184986591339111,0.9670000076293945,0.08980000019073486
YLL002W,YMR045C,1,-4.637655,0.5187566876411438,0.9679999947547913,0.08980000019073486
YNL302C,YPL012W,0,-4.637695,0.5184788703918457,0.9679999947547913,0.08990000188350677
YDR489W,YHR070W,0,-4.637803,0.5182012915611267,0.9679999947547913,0.09000000357627869
YML074C,YOL124C,0,-4.637912,0.5179240107536316,0.9679999947547913,0.09009999781847
YKL205W,YGL169W,0,-4.6379128,0.5176470875740051,0.9679999947547913,0.09019999951124191
YGL169W,YKL018W,0,-4.6381207,0.5173704028129578,0.9679999947547913,0.09030000120401382
YPL140C,YGR070W,0,-4.6382384,0.5170940160751343,0.9679999947547913,0.09040000289678574
YCL020W,YJR026W,1,-4.638366,0.5173518657684326,0.968999981880188,0.09040000289678574
YMR266W,YPL057C,0,-4.6398883,0.517075777053833,0.968999981880188,0.09049999713897705
YPL259C,YAL068C,0,-4.640282,0.5167999863624573,0.968999981880188,0.09059999883174896
YDL087C,YAR042W,0,-4.6403427,0.5165244936943054,0.968999981880188,0.09070000052452087
YMR055C,YBR272C,0,-4.640403,0.5162493586540222,0.968999981880188,0.09080000221729279
YER104W,YMR046C,1,-4.6404595,0.5165069103240967,0.9700000286102295,0.09080000221729279
YHR096C,YFR033C,0,-4.64074,0.5162320137023926,0.9700000286102295,0.0908999964594841
YHR165C,YLR346C,0,-4.641245,0.5159574747085571,0.9700000286102295,0.09099999815225601
YLR155C,YNR001C,0,-4.641643,0.5156831741333008,0.9700000286102295,0.09109999984502792
YBL100W-A,YJR026W,1,-4.6425095,0.5159404873847961,0.9710000157356262,0.09109999984502792
YLR106C,YIL052C,0,-4.6426315,0.5156664848327637,0.9710000157356262,0.09120000153779984
YBR233W-A,YPL120W,0,-4.6426697,0.5153927803039551,0.9710000157356262,0.09130000323057175
YNL242W,YPL171C,0,-4.6427927,0.5151193737983704,0.9710000157356262,0.09139999747276306
YDR363W,YDR120C,0,-4.643204,0.5148462057113647,0.9710000157356262,0.09149999916553497
YOR330C,YDR150W,0,-4.643473,0.5145733952522278,0.9710000157356262,0.09160000085830688
YGR274C,YNL339C,0,-4.643556,0.5143008232116699,0.9710000157356262,0.0917000025510788
YJL167W,YNL046W,0,-4.6437144,0.5140286087989807,0.9710000157356262,0.09179999679327011
YPR200C,YLR313C,0,-4.6437287,0.5137566328048706,0.9710000157356262,0.09189999848604202
YGL099W,YDR324C,0,-4.64406,0.5134849548339844,0.9710000157356262,0.09200000017881393
YGL145W,YNL313C,0,-4.6441936,0.5132135152816772,0.9710000157356262,0.09210000187158585
YNL036W,YGR122W,0,-4.6441975,0.5129424333572388,0.9710000157356262,0.09220000356435776
YBL034C,YKL088W,0,-4.6447306,0.5126715898513794,0.9710000157356262,0.09229999780654907
YHR115C,YHR090C,0,-4.6450725,0.5124010443687439,0.9710000157356262,0.09239999949932098
YOR185C,YDR123C,0,-4.6452403,0.5121307969093323,0.9710000157356262,0.0925000011920929
YLR380W,YBR040W,0,-4.6453953,0.5118608474731445,0.9710000157356262,0.09260000288486481
YPL059W,YDR479C,0,-4.6457562,0.5115911364555359,0.9710000157356262,0.09269999712705612
YBL100W-B,YJR029W,1,-4.6458216,0.5118483304977417,0.972000002861023,0.09269999712705612
YPR120C,YNL213C,0,-4.6458235,0.5115789771080017,0.972000002861023,0.09279999881982803
YBR297W,YHR075C,0,-4.645854,0.5113098621368408,0.972000002861023,0.09290000051259995
YFL011W,YDR247W,0,-4.6460433,0.511040985584259,0.972000002861023,0.09300000220537186
YHR197W,YPR086W,0,-4.6464524,0.5107724666595459,0.972000002861023,0.09309999644756317
YOR133W,YPR139C,0,-4.6466303,0.5105041861534119,0.972000002861023,0.09319999814033508
YBR102C,YGR179C,0,-4.6466594,0.5102362036705017,0.972000002861023,0.093299999833107
YGL208W,YDR246W,0,-4.646696,0.5099685192108154,0.972000002861023,0.0934000015258789
YMR266W,YBR175W,0,-4.6468544,0.5097010731697083,0.972000002861023,0.09350000321865082
YPL181W,YKL055C,0,-4.647066,0.5094339847564697,0.972000002861023,0.09359999746084213
YMR080C,YFR040W,0,-4.647414,0.5091670751571655,0.972000002861023,0.09369999915361404
YBR035C,YBR294W,0,-4.6476574,0.50890052318573,0.972000002861023,0.09380000084638596
YGL044C,YGL244W,0,-4.64818,0.5086342096328735,0.972000002861023,0.09390000253915787
YDR256C,YGL095C,0,-4.648687,0.508368194103241,0.972000002861023,0.09399999678134918
YNL210W,YKL086W,0,-4.6489515,0.5081024765968323,0.972000002861023,0.0940999984741211
YKL009W,YGL044C,0,-4.6495104,0.5078369975090027,0.972000002861023,0.094200000166893
YJL024C,YDR312W,0,-4.6496234,0.507571816444397,0.972000002861023,0.09430000185966492
YKL141W,YNL202W,0,-4.6497803,0.5073068737983704,0.972000002861023,0.09440000355243683
YBR103W,YDL077C,0,-4.649988,0.5070422291755676,0.972000002861023,0.09449999779462814
YCL014W,YBR289W,0,-4.650012,0.5067778825759888,0.972000002861023,0.09459999948740005
YPR083W,YKR095W-A,0,-4.6502914,0.5065138339996338,0.972000002861023,0.09470000118017197
YER075C,YMR266W,0,-4.650796,0.5062500238418579,0.972000002861023,0.09480000287294388
YAR007C,YKR001C,0,-4.651153,0.5059864521026611,0.972000002861023,0.09489999711513519
YLR377C,YMR145C,0,-4.651205,0.5057231783866882,0.972000002861023,0.0949999988079071
YDR182W,YIL097W,0,-4.651328,0.5054602026939392,0.972000002861023,0.09510000050067902
YGL201C,YFR002W,0,-4.6518517,0.5051975250244141,0.972000002861023,0.09520000219345093
YNR053C,YOL093W,0,-4.6521473,0.504935085773468,0.972000002861023,0.09529999643564224
YOR317W,YPR131C,0,-4.6522245,0.5046728849411011,0.972000002861023,0.09539999812841415
YIL007C,YMR067C,0,-4.652466,0.504410982131958,0.972000002861023,0.09549999982118607
YMR246W,YDL116W,0,-4.652499,0.5041493773460388,0.972000002861023,0.09560000151395798
YBL100W-A,YCL019W,1,-4.6525626,0.5044064521789551,0.9729999899864197,0.09560000151395798
YMR322C,YGR144W,0,-4.6529207,0.504145085811615,0.9729999899864197,0.09570000320672989
YPL153C,YMR273C,0,-4.6532655,0.5038840174674988,0.9729999899864197,0.0957999974489212
YDL078C,YEL024W,0,-4.653327,0.5036231875419617,0.9729999899864197,0.09589999914169312
YLR394W,YPR078C,0,-4.6535597,0.5033626556396484,0.9729999899864197,0.09600000083446503
YBR132C,YDR205W,0,-4.653657,0.5031023621559143,0.9729999899864197,0.09610000252723694
YDR283C,YPL235W,0,-4.653806,0.502842366695404,0.9729999899864197,0.09619999676942825
YGL011C,YNL304W,0,-4.6539783,0.5025826692581177,0.9729999899864197,0.09629999846220016
YMR167W,YJL109C,0,-4.6543026,0.5023231506347656,0.9729999899864197,0.09640000015497208
YML102W,YLR224W,0,-4.6561465,0.5020639896392822,0.9729999899864197,0.09650000184774399
YOR185C,YMR302C,0,-4.6561666,0.5018050670623779,0.9729999899864197,0.0966000035405159
YBR216C,YLR126C,0,-4.6566224,0.5015463829040527,0.9729999899864197,0.09669999778270721
YKR087C,YOR356W,0,-4.6567354,0.5012879967689514,0.9729999899864197,0.09679999947547913
YKL082C,YOR073W,0,-4.6572022,0.5010298490524292,0.9729999899864197,0.09690000116825104
YJL081C,YJR120W,0,-4.6572657,0.5007719993591309,0.9729999899864197,0.09700000286102295
YDR130C,YGR206W,0,-4.657749,0.5005143880844116,0.9729999899864197,0.09709999710321426
YBL097W,YOR038C,0,-4.6578383,0.5002570748329163,0.9729999899864197,0.09719999879598618
YML042W,YNL213C,0,-4.657902,0.5,0.9729999899864197,0.09730000048875809
YBR040W,YJR158W,0,-4.658086,0.49974319338798523,0.9729999899864197,0.09740000218153
YPR104C,YAL068C,0,-4.658184,0.49948665499687195,0.9729999899864197,0.09749999642372131
YJL011C,YDR002W,0,-4.6589327,0.49923038482666016,0.9729999899864197,0.09759999811649323
YGR004W,YGL169W,0,-4.6589823,0.49897435307502747,0.9729999899864197,0.09769999980926514
YGL116W,YFR013W,0,-4.659175,0.49871861934661865,0.9729999899864197,0.09780000150203705
YDL142C,YGR183C,0,-4.659354,0.49846312403678894,0.9729999899864197,0.09790000319480896
YMR004W,YDL116W,0,-4.659488,0.4982078969478607,0.9729999899864197,0.09799999743700027
YLR166C,YOR305W,0,-4.6596947,0.4979529082775116,0.9729999899864197,0.09809999912977219
YCL075W,YIL080W,1,-4.6600037,0.49820971488952637,0.9739999771118164,0.09809999912977219
YLL061W,YJL121C,0,-4.660114,0.4979550242424011,0.9739999771118164,0.0982000008225441
YFL023W,YER082C,0,-4.6601152,0.497700572013855,0.9739999771118164,0.09830000251531601
YJR021C,YDL077C,0,-4.660202,0.4974463880062103,0.9739999771118164,0.09839999675750732
YPL159C,YHR106W,0,-4.6605253,0.4971924424171448,0.9739999771118164,0.09849999845027924
YDL102W,YNL339C,0,-4.660654,0.4969387650489807,0.9739999771118164,0.09860000014305115
YNL223W,YGR042W,0,-4.6606827,0.49668535590171814,0.9739999771118164,0.09870000183582306
YDR343C,YGR009C,0,-4.6609125,0.49643221497535706,0.9739999771118164,0.09880000352859497
YPR183W,YMR142C,0,-4.6609135,0.4961793124675751,0.9739999771118164,0.09889999777078629
YDL164C,YCR102C,0,-4.661558,0.4959266781806946,0.9739999771118164,0.0989999994635582
YBL025W,YLL011W,0,-4.662055,0.4956743121147156,0.9739999771118164,0.09910000115633011
YNL233W,YML016C,0,-4.6625648,0.4954221844673157,0.9739999771118164,0.09920000284910202
YJR028W,YMR046C,1,-4.662699,0.49567869305610657,0.9750000238418579,0.09920000284910202
YFL009W,YKL138C-A,0,-4.662755,0.49542683362960815,0.9750000238418579,0.09929999709129333
YMR165C,YCL043C,0,-4.6629825,0.49517521262168884,0.9750000238418579,0.09939999878406525
YDR214W,YDR320C,0,-4.6630096,0.494923859834671,0.9750000238418579,0.09950000047683716
YDR123C,YGR258C,0,-4.663747,0.4946727454662323,0.9750000238418579,0.09960000216960907
YMR296C,YHR157W,0,-4.6642933,0.49442189931869507,0.9750000238418579,0.09969999641180038
YDR425W,YNL339C,0,-4.6648083,0.4941713213920593,0.9750000238418579,0.0997999981045723
YJR089W,YGL116W,0,-4.6649904,0.4939209818840027,0.9750000238418579,0.09989999979734421
YNL062C,YLR435W,0,-4.665083,0.49367088079452515,0.9750000238418579,0.10000000149011612
YLR293C,YGL039W,0,-4.665627,0.4934210479259491,0.9750000238418579,0.10010000318288803
YDR195W,YBR254C,0,-4.6657825,0.49317148327827454,0.9750000238418579,0.10019999742507935
YML116W,YHR204W,0,-4.665819,0.4929221570491791,0.9750000238418579,0.10029999911785126
YNR038W,YER013W,0,-4.6659193,0.4926730692386627,0.9750000238418579,0.10040000081062317
YBR217W,YHR056C,0,-4.6659203,0.49242424964904785,0.9750000238418579,0.10050000250339508
YPR137W,YNL154C,0,-4.666217,0.4921756684780121,0.9750000238418579,0.1005999967455864
YJR042W,YHR062C,0,-4.6662726,0.4919273555278778,0.9750000238418579,0.1006999984383583
YAR009C,YJR028W,1,-4.6662946,0.4921835660934448,0.9760000109672546,0.1006999984383583
YIL128W,YJR002W,0,-4.6667233,0.49193549156188965,0.9760000109672546,0.10080000013113022
YNL245C,YNL282W,0,-4.6675544,0.4916876554489136,0.9760000109672546,0.10090000182390213
YGL029W,YOL080C,0,-4.6675744,0.491440087556839,0.9760000109672546,0.10100000351667404
YPL275W,YNL046W,0,-4.66759,0.4911927580833435,0.9760000109672546,0.10109999775886536
YMR052W,YKL040C,0,-4.6683207,0.4909456670284271,0.9760000109672546,0.10119999945163727
YGR274C,YKL095W,0,-4.668359,0.49069884419441223,0.9760000109672546,0.10130000114440918
YGR142W,YOR110W,0,-4.668404,0.49045225977897644,0.9760000109672546,0.10140000283718109
YPL001W,YDR202C,0,-4.66844,0.49020591378211975,0.9760000109672546,0.1014999970793724
YBR102C,YCL069W,0,-4.6684647,0.48995983600616455,0.9760000109672546,0.10159999877214432
YLR205C,YDR148C,0,-4.668791,0.48971399664878845,0.9760000109672546,0.10170000046491623
YAL015C,YDL098C,0,-4.6687965,0.48946839570999146,0.9760000109672546,0.10180000215768814
YOR133W,YNL072W,0,-4.668859,0.48922306299209595,0.9760000109672546,0.10189999639987946
YDL227C,YKL075C,0,-4.669081,0.48897796869277954,0.9760000109672546,0.10199999809265137
YPR005C,YKR095W-A,0,-4.6691537,0.48873311281204224,0.9760000109672546,0.10209999978542328
YNL051W,YIL017C,0,-4.669243,0.48848849534988403,0.9760000109672546,0.10220000147819519
YDR268W,YDR515W,0,-4.6693964,0.48824411630630493,0.9760000109672546,0.1023000031709671
YPR030W,YLR206W,0,-4.669937,0.4880000054836273,0.9760000109672546,0.10239999741315842
YDR461W,YGL008C,0,-4.670145,0.4877561330795288,0.9760000109672546,0.10249999910593033
YMR011W,YPL126W,0,-4.670361,0.4875124990940094,0.9760000109672546,0.10260000079870224
YBR145W,YBL071W-A,0,-4.6706376,0.4872691035270691,0.9760000109672546,0.10270000249147415
YBL085W,YGL093W,0,-4.6706448,0.4870259463787079,0.9760000109672546,0.10279999673366547
YOR120W,YFL018W-A,0,-4.6707344,0.4867830276489258,0.9760000109672546,0.10289999842643738
YNR002C,YLR411W,0,-4.6723194,0.48654037714004517,0.9760000109672546,0.10300000011920929
YGL084C,YGR251W,0,-4.6725626,0.48629796504974365,0.9760000109672546,0.1031000018119812
YLL022C,YBR159W,0,-4.6729136,0.48605579137802124,0.9760000109672546,0.10320000350475311
YOL144W,YBL025W,0,-4.6732326,0.48581382632255554,0.9760000109672546,0.10329999774694443
YJR031C,YBR159W,0,-4.6734476,0.48557212948799133,0.9760000109672546,0.10339999943971634
YCL024W,YKL205W,0,-4.6735506,0.4853306710720062,0.9760000109672546,0.10350000113248825
YER015W,YGR256W,0,-4.6735907,0.4850894510746002,0.9760000109672546,0.10360000282526016
YER103W,YLR426W,0,-4.673621,0.4848484992980957,0.9760000109672546,0.10369999706745148
YLR397C,YLR068W,0,-4.674012,0.4846077561378479,0.9760000109672546,0.10379999876022339
YMR240C,YGL093W,0,-4.6743813,0.4843672513961792,0.9760000109672546,0.1039000004529953
YPL115C,YLR410W,0,-4.6744127,0.4841269850730896,0.9760000109672546,0.10400000214576721
YER164W,YJR063W,0,-4.674434,0.4838869571685791,0.9760000109672546,0.10409999638795853
YFR053C,YDR092W,0,-4.674491,0.4836471676826477,0.9760000109672546,0.10419999808073044
YLR028C,YGL037C,0,-4.6748543,0.4834076166152954,0.9760000109672546,0.10429999977350235
YGR180C,YOR356W,0,-4.67491,0.4831683039665222,0.9760000109672546,0.10440000146627426
YGR091W,YPL122C,0,-4.6749344,0.4829292297363281,0.9760000109672546,0.10450000315904617
YHR062C,YML024W,0,-4.675046,0.48269039392471313,0.9760000109672546,0.10459999740123749
YKR002W,YNL332W,0,-4.675152,0.48245179653167725,0.9760000109672546,0.1046999990940094
YOL165C,YLR139C,0,-4.6754208,0.48221343755722046,0.9760000109672546,0.10480000078678131
YFR033C,YLR455W,0,-4.6755276,0.4819753170013428,0.9760000109672546,0.10490000247955322
YLR319C,YML098W,0,-4.67582,0.4817374050617218,0.9760000109672546,0.10499999672174454
YKL022C,YJL039C,0,-4.6759167,0.4814997613430023,0.9760000109672546,0.10509999841451645
YKL149C,YJR027W,1,-4.6762753,0.48175543546676636,0.9769999980926514,0.10509999841451645
YJL071W,YLR303W,0,-4.676276,0.4815180003643036,0.9769999980926514,0.10520000010728836
YBR247C,YDL208W,0,-4.676281,0.48128077387809753,0.9769999980926514,0.10530000180006027
YLR383W,YER161C,0,-4.6764946,0.48104381561279297,0.9769999980926514,0.10540000349283218
YEL056W,YNL167C,0,-4.6765556,0.4808070957660675,0.9769999980926514,0.1054999977350235
YJR042W,YLR105C,0,-4.676728,0.48057058453559875,0.9769999980926514,0.10559999942779541
YGR113W,YGL173C,0,-4.6769385,0.4803343117237091,0.9769999980926514,0.10570000112056732
YCL044C,YNL085W,0,-4.6770296,0.48009827733039856,0.9769999980926514,0.10580000281333923
YER125W,YNL313C,0,-4.6770296,0.4798624813556671,0.9769999980926514,0.10589999705553055
YGR060W,YPR121W,0,-4.677599,0.4796268939971924,0.9769999980926514,0.10599999874830246
YMR292W,YNL169C,0,-4.6785755,0.47939157485961914,0.9769999980926514,0.10610000044107437
YBL026W,YJL087C,0,-4.678605,0.4791564345359802,0.9769999980926514,0.10620000213384628
YNL331C,YCR073C,0,-4.679189,0.4789215624332428,0.9769999980926514,0.1062999963760376
YML104C,YBR098W,0,-4.67935,0.4786869287490845,0.9769999980926514,0.10639999806880951
YGR088W,YAR042W,0,-4.6794224,0.47845250368118286,0.9769999980926514,0.10649999976158142
YML023C,YIL037C,0,-4.679503,0.47821831703186035,0.9769999980926514,0.10660000145435333
YER183C,YJR022W,0,-4.6795235,0.47798433899879456,0.9769999980926514,0.10670000314712524
YGL155W,YDL116W,0,-4.679592,0.47775059938430786,0.9769999980926514,0.10679999738931656
YHR036W,YDR372C,0,-4.6798244,0.47751709818840027,0.9769999980926514,0.10689999908208847
YPL126W,YER171W,0,-4.6799345,0.4772838354110718,0.9769999980926514,0.10700000077486038
YGL071W,YDR473C,0,-4.6799526,0.47705078125,0.9769999980926514,0.1071000024676323
YLR153C,YLR295C,0,-4.679979,0.4768179655075073,0.9769999980926514,0.10719999670982361
YER014C-A,YLR425W,0,-4.680162,0.47658535838127136,0.9769999980926514,0.10729999840259552
YHR096C,YDL247W,0,-4.680255,0.4763529896736145,0.9769999980926514,0.10740000009536743
YBR085W,YBL025W,0,-4.6805067,0.47612085938453674,0.9769999980926514,0.10750000178813934
YPL174C,YDR030C,0,-4.6806684,0.4758889377117157,0.9769999980926514,0.10760000348091125
YOL144W,YNR046W,0,-4.6808844,0.47565725445747375,0.9769999980926514,0.10769999772310257
YPL167C,YGR008C,0,-4.681219,0.4754257798194885,0.9769999980926514,0.10779999941587448
YFR028C,YHR197W,0,-4.6813936,0.4751945436000824,0.9769999980926514,0.10790000110864639
YGL115W,YJL141C,0,-4.6819324,0.47496354579925537,0.9769999980926514,0.1080000028014183
YLL015W,YPL270W,0,-4.682313,0.47473275661468506,0.9769999980926514,0.10809999704360962
YJL034W,YIL139C,0,-4.682422,0.47450217604637146,0.9769999980926514,0.10819999873638153
YPL259C,YGR089W,0,-4.6824493,0.47427183389663696,0.9769999980926514,0.10830000042915344
YOR373W,YER070W,0,-4.6830645,0.47404173016548157,0.9769999980926514,0.10840000212192535
YKL204W,YMR167W,0,-4.683383,0.4738118350505829,0.9769999980926514,0.10849999636411667
YOR211C,YNL267W,0,-4.6835027,0.4735821485519409,0.9769999980926514,0.10859999805688858
YPL269W,YPR173C,0,-4.683857,0.47335270047187805,0.9769999980926514,0.10869999974966049
YDL099W,YOR244W,0,-4.6843653,0.4731234908103943,0.9769999980926514,0.1088000014424324
YDL138W,YJR141W,0,-4.6845737,0.47289448976516724,0.9769999980926514,0.10890000313520432
YGR014W,YJR135W-A,0,-4.684618,0.4726656973361969,0.9769999980926514,0.10899999737739563
YDL149W,YAR042W,0,-4.684687,0.47243714332580566,0.9769999980926514,0.10909999907016754
YER013W,YBL106C,0,-4.684936,0.47220879793167114,0.9769999980926514,0.10920000076293945
YPR010C,YMR143W,0,-4.685289,0.4719806909561157,0.9769999980926514,0.10930000245571136
YER164W,YBR034C,0,-4.6852903,0.47175276279449463,0.9769999980926514,0.10939999669790268
YNR027W,YCR047C,0,-4.6857142,0.471525102853775,0.9769999980926514,0.10949999839067459
YER109C,YNL102W,0,-4.6857557,0.47129762172698975,0.9769999980926514,0.1096000000834465
YBR297W,YNL279W,0,-4.686159,0.47107040882110596,0.9769999980926514,0.10970000177621841
YGL111W,YDR065W,0,-4.686185,0.4708433747291565,0.9769999980926514,0.10980000346899033
YLR223C,YLR265C,0,-4.6861944,0.47061657905578613,0.9769999980926514,0.10989999771118164
YAL034W-A,YKR095W-A,0,-4.686265,0.4703899919986725,0.9769999980926514,0.10999999940395355
YDR437W,YDR131C,0,-4.686413,0.47016361355781555,0.9769999980926514,0.11010000109672546
YIL034C,YNL311C,0,-4.686437,0.4699374735355377,0.9769999980926514,0.11020000278949738
YKL052C,YPL177C,0,-4.6865287,0.4697115421295166,0.9769999980926514,0.11029999703168869
YDR280W,YPR101W,0,-4.686676,0.4694858193397522,0.9769999980926514,0.1103999987244606
YGL236C,YBR037C,0,-4.6871834,0.4692603349685669,0.9769999980926514,0.11050000041723251
YJR027W,YJR028W,1,-4.6872435,0.4695151150226593,0.9779999852180481,0.11050000041723251
YFL025C,YLR385C,0,-4.687439,0.4692898392677307,0.9779999852180481,0.11060000211000443
YMR070W,YJL173C,0,-4.6878934,0.46906474232673645,0.9779999852180481,0.11069999635219574
YJL006C,YJL148W,0,-4.6879926,0.4688398838043213,0.9779999852180481,0.11079999804496765
YOR109W,YLL016W,0,-4.6881294,0.46861523389816284,0.9779999852180481,0.11089999973773956
YDR301W,YNL074C,0,-4.688221,0.4683907926082611,0.9779999852180481,0.11100000143051147
YIR023W,YDR446W,0,-4.6883745,0.4681665897369385,0.9779999852180481,0.11110000312328339
YPL156C,YEL041W,0,-4.68871,0.46794259548187256,0.9779999852180481,0.1111999973654747
YGR142W,YDR425W,0,-4.6889715,0.46771878004074097,0.9779999852180481,0.11129999905824661
YGL013C,YLR090W,0,-4.689355,0.46749523282051086,0.9779999852180481,0.11140000075101852
YOL069W,YMR077C,0,-4.6895714,0.4672718644142151,0.9779999852180481,0.11150000244379044
YPL037C,YPL235W,0,-4.6898446,0.467048704624176,0.9779999852180481,0.11159999668598175
YGR112W,YGR048W,0,-4.689885,0.46682578325271606,0.9779999852180481,0.11169999837875366
YJR070C,YBR267W,0,-4.6900434,0.46660304069519043,0.9779999852180481,0.11180000007152557
YNR075W,YMR203W,0,-4.690045,0.4663805365562439,0.9779999852180481,0.11190000176429749
YNR059W,YAR003W,0,-4.690485,0.4661582410335541,0.9779999852180481,0.1120000034570694
YPR009W,YDR259C,0,-4.6905646,0.46593615412712097,0.9779999852180481,0.11209999769926071
YHR005C-A,YJL121C,0,-4.6906204,0.4657142758369446,0.9779999852180481,0.11219999939203262
YML085C,YOR287C,0,-4.690771,0.4654926359653473,0.9779999852180481,0.11230000108480453
YER180C-A,YNL012W,0,-4.6911163,0.4652711749076843,0.9779999852180481,0.11240000277757645
YDR295C,YCR035C,0,-4.6917143,0.4650499224662781,0.9779999852180481,0.11249999701976776
YPL193W,YLR132C,0,-4.691923,0.4648289084434509,0.9779999852180481,0.11259999871253967
YFL014W,YDR180W,0,-4.69242,0.4646080732345581,0.9779999852180481,0.11270000040531158
YMR301C,YBR233W-A,0,-4.6927133,0.4643874764442444,0.9779999852180481,0.1128000020980835
YCL027W,YFR030W,0,-4.692782,0.464167058467865,0.9779999852180481,0.11289999634027481
YPL089C,YBR294W,0,-4.6928563,0.4639468789100647,0.9779999852180481,0.11299999803304672
YNL133C,YDR492W,0,-4.69321,0.46372687816619873,0.9779999852180481,0.11309999972581863
YBR119W,YIL129C,0,-4.693237,0.46350711584091187,0.9779999852180481,0.11320000141859055
YGL018C,YCR031C,0,-4.693494,0.4632875323295593,0.9779999852180481,0.11330000311136246
YIL079C,YNR056C,0,-4.6935315,0.4630681872367859,0.9779999852180481,0.11339999735355377
YMR235C,YDR065W,0,-4.693631,0.4628490209579468,0.9779999852180481,0.11349999904632568
YKR050W,YNL197C,0,-4.6936946,0.46263009309768677,0.9779999852180481,0.1136000007390976
YAL058W,YER028C,0,-4.69378,0.4624113440513611,0.9779999852180481,0.1137000024318695
YNL257C,YMR179W,0,-4.693824,0.4621928036212921,0.9779999852180481,0.11379999667406082
YNR056C,YKL070W,0,-4.694418,0.46197450160980225,0.9779999852180481,0.11389999836683273
YML113W,YER161C,0,-4.6944246,0.4617563784122467,0.9779999852180481,0.11400000005960464
YEL062W,YGR133W,0,-4.6944504,0.4615384638309479,0.9779999852180481,0.11410000175237656
YER125W,YKL203C,0,-4.694919,0.46132075786590576,0.9779999852180481,0.11420000344514847
YMR164C,YIR041W,0,-4.6949224,0.46110326051712036,0.9779999852180481,0.11429999768733978
YGR225W,YOR054C,0,-4.6952353,0.4608859419822693,0.9779999852180481,0.1143999993801117
YOR206W,YLR008C,0,-4.6953726,0.4606688618659973,0.9779999852180481,0.1145000010728836
YBR280C,YKL203C,0,-4.695412,0.46045199036598206,0.9779999852180481,0.11460000276565552
YPL242C,YLR045C,0,-4.695565,0.4602352976799011,0.9779999852180481,0.11469999700784683
YPL043W,YBL055C,0,-4.6957726,0.4600188136100769,0.9779999852180481,0.11479999870061874
YHR115C,YPL130W,0,-4.6957984,0.4598025381565094,0.9779999852180481,0.11490000039339066
YDR141C,YHR042W,0,-4.6958017,0.4595864713191986,0.9779999852180481,0.11500000208616257
YMR184W,YEL041W,0,-4.6959443,0.45937058329582214,0.9779999852180481,0.11509999632835388
YNL032W,YPL041C,0,-4.6960125,0.4591549336910248,0.9779999852180481,0.1151999980211258
YJR006W,YKL113C,0,-4.6962185,0.45893946290016174,0.9779999852180481,0.1152999997138977
YJL183W,YER013W,0,-4.6965494,0.4587242007255554,0.9779999852180481,0.11540000140666962
YLR205C,YER029C,0,-4.6968355,0.4585091471672058,0.9779999852180481,0.11550000309944153
YER014C-A,YMR234W,0,-4.6968517,0.4582942724227905,0.9779999852180481,0.11559999734163284
YPR185W,YNL103W,0,-4.696922,0.45807963609695435,0.9779999852180481,0.11569999903440475
YDL030W,YBR030W,0,-4.697133,0.4578651785850525,0.9779999852180481,0.11580000072717667
YPR049C,YDR151C,0,-4.697236,0.45765089988708496,0.9779999852180481,0.11590000241994858
YER062C,YJL045W,0,-4.6978836,0.45743685960769653,0.9779999852180481,0.11599999666213989
YNL062C,YLR263W,0,-4.69807,0.45722299814224243,0.9779999852180481,0.1160999983549118
YDR384C,YHR055C,0,-4.6980963,0.45700934529304504,0.9779999852180481,0.11620000004768372
YOR237W,YNL323W,0,-4.698202,0.45679590106010437,0.9779999852180481,0.11630000174045563
YNL326C,YHR020W,0,-4.698556,0.456582635641098,0.9779999852180481,0.11640000343322754
YDL161W,YKL070W,0,-4.6985774,0.4563695788383484,0.9779999852180481,0.11649999767541885
YMR015C,YIR002C,0,-4.6986904,0.45615673065185547,0.9779999852180481,0.11659999936819077
YDL116W,YBL004W,0,-4.698853,0.4559440612792969,0.9779999852180481,0.11670000106096268
YKL139W,YHR099W,0,-4.6990824,0.455731600522995,0.9779999852180481,0.11680000275373459
YMR264W,YDR115W,0,-4.699611,0.45551931858062744,0.9779999852180481,0.1168999969959259
YJR026W,YJR027W,1,-4.6996427,0.4557728171348572,0.9789999723434448,0.1168999969959259
YER105C,YLL011W,0,-4.699799,0.45556071400642395,0.9789999723434448,0.11699999868869781
YPL096C-A,YGR281W,0,-4.6998067,0.4553488492965698,0.9789999723434448,0.11710000038146973
YOR075W,YDL118W,0,-4.699993,0.45513713359832764,0.9789999723434448,0.11720000207424164
YOL149W,YNL188W,0,-4.700122,0.45492565631866455,0.9789999723434448,0.11729999631643295
YGL171W,YPR182W,0,-4.7001424,0.4547143578529358,0.9789999723434448,0.11739999800920486
YDL008W,YDR515W,0,-4.700174,0.45450323820114136,0.9789999723434448,0.11749999970197678
YGL124C,YGL053W,0,-4.700256,0.454292356967926,0.9789999723434448,0.11760000139474869
YOR110W,YPR078C,0,-4.7004557,0.45408162474632263,0.9789999723434448,0.1177000030875206
YHR129C,YBL052C,0,-4.700676,0.45387113094329834,0.9789999723434448,0.11779999732971191
YLL002W,YCL020W,1,-4.700821,0.45412418246269226,0.9800000190734863,0.11779999732971191
YGL014W,YLL034C,0,-4.7011333,0.4539138376712799,0.9800000190734863,0.11789999902248383
YPL093W,YCR031C,0,-4.7022223,0.45370370149612427,0.9800000190734863,0.11800000071525574
YPR183W,YNL313C,0,-4.7022448,0.45349374413490295,0.9800000190734863,0.11810000240802765
YGR218W,YLR430W,0,-4.702353,0.45328399538993835,0.9800000190734863,0.11819999665021896
YPL265W,YAL034W-A,0,-4.7024736,0.4530744254589081,0.9800000190734863,0.11829999834299088
YBR202W,YKL088W,0,-4.702766,0.4528650641441345,0.9800000190734863,0.11840000003576279
YKR095W-A,YGL053W,0,-4.702917,0.4526558816432953,0.9800000190734863,0.1185000017285347
YFR014C,YOR120W,0,-4.7032847,0.45244690775871277,0.9800000190734863,0.11860000342130661
YIL150C,YDR527W,0,-4.70347,0.4522381126880646,0.9800000190734863,0.11869999766349792
YPL167C,YDR359C,0,-4.703481,0.4520295262336731,0.9800000190734863,0.11879999935626984
YHR166C,YBR275C,0,-4.7035356,0.45182111859321594,0.9800000190734863,0.11890000104904175
YLR015W,YJR141W,0,-4.7035475,0.4516128897666931,0.9800000190734863,0.11900000274181366
YNR044W,YLR136C,0,-4.7036896,0.451404869556427,0.9800000190734863,0.11909999698400497
YML104C,YJL156C,0,-4.7039175,0.4511970579624176,0.9800000190734863,0.11919999867677689
YOR330C,YLR467W,0,-4.7042985,0.45098942518234253,0.9800000190734863,0.1193000003695488
YGR010W,YMR104C,0,-4.704794,0.4507819712162018,0.9800000190734863,0.11940000206232071
YBR159W,YGL037C,0,-4.705076,0.45057472586631775,0.9800000190734863,0.11949999630451202
YPL118W,YJR073C,0,-4.7058315,0.45036765933036804,0.9800000190734863,0.11959999799728394
YFL014W,YPL060W,0,-4.705962,0.45016077160835266,0.9800000190734863,0.11969999969005585
YKR095W-A,YJR045C,0,-4.7060843,0.449954092502594,0.9800000190734863,0.11980000138282776
YHL019C,YPL120W,0,-4.7061706,0.44974759221076965,0.9800000190734863,0.11990000307559967
YJR055W,YDL115C,0,-4.7061996,0.44954127073287964,0.9800000190734863,0.11999999731779099
YER125W,YGR281W,0,-4.7065744,0.44933515787124634,0.9800000190734863,0.1200999990105629
YFR021W,YKL213C,0,-4.7067533,0.44912925362586975,0.9800000190734863,0.12020000070333481
YGR218W,YDR339C,0,-4.7070446,0.4489234983921051,0.9800000190734863,0.12030000239610672
YAR019C,YCR102C,0,-4.707079,0.44871795177459717,0.9800000190734863,0.12039999663829803
YDL017W,YER180C-A,0,-4.7071238,0.44851258397102356,0.9800000190734863,0.12049999833106995
YDR171W,YDR122W,0,-4.7072635,0.44830742478370667,0.9800000190734863,0.12060000002384186
YLL008W,YKL176C,0,-4.707301,0.4481024146080017,0.9800000190734863,0.12070000171661377
YLR086W,YLR224W,0,-4.707323,0.44789761304855347,0.9800000190734863,0.12080000340938568
YMR143W,YPR139C,0,-4.707433,0.44769302010536194,0.9800000190734863,0.120899997651577
YDR419W,YNL257C,0,-4.7074337,0.44748857617378235,0.9800000190734863,0.12099999934434891
YML042W,YIL073C,0,-4.7074842,0.4472843408584595,0.9800000190734863,0.12110000103712082
YER172C,YLR398C,0,-4.7075424,0.4470802843570709,0.9800000190734863,0.12120000272989273
YJR025C,YIL119C,0,-4.7081375,0.4468764364719391,0.9800000190734863,0.12129999697208405
YKL185W,YKL108W,0,-4.708264,0.4466727375984192,0.9800000190734863,0.12139999866485596
YML120C,YIL101C,0,-4.708377,0.446469247341156,0.9800000190734863,0.12150000035762787
YDR508C,YJL109C,0,-4.708382,0.44626593589782715,0.9800000190734863,0.12160000205039978
YDR451C,YLL017W,0,-4.7086167,0.4460628032684326,0.9800000190734863,0.1216999962925911
YMR240C,YMR162C,0,-4.708754,0.4458598792552948,0.9800000190734863,0.121799997985363
YJL008C,YDL102W,0,-4.709187,0.4456571042537689,0.9800000190734863,0.12189999967813492
YDR118W,YJL013C,0,-4.7092876,0.44545453786849976,0.9800000190734863,0.12200000137090683
YBR250W,YOR359W,0,-4.7095256,0.4452521502971649,0.9800000190734863,0.12210000306367874
YDL031W,YDL083C,0,-4.7096205,0.4450499415397644,0.9800000190734863,0.12219999730587006
YPL231W,YOR109W,0,-4.710284,0.4448479413986206,0.9800000190734863,0.12229999899864197
YBR086C,YGL039W,0,-4.710478,0.44464609026908875,0.9800000190734863,0.12240000069141388
YKR008W,YGR152C,0,-4.71072,0.4444444477558136,0.9800000190734863,0.12250000238418579
YMR305C,YDL130W-A,0,-4.7111235,0.4442429840564728,0.9800000190734863,0.1225999966263771
YDL017W,YPR179C,0,-4.711588,0.4440416991710663,0.9800000190734863,0.12269999831914902
YHR108W,YOL135C,0,-4.7115927,0.4438405930995941,0.9800000190734863,0.12280000001192093
YFL041W,YPL118W,0,-4.712028,0.4436396658420563,0.9800000190734863,0.12290000170469284
YBR267W,YBR087W,0,-4.7120337,0.44343891739845276,0.9800000190734863,0.12300000339746475
YLR133W,YGL127C,0,-4.7121887,0.44323834776878357,0.9800000190734863,0.12309999763965607
YEL017C-A,YJR063W,0,-4.7123117,0.4430379867553711,0.9800000190734863,0.12319999933242798
YKL074C,YLL017W,0,-4.712423,0.44283777475357056,0.9800000190734863,0.12330000102519989
YPR186C,YPL063W,0,-4.712468,0.44263777136802673,0.9800000190734863,0.1234000027179718
YLR205C,YDR059C,0,-4.71253,0.44243791699409485,0.9800000190734863,0.12349999696016312
YJR140C,YDR057W,0,-4.7126465,0.4422382712364197,0.9800000190734863,0.12359999865293503
YMR184W,YML085C,0,-4.7126656,0.44203880429267883,0.9800000190734863,0.12370000034570694
YIL038C,YMR047C,0,-4.712785,0.4418394863605499,0.9800000190734863,0.12380000203847885
YLR286C,YGL008C,0,-4.712987,0.44164037704467773,0.9800000190734863,0.12389999628067017
YOL008W,YDL195W,0,-4.713108,0.44144144654273987,0.9800000190734863,0.12399999797344208
YNL245C,YPL265W,0,-4.7131677,0.44124269485473633,0.9800000190734863,0.12409999966621399
YGR246C,YMR047C,0,-4.7132187,0.4410440921783447,0.9800000190734863,0.1242000013589859
YGL043W,YKR072C,0,-4.7134423,0.44084569811820984,0.9800000190734863,0.12430000305175781
YLR215C,YMR290C,0,-4.7136154,0.4406474828720093,0.9800000190734863,0.12439999729394913
YER125W,YIL101C,0,-4.71414,0.44044944643974304,0.9800000190734863,0.12449999898672104
YOL069W,YMR216C,0,-4.714466,0.44025155901908875,0.9800000190734863,0.12460000067949295
YLR047C,YHR203C,0,-4.71471,0.44005388021469116,0.9800000190734863,0.12470000237226486
YDR513W,YOR142W,0,-4.715208,0.4398563802242279,0.9800000190734863,0.12479999661445618
YLR246W,YHR188C,0,-4.7156134,0.4396590292453766,0.9800000190734863,0.12489999830722809
YAL026C,YJR145C,0,-4.716139,0.439461886882782,0.9800000190734863,0.125
YBR089C-A,YNL332W,0,-4.7162285,0.4392648935317993,0.9800000190734863,0.1251000016927719
YGR249W,YHR090C,0,-4.716366,0.43906810879707336,0.9800000190734863,0.12520000338554382
YER164W,YDR017C,0,-4.716534,0.43887147307395935,0.9800000190734863,0.12530000507831573
YJL080C,YCL008C,0,-4.71735,0.43867501616477966,0.9800000190734863,0.12540000677108765
YOR237W,YOR137C,0,-4.7176776,0.4384787380695343,0.9800000190734863,0.12549999356269836
YFL010W-A,YLR116W,0,-4.717926,0.43828263878822327,0.9800000190734863,0.12559999525547028
YDR376W,YMR134W,0,-4.717966,0.43808671832084656,0.9800000190734863,0.1256999969482422
YBR272C,YPR078C,0,-4.718151,0.4378909766674042,0.9800000190734863,0.1257999986410141
YLR384C,YGL171W,0,-4.718321,0.4376954138278961,0.9800000190734863,0.125900000333786
YBR276C,YDR498C,0,-4.718532,0.4375,0.9800000190734863,0.12600000202655792
YJL013C,YMR134W,0,-4.7185707,0.4373047649860382,0.9800000190734863,0.12610000371932983
YKR072C,YIL056W,0,-4.718584,0.43710970878601074,0.9800000190734863,0.12620000541210175
YIL079C,YFL010W-A,0,-4.7193403,0.4369148313999176,0.9800000190734863,0.12630000710487366
YGR116W,YGL039W,0,-4.719345,0.4367201328277588,0.9800000190734863,0.12639999389648438
YOR335C,YER087C-A,0,-4.719593,0.4365256130695343,0.9800000190734863,0.1264999955892563
YOR025W,YDR213W,0,-4.719743,0.43633124232292175,0.9800000190734863,0.1265999972820282
YDR299W,YFR001W,0,-4.7198925,0.4361370801925659,0.9800000190734863,0.1266999989748001
YHR129C,YDL083C,0,-4.7200274,0.435943067073822,0.9800000190734863,0.12680000066757202
YBR196C,YAL017W,0,-4.720127,0.43574923276901245,0.9800000190734863,0.12690000236034393
YIL140W,YGR113W,0,-4.720496,0.4355555474758148,0.9800000190734863,0.12700000405311584
YJL102W,YOL090W,0,-4.720607,0.4353620707988739,0.9800000190734863,0.12710000574588776
YPL021W,YHR021C,0,-4.7206163,0.4351687431335449,0.9800000190734863,0.12720000743865967
YMR285C,YDR013W,0,-4.720961,0.43497559428215027,0.9800000190734863,0.12729999423027039
YHR005C-A,YDL042C,0,-4.721283,0.43478259444236755,0.9800000190734863,0.1273999959230423
YOR349W,YHR204W,0,-4.7216225,0.43458980321884155,0.9800000190734863,0.1274999976158142
YLR154C,YNL113W,0,-4.721985,0.4343971610069275,0.9800000190734863,0.12759999930858612
YHR124W,YNL160W,0,-4.722118,0.43420469760894775,0.9800000190734863,0.12770000100135803
YKR082W,YOL034W,0,-4.7223144,0.43401241302490234,0.9800000190734863,0.12780000269412994
YMR207C,YLR467W,0,-4.722886,0.43382027745246887,0.9800000190734863,0.12790000438690186
YML016C,YGL053W,0,-4.723037,0.4336283206939697,0.9800000190734863,0.12800000607967377
YDL069C,YPR107C,0,-4.723114,0.4334365427494049,0.9800000190734863,0.12809999287128448
YKL048C,YDR288W,0,-4.7236543,0.433244913816452,0.9800000190734863,0.1281999945640564
YCR077C,YOR256C,0,-4.7238913,0.43305346369743347,0.9800000190734863,0.1282999962568283
YOR328W,YIR011C,0,-4.723918,0.43286219239234924,0.9800000190734863,0.12839999794960022
YDR424C,YLR346C,0,-4.7240314,0.43267107009887695,0.9800000190734863,0.12849999964237213
YHR165C,YPL212C,0,-4.7241936,0.432480126619339,0.9800000190734863,0.12860000133514404
YIR009W,YNL299W,0,-4.7242317,0.43228936195373535,0.9800000190734863,0.12870000302791595
YFR003C,YOR356W,0,-4.7244873,0.43209877610206604,0.9800000190734863,0.12880000472068787
YBR135W,YMR101C,0,-4.7245026,0.43190833926200867,0.9800000190734863,0.12890000641345978
YNR075W,YCL051W,0,-4.724634,0.43171805143356323,0.9800000190734863,0.1289999932050705
YKL049C,YHR094C,0,-4.724645,0.4315279722213745,0.9800000190734863,0.1290999948978424
YPR037C,YMR175W,0,-4.7247076,0.43133804202079773,0.9800000190734863,0.12919999659061432
YGL013C,YGL014W,0,-4.7247453,0.4311482608318329,0.9800000190734863,0.12929999828338623
YDL153C,YIL016W,0,-4.725071,0.43095865845680237,0.9800000190734863,0.12939999997615814
YLR197W,YLR020C,0,-4.725191,0.4307692348957062,0.9800000190734863,0.12950000166893005
YLR207W,YCL010C,0,-4.725383,0.4305799603462219,0.9800000190734863,0.12960000336170197
YDR184C,YGL116W,0,-4.725443,0.430390864610672,0.9800000190734863,0.12970000505447388
YPL016W,YHR090C,0,-4.7256613,0.430201917886734,0.9800000190734863,0.1298000067472458
YDR147W,YER005W,0,-4.7259264,0.43001314997673035,0.9800000190734863,0.1298999935388565
YMR198W,YEL041W,0,-4.7260566,0.429824560880661,0.9800000190734863,0.12999999523162842
YDR423C,YOR356W,0,-4.7263174,0.4296361207962036,0.9800000190734863,0.13009999692440033
YDL149W,YDR490C,0,-4.7264757,0.42944785952568054,0.9800000190734863,0.13019999861717224
YCR092C,YOR159C,0,-4.7266865,0.4292597472667694,0.9800000190734863,0.13030000030994415
YHR204W,YNL045W,0,-4.7268133,0.4290718138217926,0.9800000190734863,0.13040000200271606
YFR019W,YOL123W,0,-4.7270403,0.42888402938842773,0.9800000190734863,0.13050000369548798
YGL133W,YML103C,0,-4.7272816,0.4286964237689972,0.9800000190734863,0.1306000053882599
YLR028C,YJL102W,0,-4.7273183,0.4285089671611786,0.9800000190734863,0.1307000070810318
YBL093C,YJL109C,0,-4.727518,0.4283216893672943,0.9800000190734863,0.13079999387264252
YPL137C,YIR017C,0,-4.7283435,0.428134560585022,0.9800000190734863,0.13089999556541443
YMR280C,YKR042W,0,-4.7288475,0.42794761061668396,0.9800000190734863,0.13099999725818634
YPR188C,YOR137C,0,-4.729022,0.4277608096599579,0.9800000190734863,0.13109999895095825
YER056C,YDR138W,0,-4.7292933,0.42757415771484375,0.9800000190734863,0.13120000064373016
YPL255W,YBR072W,0,-4.729472,0.42738771438598633,0.9800000190734863,0.13130000233650208
YMR096W,YJL059W,0,-4.729737,0.42720139026641846,0.9800000190734863,0.131400004029274
YNL221C,YDR324C,0,-4.730083,0.4270152449607849,0.9800000190734863,0.1315000057220459
YER016W,YLR383W,0,-4.7301874,0.4268292784690857,0.9800000190734863,0.1316000074148178
YAL038W,YDR115W,0,-4.730398,0.4266434609889984,0.9800000190734863,0.13169999420642853
YGL226C-A,YPL036W,0,-4.7304993,0.42645779252052307,0.9800000190734863,0.13179999589920044
YDR434W,YOL009C,0,-4.730526,0.42627230286598206,0.9800000190734863,0.13189999759197235
YER025W,YNL216W,0,-4.730665,0.426086962223053,0.9800000190734863,0.13199999928474426
YPL170W,YDL065C,0,-4.7307596,0.42590177059173584,0.9800000190734863,0.13210000097751617
YPR138C,YOR036W,0,-4.7308445,0.425716757774353,0.9800000190734863,0.13220000267028809
YLR170C,YAL015C,0,-4.7313433,0.42553192377090454,0.9800000190734863,0.13230000436306
YJL008C,YPR186C,0,-4.732346,0.4253472089767456,0.9800000190734863,0.1324000060558319
YNR030W,YBR198C,0,-4.732773,0.4251627027988434,0.9800000190734863,0.13249999284744263
YPL167C,YDL080C,0,-4.7327733,0.4249783158302307,0.9800000190734863,0.13259999454021454
YLR100W,YPR107C,0,-4.7328377,0.42479410767555237,0.9800000190734863,0.13269999623298645
YPR120C,YPL256C,0,-4.732965,0.42461004853248596,0.9800000190734863,0.13279999792575836
YPL275W,YDR460W,0,-4.7330875,0.4244261682033539,0.9800000190734863,0.13289999961853027
YOL080C,YGL044C,0,-4.733239,0.42424243688583374,0.9800000190734863,0.13300000131130219
YPL008W,YBR198C,0,-4.7333097,0.42405885457992554,0.9800000190734863,0.1331000030040741
YJR150C,YLL034C,0,-4.7334766,0.4238754212856293,0.9800000190734863,0.133200004696846
YLR335W,YPR162C,0,-4.7335443,0.42369216680526733,0.9800000190734863,0.13330000638961792
YBR017C,YHR167W,0,-4.733589,0.42350906133651733,0.9800000190734863,0.13339999318122864
YFL025C,YGL207W,0,-4.7336397,0.42332613468170166,0.9800000190734863,0.13349999487400055
YOL008W,YPR168W,0,-4.7337203,0.4231433570384979,0.9800000190734863,0.13359999656677246
YBR233W-A,YPR103W,0,-4.7338686,0.42296072840690613,0.9800000190734863,0.13369999825954437
YDL098C,YER190W,0,-4.734008,0.42277824878692627,0.9800000190734863,0.13379999995231628
YNR075W,YHR006W,0,-4.734068,0.42259594798088074,0.9800000190734863,0.1339000016450882
YMR264W,YNL210W,0,-4.734086,0.42241379618644714,0.9800000190734863,0.1340000033378601
YBR234C,YPL206C,0,-4.7341814,0.4222317934036255,0.9800000190734863,0.13410000503063202
YBR135W,YJR141W,0,-4.734298,0.42204996943473816,0.9800000190734863,0.13420000672340393
YEL022W,YGR129W,0,-4.7345343,0.4218682646751404,0.9800000190734863,0.13429999351501465
YOR113W,YDR180W,0,-4.7345514,0.42168673872947693,0.9800000190734863,0.13439999520778656
YDR517W,YGR111W,0,-4.734609,0.4215053617954254,0.9800000190734863,0.13449999690055847
YDL154W,YGR056W,0,-4.7348194,0.4213241636753082,0.9800000190734863,0.13459999859333038
YBR160W,YDL116W,0,-4.734836,0.421143114566803,0.9800000190734863,0.1347000002861023
YDR093W,YEL057C,0,-4.7352905,0.4209621846675873,0.9800000190734863,0.1348000019788742
YDL069C,YAL015C,0,-4.735327,0.4207814633846283,0.9800000190734863,0.13490000367164612
YML075C,YML104C,0,-4.7361093,0.42060086131095886,0.9800000190734863,0.13500000536441803
YNR030W,YKL055C,0,-4.7364554,0.42042040824890137,0.9800000190734863,0.13510000705718994
YPR167C,YDR481C,0,-4.736551,0.4202401340007782,0.9800000190734863,0.13519999384880066
YNL257C,YOR305W,0,-4.737376,0.42006000876426697,0.9800000190734863,0.13529999554157257
YOR123C,YGR089W,0,-4.737453,0.4198800325393677,0.9800000190734863,0.13539999723434448
YOL067C,YLR126C,0,-4.738268,0.4197002053260803,0.9800000190734863,0.1354999989271164
YBL013W,YPL098C,0,-4.7384505,0.4195205569267273,0.9800000190734863,0.1356000006198883
YHR152W,YLR455W,0,-4.7385216,0.4193410277366638,0.9800000190734863,0.13570000231266022
YER038C,YHL036W,0,-4.7386184,0.41916167736053467,0.9800000190734863,0.13580000400543213
YDR358W,YOL089C,0,-4.7387815,0.41898247599601746,0.9800000190734863,0.13590000569820404
YMR260C,YCL005W-A,0,-4.738909,0.4188034236431122,0.9800000190734863,0.13600000739097595
YGL209W,YDL216C,0,-4.7389684,0.41862452030181885,0.9800000190734863,0.13609999418258667
YJL209W,YER001W,0,-4.739085,0.41844576597213745,0.9800000190734863,0.13619999587535858
YOR005C,YDL118W,0,-4.739192,0.4182671904563904,0.9800000190734863,0.1362999975681305
YBL013W,YHR204W,0,-4.739272,0.41808873414993286,0.9800000190734863,0.1363999992609024
YPL060W,YBR298C,0,-4.739278,0.41791045665740967,0.9800000190734863,0.13650000095367432
YHR107C,YML130C,0,-4.7394905,0.417732298374176,0.9800000190734863,0.13660000264644623
YNR067C,YER180C-A,0,-4.7395372,0.4175543189048767,0.9800000190734863,0.13670000433921814
YNL099C,YDR131C,0,-4.739826,0.41737648844718933,0.9800000190734863,0.13680000603199005
YJL106W,YHL034C,0,-4.7398305,0.4171988070011139,0.9800000190734863,0.13689999282360077
YOR349W,YMR065W,0,-4.739844,0.4170212745666504,0.9800000190734863,0.13699999451637268
YNR060W,YGL178W,0,-4.7398553,0.41684389114379883,0.9800000190734863,0.1370999962091446
YKL055C,YDL185W,0,-4.7399936,0.4166666567325592,0.9800000190734863,0.1371999979019165
YPL269W,YJR127C,0,-4.7402496,0.4164896011352539,0.9800000190734863,0.13729999959468842
YHL019C,YKR027W,0,-4.7404146,0.41631266474723816,0.9800000190734863,0.13740000128746033
YKL135C,YEL056W,0,-4.741165,0.41613587737083435,0.9800000190734863,0.13750000298023224
YDR434W,YHR042W,0,-4.741447,0.4159592390060425,0.9800000190734863,0.13760000467300415
YFR028C,YML109W,0,-4.741767,0.41578277945518494,0.9800000190734863,0.13770000636577606
YMR211W,YAL068C,0,-4.741891,0.41560643911361694,0.9800000190734863,0.13779999315738678
YDR279W,YLL003W,0,-4.741994,0.4154302775859833,0.9800000190734863,0.1378999948501587
YDR205W,YPL011C,0,-4.742441,0.41525423526763916,0.9800000190734863,0.1379999965429306
YGR172C,YNL045W,0,-4.742773,0.415078341960907,0.9800000190734863,0.13809999823570251
YNR054C,YJL207C,0,-4.742833,0.41490262746810913,0.9800000190734863,0.13819999992847443
YCL075W,YJR029W,1,-4.7428703,0.4151502251625061,0.9810000061988831,0.13819999992847443
YJR046W,YEL057C,0,-4.743083,0.4149746298789978,0.9810000061988831,0.13830000162124634
YBL100W-A,YJR027W,1,-4.7431965,0.4152219891548157,0.9819999933242798,0.13830000162124634
YCL020W,YJR027W,1,-4.743258,0.41546913981437683,0.9829999804496765,0.13830000162124634
YJR125C,YOR275C,0,-4.7434406,0.4152936339378357,0.9829999804496765,0.13840000331401825
YPL135W,YDL020C,0,-4.743526,0.4151182472705841,0.9829999804496765,0.13850000500679016
YIL119C,YKL178C,0,-4.744408,0.41494300961494446,0.9829999804496765,0.13860000669956207
YGL195W,YML073C,0,-4.744501,0.41476792097091675,0.9829999804496765,0.1386999934911728
YPL181W,YOR351C,0,-4.744664,0.41459301114082336,0.9829999804496765,0.1387999951839447
YLR005W,YLR386W,0,-4.7449617,0.41441822052001953,0.9829999804496765,0.1388999968767166
YDR219C,YMR164C,0,-4.7451344,0.41424357891082764,0.9829999804496765,0.13899999856948853
YNL166C,YLR132C,0,-4.7452183,0.4140690863132477,0.9829999804496765,0.13910000026226044
YNL149C,YDR180W,0,-4.7453613,0.41389474272727966,0.9829999804496765,0.13920000195503235
YKL139W,YOL097C,0,-4.745613,0.4137205481529236,0.9829999804496765,0.13930000364780426
YLL060C,YGL127C,0,-4.745617,0.41354647278785706,0.9829999804496765,0.13940000534057617
YJL194W,YDR194C,0,-4.745696,0.41337257623672485,0.9829999804496765,0.13950000703334808
YIL009C-A,YLR313C,0,-4.7457085,0.4131988286972046,0.9829999804496765,0.1395999938249588
YOL065C,YNR034W,0,-4.7458057,0.4130252003669739,0.9829999804496765,0.1396999955177307
YBR040W,YNL247W,0,-4.7459354,0.4128517508506775,0.9829999804496765,0.13979999721050262
YDL115C,YGR296W,0,-4.745989,0.41267842054367065,0.9829999804496765,0.13989999890327454
YKR027W,YER111C,0,-4.746025,0.41250523924827576,0.9829999804496765,0.14000000059604645
YCR107W,YKR089C,0,-4.7463408,0.4123322069644928,0.9829999804496765,0.14010000228881836
YIL034C,YPR083W,0,-4.747054,0.4121593236923218,0.9829999804496765,0.14020000398159027
YKL138C-A,YOR014W,0,-4.7471848,0.4119865894317627,0.9829999804496765,0.14030000567436218
YEL042W,YGL246C,0,-4.7473383,0.41181400418281555,0.9829999804496765,0.1404000073671341
YBL009W,YGR082W,0,-4.747733,0.41164153814315796,0.9829999804496765,0.1404999941587448
YEL053C,YGR070W,0,-4.747804,0.4114692211151123,0.9829999804496765,0.14059999585151672
YMR135C,YDL065C,0,-4.7480736,0.411297082901001,0.9829999804496765,0.14069999754428864
YER118C,YDR353W,0,-4.748303,0.4111250638961792,0.9829999804496765,0.14079999923706055
YLL061W,YBL024W,0,-4.7485914,0.410953164100647,0.9829999804496765,0.14090000092983246
YBR276C,YOR216C,0,-4.748625,0.4107814431190491,0.9829999804496765,0.14100000262260437
YGL195W,YGR123C,0,-4.748773,0.4106098711490631,0.9829999804496765,0.14110000431537628
YER110C,YHR070W,0,-4.7490444,0.4104384183883667,0.9829999804496765,0.1412000060081482
YJR053W,YDR325W,0,-4.7490654,0.4102671146392822,0.9829999804496765,0.1412999927997589
YGR225W,YOR110W,0,-4.7491918,0.4100959599018097,0.9829999804496765,0.14139999449253082
YNL059C,YPL095C,0,-4.749198,0.4099249243736267,0.9829999804496765,0.14149999618530273
YDL036C,YOR359W,0,-4.7495008,0.40975406765937805,0.9829999804496765,0.14159999787807465
YHR001W,YDR055W,0,-4.749611,0.40958333015441895,0.9829999804496765,0.14169999957084656
YDR517W,YHR074W,0,-4.75039,0.4094127416610718,0.9829999804496765,0.14180000126361847
YPR189W,YBR172C,0,-4.7505064,0.40924230217933655,0.9829999804496765,0.14190000295639038
YPL212C,YGR081C,0,-4.7506504,0.40907198190689087,0.9829999804496765,0.1420000046491623
YGR286C,YOL104C,0,-4.7512536,0.4089018404483795,0.9829999804496765,0.1421000063419342
YLR284C,YDR457W,0,-4.751351,0.4087318181991577,0.9829999804496765,0.14219999313354492
YDL142C,YPR083W,0,-4.7514086,0.40856191515922546,0.9829999804496765,0.14229999482631683
YLL035W,YPL193W,0,-4.7515883,0.40839219093322754,0.9829999804496765,0.14239999651908875
YKL139W,YLR347C,0,-4.7516584,0.40822258591651917,0.9829999804496765,0.14249999821186066
YGL151W,YPL235W,0,-4.7520113,0.40805312991142273,0.9829999804496765,0.14259999990463257
YLR263W,YMR283C,0,-4.752071,0.40788382291793823,0.9829999804496765,0.14270000159740448
YBR086C,YDR501W,0,-4.7520766,0.4077146351337433,0.9829999804496765,0.1428000032901764
YLR314C,YOR076C,0,-4.7524657,0.4075455963611603,0.9829999804496765,0.1429000049829483
YLR340W,YNL049C,0,-4.752658,0.4073767066001892,0.9829999804496765,0.14300000667572021
YOR351C,YHL020C,0,-4.7530746,0.4072079658508301,0.9829999804496765,0.14309999346733093
YMR232W,YKR025W,0,-4.753312,0.4070393443107605,0.9829999804496765,0.14319999516010284
YKL029C,YGR089W,0,-4.7533274,0.40687087178230286,0.9829999804496765,0.14329999685287476
YLR129W,YGL178W,0,-4.753576,0.40670251846313477,0.9829999804496765,0.14339999854564667
YDL198C,YBL071W-A,0,-4.7543545,0.4065343141555786,0.9829999804496765,0.14350000023841858
YGR133W,YPL188W,0,-4.7546544,0.4063662588596344,0.9829999804496765,0.1436000019311905
YIL034C,YDR130C,0,-4.754967,0.4061983525753021,0.9829999804496765,0.1437000036239624
YPR068C,YIL017C,0,-4.7549834,0.4060305655002594,0.9829999804496765,0.14380000531673431
YLR394W,YBL041W,0,-4.7550426,0.4058629274368286,0.9829999804496765,0.14390000700950623
YBL013W,YKR039W,0,-4.755062,0.4056954085826874,0.9829999804496765,0.14399999380111694
YOL021C,YLR451W,0,-4.755082,0.4055280387401581,0.9829999804496765,0.14409999549388885
YKR022C,YDL153C,0,-4.755229,0.4053608179092407,0.9829999804496765,0.14419999718666077
YNL314W,YOL113W,0,-4.7552357,0.4051937460899353,0.9829999804496765,0.14429999887943268
YJR150C,YDR447C,0,-4.755311,0.40502679347991943,0.9829999804496765,0.1444000005722046
YAR010C,YJR028W,1,-4.7553844,0.40527182817459106,0.984000027179718,0.1444000005722046
YDL030W,YOR119C,0,-4.755436,0.40510499477386475,0.984000027179718,0.1445000022649765
YKR035W-A,YNL121C,0,-4.7554746,0.404938280582428,0.984000027179718,0.1446000039577484
YLR332W,YLL017W,0,-4.7556815,0.40477168560028076,0.984000027179718,0.14470000565052032
YFL024C,YFR031C,0,-4.755818,0.40460526943206787,0.984000027179718,0.14480000734329224
YGL183C,YDR372C,0,-4.755931,0.40443897247314453,0.984000027179718,0.14489999413490295
YOL123W,YNL082W,0,-4.756178,0.40427279472351074,0.984000027179718,0.14499999582767487
YLR175W,YHR066W,0,-4.756556,0.4041067659854889,0.984000027179718,0.14509999752044678
YDL033C,YBR198C,0,-4.7566385,0.403940886259079,0.984000027179718,0.1451999992132187
YDL017W,YLR262C,0,-4.756733,0.4037751257419586,0.984000027179718,0.1453000009059906
YDR507C,YPL167C,0,-4.75678,0.4036095142364502,0.984000027179718,0.1454000025987625
YLR071C,YOR027W,0,-4.7568045,0.4034440219402313,0.984000027179718,0.14550000429153442
YLR106C,YGR094W,0,-4.757097,0.4032786786556244,0.984000027179718,0.14560000598430634
YAL012W,YER040W,0,-4.7572203,0.4031134843826294,0.984000027179718,0.14569999277591705
YKL043W,YPL153C,0,-4.7573,0.40294840931892395,0.984000027179718,0.14579999446868896
YJL006C,YOR253W,0,-4.757677,0.40278345346450806,0.984000027179718,0.14589999616146088
YOR180C,YPL174C,0,-4.7579603,0.4026186466217041,0.984000027179718,0.1459999978542328
YML080W,YKL088W,0,-4.758112,0.4024539887905121,0.984000027179718,0.1460999995470047
YBR106W,YHR070W,0,-4.75842,0.4022894501686096,0.984000027179718,0.1462000012397766
YDR164C,YKL075C,0,-4.759282,0.4021250605583191,0.984000027179718,0.14630000293254852
YBR233W-A,YHR041C,0,-4.759371,0.4019607901573181,0.984000027179718,0.14640000462532043
YPL195W,YMR175W,0,-4.759395,0.4017966389656067,0.984000027179718,0.14650000631809235
YGR188C,YOR025W,0,-4.759471,0.4016326665878296,0.984000027179718,0.14659999310970306
YMR207C,YNL297C,0,-4.7596064,0.40146878361701965,0.984000027179718,0.14669999480247498
YER104W,YJL113W,1,-4.7598267,0.40171289443969727,0.9850000143051147,0.14669999480247498
YLL038C,YNL307C,0,-4.760075,0.4015491306781769,0.9850000143051147,0.1467999964952469
YDL088C,YDR523C,0,-4.7600937,0.40138548612594604,0.9850000143051147,0.1468999981880188
YMR212C,YBR030W,0,-4.760176,0.40122199058532715,0.9850000143051147,0.1469999998807907
YPL231W,YHR120W,0,-4.7608824,0.4010586440563202,0.9850000143051147,0.14710000157356262
YPL008W,YCR037C,0,-4.7609024,0.4008953869342804,0.9850000143051147,0.14720000326633453
YDL200C,YML091C,0,-4.760971,0.4007323086261749,0.9850000143051147,0.14730000495910645
YML116W,YPR168W,0,-4.7609797,0.400569349527359,0.9850000143051147,0.14740000665187836
YKL189W,YJR086W,0,-4.7611437,0.40040650963783264,0.9850000143051147,0.14749999344348907
YLR355C,YOL034W,0,-4.761454,0.4002437889575958,0.9850000143051147,0.147599995136261
YFR029W,YDR028C,0,-4.761732,0.40008124709129333,0.9850000143051147,0.1476999968290329
YJR137C,YPR083W,0,-4.7621865,0.399918794631958,0.9850000143051147,0.1477999985218048
YML043C,YBR250W,0,-4.7626247,0.3997564911842346,0.9850000143051147,0.14790000021457672
YGL209W,YNR053C,0,-4.7626486,0.3995943069458008,0.9850000143051147,0.14800000190734863
YKL068W,YDR312W,0,-4.7627745,0.3994322717189789,0.9850000143051147,0.14810000360012054
YDR118W,YMR280C,0,-4.762802,0.39927035570144653,0.9850000143051147,0.14820000529289246
YBR084W,YHL009C,0,-4.763023,0.3991085886955261,0.9850000143051147,0.14830000698566437
YDL181W,YGL055W,0,-4.76315,0.39894694089889526,0.9850000143051147,0.14839999377727509
YGL155W,YJL061W,0,-4.76326,0.39878541231155396,0.9850000143051147,0.148499995470047
YDL209C,YCR020W-B,0,-4.7635784,0.3986240327358246,0.9850000143051147,0.1485999971628189
YAL021C,YDR093W,0,-4.763583,0.39846277236938477,0.9850000143051147,0.14869999885559082
YNL302C,YDR395W,0,-4.7636604,0.3983016610145569,0.9850000143051147,0.14880000054836273
YMR172W,YDR329C,0,-4.76385,0.39814066886901855,0.9850000143051147,0.14890000224113464
YDR142C,YFR029W,0,-4.7639422,0.3979797959327698,0.9850000143051147,0.14900000393390656
YDR492W,YHR042W,0,-4.764179,0.39781907200813293,0.9850000143051147,0.14910000562667847
YHR036W,YNL311C,0,-4.7642393,0.39765846729278564,0.9850000143051147,0.14920000731945038
YGR264C,YGR128C,0,-4.7648735,0.3974979817867279,0.9850000143051147,0.1492999941110611
YKR038C,YOR356W,0,-4.765138,0.3973376452922821,0.9850000143051147,0.149399995803833
YLR155C,YEL012W,0,-4.7652574,0.39717742800712585,0.9850000143051147,0.14949999749660492
YMR041C,YBR233W-A,0,-4.7653074,0.39701732993125916,0.9850000143051147,0.14959999918937683
YOL063C,YKR001C,0,-4.765476,0.3968573808670044,0.9850000143051147,0.14970000088214874
YLR319C,YNL199C,0,-4.765492,0.3966975510120392,0.9850000143051147,0.14980000257492065
YHR142W,YJL091C,0,-4.765579,0.3965378403663635,0.9850000143051147,0.14990000426769257
YDR150W,YIL101C,0,-4.765599,0.3963782787322998,0.9850000143051147,0.15000000596046448
YEL062W,YNL247W,0,-4.765662,0.39621883630752563,0.9850000143051147,0.1500999927520752
YHR092C,YAL025C,0,-4.7656803,0.396059513092041,0.9850000143051147,0.1501999944448471
YPR034W,YJL204C,0,-4.7661114,0.39590030908584595,0.9850000143051147,0.15029999613761902
YER087C-A,YOR132W,0,-4.7661424,0.3957412540912628,0.9850000143051147,0.15039999783039093
YAL026C,YMR270C,0,-4.766231,0.39558231830596924,0.9850000143051147,0.15049999952316284
YER073W,YFL014W,0,-4.7663326,0.3954235315322876,0.9850000143051147,0.15060000121593475
YPL137C,YGL171W,0,-4.766342,0.3952648341655731,0.9850000143051147,0.15070000290870667
YJL209W,YDL030W,0,-4.7663546,0.3951062858104706,0.9850000143051147,0.15080000460147858
YOR381W,YOR287C,0,-4.766476,0.39494788646698,0.9850000143051147,0.1509000062942505
YCR038C,YPL209C,0,-4.766697,0.39478957653045654,0.9850000143051147,0.1509999930858612
YKL011C,YOR372C,0,-4.766958,0.39463141560554504,0.9850000143051147,0.15109999477863312
YKL089W,YBL004W,0,-4.767207,0.3944733738899231,0.9850000143051147,0.15119999647140503
YGR089W,YDR312W,0,-4.767234,0.3943154513835907,0.9850000143051147,0.15129999816417694
YLR238W,YPR143W,0,-4.767266,0.39415767788887024,0.9850000143051147,0.15139999985694885
YNR011C,YMR146C,0,-4.7673006,0.39399999380111694,0.9850000143051147,0.15150000154972076
YOL023W,YCL005W-A,0,-4.767374,0.3938424587249756,0.9850000143051147,0.15160000324249268
YBR297W,YOR036W,0,-4.767472,0.3936850428581238,0.9850000143051147,0.1517000049352646
YDR060W,YBL018C,0,-4.7674994,0.3935277760028839,0.9850000143051147,0.1518000066280365
YJR102C,YNL160W,0,-4.7684164,0.3933705985546112,0.9850000143051147,0.15189999341964722
YAL026C,YOL112W,0,-4.768598,0.39321357011795044,0.9850000143051147,0.15199999511241913
YFL011W,YPL020C,0,-4.768605,0.3930566608905792,0.9850000143051147,0.15209999680519104
YHR061C,YPL211W,0,-4.7687254,0.39289987087249756,0.9850000143051147,0.15219999849796295
YBL071W-A,YER118C,0,-4.7687693,0.39274322986602783,0.9850000143051147,0.15230000019073486
YAL021C,YIL126W,0,-4.7688255,0.39258667826652527,0.9850000143051147,0.15240000188350677
YGL032C,YER054C,0,-4.768833,0.39243027567863464,0.9850000143051147,0.1525000035762787
YBR154C,YMR270C,0,-4.7691193,0.39227399230003357,0.9850000143051147,0.1526000052690506
YKR048C,YOR356W,0,-4.7691565,0.39211782813072205,0.9850000143051147,0.1527000069618225
YPR124W,YDR492W,0,-4.7692156,0.39196181297302246,0.9850000143051147,0.15279999375343323
YBL026W,YKR095W,0,-4.769373,0.39180588722229004,0.9850000143051147,0.15289999544620514
YIL018W,YNL311C,0,-4.7694354,0.39165011048316956,0.9850000143051147,0.15299999713897705
YHR036W,YML031W,0,-4.7696123,0.39149442315101624,0.9850000143051147,0.15309999883174896
YDL230W,YLL017W,0,-4.7696953,0.39133888483047485,0.9850000143051147,0.15320000052452087
YLR371W,YMR313C,0,-4.769804,0.391183465719223,0.9850000143051147,0.15330000221729279
YOL100W,YJR120W,0,-4.7698836,0.39102819561958313,0.9850000143051147,0.1534000039100647
YBL006C,YOL124C,0,-4.769945,0.3908730149269104,0.9850000143051147,0.1535000056028366
YGL119W,YGL075C,0,-4.7700243,0.3907179832458496,0.9850000143051147,0.15360000729560852
YBR158W,YGL168W,0,-4.770303,0.390563040971756,0.9850000143051147,0.15369999408721924
YKL048C,YJL102W,0,-4.7703323,0.3904082477092743,0.9850000143051147,0.15379999577999115
YHR152W,YLR182W,0,-4.7704334,0.39025357365608215,0.9850000143051147,0.15389999747276306
YOR147W,YGR270W,0,-4.7706604,0.39009901881217957,0.9850000143051147,0.15399999916553497
YPR067W,YKL088W,0,-4.770733,0.38994458317756653,0.9850000143051147,0.15410000085830688
YKL185W,YJL048C,0,-4.771078,0.38979026675224304,0.9850000143051147,0.1542000025510788
YLR048W,YKL081W,0,-4.771303,0.3896360695362091,0.9850000143051147,0.1543000042438507
YGL213C,YBR198C,0,-4.77139,0.3894820213317871,0.9850000143051147,0.15440000593662262
YFL014W,YDR219C,0,-4.7715282,0.3893280625343323,0.9850000143051147,0.15449999272823334
YGL055W,YPL026C,0,-4.771532,0.3891742527484894,0.9850000143051147,0.15459999442100525
YHR001W,YDR146C,0,-4.7716,0.38902053236961365,0.9850000143051147,0.15469999611377716
YBL074C,YJR097W,0,-4.771688,0.38886696100234985,0.9850000143051147,0.15479999780654907
YJL222W,YDR065W,0,-4.7717957,0.3887135088443756,0.9850000143051147,0.15489999949932098
YNL259C,YJR045C,0,-4.7724657,0.38856014609336853,0.9850000143051147,0.1550000011920929
YGL257C,YIL053W,0,-4.7727737,0.3884069323539734,0.9850000143051147,0.1551000028848648
YDL149W,YDR512C,0,-4.7728934,0.3882538378238678,0.9850000143051147,0.15520000457763672
YOR211C,YDR195W,0,-4.7729826,0.38810086250305176,0.9850000143051147,0.15530000627040863
YPL149W,YBL106C,0,-4.77306,0.38794800639152527,0.9850000143051147,0.15539999306201935
YGL178W,YNL070W,0,-4.773318,0.38779526948928833,0.9850000143051147,0.15549999475479126
YAL017W,YJL056C,0,-4.7733192,0.38764265179634094,0.9850000143051147,0.15559999644756317
YJR031C,YBR079C,0,-4.773356,0.3874901533126831,0.9850000143051147,0.15569999814033508
YNR010W,YOL076W,0,-4.7733617,0.3873378038406372,0.9850000143051147,0.155799999833107
YHR142W,YPL032C,0,-4.773513,0.38718554377555847,0.9850000143051147,0.1559000015258789
YHR019C,YLR223C,0,-4.774021,0.3870334029197693,0.9850000143051147,0.15600000321865082
YMR055C,YPL129W,0,-4.77417,0.38688138127326965,0.9850000143051147,0.15610000491142273
YFL031W,YPR010C,0,-4.7742476,0.38672947883605957,0.9850000143051147,0.15620000660419464
YBR158W,YHR115C,0,-4.774379,0.38657769560813904,0.9850000143051147,0.15629999339580536
YBR034C,YLR426W,0,-4.7745447,0.38642606139183044,0.9850000143051147,0.15639999508857727
YLR098C,YDR115W,0,-4.7746005,0.386274516582489,0.9850000143051147,0.15649999678134918
YNL026W,YOR087W,0,-4.7747316,0.38612309098243713,0.9850000143051147,0.1565999984741211
YCL027W,YOR310C,0,-4.7749257,0.3859717845916748,0.9850000143051147,0.156700000166893
YER172C,YPL275W,0,-4.7754354,0.385820597410202,0.9850000143051147,0.15680000185966492
YJL115W,YKL070W,0,-4.775561,0.3856695294380188,0.9850000143051147,0.15690000355243683
YEL062W,YML038C,0,-4.776101,0.3855185806751251,0.9850000143051147,0.15700000524520874
YEL024W,YPL041C,0,-4.776369,0.385367751121521,0.9850000143051147,0.15710000693798065
YOR239W,YHR094C,0,-4.7766047,0.3852170407772064,0.9850000143051147,0.15719999372959137
YPL092W,YJL141C,0,-4.776844,0.3850664496421814,0.9850000143051147,0.15729999542236328
YOR023C,YGL013C,0,-4.7769485,0.3849159777164459,0.9850000143051147,0.1573999971151352
YDL197C,YOR025W,0,-4.776957,0.384765625,0.9850000143051147,0.1574999988079071
YIR002C,YOR356W,0,-4.7769995,0.38461539149284363,0.9850000143051147,0.15760000050067902
YDR122W,YBR098W,0,-4.777261,0.3844652473926544,0.9850000143051147,0.15770000219345093
YAL043C,YJL056C,0,-4.7772765,0.38431525230407715,0.9850000143051147,0.15780000388622284
YLR276C,YBL071W-A,0,-4.7775435,0.38416537642478943,0.9850000143051147,0.15790000557899475
YBL015W,YPR124W,0,-4.7776713,0.38401558995246887,0.9850000143051147,0.15800000727176666
YBL102W,YLR426W,0,-4.7777224,0.38386595249176025,0.9850000143051147,0.15809999406337738
YHR175W,YFR019W,0,-4.777759,0.3837164044380188,0.9850000143051147,0.1581999957561493
YJR119C,YDL229W,0,-4.777923,0.3835669755935669,0.9850000143051147,0.1582999974489212
YMR127C,YML109W,0,-4.7779603,0.38341766595840454,0.9850000143051147,0.15839999914169312
YHR123W,YIL048W,0,-4.778076,0.38326847553253174,0.9850000143051147,0.15850000083446503
YBL046W,YDR369C,0,-4.7781544,0.3831194043159485,0.9850000143051147,0.15860000252723694
YPL083C,YNL126W,0,-4.778232,0.3829704523086548,0.9850000143051147,0.15870000422000885
YFL010W-A,YPL152W,0,-4.77834,0.38282161951065063,0.9850000143051147,0.15880000591278076
YPL214C,YHR090C,0,-4.778516,0.38267287611961365,0.9850000143051147,0.15889999270439148
YDR194C,YGL171W,0,-4.778603,0.3825242817401886,0.9850000143051147,0.1589999943971634
YDR381W,YLR426W,0,-4.77864,0.3823757767677307,0.9850000143051147,0.1590999960899353
YMR067C,YKL014C,0,-4.778661,0.3822273910045624,0.9850000143051147,0.15919999778270721
YIL154C,YKL203C,0,-4.7786927,0.3820791244506836,0.9850000143051147,0.15929999947547913
YPL167C,YHR012W,0,-4.778693,0.38193097710609436,0.9850000143051147,0.15940000116825104
YEL061C,YDR082W,0,-4.779377,0.3817829489707947,0.9850000143051147,0.15950000286102295
YIL053W,YNL045W,0,-4.779614,0.38163504004478455,0.9850000143051147,0.15960000455379486
YPL227C,YPL001W,0,-4.7796993,0.3814872205257416,0.9850000143051147,0.15970000624656677
YER104W,YIL082W-A,1,-4.779708,0.3817266821861267,0.9860000014305115,0.15970000624656677
YOR349W,YNL112W,0,-4.7799206,0.3815789520740509,0.9860000014305115,0.1597999930381775
YOL105C,YGR042W,0,-4.7799635,0.38143134117126465,0.9860000014305115,0.1598999947309494
YLR172C,YAL025C,0,-4.7800565,0.38128384947776794,0.9860000014305115,0.1599999964237213
YFL037W,YML109W,0,-4.7800717,0.3811364471912384,0.9860000014305115,0.16009999811649323
YHR072W,YFL026W,0,-4.7801285,0.3809891939163208,0.9860000014305115,0.16019999980926514
YPR201W,YOR054C,0,-4.7802305,0.38084203004837036,0.9860000014305115,0.16030000150203705
YKL213C,YBR199W,0,-4.7803698,0.3806949853897095,0.9860000014305115,0.16040000319480896
YDR265W,YGR296W,0,-4.7803807,0.38054805994033813,0.9860000014305115,0.16050000488758087
YPL063W,YPL041C,0,-4.780566,0.38040122389793396,0.9860000014305115,0.16060000658035278
YPL008W,YJL059W,0,-4.7806253,0.3802545368671417,0.9860000014305115,0.1606999933719635
YIL159W,YFL014W,0,-4.780646,0.38010793924331665,0.9860000014305115,0.1607999950647354
YDR021W,YIR005W,0,-4.780738,0.37996146082878113,0.9860000014305115,0.16089999675750732
YHR019C,YNL163C,0,-4.7809296,0.37981510162353516,0.9860000014305115,0.16099999845027924
YFL018C,YOR297C,0,-4.780959,0.37966886162757874,0.9860000014305115,0.16110000014305115
YBR112C,YNL163C,0,-4.781353,0.3795227110385895,0.9860000014305115,0.16120000183582306
YGR098C,YDR457W,0,-4.781393,0.37937667965888977,0.9860000014305115,0.16130000352859497
YER109C,YML060W,0,-4.7816925,0.3792307674884796,0.9860000014305115,0.16140000522136688
YGR003W,YCR037C,0,-4.781804,0.379084974527359,0.9860000014305115,0.1615000069141388
YNL166C,YAL024C,0,-4.781956,0.37893927097320557,0.9860000014305115,0.1615999937057495
YIL132C,YKL029C,0,-4.7821484,0.3787936866283417,0.9860000014305115,0.16169999539852142
YDR163W,YLR145W,0,-4.7821674,0.37864822149276733,0.9860000014305115,0.16179999709129333
YAL015C,YNL047C,0,-4.782199,0.37850287556648254,0.9860000014305115,0.16189999878406525
YGR091W,YJR009C,0,-4.7822137,0.3783576488494873,0.9860000014305115,0.16200000047683716
YLL009C,YNL202W,0,-4.782609,0.37821251153945923,0.9860000014305115,0.16210000216960907
YGL055W,YIL119C,0,-4.782692,0.3780674934387207,0.9860000014305115,0.16220000386238098
YKL117W,YIL017C,0,-4.7828217,0.37792256474494934,0.9860000014305115,0.1623000055551529
YLR459W,YBR106W,0,-4.782829,0.3777777850627899,0.9860000014305115,0.1624000072479248
YLR266C,YJL004C,0,-4.783058,0.37763309478759766,0.9860000014305115,0.16249999403953552
YDL227C,YIL115C,0,-4.7830753,0.37748852372169495,0.9860000014305115,0.16259999573230743
YIL004C,YHR118C,0,-4.7834,0.3773440420627594,0.9860000014305115,0.16269999742507935
YGR246C,YDL035C,0,-4.7836657,0.3771996796131134,0.9860000014305115,0.16279999911785126
YCL024W,YLL061W,0,-4.783702,0.37705543637275696,0.9860000014305115,0.16290000081062317
YKL029C,YML131W,0,-4.7838607,0.37691131234169006,0.9860000014305115,0.16300000250339508
YDL160C,YER165W,0,-4.7841067,0.37676727771759033,0.9860000014305115,0.163100004196167
YIL142W,YLR224W,0,-4.7842274,0.37662336230278015,0.9860000014305115,0.1632000058889389
YLR319C,YNL085W,0,-4.784445,0.3764795660972595,0.9860000014305115,0.16329999268054962
YDR492W,YML038C,0,-4.784914,0.37633588910102844,0.9860000014305115,0.16339999437332153
YOR025W,YIL121W,0,-4.7849503,0.3761923015117645,0.9860000014305115,0.16349999606609344
YEL054C,YLL017W,0,-4.784955,0.3760488033294678,0.9860000014305115,0.16359999775886536
YBR089C-A,YER021W,0,-4.7850204,0.37590545415878296,0.9860000014305115,0.16369999945163727
YDR437W,YCR031C,0,-4.7850676,0.3757621943950653,0.9860000014305115,0.16380000114440918
YHR120W,YAL034W-A,0,-4.7850895,0.3756190538406372,0.9860000014305115,0.1639000028371811
YER018C,YHR048W,0,-4.7851686,0.37547600269317627,0.9860000014305115,0.164000004529953
YBR199W,YNR032W,0,-4.785879,0.3753330707550049,0.9860000014305115,0.16410000622272491
YKL055C,YDR465C,0,-4.7858877,0.37519025802612305,0.9860000014305115,0.16419999301433563
YGL133W,YIL139C,0,-4.785911,0.3750475347042084,0.9860000014305115,0.16429999470710754
YNR032C-A,YPR041W,0,-4.78598,0.37490493059158325,0.9860000014305115,0.16439999639987946
YNR053C,YCL010C,0,-4.786028,0.3747624456882477,0.9860000014305115,0.16449999809265137
YPL170W,YPL124W,0,-4.786419,0.3746200501918793,0.9860000014305115,0.16459999978542328
YOL080C,YIL056W,0,-4.7864523,0.3744777739048004,0.9860000014305115,0.1647000014781952
YNL172W,YPL060W,0,-4.786536,0.3743356168270111,0.9860000014305115,0.1648000031709671
YOR256C,YLR467W,0,-4.7870245,0.37419354915618896,0.9860000014305115,0.164900004863739
YGL027C,YHR188C,0,-4.78712,0.37405160069465637,0.9860000014305115,0.16500000655651093
YJR073C,YPR191W,0,-4.787232,0.37390974164009094,0.9860000014305115,0.16509999334812164
YCL020W,YCL075W,1,-4.787302,0.37414708733558655,0.9869999885559082,0.16509999334812164
YOR348C,YPL253C,0,-4.787324,0.3740053176879883,0.9869999885559082,0.16519999504089355
YBR237W,YLR346C,0,-4.787611,0.3738636374473572,0.9869999885559082,0.16529999673366547
YGR217W,YKR009C,0,-4.7878165,0.3737220764160156,0.9869999885559082,0.16539999842643738
YLR383W,YLR362W,0,-4.7879906,0.3735806345939636,0.9869999885559082,0.1655000001192093
YLR139C,YDR131C,0,-4.7880373,0.3734392821788788,0.9869999885559082,0.1656000018119812
YOR335C,YBL013W,0,-4.7880564,0.3732980191707611,0.9869999885559082,0.1657000035047531
YMR250W,YLR165C,0,-4.7881308,0.37315690517425537,0.9869999885559082,0.16580000519752502
YAL021C,YLR210W,0,-4.788164,0.3730158805847168,0.9869999885559082,0.16590000689029694
YNL271C,YBR126C,0,-4.788515,0.3728749454021454,0.9869999885559082,0.16599999368190765
YGR142W,YMR179W,0,-4.788765,0.3727341294288635,0.9869999885559082,0.16609999537467957
YMR055C,YOR230W,0,-4.789076,0.3725934326648712,0.9869999885559082,0.16619999706745148
YGR007W,YML103C,0,-4.789438,0.37245282530784607,0.9869999885559082,0.1662999987602234
YDR361C,YHR172W,0,-4.789713,0.3723123371601105,0.9869999885559082,0.1664000004529953
YNL008C,YGL054C,0,-4.7897687,0.37217193841934204,0.9869999885559082,0.1665000021457672
YKR035W-A,YOR237W,0,-4.7903357,0.37203165888786316,0.9869999885559082,0.16660000383853912
YDR488C,YCR014C,0,-4.790434,0.37189149856567383,0.9869999885559082,0.16670000553131104
YOL003C,YOL129W,0,-4.790579,0.3717513978481293,0.9869999885559082,0.16680000722408295
YOR340C,YIL016W,0,-4.790785,0.37161144614219666,0.9869999885559082,0.16689999401569366
YLL016W,YNR023W,0,-4.7909036,0.3714715838432312,0.9869999885559082,0.16699999570846558
YBR142W,YBL018C,0,-4.791111,0.3713318407535553,0.9869999885559082,0.1670999974012375
YOR239W,YPL163C,0,-4.791147,0.37119218707084656,0.9869999885559082,0.1671999990940094
YDR214W,YAL009W,0,-4.791502,0.371052622795105,0.9869999885559082,0.1673000007867813
YGR224W,YDR115W,0,-4.7916813,0.37091317772865295,0.9869999885559082,0.16740000247955322
YPL078C,YKR067W,0,-4.7918673,0.3707738518714905,0.9869999885559082,0.16750000417232513
YDR512C,YPL164C,0,-4.7919145,0.37063461542129517,0.9869999885559082,0.16760000586509705
YLL008W,YGR216C,0,-4.7919235,0.3704954981803894,0.9869999885559082,0.16769999265670776
YJL133W,YGR169C,0,-4.7923403,0.3703564703464508,0.9869999885559082,0.16779999434947968
YDR163W,YDL153C,0,-4.792362,0.37021756172180176,0.9869999885559082,0.1678999960422516
YDR178W,YBR117C,0,-4.7924137,0.3700787425041199,0.9869999885559082,0.1679999977350235
YBR145W,YNL186W,0,-4.792529,0.36994004249572754,0.9869999885559082,0.1680999994277954
YMR145C,YLL017W,0,-4.7926407,0.36980143189430237,0.9869999885559082,0.16820000112056732
YFL024C,YER024W,0,-4.792709,0.36966291069984436,0.9869999885559082,0.16830000281333923
YNL023C,YLR385C,0,-4.792893,0.3695245087146759,0.9869999885559082,0.16840000450611115
YOR363C,YOL117W,0,-4.79315,0.369386225938797,0.9869999885559082,0.16850000619888306
YPR020W,YOR349W,0,-4.79352,0.36924803256988525,0.9869999885559082,0.16859999299049377
YJR097W,YDL130W,0,-4.793666,0.36910995841026306,0.9869999885559082,0.16869999468326569
YDR254W,YJR125C,0,-4.7936845,0.36897197365760803,0.9869999885559082,0.1687999963760376
YHR072W,YJR140C,0,-4.7942924,0.36883407831192017,0.9869999885559082,0.1688999980688095
YJL034W,YNL070W,0,-4.7944765,0.36869630217552185,0.9869999885559082,0.16899999976158142
YOR112W,YKR090W,0,-4.7944784,0.3685586154460907,0.9869999885559082,0.16910000145435333
YPL167C,YNL126W,0,-4.7946215,0.3684210479259491,0.9869999885559082,0.16920000314712524
YBL084C,YLR092W,0,-4.794652,0.36828356981277466,0.9869999885559082,0.16930000483989716
YPL096C-A,YPL020C,0,-4.794751,0.36814621090888977,0.9869999885559082,0.16940000653266907
YDR081C,YNL207W,0,-4.7949767,0.36800894141197205,0.9869999885559082,0.16949999332427979
YBR132C,YPL092W,0,-4.795489,0.36787179112434387,0.9869999885559082,0.1695999950170517
YAL041W,YBR274W,0,-4.795497,0.36773473024368286,0.9869999885559082,0.1696999967098236
YML045W,YMR046C,1,-4.795535,0.36797019839286804,0.9879999756813049,0.1696999967098236
YNR067C,YHR069C,0,-4.795615,0.3678331971168518,0.9879999756813049,0.16979999840259552
YBR121C,YGL183C,0,-4.7959547,0.3676963150501251,0.9879999756813049,0.16990000009536743
YER014C-A,YDR116C,0,-4.7961626,0.3675595223903656,0.9879999756813049,0.17000000178813934
YDL008W,YLR382C,0,-4.7968082,0.36742281913757324,0.9879999756813049,0.17010000348091125
YOL165C,YGR036C,0,-4.7969284,0.36728623509407043,0.9879999756813049,0.17020000517368317
YJR031C,YCL067C,0,-4.7972274,0.3671497702598572,0.9879999756813049,0.17030000686645508
YOR310C,YDR207C,0,-4.797392,0.3670133650302887,0.9879999756813049,0.1703999936580658
YDR302W,YPR163C,0,-4.797531,0.36687707901000977,0.9879999756813049,0.1704999953508377
YBL009W,YPL178W,0,-4.7976856,0.3667409121990204,0.9879999756813049,0.17059999704360962
YMR235C,YLR262C,0,-4.7978196,0.36660483479499817,0.9879999756813049,0.17069999873638153
YPR068C,YGR046W,0,-4.7978487,0.3664688467979431,0.9879999756813049,0.17080000042915344
YER107C,YNL197C,0,-4.7979603,0.3663329482078552,0.9879999756813049,0.17090000212192535
YMR092C,YBL078C,0,-4.7981634,0.3661971688270569,0.9879999756813049,0.17100000381469727
YBR029C,YJL183W,0,-4.7982388,0.3660615086555481,0.9879999756813049,0.17110000550746918
YFR055W,YCR084C,0,-4.798267,0.36592593789100647,0.9879999756813049,0.1712000072002411
YIL009C-A,YDR097C,0,-4.798746,0.365790456533432,0.9879999756813049,0.1712999939918518
YLR015W,YLR014C,0,-4.798938,0.3656550645828247,0.9879999756813049,0.17139999568462372
YOR355W,YMR011W,0,-4.799035,0.36551979184150696,0.9879999756813049,0.17149999737739563
YJR097W,YNL102W,0,-4.800474,0.36538460850715637,0.9879999756813049,0.17159999907016754
YNL245C,YHR200W,0,-4.8005085,0.36524954438209534,0.9879999756813049,0.17170000076293945
YDR021W,YIR002C,0,-4.8006506,0.36511456966400146,0.9879999756813049,0.17180000245571136
YDL140C,YNL167C,0,-4.800729,0.36497968435287476,0.9879999756813049,0.17190000414848328
YEL053C,YOR287C,0,-4.8009415,0.3648449182510376,0.9879999756813049,0.1720000058412552
YIL125W,YBL050W,0,-4.8011465,0.3647102117538452,0.9879999756813049,0.1720999926328659
YOR185C,YCR091W,0,-4.8012156,0.36457565426826477,0.9879999756813049,0.17219999432563782
YCR092C,YML114C,0,-4.8015985,0.3644411563873291,0.9879999756813049,0.17229999601840973
YDR461W,YER171W,0,-4.8017654,0.364306777715683,0.9879999756813049,0.17239999771118164
YKL139W,YOR075W,0,-4.8018003,0.36417248845100403,0.9879999756813049,0.17249999940395355
YBR158W,YOL095C,0,-4.801988,0.3640383183956146,0.9879999756813049,0.17260000109672546
YPL097W,YOL127W,0,-4.8021455,0.3639042377471924,0.9879999756813049,0.17270000278949738
YHR197W,YER082C,0,-4.8023605,0.3637702465057373,0.9879999756813049,0.1728000044822693
YDR277C,YGL162W,0,-4.802804,0.3636363744735718,0.9879999756813049,0.1729000061750412
YPL181W,YNL164C,0,-4.803068,0.363502562046051,0.9879999756813049,0.17299999296665192
YLR045C,YIL056W,0,-4.803262,0.3633688986301422,0.9879999756813049,0.17309999465942383
YBR133C,YML046W,0,-4.8033037,0.3632352948188782,0.9879999756813049,0.17319999635219574
YML128C,YOL104C,0,-4.8037977,0.3631018102169037,0.9879999756813049,0.17329999804496765
YDR293C,YOR287C,0,-4.8041754,0.36296841502189636,0.9879999756813049,0.17339999973773956
YNL073W,YMR104C,0,-4.8042746,0.3628351092338562,0.9879999756813049,0.17350000143051147
YBR244W,YKL074C,0,-4.804327,0.3627019226551056,0.9879999756813049,0.1736000031232834
YDR512C,YGR133W,0,-4.8047466,0.36256879568099976,0.9879999756813049,0.1737000048160553
YDR004W,YER093C,0,-4.804754,0.36243581771850586,0.9879999756813049,0.1738000065088272
YNR074C,YKL196C,0,-4.8048325,0.36230289936065674,0.9879999756813049,0.17389999330043793
YBL085W,YDR297W,0,-4.804858,0.36217010021209717,0.9879999756813049,0.17399999499320984
YDR256C,YDL117W,0,-4.8053265,0.36203739047050476,0.9879999756813049,0.17409999668598175
YGR274C,YGL112C,0,-4.805357,0.3619047701358795,0.9879999756813049,0.17419999837875366
YER025W,YEL016C,0,-4.8054953,0.36177223920822144,0.9879999756813049,0.17430000007152557
YPR021C,YHL031C,0,-4.8058434,0.3616398274898529,0.9879999756813049,0.17440000176429749
YMR029C,YHR200W,0,-4.8058996,0.36150750517845154,0.9879999756813049,0.1745000034570694
YEL056W,YGL104C,0,-4.8060384,0.36137527227401733,0.9879999756813049,0.1746000051498413
YPL120W,YLR360W,0,-4.8061447,0.3612431585788727,0.9879999756813049,0.17470000684261322
YAL015C,YDR244W,0,-4.8062186,0.3611111044883728,0.9879999756813049,0.17479999363422394
YPR088C,YLR132C,0,-4.806541,0.3609791696071625,0.9879999756813049,0.17489999532699585
YDR030C,YJL222W,0,-4.8065853,0.3608473241329193,0.9879999756813049,0.17499999701976776
YOL123W,YIL106W,0,-4.806707,0.3607155978679657,0.9879999756813049,0.17509999871253967
YJR066W,YDR381W,0,-4.8067904,0.36058393120765686,0.9879999756813049,0.17520000040531158
YBR200W,YNL192W,0,-4.8068132,0.3604523837566376,0.9879999756813049,0.1753000020980835
YER157W,YKL139W,0,-4.80688,0.36032092571258545,0.9879999756813049,0.1754000037908554
YKL057C,YLR032W,0,-4.806991,0.3601895868778229,0.9879999756813049,0.17550000548362732
YER016W,YER070W,0,-4.8073177,0.3600583076477051,0.9879999756813049,0.17560000717639923
YDR238C,YDL190C,0,-4.8075094,0.35992714762687683,0.9879999756813049,0.17569999396800995
YBR172C,YLR409C,0,-4.807529,0.35979607701301575,0.9879999756813049,0.17579999566078186
YFL041W,YFL037W,0,-4.807617,0.3596650958061218,0.9879999756813049,0.17589999735355377
YBR272C,YOL012C,0,-4.8081827,0.35953420400619507,0.9879999756813049,0.17599999904632568
YHR183W,YDL232W,0,-4.8081946,0.35940343141555786,0.9879999756813049,0.1761000007390976
YDR448W,YHR204W,0,-4.8084517,0.35927271842956543,0.9879999756813049,0.1762000024318695
YJR053W,YLR346C,0,-4.8086147,0.35914212465286255,0.9879999756813049,0.17630000412464142
YLL018C-A,YLL041C,0,-4.808684,0.35901162028312683,0.9879999756813049,0.17640000581741333
YLR047C,YCR084C,0,-4.8087516,0.35888123512268066,0.9879999756813049,0.17649999260902405
YER171W,YMR101C,0,-4.8088913,0.3587509095668793,0.9879999756813049,0.17659999430179596
YOR328W,YLR376C,0,-4.808926,0.35862070322036743,0.9879999756813049,0.17669999599456787
YLR023C,YFL016C,0,-4.809057,0.35849055647850037,0.9879999756813049,0.17679999768733978
YLR410W,YLL012W,0,-4.809124,0.35836052894592285,0.9879999756813049,0.1768999993801117
YJL061W,YPR137W,0,-4.8092203,0.3582305908203125,0.9879999756813049,0.1770000010728836
YMR213W,YBL014C,0,-4.809228,0.3581007719039917,0.9879999756813049,0.17710000276565552
YKR066C,YDR436W,0,-4.8092318,0.3579710125923157,0.9879999756813049,0.17720000445842743
YBL097W,YGR188C,0,-4.8093395,0.3578413724899292,0.9879999756813049,0.17730000615119934
YFL023W,YER103W,0,-4.8093634,0.3577117919921875,0.9879999756813049,0.17739999294281006
YBL071W-A,YDR470C,0,-4.8095016,0.35758233070373535,0.9879999756813049,0.17749999463558197
YAL068C,YHR062C,0,-4.8095055,0.35745295882225037,0.9879999756813049,0.17759999632835388
YBR106W,YPL253C,0,-4.8097,0.35732367634773254,0.9879999756813049,0.1776999980211258
YOR297C,YNL160W,0,-4.8102894,0.3571945130825043,0.9879999756813049,0.1777999997138977
YNL074C,YPR107C,0,-4.810441,0.3570654094219208,0.9879999756813049,0.17790000140666962
YKR057W,YMR229C,0,-4.8105435,0.35693642497062683,0.9879999756813049,0.17800000309944153
YNL121C,YGL227W,0,-4.810558,0.35680750012397766,0.9879999756813049,0.17810000479221344
YHL019C,YJL081C,0,-4.811692,0.35667869448661804,0.9879999756813049,0.17820000648498535
YIR037W,YJL045W,0,-4.8117957,0.3565499782562256,0.9879999756813049,0.17829999327659607
YDR055W,YPR173C,0,-4.811889,0.3564213514328003,0.9879999756813049,0.17839999496936798
YGR041W,YJL010C,0,-4.8120537,0.35629281401634216,0.9879999756813049,0.1784999966621399
YJR013W,YML085C,0,-4.8120565,0.3561643958091736,0.9879999756813049,0.1785999983549118
YDL115C,YJR004C,0,-4.8121815,0.3560360372066498,0.9879999756813049,0.17870000004768372
YBR200W,YJL110C,0,-4.8123007,0.35590776801109314,0.9879999756813049,0.17880000174045563
YNL101W,YGL233W,0,-4.8125362,0.35577961802482605,0.9879999756813049,0.17890000343322754
YJL039C,YDL042C,0,-4.8125734,0.3556515574455261,0.9879999756813049,0.17900000512599945
YOL040C,YPL012W,0,-4.812772,0.35552355647087097,0.9879999756813049,0.17910000681877136
YDL017W,YKL205W,0,-4.8128624,0.35539567470550537,0.9879999756813049,0.17919999361038208
YJL073W,YPL124W,0,-4.8130302,0.35526788234710693,0.9879999756813049,0.179299995303154
YPL043W,YOR254C,0,-4.813179,0.35514017939567566,0.9879999756813049,0.1793999969959259
YGL251C,YKL075C,0,-4.8131886,0.35501256585121155,0.9879999756813049,0.17949999868869781
YOR117W,YPR078C,0,-4.813337,0.354885071516037,0.9879999756813049,0.17960000038146973
YNL201C,YDR312W,0,-4.813667,0.3547576367855072,0.9879999756813049,0.17970000207424164
YER038C,YGR186W,0,-4.8137054,0.3546302914619446,0.9879999756813049,0.17980000376701355
YOR126C,YOL076W,0,-4.8137074,0.3545030355453491,0.9879999756813049,0.17990000545978546
YML128C,YKL148C,0,-4.8137994,0.3543758988380432,0.9879999756813049,0.18000000715255737
YOR064C,YLL017W,0,-4.813844,0.3542488217353821,0.9879999756813049,0.1800999939441681
YOR145C,YMR087W,0,-4.814067,0.3541218638420105,0.9879999756813049,0.18019999563694
YDR513W,YFL036W,0,-4.814292,0.3539949953556061,0.9879999756813049,0.18029999732971191
YGL105W,YGR172C,0,-4.8142996,0.35386818647384644,0.9879999756813049,0.18039999902248383
YOR123C,YMR047C,0,-4.814453,0.35374149680137634,0.9879999756813049,0.18050000071525574
YNL008C,YBL025W,0,-4.8144884,0.3536148965358734,0.9879999756813049,0.18060000240802765
YJL008C,YEL022W,0,-4.8146105,0.35348838567733765,0.9879999756813049,0.18070000410079956
YHR111W,YLL012W,0,-4.8147883,0.35336193442344666,0.9879999756813049,0.18080000579357147
YBR135W,YNL286W,0,-4.814806,0.3532356023788452,0.9879999756813049,0.1808999925851822
YDR404C,YDL229W,0,-4.8150883,0.35310935974121094,0.9879999756813049,0.1809999942779541
YDL099W,YLR376C,0,-4.815113,0.3529832065105438,0.9879999756813049,0.181099995970726
YPR034W,YNR046W,0,-4.8152547,0.35285714268684387,0.9879999756813049,0.18119999766349792
YGR089W,YKR025W,0,-4.8152795,0.3527311682701111,0.9879999756813049,0.18129999935626984
YOR351C,YJL116C,0,-4.816343,0.35260528326034546,0.9879999756813049,0.18140000104904175
YDL039C,YOR361C,0,-4.8163714,0.352479487657547,0.9879999756813049,0.18150000274181366
YLL002W,YJR028W,1,-4.8164725,0.35271042585372925,0.9890000224113464,0.18150000274181366
YGR262C,YOR313C,0,-4.8167467,0.3525846600532532,0.9890000224113464,0.18160000443458557
YBL099W,YJR066W,0,-4.8167906,0.35245901346206665,0.9890000224113464,0.18170000612735748
YML075C,YJL208C,0,-4.8168383,0.3523334562778473,0.9890000224113464,0.1817999929189682
YPL204W,YGR042W,0,-4.8170915,0.3522079885005951,0.9890000224113464,0.1818999946117401
YDR142C,YKR050W,0,-4.8174295,0.35208258032798767,0.9890000224113464,0.18199999630451202
YBL009W,YDR130C,0,-4.8176804,0.3519572913646698,0.9890000224113464,0.18209999799728394
YDL074C,YDL164C,0,-4.8179517,0.3518320918083191,0.9890000224113464,0.18219999969005585
YNL286W,YMR143W,0,-4.818045,0.35170698165893555,0.9890000224113464,0.18230000138282776
YDL155W,YER173W,0,-4.8180933,0.3515819311141968,0.9890000224113464,0.18240000307559967
YHR036W,YER028C,0,-4.818099,0.35145699977874756,0.9890000224113464,0.18250000476837158
YKL092C,YHR157W,0,-4.818218,0.3513321578502655,0.9890000224113464,0.1826000064611435
YDR363W,YHR031C,0,-4.818291,0.3512073755264282,0.9890000224113464,0.1826999932527542
YDR446W,YDL028C,0,-4.818551,0.3510827124118805,0.9890000224113464,0.18279999494552612
YLL026W,YHL036W,0,-4.8186884,0.3509581387042999,0.9890000224113464,0.18289999663829803
YLR215C,YGL243W,0,-4.81872,0.35083362460136414,0.9890000224113464,0.18299999833106995
YCR028C,YNL126W,0,-4.818969,0.3507092297077179,0.9890000224113464,0.18310000002384186
YPR073C,YBL018C,0,-4.8189707,0.35058489441871643,0.9890000224113464,0.18320000171661377
YNL245C,YPR005C,0,-4.8189716,0.3504606783390045,0.9890000224113464,0.18330000340938568
YGR078C,YNL247W,0,-4.819032,0.3503365218639374,0.9890000224113464,0.1834000051021576
YBL009W,YFR031C,0,-4.819186,0.3502124547958374,0.9890000224113464,0.1835000067949295
YPL021W,YJR120W,0,-4.819188,0.350088506937027,0.9890000224113464,0.18359999358654022
YLR286C,YIL017C,0,-4.8192663,0.34996461868286133,0.9890000224113464,0.18369999527931213
YDR202C,YDR472W,0,-4.819512,0.34984081983566284,0.9890000224113464,0.18379999697208405
YJL184W,YKL143W,0,-4.819542,0.3497171103954315,0.9890000224113464,0.18389999866485596
YDL154W,YKR059W,0,-4.8201566,0.34959349036216736,0.9890000224113464,0.18400000035762787
YDL029W,YGR212W,0,-4.820163,0.34946995973587036,0.9890000224113464,0.18410000205039978
YGL105W,YLR068W,0,-4.82019,0.3493465185165405,0.9890000224113464,0.1842000037431717
YDR129C,YGR209C,0,-4.8202424,0.34922316670417786,0.9890000224113464,0.1843000054359436
YLR201C,YDR277C,0,-4.8202863,0.34909990429878235,0.9890000224113464,0.18440000712871552
YER044C-A,YHR090C,0,-4.820303,0.3489767014980316,0.9890000224113464,0.18449999392032623
YKL011C,YLR166C,0,-4.820635,0.34885361790657043,0.9890000224113464,0.18459999561309814
YOL069W,YER118C,0,-4.8206496,0.34873059391975403,0.9890000224113464,0.18469999730587006
YJL157C,YOL090W,0,-4.8208575,0.3486076891422272,0.9890000224113464,0.18479999899864197
YNL101W,YOR030W,0,-4.8209286,0.3484848439693451,0.9890000224113464,0.18490000069141388
YOR204W,YDR018C,0,-4.821073,0.3483620882034302,0.9890000224113464,0.1850000023841858
YDR118W,YJR052W,0,-4.821191,0.3482394218444824,0.9890000224113464,0.1851000040769577
YDR404C,YJL109C,0,-4.821397,0.3481168746948242,0.9890000224113464,0.18520000576972961
YJL209W,YBR087W,0,-4.821415,0.3479943573474884,0.9890000224113464,0.18529999256134033
YDL164C,YLR272C,0,-4.82162,0.34787195920944214,0.9890000224113464,0.18539999425411224
YMR172W,YDL007W,0,-4.8218417,0.34774965047836304,0.9890000224113464,0.18549999594688416
YNL163C,YGL244W,0,-4.821987,0.3476274311542511,0.9890000224113464,0.18559999763965607
YOL004W,YLR362W,0,-4.8223696,0.34750527143478394,0.9890000224113464,0.18569999933242798
YNL007C,YIL173W,0,-4.8226585,0.34738320112228394,0.9890000224113464,0.1858000010251999
YHL019C,YEL032W,0,-4.823329,0.3472612500190735,0.9890000224113464,0.1859000027179718
YGR247W,YDL028C,0,-4.823346,0.3471393585205078,0.9890000224113464,0.1860000044107437
YGR253C,YKL086W,0,-4.82337,0.3470175564289093,0.9890000224113464,0.18610000610351562
YDR219C,YBL057C,0,-4.8237147,0.34689581394195557,0.9890000224113464,0.18619999289512634
YPR017C,YDR382W,0,-4.823769,0.3467741906642914,0.9890000224113464,0.18629999458789825
YPR162C,YPR133W-A,0,-4.824195,0.34665265679359436,0.9890000224113464,0.18639999628067017
YGR262C,YLR098C,0,-4.8242035,0.3465311825275421,0.9890000224113464,0.18649999797344208
YER183C,YBR034C,0,-4.8243275,0.34640979766845703,0.9890000224113464,0.186599999666214
YMR296C,YGR122W,0,-4.824555,0.3462885022163391,0.9890000224113464,0.1867000013589859
YIL009C-A,YJL110C,0,-4.824667,0.34616729617118835,0.9890000224113464,0.1868000030517578
YBL013W,YPR041W,0,-4.8250527,0.34604617953300476,0.9890000224113464,0.18690000474452972
YGL089C,YDR081C,0,-4.825061,0.34592515230178833,0.9890000224113464,0.18700000643730164
YBR171W,YOR356W,0,-4.825122,0.3458041846752167,0.9890000224113464,0.18709999322891235
YGL087C,YDR436W,0,-4.825242,0.34568333625793457,0.9890000224113464,0.18719999492168427
YLL018C-A,YKL189W,0,-4.825332,0.34556254744529724,0.9890000224113464,0.18729999661445618
YOR237W,YNR046W,0,-4.8254604,0.3454418480396271,0.9890000224113464,0.1873999983072281
YKL208W,YPL060W,0,-4.8257704,0.3453212380409241,0.9890000224113464,0.1875
YJL209W,YHR070W,0,-4.8257995,0.34520068764686584,0.9890000224113464,0.1876000016927719
YER109C,YDR297W,0,-4.825905,0.34508025646209717,0.9890000224113464,0.18770000338554382
YNL242W,YML016C,0,-4.8262167,0.34495988488197327,0.9890000224113464,0.18780000507831573
YLR427W,YOR194C,0,-4.8262343,0.34483960270881653,0.9890000224113464,0.18790000677108765
YGR078C,YNL207W,0,-4.826332,0.34471940994262695,0.9890000224113464,0.18799999356269836
YER161C,YER103W,0,-4.826502,0.34459930658340454,0.9890000224113464,0.18809999525547028
YOL104C,YPL146C,0,-4.8265724,0.3444792628288269,0.9890000224113464,0.1881999969482422
YMR092C,YKL046C,0,-4.8266377,0.3443593382835388,0.9890000224113464,0.1882999986410141
YHL036W,YKR002W,0,-4.826751,0.3442394733428955,0.9890000224113464,0.188400000333786
YDR459C,YDR143C,0,-4.8267593,0.34411969780921936,0.9890000224113464,0.18850000202655792
YER002W,YDL098C,0,-4.827029,0.3440000116825104,0.9890000224113464,0.18860000371932983
YER070W,YLR034C,0,-4.827363,0.34388038516044617,0.9890000224113464,0.18870000541210175
YGR057C,YGR274C,0,-4.827443,0.3437608480453491,0.9890000224113464,0.18880000710487366
YLR399C,YDR180W,0,-4.8276105,0.3436414301395416,0.9890000224113464,0.18889999389648438
YBR161W,YBR092C,0,-4.8278103,0.3435220420360565,0.9890000224113464,0.1889999955892563
YGL238W,YOR056C,0,-4.8279347,0.34340277314186096,0.9890000224113464,0.1890999972820282
YBL013W,YGR075C,0,-4.8279924,0.34328359365463257,0.9890000224113464,0.1891999989748001
YDR343C,YPL179W,0,-4.828252,0.34316447377204895,0.9890000224113464,0.18930000066757202
YLR394W,YHR092C,0,-4.828269,0.3430454432964325,0.9890000224113464,0.18940000236034393
YIL159W,YNR046W,0,-4.828348,0.3429265022277832,0.9890000224113464,0.18950000405311584
YLR438C-A,YPL130W,0,-4.828372,0.3428076207637787,0.9890000224113464,0.18960000574588776
YKL049C,YER142C,0,-4.8284664,0.34268882870674133,0.9890000224113464,0.18970000743865967
YHR094C,YIL063C,0,-4.828467,0.34257015585899353,0.9890000224113464,0.18979999423027039
YGL100W,YLR150W,0,-4.828666,0.3424515128135681,0.9890000224113464,0.1898999959230423
YJR040W,YIL119C,0,-4.8286877,0.34233298897743225,0.9890000224113464,0.1899999976158142
YGL178W,YKL055C,0,-4.828806,0.34221452474594116,0.9890000224113464,0.19009999930858612
YPL137C,YAL068C,0,-4.828821,0.34209614992141724,0.9890000224113464,0.19020000100135803
YBL017C,YER116C,0,-4.829264,0.3419778645038605,0.9890000224113464,0.19030000269412994
YOR116C,YGL066W,0,-4.8293247,0.3418596684932709,0.9890000224113464,0.19040000438690186
YGL166W,YPR168W,0,-4.8293247,0.34174153208732605,0.9890000224113464,0.19050000607967377
YDL013W,YKL088W,0,-4.829411,0.3416234850883484,0.9890000224113464,0.19059999287128448
YDL031W,YNL201C,0,-4.8294277,0.3415055274963379,0.9890000224113464,0.1906999945640564
YJL003W,YML104C,0,-4.829878,0.34138762950897217,0.9890000224113464,0.1907999962568283
YLR043C,YDR065W,0,-4.830269,0.341269850730896,0.9890000224113464,0.19089999794960022
YNL059C,YMR011W,0,-4.8303194,0.3411521315574646,0.9890000224113464,0.19099999964237213
YPL233W,YJL025W,0,-4.8307123,0.341034471988678,0.9890000224113464,0.19110000133514404
YOR113W,YNL309W,0,-4.830969,0.3409169316291809,0.9890000224113464,0.19120000302791595
YBL034C,YIL173W,0,-4.8313613,0.3407994508743286,0.9890000224113464,0.19130000472068787
YEL066W,YPL041C,0,-4.8314457,0.3406820595264435,0.9890000224113464,0.19140000641345978
YPR021C,YER111C,0,-4.8314595,0.3405647277832031,0.9890000224113464,0.1914999932050705
YMR270C,YFL008W,0,-4.831562,0.3404475152492523,0.9890000224113464,0.1915999948978424
YOL113W,YPL120W,0,-4.8318176,0.3403303623199463,0.9890000224113464,0.19169999659061432
YDL117W,YLR130C,0,-4.8319044,0.34021326899528503,0.9890000224113464,0.19179999828338623
YBR237W,YDR080W,0,-4.831909,0.34009629487991333,0.9890000224113464,0.19189999997615814
YHR143W,YJL116C,0,-4.8320093,0.3399793803691864,0.9890000224113464,0.19200000166893005
YIL154C,YMR134W,0,-4.8320265,0.33986255526542664,0.9890000224113464,0.19210000336170197
YLL060C,YGL136C,0,-4.8320475,0.33974578976631165,0.9890000224113464,0.19220000505447388
YDR302W,YJL059W,0,-4.8321667,0.3396291136741638,0.9890000224113464,0.1923000067472458
YNL008C,YFR055W,0,-4.8324866,0.33951252698898315,0.9890000224113464,0.1923999935388565
YNR030W,YMR143W,0,-4.832549,0.33939602971076965,0.9890000224113464,0.19249999523162842
YNL282W,YER103W,0,-4.8328457,0.3392795920372009,0.9890000224113464,0.19259999692440033
YEL022W,YML094W,0,-4.8330145,0.33916324377059937,0.9890000224113464,0.19269999861717224
YER017C,YDL247W,0,-4.8330975,0.3390469551086426,0.9890000224113464,0.19280000030994415
YCL032W,YOL072W,0,-4.8333983,0.33893078565597534,0.9890000224113464,0.19290000200271606
YDR202C,YMR284W,0,-4.8337593,0.3388146758079529,0.9890000224113464,0.19300000369548798
YFL013C,YGR056W,0,-4.833865,0.3386986255645752,0.9890000224113464,0.1931000053882599
YGL067W,YJL012C,0,-4.833957,0.3385826647281647,0.9890000224113464,0.1932000070810318
YGL116W,YMR212C,0,-4.833997,0.3384667932987213,0.9890000224113464,0.19329999387264252
YPL179W,YBR169C,0,-4.83402,0.3383510112762451,0.9890000224113464,0.19339999556541443
YNL151C,YPR078C,0,-4.834055,0.3382352888584137,0.9890000224113464,0.19349999725818634
YGL155W,YKL172W,0,-4.834109,0.33811965584754944,0.9890000224113464,0.19359999895095825
YOL094C,YMR127C,0,-4.8344116,0.33800411224365234,0.9890000224113464,0.19370000064373016
YFL014W,YNL006W,0,-4.834423,0.3378886282444,0.9890000224113464,0.19380000233650208
YIR023W,YOR133W,0,-4.834602,0.33777323365211487,0.9890000224113464,0.193900004029274
YMR133W,YAL001C,0,-4.8347626,0.3376578986644745,0.9890000224113464,0.1940000057220459
YPR185W,YBR103W,0,-4.8347907,0.33754265308380127,0.9890000224113464,0.1941000074148178
YPR188C,YGL129C,0,-4.8348475,0.3374274969100952,0.9890000224113464,0.19419999420642853
YMR199W,YDR479C,0,-4.8348613,0.33731240034103394,0.9890000224113464,0.19429999589920044
YDR245W,YHR069C,0,-4.835085,0.3371974229812622,0.9890000224113464,0.19439999759197235
YOR335C,YDL111C,0,-4.835264,0.33708247542381287,0.9890000224113464,0.19449999928474426
YKL188C,YOL034W,0,-4.8352923,0.3369676172733307,0.9890000224113464,0.19460000097751617
YDL022W,YBR037C,0,-4.83534,0.3368528485298157,0.9890000224113464,0.19470000267028809
YDR434W,YGR099W,0,-4.8363166,0.3367381691932678,0.9890000224113464,0.19480000436306
YHR114W,YGL251C,0,-4.8363247,0.33662354946136475,0.9890000224113464,0.1949000060558319
YDR137W,YNL046W,0,-4.8367066,0.33650901913642883,0.9890000224113464,0.19499999284744263
YIR005W,YEL017C-A,0,-4.836819,0.3363945484161377,0.9890000224113464,0.19509999454021454
YNL101W,YGR099W,0,-4.8368216,0.3362801671028137,0.9890000224113464,0.19519999623298645
YOL040C,YHR099W,0,-4.8377576,0.3361658751964569,0.9890000224113464,0.19529999792575836
YDL142C,YPR005C,0,-4.8377895,0.3360516428947449,0.9890000224113464,0.19539999961853027
YMR319C,YGL183C,0,-4.838251,0.3359375,0.9890000224113464,0.19550000131130219
YNL182C,YHR157W,0,-4.8384876,0.3358234167098999,0.9890000224113464,0.1956000030040741
YER157W,YNL258C,0,-4.8386955,0.33570942282676697,0.9890000224113464,0.195700004696846
YMR272C,YGL162W,0,-4.838814,0.3355955183506012,0.9890000224113464,0.19580000638961792
YHR013C,YGR003W,0,-4.838849,0.3354816734790802,0.9890000224113464,0.19589999318122864
YNR001C,YOR020C,0,-4.839128,0.33536791801452637,0.9890000224113464,0.19599999487400055
YHR055C,YGR132C,0,-4.839406,0.3352542519569397,0.9890000224113464,0.19609999656677246
YER038C,YPR086W,0,-4.8394785,0.3351406157016754,0.9890000224113464,0.19619999825954437
YEL060C,YNR048W,0,-4.8395414,0.3350270986557007,0.9890000224113464,0.19629999995231628
YHR062C,YHR014W,0,-4.83955,0.3349136412143707,0.9890000224113464,0.1964000016450882
YLR449W,YML073C,0,-4.839577,0.33480027318000793,0.9890000224113464,0.1965000033378601
YBR217W,YBL078C,0,-4.839787,0.3346869647502899,0.9890000224113464,0.19660000503063202
YNL172W,YFL004W,0,-4.839829,0.33457374572753906,0.9890000224113464,0.19670000672340393
YPR025C,YBR165W,0,-4.8398604,0.33446061611175537,0.9890000224113464,0.19679999351501465
YBL013W,YNL323W,0,-4.8399487,0.33434754610061646,0.9890000224113464,0.19689999520778656
YPR154W,YJL222W,0,-4.8399835,0.3342345356941223,0.9890000224113464,0.19699999690055847
YKL112W,YOR185C,0,-4.84005,0.33412161469459534,0.9890000224113464,0.19709999859333038
YGR199W,YLR224W,0,-4.840385,0.3340087831020355,0.9890000224113464,0.1972000002861023
YLR383W,YML021C,0,-4.8403864,0.3338960111141205,0.9890000224113464,0.1973000019788742
YMR220W,YML041C,0,-4.8403916,0.3337833285331726,0.9890000224113464,0.19740000367164612
YGR195W,YDR312W,0,-4.840578,0.3336707055568695,0.9890000224113464,0.19750000536441803
YLR056W,YPR007C,0,-4.840605,0.33355817198753357,0.9890000224113464,0.19760000705718994
YNL172W,YFL010W-A,0,-4.8409944,0.3334457278251648,0.9890000224113464,0.19769999384880066
YNR010W,YNL210W,0,-4.8410883,0.3333333432674408,0.9890000224113464,0.19779999554157257
YDR320C-A,YDL028C,0,-4.841091,0.3332210183143616,0.9890000224113464,0.19789999723434448
YJR025C,YER106W,0,-4.841338,0.3331087827682495,0.9890000224113464,0.1979999989271164
YBR290W,YFR055W,0,-4.8416033,0.3329966366291046,0.9890000224113464,0.1981000006198883
YAL021C,YNL182C,0,-4.841811,0.3328845500946045,0.9890000224113464,0.19820000231266022
YFR050C,YNL257C,0,-4.841839,0.33277255296707153,0.9890000224113464,0.19830000400543213
YER172C,YMR260C,0,-4.8421545,0.33266061544418335,0.9890000224113464,0.19840000569820404
YAL054C,YJL004C,0,-4.842185,0.33254876732826233,0.9890000224113464,0.19850000739097595
YMR128W,YGL014W,0,-4.842375,0.3324369788169861,0.9890000224113464,0.19859999418258667
YBR245C,YBR015C,0,-4.84251,0.332325279712677,0.9890000224113464,0.19869999587535858
YGL035C,YMR314W,0,-4.843253,0.3322136402130127,0.9890000224113464,0.1987999975681305
YMR080C,YML021C,0,-4.8440537,0.33210209012031555,0.9890000224113464,0.1988999992609024
YDR198C,YKR008W,0,-4.8441133,0.3319905996322632,0.9890000224113464,0.19900000095367432
YPR183W,YLR088W,0,-4.8445992,0.331879198551178,0.9890000224113464,0.19910000264644623
YNL001W,YDR080W,0,-4.8450737,0.33176785707473755,0.9890000224113464,0.19920000433921814
YNL136W,YJR102C,0,-4.845144,0.3316566050052643,0.9890000224113464,0.19930000603199005
YOL006C,YMR218C,0,-4.845674,0.3315454125404358,0.9890000224113464,0.19939999282360077
YPL117C,YFR040W,0,-4.8459253,0.33143430948257446,0.9890000224113464,0.19949999451637268
YHR094C,YHR082C,0,-4.845932,0.3313232958316803,0.9890000224113464,0.1995999962091446
YNL016W,YDR131C,0,-4.846217,0.3312123119831085,0.9890000224113464,0.1996999979019165
YPR189W,YDR464W,0,-4.846356,0.3311014473438263,0.9890000224113464,0.19979999959468842
YBL026W,YDR451C,0,-4.8463907,0.33099064230918884,0.9890000224113464,0.19990000128746033
YDR284C,YHR092C,0,-4.846569,0.33087989687919617,0.9890000224113464,0.20000000298023224
YOR265W,YNL007C,0,-4.846779,0.33076924085617065,0.9890000224113464,0.20010000467300415
YKL057C,YIL119C,0,-4.8468494,0.3306586444377899,0.9890000224113464,0.20020000636577606
YER111C,YGR020C,0,-4.84686,0.33054813742637634,0.9890000224113464,0.20029999315738678
YIL068C,YLR222C,0,-4.8468676,0.33043769001960754,0.9890000224113464,0.2003999948501587
YOR048C,YML041C,0,-4.8469834,0.3303273320198059,0.9890000224113464,0.2004999965429306
YMR068W,YFL025C,0,-4.8472414,0.33021703362464905,0.9890000224113464,0.20059999823570251
YGL253W,YJR110W,0,-4.847706,0.33010679483413696,0.9890000224113464,0.20069999992847443
YDR118W,YAL041W,0,-4.8477945,0.32999667525291443,0.9890000224113464,0.20080000162124634
YOL115W,YLR313C,0,-4.8478055,0.3298865854740143,0.9890000224113464,0.20090000331401825
YPL221W,YDR025W,0,-4.847885,0.3297765851020813,0.9890000224113464,0.20100000500679016
YNL159C,YOL008W,0,-4.847932,0.3296666741371155,0.9890000224113464,0.20110000669956207
YJL198W,YKL075C,0,-4.847956,0.32955682277679443,0.9890000224113464,0.2011999934911728
YIL079C,YPR007C,0,-4.847987,0.32944703102111816,0.9890000224113464,0.2012999951839447
YKL052C,YLR337C,0,-4.848396,0.32933732867240906,0.9890000224113464,0.2013999968767166
YCR063W,YLR347C,0,-4.848499,0.3292276859283447,0.9890000224113464,0.20149999856948853
YBL009W,YDR419W,0,-4.8485503,0.32911813259124756,0.9890000224113464,0.20160000026226044
YEL071W,YPL121C,0,-4.8487015,0.32900863885879517,0.9890000224113464,0.20170000195503235
YDR256C,YDL078C,0,-4.848709,0.32889923453330994,0.9890000224113464,0.20180000364780426
YJR089W,YDR512C,0,-4.848881,0.3287898898124695,0.9890000224113464,0.20190000534057617
YPR006C,YIL101C,0,-4.8489904,0.3286806344985962,0.9890000224113464,0.20200000703334808
YNL007C,YGR209C,0,-4.849189,0.3285714387893677,0.9890000224113464,0.2020999938249588
YBR098W,YHR016C,0,-4.8493433,0.32846230268478394,0.9890000224113464,0.2021999955177307
YPL051W,YEL060C,0,-4.8494186,0.32835325598716736,0.9890000224113464,0.20229999721050262
YAR009C,YBL100W-B,1,-4.8495464,0.3285761773586273,0.9900000095367432,0.20229999721050262
YKL194C,YDL134C,0,-4.8496428,0.32846716046333313,0.9900000095367432,0.20239999890327454
YPL051W,YNR010W,0,-4.849658,0.3283582031726837,0.9900000095367432,0.20250000059604645
YLR371W,YJL222W,0,-4.849718,0.32824933528900146,0.9900000095367432,0.20260000228881836
YAL015C,YOL054W,0,-4.8500032,0.328140527009964,0.9900000095367432,0.20270000398159027
YDL192W,YGR169C,0,-4.850044,0.3280318081378937,0.9900000095367432,0.20280000567436218
YKL113C,YDR523C,0,-4.8500624,0.32792314887046814,0.9900000095367432,0.2029000073671341
YDR115W,YDR131C,0,-4.850177,0.32781457901000977,0.9900000095367432,0.2029999941587448
YNL323W,YEL057C,0,-4.8502965,0.32770606875419617,0.9900000095367432,0.20309999585151672
YMR264W,YNL250W,0,-4.850338,0.32759761810302734,0.9900000095367432,0.20319999754428864
YDR025W,YNL126W,0,-4.8509426,0.3274892568588257,0.9900000095367432,0.20329999923706055
YNL163C,YCR033W,0,-4.851041,0.3273809552192688,0.9900000095367432,0.20340000092983246
YBL032W,YMR296C,0,-4.8511367,0.3272727131843567,0.9900000095367432,0.20350000262260437
YGL124C,YBL056W,0,-4.8511953,0.32716456055641174,0.9900000095367432,0.20360000431537628
YPL181W,YPL096W,0,-4.8512907,0.32705649733543396,0.9900000095367432,0.2037000060081482
YKL049C,YDL005C,0,-4.8513956,0.32694849371910095,0.9900000095367432,0.2037999927997589
YDR295C,YHL034C,0,-4.8514075,0.3268405497074127,0.9900000095367432,0.20389999449253082
YKL149C,YAR010C,1,-4.8514557,0.3270626962184906,0.9909999966621399,0.20389999449253082
YJR158W,YMR201C,0,-4.8515153,0.32695481181144714,0.9909999966621399,0.20399999618530273
YMR211W,YJL204C,0,-4.85159,0.3268469572067261,0.9909999966621399,0.20409999787807465
YGL256W,YIL019W,0,-4.851611,0.32673919200897217,0.9909999966621399,0.20419999957084656
YBL006C,YGR239C,0,-4.851673,0.3266315162181854,0.9909999966621399,0.20430000126361847
YML118W,YDR443C,0,-4.852318,0.32652390003204346,0.9909999966621399,0.20440000295639038
YIL131C,YKL043W,0,-4.852579,0.32641634345054626,0.9909999966621399,0.2045000046491623
YOR367W,YKL075C,0,-4.8526115,0.32630884647369385,0.9909999966621399,0.2046000063419342
YBR158W,YDR121W,0,-4.8526673,0.3262014389038086,0.9909999966621399,0.20469999313354492
YCR086W,YJL201W,0,-4.852696,0.3260941207408905,0.9909999966621399,0.20479999482631683
YCL067C,YLR016C,0,-4.852788,0.3259868323802948,0.9909999966621399,0.20489999651908875
YBR131W,YEL016C,0,-4.852915,0.32587963342666626,0.9909999966621399,0.20499999821186066
YJR059W,YDL033C,0,-4.853076,0.3257725238800049,0.9909999966621399,0.20509999990463257
YLR223C,YEL004W,0,-4.853221,0.3256654739379883,0.9909999966621399,0.20520000159740448
YGR159C,YBL075C,0,-4.853338,0.32555848360061646,0.9909999966621399,0.2053000032901764
YOL082W,YJR094C,0,-4.8534184,0.3254515528678894,0.9909999966621399,0.2054000049829483
YDR376W,YHR098C,0,-4.853472,0.3253447115421295,0.9909999966621399,0.20550000667572021
YMR008C,YOR027W,0,-4.8535085,0.3252379298210144,0.9909999966621399,0.20559999346733093
YER106W,YNL221C,0,-4.853509,0.32513123750686646,0.9909999966621399,0.20569999516010284
YKL073W,YLR337C,0,-4.853573,0.3250246047973633,0.9909999966621399,0.20579999685287476
YML104C,YPR131C,0,-4.8536096,0.3249180316925049,0.9909999966621399,0.20589999854564667
YHL048W,YML041C,0,-4.8536177,0.32481154799461365,0.9909999966621399,0.20600000023841858
YGL048C,YGL208W,0,-4.853766,0.3247051239013672,0.9909999966621399,0.2061000019311905
YOL059W,YNR053C,0,-4.853945,0.3245987594127655,0.9909999966621399,0.2062000036239624
YDR055W,YJL121C,0,-4.8545313,0.3244924545288086,0.9909999966621399,0.20630000531673431
YGR048W,YLL012W,0,-4.854599,0.32438623905181885,0.9909999966621399,0.20640000700950623
YOR081C,YDR457W,0,-4.8548336,0.32428011298179626,0.9909999966621399,0.20649999380111694
YPR104C,YKL130C,0,-4.8550615,0.32417401671409607,0.9909999966621399,0.20659999549388885
YOR348C,YOR230W,0,-4.855138,0.32406800985336304,0.9909999966621399,0.20669999718666077
YBR087W,YLR316C,0,-4.8555007,0.32396209239959717,0.9909999966621399,0.20679999887943268
YDL198C,YJL208C,0,-4.8555307,0.3238562047481537,0.9909999966621399,0.2069000005722046
YKR001C,YNR048W,0,-4.855902,0.32375040650367737,0.9909999966621399,0.2070000022649765
YBL074C,YCR039C,0,-4.8559546,0.3236446678638458,0.9909999966621399,0.2071000039577484
YPR108W,YOL117W,0,-4.8559823,0.32353901863098145,0.9909999966621399,0.20720000565052032
YBL099W,YNL026W,0,-4.8562036,0.32343342900276184,0.9909999966621399,0.20730000734329224
YMR184W,YJL005W,0,-4.856242,0.323327898979187,0.9909999966621399,0.20739999413490295
YER183C,YDR434W,0,-4.856261,0.32322242856025696,0.9909999966621399,0.20749999582767487
YCR088W,YOL040C,0,-4.856347,0.32311704754829407,0.9909999966621399,0.20759999752044678
YBR059C,YNR031C,0,-4.856542,0.32301172614097595,0.9909999966621399,0.2076999992132187
YDR364C,YBL079W,0,-4.8565655,0.322906494140625,0.9909999966621399,0.2078000009059906
YDR423C,YJR091C,0,-4.8567986,0.32280129194259644,0.9909999966621399,0.2079000025987625
YJR092W,YMR218C,0,-4.856857,0.32269617915153503,0.9909999966621399,0.20800000429153442
YKL001C,YJR145C,0,-4.8568926,0.3225911557674408,0.9909999966621399,0.20810000598430634
YLR106C,YDR460W,0,-4.856946,0.32248616218566895,0.9909999966621399,0.20819999277591705
YLR361C,YBR015C,0,-4.85695,0.32238125801086426,0.9909999966621399,0.20829999446868896
YJL050W,YOL045W,0,-4.8570333,0.32227641344070435,0.9909999966621399,0.20839999616146088
YMR211W,YDR324C,0,-4.857156,0.3221716582775116,0.9909999966621399,0.2084999978542328
YDR300C,YLR386W,0,-4.857794,0.3220669627189636,0.9909999966621399,0.2085999995470047
YFR013W,YLR048W,0,-4.8579493,0.3219623267650604,0.9909999966621399,0.2087000012397766
YAR002W,YNL250W,0,-4.858082,0.321857750415802,0.9909999966621399,0.20880000293254852
YMR203W,YDL118W,0,-4.8583994,0.32175323367118835,0.9909999966621399,0.20890000462532043
YMR068W,YMR096W,0,-4.858431,0.32164880633354187,0.9909999966621399,0.20900000631809235
YKL008C,YPL121C,0,-4.8585463,0.32154443860054016,0.9909999966621399,0.20909999310970306
YBR091C,YDR244W,0,-4.8586016,0.3214401602745056,0.9909999966621399,0.20919999480247498
YGR246C,YOR216C,0,-4.8586216,0.32133594155311584,0.9909999966621399,0.2092999964952469
YJL156C,YLR126C,0,-4.8586264,0.32123175263404846,0.9909999966621399,0.2093999981880188
YBR198C,YDR470C,0,-4.858695,0.32112768292427063,0.9909999966621399,0.2094999998807907
YDR091C,YMR266W,0,-4.858921,0.3210236430168152,0.9909999966621399,0.20960000157356262
YDR339C,YPR131C,0,-4.858942,0.3209196925163269,0.9909999966621399,0.20970000326633453
YDR138W,YER111C,0,-4.858965,0.3208158016204834,0.9909999966621399,0.20980000495910645
YBL011W,YNL202W,0,-4.859209,0.32071197032928467,0.9909999966621399,0.20990000665187836
YNL332W,YJR102C,0,-4.859317,0.3206082284450531,0.9909999966621399,0.20999999344348907
YGR158C,YDL235C,0,-4.8594446,0.3205045163631439,0.9909999966621399,0.210099995136261
YCR034W,YER005W,0,-4.859509,0.3204008936882019,0.9909999966621399,0.2101999968290329
YGR010W,YDR004W,0,-4.860238,0.32029736042022705,0.9909999966621399,0.2102999985218048
YKR002W,YDR213W,0,-4.8603015,0.3201938569545746,0.9909999966621399,0.21040000021457672
YDR130C,YKL170W,0,-4.8604164,0.3200904428958893,0.9909999966621399,0.21050000190734863
YEL062W,YBR103W,0,-4.860465,0.31998708844184875,0.9909999966621399,0.21060000360012054
YDL013W,YNL227C,0,-4.860618,0.319883793592453,0.9909999966621399,0.21070000529289246
YEL061C,YIL132C,0,-4.8606925,0.3197805881500244,0.9909999966621399,0.21080000698566437
YNL245C,YGR116W,0,-4.861006,0.3196774125099182,0.9909999966621399,0.21089999377727509
YDR236C,YBR035C,0,-4.8610344,0.3195743262767792,0.9909999966621399,0.210999995470047
YMR232W,YOR025W,0,-4.8613977,0.3194712996482849,0.9909999966621399,0.2110999971628189
YBR020W,YDR205W,0,-4.8617353,0.3193683624267578,0.9909999966621399,0.21119999885559082
YDR093W,YPL019C,0,-4.862796,0.3192654550075531,0.9909999966621399,0.21130000054836273
YPR188C,YER022W,0,-4.8629045,0.31916263699531555,0.9909999966621399,0.21140000224113464
YGL251C,YGL183C,0,-4.863106,0.3190598785877228,0.9909999966621399,0.21150000393390656
YNL065W,YNL192W,0,-4.8631854,0.3189571797847748,0.9909999966621399,0.21160000562667847
YCL027W,YCR091W,0,-4.863448,0.31885457038879395,0.9909999966621399,0.21170000731945038
YFL010W-A,YMR076C,0,-4.863617,0.3187520205974579,0.9909999966621399,0.2117999941110611
YJL002C,YLR183C,0,-4.863899,0.3186495304107666,0.9909999966621399,0.211899995803833
YFL055W,YOR157C,0,-4.864061,0.3185470998287201,0.9909999966621399,0.21199999749660492
YGR166W,YOL009C,0,-4.8643026,0.31844472885131836,0.9909999966621399,0.21209999918937683
YLR293C,YFL037W,0,-4.8648567,0.3183424472808838,0.9909999966621399,0.21220000088214874
YMR112C,YER148W,0,-4.864872,0.3182401955127716,0.9909999966621399,0.21230000257492065
YNL281W,YPL124W,0,-4.8651485,0.3181380331516266,0.9909999966621399,0.21240000426769257
YML124C,YPR173C,0,-4.86518,0.31803593039512634,0.9909999966621399,0.21250000596046448
YDR283C,YNL054W,0,-4.8652134,0.31793391704559326,0.9909999966621399,0.2125999927520752
YER006W,YOR359W,0,-4.8653197,0.31783193349838257,0.9909999966621399,0.2126999944448471
YLL002W,YJR026W,1,-4.8656077,0.31805065274238586,0.9919999837875366,0.2126999944448471
YDR423C,YIL112W,0,-4.865616,0.31794872879981995,0.9919999837875366,0.21279999613761902
YFR036W,YDL039C,0,-4.865686,0.3178468346595764,0.9919999837875366,0.21289999783039093
YER073W,YJR091C,0,-4.8657393,0.31774502992630005,0.9919999837875366,0.21299999952316284
YGR089W,YEL065W,0,-4.865818,0.31764328479766846,0.9919999837875366,0.21310000121593475
YML118W,YIL037C,0,-4.866008,0.31754159927368164,0.9919999837875366,0.21320000290870667
YNL051W,YBL013W,0,-4.86607,0.317440003156662,0.9919999837875366,0.21330000460147858
YML080W,YEL037C,0,-4.8661823,0.3173384368419647,0.9919999837875366,0.2134000062942505
YMR211W,YCL024W,0,-4.8663754,0.3172369599342346,0.9919999837875366,0.2134999930858612
YKL086W,YHR167W,0,-4.8664923,0.3171355426311493,0.9919999837875366,0.21359999477863312
YHR108W,YCR071C,0,-4.866528,0.31703418493270874,0.9919999837875366,0.21369999647140503
YMR014W,YGL151W,0,-4.866683,0.31693291664123535,0.9919999837875366,0.21379999816417694
YGL226C-A,YBR186W,0,-4.866696,0.31683167815208435,0.9919999837875366,0.21389999985694885
YPL196W,YOR305W,0,-4.8672323,0.3167305290699005,0.9919999837875366,0.21400000154972076
YOR028C,YEL032W,0,-4.8677664,0.31662943959236145,0.9919999837875366,0.21410000324249268
YGL192W,YIL119C,0,-4.868004,0.31652840971946716,0.9919999837875366,0.2142000049352646
YLR195C,YBR172C,0,-4.868091,0.31642743945121765,0.9919999837875366,0.2143000066280365
YBR233W-A,YJR068W,0,-4.8681054,0.3163265287876129,0.9919999837875366,0.21439999341964722
YHR058C,YDR412W,0,-4.8681383,0.31622570753097534,0.9919999837875366,0.21449999511241913
YDR339C,YGR091W,0,-4.8683414,0.31612491607666016,0.9919999837875366,0.21459999680519104
YCL067C,YLR079W,0,-4.868438,0.31602421402931213,0.9919999837875366,0.21469999849796295
YOL144W,YPR182W,0,-4.8687735,0.3159235715866089,0.9919999837875366,0.21480000019073486
YBL020W,YOR356W,0,-4.8690124,0.3158229887485504,0.9919999837875366,0.21490000188350677
YIL128W,YNL079C,0,-4.869158,0.3157224655151367,0.9919999837875366,0.2150000035762787
YNL133C,YAL030W,0,-4.8691826,0.3156220316886902,0.9919999837875366,0.2151000052690506
YMR250W,YPL033C,0,-4.869254,0.31552162766456604,0.9919999837875366,0.2152000069618225
YOR185C,YJL141C,0,-4.8692627,0.31542131304740906,0.9919999837875366,0.21529999375343323
YDR293C,YOR110W,0,-4.869399,0.31532102823257446,0.9919999837875366,0.21539999544620514
YER056C,YER171W,0,-4.869463,0.31522083282470703,0.9919999837875366,0.21549999713897705
YBR084W,YMR101C,0,-4.8696527,0.3151206970214844,0.9919999837875366,0.21559999883174896
YHR027C,YLR386W,0,-4.8697243,0.3150206506252289,0.9919999837875366,0.21570000052452087
YDL164C,YHR098C,0,-4.869873,0.3149206340312958,0.9919999837875366,0.21580000221729279
YNL253W,YOR075W,0,-4.869934,0.31482067704200745,0.9919999837875366,0.2159000039100647
YBL098W,YGR218W,0,-4.869939,0.3147208094596863,0.9919999837875366,0.2160000056028366
YHR062C,YMR227C,0,-4.870017,0.3146210014820099,0.9919999837875366,0.21610000729560852
YPL192C,YBR253W,0,-4.870223,0.31452125310897827,0.9919999837875366,0.21619999408721924
YOR317W,YOR359W,0,-4.870262,0.31442156434059143,0.9919999837875366,0.21629999577999115
YPR057W,YCR039C,0,-4.8705473,0.31432193517684937,0.9919999837875366,0.21639999747276306
YBR258C,YGR128C,0,-4.870592,0.3142223656177521,0.9919999837875366,0.21649999916553497
YBR161W,YCL051W,0,-4.8706765,0.31412285566329956,0.9919999837875366,0.21660000085830688
YKL197C,YAL005C,0,-4.870692,0.3140234351158142,0.9919999837875366,0.2167000025510788
YKL185W,YOR014W,0,-4.870846,0.31392404437065125,0.9919999837875366,0.2168000042438507
YNL014W,YOR057W,0,-4.8710675,0.31382474303245544,0.9919999837875366,0.21690000593662262
YML031W,YDR363W-A,0,-4.871068,0.3137255012989044,0.9919999837875366,0.21699999272823334
YAR009C,YJR029W,1,-4.871189,0.31394246220588684,0.9929999709129333,0.21699999272823334
YHR075C,YDR311W,0,-4.871226,0.3138432502746582,0.9929999709129333,0.21709999442100525
YMR312W,YJR063W,0,-4.8712955,0.31374406814575195,0.9929999709129333,0.21719999611377716
YAL054C,YPL020C,0,-4.871995,0.31364497542381287,0.9929999709129333,0.21729999780654907
YPL095C,YHL002W,0,-4.872657,0.31354594230651855,0.9929999709129333,0.21739999949932098
YLL041C,YDR057W,0,-4.8726583,0.313446968793869,0.9929999709129333,0.2175000011920929
YBR085W,YAL041W,0,-4.87271,0.31334805488586426,0.9929999709129333,0.2176000028848648
YLR438C-A,YGL093W,0,-4.873108,0.3132492005825043,0.9929999709129333,0.21770000457763672
YDL102W,YIL008W,0,-4.8731117,0.31315043568611145,0.9929999709129333,0.21780000627040863
YLR314C,YJR022W,0,-4.8731556,0.313051700592041,0.9929999709129333,0.21789999306201935
YJL039C,YPL235W,0,-4.873256,0.31295305490493774,0.9929999709129333,0.21799999475479126
YGL175C,YER111C,0,-4.87337,0.31285443902015686,0.9929999709129333,0.21809999644756317
YNL065W,YGR264C,0,-4.8738904,0.31275591254234314,0.9929999709129333,0.21819999814033508
YOR025W,YPL031C,0,-4.8739085,0.3126574158668518,0.9929999709129333,0.218299999833107
YGL238W,YMR207C,0,-4.8739285,0.31255900859832764,0.9929999709129333,0.2184000015258789
YGL075C,YDR043C,0,-4.8739986,0.31246066093444824,0.9929999709129333,0.21850000321865082
YKR009C,YDR082W,0,-4.8741903,0.3123623728752136,0.9929999709129333,0.21860000491142273
YDL101C,YIL002C,0,-4.8742037,0.3122641444206238,0.9929999709129333,0.21870000660419464
YBR091C,YNL332W,0,-4.8743086,0.3121659755706787,0.9929999709129333,0.21879999339580536
YER002W,YDR075W,0,-4.8743286,0.3120678961277008,0.9929999709129333,0.21889999508857727
YBR272C,YCR106W,0,-4.8749037,0.3119698464870453,0.9929999709129333,0.21899999678134918
YNL129W,YOR076C,0,-4.874991,0.31187185645103455,0.9929999709129333,0.2190999984741211
YBL033C,YNL213C,0,-4.8750563,0.3117739260196686,0.9929999709129333,0.219200000166893
YDR178W,YGR046W,0,-4.875587,0.3116760849952698,0.9929999709129333,0.21930000185966492
YMR246W,YPL235W,0,-4.8757763,0.31157827377319336,0.9929999709129333,0.21940000355243683
YBR091C,YOL093W,0,-4.875799,0.3114805519580841,0.9929999709129333,0.21950000524520874
YLR103C,YDR023W,0,-4.8759556,0.31138288974761963,0.9929999709129333,0.21960000693798065
YPR162C,YEL020W-A,0,-4.8759885,0.31128525733947754,0.9929999709129333,0.21969999372959137
YFR001W,YNL088W,0,-4.875992,0.3111877143383026,0.9929999709129333,0.21979999542236328
YDR091C,YNL045W,0,-4.876011,0.31109023094177246,0.9929999709129333,0.2198999971151352
YNR075W,YDR394W,0,-4.876019,0.3109928071498871,0.9929999709129333,0.2199999988079071
YGL151W,YOL061W,0,-4.8760996,0.3108954429626465,0.9929999709129333,0.22010000050067902
YIR012W,YAL011W,0,-4.8761654,0.31079810857772827,0.9929999709129333,0.22020000219345093
YDR337W,YMR218C,0,-4.8762665,0.3107008635997772,0.9929999709129333,0.22030000388622284
YGR004W,YMR243C,0,-4.876316,0.31060367822647095,0.9929999709129333,0.22040000557899475
YBL097W,YJL011C,0,-4.876475,0.31050655245780945,0.9929999709129333,0.22050000727176666
YGR247W,YBL032W,0,-4.876706,0.3104095160961151,0.9929999709129333,0.22059999406337738
YKR001C,YLR337C,0,-4.876707,0.31031250953674316,0.9929999709129333,0.2206999957561493
YPL011C,YLR337C,0,-4.876794,0.310215562582016,0.9929999709129333,0.2207999974489212
YDR495C,YDR306C,0,-4.8769093,0.3101186752319336,0.9929999709129333,0.22089999914169312
YLR155C,YDR078C,0,-4.877027,0.31002184748649597,0.9929999709129333,0.22100000083446503
YDR216W,YDR515W,0,-4.8771086,0.3099250793457031,0.9929999709129333,0.22110000252723694
YHR171W,YDR323C,0,-4.877151,0.30982840061187744,0.9929999709129333,0.22120000422000885
YER036C,YHR061C,0,-4.877198,0.30973175168037415,0.9929999709129333,0.22130000591278076
YBL097W,YGR257C,0,-4.8772283,0.3096351623535156,0.9929999709129333,0.22139999270439148
YGR036C,YLR116W,0,-4.877234,0.30953866243362427,0.9929999709129333,0.2214999943971634
YBL071W-A,YGR112W,0,-4.8773084,0.3094421923160553,0.9929999709129333,0.2215999960899353
YMR004W,YHR135C,0,-4.877493,0.3093457818031311,0.9929999709129333,0.22169999778270721
YOL008W,YJR070C,0,-4.8775544,0.3092494606971741,0.9929999709129333,0.22179999947547913
YDR320C-A,YPR154W,0,-4.8775578,0.30915316939353943,0.9929999709129333,0.22190000116825104
YJR089W,YGL073W,0,-4.8776426,0.30905696749687195,0.9929999709129333,0.22200000286102295
YNR032C-A,YBL106C,0,-4.877732,0.30896079540252686,0.9929999709129333,0.22210000455379486
YPR021C,YNL233W,0,-4.877836,0.30886468291282654,0.9929999709129333,0.22220000624656677
YJR042W,YOR259C,0,-4.8778625,0.3087686598300934,0.9929999709129333,0.2222999930381775
YLR207W,YNR006W,0,-4.8778677,0.3086726665496826,0.9929999709129333,0.2223999947309494
YJL020C,YMR322C,0,-4.877946,0.308576762676239,0.9929999709129333,0.2224999964237213
YCR091W,YOR008C,0,-4.878033,0.3084808886051178,0.9929999709129333,0.22259999811649323
YMR299C,YGR020C,0,-4.8780336,0.30838510394096375,0.9929999709129333,0.22269999980926514
YPR029C,YNL323W,0,-4.878047,0.3082893490791321,0.9929999709129333,0.22280000150203705
YCR094W,YLR222C,0,-4.87813,0.3081936538219452,0.9929999709129333,0.22290000319480896
YIR017C,YLR240W,0,-4.8781443,0.30809804797172546,0.9929999709129333,0.22300000488758087
YNL110C,YBR198C,0,-4.878171,0.3080024719238281,0.9929999709129333,0.22310000658035278
YGR206W,YDR202C,0,-4.878177,0.30790698528289795,0.9929999709129333,0.2231999933719635
YJR002W,YGL092W,0,-4.878263,0.30781152844429016,0.9929999709129333,0.2232999950647354
YGL178W,YPL214C,0,-4.8785686,0.30771613121032715,0.9929999709129333,0.22339999675750732
YCR094W,YAL068C,0,-4.8789697,0.3076208233833313,0.9929999709129333,0.22349999845027924
YLR229C,YHR108W,0,-4.8790646,0.30752554535865784,0.9929999709129333,0.22360000014305115
YML013W,YDR259C,0,-4.879129,0.30743032693862915,0.9929999709129333,0.22370000183582306
YGL245W,YLR039C,0,-4.879223,0.3073351979255676,0.9929999709129333,0.22380000352859497
YNL164C,YDR409W,0,-4.879388,0.3072400987148285,0.9929999709129333,0.22390000522136688
YPL001W,YLR034C,0,-4.8795414,0.30714505910873413,0.9929999709129333,0.2240000069141388
YKL086W,YGR296W,0,-4.8795676,0.30705007910728455,0.9929999709129333,0.2240999937057495
YOR351C,YPR041W,0,-4.87987,0.3069551885128021,0.9929999709129333,0.22419999539852142
YBL098W,YLL050C,0,-4.879933,0.3068603277206421,0.9929999709129333,0.22429999709129333
YIL009C-A,YGR180C,0,-4.880133,0.30676552653312683,0.9929999709129333,0.22439999878406525
YDL031W,YDR211W,0,-4.8802075,0.30667078495025635,0.9929999709129333,0.22450000047683716
YBR114W,YBR030W,0,-4.880699,0.30657610297203064,0.9929999709129333,0.22460000216960907
YDL074C,YDR143C,0,-4.880997,0.3064814805984497,0.9929999709129333,0.22470000386238098
YPR068C,YPL176C,0,-4.881409,0.30638691782951355,0.9929999709129333,0.2248000055551529
YPL177C,YJR127C,0,-4.881488,0.30629241466522217,0.9929999709129333,0.2249000072479248
YDR202C,YCR083W,0,-4.8816385,0.30619797110557556,0.9929999709129333,0.22499999403953552
YGL116W,YGR186W,0,-4.8817554,0.30610358715057373,0.9929999709129333,0.22509999573230743
YOR005C,YHR092C,0,-4.8819284,0.3060092329978943,0.9929999709129333,0.22519999742507935
YLR233C,YJR021C,0,-4.8820267,0.305914968252182,0.9929999709129333,0.22529999911785126
YNL259C,YEL024W,0,-4.8821216,0.3058207631111145,0.9929999709129333,0.22540000081062317
YDR075W,YPL144W,0,-4.88252,0.3057265877723694,0.9929999709129333,0.22550000250339508
YHR042W,YNL163C,0,-4.882704,0.30563250184059143,0.9929999709129333,0.225600004196167
YMR212C,YDL166C,0,-4.8827915,0.30553847551345825,0.9929999709129333,0.2257000058889389
YMR220W,YPL231W,0,-4.882806,0.30544447898864746,0.9929999709129333,0.22579999268054962
YCR106W,YKL212W,0,-4.882914,0.30535054206848145,0.9929999709129333,0.22589999437332153
YLR092W,YGL039W,0,-4.8829947,0.3052566945552826,0.9929999709129333,0.22599999606609344
YJL173C,YDL058W,0,-4.883034,0.30516287684440613,0.9929999709129333,0.22609999775886536
YAL058W,YER088C,0,-4.8830595,0.30506911873817444,0.9929999709129333,0.22619999945163727
YLR438C-A,YLR430W,0,-4.8830624,0.3049754202365875,0.9929999709129333,0.22630000114440918
YOR206W,YML055W,0,-4.883087,0.3048817813396454,0.9929999709129333,0.2264000028371811
YOR211C,YLR138W,0,-4.88316,0.304788202047348,0.9929999709129333,0.226500004529953
YOR279C,YGL244W,0,-4.8832073,0.30469468235969543,0.9929999709129333,0.22660000622272491
YOL009C,YDR213W,0,-4.8835163,0.3046012222766876,0.9929999709129333,0.22669999301433563
YKL190W,YML104C,0,-4.8835635,0.3045078217983246,0.9929999709129333,0.22679999470710754
YNL232W,YLR172C,0,-4.883582,0.3044144809246063,0.9929999709129333,0.22689999639987946
YER045C,YDR004W,0,-4.883623,0.30432116985321045,0.9929999709129333,0.22699999809265137
YOR244W,YDR200C,0,-4.8837233,0.30422794818878174,0.9929999709129333,0.22709999978542328
YPL022W,YJL145W,0,-4.883937,0.3041347563266754,0.9929999709129333,0.2272000014781952
YMR153W,YOL121C,0,-4.884142,0.30404165387153625,0.9929999709129333,0.2273000031709671
YGL054C,YNL151C,0,-4.8843956,0.3039485812187195,0.9929999709129333,0.227400004863739
YBR169C,YDR320C,0,-4.8844337,0.3038555681705475,0.9929999709129333,0.22750000655651093
YMR299C,YKR025W,0,-4.884453,0.30376261472702026,0.9929999709129333,0.22759999334812164
YKL048C,YMR247C,0,-4.8845162,0.3036697208881378,0.9929999709129333,0.22769999504089355
YPR137W,YKR008W,0,-4.8848095,0.30357688665390015,0.9929999709129333,0.22779999673366547
YDR184C,YLR363C,0,-4.8849697,0.30348411202430725,0.9929999709129333,0.22789999842643738
YPL008W,YMR004W,0,-4.88519,0.30339139699935913,0.9929999709129333,0.2280000001192093
YKL205W,YGL067W,0,-4.88519,0.3032987117767334,0.9929999709129333,0.2281000018119812
YNL078W,YGR144W,0,-4.885252,0.30320611596107483,0.9929999709129333,0.2282000035047531
YLR451W,YPL124W,0,-4.8853493,0.30311354994773865,0.9929999709129333,0.22830000519752502
YLR071C,YKL214C,0,-4.8854036,0.30302104353904724,0.9929999709129333,0.22840000689029694
YNL102W,YKL070W,0,-4.885451,0.302928626537323,0.9929999709129333,0.22849999368190765
YEL071W,YOR237W,0,-4.885649,0.30283623933792114,0.9929999709129333,0.22859999537467957
YLL061W,YCR044C,0,-4.8859644,0.30274391174316406,0.9929999709129333,0.22869999706745148
YGL067W,YDR027C,0,-4.886183,0.30265164375305176,0.9929999709129333,0.2287999987602234
YIR006C,YOR117W,0,-4.8863373,0.30255940556526184,0.9929999709129333,0.2289000004529953
YJR103W,YFL004W,0,-4.8864274,0.3024672567844391,0.9929999709129333,0.2290000021457672
YJR097W,YNL250W,0,-4.88657,0.3023751378059387,0.9929999709129333,0.22910000383853912
YJL204C,YLR337C,0,-4.8867483,0.3022831082344055,0.9929999709129333,0.22920000553131104
YBR280C,YJR156C,0,-4.88681,0.3021911084651947,0.9929999709129333,0.22930000722408295
YKL081W,YDR131C,0,-4.886874,0.30209916830062866,0.9929999709129333,0.22939999401569366
YPL049C,YGR252W,0,-4.8869333,0.3020072877407074,0.9929999709129333,0.22949999570846558
YLR361C,YCR042C,0,-4.887004,0.3019154667854309,0.9929999709129333,0.2295999974012375
YHR072W,YKL084W,0,-4.887051,0.3018237054347992,0.9929999709129333,0.2296999990940094
YIL002C,YDR527W,0,-4.88717,0.30173200368881226,0.9929999709129333,0.2298000007867813
YOL164W,YIL035C,0,-4.887491,0.3016403317451477,0.9929999709129333,0.22990000247955322
YJR001W,YIL010W,0,-4.88765,0.3015487492084503,0.9929999709129333,0.23000000417232513
YKL205W,YMR016C,0,-4.887665,0.3014571964740753,0.9929999709129333,0.23010000586509705
YKL185W,YHL034C,0,-4.8876877,0.3013657033443451,0.9929999709129333,0.23019999265670776
YBR121C,YDL051W,0,-4.8881726,0.30127426981925964,0.9929999709129333,0.23029999434947968
YER073W,YAL043C,0,-4.888198,0.30118289589881897,0.9929999709129333,0.2303999960422516
YAL026C,YGL241W,0,-4.8884525,0.30109158158302307,0.9929999709129333,0.2304999977350235
YOR057W,YDR409W,0,-4.88846,0.30100029706954956,0.9929999709129333,0.2305999994277954
YOR211C,YOR157C,0,-4.8885036,0.3009091019630432,0.9929999709129333,0.23070000112056732
YLL026W,YDL005C,0,-4.888877,0.30081793665885925,0.9929999709129333,0.23080000281333923
YLR175W,YLR020C,0,-4.888932,0.30072683095932007,0.9929999709129333,0.23090000450611115
YGR217W,YGR157W,0,-4.8889856,0.30063578486442566,0.9929999709129333,0.23100000619888306
YPL231W,YKL148C,0,-4.88902,0.300544798374176,0.9929999709129333,0.23109999299049377
YIR015W,YDL130W-A,0,-4.889059,0.30045387148857117,0.9929999709129333,0.23119999468326569
YHR166C,YOL148C,0,-4.88906,0.3003629744052887,0.9929999709129333,0.2312999963760376
YGR004W,YPR186C,0,-4.889202,0.300272136926651,0.9929999709129333,0.2313999980688095
YBR158W,YLR228C,0,-4.889307,0.30018138885498047,0.9929999709129333,0.23149999976158142
YDL004W,YDL118W,0,-4.8893123,0.3000906705856323,0.9929999709129333,0.23160000145435333
YFL048C,YGR007W,0,-4.88951,0.30000001192092896,0.9929999709129333,0.23170000314712524
YBL030C,YDR369C,0,-4.889617,0.299909383058548,0.9929999709129333,0.23180000483989716
YDL098C,YMR134W,0,-4.8896265,0.29981884360313416,0.9929999709129333,0.23190000653266907
YER183C,YPR162C,0,-4.889662,0.2997283339500427,0.9929999709129333,0.23199999332427979
YKR003W,YJL141C,0,-4.889838,0.29963791370391846,0.9929999709129333,0.2320999950170517
YBL099W,YJR141W,0,-4.890253,0.2995475232601166,0.9929999709129333,0.2321999967098236
YIL044C,YPR190C,0,-4.8904533,0.2994571626186371,0.9929999709129333,0.23229999840259552
YPL161C,YDR317W,0,-4.8905544,0.29936689138412476,0.9929999709129333,0.23240000009536743
YBL084C,YOR359W,0,-4.890627,0.2992766797542572,0.9929999709129333,0.23250000178813934
YPR120C,YFL004W,0,-4.8906736,0.29918649792671204,0.9929999709129333,0.23260000348091125
YPL078C,YOR298C-A,0,-4.8907084,0.29909637570381165,0.9929999709129333,0.23270000517368317
YNL004W,YNL129W,0,-4.890738,0.29900631308555603,0.9929999709129333,0.23280000686645508
YMR305C,YDR356W,0,-4.890915,0.2989163100719452,0.9929999709129333,0.2328999936580658
YPL124W,YBR162C,0,-4.8909464,0.2988263666629791,0.9929999709129333,0.2329999953508377
YKL172W,YBL103C,0,-4.8913126,0.29873645305633545,0.9929999709129333,0.23309999704360962
YOL077W-A,YHL002W,0,-4.8913326,0.29864662885665894,0.9929999709129333,0.23319999873638153
YLR170C,YER038C,0,-4.891589,0.2985568344593048,0.9929999709129333,0.23330000042915344
YPL095C,YLR163C,0,-4.8916764,0.29846709966659546,0.9929999709129333,0.23340000212192535
YER172C,YLR145W,0,-4.891772,0.2983773946762085,0.9929999709129333,0.23350000381469727
YPR008W,YPL006W,0,-4.891839,0.2982877790927887,0.9929999709129333,0.23360000550746918
YPL095C,YJR103W,0,-4.891858,0.2981981933116913,0.9929999709129333,0.2337000072002411
YFR048W,YGL175C,0,-4.892005,0.29810866713523865,0.9929999709129333,0.2337999939918518
YDR490C,YJL173C,0,-4.892108,0.2980192005634308,0.9929999709129333,0.23389999568462372
YGL163C,YGL243W,0,-4.8921404,0.2979297935962677,0.9929999709129333,0.23399999737739563
YGR166W,YDL051W,0,-4.892395,0.2978404462337494,0.9929999709129333,0.23409999907016754
YAL034W-A,YGR281W,0,-4.8924246,0.29775112867355347,0.9929999709129333,0.23420000076293945
YGR230W,YPL093W,0,-4.8924932,0.2976618707180023,0.9929999709129333,0.23430000245571136
YNR035C,YOR185C,0,-4.8925605,0.29757267236709595,0.9929999709129333,0.23440000414848328
YLR233C,YOR178C,0,-4.8927393,0.29748353362083435,0.9929999709129333,0.2345000058412552
YOR204W,YNL327W,0,-4.892776,0.29739442467689514,0.9929999709129333,0.2345999926328659
YNL166C,YML062C,0,-4.892888,0.2973053753376007,0.9929999709129333,0.23469999432563782
YOR140W,YJL141C,0,-4.89293,0.29721641540527344,0.9929999709129333,0.23479999601840973
YLR442C,YNL273W,0,-4.8932514,0.29712745547294617,0.9929999709129333,0.23489999771118164
YIL072W,YFL005W,0,-4.8932867,0.29703858494758606,0.9929999709129333,0.23499999940395355
YMR055C,YOR332W,0,-4.8933134,0.2969497740268707,0.9929999709129333,0.23510000109672546
YLR265C,YGR169C,0,-4.8933134,0.2968609929084778,0.9929999709129333,0.23520000278949738
YEL042W,YDL044C,0,-4.893654,0.2967722713947296,0.9929999709129333,0.2353000044822693
YOR298C-A,YFL008W,0,-4.8936625,0.2966836094856262,0.9929999709129333,0.2354000061750412
YNL182C,YGL145W,0,-4.893729,0.2965949773788452,0.9929999709129333,0.23549999296665192
YBR158W,YOR267C,0,-4.893814,0.29650643467903137,0.9929999709129333,0.23559999465942383
YER117W,YOR076C,0,-4.893935,0.2964179217815399,0.9929999709129333,0.23569999635219574
YJL198W,YPL253C,0,-4.893955,0.29632946848869324,0.9929999709129333,0.23579999804496765
YLR117C,YKL038W,0,-4.893966,0.29624104499816895,0.9929999709129333,0.23589999973773956
YGR252W,YDL090C,0,-4.893976,0.2961527109146118,0.9929999709129333,0.23600000143051147
YMR246W,YNL323W,0,-4.893981,0.2960644066333771,0.9929999709129333,0.2361000031232834
YKL001C,YDR244W,0,-4.8941813,0.2959761619567871,0.9929999709129333,0.2362000048160553
YLR429W,YHL009C,0,-4.8941984,0.29588794708251953,0.9929999709129333,0.2363000065088272
YNL323W,YNR026C,0,-4.8942957,0.2957998216152191,0.9929999709129333,0.23639999330043793
YDL017W,YEL018W,0,-4.894655,0.2957117259502411,0.9929999709129333,0.23649999499320984
YJL003W,YMR089C,0,-4.8947334,0.29562368988990784,0.9929999709129333,0.23659999668598175
YOR288C,YNL047C,0,-4.8948507,0.29553571343421936,0.9929999709129333,0.23669999837875366
YGL094C,YDR312W,0,-4.8949347,0.29544779658317566,0.9929999709129333,0.23680000007152557
YCR026C,YDR238C,0,-4.895007,0.29535990953445435,0.9929999709129333,0.23690000176429749
YGR278W,YAL025C,0,-4.895271,0.2952720820903778,0.9929999709129333,0.2370000034570694
YJR104C,YMR302C,0,-4.895554,0.29518431425094604,0.9929999709129333,0.2371000051498413
YBR186W,YGR281W,0,-4.895702,0.29509657621383667,0.9929999709129333,0.23720000684261322
YDR409W,YDL229W,0,-4.895879,0.29500889778137207,0.9929999709129333,0.23729999363422394
YGR159C,YML043C,0,-4.895896,0.29492130875587463,0.9929999709129333,0.23739999532699585
YJR022W,YGR206W,0,-4.89595,0.2948337197303772,0.9929999709129333,0.23749999701976776
YDR069C,YPR138C,0,-4.8965797,0.2947462201118469,0.9929999709129333,0.23759999871253967
YOR211C,YJR102C,0,-4.896676,0.29465875029563904,0.9929999709129333,0.23770000040531158
YOR080W,YHR061C,0,-4.8968105,0.2945713400840759,0.9929999709129333,0.2378000020980835
YDR236C,YBR212W,0,-4.896815,0.2944839894771576,0.9929999709129333,0.2379000037908554
YDR195W,YHR006W,0,-4.897025,0.29439666867256165,0.9929999709129333,0.23800000548362732
YKL172W,YBR040W,0,-4.897208,0.29430943727493286,0.9929999709129333,0.23810000717639923
YMR173W,YLL003W,0,-4.897255,0.29422223567962646,0.9929999709129333,0.23819999396800995
YPL271W,YGL249W,0,-4.8974648,0.29413506388664246,0.9929999709129333,0.23829999566078186
YPR121W,YMR089C,0,-4.8981934,0.2940479815006256,0.9929999709129333,0.23839999735355377
YMR301C,YBL032W,0,-4.8982935,0.29396092891693115,0.9929999709129333,0.23849999904632568
YPL135W,YOL138C,0,-4.8988676,0.29387393593788147,0.9929999709129333,0.2386000007390976
YJR156C,YJL048C,0,-4.898924,0.2937869727611542,0.9929999709129333,0.2387000024318695
YLR362W,YOL138C,0,-4.8989606,0.29370009899139404,0.9929999709129333,0.23880000412464142
YDR363W,YJL033W,0,-4.899112,0.2936132550239563,0.9929999709129333,0.23890000581741333
YAL033W,YDR076W,0,-4.899127,0.29352647066116333,0.9929999709129333,0.23899999260902405
YML124C,YOL028C,0,-4.899355,0.29343971610069275,0.9929999709129333,0.23909999430179596
YGR113W,YMR211W,0,-4.8995066,0.29335302114486694,0.9929999709129333,0.23919999599456787
YER146W,YPL121C,0,-4.9000173,0.2932663857936859,0.9929999709129333,0.23929999768733978
YGR004W,YBL020W,0,-4.9000463,0.29317981004714966,0.9929999709129333,0.2393999993801117
YAL024C,YOL039W,0,-4.900263,0.2930932641029358,0.9929999709129333,0.2395000010728836
YPR030W,YKL029C,0,-4.9007945,0.2930067777633667,0.9929999709129333,0.23960000276565552
YBL032W,YJR097W,0,-4.9009895,0.2929203510284424,0.9929999709129333,0.23970000445842743
YLR276C,YJL201W,0,-4.901011,0.29283398389816284,0.9929999709129333,0.23980000615119934
YBR008C,YDR143C,0,-4.901121,0.2927476465702057,0.9929999709129333,0.23989999294281006
YIL035C,YMR137C,0,-4.901284,0.2926613688468933,0.9929999709129333,0.23999999463558197
YJL081C,YLR346C,0,-4.9013777,0.2925751209259033,0.9929999709129333,0.24009999632835388
YEL065W,YPL045W,0,-4.9016542,0.2924889624118805,0.9929999709129333,0.2401999980211258
YBR118W,YDR285W,0,-4.9016757,0.29240283370018005,0.9929999709129333,0.2402999997138977
YIL004C,YER006W,0,-4.9016833,0.2923167645931244,0.9929999709129333,0.24040000140666962
YGL174W,YPL155C,0,-4.90171,0.2922307252883911,0.9929999709129333,0.24050000309944153
YNR072W,YDL208W,0,-4.9017525,0.2921447455883026,0.9929999709129333,0.24060000479221344
YNR054C,YBR142W,0,-4.9017835,0.2920588254928589,0.9929999709129333,0.24070000648498535
YLR226W,YDR208W,0,-4.9021025,0.29197293519973755,0.9929999709129333,0.24079999327659607
YPR124W,YGR200C,0,-4.9021416,0.2918871343135834,0.9929999709129333,0.24089999496936798
YDL140C,YKL212W,0,-4.902357,0.2918013632297516,0.9929999709129333,0.2409999966621399
YOL101C,YGR090W,0,-4.9028654,0.2917156219482422,0.9929999709129333,0.2410999983549118
YDR517W,YHR092C,0,-4.9030943,0.29162997007369995,0.9929999709129333,0.24120000004768372
YHR065C,YBR258C,0,-4.903162,0.2915443480014801,0.9929999709129333,0.24130000174045563
YER042W,YGL205W,0,-4.903199,0.29145875573158264,0.9929999709129333,0.24140000343322754
YKL081W,YGR181W,0,-4.9032893,0.29137325286865234,0.9929999709129333,0.24150000512599945
YGR217W,YHR167W,0,-4.903306,0.29128777980804443,0.9929999709129333,0.24160000681877136
YOL063C,YMR089C,0,-4.903342,0.2912023365497589,0.9929999709129333,0.24169999361038208
YDR108W,YJR140C,0,-4.903364,0.29111698269844055,0.9929999709129333,0.241799995303154
YCR037C,YCR024C-A,0,-4.9034576,0.2910316586494446,0.9929999709129333,0.2418999969959259
YGL192W,YPL092W,0,-4.9034576,0.2909463942050934,0.9929999709129333,0.24199999868869781
YDR175C,YJL054W,0,-4.9035397,0.2908611595630646,0.9929999709129333,0.24210000038146973
YOL059W,YJL012C,0,-4.903799,0.29077598452568054,0.9929999709129333,0.24220000207424164
YOR267C,YDL115C,0,-4.903879,0.2906908690929413,0.9929999709129333,0.24230000376701355
YJR127C,YIL135C,0,-4.903986,0.2906057834625244,0.9929999709129333,0.24240000545978546
YBR179C,YOL095C,0,-4.904228,0.2905207872390747,0.9929999709129333,0.24250000715255737
YGL043W,YNL088W,0,-4.9043922,0.290435791015625,0.9929999709129333,0.2425999939441681
YBL097W,YPR139C,0,-4.904524,0.29035088419914246,0.9929999709129333,0.24269999563694
YDR297W,YLR346C,0,-4.9046545,0.2902660071849823,0.9929999709129333,0.24279999732971191
YGL173C,YER147C,0,-4.904757,0.2901811897754669,0.9929999709129333,0.24289999902248383
YOL008W,YGL030W,0,-4.9047766,0.2900964021682739,0.9929999709129333,0.24300000071525574
YPR119W,YMR220W,0,-4.904791,0.2900116741657257,0.9929999709129333,0.24310000240802765
YLR154C,YKR053C,0,-4.9048495,0.28992700576782227,0.9929999709129333,0.24320000410079956
YAL038W,YER044C-A,0,-4.904851,0.2898423671722412,0.9929999709129333,0.24330000579357147
YGL017W,YJL053W,0,-4.905128,0.2897578179836273,0.9929999709129333,0.2433999925851822
YMR015C,YGR172C,0,-4.9052134,0.2896732687950134,0.9929999709129333,0.2434999942779541
YBR121C,YGL168W,0,-4.9052377,0.2895888090133667,0.9929999709129333,0.243599995970726
YGL136C,YGR251W,0,-4.90542,0.28950437903404236,0.9929999709129333,0.24369999766349792
YCR088W,YHR061C,0,-4.9055724,0.2894200086593628,0.9929999709129333,0.24379999935626984
YNL188W,YNL078W,0,-4.9055767,0.2893356680870056,0.9929999709129333,0.24390000104904175
YIL167W,YBR030W,0,-4.9057713,0.2892513871192932,0.9929999709129333,0.24400000274181366
YCR082W,YLR411W,0,-4.906025,0.2891671657562256,0.9929999709129333,0.24410000443458557
YLR309C,YDR279W,0,-4.9061146,0.28908297419548035,0.9929999709129333,0.24420000612735748
YML104C,YBR106W,0,-4.9061227,0.2889988422393799,0.9929999709129333,0.2442999929189682
YLR319C,YIR022W,0,-4.906266,0.2889147400856018,0.9929999709129333,0.2443999946117401
YHR143W,YPL175W,0,-4.9062767,0.2888307273387909,0.9929999709129333,0.24449999630451202
YNL327W,YLR321C,0,-4.906383,0.28874671459198,0.9929999709129333,0.24459999799728394
YBL078C,YER062C,0,-4.9067335,0.28866279125213623,0.9929999709129333,0.24469999969005585
YBL013W,YOR057W,0,-4.9067802,0.28857889771461487,0.9929999709129333,0.24480000138282776
YOR046C,YOR004W,0,-4.906786,0.2884950637817383,0.9929999709129333,0.24490000307559967
YKL182W,YKL085W,0,-4.906875,0.2884112596511841,0.9929999709129333,0.24500000476837158
YPL202C,YML065W,0,-4.9069376,0.28832751512527466,0.9929999709129333,0.2451000064611435
YIL037C,YER148W,0,-4.9070654,0.28824383020401,0.9929999709129333,0.2451999932527542
YMR224C,YBR081C,0,-4.9072127,0.28816017508506775,0.9929999709129333,0.24529999494552612
YMR290C,YEL017C-A,0,-4.907269,0.28807657957077026,0.9929999709129333,0.24539999663829803
YNL164C,YGL055W,0,-4.907304,0.28799304366111755,0.9929999709129333,0.24549999833106995
YGR159C,YAL068C,0,-4.9073577,0.28790953755378723,0.9929999709129333,0.24560000002384186
YPL202C,YOL077C,0,-4.907446,0.2878260910511017,0.9929999709129333,0.24570000171661377
YDR180W,YPL210C,0,-4.9077053,0.2877426743507385,0.9929999709129333,0.24580000340938568
YLL031C,YDL077C,0,-4.9077654,0.28765931725502014,0.9929999709129333,0.2459000051021576
YNL251C,YKL055C,0,-4.9078407,0.28757601976394653,0.9929999709129333,0.2460000067949295
YAL054C,YMR186W,0,-4.907855,0.2874927520751953,0.9929999709129333,0.24609999358654022
YBL084C,YBL080C,0,-4.908004,0.28740954399108887,0.9929999709129333,0.24619999527931213
YLR313C,YNL045W,0,-4.90804,0.2873263955116272,0.9929999709129333,0.24629999697208405
YER111C,YPR036W,0,-4.908128,0.2872432768344879,0.9929999709129333,0.24639999866485596
YIL106W,YKL108W,0,-4.9082193,0.2871602177619934,0.9929999709129333,0.24650000035762787
YBR297W,YHR124W,0,-4.9085994,0.2870771884918213,0.9929999709129333,0.24660000205039978
YFL055W,YOL109W,0,-4.9089046,0.28699421882629395,0.9929999709129333,0.2467000037431717
YPL140C,YGL095C,0,-4.909003,0.2869113087654114,0.9929999709129333,0.2468000054359436
YLR328W,YGR128C,0,-4.9091287,0.2868284285068512,0.9929999709129333,0.24690000712871552
YLR127C,YKL011C,0,-4.909184,0.2867456078529358,0.9929999709129333,0.24699999392032623
YJL090C,YGL075C,0,-4.90919,0.2866628170013428,0.9929999709129333,0.24709999561309814
YPR138C,YJR046W,0,-4.9092,0.28658008575439453,0.9929999709129333,0.24719999730587006
YLR310C,YEL022W,0,-4.9094114,0.28649741411209106,0.9929999709129333,0.24729999899864197
YHR005C,YIR021W,0,-4.9094944,0.28641477227211,0.9929999709129333,0.24740000069141388
YOR204W,YER005W,0,-4.9095845,0.2863321900367737,0.9929999709129333,0.2475000023841858
YML104C,YOR232W,0,-4.90959,0.28624963760375977,0.9929999709129333,0.2476000040769577
YPL163C,YDL058W,0,-4.9096317,0.2861671447753906,0.9929999709129333,0.24770000576972961
YBR295W,YDR388W,0,-4.909714,0.28608471155166626,0.9929999709129333,0.24779999256134033
YER014C-A,YDL159W,0,-4.9098253,0.2860023081302643,0.9929999709129333,0.24789999425411224
YPL043W,YER093C,0,-4.9099293,0.2859199643135071,0.9929999709129333,0.24799999594688416
YMR225C,YBR118W,0,-4.909959,0.28583765029907227,0.9929999709129333,0.24809999763965607
YGL244W,YPL234C,0,-4.910016,0.2857553958892822,0.9929999709129333,0.24819999933242798
YMR312W,YHR090C,0,-4.910138,0.28567320108413696,0.9929999709129333,0.2483000010251999
YDR046C,YMR117C,0,-4.910266,0.2855910360813141,0.9929999709129333,0.2484000027179718
YML052W,YML041C,0,-4.9105144,0.2855089008808136,0.9929999709129333,0.2485000044107437
YDR434W,YNR043W,0,-4.910655,0.2854268550872803,0.9929999709129333,0.24860000610351562
YBR169C,YDR457W,0,-4.910656,0.28534483909606934,0.9929999709129333,0.24869999289512634
YDL181W,YLR023C,0,-4.9107847,0.2852628529071808,0.9929999709129333,0.24879999458789825
YGR257C,YDR131C,0,-4.9111085,0.285180926322937,0.9929999709129333,0.24889999628067017
YGL012W,YJR135W-A,0,-4.9111395,0.285099059343338,0.9929999709129333,0.24899999797344208
YJR143C,YBR216C,0,-4.91131,0.2850172221660614,0.9929999709129333,0.249099999666214
YKL055C,YLR360W,0,-4.911742,0.28493544459342957,0.9929999709129333,0.2492000013589859
YDR141C,YLR067C,0,-4.911892,0.2848536968231201,0.9929999709129333,0.2493000030517578
YDR437W,YGR191W,0,-4.9119015,0.28477200865745544,0.9929999709129333,0.24940000474452972
YOR023C,YIR018W,0,-4.9119473,0.28469038009643555,0.9929999709129333,0.24950000643730164
YMR173W,YLL041C,0,-4.912051,0.28460878133773804,0.9929999709129333,0.24959999322891235
YNR032C-A,YMR096W,0,-4.912653,0.2845272123813629,0.9929999709129333,0.24969999492168427
YFL024C,YLR467W,0,-4.912675,0.28444570302963257,0.9929999709129333,0.24979999661445618
YIL019W,YER041W,0,-4.912779,0.284364253282547,0.9929999709129333,0.2498999983072281
YKL172W,YDR062W,0,-4.912836,0.2842828631401062,0.9929999709129333,0.25
YBR207W,YMR060C,0,-4.913066,0.2842015027999878,0.9929999709129333,0.2500999867916107
YBL047C,YHR094C,0,-4.9137926,0.2841201722621918,0.9929999709129333,0.2502000033855438
YDR295C,YGR075C,0,-4.9138517,0.2840389013290405,0.9929999709129333,0.25029999017715454
YGL219C,YMR137C,0,-4.914331,0.28395769000053406,0.9929999709129333,0.25040000677108765
YGR264C,YLR234W,0,-4.914361,0.28387650847435,0.9929999709129333,0.25049999356269836
YPL121C,YBR152W,0,-4.9146285,0.2837953567504883,0.9929999709129333,0.25060001015663147
YIL065C,YDL035C,0,-4.9146757,0.28371429443359375,0.9929999709129333,0.2506999969482422
YHR019C,YLL017W,0,-4.91479,0.2836332619190216,0.9929999709129333,0.2508000135421753
YGL168W,YDR503C,0,-4.915212,0.28355225920677185,0.9929999709129333,0.250900000333786
YHR061C,YHR050W,0,-4.9152164,0.28347131609916687,0.9929999709129333,0.25099998712539673
YMR237W,YNL250W,0,-4.915345,0.2833904027938843,0.9929999709129333,0.25110000371932983
YMR220W,YNR013C,0,-4.915606,0.28330954909324646,0.9929999709129333,0.25119999051094055
YHR107C,YOL135C,0,-4.9156766,0.2832287549972534,0.9929999709129333,0.25130000710487366
YOR058C,YNL074C,0,-4.915733,0.28314799070358276,0.9929999709129333,0.2513999938964844
YPR189W,YBR123C,0,-4.915743,0.2830672860145569,0.9929999709129333,0.2515000104904175
YBR278W,YDR138W,0,-4.9157543,0.2829866111278534,0.9929999709129333,0.2515999972820282
YGR264C,YDL042C,0,-4.9157867,0.2829059958457947,0.9929999709129333,0.2517000138759613
YNR006W,YGR281W,0,-4.916259,0.28282541036605835,0.9929999709129333,0.251800000667572
YKR048C,YKL095W,0,-4.916279,0.2827448844909668,0.9929999709129333,0.25189998745918274
YLL060C,YPR068C,0,-4.91644,0.28266438841819763,0.9929999709129333,0.25200000405311584
YEL036C,YNL182C,0,-4.916469,0.28258395195007324,0.9929999709129333,0.25209999084472656
YBL016W,YGR042W,0,-4.916648,0.28250354528427124,0.9929999709129333,0.25220000743865967
YOL059W,YML088W,0,-4.916745,0.282423198223114,0.9929999709129333,0.2522999942302704
YOR259C,YDR057W,0,-4.916848,0.28234291076660156,0.9929999709129333,0.2524000108242035
YNL239W,YDR453C,0,-4.917019,0.2822626531124115,0.9929999709129333,0.2524999976158142
YDL209C,YDR515W,0,-4.917242,0.2821824252605438,0.9929999709129333,0.2526000142097473
YGL245W,YGR171C,0,-4.917302,0.2821022868156433,0.9929999709129333,0.25270000100135803
YGR098C,YHR065C,0,-4.917472,0.2820221483707428,0.9929999709129333,0.25279998779296875
YBR050C,YOL113W,0,-4.9174786,0.28194206953048706,0.9929999709129333,0.25290000438690186
YKL191W,YER082C,0,-4.9175043,0.2818620502948761,0.9929999709129333,0.2529999911785126
YDL028C,YDR190C,0,-4.917611,0.2817820608615875,0.9929999709129333,0.2531000077724457
YCR088W,YAR019C,0,-4.917702,0.2817021310329437,0.9929999709129333,0.2531999945640564
YPR017C,YGL135W,0,-4.9179373,0.2816222310066223,0.9929999709129333,0.2533000111579895
YKL022C,YEL037C,0,-4.917947,0.2815423905849457,0.9929999709129333,0.2533999979496002
YBR296C,YML088W,0,-4.917971,0.28146257996559143,0.9929999709129333,0.2535000145435333
YIL018W,YMR218C,0,-4.918067,0.28138282895088196,0.9929999709129333,0.25360000133514404
YGL238W,YGL090W,0,-4.918268,0.2813031077384949,0.9929999709129333,0.25369998812675476
YLL024C,YPR173C,0,-4.9183064,0.28122344613075256,0.9929999709129333,0.25380000472068787
YCR071C,YLL061W,0,-4.9183254,0.28114381432533264,0.9929999709129333,0.2538999915122986
YML095C,YPL011C,0,-4.9185143,0.2810642421245575,0.9929999709129333,0.2540000081062317
YBR254C,YML088W,0,-4.9187846,0.2809847295284271,0.9929999709129333,0.2540999948978424
YBR278W,YHR194W,0,-4.9188147,0.28090524673461914,0.9929999709129333,0.2542000114917755
YLL003W,YDR027C,0,-4.918836,0.28082579374313354,0.9929999709129333,0.25429999828338623
YBR017C,YML015C,0,-4.9189873,0.2807464003562927,0.9929999709129333,0.25440001487731934
YNR035C,YNL332W,0,-4.9190283,0.2806670367717743,0.9929999709129333,0.25450000166893005
YPL202C,YOR327C,0,-4.9191046,0.28058773279190063,0.9929999709129333,0.25459998846054077
YIL065C,YOR171C,0,-4.9193125,0.28050848841667175,0.9929999709129333,0.2547000050544739
YJR118C,YNR048W,0,-4.9194684,0.28042924404144287,0.9929999709129333,0.2547999918460846
YDR424C,YGL018C,0,-4.919656,0.28035008907318115,0.9929999709129333,0.2549000084400177
YPR131C,YJL191W,0,-4.9197316,0.2802709639072418,0.9929999709129333,0.2549999952316284
YOL065C,YHR004C,0,-4.9197454,0.2801918685436249,0.9929999709129333,0.2551000118255615
YNL016W,YGR080W,0,-4.919979,0.2801128327846527,0.9929999709129333,0.25519999861717224
YEL060C,YGL207W,0,-4.9200344,0.28003382682800293,0.9929999709129333,0.25529998540878296
YDL209C,YOL054W,0,-4.9200525,0.2799548804759979,0.9929999709129333,0.25540000200271606
YLR228C,YMR272C,0,-4.9200783,0.2798759937286377,0.9929999709129333,0.2554999887943268
YBR040W,YAL031C,0,-4.920086,0.27979713678359985,0.9929999709129333,0.2556000053882599
YOR147W,YFL038C,0,-4.9201736,0.2797183096408844,0.9929999709129333,0.2556999921798706
YKL092C,YER029C,0,-4.9201856,0.2796395421028137,0.9929999709129333,0.2558000087738037
YKR052C,YGR281W,0,-4.920286,0.27956080436706543,0.9929999709129333,0.25589999556541443
YGL008C,YDR076W,0,-4.9205303,0.2794821262359619,0.9929999709129333,0.25600001215934753
YDR448W,YOR038C,0,-4.920656,0.2794034779071808,0.9929999709129333,0.25609999895095825
YNR074C,YNR008W,0,-4.9206886,0.27932488918304443,0.9929999709129333,0.25619998574256897
YLR228C,YDR143C,0,-4.9209123,0.27924633026123047,0.9929999709129333,0.2563000023365021
YJL133W,YOR182C,0,-4.921028,0.2791678309440613,0.9929999709129333,0.2563999891281128
YMR006C,YLR386W,0,-4.9210415,0.2790893614292145,0.9929999709129333,0.2565000057220459
YOR237W,YMR021C,0,-4.9212513,0.27901095151901245,0.9929999709129333,0.2565999925136566
YDR329C,YBL103C,0,-4.9213495,0.2789325714111328,0.9929999709129333,0.2567000091075897
YGL075C,YJR102C,0,-4.92143,0.27885425090789795,0.9929999709129333,0.25679999589920044
YER032W,YDL208W,0,-4.921474,0.2787759602069855,0.9929999709129333,0.25690001249313354
YLR011W,YJR052W,0,-4.92148,0.2786977291107178,0.9929999709129333,0.25699999928474426
YML048W,YFL011W,0,-4.9215984,0.27861952781677246,0.9929999709129333,0.257099986076355
YGR264C,YJL191W,0,-4.9216204,0.2785413861274719,0.9929999709129333,0.2572000026702881
YDR118W,YNL192W,0,-4.9216404,0.2784632742404938,0.9929999709129333,0.2572999894618988
YNL210W,YGL126W,0,-4.9219265,0.278385192155838,0.9929999709129333,0.2574000060558319
YHR061C,YDL118W,0,-4.9220037,0.278307169675827,0.9929999709129333,0.2574999928474426
YLR103C,YGR238C,0,-4.92204,0.2782292068004608,0.9929999709129333,0.25760000944137573
YLL018C-A,YIL016W,0,-4.9220996,0.278151273727417,0.9929999709129333,0.25769999623298645
YDR483W,YOL104C,0,-4.922225,0.27807337045669556,0.9929999709129333,0.25780001282691956
YBL069W,YEL017C-A,0,-4.922333,0.2779955267906189,0.9929999709129333,0.2578999996185303
YKR067W,YOR211C,0,-4.922529,0.2779177129268646,0.9929999709129333,0.257999986410141
YEL034W,YHR020W,0,-4.9225574,0.2778399586677551,0.9929999709129333,0.2581000030040741
YKR039W,YPR182W,0,-4.922574,0.277762234210968,0.9929999709129333,0.2581999897956848
YDL033C,YOR290C,0,-4.9226475,0.2776845693588257,0.9929999709129333,0.2583000063896179
YKL086W,YAL016W,0,-4.9226556,0.27760693430900574,0.9929999709129333,0.25839999318122864
YOR130C,YGR118W,0,-4.9227324,0.27752935886383057,0.9929999709129333,0.25850000977516174
YOR281C,YOR361C,0,-4.922866,0.2774518132209778,0.9929999709129333,0.25859999656677246
YOL101C,YDR489W,0,-4.92292,0.2773742973804474,0.9929999709129333,0.25870001316070557
YER020W,YPL033C,0,-4.92313,0.27729684114456177,0.9929999709129333,0.2587999999523163
YCL055W,YKL008C,0,-4.9231725,0.2772194445133209,0.9929999709129333,0.258899986743927
YGL143C,YDR202C,0,-4.923194,0.2771420478820801,0.9929999709129333,0.2590000033378601
YPL178W,YPR189W,0,-4.923329,0.2770647406578064,0.9929999709129333,0.2590999901294708
YBR167C,YMR239C,0,-4.923729,0.2769874334335327,0.9929999709129333,0.25920000672340393
YOR025W,YBL005W,0,-4.923946,0.2769102156162262,0.9929999709129333,0.25929999351501465
YKL014C,YIL063C,0,-4.9239745,0.2768329977989197,0.9929999709129333,0.25940001010894775
YER165W,YIL126W,0,-4.924114,0.27675583958625793,0.9929999709129333,0.25949999690055847
YDR216W,YGL073W,0,-4.9241705,0.27667874097824097,0.9929999709129333,0.2596000134944916
YNL020C,YMR136W,0,-4.924298,0.2766016721725464,0.9929999709129333,0.2597000002861023
YLR056W,YJR127C,0,-4.9245358,0.2765246331691742,0.9929999709129333,0.259799987077713
YNR032C-A,YJR135W-A,0,-4.9245367,0.2764476537704468,0.9929999709129333,0.2599000036716461
YGR060W,YKL012W,0,-4.9245377,0.27637073397636414,0.9929999709129333,0.25999999046325684
YHR077C,YDR180W,0,-4.924795,0.2762938141822815,0.9929999709129333,0.26010000705718994
YDR411C,YDR142C,0,-4.924815,0.27621695399284363,0.9929999709129333,0.26019999384880066
YOL063C,YAL010C,0,-4.9248486,0.27614015340805054,0.9929999709129333,0.26030001044273376
YLR045C,YFL038C,0,-4.924874,0.27606338262557983,0.9929999709129333,0.2603999972343445
YGL035C,YDR457W,0,-4.924974,0.2759866714477539,0.9929999709129333,0.2605000138282776
YJL039C,YDR465C,0,-4.9251223,0.275909960269928,0.9929999709129333,0.2606000006198883
YKL117W,YMR284W,0,-4.925129,0.2758333384990692,0.9929999709129333,0.260699987411499
YJR053W,YHR142W,0,-4.9251785,0.27575674653053284,0.9929999709129333,0.26080000400543213
YER053C,YGR180C,0,-4.925756,0.27568018436431885,0.9929999709129333,0.26089999079704285
YOR244W,YMR164C,0,-4.9257603,0.27560365200042725,0.9929999709129333,0.26100000739097595
YJR022W,YLR435W,0,-4.925775,0.2755271792411804,0.9929999709129333,0.26109999418258667
YPL008W,YOL121C,0,-4.9257975,0.27545076608657837,0.9929999709129333,0.2612000107765198
YNL145W,YBR195C,0,-4.926018,0.2753743827342987,0.9929999709129333,0.2612999975681305
YLR254C,YDL065C,0,-4.9261475,0.27529802918434143,0.9929999709129333,0.2614000141620636
YLL031C,YBR198C,0,-4.9261484,0.27522173523902893,0.9929999709129333,0.2615000009536743
YPR037C,YJR070C,0,-4.92617,0.2751454710960388,0.9929999709129333,0.26159998774528503
YDL100C,YCL043C,0,-4.9264145,0.2750692665576935,0.9929999709129333,0.26170000433921814
YGR118W,YML021C,0,-4.9265194,0.27499306201934814,0.9929999709129333,0.26179999113082886
YLR427W,YDR082W,0,-4.926704,0.27491694688796997,0.9929999709129333,0.26190000772476196
YER117W,YBR265W,0,-4.926754,0.2748408615589142,0.9929999709129333,0.2619999945163727
YPL022W,YOR182C,0,-4.926998,0.2747648060321808,0.9929999709129333,0.2621000111103058
YLR013W,YDR395W,0,-4.92708,0.27468881011009216,0.9929999709129333,0.2621999979019165
YLR263W,YCR073C,0,-4.9272523,0.2746128439903259,0.9929999709129333,0.2623000144958496
YLL002W,YER160C,1,-4.9272623,0.27481338381767273,0.9940000176429749,0.2623000144958496
YPR119W,YGL257C,0,-4.9273214,0.2747374176979065,0.9940000176429749,0.2624000012874603
YBR040W,YLL061W,0,-4.9273443,0.27466151118278503,0.9940000176429749,0.26249998807907104
YMR095C,YCL008C,0,-4.927375,0.27458563446998596,0.9940000176429749,0.26260000467300415
YGR030C,YDR393W,0,-4.9273996,0.27450981736183167,0.9940000176429749,0.26269999146461487
YKR061W,YLR337C,0,-4.9274273,0.27443400025367737,0.9940000176429749,0.262800008058548
YDR483W,YDR244W,0,-4.927675,0.27435827255249023,0.9940000176429749,0.2628999948501587
YMR015C,YOL038W,0,-4.9277687,0.2742825746536255,0.9940000176429749,0.2630000114440918
YGR003W,YKR079C,0,-4.9278007,0.27420690655708313,0.9940000176429749,0.2630999982357025
YDL039C,YDL235C,0,-4.92786,0.27413126826286316,0.9940000176429749,0.2632000148296356
YPR008W,YOR363C,0,-4.9280295,0.27405568957328796,0.9940000176429749,0.26330000162124634
YHL048W,YBL034C,0,-4.928049,0.27398014068603516,0.9940000176429749,0.26339998841285706
YKL149C,YER160C,1,-4.9283447,0.27418020367622375,0.9950000047683716,0.26339998841285706
YLR316C,YML114C,0,-4.9289455,0.27410468459129333,0.9950000047683716,0.26350000500679016
YAL026C,YGL158W,0,-4.9294558,0.2740291953086853,0.9950000047683716,0.2635999917984009
YIR023W,YBR175W,0,-4.9296,0.27395373582839966,0.9950000047683716,0.263700008392334
YOR239W,YHR019C,0,-4.929863,0.2738783359527588,0.9950000047683716,0.2637999951839447
YIL009C-A,YGL022W,0,-4.930216,0.2738029658794403,0.9950000047683716,0.2639000117778778
YMR125W,YOR110W,0,-4.9302807,0.2737276554107666,0.9950000047683716,0.2639999985694885
YDL142C,YHR098C,0,-4.9303994,0.2736523747444153,0.9950000047683716,0.26409998536109924
YGR183C,YMR305C,0,-4.9306974,0.27357712388038635,0.9950000047683716,0.26420000195503235
YLR321C,YBR289W,0,-4.930747,0.2735019326210022,0.9950000047683716,0.26429998874664307
YLR014C,YKL130C,0,-4.930914,0.27342677116394043,0.9950000047683716,0.26440000534057617
YCR020W-B,YJL080C,0,-4.9310875,0.27335163950920105,0.9950000047683716,0.2644999921321869
YPR167C,YHR091C,0,-4.931243,0.27327656745910645,0.9950000047683716,0.26460000872612
YMR239C,YAL011W,0,-4.931303,0.27320152521133423,0.9950000047683716,0.2646999955177307
YOL097C,YDR115W,0,-4.931384,0.2731265425682068,0.9950000047683716,0.2648000121116638
YDL197C,YPL171C,0,-4.9315367,0.27305158972740173,0.9950000047683716,0.26489999890327454
YIL109C,YLR079W,0,-4.931621,0.27297666668891907,0.9950000047683716,0.26499998569488525
YMR198W,YDL154W,0,-4.93172,0.2729018032550812,0.9950000047683716,0.26510000228881836
YDL017W,YPL268W,0,-4.931915,0.2728269696235657,0.9950000047683716,0.2651999890804291
YPR121W,YDR018C,0,-4.932023,0.27275219559669495,0.9950000047683716,0.2653000056743622
YOR355W,YGR296W,0,-4.932132,0.2726774513721466,0.9950000047683716,0.2653999924659729
YNL130C,YMR167W,0,-4.932228,0.27260273694992065,0.9950000047683716,0.265500009059906
YGR134W,YDL058W,0,-4.9323306,0.2725280821323395,0.9950000047683716,0.2655999958515167
YEL053C,YGL092W,0,-4.932358,0.2724534571170807,0.9950000047683716,0.26570001244544983
YLL002W,YML040W,1,-4.932519,0.27265262603759766,0.9959999918937683,0.26570001244544983
YJR078W,YMR133W,0,-4.9327765,0.27257800102233887,0.9959999918937683,0.26579999923706055
YKR038C,YFL003C,0,-4.9327984,0.27250340580940247,0.9959999918937683,0.26589998602867126
YCL016C,YNL309W,0,-4.932801,0.27242887020111084,0.9959999918937683,0.26600000262260437
YGL116W,YGL245W,0,-4.9329076,0.272354394197464,0.9959999918937683,0.2660999894142151
YCL014W,YML109W,0,-4.933011,0.2722799479961395,0.9959999918937683,0.2662000060081482
YMR218C,YKL070W,0,-4.93305,0.27220553159713745,0.9959999918937683,0.2662999927997589
YGL233W,YER031C,0,-4.933383,0.27213114500045776,0.9959999918937683,0.266400009393692
YBR283C,YOR297C,0,-4.9334545,0.27205681800842285,0.9959999918937683,0.26649999618530273
YGR222W,YDL020C,0,-4.9335604,0.2719825208187103,0.9959999918937683,0.26660001277923584
YNL275W,YDR141C,0,-4.9336896,0.2719082832336426,0.9959999918937683,0.26669999957084656
YDR108W,YGR048W,0,-4.933795,0.2718340754508972,0.9959999918937683,0.2667999863624573
YGR010W,YJL041W,0,-4.93382,0.27175989747047424,0.9959999918937683,0.2669000029563904
YER122C,YIL135C,0,-4.933853,0.27168574929237366,0.9959999918937683,0.2669999897480011
YMR264W,YNL313C,0,-4.934083,0.27161166071891785,0.9959999918937683,0.2671000063419342
YJR084W,YGL124C,0,-4.934162,0.2715376317501068,0.9959999918937683,0.2671999931335449
YIL106W,YHR048W,0,-4.9341908,0.2714636027812958,0.9959999918937683,0.267300009727478
YPL043W,YER013W,0,-4.934311,0.2713896334171295,0.9959999918937683,0.26739999651908875
YPL269W,YJL109C,0,-4.934627,0.27131572365760803,0.9959999918937683,0.26750001311302185
YMR201C,YIL143C,0,-4.9346766,0.27124184370040894,0.9959999918937683,0.26759999990463257
YNL271C,YDR276C,0,-4.9348416,0.2711679935455322,0.9959999918937683,0.2676999866962433
YJR004C,YDL244W,0,-4.9348965,0.2710941731929779,0.9959999918937683,0.2678000032901764
YFR002W,YOL004W,0,-4.9350247,0.27102041244506836,0.9959999918937683,0.2678999900817871
YMR145C,YPL026C,0,-4.9351673,0.2709466814994812,0.9959999918937683,0.2680000066757202
YNL030W,YFL038C,0,-4.935306,0.27087298035621643,0.9959999918937683,0.26809999346733093
YBR107C,YPR168W,0,-4.9354353,0.27079933881759644,0.9959999918937683,0.26820001006126404
YDL195W,YJL141C,0,-4.935786,0.27072572708129883,0.9959999918937683,0.26829999685287476
YOL069W,YJL104W,0,-4.935833,0.270652174949646,0.9959999918937683,0.26840001344680786
YIL046W,YPL019C,0,-4.935856,0.27057865262031555,0.9959999918937683,0.2685000002384186
YBR253W,YHR084W,0,-4.935887,0.2705051600933075,0.9959999918937683,0.2685999870300293
YJR077C,YPR155C,0,-4.9362936,0.2704317271709442,0.9959999918937683,0.2687000036239624
YGL061C,YHR193C,0,-4.9366255,0.27035829424858093,0.9959999918937683,0.2687999904155731
YDR423C,YNL230C,0,-4.9368296,0.2702849507331848,0.9959999918937683,0.2689000070095062
YPR188C,YPR162C,0,-4.9368334,0.2702116072177887,0.9959999918937683,0.26899999380111694
YKL113C,YDR457W,0,-4.9369116,0.27013832330703735,0.9959999918937683,0.26910001039505005
YGL183C,YGR162W,0,-4.9369993,0.2700650691986084,0.9959999918937683,0.26919999718666077
YNL242W,YLR430W,0,-4.9371796,0.2699918746948242,0.9959999918937683,0.26930001378059387
YOR035C,YMR322C,0,-4.937248,0.2699187099933624,0.9959999918937683,0.2694000005722046
YPL194W,YAL016W,0,-4.93728,0.269845575094223,0.9959999918937683,0.2694999873638153
YKR067W,YHR038W,0,-4.937792,0.269772469997406,0.9959999918937683,0.2696000039577484
YDR414C,YJL073W,0,-4.937887,0.26969942450523376,0.9959999918937683,0.26969999074935913
YDR331W,YGL013C,0,-4.938032,0.2696264088153839,0.9959999918937683,0.26980000734329224
YLL015W,YPR107C,0,-4.938161,0.26955345273017883,0.9959999918937683,0.26989999413490295
YLR078C,YHR060W,0,-4.9384065,0.26948052644729614,0.9959999918937683,0.27000001072883606
YBR274W,YMR164C,0,-4.938468,0.26940762996673584,0.9959999918937683,0.2700999975204468
YCL066W,YPR102C,0,-4.9384923,0.2693347632884979,0.9959999918937683,0.2702000141143799
YMR058W,YGR090W,0,-4.9386067,0.2692619562149048,0.9959999918937683,0.2703000009059906
YFR021W,YDR093W,0,-4.938805,0.26918917894363403,0.9959999918937683,0.2703999876976013
YKL182W,YML061C,0,-4.938916,0.26911646127700806,0.9959999918937683,0.2705000042915344
YHR133C,YJL198W,0,-4.939028,0.26904377341270447,0.9959999918937683,0.27059999108314514
YNL227C,YDR245W,0,-4.9390845,0.26897111535072327,0.9959999918937683,0.27070000767707825
YKL205W,YOL109W,0,-4.9391427,0.26889848709106445,0.9959999918937683,0.27079999446868896
YLR284C,YER018C,0,-4.9393625,0.2688259184360504,0.9959999918937683,0.27090001106262207
YDR192C,YDL083C,0,-4.939411,0.26875337958335876,0.9959999918937683,0.2709999978542328
YNL004W,YPR073C,0,-4.939455,0.2686808705329895,0.9959999918937683,0.2711000144481659
YAR002C-A,YEL016C,0,-4.939518,0.268608421087265,0.9959999918937683,0.2712000012397766
YIL132C,YOR230W,0,-4.9396625,0.2685360014438629,0.9959999918937683,0.27129998803138733
YCR027C,YPL144W,0,-4.939716,0.2684636116027832,0.9959999918937683,0.27140000462532043
YBL085W,YLR286C,0,-4.939812,0.26839128136634827,0.9959999918937683,0.27149999141693115
YKL212W,YGR074W,0,-4.939867,0.26831895112991333,0.9959999918937683,0.27160000801086426
YGR167W,YGR082W,0,-4.939894,0.26824671030044556,0.9959999918937683,0.271699994802475
YDL174C,YNL054W,0,-4.940167,0.2681744694709778,0.9959999918937683,0.2718000113964081
YGL143C,YMR104C,0,-4.9402294,0.2681022882461548,0.9959999918937683,0.2718999981880188
YGR225W,YOR194C,0,-4.9403524,0.2680301368236542,0.9959999918937683,0.2720000147819519
YDR303C,YCR073C,0,-4.9404287,0.26795804500579834,0.9959999918937683,0.2721000015735626
YOL021C,YIL073C,0,-4.9405403,0.2678859531879425,0.9959999918937683,0.27219998836517334
YOL121C,YBL052C,0,-4.94057,0.26781392097473145,0.9959999918937683,0.27230000495910645
YNL242W,YOR201C,0,-4.940651,0.26774194836616516,0.9959999918937683,0.27239999175071716
YGL256W,YPL001W,0,-4.9408226,0.2676699757575989,0.9959999918937683,0.27250000834465027
YGL127C,YLR183C,0,-4.940921,0.26759806275367737,0.9959999918937683,0.272599995136261
YML113W,YJR002W,0,-4.9411926,0.26752617955207825,0.9959999918937683,0.2727000117301941
YJL013C,YDR515W,0,-4.9412003,0.2674543559551239,0.9959999918937683,0.2727999985218048
YML078W,YPL262W,0,-4.941249,0.26738256216049194,0.9959999918937683,0.2728999853134155
YNL097C,YGR270W,0,-4.9414225,0.2673107981681824,0.9959999918937683,0.27300000190734863
YBR290W,YGL145W,0,-4.9415236,0.2672390639781952,0.9959999918937683,0.27309998869895935
YOL095C,YIR011C,0,-4.941736,0.2671673893928528,0.9959999918937683,0.27320000529289246
YOR035C,YJL141C,0,-4.9417458,0.26709574460983276,0.9959999918937683,0.2732999920845032
YPR163C,YML131W,0,-4.942088,0.26702412962913513,0.9959999918937683,0.2734000086784363
YOR058C,YOR147W,0,-4.94214,0.2669525742530823,0.9959999918937683,0.273499995470047
YOR237W,YCR009C,0,-4.942197,0.2668810188770294,0.9959999918937683,0.2736000120639801
YER106W,YOR363C,0,-4.9422154,0.26680952310562134,0.9959999918937683,0.2736999988555908
YLR116W,YCR033W,0,-4.9422903,0.26673808693885803,0.9959999918937683,0.27379998564720154
YHR115C,YKL043W,0,-4.9423876,0.2666666805744171,0.9959999918937683,0.27390000224113464
YEL063C,YPL187W,0,-4.9424124,0.2665952742099762,0.9959999918937683,0.27399998903274536
YHR114W,YMR106C,0,-4.942631,0.26652395725250244,0.9959999918937683,0.27410000562667847
YPR143W,YIL126W,0,-4.942753,0.2664526402950287,0.9959999918937683,0.2741999924182892
YDR036C,YOR172W,0,-4.942931,0.2663813829421997,0.9959999918937683,0.2743000090122223
YDL227C,YKL197C,0,-4.943,0.2663101553916931,0.9959999918937683,0.274399995803833
YLR233C,YMR266W,0,-4.9430923,0.2662389874458313,0.9959999918937683,0.2745000123977661
YNL065W,YLR007W,0,-4.943161,0.2661678194999695,0.9959999918937683,0.27459999918937683
YGL029W,YBR254C,0,-4.943161,0.26609671115875244,0.9959999918937683,0.27469998598098755
YML094W,YOR297C,0,-4.943699,0.2660256326198578,0.9959999918937683,0.27480000257492065
YBR072W,YDR190C,0,-4.943774,0.2659546136856079,0.9959999918937683,0.27489998936653137
YDR295C,YHL006C,0,-4.943778,0.26588359475135803,0.9959999918937683,0.2750000059604645
YDR025W,YLR409C,0,-4.943955,0.26581263542175293,0.9959999918937683,0.2750999927520752
YOL101C,YKR053C,0,-4.944055,0.2657417356967926,0.9959999918937683,0.2752000093460083
YKL055C,YLR447C,0,-4.944411,0.2656708359718323,0.9959999918937683,0.275299996137619
YGL030W,YJL054W,0,-4.9447784,0.2655999958515167,0.9959999918937683,0.2754000127315521
YML062C,YML088W,0,-4.944831,0.26552918553352356,0.9959999918937683,0.27549999952316284
YFR019W,YGR279C,0,-4.9450164,0.26545843482017517,0.9959999918937683,0.27559998631477356
YOR349W,YFL003C,0,-4.9450417,0.2653876841068268,0.9959999918937683,0.27570000290870667
YPR201W,YBR043C,0,-4.945111,0.26531699299812317,0.9959999918937683,0.2757999897003174
YPL147W,YLR424W,0,-4.9451895,0.26524633169174194,0.9959999918937683,0.2759000062942505
YER028C,YDR495C,0,-4.9453297,0.2651757299900055,0.9959999918937683,0.2759999930858612
YDL161W,YBR289W,0,-4.9453683,0.26510512828826904,0.9959999918937683,0.2761000096797943
YNL259C,YPL196W,0,-4.945492,0.26503458619117737,0.9959999918937683,0.27619999647140503
YJR118C,YDR279W,0,-4.945527,0.2649640738964081,0.9959999918937683,0.27630001306533813
YBR083W,YAL001C,0,-4.9455323,0.26489362120628357,0.9959999918937683,0.27639999985694885
YBR084W,YBR088C,0,-4.9455557,0.26482319831848145,0.9959999918937683,0.27649998664855957
YLR116W,YMR270C,0,-4.9456263,0.2647528052330017,0.9959999918937683,0.2766000032424927
YOR267C,YKL134C,0,-4.9456396,0.26468244194984436,0.9959999918937683,0.2766999900341034
YNL233W,YMR202W,0,-4.945655,0.2646121084690094,0.9959999918937683,0.2768000066280365
YBR233W-A,YKL059C,0,-4.945751,0.2645418345928192,0.9959999918937683,0.2768999934196472
YMR283C,YHR065C,0,-4.945882,0.2644715905189514,0.9959999918937683,0.2770000100135803
YOL008W,YGR078C,0,-4.9460855,0.264401376247406,0.9959999918937683,0.27709999680519104
YLR266C,YDL190C,0,-4.9461184,0.26433122158050537,0.9959999918937683,0.27720001339912415
YFR013W,YPL146C,0,-4.9463058,0.26426106691360474,0.9959999918937683,0.27730000019073486
YNL103W,YBR118W,0,-4.9464617,0.2641909718513489,0.9959999918937683,0.2773999869823456
YGL153W,YPL156C,0,-4.946683,0.2641209363937378,0.9959999918937683,0.2775000035762787
YMR052W,YOR123C,0,-4.9467096,0.2640509009361267,0.9959999918937683,0.2775999903678894
YAR033W,YLR337C,0,-4.947073,0.2639809250831604,0.9959999918937683,0.2777000069618225
YKR095W,YOR048C,0,-4.947238,0.2639109790325165,0.9959999918937683,0.2777999937534332
YDR459C,YER053C,0,-4.947252,0.26384106278419495,0.9959999918937683,0.27790001034736633
YNL136W,YLR453C,0,-4.947438,0.2637711763381958,0.9959999918937683,0.27799999713897705
YJL002C,YGL093W,0,-4.947481,0.26370134949684143,0.9959999918937683,0.27810001373291016
YDL004W,YIL034C,0,-4.947511,0.26363155245780945,0.9959999918937683,0.2782000005245209
YKR019C,YNL102W,0,-4.9478054,0.26356178522109985,0.9959999918937683,0.2782999873161316
YPL161C,YGR252W,0,-4.948098,0.26349207758903503,0.9959999918937683,0.2784000039100647
YMR004W,YBL057C,0,-4.9481487,0.2634223699569702,0.9959999918937683,0.2784999907016754
YBR017C,YBR169C,0,-4.948284,0.26335272192955017,0.9959999918937683,0.2786000072956085
YOR058C,YBL078C,0,-4.948344,0.2632831037044525,0.9959999918937683,0.27869999408721924
YDL093W,YJR110W,0,-4.9484053,0.26321354508399963,0.9959999918937683,0.27880001068115234
YEL018W,YOR075W,0,-4.9485188,0.26314398646354675,0.9959999918937683,0.27889999747276306
YML104C,YDL185W,0,-4.948582,0.26307448744773865,0.9959999918937683,0.27900001406669617
YDL143W,YIL128W,0,-4.9486203,0.26300501823425293,0.9959999918937683,0.2791000008583069
YCR094W,YMR203W,0,-4.948632,0.2629355788230896,0.9959999918937683,0.2791999876499176
YNL023C,YBL093C,0,-4.948764,0.26286619901657104,0.9959999918937683,0.2793000042438507
YBR288C,YPR107C,0,-4.9487934,0.2627968192100525,0.9959999918937683,0.2793999910354614
YJL025W,YIL016W,0,-4.9490614,0.2627274990081787,0.9959999918937683,0.27950000762939453
YNL210W,YOL064C,0,-4.949176,0.2626582384109497,0.9959999918937683,0.27959999442100525
YHR169W,YDR447C,0,-4.949192,0.2625889778137207,0.9959999918937683,0.27970001101493835
YLR129W,YER112W,0,-4.949194,0.2625197768211365,0.9959999918937683,0.2797999978065491
YMR014W,YDR484W,0,-4.9492226,0.26245060563087463,0.9959999918937683,0.2799000144004822
YFR048W,YBL088C,0,-4.9493065,0.2623814642429352,0.9959999918937683,0.2800000011920929
YBR020W,YBR006W,0,-4.949578,0.2623123526573181,0.9959999918937683,0.2800999879837036
YLR347C,YGL225W,0,-4.9496813,0.2622433006763458,0.9959999918937683,0.2802000045776367
YPR201W,YPL187W,0,-4.9499097,0.26217424869537354,0.9959999918937683,0.28029999136924744
YJL117W,YHR172W,0,-4.949974,0.262105256319046,0.9959999918937683,0.28040000796318054
YKR099W,YCR026C,0,-4.950141,0.2620362937450409,0.9959999918937683,0.28049999475479126
YKL117W,YOR308C,0,-4.950224,0.26196739077568054,0.9959999918937683,0.28060001134872437
YDL083C,YDR447C,0,-4.95028,0.2618984878063202,0.9959999918937683,0.2806999981403351
YEL063C,YNL251C,0,-4.950307,0.2618296444416046,0.9959999918937683,0.2808000147342682
YBR294W,YMR106C,0,-4.95044,0.2617608308792114,0.9959999918937683,0.2809000015258789
YJL073W,YOL121C,0,-4.9505253,0.261692076921463,0.9959999918937683,0.2809999883174896
YOR023C,YNL156C,0,-4.950666,0.2616233229637146,0.9959999918937683,0.28110000491142273
YLR201C,YNL006W,0,-4.9508343,0.26155462861061096,0.9959999918937683,0.28119999170303345
YDL247W,YLR008C,0,-4.9508505,0.2614859640598297,0.9959999918937683,0.28130000829696655
YBR034C,YDR308C,0,-4.950868,0.26141732931137085,0.9959999918937683,0.28139999508857727
YPR021C,YGL038C,0,-4.9508824,0.2613487243652344,0.9959999918937683,0.2815000116825104
YIR021W,YDR175C,0,-4.950896,0.2612801790237427,0.9959999918937683,0.2815999984741211
YMR133W,YGR212W,0,-4.9509006,0.261211633682251,0.9959999918937683,0.2816999852657318
YDR446W,YIL173W,0,-4.950991,0.26114314794540405,0.9959999918937683,0.2818000018596649
YDR301W,YEL026W,0,-4.9511414,0.2610746920108795,0.9959999918937683,0.28189998865127563
YBR020W,YPL203W,0,-4.9518194,0.26100629568099976,0.9959999918937683,0.28200000524520874
YEL032W,YFR052W,0,-4.95232,0.26093789935112,0.9959999918937683,0.28209999203681946
YER109C,YPL137C,0,-4.9523582,0.260869562625885,0.9959999918937683,0.28220000863075256
YPR183W,YHR031C,0,-4.952413,0.2608012557029724,0.9959999918937683,0.2822999954223633
YPL063W,YPR078C,0,-4.952547,0.2607329785823822,0.9959999918937683,0.2824000120162964
YNL307C,YDL212W,0,-4.952814,0.26066476106643677,0.9959999918937683,0.2824999988079071
YHR169W,YBL051C,0,-4.953164,0.26059654355049133,0.9959999918937683,0.2825999855995178
YLR098C,YPR067W,0,-4.953183,0.2605283856391907,0.9959999918937683,0.2827000021934509
YLR286C,YPR189W,0,-4.953455,0.2604602575302124,0.9959999918937683,0.28279998898506165
YBL026W,YLL017W,0,-4.9534607,0.2603921592235565,0.9959999918937683,0.28290000557899475
YER028C,YMR177W,0,-4.9535108,0.260324090719223,0.9959999918937683,0.28299999237060547
YJL030W,YJL204C,0,-4.9535904,0.2602560818195343,0.9959999918937683,0.2831000089645386
YGR256W,YOR321W,0,-4.9537163,0.2601880729198456,0.9959999918937683,0.2831999957561493
YBR135W,YBR152W,0,-4.953838,0.26012012362480164,0.9959999918937683,0.2833000123500824
YMR234W,YIL167W,0,-4.9538655,0.26005223393440247,0.9959999918937683,0.2833999991416931
YGL201C,YBL088C,0,-4.9538794,0.2599843442440033,0.9959999918937683,0.28349998593330383
YPL097W,YMR179W,0,-4.954002,0.2599164843559265,0.9959999918937683,0.28360000252723694
YOR130C,YLR119W,0,-4.954047,0.2598486840724945,0.9959999918937683,0.28369998931884766
YNL267W,YPR024W,0,-4.954175,0.2597809135913849,0.9959999918937683,0.28380000591278076
YBR289W,YLR298C,0,-4.954308,0.25971317291259766,0.9959999918937683,0.2838999927043915
YER017C,YDL019C,0,-4.9543843,0.2596454620361328,0.9959999918937683,0.2840000092983246
YGR009C,YML088W,0,-4.9544325,0.25957778096199036,0.9959999918937683,0.2840999960899353
YOR321W,YGR221C,0,-4.9544444,0.2595101594924927,0.9959999918937683,0.2842000126838684
YJL030W,YOR359W,0,-4.9544735,0.2594425678253174,0.9959999918937683,0.2842999994754791
YNL227C,YJR120W,0,-4.9546432,0.2593750059604645,0.9959999918937683,0.28439998626708984
YLR332W,YPR107C,0,-4.9548044,0.25930747389793396,0.9959999918937683,0.28450000286102295
YLR103C,YHR077C,0,-4.954831,0.25923997163772583,0.9959999918937683,0.28459998965263367
YHR203C,YKL178C,0,-4.9549046,0.2591725289821625,0.9959999918937683,0.2847000062465668
YOR237W,YNR032W,0,-4.9552,0.2591050863265991,0.9959999918937683,0.2847999930381775
YOR008C,YOR087W,0,-4.9553204,0.25903770327568054,0.9959999918937683,0.2849000096321106
YJR137C,YLR453C,0,-4.955351,0.25897035002708435,0.9959999918937683,0.2849999964237213
YDR515W,YJR044C,0,-4.955404,0.25890302658081055,0.9959999918937683,0.2851000130176544
YKL092C,YHR038W,0,-4.9557486,0.2588357627391815,0.9959999918937683,0.28519999980926514
YJR094C,YMR070W,0,-4.9557915,0.2587684988975525,0.9959999918937683,0.28529998660087585
YNL110C,YDL033C,0,-4.9558406,0.25870129466056824,0.9959999918937683,0.28540000319480896
YOR351C,YLR044C,0,-4.9559145,0.25863412022590637,0.9959999918937683,0.2854999899864197
YCR034W,YJL198W,0,-4.9559846,0.2585669755935669,0.9959999918937683,0.2856000065803528
YBR250W,YEL020W-A,0,-4.9559917,0.2584998607635498,0.9959999918937683,0.2856999933719635
YLR286C,YPL210C,0,-4.9563265,0.2584328055381775,0.9959999918937683,0.2858000099658966
YLR459W,YLR249W,0,-4.9564123,0.2583657503128052,0.9959999918937683,0.2858999967575073
YKR059W,YPR163C,0,-4.956475,0.25829875469207764,0.9959999918937683,0.28600001335144043
YEL061C,YBR272C,0,-4.9566956,0.2582317888736725,0.9959999918937683,0.28610000014305115
YMR133W,YLL012W,0,-4.956704,0.2581648528575897,0.9959999918937683,0.28619998693466187
YDR130C,YOR149C,0,-4.9568987,0.25809794664382935,0.9959999918937683,0.28630000352859497
YLR196W,YOL109W,0,-4.9569497,0.25803110003471375,0.9959999918937683,0.2863999903202057
YBR121C,YMR239C,0,-4.9570904,0.25796425342559814,0.9959999918937683,0.2865000069141388
YDR030C,YOR279C,0,-4.957223,0.2578974664211273,0.9959999918937683,0.2865999937057495
YPR176C,YGR213C,0,-4.957237,0.2578307092189789,0.9959999918937683,0.2867000102996826
YML128C,YPL083C,0,-4.957463,0.25776398181915283,0.9959999918937683,0.28679999709129333
YBR177C,YGL227W,0,-4.957556,0.25769728422164917,0.9959999918937683,0.28690001368522644
YLR274W,YPR016C,0,-4.957615,0.2576306164264679,0.9959999918937683,0.28700000047683716
YOR033C,YPR143W,0,-4.957671,0.2575640082359314,0.9959999918937683,0.2870999872684479
YDL088C,YOR001W,0,-4.95776,0.2574974000453949,0.9959999918937683,0.287200003862381
YPL265W,YBL017C,0,-4.9579268,0.2574308514595032,0.9959999918937683,0.2872999906539917
YAL058W,YPL265W,0,-4.958062,0.25736433267593384,0.9959999918937683,0.2874000072479248
YDL185W,YMR104C,0,-4.9581366,0.2572978436946869,0.9959999918937683,0.2874999940395355
YIL008W,YPR173C,0,-4.958479,0.2572314143180847,0.9959999918937683,0.28760001063346863
YOR117W,YOL004W,0,-4.958579,0.25716498494148254,0.9959999918937683,0.28769999742507935
YMR232W,YOL097C,0,-4.958599,0.25709861516952515,0.9959999918937683,0.28780001401901245
YBR058C-A,YBR293W,0,-4.958605,0.25703224539756775,0.9959999918937683,0.28790000081062317
YBL069W,YER056C,0,-4.95868,0.2569659352302551,0.9959999918937683,0.2879999876022339
YKL193C,YJL045W,0,-4.958735,0.2568996548652649,0.9959999918937683,0.288100004196167
YBL009W,YER117W,0,-4.9587817,0.25683343410491943,0.9959999918937683,0.2881999909877777
YDR038C,YGR048W,0,-4.958888,0.256767213344574,0.9959999918937683,0.2883000075817108
YBR200W,YGR070W,0,-4.959026,0.2567010223865509,0.9959999918937683,0.28839999437332153
YGL112C,YEL057C,0,-4.9592566,0.2566348910331726,0.9959999918937683,0.28850001096725464
YIL082W-A,YJL113W,1,-4.9596615,0.25682637095451355,0.996999979019165,0.28850001096725464
YML099C,YDR453C,0,-4.9597793,0.25676023960113525,0.996999979019165,0.28859999775886536
YEL026W,YOR143C,0,-4.9599605,0.25669413805007935,0.996999979019165,0.28870001435279846
YCL024W,YGR078C,0,-4.960087,0.2566280663013458,0.996999979019165,0.2888000011444092
YOR208W,YOR057W,0,-4.960231,0.2565620243549347,0.996999979019165,0.2888999879360199
YDR101C,YBL018C,0,-4.960405,0.25649601221084595,0.996999979019165,0.289000004529953
YAL010C,YOL113W,0,-4.960434,0.2564300298690796,0.996999979019165,0.2890999913215637
YHR091C,YJL109C,0,-4.9604836,0.256364107131958,0.996999979019165,0.2892000079154968
YDR309C,YNL309W,0,-4.9606357,0.2562982141971588,0.996999979019165,0.28929999470710754
YGR220C,YBR050C,0,-4.960991,0.2562323212623596,0.996999979019165,0.28940001130104065
YDL208W,YNL292W,0,-4.961235,0.2561664879322052,0.996999979019165,0.28949999809265137
YCR020W-B,YJR102C,0,-4.9612975,0.25610068440437317,0.996999979019165,0.2896000146865845
YMR035W,YOR147W,0,-4.961349,0.2560349106788635,0.996999979019165,0.2897000014781952
YNL073W,YLR426W,0,-4.9615545,0.25596919655799866,0.996999979019165,0.2897999882698059
YCL067C,YJR127C,0,-4.96175,0.2559034824371338,0.996999979019165,0.289900004863739
YOL165C,YCR093W,0,-4.962138,0.2558378279209137,0.996999979019165,0.28999999165534973
YPR200C,YKL166C,0,-4.962432,0.255772203207016,0.996999979019165,0.29010000824928284
YOL008W,YPR100W,0,-4.9625797,0.2557065784931183,0.996999979019165,0.29019999504089355
YOL149W,YDR429C,0,-4.9628873,0.25564101338386536,0.996999979019165,0.29030001163482666
YHR172W,YCR042C,0,-4.962946,0.2555755078792572,0.996999979019165,0.2903999984264374
YER119C,YJL004C,0,-4.9630733,0.25551000237464905,0.996999979019165,0.2904999852180481
YDR448W,YPL060W,0,-4.9631705,0.2554445266723633,0.996999979019165,0.2906000018119812
YBL025W,YER031C,0,-4.96346,0.2553791105747223,0.996999979019165,0.2906999886035919
YGR175C,YML065W,0,-4.963501,0.2553136944770813,0.996999979019165,0.290800005197525
YLR259C,YNL054W,0,-4.9635706,0.2552483379840851,0.996999979019165,0.29089999198913574
YOR330C,YKL197C,0,-4.9635754,0.25518301129341125,0.996999979019165,0.29100000858306885
YER045C,YNL032W,0,-4.9637547,0.2551177144050598,0.996999979019165,0.29109999537467957
YDL116W,YNL072W,0,-4.9637957,0.25505244731903076,0.996999979019165,0.29120001196861267
YIL142W,YOL090W,0,-4.963846,0.2549872100353241,0.996999979019165,0.2912999987602234
YCL040W,YPL089C,0,-4.964617,0.2549220025539398,0.996999979019165,0.2913999855518341
YFR004W,YPL152W,0,-4.964621,0.2548568546772003,0.996999979019165,0.2915000021457672
YLR116W,YPL147W,0,-4.964738,0.2547917068004608,0.996999979019165,0.29159998893737793
YNL145W,YML060W,0,-4.9647827,0.2547266185283661,0.996999979019165,0.29170000553131104
YPR144C,YDR498C,0,-4.964826,0.25466156005859375,0.996999979019165,0.29179999232292175
YDL017W,YGR199W,0,-4.964872,0.2545965313911438,0.996999979019165,0.29190000891685486
YMR055C,YOR373W,0,-4.9649076,0.25453153252601624,0.996999979019165,0.2919999957084656
YPL115C,YJL010C,0,-4.9651127,0.25446656346321106,0.996999979019165,0.2921000123023987
YOR298C-A,YOR027W,0,-4.96519,0.25440162420272827,0.996999979019165,0.2921999990940094
YLR165C,YBL058W,0,-4.9652705,0.25433674454689026,0.996999979019165,0.2922999858856201
YER122C,YIL018W,0,-4.965333,0.25427186489105225,0.996999979019165,0.2924000024795532
YDR523C,YCL032W,0,-4.9655247,0.254207044839859,0.996999979019165,0.29249998927116394
YDR363W,YOR195W,0,-4.9655495,0.25414222478866577,0.996999979019165,0.29260000586509705
YOR048C,YMR175W,0,-4.9657245,0.2540774643421173,0.996999979019165,0.29269999265670776
YDL069C,YAR002W,0,-4.9657593,0.25401273369789124,0.996999979019165,0.29280000925064087
YKL004W,YDR465C,0,-4.966059,0.25394803285598755,0.996999979019165,0.2928999960422516
YDL197C,YCR092C,0,-4.9662447,0.25388336181640625,0.996999979019165,0.2930000126361847
YFR047C,YFL041W,0,-4.9662714,0.2538187503814697,0.996999979019165,0.2930999994277954
YLR060W,YLR126C,0,-4.9664044,0.2537541389465332,0.996999979019165,0.29319998621940613
YBR217W,YPL147W,0,-4.9664316,0.25368955731391907,0.996999979019165,0.29330000281333923
YML048W,YDR492W,0,-4.966606,0.2536250352859497,0.996999979019165,0.29339998960494995
YPR025C,YJL173C,0,-4.96694,0.25356054306030273,0.996999979019165,0.29350000619888306
YFR036W,YMR198W,0,-4.9670625,0.25349605083465576,0.996999979019165,0.2935999929904938
YAR014C,YAL041W,0,-4.9672294,0.25343161821365356,0.996999979019165,0.2937000095844269
YDR244W,YLR034C,0,-4.967267,0.25336721539497375,0.996999979019165,0.2937999963760376
YDL161W,YOR073W,0,-4.967269,0.25330284237861633,0.996999979019165,0.2939000129699707
YLR390W-A,YGR082W,0,-4.9674387,0.2532384991645813,0.996999979019165,0.2939999997615814
YGL054C,YGL175C,0,-4.9675055,0.25317418575286865,0.996999979019165,0.29409998655319214
YJL014W,YOR308C,0,-4.96751,0.2531099319458008,0.996999979019165,0.29420000314712524
YCR086W,YLL024C,0,-4.9678955,0.2530456781387329,0.996999979019165,0.29429998993873596
YPR167C,YFL003C,0,-4.968072,0.2529814839363098,0.996999979019165,0.29440000653266907
YPR031W,YBR117C,0,-4.9681087,0.2529172897338867,0.996999979019165,0.2944999933242798
YNL258C,YBL034C,0,-4.9681396,0.2528531551361084,0.996999979019165,0.2946000099182129
YNL053W,YBL050W,0,-4.9682283,0.25278905034065247,0.996999979019165,0.2946999967098236
YGL084C,YPR181C,0,-4.968317,0.2527249753475189,0.996999979019165,0.2948000133037567
YPL049C,YGL033W,0,-4.9683204,0.25266093015670776,0.996999979019165,0.29490000009536743
YLR256W,YOR109W,0,-4.968526,0.252596914768219,0.996999979019165,0.29499998688697815
YBR185C,YGR279C,0,-4.9686995,0.2525329291820526,0.996999979019165,0.29510000348091125
YGR212W,YHR111W,0,-4.968738,0.2524689733982086,0.996999979019165,0.295199990272522
YJR089W,YNL281W,0,-4.9687643,0.2524050772190094,0.996999979019165,0.2953000068664551
YNL071W,YLR354C,0,-4.969056,0.2523411810398102,0.996999979019165,0.2953999936580658
YHR165C,YNL311C,0,-4.96909,0.25227731466293335,0.996999979019165,0.2955000102519989
YBR202W,YGR080W,0,-4.969142,0.2522135078907013,0.996999979019165,0.2955999970436096
YNL008C,YDR079W,0,-4.9692225,0.2521497309207916,0.996999979019165,0.2957000136375427
YDR288W,YOL034W,0,-4.9693646,0.25208595395088196,0.996999979019165,0.29580000042915344
YBR145W,YKL179C,0,-4.969366,0.25202223658561707,0.996999979019165,0.29589998722076416
YDL247W,YOR064C,0,-4.969406,0.25195854902267456,0.996999979019165,0.29600000381469727
YDL093W,YJL121C,0,-4.9694433,0.25189489126205444,0.996999979019165,0.296099990606308
YKL194C,YLR208W,0,-4.9695387,0.2518312633037567,0.996999979019165,0.2962000072002411
YAL029C,YMR127C,0,-4.9697084,0.25176766514778137,0.996999979019165,0.2962999939918518
YGL241W,YLR371W,0,-4.9698524,0.2517041265964508,0.996999979019165,0.2964000105857849
YDR243C,YBR117C,0,-4.969934,0.25164058804512024,0.996999979019165,0.29649999737739563
YKR009C,YER123W,0,-4.9699545,0.25157707929611206,0.996999979019165,0.29660001397132874
YDR216W,YDL077C,0,-4.970068,0.25151363015174866,0.996999979019165,0.29670000076293945
YGR014W,YFR029W,0,-4.9700947,0.25145018100738525,0.996999979019165,0.29679998755455017
YPR179C,YGR008C,0,-4.9701605,0.2513867914676666,0.996999979019165,0.2969000041484833
YGL047W,YHR167W,0,-4.970527,0.2513234317302704,0.996999979019165,0.296999990940094
YDR211W,YEL062W,0,-4.9706545,0.25126007199287415,0.996999979019165,0.2971000075340271
YER053C,YML041C,0,-4.9708858,0.2511967718601227,0.996999979019165,0.2971999943256378
YDR434W,YML109W,0,-4.9710617,0.2511335015296936,0.996999979019165,0.2973000109195709
YPL211W,YPL083C,0,-4.9713855,0.2510702610015869,0.996999979019165,0.29739999771118164
YBR023C,YMR136W,0,-4.971498,0.2510070502758026,0.996999979019165,0.29750001430511475
YGL181W,YNL297C,0,-4.97184,0.2509438693523407,0.996999979019165,0.29760000109672546
YGR089W,YOR068C,0,-4.9718714,0.25088071823120117,0.996999979019165,0.2976999878883362
YGL013C,YFR040W,0,-4.971885,0.25081759691238403,0.996999979019165,0.2978000044822693
YGR247W,YDR515W,0,-4.9721756,0.25075453519821167,0.996999979019165,0.29789999127388
YBL032W,YJR110W,0,-4.972331,0.2506914734840393,0.996999979019165,0.2980000078678131
YPL095C,YDR389W,0,-4.972335,0.2506284713745117,0.996999979019165,0.29809999465942383
YFR002W,YML041C,0,-4.9723406,0.25056546926498413,0.996999979019165,0.29820001125335693
YER044C-A,YBL030C,0,-4.9724426,0.2505025267601013,0.996999979019165,0.29829999804496765
YJL006C,YNL327W,0,-4.9724874,0.2504395842552185,0.996999979019165,0.29840001463890076
YMR012W,YBR272C,0,-4.9725285,0.25037670135498047,0.996999979019165,0.2985000014305115
YLL031C,YOR287C,0,-4.9725857,0.2503138482570648,0.996999979019165,0.2985999882221222
YOL165C,YOR201C,0,-4.9726744,0.25025099515914917,0.996999979019165,0.2987000048160553
YBR274W,YPL091W,0,-4.9727883,0.2501882016658783,0.996999979019165,0.298799991607666
YHR188C,YLR166C,0,-4.972967,0.2501254379749298,0.996999979019165,0.2989000082015991
YDL154W,YDR472W,0,-4.972991,0.2500627040863037,0.996999979019165,0.29899999499320984
YGR030C,YLR145W,0,-4.9730663,0.25,0.996999979019165,0.29910001158714294
YBL085W,YOR133W,0,-4.9730844,0.24993732571601868,0.996999979019165,0.29919999837875366
YLR459W,YDR317W,0,-4.973098,0.24987468123435974,0.996999979019165,0.2992999851703644
YIL119C,YPL020C,0,-4.973278,0.2498120814561844,0.996999979019165,0.2994000017642975
YIR002C,YOL121C,0,-4.973383,0.24974949657917023,0.996999979019165,0.2994999885559082
YKL092C,YJL008C,0,-4.9734945,0.24968695640563965,0.996999979019165,0.2996000051498413
YLR129W,YNL280C,0,-4.9736085,0.24962443113327026,0.996999979019165,0.299699991941452
YER164W,YKL214C,0,-4.973711,0.24956195056438446,0.996999979019165,0.29980000853538513
YLR060W,YJL148W,0,-4.973728,0.24949949979782104,0.996999979019165,0.29989999532699585
YOR145C,YCL031C,0,-4.9738626,0.24943707883358002,0.996999979019165,0.30000001192092896
YLR028C,YDR335W,0,-4.97392,0.24937468767166138,0.996999979019165,0.3000999987125397
YKL001C,YDL229W,0,-4.9743156,0.24931232631206512,0.996999979019165,0.3001999855041504
YDL008W,YOR290C,0,-4.9743443,0.24924999475479126,0.996999979019165,0.3003000020980835
YKL191W,YPL021W,0,-4.9744205,0.24918770790100098,0.996999979019165,0.3003999888896942
YBR070C,YKR095W,0,-4.974618,0.2491254359483719,0.996999979019165,0.3005000054836273
YMR038C,YLR048W,0,-4.9747014,0.24906320869922638,0.996999979019165,0.30059999227523804
YOL086C,YBL071W-A,0,-4.9747252,0.24900099635124207,0.996999979019165,0.30070000886917114
YKL040C,YFL049W,0,-4.974752,0.24893882870674133,0.996999979019165,0.30079999566078186
YBR021W,YDR293C,0,-4.9749255,0.248876690864563,0.996999979019165,0.30090001225471497
YER164W,YHR203C,0,-4.975026,0.24881456792354584,0.996999979019165,0.3009999990463257
YHL020C,YOR116C,0,-4.9752016,0.24875248968601227,0.996999979019165,0.3010999858379364
YFR013W,YGR020C,0,-4.9752617,0.2486904412508011,0.996999979019165,0.3012000024318695
YLR015W,YLR435W,0,-4.975463,0.2486284226179123,0.996999979019165,0.3012999892234802
YPL242C,YGR090W,0,-4.9754734,0.24856644868850708,0.996999979019165,0.30140000581741333
YLR210W,YDR495C,0,-4.9754877,0.24850448966026306,0.996999979019165,0.30149999260902405
YGR057C,YIL167W,0,-4.9756336,0.24844256043434143,0.996999979019165,0.30160000920295715
YFR004W,YFL058W,0,-4.9758797,0.2483806610107422,0.996999979019165,0.30169999599456787
YPL224C,YLR386W,0,-4.9760294,0.24831880629062653,0.996999979019165,0.301800012588501
YNR038W,YGL090W,0,-4.9761944,0.24825696647167206,0.996999979019165,0.3018999993801117
YML071C,YER013W,0,-4.9762163,0.24819517135620117,0.996999979019165,0.3019999861717224
YEL032W,YAR035W,0,-4.9762206,0.24813340604305267,0.996999979019165,0.3021000027656555
YEL061C,YGR162W,0,-4.9763913,0.24807165563106537,0.996999979019165,0.30219998955726624
YAR003W,YOR270C,0,-4.976434,0.24800994992256165,0.996999979019165,0.30230000615119934
YJL090C,YBR055C,0,-4.976556,0.2479482740163803,0.996999979019165,0.30239999294281006
YOR023C,YOR317W,0,-4.9766226,0.24788662791252136,0.996999979019165,0.30250000953674316
YDL223C,YPR054W,0,-4.976642,0.2478250116109848,0.996999979019165,0.3025999963283539
YMR029C,YHR014W,0,-4.9767213,0.24776342511177063,0.996999979019165,0.302700012922287
YKL205W,YJR120W,0,-4.9767723,0.24770186841487885,0.996999979019165,0.3027999997138977
YAL034W-A,YGL011C,0,-4.9769754,0.24764034152030945,0.996999979019165,0.3028999865055084
YHR019C,YDL140C,0,-4.9771233,0.24757884442806244,0.996999979019165,0.30300000309944153
YKL022C,YOL066C,0,-4.977273,0.24751737713813782,0.996999979019165,0.30309998989105225
YDR208W,YJR156C,0,-4.977295,0.24745593965053558,0.996999979019165,0.30320000648498535
YOR061W,YDR283C,0,-4.9773626,0.24739454686641693,0.996999979019165,0.30329999327659607
YNL182C,YKL099C,0,-4.9774103,0.24733316898345947,0.996999979019165,0.3034000098705292
YIR017C,YGL028C,0,-4.97812,0.2472718209028244,0.996999979019165,0.3034999966621399
YGL013C,YGR144W,0,-4.978142,0.2472105175256729,0.996999979019165,0.303600013256073
YDR147W,YNR008W,0,-4.97834,0.24714922904968262,0.996999979019165,0.3037000000476837
YOR116C,YPR054W,0,-4.9784126,0.2470879852771759,0.996999979019165,0.30379998683929443
YBR272C,YBR254C,0,-4.9787083,0.24702675640583038,0.996999979019165,0.30390000343322754
YGR167W,YEL012W,0,-4.978897,0.24696557223796844,0.996999979019165,0.30399999022483826
YMR172W,YOR307C,0,-4.9790516,0.2469044029712677,0.996999979019165,0.30410000681877136
YOR316C,YIL167W,0,-4.9791994,0.24684327840805054,0.996999979019165,0.3041999936103821
YDR507C,YGL070C,0,-4.979244,0.24678218364715576,0.996999979019165,0.3043000102043152
YPL161C,YAL041W,0,-4.979398,0.24672110378742218,0.996999979019165,0.3043999969959259
YER126C,YIR011C,0,-4.979525,0.24666006863117218,0.996999979019165,0.304500013589859
YDR283C,YBR258C,0,-4.9796677,0.24659906327724457,0.996999979019165,0.3046000003814697
YBR200W,YHR096C,0,-4.979708,0.24653808772563934,0.996999979019165,0.30469998717308044
YOL063C,YER021W,0,-4.9797277,0.2464771270751953,0.996999979019165,0.30480000376701355
YJL191W,YPL210C,0,-4.979917,0.24641621112823486,0.996999979019165,0.30489999055862427
YDR265W,YNL267W,0,-4.9800577,0.2463553249835968,0.996999979019165,0.3050000071525574
YOL093W,YNL045W,0,-4.9802346,0.24629446864128113,0.996999979019165,0.3050999939441681
YMR112C,YEL026W,0,-4.980318,0.24623364210128784,0.996999979019165,0.3052000105381012
YDL198C,YLR265C,0,-4.9806223,0.24617284536361694,0.996999979019165,0.3052999973297119
YLR401C,YJL176C,0,-4.980772,0.24611207842826843,0.996999979019165,0.305400013923645
YJR055W,YML061C,0,-4.980832,0.24605132639408112,0.996999979019165,0.30550000071525574
YDR265W,YOR064C,0,-4.9809437,0.24599061906337738,0.996999979019165,0.30559998750686646
YOR204W,YAR002W,0,-4.980995,0.24592994153499603,0.996999979019165,0.30570000410079956
YDR382W,YPL130W,0,-4.9812074,0.24586929380893707,0.996999979019165,0.3057999908924103
YGR113W,YDR517W,0,-4.981257,0.2458086758852005,0.996999979019165,0.3059000074863434
YGL105W,YBR276C,0,-4.981706,0.24574808776378632,0.996999979019165,0.3059999942779541
YNR010W,YAL016W,0,-4.9817514,0.24568752944469452,0.996999979019165,0.3061000108718872
YDR484W,YAR035W,0,-4.981781,0.2456270009279251,0.996999979019165,0.3061999976634979
YER172C,YGL104C,0,-4.98202,0.2455665022134781,0.996999979019165,0.30630001425743103
YDR077W,YJR066W,0,-4.982049,0.24550603330135345,0.996999979019165,0.30640000104904175
YNL259C,YPR006C,0,-4.98211,0.2454455941915512,0.996999979019165,0.30649998784065247
YJL050W,YFR037C,0,-4.9822283,0.24538518488407135,0.996999979019165,0.30660000443458557
YJL005W,YJL110C,0,-4.9822407,0.24532480537891388,0.996999979019165,0.3066999912261963
YAL068C,YMR093W,0,-4.982506,0.2452644556760788,0.996999979019165,0.3068000078201294
YPR017C,YNL197C,0,-4.982514,0.2452041357755661,0.996999979019165,0.3068999946117401
YER025W,YGL168W,0,-4.9826274,0.2451438456773758,0.996999979019165,0.3070000112056732
YLR175W,YDR025W,0,-4.9828587,0.24508358538150787,0.996999979019165,0.30709999799728394
YGL047W,YJL072C,0,-4.9828777,0.24502333998680115,0.996999979019165,0.30720001459121704
YDR358W,YBR295W,0,-4.9830656,0.244963139295578,0.996999979019165,0.30730000138282776
YKR038C,YPL016W,0,-4.9831095,0.24490296840667725,0.996999979019165,0.3073999881744385
YLR335W,YML032C,0,-4.9831758,0.24484282732009888,0.996999979019165,0.3075000047683716
YML120C,YDL194W,0,-4.983363,0.2447827160358429,0.996999979019165,0.3075999915599823
YBR057C,YDR172W,0,-4.983616,0.2447226345539093,0.996999979019165,0.3077000081539154
YDL142C,YGL244W,0,-4.9836993,0.2446625828742981,0.996999979019165,0.3077999949455261
YIL119C,YGR213C,0,-4.983906,0.24460254609584808,0.996999979019165,0.30790001153945923
YAL058W,YHL036W,0,-4.984041,0.24454255402088165,0.996999979019165,0.30799999833106995
YNL251C,YPR189W,0,-4.984058,0.2444825917482376,0.996999979019165,0.30809998512268066
YDR211W,YOR069W,0,-4.9841275,0.24442265927791595,0.996999979019165,0.30820000171661377
YHL020C,YLR240W,0,-4.984232,0.2443627417087555,0.996999979019165,0.3082999885082245
YLR399C,YDL102W,0,-4.984289,0.2443028688430786,0.996999979019165,0.3084000051021576
YER016W,YML113W,0,-4.9843483,0.24424301087856293,0.996999979019165,0.3084999918937683
YPL233W,YBL014C,0,-4.9845004,0.24418319761753082,0.996999979019165,0.3086000084877014
YOL069W,YAR042W,0,-4.9845047,0.2441234141588211,0.996999979019165,0.30869999527931213
YER154W,YOR187W,0,-4.9846144,0.24406364560127258,0.996999979019165,0.30880001187324524
YDL161W,YNL267W,0,-4.984892,0.24400392174720764,0.996999979019165,0.30889999866485596
YIL128W,YPR032W,0,-4.9849586,0.2439442127943039,0.996999979019165,0.3089999854564667
YGR111W,YLR224W,0,-4.9850283,0.24388453364372253,0.996999979019165,0.3091000020503998
YLR052W,YNL282W,0,-4.9850664,0.24382489919662476,0.996999979019165,0.3091999888420105
YNL090W,YKL108W,0,-4.9850845,0.24376527965068817,0.996999979019165,0.3093000054359436
YHR171W,YLR259C,0,-4.9851117,0.24370568990707397,0.996999979019165,0.3093999922275543
YKR097W,YDR293C,0,-4.9852567,0.24364614486694336,0.996999979019165,0.3095000088214874
YBR200W,YMR309C,0,-4.9852753,0.24358661472797394,0.996999979019165,0.30959999561309814
YLR039C,YFR004W,0,-4.9853144,0.2435271143913269,0.996999979019165,0.30970001220703125
YML095C,YFL037W,0,-4.9853516,0.24346764385700226,0.996999979019165,0.30979999899864197
YOL063C,YDR296W,0,-4.9855194,0.243408203125,0.996999979019165,0.3098999857902527
YPR131C,YAL033W,0,-4.9855623,0.24334879219532013,0.996999979019165,0.3100000023841858
YBL079W,YGR013W,0,-4.9856844,0.24328941106796265,0.996999979019165,0.3100999891757965
YDL069C,YGR004W,0,-4.985728,0.24323005974292755,0.996999979019165,0.3102000057697296
YJL102W,YMR214W,0,-4.985799,0.24317073822021484,0.996999979019165,0.31029999256134033
YBR172C,YDR398W,0,-4.985819,0.24311143159866333,0.996999979019165,0.31040000915527344
YMR001C,YCR034W,0,-4.985952,0.2430521696805954,0.996999979019165,0.31049999594688416
YDR184C,YLR442C,0,-4.985959,0.24299293756484985,0.996999979019165,0.31060001254081726
YNL327W,YBR008C,0,-4.9860334,0.2429337203502655,0.996999979019165,0.310699999332428
YOR036W,YKL188C,0,-4.986186,0.24287454783916473,0.996999979019165,0.3107999861240387
YJR045C,YLR360W,0,-4.986456,0.24281539022922516,0.996999979019165,0.3109000027179718
YGL011C,YBR240C,0,-4.986534,0.24275626242160797,0.996999979019165,0.3109999895095825
YPR104C,YIL135C,0,-4.9865885,0.24269717931747437,0.996999979019165,0.3111000061035156
YJR097W,YFR040W,0,-4.9866962,0.24263811111450195,0.996999979019165,0.31119999289512634
YGR256W,YLL060C,0,-4.9867573,0.24257907271385193,0.996999979019165,0.31130000948905945
YBL015W,YIL119C,0,-4.9868107,0.2425200641155243,0.996999979019165,0.31139999628067017
YOR137C,YDR115W,0,-4.987235,0.24246108531951904,0.996999979019165,0.31150001287460327
YLR223C,YFL005W,0,-4.9873266,0.24240213632583618,0.996999979019165,0.311599999666214
YBR135W,YOR269W,0,-4.9877214,0.2423432171344757,0.996999979019165,0.3116999864578247
YNL292W,YLR340W,0,-4.988079,0.24228432774543762,0.996999979019165,0.3118000030517578
YPL046C,YAL025C,0,-4.988349,0.24222546815872192,0.996999979019165,0.31189998984336853
YNL133C,YDL188C,0,-4.988378,0.24216662347316742,0.996999979019165,0.31200000643730164
YDL093W,YEL026W,0,-4.988558,0.2421078234910965,0.996999979019165,0.31209999322891235
YML118W,YPR007C,0,-4.988632,0.24204903841018677,0.996999979019165,0.31220000982284546
YNL331C,YLR332W,0,-4.9887605,0.24199029803276062,0.996999979019165,0.3122999966144562
YKR026C,YER013W,0,-4.9889145,0.24193157255649567,0.996999979019165,0.3124000132083893
YNL078W,YBR295W,0,-4.9889517,0.2418728768825531,0.996999979019165,0.3125
YBL098W,YPL155C,0,-4.9890747,0.24181421101093292,0.996999979019165,0.3125999867916107
YCL066W,YGR081C,0,-4.9890947,0.24175557494163513,0.996999979019165,0.3127000033855438
YNL279W,YMR125W,0,-4.989179,0.24169696867465973,0.996999979019165,0.31279999017715454
YLR166C,YBR058C-A,0,-4.989205,0.2416383922100067,0.996999979019165,0.31290000677108765
YGL241W,YER024W,0,-4.9892826,0.2415798455476761,0.996999979019165,0.31299999356269836
YBL074C,YHR123W,0,-4.989307,0.24152131378650665,0.996999979019165,0.31310001015663147
YNL020C,YJL034W,0,-4.9894676,0.2414628267288208,0.996999979019165,0.3131999969482422
YGR004W,YLR222C,0,-4.9894996,0.24140435457229614,0.996999979019165,0.3133000135421753
YER118C,YKL178C,0,-4.989521,0.24134592711925507,0.996999979019165,0.313400000333786
YDR182W,YDR451C,0,-4.9899063,0.24128751456737518,0.996999979019165,0.31349998712539673
YDR446W,YFL024C,0,-4.9900494,0.2412291318178177,0.996999979019165,0.31360000371932983
YLR216C,YIL109C,0,-4.990117,0.24117077887058258,0.996999979019165,0.31369999051094055
YLR136C,YJL069C,0,-4.9901237,0.24111245572566986,0.996999979019165,0.31380000710487366
YOR038C,YMR179W,0,-4.990556,0.24105416238307953,0.996999979019165,0.3138999938964844
YJL170C,YOL113W,0,-4.990561,0.2409958839416504,0.996999979019165,0.3140000104904175
YOR204W,YDL224C,0,-4.9906793,0.24093765020370483,0.996999979019165,0.3140999972820282
YPR143W,YNL272C,0,-4.9908986,0.24087944626808167,0.996999979019165,0.3142000138759613
YIL150C,YDL120W,0,-4.9910536,0.2408212572336197,0.996999979019165,0.314300000667572
YJR105W,YLL011W,0,-4.9910913,0.2407630980014801,0.996999979019165,0.31439998745918274
YKL117W,YDR285W,0,-4.991132,0.2407049685716629,0.996999979019165,0.31450000405311584
YGL119W,YGR258C,0,-4.991172,0.2406468689441681,0.996999979019165,0.31459999084472656
YDL247W,YOL006C,0,-4.9913855,0.24058879911899567,0.996999979019165,0.31470000743865967
YDL051W,YLR139C,0,-4.9913864,0.24053075909614563,0.996999979019165,0.3147999942302704
YJR076C,YKL178C,0,-4.991513,0.24047274887561798,0.996999979019165,0.3149000108242035
YBR274W,YPL231W,0,-4.9915247,0.24041475355625153,0.996999979019165,0.3149999976158142
YKL057C,YPL193W,0,-4.9915514,0.24035680294036865,0.996999979019165,0.3151000142097473
YIR017C,YDR028C,0,-4.991611,0.24029886722564697,0.996999979019165,0.31520000100135803
YGL211W,YDR091C,0,-4.991646,0.24024096131324768,0.996999979019165,0.31529998779296875
YDR517W,YBL064C,0,-4.991679,0.24018308520317078,0.996999979019165,0.31540000438690186
YLR309C,YEL062W,0,-4.9918613,0.24012523889541626,0.996999979019165,0.3154999911785126
YBR200W,YCR086W,0,-4.991993,0.24006742238998413,0.996999979019165,0.3156000077724457
YIL159W,YDR153C,0,-4.9922485,0.2400096356868744,0.996999979019165,0.3156999945640564
YER038C,YPR036W,0,-4.9925227,0.23995186388492584,0.996999979019165,0.3158000111579895
YAL054C,YLR135W,0,-4.9925427,0.23989412188529968,0.996999979019165,0.3158999979496002
YCL024W,YHL020C,0,-4.9927964,0.2398364245891571,0.996999979019165,0.3160000145435333
YJR150C,YDR123C,0,-4.992887,0.23977874219417572,0.996999979019165,0.31610000133514404
YEL003W,YJL061W,0,-4.9928904,0.23972108960151672,0.996999979019165,0.31619998812675476
YBR072W,YBR114W,0,-4.992965,0.23966346681118011,0.996999979019165,0.31630000472068787
YOR259C,YFL058W,0,-4.993393,0.2396058589220047,0.996999979019165,0.3163999915122986
YDR446W,YML091C,0,-4.9934325,0.23954829573631287,0.996999979019165,0.3165000081062317
YJL003W,YDR393W,0,-4.9936514,0.23949074745178223,0.996999979019165,0.3165999948978424
YLR215C,YLR116W,0,-4.9938164,0.23943324387073517,0.996999979019165,0.3167000114917755
YDL065C,YGL233W,0,-4.993847,0.2393757551908493,0.996999979019165,0.31679999828338623
YDR363W,YJR135W-A,0,-4.993882,0.23931829631328583,0.996999979019165,0.31690001487731934
YNL327W,YGL045W,0,-4.993907,0.23926085233688354,0.996999979019165,0.31700000166893005
YML103C,YOR217W,0,-4.993921,0.23920345306396484,0.996999979019165,0.31709998846054077
YMR172W,YDR268W,0,-4.994002,0.23914608359336853,0.996999979019165,0.3172000050544739
YBR202W,YDR159W,0,-4.99418,0.2390887290239334,0.996999979019165,0.3172999918460846
YER027C,YML088W,0,-4.9942174,0.23903140425682068,0.996999979019165,0.3174000084400177
YNL023C,YBL008W,0,-4.994236,0.23897410929203033,0.996999979019165,0.3174999952316284
YIL150C,YGR229C,0,-4.9944267,0.23891684412956238,0.996999979019165,0.3176000118255615
YMR011W,YEL037C,0,-4.99444,0.2388596087694168,0.996999979019165,0.31769999861717224
YML040W,YMR046C,1,-4.994554,0.23904190957546234,0.9980000257492065,0.31769999861717224
YGR165W,YPL045W,0,-4.9945846,0.23898467421531677,0.9980000257492065,0.31779998540878296
YGR230W,YOR279C,0,-4.994747,0.2389274537563324,0.9980000257492065,0.31790000200271606
YJL024C,YPL155C,0,-4.9948425,0.2388702780008316,0.9980000257492065,0.3179999887943268
YPL243W,YDL229W,0,-4.995222,0.238813117146492,0.9980000257492065,0.3181000053882599
YLR182W,YBR126C,0,-4.995459,0.2387559860944748,0.9980000257492065,0.3181999921798706
YPR057W,YOR025W,0,-4.995555,0.23869886994361877,0.9980000257492065,0.3183000087738037
YMR220W,YBL004W,0,-4.9956026,0.23864179849624634,0.9980000257492065,0.31839999556541443
YNL008C,YLR016C,0,-4.9957323,0.2385847419500351,0.9980000257492065,0.31850001215934753
YLR384C,YDR372C,0,-4.9957395,0.23852773010730743,0.9980000257492065,0.31859999895095825
YJR137C,YNL186W,0,-4.99576,0.23847073316574097,0.9980000257492065,0.31869998574256897
YAR002C-A,YPL210C,0,-4.9958386,0.2384137660264969,0.9980000257492065,0.3188000023365021
YBR274W,YOR005C,0,-4.9959307,0.238356813788414,0.9980000257492065,0.3188999891281128
YFL022C,YDL217C,0,-4.9960995,0.2382999062538147,0.9980000257492065,0.3190000057220459
YHR084W,YGL112C,0,-4.996176,0.2382430136203766,0.9980000257492065,0.3190999925136566
YKL134C,YML085C,0,-4.9963636,0.23818615078926086,0.9980000257492065,0.3192000091075897
YPR017C,YDR213W,0,-4.996414,0.23812931776046753,0.9980000257492065,0.31929999589920044
YJL170C,YOL100W,0,-4.9965696,0.23807251453399658,0.9980000257492065,0.31940001249313354
YMR240C,YJL010C,0,-4.996648,0.23801574110984802,0.9980000257492065,0.31949999928474426
YGL027C,YDR302W,0,-4.9967012,0.23795898258686066,0.9980000257492065,0.319599986076355
YJR055W,YFR030W,0,-4.9968224,0.23790226876735687,0.9980000257492065,0.3197000026702881
YHR077C,YDR243C,0,-4.997102,0.23784556984901428,0.9980000257492065,0.3197999894618988
YDR384C,YJR147W,0,-4.9976177,0.23778890073299408,0.9980000257492065,0.3199000060558319
YJL201W,YGR170W,0,-4.9978056,0.23773224651813507,0.9980000257492065,0.3199999928474426
YJL053W,YDL033C,0,-4.9981,0.23767563700675964,0.9980000257492065,0.32010000944137573
YIL140W,YDR320C,0,-4.998107,0.2376190423965454,0.9980000257492065,0.32019999623298645
YDR424C,YER031C,0,-4.998142,0.23756249248981476,0.9980000257492065,0.32030001282691956
YDR524C,YOR115C,0,-4.9981937,0.2375059425830841,0.9980000257492065,0.3203999996185303
YIL095W,YBR165W,0,-4.998375,0.23744943737983704,0.9980000257492065,0.320499986410141
YDL102W,YMR212C,0,-4.9984503,0.23739296197891235,0.9980000257492065,0.3206000030040741
YPR155C,YGR183C,0,-4.9986734,0.23733650147914886,0.9980000257492065,0.3206999897956848
YOL139C,YHR048W,0,-4.9986796,0.23728007078170776,0.9980000257492065,0.3208000063896179
YJL112W,YML021C,0,-4.9987574,0.23722366988658905,0.9980000257492065,0.32089999318122864
YPL021W,YBL056W,0,-4.998767,0.23716729879379272,0.9980000257492065,0.32100000977516174
YGR202C,YDL093W,0,-4.9987926,0.2371109575033188,0.9980000257492065,0.32109999656677246
YMR043W,YIL073C,0,-4.998838,0.23705463111400604,0.9980000257492065,0.32120001316070557
YBR170C,YNL202W,0,-4.9988384,0.23699833452701569,0.9980000257492065,0.3212999999523163
YBR112C,YMR101C,0,-4.998928,0.23694206774234772,0.9980000257492065,0.321399986743927
YOR149C,YGR008C,0,-4.9989686,0.23688583076000214,0.9980000257492065,0.3215000033378601
YDR389W,YLR337C,0,-4.9989815,0.23682960867881775,0.9980000257492065,0.3215999901294708
YBR234C,YDR517W,0,-4.9990253,0.23677343130111694,0.9980000257492065,0.32170000672340393
YOR037W,YLR233C,0,-4.999277,0.23671726882457733,0.9980000257492065,0.32179999351501465
YOL004W,YOR327C,0,-4.9993734,0.2366611361503601,0.9980000257492065,0.32190001010894775
YLR449W,YCL044C,0,-4.9993753,0.23660503327846527,0.9980000257492065,0.32199999690055847
YOR371C,YDL232W,0,-4.9994783,0.23654894530773163,0.9980000257492065,0.3221000134944916
YER164W,YDR416W,0,-4.9994855,0.23649288713932037,0.9980000257492065,0.3222000002861023
YGL008C,YKL019W,0,-4.9994984,0.2364368587732315,0.9980000257492065,0.322299987077713
YGL208W,YLR090W,0,-4.999591,0.23638086020946503,0.9980000257492065,0.3224000036716461
YML057W,YBR098W,0,-4.999833,0.23632489144802094,0.9980000257492065,0.32249999046325684
YIL033C,YJR104C,0,-4.9999204,0.23626893758773804,0.9980000257492065,0.32260000705718994
YOL145C,YKR057W,0,-4.999973,0.23621301352977753,0.9980000257492065,0.32269999384880066
YER111C,YPL020C,0,-5.0000963,0.2361571192741394,0.9980000257492065,0.32280001044273376
YCR107W,YIL013C,0,-5.000167,0.23610125482082367,0.9980000257492065,0.3228999972343445
YOR211C,YDL190C,0,-5.0002403,0.23604540526866913,0.9980000257492065,0.3230000138282776
YCR020C-A,YOL124C,0,-5.0004325,0.23598960041999817,0.9980000257492065,0.3231000006198883
YPL006W,YOR307C,0,-5.000783,0.2359338104724884,0.9980000257492065,0.323199987411499
YNL101W,YPL256C,0,-5.0008073,0.23587805032730103,0.9980000257492065,0.32330000400543213
YGR183C,YMR201C,0,-5.000942,0.23582230508327484,0.9980000257492065,0.32339999079704285
YBL006C,YNL006W,0,-5.0011606,0.23576658964157104,0.9980000257492065,0.32350000739097595
YPR021C,YNR048W,0,-5.001199,0.23571091890335083,0.9980000257492065,0.32359999418258667
YER183C,YLR384C,0,-5.0012417,0.23565524816513062,0.9980000257492065,0.3237000107765198
YOL077C,YMR001C,0,-5.001292,0.23559962213039398,0.9980000257492065,0.3237999975681305
YLL009C,YLR371W,0,-5.00141,0.23554401099681854,0.9980000257492065,0.3239000141620636
YFR002W,YGR202C,0,-5.0015955,0.23548844456672668,0.9980000257492065,0.3240000009536743
YGL073W,YCR091W,0,-5.001629,0.23543287813663483,0.9980000257492065,0.32409998774528503
YCL016C,YLR181C,0,-5.0016603,0.23537735641002655,0.9980000257492065,0.32420000433921814
YBR217W,YIR041W,0,-5.001723,0.23532186448574066,0.9980000257492065,0.32429999113082886
YGR175C,YDL039C,0,-5.00197,0.23526638746261597,0.9980000257492065,0.32440000772476196
YPL021W,YJR013W,0,-5.0023193,0.23521094024181366,0.9980000257492065,0.3244999945163727
YLR145W,YOR261C,0,-5.0023203,0.23515550792217255,0.9980000257492065,0.3246000111103058
YGR261C,YOR112W,0,-5.002347,0.23510012030601501,0.9980000257492065,0.3246999979019165
YOR269W,YPR186C,0,-5.0023527,0.23504474759101868,0.9980000257492065,0.3248000144958496
YGL017W,YMR112C,0,-5.0024166,0.23498940467834473,0.9980000257492065,0.3249000012874603
YFL055W,YNL280C,0,-5.002465,0.23493409156799316,0.9980000257492065,0.32499998807907104
YNL261W,YOR308C,0,-5.002577,0.2348787933588028,0.9980000257492065,0.32510000467300415
YDL006W,YDR447C,0,-5.0029025,0.23482352495193481,0.9980000257492065,0.32519999146461487
YMR280C,YAL025C,0,-5.0029535,0.23476828634738922,0.9980000257492065,0.325300008058548
YGR158C,YOR140W,0,-5.0030103,0.23471307754516602,0.9980000257492065,0.3253999948501587
YPL192C,YBR002C,0,-5.0031385,0.234657883644104,0.9980000257492065,0.3255000114440918
YBR207W,YPR094W,0,-5.0031466,0.23460271954536438,0.9980000257492065,0.3255999982357025
YOL124C,YOR332W,0,-5.003216,0.23454758524894714,0.9980000257492065,0.3257000148296356
YBR010W,YGR057C,0,-5.003254,0.2344924807548523,0.9980000257492065,0.32580000162124634
YGL005C,YER002W,0,-5.003352,0.23443739116191864,0.9980000257492065,0.32589998841285706
YDL099W,YGL181W,0,-5.003389,0.23438234627246857,0.9980000257492065,0.32600000500679016
YER112W,YOR348C,0,-5.0034924,0.2343273013830185,0.9980000257492065,0.3260999917984009
YFR021W,YCR012W,0,-5.00353,0.234272301197052,0.9980000257492065,0.326200008392334
YFR047C,YLL050C,0,-5.003584,0.2342173159122467,0.9980000257492065,0.3262999951839447
YIR005W,YLR335W,0,-5.003852,0.2341623604297638,0.9980000257492065,0.3264000117778778
YGR088W,YOR130C,0,-5.0040836,0.23410743474960327,0.9980000257492065,0.3264999985694885
YNL292W,YNL045W,0,-5.004123,0.23405253887176514,0.9980000257492065,0.32659998536109924
YDR118W,YDR329C,0,-5.0041423,0.2339976578950882,0.9980000257492065,0.32670000195503235
YAL031C,YBL034C,0,-5.0046616,0.23394280672073364,0.9980000257492065,0.32679998874664307
YER157W,YDL101C,0,-5.0046945,0.23388797044754028,0.9980000257492065,0.32690000534057617
YLR078C,YGL183C,0,-5.0047026,0.2338331788778305,0.9980000257492065,0.3269999921321869
YGR268C,YJR022W,0,-5.0047445,0.23377840220928192,0.9980000257492065,0.32710000872612
YLL003W,YLR383W,0,-5.0050297,0.23372365534305573,0.9980000257492065,0.3271999955177307
YDR320C,YMR260C,0,-5.0050936,0.23366892337799072,0.9980000257492065,0.3273000121116638
YPL115C,YMR142C,0,-5.0051217,0.2336142361164093,0.9980000257492065,0.32739999890327454
YJL173C,YGR002C,0,-5.0051374,0.23355956375598907,0.9980000257492065,0.32749998569488525
YPR020W,YPL041C,0,-5.0051513,0.23350490629673004,0.9980000257492065,0.32760000228881836
YNL094W,YFR021W,0,-5.005195,0.2334502935409546,0.9980000257492065,0.3276999890804291
YJL128C,YBR081C,0,-5.0052123,0.23339569568634033,0.9980000257492065,0.3278000056743622
YGL241W,YER123W,0,-5.005336,0.23334112763404846,0.9980000257492065,0.3278999924659729
YIL009C-A,YBR216C,0,-5.0053816,0.23328658938407898,0.9980000257492065,0.328000009059906
YPR034W,YCL014W,0,-5.005486,0.2332320660352707,0.9980000257492065,0.3280999958515167
YGR036C,YOR025W,0,-5.005526,0.2331775724887848,0.9980000257492065,0.32820001244544983
YDL044C,YBL064C,0,-5.0055265,0.23312310874462128,0.9980000257492065,0.32829999923706055
YER045C,YGL210W,0,-5.005594,0.23306865990161896,0.9980000257492065,0.32839998602867126
YLR355C,YAL024C,0,-5.005744,0.23301424086093903,0.9980000257492065,0.32850000262260437
YBL097W,YMR138W,0,-5.005906,0.23295985162258148,0.9980000257492065,0.3285999894142151
YGL245W,YOR018W,0,-5.006002,0.23290547728538513,0.9980000257492065,0.3287000060081482
YAR002C-A,YOR212W,0,-5.0060244,0.23285114765167236,0.9980000257492065,0.3287999927997589
YMR004W,YOR321W,0,-5.006097,0.2327968329191208,0.9980000257492065,0.328900009393692
YIL042C,YPL176C,0,-5.006178,0.2327425330877304,0.9980000257492065,0.32899999618530273
YKL054C,YKR097W,0,-5.0062513,0.2326882779598236,0.9980000257492065,0.32910001277923584
YNR060W,YNR034W,0,-5.0063906,0.232634037733078,0.9980000257492065,0.32919999957084656
YIL010W,YLR190W,0,-5.0065093,0.2325798124074936,0.9980000257492065,0.3292999863624573
YAL012W,YML080W,0,-5.0065136,0.23252563178539276,0.9980000257492065,0.3294000029563904
YER118C,YER190W,0,-5.0066147,0.23247146606445312,0.9980000257492065,0.3294999897480011
YGR029W,YCR071C,0,-5.0067015,0.23241733014583588,0.9980000257492065,0.3296000063419342
YFL023W,YLR139C,0,-5.0067053,0.23236320912837982,0.9980000257492065,0.3296999931335449
YOL067C,YDR129C,0,-5.006706,0.23230911791324615,0.9980000257492065,0.329800009727478
YLR175W,YGR060W,0,-5.006749,0.23225505650043488,0.9980000257492065,0.32989999651908875
YGL119W,YMR220W,0,-5.0068264,0.23220102488994598,0.9980000257492065,0.33000001311302185
YDR017C,YDR288W,0,-5.006984,0.2321470081806183,0.9980000257492065,0.33009999990463257
YDR492W,YPL031C,0,-5.007101,0.23209302127361298,0.9980000257492065,0.3301999866962433
YNL101W,YHR204W,0,-5.00718,0.23203906416893005,0.9980000257492065,0.3303000032901764
YKR026C,YBR030W,0,-5.0072165,0.23198512196540833,0.9980000257492065,0.3303999900817871
YOR239W,YOR147W,0,-5.007331,0.23193120956420898,0.9980000257492065,0.3305000066757202
YGR142W,YMR135C,0,-5.007435,0.23187732696533203,0.9980000257492065,0.33059999346733093
YHR039C,YDR288W,0,-5.007479,0.23182345926761627,0.9980000257492065,0.33070001006126404
YLR011W,YIL101C,0,-5.0075507,0.2317696213722229,0.9980000257492065,0.33079999685287476
YML015C,YPR121W,0,-5.007564,0.23171581327915192,0.9980000257492065,0.33090001344680786
YKL073W,YHR084W,0,-5.0077224,0.23166202008724213,0.9980000257492065,0.3310000002384186
YDL115C,YER125W,0,-5.007762,0.23160825669765472,0.9980000257492065,0.3310999870300293
YER040W,YOR269W,0,-5.00785,0.2315545231103897,0.9980000257492065,0.3312000036239624
YBR081C,YKR001C,0,-5.007962,0.23150081932544708,0.9980000257492065,0.3312999904155731
YLR411W,YPL002C,0,-5.0081654,0.23144713044166565,0.9980000257492065,0.3314000070095062
YDL087C,YOR083W,0,-5.008175,0.2313934564590454,0.9980000257492065,0.33149999380111694
YPL100W,YDL174C,0,-5.008232,0.23133982717990875,0.9980000257492065,0.33160001039505005
YOL076W,YGR048W,0,-5.0083556,0.2312862128019333,0.9980000257492065,0.33169999718666077
YHR169W,YDR062W,0,-5.008364,0.2312326282262802,0.9980000257492065,0.33180001378059387
YBR112C,YOR194C,0,-5.008407,0.23117905855178833,0.9980000257492065,0.3319000005722046
YMR167W,YAR042W,0,-5.008439,0.23112551867961884,0.9980000257492065,0.3319999873638153
YLR127C,YDR011W,0,-5.008465,0.23107200860977173,0.9980000257492065,0.3321000039577484
YDL143W,YJR097W,0,-5.0085506,0.23101851344108582,0.9980000257492065,0.33219999074935913
YGL047W,YER118C,0,-5.0089097,0.2309650480747223,0.9980000257492065,0.33230000734329224
YIL009C-A,YOR332W,0,-5.0090165,0.23091161251068115,0.9980000257492065,0.33239999413490295
YGL133W,YNL082W,0,-5.0090775,0.2308582067489624,0.9980000257492065,0.33250001072883606
YOR201C,YCR024C-A,0,-5.0093446,0.23080481588840485,0.9980000257492065,0.3325999975204468
YNL061W,YML114C,0,-5.009346,0.23075143992900848,0.9980000257492065,0.3327000141143799
YDR329C,YDL212W,0,-5.009489,0.2306981086730957,0.9980000257492065,0.3328000009059906
YOR348C,YIL063C,0,-5.010053,0.23064479231834412,0.9980000257492065,0.3328999876976013
YOR028C,YNL167C,0,-5.0100756,0.23059149086475372,0.9980000257492065,0.3330000042915344
YIL119C,YBR240C,0,-5.010144,0.2305382341146469,0.9980000257492065,0.33309999108314514
YBL090W,YER031C,0,-5.0101604,0.2304849922657013,0.9980000257492065,0.33320000767707825
YLR361C,YGR268C,0,-5.0106854,0.23043176531791687,0.9980000257492065,0.33329999446868896
YHR102W,YPL224C,0,-5.010891,0.23037858307361603,0.9980000257492065,0.33340001106262207
YNL147W,YFR037C,0,-5.0110207,0.23032541573047638,0.9980000257492065,0.3334999978542328
YDR110W,YML107C,0,-5.0110273,0.23027226328849792,0.9980000257492065,0.3336000144481659
YKR027W,YDR238C,0,-5.011074,0.23021914064884186,0.9980000257492065,0.3337000012397766
YNR067C,YDR073W,0,-5.011193,0.23016604781150818,0.9980000257492065,0.33379998803138733
YOR038C,YBR154C,0,-5.011307,0.2301129847764969,0.9980000257492065,0.33390000462532043
YER117W,YPL129W,0,-5.0113435,0.2300599366426468,0.9980000257492065,0.33399999141693115
YKL029C,YDL244W,0,-5.0113564,0.23000691831111908,0.9980000257492065,0.33410000801086426
YHR039C,YER173W,0,-5.0116196,0.22995391488075256,0.9980000257492065,0.334199994802475
YNL202W,YJL176C,0,-5.011969,0.22990094125270844,0.9980000257492065,0.3343000113964081
YPL084W,YKR046C,0,-5.0119987,0.2298479974269867,0.9980000257492065,0.3343999981880188
YMR136W,YOR207C,0,-5.012068,0.22979506850242615,0.9980000257492065,0.3345000147819519
YER054C,YDR416W,0,-5.012084,0.229742169380188,0.9980000257492065,0.3346000015735626
YMR133W,YJL121C,0,-5.012157,0.22968930006027222,0.9980000257492065,0.33469998836517334
YDL014W,YER149C,0,-5.0122814,0.22963644564151764,0.9980000257492065,0.33480000495910645
YLR170C,YLR175W,0,-5.0124044,0.22958362102508545,0.9980000257492065,0.33489999175071716
YER056C,YER032W,0,-5.012604,0.22953082621097565,0.9980000257492065,0.33500000834465027
YIL037C,YDR055W,0,-5.012801,0.22947804629802704,0.9980000257492065,0.335099995136261
YGR036C,YHR082C,0,-5.0129156,0.22942528128623962,0.9980000257492065,0.3352000117301941
YAL021C,YOR004W,0,-5.012994,0.2293725609779358,0.9980000257492065,0.3352999985218048
YPL161C,YIR017C,0,-5.013092,0.22931985557079315,0.9980000257492065,0.3353999853134155
YLL041C,YNL304W,0,-5.013135,0.2292671650648117,0.9980000257492065,0.33550000190734863
YHR142W,YKL175W,0,-5.0132685,0.22921451926231384,0.9980000257492065,0.33559998869895935
YGR113W,YFL058W,0,-5.0133324,0.22916188836097717,0.9980000257492065,0.33570000529289246
YCR026C,YJR044C,0,-5.01335,0.2291092723608017,0.9980000257492065,0.3357999920845032
YER142C,YMR149W,0,-5.0134068,0.2290566861629486,0.9980000257492065,0.3359000086784363
YDR087C,YMR079W,0,-5.013423,0.2290041297674179,0.9980000257492065,0.335999995470047
YLR319C,YBR212W,0,-5.013464,0.2289515882730484,0.9980000257492065,0.3361000120639801
YBR132C,YLR045C,0,-5.0136366,0.22889907658100128,0.9980000257492065,0.3361999988555908
YPL049C,YOR313C,0,-5.0136957,0.22884659469127655,0.9980000257492065,0.33629998564720154
YCL038C,YPL271W,0,-5.013729,0.228794127702713,0.9980000257492065,0.33640000224113464
YMR015C,YKR007W,0,-5.0137424,0.22874169051647186,0.9980000257492065,0.33649998903274536
YFL016C,YOL069W,0,-5.0138526,0.2286892831325531,0.9980000257492065,0.33660000562667847
YBR158W,YJR040W,0,-5.0139756,0.22863689064979553,0.9980000257492065,0.3366999924182892
YPL227C,YDR194C,0,-5.013988,0.22858451306819916,0.9980000257492065,0.3368000090122223
YPL270W,YGR070W,0,-5.014268,0.22853218019008636,0.9980000257492065,0.336899995803833
YPL187W,YBR084W,0,-5.014431,0.22847984731197357,0.9980000257492065,0.3370000123977661
YGR170W,YGR002C,0,-5.0145574,0.22842755913734436,0.9980000257492065,0.33709999918937683
YNL233W,YFR001W,0,-5.0147805,0.22837528586387634,0.9980000257492065,0.33719998598098755
YDR219C,YML014W,0,-5.014847,0.2283230423927307,0.9980000257492065,0.33730000257492065
YBR186W,YOR172W,0,-5.014906,0.22827081382274628,0.9980000257492065,0.33739998936653137
YKL192C,YMR237W,0,-5.0150776,0.22821861505508423,0.9980000257492065,0.3375000059604645
YLR295C,YKR087C,0,-5.0150914,0.22816643118858337,0.9980000257492065,0.3375999927520752
YPL202C,YEL060C,0,-5.015095,0.2281142920255661,0.9980000257492065,0.3377000093460083
YBR231C,YMR093W,0,-5.01529,0.22806215286254883,0.9980000257492065,0.337799996137619
YDR075W,YPL033C,0,-5.0153513,0.22801005840301514,0.9980000257492065,0.3379000127315521
YLR183C,YMR241W,0,-5.0153794,0.22795797884464264,0.9980000257492065,0.33799999952316284
YBR293W,YHR020W,0,-5.015393,0.22790591418743134,0.9980000257492065,0.33809998631477356
YDR198C,YPL083C,0,-5.0158825,0.22785387933254242,0.9980000257492065,0.33820000290870667
YBL019W,YPL083C,0,-5.015973,0.2278018742799759,0.9980000257492065,0.3382999897003174
YBR278W,YOL101C,0,-5.01611,0.22774988412857056,0.9980000257492065,0.3384000062942505
YFL024C,YJL061W,0,-5.016163,0.2276979237794876,0.9980000257492065,0.3384999930858612
YDR288W,YML127W,0,-5.0161715,0.22764597833156586,0.9980000257492065,0.3386000096797943
YDR508C,YFR051C,0,-5.0162144,0.22759407758712769,0.9980000257492065,0.33869999647140503
YJL209W,YGR082W,0,-5.0164037,0.22754217684268951,0.9980000257492065,0.33880001306533813
YDR339C,YLL012W,0,-5.0168552,0.22749030590057373,0.9980000257492065,0.33889999985694885
YPL227C,YKL073W,0,-5.0169077,0.22743846476078033,0.9980000257492065,0.33899998664855957
YDR025W,YDL092W,0,-5.0173635,0.22738665342330933,0.9980000257492065,0.3391000032424927
YKR035W-A,YPL033C,0,-5.017577,0.2273348569869995,0.9980000257492065,0.3391999900341034
YKR046C,YPL047W,0,-5.0177627,0.2272830754518509,0.9980000257492065,0.3393000066280365
YDR172W,YOR194C,0,-5.017763,0.22723132371902466,0.9980000257492065,0.3393999934196472
YGR222W,YIL160C,0,-5.0180035,0.2271796017885208,0.9980000257492065,0.3395000100135803
YMR199W,YPL164C,0,-5.018184,0.22712789475917816,0.9980000257492065,0.33959999680519104
YDR060W,YKL055C,0,-5.0182147,0.2270762175321579,0.9980000257492065,0.33970001339912415
YMR299C,YDR309C,0,-5.0183377,0.22702457010746002,0.9980000257492065,0.33980000019073486
YML075C,YLR096W,0,-5.018416,0.22697293758392334,0.9980000257492065,0.3398999869823456
YMR109W,YNL251C,0,-5.0184355,0.22692133486270905,0.9980000257492065,0.3400000035762787
YDL040C,YOL121C,0,-5.0184813,0.22686974704265594,0.9980000257492065,0.3400999903678894
YKL057C,YOL124C,0,-5.0184927,0.22681818902492523,0.9980000257492065,0.3402000069618225
YPL100W,YOR126C,0,-5.018553,0.2267666459083557,0.9980000257492065,0.3402999937534332
YJL102W,YLR145W,0,-5.0186014,0.22671513259410858,0.9980000257492065,0.34040001034736633
YML075C,YGR275W,0,-5.0186415,0.22666363418102264,0.9980000257492065,0.34049999713897705
YBL074C,YKL148C,0,-5.0188327,0.2266121655702591,0.9980000257492065,0.34060001373291016
YHR108W,YGL246C,0,-5.018859,0.22656072676181793,0.9980000257492065,0.3407000005245209
YER167W,YLR332W,0,-5.0189004,0.22650930285453796,0.9980000257492065,0.3407999873161316
YLR276C,YOR298W,0,-5.019266,0.22645790874958038,0.9980000257492065,0.3409000039100647
YOR351C,YPR143W,0,-5.019326,0.226406529545784,0.9980000257492065,0.3409999907016754
YBL019W,YPR095C,0,-5.019415,0.22635518014431,0.9980000257492065,0.3411000072956085
YCR093W,YDR246W,0,-5.01959,0.2263038605451584,0.9980000257492065,0.34119999408721924
YJL167W,YNL044W,0,-5.019621,0.22625255584716797,0.9980000257492065,0.34130001068115234
YBR145W,YIL017C,0,-5.0196247,0.22620126605033875,0.9980000257492065,0.34139999747276306
YDR492W,YIL075C,0,-5.0197244,0.2261500060558319,0.9980000257492065,0.34150001406669617
YML075C,YAR008W,0,-5.020035,0.22609877586364746,0.9980000257492065,0.3416000008583069
YIL079C,YNL054W,0,-5.0200567,0.2260475605726242,0.9980000257492065,0.3416999876499176
YOL145C,YJR055W,0,-5.0201216,0.22599637508392334,0.9980000257492065,0.3418000042438507
YER167W,YLR256W,0,-5.020157,0.22594520449638367,0.9980000257492065,0.3418999910354614
YBR145W,YLR014C,0,-5.0201635,0.22589406371116638,0.9980000257492065,0.34200000762939453
YDL042C,YDR207C,0,-5.020211,0.22584295272827148,0.9980000257492065,0.34209999442100525
YBL008W,YPR162C,0,-5.0202603,0.22579185664653778,0.9980000257492065,0.34220001101493835
YOR257W,YDL154W,0,-5.020385,0.22574077546596527,0.9980000257492065,0.3422999978065491
YBL097W,YDR335W,0,-5.020487,0.22568973898887634,0.9980000257492065,0.3424000144004822
YMR091C,YKR060W,0,-5.020731,0.22563870251178741,0.9980000257492065,0.3425000011920929
YMR322C,YPR101W,0,-5.0207787,0.22558771073818207,0.9980000257492065,0.3425999879837036
YDL090C,YMR077C,0,-5.0207815,0.22553671896457672,0.9980000257492065,0.3427000045776367
YOL090W,YIR019C,0,-5.0208197,0.22548577189445496,0.9980000257492065,0.34279999136924744
YLL060C,YDR443C,0,-5.0209427,0.2254348248243332,0.9980000257492065,0.34290000796318054
YGR082W,YFL038C,0,-5.0210385,0.225383922457695,0.9980000257492065,0.34299999475479126
YPL174C,YOR081C,0,-5.021137,0.22533303499221802,0.9980000257492065,0.34310001134872437
YOR038C,YBR057C,0,-5.0211487,0.22528216242790222,0.9980000257492065,0.3431999981403351
YOL139C,YGR094W,0,-5.0214453,0.2252313196659088,0.9980000257492065,0.3433000147342682
YDR295C,YPR143W,0,-5.0215187,0.2251805067062378,0.9980000257492065,0.3434000015258789
YPR065W,YHR070W,0,-5.0216317,0.22512970864772797,0.9980000257492065,0.3434999883174896
YLR411W,YER126C,0,-5.021865,0.22507894039154053,0.9980000257492065,0.34360000491142273
YHR115C,YKL166C,0,-5.0218897,0.22502818703651428,0.9980000257492065,0.34369999170303345
YLL006W,YBR170C,0,-5.021969,0.22497746348381042,0.9980000257492065,0.34380000829696655
YPR181C,YPR054W,0,-5.0223637,0.22492675483226776,0.9980000257492065,0.34389999508857727
YLR206W,YFR003C,0,-5.022726,0.22487607598304749,0.9980000257492065,0.3440000116825104
YGL195W,YDL213C,0,-5.0228415,0.2248254120349884,0.9980000257492065,0.3440999984741211
YFL011W,YPR173C,0,-5.0229006,0.2247747778892517,0.9980000257492065,0.3441999852657318
YCR107W,YPL120W,0,-5.022953,0.2247241586446762,0.9980000257492065,0.3443000018596649
YPL161C,YGR041W,0,-5.0229535,0.2246735692024231,0.9980000257492065,0.34439998865127563
YHL020C,YPR101W,0,-5.023222,0.22462300956249237,0.9980000257492065,0.34450000524520874
YDR174W,YPR137W,0,-5.0232544,0.22457244992256165,0.9980000257492065,0.34459999203681946
YMR184W,YBR133C,0,-5.0233974,0.2245219349861145,0.9980000257492065,0.34470000863075256
YLR085C,YPL101W,0,-5.023586,0.22447143495082855,0.9980000257492065,0.3447999954223633
YGR108W,YIR015W,0,-5.023616,0.224420964717865,0.9980000257492065,0.3449000120162964
YMR055C,YOR259C,0,-5.0236588,0.22437050938606262,0.9980000257492065,0.3449999988079071
YHR036W,YCL069W,0,-5.0237203,0.22432006895542145,0.9980000257492065,0.3450999855995178
YHR005C,YIR015W,0,-5.0237427,0.22426965832710266,0.9980000257492065,0.3452000021934509
YMR042W,YNL182C,0,-5.023842,0.22421927750110626,0.9980000257492065,0.34529998898506165
YGR159C,YPR162C,0,-5.0239606,0.22416891157627106,0.9980000257492065,0.34540000557899475
YNR067C,YKL204W,0,-5.0239825,0.22411857545375824,0.9980000257492065,0.34549999237060547
YGR286C,YDR076W,0,-5.024008,0.22406825423240662,0.9980000257492065,0.3456000089645386
YIL075C,YDR320C,0,-5.0240307,0.22401796281337738,0.9980000257492065,0.3456999957561493
YGL073W,YLR032W,0,-5.0241327,0.22396768629550934,0.9980000257492065,0.3458000123500824
YDR288W,YJL173C,0,-5.0242043,0.22391743957996368,0.9980000257492065,0.3458999991416931
YBR085W,YDR309C,0,-5.0242796,0.22386720776557922,0.9980000257492065,0.34599998593330383
YNL094W,YBR293W,0,-5.024395,0.22381700575351715,0.9980000257492065,0.34610000252723694
YEL062W,YOL100W,0,-5.024556,0.22376681864261627,0.9980000257492065,0.34619998931884766
YJL002C,YEL065W,0,-5.024622,0.22371666133403778,0.9980000257492065,0.34630000591278076
YGR257C,YGR112W,0,-5.0246334,0.22366651892662048,0.9980000257492065,0.3463999927043915
YDR270W,YHR176W,0,-5.0247707,0.22361640632152557,0.9980000257492065,0.3465000092983246
YPL147W,YPR133C,0,-5.0249557,0.22356630861759186,0.9980000257492065,0.3465999960899353
YBR296C,YHR157W,0,-5.0252714,0.22351624071598053,0.9980000257492065,0.3467000126838684
YIL097W,YHR203C,0,-5.0253506,0.2234661877155304,0.9980000257492065,0.3467999994754791
YMR290C,YDR483W,0,-5.0253706,0.22341616451740265,0.9980000257492065,0.34689998626708984
YOR038C,YDL007W,0,-5.0253935,0.2233661562204361,0.9980000257492065,0.34700000286102295
YOR233W,YML114C,0,-5.025488,0.22331617772579193,0.9980000257492065,0.34709998965263367
YJR026W,YJR028W,1,-5.025488,0.2234899401664734,0.9990000128746033,0.34709998965263367
YDL115C,YBL088C,0,-5.0255547,0.22343994677066803,0.9990000128746033,0.3472000062465668
YOR147W,YHR012W,0,-5.0256476,0.22338998317718506,0.9990000128746033,0.3472999930381775
YPL126W,YFR048W,0,-5.02571,0.22334003448486328,0.9990000128746033,0.3474000096321106
YIL046W,YGL045W,0,-5.025913,0.2232901155948639,0.9990000128746033,0.3474999964237213
YDR099W,YGL033W,0,-5.025943,0.2232402265071869,0.9990000128746033,0.3476000130176544
YML021C,YKL014C,0,-5.026298,0.22319035232067108,0.9990000128746033,0.34769999980926514
YML128C,YDR459C,0,-5.026334,0.22314049303531647,0.9990000128746033,0.34779998660087585
YDR108W,YIL143C,0,-5.0266314,0.22309066355228424,0.9990000128746033,0.34790000319480896
YFL011W,YDR208W,0,-5.026663,0.2230408638715744,0.9990000128746033,0.3479999899864197
YNR003C,YDR025W,0,-5.0267496,0.22299106419086456,0.9990000128746033,0.3481000065803528
YAL024C,YKR057W,0,-5.0270147,0.2229413092136383,0.9990000128746033,0.3481999933719635
YNR010W,YCL008C,0,-5.0270395,0.22289156913757324,0.9990000128746033,0.3483000099658966
YDR236C,YGR252W,0,-5.0271,0.22284184396266937,0.9990000128746033,0.3483999967575073
YLL035W,YNL272C,0,-5.027112,0.2227921485900879,0.9990000128746033,0.34850001335144043
YDR211W,YER038C,0,-5.0271473,0.2227424681186676,0.9990000128746033,0.34860000014305115
YIL159W,YGR038W,0,-5.027195,0.2226928174495697,0.9990000128746033,0.34869998693466187
YLR007W,YNL201C,0,-5.0272956,0.2226431965827942,0.9990000128746033,0.34880000352859497
YBR274W,YDR082W,0,-5.02733,0.22259357571601868,0.9990000128746033,0.3488999903202057
YNL221C,YHR084W,0,-5.027358,0.22254399955272675,0.9990000128746033,0.3490000069141388
YLR425W,YOL129W,0,-5.0275393,0.222494438290596,0.9990000128746033,0.3490999937057495
YIR005W,YGR089W,0,-5.0275536,0.22244489192962646,0.9990000128746033,0.3492000102996826
YMR220W,YDL232W,0,-5.027918,0.2223953753709793,0.9990000128746033,0.34929999709129333
YGR098C,YDR123C,0,-5.028365,0.22234587371349335,0.9990000128746033,0.34940001368522644
YGR199W,YNL197C,0,-5.028431,0.22229640185832977,0.9990000128746033,0.34950000047683716
YMR068W,YAL013W,0,-5.0286098,0.2222469449043274,0.9990000128746033,0.3495999872684479
YLR286C,YCR091W,0,-5.028655,0.2221975028514862,0.9990000128746033,0.349700003862381
YBR098W,YLR335W,0,-5.028795,0.2221481055021286,0.9990000128746033,0.3497999906539917
YDL160C,YMR241W,0,-5.02912,0.222098708152771,0.9990000128746033,0.3499000072479248
YLR110C,YML057W,0,-5.0293627,0.22204934060573578,0.9990000128746033,0.3499999940395355
YNL123W,YLR249W,0,-5.0294657,0.22200000286102295,0.9990000128746033,0.35010001063346863
YML062C,YKL086W,0,-5.029557,0.2219506800174713,0.9990000128746033,0.35019999742507935
YJR140C,YGR008C,0,-5.0295963,0.22190137207508087,0.9990000128746033,0.35030001401901245
YKL012W,YGR169C,0,-5.0298967,0.22185209393501282,0.9990000128746033,0.35040000081062317
YOR137C,YJR066W,0,-5.030051,0.22180284559726715,0.9990000128746033,0.3504999876022339
YBR092C,YAR003W,0,-5.030076,0.22175361216068268,0.9990000128746033,0.350600004196167
YNL225C,YLL034C,0,-5.030914,0.2217043936252594,0.9990000128746033,0.3506999909877777
YBR243C,YJR135C,0,-5.030938,0.2216552048921585,0.9990000128746033,0.3508000075817108
YHR190W,YMR164C,0,-5.0309668,0.2216060310602188,0.9990000128746033,0.35089999437332153
YNL232W,YGR275W,0,-5.031065,0.2215568870306015,0.9990000128746033,0.35100001096725464
YDR331W,YMR164C,0,-5.031083,0.22150775790214539,0.9990000128746033,0.35109999775886536
YMR285C,YNL292W,0,-5.0312214,0.22145865857601166,0.9990000128746033,0.35120001435279846
YDR376W,YGL212W,0,-5.03129,0.22140957415103912,0.9990000128746033,0.3513000011444092
YMR073C,YKL082C,0,-5.0313497,0.22136051952838898,0.9990000128746033,0.3513999879360199
YNL039W,YPL126W,0,-5.031626,0.22131147980690002,0.9990000128746033,0.351500004529953
YNL061W,YGL135W,0,-5.0317645,0.22126245498657227,0.9990000128746033,0.3515999913215637
YPR201W,YOR003W,0,-5.031766,0.2212134599685669,0.9990000128746033,0.3517000079154968
YPL231W,YKR056W,0,-5.0318155,0.2211644947528839,0.9990000128746033,0.35179999470710754
YDL087C,YPR094W,0,-5.03183,0.22111554443836212,0.9990000128746033,0.35190001130104065
YLR295C,YKL178C,0,-5.0318413,0.22106660902500153,0.9990000128746033,0.35199999809265137
YGL047W,YHL036W,0,-5.0319786,0.22101770341396332,0.9990000128746033,0.3521000146865845
YGL033W,YLR335W,0,-5.0320177,0.2209688127040863,0.9990000128746033,0.3522000014781952
YFR024C-A,YOL044W,0,-5.0324655,0.22091995179653168,0.9990000128746033,0.3522999882698059
YHR171W,YHL020C,0,-5.032531,0.22087110579013824,0.9990000128746033,0.352400004863739
YJL025W,YNL253W,0,-5.032684,0.220822274684906,0.9990000128746033,0.35249999165534973
YJL209W,YIL095W,0,-5.0330014,0.22077347338199615,0.9990000128746033,0.35260000824928284
YGL153W,YGR180C,0,-5.0330625,0.2207247018814087,0.9990000128746033,0.35269999504089355
YCR034W,YKR085C,0,-5.033086,0.22067594528198242,0.9990000128746033,0.35280001163482666
YHL034C,YNL070W,0,-5.0331573,0.22062720358371735,0.9990000128746033,0.3528999984264374
YNL271C,YHR148W,0,-5.033222,0.22057849168777466,0.9990000128746033,0.3529999852180481
YCL055W,YLR167W,0,-5.0333333,0.22052979469299316,0.9990000128746033,0.3531000018119812
YIR021W,YHR172W,0,-5.0334673,0.22048112750053406,0.9990000128746033,0.3531999886035919
YHR194W,YDL170W,0,-5.033496,0.22043247520923615,0.9990000128746033,0.353300005197525
YMR272C,YGR144W,0,-5.0334973,0.22038385272026062,0.9990000128746033,0.35339999198913574
YEL032W,YBR293W,0,-5.0336237,0.2203352451324463,0.9990000128746033,0.35350000858306885
YBR132C,YML104C,0,-5.0336304,0.22028665244579315,0.9990000128746033,0.35359999537467957
YNL207W,YLR272C,0,-5.0338326,0.2202380895614624,0.9990000128746033,0.35370001196861267
YOR171C,YLR335W,0,-5.0339003,0.22018955647945404,0.9990000128746033,0.3537999987602234
YIL119C,YDR087C,0,-5.034003,0.22014103829860687,0.9990000128746033,0.3538999855518341
YKL178C,YGR082W,0,-5.034003,0.2200925350189209,0.9990000128746033,0.3540000021457672
YPR120C,YHR183W,0,-5.0340853,0.22004404664039612,0.9990000128746033,0.35409998893737793
YOL158C,YHR084W,0,-5.034206,0.21999560296535492,0.9990000128746033,0.35420000553131104
YGL236C,YLR008C,0,-5.0342317,0.21994715929031372,0.9990000128746033,0.35429999232292175
YPR021C,YML129C,0,-5.0343647,0.2198987454175949,0.9990000128746033,0.35440000891685486
YNR058W,YMR165C,0,-5.0344567,0.2198503464460373,0.9990000128746033,0.3544999957084656
YML042W,YBL035C,0,-5.034461,0.21980197727680206,0.9990000128746033,0.3546000123023987
YPL170W,YBR010W,0,-5.0345764,0.21975362300872803,0.9990000128746033,0.3546999990940094
YLR028C,YLR071C,0,-5.035209,0.21970529854297638,0.9990000128746033,0.3547999858856201
YBR234C,YDL117W,0,-5.0352163,0.21965698897838593,0.9990000128746033,0.3549000024795532
YER070W,YMR096W,0,-5.035305,0.21960870921611786,0.9990000128746033,0.35499998927116394
YNL297C,YBL055C,0,-5.035346,0.219560444355011,0.9990000128746033,0.35510000586509705
YGL029W,YDR369C,0,-5.0354223,0.2195121943950653,0.9990000128746033,0.35519999265670776
YGL192W,YBL050W,0,-5.035462,0.21946397423744202,0.9990000128746033,0.35530000925064087
YPL175W,YKR056W,0,-5.035791,0.21941576898097992,0.9990000128746033,0.3553999960422516
YGR286C,YJR135C,0,-5.0358744,0.2193675935268402,0.9990000128746033,0.3555000126361847
YPR201W,YOR368W,0,-5.0359335,0.2193194329738617,0.9990000128746033,0.3555999994277954
YER125W,YDR393W,0,-5.035992,0.21927128732204437,0.9990000128746033,0.35569998621940613
YAL012W,YHR108W,0,-5.0360403,0.21922317147254944,0.9990000128746033,0.35580000281333923
YMR073C,YLR014C,0,-5.036046,0.2191750705242157,0.9990000128746033,0.35589998960494995
YJL178C,YCR094W,0,-5.036153,0.21912699937820435,0.9990000128746033,0.35600000619888306
YFR052W,YMR266W,0,-5.036173,0.2190789431333542,0.9990000128746033,0.3560999929904938
YPL164C,YEL062W,0,-5.036232,0.21903091669082642,0.9990000128746033,0.3562000095844269
YOL039W,YAR008W,0,-5.03657,0.21898290514945984,0.9990000128746033,0.3562999963760376
YDR279W,YDR523C,0,-5.036845,0.21893490850925446,0.9990000128746033,0.3564000129699707
YPL174C,YDR532C,0,-5.03688,0.21888694167137146,0.9990000128746033,0.3564999997615814
YDR108W,YHR004C,0,-5.0369267,0.21883898973464966,0.9990000128746033,0.35659998655319214
YNL133C,YFL016C,0,-5.036961,0.21879106760025024,0.9990000128746033,0.35670000314712524
YNL051W,YOL012C,0,-5.0371995,0.21874316036701202,0.9990000128746033,0.35679998993873596
YJL013C,YPR031W,0,-5.037215,0.218695268034935,0.9990000128746033,0.35690000653266907
YBR088C,YDR529C,0,-5.037237,0.21864740550518036,0.9990000128746033,0.3569999933242798
YJR145C,YAR003W,0,-5.037337,0.21859955787658691,0.9990000128746033,0.3571000099182129
YPL244C,YPL022W,0,-5.0373507,0.21855174005031586,0.9990000128746033,0.3571999967098236
YDL081C,YPR133W-A,0,-5.0373716,0.218503937125206,0.9990000128746033,0.3573000133037567
YML016C,YDR453C,0,-5.0374107,0.21845614910125732,0.9990000128746033,0.35740000009536743
YBL084C,YDR328C,0,-5.0374675,0.21840839087963104,0.9990000128746033,0.35749998688697815
YOR381W,YGL094C,0,-5.037548,0.21836066246032715,0.9990000128746033,0.35760000348091125
YER054C,YOL127W,0,-5.0375605,0.21831293404102325,0.9990000128746033,0.357699990272522
YDL134C,YIL143C,0,-5.037648,0.21826523542404175,0.9990000128746033,0.3578000068664551
YFR041C,YJL059W,0,-5.0376787,0.21821756660938263,0.9990000128746033,0.3578999936580658
YGR286C,YJL109C,0,-5.037745,0.2181699126958847,0.9990000128746033,0.3580000102519989
YGL244W,YGR209C,0,-5.0378056,0.21812227368354797,0.9990000128746033,0.3580999970436096
YFL018C,YOR287C,0,-5.038017,0.21807464957237244,0.9990000128746033,0.3582000136375427
YNL078W,YNL207W,0,-5.038097,0.2180270552635193,0.9990000128746033,0.35830000042915344
YDR093W,YOR313C,0,-5.0382233,0.21797949075698853,0.9990000128746033,0.35839998722076416
YER020W,YDL035C,0,-5.038274,0.21793194115161896,0.9990000128746033,0.35850000381469727
YLR242C,YLR068W,0,-5.038286,0.21788440644741058,0.9990000128746033,0.358599990606308
YER013W,YJL145W,0,-5.0383296,0.2178369015455246,0.9990000128746033,0.3587000072002411
YDR069C,YHR143W,0,-5.0383625,0.2177894115447998,0.9990000128746033,0.3587999939918518
YER172C,YDR279W,0,-5.0383844,0.2177419364452362,0.9990000128746033,0.3589000105857849
YLR378C,YKR001C,0,-5.0383854,0.217694491147995,0.9990000128746033,0.35899999737739563
YNL279W,YOL110W,0,-5.038414,0.21764706075191498,0.9990000128746033,0.35910001397132874
YDR082W,YGL104C,0,-5.0384245,0.21759964525699615,0.9990000128746033,0.35920000076293945
YGR083C,YLR272C,0,-5.0384502,0.21755225956439972,0.9990000128746033,0.35929998755455017
YFR030W,YKL188C,0,-5.038486,0.21750490367412567,0.9990000128746033,0.3594000041484833
YPR018W,YDL092W,0,-5.0385127,0.21745754778385162,0.9990000128746033,0.359499990940094
YPR057W,YGR080W,0,-5.0385275,0.21741022169589996,0.9990000128746033,0.3596000075340271
YLR284C,YHR072W,0,-5.0386105,0.2173629254102707,0.9990000128746033,0.3596999943256378
YPL178W,YFL011W,0,-5.038684,0.2173156440258026,0.9990000128746033,0.3598000109195709
YNL256W,YDR545W,0,-5.038789,0.21726837754249573,0.9990000128746033,0.35989999771118164
YDL159W,YAL016W,0,-5.038851,0.21722114086151123,0.9990000128746033,0.36000001430511475
YLR433C,YJL191W,0,-5.0389614,0.21717391908168793,0.9990000128746033,0.36010000109672546
YGR253C,YML109W,0,-5.039137,0.21712671220302582,0.9990000128746033,0.3601999878883362
YDL019C,YNL309W,0,-5.039295,0.2170795351266861,0.9990000128746033,0.3603000044822693
YER164W,YNL332W,0,-5.0392957,0.21703237295150757,0.9990000128746033,0.36039999127388
YNL192W,YIL073C,0,-5.039485,0.21698522567749023,0.9990000128746033,0.3605000078678131
YMR268C,YHR056C,0,-5.0394936,0.2169381082057953,0.9990000128746033,0.36059999465942383
YLR080W,YBR043C,0,-5.039503,0.21689100563526154,0.9990000128746033,0.36070001125335693
YOR381W,YNL156C,0,-5.039638,0.21684393286705017,0.9990000128746033,0.36079999804496765
YML127W,YLR222C,0,-5.0398,0.216796875,0.9990000128746033,0.36090001463890076
YEL066W,YKL001C,0,-5.0399766,0.21674983203411102,0.9990000128746033,0.3610000014305115
YLR355C,YOR004W,0,-5.0399914,0.21670281887054443,0.9990000128746033,0.3610999882221222
YNR054C,YNL078W,0,-5.0402336,0.21665582060813904,0.9990000128746033,0.3612000048160553
YIL075C,YNL054W,0,-5.0404425,0.21660885214805603,0.9990000128746033,0.361299991607666
YHR107C,YOR236W,0,-5.040443,0.21656188368797302,0.9990000128746033,0.3614000082015991
YMR312W,YNL227C,0,-5.0405865,0.2165149599313736,0.9990000128746033,0.36149999499320984
YDR038C,YPL203W,0,-5.0407495,0.21646803617477417,0.9990000128746033,0.36160001158714294
YPL177C,YAL051W,0,-5.041182,0.21642114222049713,0.9990000128746033,0.36169999837875366
YBL098W,YOL077C,0,-5.0412207,0.2163742631673813,0.9990000128746033,0.3617999851703644
YPL195W,YOR367W,0,-5.0412784,0.21632741391658783,0.9990000128746033,0.3619000017642975
YDR503C,YJL191W,0,-5.041349,0.21628057956695557,0.9990000128746033,0.3619999885559082
YGR179C,YDR382W,0,-5.0415344,0.2162337601184845,0.9990000128746033,0.3621000051498413
YMR079W,YLR249W,0,-5.0416427,0.21618697047233582,0.9990000128746033,0.362199991941452
YBR237W,YBR123C,0,-5.0416718,0.21614019572734833,0.9990000128746033,0.36230000853538513
YML113W,YLR347C,0,-5.0416937,0.21609345078468323,0.9990000128746033,0.36239999532699585
YGL115W,YPL045W,0,-5.0417013,0.21604670584201813,0.9990000128746033,0.36250001192092896
YHR056C,YMR272C,0,-5.0417767,0.2160000056028366,0.9990000128746033,0.3625999987125397
YER006W,YML095C,0,-5.0419807,0.2159533053636551,0.9990000128746033,0.3626999855041504
YJL010C,YLR234W,0,-5.042049,0.21590663492679596,0.9990000128746033,0.3628000020980835
YBR058C-A,YDR207C,0,-5.0422277,0.21585997939109802,0.9990000128746033,0.3628999888896942
YGR231C,YCL069W,0,-5.042349,0.21581335365772247,0.9990000128746033,0.3630000054836273
YDL008W,YJL045W,0,-5.042557,0.21576674282550812,0.9990000128746033,0.36309999227523804
YPL093W,YFL036W,0,-5.042612,0.21572014689445496,0.9990000128746033,0.36320000886917114
YDR043C,YDL159W,0,-5.0426836,0.21567358076572418,0.9990000128746033,0.36329999566078186
YMR070W,YGR257C,0,-5.042796,0.2156270295381546,0.9990000128746033,0.36340001225471497
YGR222W,YDR247W,0,-5.0428057,0.21558049321174622,0.9990000128746033,0.3634999990463257
YGR074W,YLR262C,0,-5.042896,0.21553398668766022,0.9990000128746033,0.3635999858379364
YKL074C,YJL061W,0,-5.04298,0.2154874950647354,0.9990000128746033,0.3637000024318695
YDR498C,YNL209W,0,-5.0430465,0.2154410183429718,0.9990000128746033,0.3637999892234802
YJR092W,YBR055C,0,-5.043147,0.21539457142353058,0.9990000128746033,0.36390000581741333
YDR308C,YNL079C,0,-5.043172,0.21534813940525055,0.9990000128746033,0.36399999260902405
YBL069W,YKR048C,0,-5.0432305,0.2153017222881317,0.9990000128746033,0.36410000920295715
YDL111C,YGL127C,0,-5.0432544,0.21525533497333527,0.9990000128746033,0.36419999599456787
YLR274W,YDR135C,0,-5.0433607,0.2152089625597,0.9990000128746033,0.364300012588501
YNL225C,YMR188C,0,-5.043428,0.21516260504722595,0.9990000128746033,0.3643999993801117
YOL021C,YNL154C,0,-5.0434856,0.21511627733707428,0.9990000128746033,0.3644999861717224
YFL003C,YDR194C,0,-5.043498,0.2150699645280838,0.9990000128746033,0.3646000027656555
YGL005C,YNL136W,0,-5.043516,0.2150236815214157,0.9990000128746033,0.36469998955726624
YOL045W,YMR272C,0,-5.0435314,0.21497739851474762,0.9990000128746033,0.36480000615119934
YOR133W,YBR079C,0,-5.043572,0.2149311602115631,0.9990000128746033,0.36489999294281006
YJL116C,YLR067C,0,-5.0437837,0.2148849219083786,0.9990000128746033,0.36500000953674316
YDR446W,YML093W,0,-5.0440836,0.21483871340751648,0.9990000128746033,0.3650999963283539
YPL259C,YDR483W,0,-5.0441284,0.21479251980781555,0.9990000128746033,0.365200012922287
YPR031W,YPL258C,0,-5.044431,0.21474634110927582,0.9990000128746033,0.3652999997138977
YLR438C-A,YNR023W,0,-5.0445576,0.21470019221305847,0.9990000128746033,0.3653999865055084
YGL045W,YOR119C,0,-5.044634,0.21465405821800232,0.9990000128746033,0.36550000309944153
YKR009C,YPL083C,0,-5.044683,0.21460795402526855,0.9990000128746033,0.36559998989105225
YJR127C,YLR385C,0,-5.044736,0.2145618498325348,0.9990000128746033,0.36570000648498535
YPR104C,YAL055W,0,-5.0448866,0.2145157754421234,0.9990000128746033,0.36579999327659607
YJL024C,YPL095C,0,-5.0450673,0.21446973085403442,0.9990000128746033,0.3659000098705292
YLR145W,YML088W,0,-5.0450706,0.21442370116710663,0.9990000128746033,0.3659999966621399
YOR204W,YPL094C,0,-5.045187,0.21437768638134003,0.9990000128746033,0.366100013256073
YHR123W,YPL094C,0,-5.045413,0.21433168649673462,0.9990000128746033,0.3662000000476837
YNR035C,YHR129C,0,-5.045524,0.2142857164144516,0.9990000128746033,0.36629998683929443
YGR246C,YDR038C,0,-5.045569,0.21423976123332977,0.9990000128746033,0.36640000343322754
YHR169W,YGL133W,0,-5.0456014,0.21419382095336914,0.9990000128746033,0.36649999022483826
YML127W,YMR093W,0,-5.045658,0.2141479104757309,0.9990000128746033,0.36660000681877136
YLR103C,YMR015C,0,-5.0456605,0.21410201489925385,0.9990000128746033,0.3666999936103821
YIL122W,YGR046W,0,-5.0456963,0.214056134223938,0.9990000128746033,0.3668000102043152
YNL133C,YIR012W,0,-5.045779,0.21401028335094452,0.9990000128746033,0.3668999969959259
YGR033C,YPL065W,0,-5.0458655,0.21396444737911224,0.9990000128746033,0.367000013589859
YOR137C,YBR083W,0,-5.045931,0.21391862630844116,0.9990000128746033,0.3671000003814697
YCL016C,YMR201C,0,-5.0459585,0.21387283504009247,0.9990000128746033,0.36719998717308044
YDR150W,YBR218C,0,-5.0459766,0.21382705867290497,0.9990000128746033,0.36730000376701355
YBR068C,YNL064C,0,-5.046006,0.21378129720687866,0.9990000128746033,0.36739999055862427
YNL094W,YDR236C,0,-5.0462675,0.21373556554317474,0.9990000128746033,0.3675000071525574
YML127W,YGR090W,0,-5.046383,0.21368983387947083,0.9990000128746033,0.3675999939441681
YLR276C,YJR120W,0,-5.0463905,0.2136441469192505,0.9990000128746033,0.3677000105381012
YIR021W,YFL058W,0,-5.046456,0.21359845995903015,0.9990000128746033,0.3677999973297119
YNL102W,YIL101C,0,-5.0464745,0.2135528028011322,0.9990000128746033,0.367900013923645
YLR259C,YAR035W,0,-5.046914,0.21350716054439545,0.9990000128746033,0.36800000071525574
YPL037C,YMR268C,0,-5.0469503,0.21346153318881989,0.9990000128746033,0.36809998750686646
YLR028C,YLR206W,0,-5.047145,0.2134159356355667,0.9990000128746033,0.36820000410079956
YLR242C,YDR425W,0,-5.0473433,0.21337035298347473,0.9990000128746033,0.3682999908924103
YDR236C,YDR122W,0,-5.047408,0.21332478523254395,0.9990000128746033,0.3684000074863434
YFL014W,YBR254C,0,-5.047475,0.21327924728393555,0.9990000128746033,0.3684999942779541
YGR101W,YBL050W,0,-5.047512,0.21323372423648834,0.9990000128746033,0.3686000108718872
YGR222W,YPL167C,0,-5.047547,0.21318821609020233,0.9990000128746033,0.3686999976634979
YJR074W,YOR116C,0,-5.047584,0.2131427377462387,0.9990000128746033,0.36880001425743103
YLR260W,YOR261C,0,-5.047683,0.21309727430343628,0.9990000128746033,0.36890000104904175
YLR248W,YGR281W,0,-5.047716,0.21305182576179504,0.9990000128746033,0.36899998784065247
YGR060W,YNL297C,0,-5.047904,0.213006392121315,0.9990000128746033,0.36910000443458557
YNL239W,YLL041C,0,-5.047906,0.21296098828315735,0.9990000128746033,0.3691999912261963
YBR286W,YJR125C,0,-5.0479107,0.2129155993461609,0.9990000128746033,0.3693000078201294
YLR205C,YJR135C,0,-5.0479345,0.21287022531032562,0.9990000128746033,0.3693999946117401
YOR224C,YAR008W,0,-5.048051,0.21282488107681274,0.9990000128746033,0.3695000112056732
YLR354C,YOL072W,0,-5.0480804,0.21277955174446106,0.9990000128746033,0.36959999799728394
YMR207C,YOL088C,0,-5.048094,0.21273423731327057,0.9990000128746033,0.36970001459121704
YBR119W,YOR149C,0,-5.048164,0.21268895268440247,0.9990000128746033,0.36980000138282776
YPR034W,YPL156C,0,-5.048193,0.21264368295669556,0.9990000128746033,0.3698999881744385
YNR044W,YHR204W,0,-5.048217,0.21259842813014984,0.9990000128746033,0.3700000047683716
YPR200C,YLR092W,0,-5.048321,0.21255318820476532,0.9990000128746033,0.3700999915599823
YML032C,YBR058C-A,0,-5.0483522,0.21250797808170319,0.9990000128746033,0.3702000081539154
YLR240W,YHL009C,0,-5.0488815,0.21246278285980225,0.9990000128746033,0.3702999949455261
YGR261C,YBR171W,0,-5.0488925,0.2124176025390625,0.9990000128746033,0.37040001153945923
YOR230W,YNR047W,0,-5.048926,0.21237245202064514,0.9990000128746033,0.37049999833106995
YJR137C,YML013W,0,-5.0491266,0.21232731640338898,0.9990000128746033,0.37059998512268066
YOL164W,YNL074C,0,-5.049165,0.212282195687294,0.9990000128746033,0.37070000171661377
YOL027C,YNL053W,0,-5.0492134,0.21223708987236023,0.9990000128746033,0.3707999885082245
YLR330W,YKL126W,0,-5.0495057,0.21219201385974884,0.9990000128746033,0.3709000051021576
YJR135C,YER116C,0,-5.049542,0.21214695274829865,0.9990000128746033,0.3709999918937683
YDR361C,YML008C,0,-5.049733,0.21210190653800964,0.9990000128746033,0.3711000084877014
YER001W,YDR363W-A,0,-5.049773,0.21205689013004303,0.9990000128746033,0.37119999527931213
YML130C,YGR222W,0,-5.050068,0.2120118886232376,0.9990000128746033,0.37130001187324524
YNR008W,YGL175C,0,-5.050235,0.21196690201759338,0.9990000128746033,0.37139999866485596
YJR001W,YPL269W,0,-5.050254,0.21192193031311035,0.9990000128746033,0.3714999854564667
YDR108W,YJR070C,0,-5.0502796,0.2118769884109497,0.9990000128746033,0.3716000020503998
YGL027C,YLR023C,0,-5.0503817,0.21183206140995026,0.9990000128746033,0.3716999888420105
YPR031W,YOL034W,0,-5.0504045,0.211787149310112,0.9990000128746033,0.3718000054359436
YPR070W,YMR164C,0,-5.050576,0.21174226701259613,0.9990000128746033,0.3718999922275543
YNL225C,YJR118C,0,-5.0507326,0.21169739961624146,0.9990000128746033,0.3720000088214874
YDR118W,YLR423C,0,-5.050889,0.21165254712104797,0.9990000128746033,0.37209999561309814
YHR005C-A,YMR165C,0,-5.0510635,0.21160770952701569,0.9990000128746033,0.37220001220703125
YGL136C,YGR180C,0,-5.0511975,0.2115629017353058,0.9990000128746033,0.37229999899864197
YDL007W,YCR083W,0,-5.051273,0.21151810884475708,0.9990000128746033,0.3723999857902527
YNL073W,YDR425W,0,-5.051326,0.21147333085536957,0.9990000128746033,0.3725000023841858
YDR411C,YMR047C,0,-5.051337,0.21142856776714325,0.9990000128746033,0.3725999891757965
YHR077C,YDL093W,0,-5.0513573,0.21138383448123932,0.9990000128746033,0.3727000057697296
YNL008C,YGL053W,0,-5.0515194,0.21133911609649658,0.9990000128746033,0.37279999256134033
YMR029C,YDR043C,0,-5.0520024,0.21129441261291504,0.9990000128746033,0.37290000915527344
YHR082C,YDR238C,0,-5.0520763,0.21124973893165588,0.9990000128746033,0.37299999594688416
YOR123C,YDR472W,0,-5.052077,0.21120508015155792,0.9990000128746033,0.37310001254081726
YOR204W,YER125W,0,-5.0521183,0.21116043627262115,0.9990000128746033,0.373199999332428
YML099C,YDL223C,0,-5.0521717,0.21111580729484558,0.9990000128746033,0.3732999861240387
YBR034C,YDR362C,0,-5.052251,0.2110712081193924,0.9990000128746033,0.3734000027179718
YPL256C,YHR124W,0,-5.052377,0.2110266089439392,0.9990000128746033,0.3734999895095825
YIL121W,YGL126W,0,-5.052425,0.2109820544719696,0.9990000128746033,0.3736000061035156
YNL223W,YCR093W,0,-5.0525813,0.2109375,0.9990000128746033,0.37369999289512634
YKL201C,YOR140W,0,-5.052872,0.21089297533035278,0.9990000128746033,0.37380000948905945
YMR015C,YDR486C,0,-5.052987,0.21084846556186676,0.9990000128746033,0.37389999628067017
YNL210W,YBR258C,0,-5.052996,0.21080397069454193,0.9990000128746033,0.37400001287460327
YLR223C,YDR296W,0,-5.053014,0.2107594907283783,0.9990000128746033,0.374099999666214
YDR151C,YHL006C,0,-5.053135,0.21071504056453705,0.9990000128746033,0.3741999864578247
YPR065W,YEL012W,0,-5.053372,0.210670605301857,0.9990000128746033,0.3743000030517578
YGR132C,YPL096W,0,-5.0534525,0.21062618494033813,0.9990000128746033,0.37439998984336853
YMR280C,YLL031C,0,-5.053661,0.21058179438114166,0.9990000128746033,0.37450000643730164
YOL009C,YOL027C,0,-5.053686,0.2105374038219452,0.9990000128746033,0.37459999322891235
YKL073W,YGL089C,0,-5.0540495,0.2104930430650711,0.9990000128746033,0.37470000982284546
YCR075C,YPL171C,0,-5.0541024,0.21044869720935822,0.9990000128746033,0.3747999966144562
YER070W,YDL111C,0,-5.054146,0.2104043811559677,0.9990000128746033,0.3749000132083893
YOR120W,YLR451W,0,-5.054177,0.2103600800037384,0.9990000128746033,0.375
YBR057C,YNR053C,0,-5.054267,0.2103157937526703,0.9990000128746033,0.3750999867916107
YDL008W,YIL010W,0,-5.0544147,0.21027152240276337,0.9990000128746033,0.3752000033855438
YJR135C,YOL088C,0,-5.054473,0.21022726595401764,0.9990000128746033,0.37529999017715454
YNL166C,YDR078C,0,-5.054507,0.2101830393075943,0.9990000128746033,0.37540000677108765
YOL086C,YNL151C,0,-5.054575,0.21013882756233215,0.9990000128746033,0.37549999356269836
YBR272C,YBR165W,0,-5.0545797,0.2100946307182312,0.9990000128746033,0.37560001015663147
YLR430W,YPR086W,0,-5.054699,0.21005046367645264,0.9990000128746033,0.3756999969482422
YML057W,YCR033W,0,-5.0548673,0.21000631153583527,0.9990000128746033,0.3758000135421753
YDL093W,YHR206W,0,-5.054926,0.2099621742963791,0.9990000128746033,0.375900000333786
YPL179W,YDR460W,0,-5.0549793,0.2099180519580841,0.9990000128746033,0.37599998712539673
YOR239W,YGR212W,0,-5.055043,0.20987394452095032,0.9990000128746033,0.37610000371932983
YOR308C,YNL121C,0,-5.0550957,0.20982986688613892,0.9990000128746033,0.37619999051094055
YPR104C,YJL002C,0,-5.0551653,0.2097858041524887,0.9990000128746033,0.37630000710487366
YPL256C,YNL279W,0,-5.055193,0.2097417563199997,0.9990000128746033,0.3763999938964844
YPR168W,YJL012C,0,-5.055337,0.20969773828983307,0.9990000128746033,0.3765000104904175
YGL213C,YDR292C,0,-5.055422,0.20965372025966644,0.9990000128746033,0.3765999972820282
YLR438C-A,YGL243W,0,-5.055525,0.2096097320318222,0.9990000128746033,0.3767000138759613
YDR129C,YJL054W,0,-5.0555453,0.20956575870513916,0.9990000128746033,0.376800000667572
YJL133W,YJL050W,0,-5.055559,0.2095218151807785,0.9990000128746033,0.37689998745918274
YBR102C,YOR116C,0,-5.0556417,0.20947787165641785,0.9990000128746033,0.37700000405311584
YMR247C,YNL032W,0,-5.0557203,0.20943395793437958,0.9990000128746033,0.37709999084472656
YDR335W,YER171W,0,-5.055745,0.2093900591135025,0.9990000128746033,0.37720000743865967
YAR033W,YBR118W,0,-5.0558796,0.20934619009494781,0.9990000128746033,0.3772999942302704
YPL187W,YNL016W,0,-5.055947,0.20930232107639313,0.9990000128746033,0.3774000108242035
YDL039C,YFL036W,0,-5.0560036,0.20925848186016083,0.9990000128746033,0.3774999976158142
YBL074C,YKR050W,0,-5.056118,0.20921465754508972,0.9990000128746033,0.3776000142097473
YHR200W,YFL004W,0,-5.05626,0.2091708481311798,0.9990000128746033,0.37770000100135803
YGR014W,YGR275W,0,-5.056361,0.20912706851959229,0.9990000128746033,0.37779998779296875
YPL181W,YER029C,0,-5.056433,0.20908330380916595,0.9990000128746033,0.37790000438690186
YLR435W,YLR298C,0,-5.056694,0.20903955399990082,0.9990000128746033,0.3779999911785126
YFL055W,YDR353W,0,-5.056802,0.20899581909179688,0.9990000128746033,0.3781000077724457
YLR034C,YJR110W,0,-5.057126,0.20895209908485413,0.9990000128746033,0.3781999945640564
YDR424C,YDL007W,0,-5.0571494,0.20890840888023376,0.9990000128746033,0.3783000111579895
YDR477W,YKR050W,0,-5.0571785,0.2088647335767746,0.9990000128746033,0.3783999979496002
YIL122W,YPL026C,0,-5.0573053,0.20882107317447662,0.9990000128746033,0.3785000145435333
YIL009C-A,YOL042W,0,-5.0573215,0.20877742767333984,0.9990000128746033,0.37860000133514404
YOR221C,YHR001W-A,0,-5.0574255,0.20873381197452545,0.9990000128746033,0.37869998812675476
YNL223W,YMR156C,0,-5.057459,0.20869019627571106,0.9990000128746033,0.37880000472068787
YNR067C,YOL069W,0,-5.0575485,0.20864661037921906,0.9990000128746033,0.3788999915122986
YNL323W,YDR045C,0,-5.0576706,0.20860305428504944,0.9990000128746033,0.3790000081062317
YFL025C,YER161C,0,-5.0580053,0.20855949819087982,0.9990000128746033,0.3790999948978424
YDR388W,YHR041C,0,-5.0581307,0.2085159718990326,0.9990000128746033,0.3792000114917755
YDR211W,YOR206W,0,-5.0582743,0.20847246050834656,0.9990000128746033,0.37929999828338623
YMR012W,YMR142C,0,-5.058359,0.20842896401882172,0.9990000128746033,0.37940001487731934
YOL104C,YOR143C,0,-5.0584893,0.20838548243045807,0.9990000128746033,0.37950000166893005
YBR142W,YGL008C,0,-5.058606,0.20834201574325562,0.9990000128746033,0.37959998846054077
YNL030W,YOL042W,0,-5.0586247,0.20829857885837555,0.9990000128746033,0.3797000050544739
YBR049C,YMR235C,0,-5.05864,0.20825515687465668,0.9990000128746033,0.3797999918460846
YHR143W,YCL008C,0,-5.0587244,0.208211749792099,0.9990000128746033,0.3799000084400177
YDR434W,YML062C,0,-5.0589104,0.2081683725118637,0.9990000128746033,0.3799999952316284
YMR266W,YNL311C,0,-5.0590982,0.20812499523162842,0.9990000128746033,0.3801000118255615
YLR226W,YDR425W,0,-5.0590987,0.20808164775371552,0.9990000128746033,0.38019999861717224
YPL256C,YMR106C,0,-5.0591955,0.2080383151769638,0.9990000128746033,0.38029998540878296
YGR007W,YHL009C,0,-5.0593987,0.2079949975013733,0.9990000128746033,0.38040000200271606
YDR142C,YFR052W,0,-5.0595703,0.20795170962810516,0.9990000128746033,0.3804999887943268
YBR070C,YEL032W,0,-5.0597134,0.20790842175483704,0.9990000128746033,0.3806000053882599
YDL098C,YAL009W,0,-5.059734,0.2078651636838913,0.9990000128746033,0.3806999921798706
YFR013W,YFL004W,0,-5.0597377,0.20782192051410675,0.9990000128746033,0.3808000087738037
YMR133W,YLR130C,0,-5.0598497,0.2077787071466446,0.9990000128746033,0.38089999556541443
YLR039C,YOR008C,0,-5.059944,0.20773549377918243,0.9990000128746033,0.38100001215934753
YKL011C,YCL051W,0,-5.0602236,0.20769231021404266,0.9990000128746033,0.38109999895095825
YHR019C,YHR165C,0,-5.0602665,0.2076491415500641,0.9990000128746033,0.38119998574256897
YDL024C,YBR276C,0,-5.0602717,0.2076059877872467,0.9990000128746033,0.3813000023365021
YJL183W,YOR076C,0,-5.0603113,0.20756284892559052,0.9990000128746033,0.3813999891281128
YER051W,YER028C,0,-5.060413,0.2075197398662567,0.9990000128746033,0.3815000057220459
YML102W,YHR053C,0,-5.0605507,0.2074766308069229,0.9990000128746033,0.3815999925136566
YDL004W,YDR277C,0,-5.060558,0.2074335515499115,0.9990000128746033,0.3817000091075897
YPL218W,YMR079W,0,-5.0605893,0.20739048719406128,0.9990000128746033,0.38179999589920044
YNL258C,YPL060W,0,-5.0609283,0.20734745264053345,0.9990000128746033,0.38190001249313354
YKL117W,YDR486C,0,-5.061049,0.20730441808700562,0.9990000128746033,0.38199999928474426
YBR103W,YLR262C,0,-5.0610723,0.20726141333580017,0.9990000128746033,0.382099986076355
YDR446W,YIR019C,0,-5.0612216,0.20721842348575592,0.9990000128746033,0.3822000026702881
YDR388W,YDR246W,0,-5.0613456,0.20717544853687286,0.9990000128746033,0.3822999894618988
YGR171C,YDR457W,0,-5.061515,0.207132488489151,0.9990000128746033,0.3824000060558319
YKL012W,YMR266W,0,-5.061536,0.20708955824375153,0.9990000128746033,0.3824999928474426
YLR032W,YGR211W,0,-5.0616703,0.20704662799835205,0.9990000128746033,0.38260000944137573
YNL118C,YIL038C,0,-5.0617256,0.20700372755527496,0.9990000128746033,0.38269999623298645
YGL027C,YBR172C,0,-5.0617285,0.20696084201335907,0.9990000128746033,0.38280001282691956
YAL013W,YDL170W,0,-5.061862,0.20691797137260437,0.9990000128746033,0.3828999996185303
YNL275W,YGR128C,0,-5.061873,0.20687513053417206,0.9990000128746033,0.382999986410141
YHR001W-A,YDR453C,0,-5.061875,0.20683230459690094,0.9990000128746033,0.3831000030040741
YDR151C,YGR004W,0,-5.0618973,0.20678947865962982,0.9990000128746033,0.3831999897956848
YPR191W,YGL129C,0,-5.062168,0.2067466825246811,0.9990000128746033,0.3833000063896179
YDR375C,YDR079W,0,-5.0623055,0.20670391619205475,0.9990000128746033,0.38339999318122864
YLR272C,YHR048W,0,-5.0624356,0.2066611498594284,0.9990000128746033,0.38350000977516174
YHR088W,YLR026C,0,-5.0624466,0.20661841332912445,0.9990000128746033,0.38359999656677246
YGL027C,YLR013W,0,-5.0626507,0.2065756767988205,0.9990000128746033,0.38370001316070557
YGL071W,YOR210W,0,-5.06273,0.20653297007083893,0.9990000128746033,0.3837999999523163
YDR143C,YML124C,0,-5.062784,0.20649027824401855,0.9990000128746033,0.383899986743927
YER054C,YNR013C,0,-5.0630274,0.20644761621952057,0.9990000128746033,0.3840000033378601
YBR121C,YBR084W,0,-5.063047,0.20640495419502258,0.9990000128746033,0.3840999901294708
YCR107W,YGR007W,0,-5.063056,0.20636232197284698,0.9990000128746033,0.38420000672340393
YJL076W,YBR127C,0,-5.0632696,0.20631970465183258,0.9990000128746033,0.38429999351501465
YDR301W,YKL196C,0,-5.0635295,0.20627710223197937,0.9990000128746033,0.38440001010894775
YKL179C,YGR171C,0,-5.063843,0.20623451471328735,0.9990000128746033,0.38449999690055847
YDR214W,YGL089C,0,-5.063863,0.20619195699691772,0.9990000128746033,0.3846000134944916
YJR022W,YPL010W,0,-5.0640764,0.2061493992805481,0.9990000128746033,0.3847000002861023
YOR334W,YDR013W,0,-5.0641527,0.20610687136650085,0.9990000128746033,0.384799987077713
YPL091W,YFL036W,0,-5.064292,0.2060643583536148,0.9990000128746033,0.3849000036716461
YFL023W,YGL127C,0,-5.0646973,0.20602186024188995,0.9990000128746033,0.38499999046325684
YER014C-A,YMR162C,0,-5.0649366,0.2059793770313263,0.9990000128746033,0.38510000705718994
YLR459W,YPL121C,0,-5.064954,0.20593692362308502,0.9990000128746033,0.38519999384880066
YGL019W,YLR228C,0,-5.0650597,0.20589447021484375,0.9990000128746033,0.38530001044273376
YML118W,YBL005W,0,-5.0652246,0.20585204660892487,0.9990000128746033,0.3853999972343445
YDR004W,YNL197C,0,-5.0654387,0.20580963790416718,0.9990000128746033,0.3855000138282776
YDL028C,YPL138C,0,-5.06544,0.20576724410057068,0.9990000128746033,0.3856000006198883
YPL101W,YKL189W,0,-5.0654526,0.20572488009929657,0.9990000128746033,0.385699987411499
YDR280W,YAL011W,0,-5.065465,0.20568251609802246,0.9990000128746033,0.38580000400543213
YEL034W,YPL118W,0,-5.0656824,0.20564018189907074,0.9990000128746033,0.38589999079704285
YDL036C,YER019C-A,0,-5.065743,0.2055978626012802,0.9990000128746033,0.38600000739097595
YML110C,YLR182W,0,-5.065773,0.20555555820465088,0.9990000128746033,0.38609999418258667
YAL025C,YLR288C,0,-5.0658026,0.20551326870918274,0.9990000128746033,0.3862000107765198
YOR039W,YKL117W,0,-5.0660887,0.2054709941148758,0.9990000128746033,0.3862999975681305
YDL160C,YBR118W,0,-5.0661726,0.20542874932289124,0.9990000128746033,0.3864000141620636
YBR040W,YCL008C,0,-5.066269,0.20538651943206787,0.9990000128746033,0.3865000009536743
YHL003C,YDL060W,0,-5.066283,0.2053442895412445,0.9990000128746033,0.38659998774528503
YGR086C,YOR308C,0,-5.066491,0.20530208945274353,0.9990000128746033,0.38670000433921814
YPL075W,YBL052C,0,-5.0665536,0.20525991916656494,0.9990000128746033,0.38679999113082886
YLR328W,YOL080C,0,-5.066676,0.20521774888038635,0.9990000128746033,0.38690000772476196
YIL115C,YCL069W,0,-5.0667624,0.20517559349536896,0.9990000128746033,0.3869999945163727
YDL031W,YLL003W,0,-5.0668373,0.20513346791267395,0.9990000128746033,0.3871000111103058
YGL019W,YGR218W,0,-5.0669417,0.20509135723114014,0.9990000128746033,0.3871999979019165
YER026C,YNL072W,0,-5.0669613,0.20504926145076752,0.9990000128746033,0.3873000144958496
YGL213C,YGL207W,0,-5.067045,0.2050071805715561,0.9990000128746033,0.3874000012874603
YNR035C,YPL271W,0,-5.067053,0.20496511459350586,0.9990000128746033,0.38749998807907104
YBL013W,YML107C,0,-5.0672297,0.20492307841777802,0.9990000128746033,0.38760000467300415
YDR211W,YLR292C,0,-5.0673847,0.20488105714321136,0.9990000128746033,0.38769999146461487
YPR124W,YDR093W,0,-5.0673895,0.20483903586864471,0.9990000128746033,0.387800008058548
YGL090W,YGL011C,0,-5.0676537,0.20479704439640045,0.9990000128746033,0.3878999948501587
YGL155W,YDL080C,0,-5.0676894,0.20475506782531738,0.9990000128746033,0.3880000114440918
YOL008W,YJR156C,0,-5.0677824,0.2047131210565567,0.9990000128746033,0.3880999982357025
YDR279W,YGR270W,0,-5.0678396,0.20467117428779602,0.9990000128746033,0.3882000148296356
YDL101C,YML046W,0,-5.067906,0.20462925732135773,0.9990000128746033,0.38830000162124634
YPR154W,YPR107C,0,-5.0679755,0.20458734035491943,0.9990000128746033,0.38839998841285706
YNR074C,YCL031C,0,-5.0680737,0.20454545319080353,0.9990000128746033,0.38850000500679016
YFL010W-A,YMR227C,0,-5.0682063,0.20450358092784882,0.9990000128746033,0.3885999917984009
YOL059W,YKL012W,0,-5.068219,0.2044617235660553,0.9990000128746033,0.388700008392334
YGR183C,YGR048W,0,-5.068406,0.20441989600658417,0.9990000128746033,0.3887999951839447
YGR262C,YPL160W,0,-5.0684214,0.20437806844711304,0.9990000128746033,0.3889000117778778
YMR109W,YGL037C,0,-5.068525,0.2043362706899643,0.9990000128746033,0.3889999985694885
YDR162C,YPL167C,0,-5.0685515,0.20429447293281555,0.9990000128746033,0.38909998536109924
YPR068C,YNL090W,0,-5.068615,0.2042527049779892,0.9990000128746033,0.38920000195503235
YOR256C,YIL056W,0,-5.068636,0.20421095192432404,0.9990000128746033,0.38929998874664307
YJL110C,YPL047W,0,-5.06869,0.20416922867298126,0.9990000128746033,0.38940000534057617
YMR035W,YJL061W,0,-5.068693,0.2041275054216385,0.9990000128746033,0.3894999921321869
YAL010C,YNR053C,0,-5.0687046,0.2040857970714569,0.9990000128746033,0.38960000872612
YMR280C,YML041C,0,-5.0688653,0.20404411852359772,0.9990000128746033,0.3896999955177307
YDR409W,YML114C,0,-5.0688744,0.20400245487689972,0.9990000128746033,0.3898000121116638
YDL243C,YJL141C,0,-5.068918,0.20396080613136292,0.9990000128746033,0.38989999890327454
YHR006W,YAL011W,0,-5.06911,0.2039191722869873,0.9990000128746033,0.38999998569488525
YOR284W,YMR302C,0,-5.069125,0.2038775533437729,0.9990000128746033,0.39010000228881836
YNL298W,YLR335W,0,-5.069131,0.20383594930171967,0.9990000128746033,0.3901999890804291
YKL055C,YEL054C,0,-5.0691376,0.20379437506198883,0.9990000128746033,0.3903000056743622
YGL025C,YIL105C,0,-5.069226,0.203752800822258,0.9990000128746033,0.3903999924659729
YMR117C,YJL048C,0,-5.0694256,0.20371125638484955,0.9990000128746033,0.390500009059906
YOR310C,YDR013W,0,-5.069478,0.2036697268486023,0.9990000128746033,0.3905999958515167
YDR461W,YGR212W,0,-5.0696373,0.20362821221351624,0.9990000128746033,0.39070001244544983
YBL018C,YIL073C,0,-5.069746,0.20358671247959137,0.9990000128746033,0.39079999923706055
YLR438C-A,YFL036W,0,-5.0699396,0.2035452276468277,0.9990000128746033,0.39089998602867126
YPL076W,YIL114C,0,-5.0701375,0.2035037726163864,0.9990000128746033,0.39100000262260437
YOR123C,YBR055C,0,-5.070434,0.20346231758594513,0.9990000128746033,0.3910999894142151
YKL052C,YHR169W,0,-5.0705547,0.20342089235782623,0.9990000128746033,0.3912000060081482
YIR017C,YBR276C,0,-5.0705776,0.20337948203086853,0.9990000128746033,0.3912999927997589
YER002W,YDR288W,0,-5.070656,0.20333808660507202,0.9990000128746033,0.391400009393692
YMR006C,YEL065W,0,-5.0706987,0.2032967060804367,0.9990000128746033,0.39149999618530273
YKL204W,YJL201W,0,-5.070778,0.20325534045696259,0.9990000128746033,0.39160001277923584
YNL242W,YJR086W,0,-5.0709925,0.20321398973464966,0.9990000128746033,0.39169999957084656
YGL256W,YPR054W,0,-5.0710516,0.20317266881465912,0.9990000128746033,0.3917999863624573
YDR424C,YHR069C,0,-5.0711236,0.20313134789466858,0.9990000128746033,0.3919000029563904
YLR114C,YCR093W,0,-5.0713964,0.20309005677700043,0.9990000128746033,0.3919999897480011
YOR156C,YJL104W,0,-5.071438,0.20304878056049347,0.9990000128746033,0.3921000063419342
YIL030C,YEL004W,0,-5.0717573,0.2030075192451477,0.9990000128746033,0.3921999931335449
YOR298C-A,YDR356W,0,-5.071919,0.20296627283096313,0.9990000128746033,0.392300009727478
YDR054C,YPR154W,0,-5.0719843,0.20292504131793976,0.9990000128746033,0.39239999651908875
YMR177W,YNL064C,0,-5.0725317,0.20288383960723877,0.9990000128746033,0.39250001311302185
YBR057C,YER029C,0,-5.0726204,0.20284263789653778,0.9990000128746033,0.39259999990463257
YHR005C-A,YGR046W,0,-5.0727153,0.20280146598815918,0.9990000128746033,0.3926999866962433
YOR149C,YPL124W,0,-5.0728626,0.20276029407978058,0.9990000128746033,0.3928000032901764
YNL014W,YCR083W,0,-5.0729523,0.20271915197372437,0.9990000128746033,0.3928999900817871
YKL191W,YPR133W-A,0,-5.0730658,0.20267802476882935,0.9990000128746033,0.3930000066757202
YNR044W,YPR179C,0,-5.073082,0.20263691246509552,0.9990000128746033,0.39309999346733093
YPR072W,YGL210W,0,-5.0732346,0.2025958150625229,0.9990000128746033,0.39320001006126404
YIR041W,YGR075C,0,-5.0732903,0.20255474746227264,0.9990000128746033,0.39329999685287476
YGL238W,YIL101C,0,-5.0734262,0.2025136798620224,0.9990000128746033,0.39340001344680786
YJR091C,YER120W,0,-5.073664,0.20247264206409454,0.9990000128746033,0.3935000002384186
YCL017C,YNL007C,0,-5.0738626,0.2024316042661667,0.9990000128746033,0.3935999870300293
YPL242C,YOR279C,0,-5.073943,0.20239059627056122,0.9990000128746033,0.3937000036239624
YPL195W,YHR135C,0,-5.0740643,0.20234960317611694,0.9990000128746033,0.3937999904155731
YLR246W,YBR207W,0,-5.0740757,0.20230862498283386,0.9990000128746033,0.3939000070095062
YML080W,YPR094W,0,-5.0741024,0.20226766169071198,0.9990000128746033,0.39399999380111694
YMR138W,YDR245W,0,-5.0744276,0.20222671329975128,0.9990000128746033,0.39410001039505005
YNL279W,YNL026W,0,-5.074497,0.20218579471111298,0.9990000128746033,0.39419999718666077
YJL209W,YER145C,0,-5.0745983,0.20214487612247467,0.9990000128746033,0.39430001378059387
YOL021C,YGR152C,0,-5.074648,0.20210398733615875,0.9990000128746033,0.3944000005722046
YGR206W,YOR307C,0,-5.0749016,0.20206311345100403,0.9990000128746033,0.3944999873638153
YGR036C,YLR195C,0,-5.07491,0.2020222395658493,0.9990000128746033,0.3946000039577484
YPL163C,YPR016C,0,-5.075218,0.20198139548301697,0.9990000128746033,0.39469999074935913
YCR091W,YDL244W,0,-5.0752497,0.20194056630134583,0.9990000128746033,0.39480000734329224
YLR056W,YFR029W,0,-5.0752935,0.20189975202083588,0.9990000128746033,0.39489999413490295
YJR150C,YLR362W,0,-5.075397,0.20185896754264832,0.9990000128746033,0.39500001072883606
YJR089W,YML060W,0,-5.0754476,0.20181818306446075,0.9990000128746033,0.3950999975204468
YGR238C,YDR470C,0,-5.0755563,0.2017774134874344,0.9990000128746033,0.3952000141143799
YBL047C,YIL167W,0,-5.075636,0.2017366737127304,0.9990000128746033,0.3953000009059906
YCR027C,YNL070W,0,-5.0756655,0.20169594883918762,0.9990000128746033,0.3953999876976013
YIL053W,YLR086W,0,-5.0757217,0.20165522396564484,0.9990000128746033,0.3955000042915344
YOR298C-A,YIR015W,0,-5.075762,0.20161452889442444,0.9990000128746033,0.39559999108314514
YKL008C,YKL057C,0,-5.075799,0.20157384872436523,0.9990000128746033,0.39570000767707825
YFR055W,YLR425W,0,-5.075815,0.20153318345546722,0.9990000128746033,0.39579999446868896
YPL265W,YOL080C,0,-5.0758495,0.2014925330877304,0.9990000128746033,0.39590001106262207
YJR035W,YLR154C,0,-5.0761085,0.20145191252231598,0.9990000128746033,0.3959999978542328
YJR013W,YDR382W,0,-5.076151,0.20141129195690155,0.9990000128746033,0.3961000144481659
YLR370C,YDR434W,0,-5.0763426,0.20137068629264832,0.9990000128746033,0.3962000012397766
YGL135W,YDL058W,0,-5.076374,0.20133011043071747,0.9990000128746033,0.39629998803138733
YNL118C,YKR067W,0,-5.076474,0.20128954946994781,0.9990000128746033,0.39640000462532043
YGR142W,YBR017C,0,-5.076685,0.20124898850917816,0.9990000128746033,0.39649999141693115
YPL083C,YCR084C,0,-5.0766964,0.2012084573507309,0.9990000128746033,0.39660000801086426
YOR334W,YER149C,0,-5.076701,0.20116794109344482,0.9990000128746033,0.396699994802475
YDL138W,YKL082C,0,-5.0769305,0.20112743973731995,0.9990000128746033,0.3968000113964081
YHR114W,YMR198W,0,-5.0770116,0.20108695328235626,0.9990000128746033,0.3968999981880188
YER015W,YOR178C,0,-5.077078,0.20104648172855377,0.9990000128746033,0.3970000147819519
YAL003W,YOR025W,0,-5.077099,0.20100603997707367,0.9990000128746033,0.3971000015735626
YJR066W,YBR030W,0,-5.0771627,0.20096559822559357,0.9990000128746033,0.39719998836517334
YKR099W,YLR105C,0,-5.0772653,0.20092518627643585,0.9990000128746033,0.39730000495910645
YDL165W,YFR048W,0,-5.0773444,0.20088477432727814,0.9990000128746033,0.39739999175071716
YJL104W,YGL100W,0,-5.0775104,0.2008443921804428,0.9990000128746033,0.39750000834465027
YDL153C,YPR056W,0,-5.077858,0.20080402493476868,0.9990000128746033,0.397599995136261
YIR028W,YOR212W,0,-5.0779104,0.20076367259025574,0.9990000128746033,0.3977000117301941
YLR228C,YOR307C,0,-5.0779934,0.2007233202457428,0.9990000128746033,0.3977999985218048
YMR198W,YJL121C,0,-5.078142,0.20068301260471344,0.9990000128746033,0.3978999853134155
YBR057C,YJL208C,0,-5.0783324,0.20064270496368408,0.9990000128746033,0.39800000190734863
YNL259C,YNL062C,0,-5.0784063,0.20060241222381592,0.9990000128746033,0.39809998869895935
YAL026C,YOR137C,0,-5.078502,0.20056213438510895,0.9990000128746033,0.39820000529289246
YLR078C,YDR473C,0,-5.0785437,0.20052187144756317,0.9990000128746033,0.3982999920845032
YLR098C,YDL065C,0,-5.078606,0.20048163831233978,0.9990000128746033,0.3984000086784363
YOR239W,YBR092C,0,-5.0790224,0.2004414051771164,0.9990000128746033,0.398499995470047
YJL209W,YPR095C,0,-5.079176,0.2004012018442154,0.9990000128746033,0.3986000120639801
YBL008W,YNL209W,0,-5.079342,0.20036101341247559,0.9990000128746033,0.3986999988555908
YPL006W,YOR269W,0,-5.0793743,0.20032083988189697,0.9990000128746033,0.39879998564720154
YBR196C,YDR470C,0,-5.079393,0.20028066635131836,0.9990000128746033,0.39890000224113464
YNL220W,YML124C,0,-5.0793953,0.20024052262306213,0.9990000128746033,0.39899998903274536
YDL220C,YPL269W,0,-5.0794334,0.2002003937959671,0.9990000128746033,0.39910000562667847
YER032W,YJR013W,0,-5.0795484,0.20016029477119446,0.9990000128746033,0.3991999924182892
YGL155W,YBR081C,0,-5.0795794,0.20012019574642181,0.9990000128746033,0.3993000090122223
YGL195W,YDR434W,0,-5.0795927,0.20008011162281036,0.9990000128746033,0.399399995803833
YLR071C,YDL225W,0,-5.079709,0.2000400424003601,0.9990000128746033,0.3995000123977661
YJL115W,YBR152W,0,-5.079918,0.20000000298023224,0.9990000128746033,0.39959999918937683
YJR147W,YOR137C,0,-5.079954,0.19995996356010437,0.9990000128746033,0.39969998598098755
YLR377C,YJR002W,0,-5.08023,0.1999199539422989,0.9990000128746033,0.39980000257492065
YNL129W,YIL052C,0,-5.080262,0.1998799592256546,0.9990000128746033,0.39989998936653137
YLR216C,YOR261C,0,-5.0802736,0.19983996450901031,0.9990000128746033,0.4000000059604645
YJR055W,YHR096C,0,-5.08029,0.19979999959468842,0.9990000128746033,0.4000999927520752
YPL153C,YOR182C,0,-5.0804834,0.1997600495815277,0.9990000128746033,0.4002000093460083
YDL098C,YDL244W,0,-5.080571,0.1997201144695282,0.9990000128746033,0.400299996137619
YMR225C,YMR175W,0,-5.0805902,0.19968019425868988,0.9990000128746033,0.4004000127315521
YMR047C,YGR080W,0,-5.0807877,0.19964028894901276,0.9990000128746033,0.40049999952316284
YFL055W,YDR108W,0,-5.080825,0.19960039854049683,0.9990000128746033,0.40059998631477356
YCR082W,YOR171C,0,-5.0809,0.1995605230331421,0.9990000128746033,0.40070000290870667
YML099C,YAL022C,0,-5.080946,0.19952067732810974,0.9990000128746033,0.4007999897003174
YLR060W,YPL094C,0,-5.081002,0.1994808316230774,0.9990000128746033,0.4009000062942505
YKL134C,YLR272C,0,-5.081004,0.19944100081920624,0.9990000128746033,0.4009999930858612
YLL036C,YLR197W,0,-5.0811195,0.19940119981765747,0.9990000128746033,0.4011000096797943
YDR513W,YKL101W,0,-5.081156,0.1993613988161087,0.9990000128746033,0.40119999647140503
YER183C,YMR137C,0,-5.0818405,0.19932162761688232,0.9990000128746033,0.40130001306533813
YMR281W,YNL202W,0,-5.0819054,0.19928187131881714,0.9990000128746033,0.40139999985694885
YHR166C,YJR002W,0,-5.08202,0.19924211502075195,0.9990000128746033,0.40149998664855957
YMR133W,YKR014C,0,-5.0821424,0.19920238852500916,0.9990000128746033,0.4016000032424927
YIL097W,YGL037C,0,-5.0823355,0.19916267693042755,0.9990000128746033,0.4016999900341034
YBR127C,YLR272C,0,-5.082868,0.19912298023700714,0.9990000128746033,0.4018000066280365
YMR012W,YGR078C,0,-5.083034,0.19908329844474792,0.9990000128746033,0.4018999934196472
YDR422C,YML005W,0,-5.0831027,0.1990436315536499,0.9990000128746033,0.4020000100135803
YKL190W,YKL170W,0,-5.0831785,0.19900397956371307,0.9990000128746033,0.40209999680519104
YBR245C,YNL064C,0,-5.083295,0.19896434247493744,0.9990000128746033,0.40220001339912415
YPL243W,YML015C,0,-5.0833244,0.1989247351884842,0.9990000128746033,0.40230000019073486
YBR085W,YMR312W,0,-5.0833874,0.19888512790203094,0.9990000128746033,0.4023999869823456
YDL142C,YBR254C,0,-5.0834274,0.1988455355167389,0.9990000128746033,0.4025000035762787
YOR371C,YBL088C,0,-5.0834274,0.19880597293376923,0.9990000128746033,0.4025999903678894
YPL006W,YMR283C,0,-5.0834446,0.19876641035079956,0.9990000128746033,0.4027000069618225
YER111C,YBR273C,0,-5.0834613,0.19872687757015228,0.9990000128746033,0.4027999937534332
YIL016W,YDR369C,0,-5.083583,0.198687344789505,0.9990000128746033,0.40290001034736633
YHR019C,YIL114C,0,-5.083977,0.19864784181118011,0.9990000128746033,0.40299999713897705
YNR030W,YDR135C,0,-5.084,0.19860835373401642,0.9990000128746033,0.40310001373291016
YOL095C,YGL100W,0,-5.0842514,0.19856886565685272,0.9990000128746033,0.4032000005245209
YAR007C,YLR410W,0,-5.0842757,0.1985294073820114,0.9990000128746033,0.4032999873161316
YDR411C,YLR277C,0,-5.0843897,0.1984899640083313,0.9990000128746033,0.4034000039100647
YJL081C,YJR094C,0,-5.0845485,0.19845053553581238,0.9990000128746033,0.4034999907016754
YNR059W,YMR096W,0,-5.085026,0.19841112196445465,0.9990000128746033,0.4036000072956085
YLR088W,YGL048C,0,-5.0851088,0.19837172329425812,0.9990000128746033,0.40369999408721924
YDL069C,YPL171C,0,-5.0851145,0.19833233952522278,0.9990000128746033,0.40380001068115234
YHR115C,YLR409C,0,-5.0851765,0.19829297065734863,0.9990000128746033,0.40389999747276306
YML042W,YGL025C,0,-5.085239,0.19825361669063568,0.9990000128746033,0.40400001406669617
YMR186W,YPL146C,0,-5.0853014,0.19821429252624512,0.9990000128746033,0.4041000008583069
YIL030C,YEL041W,0,-5.085332,0.19817496836185455,0.9990000128746033,0.4041999876499176
YOR147W,YIL016W,0,-5.0853853,0.19813565909862518,0.9990000128746033,0.4043000042438507
YKL089W,YOR056C,0,-5.08543,0.198096364736557,0.9990000128746033,0.4043999910354614
YDR378C,YHR021C,0,-5.0854654,0.19805710017681122,0.9990000128746033,0.40450000762939453
YJR068W,YOR272W,0,-5.085582,0.19801783561706543,0.9990000128746033,0.40459999442100525
YDR386W,YNL251C,0,-5.085797,0.19797860085964203,0.9990000128746033,0.40470001101493835
YML129C,YOR386W,0,-5.0858316,0.19793936610221863,0.9990000128746033,0.4047999978065491
YEL071W,YLR293C,0,-5.086154,0.19790016114711761,0.9990000128746033,0.4049000144004822
YMR192W,YNR059W,0,-5.0862703,0.1978609561920166,0.9990000128746033,0.4050000011920929
YNR067C,YOR130C,0,-5.0864944,0.19782178103923798,0.9990000128746033,0.4050999879837036
YOL001W,YKL175W,0,-5.086582,0.19778262078762054,0.9990000128746033,0.4052000045776367
YIL122W,YOR182C,0,-5.0867386,0.1977434605360031,0.9990000128746033,0.40529999136924744
YBL090W,YBL025W,0,-5.087156,0.19770433008670807,0.9990000128746033,0.40540000796318054
YLL061W,YNL201C,0,-5.0871654,0.19766521453857422,0.9990000128746033,0.40549999475479126
YJL034W,YIL173W,0,-5.0873804,0.19762611389160156,0.9990000128746033,0.40560001134872437
YKL046C,YDL058W,0,-5.087469,0.1975870281457901,0.9990000128746033,0.4056999981403351
YBR243C,YGL207W,0,-5.0876937,0.19754795730113983,0.9990000128746033,0.4058000147342682
YKL054C,YGR180C,0,-5.0878143,0.19750890135765076,0.9990000128746033,0.4059000015258789
YKR046C,YHL034C,0,-5.0879188,0.19746986031532288,0.9990000128746033,0.4059999883174896
YHL048W,YLR286C,0,-5.0882015,0.1974308341741562,0.9990000128746033,0.40610000491142273
YDR437W,YMR298W,0,-5.0882154,0.1973918229341507,0.9990000128746033,0.40619999170303345
YDR280W,YHR206W,0,-5.088433,0.1973528265953064,0.9990000128746033,0.40630000829696655
YLR028C,YGL090W,0,-5.088464,0.1973138451576233,0.9990000128746033,0.40639999508857727
YLR229C,YNL145W,0,-5.0885363,0.19727487862110138,0.9990000128746033,0.4065000116825104
YPR007C,YBL011W,0,-5.0885725,0.19723592698574066,0.9990000128746033,0.4065999984741211
YDR364C,YJL127C,0,-5.0886126,0.19719700515270233,0.9990000128746033,0.4066999852657318
YER051W,YJR135C,0,-5.0887103,0.197158083319664,0.9990000128746033,0.4068000018596649
YLR355C,YML061C,0,-5.0888624,0.19711917638778687,0.9990000128746033,0.40689998865127563
YMR177W,YIL052C,0,-5.089137,0.19708029925823212,0.9990000128746033,0.40700000524520874
YGL181W,YPR133C,0,-5.0892267,0.19704142212867737,0.9990000128746033,0.40709999203681946
YPL269W,YGR172C,0,-5.0892634,0.1970025599002838,0.9990000128746033,0.40720000863075256
YDL192W,YPL101W,0,-5.0892677,0.19696372747421265,0.9990000128746033,0.4072999954223633
YIL119C,YDR470C,0,-5.0893106,0.19692489504814148,0.9990000128746033,0.4074000120162964
YNL059C,YLR013W,0,-5.0895977,0.1968860924243927,0.9990000128746033,0.4074999988079071
YJR108W,YNR031C,0,-5.089717,0.19684728980064392,0.9990000128746033,0.4075999855995178
YDR320C-A,YOL149W,0,-5.0898714,0.19680851697921753,0.9990000128746033,0.4077000021934509
YHL031C,YOL044W,0,-5.089967,0.19676974415779114,0.9990000128746033,0.40779998898506165
YPL078C,YKR022C,0,-5.090062,0.19673100113868713,0.9990000128746033,0.40790000557899475
YDL220C,YDL213C,0,-5.09013,0.19669225811958313,0.9990000128746033,0.40799999237060547
YHR165C,YNL088W,0,-5.090166,0.1966535449028015,0.9990000128746033,0.4081000089645386
YDR021W,YFL011W,0,-5.0901747,0.1966148465871811,0.9990000128746033,0.4081999957561493
YBR160W,YOL121C,0,-5.090274,0.19657614827156067,0.9990000128746033,0.4083000123500824
YDR309C,YOR109W,0,-5.0903907,0.19653747975826263,0.9990000128746033,0.4083999991416931
YGR133W,YMR079W,0,-5.0904427,0.1964988261461258,0.9990000128746033,0.40849998593330383
YIL010W,YOL042W,0,-5.090591,0.19646017253398895,0.9990000128746033,0.40860000252723694
YCR063W,YBL032W,0,-5.0906343,0.1964215487241745,0.9990000128746033,0.40869998931884766
YOR386W,YKL148C,0,-5.090638,0.19638293981552124,0.9990000128746033,0.40880000591278076
YOL093W,YEL004W,0,-5.0906487,0.19634434580802917,0.9990000128746033,0.4088999927043915
YJR105W,YLR092W,0,-5.0906954,0.1963057518005371,0.9990000128746033,0.4090000092983246
YGR220C,YHR157W,0,-5.090872,0.19626718759536743,0.9990000128746033,0.4090999960899353
YDR423C,YLR119W,0,-5.090908,0.19622863829135895,0.9990000128746033,0.4092000126838684
YPR083W,YIL016W,0,-5.090932,0.19619010388851166,0.9990000128746033,0.4092999994754791
YHR014W,YDR451C,0,-5.0916166,0.19615158438682556,0.9990000128746033,0.40939998626708984
YLR210W,YDR335W,0,-5.0916996,0.19611307978630066,0.9990000128746033,0.40950000286102295
YER035W,YML032C,0,-5.091709,0.19607459008693695,0.9990000128746033,0.40959998965263367
YGL003C,YOR148C,0,-5.0917373,0.19603610038757324,0.9990000128746033,0.4097000062465668
YGL257C,YGL151W,0,-5.0917664,0.19599764049053192,0.9990000128746033,0.4097999930381775
YOR335C,YDL231C,0,-5.0917873,0.1959591954946518,0.9990000128746033,0.4099000096321106
YNL173C,YDR178W,0,-5.091822,0.19592076539993286,0.9990000128746033,0.4099999964237213
YBL082C,YER005W,0,-5.09204,0.19588235020637512,0.9990000128746033,0.4101000130176544
YPL152W,YFR003C,0,-5.092088,0.19584394991397858,0.9990000128746033,0.41019999980926514
YNL026W,YNL012W,0,-5.0922227,0.19580556452274323,0.9990000128746033,0.41029998660087585
YDL128W,YHR048W,0,-5.0922575,0.19576719403266907,0.9990000128746033,0.41040000319480896
YGR098C,YPR005C,0,-5.092333,0.1957288384437561,0.9990000128746033,0.4104999899864197
YPL193W,YLR424W,0,-5.09239,0.19569049775600433,0.9990000128746033,0.4106000065803528
YLR153C,YOR083W,0,-5.092678,0.19565217196941376,0.9990000128746033,0.4106999933719635
YPL051W,YPL126W,0,-5.0926933,0.19561386108398438,0.9990000128746033,0.4108000099658966
YBR023C,YKL073W,0,-5.092892,0.1955755650997162,0.9990000128746033,0.4108999967575073
YHR188C,YPR168W,0,-5.093046,0.1955372840166092,0.9990000128746033,0.41100001335144043
YMR047C,YPL019C,0,-5.093078,0.1954990178346634,0.9990000128746033,0.41110000014305115
YOR123C,YGR116W,0,-5.0931244,0.19546076655387878,0.9990000128746033,0.41119998693466187
YDL098C,YPL033C,0,-5.093253,0.19542253017425537,0.9990000128746033,0.41130000352859497
YOR067C,YJL209W,0,-5.093574,0.19538430869579315,0.9990000128746033,0.4113999903202057
YGL043W,YGL124C,0,-5.0936003,0.19534610211849213,0.9990000128746033,0.4115000069141388
YLR399C,YNR038W,0,-5.093734,0.1953079104423523,0.9990000128746033,0.4115999937057495
YNR056C,YDL101C,0,-5.0938354,0.19526974856853485,0.9990000128746033,0.4117000102996826
YPL208W,YMR241W,0,-5.09393,0.1952315866947174,0.9990000128746033,0.41179999709129333
YMR211W,YEL032W,0,-5.093963,0.19519343972206116,0.9990000128746033,0.41190001368522644
YCL043C,YOR081C,0,-5.0940175,0.1951553076505661,0.9990000128746033,0.41200000047683716
YDR436W,YLL036C,0,-5.0940204,0.19511719048023224,0.9990000128746033,0.4120999872684479
YOR020C,YDR495C,0,-5.0940437,0.19507908821105957,0.9990000128746033,0.412200003862381
YOR237W,YML127W,0,-5.0942097,0.1950410008430481,0.9990000128746033,0.4122999906539917
YIL097W,YNR023W,0,-5.0942326,0.19500292837619781,0.9990000128746033,0.4124000072479248
YLR295C,YPL026C,0,-5.0942364,0.19496487081050873,0.9990000128746033,0.4124999940395355
YGR007W,YMR091C,0,-5.0944595,0.19492682814598083,0.9990000128746033,0.41260001063346863
YGR009C,YOL129W,0,-5.0945234,0.19488880038261414,0.9990000128746033,0.41269999742507935
YOR361C,YGL163C,0,-5.094777,0.19485078752040863,0.9990000128746033,0.41280001401901245
YOR033C,YER025W,0,-5.0947847,0.19481278955936432,0.9990000128746033,0.41290000081062317
YIR002C,YGR081C,0,-5.0948877,0.1947748064994812,0.9990000128746033,0.4129999876022339
YDR299W,YDL108W,0,-5.0949173,0.19473683834075928,0.9990000128746033,0.413100004196167
YMR246W,YDR503C,0,-5.094987,0.19469888508319855,0.9990000128746033,0.4131999909877777
YNL101W,YHR042W,0,-5.0949926,0.194660946726799,0.9990000128746033,0.4133000075817108
YNL130C,YJR150C,0,-5.095046,0.19462302327156067,0.9990000128746033,0.41339999437332153
YHL002W,YNL091W,0,-5.095102,0.19458511471748352,0.9990000128746033,0.41350001096725464
YDR130C,YBL018C,0,-5.0952873,0.19454722106456757,0.9990000128746033,0.41359999775886536
YMR001C,YKL043W,0,-5.0953298,0.1945093423128128,0.9990000128746033,0.41370001435279846
YPL149W,YGR113W,0,-5.095344,0.19447147846221924,0.9990000128746033,0.4138000011444092
YMR075W,YHR012W,0,-5.095474,0.19443362951278687,0.9990000128746033,0.4138999879360199
YDR434W,YDL244W,0,-5.0957847,0.19439579546451569,0.9990000128746033,0.414000004529953
YNL270C,YPL026C,0,-5.095797,0.1943579763174057,0.9990000128746033,0.4140999913215637
YEL036C,YML118W,0,-5.0958877,0.1943201720714569,0.9990000128746033,0.4142000079154968
YBR236C,YNL036W,0,-5.0958943,0.1942823827266693,0.9990000128746033,0.41429999470710754
YLR295C,YIR017C,0,-5.095956,0.1942446082830429,0.9990000128746033,0.41440001130104065
YBR092C,YDR246W,0,-5.0965934,0.1942068487405777,0.9990000128746033,0.41449999809265137
YPR020W,YLR116W,0,-5.0966315,0.1941690891981125,0.9990000128746033,0.4146000146865845
YPL135W,YDR473C,0,-5.096697,0.19413135945796967,0.9990000128746033,0.4147000014781952
YML008C,YLR335W,0,-5.09676,0.19409364461898804,0.9990000128746033,0.4147999882698059
YAR019C,YBR167C,0,-5.0968747,0.1940559446811676,0.9990000128746033,0.414900004863739
YCL035C,YKL194C,0,-5.0969086,0.19401825964450836,0.9990000128746033,0.41499999165534973
YIL048W,YPL138C,0,-5.097126,0.19398058950901031,0.9990000128746033,0.41510000824928284
YNL118C,YLR386W,0,-5.0972204,0.19394291937351227,0.9990000128746033,0.41519999504089355
YIR006C,YDR523C,0,-5.09725,0.1939052790403366,0.9990000128746033,0.41530001163482666
YLR134W,YDL090C,0,-5.0973663,0.19386765360832214,0.9990000128746033,0.4153999984264374
YDL130W,YMR104C,0,-5.09739,0.19383002817630768,0.9990000128746033,0.4154999852180481
YCR088W,YBL084C,0,-5.09754,0.1937924325466156,0.9990000128746033,0.4156000018119812
YGR278W,YDR211W,0,-5.097582,0.19375485181808472,0.9990000128746033,0.4156999886035919
YNL007C,YMR089C,0,-5.09764,0.19371727108955383,0.9990000128746033,0.415800005197525
YNR011C,YGR080W,0,-5.097831,0.19367972016334534,0.9990000128746033,0.41589999198913574
YKL114C,YGR040W,0,-5.0978794,0.19364218413829803,0.9990000128746033,0.41600000858306885
YBR057C,YLR039C,0,-5.097889,0.19360464811325073,0.9990000128746033,0.41609999537467957
YLR286C,YHR165C,0,-5.0979023,0.19356714189052582,0.9990000128746033,0.41620001196861267
YMR162C,YGR158C,0,-5.0980244,0.1935296356678009,0.9990000128746033,0.4162999987602234
YCL024W,YOR334W,0,-5.0982046,0.19349215924739838,0.9990000128746033,0.4163999855518341
YBR278W,YDL130W-A,0,-5.0982146,0.19345468282699585,0.9990000128746033,0.4165000021457672
YGL168W,YKL166C,0,-5.098316,0.1934172362089157,0.9990000128746033,0.41659998893737793
YER032W,YER029C,0,-5.0983696,0.19337978959083557,0.9990000128746033,0.41670000553131104
YDR054C,YLR214W,0,-5.0984697,0.19334235787391663,0.9990000128746033,0.41679999232292175
YCL016C,YER040W,0,-5.0986505,0.19330495595932007,0.9990000128746033,0.41690000891685486
YHR206W,YBR081C,0,-5.0988827,0.1932675540447235,0.9990000128746033,0.4169999957084656
YDR189W,YHR084W,0,-5.098912,0.19323016703128815,0.9990000128746033,0.4171000123023987
YOL095C,YGR010W,0,-5.0990233,0.19319280982017517,0.9990000128746033,0.4171999990940094
YDL227C,YPL258C,0,-5.0990796,0.1931554526090622,0.9990000128746033,0.4172999858856201
YGL105W,YDR473C,0,-5.099117,0.1931181102991104,0.9990000128746033,0.4174000024795532
YNL039W,YLR398C,0,-5.099181,0.19308078289031982,0.9990000128746033,0.41749998927116394
YJR006W,YOL066C,0,-5.099272,0.19304348528385162,0.9990000128746033,0.41760000586509705
YPR162C,YMR239C,0,-5.099454,0.19300618767738342,0.9990000128746033,0.41769999265670776
YHR019C,YHR148W,0,-5.099494,0.19296890497207642,0.9990000128746033,0.41780000925064087
YHR011W,YNL250W,0,-5.0995226,0.1929316371679306,0.9990000128746033,0.4178999960422516
YML080W,YER007W,0,-5.0995865,0.19289438426494598,0.9990000128746033,0.4180000126361847
YMR080C,YER013W,0,-5.09962,0.19285714626312256,0.9990000128746033,0.4180999994277954
YNR002C,YPR009W,0,-5.0997057,0.19281992316246033,0.9990000128746033,0.41819998621940613
YBL006C,YPL235W,0,-5.0997276,0.1927827149629593,0.9990000128746033,0.41830000281333923
YDR138W,YDR382W,0,-5.1000557,0.19274550676345825,0.9990000128746033,0.41839998960494995
YLR201C,YBR177C,0,-5.100093,0.1927083283662796,0.9990000128746033,0.41850000619888306
YOR348C,YKL014C,0,-5.1001506,0.19267116487026215,0.9990000128746033,0.4185999929904938
YBR195C,YBL056W,0,-5.100219,0.19263401627540588,0.9990000128746033,0.4187000095844269
YER061C,YML130C,0,-5.100468,0.19259688258171082,0.9990000128746033,0.4187999963760376
YNL182C,YER173W,0,-5.100606,0.19255974888801575,0.9990000128746033,0.4189000129699707
YOR023C,YJL024C,0,-5.100748,0.19252264499664307,0.9990000128746033,0.4189999997615814
YNR059W,YIL030C,0,-5.1012516,0.19248555600643158,0.9990000128746033,0.41909998655319214
YMR204C,YDR017C,0,-5.101302,0.1924484670162201,0.9990000128746033,0.41920000314712524
YGL162W,YML098W,0,-5.101327,0.192411407828331,0.9990000128746033,0.41929998993873596
YDR108W,YML061C,0,-5.1013975,0.1923743486404419,0.9990000128746033,0.41940000653266907
YMR246W,YML094W,0,-5.101649,0.19233731925487518,0.9990000128746033,0.4194999933242798
YHR024C,YML005W,0,-5.1016827,0.19230028986930847,0.9990000128746033,0.4196000099182129
YBR107C,YKR022C,0,-5.101705,0.19226327538490295,0.9990000128746033,0.4196999967098236
YEL016C,YDL216C,0,-5.1017857,0.19222629070281982,0.9990000128746033,0.4198000133037567
YKL191W,YFR031C,0,-5.1019983,0.1921893060207367,0.9990000128746033,0.41990000009536743
YOL089C,YGR211W,0,-5.102004,0.19215233623981476,0.9990000128746033,0.41999998688697815
YGR188C,YDR023W,0,-5.1020412,0.19211538136005402,0.9990000128746033,0.42010000348091125
YJL157C,YJR068W,0,-5.1021986,0.19207844138145447,0.9990000128746033,0.420199990272522
YIL007C,YOR007C,0,-5.1023564,0.1920415163040161,0.9990000128746033,0.4203000068664551
YKR095W,YLR335W,0,-5.1024537,0.19200460612773895,0.9990000128746033,0.4203999936580658
YJR091C,YMR075W,0,-5.102534,0.19196771085262299,0.9990000128746033,0.4205000102519989
YPR021C,YFR030W,0,-5.1028304,0.1919308304786682,0.9990000128746033,0.4205999970436096
YGL163C,YPL011C,0,-5.1028433,0.19189396500587463,0.9990000128746033,0.4207000136375427
YIL046W,YGR038W,0,-5.102872,0.19185711443424225,0.9990000128746033,0.42080000042915344
YJL194W,YOR083W,0,-5.1029234,0.19182027876377106,0.9990000128746033,0.42089998722076416
YLR418C,YDR358W,0,-5.1032352,0.19178345799446106,0.9990000128746033,0.42100000381469727
YGR230W,YBR112C,0,-5.1032996,0.19174663722515106,0.9990000128746033,0.421099990606308
YER119C,YGR028W,0,-5.103304,0.19170984625816345,0.9990000128746033,0.4212000072002411
YJL061W,YDL138W,0,-5.1034074,0.19167305529117584,0.9990000128746033,0.4212999939918518
YNL270C,YMR313C,0,-5.1034317,0.19163629412651062,0.9990000128746033,0.4214000105857849
YER028C,YPL012W,0,-5.103686,0.1915995329618454,0.9990000128746033,0.42149999737739563
YPL181W,YIL112W,0,-5.1037292,0.19156280159950256,0.9990000128746033,0.42160001397132874
YLR015W,YNL047C,0,-5.1039906,0.19152607023715973,0.9990000128746033,0.42170000076293945
YBR218C,YOR287C,0,-5.1042876,0.19148936867713928,0.9990000128746033,0.42179998755455017
YBR207W,YDR122W,0,-5.1043344,0.19145266711711884,0.9990000128746033,0.4219000041484833
YLR216C,YDR143C,0,-5.1044607,0.19141598045825958,0.9990000128746033,0.421999990940094
YGL075C,YPR144C,0,-5.1044674,0.19137930870056152,0.9990000128746033,0.4221000075340271
YHR108W,YBL063W,0,-5.104624,0.19134265184402466,0.9990000128746033,0.4221999943256378
YJR158W,YHR077C,0,-5.1047463,0.191306009888649,0.9990000128746033,0.4223000109195709
YGR167W,YGL163C,0,-5.1049976,0.1912693828344345,0.9990000128746033,0.42239999771118164
YJR021C,YMR284W,0,-5.105032,0.19123277068138123,0.9990000128746033,0.42250001430511475
YAL012W,YLR026C,0,-5.1051188,0.19119617342948914,0.9990000128746033,0.42260000109672546
YOL033W,YFL058W,0,-5.1052094,0.19115959107875824,0.9990000128746033,0.4226999878883362
YKR085C,YHR124W,0,-5.105214,0.19112300872802734,0.9990000128746033,0.4228000044822693
YNL251C,YMR101C,0,-5.1053486,0.19108645617961884,0.9990000128746033,0.42289999127388
YAR019C,YIR023W,0,-5.1053867,0.19104991853237152,0.9990000128746033,0.4230000078678131
YKL055C,YMR022W,0,-5.1056986,0.1910133808851242,0.9990000128746033,0.42309999465942383
YPL036W,YPR140W,0,-5.10577,0.19097687304019928,0.9990000128746033,0.42320001125335693
YPR056W,YDR200C,0,-5.1058674,0.19094036519527435,0.9990000128746033,0.42329999804496765
YPR030W,YJR145C,0,-5.106051,0.19090387225151062,0.9990000128746033,0.42340001463890076
YJL170C,YPR065W,0,-5.1062746,0.19086740911006927,0.9990000128746033,0.4235000014305115
YKL179C,YML013W,0,-5.1063538,0.19083094596862793,0.9990000128746033,0.4235999882221222
YBL008W,YNL282W,0,-5.106357,0.19079449772834778,0.9990000128746033,0.4237000048160553
YHR166C,YBR175W,0,-5.1064425,0.19075806438922882,0.9990000128746033,0.423799991607666
YOR239W,YNL051W,0,-5.106676,0.19072164595127106,0.9990000128746033,0.4239000082015991
YPR007C,YJL156C,0,-5.1067314,0.1906852424144745,0.9990000128746033,0.42399999499320984
YDR317W,YGR268C,0,-5.106879,0.1906488537788391,0.9990000128746033,0.42410001158714294
YMR142C,YDL120W,0,-5.1069736,0.19061248004436493,0.9990000128746033,0.42419999837875366
YHR166C,YLR453C,0,-5.1070294,0.19057612121105194,0.9990000128746033,0.4242999851703644
YHR188C,YAL015C,0,-5.1075478,0.19053976237773895,0.9990000128746033,0.4244000017642975
YMR284W,YNL241C,0,-5.107671,0.19050343334674835,0.9990000128746033,0.4244999885559082
YMR038C,YLR215C,0,-5.107691,0.19046710431575775,0.9990000128746033,0.4246000051498413
YGR224W,YDR388W,0,-5.107801,0.19043080508708954,0.9990000128746033,0.424699991941452
YGR253C,YLR240W,0,-5.107857,0.19039450585842133,0.9990000128746033,0.42480000853538513
YMR268C,YOL028C,0,-5.107893,0.1903582364320755,0.9990000128746033,0.42489999532699585
YJR078W,YDR129C,0,-5.107896,0.19032196700572968,0.9990000128746033,0.42500001192092896
YKL112W,YBL090W,0,-5.1079483,0.19028571248054504,0.9990000128746033,0.4250999987125397
YDL040C,YPL124W,0,-5.1080713,0.1902494728565216,0.9990000128746033,0.4251999855041504
YJL081C,YNL227C,0,-5.1082683,0.19021324813365936,0.9990000128746033,0.4253000020980835
YDR005C,YPL156C,0,-5.1082926,0.1901770383119583,0.9990000128746033,0.4253999888896942
YMR041C,YIL072W,0,-5.108316,0.19014084339141846,0.9990000128746033,0.4255000054836273
YKL057C,YNL016W,0,-5.108756,0.1901046633720398,0.9990000128746033,0.42559999227523804
YDL220C,YDL077C,0,-5.108777,0.19006849825382233,0.9990000128746033,0.42570000886917114
YGR134W,YDR021W,0,-5.1087914,0.19003233313560486,0.9990000128746033,0.42579999566078186
YNR074C,YOL023W,0,-5.109253,0.18999619781970978,0.9990000128746033,0.42590001225471497
YHR094C,YJL146W,0,-5.109311,0.1899600625038147,0.9990000128746033,0.4259999990463257
YIL097W,YML061C,0,-5.109378,0.189923956990242,0.9990000128746033,0.4260999858379364
YNL145W,YER100W,0,-5.1094437,0.1898878514766693,0.9990000128746033,0.4262000024318695
YDR404C,YDR353W,0,-5.1094522,0.1898517608642578,0.9990000128746033,0.4262999892234802
YMR224C,YDR381W,0,-5.110081,0.1898157000541687,0.9990000128746033,0.42640000581741333
YNL030W,YIL150C,0,-5.110094,0.1897796392440796,0.9990000128746033,0.42649999260902405
YJL080C,YNL272C,0,-5.1101665,0.18974359333515167,0.9990000128746033,0.42660000920295715
YDR245W,YLR135W,0,-5.1101675,0.18970756232738495,0.9990000128746033,0.42669999599456787
YMR106C,YNR047W,0,-5.110171,0.18967154622077942,0.9990000128746033,0.426800012588501
YMR192W,YAR002W,0,-5.110222,0.1896355301141739,0.9990000128746033,0.4268999993801117
YHR085W,YGR007W,0,-5.1106195,0.18959954380989075,0.9990000128746033,0.4269999861717224
YGR286C,YDL087C,0,-5.11082,0.1895635724067688,0.9990000128746033,0.4271000027656555
YLR013W,YGL201C,0,-5.11092,0.18952760100364685,0.9990000128746033,0.42719998955726624
YNL293W,YPL124W,0,-5.1109295,0.1894916594028473,0.9990000128746033,0.42730000615119934
YML040W,YML045W,1,-5.1111507,0.18964536488056183,1.0,0.42730000615119934
YMR211W,YPL001W,0,-5.1113124,0.18960940837860107,1.0,0.42739999294281006
YPL256C,YIL121W,0,-5.1115108,0.1895734667778015,1.0,0.42750000953674316
YIL009C-A,YLR256W,0,-5.1115165,0.18953752517700195,1.0,0.4275999963283539
YGR104C,YLR222C,0,-5.1115227,0.18950161337852478,1.0,0.427700012922287
YNR010W,YML043C,0,-5.1115265,0.1894657015800476,1.0,0.4277999997138977
YKR082W,YOL109W,0,-5.111543,0.18942981958389282,1.0,0.4278999865055084
YNL101W,YHR012W,0,-5.111561,0.18939393758773804,1.0,0.42800000309944153
YDR182W,YDL116W,0,-5.11174,0.18935807049274445,1.0,0.42809998989105225
YOL086C,YER070W,0,-5.111903,0.18932223320007324,1.0,0.42820000648498535
YDR507C,YJR143C,0,-5.1120014,0.18928639590740204,1.0,0.42829999327659607
YIL159W,YLR427W,0,-5.1120176,0.18925057351589203,1.0,0.4284000098705292
YJR089W,YNL164C,0,-5.112032,0.1892147660255432,1.0,0.4284999966621399
YJL071W,YNL061W,0,-5.112114,0.1891789585351944,1.0,0.428600013256073
YAL031C,YEL013W,0,-5.1121445,0.18914318084716797,1.0,0.4287000000476837
YOL064C,YLR362W,0,-5.112159,0.18910741806030273,1.0,0.42879998683929443
YBL030C,YJL025W,0,-5.112284,0.1890716552734375,1.0,0.42890000343322754
YKL092C,YHR048W,0,-5.112294,0.18903592228889465,1.0,0.42899999022483826
YER112W,YDR447C,0,-5.1123586,0.1890001893043518,1.0,0.42910000681877136
YBR034C,YKL015W,0,-5.112425,0.18896447122097015,1.0,0.4291999936103821
YBR070C,YEL004W,0,-5.1125407,0.1889287680387497,1.0,0.4293000102043152
YOR143C,YIL056W,0,-5.112773,0.18889307975769043,1.0,0.4293999969959259
YIL009C-A,YGL171W,0,-5.1128645,0.18885740637779236,1.0,0.429500013589859
YOR034C,YGR238C,0,-5.1128693,0.18882174789905548,1.0,0.4296000003814697
YBR161W,YMR109W,0,-5.112936,0.1887861043214798,1.0,0.42969998717308044
YHR170W,YFR051C,0,-5.112958,0.1887504756450653,1.0,0.42980000376701355
YKL022C,YDL155W,0,-5.1131,0.18871484696865082,1.0,0.42989999055862427
YOL123W,YOL001W,0,-5.113187,0.18867924809455872,1.0,0.4300000071525574
YMR214W,YDR260C,0,-5.1132183,0.1886436492204666,1.0,0.4300999939441681
YBR221C,YBR276C,0,-5.113306,0.1886080652475357,1.0,0.4302000105381012
YFR033C,YJL056C,0,-5.1134176,0.18857251107692719,1.0,0.4302999973297119
YPR081C,YGR040W,0,-5.1136365,0.18853695690631866,1.0,0.430400013923645
YFL010W-A,YHR039C-A,0,-5.113803,0.18850141763687134,1.0,0.43050000071525574
YLR138W,YDR393W,0,-5.113984,0.1884658932685852,1.0,0.43059998750686646
YBR107C,YLR032W,0,-5.1139874,0.18843036890029907,1.0,0.43070000410079956
YGL049C,YIL008W,0,-5.1141157,0.18839487433433533,1.0,0.4307999908924103
YLR114C,YCL051W,0,-5.1142445,0.18835939466953278,1.0,0.4309000074863434
YGL090W,YMR075W,0,-5.1143456,0.18832391500473022,1.0,0.4309999942779541
YBR212W,YOL067C,0,-5.114494,0.18828846514225006,1.0,0.4311000108718872
YER038C,YDR425W,0,-5.114605,0.1882530152797699,1.0,0.4311999976634979
YOR023C,YJL184W,0,-5.114642,0.18821758031845093,1.0,0.43130001425743103
YIL097W,YBR022W,0,-5.1146975,0.18818216025829315,1.0,0.43140000104904175
YDR335W,YOR081C,0,-5.1147695,0.18814675509929657,1.0,0.43149998784065247
YHR176W,YPR024W,0,-5.1148252,0.18811136484146118,1.0,0.43160000443458557
YDL069C,YOR187W,0,-5.114837,0.188075989484787,1.0,0.4316999912261963
YJL170C,YER003C,0,-5.114841,0.1880406141281128,1.0,0.4318000078201294
YHR165C,YPR018W,0,-5.1151743,0.188005268573761,1.0,0.4318999946117401
YPL163C,YDR320C,0,-5.1153564,0.18796992301940918,1.0,0.4320000112056732
YKR099W,YMR270C,0,-5.1156387,0.18793459236621857,1.0,0.43209999799728394
YFL022C,YNL032W,0,-5.1157064,0.18789929151535034,1.0,0.43220001459121704
YEL016C,YHR098C,0,-5.11572,0.18786399066448212,1.0,0.43230000138282776
YPL265W,YDR363W-A,0,-5.1157317,0.18782870471477509,1.0,0.4323999881744385
YGL032C,YAL017W,0,-5.1160803,0.18779343366622925,1.0,0.4325000047683716
YOR373W,YHL006C,0,-5.116134,0.1877581626176834,1.0,0.4325999915599823
YLR163C,YOR063W,0,-5.116245,0.18772292137145996,1.0,0.4327000081539154
YER109C,YDL130W-A,0,-5.1164784,0.1876876950263977,1.0,0.4327999949455261
YNL149C,YGR211W,0,-5.1165667,0.18765246868133545,1.0,0.43290001153945923
YJL014W,YDR489W,0,-5.116597,0.1876172572374344,1.0,0.43299999833106995
YKL046C,YGR101W,0,-5.116768,0.18758206069469452,1.0,0.43309998512268066
YDL154W,YML046W,0,-5.116784,0.18754689395427704,1.0,0.43320000171661377
YOL045W,YKL038W,0,-5.116802,0.18751171231269836,1.0,0.4332999885082245
YJL117W,YDR369C,0,-5.1168494,0.18747656047344208,1.0,0.4334000051021576
YLR295C,YHR011W,0,-5.1169553,0.18744142353534698,1.0,0.4334999918937683
YJL090C,YPR032W,0,-5.117125,0.18740630149841309,1.0,0.4336000084877014
YDR277C,YLR176C,0,-5.1171894,0.1873711794614792,1.0,0.43369999527931213
YOR145C,YJR009C,0,-5.1173353,0.18733608722686768,1.0,0.43380001187324524
YNL026W,YGL210W,0,-5.1175613,0.18730099499225616,1.0,0.43389999866485596
YPL265W,YJL010C,0,-5.1176763,0.18726591765880585,1.0,0.4339999854564667
YDR309C,YER022W,0,-5.117701,0.18723085522651672,1.0,0.4341000020503998
YOL145C,YOR237W,0,-5.1178474,0.1871958076953888,1.0,0.4341999888420105
YER036C,YNL167C,0,-5.117865,0.18716077506542206,1.0,0.4343000054359436
YER112W,YKL012W,0,-5.1179113,0.18712574243545532,1.0,0.4343999922275543
YDR108W,YIL101C,0,-5.117941,0.18709073960781097,1.0,0.4345000088214874
YDL164C,YLR005W,0,-5.118122,0.18705573678016663,1.0,0.43459999561309814
YDR023W,YDR369C,0,-5.1182327,0.18702076375484467,1.0,0.43470001220703125
YGR003W,YDL140C,0,-5.118335,0.1869857907295227,1.0,0.43479999899864197
YLR047C,YLR442C,0,-5.1184015,0.18695083260536194,1.0,0.4348999857902527
YKR019C,YNL110C,0,-5.118413,0.18691588938236237,1.0,0.4350000023841858
YPL021W,YDR362C,0,-5.118448,0.186880961060524,1.0,0.4350999891757965
YAL025C,YEL050C,0,-5.118669,0.1868460327386856,1.0,0.4352000057697296
YPL021W,YGR212W,0,-5.1187124,0.18681113421916962,1.0,0.43529999256134033
YLR450W,YDL232W,0,-5.1187544,0.18677623569965363,1.0,0.43540000915527344
YLR044C,YNL151C,0,-5.1187816,0.18674136698246002,1.0,0.43549999594688416
YLR332W,YGL122C,0,-5.118864,0.18670649826526642,1.0,0.43560001254081726
YPL100W,YKL170W,0,-5.1189904,0.186671644449234,1.0,0.435699999332428
YPR036W,YMR273C,0,-5.119381,0.1866368055343628,1.0,0.4357999861240387
YMR268C,YBR154C,0,-5.119443,0.18660198152065277,1.0,0.4359000027179718
YIL132C,YBR254C,0,-5.119625,0.18656715750694275,1.0,0.4359999895095825
YGL073W,YDR103W,0,-5.119986,0.18653236329555511,1.0,0.4361000061035156
YAL013W,YLR410W,0,-5.1200542,0.18649756908416748,1.0,0.43619999289512634
YKL092C,YMR146C,0,-5.1200757,0.18646280467510223,1.0,0.43630000948905945
YOR171C,YDR011W,0,-5.120079,0.186428040266037,1.0,0.43639999628067017
YGR101W,YOR256C,0,-5.120116,0.18639329075813293,1.0,0.43650001287460327
YBR267W,YPR018W,0,-5.120242,0.18635855615139008,1.0,0.436599999666214
YBR243C,YIR009W,0,-5.1204076,0.1863238364458084,1.0,0.4366999864578247
YNR002C,YKL011C,0,-5.120446,0.18628911674022675,1.0,0.4368000030517578
YDR508C,YNR049C,0,-5.1209173,0.18625442683696747,1.0,0.43689998984336853
YNL210W,YMR047C,0,-5.120919,0.1862197369337082,1.0,0.43700000643730164
YPL037C,YFL011W,0,-5.1210127,0.1861850619316101,1.0,0.43709999322891235
YNL164C,YKL040C,0,-5.121068,0.1861504167318344,1.0,0.43720000982284546
YDR153C,YDR356W,0,-5.121215,0.18611575663089752,1.0,0.4372999966144562
YNR032C-A,YNR013C,0,-5.1213055,0.18608112633228302,1.0,0.4374000132083893
YBL099W,YFL025C,0,-5.1213636,0.1860465109348297,1.0,0.4375
YPL203W,YCL069W,0,-5.1214056,0.1860119104385376,1.0,0.4375999867916107
YNL094W,YMR004W,0,-5.121423,0.18597730994224548,1.0,0.4377000033855438
YBL079W,YDL194W,0,-5.1214514,0.18594272434711456,1.0,0.43779999017715454
YJL025W,YGR172C,0,-5.121575,0.18590816855430603,1.0,0.43790000677108765
YDL008W,YCR037C,0,-5.121639,0.1858736127614975,1.0,0.43799999356269836
YPR200C,YOR145C,0,-5.1221266,0.18583905696868896,1.0,0.43810001015663147
YPR006C,YHR135C,0,-5.122179,0.18580453097820282,1.0,0.4381999969482422
YNL004W,YER148W,0,-5.1225786,0.18577001988887787,1.0,0.4383000135421753
YML012W,YPL208W,0,-5.122616,0.18573550879955292,1.0,0.438400000333786
YNL051W,YDL031W,0,-5.1226344,0.18570102751255035,1.0,0.43849998712539673
YGR278W,YBR295W,0,-5.1227818,0.1856665462255478,1.0,0.43860000371932983
YNR049C,YFL004W,0,-5.1227846,0.18563207983970642,1.0,0.43869999051094055
YHR005C,YOR288C,0,-5.122836,0.18559762835502625,1.0,0.43880000710487366
YBR109C,YOR147W,0,-5.122837,0.18556317687034607,1.0,0.4388999938964844
YNL102W,YLR398C,0,-5.1228786,0.18552875518798828,1.0,0.4390000104904175
YMR204C,YER120W,0,-5.122963,0.1854943484067917,1.0,0.4390999972820282
YKL172W,YNL097C,0,-5.123045,0.1854599416255951,1.0,0.4392000138759613
YOL104C,YIL073C,0,-5.1232033,0.1854255497455597,1.0,0.439300000667572
YGL173C,YBR043C,0,-5.123271,0.18539117276668549,1.0,0.43939998745918274
YPR165W,YML091C,0,-5.1237607,0.18535681068897247,1.0,0.43950000405311584
YJR068W,YDR320C,0,-5.124134,0.18532246351242065,1.0,0.43959999084472656
YBR023C,YNL004W,0,-5.1243553,0.18528811633586884,1.0,0.43970000743865967
YDL198C,YNR039C,0,-5.124687,0.1852537989616394,1.0,0.4397999942302704
YPL231W,YPL152W,0,-5.124772,0.18521948158740997,1.0,0.4399000108242035
YML032C,YOR008C,0,-5.124853,0.18518517911434174,1.0,0.4399999976158142
YKR057W,YKL082C,0,-5.124881,0.1851508915424347,1.0,0.4401000142097473
YDL198C,YNL121C,0,-5.124978,0.18511661887168884,1.0,0.44020000100135803
YKR019C,YMR093W,0,-5.1252093,0.1850823611021042,1.0,0.44029998779296875
YJL024C,YDR037W,0,-5.1255383,0.18504811823368073,1.0,0.44040000438690186
YKR099W,YOR290C,0,-5.125684,0.18501387536525726,1.0,0.4404999911785126
YCR086W,YML127W,0,-5.125703,0.184979647397995,1.0,0.4406000077724457
YDR141C,YJL183W,0,-5.1258454,0.18494543433189392,1.0,0.4406999945640564
YJR025C,YPL274W,0,-5.125918,0.18491123616695404,1.0,0.4408000111579895
YHL048W,YKR059W,0,-5.125989,0.18487705290317535,1.0,0.4408999979496002
YDR202C,YMR247C,0,-5.1261597,0.18484288454055786,1.0,0.4410000145435333
YDR436W,YGR080W,0,-5.126353,0.18480871617794037,1.0,0.44110000133514404
YDR097C,YKL056C,0,-5.1264324,0.18477457761764526,1.0,0.44119998812675476
YNL015W,YOR313C,0,-5.126521,0.18474043905735016,1.0,0.44130000472068787
YER157W,YOL105C,0,-5.1265287,0.18470631539821625,1.0,0.4413999915122986
YMR052W,YHR001W-A,0,-5.126681,0.18467220664024353,1.0,0.4415000081062317
YOL123W,YLR135W,0,-5.126688,0.184638112783432,1.0,0.4415999948978424
YMR207C,YKR008W,0,-5.126709,0.18460401892662048,1.0,0.4417000114917755
YCL017C,YGL055W,0,-5.126806,0.18456995487213135,1.0,0.44179999828338623
YPR168W,YBR167C,0,-5.126927,0.1845358908176422,1.0,0.44190001487731934
YDL081C,YOR083W,0,-5.1270666,0.18450184166431427,1.0,0.44200000166893005
YOL089C,YLR014C,0,-5.1270704,0.18446780741214752,1.0,0.44209998846054077
YIL150C,YPR189W,0,-5.1270742,0.18443378806114197,1.0,0.4422000050544739
YMR292W,YCR031C,0,-5.1271257,0.1843997836112976,1.0,0.4422999918460846
YOR133W,YJL061W,0,-5.12715,0.18436577916145325,1.0,0.4424000084400177
YNL016W,YGL044C,0,-5.1272526,0.18433180451393127,1.0,0.4424999952316284
YDR277C,YOL143C,0,-5.1273184,0.1842978298664093,1.0,0.4426000118255615
YHR005C-A,YOR301W,0,-5.1274037,0.18426387012004852,1.0,0.44269999861717224
YGL106W,YLR398C,0,-5.128039,0.18422992527484894,1.0,0.44279998540878296
YLL011W,YOL028C,0,-5.128074,0.18419598042964935,1.0,0.44290000200271606
YOL008W,YNR053C,0,-5.1281385,0.18416206538677216,1.0,0.4429999887943268
YBR119W,YPL022W,0,-5.1281815,0.18412815034389496,1.0,0.4431000053882599
YJR125C,YPL187W,0,-5.1284933,0.18409425020217896,1.0,0.4431999921798706
YDR037W,YLR086W,0,-5.1285048,0.18406036496162415,1.0,0.4433000087738037
YGR249W,YHR026W,0,-5.12852,0.18402649462223053,1.0,0.44339999556541443
YGL092W,YCR060W,0,-5.128522,0.1839926391839981,1.0,0.44350001215934753
YBR021W,YOL068C,0,-5.1286592,0.18395879864692688,1.0,0.44359999895095825
YBR278W,YDR419W,0,-5.128957,0.18392495810985565,1.0,0.44369998574256897
YEL056W,YOR328W,0,-5.128971,0.18389113247394562,1.0,0.4438000023365021
YER027C,YDR303C,0,-5.1290445,0.18385732173919678,1.0,0.4438999891281128
YBR290W,YLR133W,0,-5.129326,0.18382352590560913,1.0,0.4440000057220459
YMR240C,YBL016W,0,-5.129332,0.18378974497318268,1.0,0.4440999925136566
YDR453C,YPR036W,0,-5.1293974,0.18375597894191742,1.0,0.4442000091075897
YGR057C,YHL036W,0,-5.129669,0.18372221291065216,1.0,0.44429999589920044
YBR231C,YPR133W-A,0,-5.12973,0.1836884617805481,1.0,0.44440001249313354
YKL059C,YJL056C,0,-5.12973,0.18365472555160522,1.0,0.44449999928474426
YKR066C,YCR093W,0,-5.129751,0.18362100422382355,1.0,0.444599986076355
YDR461W,YKR056W,0,-5.129753,0.18358729779720306,1.0,0.4447000026702881
YDL130W-A,YBR293W,0,-5.129922,0.18355359137058258,1.0,0.4447999894618988
YBR070C,YLR015W,0,-5.1299624,0.18351991474628448,1.0,0.4449000060558319
YDR382W,YER049W,0,-5.1300244,0.1834862381219864,1.0,0.4449999928474426
YDR099W,YPL001W,0,-5.130164,0.1834525763988495,1.0,0.44510000944137573
YMR184W,YLR262C,0,-5.130229,0.18341892957687378,1.0,0.44519999623298645
YCR093W,YMR192W,0,-5.1302967,0.18338529765605927,1.0,0.44530001282691956
YBR060C,YGL249W,0,-5.130355,0.18335166573524475,1.0,0.4453999996185303
YLR390W-A,YLR097C,0,-5.1306386,0.18331806361675262,1.0,0.445499986410141
YJL014W,YNR067C,0,-5.1307173,0.1832844614982605,1.0,0.4456000030040741
YGR142W,YOL088C,0,-5.1308947,0.18325087428092957,1.0,0.4456999897956848
YLR028C,YBL106C,0,-5.1310205,0.18321730196475983,1.0,0.4458000063896179
YIR023W,YPR133C,0,-5.131048,0.1831837296485901,1.0,0.44589999318122864
YOR028C,YPR104C,0,-5.131117,0.18315018713474274,1.0,0.44600000977516174
YIR037W,YDR205W,0,-5.131184,0.18311664462089539,1.0,0.44609999656677246
YIL126W,YOR004W,0,-5.1314096,0.18308311700820923,1.0,0.44620001316070557
YMR052W,YER003C,0,-5.131424,0.18304960429668427,1.0,0.4462999999523163
YKL099C,YPR173C,0,-5.1317234,0.1830161064863205,1.0,0.446399986743927
YAL029C,YOR307C,0,-5.1317415,0.18298262357711792,1.0,0.4465000033378601
YBR079C,YMR096W,0,-5.1317863,0.18294914066791534,1.0,0.4465999901294708
YKR022C,YDR459C,0,-5.1318417,0.18291567265987396,1.0,0.44670000672340393
YLR052W,YNL197C,0,-5.1318607,0.18288221955299377,1.0,0.44679999351501465
YBR123C,YBR006W,0,-5.1319504,0.18284878134727478,1.0,0.44690001010894775
YNL123W,YMR165C,0,-5.13217,0.18281535804271698,1.0,0.44699999690055847
YOL051W,YNL156C,0,-5.132263,0.18278193473815918,1.0,0.4471000134944916
YLR214W,YOR212W,0,-5.1322765,0.18274854123592377,1.0,0.4472000002861023
YKR090W,YMR272C,0,-5.132371,0.18271514773368835,1.0,0.447299987077713
YOL049W,YNR032W,0,-5.1324015,0.18268176913261414,1.0,0.4474000036716461
YJL115W,YLR284C,0,-5.132449,0.1826484054327011,1.0,0.44749999046325684
YDR308C,YLL012W,0,-5.132498,0.18261504173278809,1.0,0.44760000705718994
YDR459C,YIR011C,0,-5.1327095,0.18258170783519745,1.0,0.44769999384880066
YFR053C,YNL188W,0,-5.132804,0.1825483739376068,1.0,0.44780001044273376
YCR012W,YLL041C,0,-5.1328855,0.18251505494117737,1.0,0.4478999972343445
YOR308C,YPL092W,0,-5.132939,0.18248175084590912,1.0,0.4480000138282776
YBR257W,YGL210W,0,-5.132983,0.18244846165180206,1.0,0.4481000006198883
YBR297W,YOR063W,0,-5.132991,0.182415172457695,1.0,0.448199987411499
YPR120C,YOR145C,0,-5.133028,0.18238191306591034,1.0,0.44830000400543213
YLR385C,YML114C,0,-5.133049,0.18234865367412567,1.0,0.44839999079704285
YLR398C,YEL020W-A,0,-5.1332884,0.1823154091835022,1.0,0.44850000739097595
YDR079W,YDR486C,0,-5.1333036,0.18228217959403992,1.0,0.44859999418258667
YBL098W,YGL145W,0,-5.1333714,0.18224895000457764,1.0,0.4487000107765198
YDR447C,YDR356W,0,-5.133418,0.18221575021743774,1.0,0.4487999975681305
YMR011W,YJL002C,0,-5.133502,0.18218255043029785,1.0,0.4489000141620636
YDL051W,YDL028C,0,-5.133806,0.18214936554431915,1.0,0.4490000009536743
YJR002W,YDR208W,0,-5.1338863,0.18211619555950165,1.0,0.44909998774528503
YIL131C,YGL100W,0,-5.13389,0.18208302557468414,1.0,0.44920000433921814
YKL057C,YDR488C,0,-5.1338983,0.18204988539218903,1.0,0.44929999113082886
YDR508C,YOR140W,0,-5.1339664,0.1820167452096939,1.0,0.44940000772476196
YJR108W,YLR266C,0,-5.1341248,0.18198361992835999,1.0,0.4494999945163727
YGL243W,YER024W,0,-5.1341934,0.18195050954818726,1.0,0.4496000111103058
YJL134W,YMR075W,0,-5.134373,0.18191741406917572,1.0,0.4496999979019165
YDL160C,YDR243C,0,-5.134457,0.18188431859016418,1.0,0.4498000144958496
YJL003W,YIL128W,0,-5.13446,0.18185125291347504,1.0,0.4499000012874603
YJR002W,YIR041W,0,-5.13461,0.1818181872367859,1.0,0.44999998807907104
YHR021C,YBL055C,0,-5.1348286,0.18178513646125793,1.0,0.45010000467300415
YBR158W,YLR242C,0,-5.1349773,0.18175208568572998,1.0,0.45019999146461487
YJL071W,YDR219C,0,-5.1351557,0.18171906471252441,1.0,0.450300008058548
YOR007C,YBR083W,0,-5.1351557,0.18168604373931885,1.0,0.4503999948501587
YOL139C,YFL003C,0,-5.135254,0.18165303766727448,1.0,0.4505000114440918
YBR244W,YHR200W,0,-5.1352816,0.1816200464963913,1.0,0.4505999982357025
YGL181W,YML028W,0,-5.135335,0.1815870702266693,1.0,0.4507000148296356
YGR193C,YFL008W,0,-5.1353426,0.18155410885810852,1.0,0.45080000162124634
YDR175C,YDR425W,0,-5.135369,0.18152114748954773,1.0,0.45089998841285706
YCL055W,YPL122C,0,-5.1353693,0.18148820102214813,1.0,0.45100000500679016
YDR270W,YPR119W,0,-5.1356235,0.18145526945590973,1.0,0.4510999917984009
YDR364C,YBR278W,0,-5.1356883,0.18142235279083252,1.0,0.451200008392334
YJL191W,YLR249W,0,-5.136017,0.1813894361257553,1.0,0.4512999951839447
YGL027C,YDR212W,0,-5.1361666,0.1813565492630005,1.0,0.4514000117778778
YPL174C,YNL160W,0,-5.1362176,0.18132366240024567,1.0,0.4514999985694885
YFR013W,YAL029C,0,-5.136238,0.18129079043865204,1.0,0.45159998536109924
YDR081C,YDL190C,0,-5.136545,0.1812579333782196,1.0,0.45170000195503235
YPL231W,YEL037C,0,-5.1367316,0.18122507631778717,1.0,0.45179998874664307
YER082C,YNR039C,0,-5.1367674,0.18119224905967712,1.0,0.45190000534057617
YPR131C,YLR086W,0,-5.1369495,0.18115942180156708,1.0,0.4519999921321869
YMR246W,YJL030W,0,-5.1370554,0.18112660944461823,1.0,0.45210000872612
YDR296W,YDL195W,0,-5.1371326,0.18109381198883057,1.0,0.4521999955177307
YLR114C,YMR172W,0,-5.1371584,0.1810610145330429,1.0,0.4523000121116638
YJL090C,YKR009C,0,-5.1372833,0.18102824687957764,1.0,0.45239999890327454
YAR002C-A,YML067C,0,-5.137286,0.18099547922611237,1.0,0.45249998569488525
YGL251C,YBR250W,0,-5.1373053,0.1809627264738083,1.0,0.45260000228881836
YGR121C,YDR277C,0,-5.137335,0.1809299737215042,1.0,0.4526999890804291
YAR008W,YHL009C,0,-5.1375747,0.18089725077152252,1.0,0.4528000056743622
YKL019W,YNL304W,0,-5.137637,0.18086452782154083,1.0,0.4528999924659729
YPR033C,YPR010C,0,-5.1376476,0.18083181977272034,1.0,0.453000009059906
YNR049C,YKL134C,0,-5.13776,0.18079912662506104,1.0,0.4530999958515167
YDL017W,YLL041C,0,-5.1378994,0.18076644837856293,1.0,0.45320001244544983
YOR253W,YFL026W,0,-5.1379194,0.180733785033226,1.0,0.45329999923706055
YDR296W,YIL143C,0,-5.1381083,0.1807011216878891,1.0,0.45339998602867126
YDR243C,YHR039C-A,0,-5.138156,0.18066847324371338,1.0,0.45350000262260437
YIL120W,YBL025W,0,-5.1382675,0.18063583970069885,1.0,0.4535999894142151
YJL115W,YMR091C,0,-5.1383834,0.18060322105884552,1.0,0.4537000060081482
YEL066W,YBR081C,0,-5.1384025,0.1805706024169922,1.0,0.4537999927997589
YNL039W,YPR036W,0,-5.1386013,0.18053799867630005,1.0,0.453900009393692
YOR298C-A,YDR404C,0,-5.138609,0.1805054098367691,1.0,0.45399999618530273
YHR092C,YOR142W,0,-5.1386156,0.18047283589839935,1.0,0.45410001277923584
YDR147W,YMR112C,0,-5.1387267,0.1804402768611908,1.0,0.45419999957084656
YDR288W,YAL016W,0,-5.138778,0.18040771782398224,1.0,0.4542999863624573
YMR224C,YOR275C,0,-5.138793,0.18037517368793488,1.0,0.4544000029563904
YJL034W,YBR084W,0,-5.1389,0.1803426444530487,1.0,0.4544999897480011
YKL022C,YMR292W,0,-5.1389127,0.18031013011932373,1.0,0.4546000063419342
YLR153C,YNL055C,0,-5.138938,0.18027763068675995,1.0,0.4546999931335449
YBR158W,YIR017C,0,-5.1391277,0.18024513125419617,1.0,0.454800009727478
YBR024W,YIL167W,0,-5.1393127,0.18021264672279358,1.0,0.45489999651908875
YKL052C,YGL244W,0,-5.139409,0.18018017709255219,1.0,0.45500001311302185
YDR264C,YHR102W,0,-5.139454,0.18014772236347198,1.0,0.45509999990463257
YER006W,YML065W,0,-5.1394753,0.18011526763439178,1.0,0.4551999866962433
YMR065W,YNL297C,0,-5.13951,0.18008284270763397,1.0,0.4553000032901764
YBR102C,YNL047C,0,-5.1395364,0.18005041778087616,1.0,0.4553999900817871
YOL116W,YCL008C,0,-5.1398506,0.18001800775527954,1.0,0.4555000066757202
YIL155C,YLL022C,0,-5.1400566,0.17998559772968292,1.0,0.45559999346733093
YER019W,YFR024C-A,0,-5.140105,0.1799532175064087,1.0,0.45570001006126404
YNL103W,YNL145W,0,-5.140127,0.17992083728313446,1.0,0.45579999685287476
YOL165C,YPL159C,0,-5.140149,0.17988847196102142,1.0,0.45590001344680786
YDR256C,YMR314W,0,-5.1401596,0.17985612154006958,1.0,0.4560000002384186
YOL117W,YGL127C,0,-5.140163,0.17982377111911774,1.0,0.4560999870300293
YML065W,YPR139C,0,-5.1401877,0.1797914355993271,1.0,0.4562000036239624
YKL190W,YJL033W,0,-5.140307,0.17975912988185883,1.0,0.4562999904155731
YDL138W,YPR189W,0,-5.1404543,0.17972680926322937,1.0,0.4564000070095062
YOL115W,YML010W,0,-5.140568,0.1796945184469223,1.0,0.45649999380111694
YDR279W,YPL016W,0,-5.14057,0.17966222763061523,1.0,0.45660001039505005
YOR381W,YLR116W,0,-5.1408844,0.17962996661663055,1.0,0.45669999718666077
YHR176W,YOR298W,0,-5.1414595,0.17959770560264587,1.0,0.45680001378059387
YHR166C,YNL330C,0,-5.141617,0.1795654445886612,1.0,0.4569000005722046
YNL014W,YLR090W,0,-5.141794,0.1795332133769989,1.0,0.4569999873638153
YPL259C,YPR095C,0,-5.1417956,0.1795009821653366,1.0,0.4571000039577484
YHR120W,YDR277C,0,-5.1418314,0.1794687658548355,1.0,0.45719999074935913
YDL231C,YDR434W,0,-5.141867,0.1794365644454956,1.0,0.45730000734329224
YDR021W,YKL166C,0,-5.142135,0.1794043779373169,1.0,0.45739999413490295
YHR171W,YJR094C,0,-5.142291,0.17937219142913818,1.0,0.45750001072883606
YHR107C,YKL054C,0,-5.142322,0.17934003472328186,1.0,0.4575999975204468
YIL106W,YNL251C,0,-5.1425343,0.17930787801742554,1.0,0.4577000141143799
YMR270C,YGL112C,0,-5.142568,0.1792757213115692,1.0,0.4578000009059906
YOL104C,YCL069W,0,-5.1426244,0.17924359440803528,1.0,0.4578999876976013
YBR221C,YNR034W,0,-5.142644,0.17921146750450134,1.0,0.4580000042915344
YFR040W,YLR105C,0,-5.1426487,0.1791793555021286,1.0,0.45809999108314514
YLR380W,YDR243C,0,-5.142653,0.17914725840091705,1.0,0.45820000767707825
YKR024C,YBR237W,0,-5.1426897,0.1791151762008667,1.0,0.45829999446868896
YGR142W,YDR140W,0,-5.142747,0.17908309400081635,1.0,0.45840001106262207
YGR286C,YBR298C,0,-5.142884,0.17905102670192719,1.0,0.4584999978542328
YOR232W,YKL140W,0,-5.1430297,0.17901897430419922,1.0,0.4586000144481659
YLR293C,YIL121W,0,-5.1432214,0.17898693680763245,1.0,0.4587000012397766
YBR198C,YKR020W,0,-5.143237,0.17895489931106567,1.0,0.45879998803138733
YDR256C,YJL121C,0,-5.1433325,0.1789228916168213,1.0,0.45890000462532043
YOL045W,YOL113W,0,-5.143416,0.1788908839225769,1.0,0.45899999141693115
YDR422C,YNR031C,0,-5.14376,0.17885887622833252,1.0,0.45910000801086426
YKR007W,YLR249W,0,-5.1437654,0.17882689833641052,1.0,0.459199994802475
YLR116W,YIR018W,0,-5.143943,0.17879492044448853,1.0,0.4593000113964081
YLR332W,YPR016C,0,-5.1440334,0.17876295745372772,1.0,0.4593999981880188
YLL060C,YDL247W,0,-5.144067,0.1787310093641281,1.0,0.4595000147819519
YKR025W,YER041W,0,-5.144191,0.1786990761756897,1.0,0.4596000015735626
YDR174W,YOR221C,0,-5.1443605,0.17866714298725128,1.0,0.45969998836517334
YLR096W,YIR002C,0,-5.144392,0.17863522469997406,1.0,0.45980000495910645
YER142C,YBR088C,0,-5.144431,0.17860332131385803,1.0,0.45989999175071716
YAL013W,YDR265W,0,-5.1445007,0.1785714328289032,1.0,0.46000000834465027
YDR264C,YNL202W,0,-5.1445065,0.17853954434394836,1.0,0.460099995136261
YKL059C,YDL007W,0,-5.144656,0.17850767076015472,1.0,0.4602000117301941
YJR094C,YPR133W-A,0,-5.144665,0.17847581207752228,1.0,0.4602999985218048
YDR335W,YPR181C,0,-5.1449366,0.17844396829605103,1.0,0.4603999853134155
YMR296C,YJR073C,0,-5.14497,0.17841213941574097,1.0,0.46050000190734863
YJL011C,YDR460W,0,-5.145091,0.1783803105354309,1.0,0.46059998869895935
YML078W,YPL029W,0,-5.1451273,0.17834849655628204,1.0,0.46070000529289246
YGL238W,YPR088C,0,-5.1453476,0.17831669747829437,1.0,0.4607999920845032
YNL297C,YBR035C,0,-5.145461,0.1782848984003067,1.0,0.4609000086784363
YBR131W,YML115C,0,-5.1455255,0.17825311422348022,1.0,0.460999995470047
YNL008C,YGL210W,0,-5.1455407,0.17822134494781494,1.0,0.4611000120639801
YDL160C,YDR492W,0,-5.1456985,0.17818959057331085,1.0,0.4611999988555908
YCR038C,YLR350W,0,-5.145746,0.17815785109996796,1.0,0.46129998564720154
YML130C,YOL089C,0,-5.1459074,0.17812611162662506,1.0,0.46140000224113464
YNL286W,YNL267W,0,-5.1459436,0.17809438705444336,1.0,0.46149998903274536
YGR217W,YPL262W,0,-5.146035,0.17806267738342285,1.0,0.46160000562667847
YPR030W,YPL076W,0,-5.146048,0.17803098261356354,1.0,0.4616999924182892
YJL167W,YBR276C,0,-5.146098,0.17799928784370422,1.0,0.4618000090122223
YMR246W,YPR010C,0,-5.146205,0.1779676079750061,1.0,0.461899995803833
YMR128W,YCR077C,0,-5.146229,0.17793594300746918,1.0,0.4620000123977661
YLR032W,YDL007W,0,-5.1463275,0.17790429294109344,1.0,0.46209999918937683
YHR086W,YNL015W,0,-5.1463337,0.1778726428747177,1.0,0.46219998598098755
YHL002W,YJL207C,0,-5.1463666,0.17784100770950317,1.0,0.46230000257492065
YNL294C,YDR389W,0,-5.146414,0.17780938744544983,1.0,0.46239998936653137
YIL026C,YGL112C,0,-5.146635,0.17777778208255768,1.0,0.4625000059604645
YCR088W,YJR021C,0,-5.1468086,0.17774617671966553,1.0,0.4625999927520752
YDR515W,YCL063W,0,-5.14684,0.17771458625793457,1.0,0.4627000093460083
YGR132C,YLR165C,0,-5.14703,0.1776830106973648,1.0,0.462799996137619
YJL008C,YFR030W,0,-5.147048,0.17765145003795624,1.0,0.4629000127315521
YGR225W,YKL148C,0,-5.1472073,0.17761988937854767,1.0,0.46299999952316284
YGL119W,YLR425W,0,-5.1472926,0.1775883436203003,1.0,0.46309998631477356
YDL217C,YJL059W,0,-5.1473055,0.1775568127632141,1.0,0.46320000290870667
YBR102C,YKR089C,0,-5.1474743,0.17752529680728912,1.0,0.4632999897003174
YNR059W,YAL011W,0,-5.1477027,0.17749378085136414,1.0,0.4634000062942505
YEL016C,YPR024W,0,-5.1477356,0.17746229469776154,1.0,0.4634999930858612
YML099C,YMR198W,0,-5.1479006,0.17743080854415894,1.0,0.4636000096797943
YKL172W,YIL160C,0,-5.1480618,0.17739932239055634,1.0,0.46369999647140503
YGR155W,YLR008C,0,-5.148117,0.17736786603927612,1.0,0.46380001306533813
YLR138W,YMR101C,0,-5.1481805,0.1773364096879959,1.0,0.46389999985694885
YGR133W,YLR197W,0,-5.1481924,0.1773049682378769,1.0,0.46399998664855957
YLR231C,YBL005W,0,-5.1482353,0.17727352678775787,1.0,0.4641000032424927
YOR361C,YDR484W,0,-5.1483154,0.17724211513996124,1.0,0.4641999900341034
YGR225W,YLR288C,0,-5.1483803,0.1772107034921646,1.0,0.4643000066280365
YER164W,YHR039C,0,-5.14848,0.17717930674552917,1.0,0.4643999934196472
YPL117C,YJL030W,0,-5.1487103,0.17714792490005493,1.0,0.4645000100135803
YDL117W,YIL049W,0,-5.149439,0.1771165430545807,1.0,0.46459999680519104
YPR131C,YKL068W,0,-5.149486,0.17708517611026764,1.0,0.46470001339912415
YDR362C,YOR075W,0,-5.149537,0.17705382406711578,1.0,0.46480000019073486
YPL202C,YLR197W,0,-5.149606,0.17702248692512512,1.0,0.4648999869823456
YCR039C,YNL102W,0,-5.150052,0.17699114978313446,1.0,0.4650000035762787
YKR046C,YPL138C,0,-5.1501756,0.176959827542305,1.0,0.4650999903678894
YDR130C,YKR056W,0,-5.1502533,0.17692852020263672,1.0,0.4652000069618225
YKL089W,YDR162C,0,-5.1504145,0.17689722776412964,1.0,0.4652999937534332
YOL023W,YNL326C,0,-5.1504636,0.17686593532562256,1.0,0.46540001034736633
YEL018W,YPL152W,0,-5.150593,0.17683465778827667,1.0,0.46549999713897705
YNL113W,YMR305C,0,-5.150627,0.17680339515209198,1.0,0.46560001373291016
YBR092C,YPL022W,0,-5.150753,0.17677214741706848,1.0,0.4657000005245209
YEL016C,YJL210W,0,-5.1507626,0.17674089968204498,1.0,0.4657999873161316
YGL195W,YLR154C,0,-5.1507864,0.17670966684818268,1.0,0.4659000039100647
YNL059C,YCR072C,0,-5.1509333,0.17667844891548157,1.0,0.4659999907016754
YNL304W,YOL138C,0,-5.151035,0.17664723098278046,1.0,0.4661000072956085
YLR011W,YPR056W,0,-5.15118,0.17661604285240173,1.0,0.46619999408721924
YBR160W,YNL202W,0,-5.1512322,0.176584854722023,1.0,0.46630001068115234
YGL241W,YGL037C,0,-5.151259,0.1765536665916443,1.0,0.46639999747276306
YLR363C,YLR467W,0,-5.1512604,0.17652250826358795,1.0,0.46650001406669617
YHR181W,YML088W,0,-5.1512766,0.17649134993553162,1.0,0.4666000008583069
YNR074C,YJL184W,0,-5.15139,0.17646020650863647,1.0,0.4666999876499176
YNR030W,YDL216C,0,-5.1514325,0.17642907798290253,1.0,0.4668000042438507
YMR276W,YML130C,0,-5.151477,0.17639794945716858,1.0,0.4668999910354614
YNL264C,YDR143C,0,-5.1517677,0.17636683583259583,1.0,0.46700000762939453
YGR041W,YFL016C,0,-5.1518145,0.17633573710918427,1.0,0.46709999442100525
YLR274W,YLR260W,0,-5.1518493,0.1763046532869339,1.0,0.46720001101493835
YFR014C,YJR126C,0,-5.151905,0.17627356946468353,1.0,0.4672999978065491
YPL138C,YOR087W,0,-5.151977,0.17624251544475555,1.0,0.4674000144004822
YML004C,YOL049W,0,-5.1519775,0.17621144652366638,1.0,0.4675000011920929
YOR126C,YAL010C,0,-5.1520786,0.1761804074048996,1.0,0.4675999879837036
YML023C,YKL043W,0,-5.152136,0.1761493682861328,1.0,0.4677000045776367
YDL083C,YLL012W,0,-5.1521535,0.17611835896968842,1.0,0.46779999136924744
YOL101C,YJL048C,0,-5.1521683,0.17608733475208282,1.0,0.46790000796318054
YOR335C,YDR353W,0,-5.1521916,0.17605634033679962,1.0,0.46799999475479126
YNL074C,YDL185W,0,-5.15222,0.17602534592151642,1.0,0.46810001134872437
YHL002W,YDR486C,0,-5.1522827,0.1759943664073944,1.0,0.4681999981403351
YEL053C,YFL008W,0,-5.1523004,0.1759634017944336,1.0,0.4683000147342682
YDL108W,YDR180W,0,-5.152402,0.17593243718147278,1.0,0.4684000015258789
YNL103W,YNL304W,0,-5.153146,0.17590150237083435,1.0,0.4684999883174896
YDL209C,YOR018W,0,-5.153227,0.17587055265903473,1.0,0.46860000491142273
YKR024C,YMR015C,0,-5.1532826,0.1758396327495575,1.0,0.46869999170303345
YML074C,YHR200W,0,-5.1533546,0.17580871284008026,1.0,0.46880000829696655
YJR119C,YJL198W,0,-5.1534886,0.17577782273292542,1.0,0.46889999508857727
YDR043C,YDR059C,0,-5.153824,0.17574691772460938,1.0,0.4690000116825104
YBR231C,YPL033C,0,-5.1542673,0.17571604251861572,1.0,0.4690999984741211
YMR015C,YBR198C,0,-5.1545467,0.17568516731262207,1.0,0.4691999852657318
YLL006W,YMR197C,0,-5.15467,0.1756543070077896,1.0,0.4693000018596649
YLR376C,YCR073C,0,-5.154761,0.17562346160411835,1.0,0.46939998865127563
YER119C,YPR032W,0,-5.1549344,0.17559263110160828,1.0,0.46950000524520874
YGL192W,YBR118W,0,-5.1550984,0.1755618005990982,1.0,0.46959999203681946
YMR276W,YNL014W,0,-5.1551514,0.17553098499774933,1.0,0.46970000863075256
YDL165W,YBL026W,0,-5.1552296,0.17550016939640045,1.0,0.4697999954223633
YMR070W,YNL032W,0,-5.155266,0.17546938359737396,1.0,0.4699000120162964
YML113W,YLR165C,0,-5.155424,0.17543859779834747,1.0,0.4699999988079071
YGR103W,YMR175W,0,-5.1555824,0.17540782690048218,1.0,0.4700999855995178
YPL194W,YLR034C,0,-5.155706,0.17537705600261688,1.0,0.4702000021934509
YGL136C,YDL138W,0,-5.1559067,0.17534631490707397,1.0,0.47029998898506165
YGL073W,YLR259C,0,-5.1560307,0.17531557381153107,1.0,0.47040000557899475
YBL009W,YEL017C-A,0,-5.156072,0.17528483271598816,1.0,0.47049999237060547
YGR060W,YIL038C,0,-5.1561346,0.17525412142276764,1.0,0.4706000089645386
YGL163C,YHL034C,0,-5.156293,0.17522341012954712,1.0,0.4706999957561493
YLR166C,YCL010C,0,-5.1562996,0.1751927137374878,1.0,0.4708000123500824
YHR072W,YLR039C,0,-5.1563025,0.17516203224658966,1.0,0.4708999991416931
YKL212W,YPL130W,0,-5.156383,0.17513135075569153,1.0,0.47099998593330383
YFR055W,YKL154W,0,-5.156399,0.1751006841659546,1.0,0.47110000252723694
YNR074C,YNL199C,0,-5.1564054,0.17507003247737885,1.0,0.47119998931884766
YBL006C,YJR021C,0,-5.1567245,0.1750393807888031,1.0,0.47130000591278076
YMR035W,YPR031W,0,-5.156807,0.17500874400138855,1.0,0.4713999927043915
YGR167W,YLL061W,0,-5.156872,0.1749781221151352,1.0,0.4715000092983246
YJR006W,YGR144W,0,-5.156905,0.17494751513004303,1.0,0.4715999960899353
YER025W,YOL059W,0,-5.156973,0.17491690814495087,1.0,0.4717000126838684
YLR138W,YML093W,0,-5.157042,0.1748863309621811,1.0,0.4717999994754791
YGL124C,YOR281C,0,-5.157054,0.17485573887825012,1.0,0.47189998626708984
YER111C,YER082C,0,-5.157402,0.17482517659664154,1.0,0.47200000286102295
YML092C,YNL113W,0,-5.1574745,0.17479461431503296,1.0,0.47209998965263367
YOR061W,YDL209C,0,-5.1576004,0.17476406693458557,1.0,0.4722000062465668
YJR077C,YLR350W,0,-5.157916,0.17473353445529938,1.0,0.4722999930381775
YNL261W,YDR011W,0,-5.157919,0.17470300197601318,1.0,0.4724000096321106
YNL065W,YBR200W,0,-5.157977,0.17467248439788818,1.0,0.4724999964237213
YPR070W,YAL029C,0,-5.158149,0.17464198172092438,1.0,0.4726000130176544
YHR019C,YER147C,0,-5.1582575,0.17461149394512177,1.0,0.47269999980926514
YPL097W,YMR079W,0,-5.158304,0.17458100616931915,1.0,0.47279998660087585
YDR016C,YNL131W,0,-5.1583366,0.17455053329467773,1.0,0.47290000319480896
YBL051C,YKR072C,0,-5.1584034,0.1745200753211975,1.0,0.4729999899864197
YDL230W,YMR266W,0,-5.1584463,0.17448961734771729,1.0,0.4731000065803528
YKL057C,YOL039W,0,-5.1585665,0.17445917427539825,1.0,0.4731999933719635
YMR135C,YPL204W,0,-5.1585703,0.17442874610424042,1.0,0.4733000099658966
YER112W,YGR048W,0,-5.158703,0.17439833283424377,1.0,0.4733999967575073
YHL019C,YNL216W,0,-5.158722,0.17436791956424713,1.0,0.47350001335144043
YML107C,YPL192C,0,-5.158763,0.17433752119541168,1.0,0.47360000014305115
YGR156W,YEL031W,0,-5.1587734,0.17430712282657623,1.0,0.47369998693466187
YNL253W,YDR362C,0,-5.158884,0.17427675426006317,1.0,0.47380000352859497
YCR034W,YJR119C,0,-5.1588883,0.1742463856935501,1.0,0.4738999903202057
YPR183W,YLR026C,0,-5.159112,0.17421603202819824,1.0,0.4740000069141388
YBR247C,YOL011W,0,-5.1592307,0.17418567836284637,1.0,0.4740999937057495
YOR221C,YHR203C,0,-5.159234,0.1741553395986557,1.0,0.4742000102996826
YJR119C,YGL104C,0,-5.1592464,0.17412501573562622,1.0,0.47429999709129333
YDR461W,YPR198W,0,-5.1594296,0.17409470677375793,1.0,0.47440001368522644
YGL119W,YDL088C,0,-5.159568,0.17406439781188965,1.0,0.47450000047683716
YNL166C,YNL112W,0,-5.159622,0.17403410375118256,1.0,0.4745999872684479
YGL122C,YOL097C,0,-5.159644,0.17400382459163666,1.0,0.474700003862381
YBL069W,YER007W,0,-5.159773,0.17397356033325195,1.0,0.4747999906539917
YPR137W,YBR294W,0,-5.159831,0.17394329607486725,1.0,0.4749000072479248
YHR098C,YDR080W,0,-5.1598864,0.17391304671764374,1.0,0.4749999940395355
YKR038C,YNL053W,0,-5.159906,0.17388279736042023,1.0,0.47510001063346863
YGR008C,YER123W,0,-5.1600027,0.1738525778055191,1.0,0.47519999742507935
YDR524C,YCR106W,0,-5.160018,0.17382235825061798,1.0,0.47530001401901245
YOR362C,YDR080W,0,-5.1601095,0.17379213869571686,1.0,0.47540000081062317
YJR060W,YPR010C,0,-5.160224,0.17376194894313812,1.0,0.4754999876022339
YHR005C,YJL156C,0,-5.160426,0.1737317591905594,1.0,0.475600004196167
YOR178C,YPR165W,0,-5.1604586,0.17370158433914185,1.0,0.4756999909877777
YGR286C,YOL009C,0,-5.1608744,0.1736714094877243,1.0,0.4758000075817108
YCR063W,YER183C,0,-5.161024,0.17364126443862915,1.0,0.47589999437332153
YOL144W,YLR176C,0,-5.1610723,0.1736111044883728,1.0,0.47600001096725464
YJL112W,YGR129W,0,-5.161088,0.17358097434043884,1.0,0.47609999775886536
YFR041C,YMR133W,0,-5.161183,0.17355084419250488,1.0,0.47620001435279846
YNR049C,YBR089C-A,0,-5.1614013,0.17352072894573212,1.0,0.4763000011444092
YDR298C,YBL097W,0,-5.161662,0.17349062860012054,1.0,0.4763999879360199
YLR133W,YOR304W,0,-5.161711,0.17346054315567017,1.0,0.476500004529953
YDR434W,YGL153W,0,-5.161778,0.1734304577112198,1.0,0.4765999913215637
YLR098C,YLR382C,0,-5.161845,0.1734003871679306,1.0,0.4767000079154968
YFL055W,YAR014C,0,-5.162174,0.17337031662464142,1.0,0.47679999470710754
YJR002W,YBL090W,0,-5.162179,0.17334026098251343,1.0,0.47690001130104065
YMR167W,YDR078C,0,-5.1623383,0.17331022024154663,1.0,0.47699999809265137
YBR167C,YIR015W,0,-5.1624603,0.17328019440174103,1.0,0.4771000146865845
YLR176C,YKL214C,0,-5.1624765,0.17325016856193542,1.0,0.4772000014781952
YBL097W,YGR218W,0,-5.162539,0.17322015762329102,1.0,0.4772999882698059
YPR017C,YGL163C,0,-5.1625957,0.1731901615858078,1.0,0.477400004863739
YOL100W,YGR024C,0,-5.162771,0.17316018044948578,1.0,0.47749999165534973
YLR048W,YAR003W,0,-5.1627946,0.17313019931316376,1.0,0.47760000824928284
YGR113W,YGL236C,0,-5.1629124,0.17310021817684174,1.0,0.47769999504089355
YIL026C,YDR246W,0,-5.162964,0.1730702668428421,1.0,0.47780001163482666
YDR284C,YPR131C,0,-5.16297,0.17304031550884247,1.0,0.4778999984264374
YBR102C,YOL045W,0,-5.1630516,0.17301037907600403,1.0,0.4779999852180481
YOR328W,YML021C,0,-5.1633167,0.17298045754432678,1.0,0.4781000018119812
YDR265W,YKL193C,0,-5.1637383,0.17295053601264954,1.0,0.4781999886035919
YJR091C,YNL273W,0,-5.1637607,0.17292062938213348,1.0,0.478300005197525
YNL097C,YDL130W,0,-5.163763,0.17289073765277863,1.0,0.47839999198913574
YPL187W,YNL313C,0,-5.163785,0.17286084592342377,1.0,0.47850000858306885
YCR044C,YBR106W,0,-5.1638136,0.1728309690952301,1.0,0.47859999537467957
YCR106W,YOR359W,0,-5.1638575,0.17280110716819763,1.0,0.47870001196861267
YLL018C-A,YGR014W,0,-5.163891,0.17277124524116516,1.0,0.4787999987602234
YMR091C,YHR152W,0,-5.1638956,0.17274141311645508,1.0,0.4788999855518341
YER056C,YPL163C,0,-5.1640043,0.1727115660905838,1.0,0.4790000021457672
YBR086C,YBR088C,0,-5.164133,0.1726817488670349,1.0,0.47909998893737793
YLR011W,YDR447C,0,-5.1642246,0.17265193164348602,1.0,0.47920000553131104
YNL110C,YPR010C,0,-5.16436,0.17262212932109833,1.0,0.47929999232292175
YJL010C,YPR056W,0,-5.164481,0.17259234189987183,1.0,0.47940000891685486
YOR103C,YER100W,0,-5.1645255,0.17256255447864532,1.0,0.4794999957084656
YCR039C,YJL156C,0,-5.1645484,0.17253278195858002,1.0,0.4796000123023987
YBR290W,YCR093W,0,-5.1646767,0.1725030243396759,1.0,0.4796999990940094
YGL166W,YLR362W,0,-5.1648064,0.1724732667207718,1.0,0.4797999858856201
YJL005W,YJL091C,0,-5.16485,0.17244352400302887,1.0,0.4799000024795532
YGL090W,YNL044W,0,-5.164858,0.17241379618644714,1.0,0.47999998927116394
YER020W,YLR263W,0,-5.164963,0.17238406836986542,1.0,0.48010000586509705
YIL121W,YOR327C,0,-5.164995,0.17235435545444489,1.0,0.48019999265670776
YML061C,YGR046W,0,-5.1650715,0.17232465744018555,1.0,0.48030000925064087
YKL092C,YER183C,0,-5.1652827,0.1722949743270874,1.0,0.4803999960422516
YMR075W,YKL041W,0,-5.1653085,0.17226529121398926,1.0,0.4805000126361847
YHR086W,YHR172W,0,-5.1653438,0.1722356230020523,1.0,0.4805999994277954
YMR250W,YER123W,0,-5.165375,0.17220595479011536,1.0,0.48069998621940613
YLL011W,YPL029W,0,-5.165391,0.1721763014793396,1.0,0.48080000281333923
YDR086C,YLR092W,0,-5.1655755,0.17214666306972504,1.0,0.48089998960494995
YJR040W,YML048W,0,-5.1656647,0.17211703956127167,1.0,0.48100000619888306
YFL018C,YBL007C,0,-5.1656704,0.1720874160528183,1.0,0.4810999929904938
YDL143W,YBR087W,0,-5.165788,0.17205780744552612,1.0,0.4812000095844269
YOR178C,YGL033W,0,-5.165874,0.17202821373939514,1.0,0.4812999963760376
YKL204W,YNL221C,0,-5.1662264,0.17199862003326416,1.0,0.4814000129699707
YML110C,YER041W,0,-5.166347,0.17196904122829437,1.0,0.4814999997615814
YOL065C,YGR033C,0,-5.166374,0.17193947732448578,1.0,0.48159998655319214
YDR492W,YGL129C,0,-5.1667047,0.17190991342067719,1.0,0.48170000314712524
YOL011W,YOL121C,0,-5.1667566,0.17188036441802979,1.0,0.48179998993873596
YOL042W,YNL098C,0,-5.1669044,0.17185083031654358,1.0,0.48190000653266907
YOR221C,YBR295W,0,-5.1671824,0.17182131111621857,1.0,0.4819999933242798
YIL034C,YBL006C,0,-5.1671906,0.17179179191589355,1.0,0.4821000099182129
YJL194W,YDR436W,0,-5.1673474,0.17176228761672974,1.0,0.4821999967098236
YOR371C,YGR257C,0,-5.167384,0.17173278331756592,1.0,0.4823000133037567
YLR228C,YHR066W,0,-5.1676,0.1717032939195633,1.0,0.48240000009536743
YLR201C,YDR443C,0,-5.1676006,0.17167381942272186,1.0,0.48249998688697815
YFR014C,YBR010W,0,-5.1676455,0.17164435982704163,1.0,0.48260000348091125
YBL026W,YPR070W,0,-5.167686,0.1716149002313614,1.0,0.482699990272522
YKL022C,YKL194C,0,-5.1677837,0.17158545553684235,1.0,0.4828000068664551
YOR180C,YOR122C,0,-5.167803,0.1715560108423233,1.0,0.4828999936580658
YFL058W,YCR053W,0,-5.167863,0.17152658104896545,1.0,0.4830000102519989
YPL083C,YOR057W,0,-5.16792,0.1714971661567688,1.0,0.4830999970436096
YOR061W,YBR161W,0,-5.1681347,0.17146776616573334,1.0,0.4832000136375427
YOL135C,YPL122C,0,-5.1683116,0.17143836617469788,1.0,0.48330000042915344
YIR006C,YDR477W,0,-5.1687155,0.1714089810848236,1.0,0.48339998722076416
YMR184W,YGL212W,0,-5.168871,0.17137961089611053,1.0,0.48350000381469727
YKR027W,YDL022W,0,-5.1689305,0.17135024070739746,1.0,0.483599990606308
YBR020W,YKL195W,0,-5.168938,0.17132088541984558,1.0,0.4837000072002411
YOR361C,YPL019C,0,-5.1691084,0.1712915450334549,1.0,0.4837999939918518
YLR361C,YPR037C,0,-5.1692257,0.1712622046470642,1.0,0.4839000105857849
YMR204C,YMR298W,0,-5.169402,0.17123287916183472,1.0,0.48399999737739563
YHR070W,YML021C,0,-5.169475,0.17120355367660522,1.0,0.48410001397132874
YDL164C,YJL198W,0,-5.169483,0.17117425799369812,1.0,0.48420000076293945
YCR024C-A,YDR404C,0,-5.1695247,0.17114496231079102,1.0,0.48429998755455017
YNL286W,YDR412W,0,-5.1696296,0.1711156815290451,1.0,0.4844000041484833
YLR361C,YOR212W,0,-5.1696405,0.1710864007472992,1.0,0.484499990940094
YEL022W,YHL002W,0,-5.1697664,0.17105713486671448,1.0,0.4846000075340271
YBL099W,YDR123C,0,-5.170025,0.17102788388729095,1.0,0.4846999943256378
YOL077W-A,YMR292W,0,-5.1700325,0.17099863290786743,1.0,0.4848000109195709
YPL233W,YKL057C,0,-5.17026,0.1709693968296051,1.0,0.48489999771118164
YHR171W,YDR507C,0,-5.1702814,0.17094017565250397,1.0,0.48500001430511475
YNL259C,YGR046W,0,-5.1702967,0.17091095447540283,1.0,0.48510000109672546
YLR190W,YNL241C,0,-5.1703105,0.1708817481994629,1.0,0.4851999878883362
YGL245W,YML114C,0,-5.170364,0.17085255682468414,1.0,0.4853000044822693
YGL020C,YDR434W,0,-5.1710234,0.1708233654499054,1.0,0.48539999127388
YHR114W,YDL142C,0,-5.1711187,0.17079418897628784,1.0,0.4855000078678131
YDR256C,YOL110W,0,-5.171424,0.17076502740383148,1.0,0.48559999465942383
YMR136W,YGL211W,0,-5.171462,0.17073586583137512,1.0,0.48570001125335693
YKL112W,YBR175W,0,-5.171582,0.17070671916007996,1.0,0.48579999804496765
YBL025W,YJL176C,0,-5.1715827,0.17067758738994598,1.0,0.48590001463890076
YPR113W,YPL042C,0,-5.1715994,0.1706484705209732,1.0,0.4860000014305115
YGR286C,YGL115W,0,-5.1718373,0.17061935365200043,1.0,0.4860999882221222
YBL079W,YNL309W,0,-5.171934,0.17059023678302765,1.0,0.4862000048160553
YNL275W,YDR300C,0,-5.171951,0.17056114971637726,1.0,0.486299991607666
YPL256C,YGL014W,0,-5.1720257,0.17053206264972687,1.0,0.4864000082015991
YFR036W,YJL039C,0,-5.172085,0.17050299048423767,1.0,0.48649999499320984
YKR019C,YFL037W,0,-5.17212,0.17047391831874847,1.0,0.48660001158714294
YHR197W,YDR297W,0,-5.1722355,0.17044486105442047,1.0,0.48669999837875366
YMR281W,YCR084C,0,-5.172239,0.17041581869125366,1.0,0.4867999851703644
YMR172W,YOR256C,0,-5.1722393,0.17038677632808685,1.0,0.4869000017642975
YPL021W,YFL024C,0,-5.1723757,0.17035774886608124,1.0,0.4869999885559082
YDR488C,YOR327C,0,-5.1725297,0.17032873630523682,1.0,0.4871000051498413
YOR198C,YLR088W,0,-5.172574,0.1702997237443924,1.0,0.487199991941452
YIR021W,YAR035W,0,-5.1725802,0.17027072608470917,1.0,0.48730000853538513
YHR181W,YER041W,0,-5.1726274,0.17024174332618713,1.0,0.48739999532699585
YGR257C,YOL040C,0,-5.172673,0.1702127605676651,1.0,0.48750001192092896
YBR297W,YOR083W,0,-5.1727934,0.17018379271030426,1.0,0.4875999987125397
YBR039W,YJR102C,0,-5.172842,0.17015483975410461,1.0,0.4876999855041504
YFL025C,YMR268C,0,-5.1728563,0.17012588679790497,1.0,0.4878000020980835
YKL189W,YMR145C,0,-5.1729712,0.17009694874286652,1.0,0.4878999888896942
YIR011C,YLR262C,0,-5.1731052,0.17006802558898926,1.0,0.4880000054836273
YER062C,YIL030C,0,-5.1732044,0.170039102435112,1.0,0.48809999227523804
YBR272C,YBR083W,0,-5.1732817,0.17001019418239594,1.0,0.48820000886917114
YER016W,YML071C,0,-5.173318,0.16998130083084106,1.0,0.48829999566078186
YLR390W-A,YER070W,0,-5.173338,0.1699524074792862,1.0,0.48840001225471497
YBR114W,YHR012W,0,-5.173439,0.16992352902889252,1.0,0.4884999990463257
YMR301C,YPL045W,0,-5.173514,0.16989466547966003,1.0,0.4885999858379364
YPL244C,YNL227C,0,-5.1736298,0.16986580193042755,1.0,0.4887000024318695
YAL033W,YDL235C,0,-5.173648,0.16983695328235626,1.0,0.4887999892234802
YDR389W,YPR016C,0,-5.1738005,0.16980811953544617,1.0,0.48890000581741333
YER036C,YGR041W,0,-5.173852,0.16977928578853607,1.0,0.48899999260902405
YDL226C,YMR153W,0,-5.1738777,0.16975046694278717,1.0,0.48910000920295715
YJL014W,YDL235C,0,-5.174059,0.16972166299819946,1.0,0.48919999599456787
YMR143W,YDR325W,0,-5.174119,0.16969285905361176,1.0,0.489300012588501
YDR362C,YCL069W,0,-5.1741385,0.16966407001018524,1.0,0.4893999993801117
YER021W,YOL072W,0,-5.174181,0.16963528096675873,1.0,0.4894999861717224
YOR354C,YJL222W,0,-5.174207,0.1696065068244934,1.0,0.4896000027656555
YJL024C,YBR004C,0,-5.1743855,0.16957774758338928,1.0,0.48969998955726624
YMR238W,YBR083W,0,-5.1747317,0.16954900324344635,1.0,0.48980000615119934
YER044C-A,YGR112W,0,-5.1747932,0.16952025890350342,1.0,0.48989999294281006
YEL026W,YER049W,0,-5.1750946,0.16949152946472168,1.0,0.49000000953674316
YNL071W,YBR035C,0,-5.175114,0.16946280002593994,1.0,0.4900999963283539
YDR046C,YDR091C,0,-5.175252,0.1694340854883194,1.0,0.490200012922287
YNL166C,YOR046C,0,-5.1752625,0.16940538585186005,1.0,0.4902999997138977
YOL130W,YBL042C,0,-5.175271,0.1693767011165619,1.0,0.4903999865055084
YLR238W,YDL190C,0,-5.1753774,0.16934801638126373,1.0,0.49050000309944153
YDR309C,YNL251C,0,-5.175379,0.16931933164596558,1.0,0.49059998989105225
YLR189C,YJL134W,0,-5.1755943,0.1692906767129898,1.0,0.49070000648498535
YPL210C,YOR087W,0,-5.175763,0.16926202178001404,1.0,0.49079999327659607
YMR235C,YCR031C,0,-5.175863,0.16923336684703827,1.0,0.4909000098705292
YGL033W,YPR024W,0,-5.1760755,0.1692047417163849,1.0,0.4909999966621399
YDL231C,YDR501W,0,-5.1763096,0.1691761165857315,1.0,0.491100013256073
YPR154W,YDL244W,0,-5.176435,0.16914749145507812,1.0,0.4912000000476837
YEL034W,YML013W,0,-5.176504,0.16911889612674713,1.0,0.49129998683929443
YOR298C-A,YIR002C,0,-5.176554,0.16909030079841614,1.0,0.49140000343322754
YDL116W,YGR239C,0,-5.176596,0.16906170547008514,1.0,0.49149999022483826
YLR080W,YLR044C,0,-5.1767373,0.16903312504291534,1.0,0.49160000681877136
YBL063W,YBR257W,0,-5.17682,0.16900455951690674,1.0,0.4916999936103821
YML120C,YAR042W,0,-5.177051,0.16897600889205933,1.0,0.4918000102043152
YKL082C,YDL194W,0,-5.177246,0.16894745826721191,1.0,0.4918999969959259
YDR151C,YOL148C,0,-5.1772757,0.1689189225435257,1.0,0.492000013589859
YKR090W,YBR169C,0,-5.1773224,0.16889038681983948,1.0,0.4921000003814697
YLR350W,YBL050W,0,-5.17739,0.16886186599731445,1.0,0.49219998717308044
YDR098C,YLR092W,0,-5.17778,0.16883336007595062,1.0,0.49230000376701355
YDL149W,YOR217W,0,-5.1778216,0.1688048541545868,1.0,0.49239999055862427
YMR004W,YBR294W,0,-5.177822,0.16877637803554535,1.0,0.4925000071525574
YJR053W,YHR001W,0,-5.17784,0.1687478870153427,1.0,0.4925999939441681
YOR079C,YMR077C,0,-5.1779943,0.16871942579746246,1.0,0.4927000105381012
YNR032C-A,YBR118W,0,-5.1779957,0.16869096457958221,1.0,0.4927999973297119
YNL192W,YMR054W,0,-5.1780095,0.16866250336170197,1.0,0.492900013923645
YJR070C,YDR501W,0,-5.1781297,0.1686340570449829,1.0,0.49300000071525574
YDL216C,YPL012W,0,-5.178144,0.16860562562942505,1.0,0.49309998750686646
YBL042C,YER025W,0,-5.1781797,0.16857720911502838,1.0,0.49320000410079956
YMR192W,YNL072W,0,-5.1782293,0.1685487926006317,1.0,0.4932999908924103
YGR041W,YPR198W,0,-5.178264,0.16852039098739624,1.0,0.4934000074863434
YOR038C,YNL297C,0,-5.178276,0.16849198937416077,1.0,0.4934999942779541
YNL014W,YJL053W,0,-5.178378,0.16846361756324768,1.0,0.4936000108718872
YNR043W,YNR046W,0,-5.1785965,0.1684352308511734,1.0,0.4936999976634979
YLR011W,YMR112C,0,-5.178616,0.1684068739414215,1.0,0.49380001425743103
YDL192W,YML107C,0,-5.1787033,0.16837851703166962,1.0,0.49390000104904175
YOL049W,YML024W,0,-5.178793,0.16835017502307892,1.0,0.49399998784065247
YHR115C,YKL001C,0,-5.1788216,0.16832183301448822,1.0,0.49410000443458557
YOR298W,YBR196C,0,-5.178833,0.16829350590705872,1.0,0.4941999912261963
YGR220C,YGR089W,0,-5.1788454,0.1682651787996292,1.0,0.4943000078201294
YOL139C,YFL058W,0,-5.178955,0.1682368814945221,1.0,0.4943999946117401
YLR424W,YLR136C,0,-5.1789584,0.16820858418941498,1.0,0.4945000112056732
YML080W,YCR039C,0,-5.1789956,0.16818028688430786,1.0,0.49459999799728394
YGR040W,YIR012W,0,-5.1790004,0.16815200448036194,1.0,0.49470001459121704
YOL045W,YBR083W,0,-5.1792717,0.1681237369775772,1.0,0.49480000138282776
YMR184W,YER165W,0,-5.1792727,0.16809548437595367,1.0,0.4948999881744385
YAL021C,YMR268C,0,-5.179372,0.16806723177433014,1.0,0.4950000047683716
YPL164C,YGR133W,0,-5.179601,0.1680389791727066,1.0,0.4950999915599823
YMR299C,YDR108W,0,-5.1796885,0.16801075637340546,1.0,0.4952000081539154
YPR154W,YGR143W,0,-5.179714,0.1679825335741043,1.0,0.4952999949455261
YOR198C,YHR048W,0,-5.179737,0.16795431077480316,1.0,0.49540001153945923
YGL256W,YLR007W,0,-5.1798286,0.1679261177778244,1.0,0.49549999833106995
YDL160C,YHR190W,0,-5.179963,0.16789792478084564,1.0,0.49559998512268066
YNL233W,YKR003W,0,-5.1801195,0.16786973178386688,1.0,0.49570000171661377
YOR275C,YMR305C,0,-5.1801925,0.16784155368804932,1.0,0.4957999885082245
YLR056W,YKL060C,0,-5.1802287,0.16781339049339294,1.0,0.4959000051021576
YDR268W,YPR181C,0,-5.1803055,0.16778524219989777,1.0,0.4959999918937683
YNR027W,YBR218C,0,-5.1803675,0.1677570939064026,1.0,0.4961000084877014
YGR101W,YIR022W,0,-5.1804047,0.1677289456129074,1.0,0.49619999527931213
YNL101W,YFL018C,0,-5.180484,0.16770082712173462,1.0,0.49630001187324524
YKL057C,YMR127C,0,-5.180566,0.16767270863056183,1.0,0.49639999866485596
YDR361C,YOL008W,0,-5.1807127,0.16764459013938904,1.0,0.4964999854564667
YPL268W,YMR096W,0,-5.1808176,0.16761648654937744,1.0,0.4966000020503998
YBL006C,YER093C,0,-5.1810184,0.16758839786052704,1.0,0.4966999888420105
YPR054W,YNR015W,0,-5.1811447,0.16756032407283783,1.0,0.4968000054359436
YCR020C-A,YNL282W,0,-5.181303,0.16753225028514862,1.0,0.4968999922275543
YDR459C,YIL017C,0,-5.181307,0.1675041913986206,1.0,0.4970000088214874
YMR246W,YOL064C,0,-5.181512,0.1674761325120926,1.0,0.49709999561309814
YLR453C,YDR308C,0,-5.181551,0.16744808852672577,1.0,0.49720001220703125
YML032C,YEL065W,0,-5.181572,0.16742005944252014,1.0,0.49729999899864197
YPL031C,YOR110W,0,-5.181799,0.16739203035831451,1.0,0.4973999857902527
YGL018C,YOR307C,0,-5.181817,0.16736401617527008,1.0,0.4975000023841858
YER116C,YDR477W,0,-5.181878,0.16733601689338684,1.0,0.4975999891757965
YPL010W,YDL185W,0,-5.181975,0.1673080176115036,1.0,0.4977000057697296
YLR449W,YHR005C-A,0,-5.1824555,0.16728003323078156,1.0,0.49779999256134033
YNL246W,YNL154C,0,-5.182616,0.1672520488500595,1.0,0.49790000915527344
YDR039C,YDR532C,0,-5.1827145,0.16722407937049866,1.0,0.49799999594688416
YJR082C,YER040W,0,-5.1827216,0.167196124792099,1.0,0.49810001254081726
YHR123W,YHR070W,0,-5.182771,0.16716817021369934,1.0,0.498199999332428
YOR349W,YGR103W,0,-5.1828523,0.16714023053646088,1.0,0.4982999861240387
YOR367W,YDL058W,0,-5.1829777,0.1671123057603836,1.0,0.4984000027179718
YIL010W,YMR292W,0,-5.18307,0.16708438098430634,1.0,0.4984999895095825
YHR193C,YOR313C,0,-5.1831512,0.16705647110939026,1.0,0.4986000061035156
YBR106W,YJL198W,0,-5.183321,0.16702856123447418,1.0,0.49869999289512634
YER145C,YDL087C,0,-5.183337,0.1670006662607193,1.0,0.49880000948905945
YFR040W,YIR022W,0,-5.1833677,0.1669727861881256,1.0,0.49889999628067017
YGL035C,YOR207C,0,-5.183734,0.16694490611553192,1.0,0.49900001287460327
YJL014W,YKL196C,0,-5.183756,0.16691704094409943,1.0,0.499099999666214
YDR211W,YER105C,0,-5.183796,0.16688919067382812,1.0,0.4991999864578247
YGR213C,YGL225W,0,-5.184056,0.16686134040355682,1.0,0.4993000030517578
YHR118C,YKR050W,0,-5.184229,0.16683350503444672,1.0,0.49939998984336853
YMR083W,YMR096W,0,-5.184407,0.1668056696653366,1.0,0.49950000643730164
YBR145W,YAL003W,0,-5.1844206,0.1667778491973877,1.0,0.49959999322891235
YPR083W,YKL108W,0,-5.184507,0.16675004363059998,1.0,0.49970000982284546
YGR218W,YDR487C,0,-5.184537,0.16672223806381226,1.0,0.4997999966144562
YLR134W,YDR027C,0,-5.1847706,0.16669444739818573,1.0,0.4999000132083893
YMR235C,YGL030W,0,-5.184844,0.1666666716337204,1.0,0.5
YPL202C,YBR132C,0,-5.185105,0.16663889586925507,1.0,0.5001000165939331
YLL018C-A,YER161C,0,-5.1851315,0.16661113500595093,1.0,0.5001999735832214
YBR179C,YDR285W,0,-5.185207,0.1665833741426468,1.0,0.5002999901771545
YLR246W,YIL144W,0,-5.1852837,0.16655562818050385,1.0,0.5004000067710876
YHR204W,YOR212W,0,-5.1852846,0.1665278971195221,1.0,0.5005000233650208
YPL091W,YMR073C,0,-5.185498,0.16650016605854034,1.0,0.5005999803543091
YKL160W,YOR237W,0,-5.1855826,0.1664724498987198,1.0,0.5006999969482422
YOR212W,YOL109W,0,-5.18577,0.16644473373889923,1.0,0.5008000135421753
YGL119W,YGL037C,0,-5.1858597,0.16641704738140106,1.0,0.5008999705314636
YPL015C,YLR254C,0,-5.1859784,0.1663893461227417,1.0,0.5009999871253967
YNL094W,YOR137C,0,-5.1860075,0.16636167466640472,1.0,0.5011000037193298
YDR030C,YIR012W,0,-5.1860156,0.16633400321006775,1.0,0.5012000203132629
YEL071W,YGL067W,0,-5.18617,0.16630633175373077,1.0,0.5012999773025513
YMR047C,YPL188W,0,-5.186178,0.1662786900997162,1.0,0.5013999938964844
YML081C-A,YBR198C,0,-5.186191,0.1662510335445404,1.0,0.5015000104904175
YJR025C,YDR255C,0,-5.186208,0.166223406791687,1.0,0.5016000270843506
YJR006W,YDR142C,0,-5.1862774,0.16619578003883362,1.0,0.5016999840736389
YOL077W-A,YOL068C,0,-5.186282,0.16616816818714142,1.0,0.501800000667572
YGR057C,YMR101C,0,-5.186293,0.16614055633544922,1.0,0.5019000172615051
YJR084W,YPL037C,0,-5.1864963,0.1661129593849182,1.0,0.5019999742507935
YLR085C,YHL009C,0,-5.1865034,0.1660853624343872,1.0,0.5020999908447266
YBR231C,YBR082C,0,-5.186517,0.1660577952861786,1.0,0.5022000074386597
YJL005W,YPR103W,0,-5.1865287,0.16603021323680878,1.0,0.5023000240325928
YCR024C-A,YOR069W,0,-5.1865335,0.16600266098976135,1.0,0.5023999810218811
YGL163C,YCR033W,0,-5.186613,0.16597510874271393,1.0,0.5024999976158142
YEL060C,YBR253W,0,-5.1867075,0.1659475564956665,1.0,0.5026000142097473
YDL161W,YJL011C,0,-5.1867256,0.16592001914978027,1.0,0.5026999711990356
YFL003C,YNR048W,0,-5.186764,0.16589249670505524,1.0,0.5027999877929688
YLR266C,YGR143W,0,-5.18681,0.1658649891614914,1.0,0.5029000043869019
YHR005C-A,YMR079W,0,-5.187007,0.16583748161792755,1.0,0.503000020980835
YNR074C,YFL050C,0,-5.1870174,0.1658099889755249,1.0,0.5030999779701233
YEL062W,YGR020C,0,-5.187373,0.16578249633312225,1.0,0.5031999945640564
YDL208W,YNL216W,0,-5.187375,0.1657550185918808,1.0,0.5033000111579895
YIR009W,YDR484W,0,-5.18756,0.16572754085063934,1.0,0.5034000277519226
YLR382C,YOR368W,0,-5.187694,0.16570007801055908,1.0,0.5034999847412109
YNL090W,YMR088C,0,-5.187752,0.16567263007164001,1.0,0.503600001335144
YLR155C,YNL080C,0,-5.187779,0.16564518213272095,1.0,0.5037000179290771
YOR257W,YLL011W,0,-5.187844,0.16561774909496307,1.0,0.5037999749183655
YNR007C,YPR154W,0,-5.1878777,0.1655903309583664,1.0,0.5038999915122986
YFL003C,YGL236C,0,-5.1881127,0.16556291282176971,1.0,0.5040000081062317
YPL227C,YGR199W,0,-5.1882,0.16553550958633423,1.0,0.5041000247001648
YNR056C,YDR423C,0,-5.1883154,0.16550810635089874,1.0,0.5041999816894531
YNL123W,YIL052C,0,-5.1885962,0.16548071801662445,1.0,0.5042999982833862
YBR131W,YKR048C,0,-5.1886578,0.16545334458351135,1.0,0.5044000148773193
YCR044C,YPR095C,0,-5.1887317,0.16542597115039825,1.0,0.5044999718666077
YMR188C,YDR325W,0,-5.188762,0.16539861261844635,1.0,0.5045999884605408
YPR081C,YDR394W,0,-5.1889267,0.16537125408649445,1.0,0.5047000050544739
YPL176C,YGR270W,0,-5.1889873,0.16534391045570374,1.0,0.504800021648407
YKR039W,YBR037C,0,-5.1890864,0.16531658172607422,1.0,0.5048999786376953
YMR250W,YJL222W,0,-5.1892586,0.1652892529964447,1.0,0.5049999952316284
YPL117C,YPL131W,0,-5.1892757,0.16526193916797638,1.0,0.5051000118255615
YJR150C,YGR040W,0,-5.18929,0.16523464024066925,1.0,0.5052000284194946
YBR243C,YLR403W,0,-5.189417,0.16520734131336212,1.0,0.505299985408783
YNR007C,YDL181W,0,-5.189458,0.165180042386055,1.0,0.5054000020027161
YLR309C,YGR161C,0,-5.1895227,0.16515277326107025,1.0,0.5055000185966492
YLR423C,YOR079C,0,-5.1895385,0.16512548923492432,1.0,0.5055999755859375
YMR232W,YJL176C,0,-5.1898465,0.16509823501110077,1.0,0.5056999921798706
YLR153C,YPL164C,0,-5.189915,0.16507098078727722,1.0,0.5058000087738037
YBR085W,YLR127C,0,-5.189991,0.16504374146461487,1.0,0.5059000253677368
YDR448W,YKL068W,0,-5.1901603,0.16501650214195251,1.0,0.5059999823570251
YJL010C,YDR447C,0,-5.1903515,0.16498927772045135,1.0,0.5060999989509583
YKR019C,YLR096W,0,-5.1904535,0.1649620532989502,1.0,0.5062000155448914
YKL084W,YMR004W,0,-5.1904616,0.16493484377861023,1.0,0.5062999725341797
YNL220W,YJL201W,0,-5.190585,0.16490764915943146,1.0,0.5063999891281128
YDL174C,YCR084C,0,-5.1906576,0.16488045454025269,1.0,0.5065000057220459
YOL065C,YBR218C,0,-5.190673,0.1648532748222351,1.0,0.506600022315979
YHR072W,YDL080C,0,-5.190722,0.16482611000537872,1.0,0.5066999793052673
YNL332W,YNL273W,0,-5.190842,0.16479894518852234,1.0,0.5067999958992004
YNL307C,YNR049C,0,-5.1908474,0.16477179527282715,1.0,0.5069000124931335
YDR182W,YJR059W,0,-5.1909213,0.16474464535713196,1.0,0.5070000290870667
YOR373W,YGR202C,0,-5.1909227,0.16471751034259796,1.0,0.507099986076355
YMR290C,YOR279C,0,-5.190933,0.16469037532806396,1.0,0.5072000026702881
YOR204W,YDR317W,0,-5.1910095,0.16466327011585236,1.0,0.5073000192642212
YGL073W,YPL224C,0,-5.1910276,0.16463615000247955,1.0,0.5073999762535095
YGR143W,YAR035W,0,-5.1910458,0.16460905969142914,1.0,0.5074999928474426
YGR286C,YGR013W,0,-5.191058,0.16458195447921753,1.0,0.5076000094413757
YFR021W,YLL050C,0,-5.1912584,0.1645548790693283,1.0,0.5077000260353088
YGL003C,YMR060C,0,-5.191278,0.1645278036594391,1.0,0.5077999830245972
YLR390W-A,YEL017C-A,0,-5.191551,0.16450074315071106,1.0,0.5078999996185303
YPR133C,YHR099W,0,-5.191577,0.16447368264198303,1.0,0.5080000162124634
YMR173W,YOL049W,0,-5.1916766,0.1644466370344162,1.0,0.5080999732017517
YJR150C,YOR259C,0,-5.191717,0.16441959142684937,1.0,0.5081999897956848
YHR072W,YKL143W,0,-5.191741,0.16439257562160492,1.0,0.5083000063896179
YNL216W,YIL075C,0,-5.191816,0.16436554491519928,1.0,0.508400022983551
YKL135C,YKR039W,0,-5.1920395,0.16433854401111603,1.0,0.5084999799728394
YNL251C,YGL094C,0,-5.1921625,0.16431152820587158,1.0,0.5085999965667725
YDR216W,YER018C,0,-5.1923037,0.16428454220294952,1.0,0.5087000131607056
YDL085W,YDL090C,0,-5.1924343,0.16425755620002747,1.0,0.5088000297546387
YNR054C,YML104C,0,-5.192739,0.1642305850982666,1.0,0.508899986743927
YLR056W,YOR069W,0,-5.1927505,0.16420361399650574,1.0,0.5090000033378601
YGR129W,YDR486C,0,-5.192803,0.16417665779590607,1.0,0.5091000199317932
YKL009W,YPR010C,0,-5.1930556,0.1641497015953064,1.0,0.5091999769210815
YJL014W,YDL229W,0,-5.1934023,0.16412276029586792,1.0,0.5092999935150146
YMR006C,YIL101C,0,-5.1935735,0.16409583389759064,1.0,0.5094000101089478
YEL022W,YMR156C,0,-5.193694,0.16406890749931335,1.0,0.5095000267028809
YGR246C,YHR084W,0,-5.1938953,0.16404199600219727,1.0,0.5095999836921692
YDR123C,YGL133W,0,-5.193898,0.16401508450508118,1.0,0.5097000002861023
YDR277C,YPL063W,0,-5.194069,0.16398818790912628,1.0,0.5098000168800354
YGR157W,YDL229W,0,-5.1941605,0.16396130621433258,1.0,0.5098999738693237
YLR411W,YPL170W,0,-5.194278,0.16393442451953888,1.0,0.5099999904632568
YLR228C,YKL176C,0,-5.1942863,0.16390755772590637,1.0,0.5101000070571899
YKL049C,YOL072W,0,-5.194456,0.16388069093227386,1.0,0.510200023651123
YGL195W,YLR190W,0,-5.194513,0.16385383903980255,1.0,0.5102999806404114
YML028W,YPL120W,0,-5.194585,0.16382700204849243,1.0,0.5103999972343445
YDL088C,YDL058W,0,-5.1946177,0.1638001650571823,1.0,0.5105000138282776
YMR076C,YOR340C,0,-5.194691,0.1637733429670334,1.0,0.5105999708175659
YPL194W,YOR367W,0,-5.1947236,0.16374652087688446,1.0,0.510699987411499
YGL211W,YPL156C,0,-5.194741,0.16371971368789673,1.0,0.5108000040054321
YPL110C,YJR135W-A,0,-5.1949854,0.163692906498909,1.0,0.5109000205993652
YOL108C,YIL042C,0,-5.1951103,0.16366611421108246,1.0,0.5109999775886536
YGL047W,YNL047C,0,-5.1951714,0.16363933682441711,1.0,0.5110999941825867
YLL031C,YOR140W,0,-5.1952524,0.16361255943775177,1.0,0.5112000107765198
YNL118C,YOL038W,0,-5.1952815,0.16358579695224762,1.0,0.5113000273704529
YER009W,YNL311C,0,-5.1953726,0.16355904936790466,1.0,0.5113999843597412
YGL119W,YGL011C,0,-5.1953864,0.1635323017835617,1.0,0.5115000009536743
YLR170C,YAL013W,0,-5.1954155,0.16350555419921875,1.0,0.5116000175476074
YHR096C,YJL025W,0,-5.1954556,0.16347883641719818,1.0,0.5116999745368958
YKR009C,YLR043C,0,-5.1954956,0.16345210373401642,1.0,0.5117999911308289
YPL063W,YBR127C,0,-5.1955223,0.16342540085315704,1.0,0.511900007724762
YGR158C,YNL264C,0,-5.195594,0.16339869797229767,1.0,0.5120000243186951
YGL173C,YKR001C,0,-5.1956244,0.1633719950914383,1.0,0.5120999813079834
YCR063W,YGR191W,0,-5.195635,0.1633453071117401,1.0,0.5121999979019165
YKL190W,YNL273W,0,-5.1956663,0.16331863403320312,1.0,0.5123000144958496
YBR010W,YBR298C,0,-5.1957483,0.16329196095466614,1.0,0.5123999714851379
YKR060W,YPL033C,0,-5.1957593,0.16326530277729034,1.0,0.512499988079071
YOR363C,YPL156C,0,-5.1958237,0.16323865950107574,1.0,0.5126000046730042
YDR331W,YBL017C,0,-5.195904,0.16321201622486115,1.0,0.5127000212669373
YER015W,YJR091C,0,-5.1960053,0.16318537294864655,1.0,0.5127999782562256
YBR245C,YOR087W,0,-5.1960335,0.16315875947475433,1.0,0.5128999948501587
YML008C,YLR321C,0,-5.196084,0.16313213109970093,1.0,0.5130000114440918
YLR231C,YDL117W,0,-5.196192,0.1631055325269699,1.0,0.5131000280380249
YNR072W,YNL163C,0,-5.196206,0.1630789339542389,1.0,0.5131999850273132
YBR234C,YLR453C,0,-5.19639,0.16305233538150787,1.0,0.5133000016212463
YCR014C,YOR132W,0,-5.1964045,0.16302575170993805,1.0,0.5134000182151794
YML126C,YDL020C,0,-5.1966925,0.16299918293952942,1.0,0.5134999752044678
YLR088W,YOL026C,0,-5.1969104,0.1629726141691208,1.0,0.5135999917984009
YML116W,YMR216C,0,-5.1969547,0.16294606029987335,1.0,0.513700008392334
YML099C,YLR025W,0,-5.1970882,0.1629195213317871,1.0,0.5138000249862671
YOR321W,YLR135W,0,-5.1972704,0.16289298236370087,1.0,0.5138999819755554
YGL003C,YDL084W,0,-5.197361,0.16286644339561462,1.0,0.5139999985694885
YGL105W,YNL097C,0,-5.1974344,0.16283993422985077,1.0,0.5141000151634216
YNL172W,YOR068C,0,-5.1974726,0.16281341016292572,1.0,0.51419997215271
YBR201W,YPL042C,0,-5.197894,0.16278691589832306,1.0,0.5142999887466431
YFL024C,YKL117W,0,-5.1980457,0.1627604216337204,1.0,0.5144000053405762
YMR001C,YPL055C,0,-5.1980667,0.16273392736911774,1.0,0.5145000219345093
YPL059W,YCL069W,0,-5.198122,0.16270744800567627,1.0,0.5145999789237976
YDL020C,YML098W,0,-5.1981564,0.162680983543396,1.0,0.5146999955177307
YAL029C,YGR179C,0,-5.1982603,0.16265451908111572,1.0,0.5148000121116638
YER157W,YLR119W,0,-5.198365,0.16262806951999664,1.0,0.5149000287055969
YDR046C,YIL125W,0,-5.1986003,0.16260161995887756,1.0,0.5149999856948853
YPL115C,YHR065C,0,-5.1986895,0.16257518529891968,1.0,0.5151000022888184
YHR062C,YKL070W,0,-5.198803,0.16254876554012299,1.0,0.5152000188827515
YJR025C,YDR489W,0,-5.1989646,0.1625223457813263,1.0,0.5152999758720398
YGR239C,YKL117W,0,-5.198966,0.1624959409236908,1.0,0.5153999924659729
YGR038W,YJR143C,0,-5.1991377,0.1624695360660553,1.0,0.515500009059906
YGR007W,YDL130W,0,-5.199173,0.162443146109581,1.0,0.5156000256538391
YER040W,YGR013W,0,-5.1993036,0.1624167561531067,1.0,0.5156999826431274
YER006W,YNL261W,0,-5.199501,0.16239038109779358,1.0,0.5157999992370605
YKL139W,YDL101C,0,-5.1995664,0.16236402094364166,1.0,0.5159000158309937
YLR260W,YJL156C,0,-5.1996098,0.16233766078948975,1.0,0.515999972820282
YDR335W,YOR076C,0,-5.1996517,0.16231131553649902,1.0,0.5160999894142151
YNL149C,YNR015W,0,-5.199728,0.1622849702835083,1.0,0.5162000060081482
YEL018W,YIR041W,0,-5.199746,0.16225863993167877,1.0,0.5163000226020813
YDL031W,YJR110W,0,-5.199813,0.16223230957984924,1.0,0.5163999795913696
YDR324C,YMR106C,0,-5.1998787,0.1622060090303421,1.0,0.5164999961853027
YNL030W,YKR053C,0,-5.1999655,0.16217969357967377,1.0,0.5166000127792358
YGL175C,YDR363W-A,0,-5.19998,0.16215339303016663,1.0,0.516700029373169
YER062C,YBL050W,0,-5.2000847,0.16212710738182068,1.0,0.5167999863624573
YOR185C,YPR041W,0,-5.200123,0.16210082173347473,1.0,0.5169000029563904
YPL021W,YNL267W,0,-5.2002,0.16207455098628998,1.0,0.5170000195503235
YDL143W,YHR031C,0,-5.200274,0.16204829514026642,1.0,0.5170999765396118
YDL101C,YDR317W,0,-5.2003427,0.16202203929424286,1.0,0.5171999931335449
YML121W,YHR026W,0,-5.2004433,0.1619957834482193,1.0,0.517300009727478
YIL112W,YOL125W,0,-5.200471,0.16196954250335693,1.0,0.5174000263214111
YER157W,YOR033C,0,-5.2005386,0.16194331645965576,1.0,0.5174999833106995
YDL194W,YHR099W,0,-5.200548,0.16191710531711578,1.0,0.5175999999046326
YNR044W,YDL194W,0,-5.200588,0.1618908792734146,1.0,0.5177000164985657
YIL065C,YBR152W,0,-5.200597,0.16186468303203583,1.0,0.517799973487854
YJR053W,YNR048W,0,-5.200754,0.16183848679065704,1.0,0.5178999900817871
YDR375C,YJL045W,0,-5.2007546,0.16181229054927826,1.0,0.5180000066757202
YML051W,YNR008W,0,-5.2007914,0.16178612411022186,1.0,0.5181000232696533
YER002W,YLR135W,0,-5.2011337,0.16175994277000427,1.0,0.5181999802589417
YMR068W,YGL011C,0,-5.2011347,0.16173379123210907,1.0,0.5182999968528748
YBR161W,YLR335W,0,-5.20125,0.16170763969421387,1.0,0.5184000134468079
YNL041C,YNR008W,0,-5.2014008,0.16168148815631866,1.0,0.5184999704360962
YKL040C,YIL119C,0,-5.2014275,0.16165535151958466,1.0,0.5185999870300293
YDR295C,YNL209W,0,-5.2014394,0.16162922978401184,1.0,0.5187000036239624
YDR515W,YBL055C,0,-5.2016544,0.16160310804843903,1.0,0.5188000202178955
YMR227C,YCL063W,0,-5.2016745,0.1615769863128662,1.0,0.5188999772071838
YOL040C,YLR045C,0,-5.2016864,0.16155089437961578,1.0,0.5189999938011169
YBL082C,YPL161C,0,-5.201749,0.16152478754520416,1.0,0.51910001039505
YGL071W,YNL112W,0,-5.202053,0.16149871051311493,1.0,0.5192000269889832
YDR416W,YKL126W,0,-5.2021265,0.1614726334810257,1.0,0.5192999839782715
YDR101C,YPL019C,0,-5.2021637,0.16144655644893646,1.0,0.5194000005722046
YAL022C,YDL036C,0,-5.202366,0.16142049431800842,1.0,0.5195000171661377
YDR320C-A,YKL059C,0,-5.202525,0.16139444708824158,1.0,0.519599974155426
YGL205W,YFL036W,0,-5.202542,0.16136839985847473,1.0,0.5196999907493591
YLR401C,YPL124W,0,-5.202717,0.16134236752986908,1.0,0.5198000073432922
YDL003W,YER116C,0,-5.2027283,0.16131633520126343,1.0,0.5199000239372253
YGL207W,YDR260C,0,-5.2029123,0.16129031777381897,1.0,0.5199999809265137
YIL033C,YLR303W,0,-5.203488,0.1612643152475357,1.0,0.5200999975204468
YBL041W,YDR279W,0,-5.203518,0.16123831272125244,1.0,0.5202000141143799
YFL055W,YKL019W,0,-5.2037077,0.16121231019496918,1.0,0.5202999711036682
YDL099W,YCL044C,0,-5.2037477,0.1611863374710083,1.0,0.5203999876976013
YLR314C,YDL138W,0,-5.2038927,0.16116034984588623,1.0,0.5205000042915344
YDR098C,YPR173C,0,-5.204032,0.16113439202308655,1.0,0.5206000208854675
YNL080C,YGR181W,0,-5.2040925,0.16110841929912567,1.0,0.5206999778747559
YMR167W,YNR023W,0,-5.2041388,0.16108247637748718,1.0,0.520799994468689
YNR067C,YKL073W,0,-5.2041545,0.1610565334558487,1.0,0.5209000110626221
YIL131C,YNL014W,0,-5.204358,0.1610305905342102,1.0,0.5210000276565552
YDL115C,YER007W,0,-5.2043796,0.1610046625137329,1.0,0.5210999846458435
YPL270W,YMR224C,0,-5.2044716,0.1609787493944168,1.0,0.5212000012397766
YDR414C,YPR054W,0,-5.204483,0.1609528362751007,1.0,0.5213000178337097
YOR023C,YMR296C,0,-5.2046766,0.1609269380569458,1.0,0.521399974822998
YMR129W,YLR277C,0,-5.2048335,0.1609010398387909,1.0,0.5214999914169312
YIL079C,YJL156C,0,-5.2048397,0.16087515652179718,1.0,0.5216000080108643
YMR224C,YBR167C,0,-5.2050443,0.16084928810596466,1.0,0.5217000246047974
YGL191W,YPL153C,0,-5.2050533,0.16082341969013214,1.0,0.5217999815940857
YOL044W,YOL072W,0,-5.2052393,0.16079755127429962,1.0,0.5218999981880188
YDL099W,YNL257C,0,-5.2052517,0.1607716977596283,1.0,0.5220000147819519
YBR085W,YKR007W,0,-5.205302,0.16074585914611816,1.0,0.5220999717712402
YLR103C,YHR041C,0,-5.2053437,0.16072002053260803,1.0,0.5221999883651733
YJR137C,YBL046W,0,-5.2055507,0.1606941968202591,1.0,0.5223000049591064
YAL025C,YLR398C,0,-5.2055826,0.16066837310791016,1.0,0.5224000215530396
YLR377C,YJL154C,0,-5.2058516,0.1606425642967224,1.0,0.5224999785423279
YOR298C-A,YDR200C,0,-5.2059155,0.16061677038669586,1.0,0.522599995136261
YMR161W,YCL044C,0,-5.206022,0.1605909764766693,1.0,0.5227000117301941
YNL059C,YBL005W,0,-5.206064,0.16056518256664276,1.0,0.5228000283241272
YBR243C,YGR268C,0,-5.20607,0.1605394184589386,1.0,0.5228999853134155
YGR060W,YNL082W,0,-5.2061257,0.16051363945007324,1.0,0.5230000019073486
YKL114C,YPL012W,0,-5.206217,0.16048789024353027,1.0,0.5231000185012817
YMR250W,YLR052W,0,-5.2062693,0.1604621261358261,1.0,0.5231999754905701
YCR086W,YIL125W,0,-5.2063026,0.16043639183044434,1.0,0.5232999920845032
YKR022C,YOR008C,0,-5.2063246,0.16041065752506256,1.0,0.5234000086784363
YMR001C,YGL201C,0,-5.2063274,0.1603849232196808,1.0,0.5235000252723694
YBR034C,YOR103C,0,-5.206335,0.1603592038154602,1.0,0.5235999822616577
YHL036W,YOR207C,0,-5.2063675,0.16033349931240082,1.0,0.5236999988555908
YJL091C,YPR016C,0,-5.2066216,0.16030779480934143,1.0,0.5238000154495239
YGR040W,YNL007C,0,-5.206827,0.16028209030628204,1.0,0.5238999724388123
YLR127C,YJR073C,0,-5.206891,0.16025641560554504,1.0,0.5239999890327454
YER056C,YGR013W,0,-5.2069273,0.16023072600364685,1.0,0.5241000056266785
YLR170C,YDR159W,0,-5.2069516,0.16020506620407104,1.0,0.5242000222206116
YJR105W,YMR073C,0,-5.2070103,0.16017940640449524,1.0,0.5242999792098999
YPR034W,YOL127W,0,-5.2071924,0.16015374660491943,1.0,0.524399995803833
YMR041C,YPL234C,0,-5.2072897,0.16012810170650482,1.0,0.5245000123977661
YMR240C,YDR023W,0,-5.20732,0.1601024717092514,1.0,0.5246000289916992
YJL024C,YKR048C,0,-5.207387,0.16007684171199799,1.0,0.5246999859809875
YMR280C,YLR043C,0,-5.2075777,0.16005121171474457,1.0,0.5248000025749207
YGL145W,YLR467W,0,-5.207609,0.16002561151981354,1.0,0.5249000191688538
YPR144C,YLR039C,0,-5.2076406,0.1599999964237213,1.0,0.5249999761581421
YOL049W,YEL016C,0,-5.20766,0.15997441112995148,1.0,0.5250999927520752
YOR130C,YIL030C,0,-5.2076674,0.15994881093502045,1.0,0.5252000093460083
YPR057W,YIL072W,0,-5.2077637,0.1599232405424118,1.0,0.5253000259399414
YCR033W,YDR320C,0,-5.2078295,0.15989767014980316,1.0,0.5253999829292297
YNL182C,YGL095C,0,-5.2078686,0.15987209975719452,1.0,0.5254999995231628
YDR189W,YIL126W,0,-5.207938,0.15984654426574707,1.0,0.525600016117096
YIR009W,YLR026C,0,-5.207965,0.15982100367546082,1.0,0.5256999731063843
YDR384C,YBL008W,0,-5.208091,0.15979546308517456,1.0,0.5257999897003174
YDR277C,YOL117W,0,-5.208138,0.1597699373960495,1.0,0.5259000062942505
YOR023C,YER118C,0,-5.208167,0.15974441170692444,1.0,0.5260000228881836
YPR037C,YDR221W,0,-5.208323,0.15971890091896057,1.0,0.5260999798774719
YLR382C,YML073C,0,-5.208432,0.1596933901309967,1.0,0.526199996471405
YEL066W,YNL044W,0,-5.2085037,0.15966789424419403,1.0,0.5263000130653381
YOL127W,YDL081C,0,-5.208519,0.15964239835739136,1.0,0.5264000296592712
YDL161W,YHL003C,0,-5.208566,0.15961691737174988,1.0,0.5264999866485596
YCL017C,YMR314W,0,-5.2086334,0.1595914512872696,1.0,0.5266000032424927
YOL077W-A,YBR089C-A,0,-5.2087097,0.1595659852027893,1.0,0.5267000198364258
YJL167W,YGR014W,0,-5.2088475,0.15954051911830902,1.0,0.5267999768257141
YDR381W,YOR272W,0,-5.2088957,0.15951506793498993,1.0,0.5268999934196472
YMR133W,YOR069W,0,-5.209145,0.15948963165283203,1.0,0.5270000100135803
YHR069C,YPR182W,0,-5.2092867,0.15946419537067413,1.0,0.5271000266075134
YGL045W,YHL009C,0,-5.2094994,0.15943877398967743,1.0,0.5271999835968018
YPR120C,YGR214W,0,-5.209674,0.15941335260868073,1.0,0.5273000001907349
YDR317W,YNR031C,0,-5.20975,0.15938794612884521,1.0,0.527400016784668
YGR188C,YOR057W,0,-5.2097573,0.1593625545501709,1.0,0.5274999737739563
YKL073W,YPR143W,0,-5.209771,0.15933716297149658,1.0,0.5275999903678894
YDL074C,YPR095C,0,-5.209781,0.15931177139282227,1.0,0.5277000069618225
YMR186W,YOL126C,0,-5.2100677,0.15928639471530914,1.0,0.5278000235557556
YHR083W,YFR031C,0,-5.210127,0.15926103293895721,1.0,0.527899980545044
YER154W,YMR008C,0,-5.2106867,0.15923567116260529,1.0,0.527999997138977
YMR208W,YHL034C,0,-5.210723,0.15921030938625336,1.0,0.5281000137329102
YJL005W,YGR252W,0,-5.2107654,0.15918497741222382,1.0,0.5281999707221985
YDR118W,YNL298W,0,-5.210882,0.15915963053703308,1.0,0.5282999873161316
YNL135C,YLR459W,0,-5.210926,0.15913431346416473,1.0,0.5284000039100647
YKL068W,YPR181C,0,-5.211006,0.1591089963912964,1.0,0.5285000205039978
YJL006C,YMR096W,0,-5.2111187,0.15908367931842804,1.0,0.5285999774932861
YDR331W,YOL093W,0,-5.211151,0.1590583771467209,1.0,0.5286999940872192
YGL025C,YER049W,0,-5.211242,0.15903307497501373,1.0,0.5288000106811523
YDR158W,YKL143W,0,-5.2112894,0.15900778770446777,1.0,0.5289000272750854
YAL042W,YOR298W,0,-5.21131,0.158982515335083,1.0,0.5289999842643738
YNL297C,YMR022W,0,-5.211401,0.15895724296569824,1.0,0.5291000008583069
YDL154W,YGL158W,0,-5.2115474,0.15893197059631348,1.0,0.52920001745224
YDL069C,YGR192C,0,-5.2118654,0.1589067280292511,1.0,0.5292999744415283
YNL133C,YLL060C,0,-5.211954,0.15888147056102753,1.0,0.5293999910354614
YMR290C,YOR212W,0,-5.212143,0.15885622799396515,1.0,0.5295000076293945
YGR145W,YHR200W,0,-5.212228,0.15883100032806396,1.0,0.5296000242233276
YDR376W,YJR006W,0,-5.2122297,0.15880578756332397,1.0,0.529699981212616
YNL230C,YHL034C,0,-5.21226,0.1587805598974228,1.0,0.5297999978065491
YML074C,YDR030C,0,-5.212417,0.158755362033844,1.0,0.5299000144004822
YBR068C,YJL222W,0,-5.2124863,0.1587301641702652,1.0,0.5299999713897705
YBR023C,YPL012W,0,-5.2125196,0.1587049663066864,1.0,0.5300999879837036
YFL033C,YDR472W,0,-5.2126656,0.1586797833442688,1.0,0.5302000045776367
YMR164C,YOL066C,0,-5.212763,0.1586546152830124,1.0,0.5303000211715698
YHR056C,YPR161C,0,-5.2129927,0.15862944722175598,1.0,0.5303999781608582
YDL115C,YER022W,0,-5.212996,0.15860427916049957,1.0,0.5304999947547913
YNL220W,YKL166C,0,-5.213004,0.15857912600040436,1.0,0.5306000113487244
YAL012W,YJR119C,0,-5.213026,0.15855398774147034,1.0,0.5307000279426575
YBL032W,YPR161C,0,-5.2130527,0.15852884948253632,1.0,0.5307999849319458
YPR140W,YKR014C,0,-5.213112,0.1585037261247635,1.0,0.5309000015258789
YJR091C,YML114C,0,-5.213148,0.15847860276699066,1.0,0.531000018119812
YPR161C,YPL232W,0,-5.2133045,0.15845349431037903,1.0,0.5310999751091003
YNR053C,YHR135C,0,-5.2133126,0.1584283858537674,1.0,0.5311999917030334
YOR180C,YJL173C,0,-5.2134094,0.15840329229831696,1.0,0.5313000082969666
YJR053W,YKL191W,0,-5.2134113,0.1583782136440277,1.0,0.5314000248908997
YGR249W,YEL016C,0,-5.213459,0.15835312008857727,1.0,0.531499981880188
YDR301W,YOR018W,0,-5.2134666,0.15832805633544922,1.0,0.5315999984741211
YGL195W,YDR398W,0,-5.2137666,0.15830299258232117,1.0,0.5317000150680542
YNL251C,YER070W,0,-5.2138424,0.15827792882919312,1.0,0.5317999720573425
YML042W,YDR194C,0,-5.2138743,0.15825289487838745,1.0,0.5318999886512756
YOL011W,YNL163C,0,-5.213994,0.1582278460264206,1.0,0.5320000052452087
YDL093W,YPR018W,0,-5.2140827,0.15820281207561493,1.0,0.5321000218391418
YPR200C,YDR490C,0,-5.214117,0.15817779302597046,1.0,0.5321999788284302
YIL122W,YLR092W,0,-5.2141304,0.158152773976326,1.0,0.5322999954223633
YGL047W,YPL237W,0,-5.214182,0.1581277698278427,1.0,0.5324000120162964
YOR112W,YBR106W,0,-5.214432,0.15810276567935944,1.0,0.5325000286102295
YDR081C,YOR063W,0,-5.21455,0.15807777643203735,1.0,0.5325999855995178
YAL013W,YGL162W,0,-5.214573,0.15805278718471527,1.0,0.5327000021934509
YLR430W,YLR183C,0,-5.214576,0.15802781283855438,1.0,0.532800018787384
YDR211W,YJR119C,0,-5.2147913,0.1580028384923935,1.0,0.5328999757766724
YER017C,YKR065C,0,-5.2148705,0.1579778790473938,1.0,0.5329999923706055
YLR284C,YPL214C,0,-5.2149553,0.1579529345035553,1.0,0.5331000089645386
YKR046C,YNR013C,0,-5.215081,0.1579279899597168,1.0,0.5332000255584717
YBR085W,YER172C,0,-5.2151256,0.1579030454158783,1.0,0.53329998254776
YBR004C,YGL111W,0,-5.2151556,0.157878115773201,1.0,0.5333999991416931
YJR021C,YPL092W,0,-5.215213,0.15785320103168488,1.0,0.5335000157356262
YPR179C,YGL022W,0,-5.2152767,0.15782828629016876,1.0,0.5335999727249146
YJL002C,YLR378C,0,-5.2153306,0.15780337154865265,1.0,0.5336999893188477
YKL190W,YKL029C,0,-5.215434,0.15777847170829773,1.0,0.5338000059127808
YCL004W,YBR216C,0,-5.2155657,0.157753586769104,1.0,0.5339000225067139
YHR058C,YEL037C,0,-5.215639,0.15772870182991028,1.0,0.5339999794960022
YDR382W,YCR031C,0,-5.2158346,0.15770383179187775,1.0,0.5340999960899353
YOR103C,YBL106C,0,-5.215883,0.15767896175384521,1.0,0.5342000126838684
YKR003W,YJL154C,0,-5.2160606,0.15765410661697388,1.0,0.5343000292778015
YML062C,YOL148C,0,-5.216264,0.15762925148010254,1.0,0.5343999862670898
YDL197C,YHR001W,0,-5.2162676,0.1576044112443924,1.0,0.534500002861023
YJL124C,YGL095C,0,-5.216401,0.15757957100868225,1.0,0.534600019454956
YNR013C,YCL010C,0,-5.2167654,0.1575547456741333,1.0,0.5346999764442444
YGR166W,YEL017C-A,0,-5.2167845,0.15752993524074554,1.0,0.5347999930381775
YER110C,YDR055W,0,-5.216795,0.1575051248073578,1.0,0.5349000096321106
YPR120C,YKR035W-A,0,-5.2170396,0.15748031437397003,1.0,0.5350000262260437
YGL032C,YDR255C,0,-5.2172914,0.15745551884174347,1.0,0.535099983215332
YML104C,YLR025W,0,-5.21764,0.1574307233095169,1.0,0.5351999998092651
YDL022W,YGL112C,0,-5.217726,0.15740594267845154,1.0,0.5353000164031982
YMR042W,YHR102W,0,-5.21778,0.15738117694854736,1.0,0.5353999733924866
YBR288C,YGR048W,0,-5.217812,0.1573564112186432,1.0,0.5354999899864197
YBR274W,YLR313C,0,-5.2179203,0.1573316603899002,1.0,0.5356000065803528
YNL009W,YER044C-A,0,-5.218201,0.15730690956115723,1.0,0.5357000231742859
YOL108C,YOL104C,0,-5.218294,0.15728215873241425,1.0,0.5357999801635742
YPR072W,YKL113C,0,-5.218383,0.15725743770599365,1.0,0.5358999967575073
YKL049C,YLR447C,0,-5.218497,0.15723270177841187,1.0,0.5360000133514404
YDR512C,YLR139C,0,-5.2185016,0.15720798075199127,1.0,0.5360999703407288
YHR031C,YOR069W,0,-5.2185664,0.15718327462673187,1.0,0.5361999869346619
YNR035C,YNL009W,0,-5.218945,0.15715856850147247,1.0,0.536300003528595
YDL022W,YGL207W,0,-5.2190485,0.15713387727737427,1.0,0.5364000201225281
YOR244W,YPL002C,0,-5.219055,0.15710918605327606,1.0,0.5364999771118164
YNL102W,YDR260C,0,-5.219188,0.15708450973033905,1.0,0.5365999937057495
YBR088C,YMR054W,0,-5.219189,0.15705983340740204,1.0,0.5367000102996826
YDR337W,YCL069W,0,-5.2193794,0.15703517198562622,1.0,0.5368000268936157
YKL191W,YMR227C,0,-5.2194185,0.1570105254650116,1.0,0.536899983882904
YFR048W,YGL252C,0,-5.2194557,0.15698586404323578,1.0,0.5370000004768372
YOR269W,YPL094C,0,-5.21946,0.15696123242378235,1.0,0.5371000170707703
YPL021W,YML021C,0,-5.2196565,0.15693660080432892,1.0,0.5371999740600586
YHR183W,YGL013C,0,-5.219866,0.1569119691848755,1.0,0.5372999906539917
YCL017C,YPR032W,0,-5.2201214,0.15688735246658325,1.0,0.5374000072479248
YOR153W,YJL109C,0,-5.2201805,0.1568627506494522,1.0,0.5375000238418579
YDR025W,YDL225W,0,-5.2203546,0.15683814883232117,1.0,0.5375999808311462
YFL023W,YMR127C,0,-5.220766,0.15681354701519012,1.0,0.5376999974250793
YGL116W,YAL016W,0,-5.220783,0.15678896009922028,1.0,0.5378000140190125
YPR008W,YOL129W,0,-5.220959,0.15676438808441162,1.0,0.5378999710083008
YBL033C,YPR173C,0,-5.2210946,0.15673981606960297,1.0,0.5379999876022339
YPR010C,YER123W,0,-5.2211876,0.1567152440547943,1.0,0.538100004196167
YGR129W,YOR075W,0,-5.2213717,0.15669068694114685,1.0,0.5382000207901001
YER019W,YDR443C,0,-5.2214537,0.15666614472866058,1.0,0.5382999777793884
YJL207C,YPL270W,0,-5.2217674,0.15664160251617432,1.0,0.5383999943733215
YIL034C,YAL017W,0,-5.221841,0.15661707520484924,1.0,0.5385000109672546
YIL160C,YDR243C,0,-5.2219067,0.15659254789352417,1.0,0.5386000275611877
YGR028W,YDL185W,0,-5.221929,0.1565680354833603,1.0,0.5386999845504761
YOR046C,YCL011C,0,-5.22198,0.1565435230731964,1.0,0.5388000011444092
YBR131W,YNL216W,0,-5.222002,0.15651901066303253,1.0,0.5389000177383423
YJL110C,YJR094C,0,-5.222032,0.15649452805519104,1.0,0.5389999747276306
YKL004W,YML109W,0,-5.222145,0.15647003054618835,1.0,0.5390999913215637
YPR119W,YDR470C,0,-5.2222295,0.15644556283950806,1.0,0.5392000079154968
YPL152W,YLR090W,0,-5.2223797,0.15642108023166656,1.0,0.5393000245094299
YMR092C,YKL108W,0,-5.222395,0.15639662742614746,1.0,0.5393999814987183
YHR005C,YML121W,0,-5.2225904,0.15637215971946716,1.0,0.5394999980926514
YKR025W,YLR467W,0,-5.2228518,0.15634772181510925,1.0,0.5396000146865845
YFR001W,YBR058C,0,-5.222933,0.15632328391075134,1.0,0.5396999716758728
YMR153W,YKR001C,0,-5.2230453,0.15629884600639343,1.0,0.5397999882698059
YER142C,YDR472W,0,-5.223208,0.15627442300319672,1.0,0.539900004863739
YPL021W,YMR224C,0,-5.223282,0.15625,1.0,0.5400000214576721
YEL061C,YGR118W,0,-5.2232957,0.15622559189796448,1.0,0.5400999784469604
YDR513W,YBR058C-A,0,-5.2233806,0.15620118379592896,1.0,0.5401999950408936
YKL208W,YDL154W,0,-5.2233853,0.15617679059505463,1.0,0.5403000116348267
YGR238C,YOR159C,0,-5.223547,0.1561523973941803,1.0,0.5404000282287598
YBR170C,YIL143C,0,-5.2236776,0.15612801909446716,1.0,0.5404999852180481
YBR142W,YGL257C,0,-5.2237415,0.15610365569591522,1.0,0.5406000018119812
YAL054C,YGL241W,0,-5.2238054,0.15607929229736328,1.0,0.5407000184059143
YMR285C,YDL225W,0,-5.223848,0.15605492889881134,1.0,0.5407999753952026
YEL053C,YDR501W,0,-5.2238827,0.1560305804014206,1.0,0.5408999919891357
YGL003C,YKR020W,0,-5.2242403,0.15600624680519104,1.0,0.5410000085830688
YNL279W,YOR159C,0,-5.224335,0.1559819132089615,1.0,0.541100025177002
YKR007W,YER123W,0,-5.224352,0.15595757961273193,1.0,0.5411999821662903
YGL045W,YGL162W,0,-5.224406,0.15593326091766357,1.0,0.5412999987602234
YKL022C,YDL130W,0,-5.2245164,0.15590894222259521,1.0,0.5414000153541565
YKL160W,YDL235C,0,-5.224554,0.15588463842868805,1.0,0.5414999723434448
YJL024C,YDL074C,0,-5.2246385,0.15586034953594208,1.0,0.5415999889373779
YJL014W,YDL217C,0,-5.2246847,0.1558360606431961,1.0,0.541700005531311
YGR007W,YBL057C,0,-5.224701,0.15581178665161133,1.0,0.5418000221252441
YMR128W,YJL061W,0,-5.2248306,0.15578751266002655,1.0,0.5418999791145325
YOR074C,YCL032W,0,-5.224936,0.15576323866844177,1.0,0.5419999957084656
YOR171C,YOR064C,0,-5.2251267,0.1557389795780182,1.0,0.5421000123023987
YNR032W,YMR060C,0,-5.225297,0.1557147353887558,1.0,0.5422000288963318
YJL133W,YGL129C,0,-5.2254095,0.1556904911994934,1.0,0.5422999858856201
YOR232W,YJL133W,0,-5.2255816,0.15566624701023102,1.0,0.5424000024795532
YNL298W,YBR237W,0,-5.225821,0.15564201772212982,1.0,0.5425000190734863
YHL020C,YPR186C,0,-5.2258854,0.15561780333518982,1.0,0.5425999760627747
YFR055W,YDR073W,0,-5.22606,0.15559358894824982,1.0,0.5426999926567078
YGR041W,YMR214W,0,-5.2260823,0.155569389462471,1.0,0.5428000092506409
YLR380W,YLL024C,0,-5.226165,0.1555451899766922,1.0,0.542900025844574
YHR061C,YML092C,0,-5.226196,0.1555209904909134,1.0,0.5429999828338623
YMR207C,YCR091W,0,-5.2262087,0.15549680590629578,1.0,0.5430999994277954
YOR112W,YJL011C,0,-5.2262526,0.15547263622283936,1.0,0.5432000160217285
YFL023W,YHL006C,0,-5.226282,0.15544846653938293,1.0,0.5432999730110168
YGL124C,YOR279C,0,-5.226324,0.1554243117570877,1.0,0.54339998960495
YJL013C,YKL140W,0,-5.2263546,0.15540015697479248,1.0,0.5435000061988831
YBR114W,YKL212W,0,-5.2264557,0.15537601709365845,1.0,0.5436000227928162
YOR265W,YHR048W,0,-5.22655,0.15535187721252441,1.0,0.5436999797821045
YGL151W,YMR314W,0,-5.2265987,0.15532773733139038,1.0,0.5437999963760376
YPL224C,YDR159W,0,-5.2267394,0.15530361235141754,1.0,0.5439000129699707
YKL101W,YGL158W,0,-5.2267785,0.1552795022726059,1.0,0.5440000295639038
YNL268W,YIL017C,0,-5.2268667,0.15525539219379425,1.0,0.5440999865531921
YER123W,YNL160W,0,-5.226904,0.1552312970161438,1.0,0.5442000031471252
YDL231C,YDL013W,0,-5.226926,0.15520720183849335,1.0,0.5443000197410583
YPR138C,YCR072C,0,-5.226942,0.1551831215620041,1.0,0.5443999767303467
YBR103W,YLR316C,0,-5.227218,0.15515904128551483,1.0,0.5444999933242798
YOR301W,YPL206C,0,-5.2274914,0.15513496100902557,1.0,0.5446000099182129
YGR088W,YPL212C,0,-5.227565,0.1551109105348587,1.0,0.544700026512146
YDR171W,YLR313C,0,-5.227568,0.15508684515953064,1.0,0.5447999835014343
YGL043W,YBL058W,0,-5.2276583,0.15506279468536377,1.0,0.5449000000953674
YMR012W,YER146W,0,-5.2278023,0.1550387591123581,1.0,0.5450000166893005
YOL076W,YDR160W,0,-5.227891,0.15501472353935242,1.0,0.5450999736785889
YLR423C,YNL166C,0,-5.2280602,0.15499070286750793,1.0,0.545199990272522
YML126C,YOR320C,0,-5.228172,0.15496668219566345,1.0,0.5453000068664551
YGL029W,YNL051W,0,-5.228259,0.15494267642498016,1.0,0.5454000234603882
YLR032W,YLR410W,0,-5.2283735,0.15491867065429688,1.0,0.5454999804496765
YFL023W,YDL092W,0,-5.228455,0.1548946648836136,1.0,0.5455999970436096
YCR088W,YNL065W,0,-5.228509,0.15487068891525269,1.0,0.5457000136375427
YPL194W,YLR447C,0,-5.228837,0.1548466980457306,1.0,0.545799970626831
YLR170C,YLR362W,0,-5.228897,0.1548227220773697,1.0,0.5458999872207642
YKL160W,YJR125C,0,-5.2289753,0.15479876101016998,1.0,0.5460000038146973
YOL095C,YHR194W,0,-5.229014,0.15477479994297028,1.0,0.5461000204086304
YPL233W,YIL042C,0,-5.2290564,0.15475085377693176,1.0,0.5461999773979187
YBR010W,YPL131W,0,-5.22908,0.15472690761089325,1.0,0.5462999939918518
YNL327W,YDR317W,0,-5.2292094,0.15470297634601593,1.0,0.5464000105857849
YIR023W,YOR172W,0,-5.2294703,0.1546790450811386,1.0,0.546500027179718
YGR167W,YJL214W,0,-5.229496,0.1546551138162613,1.0,0.5465999841690063
YJR158W,YGR004W,0,-5.2295113,0.15463119745254517,1.0,0.5467000007629395
YJR065C,YPL100W,0,-5.229534,0.15460729598999023,1.0,0.5468000173568726
YDR076W,YNR003C,0,-5.2296214,0.1545833945274353,1.0,0.5468999743461609
YNL259C,YOR130C,0,-5.2297125,0.15455950796604156,1.0,0.546999990940094
YLR399C,YKR007W,0,-5.2297163,0.15453562140464783,1.0,0.5471000075340271
YIL030C,YGR296W,0,-5.2297254,0.15451174974441528,1.0,0.5472000241279602
YKL055C,YGL153W,0,-5.229787,0.15448787808418274,1.0,0.5472999811172485
YOL060C,YPL130W,0,-5.2298555,0.1544640064239502,1.0,0.5473999977111816
YBL006C,YGR143W,0,-5.2299337,0.15444014966487885,1.0,0.5475000143051147
YNL015W,YGL225W,0,-5.2299604,0.1544163078069687,1.0,0.5475999712944031
YGR134W,YMR077C,0,-5.2300887,0.15439246594905853,1.0,0.5476999878883362
YML065W,YDR308C,0,-5.2301054,0.15436863899230957,1.0,0.5478000044822693
YLR347C,YOR298W,0,-5.2302513,0.1543448120355606,1.0,0.5479000210762024
YCR106W,YPR009W,0,-5.2305236,0.15432098507881165,1.0,0.5479999780654907
YBR286W,YJL204C,0,-5.2307067,0.15429717302322388,1.0,0.5480999946594238
YLR423C,YHR166C,0,-5.230777,0.1542733758687973,1.0,0.5482000112533569
YLR303W,YBR091C,0,-5.230956,0.15424957871437073,1.0,0.54830002784729
YNL286W,YGR268C,0,-5.230961,0.15422578155994415,1.0,0.5483999848365784
YPR049C,YMR012W,0,-5.231321,0.15420199930667877,1.0,0.5485000014305115
YFL008W,YNL131W,0,-5.2313566,0.15417823195457458,1.0,0.5486000180244446
YPR183W,YKL040C,0,-5.231399,0.1541544646024704,1.0,0.5486999750137329
YGL053W,YMR089C,0,-5.231519,0.1541306972503662,1.0,0.548799991607666
YGR268C,YDR490C,0,-5.231551,0.15410694479942322,1.0,0.5489000082015991
YJL041W,YPL002C,0,-5.2316422,0.15408320724964142,1.0,0.5490000247955322
YPR033C,YDR079C-A,0,-5.231646,0.15405946969985962,1.0,0.5490999817848206
YCR071C,YBR280C,0,-5.231823,0.15403573215007782,1.0,0.5491999983787537
YJL030W,YOR288C,0,-5.2318783,0.15401200950145721,1.0,0.5493000149726868
YCR047C,YDL080C,0,-5.2319317,0.1539883017539978,1.0,0.5493999719619751
YBR109C,YCL027W,0,-5.232047,0.1539645940065384,1.0,0.5494999885559082
YJL030W,YOL060C,0,-5.2322197,0.15394088625907898,1.0,0.5496000051498413
YJL106W,YER018C,0,-5.2323503,0.15391719341278076,1.0,0.5497000217437744
YGL045W,YGR211W,0,-5.2324486,0.15389350056648254,1.0,0.5497999787330627
YGL099W,YPL153C,0,-5.232562,0.15386982262134552,1.0,0.5498999953269958
YEL034W,YLR303W,0,-5.232588,0.1538461595773697,1.0,0.550000011920929
YLR314C,YBR091C,0,-5.232627,0.15382248163223267,1.0,0.5501000285148621
YPL149W,YDR256C,0,-5.232669,0.15379883348941803,1.0,0.5501999855041504
YKR061W,YGL232W,0,-5.232792,0.1537751853466034,1.0,0.5503000020980835
YDR077W,YIL144W,0,-5.232951,0.15375153720378876,1.0,0.5504000186920166
YDR331W,YNL032W,0,-5.232955,0.15372790396213531,1.0,0.5504999756813049
YKL049C,YGL087C,0,-5.23319,0.15370427072048187,1.0,0.550599992275238
YER017C,YDR072C,0,-5.2332582,0.15368065237998962,1.0,0.5507000088691711
YLR150W,YNL121C,0,-5.2332635,0.15365703403949738,1.0,0.5508000254631042
YPL093W,YLR039C,0,-5.2332706,0.15363343060016632,1.0,0.5508999824523926
YOR014W,YEL020W-A,0,-5.2333927,0.15360982716083527,1.0,0.5509999990463257
YGR256W,YKR087C,0,-5.2334747,0.1535862386226654,1.0,0.5511000156402588
YAL024C,YJR021C,0,-5.233551,0.15356265008449554,1.0,0.5511999726295471
YJR073C,YMR234W,0,-5.2338333,0.15353907644748688,1.0,0.5512999892234802
YGR121C,YNL053W,0,-5.2339764,0.1535155028104782,1.0,0.5514000058174133
YEL066W,YMR225C,0,-5.234297,0.15349194407463074,1.0,0.5515000224113464
YDR288W,YDL130W,0,-5.234357,0.15346838533878326,1.0,0.5515999794006348
YPR005C,YLR182W,0,-5.2343984,0.15344484150409698,1.0,0.5516999959945679
YGL213C,YOL034W,0,-5.234399,0.1534212976694107,1.0,0.551800012588501
YDR277C,YOR224C,0,-5.234457,0.15339775383472443,1.0,0.5519000291824341
YGR108W,YOR275C,0,-5.234481,0.15337423980236053,1.0,0.5519999861717224
YNL147W,YLR212C,0,-5.234537,0.15335071086883545,1.0,0.5521000027656555
YOR298W,YIL120W,0,-5.234857,0.15332719683647156,1.0,0.5522000193595886
YBR207W,YLR086W,0,-5.2349377,0.15330369770526886,1.0,0.552299976348877
YER028C,YBR280C,0,-5.235052,0.15328019857406616,1.0,0.5523999929428101
YNL220W,YBR201W,0,-5.235072,0.15325669944286346,1.0,0.5525000095367432
YMR128W,YDR484W,0,-5.235171,0.15323321521282196,1.0,0.5526000261306763
YLR330W,YNL130C,0,-5.2351747,0.15320974588394165,1.0,0.5526999831199646
YFR028C,YMR039C,0,-5.235198,0.15318627655506134,1.0,0.5527999997138977
YJR119C,YGR118W,0,-5.235223,0.15316280722618103,1.0,0.5529000163078308
YGL054C,YGL039W,0,-5.235338,0.15313935279846191,1.0,0.5529999732971191
YPR006C,YGL175C,0,-5.2354364,0.153115913271904,1.0,0.5530999898910522
YKL016C,YBR297W,0,-5.2356267,0.15309247374534607,1.0,0.5532000064849854
YPR057W,YLR166C,0,-5.2356877,0.15306903421878815,1.0,0.5533000230789185
YOL100W,YOR048C,0,-5.2358003,0.15304560959339142,1.0,0.5533999800682068
YDR284C,YPL163C,0,-5.235802,0.1530221849679947,1.0,0.5534999966621399
YDR192C,YGR209C,0,-5.2358475,0.15299877524375916,1.0,0.553600013256073
YKR099W,YJR086W,0,-5.236108,0.15297536551952362,1.0,0.5536999702453613
YML075C,YHR102W,0,-5.2361164,0.15295197069644928,1.0,0.5537999868392944
YDL160C,YJL208C,0,-5.23626,0.15292857587337494,1.0,0.5539000034332275
YNR030W,YFR021W,0,-5.236348,0.1529051959514618,1.0,0.5540000200271606
YCR020C-A,YML060W,0,-5.236537,0.15288181602954865,1.0,0.554099977016449
YHR171W,YBR114W,0,-5.2367334,0.1528584510087967,1.0,0.5541999936103821
YNL177C,YMR067C,0,-5.2369585,0.15283508598804474,1.0,0.5543000102043152
YCR035C,YMR095C,0,-5.2370596,0.15281173586845398,1.0,0.5544000267982483
YDL231C,YGL093W,0,-5.237537,0.15278838574886322,1.0,0.5544999837875366
YLR399C,YBR290W,0,-5.2375603,0.15276505053043365,1.0,0.5546000003814697
YMR280C,YJL204C,0,-5.2376556,0.1527417153120041,1.0,0.5547000169754028
YBL014C,YML041C,0,-5.237775,0.15271838009357452,1.0,0.5547999739646912
YOR123C,YJL112W,0,-5.237819,0.15269507467746735,1.0,0.5548999905586243
YBR278W,YKR019C,0,-5.238107,0.15267175436019897,1.0,0.5550000071525574
YDR446W,YBR048W,0,-5.2381616,0.1526484489440918,1.0,0.5551000237464905
YKL068W,YNL197C,0,-5.2382736,0.1526251584291458,1.0,0.5551999807357788
YPL055C,YHR004C,0,-5.2383347,0.15260186791419983,1.0,0.5552999973297119
YNL118C,YOR230W,0,-5.239024,0.15257857739925385,1.0,0.555400013923645
YGL012W,YOR224C,0,-5.2390614,0.15255530178546906,1.0,0.5554999709129333
YLR284C,YMR270C,0,-5.239225,0.15253202617168427,1.0,0.5555999875068665
YDL035C,YGR191W,0,-5.2392297,0.15250876545906067,1.0,0.5557000041007996
YLR208W,YDR363W-A,0,-5.239328,0.15248551964759827,1.0,0.5558000206947327
YMR038C,YLR274W,0,-5.2394075,0.15246225893497467,1.0,0.555899977684021
YCR063W,YDL155W,0,-5.239458,0.15243902802467346,1.0,0.5559999942779541
YNL102W,YBR254C,0,-5.2395587,0.15241579711437225,1.0,0.5561000108718872
YBR196C,YML005W,0,-5.2396116,0.15239256620407104,1.0,0.5562000274658203
YOR080W,YHR014W,0,-5.2396593,0.15236935019493103,1.0,0.5562999844551086
YOR130C,YIL068C,0,-5.240304,0.15234613418579102,1.0,0.5564000010490417
YNL147W,YMR243C,0,-5.2404366,0.152322918176651,1.0,0.5565000176429749
YMR129W,YGL207W,0,-5.240589,0.15229973196983337,1.0,0.5565999746322632
YER112W,YGL094C,0,-5.240656,0.15227653086185455,1.0,0.5566999912261963
YBR217W,YDL100C,0,-5.240769,0.15225334465503693,1.0,0.5568000078201294
YPL171C,YOR081C,0,-5.2408476,0.1522301733493805,1.0,0.5569000244140625
YOL108C,YMR270C,0,-5.240941,0.15220700204372406,1.0,0.5569999814033508
YOR113W,YNL186W,0,-5.24109,0.15218383073806763,1.0,0.5570999979972839
YOR073W,YPL138C,0,-5.2411075,0.1521606743335724,1.0,0.557200014591217
YAL009W,YKL126W,0,-5.2414865,0.15213753283023834,1.0,0.5572999715805054
YBR107C,YPL159C,0,-5.2417126,0.1521143913269043,1.0,0.5573999881744385
YMR023C,YPL083C,0,-5.2417216,0.15209124982357025,1.0,0.5575000047683716
YOL028C,YER005W,0,-5.2417665,0.1520681232213974,1.0,0.5576000213623047
YOR103C,YMR270C,0,-5.241868,0.15204501152038574,1.0,0.557699978351593
YGL003C,YMR302C,0,-5.2423162,0.1520218849182129,1.0,0.5577999949455261
YER083C,YHR050W,0,-5.242441,0.15199878811836243,1.0,0.5579000115394592
YEL003W,YHR024C,0,-5.2424736,0.15197569131851196,1.0,0.5580000281333923
YAL055W,YOR140W,0,-5.2429876,0.1519525945186615,1.0,0.5580999851226807
YOR320C,YHR090C,0,-5.242996,0.15192949771881104,1.0,0.5582000017166138
YDL040C,YPR198W,0,-5.243044,0.15190643072128296,1.0,0.5583000183105469
YDR130C,YIL072W,0,-5.2431097,0.1518833488225937,1.0,0.5583999752998352
YNL041C,YPL095C,0,-5.2431173,0.1518602818250656,1.0,0.5584999918937683
YBR029C,YML105C,0,-5.243186,0.15183722972869873,1.0,0.5586000084877014
YKL049C,YNR006W,0,-5.243215,0.15181417763233185,1.0,0.5587000250816345
YDR108W,YPL253C,0,-5.24333,0.15179114043712616,1.0,0.5587999820709229
YLR166C,YBR293W,0,-5.243354,0.15176810324192047,1.0,0.558899998664856
YDR255C,YPL026C,0,-5.2433825,0.15174506604671478,1.0,0.5590000152587891
YOR210W,YDR451C,0,-5.243433,0.1517220437526703,1.0,0.5590999722480774
YKL139W,YGR256W,0,-5.243574,0.151699036359787,1.0,0.5591999888420105
YMR204C,YDR189W,0,-5.2437067,0.1516760140657425,1.0,0.5593000054359436
YDR060W,YJL176C,0,-5.243806,0.15165302157402039,1.0,0.5594000220298767
YDL143W,YJR137C,0,-5.24391,0.15163002908229828,1.0,0.559499979019165
YJL076W,YDR356W,0,-5.24444,0.15160703659057617,1.0,0.5595999956130981
YER038C,YDR404C,0,-5.244473,0.15158405900001526,1.0,0.5597000122070312
YJR063W,YML091C,0,-5.244725,0.15156108140945435,1.0,0.5598000288009644
YOL045W,YML010W,0,-5.2447605,0.15153811872005463,1.0,0.5598999857902527
YAL011W,YDL185W,0,-5.2448473,0.1515151560306549,1.0,0.5600000023841858
YMR232W,YNL154C,0,-5.2451262,0.1514921933412552,1.0,0.5601000189781189
YLR222C,YLR298C,0,-5.245386,0.15146924555301666,1.0,0.5601999759674072
YNL253W,YIL135C,0,-5.2454576,0.15144631266593933,1.0,0.5602999925613403
YLR170C,YMR067C,0,-5.2455597,0.151423379778862,1.0,0.5604000091552734
YMR052W,YLR196W,0,-5.245674,0.15140044689178467,1.0,0.5605000257492065
YPR073C,YHR056C,0,-5.2458935,0.15137752890586853,1.0,0.5605999827384949
YMR290C,YPR121W,0,-5.245981,0.1513546258211136,1.0,0.560699999332428
YER007W,YFR033C,0,-5.2459993,0.15133172273635864,1.0,0.5608000159263611
YJL004C,YDR200C,0,-5.246071,0.1513088196516037,1.0,0.5608999729156494
YNL036W,YDR484W,0,-5.2460957,0.15128593146800995,1.0,0.5609999895095825
YML055W,YJR066W,0,-5.2461476,0.1512630432844162,1.0,0.5611000061035156
YNL210W,YGL143C,0,-5.246339,0.15124017000198364,1.0,0.5612000226974487
YER075C,YNL088W,0,-5.2463655,0.1512172967195511,1.0,0.5612999796867371
YPL270W,YPL096W,0,-5.246393,0.15119443833827972,1.0,0.5613999962806702
YNL062C,YOL059W,0,-5.246399,0.15117157995700836,1.0,0.5615000128746033
YDL042C,YIR011C,0,-5.2465134,0.1511487364768982,1.0,0.5616000294685364
YDR011W,YMR089C,0,-5.246626,0.15112589299678802,1.0,0.5616999864578247
YJL033W,YPL253C,0,-5.2468624,0.15110304951667786,1.0,0.5618000030517578
YOL101C,YDL098C,0,-5.2469225,0.15108022093772888,1.0,0.5619000196456909
YMR128W,YJL141C,0,-5.2471323,0.1510574072599411,1.0,0.5619999766349792
YDL198C,YLR403W,0,-5.247197,0.15103459358215332,1.0,0.5620999932289124
YOR298C-A,YGR152C,0,-5.247239,0.15101177990436554,1.0,0.5622000098228455
YGR268C,YGR180C,0,-5.2472944,0.15098898112773895,1.0,0.5623000264167786
YML128C,YBR253W,0,-5.247403,0.15096618235111237,1.0,0.5623999834060669
YGR132C,YIL076W,0,-5.247406,0.15094339847564697,1.0,0.5625
YNL251C,YHR069C,0,-5.247412,0.15092061460018158,1.0,0.5626000165939331
YGR075C,YOR115C,0,-5.2474966,0.15089784562587738,1.0,0.5626999735832214
YJL073W,YPL033C,0,-5.247537,0.15087507665157318,1.0,0.5627999901771545
YDR163W,YER122C,0,-5.247593,0.15085232257843018,1.0,0.5629000067710876
YDL080C,YBR162C,0,-5.2476416,0.15082956850528717,1.0,0.5630000233650208
YNL004W,YGL014W,0,-5.2476673,0.15080681443214417,1.0,0.5630999803543091
YDL019C,YAR042W,0,-5.2476735,0.15078407526016235,1.0,0.5631999969482422
YLR347C,YLR321C,0,-5.2477007,0.15076135098934174,1.0,0.5633000135421753
YOL051W,YPL092W,0,-5.2477107,0.15073861181735992,1.0,0.5633999705314636
YAR002C-A,YPL244C,0,-5.247795,0.1507159024477005,1.0,0.5634999871253967
YDR184C,YJL134W,0,-5.247809,0.15069319307804108,1.0,0.5636000037193298
YMR004W,YDR447C,0,-5.2481,0.15067048370838165,1.0,0.5637000203132629
YDL036C,YBR083W,0,-5.248232,0.15064778923988342,1.0,0.5637999773025513
YAL011W,YJL222W,0,-5.2483664,0.1506250947713852,1.0,0.5638999938964844
YLR328W,YER041W,0,-5.2484083,0.15060241520404816,1.0,0.5640000104904175
YOR244W,YML092C,0,-5.2484097,0.15057973563671112,1.0,0.5641000270843506
YLR207W,YKR003W,0,-5.2484426,0.15055705606937408,1.0,0.5641999840736389
YDR039C,YGL111W,0,-5.2486067,0.15053439140319824,1.0,0.564300000667572
YBR272C,YGL112C,0,-5.2486286,0.1505117416381836,1.0,0.5644000172615051
YLR190W,YEL031W,0,-5.2486525,0.15048909187316895,1.0,0.5644999742507935
YJR118C,YPR163C,0,-5.2488155,0.1504664421081543,1.0,0.5645999908447266
YNL078W,YOL028C,0,-5.248955,0.15044380724430084,1.0,0.5647000074386597
YDR072C,YDR259C,0,-5.2489705,0.1504211723804474,1.0,0.5648000240325928
YPR020W,YOR232W,0,-5.2490044,0.15039855241775513,1.0,0.5648999810218811
YDR137W,YOR087W,0,-5.2490845,0.15037593245506287,1.0,0.5649999976158142
YKR087C,YGL153W,0,-5.2492576,0.1503533273935318,1.0,0.5651000142097473
YOR233W,YLR130C,0,-5.2495375,0.15033072233200073,1.0,0.5651999711990356
YMR201C,YMR156C,0,-5.2495747,0.15030813217163086,1.0,0.5652999877929688
YMR128W,YKL084W,0,-5.249654,0.150285542011261,1.0,0.5654000043869019
YIL076W,YLR119W,0,-5.2496624,0.1502629667520523,1.0,0.565500020980835
YLR195C,YHR098C,0,-5.24976,0.15024039149284363,1.0,0.5655999779701233
YLR427W,YGL209W,0,-5.249775,0.15021781623363495,1.0,0.5656999945640564
YNL038W,YBL063W,0,-5.249818,0.15019525587558746,1.0,0.5658000111579895
YDR254W,YBR127C,0,-5.2500086,0.15017269551753998,1.0,0.5659000277519226
YGR133W,YNL079C,0,-5.2500534,0.1501501500606537,1.0,0.5659999847412109
YLR106C,YMR179W,0,-5.250191,0.1501276046037674,1.0,0.566100001335144
YGL071W,YDR492W,0,-5.250201,0.1501050740480423,1.0,0.5662000179290771
YJR077C,YHR075C,0,-5.250203,0.1500825434923172,1.0,0.5662999749183655
YIL010W,YGR275W,0,-5.250226,0.1500600278377533,1.0,0.5663999915122986
YPL059W,YHR056C,0,-5.2503176,0.1500375121831894,1.0,0.5665000081062317
YDL031W,YLR026C,0,-5.250532,0.1500149965286255,1.0,0.5666000247001648
YNL275W,YGL245W,0,-5.2506366,0.14999249577522278,1.0,0.5666999816894531
YDR513W,YOL028C,0,-5.2508364,0.14997000992298126,1.0,0.5667999982833862
YKL179C,YCL051W,0,-5.251154,0.14994752407073975,1.0,0.5669000148773193
YLR370C,YER027C,0,-5.2515426,0.14992503821849823,1.0,0.5669999718666077
YGR142W,YLR313C,0,-5.251646,0.1499025672674179,1.0,0.5670999884605408
YBR068C,YGR048W,0,-5.2516785,0.14988009631633759,1.0,0.5672000050544739
YCR039C,YNR046W,0,-5.252186,0.14985764026641846,1.0,0.567300021648407
YLR242C,YDR285W,0,-5.2521915,0.14983518421649933,1.0,0.5673999786376953
YNL202W,YBR081C,0,-5.2522345,0.1498127281665802,1.0,0.5674999952316284
YGR286C,YCR026C,0,-5.2525787,0.14979028701782227,1.0,0.5676000118255615
YOR153W,YBL007C,0,-5.2526393,0.14976786077022552,1.0,0.5677000284194946
YLR085C,YGR262C,0,-5.252696,0.14974543452262878,1.0,0.567799985408783
YEL016C,YKR022C,0,-5.25288,0.14972300827503204,1.0,0.5679000020027161
YBL017C,YGR169C,0,-5.2529287,0.1497005969285965,1.0,0.5680000185966492
YPL100W,YJL210W,0,-5.25298,0.14967818558216095,1.0,0.5680999755859375
YIL112W,YHR092C,0,-5.2531023,0.1496557891368866,1.0,0.5681999921798706
YIL010W,YHL002W,0,-5.253105,0.14963339269161224,1.0,0.5683000087738037
YBR034C,YGR144W,0,-5.2531114,0.14961101114749908,1.0,0.5684000253677368
YOL164W,YDR146C,0,-5.253189,0.14958862960338593,1.0,0.5684999823570251
YGR257C,YCL043C,0,-5.2533007,0.14956626296043396,1.0,0.5685999989509583
YGL027C,YNL061W,0,-5.253432,0.149543896317482,1.0,0.5687000155448914
YMR014W,YGR216C,0,-5.2536607,0.14952152967453003,1.0,0.5687999725341797
YJR055W,YHR091C,0,-5.2537456,0.14949917793273926,1.0,0.5688999891281128
YPR138C,YPL258C,0,-5.2540493,0.1494768261909485,1.0,0.5690000057220459
YDR163W,YOR035C,0,-5.2542114,0.1494544893503189,1.0,0.569100022315979
YGL071W,YLR078C,0,-5.2542677,0.14943215250968933,1.0,0.5691999793052673
YML067C,YPL091W,0,-5.254376,0.14940983057022095,1.0,0.5692999958992004
YNL282W,YPL156C,0,-5.2543764,0.14938750863075256,1.0,0.5694000124931335
YNR002C,YKL092C,0,-5.254406,0.14936520159244537,1.0,0.5695000290870667
YPL265W,YDL130W,0,-5.255152,0.14934289455413818,1.0,0.569599986076355
YNL258C,YDR429C,0,-5.2552447,0.149320587515831,1.0,0.5697000026702881
YLR210W,YJL128C,0,-5.2553477,0.149298295378685,1.0,0.5698000192642212
YMR239C,YOR057W,0,-5.255392,0.1492760181427002,1.0,0.5698999762535095
YPL204W,YHR001W,0,-5.2554092,0.1492537260055542,1.0,0.5699999928474426
YML042W,YPL179W,0,-5.255457,0.1492314636707306,1.0,0.5701000094413757
YER112W,YDL154W,0,-5.255689,0.1492091864347458,1.0,0.5702000260353088
YOR074C,YIL125W,0,-5.2557917,0.14918692409992218,1.0,0.5702999830245972
YKL074C,YDR308C,0,-5.2558184,0.14916467666625977,1.0,0.5703999996185303
YLL022C,YDR422C,0,-5.255936,0.14914242923259735,1.0,0.5705000162124634
YOR037W,YML113W,0,-5.255951,0.14912019670009613,1.0,0.5705999732017517
YNL331C,YML010W,0,-5.2561593,0.1490979641675949,1.0,0.5706999897956848
YDR099W,YDL164C,0,-5.2561836,0.1490757316350937,1.0,0.5708000063896179
YDR412W,YDR369C,0,-5.256278,0.14905351400375366,1.0,0.570900022983551
YFL010W-A,YBR087W,0,-5.2563314,0.14903129637241364,1.0,0.5709999799728394
YKL182W,YBL051C,0,-5.2563686,0.1490090936422348,1.0,0.5710999965667725
YBR195C,YBL058W,0,-5.2564974,0.14898689091205597,1.0,0.5712000131607056
YBR112C,YGR200C,0,-5.2565737,0.14896468818187714,1.0,0.5713000297546387
YOL143C,YDR025W,0,-5.2565765,0.1489425152540207,1.0,0.571399986743927
YNL286W,YGR199W,0,-5.256639,0.14892032742500305,1.0,0.5715000033378601
YBL018C,YPL123C,0,-5.2568917,0.1488981544971466,1.0,0.5716000199317932
YDR254W,YPL144W,0,-5.25696,0.14887598156929016,1.0,0.5716999769210815
YLR085C,YCR034W,0,-5.257046,0.1488538235425949,1.0,0.5717999935150146
YMR011W,YIL018W,0,-5.257086,0.14883166551589966,1.0,0.5719000101089478
YIL065C,YGL243W,0,-5.2570868,0.1488095223903656,1.0,0.5720000267028809
YPL149W,YGR165W,0,-5.2571383,0.14878737926483154,1.0,0.5720999836921692
YNL239W,YHL034C,0,-5.2571955,0.14876525104045868,1.0,0.5722000002861023
YBR068C,YLR310C,0,-5.2572937,0.14874312281608582,1.0,0.5723000168800354
YNR060W,YBR170C,0,-5.257347,0.14872099459171295,1.0,0.5723999738693237
YGR199W,YJL187C,0,-5.2576294,0.14869888126850128,1.0,0.5724999904632568
YGR036C,YDR045C,0,-5.2577586,0.1486767828464508,1.0,0.5726000070571899
YGR070W,YHR041C,0,-5.258003,0.14865466952323914,1.0,0.572700023651123
YBR196C,YGL104C,0,-5.25803,0.14863258600234985,1.0,0.5727999806404114
YKL201C,YBR253W,0,-5.2581034,0.14861048758029938,1.0,0.5728999972343445
YMR076C,YER148W,0,-5.258113,0.1485884040594101,1.0,0.5730000138282776
YER017C,YNL246W,0,-5.258218,0.148566335439682,1.0,0.5730999708175659
YMR184W,YDR375C,0,-5.258499,0.14854426681995392,1.0,0.573199987411499
YJL071W,YIR018W,0,-5.258547,0.14852219820022583,1.0,0.5733000040054321
YOR304W,YDR243C,0,-5.2586646,0.14850014448165894,1.0,0.5734000205993652
YDR147W,YDR470C,0,-5.2588177,0.14847810566425323,1.0,0.5734999775886536
YMR075W,YDR238C,0,-5.258852,0.14845605194568634,1.0,0.5735999941825867
YMR207C,YOL006C,0,-5.2589455,0.14843402802944183,1.0,0.5737000107765198
YKL190W,YPL006W,0,-5.258976,0.14841198921203613,1.0,0.5738000273704529
YDR141C,YOL127W,0,-5.2591085,0.14838996529579163,1.0,0.5738999843597412
YNL192W,YHR200W,0,-5.2591577,0.1483679562807083,1.0,0.5740000009536743
YDL232W,YKL108W,0,-5.2592616,0.148345947265625,1.0,0.5741000175476074
YBL005W,YJL117W,0,-5.259301,0.1483239382505417,1.0,0.5741999745368958
YDR523C,YKL056C,0,-5.2593145,0.14830194413661957,1.0,0.5742999911308289
YCL043C,YPL208W,0,-5.2593994,0.14827995002269745,1.0,0.574400007724762
YJR127C,YMR016C,0,-5.259451,0.14825797080993652,1.0,0.5745000243186951
YMR312W,YGL049C,0,-5.2594595,0.1482359915971756,1.0,0.5745999813079834
YBR254C,YKR079C,0,-5.259504,0.14821402728557587,1.0,0.5746999979019165
YLR360W,YGL249W,0,-5.2596607,0.14819206297397614,1.0,0.5748000144958496
YGR009C,YJL154C,0,-5.259829,0.1481700986623764,1.0,0.5748999714851379
YMR283C,YBR265W,0,-5.25988,0.14814814925193787,1.0,0.574999988079071
YBR109C,YLR106C,0,-5.2599,0.14812619984149933,1.0,0.5751000046730042
YDR148C,YLR360W,0,-5.259901,0.14810426533222198,1.0,0.5752000212669373
YGL033W,YFL013C,0,-5.259934,0.14808233082294464,1.0,0.5752999782562256
YCR106W,YNL047C,0,-5.2604103,0.1480604112148285,1.0,0.5753999948501587
YGL181W,YKR014C,0,-5.2604427,0.14803849160671234,1.0,0.5755000114440918
YLR119W,YOR172W,0,-5.2604465,0.1480165719985962,1.0,0.5756000280380249
YMR129W,YML005W,0,-5.2604475,0.14799466729164124,1.0,0.5756999850273132
YNL271C,YJL116C,0,-5.260813,0.14797277748584747,1.0,0.5758000016212463
YFL024C,YDR238C,0,-5.260847,0.1479508876800537,1.0,0.5759000182151794
YPR201W,YJR055W,0,-5.2610826,0.14792899787425995,1.0,0.5759999752044678
YBR004C,YNL197C,0,-5.261158,0.1479071080684662,1.0,0.5760999917984009
YGR286C,YOR201C,0,-5.261205,0.1478852480649948,1.0,0.576200008392334
YOR310C,YDL224C,0,-5.2612762,0.14786337316036224,1.0,0.5763000249862671
YPL061W,YGR098C,0,-5.261655,0.14784151315689087,1.0,0.5763999819755554
YNL164C,YPL120W,0,-5.2617064,0.1478196531534195,1.0,0.5764999985694885
YOL123W,YML005W,0,-5.2617993,0.14779780805110931,1.0,0.5766000151634216
YPL147W,YPL083C,0,-5.2618074,0.14777597784996033,1.0,0.57669997215271
YJR137C,YOL049W,0,-5.26215,0.14775413274765015,1.0,0.5767999887466431
YKR007W,YMR203W,0,-5.2622952,0.14773230254650116,1.0,0.5769000053405762
YJL194W,YGL022W,0,-5.262414,0.14771048724651337,1.0,0.5770000219345093
YDL088C,YPR120C,0,-5.262452,0.14768867194652557,1.0,0.5770999789237976
YNL118C,YNR034W,0,-5.262483,0.14766685664653778,1.0,0.5771999955177307
YDR097C,YBL064C,0,-5.2624836,0.14764505624771118,1.0,0.5773000121116638
YGL219C,YGL100W,0,-5.2625966,0.14762327075004578,1.0,0.5774000287055969
YLR238W,YLR020C,0,-5.2627296,0.14760147035121918,1.0,0.5774999856948853
YNL030W,YER019C-A,0,-5.262888,0.14757969975471497,1.0,0.5776000022888184
YGR278W,YNL030W,0,-5.2629223,0.14755791425704956,1.0,0.5777000188827515
YGL244W,YNL339C,0,-5.2631116,0.14753614366054535,1.0,0.5777999758720398
YML129C,YEL041W,0,-5.2631454,0.14751438796520233,1.0,0.5778999924659729
YNL192W,YOR089C,0,-5.2634697,0.14749263226985931,1.0,0.578000009059906
YCL051W,YNL054W,0,-5.263511,0.1474708765745163,1.0,0.5781000256538391
YGL090W,YPR108W,0,-5.26355,0.14744913578033447,1.0,0.5781999826431274
YJL112W,YNL299W,0,-5.2640047,0.14742739498615265,1.0,0.5782999992370605
YHL019C,YLR195C,0,-5.2640176,0.14740565419197083,1.0,0.5784000158309937
YER017C,YPL177C,0,-5.2643623,0.1473839282989502,1.0,0.578499972820282
YFR001W,YCR026C,0,-5.264551,0.14736221730709076,1.0,0.5785999894142151
YJR135C,YDR488C,0,-5.2647953,0.14734050631523132,1.0,0.5787000060081482
YKR019C,YOR332W,0,-5.264987,0.1473187953233719,1.0,0.5788000226020813
YIL046W,YDR292C,0,-5.2650614,0.14729709923267365,1.0,0.5788999795913696
YNL227C,YOR290C,0,-5.2651243,0.1472754031419754,1.0,0.5789999961853027
YOR348C,YPL129W,0,-5.2651997,0.14725372195243835,1.0,0.5791000127792358
YER119C,YDR146C,0,-5.265206,0.1472320407629013,1.0,0.579200029373169
YBL103C,YGR112W,0,-5.265239,0.14721035957336426,1.0,0.5792999863624573
YOL021C,YER125W,0,-5.265281,0.1471886932849884,1.0,0.5794000029563904
YPR067W,YAR007C,0,-5.2653866,0.14716704189777374,1.0,0.5795000195503235
YMR270C,YBR082C,0,-5.265519,0.1471453756093979,1.0,0.5795999765396118
YER019C-A,YDL195W,0,-5.265531,0.14712372422218323,1.0,0.5796999931335449
YGL019W,YFR004W,0,-5.265644,0.14710208773612976,1.0,0.579800009727478
YPL177C,YML032C,0,-5.265856,0.1470804512500763,1.0,0.5799000263214111
YMR238W,YPR036W,0,-5.2661767,0.14705882966518402,1.0,0.5799999833106995
YNL192W,YJL002C,0,-5.266177,0.14703719317913055,1.0,0.5800999999046326
YOR116C,YBR253W,0,-5.266268,0.14701558649539948,1.0,0.5802000164985657
YNR027W,YKL179C,0,-5.266269,0.1469939798116684,1.0,0.580299973487854
YGR222W,YPR056W,0,-5.266329,0.14697237312793732,1.0,0.5803999900817871
YBR060C,YIR011C,0,-5.266385,0.14695076644420624,1.0,0.5805000066757202
YPL117C,YPR108W,0,-5.266396,0.14692917466163635,1.0,0.5806000232696533
YLR423C,YDR164C,0,-5.2664714,0.14690759778022766,1.0,0.5806999802589417
YFL009W,YEL026W,0,-5.2665386,0.14688602089881897,1.0,0.5807999968528748
YIL004C,YDR362C,0,-5.266596,0.14686444401741028,1.0,0.5809000134468079
YLR088W,YCR020W-B,0,-5.2668943,0.14684288203716278,1.0,0.5809999704360962
YNR060W,YPR031W,0,-5.266994,0.14682132005691528,1.0,0.5810999870300293
YKL073W,YLR376C,0,-5.267377,0.14679975807666779,1.0,0.5812000036239624
YJR040W,YNR047W,0,-5.267404,0.14677821099758148,1.0,0.5813000202178955
YGR036C,YFR030W,0,-5.2674737,0.14675667881965637,1.0,0.5813999772071838
YCR077C,YGL233W,0,-5.2675104,0.14673514664173126,1.0,0.5814999938011169
YNR030W,YER145C,0,-5.26768,0.14671361446380615,1.0,0.58160001039505
YER173W,YJL012C,0,-5.2677193,0.14669209718704224,1.0,0.5817000269889832
YBR267W,YFL049W,0,-5.2680655,0.14667057991027832,1.0,0.5817999839782715
YIL046W,YKR003W,0,-5.2681303,0.1466490626335144,1.0,0.5819000005722046
YJR001W,YOL100W,0,-5.268238,0.14662756025791168,1.0,0.5820000171661377
YBR175W,YDR362C,0,-5.268258,0.14660607278347015,1.0,0.582099974155426
YCL055W,YPL016W,0,-5.268317,0.14658458530902863,1.0,0.5821999907493591
YDR093W,YML032C,0,-5.268363,0.1465630978345871,1.0,0.5823000073432922
YLR376C,YHR084W,0,-5.2684946,0.14654162526130676,1.0,0.5824000239372253
YDR254W,YHR108W,0,-5.2685013,0.14652015268802643,1.0,0.5824999809265137
YHR170W,YEL004W,0,-5.2685785,0.1464986801147461,1.0,0.5825999975204468
YKL048C,YCL055W,0,-5.26859,0.14647722244262695,1.0,0.5827000141143799
YDR236C,YOL072W,0,-5.26861,0.1464557647705078,1.0,0.5827999711036682
YER029C,YLR425W,0,-5.2687035,0.14643432199954987,1.0,0.5828999876976013
YPR057W,YNL038W,0,-5.2687073,0.14641287922859192,1.0,0.5830000042915344
YLR016C,YLR026C,0,-5.2689676,0.14639145135879517,1.0,0.5831000208854675
YDL083C,YBR058C,0,-5.2690144,0.1463700234889984,1.0,0.5831999778747559
YJR082C,YNL135C,0,-5.2690315,0.14634859561920166,1.0,0.583299994468689
YJL194W,YIR012W,0,-5.2690496,0.1463271826505661,1.0,0.5834000110626221
YOL123W,YPL118W,0,-5.269148,0.14630578458309174,1.0,0.5835000276565552
YMR041C,YCL017C,0,-5.269315,0.14628437161445618,1.0,0.5835999846458435
YDL230W,YCR008W,0,-5.2695303,0.1462629735469818,1.0,0.5837000012397766
YLR332W,YDR324C,0,-5.2695436,0.14624159038066864,1.0,0.5838000178337097
YPR030W,YLR182W,0,-5.269759,0.14622020721435547,1.0,0.583899974822998
YHR102W,YLL061W,0,-5.269765,0.1461988240480423,1.0,0.5839999914169312
YOL093W,YLR298C,0,-5.269795,0.14617745578289032,1.0,0.5841000080108643
YMR138W,YMR264W,0,-5.2698774,0.14615608751773834,1.0,0.5842000246047974
YGL251C,YGR211W,0,-5.2700105,0.14613473415374756,1.0,0.5842999815940857
YPR191W,YGR172C,0,-5.2700205,0.14611338078975677,1.0,0.5843999981880188
YLR207W,YOR307C,0,-5.270049,0.14609204232692719,1.0,0.5845000147819519
YKL004W,YFR013W,0,-5.2701154,0.1460707038640976,1.0,0.5845999717712402
YNR072W,YIL109C,0,-5.270157,0.146049365401268,1.0,0.5846999883651733
YIR011C,YBR083W,0,-5.2702065,0.1460280418395996,1.0,0.5848000049591064
YBR201W,YPR165W,0,-5.270226,0.1460067182779312,1.0,0.5849000215530396
YER171W,YDR246W,0,-5.2704363,0.14598539471626282,1.0,0.5849999785423279
YJL002C,YGL145W,0,-5.270509,0.14596408605575562,1.0,0.585099995136261
YDR446W,YGR101W,0,-5.270721,0.1459427922964096,1.0,0.5852000117301941
YOL164W,YCL035C,0,-5.270853,0.1459214985370636,1.0,0.5853000283241272
YIL079C,YNR059W,0,-5.2709846,0.1459002047777176,1.0,0.5853999853134155
YMR164C,YGR112W,0,-5.2709947,0.14587892591953278,1.0,0.5855000019073486
YDL029W,YER173W,0,-5.271262,0.14585764706134796,1.0,0.5856000185012817
YER051W,YGR212W,0,-5.271653,0.14583636820316315,1.0,0.5856999754905701
YNR035C,YFR002W,0,-5.271655,0.14581510424613953,1.0,0.5857999920845032
YHR072W,YDR075W,0,-5.271735,0.1457938402891159,1.0,0.5859000086784363
YIL095W,YOR210W,0,-5.271806,0.14577259123325348,1.0,0.5860000252723694
YHR165C,YKL019W,0,-5.2720823,0.14575134217739105,1.0,0.5860999822616577
YLL061W,YOL143C,0,-5.2722607,0.14573010802268982,1.0,0.5861999988555908
YDR284C,YGL039W,0,-5.272352,0.1457088738679886,1.0,0.5863000154495239
YMR238W,YBR017C,0,-5.2726707,0.14568763971328735,1.0,0.5863999724388123
YIL034C,YBR293W,0,-5.2727556,0.14566642045974731,1.0,0.5864999890327454
YPL259C,YNR054C,0,-5.272789,0.14564520120620728,1.0,0.5866000056266785
YNL062C,YCR073C,0,-5.272827,0.14562399685382843,1.0,0.5867000222206116
YOR354C,YHR083W,0,-5.272828,0.14560279250144958,1.0,0.5867999792098999
YOL027C,YIL115C,0,-5.2729836,0.14558160305023193,1.0,0.586899995803833
YDR255C,YFL038C,0,-5.2730107,0.14556041359901428,1.0,0.5870000123977661
YLR377C,YIL016W,0,-5.273014,0.14553922414779663,1.0,0.5871000289916992
YCR024C-A,YPL096W,0,-5.273226,0.14551804959774017,1.0,0.5871999859809875
YJR040W,YER103W,0,-5.273264,0.14549687504768372,1.0,0.5873000025749207
YDR148C,YDL216C,0,-5.2733874,0.14547570049762726,1.0,0.5874000191688538
YBL006C,YGR086C,0,-5.2734566,0.145454540848732,1.0,0.5874999761581421
YML099C,YNL230C,0,-5.2737207,0.14543339610099792,1.0,0.5875999927520752
YML126C,YML038C,0,-5.2737207,0.14541223645210266,1.0,0.5877000093460083
YOR310C,YGL066W,0,-5.273885,0.14539110660552979,1.0,0.5878000259399414
YER120W,YGL022W,0,-5.2739797,0.14536996185779572,1.0,0.5878999829292297
YDR503C,YCR037C,0,-5.274037,0.14534883201122284,1.0,0.5879999995231628
YBR158W,YDR285W,0,-5.274068,0.14532771706581116,1.0,0.588100016117096
YMR240C,YDR363W-A,0,-5.2741666,0.14530660212039948,1.0,0.5881999731063843
YCL051W,YER147C,0,-5.2742305,0.1452854871749878,1.0,0.5882999897003174
YLR449W,YBL017C,0,-5.2742853,0.1452643871307373,1.0,0.5884000062942505
YNL061W,YDR477W,0,-5.2743206,0.14524328708648682,1.0,0.5885000228881836
YKL190W,YNL272C,0,-5.2745323,0.14522218704223633,1.0,0.5885999798774719
YLR114C,YHR082C,0,-5.2747445,0.14520110189914703,1.0,0.588699996471405
YKR024C,YDR039C,0,-5.27477,0.14518001675605774,1.0,0.5888000130653381
YKL191W,YGR212W,0,-5.27481,0.14515894651412964,1.0,0.5889000296592712
YGL020C,YGL245W,0,-5.2749176,0.14513787627220154,1.0,0.5889999866485596
YLR116W,YJR004C,0,-5.2750072,0.14511682093143463,1.0,0.5891000032424927
YOR058C,YML010W,0,-5.2750745,0.14509576559066772,1.0,0.5892000198364258
YIL155C,YER149C,0,-5.2751503,0.14507471024990082,1.0,0.5892999768257141
YOL004W,YPR016C,0,-5.275378,0.1450536698102951,1.0,0.5893999934196472
YJL194W,YNR034W,0,-5.2754006,0.1450326293706894,1.0,0.5895000100135803
YBR081C,YNR046W,0,-5.27545,0.14501160383224487,1.0,0.5896000266075134
YER164W,YMR077C,0,-5.2755213,0.14499057829380035,1.0,0.5896999835968018
YIL004C,YBR275C,0,-5.275533,0.14496955275535583,1.0,0.5898000001907349
YLR332W,YIR006C,0,-5.275553,0.1449485421180725,1.0,0.589900016784668
YMR143W,YBL103C,0,-5.2756424,0.14492753148078918,1.0,0.5899999737739563
YLR090W,YOR064C,0,-5.2758546,0.14490653574466705,1.0,0.5900999903678894
YER173W,YFL037W,0,-5.2758675,0.14488554000854492,1.0,0.5902000069618225
YLR429W,YAL029C,0,-5.2759256,0.1448645442724228,1.0,0.5903000235557556
YLR384C,YIL120W,0,-5.2759695,0.14484356343746185,1.0,0.590399980545044
YNL145W,YEL050C,0,-5.2761393,0.1448225975036621,1.0,0.590499997138977
YBR212W,YIL056W,0,-5.276231,0.14480161666870117,1.0,0.5906000137329102
YJL065C,YFR019W,0,-5.276255,0.14478065073490143,1.0,0.5906999707221985
YHL036W,YKR090W,0,-5.276258,0.14475969970226288,1.0,0.5907999873161316
YJR135C,YDR027C,0,-5.276346,0.14473874866962433,1.0,0.5909000039100647
YER052C,YPR032W,0,-5.2763643,0.14471779763698578,1.0,0.5910000205039978
YLL018C-A,YML124C,0,-5.2766447,0.14469686150550842,1.0,0.5910999774932861
YGR247W,YPL059W,0,-5.2766857,0.14467592537403107,1.0,0.5911999940872192
YGR175C,YBR123C,0,-5.276697,0.1446550041437149,1.0,0.5913000106811523
YPL193W,YBR171W,0,-5.2767124,0.14463408291339874,1.0,0.5914000272750854
YML062C,YFL033C,0,-5.2769036,0.14461316168308258,1.0,0.5914999842643738
YLR081W,YKL012W,0,-5.276908,0.1445922553539276,1.0,0.5916000008583069
YHR083W,YDL058W,0,-5.276923,0.14457134902477264,1.0,0.59170001745224
YDR423C,YNR008W,0,-5.2770443,0.14455044269561768,1.0,0.5917999744415283
YMR264W,YOR297C,0,-5.277568,0.1445295512676239,1.0,0.5918999910354614
YBR040W,YOR171C,0,-5.277584,0.14450867474079132,1.0,0.5920000076293945
YBL098W,YNL230C,0,-5.2777452,0.14448779821395874,1.0,0.5921000242233276
YMR212C,YHR108W,0,-5.2777786,0.14446692168712616,1.0,0.592199981212616
YLR206W,YML120C,0,-5.2780557,0.14444604516029358,1.0,0.5922999978065491
YOR204W,YEL060C,0,-5.2781434,0.1444251835346222,1.0,0.5924000144004822
YNL074C,YBL014C,0,-5.2781606,0.144404336810112,1.0,0.5924999713897705
YLR172C,YKL082C,0,-5.27818,0.1443834751844406,1.0,0.5925999879837036
YPL212C,YJL080C,0,-5.278186,0.1443626433610916,1.0,0.5927000045776367
YCL044C,YJR110W,0,-5.278215,0.14434179663658142,1.0,0.5928000211715698
YER075C,YHR070W,0,-5.2784166,0.14432096481323242,1.0,0.5928999781608582
YER061C,YER070W,0,-5.278435,0.14430014789104462,1.0,0.5929999947547913
YDL231C,YOR064C,0,-5.278493,0.1442793309688568,1.0,0.5931000113487244
YLR430W,YOR256C,0,-5.278602,0.144258514046669,1.0,0.5932000279426575
YLL035W,YLR240W,0,-5.278617,0.1442376971244812,1.0,0.5932999849319458
YMR060C,YER019C-A,0,-5.2786226,0.1442168951034546,1.0,0.5934000015258789
YBR114W,YIL063C,0,-5.2787514,0.14419610798358917,1.0,0.593500018119812
YOL023W,YOR362C,0,-5.278841,0.14417532086372375,1.0,0.5935999751091003
YJR125C,YDR479C,0,-5.2789445,0.14415453374385834,1.0,0.5936999917030334
YPR070W,YNL007C,0,-5.279166,0.1441337615251541,1.0,0.5938000082969666
YDL013W,YPL089C,0,-5.279275,0.1441129893064499,1.0,0.5939000248908997
YMR220W,YHR197W,0,-5.279408,0.14409221708774567,1.0,0.593999981880188
YDR409W,YGR046W,0,-5.279415,0.14407145977020264,1.0,0.5940999984741211
YJL204C,YMR241W,0,-5.279545,0.1440507024526596,1.0,0.5942000150680542
YMR072W,YDR312W,0,-5.2795916,0.14402996003627777,1.0,0.5942999720573425
YER040W,YNR023W,0,-5.2796683,0.14400921761989594,1.0,0.5943999886512756
YNL159C,YML041C,0,-5.279835,0.1439884752035141,1.0,0.5945000052452087
YNL164C,YKL176C,0,-5.2799835,0.14396774768829346,1.0,0.5946000218391418
YHR043C,YBR254C,0,-5.2800703,0.14394702017307281,1.0,0.5946999788284302
YGL133W,YLR335W,0,-5.2800975,0.14392630755901337,1.0,0.5947999954223633
YGL038C,YBR050C,0,-5.2802916,0.14390559494495392,1.0,0.5949000120162964
YGR247W,YDR443C,0,-5.280306,0.14388489723205566,1.0,0.5950000286102295
YPL177C,YDR515W,0,-5.280369,0.1438641995191574,1.0,0.5950999855995178
YLR201C,YBR043C,0,-5.2804484,0.14384350180625916,1.0,0.5952000021934509
YKL208W,YBL103C,0,-5.2805367,0.1438228040933609,1.0,0.595300018787384
YLR015W,YGR078C,0,-5.280628,0.14380212128162384,1.0,0.5953999757766724
YNL118C,YIL030C,0,-5.2806916,0.14378145337104797,1.0,0.5954999923706055
YIL046W,YIL053W,0,-5.280701,0.1437607854604721,1.0,0.5956000089645386
YPR021C,YOL116W,0,-5.2808685,0.14374011754989624,1.0,0.5957000255584717
YJL133W,YGR183C,0,-5.2809763,0.14371946454048157,1.0,0.59579998254776
YHR120W,YGR070W,0,-5.281189,0.1436988115310669,1.0,0.5958999991416931
YNR058W,YBR010W,0,-5.2812386,0.14367815852165222,1.0,0.5960000157356262
YPL171C,YPR125W,0,-5.2815247,0.14365752041339874,1.0,0.5960999727249146
YER015W,YAL010C,0,-5.281581,0.14363688230514526,1.0,0.5961999893188477
YGR113W,YGR101W,0,-5.2815933,0.14361625909805298,1.0,0.5963000059127808
YPR124W,YBL055C,0,-5.2819133,0.1435956358909607,1.0,0.5964000225067139
YJR108W,YIL160C,0,-5.2819767,0.1435750126838684,1.0,0.5964999794960022
YPL115C,YPR007C,0,-5.281989,0.14355440437793732,1.0,0.5965999960899353
YBR250W,YOR068C,0,-5.2820296,0.14353379607200623,1.0,0.5967000126838684
YBR092C,YNL294C,0,-5.282319,0.14351320266723633,1.0,0.5968000292778015
YMR213W,YJL006C,0,-5.2823367,0.14349260926246643,1.0,0.5968999862670898
YBL026W,YIL106W,0,-5.282346,0.14347201585769653,1.0,0.597000002861023
YLR370C,YLR254C,0,-5.2824173,0.14345143735408783,1.0,0.597100019454956
YHR088W,YMR096W,0,-5.2824802,0.14343087375164032,1.0,0.5971999764442444
YML074C,YAL029C,0,-5.2827234,0.14341029524803162,1.0,0.5972999930381775
YHR171W,YDR356W,0,-5.2827587,0.1433897316455841,1.0,0.5974000096321106
YDR054C,YPL170W,0,-5.2828164,0.1433691829442978,1.0,0.5975000262260437
YLR214W,YOR304W,0,-5.2828984,0.14334861934185028,1.0,0.597599983215332
YNL016W,YIR012W,0,-5.283023,0.14332807064056396,1.0,0.5976999998092651
YDR036C,YDR146C,0,-5.2830315,0.14330753684043884,1.0,0.5978000164031982
YNL145W,YGR211W,0,-5.283093,0.14328700304031372,1.0,0.5978999733924866
YHR005C-A,YDR057W,0,-5.283292,0.1432664692401886,1.0,0.5979999899864197
YKL029C,YNL201C,0,-5.283437,0.14324595034122467,1.0,0.5981000065803528
YGR218W,YDL185W,0,-5.283481,0.14322543144226074,1.0,0.5982000231742859
YHR115C,YGR186W,0,-5.283536,0.143204927444458,1.0,0.5982999801635742
YPL190C,YLR086W,0,-5.28355,0.14318442344665527,1.0,0.5983999967575073
YLR096W,YMR234W,0,-5.2836266,0.14316391944885254,1.0,0.5985000133514404
YNL159C,YBR298C,0,-5.2836266,0.143143430352211,1.0,0.5985999703407288
YHR176W,YLR154C,0,-5.2837896,0.14312294125556946,1.0,0.5986999869346619
YKL172W,YOL148C,0,-5.283905,0.1431024670600891,1.0,0.598800003528595
YMR153W,YBR055C,0,-5.283983,0.14308199286460876,1.0,0.5989000201225281
YDR511W,YER117W,0,-5.2840433,0.14306151866912842,1.0,0.5989999771118164
YNL293W,YML103C,0,-5.284193,0.14304105937480927,1.0,0.5990999937057495
YGL153W,YLR086W,0,-5.284217,0.1430206000804901,1.0,0.5992000102996826
YNL136W,YER015W,0,-5.284415,0.14300014078617096,1.0,0.5993000268936157
YGR191W,YOR048C,0,-5.28471,0.142979696393013,1.0,0.599399983882904
YFR031C,YBR265W,0,-5.2847347,0.14295925199985504,1.0,0.5995000004768372
YPL231W,YGR152C,0,-5.284792,0.14293882250785828,1.0,0.5996000170707703
YCR092C,YHR181W,0,-5.2849197,0.1429183930158615,1.0,0.5996999740600586
YCR075C,YLR008C,0,-5.2850266,0.14289796352386475,1.0,0.5997999906539917
YDR108W,YOR201C,0,-5.2850304,0.14287754893302917,1.0,0.5999000072479248
YDL022W,YMR172W,0,-5.2850533,0.1428571492433548,1.0,0.6000000238418579
YDL188C,YGR274C,0,-5.285122,0.14283673465251923,1.0,0.6000999808311462
YGR157W,YNL261W,0,-5.285178,0.14281633496284485,1.0,0.6001999974250793
YKL201C,YIL013C,0,-5.2852044,0.14279595017433167,1.0,0.6003000140190125
YLR378C,YPL234C,0,-5.285364,0.1427755504846573,1.0,0.6003999710083008
YJR105W,YAL009W,0,-5.285489,0.1427551805973053,1.0,0.6004999876022339
YGR142W,YBR112C,0,-5.2855387,0.14273479580879211,1.0,0.600600004196167
YKL114C,YNL339C,0,-5.2856593,0.14271442592144012,1.0,0.6007000207901001
YGR104C,YDL170W,0,-5.285735,0.14269407093524933,1.0,0.6007999777793884
YDR192C,YMR234W,0,-5.285822,0.14267370104789734,1.0,0.6008999943733215
YKL092C,YNL099C,0,-5.285857,0.14265334606170654,1.0,0.6010000109672546
YLR080W,YFL013C,0,-5.285928,0.14263300597667694,1.0,0.6011000275611877
YNR023W,YEL012W,0,-5.286022,0.14261266589164734,1.0,0.6011999845504761
YDR296W,YOR087W,0,-5.286026,0.14259232580661774,1.0,0.6013000011444092
YGR036C,YLR438C-A,0,-5.2861137,0.14257200062274933,1.0,0.6014000177383423
YGL047W,YMR058W,0,-5.2864265,0.14255167543888092,1.0,0.6014999747276306
YLR114C,YOR039W,0,-5.286429,0.1425313502550125,1.0,0.6015999913215637
YOL094C,YMR016C,0,-5.28647,0.1425110399723053,1.0,0.6017000079154968
YGR257C,YLR039C,0,-5.2864747,0.14249074459075928,1.0,0.6018000245094299
YBR177C,YIL075C,0,-5.2865887,0.14247043430805206,1.0,0.6018999814987183
YNR008W,YOL126C,0,-5.286649,0.14245013892650604,1.0,0.6019999980926514
YDR447C,YMR216C,0,-5.286788,0.14242985844612122,1.0,0.6021000146865845
YDL232W,YDR002W,0,-5.287183,0.1424095630645752,1.0,0.6021999716758728
YDL042C,YPR107C,0,-5.287216,0.14238929748535156,1.0,0.6022999882698059
YBL005W,YPR189W,0,-5.2873893,0.14236901700496674,1.0,0.602400004863739
YGL084C,YBR024W,0,-5.2874646,0.1423487514257431,1.0,0.6025000214576721
YJL184W,YER106W,0,-5.2875137,0.14232850074768066,1.0,0.6025999784469604
YJR084W,YIL075C,0,-5.2875338,0.14230823516845703,1.0,0.6026999950408936
YBR043C,YDR129C,0,-5.2875557,0.1422879844903946,1.0,0.6028000116348267
YOR355W,YHL009C,0,-5.2876415,0.14226774871349335,1.0,0.6029000282287598
YPL055C,YBR171W,0,-5.2876596,0.1422475129365921,1.0,0.6029999852180481
YKL114C,YER019W,0,-5.2878823,0.14222727715969086,1.0,0.6031000018119812
YNL271C,YDR098C,0,-5.2880373,0.1422070562839508,1.0,0.6032000184059143
YDR214W,YNL091W,0,-5.2881174,0.14218683540821075,1.0,0.6032999753952026
YGL012W,YGR220C,0,-5.288287,0.1421666145324707,1.0,0.6033999919891357
YKL092C,YDR221W,0,-5.28858,0.14214640855789185,1.0,0.6035000085830688
YIR009W,YDL081C,0,-5.288645,0.142126202583313,1.0,0.603600025177002
YPL188W,YOL127W,0,-5.288685,0.14210601150989532,1.0,0.6036999821662903
YPR182W,YMR096W,0,-5.288789,0.14208582043647766,1.0,0.6037999987602234
YBR034C,YJR052W,0,-5.288881,0.14206562936306,1.0,0.6039000153541565
YLR411W,YDR027C,0,-5.2889576,0.14204545319080353,1.0,0.6039999723434448
YGR261C,YGR024C,0,-5.2889776,0.14202527701854706,1.0,0.6040999889373779
YPL221W,YJL012C,0,-5.2889967,0.14200511574745178,1.0,0.604200005531311
YIL009C-A,YDL130W-A,0,-5.2889977,0.1419849544763565,1.0,0.6043000221252441
YMR112C,YLR453C,0,-5.2890077,0.14196479320526123,1.0,0.6043999791145325
YOR367W,YHR006W,0,-5.289156,0.14194464683532715,1.0,0.6044999957084656
YHR171W,YBR162C,0,-5.289271,0.14192450046539307,1.0,0.6046000123023987
YJL042W,YLL024C,0,-5.289334,0.14190435409545898,1.0,0.6047000288963318
YNL091W,YDR398W,0,-5.2893686,0.1418842226266861,1.0,0.6047999858856201
YLR056W,YJL133W,0,-5.2893972,0.1418640911579132,1.0,0.6049000024795532
YPL161C,YPL163C,0,-5.28949,0.1418439745903015,1.0,0.6050000190734863
YJL194W,YBR057C,0,-5.289613,0.14182385802268982,1.0,0.6050999760627747
YHR176W,YGR089W,0,-5.2896543,0.14180374145507812,1.0,0.6051999926567078
YOR157C,YGR192C,0,-5.289661,0.14178363978862762,1.0,0.6053000092506409
YPR073C,YLR026C,0,-5.289757,0.14176353812217712,1.0,0.605400025844574
YOR320C,YGL173C,0,-5.2899084,0.14174345135688782,1.0,0.6054999828338623
YNR013C,YCR084C,0,-5.289919,0.14172334969043732,1.0,0.6055999994277954
YLR117C,YPL231W,0,-5.2899504,0.1417032778263092,1.0,0.6057000160217285
YDR147W,YJR125C,0,-5.2899995,0.1416831910610199,1.0,0.6057999730110168
YBR135W,YGL205W,0,-5.290057,0.14166311919689178,1.0,0.60589998960495
YDR098C,YHL009C,0,-5.290078,0.14164306223392487,1.0,0.6060000061988831
YBR167C,YMR075W,0,-5.2901297,0.14162300527095795,1.0,0.6061000227928162
YHR123W,YKR046C,0,-5.290142,0.14160294830799103,1.0,0.6061999797821045
YDR245W,YER021W,0,-5.2901506,0.1415828913450241,1.0,0.6062999963760376
YDR172W,YPR095C,0,-5.290319,0.14156284928321838,1.0,0.6064000129699707
YLR220W,YDR180W,0,-5.2903833,0.14154282212257385,1.0,0.6065000295639038
YMR001C,YPL176C,0,-5.2903867,0.14152278006076813,1.0,0.6065999865531921
YNL066W,YGR094W,0,-5.2904425,0.1415027529001236,1.0,0.6067000031471252
YBR258C,YBR216C,0,-5.290569,0.14148274064064026,1.0,0.6068000197410583
YFR055W,YGL136C,0,-5.2906647,0.14146272838115692,1.0,0.6068999767303467
YNL102W,YMR104C,0,-5.290901,0.14144271612167358,1.0,0.6069999933242798
YOR028C,YPL093W,0,-5.2909284,0.14142271876335144,1.0,0.6071000099182129
YJR001W,YLR154C,0,-5.290946,0.1414027214050293,1.0,0.607200026512146
YIL033C,YJR147W,0,-5.291142,0.14138272404670715,1.0,0.6072999835014343
YDR099W,YNL275W,0,-5.2911563,0.1413627415895462,1.0,0.6074000000953674
YPL259C,YDL232W,0,-5.2913895,0.14134275913238525,1.0,0.6075000166893005
YMR207C,YBR050C,0,-5.29148,0.1413227766752243,1.0,0.6075999736785889
YOR038C,YOR057W,0,-5.2915382,0.14130280911922455,1.0,0.607699990272522
YBL093C,YOL138C,0,-5.291567,0.1412828415632248,1.0,0.6078000068664551
YJL081C,YHR005C,0,-5.291939,0.14126288890838623,1.0,0.6079000234603882
YNL242W,YGL022W,0,-5.2922387,0.14124293625354767,1.0,0.6079999804496765
YHR148W,YJL121C,0,-5.292367,0.1412229984998703,1.0,0.6080999970436096
YDR254W,YDR103W,0,-5.2924705,0.14120304584503174,1.0,0.6082000136375427
YHR013C,YML010W,0,-5.292561,0.14118310809135437,1.0,0.608299970626831
YGR252W,YMR006C,0,-5.2927265,0.1411631852388382,1.0,0.6083999872207642
YJL184W,YBR030W,0,-5.292736,0.14114326238632202,1.0,0.6085000038146973
YOR126C,YGL093W,0,-5.2928047,0.14112333953380585,1.0,0.6086000204086304
YCR063W,YDR021W,0,-5.293096,0.14110343158245087,1.0,0.6086999773979187
YPR033C,YOR069W,0,-5.293128,0.1410835236310959,1.0,0.6087999939918518
YHR074W,YDR092W,0,-5.2932043,0.1410636156797409,1.0,0.6089000105857849
YDR424C,YNL088W,0,-5.293304,0.14104372262954712,1.0,0.609000027179718
YMR281W,YDR495C,0,-5.2933764,0.14102382957935333,1.0,0.6090999841690063
YER002W,YLR335W,0,-5.293496,0.14100395143032074,1.0,0.6092000007629395
YLR196W,YBR216C,0,-5.2936344,0.14098407328128815,1.0,0.6093000173568726
YLR380W,YMR212C,0,-5.293675,0.14096419513225555,1.0,0.6093999743461609
YIL122W,YDR166C,0,-5.2937384,0.14094433188438416,1.0,0.609499990940094
YPL117C,YOL039W,0,-5.293999,0.14092446863651276,1.0,0.6096000075340271
YJR013W,YDR353W,0,-5.2940073,0.14090460538864136,1.0,0.6097000241279602
YNL133C,YNR013C,0,-5.2940073,0.14088475704193115,1.0,0.6097999811172485
YDR140W,YOL040C,0,-5.2943344,0.14086490869522095,1.0,0.6098999977111816
YGR121C,YAL034W-A,0,-5.2944813,0.14084507524967194,1.0,0.6100000143051147
YKL101W,YLR165C,0,-5.294494,0.14082524180412292,1.0,0.6100999712944031
YKL213C,YAL033W,0,-5.294636,0.1408054083585739,1.0,0.6101999878883362
YOR039W,YHR089C,0,-5.294845,0.1407855898141861,1.0,0.6103000044822693
YLR175W,YNL339C,0,-5.294948,0.14076577126979828,1.0,0.6104000210762024
YBL058W,YHR111W,0,-5.2950244,0.14074595272541046,1.0,0.6104999780654907
YBR070C,YBR161W,0,-5.2951994,0.14072614908218384,1.0,0.6105999946594238
YBL084C,YLR007W,0,-5.2952585,0.14070634543895721,1.0,0.6107000112533569
YDR264C,YLR380W,0,-5.295272,0.14068655669689178,1.0,0.61080002784729
YLR214W,YGR183C,0,-5.2953696,0.14066675305366516,1.0,0.6108999848365784
YOR241W,YMR091C,0,-5.295396,0.14064697921276093,1.0,0.6110000014305115
YFR013W,YNL064C,0,-5.2954507,0.1406271904706955,1.0,0.6111000180244446
YPL161C,YMR038C,0,-5.2956986,0.14060741662979126,1.0,0.6111999750137329
YHR091C,YGL151W,0,-5.2958536,0.14058765769004822,1.0,0.611299991607666
YML067C,YOR330C,0,-5.295897,0.14056789875030518,1.0,0.6114000082015991
YDR159W,YDR381W,0,-5.2959533,0.14054813981056213,1.0,0.6115000247955322
YLR453C,YGR211W,0,-5.2959776,0.1405283808708191,1.0,0.6115999817848206
YKL205W,YJR086W,0,-5.2960615,0.14050863683223724,1.0,0.6116999983787537
YBR288C,YKL178C,0,-5.2962036,0.1404889076948166,1.0,0.6118000149726868
YNL065W,YBR068C,0,-5.296294,0.14046916365623474,1.0,0.6118999719619751
YBR055C,YDL007W,0,-5.296327,0.1404494345188141,1.0,0.6119999885559082
YER042W,YKR008W,0,-5.2963557,0.14042972028255463,1.0,0.6121000051498413
YDR013W,YOR137C,0,-5.296446,0.14040999114513397,1.0,0.6122000217437744
YPL101W,YMR021C,0,-5.2965584,0.1403902918100357,1.0,0.6122999787330627
YLR175W,YNL257C,0,-5.296627,0.14037057757377625,1.0,0.6123999953269958
YER003C,YIL144W,0,-5.2969112,0.14035087823867798,1.0,0.612500011920929
YIL062C,YBL006C,0,-5.297199,0.1403311789035797,1.0,0.6126000285148621
YOL051W,YAL024C,0,-5.2973614,0.14031149446964264,1.0,0.6126999855041504
YPR067W,YBR175W,0,-5.297481,0.14029181003570557,1.0,0.6128000020980835
YIL112W,YOR048C,0,-5.297538,0.1402721256017685,1.0,0.6129000186920166
YBL090W,YER082C,0,-5.2976036,0.14025245606899261,1.0,0.6129999756813049
YBR010W,YIR017C,0,-5.2977147,0.14023278653621674,1.0,0.613099992275238
YNL118C,YLR321C,0,-5.2978253,0.14021311700344086,1.0,0.6132000088691711
YGL236C,YLR442C,0,-5.2979064,0.14019346237182617,1.0,0.6133000254631042
YJR040W,YOR334W,0,-5.2980676,0.14017382264137268,1.0,0.6133999824523926
YBR179C,YDR461W,0,-5.2981753,0.140154168009758,1.0,0.6134999990463257
YEL063C,YKL008C,0,-5.2982492,0.1401345282793045,1.0,0.6136000156402588
YER001W,YLR079W,0,-5.298313,0.140114888548851,1.0,0.6136999726295471
YJL090C,YGL106W,0,-5.298669,0.14009526371955872,1.0,0.6137999892234802
YMR264W,YLR081W,0,-5.298703,0.14007563889026642,1.0,0.6139000058174133
YGR070W,YDR297W,0,-5.2987156,0.14005602896213531,1.0,0.6140000224113464
YDR298C,YDR423C,0,-5.29872,0.14003640413284302,1.0,0.6140999794006348
YDR072C,YGR014W,0,-5.2987704,0.1400168091058731,1.0,0.6141999959945679
YDR171W,YDR461W,0,-5.2988973,0.139997199177742,1.0,0.614300012588501
YLR397C,YOR064C,0,-5.2989645,0.1399776041507721,1.0,0.6144000291824341
YPR119W,YAL030W,0,-5.299144,0.13995800912380219,1.0,0.6144999861717224
YBR010W,YLR266C,0,-5.299364,0.13993842899799347,1.0,0.6146000027656555
YOR335C,YPR125W,0,-5.2994394,0.13991884887218475,1.0,0.6147000193595886
YBR029C,YMR140W,0,-5.2994995,0.13989926874637604,1.0,0.614799976348877
YNL307C,YMR006C,0,-5.299553,0.13987970352172852,1.0,0.6148999929428101
YLR167W,YPL234C,0,-5.299646,0.139860138297081,1.0,0.6150000095367432
YLR116W,YAR033W,0,-5.299938,0.13984058797359467,1.0,0.6151000261306763
YHR005C,YKL014C,0,-5.3002434,0.13982102274894714,1.0,0.6151999831199646
YMR216C,YPL033C,0,-5.3005133,0.139801487326622,1.0,0.6152999997138977
YOR327C,YBR198C,0,-5.3008776,0.13978193700313568,1.0,0.6154000163078308
YDL117W,YNL173C,0,-5.3015633,0.13976240158081055,1.0,0.6154999732971191
YER026C,YMR272C,0,-5.3018546,0.1397428661584854,1.0,0.6155999898910522
YNL268W,YLR340W,0,-5.301879,0.13972334563732147,1.0,0.6157000064849854
YBL019W,YGL066W,0,-5.302017,0.13970382511615753,1.0,0.6158000230789185
YJR135C,YJL056C,0,-5.3021765,0.13968431949615479,1.0,0.6158999800682068
YLR292C,YOL148C,0,-5.302203,0.13966479897499084,1.0,0.6159999966621399
YFL014W,YGR094W,0,-5.302288,0.1396453082561493,1.0,0.616100013256073
YJL179W,YIL073C,0,-5.3022976,0.13962580263614655,1.0,0.6161999702453613
YBR161W,YPR100W,0,-5.3023777,0.139606311917305,1.0,0.6162999868392944
YER061C,YBL080C,0,-5.3027344,0.13958682119846344,1.0,0.6164000034332275
YDR378C,YDR292C,0,-5.3027864,0.13956734538078308,1.0,0.6165000200271606
YDR171W,YMR270C,0,-5.302923,0.13954786956310272,1.0,0.616599977016449
YDR516C,YPR101W,0,-5.303046,0.13952839374542236,1.0,0.6166999936103821
YBR086C,YJL045W,0,-5.3031607,0.1395089328289032,1.0,0.6168000102043152
YGL191W,YKL084W,0,-5.303439,0.13948947191238403,1.0,0.6169000267982483
YEL062W,YJL025W,0,-5.303511,0.13947001099586487,1.0,0.6169999837875366
YAR019C,YER100W,0,-5.303626,0.1394505649805069,1.0,0.6171000003814697
YLR008C,YGR004W,0,-5.3036575,0.13943111896514893,1.0,0.6172000169754028
YBL082C,YPR154W,0,-5.303669,0.13941168785095215,1.0,0.6172999739646912
YER036C,YBR049C,0,-5.3036947,0.13939225673675537,1.0,0.6173999905586243
YOR253W,YBR082C,0,-5.3037586,0.1393728256225586,1.0,0.6175000071525574
YML062C,YHR111W,0,-5.303855,0.13935339450836182,1.0,0.6176000237464905
YOR035C,YLR119W,0,-5.3039947,0.13933397829532623,1.0,0.6176999807357788
YPL155C,YDR394W,0,-5.3040266,0.13931457698345184,1.0,0.6177999973297119
YJL178C,YKR086W,0,-5.304132,0.13929516077041626,1.0,0.617900013923645
YPR032W,YPL122C,0,-5.304144,0.13927575945854187,1.0,0.6179999709129333
YGR113W,YLR081W,0,-5.3044095,0.13925637304782867,1.0,0.6180999875068665
YDR424C,YKL018W,0,-5.304451,0.13923698663711548,1.0,0.6182000041007996
YPL269W,YEL026W,0,-5.30447,0.13921760022640228,1.0,0.6183000206947327
YLR355C,YPL269W,0,-5.3046446,0.1391982138156891,1.0,0.618399977684021
YOR037W,YGR231C,0,-5.3046703,0.13917884230613708,1.0,0.6184999942779541
YDL024C,YGR057C,0,-5.304899,0.13915947079658508,1.0,0.6186000108718872
YER051W,YEL060C,0,-5.3050385,0.13914011418819427,1.0,0.6187000274658203
YER073W,YDL229W,0,-5.305098,0.13912075757980347,1.0,0.6187999844551086
YIL121W,YAR042W,0,-5.3051357,0.13910140097141266,1.0,0.6189000010490417
YBL016W,YNL129W,0,-5.305185,0.13908205926418304,1.0,0.6190000176429749
YHR061C,YGR070W,0,-5.305354,0.13906271755695343,1.0,0.6190999746322632
YGR261C,YGL033W,0,-5.30539,0.13904337584972382,1.0,0.6191999912261963
YJR035W,YLR208W,0,-5.3054457,0.1390240490436554,1.0,0.6193000078201294
YMR200W,YIL056W,0,-5.305499,0.13900472223758698,1.0,0.6194000244140625
YMR276W,YDL019C,0,-5.3058105,0.13898541033267975,1.0,0.6194999814033508
YDL030W,YOR256C,0,-5.305923,0.13896609842777252,1.0,0.6195999979972839
YLR190W,YLR350W,0,-5.3061905,0.1389467865228653,1.0,0.619700014591217
YAL022C,YAL051W,0,-5.3063097,0.13892747461795807,1.0,0.6197999715805054
YJL133W,YMR285C,0,-5.306331,0.13890817761421204,1.0,0.6198999881744385
YGR218W,YGL033W,0,-5.3063793,0.1388888955116272,1.0,0.6200000047683716
YER061C,YJL048C,0,-5.3065042,0.13886959850788116,1.0,0.6201000213623047
YBL008W,YDR473C,0,-5.306695,0.13885031640529633,1.0,0.620199978351593
YJR094C,YGR013W,0,-5.3067594,0.13883104920387268,1.0,0.6202999949455261
YGL219C,YJL039C,0,-5.3067656,0.13881176710128784,1.0,0.6204000115394592
YDR512C,YFL037W,0,-5.3067737,0.1387924998998642,1.0,0.6205000281333923
YGR200C,YJL156C,0,-5.3070173,0.13877324759960175,1.0,0.6205999851226807
YKL089W,YNL293W,0,-5.307049,0.1387539952993393,1.0,0.6207000017166138
YJL076W,YGR239C,0,-5.3070583,0.13873474299907684,1.0,0.6208000183105469
YNL169C,YML010W,0,-5.307102,0.1387154906988144,1.0,0.6208999752998352
YDL087C,YOR354C,0,-5.3074913,0.13869625329971313,1.0,0.6209999918937683
YBR121C,YDL159W,0,-5.3075495,0.13867701590061188,1.0,0.6211000084877014
YLR411W,YPL179W,0,-5.308068,0.13865779340267181,1.0,0.6212000250816345
YDL194W,YPL019C,0,-5.3081107,0.13863857090473175,1.0,0.6212999820709229
YOL112W,YLR139C,0,-5.3083124,0.1386193484067917,1.0,0.621399998664856
YGL124C,YCR044C,0,-5.308397,0.13860014081001282,1.0,0.6215000152587891
YDR296W,YNL093W,0,-5.3086586,0.13858093321323395,1.0,0.6215999722480774
YJR042W,YER024W,0,-5.3086724,0.13856172561645508,1.0,0.6216999888420105
YMR076C,YKL080W,0,-5.3087783,0.1385425329208374,1.0,0.6218000054359436
YCR075C,YER146W,0,-5.308854,0.13852334022521973,1.0,0.6219000220298767
YFR036W,YDR016C,0,-5.308883,0.13850416243076324,1.0,0.621999979019165
YPR102C,YPL234C,0,-5.308897,0.13848496973514557,1.0,0.6220999956130981
YPL227C,YEL056W,0,-5.308955,0.1384657919406891,1.0,0.6222000122070312
YPR020W,YOL143C,0,-5.309182,0.1384466290473938,1.0,0.6223000288009644
YKL060C,YDR243C,0,-5.3094835,0.1384274661540985,1.0,0.6223999857902527
YLR332W,YDR443C,0,-5.309533,0.13840830326080322,1.0,0.6225000023841858
YFL003C,YJL104W,0,-5.30975,0.13838915526866913,1.0,0.6226000189781189
YGR145W,YOR367W,0,-5.309885,0.13837000727653503,1.0,0.6226999759674072
YDR277C,YER171W,0,-5.3100348,0.13835085928440094,1.0,0.6227999925613403
YHR072W,YHR060W,0,-5.31013,0.13833172619342804,1.0,0.6229000091552734
YKL029C,YBR057C,0,-5.310148,0.13831259310245514,1.0,0.6230000257492065
YOR039W,YKL040C,0,-5.3101616,0.13829346001148224,1.0,0.6230999827384949
YEL062W,YHR039C-A,0,-5.310176,0.13827434182167053,1.0,0.623199999332428
YJL014W,YER122C,0,-5.3102,0.13825522363185883,1.0,0.6233000159263611
YOL095C,YML127W,0,-5.31021,0.13823610544204712,1.0,0.6233999729156494
YGL071W,YDL244W,0,-5.3103943,0.1382170021533966,1.0,0.6234999895095825
YBR131W,YPL242C,0,-5.310457,0.1381978988647461,1.0,0.6236000061035156
YBR199W,YMR156C,0,-5.3105793,0.13817881047725677,1.0,0.6237000226974487
YBR177C,YMR065W,0,-5.3107634,0.13815970718860626,1.0,0.6237999796867371
YBR236C,YDR532C,0,-5.310774,0.13814063370227814,1.0,0.6238999962806702
YBR145W,YBR118W,0,-5.3107767,0.13812154531478882,1.0,0.6240000128746033
YGR158C,YBL046W,0,-5.310856,0.1381024718284607,1.0,0.6241000294685364
YFL016C,YCR035C,0,-5.3108854,0.13808339834213257,1.0,0.6241999864578247
YOL064C,YFR031C,0,-5.3108864,0.13806433975696564,1.0,0.6243000030517578
YIL106W,YLR272C,0,-5.3110447,0.1380452811717987,1.0,0.6244000196456909
YLR403W,YNL047C,0,-5.311164,0.13802622258663177,1.0,0.6244999766349792
YNL282W,YFL033C,0,-5.311166,0.13800717890262604,1.0,0.6245999932289124
YMR125W,YLR447C,0,-5.311216,0.1379881352186203,1.0,0.6247000098228455
YER007W,YNL264C,0,-5.3112636,0.13796909153461456,1.0,0.6248000264167786
YDL143W,YFL026W,0,-5.3114758,0.13795006275177002,1.0,0.6248999834060669
YLR052W,YOR075W,0,-5.3116784,0.13793103396892548,1.0,0.625
YMR029C,YER029C,0,-5.311742,0.13791200518608093,1.0,0.6251000165939331
YML099C,YGR104C,0,-5.3119283,0.13789299130439758,1.0,0.6251999735832214
YJR076C,YMR239C,0,-5.31204,0.13787397742271423,1.0,0.6252999901771545
YPR072W,YOL124C,0,-5.3121386,0.13785497844219208,1.0,0.6254000067710876
YML121W,YNL156C,0,-5.3123026,0.13783597946166992,1.0,0.6255000233650208
YAL024C,YFL038C,0,-5.312327,0.13781698048114777,1.0,0.6255999803543091
YNL298W,YDR495C,0,-5.3123417,0.1377979815006256,1.0,0.6256999969482422
YMR211W,YJR158W,0,-5.3127136,0.13777899742126465,1.0,0.6258000135421753
YMR058W,YNL032W,0,-5.3130054,0.13776002824306488,1.0,0.6258999705314636
YJL115W,YGR202C,0,-5.313181,0.13774104416370392,1.0,0.6259999871253967
YLL050C,YOR253W,0,-5.313298,0.13772207498550415,1.0,0.6261000037193298
YHR169W,YCR020C-A,0,-5.313468,0.13770310580730438,1.0,0.6262000203132629
YJR065C,YKL189W,0,-5.3135176,0.1376841515302658,1.0,0.6262999773025513
YCR077C,YDR494W,0,-5.3135242,0.13766519725322723,1.0,0.6263999938964844
YBR022W,YBL035C,0,-5.31363,0.13764624297618866,1.0,0.6265000104904175
YKL073W,YDL170W,0,-5.313637,0.13762730360031128,1.0,0.6266000270843506
YOR301W,YOR216C,0,-5.314007,0.1376083642244339,1.0,0.6266999840736389
YGL135W,YIL076W,0,-5.314072,0.1375894397497177,1.0,0.626800000667572
YOL008W,YOR068C,0,-5.3141966,0.13757050037384033,1.0,0.6269000172615051
YBR008C,YNL004W,0,-5.314519,0.13755157589912415,1.0,0.6269999742507935
YKL085W,YFR003C,0,-5.314601,0.13753266632556915,1.0,0.6270999908447266
YDR158W,YDR412W,0,-5.314758,0.13751375675201416,1.0,0.6272000074386597
YIL004C,YDR331W,0,-5.3148074,0.13749484717845917,1.0,0.6273000240325928
YPL137C,YKL166C,0,-5.3148384,0.13747593760490417,1.0,0.6273999810218811
YPR008W,YKL205W,0,-5.314981,0.13745704293251038,1.0,0.6274999976158142
YOR330C,YIL053W,0,-5.314998,0.13743814826011658,1.0,0.6276000142097473
YGL129C,YBR081C,0,-5.315009,0.13741926848888397,1.0,0.6276999711990356
YPL194W,YHL009C,0,-5.3150163,0.13740038871765137,1.0,0.6277999877929688
YNR067C,YNL012W,0,-5.3152018,0.13738150894641876,1.0,0.6279000043869019
YDL085W,YMR156C,0,-5.3152018,0.13736264407634735,1.0,0.628000020980835
YDR171W,YDR356W,0,-5.315221,0.13734376430511475,1.0,0.6280999779701233
YOR112W,YNL241C,0,-5.315253,0.13732491433620453,1.0,0.6281999945640564
YKR008W,YOL004W,0,-5.3153076,0.13730604946613312,1.0,0.6283000111579895
YBL016W,YHR012W,0,-5.315773,0.1372871994972229,1.0,0.6284000277519226
YKL084W,YER021W,0,-5.315912,0.13726836442947388,1.0,0.6284999847412109
YPR037C,YBR154C,0,-5.316026,0.13724951446056366,1.0,0.628600001335144
YER109C,YJL127C,0,-5.3161325,0.13723067939281464,1.0,0.6287000179290771
YKR022C,YCR027C,0,-5.3161354,0.1372118592262268,1.0,0.6287999749183655
YHR129C,YIL129C,0,-5.316342,0.13719302415847778,1.0,0.6288999915122986
YOR112W,YOR057W,0,-5.316429,0.13717420399188995,1.0,0.6290000081062317
YGR113W,YLR090W,0,-5.3164454,0.13715539872646332,1.0,0.6291000247001648
YGR218W,YER019W,0,-5.316487,0.13713659346103668,1.0,0.6291999816894531
YPL059W,YLR386W,0,-5.3165255,0.13711778819561005,1.0,0.6292999982833862
YML015C,YDR135C,0,-5.316787,0.1370989829301834,1.0,0.6294000148773193
YDR317W,YLR106C,0,-5.3171015,0.13708019256591797,1.0,0.6294999718666077
YMR138W,YNR031C,0,-5.3171186,0.13706140220165253,1.0,0.6295999884605408
YLR384C,YDR459C,0,-5.3171916,0.13704262673854828,1.0,0.6297000050544739
YPL227C,YHR065C,0,-5.3171973,0.13702383637428284,1.0,0.629800021648407
YMR188C,YAR007C,0,-5.317373,0.13700507581233978,1.0,0.6298999786376953
YDR046C,YBR142W,0,-5.317384,0.13698630034923553,1.0,0.6299999952316284
YML042W,YNL149C,0,-5.3175564,0.13696753978729248,1.0,0.6301000118255615
YDR288W,YOR361C,0,-5.3175764,0.13694877922534943,1.0,0.6302000284194946
YBR029C,YDR335W,0,-5.3176727,0.13693003356456757,1.0,0.630299985408783
YOR005C,YOL067C,0,-5.317682,0.1369112879037857,1.0,0.6304000020027161
YLR453C,YLR183C,0,-5.317746,0.13689254224300385,1.0,0.6305000185966492
YGR224W,YGR119C,0,-5.317908,0.13687379658222198,1.0,0.6305999755859375
YBR135W,YPR162C,0,-5.3179903,0.13685506582260132,1.0,0.6306999921798706
YDR376W,YML041C,0,-5.318083,0.13683634996414185,1.0,0.6308000087738037
YOR079C,YOR069W,0,-5.3181305,0.13681761920452118,1.0,0.6309000253677368
YPL049C,YJR052W,0,-5.3181596,0.1367989033460617,1.0,0.6309999823570251
YJR009C,YOL006C,0,-5.318165,0.13678018748760223,1.0,0.6310999989509583
YFL011W,YOR137C,0,-5.3182397,0.13676148653030396,1.0,0.6312000155448914
YOR079C,YPR108W,0,-5.3182983,0.13674278557300568,1.0,0.6312999725341797
YKL089W,YCR060W,0,-5.3183565,0.1367240846157074,1.0,0.6313999891281128
YMR192W,YOL129W,0,-5.3184996,0.1367053985595703,1.0,0.6315000057220459
YPL259C,YGR009C,0,-5.3185987,0.13668671250343323,1.0,0.631600022315979
YGL061C,YOR320C,0,-5.3186736,0.13666802644729614,1.0,0.6316999793052673
YMR276W,YGL209W,0,-5.3187895,0.13664935529232025,1.0,0.6317999958992004
YGL061C,YBL006C,0,-5.3189116,0.13663068413734436,1.0,0.6319000124931335
YKL046C,YLL008W,0,-5.319044,0.13661202788352966,1.0,0.6320000290870667
YIL008W,YIL063C,0,-5.319314,0.13659335672855377,1.0,0.632099986076355
YDR212W,YBR173C,0,-5.3193274,0.13657470047473907,1.0,0.6322000026702881
YLL009C,YGL084C,0,-5.319359,0.13655605912208557,1.0,0.6323000192642212
YLR361C,YLL035W,0,-5.3194003,0.13653741776943207,1.0,0.6323999762535095
YFR048W,YBR175W,0,-5.319457,0.13651877641677856,1.0,0.6324999928474426
YDL115C,YGL028C,0,-5.31957,0.13650013506412506,1.0,0.6326000094413757
YNL251C,YGL037C,0,-5.319621,0.13648150861263275,1.0,0.6327000260353088
YGR230W,YOR172W,0,-5.319665,0.13646288216114044,1.0,0.6327999830245972
YAL053W,YDL030W,0,-5.3197284,0.13644425570964813,1.0,0.6328999996185303
YGR206W,YFR002W,0,-5.3197894,0.13642564415931702,1.0,0.6330000162124634
YOL090W,YOL100W,0,-5.3200035,0.1364070326089859,1.0,0.6330999732017517
YLL050C,YIL065C,0,-5.320089,0.13638843595981598,1.0,0.6331999897956848
YER120W,YAL030W,0,-5.3201065,0.13636983931064606,1.0,0.6333000063896179
YER019W,YDR103W,0,-5.3201494,0.13635124266147614,1.0,0.633400022983551
YKL194C,YDR080W,0,-5.3202267,0.1363326460123062,1.0,0.6334999799728394
YBR107C,YPL063W,0,-5.320299,0.13631406426429749,1.0,0.6335999965667725
YOR080W,YNL186W,0,-5.3204217,0.13629548251628876,1.0,0.6337000131607056
YHR175W,YGL092W,0,-5.3204584,0.13627691566944122,1.0,0.6338000297546387
YDR122W,YNL016W,0,-5.3205194,0.1362583488225937,1.0,0.633899986743927
YCL044C,YOR148C,0,-5.3206587,0.13623978197574615,1.0,0.6340000033378601
YGL008C,YJL048C,0,-5.3208637,0.13622123003005981,1.0,0.6341000199317932
YHL036W,YGL030W,0,-5.320966,0.13620266318321228,1.0,0.6341999769210815
YAR014C,YGR086C,0,-5.321144,0.13618412613868713,1.0,0.6342999935150146
YJL133W,YGR170W,0,-5.32131,0.1361655741930008,1.0,0.6344000101089478
YLR052W,YPR065W,0,-5.321451,0.13614703714847565,1.0,0.6345000267028809
YHR082C,YHR077C,0,-5.321827,0.1361285001039505,1.0,0.6345999836921692
YPL097W,YJL087C,0,-5.322054,0.13610997796058655,1.0,0.6347000002861023
YNL331C,YNL101W,0,-5.322113,0.1360914558172226,1.0,0.6348000168800354
YMR055C,YIL075C,0,-5.322302,0.13607293367385864,1.0,0.6348999738693237
YDR501W,YMR201C,0,-5.3223076,0.13605442643165588,1.0,0.6349999904632568
YGR261C,YDR451C,0,-5.3223124,0.13603591918945312,1.0,0.6351000070571899
YBR275C,YMR104C,0,-5.322357,0.13601741194725037,1.0,0.635200023651123
YKR008W,YOR272W,0,-5.3223786,0.1359989047050476,1.0,0.6352999806404114
YER016W,YBR118W,0,-5.322427,0.13598041236400604,1.0,0.6353999972343445
YGR252W,YBR034C,0,-5.322441,0.13596193492412567,1.0,0.6355000138282776
YJL003W,YIR009W,0,-5.322591,0.1359434425830841,1.0,0.6355999708175659
YPL101W,YPL019C,0,-5.3226633,0.13592496514320374,1.0,0.635699987411499
YGR040W,YMR284W,0,-5.3228073,0.13590650260448456,1.0,0.6358000040054321
YNR001C,YBL041W,0,-5.323084,0.1358880251646042,1.0,0.6359000205993652
YKL049C,YER028C,0,-5.3231554,0.135869562625885,1.0,0.6359999775886536
YLR080W,YCR008W,0,-5.323312,0.13585110008716583,1.0,0.6360999941825867
YJR137C,YKL062W,0,-5.323399,0.13583265244960785,1.0,0.6362000107765198
YDL149W,YPL122C,0,-5.323454,0.13581420481204987,1.0,0.6363000273704529
YNL166C,YJL214W,0,-5.3234963,0.13579575717449188,1.0,0.6363999843597412
YLR110C,YOL080C,0,-5.323552,0.1357773244380951,1.0,0.6365000009536743
YOR039W,YKL205W,0,-5.3236723,0.1357588917016983,1.0,0.6366000175476074
YJL091C,YNL163C,0,-5.323722,0.1357404589653015,1.0,0.6366999745368958
YMR301C,YIL030C,0,-5.323762,0.13572204113006592,1.0,0.6367999911308289
YBR034C,YKL101W,0,-5.323785,0.13570362329483032,1.0,0.636900007724762
YJL157C,YDR245W,0,-5.323825,0.13568520545959473,1.0,0.6370000243186951
YFL003C,YER149C,0,-5.3240767,0.13566680252552032,1.0,0.6370999813079834
YPR131C,YCL017C,0,-5.324419,0.13564839959144592,1.0,0.6371999979019165
YBL069W,YIL030C,0,-5.3247423,0.13562999665737152,1.0,0.6373000144958496
YOR058C,YLR088W,0,-5.324747,0.1356116086244583,1.0,0.6373999714851379
YOL059W,YKL203C,0,-5.324804,0.1355932205915451,1.0,0.637499988079071
YGL032C,YLR092W,0,-5.3248506,0.1355748325586319,1.0,0.6376000046730042
YBL085W,YBR002C,0,-5.324882,0.13555645942687988,1.0,0.6377000212669373
YER051W,YBR119W,0,-5.3251376,0.13553808629512787,1.0,0.6377999782562256
YDR216W,YLL022C,0,-5.3251567,0.13551971316337585,1.0,0.6378999948501587
YKL192C,YLR215C,0,-5.325671,0.13550135493278503,1.0,0.6380000114440918
YFL021W,YOL011W,0,-5.3257723,0.1354829967021942,1.0,0.6381000280380249
YCR082W,YLR429W,0,-5.3259563,0.1354646384716034,1.0,0.6381999850273132
YCL017C,YKR086W,0,-5.3259993,0.13544629514217377,1.0,0.6383000016212463
YLR134W,YMR302C,0,-5.326455,0.13542795181274414,1.0,0.6384000182151794
YGR252W,YPL055C,0,-5.326462,0.13540960848331451,1.0,0.6384999752044678
YOR109W,YML127W,0,-5.326625,0.13539128005504608,1.0,0.6385999917984009
YCR039C,YGL233W,0,-5.326927,0.13537295162677765,1.0,0.638700008392334
YIL002C,YHR038W,0,-5.3269424,0.13535462319850922,1.0,0.6388000249862671
YOR023C,YKL182W,0,-5.327137,0.13533630967140198,1.0,0.6388999819755554
YNR007C,YGL019W,0,-5.327158,0.13531799614429474,1.0,0.6389999985694885
YLR103C,YPR113W,0,-5.32729,0.1352996826171875,1.0,0.6391000151634216
YMR068W,YMR104C,0,-5.3273516,0.13528138399124146,1.0,0.63919997215271
YGR123C,YBL046W,0,-5.327589,0.1352630853652954,1.0,0.6392999887466431
YCL001W,YGR212W,0,-5.327608,0.13524478673934937,1.0,0.6394000053405762
YKR007W,YGL209W,0,-5.327677,0.13522650301456451,1.0,0.6395000219345093
YDR301W,YMR298W,0,-5.3277617,0.13520821928977966,1.0,0.6395999789237976
YPL262W,YKL170W,0,-5.327856,0.1351899355649948,1.0,0.6396999955177307
YGR143W,YNL332W,0,-5.3280077,0.13517166674137115,1.0,0.6398000121116638
YOR058C,YOL149W,0,-5.328046,0.1351533979177475,1.0,0.6399000287055969
YGR159C,YDR485C,0,-5.328083,0.13513512909412384,1.0,0.6399999856948853
YBR102C,YGL008C,0,-5.3282194,0.13511687517166138,1.0,0.6401000022888184
YCR038C,YOR224C,0,-5.328277,0.1350986212491989,1.0,0.6402000188827515
YJR068W,YJR103W,0,-5.3283243,0.13508036732673645,1.0,0.6402999758720398
YLR449W,YGR048W,0,-5.3283467,0.13506212830543518,1.0,0.6403999924659729
YMR280C,YGR159C,0,-5.328353,0.1350438892841339,1.0,0.640500009059906
YDR016C,YJL154C,0,-5.328476,0.13502565026283264,1.0,0.6406000256538391
YPL181W,YOL124C,0,-5.32862,0.13500742614269257,1.0,0.6406999826431274
YDL142C,YMR202W,0,-5.3286443,0.1349892020225525,1.0,0.6407999992370605
YGL205W,YAR007C,0,-5.3289065,0.13497097790241241,1.0,0.6409000158309937
YMR213W,YPR124W,0,-5.328971,0.13495276868343353,1.0,0.640999972820282
YFR048W,YLR020C,0,-5.329026,0.13493455946445465,1.0,0.6410999894142151
YHR142W,YLR190W,0,-5.32938,0.13491635024547577,1.0,0.6412000060081482
YIL122W,YKR001C,0,-5.329474,0.13489815592765808,1.0,0.6413000226020813
YPR182W,YGR099W,0,-5.3295593,0.1348799616098404,1.0,0.6413999795913696
YGR041W,YCL063W,0,-5.3295994,0.1348617672920227,1.0,0.6414999961853027
YNR030W,YBR267W,0,-5.329711,0.1348435878753662,1.0,0.6416000127792358
YAL029C,YER013W,0,-5.3297815,0.13482540845870972,1.0,0.641700029373169
YDL042C,YML010W,0,-5.3298326,0.13480722904205322,1.0,0.6417999863624573
YPR119W,YBR296C,0,-5.3299246,0.13478904962539673,1.0,0.6419000029563904
YDL192W,YLR371W,0,-5.3299966,0.13477088510990143,1.0,0.6420000195503235
YOR239W,YOR265W,0,-5.330081,0.13475273549556732,1.0,0.6420999765396118
YOR037W,YDR486C,0,-5.330091,0.13473457098007202,1.0,0.6421999931335449
YDL247W,YDR002W,0,-5.3306427,0.13471642136573792,1.0,0.642300009727478
YDR335W,YBR114W,0,-5.3306556,0.1346982717514038,1.0,0.6424000263214111
YOL105C,YER024W,0,-5.3306723,0.1346801370382309,1.0,0.6424999833106995
YDL099W,YDL081C,0,-5.330783,0.13466200232505798,1.0,0.6425999999046326
YPR124W,YER018C,0,-5.3308334,0.13464386761188507,1.0,0.6427000164985657
YMR167W,YDR328C,0,-5.3309183,0.13462574779987335,1.0,0.642799973487854
YNL331C,YHR005C,0,-5.3309298,0.13460761308670044,1.0,0.6428999900817871
YDR364C,YBR121C,0,-5.3310747,0.13458950817584991,1.0,0.6430000066757202
YGR159C,YCR084C,0,-5.3310995,0.1345713883638382,1.0,0.6431000232696533
YDR175C,YPL063W,0,-5.331261,0.13455328345298767,1.0,0.6431999802589417
YGL257C,YDR381W,0,-5.331312,0.13453517854213715,1.0,0.6432999968528748
YGR261C,YOL112W,0,-5.331436,0.13451708853244781,1.0,0.6434000134468079
YOL113W,YKL108W,0,-5.331449,0.13449899852275848,1.0,0.6434999704360962
YGR082W,YLR272C,0,-5.331502,0.13448090851306915,1.0,0.6435999870300293
YIR021W,YGR135W,0,-5.3316674,0.13446281850337982,1.0,0.6437000036239624
YLR220W,YIL068C,0,-5.3317122,0.13444474339485168,1.0,0.6438000202178955
YBL007C,YER116C,0,-5.331773,0.13442666828632355,1.0,0.6438999772071838
YBL084C,YHL034C,0,-5.331913,0.1344086080789566,1.0,0.6439999938011169
YBL051C,YBR265W,0,-5.331945,0.13439053297042847,1.0,0.64410001039505
YHR094C,YOL003C,0,-5.3320456,0.13437248766422272,1.0,0.6442000269889832
YKL085W,YPL253C,0,-5.332062,0.13435442745685577,1.0,0.6442999839782715
YHR129C,YDR046C,0,-5.3322,0.13433638215065002,1.0,0.6444000005722046
YBR040W,YLR067C,0,-5.3322277,0.13431833684444427,1.0,0.6445000171661377
YJR076C,YGR214W,0,-5.33226,0.13430029153823853,1.0,0.644599974155426
YGL033W,YBR257W,0,-5.3324547,0.13428226113319397,1.0,0.6446999907493591
YJR143C,YGR274C,0,-5.332737,0.13426423072814941,1.0,0.6448000073432922
YMR207C,YGL045W,0,-5.332942,0.13424620032310486,1.0,0.6449000239372253
YBR276C,YML014W,0,-5.3330564,0.1342281848192215,1.0,0.6449999809265137
YDL024C,YGL094C,0,-5.3332796,0.13421016931533813,1.0,0.6450999975204468
YDR214W,YHR172W,0,-5.333384,0.13419216871261597,1.0,0.6452000141143799
YFR048W,YBR030W,0,-5.333392,0.1341741532087326,1.0,0.6452999711036682
YBL058W,YER093C,0,-5.333423,0.13415615260601044,1.0,0.6453999876976013
YLR097C,YOR008C,0,-5.333618,0.13413816690444946,1.0,0.6455000042915344
YOR034C,YOR140W,0,-5.3337717,0.1341201663017273,1.0,0.6456000208854675
YGR252W,YIR041W,0,-5.3337717,0.13410218060016632,1.0,0.6456999778747559
YMR083W,YGR270W,0,-5.3338614,0.13408420979976654,1.0,0.645799994468689
YNL323W,YDL217C,0,-5.333954,0.13406622409820557,1.0,0.6459000110626221
YFR024C-A,YGR220C,0,-5.3340216,0.1340482532978058,1.0,0.6460000276565552
YIL026C,YGL055W,0,-5.3340464,0.1340302973985672,1.0,0.6460999846458435
YGL061C,YHR021C,0,-5.334087,0.13401232659816742,1.0,0.6462000012397766
YDR508C,YBR244W,0,-5.334134,0.13399437069892883,1.0,0.6463000178337097
YBR195C,YER002W,0,-5.334241,0.13397641479969025,1.0,0.646399974822998
YDR423C,YFL003C,0,-5.334258,0.13395847380161285,1.0,0.6464999914169312
YDR216W,YMR283C,0,-5.334303,0.13394053280353546,1.0,0.6466000080108643
YNL326C,YOR270C,0,-5.3344,0.13392259180545807,1.0,0.6467000246047974
YDR081C,YJL012C,0,-5.3344555,0.13390466570854187,1.0,0.6467999815940857
YGL155W,YBR265W,0,-5.33453,0.13388672471046448,1.0,0.6468999981880188
YJL194W,YMR224C,0,-5.334848,0.13386881351470947,1.0,0.6470000147819519
YPL084W,YLR256W,0,-5.3349285,0.13385088741779327,1.0,0.6470999717712402
YNL258C,YJL141C,0,-5.334961,0.13383297622203827,1.0,0.6471999883651733
YKL201C,YML124C,0,-5.3349695,0.13381506502628326,1.0,0.6473000049591064
YPL031C,YPL065W,0,-5.3350496,0.13379716873168945,1.0,0.6474000215530396
YJR052W,YDR422C,0,-5.3350515,0.13377925753593445,1.0,0.6474999785423279
YDL029W,YMR095C,0,-5.3351316,0.13376137614250183,1.0,0.647599995136261
YER173W,YGR118W,0,-5.335148,0.13374347984790802,1.0,0.6477000117301941
YPL061W,YDL116W,0,-5.335244,0.1337255984544754,1.0,0.6478000283241272
YNL232W,YMR043W,0,-5.3352604,0.13370771706104279,1.0,0.6478999853134155
YFR047C,YCR094W,0,-5.335271,0.13368983566761017,1.0,0.6480000019073486
YNL251C,YBR118W,0,-5.335307,0.13367196917533875,1.0,0.6481000185012817
YLR242C,YML074C,0,-5.335439,0.13365410268306732,1.0,0.6481999754905701
YLR319C,YML120C,0,-5.335542,0.1336362361907959,1.0,0.6482999920845032
YLL060C,YNL268W,0,-5.3355856,0.13361838459968567,1.0,0.6484000086784363
YOL068C,YIL143C,0,-5.335987,0.13360053300857544,1.0,0.6485000252723694
YJL170C,YOR056C,0,-5.3361626,0.1335826814174652,1.0,0.6485999822616577
YOL158C,YGR083C,0,-5.3361826,0.13356484472751617,1.0,0.6486999988555908
YMR041C,YOR087W,0,-5.336426,0.13354700803756714,1.0,0.6488000154495239
YNR015W,YJL127C,0,-5.3365593,0.1335291713476181,1.0,0.6488999724388123
YKL016C,YFR003C,0,-5.336802,0.13351134955883026,1.0,0.6489999890327454
YPL001W,YHL034C,0,-5.3370986,0.13349352777004242,1.0,0.6491000056266785
YML103C,YBL058W,0,-5.3371162,0.13347570598125458,1.0,0.6492000222206116
YDR358W,YMR314W,0,-5.3372583,0.13345789909362793,1.0,0.6492999792098999
YGL181W,YLR328W,0,-5.337585,0.13344009220600128,1.0,0.649399995803833
YLR139C,YBR123C,0,-5.3379297,0.13342228531837463,1.0,0.6495000123977661
YOL164W,YMR280C,0,-5.3379703,0.13340447843074799,1.0,0.6496000289916992
YPL049C,YDL092W,0,-5.3380218,0.13338668644428253,1.0,0.6496999859809875
YBR015C,YCR044C,0,-5.3381033,0.13336889445781708,1.0,0.6498000025749207
YER183C,YNL088W,0,-5.338132,0.13335111737251282,1.0,0.6499000191688538
YOR030W,YJR063W,0,-5.338271,0.13333334028720856,1.0,0.6499999761581421
YDR130C,YNR046W,0,-5.33846,0.1333155632019043,1.0,0.6500999927520752
YGR095C,YGR116W,0,-5.338523,0.13329778611660004,1.0,0.6502000093460083
YGR286C,YGL095C,0,-5.3385878,0.13328002393245697,1.0,0.6503000259399414
YPL075W,YBR089C-A,0,-5.3385887,0.1332622617483139,1.0,0.6503999829292297
YFR055W,YPL156C,0,-5.338789,0.13324449956417084,1.0,0.6504999995231628
YBR091C,YML016C,0,-5.3389673,0.13322675228118896,1.0,0.650600016117096
YPR140W,YHR167W,0,-5.3389883,0.1332090049982071,1.0,0.6506999731063843
YBR236C,YMR035W,0,-5.3390822,0.13319125771522522,1.0,0.6507999897003174
YCL032W,YIL008W,0,-5.3392754,0.13317352533340454,1.0,0.6509000062942505
YPL192C,YGR183C,0,-5.3393106,0.13315579295158386,1.0,0.6510000228881836
YAR002C-A,YEL065W,0,-5.339464,0.13313806056976318,1.0,0.6510999798774719
YBL030C,YNL167C,0,-5.33971,0.1331203430891037,1.0,0.651199996471405
YOR316C,YPL194W,0,-5.339744,0.1331026256084442,1.0,0.6513000130653381
YOR182C,YJL052W,0,-5.3400784,0.13308490812778473,1.0,0.6514000296592712
YGL253W,YBR127C,0,-5.3402996,0.13306720554828644,1.0,0.6514999866485596
YDR375C,YOL088C,0,-5.3405504,0.13304948806762695,1.0,0.6516000032424927
YGL195W,YML109W,0,-5.3406725,0.13303180038928986,1.0,0.6517000198364258
YIL126W,YOR083W,0,-5.340872,0.13301409780979156,1.0,0.6517999768257141
YBL032W,YKR002W,0,-5.341106,0.13299641013145447,1.0,0.6518999934196472
YBR286W,YGR112W,0,-5.341277,0.13297872245311737,1.0,0.6520000100135803
YDL100C,YKR020W,0,-5.3413386,0.13296104967594147,1.0,0.6521000266075134
YJR076C,YHL009C,0,-5.3413477,0.13294336199760437,1.0,0.6521999835968018
YML095C,YGR081C,0,-5.3415556,0.13292568922042847,1.0,0.6523000001907349
YKL046C,YPL049C,0,-5.3417463,0.13290803134441376,1.0,0.652400016784668
YKR056W,YDR092W,0,-5.3417645,0.13289035856723785,1.0,0.6524999737739563
YJR060W,YHR066W,0,-5.34177,0.13287270069122314,1.0,0.6525999903678894
YIL109C,YDR398W,0,-5.342039,0.13285505771636963,1.0,0.6527000069618225
YKR067W,YMR075W,0,-5.342057,0.13283739984035492,1.0,0.6528000235557556
YJL121C,YDR381W,0,-5.342184,0.1328197568655014,1.0,0.652899980545044
YPL153C,YDR135C,0,-5.34229,0.13280212879180908,1.0,0.652999997138977
YDL013W,YPR108W,0,-5.3423686,0.13278448581695557,1.0,0.6531000137329102
YLR370C,YPR049C,0,-5.3423905,0.13276685774326324,1.0,0.6531999707221985
YNR010W,YIL144W,0,-5.3424273,0.13274922966957092,1.0,0.6532999873161316
YGR135W,YBR171W,0,-5.3424892,0.1327316164970398,1.0,0.6534000039100647
YMR136W,YEL016C,0,-5.3425393,0.13271400332450867,1.0,0.6535000205039978
YOR023C,YDR072C,0,-5.342585,0.13269639015197754,1.0,0.6535999774932861
YDL078C,YDL090C,0,-5.3426,0.1326787918806076,1.0,0.6536999940872192
YHL019C,YGL092W,0,-5.3426623,0.13266117870807648,1.0,0.6538000106811523
YKL062W,YMR216C,0,-5.342779,0.13264358043670654,1.0,0.6539000272750854
YDR264C,YHR005C,0,-5.3427925,0.1326259970664978,1.0,0.6539999842643738
YMR043W,YLR026C,0,-5.343066,0.13260841369628906,1.0,0.6541000008583069
YCL066W,YMR153W,0,-5.3431077,0.13259083032608032,1.0,0.65420001745224
YBR267W,YHR012W,0,-5.3431487,0.13257324695587158,1.0,0.6542999744415283
YJR053W,YNL047C,0,-5.343231,0.13255567848682404,1.0,0.6543999910354614
YNR035C,YER106W,0,-5.3432784,0.1325381100177765,1.0,0.6545000076293945
YBL056W,YDL230W,0,-5.3432903,0.13252054154872894,1.0,0.6546000242233276
YFL041W,YBL057C,0,-5.343375,0.1325029879808426,1.0,0.654699981212616
YJL128C,YBR267W,0,-5.343533,0.13248541951179504,1.0,0.6547999978065491
YGR217W,YBL016W,0,-5.343539,0.13246788084506989,1.0,0.6549000144004822
YLR170C,YDR195W,0,-5.3437195,0.13245032727718353,1.0,0.6549999713897705
YKL011C,YBL011W,0,-5.3437424,0.13243278861045837,1.0,0.6550999879837036
YDR221W,YOL009C,0,-5.343745,0.13241524994373322,1.0,0.6552000045776367
YJL156C,YML093W,0,-5.343771,0.13239772617816925,1.0,0.6553000211715698
YNL271C,YDL194W,0,-5.343807,0.13238020241260529,1.0,0.6553999781608582
YIR023W,YNL036W,0,-5.344017,0.13236267864704132,1.0,0.6554999947547913
YGL236C,YLR265C,0,-5.3441005,0.13234515488147736,1.0,0.6556000113487244
YDR256C,YOR217W,0,-5.3441505,0.13232764601707458,1.0,0.6557000279426575
YJR089W,YGR216C,0,-5.3441553,0.13231013715267181,1.0,0.6557999849319458
YDL115C,YDR422C,0,-5.344178,0.13229262828826904,1.0,0.6559000015258789
YGR247W,YDR339C,0,-5.3442016,0.13227513432502747,1.0,0.656000018119812
YBR010W,YLR048W,0,-5.34423,0.1322576403617859,1.0,0.6560999751091003
YJR001W,YLR092W,0,-5.3443775,0.1322401463985443,1.0,0.6561999917030334
YDR101C,YHR143W,0,-5.3443837,0.13222266733646393,1.0,0.6563000082969666
YMR281W,YIR022W,0,-5.344521,0.13220518827438354,1.0,0.6564000248908997
YHR092C,YBR079C,0,-5.344583,0.13218770921230316,1.0,0.656499981880188
YGR099W,YOR054C,0,-5.3450794,0.13217023015022278,1.0,0.6565999984741211
YCR063W,YBR119W,0,-5.3451633,0.1321527659893036,1.0,0.6567000150680542
YLR103C,YML046W,0,-5.3452787,0.1321353018283844,1.0,0.6567999720573425
YMR272C,YJL052W,0,-5.3455195,0.1321178525686264,1.0,0.6568999886512756
YCL055W,YNL054W,0,-5.345727,0.1321004033088684,1.0,0.6570000052452087
YGR142W,YGL003C,0,-5.3458753,0.1320829540491104,1.0,0.6571000218391418
YKL012W,YDR212W,0,-5.345887,0.13206550478935242,1.0,0.6571999788284302
YOR371C,YCL032W,0,-5.345941,0.13204807043075562,1.0,0.6572999954223633
YER073W,YEL056W,0,-5.346122,0.1320306360721588,1.0,0.6574000120162964
YKL185W,YKL166C,0,-5.34649,0.132013201713562,1.0,0.6575000286102295
YNL251C,YKL099C,0,-5.3465037,0.1319957822561264,1.0,0.6575999855995178
YDL209C,YGR181W,0,-5.346553,0.1319783627986908,1.0,0.6577000021934509
YAL030W,YPL063W,0,-5.346937,0.1319609433412552,1.0,0.657800018787384
YCR026C,YOR057W,0,-5.3469377,0.13194352388381958,1.0,0.6578999757766724
YEL009C,YDR486C,0,-5.347098,0.13192611932754517,1.0,0.6579999923706055
YGR278W,YPL055C,0,-5.347347,0.13190871477127075,1.0,0.6581000089645386
YCL043C,YCR037C,0,-5.3473787,0.13189132511615753,1.0,0.6582000255584717
YMR162C,YLL031C,0,-5.34748,0.1318739354610443,1.0,0.65829998254776
YDL181W,YML015C,0,-5.3475876,0.1318565458059311,1.0,0.6583999991416931
YKL108W,YJL222W,0,-5.347666,0.13183915615081787,1.0,0.6585000157356262
YDL247W,YDR292C,0,-5.347683,0.13182178139686584,1.0,0.6585999727249146
YGR239C,YGL044C,0,-5.347822,0.13180440664291382,1.0,0.6586999893188477
YER025W,YDR460W,0,-5.347845,0.1317870318889618,1.0,0.6588000059127808
YJR082C,YFL033C,0,-5.3480096,0.13176967203617096,1.0,0.6589000225067139
YER171W,YKR001C,0,-5.348014,0.13175231218338013,1.0,0.6589999794960022
YML012W,YAL017W,0,-5.3480453,0.1317349523305893,1.0,0.6590999960899353
YML078W,YHL003C,0,-5.3481,0.13171759247779846,1.0,0.6592000126838684
YOR058C,YHR124W,0,-5.348155,0.13170024752616882,1.0,0.6593000292778015
YMR039C,YGR192C,0,-5.3481874,0.13168290257453918,1.0,0.6593999862670898
YDR424C,YOR327C,0,-5.3482504,0.13166557252407074,1.0,0.659500002861023
YGL162W,YPL180W,0,-5.3482604,0.1316482424736023,1.0,0.659600019454956
YEL018W,YMR021C,0,-5.348278,0.13163091242313385,1.0,0.6596999764442444
YDR164C,YGR002C,0,-5.3483686,0.1316135823726654,1.0,0.6597999930381775
YDR337W,YPL203W,0,-5.3485003,0.13159626722335815,1.0,0.6599000096321106
YNL259C,YPL115C,0,-5.348578,0.1315789520740509,1.0,0.6600000262260437
YPL051W,YCR060W,0,-5.3486657,0.13156163692474365,1.0,0.660099983215332
YNR056C,YLR398C,0,-5.348712,0.1315443366765976,1.0,0.6601999998092651
YHR115C,YER112W,0,-5.3487234,0.13152702152729034,1.0,0.6603000164031982
YJR108W,YDR145W,0,-5.3487387,0.13150973618030548,1.0,0.6603999733924866
YNR008W,YBR049C,0,-5.348955,0.13149243593215942,1.0,0.6604999899864197
YNR074C,YER148W,0,-5.348961,0.13147515058517456,1.0,0.6606000065803528
YGL106W,YML091C,0,-5.3489757,0.1314578652381897,1.0,0.6607000231742859
YOR211C,YGR158C,0,-5.349123,0.13144059479236603,1.0,0.6607999801635742
YDL013W,YBR126C,0,-5.3492684,0.13142330944538116,1.0,0.6608999967575073
YPR155C,YER117W,0,-5.3492785,0.1314060389995575,1.0,0.6610000133514404
YIL106W,YAR008W,0,-5.349413,0.13138878345489502,1.0,0.6610999703407288
YPR083W,YDR532C,0,-5.349468,0.13137151300907135,1.0,0.6611999869346619
YDR046C,YDR148C,0,-5.349537,0.13135425746440887,1.0,0.661300003528595
YFL009W,YMR035W,0,-5.349681,0.1313370168209076,1.0,0.6614000201225281
YCR039C,YGR143W,0,-5.3496904,0.13131976127624512,1.0,0.6614999771118164
YBR048W,YPR032W,0,-5.3500834,0.13130252063274384,1.0,0.6615999937057495
YCR075C,YPR065W,0,-5.35042,0.13128527998924255,1.0,0.6617000102996826
YDR277C,YDR150W,0,-5.3504467,0.13126805424690247,1.0,0.6618000268936157
YGL105W,YCR044C,0,-5.350563,0.13125081360340118,1.0,0.661899983882904
YNL261W,YMR106C,0,-5.3506193,0.1312336027622223,1.0,0.6620000004768372
YER013W,YGR279C,0,-5.350663,0.1312163770198822,1.0,0.6621000170707703
YPL170W,YMR076C,0,-5.350737,0.1311991661787033,1.0,0.6621999740600586
YNL314W,YDL188C,0,-5.3508134,0.13118195533752441,1.0,0.6622999906539917
YJR158W,YCL004W,0,-5.351157,0.13116474449634552,1.0,0.6624000072479248
YOR241W,YPR198W,0,-5.351427,0.13114753365516663,1.0,0.6625000238418579
YLR378C,YKL178C,0,-5.3514557,0.13113033771514893,1.0,0.6625999808311462
YGL257C,YOR119C,0,-5.3515205,0.13111315667629242,1.0,0.6626999974250793
YMR319C,YIL076W,0,-5.351671,0.13109596073627472,1.0,0.6628000140190125
YER019W,YNL253W,0,-5.351684,0.1310787796974182,1.0,0.6628999710083008
YGR036C,YBR198C,0,-5.351742,0.1310615986585617,1.0,0.6629999876022339
YOL165C,YKR060W,0,-5.3518114,0.1310444176197052,1.0,0.663100004196167
YBR294W,YMR302C,0,-5.351821,0.1310272514820099,1.0,0.6632000207901001
YLR170C,YLR403W,0,-5.3518867,0.13101008534431458,1.0,0.6632999777793884
YGL195W,YMR089C,0,-5.3519354,0.13099291920661926,1.0,0.6633999943733215
YGR225W,YML007W,0,-5.3520403,0.13097576797008514,1.0,0.6635000109672546
YKR019C,YBR240C,0,-5.3520765,0.13095861673355103,1.0,0.6636000275611877
YOL077C,YJR073C,0,-5.352165,0.1309414654970169,1.0,0.6636999845504761
YPL036W,YKL108W,0,-5.3524485,0.13092432916164398,1.0,0.6638000011444092
YER173W,YDR077W,0,-5.352475,0.13090719282627106,1.0,0.6639000177383423
YIL065C,YOR038C,0,-5.3525143,0.13089005649089813,1.0,0.6639999747276306
YKL043W,YCL032W,0,-5.352529,0.1308729201555252,1.0,0.6640999913215637
YLR231C,YBR021W,0,-5.352534,0.13085579872131348,1.0,0.6642000079154968
YCR063W,YPR179C,0,-5.3526487,0.13083867728710175,1.0,0.6643000245094299
YGR179C,YBR022W,0,-5.352669,0.13082155585289001,1.0,0.6643999814987183
YIL002C,YLR316C,0,-5.352981,0.13080444931983948,1.0,0.6644999980926514
YGL100W,YJL069C,0,-5.353099,0.13078734278678894,1.0,0.6646000146865845
YOR299W,YKR026C,0,-5.3532715,0.1307702362537384,1.0,0.6646999716758728
YNL298W,YPR120C,0,-5.353404,0.13075314462184906,1.0,0.6647999882698059
YMR319C,YBR254C,0,-5.3534565,0.13073603808879852,1.0,0.664900004863739
YPL100W,YER001W,0,-5.353559,0.13071896135807037,1.0,0.6650000214576721
YDR384C,YDL074C,0,-5.3537054,0.13070186972618103,1.0,0.6650999784469604
YOR126C,YOR109W,0,-5.353919,0.13068479299545288,1.0,0.6651999950408936
YMR029C,YOL104C,0,-5.3539443,0.13066771626472473,1.0,0.6653000116348267
YDL035C,YPR016C,0,-5.3539586,0.13065063953399658,1.0,0.6654000282287598
YLL031C,YPR137W,0,-5.3543406,0.13063357770442963,1.0,0.6654999852180481
YMR041C,YBR218C,0,-5.354434,0.13061651587486267,1.0,0.6656000018119812
YDR386W,YBR024W,0,-5.3545313,0.13059945404529572,1.0,0.6657000184059143
YDL149W,YOR253W,0,-5.354536,0.13058239221572876,1.0,0.6657999753952026
YBL042C,YER018C,0,-5.354687,0.130565345287323,1.0,0.6658999919891357
YOR142W,YGL035C,0,-5.354769,0.13054829835891724,1.0,0.6660000085830688
YLR242C,YDR381W,0,-5.3547955,0.13053126633167267,1.0,0.666100025177002
YJL128C,YOR140W,0,-5.3548684,0.1305142194032669,1.0,0.6661999821662903
YPR056W,YLR181C,0,-5.3548727,0.13049718737602234,1.0,0.6662999987602234
YPL015C,YJL013C,0,-5.354886,0.13048017024993896,1.0,0.6664000153541565
YHR143W,YML005W,0,-5.3549013,0.1304631382226944,1.0,0.6664999723434448
YER032W,YPL091W,0,-5.3549857,0.13044612109661102,1.0,0.6665999889373779
YPL094C,YML115C,0,-5.355191,0.13042911887168884,1.0,0.666700005531311
YPR167C,YDR303C,0,-5.3553724,0.13041210174560547,1.0,0.6668000221252441
YJL003W,YIR023W,0,-5.3554277,0.1303950995206833,1.0,0.6668999791145325
YML121W,YDR060W,0,-5.355523,0.1303780972957611,1.0,0.6669999957084656
YER017C,YNL192W,0,-5.355587,0.13036109507083893,1.0,0.6671000123023987
YDR298C,YGL181W,0,-5.3555937,0.13034410774707794,1.0,0.6672000288963318
YBR004C,YNL268W,0,-5.355606,0.13032712042331696,1.0,0.6672999858856201
YMR096W,YLR045C,0,-5.3556156,0.13031013309955597,1.0,0.6674000024795532
YOL158C,YLR292C,0,-5.355697,0.13029316067695618,1.0,0.6675000190734863
YKL126W,YNL241C,0,-5.3557796,0.13027618825435638,1.0,0.6675999760627747
YPL110C,YOR254C,0,-5.355792,0.1302592158317566,1.0,0.6676999926567078
YCR063W,YPL171C,0,-5.3558245,0.1302422434091568,1.0,0.6678000092506409
YDR182W,YLR060W,0,-5.355854,0.1302252858877182,1.0,0.667900025844574
YDR498C,YML005W,0,-5.355942,0.1302083283662796,1.0,0.6679999828338623
YNL030W,YPL206C,0,-5.355992,0.1301913857460022,1.0,0.6680999994277954
YPR008W,YPL121C,0,-5.356089,0.1301744282245636,1.0,0.6682000160217285
YDL040C,YGR103W,0,-5.356099,0.1301574856042862,1.0,0.6682999730110168
YOL095C,YOL129W,0,-5.356119,0.13014055788516998,1.0,0.66839998960495
YLR207W,YER013W,0,-5.3561993,0.13012361526489258,1.0,0.6685000061988831
YPL259C,YKL082C,0,-5.356906,0.13010668754577637,1.0,0.6686000227928162
YIL065C,YML005W,0,-5.3569336,0.13008975982666016,1.0,0.6686999797821045
YDR284C,YGR222W,0,-5.3569965,0.13007284700870514,1.0,0.6687999963760376
YLL018C-A,YDR507C,0,-5.357086,0.13005591928958893,1.0,0.6689000129699707
YHR183W,YJL179W,0,-5.357374,0.1300390064716339,1.0,0.6690000295639038
YDR093W,YML092C,0,-5.3576303,0.1300221085548401,1.0,0.6690999865531921
YOR074C,YER022W,0,-5.3576746,0.13000519573688507,1.0,0.6692000031471252
YDL209C,YKL062W,0,-5.3576775,0.12998829782009125,1.0,0.6693000197410583
YNR030W,YBR250W,0,-5.357691,0.12997139990329742,1.0,0.6693999767303467
YAL041W,YGR143W,0,-5.3577433,0.1299545168876648,1.0,0.6694999933242798
YML015C,YJL141C,0,-5.357893,0.12993763387203217,1.0,0.6696000099182129
YLR390W-A,YDL120W,0,-5.3580966,0.12992075085639954,1.0,0.669700026512146
YNL091W,YKR025W,0,-5.3581657,0.1299038678407669,1.0,0.6697999835014343
YPR120C,YPR100W,0,-5.358267,0.12988699972629547,1.0,0.6699000000953674
YCR024C-A,YDR487C,0,-5.358426,0.12987013161182404,1.0,0.6700000166893005
YOL112W,YIL048W,0,-5.358536,0.1298532634973526,1.0,0.6700999736785889
YKR007W,YMR091C,0,-5.3587704,0.12983641028404236,1.0,0.670199990272522
YNR030W,YOR217W,0,-5.3589935,0.12981955707073212,1.0,0.6703000068664551
YML062C,YPR065W,0,-5.3590155,0.12980270385742188,1.0,0.6704000234603882
YBR004C,YAR008W,0,-5.3590245,0.12978585064411163,1.0,0.6704999804496765
YIL131C,YDL128W,0,-5.3590593,0.12976901233196259,1.0,0.6705999970436096
YMR173W,YIL114C,0,-5.3590994,0.12975217401981354,1.0,0.6707000136375427
YDR221W,YBL025W,0,-5.359226,0.1297353357076645,1.0,0.670799970626831
YLR103C,YHR038W,0,-5.3592744,0.12971851229667664,1.0,0.6708999872207642
YKL191W,YBR086C,0,-5.359666,0.12970168888568878,1.0,0.6710000038146973
YCR075C,YFL058W,0,-5.3599544,0.12968486547470093,1.0,0.6711000204086304
YER120W,YDR059C,0,-5.3600464,0.12966805696487427,1.0,0.6711999773979187
YDL164C,YOR018W,0,-5.360242,0.1296512335538864,1.0,0.6712999939918518
YNL225C,YOR208W,0,-5.3603,0.12963442504405975,1.0,0.6714000105857849
YBR029C,YOR328W,0,-5.360429,0.1296176314353943,1.0,0.671500027179718
YDR283C,YGL192W,0,-5.3605146,0.12960082292556763,1.0,0.6715999841690063
YCL014W,YOR142W,0,-5.3605766,0.12958402931690216,1.0,0.6717000007629395
YPL061W,YOL116W,0,-5.3607407,0.1295672506093979,1.0,0.6718000173568726
YDR216W,YDL190C,0,-5.360847,0.12955045700073242,1.0,0.6718999743461609
YJL214W,YDL040C,0,-5.360866,0.12953367829322815,1.0,0.671999990940094
YPR131C,YBL088C,0,-5.3608704,0.12951689958572388,1.0,0.6721000075340271
YFR001W,YNL267W,0,-5.360924,0.1295001357793808,1.0,0.6722000241279602
YKR052C,YJR059W,0,-5.3609605,0.12948335707187653,1.0,0.6722999811172485
YKL054C,YPR032W,0,-5.3609715,0.12946659326553345,1.0,0.6723999977111816
YNR058W,YNL297C,0,-5.360976,0.12944984436035156,1.0,0.6725000143051147
YDL155W,YMR039C,0,-5.3610177,0.12943308055400848,1.0,0.6725999712944031
YNR058W,YDL093W,0,-5.3611317,0.1294163316488266,1.0,0.6726999878883362
YGR036C,YDL084W,0,-5.3612175,0.12939958274364471,1.0,0.6728000044822693
YGR224W,YLR266C,0,-5.3612976,0.12938284873962402,1.0,0.6729000210762024
YGL022W,YBR162C,0,-5.3613787,0.12936609983444214,1.0,0.6729999780654907
YHR077C,YML032C,0,-5.36143,0.12934936583042145,1.0,0.6730999946594238
YNR060W,YPL137C,0,-5.361451,0.12933264672756195,1.0,0.6732000112533569
YLR088W,YDR005C,0,-5.3614845,0.12931591272354126,1.0,0.67330002784729
YLR207W,YMR070W,0,-5.361674,0.12929919362068176,1.0,0.6733999848365784
YCR038C,YBR010W,0,-5.361679,0.12928248941898346,1.0,0.6735000014305115
YIL053W,YHR027C,0,-5.361738,0.12926577031612396,1.0,0.6736000180244446
YDR288W,YEL054C,0,-5.3617477,0.12924906611442566,1.0,0.6736999750137329
YPR030W,YML061C,0,-5.3617535,0.12923236191272736,1.0,0.673799991607666
YKL015W,YKL081W,0,-5.361821,0.12921565771102905,1.0,0.6739000082015991
YPL269W,YOL009C,0,-5.361824,0.12919896841049194,1.0,0.6740000247955322
YKL101W,YDR280W,0,-5.3618717,0.12918227910995483,1.0,0.6740999817848206
YGR268C,YOR308C,0,-5.362199,0.12916558980941772,1.0,0.6741999983787537
YBR010W,YPR165W,0,-5.3622646,0.1291489154100418,1.0,0.6743000149726868
YML067C,YML038C,0,-5.3622885,0.1291322261095047,1.0,0.6743999719619751
YDR477W,YNL246W,0,-5.362383,0.12911555171012878,1.0,0.6744999885559082
YGL191W,YDR486C,0,-5.3625026,0.12909889221191406,1.0,0.6746000051498413
YDR487C,YPR102C,0,-5.362523,0.12908223271369934,1.0,0.6747000217437744
YJL208C,YCR106W,0,-5.362568,0.12906555831432343,1.0,0.6747999787330627
YNL145W,YGR253C,0,-5.362624,0.1290489137172699,1.0,0.6748999953269958
YLR260W,YER125W,0,-5.362625,0.12903225421905518,1.0,0.675000011920929
YGL191W,YOR328W,0,-5.3626285,0.12901560962200165,1.0,0.6751000285148621
YIR037W,YHR014W,0,-5.3626432,0.12899896502494812,1.0,0.6751999855041504
YJL124C,YML109W,0,-5.3627,0.1289823353290558,1.0,0.6753000020980835
YNL270C,YGR169C,0,-5.3628464,0.12896569073200226,1.0,0.6754000186920166
YMR070W,YBR218C,0,-5.362878,0.12894906103610992,1.0,0.6754999756813049
YIR012W,YDR532C,0,-5.3629236,0.12893244624137878,1.0,0.675599992275238
YJR021C,YDL229W,0,-5.3629694,0.12891581654548645,1.0,0.6757000088691711
YDR298C,YGR143W,0,-5.362992,0.1288992017507553,1.0,0.6758000254631042
YFR013W,YPR073C,0,-5.3630357,0.12888258695602417,1.0,0.6758999824523926
YJL090C,YEL060C,0,-5.3630447,0.12886597216129303,1.0,0.6759999990463257
YNL103W,YLR166C,0,-5.3630524,0.12884937226772308,1.0,0.6761000156402588
YMR042W,YER107C,0,-5.363066,0.12883277237415314,1.0,0.6761999726295471
YBR272C,YLR034C,0,-5.363133,0.1288161724805832,1.0,0.6762999892234802
YEL054C,YMR039C,0,-5.363221,0.12879958748817444,1.0,0.6764000058174133
YOR236W,YPR162C,0,-5.3632307,0.12878300249576569,1.0,0.6765000224113464
YOR355W,YMR281W,0,-5.3632693,0.12876641750335693,1.0,0.6765999794006348
YDL161W,YML046W,0,-5.36341,0.12874983251094818,1.0,0.6766999959945679
YPR200C,YOR265W,0,-5.36392,0.12873326241970062,1.0,0.676800012588501
YOR362C,YDR472W,0,-5.363947,0.12871669232845306,1.0,0.6769000291824341
YHR190W,YPL022W,0,-5.364031,0.1287001222372055,1.0,0.6769999861717224
YBR002C,YLR208W,0,-5.3640666,0.12868356704711914,1.0,0.6771000027656555
YLR276C,YMR077C,0,-5.364402,0.12866701185703278,1.0,0.6772000193595886
YDR298C,YGL173C,0,-5.3644543,0.1286504566669464,1.0,0.677299976348877
YJR053W,YGL126W,0,-5.3644657,0.12863390147686005,1.0,0.6773999929428101
YNR030W,YKL040C,0,-5.3645573,0.12861736118793488,1.0,0.6775000095367432
YDR174W,YAR003W,0,-5.364703,0.1286008208990097,1.0,0.6776000261306763
YGL099W,YCR084C,0,-5.364776,0.12858428061008453,1.0,0.6776999831199646
YLR377C,YDR288W,0,-5.3648005,0.12856775522232056,1.0,0.6777999997138977
YBR015C,YLR135W,0,-5.3650517,0.12855122983455658,1.0,0.6779000163078308
YNL041C,YDR477W,0,-5.365101,0.1285347044467926,1.0,0.6779999732971191
YOL108C,YDR025W,0,-5.365258,0.12851817905902863,1.0,0.6780999898910522
YDL165W,YER120W,0,-5.365265,0.12850166857242584,1.0,0.6782000064849854
YBR177C,YBL106C,0,-5.365324,0.12848515808582306,1.0,0.6783000230789185
YNL251C,YIL126W,0,-5.365387,0.12846864759922028,1.0,0.6783999800682068
YDL200C,YOR354C,0,-5.365394,0.1284521520137787,1.0,0.6784999966621399
YLR047C,YBR216C,0,-5.3653984,0.1284356564283371,1.0,0.678600013256073
YMR220W,YJL034W,0,-5.3655386,0.1284191608428955,1.0,0.6786999702453613
YPR018W,YDR143C,0,-5.365674,0.12840266525745392,1.0,0.6787999868392944
YPR186C,YMR175W,0,-5.365858,0.12838618457317352,1.0,0.6789000034332275
YKL068W,YOR256C,0,-5.365945,0.12836970388889313,1.0,0.6790000200271606
YGR188C,YKL081W,0,-5.365963,0.12835322320461273,1.0,0.679099977016449
YLR013W,YLR335W,0,-5.365974,0.12833675742149353,1.0,0.6791999936103821
YMR231W,YGR253C,0,-5.3660345,0.12832029163837433,1.0,0.6793000102043152
YDL101C,YGR158C,0,-5.3660836,0.12830382585525513,1.0,0.6794000267982483
YMR012W,YDL198C,0,-5.3661366,0.12828736007213593,1.0,0.6794999837875366
YNL182C,YGR033C,0,-5.366371,0.12827090919017792,1.0,0.6796000003814697
YHR183W,YPL164C,0,-5.3664894,0.1282544583082199,1.0,0.6797000169754028
YHR053C,YIR023W,0,-5.3665304,0.1282380074262619,1.0,0.6797999739646912
YER006W,YMR047C,0,-5.366867,0.1282215714454651,1.0,0.6798999905586243
YMR237W,YPL164C,0,-5.3670673,0.12820513546466827,1.0,0.6800000071525574
YER053C,YPL175W,0,-5.367159,0.12818869948387146,1.0,0.6801000237464905
YOR304W,YMR047C,0,-5.3674154,0.12817226350307465,1.0,0.6801999807357788
YPL110C,YLR176C,0,-5.3674154,0.12815584242343903,1.0,0.6802999973297119
YKL040C,YGR281W,0,-5.367469,0.1281394213438034,1.0,0.680400013923645
YHR108W,YDR167W,0,-5.367699,0.12812300026416779,1.0,0.6804999709129333
YHR088W,YGL135W,0,-5.367902,0.12810657918453217,1.0,0.6805999875068665
YOL089C,YKL019W,0,-5.3679886,0.12809017300605774,1.0,0.6807000041007996
YNL286W,YOL126C,0,-5.3681107,0.1280737668275833,1.0,0.6808000206947327
YHR021C,YOR367W,0,-5.3681555,0.12805737555027008,1.0,0.680899977684021
YIL035C,YGR270W,0,-5.368239,0.12804096937179565,1.0,0.6809999942779541
YHR190W,YBL041W,0,-5.3686304,0.12802457809448242,1.0,0.6811000108718872
YDL138W,YGL126W,0,-5.3687906,0.1280081868171692,1.0,0.6812000274658203
YLR208W,YOR272W,0,-5.3689413,0.12799181044101715,1.0,0.6812999844551086
YIL159W,YLR208W,0,-5.368975,0.1279754340648651,1.0,0.6814000010490417
YJL073W,YDR293C,0,-5.369091,0.12795905768871307,1.0,0.6815000176429749
YDR511W,YDL024C,0,-5.3690996,0.12794268131256104,1.0,0.6815999746322632
YLR135W,YDL084W,0,-5.369234,0.1279263198375702,1.0,0.6816999912261963
YFR050C,YOR149C,0,-5.369309,0.12790995836257935,1.0,0.6818000078201294
YOL104C,YDR059C,0,-5.3695374,0.1278935968875885,1.0,0.6819000244140625
YDR481C,YBL102W,0,-5.3696775,0.12787723541259766,1.0,0.6819999814033508
YDR069C,YDR178W,0,-5.3697004,0.127860888838768,1.0,0.6820999979972839
YMR237W,YPL159C,0,-5.3704195,0.12784454226493835,1.0,0.682200014591217
YER044C-A,YCR077C,0,-5.3704796,0.1278281956911087,1.0,0.6822999715805054
YCL067C,YHR200W,0,-5.370508,0.12781186401844025,1.0,0.6823999881744385
YNL055C,YKR089C,0,-5.3705406,0.1277955323457718,1.0,0.6825000047683716
YCR093W,YCL066W,0,-5.370582,0.12777920067310333,1.0,0.6826000213623047
YHR142W,YDL065C,0,-5.370592,0.12776286900043488,1.0,0.682699978351593
YOR039W,YNL097C,0,-5.3707714,0.1277465522289276,1.0,0.6827999949455261
YOL068C,YDL092W,0,-5.3709116,0.12773023545742035,1.0,0.6829000115394592
YIL106W,YLR435W,0,-5.370968,0.12771391868591309,1.0,0.6830000281333923
YGL012W,YLR176C,0,-5.371089,0.12769761681556702,1.0,0.6830999851226807
YCR008W,YGR212W,0,-5.3713355,0.12768130004405975,1.0,0.6832000017166138
YOL112W,YHR041C,0,-5.3713903,0.12766501307487488,1.0,0.6833000183105469
YLR079W,YMR146C,0,-5.3714876,0.1276487112045288,1.0,0.6833999752998352
YDL084W,YFL038C,0,-5.3715963,0.12763242423534393,1.0,0.6834999918937683
YNR007C,YBL017C,0,-5.3719425,0.12761613726615906,1.0,0.6836000084877014
YER041W,YNR047W,0,-5.3721404,0.12759985029697418,1.0,0.6837000250816345
YOR038C,YMR188C,0,-5.3721714,0.1275835633277893,1.0,0.6837999820709229
YDR151C,YBR082C,0,-5.372188,0.12756729125976562,1.0,0.683899998664856
YMR043W,YNL049C,0,-5.372292,0.12755101919174194,1.0,0.6840000152587891
YJL196C,YJL210W,0,-5.3723545,0.12753474712371826,1.0,0.6840999722480774
YML048W,YMR143W,0,-5.372376,0.12751848995685577,1.0,0.6841999888420105
YPR037C,YLR181C,0,-5.3724523,0.1275022327899933,1.0,0.6843000054359436
YCR107W,YGR179C,0,-5.372552,0.1274859756231308,1.0,0.6844000220298767
YCL051W,YKL068W,0,-5.372555,0.1274697333574295,1.0,0.684499979019165
YCR035C,YIL129C,0,-5.3726153,0.12745347619056702,1.0,0.6845999956130981
YGR224W,YPL204W,0,-5.3728814,0.12743723392486572,1.0,0.6847000122070312
YDR425W,YOR143C,0,-5.3729067,0.12742099165916443,1.0,0.6848000288009644
YPL037C,YML091C,0,-5.372912,0.12740476429462433,1.0,0.6848999857902527
YHR102W,YCR009C,0,-5.3729734,0.12738853693008423,1.0,0.6850000023841858
YJR065C,YBR218C,0,-5.373028,0.12737230956554413,1.0,0.6851000189781189
YDR513W,YKR090W,0,-5.3730707,0.12735608220100403,1.0,0.6851999759674072
YML075C,YLR340W,0,-5.3731318,0.12733986973762512,1.0,0.6852999925613403
YBR085W,YNL094W,0,-5.3733306,0.12732365727424622,1.0,0.6854000091552734
YPL101W,YOL116W,0,-5.3733807,0.1273074448108673,1.0,0.6855000257492065
YDR364C,YLR007W,0,-5.373414,0.1272912472486496,1.0,0.6855999827384949
YDL099W,YLR347C,0,-5.3734646,0.1272750347852707,1.0,0.685699999332428
YNL270C,YMR080C,0,-5.3736353,0.12725883722305298,1.0,0.6858000159263611
YDR524C,YJR076C,0,-5.3736486,0.12724265456199646,1.0,0.6858999729156494
YMR065W,YBR199W,0,-5.3736577,0.12722645699977875,1.0,0.6859999895095825
YPL129W,YGR082W,0,-5.373715,0.12721027433872223,1.0,0.6861000061035156
YPL140C,YPR103W,0,-5.3737197,0.1271940916776657,1.0,0.6862000226974487
YPR070W,YJL154C,0,-5.3738284,0.12717792391777039,1.0,0.6862999796867371
YOR037W,YBL042C,0,-5.3739195,0.12716175615787506,1.0,0.6863999962806702
YGR216C,YDL247W,0,-5.373987,0.12714558839797974,1.0,0.6865000128746033
YPL271W,YCR031C,0,-5.3741064,0.1271294206380844,1.0,0.6866000294685364
YHR193C,YJL176C,0,-5.3743267,0.1271132528781891,1.0,0.6866999864578247
YMR161W,YKR046C,0,-5.3745146,0.12709710001945496,1.0,0.6868000030517578
YMR301C,YPR191W,0,-5.3745813,0.12708094716072083,1.0,0.6869000196456909
YFR041C,YIL056W,0,-5.3748236,0.1270648092031479,1.0,0.6869999766349792
YNL264C,YML093W,0,-5.37549,0.12704865634441376,1.0,0.6870999932289124
YDR423C,YOR316C,0,-5.375532,0.12703251838684082,1.0,0.6872000098228455
YOR061W,YDR045C,0,-5.375614,0.12701638042926788,1.0,0.6873000264167786
YIL121W,YGR095C,0,-5.3757377,0.12700025737285614,1.0,0.6873999834060669
YLR189C,YPR143W,0,-5.3757854,0.1269841343164444,1.0,0.6875
YOR236W,YNL251C,0,-5.375866,0.12696801126003265,1.0,0.6876000165939331
YDR424C,YNL055C,0,-5.375927,0.1269518882036209,1.0,0.6876999735832214
YDL113C,YBR017C,0,-5.375957,0.12693576514720917,1.0,0.6877999901771545
YOR123C,YLR130C,0,-5.3760195,0.12691965699195862,1.0,0.6879000067710876
YBL093C,YGR162W,0,-5.3760514,0.12690354883670807,1.0,0.6880000233650208
YCL040W,YNR039C,0,-5.376074,0.1268874555826187,1.0,0.6880999803543091
YJL184W,YCR060W,0,-5.3761044,0.12687134742736816,1.0,0.6881999969482422
YLR231C,YER122C,0,-5.3762655,0.1268552541732788,1.0,0.6883000135421753
YFR004W,YOR290C,0,-5.376377,0.12683916091918945,1.0,0.6883999705314636
YLL041C,YLR425W,0,-5.376401,0.1268230825662613,1.0,0.6884999871253967
YPL063W,YOR064C,0,-5.3764477,0.12680700421333313,1.0,0.6886000037193298
YML095C,YDL194W,0,-5.3764653,0.12679092586040497,1.0,0.6887000203132629
YOR307C,YER093C,0,-5.3767385,0.1267748475074768,1.0,0.6887999773025513
YIL131C,YDL200C,0,-5.3769083,0.12675878405570984,1.0,0.6888999938964844
YBR212W,YOR195W,0,-5.37692,0.12674270570278168,1.0,0.6890000104904175
YDR059C,YDR485C,0,-5.376999,0.1267266571521759,1.0,0.6891000270843506
YGL003C,YGR086C,0,-5.377035,0.12671059370040894,1.0,0.6891999840736389
YPL256C,YMR313C,0,-5.3770595,0.12669454514980316,1.0,0.689300000667572
YKR061W,YPL097W,0,-5.37716,0.1266784965991974,1.0,0.6894000172615051
YOL051W,YPL047W,0,-5.377275,0.1266624480485916,1.0,0.6894999742507935
YML115C,YDL224C,0,-5.3773155,0.12664639949798584,1.0,0.6895999908447266
YPL242C,YGR171C,0,-5.377345,0.12663036584854126,1.0,0.6897000074386597
YGL166W,YAL034W-A,0,-5.3773623,0.12661433219909668,1.0,0.6898000240325928
YDR301W,YMR135C,0,-5.3774004,0.1265982985496521,1.0,0.6898999810218811
YNL098C,YBR171W,0,-5.3775973,0.1265822798013687,1.0,0.6899999976158142
YKL048C,YPL152W,0,-5.377633,0.12656626105308533,1.0,0.6901000142097473
YOR030W,YDL128W,0,-5.377733,0.12655024230480194,1.0,0.6901999711990356
YOL049W,YKL175W,0,-5.377887,0.12653422355651855,1.0,0.6902999877929688
YBL033C,YOR275C,0,-5.377897,0.12651821970939636,1.0,0.6904000043869019
YOR116C,YDR293C,0,-5.377966,0.12650221586227417,1.0,0.690500020980835
YPL262W,YJL173C,0,-5.378002,0.12648621201515198,1.0,0.6905999779701233
YDR378C,YGL153W,0,-5.3781376,0.12647022306919098,1.0,0.6906999945640564
YGL256W,YPL110C,0,-5.3781643,0.1264542192220688,1.0,0.6908000111579895
YNL258C,YBL093C,0,-5.3781815,0.1264382302761078,1.0,0.6909000277519226
YBR200W,YNL264C,0,-5.3783207,0.12642225623130798,1.0,0.6909999847412109
YEL056W,YNL088W,0,-5.378383,0.12640626728534698,1.0,0.691100001335144
YPL084W,YHR077C,0,-5.3785324,0.12639029324054718,1.0,0.6912000179290771
YCL016C,YBR086C,0,-5.378624,0.12637431919574738,1.0,0.6912999749183655
YLR175W,YGR247W,0,-5.3786445,0.12635834515094757,1.0,0.6913999915122986
YNL103W,YJL045W,0,-5.3787093,0.12634238600730896,1.0,0.6915000081062317
YJR089W,YDR470C,0,-5.37885,0.12632642686367035,1.0,0.6916000247001648
YLR286C,YNR039C,0,-5.378887,0.12631046772003174,1.0,0.6916999816894531
YNL085W,YDL044C,0,-5.3789625,0.12629452347755432,1.0,0.6917999982833862
YPL118W,YNL078W,0,-5.378994,0.1262785643339157,1.0,0.6919000148773193
YPL101W,YIR006C,0,-5.379396,0.1262626200914383,1.0,0.6919999718666077
YDL024C,YDR378C,0,-5.3796787,0.12624669075012207,1.0,0.6920999884605408
YJR059W,YOL039W,0,-5.3798456,0.12623074650764465,1.0,0.6922000050544739
YMR266W,YLR378C,0,-5.379846,0.12621481716632843,1.0,0.692300021648407
YMR276W,YGL115W,0,-5.3799086,0.1261988878250122,1.0,0.6923999786376953
YCR020C-A,YGR179C,0,-5.379939,0.12618295848369598,1.0,0.6924999952316284
YMR298W,YLR321C,0,-5.379959,0.12616704404354095,1.0,0.6926000118255615
YBL088C,YOR272W,0,-5.380046,0.12615112960338593,1.0,0.6927000284194946
YHR006W,YFL038C,0,-5.380061,0.1261352151632309,1.0,0.692799985408783
YNL259C,YOR056C,0,-5.380132,0.12611931562423706,1.0,0.6929000020027161
YPL194W,YLR355C,0,-5.380657,0.12610340118408203,1.0,0.6930000185966492
YGL003C,YML105C,0,-5.3806896,0.1260875016450882,1.0,0.6930999755859375
YNL270C,YJL207C,0,-5.3807774,0.12607160210609436,1.0,0.6931999921798706
YGR014W,YKR025W,0,-5.3808155,0.12605571746826172,1.0,0.6933000087738037
YGL233W,YKL130C,0,-5.3808627,0.12603983283042908,1.0,0.6934000253677368
YHR013C,YCR028C,0,-5.3813944,0.12602394819259644,1.0,0.6934999823570251
YLR450W,YPL042C,0,-5.381524,0.1260080635547638,1.0,0.6935999989509583
YLR096W,YLR340W,0,-5.3815584,0.12599219381809235,1.0,0.6937000155448914
YPL059W,YJR086W,0,-5.3815765,0.1259763091802597,1.0,0.6937999725341797
YGL119W,YPR191W,0,-5.381733,0.12596045434474945,1.0,0.6938999891281128
YCL051W,YNL177C,0,-5.3817444,0.125944584608078,1.0,0.6940000057220459
YOR355W,YBL033C,0,-5.3817844,0.12592872977256775,1.0,0.694100022315979
YDR116C,YNL311C,0,-5.381791,0.1259128749370575,1.0,0.6941999793052673
YGL158W,YBR172C,0,-5.381835,0.12589702010154724,1.0,0.6942999958992004
YDL008W,YOL026C,0,-5.3818607,0.125881165266037,1.0,0.6944000124931335
YJL170C,YKR086W,0,-5.381902,0.12586532533168793,1.0,0.6945000290870667
YKL141W,YMR273C,0,-5.3819566,0.12584948539733887,1.0,0.694599986076355
YNL094W,YOR112W,0,-5.381957,0.1258336454629898,1.0,0.6947000026702881
YMR112C,YGL028C,0,-5.381959,0.12581782042980194,1.0,0.6948000192642212
YOR039W,YHR031C,0,-5.3820305,0.12580198049545288,1.0,0.6948999762535095
YML128C,YCL031C,0,-5.3820553,0.1257861703634262,1.0,0.6949999928474426
YLR206W,YOR362C,0,-5.3821545,0.12577034533023834,1.0,0.6951000094413757
YKL140W,YML041C,0,-5.3821573,0.12575452029705048,1.0,0.6952000260353088
YMR015C,YBR121C,0,-5.382199,0.1257387101650238,1.0,0.6952999830245972
YJL198W,YPL019C,0,-5.3823233,0.12572290003299713,1.0,0.6953999996185303
YDR158W,YOR036W,0,-5.38254,0.12570710480213165,1.0,0.6955000162124634
YBR023C,YLR332W,0,-5.382647,0.12569130957126617,1.0,0.6955999732017517
YMR299C,YEL054C,0,-5.382737,0.1256754994392395,1.0,0.6956999897956848
YLL022C,YPR094W,0,-5.3827553,0.12565971910953522,1.0,0.6958000063896179
YGR180C,YNL044W,0,-5.3831697,0.12564392387866974,1.0,0.695900022983551
YNL051W,YPL253C,0,-5.383197,0.12562814354896545,1.0,0.6959999799728394
YNL090W,YPR054W,0,-5.3832617,0.12561236321926117,1.0,0.6960999965667725
YJL201W,YHR190W,0,-5.3836064,0.12559658288955688,1.0,0.6962000131607056
YLR039C,YDL092W,0,-5.383691,0.1255808174610138,1.0,0.6963000297546387
YIL167W,YDR259C,0,-5.3836985,0.1255650371313095,1.0,0.696399986743927
YMR043W,YIL037C,0,-5.3837147,0.12554927170276642,1.0,0.6965000033378601
YOL158C,YFL014W,0,-5.383822,0.12553352117538452,1.0,0.6966000199317932
YDR490C,YJL191W,0,-5.383903,0.12551775574684143,1.0,0.6966999769210815
YBL051C,YDR359C,0,-5.384244,0.12550200521945953,1.0,0.6967999935150146
YAR007C,YDR247W,0,-5.3842688,0.12548625469207764,1.0,0.6969000101089478
YOL023W,YGR212W,0,-5.384391,0.12547051906585693,1.0,0.6970000267028809
YGR007W,YER007W,0,-5.384473,0.12545476853847504,1.0,0.6970999836921692
YBL035C,YMR104C,0,-5.3845057,0.12543903291225433,1.0,0.6972000002861023
YJL014W,YJR021C,0,-5.3845787,0.12542329728603363,1.0,0.6973000168800354
YDR301W,YHR021C,0,-5.3846817,0.12540757656097412,1.0,0.6973999738693237
YDR108W,YML085C,0,-5.384701,0.1253918558359146,1.0,0.6974999904632568
YBR199W,YGR199W,0,-5.3847365,0.1253761351108551,1.0,0.6976000070571899
YCL043C,YPR032W,0,-5.3849115,0.1253604143857956,1.0,0.697700023651123
YNR008W,YCR039C,0,-5.384949,0.12534469366073608,1.0,0.6977999806404114
YOL061W,YER029C,0,-5.384974,0.12532898783683777,1.0,0.6978999972343445
YIL010W,YDR312W,0,-5.385273,0.12531328201293945,1.0,0.6980000138282776
YCL014W,YJR126C,0,-5.385365,0.12529757618904114,1.0,0.6980999708175659
YOR126C,YML041C,0,-5.385419,0.12528188526630402,1.0,0.698199987411499
YHL034C,YDR078C,0,-5.3856335,0.1252661943435669,1.0,0.6983000040054321
YNR008W,YDR145W,0,-5.3857055,0.12525050342082977,1.0,0.6984000205993652
YER016W,YDR529C,0,-5.3858256,0.12523481249809265,1.0,0.6984999775886536
YGL099W,YIL013C,0,-5.385948,0.12521913647651672,1.0,0.6985999941825867
YNL071W,YJL127C,0,-5.3861446,0.1252034604549408,1.0,0.6987000107765198
YAL034W-A,YDR135C,0,-5.3861637,0.12518778443336487,1.0,0.6988000273704529
YBR145W,YJR094C,0,-5.3863497,0.12517210841178894,1.0,0.6988999843597412
YGR088W,YPL129W,0,-5.3864393,0.1251564472913742,1.0,0.6990000009536743
YMR137C,YJR126C,0,-5.3868976,0.12514078617095947,1.0,0.6991000175476074
YGR278W,YBL041W,0,-5.3871946,0.12512512505054474,1.0,0.6991999745368958
YGR057C,YGR033C,0,-5.3874073,0.12510946393013,1.0,0.6992999911308289
YCL024W,YGR202C,0,-5.387413,0.12509381771087646,1.0,0.699400007724762
YNR058W,YAL026C,0,-5.3878665,0.12507817149162292,1.0,0.6995000243186951
YHR072W,YLR303W,0,-5.387999,0.12506252527236938,1.0,0.6995999813079834
YLR274W,YFL018C,0,-5.3880243,0.12504689395427704,1.0,0.6996999979019165
YCR047C,YGL124C,0,-5.38828,0.1250312626361847,1.0,0.6998000144958496
YJL178C,YGR036C,0,-5.388287,0.12501563131809235,1.0,0.6998999714851379
YLR228C,YKL080W,0,-5.388414,0.125,1.0,0.699999988079071
YGR256W,YPR162C,0,-5.3885336,0.12498437613248825,1.0,0.7001000046730042
YOL108C,YML038C,0,-5.3886185,0.1249687597155571,1.0,0.7002000212669373
YPR037C,YGL211W,0,-5.388959,0.12495314329862595,1.0,0.7002999782562256
YPL211W,YMR241W,0,-5.389078,0.12493753433227539,1.0,0.7003999948501587
YFL041W,YML115C,0,-5.389118,0.12492192536592484,1.0,0.7005000114440918
YHR077C,YNR048W,0,-5.3896008,0.12490632385015488,1.0,0.7006000280380249
YPR183W,YPL242C,0,-5.389682,0.12489072233438492,1.0,0.7006999850273132
YGL075C,YGR279C,0,-5.3898163,0.12487512826919556,1.0,0.7008000016212463
YBL079W,YHR041C,0,-5.3899355,0.1248595342040062,1.0,0.7009000182151794
YIL065C,YPL210C,0,-5.390168,0.12484394758939743,1.0,0.7009999752044678
YMR161W,YGR238C,0,-5.390339,0.12482836097478867,1.0,0.7010999917984009
YBR070C,YNL245C,0,-5.390484,0.1248127818107605,1.0,0.701200008392334
YMR052W,YOL034W,0,-5.3905606,0.12479720264673233,1.0,0.7013000249862671
YBL039C,YFL038C,0,-5.390609,0.12478163093328476,1.0,0.7013999819755554
YPR094W,YGR094W,0,-5.3906507,0.12476606667041779,1.0,0.7014999985694885
YPL195W,YGR268C,0,-5.391341,0.12475050240755081,1.0,0.7016000151634216
YAL005C,YKL041W,0,-5.3914495,0.12473493814468384,1.0,0.70169997215271
YLR085C,YPL089C,0,-5.391734,0.12471938133239746,1.0,0.7017999887466431
YLR138W,YOL094C,0,-5.3919797,0.12470383197069168,1.0,0.7019000053405762
YGR249W,YER049W,0,-5.392166,0.1246882826089859,1.0,0.7020000219345093
YOR236W,YGR013W,0,-5.392295,0.12467273324728012,1.0,0.7020999789237976
YDR180W,YBR082C,0,-5.392902,0.12465719133615494,1.0,0.7021999955177307
YML081C-A,YKL080W,0,-5.3930597,0.12464165687561035,1.0,0.7023000121116638
YLL060C,YFL037W,0,-5.3932867,0.12462612241506577,1.0,0.7024000287055969
YGL257C,YPL144W,0,-5.3932977,0.12461059540510178,1.0,0.7024999856948853
YDL192W,YKL080W,0,-5.393355,0.12459506839513779,1.0,0.7026000022888184
YML126C,YKL073W,0,-5.3934126,0.1245795413851738,1.0,0.7027000188827515
YPR154W,YNL064C,0,-5.393488,0.124564029276371,1.0,0.7027999758720398
YHR169W,YLR092W,0,-5.3936143,0.12454850971698761,1.0,0.7028999924659729
YMR199W,YOR359W,0,-5.39364,0.12453299760818481,1.0,0.703000009059906
YJL080C,YIL008W,0,-5.393771,0.12451749294996262,1.0,0.7031000256538391
YPL208W,YPR032W,0,-5.393876,0.12450199574232101,1.0,0.7031999826431274
YPL160W,YNL280C,0,-5.3939085,0.12448649108409882,1.0,0.7032999992370605
YNL097C,YPL212C,0,-5.3939714,0.12447100132703781,1.0,0.7034000158309937
YLL015W,YKR038C,0,-5.394123,0.12445550411939621,1.0,0.703499972820282
YOR320C,YKL173W,0,-5.3941693,0.1244400218129158,1.0,0.7035999894142151
YOR244W,YGR216C,0,-5.3942986,0.1244245395064354,1.0,0.7037000060081482
YDR120C,YKR020W,0,-5.394351,0.12440905719995499,1.0,0.7038000226020813
YAL041W,YDR158W,0,-5.394421,0.12439358234405518,1.0,0.7038999795913696
YOL143C,YBR258C,0,-5.394456,0.12437810748815536,1.0,0.7039999961853027
YKL195W,YGL013C,0,-5.394461,0.12436264008283615,1.0,0.7041000127792358
YML102W,YKL018W,0,-5.394519,0.12434718012809753,1.0,0.704200029373169
YJR076C,YER038C,0,-5.3947086,0.12433172017335892,1.0,0.7042999863624573
YER149C,YDR011W,0,-5.3949676,0.1243162602186203,1.0,0.7044000029563904
YGR262C,YOR373W,0,-5.3950624,0.12430080771446228,1.0,0.7045000195503235
YMR298W,YEL026W,0,-5.39532,0.12428536266088486,1.0,0.7045999765396118
YGL012W,YLR260W,0,-5.395502,0.12426991760730743,1.0,0.7046999931335449
YNL009W,YLR135W,0,-5.3956943,0.12425447255373001,1.0,0.704800009727478
YMR188C,YDR265W,0,-5.395774,0.12423903495073318,1.0,0.7049000263214111
YAR019C,YFL022C,0,-5.3958826,0.12422360479831696,1.0,0.7049999833106995
YNR072W,YML046W,0,-5.395964,0.12420817464590073,1.0,0.7050999999046326
YIL004C,YDR045C,0,-5.396011,0.1241927444934845,1.0,0.7052000164985657
YNL166C,YDL130W-A,0,-5.396057,0.12417732179164886,1.0,0.705299973487854
YNL078W,YLR263W,0,-5.396124,0.12416190654039383,1.0,0.7053999900817871
YMR068W,YCL004W,0,-5.396169,0.1241464912891388,1.0,0.7055000066757202
YOL033W,YMR004W,0,-5.3962064,0.12413108348846436,1.0,0.7056000232696533
YLR155C,YIL030C,0,-5.3963046,0.12411567568778992,1.0,0.7056999802589417
YLR370C,YIL072W,0,-5.3964415,0.12410027533769608,1.0,0.7057999968528748
YKL019W,YDL007W,0,-5.396747,0.12408487498760223,1.0,0.7059000134468079
YBR102C,YDL014W,0,-5.3967957,0.12406948208808899,1.0,0.7059999704360962
YNL099C,YGR186W,0,-5.3968296,0.12405408918857574,1.0,0.7060999870300293
YHR091C,YJL116C,0,-5.397109,0.1240387037396431,1.0,0.7062000036239624
YDR091C,YPL234C,0,-5.397446,0.12402331829071045,1.0,0.7063000202178955
YGR246C,YFR014C,0,-5.397451,0.1240079328417778,1.0,0.7063999772071838
YPL076W,YDL098C,0,-5.397463,0.12399256229400635,1.0,0.7064999938011169
YPR021C,YLL012W,0,-5.397511,0.1239771917462349,1.0,0.70660001039505
YDR483W,YMR022W,0,-5.397736,0.12396182119846344,1.0,0.7067000269889832
YPR073C,YBR030W,0,-5.3977537,0.12394645810127258,1.0,0.7067999839782715
YDR343C,YEL037C,0,-5.397767,0.12393109500408173,1.0,0.7069000005722046
YOL042W,YLR337C,0,-5.397901,0.12391573935747147,1.0,0.7070000171661377
YLR238W,YMR255W,0,-5.398164,0.1239003837108612,1.0,0.707099974155426
YAR019C,YMR225C,0,-5.398303,0.12388503551483154,1.0,0.7071999907493591
YAL043C,YKL056C,0,-5.3984623,0.12386968731880188,1.0,0.7073000073432922
YBL099W,YDR484W,0,-5.3985176,0.12385434657335281,1.0,0.7074000239372253
YGL045W,YIL068C,0,-5.398518,0.12383900582790375,1.0,0.7074999809265137
YHR001W-A,YGL039W,0,-5.39857,0.12382367253303528,1.0,0.7075999975204468
YLR256W,YLR011W,0,-5.3986998,0.1238083466887474,1.0,0.7077000141143799
YMR125W,YOL125W,0,-5.398761,0.12379302084445953,1.0,0.7077999711036682
YDR517W,YPL204W,0,-5.3989615,0.12377769500017166,1.0,0.7078999876976013
YLR382C,YMR127C,0,-5.3991194,0.12376237660646439,1.0,0.7080000042915344
YBL097W,YGL219C,0,-5.3991456,0.12374705821275711,1.0,0.7081000208854675
YDR264C,YOR221C,0,-5.3994794,0.12373174726963043,1.0,0.7081999778747559
YGR206W,YLR222C,0,-5.3994966,0.12371644377708435,1.0,0.708299994468689
YDR123C,YDR162C,0,-5.3995275,0.12370114028453827,1.0,0.7084000110626221
YNL136W,YOR253W,0,-5.3995614,0.12368583679199219,1.0,0.7085000276565552
YGL178W,YPL122C,0,-5.399638,0.1236705407500267,1.0,0.7085999846458435
YJR060W,YGL095C,0,-5.399791,0.12365525215864182,1.0,0.7087000012397766
YDL100C,YBR048W,0,-5.3998404,0.12363996356725693,1.0,0.7088000178337097
YGL084C,YCR031C,0,-5.4001937,0.12362467497587204,1.0,0.708899974822998
YPL084W,YKR022C,0,-5.400208,0.12360939383506775,1.0,0.7089999914169312
YGL174W,YGR074W,0,-5.400338,0.12359412014484406,1.0,0.7091000080108643
YLR210W,YBR107C,0,-5.4003487,0.12357884645462036,1.0,0.7092000246047974
YKL148C,YPL144W,0,-5.4005923,0.12356357276439667,1.0,0.7092999815940857
YDL159W,YIL008W,0,-5.400614,0.12354830652475357,1.0,0.7093999981880188
YEL015W,YMR250W,0,-5.4007006,0.12353304773569107,1.0,0.7095000147819519
YDL198C,YGL173C,0,-5.4007063,0.12351778894662857,1.0,0.7095999717712402
YOR023C,YMR260C,0,-5.4007444,0.12350253015756607,1.0,0.7096999883651733
YGR247W,YJR140C,0,-5.400755,0.12348727881908417,1.0,0.7098000049591064
YGL044C,YMR270C,0,-5.400897,0.12347203493118286,1.0,0.7099000215530396
YDR292C,YOL093W,0,-5.400954,0.12345679104328156,1.0,0.7099999785423279
YBR059C,YBR017C,0,-5.401118,0.12344154715538025,1.0,0.710099995136261
YGR004W,YOL001W,0,-5.4011917,0.12342631816864014,1.0,0.7102000117301941
YIL122W,YIL016W,0,-5.4013433,0.12341108173131943,1.0,0.7103000283241272
YNL159C,YMR319C,0,-5.4013643,0.12339585274457932,1.0,0.7103999853134155
YNL227C,YDL084W,0,-5.401392,0.1233806312084198,1.0,0.7105000019073486
YGR040W,YBR037C,0,-5.4014015,0.12336540967226028,1.0,0.7106000185012817
YOR034C,YIL019W,0,-5.4014482,0.12335018813610077,1.0,0.7106999754905701
YOR372C,YPR139C,0,-5.4015164,0.12333498150110245,1.0,0.7107999920845032
YBR119W,YOR001W,0,-5.401544,0.12331976741552353,1.0,0.7109000086784363
YLR397C,YPR083W,0,-5.4016395,0.12330456078052521,1.0,0.7110000252723694
YFL041W,YCR033W,0,-5.4018703,0.12328936159610748,1.0,0.7110999822616577
YIR015W,YML015C,0,-5.402157,0.12327416241168976,1.0,0.7111999988555908
YHR129C,YDR512C,0,-5.4021797,0.12325897067785263,1.0,0.7113000154495239
YDL007W,YLR354C,0,-5.4022913,0.1232437789440155,1.0,0.7113999724388123
YJL014W,YPL270W,0,-5.402349,0.12322858721017838,1.0,0.7114999890327454
YBR123C,YGR209C,0,-5.402372,0.12321340292692184,1.0,0.7116000056266785
YLR117C,YKL191W,0,-5.4026403,0.12319822609424591,1.0,0.7117000222206116
YGL119W,YGL020C,0,-5.402813,0.12318304926156998,1.0,0.7117999792098999
YKL029C,YGR116W,0,-5.4029055,0.12316787987947464,1.0,0.711899995803833
YKL049C,YML032C,0,-5.403124,0.1231527104973793,1.0,0.7120000123977661
YDL065C,YKR020W,0,-5.40348,0.12313754111528397,1.0,0.7121000289916992
YEL062W,YJL191W,0,-5.403611,0.12312238663434982,1.0,0.7121999859809875
YOL139C,YDR320C-A,0,-5.4037256,0.12310722470283508,1.0,0.7123000025749207
YLR242C,YER019W,0,-5.4037657,0.12309207022190094,1.0,0.7124000191688538
YAL042W,YHR031C,0,-5.403799,0.1230769231915474,1.0,0.7124999761581421
YLR295C,YML024W,0,-5.4038596,0.12306177616119385,1.0,0.7125999927520752
YGR159C,YDL080C,0,-5.4041505,0.1230466365814209,1.0,0.7127000093460083
YLR453C,YDR103W,0,-5.4044533,0.12303149700164795,1.0,0.7128000259399414
YDR364C,YCR084C,0,-5.4046483,0.1230163648724556,1.0,0.7128999829292297
YBR234C,YMR276W,0,-5.404753,0.12300123274326324,1.0,0.7129999995231628
YPL265W,YIL122W,0,-5.404863,0.12298610061407089,1.0,0.713100016117096
YGL207W,YBR030W,0,-5.404909,0.12297097593545914,1.0,0.7131999731063843
YDR298C,YKL190W,0,-5.4049454,0.12295585870742798,1.0,0.7132999897003174
YFL023W,YNL078W,0,-5.4049654,0.12294074147939682,1.0,0.7134000062942505
YNL163C,YGR033C,0,-5.40504,0.12292563170194626,1.0,0.7135000228881836
YGR267C,YDR335W,0,-5.4050455,0.1229105219244957,1.0,0.7135999798774719
YDR386W,YOR003W,0,-5.405199,0.12289541959762573,1.0,0.713699996471405
YER073W,YNL267W,0,-5.405224,0.12288031727075577,1.0,0.7138000130653381
YGL205W,YNR023W,0,-5.405286,0.1228652149438858,1.0,0.7139000296592712
YDR195W,YMR089C,0,-5.405485,0.12285012006759644,1.0,0.7139999866485596
YER009W,YOR359W,0,-5.405675,0.12283503264188766,1.0,0.7141000032424927
YLR133W,YLR228C,0,-5.4058437,0.1228199452161789,1.0,0.7142000198364258
YIL075C,YMR216C,0,-5.4059834,0.12280486524105072,1.0,0.7142999768257141
YOR204W,YFR052W,0,-5.4060874,0.12278978526592255,1.0,0.7143999934196472
YDR086C,YMR104C,0,-5.4061246,0.12277470529079437,1.0,0.7145000100135803
YBR297W,YOR143C,0,-5.406161,0.12275964021682739,1.0,0.7146000266075134
YFR047C,YGR220C,0,-5.4062576,0.12274456769227982,1.0,0.7146999835968018
YMR004W,YPR163C,0,-5.406454,0.12272950261831284,1.0,0.7148000001907349
YOL130W,YMR284W,0,-5.406584,0.12271444499492645,1.0,0.714900016784668
YDL031W,YDR353W,0,-5.4066925,0.12269938737154007,1.0,0.7149999737739563
YBL008W,YKR022C,0,-5.40676,0.12268432974815369,1.0,0.7150999903678894
YIL037C,YBL103C,0,-5.4068155,0.1226692870259285,1.0,0.7152000069618225
YGR004W,YKL145W,0,-5.4068866,0.12265423685312271,1.0,0.7153000235557556
YLR233C,YGL022W,0,-5.4069943,0.12263919413089752,1.0,0.715399980545044
YPR176C,YMR075W,0,-5.407144,0.12262415885925293,1.0,0.715499997138977
YBL041W,YJL222W,0,-5.40717,0.12260912358760834,1.0,0.7156000137329102
YLR097C,YMR313C,0,-5.4072776,0.12259408831596375,1.0,0.7156999707221985
YER061C,YAL026C,0,-5.407403,0.12257906049489975,1.0,0.7157999873161316
YNL023C,YGL209W,0,-5.407707,0.12256404012441635,1.0,0.7159000039100647
YML126C,YOR143C,0,-5.4077783,0.12254901975393295,1.0,0.7160000205039978
YMR167W,YPL171C,0,-5.4077997,0.12253400683403015,1.0,0.7160999774932861
YHR050W,YGR274C,0,-5.4078374,0.12251899391412735,1.0,0.7161999940872192
YDR098C,YJL034W,0,-5.407869,0.12250398099422455,1.0,0.7163000106811523
YNL094W,YNL163C,0,-5.4079933,0.12248897552490234,1.0,0.7164000272750854
YER026C,YKL130C,0,-5.408125,0.12247397750616074,1.0,0.7164999842643738
YDL220C,YMR235C,0,-5.408207,0.12245897948741913,1.0,0.7166000008583069
YGL256W,YDR174W,0,-5.4082866,0.12244398146867752,1.0,0.71670001745224
YDR076W,YPR140W,0,-5.4083567,0.12242899090051651,1.0,0.7167999744415283
YLR384C,YDR103W,0,-5.4083996,0.1224140077829361,1.0,0.7168999910354614
YJR110W,YDL235C,0,-5.4084578,0.12239901721477509,1.0,0.7170000076293945
YMR054W,YOR089C,0,-5.4084625,0.12238404154777527,1.0,0.7171000242233276
YML080W,YOL042W,0,-5.408592,0.12236906588077545,1.0,0.717199981212616
YMR091C,YGR296W,0,-5.4086037,0.12235409021377563,1.0,0.7172999978065491
YJL081C,YNL264C,0,-5.4087524,0.12233912199735641,1.0,0.7174000144004822
YMR047C,YBR167C,0,-5.4087625,0.12232416123151779,1.0,0.7174999713897705
YDR260C,YDL080C,0,-5.4087715,0.12230920046567917,1.0,0.7175999879837036
YBR107C,YPR067W,0,-5.4092073,0.12229423969984055,1.0,0.7177000045776367
YOL143C,YHR088W,0,-5.4092417,0.12227928638458252,1.0,0.7178000211715698
YJR118C,YDL019C,0,-5.409285,0.1222643330693245,1.0,0.7178999781608582
YFL005W,YDR260C,0,-5.4092884,0.12224938720464706,1.0,0.7179999947547913
YMR129W,YMR146C,0,-5.4092975,0.12223444879055023,1.0,0.7181000113487244
YNL097C,YML092C,0,-5.4095554,0.1222195029258728,1.0,0.7182000279426575
YGL045W,YIL018W,0,-5.410143,0.12220457196235657,1.0,0.7182999849319458
YPL140C,YOR340C,0,-5.410179,0.12218964099884033,1.0,0.7184000015258789
YGL037C,YGR270W,0,-5.410224,0.1221747100353241,1.0,0.718500018119812
YCR020C-A,YDR087C,0,-5.4104424,0.12215978652238846,1.0,0.7185999751091003
YDR101C,YGL174W,0,-5.4104753,0.12214486300945282,1.0,0.7186999917030334
YBL098W,YDL161W,0,-5.410487,0.12212994694709778,1.0,0.7188000082969666
YFL009W,YNL225C,0,-5.4106956,0.12211503088474274,1.0,0.7189000248908997
YML065W,YOR327C,0,-5.4112277,0.12210012227296829,1.0,0.718999981880188
YOR355W,YGR195W,0,-5.4114103,0.12208521366119385,1.0,0.7190999984741211
YGR229C,YDR359C,0,-5.411648,0.1220703125,1.0,0.7192000150680542
YPL101W,YDR175C,0,-5.4117484,0.12205541133880615,1.0,0.7192999720573425
YIL160C,YBR081C,0,-5.4117575,0.1220405176281929,1.0,0.7193999886512756
YGL071W,YNL026W,0,-5.4117684,0.12202562391757965,1.0,0.7195000052452087
YGR225W,YPR176C,0,-5.4117785,0.122010737657547,1.0,0.7196000218391418
YJL157C,YPL026C,0,-5.411825,0.12199585139751434,1.0,0.7196999788284302
YIL062C,YBL055C,0,-5.411928,0.12198097258806229,1.0,0.7197999954223633
YKL060C,YML014W,0,-5.41197,0.12196609377861023,1.0,0.7199000120162964
YFL013C,YKL019W,0,-5.4121194,0.12195122241973877,1.0,0.7200000286102295
YGL061C,YPL118W,0,-5.4124484,0.12193635106086731,1.0,0.7200999855995178
YLR220W,YGL225W,0,-5.412586,0.12192147970199585,1.0,0.7202000021934509
YBL035C,YML013W,0,-5.4127045,0.12190662324428558,1.0,0.720300018787384
YPL195W,YDL130W,0,-5.412944,0.12189175933599472,1.0,0.7203999757766724
YMR198W,YPR094W,0,-5.412964,0.12187690287828445,1.0,0.7204999923706055
YGL246C,YIR018W,0,-5.4130354,0.12186205387115479,1.0,0.7206000089645386
YLR028C,YDL004W,0,-5.4134436,0.12184720486402512,1.0,0.7207000255584717
YJR158W,YDR308C,0,-5.4134827,0.12183235585689545,1.0,0.72079998254776
YOL108C,YPL097W,0,-5.41349,0.12181751430034637,1.0,0.7208999991416931
YMR129W,YGL048C,0,-5.4138155,0.1218026801943779,1.0,0.7210000157356262
YGL136C,YDR485C,0,-5.4138384,0.12178784608840942,1.0,0.7210999727249146
YDR182W,YKL117W,0,-5.4138474,0.12177301198244095,1.0,0.7211999893188477
YMR004W,YBR114W,0,-5.413884,0.12175818532705307,1.0,0.7213000059127808
YMR042W,YDR393W,0,-5.4139023,0.12174336612224579,1.0,0.7214000225067139
YHR171W,YJL014W,0,-5.414053,0.12172854691743851,1.0,0.7214999794960022
YDL113C,YDR364C,0,-5.414073,0.12171372771263123,1.0,0.7215999960899353
YNL147W,YPL047W,0,-5.414161,0.12169891595840454,1.0,0.7217000126838684
YOR224C,YFR031C,0,-5.4144526,0.12168411165475845,1.0,0.7218000292778015
YPL208W,YBR254C,0,-5.4144945,0.12166929990053177,1.0,0.7218999862670898
YHR176W,YMR091C,0,-5.414522,0.12165450304746628,1.0,0.722000002861023
YDL102W,YNL135C,0,-5.414531,0.12163970619440079,1.0,0.722100019454956
YJR025C,YGR078C,0,-5.4146194,0.1216249093413353,1.0,0.7221999764442444
YPL051W,YLR163C,0,-5.414666,0.1216101199388504,1.0,0.7222999930381775
YBR132C,YOL061W,0,-5.4148283,0.12159533053636551,1.0,0.7224000096321106
YOR061W,YHR096C,0,-5.415195,0.12158054858446121,1.0,0.7225000262260437
YGL105W,YGR270W,0,-5.415266,0.12156576663255692,1.0,0.722599983215332
YBR186W,YKL018W,0,-5.4154344,0.12155099213123322,1.0,0.7226999998092651
YIL142W,YKL160W,0,-5.415477,0.12153621762990952,1.0,0.7228000164031982
YNL130C,YPL002C,0,-5.4155383,0.12152145057916641,1.0,0.7228999733924866
YPL117C,YJL156C,0,-5.4155946,0.12150668352842331,1.0,0.7229999899864197
YAL033W,YKL188C,0,-5.415806,0.1214919239282608,1.0,0.7231000065803528
YDL216C,YOR187W,0,-5.416046,0.1214771643280983,1.0,0.7232000231742859
YHR171W,YHL009C,0,-5.4161024,0.12146240472793579,1.0,0.7232999801635742
YBR121C,YKL080W,0,-5.4161763,0.12144765257835388,1.0,0.7233999967575073
YGL126W,YGL207W,0,-5.4162083,0.12143290787935257,1.0,0.7235000133514404
YMR129W,YDR137W,0,-5.416238,0.12141816318035126,1.0,0.7235999703407288
YDL102W,YLR447C,0,-5.416502,0.12140342593193054,1.0,0.7236999869346619
YOL064C,YLR196W,0,-5.4166107,0.12138868868350983,1.0,0.723800003528595
YLR170C,YOR363C,0,-5.4168215,0.12137395143508911,1.0,0.7239000201225281
YBR200W,YML121W,0,-5.4170346,0.12135922163724899,1.0,0.7239999771118164
YLR216C,YLR409C,0,-5.4173107,0.12134449928998947,1.0,0.7240999937057495
YOR237W,YFL018C,0,-5.417428,0.12132977694272995,1.0,0.7242000102996826
YMR238W,YGR094W,0,-5.4174786,0.12131505459547043,1.0,0.7243000268936157
YGL241W,YNL173C,0,-5.417491,0.1213003396987915,1.0,0.724399983882904
YML075C,YGR152C,0,-5.417598,0.12128562480211258,1.0,0.7245000004768372
YKR022C,YLR410W,0,-5.4177604,0.12127091735601425,1.0,0.7246000170707703
YDL231C,YCL004W,0,-5.4177647,0.12125621736049652,1.0,0.7246999740600586
YMR083W,YGR101W,0,-5.4177856,0.1212415099143982,1.0,0.7247999906539917
YPR083W,YDR386W,0,-5.4178,0.12122681736946106,1.0,0.7249000072479248
YMR023C,YEL004W,0,-5.4178295,0.12121212482452393,1.0,0.7250000238418579
YBR221C,YNL216W,0,-5.4178677,0.12119743227958679,1.0,0.7250999808311462
YML073C,YER100W,0,-5.4179854,0.12118274718523026,1.0,0.7251999974250793
YPL046C,YGR202C,0,-5.418455,0.12116806209087372,1.0,0.7253000140190125
YBR161W,YLR181C,0,-5.4185257,0.12115337699651718,1.0,0.7253999710083008
YER154W,YBR276C,0,-5.4185395,0.12113870680332184,1.0,0.7254999876022339
YKL196C,YMR106C,0,-5.418995,0.1211240291595459,1.0,0.725600004196167
YBR145W,YGL252C,0,-5.4191008,0.12110935896635056,1.0,0.7257000207901001
YDL212W,YGL127C,0,-5.41916,0.12109469622373581,1.0,0.7257999777793884
YGR167W,YFL048C,0,-5.4193287,0.12108003348112106,1.0,0.7258999943733215
YIR017C,YOR367W,0,-5.4193754,0.12106537818908691,1.0,0.7260000109672546
YER040W,YJR059W,0,-5.41999,0.12105072289705276,1.0,0.7261000275611877
YER052C,YOR187W,0,-5.4201117,0.12103606760501862,1.0,0.7261999845504761
YER045C,YOL077C,0,-5.420127,0.12102141976356506,1.0,0.7263000011444092
YDR072C,YHR021C,0,-5.420154,0.12100677937269211,1.0,0.7264000177383423
YJL157C,YOL027C,0,-5.420172,0.12099213898181915,1.0,0.7264999747276306
YBR127C,YLR360W,0,-5.4204664,0.1209774985909462,1.0,0.7265999913215637
YGL136C,YML098W,0,-5.420763,0.12096286565065384,1.0,0.7267000079154968
YNL159C,YBR186W,0,-5.4210806,0.12094823271036148,1.0,0.7268000245094299
YKR085C,YLR340W,0,-5.421158,0.12093360722064972,1.0,0.7268999814987183
YER125W,YGR162W,0,-5.4212728,0.12091898173093796,1.0,0.7269999980926514
YMR188C,YPL208W,0,-5.4213095,0.1209043636918068,1.0,0.7271000146865845
YGL245W,YPR103W,0,-5.421386,0.12088974565267563,1.0,0.7271999716758728
YIL065C,YPL262W,0,-5.4217024,0.12087513506412506,1.0,0.7272999882698059
YGL244W,YNL167C,0,-5.422369,0.1208605244755745,1.0,0.727400004863739
YMR207C,YER112W,0,-5.4224577,0.12084592133760452,1.0,0.7275000214576721
YNR008W,YEL037C,0,-5.422574,0.12083131819963455,1.0,0.7275999784469604
YDR148C,YML034W,0,-5.4228177,0.12081672251224518,1.0,0.7276999950408936
YER056C,YDR515W,0,-5.422968,0.1208021268248558,1.0,0.7278000116348267
YPL178W,YKL041W,0,-5.4232607,0.12078753113746643,1.0,0.7279000282287598
YLR276C,YPR024W,0,-5.4233227,0.12077295035123825,1.0,0.7279999852180481
YHR204W,YLR410W,0,-5.4234133,0.12075836211442947,1.0,0.7281000018119812
YER025W,YML015C,0,-5.423552,0.1207437813282013,1.0,0.7282000184059143
YPL211W,YGR135W,0,-5.423915,0.12072920799255371,1.0,0.7282999753952026
YGL245W,YPL224C,0,-5.4239163,0.12071462720632553,1.0,0.7283999919891357
YGR261C,YMR273C,0,-5.4240303,0.12070006132125854,1.0,0.7285000085830688
YHR085W,YGR199W,0,-5.4240694,0.12068549543619156,1.0,0.728600025177002
YAL053W,YDR005C,0,-5.424116,0.12067092955112457,1.0,0.7286999821662903
YPL259C,YMR039C,0,-5.424266,0.12065637111663818,1.0,0.7287999987602234
YLL019C,YBL079W,0,-5.4245234,0.1206418126821518,1.0,0.7289000153541565
YLR110C,YDL077C,0,-5.4246845,0.120627261698246,1.0,0.7289999723434448
YIL004C,YJR156C,0,-5.424698,0.12061271071434021,1.0,0.7290999889373779
YJL003W,YMR276W,0,-5.424757,0.12059816718101501,1.0,0.729200005531311
YNL275W,YPL175W,0,-5.4247622,0.12058362364768982,1.0,0.7293000221252441
YGL055W,YER100W,0,-5.425271,0.12056908756494522,1.0,0.7293999791145325
YOR354C,YJL045W,0,-5.425437,0.12055455148220062,1.0,0.7294999957084656
YML008C,YNR039C,0,-5.4255447,0.12054002285003662,1.0,0.7296000123023987
YLR201C,YER056C,0,-5.4255877,0.12052549421787262,1.0,0.7297000288963318
YGR256W,YKR082W,0,-5.425646,0.12051096558570862,1.0,0.7297999858856201
YDR046C,YMR211W,0,-5.4256697,0.12049644440412521,1.0,0.7299000024795532
YJR040W,YOL148C,0,-5.425872,0.1204819306731224,1.0,0.7300000190734863
YLR350W,YKR008W,0,-5.425888,0.1204674169421196,1.0,0.7300999760627747
YOR067C,YDL142C,0,-5.425911,0.12045290321111679,1.0,0.7301999926567078
YCR094W,YOL126C,0,-5.425939,0.12043839693069458,1.0,0.7303000092506409
YDR375C,YCL016C,0,-5.4261484,0.12042389065027237,1.0,0.730400025844574
YGR103W,YEL031W,0,-5.426246,0.12040939182043076,1.0,0.7304999828338623
YLR259C,YKL173W,0,-5.4262514,0.12039489299058914,1.0,0.7305999994277954
YJL196C,YOR253W,0,-5.426393,0.12038040161132812,1.0,0.7307000160217285
YBR109C,YJR044C,0,-5.42642,0.12036591023206711,1.0,0.7307999730110168
YNL326C,YDR529C,0,-5.4265013,0.12035142630338669,1.0,0.73089998960495
YNR053C,YHR083W,0,-5.426657,0.12033694237470627,1.0,0.7310000061988831
YLR052W,YMR225C,0,-5.4267607,0.12032246589660645,1.0,0.7311000227928162
YJR108W,YJL039C,0,-5.426832,0.12030798941850662,1.0,0.7311999797821045
YOL051W,YFL003C,0,-5.4268875,0.1202935129404068,1.0,0.7312999963760376
YDR021W,YOL108C,0,-5.426922,0.12027904391288757,1.0,0.7314000129699707
YOR005C,YFR001W,0,-5.4269876,0.12026458233594894,1.0,0.7315000295639038
YER073W,YJL204C,0,-5.427166,0.12025012075901031,1.0,0.7315999865531921
YAR033W,YBL025W,0,-5.4273276,0.12023565918207169,1.0,0.7317000031471252
YOL100W,YIL105C,0,-5.427353,0.12022120505571365,1.0,0.7318000197410583
YGR278W,YLR007W,0,-5.4273653,0.12020675837993622,1.0,0.7318999767303467
YIR002C,YOL040C,0,-5.4276,0.12019230425357819,1.0,0.7319999933242798
YBR050C,YLR176C,0,-5.427658,0.12017786502838135,1.0,0.7321000099182129
YBR236C,YKR099W,0,-5.4278274,0.12016342580318451,1.0,0.732200026512146
YDR244W,YDL130W,0,-5.427888,0.12014898657798767,1.0,0.7322999835014343
YLR011W,YIL068C,0,-5.4279394,0.12013454735279083,1.0,0.7324000000953674
YOL077W-A,YOR149C,0,-5.4280124,0.12012012302875519,1.0,0.7325000166893005
YJL157C,YPL218W,0,-5.4280877,0.12010569125413895,1.0,0.7325999736785889
YOR321W,YDR472W,0,-5.428117,0.1200912669301033,1.0,0.732699990272522
YLR228C,YML055W,0,-5.428218,0.12007685005664825,1.0,0.7328000068664551
YDR384C,YJR143C,0,-5.4282913,0.1200624331831932,1.0,0.7329000234603882
YNL323W,YGR095C,0,-5.4284616,0.12004801630973816,1.0,0.7329999804496765
YIL142W,YLR380W,0,-5.428548,0.12003360688686371,1.0,0.7330999970436096
YCL035C,YNL177C,0,-5.428685,0.12001920491456985,1.0,0.7332000136375427
YMR038C,YMR104C,0,-5.42881,0.120004802942276,1.0,0.733299970626831
YDL192W,YGL257C,0,-5.42899,0.11999040096998215,1.0,0.7333999872207642
YIL007C,YDR195W,0,-5.4293876,0.11997600644826889,1.0,0.7335000038146973
YOR035C,YGR033C,0,-5.4294133,0.11996161192655563,1.0,0.7336000204086304
YGR214W,YGR161C,0,-5.4295897,0.11994722485542297,1.0,0.7336999773979187
YJR006W,YOL060C,0,-5.4297233,0.11993283778429031,1.0,0.7337999939918518
YML062C,YPL274W,0,-5.429759,0.11991845816373825,1.0,0.7339000105857849
YGL238W,YPR030W,0,-5.4298477,0.11990407854318619,1.0,0.734000027179718
YEL050C,YDR472W,0,-5.429891,0.11988969892263412,1.0,0.7340999841690063
YNL270C,YKR038C,0,-5.429969,0.11987532675266266,1.0,0.7342000007629395
YNL223W,YGL005C,0,-5.429973,0.11986096203327179,1.0,0.7343000173568726
YDR363W,YLL031C,0,-5.4303045,0.11984659731388092,1.0,0.7343999743461609
YOR037W,YDL031W,0,-5.430319,0.11983223259449005,1.0,0.734499990940094
YKL101W,YMR153W,0,-5.430522,0.11981787532567978,1.0,0.7346000075340271
YDR060W,YPL174C,0,-5.430542,0.1198035255074501,1.0,0.7347000241279602
YPL231W,YBR199W,0,-5.4305677,0.11978916823863983,1.0,0.7347999811172485
YMR299C,YPR083W,0,-5.4306545,0.11977482587099075,1.0,0.7348999977111816
YDR337W,YBR254C,0,-5.43068,0.11976047605276108,1.0,0.7350000143051147
YBL041W,YMR234W,0,-5.430755,0.1197461411356926,1.0,0.7350999712944031
YNL294C,YMR234W,0,-5.43078,0.11973179876804352,1.0,0.7351999878883362
YDR481C,YLR045C,0,-5.4307895,0.11971746385097504,1.0,0.7353000044822693
YNL059C,YBR169C,0,-5.4312263,0.11970313638448715,1.0,0.7354000210762024
YFR004W,YLR383W,0,-5.4313135,0.11968880891799927,1.0,0.7354999780654907
YNR043W,YDR300C,0,-5.4314284,0.11967448890209198,1.0,0.7355999946594238
YPL084W,YOR321W,0,-5.431437,0.1196601614356041,1.0,0.7357000112533569
YDR116C,YBL024W,0,-5.431451,0.1196458488702774,1.0,0.73580002784729
YOR335C,YMR129W,0,-5.4314957,0.11963153630495071,1.0,0.7358999848365784
YGL209W,YML109W,0,-5.432051,0.11961722373962402,1.0,0.7360000014305115
YNR056C,YGL136C,0,-5.4322586,0.11960291862487793,1.0,0.7361000180244446
YKL188C,YGL066W,0,-5.432411,0.11958861351013184,1.0,0.7361999750137329
YIL004C,YFL048C,0,-5.4327936,0.11957431584596634,1.0,0.736299991607666
YPL164C,YGL111W,0,-5.4329,0.11956001818180084,1.0,0.7364000082015991
YDR163W,YHR143W,0,-5.433159,0.11954572796821594,1.0,0.7365000247955322
YDR182W,YOR371C,0,-5.433256,0.11953143775463104,1.0,0.7365999817848206
YAR002C-A,YNL036W,0,-5.433382,0.11951714754104614,1.0,0.7366999983787537
YBL017C,YLR292C,0,-5.43344,0.11950286477804184,1.0,0.7368000149726868
YGR162W,YLR298C,0,-5.433503,0.11948858946561813,1.0,0.7368999719619751
YGR286C,YDR394W,0,-5.433593,0.11947431415319443,1.0,0.7369999885559082
YCL025C,YDR028C,0,-5.4336605,0.11946003884077072,1.0,0.7371000051498413
YKL205W,YCR027C,0,-5.433671,0.11944577097892761,1.0,0.7372000217437744
YPL242C,YOL126C,0,-5.433675,0.1194315031170845,1.0,0.7372999787330627
YGL084C,YPL122C,0,-5.433802,0.11941724270582199,1.0,0.7373999953269958
YOR038C,YML041C,0,-5.433892,0.11940298229455948,1.0,0.737500011920929
YML126C,YHR098C,0,-5.4340568,0.11938872933387756,1.0,0.7376000285148621
YLR114C,YDL174C,0,-5.4340715,0.11937447637319565,1.0,0.7376999855041504
YMR142C,YGL129C,0,-5.4341545,0.11936023086309433,1.0,0.7378000020980835
YBR145W,YLR060W,0,-5.4342957,0.11934598535299301,1.0,0.7379000186920166
YHR043C,YNL188W,0,-5.434539,0.1193317398428917,1.0,0.7379999756813049
YPL160W,YBR167C,0,-5.4347854,0.11931750178337097,1.0,0.738099992275238
YDR099W,YGR098C,0,-5.434923,0.11930327117443085,1.0,0.7382000088691711
YDL013W,YGR057C,0,-5.434971,0.11928904056549072,1.0,0.7383000254631042
YBR179C,YJL054W,0,-5.435317,0.1192748099565506,1.0,0.7383999824523926
YNL272C,YOR172W,0,-5.435604,0.11926058679819107,1.0,0.7384999990463257
YGL054C,YHR021C,0,-5.435709,0.11924636363983154,1.0,0.7386000156402588
YKL038W,YFL004W,0,-5.4357843,0.11923214793205261,1.0,0.7386999726295471
YLR226W,YGR101W,0,-5.435801,0.11921793222427368,1.0,0.7387999892234802
YLR196W,YIL073C,0,-5.4358363,0.11920371651649475,1.0,0.7389000058174133
YER111C,YKL175W,0,-5.4360075,0.11918950825929642,1.0,0.7390000224113464
YKR046C,YEL037C,0,-5.4363213,0.11917530745267868,1.0,0.7390999794006348
YBL090W,YDL225W,0,-5.436428,0.11916110664606094,1.0,0.7391999959945679
YBR179C,YDR362C,0,-5.436619,0.1191469058394432,1.0,0.739300012588501
YPL146C,YGL129C,0,-5.436728,0.11913271248340607,1.0,0.7394000291824341
YOL012C,YHR120W,0,-5.4368134,0.11911852657794952,1.0,0.7394999861717224
YPR176C,YHR165C,0,-5.436924,0.11910433322191238,1.0,0.7396000027656555
YPL161C,YKL009W,0,-5.4369965,0.11909015476703644,1.0,0.7397000193595886
YCR037C,YMR283C,0,-5.437084,0.1190759688615799,1.0,0.739799976348877
YDR216W,YDR280W,0,-5.43727,0.11906179040670395,1.0,0.7398999929428101
YGR091W,YJR103W,0,-5.437757,0.1190476194024086,1.0,0.7400000095367432
YGL048C,YNL154C,0,-5.4381742,0.11903344839811325,1.0,0.7401000261306763
YDR448W,YGR135W,0,-5.4384108,0.1190192848443985,1.0,0.7401999831199646
YDR071C,YDL229W,0,-5.4384265,0.11900511384010315,1.0,0.7402999997138977
YNL281W,YHR085W,0,-5.438561,0.118990957736969,1.0,0.7404000163078308
YKL013C,YGL251C,0,-5.4385967,0.11897680163383484,1.0,0.7404999732971191
YML102W,YGR074W,0,-5.4386625,0.11896264553070068,1.0,0.7405999898910522
YLR427W,YMR091C,0,-5.4387007,0.11894849687814713,1.0,0.7407000064849854
YGR134W,YDL003W,0,-5.4387355,0.11893434822559357,1.0,0.7408000230789185
YDR016C,YKL212W,0,-5.438903,0.1189202070236206,1.0,0.7408999800682068
YCR008W,YFR003C,0,-5.438982,0.11890606582164764,1.0,0.7409999966621399
YPR154W,YHR099W,0,-5.439167,0.11889192461967468,1.0,0.741100013256073
YOR034C,YOR143C,0,-5.4392405,0.11887779086828232,1.0,0.7411999702453613
YGL192W,YGL241W,0,-5.4394546,0.11886366456747055,1.0,0.7412999868392944
YNL173C,YBR057C,0,-5.439638,0.11884953826665878,1.0,0.7414000034332275
YBL015W,YFR037C,0,-5.439738,0.11883541196584702,1.0,0.7415000200271606
YML061C,YER041W,0,-5.4397798,0.11882129311561584,1.0,0.741599977016449
YGR098C,YOL064C,0,-5.4398503,0.11880717426538467,1.0,0.7416999936103821
YNL223W,YER013W,0,-5.4398894,0.1187930628657341,1.0,0.7418000102043152
YDR270W,YOR332W,0,-5.4399405,0.11877895146608353,1.0,0.7419000267982483
YLL050C,YIL056W,0,-5.439941,0.11876484751701355,1.0,0.7419999837875366
YOL023W,YHR065C,0,-5.439948,0.11875074356794357,1.0,0.7421000003814697
YNL166C,YFL005W,0,-5.4399905,0.1187366396188736,1.0,0.7422000169754028
YMR109W,YLR067C,0,-5.4400167,0.11872254312038422,1.0,0.7422999739646912
YNL118C,YOR297C,0,-5.4401956,0.11870845407247543,1.0,0.7423999905586243
YGR225W,YHR072W,0,-5.44025,0.11869436502456665,1.0,0.7425000071525574
YPR081C,YOR116C,0,-5.4406877,0.11868027597665787,1.0,0.7426000237464905
YGR224W,YPL020C,0,-5.4407845,0.11866619437932968,1.0,0.7426999807357788
YDL138W,YJL080C,0,-5.441123,0.1186521127820015,1.0,0.7427999973297119
YGL084C,YJL002C,0,-5.4411287,0.1186380386352539,1.0,0.742900013923645
YLR100W,YPL043W,0,-5.441368,0.11862396448850632,1.0,0.7429999709129333
YGR247W,YBR196C,0,-5.4414854,0.11860989034175873,1.0,0.7430999875068665
YAL029C,YML095C,0,-5.4416175,0.11859582364559174,1.0,0.7432000041007996
YDR331W,YDR221W,0,-5.441843,0.11858176440000534,1.0,0.7433000206947327
YPR057W,YDL128W,0,-5.4420986,0.11856770515441895,1.0,0.743399977684021
YDL208W,YPL094C,0,-5.4422255,0.11855364590883255,1.0,0.7434999942779541
YLR133W,YKL074C,0,-5.4423428,0.11853959411382675,1.0,0.7436000108718872
YKR026C,YLR265C,0,-5.4424276,0.11852554231882095,1.0,0.7437000274658203
YGR060W,YDR339C,0,-5.442756,0.11851149797439575,1.0,0.7437999844551086
YNR030W,YPL190C,0,-5.442812,0.11849745362997055,1.0,0.7439000010490417
YMR203W,YDL190C,0,-5.4429054,0.11848340928554535,1.0,0.7440000176429749
YKL176C,YKL126W,0,-5.443032,0.11846937239170074,1.0,0.7440999746322632
YBR145W,YMR076C,0,-5.4430447,0.11845534294843674,1.0,0.7441999912261963
YER045C,YLR172C,0,-5.4430604,0.11844131350517273,1.0,0.7443000078201294
YPR070W,YNL121C,0,-5.443372,0.11842728406190872,1.0,0.7444000244140625
YOL158C,YEL024W,0,-5.443424,0.11841326206922531,1.0,0.7444999814033508
YHL036W,YHR041C,0,-5.44384,0.1183992400765419,1.0,0.7445999979972839
YKL043W,YGR123C,0,-5.443875,0.11838522553443909,1.0,0.744700014591217
YDL166C,YMR073C,0,-5.4438777,0.11837121099233627,1.0,0.7447999715805054
YMR208W,YEL003W,0,-5.443881,0.11835720390081406,1.0,0.7448999881744385
YGL245W,YHR084W,0,-5.443885,0.11834319680929184,1.0,0.7450000047683716
YER157W,YML115C,0,-5.443894,0.11832918971776962,1.0,0.7451000213623047
YGR167W,YFL033C,0,-5.4439497,0.118315190076828,1.0,0.745199978351593
YLR286C,YER117W,0,-5.443963,0.11830119788646698,1.0,0.7452999949455261
YMR140W,YML021C,0,-5.444015,0.11828719824552536,1.0,0.7454000115394592
YDR216W,YLR134W,0,-5.4440746,0.11827321350574493,1.0,0.7455000281333923
YPR155C,YNL072W,0,-5.4440913,0.11825922131538391,1.0,0.7455999851226807
YPL123C,YLR292C,0,-5.4441066,0.11824524402618408,1.0,0.7457000017166138
YLR196W,YEL041W,0,-5.4446497,0.11823125928640366,1.0,0.7458000183105469
YER017C,YER031C,0,-5.4446535,0.11821728199720383,1.0,0.7458999752998352
YGL037C,YML021C,0,-5.4447765,0.1182033121585846,1.0,0.7459999918937683
YDL113C,YJR076C,0,-5.444785,0.11818934231996536,1.0,0.7461000084877014
YER109C,YCL040W,0,-5.4448586,0.11817537248134613,1.0,0.7462000250816345
YPL196W,YGL213C,0,-5.4448924,0.1181614100933075,1.0,0.7462999820709229
YER036C,YDR164C,0,-5.444992,0.11814744770526886,1.0,0.746399998664856
YLR433C,YPR191W,0,-5.4450088,0.11813349276781082,1.0,0.7465000152587891
YBR161W,YMR047C,0,-5.445257,0.11811953783035278,1.0,0.7465999722480774
YHR043C,YDL181W,0,-5.445633,0.11810558289289474,1.0,0.7466999888420105
YOR354C,YOR301W,0,-5.445816,0.1180916354060173,1.0,0.7468000054359436
YNL159C,YOR334W,0,-5.445859,0.11807769536972046,1.0,0.7469000220298767
YCR071C,YAL005C,0,-5.4459558,0.11806375533342361,1.0,0.746999979019165
YMR319C,YFL058W,0,-5.4459643,0.11804981529712677,1.0,0.7470999956130981
YBL084C,YGR132C,0,-5.446226,0.11803588271141052,1.0,0.7472000122070312
YOR310C,YPL274W,0,-5.446234,0.11802195012569427,1.0,0.7473000288009644
YCL055W,YIL114C,0,-5.446293,0.11800802499055862,1.0,0.7473999857902527
YHR043C,YPR162C,0,-5.446535,0.11799409985542297,1.0,0.7475000023841858
YPR070W,YNL149C,0,-5.446684,0.11798018217086792,1.0,0.7476000189781189
YPL061W,YDL088C,0,-5.446694,0.11796626448631287,1.0,0.7476999759674072
YOL086C,YJR137C,0,-5.4466987,0.11795234680175781,1.0,0.7477999925613403
YNL270C,YDR060W,0,-5.4467697,0.11793843656778336,1.0,0.7479000091552734
YDR297W,YLR262C,0,-5.4468603,0.1179245263338089,1.0,0.7480000257492065
YLR025W,YJR103W,0,-5.446932,0.11791062355041504,1.0,0.7480999827384949
YAL012W,YHL034C,0,-5.4469395,0.11789672076702118,1.0,0.748199999332428
YDL243C,YLR276C,0,-5.4469976,0.11788282543420792,1.0,0.7483000159263611
YDR216W,YER005W,0,-5.4472523,0.11786893010139465,1.0,0.7483999729156494
YDL024C,YPL212C,0,-5.4472623,0.11785503476858139,1.0,0.7484999895095825
YLR119W,YGR024C,0,-5.447274,0.11784114688634872,1.0,0.7486000061035156
YHR171W,YBR135W,0,-5.4472857,0.11782726645469666,1.0,0.7487000226974487
YMR014W,YDR027C,0,-5.447502,0.11781338602304459,1.0,0.7487999796867371
YJR084W,YOL040C,0,-5.447518,0.11779950559139252,1.0,0.7488999962806702
YLR034C,YPL124W,0,-5.44761,0.11778563261032104,1.0,0.7490000128746033
YIL009C-A,YBL080C,0,-5.447739,0.11777175962924957,1.0,0.7491000294685364
YGR167W,YDR069C,0,-5.4478164,0.1177578866481781,1.0,0.7491999864578247
YBL097W,YAR033W,0,-5.4478664,0.11774402111768723,1.0,0.7493000030517578
YDR184C,YHR111W,0,-5.4479213,0.11773016303777695,1.0,0.7494000196456909
YGR175C,YMR153W,0,-5.4481077,0.11771630495786667,1.0,0.7494999766349792
YDR118W,YGL011C,0,-5.4485393,0.11770244687795639,1.0,0.7495999932289124
YPR054W,YER100W,0,-5.4485803,0.11768859624862671,1.0,0.7497000098228455
YPL097W,YLR145W,0,-5.4487906,0.11767474561929703,1.0,0.7498000264167786
YOL038W,YKR079C,0,-5.4490395,0.11766090244054794,1.0,0.7498999834060669
YDR277C,YPR108W,0,-5.4492216,0.11764705926179886,1.0,0.75
YHR114W,YKL055C,0,-5.4497337,0.11763321608304977,1.0,0.7501000165939331
YCR088W,YOR182C,0,-5.44998,0.11761938035488129,1.0,0.7501999735832214
YPL059W,YHR094C,0,-5.450116,0.1176055520772934,1.0,0.7502999901771545
YMR173W,YNL023C,0,-5.4501343,0.1175917237997055,1.0,0.7504000067710876
YPL015C,YGR181W,0,-5.4501834,0.11757789552211761,1.0,0.7505000233650208
YDR364C,YER100W,0,-5.4502463,0.11756407469511032,1.0,0.7505999803543091
YML078W,YJL146W,0,-5.4503903,0.11755025386810303,1.0,0.7506999969482422
YGR159C,YIL068C,0,-5.450711,0.11753643304109573,1.0,0.7508000135421753
YPL262W,YGR075C,0,-5.451251,0.11752261966466904,1.0,0.7508999705314636
YER070W,YNR047W,0,-5.4512568,0.11750881373882294,1.0,0.7509999871253967
YMR270C,YOR137C,0,-5.451285,0.11749500781297684,1.0,0.7511000037193298
YLL026W,YDR146C,0,-5.451374,0.11748120188713074,1.0,0.7512000203132629
YFR021W,YLR086W,0,-5.4513783,0.11746740341186523,1.0,0.7512999773025513
YGL084C,YHR056C,0,-5.4516573,0.11745360493659973,1.0,0.7513999938964844
YLR295C,YKR082W,0,-5.4517565,0.11743981391191483,1.0,0.7515000104904175
YGL032C,YKL074C,0,-5.4519672,0.11742602288722992,1.0,0.7516000270843506
YLR335W,YPL176C,0,-5.452067,0.11741223186254501,1.0,0.7516999840736389
YFL055W,YLR410W,0,-5.4521437,0.1173984482884407,1.0,0.751800000667572
YEL034W,YIL002C,0,-5.4522715,0.11738467216491699,1.0,0.7519000172615051
YMR184W,YMR095C,0,-5.4525394,0.11737088859081268,1.0,0.7519999742507935
YGL174W,YNL202W,0,-5.452573,0.11735711991786957,1.0,0.7520999908447266
YGL019W,YLL009C,0,-5.4526243,0.11734334379434586,1.0,0.7522000074386597
YOR037W,YJL148W,0,-5.452696,0.11732957512140274,1.0,0.7523000240325928
YPL147W,YOR048C,0,-5.452797,0.11731581389904022,1.0,0.7523999810218811
YOL145C,YMR079W,0,-5.452809,0.1173020526766777,1.0,0.7524999976158142
YHR123W,YIL155C,0,-5.453042,0.11728829145431519,1.0,0.7526000142097473
YFL025C,YNL177C,0,-5.4531054,0.11727453768253326,1.0,0.7526999711990356
YGL133W,YPR070W,0,-5.453269,0.11726079136133194,1.0,0.7527999877929688
YPR070W,YGR133W,0,-5.45334,0.11724703758955002,1.0,0.7529000043869019
YLR085C,YGL129C,0,-5.453616,0.1172332912683487,1.0,0.753000020980835
YDR264C,YLR360W,0,-5.4537377,0.11721955239772797,1.0,0.7530999779701233
YDR182W,YDR328C,0,-5.4539404,0.11720581352710724,1.0,0.7531999945640564
YLR350W,YDL065C,0,-5.454179,0.11719207465648651,1.0,0.7533000111579895
YOL123W,YJL154C,0,-5.454193,0.11717834323644638,1.0,0.7534000277519226
YMR290C,YDR142C,0,-5.4541974,0.11716461926698685,1.0,0.7534999847412109
YGR279C,YHR167W,0,-5.454277,0.11715088784694672,1.0,0.753600001335144
YDR411C,YML065W,0,-5.454282,0.11713717132806778,1.0,0.7537000179290771
YER145C,YOL004W,0,-5.4544086,0.11712344735860825,1.0,0.7537999749183655
YGR007W,YIR011C,0,-5.4545755,0.11710973083972931,1.0,0.7538999915122986
YDL005C,YBR218C,0,-5.4546313,0.11709602177143097,1.0,0.7540000081062317
YFL025C,YMR016C,0,-5.4547467,0.11708230525255203,1.0,0.7541000247001648
YGR007W,YJL208C,0,-5.4547787,0.11706860363483429,1.0,0.7541999816894531
YIL007C,YNL272C,0,-5.454833,0.11705490201711655,1.0,0.7542999982833862
YMR162C,YGL011C,0,-5.455004,0.1170412003993988,1.0,0.7544000148773193
YCR106W,YOR001W,0,-5.455468,0.11702749878168106,1.0,0.7544999718666077
YLR163C,YGR281W,0,-5.455577,0.11701380461454391,1.0,0.7545999884605408
YDR216W,YNL023C,0,-5.456069,0.11700011789798737,1.0,0.7547000050544739
YOL127W,YKL175W,0,-5.456408,0.11698643118143082,1.0,0.754800021648407
YJR025C,YPR065W,0,-5.4564495,0.11697274446487427,1.0,0.7548999786376953
YJR059W,YGL175C,0,-5.4564896,0.11695906519889832,1.0,0.7549999952316284
YPR124W,YAL016W,0,-5.456546,0.11694538593292236,1.0,0.7551000118255615
YLR429W,YBR142W,0,-5.4566536,0.11693171411752701,1.0,0.7552000284194946
YNL270C,YJR065C,0,-5.4566646,0.11691804230213165,1.0,0.755299985408783
YOR140W,YPL234C,0,-5.456703,0.1169043704867363,1.0,0.7554000020027161
YGR155W,YCL017C,0,-5.456728,0.11689070612192154,1.0,0.7555000185966492
YBR068C,YPR161C,0,-5.4569073,0.11687704175710678,1.0,0.7555999755859375
YLR172C,YDL028C,0,-5.456947,0.11686338484287262,1.0,0.7556999921798706
YHL019C,YPL234C,0,-5.4570293,0.11684972792863846,1.0,0.7558000087738037
YML013W,YLR410W,0,-5.4570847,0.1168360784649849,1.0,0.7559000253677368
YGL020C,YMR075W,0,-5.457575,0.11682242900133133,1.0,0.7559999823570251
YLL038C,YOR290C,0,-5.457819,0.11680878698825836,1.0,0.7560999989509583
YDL150W,YFL036W,0,-5.4579134,0.1167951449751854,1.0,0.7562000155448914
YPR036W,YHR135C,0,-5.4579496,0.11678150296211243,1.0,0.7562999725341797
YML046W,YEL050C,0,-5.4581738,0.11676786839962006,1.0,0.7563999891281128
YBR059C,YDL200C,0,-5.4582567,0.11675423383712769,1.0,0.7565000057220459
YOR317W,YLR134W,0,-5.458291,0.11674059927463531,1.0,0.756600022315979
YDL090C,YLR430W,0,-5.458618,0.11672697216272354,1.0,0.7566999793052673
YLR310C,YKL101W,0,-5.4586325,0.11671335250139236,1.0,0.7567999958992004
YOL116W,YGL129C,0,-5.4587603,0.11669973284006119,1.0,0.7569000124931335
YCR024C-A,YDR238C,0,-5.4587955,0.11668611317873001,1.0,0.7570000290870667
YDR075W,YDR394W,0,-5.4592094,0.11667250096797943,1.0,0.757099986076355
YBR234C,YOL042W,0,-5.459324,0.11665888875722885,1.0,0.7572000026702881
YER073W,YOR087W,0,-5.459358,0.11664528399705887,1.0,0.7573000192642212
YMR173W,YDR195W,0,-5.459615,0.11663167923688889,1.0,0.7573999762535095
YGR239C,YOL054W,0,-5.4596376,0.1166180744767189,1.0,0.7574999928474426
YGR083C,YKR089C,0,-5.45971,0.11660447716712952,1.0,0.7576000094413757
YHR042W,YGR274C,0,-5.4597344,0.11659087985754013,1.0,0.7577000260353088
YJR118C,YPL203W,0,-5.459749,0.11657728999853134,1.0,0.7577999830245972
YIL042C,YMR117C,0,-5.459808,0.11656370013952255,1.0,0.7578999996185303
YLR233C,YDR487C,0,-5.4598866,0.11655011773109436,1.0,0.7580000162124634
YKR048C,YOL143C,0,-5.4599953,0.11653653532266617,1.0,0.7580999732017517
YGL236C,YJL176C,0,-5.460008,0.11652295291423798,1.0,0.7581999897956848
YDR492W,YDR086C,0,-5.460091,0.11650937795639038,1.0,0.7583000063896179
YDR331W,YJL210W,0,-5.4602404,0.11649580299854279,1.0,0.758400022983551
YDL035C,YNL257C,0,-5.4602823,0.11648223549127579,1.0,0.7584999799728394
YER105C,YLR337C,0,-5.4603224,0.11646866798400879,1.0,0.7585999965667725
YAL012W,YKR053C,0,-5.460353,0.11645510792732239,1.0,0.7587000131607056
YMR213W,YNL298W,0,-5.460746,0.11644154787063599,1.0,0.7588000297546387
YJL003W,YNL038W,0,-5.4610367,0.11642798781394958,1.0,0.758899986743927
YPL233W,YDL065C,0,-5.461522,0.11641443520784378,1.0,0.7590000033378601
YLR361C,YNL264C,0,-5.4616985,0.11640088260173798,1.0,0.7591000199317932
YFL021W,YJR135C,0,-5.4617233,0.11638733744621277,1.0,0.7591999769210815
YAR033W,YEL017C-A,0,-5.461787,0.11637379229068756,1.0,0.7592999935150146
YGR246C,YPL057C,0,-5.462571,0.11636025458574295,1.0,0.7594000101089478
YBR102C,YNL201C,0,-5.4626327,0.11634671688079834,1.0,0.7595000267028809
YDR162C,YJL002C,0,-5.462714,0.11633317917585373,1.0,0.7595999836921692
YPR005C,YNL264C,0,-5.462921,0.11631964892148972,1.0,0.7597000002861023
YOL088C,YNL163C,0,-5.4631023,0.1163061186671257,1.0,0.7598000168800354
YHR072W,YLR427W,0,-5.46315,0.11629259586334229,1.0,0.7598999738693237
YNL280C,YHR170W,0,-5.4631653,0.11627907305955887,1.0,0.7599999904632568
YBR170C,YNL154C,0,-5.463171,0.11626555025577545,1.0,0.7601000070571899
YEL061C,YBL020W,0,-5.4632297,0.11625203490257263,1.0,0.760200023651123
YER038C,YBR088C,0,-5.4635215,0.11623851954936981,1.0,0.7602999806404114
YIL033C,YHR090C,0,-5.4635515,0.11622501164674759,1.0,0.7603999972343445
YGL014W,YOR069W,0,-5.463614,0.11621150374412537,1.0,0.7605000138282776
YDR265W,YPR125W,0,-5.4636564,0.11619800329208374,1.0,0.7605999708175659
YAL055W,YDR142C,0,-5.4636784,0.11618450284004211,1.0,0.760699987411499
YDR087C,YIR018W,0,-5.4639044,0.11617100238800049,1.0,0.7608000040054321
YOL126C,YOL100W,0,-5.463928,0.11615750938653946,1.0,0.7609000205993652
YBR109C,YHR053C,0,-5.463992,0.11614401638507843,1.0,0.7609999775886536
YIL038C,YNL326C,0,-5.464099,0.116130530834198,1.0,0.7610999941825867
YBL098W,YIL142W,0,-5.464176,0.11611704528331757,1.0,0.7612000107765198
YNL163C,YMR060C,0,-5.4641805,0.11610356718301773,1.0,0.7613000273704529
YOR159C,YDL217C,0,-5.4642935,0.1160900890827179,1.0,0.7613999843597412
YML071C,YDR208W,0,-5.464714,0.11607661098241806,1.0,0.7615000009536743
YGR143W,YOR256C,0,-5.4647255,0.11606314033269882,1.0,0.7616000175476074
YCL066W,YDR460W,0,-5.46481,0.11604966968297958,1.0,0.7616999745368958
YDR137W,YCL063W,0,-5.465117,0.11603620648384094,1.0,0.7617999911308289
YLR080W,YMR281W,0,-5.4651346,0.1160227432847023,1.0,0.761900007724762
YOR279C,YOR116C,0,-5.465477,0.11600928008556366,1.0,0.7620000243186951
YPR104C,YGR199W,0,-5.4656706,0.11599582433700562,1.0,0.7620999813079834
YDR180W,YNL049C,0,-5.4658136,0.11598236858844757,1.0,0.7621999979019165
YPL244C,YLR176C,0,-5.4658546,0.11596892029047012,1.0,0.7623000144958496
YNR008W,YJL039C,0,-5.4659057,0.11595547199249268,1.0,0.7623999714851379
YIL049W,YKL059C,0,-5.4659233,0.11594203114509583,1.0,0.762499988079071
YML078W,YOR298W,0,-5.466611,0.11592859029769897,1.0,0.7626000046730042
YJR009C,YPL234C,0,-5.46686,0.11591514945030212,1.0,0.7627000212669373
YGR220C,YHR111W,0,-5.4672318,0.11590171605348587,1.0,0.7627999782562256
YJR013W,YFL036W,0,-5.467251,0.11588828265666962,1.0,0.7628999948501587
YNR060W,YOR149C,0,-5.467293,0.11587485671043396,1.0,0.7630000114440918
YBL082C,YPR016C,0,-5.4672985,0.1158614307641983,1.0,0.7631000280380249
YBR257W,YDR447C,0,-5.4675426,0.11584800481796265,1.0,0.7631999850273132
YLR390W-A,YML010W,0,-5.467864,0.11583458632230759,1.0,0.7633000016212463
YIL042C,YOR014W,0,-5.468133,0.11582117527723312,1.0,0.7634000182151794
YOR317W,YPR033C,0,-5.4684362,0.11580775678157806,1.0,0.7634999752044678
YIL106W,YJL072C,0,-5.4684668,0.1157943457365036,1.0,0.7635999917984009
YKL038W,YKL018W,0,-5.46871,0.11578094214200974,1.0,0.763700008392334
YAR002C-A,YPR161C,0,-5.4688287,0.11576753854751587,1.0,0.7638000249862671
YBR298C,YGR180C,0,-5.4690757,0.115754134953022,1.0,0.7638999819755554
YOL090W,YIR015W,0,-5.469502,0.11574073880910873,1.0,0.7639999985694885
YBR068C,YBL017C,0,-5.4697757,0.11572734266519547,1.0,0.7641000151634216
YEL003W,YMR022W,0,-5.469883,0.11571395397186279,1.0,0.76419997215271
YDR376W,YNL123W,0,-5.4701843,0.11570056527853012,1.0,0.7642999887466431
YBR154C,YNL273W,0,-5.470202,0.11568718403577805,1.0,0.7644000053405762
YPL015C,YOR087W,0,-5.470217,0.11567380279302597,1.0,0.7645000219345093
YPR006C,YJR042W,0,-5.4704275,0.1156604215502739,1.0,0.7645999789237976
YGL205W,YDR164C,0,-5.4704347,0.11564704775810242,1.0,0.7646999955177307
YNL130C,YKR026C,0,-5.4704695,0.11563367396593094,1.0,0.7648000121116638
YGR286C,YKL214C,0,-5.470545,0.11562030017375946,1.0,0.7649000287055969
YPL037C,YJR040W,0,-5.470686,0.11560693383216858,1.0,0.7649999856948853
YHR171W,YKR085C,0,-5.4708624,0.1155935749411583,1.0,0.7651000022888184
YGL211W,YER009W,0,-5.47104,0.11558021605014801,1.0,0.7652000188827515
YLR008C,YGL100W,0,-5.4711742,0.11556685715913773,1.0,0.7652999758720398
YLR390W-A,YDR356W,0,-5.4713,0.11555349826812744,1.0,0.7653999924659729
YMR029C,YBL055C,0,-5.47132,0.11554014682769775,1.0,0.765500009059906
YOR362C,YDR002W,0,-5.47206,0.11552680283784866,1.0,0.7656000256538391
YBL011W,YKR056W,0,-5.4723997,0.11551345884799957,1.0,0.7656999826431274
YMR143W,YPR036W,0,-5.472417,0.11550011485815048,1.0,0.7657999992370605
YDL085W,YLR277C,0,-5.4725437,0.11548677831888199,1.0,0.7659000158309937
YDR121W,YGR206W,0,-5.472806,0.1154734417796135,1.0,0.765999972820282
YDR037W,YNL149C,0,-5.4729156,0.115460105240345,1.0,0.7660999894142151
YDR160W,YPR009W,0,-5.4732485,0.1154467761516571,1.0,0.7662000060081482
YDR093W,YKL188C,0,-5.473396,0.1154334545135498,1.0,0.7663000226020813
YNL130C,YOL021C,0,-5.4734874,0.1154201328754425,1.0,0.7663999795913696
YOR236W,YDR028C,0,-5.473506,0.1154068112373352,1.0,0.7664999961853027
YDR448W,YGR244C,0,-5.4738092,0.1153934895992279,1.0,0.7666000127792358
YOR123C,YOL003C,0,-5.473858,0.1153801754117012,1.0,0.766700029373169
YDR523C,YGL207W,0,-5.4740343,0.1153668686747551,1.0,0.7667999863624573
YFL009W,YGR028W,0,-5.4741373,0.11535356193780899,1.0,0.7669000029563904
YLR175W,YMR224C,0,-5.4744835,0.11534025520086288,1.0,0.7670000195503235
YLR103C,YDR069C,0,-5.4745626,0.11532694846391678,1.0,0.7670999765396118
YMR043W,YOR201C,0,-5.4747124,0.11531365662813187,1.0,0.7671999931335449
YLR117C,YLR130C,0,-5.4750495,0.11530035734176636,1.0,0.767300009727478
YMR192W,YGL049C,0,-5.4750752,0.11528706550598145,1.0,0.7674000263214111
YMR172W,YML038C,0,-5.4751177,0.11527377367019653,1.0,0.7674999833106995
YER045C,YFR003C,0,-5.475135,0.11526048928499222,1.0,0.7675999999046326
YLR314C,YEL024W,0,-5.4753723,0.1152472048997879,1.0,0.7677000164985657
YKL114C,YPR198W,0,-5.475584,0.11523392796516418,1.0,0.767799973487854
YPL118W,YDR464W,0,-5.475873,0.11522065103054047,1.0,0.7678999900817871
YKL049C,YPL218W,0,-5.4758825,0.11520737409591675,1.0,0.7680000066757202
YDR101C,YPL020C,0,-5.4759135,0.11519410461187363,1.0,0.7681000232696533
YMR255W,YNL030W,0,-5.4759183,0.1151808351278305,1.0,0.7681999802589417
YDR060W,YBR089C-A,0,-5.4766293,0.11516756564378738,1.0,0.7682999968528748
YJL146W,YCR073C,0,-5.476697,0.11515430361032486,1.0,0.7684000134468079
YAL038W,YER183C,0,-5.4768453,0.11514104902744293,1.0,0.7684999704360962
YKL073W,YOR073W,0,-5.4769087,0.115127794444561,1.0,0.7685999870300293
YBL018C,YNL330C,0,-5.477096,0.11511453986167908,1.0,0.7687000036239624
YMR136W,YLL061W,0,-5.4775405,0.11510129272937775,1.0,0.7688000202178955
YDR214W,YDR498C,0,-5.4775867,0.11508804559707642,1.0,0.7688999772071838
YBR145W,YIR009W,0,-5.4777646,0.11507479846477509,1.0,0.7689999938011169
YLR117C,YOR232W,0,-5.477768,0.11506155878305435,1.0,0.76910001039505
YLR129W,YDL130W-A,0,-5.4779735,0.11504831910133362,1.0,0.7692000269889832
YNL073W,YER018C,0,-5.478137,0.11503508687019348,1.0,0.7692999839782715
YMR184W,YFL023W,0,-5.478152,0.11502185463905334,1.0,0.7694000005722046
YLR207W,YKL043W,0,-5.478168,0.11500862240791321,1.0,0.7695000171661377
YJL112W,YDR303C,0,-5.478215,0.11499539762735367,1.0,0.769599974155426
YPR029C,YMR309C,0,-5.478346,0.11498218029737473,1.0,0.7696999907493591
YOR061W,YGL257C,0,-5.4787645,0.11496895551681519,1.0,0.7698000073432922
YLL019C,YML034W,0,-5.478861,0.11495574563741684,1.0,0.7699000239372253
YER159C,YHR069C,0,-5.4789486,0.1149425283074379,1.0,0.7699999809265137
YGR029W,YNL145W,0,-5.47904,0.11492931842803955,1.0,0.7700999975204468
YNL001W,YBL005W,0,-5.4790897,0.1149161085486412,1.0,0.7702000141143799
YLR166C,YNL332W,0,-5.4793777,0.11490290611982346,1.0,0.7702999711036682
YLR427W,YEL012W,0,-5.479575,0.1148897036910057,1.0,0.7703999876976013
YJR137C,YOL068C,0,-5.479681,0.11487650871276855,1.0,0.7705000042915344
YNR010W,YAR042W,0,-5.4797854,0.1148633137345314,1.0,0.7706000208854675
YDR150W,YDR246W,0,-5.480056,0.11485011875629425,1.0,0.7706999778747559
YGR191W,YLR105C,0,-5.4801183,0.1148369312286377,1.0,0.770799994468689
YLR321C,YAR035W,0,-5.48018,0.11482374370098114,1.0,0.7709000110626221
YCR009C,YKL117W,0,-5.4802094,0.11481056362390518,1.0,0.7710000276565552
YIL042C,YBR152W,0,-5.4806285,0.11479738354682922,1.0,0.7710999846458435
YGL124C,YGL226C-A,0,-5.4807835,0.11478420346975327,1.0,0.7712000012397766
YMR006C,YKR086W,0,-5.4809647,0.1147710308432579,1.0,0.7713000178337097
YGL135W,YPR108W,0,-5.4810925,0.11475785821676254,1.0,0.771399974822998
YOR355W,YIL095W,0,-5.481386,0.11474469304084778,1.0,0.7714999914169312
YLR023C,YNR059W,0,-5.481442,0.11473152786493301,1.0,0.7716000080108643
YLR016C,YCR024C-A,0,-5.481574,0.11471836268901825,1.0,0.7717000246047974
YGR007W,YEL041W,0,-5.4816494,0.11470520496368408,1.0,0.7717999815940857
YDL243C,YPL012W,0,-5.4816933,0.11469205468893051,1.0,0.7718999981880188
YPL177C,YOR083W,0,-5.4821005,0.11467889696359634,1.0,0.7720000147819519
YBL015W,YJR135C,0,-5.4821343,0.11466574668884277,1.0,0.7720999717712402
YPL178W,YOL117W,0,-5.482271,0.1146526038646698,1.0,0.7721999883651733
YPL084W,YJR126C,0,-5.4823146,0.11463946104049683,1.0,0.7723000049591064
YOR335C,YLR183C,0,-5.4826303,0.11462631821632385,1.0,0.7724000215530396
YFL024C,YER125W,0,-5.482719,0.11461318284273148,1.0,0.7724999785423279
YDL116W,YNL294C,0,-5.4828224,0.1146000474691391,1.0,0.772599995136261
YMR138W,YPR139C,0,-5.4829884,0.11458691209554672,1.0,0.7727000117301941
YOR150W,YLR277C,0,-5.483122,0.11457378417253494,1.0,0.7728000283241272
YOL149W,YGR074W,0,-5.4831233,0.11456065624952316,1.0,0.7728999853134155
YJL133W,YNL093W,0,-5.4832783,0.11454753577709198,1.0,0.7730000019073486
YLR390W-A,YKR079C,0,-5.48338,0.1145344153046608,1.0,0.7731000185012817
YNL065W,YJL124C,0,-5.4834175,0.11452130228281021,1.0,0.7731999754905701
YOL123W,YNL326C,0,-5.483528,0.11450818926095963,1.0,0.7732999920845032
YJL006C,YML126C,0,-5.48357,0.11449507623910904,1.0,0.7734000086784363
YLR044C,YPL094C,0,-5.4837875,0.11448197066783905,1.0,0.7735000252723694
YIL120W,YDL153C,0,-5.483795,0.11446886509656906,1.0,0.7735999822616577
YMR058W,YDL065C,0,-5.483837,0.11445575952529907,1.0,0.7736999988555908
YOR112W,YOR126C,0,-5.483888,0.11444266140460968,1.0,0.7738000154495239
YNL271C,YOR063W,0,-5.484215,0.11442957073450089,1.0,0.7738999724388123
YNL133C,YIR018W,0,-5.484325,0.11441647261381149,1.0,0.7739999890327454
YOL021C,YJR158W,0,-5.4843335,0.1144033893942833,1.0,0.7741000056266785
YGL213C,YPR095C,0,-5.4844065,0.1143902987241745,1.0,0.7742000222206116
YBR055C,YDR359C,0,-5.4848123,0.1143772155046463,1.0,0.7742999792098999
YER149C,YJR049C,0,-5.4852667,0.1143641322851181,1.0,0.774399995803833
YKR065C,YAL055W,0,-5.4854794,0.1143510565161705,1.0,0.7745000123977661
YCR039C,YKL126W,0,-5.4855347,0.1143379807472229,1.0,0.7746000289916992
YOR284W,YOR207C,0,-5.4855733,0.1143249124288559,1.0,0.7746999859809875
YMR135C,YBL020W,0,-5.4856143,0.11431184411048889,1.0,0.7748000025749207
YGL245W,YOL113W,0,-5.4858465,0.11429877579212189,1.0,0.7749000191688538
YBR035C,YBR253W,0,-5.4858766,0.11428571492433548,1.0,0.7749999761581421
YIR028W,YLR272C,0,-5.4859014,0.11427265405654907,1.0,0.7750999927520752
YBR132C,YLR254C,0,-5.4859734,0.11425960063934326,1.0,0.7752000093460083
YKR027W,YDR487C,0,-5.4862795,0.11424654722213745,1.0,0.7753000259399414
YLR347C,YPL234C,0,-5.4863496,0.11423349380493164,1.0,0.7753999829292297
YPL262W,YJL183W,0,-5.4863777,0.11422044783830643,1.0,0.7754999995231628
YER051W,YNL090W,0,-5.486554,0.11420740187168121,1.0,0.775600016117096
YIL106W,YKR053C,0,-5.486765,0.114194355905056,1.0,0.7756999731063843
YKR039W,YER019W,0,-5.486786,0.11418131738901138,1.0,0.7757999897003174
YNR001C,YPL214C,0,-5.4868374,0.11416828632354736,1.0,0.7759000062942505
YNL085W,YNL044W,0,-5.486932,0.11415524780750275,1.0,0.7760000228881836
YGR009C,YER022W,0,-5.4871244,0.11414222419261932,1.0,0.7760999798774719
YJR065C,YIL053W,0,-5.4872084,0.1141291931271553,1.0,0.776199996471405
YNL225C,YOR178C,0,-5.48722,0.11411616951227188,1.0,0.7763000130653381
YMR043W,YPL237W,0,-5.487239,0.11410314589738846,1.0,0.7764000296592712
YNR013C,YDR425W,0,-5.487416,0.11409012973308563,1.0,0.7764999866485596
YBR179C,YNL009W,0,-5.487897,0.1140771135687828,1.0,0.7766000032424927
YBR059C,YGR121C,0,-5.4879856,0.11406410485506058,1.0,0.7767000198364258
YGR225W,YOR257W,0,-5.487991,0.11405109614133835,1.0,0.7767999768257141
YLR288C,YKL081W,0,-5.488285,0.11403808742761612,1.0,0.7768999934196472
YPL234C,YJL054W,0,-5.488287,0.11402508616447449,1.0,0.7770000100135803
YNL223W,YIL142W,0,-5.4883027,0.11401208490133286,1.0,0.7771000266075134
YOR257W,YER018C,0,-5.4884615,0.11399909108877182,1.0,0.7771999835968018
YJL065C,YLR360W,0,-5.4886665,0.11398609727621078,1.0,0.7773000001907349
YIR021W,YDR311W,0,-5.4887514,0.11397310346364975,1.0,0.777400016784668
YGL003C,YPL008W,0,-5.489099,0.11396011710166931,1.0,0.7774999737739563
YDR376W,YBR173C,0,-5.489418,0.11394713073968887,1.0,0.7775999903678894
YLR332W,YLR254C,0,-5.489422,0.11393414437770844,1.0,0.7777000069618225
YLR133W,YKR014C,0,-5.489676,0.1139211654663086,1.0,0.7778000235557556
YLR011W,YDL060W,0,-5.490008,0.11390818655490875,1.0,0.777899980545044
YPR094W,YNL121C,0,-5.490177,0.11389521509408951,1.0,0.777999997138977
YKL129C,YOL115W,0,-5.4902825,0.11388224363327026,1.0,0.7781000137329102
YNL259C,YBR154C,0,-5.490452,0.11386927962303162,1.0,0.7781999707221985
YGL192W,YOR004W,0,-5.4905643,0.11385631561279297,1.0,0.7782999873161316
YBR142W,YOR075W,0,-5.490693,0.11384335160255432,1.0,0.7784000039100647
YOR198C,YOL097C,0,-5.4908905,0.11383039504289627,1.0,0.7785000205039978
YDL161W,YGL225W,0,-5.4910784,0.11381743848323822,1.0,0.7785999774932861
YGL171W,YGR213C,0,-5.4910874,0.11380448192358017,1.0,0.7786999940872192
YMR008C,YNL131W,0,-5.4912715,0.11379153281450272,1.0,0.7788000106811523
YHR001W,YLR208W,0,-5.491415,0.11377858370542526,1.0,0.7789000272750854
YPL117C,YFL033C,0,-5.4917793,0.1137656420469284,1.0,0.7789999842643738
YLR228C,YIL016W,0,-5.4919386,0.11375270038843155,1.0,0.7791000008583069
YPR033C,YJR068W,0,-5.4920006,0.11373976618051529,1.0,0.77920001745224
YDL174C,YOL006C,0,-5.49205,0.11372682452201843,1.0,0.7792999744415283
YBR004C,YDL208W,0,-5.492078,0.11371389776468277,1.0,0.7793999910354614
YCL043C,YGR199W,0,-5.4921427,0.11370096355676651,1.0,0.7795000076293945
YJR097W,YGR038W,0,-5.492198,0.11368803679943085,1.0,0.7796000242233276
YIL106W,YDR190C,0,-5.4922376,0.11367511749267578,1.0,0.779699981212616
YKL172W,YFR003C,0,-5.4925146,0.11366219818592072,1.0,0.7797999978065491
YMR214W,YKL056C,0,-5.4928665,0.11364927887916565,1.0,0.7799000144004822
YDR236C,YLR116W,0,-5.4929595,0.11363636702299118,1.0,0.7799999713897705
YER013W,YPL163C,0,-5.4932213,0.11362345516681671,1.0,0.7800999879837036
YER019C-A,YER022W,0,-5.493236,0.11361054331064224,1.0,0.7802000045776367
YML012W,YNL133C,0,-5.4932766,0.11359763890504837,1.0,0.7803000211715698
YGR229C,YGR296W,0,-5.4933357,0.1135847344994545,1.0,0.7803999781608582
YFL048C,YOR254C,0,-5.4934306,0.11357183754444122,1.0,0.7804999947547913
YKL191W,YBL011W,0,-5.4938774,0.11355894058942795,1.0,0.7806000113487244
YDR268W,YBR294W,0,-5.4940596,0.11354604363441467,1.0,0.7807000279426575
YDR317W,YGR162W,0,-5.4941096,0.113533154129982,1.0,0.7807999849319458
YBR234C,YPL175W,0,-5.4942293,0.11352026462554932,1.0,0.7809000015258789
YDR036C,YNL294C,0,-5.494354,0.11350737512111664,1.0,0.781000018119812
YER026C,YOR328W,0,-5.4946146,0.11349449306726456,1.0,0.7810999751091003
YKR008W,YNR006W,0,-5.4948225,0.11348161846399307,1.0,0.7811999917030334
YGR057C,YCL004W,0,-5.494832,0.11346873641014099,1.0,0.7813000082969666
YEL050C,YJL069C,0,-5.49491,0.1134558692574501,1.0,0.7814000248908997
YAR033W,YCR024C-A,0,-5.4950237,0.11344299465417862,1.0,0.781499981880188
YPR120C,YGR048W,0,-5.4950547,0.11343012750148773,1.0,0.7815999984741211
YMR172W,YER018C,0,-5.4950776,0.11341726034879684,1.0,0.7817000150680542
YNR008W,YMR218C,0,-5.4951487,0.11340440064668655,1.0,0.7817999720573425
YOR256C,YBL004W,0,-5.4951625,0.11339154094457626,1.0,0.7818999886512756
YOR211C,YGR081C,0,-5.4951878,0.11337868124246597,1.0,0.7820000052452087
YLR321C,YFL038C,0,-5.495205,0.11336582899093628,1.0,0.7821000218391418
YDR192C,YDR079W,0,-5.4955473,0.11335298418998718,1.0,0.7821999788284302
YGL061C,YOR348C,0,-5.4956164,0.11334013193845749,1.0,0.7822999954223633
YLR189C,YNR027W,0,-5.4957895,0.11332728713750839,1.0,0.7824000120162964
YLR078C,YOR036W,0,-5.495797,0.11331444978713989,1.0,0.7825000286102295
YDR361C,YIR017C,0,-5.4962826,0.11330161243677139,1.0,0.7825999855995178
YCR027C,YDL195W,0,-5.496376,0.1132887750864029,1.0,0.7827000021934509
YGR074W,YER005W,0,-5.496465,0.1132759377360344,1.0,0.782800018787384
YJR135C,YDR409W,0,-5.49651,0.11326310783624649,1.0,0.7828999757766724
YBL098W,YDR473C,0,-5.4966354,0.11325028538703918,1.0,0.7829999923706055
YGR261C,YGR007W,0,-5.496664,0.11323745548725128,1.0,0.7831000089645386
YMR255W,YKL196C,0,-5.496693,0.11322464048862457,1.0,0.7832000255584717
YER027C,YHR031C,0,-5.496776,0.11321181803941727,1.0,0.78329998254776
YOR241W,YDL229W,0,-5.49702,0.11319900304079056,1.0,0.7833999991416931
YPL001W,YGR183C,0,-5.497342,0.11318618804216385,1.0,0.7835000157356262
YOR386W,YDR297W,0,-5.497366,0.11317338049411774,1.0,0.7835999727249146
YKL016C,YAL011W,0,-5.497377,0.11316057294607162,1.0,0.7836999893188477
YGL099W,YFR030W,0,-5.497454,0.11314777284860611,1.0,0.7838000059127808
YKL004W,YML107C,0,-5.497479,0.1131349727511406,1.0,0.7839000225067139
YDR268W,YMR075W,0,-5.4975147,0.11312217265367508,1.0,0.7839999794960022
YDR284C,YLR181C,0,-5.497547,0.11310938000679016,1.0,0.7840999960899353
YDR208W,YHL034C,0,-5.4976215,0.11309658735990524,1.0,0.7842000126838684
YOR355W,YDR098C,0,-5.497656,0.11308379471302032,1.0,0.7843000292778015
YFL048C,YGR086C,0,-5.497658,0.113071009516716,1.0,0.7843999862670898
YHR197W,YDL128W,0,-5.4978027,0.11305822432041168,1.0,0.784500002861023
YER088C,YCR072C,0,-5.497819,0.11304544657468796,1.0,0.784600019454956
YDR046C,YKL208W,0,-5.497947,0.11303266882896423,1.0,0.7846999764442444
YBL099W,YML007W,0,-5.4979525,0.11301989108324051,1.0,0.7847999930381775
YDR337W,YFR004W,0,-5.4980364,0.11300712078809738,1.0,0.7849000096321106
YAL042W,YBR006W,0,-5.498372,0.11299435049295425,1.0,0.7850000262260437
YPL075W,YMR175W,0,-5.498437,0.11298158764839172,1.0,0.785099983215332
YFL009W,YKL019W,0,-5.4984617,0.1129688173532486,1.0,0.7851999998092651
YGR142W,YLR222C,0,-5.4986553,0.11295606195926666,1.0,0.7853000164031982
YFL036W,YGR094W,0,-5.4986563,0.11294329911470413,1.0,0.7853999733924866
YOR301W,YBR081C,0,-5.4986696,0.1129305511713028,1.0,0.7854999899864197
YDR507C,YPR007C,0,-5.498981,0.11291779577732086,1.0,0.7856000065803528
YPL016W,YBR173C,0,-5.49911,0.11290504783391953,1.0,0.7857000231742859
YHR062C,YPL016W,0,-5.4991436,0.11289229989051819,1.0,0.7857999801635742
YNR035C,YGR211W,0,-5.499424,0.11287955939769745,1.0,0.7858999967575073
YEL017C-A,YKR001C,0,-5.49944,0.11286681890487671,1.0,0.7860000133514404
YDR437W,YFR002W,0,-5.5001493,0.11285407841205597,1.0,0.7860999703407288
YIR009W,YER009W,0,-5.500209,0.11284134536981583,1.0,0.7861999869346619
YGL195W,YIR041W,0,-5.5003314,0.11282861232757568,1.0,0.786300003528595
YDL232W,YDR276C,0,-5.5003796,0.11281588673591614,1.0,0.7864000201225281
YHR107C,YLR166C,0,-5.500439,0.11280316114425659,1.0,0.7864999771118164
YOL044W,YOR073W,0,-5.5006304,0.11279043555259705,1.0,0.7865999937057495
YML130C,YLR135W,0,-5.5006943,0.1127777174115181,1.0,0.7867000102996826
YER026C,YDR153C,0,-5.50078,0.11276499927043915,1.0,0.7868000268936157
YPR088C,YOR256C,0,-5.500971,0.1127522811293602,1.0,0.786899983882904
YHR114W,YOL059W,0,-5.50115,0.11273957043886185,1.0,0.7870000004768372
YDR358W,YMR129W,0,-5.501381,0.1127268597483635,1.0,0.7871000170707703
YIL062C,YOL094C,0,-5.501585,0.11271415650844574,1.0,0.7871999740600586
YLR007W,YBR060C,0,-5.501916,0.11270145326852798,1.0,0.7872999906539917
YLR293C,YML024W,0,-5.502034,0.11268875002861023,1.0,0.7874000072479248
YNL131W,YHR099W,0,-5.5020704,0.11267605423927307,1.0,0.7875000238418579
YLR376C,YER041W,0,-5.5022435,0.11266335844993591,1.0,0.7875999808311462
YDR279W,YER120W,0,-5.5028515,0.11265067011117935,1.0,0.7876999974250793
YER002W,YJR049C,0,-5.5029,0.11263798177242279,1.0,0.7878000140190125
YLR429W,YEL020W-A,0,-5.503154,0.11262529343366623,1.0,0.7878999710083008
YDR148C,YDR200C,0,-5.5032043,0.11261261254549026,1.0,0.7879999876022339
YOR320C,YML109W,0,-5.503274,0.1125999316573143,1.0,0.788100004196167
YKL135C,YIL121W,0,-5.5033345,0.11258725821971893,1.0,0.7882000207901001
YIL065C,YDR447C,0,-5.5033436,0.11257457733154297,1.0,0.7882999777793884
YPL006W,YPL131W,0,-5.503441,0.1125619113445282,1.0,0.7883999943733215
YMR042W,YOR076C,0,-5.5034485,0.11254923790693283,1.0,0.7885000109672546
YLR226W,YPR088C,0,-5.503669,0.11253657191991806,1.0,0.7886000275611877
YMR008C,YBR123C,0,-5.5038414,0.11252391338348389,1.0,0.7886999845504761
YDR254W,YBR022W,0,-5.503976,0.11251125484704971,1.0,0.7888000011444092
YNR072W,YDL044C,0,-5.504008,0.11249859631061554,1.0,0.7889000177383423
YDR221W,YDR381W,0,-5.50401,0.11248593777418137,1.0,0.7889999747276306
YGR264C,YDR071C,0,-5.5041146,0.11247328668832779,1.0,0.7890999913215637
YDR039C,YER053C,0,-5.5042233,0.11246063560247421,1.0,0.7892000079154968
YLR172C,YPL010W,0,-5.5042453,0.11244799196720123,1.0,0.7893000245094299
YDR037W,YLR105C,0,-5.5043554,0.11243534833192825,1.0,0.7893999814987183
YLR155C,YLR023C,0,-5.504425,0.11242271214723587,1.0,0.7894999980926514
YBL017C,YML105C,0,-5.5046587,0.11241006851196289,1.0,0.7896000146865845
YOL076W,YGR220C,0,-5.5047545,0.1123974397778511,1.0,0.7896999716758728
YDL217C,YOL109W,0,-5.505096,0.11238480359315872,1.0,0.7897999882698059
YLR226W,YDR078C,0,-5.5052557,0.11237217485904694,1.0,0.789900004863739
YJL073W,YGR181W,0,-5.505274,0.11235955357551575,1.0,0.7900000214576721
YLR423C,YMR138W,0,-5.5054226,0.11234692484140396,1.0,0.7900999784469604
YPR119W,YPL135W,0,-5.5055094,0.11233430355787277,1.0,0.7901999950408936
YLR403W,YHR135C,0,-5.5056334,0.11232168972492218,1.0,0.7903000116348267
YDL044C,YPL190C,0,-5.505809,0.11230907589197159,1.0,0.7904000282287598
YOL144W,YJR127C,0,-5.5058737,0.112296462059021,1.0,0.7904999852180481
YLR080W,YKR082W,0,-5.505882,0.112283855676651,1.0,0.7906000018119812
YOR159C,YGL227W,0,-5.5058947,0.112271249294281,1.0,0.7907000184059143
YGL054C,YML046W,0,-5.5061994,0.11225864291191101,1.0,0.7907999753952026
YLR117C,YJR102C,0,-5.506235,0.11224604398012161,1.0,0.7908999919891357
YLR088W,YGR116W,0,-5.506319,0.11223344504833221,1.0,0.7910000085830688
YBR207W,YLR427W,0,-5.5064807,0.11222085356712341,1.0,0.791100025177002
YML051W,YBR123C,0,-5.5064955,0.11220826208591461,1.0,0.7911999821662903
YBL047C,YBR171W,0,-5.506526,0.11219567060470581,1.0,0.7912999987602234
YER016W,YDL195W,0,-5.5066195,0.11218307912349701,1.0,0.7914000153541565
YJR060W,YOR267C,0,-5.5069556,0.1121705025434494,1.0,0.7914999723434448
YPR201W,YOR232W,0,-5.506956,0.1121579185128212,1.0,0.7915999889373779
YOL139C,YGL153W,0,-5.507306,0.11214534193277359,1.0,0.791700005531311
YMR201C,YKL019W,0,-5.5074196,0.11213276535272598,1.0,0.7918000221252441
YGR108W,YPL002C,0,-5.507825,0.11212019622325897,1.0,0.7918999791145325
YMR001C,YNL239W,0,-5.507882,0.11210761964321136,1.0,0.7919999957084656
YPR176C,YMR207C,0,-5.507923,0.11209505796432495,1.0,0.7921000123023987
YIL079C,YHR096C,0,-5.508106,0.11208249628543854,1.0,0.7922000288963318
YLR100W,YKL008C,0,-5.508312,0.11206993460655212,1.0,0.7922999858856201
YNL261W,YPL096W,0,-5.5084434,0.11205737292766571,1.0,0.7924000024795532
YNL151C,YPL258C,0,-5.50852,0.1120448186993599,1.0,0.7925000190734863
YMR184W,YER154W,0,-5.508606,0.11203226447105408,1.0,0.7925999760627747
YMR016C,YLR130C,0,-5.5087137,0.11201971769332886,1.0,0.7926999926567078
YIL033C,YLR129W,0,-5.5087247,0.11200717091560364,1.0,0.7928000092506409
YHR114W,YOR038C,0,-5.5088787,0.11199462413787842,1.0,0.792900025844574
YNL245C,YMR054W,0,-5.508911,0.1119820848107338,1.0,0.7929999828338623
YDR221W,YGR193C,0,-5.508913,0.11196954548358917,1.0,0.7930999994277954
YOR304W,YJR135C,0,-5.5091467,0.11195700615644455,1.0,0.7932000160217285
YMR047C,YMR201C,0,-5.509224,0.11194447427988052,1.0,0.7932999730110168
YLR088W,YOR267C,0,-5.5094547,0.1119319424033165,1.0,0.79339998960495
YOR153W,YBR257W,0,-5.5094852,0.11191941797733307,1.0,0.7935000061988831
YDR395W,YML085C,0,-5.509522,0.11190689355134964,1.0,0.7936000227928162
YLR016C,YHR038W,0,-5.5096083,0.11189436912536621,1.0,0.7936999797821045
YDR073W,YIL030C,0,-5.509676,0.11188185214996338,1.0,0.7937999963760376
YBR201W,YKL182W,0,-5.5098195,0.11186933517456055,1.0,0.7939000129699707
YHR038W,YHR006W,0,-5.5098276,0.11185682564973831,1.0,0.7940000295639038
YIL053W,YNL154C,0,-5.5099745,0.11184431612491608,1.0,0.7940999865531921
YGL192W,YGR094W,0,-5.5099854,0.11183180660009384,1.0,0.7942000031471252
YCR020C-A,YHR021C,0,-5.5104957,0.1118192970752716,1.0,0.7943000197410583
YOR033C,YER126C,0,-5.510571,0.11180679500102997,1.0,0.7943999767303467
YDR301W,YDR178W,0,-5.5109553,0.11179430037736893,1.0,0.7944999933242798
YLR293C,YKL074C,0,-5.511667,0.11178179830312729,1.0,0.7946000099182129
YGR008C,YDR484W,0,-5.5117035,0.11176931113004684,1.0,0.794700026512146
YDR378C,YPL031C,0,-5.511756,0.1117568165063858,1.0,0.7947999835014343
YLR207W,YGR279C,0,-5.512599,0.11174432933330536,1.0,0.7949000000953674
YGR225W,YPR073C,0,-5.5126233,0.11173184216022491,1.0,0.7950000166893005
YNL059C,YGL173C,0,-5.512734,0.11171936243772507,1.0,0.7950999736785889
YHR183W,YBR293W,0,-5.5127487,0.11170688271522522,1.0,0.795199990272522
YBR278W,YKR039W,0,-5.5127764,0.11169440299272537,1.0,0.7953000068664551
YLR256W,YHR111W,0,-5.5127845,0.11168193072080612,1.0,0.7954000234603882
YBL093C,YDR164C,0,-5.5128727,0.11166945844888687,1.0,0.7954999804496765
YNR030W,YDR172W,0,-5.513006,0.11165698617696762,1.0,0.7955999970436096
YLR047C,YBR060C,0,-5.5132165,0.11164452135562897,1.0,0.7957000136375427
YDR254W,YHR060W,0,-5.5132666,0.11163206398487091,1.0,0.795799970626831
YGR267C,YIL120W,0,-5.513331,0.11161959916353226,1.0,0.7958999872207642
YHR001W-A,YKL082C,0,-5.5134244,0.1116071417927742,1.0,0.7960000038146973
YFL048C,YKR095W,0,-5.5136237,0.11159468442201614,1.0,0.7961000204086304
YCR063W,YLR034C,0,-5.5141363,0.11158223450183868,1.0,0.7961999773979187
YBR109C,YGL008C,0,-5.514324,0.11156978458166122,1.0,0.7962999939918518
YJR013W,YNL201C,0,-5.5146217,0.11155734211206436,1.0,0.7964000105857849
YBR257W,YNL066W,0,-5.5146494,0.1115448996424675,1.0,0.796500027179718
YOR067C,YMR211W,0,-5.514788,0.11153245717287064,1.0,0.7965999841690063
YOR355W,YGL151W,0,-5.5148983,0.11152001470327377,1.0,0.7967000007629395
YNL078W,YCR037C,0,-5.514907,0.11150757968425751,1.0,0.7968000173568726
YPL101W,YBR196C,0,-5.514919,0.11149515211582184,1.0,0.7968999743461609
YCL014W,YPL092W,0,-5.514969,0.11148271709680557,1.0,0.796999990940094
YOL038W,YKR008W,0,-5.5149927,0.1114702895283699,1.0,0.7971000075340271
YNR003C,YBR162C,0,-5.5150375,0.11145786941051483,1.0,0.7972000241279602
YPR163C,YLR425W,0,-5.5151215,0.11144544929265976,1.0,0.7972999811172485
YBR039W,YFR055W,0,-5.5151615,0.11143302917480469,1.0,0.7973999977111816
YBR186W,YGL044C,0,-5.515446,0.11142061650753021,1.0,0.7975000143051147
YKL089W,YOR122C,0,-5.515461,0.11140819638967514,1.0,0.7975999712944031
YIL035C,YNL147W,0,-5.515542,0.11139579117298126,1.0,0.7976999878883362
YLR382C,YLR263W,0,-5.5156555,0.11138337850570679,1.0,0.7978000044822693
YMR264W,YJR046W,0,-5.51568,0.11137097328901291,1.0,0.7979000210762024
YGR014W,YER149C,0,-5.515907,0.11135857552289963,1.0,0.7979999780654907
YGL048C,YDR092W,0,-5.5159893,0.11134617775678635,1.0,0.7980999946594238
YDR459C,YOR132W,0,-5.51599,0.11133377999067307,1.0,0.7982000112533569
YLR085C,YML021C,0,-5.516074,0.11132138222455978,1.0,0.79830002784729
YGL020C,YCL051W,0,-5.516214,0.1113089919090271,1.0,0.7983999848365784
YOR334W,YGR104C,0,-5.5163336,0.11129660904407501,1.0,0.7985000014305115
YPR025C,YOL097C,0,-5.516399,0.11128421872854233,1.0,0.7986000180244446
YOL115W,YOR208W,0,-5.516771,0.11127183586359024,1.0,0.7986999750137329
YJL014W,YBR118W,0,-5.516779,0.11125946044921875,1.0,0.798799991607666
YAL051W,YBR127C,0,-5.5168886,0.11124707758426666,1.0,0.7989000082015991
YNR007C,YJL117W,0,-5.5168977,0.11123470216989517,1.0,0.7990000247955322
YIL095W,YMR022W,0,-5.5169373,0.11122233420610428,1.0,0.7990999817848206
YER052C,YGL143C,0,-5.516977,0.11120996624231339,1.0,0.7991999983787537
YJL115W,YBR142W,0,-5.5169787,0.11119759827852249,1.0,0.7993000149726868
YJL209W,YPL092W,0,-5.5170984,0.1111852377653122,1.0,0.7993999719619751
YDL181W,YGL045W,0,-5.5171504,0.1111728772521019,1.0,0.7994999885559082
YGR118W,YPR086W,0,-5.5171986,0.1111605167388916,1.0,0.7996000051498413
YOR267C,YKR060W,0,-5.517335,0.1111481636762619,1.0,0.7997000217437744
YPR155C,YOR076C,0,-5.5174255,0.1111358106136322,1.0,0.7997999787330627
YHR171W,YPL144W,0,-5.517461,0.1111234575510025,1.0,0.7998999953269958
YCR075C,YMR188C,0,-5.5176115,0.1111111119389534,1.0,0.800000011920929
YDR195W,YDR443C,0,-5.517644,0.1110987663269043,1.0,0.8001000285148621
YJL008C,YBR221C,0,-5.5176497,0.11108642816543579,1.0,0.8001999855041504
YGL005C,YPL137C,0,-5.5176945,0.11107409000396729,1.0,0.8003000020980835
YMR276W,YBR295W,0,-5.51788,0.11106175184249878,1.0,0.8004000186920166
YCR082W,YLL035W,0,-5.518012,0.11104941368103027,1.0,0.8004999756813049
YLR384C,YJL012C,0,-5.518059,0.11103708297014236,1.0,0.800599992275238
YPL259C,YLR097C,0,-5.5182056,0.11102475970983505,1.0,0.8007000088691711
YGL005C,YDR303C,0,-5.5185585,0.11101243644952774,1.0,0.8008000254631042
YIL026C,YMR109W,0,-5.5188127,0.11100011318922043,1.0,0.8008999824523926
YKL001C,YMR106C,0,-5.5188546,0.11098778992891312,1.0,0.8009999990463257
YNL239W,YCR008W,0,-5.5189853,0.1109754741191864,1.0,0.8011000156402588
YPR101W,YPL092W,0,-5.5190544,0.11096315830945969,1.0,0.8011999726295471
YDL192W,YJL061W,0,-5.5191298,0.11095084995031357,1.0,0.8012999892234802
YPR176C,YDR060W,0,-5.519184,0.11093854159116745,1.0,0.8014000058174133
YAR003W,YDR359C,0,-5.5192194,0.11092623323202133,1.0,0.8015000224113464
YFR048W,YJR104C,0,-5.519325,0.11091393232345581,1.0,0.8015999794006348
YDR046C,YPL042C,0,-5.5193276,0.11090163141489029,1.0,0.8016999959945679
YDL036C,YOR083W,0,-5.5193586,0.11088933050632477,1.0,0.801800012588501
YPR086W,YJR156C,0,-5.5194273,0.11087703704833984,1.0,0.8019000291824341
YDR069C,YPL016W,0,-5.519433,0.11086474359035492,1.0,0.8019999861717224
YJL157C,YBR035C,0,-5.519558,0.11085245758295059,1.0,0.8021000027656555
YMR042W,YNL030W,0,-5.519908,0.11084017157554626,1.0,0.8022000193595886
YNR044W,YGR103W,0,-5.520009,0.11082788556814194,1.0,0.802299976348877
YIL053W,YMR140W,0,-5.5201306,0.11081559956073761,1.0,0.8023999929428101
YMR281W,YMR235C,0,-5.520236,0.11080332100391388,1.0,0.8025000095367432
YMR083W,YLR259C,0,-5.520253,0.11079104989767075,1.0,0.8026000261306763
YBL074C,YDL235C,0,-5.5202913,0.11077877134084702,1.0,0.8026999831199646
YER020W,YFR002W,0,-5.5203304,0.11076650768518448,1.0,0.8027999997138977
YGR253C,YDR409W,0,-5.5204883,0.11075423657894135,1.0,0.8029000163078308
YPL046C,YGR193C,0,-5.520685,0.11074197292327881,1.0,0.8029999732971191
YNL091W,YER116C,0,-5.52081,0.11072970926761627,1.0,0.8030999898910522
YGR009C,YOR230W,0,-5.52094,0.11071744561195374,1.0,0.8032000064849854
YGL037C,YJL080C,0,-5.521001,0.1107051894068718,1.0,0.8033000230789185
YNL223W,YHR165C,0,-5.521105,0.11069294065237045,1.0,0.8033999800682068
YLR370C,YIR023W,0,-5.5211287,0.11068068444728851,1.0,0.8034999966621399
YLR080W,YJL091C,0,-5.521488,0.11066843569278717,1.0,0.803600013256073
YOL011W,YGR183C,0,-5.521509,0.11065619438886642,1.0,0.8036999702453613
YOR079C,YBL033C,0,-5.5215406,0.11064394563436508,1.0,0.8037999868392944
YKL148C,YPL047W,0,-5.521964,0.11063170433044434,1.0,0.8039000034332275
YIL044C,YGL205W,0,-5.5221405,0.11061947047710419,1.0,0.8040000200271606
YHR084W,YDR200C,0,-5.5221906,0.11060723662376404,1.0,0.804099977016449
YGL029W,YOR185C,0,-5.522685,0.11059500277042389,1.0,0.8041999936103821
YNL251C,YPL163C,0,-5.5227723,0.11058276891708374,1.0,0.8043000102043152
YJL024C,YAL001C,0,-5.523032,0.11057054251432419,1.0,0.8044000267982483
YJR001W,YOL064C,0,-5.5234404,0.11055831611156464,1.0,0.8044999837875366
YCR026C,YHR031C,0,-5.5237017,0.11054609715938568,1.0,0.8046000003814697
YLR133W,YFR024C-A,0,-5.5237684,0.11053387820720673,1.0,0.8047000169754028
YNL221C,YPR133W-A,0,-5.523775,0.11052165925502777,1.0,0.8047999739646912
YLR362W,YLR212C,0,-5.5238223,0.11050944775342941,1.0,0.8048999905586243
YNR072W,YLR136C,0,-5.5239534,0.11049723625183105,1.0,0.8050000071525574
YBR207W,YNL082W,0,-5.5243115,0.1104850322008133,1.0,0.8051000237464905
YLR078C,YMR177W,0,-5.524375,0.11047282069921494,1.0,0.8051999807357788
YBR068C,YBR083W,0,-5.5243826,0.11046062409877777,1.0,0.8052999973297119
YNR008W,YDR140W,0,-5.5244823,0.11044842004776001,1.0,0.805400013923645
YLR242C,YBL052C,0,-5.52509,0.11043622344732285,1.0,0.8054999709129333
YLR328W,YGR024C,0,-5.5251293,0.11042402684688568,1.0,0.8055999875068665
YOL044W,YFL038C,0,-5.525333,0.11041183769702911,1.0,0.8057000041007996
YGR083C,YHL036W,0,-5.52553,0.11039964854717255,1.0,0.8058000206947327
YJR074W,YGR119C,0,-5.5256896,0.11038745939731598,1.0,0.805899977684021
YMR140W,YDR324C,0,-5.525796,0.11037527769804001,1.0,0.8059999942779541
YDL020C,YLR139C,0,-5.5258546,0.11036309599876404,1.0,0.8061000108718872
YPL097W,YJL039C,0,-5.5259447,0.11035091429948807,1.0,0.8062000274658203
YJL121C,YML005W,0,-5.526005,0.1103387400507927,1.0,0.8062999844551086
YKL145W,YNL047C,0,-5.5260134,0.11032656580209732,1.0,0.8064000010490417
YGL236C,YKL197C,0,-5.5260224,0.11031439900398254,1.0,0.8065000176429749
YJL020C,YNL216W,0,-5.5262613,0.11030222475528717,1.0,0.8065999746322632
YDL101C,YBR207W,0,-5.526742,0.11029006540775299,1.0,0.8066999912261963
YGL168W,YDL235C,0,-5.5271883,0.11027789860963821,1.0,0.8068000078201294
YDR425W,YML052W,0,-5.5272317,0.11026573926210403,1.0,0.8069000244140625
YJR065C,YOL112W,0,-5.5273037,0.11025357991456985,1.0,0.8069999814033508
YDR016C,YCR044C,0,-5.5273647,0.11024142801761627,1.0,0.8070999979972839
YOR257W,YBR207W,0,-5.527469,0.11022927612066269,1.0,0.807200014591217
YNL223W,YGR199W,0,-5.5278397,0.1102171242237091,1.0,0.8072999715805054
YMR250W,YIL126W,0,-5.5278544,0.11020497977733612,1.0,0.8073999881744385
YAR008W,YBR126C,0,-5.528001,0.11019283533096313,1.0,0.8075000047683716
YCR077C,YOL003C,0,-5.528021,0.11018069833517075,1.0,0.8076000213623047
YDR214W,YML021C,0,-5.528042,0.11016856133937836,1.0,0.807699978351593
YNR046W,YGL210W,0,-5.5281625,0.11015642434358597,1.0,0.8077999949455261
YOL039W,YGR128C,0,-5.5282497,0.11014428734779358,1.0,0.8079000115394592
YOR058C,YBR048W,0,-5.528327,0.11013215780258179,1.0,0.8080000281333923
YIL048W,YKL068W,0,-5.528754,0.11012002825737,1.0,0.8080999851226807
YAL012W,YFR048W,0,-5.5288105,0.1101079061627388,1.0,0.8082000017166138
YGL105W,YOR321W,0,-5.5289116,0.1100957840681076,1.0,0.8083000183105469
YDR236C,YKL014C,0,-5.529128,0.11008366197347641,1.0,0.8083999752998352
YMR240C,YJL004C,0,-5.5292187,0.11007154732942581,1.0,0.8084999918937683
YHR183W,YCR083W,0,-5.5299215,0.11005943268537521,1.0,0.8086000084877014
YAR019C,YDL042C,0,-5.5300026,0.11004731804132462,1.0,0.8087000250816345
YDR284C,YKR086W,0,-5.5301104,0.11003521084785461,1.0,0.8087999820709229
YPL192C,YBR254C,0,-5.5302725,0.11002310365438461,1.0,0.808899998664856
YIL026C,YBR015C,0,-5.530337,0.11001100391149521,1.0,0.8090000152587891
YNL073W,YPL138C,0,-5.530348,0.10999889671802521,1.0,0.8090999722480774
YNL051W,YNL015W,0,-5.5304623,0.1099868044257164,1.0,0.8091999888420105
YCL038C,YLR303W,0,-5.5304894,0.109974704682827,1.0,0.8093000054359436
YBR123C,YDL080C,0,-5.5306597,0.10996261239051819,1.0,0.8094000220298767
YGR002C,YML093W,0,-5.530664,0.10995052009820938,1.0,0.809499979019165
YOL033W,YBR218C,0,-5.530718,0.10993843525648117,1.0,0.8095999956130981
YPR033C,YLR145W,0,-5.5307326,0.10992635041475296,1.0,0.8097000122070312
YDR184C,YHR038W,0,-5.5312095,0.10991426557302475,1.0,0.8098000288009644
YPL101W,YPR154W,0,-5.5312653,0.10990218818187714,1.0,0.8098999857902527
YFL036W,YMR270C,0,-5.531328,0.10989011079072952,1.0,0.8100000023841858
YLR145W,YBR280C,0,-5.531653,0.10987803339958191,1.0,0.8101000189781189
YBR195C,YDL225W,0,-5.531789,0.10986596345901489,1.0,0.8101999759674072
YOR232W,YBL030C,0,-5.5319076,0.10985389351844788,1.0,0.8102999925613403
YFR048W,YPL237W,0,-5.5319595,0.10984183102846146,1.0,0.8104000091552734
YGR119C,YER024W,0,-5.5319805,0.10982976108789444,1.0,0.8105000257492065
YPL255W,YKL060C,0,-5.5324974,0.10981770604848862,1.0,0.8105999827384949
YOR180C,YDR389W,0,-5.532609,0.1098056435585022,1.0,0.810699999332428
YOL112W,YPL206C,0,-5.5327015,0.10979358851909637,1.0,0.8108000159263611
YGR002C,YDR212W,0,-5.5333323,0.10978153347969055,1.0,0.8108999729156494
YBR059C,YPL002C,0,-5.533529,0.10976948589086533,1.0,0.8109999895095825
YGR004W,YLR181C,0,-5.53354,0.1097574383020401,1.0,0.8111000061035156
YNR032W,YJR086W,0,-5.533745,0.10974539071321487,1.0,0.8112000226974487
YJR137C,YOL127W,0,-5.534194,0.10973335057497025,1.0,0.8112999796867371
YJL167W,YLR092W,0,-5.5342236,0.10972131043672562,1.0,0.8113999962806702
YPR094W,YNL088W,0,-5.534444,0.10970927029848099,1.0,0.8115000128746033
YER016W,YLR303W,0,-5.534793,0.10969723761081696,1.0,0.8116000294685364
YEL071W,YBR088C,0,-5.5349874,0.10968520492315292,1.0,0.8116999864578247
YFL016C,YJL080C,0,-5.5349874,0.10967317223548889,1.0,0.8118000030517578
YIL002C,YHR065C,0,-5.535211,0.10966114699840546,1.0,0.8119000196456909
YOR232W,YDR160W,0,-5.535274,0.10964912176132202,1.0,0.8119999766349792
YER164W,YOL063C,0,-5.535399,0.10963710397481918,1.0,0.8120999932289124
YGR145W,YDL020C,0,-5.535516,0.10962507873773575,1.0,0.8122000098228455
YLR295C,YPL153C,0,-5.5356417,0.10961306840181351,1.0,0.8123000264167786
YLR106C,YOR363C,0,-5.5356464,0.10960105061531067,1.0,0.8123999834060669
YIR017C,YBR257W,0,-5.5357203,0.10958904027938843,1.0,0.8125
YHL048W,YIL038C,0,-5.5357842,0.10957702994346619,1.0,0.8126000165939331
YJL071W,YJL170C,0,-5.535798,0.10956502705812454,1.0,0.8126999735832214
YDR081C,YOL001W,0,-5.536012,0.1095530241727829,1.0,0.8127999901771545
YDR216W,YLR078C,0,-5.536067,0.10954102128744125,1.0,0.8129000067710876
YLR110C,YOR030W,0,-5.5360947,0.1095290258526802,1.0,0.8130000233650208
YDR284C,YKL182W,0,-5.536159,0.10951703041791916,1.0,0.8130999803543091
YNL166C,YBR029C,0,-5.536746,0.10950503498315811,1.0,0.8131999969482422
YNL001W,YIL129C,0,-5.5367694,0.10949304699897766,1.0,0.8133000135421753
YIL065C,YLR096W,0,-5.5368185,0.10948105901479721,1.0,0.8133999705314636
YGR230W,YEL053C,0,-5.5370865,0.10946907848119736,1.0,0.8134999871253967
YMR136W,YCR044C,0,-5.537139,0.1094570904970169,1.0,0.8136000037193298
YIR015W,YER022W,0,-5.5376215,0.10944510996341705,1.0,0.8137000203132629
YKL208W,YJL069C,0,-5.538363,0.1094331368803978,1.0,0.8137999773025513
YPL061W,YHR098C,0,-5.5383644,0.10942116379737854,1.0,0.8138999938964844
YER042W,YGL008C,0,-5.538442,0.10940919071435928,1.0,0.8140000104904175
YBL078C,YGL201C,0,-5.538626,0.10939721763134003,1.0,0.8141000270843506
YNL080C,YGL251C,0,-5.53875,0.10938525199890137,1.0,0.8141999840736389
YML110C,YFL026W,0,-5.5388875,0.1093732938170433,1.0,0.814300000667572
YLR175W,YDR343C,0,-5.53889,0.10936132818460464,1.0,0.8144000172615051
YOL011W,YGL205W,0,-5.539134,0.10934937000274658,1.0,0.8144999742507935
YIL122W,YHR048W,0,-5.5399094,0.10933741182088852,1.0,0.8145999908447266
YDL134C,YML015C,0,-5.540098,0.10932546108961105,1.0,0.8147000074386597
YER125W,YGR009C,0,-5.5401363,0.10931351035833359,1.0,0.8148000240325928
YDR123C,YAR033W,0,-5.540356,0.10930155962705612,1.0,0.8148999810218811
YBL026W,YDL093W,0,-5.540377,0.10928961634635925,1.0,0.8149999976158142
YGL005C,YDL019C,0,-5.5404916,0.10927767306566238,1.0,0.8151000142097473
YPL078C,YOR194C,0,-5.540622,0.10926573723554611,1.0,0.8151999711990356
YOL051W,YLL035W,0,-5.540725,0.10925379395484924,1.0,0.8152999877929688
YGL054C,YHR188C,0,-5.5408106,0.10924185812473297,1.0,0.8154000043869019
YHR082C,YOL115W,0,-5.5411053,0.1092299297451973,1.0,0.815500020980835
YHR043C,YMR065W,0,-5.541124,0.10921800136566162,1.0,0.8155999779701233
YKL052C,YDR236C,0,-5.5413074,0.10920607298612595,1.0,0.8156999945640564
YOR254C,YAL001C,0,-5.541753,0.10919414460659027,1.0,0.8158000111579895
YDR211W,YGR270W,0,-5.541799,0.10918222367763519,1.0,0.8159000277519226
YPL149W,YPR191W,0,-5.5418205,0.10917030274868011,1.0,0.8159999847412109
YPR183W,YPL016W,0,-5.542228,0.10915838927030563,1.0,0.816100001335144
YDL093W,YOR076C,0,-5.5423274,0.10914647579193115,1.0,0.8162000179290771
YEL060C,YBR216C,0,-5.5423994,0.10913456231355667,1.0,0.8162999749183655
YLR332W,YMR022W,0,-5.5424414,0.10912265628576279,1.0,0.8163999915122986
YDL028C,YGR171C,0,-5.5427294,0.1091107502579689,1.0,0.8165000081062317
YOL059W,YDR098C,0,-5.542757,0.10909884423017502,1.0,0.8166000247001648
YBR133C,YGR183C,0,-5.5428624,0.10908694565296173,1.0,0.8166999816894531
YML004C,YPL190C,0,-5.542999,0.10907504707574844,1.0,0.8167999982833862
YML042W,YDL155W,0,-5.543034,0.10906314849853516,1.0,0.8169000148773193
YGL054C,YPR054W,0,-5.5431786,0.10905125737190247,1.0,0.8169999718666077
YPR033C,YMR008C,0,-5.5431833,0.10903936624526978,1.0,0.8170999884605408
YJL170C,YLR276C,0,-5.5433254,0.10902747511863708,1.0,0.8172000050544739
YDL085W,YMR231W,0,-5.5434456,0.10901559144258499,1.0,0.817300021648407
YER119C,YKL196C,0,-5.543458,0.1090037077665329,1.0,0.8173999786376953
YPR179C,YPL029W,0,-5.5434685,0.1089918240904808,1.0,0.8174999952316284
YGL105W,YPL095C,0,-5.543647,0.10897994786500931,1.0,0.8176000118255615
YNR023W,YPR140W,0,-5.543707,0.10896807163953781,1.0,0.8177000284194946
YKL038W,YMR093W,0,-5.5437617,0.10895620286464691,1.0,0.817799985408783
YOR335C,YOL026C,0,-5.544096,0.10894432663917542,1.0,0.8179000020027161
YMR023C,YDR447C,0,-5.5445,0.10893246531486511,1.0,0.8180000185966492
YOL123W,YPR009W,0,-5.54543,0.10892059653997421,1.0,0.8180999755859375
YKL052C,YDR046C,0,-5.5455475,0.10890873521566391,1.0,0.8181999921798706
YBR195C,YPR007C,0,-5.5456095,0.10889687389135361,1.0,0.8183000087738037
YGR014W,YGR135W,0,-5.545846,0.1088850200176239,1.0,0.8184000253677368
YDL085W,YPR072W,0,-5.546271,0.1088731661438942,1.0,0.8184999823570251
YIL150C,YOR140W,0,-5.5463343,0.10886131227016449,1.0,0.8185999989509583
YPL194W,YFL022C,0,-5.546588,0.10884945839643478,1.0,0.8187000155448914
YMR255W,YGL111W,0,-5.546811,0.10883761197328568,1.0,0.8187999725341797
YKR082W,YEL041W,0,-5.5469017,0.10882577300071716,1.0,0.8188999891281128
YFL055W,YNL091W,0,-5.546902,0.10881392657756805,1.0,0.8190000057220459
YEL056W,YBR195C,0,-5.5469894,0.10880208760499954,1.0,0.819100022315979
YDR513W,YHR041C,0,-5.5472775,0.10879025608301163,1.0,0.8191999793052673
YPL274W,YGL066W,0,-5.5474706,0.10877841711044312,1.0,0.8192999958992004
YNL038W,YIL046W,0,-5.5474873,0.1087665855884552,1.0,0.8194000124931335
YDR507C,YLR316C,0,-5.547674,0.10875476151704788,1.0,0.8195000290870667
YNL118C,YCR027C,0,-5.5477,0.10874292999505997,1.0,0.819599986076355
YGL053W,YJL127C,0,-5.547739,0.10873110592365265,1.0,0.8197000026702881
YOR153W,YGL049C,0,-5.5477543,0.10871928930282593,1.0,0.8198000192642212
YOL110W,YOR076C,0,-5.5479,0.10870746523141861,1.0,0.8198999762535095
YMR162C,YDL153C,0,-5.5479574,0.10869564861059189,1.0,0.8199999928474426
YHR143W,YOR210W,0,-5.5481095,0.10868383944034576,1.0,0.8201000094413757
YGR253C,YML013W,0,-5.5483913,0.10867203027009964,1.0,0.8202000260353088
YMR225C,YBR083W,0,-5.5484557,0.10866022109985352,1.0,0.8202999830245972
YER164W,YPR113W,0,-5.5485144,0.10864841192960739,1.0,0.8203999996185303
YDR098C,YBR221C,0,-5.5485344,0.10863661020994186,1.0,0.8205000162124634
YMR281W,YER125W,0,-5.5488863,0.10862480849027634,1.0,0.8205999732017517
YPL208W,YLR119W,0,-5.548992,0.1086130142211914,1.0,0.8206999897956848
YKL101W,YDR486C,0,-5.549036,0.10860121995210648,1.0,0.8208000063896179
YBL056W,YOR076C,0,-5.5491285,0.10858942568302155,1.0,0.820900022983551
YNL242W,YNR043W,0,-5.5492554,0.10857763141393661,1.0,0.8209999799728394
YMR001C,YHR043C,0,-5.5492687,0.10856584459543228,1.0,0.8210999965667725
YGL168W,YKL193C,0,-5.549548,0.10855405777692795,1.0,0.8212000131607056
YKL139W,YLR350W,0,-5.5498857,0.10854227840900421,1.0,0.8213000297546387
YIL159W,YGR057C,0,-5.5501304,0.10853049904108047,1.0,0.821399986743927
YDR118W,YMR012W,0,-5.550319,0.10851871967315674,1.0,0.8215000033378601
YIL121W,YDR494W,0,-5.5503464,0.1085069477558136,1.0,0.8216000199317932
YPL061W,YER107C,0,-5.5503483,0.10849516838788986,1.0,0.8216999769210815
YBR010W,YFR048W,0,-5.550477,0.10848340392112732,1.0,0.8217999935150146
YHR194W,YLR008C,0,-5.550481,0.10847163200378418,1.0,0.8219000101089478
YNL223W,YDR121W,0,-5.550495,0.10845986753702164,1.0,0.8220000267028809
YPR067W,YJR022W,0,-5.550561,0.10844811052083969,1.0,0.8220999836921692
YNL220W,YDR270W,0,-5.550957,0.10843634605407715,1.0,0.8222000002861023
YAL012W,YGR040W,0,-5.5510235,0.1084245890378952,1.0,0.8223000168800354
YNL073W,YBR228W,0,-5.551338,0.10841283947229385,1.0,0.8223999738693237
YFR021W,YDR086C,0,-5.5513735,0.10840108245611191,1.0,0.8224999904632568
YPL152W,YPR086W,0,-5.551555,0.10838933289051056,1.0,0.8226000070571899
YDR264C,YGL168W,0,-5.5518255,0.10837759077548981,1.0,0.822700023651123
YBR237W,YLR090W,0,-5.5518317,0.10836584120988846,1.0,0.8227999806404114
YMR202W,YML067C,0,-5.551959,0.1083540990948677,1.0,0.8228999972343445
YLR190W,YNR031C,0,-5.552124,0.10834236443042755,1.0,0.8230000138282776
YDR072C,YMR023C,0,-5.5521564,0.1083306223154068,1.0,0.8230999708175659
YOR239W,YKL085W,0,-5.552525,0.10831888765096664,1.0,0.823199987411499
YBL080C,YIL160C,0,-5.55253,0.10830716043710709,1.0,0.8233000040054321
YKL193C,YMR077C,0,-5.5527716,0.10829543322324753,1.0,0.8234000205993652
YLR310C,YNL294C,0,-5.5530176,0.10828370600938797,1.0,0.8234999775886536
YMR319C,YDR030C,0,-5.5532775,0.10827197879552841,1.0,0.8235999941825867
YJL198W,YDR166C,0,-5.5532956,0.10826025903224945,1.0,0.8237000107765198
YGL054C,YMR201C,0,-5.553637,0.10824853926897049,1.0,0.8238000273704529
YNL082W,YGR156W,0,-5.5537033,0.10823681950569153,1.0,0.8238999843597412
YPR100W,YDR011W,0,-5.5537386,0.10822510719299316,1.0,0.8240000009536743
YER146W,YIR041W,0,-5.5537567,0.1082133948802948,1.0,0.8241000175476074
YDR353W,YPL120W,0,-5.553941,0.10820169001817703,1.0,0.8241999745368958
YGR286C,YNL091W,0,-5.554079,0.10818998515605927,1.0,0.8242999911308289
YDR277C,YIL048W,0,-5.55414,0.1081782802939415,1.0,0.824400007724762
YGR132C,YDR059C,0,-5.554239,0.10816657543182373,1.0,0.8245000243186951
YJR125C,YNL085W,0,-5.5546193,0.10815487802028656,1.0,0.8245999813079834
YLR427W,YFR031C,0,-5.554707,0.10814318060874939,1.0,0.8246999979019165
YJR052W,YNL246W,0,-5.554779,0.10813149064779282,1.0,0.8248000144958496
YHR024C,YMR239C,0,-5.5548825,0.10811979323625565,1.0,0.8248999714851379
YDR277C,YOL093W,0,-5.5548973,0.10810811072587967,1.0,0.824999988079071
YLR254C,YLR090W,0,-5.5549026,0.1080964207649231,1.0,0.8251000046730042
YGR134W,YOL042W,0,-5.555246,0.10808473825454712,1.0,0.8252000212669373
YBL019W,YDL212W,0,-5.5556192,0.10807305574417114,1.0,0.8252999782562256
YGL136C,YGL162W,0,-5.556034,0.10806138068437576,1.0,0.8253999948501587
YOR028C,YDR362C,0,-5.556404,0.10804970562458038,1.0,0.8255000114440918
YNL073W,YIR022W,0,-5.556468,0.108038030564785,1.0,0.8256000280380249
YDL188C,YKL019W,0,-5.556533,0.10802635550498962,1.0,0.8256999850273132
YNL182C,YDR487C,0,-5.5566607,0.10801468789577484,1.0,0.8258000016212463
YLL022C,YOL143C,0,-5.5572243,0.10800302773714066,1.0,0.8259000182151794
YMR225C,YAR033W,0,-5.5572968,0.10799136012792587,1.0,0.8259999752044678
YBR029C,YOL117W,0,-5.5573187,0.10797969996929169,1.0,0.8260999917984009
YLR028C,YJR077C,0,-5.5579233,0.1079680398106575,1.0,0.826200008392334
YHR175W,YOL080C,0,-5.558277,0.10795638710260391,1.0,0.8263000249862671
YLR216C,YCR039C,0,-5.5583444,0.10794473439455032,1.0,0.8263999819755554
YOR126C,YNL188W,0,-5.5584335,0.10793308168649673,1.0,0.8264999985694885
YLR096W,YNL202W,0,-5.5587215,0.10792143642902374,1.0,0.8266000151634216
YOR119C,YNL093W,0,-5.5587835,0.10790978372097015,1.0,0.82669997215271
YOR299W,YDR246W,0,-5.558984,0.10789814591407776,1.0,0.8267999887466431
YBR068C,YBR298C,0,-5.5590057,0.10788650065660477,1.0,0.8269000053405762
YNR002C,YLR026C,0,-5.5590982,0.10787486284971237,1.0,0.8270000219345093
YNL062C,YKR061W,0,-5.5590987,0.10786323249340057,1.0,0.8270999789237976
YPL271W,YDR362C,0,-5.559802,0.10785159468650818,1.0,0.8271999955177307
YMR202W,YPR140W,0,-5.5601974,0.10783996433019638,1.0,0.8273000121116638
YOL009C,YDL111C,0,-5.560243,0.10782833397388458,1.0,0.8274000287055969
YMR037C,YDR363W-A,0,-5.5604844,0.10781671106815338,1.0,0.8274999856948853
YBR070C,YNR001C,0,-5.5606575,0.10780508816242218,1.0,0.8276000022888184
YCL025C,YBL024W,0,-5.561048,0.10779346525669098,1.0,0.8277000188827515
YNL149C,YPR165W,0,-5.5610914,0.10778184980154037,1.0,0.8277999758720398
YAL012W,YNL004W,0,-5.56118,0.10777023434638977,1.0,0.8278999924659729
YDL040C,YJR059W,0,-5.5614753,0.10775861889123917,1.0,0.828000009059906
YCR063W,YNL090W,0,-5.5616117,0.10774701088666916,1.0,0.8281000256538391
YBR023C,YML092C,0,-5.561758,0.10773540288209915,1.0,0.8281999826431274
YBR212W,YGR229C,0,-5.5619802,0.10772379487752914,1.0,0.8282999992370605
YGR134W,YOR187W,0,-5.5620975,0.10771219432353973,1.0,0.8284000158309937
YLR195C,YNL149C,0,-5.5621357,0.10770059376955032,1.0,0.828499972820282
YJL207C,YNL082W,0,-5.562152,0.10768899321556091,1.0,0.8285999894142151
YOR253W,YJR126C,0,-5.562293,0.1076774001121521,1.0,0.8287000060081482
YPL135W,YMR080C,0,-5.5623446,0.10766580700874329,1.0,0.8288000226020813
YER052C,YFR029W,0,-5.562845,0.10765421390533447,1.0,0.8288999795913696
YLR013W,YPL224C,0,-5.562861,0.10764262825250626,1.0,0.8289999961853027
YNL188W,YPL089C,0,-5.5629025,0.10763104259967804,1.0,0.8291000127792358
YNL135C,YOR261C,0,-5.5629563,0.10761945694684982,1.0,0.829200029373169
YDL231C,YNL323W,0,-5.5629616,0.1076078787446022,1.0,0.8292999863624573
YJL133W,YGR010W,0,-5.562981,0.10759630054235458,1.0,0.8294000029563904
YER122C,YML128C,0,-5.563068,0.10758472234010696,1.0,0.8295000195503235
YOR130C,YER031C,0,-5.5630875,0.10757315158843994,1.0,0.8295999765396118
YGR217W,YDR486C,0,-5.5631,0.10756158083677292,1.0,0.8296999931335449
YPL010W,YOL143C,0,-5.563654,0.1075500100851059,1.0,0.829800009727478
YER159C,YAL003W,0,-5.563715,0.10753844678401947,1.0,0.8299000263214111
YER165W,YPL258C,0,-5.5637813,0.10752688348293304,1.0,0.8299999833106995
YPL243W,YMR104C,0,-5.563839,0.10751532018184662,1.0,0.8300999999046326
YBL074C,YKL160W,0,-5.5640383,0.10750376433134079,1.0,0.8302000164985657
YGR249W,YPL016W,0,-5.5641575,0.10749220848083496,1.0,0.830299973487854
YLR028C,YBR008C,0,-5.564225,0.10748065263032913,1.0,0.8303999900817871
YDR046C,YIR002C,0,-5.5642586,0.1074691042304039,1.0,0.8305000066757202
YBR243C,YLR248W,0,-5.564579,0.10745755583047867,1.0,0.8306000232696533
YBR243C,YNL055C,0,-5.5647516,0.10744600743055344,1.0,0.8306999802589417
YGL191W,YPL117C,0,-5.564806,0.1074344664812088,1.0,0.8307999968528748
YKL004W,YJR103W,0,-5.5648456,0.10742292553186417,1.0,0.8309000134468079
YNL298W,YLR025W,0,-5.565164,0.10741138458251953,1.0,0.8309999704360962
YPL221W,YDR081C,0,-5.5652304,0.1073998510837555,1.0,0.8310999870300293
YDL181W,YMR227C,0,-5.565447,0.10738831758499146,1.0,0.8312000036239624
YLR411W,YLR384C,0,-5.5655937,0.10737678408622742,1.0,0.8313000202178955
YPR031W,YER154W,0,-5.565597,0.10736525803804398,1.0,0.8313999772071838
YDR046C,YJL156C,0,-5.5657325,0.10735373198986053,1.0,0.8314999938011169
YIL159W,YAL016W,0,-5.5659895,0.1073422059416771,1.0,0.83160001039505
YNL245C,YOR178C,0,-5.566194,0.10733068734407425,1.0,0.8317000269889832
YNL270C,YPR119W,0,-5.566458,0.1073191687464714,1.0,0.8317999839782715
YLR399C,YBR177C,0,-5.566539,0.10730765014886856,1.0,0.8319000005722046
YLR256W,YNR026C,0,-5.5667267,0.10729613900184631,1.0,0.8320000171661377
YJR076C,YPR102C,0,-5.566764,0.10728462785482407,1.0,0.832099974155426
YOR253W,YNL097C,0,-5.566801,0.10727311670780182,1.0,0.8321999907493591
YBR098W,YBR253W,0,-5.5669584,0.10726161301136017,1.0,0.8323000073432922
YBR087W,YMR054W,0,-5.5670366,0.10725010931491852,1.0,0.8324000239372253
YLR295C,YOL135C,0,-5.5671606,0.10723860561847687,1.0,0.8324999809265137
YLR330W,YMR079W,0,-5.5672874,0.10722710937261581,1.0,0.8325999975204468
YER027C,YLL034C,0,-5.567294,0.10721561312675476,1.0,0.8327000141143799
YER027C,YJL045W,0,-5.567379,0.10720411688089371,1.0,0.8327999711036682
YPR057W,YDR409W,0,-5.5676785,0.10719262808561325,1.0,0.8328999876976013
YPL178W,YBR237W,0,-5.567763,0.1071811392903328,1.0,0.8330000042915344
YGR166W,YBL102W,0,-5.567997,0.10716965049505234,1.0,0.8331000208854675
YGR191W,YMR039C,0,-5.5685234,0.10715816915035248,1.0,0.8331999778747559
YNL302C,YNL131W,0,-5.5685263,0.10714668035507202,1.0,0.833299994468689
YOR007C,YLR425W,0,-5.568625,0.10713520646095276,1.0,0.8334000110626221
YFR041C,YAL043C,0,-5.5691214,0.1071237251162529,1.0,0.8335000276565552
YML113W,YGR281W,0,-5.569554,0.10711225122213364,1.0,0.8335999846458435
YLR134W,YGL213C,0,-5.569654,0.10710078477859497,1.0,0.8337000012397766
YGR206W,YDL185W,0,-5.569817,0.10708931088447571,1.0,0.8338000178337097
YDR265W,YNL055C,0,-5.569905,0.10707784444093704,1.0,0.833899974822998
YKL204W,YOR367W,0,-5.5701632,0.10706637799739838,1.0,0.8339999914169312
YPR104C,YCL035C,0,-5.5701747,0.10705491900444031,1.0,0.8341000080108643
YLR207W,YAL029C,0,-5.570308,0.10704346001148224,1.0,0.8342000246047974
YJR025C,YML074C,0,-5.570423,0.10703200101852417,1.0,0.8342999815940857
YOL001W,YLR424W,0,-5.5705614,0.1070205494761467,1.0,0.8343999981880188
YLR201C,YIR009W,0,-5.5706186,0.10700909793376923,1.0,0.8345000147819519
YLR110C,YFR036W,0,-5.5706244,0.10699764639139175,1.0,0.8345999717712402
YGL174W,YLR039C,0,-5.570633,0.10698620229959488,1.0,0.8346999883651733
YOR232W,YPL016W,0,-5.570676,0.10697475075721741,1.0,0.8348000049591064
YER146W,YLR427W,0,-5.5707307,0.10696331411600113,1.0,0.8349000215530396
YBR088C,YOR207C,0,-5.5708094,0.10695187002420425,1.0,0.8349999785423279
YER073W,YLR309C,0,-5.5711136,0.10694043338298798,1.0,0.835099995136261
YCR071C,YOR130C,0,-5.571545,0.1069289967417717,1.0,0.8352000117301941
YMR012W,YER116C,0,-5.5717487,0.10691756755113602,1.0,0.8353000283241272
YBR177C,YDL081C,0,-5.5719194,0.10690613836050034,1.0,0.8353999853134155
YGR157W,YCL032W,0,-5.572019,0.10689470916986465,1.0,0.8355000019073486
YJR108W,YML074C,0,-5.572689,0.10688327997922897,1.0,0.8356000185012817
YDR256C,YNL149C,0,-5.5735483,0.10687185823917389,1.0,0.8356999754905701
YBR199W,YER112W,0,-5.5735598,0.1068604439496994,1.0,0.8357999920845032
YGL174W,YGL005C,0,-5.5737877,0.10684902220964432,1.0,0.8359000086784363
YDL174C,YBL011W,0,-5.574255,0.10683760792016983,1.0,0.8360000252723694
YER119C,YOR056C,0,-5.574461,0.10682619363069534,1.0,0.8360999822616577
YML091C,YGL011C,0,-5.5746555,0.10681478679180145,1.0,0.8361999988555908
YNL094W,YMR268C,0,-5.5750566,0.10680337250232697,1.0,0.8363000154495239
YHR043C,YDR422C,0,-5.5752983,0.10679196566343307,1.0,0.8363999724388123
YBR221C,YGL158W,0,-5.575577,0.10678056627511978,1.0,0.8364999890327454
YNL101W,YMR043W,0,-5.575736,0.10676916688680649,1.0,0.8366000056266785
YKL182W,YLR096W,0,-5.5760584,0.1067577674984932,1.0,0.8367000222206116
YGR145W,YLR309C,0,-5.5765185,0.1067463681101799,1.0,0.8367999792098999
YOR120W,YGR078C,0,-5.576557,0.1067349761724472,1.0,0.836899995803833
YHR013C,YGR144W,0,-5.5767117,0.10672358423471451,1.0,0.8370000123977661
YDR037W,YPR056W,0,-5.576799,0.10671219974756241,1.0,0.8371000289916992
YGL253W,YDR328C,0,-5.5769215,0.10670080780982971,1.0,0.8371999859809875
YFR030W,YCL001W,0,-5.577114,0.10668943077325821,1.0,0.8373000025749207
YDR182W,YAL025C,0,-5.5773134,0.10667804628610611,1.0,0.8374000191688538
YOR310C,YPR191W,0,-5.5775194,0.1066666692495346,1.0,0.8374999761581421
YML098W,YDR353W,0,-5.577751,0.1066552922129631,1.0,0.8375999927520752
YLL050C,YGL245W,0,-5.5778856,0.1066439151763916,1.0,0.8377000093460083
YNL270C,YNL330C,0,-5.5783634,0.1066325455904007,1.0,0.8378000259399414
YLR207W,YDR172W,0,-5.5787535,0.10662117600440979,1.0,0.8378999829292297
YNL177C,YIL173W,0,-5.5787725,0.10660980641841888,1.0,0.8379999995231628
YAL025C,YIL120W,0,-5.578842,0.10659844428300858,1.0,0.838100016117096
YEL034W,YER075C,0,-5.57933,0.10658708214759827,1.0,0.8381999731063843
YDR284C,YGR009C,0,-5.5796924,0.10657572001218796,1.0,0.8382999897003174
YNL323W,YBR117C,0,-5.580023,0.10656436532735825,1.0,0.8384000062942505
YBR132C,YDR498C,0,-5.5801167,0.10655301064252853,1.0,0.8385000228881836
YJR082C,YLR026C,0,-5.5802155,0.10654165595769882,1.0,0.8385999798774719
YLR096W,YMR302C,0,-5.580308,0.10653030872344971,1.0,0.838699996471405
YGR007W,YJL154C,0,-5.5804577,0.10651896148920059,1.0,0.8388000130653381
YOR261C,YOR272W,0,-5.580596,0.10650761425495148,1.0,0.8389000296592712
YLL031C,YCL031C,0,-5.5808115,0.10649627447128296,1.0,0.8389999866485596
YLR418C,YJL106W,0,-5.581025,0.10648493468761444,1.0,0.8391000032424927
YML099C,YIL120W,0,-5.581289,0.10647359490394592,1.0,0.8392000198364258
YKL176C,YOL126C,0,-5.58134,0.106462262570858,1.0,0.8392999768257141
YGR010W,YPL163C,0,-5.5815434,0.10645092278718948,1.0,0.8393999934196472
YNR032W,YNR026C,0,-5.581544,0.10643959790468216,1.0,0.8395000100135803
YMR276W,YER049W,0,-5.5820312,0.10642826557159424,1.0,0.8396000266075134
YBR070C,YBR002C,0,-5.5824304,0.10641694068908691,1.0,0.8396999835968018
YHR014W,YPR095C,0,-5.5827184,0.10640561580657959,1.0,0.8398000001907349
YDR071C,YGL028C,0,-5.5827894,0.10639429837465286,1.0,0.839900016784668
YLR254C,YER005W,0,-5.5829425,0.10638298094272614,1.0,0.8399999737739563
YMR188C,YBL050W,0,-5.5829635,0.10637166351079941,1.0,0.8400999903678894
YBR217W,YIL052C,0,-5.5829916,0.10636034607887268,1.0,0.8402000069618225
YOR320C,YHR050W,0,-5.5830183,0.10634903609752655,1.0,0.8403000235557556
YEL009C,YJL072C,0,-5.583522,0.10633772611618042,1.0,0.840399980545044
YLR201C,YLR430W,0,-5.583576,0.10632642358541489,1.0,0.840499997138977
YML127W,YKR053C,0,-5.5838356,0.10631512105464935,1.0,0.8406000137329102
YLR459W,YPL120W,0,-5.5838737,0.10630381852388382,1.0,0.8406999707221985
YFR037C,YLR092W,0,-5.583924,0.10629251599311829,1.0,0.8407999873161316
YDR079W,YBR216C,0,-5.5840755,0.10628122091293335,1.0,0.8409000039100647
YGR183C,YMR016C,0,-5.584138,0.10626992583274841,1.0,0.8410000205039978
YDR069C,YIR021W,0,-5.5842075,0.10625863075256348,1.0,0.8410999774932861
YOR067C,YHR118C,0,-5.5845976,0.10624734312295914,1.0,0.8411999940872192
YER009W,YGR213C,0,-5.5848703,0.1062360554933548,1.0,0.8413000106811523
YDL099W,YOL042W,0,-5.584898,0.10622477531433105,1.0,0.8414000272750854
YOR368W,YDR470C,0,-5.5849595,0.10621348768472672,1.0,0.8414999842643738
YJL210W,YLR086W,0,-5.5849733,0.10620220750570297,1.0,0.8416000008583069
YPL224C,YDR386W,0,-5.585228,0.10619093477725983,1.0,0.84170001745224
YPL259C,YNL085W,0,-5.5852356,0.10617965459823608,1.0,0.8417999744415283
YKL009W,YJL041W,0,-5.5852757,0.10616838186979294,1.0,0.8418999910354614
YFR021W,YOL012C,0,-5.5855346,0.10615710914134979,1.0,0.8420000076293945
YGL168W,YAL051W,0,-5.5859723,0.10614584386348724,1.0,0.8421000242233276
YLR015W,YHR001W-A,0,-5.5861597,0.1061345785856247,1.0,0.842199981212616
YPR100W,YBL058W,0,-5.5861607,0.10612331330776215,1.0,0.8422999978065491
YNR035C,YGR118W,0,-5.586651,0.1061120554804802,1.0,0.8424000144004822
YPL181W,YPR198W,0,-5.586713,0.10610079765319824,1.0,0.8424999713897705
YHR072W,YGR192C,0,-5.5868692,0.10608953982591629,1.0,0.8425999879837036
YHR183W,YMR239C,0,-5.5868983,0.10607828944921494,1.0,0.8427000045776367
YER015W,YJL050W,0,-5.5870085,0.10606703162193298,1.0,0.8428000211715698
YLR390W-A,YDR098C,0,-5.5871716,0.10605578869581223,1.0,0.8428999781608582
YJL106W,YIR012W,0,-5.5872345,0.10604453831911087,1.0,0.8429999947547913
YML067C,YKR097W,0,-5.5873823,0.10603329539299011,1.0,0.8431000113487244
YPL259C,YLR380W,0,-5.5874743,0.10602205246686935,1.0,0.8432000279426575
YBR177C,YMR313C,0,-5.587611,0.1060108095407486,1.0,0.8432999849319458
YDR214W,YKL001C,0,-5.5876975,0.10599957406520844,1.0,0.8434000015258789
YDR174W,YER142C,0,-5.587838,0.10598833858966827,1.0,0.843500018119812
YER026C,YLR197W,0,-5.5878973,0.10597711056470871,1.0,0.8435999751091003
YFL009W,YDR394W,0,-5.5881424,0.10596588253974915,1.0,0.8436999917030334
YPR155C,YGR129W,0,-5.5881844,0.10595465451478958,1.0,0.8438000082969666
YMR280C,YLR195C,0,-5.5882688,0.10594342648983002,1.0,0.8439000248908997
YJL146W,YBL106C,0,-5.588341,0.10593220591545105,1.0,0.843999981880188
YJL134W,YOR018W,0,-5.5883713,0.10592098534107208,1.0,0.8440999984741211
YPR049C,YAR033W,0,-5.588526,0.10590976476669312,1.0,0.8442000150680542
YLR206W,YMR112C,0,-5.5886583,0.10589855164289474,1.0,0.8442999720573425
YPL098C,YPL174C,0,-5.5886583,0.10588733851909637,1.0,0.8443999886512756
YOL108C,YER118C,0,-5.5886803,0.105876125395298,1.0,0.8445000052452087
YFR047C,YMR077C,0,-5.5893173,0.10586491972208023,1.0,0.8446000218391418
YDR508C,YDR078C,0,-5.5893307,0.10585370659828186,1.0,0.8446999788284302
YGR167W,YPR154W,0,-5.5895348,0.10584250837564468,1.0,0.8447999954223633
YNL094W,YDL212W,0,-5.589582,0.10583130270242691,1.0,0.8449000120162964
YGR095C,YPL063W,0,-5.589626,0.10582010447978973,1.0,0.8450000286102295
YOR221C,YGL243W,0,-5.590229,0.10580890625715256,1.0,0.8450999855995178
YOR386W,YOR159C,0,-5.590429,0.10579771548509598,1.0,0.8452000021934509
YNL147W,YMR322C,0,-5.5905857,0.1057865247130394,1.0,0.845300018787384
YOR020C,YDR279W,0,-5.590755,0.10577533394098282,1.0,0.8453999757766724
YMR125W,YIL063C,0,-5.5908084,0.10576414316892624,1.0,0.8454999923706055
YDR099W,YML062C,0,-5.5908594,0.10575295984745026,1.0,0.8456000089645386
YKL135C,YOR299W,0,-5.590928,0.10574177652597427,1.0,0.8457000255584717
YMR004W,YOL100W,0,-5.591174,0.10573060065507889,1.0,0.84579998254776
YLR020C,YDR451C,0,-5.5912676,0.1057194173336029,1.0,0.8458999991416931
YPR033C,YIL002C,0,-5.5917172,0.10570824891328812,1.0,0.8460000157356262
YFR021W,YDL111C,0,-5.5918293,0.10569707304239273,1.0,0.8460999727249146
YNL118C,YHR041C,0,-5.5918655,0.10568590462207794,1.0,0.8461999893188477
YLR134W,YOR054C,0,-5.591896,0.10567473620176315,1.0,0.8463000059127808
YNL080C,YDR211W,0,-5.59229,0.10566356778144836,1.0,0.8464000225067139
YGL143C,YOR027W,0,-5.5924826,0.10565240681171417,1.0,0.8464999794960022
YPL170W,YKL191W,0,-5.5926685,0.10564124584197998,1.0,0.8465999960899353
YBL078C,YJL187C,0,-5.5928497,0.10563008487224579,1.0,0.8467000126838684
YLR288C,YLR048W,0,-5.5931354,0.1056189239025116,1.0,0.8468000292778015
YLR047C,YBR142W,0,-5.5932918,0.105607770383358,1.0,0.8468999862670898
YKL040C,YMR231W,0,-5.5933743,0.105596624314785,1.0,0.847000002861023
YOR269W,YHR006W,0,-5.5934486,0.10558547079563141,1.0,0.847100019454956
YGR171C,YDR459C,0,-5.5934486,0.10557432472705841,1.0,0.8471999764442444
YER015W,YDL100C,0,-5.5936737,0.10556317865848541,1.0,0.8472999930381775
YDR093W,YKL201C,0,-5.5939946,0.10555204004049301,1.0,0.8474000096321106
YDL198C,YER021W,0,-5.59404,0.10554089397192001,1.0,0.8475000262260437
YFR051C,YOR270C,0,-5.594372,0.10552976280450821,1.0,0.847599983215332
YNL039W,YMR035W,0,-5.5944853,0.10551862418651581,1.0,0.8476999998092651
YDR508C,YNL088W,0,-5.5945187,0.105507493019104,1.0,0.8478000164031982
YAR014C,YPL177C,0,-5.594847,0.1054963618516922,1.0,0.8478999733924866
YER015W,YLR032W,0,-5.594989,0.1054852306842804,1.0,0.8479999899864197
YPL126W,YHR098C,0,-5.5952716,0.10547410696744919,1.0,0.8481000065803528
YML129C,YKR087C,0,-5.595302,0.10546298325061798,1.0,0.8482000231742859
YFL024C,YGL213C,0,-5.595688,0.10545185953378677,1.0,0.8482999801635742
YEL018W,YJL117W,0,-5.595728,0.10544074326753616,1.0,0.8483999967575073
YNL036W,YGL044C,0,-5.5958633,0.10542962700128555,1.0,0.8485000133514404
YHR088W,YKR059W,0,-5.59592,0.10541851073503494,1.0,0.8485999703407288
YPR067W,YMR270C,0,-5.5960994,0.10540740191936493,1.0,0.8486999869346619
YMR227C,YMR146C,0,-5.5962048,0.10539629310369492,1.0,0.848800003528595
YDL074C,YNL268W,0,-5.5962787,0.1053851842880249,1.0,0.8489000201225281
YOL135C,YJR074W,0,-5.5963016,0.10537407547235489,1.0,0.8489999771118164
YMR023C,YDR465C,0,-5.5963116,0.10536297410726547,1.0,0.8490999937057495
YKL193C,YOR212W,0,-5.5964622,0.10535187274217606,1.0,0.8492000102996826
YOR373W,YIL063C,0,-5.596527,0.10534077882766724,1.0,0.8493000268936157
YAR002C-A,YHR006W,0,-5.5967226,0.10532968491315842,1.0,0.849399983882904
YGR230W,YPL235W,0,-5.596878,0.1053185909986496,1.0,0.8495000004768372
YML121W,YDR190C,0,-5.5970755,0.10530749708414078,1.0,0.8496000170707703
YLR295C,YHR066W,0,-5.5972357,0.10529641062021255,1.0,0.8496999740600586
YER019C-A,YLR090W,0,-5.5972843,0.10528532415628433,1.0,0.8497999906539917
YPL095C,YOR117W,0,-5.5976157,0.10527423769235611,1.0,0.8499000072479248
YDR054C,YMR212C,0,-5.5979195,0.10526315867900848,1.0,0.8500000238418579
YDL108W,YJR059W,0,-5.5980306,0.10525207966566086,1.0,0.8500999808311462
YPL196W,YIL053W,0,-5.5983286,0.10524100065231323,1.0,0.8501999974250793
YGR157W,YDR087C,0,-5.5984344,0.1052299290895462,1.0,0.8503000140190125
YBL032W,YGR183C,0,-5.59875,0.10521885752677917,1.0,0.8503999710083008
YDR046C,YDL031W,0,-5.598971,0.10520778596401215,1.0,0.8504999876022339
YGR183C,YDR078C,0,-5.5990205,0.10519671440124512,1.0,0.850600004196167
YML074C,YML016C,0,-5.5992794,0.10518565028905869,1.0,0.8507000207901001
YBL093C,YER148W,0,-5.5993376,0.10517458617687225,1.0,0.8507999777793884
YIL030C,YNL064C,0,-5.599388,0.10516352951526642,1.0,0.8508999943733215
YER015W,YHR167W,0,-5.5999985,0.10515247285366058,1.0,0.8510000109672546
YPR034W,YBR024W,0,-5.6001644,0.10514141619205475,1.0,0.8511000275611877
YBL047C,YBR030W,0,-5.6004124,0.10513035953044891,1.0,0.8511999845504761
YGR113W,YFL041W,0,-5.6007233,0.10511931031942368,1.0,0.8513000011444092
YJL006C,YMR156C,0,-5.6008177,0.10510826110839844,1.0,0.8514000177383423
YIL154C,YDR292C,0,-5.60089,0.1050972118973732,1.0,0.8514999747276306
YGR167W,YKR085C,0,-5.6009154,0.10508617013692856,1.0,0.8515999913215637
YGL111W,YOR172W,0,-5.60101,0.10507512837648392,1.0,0.8517000079154968
YOL001W,YKL014C,0,-5.6012983,0.10506408661603928,1.0,0.8518000245094299
YDR335W,YNL098C,0,-5.6016927,0.10505305230617523,1.0,0.8518999814987183
YBR278W,YDL081C,0,-5.6020813,0.10504201799631119,1.0,0.8519999980926514
YOR067C,YCL032W,0,-5.6021833,0.10503098368644714,1.0,0.8521000146865845
YCR094W,YDL024C,0,-5.6026764,0.1050199568271637,1.0,0.8521999716758728
YMR285C,YOL138C,0,-5.6027546,0.10500892251729965,1.0,0.8522999882698059
YGL037C,YOR007C,0,-5.6028013,0.1049979031085968,1.0,0.852400004863739
YDR335W,YBR043C,0,-5.603012,0.10498687624931335,1.0,0.8525000214576721
YER146W,YOL006C,0,-5.6035447,0.1049758568406105,1.0,0.8525999784469604
YGL205W,YKL056C,0,-5.603606,0.10496483743190765,1.0,0.8526999950408936
YPL259C,YDR361C,0,-5.6041713,0.1049538180232048,1.0,0.8528000116348267
YJR094C,YOL003C,0,-5.604181,0.10494280606508255,1.0,0.8529000282287598
YGL257C,YJL076W,0,-5.604229,0.1049317941069603,1.0,0.8529999852180481
YJL146W,YDR060W,0,-5.604352,0.10492078214883804,1.0,0.8531000018119812
YGR191W,YGR220C,0,-5.604572,0.10490977764129639,1.0,0.8532000184059143
YGR155W,YML005W,0,-5.6046476,0.10489877313375473,1.0,0.8532999753952026
YER020W,YBR175W,0,-5.6046543,0.10488776862621307,1.0,0.8533999919891357
YNL239W,YDR079W,0,-5.604699,0.10487677156925201,1.0,0.8535000085830688
YPL049C,YPL098C,0,-5.6051617,0.10486577451229095,1.0,0.853600025177002
YGR036C,YDR027C,0,-5.605368,0.1048547774553299,1.0,0.8536999821662903
YKL013C,YLR259C,0,-5.605385,0.10484378039836884,1.0,0.8537999987602234
YPR088C,YDR429C,0,-5.605669,0.10483279079198837,1.0,0.8539000153541565
YFL048C,YDR077W,0,-5.60567,0.10482180118560791,1.0,0.8539999723434448
YJR143C,YKL196C,0,-5.6056943,0.10481081902980804,1.0,0.8540999889373779
YOR257W,YML028W,0,-5.605893,0.10479982942342758,1.0,0.854200005531311
YGR157W,YKL059C,0,-5.605921,0.10478884726762772,1.0,0.8543000221252441
YER159C,YPR032W,0,-5.60593,0.10477787256240845,1.0,0.8543999791145325
YHR091C,YOR206W,0,-5.605981,0.10476689040660858,1.0,0.8544999957084656
YOR147W,YDL111C,0,-5.606142,0.10475591570138931,1.0,0.8546000123023987
YEL063C,YJL128C,0,-5.607065,0.10474494844675064,1.0,0.8547000288963318
YMR292W,YDR453C,0,-5.6071653,0.10473397374153137,1.0,0.8547999858856201
YMR241W,YDR532C,0,-5.607293,0.1047230064868927,1.0,0.8549000024795532
YLR145W,YOR087W,0,-5.607487,0.10471203923225403,1.0,0.8550000190734863
YER017C,YGL067W,0,-5.6076293,0.10470107942819595,1.0,0.8550999760627747
YDR296W,YNL156C,0,-5.607642,0.10469011962413788,1.0,0.8551999926567078
YDL216C,YKR053C,0,-5.607786,0.1046791598200798,1.0,0.8553000092506409
YNL016W,YGR253C,0,-5.6079264,0.10466820001602173,1.0,0.855400025844574
YGL019W,YBR179C,0,-5.6082172,0.10465724766254425,1.0,0.8554999828338623
YLR133W,YGL210W,0,-5.608223,0.10464629530906677,1.0,0.8555999994277954
YGL166W,YHR038W,0,-5.608239,0.1046353429555893,1.0,0.8557000160217285
YHR013C,YLR350W,0,-5.608281,0.10462439805269241,1.0,0.8557999730110168
YJL157C,YLR350W,0,-5.608348,0.10461345314979553,1.0,0.85589998960495
YFR052W,YPL042C,0,-5.6085563,0.10460250824689865,1.0,0.8560000061988831
YDR329C,YDR023W,0,-5.608829,0.10459157079458237,1.0,0.8561000227928162
YKR046C,YDR489W,0,-5.6093383,0.10458063334226608,1.0,0.8561999797821045
YEL054C,YML098W,0,-5.609621,0.1045696958899498,1.0,0.8562999963760376
YNL030W,YGR222W,0,-5.609701,0.10455875843763351,1.0,0.8564000129699707
YDR011W,YBL039C,0,-5.6099157,0.10454782843589783,1.0,0.8565000295639038
YDL155W,YGR057C,0,-5.6099224,0.10453689843416214,1.0,0.8565999865531921
YMR142C,YOL006C,0,-5.6100044,0.10452597588300705,1.0,0.8567000031471252
YDL065C,YLR105C,0,-5.610065,0.10451505333185196,1.0,0.8568000197410583
YJL073W,YKL176C,0,-5.6101933,0.10450413078069687,1.0,0.8568999767303467
YCR088W,YIL016W,0,-5.6103344,0.10449320822954178,1.0,0.8569999933242798
YOL149W,YIR009W,0,-5.6104755,0.10448229312896729,1.0,0.8571000099182129
YMR068W,YNL326C,0,-5.610532,0.10447137802839279,1.0,0.857200026512146
YER126C,YDL093W,0,-5.6105394,0.1044604629278183,1.0,0.8572999835014343
YDR508C,YNL309W,0,-5.610577,0.1044495478272438,1.0,0.8574000000953674
YLR272C,YHR016C,0,-5.6111445,0.10443864017724991,1.0,0.8575000166893005
YOR363C,YKL014C,0,-5.6113167,0.10442773252725601,1.0,0.8575999736785889
YNL061W,YKL197C,0,-5.6113205,0.10441683232784271,1.0,0.857699990272522
YGR036C,YDL005C,0,-5.6113234,0.10440593212842941,1.0,0.8578000068664551
YDR335W,YPR182W,0,-5.6113415,0.10439503192901611,1.0,0.8579000234603882
YKR003W,YDR459C,0,-5.611453,0.10438413172960281,1.0,0.8579999804496765
YDR309C,YLR043C,0,-5.611498,0.10437323898077011,1.0,0.8580999970436096
YML080W,YLR382C,0,-5.6115294,0.10436234623193741,1.0,0.8582000136375427
YHR024C,YBR167C,0,-5.611564,0.1043514534831047,1.0,0.858299970626831
YKL019W,YMR270C,0,-5.611621,0.1043405681848526,1.0,0.8583999872207642
YGR083C,YGL028C,0,-5.611676,0.1043296828866005,1.0,0.8585000038146973
YKR068C,YPR065W,0,-5.6117024,0.10431879758834839,1.0,0.8586000204086304
YFL016C,YHR111W,0,-5.611731,0.10430791974067688,1.0,0.8586999773979187
YIL142W,YBR162C,0,-5.611822,0.10429703444242477,1.0,0.8587999939918518
YDL035C,YML048W,0,-5.6118712,0.10428616404533386,1.0,0.8589000105857849
YIL019W,YOR288C,0,-5.6119766,0.10427528619766235,1.0,0.859000027179718
YPR165W,YMR179W,0,-5.6120396,0.10426441580057144,1.0,0.8590999841690063
YNR008W,YHR006W,0,-5.6120977,0.10425354540348053,1.0,0.8592000007629395
YOR061W,YKR008W,0,-5.612154,0.10424267500638962,1.0,0.8593000173568726
YOL077C,YOR362C,0,-5.6123514,0.1042318120598793,1.0,0.8593999743461609
YOL040C,YHR016C,0,-5.6125393,0.10422094911336899,1.0,0.859499990940094
YOR116C,YBR083W,0,-5.612854,0.10421008616685867,1.0,0.8596000075340271
YPL110C,YBL039C,0,-5.6129875,0.10419923067092896,1.0,0.8597000241279602
YHR206W,YGL115W,0,-5.613122,0.10418837517499924,1.0,0.8597999811172485
YMR012W,YPL204W,0,-5.6132975,0.10417751967906952,1.0,0.8598999977111816
YDL232W,YBR087W,0,-5.613521,0.1041666641831398,1.0,0.8600000143051147
YGL025C,YDR477W,0,-5.6136417,0.10415581613779068,1.0,0.8600999712944031
YBR034C,YIL154C,0,-5.6137114,0.10414496809244156,1.0,0.8601999878883362
YOR257W,YHR062C,0,-5.6138444,0.10413412749767303,1.0,0.8603000044822693
YNL059C,YBR039W,0,-5.6139765,0.10412327945232391,1.0,0.8604000210762024
YLR370C,YDL102W,0,-5.6140575,0.10411243885755539,1.0,0.8604999780654907
YBR237W,YPL019C,0,-5.614136,0.10410160571336746,1.0,0.8605999946594238
YKL112W,YNL159C,0,-5.6149173,0.10409076511859894,1.0,0.8607000112533569
YKL192C,YGR256W,0,-5.6151514,0.10407993197441101,1.0,0.86080002784729
YIL044C,YDR260C,0,-5.6152134,0.10406909883022308,1.0,0.8608999848365784
YNL103W,YDR145W,0,-5.615494,0.10405827313661575,1.0,0.8610000014305115
YJL210W,YJL080C,0,-5.615514,0.10404744744300842,1.0,0.8611000180244446
YNR002C,YPL175W,0,-5.61588,0.10403662174940109,1.0,0.8611999750137329
YCR094W,YOR211C,0,-5.615911,0.10402579605579376,1.0,0.861299991607666
YLR023C,YBL050W,0,-5.617277,0.10401497781276703,1.0,0.8614000082015991
YLR023C,YPL175W,0,-5.6174636,0.1040041595697403,1.0,0.8615000247955322
YLR138W,YMR022W,0,-5.617766,0.10399334132671356,1.0,0.8615999817848206
YGR217W,YKL204W,0,-5.617776,0.10398253053426743,1.0,0.8616999983787537
YOL049W,YGL133W,0,-5.6179657,0.10397171974182129,1.0,0.8618000149726868
YER159C,YJL005W,0,-5.618189,0.10396090894937515,1.0,0.8618999719619751
YER122C,YKL176C,0,-5.6184034,0.10395010560750961,1.0,0.8619999885559082
YDR054C,YHR206W,0,-5.618986,0.10393930226564407,1.0,0.8621000051498413
YMR083W,YLR262C,0,-5.6195602,0.10392849892377853,1.0,0.8622000217437744
YDL099W,YPL234C,0,-5.6200523,0.103917695581913,1.0,0.8622999787330627
YBR058C,YDR207C,0,-5.6201477,0.10390689969062805,1.0,0.8623999953269958
YMR012W,YMR211W,0,-5.6201844,0.10389610379934311,1.0,0.862500011920929
YMR281W,YLL061W,0,-5.6207275,0.10388530790805817,1.0,0.8626000285148621
YHR194W,YML031W,0,-5.620813,0.10387451946735382,1.0,0.8626999855041504
YPL075W,YOR217W,0,-5.621047,0.10386373102664948,1.0,0.8628000020980835
YGR206W,YDR359C,0,-5.621065,0.10385294258594513,1.0,0.8629000186920166
YCR027C,YER029C,0,-5.6210938,0.10384216159582138,1.0,0.8629999756813049
YKL112W,YIL063C,0,-5.621328,0.10383138060569763,1.0,0.863099992275238
YDR284C,YMR172W,0,-5.621372,0.10382059961557388,1.0,0.8632000088691711
YER051W,YFR024C-A,0,-5.6213865,0.10380981862545013,1.0,0.8633000254631042
YDR459C,YPL063W,0,-5.621568,0.10379904508590698,1.0,0.8633999824523926
YJR143C,YML005W,0,-5.622566,0.10378827154636383,1.0,0.8634999990463257
YEL012W,YER005W,0,-5.6227913,0.10377749800682068,1.0,0.8636000156402588
YOR206W,YOR087W,0,-5.6231856,0.10376673191785812,1.0,0.8636999726295471
YOR030W,YPL020C,0,-5.6233788,0.10375596582889557,1.0,0.8637999892234802
YHR036W,YDR470C,0,-5.6235514,0.10374519973993301,1.0,0.8639000058174133
YLR226W,YNL098C,0,-5.623634,0.10373444110155106,1.0,0.8640000224113464
YOR335C,YKL049C,0,-5.623724,0.1037236824631691,1.0,0.8640999794006348
YHR115C,YLR105C,0,-5.624336,0.10371292382478714,1.0,0.8641999959945679
YPL155C,YNL093W,0,-5.6243486,0.10370216518640518,1.0,0.864300012588501
YML067C,YMR142C,0,-5.6243544,0.10369141399860382,1.0,0.8644000291824341
YOR014W,YKL018W,0,-5.6245146,0.10368066281080246,1.0,0.8644999861717224
YBR022W,YOR140W,0,-5.624814,0.1036699116230011,1.0,0.8646000027656555
YGR167W,YCR060W,0,-5.6249433,0.10365916788578033,1.0,0.8647000193595886
YJL006C,YGR038W,0,-5.6251493,0.10364842414855957,1.0,0.864799976348877
YER020W,YER002W,0,-5.625577,0.1036376804113388,1.0,0.8648999929428101
YEL061C,YFR052W,0,-5.625966,0.10362694412469864,1.0,0.8650000095367432
YBR002C,YDL225W,0,-5.6266613,0.10361620783805847,1.0,0.8651000261306763
YMR312W,YOR076C,0,-5.6273327,0.1036054715514183,1.0,0.8651999831199646
YDL020C,YDL185W,0,-5.627362,0.10359473526477814,1.0,0.8652999997138977
YLR259C,YDR129C,0,-5.6273756,0.10358400642871857,1.0,0.8654000163078308
YOR233W,YDR071C,0,-5.627436,0.103573277592659,1.0,0.8654999732971191
YOR156C,YBR221C,0,-5.6274996,0.10356254875659943,1.0,0.8655999898910522
YPL096W,YMR243C,0,-5.627506,0.10355182737112045,1.0,0.8657000064849854
YNR006W,YIL063C,0,-5.6275754,0.10354110598564148,1.0,0.8658000230789185
YGR121C,YHR060W,0,-5.627652,0.1035303846001625,1.0,0.8658999800682068
YOR363C,YJL052W,0,-5.6284957,0.10351967066526413,1.0,0.8659999966621399
YOR020C,YER003C,0,-5.629187,0.10350895673036575,1.0,0.866100013256073
YKL004W,YPR008W,0,-5.629534,0.10349824279546738,1.0,0.8661999702453613
YMR213W,YPL179W,0,-5.6295915,0.103487528860569,1.0,0.8662999868392944
YOL121C,YMR088C,0,-5.63001,0.10347682237625122,1.0,0.8664000034332275
YOL059W,YDR460W,0,-5.630039,0.10346611589193344,1.0,0.8665000200271606
YHR102W,YML046W,0,-5.6301813,0.10345540940761566,1.0,0.866599977016449
YHR142W,YPR088C,0,-5.6303062,0.10344471037387848,1.0,0.8666999936103821
YDR164C,YCR084C,0,-5.6303205,0.1034340113401413,1.0,0.8668000102043152
YPL137C,YDR005C,0,-5.631012,0.10342331230640411,1.0,0.8669000267982483
YGR030C,YJL154C,0,-5.6312714,0.10341261327266693,1.0,0.8669999837875366
YDR158W,YPL089C,0,-5.631276,0.10340192168951035,1.0,0.8671000003814697
YML061C,YGR253C,0,-5.631278,0.10339123010635376,1.0,0.8672000169754028
YHR042W,YGR239C,0,-5.63197,0.10338054597377777,1.0,0.8672999739646912
YDR099W,YHL031C,0,-5.6319933,0.10336985439062119,1.0,0.8673999905586243
YBR207W,YOR206W,0,-5.632465,0.1033591702580452,1.0,0.8675000071525574
YLR153C,YNR039C,0,-5.632663,0.1033484935760498,1.0,0.8676000237464905
YDR221W,YGR082W,0,-5.63278,0.10333780944347382,1.0,0.8676999807357788
YLR370C,YIL048W,0,-5.632881,0.10332713276147842,1.0,0.8677999973297119
YOL088C,YDL111C,0,-5.6329775,0.10331645607948303,1.0,0.867900013923645
YNL271C,YPL094C,0,-5.6331396,0.10330578684806824,1.0,0.8679999709129333
YIL052C,YBL106C,0,-5.6335964,0.10329511761665344,1.0,0.8680999875068665
YHR001W-A,YFL008W,0,-5.63369,0.10328444838523865,1.0,0.8682000041007996
YOR373W,YNR039C,0,-5.633774,0.10327377915382385,1.0,0.8683000206947327
YLR418C,YFR014C,0,-5.634186,0.10326311737298965,1.0,0.868399977684021
YMR198W,YJL210W,0,-5.6342454,0.10325245559215546,1.0,0.8684999942779541
YBR236C,YDR292C,0,-5.634538,0.10324179381132126,1.0,0.8686000108718872
YER105C,YDL098C,0,-5.6347485,0.10323113203048706,1.0,0.8687000274658203
YPL152W,YOR254C,0,-5.6349974,0.10322047770023346,1.0,0.8687999844551086
YNL147W,YIL037C,0,-5.635246,0.10320982336997986,1.0,0.8689000010490417
YDR103W,YLR409C,0,-5.63542,0.10319917649030685,1.0,0.8690000176429749
YOL117W,YBL034C,0,-5.6355333,0.10318852216005325,1.0,0.8690999746322632
YKR066C,YMR173W,0,-5.635562,0.10317787528038025,1.0,0.8691999912261963
YFR030W,YNL032W,0,-5.635675,0.10316723585128784,1.0,0.8693000078201294
YGL174W,YML075C,0,-5.6359262,0.10315658897161484,1.0,0.8694000244140625
YGL045W,YNR023W,0,-5.6359596,0.10314594954252243,1.0,0.8694999814033508
YBR185C,YML107C,0,-5.636833,0.10313531011343002,1.0,0.8695999979972839
YGL037C,YOL040C,0,-5.637142,0.10312467813491821,1.0,0.869700014591217
YGL018C,YDR247W,0,-5.637439,0.1031140461564064,1.0,0.8697999715805054
YMR208W,YKR048C,0,-5.637445,0.10310341417789459,1.0,0.8698999881744385
YHR091C,YIL016W,0,-5.6374764,0.10309278219938278,1.0,0.8700000047683716
YER017C,YLR313C,0,-5.637575,0.10308215767145157,1.0,0.8701000213623047
YNL220W,YIL160C,0,-5.637681,0.10307153314352036,1.0,0.870199978351593
YKL112W,YJL104W,0,-5.6377354,0.10306090861558914,1.0,0.8702999949455261
YPL117C,YMR088C,0,-5.6378083,0.10305029153823853,1.0,0.8704000115394592
YDL230W,YKL130C,0,-5.6379175,0.10303966701030731,1.0,0.8705000281333923
YCR042C,YGR033C,0,-5.637987,0.10302905738353729,1.0,0.8705999851226807
YOR368W,YNR046W,0,-5.638114,0.10301844030618668,1.0,0.8707000017166138
YDL083C,YDR092W,0,-5.6390896,0.10300783067941666,1.0,0.8708000183105469
YMR070W,YER105C,0,-5.639121,0.10299722105264664,1.0,0.8708999752998352
YER125W,YGR229C,0,-5.639152,0.10298661142587662,1.0,0.8709999918937683
YMR109W,YDR162C,0,-5.6394453,0.1029760092496872,1.0,0.8711000084877014
YDR256C,YDL051W,0,-5.6395864,0.10296540707349777,1.0,0.8712000250816345
YDR071C,YJL187C,0,-5.6395965,0.10295480489730835,1.0,0.8712999820709229
YDL188C,YLR048W,0,-5.639673,0.10294420272111893,1.0,0.871399998664856
YKL160W,YNL014W,0,-5.64001,0.1029336079955101,1.0,0.8715000152587891
YER167W,YBR107C,0,-5.640359,0.10292301326990128,1.0,0.8715999722480774
YJR049C,YDL235C,0,-5.6404915,0.10291241854429245,1.0,0.8716999888420105
YDL029W,YLR130C,0,-5.6404996,0.10290183126926422,1.0,0.8718000054359436
YPL177C,YAL001C,0,-5.6408577,0.10289124399423599,1.0,0.8719000220298767
YDR384C,YFR029W,0,-5.640914,0.10288065671920776,1.0,0.871999979019165
YAR002C-A,YIR041W,0,-5.6409655,0.10287007689476013,1.0,0.8720999956130981
YDL108W,YDR076W,0,-5.6411076,0.1028594970703125,1.0,0.8722000122070312
YDR337W,YDR335W,0,-5.6413684,0.10284891724586487,1.0,0.8723000288009644
YMR173W,YLR005W,0,-5.6415114,0.10283833742141724,1.0,0.8723999857902527
YDR527W,YLR043C,0,-5.6417418,0.1028277650475502,1.0,0.8725000023841858
YKR061W,YBR265W,0,-5.641796,0.10281719267368317,1.0,0.8726000189781189
YLR014C,YPL147W,0,-5.6421413,0.10280662029981613,1.0,0.8726999759674072
YGR256W,YHR050W,0,-5.642253,0.1027960553765297,1.0,0.8727999925613403
YGR199W,YNR034W,0,-5.6423273,0.10278548300266266,1.0,0.8729000091552734
YML118W,YOR056C,0,-5.6429253,0.10277492552995682,1.0,0.8730000257492065
YMR179W,YLR090W,0,-5.6429973,0.10276436060667038,1.0,0.8730999827384949
YNL282W,YPL020C,0,-5.643209,0.10275380313396454,1.0,0.873199999332428
YPR057W,YBR021W,0,-5.6432915,0.1027432456612587,1.0,0.8733000159263611
YBR288C,YHR070W,0,-5.643416,0.10273268818855286,1.0,0.8733999729156494
YGL012W,YJL121C,0,-5.6434712,0.10272213816642761,1.0,0.8734999895095825
YOR149C,YMR095C,0,-5.643545,0.10271158814430237,1.0,0.8736000061035156
YGL011C,YBR127C,0,-5.6440716,0.10270103812217712,1.0,0.8737000226974487
YDL085W,YGR075C,0,-5.6445103,0.10269048810005188,1.0,0.8737999796867371
YLR207W,YBL018C,0,-5.6447945,0.10267994552850723,1.0,0.8738999962806702
YGR252W,YMR039C,0,-5.645108,0.10266940295696259,1.0,0.8740000128746033
YNL280C,YGR152C,0,-5.645175,0.10265886783599854,1.0,0.8741000294685364
YLR044C,YPR161C,0,-5.6451836,0.10264832526445389,1.0,0.8741999864578247
YDL108W,YGL008C,0,-5.6461153,0.10263779014348984,1.0,0.8743000030517578
YER061C,YJR086W,0,-5.646131,0.10262725502252579,1.0,0.8744000196456909
YER161C,YPL203W,0,-5.646415,0.10261672735214233,1.0,0.8744999766349792
YKL009W,YDR175C,0,-5.6468477,0.10260619968175888,1.0,0.8745999932289124
YPL075W,YPL031C,0,-5.6469574,0.10259567201137543,1.0,0.8747000098228455
YDR517W,YLR316C,0,-5.646962,0.10258514434099197,1.0,0.8748000264167786
YCR020C-A,YNL156C,0,-5.6471915,0.10257462412118912,1.0,0.8748999834060669
YDR069C,YKL196C,0,-5.647293,0.10256410390138626,1.0,0.875
YNL059C,YPL159C,0,-5.6473703,0.1025535836815834,1.0,0.8751000165939331
YBR296C,YOL100W,0,-5.6481214,0.10254307091236115,1.0,0.8751999735832214
YOL051W,YPL204W,0,-5.649186,0.10253255069255829,1.0,0.8752999901771545
YDR412W,YGL207W,0,-5.6492195,0.10252204537391663,1.0,0.8754000067710876
YNL094W,YDL074C,0,-5.6492357,0.10251153260469437,1.0,0.8755000233650208
YOL066C,YDR515W,0,-5.649269,0.1025010272860527,1.0,0.8755999803543091
YOR335C,YJR076C,0,-5.6498775,0.10249052196741104,1.0,0.8756999969482422
YPR021C,YJL072C,0,-5.6501245,0.10248001664876938,1.0,0.8758000135421753
YBL020W,YDR308C,0,-5.650403,0.10246951878070831,1.0,0.8758999705314636
YMR072W,YKL166C,0,-5.6504083,0.10245901346206665,1.0,0.8759999871253967
YPL049C,YJR044C,0,-5.650629,0.10244852304458618,1.0,0.8761000037193298
YBR133C,YLR354C,0,-5.650772,0.10243802517652512,1.0,0.8762000203132629
YOR381W,YBL024W,0,-5.650816,0.10242753475904465,1.0,0.8762999773025513
YCL025C,YNL051W,0,-5.650947,0.10241704434156418,1.0,0.8763999938964844
YNL123W,YHR075C,0,-5.6509867,0.10240655392408371,1.0,0.8765000104904175
YNL091W,YBL064C,0,-5.651116,0.10239607095718384,1.0,0.8766000270843506
YDR446W,YML121W,0,-5.65139,0.10238558053970337,1.0,0.8766999840736389
YFR028C,YLR119W,0,-5.6514225,0.1023751050233841,1.0,0.876800000667572
YIL079C,YGR256W,0,-5.6516004,0.10236462205648422,1.0,0.8769000172615051
YGL106W,YBR081C,0,-5.6522236,0.10235414654016495,1.0,0.8769999742507935
YNL091W,YOL143C,0,-5.652233,0.10234367102384567,1.0,0.8770999908447266
YGL166W,YOR334W,0,-5.6522903,0.1023331955075264,1.0,0.8772000074386597
YIL062C,YJL207C,0,-5.652548,0.10232272744178772,1.0,0.8773000240325928
YDL200C,YPL144W,0,-5.6526833,0.10231225937604904,1.0,0.8773999810218811
YNL065W,YEL037C,0,-5.6527114,0.10230179131031036,1.0,0.8774999976158142
YBL056W,YFR004W,0,-5.6527796,0.10229132324457169,1.0,0.8776000142097473
YDR162C,YGR030C,0,-5.6534796,0.1022808626294136,1.0,0.8776999711990356
YNL270C,YGL207W,0,-5.653796,0.10227040201425552,1.0,0.8777999877929688
YKL135C,YMR161W,0,-5.6538067,0.10225994139909744,1.0,0.8779000043869019
YEL061C,YHR060W,0,-5.653824,0.10224948823451996,1.0,0.878000020980835
YHR069C,YDR328C,0,-5.654215,0.10223903506994247,1.0,0.8780999779701233
YJL127C,YEL013W,0,-5.6543093,0.10222858190536499,1.0,0.8781999945640564
YKR025W,YKR014C,0,-5.6543155,0.1022181361913681,1.0,0.8783000111579895
YPL221W,YIL143C,0,-5.6544666,0.10220768302679062,1.0,0.8784000277519226
YDL014W,YDR394W,0,-5.654511,0.10219723731279373,1.0,0.8784999847412109
YKL060C,YHR001W-A,0,-5.655048,0.10218679904937744,1.0,0.878600001335144
YER183C,YDL188C,0,-5.655323,0.10217635333538055,1.0,0.8787000179290771
YIL129C,YDR372C,0,-5.6554117,0.10216591507196426,1.0,0.8787999749183655
YGL045W,YNL088W,0,-5.655505,0.10215548425912857,1.0,0.8788999915122986
YKR008W,YGL011C,0,-5.6556892,0.10214504599571228,1.0,0.8790000081062317
YPR025C,YJL065C,0,-5.655733,0.10213461518287659,1.0,0.8791000247001648
YNR026C,YPL120W,0,-5.6558337,0.1021241843700409,1.0,0.8791999816894531
YPR191W,YIL063C,0,-5.6559973,0.1021137535572052,1.0,0.8792999982833862
YJL034W,YOL066C,0,-5.6561527,0.1021033301949501,1.0,0.8794000148773193
YNL015W,YBL018C,0,-5.656316,0.10209290683269501,1.0,0.8794999718666077
YNL112W,YJR094C,0,-5.6565776,0.10208248347043991,1.0,0.8795999884605408
YDL088C,YLR181C,0,-5.656669,0.10207206010818481,1.0,0.8797000050544739
YML129C,YPL096W,0,-5.6567216,0.10206164419651031,1.0,0.879800021648407
YCR072C,YDL130W-A,0,-5.6567545,0.10205122828483582,1.0,0.8798999786376953
YPR020W,YMR198W,0,-5.656757,0.10204081982374191,1.0,0.8799999952316284
YNR044W,YML073C,0,-5.6572876,0.10203040391206741,1.0,0.8801000118255615
YIR037W,YJL073W,0,-5.6575994,0.10201999545097351,1.0,0.8802000284194946
YNL006W,YFL008W,0,-5.657719,0.10200958698987961,1.0,0.880299985408783
YGL037C,YPR139C,0,-5.657756,0.1019991859793663,1.0,0.8804000020027161
YLR394W,YML121W,0,-5.6579103,0.1019887775182724,1.0,0.8805000185966492
YHR203C,YOR035C,0,-5.658432,0.10197838395833969,1.0,0.8805999755859375
YPL037C,YNL201C,0,-5.658573,0.10196798294782639,1.0,0.8806999921798706
YCR044C,YHR090C,0,-5.6586084,0.10195758193731308,1.0,0.8808000087738037
YBR034C,YBR212W,0,-5.6586733,0.10194718837738037,1.0,0.8809000253677368
YJL030W,YKL019W,0,-5.6592445,0.10193680226802826,1.0,0.8809999823570251
YGR118W,YDR175C,0,-5.659294,0.10192640870809555,1.0,0.8810999989509583
YJR156C,YDR372C,0,-5.6593094,0.10191602259874344,1.0,0.8812000155448914
YCR009C,YPR088C,0,-5.6594105,0.10190563648939133,1.0,0.8812999725341797
YEL018W,YJL156C,0,-5.6601133,0.10189525038003922,1.0,0.8813999891281128
YIR021W,YKL175W,0,-5.6601267,0.1018848717212677,1.0,0.8815000057220459
YPL224C,YBR294W,0,-5.660243,0.10187449306249619,1.0,0.881600022315979
YNL091W,YLR092W,0,-5.6602736,0.10186411440372467,1.0,0.8816999793052673
YOL049W,YOR064C,0,-5.660568,0.10185373574495316,1.0,0.8817999958992004
YLR080W,YOR073W,0,-5.6606984,0.10184336453676224,1.0,0.8819000124931335
YLR380W,YMR284W,0,-5.6607976,0.10183299332857132,1.0,0.8820000290870667
YGR268C,YIL106W,0,-5.6612015,0.1018226221203804,1.0,0.882099986076355
YNL232W,YLR382C,0,-5.6612663,0.10181225836277008,1.0,0.8822000026702881
YLR418C,YPR037C,0,-5.6622047,0.10180189460515976,1.0,0.8823000192642212
YCR088W,YER029C,0,-5.662401,0.10179153084754944,1.0,0.8823999762535095
YHR175W,YDR145W,0,-5.662575,0.10178116708993912,1.0,0.8824999928474426
YLL022C,YCR020C-A,0,-5.662838,0.1017708107829094,1.0,0.8826000094413757
YBR086C,YIL030C,0,-5.6628504,0.10176045447587967,1.0,0.8827000260353088
YDL088C,YLR259C,0,-5.662961,0.10175009816884995,1.0,0.8827999830245972
YJL002C,YIL016W,0,-5.6629996,0.10173974931240082,1.0,0.8828999996185303
YER109C,YPL123C,0,-5.663542,0.10172940045595169,1.0,0.8830000162124634
YKR008W,YGL162W,0,-5.6639667,0.10171905159950256,1.0,0.8830999732017517
YDR101C,YAR033W,0,-5.6641083,0.10170870274305344,1.0,0.8831999897956848
YHR114W,YDR389W,0,-5.6642637,0.1016983613371849,1.0,0.8833000063896179
YNL094W,YBR185C,0,-5.664484,0.10168801993131638,1.0,0.883400022983551
YDR236C,YDR190C,0,-5.664828,0.10167767852544785,1.0,0.8834999799728394
YIL004C,YML038C,0,-5.665082,0.10166734457015991,1.0,0.8835999965667725
YLR060W,YCR012W,0,-5.6651573,0.10165701061487198,1.0,0.8837000131607056
YOL049W,YER154W,0,-5.665431,0.10164667665958405,1.0,0.8838000297546387
YNL230C,YPR137W,0,-5.6657844,0.10163634270429611,1.0,0.883899986743927
YOR236W,YDR359C,0,-5.6659126,0.10162601619958878,1.0,0.8840000033378601
YBL069W,YIL042C,0,-5.666158,0.10161568969488144,1.0,0.8841000199317932
YPL242C,YHR001W-A,0,-5.666621,0.1016053631901741,1.0,0.8841999769210815
YDR055W,YLL034C,0,-5.666627,0.10159504413604736,1.0,0.8842999935150146
YER052C,YDR200C,0,-5.666794,0.10158472508192062,1.0,0.8844000101089478
YDL100C,YHR041C,0,-5.666807,0.10157440602779388,1.0,0.8845000267028809
YBL007C,YDL080C,0,-5.6669464,0.10156408697366714,1.0,0.8845999836921692
YNL055C,YPL022W,0,-5.6671486,0.101553775370121,1.0,0.8847000002861023
YOR257W,YGL238W,0,-5.667724,0.10154346376657486,1.0,0.8848000168800354
YJL196C,YGR181W,0,-5.6677356,0.10153315216302872,1.0,0.8848999738693237
YHR072W,YHR111W,0,-5.667856,0.10152284055948257,1.0,0.8849999904632568
YLR259C,YER105C,0,-5.667985,0.10151253640651703,1.0,0.8851000070571899
YPR033C,YKL197C,0,-5.668249,0.10150223225355148,1.0,0.885200023651123
YPL227C,YMR213W,0,-5.668399,0.10149192810058594,1.0,0.8852999806404114
YDL100C,YMR039C,0,-5.668477,0.10148163139820099,1.0,0.8853999972343445
YMR043W,YDL120W,0,-5.668735,0.10147133469581604,1.0,0.8855000138282776
YNL163C,YGR181W,0,-5.669053,0.10146103799343109,1.0,0.8855999708175659
YOL009C,YOR340C,0,-5.6691747,0.10145074874162674,1.0,0.885699987411499
YMR135C,YLR196W,0,-5.6692986,0.10144045203924179,1.0,0.8858000040054321
YMR213W,YGL213C,0,-5.670245,0.10143016278743744,1.0,0.8859000205993652
YKL060C,YJL210W,0,-5.6703496,0.10141988098621368,1.0,0.8859999775886536
YGL003C,YFR041C,0,-5.670884,0.10140959173440933,1.0,0.8860999941825867
YGR041W,YDR453C,0,-5.671129,0.10139930993318558,1.0,0.8862000107765198
YER142C,YDL014W,0,-5.6712093,0.10138902813196182,1.0,0.8863000273704529
YMR173W,YGR211W,0,-5.671339,0.10137875378131866,1.0,0.8863999843597412
YDR513W,YOR217W,0,-5.671483,0.10136847198009491,1.0,0.8865000009536743
YLR133W,YPR018W,0,-5.6717567,0.10135819762945175,1.0,0.8866000175476074
YPR030W,YGR169C,0,-5.6718817,0.10134793072938919,1.0,0.8866999745368958
YOR310C,YOR018W,0,-5.6723275,0.10133765637874603,1.0,0.8867999911308289
YDR208W,YDL084W,0,-5.6727304,0.10132738947868347,1.0,0.886900007724762
YBR008C,YDR062W,0,-5.6728168,0.10131712257862091,1.0,0.8870000243186951
YFR047C,YDR045C,0,-5.6738286,0.10130685567855835,1.0,0.8870999813079834
YMR281W,YKL009W,0,-5.674038,0.10129659622907639,1.0,0.8871999979019165
YGL020C,YLR410W,0,-5.674552,0.10128633677959442,1.0,0.8873000144958496
YGR010W,YBR022W,0,-5.674675,0.10127607733011246,1.0,0.8873999714851379
YGL061C,YGR161C,0,-5.675528,0.10126582533121109,1.0,0.887499988079071
YOR284W,YNL201C,0,-5.6755924,0.10125556588172913,1.0,0.8876000046730042
YFL055W,YLR328W,0,-5.675851,0.10124531388282776,1.0,0.8877000212669373
YHL003C,YBR058C,0,-5.676038,0.10123506933450699,1.0,0.8877999782562256
YBR207W,YGL245W,0,-5.676197,0.10122481733560562,1.0,0.8878999948501587
YDR079W,YOR224C,0,-5.676358,0.10121457278728485,1.0,0.8880000114440918
YML099C,YHR041C,0,-5.6764073,0.10120432823896408,1.0,0.8881000280380249
YMR225C,YPR036W,0,-5.6765184,0.10119409114122391,1.0,0.8881999850273132
YDR153C,YGR101W,0,-5.6767845,0.10118385404348373,1.0,0.8883000016212463
YER112W,YBL011W,0,-5.677052,0.10117361694574356,1.0,0.8884000182151794
YNL220W,YNL118C,0,-5.6777015,0.10116337984800339,1.0,0.8884999752044678
YFR047C,YJR102C,0,-5.6777673,0.10115314275026321,1.0,0.8885999917984009
YGR029W,YML067C,0,-5.6778445,0.10114291310310364,1.0,0.888700008392334
YEL017C-A,YIL008W,0,-5.6778617,0.10113268345594406,1.0,0.8888000249862671
YMR188C,YDR073W,0,-5.6785083,0.10112246125936508,1.0,0.8888999819755554
YPL268W,YDR164C,0,-5.6786346,0.1011122316122055,1.0,0.8889999985694885
YLR238W,YHR111W,0,-5.6787357,0.10110200941562653,1.0,0.8891000151634216
YER021W,YDR398W,0,-5.6788726,0.10109179466962814,1.0,0.88919997215271
YJR077C,YOR149C,0,-5.6790233,0.10108157247304916,1.0,0.8892999887466431
YMR255W,YOR265W,0,-5.679077,0.10107135772705078,1.0,0.8894000053405762
YGR286C,YCR077C,0,-5.6791077,0.1010611429810524,1.0,0.8895000219345093
YGL153W,YHR065C,0,-5.6794515,0.10105092823505402,1.0,0.8895999789237976
YOR281C,YKR014C,0,-5.6797733,0.10104072093963623,1.0,0.8896999955177307
YOR067C,YEL024W,0,-5.680237,0.10103051364421844,1.0,0.8898000121116638
YGL143C,YDL170W,0,-5.6802616,0.10102030634880066,1.0,0.8899000287055969
YHR167W,YLR043C,0,-5.680387,0.10101009905338287,1.0,0.8899999856948853
YPL256C,YOL105C,0,-5.6803875,0.10099989920854568,1.0,0.8901000022888184
YJL183W,YBL041W,0,-5.6805115,0.1009896993637085,1.0,0.8902000188827515
YLR363C,YOR373W,0,-5.6808357,0.10097949951887131,1.0,0.8902999758720398
YLR242C,YOL110W,0,-5.680943,0.10096930712461472,1.0,0.8903999924659729
YDR388W,YIL030C,0,-5.6809998,0.10095911473035812,1.0,0.890500009059906
YHR204W,YHR001W-A,0,-5.681208,0.10094892233610153,1.0,0.8906000256538391
YPL049C,YKR085C,0,-5.6816177,0.10093872994184494,1.0,0.8906999826431274
YLR401C,YLL022C,0,-5.681816,0.10092854499816895,1.0,0.8907999992370605
YNL080C,YLR145W,0,-5.681855,0.10091836005449295,1.0,0.8909000158309937
YKL086W,YGR020C,0,-5.681862,0.10090817511081696,1.0,0.890999972820282
YBR055C,YHR021C,0,-5.6820364,0.10089799016714096,1.0,0.8910999894142151
YCL040W,YGL163C,0,-5.682232,0.10088781267404556,1.0,0.8912000060081482
YNL220W,YDR212W,0,-5.6822963,0.10087763518095016,1.0,0.8913000226020813
YNL065W,YNL177C,0,-5.682624,0.10086745768785477,1.0,0.8913999795913696
YHR043C,YOL135C,0,-5.6833496,0.10085728764533997,1.0,0.8914999961853027
YLR127C,YOR178C,0,-5.6840463,0.10084711760282516,1.0,0.8916000127792358
YDR122W,YNL066W,0,-5.684272,0.10083694756031036,1.0,0.891700029373169
YML098W,YJR009C,0,-5.6844826,0.10082677751779556,1.0,0.8917999863624573
YKR039W,YIL109C,0,-5.6846213,0.10081661492586136,1.0,0.8919000029563904
YKL043W,YLR435W,0,-5.6849546,0.10080645233392715,1.0,0.8920000195503235
YDR364C,YKL046C,0,-5.6849613,0.10079628974199295,1.0,0.8920999765396118
YDL181W,YGL232W,0,-5.6850147,0.10078613460063934,1.0,0.8921999931335449
YMR301C,YHR111W,0,-5.6851354,0.10077597200870514,1.0,0.892300009727478
YOR245C,YOL061W,0,-5.685335,0.10076581686735153,1.0,0.8924000263214111
YIL115C,YOR281C,0,-5.685523,0.10075566917657852,1.0,0.8924999833106995
YGR230W,YML051W,0,-5.6855774,0.10074551403522491,1.0,0.8925999999046326
YMR235C,YLR447C,0,-5.6856947,0.1007353663444519,1.0,0.8927000164985657
YNR001C,YDL161W,0,-5.6857553,0.1007252186536789,1.0,0.892799973487854
YER126C,YKL175W,0,-5.686118,0.10071507841348648,1.0,0.8928999900817871
YER159C,YGR165W,0,-5.6862016,0.10070493817329407,1.0,0.8930000066757202
YGL191W,YKL060C,0,-5.686352,0.10069479048252106,1.0,0.8931000232696533
YGR083C,YKL129C,0,-5.68639,0.10068465769290924,1.0,0.8931999802589417
YLR423C,YER049W,0,-5.6866674,0.10067451745271683,1.0,0.8932999968528748
YLR100W,YBL046W,0,-5.686754,0.10066438466310501,1.0,0.8934000134468079
YFR053C,YPL237W,0,-5.687632,0.1006542518734932,1.0,0.8934999704360962
YLR231C,YOL094C,0,-5.687878,0.10064411908388138,1.0,0.8935999870300293
YKL073W,YMR095C,0,-5.6879787,0.10063399374485016,1.0,0.8937000036239624
YER042W,YJL061W,0,-5.687989,0.10062386840581894,1.0,0.8938000202178955
YER003C,YJR035W,0,-5.6880302,0.10061374306678772,1.0,0.8938999772071838
YKR089C,YOR272W,0,-5.688151,0.1006036251783371,1.0,0.8939999938011169
YMR203W,YGR270W,0,-5.6882687,0.10059349983930588,1.0,0.89410001039505
YKL145W,YJL109C,0,-5.688586,0.10058338195085526,1.0,0.8942000269889832
YDR490C,YMR229C,0,-5.6888657,0.10057326406240463,1.0,0.8942999839782715
YOR005C,YPL126W,0,-5.688884,0.1005631536245346,1.0,0.8944000005722046
YGR030C,YDL092W,0,-5.68931,0.10055304318666458,1.0,0.8945000171661377
YGR082W,YLR337C,0,-5.6893787,0.10054293274879456,1.0,0.894599974155426
YIL068C,YER024W,0,-5.68963,0.10053282231092453,1.0,0.8946999907493591
YOL145C,YIR037W,0,-5.6897182,0.1005227193236351,1.0,0.8948000073432922
YER026C,YDL138W,0,-5.6898646,0.10051261633634567,1.0,0.8949000239372253
YLR214W,YMR022W,0,-5.6898794,0.10050251334905624,1.0,0.8949999809265137
YNL182C,YNL294C,0,-5.6899443,0.10049241036176682,1.0,0.8950999975204468
YCL043C,YJL004C,0,-5.690012,0.10048231482505798,1.0,0.8952000141143799
YLR216C,YBR293W,0,-5.690298,0.10047221928834915,1.0,0.8952999711036682
YDR060W,YGL227W,0,-5.6903734,0.10046212375164032,1.0,0.8953999876976013
YHR193C,YDR221W,0,-5.6908464,0.10045203566551208,1.0,0.8955000042915344
YHL019C,YEL026W,0,-5.6909966,0.10044194757938385,1.0,0.8956000208854675
YAR002C-A,YPL135W,0,-5.6910934,0.10043185949325562,1.0,0.8956999778747559
YJR001W,YML129C,0,-5.6911016,0.10042177140712738,1.0,0.895799994468689
YIL010W,YBR247C,0,-5.691642,0.10041169077157974,1.0,0.8959000110626221
YDR099W,YMR128W,0,-5.6918974,0.1004016101360321,1.0,0.8960000276565552
YGR224W,YOL027C,0,-5.6920233,0.10039152950048447,1.0,0.8960999846458435
YOL130W,YBR171W,0,-5.692529,0.10038144886493683,1.0,0.8962000012397766
YER119C,YPL075W,0,-5.6928377,0.10037137567996979,1.0,0.8963000178337097
YLL061W,YFR029W,0,-5.693306,0.10036130249500275,1.0,0.896399974822998
YER159C,YOR115C,0,-5.6934767,0.1003512293100357,1.0,0.8964999914169312
YGL019W,YDR148C,0,-5.6935024,0.10034116357564926,1.0,0.8966000080108643
YDL003W,YNL293W,0,-5.693946,0.10033109039068222,1.0,0.8967000246047974
YDR101C,YMR037C,0,-5.6944385,0.10032102465629578,1.0,0.8967999815940857
YLR175W,YJL154C,0,-5.694721,0.10031096637248993,1.0,0.8968999981880188
YBL015W,YJL209W,0,-5.6954083,0.10030090063810349,1.0,0.8970000147819519
YDR092W,YER024W,0,-5.6954293,0.10029084235429764,1.0,0.8970999717712402
YBR278W,YIL126W,0,-5.6954575,0.10028078407049179,1.0,0.8971999883651733
YCR009C,YJR104C,0,-5.695508,0.10027073323726654,1.0,0.8973000049591064
YOR207C,YMR305C,0,-5.695554,0.1002606749534607,1.0,0.8974000215530396
YBR298C,YKL068W,0,-5.6955633,0.10025062412023544,1.0,0.8974999785423279
YER083C,YBR058C,0,-5.6956406,0.10024058073759079,1.0,0.897599995136261
YBR068C,YMR225C,0,-5.6957283,0.10023052990436554,1.0,0.8977000117301941
YER073W,YNL032W,0,-5.695882,0.10022048652172089,1.0,0.8978000283241272
YJL065C,YLR206W,0,-5.6961803,0.10021044313907623,1.0,0.8978999853134155
YDL231C,YDR398W,0,-5.69619,0.10020039975643158,1.0,0.8980000019073486
YPR021C,YLR008C,0,-5.6961913,0.10019036382436752,1.0,0.8981000185012817
YLR170C,YJR076C,0,-5.6963863,0.10018032789230347,1.0,0.8981999754905701
YBR121C,YHR075C,0,-5.696649,0.10017029196023941,1.0,0.8982999920845032
YMR204C,YOL066C,0,-5.696718,0.10016025602817535,1.0,0.8984000086784363
YLR097C,YDR079W,0,-5.6970406,0.1001502275466919,1.0,0.8985000252723694
YDL102W,YKL148C,0,-5.697778,0.10014019906520844,1.0,0.8985999822616577
YBL014C,YJR103W,0,-5.6978636,0.10013017058372498,1.0,0.8986999988555908
YFR001W,YAL005C,0,-5.6979156,0.10012014210224152,1.0,0.8988000154495239
YGL067W,YML007W,0,-5.698327,0.10011012107133865,1.0,0.8988999724388123
YDR099W,YHR042W,0,-5.698514,0.10010010004043579,1.0,0.8989999890327454
YBR070C,YOL139C,0,-5.6986136,0.10009007900953293,1.0,0.8991000056266785
YOR063W,YBR118W,0,-5.6986265,0.10008006542921066,1.0,0.8992000222206116
YKL040C,YDL128W,0,-5.6986694,0.1000700518488884,1.0,0.8992999792098999
YNL173C,YCR009C,0,-5.699106,0.10006003826856613,1.0,0.899399995803833
YNL275W,YMR239C,0,-5.699378,0.10005002468824387,1.0,0.8995000123977661
YDL100C,YBL102W,0,-5.6995335,0.1000400185585022,1.0,0.8996000289916992
YAL025C,YIL048W,0,-5.69981,0.10003001242876053,1.0,0.8996999859809875
YDR153C,YDR479C,0,-5.700054,0.10002000629901886,1.0,0.8998000025749207
YLL038C,YLR181C,0,-5.700136,0.10001000016927719,1.0,0.8999000191688538
YER146W,YNL167C,0,-5.700263,0.10000000149011612,1.0,0.8999999761581421
YOR371C,YJR074W,0,-5.700809,0.09999000281095505,1.0,0.9000999927520752
YFL003C,YKR003W,0,-5.7012324,0.09998000413179398,1.0,0.9002000093460083
YKL114C,YDR486C,0,-5.7015486,0.0999700054526329,1.0,0.9003000259399414
YER065C,YOR340C,0,-5.7018156,0.09996001422405243,1.0,0.9003999829292297
YNL302C,YFR003C,0,-5.701915,0.09995002299547195,1.0,0.9004999995231628
YHR061C,YBL033C,0,-5.702443,0.09994003921747208,1.0,0.900600016117096
YJL106W,YNL079C,0,-5.703161,0.0999300479888916,1.0,0.9006999731063843
YJL104W,YDR395W,0,-5.703778,0.09992006421089172,1.0,0.9007999897003174
YBL050W,YKR042W,0,-5.703866,0.09991008043289185,1.0,0.9009000062942505
YHR038W,YLR447C,0,-5.704006,0.09990009665489197,1.0,0.9010000228881836
YLR256W,YIL007C,0,-5.704213,0.09989012032747269,1.0,0.9010999798774719
YHL034C,YDR002W,0,-5.7045364,0.0998801440000534,1.0,0.901199996471405
YEL056W,YNL268W,0,-5.7047396,0.09987016767263412,1.0,0.9013000130653381
YKL046C,YDL181W,0,-5.7047987,0.09986019879579544,1.0,0.9014000296592712
YAL042W,YPL075W,0,-5.7052,0.09985022246837616,1.0,0.9014999866485596
YOR123C,YOL064C,0,-5.705236,0.09984025359153748,1.0,0.9016000032424927
YPL093W,YDR129C,0,-5.70531,0.09983029216527939,1.0,0.9017000198364258
YDR017C,YGR239C,0,-5.705989,0.0998203232884407,1.0,0.9017999768257141
YML023C,YPL214C,0,-5.7065983,0.09981036186218262,1.0,0.9018999934196472
YGL136C,YNL294C,0,-5.706643,0.09980040043592453,1.0,0.9020000100135803
YGR159C,YIL129C,0,-5.7066717,0.09979043900966644,1.0,0.9021000266075134
YNL097C,YOR272W,0,-5.706708,0.09978048503398895,1.0,0.9021999835968018
YBR010W,YDR143C,0,-5.7067723,0.09977053105831146,1.0,0.9023000001907349
YGL025C,YML055W,0,-5.7070274,0.09976057708263397,1.0,0.902400016784668
YBR010W,YDL212W,0,-5.7073894,0.09975062310695648,1.0,0.9024999737739563
YLR450W,YOR057W,0,-5.7078276,0.09974067658185959,1.0,0.9025999903678894
YPL098C,YMR016C,0,-5.7086406,0.0997307300567627,1.0,0.9027000069618225
YBR286W,YDR487C,0,-5.7088804,0.0997207835316658,1.0,0.9028000235557556
YGL037C,YKL130C,0,-5.7090054,0.09971083700656891,1.0,0.902899980545044
YGL155W,YNL173C,0,-5.709045,0.09970089793205261,1.0,0.902999997138977
YAL024C,YKL141W,0,-5.7095776,0.09969095885753632,1.0,0.9031000137329102
YKL139W,YAL016W,0,-5.70986,0.09968101978302002,1.0,0.9031999707221985
YDR167W,YGR281W,0,-5.7099605,0.09967108815908432,1.0,0.9032999873161316
YMR042W,YJR102C,0,-5.7100654,0.09966114908456802,1.0,0.9034000039100647
YDR016C,YFR033C,0,-5.710497,0.09965121746063232,1.0,0.9035000205039978
YJR078W,YKL068W,0,-5.7105055,0.09964129328727722,1.0,0.9035999774932861
YML012W,YCR042C,0,-5.710642,0.09963136166334152,1.0,0.9036999940872192
YGR028W,YER009W,0,-5.7111626,0.09962143748998642,1.0,0.9038000106811523
YDR303C,YDR073W,0,-5.711211,0.09961151331663132,1.0,0.9039000272750854
YPL221W,YKL166C,0,-5.7113724,0.09960159659385681,1.0,0.9039999842643738
YGR286C,YPR113W,0,-5.7115736,0.09959167242050171,1.0,0.9041000008583069
YBL005W,YDR412W,0,-5.711889,0.0995817556977272,1.0,0.90420001745224
YLL006W,YLR321C,0,-5.712268,0.0995718389749527,1.0,0.9042999744415283
YOL144W,YOR036W,0,-5.7127314,0.09956192970275879,1.0,0.9043999910354614
YOR039W,YJL110C,0,-5.7129145,0.09955201297998428,1.0,0.9045000076293945
YIL038C,YPR191W,0,-5.713141,0.09954210370779037,1.0,0.9046000242233276
YPL031C,YBL020W,0,-5.7131968,0.09953220188617706,1.0,0.904699981212616
YJR078W,YML121W,0,-5.713648,0.09952229261398315,1.0,0.9047999978065491
YML099C,YBR296C,0,-5.714049,0.09951239079236984,1.0,0.9049000144004822
YBL058W,YER082C,0,-5.714472,0.09950248897075653,1.0,0.9049999713897705
YOR005C,YDR508C,0,-5.7145643,0.09949258714914322,1.0,0.9050999879837036
YNL038W,YLR096W,0,-5.7152324,0.0994826927781105,1.0,0.9052000045776367
YGL245W,YPL193W,0,-5.715679,0.09947279095649719,1.0,0.9053000211715698
YDR513W,YGL092W,0,-5.7158556,0.09946290403604507,1.0,0.9053999781608582
YHR027C,YHR031C,0,-5.715857,0.09945300966501236,1.0,0.9054999947547913
YGR230W,YEL037C,0,-5.7159643,0.09944311529397964,1.0,0.9056000113487244
YAR002C-A,YJL179W,0,-5.7161264,0.09943322837352753,1.0,0.9057000279426575
YGL017W,YJR104C,0,-5.71637,0.09942334145307541,1.0,0.9057999849319458
YPL224C,YBL090W,0,-5.7169333,0.09941346198320389,1.0,0.9059000015258789
YPL212C,YDR443C,0,-5.717151,0.09940357506275177,1.0,0.906000018119812
YHR086W,YIL016W,0,-5.7176075,0.09939369559288025,1.0,0.9060999751091003
YPR029C,YAL051W,0,-5.718322,0.09938382357358932,1.0,0.9061999917030334
YEL060C,YJL087C,0,-5.718385,0.0993739441037178,1.0,0.9063000082969666
YMR161W,YLR259C,0,-5.7183857,0.09936407208442688,1.0,0.9064000248908997
YPR102C,YJL141C,0,-5.7185345,0.09935420006513596,1.0,0.906499981880188
YFR021W,YNL113W,0,-5.7185683,0.09934432804584503,1.0,0.9065999984741211
YNL220W,YJL124C,0,-5.719288,0.09933445602655411,1.0,0.9067000150680542
YKL182W,YIL063C,0,-5.719288,0.09932459145784378,1.0,0.9067999720573425
YGL201C,YPL057C,0,-5.7194834,0.09931472688913345,1.0,0.9068999886512756
YMR006C,YBR228W,0,-5.7197123,0.09930486232042313,1.0,0.9070000052452087
YLR166C,YCR060W,0,-5.7199984,0.0992950052022934,1.0,0.9071000218391418
YOR014W,YDL229W,0,-5.720174,0.09928514808416367,1.0,0.9071999788284302
YLR153C,YDL031W,0,-5.720175,0.09927529096603394,1.0,0.9072999954223633
YBR029C,YEL018W,0,-5.720678,0.0992654338479042,1.0,0.9074000120162964
YNL094W,YLR129W,0,-5.720757,0.09925558418035507,1.0,0.9075000286102295
YJL071W,YCR033W,0,-5.721017,0.09924573451280594,1.0,0.9075999855995178
YDL008W,YHR021C,0,-5.72126,0.0992358848452568,1.0,0.9077000021934509
YJR105W,YJR049C,0,-5.721267,0.09922603517770767,1.0,0.907800018787384
YDL230W,YOR259C,0,-5.7212973,0.09921619296073914,1.0,0.9078999757766724
YOR362C,YLR410W,0,-5.721545,0.0992063507437706,1.0,0.9079999923706055
YLR449W,YGR121C,0,-5.721803,0.09919650852680206,1.0,0.9081000089645386
YOL027C,YGR024C,0,-5.722101,0.09918666630983353,1.0,0.9082000255584717
YJR076C,YPR165W,0,-5.7221165,0.09917683154344559,1.0,0.90829998254776
YPR191W,YPL138C,0,-5.722207,0.09916699677705765,1.0,0.9083999991416931
YBL019W,YCR031C,0,-5.7225094,0.09915716201066971,1.0,0.9085000157356262
YLR170C,YDL111C,0,-5.7232456,0.09914733469486237,1.0,0.9085999727249146
YMR083W,YER042W,0,-5.723342,0.09913750737905502,1.0,0.9086999893188477
YDR021W,YJR073C,0,-5.723483,0.09912768006324768,1.0,0.9088000059127808
YPL204W,YOR275C,0,-5.72351,0.09911785274744034,1.0,0.9089000225067139
YDR512C,YHR120W,0,-5.7243605,0.099108025431633,1.0,0.9089999794960022
YMR080C,YML061C,0,-5.7244635,0.09909820556640625,1.0,0.9090999960899353
YFR001W,YOL100W,0,-5.724606,0.0990883857011795,1.0,0.9092000126838684
YBR201W,YMR095C,0,-5.724903,0.09907856583595276,1.0,0.9093000292778015
YPR198W,YLR025W,0,-5.724931,0.09906875342130661,1.0,0.9093999862670898
YNL261W,YJR049C,0,-5.725586,0.09905894100666046,1.0,0.909500002861023
YFL009W,YDR077W,0,-5.7259398,0.09904912859201431,1.0,0.909600019454956
YNL149C,YGL011C,0,-5.7261815,0.09903931617736816,1.0,0.9096999764442444
YDL024C,YNL164C,0,-5.7265577,0.09902951121330261,1.0,0.9097999930381775
YBR290W,YDR470C,0,-5.7269616,0.09901970624923706,1.0,0.9099000096321106
YML023C,YDR487C,0,-5.727101,0.09900990128517151,1.0,0.9100000262260437
YOR236W,YNL009W,0,-5.7271447,0.09900009632110596,1.0,0.910099983215332
YLR100W,YGL245W,0,-5.727206,0.098990298807621,1.0,0.9101999998092651
YDL143W,YNL014W,0,-5.727418,0.09898050129413605,1.0,0.9103000164031982
YDR150W,YOL054W,0,-5.727851,0.09897070378065109,1.0,0.9103999733924866
YGL246C,YEL013W,0,-5.72797,0.09896091371774673,1.0,0.9104999899864197
YDR245W,YKL043W,0,-5.728115,0.09895111620426178,1.0,0.9106000065803528
YDR148C,YOL076W,0,-5.7281427,0.09894132614135742,1.0,0.9107000231742859
YGL037C,YAR008W,0,-5.7284226,0.09893153607845306,1.0,0.9107999801635742
YKL046C,YPR094W,0,-5.728684,0.0989217534661293,1.0,0.9108999967575073
YGL111W,YDR276C,0,-5.7288666,0.09891197085380554,1.0,0.9110000133514404
YNR030W,YER018C,0,-5.728949,0.09890218824148178,1.0,0.9110999703407288
YDR264C,YLR163C,0,-5.729194,0.09889240562915802,1.0,0.9111999869346619
YOR328W,YLR340W,0,-5.729599,0.09888262301683426,1.0,0.911300003528595
YLR119W,YDR292C,0,-5.729844,0.0988728478550911,1.0,0.9114000201225281
YJL033W,YDL194W,0,-5.7303667,0.09886307269334793,1.0,0.9114999771118164
YDR335W,YCL031C,0,-5.730468,0.09885330498218536,1.0,0.9115999937057495
YDR448W,YCR071C,0,-5.7308173,0.0988435298204422,1.0,0.9117000102996826
YHR188C,YNL201C,0,-5.7308187,0.09883376210927963,1.0,0.9118000268936157
YJL010C,YOR208W,0,-5.731058,0.09882399439811707,1.0,0.911899983882904
YOR133W,YGR009C,0,-5.731865,0.0988142266869545,1.0,0.9120000004768372
YNL280C,YDR487C,0,-5.7325697,0.09880446642637253,1.0,0.9121000170707703
YMR225C,YGL044C,0,-5.7326365,0.09879470616579056,1.0,0.9121999740600586
YOL115W,YNL044W,0,-5.7327623,0.09878494590520859,1.0,0.9122999906539917
YOR182C,YNL012W,0,-5.7327776,0.09877518564462662,1.0,0.9124000072479248
YBL009W,YML028W,0,-5.733156,0.09876543283462524,1.0,0.9125000238418579
YOL027C,YER125W,0,-5.7338347,0.09875568002462387,1.0,0.9125999808311462
YNR053C,YOR208W,0,-5.733904,0.0987459272146225,1.0,0.9126999974250793
YDL031W,YLR207W,0,-5.73397,0.09873617440462112,1.0,0.9128000140190125
YAL031C,YBR084W,0,-5.734521,0.09872642904520035,1.0,0.9128999710083008
YLR429W,YNL091W,0,-5.7347794,0.09871668368577957,1.0,0.9129999876022339
YOR355W,YBL046W,0,-5.7350206,0.0987069383263588,1.0,0.913100004196167
YPR165W,YBR228W,0,-5.735071,0.09869720041751862,1.0,0.9132000207901001
YLR384C,YPR165W,0,-5.735113,0.09868745505809784,1.0,0.9132999777793884
YCL055W,YOL060C,0,-5.735246,0.09867771714925766,1.0,0.9133999943733215
YPL181W,YMR079W,0,-5.735429,0.09866797924041748,1.0,0.9135000109672546
YGL105W,YOR316C,0,-5.735787,0.0986582487821579,1.0,0.9136000275611877
YGR133W,YLR026C,0,-5.735842,0.09864851832389832,1.0,0.9136999845504761
YLR028C,YNL259C,0,-5.7361836,0.09863878786563873,1.0,0.9138000011444092
YGL029W,YHR024C,0,-5.7368555,0.09862905740737915,1.0,0.9139000177383423
YML048W,YER120W,0,-5.736895,0.09861932694911957,1.0,0.9139999747276306
YOL049W,YOL088C,0,-5.7375774,0.09860960394144058,1.0,0.9140999913215637
YOR187W,YIL135C,0,-5.737663,0.0985998809337616,1.0,0.9142000079154968
YFL036W,YGR172C,0,-5.7383122,0.09859015792608261,1.0,0.9143000245094299
YNL169C,YJR126C,0,-5.7383947,0.09858044236898422,1.0,0.9143999814987183
YBL079W,YDR055W,0,-5.7384367,0.09857072681188583,1.0,0.9144999980926514
YNL135C,YOL045W,0,-5.738799,0.09856101125478745,1.0,0.9146000146865845
YKL170W,YBR106W,0,-5.739077,0.09855129569768906,1.0,0.9146999716758728
YOL001W,YMR137C,0,-5.7391634,0.09854158759117126,1.0,0.9147999882698059
YIL033C,YJL196C,0,-5.739654,0.09853187203407288,1.0,0.914900004863739
YER035W,YOR224C,0,-5.7399664,0.09852216392755508,1.0,0.9150000214576721
YDL019C,YML021C,0,-5.741025,0.09851246327161789,1.0,0.9150999784469604
YNL149C,YJL004C,0,-5.7412047,0.0985027551651001,1.0,0.9151999950408936
YNL242W,YDR300C,0,-5.742399,0.0984930545091629,1.0,0.9153000116348267
YLL031C,YNL103W,0,-5.742653,0.09848335385322571,1.0,0.9154000282287598
YEL034W,YLR340W,0,-5.7434063,0.09847366064786911,1.0,0.9154999852180481
YNL256W,YDR202C,0,-5.7434273,0.09846395999193192,1.0,0.9156000018119812
YLR242C,YKL054C,0,-5.743563,0.09845426678657532,1.0,0.9157000184059143
YGR199W,YBR172C,0,-5.7439194,0.09844457358121872,1.0,0.9157999753952026
YDR423C,YDR116C,0,-5.74395,0.09843488782644272,1.0,0.9158999919891357
YDR284C,YLL036C,0,-5.7439637,0.09842519462108612,1.0,0.9160000085830688
YKL002W,YDL198C,0,-5.7444887,0.09841550886631012,1.0,0.916100025177002
YGR253C,YOR210W,0,-5.745019,0.09840582311153412,1.0,0.9161999821662903
YPR054W,YLR313C,0,-5.745088,0.09839614480733871,1.0,0.9162999987602234
YIL097W,YOR116C,0,-5.745577,0.09838645905256271,1.0,0.9164000153541565
YAR042W,YJL154C,0,-5.745709,0.09837678074836731,1.0,0.9164999723434448
YNL223W,YDR447C,0,-5.7459326,0.0983671024441719,1.0,0.9165999889373779
YKL134C,YIL114C,0,-5.7460146,0.0983574315905571,1.0,0.916700005531311
YNL103W,YGL037C,0,-5.746122,0.09834776073694229,1.0,0.9168000221252441
YEL009C,YBL030C,0,-5.746157,0.09833808988332748,1.0,0.9168999791145325
YBR275C,YAL016W,0,-5.746852,0.09832841902971268,1.0,0.9169999957084656
YEL053C,YDL230W,0,-5.7471733,0.09831874817609787,1.0,0.9171000123023987
YPL049C,YDR178W,0,-5.747219,0.09830908477306366,1.0,0.9172000288963318
YKL009W,YEL062W,0,-5.747239,0.09829942137002945,1.0,0.9172999858856201
YGR003W,YKR065C,0,-5.7476115,0.09828975796699524,1.0,0.9174000024795532
YOR067C,YOR194C,0,-5.74772,0.09828009456396103,1.0,0.9175000190734863
YNL280C,YOL038W,0,-5.7478046,0.09827043861150742,1.0,0.9175999760627747
YGR142W,YER107C,0,-5.747812,0.0982607826590538,1.0,0.9176999926567078
YBR161W,YOL001W,0,-5.748852,0.09825112670660019,1.0,0.9178000092506409
YBR068C,YML015C,0,-5.7490106,0.09824147820472717,1.0,0.917900025844574
YKL192C,YDL155W,0,-5.749077,0.09823182970285416,1.0,0.9179999828338623
YMR083W,YBR057C,0,-5.749297,0.09822218120098114,1.0,0.9180999994277954
YGL012W,YHR024C,0,-5.7503543,0.09821253269910812,1.0,0.9182000160217285
YGL020C,YER021W,0,-5.750433,0.09820288419723511,1.0,0.9182999730110168
YNL090W,YGR186W,0,-5.750843,0.09819324314594269,1.0,0.91839998960495
YKR066C,YFL005W,0,-5.750864,0.09818360209465027,1.0,0.9185000061988831
YNL038W,YPR033C,0,-5.7509227,0.09817396104335785,1.0,0.9186000227928162
YLR015W,YDR470C,0,-5.751199,0.09816432744264603,1.0,0.9186999797821045
YMR072W,YBR022W,0,-5.7515173,0.0981546938419342,1.0,0.9187999963760376
YAL022C,YBR245C,0,-5.751761,0.09814506024122238,1.0,0.9189000129699707
YMR014W,YML091C,0,-5.7535515,0.09813542664051056,1.0,0.9190000295639038
YLR133W,YDL013W,0,-5.7537804,0.09812580049037933,1.0,0.9190999865531921
YGL136C,YPL124W,0,-5.7540627,0.09811616688966751,1.0,0.9192000031471252
YKL191W,YDR164C,0,-5.7543745,0.09810654073953629,1.0,0.9193000197410583
YML065W,YMR142C,0,-5.7551594,0.09809692203998566,1.0,0.9193999767303467
YGL070C,YMR273C,0,-5.7551994,0.09808729588985443,1.0,0.9194999933242798
YBR119W,YHR170W,0,-5.7553387,0.0980776771903038,1.0,0.9196000099182129
YML121W,YOR027W,0,-5.755665,0.09806805849075317,1.0,0.919700026512146
YDR093W,YGR170W,0,-5.755749,0.09805843979120255,1.0,0.9197999835014343
YFR024C-A,YML091C,0,-5.756008,0.09804882854223251,1.0,0.9199000000953674
YLR183C,YPL206C,0,-5.7565613,0.09803921729326248,1.0,0.9200000166893005
YMR068W,YDR308C,0,-5.756564,0.09802960604429245,1.0,0.9200999736785889
YGR253C,YDR429C,0,-5.7565994,0.09801999479532242,1.0,0.920199990272522
YHR120W,YIL007C,0,-5.7571907,0.09801039099693298,1.0,0.9203000068664551
YBR234C,YDL036C,0,-5.7572346,0.09800078719854355,1.0,0.9204000234603882
YMR070W,YDL225W,0,-5.758777,0.09799118340015411,1.0,0.9204999804496765
YFR001W,YJR004C,0,-5.7592835,0.09798157960176468,1.0,0.9205999970436096
YLL061W,YMR140W,0,-5.7599344,0.09797198325395584,1.0,0.9207000136375427
YGL029W,YLR354C,0,-5.760194,0.0979623794555664,1.0,0.920799970626831
YFR047C,YLR335W,0,-5.760294,0.09795278310775757,1.0,0.9208999872207642
YKR024C,YBR037C,0,-5.760398,0.09794319421052933,1.0,0.9210000038146973
YDR384C,YDL235C,0,-5.76079,0.09793359786272049,1.0,0.9211000204086304
YOR034C,YMR240C,0,-5.7608175,0.09792400896549225,1.0,0.9211999773979187
YJL072C,YOR081C,0,-5.761039,0.09791442006826401,1.0,0.9212999939918518
YOL127W,YBR165W,0,-5.762102,0.09790483862161636,1.0,0.9214000105857849
YFR014C,YBL088C,0,-5.7621117,0.09789524972438812,1.0,0.921500027179718
YPR029C,YKL129C,0,-5.76233,0.09788566827774048,1.0,0.9215999841690063
YDR361C,YNL039W,0,-5.7626543,0.09787608683109283,1.0,0.9217000007629395
YDL108W,YER018C,0,-5.762943,0.09786651283502579,1.0,0.9218000173568726
YMR237W,YDR087C,0,-5.763259,0.09785693138837814,1.0,0.9218999743461609
YMR109W,YGR123C,0,-5.763504,0.0978473573923111,1.0,0.921999990940094
YOR033C,YGR082W,0,-5.7638254,0.09783778339624405,1.0,0.9221000075340271
YDL013W,YLR067C,0,-5.7638903,0.0978282168507576,1.0,0.9222000241279602
YNL220W,YKL113C,0,-5.7645254,0.09781864285469055,1.0,0.9222999811172485
YMR083W,YGL191W,0,-5.764582,0.0978090763092041,1.0,0.9223999977111816
YOL004W,YHR039C-A,0,-5.7649956,0.09779950976371765,1.0,0.9225000143051147
YER061C,YJR082C,0,-5.765024,0.0977899506688118,1.0,0.9225999712944031
YPR113W,YML124C,0,-5.765202,0.09778038412332535,1.0,0.9226999878883362
YMR281W,YKL089W,0,-5.765213,0.0977708250284195,1.0,0.9228000044822693
YDR208W,YLR025W,0,-5.765866,0.09776126593351364,1.0,0.9229000210762024
YPR103W,YER031C,0,-5.7662168,0.09775171428918839,1.0,0.9229999780654907
YBR289W,YOR187W,0,-5.7668657,0.09774215519428253,1.0,0.9230999946594238
YGL208W,YDR212W,0,-5.7669344,0.09773260354995728,1.0,0.9232000112533569
YEL015W,YGR279C,0,-5.7672644,0.09772305190563202,1.0,0.92330002784729
YIL105C,YIL008W,0,-5.767602,0.09771350771188736,1.0,0.9233999848365784
YDL111C,YMR313C,0,-5.7676563,0.0977039560675621,1.0,0.9235000014305115
YIL019W,YPL110C,0,-5.768362,0.09769441187381744,1.0,0.9236000180244446
YPL190C,YDR447C,0,-5.768868,0.09768486768007278,1.0,0.9236999750137329
YPR030W,YHR062C,0,-5.769763,0.09767533093690872,1.0,0.923799991607666
YOR063W,YMR203W,0,-5.7699137,0.09766578674316406,1.0,0.9239000082015991
YLR376C,YBR283C,0,-5.770134,0.09765625,1.0,0.9240000247955322
YNL147W,YBR218C,0,-5.7705812,0.09764671325683594,1.0,0.9240999817848206
YEL003W,YDR160W,0,-5.7708383,0.09763717651367188,1.0,0.9241999983787537
YDL143W,YDR490C,0,-5.770928,0.09762764722108841,1.0,0.9243000149726868
YMR014W,YKL194C,0,-5.771369,0.09761811792850494,1.0,0.9243999719619751
YIL010W,YKL172W,0,-5.7714972,0.09760858863592148,1.0,0.9244999885559082
YDR339C,YGR249W,0,-5.771581,0.09759905934333801,1.0,0.9246000051498413
YBR158W,YOR008C,0,-5.7717595,0.09758953750133514,1.0,0.9247000217437744
YIL142W,YER061C,0,-5.7717633,0.09758001565933228,1.0,0.9247999787330627
YBL020W,YJR045C,0,-5.7718315,0.0975704938173294,1.0,0.9248999953269958
YOR061W,YOR157C,0,-5.7718773,0.09756097197532654,1.0,0.925000011920929
YMR058W,YOR035C,0,-5.773037,0.09755145758390427,1.0,0.9251000285148621
YLR127C,YOR039W,0,-5.7733374,0.097541943192482,1.0,0.9251999855041504
YJL201W,YDR078C,0,-5.774278,0.09753242880105972,1.0,0.9253000020980835
YOL051W,YBR265W,0,-5.7745194,0.09752291440963745,1.0,0.9254000186920166
YDR098C,YDR167W,0,-5.774734,0.09751340746879578,1.0,0.9254999756813049
YNL038W,YOL027C,0,-5.774742,0.0975039005279541,1.0,0.925599992275238
YBR132C,YGR089W,0,-5.7748284,0.09749439358711243,1.0,0.9257000088691711
YKL040C,YOR207C,0,-5.774849,0.09748488664627075,1.0,0.9258000254631042
YIL079C,YER024W,0,-5.774875,0.09747538715600967,1.0,0.9258999824523926
YPL084W,YKL170W,0,-5.7749157,0.0974658876657486,1.0,0.9259999990463257
YJR040W,YLR105C,0,-5.77551,0.09745638817548752,1.0,0.9261000156402588
YKR060W,YDL128W,0,-5.775673,0.09744688868522644,1.0,0.9261999726295471
YKR057W,YGR013W,0,-5.776132,0.09743739664554596,1.0,0.9262999892234802
YBR070C,YIL065C,0,-5.7766266,0.09742790460586548,1.0,0.9264000058174133
YNL074C,YDR198C,0,-5.776825,0.097418412566185,1.0,0.9265000224113464
YNR027W,YHR011W,0,-5.777318,0.09740892052650452,1.0,0.9265999794006348
YMR072W,YLR453C,0,-5.777519,0.09739943593740463,1.0,0.9266999959945679
YOR061W,YJR059W,0,-5.777705,0.09738995134830475,1.0,0.926800012588501
YFL050C,YDR429C,0,-5.7778473,0.09738046675920486,1.0,0.9269000291824341
YOR046C,YAR042W,0,-5.7787447,0.09737098217010498,1.0,0.9269999861717224
YML010W,YGR046W,0,-5.7788215,0.0973615050315857,1.0,0.9271000027656555
YBR068C,YJL173C,0,-5.778964,0.0973520278930664,1.0,0.9272000193595886
YER053C,YBR048W,0,-5.7790155,0.09734255075454712,1.0,0.927299976348877
YCR091W,YER006W,0,-5.7791934,0.09733307361602783,1.0,0.9273999929428101
YNL182C,YBR127C,0,-5.7792635,0.09732360392808914,1.0,0.9275000095367432
YBL084C,YPL262W,0,-5.779347,0.09731412678956985,1.0,0.9276000261306763
YDR079W,YGR099W,0,-5.779389,0.09730466455221176,1.0,0.9276999831199646
YJL104W,YPR198W,0,-5.780285,0.09729519486427307,1.0,0.9277999997138977
YGR239C,YDL090C,0,-5.780429,0.09728572517633438,1.0,0.9279000163078308
YIL095W,YPL094C,0,-5.781086,0.09727626293897629,1.0,0.9279999732971191
YCR075C,YGR057C,0,-5.7811637,0.0972668007016182,1.0,0.9280999898910522
YLR008C,YKL041W,0,-5.7818103,0.0972573459148407,1.0,0.9282000064849854
YLR155C,YPR190C,0,-5.7819824,0.0972478836774826,1.0,0.9283000230789185
YNL220W,YPL164C,0,-5.782183,0.09723842889070511,1.0,0.9283999800682068
YDR339C,YIL097W,0,-5.783141,0.09722897410392761,1.0,0.9284999966621399
YBL099W,YNR011C,0,-5.783908,0.09721951931715012,1.0,0.928600013256073
YGL245W,YBL041W,0,-5.7851176,0.09721007198095322,1.0,0.9286999702453613
YBR091C,YCR073C,0,-5.7855406,0.09720062464475632,1.0,0.9287999868392944
YBR179C,YPR072W,0,-5.785782,0.09719117730855942,1.0,0.9289000034332275
YPL218W,YHR152W,0,-5.786002,0.09718172997236252,1.0,0.9290000200271606
YHR188C,YIL053W,0,-5.7864523,0.09717229008674622,1.0,0.929099977016449
YFL013C,YDL036C,0,-5.7876515,0.09716284275054932,1.0,0.9291999936103821
YAL003W,YOR014W,0,-5.7878437,0.09715340286493301,1.0,0.9293000102043152
YFL022C,YML028W,0,-5.788203,0.09714397042989731,1.0,0.9294000267982483
YOR149C,YIL063C,0,-5.788376,0.097134530544281,1.0,0.9294999837875366
YDR198C,YJR126C,0,-5.7884254,0.0971250981092453,1.0,0.9296000003814697
YMR146C,YJL154C,0,-5.788517,0.0971156656742096,1.0,0.9297000169754028
YOR354C,YLR092W,0,-5.788808,0.09710623323917389,1.0,0.9297999739646912
YLL050C,YML127W,0,-5.7892947,0.09709680825471878,1.0,0.9298999905586243
YOL149W,YDL024C,0,-5.7893147,0.09708737581968307,1.0,0.9300000071525574
YDR447C,YOR089C,0,-5.7896605,0.09707795083522797,1.0,0.9301000237464905
YDL220C,YKL117W,0,-5.789944,0.09706853330135345,1.0,0.9301999807357788
YPR101W,YPL214C,0,-5.789998,0.09705910831689835,1.0,0.9302999973297119
YDR288W,YPR154W,0,-5.7901926,0.09704969078302383,1.0,0.930400013923645
YKR008W,YOR035C,0,-5.7908325,0.09704027324914932,1.0,0.9304999709129333
YDR216W,YGR172C,0,-5.791147,0.09703085571527481,1.0,0.9305999875068665
YGR030C,YGR209C,0,-5.791561,0.0970214381814003,1.0,0.9307000041007996
YMR006C,YLR298C,0,-5.791786,0.09701202809810638,1.0,0.9308000206947327
YOR046C,YNL085W,0,-5.7921066,0.09700261801481247,1.0,0.930899977684021
YOR039W,YML067C,0,-5.792208,0.09699320793151855,1.0,0.9309999942779541
YER006W,YOR014W,0,-5.7923975,0.09698380529880524,1.0,0.9311000108718872
YPL237W,YDL224C,0,-5.792424,0.09697439521551132,1.0,0.9312000274658203
YAL042W,YBL088C,0,-5.7924566,0.096964992582798,1.0,0.9312999844551086
YDR098C,YOR103C,0,-5.792493,0.09695559740066528,1.0,0.9314000010490417
YDR148C,YPL045W,0,-5.792651,0.09694619476795197,1.0,0.9315000176429749
YHR001W-A,YFL005W,0,-5.7931175,0.09693679958581924,1.0,0.9315999746322632
YJL002C,YPL092W,0,-5.793153,0.09692740440368652,1.0,0.9316999912261963
YBL099W,YPL174C,0,-5.7935567,0.0969180092215538,1.0,0.9318000078201294
YER149C,YAL016W,0,-5.7938204,0.09690861403942108,1.0,0.9319000244140625
YIR022W,YOL148C,0,-5.793924,0.09689922630786896,1.0,0.9319999814033508
YDR395W,YPL176C,0,-5.794466,0.09688983857631683,1.0,0.9320999979972839
YJL196C,YLR450W,0,-5.7947307,0.09688045084476471,1.0,0.932200014591217
YKR068C,YPR083W,0,-5.7947574,0.09687106311321259,1.0,0.9322999715805054
YBL078C,YMR177W,0,-5.7947726,0.09686168283224106,1.0,0.9323999881744385
YLR189C,YMR260C,0,-5.7950544,0.09685230255126953,1.0,0.9325000047683716
YPR029C,YOL066C,0,-5.7954555,0.096842922270298,1.0,0.9326000213623047
YDL130W-A,YKR056W,0,-5.7955246,0.09683354198932648,1.0,0.932699978351593
YML015C,YOR083W,0,-5.7969823,0.09682416915893555,1.0,0.9327999949455261
YLL019C,YHR088W,0,-5.796994,0.09681479632854462,1.0,0.9329000115394592
YMR041C,YJL065C,0,-5.7975674,0.09680542349815369,1.0,0.9330000281333923
YKL016C,YPL011C,0,-5.7978125,0.09679605066776276,1.0,0.9330999851226807
YER022W,YHR135C,0,-5.798539,0.09678668528795242,1.0,0.9332000017166138
YNL004W,YKR085C,0,-5.7986326,0.09677731245756149,1.0,0.9333000183105469
YML008C,YFL041W,0,-5.7986364,0.09676794707775116,1.0,0.9333999752998352
YOR113W,YLR172C,0,-5.7991123,0.09675858914852142,1.0,0.9334999918937683
YGL100W,YPL203W,0,-5.7996287,0.09674922376871109,1.0,0.9336000084877014
YLR127C,YNL073W,0,-5.8006077,0.09673986583948135,1.0,0.9337000250816345
YHR171W,YGL106W,0,-5.8008833,0.09673050791025162,1.0,0.9337999820709229
YKL059C,YHR084W,0,-5.8012667,0.09672114998102188,1.0,0.933899998664856
YGR199W,YER029C,0,-5.8015356,0.09671179950237274,1.0,0.9340000152587891
YPL170W,YJL033W,0,-5.802348,0.0967024490237236,1.0,0.9340999722480774
YLL031C,YHR085W,0,-5.802652,0.09669309854507446,1.0,0.9341999888420105
YGR175C,YDL115C,0,-5.803302,0.09668374806642532,1.0,0.9343000054359436
YOR335C,YPL135W,0,-5.8033214,0.09667439758777618,1.0,0.9344000220298767
YBR185C,YPL164C,0,-5.803578,0.09666505455970764,1.0,0.934499979019165
YGL011C,YHR206W,0,-5.803645,0.0966557115316391,1.0,0.9345999956130981
YIL112W,YAL025C,0,-5.80421,0.09664636850357056,1.0,0.9347000122070312
YKR025W,YGL104C,0,-5.8051987,0.09663703292608261,1.0,0.9348000288009644
YKL170W,YMR077C,0,-5.805789,0.09662768989801407,1.0,0.9348999857902527
YDL102W,YNL093W,0,-5.8059015,0.09661835432052612,1.0,0.9350000023841858
YOL066C,YFL037W,0,-5.806015,0.09660902619361877,1.0,0.9351000189781189
YKL194C,YPL126W,0,-5.806753,0.09659969061613083,1.0,0.9351999759674072
YDR021W,YMR054W,0,-5.8071766,0.09659036248922348,1.0,0.9352999925613403
YPL055C,YML115C,0,-5.807412,0.09658103436231613,1.0,0.9354000091552734
YNL055C,YDR082W,0,-5.8074207,0.09657170623540878,1.0,0.9355000257492065
YHR024C,YMR313C,0,-5.8077006,0.09656237810850143,1.0,0.9355999827384949
YDR021W,YOL117W,0,-5.807741,0.09655305743217468,1.0,0.935699999332428
YOL158C,YLL022C,0,-5.808158,0.09654373675584793,1.0,0.9358000159263611
YPL218W,YMR214W,0,-5.808322,0.09653441607952118,1.0,0.9358999729156494
YFL016C,YPL210C,0,-5.8084517,0.09652509540319443,1.0,0.9359999895095825
YOR372C,YPR125W,0,-5.809025,0.09651578217744827,1.0,0.9361000061035156
YNL280C,YPL055C,0,-5.809492,0.09650646895170212,1.0,0.9362000226974487
YDR005C,YKR072C,0,-5.809656,0.09649715572595596,1.0,0.9362999796867371
YOR034C,YDL100C,0,-5.8107824,0.09648784250020981,1.0,0.9363999962806702
YHR021C,YDR388W,0,-5.8108177,0.09647853672504425,1.0,0.9365000128746033
YIL044C,YLR354C,0,-5.8111343,0.0964692234992981,1.0,0.9366000294685364
YKR026C,YOR132W,0,-5.8112116,0.09645991772413254,1.0,0.9366999864578247
YJL010C,YBL041W,0,-5.811223,0.09645061939954758,1.0,0.9368000030517578
YPL138C,YCR053W,0,-5.811466,0.09644131362438202,1.0,0.9369000196456909
YDR481C,YNL113W,0,-5.8125677,0.09643201529979706,1.0,0.9369999766349792
YDL004W,YER157W,0,-5.812744,0.0964227169752121,1.0,0.9370999932289124
YDR297W,YLR090W,0,-5.813133,0.09641341865062714,1.0,0.9372000098228455
YLR078C,YCL043C,0,-5.813342,0.09640412777662277,1.0,0.9373000264167786
YFL050C,YHR053C,0,-5.8135567,0.09639483690261841,1.0,0.9373999834060669
YOL088C,YPL214C,0,-5.813628,0.09638553857803345,1.0,0.9375
YDL004W,YJL110C,0,-5.814151,0.09637625515460968,1.0,0.9376000165939331
YIL004C,YDR517W,0,-5.8142533,0.09636696428060532,1.0,0.9376999735832214
YDR116C,YOR307C,0,-5.8145943,0.09635768085718155,1.0,0.9377999901771545
YPL227C,YMR109W,0,-5.8147593,0.09634839743375778,1.0,0.9379000067710876
YBR008C,YIL063C,0,-5.815256,0.09633911401033401,1.0,0.9380000233650208
YOL001W,YOR207C,0,-5.81531,0.09632983058691025,1.0,0.9380999803543091
YDL078C,YGR253C,0,-5.8155203,0.09632055461406708,1.0,0.9381999969482422
YGR116W,YLR354C,0,-5.8160906,0.09631127864122391,1.0,0.9383000135421753
YLR210W,YDL128W,0,-5.8167295,0.09630200266838074,1.0,0.9383999705314636
YBR029C,YDR523C,0,-5.817066,0.09629272669553757,1.0,0.9384999871253967
YBR068C,YNL273W,0,-5.817236,0.096283458173275,1.0,0.9386000037193298
YAL038W,YPL046C,0,-5.8172846,0.09627418965101242,1.0,0.9387000203132629
YJL076W,YIL121W,0,-5.817468,0.09626492112874985,1.0,0.9387999773025513
YOL042W,YNL088W,0,-5.8175554,0.09625565260648727,1.0,0.9388999938964844
YGR029W,YLR259C,0,-5.8180294,0.0962463915348053,1.0,0.9390000104904175
YML120C,YEL037C,0,-5.81864,0.09623713046312332,1.0,0.9391000270843506
YKL048C,YPR067W,0,-5.818651,0.09622786939144135,1.0,0.9391999840736389
YKL019W,YML105C,0,-5.8187675,0.09621860831975937,1.0,0.939300000667572
YOR063W,YDL128W,0,-5.8188353,0.09620935469865799,1.0,0.9394000172615051
YDR036C,YLR376C,0,-5.8190002,0.09620009362697601,1.0,0.9394999742507935
YLR153C,YGR041W,0,-5.8192086,0.09619084000587463,1.0,0.9395999908447266
YHR107C,YBR294W,0,-5.819301,0.09618159383535385,1.0,0.9397000074386597
YNL123W,YOR083W,0,-5.819363,0.09617234021425247,1.0,0.9398000240325928
YDR507C,YKR046C,0,-5.819908,0.09616309404373169,1.0,0.9398999810218811
YMR212C,YEL009C,0,-5.820117,0.09615384787321091,1.0,0.9399999976158142
YMR072W,YBR250W,0,-5.8201294,0.09614460170269012,1.0,0.9401000142097473
YLR138W,YPL065W,0,-5.8204226,0.09613535553216934,1.0,0.9401999711990356
YML067C,YPL218W,0,-5.8222923,0.09612611681222916,1.0,0.9402999877929688
YBR102C,YMR298W,0,-5.8223724,0.09611687809228897,1.0,0.9404000043869019
YOL100W,YLR130C,0,-5.8225975,0.09610763937234879,1.0,0.940500020980835
YDL165W,YHR050W,0,-5.823174,0.0960984081029892,1.0,0.9405999779701233
YER015W,YGL252C,0,-5.823205,0.09608916938304901,1.0,0.9406999945640564
YKL049C,YCR044C,0,-5.823449,0.09607993811368942,1.0,0.9408000111579895
YDL083C,YPL232W,0,-5.8238916,0.09607070684432983,1.0,0.9409000277519226
YHR019C,YLR347C,0,-5.8239574,0.09606148302555084,1.0,0.9409999847412109
YKL143W,YEL060C,0,-5.824889,0.09605225175619125,1.0,0.941100001335144
YMR043W,YGR010W,0,-5.8251047,0.09604302793741226,1.0,0.9412000179290771
YMR208W,YBR060C,0,-5.8253336,0.09603380411863327,1.0,0.9412999749183655
YDR221W,YOR182C,0,-5.825506,0.09602458029985428,1.0,0.9413999915122986
YJL146W,YPL180W,0,-5.8264155,0.09601536393165588,1.0,0.9415000081062317
YOR245C,YBR034C,0,-5.8266873,0.09600614756345749,1.0,0.9416000247001648
YGR244C,YDR461W,0,-5.826698,0.0959969311952591,1.0,0.9416999816894531
YGR193C,YML114C,0,-5.8273363,0.0959877148270607,1.0,0.9417999982833862
YNL030W,YDR190C,0,-5.828327,0.0959784984588623,1.0,0.9419000148773193
YMR012W,YNL264C,0,-5.828519,0.0959692895412445,1.0,0.9419999718666077
YMR199W,YGR002C,0,-5.828637,0.09596008062362671,1.0,0.9420999884605408
YMR023C,YJL198W,0,-5.82893,0.09595087170600891,1.0,0.9422000050544739
YFR014C,YJL050W,0,-5.8295784,0.09594167023897171,1.0,0.942300021648407
YFR001W,YJL048C,0,-5.8297195,0.09593246132135391,1.0,0.9423999786376953
YPR183W,YML065W,0,-5.8301296,0.09592325985431671,1.0,0.9424999952316284
YML078W,YKL059C,0,-5.8306375,0.09591405838727951,1.0,0.9426000118255615
YDR214W,YGL174W,0,-5.8313866,0.0959048643708229,1.0,0.9427000284194946
YBR202W,YMR161W,0,-5.831558,0.0958956629037857,1.0,0.942799985408783
YIL075C,YCR033W,0,-5.831651,0.0958864688873291,1.0,0.9429000020027161
YLR138W,YKR065C,0,-5.83302,0.0958772748708725,1.0,0.9430000185966492
YDL134C,YKL117W,0,-5.8331294,0.09586808830499649,1.0,0.9430999755859375
YER036C,YNL159C,0,-5.833382,0.09585889428853989,1.0,0.9431999921798706
YLR067C,YOR007C,0,-5.8338556,0.09584970772266388,1.0,0.9433000087738037
YNL082W,YDL217C,0,-5.8346777,0.09584052115678787,1.0,0.9434000253677368
YNR008W,YMR156C,0,-5.835985,0.09583133459091187,1.0,0.9434999823570251
YML004C,YBL004W,0,-5.8364744,0.09582215547561646,1.0,0.9435999989509583
YML071C,YML110C,0,-5.836644,0.09581297636032104,1.0,0.9437000155448914
YDR214W,YLR276C,0,-5.8369446,0.09580379724502563,1.0,0.9437999725341797
YMR135C,YGR264C,0,-5.8375645,0.09579461812973022,1.0,0.9438999891281128
YOR067C,YBR114W,0,-5.837573,0.09578543901443481,1.0,0.9440000057220459
YLR206W,YKR038C,0,-5.837783,0.09577626734972,1.0,0.944100022315979
YLR363C,YOL122C,0,-5.8377857,0.09576709568500519,1.0,0.9441999793052673
YLL035W,YCR091W,0,-5.838083,0.09575792402029037,1.0,0.9442999958992004
YHR043C,YOR241W,0,-5.838218,0.09574875235557556,1.0,0.9444000124931335
YDL181W,YHR060W,0,-5.838501,0.09573958814144135,1.0,0.9445000290870667
YOR254C,YGL227W,0,-5.8389955,0.09573042392730713,1.0,0.944599986076355
YKL112W,YGR249W,0,-5.8390503,0.09572125971317291,1.0,0.9447000026702881
YNL071W,YMR146C,0,-5.839424,0.0957120954990387,1.0,0.9448000192642212
YEL060C,YDR303C,0,-5.8396525,0.09570293873548508,1.0,0.9448999762535095
YGR264C,YOR148C,0,-5.8398123,0.09569378197193146,1.0,0.9449999928474426
YEL042W,YDR202C,0,-5.840173,0.09568462520837784,1.0,0.9451000094413757
YGR028W,YOL054W,0,-5.840479,0.09567546844482422,1.0,0.9452000260353088
YFR041C,YAR033W,0,-5.840625,0.0956663191318512,1.0,0.9452999830245972
YHR066W,YOR172W,0,-5.840732,0.09565716236829758,1.0,0.9453999996185303
YGL045W,YML038C,0,-5.8421144,0.09564801305532455,1.0,0.9455000162124634
YNL292W,YMR140W,0,-5.843227,0.09563887119293213,1.0,0.9455999732017517
YEL003W,YGR132C,0,-5.8435316,0.0956297218799591,1.0,0.9456999897956848
YDR298C,YML105C,0,-5.8436184,0.09562058001756668,1.0,0.9458000063896179
YHR083W,YPL122C,0,-5.8437095,0.09561143815517426,1.0,0.945900022983551
YML012W,YHR165C,0,-5.8442564,0.09560229629278183,1.0,0.9459999799728394
YKL062W,YML010W,0,-5.844804,0.0955931544303894,1.0,0.9460999965667725
YNL242W,YLR068W,0,-5.8455744,0.09558402001857758,1.0,0.9462000131607056
YKR003W,YPR088C,0,-5.845662,0.09557488560676575,1.0,0.9463000297546387
YJR040W,YLR328W,0,-5.8464017,0.09556575119495392,1.0,0.946399986743927
YMR143W,YDR077W,0,-5.846777,0.09555661678314209,1.0,0.9465000033378601
YMR264W,YBL093C,0,-5.8475037,0.09554748982191086,1.0,0.9466000199317932
YKR066C,YGL135W,0,-5.847767,0.09553835541009903,1.0,0.9466999769210815
YIL048W,YOR145C,0,-5.847871,0.0955292284488678,1.0,0.9467999935150146
YGR202C,YBR196C,0,-5.847883,0.09552010893821716,1.0,0.9469000101089478
YPL110C,YAL025C,0,-5.848933,0.09551098197698593,1.0,0.9470000267028809
YNL331C,YPL227C,0,-5.849011,0.0955018624663353,1.0,0.9470999836921692
YGL191W,YGL232W,0,-5.849029,0.09549274295568466,1.0,0.9472000002861023
YOL054W,YBR043C,0,-5.849252,0.09548362344503403,1.0,0.9473000168800354
YGR286C,YBL020W,0,-5.849449,0.09547451138496399,1.0,0.9473999738693237
YOR201C,YMR285C,0,-5.8496685,0.09546539187431335,1.0,0.9474999904632568
YJL196C,YML074C,0,-5.8506145,0.09545627981424332,1.0,0.9476000070571899
YPL098C,YML016C,0,-5.8510113,0.09544716775417328,1.0,0.947700023651123
YGR192C,YAL016W,0,-5.851036,0.09543806314468384,1.0,0.9477999806404114
YEL003W,YPL270W,0,-5.8514643,0.0954289510846138,1.0,0.9478999972343445
YGL087C,YOL105C,0,-5.851535,0.09541984647512436,1.0,0.9480000138282776
YOL033W,YLR403W,0,-5.851751,0.09541074186563492,1.0,0.9480999708175659
YNL001W,YFR050C,0,-5.852594,0.09540163725614548,1.0,0.948199987411499
YDR194C,YPR154W,0,-5.8527603,0.09539254009723663,1.0,0.9483000040054321
YMR309C,YOR075W,0,-5.8531065,0.09538344293832779,1.0,0.9484000205993652
YOR316C,YDL208W,0,-5.8536105,0.09537434577941895,1.0,0.9484999775886536
YPR057W,YOL110W,0,-5.8541384,0.0953652486205101,1.0,0.9485999941825867
YHR065C,YOR003W,0,-5.8548203,0.09535615891218185,1.0,0.9487000107765198
YBR207W,YDL090C,0,-5.855014,0.09534706175327301,1.0,0.9488000273704529
YKL188C,YGL049C,0,-5.8552322,0.09533797204494476,1.0,0.9488999843597412
YHR074W,YML014W,0,-5.855293,0.09532888233661652,1.0,0.9490000009536743
YAR033W,YLR007W,0,-5.855712,0.09531980007886887,1.0,0.9491000175476074
YDR143C,YAL016W,0,-5.856488,0.09531071037054062,1.0,0.9491999745368958
YBR121C,YDL090C,0,-5.8568006,0.09530162811279297,1.0,0.9492999911308289
YAL042W,YBR275C,0,-5.857722,0.09529254585504532,1.0,0.949400007724762
YJL209W,YIR022W,0,-5.8577323,0.09528347104787827,1.0,0.9495000243186951
YAL031C,YML055W,0,-5.8580937,0.09527438879013062,1.0,0.9495999813079834
YDR054C,YKL060C,0,-5.8587337,0.09526531398296356,1.0,0.9496999979019165
YER145C,YGR162W,0,-5.858858,0.09525623917579651,1.0,0.9498000144958496
YNR027W,YDR073W,0,-5.858967,0.09524716436862946,1.0,0.9498999714851379
YPL190C,YJR068W,0,-5.8595934,0.095238097012043,1.0,0.949999988079071
YGR216C,YDL120W,0,-5.8598504,0.09522902220487595,1.0,0.9501000046730042
YKL062W,YPL129W,0,-5.8598924,0.09521995484828949,1.0,0.9502000212669373
YGR155W,YOR362C,0,-5.859934,0.09521089494228363,1.0,0.9502999782562256
YML062C,YOR122C,0,-5.8606405,0.09520182758569717,1.0,0.9503999948501587
YEL053C,YML034W,0,-5.8609314,0.09519276767969131,1.0,0.9505000114440918
YPL060W,YER126C,0,-5.861263,0.09518370777368546,1.0,0.9506000280380249
YER165W,YMR322C,0,-5.861969,0.0951746478676796,1.0,0.9506999850273132
YMR083W,YOR080W,0,-5.862102,0.09516558796167374,1.0,0.9508000016212463
YDR298C,YLR398C,0,-5.86217,0.09515653550624847,1.0,0.9509000182151794
YOR020C,YDR485C,0,-5.862421,0.09514747560024261,1.0,0.9509999752044678
YDL113C,YKL081W,0,-5.8629527,0.09513842314481735,1.0,0.9510999917984009
YGL256W,YDL029W,0,-5.864636,0.09512937813997269,1.0,0.951200008392334
YPL061W,YDR037W,0,-5.864907,0.09512032568454742,1.0,0.9513000249862671
YFL016C,YGR119C,0,-5.865197,0.09511128067970276,1.0,0.9513999819755554
YER112W,YMR216C,0,-5.865666,0.0951022356748581,1.0,0.9514999985694885
YOR236W,YPL159C,0,-5.8658447,0.09509319067001343,1.0,0.9516000151634216
YML129C,YLR216C,0,-5.866561,0.09508415311574936,1.0,0.95169997215271
YCL025C,YGL210W,0,-5.8674116,0.0950751081109047,1.0,0.9517999887466431
YDL200C,YNL154C,0,-5.867732,0.09506607055664062,1.0,0.9519000053405762
YGR121C,YBL093C,0,-5.867819,0.09505703300237656,1.0,0.9520000219345093
YKL160W,YMR109W,0,-5.8681874,0.09504800289869308,1.0,0.9520999789237976
YHR072W,YHL020C,0,-5.8683004,0.09503896534442902,1.0,0.9521999955177307
YLR429W,YGR200C,0,-5.868333,0.09502993524074554,1.0,0.9523000121116638
YML118W,YJR145C,0,-5.8685665,0.09502090513706207,1.0,0.9524000287055969
YGR121C,YGR081C,0,-5.868665,0.0950118750333786,1.0,0.9524999856948853
YER107C,YPL218W,0,-5.8689976,0.09500285238027573,1.0,0.9526000022888184
YHL031C,YKR056W,0,-5.8696547,0.09499382227659225,1.0,0.9527000188827515
YOR142W,YHR204W,0,-5.8701773,0.09498479962348938,1.0,0.9527999758720398
YDR511W,YLR016C,0,-5.8703613,0.0949757844209671,1.0,0.9528999924659729
YCR012W,YBR283C,0,-5.870786,0.09496676176786423,1.0,0.953000009059906
YDR021W,YOR367W,0,-5.871046,0.09495774656534195,1.0,0.9531000256538391
YDR477W,YBL055C,0,-5.8711586,0.09494873136281967,1.0,0.9531999826431274
YHR088W,YLR425W,0,-5.8720555,0.0949397161602974,1.0,0.9532999992370605
YNL281W,YIL016W,0,-5.8734503,0.09493070095777512,1.0,0.9534000158309937
YBL056W,YML124C,0,-5.8738565,0.09492169320583344,1.0,0.953499972820282
YMR201C,YGR181W,0,-5.873926,0.09491267800331116,1.0,0.9535999894142151
YLR231C,YDR110W,0,-5.8744035,0.09490367025136948,1.0,0.9537000060081482
YER146W,YAR033W,0,-5.874775,0.09489466995000839,1.0,0.9538000226020813
YKR008W,YPL206C,0,-5.8764286,0.09488566219806671,1.0,0.9538999795913696
YPL060W,YKR057W,0,-5.876493,0.09487666189670563,1.0,0.9539999961853027
YGL099W,YDR129C,0,-5.8769274,0.09486766159534454,1.0,0.9541000127792358
YLR216C,YNL302C,0,-5.8770237,0.09485866129398346,1.0,0.954200029373169
YNL009W,YMR241W,0,-5.877576,0.09484966099262238,1.0,0.9542999863624573
YNL281W,YBR218C,0,-5.877643,0.09484066814184189,1.0,0.9544000029563904
YLR380W,YBL102W,0,-5.877778,0.0948316752910614,1.0,0.9545000195503235
YML110C,YDR172W,0,-5.8778925,0.09482268244028091,1.0,0.9545999765396118
YHL003C,YPL089C,0,-5.878074,0.09481368958950043,1.0,0.9546999931335449
YPL011C,YHR106W,0,-5.878543,0.09480470418930054,1.0,0.954800009727478
YKR068C,YBR083W,0,-5.8786364,0.09479571878910065,1.0,0.9549000263214111
YJL020C,YDR162C,0,-5.8786907,0.09478673338890076,1.0,0.9549999833106995
YGR214W,YFR003C,0,-5.8791413,0.09477774798870087,1.0,0.9550999999046326
YOR381W,YHR001W-A,0,-5.879202,0.09476876258850098,1.0,0.9552000164985657
YCL025C,YIL019W,0,-5.879771,0.09475978463888168,1.0,0.955299973487854
YPL262W,YNL082W,0,-5.8798156,0.09475080668926239,1.0,0.9553999900817871
YKL085W,YIR012W,0,-5.8804197,0.0947418287396431,1.0,0.9555000066757202
YNL326C,YHR135C,0,-5.880534,0.0947328507900238,1.0,0.9556000232696533
YGL020C,YER154W,0,-5.8809996,0.09472388029098511,1.0,0.9556999802589417
YKR067W,YBR049C,0,-5.882502,0.09471490979194641,1.0,0.9557999968528748
YJR052W,YDR023W,0,-5.8826694,0.09470593929290771,1.0,0.9559000134468079
YDR079W,YGR229C,0,-5.8829427,0.09469696879386902,1.0,0.9559999704360962
YBR247C,YDR276C,0,-5.8831806,0.09468800574541092,1.0,0.9560999870300293
YDR178W,YNR039C,0,-5.8834925,0.09467903524637222,1.0,0.9562000036239624
YFL048C,YDL128W,0,-5.883505,0.09467007219791412,1.0,0.9563000202178955
YMR038C,YAL030W,0,-5.8835597,0.09466111660003662,1.0,0.9563999772071838
YKR085C,YDL159W,0,-5.883879,0.09465215355157852,1.0,0.9564999938011169
YHR043C,YJR086W,0,-5.8841653,0.09464319795370102,1.0,0.95660001039505
YDR110W,YOR208W,0,-5.8846273,0.09463424235582352,1.0,0.9567000269889832
YLR103C,YMR225C,0,-5.8850665,0.09462528675794601,1.0,0.9567999839782715
YDR423C,YER148W,0,-5.886421,0.09461633116006851,1.0,0.9569000005722046
YPL221W,YNL151C,0,-5.8874993,0.0946073830127716,1.0,0.9570000171661377
YGL066W,YGL022W,0,-5.888017,0.0945984274148941,1.0,0.957099974155426
YLR080W,YGR275W,0,-5.8881063,0.0945894792675972,1.0,0.9571999907493591
YBR107C,YPL118W,0,-5.8885584,0.09458053857088089,1.0,0.9573000073432922
YBR288C,YMR041C,0,-5.8889666,0.09457159042358398,1.0,0.9574000239372253
YAL053W,YNR043W,0,-5.8903923,0.09456264972686768,1.0,0.9574999809265137
YGL087C,YFL026W,0,-5.8906336,0.09455370903015137,1.0,0.9575999975204468
YGL087C,YDL120W,0,-5.892452,0.09454476833343506,1.0,0.9577000141143799
YDR137W,YDL185W,0,-5.8926897,0.09453582763671875,1.0,0.9577999711036682
YKL029C,YKR085C,0,-5.8946543,0.09452689439058304,1.0,0.9578999876976013
YPL259C,YNR058W,0,-5.8955975,0.09451796114444733,1.0,0.9580000042915344
YOR257W,YGR193C,0,-5.8959546,0.09450902789831161,1.0,0.9581000208854675
YPR033C,YOR367W,0,-5.896443,0.0945000946521759,1.0,0.9581999778747559
YLR175W,YDL128W,0,-5.896586,0.09449116140604019,1.0,0.958299994468689
YGL256W,YHR024C,0,-5.8968043,0.09448223561048508,1.0,0.9584000110626221
YBR179C,YGR199W,0,-5.896936,0.09447330981492996,1.0,0.9585000276565552
YDL231C,YJL117W,0,-5.896968,0.09446438401937485,1.0,0.9585999846458435
YGL020C,YPR054W,0,-5.8971767,0.09445546567440033,1.0,0.9587000012397766
YAL038W,YOR257W,0,-5.8993273,0.09444653987884521,1.0,0.9588000178337097
YPL202C,YLR382C,0,-5.8998156,0.0944376215338707,1.0,0.958899974822998
YLR449W,YJR077C,0,-5.900202,0.09442870318889618,1.0,0.9589999914169312
YOR310C,YDL019C,0,-5.90077,0.09441979229450226,1.0,0.9591000080108643
YLR450W,YGR222W,0,-5.9007854,0.09441087394952774,1.0,0.9592000246047974
YGR199W,YBR154C,0,-5.9009857,0.09440196305513382,1.0,0.9592999815940857
YOL086C,YHR027C,0,-5.901599,0.0943930521607399,1.0,0.9593999981880188
YFR050C,YBR254C,0,-5.9017076,0.09438414126634598,1.0,0.9595000147819519
YPL159C,YKL196C,0,-5.9017334,0.09437523782253265,1.0,0.9595999717712402
YJR108W,YMR088C,0,-5.902152,0.09436632692813873,1.0,0.9596999883651733
YOR372C,YIR015W,0,-5.9028487,0.09435742348432541,1.0,0.9598000049591064
YJL003W,YDL060W,0,-5.9030433,0.09434852004051208,1.0,0.9599000215530396
YBR050C,YGR118W,0,-5.903769,0.09433962404727936,1.0,0.9599999785423279
YDL194W,YHR039C-A,0,-5.9048834,0.09433072060346603,1.0,0.960099995136261
YFL009W,YDR167W,0,-5.9051313,0.0943218246102333,1.0,0.9602000117301941
YKR046C,YLR340W,0,-5.9053154,0.09431292861700058,1.0,0.9603000283241272
YJR074W,YDR362C,0,-5.9055586,0.09430403262376785,1.0,0.9603999853134155
YGL003C,YNL135C,0,-5.906096,0.09429514408111572,1.0,0.9605000019073486
YBR142W,YDR027C,0,-5.9061403,0.09428625553846359,1.0,0.9606000185012817
YGR199W,YDL235C,0,-5.9069843,0.09427736699581146,1.0,0.9606999754905701
YLR078C,YBL056W,0,-5.9087534,0.09426847845315933,1.0,0.9607999920845032
YML114C,YMR203W,0,-5.9093003,0.0942595899105072,1.0,0.9609000086784363
YPL055C,YHR024C,0,-5.9095373,0.09425070881843567,1.0,0.9610000252723694
YMR058W,YOL110W,0,-5.9096284,0.09424182772636414,1.0,0.9610999822616577
YLR242C,YPL098C,0,-5.909647,0.0942329466342926,1.0,0.9611999988555908
YFR055W,YDR178W,0,-5.9100437,0.09422406554222107,1.0,0.9613000154495239
YNL049C,YLR079W,0,-5.9105887,0.09421518445014954,1.0,0.9613999724388123
YER036C,YNL242W,0,-5.9112544,0.0942063108086586,1.0,0.9614999890327454
YER035W,YDR189W,0,-5.911399,0.09419743716716766,1.0,0.9616000056266785
YCL040W,YCR072C,0,-5.9133983,0.09418856352567673,1.0,0.9617000222206116
YEL042W,YGR002C,0,-5.9146338,0.09417969733476639,1.0,0.9617999792098999
YDL155W,YJL167W,0,-5.914709,0.09417082369327545,1.0,0.961899995803833
YMR172W,YPL094C,0,-5.9147367,0.09416195750236511,1.0,0.9620000123977661
YNL326C,YLR181C,0,-5.9151983,0.09415309131145477,1.0,0.9621000289916992
YLR276C,YNL026W,0,-5.9165106,0.09414423257112503,1.0,0.9621999859809875
YKR067W,YDL225W,0,-5.9165154,0.09413536638021469,1.0,0.9623000025749207
YBR039W,YPL037C,0,-5.9169345,0.09412650763988495,1.0,0.9624000191688538
YLR332W,YDL065C,0,-5.917451,0.0941176488995552,1.0,0.9624999761581421
YDR011W,YMR149W,0,-5.9176598,0.09410879015922546,1.0,0.9625999927520752
YJL184W,YOL064C,0,-5.9177427,0.09409993141889572,1.0,0.9627000093460083
YPL270W,YHR069C,0,-5.918394,0.09409108012914658,1.0,0.9628000259399414
YCL035C,YLR025W,0,-5.918787,0.09408222883939743,1.0,0.9628999829292297
YGR142W,YKL196C,0,-5.9189634,0.09407337754964828,1.0,0.9629999995231628
YDR062W,YER112W,0,-5.9189744,0.09406452625989914,1.0,0.963100016117096
YMR234W,YNR047W,0,-5.9193788,0.09405568242073059,1.0,0.9631999731063843
YPL175W,YER024W,0,-5.919451,0.09404683858156204,1.0,0.9632999897003174
YHL002W,YGR082W,0,-5.919865,0.0940379947423935,1.0,0.9634000062942505
YHR183W,YMR322C,0,-5.9204226,0.09402915090322495,1.0,0.9635000228881836
YMR079W,YCL032W,0,-5.92089,0.0940203070640564,1.0,0.9635999798774719
YLR259C,YAR002W,0,-5.9214697,0.09401147067546844,1.0,0.963699996471405
YGR231C,YBR296C,0,-5.9218025,0.0940026342868805,1.0,0.9638000130653381
YDR174W,YFL005W,0,-5.9220576,0.09399379789829254,1.0,0.9639000296592712
YEL018W,YJR045C,0,-5.922602,0.09398496150970459,1.0,0.9639999866485596
YDR298C,YDL208W,0,-5.92353,0.09397613257169724,1.0,0.9641000032424927
YCR082W,YER154W,0,-5.923766,0.09396729618310928,1.0,0.9642000198364258
YHR120W,YDR077W,0,-5.9238567,0.09395846724510193,1.0,0.9642999768257141
YDR037W,YLR011W,0,-5.923858,0.09394964575767517,1.0,0.9643999934196472
YJL110C,YLR450W,0,-5.9241047,0.09394081681966782,1.0,0.9645000100135803
YDR153C,YBR199W,0,-5.924409,0.09393199533224106,1.0,0.9646000266075134
YKR003W,YLL011W,0,-5.9246454,0.0939231738448143,1.0,0.9646999835968018
YJR053W,YLR201C,0,-5.926856,0.09391435235738754,1.0,0.9648000001907349
YER025W,YBL102W,0,-5.927119,0.09390553086996078,1.0,0.964900016784668
YGR256W,YDR025W,0,-5.928597,0.09389671683311462,1.0,0.9649999737739563
YML031W,YDR178W,0,-5.929171,0.09388789534568787,1.0,0.9650999903678894
YDR148C,YMR112C,0,-5.9292593,0.0938790813088417,1.0,0.9652000069618225
YOL123W,YER024W,0,-5.929297,0.09387027472257614,1.0,0.9653000235557556
YDR101C,YEL066W,0,-5.9295883,0.09386146068572998,1.0,0.965399980545044
YDR382W,YJL048C,0,-5.9300594,0.09385265409946442,1.0,0.965499997138977
YNL188W,YJR059W,0,-5.930091,0.09384384751319885,1.0,0.9656000137329102
YMR041C,YNL302C,0,-5.9305,0.09383504092693329,1.0,0.9656999707221985
YER126C,YNL093W,0,-5.9305544,0.09382623434066772,1.0,0.9657999873161316
YAR002C-A,YDR485C,0,-5.9306803,0.09381742775440216,1.0,0.9659000039100647
YPL271W,YPR031W,0,-5.930863,0.0938086286187172,1.0,0.9660000205039978
YGL017W,YMR231W,0,-5.9312286,0.09379982948303223,1.0,0.9660999774932861
YER145C,YDR129C,0,-5.932042,0.09379103034734726,1.0,0.9661999940872192
YOL065C,YBR106W,0,-5.932906,0.09378223866224289,1.0,0.9663000106811523
YDL181W,YNL091W,0,-5.933046,0.09377344697713852,1.0,0.9664000272750854
YLR274W,YPL221W,0,-5.9347587,0.09376464784145355,1.0,0.9664999842643738
YBR102C,YKR065C,0,-5.9367895,0.09375585615634918,1.0,0.9666000008583069
YFR052W,YDL130W,0,-5.9376965,0.09374707192182541,1.0,0.96670001745224
YER088C,YGL061C,0,-5.9381456,0.09373828023672104,1.0,0.9667999744415283
YGR244C,YLR430W,0,-5.9391384,0.09372949600219727,1.0,0.9668999910354614
YOL158C,YKR095W,0,-5.939707,0.09372071176767349,1.0,0.9670000076293945
YMR043W,YKL080W,0,-5.940272,0.09371192753314972,1.0,0.9671000242233276
YNL223W,YJL179W,0,-5.940646,0.09370315074920654,1.0,0.967199981212616
YGR132C,YER116C,0,-5.942615,0.09369436651468277,1.0,0.9672999978065491
YOL038W,YNL209W,0,-5.9432898,0.0936855897307396,1.0,0.9674000144004822
YPR017C,YNR047W,0,-5.9433246,0.09367681294679642,1.0,0.9674999713897705
YDL153C,YER024W,0,-5.9436097,0.09366804361343384,1.0,0.9675999879837036
YDR214W,YDR303C,0,-5.944418,0.09365926682949066,1.0,0.9677000045776367
YBL020W,YGL227W,0,-5.9449167,0.09365049749612808,1.0,0.9678000211715698
YLR328W,YML061C,0,-5.944929,0.0936417281627655,1.0,0.9678999781608582
YLR295C,YOL115W,0,-5.9460826,0.09363295882940292,1.0,0.9679999947547913
YLR447C,YML007W,0,-5.9461913,0.09362418949604034,1.0,0.9681000113487244
YOR035C,YOR143C,0,-5.9466033,0.09361542761325836,1.0,0.9682000279426575
YPR008W,YPR100W,0,-5.9467216,0.09360666573047638,1.0,0.9682999849319458
YOR035C,YGR099W,0,-5.947877,0.0935979038476944,1.0,0.9684000015258789
YML116W,YHR152W,0,-5.948185,0.09358914196491241,1.0,0.968500018119812
YDR036C,YBL014C,0,-5.9486494,0.09358038753271103,1.0,0.9685999751091003
YKL054C,YOL026C,0,-5.9497223,0.09357162564992905,1.0,0.9686999917030334
YMR201C,YER005W,0,-5.9503613,0.09356287121772766,1.0,0.9688000082969666
YDR231C,YER145C,0,-5.950742,0.09355412423610687,1.0,0.9689000248908997
YIR023W,YGR143W,0,-5.950985,0.09354536980390549,1.0,0.968999981880188
YHR181W,YIL008W,0,-5.9510503,0.0935366228222847,1.0,0.9690999984741211
YGR157W,YDL208W,0,-5.9518623,0.09352786839008331,1.0,0.9692000150680542
YNL232W,YHR190W,0,-5.9528236,0.09351912140846252,1.0,0.9692999720573425
YOR310C,YDR529C,0,-5.9528294,0.09351038187742233,1.0,0.9693999886512756
YML099C,YJL091C,0,-5.9541655,0.09350163489580154,1.0,0.9695000052452087
YBR002C,YNL294C,0,-5.9545865,0.09349289536476135,1.0,0.9696000218391418
YAL051W,YBL039C,0,-5.954816,0.09348415583372116,1.0,0.9696999788284302
YOL044W,YGL049C,0,-5.955485,0.09347541630268097,1.0,0.9697999954223633
YOL038W,YBR154C,0,-5.95614,0.09346667677164078,1.0,0.9699000120162964
YPL237W,YIL017C,0,-5.9566607,0.09345794469118118,1.0,0.9700000286102295
YGL155W,YER083C,0,-5.956996,0.09344921261072159,1.0,0.9700999855995178
YGR267C,YML124C,0,-5.9581413,0.093440480530262,1.0,0.9702000021934509
YLR025W,YGR172C,0,-5.958368,0.0934317484498024,1.0,0.970300018787384
YLR080W,YPR041W,0,-5.9588566,0.0934230163693428,1.0,0.9703999757766724
YBR086C,YOR115C,0,-5.959135,0.0934142917394638,1.0,0.9704999923706055
YGL195W,YMR302C,0,-5.960592,0.09340556710958481,1.0,0.9706000089645386
YNL302C,YPL206C,0,-5.9606724,0.09339684247970581,1.0,0.9707000255584717
YKL001C,YGR183C,0,-5.9607487,0.09338811784982681,1.0,0.97079998254776
YER009W,YGL037C,0,-5.961276,0.09337940067052841,1.0,0.9708999991416931
YPR073C,YDR487C,0,-5.96289,0.09337068349123001,1.0,0.9710000157356262
YKL016C,YBR049C,0,-5.9632835,0.09336196631193161,1.0,0.9710999727249146
YDR158W,YOL126C,0,-5.9650702,0.09335324913263321,1.0,0.9711999893188477
YOL139C,YPL120W,0,-5.9671764,0.09334453195333481,1.0,0.9713000059127808
YGR244C,YOR212W,0,-5.967226,0.093335822224617,1.0,0.9714000225067139
YKR085C,YOR003W,0,-5.967312,0.0933271124958992,1.0,0.9714999794960022
YOR316C,YOR145C,0,-5.9674845,0.0933184027671814,1.0,0.9715999960899353
YFR028C,YNL136W,0,-5.969929,0.09330969303846359,1.0,0.9717000126838684
YER073W,YOR142W,0,-5.971493,0.09330099076032639,1.0,0.9718000292778015
YFR014C,YLL008W,0,-5.972302,0.09329228103160858,1.0,0.9718999862670898
YHR041C,YMR302C,0,-5.9724765,0.09328357875347137,1.0,0.972000002861023
YOL060C,YOL127W,0,-5.9736094,0.09327488392591476,1.0,0.972100019454956
YGR246C,YMR143W,0,-5.9749665,0.09326618164777756,1.0,0.9721999764442444
YML080W,YER053C,0,-5.9760723,0.09325748682022095,1.0,0.9722999930381775
YNL294C,YDR175C,0,-5.9764347,0.09324878454208374,1.0,0.9724000096321106
YLL050C,YDR081C,0,-5.9767666,0.09324008971452713,1.0,0.9725000262260437
YOR206W,YNL160W,0,-5.976947,0.09323140233755112,1.0,0.972599983215332
YLR153C,YHR206W,0,-5.9776754,0.0932227075099945,1.0,0.9726999998092651
YPL012W,YJR126C,0,-5.978093,0.0932140201330185,1.0,0.9728000164031982
YGL099W,YPR100W,0,-5.9783216,0.09320533275604248,1.0,0.9728999733924866
YCL040W,YGR081C,0,-5.9789124,0.09319664537906647,1.0,0.9729999899864197
YJL146W,YGL145W,0,-5.9804926,0.09318795800209045,1.0,0.9731000065803528
YPL060W,YOL040C,0,-5.980944,0.09317927807569504,1.0,0.9732000231742859
YPR165W,YPR088C,0,-5.9827147,0.09317059814929962,1.0,0.9732999801635742
YPL101W,YOR035C,0,-5.983406,0.0931619182229042,1.0,0.9733999967575073
YOR316C,YHR088W,0,-5.983573,0.09315323829650879,1.0,0.9735000133514404
YBR265W,YBR165W,0,-5.983665,0.09314455837011337,1.0,0.9735999703407288
YCL031C,YDL217C,0,-5.98367,0.09313588589429855,1.0,0.9736999869346619
YPL015C,YER022W,0,-5.983868,0.09312721341848373,1.0,0.973800003528595
YPR113W,YJL048C,0,-5.984228,0.09311854094266891,1.0,0.9739000201225281
YPR100W,YER007W,0,-5.984642,0.0931098684668541,1.0,0.9739999771118164
YNL073W,YGR159C,0,-5.984928,0.09310120344161987,1.0,0.9740999937057495
YGL219C,YOR207C,0,-5.98503,0.09309253096580505,1.0,0.9742000102996826
YOR361C,YDR247W,0,-5.985064,0.09308386594057083,1.0,0.9743000268936157
YAL012W,YDR005C,0,-5.9856625,0.0930752083659172,1.0,0.974399983882904
YOL124C,YDR470C,0,-5.986588,0.09306654334068298,1.0,0.9745000004768372
YJL042W,YMR214W,0,-5.9869947,0.09305787831544876,1.0,0.9746000170707703
YOL149W,YJR137C,0,-5.987361,0.09304922074079514,1.0,0.9746999740600586
YLR170C,YGL112C,0,-5.987405,0.09304056316614151,1.0,0.9747999906539917
YCL035C,YJR002W,0,-5.987747,0.09303191304206848,1.0,0.9749000072479248
YNL261W,YPL057C,0,-5.988523,0.09302325546741486,1.0,0.9750000238418579
YMR145C,YCR053W,0,-5.9885445,0.09301460534334183,1.0,0.9750999808311462
YDR436W,YPR137W,0,-5.989167,0.0930059552192688,1.0,0.9751999974250793
YOL065C,YNL110C,0,-5.990494,0.09299730509519577,1.0,0.9753000140190125
YBL098W,YPR025C,0,-5.990497,0.09298865497112274,1.0,0.9753999710083008
YNL166C,YDR158W,0,-5.99086,0.09298001229763031,1.0,0.9754999876022339
YNL061W,YFR003C,0,-5.9936743,0.09297136217355728,1.0,0.975600004196167
YML074C,YLR097C,0,-5.993719,0.09296271950006485,1.0,0.9757000207901001
YMR068W,YOR187W,0,-5.9956617,0.09295408427715302,1.0,0.9757999777793884
YNL136W,YHR031C,0,-5.9957666,0.09294544160366058,1.0,0.9758999943733215
YPR161C,YML028W,0,-5.9977303,0.09293680638074875,1.0,0.9760000109672546
YNL030W,YBR196C,0,-5.998287,0.09292816370725632,1.0,0.9761000275611877
YGL126W,YLR105C,0,-6.0020294,0.09291952848434448,1.0,0.9761999845504761
YDR297W,YER093C,0,-6.002147,0.09291090071201324,1.0,0.9763000011444092
YLR355C,YDR145W,0,-6.0022764,0.09290226548910141,1.0,0.9764000177383423
YDR414C,YOL110W,0,-6.002361,0.09289363771677017,1.0,0.9764999747276306
YKR067W,YNL016W,0,-6.0025253,0.09288500994443893,1.0,0.9765999913215637
YLR229C,YOL059W,0,-6.0030284,0.0928763821721077,1.0,0.9767000079154968
YER016W,YBR021W,0,-6.0030737,0.09286775439977646,1.0,0.9768000245094299
YLR293C,YDR265W,0,-6.004206,0.09285913407802582,1.0,0.9768999814987183
YJR077C,YNL221C,0,-6.005527,0.09285051375627518,1.0,0.9769999980926514
YLR449W,YGR010W,0,-6.006049,0.09284189343452454,1.0,0.9771000146865845
YNL098C,YGR211W,0,-6.009136,0.0928332731127739,1.0,0.9771999716758728
YML012W,YJR049C,0,-6.009428,0.09282465279102325,1.0,0.9772999882698059
YGL143C,YDL111C,0,-6.009841,0.09281603991985321,1.0,0.977400004863739
YKL062W,YOL124C,0,-6.0116725,0.09280742704868317,1.0,0.9775000214576721
YKL016C,YML121W,0,-6.013108,0.09279881417751312,1.0,0.9775999784469604
YNL164C,YLL006W,0,-6.01313,0.09279020130634308,1.0,0.9776999950408936
YNL149C,YLR354C,0,-6.013505,0.09278158843517303,1.0,0.9778000116348267
YHR190W,YGR095C,0,-6.0144925,0.09277298301458359,1.0,0.9779000282287598
YKR024C,YBR024W,0,-6.0146503,0.09276437759399414,1.0,0.9779999852180481
YOR079C,YLL041C,0,-6.0154305,0.0927557721734047,1.0,0.9781000018119812
YPL204W,YMR188C,0,-6.0161924,0.09274717420339584,1.0,0.9782000184059143
YHR077C,YDR178W,0,-6.0182047,0.0927385687828064,1.0,0.9782999753952026
YHR148W,YGR143W,0,-6.01894,0.09272997081279755,1.0,0.9783999919891357
YER035W,YDR158W,0,-6.0207534,0.0927213728427887,1.0,0.9785000085830688
YOL126C,YDR189W,0,-6.024048,0.09271277487277985,1.0,0.978600025177002
YPL271W,YMR047C,0,-6.024191,0.09270418435335159,1.0,0.9786999821662903
YJR077C,YDR245W,0,-6.0260615,0.09269558638334274,1.0,0.9787999987602234
YEL054C,YOL113W,0,-6.0269995,0.09268699586391449,1.0,0.9789000153541565
YML093W,YGR281W,0,-6.0333996,0.09267840534448624,1.0,0.9789999723434448
YBL030C,YPR163C,0,-6.034845,0.09266981482505798,1.0,0.9790999889373779
YER009W,YAR035W,0,-6.035218,0.09266123175621033,1.0,0.979200005531311
YDR101C,YJR004C,0,-6.0353346,0.09265264868736267,1.0,0.9793000221252441
YIL034C,YOR241W,0,-6.0354347,0.09264405816793442,1.0,0.9793999791145325
YDR284C,YMR016C,0,-6.0355206,0.09263548254966736,1.0,0.9794999957084656
YOR362C,YHR065C,0,-6.035623,0.0926268994808197,1.0,0.9796000123023987
YPL015C,YCR009C,0,-6.0362883,0.09261831641197205,1.0,0.9797000288963318
YLR390W-A,YPL237W,0,-6.0364394,0.09260974079370499,1.0,0.9797999858856201
YNL199C,YML013W,0,-6.0374136,0.09260116517543793,1.0,0.9799000024795532
YBR185C,YKL012W,0,-6.038407,0.09259258955717087,1.0,0.9800000190734863
YOL038W,YDR311W,0,-6.038526,0.0925840213894844,1.0,0.9800999760627747
YER146W,YJR103W,0,-6.0388618,0.09257544577121735,1.0,0.9801999926567078
YPR103W,YPL193W,0,-6.040737,0.09256687760353088,1.0,0.9803000092506409
YJL112W,YHR021C,0,-6.041304,0.09255830943584442,1.0,0.980400025844574
YMR068W,YMR235C,0,-6.0418935,0.09254974871873856,1.0,0.9804999828338623
YOR005C,YBR171W,0,-6.043829,0.0925411805510521,1.0,0.9805999994277954
YAL031C,YGR181W,0,-6.045255,0.09253261983394623,1.0,0.9807000160217285
YDR148C,YPR161C,0,-6.0481315,0.09252405911684036,1.0,0.9807999730110168
YOR354C,YOR007C,0,-6.0500865,0.0925154983997345,1.0,0.98089998960495
YPR008W,YBR037C,0,-6.0513697,0.09250693768262863,1.0,0.9810000061988831
YKL001C,YDR145W,0,-6.0516825,0.09249838441610336,1.0,0.9811000227928162
YOR304W,YHR086W,0,-6.0518074,0.0924898236989975,1.0,0.9811999797821045
YIR023W,YEL024W,0,-6.052497,0.09248127043247223,1.0,0.9812999963760376
YNL055C,YKR079C,0,-6.05307,0.09247271716594696,1.0,0.9814000129699707
YML073C,YJR049C,0,-6.053614,0.09246417135000229,1.0,0.9815000295639038
YKL016C,YOR254C,0,-6.054286,0.09245561808347702,1.0,0.9815999865531921
YGR246C,YGL030W,0,-6.055232,0.09244707226753235,1.0,0.9817000031471252
YKR039W,YEL026W,0,-6.0585375,0.09243852645158768,1.0,0.9818000197410583
YOL026C,YML007W,0,-6.0588465,0.092429980635643,1.0,0.9818999767303467
YDL088C,YMR264W,0,-6.0589566,0.09242144227027893,1.0,0.9819999933242798
YDR148C,YKL143W,0,-6.061244,0.09241290390491486,1.0,0.9821000099182129
YMR235C,YML013W,0,-6.0612698,0.09240435808897018,1.0,0.982200026512146
YDL065C,YBR283C,0,-6.0619645,0.0923958271741867,1.0,0.9822999835014343
YML110C,YOL021C,0,-6.0639887,0.09238728880882263,1.0,0.9824000000953674
YIL044C,YDL004W,0,-6.0639896,0.09237875044345856,1.0,0.9825000166893005
YDR361C,YBR024W,0,-6.065419,0.09237021952867508,1.0,0.9825999736785889
YBR059C,YPL244C,0,-6.0676947,0.0923616886138916,1.0,0.982699990272522
YNL280C,YFL018C,0,-6.0687227,0.09235315769910812,1.0,0.9828000068664551
YNL055C,YKL014C,0,-6.0691986,0.09234462678432465,1.0,0.9829000234603882
YJR078W,YDR419W,0,-6.070517,0.09233610332012177,1.0,0.9829999804496765
YLR276C,YMR156C,0,-6.0744314,0.09232757985591888,1.0,0.9830999970436096
YNL225C,YJL052W,0,-6.0745707,0.092319056391716,1.0,0.9832000136375427
YNL199C,YOR332W,0,-6.0773783,0.09231053292751312,1.0,0.983299970626831
YOL003C,YNR046W,0,-6.0778055,0.09230200946331024,1.0,0.9833999872207642
YOL100W,YDL081C,0,-6.078906,0.09229349344968796,1.0,0.9835000038146973
YBR068C,YOR362C,0,-6.080348,0.09228497743606567,1.0,0.9836000204086304
YER105C,YJR021C,0,-6.0806313,0.09227646142244339,1.0,0.9836999773979187
YEL009C,YOR073W,0,-6.080861,0.0922679454088211,1.0,0.9837999939918518
YMR039C,YNR039C,0,-6.0822153,0.09225943684577942,1.0,0.9839000105857849
YOR187W,YIL008W,0,-6.0835357,0.09225092083215714,1.0,0.984000027179718
YHR170W,YEL060C,0,-6.0836267,0.09224241226911545,1.0,0.9840999841690063
YMR042W,YKL195W,0,-6.0859995,0.09223390370607376,1.0,0.9842000007629395
YGR249W,YNL099C,0,-6.0863075,0.09222540259361267,1.0,0.9843000173568726
YDR069C,YHR167W,0,-6.0877676,0.09221689403057098,1.0,0.9843999743461609
YKL205W,YGL038C,0,-6.087821,0.0922083929181099,1.0,0.984499990940094
YML110C,YDL031W,0,-6.087941,0.0921998918056488,1.0,0.9846000075340271
YMR319C,YAL016W,0,-6.090802,0.09219139069318771,1.0,0.9847000241279602
YGR206W,YPL131W,0,-6.0913925,0.09218288958072662,1.0,0.9847999811172485
YIL142W,YJR077C,0,-6.0917263,0.09217439591884613,1.0,0.9848999977111816
YER017C,YNL264C,0,-6.0923214,0.09216590225696564,1.0,0.9850000143051147
YLR127C,YKR053C,0,-6.0925474,0.09215740114450455,1.0,0.9850999712944031
YBR059C,YPL126W,0,-6.0939035,0.09214891493320465,1.0,0.9851999878883362
YJL198W,YEL060C,0,-6.0951366,0.09214042127132416,1.0,0.9853000044822693
YDR087C,YBR037C,0,-6.0958548,0.09213193506002426,1.0,0.9854000210762024
YLR459W,YPL193W,0,-6.0960636,0.09212344884872437,1.0,0.9854999780654907
YBL052C,YJR104C,0,-6.0961237,0.09211496263742447,1.0,0.9855999946594238
YBL024W,YJR059W,0,-6.096338,0.09210647642612457,1.0,0.9857000112533569
YMR083W,YGR002C,0,-6.096588,0.09209799021482468,1.0,0.98580002784729
YJL201W,YOL026C,0,-6.0970755,0.09208951145410538,1.0,0.9858999848365784
YHR169W,YGR028W,0,-6.1001425,0.09208103269338608,1.0,0.9860000014305115
YOR115C,YDR486C,0,-6.100583,0.09207255393266678,1.0,0.9861000180244446
YKL114C,YMR041C,0,-6.1007633,0.09206407517194748,1.0,0.9861999750137329
YDL078C,YLR340W,0,-6.1025276,0.09205560386180878,1.0,0.986299991607666
YDR036C,YBR103W,0,-6.103563,0.09204712510108948,1.0,0.9864000082015991
YMR109W,YGR275W,0,-6.1042457,0.09203865379095078,1.0,0.9865000247955322
YDR069C,YHR062C,0,-6.104288,0.09203018248081207,1.0,0.9865999817848206
YDR005C,YDR260C,0,-6.105233,0.09202171862125397,1.0,0.9866999983787537
YBR257W,YGR180C,0,-6.106453,0.09201324731111526,1.0,0.9868000149726868
YDR517W,YDR045C,0,-6.10773,0.09200478345155716,1.0,0.9868999719619751
YDR101C,YOL110W,0,-6.1077843,0.09199631959199905,1.0,0.9869999885559082
YDR221W,YLR298C,0,-6.1092496,0.09198785573244095,1.0,0.9871000051498413
YLR028C,YER002W,0,-6.1160784,0.09197939932346344,1.0,0.9872000217437744
YNL015W,YOL125W,0,-6.1163626,0.09197093546390533,1.0,0.9872999787330627
YDR178W,YGL112C,0,-6.117814,0.09196247905492783,1.0,0.9873999953269958
YPR100W,YGR094W,0,-6.118221,0.09195402264595032,1.0,0.987500011920929
YER003C,YBR165W,0,-6.119092,0.09194556623697281,1.0,0.9876000285148621
YLR097C,YJL104W,0,-6.1208777,0.0919371172785759,1.0,0.9876999855041504
YBR288C,YFR033C,0,-6.1241484,0.09192866086959839,1.0,0.9878000020980835
YCL011C,YBL030C,0,-6.125816,0.09192021191120148,1.0,0.9879000186920166
YDR260C,YOR256C,0,-6.128146,0.09191176295280457,1.0,0.9879999756813049
YBL015W,YGR128C,0,-6.1292253,0.09190331399440765,1.0,0.988099992275238
YDL014W,YKL141W,0,-6.129654,0.09189487248659134,1.0,0.9882000088691711
YDL111C,YAL030W,0,-6.129945,0.09188643097877502,1.0,0.9883000254631042
YOR207C,YMR054W,0,-6.1331053,0.09187798947095871,1.0,0.9883999824523926
YGR229C,YOR054C,0,-6.133892,0.0918695479631424,1.0,0.9884999990463257
YFL009W,YLR023C,0,-6.1353593,0.09186110645532608,1.0,0.9886000156402588
YDR153C,YKR067W,0,-6.137147,0.09185266494750977,1.0,0.9886999726295471
YGR158C,YDL230W,0,-6.1374083,0.09184423089027405,1.0,0.9887999892234802
YAL031C,YPL129W,0,-6.1381497,0.09183579683303833,1.0,0.9889000058174133
YKL004W,YIL033C,0,-6.1398263,0.09182736277580261,1.0,0.9890000224113464
YEL063C,YDR284C,0,-6.1443563,0.09181893616914749,1.0,0.9890999794006348
YKL114C,YLR370C,0,-6.1446867,0.09181050211191177,1.0,0.9891999959945679
YDR069C,YBR048W,0,-6.1459775,0.09180207550525665,1.0,0.989300012588501
YJL010C,YKR014C,0,-6.147465,0.09179364889860153,1.0,0.9894000291824341
YDL113C,YMR142C,0,-6.1483135,0.09178522229194641,1.0,0.9894999861717224
YOL065C,YLL034C,0,-6.1483364,0.09177679568529129,1.0,0.9896000027656555
YDR005C,YGL111W,0,-6.153925,0.09176837652921677,1.0,0.9897000193595886
YDR036C,YMR039C,0,-6.1548853,0.09175995737314224,1.0,0.989799976348877
YDR511W,YDR303C,0,-6.15933,0.09175153821706772,1.0,0.9898999929428101
YER146W,YBL102W,0,-6.16059,0.0917431190609932,1.0,0.9900000095367432
YER021W,YKR057W,0,-6.1606045,0.09173469990491867,1.0,0.9901000261306763
YDL111C,YKL126W,0,-6.1620235,0.09172628819942474,1.0,0.9901999831199646
YER119C,YBL024W,0,-6.1632433,0.09171787649393082,1.0,0.9902999997138977
YKL197C,YPL237W,0,-6.1645045,0.09170946478843689,1.0,0.9904000163078308
YLR293C,YNL073W,0,-6.165667,0.09170105308294296,1.0,0.9904999732971191
YFL018C,YER049W,0,-6.1657357,0.09169264882802963,1.0,0.9905999898910522
YJL201W,YLR254C,0,-6.1659245,0.0916842371225357,1.0,0.9907000064849854
YKL062W,YGR116W,0,-6.1660094,0.09167583286762238,1.0,0.9908000230789185
YOL060C,YPL094C,0,-6.1716566,0.09166742861270905,1.0,0.9908999800682068
YDR037W,YGR132C,0,-6.1737313,0.09165903180837631,1.0,0.9909999966621399
YMR072W,YLR335W,0,-6.1754937,0.09165062755346298,1.0,0.991100013256073
YOR241W,YHR135C,0,-6.1771564,0.09164223074913025,1.0,0.9911999702453613
YOL110W,YMR260C,0,-6.1775837,0.09163383394479752,1.0,0.9912999868392944
YER006W,YJR044C,0,-6.177635,0.09162543714046478,1.0,0.9914000034332275
YIL033C,YJL061W,0,-6.1792307,0.09161704033613205,1.0,0.9915000200271606
YCR075C,YDR045C,0,-6.1808496,0.09160865098237991,1.0,0.991599977016449
YPR154W,YBR154C,0,-6.182683,0.09160025417804718,1.0,0.9916999936103821
YLR100W,YBR060C,0,-6.184205,0.09159186482429504,1.0,0.9918000102043152
YDR121W,YJL048C,0,-6.1868386,0.09158347547054291,1.0,0.9919000267982483
YOR257W,YMR129W,0,-6.188555,0.09157509356737137,1.0,0.9919999837875366
YDL230W,YGL171W,0,-6.1901436,0.09156670421361923,1.0,0.9921000003814697
YDL074C,YLL006W,0,-6.1989613,0.09155832231044769,1.0,0.9922000169754028
YAL030W,YER148W,0,-6.2038436,0.09154994040727615,1.0,0.9922999739646912
YOL082W,YDL036C,0,-6.203882,0.09154155850410461,1.0,0.9923999905586243
YGR083C,YKL062W,0,-6.2086883,0.09153318405151367,1.0,0.9925000071525574
YBR106W,YLR240W,0,-6.2088466,0.09152480214834213,1.0,0.9926000237464905
YER053C,YGR162W,0,-6.2143793,0.09151642769575119,1.0,0.9926999807357788
YKL192C,YBR293W,0,-6.218162,0.09150805324316025,1.0,0.9927999973297119
YLR450W,YJL011C,0,-6.2193995,0.0914996787905693,1.0,0.992900013923645
YOR036W,YEL026W,0,-6.225834,0.09149131178855896,1.0,0.9929999709129333
YER119C,YPL237W,0,-6.2291155,0.09148293733596802,1.0,0.9930999875068665
YNL099C,YOR087W,0,-6.2349925,0.09147457033395767,1.0,0.9932000041007996
YML124C,YML007W,0,-6.2361093,0.09146620333194733,1.0,0.9933000206947327
YML051W,YDL051W,0,-6.236904,0.09145783632993698,1.0,0.993399977684021
YGL143C,YBR257W,0,-6.239237,0.09144947677850723,1.0,0.9934999942779541
YNL223W,YGR214W,0,-6.240387,0.09144110977649689,1.0,0.9936000108718872
YHR072W,YJL048C,0,-6.240914,0.09143275022506714,1.0,0.9937000274658203
YCR091W,YBR106W,0,-6.2419643,0.09142439067363739,1.0,0.9937999844551086
YOR035C,YER029C,0,-6.25257,0.09141603112220764,1.0,0.9939000010490417
YBR086C,YKR042W,0,-6.253217,0.09140767902135849,1.0,0.9940000176429749
YJR103W,YMR093W,0,-6.253623,0.09139932692050934,1.0,0.9940999746322632
YOR079C,YLR090W,0,-6.25622,0.09139096736907959,1.0,0.9941999912261963
YGR191W,YML028W,0,-6.2648563,0.09138262271881104,1.0,0.9943000078201294
YDR091C,YMR197C,0,-6.265945,0.09137427061796188,1.0,0.9944000244140625
YBR085W,YJL048C,0,-6.267978,0.09136591851711273,1.0,0.9944999814033508
YDL036C,YDR178W,0,-6.274374,0.09135757386684418,1.0,0.9945999979972839
YGL191W,YCL031C,0,-6.2759037,0.09134922921657562,1.0,0.994700014591217
YIL114C,YOR007C,0,-6.276414,0.09134088456630707,1.0,0.9947999715805054
YLR175W,YGR132C,0,-6.2814875,0.09133253991603851,1.0,0.9948999881744385
YML081C-A,YDL074C,0,-6.287185,0.09132420271635056,1.0,0.9950000047683716
YGL256W,YGR231C,0,-6.288986,0.091315858066082,1.0,0.9951000213623047
YDL078C,YNL129W,0,-6.289853,0.09130752086639404,1.0,0.995199978351593
YDR231C,YHR170W,0,-6.2925944,0.09129919111728668,1.0,0.9952999949455261
YNL099C,YPL214C,0,-6.2943277,0.09129085391759872,1.0,0.9954000115394592
YBL016W,YOR117W,0,-6.294381,0.09128251671791077,1.0,0.9955000281333923
YNL062C,YKL148C,0,-6.294422,0.0912741869688034,1.0,0.9955999851226807
YLR133W,YDR120C,0,-6.295828,0.09126585721969604,1.0,0.9957000017166138
YMR290C,YBR280C,0,-6.297839,0.09125752747058868,1.0,0.9958000183105469
YNL071W,YOR361C,0,-6.299449,0.09124920517206192,1.0,0.9958999752998352
YLR206W,YLR409C,0,-6.29951,0.09124087542295456,1.0,0.9959999918937683
YDL004W,YDL031W,0,-6.3077683,0.0912325531244278,1.0,0.9961000084877014
YER146W,YOL129W,0,-6.3079176,0.09122423082590103,1.0,0.9962000250816345
YGL038C,YCR053W,0,-6.308514,0.09121590852737427,1.0,0.9962999820709229
YDR148C,YKR025W,0,-6.320058,0.0912075862288475,1.0,0.996399998664856
YER009W,YJR049C,0,-6.3203735,0.09119927138090134,1.0,0.9965000152587891
YML012W,YDR145W,0,-6.321869,0.09119095653295517,1.0,0.9965999722480774
YJL124C,YIL042C,0,-6.3229136,0.091182641685009,1.0,0.9966999888420105
YOR221C,YPL243W,0,-6.3234344,0.09117432683706284,1.0,0.9968000054359436
YBL099W,YDR198C,0,-6.324623,0.09116601198911667,1.0,0.9969000220298767
YML004C,YJL010C,0,-6.327298,0.0911577045917511,1.0,0.996999979019165
YOR361C,YBR169C,0,-6.331291,0.09114939719438553,1.0,0.9970999956130981
YOR386W,YPL212C,0,-6.3363523,0.09114108979701996,1.0,0.9972000122070312
YNL199C,YOL143C,0,-6.3409157,0.09113278239965439,1.0,0.9973000288009644
YOL077C,YKR067W,0,-6.34577,0.09112447500228882,1.0,0.9973999857902527
YGL087C,YHR133C,0,-6.3563304,0.09111617505550385,1.0,0.9975000023841858
YMR068W,YMR079W,0,-6.357664,0.09110787510871887,1.0,0.9976000189781189
YER036C,YBL030C,0,-6.3641133,0.0910995751619339,1.0,0.9976999759674072
YNL268W,YDR477W,0,-6.368676,0.09109127521514893,1.0,0.9977999925613403
YGL037C,YIR012W,0,-6.378093,0.09108297526836395,1.0,0.9979000091552734
YBR015C,YBL041W,0,-6.3924084,0.09107468277215958,1.0,0.9980000257492065
YDR298C,YGL211W,0,-6.3931727,0.0910663902759552,1.0,0.9980999827384949
YHR056C,YGL252C,0,-6.3959575,0.09105809777975082,1.0,0.998199999332428
YDL078C,YMR235C,0,-6.3988647,0.09104980528354645,1.0,0.9983000159263611
YNL223W,YLR175W,0,-6.399475,0.09104151278734207,1.0,0.9983999729156494
YGR195W,YJR126C,0,-6.413781,0.09103322774171829,1.0,0.9984999895095825
YHR074W,YIL008W,0,-6.4238367,0.09102494269609451,1.0,0.9986000061035156
YDR513W,YJL198W,0,-6.435406,0.09101665765047073,1.0,0.9987000226974487
YKL193C,YHR066W,0,-6.4360204,0.09100837260484695,1.0,0.9987999796867371
YPL218W,YDR103W,0,-6.4367,0.09100008755922318,1.0,0.9988999962806702
YGL191W,YJL198W,0,-6.4435368,0.09099180996417999,1.0,0.9990000128746033
YKR026C,YGL038C,0,-6.4497795,0.09098353236913681,1.0,0.9991000294685364
YDR529C,YHR084W,0,-6.4592314,0.09097525477409363,1.0,0.9991999864578247
YGR264C,YPL203W,0,-6.4838653,0.09096697717905045,1.0,0.9993000030517578
YDR045C,YJL048C,0,-6.486722,0.09095870703458786,1.0,0.9994000196456909
YDR148C,YBR082C,0,-6.5067377,0.09095042943954468,1.0,0.9994999766349792
YPL262W,YKL196C,0,-6.520724,0.09094215929508209,1.0,0.9995999932289124
YMR309C,YDR059C,0,-6.5449557,0.0909338891506195,1.0,0.9997000098228455
YKR067W,YLR292C,0,-6.550753,0.09092562645673752,1.0,0.9998000264167786
YML046W,YKL148C,0,-6.57061,0.09091735631227493,1.0,0.9998999834060669
YBL024W,YPL123C,0,-6.6209188,0.09090909361839294,1.0,1.0
