Gene A,Gene B,Label,Score,Precision,Recall,False Positive Rate
YDR156W,YOR341W,0,-4.455975,0.0,0.0,9.999999747378752e-05
YDL036C,YCL054W,1,-4.560612,0.5,0.0010000000474974513,9.999999747378752e-05
YHR148W,YDL036C,1,-4.567965,0.6666666865348816,0.0020000000949949026,9.999999747378752e-05
YDL036C,YLR197W,1,-4.5805717,0.75,0.003000000026077032,9.999999747378752e-05
YBR072W,YLR337C,0,-4.629453,0.6000000238418579,0.003000000026077032,0.00019999999494757503
YBR155W,YGL078C,0,-4.6352596,0.5,0.003000000026077032,0.0003000000142492354
YBR072W,YNL239W,0,-4.637563,0.4285714328289032,0.003000000026077032,0.00039999998989515007
YBR084W,YBL024W,1,-4.6496005,0.5,0.004000000189989805,0.00039999998989515007
YBR084W,YDL036C,1,-4.653493,0.5555555820465088,0.004999999888241291,0.00039999998989515007
YBR084W,YBR061C,1,-4.6632757,0.6000000238418579,0.006000000052154064,0.00039999998989515007
YHR148W,YBR084W,1,-4.665857,0.6363636255264282,0.007000000216066837,0.00039999998989515007
YLR074C,YKR079C,0,-4.6660275,0.5833333134651184,0.007000000216066837,0.0005000000237487257
YGR060W,YBR240C,0,-4.6674767,0.5384615659713745,0.007000000216066837,0.0006000000284984708
YBR072W,YPL060W,0,-4.675383,0.5,0.007000000216066837,0.000699999975040555
YNL164C,YMR229C,0,-4.680512,0.46666666865348816,0.007000000216066837,0.0007999999797903001
YBL047C,YGL227W,0,-4.69828,0.4375,0.007000000216066837,0.0008999999845400453
YNR038W,YER110C,0,-4.7024,0.4117647111415863,0.007000000216066837,0.0010000000474974513
YCL054W,YBR061C,1,-4.7083163,0.4444444477558136,0.00800000037997961,0.0010000000474974513
YGR200C,YJL125C,1,-4.7195263,0.4736842215061188,0.008999999612569809,0.0010000000474974513
YOR310C,YDL036C,1,-4.72,0.5,0.009999999776482582,0.0010000000474974513
YOR317W,YPL124W,0,-4.7206626,0.4761904776096344,0.009999999776482582,0.0010999999940395355
YBR155W,YKL172W,0,-4.7272153,0.4545454680919647,0.009999999776482582,0.0012000000569969416
YPR135W,YPL209C,0,-4.729612,0.43478259444236755,0.009999999776482582,0.0013000000035390258
YGR200C,YBR084W,1,-4.737076,0.4583333432674408,0.010999999940395355,0.0013000000035390258
YIL119C,YAR009C,0,-4.7427807,0.4399999976158142,0.010999999940395355,0.00139999995008111
YPL267W,YMR190C,0,-4.744731,0.42307692766189575,0.010999999940395355,0.001500000013038516
YJL125C,YER127W,1,-4.749232,0.4444444477558136,0.012000000104308128,0.001500000013038516
YHR094C,YGL249W,0,-4.759012,0.4285714328289032,0.012000000104308128,0.0015999999595806003
YHR075C,YBR097W,0,-4.759951,0.4137931168079376,0.012000000104308128,0.0017000000225380063
YOL110W,YLL040C,0,-4.762874,0.4000000059604645,0.012000000104308128,0.0017999999690800905
YNL062C,YCL054W,1,-4.772653,0.4193548262119293,0.013000000268220901,0.0017999999690800905
YHR187W,YBR084W,1,-4.773956,0.4375,0.014000000432133675,0.0017999999690800905
YDL243C,YBL100W-A,0,-4.77476,0.42424243688583374,0.014000000432133675,0.0019000000320374966
YFL056C,YGL062W,0,-4.77626,0.4117647111415863,0.014000000432133675,0.0020000000949949026
YNL071W,YCL033C,0,-4.7803273,0.4000000059604645,0.014000000432133675,0.002099999925121665
YBR084W,YOL125W,1,-4.787268,0.4166666567325592,0.014999999664723873,0.002099999925121665
YHR148W,YDR165W,1,-4.7879605,0.4324324429035187,0.01600000075995922,0.002099999925121665
YLR401C,YDL036C,1,-4.7918463,0.44736841320991516,0.017000000923871994,0.002099999925121665
YGL143C,YEL020W-A,0,-4.793921,0.43589743971824646,0.017000000923871994,0.002199999988079071
YGR200C,YNL075W,1,-4.797365,0.44999998807907104,0.017999999225139618,0.002199999988079071
YHR148W,YBR061C,1,-4.797577,0.46341463923454285,0.01899999938905239,0.002199999988079071
YGR200C,YHR148W,1,-4.798025,0.4761904776096344,0.019999999552965164,0.002199999988079071
YHR187W,YDL112W,1,-4.7984858,0.4883720874786377,0.020999999716877937,0.002199999988079071
YDR142C,YJL113W,0,-4.8014474,0.47727271914482117,0.020999999716877937,0.002300000051036477
YBR072W,YCR077C,0,-4.802792,0.46666666865348816,0.020999999716877937,0.002400000113993883
YMR048W,YNL206C,0,-4.8111167,0.45652174949645996,0.020999999716877937,0.0024999999441206455
YGL247W,YLR263W,0,-4.8115335,0.44680851697921753,0.020999999716877937,0.0026000000070780516
YJL125C,YBR061C,1,-4.8181314,0.4583333432674408,0.02199999988079071,0.0026000000070780516
YPR055W,YLR396C,0,-4.8199925,0.44897958636283875,0.02199999988079071,0.0027000000700354576
YER168C,YMR312W,1,-4.8226075,0.46000000834465027,0.023000000044703484,0.0027000000700354576
YIR023W,YLR263W,0,-4.8250256,0.45098039507865906,0.023000000044703484,0.00279999990016222
YJL168C,YGL255W,0,-4.8275695,0.4423076808452606,0.023000000044703484,0.002899999963119626
YLR175W,YDL036C,1,-4.8282475,0.4528301954269409,0.024000000208616257,0.002899999963119626
YER168C,YPL212C,1,-4.828892,0.46296295523643494,0.02500000037252903,0.002899999963119626
YBL024W,YDL036C,1,-4.8296657,0.4727272689342499,0.026000000536441803,0.002899999963119626
YGL206C,YNL025C,0,-4.8314576,0.4642857015132904,0.026000000536441803,0.003000000026077032
YGR112W,YGR248W,0,-4.832413,0.45614033937454224,0.026000000536441803,0.003100000089034438
YNL256W,YDR346C,0,-4.8351316,0.4482758641242981,0.026000000536441803,0.0031999999191612005
YKL178C,YHR214C-B,0,-4.8374295,0.4406779706478119,0.026000000536441803,0.0032999999821186066
YML058W-A,YML064C,0,-4.8378835,0.4333333373069763,0.026000000536441803,0.0034000000450760126
YDL209C,YPR143W,0,-4.8397527,0.4262295067310333,0.026000000536441803,0.0035000001080334187
YLR214W,YLR205C,0,-4.8416066,0.4193548262119293,0.026000000536441803,0.003599999938160181
YFL011W,YLL041C,0,-4.8440075,0.4126984179019928,0.026000000536441803,0.003700000001117587
YJL125C,YBR084W,1,-4.8450313,0.421875,0.027000000700354576,0.003700000001117587
YBR084W,YDL201W,1,-4.8490586,0.4307692348957062,0.02800000086426735,0.003700000001117587
YBR010W,YPL116W,0,-4.851207,0.42424243688583374,0.02800000086426735,0.003800000064074993
YNL062C,YGR169C,1,-4.852637,0.43283581733703613,0.028999999165534973,0.003800000064074993
YHR187W,YER127W,1,-4.853337,0.44117647409439087,0.029999999329447746,0.003800000064074993
YER168C,YDL112W,1,-4.8535557,0.4492753744125366,0.03099999949336052,0.003800000064074993
YGR140W,YPL124W,0,-4.8541102,0.44285714626312256,0.03099999949336052,0.0038999998942017555
YGR060W,YJL113W,0,-4.855917,0.43661972880363464,0.03099999949336052,0.004000000189989805
YKL172W,YJL087C,0,-4.855944,0.4305555522441864,0.03099999949336052,0.004100000020116568
YDR219C,YEL041W,0,-4.8559966,0.42465752363204956,0.03099999949336052,0.00419999985024333
YBL014C,YCR102C,0,-4.856911,0.4189189076423645,0.03099999949336052,0.00430000014603138
YMR303C,YIL160C,0,-4.8581605,0.41333332657814026,0.03099999949336052,0.004399999976158142
YJL125C,YDL036C,1,-4.859707,0.42105263471603394,0.03200000151991844,0.004399999976158142
YDR280W,YMR093W,0,-4.859828,0.41558441519737244,0.03200000151991844,0.0044999998062849045
YER168C,YLR197W,1,-4.8712564,0.42307692766189575,0.032999999821186066,0.0044999998062849045
YER045C,YER180C-A,0,-4.871267,0.4177215099334717,0.032999999821186066,0.004600000102072954
YPL006W,YOL122C,0,-4.8722844,0.4124999940395355,0.032999999821186066,0.004699999932199717
YER127W,YGL232W,1,-4.8723626,0.4197530746459961,0.03400000184774399,0.004699999932199717
YNL307C,YFL037W,0,-4.8736033,0.4146341383457184,0.03400000184774399,0.004800000227987766
YLL043W,YJR029W,0,-4.8739495,0.40963855385780334,0.03400000184774399,0.004900000058114529
YBL015W,YHR016C,0,-4.8742805,0.4047619104385376,0.03400000184774399,0.004999999888241291
YLR397C,YGR128C,0,-4.875084,0.4000000059604645,0.03400000184774399,0.005100000184029341
YML058W-A,YOR334W,0,-4.8766317,0.39534884691238403,0.03400000184774399,0.005200000014156103
YGR218W,YLR275W,0,-4.8772316,0.39080458879470825,0.03400000184774399,0.0052999998442828655
YGR169C,YGL232W,1,-4.877324,0.39772728085517883,0.03500000014901161,0.0052999998442828655
YLR197W,YBR061C,1,-4.878401,0.40449437499046326,0.035999998450279236,0.0052999998442828655
YIL128W,YOR341W,0,-4.8812175,0.4000000059604645,0.035999998450279236,0.005400000140070915
YGR200C,YOL125W,1,-4.8813567,0.4065934121608734,0.03700000047683716,0.005400000140070915
YDL208W,YDL036C,1,-4.881569,0.41304346919059753,0.03799999877810478,0.005400000140070915
YML058W-A,YGL137W,0,-4.8822875,0.40860214829444885,0.03799999877810478,0.005499999970197678
YBR084W,YNR046W,1,-4.884072,0.41489362716674805,0.039000000804662704,0.005499999970197678
YOR193W,YHR214C-B,0,-4.884206,0.410526305437088,0.039000000804662704,0.00559999980032444
YNL062C,YNL075W,1,-4.8850436,0.4166666567325592,0.03999999910593033,0.00559999980032444
YBR084W,YDR165W,1,-4.8872385,0.42268040776252747,0.04100000113248825,0.00559999980032444
YLR401C,YGR200C,1,-4.887693,0.4285714328289032,0.041999999433755875,0.00559999980032444
YNL113W,YML024W,0,-4.890698,0.42424243688583374,0.041999999433755875,0.00570000009611249
YLR401C,YBR084W,1,-4.8923616,0.4300000071525574,0.0430000014603138,0.00570000009611249
YPL181W,YKL070W,0,-4.8933067,0.42574256658554077,0.0430000014603138,0.005799999926239252
YHR148W,YDL112W,1,-4.894018,0.4313725531101227,0.04399999976158142,0.005799999926239252
YOR243C,YDL036C,1,-4.897199,0.43689319491386414,0.04500000178813934,0.005799999926239252
YPL209C,YLR277C,0,-4.9020243,0.4326923191547394,0.04500000178813934,0.005900000222027302
YER168C,YPL101W,1,-4.9047217,0.43809524178504944,0.04600000008940697,0.005900000222027302
YKR024C,YMR290C,0,-4.907409,0.43396225571632385,0.04600000008940697,0.006000000052154064
YER180C-A,YOR132W,0,-4.907482,0.42990654706954956,0.04600000008940697,0.006099999882280827
YLR107W,YCL005W-A,0,-4.908587,0.42592594027519226,0.04600000008940697,0.006200000178068876
YHR164C,YMR207C,0,-4.9118905,0.4220183491706848,0.04600000008940697,0.006300000008195639
YBR008C,YCR102C,0,-4.9133515,0.41818180680274963,0.04600000008940697,0.006399999838322401
YPL086C,YDL201W,1,-4.913358,0.4234234094619751,0.04699999839067459,0.006399999838322401
YMR312W,YOR310C,1,-4.9145975,0.4285714328289032,0.04800000041723251,0.006399999838322401
YNL062C,YHR148W,1,-4.9152207,0.4336283206939697,0.04899999871850014,0.006399999838322401
YER168C,YOR310C,1,-4.916721,0.4385964870452881,0.05000000074505806,0.006399999838322401
YDL149W,YMR273C,0,-4.917145,0.43478259444236755,0.05000000074505806,0.006500000134110451
YGR089W,YOR338W,0,-4.9177685,0.43103447556495667,0.05000000074505806,0.006599999964237213
YOR221C,YGR080W,0,-4.9193187,0.4273504316806793,0.05000000074505806,0.0066999997943639755
YPL132W,YBR183W,0,-4.9198966,0.4237288236618042,0.05000000074505806,0.006800000090152025
YNL075W,YDL036C,1,-4.9225583,0.4285714328289032,0.050999999046325684,0.006800000090152025
YBL071W-A,YBR084W,1,-4.923948,0.4333333373069763,0.052000001072883606,0.006800000090152025
YOR136W,YKL053C-A,0,-4.9246373,0.42975205183029175,0.052000001072883606,0.006899999920278788
YGR089W,YJL069C,0,-4.9252453,0.4262295067310333,0.052000001072883606,0.007000000216066837
YNL075W,YOR310C,1,-4.9262605,0.43089431524276733,0.05299999937415123,0.007000000216066837
YGR197C,YDR170W-A,0,-4.9273305,0.42741936445236206,0.05299999937415123,0.0071000000461936
YAL053W,YGR258C,0,-4.928162,0.42399999499320984,0.05299999937415123,0.007199999876320362
YGR200C,YBR061C,1,-4.928887,0.4285714328289032,0.05400000140070915,0.007199999876320362
YDL036C,YBR061C,1,-4.9298644,0.4330708682537079,0.054999999701976776,0.007199999876320362
YLR405W,YGL232W,1,-4.930819,0.4375,0.0560000017285347,0.007199999876320362
YBL024W,YDR165W,1,-4.932509,0.44186046719551086,0.05700000002980232,0.007199999876320362
YOR159C,YOR088W,0,-4.935434,0.4384615421295166,0.05700000002980232,0.007300000172108412
YLR401C,YBL024W,1,-4.935784,0.442748099565506,0.057999998331069946,0.007300000172108412
YBR084W,YDL112W,1,-4.9373727,0.4469696879386902,0.05900000035762787,0.007300000172108412
YOR310C,YNR046W,1,-4.939442,0.451127827167511,0.05999999865889549,0.007300000172108412
YDR219C,YDR485C,0,-4.939577,0.447761207818985,0.05999999865889549,0.007400000002235174
YLR117C,YBR100W,0,-4.941779,0.4444444477558136,0.05999999865889549,0.007499999832361937
YOR149C,YDR170W-A,0,-4.941914,0.44117647409439087,0.05999999865889549,0.007600000128149986
YNL062C,YJL125C,1,-4.9420524,0.44525548815727234,0.061000000685453415,0.007600000128149986
YGL124C,YJR120W,0,-4.943892,0.4420289993286133,0.061000000685453415,0.007699999958276749
YBR244W,YMR069W,0,-4.944656,0.43884891271591187,0.061000000685453415,0.007799999788403511
YBR233W-A,YCR020C,0,-4.944946,0.4357142746448517,0.061000000685453415,0.007899999618530273
YDR329C,YJL113W,0,-4.9452896,0.43262410163879395,0.061000000685453415,0.00800000037997961
YGR183C,YLL041C,0,-4.945726,0.42957746982574463,0.061000000685453415,0.008100000210106373
YKL191W,YDL109C,0,-4.9473586,0.42657342553138733,0.061000000685453415,0.008200000040233135
YFL035C,YNL317W,0,-4.948551,0.4236111044883728,0.061000000685453415,0.008299999870359898
YOL065C,YGR296W,0,-4.9493413,0.4206896424293518,0.061000000685453415,0.00839999970048666
YER127W,YBR084W,1,-4.9509773,0.42465752363204956,0.06199999898672104,0.00839999970048666
YML024W,YOR287C,0,-4.9514275,0.4217686951160431,0.06199999898672104,0.008500000461935997
YHR166C,YER171W,0,-4.952109,0.4189189076423645,0.06199999898672104,0.00860000029206276
YML058W-A,YGL207W,0,-4.952999,0.4161073863506317,0.06199999898672104,0.008700000122189522
YKL176C,YDR170W-A,0,-4.953359,0.41333332657814026,0.06199999898672104,0.008799999952316284
YPR162C,YBL075C,0,-4.953423,0.41059601306915283,0.06199999898672104,0.008899999782443047
YJL034W,YAR044W,0,-4.953837,0.40789473056793213,0.06199999898672104,0.008999999612569809
YKL110C,YBR084W,1,-4.9555974,0.4117647111415863,0.06300000101327896,0.008999999612569809
YAL047C,YCL062W,0,-4.9558043,0.40909090638160706,0.06300000101327896,0.009100000374019146
YPR008W,YFL035C-A,0,-4.9575396,0.40645161271095276,0.06300000101327896,0.009200000204145908
YHR075C,YKL034W,0,-4.958131,0.4038461446762085,0.06300000101327896,0.00930000003427267
YGL251C,YBR090C-A,0,-4.958404,0.4012738764286041,0.06300000101327896,0.009399999864399433
YGR169C,YDL201W,1,-4.958842,0.40506330132484436,0.06400000303983688,0.009399999864399433
YML058W-A,YNL302C,0,-4.959294,0.402515709400177,0.06400000303983688,0.009499999694526196
YBR072W,YOR045W,0,-4.9601398,0.4000000059604645,0.06400000303983688,0.009600000455975533
YCL054W,YNR046W,1,-4.960151,0.4037266969680786,0.06499999761581421,0.009600000455975533
YKL110C,YGL232W,1,-4.9606576,0.40740740299224854,0.06599999964237213,0.009600000455975533
YNL062C,YGL232W,1,-4.961307,0.4110429584980011,0.06700000166893005,0.009600000455975533
YLR160C,YIL077C,0,-4.961861,0.4085365831851959,0.06700000166893005,0.009700000286102295
YGR088W,YOR032C,0,-4.962336,0.4060606062412262,0.06700000166893005,0.009800000116229057
YER127W,YOL093W,1,-4.962564,0.40963855385780334,0.06800000369548798,0.009800000116229057
YER127W,YBL024W,1,-4.9635015,0.413173645734787,0.0689999982714653,0.009800000116229057
YDR314C,YJL113W,0,-4.964573,0.4107142984867096,0.0689999982714653,0.00989999994635582
YMR025W,YBR214W,0,-4.96463,0.4082840383052826,0.0689999982714653,0.009999999776482582
YLR391W-A,YLR150W,0,-4.9654393,0.4058823585510254,0.0689999982714653,0.010099999606609344
YOR156C,YMR273C,0,-4.965469,0.4035087823867798,0.0689999982714653,0.010200000368058681
YER127W,YCL054W,1,-4.9658446,0.40697672963142395,0.07000000029802322,0.010200000368058681
YOR349W,YKR089C,0,-4.966161,0.4046242833137512,0.07000000029802322,0.010300000198185444
YNL075W,YBR061C,1,-4.9665284,0.4080459773540497,0.07100000232458115,0.010300000198185444
YFL035C-A,YLR150W,0,-4.96707,0.4057142734527588,0.07100000232458115,0.010400000028312206
YMR015C,YCL074W,0,-4.967277,0.40340909361839294,0.07100000232458115,0.010499999858438969
YNL206C,YGR274C,0,-4.9677796,0.40112993121147156,0.07100000232458115,0.010599999688565731
YFL035C,YOR088W,0,-4.968205,0.3988763988018036,0.07100000232458115,0.010700000450015068
YNL128W,YIL080W,0,-4.9682145,0.3966480493545532,0.07100000232458115,0.01080000028014183
YDR407C,YDR131C,0,-4.9689326,0.39444443583488464,0.07100000232458115,0.010900000110268593
YNL278W,YBR100W,0,-4.969458,0.3922652006149292,0.07100000232458115,0.010999999940395355
YEL066W,YMR046C,0,-4.9694867,0.3901098966598511,0.07100000232458115,0.011099999770522118
YLR370C,YCR080W,0,-4.9695015,0.38797813653945923,0.07100000232458115,0.01119999960064888
YML040W,YPR158W-A,0,-4.969785,0.385869562625885,0.07100000232458115,0.011300000362098217
YBR133C,YGR027W-B,0,-4.9697957,0.3837837874889374,0.07100000232458115,0.01140000019222498
YMR175W,YDR210C-D,0,-4.9703135,0.3817204236984253,0.07100000232458115,0.011500000022351742
YMR220W,YGR161C-C,0,-4.9704094,0.3796791434288025,0.07100000232458115,0.011599999852478504
YOR014W,YDR210C-D,0,-4.9704185,0.3776595890522003,0.07100000232458115,0.011699999682605267
YGR230W,YFL035C,0,-4.9704366,0.37566137313842773,0.07100000232458115,0.011800000444054604
YPL193W,YOR088W,0,-4.970723,0.37368419766426086,0.07100000232458115,0.011900000274181366
YLR227W-B,YOL103W-B,0,-4.9708047,0.37172773480415344,0.07100000232458115,0.012000000104308128
YMR043W,YFL002W-B,0,-4.970968,0.3697916567325592,0.07100000232458115,0.01209999993443489
YPL258C,YDR210C-D,0,-4.9711804,0.3678756356239319,0.07100000232458115,0.012199999764561653
YMR014W,YGL016W,0,-4.971234,0.3659793734550476,0.07100000232458115,0.012299999594688416
YIL106W,YOR343W-B,0,-4.971796,0.3641025722026825,0.07100000232458115,0.012400000356137753
YPR008W,YPR137C-B,0,-4.9720798,0.3622449040412903,0.07100000232458115,0.012500000186264515
YIL160C,YGR161C-D,0,-4.972488,0.3604061007499695,0.07100000232458115,0.012600000016391277
YJL021C,YOR204W,0,-4.972654,0.3585858643054962,0.07100000232458115,0.01269999984651804
YPL269W,YGR161C-D,0,-4.972819,0.356783926486969,0.07100000232458115,0.012799999676644802
YOR260W,YDR316W-B,0,-4.97351,0.35499998927116394,0.07100000232458115,0.012900000438094139
YMR255W,YPR137C-B,0,-4.9735913,0.35323384404182434,0.07100000232458115,0.013000000268220901
YAL056W,YBL005W-B,0,-4.9739547,0.35148516297340393,0.07100000232458115,0.013100000098347664
YKR024C,YGR027W-A,0,-4.9739594,0.3497537076473236,0.07100000232458115,0.013199999928474426
YLR157C-B,YLR410W-B,0,-4.9742055,0.3480392098426819,0.07100000232458115,0.013299999758601189
YOR226C,YOR129C,0,-4.9744034,0.34634146094322205,0.07100000232458115,0.013399999588727951
YER036C,YGR027W-B,0,-4.974551,0.3446601927280426,0.07100000232458115,0.013500000350177288
YBR110W,YGR027W-B,0,-4.974773,0.34299516677856445,0.07100000232458115,0.01360000018030405
YCR028C-A,YAR044W,0,-4.9748836,0.3413461446762085,0.07100000232458115,0.013700000010430813
YCL012W,YIL072W,0,-4.9753976,0.339712917804718,0.07100000232458115,0.013799999840557575
YMR303C,YFR040W,0,-4.9757257,0.3380952477455139,0.07100000232458115,0.013899999670684338
YJL099W,YFL002W-B,0,-4.975777,0.3364928960800171,0.07100000232458115,0.014000000432133675
YDR023W,YDR261W-A,0,-4.975868,0.3349056541919708,0.07100000232458115,0.014100000262260437
YKL081W,YDR261W-A,0,-4.975868,0.3333333432674408,0.07100000232458115,0.0142000000923872
YFR055W,YPL157W,0,-4.975874,0.3317756950855255,0.07100000232458115,0.014299999922513962
YIL128W,YER159C-A,0,-4.976162,0.33023256063461304,0.07100000232458115,0.014399999752640724
YOR030W,YOR192C-B,0,-4.9762416,0.32870370149612427,0.07100000232458115,0.014499999582767487
YCL060C,YBL017C,0,-4.976324,0.3271889388561249,0.07100000232458115,0.014600000344216824
YNL062C,YDL036C,1,-4.976359,0.3302752375602722,0.07199999690055847,0.014600000344216824
YNL075W,YCL054W,1,-4.97658,0.3333333432674408,0.0729999989271164,0.014600000344216824
YDR376W,YHR138C,0,-4.976603,0.33181819319725037,0.0729999989271164,0.014700000174343586
YFL049W,YPL283C,0,-4.9771094,0.3303167521953583,0.0729999989271164,0.014800000004470348
YER162C,YOL103W-B,0,-4.977841,0.3288288414478302,0.0729999989271164,0.01489999983459711
YBR100W,YDL195W,0,-4.9779315,0.3273542523384094,0.0729999989271164,0.014999999664723873
YOL104C,YMR046C,0,-4.978233,0.3258928656578064,0.0729999989271164,0.01510000042617321
YLR377C,YAR044W,0,-4.9785147,0.324444442987442,0.0729999989271164,0.015200000256299973
YOL061W,YDR210C-C,0,-4.978621,0.32300883531570435,0.0729999989271164,0.015300000086426735
YCL054W,YOL093W,1,-4.9786267,0.3259911835193634,0.07400000095367432,0.015300000086426735
YKL143W,YER137C-A,0,-4.9786696,0.3245614171028137,0.07400000095367432,0.015399999916553497
YMR229C,YGR027W-A,0,-4.9789095,0.3231441080570221,0.07400000095367432,0.01549999974668026
YBR109C,YDR261C-D,0,-4.9789696,0.321739137172699,0.07400000095367432,0.015599999576807022
YNR038W,YGR027W-A,0,-4.979154,0.32034632563591003,0.07400000095367432,0.015699999406933784
YOL063C,YPR158C-C,0,-4.9791665,0.31896552443504333,0.07400000095367432,0.015799999237060547
YGL124C,YDR244W,0,-4.9793344,0.31759655475616455,0.07400000095367432,0.01590000092983246
YGR133W,YDR261C-D,0,-4.9794574,0.3162393271923065,0.07400000095367432,0.01600000075995922
YHR160C,YLR410W-B,0,-4.979484,0.31489360332489014,0.07400000095367432,0.016100000590085983
YHR196W,YLR157C-B,0,-4.979551,0.31355932354927063,0.07400000095367432,0.016200000420212746
YBR198C,YPR158W-A,0,-4.9796844,0.3122362792491913,0.07400000095367432,0.016300000250339508
YOR033C,YOR142W-B,0,-4.9799523,0.31092438101768494,0.07400000095367432,0.01640000008046627
YNL075W,YBR084W,1,-4.9799905,0.31380751729011536,0.07500000298023224,0.01640000008046627
YDL130W-A,YFL002W-B,0,-4.980019,0.3125,0.07500000298023224,0.016499999910593033
YJL100W,YDR316W-A,0,-4.980113,0.31120333075523376,0.07500000298023224,0.016599999740719795
YBR026C,YOR343W-B,0,-4.980113,0.3099173605442047,0.07500000298023224,0.016699999570846558
YDL109C,YGR161C-D,0,-4.9801536,0.3086419701576233,0.07500000298023224,0.01679999940097332
YEL016C,YPR158W-A,0,-4.98037,0.30737704038619995,0.07500000298023224,0.016899999231100082
YNR054C,YHL009W-B,0,-4.9805,0.30612245202064514,0.07500000298023224,0.017000000923871994
YFR014C,YOR343W-B,0,-4.9809194,0.3048780560493469,0.07500000298023224,0.017100000753998756
YNL222W,YPL122C,0,-4.9811387,0.30364373326301575,0.07500000298023224,0.01720000058412552
YAL017W,YPL276W,0,-4.9811587,0.30241936445236206,0.07500000298023224,0.01730000041425228
YOL142W,YOR004W,0,-4.98117,0.3012048304080963,0.07500000298023224,0.017400000244379044
YBR092C,YER137C-A,0,-4.981255,0.30000001192092896,0.07500000298023224,0.017500000074505806
YOR106W,YOR142W-A,0,-4.981364,0.29880478978157043,0.07500000298023224,0.01759999990463257
YNL154C,YER159C-A,0,-4.9814754,0.2976190447807312,0.07500000298023224,0.01769999973475933
YOL117W,YNL284C-B,0,-4.9815726,0.2964426875114441,0.07500000298023224,0.017799999564886093
YDR394W,YPR137C-B,0,-4.9817014,0.29527559876441956,0.07500000298023224,0.017899999395012856
YKL021C,YOR192C-A,0,-4.9817667,0.29411765933036804,0.07500000298023224,0.017999999225139618
YKL152C,YER159C-A,0,-4.9817667,0.29296875,0.07500000298023224,0.01810000091791153
YLR175W,YBR084W,1,-4.981993,0.29571983218193054,0.07599999755620956,0.01810000091791153
YGR224W,YHR079C-B,0,-4.982697,0.2945736348628998,0.07599999755620956,0.018200000748038292
YBR061C,YDR165W,1,-4.9828925,0.29729729890823364,0.07699999958276749,0.018200000748038292
YMR055C,YOL103W-A,0,-4.9835906,0.29615384340286255,0.07699999958276749,0.018300000578165054
YCR080W,YCL032W,0,-4.9837484,0.29501914978027344,0.07699999958276749,0.018400000408291817
YFL011W,YIL153W,0,-4.983752,0.29389312863349915,0.07699999958276749,0.01850000023841858
YDL115C,YDR034C-C,0,-4.98383,0.2927756607532501,0.07699999958276749,0.01860000006854534
YFL039C,YOR343W-B,0,-4.9841475,0.2916666567325592,0.07699999958276749,0.018699999898672104
YOL017W,YPL257W-A,0,-4.9841733,0.29056602716445923,0.07699999958276749,0.018799999728798866
YDR179C,YGR038C-B,0,-4.98419,0.28947368264198303,0.07699999958276749,0.01889999955892563
YJR019C,YGR027W-B,0,-4.984216,0.28838950395584106,0.07699999958276749,0.01899999938905239
YDL147W,YOL103W-B,0,-4.984321,0.28731343150138855,0.07699999958276749,0.019099999219179153
YCR094W,YDR098C-A,0,-4.984374,0.28624534606933594,0.07699999958276749,0.019200000911951065
YDR228C,YGR027W-A,0,-4.984409,0.28518518805503845,0.07699999958276749,0.019300000742077827
YOR049C,YJL114W,0,-4.984691,0.28413283824920654,0.07699999958276749,0.01940000057220459
YPL151C,YNL054W-B,0,-4.9847035,0.28308823704719543,0.07699999958276749,0.019500000402331352
YCR073C,YPR137C-B,0,-4.9848104,0.28205129504203796,0.07699999958276749,0.019600000232458115
YFR009W,YOR343W-B,0,-4.984838,0.2810218930244446,0.07699999958276749,0.019700000062584877
YMR312W,YCL054W,1,-4.9850116,0.2836363613605499,0.07800000160932541,0.019700000062584877
YNL172W,YCL020W,0,-4.985416,0.28260868787765503,0.07800000160932541,0.01979999989271164
YLR157C-B,YNL054W-A,0,-4.9854527,0.28158843517303467,0.07800000160932541,0.019899999722838402
YDR395W,YDR098C-A,0,-4.985593,0.28057554364204407,0.07800000160932541,0.019999999552965164
YNL166C,YDR210W-B,0,-4.9857173,0.2795698940753937,0.07800000160932541,0.020099999383091927
YJR002W,YER137C-A,0,-4.9857364,0.2785714268684387,0.07800000160932541,0.02019999921321869
YGL180W,YDL038C,0,-4.985769,0.2775800824165344,0.07800000160932541,0.0203000009059906
YDL207W,YOL103W-B,0,-4.9858437,0.27659574151039124,0.07800000160932541,0.020400000736117363
YKL152C,YGR027W-A,0,-4.986041,0.27561837434768677,0.07800000160932541,0.020500000566244125
YDR085C,YNL036W,0,-4.986113,0.27464789152145386,0.07800000160932541,0.020600000396370888
YLR431C,YDR261C-D,0,-4.986597,0.27368420362472534,0.07800000160932541,0.02070000022649765
YPL211W,YHL009W-B,0,-4.986597,0.27272728085517883,0.07800000160932541,0.020800000056624413
YPL171C,YJL113W,0,-4.986686,0.2717770040035248,0.07800000160932541,0.020899999886751175
YGR209C,YLR410W-A,0,-4.986691,0.2708333432674408,0.07800000160932541,0.020999999716877937
YDR260C,YOR192C-A,0,-4.987102,0.26989617943763733,0.07800000160932541,0.0210999995470047
YER168C,YNL075W,1,-4.987148,0.27241379022598267,0.07900000363588333,0.0210999995470047
YAR015W,YDR261W-A,0,-4.987392,0.27147766947746277,0.07900000363588333,0.021199999377131462
YFL035C,YGR162W,0,-4.987411,0.2705479562282562,0.07900000363588333,0.021299999207258224
YDR038C,YNL250W,0,-4.987662,0.2696245610713959,0.07900000363588333,0.021400000900030136
YDR419W,YDR261C-C,0,-4.987863,0.2687074840068817,0.07900000363588333,0.0215000007301569
YHR196W,YOR142W-A,0,-4.9878845,0.2677966058254242,0.07900000363588333,0.02160000056028366
YER127W,YBR061C,1,-4.9880714,0.2702702581882477,0.07999999821186066,0.02160000056028366
YOL113W,YOR142W-A,0,-4.9883585,0.2693602740764618,0.07999999821186066,0.021700000390410423
YJR155W,YIL066C,0,-4.98839,0.268456369638443,0.07999999821186066,0.021800000220537186
YDR231C,YGR109W-A,0,-4.9886127,0.2675585150718689,0.07999999821186066,0.021900000050663948
YDR461W,YER137C-A,0,-4.988924,0.2666666805744171,0.07999999821186066,0.02199999988079071
YER089C,YOR338W,0,-4.988979,0.2657807171344757,0.07999999821186066,0.022099999710917473
YPR175W,YLR410W-A,0,-4.9892855,0.26490065455436707,0.07999999821186066,0.022199999541044235
YFR004W,YDR170W-A,0,-4.9893675,0.264026403427124,0.07999999821186066,0.022299999371170998
YML112W,YNL222W,0,-4.9894876,0.2631579041481018,0.07999999821186066,0.02239999920129776
YOR237W,YNL284C-B,0,-4.989534,0.26229506731033325,0.07999999821186066,0.02250000089406967
YBR193C,YOR192C-A,0,-4.989545,0.26143792271614075,0.07999999821186066,0.022600000724196434
YEL022W,YOL103W-B,0,-4.989857,0.26058632135391235,0.07999999821186066,0.022700000554323196
YFL011W-A,YMR038C,0,-4.989904,0.25974026322364807,0.07999999821186066,0.02280000038444996
YPL240C,YDR210C-C,0,-4.9900985,0.2588996887207031,0.07999999821186066,0.02290000021457672
YPR073C,YGR161W-B,0,-4.990534,0.25806450843811035,0.07999999821186066,0.023000000044703484
YGR267C,YDR261C-C,0,-4.9907393,0.25723472237586975,0.07999999821186066,0.023099999874830246
YDR195W,YDR210W-B,0,-4.99086,0.25641027092933655,0.07999999821186066,0.02319999970495701
YCL060C,YPL192C,0,-4.9909797,0.2555910646915436,0.07999999821186066,0.02329999953508377
YLR378C,YLR256W-A,0,-4.9910436,0.25477707386016846,0.07999999821186066,0.023399999365210533
YKL056C,YER137C-A,0,-4.991266,0.2539682686328888,0.07999999821186066,0.023499999195337296
YOR329C,YNL284C-B,0,-4.991352,0.2531645596027374,0.07999999821186066,0.023600000888109207
YHR005C,YIL046W,0,-4.991387,0.25236591696739197,0.07999999821186066,0.02370000071823597
YDR227W,YBL100W-A,0,-4.992048,0.2515723407268524,0.07999999821186066,0.023800000548362732
YNL102W,YDR210C-C,0,-4.9923058,0.2507837116718292,0.07999999821186066,0.023900000378489494
YHR068W,YER159C-A,0,-4.9924674,0.25,0.07999999821186066,0.024000000208616257
YGL233W,YGR161C-C,0,-4.99248,0.24922119081020355,0.07999999821186066,0.02410000003874302
YBR110W,YOR192C-A,0,-4.9925303,0.2484472095966339,0.07999999821186066,0.02419999986886978
YJL095W,YGR038C-A,0,-4.9925303,0.2476780116558075,0.07999999821186066,0.024299999698996544
YMR219W,YKL200C,0,-4.9928718,0.2469135820865631,0.07999999821186066,0.024399999529123306
YJL101C,YGR027W-A,0,-4.992959,0.2461538463830948,0.07999999821186066,0.02449999935925007
YLL043W,YDR261C-C,0,-4.993224,0.24539877474308014,0.07999999821186066,0.02459999918937683
YER169W,YAR044W,0,-4.993396,0.24464832246303558,0.07999999821186066,0.024700000882148743
YOL064C,YOR142W-A,0,-4.9934382,0.24390244483947754,0.07999999821186066,0.024800000712275505
YGL247W,YDR261W-A,0,-4.994014,0.24316109716892242,0.07999999821186066,0.024900000542402267
YDL201W,YDR165W,1,-4.994077,0.2454545497894287,0.08100000023841858,0.024900000542402267
YKR083C,YDR316W-A,0,-4.994215,0.24471299350261688,0.08100000023841858,0.02500000037252903
YOR182C,YGR109W-B,0,-4.9942455,0.2439759075641632,0.08100000023841858,0.025100000202655792
YML011C,YOL103W-B,0,-4.994248,0.2432432472705841,0.08100000023841858,0.025200000032782555
YNL098C,YDR210W-A,0,-4.9944305,0.242514967918396,0.08100000023841858,0.025299999862909317
YPL271W,YOR142W-A,0,-4.994502,0.2417910397052765,0.08100000023841858,0.02539999969303608
YOR313C,YDR261C-C,0,-4.994639,0.2410714328289032,0.08100000023841858,0.025499999523162842
YDR087C,YDR478W,0,-4.994923,0.24035608768463135,0.08100000023841858,0.025599999353289604
YLR431C,YFL035C,0,-4.9950356,0.23964497447013855,0.08100000023841858,0.025699999183416367
YPR178W,YGR027W-B,0,-4.995253,0.23893804848194122,0.08100000023841858,0.025800000876188278
YDL006W,YDR098C-B,0,-4.9954515,0.23823529481887817,0.08100000023841858,0.02590000070631504
YDR098C-B,YOR060C,0,-4.995571,0.23753665387630463,0.08100000023841858,0.026000000536441803
YBR142W,YER148W,0,-4.995793,0.2368421107530594,0.08100000023841858,0.026100000366568565
YOR213C,YOR142W-A,0,-4.9959683,0.23615160584449768,0.08100000023841858,0.026200000196695328
YBL078C,YDR034C-D,0,-4.996041,0.23546510934829712,0.08100000023841858,0.02630000002682209
YIL153W,YBR012W-B,0,-4.996106,0.2347826063632965,0.08100000023841858,0.026399999856948853
YDR252W,YGR161C-C,0,-4.996135,0.23410405218601227,0.08100000023841858,0.026499999687075615
YHR015W,YBL005W-B,0,-4.9963474,0.23342940211296082,0.08100000023841858,0.026599999517202377
YGL122C,YDR210W-A,0,-4.996613,0.23275862634181976,0.08100000023841858,0.02669999934732914
YLR059C,YAR044W,0,-4.9966464,0.23209169507026672,0.08100000023841858,0.026799999177455902
YLR357W,YHL009W-B,0,-4.9967275,0.2314285784959793,0.08100000023841858,0.026900000870227814
YLR115W,YJR035W,0,-4.996759,0.23076923191547394,0.08100000023841858,0.027000000700354576
YCL017C,YPL257W-A,0,-4.9968753,0.23011364042758942,0.08100000023841858,0.02710000053048134
YML005W,YDL112W,1,-4.9970746,0.23229461908340454,0.0820000022649765,0.02710000053048134
YOR265W,YPL257W-A,0,-4.997367,0.23163841664791107,0.0820000022649765,0.0272000003606081
YCR073C,YDR034C-D,0,-4.997367,0.23098590970039368,0.0820000022649765,0.027300000190734863
YJL192C,YPR158C-C,0,-4.997434,0.23033708333969116,0.0820000022649765,0.027400000020861626
YGR157W,YOL103W-B,0,-4.997536,0.22969187796115875,0.0820000022649765,0.027499999850988388
YDL045C,YDL038C,0,-4.9976707,0.22905027866363525,0.0820000022649765,0.02759999968111515
YBR254C,YOR192C-B,0,-4.997726,0.22841225564479828,0.0820000022649765,0.027699999511241913
YMR052W,YLR410W-A,0,-4.997814,0.22777777910232544,0.0820000022649765,0.027799999341368675
YBR253W,YGR109W-B,0,-4.9981413,0.22714681923389435,0.0820000022649765,0.027899999171495438
YPL086C,YBR084W,1,-4.99824,0.22928176820278168,0.08299999684095383,0.027899999171495438
YOR008C,YPL257W-A,0,-4.998673,0.22865013778209686,0.08299999684095383,0.02800000086426735
YGR089W,YFL002C,0,-4.998739,0.22802197933197021,0.08299999684095383,0.02810000069439411
YPR070W,YCL062W,0,-4.998755,0.22739726305007935,0.08299999684095383,0.028200000524520874
YDL143W,YNL054W-A,0,-4.998796,0.22677595913410187,0.08299999684095383,0.028300000354647636
YFL035C,YBL061C,0,-4.9989753,0.2261580377817154,0.08299999684095383,0.0284000001847744
YJL021C,YAL042W,0,-4.9990945,0.22554348409175873,0.08299999684095383,0.02850000001490116
YOL017W,YOR308C,0,-4.999167,0.2249322533607483,0.08299999684095383,0.028599999845027924
YPL221W,YOR142W-A,0,-4.9993005,0.2243243306875229,0.08299999684095383,0.028699999675154686
YDL015C,YOL103W-A,0,-4.9994164,0.22371967136859894,0.08299999684095383,0.02879999950528145
YDR279W,YLR256W-A,0,-4.9995456,0.22311827540397644,0.08299999684095383,0.02889999933540821
YEL060C,YHR214C-B,0,-4.9997783,0.222520112991333,0.08299999684095383,0.028999999165534973
YOL071W,YDR261C-D,0,-4.9998937,0.22192513942718506,0.08299999684095383,0.029100000858306885
YGL130W,YLR410W-B,0,-4.9999623,0.2213333398103714,0.08299999684095383,0.029200000688433647
YNL166C,YLR410W-A,0,-5.0000577,0.22074468433856964,0.08299999684095383,0.02930000051856041
YGR264C,YFL002C,0,-5.000111,0.2201591581106186,0.08299999684095383,0.029400000348687172
YIL124W,YLR410W-A,0,-5.0002213,0.21957671642303467,0.08299999684095383,0.029500000178813934
YDR217C,YOL103W-A,0,-5.000398,0.21899735927581787,0.08299999684095383,0.029600000008940697
YDL150W,YOR343W-B,0,-5.000412,0.2184210568666458,0.08299999684095383,0.02969999983906746
YOR299W,YDR365W-B,0,-5.000603,0.2178477644920349,0.08299999684095383,0.02979999966919422
YNL166C,YOL103W-B,0,-5.000763,0.21727748215198517,0.08299999684095383,0.029899999499320984
YHR124W,YOR192C-B,0,-5.0012054,0.2167101800441742,0.08299999684095383,0.029999999329447746
YGL066W,YCR102C,0,-5.0012326,0.2161458283662796,0.08299999684095383,0.03009999915957451
YIL160C,YOL103W-A,0,-5.0015893,0.2155844122171402,0.08299999684095383,0.03020000085234642
YGR157W,YNL127W,0,-5.0016413,0.2150259017944336,0.08299999684095383,0.030300000682473183
YER157W,YOL103W-A,0,-5.0016913,0.2144702821969986,0.08299999684095383,0.030400000512599945
YDR224C,YPL257W-A,0,-5.0017223,0.21391752362251282,0.08299999684095383,0.030500000342726707
YER168C,YCL054W,1,-5.0017433,0.21593829989433289,0.08399999886751175,0.030500000342726707
YJL095W,YDR210C-C,0,-5.001989,0.2153846174478531,0.08399999886751175,0.03060000017285347
YNL209W,YLR410W-B,0,-5.002476,0.21483376622200012,0.08399999886751175,0.030700000002980232
YIL051C,YFL018W-A,0,-5.002778,0.2142857164144516,0.08399999886751175,0.030799999833106995
YLL024C,YLR227W-A,0,-5.0028725,0.21374045312404633,0.08399999886751175,0.030899999663233757
YJR094C,YLR410W-A,0,-5.0028834,0.2131979763507843,0.08399999886751175,0.03099999949336052
YDR156W,YHR079C-B,0,-5.0029283,0.21265822649002075,0.08399999886751175,0.031099999323487282
YLR385C,YDR365W-B,0,-5.0029387,0.21212121844291687,0.08399999886751175,0.031199999153614044
YHR157W,YGR161C-D,0,-5.002953,0.21158690750598907,0.08399999886751175,0.031300000846385956
YKL064W,YOL103W-B,0,-5.002975,0.21105527877807617,0.08399999886751175,0.03139999881386757
YER014C-A,YHR089C,0,-5.0030646,0.21052631735801697,0.08399999886751175,0.03150000050663948
YPR173C,YDR261W-B,0,-5.003067,0.20999999344348907,0.08399999886751175,0.031599998474121094
YNL138W,YJL164C,0,-5.003075,0.2094763070344925,0.08399999886751175,0.031700000166893005
YDL090C,YLR256W-A,0,-5.003285,0.20895522832870483,0.08399999886751175,0.03180000185966492
YKL001C,YPR137C-B,0,-5.003571,0.2084367275238037,0.08399999886751175,0.03189999982714653
YPR051W,YDR210C-C,0,-5.0038686,0.20792078971862793,0.08399999886751175,0.03200000151991844
YLR059C,YOR088W,0,-5.004273,0.2074074000120163,0.08399999886751175,0.032099999487400055
YKL200C,YBR111W-A,0,-5.004643,0.2068965584039688,0.08399999886751175,0.03220000118017197
YDR472W,YDR261W-A,0,-5.0046697,0.2063882052898407,0.08399999886751175,0.03229999914765358
YCL012W,YOR020C,0,-5.00467,0.20588235557079315,0.08399999886751175,0.03240000084042549
YER162C,YCR080W,0,-5.0046763,0.20537897944450378,0.08399999886751175,0.032499998807907104
YER002W,YDR261C-C,0,-5.0047007,0.2048780471086502,0.08399999886751175,0.032600000500679016
YJL062W,YFL035C,0,-5.0047174,0.20437955856323242,0.08399999886751175,0.03269999846816063
YIR006C,YDR261C-C,0,-5.004793,0.20388349890708923,0.08399999886751175,0.03280000016093254
YGL210W-A,YGR185C,0,-5.004908,0.20338982343673706,0.08399999886751175,0.03290000185370445
YKR090W,YHR079C-B,0,-5.00493,0.2028985470533371,0.08399999886751175,0.032999999821186066
YDR227W,YIL029C,0,-5.005155,0.20240963995456696,0.08399999886751175,0.03310000151395798
YLL022C,YDR316W-B,0,-5.005255,0.20192307233810425,0.08399999886751175,0.03319999948143959
YAL035W,YDR261C-C,0,-5.005321,0.20143884420394897,0.08399999886751175,0.0333000011742115
YOR031W,YJR120W,0,-5.005365,0.20095694065093994,0.08399999886751175,0.033399999141693115
YJL052W,YPL257W-B,0,-5.0054593,0.20047733187675476,0.08399999886751175,0.03350000083446503
YDR273W,YBR100W,0,-5.005511,0.20000000298023224,0.08399999886751175,0.03359999880194664
YMR238W,YLR207W,0,-5.005595,0.19952493906021118,0.08399999886751175,0.03370000049471855
YJL154C,YER159C-A,0,-5.0057063,0.1990521401166916,0.08399999886751175,0.033799998462200165
YFL011W-A,YDL052C,0,-5.0057817,0.19858156144618988,0.08399999886751175,0.033900000154972076
YCL012W,YCR093W,0,-5.0058866,0.19811320304870605,0.08399999886751175,0.03400000184774399
YCL067C,YDR034C-C,0,-5.0059485,0.1976470649242401,0.08399999886751175,0.0340999998152256
YER169W,YJL113W,0,-5.0059648,0.19718310236930847,0.08399999886751175,0.03420000150799751
YLR329W,YDR261C-C,0,-5.0060353,0.19672131538391113,0.08399999886751175,0.034299999475479126
YNL006W,YDR316W-B,0,-5.0060744,0.1962616890668869,0.08399999886751175,0.03440000116825104
YLR449W,YGR072W,0,-5.0061517,0.1958041936159134,0.08399999886751175,0.03449999913573265
YNL106C,YDR098C-B,0,-5.006209,0.1953488439321518,0.08399999886751175,0.03460000082850456
YML103C,YNL311C,0,-5.0065403,0.19489559531211853,0.08399999886751175,0.034699998795986176
YLR166C,YDR261C-D,0,-5.0066094,0.1944444477558136,0.08399999886751175,0.03480000048875809
YKL178C,YOL103W-A,0,-5.006822,0.1939953863620758,0.08399999886751175,0.0348999984562397
YGR060W,YLR312C-B,0,-5.007074,0.19354838132858276,0.08399999886751175,0.03500000014901161
YOL145C,YFL002W-B,0,-5.0071054,0.19310344755649567,0.08399999886751175,0.035100001841783524
YLR233C,YHR157W,0,-5.0072913,0.19266055524349213,0.08399999886751175,0.03519999980926514
YDL002C,YGR161W-B,0,-5.0073023,0.19221967458724976,0.08399999886751175,0.03530000150203705
YDL150W,YGR161C-D,0,-5.0073447,0.19178082048892975,0.08399999886751175,0.03539999946951866
YEL017C-A,YBL005W-B,0,-5.007443,0.19134396314620972,0.08399999886751175,0.03550000116229057
YHR148W,YBL024W,1,-5.007664,0.1931818127632141,0.08500000089406967,0.03550000116229057
YER056C,YER159C-A,0,-5.0077224,0.19274376332759857,0.08500000089406967,0.035599999129772186
YOR231W,YHR079C-B,0,-5.0079155,0.19230769574642181,0.08500000089406967,0.0357000008225441
YHR188C,YDR034C-C,0,-5.008037,0.19187359511852264,0.08500000089406967,0.03579999879002571
YLR312C-B,YAL002W,0,-5.0080905,0.19144144654273987,0.08500000089406967,0.03590000048279762
YOL016C,YGR161C-D,0,-5.0082383,0.1910112351179123,0.08500000089406967,0.035999998450279236
YDL084W,YLR157C-A,0,-5.0083027,0.19058296084403992,0.08500000089406967,0.03610000014305115
YNR059W,YGR038C-A,0,-5.0083027,0.19015659391880035,0.08500000089406967,0.03620000183582306
YPR049C,YHL009W-A,0,-5.0083027,0.1897321492433548,0.08500000089406967,0.03629999980330467
YER166W,YHL009W-B,0,-5.0083027,0.18930958211421967,0.08500000089406967,0.036400001496076584
YKR086W,YOR343C-B,0,-5.0083027,0.18888889253139496,0.08500000089406967,0.0364999994635582
YER029C,YGR161C-C,0,-5.0083027,0.18847006559371948,0.08500000089406967,0.03660000115633011
YJL030W,YOR343C-B,0,-5.0083027,0.18805310130119324,0.08500000089406967,0.03669999912381172
YDL055C,YML045W-A,0,-5.0083027,0.18763796985149384,0.08500000089406967,0.03680000081658363
YER065C,YNL284C-A,0,-5.0083027,0.18722467124462128,0.08500000089406967,0.03689999878406525
YDR014W-A,YIR012W,0,-5.0083027,0.18681319057941437,0.08500000089406967,0.03700000047683716
YOR207C,YLR157C-A,0,-5.0083027,0.18640351295471191,0.08500000089406967,0.03709999844431877
YBR130C,YOR343C-B,0,-5.0083027,0.18599562346935272,0.08500000089406967,0.03720000013709068
YDL022W,YOR343C-A,0,-5.0083027,0.1855895221233368,0.08500000089406967,0.037300001829862595
YMR055C,YOR343C-B,0,-5.0083027,0.18518517911434174,0.08500000089406967,0.03739999979734421
YDR427W,YBL101W-B,0,-5.0083027,0.18478260934352875,0.08500000089406967,0.03750000149011612
YGR075C,YOR343C-B,0,-5.0083027,0.18438178300857544,0.08500000089406967,0.03759999945759773
YJR083C,YOR343C-A,0,-5.0083027,0.18398268520832062,0.08500000089406967,0.037700001150369644
YNR044W,YNL284C-A,0,-5.0083027,0.18358531594276428,0.08500000089406967,0.03779999911785126
YIR010W,YOR343C-B,0,-5.0083027,0.18318966031074524,0.08500000089406967,0.03790000081062317
YKR095W-A,YBR012W-B,0,-5.0083027,0.1827957034111023,0.08500000089406967,0.03799999877810478
YGR284C,YLR157C-A,0,-5.0083027,0.18240343034267426,0.08500000089406967,0.038100000470876694
YBR188C,YLR157C-A,0,-5.0083027,0.18201284110546112,0.08500000089406967,0.03819999843835831
YDR014W-A,YBR079C,0,-5.0083027,0.1816239356994629,0.08500000089406967,0.03830000013113022
YBL040C,YHL009W-A,0,-5.0083027,0.18123666942119598,0.08500000089406967,0.03840000182390213
YCR080W,YGR122W,0,-5.0083027,0.1808510571718216,0.08500000089406967,0.03849999979138374
YLR312C-B,YBR012W-B,0,-5.0083027,0.18046708405017853,0.08500000089406967,0.038600001484155655
YAL056W,YBL101W-B,0,-5.0083027,0.18008475005626678,0.08500000089406967,0.03869999945163727
YDL038C,YDR098C-B,0,-5.0083027,0.17970401048660278,0.08500000089406967,0.03880000114440918
YMR138W,YDR210W-C,0,-5.0083027,0.1793248951435089,0.08500000089406967,0.03889999911189079
YJL173C,YOR343C-A,0,-5.0083027,0.17894737422466278,0.08500000089406967,0.039000000804662704
YER122C,YHL009W-A,0,-5.0083027,0.1785714328289032,0.08500000089406967,0.03909999877214432
YIL066C,YNL284C-A,0,-5.0083027,0.17819707095623016,0.08500000089406967,0.03920000046491623
YDR014W-A,YNR034W,0,-5.0083027,0.17782427370548248,0.08500000089406967,0.03929999843239784
YDL017W,YNL284C-A,0,-5.0083027,0.17745302617549896,0.08500000089406967,0.039400000125169754
YIL167W,YHL009W-B,0,-5.0083027,0.1770833283662796,0.08500000089406967,0.039500001817941666
YMR292W,YDR014W-A,0,-5.0083027,0.1767151802778244,0.08500000089406967,0.03959999978542328
YDL160C,YHL009W-A,0,-5.0083027,0.17634855210781097,0.08500000089406967,0.03970000147819519
YJL012C-A,YOR343W-A,0,-5.0083027,0.17598344385623932,0.08500000089406967,0.039799999445676804
YMR201C,YDR210W-C,0,-5.0083027,0.17561984062194824,0.08500000089406967,0.039900001138448715
YJR119C,YDR210W-C,0,-5.0083027,0.17525772750377655,0.08500000089406967,0.03999999910593033
YIL010W,YNL284C-A,0,-5.0083027,0.17489711940288544,0.08500000089406967,0.04010000079870224
YDR228C,YML045W-A,0,-5.0083027,0.17453798651695251,0.08500000089406967,0.04019999876618385
YGL207W,YOR343C-A,0,-5.0083027,0.17418032884597778,0.08500000089406967,0.040300000458955765
YIR013C,YDR210W-C,0,-5.0083027,0.17382413148880005,0.08500000089406967,0.04039999842643738
YKR076W,YOR343C-A,0,-5.0083027,0.1734693944454193,0.08500000089406967,0.04050000011920929
YHL020C,YDR210W-C,0,-5.0083027,0.17311608791351318,0.08500000089406967,0.0406000018119812
YDR014W-A,YGL098W,0,-5.0083027,0.17276422679424286,0.08500000089406967,0.040699999779462814
YOR033C,YHL009W-A,0,-5.0083027,0.17241379618644714,0.08500000089406967,0.040800001472234726
YDR014W-A,YPR102C,0,-5.0083027,0.17206478118896484,0.08500000089406967,0.04089999943971634
YLR254C,YML045W-A,0,-5.0083027,0.17171716690063477,0.08500000089406967,0.04100000113248825
YOL102C,YBL101W-B,0,-5.0083027,0.1713709682226181,0.08500000089406967,0.041099999099969864
YFL029C,YDR210C-C,0,-5.0083027,0.17102615535259247,0.08500000089406967,0.041200000792741776
YDL116W,YDR210W-C,0,-5.0083027,0.17068272829055786,0.08500000089406967,0.04129999876022339
YGR014W,YML045W-A,0,-5.0083027,0.17034068703651428,0.08500000089406967,0.0414000004529953
YBR298C,YLR157C-A,0,-5.0083027,0.17000000178813934,0.08500000089406967,0.04149999842047691
YLR079W,YLR157C-A,0,-5.0083027,0.16966067254543304,0.08500000089406967,0.041600000113248825
YNL311C,YDL038C,0,-5.0083027,0.16932271420955658,0.08500000089406967,0.04170000180602074
YIL010W,YOR343C-A,0,-5.0083027,0.16898608207702637,0.08500000089406967,0.04179999977350235
YOL139C,YOR343C-B,0,-5.0083027,0.1686507910490036,0.08500000089406967,0.04190000146627426
YOR380W,YML045W-A,0,-5.0083027,0.1683168262243271,0.08500000089406967,0.041999999433755875
YDR014W-A,YIL149C,0,-5.0083027,0.16798418760299683,0.08500000089406967,0.042100001126527786
YEL065W,YBL101W-B,0,-5.0083027,0.16765286028385162,0.08500000089406967,0.0421999990940094
YJR102C,YHL009W-A,0,-5.0083027,0.16732282936573029,0.08500000089406967,0.04230000078678131
YDR096W,YLR157C-A,0,-5.0083027,0.166994109749794,0.08500000089406967,0.042399998754262924
YGL048C,YDR210W-C,0,-5.0083027,0.1666666716337204,0.08500000089406967,0.042500000447034836
YOR240W,YOR192C-B,0,-5.0083027,0.16634051501750946,0.08500000089406967,0.04259999841451645
YGL065C,YLR157C-A,0,-5.0083027,0.166015625,0.08500000089406967,0.04270000010728836
YKL114C,YLR157C-A,0,-5.0083027,0.16569200158119202,0.08500000089406967,0.04280000180006027
YGR006W,YBL101W-B,0,-5.0083027,0.1653696447610855,0.08500000089406967,0.042899999767541885
YDR147W,YPL257W-A,0,-5.0083027,0.1650485396385193,0.08500000089406967,0.0430000014603138
YDR516C,YOR343C-B,0,-5.0083027,0.16472868621349335,0.08500000089406967,0.04309999942779541
YDR014W-A,YCR044C,0,-5.0083027,0.1644100546836853,0.08500000089406967,0.04320000112056732
YMR030W,YDR210W-B,0,-5.0083027,0.16409265995025635,0.08500000089406967,0.043299999088048935
YBR195C,YHL009W-A,0,-5.0083027,0.1637764871120453,0.08500000089406967,0.04340000078082085
YER177W,YDR014W-A,0,-5.0083027,0.16346153616905212,0.08500000089406967,0.04349999874830246
YGL046W,YLR126C,0,-5.0083027,0.16314779222011566,0.08500000089406967,0.04360000044107437
YMR139W,YHL009W-A,0,-5.0083027,0.1628352552652359,0.08500000089406967,0.043699998408555984
YML110C,YNL284C-A,0,-5.0083027,0.16252389550209045,0.08500000089406967,0.043800000101327896
YOR088W,YLR256W-A,0,-5.0083027,0.1622137427330017,0.08500000089406967,0.04390000179409981
YER065C,YML045W-A,0,-5.0083027,0.16190476715564728,0.08500000089406967,0.04399999976158142
YDR121W,YBL101W-B,0,-5.0083027,0.16159695386886597,0.08500000089406967,0.04410000145435333
YBR169C,YOR343C-A,0,-5.0083027,0.16129031777381897,0.08500000089406967,0.044199999421834946
YJL076W,YML045W-A,0,-5.0083027,0.1609848439693451,0.08500000089406967,0.04430000111460686
YMR287C,YLR157C-A,0,-5.0083027,0.16068053245544434,0.08500000089406967,0.04439999908208847
YLR006C,YDR210W-C,0,-5.0083027,0.1603773534297943,0.08500000089406967,0.04450000077486038
YDR518W,YDR210W-C,0,-5.0083027,0.1600753366947174,0.08500000089406967,0.044599998742341995
YML033W,YER138C,0,-5.0083027,0.15977443754673004,0.08500000089406967,0.04470000043511391
YKL140W,YDR210W-C,0,-5.0083027,0.1594746708869934,0.08500000089406967,0.04479999840259552
YLR005W,YDR210W-C,0,-5.0083027,0.1591760367155075,0.08500000089406967,0.04490000009536743
YER180C-A,YLR157C-A,0,-5.0083027,0.15887850522994995,0.08500000089406967,0.04500000178813934
YFL057C,YDR210C-D,0,-5.0083027,0.15858209133148193,0.08500000089406967,0.045099999755620956
YNL270C,YHL009W-A,0,-5.0083027,0.15828678011894226,0.08500000089406967,0.04520000144839287
YIR015W,YLR157C-A,0,-5.0083027,0.15799257159233093,0.08500000089406967,0.04529999941587448
YBR111W-A,YMR046C,0,-5.0083027,0.15769945085048676,0.08500000089406967,0.04540000110864639
YNL309W,YLR157C-A,0,-5.0083027,0.15740740299224854,0.08500000089406967,0.045499999076128006
YGR120C,YDR210W-A,0,-5.008622,0.15711645781993866,0.08500000089406967,0.04560000076889992
YPL249C,YLR410W-A,0,-5.00895,0.15682657063007355,0.08500000089406967,0.04569999873638153
YJL094C,YPR158W-A,0,-5.009139,0.1565377563238144,0.08500000089406967,0.04580000042915344
YNR016C,YOR192C-A,0,-5.009238,0.15625,0.08500000089406967,0.045899998396635056
YGR090W,YDR210C-D,0,-5.0094323,0.15596330165863037,0.08500000089406967,0.04600000008940697
YIR018W,YGR109W-A,0,-5.009452,0.1556776612997055,0.08500000089406967,0.04610000178217888
YAL002W,YNL284C-B,0,-5.0095167,0.15539304912090302,0.08500000089406967,0.04619999974966049
YJL146W,YDR210W-A,0,-5.009963,0.1551094949245453,0.08500000089406967,0.046300001442432404
YHL011C,YDR098C-A,0,-5.0100713,0.15482695400714874,0.08500000089406967,0.04639999940991402
YDR166C,YNL054W-B,0,-5.0101295,0.15454545617103577,0.08500000089406967,0.04650000110268593
YDL143W,YDR261C-C,0,-5.01037,0.15426497161388397,0.08500000089406967,0.04659999907016754
YFL035C-A,YJL004C,0,-5.010384,0.15398550033569336,0.08500000089406967,0.04670000076293945
YJL101C,YOL103W-B,0,-5.010468,0.15370705723762512,0.08500000089406967,0.046799998730421066
YER168C,YGR200C,1,-5.0106325,0.15523464977741241,0.0860000029206276,0.046799998730421066
YCL060C,YPL122C,0,-5.0106506,0.1549549549818039,0.0860000029206276,0.04690000042319298
YMR109W,YOL103W-B,0,-5.0107245,0.15467625856399536,0.0860000029206276,0.04699999839067459
YLR006C,YBL100W-A,0,-5.0108457,0.15439856052398682,0.0860000029206276,0.0471000000834465
YDR173C,YBL106C,0,-5.0108685,0.15412186086177826,0.0860000029206276,0.047200001776218414
YJR147W,YLR277C,0,-5.0109296,0.1538461595773697,0.0860000029206276,0.04729999974370003
YDR279W,YLR182W,0,-5.0110087,0.15357142686843872,0.0860000029206276,0.04740000143647194
YLR401C,YDL201W,1,-5.011273,0.15508021414279938,0.08699999749660492,0.04740000143647194
YKR052C,YLR157C-B,0,-5.0115175,0.1548042744398117,0.08699999749660492,0.04749999940395355
YHR007C,YGL210W-A,0,-5.0117826,0.15452930331230164,0.08699999749660492,0.047600001096725464
YDL065C,YCR080W,0,-5.0118937,0.15425531566143036,0.08699999749660492,0.04769999906420708
YHL048W,YML011C,0,-5.0120325,0.15398229658603668,0.08699999749660492,0.04780000075697899
YEL065W,YNL299W,0,-5.012328,0.1537102460861206,0.08699999749660492,0.0478999987244606
YDR293C,YGR038C-B,0,-5.0126586,0.15343914926052094,0.08699999749660492,0.04800000041723251
YLR401C,YOR310C,1,-5.01266,0.15492957830429077,0.08799999952316284,0.04800000041723251
YOR160W,YNL284C-B,0,-5.012753,0.1546572893857956,0.08799999952316284,0.04809999838471413
YNL233W,YGR178C,0,-5.013063,0.15438596904277802,0.08799999952316284,0.04820000007748604
YGR224W,YFL035C-A,0,-5.0130982,0.15411558747291565,0.08799999952316284,0.04830000177025795
YOL101C,YDR316W-B,0,-5.013105,0.1538461595773697,0.08799999952316284,0.04839999973773956
YDL036C,YDR165W,1,-5.0132394,0.15532286465168,0.08900000154972076,0.04839999973773956
YBR059C,YOL103W-A,0,-5.0132575,0.15505225956439972,0.08900000154972076,0.048500001430511475
YDR456W,YOL103W-B,0,-5.013262,0.15478260815143585,0.08900000154972076,0.04859999939799309
YLR401C,YCL054W,1,-5.013287,0.15625,0.09000000357627869,0.04859999939799309
YIL068C,YLR132C,0,-5.0137677,0.1559792011976242,0.09000000357627869,0.048700001090765
YER003C,YDR365W-B,0,-5.0137877,0.15570934116840363,0.09000000357627869,0.04879999905824661
YIR022W,YOL103W-A,0,-5.0139813,0.15544041991233826,0.09000000357627869,0.048900000751018524
YLR451W,YOR192C-A,0,-5.014175,0.1551724076271057,0.09000000357627869,0.04899999871850014
YBR081C,YML097C,0,-5.014252,0.15490533411502838,0.09000000357627869,0.04910000041127205
YDR381W,YIL029C,0,-5.0143294,0.15463916957378387,0.09000000357627869,0.04919999837875366
YBR289W,YLR157C-B,0,-5.0144696,0.1543739289045334,0.09000000357627869,0.049300000071525574
YNL006W,YOR338W,0,-5.0151324,0.15410958230495453,0.09000000357627869,0.049400001764297485
YOR181W,YGR027W-B,0,-5.015227,0.1538461595773697,0.09000000357627869,0.0494999997317791
YOR240W,YLR378C,0,-5.0152383,0.1535836160182953,0.09000000357627869,0.04960000142455101
YGL207W,YGR161W-B,0,-5.015459,0.1533219814300537,0.09000000357627869,0.04969999939203262
YKR039W,YLR256W-A,0,-5.015463,0.15306122601032257,0.09000000357627869,0.049800001084804535
YBR211C,YDR261W-A,0,-5.015599,0.15280136466026306,0.09000000357627869,0.04989999905228615
YFL011W-A,YER120W,0,-5.0156255,0.1525423675775528,0.09000000357627869,0.05000000074505806
YLR391W-A,YNL029C,0,-5.0156755,0.15228426456451416,0.09000000357627869,0.05009999871253967
YML107C,YDR065W,0,-5.015891,0.15202702581882477,0.09000000357627869,0.050200000405311584
YDL208W,YGL232W,1,-5.0160303,0.15345700085163116,0.09099999815225601,0.050200000405311584
YGL216W,YGR161C-C,0,-5.016058,0.15319865942001343,0.09099999815225601,0.0502999983727932
YMR051C,YOL103W-B,0,-5.016109,0.15294118225574493,0.09099999815225601,0.05040000006556511
YOR310C,YDR165W,1,-5.016214,0.15436241030693054,0.09200000017881393,0.05040000006556511
YOL125W,YDL112W,1,-5.016228,0.1557788997888565,0.09300000220537186,0.05040000006556511
YCR035C,YDR261C-C,0,-5.016228,0.15551839768886566,0.09300000220537186,0.05050000175833702
YDR170W-A,YIL029C,0,-5.0164514,0.15525875985622406,0.09300000220537186,0.050599999725818634
YDR480W,YDR316W-B,0,-5.0165305,0.1550000011920929,0.09300000220537186,0.050700001418590546
YHR174W,YOR142W-A,0,-5.0166516,0.15474209189414978,0.09300000220537186,0.05079999938607216
YKL178C,YLR035C-A,0,-5.0168085,0.1544850468635559,0.09300000220537186,0.05090000107884407
YNL290W,YGL046W,0,-5.016871,0.15422885119915009,0.09300000220537186,0.050999999046325684
YLR321C,YOL103W-B,0,-5.0173526,0.1539735049009323,0.09300000220537186,0.051100000739097595
YLR288C,YML039W,0,-5.01738,0.1537190079689026,0.09300000220537186,0.05119999870657921
YBL039C,YDR261C-C,0,-5.0174484,0.15346534550189972,0.09300000220537186,0.05130000039935112
YKL200C,YLR403W,0,-5.017704,0.1532125174999237,0.09300000220537186,0.05139999836683273
YDR363W-A,YNL213C,0,-5.017754,0.15296052396297455,0.09300000220537186,0.051500000059604645
YNL138W,YBR169C,0,-5.017986,0.15270936489105225,0.09300000220537186,0.051600001752376556
YNR031C,YPR137C-B,0,-5.0181327,0.1524590104818344,0.09300000220537186,0.05169999971985817
YFL035C,YGL037C,0,-5.0181556,0.15220949053764343,0.09300000220537186,0.05180000141263008
YLR160C,YLR410W-B,0,-5.0182967,0.15196079015731812,0.09300000220537186,0.051899999380111694
YGL252C,YPL257W-B,0,-5.018331,0.15171289443969727,0.09300000220537186,0.052000001072883606
YOR334W,YML033W,0,-5.018573,0.15146580338478088,0.09300000220537186,0.05209999904036522
YPL266W,YHR148W,1,-5.018579,0.15284553170204163,0.09399999678134918,0.05209999904036522
YNL270C,YLR227W-A,0,-5.0189695,0.15259739756584167,0.09399999678134918,0.05220000073313713
YER159C-A,YNL284C-B,0,-5.0195746,0.15235008299350739,0.09399999678134918,0.052299998700618744
YIL066C,YOR088W,0,-5.0198035,0.15210355818271637,0.09399999678134918,0.052400000393390656
YKR083C,YCL062W,0,-5.0200515,0.15185783803462982,0.09399999678134918,0.05249999836087227
YJL052W,YLR227W-B,0,-5.020244,0.15161290764808655,0.09399999678134918,0.05260000005364418
YGR123C,YEL026W,0,-5.0202527,0.15136876702308655,0.09399999678134918,0.05270000174641609
YMR059W,YER049W,0,-5.0203533,0.15112540125846863,0.09399999678134918,0.052799999713897705
YPR124W,YDR316W-B,0,-5.0205293,0.15088282525539398,0.09399999678134918,0.05290000140666962
YBR010W,YOR192C-B,0,-5.020698,0.15064102411270142,0.09399999678134918,0.05299999937415123
YBR216C,YOR338W,0,-5.0208592,0.15039999783039093,0.09399999678134918,0.05310000106692314
YOR240W,YDR337W,0,-5.020921,0.15015974640846252,0.09399999678134918,0.053199999034404755
YNL121C,YGR161C-D,0,-5.021116,0.149920254945755,0.09399999678134918,0.053300000727176666
YKL040C,YOL103W-A,0,-5.0215077,0.14968152344226837,0.09399999678134918,0.05339999869465828
YDR295C,YDR261C-D,0,-5.021525,0.14944356679916382,0.09399999678134918,0.05350000038743019
YHR148W,YGL232W,1,-5.0215735,0.15079365670681,0.0949999988079071,0.05350000038743019
YKR020W,YPL257W-B,0,-5.021606,0.15055467188358307,0.0949999988079071,0.053599998354911804
YJL021C,YJL060W,0,-5.0216527,0.15031646192073822,0.0949999988079071,0.053700000047683716
YLR417W,YPL283C,0,-5.021715,0.15007898211479187,0.0949999988079071,0.05380000174045563
YGL021W,YLR227W-B,0,-5.0219016,0.1498422771692276,0.0949999988079071,0.05389999970793724
YLR312C-B,YOR187W,0,-5.021992,0.14960630238056183,0.0949999988079071,0.05400000140070915
YKL148C,YDR034C-D,0,-5.0221105,0.14937107264995575,0.0949999988079071,0.054099999368190765
YPL021W,YGL210W-A,0,-5.022137,0.14913657307624817,0.0949999988079071,0.05420000106096268
YLR158C,YCR080W,0,-5.0221725,0.14890281856060028,0.0949999988079071,0.05429999902844429
YKL186C,YLR035C-A,0,-5.0221868,0.1486697942018509,0.0949999988079071,0.0544000007212162
YBR254C,YFL002W-B,0,-5.0222373,0.1484375,0.0949999988079071,0.054499998688697815
YCL066W,YBR090C-A,0,-5.022364,0.1482059210538864,0.0949999988079071,0.05460000038146973
YHR143W,YPR158W-A,0,-5.0223727,0.14797507226467133,0.0949999988079071,0.05469999834895134
YBR017C,YGR038C-B,0,-5.022563,0.14774493873119354,0.0949999988079071,0.05480000004172325
YLL036C,YPL257W-A,0,-5.022717,0.14751553535461426,0.0949999988079071,0.05490000173449516
YLR321C,YBR198C,0,-5.023066,0.1472868174314499,0.0949999988079071,0.054999999701976776
YFL023W,YBR049C,0,-5.0231457,0.14705882966518402,0.0949999988079071,0.05510000139474869
YGL120C,YOR210W,0,-5.023358,0.14683152735233307,0.0949999988079071,0.0551999993622303
YNL304W,YDR365W-B,0,-5.02346,0.14660494029521942,0.0949999988079071,0.05530000105500221
YGR128C,YOL103W-A,0,-5.0235047,0.1463790386915207,0.0949999988079071,0.055399999022483826
YNL075W,YGL232W,1,-5.023932,0.14769230782985687,0.09600000083446503,0.055399999022483826
YCR089W,YOR088W,0,-5.0240154,0.14746543765068054,0.09600000083446503,0.05550000071525574
YDL017W,YJR132W,0,-5.0241327,0.14723926782608032,0.09600000083446503,0.05559999868273735
YOR208W,YNL054W-B,0,-5.0243917,0.14701378345489502,0.09600000083446503,0.05570000037550926
YDR494W,YGR027W-B,0,-5.024753,0.14678898453712463,0.09600000083446503,0.055799998342990875
YNR056C,YGR161C-C,0,-5.0248184,0.14656488597393036,0.09600000083446503,0.05590000003576279
YNL225C,YPR158W-A,0,-5.0251274,0.1463414579629898,0.09600000083446503,0.0560000017285347
YPL254W,YLR223C,0,-5.0251966,0.14611871540546417,0.09600000083446503,0.05609999969601631
YDR158W,YPL257W-B,0,-5.025268,0.14589665830135345,0.09600000083446503,0.05620000138878822
YLR226W,YGR161W-B,0,-5.0253997,0.14567527174949646,0.09600000083446503,0.056299999356269836
YDR263C,YGR109W-B,0,-5.025635,0.145454540848732,0.09600000083446503,0.05640000104904175
YJL021C,YPR175W,0,-5.0258527,0.14523449540138245,0.09600000083446503,0.05649999901652336
YGR280C,YDR098C-A,0,-5.025927,0.14501510560512543,0.09600000083446503,0.05660000070929527
YHR027C,YDR170W-A,0,-5.0264306,0.14479638636112213,0.09600000083446503,0.056699998676776886
YLR231C,YHL009W-B,0,-5.026557,0.14457830786705017,0.09600000083446503,0.0568000003695488
YGR030C,YGR109W-A,0,-5.0270567,0.14436089992523193,0.09600000083446503,0.05689999833703041
YBR136W,YER138C,0,-5.02709,0.14414414763450623,0.09600000083446503,0.05700000002980232
YIL070C,YOR343W-A,0,-5.027249,0.14392803609371185,0.09600000083446503,0.057100001722574234
YFR003C,YOR338W,0,-5.027289,0.14371258020401,0.09600000083446503,0.05719999969005585
YLR127C,YDR210W-A,0,-5.027768,0.1434977650642395,0.09600000083446503,0.05730000138282776
YDR342C,YCL062W,0,-5.028649,0.14328357577323914,0.09600000083446503,0.05739999935030937
YDR379W,YDR392W,0,-5.0287585,0.1430700421333313,0.09600000083446503,0.057500001043081284
YLR007W,YDR316W-B,0,-5.028793,0.1428571492433548,0.09600000083446503,0.0575999990105629
YJL012C-A,YOR272W,0,-5.0289464,0.14264486730098724,0.09600000083446503,0.05770000070333481
YEL003W,YLR426W,0,-5.0290775,0.14243324100971222,0.09600000083446503,0.05779999867081642
YML110C,YGR161C-D,0,-5.0291057,0.14222222566604614,0.09600000083446503,0.05790000036358833
YJL021C,YKR024C,0,-5.029143,0.1420118361711502,0.09600000083446503,0.057999998331069946
YCR094W,YER159C-A,0,-5.029675,0.14180207252502441,0.09600000083446503,0.05810000002384186
YHR107C,YPR137C-B,0,-5.029714,0.14159291982650757,0.09600000083446503,0.05820000171661377
YDR261C-C,YOR356W,0,-5.030087,0.14138439297676086,0.09600000083446503,0.05829999968409538
YER108C,YKL093W,0,-5.030212,0.1411764770746231,0.09600000083446503,0.058400001376867294
YNL188W,YML033W,0,-5.0302415,0.1409691572189331,0.09600000083446503,0.05849999934434891
YPL266W,YBR084W,1,-5.0305123,0.14222873747348785,0.09700000286102295,0.05849999934434891
YPR095C,YDR098C-B,0,-5.03058,0.14202049374580383,0.09700000286102295,0.05860000103712082
YOR136W,YER137C-A,0,-5.030995,0.14181286096572876,0.09700000286102295,0.05869999900460243
YOR172W,YFL002W-B,0,-5.031074,0.14160583913326263,0.09700000286102295,0.058800000697374344
YGL025C,YER159C-A,0,-5.031114,0.14139941334724426,0.09700000286102295,0.05889999866485596
YLR405W,YGL063W,1,-5.0311856,0.14264920353889465,0.09799999743700027,0.05889999866485596
YBR275C,YER151C,0,-5.0312867,0.14244185388088226,0.09799999743700027,0.05900000035762787
YKL130C,YLR410W-A,0,-5.0314097,0.14223513007164001,0.09799999743700027,0.05909999832510948
YOR085W,YHL009W-B,0,-5.03145,0.14202898740768433,0.09799999743700027,0.05920000001788139
YJR043C,YDR034C-C,0,-5.031627,0.1418234407901764,0.09799999743700027,0.059300001710653305
YGR147C,YNL054W-B,0,-5.0320625,0.1416184902191162,0.09799999743700027,0.05939999967813492
YMR088C,YDR098C-A,0,-5.03228,0.14141413569450378,0.09799999743700027,0.05950000137090683
YKR089C,YGR109W-B,0,-5.0324583,0.1412103772163391,0.09799999743700027,0.05959999933838844
YML097C,YDR034C-D,0,-5.032617,0.141007199883461,0.09799999743700027,0.059700001031160355
YNL192W,YFR024C,0,-5.0330567,0.14080460369586945,0.09799999743700027,0.05979999899864197
YNL006W,YLR126C,0,-5.0334086,0.14060258865356445,0.09799999743700027,0.05990000069141388
YDR494W,YDL038C,0,-5.0335402,0.14040113985538483,0.09799999743700027,0.05999999865889549
YNL075W,YDL208W,1,-5.0336723,0.14163090288639069,0.0989999994635582,0.05999999865889549
YJL053W,YGR027W-B,0,-5.033875,0.14142857491970062,0.0989999994635582,0.060100000351667404
YFL035C-A,YDR166C,0,-5.034542,0.14122681319713593,0.0989999994635582,0.06019999831914902
YOR240W,YNL084C,0,-5.0345855,0.14102564752101898,0.0989999994635582,0.06030000001192093
YPR135W,YPL283C,0,-5.0345964,0.1408250331878662,0.0989999994635582,0.06040000170469284
YOL112W,YGR161C-C,0,-5.0348535,0.140625,0.0989999994635582,0.060499999672174454
YGL019W,YLR256W-A,0,-5.0353904,0.14042553305625916,0.0989999994635582,0.060600001364946365
YPL084W,YJL036W,0,-5.0356145,0.14022663235664368,0.0989999994635582,0.06069999933242798
YDL128W,YER159C-A,0,-5.035782,0.14002828299999237,0.0989999994635582,0.06080000102519989
YFL057C,YGR296W,0,-5.0358233,0.13983051478862762,0.0989999994635582,0.0608999989926815
YGL210W-A,YML059C,0,-5.036185,0.13963328301906586,0.0989999994635582,0.061000000685453415
YFL011W-A,YER044C,0,-5.0364685,0.13943661749362946,0.0989999994635582,0.06109999865293503
YKL189W,YMR210W,0,-5.0366445,0.13924050331115723,0.0989999994635582,0.06120000034570694
YER087C-A,YBR173C,0,-5.036671,0.13904494047164917,0.0989999994635582,0.06129999831318855
YHR067W,YHR079C-B,0,-5.036685,0.13884992897510529,0.0989999994635582,0.061400000005960464
YMR150C,YNL054W-A,0,-5.0368137,0.13865546882152557,0.0989999994635582,0.061500001698732376
YER093C,YOR192C-B,0,-5.0368757,0.13846154510974884,0.0989999994635582,0.06159999966621399
YDL105W,YFL002W-B,0,-5.0369377,0.13826815783977509,0.0989999994635582,0.0617000013589859
YGL167C,YDR365W-B,0,-5.03729,0.1380753070116043,0.0989999994635582,0.061799999326467514
YEL062W,YCL062W,0,-5.037297,0.1378830075263977,0.0989999994635582,0.061900001019239426
YGR161C-D,YPR137C-A,0,-5.037539,0.13769124448299408,0.0989999994635582,0.06199999898672104
YPL086C,YHR148W,1,-5.0376625,0.1388888955116272,0.10000000149011612,0.06199999898672104
YAL025C,YOR343W-A,0,-5.037749,0.13869625329971313,0.10000000149011612,0.06210000067949295
YJL140W,YOR142W-A,0,-5.037877,0.13850416243076324,0.10000000149011612,0.062199998646974564
YDR480W,YGR161C-C,0,-5.0380263,0.13831259310245514,0.10000000149011612,0.062300000339746475
YER168C,YDR165W,1,-5.0383325,0.13950276374816895,0.10100000351667404,0.062300000339746475
YBR036C,YFL035C,0,-5.0388837,0.1393103450536728,0.10100000351667404,0.06239999830722809
YIL131C,YGR245C,0,-5.0392485,0.13911846280097961,0.10100000351667404,0.0625
YML058W-A,YDR210C-C,0,-5.039441,0.13892710208892822,0.10100000351667404,0.06260000169277191
YJL062W,YOR192C-B,0,-5.039528,0.13873626291751862,0.10100000351667404,0.06270000338554382
YKR095W,YOL103W-B,0,-5.0397863,0.138545960187912,0.10100000351667404,0.06279999762773514
YER127W,YPL212C,1,-5.0403914,0.13972602784633636,0.10199999809265137,0.06279999762773514
YOR236W,YJL012C-A,0,-5.040434,0.13953489065170288,0.10199999809265137,0.06289999932050705
YGR122W,YPL257W-A,0,-5.040437,0.13934426009655,0.10199999809265137,0.06300000101327896
YOR031W,YOL143C,0,-5.0405755,0.13915416598320007,0.10199999809265137,0.06310000270605087
YLR226W,YHR052W,0,-5.0408225,0.13896457850933075,0.10199999809265137,0.06319999694824219
YOR080W,YML033W,0,-5.0408893,0.1387755125761032,0.10199999809265137,0.0632999986410141
YPL157W,YOR343W-B,0,-5.0409846,0.13858695328235626,0.10199999809265137,0.06340000033378601
YMR054W,YDR210C-C,0,-5.041138,0.1383989155292511,0.10199999809265137,0.06350000202655792
YMR264W,YHL009W-B,0,-5.041204,0.13821138441562653,0.10199999809265137,0.06360000371932983
YJL125C,YHR148W,1,-5.041311,0.13937753438949585,0.10300000011920929,0.06360000371932983
YDL005C,YGR027W-A,0,-5.0415764,0.13918918371200562,0.10300000011920929,0.06369999796152115
YER087C-A,YML033W,0,-5.0416236,0.13900135457515717,0.10300000011920929,0.06379999965429306
YHR148W,YOL093W,1,-5.041797,0.14016172289848328,0.10400000214576721,0.06379999965429306
YBR090C-A,YLR350W,0,-5.04215,0.13997308909893036,0.10400000214576721,0.06390000134706497
YEL062W,YDR261W-B,0,-5.042211,0.13978494703769684,0.10400000214576721,0.06400000303983688
YHR072W,YLR227W-B,0,-5.042562,0.1395973116159439,0.10400000214576721,0.0640999972820282
YMR237W,YKR095W-A,0,-5.042641,0.13941018283367157,0.10400000214576721,0.06419999897480011
YIR013C,YCL074W,0,-5.042916,0.13922356069087982,0.10400000214576721,0.06430000066757202
YNR054C,YER151C,0,-5.043041,0.13903743028640747,0.10400000214576721,0.06440000236034393
YCL012W,YMR311C,0,-5.043122,0.1388518065214157,0.10400000214576721,0.06449999660253525
YGR166W,YFL002C,0,-5.0431867,0.13866665959358215,0.10400000214576721,0.06459999829530716
YJL073W,YMR190C,0,-5.0431952,0.1384820193052292,0.10400000214576721,0.06469999998807907
YMR106C,YPR158C-C,0,-5.0436387,0.13829787075519562,0.10400000214576721,0.06480000168085098
YEL066W,YHR039C-B,0,-5.0438933,0.13811421394348145,0.10400000214576721,0.0649000033736229
YDR085C,YMR164C,0,-5.044495,0.13793103396892548,0.10400000214576721,0.06499999761581421
YBR276C,YDR098C-A,0,-5.0446095,0.1377483457326889,0.10400000214576721,0.06509999930858612
YPL118W,YNL284C-B,0,-5.044941,0.13756613433361053,0.10400000214576721,0.06520000100135803
YHR039C-B,YML076C,0,-5.0451646,0.13738441467285156,0.10400000214576721,0.06530000269412994
YDR261W-B,YOR356W,0,-5.0453196,0.1372031718492508,0.10400000214576721,0.06539999693632126
YAL021C,YHL012W,0,-5.0453935,0.13702239096164703,0.10400000214576721,0.06549999862909317
YBL088C,YDR261C-D,0,-5.0454535,0.13684210181236267,0.10400000214576721,0.06560000032186508
YBL058W,YJL012C-A,0,-5.045497,0.1366622895002365,0.10400000214576721,0.065700002014637
YER054C,YPR078C,0,-5.045551,0.13648293912410736,0.10400000214576721,0.0658000037074089
YBL056W,YFL018W-A,0,-5.0456967,0.1363040655851364,0.10400000214576721,0.06589999794960022
YDR106W,YCL062W,0,-5.0461264,0.13612565398216248,0.10400000214576721,0.06599999964237213
YER168C,YNL062C,1,-5.0462775,0.13725490868091583,0.10499999672174454,0.06599999964237213
YOR351C,YDR432W,0,-5.046434,0.13707572221755981,0.10499999672174454,0.06610000133514404
YFR024C,YJL139C,0,-5.0466895,0.1368969976902008,0.10499999672174454,0.06620000302791595
YML074C,YNL113W,0,-5.046713,0.13671875,0.10499999672174454,0.06629999727010727
YHR043C,YIL109C,0,-5.0467863,0.1365409642457962,0.10499999672174454,0.06639999896287918
YDR379W,YOR192C-A,0,-5.0470066,0.13636364042758942,0.10499999672174454,0.06650000065565109
YMR052W,YBL100W-A,0,-5.0475388,0.13618676364421844,0.10499999672174454,0.066600002348423
YLR390W-A,YDR009W,0,-5.047553,0.13601036369800568,0.10499999672174454,0.06669999659061432
YFL029C,YHL020C,0,-5.0477185,0.13583441078662872,0.10499999672174454,0.06679999828338623
YBR107C,YER137C-A,0,-5.0477424,0.13565891981124878,0.10499999672174454,0.06689999997615814
YER109C,YLR312C-B,0,-5.047823,0.13548387587070465,0.10499999672174454,0.06700000166893005
YAR031W,YLR035C-A,0,-5.04789,0.13530927896499634,0.10499999672174454,0.06710000336170197
YCL054W,YDL112W,1,-5.047972,0.13642214238643646,0.10599999874830246,0.06710000336170197
YFR048W,YDR034C-D,0,-5.048159,0.13624678552150726,0.10599999874830246,0.06719999760389328
YKL005C,YGR272C,0,-5.048966,0.13607189059257507,0.10599999874830246,0.06729999929666519
YJL111W,YCL060C,0,-5.0489745,0.1358974426984787,0.10599999874830246,0.0674000009894371
YGL210W-A,YDR212W,0,-5.0489964,0.13572342693805695,0.10599999874830246,0.06750000268220901
YER127W,YDR165W,1,-5.0490727,0.13682864606380463,0.10700000077486038,0.06750000268220901
YML033W,YIL031W,0,-5.0490947,0.13665390014648438,0.10700000077486038,0.06759999692440033
YCR058C,YDR392W,0,-5.049377,0.13647958636283875,0.10700000077486038,0.06769999861717224
YBL045C,YGR027W-A,0,-5.0503907,0.13630573451519012,0.10700000077486038,0.06780000030994415
YDR183W,YLR157C-B,0,-5.0503907,0.13613231480121613,0.10700000077486038,0.06790000200271606
YOR310C,YBR061C,1,-5.050867,0.13722999393939972,0.1080000028014183,0.06790000200271606
YDL232W,YDR098C-B,0,-5.0514193,0.13705584406852722,0.1080000028014183,0.06800000369548798
YBR186W,YBR126C,0,-5.051475,0.13688212633132935,0.1080000028014183,0.06809999793767929
YMR303C,YCR008W,0,-5.051519,0.13670885562896729,0.1080000028014183,0.0681999996304512
YER094C,YLR227W-A,0,-5.052828,0.13653603196144104,0.1080000028014183,0.06830000132322311
YLR044C,YOR192C-B,0,-5.0532556,0.13636364042758942,0.1080000028014183,0.06840000301599503
YLR270W,YHR079C-B,0,-5.0534263,0.13619168102741241,0.1080000028014183,0.06849999725818634
YIR005W,YGR038C-A,0,-5.053778,0.13602015376091003,0.1080000028014183,0.06859999895095825
YMR043W,YGR109W-B,0,-5.0539203,0.13584905862808228,0.1080000028014183,0.06870000064373016
YLR175W,YHR148W,1,-5.054015,0.13693466782569885,0.10899999737739563,0.06870000064373016
YLR397C,YPL257W-A,0,-5.054253,0.1367628574371338,0.10899999737739563,0.06880000233650208
YCR034W,YDR365W-B,0,-5.0544906,0.13659147918224335,0.10899999737739563,0.06889999657869339
YOR240W,YJR093C,0,-5.054674,0.13642053306102753,0.10899999737739563,0.0689999982714653
YER044C-A,YDR098C-A,0,-5.054728,0.13625000417232513,0.10899999737739563,0.06909999996423721
YDR142C,YER159C-A,0,-5.05487,0.13607990741729736,0.10899999737739563,0.06920000165700912
YIL085C,YNL210W,0,-5.0555215,0.13591022789478302,0.10899999737739563,0.06930000334978104
YMR055C,YAL021C,0,-5.055659,0.1357409656047821,0.10899999737739563,0.06939999759197235
YFR024C,YLR148W,0,-5.0556827,0.1355721354484558,0.10899999737739563,0.06949999928474426
YFR051C,YPR137C-B,0,-5.0557733,0.13540372252464294,0.10899999737739563,0.06960000097751617
YLR263W,YDR261C-D,0,-5.0558686,0.1352357268333435,0.10899999737739563,0.06970000267028809
YNL082W,YAR009C,0,-5.056193,0.1350681483745575,0.10899999737739563,0.0697999969124794
YER127W,YML014W,1,-5.0562367,0.13613861799240112,0.10999999940395355,0.0697999969124794
YLR084C,YOR192C-B,0,-5.0563436,0.135970339179039,0.10999999940395355,0.06989999860525131
YCR077C,YFL018W-A,0,-5.0564914,0.1358024626970291,0.10999999940395355,0.07000000029802322
YJL166W,YER159C-A,0,-5.0566287,0.13563501834869385,0.10999999940395355,0.07010000199079514
YOR240W,YLR212C,0,-5.05718,0.13546797633171082,0.10999999940395355,0.07020000368356705
YDR439W,YGL075C,0,-5.0573096,0.1353013515472412,0.10999999940395355,0.07029999792575836
YKL200C,YOL039W,0,-5.0574765,0.13513512909412384,0.10999999940395355,0.07039999961853027
YDR322C-A,YLR410W-B,0,-5.0576797,0.1349693238735199,0.10999999940395355,0.07050000131130219
YER087C-A,YDR356W,0,-5.057901,0.1348039209842682,0.10999999940395355,0.0706000030040741
YLR175W,YLR401C,1,-5.0579767,0.13586291670799255,0.11100000143051147,0.0706000030040741
YGR108W,YPR120C,0,-5.058084,0.13569682836532593,0.11100000143051147,0.07069999724626541
YDR280W,YPL257W-B,0,-5.0583057,0.13553114235401154,0.11100000143051147,0.07079999893903732
YGL232W,YOL125W,1,-5.058438,0.13658536970615387,0.1120000034570694,0.07079999893903732
YCL012W,YHR108W,0,-5.0585446,0.13641899824142456,0.1120000034570694,0.07090000063180923
YER029C,YFL018W-A,0,-5.0587535,0.13625304400920868,0.1120000034570694,0.07100000232458115
YDR096W,YDL022W,0,-5.0589066,0.13608749210834503,0.1120000034570694,0.07109999656677246
YGL150C,YPL257W-A,0,-5.0591803,0.13592232763767242,0.1120000034570694,0.07119999825954437
YKR081C,YNL302C,0,-5.0592976,0.13575758039951324,0.1120000034570694,0.07129999995231628
YDR323C,YGR054W,0,-5.0594597,0.1355932205915451,0.1120000034570694,0.0714000016450882
YJL095W,YML058W-A,0,-5.059544,0.1354292631149292,0.1120000034570694,0.07150000333786011
YDL064W,YOR142W-A,0,-5.059818,0.13526569306850433,0.1120000034570694,0.07159999758005142
YER029C,YML033W,0,-5.0601954,0.1351025402545929,0.1120000034570694,0.07169999927282333
YLR109W,YDL223C,0,-5.060376,0.1349397599697113,0.1120000034570694,0.07180000096559525
YJL074C,YNL333W,0,-5.0605273,0.13477738201618195,0.1120000034570694,0.07190000265836716
YGR200C,YCL054W,1,-5.060531,0.13581730425357819,0.11299999803304672,0.07190000265836716
YPL212C,YDL036C,1,-5.0605817,0.13685473799705505,0.11400000005960464,0.07190000265836716
YGL210W-A,YGR183C,0,-5.0608206,0.1366906464099884,0.11400000005960464,0.07199999690055847
YNL302C,YOL142W,0,-5.060925,0.1365269422531128,0.11400000005960464,0.07209999859333038
YPL101W,YCL054W,1,-5.0609646,0.13755980134010315,0.11500000208616257,0.07209999859333038
YIL034C,YGR027W-B,0,-5.061486,0.1373954564332962,0.11500000208616257,0.0722000002861023
YGL206C,YBR284W,0,-5.0616527,0.1372314989566803,0.11500000208616257,0.0723000019788742
YNL310C,YLR256W-A,0,-5.061682,0.13706794381141663,0.11500000208616257,0.07240000367164612
YDL208W,YGR169C,1,-5.0617776,0.13809524476528168,0.11599999666213989,0.07240000367164612
YBR100W,YNR047W,0,-5.062058,0.13793103396892548,0.11599999666213989,0.07249999791383743
YMR168C,YCR066W,0,-5.06287,0.1377672255039215,0.11599999666213989,0.07259999960660934
YBR090C-A,YHR181W,0,-5.062945,0.1376037895679474,0.11599999666213989,0.07270000129938126
YKR048C,YPL257W-B,0,-5.063104,0.1374407559633255,0.11599999666213989,0.07280000299215317
YLL008W,YML043C,0,-5.0631785,0.13727810978889465,0.11599999666213989,0.07289999723434448
YDL247W,YBR090C-A,0,-5.063378,0.13711583614349365,0.11599999666213989,0.0729999989271164
YOR361C,YMR093W,0,-5.063445,0.1369539499282837,0.11599999666213989,0.0731000006198883
YPR070W,YFL035C,0,-5.063477,0.13679245114326477,0.11599999666213989,0.07320000231266022
YPL240C,YAL034W-A,0,-5.0639887,0.1366313248872757,0.11599999666213989,0.07329999655485153
YGL232W,YDL201W,1,-5.064072,0.13764706254005432,0.11699999868869781,0.07329999655485153
YCL039W,YJL059W,0,-5.064305,0.1374853104352951,0.11699999868869781,0.07339999824762344
YFR024C,YDL060W,0,-5.064483,0.13732394576072693,0.11699999868869781,0.07349999994039536
YGR048W,YGR027W-A,0,-5.0648427,0.1371629536151886,0.11699999868869781,0.07360000163316727
YDR342C,YLR346C,0,-5.0657854,0.1370023488998413,0.11699999868869781,0.07370000332593918
YPR072W,YOR088W,0,-5.0660467,0.13684210181236267,0.11699999868869781,0.0737999975681305
YBL019W,YER138C,0,-5.066178,0.13668224215507507,0.11699999868869781,0.0738999992609024
YPL181W,YDL077C,0,-5.0662904,0.13652275502681732,0.11699999868869781,0.07400000095367432
YOR240W,YIR004W,0,-5.0663705,0.13636364042758942,0.11699999868869781,0.07410000264644623
YKL144C,YKR079C,0,-5.066544,0.13620488345623016,0.11699999868869781,0.07419999688863754
YFL010W-A,YBR092C,0,-5.0666547,0.13604651391506195,0.11699999868869781,0.07429999858140945
YLR401C,YNL075W,1,-5.066664,0.13704994320869446,0.11800000071525574,0.07429999858140945
YDR461W,YJL012C-A,0,-5.066858,0.1368909478187561,0.11800000071525574,0.07440000027418137
YMR061W,YPR158C-C,0,-5.066987,0.1367323249578476,0.11800000071525574,0.07450000196695328
YHR135C,YER138C,0,-5.067285,0.13657407462596893,0.11800000071525574,0.07460000365972519
YNL062C,YBR061C,1,-5.0673766,0.1375722587108612,0.11900000274181366,0.07460000365972519
YPL086C,YOR310C,1,-5.067516,0.13856813311576843,0.11999999731779099,0.07460000365972519
YNR038W,YOR343W-A,0,-5.067887,0.13840830326080322,0.11999999731779099,0.0746999979019165
YMR096W,YOR192C-A,0,-5.067937,0.13824884593486786,0.11999999731779099,0.07479999959468842
YLR197W,YOL093W,1,-5.068025,0.13924050331115723,0.12099999934434891,0.07479999959468842
YOR240W,YNL082W,0,-5.0683775,0.1390804648399353,0.12099999934434891,0.07490000128746033
YIL155C,YDR490C,0,-5.0685244,0.13892078399658203,0.12099999934434891,0.07500000298023224
YOR310C,YGR169C,1,-5.0689254,0.13990825414657593,0.12200000137090683,0.07500000298023224
YPL091W,YCL060C,0,-5.0693407,0.1397479921579361,0.12200000137090683,0.07509999722242355
YKR076W,YLR126C,0,-5.069546,0.1395881026983261,0.12200000137090683,0.07519999891519547
YCL059C,YOR343W-A,0,-5.0696545,0.13942857086658478,0.12200000137090683,0.07530000060796738
YOR032C,YBR100W,0,-5.069813,0.1392694115638733,0.12200000137090683,0.07540000230073929
YHR039C-B,YLL040C,0,-5.0698133,0.13911060988903046,0.12200000137090683,0.0754999965429306
YOL112W,YLL056C,0,-5.070116,0.13895216584205627,0.12200000137090683,0.07559999823570251
YKL110C,YCL054W,1,-5.0702114,0.13993173837661743,0.12300000339746475,0.07559999823570251
YBR042C,YML033W,0,-5.070307,0.13977272808551788,0.12300000339746475,0.07569999992847443
YMR060C,YOR343W-B,0,-5.0703144,0.139614075422287,0.12300000339746475,0.07580000162124634
YPR072W,YGR038C-A,0,-5.070927,0.13945578038692474,0.12300000339746475,0.07590000331401825
YEL063C,YCL062W,0,-5.071169,0.13929784297943115,0.12300000339746475,0.07599999755620956
YAR003W,YGR109W-B,0,-5.0716987,0.1391402781009674,0.12300000339746475,0.07609999924898148
YDL207W,YLL017W,0,-5.0721097,0.13898305594921112,0.12300000339746475,0.07620000094175339
YLR291C,YOR343W-A,0,-5.0722194,0.1388261914253235,0.12300000339746475,0.0763000026345253
YNL182C,YPR112C,0,-5.072292,0.1386696696281433,0.12300000339746475,0.07639999687671661
YLR175W,YPL086C,1,-5.072299,0.13963964581489563,0.12399999797344208,0.07639999687671661
YHR072W-A,YCL054W,1,-5.0724807,0.14060741662979126,0.125,0.07639999687671661
YMR092C,YOL065C,0,-5.072906,0.1404494345188141,0.125,0.07649999856948853
YOL017W,YML016C,0,-5.072922,0.14029181003570557,0.125,0.07660000026226044
YDR171W,YFL035C-A,0,-5.0730224,0.1401345282793045,0.125,0.07670000195503235
YDR145W,YPR137C-A,0,-5.0732107,0.1399776041507721,0.125,0.07680000364780426
YHR005C-A,YGL046W,0,-5.0733204,0.13982102274894714,0.125,0.07689999788999557
YHR039C-B,YBR097W,0,-5.0738664,0.13966479897499084,0.125,0.07699999958276749
YIL119C,YHR138C,0,-5.0742326,0.1395089328289032,0.125,0.0771000012755394
YKL053C-A,YLR312C-B,0,-5.0742364,0.13935339450836182,0.125,0.07720000296831131
YMR287C,YNL054W-B,0,-5.07462,0.1391982138156891,0.125,0.07729999721050262
YIL138C,YBL005W-A,0,-5.074921,0.13904337584972382,0.125,0.07739999890327454
YJL198W,YPL257W-B,0,-5.0758204,0.1388888955116272,0.125,0.07750000059604645
YFR055W,YOR206W,0,-5.0762787,0.13873474299907684,0.125,0.07760000228881836
YNL014W,YPL257W-A,0,-5.076446,0.13858093321323395,0.125,0.07769999653100967
YAL026C,YJL085W,0,-5.077237,0.1384274661540985,0.125,0.07779999822378159
YOR162C,YGL249W,0,-5.0772967,0.13827434182167053,0.125,0.0778999999165535
YOL125W,YDL201W,1,-5.0774293,0.1392265260219574,0.12600000202655792,0.0778999999165535
YKR099W,YHR167W,0,-5.0774693,0.13907285034656525,0.12600000202655792,0.07800000160932541
YPL175W,YAR009C,0,-5.0774865,0.13891951739788055,0.12600000202655792,0.07810000330209732
YER159C,YBL005W-B,0,-5.077725,0.13876652717590332,0.12600000202655792,0.07819999754428864
YER127W,YLR197W,1,-5.077728,0.13971397280693054,0.12700000405311584,0.07819999754428864
YDR329C,YJR035W,0,-5.0778027,0.13956044614315033,0.12700000405311584,0.07829999923706055
YOR237W,YGL096W,0,-5.078052,0.13940724730491638,0.12700000405311584,0.07840000092983246
YDR212W,YGR111W,0,-5.0780697,0.1392543911933899,0.12700000405311584,0.07850000262260437
YHR148W,YCL054W,1,-5.0781975,0.14019715785980225,0.12800000607967377,0.07850000262260437
YIL021W,YDR098C-B,0,-5.0784297,0.14004376530647278,0.12800000607967377,0.07859999686479568
YHL024W,YPR078C,0,-5.0788245,0.13989071547985077,0.12800000607967377,0.0786999985575676
YGR158C,YGL171W,0,-5.0800853,0.13973799347877502,0.12800000607967377,0.07880000025033951
YHR079C-B,YKL148C,0,-5.0801606,0.13958559930324554,0.12800000607967377,0.07890000194311142
YHR008C,YGR027W-A,0,-5.080161,0.13943354785442352,0.12800000607967377,0.07900000363588333
YFL057C,YGR070W,0,-5.0805497,0.13928182423114777,0.12800000607967377,0.07909999787807465
YBR084W,YNR015W,1,-5.080589,0.1402173936367035,0.1289999932050705,0.07909999787807465
YOR310C,YOL093W,1,-5.0806403,0.14115092158317566,0.12999999523162842,0.07909999787807465
YGR083C,YPL257W-B,0,-5.08085,0.14099782705307007,0.12999999523162842,0.07919999957084656
YLR382C,YDR494W,0,-5.081078,0.14084507524967194,0.12999999523162842,0.07930000126361847
YMR032W,YCL060C,0,-5.081263,0.14069263637065887,0.12999999523162842,0.07940000295639038
YHR062C,YMR146C,0,-5.0818744,0.14054054021835327,0.12999999523162842,0.0794999971985817
YPL179W,YBR111W-A,0,-5.082472,0.14038877189159393,0.12999999523162842,0.07959999889135361
YLR270W,YNL003C,0,-5.0826955,0.14023733139038086,0.12999999523162842,0.07970000058412552
YOL122C,YER138C,0,-5.0837507,0.14008620381355286,0.12999999523162842,0.07980000227689743
YCR058C,YDR227W,0,-5.083895,0.1399354189634323,0.12999999523162842,0.07989999651908875
YGL143C,YDR210C-D,0,-5.083938,0.13978494703769684,0.12999999523162842,0.07999999821186066
YOR187W,YDR316W-B,0,-5.083938,0.13963480293750763,0.12999999523162842,0.08009999990463257
YAL040C,YFL035C-A,0,-5.0840497,0.1394849717617035,0.12999999523162842,0.08020000159740448
YGR247W,YKR095W-A,0,-5.0841517,0.1393354833126068,0.12999999523162842,0.08030000329017639
YDL080C,YGR027W-B,0,-5.0841517,0.139186292886734,0.12999999523162842,0.0803999975323677
YER111C,YLR410W-A,0,-5.0841517,0.13903743028640747,0.12999999523162842,0.08049999922513962
YGR077C,YLL017W,0,-5.0841947,0.1388888955116272,0.12999999523162842,0.08060000091791153
YNL161W,YPL283C,0,-5.0846143,0.1387406587600708,0.12999999523162842,0.08070000261068344
YCR061W,YMR210W,0,-5.08501,0.13859274983406067,0.12999999523162842,0.08079999685287476
YOR136W,YFL035C,0,-5.085254,0.1384451538324356,0.12999999523162842,0.08089999854564667
YDR464W,YHR214C-B,0,-5.0854793,0.13829787075519562,0.12999999523162842,0.08100000023841858
YGR119C,YHR157W,0,-5.0860186,0.1381509006023407,0.12999999523162842,0.08110000193119049
YNL027W,YFR024C,0,-5.086368,0.13800424337387085,0.12999999523162842,0.0812000036239624
YKL200C,YER180C-A,0,-5.086406,0.13785789906978607,0.12999999523162842,0.08129999786615372
YOR351C,YCL074W,0,-5.086702,0.13771186769008636,0.12999999523162842,0.08139999955892563
YLR055C,YLR126C,0,-5.0867167,0.13756613433361053,0.12999999523162842,0.08150000125169754
YER020W,YHL009W-B,0,-5.086718,0.13742071390151978,0.12999999523162842,0.08160000294446945
YGL099W,YDR316W-A,0,-5.0881085,0.1372756063938141,0.12999999523162842,0.08169999718666077
YAL020C,YGL063W,1,-5.0882277,0.13818565011024475,0.13099999725818634,0.08169999718666077
YMR026C,YIL080W,0,-5.0883975,0.13804003596305847,0.13099999725818634,0.08179999887943268
YCL054W,YGL232W,1,-5.0886855,0.13894736766815186,0.13199999928474426,0.08179999887943268
YDL244W,YBR183W,0,-5.0886955,0.13880126178264618,0.13199999928474426,0.08190000057220459
YBR084W,YGL063W,1,-5.088745,0.13970588147640228,0.13300000131130219,0.08190000057220459
YLR337C,YLR224W,0,-5.089889,0.1395592838525772,0.13300000131130219,0.0820000022649765
YCL067C,YBR284W,0,-5.0902934,0.1394129991531372,0.13300000131130219,0.08209999650716782
YGR230W,YLL018C-A,0,-5.0907784,0.13926701247692108,0.13300000131130219,0.08219999819993973
YBR170C,YLR256W-A,0,-5.090835,0.13912133872509003,0.13300000131130219,0.08229999989271164
YIL072W,YGR109W-B,0,-5.0908885,0.13897596299648285,0.13300000131130219,0.08240000158548355
YBR211C,YOR356W,0,-5.0911336,0.13883090019226074,0.13300000131130219,0.08250000327825546
YAL032C,YBR012W-A,0,-5.091516,0.1386861354112625,0.13300000131130219,0.08259999752044678
YHR019C,YDR210C-D,0,-5.0915337,0.13854166865348816,0.13300000131130219,0.08269999921321869
YMR303C,YKR076W,0,-5.09222,0.13839749991893768,0.13300000131130219,0.0828000009059906
YGL150C,YDR316W-B,0,-5.0924563,0.13825364410877228,0.13300000131130219,0.08290000259876251
YGR092W,YDL247W,0,-5.0924954,0.13811007142066956,0.13300000131130219,0.08299999684095383
YLR197W,YDL112W,1,-5.0928936,0.1390041559934616,0.1340000033378601,0.08299999684095383
YBR168W,YDR170W-A,0,-5.093249,0.13886010646820068,0.1340000033378601,0.08309999853372574
YOR308C,YMR077C,0,-5.093482,0.13871635496616364,0.1340000033378601,0.08320000022649765
YFL038C,YJR120W,0,-5.0935235,0.13857290148735046,0.1340000033378601,0.08330000191926956
YBR114W,YNL304W,0,-5.0936017,0.13842974603176117,0.1340000033378601,0.08340000361204147
YGL241W,YNL262W,0,-5.0939727,0.13828688859939575,0.1340000033378601,0.08349999785423279
YPL085W,YCL020W,0,-5.094136,0.1381443291902542,0.1340000033378601,0.0835999995470047
YJL125C,YGL232W,1,-5.0943584,0.13903193175792694,0.13500000536441803,0.0835999995470047
YPL254W,YNL113W,0,-5.0947657,0.1388888955116272,0.13500000536441803,0.08370000123977661
YBR106W,YPL257W-B,0,-5.0948405,0.13874614238739014,0.13500000536441803,0.08380000293254852
YDL017W,YDL106C,0,-5.0953574,0.13860370218753815,0.13500000536441803,0.08389999717473984
YML033W,YOR179C,0,-5.0954337,0.13846154510974884,0.13500000536441803,0.08399999886751175
YKL200C,YOR095C,0,-5.0959563,0.13831967115402222,0.13500000536441803,0.08410000056028366
YDR228C,YNL248C,0,-5.0960326,0.13817809522151947,0.13500000536441803,0.08420000225305557
YLR097C,YBL005W-B,0,-5.0962176,0.1380368024110794,0.13500000536441803,0.08429999649524689
YIL159W,YBR090C-A,0,-5.096316,0.13789580762386322,0.13500000536441803,0.0843999981880188
YGL053W,YAR044W,0,-5.0963235,0.13775509595870972,0.13500000536441803,0.08449999988079071
YHR186C,YKL088W,0,-5.096534,0.1376146823167801,0.13500000536441803,0.08460000157356262
YDL008W,YCR028C-A,0,-5.0966454,0.13747453689575195,0.13500000536441803,0.08470000326633453
YJR043C,YCR102C,0,-5.0968223,0.1373346894979477,0.13500000536441803,0.08479999750852585
YGR278W,YGR089W,0,-5.097151,0.13719512522220612,0.13500000536441803,0.08489999920129776
YJR006W,YNL262W,0,-5.097163,0.13705584406852722,0.13500000536441803,0.08500000089406967
YCR031C,YGR161W-B,0,-5.098501,0.13691683113574982,0.13500000536441803,0.08510000258684158
YPR135W,YAL034W-A,0,-5.0985546,0.1367781162261963,0.13500000536441803,0.0851999968290329
YDL036C,YGL232W,1,-5.0988736,0.13765181601047516,0.13600000739097595,0.0851999968290329
YDR465C,YOR343W-B,0,-5.0995827,0.13751263916492462,0.13600000739097595,0.08529999852180481
YPL269W,YCL020W,0,-5.100117,0.13737373054027557,0.13600000739097595,0.08540000021457672
YLR401C,YPL086C,1,-5.1005907,0.13824419677257538,0.13699999451637268,0.08540000021457672
YER087C-A,YLR249W,0,-5.100756,0.13810484111309052,0.13699999451637268,0.08550000190734863
YKR046C,YHR106W,0,-5.1009464,0.13796575367450714,0.13699999451637268,0.08560000360012054
YER014C-A,YBL013W,0,-5.1013474,0.13782696425914764,0.13699999451637268,0.08569999784231186
YDR299W,YOR343W-B,0,-5.101532,0.13768844306468964,0.13699999451637268,0.08579999953508377
YBR079C,YHR062C,0,-5.1015725,0.1375502049922943,0.13699999451637268,0.08590000122785568
YBR026C,YHL009W-B,0,-5.101647,0.13741223514080048,0.13699999451637268,0.0860000029206276
YER127W,YOL125W,1,-5.1017995,0.13827654719352722,0.1379999965429306,0.0860000029206276
YJL125C,YDL201W,1,-5.102742,0.13913914561271667,0.13899999856948853,0.0860000029206276
YNL113W,YKR057W,0,-5.1029363,0.13899999856948853,0.13899999856948853,0.08609999716281891
YNL111C,YDR210W-B,0,-5.1030293,0.13886113464832306,0.13899999856948853,0.08619999885559082
YDR281C,YOR356W,0,-5.103061,0.13872255384922028,0.13899999856948853,0.08630000054836273
YGL120C,YCL031C,0,-5.1031585,0.13858424127101898,0.13899999856948853,0.08640000224113464
YDL101C,YLR126C,0,-5.103194,0.13844621181488037,0.13899999856948853,0.08649999648332596
YNR015W,YGL232W,1,-5.104387,0.13930347561836243,0.14000000059604645,0.08649999648332596
YHR164C,YDR170W-A,0,-5.10449,0.1391650140285492,0.14000000059604645,0.08659999817609787
YJL095W,YBR245C,0,-5.1050744,0.13902680575847626,0.14000000059604645,0.08669999986886978
YLR401C,YDR165W,1,-5.1051,0.1398809552192688,0.14100000262260437,0.08669999986886978
YER127W,YHR072W-A,1,-5.1054277,0.14073340594768524,0.1420000046491623,0.08669999986886978
YER168C,YNR015W,1,-5.105471,0.14158415794372559,0.14300000667572021,0.08669999986886978
YMR116C,YPR137C-B,0,-5.105794,0.1414441168308258,0.14300000667572021,0.0868000015616417
YGL048C,YJR120W,0,-5.105817,0.14130434393882751,0.14300000667572021,0.0869000032544136
YBR065C,YLL017W,0,-5.10583,0.1411648541688919,0.14300000667572021,0.08699999749660492
YOR310C,YLR197W,1,-5.1061287,0.1420118361711502,0.14399999380111694,0.08699999749660492
YDL209C,YHR214C-B,0,-5.1062007,0.14187191426753998,0.14399999380111694,0.08709999918937683
YJL109C,YMR046C,0,-5.10636,0.14173229038715363,0.14399999380111694,0.08720000088214874
YLR417W,YJL012C-A,0,-5.106424,0.14159291982650757,0.14399999380111694,0.08730000257492065
YGL229C,YBL005W-B,0,-5.106648,0.1414538323879242,0.14399999380111694,0.08739999681711197
YNL078W,YLR346C,0,-5.107005,0.1413150131702423,0.14399999380111694,0.08749999850988388
YPR140W,YGR054W,0,-5.1071954,0.1411764770746231,0.14399999380111694,0.08760000020265579
YGR046W,YGL249W,0,-5.1072736,0.1410381942987442,0.14399999380111694,0.0877000018954277
YOR056C,YGL046W,0,-5.1072917,0.14090019464492798,0.14399999380111694,0.08780000358819962
YDL245C,YBR012W-B,0,-5.1074185,0.14076246321201324,0.14399999380111694,0.08789999783039093
YDL074C,YKL205W,0,-5.107607,0.140625,0.14399999380111694,0.08799999952316284
YNL251C,YDR457W,0,-5.1076427,0.14048780500888824,0.14399999380111694,0.08810000121593475
YDL035C,YGR059W,0,-5.107993,0.14035087823867798,0.14399999380111694,0.08820000290870667
YPR046W,YOR338W,0,-5.1080494,0.1402142196893692,0.14399999380111694,0.08829999715089798
YIL040W,YPL257W-A,0,-5.1080976,0.14007781445980072,0.14399999380111694,0.08839999884366989
YKL194C,YLR035C-A,0,-5.1083703,0.13994169235229492,0.14399999380111694,0.0885000005364418
YMR309C,YHR079C-B,0,-5.1087914,0.13980582356452942,0.14399999380111694,0.08860000222921371
YDL112W,YDR165W,1,-5.1088815,0.14064015448093414,0.14499999582767487,0.08860000222921371
YJR063W,YKR060W,0,-5.1093855,0.1405038833618164,0.14499999582767487,0.08869999647140503
YER168C,YBL024W,1,-5.1095862,0.14133591949939728,0.1459999978542328,0.08869999647140503
YKR095W-A,YOR362C,0,-5.110421,0.1411992311477661,0.1459999978542328,0.08879999816417694
YPL084W,YGR109W-B,0,-5.110651,0.14106279611587524,0.1459999978542328,0.08889999985694885
YIL110W,YFL002W-B,0,-5.110885,0.14092664420604706,0.1459999978542328,0.08900000154972076
YDR106W,YLR205C,0,-5.110905,0.14079074561595917,0.1459999978542328,0.08910000324249268
YKL200C,YPL093W,0,-5.110955,0.14065510034561157,0.1459999978542328,0.08919999748468399
YER168C,YGL232W,1,-5.1110363,0.1414821892976761,0.1469999998807907,0.08919999748468399
YNL311C,YBR111W-A,0,-5.111275,0.14134615659713745,0.1469999998807907,0.0892999991774559
YLR175W,YMR312W,1,-5.1114855,0.1421709954738617,0.14800000190734863,0.0892999991774559
YDR295C,YBR081C,0,-5.1115975,0.14203454554080963,0.14800000190734863,0.08940000087022781
YGR108W,YPL163C,0,-5.111657,0.14189836382865906,0.14800000190734863,0.08950000256299973
YOR123C,YIL139C,0,-5.111666,0.14176245033740997,0.14800000190734863,0.08959999680519104
YJL125C,YMR283C,1,-5.1121554,0.1425837278366089,0.14900000393390656,0.08959999680519104
YBL056W,YGR122W,0,-5.112156,0.14244741201400757,0.14900000393390656,0.08969999849796295
YHR023W,YLR417W,0,-5.112372,0.14231136441230774,0.14900000393390656,0.08980000019073486
YNR019W,YCR028C-A,0,-5.1126227,0.1421755701303482,0.14900000393390656,0.08990000188350677
YER168C,YGL063W,1,-5.112747,0.14299333095550537,0.15000000596046448,0.08990000188350677
YFL035C-A,YHR056C,0,-5.1134458,0.1428571492433548,0.15000000596046448,0.09000000357627869
YMR091C,YHL012W,0,-5.113648,0.14272122085094452,0.15000000596046448,0.09009999781847
YMR139W,YIL080W,0,-5.113772,0.14258554577827454,0.15000000596046448,0.09019999951124191
YPL266W,YLR401C,1,-5.1145005,0.14339980483055115,0.1509999930858612,0.09019999951124191
YPR081C,YNL142W,0,-5.1150374,0.14326375722885132,0.1509999930858612,0.09030000120401382
YML001W,YDR261W-B,0,-5.1152034,0.14312796294689178,0.1509999930858612,0.09040000289678574
YMR073C,YPR137C-A,0,-5.115672,0.14299242198467255,0.1509999930858612,0.09049999713897705
YPL101W,YJL125C,1,-5.1161914,0.14380322396755219,0.15199999511241913,0.09049999713897705
YDR113C,YJL074C,0,-5.116274,0.1436672955751419,0.15199999511241913,0.09059999883174896
YKL176C,YDR227W,0,-5.1164107,0.14353163540363312,0.15199999511241913,0.09070000052452087
YGR200C,YOR310C,1,-5.116639,0.14433962106704712,0.15299999713897705,0.09070000052452087
YIR021W,YLR035C-A,0,-5.116667,0.14420358836650848,0.15299999713897705,0.09080000221729279
YBR170C,YLR006C,0,-5.116677,0.14406779408454895,0.15299999713897705,0.0908999964594841
YPL101W,YER127W,1,-5.117024,0.1448730081319809,0.15399999916553497,0.0908999964594841
YOR281C,YHR167W,0,-5.1170993,0.14473684132099152,0.15399999916553497,0.09099999815225601
YMR207C,YCL074W,0,-5.117133,0.14460094273090363,0.15399999916553497,0.09109999984502792
YLR107W,YLR132C,0,-5.117479,0.14446529746055603,0.15399999916553497,0.09120000153779984
YNL328C,YFR030W,0,-5.118025,0.14432989060878754,0.15399999916553497,0.09130000323057175
YKL185W,YFL011W-A,0,-5.118171,0.14419475197792053,0.15399999916553497,0.09139999747276306
YHR181W,YDR210C-D,0,-5.118259,0.14405986666679382,0.15399999916553497,0.09149999916553497
YFL011W-A,YFL018C,0,-5.118516,0.1439252346754074,0.15399999916553497,0.09160000085830688
YAL013W,YOR088W,0,-5.1185718,0.1437908560037613,0.15399999916553497,0.0917000025510788
YHR187W,YGL063W,1,-5.118668,0.14458955824375153,0.1550000011920929,0.0917000025510788
YDL160C,YOR208W,0,-5.1191726,0.14445480704307556,0.1550000011920929,0.09179999679327011
YDL150W,YHL009W-B,0,-5.119795,0.1443202942609787,0.1550000011920929,0.09189999848604202
YNL328C,YJL093C,0,-5.1202865,0.14418604969978333,0.1550000011920929,0.09200000017881393
YER168C,YDL036C,1,-5.1203895,0.14498141407966614,0.15600000321865082,0.09200000017881393
YGR111W,YIL029C,0,-5.120503,0.14484679698944092,0.15600000321865082,0.09210000187158585
YMR275C,YOR290C,0,-5.121306,0.144712433218956,0.15600000321865082,0.09220000356435776
YBR084W,YGR024C,1,-5.121485,0.14550510048866272,0.15700000524520874,0.09220000356435776
YIL131C,YCL020W,0,-5.1218095,0.14537036418914795,0.15700000524520874,0.09229999780654907
YDR358W,YAR031W,0,-5.121948,0.14523589611053467,0.15700000524520874,0.09239999949932098
YBR084W,YOR201C,1,-5.1219716,0.1460258811712265,0.15800000727176666,0.09239999949932098
YBR039W,YJL012C-A,0,-5.122544,0.14589104056358337,0.15800000727176666,0.0925000011920929
YHR148W,YHR072W-A,1,-5.1229424,0.14667896926403046,0.1589999943971634,0.0925000011920929
YJL010C,YIL139C,0,-5.1235213,0.14654378592967987,0.1589999943971634,0.09260000288486481
YLL013C,YMR050C,0,-5.1235957,0.1464088410139084,0.1589999943971634,0.09269999712705612
YER106W,YJR120W,0,-5.12373,0.1462741494178772,0.1589999943971634,0.09279999881982803
YLR401C,YLR197W,1,-5.124455,0.14705882966518402,0.1599999964237213,0.09279999881982803
YPL106C,YIL135C,0,-5.1246095,0.14692378044128418,0.1599999964237213,0.09290000051259995
YBR153W,YFL026W,0,-5.1250033,0.14678898453712463,0.1599999964237213,0.09300000220537186
YOL021C,YDR346C,0,-5.1258535,0.14665444195270538,0.1599999964237213,0.09309999644756317
YPR175W,YDL060W,0,-5.1259465,0.14652015268802643,0.1599999964237213,0.09319999814033508
YGL232W,YNR046W,1,-5.126009,0.14730100333690643,0.16099999845027924,0.09319999814033508
YKL110C,YOR310C,1,-5.1269145,0.14808043837547302,0.16200000047683716,0.09319999814033508
YMR139W,YHL034C,0,-5.1272626,0.14794521033763885,0.16200000047683716,0.093299999833107
YHR023W,YNL299W,0,-5.1273293,0.1478102207183838,0.16200000047683716,0.0934000015258789
YMR232W,YHR205W,0,-5.1275945,0.14767548441886902,0.16200000047683716,0.09350000321865082
YGL210W-A,YGL126W,0,-5.1278615,0.14754098653793335,0.16200000047683716,0.09359999746084213
YGL063W,YBR061C,1,-5.1280427,0.1483166515827179,0.16300000250339508,0.09359999746084213
YER108C,YKL117W,0,-5.1281304,0.14818181097507477,0.16300000250339508,0.09369999915361404
YNL139C,YJL012C-A,0,-5.12815,0.14804722368717194,0.16300000250339508,0.09380000084638596
YPL101W,YGL232W,1,-5.128452,0.14882032573223114,0.164000004529953,0.09380000084638596
YNL075W,YDL201W,1,-5.1284833,0.14959202706813812,0.16500000655651093,0.09380000084638596
YGL135W,YOR142W-B,0,-5.1288366,0.14945651590824127,0.16500000655651093,0.09390000253915787
YBR008C,YCL062W,0,-5.129074,0.1493212729692459,0.16500000655651093,0.09399999678134918
YGR200C,YKL110C,1,-5.1291747,0.15009041130542755,0.16599999368190765,0.09399999678134918
YHR197W,YGR072W,0,-5.1294456,0.14995482563972473,0.16599999368190765,0.0940999984741211
YER168C,YLR401C,1,-5.1295,0.15072202682495117,0.16699999570846558,0.0940999984741211
YGR200C,YDR165W,1,-5.1295586,0.1514878273010254,0.1679999977350235,0.0940999984741211
YOL069W,YJR046W,0,-5.129684,0.15135134756565094,0.1679999977350235,0.094200000166893
YER073W,YMR046C,0,-5.1297374,0.15121512115001678,0.1679999977350235,0.09430000185966492
YBR100W,YOR362C,0,-5.130353,0.15107913315296173,0.1679999977350235,0.09440000355243683
YIL049W,YLR346C,0,-5.1304035,0.15094339847564697,0.1679999977350235,0.09449999779462814
YBR084W,YML005W,1,-5.130503,0.1517055630683899,0.16899999976158142,0.09449999779462814
YNL314W,YGL153W,0,-5.1306663,0.15156950056552887,0.16899999976158142,0.09459999948740005
YOL002C,YIL080W,0,-5.132129,0.15143369138240814,0.16899999976158142,0.09470000118017197
YCL039W,YBR284W,0,-5.132317,0.15129812061786652,0.16899999976158142,0.09480000287294388
YGR200C,YMR312W,1,-5.132978,0.1520572453737259,0.17000000178813934,0.09480000287294388
YGR147C,YCR102C,0,-5.133068,0.1519213616847992,0.17000000178813934,0.09489999711513519
YHR072W-A,YDR165W,1,-5.1332135,0.15267856419086456,0.17100000381469727,0.09489999711513519
YDR386W,YEL065W,0,-5.1332273,0.1525423675775528,0.17100000381469727,0.0949999988079071
YLR081W,YOR162C,0,-5.1339784,0.15240642428398132,0.17100000381469727,0.09510000050067902
YPL086C,YGR169C,1,-5.133997,0.1531611680984497,0.1720000058412552,0.09510000050067902
YIL031W,YMR050C,0,-5.1340995,0.15302491188049316,0.1720000058412552,0.09520000219345093
YBR084W,YOL093W,1,-5.1344333,0.15377777814865112,0.17299999296665192,0.09520000219345093
YEL017C-A,YML033W,0,-5.1346188,0.1536412090063095,0.17299999296665192,0.09529999643564224
YGL063W,YDL112W,1,-5.1350255,0.15439219772815704,0.17399999499320984,0.09529999643564224
YGR169C,YDR165W,1,-5.135216,0.15514184534549713,0.17499999701976776,0.09529999643564224
YOR240W,YMR270C,0,-5.135349,0.15500442683696747,0.17499999701976776,0.09539999812841415
YKR081C,YDL038C,0,-5.135542,0.1548672616481781,0.17499999701976776,0.09549999982118607
YFL018C,YDR330W,0,-5.13559,0.15473031997680664,0.17499999701976776,0.09560000151395798
YNL136W,YDL247W,0,-5.13573,0.15459364652633667,0.17499999701976776,0.09570000320672989
YBR100W,YOR193W,0,-5.135837,0.1544571965932846,0.17499999701976776,0.0957999974489212
YLR014C,YPL239W,0,-5.1361594,0.15432098507881165,0.17499999701976776,0.09589999914169312
YHR205W,YOL004W,0,-5.1362,0.15418502688407898,0.17499999701976776,0.09600000083446503
YPR034W,YFL002C,0,-5.136534,0.15404929220676422,0.17499999701976776,0.09610000252723694
YNL312W,YGR054W,0,-5.136983,0.15391381084918976,0.17499999701976776,0.09619999676942825
YLR175W,YDL112W,1,-5.137164,0.1546572893857956,0.17599999904632568,0.09619999676942825
YJR021C,YDR247W,0,-5.1378393,0.15452151000499725,0.17599999904632568,0.09629999846220016
YNL142W,YBL005W-A,0,-5.137881,0.15438596904277802,0.17599999904632568,0.09640000015497208
YNL119W,YGL046W,0,-5.138248,0.15425065159797668,0.17599999904632568,0.09650000184774399
YBR049C,YBR069C,0,-5.1382623,0.15411558747291565,0.17599999904632568,0.0966000035405159
YDR363W,YBL003C,0,-5.1385126,0.15398074686527252,0.17599999904632568,0.09669999778270721
YBR199W,YER180C-A,0,-5.139019,0.1538461595773697,0.17599999904632568,0.09679999947547913
YBR017C,YPR162C,0,-5.139193,0.15371179580688477,0.17599999904632568,0.09690000116825104
YOL043C,YER180C-A,0,-5.1392384,0.15357765555381775,0.17599999904632568,0.09700000286102295
YER179W,YOL113W,0,-5.140546,0.15344376862049103,0.17599999904632568,0.09709999710321426
YFL023W,YGL216W,0,-5.140596,0.15331010520458221,0.17599999904632568,0.09719999879598618
YAL007C,YGL225W,0,-5.140681,0.1531766802072525,0.17599999904632568,0.09730000048875809
YFL057C,YBR126C,0,-5.1409497,0.1530434787273407,0.17599999904632568,0.09740000218153
YLR385C,YHR214C-B,0,-5.1412253,0.152910515666008,0.17599999904632568,0.09749999642372131
YHR148W,YKL110C,1,-5.1415486,0.1536458283662796,0.1770000010728836,0.09749999642372131
YDR072C,YEL057C,0,-5.141553,0.15351258218288422,0.1770000010728836,0.09759999811649323
YLR223C,YLR313C,0,-5.1424828,0.15337954461574554,0.1770000010728836,0.09769999980926514
YIL160C,YJL222W,0,-5.143479,0.15324676036834717,0.1770000010728836,0.09780000150203705
YLR153C,YIL125W,0,-5.143558,0.1531141847372055,0.1770000010728836,0.09790000319480896
YER168C,YDL201W,1,-5.1439505,0.1538461595773697,0.17800000309944153,0.09790000319480896
YKL018W,YDR261C-D,0,-5.144957,0.15371330082416534,0.17800000309944153,0.09799999743700027
YPL266W,YBR061C,1,-5.1454268,0.15444348752498627,0.17900000512599945,0.09799999743700027
YPR200C,YHR030C,0,-5.1454396,0.15431034564971924,0.17900000512599945,0.09809999912977219
YPL240C,YOR127W,0,-5.1458163,0.15417742729187012,0.17900000512599945,0.0982000008225441
YER073W,YHR203C,0,-5.14609,0.1540447473526001,0.17900000512599945,0.09830000251531601
YMR073C,YER138C,0,-5.1463137,0.15391229093074799,0.17900000512599945,0.09839999675750732
YPR019W,YNL298W,0,-5.14657,0.15378007292747498,0.17900000512599945,0.09849999845027924
YKR029C,YJL114W,0,-5.146653,0.15364806354045868,0.17900000512599945,0.09860000014305115
YMR014W,YNL213C,0,-5.146828,0.15351629257202148,0.17900000512599945,0.09870000183582306
YGL019W,YML011C,0,-5.146832,0.1533847451210022,0.17900000512599945,0.09880000352859497
YER054C,YBR066C,0,-5.1469493,0.15325342118740082,0.17900000512599945,0.09889999777078629
YNL182C,YDR023W,0,-5.1470947,0.15312232077121735,0.17900000512599945,0.0989999994635582
YML058W-A,YNL131W,0,-5.147244,0.15299145877361298,0.17900000512599945,0.09910000115633011
YJL076W,YDL109C,0,-5.1475196,0.15286080539226532,0.17900000512599945,0.09920000284910202
YMR177W,YGL162W,0,-5.14756,0.15273037552833557,0.17900000512599945,0.09929999709129333
YER168C,YHR148W,1,-5.147878,0.15345267951488495,0.18000000715255737,0.09929999709129333
YDL130W-A,YDR131C,0,-5.148957,0.1533219814300537,0.18000000715255737,0.09939999878406525
YKL200C,YNL264C,0,-5.1489806,0.1531914919614792,0.18000000715255737,0.09950000047683716
YGL027C,YDR479C,0,-5.149309,0.15306122601032257,0.18000000715255737,0.09960000216960907
YOL104C,YDR235W,0,-5.1493316,0.15293118357658386,0.18000000715255737,0.09969999641180038
YMR303C,YBR068C,0,-5.1493697,0.15280136466026306,0.18000000715255737,0.0997999981045723
YLL008W,YDR365C,0,-5.149411,0.15267175436019897,0.18000000715255737,0.09989999979734421
YPR161C,YLR301W,0,-5.149509,0.1525423675775528,0.18000000715255737,0.10000000149011612
YNL334C,YNL046W,0,-5.149519,0.15241320431232452,0.18000000715255737,0.10010000318288803
YFL026W,YBL005W-A,0,-5.149593,0.15228426456451416,0.18000000715255737,0.10019999742507935
YBR214W,YGR111W,0,-5.149714,0.1521555334329605,0.18000000715255737,0.10029999911785126
YDR017C,YAL034W-A,0,-5.1497283,0.15202702581882477,0.18000000715255737,0.10040000081062317
YGR179C,YBR171W,0,-5.1498713,0.15189872682094574,0.18000000715255737,0.10050000250339508
YCL017C,YNL334C,0,-5.15033,0.15177065134048462,0.18000000715255737,0.1005999967455864
YLR175W,YOL093W,1,-5.1506968,0.15248525142669678,0.1809999942779541,0.1005999967455864
YNL062C,YGL063W,1,-5.1510673,0.15319865942001343,0.18199999630451202,0.1005999967455864
YCR066W,YCR102C,0,-5.1510725,0.15306980907917023,0.18199999630451202,0.1006999984383583
YPL091W,YMR104C,0,-5.1513534,0.15294118225574493,0.18199999630451202,0.10080000013113022
YLL003W,YKL088W,0,-5.151579,0.15281276404857635,0.18199999630451202,0.10090000182390213
YMR319C,YIL167W,0,-5.152137,0.15268456935882568,0.18199999630451202,0.10100000351667404
YER180C-A,YBR143C,0,-5.1522384,0.15255658328533173,0.18199999630451202,0.10109999775886536
YOL065C,YKL085W,0,-5.152657,0.15242880582809448,0.18199999630451202,0.10119999945163727
YDR314C,YJR045C,0,-5.1527705,0.15230125188827515,0.18199999630451202,0.10130000114440918
YJR064W,YNL002C,0,-5.152847,0.15217390656471252,0.18199999630451202,0.10140000283718109
YNL062C,YDL201W,1,-5.152951,0.15288220345973969,0.18299999833106995,0.10140000283718109
YJL125C,YDR165W,1,-5.153457,0.15358930826187134,0.18400000035762787,0.10140000283718109
YNL227C,YNL213C,0,-5.153566,0.15346121788024902,0.18400000035762787,0.1014999970793724
YNL075W,YLR197W,1,-5.1536374,0.15416666865348816,0.1850000023841858,0.1014999970793724
YDR314C,YOR088W,0,-5.153706,0.15403829514980316,0.1850000023841858,0.10159999877214432
YGL210W-A,YER117W,0,-5.153742,0.15391014516353607,0.1850000023841858,0.10170000046491623
YGR070W,YDR425W,0,-5.154495,0.1537822037935257,0.1850000023841858,0.10180000215768814
YJL125C,YJL035C,1,-5.1547523,0.1544850468635559,0.1860000044107437,0.10180000215768814
YAL021C,YIL129C,0,-5.1547785,0.15435685217380524,0.1860000044107437,0.10189999639987946
YCR092C,YGR179C,0,-5.1552157,0.15422885119915009,0.1860000044107437,0.10199999809265137
YGL063W,YDL036C,1,-5.155243,0.15492957830429077,0.18700000643730164,0.10199999809265137
YGL192W,YBL071W-A,1,-5.1554904,0.15562914311885834,0.18799999356269836,0.10199999809265137
YMR224C,YBR092C,0,-5.155641,0.1555004119873047,0.18799999356269836,0.10209999978542328
YER111C,YDR359C,0,-5.1556897,0.15537190437316895,0.18799999356269836,0.10220000147819519
YMR312W,YLR197W,1,-5.155778,0.15606936812400818,0.1889999955892563,0.10220000147819519
YKL189W,YBL005W-A,0,-5.156327,0.15594059228897095,0.1889999955892563,0.1023000031709671
YBL024W,YGR169C,1,-5.1564727,0.15663643181324005,0.1899999976158142,0.1023000031709671
YMR078C,YPL253C,0,-5.1567907,0.15650741755962372,0.1899999976158142,0.10239999741315842
YDL115C,YCL005W-A,0,-5.157385,0.1563785970211029,0.1899999976158142,0.10249999910593033
YBR084W,YGL232W,1,-5.158234,0.15707236528396606,0.19099999964237213,0.10249999910593033
YDL004W,YCL005W-A,0,-5.15826,0.15694330632686615,0.19099999964237213,0.10260000079870224
YPL101W,YLR197W,1,-5.1588836,0.15763546526432037,0.19200000166893005,0.10260000079870224
YKL200C,YBR091C,0,-5.1593614,0.15750615298748016,0.19200000166893005,0.10270000249147415
YHR067W,YIL119C,0,-5.1598153,0.15737704932689667,0.19200000166893005,0.10279999673366547
YLR023C,YBR012W-A,0,-5.160522,0.15724815428256989,0.19200000166893005,0.10289999842643738
YPL086C,YJL125C,1,-5.1613417,0.15793780982494354,0.19300000369548798,0.10289999842643738
YGR169C,YDL036C,1,-5.1613493,0.15862633287906647,0.1940000057220459,0.10289999842643738
YMR116C,YOR068C,0,-5.161492,0.15849673748016357,0.1940000057220459,0.10300000011920929
YLR309C,YDR244W,0,-5.161642,0.1583673506975174,0.1940000057220459,0.1031000018119812
YBL071W-A,YDL036C,1,-5.1620154,0.15905383229255676,0.19499999284744263,0.1031000018119812
YGL037C,YJL114W,0,-5.162246,0.15892420709133148,0.19499999284744263,0.10320000350475311
YKR052C,YAR044W,0,-5.162724,0.15879479050636292,0.19499999284744263,0.10329999774694443
YNL112W,YBR072W,0,-5.163242,0.15866558253765106,0.19499999284744263,0.10339999943971634
YER087C-A,YJR010C-A,0,-5.163259,0.15853658318519592,0.19499999284744263,0.10350000113248825
YDL109C,YOR338W,0,-5.1636662,0.1584077924489975,0.19499999284744263,0.10360000282526016
YHR148W,YDL208W,1,-5.1638074,0.15909090638160706,0.19599999487400055,0.10360000282526016
YLR148W,YEL057C,0,-5.164075,0.15896187722682953,0.19599999487400055,0.10369999706745148
YML112W,YHR005C,0,-5.164376,0.15883305668830872,0.19599999487400055,0.10379999876022339
YBL024W,YCL054W,1,-5.1645308,0.1595141738653183,0.19699999690055847,0.10379999876022339
YPL240C,YGL208W,0,-5.164604,0.15938511490821838,0.19699999690055847,0.1039000004529953
YBR084W,YHR072W-A,1,-5.164634,0.1600646674633026,0.1979999989271164,0.1039000004529953
YLR313C,YML052W,0,-5.1646953,0.1599353849887848,0.1979999989271164,0.10400000214576721
YOR334W,YIL077C,0,-5.164907,0.1598062962293625,0.1979999989271164,0.10409999638795853
YDR184C,YBR156C,0,-5.165297,0.1596774160861969,0.1979999989271164,0.10419999808073044
YOR319W,YLR346C,0,-5.165362,0.15954874455928802,0.1979999989271164,0.10429999977350235
YKL125W,YDR457W,0,-5.1654034,0.15942029654979706,0.1979999989271164,0.10440000146627426
YGR123C,YOR338W,0,-5.165728,0.1592920422554016,0.1979999989271164,0.10450000315904617
YDL209C,YBR090C-A,0,-5.165855,0.15916398167610168,0.1979999989271164,0.10459999740123749
YNR015W,YDL112W,1,-5.166561,0.15983936190605164,0.19900000095367432,0.10459999740123749
YGL086W,YAR009C,0,-5.166611,0.1597110778093338,0.19900000095367432,0.1046999990940094
YML007W,YHR138C,0,-5.16673,0.15958300232887268,0.19900000095367432,0.10480000078678131
YMR299C,YBR072W,0,-5.1676106,0.15945513546466827,0.19900000095367432,0.10490000247955322
YIR013C,YHR206W,0,-5.1676936,0.1593274623155594,0.19900000095367432,0.10499999672174454
YER164W,YMR046C,0,-5.1680226,0.15919999778270721,0.19900000095367432,0.10509999841451645
YGL021W,YLR372W,0,-5.1683183,0.15907274186611176,0.19900000095367432,0.10520000010728836
YLR401C,YPL101W,1,-5.1684623,0.15974441170692444,0.20000000298023224,0.10520000010728836
YOR249C,YOL002C,0,-5.1684785,0.15961691737174988,0.20000000298023224,0.10530000180006027
YBL024W,YDL112W,1,-5.168694,0.16028708219528198,0.20100000500679016,0.10530000180006027
YCR020C,YCL033C,0,-5.168897,0.16015936434268951,0.20100000500679016,0.10540000349283218
YLR401C,YGL232W,1,-5.1690335,0.16082802414894104,0.20200000703334808,0.10540000349283218
YLR233C,YLR417W,0,-5.169105,0.16070008277893066,0.20200000703334808,0.1054999977350235
YJL127C,YBR284W,0,-5.1691933,0.1605723351240158,0.20200000703334808,0.10559999942779541
YDR461W,YDR143C,0,-5.1693726,0.16044479608535767,0.20200000703334808,0.10570000112056732
YNL075W,YJL035C,1,-5.169396,0.16111111640930176,0.2029999941587448,0.10570000112056732
YPL082C,YLL021W,0,-5.169567,0.1609833538532257,0.2029999941587448,0.10580000281333923
YHR008C,YLL017W,0,-5.169849,0.16085578501224518,0.2029999941587448,0.10589999705553055
YEL066W,YPL087W,0,-5.169987,0.16072842478752136,0.2029999941587448,0.10599999874830246
YLR233C,YEL041W,0,-5.1700015,0.16060127317905426,0.2029999941587448,0.10610000044107437
YNL074C,YGR070W,0,-5.170102,0.16047431528568268,0.2029999941587448,0.10620000213384628
YDL225W,YOR287C,0,-5.170752,0.16034755110740662,0.2029999941587448,0.1062999963760376
YBR084W,YOR310C,1,-5.170898,0.1610102653503418,0.20399999618530273,0.1062999963760376
YGL190C,YBR012W-A,0,-5.1709785,0.16088327765464783,0.20399999618530273,0.10639999806880951
YBR090C-A,YMR309C,0,-5.171335,0.16075649857521057,0.20399999618530273,0.10649999976158142
YGR070W,YCL074W,0,-5.171363,0.16062992811203003,0.20399999618530273,0.10660000145435333
YOL068C,YIL119C,0,-5.1713786,0.1605035364627838,0.20399999618530273,0.10670000314712524
YDR208W,YML103C,0,-5.1716847,0.1603773534297943,0.20399999618530273,0.10679999738931656
YPL224C,YKL088W,0,-5.171744,0.16025137901306152,0.20399999618530273,0.10689999908208847
YPR188C,YMR117C,0,-5.1723037,0.16012558341026306,0.20399999618530273,0.10700000077486038
YLR238W,YJL113W,0,-5.1723294,0.1599999964237213,0.20399999618530273,0.1071000024676323
YHR170W,YGR030C,0,-5.1725307,0.15987460315227509,0.20399999618530273,0.10719999670982361
YMR198W,YDL105W,0,-5.1728415,0.15974941849708557,0.20399999618530273,0.10729999840259552
YLR405W,YOR310C,1,-5.1730046,0.16040688753128052,0.20499999821186066,0.10729999840259552
YFL039C,YCR073W-A,0,-5.1732135,0.1602814644575119,0.20499999821186066,0.10740000009536743
YGL048C,YJL113W,0,-5.1734138,0.16015625,0.20499999821186066,0.10750000178813934
YMR322C,YLR224W,0,-5.17354,0.16003122925758362,0.20499999821186066,0.10760000348091125
YNL078W,YIL109C,0,-5.1736064,0.15990640223026276,0.20499999821186066,0.10769999772310257
YGL016W,YJL190C,0,-5.1738887,0.15978176891803741,0.20499999821186066,0.10779999941587448
YLL034C,YOR356W,0,-5.1743784,0.1596573144197464,0.20499999821186066,0.10790000110864639
YLR175W,YER127W,1,-5.174424,0.1603112816810608,0.20600000023841858,0.10790000110864639
YBR260C,YMR190C,0,-5.1744537,0.16018661856651306,0.20600000023841858,0.1080000028014183
YCR028C-A,YHR214C-B,0,-5.174707,0.16006216406822205,0.20600000023841858,0.10809999704360962
YPL132W,YMR210W,0,-5.17522,0.15993788838386536,0.20600000023841858,0.10819999873638153
YDL208W,YOL125W,1,-5.175263,0.16058960556983948,0.2070000022649765,0.10819999873638153
YDR363W,YER122C,0,-5.1754494,0.16046512126922607,0.2070000022649765,0.10830000042915344
YGR276C,YLR301W,0,-5.1754723,0.160340815782547,0.2070000022649765,0.10840000212192535
YER014C-A,YJR118C,0,-5.175901,0.16021671891212463,0.2070000022649765,0.10849999636411667
YLR401C,YHR148W,1,-5.1760917,0.16086620092391968,0.20800000429153442,0.10849999636411667
YDL077C,YCL020W,0,-5.1762185,0.1607418805360794,0.20800000429153442,0.10859999805688858
YGL067W,YKL070W,0,-5.1767364,0.16061775386333466,0.20800000429153442,0.10869999974966049
YDR141C,YDR358W,0,-5.1767454,0.16049382090568542,0.20800000429153442,0.1088000014424324
YBL047C,YMR190C,0,-5.176854,0.1603700816631317,0.20800000429153442,0.10890000313520432
YER014C-A,YGL019W,0,-5.177424,0.16024653613567352,0.20800000429153442,0.10899999737739563
YLR175W,YGR200C,1,-5.177475,0.16089299321174622,0.20900000631809235,0.10899999737739563
YGR281W,YNL213C,0,-5.177663,0.16076922416687012,0.20900000631809235,0.10909999907016754
YBR002C,YML040W,0,-5.177715,0.16064566373825073,0.20900000631809235,0.10920000076293945
YER172C,YNL262W,0,-5.1781173,0.16052226722240448,0.20900000631809235,0.10930000245571136
YDR173C,YPL254W,0,-5.1781793,0.16039907932281494,0.20900000631809235,0.10939999669790268
YOR301W,YIL080W,0,-5.1783824,0.16027607023715973,0.20900000631809235,0.10949999839067459
YJL125C,YGR169C,1,-5.178478,0.16091954708099365,0.20999999344348907,0.10949999839067459
YIL103W,YLL008W,0,-5.1786084,0.16079632937908173,0.20999999344348907,0.1096000000834465
YER174C,YDR123C,0,-5.1786284,0.16067329049110413,0.20999999344348907,0.10970000177621841
YDR027C,YNL213C,0,-5.178883,0.16055046021938324,0.20999999344348907,0.10980000346899033
YLR175W,YDR165W,1,-5.1789618,0.16119174659252167,0.210999995470047,0.10980000346899033
YPL101W,YNL062C,1,-5.1793404,0.1618320643901825,0.21199999749660492,0.10980000346899033
YGL254W,YGR158C,0,-5.179458,0.16170862317085266,0.21199999749660492,0.10989999771118164
YPL119C,YDR293C,0,-5.1798453,0.16158536076545715,0.21199999749660492,0.10999999940395355
YHR188C,YER087C-A,0,-5.180037,0.16146230697631836,0.21199999749660492,0.11010000109672546
YGL046W,YJR007W,0,-5.1807303,0.1613394170999527,0.21199999749660492,0.11020000278949738
YLR175W,YOR310C,1,-5.180816,0.16197718679904938,0.21299999952316284,0.11020000278949738
YBR160W,YKR063C,0,-5.180976,0.1618541032075882,0.21299999952316284,0.11029999703168869
YKL143W,YBR030W,0,-5.1812167,0.16173121333122253,0.21299999952316284,0.1103999987244606
YBR258C,YMR051C,0,-5.1813264,0.1616085022687912,0.21299999952316284,0.11050000041723251
YJR045C,YLR126C,0,-5.181496,0.1614859700202942,0.21299999952316284,0.11060000211000443
YIL110W,YJL050W,0,-5.181557,0.1613636314868927,0.21299999952316284,0.11069999635219574
YGL116W,YFR002W,0,-5.1818523,0.16124148666858673,0.21299999952316284,0.11079999804496765
YMR299C,YGR054W,0,-5.1819825,0.1611195206642151,0.21299999952316284,0.11089999973773956
YFR040W,YLR321C,0,-5.1821575,0.16099773347377777,0.21299999952316284,0.11100000143051147
YOR201C,YGL232W,1,-5.182978,0.16163142025470734,0.21400000154972076,0.11100000143051147
YAL032C,YJR120W,0,-5.1830993,0.1615094393491745,0.21400000154972076,0.11110000312328339
YNL242W,YJR066W,0,-5.1834598,0.161387637257576,0.21400000154972076,0.1111999973654747
YDR310C,YBR012W-A,0,-5.1836047,0.1612660139799118,0.21400000154972076,0.11129999905824661
YJL125C,YLR197W,1,-5.184191,0.16189758479595184,0.2150000035762787,0.11129999905824661
YLR175W,YER168C,1,-5.184287,0.16252821683883667,0.2160000056028366,0.11129999905824661
YJL020C,YDR244W,0,-5.1843314,0.16240601241588593,0.2160000056028366,0.11140000075101852
YJL060W,YLR390W-A,0,-5.1843343,0.1622840017080307,0.2160000056028366,0.11150000244379044
YGR056W,YML039W,0,-5.184553,0.1621621549129486,0.2160000056028366,0.11159999668598175
YER056C,YNL213C,0,-5.1845775,0.16204051673412323,0.2160000056028366,0.11169999837875366
YLR350W,YOR329C,0,-5.1855683,0.16191904246807098,0.2160000056028366,0.11180000007152557
YCL038C,YMR133W,0,-5.185573,0.16179774701595306,0.2160000056028366,0.11190000176429749
YGL249W,YDR131C,0,-5.186023,0.16167664527893066,0.2160000056028366,0.1120000034570694
YER168C,YML014W,1,-5.1863513,0.16230367124080658,0.21699999272823334,0.1120000034570694
YOR031W,YDR004W,0,-5.186362,0.16218236088752747,0.21699999272823334,0.11209999769926071
YNL329C,YNR064C,0,-5.1865916,0.16206124424934387,0.21699999272823334,0.11219999939203262
YLR329W,YPL276W,0,-5.18662,0.1619402915239334,0.21699999272823334,0.11230000108480453
YFR024C,YGL151W,0,-5.186717,0.16181953251361847,0.21699999272823334,0.11240000277757645
YLR401C,YHR072W-A,1,-5.18672,0.1624441146850586,0.21799999475479126,0.11240000277757645
YGR056W,YLR166C,0,-5.1870756,0.16232316195964813,0.21799999475479126,0.11249999701976776
YJL125C,YCL054W,1,-5.18739,0.1629464328289032,0.21899999678134918,0.11249999701976776
YJR097W,YML039W,0,-5.187655,0.16282527148723602,0.21899999678134918,0.11259999871253967
YBL071W-A,YMR023C,1,-5.1877933,0.16344724595546722,0.2199999988079071,0.11259999871253967
YNR002C,YPL249C,0,-5.188687,0.16332590579986572,0.2199999988079071,0.11270000040531158
YDR118W,YBR111W-A,0,-5.188771,0.16320474445819855,0.2199999988079071,0.1128000020980835
YCR047C,YKL200C,0,-5.189094,0.1630837619304657,0.2199999988079071,0.11289999634027481
YGR206W,YPL276W,0,-5.189845,0.16296295821666718,0.2199999988079071,0.11299999803304672
YOR153W,YFL018W-A,0,-5.1902175,0.16284233331680298,0.2199999988079071,0.11309999972581863
YMR168C,YDL109C,0,-5.1907268,0.1627218872308731,0.2199999988079071,0.11320000141859055
YPR199C,YDL109C,0,-5.191021,0.16260161995887756,0.2199999988079071,0.11330000311136246
YPL123C,YNL007C,0,-5.1916995,0.16248153150081635,0.2199999988079071,0.11339999735355377
YOR243C,YCL054W,1,-5.191831,0.16309963166713715,0.22100000083446503,0.11339999735355377
YNL020C,YPR121W,0,-5.192016,0.1629793494939804,0.22100000083446503,0.11349999904632568
YOR310C,YCL054W,1,-5.19206,0.16359616816043854,0.22200000286102295,0.11349999904632568
YOR310C,YGL232W,1,-5.192461,0.16421207785606384,0.22300000488758087,0.11349999904632568
YCR106W,YLR466W,0,-5.193107,0.16409124433994293,0.22300000488758087,0.1136000007390976
YBR233W-A,YER162C,0,-5.194139,0.16397058963775635,0.22300000488758087,0.1137000024318695
YIL046W,YGL158W,0,-5.194183,0.1638501137495041,0.22300000488758087,0.11379999667406082
YOR173W,YGR070W,0,-5.194272,0.16372980177402496,0.22300000488758087,0.11389999836683273
YHL019C,YGL027C,0,-5.194407,0.16360968351364136,0.22300000488758087,0.11400000005960464
YOL077W-A,YHR106W,0,-5.1945033,0.16348972916603088,0.22300000488758087,0.11410000175237656
YDL036C,YOL125W,1,-5.1945615,0.16410256922245026,0.2240000069141388,0.11410000175237656
YOR173W,YLL013C,0,-5.195356,0.16398243606090546,0.2240000069141388,0.11420000344514847
YDR113C,YCR020C,0,-5.195583,0.1638624668121338,0.2240000069141388,0.11429999768733978
YGL062W,YMR175W,0,-5.1965766,0.16374269127845764,0.2240000069141388,0.1143999993801117
YDR322C-A,YNL070W,0,-5.196619,0.16362307965755463,0.2240000069141388,0.1145000010728836
YDL036C,YNR046W,1,-5.196899,0.16423358023166656,0.22499999403953552,0.1145000010728836
YIR012W,YMR146C,0,-5.1974473,0.16411378979682922,0.22499999403953552,0.11460000276565552
YOR288C,YMR210W,0,-5.198179,0.16399416327476501,0.22499999403953552,0.11469999700784683
YPL110C,YFL018C,0,-5.1983876,0.16387473046779633,0.22499999403953552,0.11479999870061874
YGL229C,YNL046W,0,-5.198688,0.16375546157360077,0.22499999403953552,0.11490000039339066
YHR133C,YPL130W,0,-5.199119,0.16363635659217834,0.22499999403953552,0.11500000208616257
YER015W,YLR426W,0,-5.1991563,0.16351744532585144,0.22499999403953552,0.11509999632835388
YBR065C,YIL080W,0,-5.199269,0.16339869797229767,0.22499999403953552,0.1151999980211258
YLR401C,YBR061C,1,-5.1993213,0.1640058010816574,0.22599999606609344,0.1151999980211258
YMR312W,YOL125W,1,-5.1995816,0.1646120399236679,0.22699999809265137,0.1151999980211258
YBR073W,YDR407C,0,-5.1999216,0.16449275612831116,0.22699999809265137,0.1152999997138977
YER122C,YJL145W,0,-5.199976,0.16437363624572754,0.22699999809265137,0.11540000140666962
YGL027C,YPL163C,0,-5.200056,0.16425471007823944,0.22699999809265137,0.11550000309944153
YPL085W,YJL113W,0,-5.2003665,0.16413593292236328,0.22699999809265137,0.11559999734163284
YGL019W,YLR263W,0,-5.2006135,0.16401733458042145,0.22699999809265137,0.11569999903440475
YCR067C,YLL024C,0,-5.201074,0.16389891505241394,0.22699999809265137,0.11580000072717667
YNL327W,YMR051C,0,-5.2022176,0.16378065943717957,0.22699999809265137,0.11590000241994858
YHR024C,YGR171C,0,-5.202604,0.16366258263587952,0.22699999809265137,0.11599999666213989
YDL208W,YOL093W,1,-5.202845,0.16426512598991394,0.2280000001192093,0.11599999666213989
YER151C,YJL154C,0,-5.2030163,0.16414687037467957,0.2280000001192093,0.1160999983549118
YGR200C,YGR024C,1,-5.2035575,0.1647482067346573,0.2290000021457672,0.1160999983549118
YPL266W,YDL112W,1,-5.203567,0.16534866392612457,0.23000000417232513,0.1160999983549118
YML103C,YNL317W,0,-5.2035747,0.1652298867702484,0.23000000417232513,0.11620000004768372
YPL241C,YEL065W,0,-5.2037797,0.16511127352714539,0.23000000417232513,0.11630000174045563
YCR088W,YCL039W,0,-5.2039943,0.1649928241968155,0.23000000417232513,0.11640000343322754
YGR112W,YDR330W,0,-5.2042003,0.16487455368041992,0.23000000417232513,0.11649999767541885
YCL054W,YML014W,1,-5.2043653,0.16547277569770813,0.23100000619888306,0.11649999767541885
YBR009C,YGL016W,0,-5.2044826,0.16535432636737823,0.23100000619888306,0.11659999936819077
YHR143W-A,YPR078C,0,-5.205292,0.16523605585098267,0.23100000619888306,0.11670000106096268
YML132W,YNL138W,0,-5.205302,0.16511793434619904,0.23100000619888306,0.11680000275373459
YBL014C,YJR120W,0,-5.206043,0.16500000655651093,0.23100000619888306,0.1168999969959259
YMR288W,YMR266W,0,-5.2061515,0.16488222777843475,0.23100000619888306,0.11699999868869781
YLR103C,YLR318W,0,-5.206244,0.1647646278142929,0.23100000619888306,0.11710000038146973
YJL050W,YPL283C,0,-5.206506,0.1646471917629242,0.23100000619888306,0.11720000207424164
YHR123W,YOR315W,0,-5.2066417,0.1645299196243286,0.23100000619888306,0.11729999631643295
YDL231C,YLL017W,0,-5.206733,0.16441281139850616,0.23100000619888306,0.11739999800920486
YNR046W,YDL112W,1,-5.2068005,0.1650071144104004,0.23199999332427979,0.11739999800920486
YBR223C,YPL276W,0,-5.206801,0.1648898422718048,0.23199999332427979,0.11749999970197678
YKL110C,YER127W,1,-5.207666,0.16548295319080353,0.2329999953508377,0.11749999970197678
YGR059W,YDR484W,0,-5.207824,0.16536550223827362,0.2329999953508377,0.11760000139474869
YER054C,YOL055C,0,-5.2078824,0.16524823009967804,0.2329999953508377,0.1177000030875206
YJL167W,YOR288C,0,-5.2080607,0.1651311069726944,0.2329999953508377,0.11779999732971191
YOR330C,YDR065W,0,-5.208531,0.16501416265964508,0.2329999953508377,0.11789999902248383
YLR401C,YDL112W,1,-5.208692,0.1656050980091095,0.23399999737739563,0.11789999902248383
YHR187W,YHR072W-A,1,-5.208708,0.16619518399238586,0.23499999940395355,0.11789999902248383
YGR055W,YHR124W,0,-5.2087827,0.16607773303985596,0.23499999940395355,0.11800000071525574
YBL024W,YOR310C,1,-5.20879,0.1666666716337204,0.23600000143051147,0.11800000071525574
YDR118W,YBR133C,0,-5.209092,0.16654904186725616,0.23600000143051147,0.11810000240802765
YGR248W,YLR193C,0,-5.210096,0.16643159091472626,0.23600000143051147,0.11819999665021896
YDR440W,YHR119W,0,-5.2102594,0.16631430387496948,0.23600000143051147,0.11829999834299088
YML042W,YHR194W,0,-5.21069,0.16619718074798584,0.23600000143051147,0.11840000003576279
YBL082C,YBR152W,0,-5.211122,0.16608022153377533,0.23600000143051147,0.1185000017285347
YKR095W-A,YKR025W,0,-5.2111535,0.16596342623233795,0.23600000143051147,0.11860000342130661
YBL024W,YMR283C,1,-5.2112575,0.16654954850673676,0.2370000034570694,0.11860000342130661
YIL154C,YPL209C,0,-5.211303,0.16643258929252625,0.2370000034570694,0.11869999766349792
YER014C-A,YDR465C,0,-5.2113566,0.16631579399108887,0.2370000034570694,0.11879999935626984
YDR085C,YDR137W,0,-5.21166,0.16619916260242462,0.2370000034570694,0.11890000104904175
YOL121C,YLR321C,0,-5.211952,0.1660826951265335,0.2370000034570694,0.11900000274181366
YPR030W,YBR097W,0,-5.2120132,0.16596639156341553,0.2370000034570694,0.11909999698400497
YAL038W,YMR046C,0,-5.212066,0.16585025191307068,0.2370000034570694,0.11919999867677689
YLR117C,YBR111W-A,0,-5.2124305,0.16573426127433777,0.2370000034570694,0.1193000003695488
YPL253C,YGR054W,0,-5.212688,0.16561844944953918,0.2370000034570694,0.11940000206232071
YGR169C,YLR197W,1,-5.2130885,0.16620111465454102,0.23800000548362732,0.11940000206232071
YBR084W,YMR283C,1,-5.2131066,0.16678297519683838,0.23899999260902405,0.11940000206232071
YFR027W,YIL129C,0,-5.21333,0.1666666716337204,0.23899999260902405,0.11949999630451202
YIR015W,YGR161C,0,-5.213709,0.16655051708221436,0.23899999260902405,0.11959999799728394
YER172C,YHR056C,0,-5.21413,0.16643454134464264,0.23899999260902405,0.11969999969005585
YER014C-A,YER157W,0,-5.2147,0.16631871461868286,0.23899999260902405,0.11980000138282776
YKR046C,YNL213C,0,-5.2147083,0.1662030667066574,0.23899999260902405,0.11990000307559967
YJR160C,YHR090C,0,-5.2148013,0.1660875678062439,0.23899999260902405,0.11999999731779099
YFL017W-A,YDR240C,0,-5.2148395,0.16597221791744232,0.23899999260902405,0.1200999990105629
YGL044C,YDR207C,0,-5.2150483,0.16585704684257507,0.23899999260902405,0.12020000070333481
YNL264C,YAR009C,0,-5.2150664,0.16574202477931976,0.23899999260902405,0.12030000239610672
YOR351C,YOR356W,0,-5.215175,0.16562716662883759,0.23899999260902405,0.12039999663829803
YJR147W,YKL001C,0,-5.2152143,0.16551247239112854,0.23899999260902405,0.12049999833106995
YER127W,YDL208W,1,-5.2152314,0.1660899668931961,0.23999999463558197,0.12049999833106995
YHR120W,YGL092W,0,-5.2153773,0.16597510874271393,0.23999999463558197,0.12060000002384186
YKR050W,YMR046C,0,-5.2155013,0.1658603996038437,0.23999999463558197,0.12070000171661377
YJL060W,YPL283C,0,-5.2155375,0.16574585437774658,0.23999999463558197,0.12080000340938568
YBR267W,YIL022W,0,-5.2155523,0.1656314730644226,0.23999999463558197,0.120899997651577
YOL125W,YBR061C,1,-5.2156363,0.16620689630508423,0.2409999966621399,0.120899997651577
YLR133W,YLR205C,0,-5.21584,0.16609235107898712,0.2409999966621399,0.12099999934434891
YPL169C,YLR320W,0,-5.2158866,0.16597795486450195,0.2409999966621399,0.12110000103712082
YPL086C,YHR187W,1,-5.215916,0.16655196249485016,0.24199999868869781,0.12110000103712082
YNL053W,YDR083W,0,-5.2159867,0.16643741726875305,0.24199999868869781,0.12120000272989273
YIL038C,YLR398C,0,-5.2163367,0.16632302105426788,0.24199999868869781,0.12129999697208405
YGR166W,YGR080W,0,-5.216342,0.16620878875255585,0.24199999868869781,0.12139999866485596
YOR330C,YDR103W,0,-5.2165933,0.16609472036361694,0.24199999868869781,0.12150000035762787
YKL110C,YBL024W,1,-5.2166214,0.1666666716337204,0.24300000071525574,0.12150000035762787
YBR284W,YGR111W,0,-5.2169223,0.16655243933200836,0.24300000071525574,0.12160000205039978
YOL049W,YCL005W-A,0,-5.216995,0.16643835604190826,0.24300000071525574,0.1216999962925911
YIL042C,YLR346C,0,-5.2172155,0.1663244366645813,0.24300000071525574,0.121799997985363
YPL212C,YDL112W,1,-5.2173333,0.16689465939998627,0.24400000274181366,0.121799997985363
YOL021C,YDR363W,0,-5.21761,0.16678059101104736,0.24400000274181366,0.12189999967813492
YOR349W,YAL002W,0,-5.217629,0.1666666716337204,0.24400000274181366,0.12200000137090683
YNL003C,YBR214W,0,-5.217924,0.16655290126800537,0.24400000274181366,0.12210000306367874
YFR040W,YER008C,0,-5.218416,0.16643929481506348,0.24400000274181366,0.12219999730587006
YKR050W,YLL040C,0,-5.218763,0.16632583737373352,0.24400000274181366,0.12229999899864197
YKL141W,YNL160W,0,-5.2188225,0.1662125289440155,0.24400000274181366,0.12240000069141388
YBL075C,YJL114W,0,-5.218884,0.16609938442707062,0.24400000274181366,0.12250000238418579
YGR024C,YDR165W,1,-5.219212,0.1666666716337204,0.24500000476837158,0.12250000238418579
YOR330C,YMR165C,0,-5.2192826,0.16655336320400238,0.24500000476837158,0.1225999966263771
YMR078C,YBR267W,0,-5.2194185,0.1664402186870575,0.24500000476837158,0.12269999831914902
YGL238W,YPR104C,0,-5.219431,0.16632722318172455,0.24500000476837158,0.12280000001192093
YDR427W,YER160C,0,-5.2198467,0.16621437668800354,0.24500000476837158,0.12290000170469284
YOR025W,YDR386W,0,-5.219891,0.16610169410705566,0.24500000476837158,0.12300000339746475
YDL232W,YBL005W-A,0,-5.2206607,0.16598916053771973,0.24500000476837158,0.12309999763965607
YLR175W,YCL054W,1,-5.2208495,0.1665538251399994,0.2460000067949295,0.12309999763965607
YDR436W,YHL034C,0,-5.221316,0.1664411425590515,0.2460000067949295,0.12319999933242798
YER035W,YLR426W,0,-5.2214127,0.16632859408855438,0.2460000067949295,0.12330000102519989
YPL241C,YGR158C,0,-5.221477,0.16621620953083038,0.2460000067949295,0.1234000027179718
YNL102W,YIL029C,0,-5.221582,0.16610398888587952,0.2460000067949295,0.12349999696016312
YFR027W,YDR279W,0,-5.221809,0.1659919023513794,0.2460000067949295,0.12359999865293503
YDL004W,YCR102C,0,-5.222252,0.1658799797296524,0.2460000067949295,0.12370000034570694
YGL098W,YPL276W,0,-5.222255,0.16576819121837616,0.2460000067949295,0.12380000203847885
YGR200C,YNR015W,1,-5.222285,0.16632996499538422,0.24699999392032623,0.12380000203847885
YNL151C,YHR020W,0,-5.222384,0.16621804237365723,0.24699999392032623,0.12389999628067017
YPL060W,YGR197C,0,-5.222582,0.16610625386238098,0.24699999392032623,0.12399999797344208
YLR403W,YNR064C,0,-5.22277,0.16599462926387787,0.24699999392032623,0.12409999966621399
YIL155C,YBR182C,0,-5.222893,0.1658831387758255,0.24699999392032623,0.1242000013589859
YMR163C,YCR061W,0,-5.222906,0.16577181220054626,0.24699999392032623,0.12430000305175781
YGR200C,YPL212C,1,-5.2231984,0.16633132100105286,0.24799999594688416,0.12430000305175781
YPL266W,YDL036C,1,-5.22325,0.16689008474349976,0.24899999797344208,0.12430000305175781
YPL101W,YDL112W,1,-5.2235627,0.16744808852672577,0.25,0.12430000305175781
YIL079C,YHR021C,0,-5.2235675,0.16733601689338684,0.25,0.12439999729394913
YOR274W,YDL112W,1,-5.2236204,0.16789297759532928,0.25099998712539673,0.12439999729394913
YDR512C,YLR346C,0,-5.2236524,0.16778074204921722,0.25099998712539673,0.12449999898672104
YDR301W,YHR084W,0,-5.2242446,0.1676686704158783,0.25099998712539673,0.12460000067949295
YBL069W,YBR092C,0,-5.2244415,0.1675567477941513,0.25099998712539673,0.12470000237226486
YLR201C,YDR213W,0,-5.2245364,0.16744495928287506,0.25099998712539673,0.12479999661445618
YKL011C,YBR030W,0,-5.2246084,0.16733333468437195,0.25099998712539673,0.12489999830722809
YPR176C,YHR075C,0,-5.225199,0.16722185909748077,0.25099998712539673,0.125
YBR061C,YDL201W,1,-5.225279,0.16777630150318146,0.25200000405311584,0.125
YOR201C,YGR169C,1,-5.2254004,0.16833001375198364,0.2529999911785126,0.125
YML112W,YHR154W,0,-5.225719,0.16821809113025665,0.2529999911785126,0.1251000016927719
YDR085C,YBR012W-A,0,-5.225881,0.1681063175201416,0.2529999911785126,0.12520000338554382
YOR147W,YCL005W-A,0,-5.225896,0.1679946929216385,0.2529999911785126,0.12530000507831573
YML113W,YPR161C,0,-5.225925,0.16788321733474731,0.2529999911785126,0.12540000677108765
YDR085C,YPL177C,0,-5.2262216,0.16777187585830688,0.2529999911785126,0.12549999356269836
YHR072W-A,YMR283C,1,-5.2262464,0.16832339763641357,0.2540000081062317,0.12549999356269836
YBL024W,YNR046W,1,-5.2267284,0.16887417435646057,0.2549999952316284,0.12549999356269836
YMR275C,YDL077C,0,-5.2267375,0.1687624156475067,0.2549999952316284,0.12559999525547028
YDR208W,YGR054W,0,-5.2272654,0.1686507910490036,0.2549999952316284,0.1256999969482422
YBR072W,YFL016C,0,-5.227369,0.16853933036327362,0.2549999952316284,0.1257999986410141
YOL077W-A,YAL017W,0,-5.227697,0.16842800378799438,0.2549999952316284,0.125900000333786
YOL017W,YEL002C,0,-5.2277985,0.1683168262243271,0.2549999952316284,0.12600000202655792
YML118W,YER180C-A,0,-5.2278776,0.16820579767227173,0.2549999952316284,0.12610000371932983
YGR090W,YPL283C,0,-5.228349,0.1680949181318283,0.2549999952316284,0.12620000541210175
YLR274W,YCL074W,0,-5.228475,0.16798418760299683,0.2549999952316284,0.12630000710487366
YHR072W-A,YNR015W,1,-5.2285933,0.16853192448616028,0.25600001215934753,0.12630000710487366
YHR085W,YGR054W,0,-5.2287745,0.16842105984687805,0.25600001215934753,0.12639999389648438
YPR119W,YNL231C,0,-5.2287846,0.16831032931804657,0.25600001215934753,0.1264999955892563
YMR303C,YOR266W,0,-5.228849,0.16819973289966583,0.25600001215934753,0.1265999972820282
YPR105C,YHR214C-B,0,-5.228976,0.16808930039405823,0.25600001215934753,0.1266999989748001
YLR135W,YIL135C,0,-5.2290406,0.16797900199890137,0.25600001215934753,0.12680000066757202
YGL144C,YJR120W,0,-5.229242,0.16786885261535645,0.25600001215934753,0.12690000236034393
YNL102W,YFL045C,0,-5.229275,0.16775885224342346,0.25600001215934753,0.12700000405311584
YBR132C,YLL018C-A,0,-5.229346,0.16764898598194122,0.25600001215934753,0.12710000574588776
YDL017W,YOR241W,0,-5.2294064,0.16753926873207092,0.25600001215934753,0.12720000743865967
YFL057C,YDL077C,0,-5.229478,0.16742968559265137,0.25600001215934753,0.12729999423027039
YMR096W,YER024W,0,-5.2296023,0.16732026636600494,0.25600001215934753,0.1273999959230423
YGR165W,YBR284W,0,-5.229625,0.16721096634864807,0.25600001215934753,0.1274999976158142
YHR154W,YJL074C,0,-5.22994,0.16710183024406433,0.25600001215934753,0.12759999930858612
YJL073W,YOR287C,0,-5.229958,0.16699282824993134,0.25600001215934753,0.12770000100135803
YLR411W,YDR004W,0,-5.2300344,0.16688396036624908,0.25600001215934753,0.12780000269412994
YDR098C,YJR063W,0,-5.230119,0.16677524149417877,0.25600001215934753,0.12790000438690186
YKL205W,YBR066C,0,-5.2301865,0.1666666716337204,0.25600001215934753,0.12800000607967377
YOR349W,YLL017W,0,-5.230264,0.16655823588371277,0.25600001215934753,0.12809999287128448
YGR169C,YBR061C,1,-5.230819,0.16710013151168823,0.25699999928474426,0.12809999287128448
YER014C-A,YHR164C,0,-5.23092,0.16699154675006866,0.25699999928474426,0.1281999945640564
YNL151C,YMR117C,0,-5.231129,0.16688311100006104,0.25699999928474426,0.1282999962568283
YOR075W,YMR051C,0,-5.231956,0.16677482426166534,0.25699999928474426,0.12839999794960022
YKL085W,YKL141W,0,-5.232064,0.1666666716337204,0.25699999928474426,0.12849999964237213
YGR120C,YLR224W,0,-5.232466,0.1665586531162262,0.25699999928474426,0.12860000133514404
YBL024W,YOL125W,1,-5.232558,0.16709844768047333,0.257999986410141,0.12860000133514404
YCR048W,YHR214C-B,0,-5.232632,0.16699029505252838,0.257999986410141,0.12870000302791595
YDR227W,YHR172W,0,-5.2330065,0.16688227653503418,0.257999986410141,0.12880000472068787
YPR200C,YER106W,0,-5.233212,0.16677440702915192,0.257999986410141,0.12890000641345978
YMR240C,YNL064C,0,-5.2332635,0.1666666716337204,0.257999986410141,0.1289999932050705
YHR170W,YOR229W,0,-5.2333064,0.16655907034873962,0.257999986410141,0.1290999948978424
YDR005C,YER087C-A,0,-5.2335052,0.1664516180753708,0.257999986410141,0.12919999659061432
YBL024W,YOL093W,1,-5.2336955,0.1669890433549881,0.2590000033378601,0.12919999659061432
YOR173W,YCL069W,0,-5.233899,0.16688144207000732,0.2590000033378601,0.12929999828338623
YPL085W,YDR293C,0,-5.2339187,0.1667739897966385,0.2590000033378601,0.12939999997615814
YPL086C,YNL062C,1,-5.2346816,0.16731016337871552,0.25999999046325684,0.12939999997615814
YGL130W,YER109C,0,-5.234682,0.16720257699489594,0.25999999046325684,0.12950000166893005
YDR270W,YPL006W,0,-5.23488,0.1670951098203659,0.25999999046325684,0.12960000336170197
YCL059C,YOR106W,0,-5.235185,0.16698779165744781,0.25999999046325684,0.12970000505447388
YGR179C,YNL121C,0,-5.235251,0.16688062250614166,0.25999999046325684,0.1298000067472458
YBR077C,YLR224W,0,-5.235257,0.16677357256412506,0.25999999046325684,0.1298999935388565
YHR115C,YPL209C,0,-5.2352576,0.1666666716337204,0.25999999046325684,0.12999999523162842
YMR055C,YLR051C,0,-5.2352614,0.16655990481376648,0.25999999046325684,0.13009999692440033
YOL016C,YBL047C,0,-5.2354655,0.1664532721042633,0.25999999046325684,0.13019999861717224
YIR018W,YER190W,0,-5.2355113,0.16634677350521088,0.25999999046325684,0.13030000030994415
YKL017C,YBR284W,0,-5.235579,0.1662404090166092,0.25999999046325684,0.13040000200271606
YER168C,YBR061C,1,-5.23574,0.16677317023277283,0.26100000739097595,0.13040000200271606
YGR276C,YJL145W,0,-5.2357545,0.1666666716337204,0.26100000739097595,0.13050000369548798
YPL195W,YNR075W,0,-5.235784,0.1665603071451187,0.26100000739097595,0.1306000053882599
YDR323C,YIL119C,0,-5.235867,0.16645407676696777,0.26100000739097595,0.1307000070810318
YLR405W,YBL024W,1,-5.23596,0.16698534786701202,0.2619999945163727,0.1307000070810318
YHR143W-A,YBR058C-A,0,-5.235987,0.16687898337841034,0.2619999945163727,0.13079999387264252
YLR405W,YLR197W,1,-5.2361703,0.16740930080413818,0.2630000114440918,0.13079999387264252
YOL090W,YOR253W,0,-5.2362175,0.16730280220508575,0.2630000114440918,0.13089999556541443
YLL034C,YDR083W,0,-5.236397,0.16719643771648407,0.2630000114440918,0.13099999725818634
YKL029C,YNL046W,0,-5.237207,0.16709022223949432,0.2630000114440918,0.13109999895095825
YGL029W,YKL125W,0,-5.2373033,0.16698412597179413,0.2630000114440918,0.13120000064373016
YNL287W,YBR111W-A,0,-5.2373805,0.16687817871570587,0.2630000114440918,0.13130000233650208
YOR025W,YHR069C,0,-5.237655,0.16677235066890717,0.2630000114440918,0.131400004029274
YAR031W,YBL075C,0,-5.237661,0.1666666716337204,0.2630000114440918,0.1315000057220459
YOR159C,YLL012W,0,-5.2377954,0.16656111180782318,0.2630000114440918,0.1316000074148178
YDR170C,YJL113W,0,-5.2378883,0.1664557009935379,0.2630000114440918,0.13169999420642853
YOR353C,YOR194C,0,-5.2381234,0.16635040938854218,0.2630000114440918,0.13179999589920044
YGL113W,YCR042C,0,-5.2382216,0.1662452518939972,0.2630000114440918,0.13189999759197235
YPL266W,YDL208W,1,-5.2389665,0.16677194833755493,0.2639999985694885,0.13189999759197235
YNL328C,YBR212W,0,-5.239543,0.1666666716337204,0.2639999985694885,0.13199999928474426
YJL125C,YNR046W,1,-5.2396483,0.16719242930412292,0.26499998569488525,0.13199999928474426
YDR273W,YLR223C,0,-5.2397847,0.16708701848983765,0.26499998569488525,0.13210000097751617
YNR046W,YDR165W,1,-5.239786,0.16761185228824615,0.26600000262260437,0.13210000097751617
YOR250C,YER179W,0,-5.239883,0.16750629246234894,0.26600000262260437,0.13220000267028809
YCL005W-A,YNL044W,0,-5.2400117,0.16740088164806366,0.26600000262260437,0.13230000436306
YPL217C,YGR280C,0,-5.2401114,0.16729559004306793,0.26600000262260437,0.1324000060558319
YKR083C,YPR055W,0,-5.240125,0.16719044744968414,0.26600000262260437,0.13249999284744263
YER168C,YPL266W,1,-5.240152,0.16771356761455536,0.2669999897480011,0.13249999284744263
YHL006C,YMR051C,0,-5.2402296,0.16760829091072083,0.2669999897480011,0.13259999454021454
YHR129C,YGL247W,0,-5.240331,0.16750313341617584,0.2669999897480011,0.13269999623298645
YGL012W,YBR111W-A,0,-5.2403784,0.1673981249332428,0.2669999897480011,0.13279999792575836
YBR233W-A,YGL120C,0,-5.2404103,0.1672932356595993,0.2669999897480011,0.13289999961853027
YPR161C,YDL109C,0,-5.2404194,0.16718848049640656,0.2669999897480011,0.13300000131130219
YHR148W,YLR197W,1,-5.2405343,0.16770963370800018,0.2680000066757202,0.13300000131130219
YLR401C,YGR024C,1,-5.240557,0.16823014616966248,0.26899999380111694,0.13300000131130219
YGL232W,YML005W,1,-5.240731,0.16875000298023224,0.27000001072883606,0.13300000131130219
YIR028W,YER160C,0,-5.2408085,0.16864459216594696,0.27000001072883606,0.1331000030040741
YBR072W,YKL166C,0,-5.24096,0.16853933036327362,0.27000001072883606,0.133200004696846
YJL065C,YBR111W-A,0,-5.241139,0.16843418776988983,0.27000001072883606,0.13330000638961792
YNR019W,YOR362C,0,-5.241473,0.1683291792869568,0.27000001072883606,0.13339999318122864
YBR129C,YFR031C,0,-5.2415986,0.1682243049144745,0.27000001072883606,0.13349999487400055
YLR092W,YLR126C,0,-5.2418556,0.16811954975128174,0.27000001072883606,0.13359999656677246
YLR381W,YHR119W,0,-5.2418885,0.16801492869853973,0.27000001072883606,0.13369999825954437
YHR034C,YBL106C,0,-5.242205,0.16791044175624847,0.27000001072883606,0.13379999995231628
YDR091C,YJL087C,0,-5.242394,0.16780608892440796,0.27000001072883606,0.1339000016450882
YNL062C,YOL125W,1,-5.2426662,0.16832298040390015,0.2709999978542328,0.1339000016450882
YLR014C,YMR051C,0,-5.2427306,0.1682184934616089,0.2709999978542328,0.1340000033378601
YER106W,YBR169C,0,-5.243089,0.16811414062976837,0.2709999978542328,0.13410000503063202
YNL090W,YGR020C,0,-5.243279,0.1680099219083786,0.2709999978542328,0.13420000672340393
YLR381W,YBL052C,0,-5.2433124,0.16790582239627838,0.2709999978542328,0.13429999351501465
YKR099W,YIL046W,0,-5.243385,0.1678018569946289,0.2709999978542328,0.13439999520778656
YML042W,YGL053W,0,-5.243465,0.16769802570343018,0.2709999978542328,0.13449999690055847
YJR002W,YBL100W-A,0,-5.2435164,0.167594313621521,0.2709999978542328,0.13459999859333038
YDL208W,YCL054W,1,-5.243565,0.1681087762117386,0.2720000147819519,0.13459999859333038
YPR034W,YGR179C,0,-5.2437387,0.16800494492053986,0.2720000147819519,0.1347000002861023
YKR025W,YGR059W,0,-5.2437835,0.16790123283863068,0.2720000147819519,0.1348000019788742
YBR061C,YML014W,1,-5.2438054,0.16841456294059753,0.27300000190734863,0.1348000019788742
YMR312W,YJL125C,1,-5.2439632,0.16892725229263306,0.27399998903274536,0.1348000019788742
YLR401C,YGL063W,1,-5.2440295,0.16943931579589844,0.2750000059604645,0.1348000019788742
YMR198W,YLR126C,0,-5.244116,0.16933497786521912,0.2750000059604645,0.13490000367164612
YLR197W,YCL054W,1,-5.24421,0.16984614729881287,0.2759999930858612,0.13490000367164612
YML027W,YBR030W,0,-5.2450147,0.169741690158844,0.2759999930858612,0.13500000536441803
YNL243W,YOR162C,0,-5.2455,0.16963736712932587,0.2759999930858612,0.13510000705718994
YHR058C,YDL170W,0,-5.2458186,0.1695331633090973,0.2759999930858612,0.13519999384880066
YER056C,YGR089W,0,-5.2459626,0.16942909359931946,0.2759999930858612,0.13529999554157257
YDR407C,YDR115W,0,-5.2460165,0.16932515799999237,0.2759999930858612,0.13539999723434448
YNL242W,YAL009W,0,-5.246064,0.16922134160995483,0.2759999930858612,0.1354999989271164
YGL251C,YIL085C,0,-5.2461486,0.16911764442920685,0.2759999930858612,0.1356000006198883
YNL314W,YHR164C,0,-5.246407,0.1690140813589096,0.2759999930858612,0.13570000231266022
YOR321W,YBR111W-A,0,-5.246591,0.1689106523990631,0.2759999930858612,0.13580000400543213
YPL043W,YJL203W,0,-5.246759,0.16880734264850616,0.2759999930858612,0.13590000569820404
YLR405W,YDL112W,1,-5.247023,0.1693153977394104,0.2770000100135803,0.13590000569820404
YJL110C,YNL213C,0,-5.247109,0.1692119687795639,0.2770000100135803,0.13600000739097595
YPL058C,YMR322C,0,-5.247256,0.16910867393016815,0.2770000100135803,0.13609999418258667
YPL266W,YJL125C,1,-5.247534,0.16961562633514404,0.27799999713897705,0.13609999418258667
YHR062C,YOR295W,0,-5.247565,0.16951219737529755,0.27799999713897705,0.13619999587535858
YHR193C,YGR123C,0,-5.247722,0.1694089025259018,0.27799999713897705,0.1362999975681305
YBR084W,YPL212C,1,-5.247955,0.16991473734378815,0.27900001406669617,0.1362999975681305
YFL050C,YCL005W-A,0,-5.2481637,0.16981132328510284,0.27900001406669617,0.1363999992609024
YNL307C,YGR122W,0,-5.2483287,0.1697080284357071,0.27900001406669617,0.13650000095367432
YBL014C,YNL213C,0,-5.248501,0.16960486769676208,0.27900001406669617,0.13660000264644623
YER109C,YFR055W,0,-5.2486224,0.16950182616710663,0.27900001406669617,0.13670000433921814
YCR047C,YER110C,0,-5.2487626,0.16939890384674072,0.27900001406669617,0.13680000603199005
YHR115C,YKL125W,0,-5.2487636,0.16929611563682556,0.27900001406669617,0.13689999282360077
YBR158W,YEL020W-A,0,-5.248946,0.16919344663619995,0.27900001406669617,0.13699999451637268
YHL007C,YPL283C,0,-5.2492023,0.16909091174602509,0.27900001406669617,0.1370999962091446
YGR200C,YNR046W,1,-5.250194,0.1695941835641861,0.2800000011920929,0.1370999962091446
YJR022W,YPR042C,0,-5.250258,0.16949152946472168,0.2800000011920929,0.1371999979019165
YPL266W,YOL093W,1,-5.2509522,0.16999395191669464,0.2809999883174896,0.1371999979019165
YDR021W,YEL065W,0,-5.2510476,0.16989117860794067,0.2809999883174896,0.13729999959468842
YDR212W,YER160C,0,-5.251295,0.16978852450847626,0.2809999883174896,0.13740000128746033
YLR226W,YNL064C,0,-5.251473,0.1696859896183014,0.2809999883174896,0.13750000298023224
YNL075W,YBL024W,1,-5.252034,0.1701870858669281,0.28200000524520874,0.13750000298023224
YDR386W,YHR139C,0,-5.2520957,0.17008443176746368,0.28200000524520874,0.13760000467300415
YLR450W,YOR162C,0,-5.2521424,0.16998191177845,0.28200000524520874,0.13770000636577606
YNR015W,YML014W,1,-5.2522087,0.17048193514347076,0.28299999237060547,0.13770000636577606
YOL017W,YIR033W,0,-5.252557,0.17037929594516754,0.28299999237060547,0.13779999315738678
YPR001W,YKR095W-A,0,-5.252724,0.17027677595615387,0.28299999237060547,0.1378999948501587
YER168C,YOR274W,1,-5.2530203,0.17077571153640747,0.2840000092983246,0.1378999948501587
YML077W,YER070W,0,-5.2530203,0.17067307233810425,0.2840000092983246,0.1379999965429306
YBR038W,YOR030W,0,-5.2531486,0.17057056725025177,0.2840000092983246,0.13809999823570251
YDL220C,YHR138C,0,-5.2534156,0.17046818137168884,0.2840000092983246,0.13819999992847443
YOR145C,YDR478W,0,-5.2536,0.17036592960357666,0.2840000092983246,0.13830000162124634
YOR295W,YBL005W-A,0,-5.254014,0.17026378214359283,0.2840000092983246,0.13840000331401825
YPR034W,YDR108W,0,-5.2542806,0.17016176879405975,0.2840000092983246,0.13850000500679016
YNL236W,YDR489W,0,-5.254767,0.17005987465381622,0.2840000092983246,0.13860000669956207
YHR072W-A,YDL033C,1,-5.254894,0.17055656015872955,0.2849999964237213,0.13860000669956207
YJR120W,YLR132C,0,-5.2549253,0.17045454680919647,0.2849999964237213,0.1386999934911728
YGR200C,YPL086C,1,-5.255037,0.17095038294792175,0.28600001335144043,0.1386999934911728
YGL013C,YNL236W,0,-5.2551703,0.17084826529026031,0.28600001335144043,0.1387999951839447
YBL074C,YDR516C,0,-5.255261,0.17074626684188843,0.28600001335144043,0.1388999968767166
YGR200C,YNL062C,1,-5.25561,0.17124104499816895,0.28700000047683716,0.1388999968767166
YEL002C,YPL276W,0,-5.2557845,0.1711389422416687,0.28700000047683716,0.13899999856948853
YPL101W,YBL024W,1,-5.2558494,0.17163290083408356,0.2879999876022339,0.13899999856948853
YFL055W,YDL216C,0,-5.256224,0.17153067886829376,0.2879999876022339,0.13910000026226044
YML036W,YPR131C,0,-5.2565494,0.17142857611179352,0.2879999876022339,0.13920000195503235
YER174C,YMR224C,0,-5.2566,0.17132659256458282,0.2879999876022339,0.13930000364780426
YNL051W,YGR085C,0,-5.2566996,0.17122472822666168,0.2879999876022339,0.13940000534057617
YDL117W,YHR030C,0,-5.25692,0.17112299799919128,0.2879999876022339,0.13950000703334808
YGL063W,YCL054W,1,-5.2570148,0.17161519825458527,0.289000004529953,0.13950000703334808
YGR275W,YPL157W,0,-5.2571588,0.17151334881782532,0.289000004529953,0.1395999938249588
YPL212C,YML005W,1,-5.2573895,0.17200474441051483,0.28999999165534973,0.1395999938249588
YDR303C,YER111C,0,-5.2574635,0.17190279066562653,0.28999999165534973,0.1396999955177307
YOL156W,YDR131C,0,-5.257594,0.17180094122886658,0.28999999165534973,0.13979999721050262
YBR084W,YJL035C,1,-5.2578516,0.17229129374027252,0.29100000858306885,0.13979999721050262
YNR046W,YOL125W,1,-5.258314,0.1727810651063919,0.2919999957084656,0.13979999721050262
YKR079C,YPR078C,0,-5.258554,0.1726788878440857,0.2919999957084656,0.13989999890327454
YPL266W,YNL075W,1,-5.258615,0.1731678545475006,0.2930000126361847,0.13989999890327454
YCL034W,YDR201W,0,-5.2587056,0.17306555807590485,0.2930000126361847,0.14000000059604645
YOR031W,YGL229C,0,-5.258875,0.17296339571475983,0.2930000126361847,0.14010000228881836
YLR195C,YML046W,0,-5.2588806,0.17286135256290436,0.2930000126361847,0.14020000398159027
YAL020C,YHR072W-A,1,-5.259151,0.1733490526676178,0.2939999997615814,0.14020000398159027
YLR405W,YPL101W,1,-5.2592287,0.17383618652820587,0.29499998688697815,0.14020000398159027
YOR310C,YOR243C,1,-5.2597957,0.17432273924350739,0.29600000381469727,0.14020000398159027
YGL232W,YDR165W,1,-5.2599773,0.17480871081352234,0.296999990940094,0.14020000398159027
YGR169C,YDL112W,1,-5.2600236,0.17529411613941193,0.2980000078678131,0.14020000398159027
YLR405W,YDL201W,1,-5.2602143,0.17577895522117615,0.29899999499320984,0.14020000398159027
YGR206W,YNL045W,0,-5.2602186,0.1756756752729416,0.29899999499320984,0.14030000567436218
YNL106C,YBR183W,0,-5.260264,0.17557251453399658,0.29899999499320984,0.1404000073671341
YOR047C,YOR106W,0,-5.2603464,0.17546948790550232,0.29899999499320984,0.1404999941587448
YDR163W,YDR213W,0,-5.2604074,0.1753665655851364,0.29899999499320984,0.14059999585151672
YLR319C,YIL139C,0,-5.260675,0.17526377737522125,0.29899999499320984,0.14069999754428864
YDL117W,YLL056C,0,-5.2607636,0.17516110837459564,0.29899999499320984,0.14079999923706055
YOR056C,YEL026W,0,-5.2609897,0.1750585436820984,0.29899999499320984,0.14090000092983246
YPR139C,YIL077C,0,-5.261194,0.17495611310005188,0.29899999499320984,0.14100000262260437
YNL188W,YDR115W,0,-5.261221,0.17485380172729492,0.29899999499320984,0.14110000431537628
YLR097C,YNL053W,0,-5.2613835,0.17475160956382751,0.29899999499320984,0.1412000060081482
YOL017W,YER049W,0,-5.2617545,0.17464953660964966,0.29899999499320984,0.1412999927997589
YGL065C,YGR177C,0,-5.262026,0.17454758286476135,0.29899999499320984,0.14139999449253082
YDR091C,YJL113W,0,-5.262869,0.1744457483291626,0.29899999499320984,0.14149999618530273
YOL065C,YDR409W,0,-5.263037,0.1743440181016922,0.29899999499320984,0.14159999787807465
YDL208W,YNR046W,1,-5.2630663,0.17482517659664154,0.30000001192092896,0.14159999787807465
YNL075W,YDR165W,1,-5.2633314,0.17530576884746552,0.3009999990463257,0.14159999787807465
YPL132W,YPL211W,0,-5.263782,0.17520372569561005,0.3009999990463257,0.14169999957084656
YJL101C,YGL051W,0,-5.2643,0.17510180175304413,0.3009999990463257,0.14180000126361847
YER110C,YKL021C,0,-5.265625,0.17499999701976776,0.3009999990463257,0.14190000295639038
YLR127C,YFR040W,0,-5.265795,0.17489831149578094,0.3009999990463257,0.1420000046491623
YHR187W,YCL054W,1,-5.2658844,0.1753774732351303,0.3019999861717224,0.1420000046491623
YPL155C,YHR056C,0,-5.266099,0.17527568340301514,0.3019999861717224,0.1421000063419342
YBR293W,YLR126C,0,-5.266144,0.17517401278018951,0.3019999861717224,0.14219999313354492
YFR046C,YER044C-A,0,-5.266146,0.17507246136665344,0.3019999861717224,0.14229999482631683
YNL051W,YDR346C,0,-5.2669225,0.17497102916240692,0.3019999861717224,0.14239999651908875
YAL026C,YNL323W,0,-5.2672105,0.17486971616744995,0.3019999861717224,0.14249999821186066
YDR177W,YCL074W,0,-5.2674794,0.17476852238178253,0.3019999861717224,0.14259999990463257
YGR199W,YML027W,0,-5.267623,0.17466743290424347,0.3019999861717224,0.14270000159740448
YJL061W,YDL077C,0,-5.2678037,0.17456647753715515,0.3019999861717224,0.1428000032901764
YKL001C,YOR287C,0,-5.268082,0.1744656264781952,0.3019999861717224,0.1429000049829483
YOR368W,YLR277C,0,-5.2681665,0.17436489462852478,0.3019999861717224,0.14300000667572021
YKL197C,YBR228W,0,-5.2682014,0.17426428198814392,0.3019999861717224,0.14309999346733093
YPL256C,YOR142W,0,-5.268309,0.1741637885570526,0.3019999861717224,0.14319999516010284
YPR034W,YOL077W-A,0,-5.2683115,0.17406339943408966,0.3019999861717224,0.14329999685287476
YMR184W,YCR073W-A,0,-5.268739,0.17396312952041626,0.3019999861717224,0.14339999854564667
YLR092W,YPL041C,0,-5.269604,0.1738629788160324,0.3019999861717224,0.14350000023841858
YJL030W,YNL267W,0,-5.2696414,0.1737629473209381,0.3019999861717224,0.1436000019311905
YNL062C,YHR187W,1,-5.269675,0.17423807084560394,0.30300000309944153,0.1436000019311905
YJL125C,YOL125W,1,-5.269982,0.1747126430273056,0.30399999022483826,0.1436000019311905
YAL007C,YHL012W,0,-5.2700143,0.17461229860782623,0.30399999022483826,0.1437000036239624
YER014C-A,YBR245C,0,-5.270066,0.17451205849647522,0.30399999022483826,0.14380000531673431
YEL042W,YER174C,0,-5.2701106,0.17441193759441376,0.30399999022483826,0.14390000700950623
YGR286C,YIL167W,0,-5.270222,0.17431192100048065,0.30399999022483826,0.14399999380111694
YPR135W,YBR169C,0,-5.2705307,0.1742120385169983,0.30399999022483826,0.14409999549388885
YDR364C,YOL021C,0,-5.271,0.1741122603416443,0.30399999022483826,0.14419999718666077
YDR147W,YGR059W,0,-5.271319,0.17401258647441864,0.30399999022483826,0.14429999887943268
YDR163W,YPR186C,0,-5.2714305,0.17391304671764374,0.30399999022483826,0.1444000005722046
YLR401C,YHR187W,1,-5.2715926,0.17438536882400513,0.3050000071525574,0.1444000005722046
YBL024W,YBR061C,1,-5.271761,0.17485713958740234,0.3059999942779541,0.1444000005722046
YOR047C,YCL063W,0,-5.2720714,0.17475728690624237,0.3059999942779541,0.1445000022649765
YDR273W,YGR288W,0,-5.272173,0.17465753853321075,0.3059999942779541,0.1446000039577484
YPL086C,YER127W,1,-5.2722945,0.17512835562229156,0.3070000112056732,0.1446000039577484
YDR345C,YDL154W,0,-5.2725997,0.1750285029411316,0.3070000112056732,0.14470000565052032
YKR034W,YLR132C,0,-5.272717,0.17492876946926117,0.3070000112056732,0.14480000734329224
YGL016W,YOR098C,0,-5.2727265,0.1748291552066803,0.3070000112056732,0.14489999413490295
YCR028C-A,YHR079C-A,0,-5.2730265,0.17472966015338898,0.3070000112056732,0.14499999582767487
YLR131C,YOL126C,0,-5.273168,0.17463025450706482,0.3070000112056732,0.14509999752044678
YLR175W,YLR405W,1,-5.2731795,0.17509949207305908,0.30799999833106995,0.14509999752044678
YLR397C,YNL080C,0,-5.2733674,0.17499999701976776,0.30799999833106995,0.1451999992132187
YDR083W,YNL213C,0,-5.2733903,0.174900621175766,0.30799999833106995,0.1453000009059906
YDR523C,YML039W,0,-5.273462,0.17480136454105377,0.30799999833106995,0.1454000025987625
YGR200C,YML005W,1,-5.2736983,0.17526942491531372,0.3089999854564667,0.1454000025987625
YMR312W,YBR061C,1,-5.273728,0.17573696374893188,0.3100000023841858,0.1454000025987625
YEL003W,YGL016W,0,-5.2737308,0.1756373941898346,0.3100000023841858,0.14550000429153442
YDR527W,YLR277C,0,-5.2745004,0.17553794384002686,0.3100000023841858,0.14560000598430634
YDL231C,YNL213C,0,-5.2748523,0.17543859779834747,0.3100000023841858,0.14569999277591705
YFL057C,YDL140C,0,-5.2749286,0.17533937096595764,0.3100000023841858,0.14579999446868896
YDR331W,YKL130C,0,-5.275181,0.17524024844169617,0.3100000023841858,0.14589999616146088
YGR169C,YCL054W,1,-5.275453,0.17570620775222778,0.3109999895095825,0.14589999616146088
YIL155C,YDR258C,0,-5.276032,0.17560699582099915,0.3109999895095825,0.1459999978542328
YMR029C,YEL062W,0,-5.2763815,0.17550790309906006,0.3109999895095825,0.1460999995470047
YOL090W,YPR162C,0,-5.276445,0.17540891468524933,0.3109999895095825,0.1462000012397766
YNL199C,YLR223C,0,-5.2770753,0.17531003057956696,0.3109999895095825,0.14630000293254852
YMR287C,YMR060C,0,-5.277168,0.17521126568317413,0.3109999895095825,0.14640000462532043
YHR036W,YDL247W,0,-5.277347,0.17511261999607086,0.3109999895095825,0.14650000631809235
YBR133C,YNL262W,0,-5.277925,0.17501406371593475,0.3109999895095825,0.14659999310970306
YHR036W,YEL003W,0,-5.278063,0.1749156415462494,0.3109999895095825,0.14669999480247498
YDL004W,YKL093W,0,-5.278092,0.1748173087835312,0.3109999895095825,0.1467999964952469
YGL238W,YDR363W,0,-5.278209,0.17471909523010254,0.3109999895095825,0.1468999981880188
YOR100C,YPL240C,0,-5.2782407,0.17462100088596344,0.3109999895095825,0.1469999998807907
YGR060W,YDR255C,0,-5.278281,0.1745230108499527,0.3109999895095825,0.14710000157356262
YMR119W,YDL160C,0,-5.278564,0.1744251251220703,0.3109999895095825,0.14720000326633453
YDR273W,YOR040W,0,-5.278709,0.17432735860347748,0.3109999895095825,0.14730000495910645
YGL251C,YDR439W,0,-5.278765,0.174229696393013,0.3109999895095825,0.14740000665187836
YCR047C,YKR025W,0,-5.2791724,0.17413213849067688,0.3109999895095825,0.14749999344348907
YLR397C,YDR075W,0,-5.2792454,0.1740346997976303,0.3109999895095825,0.147599995136261
YNL148C,YMR266W,0,-5.2805386,0.1739373654127121,0.3109999895095825,0.1476999968290329
YFL055W,YDL113C,0,-5.28066,0.17384013533592224,0.3109999895095825,0.1477999985218048
YDR435C,YHR157W,0,-5.2806787,0.17374300956726074,0.3109999895095825,0.14790000021457672
YDR501W,YAL017W,0,-5.280728,0.1736460030078888,0.3109999895095825,0.14800000190734863
YJL183W,YLR002C,0,-5.2807794,0.1735491007566452,0.3109999895095825,0.14810000360012054
YDR487C,YCL069W,0,-5.2812433,0.17345231771469116,0.3109999895095825,0.14820000529289246
YPL212C,YGL232W,1,-5.28125,0.17391304671764374,0.31200000643730164,0.14820000529289246
YOR347C,YCR073W-A,0,-5.281266,0.17381615936756134,0.31200000643730164,0.14830000698566437
YPL140C,YPL196W,0,-5.281324,0.1737193763256073,0.31200000643730164,0.14839999377727509
YPL020C,YLR301W,0,-5.281421,0.17362269759178162,0.31200000643730164,0.148499995470047
YML040W,YOR084W,0,-5.2816844,0.17352613806724548,0.31200000643730164,0.1485999971628189
YMR001C,YDR342C,0,-5.2817154,0.1734296828508377,0.31200000643730164,0.14869999885559082
YFL055W,YGL227W,0,-5.281732,0.1733333319425583,0.31200000643730164,0.14880000054836273
YDR108W,YML109W,0,-5.2817807,0.17323708534240723,0.31200000643730164,0.14890000224113464
YDR142C,YDR379W,0,-5.281793,0.17314095795154572,0.31200000643730164,0.14900000393390656
YDR243C,YDR080W,0,-5.2818437,0.17304491996765137,0.31200000643730164,0.14910000562667847
YGR140W,YGL240W,0,-5.2821183,0.17294900119304657,0.31200000643730164,0.14920000731945038
YHR096C,YGR056W,0,-5.282341,0.17285318672657013,0.31200000643730164,0.1492999941110611
YDL111C,YKL056C,0,-5.2823544,0.17275747656822205,0.31200000643730164,0.149399995803833
YPL177C,YDL223C,0,-5.2823653,0.17266187071800232,0.31200000643730164,0.14949999749660492
YLR291C,YNL151C,0,-5.282409,0.17256636917591095,0.31200000643730164,0.14959999918937683
YKL152C,YDR342C,0,-5.2825575,0.17247097194194794,0.31200000643730164,0.14970000088214874
YJL125C,YKL110C,1,-5.283159,0.17292816936969757,0.31299999356269836,0.14970000088214874
YCR057C,YOR356W,0,-5.2834344,0.1728326827287674,0.31299999356269836,0.14980000257492065
YGR245C,YBR069C,0,-5.2835774,0.17273730039596558,0.31299999356269836,0.14990000426769257
YOR380W,YDL020C,0,-5.2838306,0.17264202237129211,0.31299999356269836,0.15000000596046448
YER127W,YDL201W,1,-5.28385,0.1730981320142746,0.3140000104904175,0.15000000596046448
YJL062W,YMR165C,0,-5.2839313,0.17300274968147278,0.3140000104904175,0.1500999927520752
YMR015C,YHR160C,0,-5.2839675,0.1729074865579605,0.3140000104904175,0.1501999944448471
YBL002W,YPR186C,0,-5.283993,0.1728123277425766,0.3140000104904175,0.15029999613761902
YPR133W-A,YPL144W,0,-5.2844462,0.17271727323532104,0.3140000104904175,0.15039999783039093
YMR058W,YLR003C,0,-5.284619,0.17262232303619385,0.3140000104904175,0.15049999952316284
YDR301W,YKR095W-A,0,-5.28464,0.172527477145195,0.3140000104904175,0.15060000121593475
YBL071W-A,YGL232W,1,-5.284776,0.1729818731546402,0.3149999976158142,0.15060000121593475
YMR231W,YER171W,0,-5.2847795,0.1728869378566742,0.3149999976158142,0.15070000290870667
YMR101C,YNL332W,0,-5.2847805,0.17279210686683655,0.3149999976158142,0.15080000460147858
YMR070W,YGL249W,0,-5.28482,0.17269736528396606,0.3149999976158142,0.1509000062942505
YER168C,YDL033C,1,-5.284825,0.1731506884098053,0.3160000145435333,0.1509000062942505
YER014C-A,YMR311C,0,-5.284899,0.17305585741996765,0.3160000145435333,0.1509999930858612
YIL029C,YMR046C,0,-5.2853694,0.17296114563941956,0.3160000145435333,0.15109999477863312
YHL019C,YDL113C,0,-5.2855372,0.17286652326583862,0.3160000145435333,0.15119999647140503
YGL240W,YOR182C,0,-5.285649,0.17277200520038605,0.3160000145435333,0.15129999816417694
YJL186W,YPL041C,0,-5.2858434,0.17267759144306183,0.3160000145435333,0.15139999985694885
YDR038C,YGR258C,0,-5.286286,0.17258328199386597,0.3160000145435333,0.15150000154972076
YLR201C,YNL334C,0,-5.2863126,0.17248907685279846,0.3160000145435333,0.15160000324249268
YJR132W,YDR065W,0,-5.286479,0.17239497601985931,0.3160000145435333,0.1517000049352646
YGL232W,YML014W,1,-5.2868934,0.1728462427854538,0.31700000166893005,0.1517000049352646
YJL020C,YOL117W,0,-5.2870946,0.1727520376443863,0.31700000166893005,0.1518000066280365
YBR026C,YGL229C,0,-5.287619,0.17265795171260834,0.31700000166893005,0.15189999341964722
YCL054W,YOL125W,1,-5.287872,0.1731083244085312,0.3179999887943268,0.15189999341964722
YBR276C,YMR139W,0,-5.287926,0.17301414906978607,0.3179999887943268,0.15199999511241913
YML011C,YPL047W,0,-5.288146,0.17292006313800812,0.3179999887943268,0.15209999680519104
YER164W,YFL026W,0,-5.288169,0.17282608151435852,0.3179999887943268,0.15219999849796295
YPR046W,YBL004W,0,-5.2885995,0.17273220419883728,0.3179999887943268,0.15230000019073486
YDL074C,YNR075W,0,-5.2886286,0.1726384311914444,0.3179999887943268,0.15240000188350677
YLR285W,YFL017W-A,0,-5.289001,0.17254476249217987,0.3179999887943268,0.1525000035762787
YBL058W,YCR102C,0,-5.289176,0.1724511981010437,0.3179999887943268,0.1526000052690506
YBR267W,YJL190C,0,-5.289557,0.1723577231168747,0.3179999887943268,0.1527000069618225
YLR216C,YKL070W,0,-5.2896066,0.17226435244083405,0.3179999887943268,0.15279999375343323
YKL176C,YJL109C,0,-5.289677,0.17217108607292175,0.3179999887943268,0.15289999544620514
YNL065W,YIL131C,0,-5.289861,0.17207792401313782,0.3179999887943268,0.15299999713897705
YNL062C,YBL024W,1,-5.2899957,0.17252568900585175,0.3190000057220459,0.15299999713897705
YJR092W,YPL144W,0,-5.290013,0.17243243753910065,0.3190000057220459,0.15309999883174896
YNL014W,YMR210W,0,-5.2900543,0.1723392754793167,0.3190000057220459,0.15320000052452087
YGR267C,YNL236W,0,-5.290226,0.17224621772766113,0.3190000057220459,0.15330000221729279
YGL216W,YLL017W,0,-5.2903495,0.1721532642841339,0.3190000057220459,0.1534000039100647
YJR055W,YGR162W,0,-5.2904234,0.17206041514873505,0.3190000057220459,0.1535000056028366
YPL170W,YNL093W,0,-5.290509,0.17196765542030334,0.3190000057220459,0.15360000729560852
YPL266W,YBL024W,1,-5.2906384,0.17241379618644714,0.3199999928474426,0.15360000729560852
YDR436W,YLR132C,0,-5.291366,0.17232094705104828,0.3199999928474426,0.15369999408721924
YOR098C,YDR314C,0,-5.291491,0.17222820222377777,0.3199999928474426,0.15379999577999115
YLR381W,YIL109C,0,-5.2917504,0.17213556170463562,0.3199999928474426,0.15389999747276306
YDL208W,YBR061C,1,-5.291764,0.17258064448833466,0.32100000977516174,0.15389999747276306
YDR110W,YCR040W,0,-5.291816,0.17248791456222534,0.32100000977516174,0.15399999916553497
YPR029C,YDR331W,0,-5.2918353,0.1723952740430832,0.32100000977516174,0.15410000085830688
YOL002C,YGR156W,0,-5.2920594,0.1723027378320694,0.32100000977516174,0.1542000025510788
YLR192C,YGR090W,0,-5.2922053,0.17221030592918396,0.32100000977516174,0.1543000042438507
YLR131C,YLR268W,0,-5.292345,0.17211796343326569,0.32100000977516174,0.15440000593662262
YDR386W,YDR043C,0,-5.2923846,0.17202572524547577,0.32100000977516174,0.15449999272823334
YFR040W,YNL236W,0,-5.292706,0.17193357646465302,0.32100000977516174,0.15459999442100525
YKL011C,YIL068C,0,-5.2927837,0.1718415468931198,0.32100000977516174,0.15469999611377716
YGR108W,YDR414C,0,-5.2927995,0.17174959182739258,0.32100000977516174,0.15479999780654907
YOR191W,YNL283C,0,-5.2928233,0.1716577559709549,0.32100000977516174,0.15489999949932098
YGR120C,YDL111C,0,-5.2929626,0.17156600952148438,0.32100000977516174,0.1550000011920929
YER036C,YKL088W,0,-5.293015,0.17147435247898102,0.32100000977516174,0.1551000028848648
YER029C,YDR472W,0,-5.2932196,0.1713828146457672,0.32100000977516174,0.15520000457763672
YBR105C,YLR337C,0,-5.293387,0.17129135131835938,0.32100000977516174,0.15530000627040863
YHR143W,YAL017W,0,-5.293616,0.1712000072002411,0.32100000977516174,0.15539999306201935
YGR055W,YMR165C,0,-5.293712,0.17110873758792877,0.32100000977516174,0.15549999475479126
YPR175W,YBR058C-A,0,-5.293733,0.171017587184906,0.32100000977516174,0.15559999644756317
YLR175W,YJL125C,1,-5.2942214,0.17145900428295135,0.32199999690055847,0.15559999644756317
YHR148W,YML014W,1,-5.294496,0.1718999445438385,0.3230000138282776,0.15559999644756317
YDL039C,YDL170W,0,-5.294517,0.17180851101875305,0.3230000138282776,0.15569999814033508
YMR173W,YGL153W,0,-5.2949157,0.17171716690063477,0.3230000138282776,0.155799999833107
YKR095W,YNR006W,0,-5.2949347,0.17162592709064484,0.3230000138282776,0.1559000015258789
YGR075C,YJL173C,0,-5.2952566,0.17153479158878326,0.3230000138282776,0.15600000321865082
YGR169C,YGR024C,1,-5.295383,0.1719745248556137,0.3240000009536743,0.15600000321865082
YPR124W,YDR240C,0,-5.29546,0.17188328504562378,0.3240000009536743,0.15610000491142273
YOR209C,YDR065W,0,-5.295469,0.1717921495437622,0.3240000009536743,0.15620000660419464
YIR005W,YMR089C,0,-5.295469,0.171701118350029,0.3240000009536743,0.15629999339580536
YGR278W,YDR004W,0,-5.2957487,0.17161017656326294,0.3240000009536743,0.15639999508857727
YEL030W,YBR289W,0,-5.2958784,0.17151932418346405,0.3240000009536743,0.15649999678134918
YJL081C,YHL012W,0,-5.2959685,0.17142857611179352,0.3240000009536743,0.1565999984741211
YPL242C,YDR329C,0,-5.296044,0.17133791744709015,0.3240000009536743,0.156700000166893
YDR217C,YGR185C,0,-5.296327,0.17124736309051514,0.3240000009536743,0.15680000185966492
YIR028W,YJL004C,0,-5.296594,0.1711568981409073,0.3240000009536743,0.15690000355243683
YFR013W,YIL018W,0,-5.2966237,0.1710665225982666,0.3240000009536743,0.15700000524520874
YCL039W,YBL030C,0,-5.2967286,0.17097625136375427,0.3240000009536743,0.15710000693798065
YNL299W,YCL063W,0,-5.2969794,0.1708860695362091,0.3240000009536743,0.15719999372959137
YGL167C,YOR356W,0,-5.2977333,0.1707959920167923,0.3240000009536743,0.15729999542236328
YMR312W,YHR187W,1,-5.297743,0.17123287916183472,0.32499998807907104,0.15729999542236328
YER168C,YHR072W-A,1,-5.297826,0.17166930437088013,0.32600000500679016,0.15729999542236328
YPL266W,YDL201W,1,-5.298061,0.17210526764392853,0.3269999921321869,0.15729999542236328
YMR164C,YJR027W,0,-5.298683,0.1720147281885147,0.3269999921321869,0.1573999971151352
YBR121C,YJR002W,0,-5.2988944,0.17192429304122925,0.3269999921321869,0.1574999988079071
YBR276C,YIL143C,0,-5.299377,0.17183394730091095,0.3269999921321869,0.15760000050067902
YGL051W,YPL043W,0,-5.299502,0.17174369096755981,0.3269999921321869,0.15770000219345093
YLR401C,YMR312W,1,-5.2995653,0.1721784770488739,0.328000009059906,0.15770000219345093
YLR405W,YMR312W,1,-5.3001184,0.17261280119419098,0.32899999618530273,0.15770000219345093
YER109C,YPL076W,0,-5.300195,0.17252229154109955,0.32899999618530273,0.15780000388622284
YHL027W,YIL080W,0,-5.300201,0.17243187129497528,0.32899999618530273,0.15790000557899475
YFR002W,YER002W,0,-5.300273,0.17234154045581818,0.32899999618530273,0.15800000727176666
YGL033W,YHR075C,0,-5.300385,0.17225131392478943,0.32899999618530273,0.15809999406337738
YLR197W,YOL125W,1,-5.30078,0.1726844608783722,0.33000001311302185,0.15809999406337738
YGR089W,YGR170W,0,-5.300883,0.17259414494037628,0.33000001311302185,0.1581999957561493
YMR190C,YGR281W,0,-5.3018947,0.17250391840934753,0.33000001311302185,0.1582999974489212
YKL048C,YMR210W,0,-5.301927,0.17241379618644714,0.33000001311302185,0.15839999914169312
YNL323W,YBR066C,0,-5.3020234,0.17232376337051392,0.33000001311302185,0.15850000083446503
YGR029W,YNL206C,0,-5.302484,0.17223381996154785,0.33000001311302185,0.15860000252723694
YPR068C,YDR501W,0,-5.3026223,0.17214398086071014,0.33000001311302185,0.15870000422000885
YDR346C,YBL100W-A,0,-5.30304,0.1720542162656784,0.33000001311302185,0.15880000591278076
YGL163C,YOR004W,0,-5.3031015,0.17196457087993622,0.33000001311302185,0.15889999270439148
YLR321C,YHR196W,0,-5.3032484,0.171875,0.33000001311302185,0.1589999943971634
YKL021C,YOR068C,0,-5.3039184,0.17178553342819214,0.33000001311302185,0.1590999960899353
YKL032C,YKL012W,0,-5.3041453,0.17169615626335144,0.33000001311302185,0.15919999778270721
YLR259C,YER087C-A,0,-5.3042183,0.1716068685054779,0.33000001311302185,0.15929999947547913
YLR353W,YCL034W,0,-5.304647,0.17151767015457153,0.33000001311302185,0.15940000116825104
YDR184C,YKL012W,0,-5.3049674,0.17142857611179352,0.33000001311302185,0.15950000286102295
YNL312W,YLR426W,0,-5.3050942,0.17133955657482147,0.33000001311302185,0.15960000455379486
YML016C,YFR029W,0,-5.3051434,0.17125064134597778,0.33000001311302185,0.15970000624656677
YDL036C,YDL201W,1,-5.3052526,0.1716804951429367,0.3310000002384186,0.15970000624656677
YPR164W,YLR224W,0,-5.3055215,0.17159150540828705,0.3310000002384186,0.1597999930381775
YBR160W,YDR045C,0,-5.3055577,0.17150259017944336,0.3310000002384186,0.1598999947309494
YMR069W,YBR293W,0,-5.3058352,0.17141377925872803,0.3310000002384186,0.1599999964237213
YJR097W,YNL046W,0,-5.305919,0.17132505774497986,0.3310000002384186,0.16009999811649323
YJR022W,YKL117W,0,-5.3060164,0.17123642563819885,0.3310000002384186,0.16019999980926514
YDL112W,YBR061C,1,-5.3060174,0.17166493833065033,0.3319999873638153,0.16019999980926514
YHR187W,YDR165W,1,-5.3062887,0.17209301888942719,0.3330000042915344,0.16019999980926514
YJR040W,YCR077C,0,-5.3066554,0.17200413346290588,0.3330000042915344,0.16030000150203705
YLR197W,YNR046W,1,-5.3072,0.1724315881729126,0.33399999141693115,0.16030000150203705
YER168C,YHR187W,1,-5.3073006,0.1728586107492447,0.33500000834465027,0.16030000150203705
YJR147W,YDL185W,0,-5.3076053,0.1727694720029831,0.33500000834465027,0.16040000319480896
YBR084W,YGR169C,1,-5.307774,0.17319588363170624,0.335999995470047,0.16040000319480896
YDR451C,YHR020W,0,-5.30798,0.17310664057731628,0.335999995470047,0.16050000488758087
YPL123C,YKR101W,0,-5.3080196,0.1730175018310547,0.335999995470047,0.16060000658035278
YPL101W,YGL063W,1,-5.3083677,0.17344312369823456,0.3370000123977661,0.16060000658035278
YOR243C,YBR061C,1,-5.308455,0.1738683134317398,0.33799999952316284,0.16060000658035278
YMR092C,YDR018C,0,-5.308472,0.17377892136573792,0.33799999952316284,0.1606999933719635
YDR440W,YMR032W,0,-5.3085456,0.17368961870670319,0.33799999952316284,0.1607999950647354
YFR013W,YBR066C,0,-5.3087015,0.17360040545463562,0.33799999952316284,0.16089999675750732
YDR376W,YML075C,0,-5.3088183,0.1735112965106964,0.33799999952316284,0.16099999845027924
YER036C,YKR060W,0,-5.3093276,0.17342226207256317,0.33799999952316284,0.16110000014305115
YOL068C,YER151C,0,-5.309439,0.1733333319425583,0.33799999952316284,0.16120000183582306
YMR104C,YPL033C,0,-5.3096194,0.17324449121952057,0.33799999952316284,0.16130000352859497
YER026C,YLR224W,0,-5.309715,0.17315573990345,0.33799999952316284,0.16140000522136688
YNL062C,YER127W,1,-5.310082,0.1735791116952896,0.33899998664855957,0.16140000522136688
YBR290W,YML058W-A,0,-5.310214,0.1734902709722519,0.33899998664855957,0.1615000069141388
YOL093W,YDL201W,1,-5.3102727,0.17391304671764374,0.3400000035762787,0.1615000069141388
YKR090W,YFL002C,0,-5.31039,0.17382413148880005,0.3400000035762787,0.1615999937057495
YDR280W,YLR409C,0,-5.3104167,0.17373530566692352,0.3400000035762787,0.16169999539852142
YOR253W,YPL122C,0,-5.310742,0.17364658415317535,0.3400000035762787,0.16179999709129333
YDR459C,YNL213C,0,-5.31104,0.17355793714523315,0.3400000035762787,0.16189999878406525
YHR058C,YOR194C,0,-5.3112297,0.1734693944454193,0.3400000035762787,0.16200000047683716
YMR177W,YGR020C,0,-5.312323,0.17338092625141144,0.3400000035762787,0.16210000216960907
YPL266W,YGR169C,1,-5.31239,0.1738022416830063,0.3409999907016754,0.16210000216960907
YCR040W,YHR021C,0,-5.312945,0.17371369898319244,0.3409999907016754,0.16220000386238098
YJL035C,YDL112W,1,-5.3132973,0.17413441836833954,0.34200000762939453,0.16220000386238098
YER014C-A,YBL055C,0,-5.313397,0.17404580116271973,0.34200000762939453,0.1623000055551529
YML075C,YKL025C,0,-5.3136053,0.17395727336406708,0.34200000762939453,0.1624000072479248
YNL038W,YBR129C,0,-5.313743,0.1738688349723816,0.34200000762939453,0.16249999403953552
YHL020C,YMR051C,0,-5.3137994,0.17378048598766327,0.34200000762939453,0.16259999573230743
YPR056W,YIL077C,0,-5.3141665,0.1736922264099121,0.34200000762939453,0.16269999742507935
YDR331W,YBL032W,0,-5.314204,0.1736040562391281,0.34200000762939453,0.16279999911785126
YKL011C,YKR081C,0,-5.3143916,0.17351597547531128,0.34200000762939453,0.16290000081062317
YHR203C,YNL334C,0,-5.3144593,0.1734279990196228,0.34200000762939453,0.16300000250339508
YMR312W,YGL063W,1,-5.3144937,0.17384693026542664,0.34299999475479126,0.16300000250339508
YDR190C,YJL098W,0,-5.31455,0.173758864402771,0.34299999475479126,0.163100004196167
YER168C,YPL086C,1,-5.3145995,0.17417721450328827,0.3440000116825104,0.163100004196167
YNR003C,YPR110C,0,-5.3146033,0.17408907413482666,0.3440000116825104,0.1632000058889389
YPL270W,YCR067C,0,-5.3146772,0.17400100827217102,0.3440000116825104,0.16329999268054962
YLR067C,YLR107W,0,-5.31481,0.17391304671764374,0.3440000116825104,0.16339999437332153
YIR010W,YPR010C,0,-5.3151226,0.17382515966892242,0.3440000116825104,0.16349999606609344
YGR274C,YHR048W,0,-5.315516,0.17373737692832947,0.3440000116825104,0.16359999775886536
YIL036W,YIL143C,0,-5.3156905,0.17364966869354248,0.3440000116825104,0.16369999945163727
YGR024C,YDL112W,1,-5.315845,0.17406660318374634,0.3449999988079071,0.16369999945163727
YDR004W,YDL130W-A,0,-5.3160205,0.17397882044315338,0.3449999988079071,0.16380000114440918
YDR302W,YMR266W,0,-5.3163896,0.1738911271095276,0.3449999988079071,0.1639000028371811
YCR066W,YKR029C,0,-5.3164544,0.17380352318286896,0.3449999988079071,0.164000004529953
YPL043W,YMR051C,0,-5.3169637,0.1737160086631775,0.3449999988079071,0.16410000622272491
YKL032C,YIL117C,0,-5.317037,0.17362858355045319,0.3449999988079071,0.16419999301433563
YDL017W,YMR284W,0,-5.31717,0.17354124784469604,0.3449999988079071,0.16429999470710754
YBL071W-A,YDL033C,1,-5.3174043,0.1739567667245865,0.34599998593330383,0.16429999470710754
YMR096W,YAL002W,0,-5.3174706,0.17386934161186218,0.34599998593330383,0.16439999639987946
YHR079C,YCL010C,0,-5.31783,0.17378202080726624,0.34599998593330383,0.16449999809265137
YNR074C,YBR086C,0,-5.317933,0.17369477450847626,0.34599998593330383,0.16459999978542328
YPR008W,YKL088W,0,-5.317984,0.17360763251781464,0.34599998593330383,0.1647000014781952
YDR314C,YMR266W,0,-5.3181252,0.17352056503295898,0.34599998593330383,0.1648000031709671
YDR126W,YHR111W,0,-5.318156,0.1734335869550705,0.34599998593330383,0.164900004863739
YPR046W,YCR073C,0,-5.318217,0.17334669828414917,0.34599998593330383,0.16500000655651093
YDR075W,YJR029W,0,-5.318563,0.1732598841190338,0.34599998593330383,0.16509999334812164
YER129W,YOR229W,0,-5.3189244,0.17317317426204681,0.34599998593330383,0.16519999504089355
YMR061W,YHR056C,0,-5.31897,0.17308653891086578,0.34599998593330383,0.16529999673366547
YAL020C,YBR084W,1,-5.319035,0.17350000143051147,0.34700000286102295,0.16529999673366547
YGL251C,YDL216C,0,-5.319277,0.17341329157352448,0.34700000286102295,0.16539999842643738
YAL026C,YMR287C,0,-5.319464,0.17332667112350464,0.34700000286102295,0.1655000001192093
YDL154W,YGL048C,0,-5.319522,0.17324014008045197,0.34700000286102295,0.1656000018119812
YBR060C,YHR069C,0,-5.3196273,0.17315369844436646,0.34700000286102295,0.1657000035047531
YDR214W,YLR079W,0,-5.3197603,0.17306733131408691,0.34700000286102295,0.16580000519752502
YLR175W,YOL125W,1,-5.3199267,0.17347955703735352,0.3479999899864197,0.16580000519752502
YOR048C,YNR064C,0,-5.3202615,0.1733931303024292,0.3479999899864197,0.16590000689029694
YDR173C,YBR038W,0,-5.32064,0.17330677807331085,0.3479999899864197,0.16599999368190765
YPL256C,YGL126W,0,-5.3208075,0.17322050034999847,0.3479999899864197,0.16609999537467957
YDL008W,YJL030W,0,-5.3208227,0.17313432693481445,0.3479999899864197,0.16619999706745148
YDR191W,YDR244W,0,-5.3208766,0.1730482280254364,0.3479999899864197,0.1662999987602234
YPL050C,YHR062C,0,-5.320932,0.1729622334241867,0.3479999899864197,0.1664000004529953
YJR045C,YBR111W-A,0,-5.321168,0.1728762984275818,0.3479999899864197,0.1665000021457672
YKR061W,YFR030W,0,-5.321279,0.17279046773910522,0.3479999899864197,0.16660000383853912
YFR055W,YOR322C,0,-5.321298,0.17270471155643463,0.3479999899864197,0.16670000553131104
YNL210W,YMR302C,0,-5.321422,0.1726190447807312,0.3479999899864197,0.16680000722408295
YMR283C,YDR165W,1,-5.3215446,0.17302924394607544,0.3490000069141388,0.16680000722408295
YOR020C,YNL037C,0,-5.321552,0.17294350266456604,0.3490000069141388,0.16689999401569366
YBL005W,YIL119C,0,-5.3215566,0.1728578507900238,0.3490000069141388,0.16699999570846558
YIL079C,YGR108W,0,-5.32169,0.17277227342128754,0.3490000069141388,0.1670999974012375
YIL159W,YPR095C,0,-5.321724,0.17268678545951843,0.3490000069141388,0.1671999990940094
YHR072W-A,YGR169C,1,-5.3219194,0.1730959415435791,0.3499999940395355,0.1671999990940094
YOR321W,YOR230W,0,-5.3219323,0.17301037907600403,0.3499999940395355,0.1673000007867813
YGR089W,YMR236W,0,-5.3221574,0.17292490601539612,0.3499999940395355,0.16740000247955322
YNR049C,YDR065W,0,-5.322803,0.17283950746059418,0.3499999940395355,0.16750000417232513
YPL217C,YOL121C,0,-5.323041,0.1727541983127594,0.3499999940395355,0.16760000586509705
YGL136C,YGL063W,1,-5.323199,0.1731623113155365,0.35100001096725464,0.16760000586509705
YML075C,YLR191W,0,-5.3232636,0.17307692766189575,0.35100001096725464,0.16769999265670776
YGL233W,YBR223C,0,-5.323447,0.17299161851406097,0.35100001096725464,0.16779999434947968
YER127W,YJL035C,1,-5.3234506,0.17339901626110077,0.35199999809265137,0.16779999434947968
YNL231C,YMR046C,0,-5.32346,0.17331363260746002,0.35199999809265137,0.1678999960422516
YER164W,YGR128C,0,-5.323547,0.17322835326194763,0.35199999809265137,0.1679999977350235
YLR381W,YBR188C,0,-5.323581,0.17314313352108002,0.35199999809265137,0.1680999994277954
YBR106W,YJL113W,0,-5.323693,0.17305801808834076,0.35199999809265137,0.16820000112056732
YDL117W,YNL210W,0,-5.32371,0.17297297716140747,0.35199999809265137,0.16830000281333923
YLL008W,YML064C,0,-5.3238816,0.17288801074028015,0.35199999809265137,0.16840000450611115
YGL119W,YGL016W,0,-5.3240876,0.1728031486272812,0.35199999809265137,0.16850000619888306
YNL020C,YKL197C,0,-5.3241115,0.172718346118927,0.35199999809265137,0.16859999299049377
YHR021C,YBL005W-A,0,-5.3242574,0.17263364791870117,0.35199999809265137,0.16869999468326569
YBR158W,YNL218W,0,-5.3248553,0.1725490242242813,0.35199999809265137,0.1687999963760376
YOR031W,YNL251C,0,-5.324925,0.17246447503566742,0.35199999809265137,0.1688999980688095
YBL071W-A,YDL112W,1,-5.3252115,0.1728697419166565,0.3529999852180481,0.1688999980688095
YNL243W,YJL114W,0,-5.326688,0.17278511822223663,0.3529999852180481,0.16899999976158142
YDR181C,YHR138C,0,-5.3267407,0.17270058393478394,0.3529999852180481,0.16910000145435333
YJL125C,YOL093W,1,-5.326822,0.1731051355600357,0.3540000021457672,0.16910000145435333
YCL063W,YHL012W,0,-5.3270144,0.17302052676677704,0.3540000021457672,0.16920000314712524
YHR116W,YPL029W,0,-5.3270545,0.17293600738048553,0.3540000021457672,0.16930000483989716
YMR184W,YKL088W,0,-5.3270884,0.1728515625,0.3540000021457672,0.16940000653266907
YKL110C,YDL036C,1,-5.3274083,0.17325524985790253,0.35499998927116394,0.16940000653266907
YBL098W,YML092C,0,-5.327436,0.17317073047161102,0.35499998927116394,0.16949999332427979
YKL032C,YML109W,0,-5.327571,0.17308630049228668,0.35499998927116394,0.1695999950170517
YFR047C,YDR322C-A,0,-5.327575,0.1730019450187683,0.35499998927116394,0.1696999967098236
YNL042W,YDR244W,0,-5.3276134,0.1729176789522171,0.35499998927116394,0.16979999840259552
YKL001C,YDR065W,0,-5.327699,0.17283350229263306,0.35499998927116394,0.16990000009536743
YIL103W,YCR034W,0,-5.327784,0.1727493852376938,0.35499998927116394,0.17000000178813934
YGL241W,YGR258C,0,-5.3279014,0.17266537249088287,0.35499998927116394,0.17010000348091125
YBL018C,YLR014C,0,-5.3279977,0.17258143424987793,0.35499998927116394,0.17020000517368317
YKR029C,YKL042W,0,-5.3281946,0.17249757051467896,0.35499998927116394,0.17030000686645508
YOR341W,YDR172W,0,-5.328228,0.17241379618644714,0.35499998927116394,0.1703999936580658
YKL197C,YKL088W,0,-5.328397,0.1723300963640213,0.35499998927116394,0.1704999953508377
YLL022C,YBR012W-A,0,-5.3288827,0.17224648594856262,0.35499998927116394,0.17059999704360962
YGR217W,YPR186C,0,-5.3292804,0.1721629500389099,0.35499998927116394,0.17069999873638153
YHR163W,YJL113W,0,-5.3293204,0.17207948863506317,0.35499998927116394,0.17080000042915344
YDR488C,YPL253C,0,-5.3298764,0.1719961166381836,0.35499998927116394,0.17090000212192535
YLR372W,YMR210W,0,-5.32991,0.17191283404827118,0.35499998927116394,0.17100000381469727
YOR330C,YDL170W,0,-5.3299503,0.17182962596416473,0.35499998927116394,0.17110000550746918
YPR046W,YDL135C,0,-5.3299823,0.17174649238586426,0.35499998927116394,0.1712000072002411
YGL063W,YNR015W,1,-5.330028,0.1721470057964325,0.35600000619888306,0.1712000072002411
YCL038C,YAR033W,0,-5.330253,0.17206379771232605,0.35600000619888306,0.1712999939918518
YNR074C,YNR072W,0,-5.3306284,0.17198067903518677,0.35600000619888306,0.17139999568462372
YBR038W,YKL035W,0,-5.33071,0.17189763486385345,0.35600000619888306,0.17149999737739563
YEL029C,YJL041W,0,-5.330814,0.1718146651983261,0.35600000619888306,0.17159999907016754
YGR227W,YFL002C,0,-5.3308845,0.17173178493976593,0.35600000619888306,0.17170000076293945
YJL031C,YPL200W,0,-5.331045,0.1716489940881729,0.35600000619888306,0.17180000245571136
YLR372W,YHR167W,0,-5.331333,0.17156626284122467,0.35600000619888306,0.17190000414848328
YPR082C,YHR015W,0,-5.3314576,0.1714836210012436,0.35600000619888306,0.1720000058412552
YPL086C,YDL112W,1,-5.3317,0.1718825250864029,0.3569999933242798,0.1720000058412552
YGL065C,YDR302W,0,-5.3317037,0.17179980874061584,0.3569999933242798,0.1720999926328659
YMR055C,YOR080W,0,-5.3324656,0.17171716690063477,0.3569999933242798,0.17219999432563782
YOR132W,YMR051C,0,-5.332566,0.17163461446762085,0.3569999933242798,0.17229999601840973
YFL055W,YDR265W,0,-5.332813,0.1715521365404129,0.3569999933242798,0.17239999771118164
YBR158W,YNL047C,0,-5.3328357,0.17146974802017212,0.3569999933242798,0.17249999940395355
YPL181W,YBR040W,0,-5.3328967,0.1713874191045761,0.3569999933242798,0.17260000109672546
YGR014W,YLL040C,0,-5.333125,0.17130517959594727,0.3569999933242798,0.17270000278949738
YLR401C,YOL125W,1,-5.3332005,0.17170263826847076,0.3580000102519989,0.17270000278949738
YJL092W,YPL042C,0,-5.3333545,0.17162032425403595,0.3580000102519989,0.1728000044822693
YFR055W,YGR192C,0,-5.333616,0.1715380996465683,0.3580000102519989,0.1729000061750412
YFL002C,YKR060W,0,-5.333757,0.17145593464374542,0.3580000102519989,0.17299999296665192
YCR089W,YNL106C,0,-5.334007,0.1713738590478897,0.3580000102519989,0.17309999465942383
YMR312W,YHR072W-A,1,-5.334128,0.17177033424377441,0.35899999737739563,0.17309999465942383
YPL086C,YGL063W,1,-5.334241,0.17216642200946808,0.36000001430511475,0.17309999465942383
YDR364C,YLR263W,0,-5.334272,0.17208412289619446,0.36000001430511475,0.17319999635219574
YHR005C,YNL078W,0,-5.334291,0.172001913189888,0.36000001430511475,0.17329999804496765
YLR157C,YPL060W,0,-5.3344026,0.1719197779893875,0.36000001430511475,0.17339999973773956
YHR036W,YBR009C,0,-5.3344655,0.1718377023935318,0.36000001430511475,0.17350000143051147
YLR175W,YNL075W,1,-5.334617,0.17223282158374786,0.3610000014305115,0.17350000143051147
YLR263W,YKL038W,0,-5.3347707,0.17215068638324738,0.3610000014305115,0.1736000031232834
YNR008W,YDL087C,0,-5.335011,0.17206864058971405,0.3610000014305115,0.1737000048160553
YDR108W,YNL139C,0,-5.3350844,0.1719866544008255,0.3610000014305115,0.1738000065088272
YNL051W,YDR255C,0,-5.3352704,0.1719047576189041,0.3610000014305115,0.17389999330043793
YGR280C,YCL069W,0,-5.3354087,0.1718229353427887,0.3610000014305115,0.17399999499320984
YCL038C,YEL066W,0,-5.3355894,0.17174120247364044,0.3610000014305115,0.17409999668598175
YJR112W,YBL014C,0,-5.335939,0.17165952920913696,0.3610000014305115,0.17419999837875366
YBL071W-A,YML014W,1,-5.335954,0.1720532327890396,0.3619999885559082,0.17419999837875366
YKL062W,YKL035W,0,-5.3359885,0.17197149991989136,0.3619999885559082,0.17430000007152557
YDR297W,YBR058C-A,0,-5.33608,0.17188984155654907,0.3619999885559082,0.17440000176429749
YJR033C,YLR378C,0,-5.336262,0.17180825769901276,0.3619999885559082,0.1745000034570694
YNL062C,YOR310C,1,-5.3363423,0.17220114171504974,0.3630000054836273,0.1745000034570694
YOL063C,YHR119W,0,-5.3365607,0.17211948335170746,0.3630000054836273,0.1746000051498413
YLR319C,YAL005C,0,-5.3365684,0.17203791439533234,0.3630000054836273,0.17470000684261322
YMR312W,YDL112W,1,-5.3366256,0.1724301278591156,0.36399999260902405,0.17470000684261322
YOR100C,YGL208W,0,-5.336685,0.1723484843969345,0.36399999260902405,0.17479999363422394
YNR074C,YFR024C-A,0,-5.3372254,0.1722669154405594,0.36399999260902405,0.17489999532699585
YLR318W,YBL004W,0,-5.3372684,0.17218543589115143,0.36399999260902405,0.17499999701976776
YFR027W,YJR046W,0,-5.3374,0.17210401594638824,0.36399999260902405,0.17509999871253967
YGL029W,YDR363W,0,-5.337461,0.17202268540859222,0.36399999260902405,0.17520000040531158
YMR207C,YML109W,0,-5.3375044,0.17194142937660217,0.36399999260902405,0.1753000020980835
YOR322C,YBR081C,0,-5.3376646,0.1718602478504181,0.36399999260902405,0.1754000037908554
YOR274W,YBR061C,1,-5.337692,0.17225106060504913,0.36500000953674316,0.1754000037908554
YGR177C,YJR120W,0,-5.337958,0.17216980457305908,0.36500000953674316,0.17550000548362732
YPL043W,YFL059W,0,-5.3383203,0.1720886379480362,0.36500000953674316,0.17560000717639923
YPR103W,YAL005C,0,-5.3383346,0.17200754582881927,0.36500000953674316,0.17569999396800995
YLR205C,YGR072W,0,-5.3384414,0.17192651331424713,0.36500000953674316,0.17579999566078186
YNL065W,YNL192W,0,-5.3387094,0.17184557020664215,0.36500000953674316,0.17589999735355377
YLR131C,YOR132W,0,-5.338712,0.17176470160484314,0.36500000953674316,0.17599999904632568
YHR102W,YDR005C,0,-5.3390007,0.1716839075088501,0.36500000953674316,0.1761000007390976
YER143W,YOR025W,0,-5.3394966,0.17160320281982422,0.36500000953674316,0.1762000024318695
YOR100C,YDR486C,0,-5.33958,0.17152255773544312,0.36500000953674316,0.17630000412464142
YHR187W,YML014W,1,-5.33962,0.17191170156002045,0.3659999966621399,0.17630000412464142
YLL008W,YFR055W,0,-5.3396544,0.17183098196983337,0.3659999966621399,0.17640000581741333
YPL269W,YNL272C,0,-5.3398175,0.17175035178661346,0.3659999966621399,0.17649999260902405
YFR046C,YNL136W,0,-5.340492,0.17166979610919952,0.3659999966621399,0.17659999430179596
YDL175C,YML039W,0,-5.340519,0.17158931493759155,0.3659999966621399,0.17669999599456787
YOR201C,YHR072W-A,1,-5.3407564,0.17197750508785248,0.367000013589859,0.17669999599456787
YJR083C,YJL031C,0,-5.340768,0.17189694941043854,0.367000013589859,0.17679999768733978
YDL208W,YOR310C,1,-5.3407845,0.17228464782238007,0.36800000071525574,0.17679999768733978
YPL161C,YDR195W,0,-5.340842,0.17220401763916016,0.36800000071525574,0.1768999993801117
YHL040C,YOR329C,0,-5.34099,0.1721234768629074,0.36800000071525574,0.1770000010728836
YPL101W,YBR061C,1,-5.3413954,0.1725105196237564,0.36899998784065247,0.1770000010728836
YER056C,YFR005C,0,-5.341578,0.1724299043416977,0.36899998784065247,0.17710000276565552
YBR098W,YBR258C,0,-5.3415904,0.17234936356544495,0.36899998784065247,0.17720000445842743
YIL129C,YER160C,0,-5.341806,0.17226891219615936,0.36899998784065247,0.17730000615119934
YHR187W,YLR197W,1,-5.3420234,0.1726551502943039,0.3700000047683716,0.17730000615119934
YNL075W,YOR243C,1,-5.3420243,0.17304104566574097,0.3709999918937683,0.17730000615119934
YKL048C,YIL066C,0,-5.342151,0.17296037077903748,0.3709999918937683,0.17739999294281006
YEL063C,YOR351C,0,-5.3422437,0.17287977039813995,0.3709999918937683,0.17749999463558197
YJL047C,YDR227W,0,-5.342338,0.1727992594242096,0.3709999918937683,0.17759999632835388
YDR173C,YNL026W,0,-5.3424373,0.172718808054924,0.3709999918937683,0.1776999980211258
YGR200C,YDL112W,1,-5.3426585,0.17310376465320587,0.3720000088214874,0.1776999980211258
YAL021C,YPL093W,0,-5.342858,0.1730232536792755,0.3720000088214874,0.1777999997138977
YML130C,YER042W,0,-5.3428807,0.17294281721115112,0.3720000088214874,0.17790000140666962
YER014C-A,YIL085C,0,-5.3428946,0.1728624552488327,0.3720000088214874,0.17800000309944153
YPL086C,YOL125W,1,-5.3431497,0.17324663698673248,0.37299999594688416,0.17800000309944153
YPL266W,YPL101W,1,-5.343636,0.1736304610967636,0.37400001287460327,0.17800000309944153
YDR097C,YMR231W,0,-5.343733,0.17354989051818848,0.37400001287460327,0.17810000479221344
YHR203C,YER072W,0,-5.3437524,0.1734693944454193,0.37400001287460327,0.17820000648498535
YIR013C,YLL013C,0,-5.3437543,0.17338897287845612,0.37400001287460327,0.17829999327659607
YER014C-A,YLR110C,0,-5.3440013,0.1733086258172989,0.37400001287460327,0.17839999496936798
YFR047C,YHR075C,0,-5.344234,0.17322835326194763,0.37400001287460327,0.1784999966621399
YHR013C,YBR156C,0,-5.344279,0.17314815521240234,0.37400001287460327,0.1785999983549118
YIR028W,YPR068C,0,-5.3443017,0.17306801676750183,0.37400001287460327,0.17870000004768372
YDR418W,YMR046C,0,-5.3444085,0.17298796772956848,0.37400001287460327,0.17880000174045563
YBR170C,YOR261C,0,-5.3445735,0.1729079931974411,0.37400001287460327,0.17890000343322754
YDL036C,YML014W,1,-5.3451047,0.1732902079820633,0.375,0.17890000343322754
YER127W,YNR015W,1,-5.3451056,0.17367205023765564,0.37599998712539673,0.17890000343322754
YDL003W,YMR046C,0,-5.3451633,0.17359186708927155,0.37599998712539673,0.17900000512599945
YCR077C,YNL102W,0,-5.3453984,0.17351177334785461,0.37599998712539673,0.17910000681877136
YPL200W,YDR439W,0,-5.345754,0.17343173921108246,0.37599998712539673,0.17919999361038208
YJR033C,YJL047C,0,-5.3464036,0.17335177958011627,0.37599998712539673,0.179299995303154
YPR029C,YJL168C,0,-5.346744,0.17327189445495605,0.37599998712539673,0.1793999969959259
YNL008C,YKR029C,0,-5.346786,0.1731920838356018,0.37599998712539673,0.17949999868869781
YOR274W,YML005W,1,-5.3470025,0.17357274889945984,0.37700000405311584,0.17949999868869781
YOR298C-A,YGL233W,0,-5.3471646,0.17349286377429962,0.37700000405311584,0.17960000038146973
YDL064W,YJR029W,0,-5.347545,0.17341306805610657,0.37700000405311584,0.17970000207424164
YLR405W,YDR165W,1,-5.347801,0.17379310727119446,0.3779999911785126,0.17970000207424164
YLR274W,YDR295C,0,-5.3479605,0.17371323704719543,0.3779999911785126,0.17980000376701355
YBL071W-A,YPL212C,1,-5.348044,0.17409278452396393,0.3790000081062317,0.17980000376701355
YNL216W,YNL088W,0,-5.3483157,0.17401285469532013,0.3790000081062317,0.17990000545978546
YPL192C,YBR250W,0,-5.348339,0.1739329993724823,0.3790000081062317,0.18000000715255737
YML110C,YLR382C,0,-5.3484073,0.17385320365428925,0.3790000081062317,0.1800999939441681
YDR075W,YPR173C,0,-5.348509,0.17377349734306335,0.3790000081062317,0.18019999563694
YOR032C,YLR466W,0,-5.3485765,0.17369386553764343,0.3790000081062317,0.18029999732971191
YDL143W,YCL020W,0,-5.348669,0.1736142933368683,0.3790000081062317,0.18039999902248383
YDR422C,YHR138C,0,-5.3487067,0.1735347956418991,0.3790000081062317,0.18050000071525574
YBR040W,YDR227W,0,-5.349067,0.1734553724527359,0.3790000081062317,0.18060000240802765
YIL131C,YDR331W,0,-5.3493056,0.17337602376937866,0.3790000081062317,0.18070000410079956
YBR265W,YLR224W,0,-5.3497376,0.1732967495918274,0.3790000081062317,0.18080000579357147
YPL221W,YIL018W,0,-5.3498435,0.1732175499200821,0.3790000081062317,0.1808999925851822
YJR064W,YOR207C,0,-5.3503966,0.17313842475414276,0.3790000081062317,0.1809999942779541
YDR265W,YPL283C,0,-5.3505125,0.1730593591928482,0.3790000081062317,0.181099995970726
YDR397C,YPR143W,0,-5.3505955,0.17298036813735962,0.3790000081062317,0.18119999766349792
YPL086C,YGL232W,1,-5.350623,0.17335766553878784,0.3799999952316284,0.18119999766349792
YKL085W,YFL037W,0,-5.3508015,0.17327861487865448,0.3799999952316284,0.18129999935626984
YMR277W,YLR426W,0,-5.3508964,0.1731996387243271,0.3799999952316284,0.18140000104904175
YJR064W,YHR085W,0,-5.3522215,0.17312072217464447,0.3799999952316284,0.18150000274181366
YDR273W,YMR200W,0,-5.352473,0.17304189503192902,0.3799999952316284,0.18160000443458557
YER133W,YOR147W,0,-5.3526406,0.17296312749385834,0.3799999952316284,0.18170000612735748
YNL021W,YBR017C,0,-5.352935,0.17288443446159363,0.3799999952316284,0.1817999929189682
YGL062W,YGR183C,0,-5.353414,0.1728058159351349,0.3799999952316284,0.1818999946117401
YNR002C,YBR015C,0,-5.353643,0.17272727191448212,0.3799999952316284,0.18199999630451202
YMR283C,YML005W,1,-5.353783,0.17310313880443573,0.38100001215934753,0.18199999630451202
YGR200C,YHR072W-A,1,-5.3541017,0.17347866296768188,0.38199999928474426,0.18199999630451202
YOR354C,YKR095W-A,0,-5.354251,0.1733999103307724,0.38199999928474426,0.18209999799728394
YNL317W,YHR196W,0,-5.354304,0.17332123219966888,0.38199999928474426,0.18219999969005585
YGL032C,YLL017W,0,-5.3544097,0.17324262857437134,0.38199999928474426,0.18230000138282776
YBL032W,YLR337C,0,-5.354676,0.17316409945487976,0.38199999928474426,0.18240000307559967
YGR170W,YIL119C,0,-5.35469,0.17308562994003296,0.38199999928474426,0.18250000476837158
YJL052W,YOR287C,0,-5.35515,0.17300724983215332,0.38199999928474426,0.1826000064611435
YKL191W,YLR132C,0,-5.355319,0.17292892932891846,0.38199999928474426,0.1826999932527542
YML058W,YBL075C,0,-5.355334,0.17285068333148956,0.38199999928474426,0.18279999494552612
YGL155W,YML046W,0,-5.355756,0.17277249693870544,0.38199999928474426,0.18289999663829803
YBR170C,YBR156C,0,-5.355924,0.1726943999528885,0.38199999928474426,0.18299999833106995
YHR005C,YDR449C,0,-5.355943,0.1726163625717163,0.38199999928474426,0.18310000002384186
YKL017C,YOR330C,0,-5.3563685,0.1725383847951889,0.38199999928474426,0.18320000171661377
YHR021C,YHR079C-A,0,-5.3564215,0.17246049642562866,0.38199999928474426,0.18330000340938568
YGR200C,YDL201W,1,-5.356704,0.17283393442630768,0.382999986410141,0.18330000340938568
YNL065W,YIL085C,0,-5.356794,0.17275597155094147,0.382999986410141,0.1834000051021576
YPL266W,YOR310C,1,-5.356909,0.17312894761562347,0.3840000033378601,0.1834000051021576
YOR208W,YER087C-A,0,-5.3571754,0.1730509251356125,0.3840000033378601,0.1835000067949295
YNL130C,YNL015W,0,-5.3583503,0.17297297716140747,0.3840000033378601,0.18359999358654022
YHR061C,YDL116W,0,-5.3587155,0.17289508879184723,0.3840000033378601,0.18369999527931213
YLR115W,YML007W,0,-5.3587623,0.17281727492809296,0.3840000033378601,0.18379999697208405
YLR346C,YMR293C,0,-5.358897,0.17273953557014465,0.3840000033378601,0.18389999866485596
YFL029C,YDL223C,0,-5.3589597,0.17266187071800232,0.3840000033378601,0.18400000035762787
YOR243C,YDR165W,1,-5.359718,0.1730337142944336,0.38499999046325684,0.18400000035762787
YKL110C,YLR197W,1,-5.360744,0.1734052151441574,0.38600000739097595,0.18400000035762787
YMR143W,YHR021C,0,-5.360824,0.17332734167575836,0.38600000739097595,0.18410000205039978
YJL125C,YGL063W,1,-5.3614807,0.17369838058948517,0.3869999945163727,0.18410000205039978
YDR214W,YJL170C,0,-5.3615146,0.17362046241760254,0.3869999945163727,0.1842000037431717
YLR353W,YOR266W,0,-5.3615623,0.17354260385036469,0.3869999945163727,0.1843000054359436
YGL063W,YDL033C,1,-5.3616514,0.17391304671764374,0.3880000114440918,0.1843000054359436
YFR009W,YDR025W,0,-5.3617315,0.1738351285457611,0.3880000114440918,0.18440000712871552
YBR129C,YER138C,0,-5.362021,0.17375726997852325,0.3880000114440918,0.18449999392032623
YNR074C,YGR217W,0,-5.3625627,0.17367950081825256,0.3880000114440918,0.18459999561309814
YPL161C,YCR020C,0,-5.36268,0.17360179126262665,0.3880000114440918,0.18469999730587006
YIL036W,YDR040C,0,-5.362886,0.1735241562128067,0.3880000114440918,0.18479999899864197
YLR403W,YKL088W,0,-5.3634744,0.17344658076763153,0.3880000114440918,0.18490000069141388
YER114C,YDL077C,0,-5.36375,0.17336907982826233,0.3880000114440918,0.1850000023841858
YHR072W-A,YML014W,1,-5.3638477,0.1737382709980011,0.3889999985694885,0.1850000023841858
YLR158C,YIL153W,0,-5.3640323,0.17366071045398712,0.3889999985694885,0.1851000040769577
YOR033C,YOR233W,0,-5.3644166,0.1735832244157791,0.3889999985694885,0.18520000576972961
YDL069C,YDR440W,0,-5.3645806,0.17350579798221588,0.3889999985694885,0.18529999256134033
YCR089W,YBR276C,0,-5.364683,0.17342844605445862,0.3889999985694885,0.18539999425411224
YAR015W,YJL033W,0,-5.3647385,0.17335115373134613,0.3889999985694885,0.18549999594688416
YAL059W,YDL060W,0,-5.36521,0.1732739359140396,0.3889999985694885,0.18559999763965607
YOL068C,YFR005C,0,-5.365323,0.17319679260253906,0.3889999985694885,0.18569999933242798
YLR223C,YDL109C,0,-5.3653407,0.1731197088956833,0.3889999985694885,0.1858000010251999
YNR060W,YOR048C,0,-5.365562,0.17304269969463348,0.3889999985694885,0.1859000027179718
YHR007C,YNL015W,0,-5.365618,0.17296576499938965,0.3889999985694885,0.1860000044107437
YOL069W,YJR043C,0,-5.366807,0.1728888899087906,0.3889999985694885,0.18610000610351562
YLR051C,YKL018W,0,-5.367095,0.1728120893239975,0.3889999985694885,0.18619999289512634
YMR055C,YNL070W,0,-5.3671865,0.17273534834384918,0.3889999985694885,0.18629999458789825
YHR169W,YCL061C,0,-5.3674026,0.17265868186950684,0.3889999985694885,0.18639999628067017
YLR107W,YKL079W,0,-5.3674493,0.17258207499980927,0.3889999985694885,0.18649999797344208
YFL057C,YJR102C,0,-5.3676257,0.17250554263591766,0.3889999985694885,0.186599999666214
YOR317W,YBR218C,0,-5.367778,0.17242908477783203,0.3889999985694885,0.1867000013589859
YPL086C,YDR165W,1,-5.3677864,0.17279574275016785,0.38999998569488525,0.1867000013589859
YGL029W,YDR395W,0,-5.367823,0.17271922528743744,0.38999998569488525,0.1868000030517578
YCL038C,YNL127W,0,-5.368116,0.1726427674293518,0.38999998569488525,0.18690000474452972
YJL108C,YDR080W,0,-5.3683825,0.17256636917591095,0.38999998569488525,0.18700000643730164
YDR461W,YPL085W,0,-5.3683896,0.17249004542827606,0.38999998569488525,0.18709999322891235
YBR026C,YBR193C,0,-5.368648,0.17241379618644714,0.38999998569488525,0.18719999492168427
YOR237W,YBL018C,0,-5.3688784,0.172337606549263,0.38999998569488525,0.18729999661445618
YJR064W,YBR040W,0,-5.3689327,0.17226149141788483,0.38999998569488525,0.1873999983072281
YKR055W,YBR097W,0,-5.3689866,0.17218543589115143,0.38999998569488525,0.1875
YOR250C,YHR191C,0,-5.3700304,0.1721094399690628,0.38999998569488525,0.1876000016927719
YGL241W,YBR012W-A,0,-5.37032,0.17203351855278015,0.38999998569488525,0.18770000338554382
YMR168C,YDR385W,0,-5.370482,0.17195767164230347,0.38999998569488525,0.18780000507831573
YMR038C,YCL020W,0,-5.370515,0.17188188433647156,0.38999998569488525,0.18790000677108765
YOR310C,YML014W,1,-5.370683,0.17224669456481934,0.39100000262260437,0.18790000677108765
YLR405W,YNR046W,1,-5.37091,0.17261119186878204,0.3919999897480011,0.18790000677108765
YJL125C,YDL208W,1,-5.371797,0.1729753464460373,0.3930000066757202,0.18790000677108765
YGR169C,YOR243C,1,-5.371809,0.17333920300006866,0.39399999380111694,0.18790000677108765
YNL119W,YLR277C,0,-5.3721213,0.17326296865940094,0.39399999380111694,0.18799999356269836
YJL062W,YDR293C,0,-5.3721547,0.17318680882453918,0.39399999380111694,0.18809999525547028
YNL080C,YNL046W,0,-5.3722653,0.1731107234954834,0.39399999380111694,0.1881999969482422
YER054C,YAL017W,0,-5.372287,0.1730346977710724,0.39399999380111694,0.1882999986410141
YLR451W,YDR208W,0,-5.372397,0.17295873165130615,0.39399999380111694,0.188400000333786
YGL063W,YDL201W,1,-5.3724,0.17332163453102112,0.39500001072883606,0.188400000333786
YML102W,YNL309W,0,-5.3725343,0.1732456088066101,0.39500001072883606,0.18850000202655792
YNL172W,YDL006W,0,-5.3725824,0.17316965758800507,0.39500001072883606,0.18860000371932983
YLR274W,YPL269W,0,-5.372599,0.173093780875206,0.39500001072883606,0.18870000541210175
YNL075W,YHR072W-A,1,-5.37283,0.17345598340034485,0.3959999978542328,0.18870000541210175
YLR175W,YBL024W,1,-5.372928,0.17381785809993744,0.3970000147819519,0.18870000541210175
YHL019C,YLR353W,0,-5.3733115,0.17374178767204285,0.3970000147819519,0.18880000710487366
YDR052C,YJL104W,0,-5.373333,0.17366579174995422,0.3970000147819519,0.18889999389648438
YNL075W,YML014W,1,-5.3733764,0.17402711510658264,0.39800000190734863,0.18889999389648438
YNL172W,YBR240C,0,-5.3733926,0.17395104467868805,0.39800000190734863,0.1889999955892563
YDR106W,YJL010C,0,-5.3737645,0.17387504875659943,0.39800000190734863,0.1890999972820282
YGR163W,YIL153W,0,-5.373859,0.17379912734031677,0.39800000190734863,0.1891999989748001
YPR122W,YOR194C,0,-5.3740726,0.1737232655286789,0.39800000190734863,0.18930000066757202
YKL092C,YKL150W,0,-5.3741817,0.1736474633216858,0.39800000190734863,0.18940000236034393
YMR312W,YDL201W,1,-5.3742003,0.174007847905159,0.39899998903274536,0.18940000236034393
YOR056C,YPR078C,0,-5.3743014,0.1739320009946823,0.39899998903274536,0.18950000405311584
YGL063W,YOR243C,1,-5.374538,0.1742919385433197,0.4000000059604645,0.18950000405311584
YPL217C,YDR018C,0,-5.3745713,0.17421603202819824,0.4000000059604645,0.18960000574588776
YNL062C,YHR072W-A,1,-5.374617,0.174575537443161,0.4009999930858612,0.18960000574588776
YHR084W,YGR162W,0,-5.3750014,0.17449957132339478,0.4009999930858612,0.18970000743865967
YMR135C,YCR067C,0,-5.3751626,0.17442366480827332,0.4009999930858612,0.18979999423027039
YOR250C,YML071C,0,-5.3751774,0.17434783279895782,0.4009999930858612,0.1898999959230423
YFL049W,YNR006W,0,-5.3752093,0.1742720603942871,0.4009999930858612,0.1899999976158142
YNL070W,YCR102C,0,-5.3757634,0.17419634759426117,0.4009999930858612,0.19009999930858612
YJL074C,YJL127C,0,-5.3760276,0.1741207093000412,0.4009999930858612,0.19020000100135803
YPR049C,YIL119C,0,-5.3768163,0.1740451455116272,0.4009999930858612,0.19030000269412994
YAL059W,YPL254W,0,-5.377003,0.17396962642669678,0.4009999930858612,0.19040000438690186
YMR135C,YJL219W,0,-5.3770146,0.17389418184757233,0.4009999930858612,0.19050000607967377
YHR052W,YKR072C,0,-5.3770604,0.17381881177425385,0.4009999930858612,0.19059999287128448
YJL063C,YGR101W,0,-5.3771157,0.17374350130558014,0.4009999930858612,0.1906999945640564
YLR405W,YBL071W-A,1,-5.377168,0.1741013377904892,0.4020000100135803,0.1906999945640564
YAL044C,YJL114W,0,-5.3775673,0.17402596771717072,0.4020000100135803,0.1907999962568283
YJL010C,YKL088W,0,-5.3775983,0.1739506721496582,0.4020000100135803,0.19089999794960022
YGR141W,YKL070W,0,-5.377644,0.17387543618679047,0.4020000100135803,0.19099999964237213
YGL021W,YPL087W,0,-5.377869,0.1738002598285675,0.4020000100135803,0.19110000133514404
YLR411W,YPR125W,0,-5.3782086,0.1737251579761505,0.4020000100135803,0.19120000302791595
YGR120C,YHR090C,0,-5.3784947,0.1736501008272171,0.4020000100135803,0.19130000472068787
YDR273W,YMR163C,0,-5.378592,0.17357513308525085,0.4020000100135803,0.19140000641345978
YLR238W,YGR276C,0,-5.3792405,0.1735002100467682,0.4020000100135803,0.1914999932050705
YNL111C,YBR267W,0,-5.3794093,0.1734253615140915,0.4020000100135803,0.1915999948978424
YPR081C,YGL144C,0,-5.379413,0.17335058748722076,0.4020000100135803,0.19169999659061432
YPR002W,YJL143W,0,-5.379663,0.17327585816383362,0.4020000100135803,0.19179999828338623
YKR057W,YDR472W,0,-5.3796697,0.17320120334625244,0.4020000100135803,0.19189999997615814
YOL093W,YBR061C,1,-5.3800187,0.17355728149414062,0.40299999713897705,0.19189999997615814
YOR257W,YJR086W,0,-5.3801255,0.17348256707191467,0.40299999713897705,0.19200000166893005
YDR221W,YPL041C,0,-5.3801785,0.1734079122543335,0.40299999713897705,0.19210000336170197
YML123C,YJL074C,0,-5.380244,0.1733333319425583,0.40299999713897705,0.19220000505447388
YGR169C,YOL093W,1,-5.3804145,0.17368873953819275,0.40400001406669617,0.19220000505447388
YGL063W,YJL035C,1,-5.3806763,0.17404383420944214,0.4050000011920929,0.19220000505447388
YNL102W,YDR472W,0,-5.3807063,0.1739690750837326,0.4050000011920929,0.1923000067472458
YER168C,YBL071W-A,1,-5.3808165,0.17432373762130737,0.4059999883174896,0.1923000067472458
YOR115C,YPR078C,0,-5.3809366,0.17424893379211426,0.4059999883174896,0.1923999935388565
YOR133W,YMR091C,0,-5.3809958,0.17417417466640472,0.4059999883174896,0.19249999523162842
YMR058W,YKR079C,0,-5.3810973,0.17409949004650116,0.4059999883174896,0.19259999692440033
YOR123C,YML015C,0,-5.381126,0.17402486503124237,0.4059999883174896,0.19269999861717224
YML113W,YGL013C,0,-5.3817506,0.17395029962062836,0.4059999883174896,0.19280000030994415
YMR312W,YBL024W,1,-5.381767,0.1743040680885315,0.40700000524520874,0.19280000030994415
YER016W,YPL157W,0,-5.381806,0.1742294579744339,0.40700000524520874,0.19290000200271606
YGL247W,YBR060C,0,-5.381834,0.17415489256381989,0.40700000524520874,0.19300000369548798
YIL014W,YER171W,0,-5.3819766,0.17408041656017303,0.40700000524520874,0.1931000053882599
YMR145C,YOR148C,0,-5.382179,0.17400598526000977,0.40700000524520874,0.1932000070810318
YBR133C,YBR216C,0,-5.382287,0.17393162846565247,0.40700000524520874,0.19329999387264252
YDR151C,YLR126C,0,-5.3825383,0.17385733127593994,0.40700000524520874,0.19339999556541443
YPL240C,YGL173C,0,-5.3827834,0.1737830936908722,0.40700000524520874,0.19349999725818634
YKL013C,YKL146W,0,-5.3830705,0.17370891571044922,0.40700000524520874,0.19359999895095825
YIL159W,YNL161W,0,-5.383158,0.17363481223583221,0.40700000524520874,0.19370000064373016
YLR102C,YJL059W,0,-5.3832965,0.17356076836585999,0.40700000524520874,0.19380000233650208
YDR293C,YOL138C,0,-5.383458,0.17348678410053253,0.40700000524520874,0.193900004029274
YPL120W,YJL059W,0,-5.38347,0.17341287434101105,0.40700000524520874,0.1940000057220459
YCR089W,YPL125W,0,-5.383794,0.17333900928497314,0.40700000524520874,0.1941000074148178
YNR015W,YCL054W,1,-5.383949,0.17369093000888824,0.40799999237060547,0.1941000074148178
YMR275C,YHL048W,0,-5.384036,0.17361702024936676,0.40799999237060547,0.19419999420642853
YDR356W,YBR284W,0,-5.3844686,0.17354317009449005,0.40799999237060547,0.19429999589920044
YHR075C,YDR115W,0,-5.3846254,0.1734693944454193,0.40799999237060547,0.19439999759197235
YHR171W,YDL004W,0,-5.3849897,0.17339566349983215,0.40799999237060547,0.19449999928474426
YMR190C,YGR059W,0,-5.3849998,0.17332200706005096,0.40799999237060547,0.19460000097751617
YHR187W,YDL208W,1,-5.385349,0.17367303371429443,0.4090000092983246,0.19460000097751617
YDL064W,YML021C,0,-5.385377,0.17359931766986847,0.4090000092983246,0.19470000267028809
YGL251C,YAL009W,0,-5.385458,0.17352566123008728,0.4090000092983246,0.19480000436306
YNL278W,YML110C,0,-5.385651,0.17345207929611206,0.4090000092983246,0.1949000060558319
YPL195W,YHR096C,0,-5.3856697,0.17337855696678162,0.4090000092983246,0.19499999284744263
YNL014W,YOR231W,0,-5.385816,0.17330507934093475,0.4090000092983246,0.19509999454021454
YDR085C,YCR073C,0,-5.3859143,0.17323167622089386,0.4090000092983246,0.19519999623298645
YBR085W,YOR068C,0,-5.3861327,0.17315834760665894,0.4090000092983246,0.19529999792575836
YGL223C,YGL096W,0,-5.3863993,0.1730850636959076,0.4090000092983246,0.19539999961853027
YOR136W,YDR018C,0,-5.3864436,0.17301183938980103,0.4090000092983246,0.19550000131130219
YNL172W,YOL133W,0,-5.386504,0.17293868958950043,0.4090000092983246,0.1956000030040741
YJL173C,YDR146C,0,-5.3866396,0.1728655993938446,0.4090000092983246,0.195700004696846
YKR039W,YGR258C,0,-5.3866515,0.17279256880283356,0.4090000092983246,0.19580000638961792
YJR155W,YIR005W,0,-5.3869843,0.17271959781646729,0.4090000092983246,0.19589999318122864
YPL188W,YEL020W-A,0,-5.386998,0.1726466864347458,0.4090000092983246,0.19599999487400055
YDR207C,YLR467W,0,-5.3872657,0.17257383465766907,0.4090000092983246,0.19609999656677246
YAL003W,YLR008C,0,-5.387344,0.17250105738639832,0.4090000092983246,0.19619999825954437
YPR164W,YHR196W,0,-5.387378,0.17242832481861115,0.4090000092983246,0.19629999995231628
YHR085W,YLR200W,0,-5.387404,0.17235566675662994,0.4090000092983246,0.1964000016450882
YDR414C,YOR269W,0,-5.3875775,0.17228306829929352,0.4090000092983246,0.1965000033378601
YOL023W,YJL109C,0,-5.3877454,0.17221052944660187,0.4090000092983246,0.19660000503063202
YLR314C,YMR078C,0,-5.3880124,0.172138050198555,0.4090000092983246,0.19670000672340393
YNL331C,YOL044W,0,-5.388031,0.1720656305551529,0.4090000092983246,0.19679999351501465
YJL190C,YHR020W,0,-5.388057,0.17199327051639557,0.4090000092983246,0.19689999520778656
YDR359C,YMR273C,0,-5.3881173,0.17192097008228302,0.4090000092983246,0.19699999690055847
YDR022C,YOL016C,0,-5.3883243,0.17184874415397644,0.4090000092983246,0.19709999859333038
YOR299W,YMR210W,0,-5.3888183,0.17177656292915344,0.4090000092983246,0.1972000002861023
YJR127C,YOR014W,0,-5.3889337,0.1717044562101364,0.4090000092983246,0.1973000019788742
YKL110C,YBR061C,1,-5.389038,0.1720520406961441,0.4099999964237213,0.1973000019788742
YBR041W,YNL334C,0,-5.389148,0.1719798594713211,0.4099999964237213,0.19740000367164612
YPR122W,YOL091W,0,-5.3892303,0.17190775275230408,0.4099999964237213,0.19750000536441803
YOR310C,YNR015W,1,-5.3893085,0.17225481569766998,0.41100001335144043,0.19750000536441803
YDL005C,YOR048C,0,-5.3893476,0.17218264937400818,0.41100001335144043,0.19760000705718994
YLR320W,YHR172W,0,-5.3894377,0.17211055755615234,0.41100001335144043,0.19769999384880066
YIR005W,YPL211W,0,-5.389564,0.1720385104417801,0.41100001335144043,0.19779999554157257
YLR286C,YLR176C,0,-5.3896585,0.1719665229320526,0.41100001335144043,0.19789999723434448
YJL092W,YLR249W,0,-5.389669,0.1718946099281311,0.41100001335144043,0.1979999989271164
YMR312W,YHR148W,1,-5.389748,0.17224080860614777,0.41200000047683716,0.1979999989271164
YLR223C,YJR002W,0,-5.390104,0.1721688210964203,0.41200000047683716,0.1981000006198883
YLR401C,YGR169C,1,-5.3902574,0.17251461744308472,0.4129999876022339,0.1981000006198883
YOR362C,YKL079W,0,-5.3902755,0.17244258522987366,0.4129999876022339,0.19820000231266022
YGL016W,YKL165C,0,-5.3906035,0.17237061262130737,0.4129999876022339,0.19830000400543213
YHR081W,YJL148W,0,-5.3907065,0.17229869961738586,0.4129999876022339,0.19840000569820404
YKR002W,YGR091W,0,-5.390949,0.17222686111927032,0.4129999876022339,0.19850000739097595
YOR221C,YMR051C,0,-5.3918796,0.17215506732463837,0.4129999876022339,0.19859999418258667
YDL161W,YFR013W,0,-5.3921256,0.17208333313465118,0.4129999876022339,0.19869999587535858
YOR142W,YMR145C,0,-5.3921494,0.17201165854930878,0.4129999876022339,0.1987999975681305
YHR148W,YGR169C,1,-5.39224,0.17235636711120605,0.414000004529953,0.1987999975681305
YML130C,YLR047C,0,-5.392332,0.17228464782238007,0.414000004529953,0.1988999992609024
YOL078W,YCL066W,0,-5.392649,0.17221297323703766,0.414000004529953,0.19900000095367432
YGR134W,YMR060C,0,-5.392712,0.17214137315750122,0.414000004529953,0.19910000264644623
YNL210W,YPL128C,0,-5.392843,0.17206983268260956,0.414000004529953,0.19920000433921814
YGL158W,YPR143W,0,-5.3932424,0.17199833691120148,0.414000004529953,0.19930000603199005
YPL181W,YIL117C,0,-5.3932853,0.17192691564559937,0.414000004529953,0.19939999282360077
YKL011C,YHR083W,0,-5.3933616,0.17185553908348083,0.414000004529953,0.19949999451637268
YNL062C,YLR197W,1,-5.3933935,0.17219917476177216,0.41499999165534973,0.19949999451637268
YFL018C,YLR224W,0,-5.3935533,0.17212775349617004,0.41499999165534973,0.1995999962091446
YKL194C,YPL283C,0,-5.393796,0.1720563918352127,0.41499999165534973,0.1996999979019165
YDL005C,YDR280W,0,-5.393947,0.17198507487773895,0.41499999165534973,0.19979999959468842
YPR162C,YOL102C,0,-5.3941092,0.17191383242607117,0.41499999165534973,0.19990000128746033
YJR065C,YPL188W,0,-5.3942456,0.17184264957904816,0.41499999165534973,0.20000000298023224
YJL099W,YML016C,0,-5.394567,0.17177152633666992,0.41499999165534973,0.20010000467300415
YNR060W,YGL033W,0,-5.3945813,0.17170044779777527,0.41499999165534973,0.20020000636577606
YOR040W,YPL249C,0,-5.3946195,0.17162944376468658,0.41499999165534973,0.20029999315738678
YBR130C,YPR163C,0,-5.394773,0.17155849933624268,0.41499999165534973,0.2003999948501587
YOR173W,YMR207C,0,-5.3949,0.17148759961128235,0.41499999165534973,0.2004999965429306
YPR164W,YFL002C,0,-5.395127,0.171416774392128,0.41499999165534973,0.20059999823570251
YCL014W,YHR138C,0,-5.39539,0.17134599387645721,0.41499999165534973,0.20069999992847443
YDR268W,YBL005W-A,0,-5.3954916,0.1712752729654312,0.41499999165534973,0.20080000162124634
YDR268W,YNL213C,0,-5.3955874,0.17120462656021118,0.41499999165534973,0.20090000331401825
YNL164C,YPL208W,0,-5.395637,0.17113402485847473,0.41499999165534973,0.20100000500679016
YOR274W,YCL054W,1,-5.395663,0.17147567868232727,0.41600000858306885,0.20100000500679016
YBL071W-A,YBL024W,1,-5.3958187,0.17181706428527832,0.4169999957084656,0.20100000500679016
YCR057C,YLR372W,0,-5.395921,0.17174629867076874,0.4169999957084656,0.20110000669956207
YGR264C,YLR275W,0,-5.395948,0.17167559266090393,0.4169999957084656,0.2011999934911728
YDR339C,YML103C,0,-5.3961086,0.1716049313545227,0.4169999957084656,0.2012999951839447
YBR213W,YJR063W,0,-5.3963265,0.17153434455394745,0.4169999957084656,0.2013999968767166
YLR167W,YHR069C,0,-5.396333,0.17146381735801697,0.4169999957084656,0.20149999856948853
YER054C,YMR231W,0,-5.396395,0.17139333486557007,0.4169999957084656,0.20160000026226044
YNL147W,YMR112C,0,-5.3964295,0.17132292687892914,0.4169999957084656,0.20170000195503235
YLR401C,YOR243C,1,-5.3965487,0.17166323959827423,0.4180000126361847,0.20170000195503235
YJR147W,YDR081C,0,-5.397501,0.17159277200698853,0.4180000126361847,0.20180000364780426
YBR040W,YJR160C,0,-5.397645,0.1715223640203476,0.4180000126361847,0.20190000534057617
YML126C,YPL116W,0,-5.397766,0.17145201563835144,0.4180000126361847,0.20200000703334808
YGL153W,YDL106C,0,-5.397848,0.17138171195983887,0.4180000126361847,0.2020999938249588
YGL065C,YLR288C,0,-5.397859,0.17131148278713226,0.4180000126361847,0.2021999955177307
YDL150W,YDR469W,0,-5.397942,0.17124129831790924,0.4180000126361847,0.20229999721050262
YOR151C,YDR334W,0,-5.3979726,0.171171173453331,0.4180000126361847,0.20239999890327454
YBR244W,YER106W,0,-5.398306,0.17110110819339752,0.4180000126361847,0.20250000059604645
YIR021W,YEL057C,0,-5.3984036,0.17103110253810883,0.4180000126361847,0.20260000228881836
YLR172C,YBL004W,0,-5.398556,0.1709611415863037,0.4180000126361847,0.20270000398159027
YKR034W,YGR111W,0,-5.3986773,0.17089125514030457,0.4180000126361847,0.20280000567436218
YMR268C,YPL041C,0,-5.3988676,0.170821413397789,0.4180000126361847,0.2029000073671341
YMR153W,YOR356W,0,-5.399332,0.1707516312599182,0.4180000126361847,0.2029999941587448
YLR216C,YPL188W,0,-5.3994303,0.1706819087266922,0.4180000126361847,0.20309999585151672
YNL098C,YER190W,0,-5.3997974,0.17061224579811096,0.4180000126361847,0.20319999754428864
YGL247W,YGL097W,0,-5.4001327,0.1705426424741745,0.4180000126361847,0.20329999923706055
YDR052C,YLR223C,0,-5.400185,0.17047308385372162,0.4180000126361847,0.20340000092983246
YPL249C,YOL064C,0,-5.4001856,0.1704035848379135,0.4180000126361847,0.20350000262260437
YGL078C,YDR461W,0,-5.40023,0.17033414542675018,0.4180000126361847,0.20360000431537628
YJL201W,YMR069W,0,-5.4002557,0.17026476562023163,0.4180000126361847,0.2037000060081482
YNL182C,YBR079C,0,-5.4005246,0.17019544541835785,0.4180000126361847,0.2037999927997589
YAL021C,YHR203C,0,-5.400644,0.17012616991996765,0.4180000126361847,0.20389999449253082
YMR287C,YGR158C,0,-5.40071,0.17005695402622223,0.4180000126361847,0.20399999618530273
YLR401C,YPL212C,1,-5.4008822,0.17039446532726288,0.4189999997615814,0.20399999618530273
YLR102C,YHR077C,0,-5.400963,0.17032520473003387,0.4189999997615814,0.20409999787807465
YLR381W,YCR040W,0,-5.40136,0.17025598883628845,0.4189999997615814,0.20419999957084656
YOR211C,YIL129C,0,-5.40161,0.1701868325471878,0.4189999997615814,0.20430000126361847
YAL017W,YER075C,0,-5.4018636,0.17011773586273193,0.4189999997615814,0.20440000295639038
YBL024W,YGL063W,1,-5.4019027,0.17045454680919647,0.41999998688697815,0.20440000295639038
YHR188C,YOL104C,0,-5.402101,0.17038539052009583,0.41999998688697815,0.2045000046491623
YNL323W,YMR165C,0,-5.402189,0.17031630873680115,0.41999998688697815,0.2046000063419342
YHR187W,YOR243C,1,-5.4023128,0.1706526130437851,0.42100000381469727,0.2046000063419342
YNL098C,YOL117W,0,-5.4023595,0.17058347165584564,0.42100000381469727,0.20469999313354492
YBR066C,YLR224W,0,-5.4024096,0.17051437497138977,0.42100000381469727,0.20479999482631683
YHR034C,YCL074W,0,-5.4027233,0.17044533789157867,0.42100000381469727,0.20489999651908875
YMR006C,YGR122W,0,-5.402747,0.17037636041641235,0.42100000381469727,0.20499999821186066
YCL038C,YGR288W,0,-5.402766,0.1703074425458908,0.42100000381469727,0.20509999990463257
YBR192W,YDR382W,0,-5.4028196,0.17023856937885284,0.42100000381469727,0.20520000159740448
YDR339C,YGR229C,0,-5.402884,0.17016977071762085,0.42100000381469727,0.2053000032901764
YNL062C,YBL071W-A,1,-5.402929,0.17050504684448242,0.421999990940094,0.2053000032901764
YHR120W,YIR008C,0,-5.402942,0.17043618857860565,0.421999990940094,0.2054000049829483
YPR104C,YDR523C,0,-5.403177,0.17036737501621246,0.421999990940094,0.20550000667572021
YGR080W,YLR298C,0,-5.403627,0.17029862105846405,0.421999990940094,0.20559999346733093
YER179W,YGR121C,0,-5.4036565,0.1702299267053604,0.421999990940094,0.20569999516010284
YNL192W,YIL036W,0,-5.403792,0.17016129195690155,0.421999990940094,0.20579999685287476
YLR044C,YHR020W,0,-5.4037957,0.17009270191192627,0.421999990940094,0.20589999854564667
YOR237W,YPL144W,0,-5.403938,0.17002417147159576,0.421999990940094,0.20600000023841858
YHR187W,YBL024W,1,-5.4039702,0.17035843431949615,0.4230000078678131,0.20600000023841858
YJL050W,YOR063W,0,-5.404098,0.17028985917568207,0.4230000078678131,0.2061000019311905
YPR193C,YLL013C,0,-5.404165,0.17022132873535156,0.4230000078678131,0.2062000036239624
YMR001C,YOR298W,0,-5.404185,0.17015285789966583,0.4230000078678131,0.20630000531673431
YNL075W,YOL125W,1,-5.404204,0.17048652470111847,0.42399999499320984,0.20630000531673431
YOR322C,YLL017W,0,-5.4042315,0.17041800916194916,0.42399999499320984,0.20640000700950623
YER159C,YDL247W,0,-5.4043775,0.17034953832626343,0.42399999499320984,0.20649999380111694
YML008C,YIL009C-A,0,-5.404433,0.17028112709522247,0.42399999499320984,0.20659999549388885
YKL125W,YNL088W,0,-5.404446,0.1702127605676651,0.42399999499320984,0.20669999718666077
YCR081W,YNL160W,0,-5.4047313,0.1701444685459137,0.42399999499320984,0.20679999887943268
YPL212C,YOL125W,1,-5.4047694,0.17047733068466187,0.42500001192092896,0.20679999887943268
YNL233W,YDR052C,0,-5.4048686,0.17040897905826569,0.42500001192092896,0.2069000005722046
YOR002W,YOR266W,0,-5.4048743,0.17034068703651428,0.42500001192092896,0.2070000022649765
YLR405W,YHR187W,1,-5.404933,0.17067307233810425,0.4259999990463257,0.2070000022649765
YLR401C,YER127W,1,-5.405313,0.17100520431995392,0.4269999861717224,0.2070000022649765
YNL075W,YGL063W,1,-5.4054184,0.1713370680809021,0.42800000309944153,0.2070000022649765
YML006C,YGR070W,0,-5.405666,0.1712685078382492,0.42800000309944153,0.2071000039577484
YKL204W,YBR213W,0,-5.4056716,0.1712000072002411,0.42800000309944153,0.20720000565052032
YHR004C,YOR356W,0,-5.4057536,0.17113155126571655,0.42800000309944153,0.20730000734329224
YGR108W,YBR156C,0,-5.406115,0.1710631549358368,0.42800000309944153,0.20739999413490295
YNL103W,YFL049W,0,-5.406403,0.1709948033094406,0.42800000309944153,0.20749999582767487
YGL029W,YOR368W,0,-5.406477,0.1709265112876892,0.42800000309944153,0.20759999752044678
YMR135C,YLR451W,0,-5.4064918,0.17085827887058258,0.42800000309944153,0.2076999992132187
YBR109C,YLR337C,0,-5.4071965,0.17079010605812073,0.42800000309944153,0.2078000009059906
YOR095C,YGR214W,0,-5.407222,0.17072197794914246,0.42800000309944153,0.2079000025987625
YER145C,YOR298W,0,-5.407747,0.17065390944480896,0.42800000309944153,0.20800000429153442
YCL054W,YML005W,1,-5.407977,0.17098446190357208,0.42899999022483826,0.20800000429153442
YNR060W,YPR016C,0,-5.4083576,0.1709163337945938,0.42899999022483826,0.20810000598430634
YOR130C,YER160C,0,-5.408384,0.17084826529026031,0.42899999022483826,0.20819999277591705
YGR123C,YLR372W,0,-5.4085317,0.1707802563905716,0.42899999022483826,0.20829999446868896
YOR206W,YFR005C,0,-5.4089355,0.17071229219436646,0.42899999022483826,0.20839999616146088
YPL127C,YAL024C,0,-5.4089894,0.1706443876028061,0.42899999022483826,0.2084999978542328
YMR032W,YOR151C,0,-5.4090824,0.1705765426158905,0.42899999022483826,0.2085999995470047
YMR173W,YER015W,0,-5.4090977,0.1705087423324585,0.42899999022483826,0.2087000012397766
YBR280C,YBR294W,0,-5.4092584,0.17044100165367126,0.42899999022483826,0.20880000293254852
YCL027W,YOR361C,0,-5.409562,0.17037330567836761,0.42899999022483826,0.20890000462532043
YOR173W,YLR369W,0,-5.4096766,0.17030568420886993,0.42899999022483826,0.20900000631809235
YNR015W,YNR046W,1,-5.4097667,0.170634925365448,0.4300000071525574,0.20900000631809235
YCR094W,YDR301W,0,-5.4098134,0.17056722939014435,0.4300000071525574,0.20909999310970306
YLR396C,YLR417W,0,-5.4101434,0.17049960792064667,0.4300000071525574,0.20919999480247498
YPL101W,YNL075W,1,-5.4101815,0.17082837224006653,0.4309999942779541,0.20919999480247498
YLR427W,YDR097C,0,-5.410213,0.17076069116592407,0.4309999942779541,0.2092999964952469
YHR187W,YBL071W-A,1,-5.410302,0.17108911275863647,0.4320000112056732,0.2092999964952469
YBR260C,YDR131C,0,-5.4103436,0.17102137207984924,0.4320000112056732,0.2093999981880188
YLR335W,YCR073C,0,-5.410378,0.17095370590686798,0.4320000112056732,0.2094999998807907
YOR033C,YOR004W,0,-5.410629,0.1708860695362091,0.4320000112056732,0.20960000157356262
YGR200C,YHR187W,1,-5.4107327,0.17121392488479614,0.43299999833106995,0.20960000157356262
YOR237W,YEL060C,0,-5.410793,0.1711462438106537,0.43299999833106995,0.20970000326633453
YJR155W,YMR232W,0,-5.4112716,0.171078622341156,0.43299999833106995,0.20980000495910645
YOR206W,YLR385C,0,-5.411331,0.1710110604763031,0.43299999833106995,0.20990000665187836
YJL095W,YMR109W,0,-5.4113884,0.17094354331493378,0.43299999833106995,0.20999999344348907
YPR029C,YOR320C,0,-5.4116216,0.17087608575820923,0.43299999833106995,0.210099995136261
YHR148W,YPL212C,1,-5.4118476,0.171203151345253,0.4339999854564667,0.210099995136261
YAR018C,YBR092C,0,-5.411918,0.17113564908504486,0.4339999854564667,0.2101999968290329
YHR157W,YMR156C,0,-5.411958,0.1710681915283203,0.4339999854564667,0.2102999985218048
YIL044C,YCR077C,0,-5.412437,0.17100079357624054,0.4339999854564667,0.21040000021457672
YGL048C,YOR367W,0,-5.4126225,0.17093344032764435,0.4339999854564667,0.21050000190734863
YPL241C,YHR157W,0,-5.4126782,0.17086614668369293,0.4339999854564667,0.21060000360012054
YGR177C,YGL049C,0,-5.4129677,0.1707988977432251,0.4339999854564667,0.21070000529289246
YLR318W,YKL021C,0,-5.4130445,0.17073170840740204,0.4339999854564667,0.21080000698566437
YLR405W,YJL125C,1,-5.4131064,0.1710578054189682,0.4350000023841858,0.21080000698566437
YOR237W,YBR143C,0,-5.413256,0.17099057137966156,0.4350000023841858,0.21089999377727509
YKL141W,YBL075C,0,-5.4134555,0.1709233820438385,0.4350000023841858,0.210999995470047
YML102W,YPR162C,0,-5.413566,0.17085625231266022,0.4350000023841858,0.2110999971628189
YHR187W,YOL093W,1,-5.413699,0.171181783080101,0.4359999895095825,0.2110999971628189
YBL024W,YHR072W-A,1,-5.413857,0.1715070605278015,0.43700000643730164,0.2110999971628189
YCR040W,YML107C,0,-5.413901,0.1714397817850113,0.43700000643730164,0.21119999885559082
YHR148W,YNR046W,1,-5.413962,0.17176470160484314,0.43799999356269836,0.21119999885559082
YOL055C,YGR296W,0,-5.413978,0.17169737815856934,0.43799999356269836,0.21130000054836273
YDL213C,YDR018C,0,-5.414049,0.1716300994157791,0.43799999356269836,0.21140000224113464
YJL201W,YDR523C,0,-5.4143157,0.17156286537647247,0.43799999356269836,0.21150000393390656
YHR102W,YDL195W,0,-5.4143467,0.1714956909418106,0.43799999356269836,0.21160000562667847
YBR112C,YMR316W,0,-5.4144416,0.17142857611179352,0.43799999356269836,0.21170000731945038
YIL073C,YMR156C,0,-5.414842,0.17136150598526,0.43799999356269836,0.2117999941110611
YOR274W,YMR023C,1,-5.4149733,0.1716855764389038,0.4390000104904175,0.2117999941110611
YHR052W,YIL066C,0,-5.4150214,0.17161844670772552,0.4390000104904175,0.211899995803833
YDR118W,YNR011C,0,-5.415071,0.1715513914823532,0.4390000104904175,0.21199999749660492
YKL178C,YOR229W,0,-5.415331,0.17148438096046448,0.4390000104904175,0.21209999918937683
YML059C,YDR407C,0,-5.415529,0.17141741514205933,0.4390000104904175,0.21220000088214874
YNL062C,YNR046W,1,-5.415529,0.1717408299446106,0.4399999976158142,0.21220000088214874
YJR078W,YBR026C,0,-5.415541,0.17167381942272186,0.4399999976158142,0.21230000257492065
YOR288C,YIR006C,0,-5.4155903,0.1716068685054779,0.4399999976158142,0.21240000426769257
YLR310C,YBR214W,0,-5.4156356,0.17153996229171753,0.4399999976158142,0.21250000596046448
YNL274C,YKL201C,0,-5.416021,0.17147311568260193,0.4399999976158142,0.2125999927520752
YOR201C,YMR023C,1,-5.416142,0.17179587483406067,0.4410000145435333,0.2125999927520752
YHR052W,YDR320C-A,0,-5.416427,0.1717289686203003,0.4410000145435333,0.2126999944448471
YER109C,YDR478W,0,-5.4164634,0.1716621220111847,0.4410000145435333,0.21279999613761902
YBL071W-A,YGR024C,1,-5.416655,0.17198443412780762,0.44200000166893005,0.21279999613761902
YKL040C,YPR055W,0,-5.4171357,0.17191754281520844,0.44200000166893005,0.21289999783039093
YLR011W,YDR432W,0,-5.417183,0.17185069620609283,0.44200000166893005,0.21299999952316284
YGR024C,YDL201W,1,-5.417394,0.17217256128787994,0.4429999887943268,0.21299999952316284
YIL125W,YNL138W,0,-5.4173946,0.17210566997528076,0.4429999887943268,0.21310000121593475
YLL022C,YLR055C,0,-5.417419,0.17203883826732635,0.4429999887943268,0.21320000290870667
YKL205W,YKR028W,0,-5.4177566,0.17197205126285553,0.4429999887943268,0.21330000460147858
YOR095C,YLR249W,0,-5.4179893,0.1719053089618683,0.4429999887943268,0.2134000062942505
YOR005C,YJR120W,0,-5.4180026,0.171838641166687,0.4429999887943268,0.2134999930858612
YBL082C,YMR165C,0,-5.418113,0.17177200317382812,0.4429999887943268,0.21359999477863312
YDR345C,YAL024C,0,-5.4182243,0.171705424785614,0.4429999887943268,0.21369999647140503
YOR201C,YPL212C,1,-5.4183373,0.1720263510942459,0.4440000057220459,0.21369999647140503
YIL154C,YJR073C,0,-5.41858,0.17195972800254822,0.4440000057220459,0.21379999816417694
YGL206C,YPL057C,0,-5.4186044,0.1718931496143341,0.4440000057220459,0.21389999985694885
YPL053C,YDR279W,0,-5.4187694,0.17182663083076477,0.4440000057220459,0.21400000154972076
YDR208W,YLR426W,0,-5.418793,0.17176015675067902,0.4440000057220459,0.21410000324249268
YKL052C,YBR152W,0,-5.41884,0.17169374227523804,0.4440000057220459,0.2142000049352646
YLR081W,YJL222W,0,-5.4188833,0.17162737250328064,0.4440000057220459,0.2143000066280365
YNL314W,YNL136W,0,-5.41899,0.17156104743480682,0.4440000057220459,0.21439999341964722
YGL216W,YGL124C,0,-5.419081,0.17149478197097778,0.4440000057220459,0.21449999511241913
YHR072W-A,YOR243C,1,-5.4192324,0.1718146651983261,0.4449999928474426,0.21449999511241913
YBL071W-A,YHR072W-A,1,-5.4195523,0.17213431000709534,0.44600000977516174,0.21449999511241913
YNL051W,YDR532C,0,-5.4197125,0.17206789553165436,0.44600000977516174,0.21459999680519104
YLR405W,YHR072W-A,1,-5.419971,0.17238719761371613,0.44699999690055847,0.21459999680519104
YOR380W,YAL009W,0,-5.4200745,0.17232073843479156,0.44699999690055847,0.21469999849796295
YHL048W,YMR059W,0,-5.420152,0.17225433886051178,0.44699999690055847,0.21480000019073486
YPL087W,YNL304W,0,-5.420198,0.17218798398971558,0.44699999690055847,0.21490000188350677
YMR011W,YBR279W,0,-5.4202485,0.17212167382240295,0.44699999690055847,0.2150000035762787
YBL051C,YGR192C,0,-5.420525,0.1720554232597351,0.44699999690055847,0.2151000052690506
YDL154W,YMR077C,0,-5.4206104,0.17198923230171204,0.44699999690055847,0.2152000069618225
YGL075C,YDR244W,0,-5.420659,0.17192307114601135,0.44699999690055847,0.21529999375343323
YLR175W,YHR072W-A,1,-5.4206805,0.1722414493560791,0.4480000138282776,0.21529999375343323
YLR332W,YIL119C,0,-5.420976,0.17217524349689484,0.4480000138282776,0.21539999544620514
YGL092W,YBL061C,0,-5.4211087,0.17210911214351654,0.4480000138282776,0.21549999713897705
YDR097C,YNL047C,0,-5.4215655,0.17204301059246063,0.4480000138282776,0.21559999883174896
YDR345C,YOR191W,0,-5.4216304,0.1719769686460495,0.4480000138282776,0.21570000052452087
YFR013W,YER111C,0,-5.421704,0.17191097140312195,0.4480000138282776,0.21580000221729279
YOR038C,YOL061W,0,-5.422146,0.17184503376483917,0.4480000138282776,0.2159000039100647
YOR319W,YEL017C-A,0,-5.4223027,0.17177914083003998,0.4480000138282776,0.2160000056028366
YPR051W,YIL073C,0,-5.422338,0.17171330749988556,0.4480000138282776,0.21610000729560852
YOL104C,YGL096W,0,-5.4223843,0.17164750397205353,0.4480000138282776,0.21619999408721924
YNL008C,YOR377W,0,-5.4224877,0.17158177495002747,0.4480000138282776,0.21629999577999115
YLL008W,YPR178W,0,-5.422923,0.1715160757303238,0.4480000138282776,0.21639999747276306
YJR033C,YEL041W,0,-5.423168,0.1714504361152649,0.4480000138282776,0.21649999916553497
YIR023W,YDL138W,0,-5.4232287,0.17138485610485077,0.4480000138282776,0.21660000085830688
YPR200C,YER174C,0,-5.4233346,0.17131930589675903,0.4480000138282776,0.2167000025510788
YKL172W,YKL144C,0,-5.423473,0.17125381529331207,0.4480000138282776,0.2168000042438507
YBL024W,YDL201W,1,-5.423637,0.17157049477100372,0.4490000009536743,0.2168000042438507
YDL231C,YNL128W,0,-5.4236836,0.17150495946407318,0.4490000009536743,0.21690000593662262
YKR099W,YDR113C,0,-5.423843,0.17143948376178741,0.4490000009536743,0.21699999272823334
YJL125C,YBL024W,1,-5.424221,0.17175573110580444,0.44999998807907104,0.21699999272823334
YLL043W,YHL020C,0,-5.4242587,0.1716901957988739,0.44999998807907104,0.21709999442100525
YBL032W,YBR093C,0,-5.4243436,0.17162472009658813,0.44999998807907104,0.21719999611377716
YPL195W,YGR048W,0,-5.424478,0.17155928909778595,0.44999998807907104,0.21729999780654907
YDR314C,YDR195W,0,-5.4247913,0.17149390280246735,0.44999998807907104,0.21739999949932098
YIL004C,YOR266W,0,-5.4249196,0.17142857611179352,0.44999998807907104,0.2175000011920929
YNL103W,YJL113W,0,-5.4249425,0.17136329412460327,0.44999998807907104,0.2176000028848648
YBR112C,YLR195C,0,-5.4251103,0.1712980568408966,0.44999998807907104,0.21770000457763672
YFL031W,YPL258C,0,-5.425203,0.17123287916183472,0.44999998807907104,0.21780000627040863
YJL030W,YNL304W,0,-5.4254193,0.1711677461862564,0.44999998807907104,0.21789999306201935
YHR115C,YOR287C,0,-5.425464,0.17110265791416168,0.44999998807907104,0.21799999475479126
YPL267W,YMR091C,0,-5.4255204,0.17103762924671173,0.44999998807907104,0.21809999644756317
YNL062C,YNR015W,1,-5.425898,0.1713525801897049,0.45100000500679016,0.21809999644756317
YHR115C,YER041W,0,-5.426188,0.17128750681877136,0.45100000500679016,0.21819999814033508
YKL110C,YOL125W,1,-5.4263453,0.17160212993621826,0.4519999921321869,0.21819999814033508
YGR177C,YDL105W,0,-5.4265933,0.17153699696063995,0.4519999921321869,0.218299999833107
YJR092W,YDL170W,0,-5.4266515,0.17147192358970642,0.4519999921321869,0.2184000015258789
YBL069W,YMR210W,0,-5.4270406,0.17140689492225647,0.4519999921321869,0.21850000321865082
YJL104W,YCR102C,0,-5.4271865,0.1713419258594513,0.4519999921321869,0.21860000491142273
YDR465C,YPL144W,0,-5.427201,0.1712770015001297,0.4519999921321869,0.21870000660419464
YPR029C,YBR129C,0,-5.4274116,0.1712121218442917,0.4519999921321869,0.21879999339580536
YJL003W,YML052W,0,-5.427856,0.17114728689193726,0.4519999921321869,0.21889999508857727
YJR069C,YDR395W,0,-5.4279532,0.1710825115442276,0.4519999921321869,0.21899999678134918
YPR104C,YNL302C,0,-5.4281163,0.17101778090000153,0.4519999921321869,0.2190999984741211
YER127W,YNR046W,1,-5.4282603,0.17133131623268127,0.453000009059906,0.2190999984741211
YHR193C,YNR064C,0,-5.428479,0.17126654088497162,0.453000009059906,0.219200000166893
YMR283C,YOL125W,1,-5.4285855,0.1715797483921051,0.45399999618530273,0.219200000166893
YNL197C,YNL304W,0,-5.4286532,0.17151492834091187,0.45399999618530273,0.21930000185966492
YLR135W,YCR073C,0,-5.4287343,0.1714501529932022,0.45399999618530273,0.21940000355243683
YGL192W,YDL112W,1,-5.42895,0.17176292836666107,0.45500001311302185,0.21940000355243683
YGL223C,YNL210W,0,-5.4290757,0.17169810831546783,0.45500001311302185,0.21950000524520874
YLR115W,YNL072W,0,-5.429359,0.17163334786891937,0.45500001311302185,0.21960000693798065
YGR288W,YDR115W,0,-5.429361,0.1715686321258545,0.45500001311302185,0.21969999372959137
YHR005C,YLR020C,0,-5.429602,0.1715039610862732,0.45500001311302185,0.21979999542236328
YJR155W,YOR313C,0,-5.4297733,0.17143933475017548,0.45500001311302185,0.2198999971151352
YER012W,YDL039C,0,-5.4298205,0.17137476801872253,0.45500001311302185,0.2199999988079071
YDL245C,YLR071C,0,-5.429888,0.17131024599075317,0.45500001311302185,0.22010000050067902
YHR013C,YJR069C,0,-5.4300447,0.1712457686662674,0.45500001311302185,0.22020000219345093
YNL225C,YPL163C,0,-5.4301233,0.1711813360452652,0.45500001311302185,0.22030000388622284
YNL062C,YDL112W,1,-5.430219,0.1714930385351181,0.4560000002384186,0.22030000388622284
YGL063W,YOL125W,1,-5.4302473,0.1718045175075531,0.4569999873638153,0.22030000388622284
YPL086C,YOL093W,1,-5.430535,0.1721157431602478,0.4580000042915344,0.22030000388622284
YER054C,YPR162C,0,-5.4305544,0.1720510870218277,0.4580000042915344,0.22040000557899475
YPR119W,YPR074C,0,-5.430615,0.17198647558689117,0.4580000042915344,0.22050000727176666
YER127W,YML005W,1,-5.43063,0.17229729890823364,0.45899999141693115,0.22050000727176666
YBR072W,YJL187C,0,-5.4307323,0.17223264276981354,0.45899999141693115,0.22059999406337738
YGR275W,YGR090W,0,-5.4307637,0.1721680462360382,0.45899999141693115,0.2206999957561493
YHR197W,YJL114W,0,-5.4308705,0.17210349440574646,0.45899999141693115,0.2207999974489212
YLR405W,YNL075W,1,-5.4310765,0.17241379618644714,0.46000000834465027,0.2207999974489212
YGR217W,YML091C,0,-5.4312816,0.17234919965267181,0.46000000834465027,0.22089999914169312
YNL080C,YDR235W,0,-5.4313045,0.17228464782238007,0.46000000834465027,0.22100000083446503
YGL222C,YCL034W,0,-5.431439,0.1722201406955719,0.46000000834465027,0.22110000252723694
YPR199C,YPL130W,0,-5.4316835,0.1721556931734085,0.46000000834465027,0.22120000422000885
YKL092C,YLR079W,0,-5.4317746,0.1720912903547287,0.46000000834465027,0.22130000591278076
YBR087W,YOR047C,0,-5.4319344,0.17202693223953247,0.46000000834465027,0.22139999270439148
YER105C,YGR179C,0,-5.4321427,0.17196261882781982,0.46000000834465027,0.2214999943971634
YER114C,YDR449C,0,-5.4321485,0.17189835011959076,0.46000000834465027,0.2215999960899353
YNR015W,YOL125W,1,-5.432158,0.17220769822597504,0.460999995470047,0.2215999960899353
YCL014W,YLL034C,0,-5.4322743,0.1721433848142624,0.460999995470047,0.22169999778270721
YAL026C,YER089C,0,-5.432326,0.17207913100719452,0.460999995470047,0.22179999947547913
YBR160W,YLR346C,0,-5.4323416,0.17201492190361023,0.460999995470047,0.22190000116825104
YLR097C,YDR244W,0,-5.432362,0.17195075750350952,0.460999995470047,0.22200000286102295
YOR033C,YDL090C,0,-5.432473,0.1718866527080536,0.460999995470047,0.22210000455379486
YOR326W,YJR010C-A,0,-5.4326124,0.17182259261608124,0.460999995470047,0.22220000624656677
YMR246W,YKL166C,0,-5.4326444,0.17175856232643127,0.460999995470047,0.2222999930381775
YOR310C,YJL035C,1,-5.432669,0.1720670461654663,0.4620000123977661,0.2222999930381775
YMR116C,YGR172C,0,-5.4327884,0.17200297117233276,0.4620000123977661,0.2223999947309494
YIL110W,YDR075W,0,-5.432941,0.1719389706850052,0.4620000123977661,0.2224999964237213
YDR414C,YML103C,0,-5.4331937,0.171875,0.4620000123977661,0.22259999811649323
YNR049C,YNL231C,0,-5.433232,0.1718110889196396,0.4620000123977661,0.22269999980926514
YHR058C,YBR213W,0,-5.433284,0.17174720764160156,0.4620000123977661,0.22280000150203705
YJR090C,YNR064C,0,-5.4334216,0.1716833859682083,0.4620000123977661,0.22290000319480896
YJR055W,YBR012W-A,0,-5.433887,0.17161960899829865,0.4620000123977661,0.22300000488758087
YDR052C,YLR260W,0,-5.4342046,0.17155589163303375,0.4620000123977661,0.22310000658035278
YMR299C,YOR025W,0,-5.434336,0.17149220407009125,0.4620000123977661,0.2231999933719635
YBL003C,YBR216C,0,-5.4343653,0.17142857611179352,0.4620000123977661,0.2232999950647354
YER083C,YJR073C,0,-5.434552,0.17136497795581818,0.4620000123977661,0.22339999675750732
YDR364C,YAL034W-A,0,-5.43477,0.1713014394044876,0.4620000123977661,0.22349999845027924
YER083C,YDR065W,0,-5.434788,0.17123796045780182,0.4620000123977661,0.22360000014305115
YPR104C,YMR037C,0,-5.434879,0.17117451131343842,0.4620000123977661,0.22370000183582306
YFL026W,YML038C,0,-5.4348845,0.1711111068725586,0.4620000123977661,0.22380000352859497
YDR342C,YNL243W,0,-5.4350266,0.17104776203632355,0.4620000123977661,0.22390000522136688
YBR160W,YLR369W,0,-5.4350896,0.17098446190357208,0.4620000123977661,0.2240000069141388
YDR096W,YER062C,0,-5.435186,0.170921191573143,0.4620000123977661,0.2240999937057495
YNL317W,YOL138C,0,-5.4351907,0.1708579808473587,0.4620000123977661,0.22419999539852142
YPR124W,YGL046W,0,-5.435303,0.17079482972621918,0.4620000123977661,0.22429999709129333
YOR033C,YDR293C,0,-5.4353533,0.17073170840740204,0.4620000123977661,0.22439999878406525
YPL266W,YGR200C,1,-5.4353814,0.17103804647922516,0.46299999952316284,0.22439999878406525
YGR166W,YGR172C,0,-5.4355626,0.17097489535808563,0.46299999952316284,0.22450000047683716
YPL266W,YDR165W,1,-5.4357104,0.17128092050552368,0.46399998664855957,0.22450000047683716
YGR080W,YLL040C,0,-5.4358034,0.17121770977973938,0.46399998664855957,0.22460000216960907
YJR147W,YAL017W,0,-5.4359307,0.17115455865859985,0.46399998664855957,0.22470000386238098
YKR036C,YGL106W,0,-5.436004,0.1710914522409439,0.46399998664855957,0.2248000055551529
YCR057C,YJL114W,0,-5.4360476,0.17102837562561035,0.46399998664855957,0.2249000072479248
YNL082W,YLR346C,0,-5.43617,0.17096535861492157,0.46399998664855957,0.22499999403953552
YJL011C,YML114C,0,-5.436197,0.17090240120887756,0.46399998664855957,0.22509999573230743
YNL317W,YDL109C,0,-5.4364066,0.17083947360515594,0.46399998664855957,0.22519999742507935
YLR175W,YMR283C,1,-5.436766,0.17114464938640594,0.4650000035762787,0.22519999742507935
YLR449W,YDL042C,0,-5.4371424,0.17108167707920074,0.4650000035762787,0.22529999911785126
YLR144C,YER147C,0,-5.4371905,0.17101874947547913,0.4650000035762787,0.22540000081062317
YOL093W,YDR165W,1,-5.437347,0.1713235229253769,0.4659999907016754,0.22540000081062317
YNL297C,YGL167C,0,-5.4374747,0.17126056551933289,0.4659999907016754,0.22550000250339508
YDR221W,YLR346C,0,-5.437489,0.17119765281677246,0.4659999907016754,0.225600004196167
YPL267W,YFL060C,0,-5.4377346,0.17113478481769562,0.4659999907016754,0.2257000058889389
YMR048W,YDR206W,0,-5.4377503,0.17107194662094116,0.4659999907016754,0.22579999268054962
YPL266W,YKL110C,1,-5.437843,0.17137615382671356,0.46700000762939453,0.22579999268054962
YKR002W,YPR178W,0,-5.4378457,0.17131328582763672,0.46700000762939453,0.22589999437332153
YKL130C,YHR214C-B,0,-5.4378915,0.17125046253204346,0.46700000762939453,0.22599999606609344
YLR401C,YJL125C,1,-5.4379215,0.17155425250530243,0.46799999475479126,0.22599999606609344
YDL247W,YER147C,0,-5.4381986,0.17149138450622559,0.46799999475479126,0.22609999775886536
YNL233W,YPR086W,0,-5.4382615,0.17142857611179352,0.46799999475479126,0.22619999945163727
YDR440W,YIL144W,0,-5.4382777,0.17136579751968384,0.46799999475479126,0.22630000114440918
YIR023W,YJR043C,0,-5.4384313,0.17130307853221893,0.46799999475479126,0.2264000028371811
YML071C,YPL253C,0,-5.4386687,0.17124038934707642,0.46799999475479126,0.226500004529953
YOR173W,YPL083C,0,-5.4387527,0.17117775976657867,0.46799999475479126,0.22660000622272491
YEL065W,YPL129W,0,-5.439358,0.17111517488956451,0.46799999475479126,0.22669999301433563
YIR006C,YBL061C,0,-5.439505,0.17105263471603394,0.46799999475479126,0.22679999470710754
YBL071W-A,YBR061C,1,-5.4395494,0.1713555008172989,0.4690000116825104,0.22679999470710754
YPL255W,YOL017W,0,-5.4395995,0.17129291594028473,0.4690000116825104,0.22689999639987946
YLR195C,YML021C,0,-5.4396834,0.17123037576675415,0.4690000116825104,0.22699999809265137
YKR009C,YOL110W,0,-5.440031,0.17116788029670715,0.4690000116825104,0.22709999978542328
YNL021W,YML123C,0,-5.4400687,0.17110542953014374,0.4690000116825104,0.2272000014781952
YOR250C,YOR355W,0,-5.440197,0.1710430383682251,0.4690000116825104,0.2273000031709671
YBL034C,YDL064W,0,-5.440212,0.17098067700862885,0.4690000116825104,0.227400004863739
YDR288W,YMR263W,0,-5.4402585,0.17091836035251617,0.4690000116825104,0.22750000655651093
YNL112W,YGL049C,0,-5.440638,0.17085610330104828,0.4690000116825104,0.22759999334812164
YGR072W,YLR020C,0,-5.440641,0.17079387605190277,0.4690000116825104,0.22769999504089355
YPL164C,YDL077C,0,-5.440781,0.17073170840740204,0.4690000116825104,0.22779999673366547
YDR376W,YGL075C,0,-5.4410214,0.1706695705652237,0.4690000116825104,0.22789999842643738
YDL108W,YDR334W,0,-5.4410768,0.17060749232769012,0.4690000116825104,0.2280000001192093
YJR091C,YNL309W,0,-5.441087,0.17054545879364014,0.4690000116825104,0.2281000018119812
YPL053C,YOR259C,0,-5.441136,0.17048345506191254,0.4690000116825104,0.2282000035047531
YGL251C,YFR055W,0,-5.441281,0.1704215109348297,0.4690000116825104,0.22830000519752502
YNR015W,YDL201W,1,-5.441563,0.1707228422164917,0.4699999988079071,0.22830000519752502
YPR049C,YOR181W,0,-5.4419847,0.1706608533859253,0.4699999988079071,0.22840000689029694
YMR048W,YKL012W,0,-5.442106,0.17059890925884247,0.4699999988079071,0.22849999368190765
YGR248W,YLR301W,0,-5.4421983,0.17053700983524323,0.4699999988079071,0.22859999537467957
YOL104C,YDL090C,0,-5.4422507,0.17047515511512756,0.4699999988079071,0.22869999706745148
YLR274W,YKL001C,0,-5.4422636,0.17041334509849548,0.4699999988079071,0.2287999987602234
YJL060W,YJL056C,0,-5.4422884,0.17035157978534698,0.4699999988079071,0.2289000004529953
YPL086C,YNL075W,1,-5.44243,0.17065218091011047,0.47099998593330383,0.2289000004529953
YLR226W,YNL113W,0,-5.4429154,0.1705903708934784,0.47099998593330383,0.2290000021457672
YGL051W,YOR153W,0,-5.4429584,0.1705286055803299,0.47099998593330383,0.22910000383853912
YBR057C,YOR298W,0,-5.443053,0.17046688497066498,0.47099998593330383,0.22920000553131104
YNL039W,YER106W,0,-5.443066,0.17040520906448364,0.47099998593330383,0.22930000722408295
YNL039W,YHR027C,0,-5.4430957,0.1703435778617859,0.47099998593330383,0.22939999401569366
YLR175W,YGL063W,1,-5.443274,0.17064352333545685,0.47200000286102295,0.22939999401569366
YML102W,YKR025W,0,-5.4432783,0.1705818623304367,0.47200000286102295,0.22949999570846558
YIR011C,YOR295W,0,-5.4432855,0.17052023112773895,0.47200000286102295,0.2295999974012375
YNL003C,YNL138W,0,-5.4437556,0.17045864462852478,0.47200000286102295,0.2296999990940094
YDR377W,YDR294C,0,-5.4438314,0.17039711773395538,0.47200000286102295,0.2298000007867813
YPL271W,YGL087C,0,-5.4438972,0.17033562064170837,0.47200000286102295,0.22990000247955322
YAL044C,YIL123W,0,-5.4439044,0.17027416825294495,0.47200000286102295,0.23000000417232513
YLR035C,YOR230W,0,-5.4439154,0.1702127605676651,0.47200000286102295,0.23010000586509705
YJL099W,YAL017W,0,-5.4439607,0.17015141248703003,0.47200000286102295,0.23019999265670776
YDR244W,YML038C,0,-5.4440084,0.17009009420871735,0.47200000286102295,0.23029999434947968
YPL195W,YPL193W,0,-5.444086,0.17002882063388824,0.47200000286102295,0.2303999960422516
YPL212C,YML014W,1,-5.4442153,0.17032769322395325,0.4729999899864197,0.2303999960422516
YPR199C,YDR281C,0,-5.444409,0.17026637494564056,0.4729999899864197,0.2304999977350235
YAL020C,YGL136C,1,-5.4444194,0.1705649495124817,0.4740000069141388,0.2304999977350235
YNL020C,YPR173C,0,-5.4446306,0.17050360143184662,0.4740000069141388,0.2305999994277954
YFL023W,YJR153W,0,-5.444761,0.17044228315353394,0.4740000069141388,0.23070000112056732
YDR040C,YLR451W,0,-5.445186,0.17038102447986603,0.4740000069141388,0.23080000281333923
YHR088W,YNL128W,0,-5.445478,0.1703197956085205,0.4740000069141388,0.23090000450611115
YDL223C,YDL046W,0,-5.445659,0.17025862634181976,0.4740000069141388,0.23100000619888306
YAL044C,YPL116W,0,-5.4457464,0.1701974868774414,0.4740000069141388,0.23109999299049377
YJR084W,YER056C,0,-5.4457693,0.17013639211654663,0.4740000069141388,0.23119999468326569
YPL266W,YLR197W,1,-5.445817,0.1704341620206833,0.4749999940395355,0.23119999468326569
YDL088C,YLR033W,0,-5.4459233,0.17037302255630493,0.4749999940395355,0.2312999963760376
YLR263W,YDR328C,0,-5.446074,0.17031194269657135,0.4749999940395355,0.2313999980688095
YDR308C,YML040W,0,-5.4467235,0.17025089263916016,0.4749999940395355,0.23149999976158142
YAL024C,YOR073W,0,-5.446927,0.17018990218639374,0.4749999940395355,0.23160000145435333
YHR094C,YBL004W,0,-5.4471126,0.1701289415359497,0.4749999940395355,0.23170000314712524
YFR008W,YMR284W,0,-5.447125,0.17006802558898926,0.4749999940395355,0.23180000483989716
YOL091W,YCL074W,0,-5.447192,0.1700071543455124,0.4749999940395355,0.23190000653266907
YDR163W,YLR277C,0,-5.447224,0.1699463278055191,0.4749999940395355,0.23199999332427979
YPR034W,YEL051W,0,-5.447243,0.1698855459690094,0.4749999940395355,0.2320999950170517
YGL142C,YNL078W,0,-5.447694,0.16982480883598328,0.4749999940395355,0.2321999967098236
YGR179C,YOL004W,0,-5.4482174,0.16976411640644073,0.4749999940395355,0.23229999840259552
YOR334W,YOR095C,0,-5.4482174,0.16970346868038177,0.4749999940395355,0.23240000009536743
YPL161C,YDR439W,0,-5.4482265,0.1696428507566452,0.4749999940395355,0.23250000178813934
YLR381W,YDL117W,0,-5.448323,0.1695822924375534,0.4749999940395355,0.23260000348091125
YNL182C,YBR192W,0,-5.4483943,0.169521763920784,0.4749999940395355,0.23270000517368317
YGR200C,YGL232W,1,-5.4485383,0.16981805860996246,0.47600001096725464,0.23270000517368317
YMR097C,YER094C,0,-5.448629,0.16975748538970947,0.47600001096725464,0.23280000686645508
YPL069C,YNL222W,0,-5.4486585,0.16969697177410126,0.47600001096725464,0.2328999936580658
YNL172W,YOR151C,0,-5.44868,0.16963648796081543,0.47600001096725464,0.2329999953508377
YGR179C,YJR021C,0,-5.4487014,0.16957606375217438,0.47600001096725464,0.23309999704360962
YLR175W,YKL110C,1,-5.448729,0.16987179219722748,0.47699999809265137,0.23309999704360962
YHR205W,YGR245C,0,-5.4491043,0.16981132328510284,0.47699999809265137,0.23319999873638153
YPL161C,YLR166C,0,-5.449284,0.1697508841753006,0.47699999809265137,0.23330000042915344
YKR087C,YJL048C,0,-5.4494033,0.16969050467014313,0.47699999809265137,0.23340000212192535
YGR142W,YBR009C,0,-5.449426,0.16963015496730804,0.47699999809265137,0.23350000381469727
YEL071W,YBR017C,0,-5.44957,0.16956984996795654,0.47699999809265137,0.23360000550746918
YBL069W,YJL134W,0,-5.4496226,0.16950958967208862,0.47699999809265137,0.2337000072002411
YBR084W,YDL033C,1,-5.449658,0.1698046177625656,0.4779999852180481,0.2337000072002411
YOL069W,YJL148W,0,-5.4497466,0.1697443127632141,0.4779999852180481,0.2337999939918518
YLR102C,YDR464W,0,-5.449946,0.16968406736850739,0.4779999852180481,0.23389999568462372
YOR237W,YPL155C,0,-5.450019,0.16962385177612305,0.4779999852180481,0.23399999737739563
YOR201C,YML005W,1,-5.450026,0.16991841793060303,0.4790000021457672,0.23399999737739563
YPL255W,YDR190C,0,-5.450033,0.1698581576347351,0.4790000021457672,0.23409999907016754
YER168C,YKL110C,1,-5.4500794,0.1701524257659912,0.47999998927116394,0.23409999907016754
YGR262C,YML039W,0,-5.450191,0.1700921356678009,0.47999998927116394,0.23420000076293945
YML107C,YMR096W,0,-5.4503446,0.17003187537193298,0.47999998927116394,0.23430000245571136
YHR038W,YML025C,0,-5.45046,0.16997167468070984,0.47999998927116394,0.23440000414848328
YGL238W,YGR162W,0,-5.4504747,0.16991150379180908,0.47999998927116394,0.2345000058412552
YNR054C,YAL033W,0,-5.450542,0.1698513776063919,0.47999998927116394,0.2345999926328659
YLR193C,YMR051C,0,-5.4506927,0.1697912961244583,0.47999998927116394,0.23469999432563782
YJR083C,YJL145W,0,-5.451238,0.1697312593460083,0.47999998927116394,0.23479999601840973
YBR155W,YJL127C,0,-5.451323,0.16967126727104187,0.47999998927116394,0.23489999771118164
YOL142W,YNL046W,0,-5.4515314,0.16961130499839783,0.47999998927116394,0.23499999940395355
YGR166W,YBR182C,0,-5.451571,0.16955140233039856,0.47999998927116394,0.23510000109672546
YLR427W,YJL056C,0,-5.4518294,0.16949152946472168,0.47999998927116394,0.23520000278949738
YMR232W,YBR214W,0,-5.4519277,0.16943170130252838,0.47999998927116394,0.2353000044822693
YDR097C,YDR087C,0,-5.4519315,0.16937191784381866,0.47999998927116394,0.2354000061750412
YIL132C,YHR164C,0,-5.451986,0.16931216418743134,0.47999998927116394,0.23549999296665192
YOR308C,YPL020C,0,-5.452306,0.16925247013568878,0.47999998927116394,0.23559999465942383
YBL063W,YBR130C,0,-5.452473,0.16919280588626862,0.47999998927116394,0.23569999635219574
YPL192C,YCL005W-A,0,-5.4528794,0.16913318634033203,0.47999998927116394,0.23579999804496765
YHR129C,YMR112C,0,-5.453092,0.16907361149787903,0.47999998927116394,0.23589999973773956
YMR168C,YDR424C,0,-5.453178,0.1690140813589096,0.47999998927116394,0.23600000143051147
YLR088W,YNL210W,0,-5.4532313,0.16895459592342377,0.47999998927116394,0.2361000031232834
YOR098C,YPR125W,0,-5.45324,0.16889514029026031,0.47999998927116394,0.2362000048160553
YBR026C,YKR095W,0,-5.4532986,0.16883574426174164,0.47999998927116394,0.2363000065088272
YIL128W,YOR288C,0,-5.45373,0.16877637803554535,0.47999998927116394,0.23639999330043793
YGR167W,YGR089W,0,-5.453796,0.16871704161167145,0.47999998927116394,0.23649999499320984
YML007W,YNL304W,0,-5.4538236,0.16865776479244232,0.47999998927116394,0.23659999668598175
YDR181C,YBR216C,0,-5.453979,0.16859851777553558,0.47999998927116394,0.23669999837875366
YPR143W,YLR277C,0,-5.4541597,0.16853933036327362,0.47999998927116394,0.23680000007152557
YDR137W,YGR070W,0,-5.454203,0.16848017275333405,0.47999998927116394,0.23690000176429749
YLR397C,YDR395W,0,-5.454305,0.16842105984687805,0.47999998927116394,0.2370000034570694
YCR073W-A,YAL002W,0,-5.4543343,0.16836197674274445,0.47999998927116394,0.2371000051498413
YMR303C,YIL124W,0,-5.454414,0.16830293834209442,0.47999998927116394,0.23720000684261322
YNL239W,YEL041W,0,-5.4546933,0.16824395954608917,0.47999998927116394,0.23729999363422394
YPL018W,YKL165C,0,-5.4547887,0.1681850105524063,0.47999998927116394,0.23739999532699585
YMR290C,YJR002W,0,-5.455292,0.16812609136104584,0.47999998927116394,0.23749999701976776
YLR380W,YGR158C,0,-5.455556,0.16806723177433014,0.47999998927116394,0.23759999871253967
YDR270W,YER012W,0,-5.455759,0.16800840198993683,0.47999998927116394,0.23770000040531158
YPL101W,YDL201W,1,-5.4558253,0.16829951107501984,0.48100000619888306,0.23770000040531158
YMR113W,YML049C,0,-5.4558434,0.16824063658714294,0.48100000619888306,0.2378000020980835
YDL213C,YDR143C,0,-5.4560404,0.16818182170391083,0.48100000619888306,0.2379000037908554
YMR312W,YDR165W,1,-5.4561954,0.168472558259964,0.4819999933242798,0.2379000037908554
YOR171C,YNL007C,0,-5.4563313,0.1684136986732483,0.4819999933242798,0.23800000548362732
YER179W,YMR197C,0,-5.4568124,0.16835486888885498,0.4819999933242798,0.23810000717639923
YDR040C,YER020W,0,-5.457144,0.16829608380794525,0.4819999933242798,0.23819999396800995
YGR204W,YDR363W,0,-5.457213,0.1682373434305191,0.4819999933242798,0.23829999566078186
YMR240C,YKR025W,0,-5.457355,0.16817864775657654,0.4819999933242798,0.23839999735355377
YPR161C,YGL249W,0,-5.457392,0.16811998188495636,0.4819999933242798,0.23849999904632568
YGL006W,YPL120W,0,-5.45743,0.16806136071681976,0.4819999933242798,0.2386000007390976
YGR200C,YOR243C,1,-5.45754,0.16835133731365204,0.4830000102519989,0.2386000007390976
YIL128W,YOR115C,0,-5.4576507,0.16829268634319305,0.4830000102519989,0.2387000024318695
YOR321W,YAL043C,0,-5.4581127,0.16823406517505646,0.4830000102519989,0.23880000412464142
YHR108W,YAR042W,0,-5.458389,0.16817548871040344,0.4830000102519989,0.23890000581741333
YBL071W-A,YOR243C,1,-5.458407,0.1684650182723999,0.48399999737739563,0.23890000581741333
YBR084W,YOR274W,1,-5.4584293,0.16875435411930084,0.48500001430511475,0.23890000581741333
YER106W,YKL150W,0,-5.458525,0.16869565844535828,0.48500001430511475,0.23899999260902405
YHR075C,YLR277C,0,-5.458709,0.1686369925737381,0.48500001430511475,0.23909999430179596
YLR201C,YMR238W,0,-5.45873,0.1685783863067627,0.48500001430511475,0.23919999599456787
YNL075W,YPL212C,1,-5.458745,0.16886727511882782,0.4860000014305115,0.23919999599456787
YGL017W,YDR108W,0,-5.4590564,0.16880860924720764,0.4860000014305115,0.23929999768733978
YLR135W,YLL040C,0,-5.4590855,0.16875000298023224,0.4860000014305115,0.2393999993801117
YLR318W,YHR021C,0,-5.4592476,0.16869142651557922,0.4860000014305115,0.2395000010728836
YNR074C,YNL278W,0,-5.4593234,0.1686328947544098,0.4860000014305115,0.23960000276565552
YHL040C,YLR186W,0,-5.4594107,0.16857440769672394,0.4860000014305115,0.23970000445842743
YDR523C,YML064C,0,-5.4596596,0.16851595044136047,0.4860000014305115,0.23980000615119934
YPR138C,YOR334W,0,-5.4596953,0.1684575378894806,0.4860000014305115,0.23989999294281006
YPL101W,YMR312W,1,-5.4600596,0.16874566674232483,0.4869999885559082,0.23989999294281006
YDR363W,YCL039W,0,-5.4601035,0.16868722438812256,0.4869999885559082,0.23999999463558197
YLR401C,YDL033C,1,-5.460227,0.1689750701189041,0.4880000054836273,0.23999999463558197
YPL212C,YGR169C,1,-5.4603934,0.16926272213459015,0.48899999260902405,0.23999999463558197
YPR200C,YBR006W,0,-5.460757,0.16920414566993713,0.48899999260902405,0.24009999632835388
YNR067C,YLR113W,0,-5.460771,0.1691456288099289,0.48899999260902405,0.2401999980211258
YNL025C,YDR346C,0,-5.4607863,0.16908714175224304,0.48899999260902405,0.2402999997138977
YOR250C,YOR115C,0,-5.4608026,0.16902868449687958,0.48899999260902405,0.24040000140666962
YGL027C,YOR322C,0,-5.460813,0.1689702868461609,0.48899999260902405,0.24050000309944153
YIL009W,YML075C,0,-5.4609275,0.1689119189977646,0.48899999260902405,0.24060000479221344
YIL009W,YMR081C,0,-5.4610147,0.16885359585285187,0.48899999260902405,0.24070000648498535
YCR081W,YCR018C,0,-5.4613833,0.16879530251026154,0.48899999260902405,0.24079999327659607
YDR280W,YLR275W,0,-5.461593,0.16873705387115479,0.48899999260902405,0.24089999496936798
YOL125W,YML014W,1,-5.461601,0.169023796916008,0.49000000953674316,0.24089999496936798
YBR079C,YMR046C,0,-5.4617667,0.16896551847457886,0.49000000953674316,0.2409999966621399
YNL331C,YHR008C,0,-5.4617896,0.1689072698354721,0.49000000953674316,0.2410999983549118
YDR299W,YHR068W,0,-5.4619827,0.16884906589984894,0.49000000953674316,0.24120000004768372
YDR320C-A,YGL163C,0,-5.462729,0.16879090666770935,0.49000000953674316,0.24130000174045563
YNL148C,YOR153W,0,-5.462751,0.16873277723789215,0.49000000953674316,0.24140000343322754
YKR054C,YDL150W,0,-5.462787,0.16867469251155853,0.49000000953674316,0.24150000512599945
YBR039W,YGR133W,0,-5.4630017,0.1686166524887085,0.49000000953674316,0.24160000681877136
YFL003C,YKL166C,0,-5.46304,0.16855865716934204,0.49000000953674316,0.24169999361038208
YJR017C,YBL003C,0,-5.4632053,0.16850069165229797,0.49000000953674316,0.241799995303154
YLR103C,YBR135W,0,-5.4637084,0.1684427708387375,0.49000000953674316,0.2418999969959259
YPR103W,YPR133W-A,0,-5.4637666,0.1683848798274994,0.49000000953674316,0.24199999868869781
YNR003C,YJL145W,0,-5.463836,0.16832703351974487,0.49000000953674316,0.24210000038146973
YCL054W,YJL035C,1,-5.463899,0.16861264407634735,0.4909999966621399,0.24210000038146973
YLR309C,YKL125W,0,-5.463959,0.16855475306510925,0.4909999966621399,0.24220000207424164
YOR094W,YLR015W,0,-5.4642057,0.16849690675735474,0.4909999966621399,0.24230000376701355
YOR377W,YDR293C,0,-5.4644885,0.1684391051530838,0.4909999966621399,0.24240000545978546
YNL061W,YLL021W,0,-5.4646354,0.16838134825229645,0.4909999966621399,0.24250000715255737
YPL101W,YHR072W-A,1,-5.464647,0.16866643726825714,0.492000013589859,0.24250000715255737
YJL091C,YDL077C,0,-5.4647627,0.1686086356639862,0.492000013589859,0.2425999939441681
YJL035C,YBR061C,1,-5.464804,0.1688934564590454,0.49300000071525574,0.2425999939441681
YML049C,YDR463W,0,-5.4650426,0.1688356101512909,0.49300000071525574,0.24269999563694
YLR390W-A,YLR450W,0,-5.4650817,0.16877780854701996,0.49300000071525574,0.24279999732971191
YHR072W-A,YGR024C,1,-5.465133,0.1690622866153717,0.49399998784065247,0.24279999732971191
YMR240C,YDL216C,0,-5.465202,0.1690044403076172,0.49399998784065247,0.24289999902248383
YPL124W,YGR116W,0,-5.465336,0.16894665360450745,0.49399998784065247,0.24300000071525574
YCR063W,YJR153W,0,-5.4655128,0.1688888818025589,0.49399998784065247,0.24310000240802765
YDR093W,YBR183W,0,-5.465548,0.16883116960525513,0.49399998784065247,0.24320000410079956
YDR524C,YER109C,0,-5.4655643,0.16877348721027374,0.49399998784065247,0.24330000579357147
YGL017W,YPL010W,0,-5.4656444,0.16871584951877594,0.49399998784065247,0.2433999925851822
YDR280W,YBR172C,0,-5.4663014,0.16865824162960052,0.49399998784065247,0.2434999942779541
YGR171C,YMR106C,0,-5.4665666,0.1686006784439087,0.49399998784065247,0.243599995970726
YDL148C,YNL066W,0,-5.4667773,0.16854315996170044,0.49399998784065247,0.24369999766349792
YGR177C,YGL247W,0,-5.4669375,0.16848567128181458,0.49399998784065247,0.24379999935626984
YDR004W,YCL001W,0,-5.466988,0.1684282273054123,0.49399998784065247,0.24390000104904175
YPL101W,YHR187W,1,-5.467018,0.16871166229248047,0.4950000047683716,0.24390000104904175
YLR215C,YDR023W,0,-5.467048,0.1686541736125946,0.4950000047683716,0.24400000274181366
YLL038C,YPR078C,0,-5.467248,0.16859672963619232,0.4950000047683716,0.24410000443458557
YOR239W,YIL110W,0,-5.467268,0.16853933036327362,0.4950000047683716,0.24420000612735748
YAL040C,YBR298C,0,-5.467338,0.1684819608926773,0.4950000047683716,0.2442999929189682
YFL039C,YFR047C,0,-5.4674506,0.16842463612556458,0.4950000047683716,0.2443999946117401
YGR200C,YBL071W-A,1,-5.467484,0.1687074899673462,0.4959999918937683,0.2443999946117401
YJR073C,YCR008W,0,-5.46753,0.16865012049674988,0.4959999918937683,0.24449999630451202
YBL013W,YDR172W,0,-5.467627,0.16859279572963715,0.4959999918937683,0.24459999799728394
YOR298C-A,YNL231C,0,-5.46792,0.1685355007648468,0.4959999918937683,0.24469999969005585
YGR133W,YJL173C,0,-5.468116,0.16847826540470123,0.4959999918937683,0.24480000138282776
YLR405W,YBR061C,1,-5.468213,0.16876061260700226,0.4970000088214874,0.24480000138282776
YIL079C,YGL163C,0,-5.4682355,0.1687033325433731,0.4970000088214874,0.24490000307559967
YOL095C,YML019W,0,-5.4686713,0.16864608228206635,0.4970000088214874,0.24500000476837158
YAL020C,YGR169C,1,-5.46893,0.1689280867576599,0.49799999594688416,0.24500000476837158
YNL172W,YDR389W,0,-5.468969,0.16887080669403076,0.49799999594688416,0.2451000064611435
YDR147W,YFR009W,0,-5.4690557,0.168813556432724,0.49799999594688416,0.2451999932527542
YBR167C,YDR235W,0,-5.469333,0.16875635087490082,0.49799999594688416,0.24529999494552612
YGL136C,YDL033C,1,-5.46944,0.16903793811798096,0.49900001287460327,0.24529999494552612
YKR034W,YLR263W,0,-5.4696074,0.1689807027578354,0.49900001287460327,0.24539999663829803
YHR052W,YOR168W,0,-5.469662,0.1689234972000122,0.49900001287460327,0.24549999833106995
YDR039C,YKL125W,0,-5.4697633,0.1688663214445114,0.49900001287460327,0.24560000002384186
YAL020C,YDL036C,1,-5.4698663,0.16914749145507812,0.5,0.24560000002384186
YJL085W,YIL084C,0,-5.469889,0.16909030079841614,0.5,0.24570000171661377
YKR009C,YOL023W,0,-5.470079,0.16903312504291534,0.5,0.24580000340938568
YLR377C,YJR045C,0,-5.4701033,0.16897600889205933,0.5,0.2459000051021576
YNL136W,YCR061W,0,-5.4702353,0.1689189225435257,0.5,0.2460000067949295
YIR022W,YPR140W,0,-5.4704094,0.16886186599731445,0.5,0.24609999358654022
YKL089W,YIL110W,0,-5.4708753,0.1688048541545868,0.5,0.24619999527931213
YOR099W,YML040W,0,-5.4709306,0.1687478870153427,0.5,0.24629999697208405
YNL075W,YKL110C,1,-5.471089,0.16902834177017212,0.5009999871253967,0.24629999697208405
YPL086C,YPL212C,1,-5.471259,0.169308602809906,0.5019999742507935,0.24629999697208405
YIR023W,YJR160C,0,-5.4713492,0.16925151646137238,0.5019999742507935,0.24639999866485596
YOL164W,YML021C,0,-5.4713573,0.16919447481632233,0.5019999742507935,0.24650000035762787
YFL048C,YOR069W,0,-5.4714365,0.16913746297359467,0.5019999742507935,0.24660000205039978
YER044C-A,YPR187W,0,-5.4715047,0.16908049583435059,0.5019999742507935,0.2467000037431717
YBL013W,YPL156C,0,-5.4717674,0.1690235733985901,0.5019999742507935,0.2468000054359436
YPL161C,YMR138W,0,-5.4718204,0.16896668076515198,0.5019999742507935,0.24690000712871552
YHR160C,YNL072W,0,-5.4718657,0.16890981793403625,0.5019999742507935,0.24699999392032623
YGR169C,YDL033C,1,-5.471916,0.16918936371803284,0.503000020980835,0.24699999392032623
YNL239W,YGR080W,0,-5.4719186,0.16913248598575592,0.503000020980835,0.24709999561309814
YHR053C,YJL059W,0,-5.4722095,0.1690756231546402,0.503000020980835,0.24719999730587006
YAL020C,YDR165W,1,-5.4723754,0.16935484111309052,0.5040000081062317,0.24719999730587006
YKL143W,YHR039C-A,0,-5.4725375,0.1692979484796524,0.5040000081062317,0.24729999899864197
YGL033W,YBR048W,0,-5.4727383,0.16924110054969788,0.5040000081062317,0.24740000069141388
YOR347C,YOR187W,0,-5.4727902,0.16918429732322693,0.5040000081062317,0.2475000023841858
YDL005C,YKL045W,0,-5.4728684,0.16912752389907837,0.5040000081062317,0.2476000040769577
YPL159C,YKL042W,0,-5.4730783,0.1690707802772522,0.5040000081062317,0.24770000576972961
YBR156C,YNL154C,0,-5.47309,0.1690140813589096,0.5040000081062317,0.24779999256134033
YLR056W,YJL187C,0,-5.4733896,0.1689574271440506,0.5040000081062317,0.24789999425411224
YEL027W,YLR223C,0,-5.473709,0.16890080273151398,0.5040000081062317,0.24799999594688416
YOR334W,YLL004W,0,-5.47395,0.16884422302246094,0.5040000081062317,0.24809999763965607
YDR093W,YOL091W,0,-5.474089,0.16878767311573029,0.5040000081062317,0.24819999933242798
YMR052W,YBR275C,0,-5.4741583,0.16873116791248322,0.5040000081062317,0.2483000010251999
YLL008W,YPL083C,0,-5.47423,0.16867469251155853,0.5040000081062317,0.2484000027179718
YFL010W-A,YIL139C,0,-5.4743114,0.16861826181411743,0.5040000081062317,0.2485000044107437
YNL084C,YHL012W,0,-5.4744024,0.1685618758201599,0.5040000081062317,0.24860000610351562
YGR056W,YPL120W,0,-5.4744964,0.16850551962852478,0.5040000081062317,0.24869999289512634
YMR283C,YDL112W,1,-5.474802,0.16878342628479004,0.5049999952316284,0.24869999289512634
YLL026W,YER151C,0,-5.4750047,0.16872702538967133,0.5049999952316284,0.24879999458789825
YPR019W,YNL297C,0,-5.475035,0.1686706691980362,0.5049999952316284,0.24889999628067017
YJR147W,YLR195C,0,-5.475202,0.16861435770988464,0.5049999952316284,0.24899999797344208
YCR065W,YJL098W,0,-5.4755535,0.16855807602405548,0.5049999952316284,0.249099999666214
YNL220W,YPR078C,0,-5.4756207,0.1685018390417099,0.5049999952316284,0.2492000013589859
YMR055C,YKL145W,0,-5.4757457,0.1684456318616867,0.5049999952316284,0.2493000030517578
YGR108W,YJR120W,0,-5.4759417,0.1683894693851471,0.5049999952316284,0.24940000474452972
YAL020C,YDL033C,1,-5.475996,0.16866666078567505,0.5059999823570251,0.24940000474452972
YIL142W,YIR005W,0,-5.47631,0.16861046850681305,0.5059999823570251,0.24950000643730164
YML132W,YMR135C,0,-5.4764857,0.16855429112911224,0.5059999823570251,0.24959999322891235
YPL217C,YOR315W,0,-5.476559,0.1684981733560562,0.5059999823570251,0.24969999492168427
YNL090W,YGL135W,0,-5.4766154,0.16844207048416138,0.5059999823570251,0.24979999661445618
YKR095W,YLR350W,0,-5.47662,0.16838602721691132,0.5059999823570251,0.2498999983072281
YNL075W,YGR024C,1,-5.4766784,0.1686626672744751,0.5070000290870667,0.2498999983072281
YPR021C,YGL127C,0,-5.476822,0.16860657930374146,0.5070000290870667,0.25
YDR052C,YNR003C,0,-5.476853,0.1685505360364914,0.5070000290870667,0.2500999867916107
YGL116W,YLR182W,0,-5.476863,0.16849452257156372,0.5070000290870667,0.2502000033855438
YER127W,YDL112W,1,-5.477061,0.16877076029777527,0.5080000162124634,0.2502000033855438
YPR135W,YDL042C,0,-5.4770865,0.1687147170305252,0.5080000162124634,0.25029999017715454
YMR168C,YOR212W,0,-5.477241,0.16865870356559753,0.5080000162124634,0.25040000677108765
YMR312W,YPL212C,1,-5.477539,0.16893461346626282,0.5090000033378601,0.25040000677108765
YML074C,YNL123W,0,-5.4775844,0.16887857019901276,0.5090000033378601,0.25049999356269836
YGL048C,YMR273C,0,-5.4776974,0.16882255673408508,0.5090000033378601,0.25060001015663147
YIL004C,YHR119W,0,-5.477994,0.1687665730714798,0.5090000033378601,0.2506999969482422
YOR217W,YDR279W,0,-5.478044,0.1687106341123581,0.5090000033378601,0.2508000135421753
YPL249C,YPL188W,0,-5.4781065,0.16865473985671997,0.5090000033378601,0.250900000333786
YOR304W,YBR195C,0,-5.478246,0.16859887540340424,0.5090000033378601,0.25099998712539673
YML086C,YJL095W,0,-5.4784374,0.1685430407524109,0.5090000033378601,0.25110000371932983
YLR144C,YDR331W,0,-5.4784884,0.16848725080490112,0.5090000033378601,0.25119999051094055
YIL009C-A,YIL053W,0,-5.478617,0.16843150556087494,0.5090000033378601,0.25130000710487366
YPL208W,YML038C,0,-5.478785,0.16837579011917114,0.5090000033378601,0.2513999938964844
YNL068C,YOR298W,0,-5.478915,0.16832010447978973,0.5090000033378601,0.2515000104904175
YIL004C,YHR079C-A,0,-5.4789543,0.1682644635438919,0.5090000033378601,0.2515999972820282
YJL125C,YPL212C,1,-5.478966,0.16853933036327362,0.5099999904632568,0.2515999972820282
YBR129C,YAL043C,0,-5.478967,0.1684836447238922,0.5099999904632568,0.2517000138759613
YBR155W,YPL050C,0,-5.4791737,0.16842800378799438,0.5099999904632568,0.251800000667572
YMR023C,YML005W,1,-5.479182,0.16870254278182983,0.5109999775886536,0.251800000667572
YBR103W,YGR080W,0,-5.4795904,0.16864687204360962,0.5109999775886536,0.25189998745918274
YAL024C,YNL304W,0,-5.4798627,0.1685912311077118,0.5109999775886536,0.25200000405311584
YER106W,YMR164C,0,-5.480099,0.16853561997413635,0.5109999775886536,0.25209999084472656
YHR062C,YPL047W,0,-5.4801955,0.1684800535440445,0.5109999775886536,0.25220000743865967
YDR097C,YNL061W,0,-5.4803877,0.16842451691627502,0.5109999775886536,0.2522999942302704
YMR133W,YOR313C,0,-5.480572,0.16836902499198914,0.5109999775886536,0.2524000108242035
YNR033W,YFR027W,0,-5.480828,0.16831357777118683,0.5109999775886536,0.2524999976158142
YAL044C,YDR244W,0,-5.480852,0.16825814545154572,0.5109999775886536,0.2526000142097473
YPR001W,YMR025W,0,-5.4809775,0.16820275783538818,0.5109999775886536,0.25270000100135803
YEL016C,YOL115W,0,-5.4811506,0.16814741492271423,0.5109999775886536,0.25279998779296875
YNL127W,YNL102W,0,-5.4812574,0.16809210181236267,0.5109999775886536,0.25290000438690186
YPL181W,YKL095W,0,-5.4814215,0.1680368334054947,0.5109999775886536,0.2529999911785126
YOR243C,YML005W,1,-5.4815454,0.16831032931804657,0.5120000243186951,0.2529999911785126
YER038C,YGL014W,0,-5.4815726,0.168255016207695,0.5120000243186951,0.2531000077724457
YJL035C,YOL093W,1,-5.481763,0.1685282588005066,0.5130000114440918,0.2531000077724457
YNL242W,YER104W,0,-5.4817996,0.16847290098667145,0.5130000114440918,0.2531999945640564
YGL105W,YNL309W,0,-5.4820485,0.16841760277748108,0.5130000114440918,0.2533000111579895
YHL040C,YDL113C,0,-5.482868,0.1683623194694519,0.5130000114440918,0.2533999979496002
YOL090W,YGL022W,0,-5.482899,0.1683070808649063,0.5130000114440918,0.2535000145435333
YBR286W,YNL214W,0,-5.482921,0.1682518869638443,0.5130000114440918,0.25360000133514404
YJR132W,YNL229C,0,-5.4829392,0.16819672286510468,0.5130000114440918,0.25369998812675476
YPL086C,YMR283C,1,-5.4829717,0.1684693545103073,0.5139999985694885,0.25369998812675476
YER002W,YOR217W,0,-5.4830613,0.1684141606092453,0.5139999985694885,0.25380000472068787
YDL029W,YDR130C,0,-5.4831815,0.16835899651050568,0.5139999985694885,0.2538999915122986
YJL101C,YOR380W,0,-5.48319,0.16830386221408844,0.5139999985694885,0.2540000081062317
YLR158C,YOL113W,0,-5.4833307,0.16824877262115479,0.5139999985694885,0.2540999948978424
YPL083C,YHR090C,0,-5.483464,0.16819371283054352,0.5139999985694885,0.2542000114917755
YAL026C,YOR208W,0,-5.4836764,0.16813869774341583,0.5139999985694885,0.25429999828338623
YHR072W-A,YDL112W,1,-5.4837956,0.16841073334217072,0.5149999856948853,0.25429999828338623
YML077W,YGR075C,0,-5.484001,0.16835567355155945,0.5149999856948853,0.25440001487731934
YNL116W,YOL044W,0,-5.4840875,0.16830065846443176,0.5149999856948853,0.25450000166893005
YBL024W,YGL232W,1,-5.4841533,0.16857236623764038,0.515999972820282,0.25450000166893005
YDR263C,YBR195C,0,-5.484235,0.1685173064470291,0.515999972820282,0.25459998846054077
YOR201C,YGL063W,1,-5.48426,0.16878877580165863,0.5170000195503235,0.25459998846054077
YPL101W,YGR169C,1,-5.4844465,0.16906005144119263,0.5180000066757202,0.25459998846054077
YOR351C,YJL052W,0,-5.484754,0.169004887342453,0.5180000066757202,0.2547000050544739
YNL062C,YML005W,1,-5.4848065,0.1692759245634079,0.5189999938011169,0.2547000050544739
YHR124W,YNL248C,0,-5.485003,0.1692207306623459,0.5189999938011169,0.2547999918460846
YFL003C,YJL138C,0,-5.4850416,0.16916558146476746,0.5189999938011169,0.2549000084400177
YBR164C,YPL065W,0,-5.4854345,0.1691104620695114,0.5189999938011169,0.2549999952316284
YOR153W,YDR065W,0,-5.4857655,0.16905537247657776,0.5189999938011169,0.2551000118255615
YDL126C,YOR191W,0,-5.485805,0.16900032758712769,0.5189999938011169,0.25519999861717224
YGL187C,YHR075C,0,-5.485819,0.1689453125,0.5189999938011169,0.25529998540878296
YCL038C,YLR234W,0,-5.4859543,0.1688903421163559,0.5189999938011169,0.25540000200271606
YER051W,YHR090C,0,-5.486015,0.16883538663387299,0.5189999938011169,0.2554999887943268
YPL266W,YLR405W,1,-5.4861207,0.16910569369792938,0.5199999809265137,0.2554999887943268
YDR085C,YNL098C,0,-5.4868116,0.16905070841312408,0.5199999809265137,0.2556000053882599
YDL033C,YGL232W,1,-5.4872255,0.16932076215744019,0.5210000276565552,0.2556000053882599
YMR164C,YLR313C,0,-5.48723,0.1692657619714737,0.5210000276565552,0.2556999921798706
YGL013C,YHR111W,0,-5.4873853,0.1692107766866684,0.5210000276565552,0.2558000087738037
YNL062C,YJL035C,1,-5.487425,0.16948051750659943,0.5220000147819519,0.2558000087738037
YMR135C,YGR040W,0,-5.487428,0.16942551732063293,0.5220000147819519,0.25589999556541443
YKL150W,YJR156C,0,-5.487457,0.16937053203582764,0.5220000147819519,0.25600001215934753
YLR401C,YLR405W,1,-5.4874573,0.1696399599313736,0.5230000019073486,0.25600001215934753
YOR174W,YLR167W,0,-5.4874964,0.1695849597454071,0.5230000019073486,0.25609999895095825
YDR320C-A,YHR194W,0,-5.487539,0.169529989361763,0.5230000019073486,0.25619998574256897
YGR183C,YJL048C,0,-5.4876094,0.16947504878044128,0.5230000019073486,0.2563000023365021
YOR349W,YLR301W,0,-5.487641,0.16942015290260315,0.5230000019073486,0.2563999891281128
YNR074C,YKL205W,0,-5.4877563,0.1693652868270874,0.5230000019073486,0.2565000057220459
YDL231C,YKL178C,0,-5.4878006,0.16931045055389404,0.5230000019073486,0.2565999925136566
YLR381W,YDR143C,0,-5.487917,0.16925565898418427,0.5230000019073486,0.2567000091075897
YPL209C,YOR290C,0,-5.4880695,0.16920091211795807,0.5230000019073486,0.25679999589920044
YNR072W,YML052W,0,-5.4881144,0.16914618015289307,0.5230000019073486,0.25690001249313354
YDL142C,YHR079C,0,-5.488442,0.16909149289131165,0.5230000019073486,0.25699999928474426
YER127W,YOR243C,1,-5.488444,0.16936005651950836,0.5239999890327454,0.25699999928474426
YNR074C,YPR052C,0,-5.4884706,0.16930532455444336,0.5239999890327454,0.257099986076355
YDL040C,YPR162C,0,-5.488768,0.16925065219402313,0.5239999890327454,0.2572000026702881
YBR110W,YNL145W,0,-5.488791,0.1691959947347641,0.5239999890327454,0.2572999894618988
YMR175W,YOR132W,0,-5.4890285,0.16914138197898865,0.5239999890327454,0.2574000060558319
YNR017W,YCR040W,0,-5.48916,0.16908679902553558,0.5239999890327454,0.2574999928474426
YDR009W,YBR086C,0,-5.489166,0.1690322607755661,0.5239999890327454,0.25760000944137573
YFL060C,YDR080W,0,-5.4894047,0.168977752327919,0.5239999890327454,0.25769999623298645
YLR380W,YOR356W,0,-5.489504,0.1689232736825943,0.5239999890327454,0.25780001282691956
YKL191W,YGR085C,0,-5.4896684,0.16886883974075317,0.5239999890327454,0.2578999996185303
YMR192W,YCL032W,0,-5.489728,0.16881443560123444,0.5239999890327454,0.257999986410141
YBR040W,YDR081C,0,-5.489741,0.16876006126403809,0.5239999890327454,0.2581000030040741
YOR126C,YOR348C,0,-5.490087,0.16870573163032532,0.5239999890327454,0.2581999897956848
YPL154C,YJR045C,0,-5.4900947,0.16865143179893494,0.5239999890327454,0.2583000063896179
YOL078W,YNL192W,0,-5.4901595,0.16859716176986694,0.5239999890327454,0.25839999318122864
YBR145W,YLR035C,0,-5.490249,0.16854293644428253,0.5239999890327454,0.25850000977516174
YMR014W,YHR166C,0,-5.4903913,0.1684887409210205,0.5239999890327454,0.25859999656677246
YOR144C,YPR072W,0,-5.4908957,0.16843459010124207,0.5239999890327454,0.25870001316070557
YOR299W,YFR055W,0,-5.4911475,0.168380469083786,0.5239999890327454,0.2587999999523163
YDL029W,YGL003C,0,-5.491429,0.16832637786865234,0.5239999890327454,0.258899986743927
YBR244W,YOR319W,0,-5.491624,0.16827231645584106,0.5239999890327454,0.2590000033378601
YHL048W,YDR295C,0,-5.491729,0.16821829974651337,0.5239999890327454,0.2590999901294708
YNL039W,YLR226W,0,-5.492023,0.16816431283950806,0.5239999890327454,0.25920000672340393
YPL101W,YGR024C,1,-5.492059,0.16843117773532867,0.5249999761581421,0.25920000672340393
YNL153C,YOR004W,0,-5.4923577,0.16837716102600098,0.5249999761581421,0.25929999351501465
YDL161W,YDL043C,0,-5.4923778,0.16832317411899567,0.5249999761581421,0.25940001010894775
YGR060W,YGL153W,0,-5.492617,0.16826923191547394,0.5249999761581421,0.25949999690055847
YCR040W,YOR075W,0,-5.4926353,0.1682153195142746,0.5249999761581421,0.2596000134944916
YNL048W,YPL249C,0,-5.492745,0.16816143691539764,0.5249999761581421,0.2597000002861023
YCR088W,YPR074C,0,-5.493236,0.16810758411884308,0.5249999761581421,0.259799987077713
YLR175W,YPL101W,1,-5.4933863,0.16837388277053833,0.5260000228881836,0.259799987077713
YHR187W,YOR274W,1,-5.4936175,0.16864000260829926,0.5270000100135803,0.259799987077713
YMR092C,YMR139W,0,-5.4936724,0.16858604550361633,0.5270000100135803,0.2599000036716461
YJL065C,YGL175C,0,-5.493687,0.168532133102417,0.5270000100135803,0.25999999046325684
YPL076W,YHR030C,0,-5.493957,0.16847826540470123,0.5270000100135803,0.26010000705718994
YPL040C,YGL068W,0,-5.494063,0.16842441260814667,0.5270000100135803,0.26019999384880066
YGL092W,YDL039C,0,-5.494521,0.16837060451507568,0.5270000100135803,0.26030001044273376
YLR175W,YDL201W,1,-5.4948,0.16863621771335602,0.527999997138977,0.26030001044273376
YLR153C,YLR081W,0,-5.495141,0.16858237981796265,0.527999997138977,0.2603999972343445
YOR026W,YHR043C,0,-5.4953933,0.16852857172489166,0.527999997138977,0.2605000138282776
YJL122W,YLL003W,0,-5.495457,0.16847479343414307,0.527999997138977,0.2606000006198883
YDL036C,YJL035C,1,-5.495674,0.16874003410339355,0.5289999842643738,0.2606000006198883
YDR118W,YJL209W,0,-5.495756,0.16868622601032257,0.5289999842643738,0.260699987411499
YDL074C,YDR419W,0,-5.4959073,0.16863244771957397,0.5289999842643738,0.26080000400543213
YNL291C,YDR146C,0,-5.496197,0.16857871413230896,0.5289999842643738,0.26089999079704285
YJR119C,YHR015W,0,-5.4966474,0.16852501034736633,0.5289999842643738,0.26100000739097595
YLR263W,YOL055C,0,-5.4968925,0.1684713363647461,0.5289999842643738,0.26109999418258667
YOL101C,YKR050W,0,-5.497094,0.16841770708560944,0.5289999842643738,0.2612000107765198
YNL051W,YCL063W,0,-5.497126,0.16836409270763397,0.5289999842643738,0.2612999975681305
YER133W,YFL011W,0,-5.497165,0.16831053793430328,0.5289999842643738,0.2614000141620636
YER168C,YGR024C,1,-5.49744,0.16857506334781647,0.5299999713897705,0.2614000141620636
YML103C,YLR166C,0,-5.497515,0.1685214638710022,0.5299999713897705,0.2615000009536743
YDR184C,YOL034W,0,-5.4975195,0.16846789419651031,0.5299999713897705,0.26159998774528503
YDR191W,YFR055W,0,-5.4975433,0.16841436922550201,0.5299999713897705,0.26170000433921814
YDR273W,YLL022C,0,-5.4976444,0.1683608591556549,0.5299999713897705,0.26179999113082886
YPL217C,YKR007W,0,-5.497763,0.16830739378929138,0.5299999713897705,0.26190000772476196
YNL084C,YDR177W,0,-5.4979057,0.16825397312641144,0.5299999713897705,0.2619999945163727
YNL151C,YOL102C,0,-5.4981637,0.1682005673646927,0.5299999713897705,0.2621000111103058
YKL110C,YOL093W,1,-5.498195,0.16846446692943573,0.531000018119812,0.2621000111103058
YLR141W,YDR073W,0,-5.49874,0.1684110313653946,0.531000018119812,0.2621999979019165
YGL055W,YGL227W,0,-5.498775,0.16835764050483704,0.531000018119812,0.2623000144958496
YML099C,YIL135C,0,-5.4988337,0.16830427944660187,0.531000018119812,0.2624000012874603
YHR094C,YHR056C,0,-5.498869,0.1682509481906891,0.531000018119812,0.26249998807907104
YGR227W,YPR162C,0,-5.498901,0.1681976616382599,0.531000018119812,0.26260000467300415
YMR168C,YGR206W,0,-5.4989715,0.16814438998699188,0.531000018119812,0.26269999146461487
YDR073W,YMR104C,0,-5.4990144,0.16809116303920746,0.531000018119812,0.262800008058548
YHR187W,YOR310C,1,-5.499061,0.16835443675518036,0.5320000052452087,0.262800008058548
YDL165W,YML075C,0,-5.4992347,0.16830116510391235,0.5320000052452087,0.2628999948501587
YAR031W,YOR346W,0,-5.499281,0.16824793815612793,0.5320000052452087,0.2630000114440918
YJL125C,YML014W,1,-5.499306,0.16851091384887695,0.5329999923706055,0.2630000114440918
YOL017W,YHR102W,0,-5.4993167,0.16845764219760895,0.5329999923706055,0.2630999982357025
YPL266W,YNL062C,1,-5.4994893,0.16872037947177887,0.5339999794960022,0.2630999982357025
YML113W,YGR185C,0,-5.4995694,0.16866709291934967,0.5339999794960022,0.2632000148296356
YKL079W,YIL135C,0,-5.4996142,0.16861383616924286,0.5339999794960022,0.26330000162124634
YLR205C,YKR028W,0,-5.4997826,0.16856060922145844,0.5339999794960022,0.26339998841285706
YMR138W,YLR449W,0,-5.499804,0.1685074120759964,0.5339999794960022,0.26350000500679016
YMR168C,YJL034W,0,-5.50002,0.16845425963401794,0.5339999794960022,0.2635999917984009
YMR032W,YDL170W,0,-5.5001426,0.16840113699436188,0.5339999794960022,0.263700008392334
YNL267W,YPR121W,0,-5.500359,0.1683480441570282,0.5339999794960022,0.2637999951839447
YIR033W,YMR013C,0,-5.500359,0.1682949960231781,0.5339999794960022,0.2639000117778778
YPR009W,YIL077C,0,-5.500516,0.1682419627904892,0.5339999794960022,0.2639999985694885
YJL092W,YLR409C,0,-5.500569,0.16818897426128387,0.5339999794960022,0.26409998536109924
YAL020C,YML014W,1,-5.500819,0.16845087707042694,0.5350000262260437,0.26409998536109924
YER070W,YBR253W,0,-5.5010476,0.16839785873889923,0.5350000262260437,0.26420000195503235
YJR084W,YDR192C,0,-5.5011144,0.1683448702096939,0.5350000262260437,0.26429998874664307
YMR290C,YML046W,0,-5.5012403,0.16829191148281097,0.5350000262260437,0.26440000534057617
YDL174C,YHR083W,0,-5.5012975,0.16823899745941162,0.5350000262260437,0.2644999921321869
YLR175W,YLR197W,1,-5.501427,0.16850046813488007,0.5360000133514404,0.2644999921321869
YJL085W,YPL128C,0,-5.5016556,0.16844752430915833,0.5360000133514404,0.26460000872612
YOR048C,YMR175W,0,-5.5019846,0.16839459538459778,0.5360000133514404,0.2646999955177307
YBR289W,YIL138C,0,-5.502076,0.1683417111635208,0.5360000133514404,0.2648000121116638
YDR328C,YBR058C-A,0,-5.5022283,0.16828885674476624,0.5360000133514404,0.26489999890327454
YPL266W,YGL063W,1,-5.5027947,0.16854991018772125,0.5370000004768372,0.26489999890327454
YDR265W,YFR040W,0,-5.5028787,0.1684970259666443,0.5370000004768372,0.26499998569488525
YDR448W,YGL003C,0,-5.502971,0.1684441715478897,0.5370000004768372,0.26510000228881836
YOR362C,YLR426W,0,-5.503258,0.16839134693145752,0.5370000004768372,0.2651999890804291
YGR227W,YDR240C,0,-5.503262,0.16833855211734772,0.5370000004768372,0.2653000056743622
YCR020C,YIL105C,0,-5.503383,0.1682858020067215,0.5370000004768372,0.2653999924659729
YGR284C,YNL311C,0,-5.503426,0.16823308169841766,0.5370000004768372,0.265500009059906
YOL016C,YER105C,0,-5.5035224,0.16818039119243622,0.5370000004768372,0.2655999958515167
YML132W,YGL255W,0,-5.5035915,0.16812774538993835,0.5370000004768372,0.26570001244544983
YBR256C,YDR469W,0,-5.5036464,0.16807511448860168,0.5370000004768372,0.26579999923706055
YOL021C,YBL063W,0,-5.503863,0.1680225282907486,0.5370000004768372,0.26589998602867126
YLR382C,YOR261C,0,-5.5041785,0.1679699718952179,0.5370000004768372,0.26600000262260437
YDR224C,YER044C-A,0,-5.5042467,0.16791744530200958,0.5370000004768372,0.2660999894142151
YDL074C,YDR081C,0,-5.5045724,0.16786496341228485,0.5370000004768372,0.2662000060081482
YJL201W,YHL007C,0,-5.504696,0.1678124964237213,0.5370000004768372,0.2662999927997589
YML016C,YMR117C,0,-5.504862,0.16776007413864136,0.5370000004768372,0.266400009393692
YOR241W,YBL018C,0,-5.5049844,0.1677076816558838,0.5370000004768372,0.26649999618530273
YJR112W,YBR254C,0,-5.5052147,0.1676553189754486,0.5370000004768372,0.26660001277923584
YOL016C,YJL056C,0,-5.505454,0.167603000998497,0.5370000004768372,0.26669999957084656
YMR078C,YOL020W,0,-5.5054574,0.1675506979227066,0.5370000004768372,0.2667999863624573
YOR026W,YDL006W,0,-5.5054913,0.16749843955039978,0.5370000004768372,0.2669000029563904
YPL266W,YOL125W,1,-5.5054927,0.1677580326795578,0.5379999876022339,0.2669000029563904
YDL166C,YGR185C,0,-5.5056767,0.1677057296037674,0.5379999876022339,0.2669999897480011
YOL069W,YNL229C,0,-5.5057793,0.16765347123146057,0.5379999876022339,0.2671000063419342
YJR147W,YGL022W,0,-5.505989,0.16760124266147614,0.5379999876022339,0.2671999931335449
YHR118C,YDR259C,0,-5.5060506,0.1675490438938141,0.5379999876022339,0.267300009727478
YMR229C,YML109W,0,-5.5064054,0.16749688982963562,0.5379999876022339,0.26739999651908875
YCR093W,YPL049C,0,-5.5064387,0.16744475066661835,0.5379999876022339,0.26750001311302185
YDL055C,YGR054W,0,-5.5066395,0.16739265620708466,0.5379999876022339,0.26759999990463257
YPR020W,YJL167W,0,-5.506773,0.16734059154987335,0.5379999876022339,0.2676999866962433
YJL167W,YMR051C,0,-5.50704,0.16728855669498444,0.5379999876022339,0.2678000032901764
YDR507C,YBR073W,0,-5.507215,0.1672365516424179,0.5379999876022339,0.2678999900817871
YOR030W,YLR107W,0,-5.5075583,0.16718459129333496,0.5379999876022339,0.2680000066757202
YER127W,YDL033C,1,-5.5079813,0.16744330525398254,0.5389999747276306,0.2680000066757202
YDL208W,YGR024C,1,-5.508008,0.1677018702030182,0.5400000214576721,0.2680000066757202
YBL034C,YPR009W,0,-5.5084405,0.16764980554580688,0.5400000214576721,0.26809999346733093
YPL132W,YNL311C,0,-5.508467,0.16759777069091797,0.5400000214576721,0.26820001006126404
YDR329C,YLR369W,0,-5.5085845,0.16754576563835144,0.5400000214576721,0.26829999685287476
YFL023W,YGL249W,0,-5.508626,0.1674937903881073,0.5400000214576721,0.26840001344680786
YKR036C,YKR020W,0,-5.508631,0.16744185984134674,0.5400000214576721,0.2685000002384186
YDR329C,YGR276C,0,-5.5086575,0.16738995909690857,0.5400000214576721,0.2685999870300293
YNL307C,YBL007C,0,-5.5087223,0.16733808815479279,0.5400000214576721,0.2687000036239624
YGR112W,YML001W,0,-5.5088167,0.1672862470149994,0.5400000214576721,0.2687999904155731
YDR432W,YHR034C,0,-5.5089965,0.16723443567752838,0.5400000214576721,0.2689000070095062
YPL101W,YOL125W,1,-5.5091014,0.16749225556850433,0.5410000085830688,0.2689000070095062
YLR103C,YKL125W,0,-5.509108,0.16744041442871094,0.5410000085830688,0.26899999380111694
YLR274W,YNL244C,0,-5.5092382,0.16738861799240112,0.5410000085830688,0.26910001039505005
YML049C,YNL310C,0,-5.5093627,0.1673368364572525,0.5410000085830688,0.26919999718666077
YBR057C,YPL130W,0,-5.5094047,0.16728509962558746,0.5410000085830688,0.26930001378059387
YNL307C,YJR160C,0,-5.5094137,0.16723337769508362,0.5410000085830688,0.2694000005722046
YDR487C,YNL333W,0,-5.5095844,0.16718170046806335,0.5410000085830688,0.2694999873638153
YER040W,YDL247W,0,-5.5097337,0.16713005304336548,0.5410000085830688,0.2696000039577484
YGL051W,YMR165C,0,-5.5097785,0.16707845032215118,0.5410000085830688,0.26969999074935913
YGL241W,YER024W,0,-5.509873,0.16702686250209808,0.5410000085830688,0.26980000734329224
YLR264W,YLR442C,0,-5.5098786,0.16697530448436737,0.5410000085830688,0.26989999413490295
YLR405W,YML005W,1,-5.5101194,0.16723233461380005,0.5419999957084656,0.26989999413490295
YLR381W,YGL127C,0,-5.510281,0.16718074679374695,0.5419999957084656,0.27000001072883606
YHR034C,YNL262W,0,-5.510595,0.16712920367717743,0.5419999957084656,0.2700999975204468
YMR052W,YLR022C,0,-5.5106416,0.1670776754617691,0.5419999957084656,0.2702000141143799
YGR060W,YER044C,0,-5.510774,0.16702619194984436,0.5419999957084656,0.2703000009059906
YIL142W,YMR235C,0,-5.511038,0.166974738240242,0.5419999957084656,0.2703999876976013
YGR169C,YML005W,1,-5.5112386,0.16723129153251648,0.5429999828338623,0.2703999876976013
YJL203W,YDR126W,0,-5.5117097,0.16717980802059174,0.5429999828338623,0.2705000042915344
YDR231C,YOL117W,0,-5.511767,0.16712835431098938,0.5429999828338623,0.27059999108314514
YNL328C,YCR092C,0,-5.5117974,0.1670769304037094,0.5429999828338623,0.27070000767707825
YLR380W,YBL013W,0,-5.5118337,0.16702553629875183,0.5429999828338623,0.27079999446868896
YGR085C,YGL255W,0,-5.511868,0.16697417199611664,0.5429999828338623,0.27090001106262207
YOR243C,YLR197W,1,-5.5120196,0.1672302484512329,0.5440000295639038,0.27090001106262207
YJR160C,YLR277C,0,-5.5121064,0.16717885434627533,0.5440000295639038,0.2709999978542328
YPL046C,YPL188W,0,-5.512241,0.16712749004364014,0.5440000295639038,0.2711000144481659
YER174C,YOR294W,0,-5.512276,0.16707617044448853,0.5440000295639038,0.2712000012397766
YCR052W,YKL042W,0,-5.5125947,0.1670248657464981,0.5440000295639038,0.27129998803138733
YGL126W,YPL057C,0,-5.512857,0.16697360575199127,0.5440000295639038,0.27140000462532043
YKL191W,YDL138W,0,-5.51291,0.16692237555980682,0.5440000295639038,0.27149999141693115
YLR310C,YDL207W,0,-5.5132856,0.16687116026878357,0.5440000295639038,0.27160000801086426
YPL175W,YLR003C,0,-5.513314,0.1668199896812439,0.5440000295639038,0.271699994802475
YGR165W,YKR052C,0,-5.5134377,0.1667688488960266,0.5440000295639038,0.2718000113964081
YPL212C,YJL035C,1,-5.5138917,0.16702421009540558,0.5450000166893005,0.2718000113964081
YGR047C,YNL046W,0,-5.513906,0.1669730395078659,0.5450000166893005,0.2718999981880188
YLR442C,YIL126W,0,-5.5139337,0.16692189872264862,0.5450000166893005,0.2720000147819519
YNL270C,YGL033W,0,-5.5140815,0.16687078773975372,0.5450000166893005,0.2721000015735626
YKL110C,YDR165W,1,-5.514115,0.16712580621242523,0.5460000038146973,0.2721000015735626
YIL023C,YPL033C,0,-5.514169,0.16707466542720795,0.5460000038146973,0.27219998836517334
YDL223C,YDR228C,0,-5.514318,0.16702355444431305,0.5460000038146973,0.27230000495910645
YKL110C,YNR046W,1,-5.5144434,0.16727828979492188,0.546999990940094,0.27230000495910645
YGL049C,YDR484W,0,-5.5144496,0.1672271490097046,0.546999990940094,0.27239999175071716
YNL297C,YKR050W,0,-5.5146255,0.1671760380268097,0.546999990940094,0.27250000834465027
YGR274C,YLR466W,0,-5.5146756,0.16712495684623718,0.546999990940094,0.272599995136261
YDR244W,YBL057C,0,-5.5147014,0.16707392036914825,0.546999990940094,0.2727000117301941
YPR021C,YGL075C,0,-5.5147114,0.16702289879322052,0.546999990940094,0.2727999985218048
YKL165C,YDL042C,0,-5.514917,0.16697192192077637,0.546999990940094,0.2728999853134155
YDL029W,YDR265W,0,-5.514959,0.1669209599494934,0.546999990940094,0.27300000190734863
YDR085C,YGR028W,0,-5.5152726,0.16687004268169403,0.546999990940094,0.27309998869895935
YDR329C,YGR132C,0,-5.51529,0.16681915521621704,0.546999990940094,0.27320000529289246
YLR117C,YOR297C,0,-5.515311,0.16676829755306244,0.546999990940094,0.2732999920845032
YFL023W,YKL079W,0,-5.515336,0.16671746969223022,0.546999990940094,0.2734000086784363
YLR226W,YJL030W,0,-5.5160403,0.1666666716337204,0.546999990940094,0.273499995470047
YKL011C,YHR158C,0,-5.5162015,0.16661590337753296,0.546999990940094,0.2736000120639801
YDL036C,YMR283C,1,-5.516541,0.16686967015266418,0.5479999780654907,0.2736000120639801
YKL110C,YGR169C,1,-5.5168552,0.16712328791618347,0.5490000247955322,0.2736000120639801
YNL111C,YPL164C,0,-5.5170503,0.16707243025302887,0.5490000247955322,0.2736999988555908
YDR046C,YBR091C,0,-5.517378,0.16702160239219666,0.5490000247955322,0.27379998564720154
YOR201C,YDL208W,1,-5.5174785,0.16727493703365326,0.550000011920929,0.27379998564720154
YJR160C,YHR167W,0,-5.517788,0.16722407937049866,0.550000011920929,0.27390000224113464
YHR187W,YOL125W,1,-5.517875,0.16747720539569855,0.5509999990463257,0.27390000224113464
YBR164C,YDR386W,0,-5.5178905,0.16742631793022156,0.5509999990463257,0.27399998903274536
YLR405W,YOL125W,1,-5.5179095,0.16767922043800354,0.5519999861717224,0.27399998903274536
YNL307C,YER161C,0,-5.518006,0.16762830317020416,0.5519999861717224,0.27410000562667847
YER179W,YDR518W,0,-5.5180635,0.16757741570472717,0.5519999861717224,0.2741999924182892
YIR033W,YNL151C,0,-5.518192,0.16752655804157257,0.5519999861717224,0.2743000090122223
YJL183W,YJL186W,0,-5.518396,0.16747573018074036,0.5519999861717224,0.274399995803833
YMR219W,YGR070W,0,-5.518561,0.16742493212223053,0.5519999861717224,0.2745000123977661
YJR086W,YLR182W,0,-5.518661,0.1673741638660431,0.5519999861717224,0.27459999918937683
YPR042C,YBR058C,0,-5.518893,0.16732342541217804,0.5519999861717224,0.27469998598098755
YDL005C,YIR015W,0,-5.518898,0.16727273166179657,0.5519999861717224,0.27480000257492065
YHR123W,YBR030W,0,-5.5189176,0.1672220528125763,0.5519999861717224,0.27489998936653137
YIL034C,YHR023W,0,-5.518969,0.1671714186668396,0.5519999861717224,0.2750000059604645
YMR117C,YIL022W,0,-5.5191207,0.1671207994222641,0.5519999861717224,0.2750999927520752
YEL003W,YOR168W,0,-5.519229,0.16707022488117218,0.5519999861717224,0.2752000093460083
YLR131C,YER003C,0,-5.519234,0.16701966524124146,0.5519999861717224,0.275299996137619
YOL147C,YNL334C,0,-5.519292,0.1669691503047943,0.5519999861717224,0.2754000127315521
YMR058W,YNL102W,0,-5.5194383,0.16691865026950836,0.5519999861717224,0.27549999952316284
YDR432W,YPL083C,0,-5.5196986,0.166868194937706,0.5519999861717224,0.27559998631477356
YER015W,YDR456W,0,-5.519998,0.166817769408226,0.5519999861717224,0.27570000290870667
YLR405W,YMR283C,1,-5.5200763,0.1670694798231125,0.5529999732971191,0.27570000290870667
YMR198W,YBR135W,0,-5.520413,0.16701902449131012,0.5529999732971191,0.2757999897003174
YBR135W,YNL318C,0,-5.5204644,0.16696859896183014,0.5529999732971191,0.2759000062942505
YCR005C,YPL164C,0,-5.520469,0.16691820323467255,0.5529999732971191,0.2759999930858612
YLR100W,YKL070W,0,-5.5206304,0.16686783730983734,0.5529999732971191,0.2761000096797943
YDR439W,YHL012W,0,-5.520659,0.16681750118732452,0.5529999732971191,0.27619999647140503
YDL175C,YMR284W,0,-5.5209923,0.1667671948671341,0.5529999732971191,0.27630001306533813
YMR283C,YDL201W,1,-5.5210586,0.16701838374137878,0.5540000200271606,0.27630001306533813
YCR093W,YCL069W,0,-5.5210996,0.16696804761886597,0.5540000200271606,0.27639999985694885
YIL159W,YKR090W,0,-5.521187,0.16691774129867554,0.5540000200271606,0.27649998664855957
YDL247W,YDR356W,0,-5.521197,0.1668674647808075,0.5540000200271606,0.2766000032424927
YKL146W,YNL327W,0,-5.521422,0.16681721806526184,0.5540000200271606,0.2766999900341034
YDR118W,YPL049C,0,-5.5215473,0.16676700115203857,0.5540000200271606,0.2768000066280365
YOR335C,YHL040C,0,-5.521676,0.1667168289422989,0.5540000200271606,0.2768999934196472
YDR479C,YOR259C,0,-5.522075,0.1666666716337204,0.5540000200271606,0.2770000100135803
YJL065C,YLR452C,0,-5.5220895,0.1666165441274643,0.5540000200271606,0.27709999680519104
YEL065W,YMR322C,0,-5.522509,0.16656644642353058,0.5540000200271606,0.27720001339912415
YCR057C,YAL047C,0,-5.522571,0.16651637852191925,0.5540000200271606,0.27730000019073486
YLR131C,YFL018C,0,-5.522581,0.1664663404226303,0.5540000200271606,0.2773999869823456
YDL112W,YML014W,1,-5.522595,0.16671672463417053,0.5550000071525574,0.2773999869823456
YDL148C,YNR013C,0,-5.5226407,0.1666666716337204,0.5550000071525574,0.2775000035762787
YLR254C,YDR213W,0,-5.5227847,0.16661663353443146,0.5550000071525574,0.2775999903678894
YBR145W,YIR005W,0,-5.5227876,0.1665666252374649,0.5550000071525574,0.2777000069618225
YNL227C,YMR164C,0,-5.5228925,0.16651664674282074,0.5550000071525574,0.2777999937534332
YMR029C,YJL053W,0,-5.5229907,0.16646671295166016,0.5550000071525574,0.27790001034736633
YOR298W,YOR315W,0,-5.5230265,0.16641679406166077,0.5550000071525574,0.27799999713897705
YJL076W,YBL061C,0,-5.523067,0.16636690497398376,0.5550000071525574,0.27810001373291016
YDL090C,YJL087C,0,-5.5230875,0.16631704568862915,0.5550000071525574,0.2782000005245209
YLR148W,YNL121C,0,-5.523205,0.16626723110675812,0.5550000071525574,0.2782999873161316
YDR130C,YGL053W,0,-5.523215,0.16621743142604828,0.5550000071525574,0.2784000039100647
YGR036C,YML029W,0,-5.5232267,0.16616766154766083,0.5550000071525574,0.2784999907016754
YIL124W,YOL069W,0,-5.5235286,0.16611792147159576,0.5550000071525574,0.2786000072956085
YER020W,YLR055C,0,-5.5236926,0.16606822609901428,0.5550000071525574,0.27869999408721924
YOL077C,YJR043C,0,-5.523928,0.166018545627594,0.5550000071525574,0.27880001068115234
YLR390W-A,YNR013C,0,-5.524225,0.1659688949584961,0.5550000071525574,0.27889999747276306
YDR004W,YPR132W,0,-5.524257,0.16591928899288177,0.5550000071525574,0.27900001406669617
YLR035C,YOR047C,0,-5.5243397,0.16586969792842865,0.5550000071525574,0.2791000008583069
YFL021W,YPL124W,0,-5.524587,0.1658201366662979,0.5550000071525574,0.2791999876499176
YGL245W,YLR467W,0,-5.5245996,0.16577060520648956,0.5550000071525574,0.2793000042438507
YHR079C,YIL109C,0,-5.5248213,0.1657211035490036,0.5550000071525574,0.2793999910354614
YJR132W,YLR020C,0,-5.524845,0.16567164659500122,0.5550000071525574,0.27950000762939453
YBR085W,YHR114W,0,-5.5249104,0.16562220454216003,0.5550000071525574,0.27959999442100525
YDR439W,YCR066W,0,-5.524959,0.16557279229164124,0.5550000071525574,0.27970001101493835
YPR046W,YOR069W,0,-5.52502,0.16552340984344482,0.5550000071525574,0.2797999978065491
YLR011W,YLL013C,0,-5.5253477,0.1654740571975708,0.5550000071525574,0.2799000144004822
YGR036C,YDR091C,0,-5.5253935,0.16542473435401917,0.5550000071525574,0.2800000011920929
YBR297W,YHR034C,0,-5.5257545,0.16537544131278992,0.5550000071525574,0.2800999879837036
YDR323C,YNL197C,0,-5.525847,0.16532617807388306,0.5550000071525574,0.2802000045776367
YFR014C,YNL051W,0,-5.5260196,0.16527694463729858,0.5550000071525574,0.28029999136924744
YLR051C,YPR173C,0,-5.526047,0.1652277410030365,0.5550000071525574,0.28040000796318054
YNR067C,YMR061W,0,-5.526237,0.1651785671710968,0.5550000071525574,0.28049999475479126
YER089C,YMR133W,0,-5.5265946,0.1651294231414795,0.5550000071525574,0.28060001134872437
YKL040C,YLR166C,0,-5.526604,0.16508030891418457,0.5550000071525574,0.2806999981403351
YMR246W,YLR254C,0,-5.527064,0.16503122448921204,0.5550000071525574,0.2808000147342682
YIL014W,YOR127W,0,-5.5271096,0.1649821698665619,0.5550000071525574,0.2809000015258789
YGR157W,YDR318W,0,-5.527126,0.16493313014507294,0.5550000071525574,0.2809999883174896
YMR250W,YNL098C,0,-5.527488,0.16488413512706757,0.5550000071525574,0.28110000491142273
YBR006W,YKL175W,0,-5.527655,0.16483516991138458,0.5550000071525574,0.28119999170303345
YGR169C,YOL125W,1,-5.527793,0.1650831401348114,0.5559999942779541,0.28119999170303345
YDR320C-A,YBR193C,0,-5.5278373,0.16503413021564484,0.5559999942779541,0.28130000829696655
YOL165C,YHR190W,0,-5.5279875,0.16498516499996185,0.5559999942779541,0.28139999508857727
YMR220W,YDR461W,0,-5.5279927,0.16493621468544006,0.5559999942779541,0.2815000116825104
YLR144C,YCL017C,0,-5.5281134,0.16488730907440186,0.5559999942779541,0.2815999984741211
YAL020C,YHR187W,1,-5.5283027,0.16513489186763763,0.5569999814033508,0.2815999984741211
YDR363W-A,YLR086W,0,-5.5284457,0.16508595645427704,0.5569999814033508,0.2816999852657318
YPR128C,YBR267W,0,-5.528457,0.16503703594207764,0.5569999814033508,0.2818000018596649
YDR478W,YGL127C,0,-5.5284667,0.16498814523220062,0.5569999814033508,0.28189998865127563
YMR163C,YDR489W,0,-5.5284944,0.1649392992258072,0.5569999814033508,0.28200000524520874
YNR059W,YIL075C,0,-5.5285373,0.16489046812057495,0.5569999814033508,0.28209999203681946
YKL122C,YBR284W,0,-5.5289025,0.1648416668176651,0.5569999814033508,0.28220000863075256
YOR226C,YMR296C,0,-5.529225,0.16479289531707764,0.5569999814033508,0.2822999954223633
YPL101W,YNR015W,1,-5.5296836,0.16503992676734924,0.5580000281333923,0.2822999954223633
YGR088W,YPL213W,0,-5.5298076,0.1649911254644394,0.5580000281333923,0.2824000120162964
YMR150C,YPL124W,0,-5.5299487,0.16494235396385193,0.5580000281333923,0.2824999988079071
YBR233W-A,YAL005C,0,-5.530086,0.16489361226558685,0.5580000281333923,0.2825999855995178
YLR160C,YGL135W,0,-5.5301046,0.16484490036964417,0.5580000281333923,0.2827000021934509
YML074C,YOR068C,0,-5.530127,0.16479621827602386,0.5580000281333923,0.28279998898506165
YDR043C,YBL058W,0,-5.5301313,0.16474756598472595,0.5580000281333923,0.28290000557899475
YHR061C,YLR023C,0,-5.530147,0.16469894349575043,0.5580000281333923,0.28299999237060547
YDR189W,YCL020W,0,-5.5303545,0.1646503359079361,0.5580000281333923,0.2831000089645386
YFR013W,YDR432W,0,-5.5304585,0.16460177302360535,0.5580000281333923,0.2831999957561493
YDL045C,YBR041W,0,-5.5305667,0.1645532250404358,0.5580000281333923,0.2833000123500824
YDR377W,YEL060C,0,-5.5305967,0.16450472176074982,0.5580000281333923,0.2833999991416931
YNL139C,YCR009C,0,-5.5307126,0.16445623338222504,0.5580000281333923,0.28349998593330383
YFL021W,YAL002W,0,-5.5307913,0.16440777480602264,0.5580000281333923,0.28360000252723694
YJL125C,YHR187W,1,-5.53091,0.16465389728546143,0.5590000152587891,0.28360000252723694
YLR088W,YAL017W,0,-5.5309567,0.16460542380809784,0.5590000152587891,0.28369998931884766
YBR170C,YDL043C,0,-5.5311465,0.16455696523189545,0.5590000152587891,0.28380000591278076
YDR123C,YGR044C,0,-5.531244,0.16450853645801544,0.5590000152587891,0.2838999927043915
YDR243C,YDR058C,0,-5.531263,0.16446013748645782,0.5590000152587891,0.2840000092983246
YNL164C,YDR478W,0,-5.5316505,0.1644117683172226,0.5590000152587891,0.2840999960899353
YOR326W,YNL283C,0,-5.5316515,0.16436342895030975,0.5590000152587891,0.2842000126838684
YGL216W,YLL021W,0,-5.5317073,0.1643151044845581,0.5590000152587891,0.2842999994754791
YLR259C,YHL012W,0,-5.5317144,0.16426682472229004,0.5590000152587891,0.28439998626708984
YOL151W,YGR044C,0,-5.531767,0.16421855986118317,0.5590000152587891,0.28450000286102295
YER040W,YHR067W,0,-5.5319915,0.16417033970355988,0.5590000152587891,0.28459998965263367
YKR079C,YPR173C,0,-5.5321403,0.16412213444709778,0.5590000152587891,0.2847000062465668
YLR229C,YIL123W,0,-5.532245,0.16407395899295807,0.5590000152587891,0.2847999930381775
YHL034C,YCL010C,0,-5.5323024,0.16402582824230194,0.5590000152587891,0.2849000096321106
YPL086C,YML005W,1,-5.532392,0.1642710417509079,0.5600000023841858,0.2849000096321106
YDR268W,YGL028C,0,-5.532426,0.16422288119792938,0.5600000023841858,0.2849999964237213
YBL042C,YCR020C,0,-5.5325217,0.16417473554611206,0.5600000023841858,0.2851000130176544
YGR218W,YBR017C,0,-5.532522,0.16412660479545593,0.5600000023841858,0.28519999980926514
YER110C,YBR043C,0,-5.532596,0.1640785187482834,0.5600000023841858,0.28529998660087585
YLR385C,YPL258C,0,-5.53274,0.16403046250343323,0.5600000023841858,0.28540000319480896
YCR052W,YGR094W,0,-5.532846,0.16398243606090546,0.5600000023841858,0.2854999899864197
YNL222W,YKL018W,0,-5.5331883,0.16393442451953888,0.5600000023841858,0.2856000065803528
YLR274W,YLR081W,0,-5.5332966,0.1638864427804947,0.5600000023841858,0.2856999933719635
YHR079C-A,YIL144W,0,-5.533336,0.16383850574493408,0.5600000023841858,0.2858000099658966
YNL227C,YLR003C,0,-5.533468,0.16379058361053467,0.5600000023841858,0.2858999967575073
YMR224C,YIL031W,0,-5.5335994,0.16374269127845764,0.5600000023841858,0.28600001335144043
YPL125W,YEL041W,0,-5.533632,0.163694828748703,0.5600000023841858,0.28610000014305115
YOR127W,YNL206C,0,-5.533669,0.16364699602127075,0.5600000023841858,0.28619998693466187
YLR195C,YDR310C,0,-5.533693,0.1635991781949997,0.5600000023841858,0.28630000352859497
YMR052W,YKL001C,0,-5.533813,0.16355140507221222,0.5600000023841858,0.2863999903202057
YOR221C,YBL064C,0,-5.533914,0.16350364685058594,0.5600000023841858,0.2865000069141388
YDL223C,YLR107W,0,-5.5339675,0.16345591843128204,0.5600000023841858,0.2865999937057495
YCL027W,YOR162C,0,-5.533982,0.16340823471546173,0.5600000023841858,0.2867000102996826
YGL133W,YLL021W,0,-5.534212,0.1633605659008026,0.5600000023841858,0.28679999709129333
YKL185W,YDL045C,0,-5.5342135,0.1633129119873047,0.5600000023841858,0.28690001368522644
YNR074C,YLR020C,0,-5.5344787,0.16326530277729034,0.5600000023841858,0.28700000047683716
YCR040W,YLR240W,0,-5.5345793,0.1632177233695984,0.5600000023841858,0.2870999872684479
YDR294C,YMR156C,0,-5.5354095,0.16317015886306763,0.5600000023841858,0.287200003862381
YBL098W,YGR091W,0,-5.5354667,0.16312263906002045,0.5600000023841858,0.2872999906539917
YPL086C,YNR046W,1,-5.5355277,0.16336633265018463,0.5609999895095825,0.2872999906539917
YBL071W-A,YML005W,1,-5.53554,0.16360989212989807,0.5619999766349792,0.2872999906539917
YHR120W,YDR113C,0,-5.535609,0.16356228291988373,0.5619999766349792,0.2874000072479248
YDL207W,YER049W,0,-5.5356135,0.16351468861103058,0.5619999766349792,0.2874999940395355
YDR356W,YML029W,0,-5.5356197,0.163467139005661,0.5619999766349792,0.28760001063346863
YOL093W,YDL112W,1,-5.5356307,0.16371038556098938,0.5630000233650208,0.28760001063346863
YNL075W,YGR169C,1,-5.5356345,0.1639534831047058,0.5640000104904175,0.28760001063346863
YDL201W,YML014W,1,-5.535684,0.1641964614391327,0.5649999976158142,0.28760001063346863
YHR072W-A,YGL232W,1,-5.5357533,0.16443927586078644,0.5659999847412109,0.28760001063346863
YOR349W,YML059C,0,-5.535994,0.16439151763916016,0.5659999847412109,0.28769999742507935
YLR068W,YOR106W,0,-5.5362077,0.16434378921985626,0.5659999847412109,0.28780001401901245
YJL170C,YHR094C,0,-5.5362115,0.16429607570171356,0.5659999847412109,0.28790000081062317
YKL110C,YDL208W,1,-5.5362954,0.16453859210014343,0.5669999718666077,0.28790000081062317
YGL105W,YIR005W,0,-5.5364485,0.16449086368083954,0.5669999718666077,0.2879999876022339
YDL003W,YGL106W,0,-5.5364604,0.16444315016269684,0.5669999718666077,0.288100004196167
YIL084C,YKR072C,0,-5.5367885,0.16439548134803772,0.5669999718666077,0.2881999909877777
YDR457W,YNL121C,0,-5.536794,0.1643478274345398,0.5669999718666077,0.2883000075817108
YNL053W,YKL019W,0,-5.536806,0.16430020332336426,0.5669999718666077,0.28839999437332153
YBL024W,YOR243C,1,-5.5369973,0.1645422875881195,0.5680000185966492,0.28839999437332153
YBL082C,YIL072W,0,-5.537022,0.16449464857578278,0.5680000185966492,0.28850001096725464
YMR061W,YDL064W,0,-5.537128,0.16444702446460724,0.5680000185966492,0.28859999775886536
YLR153C,YCL038C,0,-5.5371475,0.1643994152545929,0.5680000185966492,0.28870001435279846
YBR098W,YJR046W,0,-5.5372634,0.16435185074806213,0.5680000185966492,0.2888000011444092
YER030W,YDL005C,0,-5.5374203,0.16430431604385376,0.5680000185966492,0.2888999879360199
YCL038C,YDR320C,0,-5.5374923,0.16425679624080658,0.5680000185966492,0.289000004529953
YCR093W,YMR182C,0,-5.5375605,0.1642093062400818,0.5680000185966492,0.2890999913215637
YEL030W,YDR334W,0,-5.537569,0.16416184604167938,0.5680000185966492,0.2892000079154968
YPL266W,YHR072W-A,1,-5.53765,0.16440334916114807,0.5690000057220459,0.2892000079154968
YOR310C,YGR024C,1,-5.5376844,0.16464471817016602,0.5699999928474426,0.2892000079154968
YHR170W,YOR313C,0,-5.53772,0.16459716856479645,0.5699999928474426,0.28929999470710754
YIL085C,YMR164C,0,-5.5378613,0.16454964876174927,0.5699999928474426,0.28940001130104065
YNL027W,YNR067C,0,-5.53789,0.16450215876102448,0.5699999928474426,0.28949999809265137
YNL075W,YMR283C,1,-5.5381384,0.16474321484565735,0.5709999799728394,0.28949999809265137
YFL016C,YDR494W,0,-5.5382447,0.16469569504261017,0.5709999799728394,0.2896000146865845
YLR381W,YJL062W,0,-5.538363,0.16464820504188538,0.5709999799728394,0.2897000014781952
YHR088W,YPR086W,0,-5.5383797,0.16460074484348297,0.5709999799728394,0.2897999882698059
YBR057C,YLR372W,0,-5.538382,0.16455331444740295,0.5709999799728394,0.289900004863739
YPR164W,YML076C,0,-5.538546,0.16450589895248413,0.5709999799728394,0.28999999165534973
YDR211W,YNL046W,0,-5.5385575,0.1644585281610489,0.5709999799728394,0.29010000824928284
YJR084W,YLR286C,0,-5.538654,0.16441117227077484,0.5709999799728394,0.29019999504089355
YPL101W,YPL212C,1,-5.538732,0.16465169191360474,0.5720000267028809,0.29019999504089355
YOL034W,YDL120W,0,-5.538797,0.1646043211221695,0.5720000267028809,0.29030001163482666
YIR002C,YPL157W,0,-5.5388002,0.16455696523189545,0.5720000267028809,0.2903999984264374
YDR252W,YMR054W,0,-5.5389156,0.1645096391439438,0.5720000267028809,0.2904999852180481
YBL026W,YDR227W,0,-5.5389795,0.16446232795715332,0.5720000267028809,0.2906000018119812
YDR191W,YDL002C,0,-5.539272,0.16441506147384644,0.5720000267028809,0.2906999886035919
YER073W,YKL092C,0,-5.539394,0.16436780989170074,0.5720000267028809,0.290800005197525
YNL065W,YKL053C-A,0,-5.5395284,0.16432060301303864,0.5720000267028809,0.29089999198913574
YMR312W,YOR243C,1,-5.539552,0.16456060111522675,0.5730000138282776,0.29089999198913574
YML071C,YGL049C,0,-5.539677,0.16451334953308105,0.5730000138282776,0.29100000858306885
YFR029W,YBR289W,0,-5.5396914,0.16446612775325775,0.5730000138282776,0.29109999537467957
YGL247W,YNL147W,0,-5.5398016,0.16441893577575684,0.5730000138282776,0.29120001196861267
YAR033W,YGL207W,0,-5.5398674,0.1643717736005783,0.5730000138282776,0.2912999987602234
YHR079C,YGR161C,0,-5.5398927,0.16432464122772217,0.5730000138282776,0.2913999855518341
YHR120W,YIL126W,0,-5.5399947,0.16427752375602722,0.5730000138282776,0.2915000021457672
YDR516C,YBR015C,0,-5.5400558,0.16423043608665466,0.5730000138282776,0.29159998893737793
YNL278W,YCR012W,0,-5.5401006,0.1641833782196045,0.5730000138282776,0.29170000553131104
YBR186W,YMR060C,0,-5.5401874,0.1641363501548767,0.5730000138282776,0.29179999232292175
YOR031W,YGR143W,0,-5.5402293,0.1640893518924713,0.5730000138282776,0.29190000891685486
YOR191W,YOR308C,0,-5.540426,0.1640423685312271,0.5730000138282776,0.2919999957084656
YGL054C,YMR046C,0,-5.5404487,0.1639954149723053,0.5730000138282776,0.2921000123023987
YOR231W,YOL148C,0,-5.540516,0.16394849121570587,0.5730000138282776,0.2921999990940094
YPL086C,YBL071W-A,1,-5.540516,0.16418763995170593,0.5740000009536743,0.2921999990940094
YDR004W,YCR106W,0,-5.540645,0.16414068639278412,0.5740000009536743,0.2922999858856201
YLR158C,YPR017C,0,-5.5407624,0.1640937626361847,0.5740000009536743,0.2924000024795532
YKL204W,YDL138W,0,-5.54097,0.16404686868190765,0.5740000009536743,0.29249998927116394
YGL136C,YHR072W-A,1,-5.541058,0.16428571939468384,0.574999988079071,0.29249998927116394
YHR108W,YBR214W,0,-5.541062,0.1642387956380844,0.574999988079071,0.29260000586509705
YCR039C,YPL123C,0,-5.541174,0.16419188678264618,0.574999988079071,0.29269999265670776
YBR293W,YAR035W,0,-5.541188,0.16414502263069153,0.574999988079071,0.29280000925064087
YPL132W,YML011C,0,-5.5412397,0.16409817337989807,0.574999988079071,0.2928999960422516
YPL050C,YHR138C,0,-5.541393,0.164051353931427,0.574999988079071,0.2930000126361847
YNL278W,YDR231C,0,-5.5415435,0.16400456428527832,0.574999988079071,0.2930999994277954
YGL133W,YPL192C,0,-5.5415688,0.16395780444145203,0.574999988079071,0.29319998621940613
YGR229C,YLR385C,0,-5.541608,0.16391105949878693,0.574999988079071,0.29330000281333923
YNL192W,YDR435C,0,-5.541615,0.1638643443584442,0.574999988079071,0.29339998960494995
YOL077W-A,YKR029C,0,-5.541634,0.1638176590204239,0.574999988079071,0.29350000619888306
YBR155W,YBR105C,0,-5.5416784,0.16377100348472595,0.574999988079071,0.2935999929904938
YLR055C,YML052W,0,-5.5417237,0.1637243777513504,0.574999988079071,0.2937000095844269
YIL128W,YOR007C,0,-5.542025,0.16367776691913605,0.574999988079071,0.2937999963760376
YBR234C,YJL056C,0,-5.542126,0.16363118588924408,0.574999988079071,0.2939000129699707
YGR246C,YPL021W,0,-5.5422974,0.1635846346616745,0.574999988079071,0.2939999997615814
YHR108W,YOR099W,0,-5.542506,0.1635381132364273,0.574999988079071,0.29409998655319214
YLR014C,YJL139C,0,-5.5425134,0.1634916067123413,0.574999988079071,0.29420000314712524
YMR190C,YJL164C,0,-5.542552,0.1634451448917389,0.574999988079071,0.29429998993873596
YLR431C,YPR001W,0,-5.5430818,0.16339869797229767,0.574999988079071,0.29440000653266907
YJL026W,YJR102C,0,-5.5430875,0.16335226595401764,0.574999988079071,0.2944999933242798
YDR150W,YOR194C,0,-5.5431123,0.1633058786392212,0.574999988079071,0.2946000099182129
YGR217W,YPL133C,0,-5.543283,0.16325950622558594,0.574999988079071,0.2946999967098236
YOR094W,YNL084C,0,-5.543363,0.16321316361427307,0.574999988079071,0.2948000133037567
YJL041W,YHR111W,0,-5.5435796,0.1631668508052826,0.574999988079071,0.29490000009536743
YER174C,YPL092W,0,-5.543783,0.1631205677986145,0.574999988079071,0.29499998688697815
YDL017W,YBR257W,0,-5.5438657,0.1630742996931076,0.574999988079071,0.29510000348091125
YHR187W,YNR015W,1,-5.5439,0.16331160068511963,0.5759999752044678,0.29510000348091125
YAL020C,YLR405W,1,-5.5439343,0.16354875266551971,0.5770000219345093,0.29510000348091125
YLR405W,YDL208W,1,-5.544056,0.16378577053546906,0.578000009059906,0.29510000348091125
YPR176C,YMR173W,0,-5.5441756,0.1637393832206726,0.578000009059906,0.295199990272522
YLR260W,YDR280W,0,-5.54431,0.16369301080703735,0.578000009059906,0.2953000068664551
YER054C,YBL032W,0,-5.5444326,0.1636466532945633,0.578000009059906,0.2953999936580658
YGR024C,YBR061C,1,-5.544461,0.16388338804244995,0.5789999961853027,0.2953999936580658
YOL095C,YKR090W,0,-5.5445704,0.1638370156288147,0.5789999961853027,0.2955000102519989
YHR123W,YGR213C,0,-5.544752,0.16379065811634064,0.5789999961853027,0.2955999970436096
YMR250W,YHR163W,0,-5.5448055,0.16374434530735016,0.5789999961853027,0.2957000136375427
YOL068C,YBR170C,0,-5.5448136,0.16369804739952087,0.5789999961853027,0.29580000042915344
YGR059W,YJL143W,0,-5.544877,0.16365177929401398,0.5789999961853027,0.29589998722076416
YLR081W,YDR422C,0,-5.544889,0.16360554099082947,0.5789999961853027,0.29600000381469727
YNR067C,YOR347C,0,-5.5452037,0.16355931758880615,0.5789999961853027,0.296099990606308
YDR323C,YLR357W,0,-5.5452213,0.16351313889026642,0.5789999961853027,0.2962000072002411
YBR199W,YOR287C,0,-5.5452356,0.16346697509288788,0.5789999961853027,0.2962999939918518
YHL027W,YLR442C,0,-5.5452695,0.16342082619667053,0.5789999961853027,0.2964000105857849
YDL097C,YOL105C,0,-5.54551,0.16337472200393677,0.5789999961853027,0.29649999737739563
YNR075W,YIR011C,0,-5.5456357,0.1633286327123642,0.5789999961853027,0.29660001397132874
YHR072W-A,YLR165C,1,-5.545772,0.16356457769870758,0.5799999833106995,0.29660001397132874
YNL314W,YDR080W,0,-5.546101,0.16351847350597382,0.5799999833106995,0.29670000076293945
YML006C,YOR188W,0,-5.546233,0.16347238421440125,0.5799999833106995,0.29679998755455017
YDL223C,YLR023C,0,-5.5463405,0.16342630982398987,0.5799999833106995,0.2969000041484833
YGR101W,YGR183C,0,-5.546351,0.16338028013706207,0.5799999833106995,0.296999990940094
YGL240W,YEL002C,0,-5.5464087,0.16333426535129547,0.5799999833106995,0.2971000075340271
YHR187W,YDL033C,1,-5.546818,0.16356982290744781,0.5809999704360962,0.2971000075340271
YOR243C,YGL232W,1,-5.546828,0.16380523145198822,0.5820000171661377,0.2971000075340271
YDL208W,YML014W,1,-5.546901,0.16404052078723907,0.5830000042915344,0.2971000075340271
YER127W,YGL063W,1,-5.5469346,0.164275661110878,0.5839999914169312,0.2971000075340271
YGL063W,YGR024C,1,-5.5469737,0.16451068222522736,0.5849999785423279,0.2971000075340271
YOL164W,YDR532C,0,-5.547117,0.16446442902088165,0.5849999785423279,0.2971999943256378
YHR115C,YPL253C,0,-5.547346,0.16441820561885834,0.5849999785423279,0.2973000109195709
YDR323C,YLR268W,0,-5.5474143,0.1643720120191574,0.5849999785423279,0.29739999771118164
YFR046C,YML114C,0,-5.5475197,0.16432584822177887,0.5849999785423279,0.29750001430511475
YAL020C,YJL035C,1,-5.547531,0.16456051170825958,0.5860000252723694,0.29750001430511475
YKL060C,YOR237W,0,-5.547693,0.16451431810855865,0.5860000252723694,0.29760000109672546
YPL266W,YMR312W,1,-5.5477138,0.16474880278110504,0.5870000123977661,0.29760000109672546
YNL323W,YFR034C,0,-5.5481887,0.16470257937908173,0.5870000123977661,0.2976999878883362
YNR046W,YBR061C,1,-5.5481944,0.1649368852376938,0.5879999995231628,0.2976999878883362
YER026C,YPL241C,0,-5.5484767,0.16489063203334808,0.5879999995231628,0.2978000044822693
YDR085C,YJL056C,0,-5.548535,0.16484440863132477,0.5879999995231628,0.29789999127388
YGL171W,YOL020W,0,-5.5485845,0.16479820013046265,0.5879999995231628,0.2980000078678131
YGL073W,YHR005C-A,0,-5.5486894,0.1647520363330841,0.5879999995231628,0.29809999465942383
YPR131C,YPL122C,0,-5.5487833,0.16470588743686676,0.5879999995231628,0.29820001125335693
YBL016W,YNL333W,0,-5.5488477,0.1646597534418106,0.5879999995231628,0.29829999804496765
YJL203W,YDR115W,0,-5.5489135,0.16461366415023804,0.5879999995231628,0.29840001463890076
YLR131C,YER179W,0,-5.548989,0.16456758975982666,0.5879999995231628,0.2985000014305115
YMR014W,YDR260C,0,-5.5490313,0.16452154517173767,0.5879999995231628,0.2985999882221222
YGR010W,YHL012W,0,-5.549062,0.16447553038597107,0.5879999995231628,0.2987000048160553
YPL161C,YER157W,0,-5.5491776,0.16442953050136566,0.5879999995231628,0.298799991607666
YLR401C,YBL071W-A,1,-5.54921,0.16466312110424042,0.5889999866485596,0.298799991607666
YAL020C,YHR148W,1,-5.5492153,0.16489659249782562,0.5899999737739563,0.298799991607666
YPR016C,YDL015C,0,-5.5492625,0.16485051810741425,0.5899999737739563,0.2989000082015991
YDR436W,YML007W,0,-5.549438,0.16480447351932526,0.5899999737739563,0.29899999499320984
YDL208W,YMR283C,1,-5.549491,0.16503769159317017,0.5910000205039978,0.29899999499320984
YHR004C,YGR133W,0,-5.5497584,0.16499163210391998,0.5910000205039978,0.29910001158714294
YLR191W,YER070W,0,-5.5497966,0.1649455726146698,0.5910000205039978,0.29919999837875366
YNL145W,YHR077C,0,-5.5498137,0.1648995578289032,0.5910000205039978,0.2992999851703644
YOL069W,YDR092W,0,-5.549827,0.1648535579442978,0.5910000205039978,0.2994000017642975
YBR160W,YCR073C,0,-5.550216,0.16480758786201477,0.5910000205039978,0.2994999885559082
YMR055C,YKL186C,0,-5.550341,0.16476163268089294,0.5910000205039978,0.2996000051498413
YOR274W,YOL125W,1,-5.550611,0.16499441862106323,0.5920000076293945,0.2996000051498413
YDL069C,YMR044W,0,-5.5507483,0.1649484485387802,0.5920000076293945,0.299699991941452
YLR215C,YHR166C,0,-5.5507827,0.16490250825881958,0.5920000076293945,0.29980000853538513
YBR121C,YDR323C,0,-5.5507913,0.16485658288002014,0.5920000076293945,0.29989999532699585
YCR089W,YGR222W,0,-5.550918,0.1648106873035431,0.5920000076293945,0.30000001192092896
YJL099W,YDR235W,0,-5.550931,0.16476482152938843,0.5920000076293945,0.3000999987125397
YJR022W,YER002W,0,-5.550943,0.16471897065639496,0.5920000076293945,0.3001999855041504
YMR198W,YML114C,0,-5.5509887,0.16467316448688507,0.5920000076293945,0.3003000020980835
YPL192C,YJR046W,0,-5.5512404,0.16462735831737518,0.5920000076293945,0.3003999888896942
YHR072W-A,YDL201W,1,-5.551244,0.1648596078157425,0.5929999947547913,0.3003999888896942
YOR281C,YGR123C,0,-5.5513444,0.1648137867450714,0.5929999947547913,0.3005000054836273
YHR116W,YKR054C,0,-5.551388,0.16476799547672272,0.5929999947547913,0.30059999227523804
YDR263C,YDL043C,0,-5.551458,0.16472221910953522,0.5929999947547913,0.30070000886917114
YOR349W,YDR353W,0,-5.551602,0.1646764725446701,0.5929999947547913,0.30079999566078186
YPR187W,YOL031C,0,-5.551746,0.16463075578212738,0.5929999947547913,0.30090001225471497
YDL039C,YIL126W,0,-5.5517983,0.16458506882190704,0.5929999947547913,0.3009999990463257
YBR160W,YER161C,0,-5.551809,0.1645393967628479,0.5929999947547913,0.3010999858379364
YIL018W,YMR005W,0,-5.551988,0.16449375450611115,0.5929999947547913,0.3012000024318695
YLR254C,YCL032W,0,-5.552095,0.16444814205169678,0.5929999947547913,0.3012999892234802
YNL039W,YCL029C,0,-5.5521226,0.1644025444984436,0.5929999947547913,0.30140000581741333
YLR141W,YNL138W,0,-5.552216,0.164356991648674,0.5929999947547913,0.30149999260902405
YER159C,YLR320W,0,-5.5522194,0.16431143879890442,0.5929999947547913,0.30160000920295715
YMR025W,YMR273C,0,-5.552313,0.1642659306526184,0.5929999947547913,0.30169999599456787
YGL013C,YBR153W,0,-5.5525947,0.1642204374074936,0.5929999947547913,0.301800012588501
YGR097W,YLR270W,0,-5.5525956,0.16417497396469116,0.5929999947547913,0.3018999993801117
YDL020C,YDR320C,0,-5.552621,0.16412952542304993,0.5929999947547913,0.3019999861717224
YML046W,YDR103W,0,-5.5526876,0.16408412158489227,0.5929999947547913,0.3021000027656555
YNL251C,YML011C,0,-5.5527644,0.1640387326478958,0.5929999947547913,0.30219998955726624
YDL178W,YDR175C,0,-5.552812,0.16399335861206055,0.5929999947547913,0.30230000615119934
YPL021W,YJL190C,0,-5.5528193,0.16394802927970886,0.5929999947547913,0.30239999294281006
YPL133C,YEL065W,0,-5.5528927,0.16390271484851837,0.5929999947547913,0.30250000953674316
YGR036C,YJL099W,0,-5.5530963,0.16385741531848907,0.5929999947547913,0.3025999963283539
YJL117W,YMR117C,0,-5.553157,0.16381216049194336,0.5929999947547913,0.302700012922287
YDR093W,YOR212W,0,-5.5532093,0.16376692056655884,0.5929999947547913,0.3027999997138977
YGR267C,YDL059C,0,-5.553304,0.1637216955423355,0.5929999947547913,0.3028999865055084
YHR082C,YDL080C,0,-5.553329,0.16367651522159576,0.5929999947547913,0.30300000309944153
YKL079W,YNL064C,0,-5.553636,0.1636313498020172,0.5929999947547913,0.30309998989105225
YER146W,YML024W,0,-5.553745,0.16358621418476105,0.5929999947547913,0.30320000648498535
YPL209C,YJL036W,0,-5.5537457,0.16354109346866608,0.5929999947547913,0.30329999327659607
YDR085C,YPL180W,0,-5.5537505,0.1634960025548935,0.5929999947547913,0.3034000098705292
YCR047C,YMR133W,0,-5.553762,0.1634509414434433,0.5929999947547913,0.3034999966621399
YBL071W-A,YLR197W,1,-5.55378,0.16368144750595093,0.593999981880188,0.3034999966621399
YER164W,YOR048C,0,-5.5538106,0.16363635659217834,0.593999981880188,0.303600013256073
YDR436W,YIL068C,0,-5.5538692,0.16359129548072815,0.593999981880188,0.3037000000476837
YBL047C,YFL021W,0,-5.553926,0.16354624927043915,0.593999981880188,0.30379998683929443
YGL116W,YMR292W,0,-5.5540442,0.16350123286247253,0.593999981880188,0.30390000343322754
YAL035W,YLR301W,0,-5.5540524,0.1634562462568283,0.593999981880188,0.30399999022483826
YPR132W,YPL253C,0,-5.5540757,0.16341127455234528,0.593999981880188,0.30410000681877136
YMR023C,YDL112W,1,-5.554212,0.16364136338233948,0.5950000286102295,0.30410000681877136
YPL086C,YNR015W,1,-5.554285,0.16387131810188293,0.5960000157356262,0.30410000681877136
YKL011C,YAL030W,0,-5.5544534,0.16382627189159393,0.5960000157356262,0.3041999936103821
YMR139W,YLR092W,0,-5.5545897,0.16378125548362732,0.5960000157356262,0.3043000102043152
YBR192W,YNL304W,0,-5.5546227,0.1637362688779831,0.5960000157356262,0.3043999969959259
YAL020C,YNL062C,1,-5.555002,0.16396594047546387,0.597000002861023,0.3043999969959259
YGR037C,YJL095W,0,-5.555019,0.16392092406749725,0.597000002861023,0.304500013589859
YKL120W,YLR132C,0,-5.5550656,0.16387592256069183,0.597000002861023,0.3046000003814697
YNR056C,YHR088W,0,-5.5550904,0.1638309508562088,0.597000002861023,0.30469998717308044
YLR286C,YDR461W,0,-5.5551305,0.16378600895404816,0.597000002861023,0.30480000376701355
YPL212C,YLR197W,1,-5.5551467,0.16401535272598267,0.5979999899864197,0.30480000376701355
YCR098C,YOL060C,0,-5.5553737,0.16397038102149963,0.5979999899864197,0.30489999055862427
YMR312W,YNR015W,1,-5.5553813,0.164199560880661,0.5989999771118164,0.30489999055862427
YPL266W,YNR015W,1,-5.5556836,0.16442860662937164,0.6000000238418579,0.30489999055862427
YMR038C,YGR119C,0,-5.5557675,0.16438356041908264,0.6000000238418579,0.3050000071525574
YGR274C,YOR115C,0,-5.5557704,0.16433854401111603,0.6000000238418579,0.3050999939441681
YJR147W,YOR085W,0,-5.5558023,0.1642935425043106,0.6000000238418579,0.3052000105381012
YPL212C,YCL054W,1,-5.556028,0.16452230513095856,0.6010000109672546,0.3052000105381012
YLR233C,YMR113W,0,-5.556051,0.16447728872299194,0.6010000109672546,0.3052999973297119
YOR173W,YOR308C,0,-5.5561004,0.16443228721618652,0.6010000109672546,0.305400013923645
YJR132W,YNL046W,0,-5.556147,0.1643873155117035,0.6010000109672546,0.30550000071525574
YHL047C,YPR019W,0,-5.5561604,0.16434235870838165,0.6010000109672546,0.30559998750686646
YDR432W,YEL016C,0,-5.5563426,0.1642974317073822,0.6010000109672546,0.30570000410079956
YNR015W,YJL035C,1,-5.5564423,0.1645258218050003,0.6019999980926514,0.30570000410079956
YNL147W,YKL143W,0,-5.5567555,0.16448087990283966,0.6019999980926514,0.3057999908924103
YPL200W,YDR494W,0,-5.556852,0.1644359529018402,0.6019999980926514,0.3059000074863434
YMR283C,YGR024C,1,-5.557096,0.1646641194820404,0.6029999852180481,0.3059000074863434
YGR014W,YDL055C,0,-5.5572476,0.16461916267871857,0.6029999852180481,0.3059999942779541
YGL001C,YIL014W,0,-5.5573115,0.16457423567771912,0.6029999852180481,0.3061000108718872
YKR072C,YJL129C,0,-5.5574126,0.16452933847904205,0.6029999852180481,0.3061999976634979
YDR330W,YDL190C,0,-5.5574236,0.16448445618152618,0.6029999852180481,0.30630001425743103
YOR181W,YBL058W,0,-5.557596,0.1644396036863327,0.6029999852180481,0.30640000104904175
YCL061C,YMR309C,0,-5.557801,0.16439476609230042,0.6029999852180481,0.30649998784065247
YMR049C,YML047C,0,-5.557847,0.16434995830059052,0.6029999852180481,0.30660000443458557
YMR198W,YDR002W,0,-5.557862,0.164305180311203,0.6029999852180481,0.3066999912261963
YLL043W,YHR203C,0,-5.557879,0.16426041722297668,0.6029999852180481,0.3068000078201294
YGL017W,YIL010W,0,-5.5582056,0.16421568393707275,0.6029999852180481,0.3068999946117401
YCL035C,YNL328C,0,-5.5582204,0.1641709804534912,0.6029999852180481,0.3070000112056732
YOR194C,YML093W,0,-5.558268,0.16412629187107086,0.6029999852180481,0.30709999799728394
YLR401C,YOL093W,1,-5.558272,0.16435374319553375,0.6039999723434448,0.30709999799728394
YGL075C,YKR050W,0,-5.558301,0.16430902481079102,0.6039999723434448,0.30720001459121704
YPL051W,YHR164C,0,-5.5585675,0.16426435112953186,0.6039999723434448,0.30730000138282776
YOR094W,YPL047W,0,-5.5587287,0.1642196774482727,0.6039999723434448,0.3073999881744385
YMR145C,YER171W,0,-5.5587635,0.16417504847049713,0.6039999723434448,0.3075000047683716
YKR063C,YJL062W,0,-5.5588026,0.16413043439388275,0.6039999723434448,0.3075999915599823
YMR250W,YJL001W,0,-5.558968,0.16408585011959076,0.6039999723434448,0.3077000081539154
YLR069C,YIR021W,0,-5.559014,0.16404128074645996,0.6039999723434448,0.3077999949455261
YGL251C,YBL002W,0,-5.559027,0.16399674117565155,0.6039999723434448,0.30790001153945923
YHL048W,YLR292C,0,-5.559058,0.16395223140716553,0.6039999723434448,0.30799999833106995
YGR224W,YOR287C,0,-5.559299,0.1639077365398407,0.6039999723434448,0.30809998512268066
YOR030W,YPR161C,0,-5.559409,0.16386327147483826,0.6039999723434448,0.30820000171661377
YDL043C,YJL203W,0,-5.5594516,0.163818821310997,0.6039999723434448,0.3082999885082245
YPL208W,YOR115C,0,-5.559507,0.16377440094947815,0.6039999723434448,0.3084000051021576
YDR345C,YBR095C,0,-5.559568,0.16373001039028168,0.6039999723434448,0.3084999918937683
YBR087W,YJL011C,0,-5.560003,0.1636856347322464,0.6039999723434448,0.3086000084877014
YAL013W,YOR348C,0,-5.560025,0.1636412888765335,0.6039999723434448,0.30869999527931213
YPL018W,YDR097C,0,-5.5600343,0.163596972823143,0.6039999723434448,0.30880001187324524
YDL134C,YLR396C,0,-5.5601006,0.1635526716709137,0.6039999723434448,0.30889999866485596
YHR167W,YDR018C,0,-5.5601573,0.16350838541984558,0.6039999723434448,0.3089999854564667
YOL068C,YDR181C,0,-5.560245,0.16346414387226105,0.6039999723434448,0.3091000020503998
YEL030W,YLR009W,0,-5.560426,0.1634199172258377,0.6039999723434448,0.3091999888420105
YGL130W,YMR299C,0,-5.5604672,0.16337570548057556,0.6039999723434448,0.3093000054359436
YKR086W,YKR031C,0,-5.560477,0.1633315235376358,0.6039999723434448,0.3093999922275543
YHR052W,YMR096W,0,-5.5605206,0.16328737139701843,0.6039999723434448,0.3095000088214874
YLR117C,YKR035W-A,0,-5.560539,0.16324324905872345,0.6039999723434448,0.30959999561309814
YNL267W,YKR020W,0,-5.5606556,0.16319914162158966,0.6039999723434448,0.30970001220703125
YMR068W,YKL038W,0,-5.560963,0.16315504908561707,0.6039999723434448,0.30979999899864197
YGR055W,YPL253C,0,-5.5610495,0.16311098635196686,0.6039999723434448,0.3098999857902527
YCR088W,YDR331W,0,-5.561063,0.16306695342063904,0.6039999723434448,0.3100000023841858
YBR214W,YCR061W,0,-5.56109,0.1630229353904724,0.6039999723434448,0.3100999891757965
YDR279W,YPL128C,0,-5.5612187,0.16297894716262817,0.6039999723434448,0.3102000057697296
YPL093W,YDR409W,0,-5.5612206,0.16293498873710632,0.6039999723434448,0.31029999256134033
YML005W,YDR165W,1,-5.5613112,0.16316072642803192,0.6050000190734863,0.31029999256134033
YOL009C,YER171W,0,-5.561324,0.16311673820018768,0.6050000190734863,0.31040000915527344
YML112W,YNL273W,0,-5.5613747,0.16307277977466583,0.6050000190734863,0.31049999594688416
YJL069C,YIL080W,0,-5.5614095,0.16302883625030518,0.6050000190734863,0.31060001254081726
YBL071W-A,YER127W,1,-5.561444,0.16325430572032928,0.6060000061988831,0.31060001254081726
YBL071W-A,YOR201C,1,-5.5614696,0.16347967088222504,0.6069999933242798,0.31060001254081726
YJR055W,YBL057C,0,-5.561635,0.1634356528520584,0.6069999933242798,0.310699999332428
YPL212C,YMR283C,1,-5.5616612,0.16366083920001984,0.6079999804496765,0.310699999332428
YPR002W,YDR177W,0,-5.561998,0.16361679136753082,0.6079999804496765,0.3107999861240387
YDR329C,YLR182W,0,-5.5624475,0.1635727733373642,0.6079999804496765,0.3109000027179718
YHR072W,YDR465C,0,-5.56253,0.16352878510951996,0.6079999804496765,0.3109999895095825
YOR204W,YDR323C,0,-5.5625377,0.16348481178283691,0.6079999804496765,0.3111000061035156
YHR036W,YOR363C,0,-5.5628486,0.16344085335731506,0.6079999804496765,0.31119999289512634
YGL119W,YDR213W,0,-5.5629315,0.1633969396352768,0.6079999804496765,0.31130000948905945
YHR107C,YML064C,0,-5.563065,0.16335304081439972,0.6079999804496765,0.31139999628067017
YLR321C,YLL021W,0,-5.5631304,0.16330915689468384,0.6079999804496765,0.31150001287460327
YDL007W,YGR281W,0,-5.563227,0.16326530277729034,0.6079999804496765,0.311599999666214
YLL042C,YJR073C,0,-5.563267,0.16322147846221924,0.6079999804496765,0.3116999864578247
YER062C,YMR156C,0,-5.5633273,0.16317766904830933,0.6079999804496765,0.3118000030517578
YIL009C-A,YNL107W,0,-5.563377,0.1631338894367218,0.6079999804496765,0.31189998984336853
YBR257W,YLR453C,0,-5.5636992,0.16309012472629547,0.6079999804496765,0.31200000643730164
YBL071W-A,YKL110C,1,-5.5637383,0.1633145660161972,0.609000027179718,0.31200000643730164
YDL069C,YMR188C,0,-5.56383,0.1632707715034485,0.609000027179718,0.31209999322891235
YOL069W,YFR004W,0,-5.5640817,0.16322702169418335,0.609000027179718,0.31220000982284546
YER125W,YLR346C,0,-5.564303,0.1631832867860794,0.609000027179718,0.3122999966144562
YLR033W,YPR086W,0,-5.5643544,0.16313956677913666,0.609000027179718,0.3124000132083893
YJL098W,YOR043W,0,-5.564364,0.1630958765745163,0.609000027179718,0.3125
YGL194C,YDR140W,0,-5.5644035,0.16305221617221832,0.609000027179718,0.3125999867916107
YDR227W,YDR259C,0,-5.5644593,0.16300857067108154,0.609000027179718,0.3127000033855438
YJL003W,YNL142W,0,-5.5645633,0.16296494007110596,0.609000027179718,0.31279999017715454
YLR397C,YKL079W,0,-5.564631,0.16292135417461395,0.609000027179718,0.31290000677108765
YDR075W,YDL150W,0,-5.564672,0.16287776827812195,0.609000027179718,0.31299999356269836
YLL001W,YJR040W,0,-5.5648394,0.16283422708511353,0.609000027179718,0.31310001015663147
YPL267W,YLR221C,0,-5.5651054,0.1627907007932663,0.609000027179718,0.3131999969482422
YLL038C,YGR055W,0,-5.5651174,0.16274718940258026,0.609000027179718,0.3133000135421753
YOR085W,YBR126C,0,-5.5653024,0.1627037078142166,0.609000027179718,0.313400000333786
YBL023C,YLR409C,0,-5.565825,0.16266025602817535,0.609000027179718,0.31349998712539673
YJR076C,YDL106C,0,-5.565945,0.1626168191432953,0.609000027179718,0.31360000371932983
YDR214W,YNL051W,0,-5.5660477,0.1625734120607376,0.609000027179718,0.31369999051094055
YBL069W,YDR334W,0,-5.5660996,0.16253001987934113,0.609000027179718,0.31380000710487366
YLR158C,YML058W,0,-5.566279,0.16248665750026703,0.609000027179718,0.3138999938964844
YDL229W,YGR172C,0,-5.566441,0.16244332492351532,0.609000027179718,0.3140000104904175
YNL312W,YDL229W,0,-5.5665402,0.1624000072479248,0.609000027179718,0.3140999972820282
YPL271W,YML013W,0,-5.5668063,0.16235670447349548,0.609000027179718,0.3142000138759613
YLR215C,YOR069W,0,-5.566879,0.16231343150138855,0.609000027179718,0.314300000667572
YHR072W-A,YNR046W,1,-5.5669065,0.1625366359949112,0.6100000143051147,0.314300000667572
YPR101W,YAR003W,0,-5.566915,0.16249333322048187,0.6100000143051147,0.31439998745918274
YBL039C,YIL029C,0,-5.5670485,0.16245006024837494,0.6100000143051147,0.31450000405311584
YIL010W,YKR014C,0,-5.56711,0.1624068170785904,0.6100000143051147,0.31459999084472656
YPL212C,YGL063W,1,-5.567119,0.16262975335121155,0.6110000014305115,0.31459999084472656
YGL251C,YLR369W,0,-5.567367,0.16258648037910461,0.6110000014305115,0.31470000743865967
YGL151W,YGR123C,0,-5.5674376,0.16254322230815887,0.6110000014305115,0.3147999942302704
YOL017W,YNL263C,0,-5.567466,0.16249999403953552,0.6110000014305115,0.3149000108242035
YOL044W,YDR247W,0,-5.5676885,0.16245679557323456,0.6110000014305115,0.3149999976158142
YBR065C,YMR319C,0,-5.567772,0.1624136120080948,0.6110000014305115,0.3151000142097473
YDR108W,YHR197W,0,-5.567796,0.1623704433441162,0.6110000014305115,0.31520000100135803
YNL062C,YGR024C,1,-5.567884,0.16259299218654633,0.6119999885559082,0.31520000100135803
YOL164W,YBL035C,0,-5.568017,0.16254979372024536,0.6119999885559082,0.31529998779296875
YMR143W,YNL272C,0,-5.568122,0.16250663995742798,0.6119999885559082,0.31540000438690186
YOL063C,YPR164W,0,-5.5681515,0.1624635010957718,0.6119999885559082,0.3154999911785126
YKR002W,YJL001W,0,-5.568221,0.1624203771352768,0.6119999885559082,0.3156000077724457
YLL015W,YPL170W,0,-5.568275,0.1623772829771042,0.6119999885559082,0.3156999945640564
YGR055W,YIL075C,0,-5.5685883,0.16233421862125397,0.6119999885559082,0.3158000111579895
YBR172C,YGR080W,0,-5.56867,0.16229116916656494,0.6119999885559082,0.3158999979496002
YBL069W,YNR067C,0,-5.5688596,0.1622481495141983,0.6119999885559082,0.3160000145435333
YPR178W,YHR066W,0,-5.5688605,0.16220514476299286,0.6119999885559082,0.31610000133514404
YGR024C,YOL125W,1,-5.5689178,0.1624271273612976,0.6129999756813049,0.31610000133514404
YGR183C,YMR302C,0,-5.569062,0.16238410770893097,0.6129999756813049,0.31619998812675476
YOR354C,YBR050C,0,-5.569285,0.16234110295772552,0.6129999756813049,0.31630000472068787
YGL075C,YBL018C,0,-5.5693684,0.16229811310768127,0.6129999756813049,0.3163999915122986
YMR163C,YMR241W,0,-5.5696,0.1622551679611206,0.6129999756813049,0.3165000081062317
YPR075C,YML058W,0,-5.569981,0.16221222281455994,0.6129999756813049,0.3165999948978424
YJL091C,YLR075W,0,-5.5699944,0.16216930747032166,0.6129999756813049,0.3167000114917755
YLR016C,YNL250W,0,-5.5702987,0.16212642192840576,0.6129999756813049,0.31679999828338623
YDR386W,YOL069W,0,-5.570332,0.16208355128765106,0.6129999756813049,0.31690001487731934
YHR120W,YOL039W,0,-5.5704103,0.16204071044921875,0.6129999756813049,0.31700000166893005
YDL208W,YDL033C,1,-5.5706053,0.16226215660572052,0.6140000224113464,0.31700000166893005
YGR024C,YOL093W,1,-5.5706706,0.16248348355293274,0.6150000095367432,0.31700000166893005
YOL146W,YOL091W,0,-5.570732,0.16244056820869446,0.6150000095367432,0.31709998846054077
YLR288C,YBR175W,0,-5.570971,0.16239768266677856,0.6150000095367432,0.3172000050544739
YJL192C,YBR284W,0,-5.5713367,0.16235481202602386,0.6150000095367432,0.3172999918460846
YPR046W,YDR058C,0,-5.571344,0.16231195628643036,0.6150000095367432,0.3174000084400177
YMR192W,YPR193C,0,-5.571625,0.16226913034915924,0.6150000095367432,0.3174999952316284
YHR187W,YPL212C,1,-5.5716667,0.162490114569664,0.6159999966621399,0.3174999952316284
YML046W,YLR398C,0,-5.571859,0.1624472588300705,0.6159999966621399,0.3176000118255615
YCL067C,YGR221C,0,-5.5721736,0.16240443289279938,0.6159999966621399,0.31769999861717224
YML046W,YGR229C,0,-5.5722446,0.16236162185668945,0.6159999966621399,0.31779998540878296
YDR288W,YKR020W,0,-5.5722623,0.16231884062290192,0.6159999966621399,0.31790000200271606
YCL011C,YKL166C,0,-5.572372,0.16227607429027557,0.6159999966621399,0.3179999887943268
YNR046W,YDL201W,1,-5.572493,0.16249670088291168,0.6169999837875366,0.3179999887943268
YHR059W,YFL038C,0,-5.572553,0.16245391964912415,0.6169999837875366,0.3181000053882599
YOL088C,YJR063W,0,-5.572649,0.162411168217659,0.6169999837875366,0.3181999921798706
YML077W,YMR005W,0,-5.572763,0.16236841678619385,0.6169999837875366,0.3183000087738037
YBR081C,YBR293W,0,-5.5729995,0.16232571005821228,0.6169999837875366,0.31839999556541443
YOL142W,YBR069C,0,-5.5730596,0.1622830033302307,0.6169999837875366,0.31850001215934753
YAL020C,YPL212C,1,-5.5731816,0.16250328719615936,0.6179999709129333,0.31850001215934753
YGL021W,YOR153W,0,-5.573275,0.1624605655670166,0.6179999709129333,0.31859999895095825
YKR036C,YKR037C,0,-5.5734925,0.16241787374019623,0.6179999709129333,0.31869998574256897
YBR155W,YOR304W,0,-5.5736117,0.16237519681453705,0.6179999709129333,0.3188000023365021
YNL127W,YOR147W,0,-5.573686,0.16233254969120026,0.6179999709129333,0.3188999891281128
YDR097C,YGL092W,0,-5.573711,0.16228991746902466,0.6179999709129333,0.3190000057220459
YGR200C,YML014W,1,-5.573775,0.16250984370708466,0.6190000176429749,0.3190000057220459
YNL233W,YMR165C,0,-5.574088,0.16246719658374786,0.6190000176429749,0.3190999925136566
YKR036C,YMR167W,0,-5.574224,0.16242456436157227,0.6190000176429749,0.3192000091075897
YJL081C,YDR268W,0,-5.574444,0.16238194704055786,0.6190000176429749,0.31929999589920044
YHR133C,YOR341W,0,-5.5744452,0.16233935952186584,0.6190000176429749,0.31940001249313354
YOR033C,YLR011W,0,-5.574514,0.16229680180549622,0.6190000176429749,0.31949999928474426
YKL192C,YML011C,0,-5.5746274,0.16225425899028778,0.6190000176429749,0.319599986076355
YHR142W,YMR006C,0,-5.575008,0.16221174597740173,0.6190000176429749,0.3197000026702881
YOR274W,YDL036C,1,-5.575048,0.16243122518062592,0.6200000047683716,0.3197000026702881
YPL140C,YBR212W,0,-5.5752134,0.16238868236541748,0.6200000047683716,0.3197999894618988
YKR086W,YMR201C,0,-5.5752187,0.16234616935253143,0.6200000047683716,0.3199000060558319
YBR228W,YOR256C,0,-5.575234,0.16230367124080658,0.6200000047683716,0.3199999928474426
YOR310C,YDL033C,1,-5.575271,0.16252289712429047,0.6209999918937683,0.3199999928474426
YGL063W,YML005W,1,-5.575432,0.162742018699646,0.621999979019165,0.3199999928474426
YLR405W,YML014W,1,-5.5754466,0.16296102106571198,0.6230000257492065,0.3199999928474426
YPR019W,YPL194W,0,-5.5754995,0.16291840374469757,0.6230000257492065,0.32010000944137573
YJR033C,YDR322C-A,0,-5.575587,0.16287581622600555,0.6230000257492065,0.32019999623298645
YKL035W,YDR200C,0,-5.575748,0.16283324360847473,0.6230000257492065,0.32030001282691956
YDL102W,YHR077C,0,-5.575786,0.1627907007932663,0.6230000257492065,0.3203999996185303
YBR135W,YER179W,0,-5.575894,0.16274817287921906,0.6230000257492065,0.320499986410141
YGL092W,YER161C,0,-5.576224,0.162705659866333,0.6230000257492065,0.3206000030040741
YKL165C,YJL054W,0,-5.576311,0.16266319155693054,0.6230000257492065,0.3206999897956848
YLR442C,YDR207C,0,-5.5769744,0.16262072324752808,0.6230000257492065,0.3208000063896179
YHR056C,YDR207C,0,-5.5770454,0.162578284740448,0.6230000257492065,0.32089999318122864
YLR390W-A,YLR176C,0,-5.577206,0.1625358760356903,0.6230000257492065,0.32100000977516174
YLR357W,YPR016C,0,-5.577315,0.1624934822320938,0.6230000257492065,0.32109999656677246
YBL057C,YFR005C,0,-5.577464,0.1624511033296585,0.6230000257492065,0.32120001316070557
YGL116W,YGL019W,0,-5.5777044,0.1624087542295456,0.6230000257492065,0.3212999999523163
YNL127W,YPL092W,0,-5.577831,0.16236643493175507,0.6230000257492065,0.321399986743927
YER106W,YBR186W,0,-5.5779285,0.16232413053512573,0.6230000257492065,0.3215000033378601
YDR277C,YOR069W,0,-5.578112,0.1622818410396576,0.6230000257492065,0.3215999901294708
YMR225C,YHR083W,0,-5.5781665,0.16223958134651184,0.6230000257492065,0.32170000672340393
YKL073W,YKL089W,0,-5.5783734,0.16219735145568848,0.6230000257492065,0.32179999351501465
YMR198W,YPL001W,0,-5.5784554,0.1621551215648651,0.6230000257492065,0.32190001010894775
YKL110C,YOR243C,1,-5.578694,0.1623731404542923,0.6240000128746033,0.32190001010894775
YPR019W,YGL067W,0,-5.578715,0.16233091056346893,0.6240000128746033,0.32199999690055847
YNL136W,YMR005W,0,-5.5788302,0.16228868067264557,0.6240000128746033,0.3221000134944916
YGR081C,YER029C,0,-5.5790105,0.1622464954853058,0.6240000128746033,0.3222000002861023
YOR127W,YKL130C,0,-5.57935,0.162204310297966,0.6240000128746033,0.322299987077713
YNL147W,YBR002C,0,-5.5794187,0.1621621549129486,0.6240000128746033,0.3224000036716461
YOR126C,YIL167W,0,-5.579603,0.1621200293302536,0.6240000128746033,0.32249999046325684
YLL008W,YIL009C-A,0,-5.5798125,0.1620779186487198,0.6240000128746033,0.32260000705718994
YGL206C,YMR043W,0,-5.5803056,0.16203583776950836,0.6240000128746033,0.32269999384880066
YEL029C,YMR224C,0,-5.5804367,0.16199377179145813,0.6240000128746033,0.32280001044273376
YGL061C,YBR257W,0,-5.580457,0.1619517207145691,0.6240000128746033,0.3228999972343445
YHR116W,YJL219W,0,-5.5804996,0.16190969944000244,0.6240000128746033,0.3230000138282776
YDR168W,YOL069W,0,-5.580871,0.16186770796775818,0.6240000128746033,0.3231000006198883
YJL219W,YFL036W,0,-5.580899,0.1618257313966751,0.6240000128746033,0.323199987411499
YNL116W,YLR260W,0,-5.580933,0.16178376972675323,0.6240000128746033,0.32330000400543213
YOL027C,YHR124W,0,-5.5809817,0.16174183785915375,0.6240000128746033,0.32339999079704285
YJL170C,YLR318W,0,-5.581074,0.16169992089271545,0.6240000128746033,0.32350000739097595
YJR053W,YKR055W,0,-5.581097,0.16165803372859955,0.6240000128746033,0.32359999418258667
YML116W,YOL101C,0,-5.581158,0.16161616146564484,0.6240000128746033,0.3237000107765198
YPL135W,YCR106W,0,-5.5813127,0.1615743190050125,0.6240000128746033,0.3237999975681305
YMR023C,YHR072W-A,1,-5.5814347,0.1617913544178009,0.625,0.3237999975681305
YOR193W,YOR259C,0,-5.5814643,0.1617494821548462,0.625,0.3239000141620636
YML099C,YNL248C,0,-5.581509,0.16170763969421387,0.625,0.3240000009536743
YLR148W,YMR096W,0,-5.581533,0.16166579723358154,0.625,0.32409998774528503
YMR156C,YLR337C,0,-5.5816717,0.1616239994764328,0.625,0.32420000433921814
YNL331C,YOR142W,0,-5.582044,0.16158221662044525,0.625,0.32429999113082886
YML092C,YAR035W,0,-5.582079,0.1615404486656189,0.625,0.32440000772476196
YPR200C,YIR015W,0,-5.5821342,0.16149871051311493,0.625,0.3244999945163727
YKL186C,YBR175W,0,-5.582205,0.16145698726177216,0.625,0.3246000111103058
YOR133W,YNL262W,0,-5.582217,0.16141529381275177,0.625,0.3246999979019165
YMR312W,YMR283C,1,-5.582288,0.16163180768489838,0.6259999871253967,0.3246999979019165
YGR040W,YBR175W,0,-5.5823646,0.1615900844335556,0.6259999871253967,0.3248000144958496
YGL194C,YDL006W,0,-5.582441,0.16154839098453522,0.6259999871253967,0.3249000012874603
YNL068C,YNL267W,0,-5.582513,0.16150671243667603,0.6259999871253967,0.32499998807907104
YBL078C,YMR168C,0,-5.5827613,0.16146504878997803,0.6259999871253967,0.32510000467300415
YJL085W,YJR131W,0,-5.582764,0.16142341494560242,0.6259999871253967,0.32519999146461487
YPL259C,YLL056C,0,-5.583022,0.161381796002388,0.6259999871253967,0.325300008058548
YLR231C,YKL141W,0,-5.5830626,0.16134020686149597,0.6259999871253967,0.3253999948501587
YMR276W,YER151C,0,-5.5830855,0.16129863262176514,0.6259999871253967,0.3255000114440918
YPL132W,YHR197W,0,-5.5832424,0.1612570881843567,0.6259999871253967,0.3255999982357025
YNL032W,YCL069W,0,-5.5833573,0.16121555864810944,0.6259999871253967,0.3257000148296356
YMR182C,YGR279C,0,-5.583442,0.16117404401302338,0.6259999871253967,0.32580000162124634
YOR237W,YJL094C,0,-5.583547,0.1611325591802597,0.6259999871253967,0.32589998841285706
YDR489W,YHR041C,0,-5.5835896,0.16109108924865723,0.6259999871253967,0.32600000500679016
YPR020W,YGR183C,0,-5.583591,0.16104964911937714,0.6259999871253967,0.3260999917984009
YJL033W,YBR253W,0,-5.5837083,0.16100822389125824,0.6259999871253967,0.326200008392334
YNL318C,YKR008W,0,-5.5838904,0.16096682846546173,0.6259999871253967,0.3262999951839447
YCR089W,YNL003C,0,-5.5840287,0.16092544794082642,0.6259999871253967,0.3264000117778778
YLR175W,YHR187W,1,-5.5840673,0.16114109754562378,0.6269999742507935,0.3264000117778778
YHR068W,YDR280W,0,-5.584074,0.16109968721866608,0.6269999742507935,0.3264999985694885
YPR128C,YML007W,0,-5.584188,0.16105830669403076,0.6269999742507935,0.32659998536109924
YMR138W,YLR148W,0,-5.5844707,0.16101695597171783,0.6269999742507935,0.32670000195503235
YPL138C,YML001W,0,-5.5845704,0.1609756052494049,0.6269999742507935,0.32679998874664307
YPL058C,YDR195W,0,-5.584676,0.16093428432941437,0.6269999742507935,0.32690000534057617
YHR056C,YGR063C,0,-5.584686,0.16089299321174622,0.6269999742507935,0.3269999921321869
YNL161W,YBR093C,0,-5.584944,0.16085171699523926,0.6269999742507935,0.32710000872612
YOL009C,YBR195C,0,-5.5850043,0.1608104705810547,0.6269999742507935,0.3271999955177307
YDL060W,YJL056C,0,-5.5853057,0.16076922416687012,0.6269999742507935,0.3273000121116638
YPL267W,YBR267W,0,-5.585646,0.16072802245616913,0.6269999742507935,0.32739999890327454
YER054C,YJL146W,0,-5.5856566,0.16068682074546814,0.6269999742507935,0.32749998569488525
YML110C,YBR040W,0,-5.585714,0.16064566373825073,0.6269999742507935,0.32760000228881836
YMR044W,YML043C,0,-5.5857267,0.16060450673103333,0.6269999742507935,0.3276999890804291
YDR052C,YNL325C,0,-5.58573,0.1605633795261383,0.6269999742507935,0.3278000056743622
YGL100W,YKL070W,0,-5.5857835,0.16052226722240448,0.6269999742507935,0.3278999924659729
YLR133W,YBL051C,0,-5.586064,0.16048118472099304,0.6269999742507935,0.328000009059906
YBL024W,YPL212C,1,-5.586376,0.16069601476192474,0.628000020980835,0.328000009059906
YLR405W,YPL212C,1,-5.586381,0.1609107255935669,0.6290000081062317,0.328000009059906
YOR098C,YGR056W,0,-5.586416,0.1608695685863495,0.6290000081062317,0.3280999958515167
YDR516C,YGR181W,0,-5.5864496,0.16082842648029327,0.6290000081062317,0.32820001244544983
YPL101W,YOR243C,1,-5.5865397,0.1610429435968399,0.6299999952316284,0.32820001244544983
YJR084W,YOR056C,0,-5.5866675,0.1610017865896225,0.6299999952316284,0.32829999923706055
YML121W,YBR129C,0,-5.586834,0.16096065938472748,0.6299999952316284,0.32839998602867126
YAL040C,YBR175W,0,-5.586911,0.16091954708099365,0.6299999952316284,0.32850000262260437
YPL170W,YGL227W,0,-5.5870605,0.16087844967842102,0.6299999952316284,0.3285999894142151
YPR001W,YPL140C,0,-5.58711,0.16083738207817078,0.6299999952316284,0.3287000060081482
YDR023W,YOR129C,0,-5.587287,0.16079632937908173,0.6299999952316284,0.3287999927997589
YPR122W,YHL020C,0,-5.5873094,0.16075529158115387,0.6299999952316284,0.328900009393692
YDR225W,YDR487C,0,-5.587463,0.1607142835855484,0.6299999952316284,0.32899999618530273
YLR214W,YGL241W,0,-5.5874925,0.16067329049110413,0.6299999952316284,0.32910001277923584
YPL086C,YML014W,1,-5.587639,0.16088730096817017,0.6309999823570251,0.32910001277923584
YBR110W,YDR180W,0,-5.587788,0.1608462929725647,0.6309999823570251,0.32919999957084656
YLR405W,YOR243C,1,-5.5878634,0.1610601395368576,0.6320000290870667,0.32919999957084656
YKL093W,YMR284W,0,-5.587933,0.16101910173892975,0.6320000290870667,0.3292999863624573
YNL145W,YGL171W,0,-5.588189,0.16097809374332428,0.6320000290870667,0.3294000029563904
YMR052W,YKL053C-A,0,-5.588243,0.16093710064888,0.6320000290870667,0.3294999897480011
YMR231W,YGR199W,0,-5.588351,0.16089613735675812,0.6320000290870667,0.3296000063419342
YHR164C,YOR237W,0,-5.5884533,0.16085517406463623,0.6320000290870667,0.3296999931335449
YOL146W,YDL007W,0,-5.588695,0.16081425547599792,0.6320000290870667,0.329800009727478
YNL062C,YKL110C,1,-5.588759,0.161027729511261,0.6330000162124634,0.329800009727478
YDR363W,YBR126C,0,-5.588799,0.1609867811203003,0.6330000162124634,0.32989999651908875
YKR036C,YLR298C,0,-5.5889516,0.1609458476305008,0.6330000162124634,0.33000001311302185
YGR200C,YOR201C,1,-5.588975,0.16115912795066833,0.6340000033378601,0.33000001311302185
YER143W,YML013W,0,-5.589008,0.16111816465854645,0.6340000033378601,0.33009999990463257
YBR175W,YNL304W,0,-5.589189,0.16107723116874695,0.6340000033378601,0.3301999866962433
YLR405W,YNL062C,1,-5.5892034,0.16129031777381897,0.6349999904632568,0.3301999866962433
YDL033C,YDL112W,1,-5.58931,0.16150330007076263,0.6359999775886536,0.3301999866962433
YHR107C,YDL087C,0,-5.589335,0.16146230697631836,0.6359999775886536,0.3303000032901764
YPR049C,YBL041W,0,-5.5893593,0.16142131388187408,0.6359999775886536,0.3303999900817871
YOR353C,YBR030W,0,-5.5893893,0.1613803654909134,0.6359999775886536,0.3305000066757202
YKR067W,YBR105C,0,-5.5896454,0.1613394170999527,0.6359999775886536,0.33059999346733093
YDL117W,YLL034C,0,-5.589661,0.1612984985113144,0.6359999775886536,0.33070001006126404
YPL125W,YDR439W,0,-5.589811,0.16125760972499847,0.6359999775886536,0.33079999685287476
YLR314C,YLR035C,0,-5.589812,0.16121673583984375,0.6359999775886536,0.33090001344680786
YPL110C,YDL134C,0,-5.5899005,0.16117587685585022,0.6359999775886536,0.3310000002384186
YMR309C,YPR086W,0,-5.5899305,0.16113503277301788,0.6359999775886536,0.3310999870300293
YMR276W,YKR009C,0,-5.590124,0.16109421849250793,0.6359999775886536,0.3312000036239624
YOR026W,YHR039C-A,0,-5.5901504,0.16105343401432037,0.6359999775886536,0.3312999904155731
YER035W,YDL046W,0,-5.590342,0.161012664437294,0.6359999775886536,0.3314000070095062
YCR031C,YDR457W,0,-5.590444,0.16097190976142883,0.6359999775886536,0.33149999380111694
YHR116W,YHR203C,0,-5.5906196,0.16093116998672485,0.6359999775886536,0.33160001039505005
YOR194C,YIL138C,0,-5.5911202,0.16089046001434326,0.6359999775886536,0.33169999718666077
YIL142W,YGL075C,0,-5.591225,0.16084976494312286,0.6359999775886536,0.33180001378059387
YOR031W,YDR151C,0,-5.591438,0.16080909967422485,0.6359999775886536,0.3319000005722046
YHR061C,YBR092C,0,-5.5914907,0.16076844930648804,0.6359999775886536,0.3319999873638153
YNL325C,YGL008C,0,-5.5916367,0.1607278287410736,0.6359999775886536,0.3321000039577484
YGL136C,YGR024C,1,-5.591663,0.16093987226486206,0.6370000243186951,0.3321000039577484
YHL047C,YGR095C,0,-5.5916753,0.16089922189712524,0.6370000243186951,0.33219999074935913
YGL075C,YOR095C,0,-5.5917077,0.16085858643054962,0.6370000243186951,0.33230000734329224
YDL145C,YKL035W,0,-5.591727,0.1608179807662964,0.6370000243186951,0.33239999413490295
YML091C,YOR329C,0,-5.5919704,0.16077739000320435,0.6370000243186951,0.33250001072883606
YKR024C,YOL102C,0,-5.5920806,0.1607368141412735,0.6370000243186951,0.3325999975204468
YKR025W,YNL066W,0,-5.592136,0.16069626808166504,0.6370000243186951,0.3327000141143799
YBR073W,YAL030W,0,-5.592194,0.16065573692321777,0.6370000243186951,0.3328000009059906
YIR005W,YPL036W,0,-5.592255,0.1606152355670929,0.6370000243186951,0.3328999876976013
YGR108W,YDR392W,0,-5.5922565,0.16057473421096802,0.6370000243186951,0.3330000042915344
YNL318C,YGL244W,0,-5.592347,0.16053427755832672,0.6370000243186951,0.33309999108314514
YDR173C,YPR188C,0,-5.59236,0.16049382090568542,0.6370000243186951,0.33320000767707825
YDL243C,YDR106W,0,-5.5924325,0.16045339405536652,0.6370000243186951,0.33329999446868896
YER020W,YGL037C,0,-5.592467,0.16041299700737,0.6370000243186951,0.33340001106262207
YDL117W,YDL095W,0,-5.5927444,0.16037261486053467,0.6370000243186951,0.3334999978542328
YDL005C,YNL079C,0,-5.592914,0.16033224761486053,0.6370000243186951,0.3336000144481659
YPL051W,YPR103W,0,-5.5929914,0.1602918952703476,0.6370000243186951,0.3337000012397766
YML059C,YLR176C,0,-5.593036,0.16025157272815704,0.6370000243186951,0.33379998803138733
YJR055W,YCL020W,0,-5.593204,0.16021126508712769,0.6370000243186951,0.33390000462532043
YJL092W,YNL236W,0,-5.5932393,0.16017098724842072,0.6370000243186951,0.33399999141693115
YPL037C,YDR159W,0,-5.593249,0.16013072431087494,0.6370000243186951,0.33410000801086426
YDR339C,YPR046W,0,-5.5933614,0.16009047627449036,0.6370000243186951,0.334199994802475
YJL201W,YMR229C,0,-5.5935082,0.16005025804042816,0.6370000243186951,0.3343000113964081
YGR165W,YBR156C,0,-5.593574,0.16001005470752716,0.6370000243186951,0.3343999981880188
YKL178C,YNL107W,0,-5.593609,0.15996986627578735,0.6370000243186951,0.3345000147819519
YER007W,YIR012W,0,-5.593682,0.15992970764636993,0.6370000243186951,0.3346000015735626
YER038C,YDR392W,0,-5.5937696,0.1598895639181137,0.6370000243186951,0.33469998836517334
YPR049C,YPR019W,0,-5.593922,0.15984943509101868,0.6370000243186951,0.33480000495910645
YGL032C,YIR025W,0,-5.594157,0.15980933606624603,0.6370000243186951,0.33489999175071716
YJL001W,YLR369W,0,-5.5943027,0.15976925194263458,0.6370000243186951,0.33500000834465027
YOR144C,YER068W,0,-5.5947714,0.15972918272018433,0.6370000243186951,0.335099995136261
YHR082C,YBL011W,0,-5.5949864,0.15968914330005646,0.6370000243186951,0.3352000117301941
YCR093W,YPL029W,0,-5.5950084,0.15964911878108978,0.6370000243186951,0.3352999985218048
YGR177C,YIL135C,0,-5.595022,0.1596091240644455,0.6370000243186951,0.3353999853134155
YOR319W,YLR002C,0,-5.595149,0.1595691442489624,0.6370000243186951,0.33550000190734863
YEL029C,YML114C,0,-5.5951757,0.1595291793346405,0.6370000243186951,0.33559998869895935
YHR107C,YKR035W-A,0,-5.5952253,0.1594892293214798,0.6370000243186951,0.33570000529289246
YOR144C,YPL211W,0,-5.5952916,0.15944930911064148,0.6370000243186951,0.3357999920845032
YGL105W,YPR133W-A,0,-5.595323,0.15940940380096436,0.6370000243186951,0.3359000086784363
YDR052C,YLR335W,0,-5.595515,0.15936952829360962,0.6370000243186951,0.335999995470047
YDL149W,YKL117W,0,-5.5957007,0.15932966768741608,0.6370000243186951,0.3361000120639801
YGL019W,YER007W,0,-5.5957227,0.15928982198238373,0.6370000243186951,0.3361999988555908
YBL024W,YML014W,1,-5.595844,0.15950000286102295,0.6380000114440918,0.3361999988555908
YCR106W,YNL209W,0,-5.595884,0.1594601422548294,0.6380000114440918,0.33629998564720154
YKL172W,YOR284W,0,-5.5958886,0.15942029654979706,0.6380000114440918,0.33640000224113464
YLR167W,YDR363W-A,0,-5.5959764,0.1593804657459259,0.6380000114440918,0.33649998903274536
YMR069W,YLR141W,0,-5.5960374,0.15934066474437714,0.6380000114440918,0.33660000562667847
YLR175W,YBL071W-A,1,-5.5960956,0.15955056250095367,0.6389999985694885,0.33660000562667847
YNR056C,YIR025W,0,-5.5961533,0.15951073169708252,0.6389999985694885,0.3366999924182892
YKL053C-A,YMR167W,0,-5.596349,0.15947093069553375,0.6389999985694885,0.3368000090122223
YGL229C,YDR363W-A,0,-5.5965686,0.15943114459514618,0.6389999985694885,0.336899995803833
YDL149W,YLR228C,0,-5.5965986,0.1593913733959198,0.6389999985694885,0.3370000123977661
YIR004W,YDR288W,0,-5.5967393,0.15935161709785461,0.6389999985694885,0.33709999918937683
YGR140W,YOR047C,0,-5.5969167,0.15931189060211182,0.6389999985694885,0.33719998598098755
YOR056C,YMR308C,0,-5.5969906,0.1592721790075302,0.6389999985694885,0.33730000257492065
YKL026C,YEL013W,0,-5.5972257,0.159232497215271,0.6389999985694885,0.33739998936653137
YDR268W,YGL038C,0,-5.597252,0.15919283032417297,0.6389999985694885,0.3375000059604645
YNL262W,YDR200C,0,-5.5972576,0.15915317833423615,0.6389999985694885,0.3375999927520752
YDR108W,YDL213C,0,-5.5973415,0.1591135412454605,0.6389999985694885,0.3377000093460083
YCR063W,YER070W,0,-5.5974045,0.15907393395900726,0.6389999985694885,0.337799996137619
YGL027C,YDL106C,0,-5.5974927,0.1590343415737152,0.6389999985694885,0.3379000127315521
YDR363W,YOR329C,0,-5.597535,0.15899477899074554,0.6389999985694885,0.33799999952316284
YNL102W,YPR102C,0,-5.5975385,0.15895523130893707,0.6389999985694885,0.33809998631477356
YLR353W,YCR073W-A,0,-5.597751,0.1589156985282898,0.6389999985694885,0.33820000290870667
YKL114C,YOL020W,0,-5.597751,0.1588761806488037,0.6389999985694885,0.3382999897003174
YPL132W,YMR106C,0,-5.597772,0.15883669257164001,0.6389999985694885,0.3384000062942505
YBL071W-A,YGR169C,1,-5.597821,0.1590457260608673,0.6399999856948853,0.3384000062942505
YOL063C,YPL082C,0,-5.5978928,0.15900620818138123,0.6399999856948853,0.3384999930858612
YML092C,YPR016C,0,-5.597926,0.15896672010421753,0.6399999856948853,0.3386000096797943
YDR432W,YER117W,0,-5.5979466,0.15892724692821503,0.6399999856948853,0.33869999647140503
YDL225W,YOL031C,0,-5.5980997,0.15888778865337372,0.6399999856948853,0.33880001306533813
YJL186W,YER190W,0,-5.598146,0.1588483452796936,0.6399999856948853,0.33889999985694885
YHR187W,YBR061C,1,-5.598287,0.15905706584453583,0.640999972820282,0.33889999985694885
YML118W,YDL190C,0,-5.5985374,0.15901760756969452,0.640999972820282,0.33899998664855957
YMR319C,YOR341W,0,-5.5985484,0.1589781790971756,0.640999972820282,0.3391000032424927
YPR001W,YJR022W,0,-5.598779,0.15893875062465668,0.640999972820282,0.3391999900341034
YGR224W,YIL132C,0,-5.5987926,0.15889935195446014,0.640999972820282,0.3393000066280365
YKR099W,YHL007C,0,-5.59891,0.1588599681854248,0.640999972820282,0.3393999934196472
YOR217W,YIL123W,0,-5.5991845,0.15882061421871185,0.640999972820282,0.3395000100135803
YLR160C,YDR243C,0,-5.5993204,0.1587812751531601,0.640999972820282,0.33959999680519104
YIL124W,YKR014C,0,-5.5996027,0.15874195098876953,0.640999972820282,0.33970001339912415
YNL106C,YOR127W,0,-5.5997043,0.15870264172554016,0.640999972820282,0.33980000019073486
YDL232W,YBR198C,0,-5.599841,0.15866336226463318,0.640999972820282,0.3398999869823456
YPL075W,YJL138C,0,-5.5999594,0.1586240977048874,0.640999972820282,0.3400000035762787
YDL029W,YNL304W,0,-5.6000133,0.158584862947464,0.640999972820282,0.3400999903678894
YDR365C,YNL304W,0,-5.600018,0.1585456281900406,0.640999972820282,0.3402000069618225
YKL185W,YNL031C,0,-5.6001344,0.15850642323493958,0.640999972820282,0.3402999937534332
YML006C,YDR091C,0,-5.600248,0.15846724808216095,0.640999972820282,0.34040001034736633
YML036W,YHR089C,0,-5.6003766,0.15842807292938232,0.640999972820282,0.34049999713897705
YNL111C,YLR182W,0,-5.6006866,0.1583889275789261,0.640999972820282,0.34060001373291016
YJR066W,YMR077C,0,-5.6007257,0.15834979712963104,0.640999972820282,0.3407000005245209
YLL004W,YML011C,0,-5.600743,0.1583106964826584,0.640999972820282,0.3407999873161316
YDR320C-A,YJL029C,0,-5.6007533,0.15827161073684692,0.640999972820282,0.3409000039100647
YNR074C,YLR260W,0,-5.600847,0.15823253989219666,0.640999972820282,0.3409999907016754
YLR363C,YER104W,0,-5.6011825,0.15819348394870758,0.640999972820282,0.3411000072956085
YNR057C,YKL150W,0,-5.6014023,0.1581544578075409,0.640999972820282,0.34119999408721924
YGR218W,YPR070W,0,-5.601812,0.1581154465675354,0.640999972820282,0.34130001068115234
YKL021C,YLR008C,0,-5.601813,0.1580764502286911,0.640999972820282,0.34139999747276306
YFL029C,YER133W,0,-5.601834,0.158037468791008,0.640999972820282,0.34150001406669617
YPR020W,YLR035C,0,-5.6019645,0.15799851715564728,0.640999972820282,0.3416000008583069
YMR078C,YIL119C,0,-5.6021385,0.15795958042144775,0.640999972820282,0.3416999876499176
YOR231W,YMR053C,0,-5.6026464,0.15792067348957062,0.640999972820282,0.3418000042438507
YJR110W,YOL138C,0,-5.6026807,0.15788176655769348,0.640999972820282,0.3418999910354614
YML112W,YFR034C,0,-5.602707,0.15784288942813873,0.640999972820282,0.34200000762939453
YPL161C,YOR317W,0,-5.6028113,0.15780404210090637,0.640999972820282,0.34209999442100525
YHR084W,YAR042W,0,-5.6028495,0.157765194773674,0.640999972820282,0.34220001101493835
YKR057W,YPL253C,0,-5.603268,0.15772637724876404,0.640999972820282,0.3422999978065491
YPR164W,YLR084C,0,-5.6033216,0.15768757462501526,0.640999972820282,0.3424000144004822
YKL052C,YOR043W,0,-5.6035676,0.15764880180358887,0.640999972820282,0.3425000011920929
YPL001W,YGL111W,0,-5.603619,0.15761002898216248,0.640999972820282,0.3425999879837036
YNR044W,YOR322C,0,-5.603837,0.15757128596305847,0.640999972820282,0.3427000045776367
YKR099W,YLR011W,0,-5.603932,0.15753255784511566,0.640999972820282,0.34279999136924744
YGR247W,YOR269W,0,-5.6039557,0.15749385952949524,0.640999972820282,0.34290000796318054
YMR100W,YNL025C,0,-5.6039944,0.157455176115036,0.640999972820282,0.34299999475479126
YMR198W,YPL112C,0,-5.604161,0.15741650760173798,0.640999972820282,0.34310001134872437
YBL071W-A,YDL201W,1,-5.6042686,0.15762338042259216,0.6420000195503235,0.34310001134872437
YBR213W,YGR077C,0,-5.6042905,0.15758468210697174,0.6420000195503235,0.3431999981403351
YAL020C,YOR201C,1,-5.604537,0.157791405916214,0.6430000066757202,0.3431999981403351
YKL189W,YGR055W,0,-5.6047597,0.15775269269943237,0.6430000066757202,0.3433000147342682
YDR421W,YOL077W-A,0,-5.6048574,0.15771400928497314,0.6430000066757202,0.3434000015258789
YDR524C,YFL003C,0,-5.605001,0.15767532587051392,0.6430000066757202,0.3434999883174896
YGL192W,YGL063W,1,-5.6051803,0.15788184106349945,0.6439999938011169,0.3434999883174896
YGL240W,YER129W,0,-5.605366,0.15784314274787903,0.6439999938011169,0.34360000491142273
YFR002W,YOR297C,0,-5.605429,0.1578044593334198,0.6439999938011169,0.34369999170303345
YFR034C,YLR430W,0,-5.605475,0.15776580572128296,0.6439999938011169,0.34380000829696655
YOR243C,YOL093W,1,-5.6056347,0.1579720824956894,0.6449999809265137,0.34380000829696655
YMR319C,YDR243C,0,-5.605682,0.15793339908123016,0.6449999809265137,0.34389999508857727
YPR181C,YGR197C,0,-5.6056867,0.15789473056793213,0.6449999809265137,0.3440000116825104
YDL208W,YDL201W,1,-5.6063747,0.15810082852840424,0.6460000276565552,0.3440000116825104
YDR301W,YKL048C,0,-5.6064034,0.158062145113945,0.6460000276565552,0.3440999984741211
YKL053C-A,YOR069W,0,-5.606636,0.15802347660064697,0.6460000276565552,0.3441999852657318
YIL009C-A,YNL328C,0,-5.606831,0.15798483788967133,0.6460000276565552,0.3443000018596649
YGR055W,YLR147C,0,-5.606856,0.15794621407985687,0.6460000276565552,0.34439998865127563
YGR177C,YOR269W,0,-5.606984,0.1579076051712036,0.6460000276565552,0.34450000524520874
YKL011C,YMR101C,0,-5.6070495,0.15786901116371155,0.6460000276565552,0.34459999203681946
YKL032C,YER161C,0,-5.6072927,0.15783044695854187,0.6460000276565552,0.34470000863075256
YHL047C,YJL050W,0,-5.6073823,0.1577918976545334,0.6460000276565552,0.3447999954223633
YPL049C,YBR098W,0,-5.607466,0.1577533632516861,0.6460000276565552,0.3449000120162964
YML042W,YJR131W,0,-5.6074786,0.15771484375,0.6460000276565552,0.3449999988079071
YPL021W,YDR346C,0,-5.6076097,0.1576763540506363,0.6460000276565552,0.3450999855995178
YOR243C,YDL112W,1,-5.6076684,0.15788190066814423,0.6470000147819519,0.3450999855995178
YML118W,YNL047C,0,-5.607804,0.15784338116645813,0.6470000147819519,0.3452000021934509
YJL203W,YPL139C,0,-5.60782,0.15780487656593323,0.6470000147819519,0.34529998898506165
YML102W,YDL220C,0,-5.6084485,0.1577664017677307,0.6470000147819519,0.34540000557899475
YDR407C,YMR284W,0,-5.6088805,0.1577279418706894,0.6470000147819519,0.34549999237060547
YGL247W,YOR049C,0,-5.6090026,0.15768949687480927,0.6470000147819519,0.3456000089645386
YNL106C,YER151C,0,-5.609139,0.15765106678009033,0.6470000147819519,0.3456999957561493
YDL223C,YNL021W,0,-5.609176,0.1576126664876938,0.6470000147819519,0.3458000123500824
YDL155W,YOR048C,0,-5.609225,0.15757428109645844,0.6470000147819519,0.3458999991416931
YDR093W,YNL002C,0,-5.609243,0.15753591060638428,0.6470000147819519,0.34599998593330383
YPR020W,YPL206C,0,-5.6094484,0.1574975699186325,0.6470000147819519,0.34610000252723694
YOR094W,YLR449W,0,-5.609511,0.15745922923088074,0.6470000147819519,0.34619998931884766
YOR078W,YLR075W,0,-5.60992,0.15742091834545135,0.6470000147819519,0.34630000591278076
YGL251C,YBR198C,0,-5.609942,0.15738263726234436,0.6470000147819519,0.3463999927043915
YOL115W,YIL109C,0,-5.6100755,0.15734435617923737,0.6470000147819519,0.3465000092983246
YOL077C,YDL207W,0,-5.6101203,0.15730610489845276,0.6470000147819519,0.3465999960899353
YNL272C,YDR023W,0,-5.610135,0.15726786851882935,0.6470000147819519,0.3467000126838684
YOR144C,YMR127C,0,-5.6101856,0.15722964704036713,0.6470000147819519,0.3467999994754791
YLR157C,YPR121W,0,-5.6101956,0.1571914553642273,0.6470000147819519,0.34689998626708984
YDR280W,YKL006C-A,0,-5.610293,0.15715326368808746,0.6470000147819519,0.34700000286102295
YPL170W,YDR323C,0,-5.6102977,0.15711510181427002,0.6470000147819519,0.34709998965263367
YNR015W,YBR061C,1,-5.610357,0.15731973946094513,0.6480000019073486,0.34709998965263367
YJL125C,YGR024C,1,-5.6106277,0.15752427279949188,0.6489999890327454,0.34709998965263367
YGL122C,YOL138C,0,-5.6107173,0.15748605132102966,0.6489999890327454,0.3472000062465668
YNL062C,YDL033C,1,-5.6107373,0.15769043564796448,0.6499999761581421,0.3472000062465668
YMR135C,YNL309W,0,-5.6107473,0.15765219926834106,0.6499999761581421,0.3472999930381775
YIL009C-A,YOR038C,0,-5.6108,0.15761396288871765,0.6499999761581421,0.3474000096321106
YFL036W,YDR330W,0,-5.610846,0.15757575631141663,0.6499999761581421,0.3474999964237213
YKL052C,YNL147W,0,-5.6108627,0.1575375646352768,0.6499999761581421,0.3476000130176544
YPR104C,YOR226C,0,-5.6115623,0.15749938786029816,0.6499999761581421,0.34769999980926514
YER146W,YKR079C,0,-5.611589,0.1574612408876419,0.6499999761581421,0.34779998660087585
YML128C,YPL089C,0,-5.6116323,0.15742310881614685,0.6499999761581421,0.34790000319480896
YBR060C,YDR235W,0,-5.611872,0.157384991645813,0.6499999761581421,0.3479999899864197
YNL053W,YNR034W,0,-5.6118827,0.15734688937664032,0.6499999761581421,0.3481000065803528
YHR171W,YLR286C,0,-5.612002,0.15730880200862885,0.6499999761581421,0.3481999933719635
YAL020C,YBL071W-A,1,-5.6120305,0.15751270949840546,0.6510000228881836,0.3481999933719635
YDR281C,YBR069C,0,-5.6121287,0.1574746072292328,0.6510000228881836,0.3483000099658966
YCL034W,YML103C,0,-5.612168,0.1574365198612213,0.6510000228881836,0.3483999967575073
YMR048W,YPL118W,0,-5.6121936,0.15739844739437103,0.6510000228881836,0.34850001335144043
YDR448W,YFR021W,0,-5.6125946,0.15736040472984314,0.6510000228881836,0.34860000014305115
YOL017W,YCR024C-A,0,-5.612777,0.15732237696647644,0.6510000228881836,0.34869998693466187
YDR058C,YPL144W,0,-5.612819,0.15728436410427094,0.6510000228881836,0.34880000352859497
YLR264W,YJL069C,0,-5.6130767,0.15724638104438782,0.6510000228881836,0.3488999903202057
YJL104W,YJR086W,0,-5.613101,0.1572083979845047,0.6510000228881836,0.3490000069141388
YPR105C,YGR275W,0,-5.6133566,0.15717044472694397,0.6510000228881836,0.3490999937057495
YGR204W,YPR181C,0,-5.61365,0.15713250637054443,0.6510000228881836,0.3492000102996826
YDR524C,YJR022W,0,-5.6137476,0.15709459781646729,0.6510000228881836,0.34929999709129333
YDR488C,YNL304W,0,-5.6138434,0.15705668926239014,0.6510000228881836,0.34940001368522644
YDR331W,YLL021W,0,-5.6139283,0.15701881051063538,0.6510000228881836,0.34950000047683716
YHR120W,YJL138C,0,-5.6139393,0.1569809466600418,0.6510000228881836,0.3495999872684479
YMR079W,YKR079C,0,-5.6139455,0.15694309771060944,0.6510000228881836,0.349700003862381
YDR176W,YBL022C,0,-5.613957,0.15690527856349945,0.6510000228881836,0.3497999906539917
YOR326W,YNR003C,0,-5.614274,0.15686747431755066,0.6510000228881836,0.3499000072479248
YJR131W,YMR284W,0,-5.614325,0.15682968497276306,0.6510000228881836,0.3499999940395355
YEL066W,YDL244W,0,-5.6144376,0.15679191052913666,0.6510000228881836,0.35010001063346863
YGR200C,YJL035C,1,-5.6144576,0.15699493885040283,0.6520000100135803,0.35010001063346863
YJR131W,YOL004W,0,-5.61473,0.15695714950561523,0.6520000100135803,0.35019999742507935
YOR207C,YDR025W,0,-5.614981,0.15691937506198883,0.6520000100135803,0.35030001401901245
YLR074C,YGL225W,0,-5.615044,0.15688161551952362,0.6520000100135803,0.35040000081062317
YFR014C,YGL137W,0,-5.615291,0.1568438708782196,0.6520000100135803,0.3504999876022339
YGL137W,YIL030C,0,-5.615357,0.15680615603923798,0.6520000100135803,0.350600004196167
YML011C,YFL037W,0,-5.615443,0.15676845610141754,0.6520000100135803,0.3506999909877777
YJL099W,YDR320C,0,-5.615898,0.1567307710647583,0.6520000100135803,0.3508000075817108
YHR197W,YBL052C,0,-5.615948,0.15669310092926025,0.6520000100135803,0.35089999437332153
YCR040W,YCL004W,0,-5.616115,0.1566554605960846,0.6520000100135803,0.35100001096725464
YJR025C,YBR193C,0,-5.6161494,0.15661782026290894,0.6520000100135803,0.35109999775886536
YGR200C,YDL208W,1,-5.616319,0.1568203717470169,0.652999997138977,0.35109999775886536
YJL219W,YAL043C,0,-5.6163626,0.15678271651268005,0.652999997138977,0.35120001435279846
YDR329C,YDR477W,0,-5.6164346,0.1567450761795044,0.652999997138977,0.3513000011444092
YLR197W,YJL035C,1,-5.616471,0.15694744884967804,0.6539999842643738,0.3513000011444092
YNL161W,YJL098W,0,-5.616523,0.1569097936153412,0.6539999842643738,0.3513999879360199
YGL012W,YGL013C,0,-5.616532,0.15687215328216553,0.6539999842643738,0.351500004529953
YML086C,YFL017W-A,0,-5.6167083,0.15683452785015106,0.6539999842643738,0.3515999913215637
YNL068C,YCR081W,0,-5.6167417,0.15679693222045898,0.6539999842643738,0.3517000079154968
YJL020C,YOR049C,0,-5.6169124,0.1567593514919281,0.6539999842643738,0.35179999470710754
YBL006C,YOR159C,0,-5.6172304,0.1567217856645584,0.6539999842643738,0.35190001130104065
YNR007C,YML016C,0,-5.617267,0.15668423473834991,0.6539999842643738,0.35199999809265137
YPL217C,YLL013C,0,-5.6173406,0.1566467136144638,0.6539999842643738,0.3521000146865845
YML109W,YOR084W,0,-5.6173496,0.1566091924905777,0.6539999842643738,0.3522000014781952
YJL076W,YHR197W,0,-5.617393,0.15657170116901398,0.6539999842643738,0.3522999882698059
YLR286C,YKL119C,0,-5.6174016,0.15653422474861145,0.6539999842643738,0.352400004863739
YGL075C,YKL130C,0,-5.617629,0.15649676322937012,0.6539999842643738,0.35249999165534973
YML092C,YOR361C,0,-5.6176496,0.15645933151245117,0.6539999842643738,0.35260000824928284
YJR094C,YIL073C,0,-5.6177444,0.15642191469669342,0.6539999842643738,0.35269999504089355
YLR231C,YJR127C,0,-5.6177673,0.15638449788093567,0.6539999842643738,0.35280001163482666
YLR102C,YDR009W,0,-5.6178155,0.1563471257686615,0.6539999842643738,0.3528999984264374
YER020W,YOR347C,0,-5.6183276,0.15630975365638733,0.6539999842643738,0.3529999852180481
YMR055C,YPL029W,0,-5.6183867,0.15627239644527435,0.6539999842643738,0.3531000018119812
YPL101W,YOR274W,1,-5.618484,0.15647396445274353,0.6549999713897705,0.3531000018119812
YLR405W,YDL033C,1,-5.6184998,0.15667542815208435,0.656000018119812,0.3531000018119812
YER016W,YMR006C,0,-5.618561,0.1566380113363266,0.656000018119812,0.3531999886035919
YMR319C,YFL026W,0,-5.6186786,0.15660062432289124,0.656000018119812,0.353300005197525
YOR243C,YNR046W,1,-5.6189446,0.15680190920829773,0.6570000052452087,0.353300005197525
YML121W,YJL148W,0,-5.61897,0.15676449239253998,0.6570000052452087,0.35339999198913574
YGR206W,YER012W,0,-5.619166,0.15672710537910461,0.6570000052452087,0.35350000858306885
YGL133W,YGL127C,0,-5.6191735,0.15668971836566925,0.6570000052452087,0.35359999537467957
YDR150W,YDR479C,0,-5.6191998,0.15665236115455627,0.6570000052452087,0.35370001196861267
YGR089W,YBR260C,0,-5.619266,0.1566150188446045,0.6570000052452087,0.3537999987602234
YDL148C,YOL039W,0,-5.619276,0.1565776914358139,0.6570000052452087,0.3538999855518341
YDR004W,YGL135W,0,-5.619393,0.1565403789281845,0.6570000052452087,0.3540000021457672
YDR436W,YKL034W,0,-5.6195297,0.1565030962228775,0.6570000052452087,0.35409998893737793
YOR123C,YFR034C,0,-5.6197658,0.1564658284187317,0.6570000052452087,0.35420000553131104
YNL072W,YBR175W,0,-5.6198287,0.15642857551574707,0.6570000052452087,0.35429999232292175
YIR028W,YDL229W,0,-5.619835,0.15639133751392365,0.6570000052452087,0.35440000891685486
YML110C,YOR162C,0,-5.6200767,0.1563541144132614,0.6570000052452087,0.3544999957084656
YDR309C,YJR021C,0,-5.6201496,0.15631692111492157,0.6570000052452087,0.3546000123023987
YLR096W,YPR125W,0,-5.6203012,0.15627972781658173,0.6570000052452087,0.3546999990940094
YGR109C,YOL144W,0,-5.6204677,0.15624256432056427,0.6570000052452087,0.3547999858856201
YFL050C,YJL109C,0,-5.620512,0.156205415725708,0.6570000052452087,0.3549000024795532
YJR017C,YDR518W,0,-5.6205606,0.15616829693317413,0.6570000052452087,0.35499998927116394
YOL115W,YNL262W,0,-5.6206245,0.15613117814064026,0.6570000052452087,0.35510000586509705
YBR135W,YDR259C,0,-5.6211057,0.15609408915042877,0.6570000052452087,0.35519999265670776
YDR176W,YMR089C,0,-5.621259,0.15605700016021729,0.6570000052452087,0.35530000925064087
YML005W,YDL201W,1,-5.6213045,0.15625742077827454,0.6579999923706055,0.35530000925064087
YCR047C,YGL122C,0,-5.6213074,0.15622031688690186,0.6579999923706055,0.3553999960422516
YGL151W,YDR167W,0,-5.621572,0.15618324279785156,0.6579999923706055,0.3555000126361847
YPR072W,YLR212C,0,-5.6216636,0.15614618360996246,0.6579999923706055,0.3555999994277954
YGR092W,YMR231W,0,-5.6217933,0.15610913932323456,0.6579999923706055,0.35569998621940613
YFR029W,YDL147W,0,-5.621861,0.15607210993766785,0.6579999923706055,0.35580000281333923
YGR254W,YEL016C,0,-5.6220083,0.15603509545326233,0.6579999923706055,0.35589998960494995
YHR079C,YGR006W,0,-5.6220546,0.1559981107711792,0.6579999923706055,0.35600000619888306
YKR037C,YML097C,0,-5.622177,0.15596112608909607,0.6579999923706055,0.3560999929904938
YJL081C,YIL119C,0,-5.622329,0.15592417120933533,0.6579999923706055,0.3562000095844269
YPL217C,YJR017C,0,-5.6224003,0.15588723123073578,0.6579999923706055,0.3562999963760376
YMR036C,YOL044W,0,-5.622404,0.15585030615329742,0.6579999923706055,0.3564000129699707
YLR320W,YMR149W,0,-5.6225867,0.15581339597702026,0.6579999923706055,0.3564999997615814
YKL045W,YFL017W-A,0,-5.6225953,0.1557765156030655,0.6579999923706055,0.35659998655319214
YML075C,YOR231W,0,-5.6227813,0.1557396501302719,0.6579999923706055,0.35670000314712524
YBR202W,YBL006C,0,-5.6227827,0.15570279955863953,0.6579999923706055,0.35679998993873596
YPL132W,YMR100W,0,-5.622851,0.15566596388816833,0.6579999923706055,0.35690000653266907
YOR056C,YLR467W,0,-5.622991,0.15562914311885834,0.6579999923706055,0.3569999933242798
YJL170C,YOR149C,0,-5.6230245,0.15559233725070953,0.6579999923706055,0.3571000099182129
YGR197C,YMR293C,0,-5.623143,0.15555556118488312,0.6579999923706055,0.3571999967098236
YER073W,YOR298W,0,-5.6232686,0.1555187851190567,0.6579999923706055,0.3573000133037567
YPR072W,YDR498C,0,-5.62331,0.15548203885555267,0.6579999923706055,0.35740000009536743
YLR197W,YNR015W,1,-5.62336,0.1556815505027771,0.6589999794960022,0.35740000009536743
YDL231C,YKL048C,0,-5.623407,0.15564477443695068,0.6589999794960022,0.35749998688697815
YLR115W,YML041C,0,-5.6234426,0.15560802817344666,0.6589999794960022,0.35760000348091125
YPL194W,YNL037C,0,-5.6235104,0.15557129681110382,0.6589999794960022,0.357699990272522
YGR132C,YLR240W,0,-5.623575,0.15553458034992218,0.6589999794960022,0.3578000068664551
YJL061W,YGL255W,0,-5.6239243,0.15549787878990173,0.6589999794960022,0.3578999936580658
YMR238W,YDR487C,0,-5.6240788,0.15546119213104248,0.6589999794960022,0.3580000102519989
YKL017C,YLR313C,0,-5.624102,0.15542453527450562,0.6589999794960022,0.3580999970436096
YER054C,YBL075C,0,-5.6241465,0.15538787841796875,0.6589999794960022,0.3582000136375427
YHR013C,YHR114W,0,-5.6243825,0.15535125136375427,0.6589999794960022,0.35830000042915344
YIL109C,YOL102C,0,-5.6246057,0.155314639210701,0.6589999794960022,0.35839998722076416
YBR202W,YMR167W,0,-5.624762,0.1552780419588089,0.6589999794960022,0.35850000381469727
YIL117C,YMR236W,0,-5.624782,0.155241459608078,0.6589999794960022,0.358599990606308
YDL160C,YHL007C,0,-5.624939,0.1552048921585083,0.6589999794960022,0.3587000072002411
YDL154W,YGL244W,0,-5.624944,0.155168354511261,0.6589999794960022,0.3587999939918518
YNR044W,YGR109C,0,-5.6252427,0.15513183176517487,0.6589999794960022,0.3589000105857849
YOR025W,YLR305C,0,-5.625315,0.15509532392024994,0.6589999794960022,0.35899999737739563
YOR298C-A,YKL015W,0,-5.6254163,0.1550588309764862,0.6589999794960022,0.35910001397132874
YGL055W,YPL057C,0,-5.625501,0.15502235293388367,0.6589999794960022,0.35920000076293945
YDL245C,YGR028W,0,-5.625527,0.15498588979244232,0.6589999794960022,0.35929998755455017
YHL038C,YBR295W,0,-5.6256213,0.15494944155216217,0.6589999794960022,0.3594000041484833
YLR381W,YDR337W,0,-5.625674,0.1549130231142044,0.6589999794960022,0.359499990940094
YML071C,YLR453C,0,-5.6257176,0.15487661957740784,0.6589999794960022,0.3596000075340271
YOR266W,YDR143C,0,-5.6257353,0.15484023094177246,0.6589999794960022,0.3596999943256378
YJR047C,YDL130W,0,-5.6257997,0.15480385720729828,0.6589999794960022,0.3598000109195709
YHR021C,YPL163C,0,-5.6258163,0.1547674983739853,0.6589999794960022,0.35989999771118164
YHL038C,YJL148W,0,-5.625822,0.1547311544418335,0.6589999794960022,0.36000001430511475
YJL030W,YBR030W,0,-5.6258397,0.1546948403120041,0.6589999794960022,0.36010000109672546
YPL076W,YOR344C,0,-5.625864,0.15465852618217468,0.6589999794960022,0.3601999878883362
YLR260W,YCR035C,0,-5.6259637,0.15462224185466766,0.6589999794960022,0.3603000044822693
YLR292C,YML015C,0,-5.6260924,0.15458597242832184,0.6589999794960022,0.36039999127388
YNL079C,YCL063W,0,-5.6261783,0.1545497179031372,0.6589999794960022,0.3605000078678131
YDR072C,YNL025C,0,-5.6265125,0.15451347827911377,0.6589999794960022,0.36059999465942383
YPR056W,YLR466W,0,-5.6265965,0.15447726845741272,0.6589999794960022,0.36070001125335693
YIR026C,YNL045W,0,-5.626781,0.15444105863571167,0.6589999794960022,0.36079999804496765
YEL063C,YDR058C,0,-5.6269674,0.154404878616333,0.6589999794960022,0.36090001463890076
YMR299C,YDR206W,0,-5.627006,0.15436869859695435,0.6589999794960022,0.3610000014305115
YBL098W,YDR130C,0,-5.6271358,0.15433254837989807,0.6589999794960022,0.3610999882221222
YGL013C,YHR034C,0,-5.627486,0.154296413064003,0.6589999794960022,0.3612000048160553
YHR164C,YNL070W,0,-5.62749,0.1542602926492691,0.6589999794960022,0.361299991607666
YLR233C,YJL187C,0,-5.6275687,0.1542242020368576,0.6589999794960022,0.3614000082015991
YKR031C,YNL128W,0,-5.6276155,0.1541881114244461,0.6589999794960022,0.36149999499320984
YOR078W,YPR131C,0,-5.6277475,0.154152050614357,0.6589999794960022,0.36160001158714294
YDL140C,YER151C,0,-5.62775,0.15411598980426788,0.6589999794960022,0.36169999837875366
YDR273W,YDL105W,0,-5.627847,0.15407995879650116,0.6589999794960022,0.3617999851703644
YOR147W,YML109W,0,-5.627892,0.15404394268989563,0.6589999794960022,0.3619000017642975
YGL247W,YJR090C,0,-5.6279645,0.1540079414844513,0.6589999794960022,0.3619999885559082
YNL280C,YGR133W,0,-5.6280155,0.15397195518016815,0.6589999794960022,0.3621000051498413
YFL023W,YDR323C,0,-5.628166,0.1539359986782074,0.6589999794960022,0.362199991941452
YMR312W,YDL208W,1,-5.6283402,0.15413358807563782,0.6600000262260437,0.362199991941452
YNL147W,YNL090W,0,-5.62839,0.15409760177135468,0.6600000262260437,0.36230000853538513
YMR145C,YOR172W,0,-5.6286025,0.15406163036823273,0.6600000262260437,0.36239999532699585
YHR157W,YOR229W,0,-5.6286225,0.15402567386627197,0.6600000262260437,0.36250001192092896
YML042W,YCR098C,0,-5.62863,0.1539897322654724,0.6600000262260437,0.3625999987125397
YAL020C,YOL093W,1,-5.6286545,0.15418708324432373,0.6610000133514404,0.3625999987125397
YER168C,YOR201C,1,-5.6287045,0.1543843299150467,0.6620000004768372,0.3625999987125397
YDL225W,YLL056C,0,-5.6287465,0.15434832870960236,0.6620000004768372,0.3626999855041504
YOL151W,YOR068C,0,-5.629089,0.1543123573064804,0.6620000004768372,0.3628000020980835
YMR048W,YLR086W,0,-5.629178,0.15427638590335846,0.6620000004768372,0.3628999888896942
YHR148W,YBL071W-A,1,-5.6292005,0.1544734388589859,0.6629999876022339,0.3628999888896942
YMR052W,YDR108W,0,-5.629458,0.15443745255470276,0.6629999876022339,0.3630000054836273
YER003C,YLR372W,0,-5.6294694,0.154401496052742,0.6629999876022339,0.36309999227523804
YBR080C,YFL060C,0,-5.62958,0.15436553955078125,0.6629999876022339,0.36320000886917114
YKR095W,YFR003C,0,-5.6296906,0.15432961285114288,0.6629999876022339,0.36329999566078186
YKL025C,YHL034C,0,-5.6298184,0.15429368615150452,0.6629999876022339,0.36340001225471497
YNR019W,YBR244W,0,-5.629844,0.15425778925418854,0.6629999876022339,0.3634999990463257
YAL020C,YML005W,1,-5.630182,0.1544545292854309,0.6639999747276306,0.3634999990463257
YEL069C,YNL053W,0,-5.630302,0.15441860258579254,0.6639999747276306,0.3635999858379364
YLR263W,YLR371W,0,-5.630339,0.15438270568847656,0.6639999747276306,0.3637000024318695
YOR274W,YPL212C,1,-5.630612,0.1545792669057846,0.6650000214576721,0.3637000024318695
YLR233C,YDR488C,0,-5.6309648,0.15454334020614624,0.6650000214576721,0.3637999892234802
YOR168W,YHR005C-A,0,-5.6311593,0.15450742840766907,0.6650000214576721,0.36390000581741333
YJR073C,YDL130W,0,-5.6312537,0.15447154641151428,0.6650000214576721,0.36399999260902405
YLR047C,YHR079C-A,0,-5.6314273,0.1544356644153595,0.6650000214576721,0.36410000920295715
YOL043C,YDR469W,0,-5.631528,0.1543998122215271,0.6650000214576721,0.36419999599456787
YLR035C,YKL062W,0,-5.6316295,0.1543639749288559,0.6650000214576721,0.364300012588501
YGR080W,YLR249W,0,-5.6319633,0.1543281525373459,0.6650000214576721,0.3643999993801117
YPR128C,YJR063W,0,-5.632007,0.15429234504699707,0.6650000214576721,0.3644999861717224
YMR287C,YGR179C,0,-5.6321034,0.15425655245780945,0.6650000214576721,0.3646000027656555
YNL111C,YML069W,0,-5.632301,0.15422077476978302,0.6650000214576721,0.36469998955726624
YMR145C,YBR212W,0,-5.6324887,0.15418502688407898,0.6650000214576721,0.36480000615119934
YML047C,YNL216W,0,-5.6324925,0.15414927899837494,0.6650000214576721,0.36489999294281006
YKL007W,YOL069W,0,-5.6325035,0.1541135609149933,0.6650000214576721,0.36500000953674316
YDL078C,YGR209C,0,-5.6325216,0.15407784283161163,0.6650000214576721,0.3650999963283539
YGR109C,YDR329C,0,-5.632648,0.15404215455055237,0.6650000214576721,0.365200012922287
YML036W,YGL051W,0,-5.6326833,0.1540064811706543,0.6650000214576721,0.3652999997138977
YMR011W,YPL196W,0,-5.632706,0.15397082269191742,0.6650000214576721,0.3653999865055084
YJR086W,YDL077C,0,-5.632791,0.15393517911434174,0.6650000214576721,0.36550000309944153
YLR015W,YFL029C,0,-5.632855,0.15389956533908844,0.6650000214576721,0.36559998989105225
YDR179C,YNL248C,0,-5.6328855,0.15386395156383514,0.6650000214576721,0.36570000648498535
YKL053C-A,YOR148C,0,-5.6329064,0.15382835268974304,0.6650000214576721,0.36579999327659607
YMR125W,YLR305C,0,-5.6331754,0.15379278361797333,0.6650000214576721,0.3659000098705292
YDR345C,YML021C,0,-5.6332364,0.1537572294473648,0.6650000214576721,0.3659999966621399
YDL113C,YNL042W,0,-5.633351,0.15372169017791748,0.6650000214576721,0.366100013256073
YGL190C,YPR178W,0,-5.6334224,0.15368615090847015,0.6650000214576721,0.3662000000476837
YML005W,YOL125W,1,-5.6336102,0.15388169884681702,0.6660000085830688,0.3662000000476837
YIL131C,YKR002W,0,-5.6336355,0.1538461595773697,0.6660000085830688,0.36629998683929443
YOR136W,YML118W,0,-5.6336665,0.15381062030792236,0.6660000085830688,0.36640000343322754
YNL258C,YGL216W,0,-5.6337495,0.15377511084079742,0.6660000085830688,0.36649999022483826
YDL148C,YML124C,0,-5.6338997,0.15373961627483368,0.6660000085830688,0.36660000681877136
YHR175W,YPL155C,0,-5.63395,0.15370413661003113,0.6660000085830688,0.3666999936103821
YMR303C,YNL222W,0,-5.633961,0.15366867184638977,0.6660000085830688,0.3668000102043152
YDR038C,YDR409W,0,-5.634009,0.1536332219839096,0.6660000085830688,0.3668999969959259
YDR516C,YGL033W,0,-5.634089,0.15359778702259064,0.6660000085830688,0.367000013589859
YIL068C,YJL056C,0,-5.634146,0.15356236696243286,0.6660000085830688,0.3671000003814697
YDR421W,YGL142C,0,-5.634149,0.15352697670459747,0.6660000085830688,0.36719998717308044
YGR199W,YKR031C,0,-5.6345167,0.15349158644676208,0.6660000085830688,0.36730000376701355
YDL076C,YDR449C,0,-5.6346545,0.15345622599124908,0.6660000085830688,0.36739999055862427
YDL003W,YGL022W,0,-5.6347013,0.15342086553573608,0.6660000085830688,0.3675000071525574
YNL329C,YML013W,0,-5.6348653,0.15338553488254547,0.6660000085830688,0.3675999939441681
YPR070W,YLR020C,0,-5.634898,0.15335021913051605,0.6660000085830688,0.3677000105381012
YLR157C,YHR116W,0,-5.635432,0.15331491827964783,0.6660000085830688,0.3677999973297119
YOR191W,YLR010C,0,-5.6355195,0.1532796323299408,0.6660000085830688,0.367900013923645
YDR524C,YMR202W,0,-5.635535,0.15324436128139496,0.6660000085830688,0.36800000071525574
YLR013W,YGR209C,0,-5.635711,0.15320910513401031,0.6660000085830688,0.36809998750686646
YLL036C,YPR187W,0,-5.635762,0.15317387878894806,0.6660000085830688,0.36820000410079956
YGL180W,YNL130C,0,-5.635875,0.1531386524438858,0.6660000085830688,0.3682999908924103
YDL132W,YHR102W,0,-5.635921,0.15310344099998474,0.6660000085830688,0.3684000074863434
YGL106W,YBR123C,0,-5.6363916,0.15306825935840607,0.6660000085830688,0.3684999942779541
YMR133W,YMR088C,0,-5.6365566,0.1530330926179886,0.6660000085830688,0.3686000108718872
YER045C,YMR029C,0,-5.636564,0.1529979258775711,0.6660000085830688,0.3686999976634979
YPL181W,YBR026C,0,-5.6367044,0.152962788939476,0.6660000085830688,0.36880001425743103
YNL164C,YDR427W,0,-5.6368775,0.15292766690254211,0.6660000085830688,0.36890000104904175
YOR341W,YPL180W,0,-5.63701,0.1528925597667694,0.6660000085830688,0.36899998784065247
YBL003C,YFL002C,0,-5.63707,0.1528574675321579,0.6660000085830688,0.36910000443458557
YMR021C,YFR030W,0,-5.63716,0.15282239019870758,0.6660000085830688,0.3691999912261963
YDR208W,YDR329C,0,-5.6371865,0.15278734266757965,0.6660000085830688,0.3693000078201294
YGR247W,YML010W,0,-5.6375175,0.15275229513645172,0.6660000085830688,0.3693999946117401
YNL082W,YIL138C,0,-5.6376004,0.15271726250648499,0.6660000085830688,0.3695000112056732
YFL034C-B,YOR208W,0,-5.637626,0.15268225967884064,0.6660000085830688,0.36959999799728394
YER155C,YCR005C,0,-5.637662,0.1526472568511963,0.6660000085830688,0.36970001459121704
YNL280C,YOR348C,0,-5.637703,0.15261228382587433,0.6660000085830688,0.36980000138282776
YCR066W,YGR281W,0,-5.637835,0.15257732570171356,0.6660000085830688,0.3698999881744385
YAL043C,YML091C,0,-5.6378403,0.1525423675775528,0.6660000085830688,0.3700000047683716
YPL266W,YOR243C,1,-5.6378627,0.15273642539978027,0.6669999957084656,0.3700000047683716
YPL266W,YGR024C,1,-5.6381288,0.15293040871620178,0.6679999828338623,0.3700000047683716
YIL117C,YGR185C,0,-5.6381593,0.15289540588855743,0.6679999828338623,0.3700999915599823
YLR355C,YLR010C,0,-5.6382523,0.15286041796207428,0.6679999828338623,0.3702000081539154
YBR041W,YIL066C,0,-5.638263,0.15282544493675232,0.6679999828338623,0.3702999949455261
YOL100W,YIL135C,0,-5.6384816,0.15279048681259155,0.6679999828338623,0.37040001153945923
YOR033C,YNL293W,0,-5.638535,0.15275554358959198,0.6679999828338623,0.37049999833106995
YDR302W,YLR265C,0,-5.6387067,0.1527206152677536,0.6679999828338623,0.37059998512268066
YMR312W,YML014W,1,-5.638742,0.15291428565979004,0.6690000295639038,0.37059998512268066
YCR020C,YPL193W,0,-5.6387944,0.15287934243679047,0.6690000295639038,0.37070000171661377
YPL266W,YHR187W,1,-5.638866,0.15307287871837616,0.6700000166893005,0.37070000171661377
YAL047C,YOR069W,0,-5.638916,0.1530379205942154,0.6700000166893005,0.3707999885082245
YLR305C,YIL135C,0,-5.638936,0.15300296247005463,0.6700000166893005,0.3709000051021576
YBR202W,YDR447C,0,-5.638945,0.15296803414821625,0.6700000166893005,0.3709999918937683
YEL069C,YKL051W,0,-5.638947,0.15293312072753906,0.6700000166893005,0.3711000084877014
YDL247W,YIL068C,0,-5.6390004,0.15289822220802307,0.6700000166893005,0.37119999527931213
YOR249C,YAL026C,0,-5.639058,0.15286333858966827,0.6700000166893005,0.37130001187324524
YHR072W-A,YML005W,1,-5.6391006,0.1530565619468689,0.6710000038146973,0.37130001187324524
YBR298C,YPL192C,0,-5.63925,0.1530216634273529,0.6710000038146973,0.37139999866485596
YPL171C,YKL038W,0,-5.6393304,0.1529867798089981,0.6710000038146973,0.3714999854564667
YIR002C,YHR066W,0,-5.6393504,0.1529518961906433,0.6710000038146973,0.3716000020503998
YAL040C,YGR172C,0,-5.6393523,0.1529170423746109,0.6710000038146973,0.3716999888420105
YML130C,YBR114W,0,-5.6393657,0.15288220345973969,0.6710000038146973,0.3718000054359436
YLR380W,YDR143C,0,-5.639385,0.15284737944602966,0.6710000038146973,0.3718999922275543
YLR197W,YDL033C,1,-5.6399226,0.1530403047800064,0.671999990940094,0.3718999922275543
YGL192W,YOR310C,1,-5.639947,0.15323315560817719,0.6729999780654907,0.3718999922275543
YIL117C,YFL017W-A,0,-5.6402793,0.1531982719898224,0.6729999780654907,0.3720000088214874
YDL220C,YML107C,0,-5.6402965,0.15316340327262878,0.6729999780654907,0.37209999561309814
YLR191W,YIL073C,0,-5.640339,0.15312854945659637,0.6729999780654907,0.37220001220703125
YEL063C,YIR013C,0,-5.6406236,0.15309372544288635,0.6729999780654907,0.37229999899864197
YDL033C,YNR015W,1,-5.6406813,0.15328633785247803,0.6740000247955322,0.37229999899864197
YMR038C,YPL253C,0,-5.640798,0.15325148403644562,0.6740000247955322,0.3723999857902527
YBL030C,YKL197C,0,-5.640857,0.1532166451215744,0.6740000247955322,0.3725000023841858
YGR140W,YJL104W,0,-5.640916,0.15318182110786438,0.6740000247955322,0.3725999891757965
YHL019C,YOL090W,0,-5.6410117,0.15314701199531555,0.6740000247955322,0.3727000057697296
YNR038W,YBR106W,0,-5.641031,0.15311221778392792,0.6740000247955322,0.37279999256134033
YDL007W,YGL229C,0,-5.6410575,0.15307745337486267,0.6740000247955322,0.37290000915527344
YBR233W-A,YDL120W,0,-5.6411376,0.15304268896579742,0.6740000247955322,0.37299999594688416
YBR038W,YGL037C,0,-5.6413336,0.15300793945789337,0.6740000247955322,0.37310001254081726
YGR092W,YDR480W,0,-5.6413484,0.1529732197523117,0.6740000247955322,0.373199999332428
YBL013W,YOL108C,0,-5.6414237,0.15293850004673004,0.6740000247955322,0.3732999861240387
YCR082W,YIL125W,0,-5.641459,0.15290381014347076,0.6740000247955322,0.3734000027179718
YDL117W,YMR139W,0,-5.6416116,0.15286913514137268,0.6740000247955322,0.3734999895095825
YDR298C,YML011C,0,-5.6416664,0.1528344601392746,0.6740000247955322,0.3736000061035156
YOL078W,YGR178C,0,-5.6418777,0.1527998149394989,0.6740000247955322,0.37369999289512634
YNL021W,YGR144W,0,-5.642033,0.1527651846408844,0.6740000247955322,0.37380000948905945
YJL178C,YGR218W,0,-5.6421986,0.1527305692434311,0.6740000247955322,0.37389999628067017
YLR201C,YHR190W,0,-5.6422586,0.15269596874713898,0.6740000247955322,0.37400001287460327
YBR073W,YGR213C,0,-5.6423554,0.15266138315200806,0.6740000247955322,0.374099999666214
YEL019C,YPL156C,0,-5.642363,0.15262681245803833,0.6740000247955322,0.3741999864578247
YDR207C,YML093W,0,-5.6427174,0.1525922566652298,0.6740000247955322,0.3743000030517578
YKL048C,YOR132W,0,-5.643111,0.15255771577358246,0.6740000247955322,0.37439998984336853
YHR114W,YOR329C,0,-5.6433287,0.1525231897830963,0.6740000247955322,0.37450000643730164
YIL009W,YHR176W,0,-5.643335,0.15248869359493256,0.6740000247955322,0.37459999322891235
YGR218W,YHL027W,0,-5.64341,0.1524541974067688,0.6740000247955322,0.37470000982284546
YDR272W,YIL160C,0,-5.6436367,0.15241971611976624,0.6740000247955322,0.3747999966144562
YDL074C,YNL214W,0,-5.6436987,0.15238526463508606,0.6740000247955322,0.3749000132083893
YAL029C,YFR005C,0,-5.6437154,0.15235081315040588,0.6740000247955322,0.375
YLR276C,YNL047C,0,-5.6437926,0.1523163914680481,0.6740000247955322,0.3750999867916107
YPR017C,YDR432W,0,-5.6440988,0.1522819697856903,0.6740000247955322,0.3752000033855438
YOR151C,YDR450W,0,-5.644325,0.1522475779056549,0.6740000247955322,0.37529999017715454
YBR298C,YER106W,0,-5.6443353,0.1522131860256195,0.6740000247955322,0.37540000677108765
YMR109W,YGL126W,0,-5.6443353,0.1521788239479065,0.6740000247955322,0.37549999356269836
YAL020C,YER127W,1,-5.6444926,0.15237019956111908,0.675000011920929,0.37549999356269836
YNL192W,YBL003C,0,-5.6445317,0.15233582258224487,0.675000011920929,0.37560001015663147
YDR358W,YER147C,0,-5.644564,0.15230144560337067,0.675000011920929,0.3756999969482422
YOR031W,YBR275C,0,-5.644789,0.15226708352565765,0.675000011920929,0.3758000135421753
YDR270W,YBR156C,0,-5.6451383,0.15223275125026703,0.675000011920929,0.375900000333786
YDR318W,YBL030C,0,-5.6453233,0.1521984189748764,0.675000011920929,0.37599998712539673
YPL269W,YKL079W,0,-5.645342,0.15216411650180817,0.675000011920929,0.37610000371932983
YDR450W,YBR143C,0,-5.645453,0.15212981402873993,0.675000011920929,0.37619999051094055
YPL101W,YBL071W-A,1,-5.645587,0.15232086181640625,0.6759999990463257,0.37619999051094055
YNL214W,YER089C,0,-5.6456194,0.15228654444217682,0.6759999990463257,0.37630000710487366
YGL017W,YOR213C,0,-5.6459394,0.15225225687026978,0.6759999990463257,0.3763999938964844
YIL049W,YJR140C,0,-5.645982,0.15221796929836273,0.6759999990463257,0.3765000104904175
YBR186W,YOR229W,0,-5.646169,0.15218369662761688,0.6759999990463257,0.3765999972820282
YDR375C,YIL097W,0,-5.6462016,0.15214945375919342,0.6759999990463257,0.3767000138759613
YDR097C,YDL106C,0,-5.6463737,0.15211521089076996,0.6759999990463257,0.376800000667572
YOR094W,YDR364C,0,-5.6463885,0.1520809829235077,0.6759999990463257,0.37689998745918274
YER088C,YML052W,0,-5.646538,0.1520467847585678,0.6759999990463257,0.37700000405311584
YER168C,YMR283C,1,-5.646698,0.15223746001720428,0.6769999861717224,0.37700000405311584
YHR191C,YPL240C,0,-5.6467605,0.15220323204994202,0.6769999861717224,0.37709999084472656
YMR287C,YBR245C,0,-5.6468053,0.15216903388500214,0.6769999861717224,0.37720000743865967
YJR140C,YBL052C,0,-5.64691,0.15213483572006226,0.6769999861717224,0.3772999942302704
YPL032C,YGR072W,0,-5.6470504,0.15210065245628357,0.6769999861717224,0.3774000108242035
YHR107C,YDR422C,0,-5.647182,0.15206648409366608,0.6769999861717224,0.3774999976158142
YMR164C,YLR066W,0,-5.647203,0.15203233063220978,0.6769999861717224,0.3776000142097473
YCR034W,YGL055W,0,-5.6472306,0.15199820697307587,0.6769999861717224,0.37770000100135803
YBR093C,YER180C-A,0,-5.64726,0.15196408331394196,0.6769999861717224,0.37779998779296875
YGL223C,YFL003C,0,-5.647304,0.15192998945713043,0.6769999861717224,0.37790000438690186
YML006C,YPL240C,0,-5.6473217,0.1518958956003189,0.6769999861717224,0.3779999911785126
YPR056W,YGR296W,0,-5.6474686,0.15186181664466858,0.6769999861717224,0.3781000077724457
YDL178W,YGL016W,0,-5.6475234,0.15182776749134064,0.6769999861717224,0.3781999945640564
YPL175W,YNL066W,0,-5.6475663,0.1517937183380127,0.6769999861717224,0.3783000111579895
YBR021W,YJR002W,0,-5.647759,0.15175969898700714,0.6769999861717224,0.3783999979496002
YMR220W,YDR386W,0,-5.6480894,0.1517256796360016,0.6769999861717224,0.3785000145435333
YDL213C,YDR450W,0,-5.6481514,0.15169169008731842,0.6769999861717224,0.37860000133514404
YDR150W,YLR009W,0,-5.648227,0.15165770053863525,0.6769999861717224,0.37869998812675476
YJR121W,YOR028C,0,-5.6482806,0.15162374079227448,0.6769999861717224,0.37880000472068787
YDL208W,YNR015W,1,-5.6483226,0.15181370079517365,0.6779999732971191,0.37880000472068787
YOR073W,YCR073C,0,-5.648493,0.15177971124649048,0.6779999732971191,0.3788999915122986
YER054C,YLR066W,0,-5.648579,0.1517457515001297,0.6779999732971191,0.3790000081062317
YMR198W,YPL258C,0,-5.64894,0.15171179175376892,0.6779999732971191,0.3790999948978424
YLR438C-A,YFR004W,0,-5.6490035,0.15167784690856934,0.6779999732971191,0.3792000114917755
YMR052W,YER024W,0,-5.649021,0.15164393186569214,0.6779999732971191,0.37929999828338623
YHR005C,YNL227C,0,-5.6490397,0.15161001682281494,0.6779999732971191,0.37940001487731934
YKR007W,YKR057W,0,-5.6490445,0.15157611668109894,0.6779999732971191,0.37950000166893005
YDR214W,YOL060C,0,-5.6490664,0.15154224634170532,0.6779999732971191,0.37959998846054077
YPL221W,YLR266C,0,-5.64908,0.1515083760023117,0.6779999732971191,0.3797000050544739
YNL280C,YMR104C,0,-5.64921,0.15147453546524048,0.6779999732971191,0.3797999918460846
YNR002C,YDR272W,0,-5.649231,0.15144069492816925,0.6779999732971191,0.3799000084400177
YER105C,YDR478W,0,-5.6494317,0.1514068841934204,0.6779999732971191,0.3799999952316284
YNL275W,YPR046W,0,-5.649507,0.15137307345867157,0.6779999732971191,0.3801000118255615
YGL063W,YGR169C,1,-5.6496553,0.15156249701976776,0.6790000200271606,0.3801000118255615
YBL078C,YLR240W,0,-5.6497874,0.15152867138385773,0.6790000200271606,0.38019999861717224
YOR349W,YML093W,0,-5.6498084,0.15149487555027008,0.6790000200271606,0.38029998540878296
YPL149W,YNL007C,0,-5.649888,0.15146107971668243,0.6790000200271606,0.38040000200271606
YIL121W,YDR078C,0,-5.6501575,0.15142729878425598,0.6790000200271606,0.3804999887943268
YLR107W,YOR054C,0,-5.6501927,0.15139353275299072,0.6790000200271606,0.3806000053882599
YMR312W,YDL033C,1,-5.650195,0.15158270299434662,0.6800000071525574,0.3806000053882599
YER070W,YER024W,0,-5.650376,0.15154892206192017,0.6800000071525574,0.3806999921798706
YPR193C,YBL022C,0,-5.65048,0.1515151560306549,0.6800000071525574,0.3808000087738037
YML011C,YHR079C-A,0,-5.6504865,0.15148140490055084,0.6800000071525574,0.38089999556541443
YLR304C,YDL046W,0,-5.6505504,0.15144766867160797,0.6800000071525574,0.38100001215934753
YML130C,YKL060C,0,-5.6506014,0.1514139324426651,0.6800000071525574,0.38109999895095825
YAL020C,YDL201W,1,-5.650665,0.1516028493642807,0.6809999942779541,0.38109999895095825
YKL042W,YDR484W,0,-5.6507115,0.15156911313533783,0.6809999942779541,0.38119998574256897
YFL048C,YMR015C,0,-5.650745,0.15153537690639496,0.6809999942779541,0.3813000023365021
YOR133W,YMR272C,0,-5.650808,0.15150167047977448,0.6809999942779541,0.3813999891281128
YLR197W,YGR024C,1,-5.650995,0.15169039368629456,0.6819999814033508,0.3813999891281128
YJL076W,YGR178C,0,-5.651143,0.15165665745735168,0.6819999814033508,0.3815000057220459
YER045C,YHR115C,0,-5.6512775,0.15162293612957,0.6819999814033508,0.3815999925136566
YJR084W,YGL233W,0,-5.6513476,0.15158924460411072,0.6819999814033508,0.3817000091075897
YNL080C,YHR161C,0,-5.651392,0.15155555307865143,0.6819999814033508,0.38179999589920044
YOR346W,YLL021W,0,-5.6514225,0.15152189135551453,0.6819999814033508,0.38190001249313354
YDL033C,YML014W,1,-5.6514716,0.15171034634113312,0.6830000281333923,0.38190001249313354
YGL073W,YFL017W-A,0,-5.6514773,0.15167665481567383,0.6830000281333923,0.38199999928474426
YDR318W,YFL037W,0,-5.651561,0.15164297819137573,0.6830000281333923,0.382099986076355
YLR157C,YOR348C,0,-5.651713,0.15160931646823883,0.6830000281333923,0.3822000026702881
YLR377C,YKL029C,0,-5.6517625,0.15157566964626312,0.6830000281333923,0.3822999894618988
YOL165C,YPL159C,0,-5.651817,0.1515420526266098,0.6830000281333923,0.3824000060558319
YMR168C,YDR045C,0,-5.652027,0.15150843560695648,0.6830000281333923,0.3824999928474426
YMR238W,YBR058C,0,-5.652289,0.15147483348846436,0.6830000281333923,0.38260000944137573
YBR211C,YNL025C,0,-5.6523824,0.15144124627113342,0.6830000281333923,0.38269999623298645
YML132W,YMR100W,0,-5.652522,0.15140767395496368,0.6830000281333923,0.38280001282691956
YPL195W,YDL020C,0,-5.6527996,0.15137411653995514,0.6830000281333923,0.3828999996185303
YBL071W-A,YNR046W,1,-5.6528287,0.1515621542930603,0.6840000152587891,0.3828999996185303
YMR281W,YPR163C,0,-5.6529994,0.15152858197689056,0.6840000152587891,0.382999986410141
YNR038W,YNL250W,0,-5.653033,0.15149500966072083,0.6840000152587891,0.3831000030040741
YKL073W,YKR101W,0,-5.6530557,0.15146146714687347,0.6840000152587891,0.3831999897956848
YHR011W,YHR090C,0,-5.6530757,0.15142793953418732,0.6840000152587891,0.3833000063896179
YPR200C,YNL138W,0,-5.653079,0.15139442682266235,0.6840000152587891,0.38339999318122864
YOR298W,YJR112W,0,-5.653092,0.1513609141111374,0.6840000152587891,0.38350000977516174
YMR276W,YDL170W,0,-5.653127,0.15132743120193481,0.6840000152587891,0.38359999656677246
YIL121W,YGR046W,0,-5.653259,0.15129396319389343,0.6840000152587891,0.38370001316070557
YHR120W,YMR182C,0,-5.6532774,0.15126051008701324,0.6840000152587891,0.3837999999523163
YOR294W,YEL057C,0,-5.6533146,0.15122705698013306,0.6840000152587891,0.383899986743927
YDL040C,YDR469W,0,-5.653539,0.15119363367557526,0.6840000152587891,0.3840000033378601
YCL052C,YJL173C,0,-5.653544,0.15116022527217865,0.6840000152587891,0.3840999901294708
YKR019C,YDR091C,0,-5.6535983,0.15112681686878204,0.6840000152587891,0.38420000672340393
YGL254W,YLR055C,0,-5.6536326,0.15109343826770782,0.6840000152587891,0.38429999351501465
YPL212C,YDL033C,1,-5.653792,0.15128092467784882,0.6850000023841858,0.38429999351501465
YMR309C,YBL075C,0,-5.6537986,0.1512475162744522,0.6850000023841858,0.38440001010894775
YKL012W,YIR018W,0,-5.6541767,0.1512141227722168,0.6850000023841858,0.38449999690055847
YPL267W,YHL025W,0,-5.654262,0.15118075907230377,0.6850000023841858,0.3846000134944916
YLR288C,YGR030C,0,-5.6542635,0.15114739537239075,0.6850000023841858,0.3847000002861023
YIL139C,YGL044C,0,-5.6542654,0.15111404657363892,0.6850000023841858,0.384799987077713
YNR017W,YER120W,0,-5.6543384,0.15108072757720947,0.6850000023841858,0.3849000036716461
YKL089W,YJL087C,0,-5.654364,0.15104740858078003,0.6850000023841858,0.38499999046325684
YGL155W,YER151C,0,-5.6544476,0.15101410448551178,0.6850000023841858,0.38510000705718994
YBR135W,YGL162W,0,-5.6545253,0.15098083019256592,0.6850000023841858,0.38519999384880066
YDR385W,YHL022C,0,-5.654713,0.15094755589962006,0.6850000023841858,0.38530001044273376
YLR011W,YLR016C,0,-5.654863,0.1509142965078354,0.6850000023841858,0.3853999972343445
YPR055W,YNL160W,0,-5.654952,0.15088105201721191,0.6850000023841858,0.3855000138282776
YNL015W,YPL154C,0,-5.6549745,0.15084783732891083,0.6850000023841858,0.3856000006198883
YER007W,YGR280C,0,-5.655025,0.15081462264060974,0.6850000023841858,0.385699987411499
YDL101C,YNL145W,0,-5.655092,0.15078142285346985,0.6850000023841858,0.38580000400543213
YIL044C,YNR054C,0,-5.655144,0.15074823796749115,0.6850000023841858,0.38589999079704285
YMR312W,YNL075W,1,-5.655151,0.150935098528862,0.6859999895095825,0.38589999079704285
YGL119W,YGL180W,0,-5.655196,0.1509018987417221,0.6859999895095825,0.38600000739097595
YML099C,YDR398W,0,-5.6552653,0.15086869895458221,0.6859999895095825,0.38609999418258667
YLR216C,YDR523C,0,-5.6554694,0.1508355289697647,0.6859999895095825,0.3862000107765198
YPL211W,YLR066W,0,-5.655506,0.1508023738861084,0.6859999895095825,0.3862999975681305
YCL038C,YGR246C,0,-5.6555424,0.15076923370361328,0.6859999895095825,0.3864000141620636
YOL013C,YHR186C,0,-5.6556144,0.15073610842227936,0.6859999895095825,0.3865000009536743
YOR274W,YOR310C,1,-5.6559253,0.15092267096042633,0.6869999766349792,0.3865000009536743
YNL021W,YGL049C,0,-5.6559863,0.1508895307779312,0.6869999766349792,0.38659998774528503
YER133W,YPR121W,0,-5.6560407,0.1508563905954361,0.6869999766349792,0.38670000433921814
YJR118C,YAL002W,0,-5.656116,0.15082326531410217,0.6869999766349792,0.38679999113082886
YGL206C,YAR035W,0,-5.656448,0.15079016983509064,0.6869999766349792,0.38690000772476196
YHR191C,YML097C,0,-5.6567054,0.1507570743560791,0.6869999766349792,0.3869999945163727
YPL181W,YNL243W,0,-5.6567082,0.15072400867938995,0.6869999766349792,0.3871000111103058
YDR072C,YER147C,0,-5.656716,0.1506909430027008,0.6869999766349792,0.3871999979019165
YPL051W,YGL025C,0,-5.656773,0.15065789222717285,0.6869999766349792,0.3873000144958496
YKL172W,YLR096W,0,-5.657062,0.1506248563528061,0.6869999766349792,0.3874000012874603
YMR219W,YIL038C,0,-5.6573324,0.15059185028076172,0.6869999766349792,0.38749998807907104
YBR290W,YNL139C,0,-5.6573386,0.15055884420871735,0.6869999766349792,0.38760000467300415
YJR137C,YKL048C,0,-5.6577,0.15052585303783417,0.6869999766349792,0.38769999146461487
YOL122C,YFL037W,0,-5.657863,0.15049287676811218,0.6869999766349792,0.387800008058548
YLR013W,YHR163W,0,-5.658186,0.1504599153995514,0.6869999766349792,0.3878999948501587
YNL233W,YGR258C,0,-5.658239,0.1504269689321518,0.6869999766349792,0.3880000114440918
YGR089W,YBR240C,0,-5.658415,0.15039405226707458,0.6869999766349792,0.3880999982357025
YPL192C,YDR028C,0,-5.65842,0.15036113560199738,0.6869999766349792,0.3882000148296356
YAL024C,YBR105C,0,-5.658501,0.15032823383808136,0.6869999766349792,0.38830000162124634
YOR056C,YDR279W,0,-5.658611,0.15029534697532654,0.6869999766349792,0.38839998841285706
YLR110C,YOL055C,0,-5.658778,0.15026246011257172,0.6869999766349792,0.38850000500679016
YMR283C,YDL033C,1,-5.6588416,0.150448277592659,0.6880000233650208,0.38850000500679016
YHR187W,YGL192W,1,-5.658878,0.1506340205669403,0.6890000104904175,0.38850000500679016
YJL090C,YDR346C,0,-5.6589713,0.1506010890007019,0.6890000104904175,0.3885999917984009
YJR147W,YCL004W,0,-5.6592803,0.1505681872367859,0.6890000104904175,0.388700008392334
YMR303C,YHR041C,0,-5.659316,0.15053528547286987,0.6890000104904175,0.3887999951839447
YOR168W,YPL124W,0,-5.659377,0.15050239861011505,0.6890000104904175,0.3889000117778778
YPL086C,YHR072W-A,1,-5.6595316,0.15068791806697845,0.6899999976158142,0.3889000117778778
YDR143C,YMR127C,0,-5.6596694,0.15065501630306244,0.6899999976158142,0.3889999985694885
YIL073C,YMR293C,0,-5.6596713,0.15062212944030762,0.6899999976158142,0.38909998536109924
YLR096W,YKL006C-A,0,-5.6596866,0.150589257478714,0.6899999976158142,0.38920000195503235
YMR168C,YAL023C,0,-5.6599584,0.15055640041828156,0.6899999976158142,0.38929998874664307
YDR214W,YBR286W,0,-5.6600842,0.15052355825901031,0.6899999976158142,0.38940000534057617
YAL022C,YKR052C,0,-5.660287,0.15049073100090027,0.6899999976158142,0.3894999921321869
YMR224C,YOR367W,0,-5.660359,0.15045791864395142,0.6899999976158142,0.38960000872612
YGR179C,YIR006C,0,-5.6604066,0.15042512118816376,0.6899999976158142,0.3896999955177307
YPL181W,YGR010W,0,-5.6604404,0.1503923237323761,0.6899999976158142,0.3898000121116638
YER164W,YAR003W,0,-5.660506,0.15035955607891083,0.6899999976158142,0.38989999890327454
YLR197W,YML014W,1,-5.660518,0.1505446583032608,0.6909999847412109,0.38989999890327454
YNL290W,YJL098W,0,-5.660546,0.15051187574863434,0.6909999847412109,0.38999998569488525
YGR036C,YOR288C,0,-5.6605725,0.15047909319400787,0.6909999847412109,0.39010000228881836
YPR176C,YKR086W,0,-5.6607747,0.1504463255405426,0.6909999847412109,0.3901999890804291
YBL024W,YNR015W,1,-5.6607943,0.15063126385211945,0.6919999718666077,0.3901999890804291
YLR274W,YPL076W,0,-5.6608596,0.15059848129749298,0.6919999718666077,0.3903000056743622
YGR258C,YLR430W,0,-5.660947,0.1505657136440277,0.6919999718666077,0.3903999924659729
YGR075C,YIR018W,0,-5.6610923,0.15053296089172363,0.6919999718666077,0.390500009059906
YLL038C,YNL209W,0,-5.6611924,0.15050022304058075,0.6919999718666077,0.3905999958515167
YBL024W,YML005W,1,-5.661491,0.15068493783473969,0.6930000185966492,0.3905999958515167
YJL125C,YOR274W,1,-5.6616488,0.15086956322193146,0.6940000057220459,0.3905999958515167
YDR022C,YDL076C,0,-5.661681,0.150836780667305,0.6940000057220459,0.39070001244544983
YHL040C,YPL224C,0,-5.6618757,0.15080399811267853,0.6940000057220459,0.39079999923706055
YML099C,YDL155W,0,-5.66196,0.15077123045921326,0.6940000057220459,0.39089998602867126
YGR264C,YLR138W,0,-5.662426,0.15073849260807037,0.6940000057220459,0.39100000262260437
YER172C,YMR077C,0,-5.6624393,0.1507057547569275,0.6940000057220459,0.3910999894142151
YIL066C,YIR011C,0,-5.6624656,0.1506730318069458,0.6940000057220459,0.3912000060081482
YMR008C,YNL243W,0,-5.6628337,0.1506403237581253,0.6940000057220459,0.3912999927997589
YML046W,YHR090C,0,-5.6628466,0.1506076455116272,0.6940000057220459,0.391400009393692
YHR013C,YOR129C,0,-5.6630626,0.1505749672651291,0.6940000057220459,0.39149999618530273
YDL087C,YLR079W,0,-5.6630797,0.15054230391979218,0.6940000057220459,0.39160001277923584
YIL131C,YBR048W,0,-5.663114,0.15050965547561646,0.6940000057220459,0.39169999957084656
YJL176C,YDR472W,0,-5.6632905,0.15047702193260193,0.6940000057220459,0.3917999863624573
YBR112C,YPL029W,0,-5.6633925,0.1504444032907486,0.6940000057220459,0.3919000029563904
YIL160C,YDR207C,0,-5.6633954,0.15041178464889526,0.6940000057220459,0.3919999897480011
YGR218W,YDR259C,0,-5.6634965,0.15037919580936432,0.6940000057220459,0.3921000063419342
YPL110C,YDR330W,0,-5.663504,0.15034662187099457,0.6940000057220459,0.3921999931335449
YHR107C,YBR058C,0,-5.6638355,0.150314062833786,0.6940000057220459,0.392300009727478
YLR265C,YPR055W,0,-5.663873,0.15028150379657745,0.6940000057220459,0.39239999651908875
YMR073C,YNL312W,0,-5.6639113,0.15024897456169128,0.6940000057220459,0.39250001311302185
YMR072W,YBR123C,0,-5.6639934,0.15021644532680511,0.6940000057220459,0.39259999990463257
YNR033W,YGL245W,0,-5.6641464,0.15018394589424133,0.6940000057220459,0.3926999866962433
YLR175W,YDL033C,1,-5.6642632,0.15036781132221222,0.6949999928474426,0.3926999866962433
YDR108W,YGL175C,0,-5.664355,0.15033528208732605,0.6949999928474426,0.3928000032901764
YBR039W,YDR425W,0,-5.664574,0.15030276775360107,0.6949999928474426,0.3928999900817871
YOR354C,YNL334C,0,-5.664824,0.1502702683210373,0.6949999928474426,0.3930000066757202
YCR005C,YJR104C,0,-5.664828,0.1502377837896347,0.6949999928474426,0.39309999346733093
YBR205W,YGL055W,0,-5.664926,0.1502053141593933,0.6949999928474426,0.39320001006126404
YDL004W,YML013W,0,-5.6649337,0.1501728594303131,0.6949999928474426,0.39329999685287476
YGL105W,YDR279W,0,-5.665038,0.1501404196023941,0.6949999928474426,0.39340001344680786
YHL020C,YNL026W,0,-5.665426,0.1501079946756363,0.6949999928474426,0.3935000002384186
YOL044W,YDL006W,0,-5.665527,0.15007558465003967,0.6949999928474426,0.3935999870300293
YCR077C,YIL123W,0,-5.6656413,0.15004317462444305,0.6949999928474426,0.3937000036239624
YDR459C,YMR284W,0,-5.665728,0.15001079440116882,0.6949999928474426,0.3937999904155731
YDR224C,YGR258C,0,-5.6658874,0.1499784141778946,0.6949999928474426,0.3939000070095062
YLR141W,YPL157W,0,-5.665978,0.14994606375694275,0.6949999928474426,0.39399999380111694
YNL008C,YDL132W,0,-5.6660657,0.1499137133359909,0.6949999928474426,0.39410001039505005
YDL208W,YPL212C,1,-5.666332,0.1500970423221588,0.6959999799728394,0.39410001039505005
YKR061W,YPR086W,0,-5.666392,0.15006467700004578,0.6959999799728394,0.39419999718666077
YER044C,YOL095C,0,-5.6666746,0.15003234148025513,0.6959999799728394,0.39430001378059387
YNL116W,YOL004W,0,-5.6667066,0.15000000596046448,0.6959999799728394,0.3944000005722046
YPL200W,YDR159W,0,-5.6667457,0.14996768534183502,0.6959999799728394,0.3944999873638153
YLR405W,YNR015W,1,-5.666945,0.15015079081058502,0.6970000267028809,0.3944999873638153
YHR011W,YNL025C,0,-5.6672745,0.15011845529079437,0.6970000267028809,0.3946000039577484
YNL145W,YNL231C,0,-5.66733,0.15008613467216492,0.6970000267028809,0.39469999074935913
YMR316W,YGR213C,0,-5.667369,0.15005381405353546,0.6970000267028809,0.39480000734329224
YDR524C,YBR211C,0,-5.667463,0.1500215232372284,0.6970000267028809,0.39489999413490295
YDR153C,YMR322C,0,-5.6675506,0.14998924732208252,0.6970000267028809,0.39500001072883606
YGL066W,YGR080W,0,-5.6675763,0.14995697140693665,0.6970000267028809,0.3950999975204468
YNL329C,YGL208W,0,-5.667585,0.14992471039295197,0.6970000267028809,0.3952000141143799
YDL008W,YGR090W,0,-5.6676555,0.14989247918128967,0.6970000267028809,0.3953000009059906
YIL019W,YLL027W,0,-5.6676784,0.14986024796962738,0.6970000267028809,0.3953999876976013
YGR116W,YBL034C,0,-5.6677337,0.14982803165912628,0.6970000267028809,0.3955000042915344
YOR310C,YGL063W,1,-5.6678643,0.15001074969768524,0.6980000138282776,0.3955000042915344
YKR034W,YFR034C,0,-5.6679077,0.14997851848602295,0.6980000138282776,0.39559999108314514
YIL053W,YER074W-A,0,-5.667928,0.14994628727436066,0.6980000138282776,0.39570000767707825
YOR211C,YGR144W,0,-5.668079,0.14991408586502075,0.6980000138282776,0.39579999446868896
YDR516C,YGR270W,0,-5.6681824,0.14988189935684204,0.6980000138282776,0.39590001106262207
YOR217W,YOR069W,0,-5.6683135,0.14984972774982452,0.6980000138282776,0.3959999978542328
YLR319C,YOR351C,0,-5.668554,0.149817556142807,0.6980000138282776,0.3961000144481659
YIL085C,YPL036W,0,-5.668595,0.14978541433811188,0.6980000138282776,0.3962000012397766
YNR043W,YHR163W,0,-5.6686797,0.14975327253341675,0.6980000138282776,0.39629998803138733
YPR068C,YDL003W,0,-5.668712,0.1497211456298828,0.6980000138282776,0.39640000462532043
YHR188C,YOL090W,0,-5.668779,0.14968904852867126,0.6980000138282776,0.39649999141693115
YOR028C,YPL076W,0,-5.669007,0.14965695142745972,0.6980000138282776,0.39660000801086426
YFL003C,YPL171C,0,-5.6690564,0.14962486922740936,0.6980000138282776,0.396699994802475
YGR181W,YBR058C-A,0,-5.669209,0.1495928019285202,0.6980000138282776,0.3968000113964081
YMR070W,YLR357W,0,-5.6693254,0.14956074953079224,0.6980000138282776,0.3968999981880188
YDL088C,YDR297W,0,-5.669393,0.14952871203422546,0.6980000138282776,0.3970000147819519
YPL267W,YFL016C,0,-5.66958,0.1494966745376587,0.6980000138282776,0.3971000015735626
YGR170W,YKR089C,0,-5.669782,0.1494646668434143,0.6980000138282776,0.39719998836517334
YGR169C,YMR283C,1,-5.6700835,0.14964675903320312,0.6990000009536743,0.39719998836517334
YNL251C,YDR453C,0,-5.670205,0.14961472153663635,0.6990000009536743,0.39730000495910645
YHR166C,YPR016C,0,-5.670214,0.14958271384239197,0.6990000009536743,0.39739999175071716
YPL058C,YPR186C,0,-5.670324,0.14955070614814758,0.6990000009536743,0.39750000834465027
YPL076W,YBR009C,0,-5.670341,0.1495187133550644,0.6990000009536743,0.397599995136261
YHR079C-A,YOR179C,0,-5.670343,0.1494867354631424,0.6990000009536743,0.3977000117301941
YDR273W,YDR440W,0,-5.6703877,0.1494547724723816,0.6990000009536743,0.3977999985218048
YER054C,YHR077C,0,-5.670587,0.14942282438278198,0.6990000009536743,0.3978999853134155
YBR145W,YLR286C,0,-5.6706834,0.14939089119434357,0.6990000009536743,0.39800000190734863
YLR015W,YJR135W-A,0,-5.6709175,0.14935897290706635,0.6990000009536743,0.39809998869895935
YGR200C,YDL033C,1,-5.670919,0.14954069256782532,0.699999988079071,0.39809998869895935
YPL164C,YCR092C,0,-5.670987,0.1495087593793869,0.699999988079071,0.39820000529289246
YKL089W,YDR025W,0,-5.671108,0.1494768261909485,0.699999988079071,0.3982999920845032
YAL007C,YMR308C,0,-5.671167,0.14944492280483246,0.699999988079071,0.3984000086784363
YOR144C,YLR451W,0,-5.671309,0.14941301941871643,0.699999988079071,0.398499995470047
YDR005C,YGL025C,0,-5.6713123,0.1493811309337616,0.699999988079071,0.3986000120639801
YKL186C,YPL058C,0,-5.6713524,0.14934925734996796,0.699999988079071,0.3986999988555908
YOL021C,YBR130C,0,-5.671411,0.1493174135684967,0.699999988079071,0.39879998564720154
YHR123W,YHR167W,0,-5.6716933,0.14928555488586426,0.699999988079071,0.39890000224113464
YGR044C,YGL126W,0,-5.671781,0.1492537260055542,0.699999988079071,0.39899998903274536
YJR091C,YPR161C,0,-5.671927,0.14922191202640533,0.699999988079071,0.39910000562667847
YLL022C,YKL006C-A,0,-5.6720743,0.14919011294841766,0.699999988079071,0.3991999924182892
YKL008C,YIR018W,0,-5.672113,0.14915831387043,0.699999988079071,0.3993000090122223
YDR298C,YML076C,0,-5.672282,0.1491265445947647,0.699999988079071,0.399399995803833
YPL076W,YHR084W,0,-5.6725984,0.14909477531909943,0.699999988079071,0.3995000123977661
YDR376W,YNL071W,0,-5.6726794,0.14906303584575653,0.699999988079071,0.39959999918937683
YML112W,YCR073W-A,0,-5.6729894,0.14903129637241364,0.699999988079071,0.39969998598098755
YPL221W,YDR243C,0,-5.673108,0.14899957180023193,0.699999988079071,0.39980000257492065
YPL155C,YPL175W,0,-5.6731305,0.14896786212921143,0.699999988079071,0.39989998936653137
YOL093W,YOL125W,1,-5.6731853,0.14914894104003906,0.7009999752044678,0.39989998936653137
YOR026W,YNL218W,0,-5.6732144,0.14911721646785736,0.7009999752044678,0.4000000059604645
YHR094C,YOR361C,0,-5.6733413,0.14908549189567566,0.7009999752044678,0.4000999927520752
YAL021C,YKL053C-A,0,-5.6734433,0.14905379712581635,0.7009999752044678,0.4002000093460083
YDR156W,YCR061W,0,-5.673474,0.14902210235595703,0.7009999752044678,0.400299996137619
YBL071W-A,YLR165C,1,-5.6734986,0.14920297265052795,0.7020000219345093,0.400299996137619
YNL106C,YLR438C-A,0,-5.6735063,0.14917127788066864,0.7020000219345093,0.4004000127315521
YHR094C,YNL291C,0,-5.673635,0.14913958311080933,0.7020000219345093,0.40049999952316284
YKL201C,YER002W,0,-5.6736817,0.1491079032421112,0.7020000219345093,0.40059998631477356
YNR075W,YOR035C,0,-5.6737256,0.14907623827457428,0.7020000219345093,0.40070000290870667
YDR265W,YGR213C,0,-5.67387,0.14904458820819855,0.7020000219345093,0.4007999897003174
YDR211W,YHR061C,0,-5.674005,0.149012953042984,0.7020000219345093,0.4009000062942505
YDL006W,YBR267W,0,-5.674066,0.14898131787776947,0.7020000219345093,0.4009999930858612
YCL026C-A,YBR021W,0,-5.6742177,0.14894971251487732,0.7020000219345093,0.4011000096797943
YPL118W,YPL010W,0,-5.6742353,0.14891812205314636,0.7020000219345093,0.40119999647140503
YHR148W,YGR024C,1,-5.6744766,0.14909861981868744,0.703000009059906,0.40119999647140503
YBL051C,YDR092W,0,-5.6745567,0.1490669995546341,0.703000009059906,0.40130001306533813
YGR101W,YJL056C,0,-5.6747146,0.14903540909290314,0.703000009059906,0.40139999985694885
YOR181W,YPL124W,0,-5.674752,0.14900381863117218,0.703000009059906,0.40149998664855957
YKL125W,YJR135W-A,0,-5.6748395,0.14897224307060242,0.703000009059906,0.4016000032424927
YIL109C,YGL145W,0,-5.6748853,0.14894068241119385,0.703000009059906,0.4016999900341034
YOR319W,YGL233W,0,-5.6749268,0.14890913665294647,0.703000009059906,0.4018000066280365
YGL016W,YER041W,0,-5.6750245,0.1488775908946991,0.703000009059906,0.4018999934196472
YLR410W,YER072W,0,-5.675053,0.1488460749387741,0.703000009059906,0.4020000100135803
YLR201C,YHR056C,0,-5.675576,0.14881455898284912,0.703000009059906,0.40209999680519104
YGL067W,YDL140C,0,-5.6755805,0.14878307282924652,0.703000009059906,0.40220001339912415
YPR019W,YDL043C,0,-5.6757402,0.14875158667564392,0.703000009059906,0.40230000019073486
YGL222C,YHR007C,0,-5.6758466,0.14872011542320251,0.703000009059906,0.4023999869823456
YPR113W,YPR132W,0,-5.676085,0.1486886590719223,0.703000009059906,0.4025000035762787
YER016W,YGR193C,0,-5.6760907,0.14865721762180328,0.703000009059906,0.4025999903678894
YDL216C,YOL122C,0,-5.676141,0.14862579107284546,0.703000009059906,0.4027000069618225
YDL149W,YLR353W,0,-5.676183,0.14859437942504883,0.703000009059906,0.4027999937534332
YDR039C,YBR093C,0,-5.6762753,0.1485629826784134,0.703000009059906,0.40290001034736633
YMR219W,YMR133W,0,-5.676279,0.14853158593177795,0.703000009059906,0.40299999713897705
YKR035W-A,YDL101C,0,-5.6763115,0.1485002040863037,0.703000009059906,0.40310001373291016
YPL155C,YDR288W,0,-5.6763296,0.14846885204315186,0.703000009059906,0.4032000005245209
YGR014W,YDR243C,0,-5.6763887,0.1484375,0.703000009059906,0.4032999873161316
YGL180W,YBL007C,0,-5.6764684,0.14840616285800934,0.703000009059906,0.4034000039100647
YMR029C,YBR136W,0,-5.6766267,0.14837484061717987,0.703000009059906,0.4034999907016754
YPL076W,YHL036W,0,-5.6769776,0.1483435332775116,0.703000009059906,0.4036000072956085
YPL266W,YMR283C,1,-5.6769924,0.148523211479187,0.7039999961853027,0.4036000072956085
YDL079C,YOR049C,0,-5.6772156,0.14849187433719635,0.7039999961853027,0.40369999408721924
YOL095C,YCR028C-A,0,-5.6772184,0.14846056699752808,0.7039999961853027,0.40380001068115234
YOR130C,YMR266W,0,-5.6772275,0.1484292596578598,0.7039999961853027,0.40389999747276306
YDR148C,YBR182C,0,-5.6772428,0.14839798212051392,0.7039999961853027,0.40400001406669617
YPL118W,YML041C,0,-5.67734,0.14836670458316803,0.7039999961853027,0.4041000008583069
YMR184W,YCL069W,0,-5.677568,0.14833544194698334,0.7039999961853027,0.4041999876499176
YCR082W,YPR008W,0,-5.678053,0.14830419421195984,0.7039999961853027,0.4043000042438507
YDL020C,YKL095W,0,-5.678266,0.14827296137809753,0.7039999961853027,0.4043999910354614
YLR016C,YDR115W,0,-5.678297,0.14824172854423523,0.7039999961853027,0.40450000762939453
YAL020C,YNR015W,1,-5.6784177,0.148421049118042,0.7049999833106995,0.40450000762939453
YGR262C,YNL299W,0,-5.67845,0.1483898162841797,0.7049999833106995,0.40459999442100525
YJL034W,YKR028W,0,-5.678466,0.14835858345031738,0.7049999833106995,0.40470001101493835
YDR280W,YPL129W,0,-5.678748,0.14832736551761627,0.7049999833106995,0.4047999978065491
YNL290W,YOR210W,0,-5.6787972,0.14829617738723755,0.7049999833106995,0.4049000144004822
YER070W,YGR046W,0,-5.678866,0.14826498925685883,0.7049999833106995,0.4050000011920929
YLR318W,YER146W,0,-5.679028,0.1482338160276413,0.7049999833106995,0.4050999879837036
YDL208W,YML005W,1,-5.679168,0.14841286838054657,0.7059999704360962,0.4050999879837036
YML047C,YOR290C,0,-5.679221,0.14838168025016785,0.7059999704360962,0.4052000045776367
YJR137C,YPL258C,0,-5.6793113,0.14835049211978912,0.7059999704360962,0.40529999136924744
YLR205C,YER111C,0,-5.679397,0.1483193337917328,0.7059999704360962,0.40540000796318054
YBR294W,YML007W,0,-5.6794143,0.14828817546367645,0.7059999704360962,0.40549999475479126
YDL161W,YBR193C,0,-5.679461,0.1482570320367813,0.7059999704360962,0.40560001134872437
YHR082C,YDR208W,0,-5.6794868,0.14822590351104736,0.7059999704360962,0.4056999981403351
YDR310C,YHR161C,0,-5.6795874,0.1481947898864746,0.7059999704360962,0.4058000147342682
YNL239W,YNL093W,0,-5.679685,0.14816369116306305,0.7059999704360962,0.4059000015258789
YDR456W,YKR055W,0,-5.6798425,0.14813260734081268,0.7059999704360962,0.4059999883174896
YPL266W,YML014W,1,-5.679958,0.1483113020658493,0.7070000171661377,0.4059999883174896
YML113W,YML048W,0,-5.6800065,0.14828020334243774,0.7070000171661377,0.40610000491142273
YBR084W,YGL136C,1,-5.68006,0.148458793759346,0.7080000042915344,0.40610000491142273
YER056C,YLR191W,0,-5.6802177,0.14842768013477325,0.7080000042915344,0.40619999170303345
YLR207W,YPL179W,0,-5.6805205,0.1483965665102005,0.7080000042915344,0.40630000829696655
YCL066W,YJL034W,0,-5.68078,0.14836546778678894,0.7080000042915344,0.40639999508857727
YHR187W,YGR024C,1,-5.6808734,0.14854389429092407,0.7089999914169312,0.40639999508857727
YAL020C,YGL192W,1,-5.680989,0.14872224628925323,0.7099999785423279,0.40639999508857727
YPR120C,YKL048C,0,-5.6811376,0.1486911028623581,0.7099999785423279,0.4065000116825104
YPR021C,YGR157W,0,-5.6812778,0.14865995943546295,0.7099999785423279,0.4065999984741211
YNL318C,YOR123C,0,-5.681416,0.1486288458108902,0.7099999785423279,0.4066999852657318
YDL231C,YDR039C,0,-5.681829,0.14859774708747864,0.7099999785423279,0.4068000018596649
YER042W,YML088W,0,-5.681833,0.14856664836406708,0.7099999785423279,0.40689998865127563
YDL208W,YLR197W,1,-5.6819177,0.14874477684497833,0.7110000252723694,0.40689998865127563
YKL053C-A,YNL222W,0,-5.681924,0.14871366322040558,0.7110000252723694,0.40700000524520874
YKR054C,YGR147C,0,-5.682213,0.14868256449699402,0.7110000252723694,0.40709999203681946
YLR370C,YGL245W,0,-5.682241,0.14865148067474365,0.7110000252723694,0.40720000863075256
YER127W,YOR274W,1,-5.6822667,0.14882943034172058,0.7120000123977661,0.40720000863075256
YAL029C,YER007W,0,-5.6823378,0.14879833161830902,0.7120000123977661,0.4072999954223633
YAR018C,YFL049W,0,-5.682402,0.14876723289489746,0.7120000123977661,0.4074000120162964
YDR108W,YLR430W,0,-5.6824985,0.1487361639738083,0.7120000123977661,0.4074999988079071
YGR246C,YBR058C-A,0,-5.682591,0.14870509505271912,0.7120000123977661,0.4075999855995178
YNL216W,YER074W-A,0,-5.682736,0.14867404103279114,0.7120000123977661,0.4077000021934509
YDR130C,YGR121C,0,-5.6827626,0.14864300191402435,0.7120000123977661,0.40779998898506165
YPL271W,YPR181C,0,-5.682877,0.14861197769641876,0.7120000123977661,0.40790000557899475
YGL142C,YLR079W,0,-5.6828866,0.14858096837997437,0.7120000123977661,0.40799999237060547
YBR068C,YJR025C,0,-5.682985,0.14854997396469116,0.7120000123977661,0.4081000089645386
YHR043C,YCR031C,0,-5.6830115,0.14851897954940796,0.7120000123977661,0.4081999957561493
YDR093W,YNL102W,0,-5.6830463,0.14848801493644714,0.7120000123977661,0.4083000123500824
YKR095W,YGR047C,0,-5.6830964,0.14845705032348633,0.7120000123977661,0.4083999991416931
YKL051W,YLR467W,0,-5.6834135,0.1484261006116867,0.7120000123977661,0.40849998593330383
YDL042C,YLR385C,0,-5.6837,0.14839516580104828,0.7120000123977661,0.40860000252723694
YGL194C,YJL140W,0,-5.683855,0.14836424589157104,0.7120000123977661,0.40869998931884766
YAL020C,YCL054W,1,-5.6840425,0.1485416740179062,0.7129999995231628,0.40869998931884766
YLR056W,YLR427W,0,-5.6840777,0.14851072430610657,0.7129999995231628,0.40880000591278076
YER122C,YGR170W,0,-5.684235,0.14847980439662933,0.7129999995231628,0.4088999927043915
YAL029C,YHR066W,0,-5.6843233,0.1484488844871521,0.7129999995231628,0.4090000092983246
YNL297C,YNL078W,0,-5.6845484,0.14841797947883606,0.7129999995231628,0.4090999960899353
YDR123C,YPR051W,0,-5.684775,0.1483870893716812,0.7129999995231628,0.4092000126838684
YGL100W,YBR030W,0,-5.684955,0.14835621416568756,0.7129999995231628,0.4092999994754791
YGL136C,YNR015W,1,-5.685188,0.1485333889722824,0.7139999866485596,0.4092999994754791
YBR065C,YKL166C,0,-5.685239,0.14850249886512756,0.7139999866485596,0.40939998626708984
YOR144C,YBR153W,0,-5.68527,0.14847160875797272,0.7139999866485596,0.40950000286102295
YPR093C,YML075C,0,-5.6853456,0.14844074845314026,0.7139999866485596,0.40959998965263367
YPL255W,YMR229C,0,-5.6853733,0.1484098881483078,0.7139999866485596,0.4097000062465668
YMR264W,YNL327W,0,-5.6853995,0.14837905764579773,0.7139999866485596,0.4097999930381775
YPR120C,YGR128C,0,-5.685411,0.14834822714328766,0.7139999866485596,0.4099000096321106
YFL048C,YCL004W,0,-5.685641,0.14831741154193878,0.7139999866485596,0.4099999964237213
YML004C,YLR069C,0,-5.6857533,0.1482866108417511,0.7139999866485596,0.4101000130176544
YLL006W,YOL003C,0,-5.685878,0.14825581014156342,0.7139999866485596,0.41019999980926514
YDL069C,YOL105C,0,-5.685896,0.14822503924369812,0.7139999866485596,0.41029998660087585
YAL020C,YDL112W,1,-5.6860766,0.14840182662010193,0.7149999737739563,0.41029998660087585
YGL192W,YDL033C,1,-5.6860976,0.14857853949069977,0.7160000205039978,0.41029998660087585
YPL118W,YHR079C-A,0,-5.6860976,0.1485477238893509,0.7160000205039978,0.41040000319480896
YLR405W,YGR024C,1,-5.6861796,0.14872433245182037,0.7170000076293945,0.41040000319480896
YNL003C,YML049C,0,-5.6863685,0.1486934870481491,0.7170000076293945,0.4104999899864197
YNR072W,YEL065W,0,-5.686541,0.14866265654563904,0.7170000076293945,0.4106000065803528
YJR069C,YPR070W,0,-5.6865916,0.14863184094429016,0.7170000076293945,0.4106999933719635
YKL191W,YGR116W,0,-5.686606,0.14860104024410248,0.7170000076293945,0.4108000099658966
YNL062C,YOR201C,1,-5.6866555,0.14877745509147644,0.7179999947547913,0.4108000099658966
YMR061W,YCL033C,0,-5.686727,0.14874663949012756,0.7179999947547913,0.4108999967575073
YDR459C,YPR009W,0,-5.6868534,0.1487158238887787,0.7179999947547913,0.41100001335144043
YDL008W,YOL151W,0,-5.6869426,0.148685023188591,0.7179999947547913,0.41110000014305115
YLR131C,YPL256C,0,-5.686957,0.14865423738956451,0.7179999947547913,0.41119998693466187
YNL307C,YKL006C-A,0,-5.687067,0.14862346649169922,0.7179999947547913,0.41130000352859497
YBR245C,YDR465C,0,-5.687425,0.14859271049499512,0.7179999947547913,0.4113999903202057
YBL023C,YML059C,0,-5.6874766,0.1485619693994522,0.7179999947547913,0.4115000069141388
YDR252W,YNL280C,0,-5.688033,0.1485312432050705,0.7179999947547913,0.4115999937057495
YIL149C,YGL144C,0,-5.6880565,0.14850051701068878,0.7179999947547913,0.4117000102996826
YGL180W,YBR015C,0,-5.688144,0.14846980571746826,0.7179999947547913,0.41179999709129333
YFR001W,YMR060C,0,-5.6882815,0.14843910932540894,0.7179999947547913,0.41190001368522644
YHR124W,YPL036W,0,-5.6882954,0.1484084278345108,0.7179999947547913,0.41200000047683716
YIL144W,YJL087C,0,-5.688355,0.14837776124477386,0.7179999947547913,0.4120999872684479
YLR405W,YOL093W,1,-5.688404,0.14855371415615082,0.718999981880188,0.4120999872684479
YJL117W,YMR059W,0,-5.6886516,0.14852303266525269,0.718999981880188,0.412200003862381
YDL243C,YBR009C,0,-5.6888547,0.14849235117435455,0.718999981880188,0.4122999906539917
YGR120C,YLR363C,0,-5.688883,0.1484616994857788,0.718999981880188,0.4124000072479248
YML016C,YLR147C,0,-5.688884,0.14843104779720306,0.718999981880188,0.4124999940395355
YJL099W,YOR142W,0,-5.6889243,0.1484004110097885,0.718999981880188,0.41260001063346863
YML073C,YDR310C,0,-5.688926,0.14836978912353516,0.718999981880188,0.41269999742507935
YGR218W,YER133W,0,-5.6890197,0.148339182138443,0.718999981880188,0.41280001401901245
YOR078W,YAL059W,0,-5.689358,0.14830857515335083,0.718999981880188,0.41290000081062317
YOR243C,YDL201W,1,-5.689418,0.1484842300415039,0.7200000286102295,0.41290000081062317
YPL075W,YNL328C,0,-5.6894374,0.14845360815525055,0.7200000286102295,0.4129999876022339
YHR058C,YGR119C,0,-5.689486,0.1484230011701584,0.7200000286102295,0.413100004196167
YDL078C,YDL195W,0,-5.6895633,0.14839240908622742,0.7200000286102295,0.4131999909877777
YKL110C,YGR024C,1,-5.689574,0.14856790006160736,0.7210000157356262,0.4131999909877777
YOR274W,YLR197W,1,-5.689717,0.14874330163002014,0.722000002861023,0.4131999909877777
YGL240W,YGR268C,0,-5.6900144,0.1487126648426056,0.722000002861023,0.4133000075817108
YHR108W,YHR074W,0,-5.6901526,0.14868204295635223,0.722000002861023,0.41339999437332153
YKL008C,YPL082C,0,-5.6902742,0.14865143597126007,0.722000002861023,0.41350001096725464
YDR214W,YOL089C,0,-5.690396,0.1486208289861679,0.722000002861023,0.41359999775886536
YNL161W,YPL240C,0,-5.690602,0.14859025180339813,0.722000002861023,0.41370001435279846
YPR135W,YBL047C,0,-5.690618,0.14855967462062836,0.722000002861023,0.4138000011444092
YBR160W,YMR109W,0,-5.6906967,0.14852911233901978,0.722000002861023,0.4138999879360199
YJL061W,YGL058W,0,-5.6907535,0.1484985649585724,0.722000002861023,0.414000004529953
YJL020C,YDR263C,0,-5.6912556,0.148468017578125,0.722000002861023,0.4140999913215637
YOR026W,YLR380W,0,-5.6913233,0.1484375,0.722000002861023,0.4142000079154968
YDR038C,YJL165C,0,-5.691439,0.148406982421875,0.722000002861023,0.41429999470710754
YBR188C,YLR135W,0,-5.6915803,0.1483764946460724,0.722000002861023,0.41440001130104065
YDL126C,YKR067W,0,-5.691887,0.14834600687026978,0.722000002861023,0.41449999809265137
YPL242C,YOR361C,0,-5.6919866,0.14831553399562836,0.722000002861023,0.4146000146865845
YFR046C,YMR240C,0,-5.6923738,0.14828507602214813,0.722000002861023,0.4147000014781952
YDL207W,YLR396C,0,-5.6924973,0.1482546180486679,0.722000002861023,0.4147999882698059
YIL132C,YOL069W,0,-5.692515,0.14822418987751007,0.722000002861023,0.414900004863739
YBR015C,YPL133C,0,-5.69261,0.14819376170635223,0.722000002861023,0.41499999165534973
YHR096C,YER112W,0,-5.692675,0.1481633484363556,0.722000002861023,0.41510000824928284
YPL086C,YOR201C,1,-5.6927495,0.14833812415599823,0.7229999899864197,0.41510000824928284
YOR250C,YGR280C,0,-5.692841,0.1483076959848404,0.7229999899864197,0.41519999504089355
YHR079C,YLR453C,0,-5.6929216,0.14827728271484375,0.7229999899864197,0.41530001163482666
YOR319W,YGR288W,0,-5.6929283,0.1482468694448471,0.7229999899864197,0.4153999984264374
YGR247W,YBL030C,0,-5.6930766,0.14821648597717285,0.7229999899864197,0.4154999852180481
YLR153C,YDL106C,0,-5.693177,0.1481861025094986,0.7229999899864197,0.4156000018119812
YCL014W,YGR119C,0,-5.6933537,0.14815573394298553,0.7229999899864197,0.4156999886035919
YDR363W,YBR098W,0,-5.693541,0.14812538027763367,0.7229999899864197,0.415800005197525
YKL110C,YML005W,1,-5.6935773,0.14829987287521362,0.7239999771118164,0.415800005197525
YHR183W,YNL053W,0,-5.6938515,0.14826950430870056,0.7239999771118164,0.41589999198913574
YCL017C,YOL100W,0,-5.6938996,0.1482391506433487,0.7239999771118164,0.41600000858306885
YJL111W,YBR152W,0,-5.6941257,0.14820879697799683,0.7239999771118164,0.41609999537467957
YGR247W,YPL119C,0,-5.6941733,0.14817847311496735,0.7239999771118164,0.41620001196861267
YDL132W,YJL061W,0,-5.694502,0.14814814925193787,0.7239999771118164,0.4162999987602234
YCL011C,YHR205W,0,-5.694555,0.14811784029006958,0.7239999771118164,0.4163999855518341
YGR200C,YGL192W,1,-5.69465,0.14829207956790924,0.7250000238418579,0.4163999855518341
YHR119W,YHR066W,0,-5.6947093,0.14826175570487976,0.7250000238418579,0.4165000021457672
YGL192W,YNR015W,1,-5.694925,0.14843590557575226,0.7260000109672546,0.4165000021457672
YNL062C,YMR283C,1,-5.6950784,0.1486099809408188,0.7269999980926514,0.4165000021457672
YPR104C,YLR006C,0,-5.6951957,0.14857959747314453,0.7269999980926514,0.41659998893737793
YHR074W,YBR152W,0,-5.6952233,0.14854924380779266,0.7269999980926514,0.41670000553131104
YPL049C,YOR048C,0,-5.6952314,0.1485188901424408,0.7269999980926514,0.41679999232292175
YBR202W,YHL022C,0,-5.695237,0.14848856627941132,0.7269999980926514,0.41690000891685486
YBL003C,YPL155C,0,-5.6952515,0.14845824241638184,0.7269999980926514,0.4169999957084656
YOL020W,YOR068C,0,-5.6953278,0.14842793345451355,0.7269999980926514,0.4171000123023987
YNL130C,YJL085W,0,-5.695376,0.14839763939380646,0.7269999980926514,0.4171999990940094
YPL021W,YNL015W,0,-5.6955285,0.14836734533309937,0.7269999980926514,0.4172999858856201
YOL002C,YPL043W,0,-5.6957455,0.14833708107471466,0.7269999980926514,0.4174000024795532
YPR119W,YHR181W,0,-5.695775,0.14830681681632996,0.7269999980926514,0.41749998927116394
YOR221C,YOR230W,0,-5.69581,0.14827656745910645,0.7269999980926514,0.41760000586509705
YNL080C,YDR447C,0,-5.6958313,0.14824633300304413,0.7269999980926514,0.41769999265670776
YMR237W,YPL144W,0,-5.6958785,0.148216113448143,0.7269999980926514,0.41780000925064087
YOR363C,YMR008C,0,-5.6958923,0.14818589389324188,0.7269999980926514,0.4178999960422516
YLR314C,YHR161C,0,-5.6959343,0.14815568923950195,0.7269999980926514,0.4180000126361847
YJR073C,YBR095C,0,-5.6959367,0.1481255143880844,0.7269999980926514,0.4180999994277954
YER003C,YGR274C,0,-5.6959624,0.14809533953666687,0.7269999980926514,0.41819998621940613
YNR060W,YGR279C,0,-5.696094,0.14806517958641052,0.7269999980926514,0.41830000281333923
YJL110C,YNL029C,0,-5.696361,0.14803501963615417,0.7269999980926514,0.41839998960494995
YHL025W,YHR135C,0,-5.6965876,0.14800488948822021,0.7269999980926514,0.41850000619888306
YOR250C,YBR279W,0,-5.696698,0.14797475934028625,0.7269999980926514,0.4185999929904938
YPR049C,YMR076C,0,-5.696796,0.1479446440935135,0.7269999980926514,0.4187000095844269
YCR002C,YOR172W,0,-5.696918,0.14791454374790192,0.7269999980926514,0.4187999963760376
YOR204W,YNL214W,0,-5.6971126,0.14788445830345154,0.7269999980926514,0.4189000129699707
YHL019C,YPL002C,0,-5.697143,0.14785438776016235,0.7269999980926514,0.4189999997615814
YNR015W,YOL093W,1,-5.6973557,0.14802765846252441,0.7279999852180481,0.4189999997615814
YOR025W,YPR132W,0,-5.697635,0.14799755811691284,0.7279999852180481,0.41909998655319214
YLR335W,YDR451C,0,-5.6977015,0.14796747267246246,0.7279999852180481,0.41920000314712524
YPL058C,YGR281W,0,-5.6977544,0.14793741703033447,0.7279999852180481,0.41929998993873596
YDR440W,YBR121C,0,-5.697905,0.14790736138820648,0.7279999852180481,0.41940000653266907
YHR085W,YLR264W,0,-5.6980243,0.1478773057460785,0.7279999852180481,0.4194999933242798
YMR177W,YNL090W,0,-5.698158,0.1478472799062729,0.7279999852180481,0.4196000099182129
YPL118W,YNL332W,0,-5.6981587,0.14781725406646729,0.7279999852180481,0.4196999967098236
YJL170C,YOR157C,0,-5.698184,0.14778725802898407,0.7279999852180481,0.4198000133037567
YAL013W,YER027C,0,-5.6983294,0.14775726199150085,0.7279999852180481,0.41990000009536743
YML016C,YFR005C,0,-5.6983514,0.14772726595401764,0.7279999852180481,0.41999998688697815
YCR092C,YBR097W,0,-5.698583,0.1476972997188568,0.7279999852180481,0.42010000348091125
YKL165C,YDR484W,0,-5.6985965,0.14766734838485718,0.7279999852180481,0.420199990272522
YPL053C,YOR253W,0,-5.699268,0.14763739705085754,0.7279999852180481,0.4203000068664551
YNL111C,YDR439W,0,-5.69977,0.1476074606180191,0.7279999852180481,0.4203999936580658
YMR015C,YJL192C,0,-5.6997848,0.14757753908634186,0.7279999852180481,0.4205000102519989
YPL082C,YER022W,0,-5.6997943,0.1475476324558258,0.7279999852180481,0.4205999970436096
YDL117W,YMR201C,0,-5.699894,0.14751772582530975,0.7279999852180481,0.4207000136375427
YPL021W,YGL233W,0,-5.6999555,0.1474878489971161,0.7279999852180481,0.42080000042915344
YIR028W,YNL084C,0,-5.6999974,0.14745797216892242,0.7279999852180481,0.42089998722076416
YDR407C,YNL160W,0,-5.700287,0.14742811024188995,0.7279999852180481,0.42100000381469727
YJR073C,YBL051C,0,-5.7003226,0.14739826321601868,0.7279999852180481,0.421099990606308
YGL003C,YDR422C,0,-5.7003393,0.1473684161901474,0.7279999852180481,0.4212000072002411
YPL240C,YJL121C,0,-5.700443,0.1473385989665985,0.7279999852180481,0.4212999939918518
YAL059W,YNL244C,0,-5.700474,0.14730878174304962,0.7279999852180481,0.4214000105857849
YPL196W,YNL093W,0,-5.700541,0.14727897942066193,0.7279999852180481,0.42149999737739563
YGR206W,YLR147C,0,-5.700717,0.14724919199943542,0.7279999852180481,0.42160001397132874
YGL019W,YDR318W,0,-5.700747,0.14721941947937012,0.7279999852180481,0.42170000076293945
YDR240C,YHR041C,0,-5.7008348,0.1471896469593048,0.7279999852180481,0.42179998755455017
YNL325C,YBR212W,0,-5.701331,0.1471598893404007,0.7279999852180481,0.4219000041484833
YHR072W,YIL073C,0,-5.701547,0.14713014662265778,0.7279999852180481,0.421999990940094
YEL042W,YHR058C,0,-5.7016516,0.14710041880607605,0.7279999852180481,0.4221000075340271
YDL080C,YOR115C,0,-5.7017803,0.14707070589065552,0.7279999852180481,0.4221999943256378
YDR179C,YGL025C,0,-5.7017846,0.14704100787639618,0.7279999852180481,0.4223000109195709
YJL030W,YDL116W,0,-5.702079,0.14701130986213684,0.7279999852180481,0.42239999771118164
YJR021C,YDR166C,0,-5.7024946,0.1469816267490387,0.7279999852180481,0.42250001430511475
YDL017W,YPL106C,0,-5.702513,0.14695195853710175,0.7279999852180481,0.42260000109672546
YDL045C,YNR031C,0,-5.702634,0.146922305226326,0.7279999852180481,0.4226999878883362
YAR033W,YBR183W,0,-5.702639,0.14689265191555023,0.7279999852180481,0.4228000044822693
YJR144W,YNL107W,0,-5.7027736,0.14686302840709686,0.7279999852180481,0.42289999127388
YDR176W,YER074W-A,0,-5.702828,0.1468334048986435,0.7279999852180481,0.4230000078678131
YLR205C,YAR018C,0,-5.7029433,0.14680379629135132,0.7279999852180481,0.42309999465942383
YPL212C,YNR015W,1,-5.7031417,0.1469758003950119,0.7289999723434448,0.42309999465942383
YER109C,YBR294W,0,-5.703172,0.14694617688655853,0.7289999723434448,0.42320001125335693
YDR523C,YMR146C,0,-5.7033706,0.14691656827926636,0.7289999723434448,0.42329999804496765
YOL093W,YML014W,1,-5.7035794,0.1470884531736374,0.7300000190734863,0.42329999804496765
YMR052W,YOL101C,0,-5.703693,0.14705882966518402,0.7300000190734863,0.42340001463890076
YHR148W,YOL125W,1,-5.7037005,0.1472306102514267,0.7310000061988831,0.42340001463890076
YGL093W,YDR103W,0,-5.703795,0.14720097184181213,0.7310000061988831,0.4235000014305115
YOR281C,YOR265W,0,-5.703965,0.14717133343219757,0.7310000061988831,0.4235999882221222
YDL092W,YML064C,0,-5.7041006,0.1471417099237442,0.7310000061988831,0.4237000048160553
YJR086W,YGL145W,0,-5.704105,0.14711210131645203,0.7310000061988831,0.423799991607666
YOR310C,YPL212C,1,-5.7041154,0.14728370308876038,0.7319999933242798,0.423799991607666
YER125W,YMR175W,0,-5.7041955,0.147254079580307,0.7319999933242798,0.4239000082015991
YNL209W,YLR090W,0,-5.704217,0.14722445607185364,0.7319999933242798,0.42399999499320984
YNL280C,YJL085W,0,-5.704366,0.14719484746456146,0.7319999933242798,0.42410001158714294
YCR094W,YOR298W,0,-5.704381,0.14716525375843048,0.7319999933242798,0.42419999837875366
YOR330C,YBL020W,0,-5.7044177,0.1471356749534607,0.7319999933242798,0.4242999851703644
YGL232W,YGR024C,1,-5.704468,0.14730706810951233,0.7329999804496765,0.4242999851703644
YPL254W,YDL154W,0,-5.7045174,0.14727747440338135,0.7329999804496765,0.4244000017642975
YNL161W,YOL031C,0,-5.7048054,0.14724789559841156,0.7329999804496765,0.4244999885559082
YBR200W,YGR055W,0,-5.7048864,0.14721831679344177,0.7329999804496765,0.4246000051498413
YPL266W,YPL086C,1,-5.7049456,0.14738956093788147,0.734000027179718,0.4246000051498413
YBR110W,YBL088C,0,-5.705013,0.1473599672317505,0.734000027179718,0.424699991941452
YJL062W,YPL065W,0,-5.705413,0.1473303884267807,0.734000027179718,0.42480000853538513
YBR034C,YMR054W,0,-5.705444,0.1473008245229721,0.734000027179718,0.42489999532699585
YCL027W,YNL128W,0,-5.705725,0.1472712606191635,0.734000027179718,0.42500001192092896
YOL003C,YKL045W,0,-5.705899,0.1472417265176773,0.734000027179718,0.4250999987125397
YLR207W,YKL018W,0,-5.7059865,0.1472121924161911,0.734000027179718,0.4251999855041504
YBR200W,YJR007W,0,-5.706085,0.1471826732158661,0.734000027179718,0.4253000020980835
YNR034W,YJL087C,0,-5.7061386,0.14715316891670227,0.734000027179718,0.4253999888896942
YKL005C,YJR102C,0,-5.7061405,0.14712367951869965,0.734000027179718,0.4255000054836273
YLR107W,YKR050W,0,-5.706386,0.14709419012069702,0.734000027179718,0.42559999227523804
YNL038W,YKR072C,0,-5.706412,0.1470647156238556,0.734000027179718,0.42570000886917114
YPL271W,YCR106W,0,-5.706514,0.14703525602817535,0.734000027179718,0.42579999566078186
YDR231C,YPL033C,0,-5.7066145,0.1470058113336563,0.734000027179718,0.42590001225471497
YHR058C,YGR206W,0,-5.7066855,0.14697636663913727,0.734000027179718,0.4259999990463257
YML130C,YJL004C,0,-5.7068152,0.1469469517469406,0.734000027179718,0.4260999858379364
YLR103C,YCR077C,0,-5.706822,0.14691753685474396,0.734000027179718,0.4262000024318695
YCR010C,YGR030C,0,-5.707007,0.1468881368637085,0.734000027179718,0.4262999892234802
YPL048W,YDR179C,0,-5.70702,0.14685873687267303,0.734000027179718,0.42640000581741333
YML086C,YLR190W,0,-5.7072177,0.14682936668395996,0.734000027179718,0.42649999260902405
YHR123W,YER075C,0,-5.707325,0.1467999964952469,0.734000027179718,0.42660000920295715
YLL038C,YNL026W,0,-5.7074313,0.146770641207695,0.734000027179718,0.42669999599456787
YER168C,YGR169C,1,-5.707923,0.14694122970104218,0.7350000143051147,0.42669999599456787
YDR318W,YDR213W,0,-5.7080646,0.1469118595123291,0.7350000143051147,0.426800012588501
YJL207C,YER041W,0,-5.7082677,0.14688248932361603,0.7350000143051147,0.4268999993801117
YDR302W,YCL059C,0,-5.7082877,0.14685314893722534,0.7350000143051147,0.4269999861717224
YER110C,YEL020W-A,0,-5.70834,0.14682380855083466,0.7350000143051147,0.4271000027656555
YDR228C,YHL006C,0,-5.708424,0.14679448306560516,0.7350000143051147,0.42719998955726624
YLR160C,YDL217C,0,-5.708449,0.14676517248153687,0.7350000143051147,0.42730000615119934
YOR290C,YNL107W,0,-5.7085557,0.14673587679862976,0.7350000143051147,0.42739999294281006
YER044C-A,YLR183C,0,-5.7085567,0.14670658111572266,0.7350000143051147,0.42750000953674316
YDR488C,YMR054W,0,-5.708628,0.14667731523513794,0.7350000143051147,0.4275999963283539
YKL189W,YFR055W,0,-5.7087054,0.14664804935455322,0.7350000143051147,0.427700012922287
YJR118C,YMR214W,0,-5.708752,0.1466187983751297,0.7350000143051147,0.4277999997138977
YDL137W,YJR084W,0,-5.7087665,0.14658954739570618,0.7350000143051147,0.4278999865055084
YKR007W,YER117W,0,-5.7087708,0.14656032621860504,0.7350000143051147,0.42800000309944153
YNR015W,YDR165W,1,-5.708787,0.1467304676771164,0.7360000014305115,0.42800000309944153
YER036C,YPR070W,0,-5.708806,0.14670121669769287,0.7360000014305115,0.42809998989105225
YGL017W,YLR214W,0,-5.708824,0.14667198061943054,0.7360000014305115,0.42820000648498535
YIL117C,YDR400W,0,-5.7088647,0.1466427594423294,0.7360000014305115,0.42829999327659607
YPL259C,YGL252C,0,-5.70892,0.14661355316638947,0.7360000014305115,0.4284000098705292
YMR309C,YML069W,0,-5.709023,0.14658434689044952,0.7360000014305115,0.4284999966621399
YMR052W,YPL139C,0,-5.709087,0.14655515551567078,0.7360000014305115,0.428600013256073
YPR105C,YLR190W,0,-5.709478,0.14652597904205322,0.7360000014305115,0.4287000000476837
YOL165C,YOR326W,0,-5.7097297,0.14649681746959686,0.7360000014305115,0.42879998683929443
YGL078C,YGL113W,0,-5.7097626,0.1464676558971405,0.7360000014305115,0.42890000343322754
YLR103C,YHR052W,0,-5.7097936,0.14643852412700653,0.7360000014305115,0.42899999022483826
YOL165C,YOR301W,0,-5.7099013,0.14640939235687256,0.7360000014305115,0.42910000681877136
YOR026W,YLR292C,0,-5.710022,0.14638027548789978,0.7360000014305115,0.4291999936103821
YBR029C,YDL245C,0,-5.710028,0.146351158618927,0.7360000014305115,0.4293000102043152
YJR137C,YLL036C,0,-5.710083,0.1463220715522766,0.7360000014305115,0.4293999969959259
YPL242C,YLR452C,0,-5.710089,0.14629298448562622,0.7360000014305115,0.429500013589859
YER105C,YDL090C,0,-5.710116,0.14626391232013702,0.7360000014305115,0.4296000003814697
YDL208W,YHR072W-A,1,-5.7102365,0.1464335322380066,0.7369999885559082,0.4296000003814697
YPL177C,YJR033C,0,-5.7102494,0.1464044451713562,0.7369999885559082,0.42969998717308044
YDR224C,YNL036W,0,-5.710342,0.146375373005867,0.7369999885559082,0.42980000376701355
YDR459C,YNR011C,0,-5.710446,0.1463463008403778,0.7369999885559082,0.42989999055862427
YBR038W,YLR368W,0,-5.7104983,0.146317258477211,0.7369999885559082,0.4300000071525574
YGR037C,YDR457W,0,-5.710531,0.1462882161140442,0.7369999885559082,0.4300999939441681
YHR108W,YDR072C,0,-5.710612,0.14625917375087738,0.7369999885559082,0.4302000105381012
YDL223C,YMR039C,0,-5.7107224,0.14623016119003296,0.7369999885559082,0.4302999973297119
YPR175W,YDR483W,0,-5.7107625,0.14620114862918854,0.7369999885559082,0.430400013923645
YGR278W,YHR005C-A,0,-5.7108884,0.1461721509695053,0.7369999885559082,0.43050000071525574
YGL166W,YPL248C,0,-5.710951,0.14614316821098328,0.7369999885559082,0.43059998750686646
YER002W,YCL069W,0,-5.7110686,0.14611420035362244,0.7369999885559082,0.43070000410079956
YNR057C,YMR290C,0,-5.7110715,0.1460852324962616,0.7369999885559082,0.4307999908924103
YJR006W,YPR161C,0,-5.7112465,0.14605627954006195,0.7369999885559082,0.4309000074863434
YMR125W,YMR203W,0,-5.711289,0.1460273414850235,0.7369999885559082,0.4309999942779541
YNL219C,YJR022W,0,-5.711317,0.14599841833114624,0.7369999885559082,0.4311000108718872
YPL040C,YDR235W,0,-5.711475,0.14596949517726898,0.7369999885559082,0.4311999976634979
YHR164C,YBR058C-A,0,-5.711517,0.14594058692455292,0.7369999885559082,0.43130001425743103
YGR123C,YDL077C,0,-5.7116036,0.14591169357299805,0.7369999885559082,0.43140000104904175
YER044C-A,YOR001W,0,-5.711621,0.14588281512260437,0.7369999885559082,0.43149998784065247
YGL192W,YDL036C,1,-5.7116795,0.14605185389518738,0.7379999756813049,0.43149998784065247
YHR142W,YPL156C,0,-5.7118535,0.1460229456424713,0.7379999756813049,0.43160000443458557
YDR461W,YKL125W,0,-5.7118564,0.14599406719207764,0.7379999756813049,0.4316999912261963
YGL061C,YBR095C,0,-5.7118998,0.14596518874168396,0.7379999756813049,0.4318000078201294
YDR331W,YJR135W-A,0,-5.711922,0.14593632519245148,0.7379999756813049,0.4318999946117401
YDL029W,YER003C,0,-5.711926,0.1459074765443802,0.7379999756813049,0.4320000112056732
YDR385W,YBR123C,0,-5.712037,0.1458786278963089,0.7379999756813049,0.43209999799728394
YKR034W,YPR095C,0,-5.712048,0.14584980905056,0.7379999756813049,0.43220001459121704
YHL036W,YGR170W,0,-5.7121453,0.1458209902048111,0.7379999756813049,0.43230000138282776
YLR221C,YLR346C,0,-5.7124057,0.1457921713590622,0.7379999756813049,0.4323999881744385
YGR112W,YBR097W,0,-5.7124763,0.14576338231563568,0.7379999756813049,0.4325000047683716
YER026C,YMR078C,0,-5.71252,0.14573459327220917,0.7379999756813049,0.4325999915599823
YLR190W,YGR270W,0,-5.7130485,0.14570581912994385,0.7379999756813049,0.4327000081539154
YDR072C,YHR074W,0,-5.713164,0.14567705988883972,0.7379999756813049,0.4327999949455261
YHR108W,YIL149C,0,-5.713312,0.1456483155488968,0.7379999756813049,0.43290001153945923
YJL109C,YMR241W,0,-5.713366,0.14561957120895386,0.7379999756813049,0.43299999833106995
YLR051C,YOR130C,0,-5.7133803,0.14559084177017212,0.7379999756813049,0.43309998512268066
YBR136W,YOR127W,0,-5.7134805,0.14556212723255157,0.7379999756813049,0.43320000171661377
YJR040W,YDR303C,0,-5.713547,0.14553342759609222,0.7379999756813049,0.4332999885082245
YJL108C,YDR227W,0,-5.7136226,0.14550472795963287,0.7379999756813049,0.4334000051021576
YJR112W,YDL185W,0,-5.71375,0.14547604322433472,0.7379999756813049,0.4334999918937683
YDL076C,YLR079W,0,-5.7138762,0.14544737339019775,0.7379999756813049,0.4336000084877014
YDR435C,YBR253W,0,-5.7139893,0.14541871845722198,0.7379999756813049,0.43369999527931213
YLR201C,YFR003C,0,-5.7140093,0.14539006352424622,0.7379999756813049,0.43380001187324524
YOL043C,YAL030W,0,-5.7140555,0.14536143839359283,0.7379999756813049,0.43389999866485596
YML120C,YMR101C,0,-5.714145,0.14533281326293945,0.7379999756813049,0.4339999854564667
YKL019W,YLL041C,0,-5.714163,0.14530418813228607,0.7379999756813049,0.4341000020503998
YDR361C,YOR213C,0,-5.7142277,0.14527559280395508,0.7379999756813049,0.4341999888420105
YER070W,YJR063W,0,-5.7143636,0.14524699747562408,0.7379999756813049,0.4343000054359436
YBR097W,YOR129C,0,-5.714535,0.14521841704845428,0.7379999756813049,0.4343999922275543
YJR119C,YOR145C,0,-5.7146235,0.14518985152244568,0.7379999756813049,0.4345000088214874
YGL017W,YGL238W,0,-5.7146745,0.14516128599643707,0.7379999756813049,0.43459999561309814
YLR197W,YML005W,1,-5.7148333,0.14532940089702606,0.7390000224113464,0.43459999561309814
YDL236W,YCR031C,0,-5.715096,0.14530082046985626,0.7390000224113464,0.43470001220703125
YJR084W,YJR044C,0,-5.7152886,0.14527226984500885,0.7390000224113464,0.43479999899864197
YMR167W,YNL138W,0,-5.7154107,0.14524370431900024,0.7390000224113464,0.4348999857902527
YOR334W,YMR272C,0,-5.7154775,0.14521516859531403,0.7390000224113464,0.4350000023841858
YJL111W,YOL144W,0,-5.7156663,0.145186647772789,0.7390000224113464,0.4350999891757965
YDR418W,YDR407C,0,-5.715811,0.14515812695026398,0.7390000224113464,0.4352000057697296
YNR007C,YJR050W,0,-5.7158866,0.14512962102890015,0.7390000224113464,0.43529999256134033
YDR022C,YOR025W,0,-5.7158957,0.14510111510753632,0.7390000224113464,0.43540000915527344
YPL076W,YOL043C,0,-5.7159534,0.14507263898849487,0.7390000224113464,0.43549999594688416
YIL042C,YOL117W,0,-5.7160316,0.14504416286945343,0.7390000224113464,0.43560001254081726
YLR229C,YGR088W,0,-5.7161694,0.14501570165157318,0.7390000224113464,0.435699999332428
YMR283C,YBR061C,1,-5.716204,0.14518344402313232,0.7400000095367432,0.435699999332428
YDR173C,YGR116W,0,-5.7162147,0.14515496790409088,0.7400000095367432,0.4357999861240387
YBR156C,YMR039C,0,-5.7163043,0.14512649178504944,0.7400000095367432,0.4359000027179718
YOR201C,YMR283C,1,-5.716366,0.14529411494731903,0.7409999966621399,0.4359000027179718
YER041W,YMR273C,0,-5.7163725,0.1452656388282776,0.7409999966621399,0.4359999895095825
YMR232W,YPL006W,0,-5.7163887,0.14523716270923615,0.7409999966621399,0.4361000061035156
YFR048W,YCL033C,0,-5.716556,0.1452087014913559,0.7409999966621399,0.43619999289512634
YOR335C,YDR146C,0,-5.7166123,0.14518025517463684,0.7409999966621399,0.43630000948905945
YFR021W,YGL225W,0,-5.716623,0.14515180885791779,0.7409999966621399,0.43639999628067017
YER155C,YGR264C,0,-5.7166724,0.14512337744235992,0.7409999966621399,0.43650001287460327
YPR135W,YLR092W,0,-5.716826,0.14509496092796326,0.7409999966621399,0.436599999666214
YAL043C,YLR150W,0,-5.7168474,0.14506655931472778,0.7409999966621399,0.4366999864578247
YBL075C,YOR272W,0,-5.7172456,0.1450381726026535,0.7409999966621399,0.4368000030517578
YBR158W,YGR222W,0,-5.7173142,0.14500978589057922,0.7409999966621399,0.43689998984336853
YDR085C,YHR142W,0,-5.7173924,0.14498141407966614,0.7409999966621399,0.43700000643730164
YFR021W,YDL007W,0,-5.7173953,0.14495305716991425,0.7409999966621399,0.43709999322891235
YNL021W,YNL123W,0,-5.7174153,0.14492470026016235,0.7409999966621399,0.43720000982284546
YGL025C,YDR207C,0,-5.7174277,0.14489635825157166,0.7409999966621399,0.4372999966144562
YOR274W,YDL201W,1,-5.717488,0.14506353437900543,0.7419999837875366,0.4372999966144562
YMR283C,YOL093W,1,-5.717606,0.14523065090179443,0.7429999709129333,0.4372999966144562
YLR448W,YPR080W,0,-5.7177224,0.14520226418972015,0.7429999709129333,0.4374000132083893
YMR036C,YMR153W,0,-5.718,0.14517389237880707,0.7429999709129333,0.4375
YPL147W,YDR472W,0,-5.7181087,0.14514553546905518,0.7429999709129333,0.4375999867916107
YLR096W,YEL051W,0,-5.718216,0.14511719346046448,0.7429999709129333,0.4377000033855438
YLR115W,YOL043C,0,-5.71822,0.14508885145187378,0.7429999709129333,0.43779999017715454
YLR397C,YMR005W,0,-5.7183566,0.14506052434444427,0.7429999709129333,0.43790000677108765
YBR164C,YHR021C,0,-5.7185845,0.14503221213817596,0.7429999709129333,0.43799999356269836
YOL002C,YOL031C,0,-5.7187376,0.14500389993190765,0.7429999709129333,0.43810001015663147
YHR102W,YOL043C,0,-5.7189345,0.14497560262680054,0.7429999709129333,0.4381999969482422
YKL110C,YJL035C,1,-5.7189507,0.14514240622520447,0.7440000176429749,0.4381999969482422
YMR119W,YJL100W,0,-5.7189736,0.14511410892009735,0.7440000176429749,0.4383000135421753
YNL116W,YDR490C,0,-5.718983,0.14508579671382904,0.7440000176429749,0.438400000333786
YDL175C,YIL035C,0,-5.7190137,0.14505751430988312,0.7440000176429749,0.43849998712539673
YGR060W,YMR013C,0,-5.7191663,0.1450292468070984,0.7440000176429749,0.43860000371932983
YIL038C,YER029C,0,-5.7191863,0.14500097930431366,0.7440000176429749,0.43869999051094055
YER016W,YML132W,0,-5.7195363,0.14497272670269012,0.7440000176429749,0.43880000710487366
YKL092C,YGR245C,0,-5.719725,0.1449444741010666,0.7440000176429749,0.4388999938964844
YDR314C,YML109W,0,-5.71973,0.14491625130176544,0.7440000176429749,0.4390000104904175
YCR012W,YIL053W,0,-5.7197537,0.1448880285024643,0.7440000176429749,0.4390999972820282
YDR265W,YDL194W,0,-5.719771,0.14485980570316315,0.7440000176429749,0.4392000138759613
YFL056C,YCR044C,0,-5.7197967,0.1448316127061844,0.7440000176429749,0.439300000667572
YDR363W,YPL221W,0,-5.7198052,0.14480341970920563,0.7440000176429749,0.43939998745918274
YDR527W,YIL031W,0,-5.7198677,0.14477524161338806,0.7440000176429749,0.43950000405311584
YGL245W,YER161C,0,-5.7198725,0.1447470784187317,0.7440000176429749,0.43959999084472656
YDL132W,YPR088C,0,-5.719918,0.1447189301252365,0.7440000176429749,0.43970000743865967
YDL208W,YJL035C,1,-5.720059,0.14488525688648224,0.7450000047683716,0.43970000743865967
YER168C,YMR023C,1,-5.720119,0.1450515240430832,0.7459999918937683,0.43970000743865967
YPL116W,YOR048C,0,-5.720122,0.14502333104610443,0.7459999918937683,0.4397999942302704
YBR057C,YDR323C,0,-5.7201915,0.14499513804912567,0.7459999918937683,0.4399000108242035
YNL048W,YBR214W,0,-5.720327,0.1449669599533081,0.7459999918937683,0.4399999976158142
YPL037C,YOL143C,0,-5.720369,0.14493879675865173,0.7459999918937683,0.4401000142097473
YER112W,YJL087C,0,-5.7205243,0.14491064846515656,0.7459999918937683,0.44020000100135803
YLR097C,YML016C,0,-5.7206798,0.14488250017166138,0.7459999918937683,0.44029998779296875
YMR043W,YPL163C,0,-5.720718,0.1448543667793274,0.7459999918937683,0.44040000438690186
YJL034W,YMR225C,0,-5.7207513,0.1448262482881546,0.7459999918937683,0.4404999911785126
YPL101W,YJL035C,1,-5.7207923,0.14499223232269287,0.746999979019165,0.4404999911785126
YOR322C,YMR109W,0,-5.7208147,0.1449640989303589,0.746999979019165,0.4406000077724457
YLR190W,YKR079C,0,-5.720823,0.1449359655380249,0.746999979019165,0.4406999945640564
YJR139C,YNL164C,0,-5.720839,0.1449078619480133,0.746999979019165,0.4408000111579895
YML027W,YJL045W,0,-5.7208953,0.1448797583580017,0.746999979019165,0.4408999979496002
YBR057C,YGR185C,0,-5.7209673,0.1448516547679901,0.746999979019165,0.4410000145435333
YJL073W,YKL028W,0,-5.721179,0.1448235809803009,0.746999979019165,0.44110000133514404
YPL007C,YDR207C,0,-5.7213874,0.1447955071926117,0.746999979019165,0.44119998812675476
YDL004W,YMR070W,0,-5.7215567,0.14476744830608368,0.746999979019165,0.44130000472068787
YML107C,YOR179C,0,-5.721689,0.14473938941955566,0.746999979019165,0.4413999915122986
YAR018C,YLR195C,0,-5.7217364,0.14471134543418884,0.746999979019165,0.4415000081062317
YIL084C,YDL092W,0,-5.7217546,0.14468331634998322,0.746999979019165,0.4415999948978424
YLR390W-A,YPL075W,0,-5.7217793,0.14465530216693878,0.746999979019165,0.4417000114917755
YAR015W,YDR320C,0,-5.7219133,0.14462730288505554,0.746999979019165,0.44179999828338623
YJR055W,YNL078W,0,-5.721916,0.1445993036031723,0.746999979019165,0.44190001487731934
YNL029C,YPR009W,0,-5.7220454,0.14457131922245026,0.746999979019165,0.44200000166893005
YKL189W,YML076C,0,-5.722054,0.1445433497428894,0.746999979019165,0.44209998846054077
YML112W,YNL084C,0,-5.722543,0.14451538026332855,0.746999979019165,0.4422000050544739
YPL125W,YOR315W,0,-5.722622,0.1444874256849289,0.746999979019165,0.4422999918460846
YKL051W,YGL098W,0,-5.7226424,0.14445948600769043,0.746999979019165,0.4424000084400177
YLR401C,YGL192W,1,-5.7227573,0.14462490379810333,0.7480000257492065,0.4424000084400177
YDL033C,YNR046W,1,-5.7229905,0.14479026198387146,0.7490000128746033,0.4424000084400177
YPL132W,YGR229C,0,-5.723047,0.14476227760314941,0.7490000128746033,0.4424999952316284
YGL190C,YDR272W,0,-5.7231836,0.14473429322242737,0.7490000128746033,0.4426000118255615
YMR299C,YEL019C,0,-5.723329,0.1447063386440277,0.7490000128746033,0.44269999861717224
YMR275C,YLR011W,0,-5.723643,0.14467838406562805,0.7490000128746033,0.44279998540878296
YFL011W,YPL053C,0,-5.724054,0.1446504443883896,0.7490000128746033,0.44290000200271606
YDR224C,YDL039C,0,-5.724269,0.14462251961231232,0.7490000128746033,0.4429999887943268
YDR511W,YLR147C,0,-5.7243314,0.14459459483623505,0.7490000128746033,0.4431000053882599
YPR124W,YMR302C,0,-5.724351,0.14456668496131897,0.7490000128746033,0.4431999921798706
YLR175W,YJL035C,1,-5.724443,0.14473176002502441,0.75,0.4431999921798706
YDR206W,YDR145W,0,-5.724727,0.14470383524894714,0.75,0.4433000087738037
YLR314C,YDR342C,0,-5.724753,0.14467592537403107,0.75,0.44339999556541443
YMR138W,YPR134W,0,-5.724804,0.14464803040027618,0.75,0.44350001215934753
YPL271W,YOR349W,0,-5.7248397,0.1446201354265213,0.75,0.44359999895095825
YNL119W,YGR172C,0,-5.724852,0.1445922553539276,0.75,0.44369998574256897
YOR032C,YJL030W,0,-5.724873,0.14456437528133392,0.75,0.4438000023365021
YGR254W,YPL175W,0,-5.7249026,0.14453652501106262,0.75,0.4438999891281128
YBL019W,YOR037W,0,-5.7250447,0.14450867474079132,0.75,0.4440000057220459
YHR120W,YKR090W,0,-5.7251987,0.1444808393716812,0.75,0.4440999925136566
YML048W,YJR112W,0,-5.725226,0.1444530040025711,0.75,0.4442000091075897
YJR119C,YGL122C,0,-5.7252398,0.1444251835346222,0.75,0.44429999589920044
YNL325C,YOR211C,0,-5.7252893,0.14439737796783447,0.75,0.44440001249313354
YML048W,YLR191W,0,-5.725418,0.14436958730220795,0.75,0.44449999928474426
YBR112C,YGR281W,0,-5.725719,0.14434179663658142,0.75,0.444599986076355
YEL032W,YMR164C,0,-5.725823,0.1443140208721161,0.75,0.4447000026702881
YOL146W,YMR093W,0,-5.7258234,0.14428626000881195,0.75,0.4447999894618988
YMR202W,YBR182C,0,-5.7258773,0.144258514046669,0.75,0.4449000060558319
YPL271W,YKL053C-A,0,-5.726018,0.14423076808452606,0.75,0.4449999928474426
YDL045C,YIR021W,0,-5.7261233,0.1442030370235443,0.75,0.44510000944137573
YDR243C,YPL139C,0,-5.7263017,0.14417532086372375,0.75,0.44519999623298645
YDR238C,YNL007C,0,-5.726312,0.1441476047039032,0.75,0.44530001282691956
YBR068C,YMR290C,0,-5.7264028,0.14411990344524384,0.75,0.4453999996185303
YOL164W,YOR035C,0,-5.7265196,0.14409221708774567,0.75,0.445499986410141
YPR135W,YHL007C,0,-5.7266064,0.1440645456314087,0.75,0.4456000030040741
YBL047C,YIL129C,0,-5.72674,0.14403687417507172,0.75,0.4456999897956848
YBR093C,YMR236W,0,-5.726753,0.14400921761989594,0.75,0.4458000063896179
YCR002C,YIL103W,0,-5.726853,0.14398157596588135,0.75,0.44589999318122864
YKR036C,YLR427W,0,-5.726913,0.14395393431186676,0.75,0.44600000977516174
YPR033C,YNL072W,0,-5.726917,0.14392630755901337,0.75,0.44609999656677246
YHR148W,YDL033C,1,-5.727058,0.14409056305885315,0.7509999871253967,0.44609999656677246
YGL073W,YKR037C,0,-5.727078,0.14406292140483856,0.7509999871253967,0.44620001316070557
YLR423C,YDR289C,0,-5.7272396,0.14403529465198517,0.7509999871253967,0.4462999999523163
YNR072W,YIL160C,0,-5.727242,0.14400766789913177,0.7509999871253967,0.446399986743927
YBL082C,YDL015C,0,-5.727405,0.14398005604743958,0.7509999871253967,0.4465000033378601
YGL252C,YDR126W,0,-5.7277627,0.14395245909690857,0.7509999871253967,0.4465999901294708
YJL104W,YHR197W,0,-5.7277684,0.14392487704753876,0.7509999871253967,0.44670000672340393
YOL049W,YOR123C,0,-5.7277894,0.14389729499816895,0.7509999871253967,0.44679999351501465
YMR032W,YNL131W,0,-5.727822,0.14386972784996033,0.7509999871253967,0.44690001010894775
YBR160W,YER093C,0,-5.7280607,0.1438421756029129,0.7509999871253967,0.44699999690055847
YGR157W,YGR178C,0,-5.7280993,0.14381462335586548,0.7509999871253967,0.4471000134944916
YEL066W,YOR188W,0,-5.728191,0.14378710091114044,0.7509999871253967,0.4472000002861023
YDR023W,YDL098C,0,-5.728378,0.1437595784664154,0.7509999871253967,0.447299987077713
YNL274C,YOR075W,0,-5.72844,0.14373205602169037,0.7509999871253967,0.4474000036716461
YMR220W,YOR004W,0,-5.7284474,0.14370454847812653,0.7509999871253967,0.44749999046325684
YPL194W,YER012W,0,-5.7285075,0.14367705583572388,0.7509999871253967,0.44760000705718994
YBR132C,YPL065W,0,-5.7285557,0.14364957809448242,0.7509999871253967,0.44769999384880066
YIR033W,YOR313C,0,-5.7287383,0.14362210035324097,0.7509999871253967,0.44780001044273376
YGR214W,YOR344C,0,-5.728947,0.1435946524143219,0.7509999871253967,0.4478999972343445
YNL248C,YDL185W,0,-5.728947,0.14356718957424164,0.7509999871253967,0.4480000138282776
YNL021W,YDL140C,0,-5.7292137,0.14353975653648376,0.7509999871253967,0.4481000006198883
YCR048W,YFL026W,0,-5.729319,0.1435123234987259,0.7509999871253967,0.448199987411499
YDR365C,YGR116W,0,-5.729343,0.1434849053621292,0.7509999871253967,0.44830000400543213
YPL270W,YBR050C,0,-5.729545,0.14345750212669373,0.7509999871253967,0.44839999079704285
YNR038W,YPR101W,0,-5.729577,0.14343009889125824,0.7509999871253967,0.44850000739097595
YIL021W,YNL007C,0,-5.729685,0.14340271055698395,0.7509999871253967,0.44859999418258667
YKR036C,YDL178W,0,-5.7297482,0.14337533712387085,0.7509999871253967,0.4487000107765198
YOR274W,YJL035C,1,-5.7298303,0.14353884756565094,0.7519999742507935,0.4487000107765198
YNL027W,YBR092C,0,-5.730107,0.14351144433021545,0.7519999742507935,0.4487999975681305
YDR448W,YGL225W,0,-5.730122,0.14348407089710236,0.7519999742507935,0.4489000141620636
YMR145C,YNL113W,0,-5.7302394,0.14345669746398926,0.7519999742507935,0.4490000009536743
YDL087C,YIL110W,0,-5.730261,0.14342933893203735,0.7519999742507935,0.44909998774528503
YJL053W,YLR191W,0,-5.730369,0.14340198040008545,0.7519999742507935,0.44920000433921814
YGL192W,YBR084W,1,-5.730437,0.14356529712677002,0.753000020980835,0.44920000433921814
YOR298W,YGL120C,0,-5.7306314,0.14353793859481812,0.753000020980835,0.44929999113082886
YAR018C,YKL148C,0,-5.7306657,0.1435105800628662,0.753000020980835,0.44940000772476196
YOR100C,YPL248C,0,-5.7306666,0.1434832364320755,0.753000020980835,0.4494999945163727
YKL152C,YLR451W,0,-5.7308164,0.1434558928012848,0.753000020980835,0.4496000111103058
YKR036C,YOR159C,0,-5.7308183,0.14342856407165527,0.753000020980835,0.4496999979019165
YLR430W,YDR260C,0,-5.7309027,0.14340125024318695,0.753000020980835,0.4498000144958496
YGR227W,YBL056W,0,-5.7309985,0.14337395131587982,0.753000020980835,0.4499000012874603
YBR085W,YLR370C,0,-5.7310505,0.1433466523885727,0.753000020980835,0.44999998807907104
YLR033W,YOR069W,0,-5.731065,0.14331936836242676,0.753000020980835,0.45010000467300415
YGR167W,YPL021W,0,-5.731115,0.14329209923744202,0.753000020980835,0.45019999146461487
YGR289C,YKL141W,0,-5.7311835,0.14326484501361847,0.753000020980835,0.450300008058548
YGL173C,YOR295W,0,-5.7311897,0.14323759078979492,0.753000020980835,0.4503999948501587
YOR226C,YDR027C,0,-5.7315283,0.14321035146713257,0.753000020980835,0.4505000114440918
YDR279W,YOR367W,0,-5.7315497,0.14318311214447021,0.753000020980835,0.4505999982357025
YPL196W,YDR145W,0,-5.731615,0.14315588772296906,0.753000020980835,0.4507000148296356
YGR055W,YLR055C,0,-5.731732,0.1431286782026291,0.753000020980835,0.45080000162124634
YMR312W,YGR024C,1,-5.7317467,0.14329151809215546,0.7540000081062317,0.45080000162124634
YPR016C,YER100W,0,-5.7317715,0.1432642936706543,0.7540000081062317,0.45089998841285706
YLR207W,YGR288W,0,-5.731795,0.14323708415031433,0.7540000081062317,0.45100000500679016
YJR091C,YJL104W,0,-5.7319283,0.14320987462997437,0.7540000081062317,0.4510999917984009
YIR028W,YLR176C,0,-5.7320313,0.1431826800107956,0.7540000081062317,0.451200008392334
YLR059C,YGR275W,0,-5.7323036,0.14315550029277802,0.7540000081062317,0.4512999951839447
YOR048C,YCR018C,0,-5.732484,0.14312832057476044,0.7540000081062317,0.4514000117778778
YJR040W,YGR038W,0,-5.7325187,0.14310115575790405,0.7540000081062317,0.4514999985694885
YBL071W-A,YOL125W,1,-5.7325263,0.14326375722885132,0.7549999952316284,0.4514999985694885
YGL018C,YDR219C,0,-5.732531,0.14323657751083374,0.7549999952316284,0.45159998536109924
YLR201C,YPR075C,0,-5.7327466,0.14320941269397736,0.7549999952316284,0.45170000195503235
YDR240C,YBL055C,0,-5.7328563,0.14318224787712097,0.7549999952316284,0.45179998874664307
YGR166W,YKL045W,0,-5.732907,0.14315509796142578,0.7549999952316284,0.45190000534057617
YHR123W,YOR122C,0,-5.733334,0.14312796294689178,0.7549999952316284,0.4519999921321869
YDR163W,YPR051W,0,-5.7337146,0.1431008279323578,0.7549999952316284,0.45210000872612
YPR088C,YIR011C,0,-5.7339444,0.14307372272014618,0.7549999952316284,0.4521999955177307
YMR023C,YMR283C,1,-5.7340674,0.14323607087135315,0.7559999823570251,0.4521999955177307
YOR210W,YOR073W,0,-5.7341733,0.14320893585681915,0.7559999823570251,0.4523000121116638
YDR420W,YEL066W,0,-5.7343535,0.14318181574344635,0.7559999823570251,0.45239999890327454
YDL178W,YJL059W,0,-5.7344117,0.14315471053123474,0.7559999823570251,0.45249998569488525
YAL022C,YJL207C,0,-5.7344594,0.14312760531902313,0.7559999823570251,0.45260000228881836
YPR073C,YKR048C,0,-5.7348013,0.14310051500797272,0.7559999823570251,0.4526999890804291
YPL208W,YNL121C,0,-5.734901,0.1430734246969223,0.7559999823570251,0.4528000056743622
YLR023C,YDR195W,0,-5.7350593,0.14304636418819427,0.7559999823570251,0.4528999924659729
YHR158C,YLR191W,0,-5.7352357,0.14301930367946625,0.7559999823570251,0.453000009059906
YKL007W,YOR127W,0,-5.7352457,0.14299224317073822,0.7559999823570251,0.4530999958515167
YPR171W,YOR127W,0,-5.7353415,0.1429651975631714,0.7559999823570251,0.45320001244544983
YLR314C,YNL328C,0,-5.7354503,0.14293816685676575,0.7559999823570251,0.45329999923706055
YIL079C,YHL020C,0,-5.735458,0.1429111510515213,0.7559999823570251,0.45339998602867126
YBR199W,YOR147W,0,-5.735642,0.14288415014743805,0.7559999823570251,0.45350000262260437
YOR127W,YIL105C,0,-5.735701,0.1428571492433548,0.7559999823570251,0.4535999894142151
YOR133W,YLL006W,0,-5.7357993,0.14283014833927155,0.7559999823570251,0.4537000060081482
YLR069C,YDL194W,0,-5.7360506,0.14280317723751068,0.7559999823570251,0.4537999927997589
YBR021W,YIL031W,0,-5.7361045,0.14277620613574982,0.7559999823570251,0.453900009393692
YBR087W,YFL026W,0,-5.736186,0.14274924993515015,0.7559999823570251,0.45399999618530273
YDL245C,YOL023W,0,-5.7363186,0.14272229373455048,0.7559999823570251,0.45410001277923584
YJR060W,YFR031C,0,-5.736377,0.142695352435112,0.7559999823570251,0.45419999957084656
YJL011C,YDR145W,0,-5.736542,0.14266842603683472,0.7559999823570251,0.4542999863624573
YCR089W,YGR191W,0,-5.73658,0.14264151453971863,0.7559999823570251,0.4544000029563904
YDR173C,YNL256W,0,-5.736716,0.14261460304260254,0.7559999823570251,0.4544999897480011
YMR116C,YMR235C,0,-5.736804,0.14258770644664764,0.7559999823570251,0.4546000063419342
YLR138W,YOR329C,0,-5.736837,0.14256080985069275,0.7559999823570251,0.4546999931335449
YBR009C,YDL194W,0,-5.736842,0.14253394305706024,0.7559999823570251,0.454800009727478
YBR298C,YBR073W,0,-5.7368903,0.14250706136226654,0.7559999823570251,0.45489999651908875
YOL043C,YBL004W,0,-5.7370076,0.14248020946979523,0.7559999823570251,0.45500001311302185
YJR033C,YOR217W,0,-5.7370353,0.1424533575773239,0.7559999823570251,0.45509999990463257
YPL195W,YBR257W,0,-5.737164,0.1424265205860138,0.7559999823570251,0.4551999866962433
YBR205W,YGL013C,0,-5.737206,0.14239969849586487,0.7559999823570251,0.4553000032901764
YJL167W,YER012W,0,-5.7377076,0.14237287640571594,0.7559999823570251,0.4553999900817871
YDR190C,YBL106C,0,-5.7377973,0.1423460692167282,0.7559999823570251,0.4555000066757202
YCL026C-A,YDR409W,0,-5.737802,0.14231927692890167,0.7559999823570251,0.45559999346733093
YPL266W,YNR046W,1,-5.737822,0.14248070120811462,0.7570000290870667,0.45559999346733093
YNL145W,YPR031W,0,-5.737846,0.1424538940191269,0.7570000290870667,0.45570001006126404
YNL139C,YPL157W,0,-5.737918,0.14242708683013916,0.7570000290870667,0.45579999685287476
YMR023C,YGL063W,1,-5.737947,0.14258840680122375,0.7580000162124634,0.45579999685287476
YGR140W,YML114C,0,-5.7380533,0.14256159961223602,0.7580000162124634,0.45590001344680786
YLR453C,YCR081W,0,-5.7381845,0.1425347924232483,0.7580000162124634,0.4560000002384186
YHR174W,YGL151W,0,-5.7383,0.14250798523426056,0.7580000162124634,0.4560999870300293
YMR308C,YLR084C,0,-5.738312,0.14248120784759521,0.7580000162124634,0.4562000036239624
YDR309C,YGR070W,0,-5.7383323,0.14245443046092987,0.7580000162124634,0.4562999904155731
YMR068W,YKL095W,0,-5.7383494,0.14242765307426453,0.7580000162124634,0.4564000070095062
YOL148C,YLR385C,0,-5.7385106,0.14240090548992157,0.7580000162124634,0.45649999380111694
YMR232W,YHL024W,0,-5.738584,0.1423741579055786,0.7580000162124634,0.45660001039505005
YLR015W,YDR201W,0,-5.738719,0.14234742522239685,0.7580000162124634,0.45669999718666077
YML105C,YER074W-A,0,-5.738726,0.1423206925392151,0.7580000162124634,0.45680001378059387
YOL142W,YPL144W,0,-5.738772,0.14229397475719452,0.7580000162124634,0.4569000005722046
YLL026W,YDR490C,0,-5.7388086,0.14226727187633514,0.7580000162124634,0.4569999873638153
YJL186W,YBR240C,0,-5.7389245,0.14224056899547577,0.7580000162124634,0.4571000039577484
YNL136W,YDL065C,0,-5.738976,0.1422138810157776,0.7580000162124634,0.45719999074935913
YJR069C,YLR191W,0,-5.738993,0.1421872079372406,0.7580000162124634,0.45730000734329224
YOR168W,YDR303C,0,-5.739158,0.1421605348587036,0.7580000162124634,0.45739999413490295
YPR131C,YDR251W,0,-5.7391725,0.14213387668132782,0.7580000162124634,0.45750001072883606
YDL160C,YIL103W,0,-5.7392225,0.14210723340511322,0.7580000162124634,0.4575999975204468
YPL043W,YJL104W,0,-5.7393227,0.14208060503005981,0.7580000162124634,0.4577000141143799
YAL024C,YOL031C,0,-5.7393985,0.1420539766550064,0.7580000162124634,0.4578000009059906
YDL008W,YGL127C,0,-5.739468,0.1420273631811142,0.7580000162124634,0.4578999876976013
YPL086C,YKL110C,1,-5.739514,0.14218808710575104,0.7590000033378601,0.4578999876976013
YDR096W,YLR166C,0,-5.7395797,0.14216145873069763,0.7590000033378601,0.4580000042915344
YBL090W,YPR131C,0,-5.7396073,0.14213483035564423,0.7590000033378601,0.45809999108314514
YIL009C-A,YOR193W,0,-5.739798,0.14210821688175201,0.7590000033378601,0.45820000767707825
YGR029W,YER056C,0,-5.739947,0.142081618309021,0.7590000033378601,0.45829999446868896
YDL207W,YER093C,0,-5.7401423,0.14205501973628998,0.7590000033378601,0.45840001106262207
YOR231W,YLR453C,0,-5.740205,0.14202843606472015,0.7590000033378601,0.4584999978542328
YDR427W,YDR322C-A,0,-5.740545,0.14200186729431152,0.7590000033378601,0.4586000144481659
YHR081W,YBR275C,0,-5.7405725,0.1419753134250641,0.7590000033378601,0.4587000012397766
YGR163W,YOR231W,0,-5.740583,0.14194875955581665,0.7590000033378601,0.45879998803138733
YLR411W,YGR123C,0,-5.7405972,0.1419222205877304,0.7590000033378601,0.45890000462532043
YOL164W,YIL061C,0,-5.740663,0.14189568161964417,0.7590000033378601,0.45899999141693115
YLL038C,YMR214W,0,-5.740705,0.14186915755271912,0.7590000033378601,0.45910000801086426
YGL216W,YOR047C,0,-5.740846,0.14184264838695526,0.7590000033378601,0.459199994802475
YPR112C,YML069W,0,-5.740931,0.1418161392211914,0.7590000033378601,0.4593000113964081
YCR092C,YML073C,0,-5.740948,0.14178964495658875,0.7590000033378601,0.4593999981880188
YOL068C,YLR002C,0,-5.7412047,0.14176316559314728,0.7590000033378601,0.4595000147819519
YOR174W,YDR280W,0,-5.7412214,0.141736701130867,0.7590000033378601,0.4596000015735626
YOR126C,YDR478W,0,-5.741246,0.14171023666858673,0.7590000033378601,0.45969998836517334
YKL026C,YDR436W,0,-5.7412944,0.14168377220630646,0.7590000033378601,0.45980000495910645
YFR013W,YDR091C,0,-5.7413254,0.14165733754634857,0.7590000033378601,0.45989999175071716
YKL005C,YIL009C-A,0,-5.7413564,0.14163090288639069,0.7590000033378601,0.46000000834465027
YGL012W,YGL055W,0,-5.741368,0.141604483127594,0.7590000033378601,0.460099995136261
YPL255W,YIL132C,0,-5.7413716,0.1415780633687973,0.7590000033378601,0.4602000117301941
YJL035C,YOL125W,1,-5.741509,0.141738161444664,0.7599999904632568,0.4602000117301941
YOR142W,YKR085C,0,-5.7416987,0.14171172678470612,0.7599999904632568,0.4602999985218048
YDR465C,YNL332W,0,-5.7418284,0.14168530702590942,0.7599999904632568,0.4603999853134155
YJR121W,YLR240W,0,-5.741853,0.14165890216827393,0.7599999904632568,0.46050000190734863
YOR040W,YJR118C,0,-5.7422414,0.14163249731063843,0.7599999904632568,0.46059998869895935
YDR017C,YBR103W,0,-5.7422843,0.14160610735416412,0.7599999904632568,0.46070000529289246
YDL006W,YCR066W,0,-5.742527,0.141579732298851,0.7599999904632568,0.4607999920845032
YPL241C,YCR052W,0,-5.7426043,0.1415533572435379,0.7599999904632568,0.4609000086784363
YJL039C,YPL130W,0,-5.7429743,0.141526997089386,0.7599999904632568,0.460999995470047
YDR361C,YBR152W,0,-5.7429914,0.14150065183639526,0.7599999904632568,0.4611000120639801
YOR100C,YIL030C,0,-5.743258,0.14147430658340454,0.7599999904632568,0.4611999988555908
YLR113W,YDR322C-A,0,-5.743531,0.141447976231575,0.7599999904632568,0.46129998564720154
YDR022C,YPR178W,0,-5.7437325,0.14142166078090668,0.7599999904632568,0.46140000224113464
YGR140W,YDR130C,0,-5.744347,0.14139534533023834,0.7599999904632568,0.46149998903274536
YPR135W,YML047C,0,-5.7444057,0.1413690447807312,0.7599999904632568,0.46160000562667847
YLR431C,YOR069W,0,-5.7445054,0.14134275913238525,0.7599999904632568,0.4616999924182892
YDR501W,YMR183C,0,-5.744509,0.1413164734840393,0.7599999904632568,0.4618000090122223
YKL206C,YNL113W,0,-5.7447667,0.14129020273685455,0.7599999904632568,0.461899995803833
YKL206C,YDR130C,0,-5.744959,0.141263946890831,0.7599999904632568,0.4620000123977661
YDR363W-A,YMR096W,0,-5.744992,0.14123769104480743,0.7599999904632568,0.46209999918937683
YBR202W,YOL004W,0,-5.7450657,0.14121145009994507,0.7599999904632568,0.46219998598098755
YOR250C,YDR532C,0,-5.7451797,0.1411852091550827,0.7599999904632568,0.46230000257492065
YGL032C,YKR054C,0,-5.7452044,0.14115898311138153,0.7599999904632568,0.46239998936653137
YFL041W,YNL121C,0,-5.745447,0.14113277196884155,0.7599999904632568,0.4625000059604645
YDL045C,YAR031W,0,-5.745604,0.14110657572746277,0.7599999904632568,0.4625999927520752
YAR018C,YBR199W,0,-5.7457137,0.14108037948608398,0.7599999904632568,0.4627000093460083
YOR168W,YNL299W,0,-5.7458196,0.1410541981458664,0.7599999904632568,0.462799996137619
YIL154C,YIR033W,0,-5.745889,0.1410280168056488,0.7599999904632568,0.4629000127315521
YAL020C,YLR165C,1,-5.745919,0.141187384724617,0.7609999775886536,0.4629000127315521
YNL323W,YBR103W,0,-5.745986,0.14116118848323822,0.7609999775886536,0.46299999952316284
YDR375C,YFR024C-A,0,-5.7460294,0.14113502204418182,0.7609999775886536,0.46309998631477356
YJL031C,YLR008C,0,-5.746046,0.14110884070396423,0.7609999775886536,0.46320000290870667
YCR082W,YKR035W-A,0,-5.7461095,0.14108268916606903,0.7609999775886536,0.4632999897003174
YDR488C,YPR056W,0,-5.7461514,0.14105653762817383,0.7609999775886536,0.4634000062942505
YER020W,YOR127W,0,-5.74635,0.14103038609027863,0.7609999775886536,0.4634999930858612
YER083C,YOR237W,0,-5.7464237,0.1410042643547058,0.7609999775886536,0.4636000096797943
YLR044C,YNL025C,0,-5.746451,0.140978142619133,0.7609999775886536,0.46369999647140503
YBR121C,YOR147W,0,-5.7466564,0.14095202088356018,0.7609999775886536,0.46380001306533813
YJL125C,YDL033C,1,-5.746764,0.1411111056804657,0.7620000243186951,0.46380001306533813
YGR204W,YJL054W,0,-5.7467766,0.14108498394489288,0.7620000243186951,0.46389999985694885
YBL078C,YKL040C,0,-5.74684,0.14105886220932007,0.7620000243186951,0.46399998664855957
YMR267W,YKR081C,0,-5.746867,0.14103275537490845,0.7620000243186951,0.4641000032424927
YDR389W,YJL087C,0,-5.7468734,0.14100666344165802,0.7620000243186951,0.4641999900341034
YHR203C,YDL064W,0,-5.7469935,0.1409805715084076,0.7620000243186951,0.4643000066280365
YNL020C,YLR219W,0,-5.7470036,0.14095449447631836,0.7620000243186951,0.4643999934196472
YLR453C,YPR074C,0,-5.7470098,0.14092843234539032,0.7620000243186951,0.4645000100135803
YHR061C,YKL056C,0,-5.7471347,0.14090237021446228,0.7620000243186951,0.46459999680519104
YDL047W,YEL020W-A,0,-5.747211,0.14087632298469543,0.7620000243186951,0.46470001339912415
YAL022C,YNR034W,0,-5.7473273,0.1408502757549286,0.7620000243186951,0.46480000019073486
YHR114W,YJL109C,0,-5.7474093,0.14082424342632294,0.7620000243186951,0.4648999869823456
YER143W,YBR170C,0,-5.7477455,0.14079822599887848,0.7620000243186951,0.4650000035762787
YNL020C,YMR190C,0,-5.7481804,0.14077220857143402,0.7620000243186951,0.4650999903678894
YNL084C,YGR270W,0,-5.74822,0.14074622094631195,0.7620000243186951,0.4652000069618225
YHR206W,YKR060W,0,-5.748338,0.1407202184200287,0.7620000243186951,0.4652999937534332
YEL065W,YJL056C,0,-5.748418,0.1406942456960678,0.7620000243186951,0.46540001034736633
YDR363W-A,YMR203W,0,-5.748431,0.14066827297210693,0.7620000243186951,0.46549999713897705
YIL124W,YDR038C,0,-5.7486615,0.14064230024814606,0.7620000243186951,0.46560001373291016
YDR478W,YOR045W,0,-5.748712,0.14061635732650757,0.7620000243186951,0.4657000005245209
YOR025W,YER089C,0,-5.748756,0.14059039950370789,0.7620000243186951,0.4657999873161316
YDR141C,YDR372C,0,-5.74878,0.1405644714832306,0.7620000243186951,0.4659000039100647
YKL011C,YFR031C,0,-5.7490315,0.1405385434627533,0.7620000243186951,0.4659999907016754
YPL130W,YIL023C,0,-5.749064,0.1405126303434372,0.7620000243186951,0.4661000072956085
YPL043W,YMR183C,0,-5.7492833,0.1404867321252823,0.7620000243186951,0.46619999408721924
YOL102C,YCL069W,0,-5.74931,0.14046083390712738,0.7620000243186951,0.46630001068115234
YKR076W,YDR501W,0,-5.749322,0.14043493568897247,0.7620000243186951,0.46639999747276306
YJL019W,YNL250W,0,-5.7493386,0.14040906727313995,0.7620000243186951,0.46650001406669617
YOR188W,YHL027W,0,-5.7493463,0.14038319885730743,0.7620000243186951,0.4666000008583069
YDL087C,YOR106W,0,-5.749456,0.1403573453426361,0.7620000243186951,0.4666999876499176
YNL220W,YDR432W,0,-5.7496142,0.14033149182796478,0.7620000243186951,0.4668000042438507
YOR028C,YLR044C,0,-5.749698,0.14030565321445465,0.7620000243186951,0.4668999910354614
YPR008W,YMR322C,0,-5.749705,0.1402798295021057,0.7620000243186951,0.46700000762939453
YLR335W,YDR447C,0,-5.7497153,0.14025400578975677,0.7620000243186951,0.46709999442100525
YGL238W,YDR330W,0,-5.7497516,0.14022819697856903,0.7620000243186951,0.46720001101493835
YCR063W,YEL016C,0,-5.7498713,0.1402023881673813,0.7620000243186951,0.4672999978065491
YBR086C,YLR190W,0,-5.7498736,0.14017659425735474,0.7620000243186951,0.4674000144004822
YJR097W,YAL029C,0,-5.749896,0.14015081524848938,0.7620000243186951,0.4675000011920929
YJR135W-A,YIL138C,0,-5.7499433,0.14012505114078522,0.7620000243186951,0.4675999879837036
YPL058C,YAL033W,0,-5.7499723,0.14009928703308105,0.7620000243186951,0.4677000045776367
YMR303C,YKL005C,0,-5.7500873,0.1400735229253769,0.7620000243186951,0.46779999136924744
YPL256C,YER105C,0,-5.7501445,0.14004778861999512,0.7620000243186951,0.46790000796318054
YLL036C,YER151C,0,-5.7502017,0.14002205431461334,0.7620000243186951,0.46799999475479126
YMR048W,YOR315W,0,-5.750288,0.13999632000923157,0.7620000243186951,0.46810001134872437
YKL062W,YNL243W,0,-5.7505164,0.13997061550617218,0.7620000243186951,0.4681999981403351
YDR263C,YGL158W,0,-5.7506285,0.1399449110031128,0.7620000243186951,0.4683000147342682
YMR292W,YPL094C,0,-5.750998,0.1399192065000534,0.7620000243186951,0.4684000015258789
YPL101W,YNR046W,1,-5.751056,0.1400771141052246,0.7630000114440918,0.4684000015258789
YGR169C,YNR046W,1,-5.751103,0.14023494720458984,0.7639999985694885,0.4684000015258789
YOR201C,YOL125W,1,-5.7511067,0.1403927356004715,0.7649999856948853,0.4684000015258789
YDR106W,YOL054W,0,-5.751133,0.14036697149276733,0.7649999856948853,0.4684999883174896
YNR046W,YML014W,1,-5.751211,0.14052467048168182,0.765999972820282,0.4684999883174896
YKR029C,YBR250W,0,-5.7512217,0.14049890637397766,0.765999972820282,0.46860000491142273
YER117W,YJR007W,0,-5.7513766,0.1404731273651123,0.765999972820282,0.46869999170303345
YJL001W,YPR095C,0,-5.7515736,0.14044737815856934,0.765999972820282,0.46880000829696655
YNL250W,YDL185W,0,-5.7517242,0.14042162895202637,0.765999972820282,0.46889999508857727
YOR257W,YDR308C,0,-5.7518377,0.1403958946466446,0.765999972820282,0.4690000116825104
YFR041C,YKR009C,0,-5.751987,0.14037016034126282,0.765999972820282,0.4690999984741211
YER178W,YPR042C,0,-5.752093,0.14034445583820343,0.765999972820282,0.4691999852657318
YAR015W,YBL061C,0,-5.7520967,0.14031873643398285,0.765999972820282,0.4693000018596649
YGL136C,YGR169C,1,-5.752192,0.14047619700431824,0.7670000195503235,0.4693000018596649
YGR097W,YPR162C,0,-5.7523065,0.14045046269893646,0.7670000195503235,0.46939998865127563
YER110C,YNL283C,0,-5.7523255,0.14042475819587708,0.7670000195503235,0.46950000524520874
YMR033W,YPL069C,0,-5.7524047,0.1403990536928177,0.7670000195503235,0.46959999203681946
YDR420W,YHR154W,0,-5.7524095,0.1403733491897583,0.7670000195503235,0.46970000863075256
YNL020C,YKL019W,0,-5.752435,0.1403476595878601,0.7670000195503235,0.4697999954223633
YER038C,YOR157C,0,-5.7525306,0.1403219848871231,0.7670000195503235,0.4699000120162964
YHR167W,YJR066W,0,-5.752765,0.1402963250875473,0.7670000195503235,0.4699999988079071
YKR036C,YMR240C,0,-5.752766,0.1402706652879715,0.7670000195503235,0.4700999855995178
YNR052C,YKL122C,0,-5.752821,0.14024502038955688,0.7670000195503235,0.4702000021934509
YLR405W,YOR274W,1,-5.752893,0.1404021978378296,0.7680000066757202,0.4702000021934509
YPL170W,YDR191W,0,-5.752909,0.14037653803825378,0.7680000066757202,0.47029998898506165
YER168C,YML005W,1,-5.7529206,0.14053362607955933,0.7689999938011169,0.47029998898506165
YPL149W,YOR346W,0,-5.7531176,0.14050795137882233,0.7689999938011169,0.47040000557899475
YGL017W,YNL309W,0,-5.753178,0.14048227667808533,0.7689999938011169,0.47049999237060547
YOL164W,YCL032W,0,-5.753404,0.14045661687850952,0.7689999938011169,0.4706000089645386
YBR254C,YOR068C,0,-5.753473,0.1404309719800949,0.7689999938011169,0.4706999957561493
YBR029C,YBR017C,0,-5.753705,0.1404053270816803,0.7689999938011169,0.4708000123500824
YDR334W,YPR024W,0,-5.753802,0.14037969708442688,0.7689999938011169,0.4708999991416931
YMR055C,YER159C,0,-5.753836,0.14035408198833466,0.7689999938011169,0.47099998593330383
YML036W,YML076C,0,-5.753861,0.14032846689224243,0.7689999938011169,0.47110000252723694
YPR019W,YNL112W,0,-5.753911,0.1403028666973114,0.7689999938011169,0.47119998931884766
YDR017C,YAL032C,0,-5.753938,0.14027726650238037,0.7689999938011169,0.47130000591278076
YOR249C,YPL122C,0,-5.753943,0.14025168120861053,0.7689999938011169,0.4713999927043915
YGL192W,YML005W,1,-5.7539515,0.140408456325531,0.7699999809265137,0.4713999927043915
YHL020C,YHR157W,0,-5.7539554,0.14038285613059998,0.7699999809265137,0.4715000092983246
YNR038W,YGL216W,0,-5.753987,0.14035727083683014,0.7699999809265137,0.4715999960899353
YOL133W,YLL024C,0,-5.7542243,0.1403317004442215,0.7699999809265137,0.4717000126838684
YOL076W,YGL167C,0,-5.754266,0.14030611515045166,0.7699999809265137,0.4717999994754791
YGL067W,YPL124W,0,-5.7542877,0.1402805596590042,0.7699999809265137,0.47189998626708984
YNL223W,YJL176C,0,-5.754289,0.14025500416755676,0.7699999809265137,0.47200000286102295
YML071C,YIR008C,0,-5.7544084,0.1402294635772705,0.7699999809265137,0.47209998965263367
YGL058W,YGL175C,0,-5.754647,0.14020393788814545,0.7699999809265137,0.4722000062465668
YER044C-A,YOL091W,0,-5.754816,0.14017841219902039,0.7699999809265137,0.4722999930381775
YDR224C,YFR003C,0,-5.7548327,0.14015290141105652,0.7699999809265137,0.4724000096321106
YOR243C,YNR015W,1,-5.7548413,0.1403093785047531,0.7710000276565552,0.4724000096321106
YOL164W,YCL063W,0,-5.7548933,0.14028383791446686,0.7710000276565552,0.4724999964237213
YBR234C,YJL145W,0,-5.754913,0.140258327126503,0.7710000276565552,0.4726000130176544
YNR017W,YMR106C,0,-5.7550244,0.14023281633853912,0.7710000276565552,0.47269999980926514
YHR088W,YOR115C,0,-5.755139,0.14020730555057526,0.7710000276565552,0.47279998660087585
YDL022W,YKL040C,0,-5.75542,0.14018182456493378,0.7710000276565552,0.47290000319480896
YDR179C,YGL078C,0,-5.7554564,0.1401563286781311,0.7710000276565552,0.4729999899864197
YOL088C,YIL068C,0,-5.755653,0.14013086259365082,0.7710000276565552,0.4731000065803528
YNL106C,YOR132W,0,-5.755772,0.14010539650917053,0.7710000276565552,0.4731999933719635
YJR060W,YGL022W,0,-5.7562213,0.14007994532585144,0.7710000276565552,0.4733000099658966
YDR052C,YER062C,0,-5.7564473,0.14005449414253235,0.7710000276565552,0.4733999967575073
YER088C,YMR232W,0,-5.7566013,0.14002905786037445,0.7710000276565552,0.47350001335144043
YBR029C,YER122C,0,-5.7566886,0.14000363647937775,0.7710000276565552,0.47360000014305115
YJR137C,YEL041W,0,-5.7566967,0.13997821509838104,0.7710000276565552,0.47369998693466187
YER007W,YMR096W,0,-5.7567143,0.13995280861854553,0.7710000276565552,0.47380000352859497
YPR023C,YHR161C,0,-5.7570186,0.13992740213871002,0.7710000276565552,0.4738999903202057
YLL042C,YLR377C,0,-5.7570863,0.1399020105600357,0.7710000276565552,0.4740000069141388
YNL062C,YOR243C,1,-5.7574043,0.14005805552005768,0.7720000147819519,0.4740000069141388
YOL078W,YDR418W,0,-5.757429,0.14003264904022217,0.7720000147819519,0.4740999937057495
YJL065C,YDR004W,0,-5.7574606,0.14000725746154785,0.7720000147819519,0.4742000102996826
YDL036C,YDL033C,1,-5.7574725,0.14016319811344147,0.7730000019073486,0.4742000102996826
YCR093W,YOR265W,0,-5.757522,0.14013777673244476,0.7730000019073486,0.47429999709129333
YGL143C,YDR397C,0,-5.7575607,0.14011238515377045,0.7730000019073486,0.47440001368522644
YFL010W-A,YHL024W,0,-5.757585,0.14008699357509613,0.7730000019073486,0.47450000047683716
YML011C,YGL227W,0,-5.7576346,0.14006160199642181,0.7730000019073486,0.4745999872684479
YER083C,YFL031W,0,-5.7579308,0.1400362253189087,0.7730000019073486,0.474700003862381
YGL048C,YGL113W,0,-5.7579865,0.14001086354255676,0.7730000019073486,0.4747999906539917
YOL021C,YFR029W,0,-5.7581363,0.13998551666736603,0.7730000019073486,0.4749000072479248
YEL063C,YNL021W,0,-5.758209,0.1399601697921753,0.7730000019073486,0.4749999940395355
YFL057C,YEL022W,0,-5.758555,0.13993482291698456,0.7730000019073486,0.47510001063346863
YDR309C,YLR022C,0,-5.758657,0.1399095058441162,0.7730000019073486,0.47519999742507935
YER169W,YDR392W,0,-5.7586875,0.13988418877124786,0.7730000019073486,0.47530001401901245
YGR227W,YDR181C,0,-5.7587085,0.13985887169837952,0.7730000019073486,0.47540000081062317
YLR133W,YPL007C,0,-5.7588754,0.13983356952667236,0.7730000019073486,0.4754999876022339
YGL021W,YHR062C,0,-5.7590857,0.1398082822561264,0.7730000019073486,0.475600004196167
YBL003C,YOR213C,0,-5.7591376,0.13978299498558044,0.7730000019073486,0.4756999909877777
YIL121W,YBR169C,0,-5.75925,0.13975772261619568,0.7730000019073486,0.4758000075817108
YNL062C,YOR274W,1,-5.759327,0.13991323113441467,0.7739999890327454,0.4758000075817108
YNL038W,YDR023W,0,-5.759353,0.1398879438638687,0.7739999890327454,0.47589999437332153
YNL080C,YOR368W,0,-5.7593865,0.13986267149448395,0.7739999890327454,0.47600001096725464
YMR021C,YMR059W,0,-5.759703,0.13983739912509918,0.7739999890327454,0.47609999775886536
YOR210W,YMR229C,0,-5.759804,0.1398121416568756,0.7739999890327454,0.47620001435279846
YLL026W,YOR256C,0,-5.76003,0.13978688418865204,0.7739999890327454,0.4763000011444092
YOR035C,YHL025W,0,-5.7600603,0.13976164162158966,0.7739999890327454,0.4763999879360199
YMR246W,YNR003C,0,-5.760096,0.13973641395568848,0.7739999890327454,0.476500004529953
YBL098W,YGR209C,0,-5.760458,0.1397111862897873,0.7739999890327454,0.4765999913215637
YJR040W,YJL109C,0,-5.7604785,0.1396859735250473,0.7739999890327454,0.4767000079154968
YIL120W,YGR143W,0,-5.7607093,0.1396607756614685,0.7739999890327454,0.47679999470710754
YIL046W,YBR254C,0,-5.7608886,0.1396355777978897,0.7739999890327454,0.47690001130104065
YOR201C,YDL112W,1,-5.7609854,0.13979075849056244,0.7749999761581421,0.47690001130104065
YLR096W,YPL208W,0,-5.7611213,0.13976556062698364,0.7749999761581421,0.47699999809265137
YPL149W,YLR319C,0,-5.761146,0.13974034786224365,0.7749999761581421,0.4771000146865845
YCR082W,YDL142C,0,-5.761197,0.13971516489982605,0.7749999761581421,0.4772000014781952
YJR118C,YDR498C,0,-5.761539,0.13968998193740845,0.7749999761581421,0.4772999882698059
YPL050C,YDR235W,0,-5.7615743,0.13966479897499084,0.7749999761581421,0.477400004863739
YPR105C,YHR139C,0,-5.761603,0.13963964581489563,0.7749999761581421,0.47749999165534973
YAL021C,YOL055C,0,-5.761618,0.13961447775363922,0.7749999761581421,0.47760000824928284
YMR011W,YKL195W,0,-5.7616196,0.1395893394947052,0.7749999761581421,0.47769999504089355
YLR005W,YPL144W,0,-5.761724,0.13956420123577118,0.7749999761581421,0.47780001163482666
YNR072W,YGL092W,0,-5.761849,0.13953907787799835,0.7749999761581421,0.4778999984264374
YLR369W,YGL049C,0,-5.761947,0.13951395452022552,0.7749999761581421,0.4779999852180481
YLR145W,YPL258C,0,-5.761995,0.1394888460636139,0.7749999761581421,0.4781000018119812
YJR017C,YPR009W,0,-5.7620645,0.13946373760700226,0.7749999761581421,0.4781999886035919
YJR050W,YOR157C,0,-5.7621465,0.13943864405155182,0.7749999761581421,0.478300005197525
YNL153C,YDR345C,0,-5.762273,0.13941356539726257,0.7749999761581421,0.47839999198913574
YHR204W,YKR052C,0,-5.7623076,0.13938848674297333,0.7749999761581421,0.47850000858306885
YJL092W,YBL055C,0,-5.762419,0.13936342298984528,0.7749999761581421,0.47859999537467957
YFL016C,YLR305C,0,-5.762425,0.13933837413787842,0.7749999761581421,0.47870001196861267
YNL074C,YPL130W,0,-5.762441,0.13931332528591156,0.7749999761581421,0.4787999987602234
YHR187W,YGL136C,1,-5.7625704,0.1394680142402649,0.7760000228881836,0.4787999987602234
YPL221W,YPR113W,0,-5.7628126,0.13944295048713684,0.7760000228881836,0.4788999855518341
YAR018C,YGR063C,0,-5.762906,0.13941790163516998,0.7760000228881836,0.4790000021457672
YFL011W,YER089C,0,-5.762939,0.13939285278320312,0.7760000228881836,0.47909998893737793
YGR092W,YJL145W,0,-5.763024,0.13936781883239746,0.7760000228881836,0.47920000553131104
YDR448W,YLR088W,0,-5.7630396,0.1393427848815918,0.7760000228881836,0.47929999232292175
YKL007W,YBL041W,0,-5.763113,0.13931778073310852,0.7760000228881836,0.47940000891685486
YGR060W,YOR159C,0,-5.763229,0.13929276168346405,0.7760000228881836,0.4794999957084656
YJR076C,YDR499W,0,-5.76337,0.13926777243614197,0.7760000228881836,0.4796000123023987
YMR138W,YER129W,0,-5.7635894,0.13924278318881989,0.7760000228881836,0.4796999990940094
YJR035W,YKR008W,0,-5.763669,0.1392177939414978,0.7760000228881836,0.4797999858856201
YGR247W,YBR153W,0,-5.7636704,0.13919281959533691,0.7760000228881836,0.4799000024795532
YGL122C,YPL258C,0,-5.7637568,0.13916786015033722,0.7760000228881836,0.47999998927116394
YKL201C,YDR195W,0,-5.763803,0.13914291560649872,0.7760000228881836,0.48010000586509705
YLR081W,YGR040W,0,-5.7638054,0.13911795616149902,0.7760000228881836,0.48019999265670776
YML077W,YGL249W,0,-5.7638683,0.13909302651882172,0.7760000228881836,0.48030000925064087
YKL092C,YNL244C,0,-5.7638984,0.1390680968761444,0.7760000228881836,0.4803999960422516
YNL258C,YJL173C,0,-5.7641497,0.1390431821346283,0.7760000228881836,0.4805000126361847
YAL020C,YGR200C,1,-5.76417,0.1391974240541458,0.7770000100135803,0.4805000126361847
YOR201C,YOR310C,1,-5.7642446,0.13935160636901855,0.777999997138977,0.4805000126361847
YFR008W,YHR096C,0,-5.7642617,0.13932664692401886,0.777999997138977,0.4805999994277954
YNL029C,YOR001W,0,-5.7644496,0.13930170238018036,0.777999997138977,0.48069998621940613
YJL192C,YGL022W,0,-5.764536,0.13927675783634186,0.777999997138977,0.48080000281333923
YBR057C,YER003C,0,-5.7645574,0.13925182819366455,0.777999997138977,0.48089998960494995
YDL113C,YER162C,0,-5.7646422,0.13922691345214844,0.777999997138977,0.48100000619888306
YMR044W,YAL009W,0,-5.764998,0.13920199871063232,0.777999997138977,0.4810999929904938
YMR246W,YGR070W,0,-5.765246,0.1391770988702774,0.777999997138977,0.4812000095844269
YDR052C,YCL066W,0,-5.7652645,0.13915221393108368,0.777999997138977,0.4812999963760376
YDL140C,YML052W,0,-5.7654333,0.13912732899188995,0.777999997138977,0.4814000129699707
YOL108C,YBR276C,0,-5.7654467,0.13910244405269623,0.777999997138977,0.4814999997615814
YML047C,YDR453C,0,-5.7655244,0.1390775889158249,0.777999997138977,0.48159998655319214
YPR193C,YOR159C,0,-5.7655787,0.13905271887779236,0.777999997138977,0.48170000314712524
YMR133W,YDR227W,0,-5.7655907,0.13902787864208221,0.777999997138977,0.48179998993873596
YLR451W,YNL072W,0,-5.765614,0.13900303840637207,0.777999997138977,0.48190000653266907
YLR165C,YMR283C,1,-5.765763,0.13915684819221497,0.7789999842643738,0.48190000653266907
YJR153W,YHR062C,0,-5.765797,0.13913199305534363,0.7789999842643738,0.4819999933242798
YLR013W,YOR047C,0,-5.7658277,0.1391071379184723,0.7789999842643738,0.4821000099182129
YLR117C,YKL020C,0,-5.7659383,0.13908231258392334,0.7789999842643738,0.4821999967098236
YNL172W,YDR498C,0,-5.766006,0.1390574723482132,0.7789999842643738,0.4823000133037567
YLR401C,YML005W,1,-5.766042,0.13921113312244415,0.7799999713897705,0.4823000133037567
YKR035W-A,YIL010W,0,-5.766456,0.139186292886734,0.7799999713897705,0.48240000009536743
YOR257W,YGL062W,0,-5.766523,0.13916146755218506,0.7799999713897705,0.48249998688697815
YLR153C,YDL244W,0,-5.7665696,0.1391366422176361,0.7799999713897705,0.48260000348091125
YDL040C,YPL253C,0,-5.7666316,0.13911183178424835,0.7799999713897705,0.482699990272522
YOL078W,YOR132W,0,-5.7666974,0.1390870213508606,0.7799999713897705,0.4828000068664551
YDL033C,YML005W,1,-5.7669663,0.13924050331115723,0.781000018119812,0.4828000068664551
YNL302C,YML043C,0,-5.766999,0.13921569287776947,0.781000018119812,0.4828999936580658
YLR335W,YPR139C,0,-5.7670255,0.1391908824443817,0.781000018119812,0.4830000102519989
YBR133C,YNL164C,0,-5.7670403,0.13916607201099396,0.781000018119812,0.4830999970436096
YBR245C,YNL032W,0,-5.767041,0.1391412764787674,0.781000018119812,0.4832000136375427
YOR274W,YGR024C,1,-5.767119,0.13929462432861328,0.7820000052452087,0.4832000136375427
YOR049C,YFR005C,0,-5.767136,0.13926981389522552,0.7820000052452087,0.48330000042915344
YNL270C,YLR342W,0,-5.767145,0.13924501836299896,0.7820000052452087,0.48339998722076416
YLR396C,YIL039W,0,-5.7673006,0.1392202228307724,0.7820000052452087,0.48350000381469727
YER027C,YIL018W,0,-5.767369,0.13919544219970703,0.7820000052452087,0.483599990606308
YJL010C,YER087C-B,0,-5.7674093,0.13917067646980286,0.7820000052452087,0.4837000072002411
YDR179C,YPL242C,0,-5.767448,0.13914591073989868,0.7820000052452087,0.4837999939918518
YGR286C,YBL022C,0,-5.767508,0.1391211599111557,0.7820000052452087,0.4839000105857849
YGL213C,YMR241W,0,-5.767608,0.13909640908241272,0.7820000052452087,0.48399999737739563
YDR309C,YGL058W,0,-5.7676196,0.13907167315483093,0.7820000052452087,0.48410001397132874
YML010W,YPR121W,0,-5.767877,0.13904693722724915,0.7820000052452087,0.48420000076293945
YLR381W,YNL119W,0,-5.7679696,0.13902221620082855,0.7820000052452087,0.48429998755455017
YJR108W,YHR176W,0,-5.768082,0.13899751007556915,0.7820000052452087,0.4844000041484833
YDR214W,YFR024C-A,0,-5.7682395,0.13897280395030975,0.7820000052452087,0.484499990940094
YNR067C,YKL045W,0,-5.768555,0.13894811272621155,0.7820000052452087,0.4846000075340271
YIL131C,YMR175W,0,-5.768676,0.13892343640327454,0.7820000052452087,0.4846999943256378
YIL124W,YJL053W,0,-5.768738,0.13889876008033752,0.7820000052452087,0.4848000109195709
YGR156W,YOR229W,0,-5.7689433,0.1388740837574005,0.7820000052452087,0.48489999771118164
YKL172W,YHL025W,0,-5.7689843,0.1388494372367859,0.7820000052452087,0.48500001430511475
YKL185W,YGR163W,0,-5.7692366,0.13882477581501007,0.7820000052452087,0.48510000109672546
YER068W,YMR143W,0,-5.769242,0.13880014419555664,0.7820000052452087,0.4851999878883362
YJR094C,YER104W,0,-5.7692924,0.1387755125761032,0.7820000052452087,0.4853000044822693
YMR023C,YGR169C,1,-5.7693286,0.13892832398414612,0.7829999923706055,0.4853000044822693
YMR246W,YDL130W,0,-5.7694364,0.1389036774635315,0.7829999923706055,0.48539999127388
YLR368W,YDR498C,0,-5.769882,0.13887903094291687,0.7829999923706055,0.4855000078678131
YJR017C,YKL197C,0,-5.7699018,0.13885441422462463,0.7829999923706055,0.48559999465942383
YJR137C,YPL092W,0,-5.770061,0.1388297826051712,0.7829999923706055,0.48570001125335693
YGL008C,YCR028C-A,0,-5.770111,0.13880518078804016,0.7829999923706055,0.48579999804496765
YLR175W,YPL212C,1,-5.77018,0.13895781338214874,0.7839999794960022,0.48579999804496765
YHL036W,YBR253W,0,-5.7703815,0.1389331966638565,0.7839999794960022,0.48590001463890076
YDR382W,YLR268W,0,-5.77065,0.13890857994556427,0.7839999794960022,0.4860000014305115
YDL029W,YLL024C,0,-5.7708282,0.13888396322727203,0.7839999794960022,0.4860999882221222
YHL038C,YDR309C,0,-5.770894,0.13885937631130219,0.7839999794960022,0.4862000048160553
YOR168W,YDL154W,0,-5.771213,0.13883477449417114,0.7839999794960022,0.486299991607666
YOR322C,YOR047C,0,-5.7714705,0.1388102024793625,0.7839999794960022,0.4864000082015991
YMR049C,YIR033W,0,-5.771509,0.13878563046455383,0.7839999794960022,0.48649999499320984
YDR450W,YOR064C,0,-5.7716146,0.13876105844974518,0.7839999794960022,0.48660001158714294
YCR044C,YDL130W,0,-5.7716365,0.13873650133609772,0.7839999794960022,0.48669999837875366
YNL021W,YBL105C,0,-5.7716594,0.13871195912361145,0.7839999794960022,0.4867999851703644
YNL225C,YOR151C,0,-5.7716947,0.13868741691112518,0.7839999794960022,0.4869000017642975
YMR238W,YAR035W,0,-5.771725,0.1386628895998001,0.7839999794960022,0.4869999885559082
YOR037W,YLR107W,0,-5.7717624,0.13863837718963623,0.7839999794960022,0.4871000051498413
YDR498C,YOR148C,0,-5.7719417,0.13861386477947235,0.7839999794960022,0.487199991941452
YER026C,YML025C,0,-5.772048,0.13858935236930847,0.7839999794960022,0.48730000853538513
YLR067C,YLL021W,0,-5.7721963,0.13856486976146698,0.7839999794960022,0.48739999532699585
YNL258C,YPR009W,0,-5.772285,0.1385403722524643,0.7839999794960022,0.48750001192092896
YNL148C,YOR025W,0,-5.772448,0.138515904545784,0.7839999794960022,0.4875999987125397
YLR238W,YIR013C,0,-5.772571,0.1384914368391037,0.7839999794960022,0.4876999855041504
YBR112C,YOL143C,0,-5.772669,0.1384669691324234,0.7839999794960022,0.4878000020980835
YOL061W,YOR210W,0,-5.772691,0.1384425163269043,0.7839999794960022,0.4878999888896942
YGL055W,YPR102C,0,-5.7727466,0.1384180784225464,0.7839999794960022,0.4880000054836273
YOR322C,YEL020W-A,0,-5.772778,0.13839364051818848,0.7839999794960022,0.48809999227523804
YMR200W,YOR308C,0,-5.772901,0.13836921751499176,0.7839999794960022,0.48820000886917114
YOR174W,YBR167C,0,-5.7730327,0.13834480941295624,0.7839999794960022,0.48829999566078186
YDR040C,YLR328W,0,-5.7730746,0.13832040131092072,0.7839999794960022,0.48840001225471497
YCL029C,YIL034C,0,-5.773176,0.1382959932088852,0.7839999794960022,0.4884999990463257
YBL071W-A,YCL054W,1,-5.7732186,0.13844797015190125,0.7850000262260437,0.4884999990463257
YCL027W,YNL160W,0,-5.7732697,0.13842356204986572,0.7850000262260437,0.4885999858379364
YDL116W,YGL227W,0,-5.7734404,0.1383991539478302,0.7850000262260437,0.4887000024318695
YPL085W,YOR297C,0,-5.7734904,0.13837476074695587,0.7850000262260437,0.4887999892234802
YGL166W,YLR234W,0,-5.7737226,0.13835036754608154,0.7850000262260437,0.48890000581741333
YLR310C,YBR223C,0,-5.7737613,0.1383259892463684,0.7850000262260437,0.48899999260902405
YLR401C,YMR283C,1,-5.773772,0.13847780227661133,0.7860000133514404,0.48899999260902405
YGR155W,YIL046W,0,-5.773906,0.138453409075737,0.7860000133514404,0.48910000920295715
YLR085C,YIL123W,0,-5.7740645,0.13842903077602386,0.7860000133514404,0.48919999599456787
YHR053C,YOL101C,0,-5.7740865,0.13840465247631073,0.7860000133514404,0.489300012588501
YDR298C,YNL197C,0,-5.7742248,0.1383802890777588,0.7860000133514404,0.4893999993801117
YNL080C,YGL194C,0,-5.774239,0.13835592567920685,0.7860000133514404,0.4894999861717224
YPR008W,YBR010W,0,-5.774262,0.1383315771818161,0.7860000133514404,0.4896000027656555
YOR005C,YFL003C,0,-5.774513,0.13830722868442535,0.7860000133514404,0.48969998955726624
YFR005C,YOL102C,0,-5.7746496,0.1382828950881958,0.7860000133514404,0.48980000615119934
YPL161C,YMR100W,0,-5.774668,0.13825857639312744,0.7860000133514404,0.48989999294281006
YOL089C,YDL135C,0,-5.7747016,0.13823425769805908,0.7860000133514404,0.49000000953674316
YPR019W,YIL035C,0,-5.7748523,0.13820995390415192,0.7860000133514404,0.4900999963283539
YIR004W,YIL018W,0,-5.7749057,0.13818565011024475,0.7860000133514404,0.490200012922287
YDR039C,YHR186C,0,-5.77506,0.13816136121749878,0.7860000133514404,0.4902999997138977
YLL034C,YPR121W,0,-5.7751107,0.138137087225914,0.7860000133514404,0.4903999865055084
YBR135W,YLR292C,0,-5.7751884,0.13811281323432922,0.7860000133514404,0.49050000309944153
YKL085W,YKL062W,0,-5.7752857,0.13808853924274445,0.7860000133514404,0.49059998989105225
YOR322C,YPR131C,0,-5.775386,0.13806429505348206,0.7860000133514404,0.49070000648498535
YJL073W,YEL032W,0,-5.7754397,0.13804003596305847,0.7860000133514404,0.49079999327659607
YMR214W,YMR273C,0,-5.7754455,0.13801580667495728,0.7860000133514404,0.4909000098705292
YGL241W,YGL135W,0,-5.7754483,0.13799157738685608,0.7860000133514404,0.4909999966621399
YBR158W,YGL013C,0,-5.77564,0.13796734809875488,0.7860000133514404,0.491100013256073
YLR266C,YLR090W,0,-5.7758317,0.13794313371181488,0.7860000133514404,0.4912000000476837
YLR009W,YKR042W,0,-5.775835,0.13791893422603607,0.7860000133514404,0.49129998683929443
YNR049C,YLL040C,0,-5.775894,0.13789473474025726,0.7860000133514404,0.49140000343322754
YCR010C,YMR237W,0,-5.775904,0.13787055015563965,0.7860000133514404,0.49149999022483826
YIL132C,YPR082C,0,-5.775913,0.13784636557102203,0.7860000133514404,0.49160000681877136
YPL125W,YGL249W,0,-5.776073,0.1378221958875656,0.7860000133514404,0.4916999936103821
YBL002W,YIL121W,0,-5.77609,0.13779804110527039,0.7860000133514404,0.4918000102043152
YBR034C,YOL027C,0,-5.7762704,0.13777388632297516,0.7860000133514404,0.4918999969959259
YDL175C,YPL132W,0,-5.7763915,0.13774973154067993,0.7860000133514404,0.492000013589859
YNL042W,YDR419W,0,-5.776405,0.1377256065607071,0.7860000133514404,0.4921000003814697
YKR085C,YGL013C,0,-5.7764726,0.13770146667957306,0.7860000133514404,0.49219998717308044
YOR031W,YHR079C,0,-5.7765093,0.1376773566007614,0.7860000133514404,0.49230000376701355
YJL101C,YGR276C,0,-5.7765164,0.13765324652194977,0.7860000133514404,0.49239999055862427
YGR056W,YHR205W,0,-5.7766194,0.13762913644313812,0.7860000133514404,0.4925000071525574
YAL020C,YOR310C,1,-5.776794,0.1377801150083542,0.7870000004768372,0.4925000071525574
YLR233C,YGR163W,0,-5.7768865,0.13775599002838135,0.7870000004768372,0.4925999939441681
YJL095W,YFL026W,0,-5.7770867,0.1377318799495697,0.7870000004768372,0.4927000105381012
YJR094C,YHL025W,0,-5.777163,0.13770778477191925,0.7870000004768372,0.4927999973297119
YLL041C,YDR213W,0,-5.777207,0.1376836895942688,0.7870000004768372,0.492900013923645
YOR249C,YGR077C,0,-5.777251,0.13765960931777954,0.7870000004768372,0.49300000071525574
YDR085C,YGL219C,0,-5.777409,0.13763554394245148,0.7870000004768372,0.49309998750686646
YHL019C,YPR138C,0,-5.77743,0.13761146366596222,0.7870000004768372,0.49320000410079956
YBR070C,YDL064W,0,-5.7774696,0.13758741319179535,0.7870000004768372,0.4932999908924103
YHR116W,YNL312W,0,-5.777524,0.13756336271762848,0.7870000004768372,0.4934000074863434
YNL098C,YHL022C,0,-5.777646,0.1375393271446228,0.7870000004768372,0.4934999942779541
YDR075W,YOR348C,0,-5.777783,0.13751529157161713,0.7870000004768372,0.4936000108718872
YGL162W,YJL139C,0,-5.7778,0.13749127089977264,0.7870000004768372,0.4936999976634979
YLR109W,YOR322C,0,-5.777821,0.13746725022792816,0.7870000004768372,0.49380001425743103
YAL020C,YMR023C,1,-5.7778783,0.13761788606643677,0.7879999876022339,0.49380001425743103
YNL075W,YML005W,1,-5.7781796,0.1377684623003006,0.7889999747276306,0.49380001425743103
YBL017C,YJR046W,0,-5.778257,0.13774441182613373,0.7889999747276306,0.49390000104904175
YGR040W,YNL218W,0,-5.7783732,0.13772037625312805,0.7889999747276306,0.49399998784065247
YNL192W,YMR299C,0,-5.7784085,0.13769634068012238,0.7889999747276306,0.49410000443458557
YDR414C,YOL156W,0,-5.778486,0.1376723051071167,0.7889999747276306,0.4941999912261963
YPR120C,YOL002C,0,-5.7786164,0.13764828443527222,0.7889999747276306,0.4943000078201294
YOL089C,YKR028W,0,-5.778622,0.13762427866458893,0.7889999747276306,0.4943999946117401
YJL090C,YDR394W,0,-5.778727,0.13760027289390564,0.7889999747276306,0.4945000112056732
YML126C,YJL098W,0,-5.77875,0.13757628202438354,0.7889999747276306,0.49459999799728394
YDL243C,YAL032C,0,-5.7789826,0.13755230605602264,0.7889999747276306,0.49470001459121704
YNL138W,YDL120W,0,-5.779026,0.13752833008766174,0.7889999747276306,0.49480000138282776
YJR108W,YGL053W,0,-5.779256,0.13750435411930084,0.7889999747276306,0.4948999881744385
YBR211C,YOR159C,0,-5.779329,0.13748039305210114,0.7889999747276306,0.4950000047683716
YPR081C,YHL025W,0,-5.7794485,0.13745644688606262,0.7889999747276306,0.4950999915599823
YNL288W,YJR086W,0,-5.7795825,0.1374325007200241,0.7889999747276306,0.4952000081539154
YLR357W,YLR005W,0,-5.7797256,0.1374085694551468,0.7889999747276306,0.4952999949455261
YLR231C,YER044C-A,0,-5.779756,0.13738463819026947,0.7889999747276306,0.49540001153945923
YBR092C,YGR274C,0,-5.7797775,0.13736072182655334,0.7889999747276306,0.49549999833106995
YGL058W,YDR195W,0,-5.7797823,0.1373368203639984,0.7889999747276306,0.49559998512268066
YDR364C,YJL065C,0,-5.7797866,0.13731291890144348,0.7889999747276306,0.49570000171661377
YKL176C,YGR063C,0,-5.7797933,0.13728901743888855,0.7889999747276306,0.4957999885082245
YFR004W,YDR227W,0,-5.7799587,0.1372651308774948,0.7889999747276306,0.4959000051021576
YKL017C,YML114C,0,-5.780056,0.13724125921726227,0.7889999747276306,0.4959999918937683
YBR145W,YDL035C,0,-5.780146,0.13721738755702972,0.7889999747276306,0.4961000084877014
YLR254C,YFL026W,0,-5.7802386,0.13719353079795837,0.7889999747276306,0.49619999527931213
YPL240C,YHL007C,0,-5.7802987,0.13716967403888702,0.7889999747276306,0.49630001187324524
YPL106C,YER041W,0,-5.780438,0.13714583218097687,0.7889999747276306,0.49639999866485596
YLR295C,YOR313C,0,-5.7807937,0.1371220052242279,0.7889999747276306,0.4964999854564667
YDL231C,YIL009C-A,0,-5.7809343,0.13709817826747894,0.7889999747276306,0.4966000020503998
YJL167W,YER068W,0,-5.781008,0.13707435131072998,0.7889999747276306,0.4966999888420105
YLL008W,YDL138W,0,-5.7810364,0.1370505541563034,0.7889999747276306,0.4968000054359436
YBR112C,YHR197W,0,-5.7811894,0.13702674210071564,0.7889999747276306,0.4968999922275543
YHL020C,YPR110C,0,-5.781197,0.13700294494628906,0.7889999747276306,0.4970000088214874
YEL016C,YMR060C,0,-5.781482,0.13697916269302368,0.7889999747276306,0.49709999561309814
YGL116W,YDR218C,0,-5.781526,0.1369553953409195,0.7889999747276306,0.49720001220703125
YCL059C,YGR289C,0,-5.781632,0.1369316279888153,0.7889999747276306,0.49729999899864197
YNL075W,YOR201C,1,-5.7817183,0.13708138465881348,0.7900000214576721,0.49729999899864197
YPL043W,YER147C,0,-5.781824,0.1370576024055481,0.7900000214576721,0.4973999857902527
YIL014W,YEL017C-A,0,-5.7819734,0.13703382015228271,0.7900000214576721,0.4975000023841858
YJR077C,YIL051C,0,-5.782008,0.13701005280017853,0.7900000214576721,0.4975999891757965
YLR350W,YER147C,0,-5.782207,0.13698630034923553,0.7900000214576721,0.4977000057697296
YOR274W,YOR243C,1,-5.7822585,0.13713592290878296,0.7910000085830688,0.4977000057697296
YGR040W,YLR466W,0,-5.7822647,0.13711215555667877,0.7910000085830688,0.49779999256134033
YLL015W,YLR141W,0,-5.7825456,0.13708838820457458,0.7910000085830688,0.49790000915527344
YAL020C,YLR197W,1,-5.7826734,0.13723790645599365,0.7919999957084656,0.49790000915527344
YDR524C,YDR028C,0,-5.782718,0.13721413910388947,0.7919999957084656,0.49799999594688416
YHR116W,YOR122C,0,-5.7828965,0.13719037175178528,0.7919999957084656,0.49810001254081726
YOL089C,YLR035C,0,-5.7828984,0.1371666043996811,0.7919999957084656,0.498199999332428
YNL148C,YPL001W,0,-5.7830043,0.1371428519487381,0.7919999957084656,0.4982999861240387
YKR036C,YLR195C,0,-5.7832847,0.1371191143989563,0.7919999957084656,0.4984000027179718
YGL111W,YML041C,0,-5.7833343,0.1370953768491745,0.7919999957084656,0.4984999895095825
YNL038W,YMR112C,0,-5.7833524,0.1370716542005539,0.7919999957084656,0.4986000061035156
YAL033W,YLR059C,0,-5.783677,0.1370479315519333,0.7919999957084656,0.49869999289512634
YOR156C,YMR197C,0,-5.7838855,0.13702422380447388,0.7919999957084656,0.49880000948905945
YJL186W,YGR123C,0,-5.783944,0.13700051605701447,0.7919999957084656,0.49889999628067017
YIL009C-A,YAR018C,0,-5.7839446,0.13697682321071625,0.7919999957084656,0.49900001287460327
YOR243C,YJL035C,1,-5.784176,0.13712605834007263,0.7929999828338623,0.49900001287460327
YLR013W,YGR081C,0,-5.784179,0.13710235059261322,0.7929999828338623,0.499099999666214
YOR274W,YNR015W,1,-5.7842536,0.13725151121616364,0.7940000295639038,0.499099999666214
YMR277W,YLR427W,0,-5.784317,0.13722778856754303,0.7940000295639038,0.4991999864578247
YMR006C,YBR073W,0,-5.7843924,0.13720408082008362,0.7940000295639038,0.4993000030517578
YMR008C,YJR104C,0,-5.784429,0.1371803730726242,0.7940000295639038,0.49939998984336853
YEL003W,YOR147W,0,-5.7845254,0.137156680226326,0.7940000295639038,0.49950000643730164
YPL193W,YNL070W,0,-5.7846026,0.13713298738002777,0.7940000295639038,0.49959999322891235
YNL078W,YJL039C,0,-5.784609,0.13710930943489075,0.7940000295639038,0.49970000982284546
YFR008W,YGR178C,0,-5.7846975,0.13708563148975372,0.7940000295639038,0.4997999966144562
YKL068W,YNL128W,0,-5.7847457,0.1370619684457779,0.7940000295639038,0.4999000132083893
YLR056W,YNL138W,0,-5.7848115,0.13703832030296326,0.7940000295639038,0.5
YIR002C,YCL004W,0,-5.7850704,0.13701467216014862,0.7940000295639038,0.5001000165939331
YKR072C,YFR031C,0,-5.785125,0.13699102401733398,0.7940000295639038,0.5001999735832214
YDR183W,YCR061W,0,-5.785232,0.13696739077568054,0.7940000295639038,0.5002999901771545
YLR380W,YGL067W,0,-5.785578,0.1369437724351883,0.7940000295639038,0.5004000067710876
YMR168C,YHR154W,0,-5.785588,0.13692015409469604,0.7940000295639038,0.5005000233650208
YLR234W,YML124C,0,-5.7859116,0.136896550655365,0.7940000295639038,0.5005999803543091
YNL214W,YAL005C,0,-5.785988,0.13687294721603394,0.7940000295639038,0.5006999969482422
YNL008C,YPR093C,0,-5.7861333,0.13684935867786407,0.7940000295639038,0.5008000135421753
YLR160C,YNL139C,0,-5.786284,0.1368257850408554,0.7940000295639038,0.5008999705314636
YOL017W,YFL038C,0,-5.7863164,0.13680221140384674,0.7940000295639038,0.5009999871253967
YLR226W,YLL021W,0,-5.7863545,0.13677863776683807,0.7940000295639038,0.5011000037193298
YDL007W,YDR207C,0,-5.78654,0.1367550790309906,0.7940000295639038,0.5012000203132629
YMR232W,YJL173C,0,-5.786695,0.13673153519630432,0.7940000295639038,0.5012999773025513
YOR156C,YBR183W,0,-5.786815,0.13670799136161804,0.7940000295639038,0.5013999938964844
YFR013W,YKR050W,0,-5.7868557,0.13668446242809296,0.7940000295639038,0.5015000104904175
YDR409W,YGR046W,0,-5.786862,0.13666093349456787,0.7940000295639038,0.5016000270843506
YHR079C-A,YBR250W,0,-5.7871284,0.13663740456104279,0.7940000295639038,0.5016999840736389
YML126C,YDR331W,0,-5.787293,0.1366139054298401,0.7940000295639038,0.501800000667572
YLR022C,YCL010C,0,-5.7873282,0.1365904062986374,0.7940000295639038,0.5019000172615051
YPL195W,YOL044W,0,-5.787508,0.1365669071674347,0.7940000295639038,0.5019999742507935
YJR017C,YHL011C,0,-5.7875857,0.1365434229373932,0.7940000295639038,0.5020999908447266
YPL255W,YOL060C,0,-5.787638,0.13651993870735168,0.7940000295639038,0.5022000074386597
YPR141C,YPR080W,0,-5.7877564,0.13649646937847137,0.7940000295639038,0.5023000240325928
YNL192W,YOL112W,0,-5.7879124,0.13647301495075226,0.7940000295639038,0.5023999810218811
YMR263W,YPR095C,0,-5.787946,0.13644956052303314,0.7940000295639038,0.5024999976158142
YDR302W,YPR031W,0,-5.788164,0.13642612099647522,0.7940000295639038,0.5026000142097473
YKL144C,YNL186W,0,-5.788251,0.1364026814699173,0.7940000295639038,0.5026999711990356
YNL002C,YDR018C,0,-5.788349,0.13637925684452057,0.7940000295639038,0.5027999877929688
YPR199C,YPL164C,0,-5.788412,0.13635583221912384,0.7940000295639038,0.5029000043869019
YHR129C,YBR153W,0,-5.788437,0.1363324224948883,0.7940000295639038,0.503000020980835
YEL063C,YJR090C,0,-5.788549,0.13630901277065277,0.7940000295639038,0.5030999779701233
YML047C,YBR267W,0,-5.788566,0.13628561794757843,0.7940000295639038,0.5031999945640564
YGR091W,YDR485C,0,-5.788648,0.1362622231245041,0.7940000295639038,0.5033000111579895
YDR206W,YPR178W,0,-5.7886915,0.13623884320259094,0.7940000295639038,0.5034000277519226
YOL027C,YLR193C,0,-5.788864,0.136215478181839,0.7940000295639038,0.5034999847412109
YJL060W,YDL090C,0,-5.788874,0.13619211316108704,0.7940000295639038,0.503600001335144
YBL088C,YML029W,0,-5.7891884,0.13616874814033508,0.7940000295639038,0.5037000179290771
YMR296C,YBL018C,0,-5.789258,0.13614539802074432,0.7940000295639038,0.5037999749183655
YDR320C-A,YDL043C,0,-5.789308,0.13612206280231476,0.7940000295639038,0.5038999915122986
YHR171W,YOR319W,0,-5.789388,0.1360987275838852,0.7940000295639038,0.5040000081062317
YGR097W,YOL077W-A,0,-5.789468,0.13607540726661682,0.7940000295639038,0.5041000247001648
YGL017W,YPL060W,0,-5.789498,0.13605208694934845,0.7940000295639038,0.5041999816894531
YDL007W,YOR075W,0,-5.7895856,0.13602878153324127,0.7940000295639038,0.5042999982833862
YNL061W,YOL004W,0,-5.789616,0.1360054761171341,0.7940000295639038,0.5044000148773193
YOR208W,YOR313C,0,-5.7897763,0.1359821856021881,0.7940000295639038,0.5044999718666077
YPL242C,YDR483W,0,-5.7897825,0.13595890998840332,0.7940000295639038,0.5045999884605408
YIL149C,YGL227W,0,-5.7898293,0.13593563437461853,0.7940000295639038,0.5047000050544739
YIL051C,YDR243C,0,-5.790005,0.13591235876083374,0.7940000295639038,0.504800021648407
YMR292W,YDL059C,0,-5.790161,0.13588909804821014,0.7940000295639038,0.5048999786376953
YOR030W,YHR172W,0,-5.790189,0.13586585223674774,0.7940000295639038,0.5049999952316284
YJL058C,YER179W,0,-5.7902493,0.13584260642528534,0.7940000295639038,0.5051000118255615
YAL053W,YKL017C,0,-5.7903295,0.13581936061382294,0.7940000295639038,0.5052000284194946
YLR088W,YIL129C,0,-5.790393,0.13579612970352173,0.7940000295639038,0.505299985408783
YNR011C,YBR043C,0,-5.790425,0.1357729136943817,0.7940000295639038,0.5054000020027161
YGR101W,YDR379W,0,-5.7904572,0.1357496976852417,0.7940000295639038,0.5055000185966492
YER065C,YGR128C,0,-5.790551,0.13572649657726288,0.7940000295639038,0.5055999755859375
YER179W,YOL146W,0,-5.790666,0.13570329546928406,0.7940000295639038,0.5056999921798706
YDR272W,YGL049C,0,-5.7907834,0.13568010926246643,0.7940000295639038,0.5058000087738037
YJR091C,YPL042C,0,-5.7908416,0.1356569230556488,0.7940000295639038,0.5059000253677368
YGL086W,YER161C,0,-5.790934,0.13563375174999237,0.7940000295639038,0.5059999823570251
YLR427W,YOR043W,0,-5.79098,0.13561059534549713,0.7940000295639038,0.5060999989509583
YHR187W,YML005W,1,-5.791152,0.1357581913471222,0.7950000166893005,0.5060999989509583
YKL079W,YMR302C,0,-5.7912145,0.13573502004146576,0.7950000166893005,0.5062000155448914
YNL192W,YPL175W,0,-5.791246,0.13571184873580933,0.7950000166893005,0.5062999725341797
YLR399C,YML091C,0,-5.791268,0.1356886774301529,0.7950000166893005,0.5063999891281128
YMR001C,YBR105C,0,-5.7913637,0.13566553592681885,0.7950000166893005,0.5065000057220459
YPR135W,YHR197W,0,-5.7916045,0.1356423795223236,0.7950000166893005,0.506600022315979
YNL227C,YDR092W,0,-5.7916956,0.13561923801898956,0.7950000166893005,0.5066999793052673
YGR024C,YNR046W,1,-5.7918487,0.1357666701078415,0.7960000038146973,0.5066999793052673
YLR009W,YOL004W,0,-5.7919974,0.13574351370334625,0.7960000038146973,0.5067999958992004
YHR187W,YNR046W,1,-5.7922454,0.1358908712863922,0.796999990940094,0.5067999958992004
YLR411W,YFL033C,0,-5.7922697,0.13586771488189697,0.796999990940094,0.5069000124931335
YNL117W,YDL154W,0,-5.7923703,0.13584455847740173,0.796999990940094,0.5070000290870667
YNL192W,YIL128W,0,-5.7924323,0.1358214020729065,0.796999990940094,0.507099986076355
YGL136C,YDL112W,1,-5.792519,0.1359686553478241,0.7979999780654907,0.507099986076355
YPR131C,YGR248W,0,-5.792871,0.13594548404216766,0.7979999780654907,0.5072000026702881
YKL176C,YER008C,0,-5.7930427,0.13592232763767242,0.7979999780654907,0.5073000192642212
YPL212C,YOR243C,1,-5.793428,0.13606947660446167,0.7990000247955322,0.5073000192642212
YOL078W,YJL033W,0,-5.7934813,0.13604632019996643,0.7990000247955322,0.5073999762535095
YMR127C,YKR029C,0,-5.793581,0.13602314889431,0.7990000247955322,0.5074999928474426
YPL001W,YJL198W,0,-5.7936616,0.13600000739097595,0.7990000247955322,0.5076000094413757
YOR377W,YGR046W,0,-5.7937827,0.1359768509864807,0.7990000247955322,0.5077000260353088
YKR068C,YOL039W,0,-5.7938075,0.13595372438430786,0.7990000247955322,0.5077999830245972
YEL066W,YBR043C,0,-5.7938323,0.13593058288097382,0.7990000247955322,0.5078999996185303
YPR110C,YIL018W,0,-5.7939744,0.13590747117996216,0.7990000247955322,0.5080000162124634
YGR262C,YDR235W,0,-5.7942405,0.1358843594789505,0.7990000247955322,0.5080999732017517
YLR293C,YAL034W-A,0,-5.794305,0.13586124777793884,0.7990000247955322,0.5081999897956848
YBR211C,YGR056W,0,-5.794358,0.13583815097808838,0.7990000247955322,0.5083000063896179
YDL060W,YOL105C,0,-5.794394,0.13581505417823792,0.7990000247955322,0.508400022983551
YDL105W,YEL060C,0,-5.79462,0.13579197227954865,0.7990000247955322,0.5084999799728394
YML051W,YGR279C,0,-5.7948256,0.13576890528202057,0.7990000247955322,0.5085999965667725
YNL031C,YOR281C,0,-5.794853,0.1357458382844925,0.7990000247955322,0.5087000131607056
YDR331W,YGL153W,0,-5.7948804,0.1357227861881256,0.7990000247955322,0.5088000297546387
YGR089W,YLR191W,0,-5.7949114,0.13569973409175873,0.7990000247955322,0.508899986743927
YER007W,YGR229C,0,-5.7950206,0.13567668199539185,0.7990000247955322,0.5090000033378601
YJL004C,YLR212C,0,-5.795085,0.13565364480018616,0.7990000247955322,0.5091000199317932
YDR385W,YPR193C,0,-5.7953415,0.13563062250614166,0.7990000247955322,0.5091999769210815
YDR331W,YOR048C,0,-5.7957053,0.13560760021209717,0.7990000247955322,0.5092999935150146
YGL163C,YGL175C,0,-5.7958493,0.13558459281921387,0.7990000247955322,0.5094000101089478
YPR023C,YNL297C,0,-5.795855,0.13556158542633057,0.7990000247955322,0.5095000267028809
YOL002C,YMR272C,0,-5.796063,0.13553859293460846,0.7990000247955322,0.5095999836921692
YBR015C,YML092C,0,-5.796098,0.13551560044288635,0.7990000247955322,0.5097000002861023
YOR191W,YIL021W,0,-5.796106,0.13549262285232544,0.7990000247955322,0.5098000168800354
YKL005C,YPL127C,0,-5.796145,0.13546964526176453,0.7990000247955322,0.5098999738693237
YNL256W,YER161C,0,-5.7963543,0.1354466825723648,0.7990000247955322,0.5099999904632568
YBR114W,YHR079C-A,0,-5.7963796,0.13542373478412628,0.7990000247955322,0.5101000070571899
YBR060C,YBR172C,0,-5.7964263,0.13540077209472656,0.7990000247955322,0.510200023651123
YFL023W,YHR011W,0,-5.7964272,0.13537783920764923,0.7990000247955322,0.5102999806404114
YIR023W,YKL008C,0,-5.796482,0.1353549063205719,0.7990000247955322,0.5103999972343445
YDL175C,YLR233C,0,-5.7966533,0.13533197343349457,0.7990000247955322,0.5105000138282776
YMR316W,YMR143W,0,-5.796699,0.13530905544757843,0.7990000247955322,0.5105999708175659
YDR017C,YOR047C,0,-5.7968583,0.1352861523628235,0.7990000247955322,0.510699987411499
YDL043C,YDR045C,0,-5.7968645,0.13526324927806854,0.7990000247955322,0.5108000040054321
YOR173W,YCL027W,0,-5.7968774,0.1352403461933136,0.7990000247955322,0.5109000205993652
YPR088C,YCL063W,0,-5.7970214,0.13521745800971985,0.7990000247955322,0.5109999775886536
YLR133W,YIL139C,0,-5.7970233,0.1351945847272873,0.7990000247955322,0.5110999941825867
YJR091C,YGL163C,0,-5.797095,0.13517171144485474,0.7990000247955322,0.5112000107765198
YGR284C,YCR042C,0,-5.797275,0.13514885306358337,0.7990000247955322,0.5113000273704529
YPR176C,YBL026W,0,-5.7974553,0.135125994682312,0.7990000247955322,0.5113999843597412
YBR136W,YGR141W,0,-5.7974763,0.13510315120220184,0.7990000247955322,0.5115000009536743
YPR141C,YDR045C,0,-5.7975016,0.13508030772209167,0.7990000247955322,0.5116000175476074
YDR098C,YKL122C,0,-5.7975383,0.1350574642419815,0.7990000247955322,0.5116999745368958
YLR411W,YIL122W,0,-5.797541,0.13503465056419373,0.7990000247955322,0.5117999911308289
YGL105W,YGL222C,0,-5.797598,0.13501182198524475,0.7990000247955322,0.511900007724762
YKL013C,YDL046W,0,-5.7980437,0.13498902320861816,0.7990000247955322,0.5120000243186951
YGR134W,YOR038C,0,-5.7983494,0.13496620953083038,0.7990000247955322,0.5120999813079834
YCL035C,YGL049C,0,-5.798467,0.134943425655365,0.7990000247955322,0.5121999979019165
YAL056W,YDR145W,0,-5.7984786,0.1349206417798996,0.7990000247955322,0.5123000144958496
YPL048W,YOL110W,0,-5.7987814,0.1348978579044342,0.7990000247955322,0.5123999714851379
YCR024C-A,YHR163W,0,-5.799093,0.13487508893013,0.7990000247955322,0.512499988079071
YNL145W,YJR104C,0,-5.7991014,0.1348523199558258,0.7990000247955322,0.5126000046730042
YGR108W,YGL058W,0,-5.7992826,0.1348295658826828,0.7990000247955322,0.5127000212669373
YDL002C,YLR166C,0,-5.7993274,0.1348068118095398,0.7990000247955322,0.5127999782562256
YOR243C,YMR283C,1,-5.7993927,0.13495276868343353,0.800000011920929,0.5127999782562256
YMR073C,YKL038W,0,-5.7995105,0.13492999970912933,0.800000011920929,0.5128999948501587
YOR005C,YJL154C,0,-5.7995663,0.13490724563598633,0.800000011920929,0.5130000114440918
YJR083C,YHR150W,0,-5.799745,0.13488450646400452,0.800000011920929,0.5131000280380249
YDL113C,YPL020C,0,-5.799767,0.1348617672920227,0.800000011920929,0.5131999850273132
YNL219C,YKR024C,0,-5.7999415,0.1348390430212021,0.800000011920929,0.5133000016212463
YPL159C,YJR019C,0,-5.799964,0.13481631875038147,0.800000011920929,0.5134000182151794
YDL220C,YLR310C,0,-5.8000827,0.13479359447956085,0.800000011920929,0.5134999752044678
YLR033W,YBR143C,0,-5.8001237,0.13477088510990143,0.800000011920929,0.5135999917984009
YGL018C,YOL090W,0,-5.800281,0.1347481906414032,0.800000011920929,0.513700008392334
YLR288C,YCL052C,0,-5.8003235,0.13472549617290497,0.800000011920929,0.5138000249862671
YOR377W,YDR207C,0,-5.8003335,0.13470281660556793,0.800000011920929,0.5138999819755554
YPL177C,YDR143C,0,-5.8004827,0.1346801370382309,0.800000011920929,0.5139999985694885
YHR129C,YHR072W,0,-5.800678,0.13465747237205505,0.800000011920929,0.5141000151634216
YNL008C,YPL221W,0,-5.800836,0.1346348077058792,0.800000011920929,0.51419997215271
YDR004W,YDR078C,0,-5.800895,0.13461214303970337,0.800000011920929,0.5142999887466431
YDL039C,YHR206W,0,-5.801149,0.13458950817584991,0.800000011920929,0.5144000053405762
YGR162W,YML038C,0,-5.8011727,0.13456685841083527,0.800000011920929,0.5145000219345093
YDR158W,YPL124W,0,-5.801269,0.134544238448143,0.800000011920929,0.5145999789237976
YGL028C,YBR143C,0,-5.8014235,0.13452160358428955,0.800000011920929,0.5146999955177307
YDL223C,YGL016W,0,-5.8015714,0.13449899852275848,0.800000011920929,0.5148000121116638
YKR095W,YDR320C,0,-5.8016853,0.13447637856006622,0.800000011920929,0.5149000287055969
YOR080W,YEL003W,0,-5.8016963,0.13445378839969635,0.800000011920929,0.5149999856948853
YER065C,YOL148C,0,-5.8018513,0.13443118333816528,0.800000011920929,0.5151000022888184
YMR232W,YDR425W,0,-5.802007,0.1344086080789566,0.800000011920929,0.5152000188827515
YDR394W,YPL020C,0,-5.802069,0.13438601791858673,0.800000011920929,0.5152999758720398
YML086C,YGR014W,0,-5.802092,0.13436345756053925,0.800000011920929,0.5153999924659729
YDR361C,YDR238C,0,-5.80221,0.13434089720249176,0.800000011920929,0.515500009059906
YJL058C,YOR299W,0,-5.8023763,0.13431833684444427,0.800000011920929,0.5156000256538391
YMR138W,YDR422C,0,-5.8024244,0.13429579138755798,0.800000011920929,0.5156999826431274
YBR298C,YBR256C,0,-5.8024592,0.1342732459306717,0.800000011920929,0.5157999992370605
YOL089C,YHR150W,0,-5.802555,0.1342507153749466,0.800000011920929,0.5159000158309937
YBL074C,YOL143C,0,-5.8030972,0.1342281848192215,0.800000011920929,0.515999972820282
YDR440W,YPL147W,0,-5.803285,0.1342056691646576,0.800000011920929,0.5160999894142151
YJR092W,YOL146W,0,-5.8034453,0.1341831535100937,0.800000011920929,0.5162000060081482
YLR423C,YDR451C,0,-5.8035293,0.13416065275669098,0.800000011920929,0.5163000226020813
YJL034W,YJL145W,0,-5.8038,0.13413816690444946,0.800000011920929,0.5163999795913696
YML069W,YBR153W,0,-5.803866,0.13411568105220795,0.800000011920929,0.5164999961853027
YGR191W,YNR049C,0,-5.803884,0.13409319519996643,0.800000011920929,0.5166000127792358
YIL014W,YLR442C,0,-5.8038917,0.1340707242488861,0.800000011920929,0.516700029373169
YBR202W,YKR025W,0,-5.8040404,0.1340482532978058,0.800000011920929,0.5167999863624573
YHR013C,YGR270W,0,-5.8041177,0.13402579724788666,0.800000011920929,0.5169000029563904
YER045C,YNL218W,0,-5.804257,0.13400335609912872,0.800000011920929,0.5170000195503235
YNL053W,YIL042C,0,-5.804337,0.1339809149503708,0.800000011920929,0.5170999765396118
YJL095W,YJR097W,0,-5.804425,0.13395847380161285,0.800000011920929,0.5171999931335449
YJL094C,YEL020W-A,0,-5.8044715,0.1339360475540161,0.800000011920929,0.517300009727478
YGL136C,YGL232W,1,-5.804516,0.13408102095127106,0.8009999990463257,0.517300009727478
YDR277C,YMR006C,0,-5.8046927,0.13405857980251312,0.8009999990463257,0.5174000263214111
YLR109W,YJR035W,0,-5.8046947,0.1340361386537552,0.8009999990463257,0.5174999833106995
YPL170W,YMR179W,0,-5.80482,0.13401371240615845,0.8009999990463257,0.5175999999046326
YGL144C,YDR308C,0,-5.8048644,0.1339913010597229,0.8009999990463257,0.5177000164985657
YKL220C,YOL076W,0,-5.804895,0.13396888971328735,0.8009999990463257,0.517799973487854
YDR361C,YAL035W,0,-5.8050113,0.133946493268013,0.8009999990463257,0.5178999900817871
YPR104C,YLR214W,0,-5.8050566,0.13392409682273865,0.8009999990463257,0.5180000066757202
YDL079C,YDL130W,0,-5.8050675,0.1339017003774643,0.8009999990463257,0.5181000232696533
YLR390W-A,YPL007C,0,-5.8050876,0.13387931883335114,0.8009999990463257,0.5181999802589417
YFL056C,YLR103C,0,-5.8051205,0.13385695219039917,0.8009999990463257,0.5182999968528748
YJL085W,YJL186W,0,-5.805269,0.1338345855474472,0.8009999990463257,0.5184000134468079
YLR411W,YAR003W,0,-5.8053,0.13381223380565643,0.8009999990463257,0.5184999704360962
YGR171C,YDR243C,0,-5.8053684,0.13378988206386566,0.8009999990463257,0.5185999870300293
YHR107C,YPL163C,0,-5.8054466,0.1337675303220749,0.8009999990463257,0.5187000036239624
YAL033W,YJL121C,0,-5.805577,0.1337451934814453,0.8009999990463257,0.5188000202178955
YJR094C,YLR014C,0,-5.805695,0.13372287154197693,0.8009999990463257,0.5188999772071838
YNL042W,YGR036C,0,-5.8057504,0.13370054960250854,0.8009999990463257,0.5189999938011169
YDR148C,YDR314C,0,-5.805758,0.13367824256420135,0.8009999990463257,0.51910001039505
YJL058C,YKR057W,0,-5.8058047,0.13365593552589417,0.8009999990463257,0.5192000269889832
YHR191C,YOR298C-A,0,-5.8061013,0.13363362848758698,0.8009999990463257,0.5192999839782715
YER109C,YOR209C,0,-5.8063693,0.13361133635044098,0.8009999990463257,0.5194000005722046
YAL034W-A,YDR478W,0,-5.8064094,0.13358905911445618,0.8009999990463257,0.5195000171661377
YKL085W,YOL104C,0,-5.806421,0.13356678187847137,0.8009999990463257,0.519599974155426
YGL130W,YBR043C,0,-5.8064685,0.13354451954364777,0.8009999990463257,0.5196999907493591
YLR096W,YPL092W,0,-5.806537,0.13352225720882416,0.8009999990463257,0.5198000073432922
YKL008C,YML103C,0,-5.80663,0.13349999487400055,0.8009999990463257,0.5199000239372253
YDR184C,YOR151C,0,-5.806637,0.13347774744033813,0.8009999990463257,0.5199999809265137
YMR043W,YJL053W,0,-5.8066635,0.13345551490783691,0.8009999990463257,0.5200999975204468
YMR167W,YPL151C,0,-5.8067393,0.1334332823753357,0.8009999990463257,0.5202000141143799
YPL051W,YNL273W,0,-5.806766,0.13341106474399567,0.8009999990463257,0.5202999711036682
YPL224C,YBR081C,0,-5.8070254,0.13338884711265564,0.8009999990463257,0.5203999876976013
YPL110C,YCR012W,0,-5.8070874,0.1333666294813156,0.8009999990463257,0.5205000042915344
YOR099W,YPL144W,0,-5.807094,0.13334442675113678,0.8009999990463257,0.5206000208854675
YDL135C,YNL334C,0,-5.8071213,0.13332223892211914,0.8009999990463257,0.5206999778747559
YGL086W,YNL072W,0,-5.8073664,0.1333000510931015,0.8009999990463257,0.520799994468689
YMR037C,YOR313C,0,-5.807479,0.13327786326408386,0.8009999990463257,0.5209000110626221
YGL194C,YER162C,0,-5.8076262,0.1332557052373886,0.8009999990463257,0.5210000276565552
YER045C,YBR126C,0,-5.8076496,0.13323353230953217,0.8009999990463257,0.5210999846458435
YDL002C,YHR062C,0,-5.8076525,0.13321137428283691,0.8009999990463257,0.5212000012397766
YPR199C,YER095W,0,-5.8079066,0.13318923115730286,0.8009999990463257,0.5213000178337097
YGR224W,YJL011C,0,-5.8081408,0.1331670880317688,0.8009999990463257,0.521399974822998
YBL034C,YPR139C,0,-5.8081546,0.13314494490623474,0.8009999990463257,0.5214999914169312
YGR142W,YJR057W,0,-5.8083625,0.13312281668186188,0.8009999990463257,0.5216000080108643
YOR123C,YCL010C,0,-5.808414,0.1331007033586502,0.8009999990463257,0.5217000246047974
YLR158C,YOR368W,0,-5.8084645,0.13307859003543854,0.8009999990463257,0.5217999815940857
YNR056C,YDR337W,0,-5.8087053,0.13305647671222687,0.8009999990463257,0.5218999981880188
YER030W,YER095W,0,-5.8087664,0.1330343782901764,0.8009999990463257,0.5220000147819519
YBR183W,YOR287C,0,-5.8088183,0.1330122947692871,0.8009999990463257,0.5220999717712402
YOR249C,YDL059C,0,-5.808901,0.13299021124839783,0.8009999990463257,0.5221999883651733
YPL221W,YLR378C,0,-5.808915,0.13296812772750854,0.8009999990463257,0.5223000049591064
YNR008W,YOR334W,0,-5.8089423,0.13294605910778046,0.8009999990463257,0.5224000215530396
YHR066W,YDR322C-A,0,-5.809031,0.13292399048805237,0.8009999990463257,0.5224999785423279
YFR002W,YDR260C,0,-5.8090506,0.13290193676948547,0.8009999990463257,0.522599995136261
YIL117C,YJR007W,0,-5.809277,0.13287989795207977,0.8009999990463257,0.5227000117301941
YBL018C,YDL130W-A,0,-5.8093133,0.13285785913467407,0.8009999990463257,0.5228000283241272
YOR209C,YDL047W,0,-5.8093686,0.13283582031726837,0.8009999990463257,0.5228999853134155
YOR156C,YKL119C,0,-5.809523,0.13281379640102386,0.8009999990463257,0.5230000019073486
YIR028W,YLR023C,0,-5.809528,0.13279177248477936,0.8009999990463257,0.5231000185012817
YPL266W,YJL035C,1,-5.80953,0.1329355239868164,0.8019999861717224,0.5231000185012817
YBL052C,YBR250W,0,-5.8095803,0.1329134851694107,0.8019999861717224,0.5231999754905701
YJL170C,YMR192W,0,-5.809626,0.1328914612531662,0.8019999861717224,0.5232999920845032
YLR056W,YGL227W,0,-5.8096366,0.13286945223808289,0.8019999861717224,0.5234000086784363
YHR186C,YOR014W,0,-5.80974,0.13284744322299957,0.8019999861717224,0.5235000252723694
YDR214W,YDR294C,0,-5.809892,0.13282543420791626,0.8019999861717224,0.5235999822616577
YGL100W,YJL127C,0,-5.8099723,0.13280344009399414,0.8019999861717224,0.5236999988555908
YER172C,YCR063W,0,-5.81002,0.13278146088123322,0.8019999861717224,0.5238000154495239
YPL124W,YPR140W,0,-5.810159,0.1327594816684723,0.8019999861717224,0.5238999724388123
YEL063C,YNR034W,0,-5.8102145,0.13273750245571136,0.8019999861717224,0.5239999890327454
YOR100C,YKR050W,0,-5.810241,0.13271553814411163,0.8019999861717224,0.5241000056266785
YNL309W,YJR135W-A,0,-5.8108125,0.1326935738325119,0.8019999861717224,0.5242000222206116
YAR018C,YDR045C,0,-5.810822,0.13267162442207336,0.8019999861717224,0.5242999792098999
YOR049C,YMR005W,0,-5.810932,0.13264968991279602,0.8019999861717224,0.524399995803833
YMR001C,YMR153W,0,-5.8110013,0.13262775540351868,0.8019999861717224,0.5245000123977661
YBR132C,YOL013C,0,-5.8110642,0.13260582089424133,0.8019999861717224,0.5246000289916992
YMR113W,YHR161C,0,-5.8115516,0.13258390128612518,0.8019999861717224,0.5246999859809875
YDR142C,YFL033C,0,-5.8115735,0.13256198167800903,0.8019999861717224,0.5248000025749207
YPL170W,YGR241C,0,-5.8115873,0.13254007697105408,0.8019999861717224,0.5249000191688538
YDL232W,YDL236W,0,-5.8117566,0.13251817226409912,0.8019999861717224,0.5249999761581421
YJL209W,YLR368W,0,-5.8118987,0.13249628245830536,0.8019999861717224,0.5250999927520752
YGL001C,YDR158W,0,-5.8119473,0.1324743926525116,0.8019999861717224,0.5252000093460083
YOR351C,YNL210W,0,-5.811974,0.13245251774787903,0.8019999861717224,0.5253000259399414
YKL176C,YIL022W,0,-5.811975,0.13243064284324646,0.8019999861717224,0.5253999829292297
YLR401C,YNR015W,1,-5.812019,0.13257388770580292,0.8029999732971191,0.5253999829292297
YJL058C,YOR060C,0,-5.8120236,0.13255199790000916,0.8029999732971191,0.5254999995231628
YDR255C,YPL120W,0,-5.8120465,0.1325301229953766,0.8029999732971191,0.525600016117096
YIL052C,YDL098C,0,-5.812051,0.13250824809074402,0.8029999732971191,0.5256999731063843
YER087C-B,YDR080W,0,-5.8121724,0.13248638808727264,0.8029999732971191,0.5257999897003174
YBR130C,YGR162W,0,-5.812219,0.13246452808380127,0.8029999732971191,0.5259000062942505
YJR108W,YHR074W,0,-5.812388,0.1324426829814911,0.8029999732971191,0.5260000228881836
YPL267W,YKL141W,0,-5.8124757,0.1324208378791809,0.8029999732971191,0.5260999798774719
YGL254W,YIR025W,0,-5.8124766,0.13239900767803192,0.8029999732971191,0.526199996471405
YDL174C,YAL030W,0,-5.81251,0.13237717747688293,0.8029999732971191,0.5263000130653381
YLL043W,YGL171W,0,-5.8127503,0.13235536217689514,0.8029999732971191,0.5264000296592712
YGR163W,YDR103W,0,-5.8129325,0.13233354687690735,0.8029999732971191,0.5264999866485596
YCR073W-A,YCR042C,0,-5.812943,0.13231174647808075,0.8029999732971191,0.5266000032424927
YDR151C,YDR300C,0,-5.8130984,0.13228994607925415,0.8029999732971191,0.5267000198364258
YLR223C,YPR103W,0,-5.813126,0.13226816058158875,0.8029999732971191,0.5267999768257141
YKR028W,YGR020C,0,-5.813147,0.13224637508392334,0.8029999732971191,0.5268999934196472
YMR219W,YCR091W,0,-5.813168,0.13222460448741913,0.8029999732971191,0.5270000100135803
YGL005C,YCR044C,0,-5.8132386,0.13220283389091492,0.8029999732971191,0.5271000266075134
YLR207W,YKR014C,0,-5.8133955,0.1321810632944107,0.8029999732971191,0.5271999835968018
YLL041C,YOR054C,0,-5.813497,0.13215932250022888,0.8029999732971191,0.5273000001907349
YPL164C,YIL147C,0,-5.8135014,0.13213756680488586,0.8029999732971191,0.527400016784668
YDR420W,YML123C,0,-5.813537,0.13211582601070404,0.8029999732971191,0.5274999737739563
YKL001C,YPL002C,0,-5.8136363,0.1320941001176834,0.8029999732971191,0.5275999903678894
YBR155W,YHR096C,0,-5.8137794,0.13207237422466278,0.8029999732971191,0.5277000069618225
YMR312W,YKL110C,1,-5.814029,0.13221509754657745,0.8040000200271606,0.5277000069618225
YDR106W,YDR158W,0,-5.814077,0.13219335675239563,0.8040000200271606,0.5278000235557556
YDR097C,YOL043C,0,-5.814697,0.132171630859375,0.8040000200271606,0.527899980545044
YHR106W,YPL139C,0,-5.814755,0.13214990496635437,0.8040000200271606,0.527999997138977
YDL069C,YGL113W,0,-5.8147664,0.13212817907333374,0.8040000200271606,0.5281000137329102
YML118W,YGR170W,0,-5.814856,0.1321064680814743,0.8040000200271606,0.5281999707221985
YOL001W,YGL167C,0,-5.814983,0.13208477199077606,0.8040000200271606,0.5282999873161316
YIR006C,YOR353C,0,-5.8153567,0.13206307590007782,0.8040000200271606,0.5284000039100647
YBL019W,YIL125W,0,-5.8155622,0.13204137980937958,0.8040000200271606,0.5285000205039978
YNL274C,YLR430W,0,-5.8155937,0.13201969861984253,0.8040000200271606,0.5285999774932861
YDR091C,YPL085W,0,-5.815979,0.13199803233146667,0.8040000200271606,0.5286999940872192
YPL208W,YAR003W,0,-5.816001,0.13197636604309082,0.8040000200271606,0.5288000106811523
YDR456W,YPL206C,0,-5.8160267,0.13195469975471497,0.8040000200271606,0.5289000272750854
YHR133C,YBL005W,0,-5.816117,0.1319330483675003,0.8040000200271606,0.5289999842643738
YKL001C,YGL145W,0,-5.816203,0.13191139698028564,0.8040000200271606,0.5291000008583069
YNL223W,YML001W,0,-5.816271,0.13188976049423218,0.8040000200271606,0.52920001745224
YPL194W,YNR008W,0,-5.816322,0.1318681389093399,0.8040000200271606,0.5292999744415283
YGR097W,YOL091W,0,-5.8164907,0.13184650242328644,0.8040000200271606,0.5293999910354614
YGL001C,YNL088W,0,-5.8167725,0.13182489573955536,0.8040000200271606,0.5295000076293945
YOR217W,YGL022W,0,-5.816922,0.13180327415466309,0.8040000200271606,0.5296000242233276
YDL020C,YHR056C,0,-5.8171034,0.1317816823720932,0.8040000200271606,0.529699981212616
YKR063C,YBR256C,0,-5.817247,0.13176007568836212,0.8040000200271606,0.5297999978065491
YFL023W,YOL055C,0,-5.817303,0.13173848390579224,0.8040000200271606,0.5299000144004822
YKL092C,YGL129C,0,-5.817372,0.13171690702438354,0.8040000200271606,0.5299999713897705
YOR348C,YDR170C,0,-5.8175273,0.13169533014297485,0.8040000200271606,0.5300999879837036
YML126C,YGL129C,0,-5.817626,0.13167376816272736,0.8040000200271606,0.5302000045776367
YMR283C,YNR046W,1,-5.817884,0.13181595504283905,0.8050000071525574,0.5302000045776367
YPL266W,YML005W,1,-5.817947,0.13195808231830597,0.8059999942779541,0.5302000045776367
YNL020C,YDR480W,0,-5.8183756,0.13193649053573608,0.8059999942779541,0.5303000211715698
YKL026C,YNL197C,0,-5.8185067,0.1319148987531662,0.8059999942779541,0.5303999781608582
YPR029C,YJL178C,0,-5.8185334,0.1318933069705963,0.8059999942779541,0.5304999947547913
YOR099W,YJL207C,0,-5.8186903,0.13187173008918762,0.8059999942779541,0.5306000113487244
YDL149W,YNL288W,0,-5.818832,0.13185015320777893,0.8059999942779541,0.5307000279426575
YIL035C,YML041C,0,-5.8189282,0.13182859122753143,0.8059999942779541,0.5307999849319458
YMR303C,YNL297C,0,-5.818967,0.13180702924728394,0.8059999942779541,0.5309000015258789
YNL111C,YLL026W,0,-5.8190246,0.13178548216819763,0.8059999942779541,0.531000018119812
YGR158C,YGL096W,0,-5.819201,0.13176393508911133,0.8059999942779541,0.5310999751091003
YOR201C,YCL054W,1,-5.819244,0.13190585374832153,0.8069999814033508,0.5310999751091003
YBR258C,YDR322C-A,0,-5.819266,0.13188429176807404,0.8069999814033508,0.5311999917030334
YDR052C,YER145C,0,-5.81933,0.13186274468898773,0.8069999814033508,0.5313000082969666
YBL041W,YBR080C,0,-5.819388,0.13184119760990143,0.8069999814033508,0.5314000248908997
YBR039W,YHL006C,0,-5.8194013,0.13181966543197632,0.8069999814033508,0.531499981880188
YAL009W,YGR296W,0,-5.819694,0.1317981332540512,0.8069999814033508,0.5315999984741211
YOL060C,YOR351C,0,-5.819922,0.1317766159772873,0.8069999814033508,0.5317000150680542
YPR051W,YLR086W,0,-5.819959,0.13175509870052338,0.8069999814033508,0.5317999720573425
YOL144W,YGR296W,0,-5.8200088,0.13173359632492065,0.8069999814033508,0.5318999886512756
YLR079W,YDL042C,0,-5.820036,0.13171209394931793,0.8069999814033508,0.5320000052452087
YKR095W,YBR175W,0,-5.8200583,0.1316906064748764,0.8069999814033508,0.5321000218391418
YGR060W,YPR173C,0,-5.8200984,0.13166911900043488,0.8069999814033508,0.5321999788284302
YJL030W,YHR170W,0,-5.820168,0.13164763152599335,0.8069999814033508,0.5322999954223633
YKL146W,YOR188W,0,-5.820293,0.131626158952713,0.8069999814033508,0.5324000120162964
YGR119C,YHL028W,0,-5.8203053,0.13160470128059387,0.8069999814033508,0.5325000286102295
YKL206C,YBL026W,0,-5.820442,0.13158324360847473,0.8069999814033508,0.5325999855995178
YNL084C,YOL112W,0,-5.820673,0.1315617859363556,0.8069999814033508,0.5327000021934509
YJR076C,YER002W,0,-5.8207154,0.13154034316539764,0.8069999814033508,0.532800018787384
YDL045C,YDR353W,0,-5.82077,0.1315189003944397,0.8069999814033508,0.5328999757766724
YNR056C,YJL094C,0,-5.820854,0.13149747252464294,0.8069999814033508,0.5329999923706055
YCL052C,YIL138C,0,-5.82127,0.1314760446548462,0.8069999814033508,0.5331000089645386
YNL136W,YFR024C-A,0,-5.8214765,0.13145463168621063,0.8069999814033508,0.5332000255584717
YJR069C,YGR229C,0,-5.821485,0.13143321871757507,0.8069999814033508,0.53329998254776
YGR169C,YJL035C,1,-5.821762,0.13157466053962708,0.8080000281333923,0.53329998254776
YJL099W,YGL166W,0,-5.82177,0.13155323266983032,0.8080000281333923,0.5333999991416931
YER056C,YGR185C,0,-5.8217864,0.13153181970119476,0.8080000281333923,0.5335000157356262
YOR298W,YAL032C,0,-5.8218102,0.1315104216337204,0.8080000281333923,0.5335999727249146
YGL008C,YLL012W,0,-5.8219123,0.13148900866508484,0.8080000281333923,0.5336999893188477
YOR031W,YAR033W,0,-5.821925,0.13146762549877167,0.8080000281333923,0.5338000059127808
YJL098W,YDR073W,0,-5.821954,0.1314462274312973,0.8080000281333923,0.5339000225067139
YMR312W,YOR274W,1,-5.821989,0.13158750534057617,0.8090000152587891,0.5339000225067139
YLR074C,YDR206W,0,-5.8220973,0.1315661072731018,0.8090000152587891,0.5339999794960022
YNL119W,YNL334C,0,-5.8221745,0.13154470920562744,0.8090000152587891,0.5340999960899353
YLR113W,YFL026W,0,-5.822202,0.13152332603931427,0.8090000152587891,0.5342000126838684
YML032C,YDL090C,0,-5.822314,0.1315019577741623,0.8090000152587891,0.5343000292778015
YNL223W,YDR028C,0,-5.822447,0.13148057460784912,0.8090000152587891,0.5343999862670898
YDL033C,YDR165W,1,-5.822574,0.13162170350551605,0.8100000023841858,0.5343999862670898
YER056C,YKR063C,0,-5.822677,0.13160032033920288,0.8100000023841858,0.534500002861023
YOR208W,YOR380W,0,-5.822679,0.1315789520740509,0.8100000023841858,0.534600019454956
YKR095W,YGL004C,0,-5.822696,0.13155758380889893,0.8100000023841858,0.5346999764442444
YLR007W,YNL302C,0,-5.822764,0.13153621554374695,0.8100000023841858,0.5347999930381775
YJR158W,YOR256C,0,-5.8227725,0.13151486217975616,0.8100000023841858,0.5349000096321106
YDR188W,YGR241C,0,-5.8229346,0.13149350881576538,0.8100000023841858,0.5350000262260437
YGL020C,YGL025C,0,-5.8229394,0.1314721703529358,0.8100000023841858,0.535099983215332
YDL035C,YER072W,0,-5.823036,0.1314508318901062,0.8100000023841858,0.5351999998092651
YLR085C,YCL038C,0,-5.823195,0.1314294934272766,0.8100000023841858,0.5353000164031982
YPR042C,YPR133W-A,0,-5.8233285,0.13140816986560822,0.8100000023841858,0.5353999733924866
YML113W,YML124C,0,-5.8234305,0.131386861205101,0.8100000023841858,0.5354999899864197
YCR082W,YLR023C,0,-5.8234773,0.1313655525445938,0.8100000023841858,0.5356000065803528
YFR013W,YDR281C,0,-5.8237443,0.1313442587852478,0.8100000023841858,0.5357000231742859
YAR018C,YJL047C,0,-5.823981,0.1313229501247406,0.8100000023841858,0.5357999801635742
YNL027W,YJL010C,0,-5.8240504,0.1313016712665558,0.8100000023841858,0.5358999967575073
YDR320C-A,YPL042C,0,-5.824075,0.13128039240837097,0.8100000023841858,0.5360000133514404
YPL018W,YAL034W-A,0,-5.8240767,0.13125911355018616,0.8100000023841858,0.5360999703407288
YOR204W,YBL023C,0,-5.8240867,0.13123784959316254,0.8100000023841858,0.5361999869346619
YML130C,YJL036W,0,-5.8241673,0.13121658563613892,0.8100000023841858,0.536300003528595
YOR037W,YJR069C,0,-5.8241706,0.1311953365802765,0.8100000023841858,0.5364000201225281
YMR312W,YGL192W,1,-5.824598,0.1313360333442688,0.8109999895095825,0.5364000201225281
YBR017C,YER072W,0,-5.8247805,0.13131476938724518,0.8109999895095825,0.5364999771118164
YGL099W,YNL297C,0,-5.8249784,0.13129350543022156,0.8109999895095825,0.5365999937057495
YOR249C,YNL192W,0,-5.8250303,0.13127225637435913,0.8109999895095825,0.5367000102996826
YBR009C,YDL120W,0,-5.82506,0.1312510073184967,0.8109999895095825,0.5368000268936157
YLR270W,YBR107C,0,-5.8251057,0.13122977316379547,0.8109999895095825,0.536899983882904
YOL156W,YPR138C,0,-5.8251424,0.13120853900909424,0.8109999895095825,0.5370000004768372
YGL206C,YDR334W,0,-5.8254304,0.1311873197555542,0.8109999895095825,0.5371000170707703
YOR038C,YDL229W,0,-5.8254647,0.13116610050201416,0.8109999895095825,0.5371999740600586
YGL254W,YNL293W,0,-5.825537,0.13114489614963531,0.8109999895095825,0.5372999906539917
YOR028C,YLR133W,0,-5.8255734,0.13112369179725647,0.8109999895095825,0.5374000072479248
YGR288W,YDR235W,0,-5.825714,0.13110248744487762,0.8109999895095825,0.5375000238418579
YLR355C,YDR422C,0,-5.8259673,0.13108129799365997,0.8109999895095825,0.5375999808311462
YFL055W,YNL268W,0,-5.8259788,0.13106012344360352,0.8109999895095825,0.5376999974250793
YBR245C,YDR268W,0,-5.8263917,0.13103893399238586,0.8109999895095825,0.5378000140190125
YHR107C,YEL020W-A,0,-5.8264146,0.1310177743434906,0.8109999895095825,0.5378999710083008
YLR157C,YOR334W,0,-5.8266425,0.13099661469459534,0.8109999895095825,0.5379999876022339
YNL148C,YLR127C,0,-5.8266954,0.13097545504570007,0.8109999895095825,0.538100004196167
YOR142W,YCL032W,0,-5.826712,0.130954310297966,0.8109999895095825,0.5382000207901001
YOL121C,YER190W,0,-5.8267484,0.13093316555023193,0.8109999895095825,0.5382999777793884
YHR187W,YMR023C,1,-5.8268685,0.13107344508171082,0.8119999766349792,0.5382999777793884
YJL062W,YDR265W,0,-5.826876,0.13105228543281555,0.8119999766349792,0.5383999943733215
YLR431C,YKL021C,0,-5.826962,0.13103114068508148,0.8119999766349792,0.5385000109672546
YGL190C,YCR035C,0,-5.8269706,0.1310099959373474,0.8119999766349792,0.5386000275611877
YKR083C,YDR414C,0,-5.8269963,0.13098886609077454,0.8119999766349792,0.5386999845504761
YDR288W,YPL042C,0,-5.8270373,0.13096773624420166,0.8119999766349792,0.5388000011444092
YOL003C,YOR266W,0,-5.82718,0.13094662129878998,0.8119999766349792,0.5389000177383423
YMR056C,YGR075C,0,-5.8272033,0.1309255063533783,0.8119999766349792,0.5389999747276306
YDL043C,YHR084W,0,-5.827385,0.1309044063091278,0.8119999766349792,0.5390999913215637
YNL014W,YMR127C,0,-5.8276296,0.13088330626487732,0.8119999766349792,0.5392000079154968
YDR192C,YJL004C,0,-5.8277016,0.13086220622062683,0.8119999766349792,0.5393000245094299
YER007W,YEL041W,0,-5.8277173,0.13084112107753754,0.8119999766349792,0.5393999814987183
YBR070C,YJL219W,0,-5.8278656,0.13082003593444824,0.8119999766349792,0.5394999980926514
YJL076W,YGR006W,0,-5.828053,0.13079896569252014,0.8119999766349792,0.5396000146865845
YGR213C,YOL128C,0,-5.8280663,0.13077791035175323,0.8119999766349792,0.5396999716758728
YMR043W,YLR288C,0,-5.8281875,0.13075684010982513,0.8119999766349792,0.5397999882698059
YLR401C,YOR201C,1,-5.828282,0.13089679181575775,0.8130000233650208,0.5397999882698059
YBR093C,YPR163C,0,-5.828484,0.13087572157382965,0.8130000233650208,0.539900004863739
YDR028C,YGL093W,0,-5.8284945,0.13085466623306274,0.8130000233650208,0.5400000214576721
YOR304W,YER075C,0,-5.82857,0.13083359599113464,0.8130000233650208,0.5400999784469604
YAR015W,YDR516C,0,-5.828609,0.13081255555152893,0.8130000233650208,0.5401999950408936
YPL194W,YGR119C,0,-5.8286967,0.13079150021076202,0.8130000233650208,0.5403000116348267
YBR145W,YBR043C,0,-5.8287287,0.1307704746723175,0.8130000233650208,0.5404000282287598
YBR164C,YMR149W,0,-5.8287797,0.1307494342327118,0.8130000233650208,0.5404999852180481
YNL151C,YGR221C,0,-5.8287997,0.13072840869426727,0.8130000233650208,0.5406000018119812
YHR011W,YPL135W,0,-5.8288484,0.13070739805698395,0.8130000233650208,0.5407000184059143
YPL091W,YOR237W,0,-5.828938,0.13068638741970062,0.8130000233650208,0.5407999753952026
YCR094W,YLR378C,0,-5.8289456,0.1306653767824173,0.8130000233650208,0.5408999919891357
YHR053C,YPR010C,0,-5.828952,0.13064438104629517,0.8130000233650208,0.5410000085830688
YPL051W,YOR256C,0,-5.828964,0.13062340021133423,0.8130000233650208,0.541100025177002
YDR329C,YBR168W,0,-5.8291078,0.1306024044752121,0.8130000233650208,0.5411999821662903
YER114C,YDR419W,0,-5.8291316,0.13058143854141235,0.8130000233650208,0.5412999987602234
YDR419W,YNL302C,0,-5.829339,0.13056045770645142,0.8130000233650208,0.5414000153541565
YKL064W,YDR425W,0,-5.8293395,0.13053949177265167,0.8130000233650208,0.5414999723434448
YJL091C,YIL138C,0,-5.829386,0.13051854074001312,0.8130000233650208,0.5415999889373779
YEL065W,YKL018W,0,-5.8294415,0.13049758970737457,0.8130000233650208,0.541700005531311
YGR092W,YGR132C,0,-5.829525,0.13047665357589722,0.8130000233650208,0.5418000221252441
YNL192W,YDL213C,0,-5.8297048,0.13045571744441986,0.8130000233650208,0.5418999791145325
YGR171C,YPL193W,0,-5.829741,0.1304347813129425,0.8130000233650208,0.5419999957084656
YFL041W,YIL122W,0,-5.829743,0.13041386008262634,0.8130000233650208,0.5421000123023987
YBR068C,YDR217C,0,-5.829744,0.13039293885231018,0.8130000233650208,0.5422000288963318
YOR063W,YKL122C,0,-5.830002,0.1303720325231552,0.8130000233650208,0.5422999858856201
YBL045C,YMR060C,0,-5.83014,0.13035112619400024,0.8130000233650208,0.5424000024795532
YPL149W,YKR036C,0,-5.8302855,0.13033023476600647,0.8130000233650208,0.5425000190734863
YNL031C,YGR279C,0,-5.8304114,0.1303093433380127,0.8130000233650208,0.5425999760627747
YHR190W,YBR077C,0,-5.8304267,0.13028846681118011,0.8130000233650208,0.5426999926567078
YIL034C,YHR053C,0,-5.8306837,0.13026759028434753,0.8130000233650208,0.5428000092506409
YDR382W,YOR308C,0,-5.8306956,0.13024671375751495,0.8130000233650208,0.542900025844574
YDR177W,YDR451C,0,-5.8308754,0.13022585213184357,0.8130000233650208,0.5429999828338623
YER007W,YML114C,0,-5.8309007,0.13020499050617218,0.8130000233650208,0.5430999994277954
YGL073W,YGR221C,0,-5.8310447,0.130184143781662,0.8130000233650208,0.5432000160217285
YLR314C,YHR011W,0,-5.831065,0.130163311958313,0.8130000233650208,0.5432999730110168
YCR012W,YBR123C,0,-5.831142,0.1301424652338028,0.8130000233650208,0.54339998960495
YHR004C,YNL283C,0,-5.831217,0.1301216334104538,0.8130000233650208,0.5435000061988831
YOR319W,YDR308C,0,-5.8313785,0.130100816488266,0.8130000233650208,0.5436000227928162
YGR161C,YBR143C,0,-5.831616,0.13007999956607819,0.8130000233650208,0.5436999797821045
YNR072W,YDL154W,0,-5.8316503,0.13005919754505157,0.8130000233650208,0.5437999963760376
YGR097W,YDR398W,0,-5.8318005,0.13003838062286377,0.8130000233650208,0.5439000129699707
YLR157C,YCR008W,0,-5.8319716,0.13001759350299835,0.8130000233650208,0.5440000295639038
YJL074C,YJL109C,0,-5.8320312,0.12999680638313293,0.8130000233650208,0.5440999865531921
YHR043C,YCL004W,0,-5.8320365,0.12997601926326752,0.8130000233650208,0.5442000031471252
YLR192C,YGR059W,0,-5.8322277,0.1299552470445633,0.8130000233650208,0.5443000197410583
YPL101W,YMR023C,1,-5.8322296,0.13009428977966309,0.8140000104904175,0.5443000197410583
YDL042C,YJR156C,0,-5.8323727,0.13007350265979767,0.8140000104904175,0.5443999767303467
YBR135W,YDR091C,0,-5.832523,0.13005273044109344,0.8140000104904175,0.5444999933242798
YFL021W,YJL110C,0,-5.8325505,0.13003194332122803,0.8140000104904175,0.5446000099182129
YDR046C,YOR049C,0,-5.8328266,0.130011186003685,0.8140000104904175,0.544700026512146
YOR031W,YGL022W,0,-5.8329663,0.12999041378498077,0.8140000104904175,0.5447999835014343
YHR116W,YDR409W,0,-5.833053,0.12996965646743774,0.8140000104904175,0.5449000000953674
YPR171W,YFR002W,0,-5.8332763,0.1299489140510559,0.8140000104904175,0.5450000166893005
YCL026C-A,YMR268C,0,-5.8332896,0.12992817163467407,0.8140000104904175,0.5450999736785889
YOR388C,YPR138C,0,-5.8334093,0.12990744411945343,0.8140000104904175,0.545199990272522
YMR192W,YDR143C,0,-5.8334875,0.1298867017030716,0.8140000104904175,0.5453000068664551
YPR082C,YNL084C,0,-5.8339496,0.12986598908901215,0.8140000104904175,0.5454000234603882
YLL043W,YDR078C,0,-5.8340707,0.1298452764749527,0.8140000104904175,0.5454999804496765
YNL225C,YGR030C,0,-5.8341804,0.12982456386089325,0.8140000104904175,0.5455999970436096
YPL194W,YKL119C,0,-5.834209,0.129803866147995,0.8140000104904175,0.5457000136375427
YER030W,YFR027W,0,-5.834334,0.12978316843509674,0.8140000104904175,0.545799970626831
YEL032W,YBR077C,0,-5.834365,0.1297624707221985,0.8140000104904175,0.5458999872207642
YJL110C,YGL252C,0,-5.8344336,0.12974178791046143,0.8140000104904175,0.5460000038146973
YGR142W,YDR088C,0,-5.8345475,0.12972111999988556,0.8140000104904175,0.5461000204086304
YJL110C,YBR258C,0,-5.8345566,0.1297004520893097,0.8140000104904175,0.5461999773979187
YIR023W,YGR030C,0,-5.834688,0.12967978417873383,0.8140000104904175,0.5462999939918518
YOR299W,YBR065C,0,-5.834724,0.12965913116931915,0.8140000104904175,0.5464000105857849
YDL245C,YDR017C,0,-5.834932,0.12963847815990448,0.8140000104904175,0.546500027179718
YFL031W,YHL028W,0,-5.835016,0.129617840051651,0.8140000104904175,0.5465999841690063
YGL058W,YNL229C,0,-5.835056,0.12959720194339752,0.8140000104904175,0.5467000007629395
YLR047C,YLR107W,0,-5.835225,0.12957656383514404,0.8140000104904175,0.5468000173568726
YER030W,YDR171W,0,-5.835239,0.12955594062805176,0.8140000104904175,0.5468999743461609
YOR274W,YLR165C,1,-5.8353114,0.12969446182250977,0.8149999976158142,0.5468999743461609
YBR105C,YNL154C,0,-5.8354607,0.1296738237142563,0.8149999976158142,0.546999990940094
YER106W,YDR247W,0,-5.835494,0.129653200507164,0.8149999976158142,0.5471000075340271
YBR175W,YGL096W,0,-5.835852,0.12963257730007172,0.8149999976158142,0.5472000241279602
YLR370C,YIL036W,0,-5.835985,0.12961195409297943,0.8149999976158142,0.5472999811172485
YBR202W,YML128C,0,-5.8360286,0.12959134578704834,0.8149999976158142,0.5473999977111816
YMR232W,YHR079C,0,-5.8362117,0.12957075238227844,0.8149999976158142,0.5475000143051147
YNL218W,YMR241W,0,-5.8363347,0.12955014407634735,0.8149999976158142,0.5475999712944031
YNL085W,YBR183W,0,-5.836393,0.12952956557273865,0.8149999976158142,0.5476999878883362
YBL018C,YMR061W,0,-5.8364043,0.12950897216796875,0.8149999976158142,0.5478000044822693
YDR046C,YJL108C,0,-5.836613,0.12948840856552124,0.8149999976158142,0.5479000210762024
YIR004W,YBL006C,0,-5.836614,0.12946783006191254,0.8149999976158142,0.5479999780654907
YNL148C,YDR108W,0,-5.836726,0.12944726645946503,0.8149999976158142,0.5480999946594238
YDR385W,YGL142C,0,-5.836782,0.1294267177581787,0.8149999976158142,0.5482000112533569
YJL041W,YDR477W,0,-5.836814,0.1294061541557312,0.8149999976158142,0.54830002784729
YJL035C,YDL201W,1,-5.8368306,0.12954437732696533,0.8159999847412109,0.54830002784729
YHR115C,YPL196W,0,-5.8368545,0.12952381372451782,0.8159999847412109,0.5483999848365784
YGL061C,YHR041C,0,-5.8371167,0.1295032501220703,0.8159999847412109,0.5485000014305115
YIL159W,YIL097W,0,-5.837149,0.129482701420784,0.8159999847412109,0.5486000180244446
YNL214W,YMR133W,0,-5.8371596,0.12946216762065887,0.8159999847412109,0.5486999750137329
YAL017W,YMR127C,0,-5.8372045,0.12944161891937256,0.8159999847412109,0.548799991607666
YHR073W,YIL126W,0,-5.8372703,0.12942110002040863,0.8159999847412109,0.5489000082015991
YDR300C,YOR162C,0,-5.8373313,0.1294005662202835,0.8159999847412109,0.5490000247955322
YOR284W,YML041C,0,-5.837354,0.12938004732131958,0.8159999847412109,0.5490999817848206
YDR329C,YOR149C,0,-5.8374767,0.12935954332351685,0.8159999847412109,0.5491999983787537
YMR255W,YKR101W,0,-5.8374834,0.1293390393257141,0.8159999847412109,0.5493000149726868
YPL161C,YNL263C,0,-5.8379173,0.12931853532791138,0.8159999847412109,0.5493999719619751
YOR204W,YDL003W,0,-5.838108,0.12929804623126984,0.8159999847412109,0.5494999885559082
YLR150W,YER072W,0,-5.8382335,0.1292775720357895,0.8159999847412109,0.5496000051498413
YOL049W,YOR099W,0,-5.838244,0.12925708293914795,0.8159999847412109,0.5497000217437744
YAL020C,YBL024W,1,-5.8383,0.129394993185997,0.8169999718666077,0.5497000217437744
YBR211C,YFL023W,0,-5.8385644,0.12937450408935547,0.8169999718666077,0.5497999787330627
YJL092W,YIR018W,0,-5.8385673,0.12935401499271393,0.8169999718666077,0.5498999953269958
YOR274W,YOL093W,1,-5.8387504,0.12949185073375702,0.8180000185966492,0.5498999953269958
YFR002W,YNR006W,0,-5.8389587,0.12947134673595428,0.8180000185966492,0.550000011920929
YHR187W,YGL232W,1,-5.8392863,0.1296091079711914,0.8190000057220459,0.550000011920929
YGR036C,YDR148C,0,-5.839328,0.12958860397338867,0.8190000057220459,0.5501000285148621
YJL036W,YDR201W,0,-5.8394938,0.12956809997558594,0.8190000057220459,0.5501999855041504
YDR507C,YHR058C,0,-5.8395123,0.1295476108789444,0.8190000057220459,0.5503000020980835
YIL103W,YDR018C,0,-5.8395343,0.12952712178230286,0.8190000057220459,0.5504000186920166
YDR419W,YER148W,0,-5.839663,0.1295066475868225,0.8190000057220459,0.5504999756813049
YHR056C,YJL187C,0,-5.8397346,0.12948617339134216,0.8190000057220459,0.550599992275238
YLR016C,YML052W,0,-5.83974,0.12946569919586182,0.8190000057220459,0.5507000088691711
YER065C,YGL249W,0,-5.839789,0.12944523990154266,0.8190000057220459,0.5508000254631042
YIL124W,YDR208W,0,-5.8397956,0.1294247806072235,0.8190000057220459,0.5508999824523926
YJL033W,YIR021W,0,-5.8398547,0.12940433621406555,0.8190000057220459,0.5509999990463257
YDR328C,YOR132W,0,-5.8401685,0.1293838918209076,0.8190000057220459,0.5511000156402588
YNL116W,YAL044C,0,-5.840171,0.12936344742774963,0.8190000057220459,0.5511999726295471
YKL152C,YPL240C,0,-5.84024,0.12934301793575287,0.8190000057220459,0.5512999892234802
YNL014W,YKR089C,0,-5.8402805,0.1293226033449173,0.8190000057220459,0.5514000058174133
YGL223C,YBR092C,0,-5.840311,0.12930217385292053,0.8190000057220459,0.5515000224113464
YGR083C,YJL134W,0,-5.840318,0.12928177416324615,0.8190000057220459,0.5515999794006348
YPL010W,YNL139C,0,-5.8403244,0.12926135957241058,0.8190000057220459,0.5516999959945679
YJR047C,YOR032C,0,-5.840373,0.1292409598827362,0.8190000057220459,0.551800012588501
YDL106C,YML043C,0,-5.840383,0.12922057509422302,0.8190000057220459,0.5519000291824341
YMR237W,YNL309W,0,-5.840384,0.12920019030570984,0.8190000057220459,0.5519999861717224
YHR164C,YFR029W,0,-5.840585,0.12917980551719666,0.8190000057220459,0.5521000027656555
YPL051W,YDL130W-A,0,-5.8407927,0.12915943562984467,0.8190000057220459,0.5522000193595886
YPL163C,YKL081W,0,-5.8409348,0.12913906574249268,0.8190000057220459,0.552299976348877
YPL161C,YGR258C,0,-5.8409367,0.12911871075630188,0.8190000057220459,0.5523999929428101
YGR213C,YPR140W,0,-5.841165,0.12909835577011108,0.8190000057220459,0.5525000095367432
YGL222C,YKL053C-A,0,-5.8412166,0.12907801568508148,0.8190000057220459,0.5526000261306763
YHR164C,YFR051C,0,-5.84122,0.12905767560005188,0.8190000057220459,0.5526999831199646
YNR008W,YIL018W,0,-5.841256,0.12903733551502228,0.8190000057220459,0.5527999997138977
YJR053W,YIL030C,0,-5.8413186,0.12901701033115387,0.8190000057220459,0.5529000163078308
YHR023W,YJR044C,0,-5.8413587,0.12899668514728546,0.8190000057220459,0.5529999732971191
YMR268C,YJL176C,0,-5.8414273,0.12897637486457825,0.8190000057220459,0.5530999898910522
YOR040W,YIL023C,0,-5.841452,0.12895606458187103,0.8190000057220459,0.5532000064849854
YDR265W,YMR117C,0,-5.8414555,0.128935769200325,0.8190000057220459,0.5533000230789185
YOR123C,YKL025C,0,-5.8414893,0.128915473818779,0.8190000057220459,0.5533999800682068
YGL136C,YML005W,1,-5.8415117,0.1290525645017624,0.8199999928474426,0.5533999800682068
YNL106C,YHR178W,0,-5.841579,0.12903225421905518,0.8199999928474426,0.5534999966621399
YMR184W,YGL143C,0,-5.8417783,0.12901195883750916,0.8199999928474426,0.553600013256073
YJL190C,YDR523C,0,-5.841807,0.12899166345596313,0.8199999928474426,0.5536999702453613
YLR013W,YDR207C,0,-5.841866,0.12897136807441711,0.8199999928474426,0.5537999868392944
YBR250W,YHR178W,0,-5.842069,0.1289510875940323,0.8199999928474426,0.5539000034332275
YGL122C,YPR121W,0,-5.8421836,0.12893082201480865,0.8199999928474426,0.5540000200271606
YGR006W,YMR156C,0,-5.842325,0.12891054153442383,0.8199999928474426,0.554099977016449
YLR309C,YGR005C,0,-5.8423743,0.1288902908563614,0.8199999928474426,0.5541999936103821
YLR288C,YJL063C,0,-5.8424554,0.12887002527713776,0.8199999928474426,0.5543000102043152
YPL047W,YCR061W,0,-5.8426023,0.12884977459907532,0.8199999928474426,0.5544000267982483
YGL136C,YMR023C,1,-5.8427987,0.1289866417646408,0.8209999799728394,0.5544000267982483
YOR123C,YHR163W,0,-5.8428106,0.12896639108657837,0.8209999799728394,0.5544999837875366
YOL165C,YDR363W-A,0,-5.8429313,0.12894612550735474,0.8209999799728394,0.5546000003814697
YOR174W,YCR008W,0,-5.8429866,0.1289258748292923,0.8209999799728394,0.5547000169754028
YFL039C,YJL034W,0,-5.8430934,0.12890563905239105,0.8209999799728394,0.5547999739646912
YAR018C,YDL055C,0,-5.84316,0.1288854032754898,0.8209999799728394,0.5548999905586243
YPL076W,YGR162W,0,-5.843162,0.12886516749858856,0.8209999799728394,0.5550000071525574
YJL170C,YDR363W,0,-5.8432765,0.1288449466228485,0.8209999799728394,0.5551000237464905
YKL092C,YIL066C,0,-5.843531,0.12882472574710846,0.8209999799728394,0.5551999807357788
YGR109C,YOR030W,0,-5.843584,0.1288045197725296,0.8209999799728394,0.5552999973297119
YJL190C,YHR172W,0,-5.843667,0.12878431379795074,0.8209999799728394,0.555400013923645
YNL116W,YLR190W,0,-5.8437037,0.12876412272453308,0.8209999799728394,0.5554999709129333
YJL008C,YJR119C,0,-5.8439617,0.12874391674995422,0.8209999799728394,0.5555999875068665
YIR021W,YAL023C,0,-5.8443594,0.12872374057769775,0.8209999799728394,0.5557000041007996
YDL007W,YPL130W,0,-5.84441,0.12870356440544128,0.8209999799728394,0.5558000206947327
YMR312W,YJL035C,1,-5.8444915,0.1288401186466217,0.8220000267028809,0.5558000206947327
YMR015C,YIL019W,0,-5.844582,0.12881992757320404,0.8220000267028809,0.555899977684021
YNL270C,YLR096W,0,-5.8449354,0.12879975140094757,0.8220000267028809,0.5559999942779541
YMR237W,YNL231C,0,-5.84508,0.1287795752286911,0.8220000267028809,0.5561000108718872
YMR068W,YLR310C,0,-5.8451996,0.12875939905643463,0.8220000267028809,0.5562000274658203
YJL002C,YJL054W,0,-5.845423,0.12873923778533936,0.8220000267028809,0.5562999844551086
YJR035W,YHR203C,0,-5.8454638,0.12871907651424408,0.8220000267028809,0.5564000010490417
YDL002C,YLR298C,0,-5.8455043,0.1286989152431488,0.8220000267028809,0.5565000176429749
YMR113W,YGR163W,0,-5.845799,0.12867876887321472,0.8220000267028809,0.5565999746322632
YBR114W,YPR133W-A,0,-5.8461323,0.12865863740444183,0.8220000267028809,0.5566999912261963
YNL218W,YJL061W,0,-5.846263,0.12863849103450775,0.8220000267028809,0.5568000078201294
YHR193C,YLR363C,0,-5.846455,0.12861837446689606,0.8220000267028809,0.5569000244140625
YDL117W,YMR088C,0,-5.84655,0.12859824299812317,0.8220000267028809,0.5569999814033508
YOR098C,YOR130C,0,-5.846626,0.12857812643051147,0.8220000267028809,0.5570999979972839
YLR145W,YDR394W,0,-5.8466706,0.12855802476406097,0.8220000267028809,0.557200014591217
YFL023W,YOL027C,0,-5.846687,0.12853792309761047,0.8220000267028809,0.5572999715805054
YBR059C,YPL161C,0,-5.8466907,0.12851782143115997,0.8220000267028809,0.5573999881744385
YJL090C,YKL081W,0,-5.846733,0.12849773466587067,0.8220000267028809,0.5575000047683716
YPL217C,YGR267C,0,-5.846955,0.12847764790058136,0.8220000267028809,0.5576000213623047
YLR191W,YHR172W,0,-5.84697,0.12845757603645325,0.8220000267028809,0.557699978351593
YMR006C,YAR031W,0,-5.847048,0.12843750417232513,0.8220000267028809,0.5577999949455261
YDR103W,YKR089C,0,-5.847081,0.12841743230819702,0.8220000267028809,0.5579000115394592
YDL220C,YNR017W,0,-5.8472548,0.1283973753452301,0.8220000267028809,0.5580000281333923
YNL218W,YMR005W,0,-5.847369,0.12837731838226318,0.8220000267028809,0.5580999851226807
YJL047C,YDL042C,0,-5.8474307,0.12835727632045746,0.8220000267028809,0.5582000017166138
YNL030W,YGL111W,0,-5.847447,0.12833723425865173,0.8220000267028809,0.5583000183105469
YLR215C,YDL101C,0,-5.8475347,0.1283172070980072,0.8220000267028809,0.5583999752998352
YDR480W,YPL125W,0,-5.8475566,0.12829717993736267,0.8220000267028809,0.5584999918937683
YDL113C,YMR125W,0,-5.847645,0.12827715277671814,0.8220000267028809,0.5586000084877014
YPR200C,YMR277W,0,-5.8476686,0.1282571405172348,0.8220000267028809,0.5587000250816345
YNL078W,YGR085C,0,-5.8478475,0.12823712825775146,0.8220000267028809,0.5587999820709229
YGL055W,YOL061W,0,-5.8480153,0.12821713089942932,0.8220000267028809,0.558899998664856
YIL040W,YCR081W,0,-5.8480244,0.12819713354110718,0.8220000267028809,0.5590000152587891
YPR141C,YHR139C,0,-5.848035,0.12817713618278503,0.8220000267028809,0.5590999722480774
YGR204W,YGL075C,0,-5.8481708,0.12815715372562408,0.8220000267028809,0.5591999888420105
YLR035C,YBR195C,0,-5.848185,0.12813717126846313,0.8220000267028809,0.5593000054359436
YJR097W,YGR055W,0,-5.848223,0.12811720371246338,0.8220000267028809,0.5594000220298767
YGL062W,YKL080W,0,-5.8484445,0.12809723615646362,0.8220000267028809,0.559499979019165
YDR170C,YPR080W,0,-5.8484654,0.12807728350162506,0.8220000267028809,0.5595999956130981
YLR411W,YBR123C,0,-5.8485036,0.1280573308467865,0.8220000267028809,0.5597000122070312
YMR214W,YHR172W,0,-5.8486238,0.12803737819194794,0.8220000267028809,0.5598000288009644
YML032C,YMR059W,0,-5.8486714,0.12801744043827057,0.8220000267028809,0.5598999857902527
YOL069W,YBR154C,0,-5.848706,0.1279975026845932,0.8220000267028809,0.5600000023841858
YIL009W,YGR280C,0,-5.848774,0.12797757983207703,0.8220000267028809,0.5601000189781189
YKL190W,YFL021W,0,-5.8487744,0.12795765697956085,0.8220000267028809,0.5601999759674072
YJL031C,YLR259C,0,-5.848892,0.12793774902820587,0.8220000267028809,0.5602999925613403
YHR043C,YLR466W,0,-5.8488936,0.1279178410768509,0.8220000267028809,0.5604000091552734
YKR028W,YIL030C,0,-5.8491654,0.1278979331254959,0.8220000267028809,0.5605000257492065
YCL026C-A,YKL058W,0,-5.8491964,0.12787804007530212,0.8220000267028809,0.5605999827384949
YKL053C-A,YDR208W,0,-5.849215,0.12785814702510834,0.8220000267028809,0.560699999332428
YOR153W,YKR062W,0,-5.8492208,0.12783825397491455,0.8220000267028809,0.5608000159263611
YDR365C,YIL135C,0,-5.8492427,0.12781837582588196,0.8220000267028809,0.5608999729156494
YNR019W,YBL020W,0,-5.8493276,0.12779851257801056,0.8220000267028809,0.5609999895095825
YJR064W,YMR276W,0,-5.8493567,0.12777863442897797,0.8220000267028809,0.5611000061035156
YDR524C,YAL044C,0,-5.8494124,0.12775878608226776,0.8220000267028809,0.5612000226974487
YNL223W,YOR298W,0,-5.849543,0.12773892283439636,0.8220000267028809,0.5612999796867371
YMR133W,YJR110W,0,-5.8495636,0.12771907448768616,0.8220000267028809,0.5613999962806702
YOL121C,YNL209W,0,-5.849938,0.12769924104213715,0.8220000267028809,0.5615000128746033
YPL076W,YPL020C,0,-5.8499513,0.12767940759658813,0.8220000267028809,0.5616000294685364
YPL058C,YHR088W,0,-5.8499894,0.12765957415103912,0.8220000267028809,0.5616999864578247
YBR073W,YDL084W,0,-5.850114,0.1276397556066513,0.8220000267028809,0.5618000030517578
YGL051W,YDL105W,0,-5.8501163,0.1276199370622635,0.8220000267028809,0.5619000196456909
YCR065W,YOR210W,0,-5.850157,0.12760011851787567,0.8220000267028809,0.5619999766349792
YPL086C,YDL033C,1,-5.85033,0.12773552536964417,0.8230000138282776,0.5619999766349792
YHR061C,YGR202C,0,-5.8504615,0.12771570682525635,0.8230000138282776,0.5620999932289124
YDL092W,YJL138C,0,-5.850487,0.12769588828086853,0.8230000138282776,0.5622000098228455
YPL112C,YDL244W,0,-5.850657,0.1276760846376419,0.8230000138282776,0.5623000264167786
YOR142W,YBR218C,0,-5.8506894,0.12765628099441528,0.8230000138282776,0.5623999834060669
YDR310C,YDL244W,0,-5.850758,0.12763647735118866,0.8230000138282776,0.5625
YCR039C,YBR256C,0,-5.8507943,0.12761668860912323,0.8230000138282776,0.5626000165939331
YDR103W,YDR145W,0,-5.8509097,0.1275968998670578,0.8230000138282776,0.5626999735832214
YER016W,YMR231W,0,-5.850929,0.12757712602615356,0.8230000138282776,0.5627999901771545
YLR293C,YIR033W,0,-5.850949,0.12755735218524933,0.8230000138282776,0.5629000067710876
YNL225C,YER104W,0,-5.8510323,0.1275375783443451,0.8230000138282776,0.5630000233650208
YJL095W,YHR161C,0,-5.8510547,0.12751781940460205,0.8230000138282776,0.5630999803543091
YHR143W-A,YCR073C,0,-5.851138,0.127498060464859,0.8230000138282776,0.5631999969482422
YBL045C,YBR218C,0,-5.8512444,0.12747831642627716,0.8230000138282776,0.5633000135421753
YMR200W,YOR162C,0,-5.85126,0.1274585723876953,0.8230000138282776,0.5633999705314636
YDR078C,YHR039C-A,0,-5.851346,0.12743882834911346,0.8230000138282776,0.5634999871253967
YBR133C,YDR043C,0,-5.85148,0.1274190992116928,0.8230000138282776,0.5636000037193298
YHR108W,YPR188C,0,-5.851535,0.12739938497543335,0.8230000138282776,0.5637000203132629
YPR102C,YBL106C,0,-5.851659,0.1273796558380127,0.8230000138282776,0.5637999773025513
YCR093W,YDL108W,0,-5.8518124,0.12735995650291443,0.8230000138282776,0.5638999938964844
YOR274W,YDR165W,1,-5.851873,0.12749497592449188,0.8240000009536743,0.5638999938964844
YLR013W,YOR288C,0,-5.8519187,0.12747524678707123,0.8240000009536743,0.5640000104904175
YGR063C,YPL139C,0,-5.8521304,0.12745553255081177,0.8240000009536743,0.5641000270843506
YMR232W,YER093C,0,-5.8521686,0.1274358183145523,0.8240000009536743,0.5641999840736389
YCL014W,YMR135C,0,-5.852243,0.12741611897945404,0.8240000009536743,0.564300000667572
YHL048W,YLR055C,0,-5.8522844,0.12739641964435577,0.8240000009536743,0.5644000172615051
YHL038C,YDR397C,0,-5.852374,0.1273767203092575,0.8240000009536743,0.5644999742507935
YGR280C,YJR135W-A,0,-5.8523917,0.12735703587532043,0.8240000009536743,0.5645999908447266
YJR078W,YOR315W,0,-5.8524446,0.12733735144138336,0.8240000009536743,0.5647000074386597
YDR151C,YER088C,0,-5.852587,0.12731768190860748,0.8240000009536743,0.5648000240325928
YPL140C,YBR192W,0,-5.852802,0.1272980123758316,0.8240000009536743,0.5648999810218811
YLR016C,YLR079W,0,-5.8530297,0.12727834284305573,0.8240000009536743,0.5649999976158142
YDR039C,YCR061W,0,-5.8530383,0.12725868821144104,0.8240000009536743,0.5651000142097473
YLR335W,YPL175W,0,-5.8530483,0.12723903357982635,0.8240000009536743,0.5651999711990356
YKR048C,YDL090C,0,-5.853099,0.12721939384937286,0.8240000009536743,0.5652999877929688
YGR171C,YOL031C,0,-5.8532033,0.12719975411891937,0.8240000009536743,0.5654000043869019
YMR184W,YDL052C,0,-5.8532453,0.12718011438846588,0.8240000009536743,0.565500020980835
YAL038W,YDR097C,0,-5.8533373,0.12716048955917358,0.8240000009536743,0.5655999779701233
YFR031C,YDR058C,0,-5.85351,0.12714087963104248,0.8240000009536743,0.5656999945640564
YOR334W,YFL036W,0,-5.8535438,0.12712125480175018,0.8240000009536743,0.5658000111579895
YIL125W,YGR178C,0,-5.8535833,0.12710164487361908,0.8240000009536743,0.5659000277519226
YLR313C,YDR167W,0,-5.8537126,0.12708204984664917,0.8240000009536743,0.5659999847412109
YKL089W,YIR021W,0,-5.8539653,0.12706245481967926,0.8240000009536743,0.566100001335144
YLR353W,YGL005C,0,-5.853995,0.12704285979270935,0.8240000009536743,0.5662000179290771
YNL139C,YDR328C,0,-5.854039,0.12702327966690063,0.8240000009536743,0.5662999749183655
YJR094C,YOL121C,0,-5.854055,0.12700369954109192,0.8240000009536743,0.5663999915122986
YDL160C,YFL018C,0,-5.8541274,0.1269841343164444,0.8240000009536743,0.5665000081062317
YOR028C,YBL047C,0,-5.854139,0.12696455419063568,0.8240000009536743,0.5666000247001648
YDL220C,YDR453C,0,-5.8542414,0.12694500386714935,0.8240000009536743,0.5666999816894531
YKL011C,YKL152C,0,-5.8543677,0.12692545354366302,0.8240000009536743,0.5667999982833862
YJL034W,YOL117W,0,-5.8544855,0.1269059032201767,0.8240000009536743,0.5669000148773193
YGR006W,YOR182C,0,-5.8544946,0.12688635289669037,0.8240000009536743,0.5669999718666077
YBR072W,YER022W,0,-5.854583,0.12686681747436523,0.8240000009536743,0.5670999884605408
YMR138W,YDR272W,0,-5.8546643,0.1268472969532013,0.8240000009536743,0.5672000050544739
YGL223C,YLR335W,0,-5.8548675,0.12682776153087616,0.8240000009536743,0.567300021648407
YOR201C,YDL201W,1,-5.8549294,0.12696214020252228,0.824999988079071,0.567300021648407
YER151C,YPL206C,0,-5.8549356,0.12694260478019714,0.824999988079071,0.5673999786376953
YDR353W,YBR030W,0,-5.854953,0.1269230842590332,0.824999988079071,0.5674999952316284
YNR044W,YGL003C,0,-5.855006,0.12690354883670807,0.824999988079071,0.5676000118255615
YMR292W,YBR034C,0,-5.8550067,0.12688402831554413,0.824999988079071,0.5677000284194946
YNL102W,YDL076C,0,-5.8550253,0.12686452269554138,0.824999988079071,0.567799985408783
YHR148W,YNR015W,1,-5.8550906,0.12699876725673676,0.8259999752044678,0.567799985408783
YHR187W,YLR165C,1,-5.8551583,0.12713298201560974,0.8270000219345093,0.567799985408783
YGL247W,YMR284W,0,-5.855171,0.1271134316921234,0.8270000219345093,0.5679000020027161
YPR029C,YNL161W,0,-5.855199,0.12709389626979828,0.8270000219345093,0.5680000185966492
YKR035W-A,YDR023W,0,-5.855254,0.12707437574863434,0.8270000219345093,0.5680999755859375
YJR022W,YHR118C,0,-5.8552594,0.1270548403263092,0.8270000219345093,0.5681999921798706
YGR167W,YJL076W,0,-5.8552814,0.12703533470630646,0.8270000219345093,0.5683000087738037
YML075C,YGL233W,0,-5.8553114,0.12701581418514252,0.8270000219345093,0.5684000253677368
YKR087C,YLR369W,0,-5.855598,0.12699630856513977,0.8270000219345093,0.5684999823570251
YIL132C,YNL103W,0,-5.855599,0.12697681784629822,0.8270000219345093,0.5685999989509583
YMR097C,YHR083W,0,-5.85562,0.12695732712745667,0.8270000219345093,0.5687000155448914
YBL106C,YPL239W,0,-5.8556495,0.1269378364086151,0.8270000219345093,0.5687999725341797
YIL004C,YPL175W,0,-5.8556976,0.12691836059093475,0.8270000219345093,0.5688999891281128
YDL036C,YML005W,1,-5.855705,0.12705232203006744,0.828000009059906,0.5688999891281128
YLL002W,YDL212W,0,-5.855724,0.1270328313112259,0.828000009059906,0.5690000057220459
YOR123C,YBR213W,0,-5.8558865,0.12701334059238434,0.828000009059906,0.569100022315979
YNL111C,YPR075C,0,-5.855889,0.12699386477470398,0.828000009059906,0.5691999793052673
YGR278W,YJL034W,0,-5.8561454,0.12697438895702362,0.828000009059906,0.5692999958992004
YHR058C,YOR187W,0,-5.8562555,0.12695492804050446,0.828000009059906,0.5694000124931335
YOR348C,YLR417W,0,-5.85642,0.1269354522228241,0.828000009059906,0.5695000290870667
YJR053W,YDR180W,0,-5.856518,0.12691600620746613,0.828000009059906,0.569599986076355
YLR380W,YNL309W,0,-5.8567157,0.12689654529094696,0.828000009059906,0.5697000026702881
YNL065W,YHR181W,0,-5.856854,0.12687711417675018,0.828000009059906,0.5698000192642212
YPL091W,YDR302W,0,-5.857223,0.1268576681613922,0.828000009059906,0.5698999762535095
YLR114C,YPL032C,0,-5.8573074,0.12683823704719543,0.828000009059906,0.5699999928474426
YGL019W,YOR033C,0,-5.857346,0.12681880593299866,0.828000009059906,0.5701000094413757
YGR121C,YKL035W,0,-5.857428,0.12679938971996307,0.828000009059906,0.5702000260353088
YJL076W,YBR167C,0,-5.8574862,0.1267799735069275,0.828000009059906,0.5702999830245972
YOR142W,YBR050C,0,-5.857609,0.1267605572938919,0.828000009059906,0.5703999996185303
YAL023C,YLR249W,0,-5.8577023,0.12674115598201752,0.828000009059906,0.5705000162124634
YNL199C,YER054C,0,-5.8577056,0.12672176957130432,0.828000009059906,0.5705999732017517
YDL079C,YPR198W,0,-5.85782,0.12670236825942993,0.828000009059906,0.5706999897956848
YDL006W,YHR016C,0,-5.85786,0.12668298184871674,0.828000009059906,0.5708000063896179
YIR025W,YAR042W,0,-5.8579807,0.12666361033916473,0.828000009059906,0.570900022983551
YKL206C,YCL027W,0,-5.8579936,0.12664423882961273,0.828000009059906,0.5709999799728394
YNL218W,YGR158C,0,-5.858063,0.12662486732006073,0.828000009059906,0.5710999965667725
YKL048C,YDR363W-A,0,-5.8581624,0.12660551071166992,0.828000009059906,0.5712000131607056
YPL156C,YLR410W,0,-5.8583827,0.1265861541032791,0.828000009059906,0.5713000297546387
YKL068W,YGL113W,0,-5.85844,0.1265667974948883,0.828000009059906,0.571399986743927
YMR055C,YOR256C,0,-5.8585343,0.1265474557876587,0.828000009059906,0.5715000033378601
YLR117C,YNR075W,0,-5.8585563,0.12652811408042908,0.828000009059906,0.5716000199317932
YPR034W,YJL036W,0,-5.8586125,0.12650878727436066,0.828000009059906,0.5716999769210815
YPL049C,YJR073C,0,-5.858753,0.12648946046829224,0.828000009059906,0.5717999935150146
YMR267W,YNL138W,0,-5.858951,0.12647013366222382,0.828000009059906,0.5719000101089478
YER127W,YOR201C,1,-5.858997,0.12660354375839233,0.8289999961853027,0.5719000101089478
YML049C,YPL002C,0,-5.8590655,0.1265842169523239,0.8289999961853027,0.5720000267028809
YNL258C,YJR021C,0,-5.859096,0.1265648901462555,0.8289999961853027,0.5720999836921692
YGL155W,YOR259C,0,-5.8590965,0.12654556334018707,0.8289999961853027,0.5722000002861023
YNL047C,YDR341C,0,-5.859099,0.12652625143527985,0.8289999961853027,0.5723000168800354
YJR060W,YGR279C,0,-5.8591413,0.12650693953037262,0.8289999961853027,0.5723999738693237
YLR011W,YGR132C,0,-5.859321,0.1264876425266266,0.8289999961853027,0.5724999904632568
YGR254W,YDL170W,0,-5.8598685,0.12646834552288055,0.8289999961853027,0.5726000070571899
YBR215W,YMR266W,0,-5.859974,0.12644904851913452,0.8289999961853027,0.572700023651123
YIL109C,YDL092W,0,-5.859998,0.12642976641654968,0.8289999961853027,0.5727999806404114
YNR007C,YNL231C,0,-5.860008,0.12641048431396484,0.8289999961853027,0.5728999972343445
YKL068W,YBL057C,0,-5.8600945,0.1263912171125412,0.8289999961853027,0.5730000138282776
YER127W,YMR023C,1,-5.86031,0.12652438879013062,0.8299999833106995,0.5730000138282776
YNL133C,YNL088W,0,-5.86052,0.12650510668754578,0.8299999833106995,0.5730999708175659
YPR030W,YEL069C,0,-5.8606095,0.12648582458496094,0.8299999833106995,0.573199987411499
YFL055W,YHR061C,0,-5.8606195,0.1264665573835373,0.8299999833106995,0.5733000040054321
YOR326W,YGR279C,0,-5.8607354,0.12644729018211365,0.8299999833106995,0.5734000205993652
YOR099W,YLR119W,0,-5.8607807,0.12642802298069,0.8299999833106995,0.5734999775886536
YOL139C,YIR004W,0,-5.860831,0.12640877068042755,0.8299999833106995,0.5735999941825867
YKL026C,YOR129C,0,-5.8610883,0.1263895183801651,0.8299999833106995,0.5737000107765198
YLR150W,YBL055C,0,-5.8611455,0.12637028098106384,0.8299999833106995,0.5738000273704529
YDR255C,YHR038W,0,-5.8611655,0.12635104358196259,0.8299999833106995,0.5738999843597412
YLR014C,YLR119W,0,-5.861281,0.12633180618286133,0.8299999833106995,0.5740000009536743
YDR118W,YML121W,0,-5.8614707,0.12631258368492126,0.8299999833106995,0.5741000175476074
YPL266W,YOR274W,1,-5.861625,0.12644553184509277,0.8309999704360962,0.5741000175476074
YER112W,YJL203W,0,-5.861723,0.12642629444599152,0.8309999704360962,0.5741999745368958
YLL036C,YDR091C,0,-5.862101,0.12640705704689026,0.8309999704360962,0.5742999911308289
YLR382C,YOR145C,0,-5.862232,0.1263878345489502,0.8309999704360962,0.574400007724762
YPL060W,YBR297W,0,-5.86266,0.12636861205101013,0.8309999704360962,0.5745000243186951
YHR148W,YOR274W,1,-5.862666,0.1265014410018921,0.8320000171661377,0.5745000243186951
YJL041W,YOR297C,0,-5.8627853,0.12648221850395203,0.8320000171661377,0.5745999813079834
YDL160C,YFR001W,0,-5.863146,0.12646298110485077,0.8320000171661377,0.5746999979019165
YGR036C,YER089C,0,-5.8631625,0.1264437735080719,0.8320000171661377,0.5748000144958496
YHR139C,YML093W,0,-5.863194,0.12642455101013184,0.8320000171661377,0.5748999714851379
YHR069C,YDR341C,0,-5.8633094,0.12640534341335297,0.8320000171661377,0.574999988079071
YHR030C,YPR101W,0,-5.86348,0.1263861507177353,0.8320000171661377,0.5751000046730042
YGR286C,YPL053C,0,-5.8635774,0.12636694312095642,0.8320000171661377,0.5752000212669373
YLR292C,YDR363W-A,0,-5.8636456,0.12634776532649994,0.8320000171661377,0.5752999782562256
YDR170C,YNL299W,0,-5.8638816,0.12632857263088226,0.8320000171661377,0.5753999948501587
YOL065C,YPR162C,0,-5.863958,0.12630939483642578,0.8320000171661377,0.5755000114440918
YGR060W,YMR270C,0,-5.864169,0.1262902319431305,0.8320000171661377,0.5756000280380249
YLR357W,YDR078C,0,-5.8642106,0.126271054148674,0.8320000171661377,0.5756999850273132
YML048W,YJL129C,0,-5.864226,0.12625189125537872,0.8320000171661377,0.5758000016212463
YJR156C,YNL186W,0,-5.8642654,0.12623274326324463,0.8320000171661377,0.5759000182151794
YER164W,YLR205C,0,-5.8642898,0.12621359527111053,0.8320000171661377,0.5759999752044678
YGR024C,YML005W,1,-5.864338,0.12634612619876862,0.8330000042915344,0.5759999752044678
YPL101W,YKL110C,1,-5.8643856,0.12647861242294312,0.8339999914169312,0.5759999752044678
YKR086W,YDR427W,0,-5.8644753,0.12645943462848663,0.8339999914169312,0.5760999917984009
YGR095C,YNL332W,0,-5.8645377,0.12644027173519135,0.8339999914169312,0.576200008392334
YDR499W,YDL194W,0,-5.8645396,0.12642109394073486,0.8339999914169312,0.5763000249862671
YDL155W,YCL004W,0,-5.864666,0.12640194594860077,0.8339999914169312,0.5763999819755554
YJR025C,YBR293W,0,-5.8650208,0.12638278305530548,0.8339999914169312,0.5764999985694885
YLR318W,YKL165C,0,-5.865022,0.1263636350631714,0.8339999914169312,0.5766000151634216
YDR191W,YLR141W,0,-5.865036,0.1263444870710373,0.8339999914169312,0.57669997215271
YPL101W,YDR165W,1,-5.8652663,0.12647682428359985,0.8349999785423279,0.57669997215271
YDL042C,YLR337C,0,-5.865313,0.12645767629146576,0.8349999785423279,0.5767999887466431
YDL161W,YLR466W,0,-5.8653326,0.12643852829933167,0.8349999785423279,0.5769000053405762
YNL278W,YFR031C,0,-5.865421,0.12641938030719757,0.8349999785423279,0.5770000219345093
YGR036C,YDR179C,0,-5.8655415,0.12640024721622467,0.8349999785423279,0.5770999789237976
YOL139C,YHR123W,0,-5.8655534,0.12638111412525177,0.8349999785423279,0.5771999955177307
YMR092C,YDL087C,0,-5.86556,0.12636198103427887,0.8349999785423279,0.5773000121116638
YOL002C,YOL117W,0,-5.865572,0.12634286284446716,0.8349999785423279,0.5774000287055969
YFL026W,YOR272W,0,-5.8656044,0.12632374465465546,0.8349999785423279,0.5774999856948853
YJL125C,YBL071W-A,1,-5.865645,0.1264559030532837,0.8360000252723694,0.5774999856948853
YDR480W,YDR314C,0,-5.865707,0.12643678486347198,0.8360000252723694,0.5776000022888184
YLL050C,YJL145W,0,-5.8658767,0.12641766667366028,0.8360000252723694,0.5777000188827515
YGL129C,YOR308C,0,-5.8659587,0.12639854848384857,0.8360000252723694,0.5777999758720398
YFL041W,YOR129C,0,-5.8660865,0.12637944519519806,0.8360000252723694,0.5778999924659729
YOR193W,YJR045C,0,-5.866107,0.12636034190654755,0.8360000252723694,0.578000009059906
YBR038W,YFL045C,0,-5.866169,0.12634123861789703,0.8360000252723694,0.5781000256538391
YIR013C,YPR095C,0,-5.866238,0.12632215023040771,0.8360000252723694,0.5781999826431274
YHR157W,YGR081C,0,-5.866253,0.1263030618429184,0.8360000252723694,0.5782999992370605
YDR524C,YDR200C,0,-5.866312,0.12628398835659027,0.8360000252723694,0.5784000158309937
YNR057C,YOL090W,0,-5.866422,0.12626491487026215,0.8360000252723694,0.578499972820282
YBR017C,YJR153W,0,-5.866812,0.12624584138393402,0.8360000252723694,0.5785999894142151
YDR043C,YKL019W,0,-5.8669086,0.1262267827987671,0.8360000252723694,0.5787000060081482
YBR276C,YDR394W,0,-5.8670254,0.12620772421360016,0.8360000252723694,0.5788000226020813
YDL207W,YML073C,0,-5.867124,0.12618868052959442,0.8360000252723694,0.5788999795913696
YOL061W,YLR234W,0,-5.8672557,0.12616963684558868,0.8360000252723694,0.5789999961853027
YOR126C,YNL311C,0,-5.8672624,0.12615059316158295,0.8360000252723694,0.5791000127792358
YLR148W,YJR086W,0,-5.867444,0.1261315643787384,0.8360000252723694,0.579200029373169
YKL110C,YOR274W,1,-5.867474,0.12626339495182037,0.8370000123977661,0.579200029373169
YHR102W,YKR072C,0,-5.8678956,0.12624435126781464,0.8370000123977661,0.5792999863624573
YLR353W,YCL031C,0,-5.8680058,0.1262253075838089,0.8370000123977661,0.5794000029563904
YOR168W,YEL017C-A,0,-5.868075,0.12620627880096436,0.8370000123977661,0.5795000195503235
YBR060C,YPL042C,0,-5.8681827,0.1261872500181198,0.8370000123977661,0.5795999765396118
YLR113W,YAR003W,0,-5.868229,0.12616822123527527,0.8370000123977661,0.5796999931335449
YDR188W,YHR166C,0,-5.8683805,0.12614920735359192,0.8370000123977661,0.579800009727478
YLR291C,YER074W-A,0,-5.868395,0.12613019347190857,0.8370000123977661,0.5799000263214111
YGR006W,YFL017W-A,0,-5.868604,0.1261111944913864,0.8370000123977661,0.5799999833106995
YGL051W,YGR172C,0,-5.868653,0.12609219551086426,0.8370000123977661,0.5800999999046326
YMR113W,YKR002W,0,-5.8688145,0.1260731965303421,0.8370000123977661,0.5802000164985657
YJR155W,YER162C,0,-5.8689694,0.12605421245098114,0.8370000123977661,0.580299973487854
YNR043W,YOL142W,0,-5.86908,0.12603522837162018,0.8370000123977661,0.5803999900817871
YIL128W,YGL098W,0,-5.869798,0.1260162591934204,0.8370000123977661,0.5805000066757202
YGL075C,YHR083W,0,-5.8698134,0.12599729001522064,0.8370000123977661,0.5806000232696533
YBL057C,YPL208W,0,-5.8698153,0.12597832083702087,0.8370000123977661,0.5806999802589417
YLR165C,YGL232W,1,-5.8699484,0.12610985338687897,0.8379999995231628,0.5806999802589417
YNL068C,YER065C,0,-5.870005,0.1260908842086792,0.8379999995231628,0.5807999968528748
YOR030W,YMR220W,0,-5.870164,0.12607191503047943,0.8379999995231628,0.5809000134468079
YMR014W,YLR166C,0,-5.8701644,0.12605294585227966,0.8379999995231628,0.5809999704360962
YEL019C,YDR145W,0,-5.87023,0.1260339915752411,0.8379999995231628,0.5810999870300293
YER145C,YBR175W,0,-5.8702474,0.12601503729820251,0.8379999995231628,0.5812000036239624
YNR060W,YOR351C,0,-5.8703094,0.12599609792232513,0.8379999995231628,0.5813000202178955
YLR212C,YNL064C,0,-5.8710046,0.12597714364528656,0.8379999995231628,0.5813999772071838
YFR002W,YHL007C,0,-5.871013,0.12595821917057037,0.8379999995231628,0.5814999938011169
YJL092W,YLR207W,0,-5.8710914,0.125939279794693,0.8379999995231628,0.58160001039505
YBR029C,YNL318C,0,-5.871096,0.1259203553199768,0.8379999995231628,0.5817000269889832
YIL105C,YGR063C,0,-5.8711143,0.12590144574642181,0.8379999995231628,0.5817999839782715
YNL031C,YGR296W,0,-5.8713336,0.12588253617286682,0.8379999995231628,0.5819000005722046
YGR227W,YOR261C,0,-5.8716054,0.12586362659931183,0.8379999995231628,0.5820000171661377
YKR085C,YOR315W,0,-5.87165,0.12584471702575684,0.8379999995231628,0.582099974155426
YPR001W,YLR410W,0,-5.871677,0.12582582235336304,0.8379999995231628,0.5821999907493591
YDL143W,YER174C,0,-5.8717165,0.12580694258213043,0.8379999995231628,0.5823000073432922
YPR134W,YGL025C,0,-5.8717246,0.12578804790973663,0.8379999995231628,0.5824000239372253
YOL126C,YDL079C,0,-5.8717704,0.12576916813850403,0.8379999995231628,0.5824999809265137
YDL039C,YMR054W,0,-5.8718452,0.12575030326843262,0.8379999995231628,0.5825999975204468
YGL021W,YDR148C,0,-5.8719254,0.1257314383983612,0.8379999995231628,0.5827000141143799
YMR173W,YDR288W,0,-5.8720965,0.1257125735282898,0.8379999995231628,0.5827999711036682
YML049C,YDR392W,0,-5.872107,0.12569370865821838,0.8379999995231628,0.5828999876976013
YGR175C,YPR139C,0,-5.872233,0.12567485868930817,0.8379999995231628,0.5830000042915344
YOR201C,YGL136C,1,-5.8723063,0.12580597400665283,0.8389999866485596,0.5830000042915344
YLR216C,YDR499W,0,-5.872354,0.12578710913658142,0.8389999866485596,0.5831000208854675
YNL172W,YOR198C,0,-5.8724127,0.12576824426651,0.8389999866485596,0.5831999778747559
YKR085C,YML049C,0,-5.8724256,0.1257493942975998,0.8389999866485596,0.583299994468689
YPL118W,YER012W,0,-5.8724337,0.12573055922985077,0.8389999866485596,0.5834000110626221
YLR274W,YOR085W,0,-5.872458,0.12571172416210175,0.8389999866485596,0.5835000276565552
YNR072W,YGL106W,0,-5.872481,0.12569288909435272,0.8389999866485596,0.5835999846458435
YJR022W,YPL133C,0,-5.872643,0.1256740540266037,0.8389999866485596,0.5837000012397766
YDL126C,YLR438C-A,0,-5.8727765,0.12565523386001587,0.8389999866485596,0.5838000178337097
YNL032W,YDR453C,0,-5.8731513,0.12563641369342804,0.8389999866485596,0.583899974822998
YAL059W,YIL106W,0,-5.8731575,0.1256176084280014,0.8389999866485596,0.5839999914169312
YDL194W,YGR192C,0,-5.8734193,0.12559880316257477,0.8389999866485596,0.5841000080108643
YHR067W,YJR112W,0,-5.873538,0.12557999789714813,0.8389999866485596,0.5842000246047974
YGR088W,YPR072W,0,-5.8735642,0.1255612075328827,0.8389999866485596,0.5842999815940857
YPL271W,YPL135W,0,-5.873699,0.12554241716861725,0.8389999866485596,0.5843999981880188
YLR335W,YDR382W,0,-5.8739624,0.125523641705513,0.8389999866485596,0.5845000147819519
YPL157W,YOR187W,0,-5.8739843,0.12550486624240875,0.8389999866485596,0.5845999717712402
YOR249C,YDR243C,0,-5.8741765,0.1254860907793045,0.8389999866485596,0.5846999883651733
YKL165C,YDR176W,0,-5.8744426,0.12546733021736145,0.8389999866485596,0.5848000049591064
YGR109C,YDL217C,0,-5.8744965,0.1254485696554184,0.8389999866485596,0.5849000215530396
YER073W,YIL129C,0,-5.8746552,0.12542980909347534,0.8389999866485596,0.5849999785423279
YBR164C,YJL108C,0,-5.8746567,0.12541106343269348,0.8389999866485596,0.585099995136261
YJR017C,YOR208W,0,-5.8746715,0.12539231777191162,0.8389999866485596,0.5852000117301941
YPL188W,YJL222W,0,-5.8748136,0.12537358701229095,0.8389999866485596,0.5853000283241272
YLR233C,YMR037C,0,-5.8749185,0.1253548413515091,0.8389999866485596,0.5853999853134155
YLR370C,YMR302C,0,-5.874999,0.12533612549304962,0.8389999866485596,0.5855000019073486
YAL026C,YDR021W,0,-5.87503,0.12531739473342896,0.8389999866485596,0.5856000185012817
YBR065C,YNL090W,0,-5.875057,0.12529867887496948,0.8389999866485596,0.5856999754905701
YAL024C,YEL017C-A,0,-5.875289,0.1252799779176712,0.8389999866485596,0.5857999920845032
YIL004C,YBR153W,0,-5.8753514,0.12526127696037292,0.8389999866485596,0.5859000086784363
YMR200W,YER041W,0,-5.8754163,0.12524257600307465,0.8389999866485596,0.5860000252723694
YJL060W,YER117W,0,-5.875461,0.12522387504577637,0.8389999866485596,0.5860999822616577
YFL023W,YDR420W,0,-5.875609,0.12520518898963928,0.8389999866485596,0.5861999988555908
YPL145C,YGL207W,0,-5.8758073,0.1251865178346634,0.8389999866485596,0.5863000154495239
YIL079C,YMR238W,0,-5.875846,0.1251678317785263,0.8389999866485596,0.5863999724388123
YLR016C,YDR427W,0,-5.8759704,0.12514916062355042,0.8389999866485596,0.5864999890327454
YPL169C,YNL119W,0,-5.8761578,0.12513050436973572,0.8389999866485596,0.5866000056266785
YOR367W,YPL065W,0,-5.8761683,0.12511183321475983,0.8389999866485596,0.5867000222206116
YGL019W,YML041C,0,-5.87622,0.12509319186210632,0.8389999866485596,0.5867999792098999
YMR202W,YLR266C,0,-5.876248,0.12507453560829163,0.8389999866485596,0.586899995803833
YDR377W,YGR140W,0,-5.87649,0.12505589425563812,0.8389999866485596,0.5870000123977661
YML123C,YLL021W,0,-5.876648,0.12503725290298462,0.8389999866485596,0.5871000289916992
YMR033W,YOR191W,0,-5.876673,0.1250186264514923,0.8389999866485596,0.5871999859809875
YGR247W,YOL151W,0,-5.876698,0.125,0.8389999866485596,0.5873000025749207
YMR138W,YER120W,0,-5.8768296,0.12498138099908829,0.8389999866485596,0.5874000191688538
YIL131C,YPR198W,0,-5.8770585,0.12496276199817657,0.8389999866485596,0.5874999761581421
YKR036C,YJR131W,0,-5.877085,0.12494415789842606,0.8389999866485596,0.5875999927520752
YPR141C,YBR213W,0,-5.8771505,0.12492555379867554,0.8389999866485596,0.5877000093460083
YJL178C,YML036W,0,-5.8771815,0.12490694969892502,0.8389999866485596,0.5878000259399414
YGL003C,YBL023C,0,-5.8773117,0.1248883605003357,0.8389999866485596,0.5878999829292297
YPL110C,YGL137W,0,-5.8773913,0.12486977130174637,0.8389999866485596,0.5879999995231628
YJR022W,YNR059W,0,-5.8774123,0.12485118955373764,0.8389999866485596,0.588100016117096
YOR049C,YJL143W,0,-5.877484,0.12483261525630951,0.8389999866485596,0.5881999731063843
YHR194W,YOL088C,0,-5.877662,0.12481404095888138,0.8389999866485596,0.5882999897003174
YOR127W,YNR047W,0,-5.877813,0.12479548156261444,0.8389999866485596,0.5884000062942505
YOL016C,YOR334W,0,-5.8779407,0.1247769221663475,0.8389999866485596,0.5885000228881836
YML048W,YIL072W,0,-5.8780227,0.12475836277008057,0.8389999866485596,0.5885999798774719
YPL140C,YGR046W,0,-5.8780828,0.12473981827497482,0.8389999866485596,0.588699996471405
YAL020C,YGR024C,1,-5.87832,0.1248699277639389,0.8399999737739563,0.588699996471405
YGL245W,YJR131W,0,-5.878506,0.12485136836767197,0.8399999737739563,0.5888000130653381
YDL115C,YML001W,0,-5.8788238,0.12483281642198563,0.8399999737739563,0.5889000296592712
YGR157W,YCR092C,0,-5.87888,0.12481426447629929,0.8399999737739563,0.5889999866485596
YDR238C,YMR273C,0,-5.878888,0.12479571998119354,0.8399999737739563,0.5891000032424927
YMR255W,YDR097C,0,-5.8789763,0.1247771829366684,0.8399999737739563,0.5892000198364258
YIL009W,YCL001W,0,-5.8789988,0.12475865334272385,0.8399999737739563,0.5892999768257141
YLR380W,YGR191W,0,-5.879276,0.1247401237487793,0.8399999737739563,0.5893999934196472
YMR263W,YPL083C,0,-5.8793526,0.12472160160541534,0.8399999737739563,0.5895000100135803
YBL005W,YMR231W,0,-5.8793883,0.12470308691263199,0.8399999737739563,0.5896000266075134
YLR371W,YDR177W,0,-5.879525,0.12468457967042923,0.8399999737739563,0.5896999835968018
YGR222W,YNL197C,0,-5.879969,0.12466607242822647,0.8399999737739563,0.5898000001907349
YKR009C,YDR386W,0,-5.8802075,0.12464757263660431,0.8399999737739563,0.589900016784668
YJL190C,YJL139C,0,-5.8803816,0.12462908029556274,0.8399999737739563,0.5899999737739563
YIL072W,YDL087C,0,-5.8804135,0.12461059540510178,0.8399999737739563,0.5900999903678894
YNR056C,YLR396C,0,-5.880425,0.12459211051464081,0.8399999737739563,0.5902000069618225
YJR050W,YJL073W,0,-5.881235,0.12457363307476044,0.8399999737739563,0.5903000235557556
YNL136W,YGR267C,0,-5.8814015,0.12455516308546066,0.8399999737739563,0.590399980545044
YDR456W,YJR135W-A,0,-5.881532,0.12453669309616089,0.8399999737739563,0.590499997138977
YMR184W,YOR094W,0,-5.8816457,0.12451823055744171,0.8399999737739563,0.5906000137329102
YNL188W,YLR337C,0,-5.881696,0.12449977546930313,0.8399999737739563,0.5906999707221985
YLR276C,YML007W,0,-5.881871,0.12448132783174515,0.8399999737739563,0.5907999873161316
YLR113W,YOR209C,0,-5.881985,0.12446288019418716,0.8399999737739563,0.5909000039100647
YAL020C,YJL125C,1,-5.882051,0.12459259480237961,0.8410000205039978,0.5909000039100647
YJR057W,YDL042C,0,-5.882142,0.12457413971424103,0.8410000205039978,0.5910000205039978
YFR029W,YMR089C,0,-5.882284,0.12455568462610245,0.8410000205039978,0.5910999774932861
YJL065C,YPL171C,0,-5.882479,0.12453724443912506,0.8410000205039978,0.5911999940872192
YKR036C,YLR369W,0,-5.882531,0.12451880425214767,0.8410000205039978,0.5913000106811523
YGR268C,YPL002C,0,-5.882548,0.12450037151575089,0.8410000205039978,0.5914000272750854
YPL110C,YOR226C,0,-5.8825784,0.1244819387793541,0.8410000205039978,0.5914999842643738
YDL231C,YDR447C,0,-5.8826933,0.1244635209441185,0.8410000205039978,0.5916000008583069
YNL227C,YPL193W,0,-5.8828053,0.1244451031088829,0.8410000205039978,0.59170001745224
YKL062W,YER095W,0,-5.8828444,0.1244266927242279,0.8410000205039978,0.5917999744415283
YCR073W-A,YLR372W,0,-5.883127,0.1244082823395729,0.8410000205039978,0.5918999910354614
YDR214W,YMR293C,0,-5.8831367,0.1243898868560791,0.8410000205039978,0.5920000076293945
YKL013C,YKR083C,0,-5.8833027,0.1243714913725853,0.8410000205039978,0.5921000242233276
YBR297W,YNL290W,0,-5.883311,0.12435309588909149,0.8410000205039978,0.592199981212616
YMR281W,YLR313C,0,-5.8833275,0.12433471530675888,0.8410000205039978,0.5922999978065491
YHR081W,YBR175W,0,-5.8834305,0.12431633472442627,0.8410000205039978,0.5924000144004822
YNR052C,YDR217C,0,-5.8836174,0.12429796159267426,0.8410000205039978,0.5924999713897705
YOL112W,YLR002C,0,-5.883635,0.12427958846092224,0.8410000205039978,0.5925999879837036
YAL007C,YKL045W,0,-5.8836913,0.12426123023033142,0.8410000205039978,0.5927000045776367
YOR049C,YKL175W,0,-5.8837676,0.1242428719997406,0.8410000205039978,0.5928000211715698
YER112W,YDR277C,0,-5.8837686,0.12422452121973038,0.8410000205039978,0.5928999781608582
YGR227W,YMR175W,0,-5.8838425,0.12420617043972015,0.8410000205039978,0.5929999947547913
YKR042W,YPL253C,0,-5.8840337,0.12418783456087112,0.8410000205039978,0.5931000113487244
YGL241W,YMR272C,0,-5.8840547,0.1241694986820221,0.8410000205039978,0.5932000279426575
YMR161W,YJL121C,0,-5.884176,0.12415116280317307,0.8410000205039978,0.5932999849319458
YBR065C,YLR305C,0,-5.884193,0.12413284182548523,0.8410000205039978,0.5934000015258789
YCL027W,YPL118W,0,-5.8841934,0.1241145208477974,0.8410000205039978,0.593500018119812
YGL254W,YPL122C,0,-5.884222,0.12409620732069016,0.8410000205039978,0.5935999751091003
YOL078W,YCR094W,0,-5.8842897,0.12407790124416351,0.8410000205039978,0.5936999917030334
YER075C,YPL092W,0,-5.88429,0.12405959516763687,0.8410000205039978,0.5938000082969666
YGL192W,YLR165C,1,-5.8843384,0.12418878823518753,0.8420000076293945,0.5938000082969666
YFL039C,YPL130W,0,-5.884682,0.12417047470808029,0.8420000076293945,0.5939000248908997
YBL090W,YHR106W,0,-5.884812,0.12415216863155365,0.8420000076293945,0.593999981880188
YDR488C,YDR485C,0,-5.8848248,0.12413386255502701,0.8420000076293945,0.5940999984741211
YJL062W,YHR030C,0,-5.884895,0.12411556392908096,0.8420000076293945,0.5942000150680542
YOR351C,YPR055W,0,-5.8848987,0.12409727275371552,0.8420000076293945,0.5942999720573425
YIL044C,YNL330C,0,-5.8851705,0.12407898902893066,0.8420000076293945,0.5943999886512756
YER179W,YDL213C,0,-5.8852687,0.12406070530414581,0.8420000076293945,0.5945000052452087
YGR085C,YOL004W,0,-5.885331,0.12404242902994156,0.8420000076293945,0.5946000218391418
YNR013C,YER003C,0,-5.8854785,0.1240241602063179,0.8420000076293945,0.5946999788284302
YOL145C,YNL160W,0,-5.8855176,0.12400589138269424,0.8420000076293945,0.5947999954223633
YBR200W,YIL142W,0,-5.885796,0.12398763000965118,0.8420000076293945,0.5949000120162964
YMR266W,YJR104C,0,-5.885896,0.12396937608718872,0.8420000076293945,0.5950000286102295
YDL143W,YOR133W,0,-5.885991,0.12395112961530685,0.8420000076293945,0.5950999855995178
YLR226W,YLR380W,0,-5.886016,0.12393288314342499,0.8420000076293945,0.5952000021934509
YBR186W,YLR191W,0,-5.88605,0.12391464412212372,0.8420000076293945,0.595300018787384
YKR083C,YDR386W,0,-5.886068,0.12389641255140305,0.8420000076293945,0.5953999757766724
YJR083C,YHR072W,0,-5.8865504,0.12387818098068237,0.8420000076293945,0.5954999923706055
YAL059W,YJR009C,0,-5.8866067,0.1238599568605423,0.8420000076293945,0.5956000089645386
YGL100W,YJR110W,0,-5.8866086,0.12384174019098282,0.8420000076293945,0.5957000255584717
YOL101C,YLL012W,0,-5.886657,0.12382353097200394,0.8420000076293945,0.59579998254776
YIL044C,YHL022C,0,-5.8869243,0.12380532175302505,0.8420000076293945,0.5958999991416931
YAL009W,YGL098W,0,-5.8870044,0.12378711998462677,0.8420000076293945,0.5960000157356262
YDR303C,YEL041W,0,-5.8870964,0.12376892566680908,0.8420000076293945,0.5960999727249146
YER155C,YKR028W,0,-5.887116,0.1237507313489914,0.8420000076293945,0.5961999893188477
YLR172C,YNL080C,0,-5.8873954,0.1237325519323349,0.8420000076293945,0.5963000059127808
YEL016C,YNL251C,0,-5.8874655,0.1237143725156784,0.8420000076293945,0.5964000225067139
YKR072C,YDL092W,0,-5.8875594,0.12369619309902191,0.8420000076293945,0.5964999794960022
YKL092C,YHR072W,0,-5.8877187,0.12367802858352661,0.8420000076293945,0.5965999960899353
YNL275W,YJL003W,0,-5.8878593,0.12365986406803131,0.8420000076293945,0.5967000126838684
YIR023W,YLR066W,0,-5.8879437,0.12364170700311661,0.8420000076293945,0.5968000292778015
YML074C,YKL073W,0,-5.8879514,0.1236235499382019,0.8420000076293945,0.5968999862670898
YML051W,YDR251W,0,-5.8880463,0.1236054003238678,0.8420000076293945,0.597000002861023
YNL065W,YHR066W,0,-5.8882527,0.12358725816011429,0.8420000076293945,0.597100019454956
YJL201W,YER051W,0,-5.8884087,0.12356912344694138,0.8420000076293945,0.5971999764442444
YER038C,YLR008C,0,-5.88847,0.12355098873376846,0.8420000076293945,0.5972999930381775
YJL133W,YDR103W,0,-5.8885,0.12353286147117615,0.8420000076293945,0.5974000096321106
YLL034C,YML041C,0,-5.888535,0.12351474165916443,0.8420000076293945,0.5975000262260437
YBR015C,YMR145C,0,-5.889056,0.1234966292977333,0.8420000076293945,0.597599983215332
YOL126C,YOR217W,0,-5.889074,0.12347851693630219,0.8420000076293945,0.5976999998092651
YDR376W,YNL310C,0,-5.889113,0.12346041202545166,0.8420000076293945,0.5978000164031982
YNL307C,YKL079W,0,-5.8892646,0.12344230711460114,0.8420000076293945,0.5978999733924866
YGL073W,YBL020W,0,-5.8892984,0.1234242171049118,0.8420000076293945,0.5979999899864197
YDR382W,YDR356W,0,-5.889331,0.12340612709522247,0.8420000076293945,0.5981000065803528
YBR145W,YPL217C,0,-5.88942,0.12338804453611374,0.8420000076293945,0.5982000231742859
YKL130C,YLR298C,0,-5.889478,0.123369961977005,0.8420000076293945,0.5982999801635742
YPR029C,YIR015W,0,-5.8897057,0.12335188686847687,0.8420000076293945,0.5983999967575073
YOL105C,YMR241W,0,-5.889835,0.12333381921052933,0.8420000076293945,0.5985000133514404
YBL016W,YDL052C,0,-5.8901877,0.12331575900316238,0.8420000076293945,0.5985999703407288
YLL002W,YBR183W,0,-5.890198,0.12329769879579544,0.8420000076293945,0.5986999869346619
YLR380W,YOR069W,0,-5.890224,0.1232796460390091,0.8420000076293945,0.598800003528595
YPR075C,YDL007W,0,-5.890269,0.12326160073280334,0.8420000076293945,0.5989000201225281
YIR022W,YDR381W,0,-5.8903146,0.12324356287717819,0.8420000076293945,0.5989999771118164
YJL173C,YLL034C,0,-5.8905115,0.12322552502155304,0.8420000076293945,0.5990999937057495
YJR047C,YOR288C,0,-5.8906236,0.12320749461650848,0.8420000076293945,0.5992000102996826
YOR274W,YDL208W,1,-5.891029,0.12333577126264572,0.8429999947547913,0.5992000102996826
YMR268C,YDR137W,0,-5.891066,0.12331772595643997,0.8429999947547913,0.5993000268936157
YBR142W,YKR087C,0,-5.891126,0.12329969555139542,0.8429999947547913,0.599399983882904
YBL047C,YOR147W,0,-5.891131,0.12328165769577026,0.8429999947547913,0.5995000004768372
YFR027W,YLL038C,0,-5.891181,0.1232636347413063,0.8429999947547913,0.5996000170707703
YPR073C,YOR147W,0,-5.891312,0.12324561178684235,0.8429999947547913,0.5996999740600586
YER073W,YKL085W,0,-5.8914685,0.12322759628295898,0.8429999947547913,0.5997999906539917
YOR171C,YBR279W,0,-5.8916974,0.12320958822965622,0.8429999947547913,0.5999000072479248
YPL018W,YDR167W,0,-5.891737,0.12319158017635345,0.8429999947547913,0.6000000238418579
YJL100W,YPL020C,0,-5.891742,0.12317357957363129,0.8429999947547913,0.6000999808311462
YBR170C,YNL287W,0,-5.8922925,0.12315558642148972,0.8429999947547913,0.6001999974250793
YOR367W,YOR129C,0,-5.892643,0.12313760071992874,0.8429999947547913,0.6003000140190125
YCR077C,YGR063C,0,-5.892676,0.12311961501836777,0.8429999947547913,0.6003999710083008
YGR101W,YPL133C,0,-5.8927875,0.12310163676738739,0.8429999947547913,0.6004999876022339
YNR072W,YDR175C,0,-5.892985,0.12308365851640701,0.8429999947547913,0.600600004196167
YLR011W,YFL003C,0,-5.8929877,0.12306569516658783,0.8429999947547913,0.6007000207901001
YML006C,YDR400W,0,-5.893066,0.12304773181676865,0.8429999947547913,0.6007999777793884
YKR034W,YDR240C,0,-5.8931046,0.12302977591753006,0.8429999947547913,0.6008999943733215
YGR156W,YDR447C,0,-5.893679,0.12301182001829147,0.8429999947547913,0.6010000109672546
YBR119W,YIL143C,0,-5.893711,0.12299387156963348,0.8429999947547913,0.6011000275611877
YIL103W,YML109W,0,-5.89386,0.12297593057155609,0.8429999947547913,0.6011999845504761
YDL008W,YLR011W,0,-5.8939605,0.1229579895734787,0.8429999947547913,0.6013000011444092
YPL193W,YJR066W,0,-5.8941107,0.1229400634765625,0.8429999947547913,0.6014000177383423
YAL013W,YHR007C,0,-5.8942013,0.1229221373796463,0.8429999947547913,0.6014999747276306
YHR043C,YDR451C,0,-5.8943214,0.1229042112827301,0.8429999947547913,0.6015999913215637
YKL204W,YGL200C,0,-5.894325,0.1228863000869751,0.8429999947547913,0.6017000079154968
YDR279W,YDR409W,0,-5.8943577,0.12286838889122009,0.8429999947547913,0.6018000245094299
YOR204W,YDR062W,0,-5.8944535,0.12285047769546509,0.8429999947547913,0.6018999814987183
YDR364C,YBR008C,0,-5.8945365,0.12283258140087128,0.8429999947547913,0.6019999980926514
YPR017C,YNL014W,0,-5.894538,0.12281468510627747,0.8429999947547913,0.6021000146865845
YMR219W,YDR251W,0,-5.8946686,0.12279679626226425,0.8429999947547913,0.6021999716758728
YOL071W,YOL151W,0,-5.8947086,0.12277890741825104,0.8429999947547913,0.6022999882698059
YLR286C,YOR064C,0,-5.894895,0.12276103347539902,0.8429999947547913,0.602400004863739
YDL212W,YLR020C,0,-5.8949156,0.122743159532547,0.8429999947547913,0.6025000214576721
YPR134W,YML047C,0,-5.8949294,0.12272528558969498,0.8429999947547913,0.6025999784469604
YEL029C,YNL287W,0,-5.894998,0.12270742654800415,0.8429999947547913,0.6026999950408936
YNR007C,YJL039C,0,-5.895017,0.12268956750631332,0.8429999947547913,0.6028000116348267
YLR223C,YML029W,0,-5.895374,0.1226717084646225,0.8429999947547913,0.6029000282287598
YKR028W,YBR183W,0,-5.8954024,0.12265386432409286,0.8429999947547913,0.6029999852180481
YBL015W,YML088W,0,-5.8954372,0.12263602018356323,0.8429999947547913,0.6031000018119812
YDL165W,YFL002C,0,-5.8955693,0.1226181834936142,0.8429999947547913,0.6032000184059143
YGL136C,YPL212C,1,-5.895574,0.12274578213691711,0.843999981880188,0.6032000184059143
YNL192W,YDR088C,0,-5.8956757,0.12272793054580688,0.843999981880188,0.6032999753952026
YGR030C,YDR392W,0,-5.895718,0.12271009385585785,0.843999981880188,0.6033999919891357
YDL115C,YBR293W,0,-5.8958297,0.12269224971532822,0.843999981880188,0.6035000085830688
YDL161W,YKL220C,0,-5.895937,0.12267442047595978,0.843999981880188,0.603600025177002
YDR243C,YER029C,0,-5.89611,0.12265659123659134,0.843999981880188,0.6036999821662903
YHR011W,YNL153C,0,-5.89613,0.1226387694478035,0.843999981880188,0.6037999987602234
YGR108W,YOL027C,0,-5.8963585,0.12262094765901566,0.843999981880188,0.6039000153541565
YML008C,YDR072C,0,-5.896496,0.12260314077138901,0.843999981880188,0.6039999723434448
YBR112C,YNR013C,0,-5.896508,0.12258533388376236,0.843999981880188,0.6040999889373779
YKL190W,YOL091W,0,-5.896563,0.12256752699613571,0.843999981880188,0.604200005531311
YDR448W,YER177W,0,-5.8966055,0.12254973500967026,0.843999981880188,0.6043000221252441
YPL149W,YEL016C,0,-5.896776,0.1225319430232048,0.843999981880188,0.6043999791145325
YOL122C,YDR457W,0,-5.896886,0.12251415103673935,0.843999981880188,0.6044999957084656
YML130C,YOL113W,0,-5.896936,0.12249637395143509,0.843999981880188,0.6046000123023987
YLR015W,YJR102C,0,-5.896961,0.12247859686613083,0.843999981880188,0.6047000288963318
YJL035C,YDR165W,1,-5.897264,0.12260591983795166,0.8450000286102295,0.6047000288963318
YBR158W,YPL159C,0,-5.897413,0.1225881353020668,0.8450000286102295,0.6047999858856201
YNL006W,YBR015C,0,-5.897623,0.12257035076618195,0.8450000286102295,0.6049000024795532
YOR319W,YLR268W,0,-5.8976264,0.12255257368087769,0.8450000286102295,0.6050000190734863
YDL029W,YEL032W,0,-5.897762,0.12253480404615402,0.8450000286102295,0.6050999760627747
YDR308C,YHR066W,0,-5.8978996,0.12251703441143036,0.8450000286102295,0.6051999926567078
YDR298C,YPL131W,0,-5.8979588,0.12249927222728729,0.8450000286102295,0.6053000092506409
YOR265W,YNL032W,0,-5.898049,0.12248151749372482,0.8450000286102295,0.605400025844574
YOR253W,YMR182C,0,-5.898314,0.12246377021074295,0.8450000286102295,0.6054999828338623
YCR082W,YFL026W,0,-5.8983855,0.12244602292776108,0.8450000286102295,0.6055999994277954
YIL070C,YHR203C,0,-5.8984566,0.1224282830953598,0.8450000286102295,0.6057000160217285
YOR274W,YGR169C,1,-5.8984895,0.12255541235208511,0.8460000157356262,0.6057000160217285
YEL066W,YAR031W,0,-5.898642,0.12253765761852264,0.8460000157356262,0.6057999730110168
YDR184C,YMR175W,0,-5.89867,0.12251991033554077,0.8460000157356262,0.60589998960495
YKL073W,YHR124W,0,-5.898706,0.1225021705031395,0.8460000157356262,0.6060000061988831
YFL023W,YJL048C,0,-5.8987603,0.12248443812131882,0.8460000157356262,0.6061000227928162
YHR148W,YOR201C,1,-5.8990407,0.12261146306991577,0.847000002861023,0.6061000227928162
YOR032C,YOR085W,0,-5.8990426,0.1225937157869339,0.847000002861023,0.6061999797821045
YPR175W,YJR017C,0,-5.8990903,0.12257597595453262,0.847000002861023,0.6062999963760376
YDR087C,YOL091W,0,-5.8993382,0.12255824357271194,0.847000002861023,0.6064000129699707
YDL040C,YKR079C,0,-5.899509,0.12254051119089127,0.847000002861023,0.6065000295639038
YMR167W,YNR047W,0,-5.899539,0.12252278625965118,0.847000002861023,0.6065999865531921
YDL090C,YGR090W,0,-5.899647,0.1225050613284111,0.847000002861023,0.6067000031471252
YMR025W,YLR150W,0,-5.8996854,0.12248734384775162,0.847000002861023,0.6068000197410583
YNR008W,YOR048C,0,-5.899797,0.12246963381767273,0.847000002861023,0.6068999767303467
YJR137C,YOR045W,0,-5.899874,0.12245193123817444,0.847000002861023,0.6069999933242798
YPL209C,YMR139W,0,-5.8999166,0.12243422865867615,0.847000002861023,0.6071000099182129
YGR193C,YDL140C,0,-5.9000993,0.12241653352975845,0.847000002861023,0.607200026512146
YMR237W,YML088W,0,-5.900187,0.12239884585142136,0.847000002861023,0.6072999835014343
YNL027W,YHR194W,0,-5.9002457,0.12238115817308426,0.847000002861023,0.6074000000953674
YDL022W,YGL133W,0,-5.9002595,0.12236347794532776,0.847000002861023,0.6075000166893005
YKR036C,YDR130C,0,-5.9003253,0.12234580516815186,0.847000002861023,0.6075999736785889
YPR134W,YLR005W,0,-5.900515,0.12232813239097595,0.847000002861023,0.607699990272522
YDR375C,YDL042C,0,-5.9005933,0.12231046706438065,0.847000002861023,0.6078000068664551
YPL200W,YDL060W,0,-5.9006658,0.12229280918836594,0.847000002861023,0.6079000234603882
YGR267C,YIR002C,0,-5.900971,0.12227515876293182,0.847000002861023,0.6079999804496765
YGR029W,YDR258C,0,-5.9009814,0.12225750833749771,0.847000002861023,0.6080999970436096
YLR390W-A,YDL148C,0,-5.901158,0.1222398579120636,0.847000002861023,0.6082000136375427
YGR121C,YFL026W,0,-5.901429,0.12222222238779068,0.847000002861023,0.608299970626831
YEL022W,YOL065C,0,-5.9014897,0.12220458686351776,0.847000002861023,0.6083999872207642
YOL164W,YLR096W,0,-5.9015074,0.12218695878982544,0.847000002861023,0.6085000038146973
YFR051C,YHR143W-A,0,-5.9020014,0.12216933816671371,0.847000002861023,0.6086000204086304
YKL185W,YLR145W,0,-5.9020257,0.12215171754360199,0.847000002861023,0.6086999773979187
YJR006W,YPL128C,0,-5.90206,0.12213410437107086,0.847000002861023,0.6087999939918518
YPL021W,YBR276C,0,-5.902065,0.12211649119853973,0.847000002861023,0.6089000105857849
YOR168W,YPR002W,0,-5.902343,0.1220988929271698,0.847000002861023,0.609000027179718
YNL065W,YPR001W,0,-5.902594,0.12208129465579987,0.847000002861023,0.6090999841690063
YBL032W,YOR307C,0,-5.9028845,0.12206369638442993,0.847000002861023,0.6092000007629395
YPL176C,YGR094W,0,-5.902955,0.12204611301422119,0.847000002861023,0.6093000173568726
YJL060W,YIR021W,0,-5.9032083,0.12202852964401245,0.847000002861023,0.6093999743461609
YIR010W,YPR088C,0,-5.903278,0.12201094627380371,0.847000002861023,0.609499990940094
YOR275C,YDR523C,0,-5.90328,0.12199337780475616,0.847000002861023,0.6096000075340271
YOR067C,YIR022W,0,-5.903298,0.12197580933570862,0.847000002861023,0.6097000241279602
YFL021W,YOL043C,0,-5.903453,0.12195824086666107,0.847000002861023,0.6097999811172485
YCR088W,YBL082C,0,-5.903545,0.12194068729877472,0.847000002861023,0.6098999977111816
YJL003W,YDR177W,0,-5.9036136,0.12192313373088837,0.847000002861023,0.6100000143051147
YML019W,YNL047C,0,-5.903678,0.12190558761358261,0.847000002861023,0.6100999712944031
YLR431C,YKL119C,0,-5.903831,0.12188804149627686,0.847000002861023,0.6101999878883362
YFL055W,YNL327W,0,-5.9038467,0.1218705028295517,0.847000002861023,0.6103000044822693
YDR168W,YER171W,0,-5.9038577,0.12185297161340714,0.847000002861023,0.6104000210762024
YMR119W,YGR183C,0,-5.903859,0.12183544039726257,0.847000002861023,0.6104999780654907
YDL243C,YMR150C,0,-5.9039207,0.12181791663169861,0.847000002861023,0.6105999946594238
YDL088C,YDL084W,0,-5.904003,0.12180040031671524,0.847000002861023,0.6107000112533569
YCR005C,YMR006C,0,-5.9041076,0.12178289145231247,0.847000002861023,0.61080002784729
YHR067W,YDR419W,0,-5.9042583,0.1217653825879097,0.847000002861023,0.6108999848365784
YLR332W,YNL102W,0,-5.9043307,0.12174788117408752,0.847000002861023,0.6110000014305115
YCR028C-A,YDR078C,0,-5.904614,0.12173037976026535,0.847000002861023,0.6111000180244446
YLL022C,YHR077C,0,-5.904693,0.12171289324760437,0.847000002861023,0.6111999750137329
YNL331C,YFL031W,0,-5.904815,0.12169539928436279,0.847000002861023,0.611299991607666
YPL118W,YGR119C,0,-5.9051614,0.12167792022228241,0.847000002861023,0.6114000082015991
YOR147W,YOR212W,0,-5.905186,0.12166044116020203,0.847000002861023,0.6115000247955322
YOR180C,YNL244C,0,-5.905262,0.12164296954870224,0.847000002861023,0.6115999817848206
YGL020C,YLR372W,0,-5.905422,0.12162550538778305,0.847000002861023,0.6116999983787537
YLR212C,YBR216C,0,-5.9054475,0.12160804122686386,0.847000002861023,0.6118000149726868
YLL038C,YML092C,0,-5.9055247,0.12159058451652527,0.847000002861023,0.6118999719619751
YJL170C,YBR030W,0,-5.905557,0.12157312780618668,0.847000002861023,0.6119999885559082
YNL288W,YLR390W-A,0,-5.90556,0.12155568599700928,0.847000002861023,0.6121000051498413
YBR158W,YHR171W,0,-5.9055786,0.12153824418783188,0.847000002861023,0.6122000217437744
YAL009W,YDR172W,0,-5.9056077,0.12152080237865448,0.847000002861023,0.6122999787330627
YNL323W,YPL094C,0,-5.905643,0.12150336802005768,0.847000002861023,0.6123999953269958
YKL089W,YHR021C,0,-5.905704,0.12148594111204147,0.847000002861023,0.612500011920929
YJL062W,YDR381W,0,-5.9057727,0.12146852165460587,0.847000002861023,0.6126000285148621
YJL094C,YIL085C,0,-5.9058447,0.12145110219717026,0.847000002861023,0.6126999855041504
YKR083C,YPL010W,0,-5.905889,0.12143369019031525,0.847000002861023,0.6128000020980835
YDR268W,YOR307C,0,-5.9060516,0.12141628563404083,0.847000002861023,0.6129000186920166
YER172C,YOL102C,0,-5.9061365,0.12139888107776642,0.847000002861023,0.6129999756813049
YPL075W,YJL133W,0,-5.9062314,0.1213814839720726,0.847000002861023,0.613099992275238
YJL019W,YLL034C,0,-5.906249,0.12136409431695938,0.847000002861023,0.6132000088691711
YLL008W,YLR337C,0,-5.9062786,0.12134670466184616,0.847000002861023,0.6133000254631042
YGL245W,YDR439W,0,-5.906302,0.12132932245731354,0.847000002861023,0.6133999824523926
YEL032W,YNL142W,0,-5.9063334,0.12131194770336151,0.847000002861023,0.6134999990463257
YPL266W,YDL033C,1,-5.9065,0.12143778055906296,0.8479999899864197,0.6134999990463257
YPR140W,YGR192C,0,-5.906689,0.12142039090394974,0.8479999899864197,0.6136000156402588
YJR025C,YNR060W,0,-5.906844,0.12140300869941711,0.8479999899864197,0.6136999726295471
YPL180W,YNL064C,0,-5.9068685,0.12138562649488449,0.8479999899864197,0.6137999892234802
YLR399C,YLL041C,0,-5.90698,0.12136825174093246,0.8479999899864197,0.6139000058174133
YER159C,YKR009C,0,-5.907084,0.12135088443756104,0.8479999899864197,0.6140000224113464
YLR068W,YDR389W,0,-5.907102,0.1213335245847702,0.8479999899864197,0.6140999794006348
YGL192W,YOL125W,1,-5.9072313,0.1214592307806015,0.8489999771118164,0.6140999794006348
YPR049C,YPL028W,0,-5.9073396,0.12144185602664948,0.8489999771118164,0.6141999959945679
YNL268W,YLR009W,0,-5.9074097,0.12142448872327805,0.8489999771118164,0.614300012588501
YLR276C,YHR024C,0,-5.9076056,0.12140712141990662,0.8489999771118164,0.6144000291824341
YJL173C,YGR116W,0,-5.9079328,0.12138976156711578,0.8489999771118164,0.6144999861717224
YPR111W,YDR073W,0,-5.907985,0.12137240916490555,0.8489999771118164,0.6146000027656555
YDL101C,YJL048C,0,-5.908078,0.12135505676269531,0.8489999771118164,0.6147000193595886
YLR175W,YOR274W,1,-5.908238,0.12148063629865646,0.8500000238418579,0.6147000193595886
YLR115W,YCL059C,0,-5.908255,0.12146327644586563,0.8500000238418579,0.614799976348877
YFR046C,YOL108C,0,-5.908362,0.1214459240436554,0.8500000238418579,0.6148999929428101
YKR083C,YMR255W,0,-5.908391,0.12142857164144516,0.8500000238418579,0.6150000095367432
YOR315W,YEL002C,0,-5.908546,0.12141122668981552,0.8500000238418579,0.6151000261306763
YHR190W,YJR119C,0,-5.9090137,0.12139388918876648,0.8500000238418579,0.6151999831199646
YBL015W,YGL018C,0,-5.9091625,0.12137655168771744,0.8500000238418579,0.6152999997138977
YLR014C,YOL004W,0,-5.909512,0.12135922163724899,0.8500000238418579,0.6154000163078308
YKL008C,YDR432W,0,-5.909617,0.12134189903736115,0.8500000238418579,0.6154999732971191
YIR008C,YGL062W,0,-5.90963,0.1213245764374733,0.8500000238418579,0.6155999898910522
YLR160C,YDR295C,0,-5.909743,0.12130726128816605,0.8500000238418579,0.6157000064849854
YOR198C,YOL088C,0,-5.9097676,0.12128995358943939,0.8500000238418579,0.6158000230789185
YKR054C,YLR324W,0,-5.909826,0.12127264589071274,0.8500000238418579,0.6158999800682068
YML071C,YGL255W,0,-5.9098268,0.12125535309314728,0.8500000238418579,0.6159999966621399
YJL167W,YJL047C,0,-5.91007,0.12123805284500122,0.8500000238418579,0.616100013256073
YER020W,YNL142W,0,-5.9100785,0.12122076749801636,0.8500000238418579,0.6161999702453613
YKL001C,YBR171W,0,-5.910127,0.1212034821510315,0.8500000238418579,0.6162999868392944
YIL040W,YPR120C,0,-5.9101987,0.12118619680404663,0.8500000238418579,0.6164000034332275
YDR208W,YPL139C,0,-5.9103613,0.12116892635822296,0.8500000238418579,0.6165000200271606
YMR246W,YJR090C,0,-5.91038,0.12115165591239929,0.8500000238418579,0.616599977016449
YJR040W,YPL270W,0,-5.9104633,0.12113438546657562,0.8500000238418579,0.6166999936103821
YHR139C,YER049W,0,-5.910564,0.12111712992191315,0.8500000238418579,0.6168000102043152
YHR102W,YDR499W,0,-5.9105797,0.12109987437725067,0.8500000238418579,0.6169000267982483
YPR009W,YMR104C,0,-5.910829,0.1210826188325882,0.8500000238418579,0.6169999837875366
YDR151C,YGR020C,0,-5.9111495,0.12106537818908691,0.8500000238418579,0.6171000003814697
YMR287C,YJL048C,0,-5.911171,0.12104813754558563,0.8500000238418579,0.6172000169754028
YDR110W,YML015C,0,-5.911196,0.12103089690208435,0.8500000238418579,0.6172999739646912
YPR042C,YLR183C,0,-5.9112053,0.12101366370916367,0.8500000238418579,0.6173999905586243
YLL043W,YBR058C,0,-5.9113264,0.12099643796682358,0.8500000238418579,0.6175000071525574
YDL106C,YDR073W,0,-5.911409,0.12097921967506409,0.8500000238418579,0.6176000237464905
YOR354C,YJR104C,0,-5.911424,0.1209620013833046,0.8500000238418579,0.6176999807357788
YPR029C,YLR079W,0,-5.9114504,0.1209447905421257,0.8500000238418579,0.6177999973297119
YNR046W,YML005W,1,-5.9114747,0.12106985598802567,0.8510000109672546,0.6177999973297119
YIL004C,YDL059C,0,-5.9117303,0.12105263024568558,0.8510000109672546,0.617900013923645
YDR183W,YHR178W,0,-5.9118757,0.12103541195392609,0.8510000109672546,0.6179999709129333
YMR100W,YDR484W,0,-5.912021,0.12101820111274719,0.8510000109672546,0.6180999875068665
YDR337W,YFL026W,0,-5.912022,0.1210009977221489,0.8510000109672546,0.6182000041007996
YBR164C,YPR103W,0,-5.912222,0.1209837943315506,0.8510000109672546,0.6183000206947327
YBR245C,YDR381W,0,-5.912274,0.1209665983915329,0.8510000109672546,0.618399977684021
YDR062W,YGR170W,0,-5.9122853,0.1209494024515152,0.8510000109672546,0.6184999942779541
YIL035C,YDR176W,0,-5.9122896,0.1209322139620781,0.8510000109672546,0.6186000108718872
YNL256W,YPL188W,0,-5.91254,0.12091503292322159,0.8510000109672546,0.6187000274658203
YPR030W,YMR224C,0,-5.91258,0.12089785188436508,0.8510000109672546,0.6187999844551086
YLR228C,YDR181C,0,-5.9129066,0.12088067829608917,0.8510000109672546,0.6189000010490417
YLR214W,YJL026W,0,-5.9131317,0.12086351215839386,0.8510000109672546,0.6190000176429749
YLR220W,YKL051W,0,-5.913441,0.12084635347127914,0.8510000109672546,0.6190999746322632
YDR459C,YBL022C,0,-5.9134965,0.12082919478416443,0.8510000109672546,0.6191999912261963
YNR015W,YGR024C,1,-5.9138765,0.1209540069103241,0.8519999980926514,0.6191999912261963
YOL021C,YBR086C,0,-5.913942,0.12093683332204819,0.8519999980926514,0.6193000078201294
YCL067C,YPR075C,0,-5.9139695,0.12091966718435287,0.8519999980926514,0.6194000244140625
YDL097C,YBL011W,0,-5.914,0.12090250849723816,0.8519999980926514,0.6194999814033508
YLL001W,YOR261C,0,-5.9140387,0.12088535726070404,0.8519999980926514,0.6195999979972839
YGR199W,YPR186C,0,-5.914085,0.12086820602416992,0.8519999980926514,0.619700014591217
YJL133W,YER104W,0,-5.9141726,0.1208510622382164,0.8519999980926514,0.6197999715805054
YDR189W,YDR392W,0,-5.914305,0.12083392590284348,0.8519999980926514,0.6198999881744385
YCL038C,YJR060W,0,-5.9143577,0.12081678956747055,0.8519999980926514,0.6200000047683716
YML036W,YDL170W,0,-5.9143977,0.12079966068267822,0.8519999980926514,0.6201000213623047
YBR245C,YGL111W,0,-5.9145045,0.1207825317978859,0.8519999980926514,0.620199978351593
YDL174C,YMR203W,0,-5.9145317,0.12076541781425476,0.8519999980926514,0.6202999949455261
YOR377W,YDR279W,0,-5.914575,0.12074829638004303,0.8519999980926514,0.6204000115394592
YML036W,YIL049W,0,-5.9145894,0.12073118984699249,0.8519999980926514,0.6205000281333923
YDL056W,YNL267W,0,-5.9146266,0.12071408331394196,0.8519999980926514,0.6205999851226807
YJL219W,YBL017C,0,-5.914943,0.12069698423147202,0.8519999980926514,0.6207000017166138
YER093C,YGR094W,0,-5.915296,0.12067988514900208,0.8519999980926514,0.6208000183105469
YPL091W,YDR532C,0,-5.915424,0.12066279351711273,0.8519999980926514,0.6208999752998352
YIL109C,YJL069C,0,-5.9154716,0.12064570933580399,0.8519999980926514,0.6209999918937683
YFL050C,YDR039C,0,-5.915651,0.12062862515449524,0.8519999980926514,0.6211000084877014
YML129C,YGR222W,0,-5.9156613,0.12061154842376709,0.8519999980926514,0.6212000250816345
YKL005C,YKR028W,0,-5.915713,0.12059447914361954,0.8519999980926514,0.6212999820709229
YLR186W,YLR023C,0,-5.915914,0.12057740986347198,0.8519999980926514,0.621399998664856
YNR067C,YLR368W,0,-5.9159236,0.12056034803390503,0.8519999980926514,0.6215000152587891
YPL006W,YDR212W,0,-5.9161897,0.12054329365491867,0.8519999980926514,0.6215999722480774
YOR033C,YAL022C,0,-5.9161944,0.12052623927593231,0.8519999980926514,0.6216999888420105
YDL069C,YJL019W,0,-5.9163313,0.12050919234752655,0.8519999980926514,0.6218000054359436
YDL160C,YOR187W,0,-5.9164963,0.12049215286970139,0.8519999980926514,0.6219000220298767
YPL164C,YDR156W,0,-5.9166293,0.12047511339187622,0.8519999980926514,0.621999979019165
YBR145W,YGR090W,0,-5.9166512,0.12045808136463165,0.8519999980926514,0.6220999956130981
YKL038W,YOR075W,0,-5.916724,0.12044104933738708,0.8519999980926514,0.6222000122070312
YDL008W,YDR175C,0,-5.9167466,0.12042402476072311,0.8519999980926514,0.6223000288009644
YGL130W,YBR172C,0,-5.917117,0.12040700763463974,0.8519999980926514,0.6223999857902527
YGL192W,YCL054W,1,-5.9171476,0.12053129822015762,0.8529999852180481,0.6223999857902527
YLR275W,YDR425W,0,-5.9171576,0.12051426619291306,0.8529999852180481,0.6225000023841858
YMR014W,YMR292W,0,-5.91722,0.12049724906682968,0.8529999852180481,0.6226000189781189
YLR115W,YNL199C,0,-5.9172235,0.12048022449016571,0.8529999852180481,0.6226999759674072
YLR332W,YIR018W,0,-5.9172325,0.12046321481466293,0.8529999852180481,0.6227999925613403
YPR161C,YKR060W,0,-5.9174194,0.12044620513916016,0.8529999852180481,0.6229000091552734
YJL058C,YGL008C,0,-5.9176054,0.12042919546365738,0.8529999852180481,0.6230000257492065
YPL118W,YBR073W,0,-5.917729,0.1204121932387352,0.8529999852180481,0.6230999827384949
YDR297W,YPR139C,0,-5.917732,0.12039519846439362,0.8529999852180481,0.623199999332428
YJR104C,YGR281W,0,-5.9178333,0.12037821114063263,0.8529999852180481,0.6233000159263611
YDR137W,YCL031C,0,-5.9179635,0.12036122381687164,0.8529999852180481,0.6233999729156494
YPL151C,YOR063W,0,-5.918329,0.12034424394369125,0.8529999852180481,0.6234999895095825
YJR131W,YLR005W,0,-5.9183574,0.12032726407051086,0.8529999852180481,0.6236000061035156
YDR148C,YDL098C,0,-5.9183793,0.12031029909849167,0.8529999852180481,0.6237000226974487
YNL075W,YOR274W,1,-5.918426,0.12043435126543045,0.8539999723434448,0.6237000226974487
YPR176C,YMR192W,0,-5.9185348,0.12041737139225006,0.8539999723434448,0.6237999796867371
YJL104W,YGL175C,0,-5.9186726,0.12040039151906967,0.8539999723434448,0.6238999962806702
YJR055W,YOL100W,0,-5.918967,0.12038341909646988,0.8539999723434448,0.6240000128746033
YKL032C,YOR288C,0,-5.9190197,0.12036645412445068,0.8539999723434448,0.6241000294685364
YLR371W,YML029W,0,-5.9192476,0.12034948915243149,0.8539999723434448,0.6241999864578247
YGL200C,YCL017C,0,-5.9193664,0.12033253163099289,0.8539999723434448,0.6243000030517578
YPR070W,YGR296W,0,-5.919404,0.12031558156013489,0.8539999723434448,0.6244000196456909
YML006C,YGR281W,0,-5.919419,0.12029863148927689,0.8539999723434448,0.6244999766349792
YNL333W,YGR128C,0,-5.919469,0.12028168886899948,0.8539999723434448,0.6245999932289124
YDR524C,YPR095C,0,-5.919747,0.12026475369930267,0.8539999723434448,0.6247000098228455
YPL147W,YJL087C,0,-5.9197817,0.12024781852960587,0.8539999723434448,0.6248000264167786
YML005W,YBR061C,1,-5.919827,0.12037167698144913,0.8550000190734863,0.6248000264167786
YHR081W,YJL056C,0,-5.919885,0.12035472691059113,0.8550000190734863,0.6248999834060669
YNR013C,YOL117W,0,-5.9199147,0.12033779174089432,0.8550000190734863,0.625
YPR162C,YLR147C,0,-5.9200864,0.12032085657119751,0.8550000190734863,0.6251000165939331
YKL092C,YDR206W,0,-5.9201393,0.1203039288520813,0.8550000190734863,0.6251999735832214
YBR256C,YKR042W,0,-5.9202733,0.12028700113296509,0.8550000190734863,0.6252999901771545
YMR023C,YOL125W,1,-5.920299,0.1204107478260994,0.8560000061988831,0.6252999901771545
YGL073W,YPL092W,0,-5.920407,0.12039381265640259,0.8560000061988831,0.6254000067710876
YJL146W,YLR023C,0,-5.920717,0.12037687748670578,0.8560000061988831,0.6255000233650208
YKL191W,YCR065W,0,-5.9208646,0.12035995721817017,0.8560000061988831,0.6255999803543091
YMR097C,YFL017W-A,0,-5.92088,0.12034303694963455,0.8560000061988831,0.6256999969482422
YAL020C,YMR283C,1,-5.9209223,0.1204666867852211,0.8569999933242798,0.6256999969482422
YHR089C,YER093C,0,-5.921005,0.12044975161552429,0.8569999933242798,0.6258000135421753
YHR171W,YPL033C,0,-5.9211564,0.12043282389640808,0.8569999933242798,0.6258999705314636
YNL148C,YBR092C,0,-5.921305,0.12041590362787247,0.8569999933242798,0.6259999871253967
YGR169C,YNR015W,1,-5.9213305,0.12053947895765305,0.8579999804496765,0.6259999871253967
YDR168W,YPL053C,0,-5.9217124,0.12052254378795624,0.8579999804496765,0.6261000037193298
YOR098C,YMR039C,0,-5.921731,0.12050561606884003,0.8579999804496765,0.6262000203132629
YHR073W,YLL002W,0,-5.9217935,0.12048869580030441,0.8579999804496765,0.6262999773025513
YLR157C,YMR231W,0,-5.9218774,0.1204717755317688,0.8579999804496765,0.6263999938964844
YLR022C,YCR073C,0,-5.921947,0.12045486271381378,0.8579999804496765,0.6265000104904175
YOL151W,YOR007C,0,-5.921963,0.12043795734643936,0.8579999804496765,0.6266000270843506
YLR011W,YDL134C,0,-5.9221454,0.12042105197906494,0.8579999804496765,0.6266999840736389
YMR287C,YLR147C,0,-5.9225287,0.12040415406227112,0.8579999804496765,0.626800000667572
YBR042C,YML008C,0,-5.9225965,0.1203872561454773,0.8579999804496765,0.6269000172615051
YBL069W,YOR099W,0,-5.9227624,0.12037037312984467,0.8579999804496765,0.6269999742507935
YKL194C,YDL084W,0,-5.922992,0.12035348266363144,0.8579999804496765,0.6270999908447266
YHR133C,YKL079W,0,-5.9231315,0.1203366070985794,0.8579999804496765,0.6272000074386597
YAL056W,YBL055C,0,-5.923186,0.12031973153352737,0.8579999804496765,0.6273000240325928
YOR168W,YKR055W,0,-5.9232335,0.12030286341905594,0.8579999804496765,0.6273999810218811
YHL047C,YBR068C,0,-5.9232683,0.1202859953045845,0.8579999804496765,0.6274999976158142
YJL065C,YPR055W,0,-5.9232907,0.12026913464069366,0.8579999804496765,0.6276000142097473
YAR031W,YPR024W,0,-5.923454,0.12025227397680283,0.8579999804496765,0.6276999711990356
YPR161C,YFL059W,0,-5.92347,0.12023542821407318,0.8579999804496765,0.6277999877929688
YOL060C,YOR344C,0,-5.92347,0.12021858245134354,0.8579999804496765,0.6279000043869019
YMR311C,YAL047C,0,-5.9235234,0.12020173668861389,0.8579999804496765,0.628000020980835
YKL005C,YPL253C,0,-5.923689,0.12018489837646484,0.8579999804496765,0.6280999779701233
YHR068W,YLR056W,0,-5.923695,0.12016806751489639,0.8579999804496765,0.6281999945640564
YJL065C,YPL240C,0,-5.9237022,0.12015123665332794,0.8579999804496765,0.6283000111579895
YGR097W,YKR054C,0,-5.9238944,0.12013441324234009,0.8579999804496765,0.6284000277519226
YJL125C,YNR015W,1,-5.9241033,0.12025759369134903,0.859000027179718,0.6284000277519226
YML004C,YGL151W,0,-5.924171,0.12024076282978058,0.859000027179718,0.6284999847412109
YOR149C,YPR101W,0,-5.924263,0.12022393196821213,0.859000027179718,0.628600001335144
YNL154C,YOR172W,0,-5.924425,0.12020710855722427,0.859000027179718,0.6287000179290771
YDR432W,YMR200W,0,-5.9244933,0.12019029259681702,0.859000027179718,0.6287999749183655
YGR204W,YEL020W-A,0,-5.9245915,0.12017347663640976,0.859000027179718,0.6288999915122986
YLR044C,YDL106C,0,-5.9246316,0.1201566681265831,0.859000027179718,0.6290000081062317
YDL154W,YER178W,0,-5.924806,0.12013985961675644,0.859000027179718,0.6291000247001648
YBL007C,YCL063W,0,-5.925017,0.12012305855751038,0.859000027179718,0.6291999816894531
YHL036W,YLR145W,0,-5.925219,0.12010626494884491,0.859000027179718,0.6292999982833862
YMR072W,YNL014W,0,-5.925265,0.12008947134017944,0.859000027179718,0.6294000148773193
YBL032W,YOR213C,0,-5.9255853,0.12007268518209457,0.859000027179718,0.6294999718666077
YFL031W,YOL142W,0,-5.925887,0.1200559064745903,0.859000027179718,0.6295999884605408
YCL038C,YNL225C,0,-5.925978,0.12003912776708603,0.859000027179718,0.6297000050544739
YNL133C,YAR018C,0,-5.9260406,0.12002235651016235,0.859000027179718,0.629800021648407
YFL003C,YOR281C,0,-5.926067,0.12000558525323868,0.859000027179718,0.6298999786376953
YPL213W,YOR353C,0,-5.9261394,0.1199888288974762,0.859000027179718,0.6299999952316284
YBR211C,YJR076C,0,-5.926354,0.11997206509113312,0.859000027179718,0.6301000118255615
YGL130W,YHR062C,0,-5.926541,0.11995531618595123,0.859000027179718,0.6302000284194946
YAL051W,YDR280W,0,-5.9265933,0.11993856728076935,0.859000027179718,0.630299985408783
YIL010W,YML004C,0,-5.9266,0.11992181837558746,0.859000027179718,0.6304000020027161
YGR029W,YPL163C,0,-5.926703,0.11990508437156677,0.859000027179718,0.6305000185966492
YKR060W,YDR372C,0,-5.9267087,0.11988834291696548,0.859000027179718,0.6305999755859375
YFR001W,YMR101C,0,-5.926879,0.11987161636352539,0.859000027179718,0.6306999921798706
YMR133W,YKL056C,0,-5.9269137,0.1198548898100853,0.859000027179718,0.6308000087738037
YLR047C,YGR252W,0,-5.927005,0.1198381707072258,0.859000027179718,0.6309000253677368
YCL066W,YDR092W,0,-5.9270473,0.1198214516043663,0.859000027179718,0.6309999823570251
YIL034C,YNL038W,0,-5.927173,0.1198047399520874,0.859000027179718,0.6310999989509583
YGL222C,YMR145C,0,-5.9272604,0.1197880357503891,0.859000027179718,0.6312000155448914
YKL206C,YBR095C,0,-5.927322,0.1197713315486908,0.859000027179718,0.6312999725341797
YOR156C,YAL033W,0,-5.927396,0.11975463479757309,0.859000027179718,0.6313999891281128
YDL236W,YER161C,0,-5.9275856,0.11973794549703598,0.859000027179718,0.6315000057220459
YJL166W,YDR494W,0,-5.9276843,0.11972125619649887,0.859000027179718,0.631600022315979
YLR382C,YDR002W,0,-5.9277396,0.11970457434654236,0.859000027179718,0.6316999793052673
YKL192C,YLR240W,0,-5.9277787,0.11968789249658585,0.859000027179718,0.6317999958992004
YJL033W,YPL118W,0,-5.927971,0.11967121809720993,0.859000027179718,0.6319000124931335
YPR019W,YOR014W,0,-5.9279904,0.11965455114841461,0.859000027179718,0.6320000290870667
YBR245C,YHL006C,0,-5.928243,0.1196378841996193,0.859000027179718,0.632099986076355
YLR427W,YOR206W,0,-5.9282575,0.11962122470140457,0.859000027179718,0.6322000026702881
YIL040W,YOR344C,0,-5.928286,0.11960456520318985,0.859000027179718,0.6323000192642212
YHR193C,YGR119C,0,-5.928347,0.11958791315555573,0.859000027179718,0.6323999762535095
YNR019W,YPR120C,0,-5.9285064,0.1195712685585022,0.859000027179718,0.6324999928474426
YGL019W,YDR302W,0,-5.9286146,0.11955463141202927,0.859000027179718,0.6326000094413757
YFL031W,YGR030C,0,-5.9286666,0.11953798681497574,0.859000027179718,0.6327000260353088
YML069W,YLR147C,0,-5.928715,0.1195213571190834,0.859000027179718,0.6327999830245972
YOR037W,YGL219C,0,-5.928848,0.11950472742319107,0.859000027179718,0.6328999996185303
YIL035C,YDR201W,0,-5.9289036,0.11948810517787933,0.859000027179718,0.6330000162124634
YHR158C,YOL027C,0,-5.9291615,0.1194714903831482,0.859000027179718,0.6330999732017517
YML043C,YJL004C,0,-5.929194,0.11945487558841705,0.859000027179718,0.6331999897956848
YML126C,YGL219C,0,-5.929622,0.11943826824426651,0.859000027179718,0.6333000063896179
YHR079C,YDR427W,0,-5.929746,0.11942166090011597,0.859000027179718,0.633400022983551
YMR133W,YFR051C,0,-5.929848,0.11940506100654602,0.859000027179718,0.6334999799728394
YLR431C,YOR144C,0,-5.9298882,0.11938846111297607,0.859000027179718,0.6335999965667725
YIL040W,YFR051C,0,-5.930002,0.11937187612056732,0.859000027179718,0.6337000131607056
YBR167C,YDR300C,0,-5.930056,0.11935528367757797,0.859000027179718,0.6338000297546387
YPL248C,YER012W,0,-5.9301734,0.11933870613574982,0.859000027179718,0.633899986743927
YNL015W,YJR044C,0,-5.9302526,0.11932212859392166,0.859000027179718,0.6340000033378601
YBR236C,YNR043W,0,-5.9302764,0.1193055585026741,0.859000027179718,0.6341000199317932
YGR288W,YBL051C,0,-5.9305534,0.11928898841142654,0.859000027179718,0.6341999769210815
YER172C,YHR059W,0,-5.930652,0.11927242577075958,0.859000027179718,0.6342999935150146
YJR137C,YLL004W,0,-5.930819,0.11925586313009262,0.859000027179718,0.6344000101089478
YPL221W,YHR083W,0,-5.9309573,0.11923930794000626,0.859000027179718,0.6345000267028809
YGL136C,YML014W,1,-5.930964,0.11936155706644058,0.8600000143051147,0.6345000267028809
YDR170C,YBR216C,0,-5.9310412,0.11934498697519302,0.8600000143051147,0.6345999836921692
YDR385W,YDR137W,0,-5.9313006,0.11932843178510666,0.8600000143051147,0.6347000002861023
YER168C,YGL192W,1,-5.9313383,0.11945061385631561,0.8610000014305115,0.6347000002861023
YHR187W,YJL035C,1,-5.9313803,0.11957275867462158,0.8619999885559082,0.6347000002861023
YBR084W,YMR023C,1,-5.931576,0.11969486624002457,0.8629999756813049,0.6347000002861023
YDL137W,YIR022W,0,-5.9315853,0.11967826634645462,0.8629999756813049,0.6348000168800354
YPR029C,YKR019C,0,-5.9316974,0.11966167390346527,0.8629999756813049,0.6348999738693237
YOR201C,YDR165W,1,-5.93187,0.11978372186422348,0.8640000224113464,0.6348999738693237
YNL223W,YGL187C,0,-5.93195,0.11976712197065353,0.8640000224113464,0.6349999904632568
YKL026C,YPR081C,0,-5.931966,0.11975052207708359,0.8640000224113464,0.6351000070571899
YJL094C,YOR069W,0,-5.9320216,0.11973392218351364,0.8640000224113464,0.635200023651123
YEL003W,YDR363W-A,0,-5.932027,0.11971733719110489,0.8640000224113464,0.6352999806404114
YER179W,YIR012W,0,-5.9320884,0.11970074474811554,0.8640000224113464,0.6353999972343445
YDL178W,YBL016W,0,-5.932366,0.11968416720628738,0.8640000224113464,0.6355000138282776
YER148W,YOR064C,0,-5.932458,0.11966758966445923,0.8640000224113464,0.6355999708175659
YDR507C,YLL013C,0,-5.932607,0.11965101957321167,0.8640000224113464,0.635699987411499
YOR156C,YJL154C,0,-5.932717,0.11963444948196411,0.8640000224113464,0.6358000040054321
YHR021C,YDR372C,0,-5.9327397,0.11961788684129715,0.8640000224113464,0.6359000205993652
YGR147C,YFL037W,0,-5.9327865,0.11960133165121078,0.8640000224113464,0.6359999775886536
YPL248C,YGR055W,0,-5.933201,0.11958477646112442,0.8640000224113464,0.6360999941825867
YDR121W,YLR305C,0,-5.9332366,0.11956822872161865,0.8640000224113464,0.6362000107765198
YGR123C,YOR129C,0,-5.9333515,0.11955168098211288,0.8640000224113464,0.6363000273704529
YPR120C,YLR051C,0,-5.9333987,0.11953514069318771,0.8640000224113464,0.6363999843597412
YPL053C,YOR056C,0,-5.933643,0.11951860785484314,0.8640000224113464,0.6365000009536743
YGL172W,YOR368W,0,-5.9336786,0.11950207501649857,0.8640000224113464,0.6366000175476074
YIR028W,YHR183W,0,-5.9337335,0.11948554962873459,0.8640000224113464,0.6366999745368958
YDR258C,YDR159W,0,-5.93396,0.11946902424097061,0.8640000224113464,0.6367999911308289
YMR001C,YDL097C,0,-5.9341483,0.11945250630378723,0.8640000224113464,0.636900007724762
YIL052C,YML088W,0,-5.9343395,0.11943599581718445,0.8640000224113464,0.6370000243186951
YJL090C,YOR210W,0,-5.9344463,0.11941948533058167,0.8640000224113464,0.6370999813079834
YLR355C,YIL109C,0,-5.9345465,0.11940298229455948,0.8640000224113464,0.6371999979019165
YNL188W,YJL001W,0,-5.934592,0.11938648670911789,0.8640000224113464,0.6373000144958496
YFR041C,YLR092W,0,-5.9351015,0.1193699911236763,0.8640000224113464,0.6373999714851379
YCR093W,YHR150W,0,-5.935266,0.11935350298881531,0.8640000224113464,0.637499988079071
YPL149W,YOL031C,0,-5.935349,0.11933701485395432,0.8640000224113464,0.6376000046730042
YPR031W,YPR132W,0,-5.935714,0.11932053416967392,0.8640000224113464,0.6377000212669373
YDL004W,YAL044C,0,-5.9359145,0.11930406093597412,0.8640000224113464,0.6377999782562256
YFR048W,YIL061C,0,-5.9359183,0.11928758770227432,0.8640000224113464,0.6378999948501587
YJL073W,YGR047C,0,-5.9359956,0.11927112191915512,0.8640000224113464,0.6380000114440918
YJR084W,YPL020C,0,-5.9361124,0.11925465613603592,0.8640000224113464,0.6381000280380249
YGL192W,YLR197W,1,-5.9361596,0.11937620490789413,0.8650000095367432,0.6381000280380249
YMR231W,YOL003C,0,-5.936196,0.11935973167419434,0.8650000095367432,0.6381999850273132
YBR205W,YNR052C,0,-5.936265,0.11934326589107513,0.8650000095367432,0.6383000016212463
YLR090W,YBR030W,0,-5.9365106,0.11932680010795593,0.8650000095367432,0.6384000182151794
YBR142W,YJL121C,0,-5.9367266,0.11931034177541733,0.8650000095367432,0.6384999752044678
YDR163W,YGL142C,0,-5.936733,0.11929389089345932,0.8650000095367432,0.6385999917984009
YAR015W,YFL021W,0,-5.936902,0.11927744001150131,0.8650000095367432,0.638700008392334
YPR049C,YER088C,0,-5.937122,0.1192609965801239,0.8650000095367432,0.6388000249862671
YNL080C,YMR101C,0,-5.9372935,0.11924455314874649,0.8650000095367432,0.6388999819755554
YCR002C,YNL272C,0,-5.93737,0.11922811716794968,0.8650000095367432,0.6389999985694885
YGR155W,YEL071W,0,-5.9373927,0.11921168863773346,0.8650000095367432,0.6391000151634216
YGR142W,YOL116W,0,-5.937535,0.11919526010751724,0.8650000095367432,0.63919997215271
YMR023C,YDL033C,1,-5.9376287,0.11931661516427994,0.8659999966621399,0.63919997215271
YMR049C,YMR263W,0,-5.9378557,0.11930017918348312,0.8659999966621399,0.6392999887466431
YDR337W,YMR097C,0,-5.9379535,0.11928374320268631,0.8659999966621399,0.6394000053405762
YDR507C,YLR066W,0,-5.937959,0.11926732212305069,0.8659999966621399,0.6395000219345093
YDR156W,YKL051W,0,-5.9380064,0.11925089359283447,0.8659999966621399,0.6395999789237976
YNL328C,YDR176W,0,-5.9380693,0.11923447251319885,0.8659999966621399,0.6396999955177307
YDR377W,YLR067C,0,-5.9380865,0.11921805888414383,0.8659999966621399,0.6398000121116638
YGR286C,YGL003C,0,-5.938197,0.1192016527056694,0.8659999966621399,0.6399000287055969
YBR087W,YMR266W,0,-5.938474,0.11918524652719498,0.8659999966621399,0.6399999856948853
YNL219C,YLR450W,0,-5.938564,0.11916884779930115,0.8659999966621399,0.6401000022888184
YNL142W,YKL001C,0,-5.938741,0.11915244907140732,0.8659999966621399,0.6402000188827515
YJL186W,YBR294W,0,-5.938853,0.11913605779409409,0.8659999966621399,0.6402999758720398
YLR165C,YDL033C,1,-5.9390235,0.11925721913576126,0.8669999837875366,0.6402999758720398
YNL027W,YOR020C,0,-5.9390965,0.11924082040786743,0.8669999837875366,0.6403999924659729
YCR088W,YOR194C,0,-5.9391026,0.1192244216799736,0.8669999837875366,0.640500009059906
YOR193W,YOR132W,0,-5.9392056,0.11920803040266037,0.8669999837875366,0.6406000256538391
YHR034C,YDR167W,0,-5.9392495,0.11919163912534714,0.8669999837875366,0.6406999826431274
YKR099W,YOR132W,0,-5.9392934,0.1191752552986145,0.8669999837875366,0.6407999992370605
YDL105W,YOR049C,0,-5.939415,0.11915887892246246,0.8669999837875366,0.6409000158309937
YOR067C,YJL030W,0,-5.939446,0.11914250254631042,0.8669999837875366,0.640999972820282
YDR110W,YGL100W,0,-5.9394956,0.11912613362073898,0.8669999837875366,0.6410999894142151
YAL035W,YLR369W,0,-5.9396787,0.11910976469516754,0.8669999837875366,0.6412000060081482
YER022W,YLR006C,0,-5.9397626,0.1190934032201767,0.8669999837875366,0.6413000226020813
YDR045C,YGR221C,0,-5.939871,0.11907704919576645,0.8669999837875366,0.6413999795913696
YDL174C,YMR182C,0,-5.9398932,0.1190606951713562,0.8669999837875366,0.6414999961853027
YLL042C,YGL054C,0,-5.939995,0.11904434859752655,0.8669999837875366,0.6416000127792358
YDR173C,YJR046W,0,-5.940124,0.1190280094742775,0.8669999837875366,0.641700029373169
YJR093C,YJR043C,0,-5.94017,0.11901167035102844,0.8669999837875366,0.6417999863624573
YDR439W,YPR056W,0,-5.9403577,0.11899533122777939,0.8669999837875366,0.6419000029563904
YCR002C,YPL110C,0,-5.940478,0.11897900700569153,0.8669999837875366,0.6420000195503235
YLR411W,YKL143W,0,-5.9405913,0.11896267533302307,0.8669999837875366,0.6420999765396118
YML019W,YDR113C,0,-5.940607,0.11894635856151581,0.8669999837875366,0.6421999931335449
YOR301W,YLR275W,0,-5.940635,0.11893004179000854,0.8669999837875366,0.642300009727478
YHR005C,YJL069C,0,-5.9406376,0.11891373246908188,0.8669999837875366,0.6424000263214111
YLR304C,YDR279W,0,-5.940652,0.11889742314815521,0.8669999837875366,0.6424999833106995
YKL026C,YOR212W,0,-5.940744,0.11888112127780914,0.8669999837875366,0.6425999999046326
YDR301W,YDR477W,0,-5.9408545,0.11886481940746307,0.8669999837875366,0.6427000164985657
YLR114C,YKL190W,0,-5.940907,0.1188485249876976,0.8669999837875366,0.642799973487854
YKL190W,YKR089C,0,-5.9411654,0.11883223801851273,0.8669999837875366,0.6428999900817871
YDR448W,YGR156W,0,-5.941281,0.11881595104932785,0.8669999837875366,0.6430000066757202
YAL051W,YIR015W,0,-5.9412837,0.11879967153072357,0.8669999837875366,0.6431000232696533
YLR275W,YNL197C,0,-5.94138,0.1187833920121193,0.8669999837875366,0.6431999802589417
YNL326C,YBR293W,0,-5.941531,0.11876711994409561,0.8669999837875366,0.6432999968528748
YOR232W,YBR254C,0,-5.941633,0.11875085532665253,0.8669999837875366,0.6434000134468079
YBL035C,YPL020C,0,-5.941685,0.11873459070920944,0.8669999837875366,0.6434999704360962
YNL075W,YDL033C,1,-5.9417005,0.11885526776313782,0.8679999709129333,0.6434999704360962
YNL039W,YIR012W,0,-5.9417357,0.11883899569511414,0.8679999709129333,0.6435999870300293
YLR023C,YNL061W,0,-5.941856,0.11882272362709045,0.8679999709129333,0.6437000036239624
YER174C,YHR160C,0,-5.942052,0.11880645900964737,0.8679999709129333,0.6438000202178955
YML046W,YDR418W,0,-5.942078,0.11879020184278488,0.8679999709129333,0.6438999772071838
YOR231W,YIL051C,0,-5.9421864,0.1187739446759224,0.8679999709129333,0.6439999938011169
YDL007W,YDL130W-A,0,-5.942276,0.1187576949596405,0.8679999709129333,0.64410001039505
YNR033W,YDR465C,0,-5.9422817,0.11874145269393921,0.8679999709129333,0.6442000269889832
YDR153C,YGL207W,0,-5.9425054,0.11872521042823792,0.8679999709129333,0.6442999839782715
YGR264C,YDL007W,0,-5.9426208,0.11870896816253662,0.8679999709129333,0.6444000005722046
YAL003W,YDR457W,0,-5.942695,0.11869274079799652,0.8679999709129333,0.6445000171661377
YCR005C,YGR088W,0,-5.9427266,0.11867651343345642,0.8679999709129333,0.644599974155426
YBR143C,YNL263C,0,-5.9427567,0.11866028606891632,0.8679999709129333,0.6446999907493591
YOL068C,YKL194C,0,-5.9428086,0.11864406615495682,0.8679999709129333,0.6448000073432922
YPL259C,YMR060C,0,-5.942966,0.11862785369157791,0.8679999709129333,0.6449000239372253
YDL165W,YAL022C,0,-5.9430046,0.118611641228199,0.8679999709129333,0.6449999809265137
YPL058C,YIL068C,0,-5.94305,0.1185954362154007,0.8679999709129333,0.6450999975204468
YPL194W,YOL147C,0,-5.9430957,0.11857923865318298,0.8679999709129333,0.6452000141143799
YOR002W,YPL131W,0,-5.9433055,0.11856304109096527,0.8679999709129333,0.6452999711036682
YLL004W,YKR031C,0,-5.9433594,0.11854684352874756,0.8679999709129333,0.6453999876976013
YLL004W,YAL005C,0,-5.9433694,0.11853065341711044,0.8679999709129333,0.6455000042915344
YDR096W,YER093C,0,-5.94377,0.11851447075605392,0.8679999709129333,0.6456000208854675
YBR160W,YOR213C,0,-5.94391,0.118498295545578,0.8679999709129333,0.6456999778747559
YJR144W,YJL087C,0,-5.9440017,0.11848212033510208,0.8679999709129333,0.645799994468689
YOR174W,YLR200W,0,-5.9440885,0.11846594512462616,0.8679999709129333,0.6459000110626221
YHR196W,YOL105C,0,-5.9440994,0.11844978481531143,0.8679999709129333,0.6460000276565552
YGR286C,YBR173C,0,-5.9441953,0.11843361705541611,0.8679999709129333,0.6460999846458435
YGL029W,YJL029C,0,-5.9442725,0.11841746419668198,0.8679999709129333,0.6462000012397766
YER062C,YGR270W,0,-5.944428,0.11840131133794785,0.8679999709129333,0.6463000178337097
YDR439W,YJL002C,0,-5.944447,0.11838515847921371,0.8679999709129333,0.646399974822998
YKL150W,YDR004W,0,-5.9445376,0.11836901307106018,0.8679999709129333,0.6464999914169312
YNL117W,YKR002W,0,-5.9446406,0.11835287511348724,0.8679999709129333,0.6466000080108643
YBR200W,YDR489W,0,-5.944691,0.1183367446064949,0.8679999709129333,0.6467000246047974
YHR069C,YNL197C,0,-5.9449973,0.11832061409950256,0.8679999709129333,0.6467999815940857
YJL031C,YLR266C,0,-5.9453726,0.11830448359251022,0.8679999709129333,0.6468999981880188
YPL208W,YOR084W,0,-5.945395,0.11828836053609848,0.8679999709129333,0.6470000147819519
YLR133W,YDR208W,0,-5.9455543,0.11827224493026733,0.8679999709129333,0.6470999717712402
YGR170W,YDR308C,0,-5.945826,0.11825612932443619,0.8679999709129333,0.6471999883651733
YDR490C,YML021C,0,-5.9458632,0.11824002116918564,0.8679999709129333,0.6473000049591064
YGR165W,YNL272C,0,-5.945889,0.11822392046451569,0.8679999709129333,0.6474000215530396
YBR265W,YLR020C,0,-5.945968,0.11820781975984573,0.8679999709129333,0.6474999785423279
YKL017C,YCL031C,0,-5.9459863,0.11819171905517578,0.8679999709129333,0.647599995136261
YDR450W,YPR009W,0,-5.946072,0.11817563325166702,0.8679999709129333,0.6477000117301941
YOR014W,YGR279C,0,-5.9464736,0.11815953999757767,0.8679999709129333,0.6478000283241272
YDL008W,YJL062W,0,-5.9464874,0.1181434616446495,0.8679999709129333,0.6478999853134155
YMR023C,YLR165C,1,-5.946527,0.11826347559690475,0.8690000176429749,0.6478999853134155
YML016C,YJL011C,0,-5.9465294,0.1182473823428154,0.8690000176429749,0.6480000019073486
YDL087C,YBL039C,0,-5.94655,0.11823128908872604,0.8690000176429749,0.6481000185012817
YPR143W,YIL109C,0,-5.9466405,0.11821521073579788,0.8690000176429749,0.6481999754905701
YFR024C-A,YPR100W,0,-5.946853,0.11819913238286972,0.8690000176429749,0.6482999920845032
YOR232W,YOR362C,0,-5.9469113,0.11818305402994156,0.8690000176429749,0.6484000086784363
YGR133W,YDR472W,0,-5.947023,0.118166983127594,0.8690000176429749,0.6485000252723694
YOR136W,YML109W,0,-5.94726,0.11815091967582703,0.8690000176429749,0.6485999822616577
YMR061W,YBL075C,0,-5.947308,0.11813485622406006,0.8690000176429749,0.6486999988555908
YOR063W,YDR346C,0,-5.947388,0.11811880022287369,0.8690000176429749,0.6488000154495239
YEL022W,YDR189W,0,-5.947873,0.11810274422168732,0.8690000176429749,0.6488999724388123
YKR065C,YBR153W,0,-5.948057,0.11808669567108154,0.8690000176429749,0.6489999890327454
YJL020C,YDR420W,0,-5.9481626,0.11807065457105637,0.8690000176429749,0.6491000056266785
YDL155W,YLR007W,0,-5.9481983,0.11805461347103119,0.8690000176429749,0.6492000222206116
YJL183W,YPR125W,0,-5.9484754,0.11803857982158661,0.8690000176429749,0.6492999792098999
YFR004W,YOR132W,0,-5.9487624,0.11802254617214203,0.8690000176429749,0.649399995803833
YDR302W,YGL120C,0,-5.9488297,0.11800651997327805,0.8690000176429749,0.6495000123977661
YGL238W,YGL137W,0,-5.948831,0.11799049377441406,0.8690000176429749,0.6496000289916992
YER159C,YLR314C,0,-5.948899,0.11797447502613068,0.8690000176429749,0.6496999859809875
YBL003C,YOL064C,0,-5.949018,0.11795846372842789,0.8690000176429749,0.6498000025749207
YLL022C,YNR043W,0,-5.9493318,0.1179424524307251,0.8690000176429749,0.6499000191688538
YMR268C,YGR209C,0,-5.9493437,0.1179264485836029,0.8690000176429749,0.6499999761581421
YNL111C,YJR073C,0,-5.9497113,0.11791044473648071,0.8690000176429749,0.6500999927520752
YNL251C,YML021C,0,-5.949796,0.11789444833993912,0.8690000176429749,0.6502000093460083
YER171W,YDR381W,0,-5.9499063,0.11787845939397812,0.8690000176429749,0.6503000259399414
YLR318W,YER178W,0,-5.9499626,0.11786247044801712,0.8690000176429749,0.6503999829292297
YOR304W,YNL078W,0,-5.950186,0.11784648895263672,0.8690000176429749,0.6504999995231628
YOR033C,YFR048W,0,-5.9503508,0.11783050745725632,0.8690000176429749,0.650600016117096
YLL027W,YBL005W,0,-5.9504194,0.11781453341245651,0.8690000176429749,0.6506999731063843
YDR147W,YBR048W,0,-5.9505835,0.1177985668182373,0.8690000176429749,0.6507999897003174
YKR068C,YMR104C,0,-5.9506345,0.1177826002240181,0.8690000176429749,0.6509000062942505
YCR092C,YMR139W,0,-5.950723,0.11776663362979889,0.8690000176429749,0.6510000228881836
YLR342W,YJR097W,0,-5.9507375,0.11775067448616028,0.8690000176429749,0.6510999798774719
YPL170W,YDL106C,0,-5.9508185,0.11773472279310226,0.8690000176429749,0.651199996471405
YOR056C,YJL039C,0,-5.9509635,0.11771877855062485,0.8690000176429749,0.6513000130653381
YLR411W,YLR409C,0,-5.9509807,0.11770283430814743,0.8690000176429749,0.6514000296592712
YNL220W,YGL054C,0,-5.9509974,0.11768689006567001,0.8690000176429749,0.6514999866485596
YHR053C,YFL034C-B,0,-5.951132,0.1176709532737732,0.8690000176429749,0.6516000032424927
YKR076W,YDL019C,0,-5.951133,0.11765502393245697,0.8690000176429749,0.6517000198364258
YGL142C,YPR139C,0,-5.951133,0.11763909459114075,0.8690000176429749,0.6517999768257141
YOR026W,YDR516C,0,-5.951206,0.11762317270040512,0.8690000176429749,0.6518999934196472
YLR286C,YMR207C,0,-5.9512286,0.1176072508096695,0.8690000176429749,0.6520000100135803
YMR240C,YPL033C,0,-5.951286,0.11759133636951447,0.8690000176429749,0.6521000266075134
YKL045W,YIL126W,0,-5.951306,0.11757542937994003,0.8690000176429749,0.6521999835968018
YLR399C,YDR121W,0,-5.951452,0.1175595223903656,0.8690000176429749,0.6523000001907349
YDL126C,YPL177C,0,-5.9515843,0.11754362285137177,0.8690000176429749,0.652400016784668
YCL017C,YML097C,0,-5.9516873,0.11752772331237793,0.8690000176429749,0.6524999737739563
YJL122W,YPR072W,0,-5.951812,0.11751183122396469,0.8690000176429749,0.6525999903678894
YCR039C,YKL019W,0,-5.9518323,0.11749594658613205,0.8690000176429749,0.6527000069618225
YHR004C,YOR047C,0,-5.9518766,0.11748006194829941,0.8690000176429749,0.6528000235557556
YFL055W,YDR346C,0,-5.952101,0.11746417731046677,0.8690000176429749,0.652899980545044
YJL100W,YBR297W,0,-5.952181,0.11744830012321472,0.8690000176429749,0.652999997138977
YGL087C,YPR121W,0,-5.952328,0.11743243038654327,0.8690000176429749,0.6531000137329102
YHR164C,YOR361C,0,-5.952372,0.11741656810045242,0.8690000176429749,0.6531999707221985
YPL049C,YCL004W,0,-5.9523807,0.11740070581436157,0.8690000176429749,0.6532999873161316
YNL080C,YBR221C,0,-5.952462,0.11738484352827072,0.8690000176429749,0.6534000039100647
YOR319W,YOR241W,0,-5.952513,0.11736898869276047,0.8690000176429749,0.6535000205039978
YKR087C,YKR008W,0,-5.952599,0.11735314130783081,0.8690000176429749,0.6535999774932861
YGL001C,YOR233W,0,-5.952626,0.11733729392290115,0.8690000176429749,0.6536999940872192
YHL036W,YGL113W,0,-5.9526916,0.1173214539885521,0.8690000176429749,0.6538000106811523
YDR208W,YHR084W,0,-5.9527354,0.11730561405420303,0.8690000176429749,0.6539000272750854
YOR099W,YOR232W,0,-5.952806,0.11728978157043457,0.8690000176429749,0.6539999842643738
YIL079C,YMR068W,0,-5.952964,0.1172739565372467,0.8690000176429749,0.6541000008583069
YPR105C,YIL018W,0,-5.9531617,0.11725813150405884,0.8690000176429749,0.65420001745224
YML042W,YDR461W,0,-5.9534755,0.11724230647087097,0.8690000176429749,0.6542999744415283
YPR070W,YDR183W,0,-5.953512,0.1172264963388443,0.8690000176429749,0.6543999910354614
YOL023W,YPL002C,0,-5.953519,0.11721068620681763,0.8690000176429749,0.6545000076293945
YOR180C,YBL011W,0,-5.953731,0.11719487607479095,0.8690000176429749,0.6546000242233276
YGR227W,YNL131W,0,-5.9537354,0.11717907339334488,0.8690000176429749,0.654699981212616
YIL009W,YGR005C,0,-5.953967,0.1171632707118988,0.8690000176429749,0.6547999978065491
YCR063W,YDL142C,0,-5.954086,0.11714747548103333,0.8690000176429749,0.6549000144004822
YDR379W,YOR230W,0,-5.9542537,0.11713168770074844,0.8690000176429749,0.6549999713897705
YKL185W,YNL330C,0,-5.9542556,0.11711589992046356,0.8690000176429749,0.6550999879837036
YMR163C,YPL060W,0,-5.9542623,0.11710011959075928,0.8690000176429749,0.6552000045776367
YNL138W,YER151C,0,-5.954448,0.11708434671163559,0.8690000176429749,0.6553000211715698
YPR119W,YKL220C,0,-5.9545083,0.1170685738325119,0.8690000176429749,0.6553999781608582
YOR288C,YKL038W,0,-5.954564,0.11705280095338821,0.8690000176429749,0.6554999947547913
YDL045C,YNL290W,0,-5.9547915,0.11703703552484512,0.8690000176429749,0.6556000113487244
YNL280C,YJR035W,0,-5.9548078,0.11702127754688263,0.8690000176429749,0.6557000279426575
YLR369W,YMR156C,0,-5.95486,0.11700551956892014,0.8690000176429749,0.6557999849319458
YFR027W,YFR004W,0,-5.954911,0.11698976904153824,0.8690000176429749,0.6559000015258789
YBL017C,YDR175C,0,-5.9550343,0.11697401851415634,0.8690000176429749,0.656000018119812
YBL032W,YHR102W,0,-5.9551864,0.11695827543735504,0.8690000176429749,0.6560999751091003
YPL120W,YLR200W,0,-5.955341,0.11694253981113434,0.8690000176429749,0.6561999917030334
YGR083C,YOR330C,0,-5.955418,0.11692680418491364,0.8690000176429749,0.6563000082969666
YMR038C,YGL018C,0,-5.9555373,0.11691106855869293,0.8690000176429749,0.6564000248908997
YOR249C,YOR229W,0,-5.9558787,0.11689534783363342,0.8690000176429749,0.656499981880188
YBR145W,YDR231C,0,-5.9560375,0.11687962710857391,0.8690000176429749,0.6565999984741211
YJL201W,YLL024C,0,-5.9560385,0.1168639063835144,0.8690000176429749,0.6567000150680542
YER054C,YHR204W,0,-5.9562297,0.11684819310903549,0.8690000176429749,0.6567999720573425
YKL048C,YMR006C,0,-5.956364,0.11683247983455658,0.8690000176429749,0.6568999886512756
YML036W,YER065C,0,-5.9565473,0.11681677401065826,0.8690000176429749,0.6570000052452087
YOR080W,YPR088C,0,-5.9565544,0.11680107563734055,0.8690000176429749,0.6571000218391418
YOR028C,YPL092W,0,-5.9565644,0.11678537726402283,0.8690000176429749,0.6571999788284302
YBR258C,YDR381W,0,-5.95665,0.1167696863412857,0.8690000176429749,0.6572999954223633
YMR238W,YBL056W,0,-5.9566636,0.11675399541854858,0.8690000176429749,0.6574000120162964
YOR353C,YDL190C,0,-5.956771,0.11673831194639206,0.8690000176429749,0.6575000286102295
YJL063C,YMR266W,0,-5.956782,0.11672263592481613,0.8690000176429749,0.6575999855995178
YLR223C,YIL075C,0,-5.956783,0.1167069599032402,0.8690000176429749,0.6577000021934509
YDL236W,YDR527W,0,-5.9570956,0.11669128388166428,0.8690000176429749,0.657800018787384
YPR103W,YDR409W,0,-5.9571886,0.11667561531066895,0.8690000176429749,0.6578999757766724
YML004C,YOR326W,0,-5.9574986,0.11665995419025421,0.8690000176429749,0.6579999923706055
YBR280C,YLR385C,0,-5.957624,0.11664429306983948,0.8690000176429749,0.6581000089645386
YJR131W,YDL098C,0,-5.9576573,0.11662863940000534,0.8690000176429749,0.6582000255584717
YMR219W,YKL015W,0,-5.957658,0.1166129931807518,0.8690000176429749,0.65829998254776
YIR004W,YPL091W,0,-5.9577546,0.11659734696149826,0.8690000176429749,0.6583999991416931
YKL015W,YCR028C-A,0,-5.957771,0.11658170074224472,0.8690000176429749,0.6585000157356262
YER054C,YJL129C,0,-5.9578023,0.11656606197357178,0.8690000176429749,0.6585999727249146
YPL018W,YPR111W,0,-5.9579268,0.11655043065547943,0.8690000176429749,0.6586999893188477
YDR464W,YDR218C,0,-5.957977,0.11653479933738708,0.8690000176429749,0.6588000059127808
YPL213W,YDR005C,0,-5.9580917,0.11651917546987534,0.8690000176429749,0.6589000225067139
YDR345C,YLL034C,0,-5.9584937,0.11650355160236359,0.8690000176429749,0.6589999794960022
YDL102W,YDL052C,0,-5.958508,0.11648793518543243,0.8690000176429749,0.6590999960899353
YBR275C,YPR140W,0,-5.9585204,0.11647232621908188,0.8690000176429749,0.6592000126838684
YOR355W,YHR133C,0,-5.958817,0.11645671725273132,0.8690000176429749,0.6593000292778015
YKL017C,YGL144C,0,-5.958832,0.11644110828638077,0.8690000176429749,0.6593999862670898
YOL049W,YOR151C,0,-5.958856,0.11642550677061081,0.8690000176429749,0.659500002861023
YKL089W,YJR126C,0,-5.9589314,0.11640991270542145,0.8690000176429749,0.659600019454956
YLR102C,YIR010W,0,-5.958965,0.11639431864023209,0.8690000176429749,0.6596999764442444
YNL003C,YHR119W,0,-5.9589868,0.11637873202562332,0.8690000176429749,0.6597999930381775
YJL003W,YDR163W,0,-5.959122,0.11636315286159515,0.8690000176429749,0.6599000096321106
YJR090C,YMR076C,0,-5.9593334,0.11634756624698639,0.8690000176429749,0.6600000262260437
YGL213C,YFL026W,0,-5.959394,0.11633199453353882,0.8690000176429749,0.660099983215332
YDR219C,YKL081W,0,-5.959642,0.11631642282009125,0.8690000176429749,0.6601999998092651
YKL146W,YNL133C,0,-5.9597917,0.11630085855722427,0.8690000176429749,0.6603000164031982
YJL087C,YOL138C,0,-5.9599195,0.1162852942943573,0.8690000176429749,0.6603999733924866
YCR012W,YAR031W,0,-5.9599495,0.11626973748207092,0.8690000176429749,0.6604999899864197
YDR255C,YEL065W,0,-5.960254,0.11625418066978455,0.8690000176429749,0.6606000065803528
YML123C,YML105C,0,-5.9603434,0.11623863130807877,0.8690000176429749,0.6607000231742859
YOR335C,YKL019W,0,-5.960377,0.11622308194637299,0.8690000176429749,0.6607999801635742
YJL125C,YGL136C,1,-5.960398,0.11634127050638199,0.8700000047683716,0.6607999801635742
YER133W,YDL043C,0,-5.960482,0.11632571369409561,0.8700000047683716,0.6608999967575073
YKL038W,YLR020C,0,-5.960588,0.11631015688180923,0.8700000047683716,0.6610000133514404
YML077W,YLR056W,0,-5.9605966,0.11629461497068405,0.8700000047683716,0.6610999703407288
YDR361C,YNL088W,0,-5.9606442,0.11627907305955887,0.8700000047683716,0.6611999869346619
YOR173W,YER122C,0,-5.9607043,0.11626353114843369,0.8700000047683716,0.661300003528595
YPR023C,YOR142W,0,-5.9607673,0.1162479966878891,0.8700000047683716,0.6614000201225281
YLR342W,YOR344C,0,-5.9608912,0.11623246222734451,0.8700000047683716,0.6614999771118164
YER065C,YOR322C,0,-5.960936,0.11621693521738052,0.8700000047683716,0.6615999937057495
YKR061W,YJR112W,0,-5.9610763,0.11620141565799713,0.8700000047683716,0.6617000102996826
YEL071W,YLR056W,0,-5.961159,0.11618589609861374,0.8700000047683716,0.6618000268936157
YAL020C,YLR175W,1,-5.961381,0.11630391329526901,0.8709999918937683,0.6618000268936157
YLR095C,YDL147W,0,-5.9619017,0.11628838628530502,0.8709999918937683,0.661899983882904
YLR228C,YIL052C,0,-5.9619327,0.11627285927534103,0.8709999918937683,0.6620000004768372
YLR397C,YOR284W,0,-5.9619765,0.11625733971595764,0.8709999918937683,0.6621000170707703
YBL069W,YOR151C,0,-5.962007,0.11624182760715485,0.8709999918937683,0.6621999740600586
YJL201W,YCR039C,0,-5.9620113,0.11622631549835205,0.8709999918937683,0.6622999906539917
YDR181C,YBR294W,0,-5.9621453,0.11621081084012985,0.8709999918937683,0.6624000072479248
YDL138W,YBR253W,0,-5.962381,0.11619530618190765,0.8709999918937683,0.6625000238418579
YHR114W,YER147C,0,-5.962417,0.11617980897426605,0.8709999918937683,0.6625999808311462
YGL216W,YDL232W,0,-5.962547,0.11616431176662445,0.8709999918937683,0.6626999974250793
YMR058W,YDL095W,0,-5.962583,0.11614882200956345,0.8709999918937683,0.6628000140190125
YPL021W,YMR220W,0,-5.9626174,0.11613333225250244,0.8709999918937683,0.6628999710083008
YMR292W,YMR267W,0,-5.9627213,0.11611784994602203,0.8709999918937683,0.6629999876022339
YOR123C,YDR436W,0,-5.9627395,0.11610237509012222,0.8709999918937683,0.663100004196167
YDR379W,YOL110W,0,-5.9630346,0.11608690023422241,0.8709999918937683,0.6632000207901001
YML092C,YPL033C,0,-5.963193,0.1160714253783226,0.8709999918937683,0.6632999777793884
YKL051W,YNL333W,0,-5.9632163,0.11605596542358398,0.8709999918937683,0.6633999943733215
YBR017C,YIL053W,0,-5.963287,0.11604049801826477,0.8709999918937683,0.6635000109672546
YDR308C,YNL299W,0,-5.9633026,0.11602504551410675,0.8709999918937683,0.6636000275611877
YOR078W,YDL101C,0,-5.9635053,0.11600959300994873,0.8709999918937683,0.6636999845504761
YCR047C,YNL197C,0,-5.963575,0.11599414050579071,0.8709999918937683,0.6638000011444092
YPL084W,YJR135W-A,0,-5.9643254,0.11597869545221329,0.8709999918937683,0.6639000177383423
YKL189W,YOL076W,0,-5.964335,0.11596325039863586,0.8709999918937683,0.6639999747276306
YJR069C,YBR097W,0,-5.964786,0.11594782024621964,0.8709999918937683,0.6640999913215637
YJR140C,YGR121C,0,-5.9648128,0.11593238264322281,0.8709999918937683,0.6642000079154968
YDR022C,YDR485C,0,-5.9650455,0.11591695249080658,0.8709999918937683,0.6643000245094299
YDL055C,YGL144C,0,-5.965056,0.11590152978897095,0.8709999918937683,0.6643999814987183
YGR056W,YCR067C,0,-5.9651437,0.11588610708713531,0.8709999918937683,0.6644999980926514
YAL033W,YKL178C,0,-5.9651604,0.11587069183588028,0.8709999918937683,0.6646000146865845
YGR089W,YHL025W,0,-5.9651947,0.11585528403520584,0.8709999918937683,0.6646999716758728
YGR178C,YGR279C,0,-5.96534,0.1158398687839508,0.8709999918937683,0.6647999882698059
YCR047C,YMR008C,0,-5.965538,0.11582446843385696,0.8709999918937683,0.664900004863739
YPL075W,YGR090W,0,-5.9657454,0.11580906808376312,0.8709999918937683,0.6650000214576721
YOL126C,YBR293W,0,-5.9657493,0.11579367518424988,0.8709999918937683,0.6650999784469604
YGR175C,YGR214W,0,-5.9658446,0.11577828228473663,0.8709999918937683,0.6651999950408936
YLR431C,YHR123W,0,-5.965886,0.11576288938522339,0.8709999918937683,0.6653000116348267
YGL017W,YPL069C,0,-5.9659886,0.11574751138687134,0.8709999918937683,0.6654000282287598
YFR021W,YER094C,0,-5.9660215,0.11573212593793869,0.8709999918937683,0.6654999852180481
YJL134W,YHR027C,0,-5.96613,0.11571675539016724,0.8709999918937683,0.6656000018119812
YOL044W,YNL222W,0,-5.966411,0.11570138484239578,0.8709999918937683,0.6657000184059143
YMR198W,YDR427W,0,-5.966432,0.11568601429462433,0.8709999918937683,0.6657999753952026
YER036C,YNL225C,0,-5.966449,0.11567065119743347,0.8709999918937683,0.6658999919891357
YPR188C,YPL151C,0,-5.966513,0.11565528810024261,0.8709999918937683,0.6660000085830688
YGR286C,YJL207C,0,-5.9669375,0.11563993990421295,0.8709999918937683,0.666100025177002
YER036C,YKL197C,0,-5.967021,0.11562458425760269,0.8709999918937683,0.6661999821662903
YLL021W,YBR265W,0,-5.9673543,0.11560923606157303,0.8709999918937683,0.6662999987602234
YIR004W,YNL107W,0,-5.9673734,0.11559389531612396,0.8709999918937683,0.6664000153541565
YBL082C,YDL207W,0,-5.9679227,0.1155785545706749,0.8709999918937683,0.6664999723434448
YHR175W,YDR240C,0,-5.9679976,0.11556322127580643,0.8709999918937683,0.6665999889373779
YOR100C,YDR143C,0,-5.968076,0.11554788798093796,0.8709999918937683,0.666700005531311
YPL170W,YDL236W,0,-5.968096,0.11553256213665009,0.8709999918937683,0.6668000221252441
YOR380W,YML114C,0,-5.968268,0.11551724374294281,0.8709999918937683,0.6668999791145325
YGL190C,YOR171C,0,-5.9682937,0.11550192534923553,0.8709999918937683,0.6669999957084656
YPL217C,YBR008C,0,-5.9683022,0.11548660695552826,0.8709999918937683,0.6671000123023987
YGL200C,YJR021C,0,-5.968516,0.11547129601240158,0.8709999918937683,0.6672000288963318
YOR209C,YGR172C,0,-5.96857,0.1154559925198555,0.8709999918937683,0.6672999858856201
YNR002C,YIL132C,0,-5.968651,0.11544068902730942,0.8709999918937683,0.6674000024795532
YGL238W,YPL106C,0,-5.9687095,0.11542539298534393,0.8709999918937683,0.6675000190734863
YFR024C-A,YNL186W,0,-5.968852,0.11541009694337845,0.8709999918937683,0.6675999760627747
YGL172W,YGR202C,0,-5.9693,0.11539480835199356,0.8709999918937683,0.6676999926567078
YJL050W,YBR228W,0,-5.96936,0.11537951976060867,0.8709999918937683,0.6678000092506409
YLR144C,YJL127C,0,-5.969471,0.11536423861980438,0.8709999918937683,0.667900025844574
YDR263C,YPL092W,0,-5.96969,0.11534895747900009,0.8709999918937683,0.6679999828338623
YDL155W,YDR180W,0,-5.9697175,0.1153336837887764,0.8709999918937683,0.6680999994277954
YOL013C,YGL255W,0,-5.9697447,0.1153184175491333,0.8709999918937683,0.6682000160217285
YNL008C,YNL312W,0,-5.96978,0.1153031513094902,0.8709999918937683,0.6682999730110168
YFL050C,YPR075C,0,-5.969799,0.1152878925204277,0.8709999918937683,0.66839998960495
YOR201C,YNR015W,1,-5.970019,0.11540497839450836,0.871999979019165,0.66839998960495
YDL116W,YFL060C,0,-5.9701457,0.11538970470428467,0.871999979019165,0.6685000061988831
YLR390W-A,YDR087C,0,-5.9702606,0.11537443846464157,0.871999979019165,0.6686000227928162
YBR199W,YKR028W,0,-5.9703193,0.11535917222499847,0.871999979019165,0.6686999797821045
YNL291C,YMR088C,0,-5.970368,0.11534391343593597,0.871999979019165,0.6687999963760376
YLR013W,YKR061W,0,-5.9704947,0.11532866209745407,0.871999979019165,0.6689000129699707
YDR422C,YDR330W,0,-5.9705386,0.11531341075897217,0.871999979019165,0.6690000295639038
YOR281C,YGL207W,0,-5.970704,0.11529815942049026,0.871999979019165,0.6690999865531921
YDR395W,YJL069C,0,-5.9707103,0.11528291553258896,0.871999979019165,0.6692000031471252
YNL021W,YGR030C,0,-5.971005,0.11526767909526825,0.871999979019165,0.6693000197410583
YDR143C,YBR223C,0,-5.9711404,0.11525244265794754,0.871999979019165,0.6693999767303467
YDL008W,YCR002C,0,-5.9712224,0.11523721367120743,0.871999979019165,0.6694999933242798
YGL166W,YFR013W,0,-5.971359,0.11522198468446732,0.871999979019165,0.6696000099182129
YOR132W,YBR030W,0,-5.9716687,0.1152067631483078,0.871999979019165,0.669700026512146
YOL133W,YKR048C,0,-5.971708,0.11519154906272888,0.871999979019165,0.6697999835014343
YGL087C,YJR102C,0,-5.971743,0.11517632752656937,0.871999979019165,0.6699000000953674
YAL022C,YOR069W,0,-5.9718003,0.11516112089157104,0.871999979019165,0.6700000166893005
YPL110C,YGR132C,0,-5.971806,0.11514591425657272,0.871999979019165,0.6700999736785889
YDR518W,YBR050C,0,-5.9718184,0.1151307076215744,0.871999979019165,0.670199990272522
YPR082C,YGR063C,0,-5.972072,0.11511550843715668,0.871999979019165,0.6703000068664551
YGL175C,YMR053C,0,-5.9721017,0.11510031670331955,0.871999979019165,0.6704000234603882
YOR174W,YMR236W,0,-5.9721885,0.11508512496948242,0.871999979019165,0.6704999804496765
YNL288W,YPR055W,0,-5.9722714,0.11506994068622589,0.871999979019165,0.6705999970436096
YPL145C,YBR279W,0,-5.972316,0.11505475640296936,0.871999979019165,0.6707000136375427
YDL145C,YHR030C,0,-5.972362,0.11503957957029343,0.871999979019165,0.670799970626831
YKR063C,YDR212W,0,-5.972565,0.11502440273761749,0.871999979019165,0.6708999872207642
YHR088W,YMR156C,0,-5.9726405,0.11500923335552216,0.871999979019165,0.6710000038146973
YJR035W,YLR003C,0,-5.9729238,0.11499406397342682,0.871999979019165,0.6711000204086304
YNL329C,YER012W,0,-5.9730477,0.11497890204191208,0.871999979019165,0.6711999773979187
YKL192C,YDR213W,0,-5.9730763,0.11496374756097794,0.871999979019165,0.6712999939918518
YIL124W,YGR213C,0,-5.9731336,0.11494859308004379,0.871999979019165,0.6714000105857849
YPL101W,YGL136C,1,-5.9732976,0.11506524682044983,0.8730000257492065,0.6714000105857849
YMR029C,YOR040W,0,-5.9733505,0.11505007743835449,0.8730000257492065,0.671500027179718
YLL024C,YER072W,0,-5.973534,0.11503491550683975,0.8730000257492065,0.6715999841690063
YDR365C,YDL098C,0,-5.9739614,0.11501976102590561,0.8730000257492065,0.6717000007629395
YOR335C,YPR055W,0,-5.973987,0.11500461399555206,0.8730000257492065,0.6718000173568726
YDL008W,YPL175W,0,-5.9740334,0.11498945951461792,0.8730000257492065,0.6718999743461609
YER036C,YBR254C,0,-5.974263,0.11497431993484497,0.8730000257492065,0.671999990940094
YLR096W,YPL130W,0,-5.974464,0.11495918035507202,0.8730000257492065,0.6721000075340271
YKL059C,YHR205W,0,-5.9744706,0.11494404077529907,0.8730000257492065,0.6722000241279602
YFL056C,YER087C-B,0,-5.974506,0.11492890864610672,0.8730000257492065,0.6722999811172485
YLR160C,YHR077C,0,-5.974512,0.11491378396749496,0.8730000257492065,0.6723999977111816
YMR091C,YJL098W,0,-5.9745307,0.11489865928888321,0.8730000257492065,0.6725000143051147
YDL033C,YDL201W,1,-5.97467,0.11501513421535492,0.8740000128746033,0.6725000143051147
YER056C,YIR012W,0,-5.974727,0.11500000208616257,0.8740000128746033,0.6725999712944031
YPR120C,YJL167W,0,-5.9748282,0.11498486995697021,0.8740000128746033,0.6726999878883362
YNL280C,YML006C,0,-5.9750752,0.11496974527835846,0.8740000128746033,0.6728000044822693
YOR147W,YLR357W,0,-5.9753723,0.1149546205997467,0.8740000128746033,0.6729000210762024
YBL082C,YLR249W,0,-5.97539,0.11493950337171555,0.8740000128746033,0.6729999780654907
YOR011W,YKL042W,0,-5.9754815,0.11492439359426498,0.8740000128746033,0.6730999946594238
YOR133W,YOR084W,0,-5.9758024,0.11490928381681442,0.8740000128746033,0.6732000112533569
YOL061W,YIL021W,0,-5.9759164,0.11489417403936386,0.8740000128746033,0.67330002784729
YMR161W,YAR042W,0,-5.9759407,0.1148790717124939,0.8740000128746033,0.6733999848365784
YOR274W,YML014W,1,-5.975994,0.11499539762735367,0.875,0.6733999848365784
YCR082W,YFL034C-B,0,-5.976127,0.1149802878499031,0.875,0.6735000014305115
YLR144C,YER133W,0,-5.9761314,0.11496518552303314,0.875,0.6736000180244446
YPR124W,YOR319W,0,-5.976161,0.11495007574558258,0.875,0.6736999750137329
YDR244W,YGR141W,0,-5.976189,0.11493498086929321,0.875,0.673799991607666
YCR077C,YPR080W,0,-5.9768434,0.11491988599300385,0.875,0.6739000082015991
YIL040W,YML010W,0,-5.9769197,0.11490479111671448,0.875,0.6740000247955322
YCR042C,YPR016C,0,-5.9770865,0.1148897036910057,0.875,0.6740999817848206
YLR176C,YDL007W,0,-5.9770913,0.11487462371587753,0.875,0.6741999983787537
YNR043W,YIL038C,0,-5.977184,0.11485954374074936,0.875,0.6743000149726868
YGR224W,YLR438C-A,0,-5.977237,0.11484447121620178,0.875,0.6743999719619751
YNL065W,YLR370C,0,-5.977334,0.1148293986916542,0.875,0.6744999885559082
YGL200C,YOR126C,0,-5.9773393,0.11481432616710663,0.875,0.6746000051498413
YBL042C,YBL041W,0,-5.977448,0.11479926854372025,0.875,0.6747000217437744
YER166W,YBR034C,0,-5.977474,0.11478420346975327,0.875,0.6747999787330627
YHR011W,YGL099W,0,-5.9775057,0.11476915329694748,0.875,0.6748999953269958
YPL149W,YDL115C,0,-5.977546,0.1147540956735611,0.875,0.675000011920929
YPR075C,YNL317W,0,-5.9777846,0.11473905295133591,0.875,0.6751000285148621
YDL165W,YOL049W,0,-5.9777975,0.11472401022911072,0.875,0.6751999855041504
YIL131C,YDR244W,0,-5.9778104,0.11470896750688553,0.875,0.6753000020980835
YHR187W,YOR201C,1,-5.977881,0.11482501029968262,0.8759999871253967,0.6753000020980835
YIL072W,YJR131W,0,-5.978068,0.11480996012687683,0.8759999871253967,0.6754000186920166
YKL152C,YOL143C,0,-5.9780803,0.11479491740465164,0.8759999871253967,0.6754999756813049
YPL267W,YHR135C,0,-5.9780917,0.11477987468242645,0.8759999871253967,0.675599992275238
YKR034W,YLR200W,0,-5.9783654,0.11476483941078186,0.8759999871253967,0.6757000088691711
YPR016C,YBR058C,0,-5.9784694,0.11474980413913727,0.8759999871253967,0.6758000254631042
YAL020C,YKL110C,1,-5.978474,0.1148657500743866,0.8769999742507935,0.6758000254631042
YDR345C,YLR066W,0,-5.978478,0.11485070735216141,0.8769999742507935,0.6758999824523926
YGR157W,YLR249W,0,-5.978515,0.11483567208051682,0.8769999742507935,0.6759999990463257
YHL034C,YAR003W,0,-5.978659,0.11482063680887222,0.8769999742507935,0.6761000156402588
YOR239W,YPL138C,0,-5.9786863,0.11480560153722763,0.8769999742507935,0.6761999726295471
YGR227W,YNR017W,0,-5.9787273,0.11479057371616364,0.8769999742507935,0.6762999892234802
YDL145C,YOR174W,0,-5.9787498,0.11477555334568024,0.8769999742507935,0.6764000058174133
YOR030W,YLL004W,0,-5.9787936,0.11476053297519684,0.8769999742507935,0.6765000224113464
YEL071W,YLR313C,0,-5.978853,0.11474552005529404,0.8769999742507935,0.6765999794006348
YOR377W,YOR040W,0,-5.979118,0.11473050713539124,0.8769999742507935,0.6766999959945679
YDR490C,YER169W,0,-5.9792128,0.11471550166606903,0.8769999742507935,0.676800012588501
YER088C,YGL092W,0,-5.9792643,0.11470049619674683,0.8769999742507935,0.6769000291824341
YER088C,YGR166W,0,-5.979276,0.11468549817800522,0.8769999742507935,0.6769999861717224
YBR298C,YIL153W,0,-5.9793105,0.11467050015926361,0.8769999742507935,0.6771000027656555
YPL132W,YFR002W,0,-5.9793878,0.1146555095911026,0.8769999742507935,0.6772000193595886
YOR294W,YIL167W,0,-5.9795117,0.11464052647352219,0.8769999742507935,0.677299976348877
YDR494W,YJR066W,0,-5.9795866,0.11462553590536118,0.8769999742507935,0.6773999929428101
YNR016C,YPR120C,0,-5.9795885,0.11461056023836136,0.8769999742507935,0.6775000095367432
YBL032W,YDL002C,0,-5.9797435,0.11459558457136154,0.8769999742507935,0.6776000261306763
YLR256W,YLR005W,0,-5.97981,0.11458060890436172,0.8769999742507935,0.6776999831199646
YDR397C,YOR148C,0,-5.979812,0.1145656406879425,0.8769999742507935,0.6777999997138977
YBR215W,YHR067W,0,-5.9800687,0.11455067992210388,0.8769999742507935,0.6779000163078308
YJR017C,YLL036C,0,-5.9801135,0.11453571915626526,0.8769999742507935,0.6779999732971191
YGL087C,YIR018W,0,-5.9801807,0.11452076584100723,0.8769999742507935,0.6780999898910522
YHR170W,YFL060C,0,-5.980368,0.1145058125257492,0.8769999742507935,0.6782000064849854
YDR375C,YML051W,0,-5.980375,0.11449085921049118,0.8769999742507935,0.6783000230789185
YNL102W,YJL004C,0,-5.980596,0.11447591334581375,0.8769999742507935,0.6783999800682068
YAL020C,YOR243C,1,-5.980756,0.11459148675203323,0.878000020980835,0.6783999800682068
YHR193C,YPR009W,0,-5.980766,0.11457653343677521,0.878000020980835,0.6784999966621399
YNL227C,YER012W,0,-5.981034,0.11456158757209778,0.878000020980835,0.678600013256073
YFL034C-B,YDR320C,0,-5.98125,0.11454664170742035,0.878000020980835,0.6786999702453613
YDR376W,YNL258C,0,-5.981345,0.11453169584274292,0.878000020980835,0.6787999868392944
YBL022C,YKR062W,0,-5.9814653,0.11451675742864609,0.878000020980835,0.6789000034332275
YDR137W,YDR422C,0,-5.981497,0.11450182646512985,0.878000020980835,0.6790000200271606
YBR212W,YBL052C,0,-5.9815946,0.11448689550161362,0.878000020980835,0.679099977016449
YJL178C,YJR045C,0,-5.981688,0.11447197198867798,0.878000020980835,0.6791999936103821
YGL143C,YGL151W,0,-5.9817004,0.11445704847574234,0.878000020980835,0.6793000102043152
YJL003W,YGR170W,0,-5.9817033,0.1144421249628067,0.878000020980835,0.6794000267982483
YER164W,YHR190W,0,-5.981757,0.11442720890045166,0.878000020980835,0.6794999837875366
YKL011C,YMR125W,0,-5.9818225,0.11441230028867722,0.878000020980835,0.6796000003814697
YNL331C,YLL002W,0,-5.9822817,0.11439739167690277,0.878000020980835,0.6797000169754028
YCR065W,YER065C,0,-5.9823813,0.11438249051570892,0.878000020980835,0.6797999739646912
YMR083W,YPR016C,0,-5.9824624,0.11436758935451508,0.878000020980835,0.6798999905586243
YLR430W,YML064C,0,-5.98266,0.11435269564390182,0.878000020980835,0.6800000071525574
YOL100W,YGR091W,0,-5.9829483,0.11433780193328857,0.878000020980835,0.6801000237464905
YOR100C,YLR427W,0,-5.9829507,0.11432291567325592,0.878000020980835,0.6801999807357788
YKL013C,YNL103W,0,-5.9830985,0.11430802941322327,0.878000020980835,0.6802999973297119
YBR039W,YKL019W,0,-5.983373,0.11429315060377121,0.878000020980835,0.680400013923645
YGR055W,YDR456W,0,-5.983401,0.11427827924489975,0.878000020980835,0.6804999709129333
YGR229C,YJR010C-A,0,-5.9834075,0.11426340788602829,0.878000020980835,0.6805999875068665
YHR066W,YIL138C,0,-5.983561,0.11424853652715683,0.878000020980835,0.6807000041007996
YLR423C,YNL229C,0,-5.984257,0.11423367261886597,0.878000020980835,0.6808000206947327
YIL126W,YKL035W,0,-5.9842696,0.1142188087105751,0.878000020980835,0.680899977684021
YBR021W,YKL166C,0,-5.9846673,0.11420395225286484,0.878000020980835,0.6809999942779541
YIL066C,YOR068C,0,-5.984717,0.11418910324573517,0.878000020980835,0.6811000108718872
YKL029C,YOR045W,0,-5.9847646,0.1141742542386055,0.878000020980835,0.6812000274658203
YFL003C,YJL173C,0,-5.9848223,0.11415940523147583,0.878000020980835,0.6812999844551086
YGL012W,YOL144W,0,-5.985046,0.11414456367492676,0.878000020980835,0.6814000010490417
YOR156C,YKR042W,0,-5.9853415,0.11412972956895828,0.878000020980835,0.6815000176429749
YOR031W,YMR127C,0,-5.985402,0.11411489546298981,0.878000020980835,0.6815999746322632
YER083C,YGR014W,0,-5.9856353,0.11410006135702133,0.878000020980835,0.6816999912261963
YPR143W,YML038C,0,-5.9857044,0.11408524215221405,0.878000020980835,0.6818000078201294
YOL063C,YLR450W,0,-5.9857955,0.11407041549682617,0.878000020980835,0.6819000244140625
YKL191W,YNL214W,0,-5.985893,0.11405559629201889,0.878000020980835,0.6819999814033508
YOR028C,YJL033W,0,-5.9859724,0.1140407845377922,0.878000020980835,0.6820999979972839
YDL040C,YML123C,0,-5.986051,0.11402597278356552,0.878000020980835,0.682200014591217
YGL158W,YGR005C,0,-5.9863753,0.11401116847991943,0.878000020980835,0.6822999715805054
YNR019W,YOR288C,0,-5.9867907,0.11399636417627335,0.878000020980835,0.6823999881744385
YNL030W,YGR288W,0,-5.9868727,0.11398156732320786,0.878000020980835,0.6825000047683716
YDR043C,YDR527W,0,-5.986873,0.11396677047014236,0.878000020980835,0.6826000213623047
YHR118C,YDR487C,0,-5.9869275,0.11395198106765747,0.878000020980835,0.682699978351593
YDL145C,YNL027W,0,-5.986967,0.11393719166517258,0.878000020980835,0.6827999949455261
YJL134W,YOR213C,0,-5.987158,0.11392240971326828,0.878000020980835,0.6829000115394592
YDR224C,YAL047C,0,-5.9875007,0.11390762776136398,0.878000020980835,0.6830000281333923
YAL035W,YNL312W,0,-5.987561,0.11389285326004028,0.878000020980835,0.6830999851226807
YDR081C,YCL004W,0,-5.9876285,0.11387807875871658,0.878000020980835,0.6832000017166138
YOR151C,YIR015W,0,-5.987894,0.11386331170797348,0.878000020980835,0.6833000183105469
YBR068C,YNL299W,0,-5.9882407,0.11384854465723038,0.878000020980835,0.6833999752998352
YJL008C,YJL063C,0,-5.9883423,0.11383378505706787,0.878000020980835,0.6834999918937683
YNL323W,YGL111W,0,-5.9884195,0.11381903290748596,0.878000020980835,0.6836000084877014
YGR222W,YLR371W,0,-5.9885488,0.11380428075790405,0.878000020980835,0.6837000250816345
YJR060W,YNL116W,0,-5.988636,0.11378952860832214,0.878000020980835,0.6837999820709229
YCR063W,YDR322C-A,0,-5.9887414,0.11377478390932083,0.878000020980835,0.683899998664856
YBL052C,YER120W,0,-5.9888453,0.11376003921031952,0.878000020980835,0.6840000152587891
YLR131C,YPR140W,0,-5.988853,0.1137453019618988,0.878000020980835,0.6840999722480774
YER015W,YLR403W,0,-5.989059,0.11373057216405869,0.878000020980835,0.6841999888420105
YHR123W,YJR097W,0,-5.989083,0.11371584236621857,0.878000020980835,0.6843000054359436
YOR148C,YNL197C,0,-5.989348,0.11370111256837845,0.878000020980835,0.6844000220298767
YJL090C,YOR207C,0,-5.9895062,0.11368639022111893,0.878000020980835,0.684499979019165
YGR121C,YOR054C,0,-5.98984,0.11367167532444,0.878000020980835,0.6845999956130981
YPL101W,YML005W,1,-5.989931,0.11378640681505203,0.8790000081062317,0.6845999956130981
YGL192W,YMR023C,1,-5.9899964,0.11390111595392227,0.8799999952316284,0.6845999956130981
YMR264W,YOR159C,0,-5.9900217,0.11388637125492096,0.8799999952316284,0.6847000122070312
YPR017C,YGR281W,0,-5.990092,0.11387163400650024,0.8799999952316284,0.6848000288009644
YKL176C,YGR085C,0,-5.990211,0.11385690420866013,0.8799999952316284,0.6848999857902527
YML042W,YOR159C,0,-5.990488,0.11384217441082001,0.8799999952316284,0.6850000023841858
YDL043C,YLR166C,0,-5.9905386,0.11382744461297989,0.8799999952316284,0.6851000189781189
YPR068C,YLR092W,0,-5.9909353,0.11381272971630096,0.8799999952316284,0.6851999759674072
YNL051W,YDR302W,0,-5.9911714,0.11379800736904144,0.8799999952316284,0.6852999925613403
YMR149W,YNL107W,0,-5.991388,0.11378329247236252,0.8799999952316284,0.6854000091552734
YNR017W,YNL229C,0,-5.9915686,0.11376858502626419,0.8799999952316284,0.6855000257492065
YDR142C,YNL330C,0,-5.9916787,0.11375387758016586,0.8799999952316284,0.6855999827384949
YGR056W,YNL088W,0,-5.9917765,0.11373917758464813,0.8799999952316284,0.685699999332428
YER112W,YOR210W,0,-5.9918094,0.1137244775891304,0.8799999952316284,0.6858000159263611
YJL073W,YDL185W,0,-5.991876,0.11370978504419327,0.8799999952316284,0.6858999729156494
YDL056W,YDR419W,0,-5.9918857,0.11369509249925613,0.8799999952316284,0.6859999895095825
YMR145C,YDL006W,0,-5.9918885,0.113680399954319,0.8799999952316284,0.6861000061035156
YNL256W,YOL027C,0,-5.9920545,0.11366572231054306,0.8799999952316284,0.6862000226974487
YIR010W,YNL121C,0,-5.9921393,0.11365103721618652,0.8799999952316284,0.6862999796867371
YPR075C,YML092C,0,-5.992677,0.11363636702299118,0.8799999952316284,0.6863999962806702
YBR065C,YDR137W,0,-5.9930625,0.11362168937921524,0.8799999952316284,0.6865000128746033
YAR031W,YML021C,0,-5.9931293,0.1136070266366005,0.8799999952316284,0.6866000294685364
YDR524C,YJR090C,0,-5.993218,0.11359235644340515,0.8799999952316284,0.6866999864578247
YDR188W,YGL018C,0,-5.9935336,0.113577701151371,0.8799999952316284,0.6868000030517578
YPR103W,YKL028W,0,-5.993688,0.11356303840875626,0.8799999952316284,0.6869000196456909
YIL004C,YLR084C,0,-5.9937015,0.1135483905673027,0.8799999952316284,0.6869999766349792
YDR179C,YHR084W,0,-5.9937434,0.11353373527526855,0.8799999952316284,0.6870999932289124
YNR057C,YGR036C,0,-5.9938035,0.1135190948843956,0.8799999952316284,0.6872000098228455
YOR260W,YLR466W,0,-5.994044,0.11350444704294205,0.8799999952316284,0.6873000264167786
YLR165C,YNR015W,1,-5.994065,0.11361877620220184,0.8809999823570251,0.6873000264167786
YDL213C,YLR148W,0,-5.9942083,0.11360412836074829,0.8809999823570251,0.6873999834060669
YLR113W,YGR094W,0,-5.9944396,0.11358948051929474,0.8809999823570251,0.6875
YDR303C,YNL044W,0,-5.9945345,0.11357483267784119,0.8809999823570251,0.6876000165939331
YPR017C,YMR149W,0,-5.994628,0.11356019228696823,0.8809999823570251,0.6876999735832214
YPL135W,YBR168W,0,-5.994762,0.11354555934667587,0.8809999823570251,0.6877999901771545
YCR044C,YOR132W,0,-5.994855,0.11353092640638351,0.8809999823570251,0.6879000067710876
YLR431C,YDL231C,0,-5.994923,0.11351630091667175,0.8809999823570251,0.6880000233650208
YBL002W,YHR008C,0,-5.9949813,0.11350167542695999,0.8809999823570251,0.6880999803543091
YKR076W,YDR469W,0,-5.995048,0.11348705738782883,0.8809999823570251,0.6881999969482422
YEL071W,YMR039C,0,-5.99516,0.11347243934869766,0.8809999823570251,0.6883000135421753
YPR105C,YOR132W,0,-5.9956727,0.1134578213095665,0.8809999823570251,0.6883999705314636
YKL165C,YOL142W,0,-5.995704,0.11344321072101593,0.8809999823570251,0.6884999871253967
YNL090W,YIL084C,0,-5.9960456,0.11342860758304596,0.8809999823570251,0.6886000037193298
YOR232W,YJL192C,0,-5.9960637,0.11341400444507599,0.8809999823570251,0.6887000203132629
YOR026W,YDR268W,0,-5.996365,0.11339940875768661,0.8809999823570251,0.6887999773025513
YOL016C,YPL075W,0,-5.9963717,0.11338481307029724,0.8809999823570251,0.6888999938964844
YJR094C,YDL232W,0,-5.9963956,0.11337022483348846,0.8809999823570251,0.6890000104904175
YGR199W,YJL045W,0,-5.996399,0.11335563659667969,0.8809999823570251,0.6891000270843506
YDR479C,YKL166C,0,-5.996481,0.11334105581045151,0.8809999823570251,0.6891999840736389
YNL262W,YGR044C,0,-5.996615,0.11332647502422333,0.8809999823570251,0.689300000667572
YOR266W,YDR489W,0,-5.9966464,0.11331189423799515,0.8809999823570251,0.6894000172615051
YKL195W,YLR219W,0,-5.996696,0.11329732835292816,0.8809999823570251,0.6894999742507935
YDR363W,YAL023C,0,-5.996823,0.11328275501728058,0.8809999823570251,0.6895999908447266
YGL032C,YDL126C,0,-5.9968567,0.11326818913221359,0.8809999823570251,0.6897000074386597
YOR133W,YDR247W,0,-5.9969716,0.1132536306977272,0.8809999823570251,0.6898000240325928
YDR039C,YBR069C,0,-5.9971805,0.11323907226324081,0.8809999823570251,0.6898999810218811
YBL032W,YHR008C,0,-5.997215,0.11322452127933502,0.8809999823570251,0.6899999976158142
YGL086W,YLR008C,0,-5.99731,0.11320997029542923,0.8809999823570251,0.6901000142097473
YBL017C,YGL171W,0,-5.9974833,0.11319542676210403,0.8809999823570251,0.6901999711990356
YIL120W,YER104W,0,-5.997518,0.11318088322877884,0.8809999823570251,0.6902999877929688
YER122C,YDL232W,0,-5.9978147,0.11316634714603424,0.8809999823570251,0.6904000043869019
YKR083C,YEL002C,0,-5.9978414,0.11315181106328964,0.8809999823570251,0.690500020980835
YMR277W,YLR265C,0,-5.9978857,0.11313728243112564,0.8809999823570251,0.6905999779701233
YHL048W,YKR072C,0,-5.998037,0.11312275379896164,0.8809999823570251,0.6906999945640564
YOR011W,YLL003W,0,-5.998099,0.11310823261737823,0.8809999823570251,0.6908000111579895
YER155C,YMR238W,0,-5.998108,0.11309371143579483,0.8809999823570251,0.6909000277519226
YGL019W,YBR265W,0,-5.998151,0.11307919025421143,0.8809999823570251,0.6909999847412109
YCL026C-A,YBL004W,0,-5.9981933,0.11306468397378922,0.8809999823570251,0.691100001335144
YIR026C,YOR129C,0,-5.998211,0.11305017024278641,0.8809999823570251,0.6912000179290771
YGL068W,YDR142C,0,-5.998244,0.1130356714129448,0.8809999823570251,0.6912999749183655
YGL245W,YIR022W,0,-5.998567,0.11302116513252258,0.8809999823570251,0.6913999915122986
YCR012W,YHR161C,0,-5.99861,0.11300667375326157,0.8809999823570251,0.6915000081062317
YLR256W,YLR321C,0,-5.998701,0.11299217492341995,0.8809999823570251,0.6916000247001648
YOR182C,YBL106C,0,-5.9988055,0.11297768354415894,0.8809999823570251,0.6916999816894531
YIL109C,YPL057C,0,-5.9988837,0.11296319961547852,0.8809999823570251,0.6917999982833862
YMR173W,YBR256C,0,-5.998896,0.1129487156867981,0.8809999823570251,0.6919000148773193
YJL003W,YNR059W,0,-5.9989777,0.11293423920869827,0.8809999823570251,0.6919999718666077
YJL167W,YNL128W,0,-5.9992867,0.11291976273059845,0.8809999823570251,0.6920999884605408
YNL051W,YOL104C,0,-5.9993596,0.11290529370307922,0.8809999823570251,0.6922000050544739
YNL119W,YDR488C,0,-5.999391,0.11289082467556,0.8809999823570251,0.692300021648407
YMR316W,YOL005C,0,-5.9993925,0.11287636309862137,0.8809999823570251,0.6923999786376953
YBR070C,YHL038C,0,-5.9995923,0.11286190152168274,0.8809999823570251,0.6924999952316284
YKL006C-A,YIL039W,0,-5.9996166,0.11284744739532471,0.8809999823570251,0.6926000118255615
YJR069C,YKL095W,0,-5.9996457,0.11283299326896667,0.8809999823570251,0.6927000284194946
YCR039C,YOR157C,0,-5.9996743,0.11281853914260864,0.8809999823570251,0.692799985408783
YGR246C,YGL048C,0,-5.9999194,0.1128040999174118,0.8809999823570251,0.6929000020027161
YBR236C,YLR228C,0,-6.0000596,0.11278965324163437,0.8809999823570251,0.6930000185966492
YNL053W,YOR115C,0,-6.000772,0.11277521401643753,0.8809999823570251,0.6930999755859375
YML064C,YIL022W,0,-6.0007796,0.11276078224182129,0.8809999823570251,0.6931999921798706
YDR017C,YCR073W-A,0,-6.0009317,0.11274635046720505,0.8809999823570251,0.6933000087738037
YGL028C,YLR298C,0,-6.001019,0.1127319261431694,0.8809999823570251,0.6934000253677368
YKR036C,YLR305C,0,-6.001057,0.11271750181913376,0.8809999823570251,0.6934999823570251
YDR375C,YDR331W,0,-6.0011096,0.11270308494567871,0.8809999823570251,0.6935999989509583
YFL057C,YPL037C,0,-6.001246,0.11268866807222366,0.8809999823570251,0.6937000155448914
YKL186C,YMR236W,0,-6.001253,0.11267425864934921,0.8809999823570251,0.6937999725341797
YDR480W,YDR201W,0,-6.001279,0.11265984922647476,0.8809999823570251,0.6938999891281128
YOR354C,YOR115C,0,-6.0012884,0.11264543980360031,0.8809999823570251,0.6940000057220459
YBR202W,YKR026C,0,-6.001799,0.11263103783130646,0.8809999823570251,0.694100022315979
YBL019W,YNL119W,0,-6.001961,0.1126166433095932,0.8809999823570251,0.6941999793052673
YGL206C,YJL148W,0,-6.0019956,0.11260224878787994,0.8809999823570251,0.6942999958992004
YJR158W,YDR238C,0,-6.0020013,0.11258786171674728,0.8809999823570251,0.6944000124931335
YGL213C,YBL075C,0,-6.0020423,0.11257347464561462,0.8809999823570251,0.6945000290870667
YGL240W,YOL143C,0,-6.0021987,0.11255908757448196,0.8809999823570251,0.694599986076355
YLR044C,YJR126C,0,-6.002396,0.1125447079539299,0.8809999823570251,0.6947000026702881
YDR330W,YCL063W,0,-6.0025034,0.11253033578395844,0.8809999823570251,0.6948000192642212
YNL325C,YIR018W,0,-6.0025926,0.11251596361398697,0.8809999823570251,0.6948999762535095
YIL036W,YHR041C,0,-6.002638,0.1125015988945961,0.8809999823570251,0.6949999928474426
YDR288W,YHR027C,0,-6.0029693,0.11248723417520523,0.8809999823570251,0.6951000094413757
YPL149W,YMR079W,0,-6.00299,0.11247286945581436,0.8809999823570251,0.6952000260353088
YJL001W,YOR329C,0,-6.003099,0.11245851218700409,0.8809999823570251,0.6952999830245972
YPR075C,YNL047C,0,-6.0034194,0.11244416236877441,0.8809999823570251,0.6953999996185303
YPL040C,YKL089W,0,-6.003426,0.11242981255054474,0.8809999823570251,0.6955000162124634
YKR029C,YNL070W,0,-6.0034266,0.11241546273231506,0.8809999823570251,0.6955999732017517
YBR192W,YHR016C,0,-6.003652,0.11240112036466599,0.8809999823570251,0.6956999897956848
YMR008C,YML114C,0,-6.003695,0.1123867854475975,0.8809999823570251,0.6958000063896179
YML126C,YBR107C,0,-6.003738,0.11237245053052902,0.8809999823570251,0.695900022983551
YDR039C,YGR028W,0,-6.0039573,0.11235811561346054,0.8809999823570251,0.6959999799728394
YEL062W,YIL120W,0,-6.0042157,0.11234378814697266,0.8809999823570251,0.6960999965667725
YGR055W,YIL126W,0,-6.004273,0.11232946813106537,0.8809999823570251,0.6962000131607056
YGR088W,YNL154C,0,-6.0043035,0.11231514811515808,0.8809999823570251,0.6963000297546387
YNR013C,YPR102C,0,-6.0044923,0.1123008280992508,0.8809999823570251,0.696399986743927
YDL143W,YPL083C,0,-6.0045075,0.1122865155339241,0.8809999823570251,0.6965000033378601
YFL029C,YBR294W,0,-6.0046372,0.11227220296859741,0.8809999823570251,0.6966000199317932
YAL040C,YOR157C,0,-6.0046554,0.11225789785385132,0.8809999823570251,0.6966999769210815
YLR268W,YLR135W,0,-6.0047016,0.11224360018968582,0.8809999823570251,0.6967999935150146
YOR080W,YBR079C,0,-6.004792,0.11222930252552032,0.8809999823570251,0.6969000101089478
YNL116W,YFR055W,0,-6.0049214,0.11221500486135483,0.8809999823570251,0.6970000267028809
YLL026W,YIL138C,0,-6.0050626,0.11220071464776993,0.8809999823570251,0.6970999836921692
YFL002C,YEL002C,0,-6.005296,0.11218642443418503,0.8809999823570251,0.6972000002861023
YKL110C,YNR015W,1,-6.0054946,0.11229946464300156,0.8820000290870667,0.6972000002861023
YHR102W,YLR332W,0,-6.0057235,0.11228516697883606,0.8820000290870667,0.6973000168800354
YGR083C,YNL030W,0,-6.005791,0.11227087676525116,0.8820000290870667,0.6973999738693237
YER143W,YLR371W,0,-6.00604,0.11225658655166626,0.8820000290870667,0.6974999904632568
YPR017C,YEL069C,0,-6.0060573,0.11224230378866196,0.8820000290870667,0.6976000070571899
YLR295C,YPL042C,0,-6.0061197,0.11222802102565765,0.8820000290870667,0.697700023651123
YLR265C,YJL192C,0,-6.006406,0.11221373826265335,0.8820000290870667,0.6977999806404114
YGL155W,YNL263C,0,-6.006559,0.11219946295022964,0.8820000290870667,0.6978999972343445
YDL052C,YML025C,0,-6.0065694,0.11218519508838654,0.8820000290870667,0.6980000138282776
YKR039W,YDL207W,0,-6.006668,0.11217092722654343,0.8820000290870667,0.6980999708175659
YLR201C,YBR199W,0,-6.007529,0.11215666681528091,0.8820000290870667,0.698199987411499
YOR160W,YOL034W,0,-6.0076346,0.1121424064040184,0.8820000290870667,0.6983000040054321
YNL075W,YNR015W,1,-6.0078187,0.1122552752494812,0.8830000162124634,0.6983000040054321
YLR260W,YLR350W,0,-6.0079226,0.11224100738763809,0.8830000162124634,0.6984000205993652
YOL027C,YJR102C,0,-6.0079713,0.11222673952579498,0.8830000162124634,0.6984999775886536
YGR077C,YKL145W,0,-6.0080323,0.11221247911453247,0.8830000162124634,0.6985999941825867
YDL008W,YOR380W,0,-6.0081024,0.11219821870326996,0.8830000162124634,0.6987000107765198
YDR337W,YLR193C,0,-6.008146,0.11218396574258804,0.8830000162124634,0.6988000273704529
YFR047C,YNL325C,0,-6.0083923,0.11216971278190613,0.8830000162124634,0.6988999843597412
YKL192C,YCL063W,0,-6.0086374,0.11215546727180481,0.8830000162124634,0.6990000009536743
YKL143W,YER120W,0,-6.0089326,0.11214122176170349,0.8830000162124634,0.6991000175476074
YDL078C,YDR176W,0,-6.0090976,0.11212698370218277,0.8830000162124634,0.6991999745368958
YNL270C,YDR309C,0,-6.0091085,0.11211274564266205,0.8830000162124634,0.6992999911308289
YPL259C,YER129W,0,-6.0091295,0.11209851503372192,0.8830000162124634,0.699400007724762
YHR082C,YMR177W,0,-6.0092874,0.1120842844247818,0.8830000162124634,0.6995000243186951
YBR110W,YKL166C,0,-6.009436,0.11207006126642227,0.8830000162124634,0.6995999813079834
YLL026W,YER041W,0,-6.0094414,0.11205583810806274,0.8830000162124634,0.6996999979019165
YPL093W,YMR293C,0,-6.009466,0.11204162240028381,0.8830000162124634,0.6998000144958496
YHR190W,YER178W,0,-6.009644,0.11202740669250488,0.8830000162124634,0.6998999714851379
YML113W,YHR059W,0,-6.0097423,0.11201319098472595,0.8830000162124634,0.699999988079071
YOR355W,YDL106C,0,-6.009955,0.11199898272752762,0.8830000162124634,0.7001000046730042
YGR077C,YDR409W,0,-6.010052,0.11198478192090988,0.8830000162124634,0.7002000212669373
YDL052C,YOR212W,0,-6.010122,0.11197058111429214,0.8830000162124634,0.7002999782562256
YIL121W,YDR487C,0,-6.0102344,0.11195638030767441,0.8830000162124634,0.7003999948501587
YGR163W,YLR260W,0,-6.0102763,0.11194218695163727,0.8830000162124634,0.7005000114440918
YGL251C,YMR308C,0,-6.010375,0.11192800104618073,0.8830000162124634,0.7006000280380249
YOR032C,YGR222W,0,-6.010569,0.11191381514072418,0.8830000162124634,0.7006999850273132
YML048W,YNL206C,0,-6.0105834,0.11189962923526764,0.8830000162124634,0.7008000016212463
YJR158W,YDL128W,0,-6.010674,0.1118854507803917,0.8830000162124634,0.7009000182151794
YER146W,YGR171C,0,-6.010726,0.11187127977609634,0.8830000162124634,0.7009999752044678
YIR008C,YLR337C,0,-6.010757,0.111857108771801,0.8830000162124634,0.7010999917984009
YGL027C,YDR288W,0,-6.010837,0.11184293776750565,0.8830000162124634,0.701200008392334
YCR092C,YKR046C,0,-6.010934,0.1118287742137909,0.8830000162124634,0.7013000249862671
YFR051C,YDR322C-A,0,-6.0109673,0.11181461066007614,0.8830000162124634,0.7013999819755554
YNL084C,YJR044C,0,-6.0110073,0.11180045455694199,0.8830000162124634,0.7014999985694885
YNL027W,YDR477W,0,-6.0110407,0.11178629845380783,0.8830000162124634,0.7016000151634216
YOR204W,YIL010W,0,-6.011046,0.11177214980125427,0.8830000162124634,0.70169997215271
YHR053C,YDL111C,0,-6.0113206,0.11175800859928131,0.8830000162124634,0.7017999887466431
YHR191C,YMR263W,0,-6.011426,0.11174385994672775,0.8830000162124634,0.7019000053405762
YAL021C,YNL244C,0,-6.011488,0.11172972619533539,0.8830000162124634,0.7020000219345093
YOL133W,YNL044W,0,-6.0115743,0.11171558499336243,0.8830000162124634,0.7020999789237976
YIR004W,YBR015C,0,-6.0116563,0.11170145124197006,0.8830000162124634,0.7021999955177307
YKL195W,YGR199W,0,-6.0119114,0.1116873249411583,0.8830000162124634,0.7023000121116638
YJL020C,YMR135C,0,-6.0122657,0.11167319864034653,0.8830000162124634,0.7024000287055969
YMR008C,YNR011C,0,-6.0123286,0.11165907979011536,0.8830000162124634,0.7024999856948853
YHR166C,YGR172C,0,-6.0124226,0.11164496093988419,0.8830000162124634,0.7026000022888184
YCL026C-A,YAL032C,0,-6.012423,0.11163084954023361,0.8830000162124634,0.7027000188827515
YMR150C,YKL051W,0,-6.012444,0.11161673814058304,0.8830000162124634,0.7027999758720398
YOL021C,YHR075C,0,-6.012925,0.11160262674093246,0.8830000162124634,0.7028999924659729
YCR065W,YOL108C,0,-6.013063,0.11158852279186249,0.8830000162124634,0.703000009059906
YBL025W,YGR241C,0,-6.0132537,0.11157442629337311,0.8830000162124634,0.7031000256538391
YDR265W,YLL024C,0,-6.0132833,0.11156032979488373,0.8830000162124634,0.7031999826431274
YMR060C,YGR090W,0,-6.0133233,0.11154623329639435,0.8830000162124634,0.7032999992370605
YNL091W,YNL016W,0,-6.0133777,0.11153214424848557,0.8830000162124634,0.7034000158309937
YGL222C,YLR200W,0,-6.013513,0.11151806265115738,0.8830000162124634,0.703499972820282
YLR319C,YFL021W,0,-6.013596,0.1115039810538292,0.8830000162124634,0.7035999894142151
YJL209W,YER162C,0,-6.013655,0.11148989945650101,0.8830000162124634,0.7037000060081482
YMR060C,YER093C,0,-6.013956,0.11147582530975342,0.8830000162124634,0.7038000226020813
YMR182C,YNL032W,0,-6.014369,0.11146175116300583,0.8830000162124634,0.7038999795913696
YDL005C,YLR119W,0,-6.014499,0.11144768446683884,0.8830000162124634,0.7039999961853027
YIL040W,YDR365C,0,-6.0147614,0.11143361777067184,0.8830000162124634,0.7041000127792358
YMR100W,YMR089C,0,-6.0147696,0.11141955852508545,0.8830000162124634,0.704200029373169
YDR356W,YDR218C,0,-6.0148835,0.11140549927949905,0.8830000162124634,0.7042999863624573
YDR299W,YOR265W,0,-6.0149636,0.11139144748449326,0.8830000162124634,0.7044000029563904
YEL022W,YLR254C,0,-6.0150585,0.11137739568948746,0.8830000162124634,0.7045000195503235
YJL209W,YML112W,0,-6.015185,0.11136335134506226,0.8830000162124634,0.7045999765396118
YOR321W,YML043C,0,-6.0153565,0.11134930700063705,0.8830000162124634,0.7046999931335449
YKL206C,YHR053C,0,-6.015559,0.11133527010679245,0.8830000162124634,0.704800009727478
YOR037W,YBR091C,0,-6.015942,0.11132123321294785,0.8830000162124634,0.7049000263214111
YDR480W,YHR077C,0,-6.015982,0.11130719631910324,0.8830000162124634,0.7049999833106995
YKL005C,YMR113W,0,-6.016186,0.11129316687583923,0.8830000162124634,0.7050999999046326
YDR017C,YPR070W,0,-6.01621,0.11127914488315582,0.8830000162124634,0.7052000164985657
YOL049W,YOL013C,0,-6.016289,0.11126512289047241,0.8830000162124634,0.705299973487854
YNL291C,YER075C,0,-6.016374,0.111251100897789,0.8830000162124634,0.7053999900817871
YPL060W,YDR463W,0,-6.0168147,0.11123708635568619,0.8830000162124634,0.7055000066757202
YNR043W,YKL019W,0,-6.0171175,0.11122307926416397,0.8830000162124634,0.7056000232696533
YNL006W,YOR188W,0,-6.017198,0.11120906472206116,0.8830000162124634,0.7056999802589417
YOR208W,YDR201W,0,-6.017258,0.11119506508111954,0.8830000162124634,0.7057999968528748
YPL132W,YPL239W,0,-6.0173736,0.11118106544017792,0.8830000162124634,0.7059000134468079
YMR116C,YPR198W,0,-6.017406,0.1111670657992363,0.8830000162124634,0.7059999704360962
YNL166C,YDR382W,0,-6.0174804,0.11115307360887527,0.8830000162124634,0.7060999870300293
YDR260C,YGR048W,0,-6.017508,0.11113908141851425,0.8830000162124634,0.7062000036239624
YDR153C,YMR235C,0,-6.017581,0.11112509667873383,0.8830000162124634,0.7063000202178955
YKL172W,YBR295W,0,-6.0176272,0.1111111119389534,0.8830000162124634,0.7063999772071838
YBL015W,YNL080C,0,-6.017675,0.11109713464975357,0.8830000162124634,0.7064999938011169
YBL057C,YOL020W,0,-6.017744,0.11108315736055374,0.8830000162124634,0.70660001039505
YDL006W,YCR073W-A,0,-6.01813,0.11106918007135391,0.8830000162124634,0.7067000269889832
YDR151C,YLR167W,0,-6.018225,0.11105521023273468,0.8830000162124634,0.7067999839782715
YLR205C,YPL145C,0,-6.018274,0.11104124784469604,0.8830000162124634,0.7069000005722046
YDR270W,YDR353W,0,-6.0185733,0.11102728545665741,0.8830000162124634,0.7070000171661377
YBR202W,YBR170C,0,-6.018575,0.11101332306861877,0.8830000162124634,0.707099974155426
YJL087C,YHR135C,0,-6.018643,0.11099936813116074,0.8830000162124634,0.7071999907493591
YJR092W,YNL214W,0,-6.018682,0.1109854206442833,0.8830000162124634,0.7073000073432922
YML102W,YBR080C,0,-6.0187597,0.11097147315740585,0.8830000162124634,0.7074000239372253
YLR160C,YOR098C,0,-6.0187955,0.11095752567052841,0.8830000162124634,0.7074999809265137
YHL024W,YLR200W,0,-6.018872,0.11094358563423157,0.8830000162124634,0.7075999975204468
YPL200W,YNR011C,0,-6.019179,0.11092964559793472,0.8830000162124634,0.7077000141143799
YDR098C,YKR028W,0,-6.0191813,0.11091571301221848,0.8830000162124634,0.7077999711036682
YGR095C,YCL063W,0,-6.019357,0.11090178042650223,0.8830000162124634,0.7078999876976013
YAL059W,YJL056C,0,-6.0194216,0.11088785529136658,0.8830000162124634,0.7080000042915344
YHR085W,YOL148C,0,-6.0196013,0.11087393015623093,0.8830000162124634,0.7081000208854675
YGR179C,YOL020W,0,-6.0198436,0.11086001247167587,0.8830000162124634,0.7081999778747559
YLR431C,YGL012W,0,-6.020152,0.11084609478712082,0.8830000162124634,0.708299994468689
YGL219C,YML064C,0,-6.02018,0.11083218455314636,0.8830000162124634,0.7084000110626221
YOR304W,YMR036C,0,-6.0203757,0.1108182743191719,0.8830000162124634,0.7085000276565552
YJL098W,YDL052C,0,-6.0204515,0.11080436408519745,0.8830000162124634,0.7085999846458435
YNR016C,YBR017C,0,-6.020763,0.11079046130180359,0.8830000162124634,0.7087000012397766
YKL191W,YOR284W,0,-6.020766,0.11077656596899033,0.8830000162124634,0.7088000178337097
YMR275C,YLR398C,0,-6.021363,0.11076267063617706,0.8830000162124634,0.708899974822998
YNR043W,YOL115W,0,-6.021897,0.1107487753033638,0.8830000162124634,0.7089999914169312
YDR108W,YIL120W,0,-6.021914,0.11073488742113113,0.8830000162124634,0.7091000080108643
YGL020C,YGL225W,0,-6.022034,0.11072099953889847,0.8830000162124634,0.7092000246047974
YGR222W,YJL148W,0,-6.022041,0.1107071191072464,0.8830000162124634,0.7092999815940857
YLR015W,YIL073C,0,-6.0223775,0.11069324612617493,0.8830000162124634,0.7093999981880188
YLR405W,YKL110C,1,-6.0226235,0.1108047142624855,0.8840000033378601,0.7093999981880188
YLR114C,YPL060W,0,-6.022674,0.11079082638025284,0.8840000033378601,0.7095000147819519
YGR288W,YHR197W,0,-6.022885,0.11077694594860077,0.8840000033378601,0.7095999717712402
YLR371W,YDR472W,0,-6.0230055,0.1107630655169487,0.8840000033378601,0.7096999883651733
YLR115W,YJR143C,0,-6.023138,0.11074918508529663,0.8840000033378601,0.7098000049591064
YFL029C,YKL021C,0,-6.023192,0.11073531210422516,0.8840000033378601,0.7099000215530396
YMR184W,YKR029C,0,-6.0234146,0.11072144657373428,0.8840000033378601,0.7099999785423279
YDL138W,YPR139C,0,-6.0236506,0.11070757359266281,0.8840000033378601,0.710099995136261
YHR191C,YPL120W,0,-6.023766,0.11069371551275253,0.8840000033378601,0.7102000117301941
YFR047C,YOR363C,0,-6.023802,0.11067985743284225,0.8840000033378601,0.7103000283241272
YIL014W,YHR069C,0,-6.023809,0.11066599935293198,0.8840000033378601,0.7103999853134155
YMR198W,YGL058W,0,-6.0238814,0.1106521487236023,0.8840000033378601,0.7105000019073486
YOL104C,YEL051W,0,-6.0240626,0.11063829809427261,0.8840000033378601,0.7106000185012817
YPL195W,YML029W,0,-6.024303,0.11062445491552353,0.8840000033378601,0.7106999754905701
YER020W,YBR009C,0,-6.0243564,0.11061061173677444,0.8840000033378601,0.7107999920845032
YDL079C,YJR110W,0,-6.0245523,0.11059676855802536,0.8840000033378601,0.7109000086784363
YBR109C,YLL013C,0,-6.024615,0.11058294028043747,0.8840000033378601,0.7110000252723694
YPL271W,YBR179C,0,-6.024652,0.11056910455226898,0.8840000033378601,0.7110999822616577
YJL065C,YLR095C,0,-6.0247245,0.11055527627468109,0.8840000033378601,0.7111999988555908
YER179W,YMR091C,0,-6.024845,0.1105414554476738,0.8840000033378601,0.7113000154495239
YGR163W,YBL035C,0,-6.024858,0.1105276346206665,0.8840000033378601,0.7113999724388123
YDL088C,YJL034W,0,-6.0248947,0.11051381379365921,0.8840000033378601,0.7114999890327454
YML077W,YJL129C,0,-6.025005,0.11050000041723251,0.8840000033378601,0.7116000056266785
YHR053C,YNR054C,0,-6.025089,0.11048618704080582,0.8840000033378601,0.7117000222206116
YGL054C,YHR082C,0,-6.0251184,0.11047238111495972,0.8840000033378601,0.7117999792098999
YOL139C,YIR018W,0,-6.0251946,0.11045857518911362,0.8840000033378601,0.711899995803833
YLR127C,YPL177C,0,-6.025272,0.11044477671384811,0.8840000033378601,0.7120000123977661
YFL037W,YJL069C,0,-6.0254135,0.11043097823858261,0.8840000033378601,0.7121000289916992
YHR193C,YBR260C,0,-6.025507,0.1104171872138977,0.8840000033378601,0.7121999859809875
YGL144C,YCR061W,0,-6.025735,0.1104033961892128,0.8840000033378601,0.7123000025749207
YIL030C,YPL057C,0,-6.025821,0.11038961261510849,0.8840000033378601,0.7124000191688538
YGR247W,YJL176C,0,-6.026152,0.11037582904100418,0.8840000033378601,0.7124999761581421
YJR091C,YML024W,0,-6.0262146,0.11036204546689987,0.8840000033378601,0.7125999927520752
YDR418W,YGR279C,0,-6.0262427,0.11034826934337616,0.8840000033378601,0.7127000093460083
YCL034W,YOR344C,0,-6.026402,0.11033450067043304,0.8840000033378601,0.7128000259399414
YOR032C,YLR254C,0,-6.0264583,0.11032073199748993,0.8840000033378601,0.7128999829292297
YGL018C,YMR112C,0,-6.026646,0.11030696332454681,0.8840000033378601,0.7129999995231628
YNL139C,YMR088C,0,-6.026895,0.1102932021021843,0.8840000033378601,0.713100016117096
YPL228W,YNL293W,0,-6.0269065,0.11027944087982178,0.8840000033378601,0.7131999731063843
YLL050C,YHR172W,0,-6.0269628,0.11026568710803986,0.8840000033378601,0.7132999897003174
YHR084W,YDR341C,0,-6.027249,0.11025193333625793,0.8840000033378601,0.7134000062942505
YNL182C,YDL097C,0,-6.0273385,0.11023818701505661,0.8840000033378601,0.7135000228881836
YOR063W,YHR181W,0,-6.0273976,0.11022444069385529,0.8840000033378601,0.7135999798774719
YDR524C,YMR006C,0,-6.0275865,0.11021069437265396,0.8840000033378601,0.713699996471405
YIR021W,YPL154C,0,-6.02793,0.11019695550203323,0.8840000033378601,0.7138000130653381
YDL006W,YKL080W,0,-6.0282445,0.1101832240819931,0.8840000033378601,0.7139000296592712
YGL247W,YLR193C,0,-6.0284686,0.11016949266195297,0.8840000033378601,0.7139999866485596
YBL002W,YGR070W,0,-6.028494,0.11015576124191284,0.8840000033378601,0.7141000032424927
YDR078C,YNL066W,0,-6.028648,0.11014203727245331,0.8840000033378601,0.7142000198364258
YER056C,YMR192W,0,-6.0287094,0.11012831330299377,0.8840000033378601,0.7142999768257141
YOL133W,YML128C,0,-6.028852,0.11011459678411484,0.8840000033378601,0.7143999934196472
YLR342W,YOR266W,0,-6.0288577,0.1101008877158165,0.8840000033378601,0.7145000100135803
YBR060C,YOR281C,0,-6.028963,0.11008717119693756,0.8840000033378601,0.7146000266075134
YIR004W,YBR050C,0,-6.028999,0.11007346212863922,0.8840000033378601,0.7146999835968018
YJL065C,YGR133W,0,-6.0292068,0.11005976051092148,0.8840000033378601,0.7148000001907349
YOL065C,YIL085C,0,-6.0293427,0.11004605889320374,0.8840000033378601,0.714900016784668
YDR158W,YNL066W,0,-6.0295606,0.11003236472606659,0.8840000033378601,0.7149999737739563
YAL044C,YER146W,0,-6.0295806,0.11001867055892944,0.8840000033378601,0.7150999903678894
YGR063C,YOR106W,0,-6.02972,0.1100049763917923,0.8840000033378601,0.7152000069618225
YKL194C,YFR003C,0,-6.029928,0.10999128967523575,0.8840000033378601,0.7153000235557556
YPR111W,YPR198W,0,-6.0299325,0.1099776029586792,0.8840000033378601,0.715399980545044
YHR143W,YER041W,0,-6.029946,0.10996392369270325,0.8840000033378601,0.715499997138977
YIL009C-A,YJR050W,0,-6.0299935,0.10995025187730789,0.8840000033378601,0.7156000137329102
YLR233C,YPR009W,0,-6.0303125,0.10993657261133194,0.8840000033378601,0.7156999707221985
YNL014W,YER068W,0,-6.030399,0.10992290824651718,0.8840000033378601,0.7157999873161316
YMR207C,YJR118C,0,-6.0304103,0.10990923643112183,0.8840000033378601,0.7159000039100647
YDL166C,YJL133W,0,-6.03059,0.10989557206630707,0.8840000033378601,0.7160000205039978
YEL016C,YNL128W,0,-6.0308566,0.1098819151520729,0.8840000033378601,0.7160999774932861
YNL062C,YMR023C,1,-6.03087,0.10999254137277603,0.8849999904632568,0.7160999774932861
YPR138C,YJR002W,0,-6.030993,0.10997887700796127,0.8849999904632568,0.7161999940872192
YGR014W,YNL088W,0,-6.0311046,0.10996520519256592,0.8849999904632568,0.7163000106811523
YGR088W,YOL133W,0,-6.0311766,0.10995154827833176,0.8849999904632568,0.7164000272750854
YJL008C,YPR102C,0,-6.031344,0.1099378913640976,0.8849999904632568,0.7164999842643738
YJL003W,YPR075C,0,-6.031487,0.10992423444986343,0.8849999904632568,0.7166000008583069
YLR191W,YOR145C,0,-6.031546,0.10991057753562927,0.8849999904632568,0.71670001745224
YPR111W,YLR357W,0,-6.0315933,0.1098969355225563,0.8849999904632568,0.7167999744415283
YFL060C,YOR272W,0,-6.0316205,0.10988328605890274,0.8849999904632568,0.7168999910354614
YHR158C,YMR229C,0,-6.03175,0.10986964404582977,0.8849999904632568,0.7170000076293945
YGL213C,YNL243W,0,-6.0318,0.1098560094833374,0.8849999904632568,0.7171000242233276
YGL012W,YER049W,0,-6.0320344,0.10984237492084503,0.8849999904632568,0.717199981212616
YHR102W,YGR141W,0,-6.032208,0.10982874035835266,0.8849999904632568,0.7172999978065491
YPL194W,YDR121W,0,-6.032314,0.10981511324644089,0.8849999904632568,0.7174000144004822
YBR155W,YGR080W,0,-6.03303,0.10980148613452911,0.8849999904632568,0.7174999713897705
YKR002W,YDR308C,0,-6.033049,0.10978786647319794,0.8849999904632568,0.7175999879837036
YGR252W,YMR293C,0,-6.033199,0.10977424681186676,0.8849999904632568,0.7177000045776367
YLR022C,YOL091W,0,-6.0332413,0.10976063460111618,0.8849999904632568,0.7178000211715698
YLR423C,YPL177C,0,-6.0333896,0.1097470223903656,0.8849999904632568,0.7178999781608582
YJL020C,YOR232W,0,-6.0334067,0.10973341763019562,0.8849999904632568,0.7179999947547913
YDR516C,YBR060C,0,-6.0335193,0.10971981287002563,0.8849999904632568,0.7181000113487244
YHR056C,YKL034W,0,-6.0335984,0.10970620810985565,0.8849999904632568,0.7182000279426575
YKL073W,YIL039W,0,-6.033607,0.10969261080026627,0.8849999904632568,0.7182999849319458
YKR019C,YGL028C,0,-6.0337386,0.10967902094125748,0.8849999904632568,0.7184000015258789
YGL192W,YGR024C,1,-6.0337434,0.10978934168815613,0.8859999775886536,0.7184000015258789
YJL178C,YJL004C,0,-6.03375,0.10977573692798615,0.8859999775886536,0.718500018119812
YOR298C-A,YNL044W,0,-6.0340037,0.10976213961839676,0.8859999775886536,0.7185999751091003
YNL142W,YOL100W,0,-6.0341363,0.10974854230880737,0.8859999775886536,0.7186999917030334
YGL111W,YLR135W,0,-6.034411,0.10973495244979858,0.8859999775886536,0.7188000082969666
YLR190W,YMR030W,0,-6.0344224,0.1097213625907898,0.8859999775886536,0.7189000248908997
YPL132W,YMR319C,0,-6.0345864,0.109707772731781,0.8859999775886536,0.718999981880188
YPL001W,YPL206C,0,-6.0346274,0.10969419032335281,0.8859999775886536,0.7190999984741211
YBR029C,YIR018W,0,-6.034628,0.10968061536550522,0.8859999775886536,0.7192000150680542
YOR001W,YJL074C,0,-6.0347714,0.10966704040765762,0.8859999775886536,0.7192999720573425
YDR040C,YGR193C,0,-6.034877,0.10965346544981003,0.8859999775886536,0.7193999886512756
YML051W,YDR218C,0,-6.035119,0.10963989794254303,0.8859999775886536,0.7195000052452087
YER083C,YNL093W,0,-6.035191,0.10962633043527603,0.8859999775886536,0.7196000218391418
YNL116W,YHR066W,0,-6.0352225,0.10961277037858963,0.8859999775886536,0.7196999788284302
YPR051W,YMR091C,0,-6.0353093,0.10959921032190323,0.8859999775886536,0.7197999954223633
YGR097W,YHR143W,0,-6.035314,0.10958565026521683,0.8859999775886536,0.7199000120162964
YDL006W,YDR145W,0,-6.0355144,0.10957209765911102,0.8859999775886536,0.7200000286102295
YBR164C,YCR002C,0,-6.03552,0.10955855250358582,0.8859999775886536,0.7200999855995178
YMR041C,YER056C,0,-6.035551,0.10954500734806061,0.8859999775886536,0.7202000021934509
YDL113C,YHR118C,0,-6.0356407,0.1095314621925354,0.8859999775886536,0.720300018787384
YMR048W,YGR094W,0,-6.0358615,0.10951792448759079,0.8859999775886536,0.7203999757766724
YJR083C,YKL079W,0,-6.03589,0.10950438678264618,0.8859999775886536,0.7204999923706055
YNL130C,YLL008W,0,-6.03599,0.10949085652828217,0.8859999775886536,0.7206000089645386
YMR083W,YDR376W,0,-6.0361714,0.10947732627391815,0.8859999775886536,0.7207000255584717
YLR399C,YMR100W,0,-6.0363374,0.10946380347013474,0.8859999775886536,0.72079998254776
YDR461W,YOR008C,0,-6.036524,0.10945028066635132,0.8859999775886536,0.7208999991416931
YBR297W,YPL140C,0,-6.0366845,0.1094367578625679,0.8859999775886536,0.7210000157356262
YBL002W,YDR156W,0,-6.0368,0.10942324250936508,0.8859999775886536,0.7210999727249146
YPR019W,YDR288W,0,-6.0368767,0.10940972715616226,0.8859999775886536,0.7211999893188477
YBR289W,YOR344C,0,-6.037048,0.10939621925354004,0.8859999775886536,0.7213000059127808
YOL016C,YDR532C,0,-6.037147,0.10938271880149841,0.8859999775886536,0.7214000225067139
YDL154W,YMR267W,0,-6.037165,0.10936921089887619,0.8859999775886536,0.7214999794960022
YKR002W,YML021C,0,-6.0372725,0.10935571789741516,0.8859999775886536,0.7215999960899353
YPL036W,YDR088C,0,-6.0373034,0.10934221744537354,0.8859999775886536,0.7217000126838684
YOR243C,YML014W,1,-6.0373855,0.10945212095975876,0.8870000243186951,0.7217000126838684
YGL245W,YKL130C,0,-6.037397,0.10943862050771713,0.8870000243186951,0.7218000292778015
YJR139C,YEL051W,0,-6.037439,0.1094251200556755,0.8870000243186951,0.7218999862670898
YHR015W,YOR151C,0,-6.0375905,0.10941161960363388,0.8870000243186951,0.722000002861023
YNL220W,YMR048W,0,-6.0376687,0.10939812660217285,0.8870000243186951,0.722100019454956
YHR150W,YLR055C,0,-6.0377955,0.10938463360071182,0.8870000243186951,0.7221999764442444
YPL135W,YHR203C,0,-6.0379567,0.10937114804983139,0.8870000243186951,0.7222999930381775
YKL192C,YDL178W,0,-6.0379825,0.10935766249895096,0.8870000243186951,0.7224000096321106
YAR015W,YIL149C,0,-6.038006,0.10934418439865112,0.8870000243186951,0.7225000262260437
YKL204W,YPL050C,0,-6.0381103,0.10933070629835129,0.8870000243186951,0.722599983215332
YGR140W,YOL145C,0,-6.038489,0.10931722819805145,0.8870000243186951,0.7226999998092651
YLR088W,YDR058C,0,-6.0384927,0.10930375754833221,0.8870000243186951,0.7228000164031982
YNL123W,YBR228W,0,-6.038688,0.10929029434919357,0.8870000243186951,0.7228999733924866
YNL020C,YLR382C,0,-6.0387006,0.10927682369947433,0.8870000243186951,0.7229999899864197
YMR033W,YLR074C,0,-6.038737,0.10926336795091629,0.8870000243186951,0.7231000065803528
YDR301W,YOR035C,0,-6.0388494,0.10924990475177765,0.8870000243186951,0.7232000231742859
YDL047W,YHR178W,0,-6.03897,0.1092364564538002,0.8870000243186951,0.7232999801635742
YMR214W,YOL102C,0,-6.039023,0.10922300070524216,0.8870000243186951,0.7233999967575073
YJL095W,YMR052W,0,-6.039097,0.10920955240726471,0.8870000243186951,0.7235000133514404
YMR069W,YGL092W,0,-6.0391726,0.10919611155986786,0.8870000243186951,0.7235999703407288
YKL191W,YBR043C,0,-6.0391808,0.10918267071247101,0.8870000243186951,0.7236999869346619
YBR092C,YBR182C,0,-6.0392394,0.10916922986507416,0.8870000243186951,0.723800003528595
YOR362C,YDL060W,0,-6.03928,0.1091557964682579,0.8870000243186951,0.7239000201225281
YHR036W,YLR097C,0,-6.039452,0.10914236307144165,0.8870000243186951,0.7239999771118164
YOR026W,YNL027W,0,-6.0397286,0.109128937125206,0.8870000243186951,0.7240999937057495
YLL001W,YDR146C,0,-6.040171,0.10911551117897034,0.8870000243186951,0.7242000102996826
YHR074W,YPL057C,0,-6.04018,0.10910209268331528,0.8870000243186951,0.7243000268936157
YLR115W,YAL033W,0,-6.0402493,0.10908867418766022,0.8870000243186951,0.724399983882904
YDR217C,YLR292C,0,-6.0404177,0.10907525569200516,0.8870000243186951,0.7245000004768372
YNL047C,YKR037C,0,-6.040471,0.1090618446469307,0.8870000243186951,0.7246000170707703
YGR288W,YBL058W,0,-6.040649,0.10904844105243683,0.8870000243186951,0.7246999740600586
YNL333W,YKL119C,0,-6.0407224,0.10903503745794296,0.8870000243186951,0.7247999906539917
YLR044C,YBL030C,0,-6.040873,0.1090216338634491,0.8870000243186951,0.7249000072479248
YOR239W,YOL063C,0,-6.041085,0.10900823026895523,0.8870000243186951,0.7250000238418579
YCR010C,YLR309C,0,-6.041103,0.10899484157562256,0.8870000243186951,0.7250999808311462
YHR174W,YDR212W,0,-6.0415015,0.10898144543170929,0.8870000243186951,0.7251999974250793
YKL025C,YBR257W,0,-6.04154,0.10896805673837662,0.8870000243186951,0.7253000140190125
YPL029W,YIL135C,0,-6.0416713,0.10895467549562454,0.8870000243186951,0.7253999710083008
YDL145C,YJL133W,0,-6.0416865,0.10894129425287247,0.8870000243186951,0.7254999876022339
YHR120W,YDL236W,0,-6.0418286,0.10892791301012039,0.8870000243186951,0.725600004196167
YDL115C,YJL002C,0,-6.041988,0.10891453921794891,0.8870000243186951,0.7257000207901001
YBR215W,YDR078C,0,-6.042437,0.10890116542577744,0.8870000243186951,0.7257999777793884
YMR299C,YJL192C,0,-6.0427594,0.10888779908418655,0.8870000243186951,0.7258999943733215
YOR201C,YDL036C,1,-6.042983,0.1089971736073494,0.8880000114440918,0.7258999943733215
YJL104W,YHR034C,0,-6.043019,0.10898379981517792,0.8880000114440918,0.7260000109672546
YGR120C,YNL287W,0,-6.043074,0.10897042602300644,0.8880000114440918,0.7261000275611877
YLR372W,YOR344C,0,-6.043239,0.10895705223083496,0.8880000114440918,0.7261999845504761
YLR260W,YGR063C,0,-6.043329,0.10894368588924408,0.8880000114440918,0.7263000011444092
YBL019W,YIL084C,0,-6.043411,0.1089303269982338,0.8880000114440918,0.7264000177383423
YML099C,YMR117C,0,-6.043447,0.10891696065664291,0.8880000114440918,0.7264999747276306
YOR261C,YKR008W,0,-6.043689,0.10890360921621323,0.8880000114440918,0.7265999913215637
YEL003W,YPL053C,0,-6.0437036,0.10889025032520294,0.8880000114440918,0.7267000079154968
YHR056C,YLR378C,0,-6.043835,0.10887689888477325,0.8880000114440918,0.7268000245094299
YGR006W,YBR152W,0,-6.0438848,0.10886355489492416,0.8880000114440918,0.7268999814987183
YDR085C,YBR198C,0,-6.044019,0.10885021090507507,0.8880000114440918,0.7269999980926514
YOL156W,YGR028W,0,-6.0444007,0.10883686691522598,0.8880000114440918,0.7271000146865845
YDR498C,YJL187C,0,-6.044679,0.10882353037595749,0.8880000114440918,0.7271999716758728
YBR250W,YLR385C,0,-6.0447164,0.108810193836689,0.8880000114440918,0.7272999882698059
YJL101C,YFL036W,0,-6.045117,0.1087968647480011,0.8880000114440918,0.727400004863739
YER104W,YKL166C,0,-6.045463,0.1087835356593132,0.8880000114440918,0.7275000214576721
YJR040W,YCR031C,0,-6.0454974,0.1087702140212059,0.8880000114440918,0.7275999784469604
YKL146W,YER117W,0,-6.04552,0.1087568923830986,0.8880000114440918,0.7276999950408936
YNL014W,YHR041C,0,-6.0455604,0.1087435707449913,0.8880000114440918,0.7278000116348267
YKL114C,YBL011W,0,-6.0456924,0.1087302565574646,0.8880000114440918,0.7279000282287598
YNR054C,YKR002W,0,-6.045695,0.1087169423699379,0.8880000114440918,0.7279999852180481
YDR375C,YOR290C,0,-6.0458074,0.10870363563299179,0.8880000114440918,0.7281000018119812
YNL199C,YOR007C,0,-6.0458884,0.10869032889604568,0.8880000114440918,0.7282000184059143
YMR232W,YMR156C,0,-6.046087,0.10867702960968018,0.8880000114440918,0.7282999753952026
YKR057W,YMR183C,0,-6.0460987,0.10866373032331467,0.8880000114440918,0.7283999919891357
YHR015W,YBR015C,0,-6.046225,0.10865043103694916,0.8880000114440918,0.7285000085830688
YMR277W,YJR044C,0,-6.0464,0.10863713920116425,0.8880000114440918,0.728600025177002
YPL132W,YHR019C,0,-6.0466256,0.10862385481595993,0.8880000114440918,0.7286999821662903
YMR083W,YLR451W,0,-6.046843,0.10861057043075562,0.8880000114440918,0.7287999987602234
YLR192C,YJL192C,0,-6.0470085,0.1085972860455513,0.8880000114440918,0.7289000153541565
YGL216W,YOL102C,0,-6.04703,0.10858400911092758,0.8880000114440918,0.7289999723434448
YLR355C,YPR178W,0,-6.047051,0.10857073217630386,0.8880000114440918,0.7290999889373779
YNL218W,YJL093C,0,-6.047332,0.10855745524168015,0.8880000114440918,0.729200005531311
YOL110W,YBR156C,0,-6.047426,0.10854418575763702,0.8880000114440918,0.7293000221252441
YDR512C,YPL155C,0,-6.047536,0.1085309237241745,0.8880000114440918,0.7293999791145325
YBR236C,YGR090W,0,-6.0475583,0.10851766169071198,0.8880000114440918,0.7294999957084656
YGR055W,YOR207C,0,-6.0475903,0.10850439965724945,0.8880000114440918,0.7296000123023987
YNL136W,YNL068C,0,-6.047684,0.10849114507436752,0.8880000114440918,0.7297000288963318
YDR075W,YNL334C,0,-6.0480223,0.1084778904914856,0.8880000114440918,0.7297999858856201
YDL142C,YCR012W,0,-6.0483203,0.10846463590860367,0.8880000114440918,0.7299000024795532
YER083C,YLR148W,0,-6.04837,0.10845138877630234,0.8880000114440918,0.7300000190734863
YMR073C,YNL079C,0,-6.0486197,0.1084381490945816,0.8880000114440918,0.7300999760627747
YLR221C,YER111C,0,-6.0487843,0.10842490941286087,0.8880000114440918,0.7301999926567078
YDL143W,YPR125W,0,-6.0488653,0.10841166973114014,0.8880000114440918,0.7303000092506409
YBR158W,YDR141C,0,-6.0489774,0.1083984375,0.8880000114440918,0.730400025844574
YGR083C,YBR216C,0,-6.0490036,0.10838520526885986,0.8880000114440918,0.7304999828338623
YOR100C,YNR008W,0,-6.049052,0.10837198048830032,0.8880000114440918,0.7305999994277954
YBR034C,YGR209C,0,-6.0491652,0.10835875570774078,0.8880000114440918,0.7307000160217285
YOR377W,YOR181W,0,-6.049267,0.10834553092718124,0.8880000114440918,0.7307999730110168
YKR025W,YDL244W,0,-6.049464,0.1083323135972023,0.8880000114440918,0.73089998960495
YBR050C,YDR465C,0,-6.049694,0.10831910371780396,0.8880000114440918,0.7310000061988831
YFL021W,YOL143C,0,-6.0496964,0.10830589383840561,0.8880000114440918,0.7311000227928162
YER068W,YOR353C,0,-6.049731,0.10829268395900726,0.8880000114440918,0.7311999797821045
YNL298W,YDR137W,0,-6.049745,0.10827948153018951,0.8880000114440918,0.7312999963760376
YDL101C,YOR007C,0,-6.049973,0.10826627910137177,0.8880000114440918,0.7314000129699707
YLR229C,YIL046W,0,-6.0500035,0.10825307667255402,0.8880000114440918,0.7315000295639038
YPL101W,YGL192W,1,-6.0502677,0.10836177319288254,0.8889999985694885,0.7315000295639038
YDL078C,YER003C,0,-6.0504155,0.10834857076406479,0.8889999985694885,0.7315999865531921
YBL024W,YGR024C,1,-6.050541,0.10845723003149033,0.8899999856948853,0.7315999865531921
YHR114W,YDR200C,0,-6.050677,0.10844401270151138,0.8899999856948853,0.7317000031471252
YPL094C,YLR403W,0,-6.0506864,0.10843080282211304,0.8899999856948853,0.7318000197410583
YER114C,YDR137W,0,-6.0508237,0.10841759294271469,0.8899999856948853,0.7318999767303467
YHR158C,YDR212W,0,-6.0509105,0.10840438306331635,0.8899999856948853,0.7319999933242798
YNL091W,YKR028W,0,-6.0509324,0.1083911806344986,0.8899999856948853,0.7321000099182129
YDR265W,YNR013C,0,-6.051113,0.10837798565626144,0.8899999856948853,0.732200026512146
YBL042C,YFL049W,0,-6.0511465,0.10836479067802429,0.8899999856948853,0.7322999835014343
YLR270W,YBL022C,0,-6.0512443,0.10835159569978714,0.8899999856948853,0.7324000000953674
YIL155C,YMR229C,0,-6.0512953,0.10833840817213058,0.8899999856948853,0.7325000166893005
YNL021W,YDR532C,0,-6.051583,0.10832522064447403,0.8899999856948853,0.7325999736785889
YLR175W,YGL192W,1,-6.0516477,0.10843373835086823,0.890999972820282,0.7325999736785889
YDL033C,YJL035C,1,-6.0516753,0.10854222625494003,0.8920000195503235,0.7325999736785889
YLR449W,YCL032W,0,-6.0517173,0.10852901637554169,0.8920000195503235,0.732699990272522
YDL134C,YER120W,0,-6.0517216,0.10851581394672394,0.8920000195503235,0.7328000068664551
YJL176C,YML025C,0,-6.0517993,0.10850261896848679,0.8920000195503235,0.7329000234603882
YDR512C,YDR314C,0,-6.051802,0.10848941653966904,0.8920000195503235,0.7329999804496765
YDR121W,YPL036W,0,-6.0520372,0.10847622156143188,0.8920000195503235,0.7330999970436096
YLL038C,YJR033C,0,-6.052068,0.10846303403377533,0.8920000195503235,0.7332000136375427
YML058W,YHR178W,0,-6.0521054,0.10844984650611877,0.8920000195503235,0.733299970626831
YLR371W,YDR166C,0,-6.0524154,0.10843666642904282,0.8920000195503235,0.7333999872207642
YOL126C,YDR268W,0,-6.052674,0.10842348635196686,0.8920000195503235,0.7335000038146973
YDR176W,YGR063C,0,-6.0528355,0.1084103062748909,0.8920000195503235,0.7336000204086304
YNL048W,YKL056C,0,-6.0528936,0.10839713364839554,0.8920000195503235,0.7336999773979187
YOR026W,YOR329C,0,-6.052983,0.10838396102190018,0.8920000195503235,0.7337999939918518
YLR295C,YJL104W,0,-6.0530586,0.10837079584598541,0.8920000195503235,0.7339000105857849
YNL166C,YHR133C,0,-6.0531383,0.10835763067007065,0.8920000195503235,0.734000027179718
YLR103C,YIR026C,0,-6.053167,0.10834446549415588,0.8920000195503235,0.7340999841690063
YGL173C,YOR301W,0,-6.0532136,0.10833130776882172,0.8920000195503235,0.7342000007629395
YJL122W,YOL108C,0,-6.053457,0.10831815749406815,0.8920000195503235,0.7343000173568726
YBR091C,YNL326C,0,-6.0535197,0.10830499976873398,0.8920000195503235,0.7343999743461609
YJR155W,YER072W,0,-6.053789,0.108291856944561,0.8920000195503235,0.734499990940094
YPR008W,YMR053C,0,-6.053889,0.10827870666980743,0.8920000195503235,0.7346000075340271
YMR190C,YDR341C,0,-6.0539184,0.10826556384563446,0.8920000195503235,0.7347000241279602
YPL154C,YBR103W,0,-6.0539994,0.10825242847204208,0.8920000195503235,0.7347999811172485
YLL036C,YDR320C,0,-6.054135,0.10823929309844971,0.8920000195503235,0.7348999977111816
YPL140C,YIL023C,0,-6.054335,0.10822615772485733,0.8920000195503235,0.7350000143051147
YBL063W,YEL002C,0,-6.054467,0.10821302980184555,0.8920000195503235,0.7350999712944031
YNL065W,YMR284W,0,-6.0545015,0.10819990187883377,0.8920000195503235,0.7351999878883362
YDR130C,YFL031W,0,-6.0545273,0.10818678140640259,0.8920000195503235,0.7353000044822693
YJL125C,YGL192W,1,-6.054542,0.10829493403434753,0.8930000066757202,0.7353000044822693
YPL001W,YJL154C,0,-6.054799,0.10828179866075516,0.8930000066757202,0.7354000210762024
YNL113W,YDL217C,0,-6.0549817,0.10826867073774338,0.8930000066757202,0.7354999780654907
YGL153W,YGL137W,0,-6.055119,0.1082555428147316,0.8930000066757202,0.7355999946594238
YNR038W,YLR047C,0,-6.055182,0.10824242234230042,0.8930000066757202,0.7357000112533569
YGL192W,YOR243C,1,-6.055287,0.10835050046443939,0.8939999938011169,0.7357000112533569
YBR279W,YOR179C,0,-6.0555058,0.10833737254142761,0.8939999938011169,0.73580002784729
YBR098W,YDR486C,0,-6.0555487,0.10832424461841583,0.8939999938011169,0.7358999848365784
YGR278W,YGR284C,0,-6.0556173,0.10831112414598465,0.8939999938011169,0.7360000014305115
YML051W,YER125W,0,-6.055636,0.10829800367355347,0.8939999938011169,0.7361000180244446
YKL019W,YOR045W,0,-6.0556703,0.10828488320112228,0.8939999938011169,0.7361999750137329
YGR289C,YPL139C,0,-6.0557556,0.1082717701792717,0.8939999938011169,0.736299991607666
YNL291C,YGR144W,0,-6.055823,0.10825865715742111,0.8939999938011169,0.7364000082015991
YIL044C,YDR459C,0,-6.055847,0.10824555158615112,0.8939999938011169,0.7365000247955322
YER054C,YOR341W,0,-6.056336,0.10823244601488113,0.8939999938011169,0.7365999817848206
YNR060W,YNL088W,0,-6.0566134,0.10821934044361115,0.8939999938011169,0.7366999983787537
YJL095W,YFL017W-A,0,-6.056805,0.10820624232292175,0.8939999938011169,0.7368000149726868
YBR236C,YDR171W,0,-6.056949,0.10819315165281296,0.8939999938011169,0.7368999719619751
YDL140C,YLR268W,0,-6.0571666,0.10818006098270416,0.8939999938011169,0.7369999885559082
YHR038W,YBR080C,0,-6.0574317,0.10816697031259537,0.8939999938011169,0.7371000051498413
YMR083W,YDL079C,0,-6.0574408,0.10815388709306717,0.8939999938011169,0.7372000217437744
YBR260C,YKL038W,0,-6.0574613,0.10814080387353897,0.8939999938011169,0.7372999787330627
YDR330W,YGR094W,0,-6.05765,0.10812772065401077,0.8939999938011169,0.7373999953269958
YBR026C,YIL128W,0,-6.057943,0.10811464488506317,0.8939999938011169,0.737500011920929
YMR058W,YER083C,0,-6.0581393,0.10810156911611557,0.8939999938011169,0.7376000285148621
YBL019W,YKR067W,0,-6.0581536,0.10808850079774857,0.8939999938011169,0.7376999855041504
YDR005C,YHL025W,0,-6.058596,0.10807543247938156,0.8939999938011169,0.7378000020980835
YPR141C,YDR456W,0,-6.0588465,0.10806237161159515,0.8939999938011169,0.7379000186920166
YDR516C,YIL129C,0,-6.0589104,0.10804931074380875,0.8939999938011169,0.7379999756813049
YGL136C,YBL024W,1,-6.0592685,0.10815709829330444,0.8949999809265137,0.7379999756813049
YJL030W,YBL039C,0,-6.0594954,0.10814402997493744,0.8949999809265137,0.738099992275238
YLR013W,YMR156C,0,-6.0595355,0.10813096165657043,0.8949999809265137,0.7382000088691711
YBR145W,YIL075C,0,-6.0596304,0.10811790078878403,0.8949999809265137,0.7383000254631042
YHR066W,YPL258C,0,-6.059737,0.10810483992099762,0.8949999809265137,0.7383999824523926
YHR188C,YKL032C,0,-6.05976,0.10809178650379181,0.8949999809265137,0.7384999990463257
YOR301W,YNL079C,0,-6.0598154,0.108078733086586,0.8949999809265137,0.7386000156402588
YOR132W,YLR277C,0,-6.059924,0.10806568711996078,0.8949999809265137,0.7386999726295471
YGR262C,YNL227C,0,-6.0600405,0.10805264115333557,0.8949999809265137,0.7387999892234802
YER044C,YKL051W,0,-6.0601206,0.10803959518671036,0.8949999809265137,0.7389000058174133
YER012W,YLL013C,0,-6.0603943,0.10802655667066574,0.8949999809265137,0.7390000224113464
YMR281W,YDR461W,0,-6.060436,0.10801351815462112,0.8949999809265137,0.7390999794006348
YBR160W,YDR418W,0,-6.060575,0.10800047963857651,0.8949999809265137,0.7391999959945679
YDL148C,YMR006C,0,-6.060591,0.10798744857311249,0.8949999809265137,0.739300012588501
YJR057W,YER151C,0,-6.0606084,0.10797442495822906,0.8949999809265137,0.7394000291824341
YKL146W,YJL183W,0,-6.0607247,0.10796140134334564,0.8949999809265137,0.7394999861717224
YMR109W,YBL020W,0,-6.0609584,0.10794837772846222,0.8949999809265137,0.7396000027656555
YMR264W,YKL019W,0,-6.0610433,0.1079353615641594,0.8949999809265137,0.7397000193595886
YHR061C,YHR027C,0,-6.0614157,0.10792234539985657,0.8949999809265137,0.739799976348877
YDR453C,YPR125W,0,-6.061442,0.10790932923555374,0.8949999809265137,0.7398999929428101
YIL098C,YDL134C,0,-6.0619807,0.10789632052183151,0.8949999809265137,0.7400000095367432
YJL209W,YDR318W,0,-6.0620556,0.10788331925868988,0.8949999809265137,0.7401000261306763
YLR133W,YBR009C,0,-6.0621524,0.10787031799554825,0.8949999809265137,0.7401999831199646
YJR108W,YNL006W,0,-6.0621843,0.10785731673240662,0.8949999809265137,0.7402999997138977
YDL165W,YGR161C,0,-6.0625734,0.10784431546926498,0.8949999809265137,0.7404000163078308
YOR208W,YJL054W,0,-6.06269,0.10783132165670395,0.8949999809265137,0.7404999732971191
YDL166C,YER056C,0,-6.0627046,0.10781833529472351,0.8949999809265137,0.7405999898910522
YPL084W,YLR195C,0,-6.06303,0.10780534893274307,0.8949999809265137,0.7407000064849854
YMR231W,YPL085W,0,-6.0630894,0.10779236257076263,0.8949999809265137,0.7408000230789185
YDR183W,YOR275C,0,-6.063212,0.10777938365936279,0.8949999809265137,0.7408999800682068
YJR060W,YDL216C,0,-6.0632663,0.10776640474796295,0.8949999809265137,0.7409999966621399
YBR195C,YFR051C,0,-6.0633106,0.10775343328714371,0.8949999809265137,0.741100013256073
YMR135C,YDL212W,0,-6.0634665,0.10774046182632446,0.8949999809265137,0.7411999702453613
YLR201C,YBR279W,0,-6.0634923,0.10772749036550522,0.8949999809265137,0.7412999868392944
YBR010W,YDR450W,0,-6.063527,0.10771452635526657,0.8949999809265137,0.7414000034332275
YOL145C,YLR417W,0,-6.0635533,0.10770156234502792,0.8949999809265137,0.7415000200271606
YKL040C,YIL135C,0,-6.0636344,0.10768860578536987,0.8949999809265137,0.741599977016449
YMR225C,YHL022C,0,-6.063657,0.10767564922571182,0.8949999809265137,0.7416999936103821
YAL013W,YJR010C-A,0,-6.0636697,0.10766270011663437,0.8949999809265137,0.7418000102043152
YER015W,YIL051C,0,-6.063751,0.10764975100755692,0.8949999809265137,0.7419000267982483
YAR015W,YBR002C,0,-6.0638623,0.10763680189847946,0.8949999809265137,0.7419999837875366
YDR040C,YDR058C,0,-6.064266,0.1076238602399826,0.8949999809265137,0.7421000003814697
YOR211C,YMR088C,0,-6.0642877,0.10761091858148575,0.8949999809265137,0.7422000169754028
YBR021W,YLR166C,0,-6.0643015,0.10759797692298889,0.8949999809265137,0.7422999739646912
YOL068C,YDL092W,0,-6.0644236,0.10758504271507263,0.8949999809265137,0.7423999905586243
YNL038W,YDR379W,0,-6.064496,0.10757211595773697,0.8949999809265137,0.7425000071525574
YBL057C,YGR095C,0,-6.064585,0.1075591892004013,0.8949999809265137,0.7426000237464905
YML121W,YJR006W,0,-6.06479,0.10754626244306564,0.8949999809265137,0.7426999807357788
YDR424C,YNR017W,0,-6.0649157,0.10753334313631058,0.8949999809265137,0.7427999973297119
YMR312W,YGL232W,1,-6.0650644,0.10764055699110031,0.8960000276565552,0.7427999973297119
YGR267C,YPL175W,0,-6.065184,0.10762763023376465,0.8960000276565552,0.742900013923645
YPL092W,YLR090W,0,-6.0654244,0.10761470347642899,0.8960000276565552,0.7429999709129333
YER073W,YMR058W,0,-6.0654373,0.10760177671909332,0.8960000276565552,0.7430999875068665
YMR296C,YLR016C,0,-6.0655637,0.10758885741233826,0.8960000276565552,0.7432000041007996
YLR002C,YHL024W,0,-6.0657425,0.10757593810558319,0.8960000276565552,0.7433000206947327
YOL031C,YIL061C,0,-6.0657544,0.10756302624940872,0.8960000276565552,0.743399977684021
YGR279C,YFL049W,0,-6.065786,0.10755011439323425,0.8960000276565552,0.7434999942779541
YGL167C,YDR427W,0,-6.065862,0.10753720253705978,0.8960000276565552,0.7436000108718872
YDR490C,YIL022W,0,-6.0662384,0.10752429813146591,0.8960000276565552,0.7437000274658203
YOR201C,YLR165C,1,-6.06624,0.1076313927769661,0.8970000147819519,0.7437000274658203
YGL005C,YOR149C,0,-6.0664682,0.10761847347021103,0.8970000147819519,0.7437999844551086
YOL112W,YLR275W,0,-6.066732,0.10760556906461716,0.8970000147819519,0.7439000010490417
YOR201C,YLR197W,1,-6.0668497,0.10771260410547256,0.8980000019073486,0.7439000010490417
YJL121C,YDR425W,0,-6.0669456,0.1076996847987175,0.8980000019073486,0.7440000176429749
YNL065W,YJR065C,0,-6.0674176,0.10768677294254303,0.8980000019073486,0.7440999746322632
YBR199W,YPR132W,0,-6.0675015,0.10767386108636856,0.8980000019073486,0.7441999912261963
YNR008W,YGR285C,0,-6.0675917,0.10766094923019409,0.8980000019073486,0.7443000078201294
YML024W,YNL131W,0,-6.0676665,0.10764804482460022,0.8980000019073486,0.7444000244140625
YFR047C,YIL075C,0,-6.0676694,0.10763514041900635,0.8980000019073486,0.7444999814033508
YAL034W-A,YML120C,0,-6.0677056,0.10762224346399307,0.8980000019073486,0.7445999979972839
YBR199W,YER072W,0,-6.0677075,0.1076093465089798,0.8980000019073486,0.744700014591217
YBR065C,YOR230W,0,-6.067986,0.10759645700454712,0.8980000019073486,0.7447999715805054
YOR026W,YAL042W,0,-6.0681086,0.10758356004953384,0.8980000019073486,0.7448999881744385
YLL003W,YBL055C,0,-6.068187,0.10757067799568176,0.8980000019073486,0.7450000047683716
YGL032C,YGR010W,0,-6.068271,0.10755778849124908,0.8980000019073486,0.7451000213623047
YGL136C,YDL201W,1,-6.0683413,0.10766466706991196,0.8989999890327454,0.7451000213623047
YKL110C,YMR023C,1,-6.068456,0.10777152329683304,0.8999999761581421,0.7451000213623047
YMR255W,YDR126W,0,-6.0685697,0.10775861889123917,0.8999999761581421,0.745199978351593
YJR063W,YLR298C,0,-6.068956,0.10774572193622589,0.8999999761581421,0.7452999949455261
YDR022C,YMR255W,0,-6.069157,0.10773282498121262,0.8999999761581421,0.7454000115394592
YKR068C,YBR295W,0,-6.0691686,0.10771992802619934,0.8999999761581421,0.7455000281333923
YDR221W,YHR062C,0,-6.0693746,0.10770703852176666,0.8999999761581421,0.7455999851226807
YHR041C,YHR161C,0,-6.069437,0.10769414901733398,0.8999999761581421,0.7457000017166138
YDR277C,YJL010C,0,-6.069449,0.1076812669634819,0.8999999761581421,0.7458000183105469
YBR095C,YNL244C,0,-6.0695257,0.10766838490962982,0.8999999761581421,0.7458999752998352
YNL268W,YPR138C,0,-6.06961,0.10765550285577774,0.8999999761581421,0.7459999918937683
YER112W,YGL006W,0,-6.06965,0.10764262825250626,0.8999999761581421,0.7461000084877014
YLR056W,YJL030W,0,-6.0698347,0.10762975364923477,0.8999999761581421,0.7462000250816345
YOL144W,YDR392W,0,-6.0703077,0.10761688649654388,0.8999999761581421,0.7462999820709229
YPL112C,YNL107W,0,-6.070598,0.107604019343853,0.8999999761581421,0.746399998664856
YIL143C,YIL144W,0,-6.0708203,0.10759115219116211,0.8999999761581421,0.7465000152587891
YHR171W,YOR313C,0,-6.0708385,0.10757829248905182,0.8999999761581421,0.7465999722480774
YGL151W,YOR014W,0,-6.0714493,0.10756543278694153,0.8999999761581421,0.7466999888420105
YPR102C,YEL002C,0,-6.071874,0.10755258053541183,0.8999999761581421,0.7468000054359436
YER038C,YJR033C,0,-6.0719256,0.10753972828388214,0.8999999761581421,0.7469000220298767
YKL034W,YML088W,0,-6.07238,0.10752688348293304,0.8999999761581421,0.746999979019165
YBR085W,YOR020C,0,-6.0724893,0.10751403868198395,0.8999999761581421,0.7470999956130981
YJL099W,YKL093W,0,-6.0726666,0.10750119388103485,0.8999999761581421,0.7472000122070312
YMR044W,YOR353C,0,-6.0728517,0.10748835653066635,0.8999999761581421,0.7473000288009644
YHR174W,YMR235C,0,-6.073008,0.10747551918029785,0.8999999761581421,0.7473999857902527
YKL194C,YMR076C,0,-6.0730658,0.10746268928050995,0.8999999761581421,0.7475000023841858
YBR275C,YDL064W,0,-6.0730915,0.10744985938072205,0.8999999761581421,0.7476000189781189
YJL198W,YFL060C,0,-6.073218,0.10743702948093414,0.8999999761581421,0.7476999759674072
YNR067C,YHR193C,0,-6.073256,0.10742420703172684,0.8999999761581421,0.7477999925613403
YIL038C,YJR045C,0,-6.073324,0.10741138458251953,0.8999999761581421,0.7479000091552734
YNL239W,YDR389W,0,-6.0733294,0.10739856958389282,0.8999999761581421,0.7480000257492065
YNL288W,YLR298C,0,-6.073403,0.10738575458526611,0.8999999761581421,0.7480999827384949
YKL035W,YDR486C,0,-6.0736785,0.1073729395866394,0.8999999761581421,0.748199999332428
YPL037C,YIL070C,0,-6.073789,0.10736013203859329,0.8999999761581421,0.7483000159263611
YOR168W,YNL243W,0,-6.073858,0.10734733194112778,0.8999999761581421,0.7483999729156494
YAR015W,YDL015C,0,-6.074076,0.10733452439308167,0.8999999761581421,0.7484999895095825
YBR234C,YLR228C,0,-6.0741553,0.10732172429561615,0.8999999761581421,0.7486000061035156
YDL088C,YMR273C,0,-6.0742316,0.10730893164873123,0.8999999761581421,0.7487000226974487
YJR112W,YNL156C,0,-6.074545,0.10729613900184631,0.8999999761581421,0.7487999796867371
YPR093C,YGR230W,0,-6.0747457,0.1072833463549614,0.8999999761581421,0.7488999962806702
YGL254W,YDL079C,0,-6.074778,0.10727056115865707,0.8999999761581421,0.7490000128746033
YOR361C,YMR133W,0,-6.0747814,0.10725777596235275,0.8999999761581421,0.7491000294685364
YOL122C,YPL033C,0,-6.074835,0.10724499821662903,0.8999999761581421,0.7491999864578247
YLR215C,YLL040C,0,-6.0748568,0.1072322204709053,0.8999999761581421,0.7493000030517578
YBR086C,YOR269W,0,-6.074881,0.10721944272518158,0.8999999761581421,0.7494000196456909
YIL132C,YAL029C,0,-6.0749526,0.10720667243003845,0.8999999761581421,0.7494999766349792
YNL068C,YLR221C,0,-6.0751677,0.10719390213489532,0.8999999761581421,0.7495999932289124
YML077W,YDR137W,0,-6.0751915,0.1071811392903328,0.8999999761581421,0.7497000098228455
YLR033W,YFL037W,0,-6.075384,0.10716837644577026,0.8999999761581421,0.7498000264167786
YDL135C,YDL229W,0,-6.0754113,0.10715561360120773,0.8999999761581421,0.7498999834060669
YGR200C,YGL136C,1,-6.075424,0.10726190358400345,0.9010000228881836,0.7498999834060669
YLR363C,YKR031C,0,-6.0761876,0.10724913328886032,0.9010000228881836,0.75
YER094C,YOR265W,0,-6.076362,0.10723637044429779,0.9010000228881836,0.7501000165939331
YBR260C,YDL225W,0,-6.076427,0.10722360759973526,0.9010000228881836,0.7501999735832214
YKR026C,YOR156C,0,-6.0766244,0.10721085220575333,0.9010000228881836,0.7502999901771545
YBR260C,YGL004C,0,-6.0768566,0.10719809681177139,0.9010000228881836,0.7504000067710876
YPL254W,YOR362C,0,-6.076917,0.10718534141778946,0.9010000228881836,0.7505000233650208
YBR188C,YHR027C,0,-6.077093,0.10717259347438812,0.9010000228881836,0.7505999803543091
YCL017C,YDL105W,0,-6.0771475,0.10715984553098679,0.9010000228881836,0.7506999969482422
YGL061C,YKR048C,0,-6.077273,0.10714710503816605,0.9010000228881836,0.7508000135421753
YPL211W,YHR178W,0,-6.0774193,0.1071343645453453,0.9010000228881836,0.7508999705314636
YNR057C,YPR056W,0,-6.077479,0.10712162405252457,0.9010000228881836,0.7509999871253967
YLR192C,YJR009C,0,-6.0776696,0.10710889101028442,0.9010000228881836,0.7511000037193298
YPL271W,YDR140W,0,-6.07792,0.10709615796804428,0.9010000228881836,0.7512000203132629
YDR339C,YGL048C,0,-6.0781837,0.10708343237638474,0.9010000228881836,0.7512999773025513
YBR002C,YFL036W,0,-6.0782914,0.10707070678472519,0.9010000228881836,0.7513999938964844
YDR228C,YGL058W,0,-6.078325,0.10705798119306564,0.9010000228881836,0.7515000104904175
YBL058W,YOR148C,0,-6.078799,0.1070452630519867,0.9010000228881836,0.7516000270843506
YPL266W,YOR201C,1,-6.078834,0.1071513444185257,0.9020000100135803,0.7516000270843506
YOR127W,YGR275W,0,-6.079037,0.10713861137628555,0.9020000100135803,0.7516999840736389
YOR281C,YPR121W,0,-6.0790806,0.1071258932352066,0.9020000100135803,0.751800000667572
YGR264C,YDL079C,0,-6.0791297,0.10711316764354706,0.9020000100135803,0.7519000172615051
YGR217W,YBR205W,0,-6.0791745,0.10710044950246811,0.9020000100135803,0.7519999742507935
YBR253W,YJL045W,0,-6.079271,0.10708773881196976,0.9020000100135803,0.7520999908447266
YDL126C,YGR158C,0,-6.0793796,0.10707502067089081,0.9020000100135803,0.7522000074386597
YLR172C,YDR235W,0,-6.07943,0.10706231743097305,0.9020000100135803,0.7523000240325928
YIL124W,YER109C,0,-6.079562,0.1070496067404747,0.9020000100135803,0.7523999810218811
YKR087C,YMR272C,0,-6.0796347,0.10703690350055695,0.9020000100135803,0.7524999976158142
YNL312W,YGL126W,0,-6.079699,0.10702420771121979,0.9020000100135803,0.7526000142097473
YMR127C,YER093C,0,-6.0799074,0.10701150447130203,0.9020000100135803,0.7526999711990356
YLR229C,YGL001C,0,-6.080258,0.10699881613254547,0.9020000100135803,0.7527999877929688
YHR123W,YLR205C,0,-6.080299,0.10698612034320831,0.9020000100135803,0.7529000043869019
YLR431C,YCL011C,0,-6.080308,0.10697343200445175,0.9020000100135803,0.753000020980835
YLR002C,YGR258C,0,-6.080617,0.10696075111627579,0.9020000100135803,0.7530999779701233
YPL101W,YOR201C,1,-6.080633,0.10706663876771927,0.902999997138977,0.7530999779701233
YKL192C,YHR129C,0,-6.080634,0.10705394297838211,0.902999997138977,0.7531999945640564
YER094C,YNL229C,0,-6.0806623,0.10704125463962555,0.902999997138977,0.7533000111579895
YLR405W,YGL136C,1,-6.080852,0.10714709013700485,0.9039999842643738,0.7533000111579895
YLR015W,YFR048W,0,-6.0809097,0.1071343943476677,0.9039999842643738,0.7534000277519226
YAL020C,YPL086C,1,-6.0809903,0.10724019259214401,0.9049999713897705,0.7534000277519226
YML046W,YNL310C,0,-6.081583,0.10722748935222626,0.9049999713897705,0.7534999847412109
YLR215C,YGL049C,0,-6.0816603,0.1072147861123085,0.9049999713897705,0.753600001335144
YLR011W,YNL273W,0,-6.081671,0.10720208287239075,0.9049999713897705,0.7537000179290771
YJR025C,YBR058C,0,-6.081713,0.10718938708305359,0.9049999713897705,0.7537999749183655
YJL117W,YOR132W,0,-6.081787,0.10717669129371643,0.9049999713897705,0.7538999915122986
YBR286W,YJL030W,0,-6.0818596,0.10716400295495987,0.9049999713897705,0.7540000081062317
YKR065C,YJL187C,0,-6.081986,0.10715131461620331,0.9049999713897705,0.7541000247001648
YGL180W,YPR010C,0,-6.082154,0.10713862627744675,0.9049999713897705,0.7541999816894531
YMR312W,YML005W,1,-6.0826144,0.10724432021379471,0.906000018119812,0.7541999816894531
YGR191W,YDR407C,0,-6.0826693,0.10723162442445755,0.906000018119812,0.7542999982833862
YIL121W,YJR102C,0,-6.0827365,0.10721893608570099,0.906000018119812,0.7544000148773193
YLR340W,YDL244W,0,-6.0829873,0.10720624774694443,0.906000018119812,0.7544999718666077
YBR216C,YPR024W,0,-6.0833154,0.10719356685876846,0.906000018119812,0.7545999884605408
YEL062W,YBR153W,0,-6.083567,0.1071808859705925,0.906000018119812,0.7547000050544739
YJR139C,YHR186C,0,-6.0836434,0.10716820508241653,0.906000018119812,0.754800021648407
YDR507C,YDR392W,0,-6.0838437,0.10715553164482117,0.906000018119812,0.7548999786376953
YBR068C,YIL143C,0,-6.0839677,0.1071428582072258,0.906000018119812,0.7549999952316284
YMR060C,YDR489W,0,-6.0839896,0.10713018476963043,0.906000018119812,0.7551000118255615
YFL002C,YNL121C,0,-6.08413,0.10711751878261566,0.906000018119812,0.7552000284194946
YGL219C,YIL139C,0,-6.0842214,0.10710486024618149,0.906000018119812,0.755299985408783
YLR175W,YOR201C,1,-6.084225,0.10721040517091751,0.9070000052452087,0.755299985408783
YMR068W,YNR047W,0,-6.084232,0.10719773173332214,0.9070000052452087,0.7554000020027161
YAL022C,YOR085W,0,-6.0843043,0.10718506574630737,0.9070000052452087,0.7555000185966492
YOR201C,YNR046W,1,-6.0844173,0.10729055851697922,0.9079999923706055,0.7555000185966492
YKR076W,YDR314C,0,-6.084438,0.10727788507938385,0.9079999923706055,0.7555999755859375
YFL029C,YLL004W,0,-6.084456,0.10726521164178848,0.9079999923706055,0.7556999921798706
YDR294C,YGL044C,0,-6.0845,0.10725253820419312,0.9079999923706055,0.7558000087738037
YCR002C,YOR020C,0,-6.084754,0.10723987221717834,0.9079999923706055,0.7559000253677368
YGL067W,YIR006C,0,-6.084908,0.10722720623016357,0.9079999923706055,0.7559999823570251
YDL033C,YGR024C,1,-6.085099,0.10733262449502945,0.9089999794960022,0.7559999823570251
YMR076C,YJL054W,0,-6.085283,0.10731995105743408,0.9089999794960022,0.7560999989509583
YPL248C,YGR056W,0,-6.085418,0.10730728507041931,0.9089999794960022,0.7562000155448914
YMR308C,YKL038W,0,-6.085618,0.10729461908340454,0.9089999794960022,0.7562999725341797
YJL146W,YER095W,0,-6.0857053,0.10728195309638977,0.9089999794960022,0.7563999891281128
YFL039C,YCL014W,0,-6.0857124,0.1072692945599556,0.9089999794960022,0.7565000057220459
YMR214W,YKL130C,0,-6.085751,0.10725663602352142,0.9089999794960022,0.756600022315979
YDR424C,YBL047C,0,-6.0857997,0.10724398493766785,0.9089999794960022,0.7566999793052673
YDL166C,YDR309C,0,-6.085877,0.10723133385181427,0.9089999794960022,0.7567999958992004
YGR097W,YGR116W,0,-6.085936,0.1072186827659607,0.9089999794960022,0.7569000124931335
YPR128C,YGR155W,0,-6.0862193,0.10720603913068771,0.9089999794960022,0.7570000290870667
YDR046C,YOR260W,0,-6.0863056,0.10719339549541473,0.9089999794960022,0.757099986076355
YDR448W,YBL090W,0,-6.0863132,0.10718075931072235,0.9089999794960022,0.7572000026702881
YNL136W,YDR414C,0,-6.086906,0.10716812312602997,0.9089999794960022,0.7573000192642212
YML077W,YLR148W,0,-6.0870166,0.10715548694133759,0.9089999794960022,0.7573999762535095
YPR100W,YIL153W,0,-6.087049,0.1071428582072258,0.9089999794960022,0.7574999928474426
YGR199W,YDR126W,0,-6.087054,0.10713022947311401,0.9089999794960022,0.7576000094413757
YBL045C,YMR272C,0,-6.087107,0.10711760818958282,0.9089999794960022,0.7577000260353088
YGL003C,YLL036C,0,-6.087167,0.10710498690605164,0.9089999794960022,0.7577999830245972
YER027C,YOR064C,0,-6.087493,0.10709236562252045,0.9089999794960022,0.7578999996185303
YGL136C,YLR165C,1,-6.0879545,0.10719755291938782,0.9100000262260437,0.7578999996185303
YAL053W,YOR007C,0,-6.088041,0.10718492418527603,0.9100000262260437,0.7580000162124634
YBL058W,YDR212W,0,-6.0882154,0.10717230290174484,0.9100000262260437,0.7580999732017517
YBR172C,YPR121W,0,-6.0882473,0.10715968161821365,0.9100000262260437,0.7581999897956848
YGL238W,YNL209W,0,-6.088547,0.10714706033468246,0.9100000262260437,0.7583000063896179
YNL136W,YPL157W,0,-6.0886216,0.10713444650173187,0.9100000262260437,0.758400022983551
YGL073W,YBR123C,0,-6.088775,0.10712183266878128,0.9100000262260437,0.7584999799728394
YGL192W,YHR148W,1,-6.089066,0.10722693055868149,0.9110000133514404,0.7584999799728394
YLL043W,YLR084C,0,-6.0890665,0.1072143092751503,0.9110000133514404,0.7585999965667725
YGL133W,YOL054W,0,-6.0891013,0.10720169544219971,0.9110000133514404,0.7587000131607056
YCL059C,YNR017W,0,-6.089108,0.10718908160924911,0.9110000133514404,0.7588000297546387
YBR009C,YDR225W,0,-6.0892253,0.10717646777629852,0.9110000133514404,0.758899986743927
YER133W,YLR059C,0,-6.089296,0.10716386139392853,0.9110000133514404,0.7590000033378601
YGR155W,YGR119C,0,-6.089366,0.10715125501155853,0.9110000133514404,0.7591000199317932
YHR079C,YMR013C,0,-6.089516,0.10713865607976913,0.9110000133514404,0.7591999769210815
YOR142W,YGR172C,0,-6.089523,0.10712605714797974,0.9110000133514404,0.7592999935150146
YML071C,YBR154C,0,-6.089595,0.10711346566677094,0.9110000133514404,0.7594000101089478
YMR026C,YDR308C,0,-6.0896997,0.10710086673498154,0.9110000133514404,0.7595000267028809
YPR017C,YIR011C,0,-6.089787,0.10708828270435333,0.9110000133514404,0.7595999836921692
YJL146W,YDR103W,0,-6.0898724,0.10707569122314453,0.9110000133514404,0.7597000002861023
YDR397C,YMR302C,0,-6.090008,0.10706310719251633,0.9110000133514404,0.7598000168800354
YDR465C,YGR080W,0,-6.0903373,0.10705053061246872,0.9110000133514404,0.7598999738693237
YDR364C,YDR394W,0,-6.0903974,0.10703795403242111,0.9110000133514404,0.7599999904632568
YLR144C,YDL244W,0,-6.0904593,0.1070253774523735,0.9110000133514404,0.7601000070571899
YBR038W,YLR044C,0,-6.090488,0.1070128008723259,0.9110000133514404,0.760200023651123
YJR025C,YLR006C,0,-6.0905995,0.10700023174285889,0.9110000133514404,0.7602999806404114
YGL020C,YNL138W,0,-6.0906134,0.10698767006397247,0.9110000133514404,0.7603999972343445
YMR184W,YGL213C,0,-6.0908084,0.10697510838508606,0.9110000133514404,0.7605000138282776
YKL120W,YDR092W,0,-6.0908237,0.10696254670619965,0.9110000133514404,0.7605999708175659
YNL061W,YDL135C,0,-6.090936,0.10694998502731323,0.9110000133514404,0.760699987411499
YKL040C,YDR356W,0,-6.091351,0.10693743079900742,0.9110000133514404,0.7608000040054321
YGR101W,YLR003C,0,-6.0913596,0.1069248840212822,0.9110000133514404,0.7609000205993652
YBR068C,YMR246W,0,-6.091435,0.10691233724355698,0.9110000133514404,0.7609999775886536
YPR029C,YLR340W,0,-6.091812,0.10689979046583176,0.9110000133514404,0.7610999941825867
YDL019C,YMR183C,0,-6.0919647,0.10688724368810654,0.9110000133514404,0.7612000107765198
YNL227C,YJR127C,0,-6.0920215,0.10687470436096191,0.9110000133514404,0.7613000273704529
YGR224W,YAL051W,0,-6.092098,0.10686217248439789,0.9110000133514404,0.7613999843597412
YKL026C,YNL293W,0,-6.0921206,0.10684963315725327,0.9110000133514404,0.7615000009536743
YGL073W,YMR322C,0,-6.0921416,0.10683710873126984,0.9110000133514404,0.7616000175476074
YBR164C,YOR100C,0,-6.092176,0.10682457685470581,0.9110000133514404,0.7616999745368958
YBR087W,YNR006W,0,-6.0923443,0.10681205242872238,0.9110000133514404,0.7617999911308289
YMR163C,YOR266W,0,-6.092751,0.10679952800273895,0.9110000133514404,0.761900007724762
YPL212C,YGR024C,1,-6.092766,0.10690423101186752,0.9120000004768372,0.761900007724762
YER038C,YPL270W,0,-6.0928855,0.1068916991353035,0.9120000004768372,0.7620000243186951
YOR315W,YOR353C,0,-6.093005,0.10687917470932007,0.9120000004768372,0.7620999813079834
YNL085W,YMR006C,0,-6.0930686,0.10686665028333664,0.9120000004768372,0.7621999979019165
YMR311C,YNL029C,0,-6.0931034,0.10685413330793381,0.9120000004768372,0.7623000144958496
YDR314C,YDR409W,0,-6.093104,0.10684160888195038,0.9120000004768372,0.7623999714851379
YIL097W,YOL049W,0,-6.09351,0.10682909935712814,0.9120000004768372,0.762499988079071
YML048W,YGL008C,0,-6.0936923,0.10681658238172531,0.9120000004768372,0.7626000046730042
YGR286C,YGR229C,0,-6.094005,0.10680407285690308,0.9120000004768372,0.7627000212669373
YKL110C,YMR283C,1,-6.0945554,0.10690866410732269,0.9129999876022339,0.7627000212669373
YPL212C,YLR165C,1,-6.094621,0.10701323300600052,0.9139999747276306,0.7627000212669373
YKL110C,YOR201C,1,-6.0949297,0.10711777210235596,0.9150000214576721,0.7627000212669373
YNL082W,YDR092W,0,-6.0954766,0.10710523277521133,0.9150000214576721,0.7627999782562256
YER169W,YOL148C,0,-6.095494,0.10709269344806671,0.9150000214576721,0.7628999948501587
YHR143W,YKR026C,0,-6.0957236,0.10708016157150269,0.9150000214576721,0.7630000114440918
YDL178W,YIR015W,0,-6.095771,0.10706763714551926,0.9150000214576721,0.7631000280380249
YJL140W,YML001W,0,-6.0958033,0.10705510526895523,0.9150000214576721,0.7631999850273132
YBR199W,YDR472W,0,-6.0959177,0.1070425808429718,0.9150000214576721,0.7633000016212463
YJL219W,YMR091C,0,-6.0959826,0.10703006386756897,0.9150000214576721,0.7634000182151794
YGL241W,YNL147W,0,-6.096065,0.10701754689216614,0.9150000214576721,0.7634999752044678
YDL005C,YJL192C,0,-6.096416,0.1070050299167633,0.9150000214576721,0.7635999917984009
YMR316W,YDL128W,0,-6.096478,0.10699251294136047,0.9150000214576721,0.763700008392334
YOR099W,YNR052C,0,-6.097155,0.10698000341653824,0.9150000214576721,0.7638000249862671
YIL118W,YIL052C,0,-6.0971727,0.1069675013422966,0.9150000214576721,0.7638999819755554
YPR113W,YDR395W,0,-6.097244,0.10695499926805496,0.9150000214576721,0.7639999985694885
YGR010W,YML064C,0,-6.0972843,0.10694249719381332,0.9150000214576721,0.7641000151634216
YJR084W,YER161C,0,-6.0977306,0.10692999511957169,0.9150000214576721,0.76419997215271
YPR128C,YHR193C,0,-6.09794,0.10691750049591064,0.9150000214576721,0.7642999887466431
YDL042C,YDR392W,0,-6.098044,0.1069050133228302,0.9150000214576721,0.7644000053405762
YBL007C,YIL143C,0,-6.0980544,0.10689252614974976,0.9150000214576721,0.7645000219345093
YMR312W,YOR201C,1,-6.098129,0.10699684917926788,0.9160000085830688,0.7645000219345093
YNR033W,YAR033W,0,-6.098256,0.10698434710502625,0.9160000085830688,0.7645999789237976
YDL217C,YNL131W,0,-6.0982947,0.1069718524813652,0.9160000085830688,0.7646999955177307
YLR380W,YOR193W,0,-6.098332,0.10695936530828476,0.9160000085830688,0.7648000121116638
YHR043C,YCR066W,0,-6.098722,0.10694687813520432,0.9160000085830688,0.7649000287055969
YNL311C,YPR125W,0,-6.09874,0.10693439096212387,0.9160000085830688,0.7649999856948853
YPR093C,YHR004C,0,-6.0988145,0.10692191123962402,0.9160000085830688,0.7651000022888184
YOL151W,YBR009C,0,-6.0988374,0.10690943151712418,0.9160000085830688,0.7652000188827515
YHR118C,YGR172C,0,-6.099134,0.10689695179462433,0.9160000085830688,0.7652999758720398
YER148W,YKL058W,0,-6.0992017,0.10688447952270508,0.9160000085830688,0.7653999924659729
YDR137W,YCR018C,0,-6.099339,0.10687200725078583,0.9160000085830688,0.765500009059906
YGR179C,YLR350W,0,-6.099674,0.10685954242944717,0.9160000085830688,0.7656000256538391
YBL022C,YLR016C,0,-6.0998,0.10684707760810852,0.9160000085830688,0.7656999826431274
YAL040C,YBR192W,0,-6.09985,0.10683461278676987,0.9160000085830688,0.7657999992370605
YER157W,YER065C,0,-6.0999675,0.10682215541601181,0.9160000085830688,0.7659000158309937
YGL032C,YNL244C,0,-6.1000323,0.10680969804525375,0.9160000085830688,0.765999972820282
YMR138W,YPR139C,0,-6.1004844,0.1067972481250763,0.9160000085830688,0.7660999894142151
YHR166C,YFR003C,0,-6.100594,0.10678479820489883,0.9160000085830688,0.7662000060081482
YLR438C-A,YJL052W,0,-6.1006603,0.10677234828472137,0.9160000085830688,0.7663000226020813
YNL127W,YDR156W,0,-6.1009145,0.10675990581512451,0.9160000085830688,0.7663999795913696
YNL142W,YNL312W,0,-6.101096,0.10674746334552765,0.9160000085830688,0.7664999961853027
YML074C,YDR293C,0,-6.1012216,0.10673502832651138,0.9160000085830688,0.7666000127792358
YNL051W,YJR119C,0,-6.1012373,0.10672259330749512,0.9160000085830688,0.766700029373169
YOL104C,YLR417W,0,-6.101258,0.10671015828847885,0.9160000085830688,0.7667999863624573
YMR272C,YBR175W,0,-6.101352,0.10669773072004318,0.9160000085830688,0.7669000029563904
YOR217W,YKL038W,0,-6.101471,0.10668530315160751,0.9160000085830688,0.7670000195503235
YPL271W,YGL093W,0,-6.1014724,0.10667287558317184,0.9160000085830688,0.7670999765396118
YJR078W,YDL040C,0,-6.1015463,0.10666045546531677,0.9160000085830688,0.7671999931335449
YJL090C,YBR153W,0,-6.101603,0.1066480353474617,0.9160000085830688,0.767300009727478
YOR221C,YHR041C,0,-6.101647,0.10663562268018723,0.9160000085830688,0.7674000263214111
YLR103C,YDR288W,0,-6.101764,0.10662321001291275,0.9160000085830688,0.7674999833106995
YNL243W,YKR079C,0,-6.102016,0.10661079734563828,0.9160000085830688,0.7675999999046326
YJR017C,YOR261C,0,-6.1020236,0.1065983921289444,0.9160000085830688,0.7677000164985657
YDL223C,YGR141W,0,-6.102253,0.10658598691225052,0.9160000085830688,0.767799973487854
YPL001W,YMR006C,0,-6.102275,0.10657358914613724,0.9160000085830688,0.7678999900817871
YOR355W,YMR106C,0,-6.1023827,0.10656119138002396,0.9160000085830688,0.7680000066757202
YBL020W,YOR014W,0,-6.102612,0.10654879361391068,0.9160000085830688,0.7681000232696533
YJR094C,YIL038C,0,-6.1026692,0.10653640329837799,0.9160000085830688,0.7681999802589417
YNR044W,YKR007W,0,-6.1030946,0.1065240129828453,0.9160000085830688,0.7682999968528748
YDL106C,YER129W,0,-6.1032324,0.10651163011789322,0.9160000085830688,0.7684000134468079
YMR091C,YKR050W,0,-6.103246,0.10649924725294113,0.9160000085830688,0.7684999704360962
YHR074W,YPL131W,0,-6.1032615,0.10648686438798904,0.9160000085830688,0.7685999870300293
YIR008C,YDR330W,0,-6.1033077,0.10647448897361755,0.9160000085830688,0.7687000036239624
YIL004C,YCR044C,0,-6.1034656,0.10646211355924606,0.9160000085830688,0.7688000202178955
YMR281W,YGR202C,0,-6.1036096,0.10644973814487457,0.9160000085830688,0.7688999772071838
YHR011W,YMR153W,0,-6.103768,0.10643737018108368,0.9160000085830688,0.7689999938011169
YLR191W,YCR106W,0,-6.1038327,0.10642500221729279,0.9160000085830688,0.76910001039505
YGL192W,YDR165W,1,-6.1040754,0.10652881115674973,0.9169999957084656,0.76910001039505
YJL178C,YNL244C,0,-6.104375,0.10651643574237823,0.9169999957084656,0.7692000269889832
YHR172W,YMR089C,0,-6.1044307,0.10650406777858734,0.9169999957084656,0.7692999839782715
YDR142C,YJL166W,0,-6.104431,0.10649169981479645,0.9169999957084656,0.7694000005722046
YGL192W,YNR046W,1,-6.104547,0.10659544914960861,0.9179999828338623,0.7694000005722046
YGL020C,YDR394W,0,-6.1047444,0.10658307373523712,0.9179999828338623,0.7695000171661377
YBR109C,YNL147W,0,-6.1047974,0.10657069832086563,0.9179999828338623,0.769599974155426
YBR245C,YNR006W,0,-6.105066,0.10655833035707474,0.9179999828338623,0.7696999907493591
YBR109C,YOL110W,0,-6.105099,0.10654596239328384,0.9179999828338623,0.7698000073432922
YHR066W,YDL120W,0,-6.1051455,0.10653359442949295,0.9179999828338623,0.7699000239372253
YHR024C,YGL058W,0,-6.1052523,0.10652123391628265,0.9179999828338623,0.7699999809265137
YJR077C,YDR418W,0,-6.1052594,0.10650887340307236,0.9179999828338623,0.7700999975204468
YJR047C,YGL100W,0,-6.10538,0.10649652034044266,0.9179999828338623,0.7702000141143799
YJL081C,YMR277W,0,-6.105525,0.10648416727781296,0.9179999828338623,0.7702999711036682
YBR205W,YOR187W,0,-6.1055255,0.10647181421518326,0.9179999828338623,0.7703999876976013
YOR037W,YJL045W,0,-6.1058125,0.10645946860313416,0.9179999828338623,0.7705000042915344
YGL142C,YDL224C,0,-6.1060185,0.10644712299108505,0.9179999828338623,0.7706000208854675
YHR007C,YPL154C,0,-6.106113,0.10643478482961655,0.9179999828338623,0.7706999778747559
YNL027W,YMR264W,0,-6.1061177,0.10642244666814804,0.9179999828338623,0.770799994468689
YKL197C,YGL025C,0,-6.1061635,0.10641010850667953,0.9179999828338623,0.7709000110626221
YIR023W,YDR092W,0,-6.1062484,0.10639777779579163,0.9179999828338623,0.7710000276565552
YJL101C,YLR403W,0,-6.106317,0.10638544708490372,0.9179999828338623,0.7710999846458435
YGR227W,YDR028C,0,-6.1064715,0.10637311637401581,0.9179999828338623,0.7712000012397766
YDR489W,YDR477W,0,-6.1065907,0.1063607931137085,0.9179999828338623,0.7713000178337097
YLR238W,YBR050C,0,-6.1066537,0.10634846985340118,0.9179999828338623,0.771399974822998
YNR008W,YKL012W,0,-6.1066537,0.10633615404367447,0.9179999828338623,0.7714999914169312
YBL056W,YOL020W,0,-6.107014,0.10632383823394775,0.9179999828338623,0.7716000080108643
YGR206W,YDR459C,0,-6.1070967,0.10631152242422104,0.9179999828338623,0.7717000246047974
YER036C,YPL149W,0,-6.1071525,0.10629921406507492,0.9179999828338623,0.7717999815940857
YLR195C,YKR002W,0,-6.1072173,0.1062869057059288,0.9179999828338623,0.7718999981880188
YNL027W,YJL201W,0,-6.107287,0.10627459734678268,0.9179999828338623,0.7720000147819519
YJL198W,YHL028W,0,-6.107349,0.10626229643821716,0.9179999828338623,0.7720999717712402
YOR249C,YLR219W,0,-6.1074333,0.10625000298023224,0.9179999828338623,0.7721999883651733
YOR355W,YNL164C,0,-6.1075845,0.10623770207166672,0.9179999828338623,0.7723000049591064
YIR015W,YML097C,0,-6.107662,0.1062254086136818,0.9179999828338623,0.7724000215530396
YJR076C,YIL126W,0,-6.1076694,0.10621312260627747,0.9179999828338623,0.7724999785423279
YFL003C,YMR309C,0,-6.1076694,0.10620083659887314,0.9179999828338623,0.772599995136261
YHR059W,YJL002C,0,-6.107675,0.10618855059146881,0.9179999828338623,0.7727000117301941
YML092C,YCL031C,0,-6.1076903,0.10617626458406448,0.9179999828338623,0.7728000283241272
YNL130C,YDR073W,0,-6.1079063,0.10616398602724075,0.9179999828338623,0.7728999853134155
YMR076C,YJL154C,0,-6.1081657,0.10615171492099762,0.9179999828338623,0.7730000019073486
YER045C,YLR023C,0,-6.1081777,0.10613943636417389,0.9179999828338623,0.7731000185012817
YDR480W,YPR161C,0,-6.108216,0.10612716525793076,0.9179999828338623,0.7731999754905701
YDR017C,YNL006W,0,-6.10836,0.10611490160226822,0.9179999828338623,0.7732999920845032
YNL182C,YKL019W,0,-6.108602,0.10610263794660568,0.9179999828338623,0.7734000086784363
YPL177C,YPR112C,0,-6.1088033,0.10609037429094315,0.9179999828338623,0.7735000252723694
YKR067W,YDL217C,0,-6.1088805,0.10607811063528061,0.9179999828338623,0.7735999822616577
YDL035C,YDR456W,0,-6.108888,0.10606585443019867,0.9179999828338623,0.7736999988555908
YMR220W,YBR169C,0,-6.108893,0.10605360567569733,0.9179999828338623,0.7738000154495239
YPL259C,YLR010C,0,-6.109008,0.10604135692119598,0.9179999828338623,0.7738999724388123
YKL011C,YPL270W,0,-6.1094394,0.10602910816669464,0.9179999828338623,0.7739999890327454
YLR051C,YJL108C,0,-6.109447,0.1060168594121933,0.9179999828338623,0.7741000056266785
YLR175W,YML005W,1,-6.109576,0.10612009465694427,0.9190000295639038,0.7741000056266785
YIL034C,YKL029C,0,-6.1096096,0.10610783845186234,0.9190000295639038,0.7742000222206116
YNL111C,YDL035C,0,-6.1101165,0.10609558969736099,0.9190000295639038,0.7742999792098999
YNL312W,YKR062W,0,-6.1103244,0.10608334094285965,0.9190000295639038,0.774399995803833
YML006C,YLR079W,0,-6.1106086,0.1060710996389389,0.9190000295639038,0.7745000123977661
YCL066W,YER178W,0,-6.1109214,0.10605885833501816,0.9190000295639038,0.7746000289916992
YBR008C,YML001W,0,-6.1111884,0.10604661703109741,0.9190000295639038,0.7746999859809875
YGL251C,YKR090W,0,-6.111341,0.10603438317775726,0.9190000295639038,0.7748000025749207
YFL045C,YNL263C,0,-6.1113467,0.10602214932441711,0.9190000295639038,0.7749000191688538
YBR145W,YOR355W,0,-6.111886,0.10600992292165756,0.9190000295639038,0.7749999761581421
YLR260W,YNL026W,0,-6.112213,0.10599769651889801,0.9190000295639038,0.7750999927520752
YNR033W,YGR204W,0,-6.1124797,0.10598547011613846,0.9190000295639038,0.7752000093460083
YDL035C,YGR144W,0,-6.1125274,0.1059732437133789,0.9190000295639038,0.7753000259399414
YOR040W,YER100W,0,-6.1126075,0.10596102476119995,0.9190000295639038,0.7753999829292297
YCR065W,YCR009C,0,-6.112709,0.10594881325960159,0.9190000295639038,0.7754999995231628
YNL148C,YDR150W,0,-6.1128216,0.10593660175800323,0.9190000295639038,0.775600016117096
YOR011W,YMR229C,0,-6.1133003,0.10592439025640488,0.9190000295639038,0.7756999731063843
YOR226C,YDR363W-A,0,-6.1136737,0.10591217875480652,0.9190000295639038,0.7757999897003174
YOR284W,YPL258C,0,-6.1136765,0.10589997470378876,0.9190000295639038,0.7759000062942505
YDR118W,YBR265W,0,-6.113768,0.10588777810335159,0.9190000295639038,0.7760000228881836
YKR052C,YNL248C,0,-6.1138244,0.10587557405233383,0.9190000295639038,0.7760999798774719
YCL014W,YPL159C,0,-6.1138268,0.10586337745189667,0.9190000295639038,0.776199996471405
YGR040W,YDL128W,0,-6.113911,0.1058511883020401,0.9190000295639038,0.7763000130653381
YOR047C,YKL081W,0,-6.1140337,0.10583899915218353,0.9190000295639038,0.7764000296592712
YMR023C,YDL208W,1,-6.1141067,0.10594195872545242,0.9200000166893005,0.7764000296592712
YCL067C,YJL073W,0,-6.1141133,0.10592976212501526,0.9200000166893005,0.7764999866485596
YFL003C,YDR113C,0,-6.1141715,0.1059175655245781,0.9200000166893005,0.7766000032424927
YNL130C,YKL172W,0,-6.114383,0.10590537637472153,0.9200000166893005,0.7767000198364258
YBL069W,YAL051W,0,-6.114458,0.10589318722486496,0.9200000166893005,0.7767999768257141
YDR337W,YEL062W,0,-6.114534,0.10588099807500839,0.9200000166893005,0.7768999934196472
YPR200C,YOR281C,0,-6.1145973,0.10586881637573242,0.9200000166893005,0.7770000100135803
YJL101C,YMR039C,0,-6.114677,0.10585663467645645,0.9200000166893005,0.7771000266075134
YDR219C,YPR198W,0,-6.114677,0.10584445297718048,0.9200000166893005,0.7771999835968018
YCL014W,YJL008C,0,-6.114693,0.10583227872848511,0.9200000166893005,0.7773000001907349
YMR025W,YBR129C,0,-6.11478,0.10582010447978973,0.9200000166893005,0.777400016784668
YOR377W,YDR171W,0,-6.1148314,0.10580793768167496,0.9200000166893005,0.7774999737739563
YDR298C,YMR179W,0,-6.1150775,0.10579577088356018,0.9200000166893005,0.7775999903678894
YGR276C,YER041W,0,-6.1150775,0.1057836040854454,0.9200000166893005,0.7777000069618225
YJR010C-A,YPR095C,0,-6.115141,0.10577144473791122,0.9200000166893005,0.7778000235557556
YDR273W,YNL038W,0,-6.115495,0.10575928539037704,0.9200000166893005,0.777899980545044
YDR123C,YGL162W,0,-6.115498,0.10574712604284286,0.9200000166893005,0.777999997138977
YMR021C,YGR072W,0,-6.115515,0.10573497414588928,0.9200000166893005,0.7781000137329102
YNL280C,YDR459C,0,-6.115678,0.1057228222489357,0.9200000166893005,0.7781999707221985
YNL078W,YOR368W,0,-6.115744,0.10571067780256271,0.9200000166893005,0.7782999873161316
YHR013C,YGR258C,0,-6.1160884,0.10569852590560913,0.9200000166893005,0.7784000039100647
YML130C,YER104W,0,-6.116121,0.10568638890981674,0.9200000166893005,0.7785000205039978
YOL077C,YGR264C,0,-6.1162105,0.10567424446344376,0.9200000166893005,0.7785999774932861
YNL148C,YKL020C,0,-6.1162596,0.10566210746765137,0.9200000166893005,0.7786999940872192
YBR221C,YJL098W,0,-6.1163344,0.10564997792243958,0.9200000166893005,0.7788000106811523
YJL026W,YDR395W,0,-6.1163735,0.10563784837722778,0.9200000166893005,0.7789000272750854
YBR010W,YOL001W,0,-6.1165743,0.10562571883201599,0.9200000166893005,0.7789999842643738
YHR143W,YOR265W,0,-6.116628,0.1056135892868042,0.9200000166893005,0.7791000008583069
YEL019C,YLR090W,0,-6.1168923,0.105601467192173,0.9200000166893005,0.77920001745224
YFL057C,YJR076C,0,-6.1169267,0.1055893525481224,0.9200000166893005,0.7792999744415283
YLR350W,YNL131W,0,-6.117002,0.10557723045349121,0.9200000166893005,0.7793999910354614
YFR051C,YDR478W,0,-6.117101,0.10556511580944061,0.9200000166893005,0.7795000076293945
YNL111C,YGL219C,0,-6.117128,0.10555300861597061,0.9200000166893005,0.7796000242233276
YGL192W,YOL093W,1,-6.1171784,0.10565561801195145,0.9210000038146973,0.7796000242233276
YOR335C,YLR377C,0,-6.117229,0.10564349591732025,0.9210000038146973,0.779699981212616
YPL177C,YFL049W,0,-6.1172295,0.10563138127326965,0.9210000038146973,0.7797999978065491
YPL270W,YBR213W,0,-6.117408,0.10561926662921906,0.9210000038146973,0.7799000144004822
YOR148C,YIL138C,0,-6.1178203,0.10560715198516846,0.9210000038146973,0.7799999713897705
YKL045W,YKL144C,0,-6.1178474,0.10559504479169846,0.9210000038146973,0.7800999879837036
YOR067C,YOR307C,0,-6.118295,0.10558294504880905,0.9210000038146973,0.7802000045776367
YBR250W,YJR102C,0,-6.118296,0.10557083785533905,0.9210000038146973,0.7803000211715698
YBL063W,YDL084W,0,-6.1184535,0.10555873811244965,0.9210000038146973,0.7803999781608582
YPL046C,YJL176C,0,-6.1185884,0.10554664582014084,0.9210000038146973,0.7804999947547913
YFR031C,YBR030W,0,-6.118686,0.10553454607725143,0.9210000038146973,0.7806000113487244
YGL025C,YER024W,0,-6.1187425,0.10552245378494263,0.9210000038146973,0.7807000279426575
YIL010W,YGR047C,0,-6.118961,0.10551036894321442,0.9210000038146973,0.7807999849319458
YMR112C,YPR138C,0,-6.1189666,0.1054982841014862,0.9210000038146973,0.7809000015258789
YBR283C,YIR011C,0,-6.11928,0.105486199259758,0.9210000038146973,0.781000018119812
YKR028W,YNR031C,0,-6.119432,0.10547412186861038,0.9210000038146973,0.7810999751091003
YLR172C,YER083C,0,-6.119531,0.10546203702688217,0.9210000038146973,0.7811999917030334
YFL023W,YER030W,0,-6.1195436,0.10544996708631516,0.9210000038146973,0.7813000082969666
YGR218W,YJR017C,0,-6.1196218,0.10543789714574814,0.9210000038146973,0.7814000248908997
YNL223W,YCR042C,0,-6.119707,0.10542582720518112,0.9210000038146973,0.781499981880188
YOR159C,YGR192C,0,-6.1197486,0.1054137572646141,0.9210000038146973,0.7815999984741211
YDR270W,YHR123W,0,-6.1201367,0.10540169477462769,0.9210000038146973,0.7817000150680542
YBR153W,YMR088C,0,-6.120258,0.10538963228464127,0.9210000038146973,0.7817999720573425
YPR199C,YBR093C,0,-6.120377,0.10537757724523544,0.9210000038146973,0.7818999886512756
YDR386W,YER120W,0,-6.1204443,0.10536552220582962,0.9210000038146973,0.7820000052452087
YDR294C,YKL073W,0,-6.120617,0.1053534671664238,0.9210000038146973,0.7821000218391418
YBR084W,YLR165C,1,-6.1207204,0.10545579344034195,0.921999990940094,0.7821000218391418
YBR202W,YDR225W,0,-6.1207824,0.10544373095035553,0.921999990940094,0.7821999788284302
YGL245W,YBR289W,0,-6.1208086,0.10543167591094971,0.921999990940094,0.7822999954223633
YLR229C,YER166W,0,-6.120979,0.10541962087154388,0.921999990940094,0.7824000120162964
YDR225W,YJR007W,0,-6.121201,0.10540756583213806,0.921999990940094,0.7825000286102295
YDR448W,YKL145W,0,-6.121313,0.10539551824331284,0.921999990940094,0.7825999855995178
YFR014C,YIR025W,0,-6.121545,0.10538347065448761,0.921999990940094,0.7827000021934509
YNL293W,YML021C,0,-6.1216173,0.10537143051624298,0.921999990940094,0.782800018787384
YER002W,YLR350W,0,-6.121803,0.10535939037799835,0.921999990940094,0.7828999757766724
YGR147C,YNL309W,0,-6.1218767,0.10534735023975372,0.921999990940094,0.7829999923706055
YHR021C,YCR073W-A,0,-6.121877,0.1053353101015091,0.921999990940094,0.7831000089645386
YDR073W,YDR145W,0,-6.1220183,0.10532327741384506,0.921999990940094,0.7832000255584717
YBL064C,YMR030W,0,-6.122106,0.10531125217676163,0.921999990940094,0.78329998254776
YNL026W,YDR359C,0,-6.1221128,0.10529922693967819,0.921999990940094,0.7833999991416931
YPL060W,YGL172W,0,-6.122225,0.10528720170259476,0.921999990940094,0.7835000157356262
YGR224W,YMR311C,0,-6.1223903,0.10527517646551132,0.921999990940094,0.7835999727249146
YMR072W,YBL098W,0,-6.1224785,0.10526315867900848,0.921999990940094,0.7836999893188477
YPL127C,YLR451W,0,-6.1226506,0.10525114089250565,0.921999990940094,0.7838000059127808
YLR109W,YPR019W,0,-6.122918,0.1052391305565834,0.921999990940094,0.7839000225067139
YPL270W,YBR043C,0,-6.123334,0.10522712022066116,0.921999990940094,0.7839999794960022
YJL030W,YAL023C,0,-6.1234202,0.10521510988473892,0.921999990940094,0.7840999960899353
YLR355C,YIL068C,0,-6.123464,0.10520310699939728,0.921999990940094,0.7842000126838684
YDR465C,YOR256C,0,-6.1235538,0.10519110411405563,0.921999990940094,0.7843000292778015
YDR153C,YPL089C,0,-6.1240025,0.10517910122871399,0.921999990940094,0.7843999862670898
YDR289C,YGR221C,0,-6.124173,0.10516710579395294,0.921999990940094,0.784500002861023
YDL174C,YML001W,0,-6.1242824,0.1051551103591919,0.921999990940094,0.784600019454956
YNL199C,YDR043C,0,-6.124643,0.10514311492443085,0.921999990940094,0.7846999764442444
YPL069C,YIL132C,0,-6.1248946,0.1051311269402504,0.921999990940094,0.7847999930381775
YGR199W,YNL088W,0,-6.1250143,0.10511913895606995,0.921999990940094,0.7849000096321106
YMR116C,YBR080C,0,-6.1251473,0.10510715842247009,0.921999990940094,0.7850000262260437
YGR120C,YJL101C,0,-6.125355,0.10509517788887024,0.921999990940094,0.785099983215332
YDL079C,YBR293W,0,-6.125371,0.10508319735527039,0.921999990940094,0.7851999998092651
YOR201C,YML014W,1,-6.125466,0.10518518835306168,0.9229999780654907,0.7851999998092651
YJL125C,YMR023C,1,-6.1255293,0.10528714954853058,0.9240000247955322,0.7851999998092651
YDR040C,YOR045W,0,-6.12561,0.10527515411376953,0.9240000247955322,0.7853000164031982
YFL039C,YLR113W,0,-6.125872,0.10526315867900848,0.9240000247955322,0.7853999733924866
YJL019W,YDL190C,0,-6.125932,0.10525117069482803,0.9240000247955322,0.7854999899864197
YJL001W,YIR011C,0,-6.12597,0.10523918271064758,0.9240000247955322,0.7856000065803528
YHR052W,YLR095C,0,-6.126038,0.10522719472646713,0.9240000247955322,0.7857000231742859
YHR174W,YDL190C,0,-6.1262965,0.10521521419286728,0.9240000247955322,0.7857999801635742
YPR029C,YPR198W,0,-6.1266313,0.10520323365926743,0.9240000247955322,0.7858999967575073
YAR031W,YPR163C,0,-6.1266656,0.10519125312566757,0.9240000247955322,0.7860000133514404
YML059C,YGR241C,0,-6.1266904,0.10517928004264832,0.9240000247955322,0.7860999703407288
YPR001W,YCR065W,0,-6.126905,0.10516731441020966,0.9240000247955322,0.7861999869346619
YLR035C,YPR132W,0,-6.1269884,0.1051553413271904,0.9240000247955322,0.786300003528595
YMR092C,YHL025W,0,-6.1270337,0.10514337569475174,0.9240000247955322,0.7864000201225281
YLR008C,YBL014C,0,-6.1271257,0.10513141751289368,0.9240000247955322,0.7864999771118164
YIR015W,YNL079C,0,-6.1272182,0.10511945188045502,0.9240000247955322,0.7865999937057495
YPL259C,YBR021W,0,-6.1272354,0.10510749369859695,0.9240000247955322,0.7867000102996826
YCR047C,YHL034C,0,-6.1272507,0.10509554296731949,0.9240000247955322,0.7868000268936157
YDR377W,YLL002W,0,-6.127276,0.10508359223604202,0.9240000247955322,0.786899983882904
YGL245W,YOL113W,0,-6.127422,0.10507164150476456,0.9240000247955322,0.7870000004768372
YOL145C,YDR201W,0,-6.127831,0.10505969077348709,0.9240000247955322,0.7871000170707703
YLR201C,YKL175W,0,-6.1278863,0.10504774749279022,0.9240000247955322,0.7871999740600586
YGR175C,YPL129W,0,-6.12797,0.10503580421209335,0.9240000247955322,0.7872999906539917
YMR092C,YDR188W,0,-6.1280923,0.10502386838197708,0.9240000247955322,0.7874000072479248
YML105C,YLR305C,0,-6.128095,0.10501193255186081,0.9240000247955322,0.7875000238418579
YBR132C,YDR113C,0,-6.1281404,0.10499999672174454,0.9240000247955322,0.7875999808311462
YGL155W,YJL184W,0,-6.128472,0.10498806834220886,0.9240000247955322,0.7876999974250793
YBL045C,YBR279W,0,-6.128493,0.10497613996267319,0.9240000247955322,0.7878000140190125
YPR186C,YOR149C,0,-6.1285176,0.10496421903371811,0.9240000247955322,0.7878999710083008
YDL145C,YOL009C,0,-6.128633,0.10495229810476303,0.9240000247955322,0.7879999876022339
YKL195W,YER178W,0,-6.128637,0.10494037717580795,0.9240000247955322,0.788100004196167
YCL011C,YML075C,0,-6.1287065,0.10492845624685287,0.9240000247955322,0.7882000207901001
YER027C,YPR002W,0,-6.1287603,0.1049165427684784,0.9240000247955322,0.7882999777793884
YHR102W,YDR337W,0,-6.1287675,0.10490462929010391,0.9240000247955322,0.7883999943733215
YNL119W,YDL065C,0,-6.1289835,0.10489272326231003,0.9240000247955322,0.7885000109672546
YLR377C,YPR068C,0,-6.129038,0.10488081723451614,0.9240000247955322,0.7886000275611877
YML048W,YFL033C,0,-6.129061,0.10486891120672226,0.9240000247955322,0.7886999845504761
YFR051C,YIL039W,0,-6.129079,0.10485701262950897,0.9240000247955322,0.7888000011444092
YHL024W,YHR039C-A,0,-6.1291614,0.10484511405229568,0.9240000247955322,0.7889000177383423
YGL219C,YCR081W,0,-6.12917,0.104833222925663,0.9240000247955322,0.7889999747276306
YMR231W,YDR464W,0,-6.129335,0.10482132434844971,0.9240000247955322,0.7890999913215637
YPL046C,YOR035C,0,-6.129512,0.10480944067239761,0.9240000247955322,0.7892000079154968
YHR005C,YER072W,0,-6.129791,0.10479754954576492,0.9240000247955322,0.7893000245094299
YCR065W,YNL311C,0,-6.1298065,0.10478566586971283,0.9240000247955322,0.7893999814987183
YHR004C,YOL148C,0,-6.1298137,0.10477378219366074,0.9240000247955322,0.7894999980926514
YKR067W,YPL065W,0,-6.1299815,0.10476190596818924,0.9240000247955322,0.7896000146865845
YKL032C,YOL039W,0,-6.1299872,0.10475002974271774,0.9240000247955322,0.7896999716758728
YMR292W,YLR086W,0,-6.1300097,0.10473815351724625,0.9240000247955322,0.7897999882698059
YPL051W,YDL138W,0,-6.1300845,0.10472628474235535,0.9240000247955322,0.789900004863739
YIR021W,YJL001W,0,-6.1301236,0.10471441596746445,0.9240000247955322,0.7900000214576721
YLR450W,YMR109W,0,-6.130301,0.10470254719257355,0.9240000247955322,0.7900999784469604
YJL011C,YBL055C,0,-6.1303535,0.10469068586826324,0.9240000247955322,0.7901999950408936
YMR078C,YMR188C,0,-6.1304774,0.10467882454395294,0.9240000247955322,0.7903000116348267
YLR219W,YBR275C,0,-6.1310477,0.10466697067022324,0.9240000247955322,0.7904000282287598
YGR284C,YPL135W,0,-6.1312013,0.10465511679649353,0.9240000247955322,0.7904999852180481
YOR377W,YGL061C,0,-6.131719,0.10464326292276382,0.9240000247955322,0.7906000018119812
YIL142W,YKR008W,0,-6.131838,0.10463140904903412,0.9240000247955322,0.7907000184059143
YOR388C,YOR211C,0,-6.131947,0.10461956262588501,0.9240000247955322,0.7907999753952026
YGR097W,YLR090W,0,-6.132035,0.1046077236533165,0.9240000247955322,0.7908999919891357
YLR153C,YDR288W,0,-6.1321273,0.10459587723016739,0.9240000247955322,0.7910000085830688
YKL068W,YPL042C,0,-6.1324134,0.10458403825759888,0.9240000247955322,0.791100025177002
YDR208W,YPL144W,0,-6.1324954,0.10457220673561096,0.9240000247955322,0.7911999821662903
YLR095C,YDL005C,0,-6.1326156,0.10456036776304245,0.9240000247955322,0.7912999987602234
YOR236W,YIL014W,0,-6.1327653,0.10454854369163513,0.9240000247955322,0.7914000153541565
YOR011W,YAR042W,0,-6.1330667,0.10453671216964722,0.9240000247955322,0.7914999723434448
YGL136C,YDL208W,1,-6.133125,0.104638010263443,0.925000011920929,0.7914999723434448
YDR179C,YGR038W,0,-6.133421,0.10462617129087448,0.925000011920929,0.7915999889373779
YGL058W,YHL028W,0,-6.133488,0.10461433976888657,0.925000011920929,0.791700005531311
YLR309C,YDR494W,0,-6.133512,0.10460250824689865,0.925000011920929,0.7918000221252441
YER089C,YDR394W,0,-6.133787,0.10459068417549133,0.925000011920929,0.7918999791145325
YBR200W,YJR043C,0,-6.1337914,0.10457886010408401,0.925000011920929,0.7919999957084656
YPL130W,YLR193C,0,-6.1338425,0.1045670360326767,0.925000011920929,0.7921000123023987
YJR047C,YMR237W,0,-6.1338835,0.10455521941184998,0.925000011920929,0.7922000288963318
YMR112C,YBL020W,0,-6.1338854,0.10454340279102325,0.925000011920929,0.7922999858856201
YJR093C,YIR033W,0,-6.134177,0.10453158617019653,0.925000011920929,0.7924000024795532
YHR175W,YDR490C,0,-6.1341944,0.10451977699995041,0.925000011920929,0.7925000190734863
YLR450W,YPL224C,0,-6.134311,0.10450796782970428,0.925000011920929,0.7925999760627747
YBR290W,YMR272C,0,-6.134314,0.10449615865945816,0.925000011920929,0.7926999926567078
YGR167W,YPR112C,0,-6.134747,0.10448435693979263,0.925000011920929,0.7928000092506409
YDR118W,YLR186W,0,-6.1348033,0.1044725552201271,0.925000011920929,0.792900025844574
YJL100W,YBR069C,0,-6.134917,0.10446075350046158,0.925000011920929,0.7929999828338623
YNL148C,YJL039C,0,-6.1351633,0.10444895923137665,0.925000011920929,0.7930999994277954
YOR098C,YGL137W,0,-6.135178,0.10443716496229172,0.925000011920929,0.7932000160217285
YNL003C,YDL147W,0,-6.135203,0.10442537814378738,0.925000011920929,0.7932999730110168
YOR317W,YPL093W,0,-6.135365,0.10441359132528305,0.925000011920929,0.79339998960495
YIL073C,YPL122C,0,-6.1358314,0.10440180450677872,0.925000011920929,0.7935000061988831
YMR281W,YBL018C,0,-6.136147,0.10439002513885498,0.925000011920929,0.7936000227928162
YJR108W,YJL065C,0,-6.136161,0.10437824577093124,0.925000011920929,0.7936999797821045
YER040W,YIL105C,0,-6.136248,0.10436646640300751,0.925000011920929,0.7937999963760376
YGR040W,YJL029C,0,-6.1362634,0.10435469448566437,0.925000011920929,0.7939000129699707
YFR030W,YCR009C,0,-6.136345,0.10434292256832123,0.925000011920929,0.7940000295639038
YJR017C,YNL164C,0,-6.13683,0.10433115065097809,0.925000011920929,0.7940999865531921
YNL103W,YOL142W,0,-6.136995,0.10431938618421555,0.925000011920929,0.7942000031471252
YDR206W,YKL025C,0,-6.1371007,0.104307621717453,0.925000011920929,0.7943000197410583
YPL043W,YDL015C,0,-6.137354,0.10429586470127106,0.925000011920929,0.7943999767303467
YOL108C,YJL127C,0,-6.137473,0.10428410023450851,0.925000011920929,0.7944999933242798
YPL028W,YLR448W,0,-6.13758,0.10427235066890717,0.925000011920929,0.7946000099182129
YOL023W,YIL122W,0,-6.137609,0.10426059365272522,0.925000011920929,0.794700026512146
YML077W,YOL116W,0,-6.1377797,0.10424884408712387,0.925000011920929,0.7947999835014343
YGR175C,YJL166W,0,-6.137818,0.10423709452152252,0.925000011920929,0.7949000000953674
YMR240C,YDR272W,0,-6.137847,0.10422535240650177,0.925000011920929,0.7950000166893005
YOL095C,YPR086W,0,-6.1378627,0.10421361029148102,0.925000011920929,0.7950999736785889
YGL003C,YLR023C,0,-6.1379824,0.10420186817646027,0.925000011920929,0.795199990272522
YDR121W,YDR422C,0,-6.138021,0.10419013351202011,0.925000011920929,0.7953000068664551
YER169W,YIL153W,0,-6.138066,0.10417839884757996,0.925000011920929,0.7954000234603882
YJR060W,YLR092W,0,-6.138362,0.1041666641831398,0.925000011920929,0.7954999804496765
YDL065C,YBL007C,0,-6.138507,0.10415493696928024,0.925000011920929,0.7955999970436096
YLR006C,YPL144W,0,-6.1389155,0.10414320975542068,0.925000011920929,0.7957000136375427
YLR102C,YJR118C,0,-6.1389832,0.10413148999214172,0.925000011920929,0.795799970626831
YLL042C,YJR076C,0,-6.13901,0.10411976277828217,0.925000011920929,0.7958999872207642
YER145C,YDL130W-A,0,-6.1390204,0.1041080504655838,0.925000011920929,0.7960000038146973
YKR046C,YDR487C,0,-6.1390676,0.10409633070230484,0.925000011920929,0.7961000204086304
YGR132C,YHR181W,0,-6.1391163,0.10408461838960648,0.925000011920929,0.7961999773979187
YBL082C,YIL124W,0,-6.139151,0.10407290607690811,0.925000011920929,0.7962999939918518
YDR281C,YPL129W,0,-6.1392536,0.10406120121479034,0.925000011920929,0.7964000105857849
YER159C,YKR087C,0,-6.139359,0.10404949635267258,0.925000011920929,0.796500027179718
YGL065C,YBR077C,0,-6.139387,0.10403779149055481,0.925000011920929,0.7965999841690063
YDR440W,YIL105C,0,-6.139475,0.10402609407901764,0.925000011920929,0.7967000007629395
YNL223W,YJR144W,0,-6.139566,0.10401439666748047,0.925000011920929,0.7968000173568726
YBR234C,YPR052C,0,-6.1397967,0.1040026992559433,0.925000011920929,0.7968999743461609
YNL220W,YHR027C,0,-6.1400895,0.10399100929498672,0.925000011920929,0.796999990940094
YPL259C,YKL048C,0,-6.1401086,0.10397931933403015,0.925000011920929,0.7971000075340271
YGL190C,YFL002C,0,-6.1401615,0.10396762937307358,0.925000011920929,0.7972000241279602
YAL022C,YLR005W,0,-6.14035,0.1039559468626976,0.925000011920929,0.7972999811172485
YLR117C,YER166W,0,-6.1404085,0.10394426435232162,0.925000011920929,0.7973999977111816
YHR069C,YPR139C,0,-6.1404934,0.10393258184194565,0.925000011920929,0.7975000143051147
YGL003C,YGL066W,0,-6.14062,0.10392090678215027,0.925000011920929,0.7975999712944031
YOR201C,YJL035C,1,-6.140785,0.1040215715765953,0.9259999990463257,0.7975999712944031
YPR052C,YJL138C,0,-6.1408105,0.10400988161563873,0.9259999990463257,0.7976999878883362
YML121W,YNL151C,0,-6.1408806,0.10399820655584335,0.9259999990463257,0.7978000044822693
YBR205W,YOL128C,0,-6.1410103,0.10398652404546738,0.9259999990463257,0.7979000210762024
YLL022C,YJL168C,0,-6.141492,0.103974848985672,0.9259999990463257,0.7979999780654907
YGR097W,YIL118W,0,-6.141529,0.10396317392587662,0.9259999990463257,0.7980999946594238
YER015W,YBL051C,0,-6.1415443,0.10395150631666183,0.9259999990463257,0.7982000112533569
YMR097C,YLR007W,0,-6.1418242,0.10393983870744705,0.9259999990463257,0.79830002784729
YGR155W,YDR499W,0,-6.1421766,0.10392817109823227,0.9259999990463257,0.7983999848365784
YKR061W,YNL026W,0,-6.142177,0.10391651093959808,0.9259999990463257,0.7985000014305115
YML006C,YKL045W,0,-6.1422696,0.1039048507809639,0.9259999990463257,0.7986000180244446
YAL038W,YNL123W,0,-6.1422706,0.10389319062232971,0.9259999990463257,0.7986999750137329
YAR033W,YER105C,0,-6.142454,0.10388153791427612,0.9259999990463257,0.798799991607666
YGR081C,YLR119W,0,-6.1425815,0.10386988520622253,0.9259999990463257,0.7989000082015991
YLR085C,YLR286C,0,-6.14268,0.10385823249816895,0.9259999990463257,0.7990000247955322
YOR030W,YLR212C,0,-6.142712,0.10384658724069595,0.9259999990463257,0.7990999817848206
YCR098C,YGR063C,0,-6.1430106,0.10383494198322296,0.9259999990463257,0.7991999983787537
YMR135C,YDR507C,0,-6.143082,0.10382329672574997,0.9259999990463257,0.7993000149726868
YER148W,YDR353W,0,-6.143168,0.10381165891885757,0.9259999990463257,0.7993999719619751
YMR188C,YEL026W,0,-6.1434746,0.10380002111196518,0.9259999990463257,0.7994999885559082
YBR211C,YDL178W,0,-6.1437864,0.10378839075565338,0.9259999990463257,0.7996000051498413
YBL015W,YPL192C,0,-6.144151,0.10377676039934158,0.9259999990463257,0.7997000217437744
YJL008C,YGL006W,0,-6.144432,0.10376513004302979,0.9259999990463257,0.7997999787330627
YLR056W,YMR203W,0,-6.144675,0.10375349968671799,0.9259999990463257,0.7998999953269958
YDR121W,YIL129C,0,-6.1450224,0.10374187678098679,0.9259999990463257,0.800000011920929
YDR028C,YHR066W,0,-6.145146,0.10373025387525558,0.9259999990463257,0.8001000285148621
YLR157C,YDL111C,0,-6.14527,0.10371863842010498,0.9259999990463257,0.8001999855041504
YHL019C,YPL043W,0,-6.1452947,0.10370702296495438,0.9259999990463257,0.8003000020980835
YMR263W,YLR396C,0,-6.145455,0.10369540750980377,0.9259999990463257,0.8004000186920166
YJR040W,YDL130W,0,-6.145562,0.10368379950523376,0.9259999990463257,0.8004999756813049
YAL043C,YHR027C,0,-6.1456285,0.10367219150066376,0.9259999990463257,0.800599992275238
YDR046C,YGR193C,0,-6.1456594,0.10366058349609375,0.9259999990463257,0.8007000088691711
YFR055W,YBL007C,0,-6.14566,0.10364898294210434,0.9259999990463257,0.8008000254631042
YDR224C,YDR439W,0,-6.1458745,0.10363738238811493,0.9259999990463257,0.8008999824523926
YOR181W,YDR359C,0,-6.145887,0.10362578183412552,0.9259999990463257,0.8009999990463257
YBR086C,YIL023C,0,-6.146067,0.1036141887307167,0.9259999990463257,0.8011000156402588
YLR342W,YNL031C,0,-6.14608,0.10360259562730789,0.9259999990463257,0.8011999726295471
YDL225W,YKL095W,0,-6.146416,0.10359100252389908,0.9259999990463257,0.8012999892234802
YKR007W,YFL003C,0,-6.1472154,0.10357941687107086,0.9259999990463257,0.8014000058174133
YJL020C,YNL031C,0,-6.1473575,0.10356783121824265,0.9259999990463257,0.8015000224113464
YMR026C,YKL058W,0,-6.147905,0.10355625301599503,0.9259999990463257,0.8015999794006348
YBR236C,YNL106C,0,-6.1479197,0.1035446748137474,0.9259999990463257,0.8016999959945679
YDL022W,YLR340W,0,-6.1479526,0.10353309661149979,0.9259999990463257,0.801800012588501
YDL145C,YGL098W,0,-6.1480546,0.10352151840925217,0.9259999990463257,0.8019000291824341
YNL037C,YKL018W,0,-6.1480656,0.10350994765758514,0.9259999990463257,0.8019999861717224
YOR147W,YHR004C,0,-6.148089,0.10349837690591812,0.9259999990463257,0.8021000027656555
YHR102W,YOR073W,0,-6.1480966,0.1034868136048317,0.9259999990463257,0.8022000193595886
YML069W,YJL004C,0,-6.1483917,0.10347525030374527,0.9259999990463257,0.802299976348877
YEL027W,YKL080W,0,-6.1486187,0.10346368700265884,0.9259999990463257,0.8023999929428101
YOR159C,YMR241W,0,-6.148771,0.10345213115215302,0.9259999990463257,0.8025000095367432
YNL288W,YDR309C,0,-6.14912,0.10344057530164719,0.9259999990463257,0.8026000261306763
YGR191W,YMR163C,0,-6.149132,0.10342901945114136,0.9259999990463257,0.8026999831199646
YGL105W,YLR450W,0,-6.1492963,0.10341746360063553,0.9259999990463257,0.8027999997138977
YGL190C,YMR236W,0,-6.149506,0.1034059152007103,0.9259999990463257,0.8029000163078308
YCL029C,YOL027C,0,-6.1495705,0.10339437425136566,0.9259999990463257,0.8029999732971191
YOR067C,YCR093W,0,-6.149571,0.10338282585144043,0.9259999990463257,0.8030999898910522
YHR114W,YPR102C,0,-6.1496906,0.1033712849020958,0.9259999990463257,0.8032000064849854
YDR173C,YNL044W,0,-6.149875,0.10335975140333176,0.9259999990463257,0.8033000230789185
YDR103W,YDR092W,0,-6.1500883,0.10334821790456772,0.9259999990463257,0.8033999800682068
YDR461W,YGR143W,0,-6.150492,0.10333668440580368,0.9259999990463257,0.8034999966621399
YDR188W,YBR205W,0,-6.1505065,0.10332515090703964,0.9259999990463257,0.803600013256073
YNR013C,YPL032C,0,-6.1506658,0.1033136248588562,0.9259999990463257,0.8036999702453613
YCL014W,YKL005C,0,-6.1506977,0.10330209881067276,0.9259999990463257,0.8037999868392944
YLR109W,YDR309C,0,-6.1507716,0.10329057276248932,0.9259999990463257,0.8039000034332275
YNL020C,YDR298C,0,-6.1508117,0.10327905416488647,0.9259999990463257,0.8040000200271606
YGR097W,YDL006W,0,-6.1510777,0.10326753556728363,0.9259999990463257,0.804099977016449
YER145C,YOR367W,0,-6.1510873,0.10325602442026138,0.9259999990463257,0.8041999936103821
YBR297W,YKL045W,0,-6.1511574,0.10324450582265854,0.9259999990463257,0.8043000102043152
YLR355C,YMR091C,0,-6.1512613,0.10323300212621689,0.9259999990463257,0.8044000267982483
YCL029C,YLR396C,0,-6.1514792,0.10322149097919464,0.9259999990463257,0.8044999837875366
YGL092W,YDR328C,0,-6.151487,0.10320998728275299,0.9259999990463257,0.8046000003814697
YJL011C,YDR027C,0,-6.151548,0.10319848358631134,0.9259999990463257,0.8047000169754028
YML116W,YDR361C,0,-6.1520715,0.10318698734045029,0.9259999990463257,0.8047999739646912
YBR295W,YOR307C,0,-6.1521983,0.10317549109458923,0.9259999990463257,0.8048999905586243
YPL259C,YKL175W,0,-6.1523576,0.10316399484872818,0.9259999990463257,0.8050000071525574
YPL131W,YGL213C,0,-6.1528745,0.10315249860286713,0.9259999990463257,0.8051000237464905
YKL150W,YER120W,0,-6.1529202,0.10314100980758667,0.9259999990463257,0.8051999807357788
YDR140W,YLR183C,0,-6.153135,0.10312952101230621,0.9259999990463257,0.8052999973297119
YGL192W,YMR283C,1,-6.153152,0.10322939604520798,0.9269999861717224,0.8052999973297119
YDR098C,YER112W,0,-6.153254,0.10321790724992752,0.9269999861717224,0.805400013923645
YOR085W,YGR044C,0,-6.1536193,0.10320641100406647,0.9269999861717224,0.8054999709129333
YKL192C,YOR144C,0,-6.1537156,0.10319492220878601,0.9269999861717224,0.8055999875068665
YDL126C,YNR008W,0,-6.153955,0.10318344086408615,0.9269999861717224,0.8057000041007996
YPL181W,YBR130C,0,-6.154143,0.1031719520688057,0.9269999861717224,0.8058000206947327
YNL267W,YHR008C,0,-6.1541486,0.10316047072410583,0.9269999861717224,0.805899977684021
YFR014C,YOL156W,0,-6.1544013,0.10314898937940598,0.9269999861717224,0.8059999942779541
YOR304W,YPL208W,0,-6.154429,0.10313751548528671,0.9269999861717224,0.8061000108718872
YPR135W,YER009W,0,-6.1545577,0.10312604159116745,0.9269999861717224,0.8062000274658203
YPL149W,YNL243W,0,-6.154623,0.10311457514762878,0.9269999861717224,0.8062999844551086
YKR034W,YGR171C,0,-6.1546874,0.10310310125350952,0.9269999861717224,0.8064000010490417
YOL115W,YHR021C,0,-6.1548038,0.10309163480997086,0.9269999861717224,0.8065000176429749
YKL068W,YDR436W,0,-6.1549344,0.10308017581701279,0.9269999861717224,0.8065999746322632
YJL178C,YMR053C,0,-6.155543,0.10306870937347412,0.9269999861717224,0.8066999912261963
YIL075C,YDR078C,0,-6.155664,0.10305725038051605,0.9269999861717224,0.8068000078201294
YOR123C,YOR045W,0,-6.15571,0.10304579883813858,0.9269999861717224,0.8069000244140625
YGL143C,YJL098W,0,-6.155729,0.10303434729576111,0.9269999861717224,0.8069999814033508
YBL019W,YLL050C,0,-6.156032,0.10302289575338364,0.9269999861717224,0.8070999979972839
YDL147W,YCR042C,0,-6.1562486,0.10301144421100616,0.9269999861717224,0.807200014591217
YER157W,YAL035W,0,-6.1562724,0.10300000011920929,0.9269999861717224,0.8072999715805054
YBL082C,YKL021C,0,-6.156355,0.10298855602741241,0.9269999861717224,0.8073999881744385
YDR171W,YKL130C,0,-6.156403,0.10297711938619614,0.9269999861717224,0.8075000047683716
YOR153W,YGL113W,0,-6.1564174,0.10296567529439926,0.9269999861717224,0.8076000213623047
YKL204W,YHR111W,0,-6.1566997,0.10295424610376358,0.9269999861717224,0.807699978351593
YFR055W,YFR029W,0,-6.1568327,0.1029428094625473,0.9269999861717224,0.8077999949455261
YDR288W,YOR301W,0,-6.1569486,0.10293138027191162,0.9269999861717224,0.8079000115394592
YCR093W,YGL255W,0,-6.1571307,0.10291995108127594,0.9269999861717224,0.8080000281333923
YCR031C,YBR143C,0,-6.157244,0.10290852934122086,0.9269999861717224,0.8080999851226807
YBL023C,YKR089C,0,-6.1572695,0.10289710015058517,0.9269999861717224,0.8082000017166138
YER036C,YJR035W,0,-6.157558,0.10288568586111069,0.9269999861717224,0.8083000183105469
YLR295C,YPL179W,0,-6.15805,0.1028742641210556,0.9269999861717224,0.8083999752998352
YAL020C,YNL075W,1,-6.15826,0.1029738113284111,0.9279999732971191,0.8083999752998352
YPR068C,YMR296C,0,-6.1584835,0.10296238958835602,0.9279999732971191,0.8084999918937683
YGR177C,YBR170C,0,-6.158515,0.10295096784830093,0.9279999732971191,0.8086000084877014
YIL049W,YKL143W,0,-6.158552,0.10293954610824585,0.9279999732971191,0.8087000250816345
YHR166C,YDR486C,0,-6.158856,0.10292812436819077,0.9279999732971191,0.8087999820709229
YEL022W,YOL117W,0,-6.1589937,0.10291671007871628,0.9279999732971191,0.808899998664856
YOR151C,YMR104C,0,-6.159239,0.10290530323982239,0.9279999732971191,0.8090000152587891
YER007W,YGL022W,0,-6.159258,0.1028938889503479,0.9279999732971191,0.8090999722480774
YDL160C,YHR059W,0,-6.1593795,0.10288248211145401,0.9279999732971191,0.8091999888420105
YBR280C,YPL032C,0,-6.1595616,0.10287107527256012,0.9279999732971191,0.8093000054359436
YML042W,YJL129C,0,-6.1595845,0.10285967588424683,0.9279999732971191,0.8094000220298767
YHR082C,YPL144W,0,-6.1598253,0.10284827649593353,0.9279999732971191,0.809499979019165
YLR103C,YBR107C,0,-6.1603384,0.10283687710762024,0.9279999732971191,0.8095999956130981
YGL190C,YOL138C,0,-6.1603827,0.10282548516988754,0.9279999732971191,0.8097000122070312
YNL085W,YBR105C,0,-6.1604877,0.10281409323215485,0.9279999732971191,0.8098000288009644
YML099C,YER178W,0,-6.161037,0.10280270129442215,0.9279999732971191,0.8098999857902527
YPR176C,YFL002C,0,-6.1619134,0.10279131680727005,0.9279999732971191,0.8100000023841858
YCL017C,YMR243C,0,-6.1619434,0.10277993232011795,0.9279999732971191,0.8101000189781189
YJL065C,YDR424C,0,-6.161947,0.10276854783296585,0.9279999732971191,0.8101999759674072
YDR511W,YDL138W,0,-6.1622195,0.10275717079639435,0.9279999732971191,0.8102999925613403
YJR047C,YNL031C,0,-6.162512,0.10274579375982285,0.9279999732971191,0.8104000091552734
YJR069C,YIL144W,0,-6.162686,0.10273441672325134,0.9279999732971191,0.8105000257492065
YMR038C,YOL016C,0,-6.1627812,0.10272304713726044,0.9279999732971191,0.8105999827384949
YDL207W,YDR177W,0,-6.1629357,0.10271167755126953,0.9279999732971191,0.810699999332428
YKL141W,YKR101W,0,-6.1633754,0.10270030796527863,0.9279999732971191,0.8108000159263611
YDR039C,YDR449C,0,-6.163471,0.10268894582986832,0.9279999732971191,0.8108999729156494
YOR067C,YKR055W,0,-6.1635814,0.10267758369445801,0.9279999732971191,0.8109999895095825
YML112W,YJR040W,0,-6.1637735,0.1026662215590477,0.9279999732971191,0.8111000061035156
YCL034W,YMR096W,0,-6.16451,0.10265486687421799,0.9279999732971191,0.8112000226974487
YKL048C,YGR143W,0,-6.1646433,0.10264351218938828,0.9279999732971191,0.8112999796867371
YLR390W-A,YNL088W,0,-6.1647863,0.10263215750455856,0.9279999732971191,0.8113999962806702
YBR041W,YML073C,0,-6.1649013,0.10262081027030945,0.9279999732971191,0.8115000128746033
YKL007W,YJR060W,0,-6.16494,0.10260946303606033,0.9279999732971191,0.8116000294685364
YOL111C,YGL145W,0,-6.1649957,0.10259812325239182,0.9279999732971191,0.8116999864578247
YML107C,YCR008W,0,-6.165004,0.1025867760181427,0.9279999732971191,0.8118000030517578
YGR088W,YER068W,0,-6.165026,0.10257543623447418,0.9279999732971191,0.8119000196456909
YGR157W,YKL060C,0,-6.165069,0.10256410390138626,0.9279999732971191,0.8119999766349792
YLR103C,YPR070W,0,-6.1651306,0.10255277156829834,0.9279999732971191,0.8120999932289124
YGL200C,YML004C,0,-6.165172,0.10254143923521042,0.9279999732971191,0.8122000098228455
YDR494W,YHR119W,0,-6.1651883,0.1025301069021225,0.9279999732971191,0.8123000264167786
YFL029C,YOR362C,0,-6.165255,0.10251878201961517,0.9279999732971191,0.8123999834060669
YDR184C,YDR219C,0,-6.1652656,0.10250745713710785,0.9279999732971191,0.8125
YDL154W,YKL197C,0,-6.16538,0.10249613225460052,0.9279999732971191,0.8126000165939331
YIL142W,YPL213W,0,-6.165602,0.1024848148226738,0.9279999732971191,0.8126999735832214
YOR085W,YDL216C,0,-6.165655,0.10247349739074707,0.9279999732971191,0.8127999901771545
YHR007C,YLR033W,0,-6.1658854,0.10246218740940094,0.9279999732971191,0.8129000067710876
YDR424C,YBL056W,0,-6.16596,0.10245086997747421,0.9279999732971191,0.8130000233650208
YIL122W,YPR016C,0,-6.1660433,0.10243955999612808,0.9279999732971191,0.8130999803543091
YDR163W,YPR198W,0,-6.16622,0.10242825746536255,0.9279999732971191,0.8131999969482422
YOR002W,YHR167W,0,-6.166296,0.10241695493459702,0.9279999732971191,0.8133000135421753
YNR016C,YOR064C,0,-6.1664186,0.10240565240383148,0.9279999732971191,0.8133999705314636
YGL180W,YGL018C,0,-6.1665587,0.10239434987306595,0.9279999732971191,0.8134999871253967
YDR118W,YKR024C,0,-6.1670456,0.10238305479288101,0.9279999732971191,0.8136000037193298
YJL165C,YGR214W,0,-6.1670756,0.10237175971269608,0.9279999732971191,0.8137000203132629
YNL119W,YPR181C,0,-6.167278,0.10236046463251114,0.9279999732971191,0.8137999773025513
YDR270W,YLR380W,0,-6.167746,0.1023491770029068,0.9279999732971191,0.8138999938964844
YBL098W,YOR299W,0,-6.1679363,0.10233788937330246,0.9279999732971191,0.8140000104904175
YER168C,YLR165C,1,-6.167957,0.10243687033653259,0.9290000200271606,0.8140000104904175
YLL008W,YIL135C,0,-6.1680365,0.10242557525634766,0.9290000200271606,0.8141000270843506
YOR354C,YNL107W,0,-6.168098,0.10241428762674332,0.9290000200271606,0.8141999840736389
YCR002C,YOL068C,0,-6.168119,0.10240299999713898,0.9290000200271606,0.814300000667572
YBL045C,YBR253W,0,-6.168381,0.10239171236753464,0.9290000200271606,0.8144000172615051
YOR004W,YDR080W,0,-6.168521,0.1023804247379303,0.9290000200271606,0.8144999742507935
YOR198C,YBR250W,0,-6.1687465,0.10236914455890656,0.9290000200271606,0.8145999908447266
YGL012W,YDR463W,0,-6.168907,0.10235786437988281,0.9290000200271606,0.8147000074386597
YGL106W,YDR238C,0,-6.1691813,0.10234659165143967,0.9290000200271606,0.8148000240325928
YDR110W,YPR024W,0,-6.169631,0.10233531892299652,0.9290000200271606,0.8148999810218811
YAL007C,YBL058W,0,-6.1698465,0.10232404619455338,0.9290000200271606,0.8149999976158142
YLR254C,YML027W,0,-6.1699467,0.10231277346611023,0.9290000200271606,0.8151000142097473
YAL007C,YKL058W,0,-6.1699653,0.10230150818824768,0.9290000200271606,0.8151999711990356
YAL013W,YGL004C,0,-6.1700196,0.10229024291038513,0.9290000200271606,0.8152999877929688
YPL048W,YKL017C,0,-6.1702237,0.10227898508310318,0.9290000200271606,0.8154000043869019
YDL002C,YGL093W,0,-6.1704645,0.10226771980524063,0.9290000200271606,0.815500020980835
YDR244W,YMR293C,0,-6.171271,0.10225646942853928,0.9290000200271606,0.8155999779701233
YPR181C,YKR037C,0,-6.171637,0.10224521160125732,0.9290000200271606,0.8156999945640564
YPL046C,YKL144C,0,-6.172071,0.10223396122455597,0.9290000200271606,0.8158000111579895
YGR191W,YOL001W,0,-6.172129,0.10222271084785461,0.9290000200271606,0.8159000277519226
YPR124W,YPL270W,0,-6.172216,0.10221146792173386,0.9290000200271606,0.8159999847412109
YDR302W,YNL231C,0,-6.1722565,0.1022002175450325,0.9290000200271606,0.816100001335144
YGR262C,YDR479C,0,-6.172479,0.10218897461891174,0.9290000200271606,0.8162000179290771
YER044C,YLR097C,0,-6.172918,0.10217773914337158,0.9290000200271606,0.8162999749183655
YHR053C,YOR149C,0,-6.1729217,0.10216650366783142,0.9290000200271606,0.8163999915122986
YIR010W,YIL122W,0,-6.173576,0.10215526819229126,0.9290000200271606,0.8165000081062317
YER125W,YJR019C,0,-6.1736245,0.1021440327167511,0.9290000200271606,0.8166000247001648
YDR158W,YOL076W,0,-6.1740007,0.10213280469179153,0.9290000200271606,0.8166999816894531
YLR238W,YER093C,0,-6.174026,0.10212157666683197,0.9290000200271606,0.8167999982833862
YOR067C,YDL245C,0,-6.1740355,0.102110356092453,0.9290000200271606,0.8169000148773193
YAL042W,YGL241W,0,-6.1741853,0.10209912806749344,0.9290000200271606,0.8169999718666077
YMR276W,YBR058C,0,-6.1742854,0.10208791494369507,0.9290000200271606,0.8170999884605408
YMR214W,YLR003C,0,-6.174769,0.1020766943693161,0.9290000200271606,0.8172000050544739
YGL029W,YOR171C,0,-6.1748385,0.10206548124551773,0.9290000200271606,0.817300021648407
YDR518W,YNL127W,0,-6.1750197,0.10205426812171936,0.9290000200271606,0.8173999786376953
YBR068C,YPL124W,0,-6.175653,0.10204305499792099,0.9290000200271606,0.8174999952316284
YDR208W,YER094C,0,-6.1759505,0.10203184932470322,0.9290000200271606,0.8176000118255615
YER133W,YNR047W,0,-6.17613,0.10202064365148544,0.9290000200271606,0.8177000284194946
YCR082W,YBL016W,0,-6.176494,0.10200944542884827,0.9290000200271606,0.817799985408783
YGL106W,YGR014W,0,-6.1767883,0.1019982397556305,0.9290000200271606,0.8179000020027161
YLR368W,YDL147W,0,-6.1768055,0.10198704898357391,0.9290000200271606,0.8180000185966492
YDR121W,YNL047C,0,-6.176958,0.10197585076093674,0.9290000200271606,0.8180999755859375
YNR007C,YKL021C,0,-6.177076,0.10196465998888016,0.9290000200271606,0.8181999921798706
YNL267W,YJR102C,0,-6.177152,0.10195346921682358,0.9290000200271606,0.8183000087738037
YJL178C,YBR050C,0,-6.177222,0.101942278444767,0.9290000200271606,0.8184000253677368
YML124C,YHR039C-A,0,-6.17728,0.10193109512329102,0.9290000200271606,0.8184999823570251
YPR073C,YGL144C,0,-6.1772904,0.10191991180181503,0.9290000200271606,0.8185999989509583
YGL150C,YHR172W,0,-6.1779084,0.10190872848033905,0.9290000200271606,0.8187000155448914
YER105C,YNL310C,0,-6.1779623,0.10189755260944366,0.9290000200271606,0.8187999725341797
YGR224W,YNL082W,0,-6.178454,0.10188637673854828,0.9290000200271606,0.8188999891281128
YDR439W,YGR085C,0,-6.17851,0.10187520831823349,0.9290000200271606,0.8190000057220459
YAL056W,YBR069C,0,-6.178739,0.1018640324473381,0.9290000200271606,0.819100022315979
YBL047C,YIL131C,0,-6.178921,0.10185286402702332,0.9290000200271606,0.8191999793052673
YKL029C,YMR203W,0,-6.1791177,0.10184170305728912,0.9290000200271606,0.8192999958992004
YGR147C,YBR212W,0,-6.179126,0.10183053463697433,0.9290000200271606,0.8194000124931335
YML124C,YMR104C,0,-6.179255,0.10181938111782074,0.9290000200271606,0.8195000290870667
YEL063C,YJL074C,0,-6.1793733,0.10180822014808655,0.9290000200271606,0.819599986076355
YIL103W,YGR202C,0,-6.1794386,0.10179706662893295,0.9290000200271606,0.8197000026702881
YPR031W,YBR167C,0,-6.179662,0.10178591310977936,0.9290000200271606,0.8198000192642212
YKL021C,YDR218C,0,-6.180018,0.10177475959062576,0.9290000200271606,0.8198999762535095
YBL022C,YKR014C,0,-6.1805077,0.10176361352205276,0.9290000200271606,0.8199999928474426
YCR034W,YBR168W,0,-6.180556,0.10175246745347977,0.9290000200271606,0.8201000094413757
YML086C,YNL071W,0,-6.1805835,0.10174132138490677,0.9290000200271606,0.8202000260353088
YHR174W,YLR403W,0,-6.18067,0.10173018276691437,0.9290000200271606,0.8202999830245972
YMR296C,YBR119W,0,-6.1807084,0.10171904414892197,0.9290000200271606,0.8203999996185303
YHL034C,YJL004C,0,-6.1811576,0.10170790553092957,0.9290000200271606,0.8205000162124634
YOR322C,YDR073W,0,-6.181312,0.10169677436351776,0.9290000200271606,0.8205999732017517
YDL102W,YMR197C,0,-6.181496,0.10168563574552536,0.9290000200271606,0.8206999897956848
YOL078W,YMR225C,0,-6.1820197,0.10167451202869415,0.9290000200271606,0.8208000063896179
YNL274C,YFR005C,0,-6.182042,0.10166338086128235,0.9290000200271606,0.820900022983551
YEL029C,YOR136W,0,-6.18212,0.10165225714445114,0.9290000200271606,0.8209999799728394
YNR002C,YMR055C,0,-6.1821203,0.10164114087820053,0.9290000200271606,0.8210999965667725
YNL106C,YKR085C,0,-6.182177,0.10163001716136932,0.9290000200271606,0.8212000131607056
YCL059C,YFR031C,0,-6.182185,0.10161890089511871,0.9290000200271606,0.8213000297546387
YMR048W,YGR046W,0,-6.1824183,0.1016077846288681,0.9290000200271606,0.821399986743927
YDL079C,YDL065C,0,-6.1824474,0.10159667581319809,0.9290000200271606,0.8215000033378601
YMR319C,YBL020W,0,-6.1828218,0.10158556699752808,0.9290000200271606,0.8216000199317932
YLR201C,YML021C,0,-6.1828284,0.10157445818185806,0.9290000200271606,0.8216999769210815
YGR193C,YHR083W,0,-6.182874,0.10156335681676865,0.9290000200271606,0.8217999935150146
YMR058W,YMR150C,0,-6.1828933,0.10155225545167923,0.9290000200271606,0.8219000101089478
YDR231C,YOR130C,0,-6.183104,0.10154115408658981,0.9290000200271606,0.8220000267028809
YHR205W,YMR241W,0,-6.1831174,0.1015300527215004,0.9290000200271606,0.8220999836921692
YGL099W,YLR240W,0,-6.1831565,0.10151895880699158,0.9290000200271606,0.8222000002861023
YPL001W,YJR153W,0,-6.1833353,0.10150786489248276,0.9290000200271606,0.8223000168800354
YOR144C,YMR039C,0,-6.1834006,0.10149677842855453,0.9290000200271606,0.8223999738693237
YJL011C,YGR221C,0,-6.183532,0.10148569196462631,0.9290000200271606,0.8224999904632568
YFR046C,YKL175W,0,-6.1836247,0.10147460550069809,0.9290000200271606,0.8226000070571899
YOR217W,YKL193C,0,-6.1839705,0.10146351903676987,0.9290000200271606,0.822700023651123
YEL027W,YER129W,0,-6.184109,0.10145244002342224,0.9290000200271606,0.8227999806404114
YHR143W-A,YBR289W,0,-6.1842256,0.10144136101007462,0.9290000200271606,0.8228999972343445
YCR094W,YGL173C,0,-6.184232,0.10143028944730759,0.9290000200271606,0.8230000138282776
YPL154C,YER012W,0,-6.1842346,0.10141921043395996,0.9290000200271606,0.8230999708175659
YIL121W,YPL032C,0,-6.184294,0.10140814632177353,0.9290000200271606,0.823199987411499
YMR092C,YMR292W,0,-6.1843104,0.1013970747590065,0.9290000200271606,0.8233000040054321
YLR153C,YGR092W,0,-6.184363,0.10138601064682007,0.9290000200271606,0.8234000205993652
YGL019W,YFL037W,0,-6.184512,0.10137494653463364,0.9290000200271606,0.8234999775886536
YAL009W,YGR072W,0,-6.184587,0.1013638824224472,0.9290000200271606,0.8235999941825867
YDR158W,YER095W,0,-6.184648,0.10135282576084137,0.9290000200271606,0.8237000107765198
YLR051C,YHR108W,0,-6.1849256,0.10134176909923553,0.9290000200271606,0.8238000273704529
YNL220W,YMR214W,0,-6.1850104,0.1013307124376297,0.9290000200271606,0.8238999843597412
YJR121W,YNL197C,0,-6.18511,0.10131966322660446,0.9290000200271606,0.8240000009536743
YPL125W,YIL023C,0,-6.1852503,0.10130861401557922,0.9290000200271606,0.8241000175476074
YGL192W,YML014W,1,-6.1852527,0.10140661150217056,0.9300000071525574,0.8241000175476074
YBR213W,YDL084W,0,-6.18534,0.10139555484056473,0.9300000071525574,0.8241999745368958
YKL190W,YNL088W,0,-6.18537,0.10138449817895889,0.9300000071525574,0.8242999911308289
YPR110C,YIL030C,0,-6.1854963,0.10137344896793365,0.9300000071525574,0.824400007724762
YPL145C,YHL027W,0,-6.185572,0.10136239975690842,0.9300000071525574,0.8245000243186951
YKR031C,YBR254C,0,-6.1857657,0.10135135054588318,0.9300000071525574,0.8245999813079834
YOL002C,YJL140W,0,-6.185927,0.10134030878543854,0.9300000071525574,0.8246999979019165
YOL089C,YLR305C,0,-6.1861963,0.1013292670249939,0.9300000071525574,0.8248000144958496
YPL169C,YNL079C,0,-6.186219,0.10131822526454926,0.9300000071525574,0.8248999714851379
YMR049C,YNL121C,0,-6.186415,0.10130719095468521,0.9300000071525574,0.824999988079071
YBR095C,YPR181C,0,-6.1865106,0.10129615664482117,0.9300000071525574,0.8251000046730042
YER003C,YKL081W,0,-6.18676,0.10128512233495712,0.9300000071525574,0.8252000212669373
YDL116W,YMR088C,0,-6.186909,0.10127409547567368,0.9300000071525574,0.8252999782562256
YBR121C,YER148W,0,-6.1869435,0.10126306861639023,0.9300000071525574,0.8253999948501587
YHR007C,YKL101W,0,-6.1872983,0.10125204175710678,0.9300000071525574,0.8255000114440918
YOL068C,YMR167W,0,-6.1874843,0.10124102234840393,0.9300000071525574,0.8256000280380249
YBR294W,YGR185C,0,-6.1874843,0.10122999548912048,0.9300000071525574,0.8256999850273132
YNL223W,YDR188W,0,-6.1875587,0.10121898353099823,0.9300000071525574,0.8258000016212463
YIR004W,YCR044C,0,-6.1875644,0.10120796412229538,0.9300000071525574,0.8259000182151794
YLR285W,YBR260C,0,-6.1876483,0.10119695216417313,0.9300000071525574,0.8259999752044678
YER068W,YLR448W,0,-6.187735,0.10118594020605087,0.9300000071525574,0.8260999917984009
YBR158W,YMR203W,0,-6.1882844,0.10117493569850922,0.9300000071525574,0.826200008392334
YMR081C,YFL033C,0,-6.188333,0.10116393119096756,0.9300000071525574,0.8263000249862671
YBR228W,YNL121C,0,-6.1883826,0.1011529266834259,0.9300000071525574,0.8263999819755554
YKR024C,YBR072W,0,-6.1888843,0.10114192217588425,0.9300000071525574,0.8264999985694885
YKR048C,YNL244C,0,-6.1889253,0.10113092511892319,0.9300000071525574,0.8266000151634216
YOR008C,YHR111W,0,-6.1890445,0.10111992806196213,0.9300000071525574,0.82669997215271
YNL233W,YOR020C,0,-6.1890693,0.10110893845558167,0.9300000071525574,0.8267999887466431
YMR237W,YMR021C,0,-6.189132,0.1010979488492012,0.9300000071525574,0.8269000053405762
YOR261C,YPR125W,0,-6.1891603,0.10108695924282074,0.9300000071525574,0.8270000219345093
YGR121C,YNL044W,0,-6.189237,0.10107596963644028,0.9300000071525574,0.8270999789237976
YEL030W,YDR176W,0,-6.189566,0.10106498748064041,0.9300000071525574,0.8271999955177307
YMR119W,YPR073C,0,-6.1896014,0.10105400532484055,0.9300000071525574,0.8273000121116638
YAL007C,YDR207C,0,-6.189672,0.10104302316904068,0.9300000071525574,0.8274000287055969
YER159C,YDR130C,0,-6.189697,0.10103204846382141,0.9300000071525574,0.8274999856948853
YER166W,YDR318W,0,-6.1897645,0.10102107375860214,0.9300000071525574,0.8276000022888184
YDL056W,YDR145W,0,-6.1898656,0.10101009905338287,0.9300000071525574,0.8277000188827515
YKL220C,YNL113W,0,-6.1900134,0.1009991317987442,0.9300000071525574,0.8277999758720398
YDR150W,YOR008C,0,-6.190071,0.10098816454410553,0.9300000071525574,0.8278999924659729
YPR070W,YDR394W,0,-6.1902394,0.10097719728946686,0.9300000071525574,0.828000009059906
YML099C,YOR032C,0,-6.1902566,0.10096623748540878,0.9300000071525574,0.8281000256538391
YLR133W,YLR216C,0,-6.1908126,0.10095527768135071,0.9300000071525574,0.8281999826431274
YPL149W,YOR008C,0,-6.1909356,0.10094431787729263,0.9300000071525574,0.8282999992370605
YNL239W,YIR022W,0,-6.1909432,0.10093336552381516,0.9300000071525574,0.8284000158309937
YKL205W,YOL003C,0,-6.191173,0.10092240571975708,0.9300000071525574,0.828499972820282
YPL267W,YIL053W,0,-6.1913266,0.1009114608168602,0.9300000071525574,0.8285999894142151
YGL051W,YDR217C,0,-6.191414,0.10090050846338272,0.9300000071525574,0.8287000060081482
YPR072W,YDR078C,0,-6.1917176,0.10088956356048584,0.9300000071525574,0.8288000226020813
YGL032C,YIL053W,0,-6.192216,0.10087861865758896,0.9300000071525574,0.8288999795913696
YBR290W,YMR290C,0,-6.19227,0.10086768120527267,0.9300000071525574,0.8289999961853027
YBR008C,YJR158W,0,-6.192286,0.10085674375295639,0.9300000071525574,0.8291000127792358
YMR202W,YMR081C,0,-6.19264,0.1008458063006401,0.9300000071525574,0.829200029373169
YNL197C,YIL023C,0,-6.1926694,0.10083486884832382,0.9300000071525574,0.8292999863624573
YER174C,YGR044C,0,-6.1927037,0.10082393884658813,0.9300000071525574,0.8294000029563904
YLL008W,YBR256C,0,-6.1927476,0.10081300884485245,0.9300000071525574,0.8295000195503235
YBR073W,YBR265W,0,-6.1927557,0.10080207884311676,0.9300000071525574,0.8295999765396118
YIL070C,YLR357W,0,-6.1929946,0.10079115629196167,0.9300000071525574,0.8296999931335449
YGL005C,YJL164C,0,-6.1930213,0.10078023374080658,0.9300000071525574,0.829800009727478
YJL222W,YEL002C,0,-6.1930623,0.10076931118965149,0.9300000071525574,0.8299000263214111
YBL006C,YJL140W,0,-6.1930733,0.100758396089077,0.9300000071525574,0.8299999833106995
YLR238W,YOL095C,0,-6.193111,0.1007474809885025,0.9300000071525574,0.8300999999046326
YER070W,YKL148C,0,-6.1931157,0.10073656588792801,0.9300000071525574,0.8302000164985657
YGL155W,YLR090W,0,-6.193124,0.10072565823793411,0.9300000071525574,0.830299973487854
YDL137W,YJR127C,0,-6.193162,0.10071475058794022,0.9300000071525574,0.8303999900817871
YNL029C,YNL334C,0,-6.193437,0.10070384293794632,0.9300000071525574,0.8305000066757202
YMR268C,YAR042W,0,-6.19348,0.10069294273853302,0.9300000071525574,0.8306000232696533
YPL085W,YPR139C,0,-6.1934943,0.10068204253911972,0.9300000071525574,0.8306999802589417
YDR176W,YDR463W,0,-6.19381,0.10067114233970642,0.9300000071525574,0.8307999968528748
YMR202W,YOR035C,0,-6.194022,0.10066024214029312,0.9300000071525574,0.8309000134468079
YOL108C,YPR125W,0,-6.1940837,0.10064934939146042,0.9300000071525574,0.8309999704360962
YDL035C,YER003C,0,-6.194587,0.10063845664262772,0.9300000071525574,0.8310999870300293
YDL220C,YOR001W,0,-6.194665,0.10062757134437561,0.9300000071525574,0.8312000036239624
YKL117W,YBR294W,0,-6.1948285,0.1006166860461235,0.9300000071525574,0.8313000202178955
YPL147W,YHR203C,0,-6.1948886,0.1006058007478714,0.9300000071525574,0.8313999772071838
YNL080C,YJL186W,0,-6.195063,0.1005949154496193,0.9300000071525574,0.8314999938011169
YIL155C,YER148W,0,-6.1951766,0.10058403760194778,0.9300000071525574,0.83160001039505
YMR014W,YCR073C,0,-6.195207,0.10057315975427628,0.9300000071525574,0.8317000269889832
YLR097C,YJL061W,0,-6.1956058,0.10056228190660477,0.9300000071525574,0.8317999839782715
YPR199C,YJR045C,0,-6.195802,0.10055141150951385,0.9300000071525574,0.8319000005722046
YBR245C,YDR251W,0,-6.1958046,0.10054054111242294,0.9300000071525574,0.8320000171661377
YDL178W,YBR215W,0,-6.1959634,0.10052967071533203,0.9300000071525574,0.832099974155426
YBR169C,YDR400W,0,-6.195987,0.10051880776882172,0.9300000071525574,0.8321999907493591
YDL004W,YIL039W,0,-6.1962543,0.1005079448223114,0.9300000071525574,0.8323000073432922
YJL001W,YBR182C,0,-6.196484,0.10049708187580109,0.9300000071525574,0.8324000239372253
YLR377C,YOL054W,0,-6.196626,0.10048622637987137,0.9300000071525574,0.8324999809265137
YKL206C,YNL156C,0,-6.1967044,0.10047537088394165,0.9300000071525574,0.8325999975204468
YMR033W,YPL188W,0,-6.1969743,0.10046451538801193,0.9300000071525574,0.8327000141143799
YHR114W,YFR009W,0,-6.1971335,0.10045365989208221,0.9300000071525574,0.8327999711036682
YNL326C,YKL012W,0,-6.1973367,0.1004428118467331,0.9300000071525574,0.8328999876976013
YJR108W,YBR188C,0,-6.1973777,0.10043196380138397,0.9300000071525574,0.8330000042915344
YDR200C,YGL225W,0,-6.197388,0.10042112320661545,0.9300000071525574,0.8331000208854675
YJR007W,YOR132W,0,-6.1976304,0.10041027516126633,0.9300000071525574,0.8331999778747559
YCL011C,YDR487C,0,-6.19766,0.1003994420170784,0.9300000071525574,0.833299994468689
YJR093C,YMR054W,0,-6.1978264,0.10038860142230988,0.9300000071525574,0.8334000110626221
YFR047C,YOR233W,0,-6.1978626,0.10037776827812195,0.9300000071525574,0.8335000276565552
YLR100W,YOL023W,0,-6.1979156,0.10036693513393402,0.9300000071525574,0.8335999846458435
YNL326C,YPR088C,0,-6.198049,0.1003561019897461,0.9300000071525574,0.8337000012397766
YIL018W,YMR322C,0,-6.1982675,0.10034527629613876,0.9300000071525574,0.8338000178337097
YNL091W,YPL131W,0,-6.1986055,0.10033445060253143,0.9300000071525574,0.833899974822998
YBR080C,YPL129W,0,-6.1990066,0.1003236249089241,0.9300000071525574,0.8339999914169312
YJL081C,YIL105C,0,-6.199014,0.10031280666589737,0.9300000071525574,0.8341000080108643
YML116W,YBR002C,0,-6.199122,0.10030198097229004,0.9300000071525574,0.8342000246047974
YPR010C,YGL127C,0,-6.1997914,0.1002911701798439,0.9300000071525574,0.8342999815940857
YGR227W,YDR259C,0,-6.199876,0.10028035193681717,0.9300000071525574,0.8343999981880188
YOR221C,YOL142W,0,-6.1998987,0.10026954114437103,0.9300000071525574,0.8345000147819519
YNL298W,YGL100W,0,-6.1999435,0.1002587303519249,0.9300000071525574,0.8345999717712402
YGL223C,YJL134W,0,-6.200017,0.10024792701005936,0.9300000071525574,0.8346999883651733
YDL135C,YER117W,0,-6.2000346,0.10023712366819382,0.9300000071525574,0.8348000049591064
YHR072W,YMR267W,0,-6.2003503,0.10022632032632828,0.9300000071525574,0.8349000215530396
YIL022W,YJL048C,0,-6.2006717,0.10021551698446274,0.9300000071525574,0.8349999785423279
YHR052W,YEL013W,0,-6.200736,0.1002047210931778,0.9300000071525574,0.835099995136261
YLR069C,YCR024C-A,0,-6.2008777,0.10019392520189285,0.9300000071525574,0.8352000117301941
YHR190W,YDL098C,0,-6.200957,0.10018312931060791,0.9300000071525574,0.8353000283241272
YEL003W,YJL036W,0,-6.2009892,0.10017234086990356,0.9300000071525574,0.8353999853134155
YKL114C,YIL023C,0,-6.201309,0.10016155242919922,0.9300000071525574,0.8355000019073486
YJL165C,YMR100W,0,-6.2016473,0.10015076398849487,0.9300000071525574,0.8356000185012817
YBL035C,YKL035W,0,-6.2017345,0.10013998299837112,0.9300000071525574,0.8356999754905701
YMR023C,YCL054W,1,-6.201982,0.10023686289787292,0.9309999942779541,0.8356999754905701
YGR030C,YMR077C,0,-6.2019825,0.10022607445716858,0.9309999942779541,0.8357999920845032
YER143W,YAL025C,0,-6.202166,0.10021528601646423,0.9309999942779541,0.8359000086784363
YMR038C,YDR151C,0,-6.202355,0.10020449757575989,0.9309999942779541,0.8360000252723694
YIL004C,YDL080C,0,-6.2023787,0.10019371658563614,0.9309999942779541,0.8360999822616577
YPL037C,YDR038C,0,-6.2025156,0.10018293559551239,0.9309999942779541,0.8361999988555908
YCR073C,YMR005W,0,-6.2028437,0.10017215460538864,0.9309999942779541,0.8363000154495239
YLR113W,YBR223C,0,-6.2029138,0.10016137361526489,0.9309999942779541,0.8363999724388123
YER056C,YKR089C,0,-6.2031193,0.10015060007572174,0.9309999942779541,0.8364999890327454
YIL124W,YCR031C,0,-6.203234,0.10013982653617859,0.9309999942779541,0.8366000056266785
YDR395W,YOR162C,0,-6.2034225,0.10012906044721603,0.9309999942779541,0.8367000222206116
YPL101W,YDL033C,1,-6.20344,0.10022582858800888,0.9319999814033508,0.8367000222206116
YDL022W,YJR069C,0,-6.2039285,0.10021505504846573,0.9319999814033508,0.8367999792098999
YDR021W,YDR180W,0,-6.204057,0.10020428150892258,0.9319999814033508,0.836899995803833
YKL122C,YDR463W,0,-6.204078,0.10019350796937943,0.9319999814033508,0.8370000123977661
YKL005C,YKR057W,0,-6.2043014,0.10018273442983627,0.9319999814033508,0.8371000289916992
YML116W,YDL185W,0,-6.2045097,0.10017196834087372,0.9319999814033508,0.8371999859809875
YGL192W,YDL201W,1,-6.2045407,0.10026866942644119,0.9330000281333923,0.8371999859809875
YMR023C,YML014W,1,-6.2049108,0.10036535561084747,0.9340000152587891,0.8371999859809875
YOR209C,YGL167C,0,-6.2049804,0.10035457462072372,0.9340000152587891,0.8373000025749207
YOR239W,YOR261C,0,-6.2051096,0.10034379363059998,0.9340000152587891,0.8374000191688538
YLR110C,YNL290W,0,-6.2051864,0.10033301264047623,0.9340000152587891,0.8374999761581421
YHR102W,YER112W,0,-6.2054806,0.10032223165035248,0.9340000152587891,0.8375999927520752
YGR101W,YLR357W,0,-6.205763,0.10031145811080933,0.9340000152587891,0.8377000093460083
YBL045C,YOL116W,0,-6.205856,0.10030068457126617,0.9340000152587891,0.8378000259399414
YHR133C,YGR047C,0,-6.206153,0.10028991848230362,0.9340000152587891,0.8378999829292297
YIL098C,YJR002W,0,-6.206527,0.10027915239334106,0.9340000152587891,0.8379999995231628
YPR122W,YJL192C,0,-6.2066674,0.10026838630437851,0.9340000152587891,0.838100016117096
YGR252W,YDR062W,0,-6.2067485,0.10025762021541595,0.9340000152587891,0.8381999731063843
YPR193C,YKL130C,0,-6.2068176,0.100246861577034,0.9340000152587891,0.8382999897003174
YAL020C,YNR046W,1,-6.206877,0.10034342110157013,0.9350000023841858,0.8382999897003174
YDR163W,YLR088W,0,-6.2069125,0.10033265501260757,0.9350000023841858,0.8384000062942505
YMR173W,YJL076W,0,-6.2070932,0.10032188892364502,0.9350000023841858,0.8385000228881836
YDR456W,YPL192C,0,-6.207162,0.10031112283468246,0.9350000023841858,0.8385999798774719
YDR386W,YKL140W,0,-6.2073464,0.1003003641963005,0.9350000023841858,0.838699996471405
YGL142C,YKL068W,0,-6.2075286,0.10028960555791855,0.9350000023841858,0.8388000130653381
YLR423C,YML025C,0,-6.2076907,0.10027884691953659,0.9350000023841858,0.8389000296592712
YOR274W,YGL136C,1,-6.207767,0.10037533193826675,0.9359999895095825,0.8389000296592712
YJL081C,YGR281W,0,-6.207815,0.1003645732998848,0.9359999895095825,0.8389999866485596
YLR113W,YML001W,0,-6.2078648,0.10035381466150284,0.9359999895095825,0.8391000032424927
YDL043C,YEL002C,0,-6.207889,0.10034305602312088,0.9359999895095825,0.8392000198364258
YLR016C,YGL037C,0,-6.207963,0.10033229738473892,0.9359999895095825,0.8392999768257141
YMR079W,YJL029C,0,-6.207999,0.10032154619693756,0.9359999895095825,0.8393999934196472
YOR011W,YJL198W,0,-6.208037,0.1003107950091362,0.9359999895095825,0.8395000100135803
YJL008C,YDR277C,0,-6.208215,0.10030004382133484,0.9359999895095825,0.8396000266075134
YJL020C,YMR036C,0,-6.208266,0.10028929263353348,0.9359999895095825,0.8396999835968018
YHR123W,YDL223C,0,-6.2082815,0.10027854889631271,0.9359999895095825,0.8398000001907349
YCR010C,YGR120C,0,-6.2083144,0.10026781260967255,0.9359999895095825,0.839900016784668
YDL175C,YIR018W,0,-6.2088704,0.10025706887245178,0.9359999895095825,0.8399999737739563
YER007W,YKL175W,0,-6.2089634,0.10024633258581161,0.9359999895095825,0.8400999903678894
YCR005C,YER169W,0,-6.209033,0.10023559629917145,0.9359999895095825,0.8402000069618225
YGR036C,YAL035W,0,-6.2092786,0.10022486001253128,0.9359999895095825,0.8403000235557556
YCR039C,YGL038C,0,-6.209355,0.10021413117647171,0.9359999895095825,0.840399980545044
YOR080W,YER024W,0,-6.20964,0.10020340234041214,0.9359999895095825,0.840499997138977
YDL029W,YGR147C,0,-6.209675,0.10019268095493317,0.9359999895095825,0.8406000137329102
YBR009C,YGL127C,0,-6.2096853,0.1001819521188736,0.9359999895095825,0.8406999707221985
YFL041W,YAL025C,0,-6.209719,0.10017123073339462,0.9359999895095825,0.8407999873161316
YGR037C,YBL007C,0,-6.209817,0.10016051679849625,0.9359999895095825,0.8409000039100647
YGR230W,YJL076W,0,-6.2102804,0.10014979541301727,0.9359999895095825,0.8410000205039978
YJL099W,YGR227W,0,-6.2103114,0.1001390814781189,0.9359999895095825,0.8410999774932861
YKL013C,YGL167C,0,-6.2106233,0.10012836754322052,0.9359999895095825,0.8411999940872192
YLL015W,YHR174W,0,-6.210877,0.10011766105890274,0.9359999895095825,0.8413000106811523
YDR005C,YDR143C,0,-6.210936,0.10010695457458496,0.9359999895095825,0.8414000272750854
YGL017W,YBR289W,0,-6.2109656,0.10009624809026718,0.9359999895095825,0.8414999842643738
YLR008C,YDR177W,0,-6.211163,0.1000855416059494,0.9359999895095825,0.8416000008583069
YBR142W,YGR206W,0,-6.211263,0.10007484257221222,0.9359999895095825,0.84170001745224
YMR049C,YNL093W,0,-6.2113757,0.10006414353847504,0.9359999895095825,0.8417999744415283
YAR015W,YBR006W,0,-6.211402,0.10005344450473785,0.9359999895095825,0.8418999910354614
YHL027W,YDL128W,0,-6.2118363,0.10004275292158127,0.9359999895095825,0.8420000076293945
YHR120W,YDR328C,0,-6.211929,0.10003206133842468,0.9359999895095825,0.8421000242233276
YDR364C,YJL094C,0,-6.211975,0.1000213697552681,0.9359999895095825,0.842199981212616
YPL270W,YDR207C,0,-6.212053,0.10001068562269211,0.9359999895095825,0.8422999978065491
YPR070W,YDL147W,0,-6.2126017,0.10000000149011612,0.9359999895095825,0.8424000144004822
YMR001C,YDR359C,0,-6.212633,0.09998931735754013,0.9359999895095825,0.8424999713897705
YLR220W,YMR287C,0,-6.212649,0.09997864067554474,0.9359999895095825,0.8425999879837036
YPL086C,YGL136C,1,-6.213119,0.10007476061582565,0.9369999766349792,0.8425999879837036
YJR126C,YMR302C,0,-6.2137933,0.10006407648324966,0.9369999766349792,0.8427000045776367
YGR163W,YGR171C,0,-6.213794,0.10005339235067368,0.9369999766349792,0.8428000211715698
YML099C,YJL011C,0,-6.2139087,0.10004270821809769,0.9369999766349792,0.8428999781608582
YMR276W,YER129W,0,-6.2143855,0.1000320240855217,0.9369999766349792,0.8429999947547913
YDL095W,YDR073W,0,-6.214455,0.1000213474035263,0.9369999766349792,0.8431000113487244
YKR052C,YER009W,0,-6.214582,0.10001067072153091,0.9369999766349792,0.8432000279426575
YDR142C,YOR182C,0,-6.21487,0.10000000149011612,0.9369999766349792,0.8432999849319458
YHR034C,YHR038W,0,-6.2152944,0.09998933225870132,0.9369999766349792,0.8434000015258789
YJR093C,YMR308C,0,-6.215596,0.09997866302728653,0.9369999766349792,0.843500018119812
YJL008C,YDL145C,0,-6.2155967,0.09996799379587173,0.9369999766349792,0.8435999751091003
YNL151C,YJL052W,0,-6.215677,0.09995733201503754,0.9369999766349792,0.8436999917030334
YKL008C,YHR015W,0,-6.216071,0.09994667023420334,0.9369999766349792,0.8438000082969666
YJR006W,YKL175W,0,-6.2165246,0.09993600845336914,0.9369999766349792,0.8439000248908997
YGL192W,YBR061C,1,-6.2171335,0.10003199428319931,0.9380000233650208,0.8439000248908997
YMR311C,YGL014W,0,-6.217169,0.10002132505178452,0.9380000233650208,0.843999981880188
YBR109C,YMR161W,0,-6.217213,0.10001066327095032,0.9380000233650208,0.8440999984741211
YOR037W,YPR016C,0,-6.2173886,0.10000000149011612,0.9380000233650208,0.8442000150680542
YNL291C,YKL145W,0,-6.2174244,0.09998933970928192,0.9380000233650208,0.8442999720573425
YDL015C,YBR173C,0,-6.217712,0.09997868537902832,0.9380000233650208,0.8443999886512756
YBR008C,YDR211W,0,-6.2177143,0.09996802359819412,0.9380000233650208,0.8445000052452087
YHR123W,YHR120W,0,-6.218262,0.09995737671852112,0.9380000233650208,0.8446000218391418
YIL070C,YBR172C,0,-6.2186823,0.09994672238826752,0.9380000233650208,0.8446999788284302
YGR037C,YEL063C,0,-6.2187576,0.09993607550859451,0.9380000233650208,0.8447999954223633
YLR074C,YDR328C,0,-6.218863,0.09992542862892151,0.9380000233650208,0.8449000120162964
YGR155W,YNL325C,0,-6.218935,0.0999147817492485,0.9380000233650208,0.8450000286102295
YBR070C,YGL145W,0,-6.219266,0.0999041423201561,0.9380000233650208,0.8450999855995178
YBR123C,YPL206C,0,-6.219627,0.09989350289106369,0.9380000233650208,0.8452000021934509
YPL112C,YHR111W,0,-6.219889,0.09988286346197128,0.9380000233650208,0.845300018787384
YJL100W,YCL063W,0,-6.2202067,0.09987223148345947,0.9380000233650208,0.8453999757766724
YBR070C,YOR014W,0,-6.2204356,0.09986159950494766,0.9380000233650208,0.8454999923706055
YNL270C,YKR014C,0,-6.220938,0.09985096752643585,0.9380000233650208,0.8456000089645386
YGL145W,YKL035W,0,-6.2212296,0.09984034299850464,0.9380000233650208,0.8457000255584717
YJL170C,YNL229C,0,-6.221401,0.09982971847057343,0.9380000233650208,0.84579998254776
YDR225W,YPR072W,0,-6.221711,0.09981909394264221,0.9380000233650208,0.8458999991416931
YPL037C,YER024W,0,-6.22178,0.099808469414711,0.9380000233650208,0.8460000157356262
YHL036W,YBR088C,0,-6.221934,0.09979785233736038,0.9380000233650208,0.8460999727249146
YLR450W,YDR486C,0,-6.2221236,0.09978723526000977,0.9380000233650208,0.8461999893188477
YPL170W,YJR046W,0,-6.222202,0.09977661818265915,0.9380000233650208,0.8463000059127808
YMR161W,YOR380W,0,-6.222509,0.09976600855588913,0.9380000233650208,0.8464000225067139
YHR077C,YER094C,0,-6.222787,0.09975539892911911,0.9380000233650208,0.8464999794960022
YJL020C,YOR133W,0,-6.223041,0.09974478930234909,0.9380000233650208,0.8465999960899353
YJL054W,YBR254C,0,-6.2232337,0.09973418712615967,0.9380000233650208,0.8467000126838684
YDR142C,YPL094C,0,-6.2232623,0.09972357749938965,0.9380000233650208,0.8468000292778015
YEL071W,YOR049C,0,-6.2234073,0.09971298277378082,0.9380000233650208,0.8468999862670898
YGL136C,YLR197W,1,-6.2234907,0.09980867058038712,0.9390000104904175,0.8468999862670898
YBR119W,YKL141W,0,-6.223553,0.09979806840419769,0.9390000104904175,0.847000002861023
YFR024C-A,YKL012W,0,-6.2236476,0.09978745877742767,0.9390000104904175,0.847100019454956
YMR006C,YKR025W,0,-6.22368,0.09977685660123825,0.9390000104904175,0.8471999764442444
YJL209W,YHR079C,0,-6.223719,0.09976625442504883,0.9390000104904175,0.8472999930381775
YMR276W,YER024W,0,-6.2238297,0.09975565969944,0.9390000104904175,0.8474000096321106
YGL058W,YBR228W,0,-6.223857,0.09974505752325058,0.9390000104904175,0.8475000262260437
YBR256C,YJL164C,0,-6.224095,0.09973446279764175,0.9390000104904175,0.847599983215332
YDR126W,YKL080W,0,-6.2242293,0.09972387552261353,0.9390000104904175,0.8476999998092651
YLR390W-A,YHR052W,0,-6.224344,0.0997132807970047,0.9390000104904175,0.8478000164031982
YGL256W,YPL145C,0,-6.2243934,0.09970269352197647,0.9390000104904175,0.8478999733924866
YBL019W,YDL134C,0,-6.224738,0.09969211369752884,0.9390000104904175,0.8479999899864197
YOL110W,YPR125W,0,-6.225232,0.09968152642250061,0.9390000104904175,0.8481000065803528
YDR518W,YOR355W,0,-6.2255697,0.09967094659805298,0.9390000104904175,0.8482000231742859
YGL022W,YKL018W,0,-6.2256494,0.09966036677360535,0.9390000104904175,0.8482999801635742
YKR007W,YDL020C,0,-6.2259245,0.09964979439973831,0.9390000104904175,0.8483999967575073
YNL268W,YPL129W,0,-6.225983,0.09963922202587128,0.9390000104904175,0.8485000133514404
YNL130C,YMR145C,0,-6.225983,0.09962864965200424,0.9390000104904175,0.8485999703407288
YOR094W,YJL166W,0,-6.2262397,0.09961807727813721,0.9390000104904175,0.8486999869346619
YLR144C,YNL229C,0,-6.226257,0.09960751235485077,0.9390000104904175,0.848800003528595
YHR188C,YOL039W,0,-6.2263985,0.09959694743156433,0.9390000104904175,0.8489000201225281
YBL040C,YPL242C,0,-6.2264123,0.0995863825082779,0.9390000104904175,0.8489999771118164
YMR273C,YMR243C,0,-6.226477,0.09957582503557205,0.9390000104904175,0.8490999937057495
YDL076C,YIR018W,0,-6.226502,0.09956526011228561,0.9390000104904175,0.8492000102996826
YOR063W,YOR307C,0,-6.2266335,0.09955471009016037,0.9390000104904175,0.8493000268936157
YKL191W,YDL216C,0,-6.2267346,0.09954415261745453,0.9390000104904175,0.849399983882904
YJR006W,YOR001W,0,-6.2268176,0.09953360259532928,0.9390000104904175,0.8495000004768372
YJL100W,YNL015W,0,-6.2269874,0.09952305257320404,0.9390000104904175,0.8496000170707703
YMR275C,YOL061W,0,-6.2270427,0.0995125025510788,0.9390000104904175,0.8496999740600586
YNL251C,YBR283C,0,-6.2276554,0.09950195997953415,0.9390000104904175,0.8497999906539917
YNL242W,YHR167W,0,-6.2277102,0.0994914174079895,0.9390000104904175,0.8499000072479248
YJL165C,YBR077C,0,-6.227716,0.09948087483644485,0.9390000104904175,0.8500000238418579
YMR150C,YDL020C,0,-6.2279153,0.0994703397154808,0.9390000104904175,0.8500999808311462
YNL275W,YGL223C,0,-6.227948,0.09945980459451675,0.9390000104904175,0.8501999974250793
YGL038C,YPR113W,0,-6.2281594,0.0994492694735527,0.9390000104904175,0.8503000140190125
YDL154W,YOR151C,0,-6.228173,0.09943873435258865,0.9390000104904175,0.8503999710083008
YJL073W,YER094C,0,-6.228604,0.0994282066822052,0.9390000104904175,0.8504999876022339
YGL019W,YPL091W,0,-6.228654,0.09941767901182175,0.9390000104904175,0.850600004196167
YLR368W,YGR085C,0,-6.228747,0.09940715879201889,0.9390000104904175,0.8507000207901001
YHR124W,YGL225W,0,-6.228785,0.09939663112163544,0.9390000104904175,0.8507999777793884
YOL001W,YOL100W,0,-6.2288632,0.09938611090183258,0.9390000104904175,0.8508999943733215
YBR295W,YNL216W,0,-6.2290187,0.09937559813261032,0.9390000104904175,0.8510000109672546
YNL075W,YMR023C,1,-6.2290406,0.09947089850902557,0.9399999976158142,0.8510000109672546
YDL145C,YJL165C,0,-6.2292504,0.09946037083864212,0.9399999976158142,0.8511000275611877
YDR073W,YDR310C,0,-6.2294064,0.09944985061883926,0.9399999976158142,0.8511999845504761
YLR216C,YBR297W,0,-6.2294517,0.09943933039903641,0.9399999976158142,0.8513000011444092
YDR043C,YNL090W,0,-6.2294755,0.09942881017923355,0.9399999976158142,0.8514000177383423
YNL014W,YDR303C,0,-6.229602,0.09941829741001129,0.9399999976158142,0.8514999747276306
YDR148C,YHL020C,0,-6.2298203,0.09940778464078903,0.9399999976158142,0.8515999913215637
YDR221W,YLR166C,0,-6.2299523,0.09939727187156677,0.9399999976158142,0.8517000079154968
YNL223W,YDR113C,0,-6.230059,0.09938675910234451,0.9399999976158142,0.8518000245094299
YBR290W,YGL166W,0,-6.2300644,0.09937625378370285,0.9399999976158142,0.8518999814987183
YLR304C,YBL018C,0,-6.2303705,0.09936574846506119,0.9399999976158142,0.8519999980926514
YOR040W,YNR049C,0,-6.230445,0.09935525059700012,0.9399999976158142,0.8521000146865845
YJL050W,YCL032W,0,-6.230683,0.09934474527835846,0.9399999976158142,0.8521999716758728
YPL086C,YLR165C,1,-6.230963,0.09943992644548416,0.9409999847412109,0.8521999716758728
YBL014C,YMR302C,0,-6.230972,0.0994294136762619,0.9409999847412109,0.8522999882698059
YMR023C,YDL036C,1,-6.231196,0.09952456504106522,0.9419999718666077,0.8522999882698059
YPL131W,YLR298C,0,-6.2312036,0.09951405227184296,0.9419999718666077,0.852400004863739
YDR436W,YDR172W,0,-6.231352,0.0995035395026207,0.9419999718666077,0.8525000214576721
YJR006W,YER094C,0,-6.2315183,0.09949302673339844,0.9419999718666077,0.8525999784469604
YJL052W,YDR200C,0,-6.231623,0.09948252141475677,0.9419999718666077,0.8526999950408936
YGL020C,YHR205W,0,-6.231824,0.09947201609611511,0.9419999718666077,0.8528000116348267
YJL065C,YJR094C,0,-6.232058,0.09946151077747345,0.9419999718666077,0.8529000282287598
YKR099W,YBR026C,0,-6.2321486,0.09945101290941238,0.9419999718666077,0.8529999852180481
YNL080C,YDR427W,0,-6.23227,0.09944051504135132,0.9419999718666077,0.8531000018119812
YMR264W,YDR098C,0,-6.2328506,0.09943001717329025,0.9419999718666077,0.8532000184059143
YIL014W,YGL058W,0,-6.2329345,0.09941952675580978,0.9419999718666077,0.8532999753952026
YNL298W,YOR363C,0,-6.233166,0.09940903633832932,0.9419999718666077,0.8533999919891357
YMR039C,YJL093C,0,-6.233173,0.09939854592084885,0.9419999718666077,0.8535000085830688
YFR021W,YDL116W,0,-6.2335515,0.09938805550336838,0.9419999718666077,0.853600025177002
YLR370C,YNL116W,0,-6.2336626,0.0993775725364685,0.9419999718666077,0.8536999821662903
YGL065C,YLR220W,0,-6.233799,0.09936708956956863,0.9419999718666077,0.8537999987602234
YGL062W,YMR214W,0,-6.234118,0.09935660660266876,0.9419999718666077,0.8539000153541565
YIL124W,YBL018C,0,-6.234218,0.09934613108634949,0.9419999718666077,0.8539999723434448
YOL165C,YLR449W,0,-6.234381,0.09933565557003021,0.9419999718666077,0.8540999889373779
YHR191C,YDR170C,0,-6.234492,0.09932518005371094,0.9419999718666077,0.854200005531311
YBR297W,YMR089C,0,-6.2346587,0.09931470453739166,0.9419999718666077,0.8543000221252441
YLR007W,YCL001W,0,-6.2346787,0.09930423647165298,0.9419999718666077,0.8543999791145325
YBR093C,YNL064C,0,-6.2347956,0.0992937684059143,0.9419999718666077,0.8544999957084656
YBR135W,YOR008C,0,-6.2349715,0.09928330779075623,0.9419999718666077,0.8546000123023987
YOR145C,YFL038C,0,-6.2351003,0.09927283972501755,0.9419999718666077,0.8547000288963318
YPR056W,YML124C,0,-6.235161,0.09926237910985947,0.9419999718666077,0.8547999858856201
YML077W,YHR059W,0,-6.2352076,0.09925192594528198,0.9419999718666077,0.8549000024795532
YPL069C,YJR017C,0,-6.235227,0.0992414653301239,0.9419999718666077,0.8550000190734863
YGR267C,YBR218C,0,-6.2354484,0.09923101216554642,0.9419999718666077,0.8550999760627747
YOR171C,YOR001W,0,-6.235459,0.09922055900096893,0.9419999718666077,0.8551999926567078
YBR133C,YKL064W,0,-6.235478,0.09921011328697205,0.9419999718666077,0.8553000092506409
YHR062C,YDR485C,0,-6.2354784,0.09919966012239456,0.9419999718666077,0.855400025844574
YNL258C,YDR487C,0,-6.23572,0.09918921440839767,0.9419999718666077,0.8554999828338623
YLR165C,YDL201W,1,-6.23592,0.09928406029939651,0.9430000185966492,0.8554999828338623
YLR220W,YBL039C,0,-6.235949,0.09927360713481903,0.9430000185966492,0.8555999994277954
YPL213W,YGR213C,0,-6.236113,0.09926316142082214,0.9430000185966492,0.8557000160217285
YBL026W,YOL128C,0,-6.2362466,0.09925270825624466,0.9430000185966492,0.8557999730110168
YDL015C,YAL002W,0,-6.2362905,0.09924226254224777,0.9430000185966492,0.85589998960495
YPR128C,YMR033W,0,-6.236297,0.09923182427883148,0.9430000185966492,0.8560000061988831
YDR098C,YKR050W,0,-6.237016,0.0992213785648346,0.9430000185966492,0.8561000227928162
YLR153C,YBR008C,0,-6.237126,0.0992109403014183,0.9430000185966492,0.8561999797821045
YBR286W,YLR095C,0,-6.2376103,0.09920050203800201,0.9430000185966492,0.8562999963760376
YCL067C,YKL120W,0,-6.2376194,0.09919007122516632,0.9430000185966492,0.8564000129699707
YCR098C,YGL058W,0,-6.237785,0.09917964041233063,0.9430000185966492,0.8565000295639038
YGR163W,YJL063C,0,-6.237903,0.09916920959949493,0.9430000185966492,0.8565999865531921
YER109C,YFL018C,0,-6.2383504,0.09915877878665924,0.9430000185966492,0.8567000031471252
YNL015W,YHR172W,0,-6.2384114,0.09914835542440414,0.9430000185966492,0.8568000197410583
YKL130C,YBL058W,0,-6.2385097,0.09913793206214905,0.9430000185966492,0.8568999767303467
YBR132C,YCL014W,0,-6.238877,0.09912750869989395,0.9430000185966492,0.8569999933242798
YPL194W,YMR207C,0,-6.239274,0.09911709278821945,0.9430000185966492,0.8571000099182129
YNL268W,YGL097W,0,-6.2393174,0.09910667687654495,0.9430000185966492,0.857200026512146
YOL165C,YOR115C,0,-6.2393227,0.09909626096487045,0.9430000185966492,0.8572999835014343
YDR298C,YLR264W,0,-6.2394958,0.09908584505319595,0.9430000185966492,0.8574000000953674
YML129C,YOR014W,0,-6.239589,0.09907543659210205,0.9430000185966492,0.8575000166893005
YGR072W,YAL002W,0,-6.2396564,0.09906502813100815,0.9430000185966492,0.8575999736785889
YCR052W,YMR013C,0,-6.2397842,0.09905461966991425,0.9430000185966492,0.857699990272522
YEL029C,YJL186W,0,-6.2398744,0.09904421865940094,0.9430000185966492,0.8578000068664551
YPL021W,YEL002C,0,-6.2399917,0.09903381764888763,0.9430000185966492,0.8579000234603882
YFL003C,YBR006W,0,-6.240022,0.09902341663837433,0.9430000185966492,0.8579999804496765
YJR108W,YPL192C,0,-6.2403197,0.09901302307844162,0.9430000185966492,0.8580999970436096
YGR056W,YDL052C,0,-6.240525,0.09900262206792831,0.9430000185966492,0.8582000136375427
YMR255W,YMR077C,0,-6.240687,0.0989922285079956,0.9430000185966492,0.858299970626831
YOR001W,YDL224C,0,-6.2408614,0.0989818423986435,0.9430000185966492,0.8583999872207642
YGL051W,YDR314C,0,-6.240929,0.09897144883871078,0.9430000185966492,0.8585000038146973
YLR449W,YDR009W,0,-6.2416396,0.09896106272935867,0.9430000185966492,0.8586000204086304
YBL023C,YPL057C,0,-6.241706,0.09895068407058716,0.9430000185966492,0.8586999773979187
YLR158C,YDR167W,0,-6.2418914,0.09894029796123505,0.9430000185966492,0.8587999939918518
YJR055W,YKL195W,0,-6.2424445,0.09892991930246353,0.9430000185966492,0.8589000105857849
YGR038W,YMR197C,0,-6.2424684,0.09891954064369202,0.9430000185966492,0.859000027179718
YDL145C,YDR420W,0,-6.2425456,0.0989091694355011,0.9430000185966492,0.8590999841690063
YER056C,YJL063C,0,-6.242597,0.09889879077672958,0.9430000185966492,0.8592000007629395
YGR155W,YER068W,0,-6.242679,0.09888841956853867,0.9430000185966492,0.8593000173568726
YPL177C,YKL145W,0,-6.2427197,0.09887805581092834,0.9430000185966492,0.8593999743461609
YMR153W,YDR314C,0,-6.2428207,0.09886768460273743,0.9430000185966492,0.859499990940094
YGL061C,YOR171C,0,-6.2434835,0.0988573208451271,0.9430000185966492,0.8596000075340271
YKL112W,YOR067C,0,-6.243816,0.09884695708751678,0.9430000185966492,0.8597000241279602
YDL130W,YLR466W,0,-6.2440076,0.09883660078048706,0.9430000185966492,0.8597999811172485
YGL150C,YDL236W,0,-6.2440124,0.09882624447345734,0.9430000185966492,0.8598999977111816
YDL105W,YOR157C,0,-6.244184,0.09881588816642761,0.9430000185966492,0.8600000143051147
YLR256W,YMR214W,0,-6.2442756,0.09880553185939789,0.9430000185966492,0.8600999712944031
YBR135W,YLR016C,0,-6.244355,0.09879518300294876,0.9430000185966492,0.8601999878883362
YGR230W,YBL016W,0,-6.244618,0.09878483414649963,0.9430000185966492,0.8603000044822693
YPL179W,YPL083C,0,-6.244628,0.0987744852900505,0.9430000185966492,0.8604000210762024
YBR042C,YER120W,0,-6.2447286,0.09876413643360138,0.9430000185966492,0.8604999780654907
YMR220W,YJR055W,0,-6.244923,0.09875379502773285,0.9430000185966492,0.8605999946594238
YGL136C,YBR061C,1,-6.2449985,0.09884816408157349,0.9440000057220459,0.8605999946594238
YFL021W,YOL126C,0,-6.245296,0.09883781522512436,0.9440000057220459,0.8607000112533569
YMR078C,YML118W,0,-6.245347,0.09882747381925583,0.9440000057220459,0.86080002784729
YDR300C,YMR272C,0,-6.245426,0.0988171249628067,0.9440000057220459,0.8608999848365784
YOR348C,YLR410W,0,-6.2456775,0.09880678355693817,0.9440000057220459,0.8610000014305115
YLR100W,YNR017W,0,-6.245864,0.09879644215106964,0.9440000057220459,0.8611000180244446
YGL206C,YDL060W,0,-6.2458777,0.09878610074520111,0.9440000057220459,0.8611999750137329
YLR109W,YKL120W,0,-6.2459674,0.09877576678991318,0.9440000057220459,0.861299991607666
YOR201C,YDL033C,1,-6.246017,0.09887005388736725,0.9449999928474426,0.861299991607666
YDL143W,YOR388C,0,-6.246774,0.09885971248149872,0.9449999928474426,0.8614000082015991
YNL006W,YDL153C,0,-6.2467966,0.09884937107563019,0.9449999928474426,0.8615000247955322
YNL182C,YDR328C,0,-6.246839,0.09883903712034225,0.9449999928474426,0.8615999817848206
YHR160C,YHR181W,0,-6.2471337,0.09882869571447372,0.9449999928474426,0.8616999983787537
YMR207C,YLL006W,0,-6.247545,0.09881836175918579,0.9449999928474426,0.8618000149726868
YLR401C,YMR023C,1,-6.247809,0.09891258925199509,0.9459999799728394,0.8618000149726868
YIL010W,YGR090W,0,-6.247851,0.09890224784612656,0.9459999799728394,0.8618999719619751
YCR044C,YGR143W,0,-6.247862,0.09889190644025803,0.9459999799728394,0.8619999885559082
YGR278W,YOR261C,0,-6.247912,0.09888157248497009,0.9459999799728394,0.8621000051498413
YLR109W,YFL003C,0,-6.2480726,0.09887123852968216,0.9459999799728394,0.8622000217437744
YLR221C,YJL074C,0,-6.2485147,0.09886090457439423,0.9459999799728394,0.8622999787330627
YOL049W,YJL166W,0,-6.248599,0.09885057806968689,0.9459999799728394,0.8623999953269958
YJR084W,YDL194W,0,-6.248773,0.09884024411439896,0.9459999799728394,0.862500011920929
YLR138W,YDR314C,0,-6.248815,0.09882991760969162,0.9459999799728394,0.8626000285148621
YMR076C,YHR038W,0,-6.2489266,0.09881959855556488,0.9459999799728394,0.8626999855041504
YOR334W,YMR100W,0,-6.248993,0.09880927205085754,0.9459999799728394,0.8628000020980835
YPR008W,YDR017C,0,-6.2490153,0.0987989529967308,0.9459999799728394,0.8629000186920166
YOL143C,YLR145W,0,-6.2494044,0.09878864139318466,0.9459999799728394,0.8629999756813049
YOL065C,YMR143W,0,-6.249428,0.09877832233905792,0.9459999799728394,0.863099992275238
YMR036C,YIR008C,0,-6.2495046,0.09876801073551178,0.9459999799728394,0.8632000088691711
YCR002C,YOR028C,0,-6.249676,0.09875769913196564,0.9459999799728394,0.8633000254631042
YBR043C,YBR256C,0,-6.249699,0.0987473875284195,0.9459999799728394,0.8633999824523926
YDR427W,YOR001W,0,-6.24972,0.09873708337545395,0.9459999799728394,0.8634999990463257
YLR378C,YCR042C,0,-6.249908,0.0987267792224884,0.9459999799728394,0.8636000156402588
YPL075W,YKL015W,0,-6.2500186,0.09871647506952286,0.9459999799728394,0.8636999726295471
YOR334W,YDR494W,0,-6.250029,0.09870617836713791,0.9459999799728394,0.8637999892234802
YDL149W,YML105C,0,-6.250057,0.09869588166475296,0.9459999799728394,0.8639000058174133
YKL059C,YGL127C,0,-6.250085,0.09868558496236801,0.9459999799728394,0.8640000224113464
YHR175W,YOR194C,0,-6.2501016,0.09867528825998306,0.9459999799728394,0.8640999794006348
YHR108W,YOR304W,0,-6.2503514,0.09866499900817871,0.9459999799728394,0.8641999959945679
YAL013W,YER178W,0,-6.250584,0.09865470975637436,0.9459999799728394,0.864300012588501
YOL064C,YKL020C,0,-6.2515507,0.09864442050457001,0.9459999799728394,0.8644000291824341
YER127W,YLR165C,1,-6.251553,0.0987384021282196,0.9470000267028809,0.8644000291824341
YFR047C,YLR014C,0,-6.2515817,0.09872810542583466,0.9470000267028809,0.8644999861717224
YKL064W,YDR166C,0,-6.252108,0.0987178161740303,0.9470000267028809,0.8646000027656555
YPL101W,YOL093W,1,-6.252586,0.09881176054477692,0.9480000138282776,0.8646000027656555
YGL004C,YJL129C,0,-6.2525954,0.09880145639181137,0.9480000138282776,0.8647000193595886
YDL095W,YBR103W,0,-6.2526484,0.09879115968942642,0.9480000138282776,0.864799976348877
YLR216C,YDR058C,0,-6.252856,0.09878087043762207,0.9480000138282776,0.8648999929428101
YBR267W,YKR055W,0,-6.252962,0.09877057373523712,0.9480000138282776,0.8650000095367432
YOR274W,YDL033C,1,-6.2533135,0.09886446595191956,0.9490000009536743,0.8650000095367432
YGR028W,YGL048C,0,-6.2537217,0.0988541692495346,0.9490000009536743,0.8651000261306763
YCR082W,YOR354C,0,-6.254035,0.09884387254714966,0.9490000009536743,0.8651999831199646
YJL063C,YOR157C,0,-6.254065,0.09883357584476471,0.9490000009536743,0.8652999997138977
YKL018W,YLR234W,0,-6.254142,0.09882328659296036,0.9490000009536743,0.8654000163078308
YBR068C,YGR162W,0,-6.2545767,0.098812997341156,0.9490000009536743,0.8654999732971191
YGL054C,YDR137W,0,-6.254686,0.09880270808935165,0.9490000009536743,0.8655999898910522
YGL192W,YGR169C,1,-6.2547235,0.09889652580022812,0.949999988079071,0.8655999898910522
YGL020C,YPR101W,0,-6.25481,0.09888622909784317,0.949999988079071,0.8657000064849854
YDL079C,YKR089C,0,-6.2549005,0.09887593984603882,0.949999988079071,0.8658000230789185
YNL133C,YDL060W,0,-6.255181,0.09886564314365387,0.949999988079071,0.8658999800682068
YDL002C,YEL017C-A,0,-6.255386,0.09885536134243011,0.949999988079071,0.8659999966621399
YOR067C,YML013W,0,-6.2555213,0.09884507209062576,0.949999988079071,0.866100013256073
YGL223C,YGR030C,0,-6.255542,0.09883479028940201,0.949999988079071,0.8661999702453613
YML113W,YPL119C,0,-6.256013,0.09882450848817825,0.949999988079071,0.8662999868392944
YOR094W,YKL189W,0,-6.2560635,0.0988142266869545,0.949999988079071,0.8664000034332275
YPL040C,YKR042W,0,-6.2561812,0.09880395233631134,0.949999988079071,0.8665000200271606
YLR309C,YKL144C,0,-6.256798,0.09879367798566818,0.949999988079071,0.866599977016449
YDL004W,YML129C,0,-6.25691,0.09878340363502502,0.949999988079071,0.8666999936103821
YKL205W,YHR194W,0,-6.2570424,0.09877313673496246,0.949999988079071,0.8668000102043152
YPR023C,YLR427W,0,-6.2572265,0.0987628623843193,0.949999988079071,0.8669000267982483
YJL031C,YOR207C,0,-6.257504,0.09875259548425674,0.949999988079071,0.8669999837875366
YGR284C,YOR064C,0,-6.2577243,0.09874233603477478,0.949999988079071,0.8671000003814697
YBR109C,YPR009W,0,-6.257774,0.09873206913471222,0.949999988079071,0.8672000169754028
YDR045C,YBR293W,0,-6.2578435,0.09872180968523026,0.949999988079071,0.8672999739646912
YLR448W,YBR294W,0,-6.258166,0.09871155768632889,0.949999988079071,0.8673999905586243
YDR298C,YMR068W,0,-6.2583165,0.09870129823684692,0.949999988079071,0.8675000071525574
YBR038W,YDR382W,0,-6.2584414,0.09869104623794556,0.949999988079071,0.8676000237464905
YDR527W,YOL055C,0,-6.2585473,0.09868079423904419,0.949999988079071,0.8676999807357788
YBR234C,YDR176W,0,-6.2587113,0.09867054224014282,0.949999988079071,0.8677999973297119
YAR031W,YGR075C,0,-6.258925,0.09866029769182205,0.949999988079071,0.867900013923645
YIL004C,YGR268C,0,-6.2589617,0.09865005314350128,0.949999988079071,0.8679999709129333
YBR155W,YPR140W,0,-6.2590027,0.09863980859518051,0.949999988079071,0.8680999875068665
YML077W,YEL030W,0,-6.2594085,0.09862957149744034,0.949999988079071,0.8682000041007996
YJL134W,YPR088C,0,-6.2594256,0.09861932694911957,0.949999988079071,0.8683000206947327
YMR276W,YGR183C,0,-6.2594304,0.0986090898513794,0.949999988079071,0.868399977684021
YMR006C,YCR066W,0,-6.259577,0.09859886020421982,0.949999988079071,0.8684999942779541
YOR377W,YDR270W,0,-6.2602096,0.09858862310647964,0.949999988079071,0.8686000108718872
YNL288W,YLR286C,0,-6.2606096,0.09857839345932007,0.949999988079071,0.8687000274658203
YOR123C,YML013W,0,-6.260988,0.09856817126274109,0.949999988079071,0.8687999844551086
YPL094C,YOR060C,0,-6.261266,0.09855794161558151,0.949999988079071,0.8689000010490417
YBR109C,YKR079C,0,-6.261713,0.09854771941900253,0.949999988079071,0.8690000176429749
YDR148C,YKL045W,0,-6.2617893,0.09853749722242355,0.949999988079071,0.8690999746322632
YCR088W,YBR002C,0,-6.261911,0.09852727502584457,0.949999988079071,0.8691999912261963
YJR118C,YLR016C,0,-6.262009,0.09851706027984619,0.949999988079071,0.8693000078201294
YMR073C,YOR213C,0,-6.262407,0.09850684553384781,0.949999988079071,0.8694000244140625
YFL039C,YLR442C,0,-6.2628183,0.09849663078784943,0.949999988079071,0.8694999814033508
YPL255W,YGR267C,0,-6.262915,0.09848641604185104,0.949999988079071,0.8695999979972839
YGR163W,YOR157C,0,-6.2634053,0.09847620874643326,0.949999988079071,0.869700014591217
YDL095W,YDL097C,0,-6.2635946,0.09846600145101547,0.949999988079071,0.8697999715805054
YGL192W,YER127W,1,-6.2636075,0.0985594391822815,0.9509999752044678,0.8697999715805054
YKL020C,YJL054W,0,-6.263617,0.09854922443628311,0.9509999752044678,0.8698999881744385
YMR161W,YIL014W,0,-6.2639756,0.09853900969028473,0.9509999752044678,0.8700000047683716
YNL042W,YEL066W,0,-6.264027,0.09852880239486694,0.9509999752044678,0.8701000213623047
YDR046C,YML088W,0,-6.264191,0.09851859509944916,0.9509999752044678,0.870199978351593
YOL145C,YOR179C,0,-6.264194,0.09850838780403137,0.9509999752044678,0.8702999949455261
YGL162W,YMR077C,0,-6.2641993,0.09849818795919418,0.9509999752044678,0.8704000115394592
YOR080W,YGL058W,0,-6.2644067,0.098487988114357,0.9509999752044678,0.8705000281333923
YMR197C,YNL107W,0,-6.2644296,0.0984777882695198,0.9509999752044678,0.8705999851226807
YBL045C,YGL054C,0,-6.26469,0.09846758842468262,0.9509999752044678,0.8707000017166138
YMR288W,YGR156W,0,-6.2650814,0.09845739603042603,0.9509999752044678,0.8708000183105469
YLR403W,YDR451C,0,-6.265137,0.09844720363616943,0.9509999752044678,0.8708999752998352
YML010W,YGR281W,0,-6.2652555,0.09843701124191284,0.9509999752044678,0.8709999918937683
YGL251C,YNL085W,0,-6.265587,0.09842682629823685,0.9509999752044678,0.8711000084877014
YJL148W,YNL287W,0,-6.2656665,0.09841664135456085,0.9509999752044678,0.8712000250816345
YOR075W,YPR125W,0,-6.265866,0.09840645641088486,0.9509999752044678,0.8712999820709229
YOL142W,YDR289C,0,-6.2659783,0.09839627891778946,0.9509999752044678,0.871399998664856
YDR225W,YJR132W,0,-6.2662864,0.09838609397411346,0.9509999752044678,0.8715000152587891
YDR148C,YMR037C,0,-6.266352,0.09837591648101807,0.9509999752044678,0.8715999722480774
YOR274W,YNR046W,1,-6.2668276,0.09846917539834976,0.9520000219345093,0.8715999722480774
YGL142C,YBR257W,0,-6.266857,0.09845899045467377,0.9520000219345093,0.8716999888420105
YGL087C,YBR216C,0,-6.2672625,0.09844881296157837,0.9520000219345093,0.8718000054359436
YOR304W,YGR014W,0,-6.267297,0.09843862801790237,0.9520000219345093,0.8719000220298767
YLR191W,YOR217W,0,-6.2675776,0.09842845052480698,0.9520000219345093,0.871999979019165
YLR370C,YER051W,0,-6.2676964,0.09841828048229218,0.9520000219345093,0.8720999956130981
YGR183C,YOL039W,0,-6.267697,0.09840810298919678,0.9520000219345093,0.8722000122070312
YLR165C,YDR165W,1,-6.267756,0.0985012948513031,0.953000009059906,0.8722000122070312
YMR023C,YGL232W,1,-6.267983,0.09859445691108704,0.9539999961853027,0.8722000122070312
YGL192W,YGL232W,1,-6.2680497,0.09868761152029037,0.9549999833106995,0.8722000122070312
YGL068W,YKL080W,0,-6.268452,0.09867741167545319,0.9549999833106995,0.8723000288009644
YKL073W,YDR381W,0,-6.268518,0.0986672192811966,0.9549999833106995,0.8723999857902527
YDL113C,YKL018W,0,-6.2687573,0.09865702688694,0.9549999833106995,0.8725000023841858
YJL190C,YOR162C,0,-6.2687755,0.09864683449268341,0.9549999833106995,0.8726000189781189
YKL021C,YGR077C,0,-6.2691774,0.09863664209842682,0.9549999833106995,0.8726999759674072
YDR214W,YDR170C,0,-6.2701654,0.09862645715475082,0.9549999833106995,0.8727999925613403
YIL075C,YDR489W,0,-6.2701874,0.09861627221107483,0.9549999833106995,0.8729000091552734
YKL032C,YOR054C,0,-6.270495,0.09860609471797943,0.9549999833106995,0.8730000257492065
YOR040W,YMR183C,0,-6.27059,0.09859590977430344,0.9549999833106995,0.8730999827384949
YOR014W,YKL018W,0,-6.2709155,0.09858573228120804,0.9549999833106995,0.873199999332428
YBR059C,YPL217C,0,-6.270925,0.09857555478811264,0.9549999833106995,0.8733000159263611
YOL144W,YNL026W,0,-6.270959,0.09856538474559784,0.9549999833106995,0.8733999729156494
YHR011W,YOL061W,0,-6.271328,0.09855521470308304,0.9549999833106995,0.8734999895095825
YNL272C,YDR486C,0,-6.2716174,0.09854504466056824,0.9549999833106995,0.8736000061035156
YJL019W,YPR088C,0,-6.271863,0.09853487461805344,0.9549999833106995,0.8737000226974487
YDR123C,YMR053C,0,-6.2721677,0.09852471202611923,0.9549999833106995,0.8737999796867371
YHR019C,YGL213C,0,-6.272247,0.09851454198360443,0.9549999833106995,0.8738999962806702
YNL239W,YER008C,0,-6.272651,0.09850438684225082,0.9549999833106995,0.8740000128746033
YDR244W,YHL011C,0,-6.2732005,0.09849422425031662,0.9549999833106995,0.8741000294685364
YLR193C,YPR125W,0,-6.2734094,0.09848406910896301,0.9549999833106995,0.8741999864578247
YER083C,YEL066W,0,-6.2734776,0.0984739139676094,0.9549999833106995,0.8743000030517578
YBR109C,YLR265C,0,-6.273862,0.0984637588262558,0.9549999833106995,0.8744000196456909
YMR044W,YOL111C,0,-6.2741528,0.09845361113548279,0.9549999833106995,0.8744999766349792
YJL125C,YLR165C,1,-6.2741976,0.09854654222726822,0.9559999704360962,0.8744999766349792
YCR048W,YOR028C,0,-6.274599,0.09853638708591461,0.9559999704360962,0.8745999932289124
YMR025W,YBR152W,0,-6.274617,0.098526231944561,0.9559999704360962,0.8747000098228455
YBR008C,YAL023C,0,-6.2747035,0.0985160768032074,0.9559999704360962,0.8748000264167786
YBL061C,YMR053C,0,-6.27473,0.09850592166185379,0.9559999704360962,0.8748999834060669
YBR283C,YJL045W,0,-6.274903,0.09849577397108078,0.9559999704360962,0.875
YKR002W,YPR009W,0,-6.2750587,0.09848562628030777,0.9559999704360962,0.8751000165939331
YAL029C,YNL214W,0,-6.2751565,0.09847548604011536,0.9559999704360962,0.8751999735832214
YKL152C,YML025C,0,-6.2751575,0.09846533834934235,0.9559999704360962,0.8752999901771545
YER166W,YOR388C,0,-6.275539,0.09845519810914993,0.9559999704360962,0.8754000067710876
YPL101W,YLR165C,1,-6.2755866,0.0985480397939682,0.9570000171661377,0.8754000067710876
YDR168W,YBL030C,0,-6.276437,0.09853789210319519,0.9570000171661377,0.8755000233650208
YGL087C,YER093C,0,-6.2767243,0.09852774441242218,0.9570000171661377,0.8755999803543091
YOL139C,YGL054C,0,-6.2769475,0.09851760417222977,0.9570000171661377,0.8756999969482422
YBR236C,YKL051W,0,-6.277293,0.09850746393203735,0.9570000171661377,0.8758000135421753
YLR133W,YNL298W,0,-6.277762,0.09849732369184494,0.9570000171661377,0.8758999705314636
YKL192C,YGR166W,0,-6.27807,0.09848719090223312,0.9570000171661377,0.8759999871253967
YNL080C,YPL001W,0,-6.2781715,0.09847705066204071,0.9570000171661377,0.8761000037193298
YNL258C,YKL201C,0,-6.278361,0.0984669178724289,0.9570000171661377,0.8762000203132629
YLR095C,YCL004W,0,-6.2785897,0.09845679253339767,0.9570000171661377,0.8762999773025513
YKR024C,YLR240W,0,-6.278604,0.09844665974378586,0.9570000171661377,0.8763999938964844
YLR285W,YOR132W,0,-6.2788873,0.09843653440475464,0.9570000171661377,0.8765000104904175
YPL110C,YDL120W,0,-6.2791924,0.09842640906572342,0.9570000171661377,0.8766000270843506
YPL119C,YDR072C,0,-6.2794127,0.0984162911772728,0.9570000171661377,0.8766999840736389
YJL033W,YPR068C,0,-6.279897,0.09840617328882217,0.9570000171661377,0.876800000667572
YER024W,YDR341C,0,-6.280005,0.09839605540037155,0.9570000171661377,0.8769000172615051
YMR283C,YJL035C,1,-6.2800894,0.09848874062299728,0.9580000042915344,0.8769000172615051
YBL016W,YKR042W,0,-6.2800975,0.09847861528396606,0.9580000042915344,0.8769999742507935
YGR167W,YHR081W,0,-6.2801604,0.09846849739551544,0.9580000042915344,0.8770999908447266
YMR198W,YDR334W,0,-6.280559,0.09845837950706482,0.9580000042915344,0.8772000074386597
YPR128C,YHR041C,0,-6.280767,0.0984482616186142,0.9580000042915344,0.8773000240325928
YKL206C,YPL029W,0,-6.2808833,0.09843814373016357,0.9580000042915344,0.8773999810218811
YPL007C,YDL015C,0,-6.2809005,0.09842802584171295,0.9580000042915344,0.8774999976158142
YHR005C,YHR030C,0,-6.281663,0.09841791540384293,0.9580000042915344,0.8776000142097473
YFL016C,YGL255W,0,-6.2818494,0.0984078049659729,0.9580000042915344,0.8776999711990356
YOR239W,YAL056W,0,-6.282003,0.09839770197868347,0.9580000042915344,0.8777999877929688
YHR114W,YNL256W,0,-6.282047,0.09838759154081345,0.9580000042915344,0.8779000043869019
YDR435C,YKL166C,0,-6.2825875,0.09837748855352402,0.9580000042915344,0.878000020980835
YGL200C,YOR221C,0,-6.282588,0.09836738556623459,0.9580000042915344,0.8780999779701233
YGR276C,YMR149W,0,-6.283008,0.09835729002952576,0.9580000042915344,0.8781999945640564
YBR216C,YFL038C,0,-6.2833896,0.09834719449281693,0.9580000042915344,0.8783000111579895
YIR033W,YER012W,0,-6.283478,0.0983370989561081,0.9580000042915344,0.8784000277519226
YJL041W,YJR045C,0,-6.283549,0.09832700341939926,0.9580000042915344,0.8784999847412109
YOR236W,YGR070W,0,-6.28362,0.09831691533327103,0.9580000042915344,0.878600001335144
YIR010W,YBR168W,0,-6.2837195,0.09830682724714279,0.9580000042915344,0.8787000179290771
YJR108W,YDR459C,0,-6.283743,0.09829673916101456,0.9580000042915344,0.8787999749183655
YAL013W,YLR453C,0,-6.283882,0.09828665107488632,0.9580000042915344,0.8788999915122986
YDR395W,YNL283C,0,-6.2841134,0.09827657043933868,0.9580000042915344,0.8790000081062317
YDR518W,YKL017C,0,-6.2841296,0.09826648980379105,0.9580000042915344,0.8791000247001648
YLR216C,YAL059W,0,-6.2841573,0.09825640916824341,0.9580000042915344,0.8791999816894531
YOL128C,YBL055C,0,-6.284696,0.09824633598327637,0.9580000042915344,0.8792999982833862
YJL168C,YKL095W,0,-6.2847924,0.09823626279830933,0.9580000042915344,0.8794000148773193
YKL048C,YNL098C,0,-6.2848525,0.09822618961334229,0.9580000042915344,0.8794999718666077
YER143W,YOR213C,0,-6.2849383,0.09821611642837524,0.9580000042915344,0.8795999884605408
YKR057W,YML029W,0,-6.2853503,0.0982060506939888,0.9580000042915344,0.8797000050544739
YPL149W,YOL089C,0,-6.2855277,0.09819598495960236,0.9580000042915344,0.879800021648407
YGL061C,YER068W,0,-6.285664,0.09818591922521591,0.9580000042915344,0.8798999786376953
YHR142W,YMR043W,0,-6.286373,0.09817585349082947,0.9580000042915344,0.8799999952316284
YLL001W,YLR291C,0,-6.2866445,0.09816579520702362,0.9580000042915344,0.8801000118255615
YOR221C,YGR221C,0,-6.286773,0.09815573692321777,0.9580000042915344,0.8802000284194946
YGL126W,YGL113W,0,-6.286855,0.09814567863941193,0.9580000042915344,0.880299985408783
YLR191W,YJR126C,0,-6.2874203,0.09813562780618668,0.9580000042915344,0.8804000020027161
YOR160W,YJL166W,0,-6.288224,0.09812557697296143,0.9580000042915344,0.8805000185966492
YPL138C,YDR346C,0,-6.288465,0.09811552613973618,0.9580000042915344,0.8805999755859375
YOR201C,YGR024C,1,-6.2884793,0.09820788353681564,0.9589999914169312,0.8805999755859375
YMR267W,YOR210W,0,-6.2886252,0.0981978327035904,0.9589999914169312,0.8806999921798706
YJR064W,YDR392W,0,-6.2886376,0.09818777441978455,0.9589999914169312,0.8808000087738037
YAL053W,YJL133W,0,-6.2888894,0.0981777235865593,0.9589999914169312,0.8809000253677368
YNR007C,YGR029W,0,-6.290274,0.09816767275333405,0.9589999914169312,0.8809999823570251
YMR220W,YJR104C,0,-6.2907825,0.0981576219201088,0.9589999914169312,0.8810999989509583
YKR054C,YFR004W,0,-6.2911763,0.09814757853746414,0.9589999914169312,0.8812000155448914
YAL029C,YLL021W,0,-6.291199,0.09813753515481949,0.9589999914169312,0.8812999725341797
YFR004W,YPL065W,0,-6.291332,0.09812749177217484,0.9589999914169312,0.8813999891281128
YCR044C,YNL082W,0,-6.2916446,0.09811745584011078,0.9589999914169312,0.8815000057220459
YBL040C,YGR197C,0,-6.291739,0.09810741990804672,0.9589999914169312,0.881600022315979
YDL087C,YIL052C,0,-6.2917943,0.09809738397598267,0.9589999914169312,0.8816999793052673
YJL002C,YHR206W,0,-6.2919393,0.09808734804391861,0.9589999914169312,0.8817999958992004
YLR292C,YNL093W,0,-6.2922235,0.09807731956243515,0.9589999914169312,0.8819000124931335
YBR059C,YKR085C,0,-6.292272,0.0980672836303711,0.9589999914169312,0.8820000290870667
YGL038C,YCR052W,0,-6.2922883,0.09805726259946823,0.9589999914169312,0.882099986076355
YNL161W,YML007W,0,-6.29236,0.09804723411798477,0.9589999914169312,0.8822000026702881
YGR177C,YLR148W,0,-6.292583,0.09803721308708191,0.9589999914169312,0.8823000192642212
YML126C,YJR090C,0,-6.2929816,0.09802719205617905,0.9589999914169312,0.8823999762535095
YFL048C,YJR094C,0,-6.29304,0.09801717102527618,0.9589999914169312,0.8824999928474426
YGL136C,YNR046W,1,-6.29343,0.09810934960842133,0.9599999785423279,0.8824999928474426
YBR145W,YJL076W,0,-6.293447,0.09809932857751846,0.9599999785423279,0.8826000094413757
YJL063C,YCR092C,0,-6.293732,0.098089300096035,0.9599999785423279,0.8827000260353088
YPR100W,YOR172W,0,-6.2942276,0.09807927906513214,0.9599999785423279,0.8827999830245972
YBR080C,YDR532C,0,-6.294419,0.09806925803422928,0.9599999785423279,0.8828999996185303
YAL035W,YCR008W,0,-6.2946005,0.09805924445390701,0.9599999785423279,0.8830000162124634
YPL248C,YJL011C,0,-6.2953143,0.09804923087358475,0.9599999785423279,0.8830999732017517
YDR170C,YAR035W,0,-6.2956905,0.09803921729326248,0.9599999785423279,0.8831999897956848
YGR254W,YAL007C,0,-6.295809,0.09802920371294022,0.9599999785423279,0.8833000063896179
YBR145W,YER171W,0,-6.2959104,0.09801919758319855,0.9599999785423279,0.883400022983551
YLL001W,YLR321C,0,-6.2960696,0.09800919145345688,0.9599999785423279,0.8834999799728394
YNL145W,YFL038C,0,-6.2965684,0.09799918532371521,0.9599999785423279,0.8835999965667725
YOL023W,YDR386W,0,-6.2967105,0.09798917919397354,0.9599999785423279,0.8837000131607056
YJL111W,YDL056W,0,-6.2970266,0.09797918051481247,0.9599999785423279,0.8838000297546387
YLR165C,YLR197W,1,-6.2980113,0.09807123243808746,0.9610000252723694,0.8838000297546387
YOL144W,YMR156C,0,-6.298136,0.0980612263083458,0.9610000252723694,0.883899986743927
YIL124W,YJL090C,0,-6.2984743,0.09805122017860413,0.9610000252723694,0.8840000033378601
YGR037C,YPL224C,0,-6.298579,0.09804121404886246,0.9610000252723694,0.8841000199317932
YNL330C,YER022W,0,-6.298661,0.09803121536970139,0.9610000252723694,0.8841999769210815
YJR121W,YGR192C,0,-6.298711,0.09802121669054031,0.9610000252723694,0.8842999935150146
YDR052C,YOL044W,0,-6.298733,0.09801121801137924,0.9610000252723694,0.8844000101089478
YGL142C,YBR265W,0,-6.2989545,0.09800122678279877,0.9610000252723694,0.8845000267028809
YDL231C,YAL023C,0,-6.2990136,0.0979912281036377,0.9610000252723694,0.8845999836921692
YPL089C,YKR037C,0,-6.2995467,0.09798123687505722,0.9610000252723694,0.8847000002861023
YNL020C,YDL213C,0,-6.3,0.09797125309705734,0.9610000252723694,0.8848000168800354
YKR026C,YHR024C,0,-6.300095,0.09796126186847687,0.9610000252723694,0.8848999738693237
YKL112W,YJL047C,0,-6.3006015,0.09795127809047699,0.9610000252723694,0.8849999904632568
YKL005C,YOR362C,0,-6.300836,0.09794129431247711,0.9610000252723694,0.8851000070571899
YDR419W,YPL085W,0,-6.300877,0.09793131798505783,0.9610000252723694,0.885200023651123
YFL048C,YDR341C,0,-6.3011355,0.09792133420705795,0.9610000252723694,0.8852999806404114
YLR172C,YAL026C,0,-6.301599,0.09791135787963867,0.9610000252723694,0.8853999972343445
YDR170C,YDR395W,0,-6.301848,0.09790138900279999,0.9610000252723694,0.8855000138282776
YBR205W,YMR183C,0,-6.301987,0.0978914126753807,0.9610000252723694,0.8855999708175659
YGR268C,YPR141C,0,-6.3021164,0.09788144379854202,0.9610000252723694,0.885699987411499
YHR081W,YGR147C,0,-6.302153,0.09787147492170334,0.9610000252723694,0.8858000040054321
YIR002C,YEL013W,0,-6.302373,0.09786150604486465,0.9610000252723694,0.8859000205993652
YIL036W,YDR449C,0,-6.3032336,0.09785154461860657,0.9610000252723694,0.8859999775886536
YKR057W,YGL213C,0,-6.303414,0.09784158319234848,0.9610000252723694,0.8860999941825867
YOL061W,YGR005C,0,-6.3035254,0.0978316217660904,0.9610000252723694,0.8862000107765198
YGR156W,YDL128W,0,-6.3039446,0.0978216603398323,0.9610000252723694,0.8863000273704529
YLL001W,YNL091W,0,-6.3041997,0.09781170636415482,0.9610000252723694,0.8863999843597412
YGL006W,YHR041C,0,-6.3043303,0.09780175238847733,0.9610000252723694,0.8865000009536743
YDL003W,YNL156C,0,-6.304427,0.09779179841279984,0.9610000252723694,0.8866000175476074
YNL161W,YGR028W,0,-6.3045897,0.09778184443712234,0.9610000252723694,0.8866999745368958
YDR206W,YIL075C,0,-6.304705,0.09777189791202545,0.9610000252723694,0.8867999911308289
YLR450W,YOR275C,0,-6.3047996,0.09776195138692856,0.9610000252723694,0.886900007724762
YHR191C,YKR031C,0,-6.3048615,0.09775201231241226,0.9610000252723694,0.8870000243186951
YGL098W,YML038C,0,-6.304892,0.09774206578731537,0.9610000252723694,0.8870999813079834
YJR090C,YJL133W,0,-6.305001,0.09773212671279907,0.9610000252723694,0.8871999979019165
YEL003W,YNL147W,0,-6.3059287,0.09772218763828278,0.9610000252723694,0.8873000144958496
YHR019C,YHR007C,0,-6.306173,0.09771224856376648,0.9610000252723694,0.8873999714851379
YML048W,YJR104C,0,-6.3064322,0.09770231693983078,0.9610000252723694,0.887499988079071
YHR027C,YLR321C,0,-6.3065443,0.09769238531589508,0.9610000252723694,0.8876000046730042
YLR291C,YGL233W,0,-6.30712,0.09768245369195938,0.9610000252723694,0.8877000212669373
YPR086W,YJR135W-A,0,-6.3073473,0.09767252951860428,0.9610000252723694,0.8877999782562256
YER030W,YBR218C,0,-6.3075624,0.09766260534524918,0.9610000252723694,0.8878999948501587
YKR068C,YER015W,0,-6.307692,0.09765268117189407,0.9610000252723694,0.8880000114440918
YAL038W,YBR050C,0,-6.307957,0.09764275699853897,0.9610000252723694,0.8881000280380249
YOL147C,YFL038C,0,-6.3083234,0.09763283282518387,0.9610000252723694,0.8881999850273132
YGR227W,YBL105C,0,-6.3084083,0.09762291610240936,0.9610000252723694,0.8883000016212463
YML112W,YMR021C,0,-6.3086586,0.09761299937963486,0.9610000252723694,0.8884000182151794
YGL119W,YLR403W,0,-6.3086934,0.09760309010744095,0.9610000252723694,0.8884999752044678
YBL042C,YGR044C,0,-6.3092327,0.09759317338466644,0.9610000252723694,0.8885999917984009
YJL184W,YKL175W,0,-6.3093953,0.09758326411247253,0.9610000252723694,0.888700008392334
YGR204W,YHR118C,0,-6.3094106,0.09757335484027863,0.9610000252723694,0.8888000249862671
YLR285W,YML038C,0,-6.3095636,0.09756345301866531,0.9610000252723694,0.8888999819755554
YBL078C,YPL241C,0,-6.309629,0.097553551197052,0.9610000252723694,0.8889999985694885
YDL143W,YPR001W,0,-6.309678,0.09754364937543869,0.9610000252723694,0.8891000151634216
YGR095C,YBR123C,0,-6.309789,0.09753374755382538,0.9610000252723694,0.88919997215271
YDR201W,YKL175W,0,-6.3104796,0.09752384573221207,0.9610000252723694,0.8892999887466431
YOR297C,YOR256C,0,-6.311857,0.09751395136117935,0.9610000252723694,0.8894000053405762
YBR295W,YPL129W,0,-6.311973,0.09750405699014664,0.9610000252723694,0.8895000219345093
YGR200C,YLR165C,1,-6.3121724,0.09759561717510223,0.9620000123977661,0.8895000219345093
YKL005C,YPL175W,0,-6.312274,0.09758571535348892,0.9620000123977661,0.8895999789237976
YDL175C,YKL101W,0,-6.312694,0.09757582098245621,0.9620000123977661,0.8896999955177307
YGL166W,YDR480W,0,-6.312788,0.09756592661142349,0.9620000123977661,0.8898000121116638
YDR507C,YLR256W,0,-6.3129168,0.09755603224039078,0.9620000123977661,0.8899000287055969
YDL090C,YML024W,0,-6.312919,0.09754613786935806,0.9620000123977661,0.8899999856948853
YKR002W,YBL007C,0,-6.31302,0.09753624349832535,0.9620000123977661,0.8901000022888184
YLR103C,YDR480W,0,-6.3130994,0.09752635657787323,0.9620000123977661,0.8902000188827515
YJL186W,YLR075W,0,-6.3130994,0.09751646965742111,0.9620000123977661,0.8902999758720398
YDL008W,YHR135C,0,-6.3137555,0.09750659018754959,0.9620000123977661,0.8903999924659729
YDL078C,YCL061C,0,-6.3139215,0.09749670326709747,0.9620000123977661,0.890500009059906
YNL275W,YBR065C,0,-6.3140173,0.09748682379722595,0.9620000123977661,0.8906000256538391
YLR259C,YNL047C,0,-6.314241,0.09747694432735443,0.9620000123977661,0.8906999826431274
YDR108W,YJR077C,0,-6.3142877,0.09746707230806351,0.9620000123977661,0.8907999992370605
YOR367W,YDR172W,0,-6.3142967,0.09745720028877258,0.9620000123977661,0.8909000158309937
YML107C,YMR139W,0,-6.3143215,0.09744732826948166,0.9620000123977661,0.890999972820282
YNL219C,YDL231C,0,-6.3152823,0.09743745625019073,0.9620000123977661,0.8910999894142151
YBR002C,YBR169C,0,-6.315338,0.09742758423089981,0.9620000123977661,0.8912000060081482
YPL069C,YGR036C,0,-6.3155556,0.09741771966218948,0.9620000123977661,0.8913000226020813
YDL095W,YOR259C,0,-6.3157144,0.09740785509347916,0.9620000123977661,0.8913999795913696
YGR267C,YCR077C,0,-6.3157873,0.09739799797534943,0.9620000123977661,0.8914999961853027
YGL001C,YHR089C,0,-6.315886,0.0973881334066391,0.9620000123977661,0.8916000127792358
YER030W,YNL131W,0,-6.3160176,0.09737827628850937,0.9620000123977661,0.891700029373169
YNL039W,YGR227W,0,-6.3164716,0.09736841917037964,0.9620000123977661,0.8917999863624573
YNL133C,YLR183C,0,-6.316701,0.0973585695028305,0.9620000123977661,0.8919000029563904
YKR055W,YKR079C,0,-6.3167596,0.09734871238470078,0.9620000123977661,0.8920000195503235
YOL144W,YKR055W,0,-6.3168845,0.09733886271715164,0.9620000123977661,0.8920999765396118
YNR057C,YLR086W,0,-6.3172164,0.09732901304960251,0.9620000123977661,0.8921999931335449
YLR285W,YIL147C,0,-6.317227,0.09731917083263397,0.9620000123977661,0.892300009727478
YLR113W,YBR103W,0,-6.317233,0.09730932861566544,0.9620000123977661,0.8924000263214111
YPL254W,YJL100W,0,-6.3173604,0.0972994863986969,0.9620000123977661,0.8924999833106995
YMR033W,YNL223W,0,-6.3175015,0.09728964418172836,0.9620000123977661,0.8925999999046326
YER178W,YOL121C,0,-6.3176537,0.09727980941534042,0.9620000123977661,0.8927000164985657
YGL058W,YHR016C,0,-6.3179936,0.09726996719837189,0.9620000123977661,0.892799973487854
YPR029C,YNL239W,0,-6.318712,0.09726013243198395,0.9620000123977661,0.8928999900817871
YML058W,YPL032C,0,-6.3195133,0.0972503051161766,0.9620000123977661,0.8930000066757202
YMR198W,YGR163W,0,-6.319648,0.09724047034978867,0.9620000123977661,0.8931000232696533
YBR167C,YBR260C,0,-6.319857,0.09723064303398132,0.9620000123977661,0.8931999802589417
YOR239W,YLL041C,0,-6.319957,0.09722081571817398,0.9620000123977661,0.8932999968528748
YHL036W,YPR102C,0,-6.320214,0.09721099585294724,0.9620000123977661,0.8934000134468079
YER088C,YJL165C,0,-6.320316,0.09720116853713989,0.9620000123977661,0.8934999704360962
YER045C,YHR059W,0,-6.320332,0.09719134867191315,0.9620000123977661,0.8935999870300293
YLR095C,YPL002C,0,-6.320888,0.097181536257267,0.9620000123977661,0.8937000036239624
YGR088W,YBR079C,0,-6.3211546,0.09717171639204025,0.9620000123977661,0.8938000202178955
YCR088W,YDR527W,0,-6.321646,0.0971619039773941,0.9620000123977661,0.8938999772071838
YJR092W,YIL009C-A,0,-6.321994,0.09715209156274796,0.9620000123977661,0.8939999938011169
YBR179C,YKL020C,0,-6.3220334,0.0971422791481018,0.9620000123977661,0.89410001039505
YBR218C,YGR116W,0,-6.322116,0.09713247418403625,0.9620000123977661,0.8942000269889832
YJR040W,YPL133C,0,-6.322129,0.0971226617693901,0.9620000123977661,0.8942999839782715
YDR025W,YNL093W,0,-6.3225207,0.09711286425590515,0.9620000123977661,0.8944000005722046
YOR048C,YMR139W,0,-6.3225274,0.0971030592918396,0.9620000123977661,0.8945000171661377
YHR039C-A,YIL023C,0,-6.3225365,0.09709325432777405,0.9620000123977661,0.894599974155426
YDR507C,YER125W,0,-6.32262,0.09708345681428909,0.9620000123977661,0.8946999907493591
YDL132W,YOR040W,0,-6.3227077,0.09707365930080414,0.9620000123977661,0.8948000073432922
YKL040C,YKL019W,0,-6.3229637,0.09706386923789978,0.9620000123977661,0.8949000239372253
YGR132C,YML105C,0,-6.3230004,0.09705407917499542,0.9620000123977661,0.8949999809265137
YOR299W,YDR096W,0,-6.323524,0.09704428166151047,0.9620000123977661,0.8950999975204468
YLL027W,YMR231W,0,-6.323876,0.0970344990491867,0.9620000123977661,0.8952000141143799
YBR121C,YGL008C,0,-6.3239994,0.09702470898628235,0.9620000123977661,0.8952999711036682
YLR103C,YOR129C,0,-6.3252826,0.09701492637395859,0.9620000123977661,0.8953999876976013
YDR075W,YNL310C,0,-6.3253026,0.09700514376163483,0.9620000123977661,0.8955000042915344
YBR258C,YOR149C,0,-6.325343,0.09699536114931107,0.9620000123977661,0.8956000208854675
YER159C,YJL034W,0,-6.3255386,0.0969855859875679,0.9620000123977661,0.8956999778747559
YER015W,YDR382W,0,-6.325591,0.09697580337524414,0.9620000123977661,0.895799994468689
YML036W,YKR101W,0,-6.325895,0.09696602821350098,0.9620000123977661,0.8959000110626221
YBL057C,YGR070W,0,-6.325948,0.09695626050233841,0.9620000123977661,0.8960000276565552
YCL067C,YCR044C,0,-6.3260703,0.09694648534059525,0.9620000123977661,0.8960999846458435
YOR198C,YHR007C,0,-6.3263516,0.09693671762943268,0.9620000123977661,0.8962000012397766
YNR007C,YML074C,0,-6.326568,0.09692694991827011,0.9620000123977661,0.8963000178337097
YGL087C,YBR091C,0,-6.327021,0.09691718965768814,0.9620000123977661,0.896399974822998
YLR304C,YLR417W,0,-6.327163,0.09690742194652557,0.9620000123977661,0.8964999914169312
YMR201C,YKL081W,0,-6.3274326,0.0968976616859436,0.9620000123977661,0.8966000080108643
YKL032C,YDR172W,0,-6.327677,0.09688790142536163,0.9620000123977661,0.8967000246047974
YER112W,YIR015W,0,-6.327724,0.09687814861536026,0.9620000123977661,0.8967999815940857
YJR139C,YHR085W,0,-6.3277507,0.09686838835477829,0.9620000123977661,0.8968999981880188
YFR046C,YBL026W,0,-6.3282743,0.09685863554477692,0.9620000123977661,0.8970000147819519
YJR093C,YNL264C,0,-6.3284707,0.09684889018535614,0.9620000123977661,0.8970999717712402
YBR129C,YJR019C,0,-6.3289,0.09683913737535477,0.9620000123977661,0.8971999883651733
YBR221C,YPL258C,0,-6.3291693,0.09682939201593399,0.9620000123977661,0.8973000049591064
YPR100W,YOR230W,0,-6.32919,0.09681964665651321,0.9620000123977661,0.8974000215530396
YMR250W,YNL206C,0,-6.3293595,0.09680990129709244,0.9620000123977661,0.8974999785423279
YGL229C,YER148W,0,-6.32967,0.09680016338825226,0.9620000123977661,0.897599995136261
YLR100W,YCL059C,0,-6.3297496,0.09679041802883148,0.9620000123977661,0.8977000117301941
YKL021C,YPL159C,0,-6.3297906,0.0967806875705719,0.9620000123977661,0.8978000283241272
YBR039W,YCR066W,0,-6.3298335,0.09677094966173172,0.9620000123977661,0.8978999853134155
YMR033W,YKL152C,0,-6.329986,0.09676121175289154,0.9620000123977661,0.8980000019073486
YPL181W,YGR063C,0,-6.3304315,0.09675148129463196,0.9620000123977661,0.8981000185012817
YIL004C,YBR077C,0,-6.330815,0.09674175083637238,0.9620000123977661,0.8981999754905701
YDL019C,YBL004W,0,-6.330908,0.09673202782869339,0.9620000123977661,0.8982999920845032
YKL172W,YAL053W,0,-6.331077,0.09672229737043381,0.9620000123977661,0.8984000086784363
YER045C,YGR132C,0,-6.3316445,0.09671257436275482,0.9620000123977661,0.8985000252723694
YDR414C,YBR026C,0,-6.331664,0.09670285135507584,0.9620000123977661,0.8985999822616577
YPR051W,YHR205W,0,-6.3318143,0.09669313579797745,0.9620000123977661,0.8986999988555908
YNL164C,YBR077C,0,-6.3318405,0.09668342024087906,0.9620000123977661,0.8988000154495239
YKR068C,YIR023W,0,-6.3318644,0.09667370468378067,0.9620000123977661,0.8988999724388123
YER178W,YOL128C,0,-6.3330116,0.09666398912668228,0.9620000123977661,0.8989999890327454
YNL223W,YJL110C,0,-6.3331184,0.09665427356958389,0.9620000123977661,0.8991000056266785
YGR288W,YLR090W,0,-6.3332,0.0966445654630661,0.9620000123977661,0.8992000222206116
YGL136C,YOR310C,1,-6.333856,0.09673530608415604,0.9629999995231628,0.8992000222206116
YOR100C,YGL092W,0,-6.333891,0.09672559052705765,0.9629999995231628,0.8992999792098999
YDR480W,YFR029W,0,-6.334002,0.09671587496995926,0.9629999995231628,0.899399995803833
YHR183W,YGR020C,0,-6.334101,0.09670616686344147,0.9629999995231628,0.8995000123977661
YDR148C,YNL047C,0,-6.334437,0.09669645875692368,0.9629999995231628,0.8996000289916992
YFL041W,YNL082W,0,-6.334865,0.09668675065040588,0.9629999995231628,0.8996999859809875
YBR036C,YIR002C,0,-6.334975,0.09667704254388809,0.9629999995231628,0.8998000025749207
YIL106W,YGR030C,0,-6.335213,0.0966673344373703,0.9629999995231628,0.8999000191688538
YJL095W,YAR035W,0,-6.33522,0.0966576337814331,0.9629999995231628,0.8999999761581421
YHR038W,YNR006W,0,-6.3352265,0.09664793312549591,0.9629999995231628,0.9000999927520752
YML051W,YMR182C,0,-6.3352933,0.09663823246955872,0.9629999995231628,0.9002000093460083
YIL138C,YNL186W,0,-6.3353868,0.09662853926420212,0.9629999995231628,0.9003000259399414
YDL165W,YOR153W,0,-6.3354096,0.09661883860826492,0.9629999995231628,0.9003999829292297
YDR377W,YDR418W,0,-6.3356915,0.09660915285348892,0.9629999995231628,0.9004999995231628
YIL103W,YDL045C,0,-6.335721,0.09659945964813232,0.9629999995231628,0.900600016117096
YDL088C,YLR005W,0,-6.3357368,0.09658976644277573,0.9629999995231628,0.9006999731063843
YHR176W,YER105C,0,-6.3357787,0.09658008068799973,0.9629999995231628,0.9007999897003174
YER027C,YDL108W,0,-6.3358283,0.09657039493322372,0.9629999995231628,0.9009000062942505
YGL092W,YEL060C,0,-6.335936,0.09656071662902832,0.9629999995231628,0.9010000228881836
YGR112W,YML064C,0,-6.3363247,0.09655103087425232,0.9629999995231628,0.9010999798774719
YLR355C,YOR151C,0,-6.336887,0.09654135257005692,0.9629999995231628,0.901199996471405
YOR335C,YLL003W,0,-6.3370957,0.09653167426586151,0.9629999995231628,0.9013000130653381
YIR021W,YIL138C,0,-6.337338,0.0965220034122467,0.9629999995231628,0.9014000296592712
YGR083C,YKL201C,0,-6.3374662,0.0965123251080513,0.9629999995231628,0.9014999866485596
YBR132C,YMR113W,0,-6.338342,0.09650265425443649,0.9629999995231628,0.9016000032424927
YLR363C,YBL058W,0,-6.3383703,0.09649298340082169,0.9629999995231628,0.9017000198364258
YDR231C,YHL007C,0,-6.3384323,0.09648331999778748,0.9629999995231628,0.9017999768257141
YDR093W,YDR308C,0,-6.338844,0.09647364914417267,0.9629999995231628,0.9018999934196472
YIR015W,YDR289C,0,-6.339165,0.09646398574113846,0.9629999995231628,0.9020000100135803
YDL126C,YDL148C,0,-6.3395305,0.09645432978868484,0.9629999995231628,0.9021000266075134
YHR124W,YGL049C,0,-6.3399854,0.09644466638565063,0.9629999995231628,0.9021999835968018
YCL038C,YBL035C,0,-6.3402224,0.09643501043319702,0.9629999995231628,0.9023000001907349
YDR385W,YBL056W,0,-6.3411856,0.09642535448074341,0.9629999995231628,0.902400016784668
YGR262C,YGR289C,0,-6.3416443,0.0964156985282898,0.9629999995231628,0.9024999737739563
YDR163W,YOR085W,0,-6.3416877,0.09640605002641678,0.9629999995231628,0.9025999903678894
YNL015W,YOR261C,0,-6.341715,0.09639639407396317,0.9629999995231628,0.9027000069618225
YBR021W,YER012W,0,-6.3419,0.09638674557209015,0.9629999995231628,0.9028000235557556
YFL050C,YER087C-B,0,-6.342167,0.09637710452079773,0.9629999995231628,0.902899980545044
YNL085W,YKR065C,0,-6.34275,0.09636745601892471,0.9629999995231628,0.902999997138977
YPR029C,YIL046W,0,-6.343071,0.0963578149676323,0.9629999995231628,0.9031000137329102
YGL222C,YBR154C,0,-6.343314,0.09634817391633987,0.9629999995231628,0.9031999707221985
YMR049C,YMR203W,0,-6.3433704,0.09633853286504745,0.9629999995231628,0.9032999873161316
YDL115C,YKR007W,0,-6.3436866,0.09632889926433563,0.9629999995231628,0.9034000039100647
YDL004W,YML016C,0,-6.3439016,0.09631926566362381,0.9629999995231628,0.9035000205039978
YKL073W,YNR006W,0,-6.3442183,0.09630963206291199,0.9629999995231628,0.9035999774932861
YHR085W,YKL053C-A,0,-6.3445086,0.09629999846220016,0.9629999995231628,0.9036999940872192
YHR061C,YKR014C,0,-6.3445234,0.09629037231206894,0.9629999995231628,0.9038000106811523
YHR013C,YMR200W,0,-6.344738,0.09628074616193771,0.9629999995231628,0.9039000272750854
YJL207C,YHR038W,0,-6.3448997,0.09627112001180649,0.9629999995231628,0.9039999842643738
YLR165C,YOR243C,1,-6.3449035,0.09636145830154419,0.9639999866485596,0.9039999842643738
YGR289C,YPR070W,0,-6.3450847,0.09635182470083237,0.9639999866485596,0.9041000008583069
YER035W,YNR047W,0,-6.3456244,0.09634219110012054,0.9639999866485596,0.90420001745224
YKL052C,YOR269W,0,-6.345942,0.09633256494998932,0.9639999866485596,0.9042999744415283
YIL004C,YGL066W,0,-6.346034,0.0963229387998581,0.9639999866485596,0.9043999910354614
YLR097C,YGR170W,0,-6.3460402,0.09631332010030746,0.9639999866485596,0.9045000076293945
YOR028C,YDL060W,0,-6.346043,0.09630369395017624,0.9639999866485596,0.9046000242233276
YOL100W,YDL225W,0,-6.346462,0.09629407525062561,0.9639999866485596,0.904699981212616
YBR059C,YNL312W,0,-6.3465476,0.09628445655107498,0.9639999866485596,0.9047999978065491
YOR145C,YOR172W,0,-6.3466387,0.09627484530210495,0.9639999866485596,0.9049000144004822
YOL005C,YPL057C,0,-6.34671,0.09626522660255432,0.9639999866485596,0.9049999713897705
YML048W,YGL111W,0,-6.347106,0.09625561535358429,0.9639999866485596,0.9050999879837036
YNL331C,YKR025W,0,-6.3471375,0.09624600410461426,0.9639999866485596,0.9052000045776367
YHR085W,YBR199W,0,-6.3476877,0.09623640030622482,0.9639999866485596,0.9053000211715698
YHR129C,YMR139W,0,-6.3477397,0.09622678905725479,0.9639999866485596,0.9053999781608582
YBL074C,YER024W,0,-6.3483424,0.09621718525886536,0.9639999866485596,0.9054999947547913
YMR116C,YBR258C,0,-6.3484926,0.09620758146047592,0.9639999866485596,0.9056000113487244
YER083C,YKL006C-A,0,-6.3486047,0.09619798511266708,0.9639999866485596,0.9057000279426575
YGR202C,YNL088W,0,-6.3486605,0.09618838876485825,0.9639999866485596,0.9057999849319458
YBR265W,YHR135C,0,-6.3488717,0.09617879241704941,0.9639999866485596,0.9059000015258789
YBR267W,YHR027C,0,-6.348919,0.09616919606924057,0.9639999866485596,0.906000018119812
YPL177C,YPL208W,0,-6.3490844,0.09615959972143173,0.9639999866485596,0.9060999751091003
YBR236C,YGR214W,0,-6.3490915,0.09615001082420349,0.9639999866485596,0.9061999917030334
YGL136C,YOL125W,1,-6.3491645,0.09624014794826508,0.9649999737739563,0.9061999917030334
YPR008W,YFR001W,0,-6.349473,0.09623055160045624,0.9649999737739563,0.9063000082969666
YDR021W,YOR149C,0,-6.349529,0.096220962703228,0.9649999737739563,0.9064000248908997
YHR073W,YHR062C,0,-6.3496,0.09621136635541916,0.9649999737739563,0.906499981880188
YOR168W,YBL026W,0,-6.3496213,0.09620177745819092,0.9649999737739563,0.9065999984741211
YNL088W,YOR256C,0,-6.34969,0.09619218856096268,0.9649999737739563,0.9067000150680542
YNL075W,YLR165C,1,-6.3498063,0.09628226608037949,0.9660000205039978,0.9067000150680542
YOR064C,YDR381W,0,-6.3503623,0.09627266973257065,0.9660000205039978,0.9067999720573425
YHR183W,YNL123W,0,-6.350393,0.09626308083534241,0.9660000205039978,0.9068999886512756
YPL040C,YPR070W,0,-6.3507237,0.09625348448753357,0.9660000205039978,0.9070000052452087
YLL008W,YER035W,0,-6.3507457,0.09624389559030533,0.9660000205039978,0.9071000218391418
YLR113W,YOR206W,0,-6.3507915,0.09623430669307709,0.9660000205039978,0.9071999788284302
YMR033W,YOR045W,0,-6.3510966,0.09622472524642944,0.9660000205039978,0.9072999954223633
YGL126W,YOL148C,0,-6.3512154,0.0962151363492012,0.9660000205039978,0.9074000120162964
YDR078C,YDR372C,0,-6.3516555,0.09620555490255356,0.9660000205039978,0.9075000286102295
YIL122W,YIL118W,0,-6.3516874,0.09619597345590591,0.9660000205039978,0.9075999855995178
YKL048C,YDR218C,0,-6.352081,0.09618639945983887,0.9660000205039978,0.9077000021934509
YDL236W,YJR009C,0,-6.352092,0.09617682546377182,0.9660000205039978,0.907800018787384
YNR044W,YJL146W,0,-6.3521514,0.09616724401712418,0.9660000205039978,0.9078999757766724
YOR335C,YDL007W,0,-6.3523316,0.09615767747163773,0.9660000205039978,0.9079999923706055
YEL002C,YGR281W,0,-6.3526545,0.09614810347557068,0.9660000205039978,0.9081000089645386
YKR008W,YBR077C,0,-6.3532867,0.09613853693008423,0.9660000205039978,0.9082000255584717
YMR292W,YJL061W,0,-6.3541937,0.09612897038459778,0.9660000205039978,0.90829998254776
YJR094C,YGL111W,0,-6.3544564,0.09611940383911133,0.9660000205039978,0.9083999991416931
YKL048C,YOL142W,0,-6.3545413,0.09610983729362488,0.9660000205039978,0.9085000157356262
YLR219W,YLR212C,0,-6.3546176,0.09610027819871902,0.9660000205039978,0.9085999727249146
YNL219C,YOR001W,0,-6.3549514,0.09609071910381317,0.9660000205039978,0.9086999893188477
YLR175W,YGL136C,1,-6.355305,0.09618062525987625,0.9670000076293945,0.9086999893188477
YOL142W,YBR216C,0,-6.355463,0.0961710587143898,0.9670000076293945,0.9088000059127808
YGR264C,YOR008C,0,-6.3556495,0.09616149216890335,0.9670000076293945,0.9089000225067139
YNL082W,YIL122W,0,-6.3559327,0.0961519330739975,0.9670000076293945,0.9089999794960022
YOL116W,YOL110W,0,-6.35597,0.09614237397909164,0.9670000076293945,0.9090999960899353
YDR148C,YMR070W,0,-6.3565354,0.09613281488418579,0.9670000076293945,0.9092000126838684
YGL126W,YDR334W,0,-6.3568273,0.09612326323986053,0.9670000076293945,0.9093000292778015
YER133W,YPL058C,0,-6.356855,0.09611370414495468,0.9670000076293945,0.9093999862670898
YNL156C,YML001W,0,-6.3569007,0.09610415250062943,0.9670000076293945,0.909500002861023
YNR016C,YDR432W,0,-6.35743,0.09609460085630417,0.9670000076293945,0.909600019454956
YGL143C,YOR229W,0,-6.3574395,0.09608505666255951,0.9670000076293945,0.9096999764442444
YNL210W,YFL003C,0,-6.357988,0.09607551246881485,0.9670000076293945,0.9097999930381775
YLR229C,YPL091W,0,-6.3579893,0.09606596827507019,0.9670000076293945,0.9099000096321106
YKR068C,YDL178W,0,-6.3580403,0.09605642408132553,0.9670000076293945,0.9100000262260437
YLR100W,YMR263W,0,-6.358133,0.09604687988758087,0.9670000076293945,0.910099983215332
YER026C,YFL002C,0,-6.358436,0.09603734314441681,0.9670000076293945,0.9101999998092651
YHR013C,YGR192C,0,-6.3588743,0.09602780640125275,0.9670000076293945,0.9103000164031982
YDL208W,YLR165C,1,-6.359079,0.09611756354570389,0.9679999947547913,0.9103000164031982
YGR155W,YOR329C,0,-6.3593616,0.09610801935195923,0.9679999947547913,0.9103999733924866
YLR229C,YOR181W,0,-6.360102,0.09609848260879517,0.9679999947547913,0.9104999899864197
YOR321W,YML024W,0,-6.3606544,0.0960889384150505,0.9679999947547913,0.9106000065803528
YML102W,YDR255C,0,-6.3613763,0.09607940167188644,0.9679999947547913,0.9107000231742859
YMR296C,YOL147C,0,-6.3617425,0.09606987237930298,0.9679999947547913,0.9107999801635742
YEL027W,YGL098W,0,-6.3618712,0.09606033563613892,0.9679999947547913,0.9108999967575073
YBR036C,YKL006C-A,0,-6.3620887,0.09605080634355545,0.9679999947547913,0.9110000133514404
YDL006W,YPL089C,0,-6.3621025,0.09604127705097198,0.9679999947547913,0.9110999703407288
YDL035C,YLR009W,0,-6.3625484,0.09603174775838852,0.9679999947547913,0.9111999869346619
YOR355W,YOR122C,0,-6.3628354,0.09602221846580505,0.9679999947547913,0.911300003528595
YKL060C,YGR132C,0,-6.3630795,0.09601269662380219,0.9679999947547913,0.9114000201225281
YGR204W,YHR085W,0,-6.3635693,0.09600317478179932,0.9679999947547913,0.9114999771118164
YDL047W,YBR283C,0,-6.3636775,0.09599365293979645,0.9679999947547913,0.9115999937057495
YJL008C,YKL176C,0,-6.3639803,0.09598413854837418,0.9679999947547913,0.9117000102996826
YMR175W,YGR172C,0,-6.364306,0.09597461670637131,0.9679999947547913,0.9118000268936157
YHR102W,YML124C,0,-6.364344,0.09596510231494904,0.9679999947547913,0.911899983882904
YIL142W,YHR038W,0,-6.3647275,0.09595558792352676,0.9679999947547913,0.9120000004768372
YDR258C,YGL022W,0,-6.364906,0.09594608098268509,0.9679999947547913,0.9121000170707703
YLR309C,YPR010C,0,-6.365002,0.09593657404184341,0.9679999947547913,0.9121999740600586
YPR074C,YMR293C,0,-6.365112,0.09592706710100174,0.9679999947547913,0.9122999906539917
YNR056C,YHR107C,0,-6.365386,0.09591756016016006,0.9679999947547913,0.9124000072479248
YLR342W,YML015C,0,-6.366059,0.09590805321931839,0.9679999947547913,0.9125000238418579
YOR355W,YBR280C,0,-6.366077,0.09589855372905731,0.9679999947547913,0.9125999808311462
YMR149W,YDL170W,0,-6.366189,0.09588905423879623,0.9679999947547913,0.9126999974250793
YDR075W,YDL052C,0,-6.3666005,0.09587955474853516,0.9679999947547913,0.9128000140190125
YJL091C,YKL015W,0,-6.3669,0.09587006270885468,0.9679999947547913,0.9128999710083008
YDL022W,YMR214W,0,-6.36711,0.0958605632185936,0.9679999947547913,0.9129999876022339
YLR033W,YLR403W,0,-6.3673267,0.09585107117891312,0.9679999947547913,0.913100004196167
YIL098C,YPR113W,0,-6.3681235,0.09584158658981323,0.9679999947547913,0.9132000207901001
YOR209C,YOL054W,0,-6.3681855,0.09583209455013275,0.9679999947547913,0.9132999777793884
YCL014W,YOR064C,0,-6.3686657,0.09582260996103287,0.9679999947547913,0.9133999943733215
YLR332W,YDR088C,0,-6.3691325,0.09581312537193298,0.9679999947547913,0.9135000109672546
YMR225C,YKL034W,0,-6.3695807,0.0958036407828331,0.9679999947547913,0.9136000275611877
YDR298C,YJL033W,0,-6.3706355,0.09579416364431381,0.9679999947547913,0.9136999845504761
YDR414C,YDR092W,0,-6.371037,0.09578467905521393,0.9679999947547913,0.9138000011444092
YAR003W,YML007W,0,-6.3715444,0.09577520191669464,0.9679999947547913,0.9139000177383423
YBL002W,YBR182C,0,-6.3719344,0.09576573222875595,0.9679999947547913,0.9139999747276306
YLR340W,YKL056C,0,-6.3719563,0.09575625509023666,0.9679999947547913,0.9140999913215637
YKL165C,YDL213C,0,-6.371985,0.09574678540229797,0.9679999947547913,0.9142000079154968
YMR038C,YHR011W,0,-6.37211,0.09573731571435928,0.9679999947547913,0.9143000245094299
YMR264W,YJL222W,0,-6.372761,0.0957278460264206,0.9679999947547913,0.9143999814987183
YBR286W,YDL084W,0,-6.37281,0.0957183837890625,0.9679999947547913,0.9144999980926514
YML059C,YOR060C,0,-6.3730383,0.0957089215517044,0.9679999947547913,0.9146000146865845
YMR038C,YML129C,0,-6.3731523,0.09569945931434631,0.9679999947547913,0.9146999716758728
YDR299W,YGR248W,0,-6.373198,0.09568999707698822,0.9679999947547913,0.9147999882698059
YLR380W,YHR027C,0,-6.373487,0.09568053483963013,0.9679999947547913,0.914900004863739
YNL130C,YLR293C,0,-6.37361,0.09567108005285263,0.9679999947547913,0.9150000214576721
YBR039W,YHR150W,0,-6.374327,0.09566162526607513,0.9679999947547913,0.9150999784469604
YEL022W,YMR281W,0,-6.374656,0.09565217047929764,0.9679999947547913,0.9151999950408936
YBR091C,YGL137W,0,-6.3749046,0.09564272314310074,0.9679999947547913,0.9153000116348267
YOL001W,YJL190C,0,-6.375597,0.09563327580690384,0.9679999947547913,0.9154000282287598
YMR303C,YOR241W,0,-6.376161,0.09562382847070694,0.9679999947547913,0.9154999852180481
YKL064W,YJR143C,0,-6.3761744,0.09561438113451004,0.9679999947547913,0.9156000018119812
YHR176W,YGR094W,0,-6.376308,0.09560494124889374,0.9679999947547913,0.9157000184059143
YJL094C,YNL299W,0,-6.3763733,0.09559549391269684,0.9679999947547913,0.9157999753952026
YJR153W,YEL013W,0,-6.376778,0.09558605402708054,0.9679999947547913,0.9158999919891357
YNL242W,YGR268C,0,-6.3781447,0.09557662159204483,0.9679999947547913,0.9160000085830688
YJL209W,YGR193C,0,-6.3781857,0.09556718170642853,0.9679999947547913,0.916100025177002
YNL112W,YDL022W,0,-6.3783717,0.09555774927139282,0.9679999947547913,0.9161999821662903
YBL045C,YDR289C,0,-6.378424,0.09554831683635712,0.9679999947547913,0.9162999987602234
YDR188W,YER026C,0,-6.3784356,0.09553888440132141,0.9679999947547913,0.9164000153541565
YDR163W,YDL120W,0,-6.3784404,0.0955294594168663,0.9679999947547913,0.9164999723434448
YLR144C,YKL150W,0,-6.378876,0.0955200344324112,0.9679999947547913,0.9165999889373779
YOR265W,YOL128C,0,-6.3793435,0.09551060944795609,0.9679999947547913,0.916700005531311
YJR155W,YAL024C,0,-6.3793545,0.09550118446350098,0.9679999947547913,0.9168000221252441
YLR295C,YLR291C,0,-6.3794174,0.09549175947904587,0.9679999947547913,0.9168999791145325
YGR177C,YOL122C,0,-6.379591,0.09548234194517136,0.9679999947547913,0.9169999957084656
YGL245W,YMR322C,0,-6.382442,0.09547292441129684,0.9679999947547913,0.9171000123023987
YBL041W,YNL272C,0,-6.3825173,0.09546351432800293,0.9679999947547913,0.9172000288963318
YHR069C,YMR197C,0,-6.3829036,0.09545409679412842,0.9679999947547913,0.9172999858856201
YDR379W,YOL039W,0,-6.3832746,0.0954446867108345,0.9679999947547913,0.9174000024795532
YBR041W,YMR101C,0,-6.3832865,0.09543527662754059,0.9679999947547913,0.9175000190734863
YDR158W,YDR228C,0,-6.383405,0.09542586654424667,0.9679999947547913,0.9175999760627747
YLR370C,YPL112C,0,-6.3836656,0.09541646391153336,0.9679999947547913,0.9176999926567078
YOL054W,YDL224C,0,-6.384465,0.09540705382823944,0.9679999947547913,0.9178000092506409
YDR150W,YOR085W,0,-6.384805,0.09539765119552612,0.9679999947547913,0.917900025844574
YOR026W,YHR079C,0,-6.384849,0.0953882560133934,0.9679999947547913,0.9179999828338623
YDR459C,YLR193C,0,-6.3848724,0.09537885338068008,0.9679999947547913,0.9180999994277954
YIL072W,YLR182W,0,-6.3858814,0.09536945819854736,0.9679999947547913,0.9182000160217285
YML116W,YAL035W,0,-6.3858924,0.09536006301641464,0.9679999947547913,0.9182999730110168
YLR007W,YDR463W,0,-6.3860464,0.09535066783428192,0.9679999947547913,0.91839998960495
YNL136W,YBR265W,0,-6.3865647,0.0953412801027298,0.9679999947547913,0.9185000061988831
YLL022C,YDL056W,0,-6.3870487,0.09533189237117767,0.9679999947547913,0.9186000227928162
YDR273W,YOR133W,0,-6.3870754,0.09532250463962555,0.9679999947547913,0.9186999797821045
YPL048W,YIL039W,0,-6.3872447,0.09531311690807343,0.9679999947547913,0.9187999963760376
YDR224C,YER129W,0,-6.3872886,0.0953037291765213,0.9679999947547913,0.9189000129699707
YPR193C,YPR163C,0,-6.3874803,0.09529434889554977,0.9679999947547913,0.9190000295639038
YNL037C,YOL100W,0,-6.3878016,0.09528496861457825,0.9679999947547913,0.9190999865531921
YNL293W,YML043C,0,-6.38791,0.09527558833360672,0.9679999947547913,0.9192000031471252
YBR293W,YML109W,0,-6.388162,0.09526621550321579,0.9679999947547913,0.9193000197410583
YNL156C,YPL193W,0,-6.3887076,0.09525684267282486,0.9679999947547913,0.9193999767303467
YKL194C,YGL244W,0,-6.388812,0.09524746984243393,0.9679999947547913,0.9194999933242798
YLR150W,YHR161C,0,-6.3891845,0.095238097012043,0.9679999947547913,0.9196000099182129
YBL002W,YLR020C,0,-6.3895535,0.09522872418165207,0.9679999947547913,0.919700026512146
YML004C,YGR156W,0,-6.39001,0.09521935880184174,0.9679999947547913,0.9197999835014343
YFR041C,YJR046W,0,-6.3902917,0.0952099934220314,0.9679999947547913,0.9199000000953674
YBL056W,YHR021C,0,-6.3914485,0.09520062804222107,0.9679999947547913,0.9200000166893005
YML006C,YGR143W,0,-6.3917685,0.09519127011299133,0.9679999947547913,0.9200999736785889
YMR238W,YOR084W,0,-6.3920407,0.095181904733181,0.9679999947547913,0.920199990272522
YPL053C,YKL034W,0,-6.3921027,0.09517254680395126,0.9679999947547913,0.9203000068664551
YOR210W,YLR369W,0,-6.392305,0.09516319632530212,0.9679999947547913,0.9204000234603882
YDR273W,YBR283C,0,-6.3923254,0.09515383839607239,0.9679999947547913,0.9204999804496765
YKR046C,YCR031C,0,-6.392593,0.09514448791742325,0.9679999947547913,0.9205999970436096
YLR165C,YBR061C,1,-6.3934045,0.09523341804742813,0.968999981880188,0.9205999970436096
YDR414C,YFL016C,0,-6.394438,0.0952240601181984,0.968999981880188,0.9207000136375427
YDR228C,YBR265W,0,-6.3944497,0.09521470218896866,0.968999981880188,0.920799970626831
YDL056W,YHR021C,0,-6.3947196,0.09520534425973892,0.968999981880188,0.9208999872207642
YGR278W,YJR091C,0,-6.3950634,0.09519599378108978,0.968999981880188,0.9210000038146973
YEL066W,YOL068C,0,-6.3950815,0.09518664330244064,0.968999981880188,0.9211000204086304
YPL194W,YGL244W,0,-6.395167,0.0951772928237915,0.968999981880188,0.9211999773979187
YIR004W,YCR008W,0,-6.3955874,0.09516794234514236,0.968999981880188,0.9212999939918518
YOR193W,YDR212W,0,-6.395888,0.09515859931707382,0.968999981880188,0.9214000105857849
YDL043C,YLR371W,0,-6.3964095,0.09514925628900528,0.968999981880188,0.921500027179718
YOR209C,YDR394W,0,-6.3966465,0.09513991326093674,0.968999981880188,0.9215999841690063
YOR145C,YMR241W,0,-6.3970094,0.0951305702328682,0.968999981880188,0.9217000007629395
YPL051W,YIL023C,0,-6.397033,0.09512123465538025,0.968999981880188,0.9218000173568726
YKR065C,YDR183W,0,-6.397449,0.0951118990778923,0.968999981880188,0.9218999743461609
YPR112C,YAL017W,0,-6.3975253,0.09510256350040436,0.968999981880188,0.921999990940094
YJL094C,YMR076C,0,-6.397862,0.09509322792291641,0.968999981880188,0.9221000075340271
YJR063W,YJR156C,0,-6.3978734,0.09508389979600906,0.968999981880188,0.9222000241279602
YBL002W,YGL219C,0,-6.3982263,0.09507457166910172,0.968999981880188,0.9222999811172485
YOR275C,YMR061W,0,-6.3983135,0.09506524354219437,0.968999981880188,0.9223999977111816
YNL331C,YJL184W,0,-6.3983345,0.09505591541528702,0.968999981880188,0.9225000143051147
YBL047C,YJR086W,0,-6.3986316,0.09504659473896027,0.968999981880188,0.9225999712944031
YLR068W,YMR284W,0,-6.3986425,0.09503726661205292,0.968999981880188,0.9226999878883362
YCR047C,YPL118W,0,-6.398645,0.09502794593572617,0.968999981880188,0.9228000044822693
YOR274W,YOR201C,1,-6.398996,0.09511668980121613,0.9700000286102295,0.9228000044822693
YMR150C,YBR086C,0,-6.3991838,0.09510736167430878,0.9700000286102295,0.9229000210762024
YGR155W,YNL283C,0,-6.400029,0.09509804099798203,0.9700000286102295,0.9229999780654907
YER094C,YGR280C,0,-6.401131,0.09508872032165527,0.9700000286102295,0.9230999946594238
YBR087W,YDR487C,0,-6.4012103,0.09507939964532852,0.9700000286102295,0.9232000112533569
YGR030C,YBL041W,0,-6.4015193,0.09507007896900177,0.9700000286102295,0.92330002784729
YBR164C,YDR456W,0,-6.40181,0.09506075829267502,0.9700000286102295,0.9233999848365784
YOR031W,YNL038W,0,-6.40188,0.09505144506692886,0.9700000286102295,0.9235000014305115
YPR093C,YNL326C,0,-6.4022646,0.09504213184118271,0.9700000286102295,0.9236000180244446
YDL029W,YKL021C,0,-6.4025116,0.09503281861543655,0.9700000286102295,0.9236999750137329
YHR183W,YLR417W,0,-6.40274,0.095023512840271,0.9700000286102295,0.923799991607666
YMR184W,YNR038W,0,-6.4028087,0.09501419961452484,0.9700000286102295,0.9239000082015991
YHR034C,YDL055C,0,-6.4028926,0.09500489383935928,0.9700000286102295,0.9240000247955322
YIR023W,YER125W,0,-6.402928,0.09499559551477432,0.9700000286102295,0.9240999817848206
YOR221C,YGR147C,0,-6.4030595,0.09498628973960876,0.9700000286102295,0.9241999983787537
YDL101C,YLR195C,0,-6.403875,0.0949769914150238,0.9700000286102295,0.9243000149726868
YNL015W,YDL216C,0,-6.4043493,0.09496769309043884,0.9700000286102295,0.9243999719619751
YDR188W,YKL093W,0,-6.405004,0.09495839476585388,0.9700000286102295,0.9244999885559082
YMR023C,YPL212C,1,-6.405165,0.0950469821691513,0.9710000157356262,0.9244999885559082
YDR137W,YDR418W,0,-6.405274,0.09503768384456635,0.9710000157356262,0.9246000051498413
YDR098C,YDL108W,0,-6.4058666,0.09502837806940079,0.9710000157356262,0.9247000217437744
YMR322C,YHR066W,0,-6.405981,0.09501907974481583,0.9710000157356262,0.9247999787330627
YHR194W,YNR052C,0,-6.4061036,0.09500978142023087,0.9710000157356262,0.9248999953269958
YNL291C,YHR008C,0,-6.4062552,0.0950004905462265,0.9710000157356262,0.925000011920929
YPL001W,YOR014W,0,-6.406393,0.09499119222164154,0.9710000157356262,0.9251000285148621
YML121W,YGL145W,0,-6.4064565,0.09498190134763718,0.9710000157356262,0.9251999855041504
YNL014W,YOR209C,0,-6.406523,0.09497261047363281,0.9710000157356262,0.9253000020980835
YLR431C,YMR093W,0,-6.407289,0.09496332705020905,0.9710000157356262,0.9254000186920166
YJL100W,YOR151C,0,-6.407671,0.09495403617620468,0.9710000157356262,0.9254999756813049
YBR256C,YIL039W,0,-6.4078727,0.09494475275278091,0.9710000157356262,0.925599992275238
YKL026C,YCL052C,0,-6.4078965,0.09493546932935715,0.9710000157356262,0.9257000088691711
YOL122C,YJR086W,0,-6.4081364,0.09492619335651398,0.9710000157356262,0.9258000254631042
YFL056C,YDR045C,0,-6.408809,0.09491690993309021,0.9710000157356262,0.9258999824523926
YOL020W,YLR240W,0,-6.40972,0.09490763396024704,0.9710000157356262,0.9259999990463257
YKL165C,YMR039C,0,-6.409741,0.09489835798740387,0.9710000157356262,0.9261000156402588
YIR006C,YNL107W,0,-6.409886,0.0948890820145607,0.9710000157356262,0.9261999726295471
YJR090C,YDL130W-A,0,-6.409932,0.09487981349229813,0.9710000157356262,0.9262999892234802
YNR054C,YDR175C,0,-6.410046,0.09487054497003555,0.9710000157356262,0.9264000058174133
YGL136C,YOL093W,1,-6.4106736,0.09495896846055984,0.972000002861023,0.9264000058174133
YLR254C,YBL020W,0,-6.410711,0.09494969248771667,0.972000002861023,0.9265000224113464
YJR091C,YGR030C,0,-6.410856,0.0949404165148735,0.972000002861023,0.9265999794006348
YMR309C,YHR111W,0,-6.4109163,0.09493114799261093,0.972000002861023,0.9266999959945679
YGR038W,YDR328C,0,-6.411111,0.09492187201976776,0.972000002861023,0.926800012588501
YER105C,YNL093W,0,-6.411897,0.09491260349750519,0.972000002861023,0.9269000291824341
YGR288W,YDR150W,0,-6.4124007,0.09490334242582321,0.972000002861023,0.9269999861717224
YJR047C,YDR341C,0,-6.4128313,0.09489407390356064,0.972000002861023,0.9271000027656555
YOR174W,YGR222W,0,-6.41316,0.09488481283187866,0.972000002861023,0.9272000193595886
YOL108C,YNL268W,0,-6.4135,0.09487555176019669,0.972000002861023,0.927299976348877
YIL044C,YGR192C,0,-6.413634,0.09486629068851471,0.972000002861023,0.9273999929428101
YOR020C,YBR106W,0,-6.414178,0.09485702961683273,0.972000002861023,0.9275000095367432
YLR310C,YOR115C,0,-6.414376,0.09484777599573135,0.972000002861023,0.9276000261306763
YDR023W,YDR088C,0,-6.414585,0.09483852237462997,0.972000002861023,0.9276999831199646
YPR020W,YPL145C,0,-6.4146447,0.0948292687535286,0.972000002861023,0.9277999997138977
YJL201W,YJL045W,0,-6.414791,0.09482001513242722,0.972000002861023,0.9279000163078308
YLR008C,YDR453C,0,-6.4149637,0.09481076896190643,0.972000002861023,0.9279999732971191
YEL017C-A,YPR088C,0,-6.4150653,0.09480152279138565,0.972000002861023,0.9280999898910522
YKR025W,YHR106W,0,-6.415191,0.09479227662086487,0.972000002861023,0.9282000064849854
YNR044W,YDR397C,0,-6.415499,0.09478303045034409,0.972000002861023,0.9283000230789185
YLR069C,YOR210W,0,-6.415725,0.0947737917304039,0.972000002861023,0.9283999800682068
YMR026C,YBL105C,0,-6.416011,0.09476455301046371,0.972000002861023,0.9284999966621399
YFL050C,YHR083W,0,-6.4160113,0.09475531429052353,0.972000002861023,0.928600013256073
YER095W,YDR485C,0,-6.4161763,0.09474607557058334,0.972000002861023,0.9286999702453613
YAL059W,YCR073C,0,-6.416327,0.09473684430122375,0.972000002861023,0.9287999868392944
YCR065W,YKL062W,0,-6.416402,0.09472761303186417,0.972000002861023,0.9289000034332275
YLR270W,YCL067C,0,-6.4165993,0.09471838176250458,0.972000002861023,0.9290000200271606
YOR123C,YER024W,0,-6.4166894,0.09470915049314499,0.972000002861023,0.929099977016449
YKL053C-A,YDR419W,0,-6.4167366,0.0946999192237854,0.972000002861023,0.9291999936103821
YPL060W,YAL025C,0,-6.4169054,0.09469069540500641,0.972000002861023,0.9293000102043152
YDR425W,YHR066W,0,-6.4169664,0.09468147158622742,0.972000002861023,0.9294000267982483
YPL048W,YER122C,0,-6.417084,0.09467224776744843,0.972000002861023,0.9294999837875366
YDR397C,YDR143C,0,-6.417464,0.09466303139925003,0.972000002861023,0.9296000003814697
YLR370C,YER029C,0,-6.4178376,0.09465381503105164,0.972000002861023,0.9297000169754028
YDR137W,YPR125W,0,-6.418373,0.09464459866285324,0.972000002861023,0.9297999739646912
YGR267C,YJL140W,0,-6.418444,0.09463538229465485,0.972000002861023,0.9298999905586243
YDR397C,YLR378C,0,-6.4193273,0.09462616592645645,0.972000002861023,0.9300000071525574
YDL088C,YPR131C,0,-6.419427,0.09461695700883865,0.972000002861023,0.9301000237464905
YMR079W,YGR143W,0,-6.419541,0.09460774809122086,0.972000002861023,0.9301999807357788
YOR207C,YLR378C,0,-6.4206386,0.09459853917360306,0.972000002861023,0.9302999973297119
YHR169W,YPR134W,0,-6.420655,0.09458933770656586,0.972000002861023,0.930400013923645
YML019W,YGR276C,0,-6.4207296,0.09458012878894806,0.972000002861023,0.9304999709129333
YCL014W,YBR193C,0,-6.4210796,0.09457092732191086,0.972000002861023,0.9305999875068665
YDL231C,YPL206C,0,-6.4213495,0.09456172585487366,0.972000002861023,0.9307000041007996
YBL045C,YER009W,0,-6.421863,0.09455253183841705,0.972000002861023,0.9308000206947327
YLR450W,YPR141C,0,-6.422193,0.09454333037137985,0.972000002861023,0.930899977684021
YBR042C,YLR240W,0,-6.4227223,0.09453413635492325,0.972000002861023,0.9309999942779541
YDR113C,YCR106W,0,-6.4227824,0.09452494233846664,0.972000002861023,0.9311000108718872
YLR449W,YKL189W,0,-6.423431,0.09451575577259064,0.972000002861023,0.9312000274658203
YDR461W,YDL076C,0,-6.4237924,0.09450656175613403,0.972000002861023,0.9312999844551086
YNL091W,YPR132W,0,-6.424089,0.09449737519025803,0.972000002861023,0.9314000010490417
YPR113W,YGR005C,0,-6.42411,0.09448818862438202,0.972000002861023,0.9315000176429749
YBR286W,YER072W,0,-6.4242916,0.09447900205850601,0.972000002861023,0.9315999746322632
YLR355C,YOR353C,0,-6.4244514,0.0944698229432106,0.972000002861023,0.9316999912261963
YIL070C,YGR170W,0,-6.4252014,0.09446064382791519,0.972000002861023,0.9318000078201294
YOR265W,YPL258C,0,-6.425271,0.09445146471261978,0.972000002861023,0.9319000244140625
YJR006W,YER162C,0,-6.4256835,0.09444228559732437,0.972000002861023,0.9319999814033508
YDL231C,YFL045C,0,-6.42577,0.09443310648202896,0.972000002861023,0.9320999979972839
YOR213C,YBR265W,0,-6.4259887,0.09442393481731415,0.972000002861023,0.932200014591217
YMR059W,YOR035C,0,-6.426144,0.09441476315259933,0.972000002861023,0.9322999715805054
YJL186W,YGR209C,0,-6.4264407,0.09440559148788452,0.972000002861023,0.9323999881744385
YDR231C,YIL105C,0,-6.4266286,0.0943964272737503,0.972000002861023,0.9325000047683716
YGR262C,YMR293C,0,-6.426926,0.09438726305961609,0.972000002861023,0.9326000213623047
YLR427W,YDR322C-A,0,-6.4271083,0.09437809139490128,0.972000002861023,0.932699978351593
YER127W,YGL136C,1,-6.4272156,0.09446601569652557,0.9729999899864197,0.932699978351593
YOR031W,YKR008W,0,-6.4280467,0.09445685148239136,0.9729999899864197,0.9327999949455261
YER117W,YOL055C,0,-6.4281244,0.09444767981767654,0.9729999899864197,0.9329000115394592
YDR231C,YGL048C,0,-6.428554,0.09443851560354233,0.9729999899864197,0.9330000281333923
YGL058W,YMR088C,0,-6.4286675,0.09442935138940811,0.9729999899864197,0.9330999851226807
YFL039C,YMR214W,0,-6.4288955,0.0944201871752739,0.9729999899864197,0.9332000017166138
YDL134C,YMR143W,0,-6.429418,0.09441102296113968,0.9729999899864197,0.9333000183105469
YFR047C,YNL161W,0,-6.429466,0.09440186619758606,0.9729999899864197,0.9333999752998352
YPR093C,YOL090W,0,-6.429893,0.09439270198345184,0.9729999899864197,0.9334999918937683
YNL031C,YBR212W,0,-6.4301705,0.09438354521989822,0.9729999899864197,0.9336000084877014
YER112W,YBR006W,0,-6.4308023,0.0943743959069252,0.9729999899864197,0.9337000250816345
YJL165C,YOL112W,0,-6.4308267,0.09436523914337158,0.9729999899864197,0.9337999820709229
YBR260C,YIR022W,0,-6.431171,0.09435608983039856,0.9729999899864197,0.933899998664856
YMR014W,YML132W,0,-6.4313345,0.09434694051742554,0.9729999899864197,0.9340000152587891
YFR047C,YGL151W,0,-6.4314346,0.09433779120445251,0.9729999899864197,0.9340999722480774
YLR022C,YJL004C,0,-6.4319053,0.09432864934206009,0.9729999899864197,0.9341999888420105
YGL020C,YMR224C,0,-6.431928,0.09431950002908707,0.9729999899864197,0.9343000054359436
YMR015C,YHR021C,0,-6.4320254,0.09431035816669464,0.9729999899864197,0.9344000220298767
YLR276C,YGR193C,0,-6.4325223,0.09430122375488281,0.9729999899864197,0.934499979019165
YMR119W,YBL025W,0,-6.432674,0.09429208189249039,0.9729999899864197,0.9345999956130981
YER129W,YDL052C,0,-6.4327555,0.09428294748067856,0.9729999899864197,0.9347000122070312
YDR421W,YGL017W,0,-6.43289,0.09427381306886673,0.9729999899864197,0.9348000288009644
YGR123C,YLR119W,0,-6.434042,0.0942646786570549,0.9729999899864197,0.9348999857902527
YGL256W,YER125W,0,-6.4341006,0.09425554424524307,0.9729999899864197,0.9350000023841858
YOR037W,YPL042C,0,-6.4341397,0.09424641728401184,0.9729999899864197,0.9351000189781189
YCR082W,YBR106W,0,-6.434344,0.09423729032278061,0.9729999899864197,0.9351999759674072
YBR179C,YJR069C,0,-6.434748,0.09422816336154938,0.9729999899864197,0.9352999925613403
YOR122C,YFL033C,0,-6.434765,0.09421903640031815,0.9729999899864197,0.9354000091552734
YOR030W,YOR193W,0,-6.43498,0.09420991688966751,0.9729999899864197,0.9355000257492065
YDR419W,YGR143W,0,-6.4350758,0.09420079737901688,0.9729999899864197,0.9355999827384949
YGR028W,YML021C,0,-6.435132,0.09419167786836624,0.9729999899864197,0.935699999332428
YKL093W,YER100W,0,-6.435148,0.0941825583577156,0.9729999899864197,0.9358000159263611
YBL045C,YLR328W,0,-6.4352183,0.09417343884706497,0.9729999899864197,0.9358999729156494
YBL047C,YLR298C,0,-6.435573,0.09416432678699493,0.9729999899864197,0.9359999895095825
YBR167C,YJR009C,0,-6.4357734,0.0941552147269249,0.9729999899864197,0.9361000061035156
YBR068C,YOR106W,0,-6.435876,0.09414610266685486,0.9729999899864197,0.9362000226974487
YJL104W,YOR043W,0,-6.4358807,0.09413699805736542,0.9729999899864197,0.9362999796867371
YMR153W,YMR322C,0,-6.436036,0.09412789344787598,0.9729999899864197,0.9363999962806702
YML116W,YOR038C,0,-6.4365354,0.09411878138780594,0.9729999899864197,0.9365000128746033
YGR227W,YDR075W,0,-6.4367557,0.0941096842288971,0.9729999899864197,0.9366000294685364
YNL062C,YGL136C,1,-6.4368663,0.09419729560613632,0.9739999771118164,0.9366000294685364
YLR397C,YLR254C,0,-6.437406,0.09418818354606628,0.9739999771118164,0.9366999864578247
YNR044W,YPR033C,0,-6.437462,0.09417907893657684,0.9739999771118164,0.9368000030517578
YJL173C,YLR448W,0,-6.437797,0.0941699668765068,0.9739999771118164,0.9369000196456909
YKL192C,YDR151C,0,-6.4394403,0.09416086971759796,0.9739999771118164,0.9369999766349792
YMR081C,YLR430W,0,-6.439572,0.09415176510810852,0.9739999771118164,0.9370999932289124
YLR355C,YDR381W,0,-6.439599,0.09414266049861908,0.9739999771118164,0.9372000098228455
YIL079C,YOR380W,0,-6.439712,0.09413356333971024,0.9739999771118164,0.9373000264167786
YKR067W,YGR156W,0,-6.4398427,0.09412446618080139,0.9739999771118164,0.9373999834060669
YPL086C,YMR023C,1,-6.440064,0.09421200305223465,0.9750000238418579,0.9373999834060669
YLR304C,YJL201W,0,-6.4401155,0.09420289844274521,0.9750000238418579,0.9375
YLR215C,YMR030W,0,-6.440318,0.09419380128383636,0.9750000238418579,0.9376000165939331
YKR037C,YER024W,0,-6.4404726,0.09418469667434692,0.9750000238418579,0.9376999735832214
YJR040W,YOR179C,0,-6.440904,0.09417559951543808,0.9750000238418579,0.9377999901771545
YML059C,YIL122W,0,-6.440948,0.09416650235652924,0.9750000238418579,0.9379000067710876
YHR148W,YMR023C,1,-6.4411564,0.09425398707389832,0.9760000109672546,0.9379000067710876
YCR088W,YCL059C,0,-6.4411902,0.09424488246440887,0.9760000109672546,0.9380000233650208
YER155C,YML036W,0,-6.442098,0.09423578530550003,0.9760000109672546,0.9380999803543091
YHR072W,YJR073C,0,-6.4421315,0.09422668814659119,0.9760000109672546,0.9381999969482422
YPL089C,YDR170C,0,-6.4424453,0.09421759098768234,0.9760000109672546,0.9383000135421753
YBR199W,YBR213W,0,-6.4434834,0.0942084938287735,0.9760000109672546,0.9383999705314636
YLR350W,YKL056C,0,-6.4437037,0.09419940412044525,0.9760000109672546,0.9384999871253967
YOR032C,YJL047C,0,-6.444386,0.094190314412117,0.9760000109672546,0.9386000037193298
YIL118W,YDR353W,0,-6.4447904,0.09418122470378876,0.9760000109672546,0.9387000203132629
YKL060C,YER094C,0,-6.4450355,0.09417213499546051,0.9760000109672546,0.9387999773025513
YHR072W,YJL002C,0,-6.445508,0.09416304528713226,0.9760000109672546,0.9388999938964844
YMR238W,YLR005W,0,-6.446138,0.09415396302938461,0.9760000109672546,0.9390000104904175
YNL220W,YPL224C,0,-6.4462705,0.09414488077163696,0.9760000109672546,0.9391000270843506
YBR236C,YIL126W,0,-6.446334,0.09413580596446991,0.9760000109672546,0.9391999840736389
YGL032C,YDR189W,0,-6.446915,0.09412672370672226,0.9760000109672546,0.939300000667572
YDR356W,YPR074C,0,-6.446988,0.0941176488995552,0.9760000109672546,0.9394000172615051
YNL084C,YBR106W,0,-6.447831,0.09410857409238815,0.9760000109672546,0.9394999742507935
YKL021C,YNL264C,0,-6.4486623,0.0940994992852211,0.9760000109672546,0.9395999908447266
YER168C,YGL136C,1,-6.4493546,0.09418682754039764,0.9769999980926514,0.9395999908447266
YFL041W,YMR183C,0,-6.4501433,0.09417775273323059,0.9769999980926514,0.9397000074386597
YLR215C,YNL036W,0,-6.450567,0.09416867792606354,0.9769999980926514,0.9398000240325928
YOR261C,YBR030W,0,-6.451337,0.09415959566831589,0.9769999980926514,0.9398999810218811
YDR188W,YJL100W,0,-6.4514446,0.09415052831172943,0.9769999980926514,0.9399999976158142
YDR184C,YJR044C,0,-6.4521422,0.09414145350456238,0.9769999980926514,0.9401000142097473
YPL028W,YDR398W,0,-6.452394,0.09413238614797592,0.9769999980926514,0.9401999711990356
YMR281W,YBL039C,0,-6.4524655,0.09412331134080887,0.9769999980926514,0.9402999877929688
YGL173C,YDR183W,0,-6.4525137,0.09411424398422241,0.9769999980926514,0.9404000043869019
YDR040C,YER148W,0,-6.4526014,0.09410518407821655,0.9769999980926514,0.940500020980835
YNL298W,YDL052C,0,-6.452974,0.0940961167216301,0.9769999980926514,0.9405999779701233
YJL108C,YKL058W,0,-6.453398,0.09408705681562424,0.9769999980926514,0.9406999945640564
YGL192W,YKL110C,1,-6.4541025,0.09417428821325302,0.9779999852180481,0.9406999945640564
YER036C,YCR066W,0,-6.454212,0.09416522085666656,0.9779999852180481,0.9408000111579895
YML006C,YBR091C,0,-6.454333,0.09415615350008011,0.9779999852180481,0.9409000277519226
YDL015C,YHR039C-A,0,-6.454546,0.09414709359407425,0.9779999852180481,0.9409999847412109
YEL071W,YBR298C,0,-6.454654,0.09413803368806839,0.9779999852180481,0.941100001335144
YMR219W,YJL186W,0,-6.4547524,0.09412897378206253,0.9779999852180481,0.9412000179290771
YKL026C,YPR009W,0,-6.4555984,0.09411991387605667,0.9779999852180481,0.9412999749183655
YLR103C,YDR485C,0,-6.455849,0.09411085397005081,0.9779999852180481,0.9413999915122986
YJL184W,YKR085C,0,-6.4572287,0.09410180151462555,0.9779999852180481,0.9415000081062317
YOR153W,YOL143C,0,-6.457868,0.09409274905920029,0.9779999852180481,0.9416000247001648
YMR290C,YCR091W,0,-6.4579234,0.09408369660377502,0.9779999852180481,0.9416999816894531
YOR122C,YBR143C,0,-6.45816,0.09407464414834976,0.9779999852180481,0.9417999982833862
YNL330C,YHR021C,0,-6.4590325,0.0940655991435051,0.9779999852180481,0.9419000148773193
YDR078C,YMR241W,0,-6.4597526,0.09405654668807983,0.9779999852180481,0.9419999718666077
YJR131W,YPL211W,0,-6.459821,0.09404750168323517,0.9779999852180481,0.9420999884605408
YGR221C,YDR177W,0,-6.4604306,0.0940384641289711,0.9779999852180481,0.9422000050544739
YDL005C,YPL057C,0,-6.4604354,0.09402941912412643,0.9779999852180481,0.942300021648407
YDR098C,YJL134W,0,-6.4605885,0.09402038156986237,0.9779999852180481,0.9423999786376953
YML077W,YGL020C,0,-6.4616904,0.0940113440155983,0.9779999852180481,0.9424999952316284
YOL060C,YMR146C,0,-6.461864,0.09400230646133423,0.9779999852180481,0.9426000118255615
YFL029C,YBL047C,0,-6.4621186,0.09399326890707016,0.9779999852180481,0.9427000284194946
YMR041C,YPL254W,0,-6.462135,0.09398423880338669,0.9779999852180481,0.942799985408783
YPL084W,YER129W,0,-6.4623175,0.09397520869970322,0.9779999852180481,0.9429000020027161
YER145C,YJL002C,0,-6.4625506,0.09396617859601974,0.9779999852180481,0.9430000185966492
YLL008W,YOL060C,0,-6.4628863,0.09395715594291687,0.9779999852180481,0.9430999755859375
YLR069C,YDR527W,0,-6.462928,0.0939481258392334,0.9779999852180481,0.9431999921798706
YBR286W,YGL058W,0,-6.4636307,0.09393910318613052,0.9779999852180481,0.9433000087738037
YOR181W,YGR030C,0,-6.463845,0.09393008053302765,0.9779999852180481,0.9434000253677368
YMR072W,YHR074W,0,-6.46401,0.09392105787992477,0.9779999852180481,0.9434999823570251
YDL006W,YBR214W,0,-6.464231,0.0939120426774025,0.9779999852180481,0.9435999989509583
YMR056C,YJR040W,0,-6.4646945,0.09390302747488022,0.9779999852180481,0.9437000155448914
YPL242C,YBR221C,0,-6.4651666,0.09389401227235794,0.9779999852180481,0.9437999725341797
YNR016C,YOR157C,0,-6.4654174,0.09388499706983566,0.9779999852180481,0.9438999891281128
YMR023C,YOR243C,1,-6.4661136,0.09397197514772415,0.9789999723434448,0.9438999891281128
YHR150W,YBL039C,0,-6.4661846,0.09396295249462128,0.9789999723434448,0.9440000057220459
YPL195W,YKL029C,0,-6.4662156,0.093953937292099,0.9789999723434448,0.944100022315979
YOR028C,YJL198W,0,-6.4663463,0.09394492208957672,0.9789999723434448,0.9441999793052673
YHR089C,YLL024C,0,-6.466568,0.09393590688705444,0.9789999723434448,0.9442999958992004
YLR377C,YDR260C,0,-6.466622,0.09392689168453217,0.9789999723434448,0.9444000124931335
YIR021W,YHL027W,0,-6.4667745,0.09391788393259048,0.9789999723434448,0.9445000290870667
YOR056C,YKR002W,0,-6.4668193,0.0939088761806488,0.9789999723434448,0.944599986076355
YPR120C,YKL051W,0,-6.466849,0.09389986842870712,0.9789999723434448,0.9447000026702881
YJL061W,YHR083W,0,-6.4670577,0.09389086067676544,0.9789999723434448,0.9448000192642212
YLR370C,YBR077C,0,-6.4681616,0.09388185292482376,0.9789999723434448,0.9448999762535095
YOR001W,YMR053C,0,-6.468271,0.09387285262346268,0.9789999723434448,0.9449999928474426
YOL115W,YGR141W,0,-6.4684396,0.09386385232210159,0.9789999723434448,0.9451000094413757
YNL223W,YML074C,0,-6.469024,0.09385485202074051,0.9789999723434448,0.9452000260353088
YOL116W,YDL111C,0,-6.469438,0.09384585916996002,0.9789999723434448,0.9452999830245972
YPL051W,YNL264C,0,-6.46955,0.09383686631917953,0.9789999723434448,0.9453999996185303
YMR070W,YDR400W,0,-6.470043,0.09382787346839905,0.9789999723434448,0.9455000162124634
YKR009C,YKL130C,0,-6.4702945,0.09381888061761856,0.9789999723434448,0.9455999732017517
YMR116C,YLL001W,0,-6.47055,0.09380988776683807,0.9789999723434448,0.9456999897956848
YLR448W,YBL058W,0,-6.4706016,0.09380090236663818,0.9789999723434448,0.9458000063896179
YPL133C,YDR353W,0,-6.4722576,0.0937919169664383,0.9789999723434448,0.945900022983551
YMR250W,YKR057W,0,-6.472737,0.0937829315662384,0.9789999723434448,0.9459999799728394
YBR234C,YMR014W,0,-6.473003,0.09377394616603851,0.9789999723434448,0.9460999965667725
YGR121C,YIL110W,0,-6.473182,0.09376496821641922,0.9789999723434448,0.9462000131607056
YJL111W,YIL049W,0,-6.4732842,0.09375598281621933,0.9789999723434448,0.9463000297546387
YOR026W,YJL048C,0,-6.4743247,0.09374700486660004,0.9789999723434448,0.946399986743927
YNL256W,YPL087W,0,-6.4743953,0.09373803436756134,0.9789999723434448,0.9465000033378601
YNL119W,YJL222W,0,-6.474448,0.09372905641794205,0.9789999723434448,0.9466000199317932
YDR385W,YBR009C,0,-6.4745617,0.09372008591890335,0.9789999723434448,0.9466999769210815
YJR060W,YFL036W,0,-6.4764986,0.09371111541986465,0.9789999723434448,0.9467999935150146
YDR172W,YML025C,0,-6.4772887,0.09370214492082596,0.9789999723434448,0.9469000101089478
YLR165C,YOL125W,1,-6.4775577,0.09378887712955475,0.9800000190734863,0.9469000101089478
YDL231C,YLL041C,0,-6.4777565,0.09377990663051605,0.9800000190734863,0.9470000267028809
YOR011W,YJR043C,0,-6.4779496,0.09377092868089676,0.9800000190734863,0.9470999836921692
YKR057W,YER125W,0,-6.4782615,0.09376195818185806,0.9800000190734863,0.9472000002861023
YGL162W,YGR047C,0,-6.478579,0.09375298768281937,0.9800000190734863,0.9473000168800354
YPR020W,YIR018W,0,-6.478673,0.09374402463436127,0.9800000190734863,0.9473999738693237
YKL062W,YNL032W,0,-6.479379,0.09373505413532257,0.9800000190734863,0.9474999904632568
YIR010W,YLR259C,0,-6.480178,0.09372609108686447,0.9800000190734863,0.9476000070571899
YBR041W,YBL088C,0,-6.480237,0.09371712803840637,0.9800000190734863,0.947700023651123
YOR355W,YMR021C,0,-6.4803853,0.09370816498994827,0.9800000190734863,0.9477999806404114
YGR248W,YJR007W,0,-6.480799,0.09369920939207077,0.9800000190734863,0.9478999972343445
YOL023W,YBR294W,0,-6.4809713,0.09369024634361267,0.9800000190734863,0.9480000138282776
YPL221W,YFR001W,0,-6.48128,0.09368129074573517,0.9800000190734863,0.9480999708175659
YDR494W,YDR320C,0,-6.4817634,0.09367233514785767,0.9800000190734863,0.948199987411499
YOR355W,YGL073W,0,-6.481849,0.09366338700056076,0.9800000190734863,0.9483000040054321
YCR044C,YML114C,0,-6.481916,0.09365443140268326,0.9800000190734863,0.9484000205993652
YNL130C,YGL078C,0,-6.4819336,0.09364548325538635,0.9800000190734863,0.9484999775886536
YNL242W,YLR009W,0,-6.4820004,0.09363653510808945,0.9800000190734863,0.9485999941825867
YHR096C,YPR070W,0,-6.482344,0.09362759441137314,0.9800000190734863,0.9487000107765198
YPL089C,YHR066W,0,-6.482434,0.09361864626407623,0.9800000190734863,0.9488000273704529
YHR107C,YJR104C,0,-6.4825597,0.09360970556735992,0.9800000190734863,0.9488999843597412
YMR200W,YHR027C,0,-6.4826627,0.09360076487064362,0.9800000190734863,0.9490000009536743
YDR255C,YMR263W,0,-6.4828343,0.09359182417392731,0.9800000190734863,0.9491000175476074
YKR036C,YDL126C,0,-6.482925,0.0935828909277916,0.9800000190734863,0.9491999745368958
YKL130C,YEL013W,0,-6.4829574,0.09357395023107529,0.9800000190734863,0.9492999911308289
YOR032C,YNL091W,0,-6.483681,0.09356501698493958,0.9800000190734863,0.949400007724762
YDR358W,YFR001W,0,-6.4837565,0.09355608373880386,0.9800000190734863,0.9495000243186951
YML116W,YGL200C,0,-6.484177,0.09354715794324875,0.9800000190734863,0.9495999813079834
YMR177W,YGL143C,0,-6.4844213,0.09353822469711304,0.9800000190734863,0.9496999979019165
YKR039W,YBR048W,0,-6.484955,0.09352929890155792,0.9800000190734863,0.9498000144958496
YOL021C,YGR289C,0,-6.485227,0.09352037310600281,0.9800000190734863,0.9498999714851379
YGL136C,YCL054W,1,-6.4856024,0.0936068668961525,0.9810000061988831,0.9498999714851379
YOR310C,YLR165C,1,-6.4860544,0.09369335323572159,0.9819999933242798,0.9498999714851379
YOR209C,YKL117W,0,-6.4864664,0.09368441253900528,0.9819999933242798,0.949999988079071
YLL041C,YMR179W,0,-6.487751,0.09367547184228897,0.9819999933242798,0.9501000046730042
YDR298C,YBR034C,0,-6.4879513,0.09366653859615326,0.9819999933242798,0.9502000212669373
YBR034C,YLR466W,0,-6.488543,0.09365760535001755,0.9819999933242798,0.9502999782562256
YOR377W,YDR487C,0,-6.4885774,0.09364867210388184,0.9819999933242798,0.9503999948501587
YJL184W,YBR212W,0,-6.4885964,0.09363974630832672,0.9819999933242798,0.9505000114440918
YBL023C,YDR150W,0,-6.489015,0.09363081306219101,0.9819999933242798,0.9506000280380249
YEL042W,YPL060W,0,-6.4893827,0.0936218872666359,0.9819999933242798,0.9506999850273132
YJR047C,YJR073C,0,-6.490248,0.09361296147108078,0.9819999933242798,0.9508000016212463
YHR005C,YKL058W,0,-6.490256,0.09360404312610626,0.9819999933242798,0.9509000182151794
YER178W,YNL121C,0,-6.4904313,0.09359511733055115,0.9819999933242798,0.9509999752044678
YKL021C,YOR085W,0,-6.490494,0.09358619898557663,0.9819999933242798,0.9510999917984009
YMR153W,YDR486C,0,-6.490605,0.09357728064060211,0.9819999933242798,0.951200008392334
YKL026C,YDR172W,0,-6.490977,0.0935683622956276,0.9819999933242798,0.9513000249862671
YKL093W,YKL122C,0,-6.491566,0.09355945140123367,0.9819999933242798,0.9513999819755554
YOR008C,YDR398W,0,-6.4919677,0.09355054050683975,0.9819999933242798,0.9514999985694885
YHR158C,YJL104W,0,-6.492617,0.09354162961244583,0.9819999933242798,0.9516000151634216
YER065C,YJL168C,0,-6.4935746,0.09353271871805191,0.9819999933242798,0.95169997215271
YDR147W,YDR484W,0,-6.493942,0.09352380782365799,0.9819999933242798,0.9517999887466431
YMR112C,YJL164C,0,-6.494169,0.09351490437984467,0.9819999933242798,0.9519000053405762
YLR201C,YAL033W,0,-6.4943023,0.09350600093603134,0.9819999933242798,0.9520000219345093
YER162C,YOR115C,0,-6.494721,0.09349709749221802,0.9819999933242798,0.9520999789237976
YGR170W,YHR021C,0,-6.4948783,0.0934881940484047,0.9819999933242798,0.9521999955177307
YGR191W,YDR337W,0,-6.49509,0.09347929805517197,0.9819999933242798,0.9523000121116638
YCR034W,YHR194W,0,-6.4953656,0.09347039461135864,0.9819999933242798,0.9524000287055969
YOR122C,YNL044W,0,-6.495723,0.09346149861812592,0.9819999933242798,0.9524999856948853
YBR234C,YMR229C,0,-6.495768,0.09345261007547379,0.9819999933242798,0.9526000022888184
YLR165C,YCL054W,1,-6.496533,0.09353887289762497,0.9829999804496765,0.9526000022888184
YKR039W,YGL172W,0,-6.4967237,0.09352996945381165,0.9829999804496765,0.9527000188827515
YGR193C,YJL011C,0,-6.4968247,0.09352107346057892,0.9829999804496765,0.9527999758720398
YER143W,YOR297C,0,-6.4971232,0.09351217746734619,0.9829999804496765,0.9528999924659729
YDR375C,YJL154C,0,-6.4978137,0.09350328147411346,0.9829999804496765,0.953000009059906
YGL004C,YMR079W,0,-6.4987555,0.09349438548088074,0.9829999804496765,0.9531000256538391
YGL223C,YOR136W,0,-6.499211,0.09348549693822861,0.9829999804496765,0.9531999826431274
YDL155W,YPR023C,0,-6.4996343,0.09347660839557648,0.9829999804496765,0.9532999992370605
YOL043C,YKL034W,0,-6.4998546,0.09346771985292435,0.9829999804496765,0.9534000158309937
YMR150C,YBR254C,0,-6.500419,0.09345883131027222,0.9829999804496765,0.953499972820282
YOL139C,YMR026C,0,-6.5008016,0.09344995021820068,0.9829999804496765,0.9535999894142151
YKL007W,YMR229C,0,-6.501051,0.09344106167554855,0.9829999804496765,0.9537000060081482
YGL222C,YDR439W,0,-6.505569,0.09343218058347702,0.9829999804496765,0.9538000226020813
YOL100W,YBR002C,0,-6.50579,0.09342330694198608,0.9829999804496765,0.9538999795913696
YMR023C,YOL093W,1,-6.5066085,0.09350945800542831,0.984000027179718,0.9538999795913696
YNL074C,YOR253W,0,-6.5070825,0.09350056946277618,0.984000027179718,0.9539999961853027
YDR494W,YBL007C,0,-6.5071273,0.09349168837070465,0.984000027179718,0.9541000127792358
YNL298W,YPR103W,0,-6.5075393,0.09348280727863312,0.984000027179718,0.954200029373169
YBL015W,YOR080W,0,-6.507873,0.09347392618656158,0.984000027179718,0.9542999863624573
YNL085W,YOR035C,0,-6.5084085,0.09346504509449005,0.984000027179718,0.9544000029563904
YBR145W,YDL150W,0,-6.5087867,0.09345617145299911,0.984000027179718,0.9545000195503235
YML013W,YBR172C,0,-6.5088124,0.09344729036092758,0.984000027179718,0.9545999765396118
YCR048W,YDR294C,0,-6.509759,0.09343841671943665,0.984000027179718,0.9546999931335449
YLR295C,YPL128C,0,-6.5101514,0.0934295505285263,0.984000027179718,0.954800009727478
YNR007C,YJL168C,0,-6.5103273,0.09342067688703537,0.984000027179718,0.9549000263214111
YNL113W,YBR293W,0,-6.5105333,0.09341181069612503,0.984000027179718,0.9549999833106995
YOL013C,YMR263W,0,-6.510732,0.09340294450521469,0.984000027179718,0.9550999999046326
YML036W,YBR008C,0,-6.510963,0.09339407831430435,0.984000027179718,0.9552000164985657
YNL156C,YDR073W,0,-6.5110116,0.09338521212339401,0.984000027179718,0.955299973487854
YJL002C,YFR048W,0,-6.511542,0.09337635338306427,0.984000027179718,0.9553999900817871
YMR219W,YER009W,0,-6.5117846,0.09336749464273453,0.984000027179718,0.9555000066757202
YMR014W,YKR009C,0,-6.5122476,0.09335863590240479,0.984000027179718,0.9556000232696533
YPL042C,YNL244C,0,-6.5124316,0.09334977716207504,0.984000027179718,0.9556999802589417
YMR119W,YGR267C,0,-6.512733,0.0933409184217453,0.984000027179718,0.9557999968528748
YPL110C,YDL092W,0,-6.5133634,0.09333206713199615,0.984000027179718,0.9559000134468079
YLR229C,YJR126C,0,-6.5138316,0.09332321584224701,0.984000027179718,0.9559999704360962
YMR119W,YOR048C,0,-6.513853,0.09331436455249786,0.984000027179718,0.9560999870300293
YDL095W,YBR081C,0,-6.5139976,0.09330552071332932,0.984000027179718,0.9562000036239624
YOR233W,YMR225C,0,-6.514545,0.09329666942358017,0.984000027179718,0.9563000202178955
YGR267C,YMR036C,0,-6.5145626,0.09328782558441162,0.984000027179718,0.9563999772071838
YJR155W,YLR450W,0,-6.5147862,0.09327898174524307,0.984000027179718,0.9564999938011169
YOR241W,YML128C,0,-6.514846,0.09327014535665512,0.984000027179718,0.95660001039505
YLR370C,YLR328W,0,-6.515266,0.09326130151748657,0.984000027179718,0.9567000269889832
YDR260C,YDR092W,0,-6.5158844,0.09325246512889862,0.984000027179718,0.9567999839782715
YLR370C,YML112W,0,-6.5160527,0.09324362874031067,0.984000027179718,0.9569000005722046
YLR165C,YNR046W,1,-6.5169444,0.0933295413851738,0.9850000143051147,0.9569000005722046
YOR037W,YAL029C,0,-6.517387,0.09332069754600525,0.9850000143051147,0.9570000171661377
YJL178C,YJR121W,0,-6.5174565,0.0933118611574173,0.9850000143051147,0.957099974155426
YOL143C,YBR283C,0,-6.5182114,0.09330302476882935,0.9850000143051147,0.9571999907493591
YAL003W,YMR139W,0,-6.5188456,0.0932941809296608,0.9850000143051147,0.9573000073432922
YJL095W,YNL133C,0,-6.5195413,0.09328535199165344,0.9850000143051147,0.9574000239372253
YGL012W,YDR490C,0,-6.5196204,0.09327651560306549,0.9850000143051147,0.9574999809265137
YGL136C,YJL035C,1,-6.5197096,0.09336236864328384,0.9860000014305115,0.9574999809265137
YJL026W,YHR021C,0,-6.5197196,0.09335353225469589,0.9860000014305115,0.9575999975204468
YNL293W,YGR172C,0,-6.5202737,0.09334469586610794,0.9860000014305115,0.9577000141143799
YOR171C,YNL268W,0,-6.5205827,0.09333585947751999,0.9860000014305115,0.9577999711036682
YGL004C,YIR012W,0,-6.521726,0.09332702308893204,0.9860000014305115,0.9578999876976013
YNL223W,YOR217W,0,-6.522264,0.09331818670034409,0.9860000014305115,0.9580000042915344
YGR280C,YBR214W,0,-6.5226874,0.09330935776233673,0.9860000014305115,0.9581000208854675
YGR028W,YDR166C,0,-6.523256,0.09330052882432938,0.9860000014305115,0.9581999778747559
YLR165C,YJL035C,1,-6.5233865,0.09338631480932236,0.9869999885559082,0.9581999778747559
YLR335W,YJL004C,0,-6.5236273,0.093377485871315,0.9869999885559082,0.958299994468689
YLR405W,YLR165C,1,-6.524061,0.09346324950456619,0.9879999756813049,0.958299994468689
YER159C,YER105C,0,-6.5244055,0.09345440566539764,0.9879999756813049,0.9584000110626221
YDR096W,YKL176C,0,-6.5244746,0.09344556927680969,0.9879999756813049,0.9585000276565552
YDR450W,YKR057W,0,-6.5248704,0.09343673288822174,0.9879999756813049,0.9585999846458435
YBR236C,YKL032C,0,-6.5257382,0.09342789649963379,0.9879999756813049,0.9587000012397766
YOL139C,YBR041W,0,-6.525845,0.09341906011104584,0.9879999756813049,0.9588000178337097
YMR056C,YLR084C,0,-6.526117,0.09341023117303848,0.9879999756813049,0.958899974822998
YLR275W,YDL128W,0,-6.5261836,0.09340140223503113,0.9879999756813049,0.9589999914169312
YOR005C,YHR108W,0,-6.52628,0.09339257329702377,0.9879999756813049,0.9591000080108643
YDR177W,YEL002C,0,-6.526648,0.09338374435901642,0.9879999756813049,0.9592000246047974
YNR059W,YOR007C,0,-6.5274425,0.09337491542100906,0.9879999756813049,0.9592999815940857
YPR093C,YDR449C,0,-6.5274987,0.0933660939335823,0.9879999756813049,0.9593999981880188
YCL029C,YDR255C,0,-6.5283256,0.09335727244615555,0.9879999756813049,0.9595000147819519
YOR260W,YDR486C,0,-6.528454,0.09334845095872879,0.9879999756813049,0.9595999717712402
YLR370C,YHR062C,0,-6.52982,0.09333962947130203,0.9879999756813049,0.9596999883651733
YJL201W,YGR046W,0,-6.5300536,0.09333081543445587,0.9879999756813049,0.9598000049591064
YOR241W,YBR183W,0,-6.530439,0.09332200139760971,0.9879999756813049,0.9599000215530396
YLR295C,YKL015W,0,-6.5304427,0.09331318736076355,0.9879999756813049,0.9599999785423279
YKL013C,YMR146C,0,-6.531219,0.09330437332391739,0.9879999756813049,0.960099995136261
YLR293C,YMR060C,0,-6.5317473,0.09329555928707123,0.9879999756813049,0.9602000117301941
YHR061C,YJL165C,0,-6.532327,0.09328675270080566,0.9879999756813049,0.9603000283241272
YOR008C,YDR088C,0,-6.532331,0.0932779461145401,0.9879999756813049,0.9603999853134155
YDL161W,YKR046C,0,-6.5323668,0.09326913952827454,0.9879999756813049,0.9605000019073486
YCR010C,YJL165C,0,-6.532562,0.09326033294200897,0.9879999756813049,0.9606000185012817
YPR082C,YJL004C,0,-6.5335,0.093251533806324,0.9879999756813049,0.9606999754905701
YBL045C,YAL025C,0,-6.534845,0.09324273467063904,0.9879999756813049,0.9607999920845032
YPL051W,YKL165C,0,-6.535176,0.09323393553495407,0.9879999756813049,0.9609000086784363
YJR069C,YFL016C,0,-6.535793,0.0932251363992691,0.9879999756813049,0.9610000252723694
YMR192W,YPL094C,0,-6.5360065,0.09321634471416473,0.9879999756813049,0.9610999822616577
YJR043C,YJL052W,0,-6.5364723,0.09320754557847977,0.9879999756813049,0.9611999988555908
YJL111W,YKL020C,0,-6.5367146,0.0931987538933754,0.9879999756813049,0.9613000154495239
YLR304C,YOL039W,0,-6.5381045,0.09318996220827103,0.9879999756813049,0.9613999724388123
YOR002W,YLL024C,0,-6.538174,0.09318117797374725,0.9879999756813049,0.9614999890327454
YOR142W,YMR079W,0,-6.538182,0.09317238628864288,0.9879999756813049,0.9616000056266785
YOL064C,YJL074C,0,-6.538594,0.09316360205411911,0.9879999756813049,0.9617000222206116
YJL111W,YER003C,0,-6.538672,0.09315481781959534,0.9879999756813049,0.9617999792098999
YOR100C,YIL052C,0,-6.5388455,0.09314603358507156,0.9879999756813049,0.961899995803833
YCL014W,YKL020C,0,-6.53888,0.09313725680112839,0.9879999756813049,0.9620000123977661
YDR121W,YKL060C,0,-6.539127,0.09312847256660461,0.9879999756813049,0.9621000289916992
YDL143W,YKL026C,0,-6.540139,0.09311969578266144,0.9879999756813049,0.9621999859809875
YBR135W,YMR100W,0,-6.540398,0.09311091899871826,0.9879999756813049,0.9623000025749207
YDL143W,YOR151C,0,-6.540405,0.09310214966535568,0.9879999756813049,0.9624000191688538
YKR024C,YOR256C,0,-6.5413165,0.0930933728814125,0.9879999756813049,0.9624999761581421
YBR236C,YOR272W,0,-6.541775,0.09308460354804993,0.9879999756813049,0.9625999927520752
YAL033W,YNL131W,0,-6.542043,0.09307583421468735,0.9879999756813049,0.9627000093460083
YKL110C,YLR165C,1,-6.542451,0.09316126257181168,0.9890000224113464,0.9627000093460083
YGL219C,YDR025W,0,-6.542528,0.0931524932384491,0.9890000224113464,0.9628000259399414
YKL192C,YPR101W,0,-6.542623,0.09314371645450592,0.9890000224113464,0.9628999829292297
YIL098C,YIR033W,0,-6.5435233,0.09313494712114334,0.9890000224113464,0.9629999995231628
YOL128C,YMR273C,0,-6.544243,0.09312617778778076,0.9890000224113464,0.963100016117096
YJR121W,YDR207C,0,-6.5442634,0.09311740845441818,0.9890000224113464,0.9631999731063843
YGR264C,YPR134W,0,-6.5451217,0.0931086391210556,0.9890000224113464,0.9632999897003174
YJL053W,YLR014C,0,-6.5451913,0.09309987723827362,0.9890000224113464,0.9634000062942505
YOR133W,YJL140W,0,-6.5462656,0.09309111535549164,0.9890000224113464,0.9635000228881836
YOR099W,YDR177W,0,-6.5472426,0.09308235347270966,0.9890000224113464,0.9635999798774719
YLR051C,YKL062W,0,-6.5474505,0.09307359158992767,0.9890000224113464,0.963699996471405
YNL082W,YOR347C,0,-6.547522,0.09306483715772629,0.9890000224113464,0.9638000130653381
YJL036W,YER049W,0,-6.547776,0.0930560752749443,0.9890000224113464,0.9639000296592712
YDR365C,YJR118C,0,-6.547814,0.09304732084274292,0.9890000224113464,0.9639999866485596
YDR498C,YMR197C,0,-6.547855,0.09303856641054153,0.9890000224113464,0.9641000032424927
YPL271W,YCR063W,0,-6.548454,0.09302981942892075,0.9890000224113464,0.9642000198364258
YMR023C,YLR197W,1,-6.549133,0.09311512112617493,0.9900000095367432,0.9642000198364258
YLR175W,YLR165C,1,-6.5493035,0.09320041537284851,0.9909999966621399,0.9642000198364258
YPR070W,YER094C,0,-6.549884,0.09319164603948593,0.9909999966621399,0.9642999768257141
YOR085W,YDR081C,0,-6.55023,0.09318288415670395,0.9909999966621399,0.9643999934196472
YBR212W,YMR143W,0,-6.550385,0.09317412227392197,0.9909999966621399,0.9645000100135803
YMR023C,YNR046W,1,-6.5507674,0.09325937926769257,0.9919999837875366,0.9645000100135803
YNL071W,YMR308C,0,-6.552282,0.09325060993432999,0.9919999837875366,0.9646000266075134
YER044C,YIL110W,0,-6.552691,0.093241848051548,0.9919999837875366,0.9646999835968018
YKL194C,YKL020C,0,-6.5540376,0.09323308616876602,0.9919999837875366,0.9648000001907349
YFL055W,YJL111W,0,-6.554583,0.09322432428598404,0.9919999837875366,0.964900016784668
YIL070C,YOR127W,0,-6.5548377,0.09321556240320206,0.9919999837875366,0.9649999737739563
YJR045C,YKL056C,0,-6.5550427,0.09320680052042007,0.9919999837875366,0.9650999903678894
YPR113W,YKL038W,0,-6.5566792,0.09319804608821869,0.9919999837875366,0.9652000069618225
YFR048W,YDR353W,0,-6.5573916,0.0931892916560173,0.9919999837875366,0.9653000235557556
YGR095C,YOR045W,0,-6.557488,0.09318053722381592,0.9919999837875366,0.965399980545044
YNL091W,YGL097W,0,-6.5577903,0.09317178279161453,0.9919999837875366,0.965499997138977
YAL053W,YLR321C,0,-6.5588183,0.09316303580999374,0.9919999837875366,0.9656000137329102
YIR025W,YLR328W,0,-6.559408,0.09315428882837296,0.9919999837875366,0.9656999707221985
YFL041W,YOR207C,0,-6.5599055,0.09314554184675217,0.9919999837875366,0.9657999873161316
YMR255W,YEL013W,0,-6.561147,0.09313679486513138,0.9919999837875366,0.9659000039100647
YMR023C,YBL024W,1,-6.561319,0.09322193264961243,0.9929999709129333,0.9659000039100647
YLR397C,YML013W,0,-6.561495,0.09321317821741104,0.9929999709129333,0.9660000205039978
YCR044C,YKR014C,0,-6.56235,0.09320443123579025,0.9929999709129333,0.9660999774932861
YGR120C,YMR139W,0,-6.562906,0.09319568425416946,0.9929999709129333,0.9661999940872192
YHR160C,YOR115C,0,-6.563057,0.09318693727254868,0.9929999709129333,0.9663000106811523
YBR070C,YOR209C,0,-6.563907,0.09317819029092789,0.9929999709129333,0.9664000272750854
YFL050C,YPL046C,0,-6.564229,0.0931694507598877,0.9929999709129333,0.9664999842643738
YEL027W,YPR023C,0,-6.5652003,0.0931607112288475,0.9929999709129333,0.9666000008583069
YCL029C,YDL194W,0,-6.5653944,0.09315197169780731,0.9929999709129333,0.96670001745224
YLR370C,YPR105C,0,-6.5658927,0.09314323216676712,0.9929999709129333,0.9667999744415283
YGL066W,YJR104C,0,-6.566046,0.09313449263572693,0.9929999709129333,0.9668999910354614
YOR038C,YDR218C,0,-6.5667586,0.09312576055526733,0.9929999709129333,0.9670000076293945
YLR144C,YDR288W,0,-6.567522,0.09311702847480774,0.9929999709129333,0.9671000242233276
YKL085W,YNL299W,0,-6.568387,0.09310829639434814,0.9929999709129333,0.967199981212616
YMR030W,YFL002C,0,-6.568894,0.09309957176446915,0.9929999709129333,0.9672999978065491
YDR375C,YOR048C,0,-6.5690246,0.09309083968400955,0.9929999709129333,0.9674000144004822
YPL028W,YJL047C,0,-6.5690856,0.09308211505413055,0.9929999709129333,0.9674999713897705
YBL024W,YLR165C,1,-6.5691895,0.09316711872816086,0.9940000176429749,0.9674999713897705
YFL034C-B,YLR007W,0,-6.569396,0.09315838664770126,0.9940000176429749,0.9675999879837036
YJR139C,YNL061W,0,-6.5694017,0.09314965456724167,0.9940000176429749,0.9677000045776367
YNL275W,YDR098C,0,-6.5700545,0.09314092993736267,0.9940000176429749,0.9678000211715698
YIL070C,YOL105C,0,-6.570462,0.09313220530748367,0.9940000176429749,0.9678999781608582
YER083C,YHR073W,0,-6.5705614,0.09312348067760468,0.9940000176429749,0.9679999947547913
YDL101C,YPR008W,0,-6.5708256,0.09311475604772568,0.9940000176429749,0.9681000113487244
YGL190C,YGR172C,0,-6.5714912,0.09310603141784668,0.9940000176429749,0.9682000279426575
YJL190C,YJL045W,0,-6.5724893,0.09309731423854828,0.9940000176429749,0.9682999849319458
YEL026W,YJR045C,0,-6.5727997,0.09308859705924988,0.9940000176429749,0.9684000015258789
YPL093W,YMR284W,0,-6.574731,0.09307987987995148,0.9940000176429749,0.968500018119812
YPR105C,YJL065C,0,-6.5761466,0.09307116270065308,0.9940000176429749,0.9685999751091003
YJR047C,YPR100W,0,-6.576485,0.09306244552135468,0.9940000176429749,0.9686999917030334
YOR281C,YPL002C,0,-6.577004,0.09305373579263687,0.9940000176429749,0.9688000082969666
YOR354C,YGR185C,0,-6.577196,0.09304502606391907,0.9940000176429749,0.9689000248908997
YLR172C,YNL268W,0,-6.5775905,0.09303631633520126,0.9940000176429749,0.968999981880188
YBR091C,YPL206C,0,-6.580363,0.09302760660648346,0.9940000176429749,0.9690999984741211
YLR015W,YDR518W,0,-6.580396,0.09301890432834625,0.9940000176429749,0.9692000150680542
YBR245C,YGR209C,0,-6.5809655,0.09301020205020905,0.9940000176429749,0.9692999720573425
YMR109W,YBR257W,0,-6.581131,0.09300149977207184,0.9940000176429749,0.9693999886512756
YNL038W,YLL006W,0,-6.582648,0.09299279749393463,0.9940000176429749,0.9695000052452087
YOR269W,YPL147W,0,-6.583533,0.09298409521579742,0.9940000176429749,0.9696000218391418
YKR054C,YLR266C,0,-6.5839934,0.09297540038824081,0.9940000176429749,0.9696999788284302
YER089C,YGR005C,0,-6.5849643,0.0929667055606842,0.9940000176429749,0.9697999954223633
YMR081C,YGR085C,0,-6.58511,0.0929580107331276,0.9940000176429749,0.9699000120162964
YOR067C,YLR147C,0,-6.586138,0.09294931590557098,0.9940000176429749,0.9700000286102295
YOR362C,YNL209W,0,-6.586641,0.09294062852859497,0.9940000176429749,0.9700999855995178
YML110C,YER162C,0,-6.587832,0.09293193370103836,0.9940000176429749,0.9702000021934509
YKL152C,YGL135W,0,-6.5878825,0.09292324632406235,0.9940000176429749,0.970300018787384
YDR318W,YLR254C,0,-6.5883565,0.09291456639766693,0.9940000176429749,0.9703999757766724
YIL034C,YLR002C,0,-6.5885777,0.09290587902069092,0.9940000176429749,0.9704999923706055
YMR250W,YML024W,0,-6.588802,0.0928971990942955,0.9940000176429749,0.9706000089645386
YMR312W,YMR023C,1,-6.5889983,0.0929819643497467,0.9950000047683716,0.9706000089645386
YDL134C,YKL081W,0,-6.589428,0.09297327697277069,0.9950000047683716,0.9707000255584717
YPR030W,YDL092W,0,-6.5895853,0.09296458959579468,0.9950000047683716,0.97079998254776
YGR278W,YBR298C,0,-6.5899405,0.09295590221881866,0.9950000047683716,0.9708999991416931
YPR112C,YCR061W,0,-6.590407,0.09294722229242325,0.9950000047683716,0.9710000157356262
YLR074C,YOR054C,0,-6.590429,0.09293854236602783,0.9950000047683716,0.9710999727249146
YLR095C,YDR175C,0,-6.5916543,0.09292986243963242,0.9950000047683716,0.9711999893188477
YGL003C,YMR039C,0,-6.5922017,0.092921182513237,0.9950000047683716,0.9713000059127808
YGL001C,YDR073W,0,-6.592891,0.09291250258684158,0.9950000047683716,0.9714000225067139
YML024W,YGR270W,0,-6.59564,0.09290383011102676,0.9950000047683716,0.9714999794960022
YDR440W,YLR193C,0,-6.596165,0.09289515763521194,0.9950000047683716,0.9715999960899353
YLR231C,YBR142W,0,-6.5962725,0.09288648515939713,0.9950000047683716,0.9717000126838684
YNR044W,YKL117W,0,-6.597592,0.0928778126835823,0.9950000047683716,0.9718000292778015
YLR449W,YKL026C,0,-6.598376,0.09286914020776749,0.9950000047683716,0.9718999862670898
YNR002C,YCL011C,0,-6.5984354,0.09286047518253326,0.9950000047683716,0.972000002861023
YPR017C,YDL035C,0,-6.5985327,0.09285181015729904,0.9950000047683716,0.972100019454956
YFR041C,YLR193C,0,-6.5996966,0.09284314513206482,0.9950000047683716,0.9721999764442444
YNL182C,YNL070W,0,-6.6003256,0.0928344875574112,0.9950000047683716,0.9722999930381775
YHR082C,YLR372W,0,-6.601358,0.09282582253217697,0.9950000047683716,0.9724000096321106
YPL147W,YGR095C,0,-6.6022744,0.09281716495752335,0.9950000047683716,0.9725000262260437
YBR132C,YIL159W,0,-6.6058536,0.09280850738286972,0.9950000047683716,0.972599983215332
YOR002W,YKL148C,0,-6.6062326,0.0927998498082161,0.9950000047683716,0.9726999998092651
YKL193C,YMR013C,0,-6.6064143,0.09279119968414307,0.9950000047683716,0.9728000164031982
YBR026C,YMR263W,0,-6.606476,0.09278254210948944,0.9950000047683716,0.9728999733924866
YGR142W,YCR034W,0,-6.6074085,0.09277389198541641,0.9950000047683716,0.9729999899864197
YMR237W,YLR238W,0,-6.608212,0.09276524186134338,0.9950000047683716,0.9731000065803528
YKR061W,YER093C,0,-6.608354,0.09275659918785095,0.9950000047683716,0.9732000231742859
YPR102C,YAL009W,0,-6.608401,0.09274794906377792,0.9950000047683716,0.9732999801635742
YLR015W,YOR187W,0,-6.6098695,0.09273930639028549,0.9950000047683716,0.9733999967575073
YKL093W,YPL211W,0,-6.6102138,0.09273066371679306,0.9950000047683716,0.9735000133514404
YOR226C,YFR004W,0,-6.6103272,0.09272202104330063,0.9950000047683716,0.9735999703407288
YJL192C,YKL095W,0,-6.6106267,0.0927133783698082,0.9950000047683716,0.9736999869346619
YPR134W,YOR004W,0,-6.6115556,0.09270474314689636,0.9950000047683716,0.973800003528595
YDL004W,YKL056C,0,-6.611747,0.09269610792398453,0.9950000047683716,0.9739000201225281
YLR097C,YER002W,0,-6.6121955,0.09268747270107269,0.9950000047683716,0.9739999771118164
YMR041C,YNL166C,0,-6.6129756,0.09267883747816086,0.9950000047683716,0.9740999937057495
YGL037C,YLR275W,0,-6.6139693,0.09267020225524902,0.9950000047683716,0.9742000102996826
YER026C,YDR189W,0,-6.6146884,0.09266157448291779,0.9950000047683716,0.9743000268936157
YKR007W,YDR422C,0,-6.6159444,0.09265294671058655,0.9950000047683716,0.974399983882904
YHR169W,YPR023C,0,-6.616555,0.09264431893825531,0.9950000047683716,0.9745000004768372
YDR281C,YIL122W,0,-6.616959,0.09263569861650467,0.9950000047683716,0.9746000170707703
YOL076W,YAL051W,0,-6.6179605,0.09262707084417343,0.9950000047683716,0.9746999740600586
YPR132W,YGR197C,0,-6.618278,0.09261845052242279,0.9950000047683716,0.9747999906539917
YGR097W,YDR298C,0,-6.619555,0.09260983020067215,0.9950000047683716,0.9749000072479248
YBR002C,YGR143W,0,-6.6199183,0.09260120987892151,0.9950000047683716,0.9750000238418579
YMR068W,YGR191W,0,-6.620905,0.09259258955717087,0.9950000047683716,0.9750999808311462
YDL166C,YGR248W,0,-6.6211076,0.09258397668600082,0.9950000047683716,0.9751999974250793
YJR043C,YOR172W,0,-6.621123,0.09257536381483078,0.9950000047683716,0.9753000140190125
YKL206C,YOL147C,0,-6.622689,0.09256675094366074,0.9950000047683716,0.9753999710083008
YGR262C,YJL100W,0,-6.622926,0.09255813807249069,0.9950000047683716,0.9754999876022339
YGL099W,YHR194W,0,-6.623442,0.09254953265190125,0.9950000047683716,0.975600004196167
YMR049C,YBR126C,0,-6.6249785,0.0925409197807312,0.9950000047683716,0.9757000207901001
YJL165C,YJL186W,0,-6.6251407,0.09253231436014175,0.9950000047683716,0.9757999777793884
YNR038W,YKL035W,0,-6.6298337,0.09252370893955231,0.9950000047683716,0.9758999943733215
YDL004W,YNL229C,0,-6.631817,0.09251511096954346,0.9950000047683716,0.9760000109672546
YNL219C,YAL053W,0,-6.635007,0.09250650554895401,0.9950000047683716,0.9761000275611877
YDL174C,YDR440W,0,-6.63582,0.09249790757894516,0.9950000047683716,0.9761999845504761
YML004C,YOR294W,0,-6.6364675,0.09248930960893631,0.9950000047683716,0.9763000011444092
YLL022C,YML038C,0,-6.6409802,0.09248071163892746,0.9950000047683716,0.9764000177383423
YMR070W,YGR010W,0,-6.641496,0.0924721211194992,0.9950000047683716,0.9764999747276306
YOR362C,YLR066W,0,-6.641909,0.09246352314949036,0.9950000047683716,0.9765999913215637
YKL035W,YJL109C,0,-6.641916,0.0924549326300621,0.9950000047683716,0.9767000079154968
YLR068W,YDR425W,0,-6.64261,0.09244634211063385,0.9950000047683716,0.9768000245094299
YNL153C,YOR020C,0,-6.644091,0.0924377590417862,0.9950000047683716,0.9768999814987183
YNR016C,YOR261C,0,-6.6467867,0.09242916852235794,0.9950000047683716,0.9769999980926514
YLL043W,YPL129W,0,-6.6485,0.09242058545351028,0.9950000047683716,0.9771000146865845
YPL270W,YJL198W,0,-6.6490636,0.09241200238466263,0.9950000047683716,0.9771999716758728
YKL026C,YPL169C,0,-6.6496377,0.09240341931581497,0.9950000047683716,0.9772999882698059
YDL052C,YAL047C,0,-6.6510997,0.09239483624696732,0.9950000047683716,0.977400004863739
YAL003W,YLR368W,0,-6.6511016,0.09238626062870026,0.9950000047683716,0.9775000214576721
YPR112C,YGL004C,0,-6.651698,0.0923776775598526,0.9950000047683716,0.9775999784469604
YPL106C,YEL051W,0,-6.652369,0.09236910194158554,0.9950000047683716,0.9776999950408936
YGL044C,YLR193C,0,-6.6535087,0.09236053377389908,0.9950000047683716,0.9778000116348267
YJL146W,YOR213C,0,-6.653813,0.09235195815563202,0.9950000047683716,0.9779000282287598
YLR015W,YPR074C,0,-6.65426,0.09234338998794556,0.9950000047683716,0.9779999852180481
YPL228W,YLR450W,0,-6.6542997,0.0923348218202591,0.9950000047683716,0.9781000018119812
YGR254W,YDL108W,0,-6.654324,0.09232625365257263,0.9950000047683716,0.9782000184059143
YGR267C,YOL013C,0,-6.6554728,0.09231768548488617,0.9950000047683716,0.9782999753952026
YOR007C,YGL022W,0,-6.656282,0.09230911731719971,0.9950000047683716,0.9783999919891357
YJR044C,YPL239W,0,-6.656437,0.09230055660009384,0.9950000047683716,0.9785000085830688
YOR095C,YLR466W,0,-6.658632,0.09229199588298798,0.9950000047683716,0.978600025177002
YJL020C,YMR014W,0,-6.658908,0.09228343516588211,0.9950000047683716,0.9786999821662903
YPL046C,YBR221C,0,-6.659424,0.09227487444877625,0.9950000047683716,0.9787999987602234
YOR241W,YNL091W,0,-6.66128,0.09226632118225098,0.9950000047683716,0.9789000153541565
YJL033W,YHR004C,0,-6.661965,0.09225776791572571,0.9950000047683716,0.9789999723434448
YBR290W,YPR171W,0,-6.662457,0.09224921464920044,0.9950000047683716,0.9790999889373779
YBL016W,YPL154C,0,-6.662762,0.09224066138267517,0.9950000047683716,0.979200005531311
YHR019C,YJL166W,0,-6.6628804,0.0922321081161499,0.9950000047683716,0.9793000221252441
YLR200W,YPL206C,0,-6.662906,0.09222356230020523,0.9950000047683716,0.9793999791145325
YGL136C,YOR243C,1,-6.6629133,0.0923076942563057,0.9959999918937683,0.9793999791145325
YKL192C,YPR009W,0,-6.663631,0.09229914098978043,0.9959999918937683,0.9794999957084656
YKR026C,YIL122W,0,-6.6637096,0.09229058772325516,0.9959999918937683,0.9796000123023987
YGR183C,YHR066W,0,-6.666469,0.09228203445672989,0.9959999918937683,0.9797000288963318
YLR175W,YMR023C,1,-6.666861,0.09236612915992737,0.996999979019165,0.9797000288963318
YER157W,YDR456W,0,-6.6669226,0.0923575758934021,0.996999979019165,0.9797999858856201
YGR267C,YDR260C,0,-6.6670785,0.09234901517629623,0.996999979019165,0.9799000024795532
YOR142W,YDR025W,0,-6.668628,0.09234046190977097,0.996999979019165,0.9800000190734863
YPR093C,YML121W,0,-6.668657,0.0923319160938263,0.996999979019165,0.9800999760627747
YMR188C,YNL263C,0,-6.6693025,0.09232336282730103,0.996999979019165,0.9801999926567078
YDR098C,YJL094C,0,-6.670149,0.09231481701135635,0.996999979019165,0.9803000092506409
YDR361C,YNL127W,0,-6.6701827,0.09230627119541168,0.996999979019165,0.980400025844574
YNL036W,YBR048W,0,-6.6708493,0.09229772537946701,0.996999979019165,0.9804999828338623
YDL220C,YKL175W,0,-6.6728673,0.09228917956352234,0.996999979019165,0.9805999994277954
YPL145C,YNL117W,0,-6.6732717,0.09228063374757767,0.996999979019165,0.9807000160217285
YOR335C,YAR035W,0,-6.6734266,0.09227209538221359,0.996999979019165,0.9807999730110168
YBR221C,YBR106W,0,-6.674237,0.09226355701684952,0.996999979019165,0.98089998960495
YDL245C,YDR281C,0,-6.6758485,0.09225501865148544,0.996999979019165,0.9810000061988831
YDL143W,YMR150C,0,-6.6765532,0.09224648773670197,0.996999979019165,0.9811000227928162
YJL165C,YGR030C,0,-6.6793246,0.09223794937133789,0.996999979019165,0.9811999797821045
YDR480W,YOR265W,0,-6.680184,0.09222941845655441,0.996999979019165,0.9812999963760376
YPL266W,YGL136C,1,-6.6803193,0.09231338649988174,0.9980000257492065,0.9812999963760376
YLR238W,YIL023C,0,-6.681283,0.09230484813451767,0.9980000257492065,0.9814000129699707
YML048W,YDL135C,0,-6.683212,0.0922963097691536,0.9980000257492065,0.9815000295639038
YML128C,YDR083W,0,-6.68418,0.09228777140378952,0.9980000257492065,0.9815999865531921
YBL015W,YHR062C,0,-6.6889987,0.09227924048900604,0.9980000257492065,0.9817000031471252
YGR147C,YBR294W,0,-6.6891756,0.09227070957422256,0.9980000257492065,0.9818000197410583
YDL079C,YMR100W,0,-6.691066,0.09226217865943909,0.9980000257492065,0.9818999767303467
YBR132C,YPR187W,0,-6.6911583,0.09225364774465561,0.9980000257492065,0.9819999933242798
YFR001W,YDR293C,0,-6.6945014,0.09224512428045273,0.9980000257492065,0.9821000099182129
YMR030W,YNL244C,0,-6.695888,0.09223660081624985,0.9980000257492065,0.982200026512146
YHR085W,YGR077C,0,-6.6975703,0.09222807735204697,0.9980000257492065,0.9822999835014343
YLR192C,YDR436W,0,-6.698688,0.09221955388784409,0.9980000257492065,0.9824000000953674
YPL094C,YBR293W,0,-6.69904,0.0922110304236412,0.9980000257492065,0.9825000166893005
YKR065C,YDL153C,0,-6.700562,0.09220251441001892,0.9980000257492065,0.9825999736785889
YNL085W,YOL055C,0,-6.7033577,0.09219399839639664,0.9980000257492065,0.982699990272522
YMR072W,YAL007C,0,-6.7040296,0.09218548238277435,0.9980000257492065,0.9828000068664551
YMR267W,YGL044C,0,-6.705035,0.09217696636915207,0.9980000257492065,0.9829000234603882
YBR221C,YLR020C,0,-6.7063127,0.09216845035552979,0.9980000257492065,0.9829999804496765
YLR165C,YDL036C,1,-6.7091613,0.09225228428840637,0.9990000128746033,0.9829999804496765
YHR190W,YOR063W,0,-6.7093444,0.09224376827478409,0.9990000128746033,0.9830999970436096
YML129C,YDR363W-A,0,-6.711277,0.0922352522611618,0.9990000128746033,0.9832000136375427
YOL071W,YCL031C,0,-6.7135305,0.09222673624753952,0.9990000128746033,0.983299970626831
YHR171W,YPR033C,0,-6.7137513,0.09221822023391724,0.9990000128746033,0.9833999872207642
YBR192W,YKR014C,0,-6.714185,0.09220971167087555,0.9990000128746033,0.9835000038146973
YAL022C,YER129W,0,-6.716396,0.09220120310783386,0.9990000128746033,0.9836000204086304
YPL092W,YPL129W,0,-6.718171,0.09219269454479218,0.9990000128746033,0.9836999773979187
YKR065C,YPR009W,0,-6.719305,0.09218418598175049,0.9990000128746033,0.9837999939918518
YJL100W,YDR190C,0,-6.7198496,0.0921756774187088,0.9990000128746033,0.9839000105857849
YMR214W,YMR302C,0,-6.7220626,0.09216717630624771,0.9990000128746033,0.984000027179718
YJR064W,YLR056W,0,-6.722488,0.09215867519378662,0.9990000128746033,0.9840999841690063
YOR265W,YGL126W,0,-6.7224946,0.09215017408132553,0.9990000128746033,0.9842000007629395
YPL119C,YGR158C,0,-6.7243075,0.09214167296886444,0.9990000128746033,0.9843000173568726
YLR195C,YDL019C,0,-6.724748,0.09213317185640335,0.9990000128746033,0.9843999743461609
YPL224C,YDL120W,0,-6.725984,0.09212467819452286,0.9990000128746033,0.984499990940094
YBR109C,YBR130C,0,-6.7264314,0.09211618453264236,0.9990000128746033,0.9846000075340271
YNL147W,YKL034W,0,-6.727958,0.09210769087076187,0.9990000128746033,0.9847000241279602
YOR299W,YDL120W,0,-6.7285028,0.09209919720888138,0.9990000128746033,0.9847999811172485
YNL156C,YCR057C,0,-6.7291017,0.09209071099758148,0.9990000128746033,0.9848999977111816
YML043C,YDR247W,0,-6.7297463,0.09208221733570099,0.9990000128746033,0.9850000143051147
YMR161W,YDR103W,0,-6.7298503,0.09207373112440109,0.9990000128746033,0.9850999712944031
YJL111W,YBR179C,0,-6.7314596,0.0920652449131012,0.9990000128746033,0.9851999878883362
YNL182C,YNL156C,0,-6.7314773,0.0920567661523819,0.9990000128746033,0.9853000044822693
YLR304C,YJR007W,0,-6.7337666,0.092048279941082,0.9990000128746033,0.9854000210762024
YBL105C,YIR008C,0,-6.7350774,0.0920398011803627,0.9990000128746033,0.9854999780654907
YKL190W,YBR043C,0,-6.7359548,0.0920313224196434,0.9990000128746033,0.9855999946594238
YJR065C,YDL092W,0,-6.7371364,0.0920228436589241,0.9990000128746033,0.9857000112533569
YAR033W,YGR081C,0,-6.7383204,0.0920143648982048,0.9990000128746033,0.98580002784729
YKL117W,YDR145W,0,-6.740347,0.0920058935880661,0.9990000128746033,0.9858999848365784
YDR420W,YLR259C,0,-6.741553,0.0919974222779274,0.9990000128746033,0.9860000014305115
YOL116W,YML124C,0,-6.7427974,0.0919889509677887,0.9990000128746033,0.9861000180244446
YAR033W,YDR463W,0,-6.7463284,0.09198047965765,0.9990000128746033,0.9861999750137329
YPL170W,YMR308C,0,-6.7477307,0.09197201579809189,0.9990000128746033,0.986299991607666
YAL003W,YIL097W,0,-6.747895,0.09196354448795319,0.9990000128746033,0.9864000082015991
YBR049C,YMR088C,0,-6.750008,0.09195508062839508,0.9990000128746033,0.9865000247955322
YPR100W,YJR007W,0,-6.750363,0.09194661676883698,0.9990000128746033,0.9865999817848206
YFR041C,YOL147C,0,-6.7511125,0.09193815290927887,0.9990000128746033,0.9866999983787537
YKL186C,YMR156C,0,-6.7522016,0.09192969650030136,0.9990000128746033,0.9868000149726868
YNL244C,YJL045W,0,-6.752997,0.09192124009132385,0.9990000128746033,0.9868999719619751
YDR298C,YLR016C,0,-6.7533927,0.09191277623176575,0.9990000128746033,0.9869999885559082
YJR064W,YJL004C,0,-6.7545667,0.09190432727336884,0.9990000128746033,0.9871000051498413
YKR065C,YLR292C,0,-6.755225,0.09189587086439133,0.9990000128746033,0.9872000217437744
YOR067C,YFL021W,0,-6.7560477,0.09188741445541382,0.9990000128746033,0.9872999787330627
YKL172W,YKL062W,0,-6.75792,0.0918789654970169,0.9990000128746033,0.9873999953269958
YHR114W,YLR409C,0,-6.7587733,0.09187051653862,0.9990000128746033,0.987500011920929
YPR104C,YER024W,0,-6.759095,0.09186206758022308,0.9990000128746033,0.9876000285148621
YHR166C,YNL131W,0,-6.761979,0.09185362607240677,0.9990000128746033,0.9876999855041504
YKL085W,YER161C,0,-6.762819,0.09184517711400986,0.9990000128746033,0.9878000020980835
YFR001W,YBL064C,0,-6.765549,0.09183673560619354,0.9990000128746033,0.9879000186920166
YPL135W,YBR171W,0,-6.770454,0.09182829409837723,0.9990000128746033,0.9879999756813049
YKL172W,YDR148C,0,-6.770667,0.09181985259056091,0.9990000128746033,0.988099992275238
YDR168W,YDL047W,0,-6.772457,0.0918114110827446,0.9990000128746033,0.9882000088691711
YKR008W,YDR175C,0,-6.7729897,0.09180297702550888,0.9990000128746033,0.9883000254631042
YPL084W,YBR121C,0,-6.7739367,0.09179454296827316,0.9990000128746033,0.9883999824523926
YLR264W,YCR009C,0,-6.7741838,0.09178610891103745,0.9990000128746033,0.9884999990463257
YGL229C,YDR172W,0,-6.7743325,0.09177767485380173,0.9990000128746033,0.9886000156402588
YMR311C,YGL099W,0,-6.7744374,0.0917692482471466,0.9990000128746033,0.9886999726295471
YBL105C,YOR115C,0,-6.7749705,0.09176081418991089,0.9990000128746033,0.9887999892234802
YKL165C,YLR254C,0,-6.7757144,0.09175238758325577,0.9990000128746033,0.9889000058174133
YMR200W,YMR263W,0,-6.77645,0.09174396097660065,0.9990000128746033,0.9890000224113464
YLR068W,YBR126C,0,-6.777221,0.09173553436994553,0.9990000128746033,0.9890999794006348
YNL036W,YMR079W,0,-6.78463,0.091727115213871,0.9990000128746033,0.9891999959945679
YNL062C,YLR165C,1,-6.785787,0.09181050211191177,1.0,0.9891999959945679
YAR033W,YOR179C,0,-6.785827,0.09180207550525665,1.0,0.989300012588501
YMR041C,YMR243C,0,-6.7859116,0.09179364889860153,1.0,0.9894000291824341
YML126C,YNL268W,0,-6.7865157,0.09178522229194641,1.0,0.9894999861717224
YDR421W,YOR301W,0,-6.787887,0.09177679568529129,1.0,0.9896000027656555
YOR320C,YDR073W,0,-6.788582,0.09176837652921677,1.0,0.9897000193595886
YDR005C,YKL122C,0,-6.7893844,0.09175995737314224,1.0,0.989799976348877
YKL141W,YER008C,0,-6.789512,0.09175153821706772,1.0,0.9898999929428101
YMR056C,YPL149W,0,-6.7897024,0.0917431190609932,1.0,0.9900000095367432
YML007W,YNL044W,0,-6.7912292,0.09173469990491867,1.0,0.9901000261306763
YDR231C,YER022W,0,-6.7932754,0.09172628819942474,1.0,0.9901999831199646
YOL100W,YLR448W,0,-6.7993937,0.09171787649393082,1.0,0.9902999997138977
YDL022W,YNL119W,0,-6.8000836,0.09170946478843689,1.0,0.9904000163078308
YGL144C,YBR258C,0,-6.8064666,0.09170105308294296,1.0,0.9904999732971191
YNR054C,YOR354C,0,-6.809378,0.09169264882802963,1.0,0.9905999898910522
YPL270W,YNL151C,0,-6.811779,0.0916842371225357,1.0,0.9907000064849854
YNR003C,YJL045W,0,-6.8185525,0.09167583286762238,1.0,0.9908000230789185
YBR036C,YPR161C,0,-6.8193846,0.09166742861270905,1.0,0.9908999800682068
YCL035C,YKL176C,0,-6.82416,0.09165903180837631,1.0,0.9909999966621399
YLR372W,YER093C,0,-6.825139,0.09165062755346298,1.0,0.991100013256073
YOR198C,YOR380W,0,-6.8261485,0.09164223074913025,1.0,0.9911999702453613
YGL120C,YGR046W,0,-6.8264422,0.09163383394479752,1.0,0.9912999868392944
YDR479C,YML093W,0,-6.8273463,0.09162543714046478,1.0,0.9914000034332275
YJL019W,YBR258C,0,-6.830554,0.09161704033613205,1.0,0.9915000200271606
YDL149W,YIR026C,0,-6.833545,0.09160865098237991,1.0,0.991599977016449
YOR275C,YDR087C,0,-6.834313,0.09160025417804718,1.0,0.9916999936103821
YNL182C,YML118W,0,-6.8394127,0.09159186482429504,1.0,0.9918000102043152
YFR014C,YNL002C,0,-6.841431,0.09158347547054291,1.0,0.9919000267982483
YKL040C,YGR143W,0,-6.8495317,0.09157509356737137,1.0,0.9919999837875366
YLR310C,YHR041C,0,-6.853432,0.09156670421361923,1.0,0.9921000003814697
YKL120W,YKR014C,0,-6.855161,0.09155832231044769,1.0,0.9922000169754028
YOR085W,YDR527W,0,-6.856914,0.09154994040727615,1.0,0.9922999739646912
YLR069C,YLR138W,0,-6.862969,0.09154155850410461,1.0,0.9923999905586243
YHL027W,YDR400W,0,-6.86303,0.09153318405151367,1.0,0.9925000071525574
YMR276W,YHR150W,0,-6.8659253,0.09152480214834213,1.0,0.9926000237464905
YBR155W,YGR183C,0,-6.866079,0.09151642769575119,1.0,0.9926999807357788
YAL035W,YGR121C,0,-6.867919,0.09150805324316025,1.0,0.9927999973297119
YDR148C,YKL059C,0,-6.8688183,0.0914996787905693,1.0,0.992900013923645
YDL134C,YDL064W,0,-6.8705726,0.09149131178855896,1.0,0.9929999709129333
YBR155W,YDL022W,0,-6.878889,0.09148293733596802,1.0,0.9930999875068665
YPR193C,YLR264W,0,-6.8815985,0.09147457033395767,1.0,0.9932000041007996
YEL060C,YJR063W,0,-6.882113,0.09146620333194733,1.0,0.9933000206947327
YPL106C,YBR265W,0,-6.886045,0.09145783632993698,1.0,0.993399977684021
YOR207C,YOL110W,0,-6.8875017,0.09144947677850723,1.0,0.9934999942779541
YBL078C,YOL139C,0,-6.8943906,0.09144110977649689,1.0,0.9936000108718872
YJL076W,YCL052C,0,-6.8970304,0.09143275022506714,1.0,0.9937000274658203
YOR115C,YKL034W,0,-6.8976645,0.09142439067363739,1.0,0.9937999844551086
YIL079C,YFL016C,0,-6.8992486,0.09141603112220764,1.0,0.9939000010490417
YNL223W,YPR102C,0,-6.901978,0.09140767902135849,1.0,0.9940000176429749
YBR060C,YDR494W,0,-6.9044104,0.09139932692050934,1.0,0.9940999746322632
YHR081W,YGR199W,0,-6.9045024,0.09139096736907959,1.0,0.9941999912261963
YDR224C,YKR048C,0,-6.9049997,0.09138262271881104,1.0,0.9943000078201294
YDL143W,YPL154C,0,-6.913166,0.09137427061796188,1.0,0.9944000244140625
YGR132C,YMR006C,0,-6.9134817,0.09136591851711273,1.0,0.9944999814033508
YML120C,YJL198W,0,-6.9228077,0.09135757386684418,1.0,0.9945999979972839
YOR035C,YBR172C,0,-6.926015,0.09134922921657562,1.0,0.994700014591217
YDL074C,YHR194W,0,-6.930224,0.09134088456630707,1.0,0.9947999715805054
YOR067C,YJL104W,0,-6.939043,0.09133253991603851,1.0,0.9948999881744385
YKR046C,YMR214W,0,-6.9395576,0.09132420271635056,1.0,0.9950000047683716
YDL029W,YLR051C,0,-6.9437065,0.091315858066082,1.0,0.9951000213623047
YBR234C,YGR030C,0,-6.944441,0.09130752086639404,1.0,0.995199978351593
YGR047C,YGR181W,0,-6.9511223,0.09129919111728668,1.0,0.9952999949455261
YPR052C,YKR014C,0,-6.955005,0.09129085391759872,1.0,0.9954000115394592
YGR044C,YPL239W,0,-6.9579434,0.09128251671791077,1.0,0.9955000281333923
YOR011W,YJR144W,0,-6.9597244,0.0912741869688034,1.0,0.9955999851226807
YKR024C,YGL219C,0,-6.9611554,0.09126585721969604,1.0,0.9957000017166138
YIL070C,YLR016C,0,-6.9664564,0.09125752747058868,1.0,0.9958000183105469
YKL085W,YNL123W,0,-6.969525,0.09124920517206192,1.0,0.9958999752998352
YPR033C,YDR485C,0,-6.974421,0.09124087542295456,1.0,0.9959999918937683
YDR167W,YAL002W,0,-6.981842,0.0912325531244278,1.0,0.9961000084877014
YNL239W,YOR056C,0,-6.986303,0.09122423082590103,1.0,0.9962000250816345
YMR041C,YNL256W,0,-6.987367,0.09121590852737427,1.0,0.9962999820709229
YBR109C,YKL059C,0,-6.987628,0.0912075862288475,1.0,0.996399998664856
YKR024C,YBR126C,0,-6.98884,0.09119927138090134,1.0,0.9965000152587891
YAL059W,YDR453C,0,-7.003481,0.09119095653295517,1.0,0.9965999722480774
YGL068W,YER129W,0,-7.007376,0.091182641685009,1.0,0.9966999888420105
YGL029W,YDL078C,0,-7.021553,0.09117432683706284,1.0,0.9968000054359436
YGL038C,YGL171W,0,-7.053372,0.09116601198911667,1.0,0.9969000220298767
YOL139C,YJR019C,0,-7.067597,0.0911577045917511,1.0,0.996999979019165
YBR086C,YFR048W,0,-7.071632,0.09114939719438553,1.0,0.9970999956130981
YDR511W,YKL186C,0,-7.071979,0.09114108979701996,1.0,0.9972000122070312
YOR007C,YPL057C,0,-7.0847144,0.09113278239965439,1.0,0.9973000288009644
YDR110W,YML120C,0,-7.085734,0.09112447500228882,1.0,0.9973999857902527
YBR132C,YDR087C,0,-7.0861516,0.09111617505550385,1.0,0.9975000023841858
YAL035W,YOR142W,0,-7.091271,0.09110787510871887,1.0,0.9976000189781189
YIL142W,YBR036C,0,-7.097227,0.0910995751619339,1.0,0.9976999759674072
YMR173W,YKL143W,0,-7.099344,0.09109127521514893,1.0,0.9977999925613403
YNL015W,YKR025W,0,-7.0997734,0.09108297526836395,1.0,0.9979000091552734
YLR264W,YKL148C,0,-7.1069136,0.09107468277215958,1.0,0.9980000257492065
YNL223W,YMR308C,0,-7.1077447,0.0910663902759552,1.0,0.9980999827384949
YHR194W,YOR004W,0,-7.1128836,0.09105809777975082,1.0,0.998199999332428
YOR122C,YDL153C,0,-7.119552,0.09104980528354645,1.0,0.9983000159263611
YLR201C,YLR192C,0,-7.1231675,0.09104151278734207,1.0,0.9983999729156494
YJR045C,YDR341C,0,-7.124082,0.09103322774171829,1.0,0.9984999895095825
YGL020C,YDR092W,0,-7.1250052,0.09102494269609451,1.0,0.9986000061035156
YJL122W,YDR516C,0,-7.138431,0.09101665765047073,1.0,0.9987000226974487
YBR265W,YDR177W,0,-7.151663,0.09100837260484695,1.0,0.9987999796867371
YMR177W,YJL166W,0,-7.1566224,0.09100008755922318,1.0,0.9988999962806702
YBR119W,YHR021C,0,-7.167358,0.09099180996417999,1.0,0.9990000128746033
YOR035C,YPR163C,0,-7.168285,0.09098353236913681,1.0,0.9991000294685364
YER049W,YJL164C,0,-7.200057,0.09097525477409363,1.0,0.9991999864578247
YOR002W,YMR077C,0,-7.2103395,0.09096697717905045,1.0,0.9993000030517578
YLR102C,YMR116C,0,-7.234895,0.09095870703458786,1.0,0.9994000196456909
YDR511W,YDR211W,0,-7.236445,0.09095042943954468,1.0,0.9994999766349792
YBL064C,YLR249W,0,-7.2591662,0.09094215929508209,1.0,0.9995999932289124
YDL078C,YGL097W,0,-7.3044963,0.0909338891506195,1.0,0.9997000098228455
YIL154C,YGR229C,0,-7.3075695,0.09092562645673752,1.0,0.9998000264167786
YHR068W,YGL208W,0,-7.341606,0.09091735631227493,1.0,0.9998999834060669
YBR132C,YGR081C,0,-7.4455247,0.09090909361839294,1.0,1.0
