Gene A,Gene B,Label,Score,Precision,Recall,False Positive Rate
YLR467W,YPL283C,1,-2.641032,1.0,0.0010000000474974513,0.0
YOL144W,YKR056W,0,-2.663163,0.5,0.0010000000474974513,9.999999747378752e-05
YGL171W,YFL002C,0,-2.6667638,0.3333333432674408,0.0010000000474974513,0.00019999999494757503
YIL159W,YFR002W,0,-2.729825,0.25,0.0010000000474974513,0.0003000000142492354
YDR312W,YDR449C,0,-2.7300746,0.20000000298023224,0.0010000000474974513,0.00039999998989515007
YKL139W,YHR119W,1,-2.738281,0.3333333432674408,0.0020000000949949026,0.00039999998989515007
YDR055W,YEL012W,0,-2.7425663,0.2857142984867096,0.0020000000949949026,0.0005000000237487257
YNL110C,YOL010W,0,-2.7552655,0.25,0.0020000000949949026,0.0006000000284984708
YNL201C,YOR338W,0,-2.7598886,0.2222222238779068,0.0020000000949949026,0.000699999975040555
YLR186W,YGL120C,0,-2.7650409,0.20000000298023224,0.0020000000949949026,0.0007999999797903001
YOL065C,YHR161C,0,-2.7701445,0.1818181872367859,0.0020000000949949026,0.0008999999845400453
YDR228C,YGR059W,0,-2.7771022,0.1666666716337204,0.0020000000949949026,0.0010000000474974513
YMR069W,YOR356W,0,-2.781378,0.1538461595773697,0.0020000000949949026,0.0010999999940395355
YOR266W,YOR045W,0,-2.7847493,0.1428571492433548,0.0020000000949949026,0.0012000000569969416
YNL126W,YHR178W,0,-2.78738,0.13333334028720856,0.0020000000949949026,0.0013000000035390258
YIL131C,YJL092W,0,-2.787503,0.125,0.0020000000949949026,0.00139999995008111
YIL079C,YMR229C,0,-2.8086665,0.11764705926179886,0.0020000000949949026,0.001500000013038516
YBR142W,YKR056W,0,-2.81221,0.1111111119389534,0.0020000000949949026,0.0015999999595806003
YFR036W,YOR341W,0,-2.812268,0.10526315867900848,0.0020000000949949026,0.0017000000225380063
YLR189C,YOR018W,0,-2.8223517,0.10000000149011612,0.0020000000949949026,0.0017999999690800905
YLR051C,YPL157W,0,-2.8267593,0.095238097012043,0.0020000000949949026,0.0019000000320374966
YLR390W-A,YOR003W,1,-2.8270366,0.13636364042758942,0.003000000026077032,0.0019000000320374966
YBR257W,YBL075C,0,-2.8299704,0.1304347813129425,0.003000000026077032,0.0020000000949949026
YER006W,YJL098W,0,-2.830281,0.125,0.003000000026077032,0.002099999925121665
YNL062C,YPL211W,0,-2.83265,0.11999999731779099,0.003000000026077032,0.002199999988079071
YGL096W,YJL114W,0,-2.8326905,0.11538461595773697,0.003000000026077032,0.002300000051036477
YDL227C,YNL262W,0,-2.8356125,0.1111111119389534,0.003000000026077032,0.002400000113993883
YEL026W,YIR026C,0,-2.8357098,0.1071428582072258,0.003000000026077032,0.0024999999441206455
YDR096W,YGL096W,0,-2.83693,0.1034482792019844,0.003000000026077032,0.0026000000070780516
YOL077W-A,YPR002W,0,-2.8392956,0.10000000149011612,0.003000000026077032,0.0027000000700354576
YOR144C,YMR190C,1,-2.8405654,0.12903225421905518,0.004000000189989805,0.0027000000700354576
YHR094C,YGR122W,0,-2.8414254,0.125,0.004000000189989805,0.00279999990016222
YLR210W,YAR018C,0,-2.8418462,0.12121212482452393,0.004000000189989805,0.002899999963119626
YJL125C,YER126C,0,-2.8419259,0.11764705926179886,0.004000000189989805,0.003000000026077032
YLR189C,YHR205W,0,-2.8429117,0.11428571492433548,0.004000000189989805,0.003100000089034438
YPR030W,YPL170W,0,-2.8436234,0.1111111119389534,0.004000000189989805,0.0031999999191612005
YIL019W,YHR085W,0,-2.8461444,0.10810811072587967,0.004000000189989805,0.0032999999821186066
YDR342C,YMR081C,0,-2.8461955,0.10526315867900848,0.004000000189989805,0.0034000000450760126
YOR317W,YKL138C-A,0,-2.8476622,0.10256410390138626,0.004000000189989805,0.0035000001080334187
YDL030W,YOR341W,0,-2.848156,0.10000000149011612,0.004000000189989805,0.003599999938160181
YPL283C,YHL012W,1,-2.8494694,0.12195122241973877,0.004999999888241291,0.003599999938160181
YIL009W,YLR214W,0,-2.8502438,0.1190476194024086,0.004999999888241291,0.003700000001117587
YAL068C,YJR066W,0,-2.8505616,0.11627907305955887,0.004999999888241291,0.003800000064074993
YOR193W,YBL100W-B,0,-2.8508894,0.11363636702299118,0.004999999888241291,0.0038999998942017555
YIL046W,YCL075W,0,-2.8566635,0.1111111119389534,0.004999999888241291,0.004000000189989805
YJR031C,YBR049C,0,-2.8577363,0.10869564861059189,0.004999999888241291,0.004100000020116568
YBL019W,YIL029C,0,-2.8579993,0.10638298094272614,0.004999999888241291,0.00419999985024333
YPL048W,YCL019W,0,-2.8593729,0.1041666641831398,0.004999999888241291,0.00430000014603138
YGL155W,YIL110W,0,-2.8603764,0.10204081982374191,0.004999999888241291,0.004399999976158142
YOR211C,YHR214C-B,0,-2.860967,0.10000000149011612,0.004999999888241291,0.0044999998062849045
YDR022C,YOL017W,0,-2.8615317,0.09803921729326248,0.004999999888241291,0.004600000102072954
YNR038W,YPL043W,0,-2.861582,0.09615384787321091,0.004999999888241291,0.004699999932199717
YHR094C,YGR091W,0,-2.862107,0.09433962404727936,0.004999999888241291,0.004800000227987766
YPL116W,YMR076C,0,-2.8627079,0.09259258955717087,0.004999999888241291,0.004900000058114529
YJL102W,YDR011W,0,-2.8628252,0.09090909361839294,0.004999999888241291,0.004999999888241291
YPL100W,YGL096W,0,-2.86283,0.0892857164144516,0.004999999888241291,0.005100000184029341
YDR345C,YDR461W,0,-2.8631186,0.08771929889917374,0.004999999888241291,0.005200000014156103
YPL093W,YNL221C,0,-2.864507,0.08620689809322357,0.004999999888241291,0.0052999998442828655
YAL059W,YBR247C,0,-2.8654826,0.08474576473236084,0.004999999888241291,0.005400000140070915
YHL036W,YHR138C,0,-2.8664079,0.0833333358168602,0.004999999888241291,0.005499999970197678
YDR227W,YGR042W,1,-2.866492,0.09836065769195557,0.006000000052154064,0.005499999970197678
YOL069W,YCR067C,0,-2.8688338,0.09677419066429138,0.006000000052154064,0.00559999980032444
YFR053C,YGR112W,0,-2.8694348,0.095238097012043,0.006000000052154064,0.00570000009611249
YGR008C,YML039W,0,-2.8699007,0.09375,0.006000000052154064,0.005799999926239252
YPR110C,YDR449C,0,-2.8705623,0.0923076942563057,0.006000000052154064,0.005900000222027302
YGR179C,YKL196C,0,-2.874187,0.09090909361839294,0.006000000052154064,0.006000000052154064
YOL123W,YPL209C,0,-2.8742003,0.08955223858356476,0.006000000052154064,0.006099999882280827
YJL116C,YPR191W,0,-2.8759277,0.0882352963089943,0.006000000052154064,0.006200000178068876
YIL159W,YBL100W-A,0,-2.8777595,0.08695652335882187,0.006000000052154064,0.006300000008195639
YFL014W,YJR027W,0,-2.878853,0.08571428805589676,0.006000000052154064,0.006399999838322401
YFL008W,YPR173C,0,-2.8793235,0.0845070406794548,0.006000000052154064,0.006500000134110451
YDL028C,YPL276W,0,-2.8809097,0.0833333358168602,0.006000000052154064,0.006599999964237213
YPL241C,YDR065W,0,-2.8816466,0.08219178020954132,0.006000000052154064,0.0066999997943639755
YCL044C,YNL186W,0,-2.8818128,0.0810810774564743,0.006000000052154064,0.006800000090152025
YBR066C,YPL153C,0,-2.8832686,0.07999999821186066,0.006000000052154064,0.006899999920278788
YDL085W,YDR170W-A,0,-2.8857467,0.07894736528396606,0.006000000052154064,0.007000000216066837
YHR023W,YJL010C,0,-2.8860123,0.07792207598686218,0.006000000052154064,0.0071000000461936
YIL031W,YNL313C,0,-2.8926105,0.07692307978868484,0.006000000052154064,0.007199999876320362
YHR163W,YGR272C,0,-2.8928242,0.07594936341047287,0.006000000052154064,0.007300000172108412
YHR004C,YNR064C,0,-2.8935063,0.07500000298023224,0.006000000052154064,0.007400000002235174
YNL307C,YPL206C,0,-2.893673,0.07407407462596893,0.006000000052154064,0.007499999832361937
YPR191W,YAR044W,0,-2.8965085,0.0731707289814949,0.006000000052154064,0.007600000128149986
YER108C,YJL098W,0,-2.8966944,0.07228915393352509,0.006000000052154064,0.007699999958276749
YMR068W,YJL099W,0,-2.8968034,0.0714285746216774,0.006000000052154064,0.007799999788403511
YFL049W,YAR009C,0,-2.8971174,0.07058823853731155,0.006000000052154064,0.007899999618530273
YGR152C,YDR365W-B,0,-2.8971822,0.06976744532585144,0.006000000052154064,0.00800000037997961
YDL197C,YGR161C-D,0,-2.8972309,0.06896551698446274,0.006000000052154064,0.008100000210106373
YIL004C,YDR098C-B,0,-2.8972785,0.06818182021379471,0.006000000052154064,0.008200000040233135
YPL274W,YPR137C-B,0,-2.8975384,0.06741572916507721,0.006000000052154064,0.008299999870359898
YER169W,YOR142W-A,0,-2.897796,0.06666667014360428,0.006000000052154064,0.00839999970048666
YMR051C,YOR192C-A,0,-2.897836,0.06593406945466995,0.006000000052154064,0.008500000461935997
YGR222W,YHR039C-B,0,-2.8978755,0.06521739065647125,0.006000000052154064,0.00860000029206276
YOR240W,YOR116C,0,-2.8982623,0.06451612710952759,0.006000000052154064,0.008700000122189522
YCL012W,YLR183C,0,-2.898714,0.06382978707551956,0.006000000052154064,0.008799999952316284
YLR068W,YGR161W-A,0,-2.8988004,0.06315789371728897,0.006000000052154064,0.008899999782443047
YDR043C,YPR137C-B,0,-2.8988755,0.0625,0.006000000052154064,0.008999999612569809
YDR210W-B,YPL276W,0,-2.898939,0.06185567006468773,0.006000000052154064,0.009100000374019146
YLR227W-A,YOR192C-A,0,-2.899143,0.06122449040412903,0.006000000052154064,0.009200000204145908
YOR240W,YDR400W,0,-2.8992167,0.06060606241226196,0.006000000052154064,0.00930000003427267
YPL153C,YGR038C-B,0,-2.8998525,0.05999999865889549,0.006000000052154064,0.009399999864399433
YOR151C,YPL257W-A,0,-2.9000432,0.059405941516160965,0.006000000052154064,0.009499999694526196
YOR297C,YML131W,0,-2.9000714,0.05882352963089943,0.006000000052154064,0.009600000455975533
YCR014C,YPR137C-B,0,-2.9000978,0.058252427726984024,0.006000000052154064,0.009700000286102295
YHR194W,YPR191W,0,-2.9002886,0.057692307978868484,0.006000000052154064,0.009800000116229057
YMR049C,YMR239C,0,-2.9004867,0.05714285746216774,0.006000000052154064,0.00989999994635582
YCL012W,YOR321W,0,-2.9005003,0.056603774428367615,0.006000000052154064,0.009999999776482582
YBL093C,YPR158C-D,0,-2.9006307,0.05607476457953453,0.006000000052154064,0.010099999606609344
YDL078C,YDR316W-B,0,-2.9007497,0.0555555559694767,0.006000000052154064,0.010200000368058681
YER162C,YOR142W-B,0,-2.9009087,0.055045872926712036,0.006000000052154064,0.010300000198185444
YOR359W,YOL103W-B,0,-2.9010599,0.05454545468091965,0.006000000052154064,0.010400000028312206
YFL011W-A,YPL241C,0,-2.9012704,0.054054055362939835,0.006000000052154064,0.010499999858438969
YMR143W,YML097C,1,-2.90141,0.0625,0.007000000216066837,0.010499999858438969
YML115C,YOR142W-B,0,-2.9014413,0.06194690242409706,0.007000000216066837,0.010599999688565731
YMR285C,YGR027W-A,0,-2.901481,0.061403509229421616,0.007000000216066837,0.010700000450015068
YLR051C,YOL103W-A,0,-2.9015214,0.06086956337094307,0.007000000216066837,0.01080000028014183
YBL100W-A,YLR132C,0,-2.9015768,0.06034482643008232,0.007000000216066837,0.010900000110268593
YER019C-A,YPR158C-C,0,-2.9017608,0.05982905998826027,0.007000000216066837,0.010999999940395355
YLL035W,YGR161W-A,0,-2.9020512,0.05932203307747841,0.007000000216066837,0.011099999770522118
YOL082W,YPL257W-A,0,-2.902395,0.05882352963089943,0.007000000216066837,0.01119999960064888
YCL060C,YMR106C,1,-2.9026046,0.06666667014360428,0.00800000037997961,0.01119999960064888
YNR006W,YML040W,0,-2.9027073,0.06611569970846176,0.00800000037997961,0.011300000362098217
YPL137C,YDR034C-D,0,-2.902982,0.06557376682758331,0.00800000037997961,0.01140000019222498
YER127W,YLR435W,0,-2.9034073,0.06504064798355103,0.00800000037997961,0.011500000022351742
YJR108W,YOR142W-A,0,-2.903572,0.06451612710952759,0.00800000037997961,0.011599999852478504
YLL060C,YGR027W-A,0,-2.9036329,0.06400000303983688,0.00800000037997961,0.011699999682605267
YKL189W,YDR316W-B,0,-2.903704,0.0634920671582222,0.00800000037997961,0.011800000444054604
YKL110C,YMR229C,0,-2.903903,0.06299212574958801,0.00800000037997961,0.011900000274181366
YPL091W,YIL017W,0,-2.903967,0.0625,0.00800000037997961,0.012000000104308128
YDR325W,YGR038C-B,0,-2.9040487,0.06201550364494324,0.00800000037997961,0.01209999993443489
YAL054C,YDR365W-B,0,-2.9040997,0.0615384615957737,0.00800000037997961,0.012199999764561653
YJR131W,YLR035C-A,0,-2.9041598,0.06106870248913765,0.00800000037997961,0.012299999594688416
YDR330W,YDR316W-B,0,-2.9041607,0.06060606241226196,0.00800000037997961,0.012400000356137753
YFL035C,YPR009W,0,-2.9042423,0.060150377452373505,0.00800000037997961,0.012500000186264515
YDL035C,YBR090C-A,0,-2.9042537,0.05970149114727974,0.00800000037997961,0.012600000016391277
YOR195W,YPL257W-B,0,-2.9047713,0.05925925821065903,0.00800000037997961,0.01269999984651804
YJL089W,YPR158C-D,0,-2.9047933,0.05882352963089943,0.00800000037997961,0.012799999676644802
YEL020W-A,YOR287C,0,-2.9049067,0.058394160121679306,0.00800000037997961,0.012900000438094139
YLR022C,YLR035C-A,0,-2.9049451,0.05797101557254791,0.00800000037997961,0.013000000268220901
YCR089W,YDR316W-B,0,-2.9050274,0.057553958147764206,0.00800000037997961,0.013100000098347664
YMR004W,YPR158W-B,0,-2.90505,0.05714285746216774,0.00800000037997961,0.013199999928474426
YKL081W,YPR137C-A,0,-2.9050612,0.05673758685588837,0.00800000037997961,0.013299999758601189
YAL032C,YGR038C-B,0,-2.9051175,0.056338027119636536,0.00800000037997961,0.013399999588727951
YGL071W,YGR161C-C,0,-2.905129,0.0559440553188324,0.00800000037997961,0.013500000350177288
YKR061W,YFR024C,0,-2.9053354,0.0555555559694767,0.00800000037997961,0.01360000018030405
YOR181W,YDR098C-A,0,-2.9054797,0.05517241358757019,0.00800000037997961,0.013700000010430813
YOL028C,YLR157C-B,0,-2.9057114,0.054794520139694214,0.00800000037997961,0.013799999840557575
YJL034W,YIL029C,0,-2.905769,0.054421767592430115,0.00800000037997961,0.013899999670684338
YCR089W,YPR158W-B,0,-2.9064255,0.054054055362939835,0.00800000037997961,0.014000000432133675
YFR013W,YNL284C-B,0,-2.9065588,0.05369127541780472,0.00800000037997961,0.014100000262260437
YNL004W,YPL257W-B,0,-2.906668,0.0533333346247673,0.00800000037997961,0.0142000000923872
YOR328W,YDR316W-B,0,-2.906729,0.05298013240098953,0.00800000037997961,0.014299999922513962
YJL209W,YLR009W,0,-2.9069922,0.05263157933950424,0.00800000037997961,0.014399999752640724
YDL031W,YDR210W-B,0,-2.9070723,0.05228758230805397,0.00800000037997961,0.014499999582767487
YDR518W,YLR337W,0,-2.9072478,0.051948051899671555,0.00800000037997961,0.014600000344216824
YIL082W-A,YPL257W-B,0,-2.9074526,0.05161290243268013,0.00800000037997961,0.014700000174343586
YPL140C,YPR158C-C,0,-2.9075506,0.05128205195069313,0.00800000037997961,0.014800000004470348
YNL008C,YDR034C-D,0,-2.907612,0.05095541477203369,0.00800000037997961,0.01489999983459711
YER147C,YOR142W-B,0,-2.9077837,0.050632912665605545,0.00800000037997961,0.014999999664723873
YIL131C,YGR038C-A,0,-2.907845,0.050314463675022125,0.00800000037997961,0.01510000042617321
YFL056C,YIL046W,0,-2.9078667,0.05000000074505806,0.00800000037997961,0.015200000256299973
YGR218W,YNL284C-B,0,-2.9080043,0.04968944191932678,0.00800000037997961,0.015300000086426735
YOR191W,YLR227W-A,0,-2.9080656,0.04938271641731262,0.00800000037997961,0.015399999916553497
YDL200C,YGR161C-D,0,-2.908078,0.04907975345849991,0.00800000037997961,0.01549999974668026
YLR431C,YOR328W,0,-2.9085538,0.04878048598766327,0.00800000037997961,0.015599999576807022
YGL143C,YDR098C-A,0,-2.9086568,0.04848484694957733,0.00800000037997961,0.015699999406933784
YMR119W,YDR365W-B,0,-2.908669,0.048192769289016724,0.00800000037997961,0.015799999237060547
YPL232W,YDR034C-D,0,-2.9087064,0.04790419340133667,0.00800000037997961,0.01590000092983246
YJR108W,YLR410W-B,0,-2.9087312,0.0476190485060215,0.00800000037997961,0.01600000075995922
YPL180W,YPR158C-D,0,-2.9087813,0.047337278723716736,0.00800000037997961,0.016100000590085983
YER108C,YDL207W,0,-2.9088256,0.0470588244497776,0.00800000037997961,0.016200000420212746
YCR086W,YHR191C,1,-2.9088333,0.05263157933950424,0.008999999612569809,0.016200000420212746
YDR389W,YOR142W-A,0,-2.908919,0.05232558026909828,0.008999999612569809,0.016300000250339508
YDR258C,YDR098C-B,0,-2.9089692,0.05202312022447586,0.008999999612569809,0.01640000008046627
YDL148C,YOR192C-A,0,-2.9091256,0.0517241396009922,0.008999999612569809,0.016499999910593033
YFL011W-A,YDR388W,0,-2.909138,0.051428571343421936,0.008999999612569809,0.016599999740719795
YLR080W,YPR137C-B,0,-2.9093945,0.05113636329770088,0.008999999612569809,0.016699999570846558
YDL188C,YCL062W,0,-2.9094186,0.050847455859184265,0.008999999612569809,0.01679999940097332
YDR272W,YOR192C-B,0,-2.9095147,0.05056179687380791,0.008999999612569809,0.016899999231100082
YNL329C,YML045W,0,-2.9096138,0.05027933046221733,0.008999999612569809,0.017000000923871994
YKL046C,YDR055W,0,-2.9098837,0.05000000074505806,0.008999999612569809,0.017100000753998756
YKL200C,YOL038W,0,-2.909884,0.049723755568265915,0.008999999612569809,0.01720000058412552
YGL194C,YLL056C,0,-2.9100523,0.049450550228357315,0.008999999612569809,0.01730000041425228
YCL043C,YPL123C,0,-2.9101837,0.04918032884597778,0.008999999612569809,0.017400000244379044
YIL103W,YGR103W,0,-2.9103773,0.04891304299235344,0.008999999612569809,0.017500000074505806
YIL030C,YPR158W-B,0,-2.9105535,0.0486486479640007,0.008999999612569809,0.01759999990463257
YOR078W,YLR391W,1,-2.910743,0.05376344174146652,0.009999999776482582,0.01759999990463257
YKL017C,YDR261W-A,0,-2.9107482,0.05347593501210213,0.009999999776482582,0.01769999973475933
YPL045W,YCL020W,0,-2.910754,0.05319149047136307,0.009999999776482582,0.017799999564886093
YOR127W,YDR316W-A,0,-2.9107683,0.05291005223989487,0.009999999776482582,0.017899999395012856
YBR135W,YDR365W-A,0,-2.911335,0.05263157933950424,0.009999999776482582,0.017999999225139618
YMR039C,YPR158W-B,0,-2.911771,0.052356019616127014,0.009999999776482582,0.01810000091791153
YBR217W,YDR316W-A,0,-2.911785,0.0520833320915699,0.009999999776482582,0.018200000748038292
YFL011W-A,YHL003C,0,-2.9118454,0.05181347206234932,0.009999999776482582,0.018300000578165054
YJR112W,YGR161W-A,0,-2.9118543,0.05154639109969139,0.009999999776482582,0.018400000408291817
YKL022C,YDR131C,0,-2.9120758,0.05128205195069313,0.009999999776482582,0.01850000023841858
YOR380W,YJL089W,0,-2.912186,0.051020409911870956,0.009999999776482582,0.01860000006854534
YHR014W,YPR137C-B,0,-2.912421,0.05076142027974129,0.009999999776482582,0.018699999898672104
YPR082C,YOR287C,0,-2.9124768,0.05050504952669144,0.009999999776482582,0.018799999728798866
YFL005W,YGR109W-A,0,-2.912577,0.05025125667452812,0.009999999776482582,0.01889999955892563
YNL117W,YDR098C-B,0,-2.9125912,0.05000000074505806,0.009999999776482582,0.01899999938905239
YDR325W,YPL257W-A,0,-2.9127483,0.049751244485378265,0.009999999776482582,0.019099999219179153
YLR391W-A,YCR037C,1,-2.9127805,0.05445544421672821,0.010999999940395355,0.019099999219179153
YMR227C,YGR161W-A,0,-2.9129627,0.054187193512916565,0.010999999940395355,0.019200000911951065
YOL149W,YCR055C,0,-2.9129653,0.053921569138765335,0.010999999940395355,0.019300000742077827
YPR168W,YDR210W-A,0,-2.9131145,0.053658537566661835,0.010999999940395355,0.01940000057220459
YGL087C,YDR098C-B,0,-2.9132595,0.05339805781841278,0.010999999940395355,0.019500000402331352
YDL160C,YER159C-A,0,-2.9133627,0.05314009636640549,0.010999999940395355,0.019600000232458115
YDL225W,YLR132C,0,-2.9134543,0.05288461595773697,0.010999999940395355,0.019700000062584877
YJL001W,YDR365W-A,0,-2.9135041,0.05263157933950424,0.010999999940395355,0.01979999989271164
YFR024C,YDR081C,0,-2.913633,0.05238095298409462,0.010999999940395355,0.019899999722838402
YNL272C,YGR161W-A,0,-2.9136689,0.05213269963860512,0.010999999940395355,0.019999999552965164
YOL078W,YLL040C,0,-2.913689,0.05188679322600365,0.010999999940395355,0.020099999383091927
YNL221C,YGL232W,0,-2.9137623,0.051643192768096924,0.010999999940395355,0.02019999921321869
YOR321W,YGR038C-B,0,-2.9140673,0.05140186846256256,0.010999999940395355,0.0203000009059906
YOR038C,YOR142W-B,0,-2.9140673,0.05116279050707817,0.010999999940395355,0.020400000736117363
YCL012W,YOR068C,0,-2.914272,0.05092592537403107,0.010999999940395355,0.020500000566244125
YMR227C,YDL109C,0,-2.9143083,0.05069124326109886,0.010999999940395355,0.020600000396370888
YIL132C,YCR062W,0,-2.9143887,0.05045871436595917,0.010999999940395355,0.02070000022649765
YEL056W,YPR158W-A,0,-2.9144208,0.0502283088862896,0.010999999940395355,0.020800000056624413
YEL056W,YPR137C-A,0,-2.9144526,0.05000000074505806,0.010999999940395355,0.020899999886751175
YBL034C,YDR261W-A,0,-2.9146492,0.04977375641465187,0.010999999940395355,0.020999999716877937
YMR078C,YBL005W-A,0,-2.9148512,0.04954954981803894,0.010999999940395355,0.0210999995470047
YHR039C-A,YLR455W,0,-2.9150195,0.04932735487818718,0.010999999940395355,0.021199999377131462
YOR083W,YPR158W-A,0,-2.9151003,0.0491071417927742,0.010999999940395355,0.021299999207258224
YOL130W,YGL162W,0,-2.9151437,0.04888888821005821,0.010999999940395355,0.021400000900030136
YLR304C,YDR034C-D,0,-2.915513,0.048672568053007126,0.010999999940395355,0.0215000007301569
YPL147W,YPR158C-C,0,-2.9155529,0.04845815151929855,0.010999999940395355,0.02160000056028366
YNL015W,YOR338W,0,-2.9155805,0.048245612531900406,0.010999999940395355,0.021700000390410423
YER127W,YPR190C,0,-2.9157054,0.04803493618965149,0.010999999940395355,0.021800000220537186
YDR434W,YKL200C,0,-2.915747,0.04782608523964882,0.010999999940395355,0.021900000050663948
YGL105W,YDR210W-A,0,-2.9158194,0.0476190485060215,0.010999999940395355,0.02199999988079071
YNL102W,YOL103W-B,0,-2.9158602,0.047413792461156845,0.010999999940395355,0.022099999710917473
YBL088C,YDR545W,1,-2.9159906,0.05150214582681656,0.012000000104308128,0.022099999710917473
YJL116C,YOL103W-A,0,-2.916177,0.05128205195069313,0.012000000104308128,0.022199999541044235
YFL039C,YDR210W-A,0,-2.9161854,0.05106382817029953,0.012000000104308128,0.022299999371170998
YCR089W,YGR161C-C,0,-2.9163275,0.050847455859184265,0.012000000104308128,0.02239999920129776
YDR423C,YOR192C-B,0,-2.9165916,0.050632912665605545,0.012000000104308128,0.02250000089406967
YMR032W,YDR261C-C,0,-2.9166162,0.05042016878724098,0.012000000104308128,0.022600000724196434
YOR080W,YGR038C-B,0,-2.9166365,0.050209205597639084,0.012000000104308128,0.022700000554323196
YJR104C,YGR109W-A,0,-2.9167259,0.05000000074505806,0.012000000104308128,0.02280000038444996
YMR276W,YGR161C-C,0,-2.9169006,0.04979253187775612,0.012000000104308128,0.02290000021457672
YIL084C,YOR142W-B,0,-2.916941,0.04958677664399147,0.012000000104308128,0.023000000044703484
YKL135C,YCL062W,0,-2.9171724,0.04938271641731262,0.012000000104308128,0.023099999874830246
YGR239C,YDR210W-A,0,-2.9179235,0.04918032884597778,0.012000000104308128,0.02319999970495701
YOR221C,YHR138C,0,-2.9179437,0.04897959157824516,0.012000000104308128,0.02329999953508377
YNL142W,YOR142W-B,0,-2.9184058,0.04878048598766327,0.012000000104308128,0.023399999365210533
YNL030W,YOR338W,0,-2.918597,0.04858299717307091,0.012000000104308128,0.023499999195337296
YGR166W,YGR109W-A,0,-2.918688,0.04838709533214569,0.012000000104308128,0.023600000888109207
YLR035C,YOL103W-B,0,-2.9189317,0.048192769289016724,0.012000000104308128,0.02370000071823597
YOR231W,YMR134W,0,-2.9189951,0.04800000041723251,0.012000000104308128,0.023800000548362732
YNL023C,YDR316W-A,0,-2.9190087,0.04780876636505127,0.012000000104308128,0.023900000378489494
YOL002C,YDR365W-A,0,-2.919201,0.0476190485060215,0.012000000104308128,0.024000000208616257
YJL122W,YPR158C-C,0,-2.9192822,0.04743082821369171,0.012000000104308128,0.02410000003874302
YDR092W,YGR027W-A,0,-2.9194276,0.04724409431219101,0.012000000104308128,0.02419999986886978
YGR098C,YCL062W,0,-2.9194472,0.0470588244497776,0.012000000104308128,0.024299999698996544
YNL102W,YOR192C-B,0,-2.9194534,0.046875,0.012000000104308128,0.024399999529123306
YGR166W,YPL257W-B,0,-2.9194834,0.046692606061697006,0.012000000104308128,0.02449999935925007
YGR040W,YCR062W,0,-2.919555,0.04651162773370743,0.012000000104308128,0.02459999918937683
YBR205W,YOR192C-A,0,-2.9196794,0.04633204638957977,0.012000000104308128,0.024700000882148743
YCR084C,YNL313C,0,-2.9197037,0.04615384712815285,0.012000000104308128,0.024800000712275505
YHR001W-A,YLR035C-A,0,-2.9197137,0.04597701132297516,0.012000000104308128,0.024900000542402267
YPR133W-A,YGR027W-A,0,-2.9198205,0.04580152779817581,0.012000000104308128,0.02500000037252903
YHL028W,YDR261C-C,0,-2.919869,0.045627377927303314,0.012000000104308128,0.025100000202655792
YGR222W,YGR161C-C,0,-2.919966,0.04545454680919647,0.012000000104308128,0.025200000032782555
YPR046W,YPR158W-B,0,-2.9201984,0.04528301954269409,0.012000000104308128,0.025299999862909317
YNL294C,YLR410W-B,0,-2.9203103,0.04511278122663498,0.012000000104308128,0.02539999969303608
YJL209W,YOL010W,0,-2.9203107,0.04494382068514824,0.012000000104308128,0.025499999523162842
YNL139C,YPR137C-B,0,-2.9203417,0.04477611929178238,0.012000000104308128,0.025599999353289604
YCR047C,YLR227W-A,0,-2.9203506,0.044609665870666504,0.012000000104308128,0.025699999183416367
YJR160C,YER138C,0,-2.9203737,0.04444444552063942,0.012000000104308128,0.025800000876188278
YLR391W,YCL016C,1,-2.9206038,0.0479704812169075,0.013000000268220901,0.025800000876188278
YJL203W,YDR210W-B,0,-2.920637,0.04779411852359772,0.013000000268220901,0.02590000070631504
YOR018W,YDR210W-B,0,-2.9209878,0.0476190485060215,0.013000000268220901,0.026000000536441803
YPL241C,YPR158W-A,0,-2.9211242,0.047445256263017654,0.013000000268220901,0.026100000366568565
YNL062C,YNL284C-B,0,-2.92116,0.04727272689342499,0.013000000268220901,0.026200000196695328
YOR229W,YDR170W-A,0,-2.921292,0.047101449221372604,0.013000000268220901,0.02630000002682209
YDR276C,YHL009W-B,0,-2.9212966,0.04693140834569931,0.013000000268220901,0.026399999856948853
YLR391W,YDR174W,1,-2.921315,0.050359711050987244,0.014000000432133675,0.026399999856948853
YDR021W,YER082C,0,-2.9214373,0.05017921328544617,0.014000000432133675,0.026499999687075615
YDL159W,YPR137C-A,0,-2.9214442,0.05000000074505806,0.014000000432133675,0.026599999517202377
YDR189W,YPR158W-A,0,-2.9215693,0.049822062253952026,0.014000000432133675,0.02669999934732914
YML025C,YDR034C-D,0,-2.9216545,0.04964539036154747,0.014000000432133675,0.026799999177455902
YDR201W,YOL103W-A,0,-2.9217975,0.0494699664413929,0.014000000432133675,0.026900000870227814
YMR311C,YLR410W-A,0,-2.9218738,0.04929577559232712,0.014000000432133675,0.027000000700354576
YDL044C,YPL257W-A,0,-2.9219325,0.04912280663847923,0.014000000432133675,0.02710000053048134
YGL014W,YDR325W,0,-2.9219654,0.04895104840397835,0.014000000432133675,0.0272000003606081
YAL040C,YCL003W,0,-2.9219995,0.04878048598766327,0.014000000432133675,0.027300000190734863
YGL047W,YEL050C,0,-2.9222143,0.0486111119389534,0.014000000432133675,0.027400000020861626
YIR009W,YDR261C-C,0,-2.9223115,0.04844290763139725,0.014000000432133675,0.027499999850988388
YIL036W,YOR008C-A,1,-2.9224222,0.0517241396009922,0.014999999664723873,0.027499999850988388
YDR207C,YGR251W,0,-2.9224775,0.05154639109969139,0.014999999664723873,0.02759999968111515
YDR043C,YGR161C-C,0,-2.9226382,0.051369864493608475,0.014999999664723873,0.027699999511241913
YBL009W,YJR070C,0,-2.9226425,0.05119453743100166,0.014999999664723873,0.027799999341368675
YBR090C-A,YDR167W,0,-2.9229243,0.051020409911870956,0.014999999664723873,0.027899999171495438
YPL237W,YDR034C-D,0,-2.9231484,0.050847455859184265,0.014999999664723873,0.02800000086426735
YBR233W-A,YFL035C,0,-2.9232252,0.05067567527294159,0.014999999664723873,0.02810000069439411
YFL035C,YGR075C,0,-2.9232714,0.05050504952669144,0.014999999664723873,0.028200000524520874
YEL037C,YDR098C-B,0,-2.9232833,0.05033557116985321,0.014999999664723873,0.028300000354647636
YKL049C,YLR410W-B,0,-2.9232833,0.05016722530126572,0.014999999664723873,0.0284000001847744
YKL035W,YGR161C-C,0,-2.9233465,0.05000000074505806,0.014999999664723873,0.02850000001490116
YJL071W,YLR391W-A,1,-2.9233706,0.05315614491701126,0.01600000075995922,0.02850000001490116
YFL055W,YPR158W-B,0,-2.923416,0.05298013240098953,0.01600000075995922,0.028599999845027924
YPL283C,YOR008C-A,1,-2.923432,0.056105609983205795,0.017000000923871994,0.028599999845027924
YBR040W,YPR137C-A,0,-2.9235232,0.055921051651239395,0.017000000923871994,0.028699999675154686
YOR209C,YLR410W-B,0,-2.923535,0.055737704038619995,0.017000000923871994,0.02879999950528145
YIL017W,YNL241C,0,-2.9236884,0.0555555559694767,0.017000000923871994,0.02889999933540821
YLR015W,YLR391W,1,-2.9238355,0.05863192304968834,0.017999999225139618,0.02889999933540821
YLR304C,YDR210W-A,0,-2.923848,0.05844155699014664,0.017999999225139618,0.028999999165534973
YMR081C,YOR192C-B,0,-2.9239166,0.058252427726984024,0.017999999225139618,0.029100000858306885
YDR205W,YBR170C,0,-2.9240186,0.05806451663374901,0.017999999225139618,0.029200000688433647
YLR186W,YLR337W,0,-2.9240282,0.057877812534570694,0.017999999225139618,0.02930000051856041
YMR298W,YDR316W-A,0,-2.9240875,0.057692307978868484,0.017999999225139618,0.029400000348687172
YDR182W,YGR161W-A,0,-2.9243,0.057507988065481186,0.017999999225139618,0.029500000178813934
YCL060C,YLR010C,1,-2.9243617,0.06050955504179001,0.01899999938905239,0.029500000178813934
YGL194C,YDR261W-A,0,-2.9244287,0.06031746044754982,0.01899999938905239,0.029600000008940697
YDL108W,YDR316W-B,0,-2.9244566,0.06012658402323723,0.01899999938905239,0.02969999983906746
YER119C,YDR434W,0,-2.9244964,0.05993690714240074,0.01899999938905239,0.02979999966919422
YKL042W,YDR316W-A,0,-2.9245794,0.05974842607975006,0.01899999938905239,0.029899999499320984
YPL231W,YKR055W,0,-2.924596,0.05956112965941429,0.01899999938905239,0.029999999329447746
YLR314C,YML045W,0,-2.9246976,0.05937499925494194,0.01899999938905239,0.03009999915957451
YDR130C,YGR038C-A,0,-2.924779,0.05919003114104271,0.01899999938905239,0.03020000085234642
YOR354C,YPR137C-A,0,-2.9250102,0.059006210416555405,0.01899999938905239,0.030300000682473183
YPL127C,YDR098C-A,0,-2.9251754,0.05882352963089943,0.01899999938905239,0.030400000512599945
YHL040C,YOR343C-B,0,-2.9253633,0.05864197388291359,0.01899999938905239,0.030500000342726707
YDR308C,YOR343C-A,0,-2.9253633,0.05846153944730759,0.01899999938905239,0.03060000017285347
YPL091W,YDR210W-C,0,-2.9253633,0.05828220769762993,0.01899999938905239,0.030700000002980232
YLR337W,YCR061W,0,-2.9253633,0.05810397490859032,0.01899999938905239,0.030799999833106995
YOL078W,YDR210W-D,0,-2.9253633,0.057926829904317856,0.01899999938905239,0.030899999663233757
YNL318C,YPL257W-B,0,-2.9253633,0.05775076150894165,0.01899999938905239,0.03099999949336052
YOR240W,YCL075W,0,-2.9253633,0.057575758546590805,0.01899999938905239,0.031099999323487282
YEL002C,YOR343C-A,0,-2.9253633,0.05740181356668472,0.01899999938905239,0.031199999153614044
YGR040W,YDR210W-D,0,-2.9253633,0.05722891539335251,0.01899999938905239,0.031300000846385956
YMR240C,YDR210W-A,0,-2.9253633,0.057057056576013565,0.01899999938905239,0.03139999881386757
YNL047C,YOR343C-A,0,-2.9253633,0.056886225938797,0.01899999938905239,0.03150000050663948
YER108C,YPL257W-B,0,-2.9253633,0.056716419756412506,0.01899999938905239,0.031599998474121094
YER074W-A,YJR026W,0,-2.9253633,0.0565476194024086,0.01899999938905239,0.031700000166893005
YKL200C,YPL276W,0,-2.9253633,0.05637982115149498,0.01899999938905239,0.03180000185966492
YIL008W,YOR343C-B,0,-2.9253633,0.05621301755309105,0.01899999938905239,0.03189999982714653
YDL105W,YDR210W-C,0,-2.9253633,0.05604719743132591,0.01899999938905239,0.03200000151991844
YML132W,YOR343C-A,0,-2.9253633,0.05588235333561897,0.01899999938905239,0.032099999487400055
YKL146W,YOR343C-A,0,-2.9253633,0.055718474090099335,0.01899999938905239,0.03220000118017197
YDR079C-A,YCL075W,0,-2.9253633,0.0555555559694767,0.01899999938905239,0.03229999914765358
YGR147C,YDR210W-D,0,-2.9253633,0.05539358779788017,0.01899999938905239,0.03240000084042549
YER042W,YDR210W-C,0,-2.9253633,0.05523255839943886,0.01899999938905239,0.032499998807907104
YKL004W,YLR410W-B,0,-2.9253633,0.05507246404886246,0.01899999938905239,0.032600000500679016
YIR006C,YBL101W-A,0,-2.9253633,0.054913293570280075,0.01899999938905239,0.03269999846816063
YJL207C,YDR034C-D,0,-2.9253633,0.05475504323840141,0.01899999938905239,0.03280000016093254
YDR014W-A,YKL075C,0,-2.9253633,0.054597701877355576,0.01899999938905239,0.03290000185370445
YDR014W-A,YGL229C,0,-2.9253633,0.054441262036561966,0.01899999938905239,0.032999999821186066
YBR022W,YDR316W-B,0,-2.9253633,0.05428571254014969,0.01899999938905239,0.03310000151395798
YMR047C,YOR343C-A,0,-2.9253633,0.054131053388118744,0.01899999938905239,0.03319999948143959
YGR109C,YDR210W-D,0,-2.9253633,0.053977273404598236,0.01899999938905239,0.0333000011742115
YLR431C,YDR210W-D,0,-2.9253633,0.05382436141371727,0.01899999938905239,0.033399999141693115
YDR210W-C,YNL046W,0,-2.9253633,0.053672317415475845,0.01899999938905239,0.03350000083446503
YDR014W-A,YLR026C,0,-2.9253633,0.05352112650871277,0.01899999938905239,0.03359999880194664
YDR014W-A,YMR088C,0,-2.9253633,0.05337078496813774,0.01899999938905239,0.03370000049471855
YIL131C,YBL101W-A,0,-2.9253633,0.053221289068460464,0.01899999938905239,0.033799998462200165
YAR002C-A,YDR210W-D,0,-2.9253633,0.053072623908519745,0.01899999938905239,0.033900000154972076
YKR061W,YDR210W-D,0,-2.9253633,0.05292478948831558,0.01899999938905239,0.03400000184774399
YER087C-B,YBL101W-A,0,-2.9253633,0.05277777835726738,0.01899999938905239,0.0340999998152256
YDR014W-A,YEL019C,0,-2.9253633,0.05263157933950424,0.01899999938905239,0.03420000150799751
YOR192C-A,YPR036W-A,0,-2.9253633,0.05248618870973587,0.01899999938905239,0.034299999475479126
YER178W,YML045W-A,0,-2.9253633,0.05234159901738167,0.01899999938905239,0.03440000116825104
YGR288W,YDR210W-C,0,-2.9253633,0.05219780281186104,0.01899999938905239,0.03449999913573265
YDL095W,YBL101W-A,0,-2.9253633,0.05205479636788368,0.01899999938905239,0.03460000082850456
YPR100W,YOR343C-B,0,-2.9253633,0.051912568509578705,0.01899999938905239,0.034699998795986176
YOL003C,YDR210W-C,0,-2.9253633,0.05177111551165581,0.01899999938905239,0.03480000048875809
YEL018W,YML045W-A,0,-2.9253633,0.05163043364882469,0.01899999938905239,0.0348999984562397
YJL085W,YDR210W-D,0,-2.9253633,0.05149051547050476,0.01899999938905239,0.03500000014901161
YER108C,YPR036W-A,0,-2.9253633,0.05135134980082512,0.01899999938905239,0.035100001841783524
YBR257W,YML045W-A,0,-2.9253633,0.05121293663978577,0.01899999938905239,0.03519999980926514
YFL029C,YGR161C-C,0,-2.9253633,0.05107526853680611,0.01899999938905239,0.03530000150203705
YCL051W,YDR210W-D,0,-2.9253633,0.05093833804130554,0.01899999938905239,0.03539999946951866
YBR111W-A,YCR102C,0,-2.9253633,0.050802137702703476,0.01899999938905239,0.03550000116229057
YGL209W,YPR036W-A,0,-2.9253633,0.05066666752099991,0.01899999938905239,0.035599999129772186
YOL103W-A,YPR036W-A,0,-2.9253633,0.050531916320323944,0.01899999938905239,0.0357000008225441
YOR377W,YDR014W-A,0,-2.9253633,0.050397876650094986,0.01899999938905239,0.03579999879002571
YKL200C,YDR316W-B,0,-2.9253633,0.050264548510313034,0.01899999938905239,0.03590000048279762
YGR241C,YOR343C-A,0,-2.9253633,0.05013192445039749,0.01899999938905239,0.035999998450279236
YFL060C,YBL101W-A,0,-2.9253633,0.05000000074505806,0.01899999938905239,0.03610000014305115
YKL200C,YOR142W-A,0,-2.9253633,0.04986876621842384,0.01899999938905239,0.03620000183582306
YDR432W,YOR343C-B,0,-2.9253633,0.04973822087049484,0.01899999938905239,0.03629999980330467
YIL098C,YOR343C-B,0,-2.9253633,0.04960835352540016,0.01899999938905239,0.036400001496076584
YPL160W,YPR036W-A,0,-2.9253633,0.0494791679084301,0.01899999938905239,0.0364999994635582
YGR141W,YBL101W-A,0,-2.9253633,0.04935064911842346,0.01899999938905239,0.03660000115633011
YDR014W-A,YML052W,0,-2.9253633,0.04922279715538025,0.01899999938905239,0.03669999912381172
YDL227C,YOR343C-A,0,-2.9253633,0.04909560829401016,0.01899999938905239,0.03680000081658363
YGR075C,YDR210W-D,0,-2.9253633,0.048969071358442307,0.01899999938905239,0.03689999878406525
YDR014W-A,YIL039W,0,-2.9253633,0.04884318634867668,0.01899999938905239,0.03700000047683716
YIL017W,YOL103W-A,0,-2.9253633,0.04871794953942299,0.01899999938905239,0.03709999844431877
YIR021W,YML045W-A,0,-2.9253633,0.04859334975481033,0.01899999938905239,0.03720000013709068
YER148W,YOR343C-A,0,-2.9253633,0.048469386994838715,0.01899999938905239,0.037300001829862595
YLR312C-B,YOR192C-A,0,-2.9253633,0.048346057534217834,0.01899999938905239,0.03739999979734421
YFL011W-A,YJR120W,0,-2.9253633,0.0482233501970768,0.01899999938905239,0.03750000149011612
YDL208W,YDR210W-D,0,-2.9253633,0.048101264983415604,0.01899999938905239,0.03759999945759773
YMR208W,YML045W-A,0,-2.9253633,0.047979798167943954,0.01899999938905239,0.037700001150369644
YKL173W,YPR036W-A,0,-2.9253633,0.04785894230008125,0.01899999938905239,0.03779999911785126
YHR039C-B,YML040W,0,-2.9253633,0.0477386936545372,0.01899999938905239,0.03790000081062317
YDR122W,YDR210W-C,0,-2.9253633,0.0476190485060215,0.01899999938905239,0.03799999877810478
YPL243W,YOR343C-A,0,-2.9253633,0.04749999940395355,0.01899999938905239,0.038100000470876694
YMR277W,YDR014W-A,0,-2.9253633,0.04738154634833336,0.01899999938905239,0.03819999843835831
YGR227W,YOR192C-A,0,-2.9253633,0.04726368188858032,0.01899999938905239,0.03830000013113022
YEL027W,YML045W-A,0,-2.9253633,0.047146402299404144,0.01899999938905239,0.03840000182390213
YDR309C,YDR014W-A,0,-2.9253633,0.047029703855514526,0.01899999938905239,0.03849999979138374
YNL094W,YOR343C-B,0,-2.9253633,0.04691357910633087,0.01899999938905239,0.038600001484155655
YOR085W,YOR343C-B,0,-2.9253633,0.04679802805185318,0.01899999938905239,0.03869999945163727
YER108C,YAL011W,0,-2.9253657,0.04668304696679115,0.01899999938905239,0.03880000114440918
YEL031W,YPR137C-A,0,-2.92541,0.046568628400564194,0.01899999938905239,0.03889999911189079
YJL095W,YIL026C,0,-2.925439,0.046454768627882004,0.01899999938905239,0.039000000804662704
YOR243C,YOL103W-B,0,-2.9254715,0.046341463923454285,0.01899999938905239,0.03909999877214432
YJR127C,YOR142W-B,0,-2.9255881,0.04622871056199074,0.01899999938905239,0.03920000046491623
YBR004C,YDR261C-C,0,-2.9257598,0.046116504818201065,0.01899999938905239,0.03929999843239784
YPL121C,YDR261C-C,0,-2.9257622,0.04600484296679497,0.01899999938905239,0.039400000125169754
YPL117C,YPL257W-B,0,-2.9258306,0.04589372128248215,0.01899999938905239,0.039500001817941666
YMR036C,YDR365W-B,0,-2.925885,0.04578313231468201,0.01899999938905239,0.03959999978542328
YGR155W,YPL060C-A,0,-2.9260828,0.045673076063394547,0.01899999938905239,0.03970000147819519
YNL110C,YBR192W,0,-2.926272,0.04556354880332947,0.01899999938905239,0.039799999445676804
YOR007C,YGR272C,0,-2.9262848,0.04545454680919647,0.01899999938905239,0.039900001138448715
YAL059W,YIL019W,0,-2.9263396,0.04534606263041496,0.01899999938905239,0.03999999910593033
YOR192C-B,YPR158C-C,0,-2.9264078,0.04523809626698494,0.01899999938905239,0.04010000079870224
YIL010W,YPR137C-B,0,-2.9265,0.045130640268325806,0.01899999938905239,0.04019999876618385
YFL016C,YGR038C-A,0,-2.9265277,0.04502369835972786,0.01899999938905239,0.040300000458955765
YNL062C,YPR137C-B,0,-2.9265335,0.044917259365320206,0.01899999938905239,0.04039999842643738
YBR258C,YMR045C,0,-2.9265375,0.044811319559812546,0.01899999938905239,0.04050000011920929
YAL025C,YCL062W,0,-2.9265602,0.04470588266849518,0.01899999938905239,0.0406000018119812
YAL021C,YGR038C-A,0,-2.9268556,0.04460093751549721,0.01899999938905239,0.040699999779462814
YOR112W,YGR038C-A,0,-2.9268801,0.04449648782610893,0.01899999938905239,0.040800001472234726
YEL051W,YDR365W-B,0,-2.926891,0.04439252242445946,0.01899999938905239,0.04089999943971634
YOR240W,YOR069W,0,-2.9271715,0.04428904503583908,0.01899999938905239,0.04100000113248825
YML098W,YGR272C,0,-2.9273303,0.044186048209667206,0.01899999938905239,0.041099999099969864
YMR036C,YGR027W-A,0,-2.927409,0.044083528220653534,0.01899999938905239,0.041200000792741776
YDR130C,YLR035C-A,0,-2.9274876,0.04398148134350777,0.01899999938905239,0.04129999876022339
YBL103C,YER159C-A,0,-2.9279096,0.043879907578229904,0.01899999938905239,0.0414000004529953
YLR391W-A,YOR322C,1,-2.927955,0.04608295112848282,0.019999999552965164,0.0414000004529953
YER159C,YHR039C-B,0,-2.9280665,0.04597701132297516,0.019999999552965164,0.04149999842047691
YDR472W,YPR158W-A,0,-2.9281778,0.0458715595304966,0.019999999552965164,0.041600000113248825
YKR054C,YLR035C-A,0,-2.9282699,0.045766592025756836,0.019999999552965164,0.04170000180602074
YFR024C,YML025C,0,-2.9282868,0.04566210135817528,0.019999999552965164,0.04179999977350235
YKL189W,YHL009W-B,0,-2.9282885,0.04555808752775192,0.019999999552965164,0.04190000146627426
YOR207C,YAR009C,0,-2.9283764,0.04545454680919647,0.019999999552965164,0.041999999433755875
YOR344C,YDR098C-B,0,-2.9284117,0.04535147547721863,0.019999999552965164,0.042100001126527786
YMR283C,YPL257W-A,0,-2.9284213,0.04524886980652809,0.019999999552965164,0.0421999990940094
YCR107W,YLR303W,0,-2.928441,0.045146726071834564,0.019999999552965164,0.04230000078678131
YNR032C-A,YNL284C-B,0,-2.9284654,0.045045044273138046,0.019999999552965164,0.042399998754262924
YOR307C,YHL009W-B,0,-2.9284654,0.04494382068514824,0.019999999552965164,0.042500000447034836
YOR112W,YOR192C-A,0,-2.9285076,0.044843047857284546,0.019999999552965164,0.04259999841451645
YJL025W,YAR044W,0,-2.9285214,0.044742729514837265,0.019999999552965164,0.04270000010728836
YGR098C,YPR158C-D,0,-2.9287274,0.0446428582072258,0.019999999552965164,0.04280000180006027
YGL171W,YNR046W,0,-2.9287634,0.04454343020915985,0.019999999552965164,0.042899999767541885
YPL163C,YGR027W-A,0,-2.928943,0.04444444552063942,0.019999999552965164,0.0430000014603138
YMR042W,YER108C,0,-2.9289577,0.04434589669108391,0.019999999552965164,0.04309999942779541
YOR048C,YPL257W-A,0,-2.9290097,0.044247787445783615,0.019999999552965164,0.04320000112056732
YJL148W,YCL062W,0,-2.929248,0.044150110334157944,0.019999999552965164,0.043299999088048935
YLR016C,YOR142W-A,0,-2.9294214,0.044052861630916595,0.019999999552965164,0.04340000078082085
YKR052C,YGR027W-A,0,-2.9295213,0.04395604506134987,0.019999999552965164,0.04349999874830246
YGR059W,YDR346C,0,-2.9295273,0.04385964944958687,0.019999999552965164,0.04360000044107437
YBR126C,YLR455W,0,-2.9295795,0.043763674795627594,0.019999999552965164,0.043699998408555984
YLR129W,YDR261C-C,0,-2.929601,0.043668121099472046,0.019999999552965164,0.043800000101327896
YKL200C,YNL169C,0,-2.9297774,0.043572984635829926,0.019999999552965164,0.04390000179409981
YPR021C,YOL103W-B,0,-2.9299903,0.043478261679410934,0.019999999552965164,0.04399999976158142
YMR004W,YLR410W-B,0,-2.9300578,0.043383948504924774,0.019999999552965164,0.04410000145435333
YFL011W-A,YPR032W,0,-2.9300935,0.043290045112371445,0.019999999552965164,0.044199999421834946
YJL012C,YFL002W-A,0,-2.930237,0.04319654405117035,0.019999999552965164,0.04430000111460686
YPR025C,YOR192C-A,0,-2.9302573,0.043103449046611786,0.019999999552965164,0.04439999908208847
YBR022W,YOR338W,0,-2.9302678,0.04301075264811516,0.019999999552965164,0.04450000077486038
YMR021C,YDR034C-D,0,-2.9303374,0.042918454855680466,0.019999999552965164,0.044599998742341995
YGL061C,YFL002W-A,0,-2.9304073,0.04282655194401741,0.019999999552965164,0.04470000043511391
YBR152W,YGR054W,0,-2.9304588,0.04273504391312599,0.019999999552965164,0.04479999840259552
YLR107W,YDR261C-C,0,-2.9305344,0.04264392331242561,0.019999999552965164,0.04490000009536743
YKL200C,YIL017W,0,-2.9306433,0.042553190141916275,0.019999999552965164,0.04500000178813934
YJL106W,YGR161C-D,0,-2.9306743,0.04246284440159798,0.019999999552965164,0.045099999755620956
YHL003C,YDR098C-A,0,-2.930834,0.04237288236618042,0.019999999552965164,0.04520000144839287
YNL127W,YOR162C,0,-2.9308472,0.04228329658508301,0.019999999552965164,0.04529999941587448
YKR036C,YJL018W,0,-2.9308574,0.04219409450888634,0.019999999552965164,0.04540000110864639
YCL012W,YGR278W,0,-2.9309285,0.04210526496171951,0.019999999552965164,0.045499999076128006
YLR139C,YGR162W,0,-2.9310982,0.042016807943582535,0.019999999552965164,0.04560000076889992
YPR154W,YGR038C-A,0,-2.9311814,0.041928719729185104,0.019999999552965164,0.04569999873638153
YDR515W,YPL257W-B,0,-2.9311965,0.04184100404381752,0.019999999552965164,0.04580000042915344
YKL150W,YOR192C-A,0,-2.931348,0.041753653436899185,0.019999999552965164,0.045899998396635056
YJL214W,YPR158C-C,0,-2.9314137,0.0416666679084301,0.019999999552965164,0.04600000008940697
YGR129W,YLR227W-A,0,-2.9314942,0.041580040007829666,0.019999999552965164,0.04610000178217888
YJL102W,YDR261W-A,0,-2.9315097,0.04149377718567848,0.019999999552965164,0.04619999974966049
YGL078C,YDR210W-B,0,-2.931676,0.04140786826610565,0.019999999552965164,0.046300001442432404
YBR091C,YLR312C-B,0,-2.9317203,0.041322313249111176,0.019999999552965164,0.04639999940991402
YPL093W,YBR192W,0,-2.9318607,0.04123711213469505,0.019999999552965164,0.04650000110268593
YLR391W,YDR443C,1,-2.931897,0.043209876865148544,0.020999999716877937,0.04650000110268593
YDR283C,YDR365W-B,0,-2.93197,0.04312115162611008,0.020999999716877937,0.04659999907016754
YPL132W,YJR144W,0,-2.932091,0.04303278774023056,0.020999999716877937,0.04670000076293945
YNL030W,YPR158W-A,0,-2.9322007,0.042944785207509995,0.020999999716877937,0.046799998730421066
YFL035C-A,YER018C,0,-2.932227,0.04285714402794838,0.020999999716877937,0.04690000042319298
YMR246W,YNL284C-B,0,-2.9322467,0.04276985675096512,0.020999999716877937,0.04699999839067459
YPL097W,YNL284C-B,0,-2.9323962,0.04268292710185051,0.020999999716877937,0.0471000000834465
YGL096W,YOR192C-A,0,-2.9325416,0.042596347630023956,0.020999999716877937,0.047200001776218414
YBR126C,YDR261C-C,0,-2.932704,0.04251012206077576,0.020999999716877937,0.04729999974370003
YJL117W,YDR210W-B,0,-2.9327095,0.042424242943525314,0.020999999716877937,0.04740000143647194
YPL096C-A,YFL059W,0,-2.9327145,0.04233871027827263,0.020999999716877937,0.04749999940395355
YLL038C,YOL103W-B,0,-2.9327888,0.0422535203397274,0.020999999716877937,0.047600001096725464
YER018C,YPL257W-B,0,-2.9329956,0.04216867312788963,0.020999999716877937,0.04769999906420708
YKR052C,YDR098C-B,0,-2.9330325,0.04208416864275932,0.020999999716877937,0.04780000075697899
YOR240W,YER108C,0,-2.9331214,0.041999999433755875,0.020999999716877937,0.0478999987244606
YOR347C,YOR338W,0,-2.9331543,0.041916169226169586,0.020999999716877937,0.04800000041723251
YLR229C,YLR227W-A,0,-2.9331753,0.04183267056941986,0.020999999716877937,0.04809999838471413
YGL191W,YKL053C-A,0,-2.9334738,0.0417495034635067,0.020999999716877937,0.04820000007748604
YPL202C,YBR257W,0,-2.9334786,0.0416666679084301,0.020999999716877937,0.04830000177025795
YNL098C,YPR137C-A,0,-2.9336703,0.041584160178899765,0.020999999716877937,0.04839999973773956
YAL002W,YOR142W-B,0,-2.9336703,0.0415019765496254,0.020999999716877937,0.048500001430511475
YDR342C,YML025C,0,-2.9337661,0.041420117020606995,0.020999999716877937,0.04859999939799309
YMR287C,YJR120W,0,-2.9338648,0.04133858159184456,0.020999999716877937,0.048700001090765
YBR288C,YER159C-A,0,-2.933915,0.04125736653804779,0.020999999716877937,0.04879999905824661
YER108C,YPR164W,0,-2.934004,0.04117647185921669,0.020999999716877937,0.048900000751018524
YFR019W,YLR301W,0,-2.9341247,0.04109589010477066,0.020999999716877937,0.04899999871850014
YGL062W,YPR158C-D,0,-2.934203,0.041015625,0.020999999716877937,0.04910000041127205
YDR377W,YGR161C-C,0,-2.934521,0.04093567281961441,0.020999999716877937,0.04919999837875366
YGL233W,YGR122W,0,-2.934584,0.04085602983832359,0.020999999716877937,0.049300000071525574
YFL022C,YPR158W-A,0,-2.9349523,0.04077669978141785,0.020999999716877937,0.049400001764297485
YIL010W,YIL017W,0,-2.935025,0.040697675198316574,0.020999999716877937,0.0494999997317791
YMR241W,YOL103W-B,0,-2.9351518,0.040618956089019775,0.020999999716877937,0.04960000142455101
YOL027C,YGR272C,0,-2.9353156,0.04054053872823715,0.020999999716877937,0.04969999939203262
YML015C,YOR142W-A,0,-2.9354107,0.040462426841259,0.020999999716877937,0.049800001084804535
YJL058C,YOR192C-A,0,-2.9354215,0.04038461670279503,0.020999999716877937,0.04989999905228615
YNL245C,YPL257W-B,0,-2.9355853,0.04030710086226463,0.020999999716877937,0.05000000074505806
YOR028C,YNL247W,0,-2.9359896,0.04022988677024841,0.020999999716877937,0.05009999871253967
YMR319C,YGR038C-B,0,-2.936023,0.04015296325087547,0.020999999716877937,0.050200000405311584
YLR106C,YGR103W,0,-2.936465,0.04007633402943611,0.020999999716877937,0.0502999983727932
YBR152W,YLR035C-A,0,-2.9364777,0.03999999910593033,0.020999999716877937,0.05040000006556511
YFL035C,YPR108W,0,-2.936719,0.039923954755067825,0.020999999716877937,0.05050000175833702
YDR469W,YFL017W-A,0,-2.936746,0.039848197251558304,0.020999999716877937,0.050599999725818634
YPR134W,YLR227W-A,0,-2.936778,0.039772726595401764,0.020999999716877937,0.050700001418590546
YBR015C,YPR158C-D,0,-2.9368222,0.039697542786598206,0.020999999716877937,0.05079999938607216
YDR301W,YBR090C-A,0,-2.9368844,0.03962264209985733,0.020999999716877937,0.05090000107884407
YLR347C,YOR192C-B,0,-2.937033,0.03954802080988884,0.020999999716877937,0.050999999046325684
YHR050W,YGR027W-A,0,-2.9372983,0.03947368264198303,0.020999999716877937,0.051100000739097595
YER151C,YIL017W,0,-2.937441,0.03939962387084961,0.020999999716877937,0.05119999870657921
YCL012W,YDR201W,0,-2.9375317,0.03932584449648857,0.020999999716877937,0.05130000039935112
YOL042W,YPR158W-A,0,-2.9375527,0.03925233706831932,0.020999999716877937,0.05139999836683273
YER149C,YLR410W-A,0,-2.9376304,0.039179105311632156,0.020999999716877937,0.051500000059604645
YGR147C,YLR157C-B,0,-2.9378076,0.03910614550113678,0.020999999716877937,0.051600001752376556
YDL137W,YPL132W,0,-2.9380093,0.03903345763683319,0.020999999716877937,0.05169999971985817
YDL002C,YHR138C,0,-2.9383285,0.03896103799343109,0.020999999716877937,0.05180000141263008
YOR240W,YDR260C,0,-2.9384432,0.03888889029622078,0.020999999716877937,0.051899999380111694
YNL097C,YLR312C-B,0,-2.9387958,0.03881700709462166,0.020999999716877937,0.052000001072883606
YBR244W,YFR024C,0,-2.938947,0.03874538838863373,0.020999999716877937,0.05209999904036522
YMR198W,YNL313C,0,-2.9390895,0.03867403417825699,0.020999999716877937,0.05220000073313713
YNL182C,YFR024C,0,-2.9394696,0.03860294073820114,0.020999999716877937,0.052299998700618744
YLR391W,YHR041C,1,-2.9395149,0.04036697372794151,0.02199999988079071,0.052299998700618744
YKR019C,YGR272C,0,-2.9395454,0.04029304161667824,0.02199999988079071,0.052400000393390656
YLR078C,YIL017W,0,-2.9395912,0.04021937772631645,0.02199999988079071,0.05249999836087227
YLR135W,YJR028W,0,-2.9396567,0.040145985782146454,0.02199999988079071,0.05260000005364418
YDR009W,YER087C-A,0,-2.939687,0.040072858333587646,0.02199999988079071,0.05270000174641609
YKL093W,YLR312C-B,0,-2.9398289,0.03999999910593033,0.02199999988079071,0.052799999713897705
YCL060C,YDL047W,1,-2.9398339,0.04174228757619858,0.023000000044703484,0.052799999713897705
YOL027C,YGR161C-D,0,-2.9398534,0.0416666679084301,0.023000000044703484,0.05290000140666962
YNL292W,YLR275W,0,-2.9399035,0.04159132018685341,0.023000000044703484,0.05299999937415123
YHR120W,YDR023W,0,-2.9399345,0.041516244411468506,0.023000000044703484,0.05310000106692314
YOR049C,YJR027W,0,-2.9399374,0.04144144058227539,0.023000000044703484,0.053199999034404755
YLR189C,YML075C,0,-2.9400778,0.041366904973983765,0.023000000044703484,0.053300000727176666
YOR185C,YGL183C,0,-2.9401577,0.04129263758659363,0.023000000044703484,0.05339999869465828
YFR024C,YGL252C,0,-2.9401684,0.04121863842010498,0.023000000044703484,0.05350000038743019
YGL078C,YHR085W,0,-2.9401958,0.041144900023937225,0.023000000044703484,0.053599998354911804
YLR391W,YPL254W,1,-2.9403703,0.04285714402794838,0.024000000208616257,0.053599998354911804
YFR033C,YBR111W-A,0,-2.9404786,0.04278074949979782,0.024000000208616257,0.053700000047683716
YKL200C,YOR254C,0,-2.9407063,0.04270462691783905,0.024000000208616257,0.05380000174045563
YMR070W,YCL060C,1,-2.9407232,0.04440497234463692,0.02500000037252903,0.05380000174045563
YLR459W,YOR192C-B,0,-2.9407482,0.04432624205946922,0.02500000037252903,0.05389999970793724
YBR017C,YMR045C,0,-2.9409764,0.044247787445783615,0.02500000037252903,0.05400000140070915
YML057W,YBL100W-A,0,-2.9409935,0.04416961222887039,0.02500000037252903,0.054099999368190765
YDR473C,YHR039C-B,0,-2.9410138,0.044091708958148956,0.02500000037252903,0.05420000106096268
YCL043C,YOR088W,0,-2.9411058,0.044014085084199905,0.02500000037252903,0.05429999902844429
YIL109C,YDR261C-C,0,-2.9411101,0.043936729431152344,0.02500000037252903,0.0544000007212162
YFL011W-A,YIL070C,0,-2.9411364,0.04385964944958687,0.02500000037252903,0.054499998688697815
YNL023C,YJR026W,0,-2.9411669,0.04378283768892288,0.02500000037252903,0.05460000038146973
YBR234C,YMR134W,0,-2.9412098,0.043706294149160385,0.02500000037252903,0.05469999834895134
YDL007W,YOR192C-A,0,-2.9413369,0.04363001883029938,0.02500000037252903,0.05480000004172325
YDR378C,YDR261W-A,0,-2.941348,0.04355400800704956,0.02500000037252903,0.05490000173449516
YMR140W,YPR137C-A,0,-2.941636,0.043478261679410934,0.02500000037252903,0.054999999701976776
YMR288W,YLR337W,0,-2.9417546,0.0434027761220932,0.02500000037252903,0.05510000139474869
YBR210W,YDR316W-B,0,-2.9417982,0.04332755506038666,0.02500000037252903,0.0551999993622303
YHR079C,YLR337W,0,-2.9419105,0.04325259476900101,0.02500000037252903,0.05530000105500221
YLR069C,YOR266W,0,-2.9419534,0.04317789152264595,0.02500000037252903,0.055399999022483826
YER174C,YNL262W,0,-2.9419765,0.043103449046611786,0.02500000037252903,0.05550000071525574
YGR288W,YDR306C,0,-2.942105,0.04302925989031792,0.02500000037252903,0.05559999868273735
YGR175C,YLR410W-B,0,-2.9421713,0.04295532777905464,0.02500000037252903,0.05570000037550926
YHR108W,YOR088W,0,-2.9424133,0.042881645262241364,0.02500000037252903,0.055799998342990875
YMR284W,YGR042W,1,-2.9426322,0.0445205494761467,0.026000000536441803,0.055799998342990875
YJL060W,YOL103W-B,0,-2.9431393,0.04444444552063942,0.026000000536441803,0.05590000003576279
YPL147W,YOR192C-A,0,-2.9431868,0.04436860233545303,0.026000000536441803,0.0560000017285347
YDR268W,YGR082W,0,-2.9432485,0.04429301619529724,0.026000000536441803,0.05609999969601631
YER108C,YJR127C,0,-2.9432502,0.04421768710017204,0.026000000536441803,0.05620000138878822
YPL016W,YLR227W-A,0,-2.9433286,0.04414261505007744,0.026000000536441803,0.056299999356269836
YER108C,YOR344C,0,-2.9434369,0.04406779631972313,0.026000000536441803,0.05640000104904175
YOR173W,YER159C-A,0,-2.943518,0.043993230909109116,0.026000000536441803,0.05649999901652336
YJR143C,YLR337W,0,-2.943604,0.0439189188182354,0.026000000536441803,0.05660000070929527
YDR034C-D,YPR158W-A,0,-2.9436831,0.043844856321811676,0.026000000536441803,0.056699998676776886
YLR312C-B,YGR172C,0,-2.9436862,0.04377104341983795,0.026000000536441803,0.0568000003695488
YLR391W-A,YNL147W,1,-2.9438343,0.045378152281045914,0.027000000700354576,0.0568000003695488
YJL219W,YDR034C-D,0,-2.9439938,0.04530201479792595,0.027000000700354576,0.05689999833703041
YDR118W,YDR076W,0,-2.9440062,0.04522613063454628,0.027000000700354576,0.05700000002980232
YPL040C,YHL009W-B,0,-2.9441612,0.045150503516197205,0.027000000700354576,0.057100001722574234
YNL201C,YJR141W,0,-2.944485,0.045075125992298126,0.027000000700354576,0.05719999969005585
YOR341W,YLR022C,0,-2.944492,0.04500000178813934,0.027000000700354576,0.05730000138282776
YGL187C,YLR410W-B,0,-2.94475,0.04492512345314026,0.027000000700354576,0.05739999935030937
YGL206C,YJR033C,0,-2.944822,0.04485049843788147,0.027000000700354576,0.057500001043081284
YGL090W,YAL068C,0,-2.9448538,0.04477611929178238,0.027000000700354576,0.0575999990105629
YHR023W,YPL257W-B,0,-2.9451501,0.04470198601484299,0.027000000700354576,0.05770000070333481
YPL006W,YGR038C-A,0,-2.9451869,0.04462809860706329,0.027000000700354576,0.05779999867081642
YNL051W,YPR137C-A,0,-2.9452114,0.0445544570684433,0.027000000700354576,0.05790000036358833
YNL084C,YCR102C,0,-2.9452527,0.044481053948402405,0.027000000700354576,0.057999998331069946
YOL097C,YDR365W-B,0,-2.9452727,0.04440789297223091,0.027000000700354576,0.05810000002384186
YNL012W,YMR210W,0,-2.9452813,0.04433497413992882,0.027000000700354576,0.05820000171661377
YPR187W,YOR142W-A,0,-2.945285,0.044262293726205826,0.027000000700354576,0.05829999968409538
YFL011W-A,YMR312W,0,-2.9454684,0.044189851731061935,0.027000000700354576,0.058400001376867294
YMR290C,YOR192C-B,0,-2.9454687,0.04411764815449715,0.027000000700354576,0.05849999934434891
YBR084W,YOR346W,0,-2.9456503,0.04404567554593086,0.027000000700354576,0.05860000103712082
YKL144C,YOR088W,0,-2.9457893,0.04397394135594368,0.027000000700354576,0.05869999900460243
YPL227C,YOR142W-B,0,-2.9459987,0.043902438133955,0.027000000700354576,0.058800000697374344
YBR020W,YHL009W-B,0,-2.9460733,0.04383116960525513,0.027000000700354576,0.05889999866485596
YOL043C,YCR020C,0,-2.9470322,0.04376012831926346,0.027000000700354576,0.05900000035762787
YAL035W,YJL098W,0,-2.9470913,0.04368932172656059,0.027000000700354576,0.05909999832510948
YJL033W,YML058W-A,0,-2.9471622,0.043618738651275635,0.027000000700354576,0.05920000001788139
YDR183W,YLR035C-A,0,-2.9472282,0.04354838654398918,0.027000000700354576,0.059300001710653305
YLR107W,YCR072C,0,-2.9472592,0.043478261679410934,0.027000000700354576,0.05939999967813492
YBR253W,YHR214C-C,0,-2.9473312,0.043408360332250595,0.027000000700354576,0.05950000137090683
YFL011W-A,YAL041W,0,-2.9473672,0.04333868250250816,0.027000000700354576,0.05959999933838844
YBL045C,YGR038C-A,0,-2.9473944,0.04326923191547394,0.027000000700354576,0.059700001031160355
YBR084W,YLR272C,0,-2.9475002,0.04320000112056732,0.027000000700354576,0.05979999899864197
YIL098C,YJR120W,0,-2.947593,0.043130990117788315,0.027000000700354576,0.05990000069141388
YMR211W,YGR038C-B,0,-2.9476087,0.043062202632427216,0.027000000700354576,0.05999999865889549
YHR143W-A,YML033W,0,-2.9477513,0.04299363121390343,0.027000000700354576,0.060100000351667404
YAR018C,YIL077C,0,-2.9478858,0.04292527958750725,0.027000000700354576,0.06019999831914902
YGL191W,YDR322C-A,0,-2.948187,0.04285714402794838,0.027000000700354576,0.06030000001192093
YOR008C,YPR158W-A,0,-2.94837,0.04278922453522682,0.027000000700354576,0.06040000170469284
YLR391W,YJL129C,1,-2.9485075,0.04430379718542099,0.02800000086426735,0.06040000170469284
YOR007C,YCL062W,0,-2.9485078,0.04423380643129349,0.02800000086426735,0.060499999672174454
YDR369C,YGR042W,1,-2.9485178,0.04574132338166237,0.028999999165534973,0.060499999672174454
YLR391W,YKL139W,1,-2.9492793,0.04724409431219101,0.029999999329447746,0.060499999672174454
YJR104C,YDR261W-A,0,-2.9493215,0.04716981202363968,0.029999999329447746,0.060600001364946365
YJR104C,YPR137C-A,0,-2.9493473,0.04709576070308685,0.029999999329447746,0.06069999933242798
YLR115W,YDR170W-A,0,-2.9494464,0.04702194407582283,0.029999999329447746,0.06080000102519989
YDL185W,YOL103W-A,0,-2.9495022,0.04694835841655731,0.029999999329447746,0.0608999989926815
YML049C,YGR251W,0,-2.9496763,0.046875,0.029999999329447746,0.061000000685453415
YPL240C,YLR039C,0,-2.9498582,0.04680187255144119,0.029999999329447746,0.06109999865293503
YHR073W,YHR214C-C,0,-2.9502866,0.04672897234559059,0.029999999329447746,0.06120000034570694
YLR459W,YNL307C,0,-2.9503198,0.046656299382448196,0.029999999329447746,0.06129999831318855
YHR059W,YCL060C,1,-2.95049,0.048136647790670395,0.03099999949336052,0.06129999831318855
YGR013W,YGR251W,0,-2.9505856,0.04806201532483101,0.03099999949336052,0.061400000005960464
YNL008C,YOL002C,0,-2.9506004,0.047987617552280426,0.03099999949336052,0.061500001698732376
YLR295C,YER159C-A,0,-2.950733,0.04791344702243805,0.03099999949336052,0.06159999966621399
YGR248W,YPR095C,0,-2.9512286,0.04783950746059418,0.03099999949336052,0.0617000013589859
YDR381W,YNL284C-B,0,-2.9512887,0.04776579514145851,0.03099999949336052,0.061799999326467514
YDR246W,YLL017W,0,-2.9513454,0.04769230633974075,0.03099999949336052,0.061900001019239426
YGL183C,YLR337W,0,-2.9513848,0.0476190485060215,0.03099999949336052,0.06199999898672104
YDR503C,YLR410W-A,0,-2.951423,0.047546010464429855,0.03099999949336052,0.06210000067949295
YIL084C,YLR227W-A,0,-2.9514499,0.04747319966554642,0.03099999949336052,0.062199998646974564
YIL040W,YDR365W-A,0,-2.9514499,0.04740061238408089,0.03099999949336052,0.062300000339746475
YJL072C,YML131W,0,-2.9514835,0.047328244894742966,0.03099999949336052,0.06239999830722809
YGL256W,YGR122W,0,-2.951519,0.047256097197532654,0.03099999949336052,0.0625
YOL013C,YER159C-A,0,-2.9515305,0.04718416929244995,0.03099999949336052,0.06260000169277191
YPR034W,YDL088C,0,-2.9515493,0.04711246117949486,0.03099999949336052,0.06270000338554382
YFL011W-A,YJL014W,0,-2.9516203,0.047040972858667374,0.03099999949336052,0.06279999762773514
YKL165C,YLR410W-A,0,-2.9516377,0.0469696968793869,0.03099999949336052,0.06289999932050705
YJR125C,YNL046W,0,-2.951646,0.04689863696694374,0.03099999949336052,0.06300000101327896
YPL124W,YPR137C-B,0,-2.9518259,0.04682779312133789,0.03099999949336052,0.06310000270605087
YKL016C,YBR183W,0,-2.9518561,0.04675716534256935,0.03099999949336052,0.06319999694824219
YGR060W,YOR088W,0,-2.9518957,0.046686746180057526,0.03099999949336052,0.0632999986410141
YER171W,YPL045W,0,-2.951925,0.04661654308438301,0.03099999949336052,0.06340000033378601
YGL025C,YDR227W,1,-2.9519746,0.048048049211502075,0.03200000151991844,0.06340000033378601
YPL176C,YLR337W,0,-2.952153,0.04797601327300072,0.03200000151991844,0.06350000202655792
YER087C-A,YBR082C,0,-2.9522138,0.04790419340133667,0.03200000151991844,0.06360000371932983
YBR126C,YPL060C-A,0,-2.9524162,0.047832585871219635,0.03200000151991844,0.06369999796152115
YNL244C,YMR134W,0,-2.95243,0.04776119440793991,0.03200000151991844,0.06379999965429306
YDR377W,YLR227W-A,0,-2.9525774,0.0476900152862072,0.03200000151991844,0.06390000134706497
YLR163C,YDR365W-B,0,-2.9525774,0.0476190485060215,0.03200000151991844,0.06400000303983688
YDR265W,YOR088W,0,-2.9527085,0.047548290342092514,0.03200000151991844,0.0640999972820282
YBR231C,YHR138C,0,-2.9528663,0.04747774451971054,0.03200000151991844,0.06419999897480011
YAL054C,YFL011W-A,0,-2.953046,0.04740740731358528,0.03200000151991844,0.06430000066757202
YDR325W,YJR141W,0,-2.9534185,0.047337278723716736,0.03200000151991844,0.06440000236034393
YCR107W,YDR261W-A,0,-2.9536564,0.047267355024814606,0.03200000151991844,0.06449999660253525
YLL009C,YGR109W-A,0,-2.9536564,0.04719763994216919,0.03200000151991844,0.06459999829530716
YJR001W,YGL096W,0,-2.953673,0.04712812975049019,0.03200000151991844,0.06469999998807907
YNL009W,YBR066C,0,-2.95372,0.0470588244497776,0.03200000151991844,0.06480000168085098
YGL120C,YLR435W,0,-2.9537215,0.046989720314741135,0.03200000151991844,0.0649000033736229
YLR116W,YMR216C,0,-2.953818,0.04692082107067108,0.03200000151991844,0.06499999761581421
YPL115C,YAL068C,0,-2.9538777,0.046852122992277145,0.03200000151991844,0.06509999930858612
YOR332W,YER159C-A,0,-2.9539015,0.046783626079559326,0.03200000151991844,0.06520000100135803
YDL085W,YDR276C,0,-2.9542754,0.046715326607227325,0.03200000151991844,0.06530000269412994
YPR193C,YGL013C,0,-2.9543498,0.04664723202586174,0.03200000151991844,0.06539999693632126
YIL142W,YDR210W-B,0,-2.9543922,0.046579331159591675,0.03200000151991844,0.06549999862909317
YCL061C,YPL283C,1,-2.9546788,0.047965116798877716,0.032999999821186066,0.06549999862909317
YOR388C,YNR060W,0,-2.9548416,0.04789550229907036,0.032999999821186066,0.06560000032186508
YGR037C,YHR039C-B,0,-2.9548583,0.04782608523964882,0.032999999821186066,0.065700002014637
YML058W-A,YML033W,0,-2.9549472,0.047756873071193695,0.032999999821186066,0.0658000037074089
YIL036W,YGR042W,1,-2.9549778,0.049132946878671646,0.03400000184774399,0.0658000037074089
YJL085W,YER151C,0,-2.9549878,0.04906205087900162,0.03400000184774399,0.06589999794960022
YER019C-A,YLR410W-A,0,-2.955167,0.048991356045007706,0.03400000184774399,0.06599999964237213
YJL208C,YDR210W-A,0,-2.955167,0.04892086237668991,0.03400000184774399,0.06610000133514404
YJR027W,YPL257W-A,0,-2.9553068,0.04885057359933853,0.03400000184774399,0.06620000302791595
YHR186C,YOR088W,0,-2.955547,0.04878048598766327,0.03400000184774399,0.06629999727010727
YIL142W,YCR102C,0,-2.9555657,0.04871060326695442,0.03400000184774399,0.06639999896287918
YOL016C,YHR214C-C,0,-2.9557521,0.048640914261341095,0.03400000184774399,0.06650000065565109
YML081C-A,YHR039C-B,0,-2.956268,0.04857143014669418,0.03400000184774399,0.066600002348423
YDL217C,YOR142W-A,0,-2.9565876,0.04850213974714279,0.03400000184774399,0.06669999659061432
YIL131C,YKL200C,0,-2.9567182,0.04843304678797722,0.03400000184774399,0.06679999828338623
YGR008C,YDR065W,0,-2.956741,0.04836415499448776,0.03400000184774399,0.06689999997615814
YOR149C,YGR122W,0,-2.956778,0.04829545319080353,0.03400000184774399,0.06700000166893005
YFL039C,YLR227W-A,0,-2.9567823,0.04822694882750511,0.03400000184774399,0.06710000336170197
YHR205W,YDR261W-A,0,-2.9568937,0.048158641904592514,0.03400000184774399,0.06719999760389328
YMR134W,YPL206C,0,-2.9571931,0.04809052497148514,0.03400000184774399,0.06729999929666519
YDR225W,YGR161W-A,0,-2.9574227,0.04802259802818298,0.03400000184774399,0.0674000009894371
YGR224W,YGR272C,0,-2.9577172,0.04795486479997635,0.03400000184774399,0.06750000268220901
YLR391W,YDR369C,1,-2.9581165,0.04929577559232712,0.03500000014901161,0.06750000268220901
YDR411C,YIL082W-A,0,-2.9581645,0.049226440489292145,0.03500000014901161,0.06759999692440033
YLR391W-A,YMR070W,1,-2.958214,0.05056179687380791,0.035999998450279236,0.06759999692440033
YNL286W,YML045W,0,-2.9584405,0.050490882247686386,0.035999998450279236,0.06769999861717224
YLR391W-A,YMR284W,1,-2.9584422,0.05182072892785072,0.03700000047683716,0.06769999861717224
YDL099W,YJL114W,0,-2.9585888,0.05174825340509415,0.03700000047683716,0.06780000030994415
YBL006C,YOR008C-A,1,-2.9586666,0.053072623908519745,0.03799999877810478,0.06780000030994415
YPL213W,YCL060C,1,-2.9587023,0.054393306374549866,0.039000000804662704,0.06780000030994415
YJR057W,YBR090C-A,0,-2.958718,0.054317548871040344,0.039000000804662704,0.06790000200271606
YDR138W,YDR499W,1,-2.958839,0.0556328222155571,0.03999999910593033,0.06790000200271606
YHR070W,YNR064C,0,-2.9589949,0.0555555559694767,0.03999999910593033,0.06800000369548798
YOR188W,YCR062W,0,-2.9592915,0.055478502064943314,0.03999999910593033,0.06809999793767929
YNL232W,YPR158C-D,0,-2.9594278,0.05540166050195694,0.03999999910593033,0.0681999996304512
YPL096C-A,YDR508C,0,-2.9597547,0.05532503500580788,0.03999999910593033,0.06830000132322311
YJR078W,YGR272C,0,-2.9598768,0.05524861812591553,0.03999999910593033,0.06840000301599503
YAL007C,YPL257W-A,0,-2.9600961,0.05517241358757019,0.03999999910593033,0.06849999725818634
YKL160W,YGR272C,0,-2.9603217,0.05509641766548157,0.03999999910593033,0.06859999895095825
YIL036W,YLR467W,1,-2.960332,0.05639614909887314,0.04100000113248825,0.06859999895095825
YBL033C,YLL056C,0,-2.9605882,0.05631868168711662,0.04100000113248825,0.06870000064373016
YBR173C,YGR027W-A,0,-2.960653,0.05624142661690712,0.04100000113248825,0.06880000233650208
YDL200C,YOR049C,0,-2.960717,0.05616438388824463,0.04100000113248825,0.06889999657869339
YBR090C-A,YMR005W,0,-2.9608665,0.05608754977583885,0.04100000113248825,0.0689999982714653
YKR076W,YER159C-A,0,-2.9610431,0.05601092800498009,0.04100000113248825,0.06909999996423721
YML132W,YOR005C,0,-2.9613264,0.055934514850378036,0.04100000113248825,0.06920000165700912
YKL022C,YER105C,0,-2.9614456,0.0558583103120327,0.04100000113248825,0.06930000334978104
YOL110W,YPR137C-A,0,-2.961572,0.05578231438994408,0.04100000113248825,0.06939999759197235
YCL044C,YKL057C,0,-2.961651,0.05570652335882187,0.04100000113248825,0.06949999928474426
YHR006W,YOR192C-A,0,-2.9617112,0.05563093721866608,0.04100000113248825,0.06960000097751617
YKL200C,YNL257C,0,-2.9617238,0.0555555559694767,0.04100000113248825,0.06970000267028809
YER005W,YLR227W-A,0,-2.9621031,0.05548037961125374,0.04100000113248825,0.0697999969124794
YNL312W,YHL009W-B,0,-2.9621315,0.055405404418706894,0.04100000113248825,0.06989999860525131
YFL011W-A,YHR061C,0,-2.962165,0.055330634117126465,0.04100000113248825,0.07000000029802322
YDL227C,YJL146W,0,-2.962237,0.05525606498122215,0.04100000113248825,0.07010000199079514
YKL112W,YDR283C,0,-2.9624703,0.05518169701099396,0.04100000113248825,0.07020000368356705
YLR391W-A,YNL229C,1,-2.9629538,0.05645161122083664,0.041999999433755875,0.07020000368356705
YLR368W,YKL200C,0,-2.9630322,0.056375838816165924,0.041999999433755875,0.07029999792575836
YCL055W,YPR055W,0,-2.9630716,0.056300267577171326,0.041999999433755875,0.07039999961853027
YNL036W,YPR137C-A,0,-2.963407,0.05622490122914314,0.041999999433755875,0.07050000131130219
YLR078C,YGR251W,0,-2.9637764,0.05614973232150078,0.041999999433755875,0.0706000030040741
YPL164C,YCL075W,0,-2.9638913,0.05607476457953453,0.041999999433755875,0.07069999724626541
YBR090C-A,YOR047C,0,-2.9639475,0.0560000017285347,0.041999999433755875,0.07079999893903732
YLR319C,YDR439W,0,-2.9639804,0.055925432592630386,0.041999999433755875,0.07090000063180923
YLR378C,YLR157C-B,0,-2.9640305,0.05585106462240219,0.041999999433755875,0.07100000232458115
YLR189C,YOR147W,0,-2.9640944,0.055776894092559814,0.041999999433755875,0.07109999656677246
YGR177C,YFR024C,0,-2.9641643,0.05570291727781296,0.041999999433755875,0.07119999825954437
YPR030W,YDR261W-A,0,-2.964286,0.05562913790345192,0.041999999433755875,0.07129999995231628
YMR069W,YML023C,0,-2.9644277,0.0555555559694767,0.041999999433755875,0.0714000016450882
YOR240W,YMR239C,0,-2.964976,0.055482167750597,0.041999999433755875,0.07150000333786011
YKL034W,YBL005W-A,0,-2.964976,0.05540896952152252,0.041999999433755875,0.07159999758005142
YLR391W-A,YOL109W,1,-2.965009,0.05665349215269089,0.0430000014603138,0.07159999758005142
YNL041C,YMR050C,0,-2.9650881,0.056578949093818665,0.0430000014603138,0.07169999927282333
YKL125W,YGR038C-B,0,-2.965219,0.05650459975004196,0.0430000014603138,0.07180000096559525
YAL055W,YML033W,0,-2.9653273,0.05643044784665108,0.0430000014603138,0.07190000265836716
YFL011W-A,YDL145C,0,-2.9653728,0.056356485933065414,0.0430000014603138,0.07199999690055847
YOR329C,YPR137C-A,0,-2.9654858,0.05628272145986557,0.0430000014603138,0.07209999859333038
YDR034C-D,YNL313C,0,-2.9659443,0.056209150701761246,0.0430000014603138,0.0722000002861023
YDL227C,YAL001C,0,-2.966658,0.05613576993346214,0.0430000014603138,0.0723000019788742
YKL092C,YHR214C-C,0,-2.9666793,0.05606258288025856,0.0430000014603138,0.07240000367164612
YER026C,YOR356W,0,-2.9667728,0.0559895820915699,0.0430000014603138,0.07249999791383743
YLR100W,YDR210W-B,0,-2.9668934,0.05591677501797676,0.0430000014603138,0.07259999960660934
YER094C,YGR161W-A,0,-2.967108,0.055844154208898544,0.0430000014603138,0.07270000129938126
YLR391W,YDR447C,1,-2.9671116,0.05706874281167984,0.04399999976158142,0.07270000129938126
YGL256W,YCL059C,0,-2.9671981,0.05699481815099716,0.04399999976158142,0.07280000299215317
YOR240W,YIL008W,0,-2.9672444,0.056921087205410004,0.04399999976158142,0.07289999723434448
YJR001W,YMR078C,0,-2.9673693,0.05684754624962807,0.04399999976158142,0.0729999989271164
YMR272C,YMR050C,0,-2.9675186,0.05677419528365135,0.04399999976158142,0.0731000006198883
YMR047C,YCL003W,0,-2.9678078,0.05670103058218956,0.04399999976158142,0.07320000231266022
YGL136C,YGL039W,1,-2.9678943,0.057915057986974716,0.04500000178813934,0.07320000231266022
YCR020W-B,YHR167W,1,-2.9681041,0.05912596359848976,0.04600000008940697,0.07320000231266022
YCL012W,YOR099W,0,-2.9681604,0.0590500645339489,0.04600000008940697,0.07329999655485153
YGL155W,YDR098C-B,0,-2.9681795,0.058974359184503555,0.04600000008940697,0.07339999824762344
YPL249C,YKL129C,0,-2.968239,0.05889884755015373,0.04600000008940697,0.07349999994039536
YLR391W-A,YMR190C,1,-2.9682436,0.060102302581071854,0.04699999839067459,0.07349999994039536
YMR048W,YFL002W-A,0,-2.9682791,0.060025542974472046,0.04699999839067459,0.07360000163316727
YIL031W,YOL103W-A,0,-2.968302,0.05994898080825806,0.04699999839067459,0.07370000332593918
YOL090W,YHR023W,0,-2.9683406,0.05987261235713959,0.04699999839067459,0.0737999975681305
YHR026W,YOR142W-B,0,-2.9685774,0.05979643762111664,0.04699999839067459,0.0738999992609024
YMR016C,YCR062W,0,-2.9687417,0.05972045660018921,0.04699999839067459,0.07400000095367432
YGR013W,YMR134W,0,-2.968826,0.0596446692943573,0.04699999839067459,0.07410000264644623
YNL079C,YOR142W-B,0,-2.9690368,0.05956907570362091,0.04699999839067459,0.07419999688863754
YGR119C,YBL100W-B,0,-2.969143,0.05949367210268974,0.04699999839067459,0.07429999858140945
YDR421W,YPL275W,0,-2.969186,0.0594184584915638,0.04699999839067459,0.07440000027418137
YGR257C,YBL100W-A,0,-2.9696338,0.05934343487024307,0.04699999839067459,0.07450000196695328
YML103C,YOR088W,0,-2.9700296,0.05926860123872757,0.04699999839067459,0.07460000365972519
YJL095W,YJL114W,0,-2.9702575,0.05919395387172699,0.04699999839067459,0.0746999979019165
YJL122W,YLR410W-A,0,-2.9703355,0.05911949649453163,0.04699999839067459,0.07479999959468842
YJL129C,YHL012W,1,-2.9704301,0.060301508754491806,0.04800000041723251,0.07479999959468842
YNL041C,YCL020W,0,-2.9704463,0.060225848108530045,0.04800000041723251,0.07490000128746033
YML015C,YIL017W,0,-2.9705255,0.060150377452373505,0.04800000041723251,0.07500000298023224
YMR267W,YOR192C-B,0,-2.9705527,0.06007509306073189,0.04800000041723251,0.07509999722242355
YDR123C,YKL200C,0,-2.9709003,0.05999999865889549,0.04800000041723251,0.07519999891519547
YPL008W,YFR024C,0,-2.9713757,0.05992509424686432,0.04800000041723251,0.07530000060796738
YCR055C,YKL178C,0,-2.9716918,0.05985037237405777,0.04800000041723251,0.07540000230073929
YDR170C,YMR087W,0,-2.9718988,0.05977584049105644,0.04800000041723251,0.0754999965429306
YBL030C,YMR089C,0,-2.9721348,0.05970149114727974,0.04800000041723251,0.07559999823570251
YPL235W,YCR102C,0,-2.9721987,0.05962732806801796,0.04800000041723251,0.07569999992847443
YDR264C,YAR009C,0,-2.9724352,0.0595533512532711,0.04800000041723251,0.07580000162124634
YGR033C,YMR050C,0,-2.97271,0.05947955325245857,0.04800000041723251,0.07590000331401825
YHR164C,YBL088C,1,-2.9727156,0.06064356490969658,0.04899999871850014,0.07590000331401825
YGR140W,YDR170W-A,0,-2.973541,0.06056860461831093,0.04899999871850014,0.07599999755620956
YBL058W,YOR008C-A,1,-2.9735658,0.06172839552164078,0.05000000074505806,0.07599999755620956
YBR256C,YPL276W,0,-2.9738324,0.061652280390262604,0.05000000074505806,0.07609999924898148
YIL062C,YCL033C,0,-2.973883,0.06157635524868965,0.05000000074505806,0.07620000094175339
YNL243W,YOR008C-A,1,-2.9743304,0.06273062527179718,0.050999999046325684,0.07620000094175339
YGL099W,YGR161C-D,0,-2.9743392,0.0626535639166832,0.050999999046325684,0.0763000026345253
YOR340C,YAR044W,0,-2.9744432,0.06257668882608414,0.050999999046325684,0.07639999687671661
YHR014W,YOR088W,0,-2.9748902,0.0625,0.050999999046325684,0.07649999856948853
YGR086C,YDR261W-A,0,-2.975364,0.062423501163721085,0.050999999046325684,0.07660000026226044
YLR196W,YDR316W-B,0,-2.9754598,0.06234718859195709,0.050999999046325684,0.07670000195503235
YJR118C,YOR338W,0,-2.9759283,0.06227106228470802,0.050999999046325684,0.07680000364780426
YMR199W,YDR055W,0,-2.9762046,0.06219512224197388,0.050999999046325684,0.07689999788999557
YBR065C,YDR432W,0,-2.9766557,0.062119368463754654,0.050999999046325684,0.07699999958276749
YDR421W,YLR312C-B,0,-2.9768856,0.062043797224760056,0.050999999046325684,0.0771000012755394
YPL254W,YKR059W,1,-2.977329,0.06318347156047821,0.052000001072883606,0.0771000012755394
YMR128W,YCR072C,0,-2.9781573,0.06310679763555527,0.052000001072883606,0.07720000296831131
YER030W,YJL074C,0,-2.9783108,0.06303030252456665,0.052000001072883606,0.07729999721050262
YCR048W,YJL114W,0,-2.9783616,0.06295399367809296,0.052000001072883606,0.07739999890327454
YML049C,YFL017W-A,0,-2.9784043,0.06287787109613419,0.052000001072883606,0.07750000059604645
YGL018C,YAR044W,0,-2.9785163,0.06280193477869034,0.052000001072883606,0.07760000228881836
YKL082C,YCR102C,0,-2.9787695,0.06272617727518082,0.052000001072883606,0.07769999653100967
YEL042W,YGL120C,0,-2.9787858,0.06265060603618622,0.052000001072883606,0.07779999822378159
YAR018C,YBR030W,0,-2.9788306,0.06257521361112595,0.052000001072883606,0.0778999999165535
YLR216C,YPL276W,0,-2.9788315,0.0625,0.052000001072883606,0.07800000160932541
YPR175W,YKL088W,0,-2.9791255,0.06242496892809868,0.052000001072883606,0.07810000330209732
YLL061W,YDL109C,0,-2.9792962,0.06235012039542198,0.052000001072883606,0.07819999754428864
YML103C,YDR217C,0,-2.9795856,0.06227545067667961,0.052000001072883606,0.07829999923706055
YIL049W,YBR090C-A,0,-2.9798565,0.06220095604658127,0.052000001072883606,0.07840000092983246
YPL152W,YAR009C,0,-2.9800138,0.06212664395570755,0.052000001072883606,0.07850000262260437
YDR424C,YMR087W,0,-2.9800947,0.06205250695347786,0.052000001072883606,0.07859999686479568
YIL131C,YML033W,0,-2.9800985,0.0619785450398922,0.052000001072883606,0.0786999985575676
YBR267W,YER074W-A,0,-2.9804184,0.06190476194024086,0.052000001072883606,0.07880000025033951
YLR391W,YML062C,1,-2.980559,0.06302021443843842,0.05299999937415123,0.07880000025033951
YDL227C,YCL003W,0,-2.9806018,0.06294536590576172,0.05299999937415123,0.07890000194311142
YOR113W,YOR088W,0,-2.980633,0.06287069618701935,0.05299999937415123,0.07900000363588333
YCL016C,YLR318W,1,-2.9807305,0.06398104131221771,0.05400000140070915,0.07900000363588333
YCR071C,YDR115W,1,-2.9807887,0.06508875638246536,0.054999999701976776,0.07900000363588333
YOL145C,YGR054W,0,-2.9808605,0.06501182168722153,0.054999999701976776,0.07909999787807465
YJR121W,YMR210W,0,-2.9814246,0.06493506580591202,0.054999999701976776,0.07919999957084656
YIL123W,YOL129W,0,-2.9814613,0.06485848873853683,0.054999999701976776,0.07930000126361847
YGR179C,YHR196W,0,-2.9814785,0.06478209793567657,0.054999999701976776,0.07940000295639038
YIR006C,YDR388W,0,-2.9816525,0.06470588594675064,0.054999999701976776,0.0794999971985817
YEL027W,YER052C,0,-2.9818795,0.06462984532117844,0.054999999701976776,0.07959999889135361
YBR112C,YEL057C,1,-2.9821002,0.06572769582271576,0.0560000017285347,0.07959999889135361
YFL035C,YKR097W,0,-2.9821024,0.06565064191818237,0.0560000017285347,0.07970000058412552
YGR216C,YHL003C,0,-2.982642,0.06557376682758331,0.0560000017285347,0.07980000227689743
YJL059W,YCR061W,0,-2.982971,0.06549707800149918,0.0560000017285347,0.07989999651908875
YKR059W,YDR369C,1,-2.983468,0.06658878177404404,0.05700000002980232,0.07989999651908875
YPR110C,YGR038C-B,0,-2.9840016,0.06651108711957932,0.05700000002980232,0.07999999821186066
YDR038C,YKL138C-A,0,-2.9840183,0.06643356382846832,0.05700000002980232,0.08009999990463257
YGR244C,YML033W,0,-2.9841027,0.06635622680187225,0.05700000002980232,0.08020000159740448
YDL095W,YPL124W,0,-2.9841478,0.06627906858921051,0.05700000002980232,0.08030000329017639
YOL023W,YML033W,0,-2.9843462,0.0662020891904831,0.05700000002980232,0.0803999975323677
YDR483W,YOL103W-A,0,-2.9844115,0.06612528860569,0.05700000002980232,0.08049999922513962
YPR055W,YGR122W,0,-2.9846203,0.06604866683483124,0.05700000002980232,0.08060000091791153
YLR129W,YJL208C,0,-2.984765,0.0659722238779068,0.05700000002980232,0.08070000261068344
YDL083C,YEL057C,1,-2.9847753,0.06705202162265778,0.057999998331069946,0.08070000261068344
YCL039W,YDR272W,0,-2.9848995,0.06697459518909454,0.057999998331069946,0.08079999685287476
YJL018W,YHR111W,0,-2.984937,0.06689734756946564,0.057999998331069946,0.08089999854564667
YOL121C,YKR059W,1,-2.9857445,0.0679723471403122,0.05900000035762787,0.08089999854564667
YDR085C,YJL141C,0,-2.9857814,0.06789413094520569,0.05900000035762787,0.08100000023841858
YAL047C,YCL019W,0,-2.9859073,0.06781609356403351,0.05900000035762787,0.08110000193119049
YLR216C,YMR045C,0,-2.9860857,0.06773823499679565,0.05900000035762787,0.0812000036239624
YLR459W,YCR028C-A,0,-2.9862502,0.06766054779291153,0.05900000035762787,0.08129999786615372
YNL282W,YBR153W,0,-2.9863653,0.06758304685354233,0.05900000035762787,0.08139999955892563
YBR097W,YEL057C,1,-2.9865434,0.06864988803863525,0.05999999865889549,0.08139999955892563
YGR134W,YJR035W,0,-2.9865987,0.06857142597436905,0.05999999865889549,0.08150000125169754
YPL082C,YFL059W,0,-2.9867969,0.06849315017461777,0.05999999865889549,0.08160000294446945
YOR026W,YER138C,0,-2.9868672,0.06841505318880081,0.05999999865889549,0.08169999718666077
YBR142W,YLR145W,0,-2.9871182,0.06833712756633759,0.05999999865889549,0.08179999887943268
YPR036W,YAR009C,0,-2.9875844,0.06825938820838928,0.05999999865889549,0.08190000057220459
YNR030W,YLR319C,0,-2.987592,0.06818182021379471,0.05999999865889549,0.0820000022649765
YMR078C,YDR451C,0,-2.9876087,0.06810442358255386,0.05999999865889549,0.08209999650716782
YLR095C,YLR071C,0,-2.9877079,0.06802721321582794,0.05999999865889549,0.08219999819993973
YGR082W,YDR316W-B,0,-2.9879024,0.06795016676187515,0.05999999865889549,0.08229999989271164
YMR172W,YHR214C-B,0,-2.987919,0.06787330657243729,0.05999999865889549,0.08240000158548355
YDR138W,YBR279W,1,-2.9879305,0.06892655044794083,0.061000000685453415,0.08240000158548355
YDR235W,YPL276W,0,-2.9884017,0.06884875893592834,0.061000000685453415,0.08250000327825546
YGL180W,YML132W,0,-2.9884398,0.06877113878726959,0.061000000685453415,0.08259999752044678
YOL060C,YCL074W,0,-2.9887323,0.06869369000196457,0.061000000685453415,0.08269999921321869
YOL065C,YDR131C,0,-2.989069,0.06861642003059387,0.061000000685453415,0.0828000009059906
YLR265C,YER087C-A,0,-2.9891727,0.0685393288731575,0.061000000685453415,0.08290000259876251
YBL009W,YLR381W,0,-2.9892685,0.06846240162849426,0.061000000685453415,0.08299999684095383
YBR245C,YAR044W,0,-2.9892726,0.06838565319776535,0.061000000685453415,0.08309999853372574
YPL187W,YCL033C,0,-2.9893897,0.06830906867980957,0.061000000685453415,0.08320000022649765
YFL057C,YPR168W,0,-2.9895885,0.06823266297578812,0.061000000685453415,0.08330000191926956
YEL050C,YOR192C-B,0,-2.989691,0.0681564211845398,0.061000000685453415,0.08340000361204147
YOR193W,YNR064C,0,-2.9902074,0.0680803582072258,0.061000000685453415,0.08349999785423279
YML031W,YCL019W,0,-2.9911716,0.06800445914268494,0.061000000685453415,0.0835999995470047
YHR006W,YGR122W,0,-2.9916122,0.0679287314414978,0.061000000685453415,0.08370000123977661
YPR041W,YCL019W,0,-2.991623,0.0678531676530838,0.061000000685453415,0.08380000293254852
YPL176C,YPR137C-A,0,-2.9917667,0.06777777522802353,0.061000000685453415,0.08389999717473984
YNL307C,YPR133W-A,0,-2.9918385,0.06770255416631699,0.061000000685453415,0.08399999886751175
YHR006W,YPR158W-A,0,-2.9921157,0.06762749701738358,0.061000000685453415,0.08410000056028366
YDL208W,YGR089W,0,-2.9924095,0.0675526037812233,0.061000000685453415,0.08420000225305557
YOL130W,YCL027W,0,-2.9925835,0.06747787445783615,0.061000000685453415,0.08429999649524689
YAR033W,YIL119C,0,-2.992692,0.06740331649780273,0.061000000685453415,0.0843999981880188
YMR303C,YKR097W,0,-2.9928179,0.06732891499996185,0.061000000685453415,0.08449999988079071
YNR019W,YJL026W,0,-2.9928818,0.0672546848654747,0.061000000685453415,0.08460000157356262
YHR175W,YLR139C,0,-2.9933584,0.06718061864376068,0.061000000685453415,0.08470000326633453
YGL016W,YDR065W,0,-2.993759,0.0671067088842392,0.061000000685453415,0.08479999750852585
YAL021C,YDR432W,0,-2.9938695,0.06703297048807144,0.061000000685453415,0.08489999920129776
YBR156C,YMR106C,1,-2.993886,0.06805708259344101,0.06199999898672104,0.08489999920129776
YGL096W,YDR325W,0,-2.9948323,0.06798245757818222,0.06199999898672104,0.08500000089406967
YDR156W,YGR072W,1,-2.9949477,0.06900328397750854,0.06300000101327896,0.08500000089406967
YDL165W,YBR012W-A,0,-2.9949546,0.06892778724431992,0.06300000101327896,0.08510000258684158
YLR216C,YKL086W,0,-2.9950836,0.06885246187448502,0.06300000101327896,0.0851999968290329
YKL200C,YDL064W,0,-2.9952972,0.06877729296684265,0.06300000101327896,0.08529999852180481
YOR144C,YPL283C,1,-2.99532,0.06979279965162277,0.06400000303983688,0.08529999852180481
YFR055W,YLR249W,0,-2.9953563,0.06971677392721176,0.06400000303983688,0.08540000021457672
YKL134C,YER138C,0,-2.9954054,0.06964091211557388,0.06400000303983688,0.08550000190734863
YNL148C,YLR312C-B,0,-2.995597,0.06956521421670914,0.06400000303983688,0.08560000360012054
YGR278W,YML033W,0,-2.9956143,0.06948968768119812,0.06400000303983688,0.08569999784231186
YOR213C,YDR065W,0,-2.9957392,0.06941431760787964,0.06400000303983688,0.08579999953508377
YPL237W,YLR132C,0,-2.995802,0.06933911144733429,0.06400000303983688,0.08590000122785568
YJL092W,YNL044W,0,-2.9958036,0.06926406919956207,0.06400000303983688,0.0860000029206276
YDR082W,YDR545W,1,-2.9959276,0.07027027010917664,0.06499999761581421,0.0860000029206276
YDR356W,YIL017W,0,-2.9960039,0.07019438594579697,0.06499999761581421,0.08609999716281891
YDR138W,YML097C,1,-2.9961386,0.07119741290807724,0.06599999964237213,0.08609999716281891
YJL125C,YCL054W,0,-2.9961548,0.07112068682909012,0.06599999964237213,0.08619999885559082
YKL022C,YBL103C,0,-2.996174,0.07104413211345673,0.06599999964237213,0.08630000054836273
YOR174W,YBR090C-A,0,-2.9965956,0.07096774131059647,0.06599999964237213,0.08640000224113464
YJL194W,YNL284C-B,0,-2.9966605,0.07089151442050934,0.06599999964237213,0.08649999648332596
YKL138C-A,YNL044W,0,-2.9970567,0.07081545144319534,0.06599999964237213,0.08659999817609787
YGR218W,YCL062W,0,-2.9973695,0.07073955237865448,0.06599999964237213,0.08669999986886978
YDR276C,YOR162C,0,-2.9977343,0.07066380977630615,0.06599999964237213,0.0868000015616417
YPL262W,YML027W,0,-2.997873,0.07058823853731155,0.06599999964237213,0.0869000032544136
YNL070W,YOR088W,0,-2.9983246,0.07051282376050949,0.06599999964237213,0.08699999749660492
YNL126W,YBR012W-A,0,-2.9984446,0.07043756544589996,0.06599999964237213,0.08709999918937683
YOL017W,YHR012W,0,-2.998997,0.07036247104406357,0.06599999964237213,0.08720000088214874
YDL022W,YNL333W,0,-2.99904,0.0702875405550003,0.06599999964237213,0.08730000257492065
YGL075C,YDR346C,0,-2.9991934,0.07021276652812958,0.06599999964237213,0.08739999681711197
YIL079C,YHR118C,0,-2.9992955,0.07013814896345139,0.06599999964237213,0.08749999850988388
YAL025C,YML107C,0,-2.9994776,0.07006369531154633,0.06599999964237213,0.08760000020265579
YDL227C,YGR251W,0,-2.999558,0.0699893981218338,0.06599999964237213,0.0877000018954277
YDR224C,YOR326W,0,-2.9997141,0.06991525739431381,0.06599999964237213,0.08780000358819962
YIL123W,YKL035W,0,-2.999745,0.06984127312898636,0.06599999964237213,0.08789999783039093
YBR195C,YJR027W,0,-2.9998453,0.06976744532585144,0.06599999964237213,0.08799999952316284
YLR231C,YGR272C,0,-2.9999897,0.06969376653432846,0.06599999964237213,0.08810000121593475
YNL097C,YJR066W,0,-3.0001607,0.06962025165557861,0.06599999964237213,0.08820000290870667
YMR069W,YNL247W,0,-3.0004094,0.0695468932390213,0.06599999964237213,0.08829999715089798
YBR162C,YDL109C,0,-3.000498,0.06947368383407593,0.06599999964237213,0.08839999884366989
YMR032W,YFL002W-A,0,-3.0006108,0.06940063089132309,0.06599999964237213,0.0885000005364418
YKL213C,YHR004C,0,-3.000674,0.06932773441076279,0.06599999964237213,0.08860000222921371
YNL167C,YHR106W,0,-3.001015,0.06925498694181442,0.06599999964237213,0.08869999647140503
YFR036W,YHR072W-A,0,-3.0010388,0.069182388484478,0.06599999964237213,0.08879999816417694
YGR109C,YFR002W,0,-3.0015075,0.0691099464893341,0.06599999964237213,0.08889999985694885
YMR095C,YBR012W-A,0,-3.0015097,0.06903765350580215,0.06599999964237213,0.08900000154972076
YKR101W,YCL075W,0,-3.0018933,0.06896551698446274,0.06599999964237213,0.08910000324249268
YJL089W,YBR111W-A,0,-3.0020716,0.06889352947473526,0.06599999964237213,0.08919999748468399
YNL245C,YKR101W,0,-3.0021558,0.06882169097661972,0.06599999964237213,0.0892999991774559
YML077W,YHR154W,0,-3.0023382,0.06875000149011612,0.06599999964237213,0.08940000087022781
YGL226C-A,YAL068C,0,-3.0027375,0.06867846101522446,0.06599999964237213,0.08950000256299973
YCL031C,YOL124C,0,-3.0030158,0.06860706955194473,0.06599999964237213,0.08959999680519104
YPL049C,YOR008C-A,1,-3.003207,0.06957424432039261,0.06700000166893005,0.08959999680519104
YLR009W,YKL081W,0,-3.003251,0.0695020779967308,0.06700000166893005,0.08969999849796295
YAL010C,YOR008C-A,1,-3.0033066,0.07046632468700409,0.06800000369548798,0.08969999849796295
YFL021W,YMR134W,0,-3.0033305,0.07039337605237961,0.06800000369548798,0.08980000019073486
YML058W-A,YBL050W,0,-3.004035,0.07032057642936707,0.06800000369548798,0.08990000188350677
YHR163W,YKL075C,0,-3.0043976,0.07024793326854706,0.06800000369548798,0.09000000357627869
YOR317W,YOL042W,0,-3.0053778,0.07017543911933899,0.06800000369548798,0.09009999781847
YLR047C,YDR434W,0,-3.0057983,0.07010309398174286,0.06800000369548798,0.09019999951124191
YPL270W,YHR214C-C,0,-3.0059116,0.07003089785575867,0.06800000369548798,0.09030000120401382
YPL209C,YML039W,0,-3.0059261,0.06995885074138641,0.06800000369548798,0.09040000289678574
YGR002C,YIL017W,0,-3.0061243,0.0698869451880455,0.06800000369548798,0.09049999713897705
YLR115W,YPL249C,0,-3.0066152,0.06981519609689713,0.06800000369548798,0.09059999883174896
YER108C,YBR168W,0,-3.006769,0.06974358856678009,0.06800000369548798,0.09070000052452087
YPR154W,YHR138C,0,-3.00677,0.069672130048275,0.06800000369548798,0.09080000221729279
YDR264C,YHR214C-B,0,-3.006892,0.06960082054138184,0.06800000369548798,0.0908999964594841
YPR046W,YER087C-A,0,-3.0070984,0.06952965259552002,0.06800000369548798,0.09099999815225601
YKL220C,YLR451W,0,-3.007229,0.06945863366127014,0.06800000369548798,0.09109999984502792
YOR240W,YIL070C,0,-3.0072834,0.0693877562880516,0.06800000369548798,0.09120000153779984
YMR267W,YDR065W,0,-3.0073507,0.06931702047586441,0.06800000369548798,0.09130000323057175
YLR148W,YDR369C,1,-3.0074995,0.07026476413011551,0.0689999982714653,0.09130000323057175
YNL302C,YGR038C-B,0,-3.0075817,0.07019328325986862,0.0689999982714653,0.09139999747276306
YGR147C,YNR064C,0,-3.007727,0.07012195140123367,0.0689999982714653,0.09149999916553497
YLR231C,YBL005W-A,0,-3.008001,0.07005076110363007,0.0689999982714653,0.09160000085830688
YMR199W,YOR088W,0,-3.0081623,0.0699797123670578,0.0689999982714653,0.0917000025510788
YBR049C,YJR063W,0,-3.0083778,0.06990881264209747,0.0689999982714653,0.09179999679327011
YGL016W,YIL008W,0,-3.0083992,0.06983805447816849,0.0689999982714653,0.09189999848604202
YDR143C,YGR185C,0,-3.0085049,0.06976744532585144,0.0689999982714653,0.09200000017881393
YOR198C,YLR157C-B,0,-3.00857,0.06969697028398514,0.0689999982714653,0.09210000187158585
YDL020C,YDL077C,1,-3.0086906,0.07063572108745575,0.07000000029802322,0.09210000187158585
YKL149C,YOR328W,0,-3.0087037,0.07056451588869095,0.07000000029802322,0.09220000356435776
YCR020W-B,YML060W,1,-3.0090735,0.0715005025267601,0.07100000232458115,0.09220000356435776
YOR341W,YML039W,0,-3.0092947,0.0714285746216774,0.07100000232458115,0.09229999780654907
YCR072C,YLR022C,0,-3.0093777,0.07135678082704544,0.07100000232458115,0.09239999949932098
YDR325W,YJL114W,0,-3.0094697,0.07128514349460602,0.07100000232458115,0.0925000011920929
YBR083W,YJR120W,0,-3.0095155,0.07121364027261734,0.07100000232458115,0.09260000288486481
YDR159W,YDR207C,0,-3.0100577,0.0711422860622406,0.07100000232458115,0.09269999712705612
YKL134C,YDL097C,0,-3.0100706,0.0710710734128952,0.07100000232458115,0.09279999881982803
YBL075C,YOR162C,0,-3.0101528,0.07100000232458115,0.07100000232458115,0.09290000051259995
YGL090W,YMR305C,0,-3.010507,0.07092907279729843,0.07100000232458115,0.09300000220537186
YMR290C,YNL163C,0,-3.0105345,0.07085828483104706,0.07100000232458115,0.09309999644756317
YFR052W,YER103W,0,-3.010658,0.07078763842582703,0.07100000232458115,0.09319999814033508
YGR103W,YGR063C,0,-3.010722,0.07071713358163834,0.07100000232458115,0.093299999833107
YFR030W,YPL276W,0,-3.0108972,0.07064676284790039,0.07100000232458115,0.0934000015258789
YAL068C,YER169W,0,-3.0111828,0.07057654112577438,0.07100000232458115,0.09350000321865082
YBR215W,YCR102C,0,-3.011259,0.07050645351409912,0.07100000232458115,0.09359999746084213
YML058W-A,YDR116C,0,-3.0116522,0.0704365074634552,0.07100000232458115,0.09369999915361404
YNL229C,YDL118W,1,-3.011888,0.07135777920484543,0.07199999690055847,0.09369999915361404
YFL041W,YMR089C,0,-3.0120301,0.0712871253490448,0.07199999690055847,0.09380000084638596
YML057W,YBR161W,0,-3.0120356,0.07121662050485611,0.07199999690055847,0.09390000253915787
YGR175C,YKR053C,0,-3.012315,0.07114624232053757,0.07199999690055847,0.09399999678134918
YGR200C,YOR305W,0,-3.0123537,0.07107601314783096,0.07199999690055847,0.0940999984741211
YOR038C,YMR011W,0,-3.0124104,0.0710059180855751,0.07199999690055847,0.094200000166893
YKL005C,YAR044W,0,-3.0127497,0.07093595713376999,0.07199999690055847,0.09430000185966492
YBR110W,YMR035W,0,-3.0129325,0.07086614519357681,0.07199999690055847,0.09440000355243683
YKR099W,YDR311W,0,-3.012982,0.07079645991325378,0.07199999690055847,0.09449999779462814
YOR173W,YDR096W,0,-3.0133178,0.0707269161939621,0.07199999690055847,0.09459999948740005
YNL232W,YBR017C,0,-3.0140984,0.07065750658512115,0.07199999690055847,0.09470000118017197
YNR016C,YGL226C-A,0,-3.01456,0.07058823853731155,0.07199999690055847,0.09480000287294388
YBR267W,YEL054C,0,-3.0146077,0.0705190971493721,0.07199999690055847,0.09489999711513519
YAL002W,YPL276W,0,-3.0147846,0.07045009732246399,0.07199999690055847,0.0949999988079071
YER012W,YLR301W,0,-3.0149152,0.07038123160600662,0.07199999690055847,0.09510000050067902
YCR028C,YAR010C,0,-3.015087,0.0703125,0.07199999690055847,0.09520000219345093
YPL096C-A,YNL099C,0,-3.015506,0.07024390250444412,0.07199999690055847,0.09529999643564224
YOL090W,YKR101W,0,-3.015688,0.07017543911933899,0.07199999690055847,0.09539999812841415
YBR136W,YDL077C,1,-3.0157373,0.07108081877231598,0.0729999989271164,0.09539999812841415
YLL003W,YOR047C,0,-3.0160441,0.07101166993379593,0.0729999989271164,0.09549999982118607
YOR310C,YER149C,0,-3.0163515,0.07094266265630722,0.0729999989271164,0.09560000151395798
YGR044C,YAR044W,0,-3.0164325,0.07087378948926926,0.0729999989271164,0.09570000320672989
YCR107W,YBR026C,0,-3.0165327,0.07080504298210144,0.0729999989271164,0.0957999974489212
YBR196C,YNL313C,0,-3.0167396,0.07073643058538437,0.0729999989271164,0.09589999914169312
YKL082C,YJR027W,0,-3.0169077,0.07066795974969864,0.0729999989271164,0.09600000083446503
YOL043C,YML045W,0,-3.0171697,0.07059961557388306,0.0729999989271164,0.09610000252723694
YGR083C,YBL100W-A,0,-3.0171773,0.07053139805793762,0.0729999989271164,0.09619999676942825
YLR144C,YLL017W,0,-3.0173562,0.07046332210302353,0.0729999989271164,0.09629999846220016
YMR036C,YCL019W,0,-3.01738,0.07039537280797958,0.0729999989271164,0.09640000015497208
YGR225W,YDR077W,0,-3.0174563,0.07032755017280579,0.0729999989271164,0.09650000184774399
YGR037C,YML092C,0,-3.0176876,0.07025986164808273,0.0729999989271164,0.0966000035405159
YGL178W,YLR219W,0,-3.0177279,0.07019230723381042,0.0729999989271164,0.09669999778270721
YDR101C,YLL035W,0,-3.0178363,0.07012487947940826,0.0729999989271164,0.09679999947547913
YLR384C,YKR081C,0,-3.0179737,0.07005757838487625,0.0729999989271164,0.09690000116825104
YGL181W,YBL100W-B,0,-3.018098,0.06999041140079498,0.0729999989271164,0.09700000286102295
YPR128C,YNL111C,0,-3.0181806,0.06992337107658386,0.0729999989271164,0.09709999710321426
YPL016W,YLL056C,0,-3.0181987,0.06985645741224289,0.0729999989271164,0.09719999879598618
YER015W,YBR159W,0,-3.018201,0.06978967785835266,0.0729999989271164,0.09730000048875809
YDR427W,YMR045C,0,-3.0187151,0.06972301751375198,0.0729999989271164,0.09740000218153
YAL031C,YKL138C-A,0,-3.0189059,0.06965649127960205,0.0729999989271164,0.09749999642372131
YGR088W,YBR037C,0,-3.0189927,0.06959008425474167,0.0729999989271164,0.09759999811649323
YDR254W,YGR088W,0,-3.019268,0.06952381134033203,0.0729999989271164,0.09769999980926514
YER172C,YDR065W,0,-3.019308,0.06945765763521194,0.0729999989271164,0.09780000150203705
YPR001W,YMR087W,0,-3.01931,0.0693916380405426,0.0729999989271164,0.09790000319480896
YNL172W,YDR207C,0,-3.0194566,0.06932573765516281,0.0729999989271164,0.09799999743700027
YPL217C,YKL125W,0,-3.0195708,0.06925996392965317,0.0729999989271164,0.09809999912977219
YER174C,YOR147W,0,-3.0195715,0.06919430941343307,0.0729999989271164,0.0982000008225441
YKL194C,YJR141W,0,-3.0196784,0.06912878900766373,0.0729999989271164,0.09830000251531601
YGL183C,YDL085W,0,-3.0200868,0.06906338781118393,0.0729999989271164,0.09839999675750732
YOR290C,YML007W,0,-3.0200982,0.06899811327457428,0.0729999989271164,0.09849999845027924
YAR019C,YMR045C,0,-3.02012,0.06893295794725418,0.0729999989271164,0.09860000014305115
YIL109C,YLL017W,0,-3.0206826,0.06886792182922363,0.0729999989271164,0.09870000183582306
YAR033W,YIL117C,0,-3.0212054,0.06880301237106323,0.0729999989271164,0.09880000352859497
YIL076W,YJR028W,0,-3.0215771,0.06873822957277298,0.0729999989271164,0.09889999777078629
YBR233W-A,YBR111W-A,0,-3.0220828,0.06867356598377228,0.0729999989271164,0.0989999994635582
YOL090W,YBR073W,0,-3.022187,0.06860902160406113,0.0729999989271164,0.09910000115633011
YBL045C,YDR306C,0,-3.0223708,0.06854460388422012,0.0729999989271164,0.09920000284910202
YJR007W,YDR449C,0,-3.0223753,0.06848029792308807,0.0729999989271164,0.09929999709129333
YBL050W,YOR162C,0,-3.0225272,0.06841611862182617,0.0729999989271164,0.09939999878406525
YJL102W,YGR044C,0,-3.0226676,0.06835205852985382,0.0729999989271164,0.09950000047683716
YFL024C,YJR028W,0,-3.0227058,0.06828811764717102,0.0729999989271164,0.09960000216960907
YDL022W,YKL043W,0,-3.0227435,0.06822429597377777,0.0729999989271164,0.09969999641180038
YGL211W,YBR111W-A,0,-3.02306,0.06816060096025467,0.0729999989271164,0.0997999981045723
YCR020C,YBR012W-A,0,-3.023652,0.06809701770544052,0.0729999989271164,0.09989999979734421
YDR301W,YDR263C,0,-3.0240507,0.06803355365991592,0.0729999989271164,0.10000000149011612
YDL175C,YPL096C-A,0,-3.0242107,0.06797020137310028,0.0729999989271164,0.10010000318288803
YPL018W,YBR126C,0,-3.0243347,0.06790697574615479,0.0729999989271164,0.10019999742507935
YLR215C,YEL020W-A,0,-3.0244455,0.06784386932849884,0.0729999989271164,0.10029999911785126
YER032W,YJL074C,0,-3.0244756,0.06778087466955185,0.0729999989271164,0.10040000081062317
YER087C-B,YJL080C,0,-3.024492,0.06771799921989441,0.0729999989271164,0.10050000250339508
YPL093W,YDL109C,0,-3.0245893,0.06765523552894592,0.0729999989271164,0.1005999967455864
YDR346C,YIL017W,0,-3.0249891,0.06759259104728699,0.0729999989271164,0.1006999984383583
YKL062W,YPR191W,0,-3.025048,0.0675300657749176,0.0729999989271164,0.10080000013113022
YHR094C,YHR154W,0,-3.0251486,0.06746765226125717,0.0729999989271164,0.10090000182390213
YLR148W,YGL039W,1,-3.0253854,0.06832871586084366,0.07400000095367432,0.10090000182390213
YMR021C,YCL019W,0,-3.025515,0.06826568394899368,0.07400000095367432,0.10100000351667404
YNR057C,YOR088W,0,-3.0257237,0.06820276379585266,0.07400000095367432,0.10109999775886536
YDR503C,YDR400W,0,-3.0257819,0.06813996285200119,0.07400000095367432,0.10119999945163727
YPL254W,YLR150W,1,-3.0258007,0.06899724155664444,0.07500000298023224,0.10119999945163727
YIL061C,YGR059W,0,-3.0258777,0.06893382221460342,0.07500000298023224,0.10130000114440918
YLR467W,YEL057C,1,-3.0258865,0.06978879868984222,0.07599999755620956,0.10130000114440918
YHL009C,YGR251W,0,-3.026138,0.06972476840019226,0.07599999755620956,0.10140000283718109
YAL011W,YER138C,0,-3.026293,0.06966086477041245,0.07599999755620956,0.1014999970793724
YDL030W,YDR167W,0,-3.0264175,0.06959707289934158,0.07599999755620956,0.10159999877214432
YHR023W,YLR275W,0,-3.0266764,0.06953339278697968,0.07599999755620956,0.10170000046491623
YFR013W,YBR090C-A,0,-3.0267475,0.06946983188390732,0.07599999755620956,0.10180000215768814
YFL057C,YIL135C,0,-3.0268443,0.06940639019012451,0.07599999755620956,0.10189999639987946
YKL200C,YPR144C,0,-3.0269835,0.06934306770563126,0.07599999755620956,0.10199999809265137
YLR158C,YML039W,0,-3.0269856,0.06927985697984695,0.07599999755620956,0.10209999978542328
YLR186W,YDR527W,0,-3.0269945,0.0692167580127716,0.07599999755620956,0.10220000147819519
YPR005C,YML039W,0,-3.0269957,0.06915377825498581,0.07599999755620956,0.1023000031709671
YOL080C,YDR478W,0,-3.0270135,0.06909091025590897,0.07599999755620956,0.10239999741315842
YBR106W,YDL118W,1,-3.0274792,0.06993642449378967,0.07699999958276749,0.10239999741315842
YPL208W,YNL313C,0,-3.027601,0.06987296044826508,0.07699999958276749,0.10249999910593033
YMR201C,YML045W,0,-3.0277078,0.06980960816144943,0.07699999958276749,0.10260000079870224
YKL117W,YOR008C-A,1,-3.027721,0.07065217196941376,0.07800000160932541,0.10260000079870224
YCL029C,YLR301W,0,-3.027839,0.07058823853731155,0.07800000160932541,0.10270000249147415
YDR376W,YNR064C,0,-3.0280783,0.07052440941333771,0.07800000160932541,0.10279999673366547
YMR054W,YBR111W-A,0,-3.0283916,0.07046070694923401,0.07800000160932541,0.10289999842643738
YPL100W,YGL130W,0,-3.0284674,0.07039710879325867,0.07800000160932541,0.10300000011920929
YOL063C,YGL095C,0,-3.0285087,0.07033363729715347,0.07800000160932541,0.1031000018119812
YJL112W,YDR392W,0,-3.0286803,0.07027027010917664,0.07800000160932541,0.10320000350475311
YPR110C,YJR027W,0,-3.0288737,0.07020702213048935,0.07800000160932541,0.10329999774694443
YKL042W,YBR083W,0,-3.0288885,0.07014388591051102,0.07800000160932541,0.10339999943971634
YGL194C,YPR006C,0,-3.0289085,0.07008086144924164,0.07800000160932541,0.10350000113248825
YJL129C,YDR545W,1,-3.029011,0.07091561704874039,0.07900000363588333,0.10350000113248825
YMR218C,YCR102C,0,-3.0291305,0.07085201889276505,0.07900000363588333,0.10360000282526016
YNL328C,YAR010C,0,-3.0296273,0.07078853249549866,0.07900000363588333,0.10369999706745148
YPL116W,YNL257C,0,-3.0297368,0.07072515785694122,0.07900000363588333,0.10379999876022339
YFR019W,YDR457W,0,-3.0297458,0.07066189497709274,0.07900000363588333,0.1039000004529953
YDR205W,YLL017W,0,-3.0297475,0.07059875130653381,0.07900000363588333,0.10400000214576721
YFL004W,YJR028W,0,-3.0298145,0.07053571194410324,0.07900000363588333,0.10409999638795853
YMR133W,YHR016C,0,-3.0299838,0.07047279179096222,0.07900000363588333,0.10419999808073044
YJL102W,YCR061W,0,-3.0301878,0.07040998339653015,0.07900000363588333,0.10429999977350235
YJL095W,YOR305W,0,-3.030263,0.07034728676080704,0.07900000363588333,0.10440000146627426
YOR048C,YOR049C,0,-3.0303833,0.07028469443321228,0.07900000363588333,0.10450000315904617
YPL275W,YER006W,0,-3.0307112,0.07022222131490707,0.07900000363588333,0.10459999740123749
YNL023C,YIL008W,0,-3.0308592,0.07015985995531082,0.07900000363588333,0.1046999990940094
YGR128C,YER138C,0,-3.0309353,0.07009760290384293,0.07900000363588333,0.10480000078678131
YDL081C,YOL020W,1,-3.0312426,0.07092198729515076,0.07999999821186066,0.10480000078678131
YPR175W,YHR196W,0,-3.0314305,0.0708591639995575,0.07999999821186066,0.10490000247955322
YOR174W,YLL056C,0,-3.0314353,0.07079645991325378,0.07999999821186066,0.10499999672174454
YKL146W,YML039W,0,-3.0317647,0.07073386013507843,0.07999999821186066,0.10509999841451645
YMR311C,YJR026W,0,-3.031872,0.07067137956619263,0.07999999821186066,0.10520000010728836
YLR242C,YKR059W,1,-3.0320752,0.07149161398410797,0.08100000023841858,0.10520000010728836
YFR019W,YOR049C,0,-3.0322793,0.0714285746216774,0.08100000023841858,0.10530000180006027
YKL138C-A,YCR014C,0,-3.0325212,0.07136563956737518,0.08100000023841858,0.10540000349283218
YPR167C,YKL125W,0,-3.0330331,0.07130281627178192,0.08100000023841858,0.1054999977350235
YMR246W,YAL068C,0,-3.0331748,0.07124010473489761,0.08100000023841858,0.10559999942779541
YLR263W,YBR258C,0,-3.0332186,0.07117750495672226,0.08100000023841858,0.10570000112056732
YPR183W,YBL100W-B,0,-3.0332859,0.07111500948667526,0.08100000023841858,0.10580000281333923
YNL055C,YNL045W,0,-3.033475,0.07105263322591782,0.08100000023841858,0.10589999705553055
YJL018W,YOR298W,0,-3.0337603,0.07099036127328873,0.08100000023841858,0.10599999874830246
YGR044C,YKL088W,0,-3.034308,0.070928193628788,0.08100000023841858,0.10610000044107437
YBR165W,YHR214C-B,0,-3.0343833,0.07086614519357681,0.08100000023841858,0.10620000213384628
YMR287C,YKL014C,0,-3.0345616,0.07080419361591339,0.08100000023841858,0.1062999963760376
YPL100W,YHR034C,0,-3.034621,0.07074236124753952,0.08100000023841858,0.10639999806880951
YPL096C-A,YMR036C,0,-3.0347269,0.07068062573671341,0.08100000023841858,0.10649999976158142
YHR055C,YLR035C,0,-3.0350418,0.07061900943517685,0.08100000023841858,0.10660000145435333
YHR194W,YBL075C,0,-3.0350683,0.07055748999118805,0.08100000023841858,0.10670000314712524
YNL227C,YJL114W,0,-3.0351639,0.0704960823059082,0.08100000023841858,0.10679999738931656
YGL216W,YGL075C,0,-3.0352848,0.07043477892875671,0.08100000023841858,0.10689999908208847
YML086C,YER174C,0,-3.035361,0.07037358731031418,0.08100000023841858,0.10700000077486038
YBL002W,YPR188C,0,-3.0353887,0.0703125,0.08100000023841858,0.1071000024676323
YPR036W,YOR305W,0,-3.0355275,0.07025151699781418,0.08100000023841858,0.10719999670982361
YLR100W,YER138C,0,-3.0357182,0.07019063830375671,0.08100000023841858,0.10729999840259552
YKL200C,YLR020C,0,-3.0358498,0.0701298713684082,0.08100000023841858,0.10740000009536743
YLR068W,YCL003W,0,-3.0359123,0.07006920129060745,0.08100000023841858,0.10750000178813934
YKR082W,YLR132C,0,-3.0364702,0.07000864297151566,0.08100000023841858,0.10760000348091125
YGL122C,YOL069W,0,-3.0367072,0.06994818896055222,0.08100000023841858,0.10769999772310257
YPL001W,YOL088C,0,-3.0369732,0.06988783180713654,0.08100000023841858,0.10779999941587448
YPL069C,YER138C,0,-3.037045,0.06982758641242981,0.08100000023841858,0.10790000110864639
YPL006W,YBL080C,0,-3.0378766,0.06976744532585144,0.08100000023841858,0.1080000028014183
YCR088W,YJR040W,0,-3.0379403,0.06970740109682083,0.08100000023841858,0.10809999704360962
YAR018C,YNR011C,0,-3.0381637,0.06964746117591858,0.08100000023841858,0.10819999873638153
YCR014C,YPL167C,0,-3.0381653,0.06958762556314468,0.08100000023841858,0.10830000042915344
YDL028C,YHR120W,0,-3.0381854,0.06952789425849915,0.08100000023841858,0.10840000212192535
YOR259C,YCL033C,0,-3.0383308,0.06946826726198196,0.08100000023841858,0.10849999636411667
YDL247W,YGR122W,0,-3.0384471,0.06940873712301254,0.08100000023841858,0.10859999805688858
YLR405W,YKL088W,0,-3.0386562,0.06934931874275208,0.08100000023841858,0.10869999974966049
YNL049C,YDR131C,0,-3.0387661,0.06928998976945877,0.08100000023841858,0.1088000014424324
YGL205W,YNL012W,0,-3.039033,0.06923077255487442,0.08100000023841858,0.10890000313520432
YDL059C,YGR072W,1,-3.039311,0.07002562284469604,0.0820000022649765,0.10890000313520432
YDL243C,YPL095C,0,-3.0393493,0.06996586918830872,0.0820000022649765,0.10899999737739563
YDR513W,YPR140W,0,-3.0397065,0.06990621984004974,0.0820000022649765,0.10909999907016754
YJL058C,YMR168C,0,-3.0399547,0.06984667479991913,0.0820000022649765,0.10920000076293945
YDR052C,YIR004W,0,-3.0399888,0.06978723406791687,0.0820000022649765,0.10930000245571136
YKL092C,YMR087W,0,-3.040026,0.06972789019346237,0.0820000022649765,0.10939999669790268
YBL022C,YLR386W,0,-3.0400653,0.06966865062713623,0.0820000022649765,0.10949999839067459
YKL046C,YCR020C,0,-3.0400665,0.06960950791835785,0.0820000022649765,0.1096000000834465
YBL074C,YJR031C,0,-3.0400722,0.06955046951770782,0.0820000022649765,0.10970000177621841
YJL033W,YLR147C,0,-3.040529,0.06949152797460556,0.0820000022649765,0.10980000346899033
YMR287C,YCR072C,0,-3.0412834,0.06943268328905106,0.0820000022649765,0.10989999771118164
YOL080C,YLR048W,0,-3.041386,0.06937394291162491,0.0820000022649765,0.10999999940395355
YLR109W,YLR324W,0,-3.0415094,0.06931529939174652,0.0820000022649765,0.11010000109672546
YNR001C,YNL045W,0,-3.04158,0.06925676017999649,0.0820000022649765,0.11020000278949738
YPR080W,YHR214C-B,0,-3.041692,0.06919831037521362,0.0820000022649765,0.11029999703168869
YKL129C,YPL171C,0,-3.0416992,0.06913996487855911,0.0820000022649765,0.1103999987244606
YGL223C,YBL005W-A,0,-3.0418184,0.06908171623945236,0.0820000022649765,0.11050000041723251
YDL148C,YOR068C,0,-3.0423977,0.06902357190847397,0.0820000022649765,0.11060000211000443
YGR104C,YOR008C-A,1,-3.0425947,0.06980656087398529,0.08299999684095383,0.11060000211000443
YKL138C-A,YHR165C,0,-3.042702,0.06974790245294571,0.08299999684095383,0.11069999635219574
YCR077C,YGR122W,0,-3.0427415,0.06968933343887329,0.08299999684095383,0.11079999804496765
YKL200C,YLR181C,0,-3.0427754,0.06963087618350983,0.08299999684095383,0.11089999973773956
YDR251W,YNR064C,0,-3.043208,0.06957250833511353,0.08299999684095383,0.11100000143051147
YIL013C,YLL040C,0,-3.0440881,0.06951423734426498,0.08299999684095383,0.11110000312328339
YDR225W,YDL109C,0,-3.0441499,0.0694560706615448,0.08299999684095383,0.1111999973654747
YBL006C,YDR115W,1,-3.0444272,0.07023411244153976,0.08399999886751175,0.1111999973654747
YOR100C,YHR079C-A,0,-3.0444524,0.07017543911933899,0.08399999886751175,0.11129999905824661
YDR173C,YMR220W,0,-3.0445032,0.07011686265468597,0.08399999886751175,0.11140000075101852
YPR034W,YDR097C,0,-3.044505,0.07005838304758072,0.08399999886751175,0.11150000244379044
YPR178W,YNL334C,0,-3.0446398,0.07000000029802322,0.08399999886751175,0.11159999668598175
YHR191C,YEL057C,1,-3.044743,0.07077435404062271,0.08500000089406967,0.11159999668598175
YLR067C,YMR059W,0,-3.0450544,0.07071547210216522,0.08500000089406967,0.11169999837875366
YBR036C,YER087C-A,0,-3.045327,0.07065669447183609,0.08500000089406967,0.11180000007152557
YDR379W,YBR111W-A,0,-3.0463884,0.07059800624847412,0.08500000089406967,0.11190000176429749
YBR170C,YGR178C,0,-3.0465047,0.07053942233324051,0.08500000089406967,0.1120000034570694
YLR396C,YJR026W,0,-3.0466301,0.07048092782497406,0.08500000089406967,0.11209999769926071
YNL039W,YCR020C,0,-3.0466797,0.07042253762483597,0.08500000089406967,0.11219999939203262
YDR283C,YKL045W,0,-3.0466835,0.07036423683166504,0.08500000089406967,0.11230000108480453
YMR080C,YHL012W,1,-3.0467026,0.07113316655158997,0.0860000029206276,0.11230000108480453
YER053C,YLR132C,0,-3.0471022,0.07107438147068024,0.0860000029206276,0.11240000277757645
YKR059W,YGR072W,1,-3.0471218,0.07184145599603653,0.08699999749660492,0.11240000277757645
YOL090W,YBR092C,0,-3.047443,0.0717821791768074,0.08699999749660492,0.11249999701976776
YBL093C,YDL109C,0,-3.0478992,0.07172299921512604,0.08699999749660492,0.11259999871253967
YOR340C,YPR041W,0,-3.04795,0.07166392356157303,0.08699999749660492,0.11270000040531158
YDR116C,YAR010C,0,-3.0484197,0.07160493731498718,0.08699999749660492,0.1128000020980835
YNR019W,YJL001W,0,-3.048444,0.0715460553765297,0.08699999749660492,0.11289999634027481
YHR148W,YGL106W,0,-3.048507,0.07148726284503937,0.08699999749660492,0.11299999803304672
YLL004W,YLR003C,0,-3.0485156,0.0714285746216774,0.08699999749660492,0.11309999972581863
YJR017C,YPL163C,0,-3.0487978,0.07136997580528259,0.08699999749660492,0.11320000141859055
YGL133W,YGR054W,0,-3.0488591,0.07131147384643555,0.08699999749660492,0.11330000311136246
YBR004C,YLL016W,0,-3.048906,0.07125306874513626,0.08699999749660492,0.11339999735355377
YBL050W,YBR183W,0,-3.0495956,0.07119476050138474,0.08699999749660492,0.11349999904632568
YGR166W,YDR165W,0,-3.0497017,0.07113654911518097,0.08699999749660492,0.1136000007390976
YDR411C,YOR162C,0,-3.0498633,0.07107843458652496,0.08699999749660492,0.1137000024318695
YBR192W,YJR027W,0,-3.0499632,0.07102040946483612,0.08699999749660492,0.11379999667406082
YNL188W,YOR310C,0,-3.0503356,0.07096248120069504,0.08699999749660492,0.11389999836683273
YIL013C,YML045W,0,-3.0506058,0.07090464234352112,0.08699999749660492,0.11400000005960464
YJL025W,YDL109C,0,-3.0507386,0.07084690779447556,0.08699999749660492,0.11410000175237656
YOL059W,YIL082W-A,0,-3.0507927,0.07078926265239716,0.08699999749660492,0.11420000344514847
YGR092W,YOR049C,0,-3.0508902,0.07073170691728592,0.08699999749660492,0.11429999768733978
YPL233W,YCL054W,0,-3.0511596,0.07067424803972244,0.08699999749660492,0.1143999993801117
YOR315W,YBR111W-A,0,-3.0515974,0.07061688601970673,0.08699999749660492,0.1145000010728836
YHL025W,YMR050C,0,-3.0519283,0.07055961340665817,0.08699999749660492,0.11460000276565552
YLR433C,YCL020W,0,-3.0519345,0.07050243020057678,0.08699999749660492,0.11469999700784683
YKL040C,YCL020W,0,-3.0523698,0.07044534385204315,0.08699999749660492,0.11479999870061874
YBR233W-A,YOL090W,0,-3.0525892,0.07038834691047668,0.08699999749660492,0.11490000039339066
YDR483W,YCR102C,0,-3.0527415,0.07033144682645798,0.08699999749660492,0.11500000208616257
YGR060W,YJL033W,0,-3.0529006,0.07027463614940643,0.08699999749660492,0.11509999632835388
YDR411C,YDR131C,0,-3.052936,0.07021791487932205,0.08699999749660492,0.1151999980211258
YNL233W,YMR283C,0,-3.053032,0.07016129046678543,0.08699999749660492,0.1152999997138977
YKL182W,YBR088C,0,-3.0530612,0.07010475546121597,0.08699999749660492,0.11540000140666962
YER155C,YDR217C,0,-3.0530999,0.07004830986261368,0.08699999749660492,0.11550000309944153
YKL022C,YGR059W,0,-3.05316,0.06999195367097855,0.08699999749660492,0.11559999734163284
YKR009C,YJR066W,0,-3.0532238,0.06993569433689117,0.08699999749660492,0.11569999903440475
YNL318C,YPR164W,0,-3.0535693,0.06987951695919037,0.08699999749660492,0.11580000072717667
YBR267W,YKL082C,0,-3.054581,0.06982343643903732,0.08699999749660492,0.11590000241994858
YNL133C,YPL283C,1,-3.0555446,0.07056936621665955,0.08799999952316284,0.11590000241994858
YBL105C,YJR026W,0,-3.0556252,0.07051282376050949,0.08799999952316284,0.11599999666213989
YAL041W,YML031W,0,-3.0557325,0.070456363260746,0.08799999952316284,0.1160999983549118
YPR135W,YBR111W-A,0,-3.0557766,0.07039999961853027,0.08799999952316284,0.11620000004768372
YPL112C,YDR325W,0,-3.0560029,0.07034372538328171,0.08799999952316284,0.11630000174045563
YOR344C,YHR214C-B,0,-3.0561347,0.0702875405550003,0.08799999952316284,0.11640000343322754
YDR295C,YEL057C,1,-3.0562308,0.07102952897548676,0.08900000154972076,0.11640000343322754
YOL158C,YIR033W,0,-3.0564098,0.07097288966178894,0.08900000154972076,0.11649999767541885
YEL015W,YBR245C,0,-3.0564349,0.07091633230447769,0.08900000154972076,0.11659999936819077
YAL056W,YDR004W,1,-3.0565846,0.07165604829788208,0.09000000357627869,0.11659999936819077
YLR378C,YNL045W,0,-3.0567033,0.07159904390573502,0.09000000357627869,0.11670000106096268
YBR278W,YBR107C,0,-3.0567436,0.07154212892055511,0.09000000357627869,0.11680000275373459
YLR228C,YER109C,0,-3.0568564,0.07148530334234238,0.09000000357627869,0.1168999969959259
YLR353W,YGR122W,0,-3.056857,0.0714285746216774,0.09000000357627869,0.11699999868869781
YPL116W,YCL020W,0,-3.0570076,0.07137192785739899,0.09000000357627869,0.11710000038146973
YBR041W,YKL088W,0,-3.057008,0.07131537050008774,0.09000000357627869,0.11720000207424164
YHR013C,YLR467W,1,-3.057258,0.07205067574977875,0.09099999815225601,0.11720000207424164
YOR310C,YLR340W,0,-3.0575569,0.07199367135763168,0.09099999815225601,0.11729999631643295
YPL116W,YLR139C,0,-3.0579379,0.07193675637245178,0.09099999815225601,0.11739999800920486
YHR118C,YCL075W,0,-3.0579698,0.07187993824481964,0.09099999815225601,0.11749999970197678
YML058W-A,YPR067W,0,-3.0582283,0.07182320207357407,0.09099999815225601,0.11760000139474869
YKL029C,YNL279W,0,-3.0582988,0.07176656275987625,0.09099999815225601,0.1177000030875206
YAL056W,YBL058W,1,-3.0583372,0.07249803096055984,0.09200000017881393,0.1177000030875206
YPR052C,YBL100W-B,0,-3.0583904,0.07244094461202621,0.09200000017881393,0.11779999732971191
YDR022C,YJR141W,0,-3.0584638,0.07238394767045975,0.09200000017881393,0.11789999902248383
YLR451W,YLL016W,0,-3.0588443,0.07232704758644104,0.09200000017881393,0.11800000071525574
YBL079W,YDR172W,0,-3.0588639,0.0722702294588089,0.09200000017881393,0.11810000240802765
YOR330C,YNL231C,0,-3.0589988,0.07221350073814392,0.09200000017881393,0.11819999665021896
YBR159W,YPL033C,0,-3.0593674,0.0721568614244461,0.09200000017881393,0.11829999834299088
YML112W,YDL109C,0,-3.0593925,0.07210031151771545,0.09200000017881393,0.11840000003576279
YMR240C,YDL112W,0,-3.0594714,0.07204385101795197,0.09200000017881393,0.1185000017285347
YER094C,YNL313C,0,-3.0595205,0.07198747992515564,0.09200000017881393,0.11860000342130661
YMR290C,YIL082W-A,0,-3.0596845,0.07193119823932648,0.09200000017881393,0.11869999766349792
YFL014W,YGR274C,0,-3.0597317,0.07187499850988388,0.09200000017881393,0.11879999935626984
YBR159W,YPL171C,0,-3.0601926,0.07181888818740845,0.09200000017881393,0.11890000104904175
YLR347C,YOL067C,0,-3.0603762,0.07176286727190018,0.09200000017881393,0.11900000274181366
YKL117W,YDL077C,1,-3.0605772,0.07248636335134506,0.09300000220537186,0.11900000274181366
YOR087W,YJR026W,0,-3.0609987,0.07242990285158157,0.09300000220537186,0.11909999698400497
YJL209W,YGL246C,0,-3.0610747,0.07237353920936584,0.09300000220537186,0.11919999867677689
YHL036W,YDR235W,0,-3.0612361,0.07231726497411728,0.09300000220537186,0.1193000003695488
YDR131C,YPL033C,0,-3.0612633,0.07226107269525528,0.09300000220537186,0.11940000206232071
YIL114C,YBL100W-A,0,-3.0613184,0.07220496982336044,0.09300000220537186,0.11949999630451202
YPL132W,YCL075W,0,-3.0613592,0.07214895635843277,0.09300000220537186,0.11959999799728394
YLR129W,YHR094C,0,-3.0614955,0.07209302484989166,0.09300000220537186,0.11969999969005585
YLR263W,YLR026C,0,-3.0616128,0.07203718274831772,0.09300000220537186,0.11980000138282776
YBL009W,YIL118W,0,-3.061838,0.07198142260313034,0.09300000220537186,0.11990000307559967
YBR280C,YOR290C,0,-3.0618532,0.07192575186491013,0.09300000220537186,0.11999999731779099
YDR382W,YKL014C,0,-3.0621834,0.07187017053365707,0.09300000220537186,0.1200999990105629
YGR218W,YNL070W,0,-3.0622401,0.07181467115879059,0.09300000220537186,0.12020000070333481
YER068W,YBR156C,1,-3.0623128,0.07253086566925049,0.09399999678134918,0.12020000070333481
YAL010C,YCR081W,1,-3.0627053,0.07324595004320145,0.0949999988079071,0.12020000070333481
YMR287C,YLL056C,0,-3.062755,0.07318951934576035,0.0949999988079071,0.12030000239610672
YNR016C,YHR079C-A,0,-3.0628421,0.07313317805528641,0.0949999988079071,0.12039999663829803
YDL245C,YOR353C,0,-3.0632975,0.07307692617177963,0.0949999988079071,0.12049999833106995
YDR085C,YFR019W,0,-3.0633857,0.07302075624465942,0.0949999988079071,0.12060000002384186
YNL241C,YHR214C-B,0,-3.0634723,0.07296466827392578,0.0949999988079071,0.12070000171661377
YOR048C,YCL074W,0,-3.063477,0.0729086697101593,0.0949999988079071,0.12080000340938568
YEL050C,YML045W,0,-3.0635633,0.07285276055335999,0.0949999988079071,0.120899997651577
YFL041W,YJL036W,0,-3.0635917,0.07279693335294724,0.0949999988079071,0.12099999934434891
YPL037C,YDR120C,0,-3.063816,0.07274119555950165,0.0949999988079071,0.12110000103712082
YLR284C,YGR212W,0,-3.063928,0.07268553972244263,0.0949999988079071,0.12120000272989273
YML102W,YGR113W,0,-3.0639648,0.07262996584177017,0.0949999988079071,0.12129999697208405
YDR085C,YGR141W,0,-3.063995,0.07257448136806488,0.0949999988079071,0.12139999866485596
YOL111C,YKL088W,0,-3.064307,0.07251908630132675,0.0949999988079071,0.12150000035762787
YNR019W,YNL245C,0,-3.064419,0.07246376574039459,0.0949999988079071,0.12160000205039978
YOL090W,YNL273W,0,-3.064554,0.0724085345864296,0.0949999988079071,0.1216999962925911
YGR231C,YOR162C,0,-3.0645554,0.07235339283943176,0.0949999988079071,0.121799997985363
YPL053C,YKL042W,0,-3.0651786,0.0722983255982399,0.0949999988079071,0.12189999967813492
YPL156C,YKL088W,0,-3.065221,0.0722433477640152,0.0949999988079071,0.12200000137090683
YLR056W,YML131W,0,-3.0652475,0.07218845188617706,0.0949999988079071,0.12210000306367874
YNL116W,YAL032C,0,-3.0654187,0.0721336379647255,0.0949999988079071,0.12219999730587006
YMR136W,YDR096W,0,-3.0657184,0.07207890599966049,0.0949999988079071,0.12229999899864197
YCR073W-A,YNL339C,1,-3.0657604,0.07278241217136383,0.09600000083446503,0.12229999899864197
YMR032W,YHR148W,0,-3.0657725,0.072727270424366,0.09600000083446503,0.12240000069141388
YAR014C,YJR027W,0,-3.0659723,0.07267221808433533,0.09600000083446503,0.12250000238418579
YLR192C,YDR545W,1,-3.0663507,0.07337367534637451,0.09700000286102295,0.12250000238418579
YDL207W,YER087C-A,0,-3.0663717,0.07331821322441101,0.09700000286102295,0.1225999966263771
YMR080C,YPL283C,1,-3.0665538,0.07401812821626663,0.09799999743700027,0.1225999966263771
YDR529C,YML045W,0,-3.0668163,0.0739622637629509,0.09799999743700027,0.12269999831914902
YLR242C,YDL083C,1,-3.0669174,0.07466063648462296,0.0989999994635582,0.12269999831914902
YFL041W,YMR050C,0,-3.0669606,0.07460436969995499,0.0989999994635582,0.12280000001192093
YGL247W,YDL213C,0,-3.0671396,0.07454819232225418,0.0989999994635582,0.12290000170469284
YNL053W,YER087C-A,0,-3.0674198,0.07449209690093994,0.0989999994635582,0.12300000339746475
YOR245C,YJR026W,0,-3.0674653,0.07443609088659286,0.0989999994635582,0.12309999763965607
YHR073W,YOR127W,0,-3.0676095,0.07438016682863235,0.0989999994635582,0.12319999933242798
YKL185W,YML029W,0,-3.0676138,0.07432432472705841,0.0989999994635582,0.12330000102519989
YCL052C,YLR337C,0,-3.0676696,0.07426856458187103,0.0989999994635582,0.1234000027179718
YGR103W,YLR316C,0,-3.0678556,0.07421289384365082,0.0989999994635582,0.12349999696016312
YKR082W,YHR066W,0,-3.0678751,0.07415730506181717,0.0989999994635582,0.12359999865293503
YEL012W,YLL056C,0,-3.0683892,0.07410179823637009,0.0989999994635582,0.12370000034570694
YDR052C,YOR076C,0,-3.0684154,0.07404637336730957,0.0989999994635582,0.12380000203847885
YLR214W,YBR118W,0,-3.0685499,0.07399103045463562,0.0989999994635582,0.12389999628067017
YDR263C,YLR337C,0,-3.0686188,0.07393576949834824,0.0989999994635582,0.12399999797344208
YMR302C,YKL088W,0,-3.0687234,0.07388059794902802,0.0989999994635582,0.12409999966621399
YDR173C,YJL030W,0,-3.069134,0.07382550090551376,0.0989999994635582,0.1242000013589859
YJL122W,YLL011W,0,-3.069323,0.07377049326896667,0.0989999994635582,0.12430000305175781
YOL077C,YNL099C,0,-3.0693552,0.07371556013822556,0.0989999994635582,0.12439999729394913
YBL006C,YBR136W,1,-3.0697134,0.0744047611951828,0.10000000149011612,0.12439999729394913
YMR081C,YHR106W,0,-3.0698261,0.07434944063425064,0.10000000149011612,0.12449999898672104
YGL014W,YPR121W,0,-3.0700054,0.07429420202970505,0.10000000149011612,0.12460000067949295
YJL101C,YCR077C,0,-3.070136,0.07423905283212662,0.10000000149011612,0.12470000237226486
YPL097W,YML045W,0,-3.0705667,0.07418397814035416,0.10000000149011612,0.12479999661445618
YPR175W,YBL014C,0,-3.0706632,0.07412898540496826,0.10000000149011612,0.12489999830722809
YKL139W,YBR112C,1,-3.0709527,0.0748148113489151,0.10100000351667404,0.12489999830722809
YHR005C-A,YDR449C,0,-3.071171,0.07475943863391876,0.10100000351667404,0.125
YDR179C,YGL055W,0,-3.071272,0.0747041404247284,0.10100000351667404,0.1251000016927719
YLL001W,YBR066C,0,-3.0714087,0.07464893162250519,0.10100000351667404,0.12520000338554382
YBL079W,YHR062C,0,-3.071479,0.07459379732608795,0.10100000351667404,0.12530000507831573
YLL008W,YOR047C,0,-3.0716858,0.07453874498605728,0.10100000351667404,0.12540000677108765
YDR343C,YCR028C-A,0,-3.0718582,0.07448377460241318,0.10100000351667404,0.12549999356269836
YJR112W,YNL206C,0,-3.071936,0.07442888617515564,0.10100000351667404,0.12559999525547028
YOR113W,YER035W,0,-3.072143,0.07437407970428467,0.10100000351667404,0.1256999969482422
YMR042W,YHL047C,0,-3.0723062,0.07431935518980026,0.10100000351667404,0.1257999986410141
YDR118W,YLL016W,0,-3.0724769,0.07426470518112183,0.10100000351667404,0.125900000333786
YBR129C,YBR093C,0,-3.0726566,0.07421013712882996,0.10100000351667404,0.12600000202655792
YOR081C,YAR010C,0,-3.0727234,0.07415565103292465,0.10100000351667404,0.12610000371932983
YLR284C,YOR178C,0,-3.0729291,0.07410124689340591,0.10100000351667404,0.12620000541210175
YOR231W,YLR116W,0,-3.0731916,0.07404691725969315,0.10100000351667404,0.12630000710487366
YDR037W,YOL010W,0,-3.0734222,0.07399267703294754,0.10100000351667404,0.12639999389648438
YGR013W,YCL032W,0,-3.0739048,0.07393850386142731,0.10100000351667404,0.1264999955892563
YLR386W,YIL101C,0,-3.0740561,0.07388442009687424,0.10100000351667404,0.1265999972820282
YPL095C,YMR305C,0,-3.074076,0.07383041083812714,0.10100000351667404,0.1266999989748001
YGL035C,YDR113C,0,-3.0741544,0.073776476085186,0.10100000351667404,0.12680000066757202
YGL151W,YPR121W,0,-3.0746338,0.07372263073921204,0.10100000351667404,0.12690000236034393
YLR196W,YDR167W,0,-3.0748255,0.07366885244846344,0.10100000351667404,0.12700000405311584
YER095W,YCL008C,1,-3.0749946,0.07434402406215668,0.10199999809265137,0.12700000405311584
YMR025W,YDR224C,0,-3.0753944,0.07428987324237823,0.10199999809265137,0.12710000574588776
YIR033W,YNR064C,0,-3.0753982,0.07423580437898636,0.10199999809265137,0.12720000743865967
YNL042W,YLR055C,0,-3.0754693,0.07418181747198105,0.10199999809265137,0.12729999423027039
YNR011C,YIR026C,0,-3.0755613,0.07412790507078171,0.10199999809265137,0.1273999959230423
YPL092W,YBR105C,0,-3.0756948,0.07407407462596893,0.10199999809265137,0.1274999976158142
YPR054W,YOR110W,0,-3.0758016,0.07402031868696213,0.10199999809265137,0.12759999930858612
YAL013W,YDL118W,1,-3.0758624,0.07469180226325989,0.10300000011920929,0.12759999930858612
YGR251W,YNL046W,0,-3.075898,0.07463768124580383,0.10300000011920929,0.12770000100135803
YGR253C,YER138C,0,-3.0760772,0.07458363473415375,0.10300000011920929,0.12780000269412994
YPL095C,YFL014W,0,-3.076164,0.07452967017889023,0.10300000011920929,0.12790000438690186
YCR098C,YMR134W,0,-3.076506,0.07447578012943268,0.10300000011920929,0.12800000607967377
YML031W,YNR052C,0,-3.076575,0.0744219645857811,0.10300000011920929,0.12809999287128448
YLR081W,YPL131W,0,-3.076594,0.07436823099851608,0.10300000011920929,0.1281999945640564
YDR283C,YDR388W,0,-3.0768156,0.07431457191705704,0.10300000011920929,0.1282999962568283
YPR018W,YER103W,0,-3.076877,0.07426099479198456,0.10300000011920929,0.12839999794960022
YPL127C,YML040W,0,-3.0769613,0.07420749217271805,0.10300000011920929,0.12849999964237213
YMR048W,YIL009W,0,-3.0772169,0.07415406405925751,0.10300000011920929,0.12860000133514404
YDR173C,YOR185C,0,-3.0772188,0.07410071790218353,0.10300000011920929,0.12870000302791595
YER116C,YLR467W,1,-3.077401,0.07476635277271271,0.10400000214576721,0.12870000302791595
YOR014W,YCR061W,0,-3.0775974,0.07471264153718948,0.10400000214576721,0.12880000472068787
YIL149C,YCR102C,0,-3.0778258,0.07465901225805283,0.10400000214576721,0.12890000641345978
YJL204C,YOR356W,0,-3.0779555,0.07460545003414154,0.10400000214576721,0.1289999932050705
YIL016W,YDR449C,0,-3.0780175,0.07455196976661682,0.10400000214576721,0.1290999948978424
YNR056C,YOR307C,0,-3.0781906,0.07449856400489807,0.10400000214576721,0.12919999659061432
YOL144W,YLL017W,0,-3.0783885,0.07444524019956589,0.10400000214576721,0.12929999828338623
YBR217W,YDR379W,0,-3.0787072,0.07439199090003967,0.10400000214576721,0.12939999997615814
YHR158C,YOL105C,0,-3.0789483,0.07433881610631943,0.10400000214576721,0.12950000166893005
YOL043C,YPL157W,0,-3.0790157,0.07428571581840515,0.10400000214576721,0.12960000336170197
YBR159W,YOR027W,0,-3.0792773,0.07423269003629684,0.10400000214576721,0.12970000505447388
YCR066W,YAR010C,0,-3.0793583,0.0741797462105751,0.10400000214576721,0.1298000067472458
YPL116W,YOR076C,0,-3.0795386,0.07412686944007874,0.10400000214576721,0.1298999935388565
YDR138W,YLR357W,1,-3.0796785,0.07478632777929306,0.10499999672174454,0.1298999935388565
YAL032C,YBL052C,0,-3.0796793,0.07473309338092804,0.10499999672174454,0.12999999523162842
YNL292W,YDL098C,0,-3.0797865,0.07467994093894958,0.10499999672174454,0.13009999692440033
YGL216W,YDL080C,0,-3.079868,0.0746268630027771,0.10499999672174454,0.13019999861717224
YHR096C,YPL233W,0,-3.0798721,0.07457386702299118,0.10499999672174454,0.13030000030994415
YGL095C,YLR301W,0,-3.0801175,0.07452093809843063,0.10499999672174454,0.13040000200271606
YHR062C,YPL157W,0,-3.0802114,0.07446808367967606,0.10499999672174454,0.13050000369548798
YPL217C,YLL056C,0,-3.0802946,0.07441531121730804,0.10499999672174454,0.1306000053882599
YOL013C,YER142C,0,-3.0804293,0.0743626058101654,0.10499999672174454,0.1307000070810318
YKL014C,YAR010C,0,-3.0805495,0.07430998235940933,0.10499999672174454,0.13079999387264252
YGR179C,YBR231C,0,-3.081498,0.07425742596387863,0.10499999672174454,0.13089999556541443
YCR020C,YBL046W,0,-3.0815217,0.0742049440741539,0.10499999672174454,0.13099999725818634
YDR300C,YLR264W,1,-3.0815275,0.07485875487327576,0.10599999874830246,0.13099999725818634
YNL182C,YLR139C,0,-3.0815399,0.07480593025684357,0.10599999874830246,0.13109999895095825
YDL213C,YLR003C,0,-3.0818396,0.07475317269563675,0.10599999874830246,0.13120000064373016
YPR001W,YLR411W,0,-3.081891,0.0747004896402359,0.10599999874830246,0.13130000233650208
YOR381W,YGR274C,0,-3.0822127,0.07464788854122162,0.10599999874830246,0.131400004029274
YCR028C-A,YAR009C,0,-3.0823593,0.07459535449743271,0.10599999874830246,0.1315000057220459
YOL008W,YBR207W,0,-3.082464,0.07454289495944977,0.10599999874830246,0.1316000074148178
YCR086W,YNL147W,1,-3.083127,0.07519325613975525,0.10700000077486038,0.1316000074148178
YDR004W,YBR097W,1,-3.083153,0.07584269344806671,0.1080000028014183,0.1316000074148178
YLR002C,YNR064C,0,-3.0831735,0.07578947395086288,0.1080000028014183,0.13169999420642853
YPL096C-A,YDL185W,0,-3.0838048,0.07573632895946503,0.1080000028014183,0.13179999589920044
YJR112W,YDR306C,0,-3.0838134,0.07568325102329254,0.1080000028014183,0.13189999759197235
YNL307C,YOL031C,0,-3.083835,0.07563025504350662,0.1080000028014183,0.13199999928474426
YOR113W,YDL140C,0,-3.0838745,0.07557732611894608,0.1080000028014183,0.13210000097751617
YJL029C,YOR338W,0,-3.0839684,0.0755244791507721,0.1080000028014183,0.13220000267028809
YLR249W,YBR012W-A,0,-3.0840027,0.07547169923782349,0.1080000028014183,0.13230000436306
YEL069C,YOR098C,0,-3.084037,0.07541899383068085,0.1080000028014183,0.1324000060558319
YKL139W,YML061C,1,-3.0840435,0.07606419920921326,0.10899999737739563,0.1324000060558319
YIL009C-A,YMR284W,1,-3.0840485,0.07670851051807404,0.10999999940395355,0.1324000060558319
YGR109C,YJL168C,0,-3.0841618,0.07665505260229111,0.10999999940395355,0.13249999284744263
YLR115W,YML011C,0,-3.0841973,0.07660166919231415,0.10999999940395355,0.13259999454021454
YOR064C,YNL247W,0,-3.084289,0.07654836773872375,0.10999999940395355,0.13269999623298645
YPR128C,YGL001C,0,-3.0843709,0.07649513334035873,0.10999999940395355,0.13279999792575836
YLR451W,YDR335W,0,-3.0844,0.07644197344779968,0.10999999940395355,0.13289999961853027
YEL066W,YER087C-A,0,-3.0845313,0.0763888880610466,0.10999999940395355,0.13300000131130219
YIL019W,YGR078C,0,-3.0846636,0.07633587718009949,0.10999999940395355,0.1331000030040741
YNR001C,YML029W,0,-3.0847821,0.07628294080495834,0.10999999940395355,0.133200004696846
YHR175W,YGL013C,0,-3.0848024,0.07623007893562317,0.10999999940395355,0.13330000638961792
YOL069W,YIL105C,0,-3.0848799,0.07617728412151337,0.10999999940395355,0.13339999318122864
YPR187W,YIL061C,0,-3.0852306,0.07612456381320953,0.10999999940395355,0.13349999487400055
YER142C,YOR363C,0,-3.0853457,0.07607192546129227,0.10999999940395355,0.13359999656677246
YML062C,YGR072W,1,-3.0854185,0.07671043276786804,0.11100000143051147,0.13359999656677246
YOR140W,YBL075C,0,-3.0856783,0.07665745913982391,0.11100000143051147,0.13369999825954437
YJL042W,YGL229C,0,-3.0860178,0.07660455256700516,0.11100000143051147,0.13379999995231628
YLL026W,YBL058W,1,-3.086401,0.07724137604236603,0.1120000034570694,0.13379999995231628
YIL098C,YNR064C,0,-3.0866723,0.0771881490945816,0.1120000034570694,0.1339000016450882
YPL116W,YCR057C,0,-3.0869768,0.07713498920202255,0.1120000034570694,0.1340000033378601
YCR086W,YDR369C,1,-3.0870926,0.07777012884616852,0.11299999803304672,0.1340000033378601
YCL039W,YBL100W-B,0,-3.0871253,0.0777166411280632,0.11299999803304672,0.13410000503063202
YLR318W,YOL109W,1,-3.087166,0.07835051417350769,0.11400000005960464,0.13410000503063202
YOR298W,YBR043C,0,-3.0872834,0.0782967060804367,0.11400000005960464,0.13420000672340393
YOR173W,YMR021C,0,-3.0874295,0.0782429650425911,0.11400000005960464,0.13429999351501465
YCL014W,YNL045W,0,-3.0877268,0.07818929851055145,0.11400000005960464,0.13439999520778656
YNL327W,YOL072W,0,-3.0877287,0.07813570648431778,0.11400000005960464,0.13449999690055847
YHR094C,YBR080C,0,-3.0877378,0.07808218896389008,0.11400000005960464,0.13459999859333038
YER172C,YNL149C,0,-3.0879018,0.07802874594926834,0.11400000005960464,0.1347000002861023
YLR116W,YNL046W,0,-3.0880377,0.07797537744045258,0.11400000005960464,0.1348000019788742
YIL062C,YDL149W,0,-3.0880694,0.07792207598686218,0.11400000005960464,0.13490000367164612
YIL004C,YGR245C,0,-3.0882037,0.07786884903907776,0.11400000005960464,0.13500000536441803
YMR163C,YKL108W,0,-3.088205,0.0778156965970993,0.11400000005960464,0.13510000705718994
YDR099W,YDL142C,0,-3.0882494,0.07776261866092682,0.11400000005960464,0.13519999384880066
YIL110W,YMR059W,0,-3.0883205,0.0777096077799797,0.11400000005960464,0.13529999554157257
YIR028W,YIR002C,0,-3.0883753,0.07765667885541916,0.11400000005960464,0.13539999723434448
YFR046C,YML130C,0,-3.0885804,0.07760380953550339,0.11400000005960464,0.1354999989271164
YKL150W,YJL026W,0,-3.0886514,0.07755102217197418,0.11400000005960464,0.1356000006198883
YPL218W,YHR138C,0,-3.0888832,0.07749830186367035,0.11400000005960464,0.13570000231266022
YIL124W,YHR214C-B,0,-3.088909,0.07744564861059189,0.11400000005960464,0.13580000400543213
YOL142W,YHR066W,0,-3.089124,0.0773930773139,0.11400000005960464,0.13590000569820404
YOR294W,YLR249W,0,-3.0891488,0.07734057307243347,0.11400000005960464,0.13600000739097595
YNL273W,YML045W,0,-3.089183,0.07728813588619232,0.11400000005960464,0.13609999418258667
YDL137W,YJR019C,0,-3.089341,0.07723577320575714,0.11400000005960464,0.13619999587535858
YHR176W,YOR328W,0,-3.0894043,0.07718347758054733,0.11400000005960464,0.1362999975681305
YLR129W,YBR165W,0,-3.0896518,0.0771312564611435,0.11400000005960464,0.1363999992609024
YOR310C,YDR292C,0,-3.0896769,0.07707910984754562,0.11400000005960464,0.13650000095367432
YNL311C,YOR069W,0,-3.089759,0.07702703028917313,0.11400000005960464,0.13660000264644623
YER114C,YML075C,0,-3.0899253,0.076975017786026,0.11400000005960464,0.13670000433921814
YLL034C,YNL302C,0,-3.089982,0.07692307978868484,0.11400000005960464,0.13680000603199005
YLR136C,YDL109C,0,-3.0902073,0.07687120884656906,0.11400000005960464,0.13689999282360077
YPL001W,YAR009C,0,-3.0902908,0.07681940495967865,0.11400000005960464,0.13699999451637268
YEL069C,YGL233W,0,-3.090323,0.07676767557859421,0.11400000005960464,0.1370999962091446
YPL050C,YGR078C,0,-3.09067,0.07671601325273514,0.11400000005960464,0.1371999979019165
YNL159C,YGL142C,0,-3.0906706,0.07666442543268204,0.11400000005960464,0.13729999959468842
YDL198C,YKL194C,0,-3.0906742,0.07661290466785431,0.11400000005960464,0.13740000128746033
YGR099W,YDR495C,1,-3.0908034,0.07723303884267807,0.11500000208616257,0.13740000128746033
YNR046W,YML045W,0,-3.090969,0.07718120515346527,0.11500000208616257,0.13750000298023224
YLR214W,YIL053W,0,-3.0909839,0.07712944597005844,0.11500000208616257,0.13760000467300415
YLR405W,YMR058W,0,-3.0910308,0.07707774639129639,0.11500000208616257,0.13770000636577606
YLR015W,YGL039W,1,-3.0915122,0.07769591361284256,0.11599999666213989,0.13770000636577606
YJL204C,YBR253W,0,-3.0915825,0.07764390856027603,0.11599999666213989,0.13779999315738678
YOR039W,YJR026W,0,-3.091658,0.07759197056293488,0.11599999666213989,0.1378999948501587
YEL065W,YFL059W,0,-3.0918026,0.07754010707139969,0.11599999666213989,0.1379999965429306
YAL003W,YPL121C,0,-3.0918217,0.07748831063508987,0.11599999666213989,0.13809999823570251
YFR055W,YKL075C,0,-3.0919685,0.07743658125400543,0.11599999666213989,0.13819999992847443
YCR094W,YEL051W,0,-3.092003,0.07738492637872696,0.11599999666213989,0.13830000162124634
YCL019W,YML039W,0,-3.0920107,0.07733333110809326,0.11599999666213989,0.13840000331401825
YMR029C,YLR107W,0,-3.0921578,0.07728181034326553,0.11599999666213989,0.13850000500679016
YPL161C,YEL029C,1,-3.092377,0.07789614051580429,0.11699999868869781,0.13850000500679016
YDR289C,YML045W,0,-3.092491,0.07784431427717209,0.11699999868869781,0.13860000669956207
YML069W,YCL074W,0,-3.0925026,0.07779255509376526,0.11699999868869781,0.1386999934911728
YLR347C,YCL004W,0,-3.0925891,0.0777408629655838,0.11699999868869781,0.1387999951839447
YFR019W,YOR233W,0,-3.0926533,0.07768924534320831,0.11699999868869781,0.1388999968767166
YNL041C,YDR023W,0,-3.0927956,0.0776376873254776,0.11699999868869781,0.13899999856948853
YGR041W,YOR143C,0,-3.0930786,0.07758620381355286,0.11699999868869781,0.13910000026226044
YPL096C-A,YDL244W,0,-3.0931752,0.07753479480743408,0.11699999868869781,0.13920000195503235
YOR173W,YPR002W,0,-3.093619,0.07748344540596008,0.11699999868869781,0.13930000364780426
YDL207W,YPL093W,0,-3.0936267,0.07743216305971146,0.11699999868869781,0.13940000534057617
YGL096W,YHL028W,0,-3.093652,0.0773809552192688,0.11699999868869781,0.13950000703334808
YNL111C,YOL144W,0,-3.0936816,0.07732980698347092,0.11699999868869781,0.1395999938249588
YEL034W,YLR301W,0,-3.0938132,0.077278733253479,0.11699999868869781,0.1396999955177307
YCL039W,YOR305W,0,-3.093867,0.07722771912813187,0.11699999868869781,0.13979999721050262
YDL160C,YDR404C,0,-3.0939295,0.0771767795085907,0.11699999868869781,0.13989999890327454
YHR187W,YPR137W,0,-3.0939908,0.0771259069442749,0.11699999868869781,0.14000000059604645
YLR144C,YGL096W,0,-3.0941865,0.07707510143518448,0.11699999868869781,0.14010000228881836
YNL068C,YGR162W,0,-3.0943205,0.07702435553073883,0.11699999868869781,0.14020000398159027
YCR048W,YNL045W,0,-3.094452,0.07697368413209915,0.11699999868869781,0.14030000567436218
YIL159W,YBR030W,0,-3.094454,0.07692307978868484,0.11699999868869781,0.1404000073671341
YOR007C,YJR027W,0,-3.0944893,0.07687253504991531,0.11699999868869781,0.1404999941587448
YOR143C,YHL009C,0,-3.094615,0.07682206481695175,0.11699999868869781,0.14059999585151672
YMR303C,YOR032C,0,-3.0947106,0.07677165418863297,0.11699999868869781,0.14069999754428864
YML103C,YMR270C,0,-3.094926,0.07672131061553955,0.11699999868869781,0.14079999923706055
YFR050C,YJL114W,0,-3.0949326,0.07667103409767151,0.11699999868869781,0.14090000092983246
YKL197C,YCL010C,0,-3.09502,0.07662082463502884,0.11699999868869781,0.14100000262260437
YLR014C,YGL169W,0,-3.0950727,0.07657068222761154,0.11699999868869781,0.14110000431537628
YHR120W,YLR132C,0,-3.0952008,0.07652059942483902,0.11699999868869781,0.1412000060081482
YBR129C,YMR266W,0,-3.0955656,0.07647059112787247,0.11699999868869781,0.1412999927997589
YER087C-A,YOR060C,0,-3.0955894,0.07642064243555069,0.11699999868869781,0.14139999449253082
YGL195W,YBR012W-A,0,-3.0958197,0.07637076079845428,0.11699999868869781,0.14149999618530273
YNL111C,YNL257C,0,-3.0958526,0.07632093876600266,0.11699999868869781,0.14159999787807465
YPL171C,YML039W,0,-3.0959868,0.0762711837887764,0.11699999868869781,0.14169999957084656
YIR013C,YCR061W,0,-3.096104,0.07622149586677551,0.11699999868869781,0.14180000126361847
YGL240W,YPR137W,0,-3.0963051,0.076171875,0.11699999868869781,0.14190000295639038
YPL161C,YGR042W,1,-3.0964682,0.07677293568849564,0.11800000071525574,0.14190000295639038
YDR099W,YPL187W,0,-3.096553,0.07672301679849625,0.11800000071525574,0.1420000046491623
YPL231W,YBR098W,0,-3.0967166,0.07667316496372223,0.11800000071525574,0.1421000063419342
YNL314W,YML029W,0,-3.0967176,0.07662338018417358,0.11800000071525574,0.14219999313354492
YBR015C,YMR218C,0,-3.0967412,0.07657365500926971,0.11800000071525574,0.14229999482631683
YLL016W,YGR162W,0,-3.096778,0.07652399688959122,0.11800000071525574,0.14239999651908875
YMR276W,YMR208W,0,-3.0968292,0.0764743983745575,0.11800000071525574,0.14249999821186066
YDL085W,YOR064C,0,-3.0968318,0.07642486691474915,0.11800000071525574,0.14259999990463257
YJL165C,YMR051C,0,-3.0969532,0.07637540251016617,0.11800000071525574,0.14270000159740448
YMR287C,YPL097W,0,-3.0970933,0.07632600516080856,0.11800000071525574,0.1428000032901764
YDL118W,YGL039W,1,-3.0971596,0.07692307978868484,0.11900000274181366,0.1428000032901764
YPL275W,YLR055C,0,-3.0971782,0.07687338441610336,0.11900000274181366,0.1429000049829483
YDL059C,YDR369C,1,-3.0973165,0.07746933400630951,0.11999999731779099,0.1429000049829483
YMR050C,YMR134W,0,-3.0974543,0.07741935551166534,0.11999999731779099,0.14300000667572021
YJR089W,YDR097C,0,-3.0975873,0.07736943662166595,0.11999999731779099,0.14309999346733093
YGL206C,YOR287C,0,-3.0976374,0.07731958478689194,0.11999999731779099,0.14319999516010284
YHR030C,YOR353C,0,-3.097719,0.07726980000734329,0.11999999731779099,0.14329999685287476
YLR320W,YER105C,0,-3.0982206,0.07722007483243942,0.11999999731779099,0.14339999854564667
YOR034C,YCR020C,0,-3.0983837,0.07717041671276093,0.11999999731779099,0.14350000023841858
YDR424C,YKL214C,0,-3.0984273,0.0771208256483078,0.11999999731779099,0.1436000019311905
YJL148W,YNL247W,0,-3.0984952,0.07707129418849945,0.11999999731779099,0.1437000036239624
YLR081W,YHR086W,0,-3.0985034,0.07702182233333588,0.11999999731779099,0.14380000531673431
YGL006W,YNL167C,0,-3.0987535,0.07697241753339767,0.11999999731779099,0.14390000700950623
YNL253W,YBR105C,0,-3.098771,0.07692307978868484,0.11999999731779099,0.14399999380111694
YOR031W,YMR276W,0,-3.098833,0.07687380164861679,0.11999999731779099,0.14409999549388885
YOR004W,YIL082W-A,0,-3.0990303,0.07682458311319351,0.11999999731779099,0.14419999718666077
YLR160C,YDR235W,0,-3.0991876,0.0767754316329956,0.11999999731779099,0.14429999887943268
YHR013C,YDR138W,1,-3.099198,0.07736572623252869,0.12099999934434891,0.14429999887943268
YCR052W,YBL075C,0,-3.099385,0.0773162916302681,0.12099999934434891,0.1444000005722046
YML061C,YDR227W,1,-3.0993965,0.07790549099445343,0.12200000137090683,0.1444000005722046
YBL085W,YCR066W,0,-3.0994265,0.07785577327013016,0.12200000137090683,0.1445000022649765
YOR038C,YLR009W,0,-3.0994482,0.07780612260103226,0.12200000137090683,0.1446000039577484
YOL077W-A,YPR107C,0,-3.0994856,0.07775653153657913,0.12200000137090683,0.14470000565052032
YPR183W,YJR141W,0,-3.0998595,0.07770700752735138,0.12200000137090683,0.14480000734329224
YBR233W-A,YDR461W,0,-3.099939,0.0776575431227684,0.12200000137090683,0.14489999413490295
YMR168C,YBR196C,0,-3.0999868,0.0776081457734108,0.12200000137090683,0.14499999582767487
YNL199C,YML093W,0,-3.1001217,0.07755880802869797,0.12200000137090683,0.14509999752044678
YDL022W,YML088W,0,-3.1001337,0.07750952988862991,0.12200000137090683,0.1451999992132187
YOR329C,YJR141W,0,-3.1003313,0.07746031880378723,0.12200000137090683,0.1453000009059906
YER056C,YDR437W,0,-3.1004493,0.07741116732358932,0.12200000137090683,0.1454000025987625
YNL182C,YKL125W,0,-3.100625,0.07736208289861679,0.12200000137090683,0.14550000429153442
YBR136W,YCR073W-A,1,-3.1006348,0.07794676721096039,0.12300000339746475,0.14550000429153442
YBR118W,YPL122C,0,-3.1009665,0.07789740711450577,0.12300000339746475,0.14560000598430634
YDR122W,YAL032C,0,-3.1011956,0.07784809917211533,0.12300000339746475,0.14569999277591705
YOR078W,YOL121C,1,-3.1014302,0.0784313753247261,0.12399999797344208,0.14569999277591705
YLR266C,YDR481C,0,-3.1015308,0.07838179171085358,0.12399999797344208,0.14579999446868896
YMR058W,YDR325W,0,-3.1015708,0.07833228260278702,0.12399999797344208,0.14589999616146088
YER019C-A,YCR102C,0,-3.1016512,0.07828282564878464,0.12399999797344208,0.1459999978542328
YPR051W,YHL012W,1,-3.1021688,0.07886435091495514,0.125,0.1459999978542328
YAR014C,YOL045W,0,-3.1023548,0.07881462574005127,0.125,0.1460999995470047
YNR016C,YJL114W,0,-3.1023836,0.07876496762037277,0.125,0.1462000012397766
YNL102W,YOR076C,0,-3.1025026,0.07871536165475845,0.125,0.14630000293254852
YDR527W,YLR262C,0,-3.1027195,0.0786658301949501,0.125,0.14640000462532043
YJL099W,YBR041W,0,-3.1029286,0.07861635088920593,0.125,0.14650000631809235
YDR273W,YKL108W,0,-3.1029658,0.07856693863868713,0.125,0.14659999310970306
YFL029C,YFL014W,0,-3.103195,0.07851758599281311,0.125,0.14669999480247498
YDL085W,YOR162C,0,-3.1032367,0.07846830040216446,0.125,0.1467999964952469
YIL085C,YOR119C,0,-3.1032887,0.07841907441616058,0.125,0.1468999981880188
YGL025C,YDR082W,1,-3.1033454,0.07899686694145203,0.12600000202655792,0.1468999981880188
YBR102C,YBR012W-A,0,-3.1033883,0.07894736528396606,0.12600000202655792,0.1469999998807907
YAL020C,YLL040C,0,-3.1034324,0.07889793068170547,0.12600000202655792,0.14710000157356262
YGR075C,YLR048W,0,-3.103614,0.07884856313467026,0.12600000202655792,0.14720000326633453
YJR083C,YGL183C,0,-3.1039839,0.07879924774169922,0.12600000202655792,0.14730000495910645
YKL007W,YGR054W,0,-3.104015,0.07874999940395355,0.12600000202655792,0.14740000665187836
YHR006W,YJR027W,0,-3.1041458,0.07870081067085266,0.12600000202655792,0.14749999344348907
YDL217C,YMR067C,0,-3.1041481,0.07865168899297714,0.12600000202655792,0.147599995136261
YIL036W,YAL013W,1,-3.104195,0.07922644913196564,0.12700000405311584,0.147599995136261
YPR057W,YOL077C,0,-3.1042376,0.07917705923318863,0.12700000405311584,0.1476999968290329
YDL227C,YOL005C,0,-3.1042793,0.0791277289390564,0.12700000405311584,0.1477999985218048
YGR089W,YAL011W,0,-3.10431,0.07907845824956894,0.12700000405311584,0.14790000021457672
YPL128C,YLL017W,0,-3.1043937,0.07902924716472626,0.12700000405311584,0.14800000190734863
YKR026C,YNL302C,0,-3.1044044,0.07898010313510895,0.12700000405311584,0.14810000360012054
YOL082W,YMR210W,0,-3.104455,0.07893101125955582,0.12700000405311584,0.14820000529289246
YOR353C,YHR006W,0,-3.1045396,0.07888198643922806,0.12700000405311584,0.14830000698566437
YLR158C,YLR246W,0,-3.1045449,0.07883302122354507,0.12700000405311584,0.14839999377727509
YHL048W,YLL056C,0,-3.1046243,0.07878411561250687,0.12700000405311584,0.148499995470047
YOL090W,YBR253W,0,-3.104684,0.07873527705669403,0.12700000405311584,0.1485999971628189
YJL006C,YKL042W,0,-3.1048415,0.07868649065494537,0.12700000405311584,0.14869999885559082
YNL020C,YDR122W,0,-3.1049762,0.07863777130842209,0.12700000405311584,0.14880000054836273
YGR186W,YOR305W,0,-3.1050434,0.07858911156654358,0.12700000405311584,0.14890000224113464
YIL010W,YMR069W,0,-3.1051166,0.07854050397872925,0.12700000405311584,0.14900000393390656
YBL052C,YKL088W,0,-3.105539,0.07849196344614029,0.12700000405311584,0.14910000562667847
YLR221C,YAR010C,0,-3.1055763,0.0784434825181961,0.12700000405311584,0.14920000731945038
YML012W,YNL247W,0,-3.1056154,0.0783950611948967,0.12700000405311584,0.1492999941110611
YDR217C,YLR435W,0,-3.105664,0.07834669947624207,0.12700000405311584,0.149399995803833
YNL232W,YPL012W,0,-3.1058452,0.07829839736223221,0.12700000405311584,0.14949999749660492
YDR173C,YLR431C,0,-3.1058843,0.07825015485286713,0.12700000405311584,0.14959999918937683
YGL183C,YNL064C,0,-3.1059415,0.07820197194814682,0.12700000405311584,0.14970000088214874
YDL081C,YML097C,1,-3.1059837,0.07876922935247421,0.12800000607967377,0.14970000088214874
YIL033C,YLR047C,0,-3.1059923,0.07872078567743301,0.12800000607967377,0.14980000257492065
YLR210W,YDR192C,0,-3.1061108,0.07867240160703659,0.12800000607967377,0.14990000426769257
YER168C,YNL232W,0,-3.1061673,0.07862407714128494,0.12800000607967377,0.15000000596046448
YCL004W,YBR118W,0,-3.1063297,0.07857581228017807,0.12800000607967377,0.1500999927520752
YPL218W,YOR297C,0,-3.1063316,0.07852760702371597,0.12800000607967377,0.1501999944448471
YOR078W,YDR363W-A,1,-3.106735,0.0790925845503807,0.1289999932050705,0.1501999944448471
YKL139W,YLR192C,1,-3.1068726,0.07965686172246933,0.12999999523162842,0.1501999944448471
YJL080C,YNL045W,0,-3.1070955,0.07960808277130127,0.12999999523162842,0.15029999613761902
YLR205C,YLR191W,0,-3.1071022,0.07955936342477798,0.12999999523162842,0.15039999783039093
YHR086W,YHR106W,0,-3.107611,0.07951070368289948,0.12999999523162842,0.15049999952316284
YLR353W,YCL074W,0,-3.1077864,0.07946210354566574,0.12999999523162842,0.15060000121593475
YOL116W,YOR305W,0,-3.1079113,0.07941356301307678,0.12999999523162842,0.15070000290870667
YDR151C,YLR452C,0,-3.108308,0.0793650820851326,0.12999999523162842,0.15080000460147858
YCR038C,YBR012W-A,0,-3.1084523,0.0793166533112526,0.12999999523162842,0.1509000062942505
YBR205W,YDR192C,0,-3.1085107,0.07926829159259796,0.12999999523162842,0.1509999930858612
YER013W,YDR292C,0,-3.1086264,0.0792199894785881,0.12999999523162842,0.15109999477863312
YML057W,YJR059W,0,-3.1088474,0.07917173951864243,0.12999999523162842,0.15119999647140503
YLR160C,YER044C,0,-3.108964,0.07912355661392212,0.12999999523162842,0.15129999816417694
YKL012W,YHR214C-B,0,-3.1090243,0.07907542586326599,0.12999999523162842,0.15139999985694885
YPL078C,YJR027W,0,-3.1093462,0.07902735471725464,0.12999999523162842,0.15150000154972076
YGR224W,YLL035W,0,-3.1093583,0.07897934317588806,0.12999999523162842,0.15160000324249268
YGR221C,YML039W,0,-3.1095765,0.07893139123916626,0.12999999523162842,0.1517000049352646
YPL106C,YHL012W,1,-3.109594,0.0794902890920639,0.13099999725818634,0.1517000049352646
YNL271C,YBR049C,0,-3.1096213,0.0794420838356018,0.13099999725818634,0.1518000066280365
YDR385W,YFR055W,0,-3.109753,0.07939393818378448,0.13099999725818634,0.15189999341964722
YNL311C,YOL028C,0,-3.1098316,0.07934585213661194,0.13099999725818634,0.15199999511241913
YDL198C,YPL006W,0,-3.1099272,0.07929781824350357,0.13099999725818634,0.15209999680519104
YNL130C,YGL051W,0,-3.1100252,0.07924985140562057,0.13099999725818634,0.15219999849796295
YHL040C,YDL105W,0,-3.1103442,0.07920193672180176,0.13099999725818634,0.15230000019073486
YLR405W,YLL004W,0,-3.110601,0.07915408164262772,0.13099999725818634,0.15240000188350677
YPL115C,YJL204C,0,-3.1106174,0.07910627871751785,0.13099999725818634,0.1525000035762787
YEL069C,YCR067C,0,-3.1107936,0.07905854284763336,0.13099999725818634,0.1526000052690506
YJR007W,YIL029C,0,-3.110811,0.07901085913181305,0.13099999725818634,0.1527000069618225
YPR002W,YLR424W,0,-3.1111543,0.07896322757005692,0.13099999725818634,0.15279999375343323
YLR134W,YNR064C,0,-3.1112053,0.07891566306352615,0.13099999725818634,0.15289999544620514
YMR042W,YHR068W,0,-3.1113732,0.07886815071105957,0.13099999725818634,0.15299999713897705
YER032W,YDR224C,0,-3.111409,0.07882069796323776,0.13099999725818634,0.15309999883174896
YNL111C,YGL096W,0,-3.1116507,0.07877330482006073,0.13099999725818634,0.15320000052452087
YHR175W,YOR191W,0,-3.1118362,0.07872596383094788,0.13099999725818634,0.15330000221729279
YBR170C,YER021W,0,-3.1118734,0.0786786749958992,0.13099999725818634,0.1534000039100647
YER013W,YOR116C,0,-3.111888,0.0786314532160759,0.13099999725818634,0.1535000056028366
YPR105C,YNL311C,0,-3.1119506,0.07858428359031677,0.13099999725818634,0.15360000729560852
YER032W,YHR061C,0,-3.112028,0.07853717356920242,0.13099999725818634,0.15369999408721924
YIL124W,YGL240W,0,-3.1120307,0.07849011570215225,0.13099999725818634,0.15379999577999115
YKL013C,YDR515W,0,-3.1120849,0.07844311743974686,0.13099999725818634,0.15389999747276306
YOR250C,YMR167W,0,-3.1120875,0.07839617133140564,0.13099999725818634,0.15399999916553497
YPL146C,YCR052W,0,-3.1123161,0.0783492848277092,0.13099999725818634,0.15410000085830688
YMR004W,YHL028W,0,-3.112379,0.07830245047807693,0.13099999725818634,0.1542000025510788
YDR179C,YFL011W,0,-3.1125255,0.07825567573308945,0.13099999725818634,0.1543000042438507
YPL132W,YIL019W,0,-3.1126845,0.07820895314216614,0.13099999725818634,0.15440000593662262
YDR392W,YDR325W,0,-3.1127098,0.0781622901558876,0.13099999725818634,0.15449999272823334
YPL275W,YLR014C,0,-3.1128197,0.07811567932367325,0.13099999725818634,0.15459999442100525
YMR168C,YDR346C,0,-3.1129167,0.07806912809610367,0.13099999725818634,0.15469999611377716
YER019W,YDR065W,0,-3.1129377,0.07802262902259827,0.13099999725818634,0.15479999780654907
YJR069C,YDL208W,0,-3.1129515,0.07797618955373764,0.13099999725818634,0.15489999949932098
YPR042C,YKR031C,0,-3.1134365,0.07792980223894119,0.13099999725818634,0.1550000011920929
YGL006W,YPR121W,0,-3.1141253,0.07788347452878952,0.13099999725818634,0.1551000028848648
YOL078W,YER117W,0,-3.1141567,0.07783719897270203,0.13099999725818634,0.15520000457763672
YDR138W,YKR059W,1,-3.114189,0.07838480174541473,0.13199999928474426,0.15520000457763672
YLL060C,YER062C,0,-3.1142607,0.07833828032016754,0.13199999928474426,0.15530000627040863
YIR010W,YBL052C,0,-3.1143157,0.07829181849956512,0.13199999928474426,0.15539999306201935
YAL021C,YMR011W,0,-3.1144161,0.07824540883302689,0.13199999928474426,0.15549999475479126
YBR168W,YBR183W,0,-3.11453,0.07819905132055283,0.13199999928474426,0.15559999644756317
YDR270W,YKL046C,0,-3.1145954,0.07815275341272354,0.13199999928474426,0.15569999814033508
YGL212W,YEL057C,1,-3.114607,0.07869822531938553,0.13300000131130219,0.15569999814033508
YFL008W,YBR012W-A,0,-3.1148798,0.07865168899297714,0.13300000131130219,0.155799999833107
YML092C,YNL167C,0,-3.1150124,0.07860519737005234,0.13300000131130219,0.1559000015258789
YMR059W,YLR200W,0,-3.1153643,0.0785587728023529,0.13300000131130219,0.15600000321865082
YNL126W,YPR080W,0,-3.1154006,0.07851240038871765,0.13300000131130219,0.15610000491142273
YBL069W,YLL056C,0,-3.1157029,0.07846608012914658,0.13300000131130219,0.15620000660419464
YCR086W,YHR081W,1,-3.1159108,0.07900943607091904,0.1340000033378601,0.15620000660419464
YLR228C,YOR317W,0,-3.1159284,0.07896287739276886,0.1340000033378601,0.15629999339580536
YDL142C,YMR089C,0,-3.1160226,0.07891637086868286,0.1340000033378601,0.15639999508857727
YOR099W,YJL114W,0,-3.1160629,0.07886992394924164,0.1340000033378601,0.15649999678134918
YBR195C,YGL243W,0,-3.1164656,0.0788235291838646,0.1340000033378601,0.1565999984741211
YCR065W,YLR357W,1,-3.116563,0.0793650820851326,0.13500000536441803,0.1565999984741211
YGR188C,YOR373W,0,-3.1166413,0.07931844890117645,0.13500000536441803,0.156700000166893
YFR027W,YOR049C,0,-3.1167586,0.07927187532186508,0.13500000536441803,0.15680000185966492
YDR295C,YPL254W,1,-3.1167667,0.07981220632791519,0.13600000739097595,0.15680000185966492
YLL060C,YPL240C,0,-3.1168878,0.07976539433002472,0.13600000739097595,0.15690000355243683
YGR229C,YDL118W,1,-3.1169116,0.08030480891466141,0.13699999451637268,0.15690000355243683
YGL047W,YFR053C,0,-3.117081,0.08025775849819183,0.13699999451637268,0.15700000524520874
YPL001W,YDR165W,0,-3.1171055,0.08021077513694763,0.13699999451637268,0.15710000693798065
YHR013C,YLR357W,1,-3.117233,0.08074897527694702,0.1379999965429306,0.15710000693798065
YLR319C,YBR042C,0,-3.117233,0.08070175349712372,0.1379999965429306,0.15719999372959137
YOR281C,YHR143W-A,0,-3.1172812,0.08065459132194519,0.1379999965429306,0.15729999542236328
YJR045C,YIL029C,0,-3.117347,0.08060747385025024,0.1379999965429306,0.1573999971151352
YPR201W,YDR342C,0,-3.1173494,0.08056042343378067,0.1379999965429306,0.1574999988079071
YJL092W,YKR065C,0,-3.1174638,0.08051341772079468,0.1379999965429306,0.15760000050067902
YOL149W,YEL020W-A,0,-3.117614,0.08046647161245346,0.1379999965429306,0.15770000219345093
YDR449C,YPL276W,0,-3.1177423,0.08041957765817642,0.1379999965429306,0.15780000388622284
YLR433C,YIR041W,0,-3.1178133,0.08037274330854416,0.1379999965429306,0.15790000557899475
YIL009W,YGR128C,0,-3.1179678,0.08032596111297607,0.1379999965429306,0.15800000727176666
YIL114C,YCL020W,0,-3.118158,0.08027923107147217,0.1379999965429306,0.15809999406337738
YEL042W,YER122C,0,-3.1181896,0.08023256063461304,0.1379999965429306,0.1581999957561493
YBR177C,YNL257C,0,-3.1182263,0.08018593490123749,0.1379999965429306,0.1582999974489212
YLR129W,YDL028C,0,-3.1182299,0.08013937622308731,0.1379999965429306,0.15839999914169312
YGL216W,YOR305W,0,-3.1182525,0.08009286224842072,0.1379999965429306,0.15850000083446503
YKL196C,YDR306C,0,-3.1182587,0.0800464004278183,0.1379999965429306,0.15860000252723694
YDR492W,YBR296C,0,-3.118561,0.07999999821186066,0.1379999965429306,0.15870000422000885
YCR038C,YKL020C,0,-3.1188786,0.0799536481499672,0.1379999965429306,0.15880000591278076
YER087C-A,YDR469W,0,-3.119187,0.07990735024213791,0.1379999965429306,0.15889999270439148
YER072W,YIL082W-A,0,-3.1194088,0.0798611119389534,0.1379999965429306,0.1589999943971634
YJL183W,YPL208W,0,-3.1196795,0.07981491833925247,0.1379999965429306,0.1590999960899353
YMR080C,YLR467W,1,-3.1198142,0.08034682273864746,0.13899999856948853,0.1590999960899353
YNL278W,YJR017C,0,-3.1198876,0.08030040562152863,0.13899999856948853,0.15919999778270721
YGL035C,YLR425W,0,-3.1199625,0.08025404065847397,0.13899999856948853,0.15929999947547913
YPR055W,YDL092W,0,-3.1201384,0.08020773530006409,0.13899999856948853,0.15940000116825104
YDL024C,YNL329C,0,-3.1201885,0.08016147464513779,0.13899999856948853,0.15950000286102295
YCR098C,YBL050W,0,-3.1203883,0.08011527359485626,0.13899999856948853,0.15960000455379486
YGL043W,YFL024C,0,-3.1205127,0.08006912469863892,0.13899999856948853,0.15970000624656677
YCR040W,YMR036C,0,-3.1205385,0.08002302795648575,0.13899999856948853,0.1597999930381775
YLR451W,YBR055C,0,-3.1205552,0.07997698336839676,0.13899999856948853,0.1598999947309494
YNL177C,YER138C,0,-3.120712,0.07993099838495255,0.13899999856948853,0.1599999964237213
YLR397C,YGL247W,0,-3.1209102,0.07988505810499191,0.13899999856948853,0.16009999811649323
YHR190W,YML013W,0,-3.1209915,0.07983916997909546,0.13899999856948853,0.16019999980926514
YBR258C,YDL112W,0,-3.1210907,0.07979334145784378,0.13899999856948853,0.16030000150203705
YJR040W,YCL074W,0,-3.121301,0.07974756509065628,0.13899999856948853,0.16040000319480896
YGL155W,YKL057C,0,-3.1214654,0.07970183342695236,0.13899999856948853,0.16050000488758087
YBL003C,YOL147C,0,-3.1217074,0.07965616136789322,0.13899999856948853,0.16060000658035278
YHL038C,YDR131C,0,-3.12186,0.07961054146289825,0.13899999856948853,0.1606999933719635
YGL226C-A,YDL055C,0,-3.122027,0.07956496626138687,0.13899999856948853,0.1607999950647354
YKL045W,YPL153C,0,-3.12203,0.07951945066452026,0.13899999856948853,0.16089999675750732
YIL117C,YGL252C,0,-3.1220343,0.07947398722171783,0.13899999856948853,0.16099999845027924
YOL011W,YHR106W,0,-3.1220725,0.07942856848239899,0.13899999856948853,0.16110000014305115
YIL114C,YAR009C,0,-3.122161,0.07938320934772491,0.13899999856948853,0.16120000183582306
YHR085W,YGL111W,0,-3.1222637,0.07933790236711502,0.13899999856948853,0.16130000352859497
YNR053C,YEL016C,0,-3.1222765,0.07929264008998871,0.13899999856948853,0.16140000522136688
YLR115W,YDR507C,0,-3.1223598,0.07924743741750717,0.13899999856948853,0.1615000069141388
YOL165C,YMR182C,0,-3.1223798,0.07920227944850922,0.13899999856948853,0.1615999937057495
YIL042C,YNL339C,1,-3.1224163,0.07972665131092072,0.14000000059604645,0.1615999937057495
YDR436W,YMR134W,0,-3.1224983,0.07968127727508545,0.14000000059604645,0.16169999539852142
YJR150C,YJR066W,0,-3.1226263,0.07963594794273376,0.14000000059604645,0.16179999709129333
YDR106W,YIL150C,0,-3.1227334,0.07959067821502686,0.14000000059604645,0.16189999878406525
YJR160C,YAL030W,0,-3.1230764,0.07954545319080353,0.14000000059604645,0.16200000047683716
YDR205W,YOL067C,0,-3.1231146,0.07950028032064438,0.14000000059604645,0.16210000216960907
YJL034W,YGR004W,0,-3.123172,0.07945516705513,0.14000000059604645,0.16220000386238098
YGR041W,YLR014C,0,-3.1232274,0.07941009849309921,0.14000000059604645,0.1623000055551529
YOR179C,YKL088W,0,-3.1233406,0.0793650820851326,0.14000000059604645,0.1624000072479248
YML103C,YDR170C,0,-3.123493,0.07932011038064957,0.14000000059604645,0.16249999403953552
YPR164W,YDR135C,0,-3.1235409,0.07927519828081131,0.14000000059604645,0.16259999573230743
YDR106W,YEL061C,0,-3.1236064,0.07923033088445663,0.14000000059604645,0.16269999742507935
YPL026C,YPL033C,0,-3.1237018,0.07918552309274673,0.14000000059604645,0.16279999911785126
YER051W,YML040W,0,-3.1238122,0.07914076000452042,0.14000000059604645,0.16290000081062317
YLR155C,YBR037C,0,-3.1240237,0.07909604161977768,0.14000000059604645,0.16300000250339508
YOR058C,YDL116W,0,-3.1240594,0.07905138283967972,0.14000000059604645,0.163100004196167
YJL072C,YDR334W,0,-3.1241887,0.07900676876306534,0.14000000059604645,0.1632000058889389
YNL136W,YDL213C,0,-3.124221,0.07896221429109573,0.14000000059604645,0.16329999268054962
YCR086W,YCL061C,1,-3.1242242,0.07948140054941177,0.14100000262260437,0.16329999268054962
YLR425W,YOR305W,0,-3.124536,0.07943662256002426,0.14100000262260437,0.16339999437332153
YBR112C,YDR115W,1,-3.1246612,0.07995495200157166,0.1420000046491623,0.16339999437332153
YDR258C,YOR266W,0,-3.1248262,0.07990995794534683,0.1420000046491623,0.16349999606609344
YDR252W,YLR115W,0,-3.1248438,0.07986501604318619,0.1420000046491623,0.16359999775886536
YER001W,YIL029C,0,-3.124945,0.07982012629508972,0.1420000046491623,0.16369999945163727
YLR214W,YDL112W,0,-3.1249523,0.07977528125047684,0.1420000046491623,0.16380000114440918
YNR038W,YBR055C,0,-3.1250122,0.07973048835992813,0.1420000046491623,0.1639000028371811
YPR175W,YHR152W,0,-3.1250641,0.0796857476234436,0.1420000046491623,0.164000004529953
YBR092C,YOR049C,0,-3.1252556,0.07964105159044266,0.1420000046491623,0.16410000622272491
YPR037C,YER087C-A,0,-3.1254003,0.07959641516208649,0.1420000046491623,0.16419999301433563
YOR074C,YHL024W,0,-3.1254404,0.0795518234372139,0.1420000046491623,0.16429999470710754
YLR329W,YJR004C,0,-3.125444,0.07950727641582489,0.1420000046491623,0.16439999639987946
YAL013W,YDR115W,1,-3.1257195,0.08002238720655441,0.14300000667572021,0.16439999639987946
YJL005W,YEL041W,0,-3.1258373,0.07997763156890869,0.14300000667572021,0.16449999809265137
YGL155W,YJL203W,0,-3.125915,0.07993292063474655,0.14300000667572021,0.16459999978542328
YMR075W,YHR214C-B,0,-3.1261082,0.07988826930522919,0.14300000667572021,0.1647000014781952
YCL025C,YMR045C,0,-3.1261494,0.0798436626791954,0.14300000667572021,0.1648000031709671
YFR019W,YHR001W,0,-3.126333,0.0797991082072258,0.14300000667572021,0.164900004863739
YOR260W,YOR298W,0,-3.126376,0.07975459843873978,0.14300000667572021,0.16500000655651093
YCR086W,YNL243W,1,-3.1264951,0.08026755601167679,0.14399999380111694,0.16500000655651093
YGL180W,YJL089W,0,-3.1265705,0.08022283762693405,0.14399999380111694,0.16509999334812164
YKL092C,YMR004W,0,-3.1265872,0.0801781713962555,0.14399999380111694,0.16519999504089355
YKR054C,YJL183W,0,-3.1268337,0.08013355731964111,0.14399999380111694,0.16529999673366547
YNL130C,YCL020W,0,-3.1270387,0.08008898794651031,0.14399999380111694,0.16539999842643738
YAL020C,YNL206C,0,-3.1270998,0.0800444707274437,0.14399999380111694,0.1655000001192093
YPR007C,YJL114W,0,-3.1272175,0.07999999821186066,0.14399999380111694,0.1656000018119812
YPL233W,YPR041W,0,-3.1272569,0.0799555778503418,0.14399999380111694,0.1657000035047531
YNL020C,YOL111C,0,-3.1273308,0.07991120964288712,0.14399999380111694,0.16580000519752502
YNL101W,YHR079C,0,-3.127426,0.07986688613891602,0.14399999380111694,0.16590000689029694
YDR423C,YCR002C,0,-3.1274347,0.0798226147890091,0.14399999380111694,0.16599999368190765
YAL031C,YDR122W,0,-3.1274536,0.07977839559316635,0.14399999380111694,0.16609999537467957
YER012W,YNL313C,0,-3.1277273,0.07973422110080719,0.14399999380111694,0.16619999706745148
YOL135C,YLR263W,0,-3.1279914,0.07969009131193161,0.14399999380111694,0.1662999987602234
YOL008W,YGL006W,0,-3.1280458,0.0796460211277008,0.14399999380111694,0.1664000004529953
YLL060C,YKL064W,0,-3.1281044,0.07960198819637299,0.14399999380111694,0.1665000021457672
YNL129W,YML069W,0,-3.1283894,0.07955800741910934,0.14399999380111694,0.16660000383853912
YKL112W,YMR229C,0,-3.1283896,0.07951407879590988,0.14399999380111694,0.16670000553131104
YBR193C,YGL233W,0,-3.1284912,0.0794702023267746,0.14399999380111694,0.16680000722408295
YOR381W,YFL026W,0,-3.1286874,0.0794263631105423,0.14399999380111694,0.16689999401569366
YBL085W,YKR037C,0,-3.1288245,0.07938258349895477,0.14399999380111694,0.16699999570846558
YIL009C-A,YBR035C,1,-3.1288807,0.07988980412483215,0.14499999582767487,0.16699999570846558
YHR021C,YLR010C,1,-3.1291232,0.08039647340774536,0.1459999978542328,0.16699999570846558
YKR009C,YML120C,0,-3.1291406,0.08035223186016083,0.1459999978542328,0.1670999974012375
YJR160C,YJR059W,0,-3.1298788,0.08030802756547928,0.1459999978542328,0.1671999990940094
YNR058W,YHR030C,0,-3.1299021,0.0802638828754425,0.1459999978542328,0.1673000007867813
YDL245C,YDR259C,0,-3.130352,0.08021978288888931,0.1459999978542328,0.16740000247955322
YBR244W,YNL182C,0,-3.1307569,0.0801757276058197,0.1459999978542328,0.16750000417232513
YJL080C,YLR055C,0,-3.1308377,0.08013172447681427,0.1459999978542328,0.16760000586509705
YHR015W,YLR452C,0,-3.1308618,0.08008776605129242,0.1459999978542328,0.16769999265670776
YLR150W,YDL077C,1,-3.1309373,0.08059210330247879,0.1469999998807907,0.16769999265670776
YGR247W,YIL066C,0,-3.131051,0.08054794371128082,0.1469999998807907,0.16779999434947968
YDL028C,YDL105W,0,-3.131206,0.08050383627414703,0.1469999998807907,0.1678999960422516
YCL034W,YDL019C,0,-3.131302,0.08045977354049683,0.1469999998807907,0.1679999977350235
YDR318W,YIL119C,0,-3.1314008,0.0804157555103302,0.1469999998807907,0.1680999994277954
YBL008W,YGR078C,0,-3.131438,0.08037178963422775,0.1469999998807907,0.16820000112056732
YMR078C,YER019W,0,-3.1315536,0.08032786846160889,0.1469999998807907,0.16830000281333923
YCR094W,YCL074W,0,-3.1315913,0.0802839994430542,0.1469999998807907,0.16840000450611115
YDR176W,YDR240C,0,-3.1316006,0.0802401751279831,0.1469999998807907,0.16850000619888306
YBR129C,YBR095C,0,-3.1316202,0.08019640296697617,0.1469999998807907,0.16859999299049377
YBR091C,YJR063W,0,-3.1319017,0.08015266805887222,0.1469999998807907,0.16869999468326569
YJL112W,YDR181C,0,-3.131989,0.08010899275541306,0.1469999998807907,0.1687999963760376
YOR043W,YLR467W,1,-3.1321313,0.08061002194881439,0.14800000190734863,0.1687999963760376
YOL078W,YCR057C,0,-3.1322558,0.08056613802909851,0.14800000190734863,0.1688999980688095
YPR135W,YHR178W,0,-3.1323245,0.08052230626344681,0.14800000190734863,0.16899999976158142
YLL003W,YHR161C,0,-3.1324315,0.08047851920127869,0.14800000190734863,0.16910000145435333
YGR256W,YDR457W,0,-3.1324446,0.08043478429317474,0.14800000190734863,0.16920000314712524
YPR176C,YJL059W,0,-3.132692,0.08039109408855438,0.14800000190734863,0.16930000483989716
YPL217C,YGR003W,0,-3.1327355,0.0803474485874176,0.14800000190734863,0.16940000653266907
YOR266W,YNL098C,0,-3.1328852,0.080303855240345,0.14800000190734863,0.16949999332427979
YKL079W,YFL049W,0,-3.133011,0.08026030659675598,0.14800000190734863,0.1695999950170517
YJL092W,YEL013W,0,-3.1330326,0.08021680265665054,0.14800000190734863,0.1696999967098236
YPR193C,YOL110W,0,-3.133167,0.08017335087060928,0.14800000190734863,0.16979999840259552
YNL288W,YMR210W,0,-3.1332667,0.0801299437880516,0.14800000190734863,0.16990000009536743
YEL016C,YPR080W,0,-3.1333408,0.08008658140897751,0.14800000190734863,0.17000000178813934
YER118C,YOR295W,0,-3.133487,0.080043263733387,0.14800000190734863,0.17010000348091125
YGL065C,YMR283C,0,-3.133508,0.07999999821186066,0.14800000190734863,0.17020000517368317
YIL046W,YER006W,0,-3.1335256,0.0799567773938179,0.14800000190734863,0.17030000686645508
YHR148W,YOR098C,0,-3.1335447,0.07991360872983932,0.14800000190734863,0.1703999936580658
YMR135C,YBL100W-A,0,-3.133651,0.07987047731876373,0.14800000190734863,0.1704999953508377
YBL078C,YML038C,0,-3.1336715,0.07982739806175232,0.14800000190734863,0.17059999704360962
YCR084C,YLR272C,0,-3.1338494,0.07978436350822449,0.14800000190734863,0.17069999873638153
YGL206C,YDR480W,0,-3.133887,0.07974138110876083,0.14800000190734863,0.17080000042915344
YML077W,YBR142W,0,-3.1338875,0.07969843596220016,0.14800000190734863,0.17090000212192535
YER179W,YAR009C,0,-3.133963,0.07965554296970367,0.14800000190734863,0.17100000381469727
YCL040W,YDR359C,0,-3.133997,0.07961269468069077,0.14800000190734863,0.17110000550746918
YMR234W,YER117W,0,-3.1340392,0.07956989109516144,0.14800000190734863,0.1712000072002411
YPL248C,YDR096W,0,-3.1340508,0.07952713966369629,0.14800000190734863,0.1712999939918518
YGL043W,YDR478W,0,-3.1341293,0.07948442548513412,0.14800000190734863,0.17139999568462372
YJL208C,YNL221C,0,-3.1343958,0.07944176346063614,0.14800000190734863,0.17149999737739563
YBL008W,YPL208W,0,-3.1348088,0.07939913868904114,0.14800000190734863,0.17159999907016754
YDR219C,YER008C,0,-3.134883,0.07935656607151031,0.14800000190734863,0.17170000076293945
YOL077W-A,YIR021W,0,-3.1350305,0.07931403815746307,0.14800000190734863,0.17180000245571136
YNL258C,YDR449C,0,-3.1352258,0.07927155494689941,0.14800000190734863,0.17190000414848328
YMR142C,YPL144W,1,-3.1352406,0.0797644555568695,0.14900000393390656,0.17190000414848328
YCR098C,YMR050C,0,-3.1353838,0.07972177863121033,0.14900000393390656,0.1720000058412552
YOR244W,YKR037C,0,-3.1353838,0.07967914640903473,0.14900000393390656,0.1720999926328659
YDR147W,YGL216W,0,-3.1354938,0.07963655889034271,0.14900000393390656,0.17219999432563782
YPL249C,YLL017W,0,-3.1357388,0.07959401607513428,0.14900000393390656,0.17229999601840973
YDR378C,YNL126W,0,-3.135764,0.07955151796340942,0.14900000393390656,0.17239999771118164
YJR150C,YOR208W,0,-3.1358178,0.07950907200574875,0.14900000393390656,0.17249999940395355
YPL153C,YOR110W,0,-3.135859,0.07946666330099106,0.14900000393390656,0.17260000109672546
YPR190C,YDR389W,0,-3.135925,0.07942430675029755,0.14900000393390656,0.17270000278949738
YOR058C,YHR094C,0,-3.1360304,0.07938199490308762,0.14900000393390656,0.1728000044822693
YBR162C,YLR386W,0,-3.1363356,0.07933972030878067,0.14900000393390656,0.1729000061750412
YHL038C,YLR115W,0,-3.1363719,0.0792974978685379,0.14900000393390656,0.17299999296665192
YOR116C,YBR105C,0,-3.1365519,0.07925532013177872,0.14900000393390656,0.17309999465942383
YIR010W,YKL081W,0,-3.136621,0.07921318709850311,0.14900000393390656,0.17319999635219574
YCR020W-B,YDR004W,1,-3.1368508,0.07970244437456131,0.15000000596046448,0.17319999635219574
YMR220W,YPL240C,0,-3.136871,0.07966011762619019,0.15000000596046448,0.17329999804496765
YDL030W,YLR105C,0,-3.1371722,0.07961783558130264,0.15000000596046448,0.17339999973773956
YFR014C,YDR077W,0,-3.137215,0.07957559823989868,0.15000000596046448,0.17350000143051147
YCR093W,YBL023C,0,-3.1374602,0.0795334056019783,0.15000000596046448,0.1736000031232834
YFL025C,YDR518W,0,-3.137502,0.0794912576675415,0.15000000596046448,0.1737000048160553
YIL053W,YCL054W,0,-3.1377733,0.07944915443658829,0.15000000596046448,0.1738000065088272
YBR177C,YKL086W,0,-3.1378517,0.07940709590911865,0.15000000596046448,0.17389999330043793
YBR233W-A,YNL173C,0,-3.138007,0.0793650820851326,0.15000000596046448,0.17399999499320984
YOR025W,YBR089C-A,0,-3.138099,0.07932311296463013,0.15000000596046448,0.17409999668598175
YNR030W,YLR158C,0,-3.1381598,0.07928118109703064,0.15000000596046448,0.17419999837875366
YIR025W,YCL075W,0,-3.138318,0.07923930138349533,0.15000000596046448,0.17430000007152557
YDR030C,YDR246W,0,-3.1383684,0.0791974663734436,0.15000000596046448,0.17440000176429749
YDL165W,YAL011W,0,-3.1384957,0.07915567606687546,0.15000000596046448,0.1745000034570694
YIL033C,YCR083W,0,-3.138687,0.0791139230132103,0.15000000596046448,0.1746000051498413
YOR224C,YMR087W,0,-3.138919,0.07907222211360931,0.15000000596046448,0.17470000684261322
YPL031C,YDR545W,1,-3.138957,0.07955742627382278,0.1509999930858612,0.17470000684261322
YOR099W,YHR086W,0,-3.1390893,0.07951553165912628,0.1509999930858612,0.17479999363422394
YKL079W,YGR054W,0,-3.139096,0.07947368174791336,0.1509999930858612,0.17489999532699585
YNL312W,YAR010C,0,-3.139269,0.07943187654018402,0.1509999930858612,0.17499999701976776
YNL261W,YNL247W,0,-3.139439,0.07939011603593826,0.1509999930858612,0.17509999871253967
YPL151C,YBR073W,0,-3.1395018,0.07934840023517609,0.1509999930858612,0.17520000040531158
YNR044W,YDR288W,0,-3.1395104,0.0793067216873169,0.1509999930858612,0.1753000020980835
YLL004W,YER074W-A,0,-3.139633,0.07926509529352188,0.1509999930858612,0.1754000037908554
YKL120W,YBL100W-A,0,-3.1397877,0.07922350615262985,0.1509999930858612,0.17550000548362732
YKL185W,YDL236W,0,-3.139808,0.0791819617152214,0.1509999930858612,0.17560000717639923
YJR145C,YDR083W,1,-3.1398368,0.07966457307338715,0.15199999511241913,0.17560000717639923
YLR405W,YCR035C,0,-3.139925,0.07962284237146378,0.15199999511241913,0.17569999396800995
YCR047C,YLR455W,0,-3.1399443,0.07958114892244339,0.15199999511241913,0.17579999566078186
YIL149C,YDR356W,0,-3.1400878,0.07953950762748718,0.15199999511241913,0.17589999735355377
YIR009W,YML011C,0,-3.1406283,0.07949791103601456,0.15199999511241913,0.17599999904632568
YPL233W,YBL018C,0,-3.1406462,0.07945635169744492,0.15199999511241913,0.1761000007390976
YBR065C,YEL019C,0,-3.1409364,0.07941483706235886,0.15199999511241913,0.1762000024318695
YDR276C,YHL024W,0,-3.1410472,0.07937336713075638,0.15199999511241913,0.17630000412464142
YPR198W,YPL047W,0,-3.1410742,0.07933194190263748,0.15199999511241913,0.17640000581741333
YOL091W,YAL005C,0,-3.141241,0.07929056137800217,0.15199999511241913,0.17649999260902405
YNL327W,YLR205C,0,-3.1412756,0.07924921810626984,0.15199999511241913,0.17659999430179596
YDL045C,YEL004W,0,-3.1412995,0.07920791953802109,0.15199999511241913,0.17669999599456787
YOR023C,YOR226C,0,-3.141435,0.07916666567325592,0.15199999511241913,0.17679999768733978
YMR312W,YDR325W,0,-3.141476,0.07912545651197433,0.15199999511241913,0.1768999993801117
YAL013W,YDR138W,1,-3.1414988,0.07960458099842072,0.15299999713897705,0.1768999993801117
YER177W,YBL075C,0,-3.141502,0.0795631855726242,0.15299999713897705,0.1770000010728836
YBR131W,YNL248C,0,-3.1415093,0.07952182739973068,0.15299999713897705,0.17710000276565552
YDR206W,YOR322C,1,-3.1417434,0.07999999821186066,0.15399999916553497,0.17710000276565552
YGR145W,YOR119C,0,-3.1418045,0.0799584612250328,0.15399999916553497,0.17720000445842743
YEL015W,YER118C,0,-3.141828,0.07991696894168854,0.15399999916553497,0.17730000615119934
YHR065C,YLR003C,0,-3.141937,0.07987552136182785,0.15399999916553497,0.17739999294281006
YMR033W,YBR129C,0,-3.1421325,0.07983411103487015,0.15399999916553497,0.17749999463558197
YDL165W,YOR298W,0,-3.1424124,0.07979274541139603,0.15399999916553497,0.17759999632835388
YNL008C,YNL318C,0,-3.1425078,0.07975142449140549,0.15399999916553497,0.1776999980211258
YBR274W,YJL141C,0,-3.1425173,0.07971014827489853,0.15399999916553497,0.1777999997138977
YDR076W,YBR083W,0,-3.1427562,0.07966890931129456,0.15399999916553497,0.17790000140666962
YJL148W,YAL047C,0,-3.1428726,0.07962771505117416,0.15399999916553497,0.17800000309944153
YPL116W,YER120W,0,-3.1430569,0.07958656549453735,0.15399999916553497,0.17810000479221344
YMR168C,YER082C,0,-3.1431415,0.07954545319080353,0.15399999916553497,0.17820000648498535
YLR078C,YLR386W,0,-3.1433172,0.07950438559055328,0.15399999916553497,0.17829999327659607
YJR150C,YKL026C,0,-3.143339,0.07946336269378662,0.15399999916553497,0.17839999496936798
YDR376W,YPL018W,0,-3.1434472,0.07942238450050354,0.15399999916553497,0.1784999966621399
YDR245W,YGL094C,0,-3.143512,0.07938144356012344,0.15399999916553497,0.1785999983549118
YAR002W,YJL179W,1,-3.1435165,0.07985574752092361,0.1550000011920929,0.1785999983549118
YER056C,YOL101C,0,-3.1435616,0.07981462776660919,0.1550000011920929,0.17870000004768372
YDR473C,YBL046W,0,-3.1436405,0.07977354526519775,0.1550000011920929,0.17880000174045563
YNR019W,YOR036W,0,-3.143687,0.0797325074672699,0.1550000011920929,0.17890000343322754
YER035W,YOL110W,0,-3.1437707,0.07969151437282562,0.1550000011920929,0.17900000512599945
YBR237W,YNR006W,0,-3.1441822,0.07965056598186493,0.1550000011920929,0.17910000681877136
YOL063C,YMR203W,0,-3.1443796,0.07960965484380722,0.1550000011920929,0.17919999361038208
YCL055W,YPL011C,0,-3.1445017,0.0795687884092331,0.1550000011920929,0.179299995303154
YFL041W,YLR455W,0,-3.1445696,0.07952796667814255,0.1550000011920929,0.1793999969959259
YIL009W,YJR135C,0,-3.1446936,0.07948718219995499,0.1550000011920929,0.17949999868869781
YNL023C,YJL110C,0,-3.1448534,0.07944643497467041,0.1550000011920929,0.17960000038146973
YLR045C,YBR111W-A,0,-3.1448576,0.07940573990345001,0.1550000011920929,0.17970000207424164
YDL149W,YLR424W,0,-3.1449826,0.0793650820851326,0.1550000011920929,0.17980000376701355
YLR260W,YDR192C,0,-3.1449835,0.07932446151971817,0.1550000011920929,0.17990000545978546
YFL024C,YPL174C,0,-3.1450734,0.07928388565778732,0.1550000011920929,0.18000000715255737
YER118C,YGL169W,0,-3.1451128,0.07924335449934006,0.1550000011920929,0.1800999939441681
YAL068C,YNL222W,0,-3.1451762,0.07920286059379578,0.1550000011920929,0.18019999563694
YNL041C,YGR180C,0,-3.1453536,0.07916241139173508,0.1550000011920929,0.18029999732971191
YDL105W,YDR055W,0,-3.1454146,0.07912199944257736,0.1550000011920929,0.18039999902248383
YAL068C,YNL262W,0,-3.1454222,0.07908163219690323,0.1550000011920929,0.18050000071525574
YFR008W,YPR167C,0,-3.1454506,0.07904130220413208,0.1550000011920929,0.18060000240802765
YGL229C,YCL075W,0,-3.1454759,0.07900101691484451,0.1550000011920929,0.18070000410079956
YDR492W,YJR010C-A,0,-3.1455243,0.07896077632904053,0.1550000011920929,0.18080000579357147
YDR009W,YHL025W,0,-3.1455505,0.07892057299613953,0.1550000011920929,0.1808999925851822
YGR113W,YOR110W,0,-3.1457045,0.07888040691614151,0.1550000011920929,0.1809999942779541
YNL293W,YNL053W,0,-3.1457374,0.07884028553962708,0.1550000011920929,0.181099995970726
YLR028C,YGL130W,0,-3.1458533,0.07880020141601562,0.1550000011920929,0.18119999766349792
YGL130W,YOL156W,0,-3.1461203,0.07876016199588776,0.1550000011920929,0.18129999935626984
YOR074C,YLR429W,0,-3.1461656,0.07872015982866287,0.1550000011920929,0.18140000104904175
YDR508C,YOR287C,0,-3.1465662,0.07868020236492157,0.1550000011920929,0.18150000274181366
YKL062W,YLR386W,0,-3.146681,0.07864028215408325,0.1550000011920929,0.18160000443458557
YML126C,YDL022W,0,-3.1467216,0.07860040664672852,0.1550000011920929,0.18170000612735748
YOR330C,YDL028C,0,-3.1467917,0.07856056839227676,0.1550000011920929,0.1817999929189682
YML060W,YDR495C,1,-3.146888,0.07902735471725464,0.15600000321865082,0.1817999929189682
YLR417W,YLR466W,1,-3.146892,0.07949367165565491,0.15700000524520874,0.1817999929189682
YMR203W,YLR386W,0,-3.1470578,0.07945343852043152,0.15700000524520874,0.1818999946117401
YBL032W,YCR081W,1,-3.1470792,0.07991907000541687,0.15800000727176666,0.1818999946117401
YDR437W,YBR084W,0,-3.1471145,0.07987866550683975,0.15800000727176666,0.18199999630451202
YMR305C,YJL143W,0,-3.147282,0.07983830571174622,0.15800000727176666,0.18209999799728394
YNL059C,YER179W,0,-3.1475763,0.07979798316955566,0.15800000727176666,0.18219999969005585
YGR224W,YNL045W,0,-3.1475873,0.0797576978802681,0.15800000727176666,0.18230000138282776
YBR026C,YMR201C,0,-3.1477656,0.07971745729446411,0.15800000727176666,0.18240000307559967
YPR005C,YBR295W,0,-3.1478906,0.07967725396156311,0.15800000727176666,0.18250000476837158
YNR044W,YMR280C,0,-3.1479788,0.07963709533214569,0.15800000727176666,0.1826000064611435
YDL081C,YDR545W,1,-3.1480236,0.08010075241327286,0.1589999943971634,0.1826000064611435
YNL311C,YMR016C,0,-3.1480606,0.08006042242050171,0.1589999943971634,0.1826999932527542
YPR135W,YNR023W,0,-3.148134,0.08002012968063354,0.1589999943971634,0.18279999494552612
YGR140W,YNL273W,0,-3.1482754,0.07997988164424896,0.1589999943971634,0.18289999663829803
YGL240W,YNL299W,0,-3.148403,0.07993967086076736,0.1589999943971634,0.18299999833106995
YPL171C,YGR183C,0,-3.1484044,0.07989949733018875,0.1589999943971634,0.18310000002384186
YGL180W,YER178W,0,-3.1487231,0.07985936850309372,0.1589999943971634,0.18320000171661377
YIL010W,YIR019C,0,-3.1488883,0.07981927692890167,0.1589999943971634,0.18330000340938568
YEL069C,YDR451C,0,-3.1490853,0.0797792300581932,0.1589999943971634,0.1834000051021576
YDR270W,YDL181W,0,-3.149092,0.07973922044038773,0.1589999943971634,0.1835000067949295
YFL056C,YHR072W-A,0,-3.1491997,0.07969924807548523,0.1589999943971634,0.18359999358654022
YER045C,YGL086W,0,-3.149277,0.07965932041406631,0.1589999943971634,0.18369999527931213
YMR303C,YJR082C,0,-3.1492908,0.07961943000555038,0.1589999943971634,0.18379999697208405
YLR431C,YPR121W,0,-3.149392,0.07957957684993744,0.1589999943971634,0.18389999866485596
YDR423C,YNL313C,0,-3.1494706,0.07953976839780807,0.1589999943971634,0.18400000035762787
YLR032W,YDR310C,1,-3.1496084,0.07999999821186066,0.1599999964237213,0.18400000035762787
YNL101W,YLR056W,0,-3.1496317,0.07996001839637756,0.1599999964237213,0.18410000205039978
YDR385W,YOR217W,0,-3.149841,0.07992008328437805,0.1599999964237213,0.1842000037431717
YGR256W,YEL041W,0,-3.1499841,0.07988017797470093,0.1599999964237213,0.1843000054359436
YBR066C,YCR067C,0,-3.1500823,0.07984031736850739,0.1599999964237213,0.18440000712871552
YLL026W,YLR032W,1,-3.1500945,0.0802992507815361,0.16099999845027924,0.18440000712871552
YDR235W,YGR047C,0,-3.1502793,0.08025921881198883,0.16099999845027924,0.18449999392032623
YGL012W,YHR092C,0,-3.1503196,0.08021923154592514,0.16099999845027924,0.18459999561309814
YAL033W,YMR308C,0,-3.1508067,0.08017928153276443,0.16099999845027924,0.18469999730587006
YOR373W,YBR088C,0,-3.150948,0.08013937622308731,0.16099999845027924,0.18479999899864197
YPL255W,YMR150C,0,-3.1511009,0.08009950071573257,0.16099999845027924,0.18490000069141388
YBL022C,YCL075W,0,-3.1511643,0.08005966991186142,0.16099999845027924,0.1850000023841858
YPR008W,YLR455W,0,-3.1514404,0.08001988381147385,0.16099999845027924,0.1851000040769577
YPL121C,YDR170C,0,-3.1514428,0.07998012751340866,0.16099999845027924,0.18520000576972961
YPL227C,YIR008C,0,-3.1515977,0.07994041591882706,0.16099999845027924,0.18529999256134033
YPL258C,YDL080C,0,-3.1516383,0.07990074157714844,0.16099999845027924,0.18539999425411224
YMR199W,YMR188C,0,-3.15169,0.0798611119389534,0.16099999845027924,0.18549999594688416
YLR158C,YKR097W,0,-3.1518047,0.07982151955366135,0.16099999845027924,0.18559999763965607
YER087C-A,YLL011W,0,-3.1519413,0.07978196442127228,0.16099999845027924,0.18569999933242798
YER174C,YGR059W,0,-3.1520078,0.0797424465417862,0.16099999845027924,0.1858000010251999
YAL058W,YBR183W,0,-3.152486,0.07970297336578369,0.16099999845027924,0.1859000027179718
YJR118C,YPL276W,0,-3.1525214,0.07966352999210358,0.16099999845027924,0.1860000044107437
YLR014C,YLR071C,0,-3.1526105,0.07962413132190704,0.16099999845027924,0.18610000610351562
YGR088W,YER143W,0,-3.1526296,0.07958477735519409,0.16099999845027924,0.18619999289512634
YLR318W,YGR104C,1,-3.152766,0.08003952354192734,0.16200000047683716,0.18619999289512634
YMR190C,YPL065W,1,-3.152793,0.08049383014440536,0.16300000250339508,0.18619999289512634
YOL123W,YDL140C,0,-3.1528175,0.08045409619808197,0.16300000250339508,0.18629999458789825
YDL181W,YER103W,0,-3.1528175,0.08041440695524216,0.16300000250339508,0.18639999628067017
YGR135W,YOR287C,0,-3.1528237,0.08037475496530533,0.16300000250339508,0.18649999797344208
YKL059C,YML045W,0,-3.1528714,0.08033514022827148,0.16300000250339508,0.186599999666214
YOL023W,YNR031C,0,-3.1528983,0.08029557019472122,0.16300000250339508,0.1867000013589859
YGR254W,YDR436W,0,-3.152912,0.08025602996349335,0.16300000250339508,0.1868000030517578
YGR092W,YER169W,0,-3.1530173,0.08021653443574905,0.16300000250339508,0.18690000474452972
YJL033W,YBR257W,0,-3.15318,0.08017707616090775,0.16300000250339508,0.18700000643730164
YJR064W,YBL061C,0,-3.1531997,0.08013766258955002,0.16300000250339508,0.18709999322891235
YPR144C,YDR303C,0,-3.153208,0.08009827882051468,0.16300000250339508,0.18719999492168427
YOR229W,YNL247W,0,-3.153302,0.08005893975496292,0.16300000250339508,0.18729999661445618
YGR239C,YLR337C,0,-3.1534626,0.08001963794231415,0.16300000250339508,0.1873999983072281
YGR037C,YGL251C,0,-3.1536763,0.07998037338256836,0.16300000250339508,0.1875
YMR276W,YHR016C,0,-3.1537178,0.07994114607572556,0.16300000250339508,0.1876000016927719
YGR289C,YLL040C,0,-3.1541154,0.07990196347236633,0.16300000250339508,0.18770000338554382
YML112W,YNL214W,0,-3.1542938,0.0798628106713295,0.16300000250339508,0.18780000507831573
YJL179W,YKR059W,1,-3.1543963,0.08031342178583145,0.164000004529953,0.18780000507831573
YBR155W,YNL302C,0,-3.154465,0.08027410507202148,0.164000004529953,0.18790000677108765
YPR037C,YLR081W,0,-3.1545002,0.0802348330616951,0.164000004529953,0.18799999356269836
YPL121C,YGR085C,0,-3.1546795,0.0801955983042717,0.164000004529953,0.18809999525547028
YKL046C,YJL073W,0,-3.1547108,0.08015640079975128,0.164000004529953,0.1881999969482422
YLR015W,YKL139W,1,-3.1547465,0.08060576766729355,0.16500000655651093,0.1881999969482422
YGR008C,YBR083W,0,-3.1548727,0.08056640625,0.16500000655651093,0.1882999986410141
YLL008W,YMR087W,0,-3.1548858,0.08052708953619003,0.16500000655651093,0.188400000333786
YGR166W,YNL209W,0,-3.1549041,0.08048780262470245,0.16500000655651093,0.18850000202655792
YPL160W,YOR151C,0,-3.1550386,0.08044856041669846,0.16500000655651093,0.18860000371932983
YCR086W,YCR037C,1,-3.1550522,0.08089668303728104,0.16599999368190765,0.18860000371932983
YOL165C,YLR231C,0,-3.1551433,0.0808572843670845,0.16599999368190765,0.18870000541210175
YNR007C,YGL183C,0,-3.1551678,0.08081791549921036,0.16599999368190765,0.18880000710487366
YMR069W,YIL023C,0,-3.155375,0.0807785913348198,0.16599999368190765,0.18889999389648438
YGR256W,YIL082W-A,0,-3.155654,0.08073929697275162,0.16599999368190765,0.1889999955892563
YJR050W,YDR240C,0,-3.1556919,0.08070004731416702,0.16599999368190765,0.1890999972820282
YJL115W,YOR084W,0,-3.1559553,0.08066083490848541,0.16599999368190765,0.1891999989748001
YEL065W,YML005W,0,-3.1561735,0.08062165975570679,0.16599999368190765,0.18930000066757202
YMR049C,YMR247C,0,-3.156226,0.08058252185583115,0.16599999368190765,0.18940000236034393
YKR055W,YML045W,0,-3.156309,0.08054342865943909,0.16599999368190765,0.18950000405311584
YEL029C,YDR174W,1,-3.1563194,0.08098933100700378,0.16699999570846558,0.18950000405311584
YCL039W,YKL055C,0,-3.1564229,0.08095007389783859,0.16699999570846558,0.18960000574588776
YFR036W,YGL210W,0,-3.1565077,0.08091085404157639,0.16699999570846558,0.18970000743865967
YDL024C,YJL093C,0,-3.1565697,0.08087167143821716,0.16699999570846558,0.18979999423027039
YOR244W,YDR021W,0,-3.1566284,0.08083252608776093,0.16699999570846558,0.1898999959230423
YPL069C,YJR027W,0,-3.1566505,0.08079341799020767,0.16699999570846558,0.1899999976158142
YDR421W,YLR319C,0,-3.1566732,0.080754354596138,0.16699999570846558,0.19009999930858612
YKL220C,YLR329W,0,-3.1567528,0.08071532100439072,0.16699999570846558,0.19020000100135803
YNR019W,YPL100W,0,-3.15682,0.08067633211612701,0.16699999570846558,0.19030000269412994
YDL081C,YDL047W,1,-3.156823,0.08112023025751114,0.1679999977350235,0.19030000269412994
YMR303C,YDL079C,0,-3.1568716,0.0810810774564743,0.1679999977350235,0.19040000438690186
YBL069W,YIR026C,0,-3.1568916,0.08104196935892105,0.1679999977350235,0.19050000607967377
YBR234C,YOL060C,0,-3.1571658,0.08100289106369019,0.1679999977350235,0.19059999287128448
YMR006C,YGR122W,0,-3.1573575,0.0809638574719429,0.1679999977350235,0.1906999945640564
YKR009C,YHR165C,0,-3.1574066,0.080924853682518,0.1679999977350235,0.1907999962568283
YFL011W,YDR058C,0,-3.157521,0.08088589459657669,0.1679999977350235,0.19089999794960022
YEL036C,YMR220W,0,-3.1575363,0.08084696531295776,0.1679999977350235,0.19099999964237213
YLR423C,YDR004W,1,-3.157615,0.08128908276557922,0.16899999976158142,0.19099999964237213
YPR034W,YJL085W,0,-3.1576421,0.08124999701976776,0.16899999976158142,0.19110000133514404
YIL036W,YMR106C,1,-3.1576602,0.08169149607419968,0.17000000178813934,0.19110000133514404
YGL021W,YGL178W,0,-3.157791,0.08165225386619568,0.17000000178813934,0.19120000302791595
YOR381W,YIL095W,0,-3.1580408,0.08161305636167526,0.17000000178813934,0.19130000472068787
YBR136W,YBR097W,1,-3.1580627,0.08205374330282211,0.17100000381469727,0.19130000472068787
YNL310C,YHR214C-B,0,-3.1581032,0.08201438933610916,0.17100000381469727,0.19140000641345978
YDR038C,YPR075C,0,-3.1581197,0.0819750726222992,0.17100000381469727,0.1914999932050705
YOL121C,YGR229C,1,-3.1581562,0.08241494745016098,0.1720000058412552,0.1914999932050705
YPL015C,YLR141W,0,-3.1582806,0.08237548172473907,0.1720000058412552,0.1915999948978424
YBR161W,YBR015C,0,-3.1583917,0.08233604580163956,0.1720000058412552,0.19169999659061432
YHL047C,YPR002W,0,-3.1584632,0.08229664713144302,0.1720000058412552,0.19179999828338623
YOL061W,YEL057C,1,-3.1585233,0.08273553103208542,0.17299999296665192,0.19179999828338623
YIR010W,YLR106C,0,-3.1586263,0.08269598335027695,0.17299999296665192,0.19189999997615814
YDR052C,YOL146W,0,-3.1587574,0.08265647292137146,0.17299999296665192,0.19200000166893005
YJR009C,YBL100W-B,0,-3.1589596,0.08261699974536896,0.17299999296665192,0.19210000336170197
YPL115C,YLR009W,0,-3.1590464,0.08257756382226944,0.17299999296665192,0.19220000505447388
YMR049C,YNL153C,0,-3.159565,0.0825381651520729,0.17299999296665192,0.1923000067472458
YLR206W,YBL075C,0,-3.159572,0.08249881118535995,0.17299999296665192,0.1923999935388565
YMR080C,YPR132W,1,-3.1601927,0.082936130464077,0.17399999499320984,0.1923999935388565
YOR245C,YER174C,0,-3.1603677,0.08289662003517151,0.17399999499320984,0.19249999523162842
YMR287C,YHR163W,0,-3.1605136,0.08285713940858841,0.17399999499320984,0.19259999692440033
YLR353W,YPR019W,0,-3.1606326,0.08281770348548889,0.17399999499320984,0.19269999861717224
YJR105W,YPL144W,1,-3.1607077,0.08325404673814774,0.17499999701976776,0.19269999861717224
YER095W,YER116C,1,-3.1608045,0.08368996530771255,0.17599999904632568,0.19269999861717224
YIR002C,YDR398W,0,-3.1608527,0.08365018665790558,0.17599999904632568,0.19280000030994415
YCL026C-A,YKL125W,0,-3.160861,0.08361045271158218,0.17599999904632568,0.19290000200271606
YKR009C,YPL270W,0,-3.1608703,0.08357074856758118,0.17599999904632568,0.19300000369548798
YOL013C,YDR251W,0,-3.1609242,0.08353108912706375,0.17599999904632568,0.1931000053882599
YEL029C,YML097C,1,-3.160978,0.08396584540605545,0.1770000010728836,0.1931000053882599
YPR191W,YLR039C,0,-3.161157,0.08392602950334549,0.1770000010728836,0.1932000070810318
YMR078C,YDL112W,0,-3.1612027,0.08388625830411911,0.1770000010728836,0.19329999387264252
YDR449C,YER005W,0,-3.1612322,0.08384651690721512,0.1770000010728836,0.19339999556541443
YBR159W,YBL007C,0,-3.161505,0.08380682021379471,0.1770000010728836,0.19349999725818634
YPR164W,YNL248C,0,-3.1617105,0.08376715332269669,0.1770000010728836,0.19359999895095825
YKL079W,YCL033C,0,-3.1619267,0.08372753113508224,0.1770000010728836,0.19370000064373016
YNL245C,YPL047W,0,-3.1619623,0.08368794620037079,0.1770000010728836,0.19380000233650208
YDR318W,YKL088W,0,-3.1620724,0.08364839106798172,0.1770000010728836,0.193900004029274
YER166W,YNL247W,0,-3.1621208,0.08360888063907623,0.1770000010728836,0.1940000057220459
YNR032C-A,YNL049C,0,-3.162124,0.08356940746307373,0.1770000010728836,0.1941000074148178
YBL097W,YOR332W,0,-3.1621382,0.08352996408939362,0.1770000010728836,0.19419999420642853
YDL142C,YDR435C,0,-3.1625526,0.08349056541919708,0.1770000010728836,0.19429999589920044
YFL055W,YMR275C,0,-3.1625717,0.08345120400190353,0.1770000010728836,0.19439999759197235
YLR320W,YNL167C,0,-3.1626008,0.08341187238693237,0.1770000010728836,0.19449999928474426
YPL161C,YBR112C,1,-3.1626809,0.08384361863136292,0.17800000309944153,0.19449999928474426
YFL057C,YLR451W,0,-3.1629298,0.08380414545536041,0.17800000309944153,0.19460000097751617
YLR141W,YJL059W,0,-3.1629493,0.0837647095322609,0.17800000309944153,0.19470000267028809
YJL013C,YDR055W,0,-3.16304,0.08372530341148376,0.17800000309944153,0.19480000436306
YNL148C,YOR356W,0,-3.1631427,0.08368594199419022,0.17800000309944153,0.1949000060558319
YPL031C,YBR097W,1,-3.1631577,0.08411654084920883,0.17900000512599945,0.1949000060558319
YBR070C,YDL132W,0,-3.1632168,0.08407703042030334,0.17900000512599945,0.19499999284744263
YMR287C,YML015C,0,-3.1633565,0.08403755724430084,0.17900000512599945,0.19509999454021454
YMR112C,YOR281C,0,-3.1634638,0.08399812132120132,0.17900000512599945,0.19519999623298645
YGR134W,YOR069W,0,-3.1634943,0.08395872265100479,0.17900000512599945,0.19529999792575836
YBL085W,YDR404C,0,-3.1639988,0.08391936123371124,0.17900000512599945,0.19539999961853027
YBL008W,YER001W,0,-3.1640575,0.08388003706932068,0.17900000512599945,0.19550000131130219
YFR027W,YAL015C,0,-3.1640656,0.0838407501578331,0.17900000512599945,0.1956000030040741
YBR278W,YDR076W,0,-3.1641142,0.0838015004992485,0.17900000512599945,0.195700004696846
YGR002C,YER151C,0,-3.1642067,0.0837622806429863,0.17900000512599945,0.19580000638961792
YPR080W,YDR120C,0,-3.1643002,0.08372310549020767,0.17900000512599945,0.19589999318122864
YKR099W,YNL278W,0,-3.1643274,0.08368396759033203,0.17900000512599945,0.19599999487400055
YIL118W,YIL119C,0,-3.1644747,0.08364485949277878,0.17900000512599945,0.19609999656677246
YNL130C,YEL041W,0,-3.1646202,0.08360578864812851,0.17900000512599945,0.19619999825954437
YDL213C,YDR013W,0,-3.1647475,0.08356676250696182,0.17900000512599945,0.19629999995231628
YBR295W,YJL036W,0,-3.1647804,0.08352776616811752,0.17900000512599945,0.1964000016450882
YOR317W,YIL149C,0,-3.1647997,0.08348880708217621,0.17900000512599945,0.1965000033378601
YKL113C,YOL121C,1,-3.164898,0.0839160829782486,0.18000000715255737,0.1965000033378601
YBR210W,YML040W,0,-3.1649287,0.08387698233127594,0.18000000715255737,0.19660000503063202
YMR211W,YGL254W,0,-3.164985,0.08383791148662567,0.18000000715255737,0.19670000672340393
YJL106W,YLR430W,0,-3.1653469,0.08379888534545898,0.18000000715255737,0.19679999351501465
YNR027W,YLR074C,0,-3.1653697,0.08375988900661469,0.18000000715255737,0.19689999520778656
YHR013C,YGL039W,1,-3.165376,0.08418604731559753,0.1809999942779541,0.19689999520778656
YGL089C,YGL236C,0,-3.1653924,0.0841469094157219,0.1809999942779541,0.19699999690055847
YKL186C,YKR081C,0,-3.1654928,0.08410780876874924,0.1809999942779541,0.19709999859333038
YDR345C,YPL157W,0,-3.165682,0.08406873792409897,0.1809999942779541,0.1972000002861023
YDL244W,YKL014C,0,-3.1657858,0.08402971178293228,0.1809999942779541,0.1973000019788742
YGR037C,YML025C,0,-3.1658585,0.08399072289466858,0.1809999942779541,0.19740000367164612
YDR443C,YGL039W,1,-3.165859,0.08441558480262756,0.18199999630451202,0.19740000367164612
YGR086C,YOL011W,0,-3.165883,0.08437644690275192,0.18199999630451202,0.19750000536441803
YNL286W,YCR072C,0,-3.1659281,0.08433734625577927,0.18199999630451202,0.19760000705718994
YGL183C,YNL012W,0,-3.166169,0.0842982828617096,0.18199999630451202,0.19769999384880066
YMR035W,YNL070W,0,-3.166235,0.08425925672054291,0.18199999630451202,0.19779999554157257
YDR258C,YJL164C,0,-3.1664832,0.0842202678322792,0.18199999630451202,0.19789999723434448
YLR201C,YIL056W,0,-3.1666396,0.08418131619691849,0.18199999630451202,0.1979999989271164
YOR054C,YBL100W-A,0,-3.1666636,0.08414239436388016,0.18199999630451202,0.1981000006198883
YJL092W,YPL147W,0,-3.166878,0.08410350978374481,0.18199999630451202,0.19820000231266022
YPL100W,YDR453C,0,-3.167073,0.08406466245651245,0.18199999630451202,0.19830000400543213
YOR386W,YHR161C,0,-3.167105,0.08402585238218307,0.18199999630451202,0.19840000569820404
YDR129C,YAL016W,0,-3.1672666,0.08398707956075668,0.18199999630451202,0.19850000739097595
YLR196W,YDR172W,0,-3.1672952,0.08394833654165268,0.18199999630451202,0.19859999418258667
YPL069C,YDL213C,0,-3.1673353,0.08390963822603226,0.18199999630451202,0.19869999587535858
YBR244W,YLR369W,0,-3.1674483,0.08387096971273422,0.18199999630451202,0.1987999975681305
YPR023C,YBR117C,0,-3.1674786,0.08383233845233917,0.18199999630451202,0.1988999992609024
YOR322C,YGR042W,1,-3.167651,0.08425414562225342,0.18299999833106995,0.1988999992609024
YPR183W,YLR208W,0,-3.1678014,0.08421537280082703,0.18299999833106995,0.19900000095367432
YCL061C,YLR148W,1,-3.1679485,0.0846366137266159,0.18400000035762787,0.19900000095367432
YGL122C,YPL126W,0,-3.168068,0.08459769934415817,0.18400000035762787,0.19910000264644623
YOR120W,YIL105C,0,-3.1680906,0.08455882221460342,0.18400000035762787,0.19920000433921814
YKR019C,YEL020W-A,0,-3.168187,0.08451998233795166,0.18400000035762787,0.19930000603199005
YKL012W,YLR079W,0,-3.1683064,0.08448117226362228,0.18400000035762787,0.19939999282360077
YBL040C,YJR026W,0,-3.1683362,0.08444240689277649,0.18400000035762787,0.19949999451637268
YAL054C,YLR106C,0,-3.168612,0.08440367132425308,0.18400000035762787,0.1995999962091446
YML060W,YDR115W,1,-3.168803,0.08482347428798676,0.1850000023841858,0.1995999962091446
YPL178W,YLR150W,1,-3.1688669,0.08524289727210999,0.1860000044107437,0.1995999962091446
YNL236W,YER005W,0,-3.1690834,0.08520384877920151,0.1860000044107437,0.1996999979019165
YDL149W,YNL233W,0,-3.1692312,0.08516483753919601,0.1860000044107437,0.19979999959468842
YPL082C,YMR201C,0,-3.1693227,0.08512585610151291,0.1860000044107437,0.19990000128746033
YPL031C,YNL243W,1,-3.1694338,0.08554437011480331,0.18700000643730164,0.19990000128746033
YMR236W,YLR301W,0,-3.1694605,0.08550526201725006,0.18700000643730164,0.20000000298023224
YOL008W,YDR123C,0,-3.1695487,0.0854661762714386,0.18700000643730164,0.20010000467300415
YLR429W,YCR034W,0,-3.1696124,0.08542713522911072,0.18700000643730164,0.20020000636577606
YBR070C,YBR009C,0,-3.169628,0.08538813143968582,0.18700000643730164,0.20029999315738678
YBL003C,YDR288W,0,-3.16971,0.08534915745258331,0.18700000643730164,0.2003999948501587
YDR376W,YHR004C,0,-3.1697152,0.08531022071838379,0.18700000643730164,0.2004999965429306
YGL206C,YLR067C,0,-3.1699083,0.08527132123708725,0.18700000643730164,0.20059999823570251
YOR058C,YOR373W,0,-3.1700575,0.0852324515581131,0.18700000643730164,0.20069999992847443
YGL143C,YCR061W,0,-3.1701388,0.08519361913204193,0.18700000643730164,0.20080000162124634
YMR136W,YOR191W,0,-3.170153,0.08515482395887375,0.18700000643730164,0.20090000331401825
YCL044C,YIL084C,0,-3.1702507,0.08511606603860855,0.18700000643730164,0.20100000500679016
YBR213W,YBL017C,0,-3.1703722,0.08507734537124634,0.18700000643730164,0.20110000669956207
YMR075W,YDR346C,0,-3.170488,0.08503865450620651,0.18700000643730164,0.2011999934911728
YPL040C,YLR045C,0,-3.1705961,0.08500000089406967,0.18700000643730164,0.2012999951839447
YER032W,YOL090W,0,-3.1707501,0.08496138453483582,0.18700000643730164,0.2013999968767166
YPR001W,YAL001C,0,-3.1707587,0.08492279797792435,0.18700000643730164,0.20149999856948853
YMR068W,YML058W-A,0,-3.170767,0.08488424867391586,0.18700000643730164,0.20160000026226044
YOR063W,YOR116C,0,-3.170909,0.08484573662281036,0.18700000643730164,0.20170000195503235
YGR006W,YDR379W,0,-3.17094,0.08480725437402725,0.18700000643730164,0.20180000364780426
YNL186W,YOR229W,0,-3.1709592,0.08476880937814713,0.18700000643730164,0.20190000534057617
YLR095C,YOR162C,0,-3.1710012,0.08473040163516998,0.18700000643730164,0.20200000703334808
YDR103W,YDR472W,0,-3.1712291,0.08469203114509583,0.18700000643730164,0.2020999938249588
YER107C,YKL042W,0,-3.171489,0.08465369045734406,0.18700000643730164,0.2021999955177307
YDR393W,YBR152W,0,-3.171562,0.08461538702249527,0.18700000643730164,0.20229999721050262
YLR095C,YLR425W,0,-3.1718786,0.08457711338996887,0.18700000643730164,0.20239999890327454
YCR093W,YGL090W,0,-3.171885,0.08453887701034546,0.18700000643730164,0.20250000059604645
YCL014W,YHR138C,0,-3.1718924,0.08450067788362503,0.18700000643730164,0.20260000228881836
YOL002C,YDR318W,0,-3.1719818,0.08446250855922699,0.18700000643730164,0.20270000398159027
YER073W,YDL247W,0,-3.172044,0.08442437648773193,0.18700000643730164,0.20280000567436218
YNL307C,YDR314C,0,-3.1721013,0.08438628166913986,0.18700000643730164,0.2029000073671341
YOR334W,YML011C,0,-3.1721807,0.08434821665287018,0.18700000643730164,0.2029999941587448
YHR055C,YLR383W,0,-3.172244,0.08431018888950348,0.18700000643730164,0.20309999585151672
YKL092C,YJL196C,0,-3.1722753,0.08427219837903976,0.18700000643730164,0.20319999754428864
YJR047C,YNL164C,0,-3.1725457,0.08423423767089844,0.18700000643730164,0.20329999923706055
YKL206C,YDR080W,0,-3.172859,0.0841963067650795,0.18700000643730164,0.20340000092983246
YLR242C,YHL011C,1,-3.1729398,0.08460845798254013,0.18799999356269836,0.20340000092983246
YNL297C,YJL128C,0,-3.1729496,0.08457040041685104,0.18799999356269836,0.20350000262260437
YDR251W,YAR031W,0,-3.173003,0.08453237265348434,0.18799999356269836,0.20360000431537628
YFR019W,YNL078W,0,-3.1730564,0.08449438214302063,0.18799999356269836,0.2037000060081482
YIL019W,YJL054W,0,-3.173322,0.0844564214348793,0.18799999356269836,0.2037999927997589
YLR160C,YOR063W,0,-3.1734152,0.08441849797964096,0.18799999356269836,0.20389999449253082
YOR330C,YPR075C,0,-3.1734803,0.0843806117773056,0.18799999356269836,0.20399999618530273
YOR386W,YCR083W,0,-3.1735783,0.08434275537729263,0.18799999356269836,0.20409999787807465
YNR059W,YJR004C,0,-3.1737278,0.08430493623018265,0.18799999356269836,0.20419999957084656
YPL211W,YLR221C,0,-3.17374,0.08426714688539505,0.18799999356269836,0.20430000126361847
YHR070W,YOL097C,0,-3.173774,0.08422938734292984,0.18799999356269836,0.20440000295639038
YOL142W,YGR122W,0,-3.1738636,0.08419167250394821,0.18799999356269836,0.2045000046491623
YGL162W,YIL008W,0,-3.1740446,0.08415398746728897,0.18799999356269836,0.2046000063419342
YDR189W,YJR028W,0,-3.1740506,0.08411633223295212,0.18799999356269836,0.20469999313354492
YGL006W,YKL188C,0,-3.174192,0.08407871425151825,0.18799999356269836,0.20479999482631683
YEL022W,YPL083C,0,-3.174369,0.08404112607240677,0.18799999356269836,0.20489999651908875
YLR056W,YJL116C,0,-3.1743782,0.08400357514619827,0.18799999356269836,0.20499999821186066
YDR439W,YLR410W,0,-3.1747673,0.08396605402231216,0.18799999356269836,0.20509999990463257
YDR016C,YCL024W,0,-3.1749375,0.08392857015132904,0.18799999356269836,0.20520000159740448
YCR107W,YOL077C,0,-3.175175,0.0838911235332489,0.18799999356269836,0.2053000032901764
YKL134C,YER162C,0,-3.1752036,0.08385369926691055,0.18799999356269836,0.2054000049829483
YMR301C,YLR449W,0,-3.1752317,0.08381631970405579,0.18799999356269836,0.20550000667572021
YML081C-A,YLR013W,0,-3.1752903,0.08377896249294281,0.18799999356269836,0.20559999346733093
YDL020C,YLR467W,1,-3.1756196,0.0841870829463005,0.1889999955892563,0.20559999346733093
YOR377W,YDR379W,0,-3.1757004,0.08414959907531738,0.1889999955892563,0.20569999516010284
YER119C,YLR353W,0,-3.1760256,0.08411215245723724,0.1889999955892563,0.20579999685287476
YOL010W,YHR138C,0,-3.1760466,0.08407473564147949,0.1889999955892563,0.20589999854564667
YGL192W,YOR386W,0,-3.17605,0.08403734862804413,0.1889999955892563,0.20600000023841858
YLR113W,YNR059W,0,-3.1760652,0.08399999886751175,0.1889999955892563,0.2061000019311905
YLR116W,YOR110W,0,-3.1761966,0.08396268635988235,0.1889999955892563,0.2062000036239624
YAL056W,YCL061C,1,-3.1762846,0.08436945080757141,0.1899999976158142,0.2062000036239624
YAL054C,YPL202C,0,-3.1762998,0.08433200418949127,0.1899999976158142,0.20630000531673431
YGL142C,YDR265W,0,-3.176304,0.08429458737373352,0.1899999976158142,0.20640000700950623
YDR432W,YOR356W,0,-3.1763146,0.08425720781087875,0.1899999976158142,0.20649999380111694
YMR184W,YGL233W,0,-3.1764205,0.08421985805034637,0.1899999976158142,0.20659999549388885
YLR160C,YBR161W,0,-3.1765163,0.08418254554271698,0.1899999976158142,0.20669999718666077
YKL150W,YKL025C,0,-3.176564,0.08414526283740997,0.1899999976158142,0.20679999887943268
YKR054C,YER146W,0,-3.1765862,0.08410800993442535,0.1899999976158142,0.2069000005722046
YGL251C,YGL249W,0,-3.1766171,0.08407079428434372,0.1899999976158142,0.2070000022649765
YDL028C,YCR066W,0,-3.1766574,0.08403361588716507,0.1899999976158142,0.2071000039577484
YMR004W,YNL273W,0,-3.1767013,0.08399645984172821,0.1899999976158142,0.20720000565052032
YOL145C,YOR110W,0,-3.1767066,0.08395934849977493,0.1899999976158142,0.20730000734329224
YMR250W,YAL030W,0,-3.1768274,0.08392225950956345,0.1899999976158142,0.20739999413490295
YDR147W,YBL046W,0,-3.1769702,0.08388520777225494,0.1899999976158142,0.20749999582767487
YNL126W,YNL107W,0,-3.1769888,0.08384819328784943,0.1899999976158142,0.20759999752044678
YGL240W,YHR023W,0,-3.1769912,0.0838112011551857,0.1899999976158142,0.2076999992132187
YDL031W,YEL042W,0,-3.1770978,0.08377425372600555,0.1899999976158142,0.2078000009059906
YOL089C,YDR129C,0,-3.1772792,0.0837373286485672,0.1899999976158142,0.2079000025987625
YBR070C,YNL053W,0,-3.1773732,0.08370044082403183,0.1899999976158142,0.20800000429153442
YOR046C,YGR200C,0,-3.177388,0.08366358280181885,0.1899999976158142,0.20810000598430634
YML061C,YOL109W,1,-3.1775663,0.08406690508127213,0.19099999964237213,0.20810000598430634
YMR139W,YOR084W,0,-3.1775692,0.0840299129486084,0.19099999964237213,0.20819999277591705
YPL200W,YJL191W,0,-3.1777,0.08399296551942825,0.19099999964237213,0.20829999446868896
YKL093W,YNL241C,0,-3.1777086,0.0839560404419899,0.19099999964237213,0.20839999616146088
YPL049C,YBR175W,1,-3.177747,0.08435852080583572,0.19200000166893005,0.20839999616146088
YLR095C,YDR065W,0,-3.177809,0.08432147651910782,0.19200000166893005,0.2084999978542328
YLR384C,YML045W,0,-3.1781676,0.0842844620347023,0.19200000166893005,0.2085999995470047
YPR023C,YLR301W,0,-3.178232,0.08424747735261917,0.19200000166893005,0.2087000012397766
YPL160W,YEL069C,0,-3.1782668,0.08421052992343903,0.19200000166893005,0.20880000293254852
YCR010C,YOR208W,0,-3.1784508,0.08417360484600067,0.19200000166893005,0.20890000462532043
YKL117W,YHL012W,1,-3.1784568,0.08457493782043457,0.19300000369548798,0.20890000462532043
YOR144C,YMR179W,1,-3.178707,0.08497590571641922,0.1940000057220459,0.20890000462532043
YDL243C,YBL105C,0,-3.1788673,0.08493870496749878,0.1940000057220459,0.20900000631809235
YBR129C,YBR073W,0,-3.1788857,0.08490153402090073,0.1940000057220459,0.20909999310970306
YAL041W,YDR058C,0,-3.1789925,0.08486439287662506,0.1940000057220459,0.20919999480247498
YML052W,YJL056C,0,-3.1790946,0.08482728153467178,0.1940000057220459,0.2092999964952469
YMR070W,YDR004W,1,-3.1791973,0.08522727340459824,0.19499999284744263,0.2092999964952469
YNL068C,YPR189W,0,-3.179261,0.08519004285335541,0.19499999284744263,0.2093999981880188
YNL292W,YBR069C,0,-3.1793401,0.08515284210443497,0.19499999284744263,0.2094999998807907
YPL240C,YDR427W,0,-3.1794894,0.08511567115783691,0.19499999284744263,0.20960000157356262
YGL094C,YBR088C,0,-3.1795437,0.08507853746414185,0.19499999284744263,0.20970000326633453
YPL254W,YHR021C,1,-3.1795833,0.08547753840684891,0.19599999487400055,0.20970000326633453
YGL211W,YDR131C,0,-3.17962,0.08544027805328369,0.19599999487400055,0.20980000495910645
YBR049C,YLR026C,0,-3.1796317,0.08540304750204086,0.19599999487400055,0.20990000665187836
YKL197C,YDR322C-A,0,-3.1796327,0.08536585420370102,0.19599999487400055,0.20999999344348907
YJL173C,YOR057W,0,-3.1797183,0.08532869070768356,0.19599999487400055,0.210099995136261
YNL327W,YLR430W,0,-3.1797814,0.0852915570139885,0.19599999487400055,0.2101999968290329
YPR082C,YLR316C,0,-3.1798818,0.08525446057319641,0.19599999487400055,0.2102999985218048
YOL108C,YDR065W,0,-3.1799166,0.08521739393472672,0.19599999487400055,0.21040000021457672
YEL029C,YOR078W,1,-3.179981,0.08561494946479797,0.19699999690055847,0.21040000021457672
YDR037W,YDL213C,0,-3.179984,0.08557775616645813,0.19699999690055847,0.21050000190734863
YER146W,YOR068C,0,-3.1801226,0.08554060012102127,0.19699999690055847,0.21060000360012054
YDR301W,YPL125W,0,-3.1801236,0.0855034738779068,0.19699999690055847,0.21070000529289246
YDR345C,YCL004W,0,-3.180269,0.08546637743711472,0.19699999690055847,0.21080000698566437
YBR274W,YOL013C,0,-3.1804385,0.08542931824922562,0.19699999690055847,0.21089999377727509
YNL009W,YBL064C,0,-3.1805701,0.08539228141307831,0.19699999690055847,0.210999995470047
YGL078C,YOR217W,0,-3.1805775,0.08535528928041458,0.19699999690055847,0.2110999971628189
YPR120C,YPR052C,0,-3.1806076,0.08531831949949265,0.19699999690055847,0.21119999885559082
YDR284C,YFR053C,0,-3.1809013,0.0852813869714737,0.19699999690055847,0.21130000054836273
YKL092C,YER082C,0,-3.1810553,0.08524448424577713,0.19699999690055847,0.21140000224113464
YFL055W,YDR421W,0,-3.1811054,0.08520761132240295,0.19699999690055847,0.21150000393390656
YJR050W,YDR043C,0,-3.1811519,0.08517077565193176,0.19699999690055847,0.21160000562667847
YML062C,YDL077C,1,-3.1812959,0.08556611835956573,0.1979999989271164,0.21160000562667847
YGL183C,YLR092W,0,-3.1813796,0.0855291560292244,0.1979999989271164,0.21170000731945038
YCR047C,YJL056C,0,-3.1814752,0.08549223095178604,0.1979999989271164,0.2117999941110611
YEL029C,YBR175W,1,-3.181477,0.08588692545890808,0.19900000095367432,0.2117999941110611
YOL165C,YFL049W,0,-3.1814864,0.08584987372159958,0.19900000095367432,0.211899995803833
YBR135W,YER087C-B,0,-3.1815052,0.08581285178661346,0.19900000095367432,0.21199999749660492
YBR017C,YGR055W,0,-3.1815526,0.08577585965394974,0.19900000095367432,0.21209999918937683
YNL131W,YCL020W,0,-3.181747,0.085738904774189,0.19900000095367432,0.21220000088214874
YFR002W,YPR080W,0,-3.18175,0.08570197969675064,0.19900000095367432,0.21230000257492065
YBR098W,YNR048W,0,-3.1818378,0.08566509187221527,0.19900000095367432,0.21240000426769257
YDR079W,YLR337C,0,-3.1818597,0.08562822639942169,0.19900000095367432,0.21250000596046448
YLR170C,YDR052C,0,-3.1818678,0.0855913981795311,0.19900000095367432,0.2125999927520752
YDR443C,YMR284W,1,-3.181939,0.08598452061414719,0.20000000298023224,0.2125999927520752
YMR011W,YPL121C,0,-3.182107,0.08594757318496704,0.20000000298023224,0.2126999944448471
YGR231C,YER138C,0,-3.1822264,0.08591065555810928,0.20000000298023224,0.21279999613761902
YFL024C,YDL225W,0,-3.1822443,0.08587376773357391,0.20000000298023224,0.21289999783039093
YOR094W,YKL040C,0,-3.1822717,0.08583690971136093,0.20000000298023224,0.21299999952316284
YLR210W,YER025W,0,-3.1823995,0.08580008894205093,0.20000000298023224,0.21310000121593475
YAL059W,YGR285C,0,-3.182443,0.08576329052448273,0.20000000298023224,0.21320000290870667
YDR071C,YLL056C,0,-3.1825795,0.0857265293598175,0.20000000298023224,0.21330000460147858
YLR131C,YPL125W,0,-3.1826408,0.08568980544805527,0.20000000298023224,0.2134000062942505
YIL082W-A,YJR141W,0,-3.18266,0.08565310388803482,0.20000000298023224,0.2134999930858612
YPL160W,YDR346C,0,-3.1827652,0.08561643958091736,0.20000000298023224,0.21359999477863312
YJL106W,YPL203W,0,-3.1828573,0.08557980507612228,0.20000000298023224,0.21369999647140503
YJR069C,YCL075W,0,-3.1829646,0.0855432003736496,0.20000000298023224,0.21379999816417694
YMR199W,YGL126W,0,-3.182985,0.0855066254734993,0.20000000298023224,0.21389999985694885
YMR275C,YKL046C,0,-3.1829967,0.08547008782625198,0.20000000298023224,0.21400000154972076
YLR382C,YCL074W,0,-3.1831167,0.08543357253074646,0.20000000298023224,0.21410000324249268
YLR284C,YDR040C,0,-3.1831236,0.08539709448814392,0.20000000298023224,0.2142000049352646
YGL206C,YHR200W,0,-3.183491,0.08536064624786377,0.20000000298023224,0.2143000066280365
YKL101W,YMR218C,0,-3.1836448,0.0853242352604866,0.20000000298023224,0.21439999341964722
YBL074C,YAR008W,0,-3.1837416,0.08528784662485123,0.20000000298023224,0.21449999511241913
YDL245C,YLR095C,0,-3.1837704,0.08525149524211884,0.20000000298023224,0.21459999680519104
YHR004C,YNL167C,0,-3.183777,0.08521516621112823,0.20000000298023224,0.21469999849796295
YOR095C,YLR249W,0,-3.183951,0.08517887443304062,0.20000000298023224,0.21480000019073486
YMR056C,YPR083W,0,-3.1839597,0.08514261245727539,0.20000000298023224,0.21490000188350677
YLL061W,YIL147C,0,-3.1839976,0.08510638028383255,0.20000000298023224,0.2150000035762787
YCL061C,YKL117W,1,-3.1841636,0.08549553155899048,0.20100000500679016,0.2150000035762787
YNL112W,YNL186W,0,-3.184316,0.08545918017625809,0.20100000500679016,0.2151000052690506
YDR289C,YLR200W,0,-3.1843688,0.08542286604642868,0.20100000500679016,0.2152000069618225
YNL248C,YCR060W,0,-3.184491,0.08538657426834106,0.20100000500679016,0.21529999375343323
YOR377W,YIR041W,0,-3.1845064,0.08535031974315643,0.20100000500679016,0.21539999544620514
YGR166W,YOR103C,0,-3.1845744,0.08531409502029419,0.20100000500679016,0.21549999713897705
YNL147W,YHR167W,1,-3.1845763,0.08570216596126556,0.20200000703334808,0.21549999713897705
YLR242C,YJL190C,1,-3.1848974,0.08608990907669067,0.2029999941587448,0.21549999713897705
YNR032C-A,YJL112W,0,-3.1850502,0.08605341613292694,0.2029999941587448,0.21559999883174896
YPR034W,YPL176C,0,-3.1851897,0.086016945540905,0.2029999941587448,0.21570000052452087
YDR097C,YDR416W,0,-3.1852446,0.08598051965236664,0.2029999941587448,0.21580000221729279
YPR179C,YOR110W,0,-3.1854017,0.08594411611557007,0.2029999941587448,0.2159000039100647
YMR314W,YNL247W,0,-3.1855295,0.08590774238109589,0.2029999941587448,0.2160000056028366
YKL092C,YDR077W,0,-3.185692,0.08587140589952469,0.2029999941587448,0.21610000729560852
YMR239C,YLR105C,0,-3.1856995,0.08583509176969528,0.2029999941587448,0.21619999408721924
YBR024W,YOR287C,0,-3.1857617,0.08579881489276886,0.2029999941587448,0.21629999577999115
YGR225W,YJL056C,0,-3.1860452,0.08576256781816483,0.2029999941587448,0.21639999747276306
YPL265W,YKL178C,0,-3.1860564,0.08572635054588318,0.2029999941587448,0.21649999916553497
YMR067C,YER082C,0,-3.1860757,0.08569016307592392,0.2029999941587448,0.21660000085830688
YJL209W,YGR119C,0,-3.1861134,0.08565400540828705,0.2029999941587448,0.2167000025510788
YJR069C,YMR260C,0,-3.186198,0.08561788499355316,0.2029999941587448,0.2168000042438507
YBR205W,YDL093W,0,-3.1862314,0.08558178693056107,0.2029999941587448,0.21690000593662262
YHR055C,YLR130C,0,-3.186394,0.08554572612047195,0.2029999941587448,0.21699999272823334
YCR107W,YJR131W,0,-3.1867073,0.08550968766212463,0.2029999941587448,0.21709999442100525
YLL001W,YEL031W,0,-3.1867774,0.0854736864566803,0.2029999941587448,0.21719999611377716
YOR231W,YOL091W,0,-3.1867976,0.08543770760297775,0.2029999941587448,0.21729999780654907
YPR034W,YML085C,0,-3.1869962,0.08540176600217819,0.2029999941587448,0.21739999949932098
YPR164W,YPR041W,0,-3.1869996,0.08536585420370102,0.2029999941587448,0.2175000011920929
YDR301W,YPR120C,0,-3.187002,0.08532997220754623,0.2029999941587448,0.2176000028848648
YDR106W,YPL123C,0,-3.187042,0.08529412001371384,0.2029999941587448,0.21770000457763672
YOL133W,YDR011W,0,-3.1872745,0.08525829762220383,0.2029999941587448,0.21780000627040863
YBR156C,YEL057C,1,-3.1873753,0.08564231544733047,0.20399999618530273,0.21780000627040863
YPR034W,YPL211W,0,-3.1874754,0.08560638129711151,0.20399999618530273,0.21789999306201935
YER166W,YCL027W,0,-3.1875298,0.08557046949863434,0.20399999618530273,0.21799999475479126
YDR252W,YML102W,0,-3.1876228,0.08553458750247955,0.20399999618530273,0.21809999644756317
YMR048W,YDR159W,0,-3.187666,0.08549874275922775,0.20399999618530273,0.21819999814033508
YNL041C,YMR053C,0,-3.1876748,0.08546292781829834,0.20399999618530273,0.218299999833107
YMR316W,YNL334C,0,-3.1877196,0.08542713522911072,0.20399999618530273,0.2184000015258789
YPR201W,YER119C,0,-3.1877916,0.08539137989282608,0.20399999618530273,0.21850000321865082
YLR052W,YBL039C,0,-3.1878026,0.08535564690828323,0.20399999618530273,0.21860000491142273
YJR019C,YJL114W,0,-3.1878223,0.08531995117664337,0.20399999618530273,0.21870000660419464
YHL038C,YBL034C,0,-3.188007,0.0852842777967453,0.20399999618530273,0.21879999339580536
YKL022C,YBR102C,0,-3.18808,0.08524864166975021,0.20399999618530273,0.21889999508857727
YDR103W,YIL082W-A,0,-3.1881387,0.08521303534507751,0.20399999618530273,0.21899999678134918
YDR118W,YPL132W,0,-3.1881835,0.0851774513721466,0.20399999618530273,0.2190999984741211
YGL089C,YER074W-A,0,-3.1882937,0.08514190465211868,0.20399999618530273,0.219200000166893
YEL061C,YMR058W,0,-3.188319,0.08510638028383255,0.20399999618530273,0.21930000185966492
YMR128W,YER006W,0,-3.1885862,0.0850708931684494,0.20399999618530273,0.21940000355243683
YGR060W,YOL142W,0,-3.1885943,0.08503542840480804,0.20399999618530273,0.21950000524520874
YMR042W,YER145C,0,-3.1887217,0.08500000089406967,0.20399999618530273,0.21960000693798065
YCR040W,YLR424W,0,-3.188782,0.08496459573507309,0.20399999618530273,0.21969999372959137
YPL050C,YPL043W,0,-3.1888206,0.08492922782897949,0.20399999618530273,0.21979999542236328
YLR056W,YHR094C,0,-3.188842,0.08489388227462769,0.20399999618530273,0.2198999971151352
YJL060W,YGL194C,0,-3.1888726,0.08485856652259827,0.20399999618530273,0.2199999988079071
YCL026C-A,YPR161C,0,-3.1889906,0.08482328802347183,0.20399999618530273,0.22010000050067902
YGL111W,YML047C,0,-3.1890378,0.08478803187608719,0.20399999618530273,0.22020000219345093
YGR113W,YPL133C,0,-3.1891785,0.08475280553102493,0.20399999618530273,0.22030000388622284
YPR030W,YNL253W,0,-3.1893137,0.08471760898828506,0.20399999618530273,0.22040000557899475
YJL092W,YLR022C,0,-3.189472,0.08468244224786758,0.20399999618530273,0.22050000727176666
YPR019W,YOR229W,0,-3.1895952,0.08464730530977249,0.20399999618530273,0.22059999406337738
YNL051W,YBR095C,0,-3.1896727,0.08461219072341919,0.20399999618530273,0.2206999957561493
YJL031C,YER021W,0,-3.1896832,0.08457711338996887,0.20399999618530273,0.2207999974489212
YNR060W,YIL066C,0,-3.1897886,0.08454206585884094,0.20399999618530273,0.22089999914169312
YLR397C,YPL069C,0,-3.1898055,0.0845070406794548,0.20399999618530273,0.22100000083446503
YJL125C,YPL012W,0,-3.1898172,0.08447205275297165,0.20399999618530273,0.22110000252723694
YPR175W,YOR294W,0,-3.1898503,0.08443708717823029,0.20399999618530273,0.22120000422000885
YJL101C,YGL075C,0,-3.1901617,0.08440215140581131,0.20399999618530273,0.22130000591278076
YDR264C,YDR379W,0,-3.1901813,0.08436724543571472,0.20399999618530273,0.22139999270439148
YCR088W,YDR022C,0,-3.190212,0.08433236926794052,0.20399999618530273,0.2214999943971634
YGR134W,YCR040W,0,-3.190221,0.08429752290248871,0.20399999618530273,0.2215999960899353
YPL049C,YCR065W,1,-3.190385,0.08467575162649155,0.20499999821186066,0.2215999960899353
YHR055C,YBR065C,0,-3.190457,0.08464079350233078,0.20499999821186066,0.22169999778270721
YOL089C,YER053C,0,-3.190779,0.0846058577299118,0.20499999821186066,0.22179999947547913
YBR041W,YGR257C,0,-3.190965,0.08457095921039581,0.20499999821186066,0.22190000116825104
YMR011W,YHL022C,0,-3.1911101,0.08453608304262161,0.20499999821186066,0.22200000286102295
YNL282W,YGL162W,0,-3.1914804,0.0845012366771698,0.20499999821186066,0.22210000455379486
YAL054C,YGL194C,0,-3.1914816,0.08446642011404037,0.20499999821186066,0.22220000624656677
YJR127C,YBR182C,0,-3.1916497,0.08443163335323334,0.20499999821186066,0.2222999930381775
YGR179C,YJR063W,0,-3.1918633,0.08439686894416809,0.20499999821186066,0.2223999947309494
YGL143C,YIL123W,0,-3.192064,0.08436214178800583,0.20499999821186066,0.2224999964237213
YDL101C,YDR443C,1,-3.1921074,0.08473879098892212,0.20600000023841858,0.2224999964237213
YKL185W,YML031W,0,-3.1921184,0.0847039446234703,0.20600000023841858,0.22259999811649323
YKL040C,YIL082W-A,0,-3.1925452,0.08466913551092148,0.20600000023841858,0.22269999980926514
YJL112W,YJL063C,0,-3.1925673,0.08463434875011444,0.20600000023841858,0.22280000150203705
YKR034W,YGL167C,0,-3.1926136,0.08459959179162979,0.20600000023841858,0.22290000319480896
YHR004C,YBR092C,0,-3.1926448,0.08456485718488693,0.20600000023841858,0.22300000488758087
YDR236C,YGL253W,0,-3.19268,0.08453015983104706,0.20600000023841858,0.22310000658035278
YER001W,YML085C,0,-3.192735,0.08449548482894897,0.20600000023841858,0.2231999933719635
YPR128C,YFL025C,0,-3.1927423,0.08446084707975388,0.20600000023841858,0.2232999950647354
YOR279C,YNL243W,1,-3.1927874,0.08483606576919556,0.2070000022649765,0.2232999950647354
YDR378C,YPR046W,0,-3.1927998,0.08480130881071091,0.2070000022649765,0.22339999675750732
YPL115C,YCR089W,0,-3.1928055,0.08476658165454865,0.2070000022649765,0.22349999845027924
YOL133W,YDR345C,0,-3.1928153,0.08473188430070877,0.2070000022649765,0.22360000014305115
YFL056C,YDR529C,0,-3.1928155,0.08469721674919128,0.2070000022649765,0.22370000183582306
YAL040C,YNR038W,0,-3.192817,0.08466257899999619,0.2070000022649765,0.22380000352859497
YEL036C,YBR142W,0,-3.1928325,0.08462796360254288,0.2070000022649765,0.22390000522136688
YPL178W,YOR144C,1,-3.192903,0.08500204235315323,0.20800000429153442,0.22390000522136688
YCR020W-B,YGR229C,1,-3.192959,0.0853758156299591,0.20900000631809235,0.22390000522136688
YJR093C,YNL007C,0,-3.1930935,0.0853409543633461,0.20900000631809235,0.2240000069141388
YIL154C,YHR014W,0,-3.1932156,0.08530612289905548,0.20900000631809235,0.2240999937057495
YOR284W,YKL134C,0,-3.1933134,0.08527132123708725,0.20900000631809235,0.22419999539852142
YOL078W,YOR226C,0,-3.1935248,0.08523654192686081,0.20900000631809235,0.22429999709129333
YPR135W,YIL119C,0,-3.1936607,0.08520179241895676,0.20900000631809235,0.22439999878406525
YGL178W,YOL091W,0,-3.1938875,0.08516707271337509,0.20900000631809235,0.22450000047683716
YLR068W,YGL236C,0,-3.1939538,0.08513238281011581,0.20900000631809235,0.22460000216960907
YDR300C,YNL229C,1,-3.1940157,0.08550488948822021,0.20999999344348907,0.22460000216960907
YCL026C-A,YOR315W,0,-3.1941278,0.08547008782625198,0.20999999344348907,0.22470000386238098
YIR025W,YPL139C,0,-3.1941762,0.08543531596660614,0.20999999344348907,0.2248000055551529
YOL011W,YDR356W,0,-3.1942294,0.08540056645870209,0.20999999344348907,0.2249000072479248
YLR453C,YHR139C,1,-3.1942651,0.08577235788106918,0.210999995470047,0.2249000072479248
YKR082W,YKL082C,0,-3.1942687,0.08573750406503677,0.210999995470047,0.22499999403953552
YJL100W,YBR043C,0,-3.194298,0.08570268005132675,0.210999995470047,0.22509999573230743
YPR201W,YDR129C,0,-3.194332,0.08566788583993912,0.210999995470047,0.22519999742507935
YGL001C,YPR191W,0,-3.1945176,0.08563311398029327,0.210999995470047,0.22529999911785126
YAR018C,YKR097W,0,-3.19462,0.08559837937355042,0.210999995470047,0.22540000081062317
YCR047C,YCL033C,0,-3.1946914,0.08556366711854935,0.210999995470047,0.22550000250339508
YMR211W,YNL004W,0,-3.1947434,0.08552898466587067,0.210999995470047,0.225600004196167
YBL097W,YBL008W,0,-3.194787,0.08549432456493378,0.210999995470047,0.2257000058889389
YDR515W,YMR260C,0,-3.194789,0.08545970171689987,0.210999995470047,0.22579999268054962
YIL131C,YBR162C,0,-3.1949062,0.08542510122060776,0.210999995470047,0.22589999437332153
YLR368W,YNL236W,0,-3.194943,0.08539053052663803,0.210999995470047,0.22599999606609344
YOL126C,YPL164C,0,-3.1950586,0.08535598963499069,0.210999995470047,0.22609999775886536
YNL079C,YDR131C,0,-3.195163,0.08532147109508514,0.210999995470047,0.22619999945163727
YBR233W-A,YLR368W,0,-3.195267,0.08528698235750198,0.210999995470047,0.22630000114440918
YCR040W,YNL263C,0,-3.1953475,0.08525252342224121,0.210999995470047,0.2264000028371811
YLR131C,YIR025W,0,-3.19543,0.08521809428930283,0.210999995470047,0.226500004529953
YDR439W,YDR386W,0,-3.1956365,0.08518368750810623,0.210999995470047,0.22660000622272491
YBR278W,YCR092C,0,-3.1957507,0.08514931052923203,0.210999995470047,0.22669999301433563
YKL084W,YIL031W,0,-3.1959288,0.0851149633526802,0.210999995470047,0.22679999470710754
YJR144W,YML040W,0,-3.195945,0.08508064597845078,0.210999995470047,0.22689999639987946
YOR036W,YLR055C,0,-3.195978,0.08504635095596313,0.210999995470047,0.22699999809265137
YOL121C,YGR104C,1,-3.1961534,0.08541499078273773,0.21199999749660492,0.22699999809265137
YBR247C,YLR048W,0,-3.1964948,0.08538059145212173,0.21199999749660492,0.22709999978542328
YKL092C,YAL003W,0,-3.1965394,0.08534621447324753,0.21199999749660492,0.2272000014781952
YDL197C,YAL068C,0,-3.1966987,0.0853118747472763,0.21199999749660492,0.2273000031709671
YEL009C,YGR089W,0,-3.196778,0.08527755737304688,0.21199999749660492,0.227400004863739
YMR035W,YBR153W,0,-3.1969714,0.08524326235055923,0.21199999749660492,0.22750000655651093
YLR318W,YBR136W,1,-3.197171,0.08561093360185623,0.21299999952316284,0.22750000655651093
YPL228W,YKL089W,0,-3.1971793,0.08557653427124023,0.21299999952316284,0.22759999334812164
YAL013W,YPL049C,1,-3.1972501,0.08594377338886261,0.21400000154972076,0.22759999334812164
YLR390W-A,YPL031C,1,-3.1972716,0.0863107219338417,0.2150000035762787,0.22759999334812164
YBR207W,YGL249W,0,-3.1973357,0.0862760841846466,0.2150000035762787,0.22769999504089355
YGR179C,YNL311C,0,-3.1974893,0.0862414762377739,0.2150000035762787,0.22779999673366547
YKL049C,YAL001C,0,-3.197551,0.08620689809322357,0.2150000035762787,0.22789999842643738
YLR193C,YGR054W,0,-3.1978176,0.08617234230041504,0.2150000035762787,0.2280000001192093
YER042W,YML049C,0,-3.1978726,0.08613782376050949,0.2150000035762787,0.2281000018119812
YLL001W,YPR178W,0,-3.197909,0.08610332757234573,0.2150000035762787,0.2282000035047531
YMR035W,YGR178C,0,-3.197974,0.08606885373592377,0.2150000035762787,0.22830000519752502
YBR295W,YLR403W,0,-3.1980965,0.08603441715240479,0.2150000035762787,0.22840000689029694
YGR088W,YML085C,0,-3.19815,0.0860000029206276,0.2150000035762787,0.22849999368190765
YHL040C,YDL190C,0,-3.1982071,0.0859656110405922,0.2150000035762787,0.22859999537467957
YNL098C,YNL334C,0,-3.198252,0.08593125641345978,0.2150000035762787,0.22869999706745148
YML102W,YOL146W,0,-3.1984484,0.08589692413806915,0.2150000035762787,0.2287999987602234
YMR036C,YHR120W,0,-3.1984594,0.08586262166500092,0.2150000035762787,0.2289000004529953
YKL017C,YNL248C,0,-3.1986287,0.08582834154367447,0.2150000035762787,0.2290000021457672
YLR353W,YDL198C,0,-3.1986911,0.08579409122467041,0.2150000035762787,0.22910000383853912
YHR119W,YDR310C,1,-3.1987019,0.08615875244140625,0.2160000056028366,0.22910000383853912
YIL009W,YGR252W,0,-3.1987102,0.08612440526485443,0.2160000056028366,0.22920000553131104
YCR010C,YOL105C,0,-3.1987505,0.0860900729894638,0.2160000056028366,0.22930000722408295
YEL029C,YPR132W,1,-3.1988375,0.08645418286323547,0.21699999272823334,0.22930000722408295
YGL025C,YLR467W,1,-3.198851,0.08681800216436386,0.21799999475479126,0.22930000722408295
YGL174W,YGR166W,0,-3.1988919,0.08678343892097473,0.21799999475479126,0.22939999401569366
YMR035W,YDR378C,0,-3.1990435,0.08674890547990799,0.21799999475479126,0.22949999570846558
YLR215C,YML065W,0,-3.1990979,0.08671440184116364,0.21799999475479126,0.2295999974012375
YBR136W,YCR081W,1,-3.1991632,0.0870775356888771,0.21899999678134918,0.2295999974012375
YBR182C,YER151C,0,-3.1992157,0.0870429277420044,0.21899999678134918,0.2296999990940094
YNL172W,YER117W,0,-3.199231,0.08700834214687347,0.21899999678134918,0.2298000007867813
YPL177C,YGL183C,0,-3.1993577,0.08697378635406494,0.21899999678134918,0.22990000247955322
YER017C,YIL066C,0,-3.199381,0.0869392603635788,0.21899999678134918,0.23000000417232513
YPL195W,YOR037W,0,-3.1994627,0.08690476417541504,0.21899999678134918,0.23010000586509705
YPR110C,YLR075W,0,-3.199573,0.08687029033899307,0.21899999678134918,0.23019999265670776
YLL013C,YIL123W,0,-3.1996522,0.0868358463048935,0.21899999678134918,0.23029999434947968
YBR004C,YJR028W,0,-3.1997397,0.0868014246225357,0.21899999678134918,0.2303999960422516
YER073W,YIL053W,0,-3.1997485,0.0867670327425003,0.21899999678134918,0.2304999977350235
YHR052W,YML115C,0,-3.1999414,0.08673267066478729,0.21899999678134918,0.2305999994277954
YGR007W,YCR020C,0,-3.199977,0.08669833838939667,0.21899999678134918,0.23070000112056732
YGR167W,YML092C,0,-3.1999834,0.08666402846574783,0.21899999678134918,0.23080000281333923
YAR002W,YDR115W,1,-3.200119,0.08702531456947327,0.2199999988079071,0.23080000281333923
YOR211C,YAL011W,0,-3.2001202,0.08699090778827667,0.2199999988079071,0.23090000450611115
YIL095W,YNR026C,0,-3.2001994,0.08695652335882187,0.2199999988079071,0.23100000619888306
YIR041W,YMR133W,0,-3.200512,0.08692216873168945,0.2199999988079071,0.23109999299049377
YDR194C,YBL005W-A,0,-3.2006028,0.08688783645629883,0.2199999988079071,0.23119999468326569
YGR006W,YDL201W,0,-3.2006586,0.08685353398323059,0.2199999988079071,0.2312999963760376
YBL051C,YOR083W,0,-3.200889,0.08681926131248474,0.2199999988079071,0.2313999980688095
YOR211C,YOL088C,0,-3.2010238,0.08678501099348068,0.2199999988079071,0.23149999976158142
YDL138W,YEL004W,0,-3.201081,0.08675079047679901,0.2199999988079071,0.23160000145435333
YLR260W,YDR265W,0,-3.2012413,0.08671659231185913,0.2199999988079071,0.23170000314712524
YPR025C,YMR288W,0,-3.2013266,0.08668242394924164,0.2199999988079071,0.23180000483989716
YLR015W,YDR082W,1,-3.201356,0.08704214543104172,0.22100000083446503,0.23180000483989716
YLR190W,YBR089C-A,0,-3.2013636,0.08700787276029587,0.22100000083446503,0.23190000653266907
YJR150C,YHR194W,0,-3.2013905,0.0869736298918724,0.22100000083446503,0.23199999332427979
YDR106W,YDL112W,0,-3.201468,0.08693941682577133,0.22100000083446503,0.2320999950170517
YOR171C,YDL216C,0,-3.2014725,0.08690523356199265,0.22100000083446503,0.2321999967098236
YGL167C,YOL031C,0,-3.2015026,0.08687107264995575,0.22100000083446503,0.23229999840259552
YDR301W,YLR055C,0,-3.2018201,0.08683693408966064,0.22100000083446503,0.23240000009536743
YCR086W,YCR020W-B,1,-3.2018588,0.08719559758901596,0.22200000286102295,0.23240000009536743
YLR433C,YDR037W,0,-3.2018726,0.08716136962175369,0.22200000286102295,0.23250000178813934
YGR252W,YHR111W,0,-3.2018766,0.08712715655565262,0.22200000286102295,0.23260000348091125
YHL048W,YKL125W,0,-3.2019055,0.08709298074245453,0.22200000286102295,0.23270000517368317
YAL012W,YMR290C,0,-3.2020755,0.08705881983041763,0.22200000286102295,0.23280000686645508
YPR190C,YML064C,0,-3.2021458,0.08702469617128372,0.22200000286102295,0.2328999936580658
YGR261C,YAR008W,0,-3.2021484,0.0869905948638916,0.22200000286102295,0.2329999953508377
YOR231W,YHL022C,0,-3.2022393,0.08695652335882187,0.22200000286102295,0.23309999704360962
YDR130C,YIL026C,0,-3.2022402,0.08692247420549393,0.22200000286102295,0.23319999873638153
YML107C,YHR030C,0,-3.2024019,0.08688845485448837,0.22200000286102295,0.23330000042915344
YDL044C,YHR039C-A,0,-3.2024271,0.08685445785522461,0.22200000286102295,0.23340000212192535
YLR098C,YDR219C,0,-3.2026062,0.08682049065828323,0.22200000286102295,0.23350000381469727
YBL006C,YBR175W,1,-3.2026541,0.08717748522758484,0.22300000488758087,0.23350000381469727
YIL010W,YPL152W,0,-3.2028584,0.0871434137225151,0.22300000488758087,0.23360000550746918
YPL132W,YJR068W,0,-3.2028868,0.08710937201976776,0.22300000488758087,0.2337000072002411
YMR150C,YGL236C,0,-3.2029998,0.0870753601193428,0.22300000488758087,0.2337999939918518
YGL253W,YKL194C,0,-3.2031066,0.08704137057065964,0.22300000488758087,0.23389999568462372
YCL039W,YLR071C,0,-3.2031171,0.08700741082429886,0.22300000488758087,0.23399999737739563
YGL251C,YGR206W,0,-3.2031643,0.08697348088026047,0.22300000488758087,0.23409999907016754
YLR134W,YML107C,0,-3.2032623,0.08693957328796387,0.22300000488758087,0.23420000076293945
YCR005C,YLR335W,0,-3.203441,0.08690568804740906,0.22300000488758087,0.23430000245571136
YDR191W,YPL118W,0,-3.2036278,0.08687183260917664,0.22300000488758087,0.23440000414848328
YKR087C,YFL058W,0,-3.2036836,0.0868380069732666,0.22300000488758087,0.2345000058412552
YAL058W,YCR052W,0,-3.2037413,0.08680420368909836,0.22300000488758087,0.2345999926328659
YNL245C,YCR060W,0,-3.2037776,0.0867704302072525,0.22300000488758087,0.23469999432563782
YLR318W,YAL056W,1,-3.2038224,0.08712562918663025,0.2240000069141388,0.23469999432563782
YHR154W,YMR077C,0,-3.2038555,0.08709175884723663,0.2240000069141388,0.23479999601840973
YDR393W,YJL029C,0,-3.2041464,0.08705791085958481,0.2240000069141388,0.23489999771118164
YBR185C,YKL088W,0,-3.2042143,0.08702408522367477,0.2240000069141388,0.23499999940395355
YFL026W,YOR069W,0,-3.2042258,0.08699028939008713,0.2240000069141388,0.23510000109672546
YNL039W,YBR107C,0,-3.2044194,0.08695652335882187,0.2240000069141388,0.23520000278949738
YDL085W,YJL173C,0,-3.2045069,0.0869227796792984,0.2240000069141388,0.2353000044822693
YPR023C,YBL030C,0,-3.2045891,0.08688905835151672,0.2240000069141388,0.2354000061750412
YGR152C,YAR009C,0,-3.2046084,0.08685536682605743,0.2240000069141388,0.23549999296665192
YCR089W,YML006C,0,-3.2046545,0.08682170510292053,0.2240000069141388,0.23559999465942383
YOR040W,YGR163W,1,-3.2046664,0.08717551082372665,0.22499999403953552,0.23559999465942383
YNL257C,YLR354C,0,-3.2047176,0.08714175224304199,0.22499999403953552,0.23569999635219574
YJR094C,YDR259C,0,-3.2047758,0.08710801601409912,0.22499999403953552,0.23579999804496765
YBR093C,YOR068C,0,-3.2048116,0.08707430213689804,0.22499999403953552,0.23589999973773956
YJL129C,YNL339C,1,-3.2048142,0.08742746710777283,0.22599999606609344,0.23589999973773956
YDR227W,YLR417W,1,-3.205106,0.08778035640716553,0.22699999809265137,0.23589999973773956
YBL085W,YNL311C,0,-3.2052436,0.08774642646312714,0.22699999809265137,0.23600000143051147
YHL027W,YOR305W,0,-3.205675,0.08771251887083054,0.22699999809265137,0.2361000031232834
YNL116W,YMR227C,0,-3.205783,0.08767864108085632,0.22699999809265137,0.2362000048160553
YMR276W,YIR019C,0,-3.2059586,0.0876447856426239,0.22699999809265137,0.2363000065088272
YOR049C,YCR060W,0,-3.2060153,0.08761096000671387,0.22699999809265137,0.23639999330043793
YOR028C,YDR011W,0,-3.2060313,0.08757716417312622,0.22699999809265137,0.23649999499320984
YOL165C,YIL009W,0,-3.206356,0.08754338324069977,0.22699999809265137,0.23659999668598175
YNL199C,YER126C,0,-3.2063835,0.0875096395611763,0.22699999809265137,0.23669999837875366
YIL117C,YDR030C,0,-3.206482,0.08747591823339462,0.22699999809265137,0.23680000007152557
YKL117W,YDR369C,1,-3.2065609,0.08782742917537689,0.2280000001192093,0.23680000007152557
YGL068W,YLL016W,0,-3.206577,0.08779361099004745,0.2280000001192093,0.23690000176429749
YNL029C,YGL089C,0,-3.2066429,0.08775981515645981,0.2280000001192093,0.2370000034570694
YGR218W,YMR211W,0,-3.2068985,0.08772604912519455,0.2280000001192093,0.2371000051498413
YMR036C,YFL005W,0,-3.2070315,0.08769230544567108,0.2280000001192093,0.23720000684261322
YNL312W,YIL029C,0,-3.2070496,0.08765859156847,0.2280000001192093,0.23729999363422394
YNL327W,YHR096C,0,-3.2070687,0.08762490749359131,0.2280000001192093,0.23739999532699585
YBL008W,YJL059W,0,-3.207115,0.08759123831987381,0.2280000001192093,0.23749999701976776
YPL265W,YJR059W,0,-3.2071364,0.0875576063990593,0.2280000001192093,0.23759999871253967
YMR080C,YHR119W,1,-3.2072413,0.08790787309408188,0.2290000021457672,0.23759999871253967
YBR161W,YJR059W,0,-3.2073407,0.08787413686513901,0.2290000021457672,0.23770000040531158
YNL003C,YDR490C,0,-3.2076762,0.08784043043851852,0.2290000021457672,0.2378000020980835
YCR002C,YHR079C-A,0,-3.2076983,0.08780674636363983,0.2290000021457672,0.2379000037908554
YNL136W,YBR041W,0,-3.2078135,0.08777309209108353,0.2290000021457672,0.23800000548362732
YKR054C,YLL004W,0,-3.2078679,0.08773946017026901,0.2290000021457672,0.23810000717639923
YKL149C,YJR052W,0,-3.2079523,0.08770585805177689,0.2290000021457672,0.23819999396800995
YHR042W,YJR033C,0,-3.2079537,0.08767227828502655,0.2290000021457672,0.23829999566078186
YDR356W,YMR241W,0,-3.208019,0.0876387283205986,0.2290000021457672,0.23839999735355377
YLR025W,YLR010C,1,-3.2080972,0.0879877582192421,0.23000000417232513,0.23839999735355377
YHR031C,YNL186W,0,-3.2081358,0.08795411139726639,0.23000000417232513,0.23849999904632568
YMR078C,YLR222C,0,-3.2081387,0.08792048692703247,0.23000000417232513,0.2386000007390976
YKR036C,YPR193C,0,-3.208161,0.08788689225912094,0.23000000417232513,0.2387000024318695
YPL208W,YPR121W,0,-3.2081726,0.0878533199429512,0.23000000417232513,0.23880000412464142
YKR099W,YPR007C,0,-3.2082682,0.08781977742910385,0.23000000417232513,0.23890000581741333
YDR420W,YLR084C,0,-3.2083192,0.08778625726699829,0.23000000417232513,0.23899999260902405
YLR433C,YGR007W,0,-3.2083237,0.08775276690721512,0.23000000417232513,0.23909999430179596
YCL026C-A,YPL140C,0,-3.2084177,0.08771929889917374,0.23000000417232513,0.23919999599456787
YPR188C,YMR305C,0,-3.2084243,0.08768585324287415,0.23000000417232513,0.23929999768733978
YAL041W,YDR256C,0,-3.2087739,0.08765243738889694,0.23000000417232513,0.2393999993801117
YGL018C,YOL091W,0,-3.2088172,0.08761905133724213,0.23000000417232513,0.2395000010728836
YBL074C,YGL045W,0,-3.2089226,0.0875856801867485,0.23000000417232513,0.23960000276565552
YML104C,YPR095C,0,-3.2089732,0.08755233883857727,0.23000000417232513,0.23970000445842743
YOL064C,YLR301W,0,-3.2090156,0.08751902729272842,0.23000000417232513,0.23980000615119934
YOR160W,YLR285W,0,-3.2090425,0.08748573809862137,0.23000000417232513,0.23989999294281006
YMR263W,YML097C,1,-3.2091143,0.08783269673585892,0.23100000619888306,0.23989999294281006
YKR066C,YPL200W,0,-3.2092535,0.0877993181347847,0.23100000619888306,0.23999999463558197
YPL187W,YDR346C,0,-3.209282,0.08776595443487167,0.23100000619888306,0.24009999632835388
YNR056C,YML059C,0,-3.2092876,0.08773262798786163,0.23100000619888306,0.2401999980211258
YJL148W,YPL131W,0,-3.2094827,0.08769931644201279,0.23100000619888306,0.2402999997138977
YML130C,YLR275W,0,-3.2095134,0.08766603469848633,0.23100000619888306,0.24040000140666962
YAL059W,YGR083C,0,-3.2095468,0.08763277530670166,0.23100000619888306,0.24050000309944153
YER155C,YML023C,0,-3.2095678,0.08759954571723938,0.23100000619888306,0.24060000479221344
YPL208W,YDR515W,0,-3.2099326,0.08756633847951889,0.23100000619888306,0.24070000648498535
YNL258C,YAR008W,0,-3.209986,0.08753315359354019,0.23100000619888306,0.24079999327659607
YLR397C,YOR295W,0,-3.2100227,0.08749999850988388,0.23100000619888306,0.24089999496936798
YEL036C,YFL011W,0,-3.2101698,0.08746686577796936,0.23100000619888306,0.2409999966621399
YKR065C,YGR183C,0,-3.2102568,0.08743376284837723,0.23100000619888306,0.2410999983549118
YKL006C-A,YGL232W,0,-3.2104347,0.08740068227052689,0.23100000619888306,0.24120000004768372
YJR083C,YJL114W,0,-3.2104912,0.08736762404441833,0.23100000619888306,0.24130000174045563
YDR168W,YHR073W,0,-3.210685,0.08733459562063217,0.23100000619888306,0.24140000343322754
YGR245C,YDR079C-A,0,-3.210698,0.0873015895485878,0.23100000619888306,0.24150000512599945
YHR186C,YKR101W,0,-3.2107208,0.08726860582828522,0.23100000619888306,0.24160000681877136
YIL068C,YEL051W,0,-3.210899,0.08723565191030502,0.23100000619888306,0.24169999361038208
YJL100W,YHR161C,0,-3.2109487,0.08720272034406662,0.23100000619888306,0.241799995303154
YGL071W,YOL066C,0,-3.2109878,0.08716981112957001,0.23100000619888306,0.2418999969959259
YPR113W,YPR137W,0,-3.211061,0.08713693171739578,0.23100000619888306,0.24199999868869781
YEL027W,YDR437W,0,-3.2110684,0.08710407465696335,0.23100000619888306,0.24210000038146973
YER095W,YDR369C,1,-3.2111616,0.08744817227125168,0.23199999332427979,0.24210000038146973
YBR177C,YGL062W,0,-3.21125,0.08741522580385208,0.23199999332427979,0.24220000207424164
YPR144C,YKL012W,0,-3.2113402,0.08738229423761368,0.23199999332427979,0.24230000376701355
YKL160W,YCL033C,0,-3.2114418,0.08734939992427826,0.23199999332427979,0.24240000545978546
YBL085W,YEL020W-A,0,-3.2114806,0.08731652051210403,0.23199999332427979,0.24250000715255737
YPR046W,YBL064C,0,-3.2115145,0.0872836709022522,0.23199999332427979,0.2425999939441681
YOR150W,YMR067C,0,-3.211672,0.08725084364414215,0.23199999332427979,0.24269999563694
YER013W,YJL089W,0,-3.2117374,0.08721804618835449,0.23199999332427979,0.24279999732971191
YKL212W,YOL124C,0,-3.2118404,0.08718527108430862,0.23199999332427979,0.24289999902248383
YLR429W,YDR181C,0,-3.211863,0.08715251833200455,0.23199999332427979,0.24300000071525574
YNL258C,YMR089C,0,-3.211872,0.08711978793144226,0.23199999332427979,0.24310000240802765
YKL053C-A,YFL004W,0,-3.2119095,0.08708708733320236,0.23199999332427979,0.24320000410079956
YBR231C,YDR165W,0,-3.2119405,0.08705440908670425,0.23199999332427979,0.24330000579357147
YIL135C,YBR105C,0,-3.2120273,0.08702175319194794,0.23199999332427979,0.2433999925851822
YGR089W,YDR362C,0,-3.2122018,0.08698912709951401,0.23199999332427979,0.2434999942779541
YPL147W,YML039W,0,-3.2124927,0.08695652335882187,0.23199999332427979,0.243599995970726
YJR112W,YNR011C,0,-3.2125914,0.08692394196987152,0.23199999332427979,0.24369999766349792
YNL031C,YJR027W,0,-3.2127361,0.08689138293266296,0.23199999332427979,0.24379999935626984
YOR211C,YKL125W,0,-3.2127779,0.0868588536977768,0.23199999332427979,0.24390000104904175
YMR240C,YHR196W,0,-3.2128463,0.08682634681463242,0.23199999332427979,0.24400000274181366
YHR164C,YMR202W,1,-3.2128503,0.08716797828674316,0.2329999953508377,0.24400000274181366
YJL030W,YCR014C,0,-3.2129285,0.08713537454605103,0.2329999953508377,0.24410000443458557
YBL039C,YOR272W,0,-3.2131822,0.08710280060768127,0.2329999953508377,0.24420000612735748
YGR221C,YLR455W,0,-3.2132819,0.08707025647163391,0.2329999953508377,0.2442999929189682
YFR036W,YPR175W,0,-3.2133117,0.08703772723674774,0.2329999953508377,0.2443999946117401
YDR440W,YHR094C,0,-3.2133186,0.08700522780418396,0.2329999953508377,0.24449999630451202
YPR082C,YGL171W,0,-3.2133358,0.08697275072336197,0.2329999953508377,0.24459999799728394
YNL008C,YDL035C,0,-3.2133741,0.08694029599428177,0.2329999953508377,0.24469999969005585
YOL077W-A,YJR078W,0,-3.2134287,0.08690787106752396,0.2329999953508377,0.24480000138282776
YCR098C,YLL061W,0,-3.2137082,0.08687546849250793,0.2329999953508377,0.24490000307559967
YOR136W,YPL097W,0,-3.2137415,0.0868430882692337,0.2329999953508377,0.24500000476837158
YPL132W,YNL009W,0,-3.2138498,0.08681073039770126,0.2329999953508377,0.2451000064611435
YNL331C,YMR067C,0,-3.2139018,0.08677839487791061,0.2329999953508377,0.2451999932527542
YGL183C,YOR209C,0,-3.2139132,0.08674608916044235,0.2329999953508377,0.24529999494552612
YLR381W,YPL043W,0,-3.2139504,0.08671380579471588,0.2329999953508377,0.24539999663829803
YOL026C,YKL075C,0,-3.2140098,0.0866815447807312,0.2329999953508377,0.24549999833106995
YJL076W,YHR118C,0,-3.214186,0.08664931356906891,0.2329999953508377,0.24560000002384186
YBR088C,YHR163W,0,-3.2142034,0.08661709725856781,0.2329999953508377,0.24570000171661377
YLR384C,YBL017C,0,-3.2142172,0.0865849107503891,0.2329999953508377,0.24580000340938568
YDL227C,YPL147W,0,-3.2142925,0.08655274659395218,0.2329999953508377,0.2459000051021576
YBL061C,YOR332W,0,-3.2143996,0.08652061223983765,0.2329999953508377,0.2460000067949295
YDR384C,YER118C,0,-3.2144578,0.08648849278688431,0.2329999953508377,0.24609999358654022
YNL258C,YER123W,0,-3.2145169,0.08645640313625336,0.2329999953508377,0.24619999527931213
YOR078W,YJL179W,1,-3.2146864,0.08679525554180145,0.23399999737739563,0.24619999527931213
YHR175W,YMR026C,0,-3.2147658,0.08676306903362274,0.23399999737739563,0.24629999697208405
YOR310C,YLR075W,0,-3.2150524,0.08673091232776642,0.23399999737739563,0.24639999866485596
YNL159C,YPL121C,0,-3.2152693,0.08669877797365189,0.23399999737739563,0.24650000035762787
YGL206C,YHL031C,0,-3.2152724,0.08666666597127914,0.23399999737739563,0.24660000205039978
YNR016C,YMR134W,0,-3.215359,0.0866345763206482,0.23399999737739563,0.2467000037431717
YNL262W,YBR143C,0,-3.2153745,0.08660251647233963,0.23399999737739563,0.2468000054359436
YNL126W,YDR057W,0,-3.2153842,0.08657047897577286,0.23399999737739563,0.24690000712871552
YOL080C,YER087C-A,0,-3.215471,0.08653846383094788,0.23399999737739563,0.24699999392032623
YHL002W,YOR284W,0,-3.215473,0.08650647103786469,0.23399999737739563,0.24709999561309814
YEL018W,YDL116W,0,-3.2155023,0.08647450059652328,0.23399999737739563,0.24719999730587006
YPR034W,YBR254C,0,-3.2156417,0.08644255995750427,0.23399999737739563,0.24729999899864197
YML118W,YMR076C,0,-3.2156518,0.08641063421964645,0.23399999737739563,0.24740000069141388
YMR069W,YBR092C,0,-3.2156713,0.08637873828411102,0.23399999737739563,0.2475000023841858
YOR213C,YDR120C,0,-3.2156992,0.08634686470031738,0.23399999737739563,0.2476000040769577
YJL099W,YGL006W,0,-3.2157764,0.08631501346826553,0.23399999737739563,0.24770000576972961
YLR098C,YMR276W,0,-3.2158067,0.08628318458795547,0.23399999737739563,0.24779999256134033
YGR167W,YLR329W,0,-3.2158625,0.0862513855099678,0.23399999737739563,0.24789999425411224
YJR112W,YOR195W,0,-3.2158964,0.08621960133314133,0.23399999737739563,0.24799999594688416
YLR335W,YLR039C,0,-3.2161663,0.08618784695863724,0.23399999737739563,0.24809999763965607
YHR154W,YOL028C,0,-3.2161872,0.08615611493587494,0.23399999737739563,0.24819999933242798
YDL164C,YNR023W,0,-3.2162657,0.08612440526485443,0.23399999737739563,0.2483000010251999
YLR205C,YGL126W,0,-3.216531,0.08609271794557571,0.23399999737739563,0.2484000027179718
YOL051W,YDR495C,1,-3.2166345,0.08642883598804474,0.23499999940395355,0.2484000027179718
YOR058C,YFR019W,0,-3.2166753,0.08639705926179886,0.23499999940395355,0.2485000044107437
YDR301W,YPR161C,0,-3.2166836,0.08636530488729477,0.23499999940395355,0.24860000610351562
YPL237W,YGR274C,0,-3.2166855,0.08633358031511307,0.23499999940395355,0.24869999289512634
YPR046W,YPR134W,0,-3.2167072,0.08630187064409256,0.23499999940395355,0.24879999458789825
YJR069C,YML065W,0,-3.216722,0.08627019077539444,0.23499999940395355,0.24889999628067017
YNL288W,YNL126W,0,-3.216822,0.08623853325843811,0.23499999940395355,0.24899999797344208
YMR168C,YPL019C,0,-3.2168975,0.08620689809322357,0.23499999940395355,0.249099999666214
YCR073W-A,YLR234W,1,-3.216936,0.08654198795557022,0.23600000143051147,0.249099999666214
YOR330C,YPL092W,0,-3.2170284,0.08651026338338852,0.23600000143051147,0.2492000013589859
YIL048W,YOR353C,0,-3.2170575,0.08647856116294861,0.23600000143051147,0.2493000030517578
YKL045W,YER118C,0,-3.2170649,0.08644688874483109,0.23600000143051147,0.24940000474452972
YDR235W,YHR066W,0,-3.2171087,0.08641523122787476,0.23600000143051147,0.24950000643730164
YOR217W,YLR272C,0,-3.2171972,0.08638360351324081,0.23600000143051147,0.24959999322891235
YEL066W,YNL126W,0,-3.217254,0.08635199069976807,0.23600000143051147,0.24969999492168427
YMR168C,YPL126W,0,-3.217254,0.0863204076886177,0.23600000143051147,0.24979999661445618
YKL139W,YHL020C,1,-3.2172894,0.08665447682142258,0.2370000034570694,0.24979999661445618
YIL079C,YNL042W,0,-3.2173126,0.08662280440330505,0.2370000034570694,0.2498999983072281
YOL002C,YFR002W,0,-3.2173223,0.08659116178750992,0.2370000034570694,0.25
YDR283C,YPL234C,0,-3.2174869,0.08655953407287598,0.2370000034570694,0.2500999867916107
YER027C,YIL031W,0,-3.2175214,0.08652792870998383,0.2370000034570694,0.2502000033855438
YHR015W,YDR192C,0,-3.2175748,0.08649635314941406,0.2370000034570694,0.25029999017715454
YDR385W,YOL089C,0,-3.2175953,0.0864647924900055,0.2370000034570694,0.25040000677108765
YJL065C,YOR160W,0,-3.217685,0.08643326163291931,0.2370000034570694,0.25049999356269836
YCL029C,YDR058C,0,-3.2177398,0.08640175312757492,0.2370000034570694,0.25060001015663147
YPL037C,YLR136C,0,-3.2179422,0.08637025952339172,0.2370000034570694,0.2506999969482422
YNL037C,YAL068C,0,-3.2180095,0.08633879572153091,0.2370000034570694,0.2508000135421753
YMR033W,YML011C,0,-3.2180617,0.0863073542714119,0.2370000034570694,0.250900000333786
YGR212W,YPL087W,0,-3.2180712,0.08627593517303467,0.2370000034570694,0.25099998712539673
YNR019W,YDL078C,0,-3.2182002,0.08624453842639923,0.2370000034570694,0.25110000371932983
YLR055C,YDR172W,0,-3.218214,0.08621317148208618,0.2370000034570694,0.25119999051094055
YKL189W,YDL247W,0,-3.2182782,0.08618181943893433,0.2370000034570694,0.25130000710487366
YDR362C,YLL040C,0,-3.2182884,0.08615048974752426,0.2370000034570694,0.2513999938964844
YPL043W,YJR120W,0,-3.2184722,0.08611918240785599,0.2370000034570694,0.2515000104904175
YOR119C,YHR006W,0,-3.218478,0.0860879048705101,0.2370000034570694,0.2515999972820282
YDR110W,YEL003W,0,-3.218494,0.08605664223432541,0.2370000034570694,0.2517000138759613
YNR032C-A,YNL037C,0,-3.2185183,0.0860254094004631,0.2370000034570694,0.251800000667572
YMR287C,YDR268W,0,-3.2187116,0.085994191467762,0.2370000034570694,0.25189998745918274
YJL203W,YNR023W,0,-3.218788,0.08596300333738327,0.2370000034570694,0.25200000405311584
YNL172W,YIL153W,0,-3.2189322,0.08593183755874634,0.2370000034570694,0.25209999084472656
YLR310C,YML132W,0,-3.2189972,0.0859006866812706,0.2370000034570694,0.25220000743865967
YHR013C,YCR086W,1,-3.2190702,0.08623188734054565,0.23800000548362732,0.25220000743865967
YNL029C,YDR217C,0,-3.2191465,0.08620065450668335,0.23800000548362732,0.2522999942302704
YDR412W,YNL209W,0,-3.219444,0.08616944402456284,0.23800000548362732,0.2524000108242035
YNL327W,YNL202W,0,-3.2194846,0.08613825589418411,0.23800000548362732,0.2524999976158142
YEL065W,YAL011W,0,-3.2195055,0.08610709011554718,0.23800000548362732,0.2526000142097473
YMR116C,YMR080C,1,-3.2196133,0.08643761277198792,0.23899999260902405,0.2526000142097473
YDR527W,YJL080C,0,-3.2196167,0.08640636503696442,0.23899999260902405,0.25270000100135803
YMR314W,YBR126C,0,-3.2196395,0.08637513220310211,0.23899999260902405,0.25279998779296875
YLR190W,YDR529C,0,-3.2197492,0.0863439291715622,0.23899999260902405,0.25290000438690186
YDR219C,YDR011W,0,-3.2198043,0.08631274849176407,0.23899999260902405,0.2529999911785126
YLR085C,YOL038W,0,-3.2201974,0.08628159016370773,0.23899999260902405,0.2531000077724457
YPR137W,YER111C,0,-3.2202518,0.08625045418739319,0.23899999260902405,0.2531999945640564
YOR147W,YDR393W,0,-3.2202802,0.08621933311223984,0.23899999260902405,0.2533000111579895
YGL111W,YBL046W,0,-3.2204256,0.08618824183940887,0.23899999260902405,0.2533999979496002
YBR217W,YKR028W,0,-3.2204306,0.0861571729183197,0.23899999260902405,0.2535000145435333
YJL098W,YKR037C,0,-3.2204556,0.08612612634897232,0.23899999260902405,0.25360000133514404
YNL227C,YDL105W,0,-3.2205327,0.08609510213136673,0.23899999260902405,0.25369998812675476
YGL086W,YNL045W,0,-3.220535,0.08606410026550293,0.23899999260902405,0.25380000472068787
YBL023C,YFL008W,0,-3.220618,0.08603312075138092,0.23899999260902405,0.2538999915122986
YNL084C,YFR008W,0,-3.2206528,0.0860021561384201,0.23899999260902405,0.2540000081062317
YBR022W,YHR154W,0,-3.2206547,0.08597122132778168,0.23899999260902405,0.2540999948978424
YBL050W,YFL060C,0,-3.2208264,0.08594030886888504,0.23899999260902405,0.2542000114917755
YCR086W,YHR059W,1,-3.220857,0.08626887202262878,0.23999999463558197,0.2542000114917755
YNL073W,YIL082W-A,0,-3.2208605,0.08623787015676498,0.23999999463558197,0.25429999828338623
YPR144C,YGR063C,0,-3.2208707,0.08620689809322357,0.23999999463558197,0.25440001487731934
YKR036C,YGR285C,0,-3.2210505,0.08617594093084335,0.23999999463558197,0.25450000166893005
YBL032W,YJL179W,1,-3.221145,0.08650394529104233,0.2409999966621399,0.25450000166893005
YJR108W,YGL181W,0,-3.2211454,0.08647291362285614,0.2409999966621399,0.25459998846054077
YOL165C,YLL003W,0,-3.22129,0.08644189685583115,0.2409999966621399,0.2547000050544739
YLR288C,YNL032W,1,-3.2216618,0.0867694541811943,0.24199999868869781,0.2547000050544739
YBL005W,YJL156C,0,-3.2216694,0.08673834800720215,0.24199999868869781,0.2547999918460846
YBL051C,YCR028C-A,0,-3.2216933,0.08670727163553238,0.24199999868869781,0.2549000084400177
YEL018W,YLL016W,0,-3.221717,0.0866762176156044,0.24199999868869781,0.2549999952316284
YFL018C,YGL236C,0,-3.221732,0.08664518594741821,0.24199999868869781,0.2551000118255615
YGL209W,YER123W,0,-3.2217524,0.08661417663097382,0.24199999868869781,0.25519999861717224
YPR082C,YPL157W,0,-3.2217984,0.08658318221569061,0.24199999868869781,0.25529998540878296
YAL020C,YDR432W,0,-3.2218504,0.0865522176027298,0.24199999868869781,0.25540000200271606
YAL031C,YJR035W,0,-3.2219055,0.08652127534151077,0.24199999868869781,0.2554999887943268
YNL119W,YJR026W,0,-3.2220633,0.08649034798145294,0.24199999868869781,0.2556000053882599
YNL233W,YBR038W,0,-3.2221658,0.0864594504237175,0.24199999868869781,0.2556999921798706
YNL118C,YNL127W,0,-3.2223945,0.08642856776714325,0.24199999868869781,0.2558000087738037
YLR384C,YJL054W,0,-3.2225053,0.08639771491289139,0.24199999868869781,0.25589999556541443
YMR069W,YPL019C,0,-3.2225828,0.08636688441038132,0.24199999868869781,0.25600001215934753
YKR027W,YBR102C,0,-3.2226288,0.08633606880903244,0.24199999868869781,0.25609999895095825
YLL027W,YBL006C,1,-3.2226512,0.0866619125008583,0.24300000071525574,0.25609999895095825
YLR381W,YBR170C,0,-3.2226784,0.08663101494312286,0.24300000071525574,0.25619998574256897
YNL172W,YGL089C,0,-3.2227342,0.08660013973712921,0.24300000071525574,0.2563000023365021
YBR009C,YDR473C,0,-3.2230618,0.08656929433345795,0.24300000071525574,0.2563999891281128
YDR158W,YGR055W,0,-3.2230666,0.08653846383094788,0.24300000071525574,0.2565000057220459
YPR199C,YNR048W,0,-3.2230878,0.0865076556801796,0.24300000071525574,0.2565999925136566
YNL267W,YGL144C,0,-3.2231896,0.0864768698811531,0.24300000071525574,0.2567000091075897
YBL074C,YCL040W,0,-3.2232182,0.08644610643386841,0.24300000071525574,0.25679999589920044
YNL112W,YPL131W,0,-3.2234433,0.0864153653383255,0.24300000071525574,0.25690001249313354
YOL089C,YLR337C,0,-3.2235143,0.08638463914394379,0.24300000071525574,0.25699999928474426
YNL053W,YMR022W,0,-3.2236292,0.08635394275188446,0.24300000071525574,0.257099986076355
YLR305C,YKL075C,0,-3.2237628,0.08632326871156693,0.24300000071525574,0.2572000026702881
YGL055W,YKR097W,0,-3.2237952,0.08629261702299118,0.24300000071525574,0.2572999894618988
YDR113C,YMR129W,0,-3.2238734,0.08626198023557663,0.24300000071525574,0.2574000060558319
YCR088W,YGL001C,0,-3.2239072,0.08623137325048447,0.24300000071525574,0.2574999928474426
YMR246W,YPL249C,0,-3.2239282,0.0862007811665535,0.24300000071525574,0.25760000944137573
YCR057C,YMR051C,0,-3.224106,0.08617021143436432,0.24300000071525574,0.25769999623298645
YKR031C,YIL173W,0,-3.2241418,0.08613966405391693,0.24300000071525574,0.25780001282691956
YKL021C,YKL079W,0,-3.224173,0.08610913902521133,0.24300000071525574,0.2578999996185303
YLR342W,YDR389W,0,-3.2242208,0.08607863634824753,0.24300000071525574,0.257999986410141
YMR047C,YJL098W,0,-3.2244442,0.08604815602302551,0.24300000071525574,0.2581000030040741
YKL092C,YBL064C,0,-3.2244442,0.08601769804954529,0.24300000071525574,0.2581999897956848
YAL041W,YPR168W,0,-3.2244682,0.08598726242780685,0.24300000071525574,0.2583000063896179
YDL058W,YDR135C,0,-3.2245488,0.08595684170722961,0.24300000071525574,0.25839999318122864
YCR052W,YDR324C,0,-3.2245696,0.08592645078897476,0.24300000071525574,0.25850000977516174
YNL259C,YLR221C,0,-3.2245824,0.0858960747718811,0.24300000071525574,0.25859999656677246
YNL008C,YML038C,0,-3.224591,0.08586572110652924,0.24300000071525574,0.25870001316070557
YMR316W,YOR005C,0,-3.2250865,0.08583539724349976,0.24300000071525574,0.2587999999523163
YKL179C,YPL020C,0,-3.22516,0.08580508828163147,0.24300000071525574,0.258899986743927
YPL082C,YGR055W,0,-3.2253153,0.08577479422092438,0.24300000071525574,0.2590000033378601
YOL008W,YFL026W,0,-3.2253642,0.08574452996253967,0.24300000071525574,0.2590999901294708
YKL135C,YPL091W,0,-3.2254343,0.08571428805589676,0.24300000071525574,0.25920000672340393
YPR175W,YHR060W,0,-3.225526,0.08568406105041504,0.24300000071525574,0.25929999351501465
YPR017C,YOR356W,0,-3.2256253,0.08565385639667511,0.24300000071525574,0.25940001010894775
YOR260W,YNL302C,0,-3.2258475,0.08562368154525757,0.24300000071525574,0.25949999690055847
YKL054C,YAL013W,1,-3.2259064,0.08594575524330139,0.24400000274181366,0.25949999690055847
YGR222W,YGL243W,0,-3.2260299,0.08591549098491669,0.24400000274181366,0.2596000134944916
YDR110W,YPR112C,0,-3.2260346,0.08588524907827377,0.24400000274181366,0.2597000002861023
YGL084C,YLR467W,1,-3.2261927,0.08620689809322357,0.24500000476837158,0.2597000002861023
YIL073C,YKR001C,0,-3.2263005,0.08617657423019409,0.24500000476837158,0.259799987077713
YMR182C,YMR305C,0,-3.2263625,0.0861462727189064,0.24500000476837158,0.2599000036716461
YHR053C,YBR152W,0,-3.2263844,0.0861159935593605,0.24500000476837158,0.25999999046325684
YLR397C,YIR033W,0,-3.2266843,0.0860857367515564,0.24500000476837158,0.26010000705718994
YMR032W,YCR020C,0,-3.2267268,0.08605549484491348,0.24500000476837158,0.26019999384880066
YNL172W,YBR008C,0,-3.2267306,0.08602528274059296,0.24500000476837158,0.26030001044273376
YPL254W,YOR043W,1,-3.2267935,0.0863460898399353,0.2460000067949295,0.26030001044273376
YPR032W,YMR210W,0,-3.2268307,0.08631578832864761,0.2460000067949295,0.2603999972343445
YPR019W,YAL011W,0,-3.2268379,0.08628551661968231,0.2460000067949295,0.2605000138282776
YBL074C,YMR129W,0,-3.2269115,0.0862552598118782,0.2460000067949295,0.2606000006198883
YHR203C,YNL243W,1,-3.226985,0.08657553791999817,0.24699999392032623,0.2606000006198883
YBR009C,YJL056C,0,-3.2273407,0.0865451991558075,0.24699999392032623,0.260699987411499
YEL056W,YDL095W,0,-3.2273438,0.08651488274335861,0.24699999392032623,0.26080000400543213
YDR021W,YPL045W,0,-3.2274344,0.08648459613323212,0.24699999392032623,0.26089999079704285
YGL021W,YER177W,0,-3.227475,0.08645432442426682,0.24699999392032623,0.26100000739097595
YOL008W,YIL065C,0,-3.2275126,0.0864240750670433,0.24699999392032623,0.26109999418258667
YJL073W,YJL173C,0,-3.2276974,0.08639384061098099,0.24699999392032623,0.2612000107765198
YLR285W,YER075C,0,-3.2278602,0.08636363595724106,0.24699999392032623,0.2612999975681305
YLR405W,YBL075C,0,-3.2278678,0.08633344620466232,0.24699999392032623,0.2614000141620636
YMR119W,YPL119C,0,-3.2281277,0.08630328625440598,0.24699999392032623,0.2615000009536743
YMR287C,YPR095C,0,-3.2283413,0.08627314120531082,0.24699999392032623,0.26159998774528503
YMR179W,YBR175W,1,-3.2284842,0.0865921750664711,0.24799999594688416,0.26159998774528503
YGL067W,YDR312W,0,-3.2285764,0.08656195551156998,0.24799999594688416,0.26170000433921814
YOR330C,YHR001W,0,-3.2286515,0.08653175085783005,0.24799999594688416,0.26179999113082886
YOR332W,YOR069W,0,-3.2286823,0.08650156855583191,0.24799999594688416,0.26190000772476196
YNL291C,YOR231W,0,-3.2287161,0.08647140860557556,0.24799999594688416,0.2619999945163727
YGL190C,YKL125W,0,-3.2287714,0.086441271007061,0.24799999594688416,0.2621000111103058
YPL240C,YBR253W,0,-3.228958,0.08641114830970764,0.24799999594688416,0.2621999979019165
YNL317W,YDL201W,0,-3.2289798,0.08638105541467667,0.24799999594688416,0.2623000144958496
YLR266C,YGR008C,0,-3.2291088,0.08635097742080688,0.24799999594688416,0.2624000012874603
YGL047W,YER075C,0,-3.2291858,0.0863209217786789,0.24799999594688416,0.26249998807907104
YGR013W,YMR016C,0,-3.2292545,0.0862908810377121,0.24799999594688416,0.26260000467300415
YNR059W,YOR035C,0,-3.2294796,0.08626087009906769,0.24799999594688416,0.26269999146461487
YPL084W,YIL036W,1,-3.2294962,0.08657857775688171,0.24899999797344208,0.26269999146461487
YPL217C,YJL176C,0,-3.2296112,0.08654848486185074,0.24899999797344208,0.262800008058548
YHR186C,YER028C,0,-3.22967,0.08651841431856155,0.24899999797344208,0.2628999948501587
YLR233C,YCR020W-B,1,-3.2296822,0.08683570474386215,0.25,0.2628999948501587
YMR276W,YPL021W,0,-3.2297347,0.0868055522441864,0.25,0.2630000114440918
YER006W,YOR216C,0,-3.229755,0.08677542209625244,0.25,0.2630999982357025
YNL329C,YDL190C,0,-3.2297976,0.08674531430006027,0.25,0.2632000148296356
YJR057W,YBL025W,0,-3.2298448,0.0867152288556099,0.25,0.26330000162124634
YBR256C,YKL042W,0,-3.2299144,0.08668515831232071,0.25,0.26339998841285706
YEL036C,YOR109W,0,-3.2301586,0.08665511012077332,0.25,0.26350000500679016
YNL282W,YER031C,0,-3.230376,0.08662508428096771,0.25,0.2635999917984009
YGR163W,YOR003W,1,-3.2304,0.08694145828485489,0.25099998712539673,0.2635999917984009
YDR343C,YBR260C,0,-3.2304242,0.08691135793924332,0.25099998712539673,0.263700008392334
YGR119C,YCL075W,0,-3.2305305,0.08688127249479294,0.25099998712539673,0.2637999951839447
YMR013C,YDR356W,0,-3.2305405,0.08685120940208435,0.25099998712539673,0.2639000117778778
YJL058C,YJL134W,0,-3.2305543,0.08682116866111755,0.25099998712539673,0.2639999985694885
YLR210W,YDL140C,0,-3.2307754,0.08679115027189255,0.25099998712539673,0.26409998536109924
YPR122W,YDR065W,0,-3.230787,0.08676114678382874,0.25099998712539673,0.26420000195503235
YCR038C,YNL294C,0,-3.2308042,0.08673116564750671,0.25099998712539673,0.26429998874664307
YIL019W,YBR055C,0,-3.230831,0.08670120686292648,0.25099998712539673,0.26440000534057617
YGR227W,YLR196W,0,-3.23087,0.08667127043008804,0.25099998712539673,0.2644999921321869
YHR164C,YER116C,1,-3.2308705,0.08698653429746628,0.25200000405311584,0.2644999921321869
YNL221C,YIL021W,0,-3.2309034,0.08695652335882187,0.25200000405311584,0.26460000872612
YCL024W,YIL123W,0,-3.2309291,0.08692652732133865,0.25200000405311584,0.2646999955177307
YER114C,YER082C,0,-3.2310622,0.08689655363559723,0.25200000405311584,0.2648000121116638
YIL009C-A,YDL077C,1,-3.231095,0.08721130341291428,0.2529999911785126,0.2648000121116638
YBR164C,YCL014W,0,-3.231125,0.08718125522136688,0.2529999911785126,0.26489999890327454
YER107C,YPR072W,0,-3.2311983,0.08715122193098068,0.2529999911785126,0.26499998569488525
YBR112C,YDL059C,1,-3.2312791,0.0874655619263649,0.2540000081062317,0.26499998569488525
YPL096C-A,YPR140W,0,-3.2313426,0.08743545413017273,0.2540000081062317,0.26510000228881836
YCL055W,YOR110W,0,-3.2313545,0.08740536868572235,0.2540000081062317,0.2651999890804291
YNR043W,YGR013W,0,-3.2313778,0.08737529814243317,0.2540000081062317,0.2653000056743622
YDR060W,YBR022W,0,-3.2314415,0.08734525740146637,0.2540000081062317,0.2653999924659729
YML103C,YLL036C,0,-3.2315571,0.08731523156166077,0.2540000081062317,0.265500009059906
YJL085W,YDR473C,0,-3.2316835,0.08728522062301636,0.2540000081062317,0.2655999958515167
YFR030W,YJR131W,0,-3.2316906,0.08725523948669434,0.2540000081062317,0.26570001244544983
YDR206W,YDR545W,1,-3.2317152,0.08756867796182632,0.2549999952316284,0.26570001244544983
YOR211C,YPR041W,0,-3.2317264,0.08753862231969833,0.2549999952316284,0.26579999923706055
YGL099W,YKL056C,0,-3.2317846,0.08750858157873154,0.2549999952316284,0.26589998602867126
YJR043C,YLR032W,1,-3.2319338,0.0878216102719307,0.25600001215934753,0.26589998602867126
YOR243C,YNL302C,0,-3.2319505,0.08779149502515793,0.25600001215934753,0.26600000262260437
YNL271C,YCR047C,0,-3.232064,0.08776140213012695,0.25600001215934753,0.2660999894142151
YHL047C,YDR385W,0,-3.2320745,0.08773132413625717,0.25600001215934753,0.2662000060081482
YER112W,YDR202C,0,-3.2320936,0.08770126849412918,0.25600001215934753,0.2662999927997589
YNL325C,YNL007C,0,-3.232098,0.08767123520374298,0.25600001215934753,0.266400009393692
YDR052C,YHR200W,0,-3.2323391,0.08764121681451797,0.25600001215934753,0.26649999618530273
YCR038C,YML103C,0,-3.2323515,0.08761122822761536,0.25600001215934753,0.26660001277923584
YIL103W,YDR245W,0,-3.2323983,0.08758125454187393,0.25600001215934753,0.26669999957084656
YPL028W,YHR061C,0,-3.232401,0.0875513032078743,0.25600001215934753,0.2667999863624573
YOR201C,YNL311C,0,-3.2324212,0.08752136677503586,0.25600001215934753,0.2669000029563904
YJL095W,YJL061W,0,-3.232447,0.08749145269393921,0.25600001215934753,0.2669999897480011
YKL149C,YPL121C,0,-3.2326279,0.08746156841516495,0.25600001215934753,0.2671000063419342
YDR151C,YPL242C,0,-3.2326648,0.08743169158697128,0.25600001215934753,0.2671999931335449
YDR156W,YBR156C,1,-3.2327068,0.08774325996637344,0.25699999928474426,0.2671999931335449
YGR288W,YOL067C,0,-3.2328632,0.08771330863237381,0.25699999928474426,0.267300009727478
YMR047C,YKL125W,0,-3.2330809,0.08768338710069656,0.25699999928474426,0.26739999651908875
YPL018W,YBR080C,0,-3.2331414,0.08765348047018051,0.25699999928474426,0.26750001311302185
YPR178W,YER151C,0,-3.233147,0.08762359619140625,0.25699999928474426,0.26759999990463257
YIL110W,YHR060W,0,-3.2332175,0.08759372681379318,0.25699999928474426,0.2676999866962433
YKL025C,YKR001C,0,-3.2332215,0.0875638872385025,0.25699999928474426,0.2678000032901764
YDL247W,YPR161C,0,-3.233224,0.08753406256437302,0.25699999928474426,0.2678999900817871
YMR135C,YMR302C,0,-3.2333286,0.08750425279140472,0.25699999928474426,0.2680000066757202
YBR245C,YDL212W,0,-3.2333534,0.08747447282075882,0.25699999928474426,0.26809999346733093
YBL033C,YGR044C,0,-3.2335742,0.08744470775127411,0.25699999928474426,0.26820001006126404
YOL123W,YBR192W,0,-3.2336514,0.08741496503353119,0.25699999928474426,0.26829999685287476
YPL145C,YDR235W,0,-3.2337434,0.08738524466753006,0.25699999928474426,0.26840001344680786
YPR164W,YOL142W,0,-3.233799,0.08735553920269012,0.25699999928474426,0.2685000002384186
YEL027W,YER032W,0,-3.233898,0.08732585608959198,0.25699999928474426,0.2685999870300293
YLR340W,YKL178C,0,-3.2339818,0.08729619532823563,0.25699999928474426,0.2687000036239624
YOR381W,YDR289C,0,-3.2341144,0.08726655691862106,0.25699999928474426,0.2687999904155731
YDR118W,YJL074C,0,-3.2341151,0.0872369334101677,0.25699999928474426,0.2689000070095062
YAL013W,YBL058W,1,-3.2341287,0.08754665404558182,0.257999986410141,0.2689000070095062
YGR120C,YNL068C,0,-3.234204,0.08751696348190308,0.257999986410141,0.26899999380111694
YAL002W,YML038C,0,-3.2343485,0.08748728036880493,0.257999986410141,0.26910001039505005
YAR002C-A,YDR432W,0,-3.234359,0.08745762705802917,0.257999986410141,0.26919999718666077
YBR243C,YPL200W,0,-3.234473,0.08742798864841461,0.257999986410141,0.26930001378059387
YIL010W,YDR388W,0,-3.2345717,0.08739837259054184,0.257999986410141,0.2694000005722046
YNR035C,YPL210C,0,-3.2346091,0.08736877888441086,0.257999986410141,0.2694999873638153
YDR188W,YOL010W,0,-3.2346337,0.08733920007944107,0.257999986410141,0.2696000039577484
YER088C,YOR329C,0,-3.2347815,0.08730964362621307,0.257999986410141,0.26969999074935913
YMR032W,YNL334C,0,-3.2348392,0.08728010952472687,0.257999986410141,0.26980000734329224
YKL213C,YOR320C,0,-3.2349312,0.08725059032440186,0.257999986410141,0.26989999413490295
YPR055W,YBR173C,0,-3.2349417,0.08722109347581863,0.257999986410141,0.27000001072883606
YGL191W,YGL006W,0,-3.2349455,0.0871916189789772,0.257999986410141,0.2700999975204468
YMR032W,YPR182W,0,-3.2349932,0.08716215938329697,0.257999986410141,0.2702000141143799
YGL086W,YMR239C,0,-3.2352853,0.08713272213935852,0.257999986410141,0.2703000009059906
YDR205W,YBL056W,0,-3.2353983,0.08710330724716187,0.257999986410141,0.2703999876976013
YNL327W,YDR147W,0,-3.2355149,0.087073914706707,0.257999986410141,0.2705000042915344
YLR342W,YNL318C,0,-3.2356703,0.08704453706741333,0.257999986410141,0.27059999108314514
YPL171C,YDR529C,0,-3.2356741,0.08701517432928085,0.257999986410141,0.27070000767707825
YFR053C,YGR091W,0,-3.2357223,0.08698584139347076,0.257999986410141,0.27079999446868896
YDR085C,YLR362W,0,-3.2359939,0.08695652335882187,0.257999986410141,0.27090001106262207
YBR243C,YLR056W,0,-3.2361033,0.08692722022533417,0.257999986410141,0.2709999978542328
YBR131W,YGL094C,0,-3.2361958,0.08689794689416885,0.257999986410141,0.2711000144481659
YBR193C,YDR393W,0,-3.236224,0.08686868846416473,0.257999986410141,0.2712000012397766
YLR002C,YDR393W,0,-3.2362366,0.08683944493532181,0.257999986410141,0.27129998803138733
YLR431C,YPL231W,0,-3.2363293,0.08681023120880127,0.257999986410141,0.27140000462532043
YDR085C,YJR045C,0,-3.2363827,0.08678103238344193,0.257999986410141,0.27149999141693115
YOL082W,YOL112W,0,-3.2364137,0.08675184845924377,0.257999986410141,0.27160000801086426
YFR019W,YNL299W,0,-3.236459,0.08672268688678741,0.257999986410141,0.271699994802475
YNR017W,YGR063C,0,-3.2365744,0.08669354766607285,0.257999986410141,0.2718000113964081
YDL059C,YMR125W,1,-3.236605,0.08700033277273178,0.2590000033378601,0.2718000113964081
YNL278W,YLR009W,0,-3.236623,0.08697111904621124,0.2590000033378601,0.2718999981880188
YOR207C,YHR163W,0,-3.2367103,0.0869419276714325,0.2590000033378601,0.2720000147819519
YLR384C,YER165W,0,-3.2368524,0.08691275119781494,0.2590000033378601,0.2721000015735626
YLR431C,YDL022W,0,-3.2369273,0.08688359707593918,0.2590000033378601,0.27219998836517334
YPL235W,YLR435W,0,-3.2369273,0.08685445785522461,0.2590000033378601,0.27230000495910645
YNL286W,YML118W,0,-3.2369533,0.08682534098625183,0.2590000033378601,0.27239999175071716
YGR227W,YGR285C,0,-3.2371445,0.08679624646902084,0.2590000033378601,0.27250000834465027
YLR068W,YLR272C,0,-3.2371638,0.08676716685295105,0.2590000033378601,0.272599995136261
YLR381W,YBL061C,0,-3.2372468,0.08673810958862305,0.2590000033378601,0.2727000117301941
YGL195W,YDL212W,0,-3.2372532,0.08670907467603683,0.2590000033378601,0.2727999985218048
YFL022C,YBR159W,0,-3.2372563,0.08668005466461182,0.2590000033378601,0.2728999853134155
YBL102W,YKL203C,0,-3.237298,0.08665105700492859,0.2590000033378601,0.27300000190734863
YNL227C,YEL065W,0,-3.2373354,0.08662207424640656,0.2590000033378601,0.27309998869895935
YOR025W,YMR272C,0,-3.237357,0.08659311383962631,0.2590000033378601,0.27320000529289246
YER166W,YJL063C,0,-3.2373667,0.08656416833400726,0.2590000033378601,0.2732999920845032
YDL099W,YOR064C,0,-3.2374623,0.0865352526307106,0.2590000033378601,0.2734000086784363
YDR343C,YPL153C,0,-3.2374756,0.08650634437799454,0.2590000033378601,0.273499995470047
YOR211C,YDR453C,0,-3.2374794,0.08647746592760086,0.2590000033378601,0.2736000120639801
YFL025C,YEL065W,0,-3.2375536,0.08644859492778778,0.2590000033378601,0.2736999988555908
YBR039W,YPR193C,0,-3.237612,0.08641975373029709,0.2590000033378601,0.27379998564720154
YGR244C,YCR026C,0,-3.2378309,0.08639092743396759,0.2590000033378601,0.27390000224113464
YPL084W,YBR136W,1,-3.2379425,0.08669556677341461,0.25999999046325684,0.27390000224113464
YNL129W,YKL012W,0,-3.2379668,0.08666666597127914,0.25999999046325684,0.27399998903274536
YHR086W,YNR032W,0,-3.2380803,0.08663778752088547,0.25999999046325684,0.27410000562667847
YMR280C,YLR324W,0,-3.2382116,0.08660892397165298,0.25999999046325684,0.2741999924182892
YLR075W,YIL084C,0,-3.2382958,0.08658009022474289,0.25999999046325684,0.2743000090122223
YBR039W,YLR411W,0,-3.2383876,0.08655126392841339,0.25999999046325684,0.274399995803833
YPL140C,YGL094C,0,-3.2383964,0.08652245998382568,0.25999999046325684,0.2745000123977661
YOL090W,YGL115W,0,-3.238497,0.08649367839097977,0.25999999046325684,0.27459999918937683
YDR273W,YHR123W,0,-3.2386749,0.08646491169929504,0.25999999046325684,0.27469998598098755
YBR152W,YFL004W,0,-3.2389462,0.08643616735935211,0.25999999046325684,0.27480000257492065
YOR181W,YNL163C,0,-3.2390597,0.08640744537115097,0.25999999046325684,0.27489998936653137
YML075C,YER075C,0,-3.2391002,0.08637873828411102,0.25999999046325684,0.2750000059604645
YOR120W,YMR313C,0,-3.2391596,0.08635004609823227,0.25999999046325684,0.2750999927520752
YOL016C,YJL054W,0,-3.239282,0.0863213837146759,0.25999999046325684,0.2752000093460083
YNL182C,YMR129W,0,-3.2393062,0.08629272878170013,0.25999999046325684,0.275299996137619
YAL041W,YFL004W,0,-3.2393842,0.08626410365104675,0.25999999046325684,0.2754000127315521
YKL013C,YAR033W,0,-3.2394598,0.08623548597097397,0.25999999046325684,0.27549999952316284
YDR073W,YEL012W,0,-3.2394798,0.08620689809322357,0.25999999046325684,0.27559998631477356
YEL036C,YPL082C,0,-3.2396028,0.08617832511663437,0.25999999046325684,0.27570000290870667
YGL122C,YPL176C,0,-3.2397072,0.08614976704120636,0.25999999046325684,0.2757999897003174
YJL014W,YEL022W,0,-3.2398398,0.08612123131752014,0.25999999046325684,0.2759000062942505
YPL266W,YML046W,0,-3.2398918,0.08609271794557571,0.25999999046325684,0.2759999930858612
YAL040C,YHR086W,0,-3.2400393,0.08606421947479248,0.25999999046325684,0.2761000096797943
YCL029C,YDL132W,0,-3.2401078,0.08603573590517044,0.25999999046325684,0.27619999647140503
YKR063C,YDR013W,0,-3.2403035,0.08600727468729019,0.25999999046325684,0.27630001306533813
YDR342C,YML095C,0,-3.240431,0.08597883582115173,0.25999999046325684,0.27639999985694885
YBR097W,YOR003W,1,-3.2405086,0.08628099411725998,0.26100000739097595,0.27639999985694885
YOL145C,YLL038C,0,-3.2405922,0.08625248074531555,0.26100000739097595,0.27649998664855957
YDR216W,YDR160W,0,-3.2408175,0.08622398227453232,0.26100000739097595,0.2766000032424927
YAR007C,YEL057C,1,-3.2409074,0.08652576059103012,0.2619999945163727,0.2766000032424927
YKL017C,YCL024W,0,-3.2411077,0.08649719506502151,0.2619999945163727,0.2766999900341034
YGL058W,YDR447C,1,-3.241275,0.08679868280887604,0.2630000114440918,0.2766999900341034
YHR107C,YOR004W,0,-3.241392,0.08677004277706146,0.2630000114440918,0.2768000066280365
YFL039C,YPR198W,0,-3.2414386,0.08674142509698868,0.2630000114440918,0.2768999934196472
YMR287C,YOL028C,0,-3.2416375,0.08671282231807709,0.2630000114440918,0.2770000100135803
YNL148C,YNR030W,0,-3.2417572,0.08668424189090729,0.2630000114440918,0.27709999680519104
YDR450W,YPL065W,1,-3.241783,0.08698517084121704,0.2639999985694885,0.27709999680519104
YKL018W,YML097C,1,-3.241805,0.08728590607643127,0.26499998569488525,0.27709999680519104
YOR250C,YGL106W,0,-3.2418444,0.08725716173648834,0.26499998569488525,0.27720001339912415
YDL100C,YOR109W,0,-3.2422488,0.0872284397482872,0.26499998569488525,0.27730000019073486
YIR028W,YNR059W,0,-3.242256,0.08719974011182785,0.26499998569488525,0.2773999869823456
YER114C,YNR011C,0,-3.2423522,0.0871710553765297,0.26499998569488525,0.2775000035762787
YDR191W,YDL002C,0,-3.2425437,0.08714238554239273,0.26499998569488525,0.2775999903678894
YDR301W,YAL007C,0,-3.2425458,0.08711373805999756,0.26499998569488525,0.2777000069618225
YJL207C,YIL073C,0,-3.2425463,0.08708511292934418,0.26499998569488525,0.2777999937534332
YDR206W,YCR065W,1,-3.2425876,0.08738502115011215,0.26600000262260437,0.2777999937534332
YOR116C,YOR081C,0,-3.2426846,0.0873563215136528,0.26600000262260437,0.27790001034736633
YJL095W,YIL066C,0,-3.2428071,0.08732764422893524,0.26600000262260437,0.27799999713897705
YGL105W,YGL017W,0,-3.2428372,0.08729898184537888,0.26600000262260437,0.27810001373291016
YPL018W,YLR342W,0,-3.2428591,0.0872703418135643,0.26600000262260437,0.2782000005245209
YKL068W,YLR410W,0,-3.2429905,0.08724171668291092,0.26600000262260437,0.2782999873161316
YPR132W,YJR145C,1,-3.2430074,0.08754098415374756,0.2669999897480011,0.2782999873161316
YPL118W,YNL036W,0,-3.2430232,0.0875122919678688,0.2669999897480011,0.2784000039100647
YPL121C,YIR041W,0,-3.2432213,0.08748361468315125,0.2669999897480011,0.2784999907016754
YNL259C,YPL241C,0,-3.2432742,0.08745495975017548,0.2669999897480011,0.2786000072956085
YFR055W,YNL128W,0,-3.2433193,0.0874263271689415,0.2669999897480011,0.27869999408721924
YIR028W,YHR154W,0,-3.2433197,0.08739770948886871,0.2669999897480011,0.27880001068115234
YPR185W,YPL125W,0,-3.243358,0.08736910670995712,0.2669999897480011,0.27889999747276306
YDL243C,YGR278W,0,-3.2433918,0.08734052628278732,0.2669999897480011,0.27900001406669617
YNL133C,YDR115W,1,-3.2436233,0.0876389816403389,0.2680000066757202,0.27900001406669617
YDR227W,YCR073W-A,1,-3.2436492,0.08793723583221436,0.26899999380111694,0.27900001406669617
YPL001W,YDR143C,0,-3.2436805,0.08790849894285202,0.26899999380111694,0.2791000008583069
YBR244W,YNL273W,0,-3.2438633,0.08787977695465088,0.26899999380111694,0.2791999876499176
YDL160C,YDR150W,0,-3.2438715,0.08785107731819153,0.26899999380111694,0.2793000042438507
YJL024C,YPR161C,0,-3.2440965,0.08782240003347397,0.26899999380111694,0.2793999910354614
YCL016C,YPL049C,1,-3.244097,0.08812010288238525,0.27000001072883606,0.2793999910354614
YLR284C,YOR195W,0,-3.2441833,0.08809135109186172,0.27000001072883606,0.27950000762939453
YNR043W,YIL129C,0,-3.2442262,0.08806262165307999,0.27000001072883606,0.27959999442100525
YER017C,YGL006W,0,-3.2443035,0.08803390711545944,0.27000001072883606,0.27970001101493835
YGR289C,YDR392W,0,-3.2443917,0.08800521492958069,0.27000001072883606,0.2797999978065491
YKR029C,YPR121W,0,-3.244828,0.08797653764486313,0.27000001072883606,0.2799000144004822
YFR028C,YEL003W,0,-3.2448604,0.08794788271188736,0.27000001072883606,0.2800000011920929
YEL061C,YNL267W,0,-3.244922,0.08791924268007278,0.27000001072883606,0.2800999879837036
YKL108W,YBR118W,0,-3.2450268,0.087890625,0.27000001072883606,0.2802000045776367
YCR020C-A,YDR369C,1,-3.245031,0.08818744122982025,0.2709999978542328,0.2802000045776367
YDL142C,YBR036C,0,-3.2450516,0.0881587490439415,0.2709999978542328,0.28029999136924744
YKR027W,YDR346C,0,-3.2450626,0.08813007920980453,0.2709999978542328,0.28040000796318054
YLR113W,YGR013W,0,-3.245178,0.08810143172740936,0.2709999978542328,0.28049999475479126
YNL112W,YNL107W,0,-3.245185,0.08807279914617538,0.2709999978542328,0.28060001134872437
YGL120C,YHR154W,0,-3.2452505,0.0880441814661026,0.2709999978542328,0.2806999981403351
YGL055W,YDL058W,0,-3.2453253,0.0880155861377716,0.2709999978542328,0.2808000147342682
YDL247W,YHL007C,0,-3.245332,0.0879870131611824,0.2709999978542328,0.2809000015258789
YJL194W,YKR081C,0,-3.2454374,0.0879584550857544,0.2709999978542328,0.2809999883174896
YBR023C,YKL014C,0,-3.245478,0.08792991936206818,0.2709999978542328,0.28110000491142273
YNR033W,YOR117W,0,-3.2455287,0.08790139108896255,0.2709999978542328,0.28119999170303345
YER109C,YOR340C,0,-3.2456367,0.08787289261817932,0.2709999978542328,0.28130000829696655
YHR061C,YOR274W,0,-3.2456934,0.08784440904855728,0.2709999978542328,0.28139999508857727
YMR078C,YGR078C,0,-3.2457004,0.08781594038009644,0.2709999978542328,0.2815000116825104
YAR014C,YGR091W,0,-3.2457826,0.08778749406337738,0.2709999978542328,0.2815999984741211
YHR067W,YDL195W,0,-3.245807,0.08775907009840012,0.2709999978542328,0.2816999852657318
YPR111W,YML027W,0,-3.2458265,0.08773065358400345,0.2709999978542328,0.2818000018596649
YLR052W,YLR455W,0,-3.2458646,0.08770226687192917,0.2709999978542328,0.28189998865127563
YDR235W,YDR135C,0,-3.2458742,0.08767389506101608,0.2709999978542328,0.28200000524520874
YDR147W,YJL207C,0,-3.2459166,0.08764553815126419,0.2709999978542328,0.28209999203681946
YOR201C,YMR069W,0,-3.2460628,0.08761720359325409,0.2709999978542328,0.28220000863075256
YKR068C,YOR341W,0,-3.2461567,0.08758888393640518,0.2709999978542328,0.2822999954223633
YLR353W,YBR049C,0,-3.2462132,0.08756057918071747,0.2709999978542328,0.2824000120162964
YNL149C,YDL097C,0,-3.2464478,0.08753229677677155,0.2709999978542328,0.2824999988079071
YDL105W,YHR163W,0,-3.246629,0.08750403672456741,0.2709999978542328,0.2825999855995178
YPR122W,YDR022C,0,-3.2466447,0.08747579157352448,0.2709999978542328,0.2827000021934509
YPL047W,YNL209W,0,-3.2466743,0.08744756132364273,0.2709999978542328,0.28279998898506165
YJL194W,YMR220W,0,-3.2467613,0.08741935342550278,0.2709999978542328,0.28290000557899475
YMR309C,YER087C-A,0,-3.246895,0.08739116042852402,0.2709999978542328,0.28299999237060547
YHR055C,YFR002W,0,-3.246913,0.08736298978328705,0.2709999978542328,0.2831000089645386
YLR210W,YDL245C,0,-3.2469149,0.08733483403921127,0.2709999978542328,0.2831999957561493
YDR412W,YNL222W,0,-3.2470367,0.08730670064687729,0.2709999978542328,0.2833000123500824
YNR017W,YJR141W,0,-3.2470996,0.0872785821557045,0.2709999978542328,0.2833999991416931
YPR055W,YML005W,0,-3.2471902,0.0872504860162735,0.2709999978542328,0.28349998593330383
YBR009C,YMR065W,0,-3.2472212,0.0872223973274231,0.2709999978542328,0.28360000252723694
YHR043C,YJL089W,0,-3.247322,0.08719433844089508,0.2709999978542328,0.28369998931884766
YBR106W,YMR125W,1,-3.2473803,0.08748793601989746,0.2720000147819519,0.28369998931884766
YML023C,YMR137C,0,-3.2474134,0.08745981007814407,0.2720000147819519,0.28380000591278076
YNL172W,YOR179C,0,-3.2474868,0.08743169158697128,0.2720000147819519,0.2838999927043915
YNR026C,YGL162W,0,-3.247564,0.08740359544754028,0.2720000147819519,0.2840000092983246
YPR042C,YPL016W,0,-3.2475646,0.08737552165985107,0.2720000147819519,0.2840999960899353
YPL021W,YOR193W,0,-3.2477105,0.08734746277332306,0.2720000147819519,0.2842000126838684
YJL005W,YHR205W,0,-3.2477539,0.08731941878795624,0.2720000147819519,0.2842999994754791
YNL287W,YKL126W,0,-3.2477622,0.08729139715433121,0.2720000147819519,0.28439998626708984
YDL080C,YHR070W,0,-3.2477646,0.08726339787244797,0.2720000147819519,0.28450000286102295
YDR060W,YDR150W,0,-3.2479942,0.08723540604114532,0.2720000147819519,0.28459998965263367
YIL147C,YLR222C,0,-3.2480228,0.08720743656158447,0.2720000147819519,0.2847000062465668
YNL214W,YFL058W,0,-3.248032,0.08717948943376541,0.2720000147819519,0.2847999930381775
YMR069W,YGR063C,0,-3.2480574,0.08715155720710754,0.2720000147819519,0.2849000096321106
YPR029C,YDR285W,0,-3.248068,0.08712363988161087,0.2720000147819519,0.2849999964237213
YCR071C,YLR010C,1,-3.2480917,0.08741594851016998,0.27300000190734863,0.2849999964237213
YHR106W,YHL009C,0,-3.24813,0.08738796412944794,0.27300000190734863,0.2851000130176544
YCL027W,YBR080C,0,-3.248132,0.08736000210046768,0.27300000190734863,0.28519999980926514
YML130C,YLL013C,0,-3.2482092,0.08733205497264862,0.27300000190734863,0.28529998660087585
YHR013C,YHL012W,1,-3.2483935,0.08762392401695251,0.27399998903274536,0.28529998660087585
YGL166W,YCL034W,0,-3.24847,0.08759590983390808,0.27399998903274536,0.28540000319480896
YLR390W-A,YLR466W,1,-3.24854,0.08788750320672989,0.2750000059604645,0.28540000319480896
YIL037C,YJL059W,0,-3.248636,0.08785942196846008,0.2750000059604645,0.2854999899864197
YJR004C,YIL101C,0,-3.248741,0.08783136308193207,0.2750000059604645,0.2856000065803528
YDL230W,YGR197C,0,-3.2489216,0.08780331909656525,0.2750000059604645,0.2856999933719635
YDR004W,YJL129C,1,-3.2489421,0.08809448033571243,0.2759999930858612,0.2856999933719635
YCL061C,YGR099W,1,-3.2489688,0.0883854478597641,0.2770000100135803,0.2856999933719635
YLR098C,YOR266W,0,-3.2491262,0.08835725486278534,0.2770000100135803,0.2858000099658966
YGR238C,YHR072W-A,0,-3.2491548,0.08832908421754837,0.2770000100135803,0.2858999967575073
YPL093W,YHL009C,0,-3.249202,0.088300921022892,0.2770000100135803,0.28600001335144043
YCL044C,YOR373W,0,-3.2492263,0.08827278763055801,0.2770000100135803,0.28610000014305115
YMR029C,YNL107W,0,-3.24924,0.08824466168880463,0.2770000100135803,0.28619998693466187
YIL009W,YER183C,0,-3.2493522,0.08821655809879303,0.2770000100135803,0.28630000352859497
YOL123W,YLL002W,0,-3.2493784,0.08818847686052322,0.2770000100135803,0.2863999903202057
YML086C,YOL013C,0,-3.2494028,0.08816041052341461,0.2770000100135803,0.2865000069141388
YJL024C,YOR326W,0,-3.2494266,0.0881323590874672,0.2770000100135803,0.2865999937057495
YMR049C,YNL209W,0,-3.2494586,0.08810432255268097,0.2770000100135803,0.2867000102996826
YMR199W,YOR103C,0,-3.2494617,0.08807630836963654,0.2770000100135803,0.28679999709129333
YDL147W,YPL210C,0,-3.2494652,0.08804831653833389,0.2770000100135803,0.28690001368522644
YKL208W,YNL328C,0,-3.2495272,0.08802033960819244,0.2770000100135803,0.28700000047683716
YBR112C,YAR007C,1,-3.249819,0.08831004053354263,0.27799999713897705,0.28700000047683716
YIL026C,YOR115C,0,-3.249886,0.08828199654817581,0.27799999713897705,0.2870999872684479
YBR129C,YNL317W,0,-3.2499006,0.08825396746397018,0.27799999713897705,0.287200003862381
YDR027C,YLR467W,1,-3.2499015,0.08854331821203232,0.27900001406669617,0.287200003862381
YDR245W,YDR311W,0,-3.2499063,0.08851522952318192,0.27900001406669617,0.2872999906539917
YNL106C,YOL072W,0,-3.2501347,0.0884871557354927,0.27900001406669617,0.2874000072479248
YER147C,YER123W,0,-3.250172,0.08845909684896469,0.27900001406669617,0.2874999940395355
YDR251W,YBR182C,0,-3.2503898,0.08843106031417847,0.27900001406669617,0.28760001063346863
YJR150C,YDR043C,0,-3.2504017,0.08840303868055344,0.27900001406669617,0.28769999742507935
YPL022W,YPL167C,0,-3.250411,0.0883750393986702,0.27900001406669617,0.28780001401901245
YLR052W,YLR263W,0,-3.2505238,0.08834705501794815,0.27900001406669617,0.28790000081062317
YPR034W,YBL105C,0,-3.2506285,0.0883190855383873,0.27900001406669617,0.2879999876022339
YCR002C,YGL206C,0,-3.2506912,0.08829113841056824,0.27900001406669617,0.288100004196167
YIL036W,YBL058W,1,-3.2507493,0.08857956528663635,0.2800000011920929,0.288100004196167
YCR093W,YLR435W,0,-3.2509608,0.08855155110359192,0.2800000011920929,0.2881999909877777
YCR088W,YGR089W,0,-3.2511199,0.08852355182170868,0.2800000011920929,0.2883000075817108
YGL090W,YMR053C,0,-3.2511556,0.08849557489156723,0.2800000011920929,0.28839999437332153
YLR160C,YCL051W,0,-3.251195,0.08846761286258698,0.2800000011920929,0.28850001096725464
YKL049C,YPR080W,0,-3.2512214,0.08843967318534851,0.2800000011920929,0.28859999775886536
YNL094W,YDL134C,0,-3.2512407,0.08841174840927124,0.2800000011920929,0.28870001435279846
YGR134W,YDL160C,0,-3.25126,0.08838383853435516,0.2800000011920929,0.2888000011444092
YML049C,YGL104C,0,-3.2515414,0.08835595101118088,0.2800000011920929,0.2888999879360199
YPL021W,YPR075C,0,-3.2515914,0.08832807838916779,0.2800000011920929,0.289000004529953
YFL017W-A,YJL222W,0,-3.2516022,0.08830022066831589,0.2800000011920929,0.2890999913215637
YBR234C,YGR256W,0,-3.2518728,0.08827238529920578,0.2800000011920929,0.2892000079154968
YMR049C,YOR129C,0,-3.2519133,0.08824456483125687,0.2800000011920929,0.28929999470710754
YMR263W,YDR369C,1,-3.2519534,0.08853182196617126,0.2809999883174896,0.28929999470710754
YOL069W,YOR321W,0,-3.2519562,0.08850393444299698,0.2809999883174896,0.28940001130104065
YDR101C,YBR152W,0,-3.2520359,0.08847606927156448,0.2809999883174896,0.28949999809265137
YDL079C,YKL086W,0,-3.2521825,0.08844821900129318,0.2809999883174896,0.2896000146865845
YJR108W,YLR411W,0,-3.2521913,0.08842039108276367,0.2809999883174896,0.2897000014781952
YOL066C,YDR165W,0,-3.2522018,0.08839257806539536,0.2809999883174896,0.2897999882698059
YBR207W,YPR100W,0,-3.2522511,0.08836477994918823,0.2809999883174896,0.289900004863739
YPR135W,YGR129W,0,-3.2522767,0.0883370041847229,0.2809999883174896,0.28999999165534973
YML055W,YDR416W,0,-3.2523081,0.08830923587083817,0.2809999883174896,0.29010000824928284
YDL105W,YPR133C,0,-3.2523763,0.08828149735927582,0.2809999883174896,0.29019999504089355
YGL167C,YGL063W,0,-3.2523873,0.08825376629829407,0.2809999883174896,0.29030001163482666
YGL205W,YIL053W,0,-3.2524679,0.08822605758905411,0.2809999883174896,0.2903999984264374
YIR025W,YJL222W,0,-3.2524846,0.08819837123155594,0.2809999883174896,0.2904999852180481
YJL025W,YOR140W,0,-3.2525465,0.08817069232463837,0.2809999883174896,0.2906000018119812
YGR254W,YGL249W,0,-3.2525775,0.08814303576946259,0.2809999883174896,0.2906999886035919
YBR129C,YBL014C,0,-3.2525947,0.088115394115448,0.2809999883174896,0.290800005197525
YIL132C,YML064C,0,-3.2527668,0.0880877748131752,0.2809999883174896,0.29089999198913574
YJR090C,YDR407C,0,-3.2527668,0.0880601704120636,0.2809999883174896,0.29100000858306885
YNL097C,YOR341W,0,-3.2527869,0.08803258091211319,0.2809999883174896,0.29109999537467957
YKL129C,YGR047C,0,-3.2528255,0.08800501376390457,0.2809999883174896,0.29120001196861267
YMR006C,YGR075C,0,-3.252838,0.08797745406627655,0.2809999883174896,0.2912999987602234
YDR216W,YKL043W,0,-3.252878,0.08794992417097092,0.2809999883174896,0.2913999855518341
YDR258C,YLR045C,0,-3.2528837,0.08792240172624588,0.2809999883174896,0.2915000021457672
YPL115C,YOR274W,0,-3.252937,0.08789490163326263,0.2809999883174896,0.29159998893737793
YGR247W,YKR007W,0,-3.2530553,0.08786741644144058,0.2809999883174896,0.29170000553131104
YPR171W,YBR135W,0,-3.253122,0.08783995360136032,0.2809999883174896,0.29179999232292175
YJL214W,YPR165W,0,-3.2532253,0.08781249821186066,0.2809999883174896,0.29190000891685486
YJL085W,YNL128W,0,-3.2535045,0.08778506517410278,0.2809999883174896,0.2919999957084656
YDL143W,YGR274C,0,-3.2535186,0.0877576544880867,0.2809999883174896,0.2921000123023987
YFL013C,YGL178W,0,-3.2535865,0.08773025125265121,0.2809999883174896,0.2921999990940094
YLR284C,YLR451W,0,-3.2537072,0.08770287036895752,0.2809999883174896,0.2922999858856201
YIL103W,YDR393W,0,-3.2537785,0.08767550438642502,0.2809999883174896,0.2924000024795532
YLR060W,YJL062W,0,-3.2537954,0.08764816075563431,0.2809999883174896,0.29249998927116394
YGR003W,YOR025W,0,-3.2538283,0.08762083202600479,0.2809999883174896,0.29260000586509705
YDR499W,YDL118W,1,-3.253836,0.08790523558855057,0.28200000524520874,0.29260000586509705
YNL218W,YIL123W,0,-3.2538617,0.08787784725427628,0.28200000524520874,0.29269999265670776
YDR143C,YPR041W,0,-3.253896,0.08785046637058258,0.28200000524520874,0.29280000925064087
YKL012W,YOR340C,0,-3.2539368,0.08782310783863068,0.28200000524520874,0.2928999960422516
YMR048W,YBR253W,0,-3.2539937,0.08779576420783997,0.28200000524520874,0.2930000126361847
YCR107W,YGL112C,0,-3.2541063,0.08776844292879105,0.28200000524520874,0.2930999994277954
YER044C,YML029W,0,-3.2541099,0.08774112910032272,0.28200000524520874,0.29319998621940613
YDR206W,YMR106C,1,-3.2542078,0.08802488446235657,0.28299999237060547,0.29319998621940613
YPL100W,YOR143C,0,-3.2542365,0.08799751102924347,0.28299999237060547,0.29330000281333923
YER143W,YGL006W,0,-3.2544897,0.08797015994787216,0.28299999237060547,0.29339998960494995
YGL171W,YLR221C,0,-3.2546346,0.08794282376766205,0.28299999237060547,0.29350000619888306
YOR099W,YPR164W,0,-3.2546897,0.08791550248861313,0.28299999237060547,0.2935999929904938
YHL011C,YKL018W,1,-3.2548683,0.08819875866174698,0.2840000092983246,0.2935999929904938
YGL043W,YDR181C,0,-3.2549098,0.08817137777805328,0.2840000092983246,0.2937000095844269
YBL085W,YNR048W,0,-3.2549703,0.08814401179552078,0.2840000092983246,0.2937999963760376
YDR188W,YNL286W,0,-3.255019,0.08811666071414948,0.2840000092983246,0.2939000129699707
YDR437W,YDL134C,0,-3.2551606,0.08808933198451996,0.2840000092983246,0.2939999997615814
YNL148C,YPR037C,0,-3.2553325,0.08806201815605164,0.2840000092983246,0.29409998655319214
YER114C,YER074W-A,0,-3.2553349,0.0880347192287445,0.2840000092983246,0.29420000314712524
YFL011W,YBR152W,0,-3.255428,0.08800743520259857,0.2840000092983246,0.29429998993873596
YLR264W,YGR229C,1,-3.255477,0.08828996121883392,0.2849999964237213,0.29429998993873596
YOR025W,YJL134W,0,-3.2555015,0.08826261758804321,0.2849999964237213,0.29440000653266907
YMR280C,YDL044C,0,-3.2555988,0.0882352963089943,0.2849999964237213,0.2944999933242798
YOR127W,YNL054W,0,-3.2556226,0.08820798248052597,0.2849999964237213,0.2946000099182129
YPL116W,YOL026C,0,-3.2556708,0.08818069100379944,0.2849999964237213,0.2946999967098236
YHR094C,YOR160W,0,-3.2556922,0.0881534144282341,0.2849999964237213,0.2948000133037567
YKL135C,YPL258C,0,-3.2557564,0.08812616020441055,0.2849999964237213,0.29490000009536743
YGR046W,YIL023C,0,-3.2558892,0.0880989208817482,0.2849999964237213,0.29499998688697815
YNR035C,YER147C,0,-3.2558944,0.08807169646024704,0.2849999964237213,0.29510000348091125
YPR030W,YFR050C,0,-3.2559264,0.08804448693990707,0.2849999964237213,0.295199990272522
YHR034C,YER031C,0,-3.2559338,0.0880172923207283,0.2849999964237213,0.2953000068664551
YOL063C,YKL134C,0,-3.256008,0.08799012005329132,0.2849999964237213,0.2953999936580658
YGL119W,YDR129C,0,-3.2560785,0.08796296268701553,0.2849999964237213,0.2955000102519989
YIL150C,YER042W,0,-3.2561142,0.08793582022190094,0.2849999964237213,0.2955999970436096
YCR075C,YJR160C,0,-3.2561471,0.08790870010852814,0.2849999964237213,0.2957000136375427
YPR019W,YDL019C,0,-3.2562256,0.08788158744573593,0.2849999964237213,0.29580000042915344
YJL125C,YKL082C,0,-3.256244,0.08785449713468552,0.2849999964237213,0.29589998722076416
YGL180W,YHR039C,0,-3.2562544,0.08782742917537689,0.2849999964237213,0.29600000381469727
YIL079C,YDR311W,0,-3.2562551,0.08780036866664886,0.2849999964237213,0.296099990606308
YLR011W,YGL095C,0,-3.2563155,0.08777333050966263,0.2849999964237213,0.2962000072002411
YCR040W,YIL138C,0,-3.2564166,0.08774630725383759,0.2849999964237213,0.2962999939918518
YLR295C,YBR280C,0,-3.2564218,0.08771929889917374,0.2849999964237213,0.2964000105857849
YNL130C,YGR047C,0,-3.2564933,0.08769230544567108,0.2849999964237213,0.29649999737739563
YMR220W,YNL070W,0,-3.2567878,0.08766533434391022,0.2849999964237213,0.29660001397132874
YDR167W,YDR460W,0,-3.257108,0.08763837814331055,0.2849999964237213,0.29670000076293945
YJL071W,YML060W,1,-3.25715,0.08791884779930115,0.28600001335144043,0.29670000076293945
YDR101C,YDR065W,0,-3.2571528,0.0878918245434761,0.28600001335144043,0.29679998755455017
YBL084C,YJL005W,0,-3.2572339,0.08786482363939285,0.28600001335144043,0.2969000041484833
YJR112W,YPL163C,0,-3.2572608,0.0878378376364708,0.28600001335144043,0.296999990940094
YHR096C,YNL053W,0,-3.2573407,0.08781086653470993,0.28600001335144043,0.2971000075340271
YBR091C,YGL096W,0,-3.2573614,0.08778391778469086,0.28600001335144043,0.2971999943256378
YLR303W,YPR007C,0,-3.2573764,0.08775698393583298,0.28600001335144043,0.2973000109195709
YMR078C,YCL059C,0,-3.2576392,0.08773006498813629,0.28600001335144043,0.29739999771118164
YHR108W,YLR034C,0,-3.2578518,0.0877031609416008,0.28600001335144043,0.29750001430511475
YOR317W,YPL171C,0,-3.257989,0.0876762717962265,0.28600001335144043,0.29760000109672546
YDR101C,YOR079C,0,-3.2580287,0.087649405002594,0.28600001335144043,0.2976999878883362
YNL148C,YBL034C,0,-3.2580707,0.08762254565954208,0.28600001335144043,0.2978000044822693
YOR381W,YLR396C,0,-3.2582536,0.08759570866823196,0.28600001335144043,0.29789999127388
YKL026C,YMR150C,0,-3.258289,0.08756889402866364,0.28600001335144043,0.2980000078678131
YPL259C,YKL173W,0,-3.2583213,0.0875420868396759,0.28600001335144043,0.29809999465942383
YNL133C,YNL032W,1,-3.2583284,0.08782129734754562,0.28700000047683716,0.29809999465942383
YBR131W,YPL058C,0,-3.2583954,0.08779443055391312,0.28700000047683716,0.29820001125335693
YKL055C,YOR137C,0,-3.2584121,0.0877675861120224,0.28700000047683716,0.29829999804496765
YDR004W,YHR041C,1,-3.258763,0.08804646879434586,0.2879999876022339,0.29829999804496765
YGR252W,YNL317W,0,-3.2587764,0.08801955729722977,0.2879999876022339,0.29840001463890076
YNL286W,YLR337C,0,-3.258847,0.08799266815185547,0.2879999876022339,0.2985000014305115
YPR198W,YCR084C,0,-3.2588556,0.08796579390764236,0.2879999876022339,0.2985999882221222
YJL058C,YIL117C,0,-3.2588584,0.08793893456459045,0.2879999876022339,0.2987000048160553
YIR002C,YML027W,0,-3.2589495,0.08791209012269974,0.2879999876022339,0.298799991607666
YBR152W,YNL107W,0,-3.259059,0.08788526058197021,0.2879999876022339,0.2989000082015991
YLR214W,YOR116C,0,-3.2592595,0.08785845339298248,0.2879999876022339,0.29899999499320984
YDR143C,YIL017C,0,-3.259323,0.08783165365457535,0.2879999876022339,0.29910001158714294
YMR140W,YPR140W,0,-3.2593367,0.08780487626791,0.2879999876022339,0.29919999837875366
YCL026C-A,YDL148C,0,-3.2593534,0.08777811378240585,0.2879999876022339,0.2992999851703644
YDR113C,YEL051W,0,-3.259432,0.0877513736486435,0.2879999876022339,0.2994000017642975
YBR136W,YOL121C,1,-3.259448,0.08802924305200577,0.289000004529953,0.2994000017642975
YDR434W,YLR130C,0,-3.2594738,0.08800243586301804,0.289000004529953,0.2994999885559082
YPR057W,YKL012W,0,-3.259761,0.0879756435751915,0.289000004529953,0.2996000051498413
YCR020C,YDL135C,0,-3.2598348,0.08794887363910675,0.289000004529953,0.299699991941452
YDL247W,YLR183C,0,-3.2598398,0.0879221186041832,0.289000004529953,0.29980000853538513
YJR121W,YDL045C,0,-3.259923,0.08789537847042084,0.289000004529953,0.29989999532699585
YCR089W,YKL057C,0,-3.260046,0.08786865323781967,0.289000004529953,0.30000001192092896
YML081C-A,YHL031C,0,-3.2600586,0.0878419429063797,0.289000004529953,0.3000999987125397
YNL031C,YFL026W,0,-3.26008,0.08781525492668152,0.289000004529953,0.3001999855041504
YLR449W,YNL244C,0,-3.2601104,0.08778858184814453,0.289000004529953,0.3003000020980835
YGR120C,YFL008W,0,-3.260162,0.08776191622018814,0.289000004529953,0.3003999888896942
YDR300C,YNL032W,1,-3.2601678,0.0880388617515564,0.28999999165534973,0.3003999888896942
YCR060W,YHR070W,0,-3.2603266,0.08801213651895523,0.28999999165534973,0.3005000054836273
YDR507C,YPR189W,0,-3.2603383,0.08798543363809586,0.28999999165534973,0.30059999227523804
YBR267W,YOR287C,0,-3.260348,0.08795875310897827,0.28999999165534973,0.30070000886917114
YMR047C,YHR165C,0,-3.2603853,0.08793208003044128,0.28999999165534973,0.30079999566078186
YMR186W,YDR004W,1,-3.260395,0.08820854872465134,0.29100000858306885,0.30079999566078186
YKL112W,YFR053C,0,-3.260505,0.08818181604146957,0.29100000858306885,0.30090001225471497
YGR145W,YCL055W,0,-3.2605832,0.0881551057100296,0.29100000858306885,0.3009999990463257
YBR089C-A,YDR129C,0,-3.260586,0.08812841027975082,0.29100000858306885,0.3010999858379364
YKL139W,YMR202W,1,-3.2607887,0.08840448409318924,0.2919999957084656,0.3010999858379364
YOR026W,YDR045C,0,-3.2609265,0.08837772160768509,0.2919999957084656,0.3012000024318695
YJR035W,YML098W,0,-3.260988,0.08835098147392273,0.2919999957084656,0.3012999892234802
YPL116W,YHR001W,0,-3.2610466,0.08832425624132156,0.2919999957084656,0.30140000581741333
YEL060C,YLR360W,0,-3.2613027,0.08829755336046219,0.2919999957084656,0.30149999260902405
YLR160C,YHR031C,0,-3.2613323,0.08827085793018341,0.2919999957084656,0.30160000920295715
YJL207C,YIL048W,0,-3.2613368,0.08824418485164642,0.2919999957084656,0.30169999599456787
YKL185W,YJR013W,0,-3.2613738,0.08821751922369003,0.2919999957084656,0.301800012588501
YPL084W,YLL026W,1,-3.2614462,0.08849290013313293,0.2930000126361847,0.301800012588501
YER052C,YPL019C,0,-3.2614987,0.08846618235111237,0.2930000126361847,0.3018999993801117
YPL100W,YLR145W,0,-3.2615247,0.08843947947025299,0.2930000126361847,0.3019999861717224
YAR014C,YMR095C,0,-3.261561,0.08841279149055481,0.2930000126361847,0.3021000027656555
YNL328C,YJL116C,0,-3.2615793,0.08838612586259842,0.2930000126361847,0.30219998955726624
YKL197C,YFL005W,0,-3.2616665,0.08835946768522263,0.2930000126361847,0.30230000615119934
YNL075W,YPR055W,0,-3.2617855,0.08833283185958862,0.2930000126361847,0.30239999294281006
YMR168C,YNL257C,0,-3.2619684,0.08830621093511581,0.2930000126361847,0.30250000953674316
YBR205W,YEL031W,0,-3.2619808,0.0882796049118042,0.2930000126361847,0.3025999963283539
YLL043W,YDR437W,0,-3.2620103,0.08825301378965378,0.2930000126361847,0.302700012922287
YBL006C,YPL002C,1,-3.262071,0.08852755278348923,0.2939999997615814,0.302700012922287
YGR037C,YLR394W,0,-3.2621133,0.08850090205669403,0.2939999997615814,0.3027999997138977
YOR137C,YPR140W,0,-3.2621934,0.08847427368164062,0.2939999997615814,0.3028999865055084
YHR059W,YMR143W,1,-3.2623255,0.0887484923005104,0.29499998688697815,0.3028999865055084
YIL036W,YDR310C,1,-3.2624657,0.08902255445718765,0.29600000381469727,0.3028999865055084
YER172C,YBR244W,0,-3.262533,0.0889957919716835,0.29600000381469727,0.30300000309944153
YIR008C,YPR018W,0,-3.262634,0.08896904438734055,0.29600000381469727,0.30309998989105225
YLR106C,YDR088C,0,-3.2627127,0.08894230425357819,0.29600000381469727,0.30320000648498535
YIL026C,YNR031C,0,-3.262725,0.08891559392213821,0.29600000381469727,0.30329999327659607
YOR011W,YNL053W,0,-3.262742,0.08888889104127884,0.29600000381469727,0.3034000098705292
YNL281W,YGR099W,1,-3.2627864,0.0891624167561531,0.296999990940094,0.3034000098705292
YOL061W,YGL127C,1,-3.2628264,0.08943577110767365,0.2980000078678131,0.3034000098705292
YIR033W,YBL034C,0,-3.2628381,0.08940894156694412,0.2980000078678131,0.3034999966621399
YMR184W,YHR005C-A,0,-3.2628465,0.0893821269273758,0.2980000078678131,0.303600013256073
YEL042W,YDR303C,0,-3.2628596,0.08935531973838806,0.2980000078678131,0.3037000000476837
YBR038W,YOR087W,0,-3.2630234,0.08932853490114212,0.2980000078678131,0.30379998683929443
YML047C,YML029W,0,-3.2631056,0.08930176496505737,0.2980000078678131,0.30390000343322754
YDR320C,YNL246W,1,-3.2634714,0.08957459777593613,0.29899999499320984,0.30390000343322754
YBR193C,YOR054C,0,-3.2635434,0.0895477682352066,0.29899999499320984,0.30399999022483826
YER112W,YGL232W,0,-3.2636483,0.08952096104621887,0.29899999499320984,0.30410000681877136
YGL133W,YKL053C-A,0,-3.2636726,0.08949416130781174,0.29899999499320984,0.3041999936103821
YJL115W,YIL173W,0,-3.263828,0.08946738392114639,0.29899999499320984,0.3043000102043152
YJR069C,YGL213C,0,-3.2638364,0.08944062143564224,0.29899999499320984,0.3043999969959259
YLR044C,YIL037C,0,-3.263848,0.08941387385129929,0.29899999499320984,0.304500013589859
YJR057W,YLR136C,0,-3.2639234,0.08938714861869812,0.29899999499320984,0.3046000003814697
YCR065W,YJR043C,1,-3.2639754,0.08965929597616196,0.30000001192092896,0.3046000003814697
YDR420W,YNL102W,0,-3.2640707,0.08963250368833542,0.30000001192092896,0.30469998717308044
YPR168W,YHR083W,0,-3.2641752,0.08960573375225067,0.30000001192092896,0.30480000376701355
YGR037C,YJL074C,0,-3.264179,0.08957897871732712,0.30000001192092896,0.30489999055862427
YOL094C,YDR159W,0,-3.264181,0.08955223858356476,0.30000001192092896,0.3050000071525574
YGL062W,YEL031W,0,-3.2643476,0.08952551335096359,0.30000001192092896,0.3050999939441681
YBR193C,YIL031W,0,-3.2644823,0.08949880301952362,0.30000001192092896,0.3052000105381012
YGL143C,YLL016W,0,-3.2645886,0.08947211503982544,0.30000001192092896,0.3052999973297119
YHR118C,YIL173W,0,-3.2646317,0.08944544196128845,0.30000001192092896,0.305400013923645
YOR173W,YDR308C,0,-3.2646353,0.08941877633333206,0.30000001192092896,0.30550000071525574
YPL240C,YOL060C,0,-3.2646606,0.08939213305711746,0.30000001192092896,0.30559998750686646
YDL243C,YIL123W,0,-3.2646964,0.08936550468206406,0.30000001192092896,0.30570000410079956
YMR292W,YNL206C,0,-3.2647283,0.08933889120817184,0.30000001192092896,0.3057999908924103
YOR180C,YFL011W,0,-3.2647645,0.08931229263544083,0.30000001192092896,0.3059000074863434
YPL266W,YKL088W,0,-3.2648203,0.0892857164144516,0.30000001192092896,0.3059999942779541
YHL040C,YOR060C,0,-3.2648692,0.08925914764404297,0.30000001192092896,0.3061000108718872
YNL130C,YJL203W,0,-3.2649913,0.08923260122537613,0.30000001192092896,0.3061999976634979
YPR034W,YJL111W,0,-3.265167,0.08920606970787048,0.30000001192092896,0.30630001425743103
YJR125C,YDR076W,0,-3.2651803,0.08917954564094543,0.30000001192092896,0.30640000104904175
YER116C,YDR443C,1,-3.2653816,0.08945022523403168,0.3009999990463257,0.30640000104904175
YDL140C,YOR129C,0,-3.2656977,0.08942364901304245,0.3009999990463257,0.30649998784065247
YJL034W,YPL270W,0,-3.265855,0.08939708769321442,0.3009999990463257,0.30660000443458557
YPR019W,YLR361C,0,-3.265866,0.08937054872512817,0.3009999990463257,0.3066999912261963
YNL111C,YEL015W,0,-3.266106,0.08934401720762253,0.3009999990463257,0.3068000078201294
YBR040W,YJL166W,0,-3.2661607,0.08931750804185867,0.3009999990463257,0.3068999946117401
YFL057C,YJR089W,0,-3.2661746,0.08929101377725601,0.3009999990463257,0.3070000112056732
YKL007W,YMR029C,0,-3.266179,0.08926453441381454,0.3009999990463257,0.30709999799728394
YLL042C,YPR133W-A,0,-3.2662077,0.08923806995153427,0.3009999990463257,0.30720001459121704
YCL052C,YPL047W,0,-3.266213,0.08921162039041519,0.3009999990463257,0.30730000138282776
YHR007C,YER042W,0,-3.2662184,0.0891851857304573,0.3009999990463257,0.3073999881744385
YNL290W,YKL178C,0,-3.2663486,0.08915876597166061,0.3009999990463257,0.3075000047683716
YER116C,YMR284W,1,-3.2663815,0.08942848443984985,0.3019999861717224,0.3075000047683716
YJL014W,YIL046W,0,-3.2663858,0.08940201252698898,0.3019999861717224,0.3075999915599823
YFL059W,YHR070W,0,-3.266414,0.0893755555152893,0.3019999861717224,0.3077000081539154
YPR001W,YGL087C,0,-3.2664838,0.08934911340475082,0.3019999861717224,0.3077999949455261
YPR183W,YCL004W,0,-3.2665749,0.08932268619537354,0.3019999861717224,0.30790001153945923
YOR344C,YML093W,0,-3.2667415,0.08929627388715744,0.3019999861717224,0.30799999833106995
YLR233C,YML061C,1,-3.2667933,0.0895654708147049,0.30300000309944153,0.30799999833106995
YGR030C,YGR211W,0,-3.2668455,0.08953900635242462,0.30300000309944153,0.30809998512268066
YJR059W,YPL092W,0,-3.26686,0.08951255679130554,0.30300000309944153,0.30820000171661377
YMR048W,YHR150W,0,-3.2668688,0.08948612213134766,0.30300000309944153,0.3082999885082245
YNL318C,YHL028W,0,-3.2668753,0.08945970237255096,0.30300000309944153,0.3084000051021576
YPL241C,YGR284C,0,-3.2670467,0.08943329751491547,0.30300000309944153,0.3084999918937683
YKL013C,YBL084C,0,-3.267203,0.08940690755844116,0.30300000309944153,0.3086000084877014
YNL172W,YDR076W,0,-3.2673404,0.08938053250312805,0.30300000309944153,0.30869999527931213
YNL138W,YDR470C,0,-3.267373,0.08935417234897614,0.30300000309944153,0.30880001187324524
YJL058C,YER025W,0,-3.2674568,0.08932782709598541,0.30300000309944153,0.30889999866485596
YGL246C,YBL075C,0,-3.2674835,0.08930150419473648,0.30300000309944153,0.3089999854564667
YPL196W,YDR470C,0,-3.2675865,0.08927518874406815,0.30300000309944153,0.3091000020503998
YNL218W,YJL036W,0,-3.2677069,0.0892488956451416,0.30300000309944153,0.3091999888420105
YGL003C,YLL026W,1,-3.2678192,0.08951707929372787,0.30399999022483826,0.3091999888420105
YMR305C,YIL017C,0,-3.2679965,0.08949072659015656,0.30399999022483826,0.3093000054359436
YCR002C,YOL040C,0,-3.268031,0.08946438878774643,0.30399999022483826,0.3093999922275543
YML060W,YML001W,1,-3.2681017,0.08973227441310883,0.3050000071525574,0.3093999922275543
YPL234C,YMR051C,0,-3.2681346,0.08970588445663452,0.3050000071525574,0.3095000088214874
YML104C,YOR231W,0,-3.2682135,0.08967950940132141,0.3050000071525574,0.30959999561309814
YOR026W,YDR273W,0,-3.2683306,0.0896531417965889,0.3050000071525574,0.30970001220703125
YOL027C,YGL115W,0,-3.2684453,0.08962679654359818,0.3050000071525574,0.30979999899864197
YGR224W,YLR316C,0,-3.2685297,0.08960047364234924,0.3050000071525574,0.3098999857902527
YKL185W,YHL002W,0,-3.2685602,0.08957415819168091,0.3050000071525574,0.3100000023841858
YEL037C,YMR005W,0,-3.2686124,0.08954785764217377,0.3050000071525574,0.3100999891757965
YGR177C,YJL208C,0,-3.268657,0.08952157199382782,0.3050000071525574,0.3102000057697296
YCL039W,YNL173C,0,-3.2688568,0.08949530869722366,0.3050000071525574,0.31029999256134033
YDR436W,YGR006W,0,-3.2688758,0.0894690528512001,0.3050000071525574,0.31040000915527344
YIL110W,YGL226C-A,0,-3.2689636,0.08944281190633774,0.3050000071525574,0.31049999594688416
YCR014C,YER111C,0,-3.2689803,0.08941659331321716,0.3050000071525574,0.31060001254081726
YLR052W,YDR472W,0,-3.2690325,0.08939038962125778,0.3050000071525574,0.310699999332428
YHR116W,YDL052C,0,-3.2692227,0.089364193379879,0.3050000071525574,0.3107999861240387
YBR193C,YIL073C,0,-3.2692683,0.089338019490242,0.3050000071525574,0.3109000027179718
YKL093W,YLR265C,0,-3.2693923,0.0893118605017662,0.3050000071525574,0.3109999895095825
YLR384C,YGL216W,0,-3.2694936,0.0892857164144516,0.3050000071525574,0.3111000061035156
YNL048W,YPL157W,0,-3.2694995,0.08925958722829819,0.3050000071525574,0.31119999289512634
YGR257C,YKR101W,0,-3.269608,0.08923347294330597,0.3050000071525574,0.31130000948905945
YHR148W,YLL002W,0,-3.26987,0.08920737355947495,0.3050000071525574,0.31139999628067017
YHR055C,YBL056W,0,-3.2698758,0.08918128907680511,0.3050000071525574,0.31150001287460327
YOR136W,YJR112W,0,-3.2699609,0.08915521949529648,0.3050000071525574,0.311599999666214
YJL061W,YLR130C,0,-3.2700126,0.08912916481494904,0.3050000071525574,0.3116999864578247
YBR020W,YMR216C,0,-3.2700634,0.08910312503576279,0.3050000071525574,0.3118000030517578
YOR023C,YOR328W,0,-3.270118,0.08907710015773773,0.3050000071525574,0.31189998984336853
YPL132W,YKL108W,0,-3.270221,0.08905109763145447,0.3050000071525574,0.31200000643730164
YDR317W,YOR231W,0,-3.2702854,0.0890251025557518,0.3050000071525574,0.31209999322891235
YGL256W,YMR227C,0,-3.2703793,0.08899912238121033,0.3050000071525574,0.31220000982284546
YDR016C,YPL203W,0,-3.2705839,0.08897316455841064,0.3050000071525574,0.3122999966144562
YMR275C,YIR033W,0,-3.2706378,0.08894721418619156,0.3050000071525574,0.3124000132083893
YHR143W,YKL035W,0,-3.2706838,0.08892128616571426,0.3050000071525574,0.3125
YBL099W,YBL102W,0,-3.2706997,0.08889536559581757,0.3050000071525574,0.3125999867916107
YBR164C,YPL082C,0,-3.2708519,0.08886946737766266,0.3050000071525574,0.3127000033855438
YDR217C,YPR133C,0,-3.2709043,0.08884357661008835,0.3050000071525574,0.31279999017715454
YGL061C,YER051W,0,-3.2710612,0.08881770819425583,0.3050000071525574,0.31290000677108765
YBR017C,YER123W,0,-3.2710788,0.0887918472290039,0.3050000071525574,0.31299999356269836
YGL089C,YGR129W,0,-3.2711284,0.08876600861549377,0.3050000071525574,0.31310001015663147
YER143W,YDR481C,0,-3.2711675,0.08874017745256424,0.3050000071525574,0.3131999969482422
YLR231C,YPR121W,0,-3.271198,0.0887143686413765,0.3050000071525574,0.3133000135421753
YCR026C,YLR139C,0,-3.2712562,0.08868857473134995,0.3050000071525574,0.313400000333786
YIL131C,YDL043C,0,-3.2714438,0.08866278827190399,0.3050000071525574,0.31349998712539673
YBR059C,YLR383W,0,-3.271476,0.08863702416419983,0.3050000071525574,0.31360000371932983
YPR183W,YBR223C,0,-3.2716448,0.08861127495765686,0.3050000071525574,0.31369999051094055
YHR014W,YBR030W,0,-3.2717106,0.08858553320169449,0.3050000071525574,0.31380000710487366
YHR123W,YKL089W,0,-3.271861,0.08855981379747391,0.3050000071525574,0.3138999938964844
YIR028W,YNR032W,0,-3.2719219,0.08853410929441452,0.3050000071525574,0.3140000104904175
YAL021C,YER005W,0,-3.2721097,0.08850841224193573,0.3050000071525574,0.3140999972820282
YML130C,YGR276C,0,-3.2721505,0.08848273754119873,0.3050000071525574,0.3142000138759613
YHL040C,YOR028C,0,-3.2722347,0.08845707774162292,0.3050000071525574,0.314300000667572
YNL302C,YBR253W,0,-3.2723637,0.08843143284320831,0.3050000071525574,0.31439998745918274
YLR260W,YBR195C,0,-3.272372,0.0884057953953743,0.3050000071525574,0.31450000405311584
YPL248C,YJL138C,0,-3.2723792,0.08838018029928207,0.3050000071525574,0.31459999084472656
YER107C,YJR069C,0,-3.2723825,0.08835458010435104,0.3050000071525574,0.31470000743865967
YDR037W,YJL203W,0,-3.2724073,0.08832898736000061,0.3050000071525574,0.3147999942302704
YAL059W,YJL080C,0,-3.2724166,0.08830341696739197,0.3050000071525574,0.3149000108242035
YFR036W,YLL021W,0,-3.2724202,0.08827786147594452,0.3050000071525574,0.3149999976158142
YKL013C,YOR287C,0,-3.2724743,0.08825231343507767,0.3050000071525574,0.3151000142097473
YJR144W,YCL044C,0,-3.2724774,0.0882267877459526,0.3050000071525574,0.31520000100135803
YJL111W,YML104C,0,-3.2725065,0.08820126950740814,0.3050000071525574,0.31529998779296875
YPL169C,YGL089C,0,-3.2725987,0.08817577362060547,0.3050000071525574,0.31540000438690186
YOR171C,YJR035W,0,-3.272672,0.08815029263496399,0.3050000071525574,0.3154999911785126
YNL130C,YDR453C,0,-3.2726796,0.0881248190999031,0.3050000071525574,0.3156000077724457
YPR103W,YKL178C,0,-3.2727795,0.08809936791658401,0.3050000071525574,0.3156999945640564
YLR288C,YMR284W,1,-3.2727826,0.0883626937866211,0.3059999942779541,0.3156999945640564
YGL001C,YBR127C,0,-3.2730064,0.08833718299865723,0.3059999942779541,0.3158000111579895
YNR032W,YGL004C,0,-3.273084,0.08831168711185455,0.3059999942779541,0.3158999979496002
YPL047W,YKL086W,0,-3.2732308,0.08828620612621307,0.3059999942779541,0.3160000145435333
YKL022C,YPL160W,0,-3.273394,0.08826074749231339,0.3059999942779541,0.31610000133514404
YGL090W,YGR257C,0,-3.273463,0.0882352963089943,0.3059999942779541,0.31619998812675476
YGR037C,YMR184W,0,-3.273534,0.0882098600268364,0.3059999942779541,0.31630000472068787
YJR150C,YPL028W,0,-3.2735546,0.08818443864583969,0.3059999942779541,0.3163999915122986
YIL119C,YKL196C,0,-3.2736485,0.08815903216600418,0.3059999942779541,0.3165000081062317
YMR125W,YGR099W,1,-3.2736557,0.08842165768146515,0.3070000112056732,0.3165000081062317
YFL034C-B,YER008C,0,-3.2737103,0.08839619904756546,0.3070000112056732,0.3165999948978424
YOR160W,YOL010W,0,-3.2740443,0.08837075531482697,0.3070000112056732,0.3167000114917755
YAL054C,YJR127C,0,-3.2740533,0.08834532648324966,0.3070000112056732,0.31679999828338623
YEL036C,YNL167C,0,-3.2741067,0.08831990510225296,0.3070000112056732,0.31690001487731934
YGL142C,YAL005C,0,-3.2741213,0.08829450607299805,0.3070000112056732,0.31700000166893005
YOL145C,YDR189W,0,-3.2741454,0.08826912194490433,0.3070000112056732,0.31709998846054077
YCL027W,YML034W,0,-3.2741768,0.0882437452673912,0.3070000112056732,0.3172000050544739
YDR518W,YER008C,0,-3.2742898,0.08821839094161987,0.3070000112056732,0.3172999918460846
YCL014W,YKL055C,0,-3.2743957,0.08819305151700974,0.3070000112056732,0.3174000084400177
YFL056C,YOR049C,0,-3.2744386,0.0881677195429802,0.3070000112056732,0.3174999952316284
YNL102W,YER147C,0,-3.2745142,0.08814240247011185,0.3070000112056732,0.3176000118255615
YGR163W,YDL059C,1,-3.2745197,0.08840413391590118,0.30799999833106995,0.3176000118255615
YER105C,YFR034C,0,-3.2745264,0.08837876468896866,0.30799999833106995,0.31769999861717224
YCR034W,YOR270C,0,-3.2745562,0.08835341036319733,0.30799999833106995,0.31779998540878296
YPR051W,YDL081C,1,-3.2745988,0.08861485868692398,0.3089999854564667,0.31779998540878296
YGR178C,YLR196W,0,-3.2746294,0.08858945220708847,0.3089999854564667,0.31790000200271606
YBR280C,YOR057W,0,-3.2747428,0.08856406062841415,0.3089999854564667,0.3179999887943268
YNL129W,YNL311C,0,-3.2747557,0.08853868395090103,0.3089999854564667,0.3181000053882599
YBR217W,YNL328C,0,-3.2749832,0.0885133221745491,0.3089999854564667,0.3181999921798706
YIL009W,YGL133W,0,-3.274995,0.08848797529935837,0.3089999854564667,0.3183000087738037
YGR224W,YMR287C,0,-3.2751384,0.08846263587474823,0.3089999854564667,0.31839999556541443
YLR102C,YKL006C-A,0,-3.275211,0.08843731880187988,0.3089999854564667,0.31850001215934753
YML061C,YCL008C,1,-3.2752178,0.0886981412768364,0.3100000023841858,0.31850001215934753
YIL048W,YGL095C,0,-3.2752595,0.08867277204990387,0.3100000023841858,0.31859999895095825
YLR318W,YNL281W,1,-3.2752755,0.08893337100744247,0.3109999895095825,0.31859999895095825
YBL045C,YGR197C,0,-3.2752826,0.08890794962644577,0.3109999895095825,0.31869998574256897
YJL198W,YBR055C,0,-3.2753022,0.08888253569602966,0.3109999895095825,0.3188000023365021
YPR183W,YGR257C,0,-3.2754562,0.08885714411735535,0.3109999895095825,0.3188999891281128
YDR268W,YJL176C,0,-3.275572,0.08883175998926163,0.3109999895095825,0.3190000057220459
YOR266W,YEL054C,0,-3.275635,0.0888063982129097,0.3109999895095825,0.3190999925136566
YGL257C,YHR066W,0,-3.275923,0.08878104388713837,0.3109999895095825,0.3192000091075897
YGR177C,YBR129C,0,-3.2761476,0.08875570446252823,0.3109999895095825,0.31929999589920044
YDR106W,YMR212C,0,-3.276213,0.08873038738965988,0.3109999895095825,0.31940001249313354
YOR150W,YML028W,0,-3.2763035,0.08870507776737213,0.3109999895095825,0.31949999928474426
YDR527W,YLR362W,0,-3.2763717,0.08867978304624557,0.3109999895095825,0.319599986076355
YPL021W,YKL064W,0,-3.276484,0.08865450322628021,0.3109999895095825,0.3197000026702881
YJL166W,YBR126C,0,-3.2767227,0.08862923830747604,0.3109999895095825,0.3197999894618988
YDR434W,YLR263W,0,-3.2767236,0.08860398828983307,0.3109999895095825,0.3199000060558319
YDL126C,YHR094C,0,-3.276753,0.08857875317335129,0.3109999895095825,0.3199999928474426
YFR008W,YBR080C,0,-3.276932,0.0885535329580307,0.3109999895095825,0.32010000944137573
YCR077C,YLR371W,0,-3.276985,0.08852832019329071,0.3109999895095825,0.32019999623298645
YDR060W,YNL333W,0,-3.2769887,0.08850312978029251,0.3109999895095825,0.32030001282691956
YNL106C,YBL018C,0,-3.2770317,0.0884779542684555,0.3109999895095825,0.3203999996185303
YKR034W,YIL117C,0,-3.2770498,0.0884527862071991,0.3109999895095825,0.320499986410141
YDR393W,YIL173W,0,-3.2771904,0.08842764049768448,0.3109999895095825,0.3206000030040741
YBR040W,YDR322C-A,0,-3.2772331,0.08840250223875046,0.3109999895095825,0.3206999897956848
YGL047W,YNL079C,0,-3.2773309,0.08837737888097763,0.3109999895095825,0.3208000063896179
YLR242C,YLR288C,1,-3.2773895,0.0886363610625267,0.31200000643730164,0.3208000063896179
YOR335C,YGL240W,0,-3.2773902,0.0886111930012703,0.31200000643730164,0.32089999318122864
YMR219W,YMR172W,0,-3.2774487,0.08858603239059448,0.31200000643730164,0.32100000977516174
YGL075C,YGR005C,0,-3.2774498,0.08856088668107986,0.31200000643730164,0.32109999656677246
YLR324W,YDR314C,0,-3.277453,0.08853575587272644,0.31200000643730164,0.32120001316070557
YJL101C,YKL189W,0,-3.2775004,0.08851063996553421,0.31200000643730164,0.3212999999523163
YDL140C,YDL224C,0,-3.2775893,0.08848553895950317,0.31200000643730164,0.321399986743927
YGL223C,YML006C,0,-3.2776172,0.08846044540405273,0.31200000643730164,0.3215000033378601
YPL270W,YLR266C,0,-3.2776275,0.08843537420034409,0.31200000643730164,0.3215999901294708
YNR038W,YJL061W,0,-3.2776656,0.08841031789779663,0.31200000643730164,0.32170000672340393
YLL013C,YLR071C,0,-3.2777798,0.08838526904582977,0.31200000643730164,0.32179999351501465
YMR125W,YDR027C,1,-3.2778013,0.08864344656467438,0.31299999356269836,0.32179999351501465
YJL173C,YJR127C,0,-3.2778947,0.08861834555864334,0.31299999356269836,0.32190001010894775
YJR078W,YEL041W,0,-3.2779589,0.0885932669043541,0.31299999356269836,0.32199999690055847
YIL009C-A,YPL031C,1,-3.277986,0.08885116130113602,0.3140000104904175,0.32199999690055847
YGL062W,YHR178W,0,-3.2779882,0.088826023042202,0.3140000104904175,0.3221000134944916
YNL311C,YHL025W,0,-3.2780955,0.08880090713500977,0.3140000104904175,0.3222000002861023
YOR120W,YNL186W,0,-3.278127,0.08877579867839813,0.3140000104904175,0.322299987077713
YOR168W,YGL192W,0,-3.2781947,0.08875070512294769,0.3140000104904175,0.3224000036716461
YBR102C,YLR376C,0,-3.27826,0.08872562646865845,0.3140000104904175,0.32249999046325684
YHR187W,YPL211W,0,-3.278318,0.0887005627155304,0.3140000104904175,0.32260000705718994
YJL060W,YHR067W,0,-3.2784088,0.08867551386356354,0.3140000104904175,0.32269999384880066
YKR036C,YMR240C,0,-3.2786472,0.08865047991275787,0.3140000104904175,0.32280001044273376
YNL318C,YGL133W,0,-3.2787783,0.0886254608631134,0.3140000104904175,0.3228999972343445
YNR058W,YNL334C,0,-3.2789218,0.08860044926404953,0.3140000104904175,0.3230000138282776
YKL139W,YDR443C,1,-3.278938,0.08885754644870758,0.3149999976158142,0.3230000138282776
YPL161C,YKL113C,1,-3.2790544,0.08911449462175369,0.3160000145435333,0.3230000138282776
YGR078C,YDR172W,0,-3.2790995,0.08908937126398087,0.3160000145435333,0.3231000006198883
YCL016C,YHL012W,1,-3.2792056,0.08934611082077026,0.31700000166893005,0.3231000006198883
YBL078C,YJR050W,0,-3.2793458,0.08932093530893326,0.31700000166893005,0.323199987411499
YHR170W,YLR048W,0,-3.279353,0.08929577469825745,0.31700000166893005,0.32330000400543213
YLR248W,YDR160W,0,-3.2794492,0.08927062898874283,0.31700000166893005,0.32339999079704285
YPR005C,YKL194C,0,-3.279569,0.0892454981803894,0.31700000166893005,0.32350000739097595
YEL061C,YPL170W,0,-3.2795744,0.08922037482261658,0.31700000166893005,0.32359999418258667
YML046W,YCL075W,0,-3.2798154,0.08919527381658554,0.31700000166893005,0.3237000107765198
YPR171W,YHR107C,0,-3.2798197,0.0891701802611351,0.31700000166893005,0.3237999975681305
YOL031C,YPL163C,0,-3.2798955,0.08914510905742645,0.31700000166893005,0.3239000141620636
YBL009W,YJL143W,0,-3.2799895,0.0891200453042984,0.31700000166893005,0.3240000009536743
YGR059W,YGR063C,0,-3.2802746,0.08909499645233154,0.31700000166893005,0.32409998774528503
YGL226C-A,YPR103W,0,-3.2803142,0.08906996250152588,0.31700000166893005,0.32420000433921814
YIL036W,YLR233C,1,-3.2804286,0.08932584524154663,0.3179999887943268,0.32420000433921814
YPL043W,YGR185C,0,-3.2804296,0.08930075913667679,0.3179999887943268,0.32429999113082886
YMR069W,YOR081C,0,-3.280444,0.08927568793296814,0.3179999887943268,0.32440000772476196
YLR107W,YEL051W,0,-3.2805848,0.08925063163042068,0.3179999887943268,0.3244999945163727
YML080W,YLR045C,0,-3.2806017,0.08922559022903442,0.3179999887943268,0.3246000111103058
YIL159W,YJL124C,0,-3.2807553,0.08920056372880936,0.3179999887943268,0.3246999979019165
YIL009W,YGR030C,0,-3.280794,0.08917554467916489,0.3179999887943268,0.3248000144958496
YLR265C,YBR126C,0,-3.28088,0.08915054798126221,0.3179999887943268,0.3249000012874603
YGL166W,YPR140W,0,-3.2808855,0.08912555873394012,0.3179999887943268,0.32499998807907104
YOL027C,YOR294W,0,-3.2808905,0.08910059183835983,0.3179999887943268,0.32510000467300415
YML075C,YMR026C,0,-3.2808907,0.08907563239336014,0.3179999887943268,0.32519999146461487
YBL003C,YMR039C,0,-3.2810137,0.08905068784952164,0.3179999887943268,0.325300008058548
YPL078C,YFL041W,0,-3.2810483,0.08902575820684433,0.3179999887943268,0.3253999948501587
YMR061W,YIL066C,0,-3.2810998,0.08900083601474762,0.3179999887943268,0.3255000114440918
YGL240W,YGR008C,0,-3.2811782,0.0889759361743927,0.3179999887943268,0.3255999982357025
YPL065W,YLR466W,1,-3.2812352,0.08923076838254929,0.3190000057220459,0.3255999982357025
YLR113W,YBL003C,0,-3.2814562,0.08920581638813019,0.3190000057220459,0.3257000148296356
YMR301C,YHL036W,0,-3.2814798,0.08918087929487228,0.3190000057220459,0.32580000162124634
YDL101C,YGL212W,1,-3.2815776,0.08943543583154678,0.3199999928474426,0.32580000162124634
YBR136W,YHL011C,1,-3.2817428,0.08968985825777054,0.32100000977516174,0.32580000162124634
YOR078W,YDR369C,1,-3.2819262,0.08994413167238235,0.32199999690055847,0.32580000162124634
YBR278W,YDR192C,0,-3.2821505,0.08991901576519012,0.32199999690055847,0.32589998841285706
YHR148W,YOR307C,0,-3.2821932,0.08989391475915909,0.32199999690055847,0.32600000500679016
YLR109W,YMR280C,0,-3.2823014,0.08986882865428925,0.32199999690055847,0.3260999917984009
YLR433C,YNL038W,0,-3.2823613,0.08984375,0.32199999690055847,0.326200008392334
YLR423C,YIL036W,1,-3.282413,0.09009762853384018,0.3230000138282776,0.326200008392334
YPL266W,YJL124C,0,-3.2824488,0.09007250517606735,0.3230000138282776,0.3262999951839447
YBR069C,YIL138C,0,-3.2824914,0.09004739671945572,0.3230000138282776,0.3264000117778778
YML036W,YDR227W,1,-3.2825015,0.09030100703239441,0.3240000009536743,0.3264000117778778
YPL116W,YDL230W,0,-3.2825162,0.0902758464217186,0.3240000009536743,0.3264999985694885
YBR237W,YIL021W,0,-3.2825692,0.09025069326162338,0.3240000009536743,0.32659998536109924
YKR026C,YHR092C,0,-3.2826245,0.09022556245326996,0.3240000009536743,0.32670000195503235
YIL026C,YDR189W,0,-3.2826784,0.09020044654607773,0.3240000009536743,0.32679998874664307
YBR042C,YFL002C,0,-3.282693,0.0901753380894661,0.3240000009536743,0.32690000534057617
YML016C,YOR137C,0,-3.2830265,0.09015025198459625,0.3240000009536743,0.3269999921321869
YPR141C,YLR135W,0,-3.2830737,0.090125173330307,0.3240000009536743,0.32710000872612
YBR153W,YKL212W,0,-3.2831655,0.09010010957717896,0.3240000009536743,0.3271999955177307
YDR416W,YOL105C,0,-3.2831752,0.0900750607252121,0.3240000009536743,0.3273000121116638
YLR433C,YLR145W,0,-3.2833474,0.09005002677440643,0.3240000009536743,0.32739999890327454
YAL054C,YNR007C,0,-3.2835238,0.09002500772476196,0.3240000009536743,0.32749998569488525
YGR180C,YDR201W,0,-3.28356,0.09000000357627869,0.3240000009536743,0.32760000228881836
YOR067C,YIL009W,0,-3.2835677,0.08997500687837601,0.3240000009536743,0.3276999890804291
YLR141W,YMR140W,0,-3.2837107,0.08995002508163452,0.3240000009536743,0.3278000056743622
YCR038C,YPR189W,0,-3.2837343,0.08992506563663483,0.3240000009536743,0.3278999924659729
YMR277W,YMR305C,0,-3.2837708,0.08990011364221573,0.3240000009536743,0.328000009059906
YBR066C,YER005W,0,-3.2839289,0.08987517654895782,0.3240000009536743,0.3280999958515167
YDL243C,YJR121W,0,-3.2839315,0.08985024690628052,0.3240000009536743,0.32820001244544983
YNR019W,YJL183W,0,-3.2839396,0.089825339615345,0.3240000009536743,0.32829999923706055
YGR204W,YOR373W,0,-3.2839534,0.08980043977499008,0.3240000009536743,0.32839998602867126
YPL127C,YJR074W,0,-3.2839901,0.08977556228637695,0.3240000009536743,0.32850000262260437
YBR177C,YFR008W,0,-3.2841284,0.08975069224834442,0.3240000009536743,0.3285999894142151
YJR017C,YDR279W,0,-3.2843287,0.08972583711147308,0.3240000009536743,0.3287000060081482
YPL232W,YJL139C,0,-3.2845159,0.08970099687576294,0.3240000009536743,0.3287999927997589
YEL015W,YBR253W,0,-3.284524,0.08967617154121399,0.3240000009536743,0.328900009393692
YMR065W,YGR002C,0,-3.284569,0.08965135365724564,0.3240000009536743,0.32899999618530273
YNL271C,YBR135W,0,-3.284588,0.08962655812501907,0.3240000009536743,0.32910001277923584
YML103C,YOL127W,0,-3.2846491,0.08960177004337311,0.3240000009536743,0.32919999957084656
YDR158W,YHR099W,0,-3.2849214,0.08957699686288834,0.3240000009536743,0.3292999863624573
YGR218W,YNR010W,0,-3.2851446,0.08955223858356476,0.3240000009536743,0.3294000029563904
YLR231C,YNL169C,0,-3.2851813,0.08952749520540237,0.3240000009536743,0.3294999897480011
YGR225W,YGR247W,0,-3.285208,0.08950275927782059,0.3240000009536743,0.3296000063419342
YLR157C,YIL049W,0,-3.2853053,0.08947804570198059,0.3240000009536743,0.3296999931335449
YPL037C,YER025W,0,-3.2853096,0.08945333957672119,0.3240000009536743,0.329800009727478
YER171W,YPR007C,0,-3.2853196,0.08942864835262299,0.3240000009536743,0.32989999651908875
YDR192C,YOR361C,0,-3.2854533,0.08940397202968597,0.3240000009536743,0.33000001311302185
YNL257C,YNL263C,0,-3.2855072,0.08937931060791016,0.3240000009536743,0.33009999990463257
YNL256W,YDR478W,0,-3.2856622,0.08935466408729553,0.3240000009536743,0.3301999866962433
YNL258C,YCL044C,0,-3.285698,0.0893300250172615,0.3240000009536743,0.3303000032901764
YGL192W,YLR059C,0,-3.2857018,0.08930540084838867,0.3240000009536743,0.3303999900817871
YGR183C,YJL059W,0,-3.2857974,0.08928079158067703,0.3240000009536743,0.3305000066757202
YJL209W,YOR191W,0,-3.2858877,0.08925619721412659,0.3240000009536743,0.33059999346733093
YKL101W,YEL012W,0,-3.2859404,0.08923161774873734,0.3240000009536743,0.33070001006126404
YDR295C,YDR300C,1,-3.286142,0.089482381939888,0.32499998807907104,0.33070001006126404
YOL001W,YCR073W-A,1,-3.2863197,0.08973300457000732,0.32600000500679016,0.33070001006126404
YDL099W,YKR083C,0,-3.2863815,0.08970831334590912,0.32600000500679016,0.33079999685287476
YNL236W,YDR165W,0,-3.2864738,0.08968362957239151,0.32600000500679016,0.33090001344680786
YHR059W,YCR065W,1,-3.2865431,0.08993399143218994,0.3269999921321869,0.33090001344680786
YDR385W,YOR310C,0,-3.2865574,0.08990926295518875,0.3269999921321869,0.3310000002384186
YLR013W,YCR083W,0,-3.28662,0.08988454937934875,0.3269999921321869,0.3310999870300293
YGR166W,YOR330C,0,-3.2866747,0.08985985070466995,0.3269999921321869,0.3312000036239624
YBR158W,YCR061W,0,-3.2867782,0.08983516693115234,0.3269999921321869,0.3312999904155731
YMR234W,YPL176C,0,-3.2868087,0.08981049060821533,0.3269999921321869,0.3314000070095062
YAR007C,YKR059W,1,-3.2868626,0.09006040543317795,0.328000009059906,0.3314000070095062
YER035W,YJL141C,0,-3.286948,0.09003568440675735,0.328000009059906,0.33149999380111694
YLR219W,YCR028C-A,0,-3.2870214,0.09001097828149796,0.328000009059906,0.33160001039505005
YOR250C,YGR004W,0,-3.2870586,0.08998627960681915,0.328000009059906,0.33169999718666077
YLR264W,YKL018W,1,-3.2871244,0.0902358740568161,0.32899999618530273,0.33169999718666077
YPL040C,YPL118W,0,-3.2871444,0.09021113067865372,0.32899999618530273,0.33180001378059387
YJL108C,YLL016W,0,-3.2871454,0.09018640220165253,0.32899999618530273,0.3319000005722046
YOR039W,YNL334C,0,-3.2871866,0.09016168862581253,0.32899999618530273,0.3319999873638153
YFR028C,YEL018W,0,-3.2872741,0.09013698995113373,0.32899999618530273,0.3321000039577484
YLR381W,YPL196W,0,-3.2873504,0.09011229872703552,0.32899999618530273,0.33219999074935913
YBL078C,YDL002C,0,-3.2873945,0.09008762240409851,0.32899999618530273,0.33230000734329224
YNL102W,YPR107C,0,-3.287395,0.09006296098232269,0.32899999618530273,0.33239999413490295
YKL021C,YHR065C,0,-3.2876556,0.09003831446170807,0.32899999618530273,0.33250001072883606
YER045C,YOL027C,0,-3.2876973,0.09001368284225464,0.32899999618530273,0.3325999975204468
YER174C,YGR047C,0,-3.2877185,0.0899890586733818,0.32899999618530273,0.3327000141143799
YNL297C,YKL020C,0,-3.2877886,0.08996444940567017,0.32899999618530273,0.3328000009059906
YNR001C,YPR042C,0,-3.287814,0.08993985503911972,0.32899999618530273,0.3328999876976013
YGR249W,YPR154W,0,-3.2878141,0.08991527557373047,0.32899999618530273,0.3330000042915344
YDL099W,YNR006W,0,-3.2878263,0.08989071100950241,0.32899999618530273,0.33309999108314514
YDL198C,YDR416W,0,-3.2878747,0.08986615389585495,0.32899999618530273,0.33320000767707825
YOR047C,YOR068C,0,-3.2879286,0.08984161913394928,0.32899999618530273,0.33329999446868896
YDR273W,YOL055C,0,-3.2879722,0.0898170918226242,0.32899999618530273,0.33340001106262207
YPL242C,YBL025W,0,-3.2880063,0.08979257941246033,0.32899999618530273,0.3334999978542328
YPR072W,YGL252C,0,-3.288136,0.08976807445287704,0.32899999618530273,0.3336000144481659
YHR096C,YKR053C,0,-3.2882135,0.08974359184503555,0.32899999618530273,0.3337000012397766
YML036W,YGR159C,1,-3.2882268,0.08999181538820267,0.33000001311302185,0.3337000012397766
YLL060C,YOR329C,0,-3.2883852,0.0899672880768776,0.33000001311302185,0.33379998803138733
YLR226W,YER087C-B,0,-3.2884681,0.08994276076555252,0.33000001311302185,0.33390000462532043
YOL027C,YIL037C,0,-3.2884693,0.08991825580596924,0.33000001311302185,0.33399999141693115
YKL206C,YNR035C,0,-3.2885013,0.08989375829696655,0.33000001311302185,0.33410000801086426
YER129W,YIL017C,0,-3.288561,0.08986928313970566,0.33000001311302185,0.334199994802475
YMR163C,YJL203W,0,-3.2885854,0.08984481543302536,0.33000001311302185,0.3343000113964081
YFR036W,YDR451C,0,-3.2886498,0.08982036262750626,0.33000001311302185,0.3343999981880188
YML049C,YGR046W,0,-3.2886531,0.08979591727256775,0.33000001311302185,0.3345000147819519
YFL011W,YJR118C,0,-3.2886627,0.08977149426937103,0.33000001311302185,0.3346000015735626
YNL161W,YDR143C,0,-3.2886775,0.08974707871675491,0.33000001311302185,0.33469998836517334
YKR097W,YER111C,0,-3.2887123,0.08972267806529999,0.33000001311302185,0.33480000495910645
YOL038W,YEL020W-A,0,-3.2887595,0.08969828486442566,0.33000001311302185,0.33489999175071716
YLR144C,YJL106W,0,-3.2887719,0.08967391401529312,0.33000001311302185,0.33500000834465027
YAL013W,YDL101C,1,-3.2887747,0.08992121368646622,0.3310000002384186,0.33500000834465027
YPL217C,YBR127C,0,-3.2887778,0.0898967981338501,0.3310000002384186,0.335099995136261
YNL002C,YBL103C,0,-3.288925,0.08987239003181458,0.3310000002384186,0.3352000117301941
YJR070C,YDR389W,0,-3.288989,0.08984798938035965,0.3310000002384186,0.3352999985218048
YGR247W,YMR247C,0,-3.2890055,0.08982361108064651,0.3310000002384186,0.3353999853134155
YBR211C,YNL023C,0,-3.2891963,0.08979924023151398,0.3310000002384186,0.33550000190734863
YNL097C,YHL025W,0,-3.289265,0.08977488428354263,0.3310000002384186,0.33559998869895935
YBL097W,YDL226C,0,-3.289285,0.08975054323673248,0.3310000002384186,0.33570000529289246
YDL132W,YGR112W,0,-3.2893188,0.08972620964050293,0.3310000002384186,0.3357999920845032
YNL262W,YPR107C,0,-3.2894893,0.08970189839601517,0.3310000002384186,0.3359000086784363
YPL171C,YJL139C,0,-3.2895591,0.089677594602108,0.3310000002384186,0.335999995470047
YGL035C,YGR162W,0,-3.2895863,0.08965330570936203,0.3310000002384186,0.3361000120639801
YJR013W,YMR006C,0,-3.2896068,0.08962902426719666,0.3310000002384186,0.3361999988555908
YJL063C,YBR089C-A,0,-3.2896364,0.08960476517677307,0.3310000002384186,0.33629998564720154
YPR193C,YOL135C,0,-3.2897124,0.08958051353693008,0.3310000002384186,0.33640000224113464
YPL147W,YNL272C,0,-3.289747,0.08955627679824829,0.3310000002384186,0.33649998903274536
YMR161W,YHR096C,0,-3.2897532,0.08953205496072769,0.3310000002384186,0.33660000562667847
YDR060W,YFL049W,0,-3.2897797,0.08950784057378769,0.3310000002384186,0.3366999924182892
YDL035C,YNL318C,0,-3.2898412,0.08948364108800888,0.3310000002384186,0.3368000090122223
YIL009C-A,YJL190C,1,-3.2898788,0.08972972631454468,0.3319999873638153,0.3368000090122223
YGR218W,YMR004W,0,-3.2902038,0.08970548212528229,0.3319999873638153,0.336899995803833
YDR440W,YJL125C,0,-3.2903028,0.08968125283718109,0.3319999873638153,0.3370000123977661
YOL002C,YOR208W,0,-3.2903955,0.08965703845024109,0.3319999873638153,0.33709999918937683
YER019W,YHR072W-A,0,-3.290692,0.08963283151388168,0.3319999873638153,0.33719998598098755
YDL116W,YML069W,0,-3.2907436,0.08960863947868347,0.3319999873638153,0.33730000257492065
YFR033C,YKL020C,0,-3.2909122,0.08958445489406586,0.3319999873638153,0.33739998936653137
YJL073W,YDR058C,0,-3.2910562,0.08956029266119003,0.3319999873638153,0.3375000059604645
YOR388C,YBR009C,0,-3.2911065,0.0895361378788948,0.3319999873638153,0.3375999927520752
YNL267W,YNL163C,0,-3.2911942,0.08951199799776077,0.3319999873638153,0.3377000093460083
YPL115C,YCR047C,0,-3.2912788,0.08948787301778793,0.3319999873638153,0.337799996137619
YFR055W,YOL090W,0,-3.2913039,0.08946375548839569,0.3319999873638153,0.3379000127315521
YBR295W,YMR227C,0,-3.2914307,0.08943965286016464,0.3319999873638153,0.33799999952316284
YDR470C,YNR047W,0,-3.291767,0.08941556513309479,0.3319999873638153,0.33809998631477356
YNR019W,YML023C,0,-3.2919056,0.08939149230718613,0.3319999873638153,0.33820000290870667
YKR029C,YGR141W,0,-3.2920635,0.08936742693185806,0.3319999873638153,0.3382999897003174
YIL110W,YGR212W,0,-3.292308,0.08934337645769119,0.3319999873638153,0.3384000062942505
YAL056W,YOR043W,1,-3.2926118,0.08958838135004044,0.3330000042915344,0.3384000062942505
YJL072C,YGR059W,0,-3.2926145,0.08956427872180939,0.3330000042915344,0.3384999930858612
YPR065W,YKR031C,0,-3.2927907,0.08954019844532013,0.3330000042915344,0.3386000096797943
YOL088C,YPR036W,0,-3.2928488,0.08951612561941147,0.3330000042915344,0.33869999647140503
YLR394W,YGR113W,0,-3.292878,0.0894920751452446,0.3330000042915344,0.33880001306533813
YGL045W,YJL222W,0,-3.292919,0.08946802467107773,0.3330000042915344,0.33889999985694885
YDR480W,YMR076C,0,-3.2929661,0.08944399654865265,0.3330000042915344,0.33899998664855957
YPL227C,YLR442C,0,-3.292978,0.08941997587680817,0.3330000042915344,0.3391000032424927
YOL101C,YGL201C,0,-3.2930148,0.08939597010612488,0.3330000042915344,0.3391999900341034
YLR270W,YNL004W,0,-3.2930338,0.08937197923660278,0.3330000042915344,0.3393000066280365
YDR343C,YMR305C,0,-3.293169,0.08934800326824188,0.3330000042915344,0.3393999934196472
YER112W,YGL120C,0,-3.2931712,0.08932403475046158,0.3330000042915344,0.3395000100135803
YFL038C,YLR262C,0,-3.2932012,0.08930008113384247,0.3330000042915344,0.33959999680519104
YDR235W,YBR260C,0,-3.293226,0.08927614241838455,0.3330000042915344,0.33970001339912415
YGL180W,YPR135W,0,-3.2933438,0.08925221115350723,0.3330000042915344,0.33980000019073486
YKL112W,YNL008C,0,-3.2933495,0.08922829478979111,0.3330000042915344,0.3398999869823456
YNL245C,YDR191W,0,-3.293383,0.08920439332723618,0.3330000042915344,0.3400000035762787
YNL199C,YHL007C,0,-3.2937257,0.08918050676584244,0.3330000042915344,0.3400999903678894
YLR418C,YLR150W,1,-3.2937796,0.08942436426877975,0.33399999141693115,0.3400999903678894
YBR089C-A,YDR481C,0,-3.293798,0.08940042555332184,0.33399999141693115,0.3402000069618225
YOR094W,YLL016W,0,-3.2938006,0.08937650173902512,0.33399999141693115,0.3402999937534332
YFL013C,YCR035C,0,-3.2938082,0.08935259282588959,0.33399999141693115,0.34040001034736633
YKL178C,YIL126W,0,-3.2938926,0.08932869881391525,0.33399999141693115,0.34049999713897705
YNR035C,YLR135W,0,-3.2939055,0.08930481225252151,0.33399999141693115,0.34060001373291016
YKR036C,YLR116W,0,-3.293918,0.08928094059228897,0.33399999141693115,0.3407000005245209
YMR035W,YIR017C,0,-3.2941153,0.08925708383321762,0.33399999141693115,0.3407999873161316
YKR029C,YMR210W,0,-3.2942495,0.08923323452472687,0.33399999141693115,0.3409000039100647
YPR032W,YHR196W,0,-3.2943318,0.08920940011739731,0.33399999141693115,0.3409999907016754
YDR076W,YMR218C,0,-3.2944791,0.08918558061122894,0.33399999141693115,0.3411000072956085
YDR492W,YBL014C,0,-3.2944872,0.08916177600622177,0.33399999141693115,0.34119999408721924
YCR086W,YGL070C,1,-3.2945125,0.08940485864877701,0.33500000834465027,0.34119999408721924
YOL033W,YJL143W,0,-3.2946231,0.08938100188970566,0.33500000834465027,0.34130001068115234
YER103W,YKL196C,0,-3.294679,0.0893571600317955,0.33500000834465027,0.34139999747276306
YJL026W,YML034W,0,-3.29473,0.08933333307504654,0.33500000834465027,0.34150001406669617
YJL071W,YMR186W,1,-3.2947385,0.0895761102437973,0.335999995470047,0.34150001406669617
YGL194C,YML095C,0,-3.2947679,0.08955223858356476,0.335999995470047,0.3416000008583069
YDR256C,YBR168W,0,-3.2949393,0.08952837437391281,0.335999995470047,0.3416999876499176
YLR214W,YJL204C,0,-3.295221,0.08950452506542206,0.335999995470047,0.3418000042438507
YLR192C,YHR119W,1,-3.2953475,0.08974700421094894,0.3370000123977661,0.3418000042438507
YHL038C,YGR055W,0,-3.2953672,0.08972311019897461,0.3370000123977661,0.3418999910354614
YHL047C,YGL067W,0,-3.2953851,0.08969923108816147,0.3370000123977661,0.34200000762939453
YLR102C,YLR039C,0,-3.2954078,0.08967535942792892,0.3370000123977661,0.34209999442100525
YER142C,YCL004W,0,-3.2954528,0.08965150266885757,0.3370000123977661,0.34220001101493835
YML086C,YGR178C,0,-3.2954772,0.08962766081094742,0.3370000123977661,0.3422999978065491
YDR272W,YIL073C,0,-3.295572,0.08960382640361786,0.3370000123977661,0.3424000144004822
YJR155W,YGR112W,0,-3.295634,0.08958001434803009,0.3370000123977661,0.3425000011920929
YPR103W,YML029W,0,-3.2957218,0.08955620229244232,0.3370000123977661,0.3425999879837036
YLR205C,YIL068C,0,-3.295762,0.08953241258859634,0.3370000123977661,0.3427000045776367
YBR245C,YLR190W,0,-3.295806,0.08950863033533096,0.3370000123977661,0.34279999136924744
YPL069C,YNL317W,0,-3.2958386,0.08948486298322678,0.3370000123977661,0.34290000796318054
YOR307C,YLR435W,0,-3.295997,0.08946111053228378,0.3370000123977661,0.34299999475479126
YGR200C,YER074W-A,0,-3.2960172,0.08943736553192139,0.3370000123977661,0.34310001134872437
YFL022C,YPL233W,0,-3.296058,0.08941363543272018,0.3370000123977661,0.3431999981403351
YBR165W,YOR287C,0,-3.296081,0.08938992023468018,0.3370000123977661,0.3433000147342682
YDR427W,YKL041W,0,-3.2961712,0.08936621248722076,0.3370000123977661,0.3434000015258789
YMR312W,YLR195C,0,-3.2961843,0.08934252709150314,0.3370000123977661,0.3434999883174896
YKR063C,YKR082W,0,-3.29624,0.08931884169578552,0.3370000123977661,0.34360000491142273
YML103C,YGR195W,0,-3.2963026,0.08929517865180969,0.3370000123977661,0.34369999170303345
YJR160C,YLR134W,0,-3.2963073,0.08927152305841446,0.3370000123977661,0.34380000829696655
YNL119W,YFR005C,0,-3.2964556,0.08924788236618042,0.3370000123977661,0.34389999508857727
YDR082W,YGR099W,1,-3.29653,0.08948901295661926,0.33799999952316284,0.34389999508857727
YOL145C,YOR243C,0,-3.2965744,0.08946532756090164,0.33799999952316284,0.3440000116825104
YIL112W,YER028C,0,-3.2966223,0.08944164961576462,0.33799999952316284,0.3440999984741211
YFR019W,YBR084W,0,-3.2966793,0.08941798657178879,0.33799999952316284,0.3441999852657318
YLR098C,YGR152C,0,-3.296706,0.08939433842897415,0.33799999952316284,0.3443000018596649
YJL203W,YPL239W,0,-3.2967274,0.08937070518732071,0.33799999952316284,0.34439998865127563
YMR250W,YLR138W,0,-3.2968662,0.08934707939624786,0.33799999952316284,0.34450000524520874
YLL013C,YDR330W,0,-3.2971227,0.08932346850633621,0.33799999952316284,0.34459999203681946
YOR335C,YER032W,0,-3.2971492,0.08929986506700516,0.33799999952316284,0.34470000863075256
YDL208W,YLR141W,0,-3.2972338,0.0892762839794159,0.33799999952316284,0.3447999954223633
YDR423C,YDL140C,0,-3.2973542,0.08925271034240723,0.33799999952316284,0.3449000120162964
YOR195W,YFL058W,0,-3.2975228,0.08922914415597916,0.33799999952316284,0.3449999988079071
YGL181W,YPL026C,0,-3.297575,0.08920559287071228,0.33799999952316284,0.3450999855995178
YEL031W,YHR016C,0,-3.2975874,0.0891820564866066,0.33799999952316284,0.3452000021934509
YOR226C,YNL299W,0,-3.297648,0.08915853500366211,0.33799999952316284,0.34529998898506165
YGR231C,YLR386W,0,-3.2977421,0.08913502097129822,0.33799999952316284,0.34540000557899475
YNL118C,YPL265W,0,-3.2977626,0.08911152184009552,0.33799999952316284,0.34549999237060547
YKR059W,YNL246W,1,-3.2978618,0.0893516093492508,0.33899998664855957,0.34549999237060547
YKR019C,YOR341W,0,-3.2979062,0.08932806551456451,0.33899998664855957,0.3456000089645386
YJL179W,YGR229C,1,-3.297972,0.08956796675920486,0.3400000035762787,0.3456000089645386
YLR431C,YLL050C,0,-3.2979884,0.089544378221035,0.3400000035762787,0.3456999957561493
YPL059W,YMR305C,0,-3.2981174,0.08952079713344574,0.3400000035762787,0.3458000123500824
YNL121C,YDR330W,0,-3.2981503,0.08949723839759827,0.3400000035762787,0.3458999991416931
YMR139W,YBR118W,0,-3.2981637,0.08947368711233139,0.3400000035762787,0.34599998593330383
YCR047C,YDR259C,0,-3.2982013,0.08945014327764511,0.3400000035762787,0.34610000252723694
YGL222C,YDL030W,0,-3.2982247,0.08942661434412003,0.3400000035762787,0.34619998931884766
YJL033W,YER118C,0,-3.2982273,0.08940310031175613,0.3400000035762787,0.34630000591278076
YDR191W,YDR122W,0,-3.2983737,0.08937960118055344,0.3400000035762787,0.3463999927043915
YPR175W,YPL163C,0,-3.2984073,0.08935610949993134,0.3400000035762787,0.3465000092983246
YMR204C,YPL153C,0,-3.2984085,0.08933263272047043,0.3400000035762787,0.3465999960899353
YBL032W,YKR059W,1,-3.2985613,0.08957184106111526,0.3409999907016754,0.3465999960899353
YGR041W,YOR373W,0,-3.298651,0.08954831957817078,0.3409999907016754,0.3467000126838684
YDL028C,YDL095W,0,-3.2986825,0.08952481299638748,0.3409999907016754,0.3467999994754791
YPL244C,YEL031W,0,-3.2986908,0.08950131386518478,0.3409999907016754,0.34689998626708984
YLR381W,YOR373W,0,-3.2987816,0.08947782963514328,0.3409999907016754,0.34700000286102295
YNL259C,YDR038C,0,-3.298786,0.08945435285568237,0.3409999907016754,0.34709998965263367
YBR049C,YCL010C,0,-3.298935,0.08943089097738266,0.3409999907016754,0.3472000062465668
YML078W,YDR517W,0,-3.2989697,0.08940744400024414,0.3409999907016754,0.3472999930381775
YCR089W,YMR239C,0,-3.2990458,0.08938401192426682,0.3409999907016754,0.3474000096321106
YPL100W,YDR263C,0,-3.2990668,0.08936058729887009,0.3409999907016754,0.3474999964237213
YOL145C,YCL031C,0,-3.2991767,0.08933717757463455,0.3409999907016754,0.3476000130176544
YBL006C,YBR279W,1,-3.2992182,0.08957569301128387,0.34200000762939453,0.3476000130176544
YFL034C-B,YBR093C,0,-3.2992818,0.08955223858356476,0.34200000762939453,0.34769999980926514
YGL155W,YMR036C,0,-3.2993522,0.08952879905700684,0.34200000762939453,0.34779998660087585
YDR411C,YCL051W,0,-3.2993715,0.08950536698102951,0.34200000762939453,0.34790000319480896
YHL048W,YLR324W,0,-3.2993882,0.08948194980621338,0.34200000762939453,0.3479999899864197
YOL146W,YER173W,0,-3.299646,0.08945854008197784,0.34200000762939453,0.3481000065803528
YOR100C,YFR050C,0,-3.2996874,0.0894351452589035,0.34200000762939453,0.3481999933719635
YCR065W,YDR310C,1,-3.2998774,0.08967320621013641,0.34299999475479126,0.3481999933719635
YML095C,YLR079W,0,-3.2998822,0.08964976668357849,0.34299999475479126,0.3483000099658966
YFR008W,YNL053W,0,-3.300031,0.08962634205818176,0.34299999475479126,0.3483999967575073
YNL314W,YKL188C,0,-3.300125,0.08960292488336563,0.34299999475479126,0.34850001335144043
YNL259C,YOR320C,0,-3.3001251,0.0895795226097107,0.34299999475479126,0.34860000014305115
YPR057W,YGL043W,0,-3.3001447,0.08955613523721695,0.34299999475479126,0.34869998693466187
YPL241C,YPL083C,0,-3.3002512,0.0895327627658844,0.34299999475479126,0.34880000352859497
YOL016C,YIL073C,0,-3.3003085,0.08950939774513245,0.34299999475479126,0.3488999903202057
YGR109C,YHR170W,0,-3.3004453,0.08948604017496109,0.34299999475479126,0.3490000069141388
YER016W,YFR055W,0,-3.3004916,0.08946270495653152,0.34299999475479126,0.3490999937057495
YPR171W,YBL003C,0,-3.3005254,0.08943937718868256,0.34299999475479126,0.3492000102996826
YDL175C,YJL054W,0,-3.3006308,0.08941605687141418,0.34299999475479126,0.34929999709129333
YHR119W,YPL065W,1,-3.300646,0.0896533727645874,0.3440000116825104,0.34929999709129333
YKL173W,YML025C,0,-3.3008273,0.08963001519441605,0.3440000116825104,0.34940001368522644
YNL135C,YCR083W,0,-3.3008416,0.08960666507482529,0.3440000116825104,0.34950000047683716
YLR068W,YPL085W,0,-3.3009002,0.08958332985639572,0.3440000116825104,0.3495999872684479
YLR028C,YPR185W,0,-3.3009632,0.08956000953912735,0.3440000116825104,0.349700003862381
YHR107C,YCR034W,0,-3.3009686,0.08953669667243958,0.3440000116825104,0.3497999906539917
YDR206W,YBL088C,1,-3.300981,0.08977361768484116,0.3449999988079071,0.3497999906539917
YDR343C,YAL023C,0,-3.300986,0.0897502601146698,0.3449999988079071,0.3499000072479248
YIL061C,YDR145W,0,-3.301006,0.08972691744565964,0.3449999988079071,0.3499999940395355
YMR234W,YGR063C,0,-3.3010175,0.08970358967781067,0.3449999988079071,0.35010001063346863
YLR381W,YGL167C,0,-3.3010335,0.0896802693605423,0.3449999988079071,0.35019999742507935
YKR063C,YPR080W,0,-3.3010993,0.08965696394443512,0.3449999988079071,0.35030001401901245
YPL091W,YHR004C,0,-3.3012073,0.08963367342948914,0.3449999988079071,0.35040000081062317
YHL047C,YDR416W,0,-3.3013225,0.08961039036512375,0.3449999988079071,0.3504999876022339
YDR473C,YIL061C,0,-3.301402,0.08958712220191956,0.3449999988079071,0.350600004196167
YGR086C,YNR032W,0,-3.3014452,0.08956386148929596,0.3449999988079071,0.3506999909877777
YDL081C,YJL190C,1,-3.301546,0.0898001566529274,0.34599998593330383,0.3506999909877777
YGR288W,YAR033W,0,-3.3015542,0.08977685868740082,0.34599998593330383,0.3508000075817108
YPL001W,YLR272C,0,-3.3015993,0.08975356817245483,0.34599998593330383,0.35089999437332153
YOR109W,YER129W,0,-3.3016965,0.08973029255867004,0.34599998593330383,0.35100001096725464
YNL127W,YOL111C,0,-3.301709,0.08970702439546585,0.34599998593330383,0.35109999775886536
YJL146W,YDR314C,0,-3.3018408,0.08968377113342285,0.34599998593330383,0.35120001435279846
YGL089C,YIL016W,0,-3.3018737,0.08966053277254105,0.34599998593330383,0.3513000011444092
YPL131W,YIL153W,0,-3.3019125,0.08963730931282043,0.34599998593330383,0.3513999879360199
YLR015W,YDR447C,1,-3.302008,0.08987309038639069,0.34700000286102295,0.3513999879360199
YBL085W,YKL074C,0,-3.3020313,0.08984982222318649,0.34700000286102295,0.351500004529953
YPL195W,YLR361C,0,-3.3021986,0.0898265615105629,0.34700000286102295,0.3515999913215637
YNL163C,YDR388W,0,-3.3022063,0.0898033156991005,0.34700000286102295,0.3517000079154968
YJL124C,YAL011W,0,-3.3022377,0.08978007733821869,0.34700000286102295,0.35179999470710754
YDR038C,YIL068C,0,-3.3022857,0.08975685387849808,0.34700000286102295,0.35190001130104065
YDL116W,YOR119C,0,-3.3023336,0.08973364531993866,0.34700000286102295,0.35199999809265137
YNL232W,YMR032W,0,-3.3023574,0.08971044421195984,0.34700000286102295,0.3521000146865845
YNL111C,YBR118W,0,-3.3023844,0.08968725800514221,0.34700000286102295,0.3522000014781952
YNL078W,YDR265W,0,-3.302396,0.08966407924890518,0.34700000286102295,0.3522999882698059
YNL110C,YER129W,0,-3.3024395,0.08964092284440994,0.34700000286102295,0.352400004863739
YDR097C,YOR207C,0,-3.3025303,0.0896177664399147,0.34700000286102295,0.35249999165534973
YCL044C,YLR138W,0,-3.3025577,0.08959463238716125,0.34700000286102295,0.35260000824928284
YLR394W,YFL005W,0,-3.302581,0.0895715057849884,0.34700000286102295,0.35269999504089355
YOL065C,YDR457W,0,-3.3025815,0.08954838663339615,0.34700000286102295,0.35280001163482666
YKL182W,YML107C,0,-3.302601,0.08952528238296509,0.34700000286102295,0.3528999984264374
YNL323W,YMR203W,0,-3.3026044,0.08950219303369522,0.34700000286102295,0.3529999852180481
YCR088W,YJL194W,0,-3.3026655,0.08947911113500595,0.34700000286102295,0.3531000018119812
YDR191W,YKL126W,0,-3.3026805,0.08945604413747787,0.34700000286102295,0.3531999886035919
YDR037W,YGL013C,0,-3.3027632,0.08943299204111099,0.34700000286102295,0.353300005197525
YOL077W-A,YDR224C,0,-3.3028007,0.08940994739532471,0.34700000286102295,0.35339999198913574
YER032W,YAL047C,0,-3.302853,0.08938691765069962,0.34700000286102295,0.35350000858306885
YGR075C,YDR341C,0,-3.3028781,0.08936389535665512,0.34700000286102295,0.35359999537467957
YLR155C,YLR329W,0,-3.3029394,0.08934088796377182,0.34700000286102295,0.35370001196861267
YOR281C,YPR018W,0,-3.302979,0.08931788802146912,0.34700000286102295,0.3537999987602234
YHR052W,YLR396C,0,-3.3030365,0.0892949029803276,0.34700000286102295,0.3538999855518341
YMR054W,YML088W,0,-3.3030488,0.08927193284034729,0.34700000286102295,0.3540000021457672
YLL008W,YBR237W,0,-3.3031151,0.08924897015094757,0.34700000286102295,0.35409998893737793
YAL007C,YGL016W,0,-3.303126,0.08922602236270905,0.34700000286102295,0.35420000553131104
YDR081C,YER074W-A,0,-3.3033316,0.08920308202505112,0.34700000286102295,0.35429999232292175
YDR097C,YOR115C,0,-3.3034647,0.08918015658855438,0.34700000286102295,0.35440000891685486
YPL018W,YOL027C,0,-3.3036046,0.08915724605321884,0.34700000286102295,0.3544999957084656
YPR144C,YIL084C,0,-3.303835,0.0891343429684639,0.34700000286102295,0.3546000123023987
YPR179C,YGL169W,0,-3.3040032,0.08911145478487015,0.34700000286102295,0.3546999990940094
YDR164C,YNL167C,0,-3.3040075,0.089088574051857,0.34700000286102295,0.3547999858856201
YDR179C,YER112W,0,-3.3041105,0.08906570822000504,0.34700000286102295,0.3549000024795532
YCR092C,YOL116W,0,-3.3041694,0.08904284983873367,0.34700000286102295,0.35499998927116394
YGL174W,YDR080W,0,-3.3042653,0.0890200138092041,0.34700000286102295,0.35510000586509705
YMR234W,YPL124W,0,-3.3042781,0.08899717777967453,0.34700000286102295,0.35519999265670776
YGR229C,YML097C,1,-3.3044703,0.08923076838254929,0.3479999899864197,0.35519999265670776
YAL002W,YER005W,0,-3.3044732,0.08920789510011673,0.3479999899864197,0.35530000925064087
YLL042C,YMR025W,0,-3.3044846,0.08918503671884537,0.3479999899864197,0.3553999960422516
YLR051C,YFL058W,0,-3.304495,0.0891621857881546,0.3479999899864197,0.3555000126361847
YGR145W,YOL102C,0,-3.3045356,0.08913934230804443,0.3479999899864197,0.3555999994277954
YGR175C,YKL025C,0,-3.3045943,0.08911651372909546,0.3479999899864197,0.35569998621940613
YDR317W,YGL201C,0,-3.3046873,0.08909370005130768,0.3479999899864197,0.35580000281333923
YGL222C,YNL318C,0,-3.3047245,0.08907090127468109,0.3479999899864197,0.35589998960494995
YML038C,YBR183W,0,-3.304839,0.0890481099486351,0.3479999899864197,0.35600000619888306
YPL096W,YJL093C,0,-3.3048937,0.08902532607316971,0.3479999899864197,0.3560999929904938
YER017C,YOR195W,0,-3.3049757,0.08900255709886551,0.3479999899864197,0.3562000095844269
YJL207C,YPL006W,0,-3.3049908,0.0889798030257225,0.3479999899864197,0.3562999963760376
YGR046W,YNL253W,0,-3.3050396,0.0889570564031601,0.3479999899864197,0.3564000129699707
YLL035W,YMR067C,0,-3.305255,0.08893432468175888,0.3479999899864197,0.3564999997615814
YMR250W,YHR083W,0,-3.3053124,0.08891160041093826,0.3479999899864197,0.35659998655319214
YDR446W,YNL327W,0,-3.305346,0.08888889104127884,0.3479999899864197,0.35670000314712524
YOR174W,YNR006W,0,-3.3054137,0.08886618912220001,0.3479999899864197,0.35679998993873596
YNL314W,YPL020C,0,-3.305446,0.08884350210428238,0.3479999899864197,0.35690000653266907
YHR079C,YBL025W,0,-3.3054788,0.08882082998752594,0.3479999899864197,0.3569999933242798
YLR148W,YGR072W,1,-3.3055565,0.08905333280563354,0.3490000069141388,0.3569999933242798
YDL022W,YHR099W,0,-3.305694,0.08903060853481293,0.3490000069141388,0.3571000099182129
YMR201C,YOR290C,0,-3.3056986,0.0890079066157341,0.3490000069141388,0.3571999967098236
YJL042W,YCR077C,0,-3.305751,0.08898521214723587,0.3490000069141388,0.3573000133037567
YDR219C,YAL002W,0,-3.305764,0.08896252512931824,0.3490000069141388,0.35740000009536743
YHR042W,YPL152W,0,-3.3058114,0.0889398604631424,0.3490000069141388,0.35749998688697815
YJR131W,YHL022C,0,-3.305868,0.08891719579696655,0.3490000069141388,0.35760000348091125
YER095W,YDR363W-A,1,-3.3059466,0.08914925903081894,0.3499999940395355,0.35760000348091125
YBL017C,YEL031W,0,-3.3060467,0.08912655711174011,0.3499999940395355,0.357699990272522
YDL227C,YGR285C,0,-3.30608,0.08910387009382248,0.3499999940395355,0.3578000068664551
YPR188C,YAL047C,0,-3.3063142,0.08908119052648544,0.3499999940395355,0.3578999936580658
YMR288W,YOR353C,0,-3.3063638,0.0890585258603096,0.3499999940395355,0.3580000102519989
YDR085C,YMR293C,0,-3.3064086,0.08903586864471436,0.3499999940395355,0.3580999970436096
YER016W,YJL013C,0,-3.3064818,0.0890132263302803,0.3499999940395355,0.3582000136375427
YOR249C,YPR075C,0,-3.3065546,0.08899059146642685,0.3499999940395355,0.35830000042915344
YLR266C,YPR121W,0,-3.3065655,0.08896797150373459,0.3499999940395355,0.35839998722076416
YGL071W,YLR337C,0,-3.3066413,0.08894535899162292,0.3499999940395355,0.35850000381469727
YPR155C,YBL056W,0,-3.3066716,0.08892276138067245,0.3499999940395355,0.358599990606308
YBR041W,YNL323W,0,-3.3068268,0.08890017867088318,0.3499999940395355,0.3587000072002411
YPL204W,YCL055W,0,-3.3068361,0.0888776034116745,0.3499999940395355,0.3587999939918518
YMR068W,YDL227C,0,-3.3069549,0.08885504305362701,0.3499999940395355,0.3589000105857849
YBR279W,YDR369C,1,-3.3072855,0.08908629417419434,0.35100001096725464,0.3589000105857849
YMR035W,YDR356W,0,-3.3074026,0.08906368911266327,0.35100001096725464,0.35899999737739563
YMR240C,YJR091C,0,-3.3074408,0.0890410989522934,0.35100001096725464,0.35910001397132874
YGL090W,YDR382W,0,-3.3074777,0.08901851624250412,0.35100001096725464,0.35920000076293945
YOL102C,YKL214C,0,-3.307515,0.08899594098329544,0.35100001096725464,0.35929998755455017
YJR017C,YDR343C,0,-3.307522,0.08897338062524796,0.35100001096725464,0.3594000041484833
YGR120C,YDR334W,0,-3.307633,0.08895083516836166,0.35100001096725464,0.359499990940094
YGR086C,YGR253C,0,-3.3076437,0.08892829716205597,0.35100001096725464,0.3596000075340271
YNL274C,YKL188C,0,-3.3076613,0.08890577405691147,0.35100001096725464,0.3596999943256378
YPR120C,YER107C,0,-3.30772,0.08888325840234756,0.35100001096725464,0.3598000109195709
YIL132C,YIR009W,0,-3.3077228,0.08886075764894485,0.35100001096725464,0.35989999771118164
YPR093C,YDL024C,0,-3.3077745,0.08883827179670334,0.35100001096725464,0.36000001430511475
YBR211C,YML007W,0,-3.3078744,0.08881578594446182,0.35100001096725464,0.36010000109672546
YPL160W,YML095C,0,-3.3078914,0.0887933224439621,0.35100001096725464,0.3601999878883362
YPL069C,YPR055W,0,-3.3079088,0.08877086639404297,0.35100001096725464,0.3603000044822693
YLR418C,YGL070C,1,-3.3080466,0.08900126069784164,0.35199999809265137,0.3603000044822693
YGL194C,YNL117W,0,-3.3080552,0.08897876739501953,0.35199999809265137,0.36039999127388
YGR003W,YCL026C-A,0,-3.308066,0.08895628154277802,0.35199999809265137,0.3605000078678131
YLR078C,YPR171W,0,-3.308183,0.0889338031411171,0.35199999809265137,0.36059999465942383
YJL062W,YDR322C-A,0,-3.3083923,0.08891133964061737,0.35199999809265137,0.36070001125335693
YKL046C,YLR081W,0,-3.308436,0.08888889104127884,0.35199999809265137,0.36079999804496765
YDR318W,YMR216C,0,-3.3084462,0.0888664498925209,0.35199999809265137,0.36090001463890076
YML073C,YNL222W,0,-3.3085043,0.08884401619434357,0.35199999809265137,0.3610000014305115
YGL065C,YIL173W,0,-3.3085134,0.08882159739732742,0.35199999809265137,0.3610999882221222
YGL247W,YAL035W,0,-3.3085551,0.08879919350147247,0.35199999809265137,0.3612000048160553
YOR171C,YLR382C,0,-3.3085966,0.08877679705619812,0.35199999809265137,0.361299991607666
YGL001C,YNL030W,0,-3.3086228,0.08875441551208496,0.35199999809265137,0.3614000082015991
YBR234C,YAR019C,0,-3.308624,0.0887320414185524,0.35199999809265137,0.36149999499320984
YOR127W,YDR181C,0,-3.3086767,0.08870967477560043,0.35199999809265137,0.36160001158714294
YER122C,YPR032W,0,-3.308704,0.08868733048439026,0.35199999809265137,0.36169999837875366
YIL079C,YHR012W,0,-3.3090055,0.08866498619318008,0.35199999809265137,0.3617999851703644
YLR189C,YLR052W,0,-3.3091533,0.0886426568031311,0.35199999809265137,0.3619000017642975
YDR027C,YML001W,1,-3.3091955,0.08887210488319397,0.3529999852180481,0.3619000017642975
YBR049C,YLR136C,0,-3.3092277,0.088849738240242,0.3529999852180481,0.3619999885559082
YLR382C,YBR117C,0,-3.3092782,0.08882737904787064,0.3529999852180481,0.3621000051498413
YMR023C,YOR049C,0,-3.3093061,0.08880503475666046,0.3529999852180481,0.362199991941452
YPR005C,YIL101C,0,-3.3093607,0.08878269791603088,0.3529999852180481,0.36230000853538513
YMR313C,YBR117C,0,-3.3094196,0.0887603685259819,0.3529999852180481,0.36239999532699585
YPR075C,YLR221C,0,-3.3095384,0.08873806148767471,0.3529999852180481,0.36250001192092896
YLR319C,YKL086W,0,-3.3095708,0.08871575444936752,0.3529999852180481,0.3625999987125397
YBL074C,YHR123W,0,-3.3096254,0.08869346976280212,0.3529999852180481,0.3626999855041504
YNL331C,YMR011W,0,-3.3096433,0.08867118507623672,0.3529999852180481,0.3628000020980835
YDL143W,YML130C,0,-3.3096468,0.08864892274141312,0.3529999852180481,0.3628999888896942
YNL106C,YPL112C,0,-3.309683,0.08862666040658951,0.3529999852180481,0.3630000054836273
YGR284C,YAL005C,0,-3.309722,0.08860442042350769,0.3529999852180481,0.36309999227523804
YGR118W,YKR059W,1,-3.3097537,0.08883312344551086,0.3540000021457672,0.36309999227523804
YBR177C,YHR176W,0,-3.3100922,0.08881083875894547,0.3540000021457672,0.36320000886917114
YFL057C,YGL061C,0,-3.310167,0.08878856152296066,0.3540000021457672,0.36329999566078186
YDR434W,YEL013W,0,-3.3102157,0.08876629918813705,0.3540000021457672,0.36340001225471497
YPL196W,YDR167W,0,-3.3102202,0.08874404430389404,0.3540000021457672,0.3634999990463257
YFL013C,YOR110W,0,-3.3102427,0.08872180432081223,0.3540000021457672,0.3635999858379364
YGL219C,YDR135C,0,-3.3102593,0.088699571788311,0.3540000021457672,0.3637000024318695
YML028W,YLR386W,0,-3.3104956,0.08867735415697098,0.3540000021457672,0.3637999892234802
YHR096C,YBR092C,0,-3.3105702,0.08865514397621155,0.3540000021457672,0.36390000581741333
YDR272W,YDR432W,0,-3.3106184,0.08863294869661331,0.3540000021457672,0.36399999260902405
YBR164C,YLR284C,0,-3.3106482,0.08861076086759567,0.3540000021457672,0.36410000920295715
YHR190W,YHR005C-A,0,-3.310768,0.08858858793973923,0.3540000021457672,0.36419999599456787
YDR118W,YOR295W,0,-3.3108394,0.08856642246246338,0.3540000021457672,0.364300012588501
YLR318W,YLL026W,1,-3.3108745,0.08879439532756805,0.35499998927116394,0.364300012588501
YPL083C,YLR447C,0,-3.3109243,0.08877219259738922,0.35499998927116394,0.3643999993801117
YLR394W,YDR345C,0,-3.3109887,0.08874999731779099,0.35499998927116394,0.3644999861717224
YJL179W,YDL059C,1,-3.3109906,0.08897775411605835,0.35600000619888306,0.3644999861717224
YER155C,YPL011C,0,-3.3110034,0.08895552158355713,0.35600000619888306,0.3646000027656555
YOL067C,YOR315W,0,-3.3110077,0.0889332965016365,0.35600000619888306,0.36469998955726624
YKL092C,YGR083C,0,-3.3111055,0.08891108632087708,0.35600000619888306,0.36480000615119934
YMR219W,YGL006W,0,-3.3111534,0.08888889104127884,0.35600000619888306,0.36489999294281006
YKL022C,YMR005W,0,-3.311186,0.0888667032122612,0.35600000619888306,0.36500000953674316
YJR112W,YMR308C,0,-3.31144,0.08884452283382416,0.35600000619888306,0.3650999963283539
YMR280C,YNL214W,0,-3.3115206,0.08882235735654831,0.35600000619888306,0.365200012922287
YGL151W,YFR050C,0,-3.311628,0.08880019932985306,0.35600000619888306,0.3652999997138977
YJR077C,YOR328W,0,-3.3116677,0.088778056204319,0.35600000619888306,0.3653999865055084
YHR203C,YLR234W,1,-3.3118906,0.0890052393078804,0.3569999933242798,0.3653999865055084
YBL052C,YIL084C,0,-3.3118956,0.08898305147886276,0.3569999933242798,0.36550000309944153
YGR129W,YDL058W,0,-3.3119142,0.08896087855100632,0.3569999933242798,0.36559998989105225
YLL027W,YGL212W,1,-3.312016,0.08918784558773041,0.3580000102519989,0.36559998989105225
YGL025C,YDR363W-A,1,-3.3120744,0.08941469341516495,0.35899999737739563,0.36559998989105225
YCR010C,YPL083C,0,-3.312125,0.08939243108034134,0.35899999737739563,0.36570000648498535
YGL035C,YMR247C,0,-3.3121789,0.08937017619609833,0.35899999737739563,0.36579999327659607
YOR046C,YMR285C,0,-3.312188,0.08934793621301651,0.35899999737739563,0.3659000098705292
YMR314W,YDR077W,0,-3.3122966,0.08932570368051529,0.35899999737739563,0.3659999966621399
YLR098C,YHR098C,0,-3.312382,0.08930348604917526,0.35899999737739563,0.366100013256073
YAL054C,YIL123W,0,-3.3124845,0.08928127586841583,0.35899999737739563,0.3662000000476837
YCR010C,YOR036W,0,-3.3124893,0.089259073138237,0.35899999737739563,0.36629998683929443
YNL286W,YEL012W,0,-3.3125331,0.08923688530921936,0.35899999737739563,0.36640000343322754
YKR019C,YNL262W,0,-3.3125527,0.08921471238136292,0.35899999737739563,0.36649999022483826
YNL053W,YDR328C,0,-3.312619,0.08919254690408707,0.35899999737739563,0.36660000681877136
YBL014C,YDR292C,0,-3.3126686,0.08917038887739182,0.35899999737739563,0.3666999936103821
YMR266W,YGR211W,0,-3.3127196,0.08914824575185776,0.35899999737739563,0.3668000102043152
YPR007C,YJL222W,0,-3.3127275,0.0891261175274849,0.35899999737739563,0.3668999969959259
YGL045W,YKL042W,0,-3.3127773,0.08910399675369263,0.35899999737739563,0.367000013589859
YPL218W,YDL112W,0,-3.312855,0.08908188343048096,0.35899999737739563,0.3671000003814697
YOR094W,YOR168W,0,-3.3129141,0.08905978500843048,0.35899999737739563,0.36719998717308044
YMR276W,YER154W,0,-3.3129747,0.0890377014875412,0.35899999737739563,0.36730000376701355
YOR354C,YGL233W,0,-3.3130014,0.08901561796665192,0.35899999737739563,0.36739999055862427
YNL147W,YBR156C,1,-3.313039,0.08924144506454468,0.36000001430511475,0.36739999055862427
YNL085W,YLR396C,0,-3.3130472,0.08921933174133301,0.36000001430511475,0.3675000071525574
YHL040C,YNR017W,0,-3.313125,0.08919722586870193,0.36000001430511475,0.3675999939441681
YMR113W,YHR187W,0,-3.313129,0.08917512744665146,0.36000001430511475,0.3677000105381012
YCR071C,YKL170W,1,-3.313165,0.08940069377422333,0.3610000014305115,0.3677000105381012
YOR173W,YKL020C,0,-3.3133307,0.08937855809926987,0.3610000014305115,0.3677999973297119
YNL161W,YOR147W,0,-3.3133388,0.0893564373254776,0.3610000014305115,0.367900013923645
YBR274W,YDR469W,0,-3.3133748,0.08933432400226593,0.3610000014305115,0.36800000071525574
YLR135W,YKL028W,0,-3.3133752,0.08931221812963486,0.3610000014305115,0.36809998750686646
YNL112W,YKL082C,0,-3.31338,0.08929013460874557,0.3610000014305115,0.36820000410079956
YGR005C,YNR048W,0,-3.31338,0.08926805108785629,0.3610000014305115,0.3682999908924103
YGL168W,YER116C,1,-3.3134017,0.08949320018291473,0.3619999885559082,0.3682999908924103
YPR082C,YGL122C,0,-3.313429,0.08947107940912247,0.3619999885559082,0.3684000074863434
YBR049C,YGR248W,0,-3.3135276,0.0894489735364914,0.3619999885559082,0.3684999942779541
YLR361C,YMR095C,0,-3.3135865,0.08942687511444092,0.3619999885559082,0.3686000108718872
YFR030W,YLR316C,0,-3.3135993,0.08940479159355164,0.3619999885559082,0.3686999976634979
YHR118C,YHR006W,0,-3.313659,0.08938271552324295,0.3619999885559082,0.36880001425743103
YFL041W,YDR285W,0,-3.3137343,0.08936065435409546,0.3619999885559082,0.36890000104904175
YPL031C,YPL002C,1,-3.3139403,0.08958538621664047,0.3630000054836273,0.36890000104904175
YGR178C,YHR012W,0,-3.3139415,0.08956328779459,0.3630000054836273,0.36899998784065247
YJR063W,YOR081C,0,-3.3140109,0.08954119682312012,0.3630000054836273,0.36910000443458557
YHR055C,YLR342W,0,-3.3140647,0.08951911330223083,0.3630000054836273,0.3691999912261963
YLR270W,YPL089C,0,-3.314092,0.08949704468250275,0.3630000054836273,0.3693000078201294
YMR119W,YDR345C,0,-3.3141034,0.08947498351335526,0.3630000054836273,0.3693999946117401
YLR228C,YNL317W,0,-3.3142545,0.08945292979478836,0.3630000054836273,0.3695000112056732
YHR190W,YCR026C,0,-3.3143156,0.08943089097738266,0.3630000054836273,0.36959999799728394
YPL061W,YDR281C,0,-3.314453,0.08940886706113815,0.3630000054836273,0.36970001459121704
YML031W,YDR478W,0,-3.314461,0.08938685059547424,0.3630000054836273,0.36980000138282776
YPR154W,YCR028C-A,0,-3.3144767,0.08936484158039093,0.3630000054836273,0.3698999881744385
YOL156W,YDL201W,0,-3.314506,0.08934284746646881,0.3630000054836273,0.3700000047683716
YFL060C,YHL022C,0,-3.3145397,0.08932086825370789,0.3630000054836273,0.3700999915599823
YIL009C-A,YLR010C,1,-3.314651,0.08954489231109619,0.36399999260902405,0.3700999915599823
YNL282W,YOL045W,0,-3.314698,0.08952287584543228,0.36399999260902405,0.3702000081539154
YBR272C,YJL124C,0,-3.31471,0.08950085937976837,0.36399999260902405,0.3702999949455261
YDL192W,YKR059W,1,-3.314833,0.08972468227148056,0.36500000953674316,0.3702999949455261
YDL014W,YNL299W,0,-3.3148522,0.08970262855291367,0.36500000953674316,0.37040001153945923
YLR186W,YOL017W,0,-3.314884,0.08968058973550797,0.36500000953674316,0.37049999833106995
YMR033W,YBR155W,0,-3.314903,0.08965855836868286,0.36500000953674316,0.37059998512268066
YPR046W,YHR118C,0,-3.3149273,0.08963654190301895,0.36500000953674316,0.37070000171661377
YBL097W,YKR062W,0,-3.3150926,0.08961453288793564,0.36500000953674316,0.3707999885082245
YDR513W,YPL026C,0,-3.3150973,0.08959253877401352,0.36500000953674316,0.3709000051021576
YBL078C,YDR281C,0,-3.315245,0.089570552110672,0.36500000953674316,0.3709999918937683
YLL042C,YLR376C,0,-3.3153784,0.08954858034849167,0.36500000953674316,0.3711000084877014
YKL149C,YBR073W,0,-3.31554,0.08952661603689194,0.36500000953674316,0.37119999527931213
YLR205C,YBR077C,0,-3.3156002,0.0895046591758728,0.36500000953674316,0.37130001187324524
YNL188W,YFL005W,0,-3.3156168,0.08948271721601486,0.36500000953674316,0.37139999866485596
YDL212W,YPL019C,0,-3.3156652,0.08946078270673752,0.36500000953674316,0.3714999854564667
YBL052C,YLR183C,0,-3.3158944,0.08943886309862137,0.36500000953674316,0.3716000020503998
YDR421W,YPL115C,0,-3.3159277,0.08941695094108582,0.36500000953674316,0.3716999888420105
YBR207W,YEL034W,0,-3.3160331,0.08939505368471146,0.36500000953674316,0.3718000054359436
YMR267W,YLR193C,0,-3.3160462,0.0893731638789177,0.36500000953674316,0.3718999922275543
YDR038C,YGL151W,0,-3.316282,0.08935128152370453,0.36500000953674316,0.3720000088214874
YER147C,YNL310C,0,-3.316317,0.08932941406965256,0.36500000953674316,0.37209999561309814
YLL050C,YLR191W,0,-3.3163636,0.08930756151676178,0.36500000953674316,0.37220001220703125
YHR085W,YPR133C,0,-3.3164148,0.0892857164144516,0.36500000953674316,0.37229999899864197
YKR036C,YOL145C,0,-3.316424,0.08926387876272202,0.36500000953674316,0.3723999857902527
YDR194C,YER013W,0,-3.3164406,0.08924205601215363,0.36500000953674316,0.3725000023841858
YLR390W-A,YJR145C,1,-3.3164487,0.08946467936038971,0.3659999966621399,0.3725000023841858
YER016W,YNL106C,0,-3.3164861,0.08944281190633774,0.3659999966621399,0.3725999891757965
YFL057C,YPR030W,0,-3.316548,0.08942095935344696,0.3659999966621399,0.3727000057697296
YIL013C,YKR031C,0,-3.3166177,0.08939912170171738,0.3659999966621399,0.37279999256134033
YFL060C,YKL020C,0,-3.3166325,0.08937729150056839,0.3659999966621399,0.37290000915527344
YIL084C,YNR047W,0,-3.316635,0.08935546875,0.3659999966621399,0.37299999594688416
YDR407C,YPL206C,0,-3.3166587,0.0893336609005928,0.3659999966621399,0.37310001254081726
YPL132W,YDR088C,0,-3.3169076,0.0893118605017662,0.3659999966621399,0.373199999332428
YKR082W,YKL197C,0,-3.3169322,0.0892900675535202,0.3659999966621399,0.3732999861240387
YFR009W,YDL212W,0,-3.3169718,0.0892682895064354,0.3659999966621399,0.3734000027179718
YOR018W,YOR008C,0,-3.3170369,0.08924652636051178,0.3659999966621399,0.3734999895095825
YLR191W,YNR023W,0,-3.3172195,0.08922477066516876,0.3659999966621399,0.3736000061035156
YDR492W,YDR322C-A,0,-3.317228,0.08920302242040634,0.3659999966621399,0.37369999289512634
YBL088C,YPL144W,1,-3.3172648,0.08942495286464691,0.367000013589859,0.37369999289512634
YGR060W,YLL002W,0,-3.3172863,0.0894031673669815,0.367000013589859,0.37380000948905945
YPR018W,YBR095C,0,-3.3172965,0.0893813967704773,0.367000013589859,0.37389999628067017
YLR157C,YNL131W,0,-3.317488,0.08935963362455368,0.367000013589859,0.37400001287460327
YHL048W,YBL005W,0,-3.3175428,0.08933787792921066,0.367000013589859,0.374099999666214
YBR295W,YKL178C,0,-3.3175747,0.08931613713502884,0.367000013589859,0.3741999864578247
YLR330W,YOL101C,0,-3.317629,0.08929440379142761,0.367000013589859,0.3743000030517578
YMR319C,YOR274W,0,-3.3176396,0.08927268534898758,0.367000013589859,0.37439998984336853
YLR095C,YOR068C,0,-3.3176587,0.08925097435712814,0.367000013589859,0.37450000643730164
YKL049C,YJL187C,0,-3.3176892,0.0892292708158493,0.367000013589859,0.37459999322891235
YDR037W,YFL060C,0,-3.3177278,0.08920758217573166,0.367000013589859,0.37470000982284546
YOR116C,YLR135W,0,-3.3177683,0.08918590843677521,0.367000013589859,0.3747999966144562
YLR190W,YOR143C,0,-3.3178298,0.08916423469781876,0.367000013589859,0.3749000132083893
YFL013C,YER021W,0,-3.3178523,0.0891425758600235,0.367000013589859,0.375
YPR189W,YHR111W,0,-3.3178525,0.08912093192338943,0.367000013589859,0.3750999867916107
YHR167W,YML001W,1,-3.3180244,0.08934207260608673,0.36800000071525574,0.3750999867916107
YIR006C,YJL191W,0,-3.3180335,0.08932039141654968,0.36800000071525574,0.3752000033855438
YPL137C,YBR192W,0,-3.3180408,0.08929871022701263,0.36800000071525574,0.37529999017715454
YOL090W,YML023C,0,-3.3180854,0.08927705138921738,0.36800000071525574,0.37540000677108765
YMR292W,YLR354C,0,-3.318104,0.08925540000200272,0.36800000071525574,0.37549999356269836
YDR123C,YDR013W,0,-3.3181107,0.08923375606536865,0.36800000071525574,0.37560001015663147
YAR014C,YKL056C,0,-3.3181326,0.08921211957931519,0.36800000071525574,0.3756999969482422
YER183C,YPL174C,0,-3.318135,0.08919049799442291,0.36800000071525574,0.3758000135421753
YOL078W,YBR117C,0,-3.318171,0.08916889131069183,0.36800000071525574,0.375900000333786
YBR131W,YHR085W,0,-3.3182213,0.08914728462696075,0.36800000071525574,0.37599998712539673
YIL103W,YDR023W,0,-3.3184156,0.08912569284439087,0.36800000071525574,0.37610000371932983
YDR206W,YDL077C,1,-3.3185449,0.08934624493122101,0.36899998784065247,0.37610000371932983
YLR228C,YLR260W,0,-3.3185542,0.08932461589574814,0.36899998784065247,0.37619999051094055
YBR213W,YOR119C,0,-3.3185637,0.08930300176143646,0.36899998784065247,0.37630000710487366
YPR141C,YDR322C-A,0,-3.318566,0.08928139507770538,0.36899998784065247,0.3763999938964844
YOR040W,YAL056W,1,-3.318566,0.08950169384479523,0.3700000047683716,0.3763999938964844
YNL075W,YER112W,0,-3.3185997,0.08948004990816116,0.3700000047683716,0.3765000104904175
YBR059C,YGL142C,0,-3.3186212,0.0894584134221077,0.3700000047683716,0.3765999972820282
YDR038C,YMR204C,0,-3.3186233,0.08943679183721542,0.3700000047683716,0.3767000138759613
YER045C,YGR239C,0,-3.3186333,0.08941517770290375,0.3700000047683716,0.376800000667572
YHR079C,YDR400W,0,-3.3187282,0.08939357101917267,0.3700000047683716,0.37689998745918274
YOR034C,YIL123W,0,-3.3187702,0.08937197923660278,0.3700000047683716,0.37700000405311584
YPR018W,YOR110W,0,-3.3187878,0.0893503949046135,0.3700000047683716,0.37709999084472656
YGR147C,YPL211W,0,-3.3188841,0.0893288254737854,0.3700000047683716,0.37720000743865967
YLL009C,YGL087C,0,-3.3189209,0.0893072634935379,0.3700000047683716,0.3772999942302704
YDR122W,YHR001W,0,-3.3189504,0.0892857164144516,0.3700000047683716,0.3774000108242035
YDL216C,YGR046W,0,-3.3190749,0.08926417678594589,0.3700000047683716,0.3774999976158142
YLR129W,YGL210W,0,-3.3190925,0.08924264460802078,0.3700000047683716,0.3776000142097473
YOL144W,YDR292C,0,-3.3192463,0.08922112733125687,0.3700000047683716,0.37770000100135803
YJR057W,YGL035C,0,-3.3193257,0.08919961750507355,0.3700000047683716,0.37779998779296875
YMR068W,YLR107W,0,-3.3193448,0.08917811512947083,0.3700000047683716,0.37790000438690186
YNL274C,YJL210W,0,-3.3194816,0.0891566276550293,0.3700000047683716,0.3779999911785126
YCR053W,YDR165W,0,-3.319564,0.08913514763116837,0.3700000047683716,0.3781000077724457
YER168C,YER162C,0,-3.3196137,0.08911368250846863,0.3700000047683716,0.3781999945640564
YGR040W,YNL209W,0,-3.3196373,0.08909222483634949,0.3700000047683716,0.3783000111579895
YDR118W,YJL019W,0,-3.3197167,0.08907077461481094,0.3700000047683716,0.3783999979496002
YPR191W,YPL083C,0,-3.3197203,0.0890493392944336,0.3700000047683716,0.3785000145435333
YGR224W,YOL158C,0,-3.3197277,0.08902791142463684,0.3700000047683716,0.37860000133514404
YEL037C,YOR297C,0,-3.3197622,0.08900649845600128,0.3700000047683716,0.37869998812675476
YIL154C,YHR200W,0,-3.3197632,0.08898508548736572,0.3700000047683716,0.37880000472068787
YPL254W,YPR051W,1,-3.3198378,0.08920413255691528,0.3709999918937683,0.37880000472068787
YDR214W,YOR127W,0,-3.319859,0.08918268978595734,0.3709999918937683,0.3788999915122986
YGL143C,YLR134W,0,-3.3198802,0.08916126191616058,0.3709999918937683,0.3790000081062317
YGL047W,YLR459W,0,-3.3200033,0.08913983404636383,0.3709999918937683,0.3790999948978424
YPL061W,YMR218C,0,-3.3200295,0.08911842107772827,0.3709999918937683,0.3792000114917755
YLR075W,YHL022C,0,-3.3200312,0.0890970230102539,0.3709999918937683,0.37929999828338623
YMR236W,YGR241C,0,-3.3201377,0.08907563239336014,0.3709999918937683,0.37940001487731934
YDR192C,YLR006C,0,-3.320144,0.08905424922704697,0.3709999918937683,0.37950000166893005
YNL078W,YDL138W,0,-3.3201973,0.08903288096189499,0.3709999918937683,0.37959998846054077
YDR245W,YDR289C,0,-3.3203685,0.08901151269674301,0.3709999918937683,0.3797000050544739
YGR261C,YIL085C,0,-3.32039,0.08899016678333282,0.3709999918937683,0.3797999918460846
YOR031W,YOR353C,0,-3.3205667,0.08896882832050323,0.3709999918937683,0.3799000084400177
YBL022C,YLR055C,0,-3.320606,0.08894749730825424,0.3709999918937683,0.3799999952316284
YPL055C,YML092C,0,-3.320655,0.08892617374658585,0.3709999918937683,0.3801000118255615
YGL017W,YER031C,0,-3.3207276,0.08890486508607864,0.3709999918937683,0.38019999861717224
YLR260W,YOR117W,0,-3.3208847,0.08888356387615204,0.3709999918937683,0.38029998540878296
YJL168C,YOR068C,0,-3.3209593,0.08886227756738663,0.3709999918937683,0.38040000200271606
YHR190W,YJL139C,0,-3.321067,0.08884099870920181,0.3709999918937683,0.3804999887943268
YPR068C,YEL002C,0,-3.3210938,0.0888197273015976,0.3709999918937683,0.3806000053882599
YML123C,YMR137C,0,-3.321143,0.08879847079515457,0.3709999918937683,0.3806999921798706
YDR254W,YKR029C,0,-3.321239,0.08877722173929214,0.3709999918937683,0.3808000087738037
YMR016C,YJR009C,0,-3.3212824,0.08875598013401031,0.3709999918937683,0.38089999556541443
YNL151C,YDL098C,0,-3.3213882,0.08873475342988968,0.3709999918937683,0.38100001215934753
YKR036C,YGR257C,0,-3.3214772,0.08871353417634964,0.3709999918937683,0.38109999895095825
YDR289C,YPR173C,0,-3.3215063,0.0886923223733902,0.3709999918937683,0.38119998574256897
YDL137W,YGR060W,0,-3.3215563,0.08867112547159195,0.3709999918937683,0.3813000023365021
YBR015C,YGL028C,0,-3.3217442,0.0886499434709549,0.3709999918937683,0.3813999891281128
YNR057C,YBR084W,0,-3.321789,0.08862876147031784,0.3709999918937683,0.3815000057220459
YMR199W,YDL052C,0,-3.32188,0.08860759437084198,0.3709999918937683,0.3815999925136566
YCR086W,YKL018W,1,-3.3219037,0.08882521837949753,0.3720000088214874,0.3815999925136566
YOR074C,YGL106W,0,-3.321967,0.08880401402711868,0.3720000088214874,0.3817000091075897
YBR112C,YHR119W,1,-3.3222795,0.0890214815735817,0.37299999594688416,0.3817000091075897
YIL124W,YLR193C,0,-3.322305,0.08900023996829987,0.37299999594688416,0.38179999589920044
YDL244W,YGR054W,0,-3.3223593,0.08897900581359863,0.37299999594688416,0.38190001249313354
YKL032C,YOL045W,0,-3.3223789,0.0889577865600586,0.37299999594688416,0.38199999928474426
YOL149W,YOL023W,0,-3.322528,0.08893657475709915,0.37299999594688416,0.382099986076355
YBR112C,YDR300C,1,-3.3226335,0.08915375173091888,0.37400001287460327,0.382099986076355
YML067C,YPR046W,0,-3.322933,0.08913251012563705,0.37400001287460327,0.3822000026702881
YHR024C,YKL188C,0,-3.3229375,0.08911126852035522,0.37400001287460327,0.3822999894618988
YKL007W,YCR075C,0,-3.3230805,0.08909004181623459,0.37400001287460327,0.3824000060558319
YPL167C,YGR002C,0,-3.3231237,0.08906882256269455,0.37400001287460327,0.3824999928474426
YKR055W,YGR059W,0,-3.323292,0.0890476182103157,0.37400001287460327,0.38260000944137573
YGL201C,YDL092W,0,-3.323403,0.08902642130851746,0.37400001287460327,0.38269999623298645
YGL067W,YDR279W,0,-3.3235009,0.0890052393078804,0.37400001287460327,0.38280001282691956
YDR054C,YGR113W,0,-3.323531,0.08898405730724335,0.37400001287460327,0.3828999996185303
YNL001W,YDR289C,0,-3.323552,0.08896289020776749,0.37400001287460327,0.382999986410141
YOR174W,YPR178W,0,-3.3235567,0.08894173800945282,0.37400001287460327,0.3831000030040741
YOL078W,YML088W,0,-3.3237176,0.08892059326171875,0.37400001287460327,0.3831999897956848
YML006C,YPL196W,0,-3.323765,0.08889945596456528,0.37400001287460327,0.3833000063896179
YAL032C,YLR398C,0,-3.32386,0.0888783261179924,0.37400001287460327,0.38339999318122864
YDR016C,YER120W,0,-3.3238614,0.08885721117258072,0.37400001287460327,0.38350000977516174
YLR051C,YBR257W,0,-3.3240106,0.08883610367774963,0.37400001287460327,0.38359999656677246
YJL207C,YMR283C,0,-3.3240204,0.08881501108407974,0.37400001287460327,0.38370001316070557
YCL040W,YLR205C,0,-3.3240407,0.08879391849040985,0.37400001287460327,0.3837999999523163
YCL014W,YLR095C,0,-3.3240435,0.08877284824848175,0.37400001287460327,0.383899986743927
YDR040C,YBR162C,0,-3.3241665,0.08875177800655365,0.37400001287460327,0.3840000033378601
YLR135W,YML005W,0,-3.3242192,0.08873072266578674,0.37400001287460327,0.3840999901294708
YAL020C,YLR080W,0,-3.3242662,0.08870967477560043,0.37400001287460327,0.38420000672340393
YER127W,YNL261W,0,-3.3243103,0.08868864178657532,0.37400001287460327,0.38429999351501465
YKL149C,YOR178C,0,-3.324383,0.0886676162481308,0.37400001287460327,0.38440001010894775
YGL209W,YGR063C,0,-3.3244183,0.08864659816026688,0.37400001287460327,0.38449999690055847
YPL231W,YPR144C,0,-3.3244202,0.08862559497356415,0.37400001287460327,0.3846000134944916
YMR303C,YIL017C,0,-3.3244293,0.08860459923744202,0.37400001287460327,0.3847000002861023
YDR093W,YGL094C,0,-3.3244479,0.08858361095190048,0.37400001287460327,0.384799987077713
YAR031W,YBR237W,0,-3.3244655,0.08856263011693954,0.37400001287460327,0.3849000036716461
YPR075C,YDR463W,0,-3.324557,0.0885416641831398,0.37400001287460327,0.38499999046325684
YFR008W,YOL133W,0,-3.324558,0.08852071315050125,0.37400001287460327,0.38510000705718994
YHR096C,YJL112W,0,-3.3245752,0.0884997621178627,0.37400001287460327,0.38519999384880066
YLR231C,YBL033C,0,-3.3245823,0.08847882598638535,0.37400001287460327,0.38530001044273376
YGR166W,YDR318W,0,-3.3245907,0.08845789730548859,0.37400001287460327,0.3853999972343445
YHR013C,YDR227W,1,-3.324694,0.08867344260215759,0.375,0.3853999972343445
YER030W,YER012W,0,-3.3246944,0.08865248411893845,0.375,0.3855000138282776
YDR301W,YNL263C,0,-3.324731,0.0886315256357193,0.375,0.3856000006198883
YJR132W,YOR140W,0,-3.3247526,0.08861058950424194,0.375,0.385699987411499
YCR077C,YER013W,0,-3.3248932,0.08858965337276459,0.375,0.38580000400543213
YFL057C,YGL137W,0,-3.3249853,0.08856873214244843,0.375,0.38589999079704285
YDR252W,YKL208W,0,-3.3251264,0.08854781836271286,0.375,0.38600000739097595
YLR105C,YBL034C,0,-3.325196,0.08852691203355789,0.375,0.38609999418258667
YJR150C,YGR191W,0,-3.3252141,0.08850602060556412,0.375,0.3862000107765198
YIL036W,YDR320C,1,-3.3252165,0.08872109651565552,0.37599998712539673,0.3862000107765198
YJL166W,YPR140W,0,-3.325403,0.08870016783475876,0.37599998712539673,0.3862999975681305
YLR047C,YLR305C,0,-3.3254435,0.0886792466044426,0.37599998712539673,0.3864000141620636
YNL272C,YJL089W,0,-3.325469,0.08865833282470703,0.37599998712539673,0.3865000009536743
YLR430W,YLR316C,0,-3.3257797,0.08863743394613266,0.37599998712539673,0.38659998774528503
YPL265W,YHR152W,0,-3.3258698,0.08861654251813889,0.37599998712539673,0.38670000433921814
YAR019C,YLR055C,0,-3.3258824,0.0885956659913063,0.37599998712539673,0.38679999113082886
YPL202C,YJL156C,0,-3.3259542,0.08857479691505432,0.37599998712539673,0.38690000772476196
YDR150W,YPR065W,0,-3.3259585,0.08855393528938293,0.37599998712539673,0.3869999945163727
YHR119W,YOR043W,1,-3.3261244,0.08876854181289673,0.37700000405311584,0.3869999945163727
YDR216W,YHR186C,0,-3.326128,0.08874764293432236,0.37700000405311584,0.3871000111103058
YNL127W,YOR087W,0,-3.32629,0.08872675895690918,0.37700000405311584,0.3871999979019165
YFL024C,YBL030C,0,-3.3264565,0.0887058824300766,0.37700000405311584,0.3873000144958496
YHR062C,YJL222W,0,-3.3264806,0.08868501335382462,0.37700000405311584,0.3874000012874603
YJL203W,YBR080C,0,-3.326514,0.08866415917873383,0.37700000405311584,0.38749998807907104
YKR099W,YJL139C,0,-3.3265831,0.08864331245422363,0.37700000405311584,0.38760000467300415
YPL125W,YOR076C,0,-3.3266187,0.08862247318029404,0.37700000405311584,0.38769999146461487
YER145C,YDR235W,0,-3.326752,0.08860164880752563,0.37700000405311584,0.387800008058548
YLR242C,YLR357W,1,-3.3268611,0.08881578594446182,0.3779999911785126,0.387800008058548
YER016W,YML118W,0,-3.3269413,0.08879492431879044,0.3779999911785126,0.3878999948501587
YOR018W,YPL047W,0,-3.3269656,0.08877407014369965,0.3779999911785126,0.3880000114440918
YJR013W,YOR270C,0,-3.326976,0.08875323086977005,0.3779999911785126,0.3880999982357025
YPL254W,YMR186W,1,-3.3269882,0.08896713703870773,0.3790000081062317,0.3880999982357025
YPL202C,YBL105C,0,-3.3271391,0.08894625306129456,0.3790000081062317,0.3882000148296356
YJL005W,YKL064W,0,-3.3271995,0.08892538398504257,0.3790000081062317,0.38830000162124634
YGR166W,YIR008C,0,-3.327269,0.08890452980995178,0.3790000081062317,0.38839998841285706
YBR201W,YGR166W,0,-3.3272932,0.08888367563486099,0.3790000081062317,0.38850000500679016
YLR048W,YML115C,0,-3.3273194,0.0888628363609314,0.3790000081062317,0.3885999917984009
YDR513W,YDR079W,0,-3.327431,0.0888420045375824,0.3790000081062317,0.388700008392334
YOL126C,YNL167C,0,-3.3274462,0.08882118761539459,0.3790000081062317,0.3887999951839447
YNL278W,YGL078C,0,-3.327455,0.08880037814378738,0.3790000081062317,0.3889000117778778
YBL085W,YER125W,0,-3.3274791,0.08877957612276077,0.3790000081062317,0.3889999985694885
YCL052C,YMR137C,0,-3.3276048,0.08875878155231476,0.3790000081062317,0.38909998536109924
YJL074C,YJR044C,0,-3.3276856,0.08873800188302994,0.3790000081062317,0.38920000195503235
YPL093W,YPL058C,0,-3.3277254,0.08871722966432571,0.3790000081062317,0.38929998874664307
YIL048W,YLR071C,0,-3.327755,0.08869646489620209,0.3790000081062317,0.38940000534057617
YOR011W,YEL022W,0,-3.3277576,0.08867571502923965,0.3790000081062317,0.3894999921321869
YHR107C,YKL212W,0,-3.3278437,0.08865497261285782,0.3790000081062317,0.38960000872612
YAL015C,YCR077C,0,-3.3278763,0.08863423764705658,0.3790000081062317,0.3896999955177307
YJL115W,YKL035W,0,-3.328028,0.08861351758241653,0.3790000081062317,0.3898000121116638
YKL135C,YLR303W,0,-3.3280416,0.08859279751777649,0.3790000081062317,0.38989999890327454
YAL054C,YNL201C,0,-3.3282442,0.08857209980487823,0.3790000081062317,0.38999998569488525
YBR098W,YNL273W,0,-3.3282812,0.08855140209197998,0.3790000081062317,0.39010000228881836
YBL079W,YLR262C,0,-3.328282,0.08853071928024292,0.3790000081062317,0.3901999890804291
YBL051C,YPL153C,0,-3.3284009,0.08851004391908646,0.3790000081062317,0.3903000056743622
YEL042W,YDR170C,0,-3.3285592,0.08848937600851059,0.3790000081062317,0.3903999924659729
YIL034C,YBL025W,0,-3.3285756,0.08846872299909592,0.3790000081062317,0.390500009059906
YOL067C,YPL092W,0,-3.3288527,0.08844807744026184,0.3790000081062317,0.3905999958515167
YPL268W,YOR290C,0,-3.3288796,0.08842743933200836,0.3790000081062317,0.39070001244544983
YPL008W,YNL283C,0,-3.3288944,0.08840680867433548,0.3790000081062317,0.39079999923706055
YNL169C,YDL190C,0,-3.3289504,0.08838619291782379,0.3790000081062317,0.39089998602867126
YBL074C,YGR002C,0,-3.329071,0.0883655846118927,0.3790000081062317,0.39100000262260437
YER019W,YPL125W,0,-3.329135,0.0883449912071228,0.3790000081062317,0.3910999894142151
YPR164W,YPL218W,0,-3.3291428,0.0883243978023529,0.3790000081062317,0.3912000060081482
YMR136W,YOL072W,0,-3.329166,0.0883038192987442,0.3790000081062317,0.3912999927997589
YPL097W,YGR044C,0,-3.3291976,0.0882832482457161,0.3790000081062317,0.391400009393692
YHL047C,YGR134W,0,-3.3292325,0.08826269209384918,0.3790000081062317,0.39149999618530273
YJR064W,YEL054C,0,-3.3293934,0.08824214339256287,0.3790000081062317,0.39160001277923584
YGL094C,YMR203W,0,-3.3294036,0.08822160214185715,0.3790000081062317,0.39169999957084656
YER006W,YIL056W,0,-3.3295836,0.08820106834173203,0.3790000081062317,0.3917999863624573
YGR261C,YPL053C,0,-3.329868,0.0881805494427681,0.3790000081062317,0.3919000029563904
YDL207W,YPL012W,0,-3.32991,0.08816003799438477,0.3790000081062317,0.3919999897480011
YNL116W,YOR373W,0,-3.330044,0.08813953399658203,0.3790000081062317,0.3921000063419342
YFR030W,YNL293W,0,-3.3300452,0.08811904489994049,0.3790000081062317,0.3921999931335449
YLR260W,YOR049C,0,-3.3301096,0.08809855580329895,0.3790000081062317,0.392300009727478
YER001W,YHR008C,0,-3.3301194,0.0880780816078186,0.3790000081062317,0.39239999651908875
YDR281C,YGR006W,0,-3.3301272,0.08805762231349945,0.3790000081062317,0.39250001311302185
YLR405W,YMR270C,0,-3.3302114,0.0880371630191803,0.3790000081062317,0.39259999990463257
YBR272C,YMR075W,0,-3.3302615,0.08801671862602234,0.3790000081062317,0.3926999866962433
YPL083C,YNL202W,0,-3.3302906,0.08799628168344498,0.3790000081062317,0.3928000032901764
YGR244C,YDR135C,0,-3.3303425,0.08797585964202881,0.3790000081062317,0.3928999900817871
YGL240W,YNL036W,0,-3.3303459,0.08795544505119324,0.3790000081062317,0.3930000066757202
YJL072C,YGL095C,0,-3.330366,0.08793503791093826,0.3790000081062317,0.39309999346733093
YCR107W,YGL254W,0,-3.3304296,0.08791463822126389,0.3790000081062317,0.39320001006126404
YJL006C,YKL119C,0,-3.3305223,0.0878942459821701,0.3790000081062317,0.39329999685287476
YPR005C,YOL146W,0,-3.3305576,0.08787386864423752,0.3790000081062317,0.39340001344680786
YNL232W,YNL283C,0,-3.3306224,0.08785349875688553,0.3790000081062317,0.3935000002384186
YGL105W,YPR032W,0,-3.3307326,0.08783314377069473,0.3790000081062317,0.3935999870300293
YBR136W,YIL042C,1,-3.3307366,0.08804448693990707,0.3799999952316284,0.3935999870300293
YOR173W,YDR076W,0,-3.3307445,0.0880240872502327,0.3799999952316284,0.3937000036239624
YNL071W,YGR044C,0,-3.330787,0.08800370246171951,0.3799999952316284,0.3937999904155731
YLL008W,YER031C,0,-3.3308156,0.08798333257436752,0.3799999952316284,0.3939000070095062
YER025W,YOR060C,0,-3.3308775,0.08796296268701553,0.3799999952316284,0.39399999380111694
YDR235W,YLR430W,0,-3.330891,0.08794260770082474,0.3799999952316284,0.39410001039505005
YNL112W,YPL063W,0,-3.3309116,0.08792226016521454,0.3799999952316284,0.39419999718666077
YLR148W,YCR081W,1,-3.3309176,0.08813323825597763,0.38100001215934753,0.39419999718666077
YFL057C,YJR052W,0,-3.3310893,0.08811286091804504,0.38100001215934753,0.39430001378059387
YOL077W-A,YEL061C,0,-3.3311288,0.08809248358011246,0.38100001215934753,0.3944000005722046
YPL086C,YPL187W,0,-3.3311431,0.08807212114334106,0.38100001215934753,0.3944999873638153
YER025W,YDR097C,0,-3.3312025,0.08805176615715027,0.38100001215934753,0.3946000039577484
YCL008C,YML097C,1,-3.331315,0.08826247602701187,0.38199999928474426,0.3946000039577484
YKL026C,YJL092W,0,-3.3313725,0.08824209123849869,0.38199999928474426,0.39469999074935913
YPR201W,YJL164C,0,-3.331395,0.0882217064499855,0.38199999928474426,0.39480000734329224
YML060W,YDR320C,1,-3.3313978,0.08843223005533218,0.382999986410141,0.39480000734329224
YDR265W,YHR181W,0,-3.3314831,0.08841181546449661,0.382999986410141,0.39489999413490295
YDR110W,YJL080C,0,-3.331521,0.08839141577482224,0.382999986410141,0.39500001072883606
YDR258C,YOR087W,0,-3.3315318,0.08837102353572845,0.382999986410141,0.3950999975204468
YDR449C,YDR080W,0,-3.3317816,0.08835063129663467,0.382999986410141,0.3952000141143799
YHL020C,YOL001W,1,-3.3318117,0.08856088668107986,0.3840000033378601,0.3952000141143799
YNR007C,YPL007C,0,-3.3318176,0.0885404646396637,0.3840000033378601,0.3953000009059906
YBL030C,YOR290C,0,-3.3318455,0.08852005749940872,0.3840000033378601,0.3953999876976013
YGR238C,YIL095W,0,-3.3319318,0.08849965780973434,0.3840000033378601,0.3955000042915344
YDR518W,YLR266C,0,-3.3320076,0.08847926557064056,0.3840000033378601,0.39559999108314514
YGL155W,YMR312W,0,-3.332039,0.08845888078212738,0.3840000033378601,0.39570000767707825
YOR076C,YOR307C,0,-3.3321245,0.08843851089477539,0.3840000033378601,0.39579999446868896
YLL042C,YLR335W,0,-3.332256,0.0884181410074234,0.3840000033378601,0.39590001106262207
YJL214W,YLR369W,0,-3.3322833,0.0883977934718132,0.3840000033378601,0.3959999978542328
YGR041W,YDR334W,0,-3.332345,0.088377445936203,0.3840000033378601,0.3961000144481659
YOL051W,YOL138C,1,-3.3324044,0.0885872095823288,0.38499999046325684,0.3961000144481659
YNL323W,YJR009C,0,-3.3324192,0.08856682479381561,0.38499999046325684,0.3962000012397766
YFL058W,YMR260C,0,-3.3325403,0.08854645490646362,0.38499999046325684,0.39629998803138733
YKL082C,YGL098W,0,-3.3326669,0.08852609992027283,0.38499999046325684,0.39640000462532043
YGR261C,YMR308C,0,-3.3326864,0.08850574493408203,0.38499999046325684,0.39649999141693115
YOR195W,YHL028W,0,-3.3327713,0.08848540484905243,0.38499999046325684,0.39660000801086426
YDL145C,YEL031W,0,-3.3328166,0.08846507221460342,0.38499999046325684,0.396699994802475
YGL201C,YJL208C,0,-3.3328793,0.08844474703073502,0.38499999046325684,0.3968000113964081
YEL069C,YGR285C,0,-3.3329284,0.0884244367480278,0.38499999046325684,0.3968999981880188
YLR284C,YGR253C,0,-3.3329356,0.08840413391590118,0.38499999046325684,0.3970000147819519
YHR068W,YGL209W,0,-3.333007,0.08838383853435516,0.38499999046325684,0.3971000015735626
YGL003C,YBL032W,1,-3.3330119,0.08859306573867798,0.38600000739097595,0.3971000015735626
YJR001W,YNL258C,0,-3.3330204,0.08857274055480957,0.38600000739097595,0.39719998836517334
YLR145W,YIL077C,0,-3.3330414,0.08855242282152176,0.38600000739097595,0.39730000495910645
YML112W,YNL061W,0,-3.3330767,0.08853211253881454,0.38600000739097595,0.39739999175071716
YMR172W,YJL054W,0,-3.333173,0.08851180970668793,0.38600000739097595,0.39750000834465027
YML081C-A,YBL007C,0,-3.3332314,0.0884915143251419,0.38600000739097595,0.397599995136261
YPL202C,YOR281C,0,-3.3332877,0.08847123384475708,0.38600000739097595,0.3977000117301941
YMR162C,YGR239C,0,-3.3333108,0.08845096081495285,0.38600000739097595,0.3977999985218048
YGR088W,YBR073W,0,-3.3334873,0.08843069523572922,0.38600000739097595,0.3978999853134155
YGL078C,YML095C,0,-3.3334997,0.08841044455766678,0.38600000739097595,0.39800000190734863
YPR057W,YGR278W,0,-3.333537,0.08839020133018494,0.38600000739097595,0.39809998869895935
YLR320W,YBR127C,0,-3.333556,0.08836996555328369,0.38600000739097595,0.39820000529289246
YLR231C,YKL179C,0,-3.3336136,0.08834973722696304,0.38600000739097595,0.3982999920845032
YPL095C,YJR066W,0,-3.3336537,0.08832951635122299,0.38600000739097595,0.3984000086784363
YOR038C,YDR080W,0,-3.3337233,0.08830931037664413,0.38600000739097595,0.398499995470047
YAR015W,YPR168W,0,-3.3337238,0.08828911185264587,0.38600000739097595,0.3986000120639801
YNL048W,YOR150W,0,-3.3337424,0.08826892077922821,0.38600000739097595,0.3986999988555908
YBR211C,YER129W,0,-3.333862,0.08824874460697174,0.38600000739097595,0.39879998564720154
YGR104C,YDR027C,1,-3.333898,0.0884571447968483,0.3869999945163727,0.39879998564720154
YML130C,YBR244W,0,-3.3339248,0.08843693137168884,0.3869999945163727,0.39890000224113464
YDR283C,YDL190C,0,-3.3339927,0.08841672539710999,0.3869999945163727,0.39899998903274536
YDR456W,YGR046W,0,-3.3340018,0.08839652687311172,0.3869999945163727,0.39910000562667847
YOR334W,YOR160W,0,-3.3340628,0.08837634325027466,0.3869999945163727,0.3991999924182892
YMR044W,YOR231W,0,-3.3340662,0.08835616707801819,0.3869999945163727,0.3993000090122223
YDR052C,YDL244W,0,-3.3341863,0.08833599835634232,0.3869999945163727,0.399399995803833
YNL318C,YOL142W,0,-3.3342187,0.08831583708524704,0.3869999945163727,0.3995000123977661
YAL040C,YLR059C,0,-3.3342993,0.08829569071531296,0.3869999945163727,0.39959999918937683
YOR031W,YBR004C,0,-3.3342998,0.08827554434537888,0.3869999945163727,0.39969998598098755
YNL103W,YER013W,0,-3.3343046,0.08825541287660599,0.3869999945163727,0.39980000257492065
YLR320W,YDR400W,0,-3.3343499,0.0882352963089943,0.3869999945163727,0.39989998936653137
YLR453C,YJL190C,1,-3.3343656,0.08844313025474548,0.3880000114440918,0.39989998936653137
YDR189W,YNL299W,0,-3.3343737,0.08842296898365021,0.3880000114440918,0.4000000059604645
YPL259C,YKL057C,0,-3.3344197,0.08840282261371613,0.3880000114440918,0.4000999927520752
YDR437W,YPL239W,0,-3.33448,0.08838269114494324,0.3880000114440918,0.4002000093460083
YDR268W,YLR316C,0,-3.3345082,0.08836255967617035,0.3880000114440918,0.400299996137619
YLR201C,YGR239C,0,-3.3346019,0.08834244310855865,0.3880000114440918,0.4004000127315521
YGR193C,YJL176C,0,-3.3346624,0.08832233399152756,0.3880000114440918,0.40049999952316284
YPL119C,YPL096W,0,-3.3347125,0.08830223232507706,0.3880000114440918,0.40059998631477356
YLR433C,YPR065W,0,-3.3347905,0.08828213810920715,0.3880000114440918,0.40070000290870667
YER107C,YOR329C,0,-3.3347943,0.08826205879449844,0.3880000114440918,0.4007999897003174
YJL100W,YPR103W,0,-3.3348422,0.08824197947978973,0.3880000114440918,0.4009000062942505
YML006C,YHR092C,0,-3.3349051,0.08822192251682281,0.3880000114440918,0.4009999930858612
YPR128C,YNL275W,0,-3.334918,0.0882018655538559,0.3880000114440918,0.4011000096797943
YOR100C,YML112W,0,-3.334922,0.08818181604146957,0.3880000114440918,0.40119999647140503
YGR147C,YFL049W,0,-3.3350236,0.08816178143024445,0.3880000114440918,0.40130001306533813
YCL001W,YKL035W,0,-3.3350294,0.08814175426959991,0.3880000114440918,0.40139999985694885
YGL119W,YMR316W,0,-3.335081,0.08812173455953598,0.3880000114440918,0.40149998664855957
YMR186W,YBR175W,1,-3.33511,0.08832879364490509,0.3889999985694885,0.40149998664855957
YGL216W,YOL088C,0,-3.3351595,0.08830873668193817,0.3889999985694885,0.4016000032424927
YDL014W,YDL015C,0,-3.3352602,0.08828869462013245,0.3889999985694885,0.4016999900341034
YBL064C,YNL312W,0,-3.3352666,0.08826866000890732,0.3889999985694885,0.4018000066280365
YGR288W,YHR181W,0,-3.335375,0.08824864029884338,0.3889999985694885,0.4018999934196472
YNL001W,YNL227C,0,-3.3354561,0.08822862058877945,0.3889999985694885,0.4020000100135803
YLR394W,YML029W,0,-3.335482,0.08820861577987671,0.3889999985694885,0.40209999680519104
YGL005C,YLR052W,0,-3.3355544,0.08818861842155457,0.3889999985694885,0.40220001339912415
YNL317W,YLR452C,0,-3.3355925,0.08816862851381302,0.3889999985694885,0.40230000019073486
YKL182W,YGL169W,0,-3.3355947,0.08814865350723267,0.3889999985694885,0.4023999869823456
YFL009W,YOR270C,0,-3.3357723,0.08812867850065231,0.3889999985694885,0.4025000035762787
YPL174C,YNL214W,0,-3.3358018,0.08810871839523315,0.3889999985694885,0.4025999903678894
YKR009C,YLR260W,0,-3.3358128,0.08808876574039459,0.3889999985694885,0.4027000069618225
YIR002C,YKR082W,0,-3.3358262,0.08806882798671722,0.3889999985694885,0.4027999937534332
YHR034C,YML029W,0,-3.3358836,0.08804889023303986,0.3889999985694885,0.40290001034736633
YDR393W,YGR128C,0,-3.335894,0.08802896738052368,0.3889999985694885,0.40299999713897705
YDR069C,YDR082W,1,-3.3359423,0.0882352963089943,0.38999998569488525,0.40299999713897705
YLR201C,YIL173W,0,-3.3360212,0.08821533620357513,0.38999998569488525,0.40310001373291016
YDR030C,YBR182C,0,-3.3360798,0.08819538354873657,0.38999998569488525,0.4032000005245209
YHR123W,YNL262W,0,-3.3361084,0.0881754457950592,0.38999998569488525,0.4032999873161316
YNL302C,YML055W,0,-3.3361642,0.08815551549196243,0.38999998569488525,0.4034000039100647
YML102W,YML098W,0,-3.3362072,0.08813559263944626,0.38999998569488525,0.4034999907016754
YPR171W,YDR023W,0,-3.33632,0.08811567723751068,0.38999998569488525,0.4036000072956085
YDL081C,YDR227W,1,-3.3364503,0.08832166343927383,0.39100000262260437,0.4036000072956085
YGR113W,YJL010C,0,-3.3364954,0.08830171823501587,0.39100000262260437,0.40369999408721924
YJL036W,YBR273C,0,-3.3365066,0.0882817804813385,0.39100000262260437,0.40380001068115234
YHR059W,YMR125W,1,-3.33651,0.08848758786916733,0.3919999897480011,0.40380001068115234
YJL100W,YGL098W,0,-3.3366241,0.08846761286258698,0.3919999897480011,0.40389999747276306
YKL054C,YLR466W,1,-3.3366396,0.08867328613996506,0.3930000066757202,0.40389999747276306
YML132W,YER088C,0,-3.336656,0.08865328133106232,0.3930000066757202,0.40400001406669617
YCL016C,YDR499W,1,-3.3368576,0.08885882049798965,0.39399999380111694,0.40400001406669617
YOL089C,YBL011W,0,-3.3369722,0.08883878588676453,0.39399999380111694,0.4041000008583069
YIL009C-A,YKL113C,1,-3.3375435,0.08904418349266052,0.39500001072883606,0.4041000008583069
YDR083W,YHR041C,1,-3.3375752,0.08924949169158936,0.3959999978542328,0.4041000008583069
YJL006C,YKL214C,0,-3.337602,0.08922938257455826,0.3959999978542328,0.4041999876499176
YPL170W,YPL059W,0,-3.337661,0.08920928090810776,0.3959999978542328,0.4043000042438507
YDR345C,YLR221C,0,-3.3377116,0.08918918669223785,0.3959999978542328,0.4043999910354614
YDR416W,YDR330W,0,-3.3377376,0.08916910737752914,0.3959999978542328,0.40450000762939453
YPL242C,YDR308C,0,-3.3377635,0.08914903551340103,0.3959999978542328,0.40459999442100525
YPL021W,YDL134C,0,-3.3378594,0.08912896364927292,0.3959999978542328,0.40470001101493835
YPL021W,YBL040C,0,-3.3379056,0.0891089141368866,0.3959999978542328,0.4047999978065491
YDR013W,YIL021W,0,-3.3379345,0.08908886462450027,0.3959999978542328,0.4049000144004822
YDR411C,YDR388W,0,-3.3379447,0.08906882256269455,0.3959999978542328,0.4050000011920929
YMR309C,YPL112C,0,-3.338197,0.08904879540205002,0.3959999978542328,0.4050999879837036
YKR066C,YOR211C,0,-3.3382423,0.08902877569198608,0.3959999978542328,0.4052000045776367
YPL152W,YGR013W,0,-3.3382494,0.08900876343250275,0.3959999978542328,0.40529999136924744
YFR055W,YIR006C,0,-3.3383946,0.0889887660741806,0.3959999978542328,0.40540000796318054
YLR319C,YPR112C,0,-3.3384376,0.08896876871585846,0.3959999978542328,0.40549999475479126
YML062C,YML061C,1,-3.3385873,0.08917340636253357,0.3970000147819519,0.40549999475479126
YPL125W,YDR470C,0,-3.3386075,0.08915337920188904,0.3970000147819519,0.40560001134872437
YOR335C,YOL144W,0,-3.3386166,0.0891333669424057,0.3970000147819519,0.4056999981403351
YIR041W,YPL214C,0,-3.3386962,0.08911335468292236,0.3970000147819519,0.4058000147342682
YBR098W,YDL079C,0,-3.3386986,0.08909335732460022,0.3970000147819519,0.4059000015258789
YOR034C,YLR383W,0,-3.3387415,0.08907336741685867,0.3970000147819519,0.4059999883174896
YNL159C,YML049C,0,-3.338783,0.08905338495969772,0.3970000147819519,0.40610000491142273
YMR078C,YOR007C,0,-3.3389442,0.08903341740369797,0.3970000147819519,0.40619999170303345
YOR319W,YOR290C,0,-3.339013,0.08901344984769821,0.3970000147819519,0.40630000829696655
YCR065W,YPL254W,1,-3.3390431,0.0892176628112793,0.39800000190734863,0.40630000829696655
YPL100W,YGR238C,0,-3.3390634,0.08919767290353775,0.39800000190734863,0.40639999508857727
YNL161W,YMR013C,0,-3.3391218,0.0891776829957962,0.39800000190734863,0.4065000116825104
YJL013C,YPR188C,0,-3.3391774,0.08915770798921585,0.39800000190734863,0.4065999984741211
YLR381W,YLR260W,0,-3.3391893,0.0891377404332161,0.39800000190734863,0.4066999852657318
YHL047C,YPR175W,0,-3.339214,0.08911778032779694,0.39800000190734863,0.4068000018596649
YNL023C,YOR254C,0,-3.339285,0.08909782767295837,0.39800000190734863,0.40689998865127563
YMR287C,YDL116W,0,-3.3393824,0.089077889919281,0.39800000190734863,0.40700000524520874
YHL022C,YER123W,0,-3.3394287,0.08905795216560364,0.39800000190734863,0.40709999203681946
YBR038W,YEL019C,0,-3.339475,0.08903802931308746,0.39800000190734863,0.40720000863075256
YMR065W,YNL163C,0,-3.3396106,0.08901811391115189,0.39800000190734863,0.4072999954223633
YCR107W,YLR369W,0,-3.3396304,0.0889982134103775,0.39800000190734863,0.4074000120162964
YPR132W,YPL065W,1,-3.3396833,0.08920187503099442,0.39899998903274536,0.4074000120162964
YCR084C,YIL056W,0,-3.3397036,0.08918193727731705,0.39899998903274536,0.4074999988079071
YFR008W,YFL017W-A,0,-3.3397377,0.08916201442480087,0.39899998903274536,0.4075999855995178
YNL147W,YGR072W,1,-3.339814,0.08936550468206406,0.4000000059604645,0.4075999855995178
YDL056W,YER173W,0,-3.3399065,0.0893455445766449,0.4000000059604645,0.4077000021934509
YOR099W,YOR179C,0,-3.3399138,0.08932559192180634,0.4000000059604645,0.40779998898506165
YBL097W,YGR147C,0,-3.3400512,0.08930564671754837,0.4000000059604645,0.40790000557899475
YDR246W,YJL056C,0,-3.3401067,0.0892857164144516,0.4000000059604645,0.40799999237060547
YLR158C,YPL232W,0,-3.3402264,0.08926578611135483,0.4000000059604645,0.4081000089645386
YPL204W,YNL007C,0,-3.3403661,0.08924587070941925,0.4000000059604645,0.4081999957561493
YER073W,YKR009C,0,-3.340384,0.08922596275806427,0.4000000059604645,0.4083000123500824
YPL132W,YGL142C,0,-3.340389,0.08920606970787048,0.4000000059604645,0.4083999991416931
YLR429W,YJL128C,0,-3.340641,0.0891861766576767,0.4000000059604645,0.40849998593330383
YDR318W,YLR360W,0,-3.3406477,0.0891662985086441,0.4000000059604645,0.40860000252723694
YJR031C,YIL085C,0,-3.3406513,0.08914642035961151,0.4000000059604645,0.40869998931884766
YOR250C,YOL149W,0,-3.340687,0.08912655711174011,0.4000000059604645,0.40880000591278076
YPR111W,YLR305C,0,-3.3406875,0.08910670876502991,0.4000000059604645,0.4088999927043915
YOL149W,YGR005C,0,-3.3407795,0.0890868604183197,0.4000000059604645,0.4090000092983246
YMR006C,YIL129C,0,-3.3409097,0.0890670195221901,0.4000000059604645,0.4090999960899353
YPR128C,YKL188C,0,-3.3410497,0.08904719352722168,0.4000000059604645,0.4092000126838684
YKR083C,YPR191W,0,-3.3410509,0.08902737498283386,0.4000000059604645,0.4092999994754791
YEL061C,YJR004C,0,-3.3410604,0.08900756388902664,0.4000000059604645,0.40939998626708984
YJL112W,YHR106W,0,-3.3412719,0.08898776769638062,0.4000000059604645,0.40950000286102295
YGR007W,YJL025W,0,-3.3413184,0.08896797150373459,0.4000000059604645,0.40959998965263367
YKL139W,YMR106C,1,-3.3413415,0.08917056024074554,0.4009999930858612,0.40959998965263367
YJL179W,YDR369C,1,-3.3414116,0.08937305212020874,0.4020000100135803,0.40959998965263367
YPR120C,YLR347C,0,-3.3414795,0.08935318887233734,0.4020000100135803,0.4097000062465668
YKR066C,YAR019C,0,-3.341572,0.08933333307504654,0.4020000100135803,0.4097999930381775
YBR110W,YKR083C,0,-3.341729,0.08931348472833633,0.4020000100135803,0.4099000096321106
YDR258C,YNL317W,0,-3.3417766,0.08929364383220673,0.4020000100135803,0.4099999964237213
YOL026C,YPR018W,0,-3.3417873,0.08927381783723831,0.4020000100135803,0.4101000130176544
YMR049C,YJL124C,0,-3.3418076,0.0892539992928505,0.4020000100135803,0.41019999980926514
YDL142C,YIL049W,0,-3.3419082,0.08923418074846268,0.4020000100135803,0.41029998660087585
YPR165W,YMR218C,0,-3.3419209,0.08921437710523605,0.4020000100135803,0.41040000319480896
YMR220W,YPR036W,0,-3.3419657,0.08919458836317062,0.4020000100135803,0.4104999899864197
YLR074C,YOR046C,0,-3.3420408,0.0891747996211052,0.4020000100135803,0.4106000065803528
YGR239C,YPR108W,0,-3.3420827,0.08915502578020096,0.4020000100135803,0.4106999933719635
YER143W,YML098W,0,-3.3421116,0.08913525193929672,0.4020000100135803,0.4108000099658966
YOR208W,YFL005W,0,-3.3422706,0.08911549299955368,0.4020000100135803,0.4108999967575073
YCR081W,YGR099W,1,-3.3422961,0.08931737393140793,0.40299999713897705,0.4108999967575073
YLR449W,YDR013W,0,-3.3423908,0.0892975851893425,0.40299999713897705,0.41100001335144043
YLR158C,YOR150W,0,-3.342488,0.08927780389785767,0.40299999713897705,0.41110000014305115
YOL013C,YFL026W,0,-3.342498,0.08925803005695343,0.40299999713897705,0.41119998693466187
YDR440W,YAL007C,0,-3.3425448,0.08923826366662979,0.40299999713897705,0.41130000352859497
YER062C,YKL084W,0,-3.3425717,0.08921850472688675,0.40299999713897705,0.4113999903202057
YDL013W,YHR167W,1,-3.3425941,0.08942009508609772,0.40400001406669617,0.4113999903202057
YJL074C,YDR398W,0,-3.342848,0.08940030634403229,0.40400001406669617,0.4115000069141388
YOR298W,YCR057C,0,-3.3429067,0.08938053250312805,0.40400001406669617,0.4115999937057495
YBR279W,YKL018W,1,-3.342995,0.08958195149898529,0.4050000011920929,0.4115999937057495
YDR461W,YPL190C,0,-3.3430414,0.08956214040517807,0.4050000011920929,0.4117000102996826
YLR155C,YDR330W,0,-3.3431053,0.08954233676195145,0.4050000011920929,0.41179999709129333
YJR105W,YPR132W,1,-3.3432298,0.08974359184503555,0.4059999883174896,0.41179999709129333
YER088C,YOR244W,0,-3.343302,0.08972375839948654,0.4059999883174896,0.41190001368522644
YDL052C,YOR068C,0,-3.3433468,0.08970393240451813,0.4059999883174896,0.41200000047683716
YLR186W,YLR452C,0,-3.3435204,0.08968411386013031,0.4059999883174896,0.4120999872684479
YML006C,YHR006W,0,-3.3435247,0.08966431021690369,0.4059999883174896,0.412200003862381
YKL074C,YBR061C,0,-3.3435376,0.08964451402425766,0.4059999883174896,0.4122999906539917
YOR180C,YOL005C,0,-3.3435566,0.08962472528219223,0.4059999883174896,0.4124000072479248
YPL274W,YGL255W,0,-3.343564,0.0896049439907074,0.4059999883174896,0.4124999940395355
YCR002C,YPR167C,0,-3.3436,0.08958517014980316,0.4059999883174896,0.41260001063346863
YNL148C,YER016W,0,-3.343735,0.08956541121006012,0.4059999883174896,0.41269999742507935
YDR284C,YGR086C,0,-3.3437517,0.08954565227031708,0.4059999883174896,0.41280001401901245
YPL242C,YNL012W,0,-3.343757,0.08952590823173523,0.4059999883174896,0.41290000081062317
YPL046C,YNL317W,0,-3.3437788,0.08950617164373398,0.4059999883174896,0.4129999876022339
YEL050C,YDR470C,0,-3.3437898,0.08948644250631332,0.4059999883174896,0.413100004196167
YOL112W,YBR256C,0,-3.3438013,0.08946672827005386,0.4059999883174896,0.4131999909877777
YMR047C,YLR183C,0,-3.34391,0.0894470140337944,0.4059999883174896,0.4133000075817108
YHR175W,YPR179C,0,-3.34398,0.08942731469869614,0.4059999883174896,0.41339999437332153
YCL025C,YJL080C,0,-3.3440015,0.08940762281417847,0.4059999883174896,0.41350001096725464
YOR037W,YBR089C-A,0,-3.344097,0.0893879383802414,0.4059999883174896,0.41359999775886536
YGR249W,YHR154W,0,-3.3441594,0.08936826139688492,0.4059999883174896,0.41370001435279846
YDR038C,YOR064C,0,-3.3442461,0.08934859186410904,0.4059999883174896,0.4138000011444092
YCR047C,YJL026W,0,-3.344258,0.08932892978191376,0.4059999883174896,0.4138999879360199
YBL074C,YER162C,0,-3.3443372,0.08930928260087967,0.4059999883174896,0.414000004529953
YER016W,YIR006C,0,-3.3443396,0.08928964287042618,0.4059999883174896,0.4140999913215637
YCR034W,YER171W,0,-3.3443477,0.08927001059055328,0.4059999883174896,0.4142000079154968
YBR211C,YNR019W,0,-3.344357,0.08925038576126099,0.4059999883174896,0.41429999470710754
YDR054C,YOR049C,0,-3.3443716,0.08923076838254929,0.4059999883174896,0.41440001130104065
YFL055W,YML047C,0,-3.3444314,0.08921116590499878,0.4059999883174896,0.41449999809265137
YOR317W,YMR058W,0,-3.3444633,0.08919156342744827,0.4059999883174896,0.4146000146865845
YPL115C,YLR221C,0,-3.3444788,0.08917197585105896,0.4059999883174896,0.4147000014781952
YPR103W,YOL102C,0,-3.3445466,0.08915239572525024,0.4059999883174896,0.4147999882698059
YOR025W,YOR188W,0,-3.3445773,0.08913282305002213,0.4059999883174896,0.414900004863739
YMR303C,YOR057W,0,-3.3447478,0.0891132578253746,0.4059999883174896,0.41499999165534973
YGL232W,YML076C,0,-3.3451424,0.08909370005130768,0.4059999883174896,0.41510000824928284
YPL048W,YJR033C,0,-3.345144,0.08907415717840195,0.4059999883174896,0.41519999504089355
YIR025W,YPL012W,0,-3.3451462,0.08905461430549622,0.4059999883174896,0.41530001163482666
YBR207W,YPL087W,0,-3.3452115,0.08903508633375168,0.4059999883174896,0.4153999984264374
YPL213W,YNL025C,1,-3.3452432,0.08923481404781342,0.40700000524520874,0.4153999984264374
YKL206C,YJL085W,0,-3.3453023,0.08921525627374649,0.40700000524520874,0.4154999852180481
YOR243C,YLR383W,0,-3.3453465,0.08919570595026016,0.40700000524520874,0.4156000018119812
YNL021W,YHR200W,0,-3.3453925,0.08917616307735443,0.40700000524520874,0.4156999886035919
YPR094W,YIL135C,0,-3.3454015,0.0891566276550293,0.40700000524520874,0.415800005197525
YLR216C,YMR267W,0,-3.345466,0.08913709968328476,0.40700000524520874,0.41589999198913574
YNL317W,YGR006W,0,-3.3455064,0.08911757916212082,0.40700000524520874,0.41600000858306885
YPL270W,YGR141W,0,-3.3456147,0.08909807354211807,0.40700000524520874,0.41609999537467957
YAL044C,YOL121C,1,-3.3456266,0.08929743617773056,0.40799999237060547,0.41609999537467957
YGL094C,YFR052W,0,-3.345629,0.08927790075540543,0.40799999237060547,0.41620001196861267
YDR320C,YOR003W,1,-3.345709,0.08947713673114777,0.4090000092983246,0.41620001196861267
YFR046C,YPR189W,0,-3.3457701,0.08945757150650024,0.4090000092983246,0.4162999987602234
YPL177C,YDR481C,0,-3.3457778,0.08943800628185272,0.4090000092983246,0.4163999855518341
YOR327C,YGL127C,1,-3.345787,0.08963707834482193,0.4099999964237213,0.4163999855518341
YHR196W,YMR210W,0,-3.3458502,0.08961748331785202,0.4099999964237213,0.4165000021457672
YNR027W,YLR386W,0,-3.345853,0.0895979031920433,0.4099999964237213,0.41659998893737793
YGL190C,YPL164C,0,-3.3459623,0.08957832306623459,0.4099999964237213,0.41670000553131104
YKL017C,YLR135W,0,-3.3459918,0.08955875784158707,0.4099999964237213,0.41679999232292175
YDR288W,YML064C,0,-3.3460124,0.08953920006752014,0.4099999964237213,0.41690000891685486
YOL008W,YOR380W,0,-3.3460205,0.08951964974403381,0.4099999964237213,0.4169999957084656
YOR136W,YKR061W,0,-3.346079,0.08950010687112808,0.4099999964237213,0.4171000123023987
YGL226C-A,YER072W,0,-3.3460917,0.08948057889938354,0.4099999964237213,0.4171999990940094
YOL089C,YBR089C-A,0,-3.3460925,0.08946105092763901,0.4099999964237213,0.4172999858856201
YOL065C,YOL069W,0,-3.3461041,0.08944153785705566,0.4099999964237213,0.4174000024795532
YBR231C,YDR429C,0,-3.3461256,0.08942202478647232,0.4099999964237213,0.41749998927116394
YPL006W,YPR032W,0,-3.3462553,0.08940252661705017,0.4099999964237213,0.41760000586509705
YPL046C,YER127W,0,-3.3462596,0.08938303589820862,0.4099999964237213,0.41769999265670776
YOR100C,YDL002C,0,-3.3463235,0.08936356008052826,0.4099999964237213,0.41780000925064087
YOR217W,YOR254C,0,-3.3463824,0.0893440842628479,0.4099999964237213,0.4178999960422516
YOL090W,YER147C,0,-3.3463898,0.08932461589574814,0.4099999964237213,0.4180000126361847
YER028C,YDR265W,0,-3.3464139,0.08930516242980957,0.4099999964237213,0.4180999994277954
YBL030C,YIL173W,0,-3.346455,0.0892857164144516,0.4099999964237213,0.41819998621940613
YMR292W,YMR204C,0,-3.346505,0.08926627784967422,0.4099999964237213,0.41830000281333923
YML057W,YHR031C,0,-3.346516,0.08924684673547745,0.4099999964237213,0.41839998960494995
YPL137C,YIL112W,0,-3.3465185,0.08922742307186127,0.4099999964237213,0.41850000619888306
YPR082C,YDR259C,0,-3.3465638,0.08920800685882568,0.4099999964237213,0.4185999929904938
YNL159C,YHR108W,0,-3.3465972,0.0891885980963707,0.4099999964237213,0.4187000095844269
YDR216W,YPL059W,0,-3.3466473,0.0891692042350769,0.4099999964237213,0.4187999963760376
YDR096W,YLR193C,0,-3.3466508,0.08914981782436371,0.4099999964237213,0.4189000129699707
YGL256W,YLR020C,0,-3.3468828,0.08913043141365051,0.4099999964237213,0.4189999997615814
YOR233W,YOR295W,0,-3.3469155,0.08911105990409851,0.4099999964237213,0.41909998655319214
YPL121C,YOL031C,0,-3.3469565,0.0890916958451271,0.4099999964237213,0.41920000314712524
YLR192C,YDR227W,1,-3.3469684,0.089289590716362,0.41100001335144043,0.41920000314712524
YMR204C,YGL063W,0,-3.347134,0.0892701968550682,0.41100001335144043,0.41929998993873596
YNL327W,YDR164C,0,-3.3471892,0.08925081789493561,0.41100001335144043,0.41940000653266907
YDR292C,YHR196W,0,-3.3472283,0.08923143893480301,0.41100001335144043,0.4194999933242798
YLL011W,YKL041W,0,-3.347255,0.08921206742525101,0.41100001335144043,0.4196000099182129
YDR345C,YOR326W,0,-3.3473337,0.0891927108168602,0.41100001335144043,0.4196999967098236
YBR038W,YMR220W,0,-3.3473423,0.08917335420846939,0.41100001335144043,0.4198000133037567
YPL137C,YLR329W,0,-3.3473885,0.08915401250123978,0.41100001335144043,0.41990000009536743
YOL130W,YNL221C,0,-3.3475392,0.08913467824459076,0.41100001335144043,0.41999998688697815
YKR097W,YGL095C,0,-3.3475435,0.08911535143852234,0.41100001335144043,0.42010000348091125
YDR118W,YDL148C,0,-3.3476143,0.08909603208303452,0.41100001335144043,0.420199990272522
YJL214W,YMR076C,0,-3.3478098,0.08907672017812729,0.41100001335144043,0.4203000068664551
YKR083C,YML023C,0,-3.347864,0.08905742317438126,0.41100001335144043,0.4203999936580658
YEL016C,YDR473C,0,-3.348034,0.08903812617063522,0.41100001335144043,0.4205000102519989
YPR176C,YDR038C,0,-3.3480394,0.08901884406805038,0.41100001335144043,0.4205999970436096
YOL023W,YKL006C-A,0,-3.34812,0.08899956941604614,0.41100001335144043,0.4207000136375427
YJR108W,YNL245C,0,-3.3481715,0.0889803022146225,0.41100001335144043,0.42080000042915344
YOR098C,YJL054W,0,-3.348347,0.08896104246377945,0.41100001335144043,0.42089998722076416
YKL182W,YDR453C,0,-3.3483713,0.088941790163517,0.41100001335144043,0.42100000381469727
YNL258C,YDL212W,0,-3.3484123,0.08892254531383514,0.41100001335144043,0.421099990606308
YLR106C,YOR231W,0,-3.348459,0.08890330791473389,0.41100001335144043,0.4212000072002411
YKL021C,YGR147C,0,-3.3485248,0.08888408541679382,0.41100001335144043,0.4212999939918518
YGR047C,YNL186W,0,-3.3487122,0.08886486291885376,0.41100001335144043,0.4214000105857849
YPR112C,YDL244W,0,-3.3487375,0.08884565532207489,0.41100001335144043,0.42149999737739563
YDL014W,YFL058W,0,-3.348818,0.08882645517587662,0.41100001335144043,0.42160001397132874
YCR038C,YLR071C,0,-3.3489587,0.08880726248025894,0.41100001335144043,0.42170000076293945
YDL216C,YOR179C,0,-3.3490944,0.08878807723522186,0.41100001335144043,0.42179998755455017
YLR411W,YKL046C,0,-3.349157,0.08876889944076538,0.41100001335144043,0.4219000041484833
YKL084W,YLR409C,0,-3.349226,0.0887497290968895,0.41100001335144043,0.421999990940094
YIL147C,YGL097W,0,-3.3492405,0.0887305736541748,0.41100001335144043,0.4221000075340271
YKL145W,YCR072C,0,-3.3492687,0.08871141821146011,0.41100001335144043,0.4221999943256378
YDR386W,YJR009C,0,-3.349401,0.08869227766990662,0.41100001335144043,0.4223000109195709
YLR190W,YHR196W,0,-3.3494198,0.08867313712835312,0.41100001335144043,0.42239999771118164
YJR076C,YDR076W,0,-3.3494246,0.08865401148796082,0.41100001335144043,0.42250001430511475
YIL131C,YGL068W,0,-3.349583,0.08863489329814911,0.41100001335144043,0.42260000109672546
YNL148C,YKR026C,0,-3.3496077,0.088615782558918,0.41100001335144043,0.4226999878883362
YGR278W,YBR165W,0,-3.3496313,0.08859667927026749,0.41100001335144043,0.4228000044822693
YMR239C,YLR383W,0,-3.3496554,0.08857758343219757,0.41100001335144043,0.42289999127388
YOL072W,YBL039C,0,-3.3496678,0.08855850249528885,0.41100001335144043,0.4230000078678131
YPR075C,YLR452C,0,-3.349749,0.08853942155838013,0.41100001335144043,0.42309999465942383
YGL025C,YMR106C,1,-3.3497617,0.08873572945594788,0.41200000047683716,0.42309999465942383
YDL059C,YPL065W,1,-3.3498125,0.08893195539712906,0.4129999876022339,0.42309999465942383
YDR151C,YMR061W,0,-3.3498728,0.08891280740499496,0.4129999876022339,0.42320001125335693
YJL071W,YNL229C,1,-3.3498843,0.0891089141368866,0.414000004529953,0.42320001125335693
YDL226C,YLR360W,0,-3.3500192,0.08908973634243011,0.414000004529953,0.42329999804496765
YJR150C,YDL085W,0,-3.3500304,0.08907056599855423,0.414000004529953,0.42340001463890076
YPR073C,YDL002C,0,-3.3500626,0.08905141055583954,0.414000004529953,0.4235000014305115
YPR175W,YDR080W,0,-3.350132,0.08903225511312485,0.414000004529953,0.4235999882221222
YDR423C,YPL124W,0,-3.350135,0.08901311457157135,0.414000004529953,0.4237000048160553
YDR423C,YOR259C,0,-3.3501804,0.08899398148059845,0.414000004529953,0.423799991607666
YNR032C-A,YCR033W,0,-3.3502076,0.08897485584020615,0.414000004529953,0.4239000082015991
YKL020C,YOR047C,0,-3.3502438,0.08895573765039444,0.414000004529953,0.42399999499320984
YCL061C,YDL081C,1,-3.3503153,0.08915144950151443,0.41499999165534973,0.42399999499320984
YNL078W,YFL008W,0,-3.3503938,0.08913230150938034,0.41499999165534973,0.42410001158714294
YER075C,YKL108W,0,-3.350395,0.08911316096782684,0.41499999165534973,0.42419999837875366
YOR112W,YNL227C,0,-3.3504221,0.08909403532743454,0.41499999165534973,0.4242999851703644
YJR078W,YKR003W,0,-3.3505185,0.08907490968704224,0.41499999165534973,0.4244000017642975
YKR099W,YPR056W,0,-3.3505843,0.08905579149723053,0.41499999165534973,0.4244999885559082
YGR013W,YLL021W,0,-3.3506148,0.08903668820858002,0.41499999165534973,0.4246000051498413
YHR013C,YLL027W,1,-3.3506196,0.08923208713531494,0.41600000858306885,0.4246000051498413
YNL278W,YGR077C,0,-3.350649,0.08921295404434204,0.41600000858306885,0.424699991941452
YLR060W,YFL059W,0,-3.3507128,0.08919382840394974,0.41600000858306885,0.42480000853538513
YJR059W,YDR325W,0,-3.350714,0.08917470276355743,0.41600000858306885,0.42489999532699585
YGR167W,YOR290C,0,-3.3507822,0.08915559202432632,0.41600000858306885,0.42500001192092896
YJR069C,YNL262W,0,-3.3507893,0.08913648873567581,0.41600000858306885,0.4250999987125397
YCL029C,YNL207W,0,-3.3507967,0.0891173928976059,0.41600000858306885,0.4251999855041504
YDR288W,YNL201C,0,-3.350805,0.08909830451011658,0.41600000858306885,0.4253000020980835
YER030W,YOR110W,0,-3.3508735,0.08907923102378845,0.41600000858306885,0.4253999888896942
YMR168C,YPR002W,0,-3.350879,0.08906015753746033,0.41600000858306885,0.4255000054836273
YMR119W,YOL031C,0,-3.3508894,0.0890410989522934,0.41600000858306885,0.42559999227523804
YBR112C,YOL121C,1,-3.3509085,0.08923603594303131,0.4169999957084656,0.42559999227523804
YLR170C,YER002W,0,-3.3509185,0.08921694755554199,0.4169999957084656,0.42570000886917114
YOR363C,YJL108C,0,-3.3511183,0.08919785916805267,0.4169999957084656,0.42579999566078186
YDR252W,YGL099W,0,-3.3512332,0.08917878568172455,0.4169999957084656,0.42590001225471497
YGR224W,YMR216C,0,-3.351311,0.08915971964597702,0.4169999957084656,0.4259999990463257
YPR176C,YKR029C,0,-3.351339,0.08914066106081009,0.4169999957084656,0.4260999858379364
YOR002W,YBR040W,0,-3.3514493,0.08912160992622375,0.4169999957084656,0.4262000024318695
YEL029C,YML062C,1,-3.351508,0.0893162414431572,0.4180000126361847,0.4262000024318695
YLR233C,YAR002W,1,-3.3515356,0.08951079100370407,0.4189999997615814,0.4262000024318695
YHR164C,YMR284W,1,-3.3515418,0.08970525115728378,0.41999998688697815,0.4262000024318695
YGL025C,YCR037C,1,-3.3515787,0.08989963680505753,0.42100000381469727,0.4262000024318695
YFL056C,YBL064C,0,-3.3517177,0.08988044410943985,0.42100000381469727,0.4262999892234802
YDR036C,YFL016C,0,-3.3518133,0.08986125886440277,0.42100000381469727,0.42640000581741333
YOL016C,YJL012C,0,-3.3518145,0.08984208106994629,0.42100000381469727,0.42649999260902405
YJR150C,YOL010W,0,-3.3518155,0.0898229107260704,0.42100000381469727,0.42660000920295715
YOR120W,YNL106C,0,-3.3518915,0.08980375528335571,0.42100000381469727,0.42669999599456787
YNL038W,YCL059C,0,-3.3519228,0.08978459984064102,0.42100000381469727,0.426800012588501
YLR270W,YPR198W,0,-3.3520455,0.08976545929908752,0.42100000381469727,0.4268999993801117
YDR517W,YLR320W,0,-3.3521044,0.08974632620811462,0.42100000381469727,0.4269999861717224
YPR037C,YMR319C,0,-3.3522491,0.08972719311714172,0.42100000381469727,0.4271000027656555
YGR057C,YCR020C-A,1,-3.3523154,0.08992116153240204,0.421999990940094,0.4271000027656555
YDR461W,YLR275W,0,-3.3524008,0.08990200608968735,0.421999990940094,0.42719998955726624
YOR299W,YIL030C,0,-3.352599,0.08988285064697266,0.421999990940094,0.42730000615119934
YKL064W,YOR326W,0,-3.3527808,0.08986371010541916,0.421999990940094,0.42739999294281006
YNR007C,YOL133W,0,-3.3527834,0.08984458446502686,0.421999990940094,0.42750000953674316
YLR170C,YNL311C,0,-3.353021,0.08982545882463455,0.421999990940094,0.4275999963283539
YJL071W,YEL053C,1,-3.3530636,0.09001915156841278,0.4230000078678131,0.4275999963283539
YDR379W,YBR231C,0,-3.3531647,0.09000000357627869,0.4230000078678131,0.427700012922287
YOL086C,YER052C,0,-3.3533053,0.08998085558414459,0.4230000078678131,0.4277999997138977
YPL046C,YDR365C,0,-3.3535295,0.0899617150425911,0.4230000078678131,0.4278999865055084
YNL317W,YGR212W,0,-3.3535597,0.08994258940219879,0.4230000078678131,0.42800000309944153
YPR171W,YGL169W,0,-3.3535764,0.08992347121238708,0.4230000078678131,0.42809998989105225
YPL202C,YKL004W,0,-3.3536017,0.08990436047315598,0.4230000078678131,0.42820000648498535
YER174C,YFL045C,0,-3.3536026,0.08988524973392487,0.4230000078678131,0.42829999327659607
YPR176C,YNL135C,0,-3.3536932,0.08986615389585495,0.4230000078678131,0.4284000098705292
YLR216C,YKL045W,0,-3.353783,0.08984706550836563,0.4230000078678131,0.4284999966621399
YFL041W,YDR407C,0,-3.3537936,0.0898279920220375,0.4230000078678131,0.428600013256073
YDL126C,YFR030W,0,-3.3538144,0.08980891853570938,0.4230000078678131,0.4287000000476837
YLR028C,YML095C,0,-3.3538578,0.08978985249996185,0.4230000078678131,0.42879998683929443
YDR174W,YML062C,1,-3.3538744,0.0899830237030983,0.42399999499320984,0.42879998683929443
YBL040C,YMR163C,0,-3.353915,0.08996392786502838,0.42399999499320984,0.42890000343322754
YMR163C,YPL093W,0,-3.3539736,0.08994484692811966,0.42399999499320984,0.42899999022483826
YMR208W,YJL176C,0,-3.3539972,0.08992576599121094,0.42399999499320984,0.42910000681877136
YOL090W,YNL294C,0,-3.354048,0.08990669995546341,0.42399999499320984,0.4291999936103821
YGL090W,YDR059C,0,-3.3541088,0.08988764137029648,0.42399999499320984,0.4293000102043152
YJL110C,YPL022W,0,-3.3541367,0.08986859023571014,0.42399999499320984,0.4293999969959259
YML080W,YNR048W,0,-3.3541925,0.0898495465517044,0.42399999499320984,0.429500013589859
YCR065W,YHL011C,1,-3.354232,0.09004237502813339,0.42500001192092896,0.429500013589859
YPL208W,YPL092W,0,-3.3542514,0.09002330154180527,0.42500001192092896,0.4296000003814697
YDR386W,YOL006C,0,-3.3542674,0.09000423550605774,0.42500001192092896,0.42969998717308044
YLR160C,YER143W,0,-3.3543465,0.08998517692089081,0.42500001192092896,0.42980000376701355
YCL044C,YER147C,0,-3.354357,0.08996613323688507,0.42500001192092896,0.42989999055862427
YNL097C,YGR197C,0,-3.3543572,0.08994708955287933,0.42500001192092896,0.4300000071525574
YGR085C,YDR303C,0,-3.3544176,0.08992806077003479,0.42500001192092896,0.4300999939441681
YOL002C,YOL040C,0,-3.354451,0.08990903198719025,0.42500001192092896,0.4302000105381012
YOR284W,YGL151W,0,-3.3545444,0.0898900181055069,0.42500001192092896,0.4302999973297119
YOR099W,YHR098C,0,-3.3545864,0.08987101167440414,0.42500001192092896,0.430400013923645
YDL143W,YHR070W,0,-3.3547008,0.08985200524330139,0.42500001192092896,0.43050000071525574
YPR074C,YGR211W,0,-3.35476,0.08983301371335983,0.42500001192092896,0.43059998750686646
YBR135W,YOR381W,0,-3.3548138,0.08981402963399887,0.42500001192092896,0.43070000410079956
YLR357W,YLR372W,1,-3.3548281,0.09000633656978607,0.4259999990463257,0.43070000410079956
YBR126C,YCR084C,0,-3.354882,0.08998732268810272,0.4259999990463257,0.4307999908924103
YPL153C,YNL167C,0,-3.3550088,0.08996832370758057,0.4259999990463257,0.4309000074863434
YML075C,YPL098C,0,-3.3550277,0.08994932472705841,0.4259999990463257,0.4309999942779541
YER122C,YMR292W,0,-3.355145,0.08993033319711685,0.4259999990463257,0.4311000108718872
YKL172W,YLR382C,0,-3.3551736,0.08991135656833649,0.4259999990463257,0.4311999976634979
YCR094W,YGL201C,0,-3.3552403,0.08989237993955612,0.4259999990463257,0.43130001425743103
YGR204W,YLR190W,0,-3.3553567,0.08987341821193695,0.4259999990463257,0.43140000104904175
YKL170W,YNL243W,1,-3.3554137,0.09006538987159729,0.4269999861717224,0.43140000104904175
YNR017W,YKL165C,0,-3.355437,0.09004639089107513,0.4269999861717224,0.43149998784065247
YER045C,YOR191W,0,-3.3555028,0.09002740681171417,0.4269999861717224,0.43160000443458557
YDL100C,YMR076C,0,-3.3555076,0.09000843018293381,0.4269999861717224,0.4316999912261963
YKR081C,YDR381W,0,-3.355631,0.08998946100473404,0.4269999861717224,0.4318000078201294
YER177W,YLR139C,0,-3.3556902,0.08997049927711487,0.4269999861717224,0.4318999946117401
YKL101W,YOR127W,0,-3.355916,0.0899515450000763,0.4269999861717224,0.4320000112056732
YER088C,YNL267W,0,-3.3559496,0.08993260562419891,0.4269999861717224,0.43209999799728394
YDR143C,YDR381W,0,-3.3560455,0.08991366624832153,0.4269999861717224,0.43220001459121704
YJL092W,YBR117C,0,-3.356077,0.08989473432302475,0.4269999861717224,0.43230000138282776
YGL194C,YIL114C,0,-3.3560982,0.08987581729888916,0.4269999861717224,0.4323999881744385
YNL008C,YDR309C,0,-3.356156,0.08985690027475357,0.4269999861717224,0.4325000047683716
YDL212W,YOR129C,0,-3.3562171,0.08983799815177917,0.4269999861717224,0.4325999915599823
YDR432W,YNL209W,0,-3.3562233,0.08981909602880478,0.4269999861717224,0.4327000081539154
YER073W,YDR172W,0,-3.356297,0.08980020880699158,0.4269999861717224,0.4327999949455261
YLL061W,YNL279W,0,-3.3563712,0.08978132903575897,0.4269999861717224,0.43290001153945923
YKL189W,YHR073W,0,-3.3565004,0.08976245671510696,0.4269999861717224,0.43299999833106995
YIL009C-A,YNL243W,1,-3.3567207,0.08995376527309418,0.42800000309944153,0.43299999833106995
YGL001C,YKL188C,0,-3.3567479,0.08993486315011978,0.42800000309944153,0.43309998512268066
YDL160C,YDR308C,0,-3.3567708,0.08991596847772598,0.42800000309944153,0.43320000171661377
YFL057C,YHR165C,0,-3.3567746,0.08989708125591278,0.42800000309944153,0.4332999885082245
YCR086W,YMR202W,1,-3.3569598,0.09008819609880447,0.42899999022483826,0.4332999885082245
YBL099W,YGL150C,0,-3.3569763,0.09006928652524948,0.42899999022483826,0.4334000051021576
YDR424C,YDL028C,0,-3.3570082,0.09005037695169449,0.42899999022483826,0.4334999918937683
YOL001W,YNL243W,1,-3.357092,0.09024134278297424,0.4300000071525574,0.4334999918937683
YAL054C,YOR037W,0,-3.3571002,0.09022241085767746,0.4300000071525574,0.4336000084877014
YDR263C,YGL035C,0,-3.3571413,0.09020347893238068,0.4300000071525574,0.43369999527931213
YCR020W-B,YBR136W,1,-3.3571682,0.09039429575204849,0.4309999942779541,0.43369999527931213
YMR240C,YDR189W,0,-3.3572419,0.09037534147500992,0.4309999942779541,0.43380001187324524
YHR123W,YNL186W,0,-3.357269,0.09035639464855194,0.4309999942779541,0.43389999866485596
YJL098W,YDR181C,0,-3.3572772,0.09033745527267456,0.4309999942779541,0.4339999854564667
YPR018W,YAL005C,0,-3.357299,0.09031852334737778,0.4309999942779541,0.4341000020503998
YJL222W,YPL239W,0,-3.357436,0.09029959887266159,0.4309999942779541,0.4341999888420105
YNL068C,YHL025W,0,-3.3575332,0.0902806892991066,0.4309999942779541,0.4343000054359436
YDR206W,YDR499W,1,-3.3578765,0.09047120064496994,0.4320000112056732,0.4343000054359436
YGL216W,YMR270C,0,-3.3579366,0.09045226126909256,0.4320000112056732,0.4343999922275543
YMR004W,YKL145W,0,-3.3579984,0.09043332934379578,0.4320000112056732,0.4345000088214874
YIL034C,YOR100C,0,-3.3580253,0.09041439741849899,0.4320000112056732,0.43459999561309814
YPL146C,YIL073C,0,-3.358094,0.0903954803943634,0.4320000112056732,0.43470001220703125
YKR031C,YHR196W,0,-3.3581746,0.09037657082080841,0.4320000112056732,0.43479999899864197
YIL159W,YER089C,0,-3.3583038,0.09035766869783401,0.4320000112056732,0.4348999857902527
YKR009C,YNL310C,0,-3.35835,0.09033877402544022,0.4320000112056732,0.4350000023841858
YNL133C,YOR043W,1,-3.3584142,0.0905289575457573,0.43299999833106995,0.4350000023841858
YHR006W,YER024W,0,-3.3584418,0.09051003307104111,0.43299999833106995,0.4350999891757965
YLR226W,YOR226C,0,-3.358476,0.09049111604690552,0.43299999833106995,0.4352000057697296
YML019W,YOL129W,0,-3.358482,0.09047221392393112,0.43299999833106995,0.43529999256134033
YHR034C,YJR086W,0,-3.358599,0.09045331180095673,0.43299999833106995,0.43540000915527344
YLR429W,YNL241C,0,-3.3586204,0.09043441712856293,0.43299999833106995,0.43549999594688416
YFL022C,YDL207W,0,-3.3586266,0.09041553735733032,0.43299999833106995,0.43560001254081726
YDR182W,YMR021C,0,-3.3586385,0.09039665758609772,0.43299999833106995,0.435699999332428
YLR148W,YDR310C,1,-3.3587077,0.09058651328086853,0.4339999854564667,0.435699999332428
YEL019C,YJL139C,0,-3.3587132,0.09056761115789413,0.4339999854564667,0.4357999861240387
YEL026W,YKL178C,0,-3.3588011,0.09054871648550034,0.4339999854564667,0.4359000027179718
YDL076C,YGR009C,0,-3.3589644,0.09052982926368713,0.4339999854564667,0.4359999895095825
YDR490C,YNL272C,0,-3.358991,0.09051094949245453,0.4339999854564667,0.4361000061035156
YNL199C,YNL302C,0,-3.359171,0.09049207717180252,0.4339999854564667,0.43619999289512634
YKL084W,YER154W,0,-3.3592687,0.09047321230173111,0.4339999854564667,0.43630000948905945
YBR175W,YGL039W,1,-3.359285,0.09066277742385864,0.4350000023841858,0.43630000948905945
YPL084W,YOR003W,1,-3.3593647,0.09085226058959961,0.4359999895095825,0.43630000948905945
YML067C,YOL023W,0,-3.3593895,0.09083333611488342,0.4359999895095825,0.43639999628067017
YMR048W,YGR075C,0,-3.3595002,0.09081441164016724,0.4359999895095825,0.43650001287460327
YMR076C,YDR303C,0,-3.3595045,0.09079550206661224,0.4359999895095825,0.436599999666214
YKL178C,YMR218C,0,-3.3596404,0.09077659994363785,0.4359999895095825,0.4366999864578247
YDR106W,YJL100W,0,-3.359712,0.09075770527124405,0.4359999895095825,0.4368000030517578
YHR178W,YER031C,0,-3.3598049,0.09073881059885025,0.4359999895095825,0.43689998984336853
YLR127C,YDR235W,0,-3.3599176,0.09071993082761765,0.4359999895095825,0.43700000643730164
YLL002W,YDR328C,0,-3.3602228,0.09070105850696564,0.4359999895095825,0.43709999322891235
YLR418C,YAL013W,1,-3.360231,0.09089018404483795,0.43700000643730164,0.43709999322891235
YOL051W,YDR004W,1,-3.3602457,0.0910792276263237,0.43799999356269836,0.43709999322891235
YPR037C,YBL052C,0,-3.3604844,0.09106028825044632,0.43799999356269836,0.43720000982284546
YBL079W,YNL070W,0,-3.360585,0.09104136377573013,0.43799999356269836,0.4372999966144562
YFR055W,YJL128C,0,-3.360608,0.09102244675159454,0.43799999356269836,0.4374000132083893
YNL041C,YKL029C,0,-3.3606899,0.09100352972745895,0.43799999356269836,0.4375
YMR095C,YOL006C,0,-3.3607938,0.09098462760448456,0.43799999356269836,0.4375999867916107
YGL247W,YIL063C,0,-3.360801,0.09096573293209076,0.43799999356269836,0.4377000033855438
YPR185W,YNL299W,0,-3.3609626,0.09094684571027756,0.43799999356269836,0.43779999017715454
YDL116W,YDR289C,0,-3.3610246,0.09092796593904495,0.43799999356269836,0.43790000677108765
YPL040C,YGL233W,0,-3.3610501,0.09090909361839294,0.43799999356269836,0.43799999356269836
YNL281W,YLR032W,1,-3.3610718,0.09109773486852646,0.4390000104904175,0.43799999356269836
YLL043W,YPL058C,0,-3.3610938,0.09107884019613266,0.4390000104904175,0.43810001015663147
YMR116C,YKL009W,1,-3.3611028,0.09126736968755722,0.4399999976158142,0.43810001015663147
YGL112C,YDR429C,0,-3.3611166,0.09124844521284103,0.4399999976158142,0.4381999969482422
YDL106C,YNL334C,0,-3.3611286,0.09122952818870544,0.4399999976158142,0.4383000135421753
YLR314C,YNL021W,0,-3.3611805,0.09121061116456985,0.4399999976158142,0.438400000333786
YBR015C,YMR272C,0,-3.3612688,0.09119170904159546,0.4399999976158142,0.43849998712539673
YEL027W,YML029W,0,-3.3613293,0.09117281436920166,0.4399999976158142,0.43860000371932983
YCL051W,YNR032W,0,-3.361422,0.09115392714738846,0.4399999976158142,0.43869999051094055
YGL216W,YNL151C,0,-3.3614314,0.09113504737615585,0.4399999976158142,0.43880000710487366
YMR011W,YKL145W,0,-3.3615181,0.09111617505550385,0.4399999976158142,0.4388999938964844
YDR283C,YIR026C,0,-3.3615339,0.09109731018543243,0.4399999976158142,0.4390000104904175
YBL030C,YGL063W,0,-3.361758,0.09107845276594162,0.4399999976158142,0.4390999972820282
YBR192W,YPL234C,0,-3.3618052,0.0910596027970314,0.4399999976158142,0.4392000138759613
YDR038C,YDR513W,0,-3.3619149,0.09104076027870178,0.4399999976158142,0.439300000667572
YNL274C,YLR268W,0,-3.3619153,0.09102192521095276,0.4399999976158142,0.43939998745918274
YFL057C,YOL060C,0,-3.3619764,0.09100310504436493,0.4399999976158142,0.43950000405311584
YJR043C,YBL088C,1,-3.3619914,0.09119106829166412,0.4410000145435333,0.43950000405311584
YDL142C,YNR010W,0,-3.3620327,0.09117221087217331,0.4410000145435333,0.43959999084472656
YGL028C,YJL059W,0,-3.3623888,0.09115336835384369,0.4410000145435333,0.43970000743865967
YER109C,YMR053C,0,-3.3625414,0.09113453328609467,0.4410000145435333,0.4397999942302704
YLR127C,YIL034C,0,-3.3627279,0.09111570566892624,0.4410000145435333,0.4399000108242035
YOR144C,YGR159C,1,-3.3627527,0.09130345284938812,0.44200000166893005,0.4399000108242035
YDR224C,YLR266C,0,-3.362783,0.09128459542989731,0.44200000166893005,0.4399999976158142
YLR190W,YER147C,0,-3.3628454,0.09126574546098709,0.44200000166893005,0.4401000142097473
YOR078W,YKL113C,1,-3.3628519,0.09145334362983704,0.4429999887943268,0.4401000142097473
YDL243C,YOR083W,0,-3.3628938,0.09143447130918503,0.4429999887943268,0.44020000100135803
YHR107C,YEL020W-A,0,-3.3629448,0.09141559898853302,0.4429999887943268,0.44029998779296875
YBR089C-A,YBL017C,0,-3.3629954,0.0913967415690422,0.4429999887943268,0.44040000438690186
YGR083C,YBL008W,0,-3.3630874,0.09137788414955139,0.4429999887943268,0.4404999911785126
YDR480W,YPR005C,0,-3.363109,0.09135904163122177,0.4429999887943268,0.4406000077724457
YOL112W,YAR031W,0,-3.363121,0.09134020656347275,0.4429999887943268,0.4406999945640564
YBR017C,YFL017W-A,0,-3.3631341,0.09132137894630432,0.4429999887943268,0.4408000111579895
YLR342W,YJL062W,0,-3.3631525,0.09130255877971649,0.4429999887943268,0.4408999979496002
YHR175W,YAR010C,0,-3.3631685,0.09128373861312866,0.4429999887943268,0.4410000145435333
YOR113W,YLR069C,0,-3.363189,0.09126493334770203,0.4429999887943268,0.44110000133514404
YIL065C,YMR163C,0,-3.3632276,0.09124613553285599,0.4429999887943268,0.44119998812675476
YBR029C,YDL052C,0,-3.3633373,0.09122734516859055,0.4429999887943268,0.44130000472068787
YPL049C,YHR081W,1,-3.363365,0.0914144515991211,0.4440000057220459,0.44130000472068787
YKL049C,YDR189W,0,-3.3633754,0.09139563888311386,0.4440000057220459,0.4413999915122986
YFR009W,YDR285W,0,-3.3633773,0.09137682616710663,0.4440000057220459,0.4415000081062317
YER167W,YGR284C,0,-3.3633919,0.09135802835226059,0.4440000057220459,0.4415999948978424
YBL079W,YPR074C,0,-3.3634052,0.09133923053741455,0.4440000057220459,0.4417000114917755
YFR008W,YER087C-B,0,-3.3634477,0.0913204476237297,0.4440000057220459,0.44179999828338623
YGR252W,YGR257C,0,-3.363501,0.09130166471004486,0.4440000057220459,0.44190001487731934
YGR003W,YOR168W,0,-3.3635995,0.09128289669752121,0.4440000057220459,0.44200000166893005
YDR113C,YGL004C,0,-3.3637908,0.09126412868499756,0.4440000057220459,0.44209998846054077
YJR150C,YNL291C,0,-3.3640893,0.0912453755736351,0.4440000057220459,0.4422000050544739
YLR059C,YCR018C,0,-3.3644578,0.09122662991285324,0.4440000057220459,0.4422999918460846
YML047C,YOL142W,0,-3.364548,0.09120789170265198,0.4440000057220459,0.4424000084400177
YMR021C,YOR018W,0,-3.3646805,0.09118915349245071,0.4440000057220459,0.4424999952316284
YKR029C,YDL190C,0,-3.364745,0.09117043018341064,0.4440000057220459,0.4426000118255615
YMR183C,YDR079C-A,0,-3.364972,0.09115171432495117,0.4440000057220459,0.44269999861717224
YOL077W-A,YPL048W,0,-3.3650973,0.0911330059170723,0.4440000057220459,0.44279998540878296
YGL025C,YOL121C,1,-3.3651009,0.09131951630115509,0.4449999928474426,0.44279998540878296
YIL095W,YOL129W,0,-3.3653383,0.09130077809095383,0.4449999928474426,0.44290000200271606
YBR195C,YJL074C,0,-3.365351,0.09128205478191376,0.4449999928474426,0.4429999887943268
YNR030W,YGR183C,0,-3.3653922,0.09126333147287369,0.4449999928474426,0.4431000053882599
YML127W,YGR128C,0,-3.3653939,0.09124461561441422,0.4449999928474426,0.4431999921798706
YGR004W,YPR056W,0,-3.3655157,0.09122591465711594,0.4449999928474426,0.4433000087738037
YML065W,YGL210W,0,-3.3656209,0.09120721369981766,0.4449999928474426,0.44339999556541443
YMR287C,YML047C,0,-3.3656266,0.09118852764368057,0.4449999928474426,0.44350001215934753
YNL039W,YHR107C,0,-3.3656313,0.09116984158754349,0.4449999928474426,0.44359999895095825
YOL016C,YNL279W,0,-3.3656478,0.0911511704325676,0.4449999928474426,0.44369998574256897
YGR074W,YLR043C,0,-3.3657367,0.0911324992775917,0.4449999928474426,0.4438000023365021
YAL013W,YLR318W,1,-3.365761,0.09131859242916107,0.44600000977516174,0.4438000023365021
YNL062C,YPR121W,0,-3.3658106,0.09129989892244339,0.44600000977516174,0.4438999891281128
YGL233W,YDR322C-A,0,-3.3658674,0.0912812128663063,0.44600000977516174,0.4440000057220459
YCL016C,YHR081W,1,-3.3658898,0.09146715700626373,0.44699999690055847,0.4440000057220459
YDR106W,YFR004W,0,-3.3659325,0.09144844859838486,0.44699999690055847,0.4440999925136566
YIL142W,YBL008W,0,-3.3660192,0.09142974019050598,0.44699999690055847,0.4442000091075897
YML057W,YER183C,0,-3.3660772,0.0914110392332077,0.44699999690055847,0.44429999589920044
YKL139W,YCR073W-A,1,-3.366083,0.0915968120098114,0.4480000138282776,0.44429999589920044
YAL058W,YER111C,0,-3.3661902,0.09157808870077133,0.4480000138282776,0.44440001249313354
YMR033W,YOL072W,0,-3.366239,0.09155937284231186,0.4480000138282776,0.44449999928474426
YNL118C,YJL093C,0,-3.3662498,0.09154066443443298,0.4480000138282776,0.444599986076355
YGL112C,YNL253W,0,-3.3663394,0.0915219634771347,0.4480000138282776,0.4447000026702881
YDR021W,YIL073C,0,-3.3663564,0.09150326997041702,0.4480000138282776,0.4447999894618988
YKL146W,YBL007C,0,-3.3664052,0.09148458391427994,0.4480000138282776,0.4449000060558319
YDR036C,YDR330W,0,-3.3664975,0.09146590530872345,0.4480000138282776,0.4449999928474426
YKR029C,YMR302C,0,-3.3665261,0.09144723415374756,0.4480000138282776,0.44510000944137573
YBR040W,YGR135W,0,-3.3665414,0.09142857044935226,0.4480000138282776,0.44519999623298645
YMR280C,YOR207C,0,-3.3666694,0.09140991419553757,0.4480000138282776,0.44530001282691956
YKR009C,YNL201C,0,-3.3666723,0.09139126539230347,0.4480000138282776,0.4453999996185303
YHR007C,YKR052C,0,-3.3666747,0.09137263149023056,0.4480000138282776,0.445499986410141
YDL100C,YGL181W,0,-3.3667037,0.09135399758815765,0.4480000138282776,0.4456000030040741
YNL317W,YGR005C,0,-3.3667762,0.09133537113666534,0.4480000138282776,0.4456999897956848
YMR236W,YPR074C,0,-3.3669531,0.09131675213575363,0.4480000138282776,0.4458000063896179
YHL038C,YDR346C,0,-3.3669906,0.09129814803600311,0.4480000138282776,0.44589999318122864
YHR034C,YML011C,0,-3.367018,0.0912795439362526,0.4480000138282776,0.44600000977516174
YKL089W,YBR214W,0,-3.367021,0.09126094728708267,0.4480000138282776,0.44609999656677246
YKL022C,YER133W,0,-3.3671172,0.09124236553907394,0.4480000138282776,0.44620001316070557
YMR275C,YOL094C,0,-3.3671525,0.09122378379106522,0.4480000138282776,0.4462999999523163
YHR059W,YMR142C,1,-3.3672678,0.09140879660844803,0.4490000009536743,0.4462999999523163
YNL085W,YLR039C,0,-3.3672788,0.09139019250869751,0.4490000009536743,0.446399986743927
YKL108W,YGR047C,0,-3.3674104,0.09137158840894699,0.4490000009536743,0.4465000033378601
YLR266C,YGR186W,0,-3.367596,0.09135299921035767,0.4490000009536743,0.4465999901294708
YKL150W,YIL117C,0,-3.3675978,0.09133441746234894,0.4490000009536743,0.44670000672340393
YLR047C,YEL042W,0,-3.3676782,0.0913158431649208,0.4490000009536743,0.44679999351501465
YGR003W,YDR478W,0,-3.367696,0.09129727631807327,0.4490000009536743,0.44690001010894775
YDR379W,YER117W,0,-3.3677375,0.09127871692180634,0.4490000009536743,0.44699999690055847
YBL003C,YOL124C,0,-3.3677511,0.09126016497612,0.4490000009536743,0.4471000134944916
YDR022C,YMR078C,0,-3.3677604,0.09124162048101425,0.4490000009536743,0.4472000002861023
YDL181W,YMR204C,0,-3.3677661,0.0912230834364891,0.4490000009536743,0.447299987077713
YPL242C,YJR086W,0,-3.3677928,0.09120454639196396,0.4490000009536743,0.4474000036716461
YOL156W,YLR055C,0,-3.3678522,0.0911860242486,0.4490000009536743,0.44749999046325684
YNL099C,YPR107C,0,-3.3678844,0.09116750955581665,0.4490000009536743,0.44760000705718994
YDR294C,YHR014W,0,-3.3679433,0.09114900231361389,0.4490000009536743,0.44769999384880066
YMR033W,YKL089W,0,-3.3679616,0.09113050252199173,0.4490000009536743,0.44780001044273376
YLR448W,YBR254C,0,-3.368023,0.09111201018095016,0.4490000009536743,0.4478999972343445
YCL029C,YGR276C,0,-3.3680413,0.0910935252904892,0.4490000009536743,0.4480000138282776
YDR397C,YDR330W,0,-3.3680916,0.09107504785060883,0.4490000009536743,0.4481000006198883
YJL209W,YDR289C,0,-3.3681226,0.09105657786130905,0.4490000009536743,0.448199987411499
YML016C,YPR007C,0,-3.3681505,0.09103811532258987,0.4490000009536743,0.44830000400543213
YCL043C,YKR031C,0,-3.368165,0.0910196602344513,0.4490000009536743,0.44839999079704285
YGR225W,YBR089C-A,0,-3.3681953,0.09100121259689331,0.4490000009536743,0.44850000739097595
YHR175W,YKR083C,0,-3.3683064,0.09098277240991592,0.4490000009536743,0.44859999418258667
YLR154C,YEL012W,0,-3.368396,0.09096434712409973,0.4490000009536743,0.4487000107765198
YMR036C,YBR073W,0,-3.3684132,0.09094592183828354,0.4490000009536743,0.4487999975681305
YIL095W,YOR329C,0,-3.3688567,0.09092750400304794,0.4490000009536743,0.4489000141620636
YNL111C,YMR161W,0,-3.369007,0.09090909361839294,0.4490000009536743,0.4490000009536743
YBR024W,YML085C,0,-3.3690474,0.09089069068431854,0.4490000009536743,0.44909998774528503
YOR185C,YDL064W,0,-3.3690512,0.09087229520082474,0.4490000009536743,0.44920000433921814
YGL222C,YGL045W,0,-3.3690875,0.09085390716791153,0.4490000009536743,0.44929999113082886
YDR224C,YNL317W,0,-3.3690908,0.09083552658557892,0.4490000009536743,0.44940000772476196
YCR038C,YMR078C,0,-3.3693407,0.0908171534538269,0.4490000009536743,0.4494999945163727
YGR224W,YPL255W,0,-3.3693912,0.09079878777265549,0.4490000009536743,0.4496000111103058
YPR025C,YHR176W,0,-3.3693955,0.09078042954206467,0.4490000009536743,0.4496999979019165
YOL027C,YJR132W,0,-3.3697946,0.09076207876205444,0.4490000009536743,0.4498000144958496
YEL069C,YKR087C,0,-3.369805,0.09074373543262482,0.4490000009536743,0.4499000012874603
YDR027C,YOR043W,1,-3.369943,0.09092745929956436,0.44999998807907104,0.4499000012874603
YCR020C-A,YDL020C,1,-3.3699973,0.09111110866069794,0.45100000500679016,0.4499000012874603
YAL010C,YMR179W,1,-3.370078,0.09129469096660614,0.4519999921321869,0.4499000012874603
YER044C,YOR035C,0,-3.3701112,0.09127625077962875,0.4519999921321869,0.44999998807907104
YKL005C,YDR527W,0,-3.3701727,0.09125782549381256,0.4519999921321869,0.45010000467300415
YDL236W,YGL144C,0,-3.3701856,0.09123940020799637,0.4519999921321869,0.45019999146461487
YOL077W-A,YLR016C,0,-3.3703244,0.09122098982334137,0.4519999921321869,0.450300008058548
YGL012W,YIL150C,0,-3.3705318,0.09120257943868637,0.4519999921321869,0.4503999948501587
YCR014C,YDL097C,0,-3.3705494,0.09118418395519257,0.4519999921321869,0.4505000114440918
YHR164C,YNL281W,1,-3.3707073,0.09136749058961868,0.453000009059906,0.4505000114440918
YBL085W,YHR070W,0,-3.3707502,0.09134906530380249,0.453000009059906,0.4505999982357025
YKR038C,YAR002W,1,-3.3709192,0.09153226017951965,0.45399999618530273,0.4505999982357025
YPL255W,YNL151C,0,-3.3709295,0.09151380509138107,0.45399999618530273,0.4507000148296356
YPL227C,YMR260C,0,-3.3709743,0.09149536490440369,0.45399999618530273,0.45080000162124634
YGR009C,YBR223C,0,-3.3710258,0.0914769321680069,0.45399999618530273,0.45089998841285706
YAL020C,YLR272C,0,-3.3710322,0.09145849943161011,0.45399999618530273,0.45100000500679016
YMR288W,YPL011C,0,-3.3710604,0.09144008159637451,0.45399999618530273,0.4510999917984009
YBL023C,YOR329C,0,-3.371079,0.09142166376113892,0.45399999618530273,0.451200008392334
YDL145C,YBR193C,0,-3.3711264,0.09140326082706451,0.45399999618530273,0.4512999951839447
YPR128C,YGL222C,0,-3.3711479,0.09138486534357071,0.45399999618530273,0.4514000117778778
YDR162C,YJR066W,0,-3.3711777,0.0913664698600769,0.45399999618530273,0.4514999985694885
YKL053C-A,YNL248C,0,-3.3712099,0.0913480892777443,0.45399999618530273,0.45159998536109924
YKL079W,YPL057C,0,-3.3713074,0.09132970869541168,0.45399999618530273,0.45170000195503235
YKR009C,YDR207C,0,-3.3713439,0.09131134301424026,0.45399999618530273,0.45179998874664307
YKL025C,YBL105C,0,-3.3715813,0.09129298478364944,0.45399999618530273,0.45190000534057617
YKL032C,YHR200W,0,-3.3716688,0.09127462655305862,0.45399999618530273,0.4519999921321869
YKL172W,YLR043C,0,-3.3717654,0.091256283223629,0.45399999618530273,0.45210000872612
YLR147C,YFL058W,0,-3.3718712,0.09123793989419937,0.45399999618530273,0.4521999955177307
YER030W,YDR076W,0,-3.371944,0.09121961146593094,0.45399999618530273,0.4523000121116638
YBR243C,YIL173W,0,-3.3719652,0.0912012830376625,0.45399999618530273,0.45239999890327454
YLR190W,YPL131W,0,-3.3720152,0.09118296951055527,0.45399999618530273,0.45249998569488525
YFL057C,YJL194W,0,-3.37205,0.09116465598344803,0.45399999618530273,0.45260000228881836
YPR108W,YFL017W-A,0,-3.372072,0.09114635735750198,0.45399999618530273,0.4526999890804291
YNL182C,YLR183C,0,-3.3720787,0.09112805873155594,0.45399999618530273,0.4528000056743622
YBR036C,YFL016C,0,-3.372081,0.09110977500677109,0.45399999618530273,0.4528999924659729
YNL214W,YGR152C,0,-3.372133,0.09109149128198624,0.45399999618530273,0.453000009059906
YJL014W,YMR039C,0,-3.372146,0.09107322245836258,0.45399999618530273,0.4530999958515167
YMR012W,YHR154W,0,-3.3722126,0.09105495363473892,0.45399999618530273,0.45320001244544983
YBR129C,YKR028W,0,-3.3722699,0.09103669226169586,0.45399999618530273,0.45329999923706055
YKL113C,YNL339C,1,-3.372278,0.09121892601251602,0.45500001311302185,0.45329999923706055
YDR118W,YGL129C,0,-3.3723638,0.09120064228773117,0.45500001311302185,0.45339998602867126
YMR021C,YGL104C,0,-3.3723686,0.09118236601352692,0.45500001311302185,0.45350000262260437
YGL035C,YKR048C,0,-3.3723836,0.09116409718990326,0.45500001311302185,0.4535999894142151
YLR106C,YIR019C,0,-3.372466,0.0911458358168602,0.45500001311302185,0.4537000060081482
YDR130C,YOR307C,0,-3.372524,0.09112758189439774,0.45500001311302185,0.4537999927997589
YBL069W,YGL098W,0,-3.3725305,0.09110932797193527,0.45500001311302185,0.453900009393692
YGL240W,YER044C,0,-3.3725502,0.091091088950634,0.45500001311302185,0.45399999618530273
YFL025C,YBR257W,0,-3.372597,0.09107285737991333,0.45500001311302185,0.45410001277923584
YOL069W,YKR031C,0,-3.3726876,0.09105463325977325,0.45500001311302185,0.45419999957084656
YBR017C,YOR259C,0,-3.372749,0.09103641659021378,0.45500001311302185,0.4542999863624573
YAL012W,YPL063W,0,-3.3728707,0.0910181999206543,0.45500001311302185,0.4544000029563904
YCR094W,YKR009C,0,-3.3728795,0.09099999815225601,0.45500001311302185,0.4544999897480011
YBR088C,YOL091W,0,-3.372924,0.09098180383443832,0.45500001311302185,0.4546000063419342
YNL278W,YNL317W,0,-3.3729699,0.09096361696720123,0.45500001311302185,0.4546999931335449
YMR013C,YLR442C,0,-3.373037,0.09094543009996414,0.45500001311302185,0.454800009727478
YMR058W,YIL068C,0,-3.3730748,0.09092725813388824,0.45500001311302185,0.45489999651908875
YIL026C,YDR194C,0,-3.3731167,0.09090909361839294,0.45500001311302185,0.45500001311302185
YHR176W,YDR328C,0,-3.373123,0.09089092910289764,0.45500001311302185,0.45509999990463257
YOR371C,YAL001C,0,-3.373146,0.09087277948856354,0.45500001311302185,0.4551999866962433
YGR183C,YHR079C-A,0,-3.3731797,0.09085462987422943,0.45500001311302185,0.4553000032901764
YDL137W,YLL001W,0,-3.3732488,0.09083649516105652,0.45500001311302185,0.4553999900817871
YOR330C,YDR359C,0,-3.373391,0.0908183604478836,0.45500001311302185,0.4555000066757202
YPL048W,YHR200W,0,-3.3734415,0.09080024063587189,0.45500001311302185,0.45559999346733093
YMR280C,YDL031W,0,-3.3735445,0.09078212082386017,0.45500001311302185,0.45570001006126404
YOL013C,YHR083W,0,-3.3736827,0.09076401591300964,0.45500001311302185,0.45579999685287476
YHR007C,YDR011W,0,-3.3737004,0.09074591100215912,0.45500001311302185,0.45590001344680786
YML102W,YML049C,0,-3.3737183,0.09072781354188919,0.45500001311302185,0.4560000002384186
YBR004C,YNR039C,0,-3.3737977,0.09070973098278046,0.45500001311302185,0.4560999870300293
YDR437W,YBR258C,0,-3.373883,0.09069164842367172,0.45500001311302185,0.4562000036239624
YDR432W,YOL097C,0,-3.3740668,0.09067357331514359,0.45500001311302185,0.4562999904155731
YDR011W,YML007W,0,-3.3740957,0.09065550565719604,0.45500001311302185,0.4564000070095062
YHR143W-A,YFR037C,0,-3.3742006,0.0906374529004097,0.45500001311302185,0.45649999380111694
YLR220W,YML104C,0,-3.3742285,0.09061940014362335,0.45500001311302185,0.45660001039505005
YDR309C,YDR080W,0,-3.3745096,0.0906013548374176,0.45500001311302185,0.45669999718666077
YMR058W,YPL139C,0,-3.37479,0.09058331698179245,0.45500001311302185,0.45680001378059387
YJL034W,YPL210C,0,-3.3748238,0.0905652865767479,0.45500001311302185,0.4569000005722046
YGR222W,YIL129C,0,-3.3748267,0.09054726362228394,0.45500001311302185,0.4569999873638153
YNL106C,YOR143C,0,-3.3748944,0.09052924811840057,0.45500001311302185,0.4571000039577484
YLL026W,YBL088C,1,-3.374964,0.09071016311645508,0.4560000002384186,0.4571000039577484
YDR423C,YOR181W,0,-3.3750422,0.09069212526082993,0.4560000002384186,0.45719999074935913
YOR322C,YML001W,1,-3.3750465,0.09087293595075607,0.4569999873638153,0.45719999074935913
YHR160C,YGR091W,0,-3.3750489,0.09085486829280853,0.4569999873638153,0.45730000734329224
YCL034W,YJL074C,0,-3.3750792,0.09083680808544159,0.4569999873638153,0.45739999413490295
YOR373W,YDR077W,0,-3.375106,0.09081876277923584,0.4569999873638153,0.45750001072883606
YKL026C,YHR024C,0,-3.375119,0.09080071747303009,0.4569999873638153,0.4575999975204468
YOR274W,YML027W,0,-3.3751202,0.09078267961740494,0.4569999873638153,0.4577000141143799
YKL129C,YOL147C,0,-3.3751318,0.09076464921236038,0.4569999873638153,0.4578000009059906
YLR131C,YKL152C,0,-3.375208,0.09074662625789642,0.4569999873638153,0.4578999876976013
YER174C,YML058W,0,-3.375243,0.09072861075401306,0.4569999873638153,0.4580000042915344
YNL038W,YMR229C,0,-3.375259,0.0907106027007103,0.4569999873638153,0.45809999108314514
YNR027W,YLR451W,0,-3.3752773,0.09069259464740753,0.4569999873638153,0.45820000767707825
YPL028W,YPR182W,0,-3.3753126,0.09067460149526596,0.4569999873638153,0.45829999446868896
YNR019W,YGL111W,0,-3.3754404,0.09065661579370499,0.4569999873638153,0.45840001106262207
YNL147W,YHR119W,1,-3.3754578,0.09083697199821472,0.4580000042915344,0.45840001106262207
YPL117C,YLR362W,0,-3.3755863,0.09081895649433136,0.4580000042915344,0.4584999978542328
YJL076W,YNR023W,0,-3.3756096,0.0908009484410286,0.4580000042915344,0.4586000144481659
YDL030W,YER111C,0,-3.3756173,0.09078295528888702,0.4580000042915344,0.4587000012397766
YFL024C,YDR382W,0,-3.375625,0.09076496213674545,0.4580000042915344,0.45879998803138733
YLR060W,YKR026C,0,-3.3756304,0.09074697643518448,0.4580000042915344,0.45890000462532043
YGR177C,YER051W,0,-3.375631,0.0907289981842041,0.4580000042915344,0.45899999141693115
YPR198W,YEL020W-A,0,-3.375666,0.09071103483438492,0.4580000042915344,0.45910000801086426
YLR229C,YGL096W,0,-3.375703,0.09069307148456573,0.4580000042915344,0.459199994802475
YCL054W,YPR056W,0,-3.3757186,0.09067511558532715,0.4580000042915344,0.4593000113964081
YOR211C,YPR188C,0,-3.3757331,0.09065716713666916,0.4580000042915344,0.4593999981880188
YGL190C,YPL153C,0,-3.3758137,0.09063922613859177,0.4580000042915344,0.4595000147819519
YDL099W,YER169W,0,-3.3758378,0.09062129259109497,0.4580000042915344,0.4596000015735626
YBR055C,YNL128W,0,-3.3758924,0.09060336649417877,0.4580000042915344,0.45969998836517334
YNL188W,YDR503C,0,-3.3759496,0.09058544039726257,0.4580000042915344,0.45980000495910645
YOL077C,YDR461W,0,-3.375973,0.09056752920150757,0.4580000042915344,0.45989999175071716
YDR076W,YDR324C,0,-3.3759782,0.09054962545633316,0.4580000042915344,0.46000000834465027
YGL233W,YIL031W,0,-3.376051,0.09053172916173935,0.4580000042915344,0.460099995136261
YPL049C,YNL147W,1,-3.3761017,0.09071145951747894,0.45899999141693115,0.460099995136261
YGR007W,YNL128W,0,-3.3761275,0.09069354087114334,0.45899999141693115,0.4602000117301941
YMR276W,YKR097W,0,-3.3761299,0.09067562222480774,0.45899999141693115,0.4602999985218048
YKL197C,YJR153W,0,-3.3761475,0.09065771102905273,0.45899999141693115,0.4603999853134155
YDR404C,YKL178C,0,-3.3762562,0.09063980728387833,0.45899999141693115,0.46050000190734863
YDL148C,YLR369W,0,-3.3762662,0.09062191843986511,0.45899999141693115,0.46059998869895935
YLR260W,YDR449C,0,-3.3763816,0.0906040295958519,0.45899999141693115,0.46070000529289246
YGL155W,YHR004C,0,-3.3764122,0.09058614820241928,0.45899999141693115,0.4607999920845032
YGR185C,YMR241W,0,-3.3764386,0.09056827425956726,0.45899999141693115,0.4609000086784363
YNL133C,YDR156W,1,-3.3765438,0.09074768424034119,0.46000000834465027,0.4609000086784363
YER075C,YIL147C,0,-3.3765817,0.09072978049516678,0.46000000834465027,0.460999995470047
YGL021W,YGL143C,0,-3.3767464,0.09071189165115356,0.46000000834465027,0.4611000120639801
YDL147W,YHR152W,0,-3.3768494,0.09069400280714035,0.46000000834465027,0.4611999988555908
YKR019C,YKR001C,0,-3.3768518,0.09067612886428833,0.46000000834465027,0.46129998564720154
YHR143W-A,YOR344C,0,-3.3769205,0.09065825492143631,0.46000000834465027,0.46140000224113464
YDL051W,YLL013C,0,-3.3770452,0.09064039587974548,0.46000000834465027,0.46149998903274536
YOL012C,YKL203C,0,-3.3770733,0.09062253683805466,0.46000000834465027,0.46160000562667847
YGL105W,YDR268W,0,-3.3772054,0.09060468524694443,0.46000000834465027,0.4616999924182892
YOR180C,YJR103W,0,-3.3772433,0.09058684855699539,0.46000000834465027,0.4618000090122223
YJL128C,YDR057W,0,-3.3773673,0.09056901186704636,0.46000000834465027,0.461899995803833
YOL023W,YMR065W,0,-3.3774135,0.09055118262767792,0.46000000834465027,0.4620000123977661
YCR071C,YMR106C,1,-3.3774357,0.09073016792535782,0.460999995470047,0.4620000123977661
YJR063W,YLR066W,0,-3.3775256,0.09071231633424759,0.460999995470047,0.46209999918937683
YFL014W,YNL206C,0,-3.3775856,0.09069447219371796,0.460999995470047,0.46219998598098755
YLL009C,YGL137W,0,-3.3776038,0.09067663550376892,0.460999995470047,0.46230000257492065
YIL079C,YGR222W,0,-3.377621,0.09065879881381989,0.460999995470047,0.46239998936653137
YPL061W,YPL179W,0,-3.3776536,0.09064097702503204,0.460999995470047,0.4625000059604645
YGL119W,YKR036C,0,-3.3776672,0.0906231552362442,0.460999995470047,0.4625999927520752
YNL256W,YNL272C,0,-3.37767,0.09060534834861755,0.460999995470047,0.4627000093460083
YMR216C,YDR356W,0,-3.377691,0.0905875414609909,0.460999995470047,0.462799996137619
YGR098C,YPL133C,0,-3.3777094,0.09056974202394485,0.460999995470047,0.4629000127315521
YDR508C,YCR018C,0,-3.377715,0.09055195748806,0.460999995470047,0.46299999952316284
YKL025C,YML123C,0,-3.377838,0.09053417295217514,0.460999995470047,0.46309998631477356
YPL115C,YLR368W,0,-3.3779786,0.09051639586687088,0.460999995470047,0.46320000290870667
YGL226C-A,YOR243C,0,-3.3779943,0.09049862623214722,0.460999995470047,0.4632999897003174
YEL036C,YOR320C,0,-3.378029,0.09048086404800415,0.460999995470047,0.4634000062942505
YJL034W,YEL016C,0,-3.3780708,0.09046310931444168,0.460999995470047,0.4634999930858612
YBL078C,YLR134W,0,-3.3782027,0.09044536203145981,0.460999995470047,0.4636000096797943
YPR110C,YLR026C,0,-3.3782794,0.09042762219905853,0.460999995470047,0.46369999647140503
YMR198W,YML038C,0,-3.3783314,0.09040988236665726,0.460999995470047,0.46380001306533813
YPR052C,YBR192W,0,-3.3783462,0.09039215743541718,0.460999995470047,0.46389999985694885
YJL179W,YMR125W,1,-3.3783731,0.09057047963142395,0.4620000123977661,0.46389999985694885
YHR079C-A,YDR393W,0,-3.3785274,0.09055272489786148,0.4620000123977661,0.46399998664855957
YIR025W,YEL065W,0,-3.378584,0.09053497761487961,0.4620000123977661,0.4641000032424927
YGR082W,YER074W-A,0,-3.378599,0.09051723778247833,0.4620000123977661,0.4641999900341034
YDL181W,YCL001W,0,-3.3788102,0.09049951285123825,0.4620000123977661,0.4643000066280365
YOR040W,YOL109W,1,-3.3788245,0.09067763388156891,0.46299999952316284,0.4643000066280365
YLR095C,YML123C,0,-3.3788674,0.09065987914800644,0.46299999952316284,0.4643999934196472
YMR220W,YDR312W,0,-3.37887,0.09064213186502457,0.46299999952316284,0.4645000100135803
YCR047C,YNL078W,0,-3.3788922,0.09062439203262329,0.46299999952316284,0.46459999680519104
YOL027C,YMR047C,0,-3.3789625,0.09060665220022202,0.46299999952316284,0.46470001339912415
YGL251C,YGR135W,0,-3.3789723,0.09058892726898193,0.46299999952316284,0.46480000019073486
YGL043W,YCR098C,0,-3.3789995,0.09057120233774185,0.46299999952316284,0.4648999869823456
YOR319W,YCR077C,0,-3.3790386,0.09055349230766296,0.46299999952316284,0.4650000035762787
YMR048W,YDR160W,0,-3.3792078,0.09053578227758408,0.46299999952316284,0.4650999903678894
YKR036C,YDR162C,0,-3.3792589,0.09051808714866638,0.46299999952316284,0.4652000069618225
YNL161W,YJL072C,0,-3.3793094,0.09050039201974869,0.46299999952316284,0.4652999937534332
YPR103W,YJR066W,0,-3.3793333,0.09048270434141159,0.46299999952316284,0.46540001034736633
YER172C,YOL065C,0,-3.3795054,0.09046502411365509,0.46299999952316284,0.46549999713897705
YOL121C,YHR021C,1,-3.379511,0.09064270555973053,0.46399998664855957,0.46549999713897705
YGR225W,YPL177C,0,-3.3795218,0.09062500298023224,0.46399998664855957,0.46560001373291016
YGR278W,YML080W,0,-3.3795679,0.09060730040073395,0.46399998664855957,0.4657000005245209
YER166W,YMR032W,0,-3.3795764,0.09058961272239685,0.46399998664855957,0.4657999873161316
YML102W,YMR227C,0,-3.379625,0.09057193249464035,0.46399998664855957,0.4659000039100647
YNL078W,YNL244C,0,-3.3797383,0.09055425226688385,0.46399998664855957,0.4659999907016754
YDR054C,YMR047C,0,-3.3797443,0.09053658694028854,0.46399998664855957,0.4661000072956085
YDR450W,YMR190C,1,-3.3797693,0.09071400761604309,0.4650000035762787,0.4661000072956085
YDR365C,YDR245W,0,-3.379883,0.0906963124871254,0.4650000035762787,0.46619999408721924
YOL008W,YBR245C,0,-3.3800566,0.0906786248087883,0.4650000035762787,0.46630001068115234
YHR061C,YOR254C,0,-3.3802166,0.0906609445810318,0.4650000035762787,0.46639999747276306
YDL164C,YLL035W,0,-3.380265,0.0906432718038559,0.4650000035762787,0.46650001406669617
YJL198W,YIL126W,0,-3.3803122,0.09062560647726059,0.4650000035762787,0.4666000008583069
YGL099W,YAR008W,0,-3.3803835,0.09060794860124588,0.4650000035762787,0.4666999876499176
YKR009C,YGR216C,0,-3.3803985,0.09059029817581177,0.4650000035762787,0.4668000042438507
YDL097C,YMR302C,0,-3.3804526,0.09057265520095825,0.4650000035762787,0.4668999910354614
YIL062C,YPL153C,0,-3.380456,0.09055501222610474,0.4650000035762787,0.46700000762939453
YMR202W,YDL083C,1,-3.3804607,0.09073209017515182,0.4659999907016754,0.46700000762939453
YGL240W,YFR027W,0,-3.3805,0.09071442484855652,0.4659999907016754,0.46709999442100525
YMR290C,YLR265C,0,-3.3805244,0.09069676697254181,0.4659999907016754,0.46720001101493835
YKL040C,YER087C-B,0,-3.3805864,0.0906791239976883,0.4659999907016754,0.4672999978065491
YOR377W,YOR137C,0,-3.3805964,0.09066148102283478,0.4659999907016754,0.4674000144004822
YGL251C,YOL027C,0,-3.380763,0.09064384549856186,0.4659999907016754,0.4675000011920929
YER109C,YOR209C,0,-3.3807824,0.09062621742486954,0.4659999907016754,0.4675999879837036
YPR168W,YJL176C,0,-3.3808367,0.09060859680175781,0.4659999907016754,0.4677000045776367
YPR021C,YDL079C,0,-3.3808763,0.09059097617864609,0.4659999907016754,0.46779999136924744
YJL116C,YGR033C,0,-3.3808985,0.09057337045669556,0.4659999907016754,0.46790000796318054
YPR023C,YIL068C,0,-3.3809187,0.09055577218532562,0.4659999907016754,0.46799999475479126
YBR015C,YHR034C,0,-3.3809917,0.09053817391395569,0.4659999907016754,0.46810001134872437
YDL245C,YHR030C,0,-3.3810778,0.09052059054374695,0.4659999907016754,0.4681999981403351
YDR412W,YDR170C,0,-3.3812227,0.09050300717353821,0.4659999907016754,0.4683000147342682
YFL022C,YKL032C,0,-3.381439,0.09048543870449066,0.4659999907016754,0.4684000015258789
YMR316W,YJL110C,0,-3.3814476,0.09046787023544312,0.4659999907016754,0.4684999883174896
YMR292W,YDR435C,0,-3.3814552,0.09045030921697617,0.4659999907016754,0.46860000491142273
YOL130W,YER166W,0,-3.3816123,0.09043275564908981,0.4659999907016754,0.46869999170303345
YPL254W,YCL061C,1,-3.3816726,0.09060923755168915,0.46700000762939453,0.46869999170303345
YDR518W,YLR451W,0,-3.38187,0.090591661632061,0.46700000762939453,0.46880000829696655
YDR295C,YDR004W,1,-3.3819118,0.09076803922653198,0.46799999475479126,0.46880000829696655
YMR049C,YKR048C,0,-3.3821144,0.09075043350458145,0.46799999475479126,0.46889999508857727
YBR049C,YJL089W,0,-3.3823063,0.09073284268379211,0.46799999475479126,0.4690000116825104
YBR107C,YAL033W,0,-3.3824203,0.09071525186300278,0.46799999475479126,0.4690999984741211
YER143W,YMR227C,0,-3.382427,0.09069767594337463,0.46799999475479126,0.4691999852657318
YJL099W,YHR092C,0,-3.3825269,0.09068010002374649,0.46799999475479126,0.4693000018596649
YGL054C,YER125W,0,-3.3825886,0.09066253155469894,0.46799999475479126,0.46939998865127563
YOR038C,YML019W,0,-3.38261,0.090644970536232,0.46799999475479126,0.46950000524520874
YPL249C,YPL089C,0,-3.3826265,0.09062741696834564,0.46799999475479126,0.46959999203681946
YBR020W,YMR229C,0,-3.3826315,0.09060987085103989,0.46799999475479126,0.46970000863075256
YML121W,YPL031C,1,-3.382703,0.0907859057188034,0.4690000116825104,0.46970000863075256
YBR243C,YIR002C,0,-3.3827274,0.09076833724975586,0.4690000116825104,0.4697999954223633
YMR070W,YHR119W,1,-3.3827398,0.09094427525997162,0.4699999988079071,0.4697999954223633
YNL328C,YHL028W,0,-3.3827422,0.09092667698860168,0.4699999988079071,0.4699000120162964
YJL219W,YNL188W,0,-3.38288,0.09090909361839294,0.4699999988079071,0.4699999988079071
YJL031C,YJR068W,0,-3.3829346,0.0908915102481842,0.4699999988079071,0.4700999855995178
YBR008C,YJR059W,0,-3.3829517,0.09087393432855606,0.4699999988079071,0.4702000021934509
YBR158W,YJR064W,0,-3.3829787,0.09085637331008911,0.4699999988079071,0.47029998898506165
YKL139W,YDL020C,1,-3.382984,0.09103208035230637,0.47099998593330383,0.47029998898506165
YJL042W,YIR041W,0,-3.3830283,0.09101448953151703,0.47099998593330383,0.47040000557899475
YNR052C,YIL021W,0,-3.3830764,0.09099690616130829,0.47099998593330383,0.47049999237060547
YLR354C,YLR425W,0,-3.383116,0.09097933024168015,0.47099998593330383,0.4706000089645386
YGL065C,YGR261C,0,-3.3832977,0.0909617617726326,0.47099998593330383,0.4706999957561493
YPL100W,YBR207W,0,-3.3833058,0.09094420075416565,0.47099998593330383,0.4708000123500824
YMR049C,YPR189W,0,-3.3833287,0.0909266397356987,0.47099998593330383,0.4708999991416931
YKL149C,YOR380W,0,-3.383393,0.09090909361839294,0.47099998593330383,0.47099998593330383
YAR007C,YNL246W,1,-3.383488,0.09108452498912811,0.47200000286102295,0.47099998593330383
YAL044C,YML061C,1,-3.3835695,0.09125988930463791,0.4729999899864197,0.47099998593330383
YOR279C,YPR132W,1,-3.3835924,0.09143518656492233,0.4740000069141388,0.47099998593330383
YML031W,YKL125W,0,-3.3837125,0.09141755104064941,0.4740000069141388,0.47110000252723694
YDR130C,YCL044C,0,-3.3837693,0.09139992296695709,0.4740000069141388,0.47119998931884766
YDR168W,YPR133C,0,-3.3838053,0.09138230234384537,0.4740000069141388,0.47130000591278076
YDR258C,YDR081C,0,-3.383806,0.09136468917131424,0.4740000069141388,0.4713999927043915
YMR070W,YCL061C,1,-3.3838103,0.09153979271650314,0.4749999940395355,0.4713999927043915
YNL038W,YPR161C,0,-3.383848,0.09152215719223022,0.4749999940395355,0.4715000092983246
YOL051W,YCR081W,1,-3.383867,0.09169717133045197,0.47600001096725464,0.4715000092983246
YFL016C,YML029W,0,-3.3839786,0.09167950600385666,0.47600001096725464,0.4715999960899353
YLR191W,YOR359W,0,-3.3839877,0.09166185557842255,0.47600001096725464,0.4717000126838684
YAR019C,YOR074C,0,-3.3840525,0.09164420515298843,0.47600001096725464,0.4717999994754791
YOL158C,YOL127W,0,-3.3841703,0.09162656217813492,0.47600001096725464,0.47189998626708984
YIL036W,YLL027W,1,-3.3841887,0.09180138260126114,0.47699999809265137,0.47189998626708984
YNL323W,YDR393W,0,-3.3842475,0.09178372472524643,0.47699999809265137,0.47200000286102295
YLR451W,YML055W,0,-3.384287,0.09176606684923172,0.47699999809265137,0.47209998965263367
YJL058C,YLR068W,0,-3.384525,0.09174841642379761,0.47699999809265137,0.4722000062465668
YJR135C,YNL044W,0,-3.3845372,0.0917307659983635,0.47699999809265137,0.4722999930381775
YMR285C,YDR429C,0,-3.3845901,0.09171313047409058,0.47699999809265137,0.4724000096321106
YLR022C,YFL059W,0,-3.3847303,0.09169550240039825,0.47699999809265137,0.4724999964237213
YGL043W,YGL243W,0,-3.3847542,0.09167788177728653,0.47699999809265137,0.4726000130176544
YFR008W,YDR013W,0,-3.384786,0.0916602611541748,0.47699999809265137,0.47269999980926514
YER062C,YGR180C,0,-3.3848078,0.09164264798164368,0.47699999809265137,0.47279998660087585
YJL060W,YER118C,0,-3.3848116,0.09162504971027374,0.47699999809265137,0.47290000319480896
YJR078W,YGR172C,0,-3.384827,0.09160745143890381,0.47699999809265137,0.4729999899864197
YLR215C,YKR034W,0,-3.3848622,0.09158986061811447,0.47699999809265137,0.4731000065803528
YIR028W,YBL079W,0,-3.3848703,0.09157227724790573,0.47699999809265137,0.4731999933719635
YDR279W,YDL058W,0,-3.384908,0.09155470132827759,0.47699999809265137,0.4733000099658966
YBR009C,YDR071C,0,-3.3849356,0.09153713285923004,0.47699999809265137,0.4733999967575073
YLR228C,YBR017C,0,-3.3851016,0.09151957184076309,0.47699999809265137,0.47350001335144043
YHL040C,YGL209W,0,-3.3851156,0.09150201082229614,0.47699999809265137,0.47360000014305115
YER061C,YGR191W,0,-3.3855975,0.09148446470499039,0.47699999809265137,0.47369998693466187
YGR220C,YHR060W,0,-3.3856103,0.09146692603826523,0.47699999809265137,0.47380000352859497
YDR427W,YNL206C,0,-3.3856518,0.09144938737154007,0.47699999809265137,0.4738999903202057
YHR072W-A,YPL239W,0,-3.3856642,0.09143185615539551,0.47699999809265137,0.4740000069141388
YJR013W,YOR295W,0,-3.385705,0.09141433238983154,0.47699999809265137,0.4740999937057495
YER167W,YER155C,0,-3.3857954,0.09139681607484818,0.47699999809265137,0.4742000102996826
YLL042C,YDR077W,0,-3.3858268,0.0913793072104454,0.47699999809265137,0.47429999709129333
YLL013C,YBL025W,0,-3.3858538,0.09136180579662323,0.47699999809265137,0.47440001368522644
YKL206C,YOL127W,0,-3.385928,0.09134431183338165,0.47699999809265137,0.47450000047683716
YBR042C,YLR451W,0,-3.3859398,0.09132682532072067,0.47699999809265137,0.4745999872684479
YIL154C,YCR052W,0,-3.3859966,0.09130933880805969,0.47699999809265137,0.474700003862381
YOR198C,YHR098C,0,-3.3860295,0.0912918671965599,0.47699999809265137,0.4747999906539917
YML077W,YNL070W,0,-3.386068,0.09127439558506012,0.47699999809265137,0.4749000072479248
YBR022W,YBL025W,0,-3.386124,0.09125693142414093,0.47699999809265137,0.4749999940395355
YGR180C,YER125W,0,-3.3861287,0.09123948216438293,0.47699999809265137,0.47510001063346863
YGL251C,YLR154C,0,-3.38613,0.09122203290462494,0.47699999809265137,0.47519999742507935
YEL027W,YKR053C,0,-3.3861616,0.09120459109544754,0.47699999809265137,0.47530001401901245
YGL017W,YBR121C,0,-3.386221,0.09118715673685074,0.47699999809265137,0.47540000081062317
YDL175C,YPL048W,0,-3.3862545,0.09116972237825394,0.47699999809265137,0.4754999876022339
YDL047W,YKR059W,1,-3.3862667,0.09134339541196823,0.4779999852180481,0.4754999876022339
YMR012W,YDR135C,0,-3.3862808,0.09132594615221024,0.4779999852180481,0.475600004196167
YBL064C,YGR183C,0,-3.3863533,0.09130849689245224,0.4779999852180481,0.4756999909877777
YIL098C,YNL328C,0,-3.3864331,0.09129106253385544,0.4779999852180481,0.4758000075817108
YGR140W,YLR369W,0,-3.3864717,0.09127362817525864,0.4779999852180481,0.47589999437332153
YOR078W,YAL013W,1,-3.386498,0.09144711494445801,0.4790000021457672,0.47589999437332153
YMR292W,YER173W,0,-3.386644,0.09142966568470001,0.4790000021457672,0.47600001096725464
YPL095C,YKR062W,0,-3.386657,0.09141221642494202,0.4790000021457672,0.47609999775886536
YMR287C,YOL006C,0,-3.386689,0.09139477461576462,0.4790000021457672,0.47620001435279846
YBL006C,YHL011C,1,-3.3867378,0.09156810492277145,0.47999998927116394,0.47620001435279846
YGL013C,YKL020C,0,-3.386792,0.09155064076185226,0.47999998927116394,0.4763000011444092
YLR195C,YDR362C,0,-3.386809,0.09153318405151367,0.47999998927116394,0.4763999879360199
YDR030C,YLR045C,0,-3.3868248,0.09151572734117508,0.47999998927116394,0.476500004529953
YEL018W,YIL021W,0,-3.3868299,0.09149828553199768,0.47999998927116394,0.4765999913215637
YDR412W,YGR152C,0,-3.3868644,0.09148084372282028,0.47999998927116394,0.4767000079154968
YER019W,YGL028C,0,-3.3869445,0.09146341681480408,0.47999998927116394,0.47679999470710754
YGR145W,YLR039C,0,-3.3869536,0.09144598990678787,0.47999998927116394,0.47690001130104065
YHR139C,YHR167W,1,-3.3869927,0.09161904454231262,0.48100000619888306,0.47690001130104065
YHR086W,YDL085W,0,-3.387129,0.09160160273313522,0.48100000619888306,0.47699999809265137
YNL230C,YJR093C,0,-3.3871825,0.09158416092395782,0.48100000619888306,0.4771000146865845
YBL105C,YPR007C,0,-3.3872254,0.09156672656536102,0.48100000619888306,0.4772000014781952
YGL071W,YHR014W,0,-3.3872526,0.09154929220676422,0.48100000619888306,0.4772999882698059
YNL148C,YDR518W,0,-3.387291,0.09153187274932861,0.48100000619888306,0.477400004863739
YDR393W,YNL263C,0,-3.387293,0.0915144607424736,0.48100000619888306,0.47749999165534973
YMR036C,YMR097C,0,-3.3873594,0.09149704873561859,0.48100000619888306,0.47760000824928284
YMR168C,YOR069W,0,-3.387421,0.09147965162992477,0.48100000619888306,0.47769999504089355
YBR136W,YML001W,1,-3.387426,0.09165240824222565,0.4819999933242798,0.47769999504089355
YPR080W,YDL190C,0,-3.3874855,0.09163498133420944,0.4819999933242798,0.47780001163482666
YBR256C,YDR057W,0,-3.387492,0.09161756187677383,0.4819999933242798,0.4778999984264374
YER159C,YLR411W,0,-3.3875048,0.09160014986991882,0.4819999933242798,0.4779999852180481
YER172C,YLL003W,0,-3.3875048,0.09158274531364441,0.4819999933242798,0.4781000018119812
YJR112W,YPL232W,0,-3.3875604,0.09156534820795059,0.4819999933242798,0.4781999886035919
YGR218W,YDR045C,0,-3.3875985,0.09154795855283737,0.4819999933242798,0.478300005197525
YGL061C,YPL026C,0,-3.3876293,0.09153057634830475,0.4819999933242798,0.47839999198913574
YKL043W,YDR393W,0,-3.3877308,0.09151319414377213,0.4819999933242798,0.47850000858306885
YOL080C,YIL039W,0,-3.387951,0.0914958268404007,0.4819999933242798,0.47859999537467957
YNL297C,YER094C,0,-3.3880017,0.09147845953702927,0.4819999933242798,0.47870001196861267
YPR073C,YHL007C,0,-3.3880036,0.09146109968423843,0.4819999933242798,0.4787999987602234
YPR201W,YHR108W,0,-3.3881197,0.0914437472820282,0.4819999933242798,0.4788999855518341
YBR185C,YER087C-B,0,-3.388163,0.09142640233039856,0.4819999933242798,0.4790000021457672
YLR275W,YNL263C,0,-3.3882723,0.09140906482934952,0.4819999933242798,0.47909998893737793
YDL217C,YPL176C,0,-3.388294,0.09139173477888107,0.4819999933242798,0.47920000553131104
YGR147C,YOL127W,0,-3.3883228,0.09137440472841263,0.4819999933242798,0.47929999232292175
YGR113W,YCR028C,0,-3.3883362,0.09135708957910538,0.4819999933242798,0.47940000891685486
YAL012W,YHR108W,0,-3.388417,0.09133977442979813,0.4819999933242798,0.4794999957084656
YDR071C,YKL042W,0,-3.388534,0.09132247418165207,0.4819999933242798,0.4796000123023987
YNL020C,YJL111W,0,-3.3885384,0.09130517393350601,0.4819999933242798,0.4796999990940094
YGR220C,YMR218C,0,-3.3885393,0.09128788113594055,0.4819999933242798,0.4797999858856201
YPL050C,YOL045W,0,-3.3886726,0.09127059578895569,0.4819999933242798,0.4799000024795532
YER155C,YCL055W,0,-3.3886888,0.09125331044197083,0.4819999933242798,0.47999998927116394
YOL012C,YGL106W,0,-3.3889182,0.09123603999614716,0.4819999933242798,0.48010000586509705
YNL278W,YLR191W,0,-3.389085,0.09121877700090408,0.4819999933242798,0.48019999265670776
YNL231C,YOR353C,0,-3.3893235,0.09120151400566101,0.4819999933242798,0.48030000925064087
YGR276C,YOR068C,0,-3.389341,0.09118425846099854,0.4819999933242798,0.4803999960422516
YHR143W,YIL154C,0,-3.3894188,0.09116701036691666,0.4819999933242798,0.4805000126361847
YER142C,YER024W,0,-3.389487,0.09114976972341537,0.4819999933242798,0.4805999994277954
YBR156C,YOL020W,1,-3.3895385,0.09132160991430283,0.4830000102519989,0.4805999994277954
YIL103W,YPR161C,0,-3.3895996,0.09130434691905975,0.4830000102519989,0.48069998621940613
YGR113W,YER035W,0,-3.3895998,0.09128709137439728,0.4830000102519989,0.48080000281333923
YLR069C,YPL026C,0,-3.389609,0.0912698432803154,0.4830000102519989,0.48089998960494995
YEL027W,YER072W,0,-3.3897383,0.09125259518623352,0.4830000102519989,0.48100000619888306
YJL010C,YMR227C,0,-3.389897,0.09123536199331284,0.4830000102519989,0.4810999929904938
YPL126W,YDR235W,0,-3.3899074,0.09121812880039215,0.4830000102519989,0.4812000095844269
YDR295C,YML060W,1,-3.3899343,0.0913897305727005,0.48399999737739563,0.4812000095844269
YPR155C,YAL005C,0,-3.389961,0.09137247502803802,0.48399999737739563,0.4812999963760376
YER088C,YML123C,0,-3.389976,0.09135522693395615,0.48399999737739563,0.4814000129699707
YMR168C,YDR472W,0,-3.3899782,0.09133798629045486,0.48399999737739563,0.4814999997615814
YJR108W,YGL008C,0,-3.389992,0.09132075309753418,0.48399999737739563,0.48159998655319214
YOR191W,YDL185W,0,-3.3901074,0.09130352735519409,0.48399999737739563,0.48170000314712524
YGR177C,YKR087C,0,-3.3901951,0.0912863090634346,0.48399999737739563,0.48179998993873596
YCL014W,YDL185W,0,-3.3902154,0.09126909077167511,0.48399999737739563,0.48190000653266907
YLR314C,YIR028W,0,-3.3902776,0.09125188738107681,0.48399999737739563,0.4819999933242798
YFL039C,YKL043W,0,-3.390338,0.09123468399047852,0.48399999737739563,0.4821000099182129
YOR014W,YCL032W,0,-3.390347,0.09121748805046082,0.48399999737739563,0.4821999967098236
YNL037C,YKR052C,0,-3.3904498,0.09120029956102371,0.48399999737739563,0.4823000133037567
YER125W,YNL311C,0,-3.3906074,0.0911831185221672,0.48399999737739563,0.48240000009536743
YPL012W,YML049C,0,-3.3906424,0.0911659449338913,0.48399999737739563,0.48249998688697815
YLL061W,YDR279W,0,-3.3906715,0.09114877879619598,0.48399999737739563,0.48260000348091125
YLR102C,YNR032W,0,-3.3907049,0.09113161265850067,0.48399999737739563,0.482699990272522
YDR270W,YJL054W,0,-3.3907056,0.09111446142196655,0.48399999737739563,0.4828000068664551
YOR173W,YKL173W,0,-3.3907251,0.09109731018543243,0.48399999737739563,0.4828999936580658
YNL133C,YML001W,1,-3.3907344,0.09126834571361542,0.48500001430511475,0.4828999936580658
YDL099W,YNL329C,0,-3.3907733,0.0912511795759201,0.48500001430511475,0.4830000102519989
YGR167W,YPL200W,0,-3.3907862,0.09123401343822479,0.48500001430511475,0.4830999970436096
YNL020C,YAL020C,0,-3.390906,0.09121685475111008,0.48500001430511475,0.4832000136375427
YJL110C,YOR233W,0,-3.3909075,0.09119969606399536,0.48500001430511475,0.48330000042915344
YOR150W,YGL028C,0,-3.3909476,0.09118255227804184,0.48500001430511475,0.48339998722076416
YMR229C,YJL029C,0,-3.3909533,0.09116541594266891,0.48500001430511475,0.48350000381469727
YGL130W,YJR019C,0,-3.3910449,0.09114827960729599,0.48500001430511475,0.483599990606308
YAL010C,YGL025C,1,-3.3910553,0.09131905436515808,0.4860000014305115,0.483599990606308
YBR272C,YGL151W,0,-3.3911755,0.09130189567804337,0.4860000014305115,0.4837000072002411
YPR199C,YOL128C,0,-3.3912513,0.09128475189208984,0.4860000014305115,0.4837999939918518
YJL166W,YDR470C,0,-3.391261,0.09126760810613632,0.4860000014305115,0.4839000105857849
YAL054C,YDR416W,0,-3.391268,0.0912504717707634,0.4860000014305115,0.48399999737739563
YPR005C,YGL175C,0,-3.3913531,0.09123334288597107,0.4860000014305115,0.48410001397132874
YPL160W,YHL003C,0,-3.3914592,0.09121621400117874,0.4860000014305115,0.48420000076293945
YBL085W,YER056C,0,-3.3914592,0.09119910001754761,0.4860000014305115,0.48429998755455017
YPL240C,YNL291C,0,-3.3915625,0.09118198603391647,0.4860000014305115,0.4844000041484833
YIL150C,YLR139C,0,-3.3916194,0.09116488695144653,0.4860000014305115,0.484499990940094
YNL271C,YMR219W,0,-3.3916605,0.09114778786897659,0.4860000014305115,0.4846000075340271
YKL206C,YNL188W,0,-3.3917391,0.09113069623708725,0.4860000014305115,0.4846999943256378
YIR021W,YGL175C,0,-3.3918085,0.0911136120557785,0.4860000014305115,0.4848000109195709
YER119C,YER072W,0,-3.3918827,0.09109653532505035,0.4860000014305115,0.48489999771118164
YML031W,YDR416W,0,-3.3919551,0.0910794585943222,0.4860000014305115,0.48500001430511475
YLR039C,YGL175C,0,-3.3921034,0.09106239676475525,0.4860000014305115,0.48510000109672546
YIL079C,YOR011W,0,-3.3921072,0.0910453349351883,0.4860000014305115,0.4851999878883362
YMR168C,YDL147W,0,-3.3921247,0.09102828055620193,0.4860000014305115,0.4853000044822693
YHR085W,YOL101C,0,-3.3921425,0.09101123362779617,0.4860000014305115,0.48539999127388
YML123C,YNL098C,0,-3.3922126,0.09099419414997101,0.4860000014305115,0.4855000078678131
YHR194W,YGR213C,0,-3.3922536,0.09097716212272644,0.4860000014305115,0.48559999465942383
YKL084W,YNL318C,0,-3.3923762,0.09096013754606247,0.4860000014305115,0.48570001125335693
YNL135C,YGR006W,0,-3.3924127,0.0909431129693985,0.4860000014305115,0.48579999804496765
YHR052W,YML123C,0,-3.3925033,0.09092609584331512,0.4860000014305115,0.48590001463890076
YNL009W,YBR043C,0,-3.3926091,0.09090909361839294,0.4860000014305115,0.4860000014305115
YNL219C,YMR035W,0,-3.3926566,0.09089209139347076,0.4860000014305115,0.4860999882221222
YFR027W,YPL146C,0,-3.3927164,0.09087509661912918,0.4860000014305115,0.4862000048160553
YER025W,YHR079C,0,-3.3927352,0.0908581018447876,0.4860000014305115,0.486299991607666
YPR110C,YDR167W,0,-3.3927872,0.09084112197160721,0.4860000014305115,0.4864000082015991
YDL142C,YOR083W,0,-3.3928816,0.09082414209842682,0.4860000014305115,0.48649999499320984
YNL334C,YNL244C,0,-3.3929117,0.09080717712640762,0.4860000014305115,0.48660001158714294
YER168C,YML115C,0,-3.392988,0.09079021215438843,0.4860000014305115,0.48669999837875366
YDR004W,YOL020W,1,-3.3930647,0.09096003323793411,0.4869999885559082,0.48669999837875366
YPL050C,YHR118C,0,-3.3932054,0.09094304591417313,0.4869999885559082,0.4867999851703644
YCL052C,YDR490C,0,-3.393209,0.09092606604099274,0.4869999885559082,0.4869000017642975
YOR377W,YNR047W,0,-3.393226,0.09090909361839294,0.4869999885559082,0.4869999885559082
YOL082W,YER159C,0,-3.393283,0.09089212119579315,0.4869999885559082,0.4871000051498413
YLR080W,YGR009C,0,-3.3932898,0.09087516367435455,0.4869999885559082,0.487199991941452
YDR165W,YDR259C,0,-3.3933334,0.09085820615291595,0.4869999885559082,0.48730000853538513
YIL026C,YLR141W,0,-3.3934495,0.09084126353263855,0.4869999885559082,0.48739999532699585
YDR143C,YDR400W,0,-3.3935544,0.09082432091236115,0.4869999885559082,0.48750001192092896
YNR010W,YLR052W,0,-3.3936822,0.09080738574266434,0.4869999885559082,0.4875999987125397
YOR002W,YMR287C,0,-3.3936827,0.09079045802354813,0.4869999885559082,0.4876999855041504
YDR076W,YPR161C,0,-3.3936937,0.09077353030443192,0.4869999885559082,0.4878000020980835
YCR047C,YDR235W,0,-3.3937042,0.0907566174864769,0.4869999885559082,0.4878999888896942
YDL213C,YBR073W,0,-3.393709,0.09073970466852188,0.4869999885559082,0.4880000054836273
YBR135W,YOR027W,0,-3.3937802,0.09072279930114746,0.4869999885559082,0.48809999227523804
YCR037C,YGR118W,1,-3.393903,0.09089215844869614,0.4880000054836273,0.48809999227523804
YEL003W,YDR386W,0,-3.393946,0.09087523072957993,0.4880000054836273,0.48820000886917114
YPR132W,YNL032W,1,-3.3939698,0.09104450047016144,0.48899999260902405,0.48820000886917114
YCR053W,YLR130C,0,-3.3939817,0.09102755039930344,0.48899999260902405,0.48829999566078186
YOL051W,YNL243W,1,-3.394045,0.09119672328233719,0.49000000953674316,0.48829999566078186
YDR143C,YGR063C,0,-3.394048,0.0911797508597374,0.49000000953674316,0.48840001225471497
YFL011W,YJL112W,0,-3.394101,0.0911627933382988,0.49000000953674316,0.4884999990463257
YGL122C,YPL096W,0,-3.394128,0.0911458358168602,0.49000000953674316,0.4885999858379364
YIL009C-A,YLR150W,1,-3.3941352,0.09131485968828201,0.4909999966621399,0.4885999858379364
YJL013C,YJL004C,0,-3.3942368,0.09129787981510162,0.4909999966621399,0.4887000024318695
YER044C,YDR335W,0,-3.3942645,0.09128090739250183,0.4909999966621399,0.4887999892234802
YJR064W,YER174C,0,-3.394265,0.09126394242048264,0.4909999966621399,0.48890000581741333
YDR363W-A,YMR106C,1,-3.3944266,0.09143281728029251,0.492000013589859,0.48890000581741333
YLR190W,YOL147C,0,-3.3944697,0.09141582995653152,0.492000013589859,0.48899999260902405
YKL179C,YOL135C,0,-3.394629,0.09139885008335114,0.492000013589859,0.48910000920295715
YER105C,YKL108W,0,-3.3946292,0.09138187021017075,0.492000013589859,0.48919999599456787
YOR067C,YKL179C,0,-3.3946462,0.09136490523815155,0.492000013589859,0.489300012588501
YNL051W,YHR026W,0,-3.3946736,0.09134794026613235,0.492000013589859,0.4893999993801117
YKR083C,YDR309C,0,-3.3946908,0.09133098274469376,0.492000013589859,0.4894999861717224
YOR040W,YLR288C,1,-3.394773,0.09149962663650513,0.49300000071525574,0.4894999861717224
YGL047W,YPR075C,0,-3.394821,0.09148264676332474,0.49300000071525574,0.4896000027656555
YCR088W,YBR110W,0,-3.3948476,0.09146567434072495,0.49300000071525574,0.48969998955726624
YNL163C,YBR182C,0,-3.3949356,0.09144870936870575,0.49300000071525574,0.48980000615119934
YMR137C,YDR303C,0,-3.3949685,0.09143175184726715,0.49300000071525574,0.48989999294281006
YJL214W,YKR003W,0,-3.395083,0.09141479432582855,0.49300000071525574,0.49000000953674316
YLL042C,YDR285W,0,-3.3951223,0.09139785170555115,0.49300000071525574,0.4900999963283539
YFL011W,YGL011C,0,-3.3951986,0.09138090908527374,0.49300000071525574,0.490200012922287
YLR109W,YOR160W,0,-3.3952386,0.09136397391557693,0.49300000071525574,0.4902999997138977
YJR043C,YLR264W,1,-3.3952558,0.09153233468532562,0.49399998784065247,0.4902999997138977
YBR217W,YLR429W,0,-3.3955872,0.09151537716388702,0.49399998784065247,0.4903999865055084
YJL209W,YER111C,0,-3.395819,0.09149842709302902,0.49399998784065247,0.49050000309944153
YCL029C,YNR056C,0,-3.3958628,0.09148148447275162,0.49399998784065247,0.49059998989105225
YJR155W,YGR254W,0,-3.395891,0.09146454185247421,0.49399998784065247,0.49070000648498535
YDR096W,YDL230W,0,-3.3959491,0.091447614133358,0.49399998784065247,0.49079999327659607
YNL229C,YLR466W,1,-3.395961,0.09161576628684998,0.4950000047683716,0.49079999327659607
YKL185W,YKL099C,0,-3.3959806,0.09159881621599197,0.4950000047683716,0.4909000098705292
YBR168W,YMR203W,0,-3.3961833,0.09158186614513397,0.4950000047683716,0.4909999966621399
YBL030C,YDL140C,0,-3.3962326,0.09156493097543716,0.4950000047683716,0.491100013256073
YHL025W,YLR435W,0,-3.3962991,0.09154799580574036,0.4950000047683716,0.4912000000476837
YJL092W,YMR234W,0,-3.3963063,0.09153106808662415,0.4950000047683716,0.49129998683929443
YLR288C,YML001W,1,-3.3963187,0.09169901907444,0.4959999918937683,0.49129998683929443
YKL099C,YNL045W,0,-3.3963335,0.091682069003582,0.4959999918937683,0.49140000343322754
YHR108W,YAL031C,0,-3.396357,0.0916651263833046,0.4959999918937683,0.49149999022483826
YLR048W,YML025C,0,-3.3964174,0.09164819121360779,0.4959999918937683,0.49160000681877136
YPL115C,YGL099W,0,-3.3966744,0.09163125604391098,0.4959999918937683,0.4916999936103821
YPL115C,YOL094C,0,-3.3967807,0.09161433577537537,0.4959999918937683,0.4918000102043152
YMR133W,YBR024W,0,-3.396913,0.09159741550683975,0.4959999918937683,0.4918999969959259
YIL014W,YLR382C,0,-3.3969142,0.09158050268888474,0.4959999918937683,0.492000013589859
YKR038C,YDL081C,1,-3.3969152,0.0917482003569603,0.4970000088214874,0.492000013589859
YAR002C-A,YOL067C,0,-3.39697,0.09173126518726349,0.4970000088214874,0.4921000003814697
YML031W,YGR186W,0,-3.3970115,0.09171433746814728,0.4970000088214874,0.49219998717308044
YBR243C,YJL085W,0,-3.3970506,0.09169741719961166,0.4970000088214874,0.49230000376701355
YJL214W,YDL188C,0,-3.3971345,0.09168050438165665,0.4970000088214874,0.49239999055862427
YPL115C,YDR179C,0,-3.3971705,0.09166359156370163,0.4970000088214874,0.4925000071525574
YBL058W,YDR320C,1,-3.3972297,0.09183108806610107,0.49799999594688416,0.4925000071525574
YPL137C,YLR410W,0,-3.39726,0.09181416034698486,0.49799999594688416,0.4925999939441681
YGL045W,YPL007C,0,-3.3973439,0.09179723262786865,0.49799999594688416,0.4927000105381012
YPR037C,YBR195C,0,-3.3973715,0.09178031980991364,0.49799999594688416,0.4927999973297119
YCR020C,YOR217W,0,-3.3973873,0.09176340699195862,0.49799999594688416,0.492900013923645
YAL035W,YKR048C,0,-3.3974187,0.0917465016245842,0.49799999594688416,0.49300000071525574
YHR041C,YKR059W,1,-3.397436,0.09191379696130753,0.49900001287460327,0.49300000071525574
YKL042W,YJL164C,0,-3.3976195,0.09189686924219131,0.49900001287460327,0.49309998750686646
YGR134W,YPL045W,0,-3.39769,0.0918799489736557,0.49900001287460327,0.49320000410079956
YBL078C,YBR092C,0,-3.3977368,0.09186303615570068,0.49900001287460327,0.4932999908924103
YMR234W,YDR389W,0,-3.3977954,0.09184612333774567,0.49900001287460327,0.4934000074863434
YER026C,YOR191W,0,-3.3979156,0.09182922542095184,0.49900001287460327,0.4934999942779541
YKR101W,YLL011W,0,-3.3979332,0.09181232750415802,0.49900001287460327,0.4936000108718872
YOL045W,YOR380W,0,-3.397956,0.0917954370379448,0.49900001287460327,0.4936999976634979
YPR055W,YBR105C,0,-3.3980868,0.09177855402231216,0.49900001287460327,0.49380001425743103
YJL219W,YOR315W,0,-3.3981035,0.09176167845726013,0.49900001287460327,0.49390000104904175
YKR042W,YML093W,0,-3.3981135,0.0917448028922081,0.49900001287460327,0.49399998784065247
YKL117W,YML001W,1,-3.3981528,0.09191176295280457,0.5,0.49399998784065247
YNL147W,YOL061W,1,-3.3981717,0.09207866340875626,0.5009999871253967,0.49399998784065247
YOR249C,YLL008W,0,-3.3982496,0.09206174314022064,0.5009999871253967,0.49410000443458557
YDL164C,YNL282W,0,-3.398266,0.09204483032226562,0.5009999871253967,0.4941999912261963
YER183C,YLR059C,0,-3.398267,0.09202791750431061,0.5009999871253967,0.4943000078201294
YER035W,YIL007C,0,-3.398276,0.09201101958751678,0.5009999871253967,0.4943999946117401
YJR150C,YML046W,0,-3.3983147,0.09199412167072296,0.5009999871253967,0.4945000112056732
YDR420W,YPR042C,0,-3.3983405,0.09197723865509033,0.5009999871253967,0.49459999799728394
YBL084C,YNL248C,0,-3.398447,0.0919603556394577,0.5009999871253967,0.49470001459121704
YBR175W,YLR467W,1,-3.3984687,0.0921269953250885,0.5019999742507935,0.49470001459121704
YOL069W,YJL210W,0,-3.398496,0.09211008995771408,0.5019999742507935,0.49480000138282776
YDR099W,YPL228W,0,-3.3985007,0.09209319204092026,0.5019999742507935,0.4948999881744385
YDR545W,YPL144W,1,-3.3985028,0.0922597199678421,0.503000020980835,0.4948999881744385
YBR040W,YDR515W,0,-3.3985531,0.09224279969930649,0.503000020980835,0.4950000047683716
YDR469W,YER148W,0,-3.3986452,0.09222588688135147,0.503000020980835,0.4950999915599823
YBR243C,YAL059W,0,-3.3987372,0.09220898151397705,0.503000020980835,0.4952000081539154
YOL013C,YGL253W,0,-3.398867,0.09219208359718323,0.503000020980835,0.4952999949455261
YGR077C,YMR305C,0,-3.3988736,0.0921751856803894,0.503000020980835,0.49540001153945923
YHR065C,YHR178W,0,-3.3988812,0.09215830266475677,0.503000020980835,0.49549999833106995
YOR381W,YER178W,0,-3.3989003,0.09214141964912415,0.503000020980835,0.49559998512268066
YOR310C,YOL146W,0,-3.3989902,0.09212454408407211,0.503000020980835,0.49570000171661377
YDL207W,YPR182W,0,-3.3990338,0.09210767596960068,0.503000020980835,0.4957999885082245
YGR204W,YOL133W,0,-3.3990633,0.09209080785512924,0.503000020980835,0.4959000051021576
YMR266W,YKL079W,0,-3.3991027,0.092073954641819,0.503000020980835,0.4959999918937683
YKL194C,YLR340W,0,-3.3991058,0.09205710142850876,0.503000020980835,0.4961000084877014
YLR335W,YFL059W,0,-3.3991206,0.09204025566577911,0.503000020980835,0.49619999527931213
YLR242C,YBR175W,1,-3.3991225,0.09220636636018753,0.5040000081062317,0.49619999527931213
YDL116W,YGL115W,0,-3.3992226,0.0921894982457161,0.5040000081062317,0.49630001187324524
YLR459W,YKL055C,0,-3.3992586,0.09217263758182526,0.5040000081062317,0.49639999866485596
YPL022W,YOR068C,0,-3.3994138,0.09215578436851501,0.5040000081062317,0.4964999854564667
YER168C,YDR463W,0,-3.3994138,0.09213893860578537,0.5040000081062317,0.4966000020503998
YOL031C,YNL107W,0,-3.3995283,0.09212210029363632,0.5040000081062317,0.4966999888420105
YIL042C,YMR106C,1,-3.399552,0.09228800982236862,0.5049999952316284,0.4966999888420105
YJL014W,YDR123C,0,-3.3995597,0.09227114915847778,0.5049999952316284,0.4968000054359436
YGR132C,YML064C,0,-3.399596,0.09225429594516754,0.5049999952316284,0.4968999922275543
YPR168W,YMR182C,0,-3.399624,0.0922374427318573,0.5049999952316284,0.4970000088214874
YER122C,YJL010C,0,-3.399636,0.09222059696912766,0.5049999952316284,0.49709999561309814
YPR046W,YHR086W,0,-3.3996685,0.09220375865697861,0.5049999952316284,0.49720001220703125
YDL178W,YMR021C,0,-3.3996735,0.09218692779541016,0.5049999952316284,0.49729999899864197
YOL011W,YPR042C,0,-3.3996928,0.0921701043844223,0.5049999952316284,0.4973999857902527
YDR265W,YGR129W,0,-3.399704,0.09215328097343445,0.5049999952316284,0.4975000023841858
YGL025C,YBR175W,1,-3.3997507,0.09231892228126526,0.5059999823570251,0.4975000023841858
YIL098C,YGL094C,0,-3.3997536,0.09230207651853561,0.5059999823570251,0.4975999891757965
YNL123W,YJL026W,0,-3.3997982,0.09228524565696716,0.5059999823570251,0.4977000057697296
YML059C,YMR229C,0,-3.3998075,0.09226841479539871,0.5059999823570251,0.49779999256134033
YGR261C,YOR290C,0,-3.3998394,0.09225159883499146,0.5059999823570251,0.49790000915527344
YPL196W,YDR126W,0,-3.3998954,0.0922347828745842,0.5059999823570251,0.49799999594688416
YIL154C,YGR253C,0,-3.3999078,0.09221796691417694,0.5059999823570251,0.49810001254081726
YJR139C,YLR044C,0,-3.400017,0.09220116585493088,0.5059999823570251,0.498199999332428
YPR135W,YHL009C,0,-3.400098,0.09218437224626541,0.5059999823570251,0.4982999861240387
YIR004W,YKR082W,0,-3.4001164,0.09216757863759995,0.5059999823570251,0.4984000027179718
YER019C-A,YDL098C,0,-3.4001987,0.09215079247951508,0.5059999823570251,0.4984999895095825
YDL147W,YJL029C,0,-3.400222,0.0921340137720108,0.5059999823570251,0.4986000061035156
YGL043W,YJR082C,0,-3.4003108,0.09211724251508713,0.5059999823570251,0.49869999289512634
YPR023C,YBR272C,0,-3.4003232,0.09210047125816345,0.5059999823570251,0.49880000948905945
YJR078W,YJR112W,0,-3.4003763,0.09208371490240097,0.5059999823570251,0.49889999628067017
YDR206W,YLR466W,1,-3.4004147,0.09224890917539597,0.5070000290870667,0.49889999628067017
YML112W,YGR007W,0,-3.40052,0.0922321230173111,0.5070000290870667,0.49900001287460327
YGL105W,YNL209W,0,-3.4005642,0.09221535176038742,0.5070000290870667,0.499099999666214
YJR105W,YHR167W,1,-3.4005935,0.09238043427467346,0.5080000162124634,0.499099999666214
YDL081C,YCR073W-A,1,-3.4006271,0.09254545718431473,0.5090000033378601,0.499099999666214
YLR342W,YOR216C,0,-3.4006546,0.09252863377332687,0.5090000033378601,0.4991999864578247
YKR038C,YHR021C,1,-3.4007041,0.09269356727600098,0.5099999904632568,0.4991999864578247
YMR275C,YGL008C,0,-3.4007378,0.09267672151327133,0.5099999904632568,0.4993000030517578
YOR028C,YGR009C,0,-3.4008965,0.09265988320112228,0.5099999904632568,0.49939998984336853
YJR017C,YPR190C,0,-3.400902,0.09264305233955383,0.5099999904632568,0.49950000643730164
YKL009W,YDR320C,1,-3.40093,0.0928078442811966,0.5109999775886536,0.49950000643730164
YJL062W,YNL221C,0,-3.4009433,0.09279099106788635,0.5109999775886536,0.49959999322891235
YDL243C,YFL005W,0,-3.4012053,0.09277414530515671,0.5109999775886536,0.49970000982284546
YDR296W,YBR089C-A,0,-3.4012349,0.09275730699300766,0.5109999775886536,0.4997999966144562
YKL189W,YGL226C-A,0,-3.401344,0.09274046868085861,0.5109999775886536,0.4999000132083893
YOL135C,YAL030W,0,-3.4013903,0.09272364526987076,0.5109999775886536,0.5
YPR193C,YMR054W,0,-3.4014165,0.0927068218588829,0.5109999775886536,0.5001000165939331
YNL133C,YNL025C,1,-3.401439,0.09287139773368835,0.5120000243186951,0.5001000165939331
YPL262W,YJR035W,0,-3.4014704,0.09285455197095871,0.5120000243186951,0.5001999735832214
YJR131W,YLR034C,0,-3.4014764,0.09283771365880966,0.5120000243186951,0.5002999901771545
YNL261W,YOL102C,0,-3.4015791,0.09282088279724121,0.5120000243186951,0.5004000067710876
YKL179C,YKL084W,0,-3.4016323,0.09280405938625336,0.5120000243186951,0.5005000233650208
YDL188C,YNR048W,0,-3.401904,0.0927872434258461,0.5120000243186951,0.5005999803543091
YOL063C,YJR153W,0,-3.4019258,0.09277042746543884,0.5120000243186951,0.5006999969482422
YHR092C,YDR207C,0,-3.402003,0.09275362640619278,0.5120000243186951,0.5008000135421753
YMR113W,YGL133W,0,-3.4021356,0.09273682534694672,0.5120000243186951,0.5008999705314636
YDL059C,YDR443C,1,-3.40219,0.09290112555027008,0.5130000114440918,0.5008999705314636
YHR085W,YNL267W,0,-3.4021912,0.09288430213928223,0.5130000114440918,0.5009999871253967
YOR201C,YKL120W,0,-3.402261,0.09286748617887497,0.5130000114440918,0.5011000037193298
YGL084C,YJR145C,1,-3.4022677,0.09303167462348938,0.5139999985694885,0.5011000037193298
YDR013W,YOR272W,0,-3.402283,0.09301483631134033,0.5139999985694885,0.5012000203132629
YMR220W,YDR183W,0,-3.4022849,0.09299801290035248,0.5139999985694885,0.5012999773025513
YDR381W,YPL033C,0,-3.4023025,0.09298118948936462,0.5139999985694885,0.5013999938964844
YJL106W,YML098W,0,-3.4023387,0.09296436607837677,0.5139999985694885,0.5015000104904175
YOL112W,YPR140W,0,-3.4024,0.09294755756855011,0.5139999985694885,0.5016000270843506
YDR106W,YIL098C,0,-3.402469,0.09293075650930405,0.5139999985694885,0.5016999840736389
YDR284C,YDR129C,0,-3.4025805,0.09291395545005798,0.5139999985694885,0.501800000667572
YPR057W,YPL006W,0,-3.4026103,0.09289716184139252,0.5139999985694885,0.5019000172615051
YLR324W,YLR398C,0,-3.4026663,0.09288037568330765,0.5139999985694885,0.5019999742507935
YOR256C,YDR453C,0,-3.4027085,0.09286359697580338,0.5139999985694885,0.5020999908447266
YOR198C,YGR274C,0,-3.4028423,0.0928468182682991,0.5139999985694885,0.5022000074386597
YBR195C,YML095C,0,-3.4029357,0.09283005446195602,0.5139999985694885,0.5023000240325928
YDR295C,YGR159C,1,-3.402952,0.09299386292695999,0.5149999856948853,0.5023000240325928
YMR172W,YJR086W,0,-3.4029715,0.09297706931829453,0.5149999856948853,0.5023999810218811
YLR411W,YER035W,0,-3.403033,0.09296029061079025,0.5149999856948853,0.5024999976158142
YCR092C,YEL013W,0,-3.4031146,0.09294351190328598,0.5149999856948853,0.5026000142097473
YCR094W,YGL112C,0,-3.4031227,0.0929267406463623,0.5149999856948853,0.5026999711990356
YJL156C,YPL063W,0,-3.4032776,0.09290997684001923,0.5149999856948853,0.5027999877929688
YPL227C,YOL156W,0,-3.4032786,0.09289322048425674,0.5149999856948853,0.5029000043869019
YOL001W,YNL025C,1,-3.4033015,0.0930568054318428,0.515999972820282,0.5029000043869019
YDR393W,YJL141C,0,-3.4033792,0.09304002672433853,0.515999972820282,0.503000020980835
YPR201W,YPL190C,0,-3.4035013,0.09302325546741486,0.515999972820282,0.5030999779701233
YGL078C,YIL022W,0,-3.4036005,0.09300649166107178,0.515999972820282,0.5031999945640564
YIL112W,YLR396C,0,-3.4036036,0.0929897278547287,0.515999972820282,0.5033000111579895
YKL139W,YPL144W,1,-3.4037197,0.09315315634012222,0.5170000195503235,0.5033000111579895
YOL145C,YOL033W,0,-3.40376,0.09313637018203735,0.5170000195503235,0.5034000277519226
YDL108W,YPL235W,0,-3.4037616,0.09311959892511368,0.5170000195503235,0.5034999847412109
YGL047W,YCL004W,0,-3.4038162,0.09310282766819,0.5170000195503235,0.503600001335144
YPL170W,YJL127C,0,-3.4039023,0.09308606386184692,0.5170000195503235,0.5037000179290771
YMR280C,YJL183W,0,-3.4039097,0.09306930750608444,0.5170000195503235,0.5037999749183655
YLR055C,YCR053W,0,-3.4039123,0.09305255860090256,0.5170000195503235,0.5038999915122986
YMR135C,YPL087W,0,-3.4040463,0.09303580969572067,0.5170000195503235,0.5040000081062317
YPL179W,YFL060C,0,-3.404065,0.09301906824111938,0.5170000195503235,0.5041000247001648
YOL051W,YLR148W,1,-3.4040732,0.09318222850561142,0.5180000066757202,0.5041000247001648
YKL139W,YMR070W,1,-3.4041152,0.09334532171487808,0.5189999938011169,0.5041000247001648
YJL006C,YOR297C,0,-3.4041326,0.09332853555679321,0.5189999938011169,0.5041999816894531
YBL032W,YBR097W,1,-3.404186,0.09349154680967331,0.5199999809265137,0.5041999816894531
YPL091W,YEL002C,0,-3.4042175,0.09347474575042725,0.5199999809265137,0.5042999982833862
YOR377W,YNL116W,0,-3.4042318,0.09345794469118118,0.5199999809265137,0.5044000148773193
YKL190W,YDR325W,0,-3.404293,0.09344115108251572,0.5199999809265137,0.5044999718666077
YLR210W,YOL063C,0,-3.4043136,0.09342436492443085,0.5199999809265137,0.5045999884605408
YGL122C,YNL202W,0,-3.404318,0.09340757876634598,0.5199999809265137,0.5047000050544739
YNL020C,YDL230W,0,-3.4043472,0.0933908075094223,0.5199999809265137,0.504800021648407
YGL122C,YIL105C,0,-3.404368,0.09337403625249863,0.5199999809265137,0.5048999786376953
YPL265W,YHR163W,0,-3.4044304,0.09335727244615555,0.5199999809265137,0.5049999952316284
YKR054C,YDR023W,0,-3.4044852,0.09334051609039307,0.5199999809265137,0.5051000118255615
YNL015W,YDL138W,0,-3.404517,0.09332375973463058,0.5199999809265137,0.5052000284194946
YNL325C,YOR147W,0,-3.404569,0.0933070182800293,0.5199999809265137,0.505299985408783
YMR113W,YJR104C,0,-3.4045694,0.09329027682542801,0.5199999809265137,0.5054000020027161
YPR051W,YDL077C,1,-3.4045992,0.09345291554927826,0.5210000276565552,0.5054000020027161
YIL053W,YPR121W,0,-3.404691,0.09343615174293518,0.5210000276565552,0.5055000185966492
YAL054C,YJR040W,0,-3.4047825,0.0934194028377533,0.5210000276565552,0.5055999755859375
YNL111C,YBR213W,0,-3.4048214,0.09340265393257141,0.5210000276565552,0.5056999921798706
YGR257C,YPL258C,0,-3.404866,0.09338591247797012,0.5210000276565552,0.5058000087738037
YKL160W,YHR163W,0,-3.4049814,0.09336917847394943,0.5210000276565552,0.5059000253677368
YDL093W,YIL037C,0,-3.405008,0.09335244446992874,0.5210000276565552,0.5059999823570251
YML061C,YPL065W,1,-3.4050462,0.09351486712694168,0.5220000147819519,0.5059999823570251
YNL243W,YOR043W,1,-3.4051616,0.09367723762989044,0.5230000019073486,0.5059999823570251
YDR224C,YJL164C,0,-3.4052427,0.09366045892238617,0.5230000019073486,0.5060999989509583
YJL125C,YCR027C,0,-3.405296,0.0936436876654625,0.5230000019073486,0.5062000155448914
YDL083C,YGR042W,1,-3.405309,0.0938059464097023,0.5239999890327454,0.5062000155448914
YGL136C,YMR284W,1,-3.4053252,0.09396813809871674,0.5249999761581421,0.5062000155448914
YDR138W,YBL058W,1,-3.4053347,0.09413027763366699,0.5260000228881836,0.5062000155448914
YER155C,YBR188C,0,-3.4053867,0.09411343932151794,0.5260000228881836,0.5062999725341797
YMR275C,YJL108C,0,-3.405481,0.0940966010093689,0.5260000228881836,0.5063999891281128
YDR016C,YKL014C,0,-3.4054916,0.09407977014780045,0.5260000228881836,0.5065000057220459
YJL099W,YMR311C,0,-3.405509,0.09406294673681259,0.5260000228881836,0.506600022315979
YLR172C,YBR069C,0,-3.4055579,0.09404613077640533,0.5260000228881836,0.5066999793052673
YOR341W,YNL263C,0,-3.4056056,0.09402931481599808,0.5260000228881836,0.5067999958992004
YMR150C,YIL109C,0,-3.4056454,0.09401251375675201,0.5260000228881836,0.5069000124931335
YDL095W,YDR235W,0,-3.4057813,0.09399571269750595,0.5260000228881836,0.5070000290870667
YPL255W,YIL173W,0,-3.4057827,0.09397891908884048,0.5260000228881836,0.507099986076355
YML094W,YBR152W,0,-3.4058533,0.09396213293075562,0.5260000228881836,0.5072000026702881
YER129W,YGL028C,0,-3.4058545,0.09394534677267075,0.5260000228881836,0.5073000192642212
YER021W,YBR231C,0,-3.405876,0.09392856806516647,0.5260000228881836,0.5073999762535095
YFL018C,YMR059W,0,-3.4059062,0.0939118042588234,0.5260000228881836,0.5074999928474426
YDL227C,YDR436W,0,-3.4059951,0.09389504045248032,0.5260000228881836,0.5076000094413757
YGL144C,YNR031C,0,-3.4060903,0.09387827664613724,0.5260000228881836,0.5077000260353088
YBL040C,YLL061W,0,-3.4062722,0.09386152774095535,0.5260000228881836,0.5077999830245972
YMR116C,YDR138W,1,-3.4063442,0.0940231904387474,0.5270000100135803,0.5077999830245972
YGL122C,YPL033C,0,-3.4063504,0.09400641918182373,0.5270000100135803,0.5078999996185303
YJR074W,YNL131W,0,-3.4064476,0.09398965537548065,0.5270000100135803,0.5080000162124634
YNL312W,YJR104C,0,-3.4067216,0.09397289901971817,0.5270000100135803,0.5080999732017517
YLR303W,YBR280C,0,-3.4067433,0.09395614266395569,0.5270000100135803,0.5081999897956848
YER114C,YML088W,0,-3.4069712,0.0939393937587738,0.5270000100135803,0.5083000063896179
YBR102C,YOR151C,0,-3.4069855,0.09392265230417252,0.5270000100135803,0.508400022983551
YBR296C,YDL043C,0,-3.407008,0.09390591830015182,0.5270000100135803,0.5084999799728394
YDL056W,YOR340C,0,-3.407016,0.09388918429613113,0.5270000100135803,0.5085999965667725
YPL164C,YDR092W,0,-3.4070342,0.09387246519327164,0.5270000100135803,0.5087000131607056
YBL032W,YDR174W,1,-3.4070866,0.09403383731842041,0.527999997138977,0.5087000131607056
YPR073C,YCR072C,0,-3.4070952,0.09401709586381912,0.527999997138977,0.5088000297546387
YHR081W,YBR175W,1,-3.4071333,0.09417838603258133,0.5289999842643738,0.5088000297546387
YMR288W,YLR067C,0,-3.4071388,0.09416162222623825,0.5289999842643738,0.508899986743927
YDR188W,YDR436W,0,-3.407153,0.09414486587047577,0.5289999842643738,0.5090000033378601
YML094W,YML076C,0,-3.407198,0.09412811696529388,0.5289999842643738,0.5091000199317932
YMR168C,YKL021C,0,-3.4072366,0.094111368060112,0.5289999842643738,0.5091999769210815
YEL030W,YER109C,0,-3.4072394,0.09409462660551071,0.5289999842643738,0.5092999935150146
YJL210W,YHR163W,0,-3.4072978,0.09407789260149002,0.5289999842643738,0.5094000101089478
YAL040C,YFR052W,0,-3.4073384,0.09406116604804993,0.5289999842643738,0.5095000267028809
YKL005C,YBL034C,0,-3.4074314,0.09404444694519043,0.5289999842643738,0.5095999836921692
YML031W,YJR132W,0,-3.4074388,0.09402772784233093,0.5289999842643738,0.5097000002861023
YDR085C,YKR062W,0,-3.407509,0.09401101619005203,0.5289999842643738,0.5098000168800354
YJL058C,YPL046C,0,-3.407531,0.09399431198835373,0.5289999842643738,0.5098999738693237
YPR105C,YGR288W,0,-3.4077008,0.09397761523723602,0.5289999842643738,0.5099999904632568
YBR024W,YDR218C,0,-3.407719,0.09396092593669891,0.5289999842643738,0.5101000070571899
YNL327W,YNL131W,0,-3.4077585,0.0939442366361618,0.5289999842643738,0.510200023651123
YGR132C,YMR293C,0,-3.40778,0.09392755478620529,0.5289999842643738,0.5102999806404114
YDR159W,YHR070W,0,-3.407849,0.09391088038682938,0.5289999842643738,0.5103999972343445
YDL181W,YJL042W,0,-3.407896,0.09389421343803406,0.5289999842643738,0.5105000138282776
YKR034W,YDL159W,0,-3.407952,0.09387755393981934,0.5289999842643738,0.5105999708175659
YLR424W,YGR047C,0,-3.4079635,0.09386089444160461,0.5289999842643738,0.510699987411499
YOR231W,YGR033C,0,-3.4080198,0.09384424239397049,0.5289999842643738,0.5108000040054321
YMR080C,YDL047W,1,-3.408029,0.09400496631860733,0.5299999713897705,0.5108000040054321
YAL058W,YGL043W,0,-3.4080365,0.09398829936981201,0.5299999713897705,0.5109000205993652
YML086C,YJL124C,0,-3.408075,0.0939716324210167,0.5299999713897705,0.5109999775886536
YJL071W,YDR418W,1,-3.408141,0.09413224458694458,0.531000018119812,0.5109999775886536
YIL007C,YBR066C,0,-3.4081452,0.09411556273698807,0.531000018119812,0.5110999941825867
YDL088C,YHR118C,0,-3.4081717,0.09409888088703156,0.531000018119812,0.5112000107765198
YGL013C,YDR311W,0,-3.4082901,0.09408221393823624,0.531000018119812,0.5113000273704529
YGR147C,YER120W,0,-3.408328,0.09406554698944092,0.531000018119812,0.5113999843597412
YNL329C,YJL072C,0,-3.4083745,0.0940488874912262,0.531000018119812,0.5115000009536743
YPL254W,YJL140W,1,-3.4084146,0.09420931339263916,0.5320000052452087,0.5115000009536743
YMR012W,YNL054W,0,-3.4084973,0.09419263154268265,0.5320000052452087,0.5116000175476074
YLR390W-A,YER116C,1,-3.4085653,0.09435298293828964,0.5329999923706055,0.5116000175476074
YLR155C,YJL183W,0,-3.4086287,0.09433628618717194,0.5329999923706055,0.5116999745368958
YKL004W,YGR188C,0,-3.4086454,0.09431958943605423,0.5329999923706055,0.5117999911308289
YBR041W,YOR049C,0,-3.4087641,0.09430290013551712,0.5329999923706055,0.511900007724762
YKL054C,YOR043W,1,-3.408769,0.09446311742067337,0.5339999794960022,0.511900007724762
YNL182C,YDR162C,0,-3.40881,0.09444641321897507,0.5339999794960022,0.5120000243186951
YLR353W,YKL045W,0,-3.4088237,0.09442970901727676,0.5339999794960022,0.5120999813079834
YOR157C,YOR259C,0,-3.4089265,0.09441301226615906,0.5339999794960022,0.5121999979019165
YCR014C,YDR362C,0,-3.4090145,0.09439632296562195,0.5339999794960022,0.5123000144958496
YGL089C,YNL218W,0,-3.4090233,0.09437964111566544,0.5339999794960022,0.5123999714851379
YBR091C,YFL060C,0,-3.4090564,0.09436295926570892,0.5339999794960022,0.512499988079071
YGL222C,YEL069C,0,-3.4090884,0.0943462923169136,0.5339999794960022,0.5126000046730042
YOR002W,YLR442C,0,-3.4091246,0.09432962536811829,0.5339999794960022,0.5127000212669373
YML103C,YKR003W,0,-3.4092925,0.09431296586990356,0.5339999794960022,0.5127999782562256
YNR044W,YBR041W,0,-3.409365,0.09429630637168884,0.5339999794960022,0.5128999948501587
YOR243C,YLR221C,0,-3.4093707,0.09427966177463531,0.5339999794960022,0.5130000114440918
YER114C,YHL024W,0,-3.409508,0.09426301717758179,0.5339999794960022,0.5131000280380249
YLL008W,YML069W,0,-3.4095802,0.09424638003110886,0.5339999794960022,0.5131999850273132
YBR288C,YBR278W,0,-3.4096653,0.09422975033521652,0.5339999794960022,0.5133000016212463
YOL123W,YOR147W,0,-3.40993,0.09421312808990479,0.5339999794960022,0.5134000182151794
YOR386W,YBR073W,0,-3.4099538,0.09419650584459305,0.5339999794960022,0.5134999752044678
YLR397C,YKL186C,0,-3.4099712,0.09417989104986191,0.5339999794960022,0.5135999917984009
YHR065C,YOR069W,0,-3.4100077,0.09416328370571136,0.5339999794960022,0.513700008392334
YOL077W-A,YJL072C,0,-3.4100096,0.09414668381214142,0.5339999794960022,0.5138000249862671
YLR264W,YLR234W,1,-3.410052,0.09430636465549469,0.5350000262260437,0.5138000249862671
YPL156C,YPL057C,0,-3.410121,0.09428974241018295,0.5350000262260437,0.5138999819755554
YDR263C,YDR164C,0,-3.4102404,0.09427312761545181,0.5350000262260437,0.5139999985694885
YLR411W,YPR193C,0,-3.410242,0.09425652027130127,0.5350000262260437,0.5141000151634216
YGR003W,YML080W,0,-3.410301,0.09423991292715073,0.5350000262260437,0.51419997215271
YBR279W,YPL144W,1,-3.4103029,0.09439943730831146,0.5360000133514404,0.51419997215271
YIL046W,YIL109C,0,-3.410317,0.09438281506299973,0.5360000133514404,0.5142999887466431
YLL060C,YOR330C,0,-3.410322,0.09436620026826859,0.5360000133514404,0.5144000053405762
YFL057C,YHL047C,0,-3.4103415,0.09434958547353745,0.5360000133514404,0.5145000219345093
YHR052W,YMR077C,0,-3.4103577,0.0943329781293869,0.5360000133514404,0.5145999789237976
YGL115W,YLR055C,0,-3.410362,0.09431638568639755,0.5360000133514404,0.5146999955177307
YBR055C,YLR249W,0,-3.4104254,0.0942997857928276,0.5360000133514404,0.5148000121116638
YIL049W,YLR129W,0,-3.4104998,0.09428320080041885,0.5360000133514404,0.5149000287055969
YNL221C,YLR136C,0,-3.410533,0.0942666232585907,0.5360000133514404,0.5149999856948853
YMR100W,YPR032W,0,-3.4105904,0.09425004571676254,0.5360000133514404,0.5151000022888184
YGR254W,YOR081C,0,-3.4107199,0.09423347562551498,0.5360000133514404,0.5152000188827515
YLR206W,YOR221C,0,-3.4108567,0.09421691298484802,0.5360000133514404,0.5152999758720398
YNL329C,YNL093W,0,-3.4108574,0.09420035034418106,0.5360000133514404,0.5153999924659729
YEL029C,YDR310C,1,-3.410868,0.09435951709747314,0.5370000004768372,0.5153999924659729
YDR376W,YJR139C,0,-3.4108787,0.09434293955564499,0.5370000004768372,0.515500009059906
YGR060W,YPL122C,0,-3.4109008,0.09432636201381683,0.5370000004768372,0.5156000256538391
YOR037W,YMR311C,0,-3.4109466,0.09430979937314987,0.5370000004768372,0.5156999826431274
YIR028W,YAL007C,0,-3.411082,0.09429323673248291,0.5370000004768372,0.5157999992370605
YLR081W,YCL010C,0,-3.411165,0.09427668899297714,0.5370000004768372,0.5159000158309937
YJL042W,YNL231C,0,-3.4112885,0.09426013380289078,0.5370000004768372,0.515999972820282
YGL086W,YPR095C,0,-3.4113119,0.0942435935139656,0.5370000004768372,0.5160999894142151
YNR059W,YGR209C,0,-3.4113128,0.09422706067562103,0.5370000004768372,0.5162000060081482
YDR258C,YKL012W,0,-3.411362,0.09421052783727646,0.5370000004768372,0.5163000226020813
YGR204W,YBR143C,0,-3.4113894,0.09419400244951248,0.5370000004768372,0.5163999795913696
YMR076C,YIL084C,0,-3.4114482,0.0941774845123291,0.5370000004768372,0.5164999961853027
YLR226W,YBR130C,0,-3.4114726,0.09416096657514572,0.5370000004768372,0.5166000127792358
YGL078C,YGL216W,0,-3.411547,0.09414446353912354,0.5370000004768372,0.516700029373169
YJR145C,YMR106C,1,-3.411864,0.09430324286222458,0.5379999876022339,0.516700029373169
YIL019W,YOL112W,0,-3.4119513,0.0942867174744606,0.5379999876022339,0.5167999863624573
YHR073W,YJL029C,0,-3.4120376,0.09427019208669662,0.5379999876022339,0.5169000029563904
YMR285C,YER117W,0,-3.4120467,0.09425368160009384,0.5379999876022339,0.5170000195503235
YJL196C,YPL147W,0,-3.4120548,0.09423717111349106,0.5379999876022339,0.5170999765396118
YDL165W,YMR097C,0,-3.4120872,0.09422066807746887,0.5379999876022339,0.5171999931335449
YER019W,YDL190C,0,-3.4121726,0.09420416504144669,0.5379999876022339,0.517300009727478
YHR187W,YJL183W,0,-3.4122002,0.0941876769065857,0.5379999876022339,0.5174000263214111
YDR518W,YFR034C,0,-3.4122043,0.0941711887717247,0.5379999876022339,0.5174999833106995
YML058W,YMR089C,0,-3.4122226,0.0941547080874443,0.5379999876022339,0.5175999999046326
YDR138W,YCR073W-A,1,-3.4122918,0.09431321173906326,0.5389999747276306,0.5175999999046326
YLR067C,YJL054W,0,-3.4122932,0.09429670870304108,0.5389999747276306,0.5177000164985657
YER019W,YKR061W,0,-3.4123037,0.09428022056818008,0.5389999747276306,0.517799973487854
YBR065C,YML016C,0,-3.4123213,0.0942637249827385,0.5389999747276306,0.5178999900817871
YCL040W,YJL127C,0,-3.4123707,0.0942472442984581,0.5389999747276306,0.5180000066757202
YOL020W,YOL109W,1,-3.412395,0.09440559148788452,0.5400000214576721,0.5180000066757202
YDR122W,YPR161C,0,-3.4124107,0.09438909590244293,0.5400000214576721,0.5181000232696533
YPL132W,YLR452C,0,-3.4125988,0.09437260031700134,0.5400000214576721,0.5181999802589417
YIL132C,YPL053C,0,-3.4127042,0.09435610473155975,0.5400000214576721,0.5182999968528748
YDR168W,YGL243W,0,-3.4127297,0.09433962404727936,0.5400000214576721,0.5184000134468079
YAL041W,YHR092C,0,-3.4127681,0.09432314336299896,0.5400000214576721,0.5184999704360962
YGL126W,YCR083W,0,-3.4127882,0.09430667012929916,0.5400000214576721,0.5185999870300293
YDR231C,YPL055C,0,-3.4128063,0.09429020434617996,0.5400000214576721,0.5187000036239624
YOR180C,YBR004C,0,-3.4128225,0.09427374601364136,0.5400000214576721,0.5188000202178955
YER027C,YKL089W,0,-3.4128895,0.09425728768110275,0.5400000214576721,0.5188999772071838
YNL102W,YIL017C,0,-3.4129536,0.09424083679914474,0.5400000214576721,0.5189999938011169
YNL245C,YKL041W,0,-3.413009,0.09422439336776733,0.5400000214576721,0.51910001039505
YJR033C,YAL047C,0,-3.4130886,0.09420795738697052,0.5400000214576721,0.5192000269889832
YLR394W,YDR308C,0,-3.4131348,0.0941915214061737,0.5400000214576721,0.5192999839782715
YLR056W,YDR472W,0,-3.413135,0.09417509287595749,0.5400000214576721,0.5194000005722046
YPL008W,YOR371C,0,-3.4132469,0.09415867179632187,0.5400000214576721,0.5195000171661377
YBR110W,YER018C,0,-3.4132774,0.09414225816726685,0.5400000214576721,0.519599974155426
YLR429W,YOL126C,0,-3.4133499,0.09412585198879242,0.5400000214576721,0.5196999907493591
YML006C,YBL005W,0,-3.4133577,0.094109445810318,0.5400000214576721,0.5198000073432922
YDL085W,YCR014C,0,-3.4134057,0.09409304708242416,0.5400000214576721,0.5199000239372253
YMR100W,YNL299W,0,-3.4135218,0.09407665580511093,0.5400000214576721,0.5199999809265137
YPL091W,YHR050W,0,-3.4135587,0.0940602645277977,0.5400000214576721,0.5200999975204468
YNL307C,YKR007W,0,-3.4135654,0.09404388815164566,0.5400000214576721,0.5202000141143799
YFL008W,YGL210W,0,-3.4136016,0.09402751177549362,0.5400000214576721,0.5202999711036682
YDL142C,YNL291C,0,-3.4136508,0.09401114284992218,0.5400000214576721,0.5203999876976013
YHR092C,YDR456W,0,-3.4136708,0.09399478137493134,0.5400000214576721,0.5205000042915344
YDR181C,YPR056W,0,-3.4137342,0.09397841989994049,0.5400000214576721,0.5206000208854675
YOL145C,YBR267W,0,-3.4137557,0.09396206587553024,0.5400000214576721,0.5206999778747559
YDR289C,YOR256C,0,-3.4138124,0.09394571930170059,0.5400000214576721,0.520799994468689
YNL101W,YOR089C,0,-3.4139097,0.09392938017845154,0.5400000214576721,0.5209000110626221
YHR055C,YDR341C,0,-3.4139493,0.09391304105520248,0.5400000214576721,0.5210000276565552
YMR267W,YMR314W,0,-3.4140604,0.09389671683311462,0.5400000214576721,0.5210999846458435
YBR036C,YGL063W,0,-3.4140818,0.09388039261102676,0.5400000214576721,0.5212000012397766
YKL120W,YGR213C,0,-3.4141042,0.0938640683889389,0.5400000214576721,0.5213000178337097
YIL026C,YDR397C,0,-3.4141047,0.09384775906801224,0.5400000214576721,0.521399974822998
YBR117C,YKL058W,0,-3.41419,0.09383144974708557,0.5400000214576721,0.5214999914169312
YDL247W,YDR129C,0,-3.4142792,0.0938151478767395,0.5400000214576721,0.5216000080108643
YGL166W,YMR016C,0,-3.414424,0.09379885345697403,0.5400000214576721,0.5217000246047974
YDR256C,YPL243W,0,-3.4144254,0.09378256648778915,0.5400000214576721,0.5217999815940857
YCL039W,YKL186C,0,-3.414613,0.09376627951860428,0.5400000214576721,0.5218999981880188
YDR040C,YDR073W,0,-3.4147668,0.09375,0.5400000214576721,0.5220000147819519
YGR238C,YER127W,0,-3.414855,0.09373372793197632,0.5400000214576721,0.5220999717712402
YOR321W,YML095C,0,-3.414871,0.09371745586395264,0.5400000214576721,0.5221999883651733
YMR021C,YKL014C,0,-3.414891,0.09370119869709015,0.5400000214576721,0.5223000049591064
YDR009W,YKL125W,0,-3.4149654,0.09368494153022766,0.5400000214576721,0.5224000215530396
YBR102C,YFL005W,0,-3.4149928,0.09366869181394577,0.5400000214576721,0.5224999785423279
YBL033C,YOR191W,0,-3.4150383,0.09365244209766388,0.5400000214576721,0.522599995136261
YGL047W,YDR529C,0,-3.4151142,0.09363620728254318,0.5400000214576721,0.5227000117301941
YHR023W,YOR208W,0,-3.415126,0.09361997246742249,0.5400000214576721,0.5228000283241272
YNL259C,YIL095W,0,-3.4151795,0.09360374510288239,0.5400000214576721,0.5228999853134155
YNL138W,YNL241C,0,-3.415189,0.09358752518892288,0.5400000214576721,0.5230000019073486
YER114C,YMR095C,0,-3.4152238,0.09357130527496338,0.5400000214576721,0.5231000185012817
YPL124W,YPL057C,0,-3.415332,0.09355509281158447,0.5400000214576721,0.5231999754905701
YCL029C,YIL073C,0,-3.4153469,0.09353888779878616,0.5400000214576721,0.5232999920845032
YJR078W,YOR388C,0,-3.415377,0.09352269023656845,0.5400000214576721,0.5234000086784363
YDR224C,YFL002C,0,-3.415456,0.09350649267435074,0.5400000214576721,0.5235000252723694
YPL170W,YOR181W,0,-3.4154625,0.09349030256271362,0.5400000214576721,0.5235999822616577
YNL327W,YER024W,0,-3.415528,0.0934741199016571,0.5400000214576721,0.5236999988555908
YHL003C,YCL031C,0,-3.4155328,0.09345794469118118,0.5400000214576721,0.5238000154495239
YPL126W,YDL095W,0,-3.4157228,0.09344176948070526,0.5400000214576721,0.5238999724388123
YDL200C,YOR157C,0,-3.4157732,0.09342560917139053,0.5400000214576721,0.5239999890327454
YBR129C,YBR237W,0,-3.4158537,0.09340944141149521,0.5400000214576721,0.5241000056266785
YCR072C,YPR198W,0,-3.4159055,0.09339328855276108,0.5400000214576721,0.5242000222206116
YDR309C,YGR180C,0,-3.415929,0.09337714314460754,0.5400000214576721,0.5242999792098999
YDR129C,YDR389W,0,-3.4159553,0.09336099773645401,0.5400000214576721,0.524399995803833
YCR026C,YKL108W,0,-3.4159565,0.09334485977888107,0.5400000214576721,0.5245000123977661
YAR033W,YPR107C,0,-3.415982,0.09332872182130814,0.5400000214576721,0.5246000289916992
YJL071W,YLR192C,1,-3.4160311,0.09348540008068085,0.5410000085830688,0.5246000289916992
YKL185W,YAL025C,0,-3.4160397,0.09346924722194672,0.5410000085830688,0.5246999859809875
YPL171C,YDR470C,0,-3.416131,0.09345310181379318,0.5410000085830688,0.5248000025749207
YLR013W,YPL203W,0,-3.4161417,0.09343696385622025,0.5410000085830688,0.5249000191688538
YNL127W,YJL052W,0,-3.4161804,0.09342082589864731,0.5410000085830688,0.5249999761581421
YER042W,YLR262C,0,-3.4161923,0.09340469539165497,0.5410000085830688,0.5250999927520752
YBR214W,YOL072W,0,-3.4163096,0.09338857233524323,0.5410000085830688,0.5252000093460083
YNR016C,YOL040C,0,-3.4163253,0.09337245672941208,0.5410000085830688,0.5253000259399414
YLR357W,YLR466W,1,-3.4166236,0.09352890402078629,0.5419999957084656,0.5253000259399414
YPR051W,YMR190C,1,-3.4166615,0.09368529915809631,0.5429999828338623,0.5253000259399414
YLR028C,YDR263C,0,-3.4166799,0.09366913884878159,0.5429999828338623,0.5253999829292297
YLR319C,YGL038C,0,-3.4167714,0.09365298599004745,0.5429999828338623,0.5254999995231628
YGR284C,YPR154W,0,-3.416847,0.09363683313131332,0.5429999828338623,0.525600016117096
YMR162C,YCR014C,0,-3.4171546,0.09362068772315979,0.5429999828338623,0.5256999731063843
YGL195W,YJR068W,0,-3.417156,0.09360454976558685,0.5429999828338623,0.5257999897003174
YBR136W,YGR104C,1,-3.4172637,0.09376077353954315,0.5440000295639038,0.5257999897003174
YHL038C,YML031W,0,-3.41734,0.09374461323022842,0.5440000295639038,0.5259000062942505
YDR069C,YCR065W,1,-3.4173515,0.09390075504779816,0.5450000166893005,0.5259000062942505
YOR211C,YOR150W,0,-3.4173784,0.09388457983732224,0.5450000166893005,0.5260000228881836
YGL166W,YLR100W,0,-3.4173868,0.09386841207742691,0.5450000166893005,0.5260999798774719
YDR113C,YBL061C,0,-3.4174569,0.09385224431753159,0.5450000166893005,0.526199996471405
YLR154C,YIR026C,0,-3.4175174,0.09383609145879745,0.5450000166893005,0.5263000130653381
YLR411W,YNL287W,0,-3.4175189,0.09381993114948273,0.5450000166893005,0.5264000296592712
YOR079C,YPL139C,0,-3.4176142,0.0938037857413292,0.5450000166893005,0.5264999866485596
YIL036W,YBR175W,1,-3.4176414,0.0939597338438034,0.5460000038146973,0.5264999866485596
YGL180W,YPL028W,0,-3.417671,0.09394356608390808,0.5460000038146973,0.5266000032424927
YDR377W,YOR191W,0,-3.417691,0.09392740577459335,0.5460000038146973,0.5267000198364258
YGL105W,YLR249W,0,-3.4177186,0.09391124546527863,0.5460000038146973,0.5267999768257141
YNL274C,YDL098C,0,-3.4177577,0.09389510005712509,0.5460000038146973,0.5268999934196472
YJL014W,YOL045W,0,-3.4178455,0.09387895464897156,0.5460000038146973,0.5270000100135803
YGR063C,YER072W,0,-3.4178803,0.09386281669139862,0.5460000038146973,0.5271000266075134
YDR492W,YMR203W,0,-3.4182346,0.09384668618440628,0.5460000038146973,0.5271999835968018
YGR257C,YHR014W,0,-3.4182591,0.09383055567741394,0.5460000038146973,0.5273000001907349
YOR150W,YNL222W,0,-3.4182909,0.0938144326210022,0.5460000038146973,0.527400016784668
YNL233W,YOR151C,0,-3.4183261,0.09379831701517105,0.5460000038146973,0.5274999737739563
YMR236W,YLR183C,0,-3.418331,0.0937822088599205,0.5460000038146973,0.5275999903678894
YKL220C,YLR383W,0,-3.4184515,0.09376610070466995,0.5460000038146973,0.5277000069618225
YHR015W,YDR330W,0,-3.418522,0.09375,0.5460000038146973,0.5278000235557556
YGL045W,YNL128W,0,-3.4185393,0.09373390674591064,0.5460000038146973,0.527899980545044
YMR047C,YLR305C,0,-3.418549,0.09371781349182129,0.5460000038146973,0.527999997138977
YLR380W,YEL041W,0,-3.418585,0.09370173513889313,0.5460000038146973,0.5281000137329102
YKL013C,YMR218C,0,-3.418685,0.09368565678596497,0.5460000038146973,0.5281999707221985
YLL042C,YMR292W,0,-3.4187348,0.0936695858836174,0.5460000038146973,0.5282999873161316
YGL075C,YPL083C,0,-3.4187691,0.09365351498126984,0.5460000038146973,0.5284000039100647
YOR117W,YIL138C,0,-3.4187772,0.09363745152950287,0.5460000038146973,0.5285000205039978
YPL258C,YOR344C,0,-3.4187949,0.0936213955283165,0.5460000038146973,0.5285999774932861
YJL006C,YOL072W,0,-3.4188268,0.09360534697771072,0.5460000038146973,0.5286999940872192
YKL064W,YKL034W,0,-3.4188333,0.09358930587768555,0.5460000038146973,0.5288000106811523
YJL108C,YNL206C,0,-3.418889,0.09357326477766037,0.5460000038146973,0.5289000272750854
YJR150C,YIL023C,0,-3.4189284,0.09355723112821579,0.5460000038146973,0.5289999842643738
YHR015W,YDR183W,0,-3.418978,0.0935412049293518,0.5460000038146973,0.5291000008583069
YBR201W,YCL027W,0,-3.4189851,0.09352517873048782,0.5460000038146973,0.52920001745224
YLL031C,YPL208W,0,-3.4191353,0.09350915998220444,0.5460000038146973,0.5292999744415283
YPL037C,YFL034C-B,0,-3.4191523,0.09349314868450165,0.5460000038146973,0.5293999910354614
YFL029C,YMR016C,0,-3.4191985,0.09347714483737946,0.5460000038146973,0.5295000076293945
YJL183W,YKR022C,0,-3.4192007,0.09346114099025726,0.5460000038146973,0.5296000242233276
YJL115W,YEL051W,0,-3.419253,0.09344514459371567,0.5460000038146973,0.529699981212616
YPR167C,YNL333W,0,-3.41929,0.09342915564775467,0.5460000038146973,0.5297999978065491
YOR034C,YNL023C,0,-3.4193113,0.09341317415237427,0.5460000038146973,0.5299000144004822
YGL089C,YLR190W,0,-3.4193604,0.09339719265699387,0.5460000038146973,0.5299999713897705
YDR192C,YJL074C,0,-3.4194076,0.09338121861219406,0.5460000038146973,0.5300999879837036
YJL004C,YOR054C,0,-3.41949,0.09336525201797485,0.5460000038146973,0.5302000045776367
YJL042W,YDR059C,0,-3.4195185,0.09334929287433624,0.5460000038146973,0.5303000211715698
YJR118C,YDL217C,0,-3.4195569,0.09333333373069763,0.5460000038146973,0.5303999781608582
YOL064C,YNL126W,0,-3.4195964,0.09331738203763962,0.5460000038146973,0.5304999947547913
YDR217C,YPR032W,0,-3.4198718,0.0933014377951622,0.5460000038146973,0.5306000113487244
YGR007W,YHL022C,0,-3.419905,0.09328549355268478,0.5460000038146973,0.5307000279426575
YJL101C,YNL302C,0,-3.419923,0.09326955676078796,0.5460000038146973,0.5307999849319458
YBR245C,YNL221C,0,-3.4200852,0.09325362741947174,0.5460000038146973,0.5309000015258789
YKL099C,YLR200W,0,-3.4202182,0.09323770552873611,0.5460000038146973,0.531000018119812
YCR038C,YCL054W,0,-3.4204602,0.09322178363800049,0.5460000038146973,0.5310999751091003
YHR004C,YDR469W,0,-3.420483,0.09320586919784546,0.5460000038146973,0.5311999917030334
YJL031C,YFL013C,0,-3.420549,0.09318996220827103,0.5460000038146973,0.5313000082969666
YPL170W,YMR266W,0,-3.420592,0.09317406266927719,0.5460000038146973,0.5314000248908997
YLR214W,YMR059W,0,-3.4206414,0.09315816313028336,0.5460000038146973,0.531499981880188
YNL068C,YHR150W,0,-3.4207053,0.09314227104187012,0.5460000038146973,0.5315999984741211
YER146W,YOR272W,0,-3.4209187,0.09312638640403748,0.5460000038146973,0.5317000150680542
YJL110C,YGR005C,0,-3.420947,0.09311050176620483,0.5460000038146973,0.5317999720573425
YER056C,YLL011W,0,-3.4209855,0.09309463202953339,0.5460000038146973,0.5318999886512756
YKL186C,YDR058C,0,-3.4210398,0.09307876229286194,0.5460000038146973,0.5320000052452087
YMR128W,YHR152W,0,-3.4210541,0.09306289255619049,0.5460000038146973,0.5321000218391418
YPR030W,YOR354C,0,-3.4210627,0.09304703772068024,0.5460000038146973,0.5321999788284302
YMR202W,YBL032W,1,-3.4210842,0.09320157021284103,0.546999990940094,0.5321999788284302
YPL242C,YKL093W,0,-3.4210985,0.09318569302558899,0.546999990940094,0.5322999954223633
YMR288W,YOL105C,0,-3.4211142,0.09316981583833694,0.546999990940094,0.5324000120162964
YBR088C,YMR005W,0,-3.4212399,0.0931539535522461,0.546999990940094,0.5325000286102295
YPR161C,YNL079C,0,-3.42134,0.09313809126615524,0.546999990940094,0.5325999855995178
YAL055W,YHR205W,0,-3.421376,0.09312223643064499,0.546999990940094,0.5327000021934509
YBR260C,YDR303C,0,-3.4213812,0.09310638159513474,0.546999990940094,0.532800018787384
YGL180W,YER168C,0,-3.4214509,0.09309053421020508,0.546999990940094,0.5328999757766724
YCL061C,YLR417W,1,-3.421472,0.09324485063552856,0.5479999780654907,0.5328999757766724
YPL195W,YDR016C,0,-3.4215586,0.09322898834943771,0.5479999780654907,0.5329999923706055
YPL137C,YOR208W,0,-3.4216158,0.09321313351392746,0.5479999780654907,0.5331000089645386
YPR008W,YCR035C,0,-3.421616,0.0931972786784172,0.5479999780654907,0.5332000255584717
YPR067W,YOR328W,0,-3.421652,0.09318143129348755,0.5479999780654907,0.53329998254776
YOR144C,YML062C,1,-3.4216876,0.0933355987071991,0.5490000247955322,0.53329998254776
YNL051W,YIL103W,0,-3.4217324,0.09331973642110825,0.5490000247955322,0.5333999991416931
YMR033W,YGL097W,0,-3.4217653,0.0933038741350174,0.5490000247955322,0.5335000157356262
YIL049W,YDR093W,0,-3.421766,0.09328801929950714,0.5490000247955322,0.5335999727249146
YLR009W,YHL022C,0,-3.4218247,0.09327217191457748,0.5490000247955322,0.5336999893188477
YLR394W,YPL001W,0,-3.421922,0.09325632452964783,0.5490000247955322,0.5338000059127808
YER045C,YDR013W,0,-3.4219258,0.09324049204587936,0.5490000247955322,0.5339000225067139
YER002W,YDR202C,0,-3.421983,0.0932246595621109,0.5490000247955322,0.5339999794960022
YOL135C,YOL127W,0,-3.4220002,0.09320882707834244,0.5490000247955322,0.5340999960899353
YAL035W,YBL018C,0,-3.4220433,0.09319300949573517,0.5490000247955322,0.5342000126838684
YGL065C,YHL027W,0,-3.4220815,0.0931771919131279,0.5490000247955322,0.5343000292778015
YKL074C,YLR075W,0,-3.4221127,0.09316137433052063,0.5490000247955322,0.5343999862670898
YPR029C,YBL040C,0,-3.4221559,0.09314557164907455,0.5490000247955322,0.534500002861023
YMR246W,YMR022W,0,-3.4221761,0.09312976896762848,0.5490000247955322,0.534600019454956
YPR005C,YHR079C,0,-3.4222796,0.093113973736763,0.5490000247955322,0.5346999764442444
YNR044W,YGL254W,0,-3.4222918,0.09309818595647812,0.5490000247955322,0.5347999930381775
YDR069C,YHL020C,1,-3.4222965,0.09325195103883743,0.550000011920929,0.5347999930381775
YLR060W,YPR164W,0,-3.4223096,0.09323614090681076,0.550000011920929,0.5349000096321106
YDL159W,YDR362C,0,-3.4224732,0.09322033822536469,0.550000011920929,0.5350000262260437
YHR190W,YHR014W,0,-3.4225333,0.0932045429944992,0.550000011920929,0.535099983215332
YKR055W,YKL173W,0,-3.4227579,0.09318874776363373,0.550000011920929,0.5351999998092651
YLR134W,YPL153C,0,-3.4228373,0.09317295998334885,0.550000011920929,0.5353000164031982
YJL033W,YCL055W,0,-3.4228675,0.09315717965364456,0.550000011920929,0.5353999733924866
YHR158C,YJL029C,0,-3.4229739,0.09314140677452087,0.550000011920929,0.5354999899864197
YMR234W,YMR077C,0,-3.4230082,0.09312563389539719,0.550000011920929,0.5356000065803528
YLR189C,YLL004W,0,-3.423044,0.0931098684668541,0.550000011920929,0.5357000231742859
YGR037C,YBR073W,0,-3.4231012,0.0930941104888916,0.550000011920929,0.5357999801635742
YPR023C,YML120C,0,-3.4231188,0.09307835251092911,0.550000011920929,0.5358999967575073
YGL065C,YGL120C,0,-3.4232209,0.09306260943412781,0.550000011920929,0.5360000133514404
YDR216W,YHR165C,0,-3.4232614,0.09304685890674591,0.550000011920929,0.5360999703407288
YLR380W,YML049C,0,-3.4232974,0.09303112328052521,0.550000011920929,0.5361999869346619
YNL286W,YBR196C,0,-3.4233234,0.0930153876543045,0.550000011920929,0.536300003528595
YJL106W,YOR171C,0,-3.4233563,0.0929996594786644,0.550000011920929,0.5364000201225281
YML092C,YNL248C,0,-3.423363,0.09298393875360489,0.550000011920929,0.5364999771118164
YOR180C,YGL236C,0,-3.423414,0.09296822547912598,0.550000011920929,0.5365999937057495
YBR258C,YMR236W,0,-3.423483,0.09295251220464706,0.550000011920929,0.5367000102996826
YBR041W,YOR168W,0,-3.4234993,0.09293680638074875,0.550000011920929,0.5368000268936157
YKL012W,YOR224C,0,-3.4235246,0.09292110055685043,0.550000011920929,0.536899983882904
YLR376C,YJL026W,0,-3.423555,0.09290540218353271,0.550000011920929,0.5370000004768372
YNL133C,YHR081W,1,-3.423578,0.09305860847234726,0.5509999990463257,0.5370000004768372
YLR078C,YGR140W,0,-3.4236524,0.09304288774728775,0.5509999990463257,0.5371000170707703
YAR002C-A,YPL007C,0,-3.4236624,0.09302718192338943,0.5509999990463257,0.5371999740600586
YFR030W,YDR324C,0,-3.423731,0.09301147609949112,0.5509999990463257,0.5372999906539917
YLR148W,YBR175W,1,-3.4237978,0.09316455572843552,0.5519999861717224,0.5372999906539917
YER061C,YBR026C,0,-3.4238098,0.09314883500337601,0.5519999861717224,0.5374000072479248
YML073C,YDR469W,0,-3.423824,0.0931331217288971,0.5519999861717224,0.5375000238418579
YLR016C,YDR334W,0,-3.4238865,0.09311740845441818,0.5519999861717224,0.5375999808311462
YPL233W,YER089C,0,-3.4239078,0.09310170263051987,0.5519999861717224,0.5376999974250793
YJL076W,YBL017C,0,-3.423965,0.09308600425720215,0.5519999861717224,0.5378000140190125
YLR113W,YBR272C,0,-3.4240394,0.09307030588388443,0.5519999861717224,0.5378999710083008
YNL002C,YGL097W,0,-3.4241736,0.0930546224117279,0.5519999861717224,0.5379999876022339
YHR001W,YDR088C,0,-3.424215,0.09303893148899078,0.5519999861717224,0.538100004196167
YCL026C-A,YMR039C,0,-3.4242537,0.09302325546741486,0.5519999861717224,0.5382000207901001
YKL084W,YBR214W,0,-3.4243016,0.09300757944583893,0.5519999861717224,0.5382999777793884
YGR132C,YLL003W,0,-3.4243221,0.0929919108748436,0.5519999861717224,0.5383999943733215
YIL095W,YDR388W,0,-3.4243248,0.09297624975442886,0.5519999861717224,0.5385000109672546
YIL103W,YER173W,0,-3.4243276,0.09296059608459473,0.5519999861717224,0.5386000275611877
YDR480W,YOL023W,0,-3.4243479,0.09294494241476059,0.5519999861717224,0.5386999845504761
YBR049C,YNL334C,0,-3.424421,0.09292929619550705,0.5519999861717224,0.5388000011444092
YLR219W,YPL092W,0,-3.4244254,0.09291364997625351,0.5519999861717224,0.5389000177383423
YOR388C,YDL140C,0,-3.4244268,0.09289801120758057,0.5519999861717224,0.5389999747276306
YKR007W,YHR001W-A,0,-3.4244432,0.09288237988948822,0.5519999861717224,0.5390999913215637
YOR085W,YMR314W,0,-3.424445,0.09286675602197647,0.5519999861717224,0.5392000079154968
YOL061W,YDL059C,1,-3.4244702,0.09301934391260147,0.5529999732971191,0.5392000079154968
YBR272C,YPR067W,0,-3.4245002,0.09300369769334793,0.5529999732971191,0.5393000245094299
YCR047C,YDR460W,0,-3.4245312,0.09298805892467499,0.5529999732971191,0.5393999814987183
YFR013W,YDL208W,0,-3.424679,0.09297242760658264,0.5529999732971191,0.5394999980926514
YGL174W,YNL062C,0,-3.4247377,0.0929567962884903,0.5529999732971191,0.5396000146865845
YIL140W,YBR253W,0,-3.4247456,0.09294117987155914,0.5529999732971191,0.5396999716758728
YML081C-A,YDR301W,0,-3.4247868,0.0929255560040474,0.5529999732971191,0.5397999882698059
YLR394W,YKR065C,0,-3.4247959,0.09290994703769684,0.5529999732971191,0.539900004863739
YDL145C,YDR268W,0,-3.4248316,0.09289433807134628,0.5529999732971191,0.5400000214576721
YAR018C,YGR135W,0,-3.4248378,0.09287873655557632,0.5529999732971191,0.5400999784469604
YDL101C,YDR447C,1,-3.424844,0.09303106367588043,0.5540000200271606,0.5400999784469604
YFL022C,YKL028W,0,-3.4249835,0.09301544725894928,0.5540000200271606,0.5401999950408936
YNL084C,YJR104C,0,-3.4250054,0.09299983084201813,0.5540000200271606,0.5403000116348267
YDR268W,YPL152W,0,-3.4250233,0.09298422187566757,0.5540000200271606,0.5404000282287598
YNL004W,YOR007C,0,-3.4250307,0.09296862035989761,0.5540000200271606,0.5404999852180481
YCR077C,YMR241W,0,-3.4250314,0.09295301884412766,0.5540000200271606,0.5406000018119812
YDR446W,YLL004W,0,-3.4250348,0.0929374247789383,0.5540000200271606,0.5407000184059143
YDR421W,YFL016C,0,-3.4251072,0.09292183816432953,0.5540000200271606,0.5407999753952026
YKL135C,YLR314C,0,-3.4252684,0.09290625154972076,0.5540000200271606,0.5408999919891357
YLR206W,YBR008C,0,-3.4252753,0.0928906798362732,0.5540000200271606,0.5410000085830688
YJR090C,YIL021W,0,-3.4253054,0.09287510812282562,0.5540000200271606,0.541100025177002
YNL062C,YDR218C,0,-3.4253256,0.09285953640937805,0.5540000200271606,0.5411999821662903
YER183C,YFR004W,0,-3.4253266,0.09284397214651108,0.5540000200271606,0.5412999987602234
YLR115W,YKR037C,0,-3.4254282,0.0928284153342247,0.5540000200271606,0.5414000153541565
YGL175C,YOR069W,0,-3.4254367,0.09281286597251892,0.5540000200271606,0.5414999723434448
YJR078W,YHR091C,0,-3.4255807,0.09279731661081314,0.5540000200271606,0.5415999889373779
YMR277W,YBL103C,0,-3.4256089,0.09278178215026855,0.5540000200271606,0.541700005531311
YPR132W,YMR125W,1,-3.4256208,0.09293369203805923,0.5550000071525574,0.541700005531311
YML112W,YGL061C,0,-3.4256449,0.09291813522577286,0.5550000071525574,0.5418000221252441
YPL169C,YIL084C,0,-3.4256468,0.09290257841348648,0.5550000071525574,0.5418999791145325
YJR105W,YOR040W,1,-3.4259384,0.0930543914437294,0.5559999942779541,0.5418999791145325
YKL016C,YPR164W,0,-3.4259393,0.09303881973028183,0.5559999942779541,0.5419999957084656
YFL039C,YGR197C,0,-3.4259994,0.09302325546741486,0.5559999942779541,0.5421000123023987
YDR174W,YGL070C,1,-3.4260018,0.09317497164011002,0.5569999814033508,0.5421000123023987
YDR283C,YNL038W,0,-3.426166,0.09315939247608185,0.5569999814033508,0.5422000288963318
YLR260W,YDR079W,0,-3.4261672,0.09314381331205368,0.5569999814033508,0.5422999858856201
YJR083C,YAL011W,0,-3.4262245,0.09312824159860611,0.5569999814033508,0.5424000024795532
YLR226W,YGR180C,0,-3.4262435,0.09311266988515854,0.5569999814033508,0.5425000190734863
YMR272C,YPL176C,0,-3.4262633,0.09309710562229156,0.5569999814033508,0.5425999760627747
YAL007C,YCR092C,0,-3.426359,0.09308154881000519,0.5569999814033508,0.5426999926567078
YML049C,YLR222C,0,-3.4263647,0.09306599944829941,0.5569999814033508,0.5428000092506409
YMR276W,YGR221C,0,-3.4264092,0.09305045008659363,0.5569999814033508,0.542900025844574
YCR020W-B,YKL117W,1,-3.4264748,0.09320193529129028,0.5580000281333923,0.542900025844574
YBR210W,YDR021W,0,-3.4265091,0.09318637102842331,0.5580000281333923,0.5429999828338623
YMR311C,YJL164C,0,-3.4266798,0.09317081421613693,0.5580000281333923,0.5430999994277954
YLR265C,YPR072W,0,-3.4267848,0.09315525740385056,0.5580000281333923,0.5432000160217285
YNL147W,YHL011C,1,-3.42679,0.09330662339925766,0.5590000152587891,0.5432000160217285
YNL159C,YMR313C,0,-3.4270737,0.09329105168581009,0.5590000152587891,0.5432999730110168
YMR023C,YOL067C,0,-3.4271243,0.09327548742294312,0.5590000152587891,0.54339998960495
YGL105W,YLR183C,0,-3.4272506,0.09325992316007614,0.5590000152587891,0.5435000061988831
YJR108W,YLR353W,0,-3.4272797,0.09324437379837036,0.5590000152587891,0.5436000227928162
YGL065C,YLR081W,0,-3.4273036,0.09322881698608398,0.5590000152587891,0.5436999797821045
YPR171W,YOR057W,0,-3.4273198,0.0932132750749588,0.5590000152587891,0.5437999963760376
YNL258C,YDR160W,0,-3.4273646,0.09319773316383362,0.5590000152587891,0.5439000129699707
YER030W,YMR135C,0,-3.427408,0.09318219870328903,0.5590000152587891,0.5440000295639038
YDL055C,YNL098C,0,-3.4274094,0.09316666424274445,0.5590000152587891,0.5440999865531921
YGL017W,YAL047C,0,-3.4274108,0.09315114468336105,0.5590000152587891,0.5442000031471252
YOL066C,YGR185C,0,-3.4274259,0.09313562512397766,0.5590000152587891,0.5443000197410583
YML031W,YJR104C,0,-3.427468,0.09312010556459427,0.5590000152587891,0.5443999767303467
YOR326W,YER126C,0,-3.427571,0.09310459345579147,0.5590000152587891,0.5444999933242798
YOR168W,YIL037C,0,-3.4276302,0.09308908879756927,0.5590000152587891,0.5446000099182129
YDR225W,YER012W,0,-3.427633,0.09307359158992767,0.5590000152587891,0.544700026512146
YLR085C,YOL089C,0,-3.4276364,0.09305810183286667,0.5590000152587891,0.5447999835014343
YPL001W,YDR043C,0,-3.4278052,0.09304261207580566,0.5590000152587891,0.5449000000953674
YBL022C,YGL205W,0,-3.4278572,0.09302712231874466,0.5590000152587891,0.5450000166893005
YPL266W,YOL158C,0,-3.428068,0.09301164746284485,0.5590000152587891,0.5450999736785889
YOL089C,YBR152W,0,-3.4282358,0.09299617260694504,0.5590000152587891,0.545199990272522
YFR036W,YOL105C,0,-3.4283583,0.09298070520162582,0.5590000152587891,0.5453000068664551
YLR411W,YKR097W,0,-3.4284463,0.09296524524688721,0.5590000152587891,0.5454000234603882
YHR007C,YMR216C,0,-3.428542,0.09294978529214859,0.5590000152587891,0.5454999804496765
YER073W,YDR189W,0,-3.428612,0.09293433278799057,0.5590000152587891,0.5455999970436096
YOL121C,YBL058W,1,-3.4287264,0.09308510273694992,0.5600000023841858,0.5455999970436096
YLR014C,YDR177W,0,-3.4287663,0.0930696353316307,0.5600000023841858,0.5457000136375427
YDL088C,YLR410W,0,-3.4288998,0.09305416792631149,0.5600000023841858,0.545799970626831
YBR237W,YBR043C,0,-3.42898,0.09303870797157288,0.5600000023841858,0.5458999872207642
YOL112W,YMR241W,0,-3.4290078,0.09302325546741486,0.5600000023841858,0.5460000038146973
YBL002W,YKL058W,0,-3.4290318,0.09300780296325684,0.5600000023841858,0.5461000204086304
YBR098W,YMR293C,0,-3.4290888,0.09299235790967941,0.5600000023841858,0.5461999773979187
YLR304C,YNR058W,0,-3.4291244,0.09297692030668259,0.5600000023841858,0.5462999939918518
YHR039C,YKR082W,0,-3.4291468,0.09296149015426636,0.5600000023841858,0.5464000105857849
YDR376W,YHR094C,0,-3.4292753,0.09294606000185013,0.5600000023841858,0.546500027179718
YMR188C,YBR129C,0,-3.42932,0.0929306373000145,0.5600000023841858,0.5465999841690063
YMR204C,YPR072W,0,-3.4293406,0.09291521459817886,0.5600000023841858,0.5467000007629395
YKR019C,YLR059C,0,-3.429342,0.09289979934692383,0.5600000023841858,0.5468000173568726
YOL078W,YLR033W,0,-3.4293783,0.09288439154624939,0.5600000023841858,0.5468999743461609
YGL047W,YBR211C,0,-3.429417,0.09286899119615555,0.5600000023841858,0.546999990940094
YBL084C,YDR429C,0,-3.4295173,0.0928535908460617,0.5600000023841858,0.5471000075340271
YPR023C,YMR220W,0,-3.429546,0.09283819794654846,0.5600000023841858,0.5472000241279602
YDR245W,YHL025W,0,-3.4295938,0.09282280504703522,0.5600000023841858,0.5472999811172485
YPL047W,YPR036W,0,-3.4296057,0.09280742704868317,0.5600000023841858,0.5473999977111816
YBL032W,YJL190C,1,-3.4296427,0.0929577499628067,0.5609999895095825,0.5473999977111816
YPL267W,YGR252W,0,-3.4297209,0.09294234961271286,0.5609999895095825,0.5475000143051147
YOR381W,YML058W,0,-3.4297988,0.09292694926261902,0.5609999895095825,0.5475999712944031
YMR162C,YPR083W,0,-3.4298036,0.09291156381368637,0.5609999895095825,0.5476999878883362
YCR028C,YNL299W,0,-3.4298763,0.09289617836475372,0.5609999895095825,0.5478000044822693
YJL186W,YLR425W,0,-3.4299946,0.09288079291582108,0.5609999895095825,0.5479000210762024
YLR265C,YDR073W,0,-3.429998,0.09286542236804962,0.5609999895095825,0.5479999780654907
YCL008C,YPL065W,1,-3.430029,0.09301555901765823,0.5619999766349792,0.5479999780654907
YJL115W,YKR052C,0,-3.4301326,0.09300016611814499,0.5619999766349792,0.5480999946594238
YDL243C,YGL051W,0,-3.430164,0.09298478066921234,0.5619999766349792,0.5482000112533569
YER026C,YFR050C,0,-3.4302874,0.0929693952202797,0.5619999766349792,0.54830002784729
YBL006C,YDR443C,1,-3.43042,0.09311942011117935,0.5630000233650208,0.54830002784729
YAL003W,YKL041W,0,-3.430535,0.09310401976108551,0.5630000233650208,0.5483999848365784
YHR039C,YJL164C,0,-3.4305599,0.09308862686157227,0.5630000233650208,0.5485000014305115
YFL021W,YFL059W,0,-3.4306333,0.09307323396205902,0.5630000233650208,0.5486000180244446
YPR144C,YNL257C,0,-3.4306438,0.09305784851312637,0.5630000233650208,0.5486999750137329
YMR201C,YJL074C,0,-3.4308207,0.09304247051477432,0.5630000233650208,0.548799991607666
YDR411C,YIL014W,0,-3.4308226,0.09302709996700287,0.5630000233650208,0.5489000082015991
YMR239C,YOR270C,0,-3.4308436,0.09301172941923141,0.5630000233650208,0.5490000247955322
YCL014W,YDR159W,0,-3.430916,0.09299636632204056,0.5630000233650208,0.5490999817848206
YIR037W,YPL098C,0,-3.4310894,0.0929810106754303,0.5630000233650208,0.5491999983787537
YOL123W,YPL012W,0,-3.4310994,0.09296565502882004,0.5630000233650208,0.5493000149726868
YMR250W,YBR215W,0,-3.4313233,0.09295030683279037,0.5630000233650208,0.5493999719619751
YOL080C,YKR029C,0,-3.4313471,0.09293495863676071,0.5630000233650208,0.5494999885559082
YGR179C,YOR137C,0,-3.4313898,0.09291962534189224,0.5630000233650208,0.5496000051498413
YMR097C,YDR356W,0,-3.431391,0.09290429204702377,0.5630000233650208,0.5497000217437744
YOR038C,YOR359W,0,-3.4314206,0.0928889587521553,0.5630000233650208,0.5497999787330627
YOR377W,YNR006W,0,-3.4314477,0.09287364035844803,0.5630000233650208,0.5498999953269958
YGL240W,YDR150W,0,-3.431546,0.09285832196474075,0.5630000233650208,0.550000011920929
YCR072C,YPL092W,0,-3.4315798,0.09284301102161407,0.5630000233650208,0.5501000285148621
YOR316C,YPL021W,0,-3.4316666,0.0928277000784874,0.5630000233650208,0.5501999855041504
YOR290C,YDR308C,0,-3.431708,0.09281239658594131,0.5630000233650208,0.5503000020980835
YDL226C,YOR295W,0,-3.4317286,0.09279710054397583,0.5630000233650208,0.5504000186920166
YHR148W,YIL031W,0,-3.4318373,0.09278180450201035,0.5630000233650208,0.5504999756813049
YNL102W,YDL185W,0,-3.4318497,0.09276651591062546,0.5630000233650208,0.550599992275238
YGR092W,YKR056W,0,-3.4320395,0.09275123476982117,0.5630000233650208,0.5507000088691711
YJL092W,YLR316C,0,-3.4320598,0.09273596107959747,0.5630000233650208,0.5508000254631042
YLR109W,YBR207W,0,-3.4321373,0.09272068738937378,0.5630000233650208,0.5508999824523926
YGL086W,YNL121C,0,-3.432192,0.09270541369915009,0.5630000233650208,0.5509999990463257
YCR010C,YDR021W,0,-3.432213,0.09269015491008759,0.5630000233650208,0.5511000156402588
YMR065W,YOR115C,0,-3.4322689,0.09267489612102509,0.5630000233650208,0.5511999726295471
YKL172W,YBL005W,0,-3.432272,0.09265964478254318,0.5630000233650208,0.5512999892234802
YCL052C,YHR163W,0,-3.432275,0.09264439344406128,0.5630000233650208,0.5514000058174133
YLR206W,YEL066W,0,-3.4322836,0.09262915700674057,0.5630000233650208,0.5515000224113464
YML036W,YMR125W,1,-3.4323347,0.09277841448783875,0.5640000104904175,0.5515000224113464
YEL037C,YIL066C,0,-3.432457,0.09276315569877625,0.5640000104904175,0.5515999794006348
YJL191W,YPR140W,0,-3.4326255,0.09274790436029434,0.5640000104904175,0.5516999959945679
YNR046W,YCR084C,0,-3.4326808,0.09273265302181244,0.5640000104904175,0.551800012588501
YOR079C,YGL162W,0,-3.4327686,0.09271740913391113,0.5640000104904175,0.5519000291824341
YFR008W,YEL066W,0,-3.432851,0.09270217269659042,0.5640000104904175,0.5519999861717224
YPL046C,YDR172W,0,-3.4328625,0.09268693625926971,0.5640000104904175,0.5521000027656555
YFL055W,YLR190W,0,-3.4329555,0.0926717072725296,0.5640000104904175,0.5522000193595886
YOR031W,YMR032W,0,-3.4330566,0.09265647828578949,0.5640000104904175,0.552299976348877
YPL233W,YMR129W,0,-3.4331899,0.09264126420021057,0.5640000104904175,0.5523999929428101
YKL046C,YLL002W,0,-3.433224,0.09262605011463165,0.5640000104904175,0.5525000095367432
YJR150C,YKL074C,0,-3.4333346,0.09261083602905273,0.5640000104904175,0.5526000261306763
YPL118W,YDR071C,0,-3.433348,0.09259562939405441,0.5640000104904175,0.5526999831199646
YMR188C,YNL078W,0,-3.4333696,0.09258043020963669,0.5640000104904175,0.5527999997138977
YLR081W,YJL011C,0,-3.4334788,0.09256523847579956,0.5640000104904175,0.5529000163078308
YLR095C,YPR190C,0,-3.4335291,0.09255004674196243,0.5640000104904175,0.5529999732971191
YCR086W,YGR057C,1,-3.433534,0.09269893169403076,0.5649999976158142,0.5529999732971191
YOR371C,YJL076W,0,-3.4336092,0.09268372505903244,0.5649999976158142,0.5530999898910522
YMR283C,YER072W,0,-3.4336705,0.09266852587461472,0.5649999976158142,0.5532000064849854
YDR258C,YBR260C,0,-3.4336746,0.09265332669019699,0.5649999976158142,0.5533000230789185
YHR120W,YGL129C,0,-3.433681,0.09263813495635986,0.5649999976158142,0.5533999800682068
YIL132C,YMR128W,0,-3.433817,0.09262295067310333,0.5649999976158142,0.5534999966621399
YCR089W,YGR121C,0,-3.4338207,0.0926077663898468,0.5649999976158142,0.553600013256073
YPL100W,YPR165W,0,-3.4339058,0.09259258955717087,0.5649999976158142,0.5536999702453613
YLR011W,YLR360W,0,-3.433982,0.09257742017507553,0.5649999976158142,0.5537999868392944
YFL057C,YOL071W,0,-3.4340427,0.0925622507929802,0.5649999976158142,0.5539000034332275
YKL025C,YBL051C,0,-3.4340513,0.09254708886146545,0.5649999976158142,0.5540000200271606
YNL275W,YER123W,0,-3.4340625,0.09253193438053131,0.5649999976158142,0.554099977016449
YAR014C,YJL183W,0,-3.4342568,0.09251678735017776,0.5649999976158142,0.5541999936103821
YGL105W,YAL012W,0,-3.4343107,0.09250164031982422,0.5649999976158142,0.5543000102043152
YGR204W,YOR103C,0,-3.434341,0.09248649328947067,0.5649999976158142,0.5544000267982483
YMR044W,YPL209C,0,-3.4344187,0.09247136116027832,0.5649999976158142,0.5544999837875366
YMR128W,YOL146W,0,-3.4345329,0.09245622903108597,0.5649999976158142,0.5546000003814697
YDR376W,YPR074C,0,-3.4346983,0.09244109690189362,0.5649999976158142,0.5547000169754028
YGL192W,YLR305C,0,-3.434712,0.09242597967386246,0.5649999976158142,0.5547999739646912
YKL160W,YMR219W,0,-3.434927,0.0924108624458313,0.5649999976158142,0.5548999905586243
YKL081W,YIL039W,0,-3.434964,0.09239574521780014,0.5649999976158142,0.5550000071525574
YPR034W,YNR057C,0,-3.435034,0.09238064289093018,0.5649999976158142,0.5551000237464905
YER008C,YOR076C,0,-3.4351552,0.09236554056406021,0.5649999976158142,0.5551999807357788
YGL021W,YCR053W,0,-3.4352448,0.09235043823719025,0.5649999976158142,0.5552999973297119
YGR278W,YCR026C,0,-3.4354093,0.09233535081148148,0.5649999976158142,0.555400013923645
YNR027W,YGL181W,0,-3.4354477,0.0923202633857727,0.5649999976158142,0.5554999709129333
YLR059C,YKR062W,0,-3.4354665,0.09230517596006393,0.5649999976158142,0.5555999875068665
YCR035C,YGR172C,0,-3.4354792,0.09229010343551636,0.5649999976158142,0.5557000041007996
YDR424C,YLR011W,0,-3.4355328,0.09227503091096878,0.5649999976158142,0.5558000206947327
YOR063W,YNL206C,0,-3.4355538,0.0922599583864212,0.5649999976158142,0.555899977684021
YBL034C,YHR161C,0,-3.4357188,0.09224490076303482,0.5649999976158142,0.5559999942779541
YNL307C,YLR265C,0,-3.4358568,0.09222984313964844,0.5649999976158142,0.5561000108718872
YHR116W,YLR260W,0,-3.4358733,0.09221478551626205,0.5649999976158142,0.5562000274658203
YDR205W,YDR292C,0,-3.4360037,0.09219973534345627,0.5649999976158142,0.5562999844551086
YLR449W,YFL058W,0,-3.4360344,0.09218469262123108,0.5649999976158142,0.5564000010490417
YMR312W,YBR213W,0,-3.4360864,0.09216965734958649,0.5649999976158142,0.5565000176429749
YHL020C,YHR167W,1,-3.4360998,0.09231773018836975,0.5659999847412109,0.5565000176429749
YBR040W,YHL007C,0,-3.4361932,0.09230267256498337,0.5659999847412109,0.5565999746322632
YMR292W,YJL080C,0,-3.4362338,0.09228762239217758,0.5659999847412109,0.5566999912261963
YLL009C,YJL187C,0,-3.4363115,0.09227257966995239,0.5659999847412109,0.5568000078201294
YNL275W,YGR145W,0,-3.4367816,0.0922575369477272,0.5659999847412109,0.5569000244140625
YMR204C,YPL154C,0,-3.4368355,0.09224250167608261,0.5659999847412109,0.5569999814033508
YJL072C,YKR029C,0,-3.4368818,0.09222747385501862,0.5659999847412109,0.5570999979972839
YLR442C,YEL013W,0,-3.436942,0.09221244603395462,0.5659999847412109,0.557200014591217
YLR314C,YBR024W,0,-3.4369974,0.09219742566347122,0.5659999847412109,0.5572999715805054
YCL008C,YGL212W,1,-3.4370406,0.09234527498483658,0.5669999718666077,0.5572999715805054
YOL144W,YKR097W,0,-3.4370925,0.09233023971319199,0.5669999718666077,0.5573999881744385
YBR205W,YDR240C,0,-3.4370964,0.0923152044415474,0.5669999718666077,0.5575000047683716
YLR310C,YPL097W,0,-3.4372041,0.0923001766204834,0.5669999718666077,0.5576000213623047
YLR246W,YGR141W,0,-3.4372125,0.09228515625,0.5669999718666077,0.557699978351593
YGL058W,YPL065W,1,-3.4372246,0.09243287146091461,0.5680000185966492,0.557699978351593
YDR040C,YAR031W,0,-3.437253,0.09241783618927002,0.5680000185966492,0.5577999949455261
YOR171C,YKL006C-A,0,-3.4372785,0.09240280091762543,0.5680000185966492,0.5579000115394592
YOL086C,YEL004W,0,-3.4373496,0.09238776564598083,0.5680000185966492,0.5580000281333923
YNL112W,YGR183C,0,-3.4374006,0.09237274527549744,0.5680000185966492,0.5580999851226807
YLR154C,YDR088C,0,-3.4374292,0.09235772490501404,0.5680000185966492,0.5582000017166138
YFL041W,YGR013W,0,-3.4377544,0.09234271198511124,0.5680000185966492,0.5583000183105469
YFR004W,YGL104C,0,-3.43776,0.09232769906520844,0.5680000185966492,0.5583999752998352
YNR011C,YHR111W,0,-3.4377866,0.09231269359588623,0.5680000185966492,0.5584999918937683
YHR059W,YHR139C,1,-3.437794,0.09246018528938293,0.5690000057220459,0.5584999918937683
YDR150W,YJR063W,0,-3.4378207,0.09244516491889954,0.5690000057220459,0.5586000084877014
YMR167W,YLR048W,0,-3.4378245,0.09243015199899673,0.5690000057220459,0.5587000250816345
YNL106C,YOR340C,0,-3.4378712,0.09241513907909393,0.5690000057220459,0.5587999820709229
YDR437W,YMR234W,0,-3.4381073,0.09240013360977173,0.5690000057220459,0.558899998664856
YDL208W,YKL058W,0,-3.4381118,0.09238512814044952,0.5690000057220459,0.5590000152587891
YLR220W,YJR160C,0,-3.4382331,0.09237013012170792,0.5690000057220459,0.5590999722480774
YAL012W,YDR009W,0,-3.4382346,0.0923551395535469,0.5690000057220459,0.5591999888420105
YLL001W,YMR026C,0,-3.438281,0.0923401489853859,0.5690000057220459,0.5593000054359436
YBR080C,YFL058W,0,-3.4382856,0.09232516586780548,0.5690000057220459,0.5594000220298767
YER075C,YPL047W,0,-3.438297,0.09231019020080566,0.5690000057220459,0.559499979019165
YIL159W,YAL040C,0,-3.4384089,0.09229521453380585,0.5690000057220459,0.5595999956130981
YOL005C,YPL235W,0,-3.4384387,0.09228024631738663,0.5690000057220459,0.5597000122070312
YGR244C,YPL268W,0,-3.4384413,0.092265285551548,0.5690000057220459,0.5598000288009644
YDR214W,YPR189W,0,-3.4384637,0.09225032478570938,0.5690000057220459,0.5598999857902527
YHR061C,YLR075W,0,-3.438485,0.09223537147045135,0.5690000057220459,0.5600000023841858
YJR105W,YOR279C,1,-3.4384933,0.09238249808549881,0.5699999928474426,0.5600000023841858
YOL016C,YIL101C,0,-3.4385061,0.09236752241849899,0.5699999928474426,0.5601000189781189
YHL031C,YJR160C,0,-3.438552,0.09235256165266037,0.5699999928474426,0.5601999759674072
YKL179C,YOR330C,0,-3.4385533,0.09233760088682175,0.5699999928474426,0.5602999925613403
YGL054C,YKL051W,0,-3.438556,0.09232264012098312,0.5699999928474426,0.5604000091552734
YOR180C,YOL011W,0,-3.438588,0.0923076942563057,0.5699999928474426,0.5605000257492065
YPL053C,YJR033C,0,-3.438681,0.09229274839162827,0.5699999928474426,0.5605999827384949
YIL085C,YLR183C,0,-3.438866,0.09227780252695084,0.5699999928474426,0.560699999332428
YLR011W,YOR386W,0,-3.4389937,0.0922628715634346,0.5699999928474426,0.5608000159263611
YGR005C,YOR060C,0,-3.4390266,0.09224793314933777,0.5699999928474426,0.5608999729156494
YOL094C,YML127W,0,-3.4390514,0.09223300963640213,0.5699999928474426,0.5609999895095825
YOR208W,YLR059C,0,-3.439094,0.09221808612346649,0.5699999928474426,0.5611000061035156
YLL009C,YDR345C,0,-3.4392529,0.09220317006111145,0.5699999928474426,0.5612000226974487
YNR035C,YDL065C,0,-3.4392695,0.092188261449337,0.5699999928474426,0.5612999796867371
YAL044C,YEL053C,1,-3.4393353,0.0923350602388382,0.5709999799728394,0.5612999796867371
YEL009C,YOR191W,0,-3.4393852,0.09232012927532196,0.5709999799728394,0.5613999962806702
YHR143W,YNL267W,0,-3.4394503,0.09230520576238632,0.5709999799728394,0.5615000128746033
YMR113W,YDL207W,0,-3.4395423,0.09229028970003128,0.5709999799728394,0.5616000294685364
YBR175W,YGR099W,1,-3.4396255,0.09243697673082352,0.5720000267028809,0.5616000294685364
YPL078C,YJL063C,0,-3.4396977,0.09242203831672668,0.5720000267028809,0.5616999864578247
YBL040C,YDL224C,0,-3.4397676,0.09240710735321045,0.5720000267028809,0.5618000030517578
YJR010C-A,YOR295W,0,-3.4397733,0.09239218384027481,0.5720000267028809,0.5619000196456909
YGL017W,YIL098C,0,-3.4398105,0.09237726032733917,0.5720000267028809,0.5619999766349792
YGL236C,YOL091W,0,-3.4398134,0.09236234426498413,0.5720000267028809,0.5620999932289124
YIL140W,YGR212W,0,-3.439843,0.09234743565320969,0.5720000267028809,0.5622000098228455
YOR078W,YLR467W,1,-3.4398453,0.0924939438700676,0.5730000138282776,0.5622000098228455
YGR193C,YPL163C,0,-3.4398904,0.09247902035713196,0.5730000138282776,0.5623000264167786
YBL085W,YCL043C,0,-3.439891,0.09246409684419632,0.5730000138282776,0.5623999834060669
YBR207W,YCL027W,0,-3.4401073,0.09244918078184128,0.5730000138282776,0.5625
YDR101C,YAL001C,0,-3.4402766,0.09243426471948624,0.5730000138282776,0.5626000165939331
YJR105W,YMR190C,1,-3.4404,0.092580646276474,0.5740000009536743,0.5626000165939331
YJR089W,YNL142W,0,-3.4404178,0.09256571531295776,0.5740000009536743,0.5626999735832214
YAL040C,YDL043C,0,-3.4405468,0.09255079180002213,0.5740000009536743,0.5627999901771545
YKL068W,YBR254C,0,-3.4406416,0.09253586828708649,0.5740000009536743,0.5629000067710876
YHR191C,YAR002W,1,-3.440704,0.0926821380853653,0.574999988079071,0.5629000067710876
YNL172W,YIR019C,0,-3.440774,0.09266720712184906,0.574999988079071,0.5630000233650208
YDL100C,YJR144W,0,-3.4408443,0.09265226870775223,0.574999988079071,0.5630999803543091
YGL172W,YML095C,0,-3.4409611,0.09263734519481659,0.574999988079071,0.5631999969482422
YCR037C,YNL032W,1,-3.4409783,0.09278350323438644,0.5759999752044678,0.5631999969482422
YCR047C,YPR002W,0,-3.4410775,0.09276856482028961,0.5759999752044678,0.5633000135421753
YBR038W,YLR113W,0,-3.4411168,0.09275362640619278,0.5759999752044678,0.5633999705314636
YIL010W,YDR439W,0,-3.441126,0.09273868799209595,0.5759999752044678,0.5634999871253967
YDL207W,YHR170W,0,-3.4411604,0.09272375702857971,0.5759999752044678,0.5636000037193298
YLR270W,YOR047C,0,-3.441178,0.09270883351564407,0.5759999752044678,0.5637000203132629
YOL059W,YGR074W,0,-3.441338,0.09269391745328903,0.5759999752044678,0.5637999773025513
YNL149C,YOR346W,0,-3.4414117,0.09267900139093399,0.5759999752044678,0.5638999938964844
YNL331C,YKL182W,0,-3.4414208,0.09266409277915955,0.5759999752044678,0.5640000104904175
YKR027W,YDR023W,0,-3.4414482,0.0926491841673851,0.5759999752044678,0.5641000270843506
YBR088C,YML034W,0,-3.4414527,0.09263429045677185,0.5759999752044678,0.5641999840736389
YGL136C,YNL243W,1,-3.4414723,0.09278018772602081,0.5770000219345093,0.5641999840736389
YKL206C,YJR007W,0,-3.4415472,0.09276527166366577,0.5770000219345093,0.564300000667572
YGL169W,YOR069W,0,-3.4416292,0.09275036305189133,0.5770000219345093,0.5644000172615051
YGR092W,YJL042W,0,-3.4416351,0.09273545444011688,0.5770000219345093,0.5644999742507935
YNL258C,YOR098C,0,-3.4416444,0.09272055327892303,0.5770000219345093,0.5645999908447266
YDR384C,YNL119W,0,-3.441889,0.09270565211772919,0.5770000219345093,0.5647000074386597
YML013W,YPL033C,0,-3.4420116,0.09269076585769653,0.5770000219345093,0.5648000240325928
YNR059W,YDL147W,0,-3.4420545,0.09267587214708328,0.5770000219345093,0.5648999810218811
YLL038C,YNL329C,0,-3.4421165,0.09266099333763123,0.5770000219345093,0.5649999976158142
YPR018W,YJL089W,0,-3.4422042,0.09264611452817917,0.5770000219345093,0.5651000142097473
YFL005W,YDL052C,0,-3.4422603,0.09263124316930771,0.5770000219345093,0.5651999711990356
YOR151C,YDR143C,0,-3.4422638,0.09261637181043625,0.5770000219345093,0.5652999877929688
YPR120C,YER171W,0,-3.4423168,0.09260150790214539,0.5770000219345093,0.5654000043869019
YDR182W,YHR107C,0,-3.4423373,0.09258665144443512,0.5770000219345093,0.565500020980835
YPR134W,YJL117W,0,-3.442342,0.09257179498672485,0.5770000219345093,0.5655999779701233
YOR171C,YGR128C,0,-3.4425304,0.09255694597959518,0.5770000219345093,0.5656999945640564
YCR089W,YIL150C,0,-3.4426262,0.09254210442304611,0.5770000219345093,0.5658000111579895
YNL290W,YJR009C,0,-3.4426296,0.09252726286649704,0.5770000219345093,0.5659000277519226
YCR014C,YNR011C,0,-3.4426377,0.09251242876052856,0.5770000219345093,0.5659999847412109
YDR447C,YNL339C,1,-3.4426947,0.0926579013466835,0.578000009059906,0.5659999847412109
YIL026C,YBR095C,0,-3.4428055,0.09264305233955383,0.578000009059906,0.566100001335144
YLL009C,YDR436W,0,-3.4428184,0.09262820333242416,0.578000009059906,0.5662000179290771
YDL243C,YOL145C,0,-3.4429467,0.09261336177587509,0.578000009059906,0.5662999749183655
YJL186W,YIL061C,0,-3.4429665,0.09259852766990662,0.578000009059906,0.5663999915122986
YNR033W,YPR179C,0,-3.4429696,0.09258369356393814,0.578000009059906,0.5665000081062317
YOR025W,YPR167C,0,-3.4430432,0.09256886690855026,0.578000009059906,0.5666000247001648
YGR003W,YAL007C,0,-3.4431193,0.09255404025316238,0.578000009059906,0.5666999816894531
YNR035C,YDL080C,0,-3.4431827,0.0925392284989357,0.578000009059906,0.5667999982833862
YOL165C,YNR010W,0,-3.4431856,0.09252440929412842,0.578000009059906,0.5669000148773193
YDR512C,YJL072C,0,-3.443187,0.09250960499048233,0.578000009059906,0.5669999718666077
YGL054C,YPR112C,0,-3.443189,0.09249480068683624,0.578000009059906,0.5670999884605408
YDR093W,YJL100W,0,-3.4432297,0.09247999638319016,0.578000009059906,0.5672000050544739
YIR041W,YHR083W,0,-3.4433162,0.09246520698070526,0.578000009059906,0.567300021648407
YPR019W,YCR014C,0,-3.4433234,0.09245041757822037,0.578000009059906,0.5673999786376953
YGL256W,YNL256W,0,-3.4433343,0.09243562817573547,0.578000009059906,0.5674999952316284
YER155C,YDL244W,0,-3.4433627,0.09242085367441177,0.578000009059906,0.5676000118255615
YLR092W,YBR254C,0,-3.4433777,0.09240607172250748,0.578000009059906,0.5677000284194946
YPR178W,YMR182C,0,-3.4433787,0.09239130467176437,0.578000009059906,0.567799985408783
YPL018W,YBL105C,0,-3.443417,0.09237653762102127,0.578000009059906,0.5679000020027161
YLR052W,YBR089C-A,0,-3.443438,0.09236177802085876,0.578000009059906,0.5680000185966492
YLR048W,YIL173W,0,-3.4435117,0.09234701842069626,0.578000009059906,0.5680999755859375
YJL061W,YNL012W,0,-3.4435427,0.09233226627111435,0.578000009059906,0.5681999921798706
YGR249W,YER117W,0,-3.443545,0.09231752157211304,0.578000009059906,0.5683000087738037
YBL056W,YDR103W,0,-3.4435616,0.09230277687311172,0.578000009059906,0.5684000253677368
YDR206W,YAL010C,1,-3.4436686,0.09244770556688309,0.5789999961853027,0.5684000253677368
YKL205W,YBR080C,0,-3.4437044,0.09243295341730118,0.5789999961853027,0.5684999823570251
YFL031W,YDR170C,0,-3.4437144,0.09241819381713867,0.5789999961853027,0.5685999989509583
YBR279W,YMR142C,1,-3.4437802,0.09256304055452347,0.5799999833106995,0.5685999989509583
YMR065W,YPR133W-A,0,-3.4438224,0.09254826605319977,0.5799999833106995,0.5687000155448914
YJR082C,YHR200W,0,-3.4438865,0.09253350645303726,0.5799999833106995,0.5687999725341797
YLR189C,YOR226C,0,-3.443899,0.09251873940229416,0.5799999833106995,0.5688999891281128
YAL033W,YKR031C,0,-3.4439669,0.09250398725271225,0.5799999833106995,0.5690000057220459
YBL069W,YCR038C,0,-3.4440012,0.09248923510313034,0.5799999833106995,0.569100022315979
YER017C,YKL042W,0,-3.4440296,0.09247449040412903,0.5799999833106995,0.5691999793052673
YJL085W,YML118W,0,-3.4440315,0.09245974570512772,0.5799999833106995,0.5692999958992004
YOR014W,YDR143C,0,-3.4440382,0.092445008456707,0.5799999833106995,0.5694000124931335
YER146W,YDR192C,0,-3.4441617,0.09243027865886688,0.5799999833106995,0.5695000290870667
YBR135W,YEL026W,0,-3.4442132,0.09241554886102676,0.5799999833106995,0.569599986076355
YGR278W,YLR011W,0,-3.4444356,0.09240082651376724,0.5799999833106995,0.5697000026702881
YDL175C,YGL201C,0,-3.4445064,0.09238611161708832,0.5799999833106995,0.5698000192642212
YMR047C,YHL025W,0,-3.4445114,0.0923713967204094,0.5799999833106995,0.5698999762535095
YMR290C,YAL047C,0,-3.444613,0.09235668927431107,0.5799999833106995,0.5699999928474426
YDR126W,YGR172C,0,-3.444632,0.09234198182821274,0.5799999833106995,0.5701000094413757
YCR034W,YGR280C,0,-3.4447043,0.09232728183269501,0.5799999833106995,0.5702000260353088
YEL061C,YJR052W,0,-3.4447951,0.09231258928775787,0.5799999833106995,0.5702999830245972
YDR052C,YPL057C,0,-3.4447966,0.09229789674282074,0.5799999833106995,0.5703999996185303
YOR191W,YDR058C,0,-3.4448326,0.0922832116484642,0.5799999833106995,0.5705000162124634
YER127W,YJL102W,0,-3.4448535,0.09226853400468826,0.5799999833106995,0.5705999732017517
YPR082C,YPR018W,0,-3.4449527,0.09225385636091232,0.5799999833106995,0.5706999897956848
YOR178C,YLR190W,0,-3.4450018,0.09223918616771698,0.5799999833106995,0.5708000063896179
YOL059W,YNL214W,0,-3.4450164,0.09222451597452164,0.5799999833106995,0.570900022983551
YML013W,YOR081C,0,-3.4451501,0.09220985323190689,0.5799999833106995,0.5709999799728394
YAL044C,YDR300C,1,-3.4451911,0.09235415607690811,0.5809999704360962,0.5709999799728394
YHL047C,YPL211W,0,-3.4452157,0.09233947843313217,0.5809999704360962,0.5710999965667725
YOR320C,YHR163W,0,-3.4452188,0.09232480823993683,0.5809999704360962,0.5712000131607056
YLR342W,YIL139C,0,-3.4452436,0.09231013804674149,0.5809999704360962,0.5713000297546387
YBL019W,YLR014C,0,-3.445454,0.09229547530412674,0.5809999704360962,0.571399986743927
YDR219C,YGR074W,0,-3.4454815,0.092280812561512,0.5809999704360962,0.5715000033378601
YOR085W,YHR050W,0,-3.4455202,0.09226615726947784,0.5809999704360962,0.5716000199317932
YGR134W,YOR014W,0,-3.445667,0.09225150942802429,0.5809999704360962,0.5716999769210815
YBR288C,YJL176C,0,-3.4457421,0.09223686158657074,0.5809999704360962,0.5717999935150146
YGR159C,YJL140W,1,-3.4459832,0.09238095581531525,0.5820000171661377,0.5717999935150146
YKR082W,YMR016C,0,-3.4460323,0.0923662930727005,0.5820000171661377,0.5719000101089478
YOR254C,YDR429C,0,-3.4460564,0.09235163778066635,0.5820000171661377,0.5720000267028809
YBR059C,YJR086W,0,-3.4461017,0.0923369824886322,0.5820000171661377,0.5720999836921692
YOL003C,YFL058W,0,-3.4462087,0.09232233464717865,0.5820000171661377,0.5722000002861023
YGL174W,YDR228C,0,-3.446228,0.0923076942563057,0.5820000171661377,0.5723000168800354
YBL064C,YLR006C,0,-3.446438,0.09229305386543274,0.5820000171661377,0.5723999738693237
YMR204C,YLR337C,0,-3.4464478,0.09227842092514038,0.5820000171661377,0.5724999904632568
YPR073C,YNL138W,0,-3.4465172,0.09226379543542862,0.5820000171661377,0.5726000070571899
YPR120C,YER021W,0,-3.4465928,0.09224916994571686,0.5820000171661377,0.572700023651123
YBL008W,YFL059W,0,-3.446595,0.0922345519065857,0.5820000171661377,0.5727999806404114
YNL002C,YNL333W,0,-3.446599,0.09221993386745453,0.5820000171661377,0.5728999972343445
YLR170C,YJL026W,0,-3.446613,0.09220532327890396,0.5820000171661377,0.5730000138282776
YBL061C,YGR248W,0,-3.4466758,0.09219072014093399,0.5820000171661377,0.5730999708175659
YCL031C,YPR133W-A,0,-3.446717,0.09217611700296402,0.5820000171661377,0.573199987411499
YMR119W,YML081C-A,0,-3.446756,0.09216152131557465,0.5820000171661377,0.5733000040054321
YDR469W,YML015C,0,-3.446804,0.09214692562818527,0.5820000171661377,0.5734000205993652
YJR017C,YDR407C,0,-3.4468396,0.09213234484195709,0.5820000171661377,0.5734999775886536
YOL012C,YGR046W,0,-3.4468706,0.09211775660514832,0.5820000171661377,0.5735999941825867
YNL112W,YHL022C,0,-3.4469817,0.09210318326950073,0.5820000171661377,0.5737000107765198
YMR168C,YER183C,0,-3.4470563,0.09208860993385315,0.5820000171661377,0.5738000273704529
YDR150W,YOR208W,0,-3.447088,0.09207403659820557,0.5820000171661377,0.5738999843597412
YDR295C,YLL026W,1,-3.4472928,0.09221765398979187,0.5830000042915344,0.5738999843597412
YML057W,YKR052C,0,-3.447345,0.0922030657529831,0.5830000042915344,0.5740000009536743
YOL082W,YMR022W,0,-3.4474013,0.09218848496675491,0.5830000042915344,0.5741000175476074
YBR158W,YOL147C,0,-3.4474814,0.09217391163110733,0.5830000042915344,0.5741999745368958
YDL044C,YEL054C,0,-3.447538,0.09215934574604034,0.5830000042915344,0.5742999911308289
YNL314W,YMR247C,0,-3.4476523,0.09214477986097336,0.5830000042915344,0.574400007724762
YNL291C,YHR161C,0,-3.4477727,0.09213021397590637,0.5830000042915344,0.5745000243186951
YCR002C,YMR025W,0,-3.448081,0.09211565554141998,0.5830000042915344,0.5745999813079834
YGR231C,YNL312W,0,-3.4481728,0.09210110455751419,0.5830000042915344,0.5746999979019165
YDR206W,YPL065W,1,-3.44822,0.09224451333284378,0.5839999914169312,0.5746999979019165
YNL325C,YDR318W,0,-3.4485157,0.0922299399971962,0.5839999914169312,0.5748000144958496
YLR330W,YOR209C,0,-3.4485536,0.09221538156270981,0.5839999914169312,0.5748999714851379
YAR002W,YGL212W,1,-3.4485667,0.09235870093107224,0.5849999785423279,0.5748999714851379
YJL111W,YGL255W,0,-3.4485843,0.09234412014484406,0.5849999785423279,0.574999988079071
YNL102W,YGR186W,0,-3.4486055,0.09232954680919647,0.5849999785423279,0.5751000046730042
YBR295W,YOR256C,0,-3.4486592,0.09231497347354889,0.5849999785423279,0.5752000212669373
YPR019W,YCL043C,0,-3.4486597,0.0923004075884819,0.5849999785423279,0.5752999782562256
YGR239C,YOR359W,0,-3.4486735,0.09228584915399551,0.5849999785423279,0.5753999948501587
YLR384C,YOR254C,0,-3.4488096,0.09227129071950912,0.5849999785423279,0.5755000114440918
YMR219W,YOR140W,0,-3.448992,0.09225673973560333,0.5849999785423279,0.5756000280380249
YBR106W,YML061C,1,-3.4489944,0.09239987283945084,0.5860000252723694,0.5756000280380249
YGR284C,YKL212W,0,-3.4490554,0.09238530695438385,0.5860000252723694,0.5756999850273132
YBL078C,YDR150W,0,-3.4490783,0.09237074106931686,0.5860000252723694,0.5758000016212463
YIL065C,YMR076C,0,-3.4490979,0.09235618263483047,0.5860000252723694,0.5759000182151794
YHR164C,YLR372W,1,-3.4491632,0.09249921143054962,0.5870000123977661,0.5759000182151794
YPL001W,YGR221C,0,-3.4491923,0.09248463809490204,0.5870000123977661,0.5759999752044678
YFL021W,YGR047C,0,-3.4492164,0.09247007220983505,0.5870000123977661,0.5760999917984009
YBR015C,YCR053W,0,-3.449301,0.09245550632476807,0.5870000123977661,0.576200008392334
YGL065C,YDR365C,0,-3.4493268,0.09244094789028168,0.5870000123977661,0.5763000249862671
YOR322C,YGR159C,1,-3.4494455,0.09258384257555008,0.5879999995231628,0.5763000249862671
YDL145C,YIL002C,0,-3.4496443,0.0925692692399025,0.5879999995231628,0.5763999819755554
YBL003C,YJL164C,0,-3.449674,0.09255469590425491,0.5879999995231628,0.5764999985694885
YDL022W,YDL135C,0,-3.4497516,0.09254013001918793,0.5879999995231628,0.5766000151634216
YDL108W,YGL246C,0,-3.4499514,0.09252557158470154,0.5879999995231628,0.57669997215271
YOR279C,YGL127C,1,-3.4499695,0.09266834706068039,0.5889999866485596,0.57669997215271
YDR254W,YHR176W,0,-3.4500074,0.09265376627445221,0.5889999866485596,0.5767999887466431
YGR134W,YLR447C,0,-3.4500904,0.09263919293880463,0.5889999866485596,0.5769000053405762
YMR184W,YPR041W,0,-3.4503238,0.09262462705373764,0.5889999866485596,0.5770000219345093
YGR254W,YGL067W,0,-3.4507809,0.09261006116867065,0.5889999866485596,0.5770999789237976
YJR074W,YLR448W,0,-3.450795,0.09259550273418427,0.5889999866485596,0.5771999955177307
YDR206W,YJL179W,1,-3.4508767,0.09273812919855118,0.5899999737739563,0.5771999955177307
YCL024W,YGL172W,0,-3.4509313,0.0927235558629036,0.5899999737739563,0.5773000121116638
YHL048W,YJL012C,0,-3.4510298,0.09270898997783661,0.5899999737739563,0.5774000287055969
YBR037C,YEL065W,0,-3.4510357,0.09269442409276962,0.5899999737739563,0.5774999856948853
YHL002W,YOL090W,0,-3.451052,0.09267985820770264,0.5899999737739563,0.5776000022888184
YDR040C,YDL056W,0,-3.4510527,0.09266530722379684,0.5899999737739563,0.5777000188827515
YFR036W,YHR042W,0,-3.4511757,0.09265075623989105,0.5899999737739563,0.5777999758720398
YGR221C,YNL263C,0,-3.45123,0.09263620525598526,0.5899999737739563,0.5778999924659729
YJR050W,YGL162W,0,-3.451268,0.09262166172266006,0.5899999737739563,0.578000009059906
YGR252W,YOL033W,0,-3.4513018,0.09260712563991547,0.5899999737739563,0.5781000256538391
YOR267C,YPR009W,0,-3.45131,0.09259258955717087,0.5899999737739563,0.5781999826431274
YLR100W,YFR013W,0,-3.451407,0.09257806092500687,0.5899999737739563,0.5782999992370605
YFR005C,YML027W,0,-3.451407,0.09256353974342346,0.5899999737739563,0.5784000158309937
YHR164C,YBR035C,1,-3.4514582,0.09270588308572769,0.5910000205039978,0.5784000158309937
YJL065C,YDR123C,0,-3.4514894,0.0926913395524025,0.5910000205039978,0.578499972820282
YCR037C,YLR466W,1,-3.4515355,0.09283362329006195,0.5920000076293945,0.578499972820282
YNL147W,YJL179W,1,-3.4515405,0.09297585487365723,0.5929999947547913,0.578499972820282
YDL147W,YKL051W,0,-3.4516225,0.09296128153800964,0.5929999947547913,0.5785999894142151
YNL021W,YPR134W,0,-3.451635,0.09294670820236206,0.5929999947547913,0.5787000060081482
YKL208W,YMR266W,0,-3.4516351,0.09293214231729507,0.5929999947547913,0.5788000226020813
YJL179W,YBR097W,1,-3.4516354,0.093074269592762,0.593999981880188,0.5788000226020813
YJL108C,YLR222C,0,-3.4516754,0.09305968880653381,0.593999981880188,0.5788999795913696
YGR197C,YNL126W,0,-3.4517648,0.09304511547088623,0.593999981880188,0.5789999961853027
YNR016C,YGR132C,0,-3.4517963,0.09303054213523865,0.593999981880188,0.5791000127792358
YML046W,YMR201C,0,-3.4518821,0.09301596879959106,0.593999981880188,0.579200029373169
YPL255W,YDL093W,0,-3.4519377,0.09300141036510468,0.593999981880188,0.5792999863624573
YKL165C,YML095C,0,-3.4520226,0.09298685193061829,0.593999981880188,0.5794000029563904
YOR321W,YJL166W,0,-3.4521344,0.0929722934961319,0.593999981880188,0.5795000195503235
YLR154C,YHR111W,0,-3.4521677,0.0929577499628067,0.593999981880188,0.5795999765396118
YOR136W,YLR116W,0,-3.4522083,0.09294319897890091,0.593999981880188,0.5796999931335449
YNR035C,YBR244W,0,-3.4522307,0.09292866289615631,0.593999981880188,0.579800009727478
YGL126W,YHR039C-A,0,-3.452238,0.09291412681341171,0.593999981880188,0.5799000263214111
YML107C,YDR451C,0,-3.452368,0.09289959073066711,0.593999981880188,0.5799999833106995
YKL120W,YLR034C,0,-3.452429,0.09288506954908371,0.593999981880188,0.5800999999046326
YFL041W,YLR362W,0,-3.4524407,0.09287054091691971,0.593999981880188,0.5802000164985657
YBL025W,YKL196C,0,-3.4524612,0.0928560271859169,0.593999981880188,0.580299973487854
YPL117C,YML092C,0,-3.4524999,0.09284151345491409,0.593999981880188,0.5803999900817871
YOL038W,YLR200W,0,-3.4525287,0.09282700717449188,0.593999981880188,0.5805000066757202
YFR053C,YJL076W,0,-3.452552,0.09281250089406967,0.593999981880188,0.5806000232696533
YNL153C,YGL095C,0,-3.4525688,0.09279800206422806,0.593999981880188,0.5806999802589417
YKL179C,YOR245C,0,-3.452609,0.09278350323438644,0.593999981880188,0.5807999968528748
YHL027W,YJL141C,0,-3.4528182,0.09276901185512543,0.593999981880188,0.5809000134468079
YPL170W,YDR040C,0,-3.4528697,0.09275452792644501,0.593999981880188,0.5809999704360962
YFR009W,YOR049C,0,-3.4529486,0.09274004399776459,0.593999981880188,0.5810999870300293
YOR081C,YHL028W,0,-3.453113,0.09272556751966476,0.593999981880188,0.5812000036239624
YJL148W,YLR183C,0,-3.453116,0.09271109849214554,0.593999981880188,0.5813000202178955
YPL112C,YDR135C,0,-3.4531176,0.09269662946462631,0.593999981880188,0.5813999772071838
YOR361C,YIL173W,0,-3.4532516,0.09268216788768768,0.593999981880188,0.5814999938011169
YLR303W,YDR328C,0,-3.4533143,0.09266770631074905,0.593999981880188,0.58160001039505
YDR214W,YNR035C,0,-3.4533398,0.09265325218439102,0.593999981880188,0.5817000269889832
YDL227C,YML076C,0,-3.4534261,0.09263880550861359,0.593999981880188,0.5817999839782715
YBL045C,YDR224C,0,-3.453521,0.09262435883283615,0.593999981880188,0.5819000005722046
YML019W,YOR361C,0,-3.4535363,0.09260991215705872,0.593999981880188,0.5820000171661377
YER177W,YDR182W,0,-3.4535687,0.09259548038244247,0.593999981880188,0.582099974155426
YDR004W,YLR025W,1,-3.4536414,0.09273690730333328,0.5950000286102295,0.582099974155426
YNL325C,YDR398W,0,-3.4537327,0.09272245317697525,0.5950000286102295,0.5821999907493591
YER001W,YLR208W,0,-3.4539254,0.09270800650119781,0.5950000286102295,0.5823000073432922
YIL014W,YHR152W,0,-3.4539974,0.09269356727600098,0.5950000286102295,0.5824000239372253
YIL098C,YOR188W,0,-3.45408,0.09267912805080414,0.5950000286102295,0.5824999809265137
YHR187W,YBR254C,0,-3.454097,0.0926646962761879,0.5950000286102295,0.5825999975204468
YAR018C,YHR181W,0,-3.4540975,0.09265026450157166,0.5950000286102295,0.5827000141143799
YER119C,YDL098C,0,-3.4543471,0.09263584017753601,0.5950000286102295,0.5827999711036682
YMR172W,YML058W,0,-3.4543493,0.09262142330408096,0.5950000286102295,0.5828999876976013
YDL083C,YHR041C,1,-3.4543655,0.09276264905929565,0.5960000157356262,0.5828999876976013
YCR020C-A,YML097C,1,-3.4544613,0.09290383011102676,0.597000002861023,0.5828999876976013
YPL262W,YDR285W,0,-3.4544828,0.09288937598466873,0.597000002861023,0.5830000042915344
YDR231C,YOL028C,0,-3.4544961,0.0928749218583107,0.597000002861023,0.5831000208854675
YPL200W,YPL145C,0,-3.4546645,0.09286047518253326,0.597000002861023,0.5831999778747559
YMR025W,YGL086W,0,-3.4548047,0.09284603595733643,0.597000002861023,0.583299994468689
YPR019W,YNL029C,0,-3.454891,0.09283159673213959,0.597000002861023,0.5834000110626221
YLR157C,YLR189C,0,-3.454922,0.09281716495752335,0.597000002861023,0.5835000276565552
YGL005C,YPR133C,0,-3.4550035,0.0928027331829071,0.597000002861023,0.5835999846458435
YPR067W,YNL329C,0,-3.4550164,0.09278830885887146,0.597000002861023,0.5837000012397766
YBR295W,YDR201W,0,-3.4550266,0.09277389198541641,0.597000002861023,0.5838000178337097
YEL026W,YMR039C,0,-3.4550383,0.09275947511196136,0.597000002861023,0.583899974822998
YDR386W,YOR207C,0,-3.4550545,0.09274506568908691,0.597000002861023,0.5839999914169312
YOR031W,YOL028C,0,-3.4551175,0.09273066371679306,0.597000002861023,0.5841000080108643
YPL084W,YER095W,1,-3.4551823,0.09287156164646149,0.5979999899864197,0.5841000080108643
YMR285C,YLR134W,0,-3.4553616,0.09285714477300644,0.5979999899864197,0.5842000246047974
YIR019C,YMR247C,0,-3.455367,0.09284272789955139,0.5979999899864197,0.5842999815940857
YBL064C,YDR379W,0,-3.4554346,0.09282831102609634,0.5979999899864197,0.5843999981880188
YHL048W,YPL097W,0,-3.4555266,0.09281390905380249,0.5979999899864197,0.5845000147819519
YBR020W,YNL273W,0,-3.4555538,0.09279950708150864,0.5979999899864197,0.5845999717712402
YMR199W,YPR193C,0,-3.455556,0.09278510510921478,0.5979999899864197,0.5846999883651733
YPR006C,YKR031C,0,-3.4555957,0.09277071058750153,0.5979999899864197,0.5848000049591064
YPL002C,YDL077C,1,-3.4556124,0.09291142970323563,0.5989999771118164,0.5848000049591064
YER030W,YGR276C,0,-3.4558275,0.09289702028036118,0.5989999771118164,0.5849000215530396
YJL116C,YNL078W,0,-3.4558504,0.09288261830806732,0.5989999771118164,0.5849999785423279
YJR068W,YOR294W,0,-3.4559805,0.09286821633577347,0.5989999771118164,0.585099995136261
YDL175C,YDR309C,0,-3.4560037,0.09285382181406021,0.5989999771118164,0.5852000117301941
YMR006C,YMR053C,0,-3.4560196,0.09283942729234695,0.5989999771118164,0.5853000283241272
YGL151W,YJL128C,0,-3.4560897,0.0928250402212143,0.5989999771118164,0.5853999853134155
YDL020C,YMR106C,1,-3.4562285,0.09296560287475586,0.6000000238418579,0.5853999853134155
YDL108W,YAR031W,0,-3.4563353,0.092951200902462,0.6000000238418579,0.5855000019073486
YLL042C,YDL058W,0,-3.4564245,0.09293680638074875,0.6000000238418579,0.5856000185012817
YKR063C,YOL067C,0,-3.4564855,0.09292241185903549,0.6000000238418579,0.5856999754905701
YMR162C,YDL058W,0,-3.456487,0.09290801733732224,0.6000000238418579,0.5857999920845032
YDL230W,YOR191W,0,-3.4565237,0.09289363771677017,0.6000000238418579,0.5859000086784363
YLR216C,YOR147W,0,-3.4565265,0.09287925809621811,0.6000000238418579,0.5860000252723694
YOL045W,YOL040C,0,-3.4565363,0.09286487847566605,0.6000000238418579,0.5860999822616577
YNL333W,YKR056W,0,-3.4565876,0.09285051375627518,0.6000000238418579,0.5861999988555908
YLR264W,YNL229C,1,-3.4565918,0.09299086779356003,0.6010000109672546,0.5861999988555908
YBL011W,YPL176C,0,-3.4566307,0.09297648817300797,0.6010000109672546,0.5863000154495239
YGL071W,YJL176C,0,-3.4567778,0.0929621011018753,0.6010000109672546,0.5863999724388123
YGR195W,YLR136C,0,-3.456784,0.09294772893190384,0.6010000109672546,0.5864999890327454
YIL154C,YDR529C,0,-3.456794,0.09293335676193237,0.6010000109672546,0.5866000056266785
YGL190C,YOR363C,0,-3.456799,0.09291898459196091,0.6010000109672546,0.5867000222206116
YLR155C,YIR008C,0,-3.4568236,0.09290461987257004,0.6010000109672546,0.5867999792098999
YBR093C,YOR004W,0,-3.4568298,0.09289026260375977,0.6010000109672546,0.586899995803833
YOR310C,YNL054W,0,-3.4568443,0.0928759053349495,0.6010000109672546,0.5870000123977661
YML069W,YOR089C,0,-3.4568808,0.09286155551671982,0.6010000109672546,0.5871000289916992
YLL003W,YKL056C,0,-3.456886,0.09284721314907074,0.6010000109672546,0.5871999859809875
YIL140W,YNL271C,0,-3.456978,0.09283287078142166,0.6010000109672546,0.5873000025749207
YPR144C,YDR160W,0,-3.456982,0.09281853586435318,0.6010000109672546,0.5874000191688538
YER088C,YOR181W,0,-3.4569857,0.0928042009472847,0.6010000109672546,0.5874999761581421
YGR163W,YLR467W,1,-3.4570062,0.09294426441192627,0.6019999980926514,0.5874999761581421
YPL001W,YDR382W,0,-3.4570248,0.0929299145936966,0.6019999980926514,0.5875999927520752
YOR198C,YKR053C,0,-3.457175,0.09291557222604752,0.6019999980926514,0.5877000093460083
YNL106C,YOL091W,0,-3.4572558,0.09290123730897903,0.6019999980926514,0.5878000259399414
YGL051W,YPL235W,0,-3.4573987,0.09288690239191055,0.6019999980926514,0.5878999829292297
YDR054C,YJL187C,0,-3.4575102,0.09287256747484207,0.6019999980926514,0.5879999995231628
YHR007C,YDR420W,0,-3.4575105,0.09285824745893478,0.6019999980926514,0.588100016117096
YAL055W,YBR152W,0,-3.457555,0.0928439199924469,0.6019999980926514,0.5881999731063843
YGR206W,YPL122C,0,-3.4575734,0.09282960742712021,0.6019999980926514,0.5882999897003174
YPL047W,YGR063C,0,-3.4576757,0.09281529486179352,0.6019999980926514,0.5884000062942505
YDL145C,YIL053W,0,-3.4577172,0.09280098974704742,0.6019999980926514,0.5885000228881836
YGR200C,YDR162C,0,-3.4577358,0.09278668463230133,0.6019999980926514,0.5885999798774719
YBR129C,YMR227C,0,-3.4578016,0.09277238696813583,0.6019999980926514,0.588699996471405
YPL126W,YGR280C,0,-3.4578104,0.09275808930397034,0.6019999980926514,0.5888000130653381
YDL064W,YDR330W,0,-3.4578636,0.09274379909038544,0.6019999980926514,0.5889000296592712
YDL099W,YBR173C,0,-3.457984,0.09272951632738113,0.6019999980926514,0.5889999866485596
YCR094W,YDR322C-A,0,-3.4580295,0.09271523356437683,0.6019999980926514,0.5891000032424927
YHL020C,YCR037C,1,-3.4580686,0.09285493940114975,0.6029999852180481,0.5891000032424927
YER122C,YLR113W,0,-3.4581897,0.09284064918756485,0.6029999852180481,0.5892000198364258
YMR067C,YLR447C,0,-3.4581983,0.09282635152339935,0.6029999852180481,0.5892999768257141
YKL125W,YDL185W,0,-3.458305,0.09281206876039505,0.6029999852180481,0.5893999934196472
YJR063W,YPL085W,0,-3.4583728,0.09279778599739075,0.6029999852180481,0.5895000100135803
YGL257C,YFL017W-A,0,-3.4583766,0.09278350323438644,0.6029999852180481,0.5896000266075134
YLR155C,YDR036C,0,-3.4584212,0.09276922792196274,0.6029999852180481,0.5896999835968018
YDL142C,YAL012W,0,-3.4584262,0.09275496006011963,0.6029999852180481,0.5898000001907349
YPL268W,YDL093W,0,-3.4584377,0.09274069219827652,0.6029999852180481,0.589900016784668
YGL045W,YLR033W,0,-3.4585235,0.09272643178701401,0.6029999852180481,0.5899999737739563
YDR463W,YGR162W,0,-3.45872,0.09271217882633209,0.6029999852180481,0.5900999903678894
YLR059C,YEL065W,0,-3.4587219,0.09269792586565018,0.6029999852180481,0.5902000069618225
YOR299W,YNR038W,0,-3.4588132,0.09268367290496826,0.6029999852180481,0.5903000235557556
YGR249W,YGR004W,0,-3.458964,0.09266943484544754,0.6029999852180481,0.590399980545044
YPR034W,YLR221C,0,-3.458996,0.09265519678592682,0.6029999852180481,0.590499997138977
YJL006C,YMR047C,0,-3.4592073,0.0926409587264061,0.6029999852180481,0.5906000137329102
YAR031W,YDR389W,0,-3.459251,0.09262672811746597,0.6029999852180481,0.5906999707221985
YLR353W,YIL101C,0,-3.459267,0.09261250495910645,0.6029999852180481,0.5907999873161316
YOR173W,YDL230W,0,-3.4593797,0.09259828180074692,0.6029999852180481,0.5909000039100647
YKL004W,YDR092W,0,-3.4594028,0.09258406609296799,0.6029999852180481,0.5910000205039978
YOL111C,YMR218C,0,-3.4594817,0.09256985038518906,0.6029999852180481,0.5910999774932861
YPR176C,YOR307C,0,-3.4595058,0.09255564212799072,0.6029999852180481,0.5911999940872192
YDL019C,YGR221C,0,-3.4595592,0.09254143387079239,0.6029999852180481,0.5913000106811523
YGL067W,YKL145W,0,-3.459592,0.09252723306417465,0.6029999852180481,0.5914000272750854
YER045C,YIL033C,0,-3.4596992,0.09251303970813751,0.6029999852180481,0.5914999842643738
YLR368W,YBR257W,0,-3.459802,0.09249884635210037,0.6029999852180481,0.5916000008583069
YJR143C,YPL153C,0,-3.4598582,0.09248466044664383,0.6029999852180481,0.59170001745224
YER105C,YFL017W-A,0,-3.4598753,0.09247048199176788,0.6029999852180481,0.5917999744415283
YOR094W,YKL032C,0,-3.4599464,0.09245630353689194,0.6029999852180481,0.5918999910354614
YOL066C,YCL031C,0,-3.46005,0.09244212508201599,0.6029999852180481,0.5920000076293945
YJL214W,YOL011W,0,-3.4601653,0.09242796152830124,0.6029999852180481,0.5921000242233276
YGL017W,YPR030W,0,-3.4601908,0.09241379052400589,0.6029999852180481,0.592199981212616
YLR310C,YGL133W,0,-3.460253,0.09239963442087173,0.6029999852180481,0.5922999978065491
YBL019W,YML116W,0,-3.460315,0.09238547831773758,0.6029999852180481,0.5924000144004822
YLR394W,YLR340W,0,-3.4603293,0.09237132221460342,0.6029999852180481,0.5924999713897705
YPL098C,YNL222W,0,-3.460409,0.09235717356204987,0.6029999852180481,0.5925999879837036
YDL101C,YOL138C,1,-3.4604652,0.09249617159366608,0.6039999723434448,0.5925999879837036
YKL113C,YDR443C,1,-3.4604795,0.0926351249217987,0.6050000190734863,0.5925999879837036
YJR057W,YPR075C,0,-3.4605033,0.09262094646692276,0.6050000190734863,0.5927000045776367
YJL214W,YCL031C,0,-3.4605238,0.09260676801204681,0.6050000190734863,0.5928000211715698
YLR418C,YCR081W,1,-3.460534,0.09274563938379288,0.6060000061988831,0.5928000211715698
YPR019W,YMR241W,0,-3.4606137,0.09273144602775574,0.6060000061988831,0.5928999781608582
YIR019C,YGL011C,0,-3.4606156,0.0927172601222992,0.6060000061988831,0.5929999947547913
YHR160C,YPL157W,0,-3.460794,0.09270307421684265,0.6060000061988831,0.5931000113487244
YDL213C,YDR356W,0,-3.4608219,0.0926888957619667,0.6060000061988831,0.5932000279426575
YJL209W,YKL074C,0,-3.4608319,0.09267471730709076,0.6060000061988831,0.5932999849319458
YOR168W,YOR213C,0,-3.4608386,0.09266055375337601,0.6060000061988831,0.5934000015258789
YDR054C,YPL171C,0,-3.4609172,0.09264638274908066,0.6060000061988831,0.593500018119812
YLR208W,YKL173W,0,-3.461135,0.0926322191953659,0.6060000061988831,0.5935999751091003
YOR226C,YPL083C,0,-3.461154,0.09261806309223175,0.6060000061988831,0.5936999917030334
YNL070W,YDR207C,0,-3.4612024,0.09260391443967819,0.6060000061988831,0.5938000082969666
YPL248C,YCR084C,0,-3.4612243,0.09258976578712463,0.6060000061988831,0.5939000248908997
YAL041W,YLR266C,0,-3.461538,0.09257561713457108,0.6060000061988831,0.593999981880188
YIL142W,YOR191W,0,-3.4615643,0.09256147593259811,0.6060000061988831,0.5940999984741211
YCR020C-A,YBR136W,1,-3.46161,0.0927000641822815,0.6069999933242798,0.5940999984741211
YBR092C,YKL188C,0,-3.4616702,0.09268590807914734,0.6069999933242798,0.5942000150680542
YGL017W,YGR191W,0,-3.4617383,0.09267175942659378,0.6069999933242798,0.5942999720573425
YPR037C,YNR046W,0,-3.4617498,0.09265761077404022,0.6069999933242798,0.5943999886512756
YDR511W,YBR029C,0,-3.461788,0.09264346957206726,0.6069999933242798,0.5945000052452087
YML121W,YMR080C,1,-3.4617977,0.0927819311618805,0.6079999804496765,0.5945000052452087
YDR384C,YDR345C,0,-3.4618495,0.09276777505874634,0.6079999804496765,0.5946000218391418
YDR527W,YER021W,0,-3.4618747,0.09275362640619278,0.6079999804496765,0.5946999788284302
YGR175C,YKL032C,0,-3.4619467,0.09273947775363922,0.6079999804496765,0.5947999954223633
YLR242C,YOL001W,1,-3.462016,0.0928778424859047,0.609000027179718,0.5947999954223633
YER021W,YGR059W,0,-3.462158,0.09286367893218994,0.609000027179718,0.5949000120162964
YPR073C,YHR039C,0,-3.4621723,0.09284952282905579,0.609000027179718,0.5950000286102295
YDR214W,YLR147C,0,-3.4621837,0.09283536672592163,0.609000027179718,0.5950999855995178
YJL196C,YOR297C,0,-3.4622965,0.09282121807336807,0.609000027179718,0.5952000021934509
YKL220C,YPL248C,0,-3.4623017,0.09280706942081451,0.609000027179718,0.595300018787384
YGL253W,YML118W,0,-3.4623291,0.09279292821884155,0.609000027179718,0.5953999757766724
YMR049C,YGR082W,0,-3.4623826,0.09277879446744919,0.609000027179718,0.5954999923706055
YML016C,YKL119C,0,-3.462458,0.09276466071605682,0.609000027179718,0.5956000089645386
YBR022W,YGL095C,0,-3.462458,0.09275053441524506,0.609000027179718,0.5957000255584717
YNR001C,YJL112W,0,-3.4624915,0.09273640811443329,0.609000027179718,0.59579998254776
YLR380W,YMR287C,0,-3.4624946,0.09272228926420212,0.609000027179718,0.5958999991416931
YMR275C,YKL203C,0,-3.4625714,0.09270817786455154,0.609000027179718,0.5960000157356262
YAL015C,YIL008W,0,-3.4626162,0.09269406646490097,0.609000027179718,0.5960999727249146
YER045C,YLR059C,0,-3.4626205,0.0926799550652504,0.609000027179718,0.5961999893188477
YDR503C,YGR180C,0,-3.462703,0.09266585856676102,0.609000027179718,0.5963000059127808
YGL166W,YNL078W,0,-3.4627378,0.09265175461769104,0.609000027179718,0.5964000225067139
YPR121W,YBL039C,0,-3.462766,0.09263766556978226,0.609000027179718,0.5964999794960022
YFL025C,YBR065C,0,-3.4627912,0.09262357652187347,0.609000027179718,0.5965999960899353
YPL160W,YNL102W,0,-3.4628098,0.09260948747396469,0.609000027179718,0.5967000126838684
YGL005C,YDL226C,0,-3.4628193,0.0925954058766365,0.609000027179718,0.5968000292778015
YHR164C,YLR192C,1,-3.4629552,0.09273335337638855,0.6100000143051147,0.5968000292778015
YKL213C,YOL088C,0,-3.4630811,0.09271925687789917,0.6100000143051147,0.5968999862670898
YLR205C,YPL208W,0,-3.463143,0.09270516782999039,0.6100000143051147,0.597000002861023
YOR198C,YDR424C,0,-3.4631445,0.0926910787820816,0.6100000143051147,0.597100019454956
YER133W,YOL111C,0,-3.4632041,0.09267699718475342,0.6100000143051147,0.5971999764442444
YOR335C,YNL020C,0,-3.463237,0.09266292303800583,0.6100000143051147,0.5972999930381775
YGL127C,YLR372W,1,-3.46328,0.09280072897672653,0.6110000014305115,0.5972999930381775
YML006C,YPL006W,0,-3.4632828,0.09278663992881775,0.6110000014305115,0.5974000096321106
YPR094W,YOR344C,0,-3.463339,0.09277255088090897,0.6110000014305115,0.5975000262260437
YBL019W,YMR199W,0,-3.4633596,0.09275846183300018,0.6110000014305115,0.597599983215332
YGR212W,YKL028W,0,-3.4634063,0.092744380235672,0.6110000014305115,0.5976999998092651
YNL259C,YDR191W,0,-3.4634578,0.09273030608892441,0.6110000014305115,0.5978000164031982
YFL055W,YHR123W,0,-3.4634767,0.09271623939275742,0.6110000014305115,0.5978999733924866
YGL195W,YLR403W,0,-3.4635503,0.09270217269659042,0.6110000014305115,0.5979999899864197
YJR160C,YOR143C,0,-3.463557,0.09268810600042343,0.6110000014305115,0.5981000065803528
YMR035W,YDL116W,0,-3.4638197,0.09267404675483704,0.6110000014305115,0.5982000231742859
YLL038C,YDL097C,0,-3.4638991,0.09265999495983124,0.6110000014305115,0.5982999801635742
YOL090W,YOR157C,0,-3.4639997,0.09264594316482544,0.6110000014305115,0.5983999967575073
YMR277W,YDR330W,0,-3.464002,0.09263189882040024,0.6110000014305115,0.5985000133514404
YBL018C,YOR149C,0,-3.464004,0.09261785447597504,0.6110000014305115,0.5985999703407288
YGL043W,YLR181C,0,-3.4640124,0.09260381758213043,0.6110000014305115,0.5986999869346619
YJL124C,YER074W-A,0,-3.4640167,0.09258978813886642,0.6110000014305115,0.598800003528595
YKL119C,YLR262C,0,-3.4640224,0.09257575869560242,0.6110000014305115,0.5989000201225281
YKL208W,YNR047W,0,-3.4640837,0.092561736702919,0.6110000014305115,0.5989999771118164
YGL018C,YNR011C,0,-3.4641187,0.0925477147102356,0.6110000014305115,0.5990999937057495
YJR064W,YGL018C,0,-3.464278,0.09253370016813278,0.6110000014305115,0.5992000102996826
YPL248C,YJL001W,0,-3.4642856,0.09251968562602997,0.6110000014305115,0.5993000268936157
YLR423C,YLR234W,1,-3.4643955,0.09265707433223724,0.6119999885559082,0.5993000268936157
YNL258C,YMR016C,0,-3.4644089,0.09264305233955383,0.6119999885559082,0.599399983882904
YOR224C,YFL060C,0,-3.4644697,0.09262903034687042,0.6119999885559082,0.5995000004768372
YLR145W,YLR316C,0,-3.4644878,0.09261501580476761,0.6119999885559082,0.5996000170707703
YHR024C,YMR139W,0,-3.4644988,0.0926010012626648,0.6119999885559082,0.5996999740600586
YLL038C,YLR368W,0,-3.4645002,0.09258698672056198,0.6119999885559082,0.5997999906539917
YJR160C,YMR203W,0,-3.464566,0.09257298707962036,0.6119999885559082,0.5999000072479248
YPL125W,YNL253W,0,-3.4646342,0.09255897998809814,0.6119999885559082,0.6000000238418579
YJL014W,YPR073C,0,-3.4647877,0.09254498779773712,0.6119999885559082,0.6000999808311462
YJL146W,YCR077C,0,-3.4647892,0.0925309956073761,0.6119999885559082,0.6001999974250793
YPL180W,YGR162W,0,-3.4648726,0.09251700341701508,0.6119999885559082,0.6003000140190125
YDR453C,YMR089C,0,-3.4649546,0.09250302612781525,0.6119999885559082,0.6003999710083008
YEL030W,YDL140C,0,-3.4649556,0.09248904138803482,0.6119999885559082,0.6004999876022339
YDR038C,YBR089C-A,0,-3.4650788,0.09247507154941559,0.6119999885559082,0.600600004196167
YOR005C,YDL213C,0,-3.4651005,0.09246109426021576,0.6119999885559082,0.6007000207901001
YAL054C,YPL237W,0,-3.465126,0.09244713187217712,0.6119999885559082,0.6007999777793884
YMR316W,YNL293W,0,-3.4651365,0.09243316948413849,0.6119999885559082,0.6008999943733215
YMR163C,YPL180W,0,-3.4651473,0.09241920709609985,0.6119999885559082,0.6010000109672546
YPL131W,YBR080C,0,-3.465154,0.09240525215864182,0.6119999885559082,0.6011000275611877
YOR316C,YOR136W,0,-3.465172,0.09239130467176437,0.6119999885559082,0.6011999845504761
YIL007C,YBR024W,0,-3.4651735,0.09237735718488693,0.6119999885559082,0.6013000011444092
YJL173C,YOL124C,0,-3.4652681,0.09236341714859009,0.6119999885559082,0.6014000177383423
YJL111W,YDR407C,0,-3.4653587,0.09234947711229324,0.6119999885559082,0.6014999747276306
YDR192C,YKR101W,0,-3.465362,0.092335544526577,0.6119999885559082,0.6015999913215637
YML132W,YFL021W,0,-3.4653828,0.09232161939144135,0.6119999885559082,0.6017000079154968
YOL126C,YNL121C,0,-3.4654274,0.0923076942563057,0.6119999885559082,0.6018000245094299
YEL053C,YKL009W,1,-3.465459,0.09244457632303238,0.6129999756813049,0.6018000245094299
YDR073W,YLR136C,0,-3.465486,0.09243063628673553,0.6129999756813049,0.6018999814987183
YPL096W,YJL072C,0,-3.465525,0.09241670370101929,0.6129999756813049,0.6019999980926514
YKL206C,YPR041W,0,-3.4656246,0.09240277111530304,0.6129999756813049,0.6021000146865845
YDR389W,YML058W,0,-3.4656856,0.09238884598016739,0.6129999756813049,0.6021999716758728
YFL013C,YJL148W,0,-3.4659064,0.09237492829561234,0.6129999756813049,0.6022999882698059
YGR183C,YHR161C,0,-3.4659371,0.09236100316047668,0.6129999756813049,0.602400004863739
YER019W,YBR185C,0,-3.466083,0.09234709292650223,0.6129999756813049,0.6025000214576721
YGR175C,YKL080W,0,-3.4660833,0.09233318269252777,0.6129999756813049,0.6025999784469604
YLR095C,YLL013C,0,-3.46609,0.09231927990913391,0.6129999756813049,0.6026999950408936
YOR039W,YPL240C,0,-3.4661627,0.09230537712574005,0.6129999756813049,0.6028000116348267
YBR213W,YKL041W,0,-3.466286,0.09229148179292679,0.6129999756813049,0.6029000282287598
YBR040W,YGR186W,0,-3.4664488,0.09227758646011353,0.6129999756813049,0.6029999852180481
YGL090W,YML052W,0,-3.4664881,0.09226369857788086,0.6129999756813049,0.6031000018119812
YLR319C,YPL137C,0,-3.4664912,0.0922498106956482,0.6129999756813049,0.6032000184059143
YER013W,YGL210W,0,-3.466695,0.09223593026399612,0.6129999756813049,0.6032999753952026
YGR225W,YNL138W,0,-3.4669597,0.09222205728292465,0.6129999756813049,0.6033999919891357
YFR034C,YIL008W,0,-3.467186,0.09220818430185318,0.6129999756813049,0.6035000085830688
YAL013W,YDR499W,1,-3.4672031,0.09234471619129181,0.6140000224113464,0.6035000085830688
YBR193C,YJL072C,0,-3.467209,0.09233082830905914,0.6140000224113464,0.603600025177002
YOL001W,YOL061W,1,-3.467244,0.092467300593853,0.6150000095367432,0.603600025177002
YNL272C,YLR447C,0,-3.4673975,0.09245339781045914,0.6150000095367432,0.6036999821662903
YKL122C,YLR409C,0,-3.4675052,0.09243950247764587,0.6150000095367432,0.6037999987602234
YOR320C,YPR140W,0,-3.4675653,0.09242560714483261,0.6150000095367432,0.6039000153541565
YIL009C-A,YDR295C,1,-3.4678023,0.0925619825720787,0.6159999966621399,0.6039000153541565
YGR163W,YML001W,1,-3.4678628,0.09269832074642181,0.6169999837875366,0.6039000153541565
YGL155W,YMR183C,0,-3.4679408,0.09268439561128616,0.6169999837875366,0.6039999723434448
YKL026C,YIL147C,0,-3.467984,0.09267047047615051,0.6169999837875366,0.6040999889373779
YKL002W,YOR181W,0,-3.4680345,0.09265655279159546,0.6169999837875366,0.604200005531311
YNL172W,YOL151W,0,-3.468081,0.092642642557621,0.6169999837875366,0.6043000221252441
YEL042W,YLR066W,0,-3.4680953,0.09262873232364655,0.6169999837875366,0.6043999791145325
YKL093W,YKL119C,0,-3.4681447,0.09261482954025269,0.6169999837875366,0.6044999957084656
YKL005C,YOR371C,0,-3.4682786,0.09260093420743942,0.6169999837875366,0.6046000123023987
YGR140W,YNL173C,0,-3.4683006,0.09258703142404556,0.6169999837875366,0.6047000288963318
YOL008W,YOL158C,0,-3.4683206,0.0925731435418129,0.6169999837875366,0.6047999858856201
YDR040C,YER001W,0,-3.4685845,0.09255925565958023,0.6169999837875366,0.6049000024795532
YLR368W,YGL226C-A,0,-3.468722,0.09254537522792816,0.6169999837875366,0.6050000190734863
YMR216C,YDR172W,0,-3.4687355,0.09253149479627609,0.6169999837875366,0.6050999760627747
YOR340C,YPR056W,0,-3.4687464,0.09251762181520462,0.6169999837875366,0.6051999926567078
YPL096W,YLR141W,0,-3.4688635,0.09250374883413315,0.6169999837875366,0.6053000092506409
YER017C,YKL220C,0,-3.468922,0.09248988330364227,0.6169999837875366,0.605400025844574
YKL149C,YCL026C-A,0,-3.468958,0.0924760177731514,0.6169999837875366,0.6054999828338623
YBR243C,YIR017C,0,-3.4690773,0.09246215969324112,0.6169999837875366,0.6055999994277954
YGL004C,YMR095C,0,-3.4691439,0.09244830906391144,0.6169999837875366,0.6057000160217285
YDL175C,YPR042C,0,-3.4691517,0.09243445843458176,0.6169999837875366,0.6057999730110168
YDR434W,YPR187W,0,-3.469189,0.09242060780525208,0.6169999837875366,0.60589998960495
YJR069C,YML059C,0,-3.4692147,0.09240677207708359,0.6169999837875366,0.6060000061988831
YOR099W,YGL068W,0,-3.469248,0.0923929288983345,0.6169999837875366,0.6061000227928162
YDR499W,YPR132W,1,-3.469299,0.0925288200378418,0.6179999709129333,0.6061000227928162
YHR194W,YML052W,0,-3.4693184,0.09251496940851212,0.6179999709129333,0.6061999797821045
YPR082C,YDL188C,0,-3.4693658,0.09250112622976303,0.6179999709129333,0.6062999963760376
YEL016C,YJL203W,0,-3.4694235,0.09248727560043335,0.6179999709129333,0.6064000129699707
YBL099W,YLR106C,0,-3.4694703,0.09247343987226486,0.6179999709129333,0.6065000295639038
YOL033W,YPL133C,0,-3.4694936,0.09245960414409637,0.6179999709129333,0.6065999865531921
YDR345C,YGL210W,0,-3.469511,0.09244577586650848,0.6179999709129333,0.6067000031471252
YNL004W,YMR182C,0,-3.4695299,0.0924319475889206,0.6179999709129333,0.6068000197410583
YPL170W,YGR220C,0,-3.4695444,0.0924181267619133,0.6179999709129333,0.6068999767303467
YPL195W,YLR371W,0,-3.4696002,0.092404305934906,0.6179999709129333,0.6069999933242798
YPR051W,YNL339C,1,-3.469693,0.09253998845815659,0.6190000176429749,0.6069999933242798
YGR086C,YHR205W,0,-3.4698246,0.0925261601805687,0.6190000176429749,0.6071000099182129
YIL053W,YPR198W,0,-3.469855,0.0925123319029808,0.6190000176429749,0.607200026512146
YMR042W,YDR270W,0,-3.469981,0.09249850362539291,0.6190000176429749,0.6072999835014343
YOR281C,YOL045W,0,-3.470019,0.09248468279838562,0.6190000176429749,0.6074000000953674
YER167W,YHR190W,0,-3.4700477,0.09247086942195892,0.6190000176429749,0.6075000166893005
YLR215C,YDR179C,0,-3.4700763,0.09245705604553223,0.6190000176429749,0.6075999736785889
YER013W,YKL099C,0,-3.4701269,0.09244325011968613,0.6190000176429749,0.607699990272522
YNR056C,YDR079W,0,-3.4702427,0.09242944419384003,0.6190000176429749,0.6078000068664551
YJL115W,YOL082W,0,-3.4703228,0.09241564571857452,0.6190000176429749,0.6079000234603882
YPR025C,YDR346C,0,-3.470352,0.09240185469388962,0.6190000176429749,0.6079999804496765
YOL072W,YKL196C,0,-3.4703963,0.09238805621862411,0.6190000176429749,0.6080999970436096
YDR168W,YGR193C,0,-3.470445,0.0923742726445198,0.6190000176429749,0.6082000136375427
YDL244W,YGL095C,0,-3.4704828,0.0923604890704155,0.6190000176429749,0.608299970626831
YOR180C,YGR009C,0,-3.4705842,0.09234671294689178,0.6190000176429749,0.6083999872207642
YBR107C,YOL072W,0,-3.470587,0.09233293682336807,0.6190000176429749,0.6085000038146973
YMR263W,YBL058W,1,-3.470631,0.09246830642223358,0.6200000047683716,0.6085000038146973
YDR097C,YMR182C,0,-3.4706817,0.09245451539754868,0.6200000047683716,0.6086000204086304
YJR047C,YBL002W,0,-3.4707115,0.09244073182344437,0.6200000047683716,0.6086999773979187
YNL111C,YER024W,0,-3.471005,0.09242695569992065,0.6200000047683716,0.6087999939918518
YOR078W,YGL127C,1,-3.4710257,0.0925622284412384,0.6209999918937683,0.6087999939918518
YNR060W,YDR058C,0,-3.471039,0.0925484374165535,0.6209999918937683,0.6089000105857849
YMR188C,YLL002W,0,-3.4710476,0.09253464639186859,0.6209999918937683,0.609000027179718
YPL267W,YOR018W,0,-3.4710505,0.09252085536718369,0.6209999918937683,0.6090999841690063
YNL271C,YOL128C,0,-3.4710586,0.09250707924365997,0.6209999918937683,0.6092000007629395
YHR123W,YKR082W,0,-3.471134,0.09249329566955566,0.6209999918937683,0.6093000173568726
YGR037C,YOL144W,0,-3.4712427,0.09247952699661255,0.6209999918937683,0.6093999743461609
YGL180W,YNL121C,0,-3.4712913,0.09246575087308884,0.6209999918937683,0.609499990940094
YFL031W,YBL011W,0,-3.4713511,0.09245198965072632,0.6209999918937683,0.6096000075340271
YKR087C,YJR019C,0,-3.4714165,0.0924382284283638,0.6209999918937683,0.6097000241279602
YML057W,YGR098C,0,-3.4714177,0.09242446720600128,0.6209999918937683,0.6097999811172485
YPR006C,YEL026W,0,-3.471437,0.09241071343421936,0.6209999918937683,0.6098999977111816
YPL118W,YER094C,0,-3.471523,0.09239696711301804,0.6209999918937683,0.6100000143051147
YBR020W,YJR086W,0,-3.4715285,0.09238322079181671,0.6209999918937683,0.6100999712944031
YIL084C,YPL085W,0,-3.4715762,0.09236947447061539,0.6209999918937683,0.6101999878883362
YCL008C,YDR495C,1,-3.4715998,0.09250446408987045,0.621999979019165,0.6101999878883362
YGL251C,YOL069W,0,-3.4716752,0.09249070286750793,0.621999979019165,0.6103000044822693
YDR179C,YLR347C,0,-3.4717553,0.09247695654630661,0.621999979019165,0.6104000210762024
YCL008C,YOL109W,1,-3.4718359,0.09261186420917511,0.6230000257492065,0.6104000210762024
YBR288C,YML046W,0,-3.4719431,0.092598095536232,0.6230000257492065,0.6104999780654907
YKL208W,YJR093C,0,-3.4720628,0.09258433431386948,0.6230000257492065,0.6105999946594238
YHR007C,YBR043C,0,-3.472072,0.09257058054208755,0.6230000257492065,0.6107000112533569
YDR303C,YLR262C,0,-3.4721608,0.09255682677030563,0.6230000257492065,0.61080002784729
YOL026C,YHR062C,0,-3.4721928,0.09254308044910431,0.6230000257492065,0.6108999848365784
YKL005C,YPL007C,0,-3.4722016,0.09252933412790298,0.6230000257492065,0.6110000014305115
YNL161W,YMR036C,0,-3.4722044,0.09251559525728226,0.6230000257492065,0.6111000180244446
YPL084W,YGL025C,1,-3.4723556,0.09265033155679703,0.6240000128746033,0.6111000180244446
YKL093W,YAL016W,0,-3.472376,0.0926365777850151,0.6240000128746033,0.6111999750137329
YPL213W,YAR002W,1,-3.4724038,0.0927712619304657,0.625,0.6111999750137329
YDL149W,YJR132W,0,-3.4724154,0.09275749325752258,0.625,0.611299991607666
YDR173C,YBR254C,0,-3.4725108,0.09274373203516006,0.625,0.6114000082015991
YMR277W,YOR256C,0,-3.472514,0.09272997081279755,0.625,0.6115000247955322
YLR106C,YPL268W,0,-3.4725428,0.09271621704101562,0.625,0.6115999817848206
YBR267W,YHR006W,0,-3.472581,0.0927024632692337,0.625,0.6116999983787537
YDR060W,YDR460W,0,-3.4726584,0.09268871694803238,0.625,0.6118000149726868
YEL034W,YOL091W,0,-3.4726725,0.09267497062683105,0.625,0.6118999719619751
YPL231W,YDR508C,0,-3.4726965,0.09266123175621033,0.625,0.6119999885559082
YOR067C,YDR393W,0,-3.4727664,0.0926474928855896,0.625,0.6121000051498413
YDR080W,YOL105C,0,-3.472767,0.09263376146554947,0.625,0.6122000217437744
YKL007W,YBL040C,0,-3.4728172,0.09262003749608994,0.625,0.6122999787330627
YLR329W,YNL244C,0,-3.4728758,0.0926063135266304,0.625,0.6123999953269958
YDR376W,YJL005W,0,-3.4730134,0.09259258955717087,0.625,0.612500011920929
YIR019C,YMR283C,0,-3.4731214,0.09257888048887253,0.625,0.6126000285148621
YCL055W,YDR296W,0,-3.4732268,0.09256516396999359,0.625,0.6126999855041504
YEL061C,YHR039C,0,-3.473244,0.09255145490169525,0.625,0.6128000020980835
YOR113W,YEL066W,0,-3.4734206,0.09253775328397751,0.625,0.6129000186920166
YBR092C,YOL128C,0,-3.473468,0.09252405911684036,0.625,0.6129999756813049
YGL061C,YPL242C,0,-3.4735398,0.09251035749912262,0.625,0.613099992275238
YFL005W,YDR285W,0,-3.4738271,0.09249667078256607,0.625,0.6132000088691711
YDR219C,YJR074W,0,-3.473831,0.09248298406600952,0.625,0.6133000254631042
YBL003C,YHR050W,0,-3.4738908,0.09246929734945297,0.625,0.6133999824523926
YPL053C,YOL066C,0,-3.4738953,0.09245561808347702,0.625,0.6134999990463257
YBR017C,YDR135C,0,-3.4738996,0.09244194626808167,0.625,0.6136000156402588
YLR075W,YDL212W,0,-3.4739282,0.09242827445268631,0.625,0.6136999726295471
YOL031C,YJR010C-A,0,-3.4739926,0.09241461008787155,0.625,0.6137999892234802
YPL266W,YKL178C,0,-3.4740417,0.0924009457230568,0.625,0.6139000058174133
YDR416W,YHL028W,0,-3.4741352,0.09238728880882263,0.625,0.6140000224113464
YOL077C,YMR227C,0,-3.4742072,0.09237363189458847,0.625,0.6140999794006348
YOL016C,YBL102W,0,-3.474264,0.0923599824309349,0.625,0.6141999959945679
YNL012W,YMR313C,0,-3.4742937,0.09234633296728134,0.625,0.614300012588501
YML055W,YDR120C,0,-3.4742959,0.09233269095420837,0.625,0.6144000291824341
YDR191W,YDR224C,0,-3.4743407,0.092319056391716,0.625,0.6144999861717224
YLR233C,YOR327C,1,-3.4745455,0.09245310723781586,0.6259999871253967,0.6144999861717224
YDR188W,YPR055W,0,-3.4749942,0.09243945777416229,0.6259999871253967,0.6146000027656555
YER028C,YOL010W,0,-3.4751148,0.09242580831050873,0.6259999871253967,0.6147000193595886
YNL133C,YBR175W,1,-3.4751837,0.09255978465080261,0.6269999742507935,0.6147000193595886
YKL190W,YNL023C,0,-3.4752696,0.09254612773656845,0.6269999742507935,0.614799976348877
YDR314C,YOR064C,0,-3.4753616,0.09253247082233429,0.6269999742507935,0.6148999929428101
YIR019C,YDR314C,0,-3.4753973,0.09251881390810013,0.6269999742507935,0.6150000095367432
YDR254W,YML012W,0,-3.475398,0.09250516444444656,0.6269999742507935,0.6151000261306763
YOR244W,YHR031C,0,-3.4754813,0.092491514980793,0.6269999742507935,0.6151999831199646
YNL311C,YMR203W,0,-3.475542,0.09247787296772003,0.6269999742507935,0.6152999997138977
YFR037C,YHR039C-A,0,-3.4756305,0.09246423840522766,0.6269999742507935,0.6154000163078308
YJR059W,YBR152W,0,-3.4756925,0.09245060384273529,0.6269999742507935,0.6154999732971191
YKL212W,YPL176C,0,-3.475726,0.09243697673082352,0.6269999742507935,0.6155999898910522
YHL048W,YLL038C,0,-3.4757292,0.09242334961891174,0.6269999742507935,0.6157000064849854
YDL047W,YLR234W,1,-3.4757807,0.09255710989236832,0.628000020980835,0.6157000064849854
YPL217C,YKL179C,0,-3.475847,0.09254347532987595,0.628000020980835,0.6158000230789185
YFR014C,YMR011W,0,-3.4759526,0.09252983331680298,0.628000020980835,0.6158999800682068
YGR097W,YDR021W,0,-3.4759958,0.0925162062048912,0.628000020980835,0.6159999966621399
YPL266W,YPR107C,0,-3.476012,0.09250257909297943,0.628000020980835,0.616100013256073
YLR318W,YBR035C,1,-3.4760587,0.09263622760772705,0.6290000081062317,0.616100013256073
YLL019C,YBR195C,0,-3.4760687,0.09262258559465408,0.6290000081062317,0.6161999702453613
YBR042C,YFL045C,0,-3.4761117,0.09260895103216171,0.6290000081062317,0.6162999868392944
YKL032C,YER051W,0,-3.4761677,0.09259531646966934,0.6290000081062317,0.6164000034332275
YPL268W,YAL047C,0,-3.47619,0.09258168935775757,0.6290000081062317,0.6165000200271606
YPL069C,YFR028C,0,-3.4762175,0.0925680622458458,0.6290000081062317,0.616599977016449
YDR168W,YGL062W,0,-3.476237,0.09255444258451462,0.6290000081062317,0.6166999936103821
YGR221C,YIL017C,0,-3.4763043,0.09254083037376404,0.6290000081062317,0.6168000102043152
YJR083C,YLR006C,0,-3.4763222,0.09252721071243286,0.6290000081062317,0.6169000267982483
YAL012W,YAL047C,0,-3.476463,0.09251360595226288,0.6290000081062317,0.6169999837875366
YJL194W,YIL118W,0,-3.476492,0.0925000011920929,0.6290000081062317,0.6171000003814697
YNL275W,YOL116W,0,-3.4766014,0.09248639643192291,0.6290000081062317,0.6172000169754028
YJL008C,YGL166W,0,-3.4766243,0.09247279912233353,0.6290000081062317,0.6172999739646912
YDR179C,YOR213C,0,-3.4766638,0.09245920926332474,0.6290000081062317,0.6173999905586243
YJL210W,YDR126W,0,-3.4767256,0.09244561940431595,0.6290000081062317,0.6175000071525574
YHL011C,YMR106C,1,-3.4767272,0.09257898479700089,0.6299999952316284,0.6175000071525574
YDL148C,YML038C,0,-3.4767377,0.0925653800368309,0.6299999952316284,0.6176000237464905
YNL323W,YHL027W,0,-3.4768274,0.09255178272724152,0.6299999952316284,0.6176999807357788
YIL040W,YBR254C,0,-3.4768598,0.09253819286823273,0.6299999952316284,0.6177999973297119
YLR081W,YLR316C,0,-3.4770021,0.09252460300922394,0.6299999952316284,0.617900013923645
YMR097C,YDL105W,0,-3.4770064,0.09251101315021515,0.6299999952316284,0.6179999709129333
YJL198W,YOR063W,0,-3.4771028,0.09249743074178696,0.6299999952316284,0.6180999875068665
YPR082C,YDL159W,0,-3.4771268,0.09248384833335876,0.6299999952316284,0.6182000041007996
YNL290W,YBR183W,0,-3.4771297,0.09247028082609177,0.6299999952316284,0.6183000206947327
YNL116W,YNL258C,0,-3.4771388,0.09245670586824417,0.6299999952316284,0.618399977684021
YLR127C,YMR032W,0,-3.477351,0.09244313836097717,0.6299999952316284,0.6184999942779541
YBR170C,YBR153W,0,-3.4773538,0.09242957830429077,0.6299999952316284,0.6186000108718872
YPL154C,YOR045W,0,-3.477524,0.09241601824760437,0.6299999952316284,0.6187000274658203
YDR512C,YOR232W,0,-3.4775264,0.09240246564149857,0.6299999952316284,0.6187999844551086
YGL172W,YDR389W,0,-3.4776838,0.09238891303539276,0.6299999952316284,0.6189000010490417
YLR106C,YOR045W,0,-3.4777305,0.09237536787986755,0.6299999952316284,0.6190000176429749
YGL254W,YJL063C,0,-3.477757,0.09236182272434235,0.6299999952316284,0.6190999746322632
YER089C,YOR359W,0,-3.4779487,0.09234828501939774,0.6299999952316284,0.6191999912261963
YFL045C,YNL299W,0,-3.477969,0.09233474731445312,0.6299999952316284,0.6193000078201294
YNR056C,YPR002W,0,-3.4780002,0.09232121706008911,0.6299999952316284,0.6194000244140625
YMR080C,YBR097W,1,-3.4780376,0.0924542099237442,0.6309999823570251,0.6194000244140625
YAL056W,YGL136C,1,-3.4780443,0.09258716553449631,0.6320000290870667,0.6194000244140625
YER026C,YIL013C,0,-3.478089,0.0925736054778099,0.6320000290870667,0.6194999814033508
YLR318W,YAL010C,1,-3.4782736,0.09270650148391724,0.6330000162124634,0.6194999814033508
YPL170W,YKL173W,0,-3.478523,0.09269292652606964,0.6330000162124634,0.6195999979972839
YER112W,YER142C,0,-3.4785445,0.09267935901880264,0.6330000162124634,0.619700014591217
YIL026C,YFL059W,0,-3.4786112,0.09266579151153564,0.6330000162124634,0.6197999715805054
YFR013W,YNR048W,0,-3.478636,0.09265222400426865,0.6330000162124634,0.6198999881744385
YBR153W,YOR229W,0,-3.478679,0.09263866394758224,0.6330000162124634,0.6200000047683716
YOR094W,YCR089W,0,-3.4786804,0.09262511134147644,0.6330000162124634,0.6201000213623047
YPR111W,YKL017C,0,-3.4788182,0.09261155873537064,0.6330000162124634,0.620199978351593
YPL123C,YLR305C,0,-3.4791663,0.09259801357984543,0.6330000162124634,0.6202999949455261
YFL022C,YMR136W,0,-3.4791715,0.09258446842432022,0.6330000162124634,0.6204000115394592
YNL009W,YDR079W,0,-3.4792354,0.09257093071937561,0.6330000162124634,0.6205000281333923
YER016W,YHR163W,0,-3.4792957,0.092557393014431,0.6330000162124634,0.6205999851226807
YDR174W,YNL229C,1,-3.4793823,0.09269005805253983,0.6340000033378601,0.6205999851226807
YML102W,YGR044C,0,-3.4794312,0.09267651289701462,0.6340000033378601,0.6207000017166138
YNL258C,YHR061C,0,-3.4794633,0.09266296774148941,0.6340000033378601,0.6208000183105469
YOR168W,YKR053C,0,-3.4794943,0.0926494225859642,0.6340000033378601,0.6208999752998352
YGL065C,YER019C-A,0,-3.47953,0.09263588488101959,0.6340000033378601,0.6209999918937683
YPR128C,YOL110W,0,-3.479539,0.09262235462665558,0.6340000033378601,0.6211000084877014
YGL206C,YKL079W,0,-3.4795983,0.09260882437229156,0.6340000033378601,0.6212000250816345
YGL247W,YCR067C,0,-3.4796205,0.09259529411792755,0.6340000033378601,0.6212999820709229
YLL038C,YNL272C,0,-3.4796886,0.09258177876472473,0.6340000033378601,0.621399998664856
YDR362C,YJR103W,0,-3.4797182,0.09256825596094131,0.6340000033378601,0.6215000152587891
YML077W,YDR055W,0,-3.479747,0.09255474805831909,0.6340000033378601,0.6215999722480774
YDR518W,YOL033W,0,-3.4797692,0.09254123270511627,0.6340000033378601,0.6216999888420105
YML073C,YLR048W,0,-3.479823,0.09252773225307465,0.6340000033378601,0.6218000054359436
YMR277W,YFL034C-B,0,-3.4798334,0.09251422435045242,0.6340000033378601,0.6219000220298767
YML130C,YKR042W,0,-3.4799645,0.0925007313489914,0.6340000033378601,0.621999979019165
YER169W,YKL082C,0,-3.4800584,0.09248723834753036,0.6340000033378601,0.6220999956130981
YPL058C,YDR172W,0,-3.4800882,0.09247374534606934,0.6340000033378601,0.6222000122070312
YAL012W,YJL013C,0,-3.4800925,0.0924602597951889,0.6340000033378601,0.6223000288009644
YKL021C,YOR089C,0,-3.4801998,0.09244677424430847,0.6340000033378601,0.6223999857902527
YMR042W,YNL267W,0,-3.4802706,0.09243329614400864,0.6340000033378601,0.6225000023841858
YER109C,YKL196C,0,-3.4802954,0.0924198254942894,0.6340000033378601,0.6226000189781189
YOR386W,YHR034C,0,-3.4803798,0.09240635484457016,0.6340000033378601,0.6226999759674072
YFL009W,YGR175C,0,-3.4804013,0.09239289164543152,0.6340000033378601,0.6227999925613403
YBR245C,YHR042W,0,-3.4804628,0.09237942844629288,0.6340000033378601,0.6229000091552734
YMR319C,YLR337C,0,-3.4805546,0.09236596524715424,0.6340000033378601,0.6230000257492065
YNR030W,YLR045C,0,-3.4806354,0.09235250949859619,0.6340000033378601,0.6230999827384949
YGR085C,YJR044C,0,-3.48068,0.09233906120061874,0.6340000033378601,0.623199999332428
YDR218C,YGR002C,0,-3.4807982,0.0923256129026413,0.6340000033378601,0.6233000159263611
YDR099W,YNL245C,0,-3.480862,0.09231217205524445,0.6340000033378601,0.6233999729156494
YKL125W,YDL224C,0,-3.4809122,0.0922987312078476,0.6340000033378601,0.6234999895095825
YKR038C,YOL061W,1,-3.4809973,0.09243085980415344,0.6349999904632568,0.6234999895095825
YKL206C,YOL005C,0,-3.4810064,0.0924174040555954,0.6349999904632568,0.6236000061035156
YNL075W,YPL125W,0,-3.4810276,0.09240395575761795,0.6349999904632568,0.6237000226974487
YJR131W,YFL005W,0,-3.481037,0.0923905149102211,0.6349999904632568,0.6237999796867371
YPR144C,YDR379W,0,-3.4811761,0.09237707406282425,0.6349999904632568,0.6238999962806702
YGL021W,YDR164C,0,-3.4811785,0.0923636332154274,0.6349999904632568,0.6240000128746033
YPL016W,YHR070W,0,-3.4811978,0.09235020726919174,0.6349999904632568,0.6241000294685364
YGR238C,YBR130C,0,-3.4812577,0.09233677387237549,0.6349999904632568,0.6241999864578247
YKL208W,YKL032C,0,-3.4812815,0.09232334792613983,0.6349999904632568,0.6243000030517578
YDR518W,YOR310C,0,-3.4813566,0.09230992943048477,0.6349999904632568,0.6244000196456909
YNL048W,YMR198W,0,-3.4814265,0.09229651093482971,0.6349999904632568,0.6244999766349792
YNL097C,YKL203C,0,-3.4814365,0.09228309988975525,0.6349999904632568,0.6245999932289124
YMR212C,YNL267W,0,-3.481474,0.09226968884468079,0.6349999904632568,0.6247000098228455
YLR074C,YAL058W,0,-3.481585,0.09225628525018692,0.6349999904632568,0.6248000264167786
YKL101W,YMR241W,0,-3.4816473,0.09224288165569305,0.6349999904632568,0.6248999834060669
YOR036W,YOR195W,0,-3.4817185,0.09222948551177979,0.6349999904632568,0.625
YLR303W,YLR193C,0,-3.4817426,0.09221608936786652,0.6349999904632568,0.6251000165939331
YER171W,YGR046W,0,-3.481784,0.09220270067453384,0.6349999904632568,0.6251999735832214
YKL139W,YNL339C,1,-3.4817932,0.09233449399471283,0.6359999775886536,0.6251999735832214
YMR263W,YPL065W,1,-3.4818566,0.09246625006198883,0.6370000243186951,0.6251999735832214
YNL127W,YJL080C,0,-3.4819858,0.09245283156633377,0.6370000243186951,0.6252999901771545
YOR034C,YGL171W,0,-3.481992,0.09243941307067871,0.6370000243186951,0.6254000067710876
YNL027W,YOL111C,0,-3.4820795,0.09242600202560425,0.6370000243186951,0.6255000233650208
YNR027W,YFR019W,0,-3.48221,0.09241259098052979,0.6370000243186951,0.6255999803543091
YER042W,YKR022C,0,-3.482314,0.09239918738603592,0.6370000243186951,0.6256999969482422
YLR147C,YDR218C,0,-3.4823248,0.09238578379154205,0.6370000243186951,0.6258000135421753
YLR208W,YPR080W,0,-3.4823341,0.09237238764762878,0.6370000243186951,0.6258999705314636
YGR254W,YDR379W,0,-3.4827356,0.09235899895429611,0.6370000243186951,0.6259999871253967
YPR154W,YDR259C,0,-3.4827943,0.09234561026096344,0.6370000243186951,0.6261000037193298
YGR041W,YOR057W,0,-3.4828095,0.09233222156763077,0.6370000243186951,0.6262000203132629
YOL063C,YPR165W,0,-3.4828243,0.09231884032487869,0.6370000243186951,0.6262999773025513
YLR131C,YJL112W,0,-3.4828823,0.09230546653270721,0.6370000243186951,0.6263999938964844
YPR128C,YLL021W,0,-3.482926,0.09229209274053574,0.6370000243186951,0.6265000104904175
YLR431C,YBR084W,0,-3.4829333,0.09227871894836426,0.6370000243186951,0.6266000270843506
YBR073W,YMR139W,0,-3.4829862,0.09226535260677338,0.6370000243186951,0.6266999840736389
YAR014C,YGR047C,0,-3.4830687,0.09225199371576309,0.6370000243186951,0.626800000667572
YLR210W,YPR017C,0,-3.483091,0.09223863482475281,0.6370000243186951,0.6269000172615051
YGL130W,YBL033C,0,-3.4831622,0.09222527593374252,0.6370000243186951,0.6269999742507935
YLR170C,YMR023C,0,-3.48334,0.09221192449331284,0.6370000243186951,0.6270999908447266
YNR032C-A,YER154W,0,-3.483396,0.09219858050346375,0.6370000243186951,0.6272000074386597
YHR053C,YMR234W,0,-3.4835126,0.09218523651361465,0.6370000243186951,0.6273000240325928
YGL078C,YGL200C,0,-3.4835582,0.09217189997434616,0.6370000243186951,0.6273999810218811
YJL008C,YOL045W,0,-3.4836652,0.09215856343507767,0.6370000243186951,0.6274999976158142
YLR229C,YOR106W,0,-3.4836934,0.09214523434638977,0.6370000243186951,0.6276000142097473
YGR188C,YHR200W,0,-3.4837697,0.09213190525770187,0.6370000243186951,0.6276999711990356
YMR025W,YER107C,0,-3.483805,0.09211858361959457,0.6370000243186951,0.6277999877929688
YNL331C,YBR256C,0,-3.4838088,0.09210526198148727,0.6370000243186951,0.6279000043869019
YOR151C,YLR020C,0,-3.4839323,0.09209194779396057,0.6370000243186951,0.628000020980835
YDL132W,YDR009W,0,-3.484011,0.09207863360643387,0.6370000243186951,0.6280999779701233
YNR059W,YDR218C,0,-3.484196,0.09206532686948776,0.6370000243186951,0.6281999945640564
YFL008W,YLR316C,0,-3.4842927,0.09205202013254166,0.6370000243186951,0.6283000111579895
YPL082C,YBR173C,0,-3.4843957,0.09203872084617615,0.6370000243186951,0.6284000277519226
YOL077C,YDR183W,0,-3.4844298,0.09202542901039124,0.6370000243186951,0.6284999847412109
YPR171W,YJR017C,0,-3.4844558,0.09201213717460632,0.6370000243186951,0.628600001335144
YIR006C,YPR007C,0,-3.4844778,0.09199884533882141,0.6370000243186951,0.6287000179290771
YJR105W,YEL029C,1,-3.4845054,0.09212996065616608,0.6380000114440918,0.6287000179290771
YJL210W,YJL054W,0,-3.4846501,0.09211666136980057,0.6380000114440918,0.6287999749183655
YER165W,YPR007C,0,-3.484678,0.09210336208343506,0.6380000114440918,0.6288999915122986
YGL256W,YOL055C,0,-3.484685,0.09209007024765015,0.6380000114440918,0.6290000081062317
YBL040C,YLR181C,0,-3.4847412,0.09207677841186523,0.6380000114440918,0.6291000247001648
YNR032C-A,YKL053C-A,0,-3.484773,0.09206349402666092,0.6380000114440918,0.6291999816894531
YMR301C,YBR095C,0,-3.4849129,0.0920502096414566,0.6380000114440918,0.6292999982833862
YBR193C,YNL119W,0,-3.4849377,0.09203693270683289,0.6380000114440918,0.6294000148773193
YNL292W,YBL011W,0,-3.4849522,0.09202365577220917,0.6380000114440918,0.6294999718666077
YNL059C,YGR098C,0,-3.485101,0.09201038628816605,0.6380000114440918,0.6295999884605408
YGR213C,YKL041W,0,-3.4851367,0.09199711680412292,0.6380000114440918,0.6297000050544739
YKL120W,YBR237W,0,-3.4851491,0.0919838547706604,0.6380000114440918,0.629800021648407
YDR483W,YDL014W,0,-3.485265,0.09197059273719788,0.6380000114440918,0.6298999786376953
YHR079C,YGL232W,0,-3.4852812,0.09195733815431595,0.6380000114440918,0.6299999952316284
YKR036C,YDR268W,0,-3.4853227,0.09194408357143402,0.6380000114440918,0.6301000118255615
YHR143W,YOL059W,0,-3.4854982,0.09193083643913269,0.6380000114440918,0.6302000284194946
YOR319W,YFL004W,0,-3.4855917,0.09191758930683136,0.6380000114440918,0.630299985408783
YHR118C,YKR031C,0,-3.4856415,0.09190434962511063,0.6380000114440918,0.6304000020027161
YJR001W,YPL248C,0,-3.4856434,0.09189110994338989,0.6380000114440918,0.6305000185966492
YLR214W,YJL072C,0,-3.4857008,0.09187787771224976,0.6380000114440918,0.6305999755859375
YDL035C,YHR200W,0,-3.4858348,0.09186465293169022,0.6380000114440918,0.6306999921798706
YOR144C,YDL059C,1,-3.4858382,0.09199539572000504,0.6389999985694885,0.6306999921798706
YER042W,YNL079C,0,-3.485912,0.0919821485877037,0.6389999985694885,0.6308000087738037
YOL027C,YKR052C,0,-3.4859674,0.09196890890598297,0.6389999985694885,0.6309000253677368
YIL014W,YJL074C,0,-3.4860117,0.09195567667484283,0.6389999985694885,0.6309999823570251
YJR153W,YOR048C,0,-3.4860291,0.0919424444437027,0.6389999985694885,0.6310999989509583
YDR147W,YHL027W,0,-3.4860594,0.09192921966314316,0.6389999985694885,0.6312000155448914
YPL177C,YDR251W,0,-3.4861538,0.09191599488258362,0.6389999985694885,0.6312999725341797
YMR246W,YGL181W,0,-3.4862087,0.09190277755260468,0.6389999985694885,0.6313999891281128
YIL103W,YIR019C,0,-3.4863017,0.09188956022262573,0.6389999985694885,0.6315000057220459
YHR164C,YMR142C,1,-3.486315,0.09202013164758682,0.6399999856948853,0.6315000057220459
YLL043W,YLR435W,0,-3.4863222,0.09200689941644669,0.6399999856948853,0.631600022315979
YIL053W,YOR087W,0,-3.4863899,0.09199367463588715,0.6399999856948853,0.6316999793052673
YOL002C,YML093W,0,-3.4864109,0.0919804573059082,0.6399999856948853,0.6317999958992004
YGL051W,YKR056W,0,-3.4864857,0.09196723997592926,0.6399999856948853,0.6319000124931335
YPR029C,YPR037C,0,-3.4865704,0.09195402264595032,0.6399999856948853,0.6320000290870667
YNL130C,YHL031C,0,-3.4866302,0.09194081276655197,0.6399999856948853,0.632099986076355
YHR164C,YGL070C,1,-3.486644,0.09207124263048172,0.640999972820282,0.632099986076355
YOR274W,YHL028W,0,-3.4867992,0.09205801784992218,0.640999972820282,0.6322000026702881
YCR020C-A,YHR041C,1,-3.486822,0.09218839555978775,0.6420000195503235,0.6322000026702881
YGL025C,YHR167W,1,-3.4868987,0.09231873601675034,0.6430000066757202,0.6322000026702881
YDR085C,YOR115C,0,-3.486903,0.09230548143386841,0.6430000066757202,0.6323000192642212
YKR007W,YPL163C,0,-3.486924,0.09229223430156708,0.6430000066757202,0.6323999762535095
YDR036C,YHR094C,0,-3.486956,0.09227898716926575,0.6430000066757202,0.6324999928474426
YPL050C,YBR022W,0,-3.48698,0.09226574748754501,0.6430000066757202,0.6326000094413757
YHR085W,YPL019C,0,-3.4872046,0.09225250780582428,0.6430000066757202,0.6327000260353088
YDR118W,YJL006C,0,-3.4872491,0.09223927557468414,0.6430000066757202,0.6327999830245972
YEL013W,YER005W,0,-3.4872572,0.092226043343544,0.6430000066757202,0.6328999996185303
YGR092W,YIL095W,0,-3.4873931,0.09221281856298447,0.6430000066757202,0.6330000162124634
YPL008W,YNL263C,0,-3.487446,0.09219960123300552,0.6430000066757202,0.6330999732017517
YIL065C,YIL048W,0,-3.4875076,0.09218637645244598,0.6430000066757202,0.6331999897956848
YGR155W,YNR031C,0,-3.4875288,0.09217316657304764,0.6430000066757202,0.6333000063896179
YDL045C,YFR013W,0,-3.4875486,0.09215995669364929,0.6430000066757202,0.633400022983551
YGR075C,YGR044C,0,-3.4876254,0.09214674681425095,0.6430000066757202,0.6334999799728394
YDL045C,YML007W,0,-3.4876406,0.0921335443854332,0.6430000066757202,0.6335999965667725
YDR461W,YDR045C,0,-3.487786,0.09212034195661545,0.6430000066757202,0.6337000131607056
YMR184W,YEL054C,0,-3.4879215,0.0921071469783783,0.6430000066757202,0.6338000297546387
YOR144C,YGR072W,1,-3.488026,0.09223718196153641,0.6439999938011169,0.6338000297546387
YLR028C,YAR033W,0,-3.4880373,0.09222397208213806,0.6439999938011169,0.633899986743927
YLR186W,YLR043C,0,-3.4881423,0.09221076965332031,0.6439999938011169,0.6340000033378601
YOL006C,YPL239W,0,-3.488189,0.09219756722450256,0.6439999938011169,0.6341000199317932
YGR280C,YOR115C,0,-3.4881933,0.09218437224626541,0.6439999938011169,0.6341999769210815
YLR451W,YML058W,0,-3.4882104,0.09217117726802826,0.6439999938011169,0.6342999935150146
YMR058W,YJL102W,0,-3.488242,0.09215798228979111,0.6439999938011169,0.6344000101089478
YKL013C,YHR053C,0,-3.4882534,0.09214480221271515,0.6439999938011169,0.6345000267028809
YBR214W,YMR183C,0,-3.4883838,0.0921316146850586,0.6439999938011169,0.6345999836921692
YOR061W,YJL110C,0,-3.4884326,0.09211843460798264,0.6439999938011169,0.6347000002861023
YJL001W,YNL012W,0,-3.4884927,0.09210526198148727,0.6439999938011169,0.6348000168800354
YNL071W,YBL051C,0,-3.4885008,0.09209208935499191,0.6439999938011169,0.6348999738693237
YOR185C,YKL021C,0,-3.4885135,0.09207892417907715,0.6439999938011169,0.6349999904632568
YKL005C,YDR129C,0,-3.4885218,0.09206575900316238,0.6439999938011169,0.6351000070571899
YJL129C,YMR284W,1,-3.488522,0.0921955406665802,0.6449999809265137,0.6351000070571899
YLL036C,YKL154W,0,-3.4885767,0.09218236058950424,0.6449999809265137,0.635200023651123
YGR177C,YKR042W,0,-3.488597,0.09216918796300888,0.6449999809265137,0.6352999806404114
YJR150C,YMR203W,0,-3.4886534,0.09215602278709412,0.6449999809265137,0.6353999972343445
YKL054C,YGR159C,1,-3.4886591,0.09228571504354477,0.6460000276565552,0.6353999972343445
YGL122C,YHR086W,0,-3.48867,0.09227253496646881,0.6460000276565552,0.6355000138282776
YJL196C,YLR371W,0,-3.4887264,0.09225935488939285,0.6460000276565552,0.6355999708175659
YJL062W,YNL273W,0,-3.488825,0.09224618226289749,0.6460000276565552,0.635699987411499
YEL069C,YDR473C,0,-3.4888468,0.09223300963640213,0.6460000276565552,0.6358000040054321
YNL148C,YDR456W,0,-3.4888532,0.09221984446048737,0.6460000276565552,0.6359000205993652
YAR002W,YBL088C,1,-3.4889848,0.09234941750764847,0.6470000147819519,0.6359000205993652
YBR038W,YPL145C,0,-3.4890428,0.09233623743057251,0.6470000147819519,0.6359999775886536
YKR038C,YMR106C,1,-3.4890451,0.09246575087308884,0.6480000019073486,0.6359999775886536
YBL085W,YPL018W,0,-3.4890716,0.09245256334543228,0.6480000019073486,0.6360999941825867
YPL100W,YPL179W,0,-3.489121,0.09243937581777573,0.6480000019073486,0.6362000107765198
YDL079C,YKR048C,0,-3.4891322,0.09242618829011917,0.6480000019073486,0.6363000273704529
YLR080W,YDR460W,0,-3.4891822,0.09241300821304321,0.6480000019073486,0.6363999843597412
YDR268W,YGL252C,0,-3.4892285,0.09239982813596725,0.6480000019073486,0.6365000009536743
YMR186W,YGR099W,1,-3.4893157,0.09252922981977463,0.6489999890327454,0.6365000009536743
YNL262W,YDR400W,0,-3.4894876,0.09251603484153748,0.6489999890327454,0.6366000175476074
YMR136W,YOL031C,0,-3.4894917,0.09250284731388092,0.6489999890327454,0.6366999745368958
YNL136W,YCL004W,0,-3.4895132,0.09248966723680496,0.6489999890327454,0.6367999911308289
YPL146C,YDR490C,0,-3.4895215,0.092476487159729,0.6489999890327454,0.636900007724762
YOR274W,YBL056W,0,-3.4895306,0.09246331453323364,0.6489999890327454,0.6370000243186951
YOR150W,YOR117W,0,-3.4895713,0.09245014190673828,0.6489999890327454,0.6370999813079834
YCR028C,YCL040W,0,-3.4895732,0.09243697673082352,0.6489999890327454,0.6371999979019165
YOR137C,YOL055C,0,-3.4898021,0.09242381155490875,0.6489999890327454,0.6373000144958496
YDR037W,YGL028C,0,-3.4898362,0.09241065382957458,0.6489999890327454,0.6373999714851379
YLR206W,YPL206C,0,-3.4899147,0.09239749610424042,0.6489999890327454,0.637499988079071
YNL142W,YKL125W,0,-3.4899914,0.09238433837890625,0.6489999890327454,0.6376000046730042
YNL153C,YGL249W,0,-3.4899962,0.09237119555473328,0.6489999890327454,0.6377000212669373
YLR362W,YLR193C,0,-3.490023,0.0923580452799797,0.6489999890327454,0.6377999782562256
YOL089C,YPL026C,0,-3.4900362,0.09234490245580673,0.6489999890327454,0.6378999948501587
YDR173C,YDR508C,0,-3.490112,0.09233176708221436,0.6489999890327454,0.6380000114440918
YGR097W,YDR423C,0,-3.4901202,0.09231863170862198,0.6489999890327454,0.6381000280380249
YOL156W,YDR088C,0,-3.490124,0.0923055037856102,0.6489999890327454,0.6381999850273132
YPL204W,YKL055C,0,-3.4902265,0.09229237586259842,0.6489999890327454,0.6383000016212463
YMR270C,YKL086W,0,-3.4902399,0.09227925539016724,0.6489999890327454,0.6384000182151794
YJR155W,YMR075W,0,-3.4902544,0.09226613491773605,0.6489999890327454,0.6384999752044678
YBL069W,YMR137C,0,-3.4904459,0.09225302189588547,0.6489999890327454,0.6385999917984009
YKL045W,YJL072C,0,-3.4904757,0.09223990887403488,0.6489999890327454,0.638700008392334
YKR048C,YGR239C,0,-3.490504,0.09222680330276489,0.6489999890327454,0.6388000249862671
YJL157C,YBR008C,0,-3.4905438,0.0922136977314949,0.6489999890327454,0.6388999819755554
YML016C,YGR005C,0,-3.4906962,0.09220059961080551,0.6489999890327454,0.6389999985694885
YBR022W,YOR054C,0,-3.490721,0.09218750149011612,0.6489999890327454,0.6391000151634216
YIL040W,YLR157C,0,-3.4908311,0.09217440336942673,0.6489999890327454,0.63919997215271
YBL080C,YKL108W,0,-3.4908488,0.09216132014989853,0.6489999890327454,0.6392999887466431
YPR025C,YJR091C,0,-3.4909427,0.09214822947978973,0.6489999890327454,0.6394000053405762
YJL194W,YOL112W,0,-3.4909742,0.09213515371084213,0.6489999890327454,0.6395000219345093
YER159C,YIL031W,0,-3.4911244,0.09212207049131393,0.6489999890327454,0.6395999789237976
YFR034C,YCR084C,0,-3.4912398,0.09210899472236633,0.6489999890327454,0.6396999955177307
YIL034C,YKR083C,0,-3.4912424,0.09209592640399933,0.6489999890327454,0.6398000121116638
YDR427W,YAL001C,0,-3.4912875,0.09208285808563232,0.6489999890327454,0.6399000287055969
YBL040C,YOR191W,0,-3.4913166,0.09206979721784592,0.6489999890327454,0.6399999856948853
YHR013C,YOL001W,1,-3.4913404,0.09219858050346375,0.6499999761581421,0.6399999856948853
YML112W,YLR284C,0,-3.4913676,0.09218550473451614,0.6499999761581421,0.6401000022888184
YJR155W,YHR042W,0,-3.4913757,0.09217243641614914,0.6499999761581421,0.6402000188827515
YNL282W,YER019C-A,0,-3.4915395,0.09215936809778214,0.6499999761581421,0.6402999758720398
YLR100W,YDR472W,0,-3.4917064,0.09214629977941513,0.6499999761581421,0.6403999924659729
YGR159C,YHR139C,1,-3.4917073,0.0922749787569046,0.6510000228881836,0.6403999924659729
YKR038C,YOR279C,1,-3.4917247,0.09240362793207169,0.6520000100135803,0.6403999924659729
YLR069C,YGL075C,0,-3.491801,0.09239053726196289,0.6520000100135803,0.640500009059906
YBR059C,YML069W,0,-3.4919057,0.0923774465918541,0.6520000100135803,0.6406000256538391
YHR176W,YDL028C,0,-3.4920084,0.0923643559217453,0.6520000100135803,0.6406999826431274
YOR181W,YLR134W,0,-3.4920862,0.0923512727022171,0.6520000100135803,0.6407999992370605
YNL135C,YJL098W,0,-3.4922576,0.0923381969332695,0.6520000100135803,0.6409000158309937
YLR078C,YHR034C,0,-3.4923966,0.0923251211643219,0.6520000100135803,0.640999972820282
YDR085C,YAL011W,0,-3.4926307,0.0923120453953743,0.6520000100135803,0.6410999894142151
YBL084C,YOR297C,0,-3.4927628,0.0922989770770073,0.6520000100135803,0.6412000060081482
YDR040C,YOR224C,0,-3.4927847,0.09228591620922089,0.6520000100135803,0.6413000226020813
YDR174W,YLR032W,1,-3.4928262,0.09241437911987305,0.652999997138977,0.6413000226020813
YML103C,YNL333W,0,-3.4929087,0.09240130335092545,0.652999997138977,0.6413999795913696
YKL120W,YMR075W,0,-3.4929192,0.09238822758197784,0.652999997138977,0.6414999961853027
YBR205W,YDR435C,0,-3.4929206,0.09237515926361084,0.652999997138977,0.6416000127792358
YOR112W,YPL237W,0,-3.4930296,0.09236209094524384,0.652999997138977,0.641700029373169
YFL008W,YKL196C,0,-3.4931324,0.09234903007745743,0.652999997138977,0.6417999863624573
YJR090C,YGR213C,0,-3.4931858,0.09233596920967102,0.652999997138977,0.6419000029563904
YDR335W,YHR008C,0,-3.493254,0.09232291579246521,0.652999997138977,0.6420000195503235
YLR011W,YNL102W,0,-3.4933414,0.09230986982584,0.652999997138977,0.6420999765396118
YHR021C,YJR145C,1,-3.493367,0.09243816137313843,0.6539999842643738,0.6420999765396118
YLR025W,YHR167W,1,-3.493378,0.09256642311811447,0.6549999713897705,0.6420999765396118
YNL031C,YHR039C,0,-3.4934468,0.09255333989858627,0.6549999713897705,0.6421999931335449
YOR320C,YDR288W,0,-3.4934494,0.09254026412963867,0.6549999713897705,0.642300009727478
YPL254W,YOR327C,1,-3.4934525,0.09266845881938934,0.656000018119812,0.642300009727478
YOL042W,YBR237W,0,-3.4934535,0.09265536814928055,0.656000018119812,0.6424000263214111
YDR160W,YOR110W,0,-3.4934862,0.09264228492975235,0.656000018119812,0.6424999833106995
YPL259C,YGL008C,0,-3.49353,0.09262920171022415,0.656000018119812,0.6425999999046326
YLL003W,YOL124C,0,-3.4935591,0.09261612594127655,0.656000018119812,0.6427000164985657
YPL049C,YNL032W,1,-3.4936125,0.09274420887231827,0.6570000052452087,0.6427000164985657
YBR177C,YJL222W,0,-3.4936254,0.09273112565279007,0.6570000052452087,0.642799973487854
YPR094W,YCR033W,0,-3.4937077,0.09271803498268127,0.6570000052452087,0.6428999900817871
YDR421W,YDR469W,0,-3.493736,0.09270495176315308,0.6570000052452087,0.6430000066757202
YML073C,YNL257C,0,-3.4939015,0.09269187599420547,0.6570000052452087,0.6431000232696533
YFL009W,YML038C,0,-3.4939065,0.09267880022525787,0.6570000052452087,0.6431999802589417
YOR038C,YMR133W,0,-3.4939897,0.09266572445631027,0.6570000052452087,0.6432999968528748
YER027C,YIL030C,0,-3.4940364,0.09265265613794327,0.6570000052452087,0.6434000134468079
YDR113C,YER013W,0,-3.4941223,0.09263959527015686,0.6570000052452087,0.6434999704360962
YCR038C,YIL150C,0,-3.4941957,0.09262653440237045,0.6570000052452087,0.6435999870300293
YDR480W,YOR341W,0,-3.49425,0.09261347353458405,0.6570000052452087,0.6437000036239624
YGL120C,YIL138C,0,-3.494395,0.09260042011737823,0.6570000052452087,0.6438000202178955
YOR057W,YML058W,0,-3.4944227,0.09258737415075302,0.6570000052452087,0.6438999772071838
YER122C,YOR103C,0,-3.4944413,0.09257432818412781,0.6570000052452087,0.6439999938011169
YIL110W,YPL176C,0,-3.4944708,0.0925612822175026,0.6570000052452087,0.64410001039505
YJL095W,YOR307C,0,-3.4944975,0.09254824370145798,0.6570000052452087,0.6442000269889832
YPL118W,YIL118W,0,-3.4945934,0.09253521263599396,0.6570000052452087,0.6442999839782715
YCL039W,YOR346W,0,-3.4946067,0.09252218157052994,0.6570000052452087,0.6444000005722046
YGR145W,YCR026C,0,-3.4946587,0.09250915050506592,0.6570000052452087,0.6445000171661377
YPL100W,YEL037C,0,-3.4947653,0.0924961268901825,0.6570000052452087,0.644599974155426
YGL257C,YKL086W,0,-3.494849,0.09248311072587967,0.6570000052452087,0.6446999907493591
YJL042W,YNL003C,0,-3.4948537,0.09247009456157684,0.6570000052452087,0.6448000073432922
YJL173C,YBR260C,0,-3.4948637,0.09245707839727402,0.6570000052452087,0.6449000239372253
YMR287C,YLR291C,0,-3.494866,0.09244406968355179,0.6570000052452087,0.6449999809265137
YAL020C,YNR032W,0,-3.4949443,0.09243106096982956,0.6570000052452087,0.6450999975204468
YJR155W,YDR216W,0,-3.4950535,0.09241805970668793,0.6570000052452087,0.6452000141143799
YPL022W,YPL152W,0,-3.4950664,0.09240506589412689,0.6570000052452087,0.6452999711036682
YIL037C,YNR048W,0,-3.495136,0.09239207208156586,0.6570000052452087,0.6453999876976013
YMR150C,YDR150W,0,-3.4952614,0.09237907826900482,0.6570000052452087,0.6455000042915344
YEL036C,YLR081W,0,-3.495292,0.09236609190702438,0.6570000052452087,0.6456000208854675
YPL164C,YKL203C,0,-3.4953287,0.09235310554504395,0.6570000052452087,0.6456999778747559
YKR034W,YDR527W,0,-3.4953902,0.0923401266336441,0.6570000052452087,0.645799994468689
YPL026C,YML052W,0,-3.4954836,0.09232714772224426,0.6570000052452087,0.6459000110626221
YFL034C-B,YDR170C,0,-3.4956324,0.09231417626142502,0.6570000052452087,0.6460000276565552
YDR099W,YER021W,0,-3.495638,0.09230120480060577,0.6570000052452087,0.6460999846458435
YLR157C,YHL038C,0,-3.4956477,0.09228824079036713,0.6570000052452087,0.6462000012397766
YPL082C,YMR305C,0,-3.4957893,0.09227528423070908,0.6570000052452087,0.6463000178337097
YPL084W,YCL061C,1,-3.4957893,0.09240274876356125,0.6579999923706055,0.6463000178337097
YOR080W,YPL214C,0,-3.4958055,0.092389777302742,0.6579999923706055,0.646399974822998
YJL198W,YMR075W,0,-3.4958403,0.09237680584192276,0.6579999923706055,0.6464999914169312
YLR190W,YDR143C,0,-3.4960372,0.09236384183168411,0.6579999923706055,0.6466000080108643
YMR298W,YGR055W,0,-3.4960878,0.09235087782144547,0.6579999923706055,0.6467000246047974
YDR265W,YIL114C,0,-3.496113,0.09233791381120682,0.6579999923706055,0.6467999815940857
YGL251C,YDL236W,0,-3.4964771,0.09232496470212936,0.6579999923706055,0.6468999981880188
YAR014C,YNR031C,0,-3.4965365,0.09231200814247131,0.6579999923706055,0.6470000147819519
YKL054C,YKL170W,1,-3.4965835,0.09243933111429214,0.6589999794960022,0.6470000147819519
YGL106W,YJL108C,0,-3.4966276,0.0924263671040535,0.6589999794960022,0.6470999717712402
YGL190C,YGL243W,0,-3.4967294,0.09241340309381485,0.6589999794960022,0.6471999883651733
YER018C,YPL157W,0,-3.4967387,0.0924004465341568,0.6589999794960022,0.6473000049591064
YBL018C,YCR053W,0,-3.4968216,0.09238749742507935,0.6589999794960022,0.6474000215530396
YER105C,YOR259C,0,-3.496851,0.0923745408654213,0.6589999794960022,0.6474999785423279
YLR131C,YDR079W,0,-3.4968536,0.09236159920692444,0.6589999794960022,0.647599995136261
YNL085W,YBL105C,0,-3.4969497,0.09234865754842758,0.6589999794960022,0.6477000117301941
YPR199C,YNR017W,0,-3.4969857,0.09233571588993073,0.6589999794960022,0.6478000283241272
YGL190C,YDR427W,0,-3.4970157,0.09232278168201447,0.6589999794960022,0.6478999853134155
YJR125C,YLR113W,0,-3.4970968,0.0923098474740982,0.6589999794960022,0.6480000019073486
YKL190W,YMR029C,0,-3.4971116,0.09229692071676254,0.6589999794960022,0.6481000185012817
YHR015W,YHR086W,0,-3.4971597,0.09228399395942688,0.6589999794960022,0.6481999754905701
YCR005C,YLR347C,0,-3.4971888,0.09227107465267181,0.6589999794960022,0.6482999920845032
YPR122W,YGR256W,0,-3.4972858,0.09225815534591675,0.6589999794960022,0.6484000086784363
YNL054W,YHL028W,0,-3.4973118,0.09224524348974228,0.6589999794960022,0.6485000252723694
YBR110W,YHR107C,0,-3.4973748,0.09223233163356781,0.6589999794960022,0.6485999822616577
YDR289C,YCR067C,0,-3.4974182,0.09221941977739334,0.6589999794960022,0.6486999988555908
YPL209C,YOR266W,0,-3.4974887,0.09220652282238007,0.6589999794960022,0.6488000154495239
YGL151W,YPL123C,0,-3.4975457,0.0921936184167862,0.6589999794960022,0.6488999724388123
YPR154W,YJL203W,0,-3.4976118,0.09218072146177292,0.6589999794960022,0.6489999890327454
YPL255W,YDR183W,0,-3.49773,0.09216783195734024,0.6589999794960022,0.6491000056266785
YDR085C,YHR143W,0,-3.4977863,0.09215494245290756,0.6589999794960022,0.6492000222206116
YDR379W,YMR016C,0,-3.4977965,0.09214206039905548,0.6589999794960022,0.6492999792098999
YGR238C,YNR006W,0,-3.4978778,0.0921291783452034,0.6589999794960022,0.649399995803833
YBR004C,YHR158C,0,-3.4978926,0.09211629629135132,0.6589999794960022,0.6495000123977661
YDR265W,YLR055C,0,-3.497925,0.09210342168807983,0.6589999794960022,0.6496000289916992
YGL025C,YDR027C,1,-3.4980252,0.09223029762506485,0.6600000262260437,0.6496000289916992
YPR067W,YKR061W,0,-3.4980643,0.09221740812063217,0.6600000262260437,0.6496999859809875
YLR144C,YGL086W,0,-3.4980896,0.09220452606678009,0.6600000262260437,0.6498000025749207
YDL145C,YFR027W,0,-3.4982007,0.09219164401292801,0.6600000262260437,0.6499000191688538
YDL192W,YKL170W,1,-3.49837,0.09231843799352646,0.6610000133514404,0.6499000191688538
YDL100C,YIL002C,0,-3.498379,0.09230554103851318,0.6610000133514404,0.6499999761581421
YER027C,YPR137W,0,-3.4984422,0.0922926589846611,0.6610000133514404,0.6500999927520752
YDL178W,YHR060W,0,-3.4984796,0.09227976948022842,0.6610000133514404,0.6502000093460083
YER183C,YJL187C,0,-3.4984865,0.09226688742637634,0.6610000133514404,0.6503000259399414
YGL070C,YMR106C,1,-3.4985003,0.09239357709884644,0.6620000004768372,0.6503000259399414
YKL089W,YLR092W,0,-3.498504,0.09238068759441376,0.6620000004768372,0.6503999829292297
YLR170C,YKL029C,0,-3.4985049,0.09236779808998108,0.6620000004768372,0.6504999995231628
YGL084C,YDR082W,1,-3.4985206,0.0924944207072258,0.6629999876022339,0.6504999995231628
YEL024W,YKL006C-A,0,-3.4985478,0.09248151630163193,0.6629999876022339,0.650600016117096
YKR026C,YEL042W,0,-3.4986527,0.09246861934661865,0.6629999876022339,0.6506999731063843
YOL072W,YLR272C,0,-3.4987342,0.09245572239160538,0.6629999876022339,0.6507999897003174
YDL019C,YOR157C,0,-3.4987638,0.0924428328871727,0.6629999876022339,0.6509000062942505
YCR093W,YDL052C,0,-3.498967,0.09242994338274002,0.6629999876022339,0.6510000228881836
YNL199C,YKL029C,0,-3.4989786,0.09241706132888794,0.6629999876022339,0.6510999798774719
YLR220W,YGR109C,0,-3.4990754,0.09240417927503586,0.6629999876022339,0.651199996471405
YOR216C,YNL263C,0,-3.4991763,0.09239130467176437,0.6629999876022339,0.6513000130653381
YBL008W,YDR478W,0,-3.4992952,0.09237843006849289,0.6629999876022339,0.6514000296592712
YLR013W,YGR186W,0,-3.4993649,0.092365562915802,0.6629999876022339,0.6514999866485596
YNL059C,YDR077W,0,-3.499368,0.09235269576311111,0.6629999876022339,0.6516000032424927
YDR264C,YPR171W,0,-3.4994557,0.09233983606100082,0.6629999876022339,0.6517000198364258
YER052C,YEL016C,0,-3.4994829,0.09232697635889053,0.6629999876022339,0.6517999768257141
YKL043W,YJR004C,0,-3.4995353,0.09231411665678024,0.6629999876022339,0.6518999934196472
YGR193C,YLR362W,0,-3.4995518,0.09230126440525055,0.6629999876022339,0.6520000100135803
YBR093C,YLR208W,0,-3.499588,0.09228841960430145,0.6629999876022339,0.6521000266075134
YPR023C,YDL134C,0,-3.4996684,0.09227557480335236,0.6629999876022339,0.6521999835968018
YER145C,YLR138W,0,-3.4996724,0.09226273000240326,0.6629999876022339,0.6523000001907349
YDL045C,YEL051W,0,-3.499863,0.09224989265203476,0.6629999876022339,0.652400016784668
YKL194C,YPL047W,0,-3.50018,0.09223706275224686,0.6629999876022339,0.6524999737739563
YNL008C,YMR183C,0,-3.5001981,0.09222423285245895,0.6629999876022339,0.6525999903678894
YNL071W,YOL091W,0,-3.5002077,0.09221140295267105,0.6629999876022339,0.6527000069618225
YBR170C,YOR295W,0,-3.5002248,0.09219858050346375,0.6629999876022339,0.6528000235557556
YIL061C,YPL057C,0,-3.5002494,0.09218576550483704,0.6629999876022339,0.652899980545044
YAL002W,YDR285W,0,-3.5002801,0.09217294305562973,0.6629999876022339,0.652999997138977
YGL061C,YOL031C,0,-3.500334,0.09216013550758362,0.6629999876022339,0.6531000137329102
YGL142C,YDR224C,0,-3.5003989,0.0921473279595375,0.6629999876022339,0.6531999707221985
YBL051C,YJL072C,0,-3.500417,0.0921345204114914,0.6629999876022339,0.6532999873161316
YPR023C,YPL167C,0,-3.500481,0.09212172031402588,0.6629999876022339,0.6534000039100647
YGR155W,YER151C,0,-3.5005174,0.09210892021656036,0.6629999876022339,0.6535000205039978
YJR082C,YOL072W,0,-3.5005603,0.09209612756967545,0.6629999876022339,0.6535999774932861
YLR384C,YCL051W,0,-3.5006936,0.09208333492279053,0.6629999876022339,0.6536999940872192
YIR008C,YLR340W,0,-3.5007126,0.09207054227590561,0.6629999876022339,0.6538000106811523
YJR078W,YOR295W,0,-3.5007374,0.09205776453018188,0.6629999876022339,0.6539000272750854
YBR020W,YJR144W,0,-3.5007398,0.09204497933387756,0.6629999876022339,0.6539999842643738
YPL268W,YNL070W,0,-3.500829,0.09203220158815384,0.6629999876022339,0.6541000008583069
YBR182C,YIL138C,0,-3.5008607,0.09201943129301071,0.6629999876022339,0.65420001745224
YDR206W,YDL083C,1,-3.5009031,0.09214543551206589,0.6639999747276306,0.65420001745224
YNL323W,YLR303W,0,-3.5009582,0.09213265031576157,0.6639999747276306,0.6542999744415283
YHR175W,YJL128C,0,-3.5010636,0.09211986511945724,0.6639999747276306,0.6543999910354614
YLR084C,YGR186W,0,-3.501127,0.09210708737373352,0.6639999747276306,0.6545000076293945
YMR202W,YDL059C,1,-3.5011785,0.09223300963640213,0.6650000214576721,0.6545000076293945
YLL001W,YML007W,0,-3.5013595,0.09222021698951721,0.6650000214576721,0.6546000242233276
YPL213W,YPL031C,1,-3.5014164,0.09234608709812164,0.6660000085830688,0.6546000242233276
YEL056W,YLR084C,0,-3.501475,0.09233328700065613,0.6660000085830688,0.654699981212616
YLR430W,YJL052W,0,-3.501516,0.09232048690319061,0.6660000085830688,0.6547999978065491
YPL170W,YNL231C,0,-3.501549,0.0923076942563057,0.6660000085830688,0.6549000144004822
YLR025W,YGL127C,1,-3.5015748,0.09243348240852356,0.6669999957084656,0.6549000144004822
YLR228C,YBL046W,0,-3.5017116,0.09242067486047745,0.6669999957084656,0.6549999713897705
YGL003C,YER095W,1,-3.5017164,0.09254641085863113,0.6679999828338623,0.6549999713897705
YEL066W,YER094C,0,-3.5017202,0.09253358840942383,0.6679999828338623,0.6550999879837036
YEL027W,YMR026C,0,-3.5017898,0.09252077341079712,0.6679999828338623,0.6552000045776367
YKL007W,YLR013W,0,-3.5018587,0.09250796586275101,0.6679999828338623,0.6553000211715698
YOL023W,YNL186W,0,-3.5018666,0.0924951508641243,0.6679999828338623,0.6553999781608582
YIL010W,YHR094C,0,-3.5019076,0.09248235076665878,0.6679999828338623,0.6554999947547913
YBR110W,YPL180W,0,-3.5019286,0.09246954321861267,0.6679999828338623,0.6556000113487244
YPL092W,YLR354C,0,-3.5019724,0.09245675057172775,0.6679999828338623,0.6557000279426575
YJR086W,YOL129W,0,-3.5019934,0.09244395047426224,0.6679999828338623,0.6557999849319458
YDR052C,YOL043C,0,-3.5020337,0.09243115782737732,0.6679999828338623,0.6559000015258789
YKL093W,YDR494W,0,-3.5020428,0.092418372631073,0.6679999828338623,0.656000018119812
YPL007C,YOR295W,0,-3.5020888,0.09240558743476868,0.6679999828338623,0.6560999751091003
YGL018C,YOL110W,0,-3.5021596,0.09239280968904495,0.6679999828338623,0.6561999917030334
YKL025C,YOR004W,0,-3.5022902,0.09238003194332123,0.6679999828338623,0.6563000082969666
YDR436W,YER129W,0,-3.5024047,0.0923672541975975,0.6679999828338623,0.6564000248908997
YBL078C,YLR147C,0,-3.5024083,0.09235448390245438,0.6679999828338623,0.656499981880188
YLR163C,YLR425W,0,-3.5024652,0.09234172105789185,0.6679999828338623,0.6565999984741211
YDR365C,YDL092W,0,-3.502474,0.09232895821332932,0.6679999828338623,0.6567000150680542
YMR276W,YPL204W,0,-3.5025094,0.09231619536876678,0.6679999828338623,0.6567999720573425
YER032W,YPL248C,0,-3.5025184,0.09230343997478485,0.6679999828338623,0.6568999886512756
YDR446W,YOR149C,0,-3.5025928,0.09229068458080292,0.6679999828338623,0.6570000052452087
YCL043C,YKL012W,0,-3.5026488,0.09227793663740158,0.6679999828338623,0.6571000218391418
YPL049C,YLR372W,1,-3.5026886,0.09240331500768661,0.6690000295639038,0.6571000218391418
YLR115W,YBR201W,0,-3.5027032,0.09239055216312408,0.6690000295639038,0.6571999788284302
YGL065C,YER008C,0,-3.5027554,0.09237779676914215,0.6690000295639038,0.6572999954223633
YNL153C,YFL059W,0,-3.502853,0.09236504137516022,0.6690000295639038,0.6574000120162964
YPR030W,YLR052W,0,-3.5029404,0.09235229343175888,0.6690000295639038,0.6575000286102295
YPR006C,YNL098C,0,-3.503177,0.09233954548835754,0.6690000295639038,0.6575999855995178
YER107C,YIR002C,0,-3.5032916,0.09232679754495621,0.6690000295639038,0.6577000021934509
YDL079C,YDR198C,0,-3.5033088,0.09231406450271606,0.6690000295639038,0.657800018787384
YPR199C,YML081C-A,0,-3.5033212,0.09230132400989532,0.6690000295639038,0.6578999757766724
YBR280C,YOR332W,0,-3.5035088,0.09228859096765518,0.6690000295639038,0.6579999923706055
YNL147W,YHR203C,1,-3.5035748,0.09241379052400589,0.6700000166893005,0.6579999923706055
YDR335W,YOL010W,0,-3.5035832,0.09240105003118515,0.6700000166893005,0.6581000089645386
YKR097W,YCR084C,0,-3.5036943,0.09238830953836441,0.6700000166893005,0.6582000255584717
YBR173C,YLR360W,0,-3.503741,0.09237556904554367,0.6700000166893005,0.65829998254776
YDR054C,YPR155C,0,-3.5037787,0.09236283600330353,0.6700000166893005,0.6583999991416931
YHR176W,YPL082C,0,-3.5039194,0.09235010296106339,0.6700000166893005,0.6585000157356262
YOR144C,YLL026W,1,-3.5040116,0.09247519075870514,0.6710000038146973,0.6585000157356262
YHR079C,YDL188C,0,-3.5040314,0.0924624502658844,0.6710000038146973,0.6585999727249146
YDL137W,YKL051W,0,-3.5040495,0.09244970977306366,0.6710000038146973,0.6586999893188477
YOR209C,YAL033W,0,-3.5040565,0.09243697673082352,0.6710000038146973,0.6588000059127808
YGL155W,YDL145C,0,-3.5041022,0.09242424368858337,0.6710000038146973,0.6589000225067139
YMR213W,YOR260W,0,-3.5041487,0.09241151064634323,0.6710000038146973,0.6589999794960022
YGR033C,YOR084W,0,-3.5042295,0.09239878505468369,0.6710000038146973,0.6590999960899353
YJR040W,YOR140W,0,-3.5042984,0.09238606691360474,0.6710000038146973,0.6592000126838684
YLR115W,YCR028C,0,-3.50431,0.09237334877252579,0.6710000038146973,0.6593000292778015
YNL331C,YGR191W,0,-3.5043175,0.09236063063144684,0.6710000038146973,0.6593999862670898
YPL022W,YNL007C,0,-3.5045483,0.09234791994094849,0.6710000038146973,0.659500002861023
YMR033W,YJL062W,0,-3.5045755,0.09233521670103073,0.6710000038146973,0.659600019454956
YBR272C,YJL166W,0,-3.5046065,0.09232250601053238,0.6710000038146973,0.6596999764442444
YLR154C,YDR457W,0,-3.5046678,0.09230981022119522,0.6710000038146973,0.6597999930381775
YJL052W,YNR039C,0,-3.5047224,0.09229711443185806,0.6710000038146973,0.6599000096321106
YMR270C,YDR460W,0,-3.5047367,0.0922844186425209,0.6710000038146973,0.6600000262260437
YNR033W,YEL054C,0,-3.504775,0.09227173030376434,0.6710000038146973,0.660099983215332
YMR219W,YER024W,0,-3.5048869,0.09225904196500778,0.6710000038146973,0.6601999998092651
YOL016C,YMR035W,0,-3.5051115,0.09224635362625122,0.6710000038146973,0.6603000164031982
YBR279W,YOR003W,1,-3.5051334,0.0923711359500885,0.671999990940094,0.6603000164031982
YDR512C,YJL074C,0,-3.5051377,0.09235844016075134,0.671999990940094,0.6603999733924866
YLR098C,YJL117W,0,-3.5051615,0.09234574437141418,0.671999990940094,0.6604999899864197
YBR280C,YML015C,0,-3.5051973,0.09233305603265762,0.671999990940094,0.6606000065803528
YCR075C,YKR061W,0,-3.5052462,0.09232037514448166,0.671999990940094,0.6607000231742859
YPR068C,YDL135C,0,-3.5053155,0.0923076942563057,0.671999990940094,0.6607999801635742
YNL159C,YDR397C,0,-3.5053446,0.09229501336812973,0.671999990940094,0.6608999967575073
YEL030W,YKR101W,0,-3.5054173,0.09228233993053436,0.671999990940094,0.6610000133514404
YOR290C,YIL039W,0,-3.505463,0.092269666492939,0.671999990940094,0.6610999703407288
YGL142C,YOR150W,0,-3.5055726,0.09225700050592422,0.671999990940094,0.6611999869346619
YLR368W,YPL146C,0,-3.5055728,0.09224433451890945,0.671999990940094,0.661300003528595
YBL008W,YPR042C,0,-3.5056038,0.09223167598247528,0.671999990940094,0.6614000201225281
YER030W,YER082C,0,-3.505615,0.09221901744604111,0.671999990940094,0.6614999771118164
YGL209W,YBR273C,0,-3.5057871,0.09220636636018753,0.671999990940094,0.6615999937057495
YJR035W,YGR185C,0,-3.5062103,0.09219371527433395,0.671999990940094,0.6617000102996826
YKR087C,YOR117W,0,-3.506258,0.09218107163906097,0.671999990940094,0.6618000268936157
YDR411C,YMR058W,0,-3.5063202,0.092168428003788,0.671999990940094,0.661899983882904
YOR023C,YNL039W,0,-3.506334,0.09215578436851501,0.671999990940094,0.6620000004768372
YER052C,YLR424W,0,-3.5064576,0.09214314818382263,0.671999990940094,0.6621000170707703
YER089C,YPL234C,0,-3.5066006,0.09213051944971085,0.671999990940094,0.6621999740600586
YDR284C,YJR143C,0,-3.5066261,0.09211789071559906,0.671999990940094,0.6622999906539917
YKL112W,YLL031C,0,-3.5066607,0.09210526198148727,0.671999990940094,0.6624000072479248
YLR095C,YDR218C,0,-3.5066655,0.09209264069795609,0.671999990940094,0.6625000238418579
YNL312W,YJL143W,0,-3.5066762,0.0920800194144249,0.671999990940094,0.6625999808311462
YFL021W,YOL040C,0,-3.506697,0.0920674055814743,0.671999990940094,0.6626999974250793
YLR002C,YJR086W,0,-3.506706,0.09205479174852371,0.671999990940094,0.6628000140190125
YMR184W,YGR063C,0,-3.5067437,0.09204218536615372,0.671999990940094,0.6628999710083008
YER171W,YMR054W,0,-3.5067852,0.09202957898378372,0.671999990940094,0.6629999876022339
YBR278W,YMR234W,0,-3.506817,0.09201698005199432,0.671999990940094,0.663100004196167
YDR346C,YMR088C,0,-3.506821,0.09200438112020493,0.671999990940094,0.6632000207901001
YMR168C,YGR141W,0,-3.5068214,0.09199178963899612,0.671999990940094,0.6632999777793884
YDR016C,YER051W,0,-3.5069592,0.09197919815778732,0.671999990940094,0.6633999943733215
YDR289C,YNL121C,0,-3.506992,0.09196660667657852,0.671999990940094,0.6635000109672546
YML023C,YLR403W,0,-3.5070198,0.09195402264595032,0.671999990940094,0.6636000275611877
YIL010W,YDL064W,0,-3.5070364,0.09194143861532211,0.671999990940094,0.6636999845504761
YGL025C,YDL059C,1,-3.507054,0.09206566214561462,0.6729999780654907,0.6636999845504761
YPR183W,YDR398W,0,-3.507099,0.09205307066440582,0.6729999780654907,0.6638000011444092
YDL028C,YOR117W,0,-3.5071285,0.09204047918319702,0.6729999780654907,0.6639000177383423
YDR252W,YDR045C,0,-3.5071957,0.09202789515256882,0.6729999780654907,0.6639999747276306
YJR104C,YML005W,0,-3.507201,0.09201531112194061,0.6729999780654907,0.6640999913215637
YEL030W,YLR039C,0,-3.5072224,0.092002734541893,0.6729999780654907,0.6642000079154968
YDL126C,YCR052W,0,-3.5072827,0.0919901579618454,0.6729999780654907,0.6643000245094299
YOR347C,YJL029C,0,-3.507283,0.09197758883237839,0.6729999780654907,0.6643999814987183
YOL130W,YAL012W,0,-3.507366,0.09196501970291138,0.6729999780654907,0.6644999980926514
YLR016C,YCR018C,0,-3.5073771,0.09195245057344437,0.6729999780654907,0.6646000146865845
YJL115W,YDR130C,0,-3.5074108,0.09193988889455795,0.6729999780654907,0.6646999716758728
YKL190W,YJR135C,0,-3.507456,0.09192733466625214,0.6729999780654907,0.6647999882698059
YGL174W,YKL186C,0,-3.507869,0.09191478043794632,0.6729999780654907,0.664900004863739
YJL115W,YBR015C,0,-3.507932,0.0919022262096405,0.6729999780654907,0.6650000214576721
YGR040W,YPL208W,0,-3.508066,0.09188967943191528,0.6729999780654907,0.6650999784469604
YOR320C,YPL033C,0,-3.5080936,0.09187713265419006,0.6729999780654907,0.6651999950408936
YMR041C,YER169W,0,-3.5081801,0.09186459332704544,0.6729999780654907,0.6653000116348267
YBR279W,YGR104C,1,-3.5082486,0.09198853373527527,0.6740000247955322,0.6653000116348267
YER045C,YOR063W,0,-3.5083008,0.09197597950696945,0.6740000247955322,0.6654000282287598
YOL045W,YBR118W,0,-3.508322,0.09196343272924423,0.6740000247955322,0.6654999852180481
YLL042C,YMR212C,0,-3.5085864,0.09195088595151901,0.6740000247955322,0.6656000018119812
YPL200W,YLR447C,0,-3.50861,0.09193834662437439,0.6740000247955322,0.6657000184059143
YLR394W,YKL186C,0,-3.5088837,0.09192580729722977,0.6740000247955322,0.6657999753952026
YNL275W,YOR310C,0,-3.5089068,0.09191326797008514,0.6740000247955322,0.6658999919891357
YDR174W,YDR320C,1,-3.508921,0.09203708916902542,0.675000011920929,0.6658999919891357
YIL103W,YBR231C,0,-3.509053,0.0920245423913002,0.675000011920929,0.6660000085830688
YDR216W,YDL207W,0,-3.509158,0.09201199561357498,0.675000011920929,0.666100025177002
YDR036C,YDR308C,0,-3.5091622,0.09199945628643036,0.675000011920929,0.6661999821662903
YMR042W,YPR120C,0,-3.5092084,0.09198691695928574,0.675000011920929,0.6662999987602234
YLR411W,YDR386W,0,-3.5092714,0.09197438508272171,0.675000011920929,0.6664000153541565
YOR330C,YNL279W,0,-3.5092924,0.09196185320615768,0.675000011920929,0.6664999723434448
YPR165W,YNR039C,0,-3.5094147,0.09194932878017426,0.675000011920929,0.6665999889373779
YDR179C,YPL239W,0,-3.5094702,0.09193680435419083,0.675000011920929,0.666700005531311
YHR108W,YPR155C,0,-3.5096347,0.0919242799282074,0.675000011920929,0.6668000221252441
YMR100W,YMR077C,0,-3.5096517,0.09191176295280457,0.675000011920929,0.6668999791145325
YLR127C,YGL075C,0,-3.5098486,0.09189925342798233,0.675000011920929,0.6669999957084656
YEL031W,YDR218C,0,-3.5098908,0.0918867439031601,0.675000011920929,0.6671000123023987
YLR430W,YJL093C,0,-3.509963,0.09187423437833786,0.675000011920929,0.6672000288963318
YEL003W,YDL022W,0,-3.5100572,0.09186173230409622,0.675000011920929,0.6672999858856201
YKL002W,YPL242C,0,-3.510124,0.09184923022985458,0.675000011920929,0.6674000024795532
YDL100C,YIL017C,0,-3.5101693,0.09183673560619354,0.675000011920929,0.6675000190734863
YDR158W,YJR059W,0,-3.5101733,0.0918242409825325,0.675000011920929,0.6675999760627747
YFL055W,YOR074C,0,-3.5103004,0.09181175380945206,0.675000011920929,0.6676999926567078
YBR035C,YMR179W,1,-3.510718,0.09193526208400726,0.6759999990463257,0.6676999926567078
YJR052W,YPR032W,0,-3.5108294,0.09192276000976562,0.6759999990463257,0.6678000092506409
YML086C,YPL255W,0,-3.510862,0.09191026538610458,0.6759999990463257,0.667900025844574
YKL058W,YML025C,0,-3.5109746,0.09189777076244354,0.6759999990463257,0.6679999828338623
YOL013C,YNL009W,0,-3.5110075,0.0918852761387825,0.6759999990463257,0.6680999994277954
YMR029C,YLR200W,0,-3.511019,0.09187278896570206,0.6759999990463257,0.6682000160217285
YDL165W,YPR120C,0,-3.5110214,0.09186030924320221,0.6759999990463257,0.6682999730110168
YOL013C,YPL187W,0,-3.5110345,0.09184782952070236,0.6759999990463257,0.66839998960495
YMR025W,YJL080C,0,-3.5110395,0.09183534979820251,0.6759999990463257,0.6685000061988831
YEL061C,YPL139C,0,-3.5110772,0.09182287752628326,0.6759999990463257,0.6686000227928162
YDR345C,YNL218W,0,-3.511196,0.09181040525436401,0.6759999990463257,0.6686999797821045
YHL040C,YOR373W,0,-3.511395,0.09179793298244476,0.6759999990463257,0.6687999963760376
YJR047C,YPL125W,0,-3.511411,0.09178546816110611,0.6759999990463257,0.6689000129699707
YHL047C,YPL139C,0,-3.5114632,0.09177301079034805,0.6759999990463257,0.6690000295639038
YGR224W,YDL245C,0,-3.5114982,0.09176055341959,0.6759999990463257,0.6690999865531921
YPL170W,YJL168C,0,-3.5115001,0.09174810349941254,0.6759999990463257,0.6692000031471252
YER133W,YBR192W,0,-3.5115674,0.09173564612865448,0.6759999990463257,0.6693000197410583
YCL004W,YIL135C,0,-3.5115907,0.09172320365905762,0.6759999990463257,0.6693999767303467
YPL050C,YBR127C,0,-3.5116274,0.09171076118946075,0.6759999990463257,0.6694999933242798
YGL143C,YML085C,0,-3.5117047,0.09169831871986389,0.6759999990463257,0.6696000099182129
YJL198W,YPL151C,0,-3.5117245,0.09168588370084763,0.6759999990463257,0.669700026512146
YKR066C,YGR178C,0,-3.5118716,0.09167344868183136,0.6759999990463257,0.6697999835014343
YDR182W,YLL001W,0,-3.5118983,0.0916610136628151,0.6759999990463257,0.6699000000953674
YKL018W,YML001W,1,-3.5121295,0.09178416430950165,0.6769999861717224,0.6699000000953674
YHR119W,YGR229C,1,-3.5121553,0.09190727770328522,0.6779999732971191,0.6699000000953674
YHR160C,YLL013C,0,-3.5121958,0.09189482033252716,0.6779999732971191,0.6700000166893005
YGL111W,YHR070W,0,-3.5122156,0.0918823704123497,0.6779999732971191,0.6700999736785889
YCR098C,YLR190W,0,-3.512243,0.09186992049217224,0.6779999732971191,0.670199990272522
YDR083W,YPL106C,1,-3.5124152,0.09199295192956924,0.6790000200271606,0.670199990272522
YLR418C,YJR043C,1,-3.5124578,0.09211596101522446,0.6800000071525574,0.670199990272522
YCR020C-A,YJR043C,1,-3.5124614,0.09223892539739609,0.6809999942779541,0.670199990272522
YJL134W,YDR527W,0,-3.5124815,0.09222643822431564,0.6809999942779541,0.6703000068664551
YFL041W,YPL174C,0,-3.512569,0.0922139436006546,0.6809999942779541,0.6704000234603882
YKR068C,YNL061W,0,-3.5126245,0.09220146387815475,0.6809999942779541,0.6704999804496765
YJR145C,YNL339C,1,-3.5127308,0.09232435375452042,0.6819999814033508,0.6704999804496765
YPR083W,YBR192W,0,-3.512756,0.09231185913085938,0.6819999814033508,0.6705999970436096
YDR492W,YFL034C-B,0,-3.5127943,0.09229936450719833,0.6819999814033508,0.6707000136375427
YNL159C,YKL058W,0,-3.5128038,0.09228687733411789,0.6819999814033508,0.670799970626831
YPL126W,YEL031W,0,-3.5128906,0.09227439016103745,0.6819999814033508,0.6708999872207642
YHR061C,YFR029W,0,-3.512911,0.092261902987957,0.6819999814033508,0.6710000038146973
YKL194C,YLR266C,0,-3.5129158,0.09224942326545715,0.6819999814033508,0.6711000204086304
YCL039W,YGL112C,0,-3.5129635,0.0922369509935379,0.6819999814033508,0.6711999773979187
YNL258C,YDR126W,0,-3.5131104,0.09222447872161865,0.6819999814033508,0.6712999939918518
YMR220W,YKL029C,0,-3.513202,0.0922120064496994,0.6819999814033508,0.6714000105857849
YBR112C,YDL020C,1,-3.5132039,0.09233473241329193,0.6830000281333923,0.6714000105857849
YGR135W,YKL126W,0,-3.5132062,0.09232225269079208,0.6830000281333923,0.671500027179718
YOR085W,YJL025W,0,-3.5132558,0.09230977296829224,0.6830000281333923,0.6715999841690063
YOR310C,YOR179C,0,-3.5133061,0.09229730069637299,0.6830000281333923,0.6717000007629395
YGL192W,YBL014C,0,-3.5134046,0.09228482842445374,0.6830000281333923,0.6718000173568726
YNL023C,YPR188C,0,-3.513439,0.09227235615253448,0.6830000281333923,0.6718999743461609
YDR054C,YLR134W,0,-3.5134742,0.09225989133119583,0.6830000281333923,0.671999990940094
YFL056C,YLL021W,0,-3.5135436,0.09224743396043777,0.6830000281333923,0.6721000075340271
YHR024C,YIL123W,0,-3.5136714,0.09223497658967972,0.6830000281333923,0.6722000241279602
YLR052W,YLR403W,0,-3.5137417,0.09222251921892166,0.6830000281333923,0.6722999811172485
YNL219C,YMR167W,0,-3.5137606,0.0922100692987442,0.6830000281333923,0.6723999977111816
YDR188W,YDR435C,0,-3.5138004,0.09219762682914734,0.6830000281333923,0.6725000143051147
YLR034C,YDR218C,0,-3.513829,0.09218517690896988,0.6830000281333923,0.6725999712944031
YPL227C,YOR127W,0,-3.5139577,0.09217274188995361,0.6830000281333923,0.6726999878883362
YOR267C,YDR176W,0,-3.5139894,0.09216029942035675,0.6830000281333923,0.6728000044822693
YLR284C,YIL147C,0,-3.5141332,0.09214787185192108,0.6830000281333923,0.6729000210762024
YDR224C,YLR265C,0,-3.5141375,0.09213543683290482,0.6830000281333923,0.6729999780654907
YLR268W,YMR236W,0,-3.5141628,0.09212300926446915,0.6830000281333923,0.6730999946594238
YJR086W,YNL121C,0,-3.5141838,0.09211058914661407,0.6830000281333923,0.6732000112533569
YOR226C,YPL012W,0,-3.5142586,0.092098169028759,0.6830000281333923,0.67330002784729
YNL025C,YOL020W,1,-3.5144165,0.09222057461738586,0.6840000152587891,0.67330002784729
YDR260C,YGL095C,0,-3.5144942,0.0922081395983696,0.6840000152587891,0.6733999848365784
YOR109W,YDL185W,0,-3.5145118,0.09219571202993393,0.6840000152587891,0.6735000014305115
YJL209W,YER019W,0,-3.51452,0.09218329191207886,0.6840000152587891,0.6736000180244446
YOL086C,YGL006W,0,-3.5145698,0.09217086434364319,0.6840000152587891,0.6736999750137329
YBR231C,YNR047W,0,-3.5145786,0.09215844422578812,0.6840000152587891,0.673799991607666
YLR376C,YIL023C,0,-3.5146139,0.09214603155851364,0.6840000152587891,0.6739000082015991
YJR135C,YPL196W,0,-3.5147238,0.09213361889123917,0.6840000152587891,0.6740000247955322
YJL115W,YGL087C,0,-3.51484,0.09212121367454529,0.6840000152587891,0.6740999817848206
YDL081C,YDR369C,1,-3.5148532,0.09224347025156021,0.6850000023841858,0.6740999817848206
YBR185C,YBL051C,0,-3.5149095,0.09223105013370514,0.6850000023841858,0.6741999983787537
YPR176C,YEL037C,0,-3.5149395,0.09221863001585007,0.6850000023841858,0.6743000149726868
YJL165C,YPL085W,0,-3.5150084,0.09220621734857559,0.6850000023841858,0.6743999719619751
YEL056W,YJL219W,0,-3.515016,0.09219381213188171,0.6850000023841858,0.6744999885559082
YKL160W,YOL094C,0,-3.515199,0.09218139946460724,0.6850000023841858,0.6746000051498413
YOR249C,YDR224C,0,-3.5152297,0.09216900169849396,0.6850000023841858,0.6747000217437744
YMR167W,YKL034W,0,-3.5152795,0.09215659648180008,0.6850000023841858,0.6747999787330627
YJR047C,YDR440W,0,-3.5153067,0.0921441987156868,0.6850000023841858,0.6748999953269958
YOL147C,YLR324W,0,-3.5153668,0.09213180840015411,0.6850000023841858,0.675000011920929
YDR439W,YPR154W,0,-3.5154102,0.09211941808462143,0.6850000023841858,0.6751000285148621
YCL051W,YLR147C,0,-3.5154357,0.09210703521966934,0.6850000023841858,0.6751999855041504
YNL328C,YDL058W,0,-3.5154445,0.09209465235471725,0.6850000023841858,0.6753000020980835
YMR247C,YDL224C,0,-3.5155084,0.09208226948976517,0.6850000023841858,0.6754000186920166
YKL046C,YGL054C,0,-3.5155237,0.09206989407539368,0.6850000023841858,0.6754999756813049
YKR099W,YML078W,0,-3.5156672,0.09205751866102219,0.6850000023841858,0.675599992275238
YGR104C,YDR310C,1,-3.515869,0.09217952191829681,0.6859999895095825,0.675599992275238
YKL029C,YLR376C,0,-3.5159338,0.09216713905334473,0.6859999895095825,0.6757000088691711
YHR123W,YOR083W,0,-3.5160103,0.09215475618839264,0.6859999895095825,0.6758000254631042
YDR508C,YOL043C,0,-3.5160248,0.09214238077402115,0.6859999895095825,0.6758999824523926
YIL009C-A,YGR104C,1,-3.5160296,0.09226430207490921,0.6869999766349792,0.6758999824523926
YJL125C,YJL127C,0,-3.5161707,0.09225191175937653,0.6869999766349792,0.6759999990463257
YDR254W,YDR160W,0,-3.5161726,0.09223952889442444,0.6869999766349792,0.6761000156402588
YPL040C,YIL147C,0,-3.5162196,0.09222714602947235,0.6869999766349792,0.6761999726295471
YPL100W,YBR127C,0,-3.5162232,0.09221476316452026,0.6869999766349792,0.6762999892234802
YDR235W,YPL180W,0,-3.5162299,0.09220238775014877,0.6869999766349792,0.6764000058174133
YDR382W,YKR101W,0,-3.516258,0.09219001978635788,0.6869999766349792,0.6765000224113464
YGR227W,YGL254W,0,-3.5163896,0.09217764437198639,0.6869999766349792,0.6765999794006348
YOR140W,YMR054W,0,-3.5164006,0.09216528385877609,0.6869999766349792,0.6766999959945679
YMR162C,YGL099W,0,-3.5164404,0.0921529158949852,0.6869999766349792,0.676800012588501
YJL024C,YDR268W,0,-3.5164475,0.0921405553817749,0.6869999766349792,0.6769000291824341
YDR439W,YKL194C,0,-3.516533,0.0921282023191452,0.6869999766349792,0.6769999861717224
YKL046C,YDL148C,0,-3.5165756,0.0921158492565155,0.6869999766349792,0.6771000027656555
YDR483W,YPR189W,0,-3.5167522,0.0921034961938858,0.6869999766349792,0.6772000193595886
YNL281W,YHR119W,1,-3.5170093,0.09222520142793655,0.6880000233650208,0.6772000193595886
YKL206C,YBR126C,0,-3.5170927,0.09221284091472626,0.6880000233650208,0.677299976348877
YLR353W,YOR046C,0,-3.5171316,0.09220048040151596,0.6880000233650208,0.6773999929428101
YMR070W,YDR082W,1,-3.5174668,0.09232212603092194,0.6890000104904175,0.6773999929428101
YNL061W,YML052W,0,-3.517542,0.09230975061655045,0.6890000104904175,0.6775000095367432
YER026C,YLR347C,0,-3.5175774,0.09229739010334015,0.6890000104904175,0.6776000261306763
YOR181W,YOR224C,0,-3.5176115,0.09228502213954926,0.6890000104904175,0.6776999831199646
YHR143W,YKL154W,0,-3.5176384,0.09227266907691956,0.6890000104904175,0.6777999997138977
YPR067W,YJL222W,0,-3.5176625,0.09226030856370926,0.6890000104904175,0.6779000163078308
YBL085W,YOR039W,0,-3.517677,0.09224795550107956,0.6890000104904175,0.6779999732971191
YOR198C,YNL177C,0,-3.5176952,0.09223560988903046,0.6890000104904175,0.6780999898910522
YGR238C,YNR032W,0,-3.5176969,0.09222326427698135,0.6890000104904175,0.6782000064849854
YEL022W,YOR329C,0,-3.5177424,0.09221091866493225,0.6890000104904175,0.6783000230789185
YNL135C,YBR024W,0,-3.5178058,0.09219858050346375,0.6890000104904175,0.6783999800682068
YOL145C,YIL154C,0,-3.5178068,0.09218624234199524,0.6890000104904175,0.6784999966621399
YMR023C,YDL147W,0,-3.5178769,0.09217391163110733,0.6890000104904175,0.678600013256073
YNL149C,YNL262W,0,-3.5178862,0.09216158092021942,0.6890000104904175,0.6786999702453613
YDR069C,YIL009C-A,1,-3.518002,0.09228300303220749,0.6899999976158142,0.6786999702453613
YEL003W,YIL173W,0,-3.5181324,0.09227065742015839,0.6899999976158142,0.6787999868392944
YNL281W,YMR125W,1,-3.5181997,0.09239202737808228,0.6909999847412109,0.6787999868392944
YNL029C,YIL135C,0,-3.5184972,0.09237968176603317,0.6909999847412109,0.6789000034332275
YIL103W,YNL256W,0,-3.5185542,0.09236732870340347,0.6909999847412109,0.6790000200271606
YIL014W,YLR071C,0,-3.5185568,0.09235498309135437,0.6909999847412109,0.679099977016449
YKR036C,YDL132W,0,-3.518602,0.09234264492988586,0.6909999847412109,0.6791999936103821
YDR272W,YDR198C,0,-3.5186028,0.09233030676841736,0.6909999847412109,0.6793000102043152
YBL103C,YJL029C,0,-3.5186422,0.09231796860694885,0.6909999847412109,0.6794000267982483
YGR253C,YDR303C,0,-3.5187576,0.09230563789606094,0.6909999847412109,0.6794999837875366
YNL127W,YGR074W,0,-3.518869,0.09229330718517303,0.6909999847412109,0.6796000003814697
YML127W,YDR334W,0,-3.5188909,0.09228098392486572,0.6909999847412109,0.6797000169754028
YHR186C,YOR117W,0,-3.518925,0.09226866066455841,0.6909999847412109,0.6797999739646912
YER107C,YOR085W,0,-3.5192392,0.0922563448548317,0.6909999847412109,0.6798999905586243
YPL098C,YPR178W,0,-3.5192611,0.09224402904510498,0.6909999847412109,0.6800000071525574
YOR330C,YJL108C,0,-3.5193107,0.09223171323537827,0.6909999847412109,0.6801000237464905
YDL046W,YMR272C,0,-3.5193455,0.09221940487623215,0.6909999847412109,0.6801999807357788
YBR164C,YML007W,0,-3.5194979,0.09220709651708603,0.6909999847412109,0.6802999973297119
YMR128W,YJL204C,0,-3.5195878,0.09219479560852051,0.6909999847412109,0.680400013923645
YLR231C,YDR194C,0,-3.5196617,0.09218249469995499,0.6909999847412109,0.6804999709129333
YLR361C,YHR170W,0,-3.5197346,0.09217020124197006,0.6909999847412109,0.6805999875068665
YKL046C,YOR284W,0,-3.5199285,0.09215790778398514,0.6909999847412109,0.6807000041007996
YDR013W,YGR046W,0,-3.519954,0.09214562177658081,0.6909999847412109,0.6808000206947327
YGR244C,YER075C,0,-3.5200036,0.09213333576917648,0.6909999847412109,0.680899977684021
YNL031C,YOL055C,0,-3.5200157,0.09212104976177216,0.6909999847412109,0.6809999942779541
YDR058C,YEL051W,0,-3.520367,0.09210877120494843,0.6909999847412109,0.6811000108718872
YCR052W,YPL083C,0,-3.5204,0.0920964926481247,0.6909999847412109,0.6812000274658203
YNL094W,YGL014W,0,-3.5204656,0.09208422154188156,0.6909999847412109,0.6812999844551086
YGL143C,YFR034C,0,-3.5205083,0.09207195043563843,0.6909999847412109,0.6814000010490417
YPL086C,YLR016C,0,-3.520519,0.09205968677997589,0.6909999847412109,0.6815000176429749
YGL200C,YLR013W,0,-3.5205412,0.09204742312431335,0.6909999847412109,0.6815999746322632
YOR076C,YHR050W,0,-3.520558,0.09203515946865082,0.6909999847412109,0.6816999912261963
YNR056C,YFL008W,0,-3.520842,0.09202290326356888,0.6909999847412109,0.6818000078201294
YOR174W,YJL127C,0,-3.5208423,0.09201065450906754,0.6909999847412109,0.6819000244140625
YMR048W,YOR347C,0,-3.5208724,0.09199840575456619,0.6909999847412109,0.6819999814033508
YOL013C,YDR043C,0,-3.5212038,0.09198615700006485,0.6909999847412109,0.6820999979972839
YNL012W,YHR196W,0,-3.5213645,0.09197390824556351,0.6909999847412109,0.682200014591217
YDR069C,YGL025C,1,-3.5213926,0.09209475666284561,0.6919999718666077,0.682200014591217
YIL119C,YIL076W,0,-3.5214021,0.09208250045776367,0.6919999718666077,0.6822999715805054
YER172C,YOR281C,0,-3.5215333,0.09207025170326233,0.6919999718666077,0.6823999881744385
YNL148C,YCR067C,0,-3.521587,0.09205800294876099,0.6919999718666077,0.6825000047683716
YPL235W,YLR398C,0,-3.5216348,0.09204575419425964,0.6919999718666077,0.6826000213623047
YLR155C,YML012W,0,-3.521639,0.0920335128903389,0.6919999718666077,0.682699978351593
YPR005C,YEL034W,0,-3.5217297,0.09202127903699875,0.6919999718666077,0.6827999949455261
YJL071W,YPL084W,1,-3.521734,0.0921420007944107,0.6930000185966492,0.6827999949455261
YLR423C,YGR099W,1,-3.5218208,0.09226269274950027,0.6940000057220459,0.6827999949455261
YGR278W,YGR249W,0,-3.5219073,0.09225042909383774,0.6940000057220459,0.6829000115394592
YOR149C,YCL054W,0,-3.5219252,0.0922381728887558,0.6940000057220459,0.6830000281333923
YNL030W,YOR332W,0,-3.5219944,0.09222591668367386,0.6940000057220459,0.6830999851226807
YER165W,YIL008W,0,-3.5220437,0.09221366047859192,0.6940000057220459,0.6832000017166138
YPL190C,YIL022W,0,-3.5220828,0.09220141172409058,0.6940000057220459,0.6833000183105469
YDR219C,YMR039C,0,-3.5220969,0.09218916296958923,0.6940000057220459,0.6833999752998352
YER025W,YGR047C,0,-3.5221307,0.09217691421508789,0.6940000057220459,0.6834999918937683
YCL043C,YBR083W,0,-3.5221884,0.09216467291116714,0.6940000057220459,0.6836000084877014
YDR268W,YPR074C,0,-3.5222452,0.092152439057827,0.6940000057220459,0.6837000250816345
YCR089W,YAL011W,0,-3.5222948,0.09214020520448685,0.6940000057220459,0.6837999820709229
YPR083W,YBR082C,0,-3.522374,0.0921279713511467,0.6940000057220459,0.683899998664856
YPL213W,YKL113C,1,-3.5224388,0.09224847704172134,0.6949999928474426,0.683899998664856
YKR036C,YMR272C,0,-3.5224533,0.09223622828722,0.6949999928474426,0.6840000152587891
YML081C-A,YML067C,0,-3.5224645,0.09222399443387985,0.6949999928474426,0.6840999722480774
YDL236W,YLR452C,0,-3.5224774,0.0922117531299591,0.6949999928474426,0.6841999888420105
YNL085W,YPR144C,0,-3.522557,0.09219951927661896,0.6949999928474426,0.6843000054359436
YNL041C,YLR382C,0,-3.5225675,0.0921872928738594,0.6949999928474426,0.6844000220298767
YDR294C,YCR075C,0,-3.5226004,0.09217506647109985,0.6949999928474426,0.684499979019165
YKR083C,YMR172W,0,-3.5226123,0.0921628400683403,0.6949999928474426,0.6845999956130981
YGL174W,YJR063W,0,-3.5227501,0.09215062111616135,0.6949999928474426,0.6847000122070312
YFL025C,YMR097C,0,-3.5228257,0.09213840961456299,0.6949999928474426,0.6848000288009644
YOL151W,YGL219C,0,-3.5230315,0.09212619066238403,0.6949999928474426,0.6848999857902527
YNR056C,YJL139C,0,-3.5231416,0.09211397916078568,0.6949999928474426,0.6850000023841858
YLR342W,YDR451C,0,-3.5231721,0.09210177510976791,0.6949999928474426,0.6851000189781189
YLL043W,YOR334W,0,-3.5232444,0.09208957105875015,0.6949999928474426,0.6851999759674072
YDL198C,YJR050W,0,-3.5232542,0.09207737445831299,0.6949999928474426,0.6852999925613403
YJL122W,YIL109C,0,-3.5233052,0.09206517785787582,0.6949999928474426,0.6854000091552734
YPL097W,YOL072W,0,-3.5234187,0.09205298125743866,0.6949999928474426,0.6855000257492065
YDR435C,YAL005C,0,-3.5234382,0.09204079210758209,0.6949999928474426,0.6855999827384949
YNL294C,YLR442C,0,-3.5234466,0.09202860295772552,0.6949999928474426,0.685699999332428
YFL056C,YOL156W,0,-3.5234725,0.09201641380786896,0.6949999928474426,0.6858000159263611
YFL034C-B,YLR425W,0,-3.523633,0.09200423955917358,0.6949999928474426,0.6858999729156494
YPR080W,YNL079C,0,-3.5236979,0.09199205785989761,0.6949999928474426,0.6859999895095825
YLR229C,YGR086C,0,-3.5237217,0.09197988361120224,0.6949999928474426,0.6861000061035156
YDR518W,YNL164C,0,-3.5238135,0.09196770936250687,0.6949999928474426,0.6862000226974487
YDR158W,YDR432W,0,-3.5238743,0.09195554256439209,0.6949999928474426,0.6862999796867371
YBL040C,YNR032W,0,-3.5239084,0.09194337576627731,0.6949999928474426,0.6863999962806702
YBR296C,YNL047C,0,-3.5239816,0.09193121641874313,0.6949999928474426,0.6865000128746033
YJL014W,YOR080W,0,-3.524093,0.09191905707120895,0.6949999928474426,0.6866000294685364
YKR076W,YPR065W,0,-3.5240982,0.09190690517425537,0.6949999928474426,0.6866999864578247
YHR015W,YGL167C,0,-3.5242422,0.09189475327730179,0.6949999928474426,0.6868000030517578
YNL130C,YNL078W,0,-3.5242639,0.0918826013803482,0.6949999928474426,0.6869000196456909
YDR093W,YNR023W,0,-3.5247319,0.09187045693397522,0.6949999928474426,0.6869999766349792
YNL148C,YDR341C,0,-3.5247495,0.09185831248760223,0.6949999928474426,0.6870999932289124
YKL022C,YOL126C,0,-3.5248346,0.09184617549180984,0.6949999928474426,0.6872000098228455
YLR148W,YGL070C,1,-3.5248613,0.0919661745429039,0.6959999799728394,0.6872000098228455
YBL074C,YJR040W,0,-3.5248787,0.09195402264595032,0.6959999799728394,0.6873000264167786
YDL055C,YOR270C,0,-3.5249405,0.09194187819957733,0.6959999799728394,0.6873999834060669
YLR411W,YLR014C,0,-3.5250044,0.09192973375320435,0.6959999799728394,0.6875
YOR386W,YNL311C,0,-3.5250645,0.09191758930683136,0.6959999799728394,0.6876000165939331
YDL044C,YLR026C,0,-3.5250993,0.09190545231103897,0.6959999799728394,0.6876999735832214
YER045C,YHR170W,0,-3.5251944,0.09189332276582718,0.6959999799728394,0.6877999901771545
YJR052W,YDL185W,0,-3.5251987,0.09188118577003479,0.6959999799728394,0.6879000067710876
YFR050C,YLL021W,0,-3.525227,0.0918690636754036,0.6959999799728394,0.6880000233650208
YLR435W,YGL249W,0,-3.5252297,0.0918569341301918,0.6959999799728394,0.6880999803543091
YDR054C,YFL038C,0,-3.5252676,0.09184481203556061,0.6959999799728394,0.6881999969482422
YJL042W,YPL274W,0,-3.5253637,0.09183269739151001,0.6959999799728394,0.6883000135421753
YNR056C,YKR061W,0,-3.5254061,0.09182058274745941,0.6959999799728394,0.6883999705314636
YML007W,YNL263C,0,-3.5255203,0.09180846810340881,0.6959999799728394,0.6884999871253967
YDR183W,YCR018C,0,-3.5257394,0.09179636090993881,0.6959999799728394,0.6886000037193298
YNL274C,YNL188W,0,-3.525789,0.09178425371646881,0.6959999799728394,0.6887000203132629
YGR253C,YDR143C,0,-3.5258152,0.0917721539735794,0.6959999799728394,0.6887999773025513
YPL174C,YEL054C,0,-3.525851,0.09176005423069,0.6959999799728394,0.6888999938964844
YGR238C,YGR285C,0,-3.5259151,0.0917479544878006,0.6959999799728394,0.6890000104904175
YJR001W,YER154W,0,-3.5260017,0.09173586219549179,0.6959999799728394,0.6891000270843506
YER116C,YOL109W,1,-3.5260038,0.09185556322336197,0.6970000267028809,0.6891000270843506
YPR006C,YMR004W,0,-3.526025,0.09184345602989197,0.6970000267028809,0.6891999840736389
YGR057C,YGR104C,1,-3.5260928,0.09196311235427856,0.6980000138282776,0.6891999840736389
YAL003W,YNL009W,0,-3.5260928,0.09195099771022797,0.6980000138282776,0.689300000667572
YDR194C,YNL097C,0,-3.5261981,0.09193888306617737,0.6980000138282776,0.6894000172615051
YLR011W,YDR362C,0,-3.5262215,0.09192677587270737,0.6980000138282776,0.6894999742507935
YMR070W,YKL018W,1,-3.5262563,0.0920463502407074,0.6990000009536743,0.6894999742507935
YOR079C,YPR037C,0,-3.5263011,0.0920342355966568,0.6990000009536743,0.6895999908447266
YNR030W,YIL030C,0,-3.5264127,0.0920221135020256,0.6990000009536743,0.6897000074386597
YNL182C,YEL002C,0,-3.5264986,0.0920100063085556,0.6990000009536743,0.6898000240325928
YGL043W,YEL034W,0,-3.526512,0.091997891664505,0.6990000009536743,0.6898999810218811
YER045C,YOR201C,0,-3.5265653,0.091985784471035,0.6990000009536743,0.6899999976158142
YKL054C,YDR310C,1,-3.5265865,0.09210526198148727,0.699999988079071,0.6899999976158142
YKL012W,YOL031C,0,-3.5267894,0.09209314733743668,0.699999988079071,0.6901000142097473
YGL226C-A,YML005W,0,-3.5268993,0.09208103269338608,0.699999988079071,0.6901999711990356
YLR418C,YML001W,1,-3.5270913,0.09220045059919357,0.7009999752044678,0.6901999711990356
YKL144C,YCL032W,0,-3.527096,0.09218832105398178,0.7009999752044678,0.6902999877929688
YNL061W,YLR183C,0,-3.5271757,0.09217619895935059,0.7009999752044678,0.6904000043869019
YGR175C,YJL013C,0,-3.527259,0.09216408431529999,0.7009999752044678,0.690500020980835
YBR296C,YNL272C,0,-3.5273387,0.09215196222066879,0.7009999752044678,0.6905999779701233
YLR275W,YJL127C,0,-3.5274723,0.09213985502719879,0.7009999752044678,0.6906999945640564
YOR260W,YBR055C,0,-3.5276248,0.0921277403831482,0.7009999752044678,0.6908000111579895
YIR025W,YJL072C,0,-3.5276418,0.09211564064025879,0.7009999752044678,0.6909000277519226
YER177W,YOR136W,0,-3.5276453,0.09210353344678879,0.7009999752044678,0.6909999847412109
YKR037C,YPR095C,0,-3.5277088,0.09209143370389938,0.7009999752044678,0.691100001335144
YDL013W,YGR099W,1,-3.5277603,0.09221069514751434,0.7020000219345093,0.691100001335144
YKR026C,YDR386W,0,-3.5277889,0.09219858050346375,0.7020000219345093,0.6912000179290771
YNL021W,YNL163C,0,-3.5278387,0.09218647330999374,0.7020000219345093,0.6912999749183655
YNL084C,YOR140W,0,-3.5278616,0.09217436611652374,0.7020000219345093,0.6913999915122986
YBR173C,YMR077C,0,-3.5278823,0.09216226637363434,0.7020000219345093,0.6915000081062317
YGL209W,YOR115C,0,-3.5278928,0.09215017408132553,0.7020000219345093,0.6916000247001648
YOL026C,YGR141W,0,-3.5279877,0.09213807433843613,0.7020000219345093,0.6916999816894531
YML102W,YNL068C,0,-3.5279944,0.09212598204612732,0.7020000219345093,0.6917999982833862
YOL026C,YBL080C,0,-3.5280282,0.09211389720439911,0.7020000219345093,0.6919000148773193
YNL059C,YIL147C,0,-3.5281549,0.0921018123626709,0.7020000219345093,0.6919999718666077
YKL206C,YER028C,0,-3.5282052,0.09208972752094269,0.7020000219345093,0.6920999884605408
YDL192W,YPL065W,1,-3.5282228,0.09220881760120392,0.703000009059906,0.6920999884605408
YBL008W,YDL135C,0,-3.5283525,0.09219671785831451,0.703000009059906,0.6922000050544739
YFR009W,YOR259C,0,-3.5284023,0.0921846330165863,0.703000009059906,0.692300021648407
YBR121C,YPL218W,0,-3.5285306,0.0921725481748581,0.703000009059906,0.6923999786376953
YLR051C,YMR241W,0,-3.528637,0.09216046333312988,0.703000009059906,0.6924999952316284
YHL040C,YPL190C,0,-3.5286922,0.09214837849140167,0.703000009059906,0.6926000118255615
YGL257C,YOR321W,0,-3.5287185,0.09213630110025406,0.703000009059906,0.6927000284194946
YGR256W,YLR106C,0,-3.5287373,0.09212423115968704,0.703000009059906,0.692799985408783
YNL059C,YJL124C,0,-3.5287626,0.09211216121912003,0.703000009059906,0.6929000020027161
YPR093C,YNL214W,0,-3.528949,0.09210009127855301,0.703000009059906,0.6930000185966492
YLR201C,YCR033W,0,-3.5289595,0.09208802878856659,0.703000009059906,0.6930999755859375
YGL155W,YMR047C,0,-3.5290358,0.09207596629858017,0.703000009059906,0.6931999921798706
YKR083C,YOR354C,0,-3.5291135,0.09206391125917435,0.703000009059906,0.6933000087738037
YLR011W,YOR140W,0,-3.5292299,0.09205185621976852,0.703000009059906,0.6934000253677368
YNL259C,YDR303C,0,-3.5292432,0.0920398011803627,0.703000009059906,0.6934999823570251
YOR198C,YBR015C,0,-3.5293067,0.09202775359153748,0.703000009059906,0.6935999989509583
YGL201C,YLL013C,0,-3.5293934,0.09201570600271225,0.703000009059906,0.6937000155448914
YGR175C,YDR303C,0,-3.5294654,0.09200366586446762,0.703000009059906,0.6937999725341797
YDR191W,YGL192W,0,-3.5295074,0.09199162572622299,0.703000009059906,0.6938999891281128
YLR113W,YDL188C,0,-3.5297415,0.09197958558797836,0.703000009059906,0.6940000057220459
YLR330W,YLR006C,0,-3.5298765,0.09196755290031433,0.703000009059906,0.694100022315979
YCL055W,YLL003W,0,-3.5300076,0.0919555276632309,0.703000009059906,0.6941999793052673
YKR083C,YMR022W,0,-3.5300534,0.09194350242614746,0.703000009059906,0.6942999958992004
YIR017C,YKL119C,0,-3.530081,0.09193147718906403,0.703000009059906,0.6944000124931335
YGR224W,YJL214W,0,-3.5300949,0.09191945940256119,0.703000009059906,0.6945000290870667
YMR186W,YOL109W,1,-3.5301197,0.09203817695379257,0.7039999961853027,0.6945000290870667
YPL228W,YKL197C,0,-3.530332,0.09202614426612854,0.7039999961853027,0.694599986076355
YDR118W,YGR145W,0,-3.5305448,0.0920141190290451,0.7039999961853027,0.6947000026702881
YDL078C,YGR077C,0,-3.530557,0.09200209379196167,0.7039999961853027,0.6948000192642212
YLR060W,YPR188C,0,-3.530688,0.09199006855487823,0.7039999961853027,0.6948999762535095
YPL156C,YEL013W,0,-3.5308306,0.0919780507683754,0.7039999961853027,0.6949999928474426
YMR137C,YNL302C,0,-3.530905,0.09196603298187256,0.7039999961853027,0.6951000094413757
YNL329C,YDR120C,0,-3.5309324,0.09195402264595032,0.7039999961853027,0.6952000260353088
YDL230W,YPR191W,0,-3.5309901,0.09194201231002808,0.7039999961853027,0.6952999830245972
YLR246W,YGR121C,0,-3.5310614,0.09193000942468643,0.7039999961853027,0.6953999996185303
YJR040W,YIL084C,0,-3.5311625,0.09191800653934479,0.7039999961853027,0.6955000162124634
YGL065C,YGR097W,0,-3.5311887,0.09190600365400314,0.7039999961853027,0.6955999732017517
YBR155W,YOL066C,0,-3.5312762,0.0918940082192421,0.7039999961853027,0.6956999897956848
YBL105C,YBL052C,0,-3.5312872,0.09188201278448105,0.7039999961853027,0.6958000063896179
YCR010C,YBR254C,0,-3.5313442,0.0918700248003006,0.7039999961853027,0.695900022983551
YML058W,YEL031W,0,-3.5313876,0.09185803681612015,0.7039999961853027,0.6959999799728394
YBR279W,YOL138C,1,-3.5314791,0.09197651594877243,0.7049999833106995,0.6959999799728394
YDR483W,YHR070W,0,-3.531554,0.09196452051401138,0.7049999833106995,0.6960999965667725
YMR288W,YPL156C,0,-3.5315778,0.09195252507925034,0.7049999833106995,0.6962000131607056
YPL244C,YEL002C,0,-3.5317233,0.09194052964448929,0.7049999833106995,0.6963000297546387
YDR118W,YOL144W,0,-3.5317252,0.09192854166030884,0.7049999833106995,0.696399986743927
YNL004W,YMR314W,0,-3.531747,0.09191656112670898,0.7049999833106995,0.6965000033378601
YER169W,YAR008W,0,-3.5317554,0.09190457314252853,0.7049999833106995,0.6966000199317932
YDR309C,YKL035W,0,-3.5318391,0.09189260005950928,0.7049999833106995,0.6966999769210815
YLR144C,YJL013C,0,-3.531842,0.09188061952590942,0.7049999833106995,0.6967999935150146
YNL048W,YGR178C,0,-3.5318542,0.09186864644289017,0.7049999833106995,0.6969000101089478
YLR453C,YPL002C,1,-3.5319803,0.09198696911334991,0.7059999704360962,0.6969000101089478
YDL046W,YCR014C,0,-3.532001,0.09197498857975006,0.7059999704360962,0.6970000267028809
YPR176C,YEL051W,0,-3.532019,0.09196300804615021,0.7059999704360962,0.6970999836921692
YLR028C,YGR252W,0,-3.532056,0.09195102751255035,0.7059999704360962,0.6972000002861023
YNL039W,YGL144C,0,-3.5321171,0.0919390544295311,0.7059999704360962,0.6973000168800354
YFL024C,YML019W,0,-3.5321257,0.09192708134651184,0.7059999704360962,0.6973999738693237
YDL198C,YML052W,0,-3.5322332,0.09191511571407318,0.7059999704360962,0.6974999904632568
YNL232W,YPL096W,0,-3.5322688,0.09190315008163452,0.7059999704360962,0.6976000070571899
YLR044C,YMR216C,0,-3.532286,0.09189119189977646,0.7059999704360962,0.697700023651123
YNL135C,YLL043W,0,-3.5323355,0.0918792262673378,0.7059999704360962,0.6977999806404114
YMR033W,YBR004C,0,-3.5323784,0.09186727553606033,0.7059999704360962,0.6978999972343445
YMR172W,YER042W,0,-3.53245,0.09185532480478287,0.7059999704360962,0.6980000138282776
YDL164C,YCR053W,0,-3.5326297,0.0918433740735054,0.7059999704360962,0.6980999708175659
YMR184W,YER088C,0,-3.5326393,0.09183142334222794,0.7059999704360962,0.698199987411499
YLR368W,YFL005W,0,-3.532682,0.09181948006153107,0.7059999704360962,0.6983000040054321
YNR059W,YOR332W,0,-3.5326974,0.0918075442314148,0.7059999704360962,0.6984000205993652
YIL034C,YGL155W,0,-3.532957,0.09179560840129852,0.7059999704360962,0.6984999775886536
YFR046C,YFR029W,0,-3.5330768,0.09178367257118225,0.7059999704360962,0.6985999941825867
YKL170W,YKL018W,1,-3.533099,0.09190172702074051,0.7070000171661377,0.6985999941825867
YPR105C,YNL325C,0,-3.5331087,0.09188978374004364,0.7070000171661377,0.6987000107765198
YIL034C,YDR201W,0,-3.5331094,0.09187784045934677,0.7070000171661377,0.6988000273704529
YGL219C,YMR234W,0,-3.5331888,0.0918659046292305,0.7070000171661377,0.6988999843597412
YLR039C,YDL185W,0,-3.5331967,0.09185396879911423,0.7070000171661377,0.6990000009536743
YNL059C,YLL009C,0,-3.5332263,0.09184204041957855,0.7070000171661377,0.6991000175476074
YPL115C,YCL031C,0,-3.5332556,0.09183010458946228,0.7070000171661377,0.6991999745368958
YGL257C,YDL106C,0,-3.533323,0.0918181836605072,0.7070000171661377,0.6992999911308289
YOL078W,YPR141C,0,-3.5334253,0.09180625528097153,0.7070000171661377,0.699400007724762
YGR103W,YGR172C,0,-3.5335238,0.09179434180259705,0.7070000171661377,0.6995000243186951
YMR022W,YOR063W,0,-3.5335486,0.09178242087364197,0.7070000171661377,0.6995999813079834
YBR035C,YDR495C,1,-3.5337808,0.0919003114104271,0.7080000042915344,0.6995999813079834
YMR301C,YFL060C,0,-3.533858,0.09188838303089142,0.7080000042915344,0.6996999979019165
YMR312W,YMR272C,0,-3.5340173,0.09187646210193634,0.7080000042915344,0.6998000144958496
YBR131W,YOR168W,0,-3.5340745,0.09186454117298126,0.7080000042915344,0.6998999714851379
YPL164C,YNL310C,0,-3.5341213,0.09185262024402618,0.7080000042915344,0.699999988079071
YHR187W,YJL094C,0,-3.534159,0.0918407067656517,0.7080000042915344,0.7001000046730042
YLL002W,YBL011W,0,-3.5342147,0.09182879328727722,0.7080000042915344,0.7002000212669373
YNR010W,YGL111W,0,-3.534386,0.09181688725948334,0.7080000042915344,0.7002999782562256
YPR171W,YDR345C,0,-3.5344355,0.09180498123168945,0.7080000042915344,0.7003999948501587
YIR037W,YPL082C,0,-3.5345228,0.09179307520389557,0.7080000042915344,0.7005000114440918
YDR110W,YOR270C,0,-3.5345376,0.09178117662668228,0.7080000042915344,0.7006000280380249
YOR211C,YIL063C,0,-3.5347064,0.091769278049469,0.7080000042915344,0.7006999850273132
YOR008C,YER005W,0,-3.5347526,0.0917573869228363,0.7080000042915344,0.7008000016212463
YKL059C,YDL235C,0,-3.5347674,0.09174549579620361,0.7080000042915344,0.7009000182151794
YJL060W,YDR385W,0,-3.5349574,0.09173361212015152,0.7080000042915344,0.7009999752044678
YMR319C,YBR256C,0,-3.53498,0.09172172844409943,0.7080000042915344,0.7010999917984009
YKL007W,YHR186C,0,-3.5351107,0.09170984476804733,0.7080000042915344,0.701200008392334
YMR309C,YMR095C,0,-3.5351212,0.09169796854257584,0.7080000042915344,0.7013000249862671
YDL013W,YCR020W-B,1,-3.5351284,0.09181559085845947,0.7089999914169312,0.7013000249862671
YJR108W,YIL084C,0,-3.5351346,0.09180369973182678,0.7089999914169312,0.7013999819755554
YGR167W,YGL205W,0,-3.535138,0.09179181605577469,0.7089999914169312,0.7014999985694885
YMR161W,YNL163C,0,-3.5351603,0.0917799323797226,0.7089999914169312,0.7016000151634216
YBL019W,YOR201C,0,-3.535172,0.0917680561542511,0.7089999914169312,0.70169997215271
YMR301C,YFL049W,0,-3.535178,0.0917561799287796,0.7089999914169312,0.7017999887466431
YNL231C,YDR381W,0,-3.535292,0.0917443037033081,0.7089999914169312,0.7019000053405762
YOL077W-A,YIL008W,0,-3.5354078,0.0917324349284172,0.7089999914169312,0.7020000219345093
YGL175C,YPR182W,0,-3.5354512,0.0917205661535263,0.7089999914169312,0.7020999789237976
YJR004C,YIL105C,0,-3.5354598,0.091708704829216,0.7089999914169312,0.7021999955177307
YJL110C,YPR191W,0,-3.5355093,0.0916968435049057,0.7089999914169312,0.7023000121116638
YDL045C,YNL128W,0,-3.5356257,0.091684989631176,0.7089999914169312,0.7024000287055969
YKR097W,YOL003C,0,-3.5356715,0.09167312830686569,0.7089999914169312,0.7024999856948853
YIL009C-A,YOR322C,1,-3.535676,0.0917905643582344,0.7099999785423279,0.7024999856948853
YDL024C,YGL098W,0,-3.5357153,0.0917786955833435,0.7099999785423279,0.7026000022888184
YPL228W,YLR398C,0,-3.535762,0.0917668342590332,0.7099999785423279,0.7027000188827515
YEL022W,YML058W,0,-3.5357845,0.0917549729347229,0.7099999785423279,0.7027999758720398
YOL031C,YDL201W,0,-3.5358264,0.0917431190609932,0.7099999785423279,0.7028999924659729
YFL009W,YPR155C,0,-3.5358949,0.09173126518726349,0.7099999785423279,0.703000009059906
YER032W,YJL061W,0,-3.5359504,0.09171941876411438,0.7099999785423279,0.7031000256538391
YNR060W,YDR517W,0,-3.53599,0.09170757234096527,0.7099999785423279,0.7031999826431274
YBR192W,YNL167C,0,-3.536075,0.09169572591781616,0.7099999785423279,0.7032999992370605
YLR214W,YNL093W,0,-3.5360782,0.09168388694524765,0.7099999785423279,0.7034000158309937
YKR055W,YLR033W,0,-3.5360801,0.09167204797267914,0.7099999785423279,0.703499972820282
YDR167W,YPL020C,0,-3.5360916,0.09166020900011063,0.7099999785423279,0.7035999894142151
YPR025C,YDR303C,0,-3.5363038,0.09164837747812271,0.7099999785423279,0.7037000060081482
YPL170W,YNR011C,0,-3.5363405,0.0916365534067154,0.7099999785423279,0.7038000226020813
YMR119W,YJL187C,0,-3.5363908,0.09162472933530807,0.7099999785423279,0.7038999795913696
YBR164C,YDR126W,0,-3.536404,0.09161290526390076,0.7099999785423279,0.7039999961853027
YNL199C,YDR218C,0,-3.5364258,0.09160108119249344,0.7099999785423279,0.7041000127792358
YIR008C,YOL006C,0,-3.5364273,0.09158926457166672,0.7099999785423279,0.704200029373169
YDL013W,YKR059W,1,-3.5364463,0.09170643985271454,0.7110000252723694,0.704200029373169
YBR107C,YDR081C,0,-3.5365703,0.09169460833072662,0.7110000252723694,0.7042999863624573
YHR148W,YHR039C,0,-3.536731,0.0916827842593193,0.7110000252723694,0.7044000029563904
YNR043W,YOR103C,0,-3.5367327,0.09167096763849258,0.7110000252723694,0.7045000195503235
YDR272W,YDR217C,0,-3.5367858,0.09165914356708527,0.7110000252723694,0.7045999765396118
YML069W,YKL006C-A,0,-3.5369852,0.09164733439683914,0.7110000252723694,0.7046999931335449
YCR107W,YGL005C,0,-3.5371172,0.09163551777601242,0.7110000252723694,0.704800009727478
YIL142W,YMR097C,0,-3.537282,0.0916237086057663,0.7110000252723694,0.7049000263214111
YPL061W,YKL041W,0,-3.5374289,0.09161190688610077,0.7110000252723694,0.7049999833106995
YJR013W,YPL167C,0,-3.5374331,0.09160010516643524,0.7110000252723694,0.7050999999046326
YIL065C,YGL014W,0,-3.537469,0.09158830344676971,0.7110000252723694,0.7052000164985657
YHR175W,YKL017C,0,-3.5374782,0.09157650917768478,0.7110000252723694,0.705299973487854
YCL026C-A,YDR207C,0,-3.5375004,0.09156471490859985,0.7110000252723694,0.7053999900817871
YIR041W,YFR050C,0,-3.5376635,0.09155292063951492,0.7110000252723694,0.7055000066757202
YKL165C,YGR152C,0,-3.5376916,0.09154113382101059,0.7110000252723694,0.7056000232696533
YDR252W,YJR049C,0,-3.5377069,0.09152935445308685,0.7110000252723694,0.7056999802589417
YCR047C,YJL143W,0,-3.537719,0.09151756763458252,0.7110000252723694,0.7057999968528748
YNL101W,YJL100W,0,-3.5378206,0.09150578826665878,0.7110000252723694,0.7059000134468079
YHR163W,YER082C,0,-3.537955,0.09149401634931564,0.7110000252723694,0.7059999704360962
YOL144W,YBR083W,0,-3.53808,0.0914822444319725,0.7110000252723694,0.7060999870300293
YLL050C,YMR036C,0,-3.538086,0.09147047251462936,0.7110000252723694,0.7062000036239624
YHL047C,YMR129W,0,-3.5381,0.09145870804786682,0.7110000252723694,0.7063000202178955
YOR150W,YDR325W,0,-3.5381515,0.09144694358110428,0.7110000252723694,0.7063999772071838
YOL065C,YDR356W,0,-3.538338,0.09143518656492233,0.7110000252723694,0.7064999938011169
YJL117W,YOL097C,0,-3.5386083,0.09142342954874039,0.7110000252723694,0.70660001039505
YGR227W,YNL188W,0,-3.5387468,0.09141167253255844,0.7110000252723694,0.7067000269889832
YIL013C,YHR062C,0,-3.5389583,0.09139992296695709,0.7110000252723694,0.7067999839782715
YPR065W,YDR143C,0,-3.5389998,0.09138817340135574,0.7110000252723694,0.7069000005722046
YGL047W,YBR155W,0,-3.539086,0.09137643128633499,0.7110000252723694,0.7070000171661377
YDL056W,YGL067W,0,-3.5392382,0.09136468917131424,0.7110000252723694,0.707099974155426
YPL209C,YDR037W,0,-3.5393808,0.09135294705629349,0.7110000252723694,0.7071999907493591
YJL099W,YNL286W,0,-3.539535,0.09134121239185333,0.7110000252723694,0.7073000073432922
YDR224C,YGR141W,0,-3.5396502,0.09132947772741318,0.7110000252723694,0.7074000239372253
YBR035C,YMR263W,1,-3.5396674,0.09144618362188339,0.7120000123977661,0.7074000239372253
YOR373W,YOR254C,0,-3.539676,0.09143444150686264,0.7120000123977661,0.7074999809265137
YPL097W,YPL174C,0,-3.5397012,0.09142269939184189,0.7120000123977661,0.7075999975204468
YKL101W,YPR108W,0,-3.5397575,0.09141096472740173,0.7120000123977661,0.7077000141143799
YDL100C,YGR285C,0,-3.5398662,0.09139923006296158,0.7120000123977661,0.7077999711036682
YBR095C,YOR081C,0,-3.5398715,0.09138749539852142,0.7120000123977661,0.7078999876976013
YBR193C,YPL274W,0,-3.5398772,0.09137576818466187,0.7120000123977661,0.7080000042915344
YDL197C,YOL089C,0,-3.5400608,0.09136404097080231,0.7120000123977661,0.7081000208854675
YLR155C,YOL069W,0,-3.540168,0.09135232120752335,0.7120000123977661,0.7081999778747559
YMR163C,YDR359C,0,-3.5402567,0.09134060144424438,0.7120000123977661,0.708299994468689
YGL256W,YJR066W,0,-3.5402882,0.09132888913154602,0.7120000123977661,0.7084000110626221
YOR116C,YEL002C,0,-3.5403736,0.09131717681884766,0.7120000123977661,0.7085000276565552
YAL012W,YOR245C,0,-3.5404217,0.09130546450614929,0.7120000123977661,0.7085999846458435
YOR034C,YER178W,0,-3.5404866,0.09129375219345093,0.7120000123977661,0.7087000012397766
YDL192W,YDR499W,1,-3.540527,0.09141025692224503,0.7129999995231628,0.7087000012397766
YPL218W,YDR312W,0,-3.5405455,0.09139853715896606,0.7129999995231628,0.7088000178337097
YHR118C,YFL038C,0,-3.540777,0.0913868248462677,0.7129999995231628,0.708899974822998
YPL208W,YDR165W,0,-3.5408094,0.09137511253356934,0.7129999995231628,0.7089999914169312
YDR158W,YKR052C,0,-3.5409067,0.09136340022087097,0.7129999995231628,0.7091000080108643
YDR384C,YML052W,0,-3.5409305,0.0913516953587532,0.7129999995231628,0.7092000246047974
YBR143C,YDL058W,0,-3.5409794,0.09133999794721603,0.7129999995231628,0.7092999815940857
YDR198C,YDR359C,0,-3.5409818,0.09132829308509827,0.7129999995231628,0.7093999981880188
YNL136W,YLR265C,0,-3.5410101,0.0913165956735611,0.7129999995231628,0.7095000147819519
YHR170W,YIL138C,0,-3.541165,0.09130490571260452,0.7129999995231628,0.7095999717712402
YPR111W,YER019C-A,0,-3.5412428,0.09129321575164795,0.7129999995231628,0.7096999883651733
YCR028C,YPL164C,0,-3.54127,0.09128152579069138,0.7129999995231628,0.7098000049591064
YMR183C,YML007W,0,-3.5413425,0.0912698432803154,0.7129999995231628,0.7099000215530396
YER068W,YOL138C,1,-3.5415142,0.09138615429401398,0.7139999866485596,0.7099000215530396
YPL078C,YML059C,0,-3.5415494,0.0913744568824768,0.7139999866485596,0.7099999785423279
YML006C,YAR031W,0,-3.541639,0.09136276692152023,0.7139999866485596,0.710099995136261
YDL045C,YDR116C,0,-3.541694,0.09135107696056366,0.7139999866485596,0.7102000117301941
YBR121C,YDR303C,0,-3.54178,0.09133938699960709,0.7139999866485596,0.7103000283241272
YEL056W,YLR003C,0,-3.5419066,0.09132770448923111,0.7139999866485596,0.7103999853134155
YDR191W,YPL239W,0,-3.5419223,0.09131602197885513,0.7139999866485596,0.7105000019073486
YKL043W,YGL126W,0,-3.541989,0.09130434691905975,0.7139999866485596,0.7106000185012817
YGL068W,YHR060W,0,-3.542073,0.09129267185926437,0.7139999866485596,0.7106999754905701
YEL053C,YPL031C,1,-3.5421293,0.09140884876251221,0.7149999737739563,0.7106999754905701
YHR001W-A,YLR055C,0,-3.5421503,0.09139715880155563,0.7149999737739563,0.7107999920845032
YOR078W,YML001W,1,-3.5421755,0.09151329100131989,0.7160000205039978,0.7107999920845032
YLR145W,YLR183C,0,-3.5422683,0.09150160104036331,0.7160000205039978,0.7109000086784363
YHL038C,YLR022C,0,-3.5422986,0.09148990362882614,0.7160000205039978,0.7110000252723694
YDL002C,YDL216C,0,-3.5423915,0.09147821366786957,0.7160000205039978,0.7110999822616577
YGL251C,YCL004W,0,-3.5423942,0.09146653115749359,0.7160000205039978,0.7111999988555908
YCL059C,YDR076W,0,-3.5424175,0.09145484864711761,0.7160000205039978,0.7113000154495239
YGR040W,YIL039W,0,-3.5424967,0.09144316613674164,0.7160000205039978,0.7113999724388123
YJR139C,YGR007W,0,-3.542517,0.09143149107694626,0.7160000205039978,0.7114999890327454
YHR001W,YGR213C,0,-3.5425646,0.09141981601715088,0.7160000205039978,0.7116000056266785
YPR201W,YDR515W,0,-3.5426233,0.0914081484079361,0.7160000205039978,0.7117000222206116
YML094W,YIR041W,0,-3.542637,0.09139647334814072,0.7160000205039978,0.7117999792098999
YGL254W,YAL030W,0,-3.5426395,0.09138481318950653,0.7160000205039978,0.711899995803833
YPR068C,YGR213C,0,-3.5427206,0.09137315303087234,0.7160000205039978,0.7120000123977661
YBL033C,YPR074C,0,-3.5427597,0.09136149287223816,0.7160000205039978,0.7121000289916992
YGR175C,YJR144W,0,-3.5427606,0.09134983271360397,0.7160000205039978,0.7121999859809875
YIR010W,YPL020C,0,-3.5427659,0.09133818000555038,0.7160000205039978,0.7123000025749207
YHL003C,YGL129C,0,-3.5429475,0.0913265272974968,0.7160000205039978,0.7124000191688538
YKL170W,YHL020C,1,-3.543028,0.09144242107868195,0.7170000076293945,0.7124000191688538
YER045C,YOR084W,0,-3.543047,0.09143076092004776,0.7170000076293945,0.7124999761581421
YPR154W,YPL133C,0,-3.5430825,0.09141910076141357,0.7170000076293945,0.7125999927520752
YGL086W,YMR270C,0,-3.5431151,0.09140744805335999,0.7170000076293945,0.7127000093460083
YDR470C,YLR130C,0,-3.5431268,0.0913957953453064,0.7170000076293945,0.7128000259399414
YDR264C,YER109C,0,-3.5431497,0.09138414263725281,0.7170000076293945,0.7128999829292297
YBL017C,YBR087W,0,-3.5431817,0.09137249737977982,0.7170000076293945,0.7129999995231628
YDR424C,YDR225W,0,-3.5433567,0.09136085957288742,0.7170000076293945,0.713100016117096
YKL203C,YMR241W,0,-3.5433638,0.09134921431541443,0.7170000076293945,0.7131999731063843
YDR404C,YDR469W,0,-3.5434332,0.09133757650852203,0.7170000076293945,0.7132999897003174
YDR256C,YNL258C,0,-3.5435956,0.09132594615221024,0.7170000076293945,0.7134000062942505
YJL129C,YML001W,1,-3.5436404,0.09144166857004166,0.7179999947547913,0.7134000062942505
YNL037C,YDR436W,0,-3.54376,0.09143002331256866,0.7179999947547913,0.7135000228881836
YJR004C,YBR173C,0,-3.5437872,0.09141838550567627,0.7179999947547913,0.7135999798774719
YBR278W,YOL026C,0,-3.5440223,0.09140674769878387,0.7179999947547913,0.713699996471405
YDL143W,YLR430W,0,-3.5440695,0.09139510989189148,0.7179999947547913,0.7138000130653381
YIR025W,YHR008C,0,-3.5440757,0.09138347953557968,0.7179999947547913,0.7139000296592712
YKL093W,YOR106W,0,-3.5440829,0.09137184917926788,0.7179999947547913,0.7139999866485596
YPR051W,YHL011C,1,-3.544202,0.09148746728897095,0.718999981880188,0.7139999866485596
YNL142W,YKR031C,0,-3.544299,0.09147582948207855,0.718999981880188,0.7141000032424927
YJR121W,YBL023C,0,-3.5443418,0.09146419167518616,0.718999981880188,0.7142000198364258
YOL027C,YMR013C,0,-3.5443668,0.09145255386829376,0.718999981880188,0.7142999768257141
YLL035W,YBL007C,0,-3.544492,0.09144092351198196,0.718999981880188,0.7143999934196472
YDR069C,YLR357W,1,-3.544615,0.09155645966529846,0.7200000286102295,0.7143999934196472
YAL020C,YOR143C,0,-3.5446174,0.09154482185840607,0.7200000286102295,0.7145000100135803
YLR405W,YDR071C,0,-3.5450068,0.09153318405151367,0.7200000286102295,0.7146000266075134
YOR388C,YMR293C,0,-3.5450363,0.09152154624462128,0.7200000286102295,0.7146999835968018
YKL084W,YIL023C,0,-3.5451512,0.09150991588830948,0.7200000286102295,0.7148000001907349
YGL192W,YDR324C,0,-3.5451634,0.09149828553199768,0.7200000286102295,0.714900016784668
YOR173W,YAL003W,0,-3.5452783,0.09148665517568588,0.7200000286102295,0.7149999737739563
YMR042W,YAR033W,0,-3.545355,0.09147503226995468,0.7200000286102295,0.7150999903678894
YLR013W,YDR167W,0,-3.5454557,0.09146341681480408,0.7200000286102295,0.7152000069618225
YDR071C,YER075C,0,-3.545709,0.09145179390907288,0.7200000286102295,0.7153000235557556
YJL146W,YGL169W,0,-3.5457127,0.09144018590450287,0.7200000286102295,0.715399980545044
YPL232W,YMR236W,0,-3.5457957,0.09142857044935226,0.7200000286102295,0.715499997138977
YIL010W,YLR067C,0,-3.5458577,0.09141696244478226,0.7200000286102295,0.7156000137329102
YHR001W,YIL016W,0,-3.545973,0.09140535444021225,0.7200000286102295,0.7156999707221985
YLR376C,YJL080C,0,-3.5459993,0.09139375388622284,0.7200000286102295,0.7157999873161316
YDL035C,YOL156W,0,-3.5461438,0.09138215333223343,0.7200000286102295,0.7159000039100647
YMR301C,YPR140W,0,-3.5461547,0.09137056022882462,0.7200000286102295,0.7160000205039978
YNL041C,YJR093C,0,-3.5461824,0.0913589671254158,0.7200000286102295,0.7160999774932861
YOL130W,YEL037C,0,-3.5463853,0.09134737402200699,0.7200000286102295,0.7161999940872192
YPL146C,YKR055W,0,-3.546525,0.09133578836917877,0.7200000286102295,0.7163000106811523
YLR390W-A,YBL032W,1,-3.5465443,0.09145104140043259,0.7210000157356262,0.7163000106811523
YLR453C,YLR150W,1,-3.546584,0.09156626462936401,0.722000002861023,0.7163000106811523
YPR122W,YHR107C,0,-3.546639,0.091554656624794,0.722000002861023,0.7164000272750854
YDL207W,YPL053C,0,-3.546663,0.091543048620224,0.722000002861023,0.7164999842643738
YGR007W,YMR285C,0,-3.5467126,0.09153144061565399,0.722000002861023,0.7166000008583069
YAR015W,YHR014W,0,-3.5468538,0.09151984006166458,0.722000002861023,0.71670001745224
YOR299W,YDR172W,0,-3.5468986,0.09150823950767517,0.722000002861023,0.7167999744415283
YLR131C,YGL167C,0,-3.5469148,0.09149663895368576,0.722000002861023,0.7168999910354614
YGR288W,YOR359W,0,-3.5469196,0.09148504585027695,0.722000002861023,0.7170000076293945
YOL165C,YKL007W,0,-3.546987,0.09147346019744873,0.722000002861023,0.7171000242233276
YHR085W,YIL014W,0,-3.5470054,0.09146186709403992,0.722000002861023,0.717199981212616
YML031W,YLR265C,0,-3.5470154,0.0914502814412117,0.722000002861023,0.7172999978065491
YOL094C,YHR031C,0,-3.547054,0.09143870323896408,0.722000002861023,0.7174000144004822
YGR252W,YNL119W,0,-3.5471687,0.09142712503671646,0.722000002861023,0.7174999713897705
YMR065W,YHR143W-A,0,-3.5472238,0.09141554683446884,0.722000002861023,0.7175999879837036
YGR007W,YBR183W,0,-3.5472386,0.09140397608280182,0.722000002861023,0.7177000045776367
YCR038C,YPL019C,0,-3.5473802,0.0913924053311348,0.722000002861023,0.7178000211715698
YPL255W,YNL227C,0,-3.5473888,0.09138083457946777,0.722000002861023,0.7178999781608582
YMR298W,YNR048W,0,-3.5474029,0.09136927127838135,0.722000002861023,0.7179999947547913
YLR170C,YGR249W,0,-3.5474212,0.09135771542787552,0.722000002861023,0.7181000113487244
YPL266W,YJR086W,0,-3.5475166,0.09134615212678909,0.722000002861023,0.7182000279426575
YIL004C,YML029W,0,-3.5475347,0.09133459627628326,0.722000002861023,0.7182999849319458
YDR101C,YDR143C,0,-3.5475905,0.09132304787635803,0.722000002861023,0.7184000015258789
YIL002C,YOR150W,0,-3.5476797,0.0913114994764328,0.722000002861023,0.718500018119812
YJL100W,YPL180W,0,-3.5477316,0.09129995107650757,0.722000002861023,0.7185999751091003
YMR199W,YHR079C,0,-3.5478268,0.09128840267658234,0.722000002861023,0.7186999917030334
YDL035C,YPL234C,0,-3.5478568,0.0912768617272377,0.722000002861023,0.7188000082969666
YMR303C,YFL026W,0,-3.5479972,0.09126532822847366,0.722000002861023,0.7189000248908997
YGL017W,YKL074C,0,-3.5481534,0.09125379472970963,0.722000002861023,0.718999981880188
YBL019W,YFR028C,0,-3.5481596,0.09124226123094559,0.722000002861023,0.7190999984741211
YOL011W,YDL225W,0,-3.5484252,0.09123072773218155,0.722000002861023,0.7192000150680542
YBL046W,YKL119C,0,-3.5484254,0.09121920168399811,0.722000002861023,0.7192999720573425
YJL208C,YBR082C,0,-3.5484722,0.09120768308639526,0.722000002861023,0.7193999886512756
YMR277W,YKL040C,0,-3.5485122,0.09119615703821182,0.722000002861023,0.7195000052452087
YGR216C,YLR071C,0,-3.5485308,0.09118464589118958,0.722000002861023,0.7196000218391418
YJR077C,YLR378C,0,-3.5485847,0.09117312729358673,0.722000002861023,0.7196999788284302
YJL110C,YDR303C,0,-3.5486863,0.09116161614656448,0.722000002861023,0.7197999954223633
YDR437W,YCR066W,0,-3.5487683,0.09115010499954224,0.722000002861023,0.7199000120162964
YCR098C,YKL041W,0,-3.5488102,0.09113860130310059,0.722000002861023,0.7200000286102295
YJL106W,YJR144W,0,-3.5488188,0.09112709760665894,0.722000002861023,0.7200999855995178
YDR292C,YNL244C,0,-3.5488338,0.09111560136079788,0.722000002861023,0.7202000021934509
YOL133W,YKR097W,0,-3.5488565,0.09110409766435623,0.722000002861023,0.720300018787384
YOR028C,YOL145C,0,-3.5490227,0.09109260886907578,0.722000002861023,0.7203999757766724
YMR035W,YDL224C,0,-3.5490992,0.09108111262321472,0.722000002861023,0.7204999923706055
YKL108W,YBR082C,0,-3.5491354,0.09106962382793427,0.722000002861023,0.7206000089645386
YBR247C,YAL005C,0,-3.5491502,0.0910581424832344,0.722000002861023,0.7207000255584717
YLR191W,YER129W,0,-3.5492175,0.09104666113853455,0.722000002861023,0.72079998254776
YLR078C,YML055W,0,-3.5492551,0.09103517979383469,0.722000002861023,0.7208999991416931
YGL257C,YNL129W,0,-3.549295,0.09102369844913483,0.722000002861023,0.7210000157356262
YPL031C,YLR357W,1,-3.5493133,0.09113828092813492,0.7229999899864197,0.7210000157356262
YEL061C,YCR057C,0,-3.5494816,0.09112679958343506,0.7229999899864197,0.7210999727249146
YMR213W,YNL012W,0,-3.5495737,0.0911153107881546,0.7229999899864197,0.7211999893188477
YKL152C,YHR031C,0,-3.5497553,0.09110382944345474,0.7229999899864197,0.7213000059127808
YOR320C,YOL006C,0,-3.5497663,0.09109235554933548,0.7229999899864197,0.7214000225067139
YHR053C,YJL141C,0,-3.5499756,0.09108087420463562,0.7229999899864197,0.7214999794960022
YDR272W,YDL046W,0,-3.5500257,0.09106940776109695,0.7229999899864197,0.7215999960899353
YLR459W,YCR072C,0,-3.550049,0.09105793386697769,0.7229999899864197,0.7217000126838684
YOR232W,YLR066W,0,-3.5500662,0.09104646742343903,0.7229999899864197,0.7218000292778015
YBL085W,YLR043C,0,-3.5500712,0.09103500097990036,0.7229999899864197,0.7218999862670898
YLR220W,YOL108C,0,-3.5500944,0.09102354198694229,0.7229999899864197,0.722000002861023
YLL031C,YOR359W,0,-3.5501187,0.09101208299398422,0.7229999899864197,0.722100019454956
YDR295C,YKL170W,1,-3.550119,0.09112649410963058,0.7239999771118164,0.722100019454956
YLR330W,YDR096W,0,-3.5501764,0.09111502766609192,0.7239999771118164,0.7221999764442444
YLR085C,YMR021C,0,-3.550196,0.09110356122255325,0.7239999771118164,0.7222999930381775
YGR284C,YNL139C,0,-3.550213,0.09109210222959518,0.7239999771118164,0.7224000096321106
YBR038W,YJR045C,0,-3.5503492,0.09108063578605652,0.7239999771118164,0.7225000262260437
YDL178W,YMR065W,0,-3.5503957,0.09106918424367905,0.7239999771118164,0.722599983215332
YDL245C,YJR044C,0,-3.5504425,0.09105772525072098,0.7239999771118164,0.7226999998092651
YOR209C,YER149C,0,-3.5504777,0.0910462811589241,0.7239999771118164,0.7228000164031982
YPL118W,YML019W,0,-3.550556,0.09103482961654663,0.7239999771118164,0.7228999733924866
YKR042W,YOR084W,0,-3.5507,0.09102338552474976,0.7239999771118164,0.7229999899864197
YLL060C,YOL135C,0,-3.5507457,0.09101194143295288,0.7239999771118164,0.7231000065803528
YFL041W,YJL098W,0,-3.5507953,0.0910005047917366,0.7239999771118164,0.7232000231742859
YPL118W,YMR218C,0,-3.5508354,0.09098906815052032,0.7239999771118164,0.7232999801635742
YNL038W,YGL216W,0,-3.5510142,0.09097763150930405,0.7239999771118164,0.7233999967575073
YCR027C,YPL085W,0,-3.5510142,0.09096620231866837,0.7239999771118164,0.7235000133514404
YOR281C,YOR207C,0,-3.5511043,0.09095477312803268,0.7239999771118164,0.7235999703407288
YLR214W,YJL011C,0,-3.5511656,0.0909433513879776,0.7239999771118164,0.7236999869346619
YMR188C,YOR069W,0,-3.5511875,0.09093192964792252,0.7239999771118164,0.723800003528595
YDL197C,YMR246W,0,-3.5511956,0.09092050790786743,0.7239999771118164,0.7239000201225281
YLR191W,YOR294W,0,-3.5512378,0.09090909361839294,0.7239999771118164,0.7239999771118164
YLR431C,YJL033W,0,-3.551244,0.09089767932891846,0.7239999771118164,0.7240999937057495
YNL073W,YPR055W,0,-3.551265,0.09088626503944397,0.7239999771118164,0.7242000102996826
YNL272C,YOR004W,0,-3.55143,0.09087485820055008,0.7239999771118164,0.7243000268936157
YBL074C,YEL003W,0,-3.5514476,0.09086345136165619,0.7239999771118164,0.724399983882904
YPR005C,YNL049C,0,-3.551499,0.0908520519733429,0.7239999771118164,0.7245000004768372
YOR344C,YNL064C,0,-3.551613,0.0908406525850296,0.7239999771118164,0.7246000170707703
YNR033W,YAL023C,0,-3.5516465,0.09082925319671631,0.7239999771118164,0.7246999740600586
YDR440W,YEL034W,0,-3.5516648,0.09081786125898361,0.7239999771118164,0.7247999906539917
YER015W,YDL207W,0,-3.551695,0.09080646932125092,0.7239999771118164,0.7249000072479248
YPR029C,YOR232W,0,-3.5517106,0.09079508483409882,0.7239999771118164,0.7250000238418579
YDR040C,YDL225W,0,-3.5517118,0.09078370034694672,0.7239999771118164,0.7250999808311462
YOL090W,YPR140W,0,-3.551806,0.09077231585979462,0.7239999771118164,0.7251999974250793
YML086C,YLR262C,0,-3.5518715,0.09076093882322311,0.7239999771118164,0.7253000140190125
YJL010C,YLR135W,0,-3.5519145,0.09074956178665161,0.7239999771118164,0.7253999710083008
YKL059C,YDR453C,0,-3.5519602,0.09073818475008011,0.7239999771118164,0.7254999876022339
YOL145C,YOL071W,0,-3.552004,0.0907268151640892,0.7239999771118164,0.725600004196167
YCR034W,YMR216C,0,-3.5520911,0.0907154455780983,0.7239999771118164,0.7257000207901001
YHR174W,YDR251W,0,-3.5520961,0.09070408344268799,0.7239999771118164,0.7257999777793884
YLR032W,YLR010C,1,-3.5522928,0.09081798791885376,0.7250000238418579,0.7257999777793884
YBL093C,YIL147C,0,-3.5523365,0.09080661088228226,0.7250000238418579,0.7258999943733215
YNL278W,YJR044C,0,-3.5523636,0.09079524129629135,0.7250000238418579,0.7260000109672546
YLR044C,YPR178W,0,-3.552364,0.09078387171030045,0.7250000238418579,0.7261000275611877
YJR125C,YGL028C,0,-3.5524333,0.09077250212430954,0.7250000238418579,0.7261999845504761
YGL252C,YDR308C,0,-3.5524395,0.09076113998889923,0.7250000238418579,0.7263000011444092
YGL055W,YML015C,0,-3.552458,0.09074977785348892,0.7250000238418579,0.7264000177383423
YDR529C,YGL213C,0,-3.552542,0.09073842316865921,0.7250000238418579,0.7264999747276306
YNL323W,YDR150W,0,-3.552644,0.0907270684838295,0.7250000238418579,0.7265999913215637
YNL302C,YGL210W,0,-3.5529246,0.09071571379899979,0.7250000238418579,0.7267000079154968
YDR225W,YLR447C,0,-3.5529623,0.09070436656475067,0.7250000238418579,0.7268000245094299
YDR093W,YJL063C,0,-3.553003,0.09069301933050156,0.7250000238418579,0.7268999814987183
YER062C,YER053C,0,-3.5532062,0.09068167954683304,0.7250000238418579,0.7269999980926514
YAL035W,YLR016C,0,-3.553324,0.09067033231258392,0.7250000238418579,0.7271000146865845
YCL016C,YDL083C,1,-3.5533931,0.09078404307365417,0.7260000109672546,0.7271000146865845
YJL122W,YMR035W,0,-3.5537307,0.09077269583940506,0.7260000109672546,0.7271999716758728
YMR161W,YNL311C,0,-3.553784,0.09076134860515594,0.7260000109672546,0.7272999882698059
YMR142C,YGR099W,1,-3.5538304,0.09087499976158142,0.7269999980926514,0.7272999882698059
YOL002C,YGR180C,0,-3.5540242,0.09086364507675171,0.7269999980926514,0.727400004863739
YOR031W,YJL110C,0,-3.5540342,0.090852290391922,0.7269999980926514,0.7275000214576721
YML102W,YIL014W,0,-3.5540645,0.09084093570709229,0.7269999980926514,0.7275999784469604
YGR113W,YDL076C,0,-3.5540702,0.09082958847284317,0.7269999980926514,0.7276999950408936
YGR007W,YHR163W,0,-3.554129,0.09081824123859406,0.7269999980926514,0.7278000116348267
YLR172C,YDR009W,0,-3.5541947,0.09080689400434494,0.7269999980926514,0.7279000282287598
YPR006C,YJL072C,0,-3.5542042,0.09079555422067642,0.7269999980926514,0.7279999852180481
YDL126C,YLR195C,0,-3.5542119,0.0907842144370079,0.7269999980926514,0.7281000018119812
YPR067W,YMR053C,0,-3.554314,0.09077288210391998,0.7269999980926514,0.7282000184059143
YDR440W,YCR018C,0,-3.5544746,0.09076154977083206,0.7269999980926514,0.7282999753952026
YNL027W,YKL081W,0,-3.554479,0.09075021743774414,0.7269999980926514,0.7283999919891357
YOR094W,YNL130C,0,-3.5544794,0.09073889255523682,0.7269999980926514,0.7285000085830688
YLR138W,YNL093W,0,-3.5545354,0.09072756767272949,0.7269999980926514,0.728600025177002
YIL009C-A,YGL168W,1,-3.5546548,0.09084102511405945,0.7279999852180481,0.728600025177002
YLR233C,YPR051W,1,-3.5546997,0.09095446020364761,0.7289999723434448,0.728600025177002
YLR361C,YDR397C,0,-3.5548213,0.0909431129693985,0.7289999723434448,0.7286999821662903
YIR041W,YOR266W,0,-3.5548427,0.09093177318572998,0.7289999723434448,0.7287999987602234
YOL061W,YOR279C,1,-3.5548937,0.09104514867067337,0.7300000190734863,0.7287999987602234
YDL236W,YPL163C,0,-3.5549319,0.09103379398584366,0.7300000190734863,0.7289000153541565
YNL085W,YLR034C,0,-3.5550947,0.09102244675159454,0.7300000190734863,0.7289999723434448
YGR191W,YJL062W,0,-3.5551174,0.09101109951734543,0.7300000190734863,0.7290999889373779
YFR008W,YPR041W,0,-3.5552757,0.09099975228309631,0.7300000190734863,0.729200005531311
YBR089C-A,YML069W,0,-3.5552866,0.0909884050488472,0.7300000190734863,0.7293000221252441
YOR249C,YOR079C,0,-3.5553458,0.09097706526517868,0.7300000190734863,0.7293999791145325
YJR105W,YMR284W,1,-3.5554335,0.09109034389257431,0.7310000061988831,0.7293999791145325
YLR208W,YLR398C,0,-3.555495,0.0910789966583252,0.7310000061988831,0.7294999957084656
YML107C,YDR515W,0,-3.5555542,0.09106764942407608,0.7310000061988831,0.7296000123023987
YER068W,YDR083W,1,-3.555769,0.09118086844682693,0.7319999933242798,0.7296000123023987
YPL018W,YGL099W,0,-3.5558045,0.09116951376199722,0.7319999933242798,0.7297000288963318
YNL047C,YLR354C,0,-3.5559378,0.09115815907716751,0.7319999933242798,0.7297999858856201
YMR068W,YOR076C,0,-3.556019,0.0911468043923378,0.7319999933242798,0.7299000024795532
YHR073W,YNL186W,0,-3.5560286,0.09113545715808868,0.7319999933242798,0.7300000190734863
YJR001W,YJL035C,0,-3.5561292,0.09112410992383957,0.7319999933242798,0.7300999760627747
YPR025C,YDL165W,0,-3.556154,0.09111277014017105,0.7319999933242798,0.7301999926567078
YAL055W,YDL097C,0,-3.5562027,0.09110143035650253,0.7319999933242798,0.7303000092506409
YOR063W,YBR182C,0,-3.5562327,0.09109009802341461,0.7319999933242798,0.730400025844574
YNL020C,YER148W,0,-3.5565705,0.0910787582397461,0.7319999933242798,0.7304999828338623
YPL154C,YNR052C,0,-3.5565941,0.09106743335723877,0.7319999933242798,0.7305999994277954
YML116W,YJL034W,0,-3.556596,0.09105610102415085,0.7319999933242798,0.7307000160217285
YGR188C,YML013W,0,-3.5566876,0.09104477614164352,0.7319999933242798,0.7307999730110168
YOR171C,YBR095C,0,-3.5566883,0.0910334512591362,0.7319999933242798,0.73089998960495
YNR023W,YNR031C,0,-3.556698,0.09102213382720947,0.7319999933242798,0.7310000061988831
YBR153W,YNR046W,0,-3.5569313,0.09101081639528275,0.7319999933242798,0.7311000227928162
YMR229C,YPL007C,0,-3.5571141,0.09099950641393661,0.7319999933242798,0.7311999797821045
YER042W,YPL063W,0,-3.557168,0.09098818898200989,0.7319999933242798,0.7312999963760376
YHL007C,YDR177W,0,-3.557218,0.09097688645124435,0.7319999933242798,0.7314000129699707
YCR010C,YPL112C,0,-3.5573804,0.09096557646989822,0.7319999933242798,0.7315000295639038
YJL140W,YHL012W,1,-3.557576,0.09107852727174759,0.7329999804496765,0.7315000295639038
YBL045C,YMR182C,0,-3.5576327,0.09106720983982086,0.7329999804496765,0.7315999865531921
YDL175C,YDR123C,0,-3.5577304,0.09105589985847473,0.7329999804496765,0.7317000031471252
YOR330C,YMR241W,0,-3.5578773,0.0910445898771286,0.7329999804496765,0.7318000197410583
YAL035W,YER013W,0,-3.5580032,0.09103328734636307,0.7329999804496765,0.7318999767303467
YDR158W,YBR295W,0,-3.5580518,0.09102197736501694,0.7329999804496765,0.7319999933242798
YMR314W,YJL156C,0,-3.5580852,0.0910106748342514,0.7329999804496765,0.7321000099182129
YGL055W,YLR105C,0,-3.5580947,0.09099937975406647,0.7329999804496765,0.732200026512146
YBR083W,YKR001C,0,-3.5581992,0.09098808467388153,0.7329999804496765,0.7322999835014343
YDR181C,YNL241C,0,-3.5582209,0.0909767895936966,0.7329999804496765,0.7324000000953674
YNL008C,YGL061C,0,-3.5582533,0.09096550196409225,0.7329999804496765,0.7325000166893005
YER095W,YKR059W,1,-3.5582857,0.09107829630374908,0.734000027179718,0.7325000166893005
YGL254W,YKL006C-A,0,-3.5583758,0.09106700122356415,0.734000027179718,0.7325999736785889
YBR185C,YPL268W,0,-3.558397,0.09105569869279861,0.734000027179718,0.732699990272522
YNL233W,YJR052W,0,-3.5584052,0.09104440361261368,0.734000027179718,0.7328000068664551
YDL213C,YDL225W,0,-3.5585153,0.09103311598300934,0.734000027179718,0.7329000234603882
YPL218W,YGL011C,0,-3.5585933,0.091021828353405,0.734000027179718,0.7329999804496765
YER062C,YKL150W,0,-3.558596,0.09101054072380066,0.734000027179718,0.7330999970436096
YDR397C,YDR135C,0,-3.5586321,0.09099925309419632,0.734000027179718,0.7332000136375427
YBR038W,YER094C,0,-3.5587277,0.09098797291517258,0.734000027179718,0.733299970626831
YDR113C,YDR308C,0,-3.5587368,0.09097670018672943,0.734000027179718,0.7333999872207642
YOR243C,YCR060W,0,-3.5587718,0.09096542000770569,0.734000027179718,0.7335000038146973
YPL137C,YDR437W,0,-3.5588205,0.09095415472984314,0.734000027179718,0.7336000204086304
YGR254W,YOR179C,0,-3.5588272,0.0909428820014,0.734000027179718,0.7336999773979187
YLR075W,YNL202W,0,-3.558925,0.09093161672353745,0.734000027179718,0.7337999939918518
YDR480W,YGL086W,0,-3.5589876,0.0909203514456749,0.734000027179718,0.7339000105857849
YGR288W,YOR211C,0,-3.5590146,0.09090909361839294,0.734000027179718,0.734000027179718
YOR346W,YPL089C,0,-3.5590594,0.09089783579111099,0.734000027179718,0.7340999841690063
YHR143W,YDR289C,0,-3.5593176,0.09088657796382904,0.734000027179718,0.7342000007629395
YJR031C,YGR206W,0,-3.559346,0.09087532758712769,0.734000027179718,0.7343000173568726
YOR039W,YKR029C,0,-3.5593784,0.09086407721042633,0.734000027179718,0.7343999743461609
YER015W,YMR089C,0,-3.5594966,0.09085282683372498,0.734000027179718,0.734499990940094
YNL172W,YOR008C,0,-3.5595376,0.09084158390760422,0.734000027179718,0.7346000075340271
YCR052W,YBR080C,0,-3.5596068,0.09083034098148346,0.734000027179718,0.7347000241279602
YER155C,YGL232W,0,-3.5597184,0.0908191055059433,0.734000027179718,0.7347999811172485
YPR111W,YHR174W,0,-3.559733,0.09080787003040314,0.734000027179718,0.7348999977111816
YKL112W,YMR313C,0,-3.5597603,0.09079663455486298,0.734000027179718,0.7350000143051147
YLL036C,YFL049W,0,-3.5599172,0.09078540652990341,0.734000027179718,0.7350999712944031
YPR120C,YNL041C,0,-3.5601637,0.09077417850494385,0.734000027179718,0.7351999878883362
YGL021W,YML120C,0,-3.5601995,0.09076295047998428,0.734000027179718,0.7353000044822693
YJL209W,YGR183C,0,-3.560287,0.09075172990560532,0.734000027179718,0.7354000210762024
YOL142W,YDR073W,0,-3.5604513,0.09074050933122635,0.734000027179718,0.7354999780654907
YGL025C,YOR279C,1,-3.5605066,0.09085290133953094,0.7350000143051147,0.7354999780654907
YNL317W,YPR191W,0,-3.560549,0.09084167331457138,0.7350000143051147,0.7355999946594238
YIR004W,YOR127W,0,-3.5605729,0.09083045274019241,0.7350000143051147,0.7357000112533569
YBL074C,YBL103C,0,-3.5606964,0.09081922471523285,0.7350000143051147,0.73580002784729
YDR376W,YGR224W,0,-3.560745,0.09080800414085388,0.7350000143051147,0.7358999848365784
YNL037C,YJL030W,0,-3.5608137,0.09079679101705551,0.7350000143051147,0.7360000014305115
YPL092W,YKL119C,0,-3.560877,0.09078557044267654,0.7350000143051147,0.7361000180244446
YGR254W,YOL010W,0,-3.560913,0.09077435731887817,0.7350000143051147,0.7361999750137329
YDR499W,YGR229C,1,-3.560973,0.09088663756847382,0.7360000014305115,0.7361999750137329
YER168C,YJR010C-A,0,-3.560999,0.09087541699409485,0.7360000014305115,0.736299991607666
YMR184W,YOL145C,0,-3.5610921,0.09086419641971588,0.7360000014305115,0.7364000082015991
YGR167W,YGR074W,0,-3.5611145,0.09085298329591751,0.7360000014305115,0.7365000247955322
YER112W,YHR205W,0,-3.5612414,0.09084177017211914,0.7360000014305115,0.7365999817848206
YLR448W,YNL128W,0,-3.5612445,0.09083055704832077,0.7360000014305115,0.7366999983787537
YPR001W,YMR236W,0,-3.5612981,0.090819351375103,0.7360000014305115,0.7368000149726868
YNR038W,YAR031W,0,-3.561444,0.09080814570188522,0.7360000014305115,0.7368999719619751
YLR361C,YOL010W,0,-3.5614455,0.09079694002866745,0.7360000014305115,0.7369999885559082
YGL155W,YNL263C,0,-3.5614932,0.09078574180603027,0.7360000014305115,0.7371000051498413
YBR142W,YDR359C,0,-3.5615265,0.0907745435833931,0.7360000014305115,0.7372000217437744
YLR134W,YGR222W,0,-3.5616853,0.09076335281133652,0.7360000014305115,0.7372999787330627
YIL021W,YPL085W,0,-3.5617604,0.09075215458869934,0.7360000014305115,0.7373999953269958
YDR470C,YOL028C,0,-3.561815,0.09074097126722336,0.7360000014305115,0.737500011920929
YLR051C,YLR362W,0,-3.5619962,0.09072978049516678,0.7360000014305115,0.7376000285148621
YCL016C,YHR021C,1,-3.5620425,0.0908418595790863,0.7369999885559082,0.7376000285148621
YMR005W,YDL244W,0,-3.5621512,0.09083066135644913,0.7369999885559082,0.7376999855041504
YLR034C,YKL122C,0,-3.562215,0.09081947058439255,0.7369999885559082,0.7378000020980835
YKL149C,YDR191W,0,-3.5622995,0.09080827981233597,0.7369999885559082,0.7379000186920166
YPL007C,YDR470C,0,-3.5623486,0.09079708904027939,0.7369999885559082,0.7379999756813049
YJL124C,YOR332W,0,-3.5623868,0.0907859057188034,0.7369999885559082,0.738099992275238
YGR288W,YMR216C,0,-3.5624726,0.09077472239732742,0.7369999885559082,0.7382000088691711
YNL286W,YBR091C,0,-3.562558,0.09076354652643204,0.7369999885559082,0.7383000254631042
YAL020C,YDR016C,0,-3.5626216,0.09075237065553665,0.7369999885559082,0.7383999824523926
YKL029C,YHR065C,0,-3.5626671,0.09074119478464127,0.7369999885559082,0.7384999990463257
YGL047W,YBR256C,0,-3.56269,0.09073002636432648,0.7369999885559082,0.7386000156402588
YGL133W,YOR083W,0,-3.5627391,0.09071885794401169,0.7369999885559082,0.7386999726295471
YER179W,YLR285W,0,-3.5628207,0.0907076895236969,0.7369999885559082,0.7387999892234802
YAR015W,YOR193W,0,-3.563001,0.09069652855396271,0.7369999885559082,0.7389000058174133
YOR249C,YOR179C,0,-3.5630176,0.09068536758422852,0.7369999885559082,0.7390000224113464
YLR186W,YJL108C,0,-3.5630784,0.09067421406507492,0.7369999885559082,0.7390999794006348
YNL079C,YML093W,0,-3.563162,0.09066306054592133,0.7369999885559082,0.7391999959945679
YKL179C,YHR039C-A,0,-3.5632284,0.09065190702676773,0.7369999885559082,0.739300012588501
YHR186C,YOR209C,0,-3.5633414,0.09064076095819473,0.7369999885559082,0.7394000291824341
YLR216C,YAR002C-A,0,-3.5634227,0.09062961488962173,0.7369999885559082,0.7394999861717224
YMR204C,YBR254C,0,-3.5634296,0.09061846882104874,0.7369999885559082,0.7396000027656555
YDR398W,YEL002C,0,-3.56343,0.09060733020305634,0.7369999885559082,0.7397000193595886
YER178W,YDR322C-A,0,-3.5634365,0.09059619158506393,0.7369999885559082,0.739799976348877
YOR023C,YHR181W,0,-3.5636618,0.09058505296707153,0.7369999885559082,0.7398999929428101
YOR320C,YEL054C,0,-3.5636926,0.09057392179965973,0.7369999885559082,0.7400000095367432
YOR198C,YPL018W,0,-3.5637496,0.09056279063224792,0.7369999885559082,0.7401000261306763
YMR298W,YPL082C,0,-3.5638242,0.09055166691541672,0.7369999885559082,0.7401999831199646
YLR147C,YIL039W,0,-3.5638251,0.09054054319858551,0.7369999885559082,0.7402999997138977
YKL213C,YLR026C,0,-3.5640795,0.0905294194817543,0.7369999885559082,0.7404000163078308
YNL098C,YPL020C,0,-3.5641391,0.09051830321550369,0.7369999885559082,0.7404999732971191
YNL009W,YIL037C,0,-3.564173,0.09050718694925308,0.7369999885559082,0.7405999898910522
YOR388C,YIL112W,0,-3.5643854,0.09049607068300247,0.7369999885559082,0.7407000064849854
YMR213W,YGR063C,0,-3.5644176,0.09048496186733246,0.7369999885559082,0.7408000230789185
YBR129C,YML123C,0,-3.5644548,0.09047385305166245,0.7369999885559082,0.7408999800682068
YLL001W,YGL209W,0,-3.5646229,0.09046274423599243,0.7369999885559082,0.7409999966621399
YML112W,YGL162W,0,-3.5648894,0.09045164287090302,0.7369999885559082,0.741100013256073
YDL081C,YPL106C,1,-3.5650218,0.09056326001882553,0.7379999756813049,0.741100013256073
YMR236W,YPL239W,0,-3.565078,0.09055214375257492,0.7379999756813049,0.7411999702453613
YJR064W,YDR362C,0,-3.5651891,0.09054103493690491,0.7379999756813049,0.7412999868392944
YIL149C,YBL093C,0,-3.5652034,0.09052993357181549,0.7379999756813049,0.7414000034332275
YCR010C,YER122C,0,-3.5652082,0.09051882475614548,0.7379999756813049,0.7415000200271606
YNL031C,YNL209W,0,-3.5653734,0.09050772339105606,0.7379999756813049,0.741599977016449
YPR025C,YGL251C,0,-3.5654533,0.09049662947654724,0.7379999756813049,0.7416999936103821
YLR226W,YLR056W,0,-3.5654576,0.09048553556203842,0.7379999756813049,0.7418000102043152
YML121W,YKL009W,1,-3.5656137,0.09059703350067139,0.7390000224113464,0.7418000102043152
YPL262W,YNR059W,0,-3.5656655,0.09058592468500137,0.7390000224113464,0.7419000267982483
YCR020W-B,YBR035C,1,-3.5658052,0.09069739282131195,0.7400000095367432,0.7419000267982483
YGR040W,YJL013C,0,-3.5659533,0.09068627655506134,0.7400000095367432,0.7419999837875366
YOL088C,YLR147C,0,-3.566046,0.09067516028881073,0.7400000095367432,0.7421000003814697
YOL063C,YPL046C,0,-3.566202,0.09066405147314072,0.7400000095367432,0.7422000169754028
YNL230C,YER082C,0,-3.566272,0.0906529426574707,0.7400000095367432,0.7422999739646912
YGL008C,YLR020C,0,-3.566276,0.09064184129238129,0.7400000095367432,0.7423999905586243
YGL209W,YDR453C,0,-3.5663145,0.09063073992729187,0.7400000095367432,0.7425000071525574
YOR233W,YPL092W,0,-3.5663383,0.09061964601278305,0.7400000095367432,0.7426000237464905
YNL059C,YMR119W,0,-3.5663517,0.09060854464769363,0.7400000095367432,0.7426999807357788
YML081C-A,YDR217C,0,-3.5664012,0.09059745073318481,0.7400000095367432,0.7427999973297119
YGL045W,YKL082C,0,-3.5664704,0.09058636426925659,0.7400000095367432,0.742900013923645
YDL185W,YJL141C,0,-3.5664742,0.09057527780532837,0.7400000095367432,0.7429999709129333
YML086C,YML115C,0,-3.5664914,0.09056419134140015,0.7400000095367432,0.7430999875068665
YCR002C,YFR014C,0,-3.5665028,0.09055310487747192,0.7400000095367432,0.7432000041007996
YJR083C,YMR058W,0,-3.5665653,0.0905420258641243,0.7400000095367432,0.7433000206947327
YGL070C,YMR263W,1,-3.5666578,0.09065329283475876,0.7409999966621399,0.7433000206947327
YLL038C,YBL018C,0,-3.5670028,0.09064219892024994,0.7409999966621399,0.743399977684021
YBL032W,YNL229C,1,-3.5670211,0.09075342118740082,0.7419999837875366,0.743399977684021
YEL030W,YOR256C,0,-3.56706,0.090742327272892,0.7419999837875366,0.7434999942779541
YDR181C,YHR030C,0,-3.5670605,0.09073123335838318,0.7419999837875366,0.7436000108718872
YLR127C,YNL201C,0,-3.5671484,0.09072013944387436,0.7419999837875366,0.7437000274658203
YNL291C,YER075C,0,-3.5672705,0.09070904552936554,0.7419999837875366,0.7437999844551086
YML126C,YGL243W,0,-3.5674016,0.09069795906543732,0.7419999837875366,0.7439000010490417
YOR361C,YKL086W,0,-3.5674026,0.0906868726015091,0.7419999837875366,0.7440000176429749
YPL061W,YNL068C,0,-3.5674741,0.09067579358816147,0.7419999837875366,0.7440999746322632
YNL232W,YNL121C,0,-3.5675113,0.09066471457481384,0.7419999837875366,0.7441999912261963
YOR058C,YHR043C,0,-3.5675251,0.09065363556146622,0.7419999837875366,0.7443000078201294
YJL071W,YOL020W,1,-3.5675437,0.09076472371816635,0.7429999709129333,0.7443000078201294
YBL078C,YDL235C,0,-3.5675871,0.09075363725423813,0.7429999709129333,0.7444000244140625
YNR016C,YML012W,0,-3.5676637,0.0907425507903099,0.7429999709129333,0.7444999814033508
YPL187W,YML007W,0,-3.5676663,0.09073147177696228,0.7429999709129333,0.7445999979972839
YML120C,YFL004W,0,-3.5676844,0.09072039276361465,0.7429999709129333,0.744700014591217
YNR043W,YGR147C,0,-3.5677464,0.09070931375026703,0.7429999709129333,0.7447999715805054
YLR361C,YMR308C,0,-3.5679038,0.0906982421875,0.7429999709129333,0.7448999881744385
YDR418W,YDR363W-A,1,-3.5680807,0.09080922603607178,0.7440000176429749,0.7448999881744385
YLR304C,YLR222C,0,-3.5681014,0.09079814702272415,0.7440000176429749,0.7450000047683716
YEL018W,YGR008C,0,-3.5682366,0.09078706800937653,0.7440000176429749,0.7451000213623047
YCL004W,YGR276C,0,-3.5683444,0.0907759889960289,0.7440000176429749,0.745199978351593
YER149C,YMR095C,0,-3.5684059,0.09076491743326187,0.7440000176429749,0.7452999949455261
YBL006C,YER068W,1,-3.568439,0.09087582677602768,0.7450000047683716,0.7452999949455261
YDL045C,YIL114C,0,-3.5684493,0.09086474031209946,0.7450000047683716,0.7454000115394592
YPR111W,YMR212C,0,-3.5684764,0.09085366129875183,0.7450000047683716,0.7455000281333923
YLR100W,YOR363C,0,-3.5685346,0.0908425822854042,0.7450000047683716,0.7455999851226807
YLR314C,YER035W,0,-3.5686772,0.09083150327205658,0.7450000047683716,0.7457000017166138
YPL160W,YBR162C,0,-3.5691085,0.09082043170928955,0.7450000047683716,0.7458000183105469
YDR268W,YLR002C,0,-3.569245,0.09080936014652252,0.7450000047683716,0.7458999752998352
YOR173W,YHR165C,0,-3.5693343,0.09079829603433609,0.7450000047683716,0.7459999918937683
YBR192W,YML127W,0,-3.5693567,0.09078723192214966,0.7450000047683716,0.7461000084877014
YNL230C,YJL013C,0,-3.5695338,0.09077616780996323,0.7450000047683716,0.7462000250816345
YLR172C,YBR095C,0,-3.569536,0.0907651036977768,0.7450000047683716,0.7462999820709229
YNL259C,YDL134C,0,-3.5696237,0.09075404703617096,0.7450000047683716,0.746399998664856
YML073C,YDR167W,0,-3.5696297,0.09074299782514572,0.7450000047683716,0.7465000152587891
YJR108W,YDL148C,0,-3.5696895,0.09073194861412048,0.7450000047683716,0.7465999722480774
YDL079C,YDR470C,0,-3.5698078,0.09072089940309525,0.7450000047683716,0.7466999888420105
YNL051W,YJL127C,0,-3.569927,0.09070985019207001,0.7450000047683716,0.7468000054359436
YGL012W,YKR031C,0,-3.5699425,0.09069880843162537,0.7450000047683716,0.7469000220298767
YPL069C,YOL005C,0,-3.5701344,0.09068776667118073,0.7450000047683716,0.746999979019165
YPR111W,YGL253W,0,-3.570143,0.09067672491073608,0.7450000047683716,0.7470999956130981
YNL177C,YCR027C,0,-3.5701811,0.09066569060087204,0.7450000047683716,0.7472000122070312
YMR208W,YBR082C,0,-3.570341,0.09065466374158859,0.7450000047683716,0.7473000288009644
YOR320C,YHR014W,0,-3.5703743,0.09064362943172455,0.7450000047683716,0.7473999857902527
YOL043C,YGR033C,0,-3.5706217,0.0906326025724411,0.7450000047683716,0.7475000023841858
YBR177C,YLR056W,0,-3.570643,0.09062157571315765,0.7450000047683716,0.7476000189781189
YOL011W,YER021W,0,-3.570646,0.0906105563044548,0.7450000047683716,0.7476999759674072
YIL034C,YHR152W,0,-3.570677,0.09059953689575195,0.7450000047683716,0.7477999925613403
YML080W,YMR219W,0,-3.5706828,0.0905885249376297,0.7450000047683716,0.7479000091552734
YDR236C,YOL108C,0,-3.570854,0.09057750552892685,0.7450000047683716,0.7480000257492065
YKR026C,YPL242C,0,-3.5708585,0.0905664935708046,0.7450000047683716,0.7480999827384949
YDR507C,YHR160C,0,-3.570973,0.09055548906326294,0.7450000047683716,0.748199999332428
YLR329W,YPL020C,0,-3.570975,0.09054448455572128,0.7450000047683716,0.7483000159263611
YOR046C,YKL160W,0,-3.5710938,0.09053348004817963,0.7450000047683716,0.7483999729156494
YLR459W,YMR308C,0,-3.5711815,0.09052247554063797,0.7450000047683716,0.7484999895095825
YLL043W,YCR083W,0,-3.5715144,0.09051147848367691,0.7450000047683716,0.7486000061035156
YNL271C,YER027C,0,-3.5716417,0.09050048887729645,0.7450000047683716,0.7487000226974487
YGR213C,YIL063C,0,-3.5716746,0.09048949182033539,0.7450000047683716,0.7487999796867371
YDR205W,YMR241W,0,-3.571695,0.09047850221395493,0.7450000047683716,0.7488999962806702
YGL190C,YMR089C,0,-3.5717623,0.09046752005815506,0.7450000047683716,0.7490000128746033
YOL151W,YGL126W,0,-3.572018,0.0904565304517746,0.7450000047683716,0.7491000294685364
YIR004W,YDR259C,0,-3.5721204,0.09044554829597473,0.7450000047683716,0.7491999864578247
YBR153W,YAL001C,0,-3.5721285,0.09043457359075546,0.7450000047683716,0.7493000030517578
YBR155W,YHR116W,0,-3.5721378,0.0904235914349556,0.7450000047683716,0.7494000196456909
YKL059C,YDL028C,0,-3.5723772,0.09041262418031693,0.7450000047683716,0.7494999766349792
YDR300C,YML001W,1,-3.5724466,0.09052299708127975,0.7459999918937683,0.7494999766349792
YOL088C,YGR063C,0,-3.5725005,0.09051201492547989,0.7459999918937683,0.7495999932289124
YMR201C,YOL066C,0,-3.5725641,0.09050103276968002,0.7459999918937683,0.7497000098228455
YDL197C,YGL045W,0,-3.5727327,0.09049005061388016,0.7459999918937683,0.7498000264167786
YPL179W,YFL017W-A,0,-3.572891,0.09047907590866089,0.7459999918937683,0.7498999834060669
YJL191W,YNR031C,0,-3.572891,0.09046810865402222,0.7459999918937683,0.75
YIL114C,YLR183C,0,-3.572924,0.09045713394880295,0.7459999918937683,0.7501000165939331
YMR199W,YMR219W,0,-3.573027,0.09044616669416428,0.7459999918937683,0.7501999735832214
YLL009C,YGL004C,0,-3.5730278,0.0904352068901062,0.7459999918937683,0.7502999901771545
YLR043C,YNL283C,0,-3.5730526,0.09042423963546753,0.7459999918937683,0.7504000067710876
YPL061W,YML012W,0,-3.5731065,0.09041327983140945,0.7459999918937683,0.7505000233650208
YJL095W,YMR312W,0,-3.5731463,0.09040232747793198,0.7459999918937683,0.7505999803543091
YNR010W,YGL106W,0,-3.5731733,0.0903913751244545,0.7459999918937683,0.7506999969482422
YOL086C,YDR420W,0,-3.573322,0.09038042277097702,0.7459999918937683,0.7508000135421753
YDR052C,YER166W,0,-3.5734167,0.09036947041749954,0.7459999918937683,0.7508999705314636
YOL108C,YKL134C,0,-3.5735805,0.09035852551460266,0.7459999918937683,0.7509999871253967
YNL147W,YJL129C,1,-3.5736537,0.09046868979930878,0.746999979019165,0.7509999871253967
YNR052C,YPR191W,0,-3.5736558,0.0904577374458313,0.746999979019165,0.7511000037193298
YER019W,YOR179C,0,-3.5736597,0.09044678509235382,0.746999979019165,0.7512000203132629
YJR069C,YLR354C,0,-3.573692,0.09043583273887634,0.746999979019165,0.7512999773025513
YPL086C,YCR053W,0,-3.5737083,0.09042488783597946,0.746999979019165,0.7513999938964844
YER177W,YNL030W,0,-3.5737321,0.09041394293308258,0.746999979019165,0.7515000104904175
YAL056W,YGL168W,1,-3.5737422,0.09052402526140213,0.7480000257492065,0.7515000104904175
YPR051W,YNL032W,1,-3.5737727,0.09063407778739929,0.7490000128746033,0.7515000104904175
YOR377W,YPR009W,0,-3.573816,0.09062311053276062,0.7490000128746033,0.7516000270843506
YDR170C,YBR117C,0,-3.5738294,0.09061214327812195,0.7490000128746033,0.7516999840736389
YJL140W,YNL243W,1,-3.5738618,0.09072215110063553,0.75,0.7516999840736389
YDL079C,YHR165C,0,-3.5739076,0.09071117639541626,0.75,0.751800000667572
YNL101W,YML046W,0,-3.5740829,0.09070020914077759,0.75,0.7519000172615051
YPR134W,YDR460W,0,-3.574138,0.09068924188613892,0.75,0.7519999742507935
YLL042C,YDR207C,0,-3.5741737,0.09067827463150024,0.75,0.7520999908447266
YLR340W,YDR334W,0,-3.5743554,0.09066731482744217,0.75,0.7522000074386597
YBR244W,YPL085W,0,-3.5745518,0.0906563550233841,0.75,0.7523000240325928
YOL045W,YOR117W,0,-3.5746286,0.09064539521932602,0.75,0.7523999810218811
YJR090C,YML092C,0,-3.5746439,0.09063444286584854,0.75,0.7524999976158142
YOL051W,YGL136C,1,-3.5747025,0.09074432402849197,0.7509999871253967,0.7524999976158142
YJR043C,YER095W,1,-3.574757,0.09085417538881302,0.7519999742507935,0.7524999976158142
YGR261C,YFL031W,0,-3.5747683,0.09084320068359375,0.7519999742507935,0.7526000142097473
YCL025C,YJL168C,0,-3.5748267,0.09083222597837448,0.7519999742507935,0.7526999711990356
YOR347C,YGL252C,0,-3.5749285,0.09082125872373581,0.7519999742507935,0.7527999877929688
YDR423C,YLR067C,0,-3.5749595,0.09081029146909714,0.7519999742507935,0.7529000043869019
YAL044C,YPL002C,1,-3.5751371,0.09092006832361221,0.753000020980835,0.7529000043869019
YDR494W,YCR061W,0,-3.5751526,0.09090909361839294,0.753000020980835,0.753000020980835
YLR231C,YFL002C,0,-3.5752766,0.09089811891317368,0.753000020980835,0.7530999779701233
YBR065C,YGL030W,0,-3.5753238,0.0908871442079544,0.753000020980835,0.7531999945640564
YHR024C,YOL042W,0,-3.575354,0.09087617695331573,0.753000020980835,0.7533000111579895
YNL101W,YBR168W,0,-3.5753682,0.09086520969867706,0.753000020980835,0.7534000277519226
YFR002W,YNL121C,0,-3.5754635,0.09085424989461899,0.753000020980835,0.7534999847412109
YOR057W,YDR324C,0,-3.5755339,0.09084328263998032,0.753000020980835,0.753600001335144
YMR012W,YCL031C,0,-3.5756323,0.09083233028650284,0.753000020980835,0.7537000179290771
YOR035C,YOR027W,0,-3.5756366,0.09082137048244476,0.753000020980835,0.7537999749183655
YEL009C,YIL135C,0,-3.5756724,0.09081041812896729,0.753000020980835,0.7538999915122986
YFL034C-B,YOL042W,0,-3.5758498,0.09079946577548981,0.753000020980835,0.7540000081062317
YIL040W,YNL272C,0,-3.575904,0.09078852087259293,0.753000020980835,0.7541000247001648
YOR100C,YOL102C,0,-3.575973,0.09077757596969604,0.753000020980835,0.7541999816894531
YPL021W,YEL066W,0,-3.576126,0.09076663106679916,0.753000020980835,0.7542999982833862
YKR099W,YGR248W,0,-3.576184,0.09075569361448288,0.753000020980835,0.7544000148773193
YPR183W,YGR141W,0,-3.576248,0.0907447561621666,0.753000020980835,0.7544999718666077
YGR009C,YML055W,0,-3.5762649,0.09073382616043091,0.753000020980835,0.7545999884605408
YEL030W,YOL005C,0,-3.5763118,0.09072288870811462,0.753000020980835,0.7547000050544739
YBR274W,YOR270C,0,-3.5763721,0.09071195870637894,0.753000020980835,0.754800021648407
YOR173W,YER002W,0,-3.5764968,0.09070103615522385,0.753000020980835,0.7548999786376953
YGL047W,YGL255W,0,-3.5765517,0.09069011360406876,0.753000020980835,0.7549999952316284
YHR186C,YBR165W,0,-3.5765836,0.09067919105291367,0.753000020980835,0.7551000118255615
YMR042W,YPL128C,0,-3.576619,0.09066826850175858,0.753000020980835,0.7552000284194946
YOR014W,YJL004C,0,-3.5767868,0.09065735340118408,0.753000020980835,0.755299985408783
YPL195W,YDR245W,0,-3.5770175,0.09064644575119019,0.753000020980835,0.7554000020027161
YAL007C,YKR097W,0,-3.5770278,0.09063553065061569,0.753000020980835,0.7555000185966492
YPR023C,YCR075C,0,-3.5771782,0.0906246230006218,0.753000020980835,0.7555999755859375
YKL165C,YIL115C,0,-3.5772474,0.0906137153506279,0.753000020980835,0.7556999921798706
YHR043C,YPL011C,0,-3.5773675,0.0906028151512146,0.753000020980835,0.7558000087738037
YGR003W,YLR130C,0,-3.5774267,0.0905919149518013,0.753000020980835,0.7559000253677368
YKR048C,YDR177W,0,-3.577612,0.090581014752388,0.753000020980835,0.7559999823570251
YER008C,YDR092W,0,-3.5776718,0.0905701220035553,0.753000020980835,0.7560999989509583
YDL178W,YNR039C,0,-3.5777242,0.0905592292547226,0.753000020980835,0.7562000155448914
YNL130C,YGL254W,0,-3.5777419,0.09054834395647049,0.753000020980835,0.7562999725341797
YMR056C,YHR023W,0,-3.577881,0.09053745120763779,0.753000020980835,0.7563999891281128
YKL185W,YCL059C,0,-3.578071,0.09052656590938568,0.753000020980835,0.7565000057220459
YMR270C,YPL087W,0,-3.5781558,0.09051568806171417,0.753000020980835,0.756600022315979
YPR188C,YOR347C,0,-3.57821,0.09050481021404266,0.753000020980835,0.7566999793052673
YMR276W,YGR129W,0,-3.578359,0.09049393236637115,0.753000020980835,0.7567999958992004
YGL168W,YNL243W,1,-3.5783746,0.09060321748256683,0.7540000081062317,0.7567999958992004
YLR113W,YPL092W,0,-3.5784423,0.09059233218431473,0.7540000081062317,0.7569000124931335
YLR190W,YLR221C,0,-3.5784693,0.09058145433664322,0.7540000081062317,0.7570000290870667
YGL223C,YBR102C,0,-3.57847,0.09057056903839111,0.7540000081062317,0.757099986076355
YOR067C,YLR262C,0,-3.578595,0.0905596911907196,0.7540000081062317,0.7572000026702881
YDR231C,YKL029C,0,-3.5786617,0.09054882079362869,0.7540000081062317,0.7573000192642212
YOR207C,YDL098C,0,-3.5787737,0.09053794294595718,0.7540000081062317,0.7573999762535095
YIL040W,YPL211W,0,-3.5788267,0.09052707254886627,0.7540000081062317,0.7574999928474426
YOR014W,YPL011C,0,-3.5789158,0.09051620960235596,0.7540000081062317,0.7576000094413757
YEL060C,YOL005C,0,-3.5789545,0.09050533920526505,0.7540000081062317,0.7577000260353088
YGL142C,YJL176C,0,-3.579049,0.09049447625875473,0.7540000081062317,0.7577999830245972
YCR065W,YGR057C,1,-3.5790827,0.09060362726449966,0.7549999952316284,0.7577999830245972
YKL016C,YDR437W,0,-3.5791247,0.09059274941682816,0.7549999952316284,0.7578999996185303
YMR267W,YOR208W,0,-3.5791595,0.09058188647031784,0.7549999952316284,0.7580000162124634
YGL063W,YDL190C,0,-3.579211,0.09057101607322693,0.7549999952316284,0.7580999732017517
YJR160C,YNL099C,0,-3.579478,0.09056015312671661,0.7549999952316284,0.7581999897956848
YMR188C,YPR191W,0,-3.5794857,0.0905492901802063,0.7549999952316284,0.7583000063896179
YOL127W,YHR083W,0,-3.5796072,0.09053843468427658,0.7549999952316284,0.758400022983551
YKL004W,YBL046W,0,-3.5796783,0.09052757918834686,0.7549999952316284,0.7584999799728394
YBR026C,YDR228C,0,-3.5796995,0.09051672369241714,0.7549999952316284,0.7585999965667725
YNR056C,YNL256W,0,-3.5797954,0.09050587564706802,0.7549999952316284,0.7587000131607056
YFL021W,YPL137C,0,-3.5798597,0.0904950276017189,0.7549999952316284,0.7588000297546387
YPL125W,YOL027C,0,-3.5798657,0.09048417955636978,0.7549999952316284,0.758899986743927
YPR019W,YPR187W,0,-3.5798733,0.09047333896160126,0.7549999952316284,0.7590000033378601
YJL085W,YOL147C,0,-3.5798929,0.09046249836683273,0.7549999952316284,0.7591000199317932
YPR187W,YPR121W,0,-3.579971,0.09045165777206421,0.7549999952316284,0.7591999769210815
YPL161C,YKL018W,1,-3.5800378,0.09056061506271362,0.7559999823570251,0.7591999769210815
YER107C,YKL041W,0,-3.580128,0.0905497670173645,0.7559999823570251,0.7592999935150146
YMR006C,YDR381W,0,-3.5801332,0.09053891897201538,0.7559999823570251,0.7594000101089478
YKL046C,YLR369W,0,-3.5801668,0.09052807837724686,0.7559999823570251,0.7595000267028809
YLR372W,YOL109W,1,-3.5802028,0.0906369760632515,0.7570000290870667,0.7595000267028809
YPL115C,YLR360W,0,-3.5802476,0.09062612056732178,0.7570000290870667,0.7595999836921692
YBR161W,YMR302C,0,-3.5804727,0.09061527252197266,0.7570000290870667,0.7597000002861023
YOL008W,YNL222W,0,-3.580548,0.09060443192720413,0.7570000290870667,0.7598000168800354
YLR074C,YOL108C,0,-3.5808084,0.09059358388185501,0.7570000290870667,0.7598999738693237
YML059C,YKR097W,0,-3.5808856,0.09058274328708649,0.7570000290870667,0.7599999904632568
YPR128C,YOR083W,0,-3.5809166,0.09057191014289856,0.7570000290870667,0.7601000070571899
YGL054C,YOR386W,0,-3.5809577,0.09056106954813004,0.7570000290870667,0.760200023651123
YKL189W,YKL080W,0,-3.5809944,0.09055023640394211,0.7570000290870667,0.7602999806404114
YHR021C,YML001W,1,-3.5810435,0.0906590148806572,0.7580000162124634,0.7602999806404114
YMR305C,YJR009C,0,-3.5811222,0.09064816683530807,0.7580000162124634,0.7603999972343445
YPL100W,YMR188C,0,-3.5812268,0.09063733369112015,0.7580000162124634,0.7605000138282776
YGR276C,YPR009W,0,-3.5813153,0.09062649309635162,0.7580000162124634,0.7605999708175659
YPL008W,YOR231W,0,-3.58132,0.0906156599521637,0.7580000162124634,0.760699987411499
YJL165C,YMR077C,0,-3.581333,0.09060482680797577,0.7580000162124634,0.7608000040054321
YPL048W,YJL008C,0,-3.5813348,0.09059400111436844,0.7580000162124634,0.7609000205993652
YIL140W,YGL068W,0,-3.5813868,0.09058317542076111,0.7580000162124634,0.7609999775886536
YHR143W,YNL054W,0,-3.5815432,0.09057234972715378,0.7580000162124634,0.7610999941825867
YOR361C,YDR463W,0,-3.5815651,0.09056153148412704,0.7580000162124634,0.7612000107765198
YMR168C,YGL172W,0,-3.581738,0.09055071324110031,0.7580000162124634,0.7613000273704529
YFL024C,YGR172C,0,-3.5820243,0.09053989499807358,0.7580000162124634,0.7613999843597412
YIL046W,YML055W,0,-3.582115,0.09052908420562744,0.7580000162124634,0.7615000009536743
YKL002W,YDR218C,0,-3.5821917,0.0905182734131813,0.7580000162124634,0.7616000175476074
YPL145C,YMR267W,0,-3.5823724,0.09050746262073517,0.7580000162124634,0.7616999745368958
YER061C,YOR100C,0,-3.5825267,0.09049665927886963,0.7580000162124634,0.7617999911308289
YGL168W,YEL053C,1,-3.5826056,0.090605229139328,0.7590000033378601,0.7617999911308289
YGL043W,YLR100W,0,-3.5826826,0.09059441089630127,0.7590000033378601,0.761900007724762
YOR094W,YLR078C,0,-3.5827575,0.09058360010385513,0.7590000033378601,0.7620000243186951
YOR011W,YGR086C,0,-3.5827801,0.090572789311409,0.7590000033378601,0.7620999813079834
YDR099W,YIL150C,0,-3.5827992,0.09056198596954346,0.7590000033378601,0.7621999979019165
YDR379W,YML093W,0,-3.5828218,0.09055118262767792,0.7590000033378601,0.7623000144958496
YPL248C,YLR396C,0,-3.5828393,0.09054037928581238,0.7590000033378601,0.7623999714851379
YPL241C,YNR006W,0,-3.5828607,0.09052958339452744,0.7590000033378601,0.762499988079071
YKL160W,YLR080W,0,-3.582964,0.0905187800526619,0.7590000033378601,0.7626000046730042
YHR176W,YFR013W,0,-3.5830607,0.09050799161195755,0.7590000033378601,0.7627000212669373
YOR193W,YIR026C,0,-3.5831027,0.09049719572067261,0.7590000033378601,0.7627999782562256
YDR110W,YCR053W,0,-3.5832107,0.09048640727996826,0.7590000033378601,0.7628999948501587
YAL003W,YHR091C,0,-3.583333,0.09047562628984451,0.7590000033378601,0.7630000114440918
YIR010W,YDL212W,0,-3.5833628,0.09046483784914017,0.7590000033378601,0.7631000280380249
YHR160C,YDR398W,0,-3.5834038,0.09045405685901642,0.7590000033378601,0.7631999850273132
YIL142W,YOR188W,0,-3.5835102,0.09044327586889267,0.7590000033378601,0.7633000016212463
YHR031C,YGR046W,0,-3.5836709,0.09043250232934952,0.7590000033378601,0.7634000182151794
YKL112W,YFL009W,0,-3.58368,0.09042172878980637,0.7590000033378601,0.7634999752044678
YDR054C,YHR190W,0,-3.5839336,0.09041095525026321,0.7590000033378601,0.7635999917984009
YNL049C,YBR273C,0,-3.5839403,0.09040018916130066,0.7590000033378601,0.763700008392334
YER016W,YOR149C,0,-3.5839765,0.0903894230723381,0.7590000033378601,0.7638000249862671
YGL172W,YDL080C,0,-3.5840085,0.09037866443395615,0.7590000033378601,0.7638999819755554
YOR136W,YJL094C,0,-3.584034,0.09036789834499359,0.7590000033378601,0.7639999985694885
YBL085W,YHR053C,0,-3.5840476,0.09035713970661163,0.7590000033378601,0.7641000151634216
YDR508C,YDR392W,0,-3.5840743,0.09034638851881027,0.7590000033378601,0.76419997215271
YBR023C,YOR244W,0,-3.5842595,0.09033563733100891,0.7590000033378601,0.7642999887466431
YEL027W,YDR294C,0,-3.5844543,0.09032488614320755,0.7590000033378601,0.7644000053405762
YMR219W,YNL073W,0,-3.5844996,0.09031413495540619,0.7590000033378601,0.7645000219345093
YAL058W,YDR494W,0,-3.5845325,0.09030339121818542,0.7590000033378601,0.7645999789237976
YDR130C,YKL045W,0,-3.584551,0.09029264748096466,0.7590000033378601,0.7646999955177307
YML036W,YDL059C,1,-3.5846965,0.09040085971355438,0.7599999904632568,0.7646999955177307
YNL041C,YBR260C,0,-3.5847058,0.09039010107517242,0.7599999904632568,0.7648000121116638
YHR178W,YGR162W,0,-3.5847085,0.09037935733795166,0.7599999904632568,0.7649000287055969
YGR252W,YGL162W,0,-3.5847118,0.0903686061501503,0.7599999904632568,0.7649999856948853
YKL055C,YIL021W,0,-3.5847714,0.09035786241292953,0.7599999904632568,0.7651000022888184
YOL045W,YHR098C,0,-3.5848565,0.09034712612628937,0.7599999904632568,0.7652000188827515
YGL155W,YGR253C,0,-3.584864,0.0903363823890686,0.7599999904632568,0.7652999758720398
YDR214W,YNL004W,0,-3.584882,0.09032564610242844,0.7599999904632568,0.7653999924659729
YMR186W,YOR322C,1,-3.5849116,0.0904337465763092,0.7609999775886536,0.7653999924659729
YGL223C,YDR202C,0,-3.5849206,0.09042300283908844,0.7609999775886536,0.765500009059906
YOR136W,YHR152W,0,-3.5849793,0.09041225910186768,0.7609999775886536,0.7656000256538391
YIL114C,YLL021W,0,-3.5849972,0.09040152281522751,0.7609999775886536,0.7656999826431274
YDR258C,YNL293W,0,-3.5850008,0.09039077907800674,0.7609999775886536,0.7657999992370605
YBR193C,YOL045W,0,-3.5850127,0.09038005024194717,0.7609999775886536,0.7659000158309937
YFR004W,YBR273C,0,-3.5851672,0.090369313955307,0.7609999775886536,0.765999972820282
YOR023C,YHR043C,0,-3.5851972,0.09035858511924744,0.7609999775886536,0.7660999894142151
YDR309C,YBR244W,0,-3.5852149,0.09034785628318787,0.7609999775886536,0.7662000060081482
YEL050C,YJR049C,0,-3.5852695,0.09033713489770889,0.7609999775886536,0.7663000226020813
YMR056C,YGL151W,0,-3.5852826,0.09032640606164932,0.7609999775886536,0.7663999795913696
YBR234C,YOR316C,0,-3.58529,0.09031569212675095,0.7609999775886536,0.7664999961853027
YLR417W,YMR106C,1,-3.5852942,0.09042363613843918,0.7620000243186951,0.7664999961853027
YIR004W,YGL205W,0,-3.5854084,0.09041290730237961,0.7620000243186951,0.7666000127792358
YDR508C,YGL229C,0,-3.5854602,0.09040218591690063,0.7620000243186951,0.766700029373169
YBR009C,YDR011W,0,-3.58556,0.09039145708084106,0.7620000243186951,0.7667999863624573
YCL029C,YPL214C,0,-3.5856366,0.09038073569536209,0.7620000243186951,0.7669000029563904
YLL027W,YDR027C,1,-3.5856488,0.09048861265182495,0.7630000114440918,0.7669000029563904
YHR190W,YLR043C,0,-3.5857613,0.09047788381576538,0.7630000114440918,0.7670000195503235
YCR014C,YDL064W,0,-3.5858104,0.09046715497970581,0.7630000114440918,0.7670999765396118
YHR178W,YKR056W,0,-3.5858138,0.09045643359422684,0.7630000114440918,0.7671999931335449
YNR043W,YNL098C,0,-3.5858543,0.09044571220874786,0.7630000114440918,0.767300009727478
YKL057C,YJL166W,0,-3.5858843,0.09043499082326889,0.7630000114440918,0.7674000263214111
YPR108W,YJR004C,0,-3.5859463,0.09042426943778992,0.7630000114440918,0.7674999833106995
YIL079C,YCL004W,0,-3.585962,0.09041355550289154,0.7630000114440918,0.7675999999046326
YMR267W,YEL013W,0,-3.585972,0.09040284156799316,0.7630000114440918,0.7677000164985657
YAL053W,YIR002C,0,-3.585986,0.09039213508367538,0.7630000114440918,0.767799973487854
YDR054C,YLL050C,0,-3.5860264,0.0903814285993576,0.7630000114440918,0.7678999900817871
YOL038W,YNR031C,0,-3.586048,0.09037072211503983,0.7630000114440918,0.7680000066757202
YGL018C,YKL203C,0,-3.5860865,0.09036001563072205,0.7630000114440918,0.7681000232696533
YPR018W,YML076C,0,-3.58628,0.09034931659698486,0.7630000114440918,0.7681999802589417
YPL112C,YAL033W,0,-3.5862832,0.09033862501382828,0.7630000114440918,0.7682999968528748
YLR145W,YJL141C,0,-3.586307,0.0903279259800911,0.7630000114440918,0.7684000134468079
YAL012W,YKL189W,0,-3.5864084,0.09031723439693451,0.7630000114440918,0.7684999704360962
YLR423C,YDR300C,1,-3.5865862,0.09042490273714066,0.7639999985694885,0.7684999704360962
YHL048W,YBR185C,0,-3.5867722,0.09041420370340347,0.7639999985694885,0.7685999870300293
YIL098C,YOR217W,0,-3.5868046,0.09040350466966629,0.7639999985694885,0.7687000036239624
YGL192W,YLR268W,0,-3.5868948,0.09039280563592911,0.7639999985694885,0.7688000202178955
YPR017C,YDR343C,0,-3.5869505,0.09038211405277252,0.7639999985694885,0.7688999772071838
YDR040C,YOR259C,0,-3.5871665,0.09037142246961594,0.7639999985694885,0.7689999938011169
YMR053C,YLR354C,0,-3.5872362,0.09036073088645935,0.7639999985694885,0.76910001039505
YOR327C,YLR234W,1,-3.5874946,0.09046830981969833,0.7649999856948853,0.76910001039505
YER061C,YLR447C,0,-3.5875037,0.09045761078596115,0.7649999856948853,0.7692000269889832
YNL133C,YGR229C,1,-3.5876005,0.09056514501571655,0.765999972820282,0.7692000269889832
YKL189W,YGR128C,0,-3.587917,0.09055443853139877,0.765999972820282,0.7692999839782715
YJL173C,YBR143C,0,-3.5879357,0.090543732047081,0.765999972820282,0.7694000005722046
YER025W,YPL218W,0,-3.587963,0.09053303301334381,0.765999972820282,0.7695000171661377
YDL126C,YGR193C,0,-3.587972,0.09052233397960663,0.765999972820282,0.769599974155426
YOR080W,YCR075C,0,-3.5880883,0.09051164239645004,0.765999972820282,0.7696999907493591
YJR153W,YGR152C,0,-3.5881274,0.09050094336271286,0.765999972820282,0.7698000073432922
YKL053C-A,YKR022C,0,-3.5882459,0.09049025177955627,0.765999972820282,0.7699000239372253
YOR136W,YLR347C,0,-3.588246,0.09047956764698029,0.765999972820282,0.7699999809265137
YOR032C,YNL037C,0,-3.5884821,0.0904688760638237,0.765999972820282,0.7700999975204468
YEL013W,YPL033C,0,-3.5885427,0.09045819193124771,0.765999972820282,0.7702000141143799
YHR163W,YMR313C,0,-3.5885751,0.09044751524925232,0.765999972820282,0.7702999711036682
YPL227C,YJL024C,0,-3.588628,0.09043683856725693,0.765999972820282,0.7703999876976013
YPR007C,YGL232W,0,-3.5887196,0.09042616188526154,0.765999972820282,0.7705000042915344
YPR023C,YOL038W,0,-3.5887203,0.09041548520326614,0.765999972820282,0.7706000208854675
YJL208C,YGL175C,0,-3.5889215,0.09040481597185135,0.765999972820282,0.7706999778747559
YDR254W,YOR037W,0,-3.589011,0.09039414674043655,0.765999972820282,0.770799994468689
YOR260W,YLR260W,0,-3.5890563,0.09038347750902176,0.765999972820282,0.7709000110626221
YIL007C,YPL020C,0,-3.5890565,0.09037281572818756,0.765999972820282,0.7710000276565552
YNL147W,YDR082W,1,-3.5890687,0.09048011898994446,0.7670000195503235,0.7710000276565552
YPL177C,YOR149C,0,-3.5890777,0.09046944975852966,0.7670000195503235,0.7710999846458435
YJL209W,YJL139C,0,-3.589224,0.09045878052711487,0.7670000195503235,0.7712000012397766
YLR380W,YBR087W,0,-3.589382,0.09044811129570007,0.7670000195503235,0.7713000178337097
YOL023W,YBL061C,0,-3.589475,0.09043744951486588,0.7670000195503235,0.771399974822998
YKR042W,YEL041W,0,-3.5895135,0.09042678773403168,0.7670000195503235,0.7714999914169312
YLR423C,YML036W,1,-3.5895216,0.09053400903940201,0.7680000066757202,0.7714999914169312
YPR183W,YIL046W,0,-3.5898912,0.09052333980798721,0.7680000066757202,0.7716000080108643
YIL049W,YLL038C,0,-3.5898943,0.09051267057657242,0.7680000066757202,0.7717000246047974
YHR176W,YPR009W,0,-3.589989,0.09050200134515762,0.7680000066757202,0.7717999815940857
YBR195C,YGL167C,0,-3.590007,0.09049133956432343,0.7680000066757202,0.7718999981880188
YOL051W,YML062C,1,-3.5901911,0.09059849381446838,0.7689999938011169,0.7718999981880188
YML067C,YLR034C,0,-3.5902262,0.09058781713247299,0.7689999938011169,0.7720000147819519
YOR245C,YMR047C,0,-3.5903432,0.0905771479010582,0.7689999938011169,0.7720999717712402
YGR077C,YDR170C,0,-3.5903738,0.0905664786696434,0.7689999938011169,0.7721999883651733
YMR021C,YDR449C,0,-3.5903857,0.0905558168888092,0.7689999938011169,0.7723000049591064
YER073W,YOL038W,0,-3.5907526,0.090545155107975,0.7689999938011169,0.7724000215530396
YPR001W,YER031C,0,-3.5907562,0.09053449332714081,0.7689999938011169,0.7724999785423279
YIL140W,YPL037C,0,-3.5909562,0.09052383899688721,0.7689999938011169,0.772599995136261
YIL110W,YAL005C,0,-3.5911186,0.0905131846666336,0.7689999938011169,0.7727000117301941
YMR044W,YOR307C,0,-3.5913064,0.09050253033638,0.7689999938011169,0.7728000283241272
YFL018C,YPR080W,0,-3.5913534,0.090491883456707,0.7689999938011169,0.7728999853134155
YAL005C,YER082C,0,-3.5914612,0.090481236577034,0.7689999938011169,0.7730000019073486
YIL112W,YER154W,0,-3.5914984,0.09047058969736099,0.7689999938011169,0.7731000185012817
YHR059W,YLR453C,1,-3.591519,0.09057758003473282,0.7699999809265137,0.7731000185012817
YKL042W,YNL054W,0,-3.591562,0.09056692570447922,0.7699999809265137,0.7731999754905701
YGR225W,YGL155W,0,-3.591575,0.09055627137422562,0.7699999809265137,0.7732999920845032
YHR191C,YHR041C,1,-3.5916536,0.09066321700811386,0.7710000276565552,0.7732999920845032
YCL032W,YPL019C,0,-3.5916715,0.09065255522727966,0.7710000276565552,0.7734000086784363
YGR120C,YJR086W,0,-3.59172,0.09064190089702606,0.7710000276565552,0.7735000252723694
YJR063W,YDL080C,0,-3.5918558,0.09063124656677246,0.7710000276565552,0.7735999822616577
YEL029C,YDR443C,1,-3.591897,0.09073812514543533,0.7720000147819519,0.7735999822616577
YER015W,YOL028C,0,-3.5920362,0.09072746336460114,0.7720000147819519,0.7736999988555908
YLR342W,YOL003C,0,-3.5921664,0.09071680158376694,0.7720000147819519,0.7738000154495239
YFL013C,YIL063C,0,-3.592278,0.09070614725351334,0.7720000147819519,0.7738999724388123
YJL186W,YBL030C,0,-3.5923932,0.09069548547267914,0.7720000147819519,0.7739999890327454
YBR029C,YDR288W,0,-3.5924792,0.09068483859300613,0.7720000147819519,0.7741000056266785
YOL094C,YCR018C,0,-3.5925157,0.09067418426275253,0.7720000147819519,0.7742000222206116
YGR044C,YBR253W,0,-3.592538,0.09066353738307953,0.7720000147819519,0.7742999792098999
YDR158W,YER149C,0,-3.5926077,0.09065289050340652,0.7720000147819519,0.774399995803833
YKL034W,YGL098W,0,-3.5926125,0.09064224362373352,0.7720000147819519,0.7745000123977661
YPR025C,YML057W,0,-3.5927117,0.09063160419464111,0.7720000147819519,0.7746000289916992
YFL029C,YFR036W,0,-3.592767,0.0906209647655487,0.7720000147819519,0.7746999859809875
YKL017C,YJL072C,0,-3.5927956,0.0906103253364563,0.7720000147819519,0.7748000025749207
YDR512C,YDR103W,0,-3.5928032,0.09059969335794449,0.7720000147819519,0.7749000191688538
YIL049W,YOL027C,0,-3.5929415,0.09058906137943268,0.7720000147819519,0.7749999761581421
YJL129C,YLR417W,1,-3.5930555,0.09069576114416122,0.7730000019073486,0.7749999761581421
YPL096W,YCL001W,0,-3.593158,0.09068512171506882,0.7730000019073486,0.7750999927520752
YBR106W,YHR021C,1,-3.59316,0.09079179167747498,0.7739999890327454,0.7750999927520752
YBL033C,YDR494W,0,-3.593189,0.09078113734722137,0.7739999890327454,0.7752000093460083
YEL018W,YPL218W,0,-3.5932431,0.09077049046754837,0.7739999890327454,0.7753000259399414
YOR109W,YDR386W,0,-3.593456,0.09075985103845596,0.7739999890327454,0.7753999829292297
YPR082C,YLR047C,0,-3.5935547,0.09074921160936356,0.7739999890327454,0.7754999995231628
YJR063W,YLR135W,0,-3.5935717,0.09073857218027115,0.7739999890327454,0.775600016117096
YKL185W,YOL005C,0,-3.5936177,0.09072793275117874,0.7739999890327454,0.7756999731063843
YPR105C,YOR208W,0,-3.593747,0.09071730077266693,0.7739999890327454,0.7757999897003174
YPL156C,YLR071C,0,-3.5938,0.09070666879415512,0.7739999890327454,0.7759000062942505
YBL061C,YIL016W,0,-3.5938823,0.09069603681564331,0.7739999890327454,0.7760000228881836
YLR134W,YDR011W,0,-3.593912,0.0906854122877121,0.7739999890327454,0.7760999798774719
YNL023C,YHR001W,0,-3.5940135,0.09067478775978088,0.7739999890327454,0.776199996471405
YPL146C,YPL176C,0,-3.5941246,0.09066417068243027,0.7739999890327454,0.7763000130653381
YIL126W,YIL135C,0,-3.5941787,0.09065354615449905,0.7739999890327454,0.7764000296592712
YHR034C,YGL115W,0,-3.5942671,0.09064292907714844,0.7739999890327454,0.7764999866485596
YBL058W,YJL129C,1,-3.5943196,0.09074941277503967,0.7749999761581421,0.7764999866485596
YDR182W,YEL019C,0,-3.594325,0.09073878824710846,0.7749999761581421,0.7766000032424927
YDR296W,YNL201C,0,-3.5943277,0.09072816371917725,0.7749999761581421,0.7767000198364258
YER026C,YER107C,0,-3.5943453,0.09071754664182663,0.7749999761581421,0.7767999768257141
YMR277W,YJR049C,0,-3.5943916,0.09070692956447601,0.7749999761581421,0.7768999934196472
YNL219C,YLR398C,0,-3.5944111,0.0906963124871254,0.7749999761581421,0.7770000100135803
YCR084C,YHR161C,0,-3.594478,0.09068570286035538,0.7749999761581421,0.7771000266075134
YER006W,YJL192C,0,-3.5944927,0.09067509323358536,0.7749999761581421,0.7771999835968018
YIL053W,YHR083W,0,-3.5945356,0.09066448360681534,0.7749999761581421,0.7773000001907349
YKL020C,YDR312W,0,-3.5945904,0.09065387398004532,0.7749999761581421,0.777400016784668
YDL164C,YPR154W,0,-3.5946052,0.0906432718038559,0.7749999761581421,0.7774999737739563
YMR078C,YKR061W,0,-3.594632,0.09063267707824707,0.7749999761581421,0.7775999903678894
YML120C,YNL209W,0,-3.5946338,0.09062207490205765,0.7749999761581421,0.7777000069618225
YML095C,YIL030C,0,-3.5947545,0.09061148017644882,0.7749999761581421,0.7778000235557556
YJR001W,YML069W,0,-3.5947976,0.09060088545084,0.7749999761581421,0.777899980545044
YLR233C,YDR418W,1,-3.594801,0.0907071903347969,0.7760000228881836,0.777899980545044
YML036W,YER116C,1,-3.59482,0.09081346541643143,0.7770000100135803,0.777899980545044
YMR303C,YDR177W,0,-3.594877,0.09080284833908081,0.7770000100135803,0.777999997138977
YGL119W,YGL150C,0,-3.5949237,0.09079223871231079,0.7770000100135803,0.7781000137329102
YLR127C,YMR220W,0,-3.594972,0.09078163653612137,0.7770000100135803,0.7781999707221985
YMR213W,YNL023C,0,-3.5949764,0.09077102690935135,0.7770000100135803,0.7782999873161316
YPR052C,YGL144C,0,-3.5953496,0.09076042473316193,0.7770000100135803,0.7784000039100647
YPL097W,YOR216C,0,-3.5954082,0.0907498225569725,0.7770000100135803,0.7785000205039978
YPR201W,YOL031C,0,-3.5954292,0.09073922783136368,0.7770000100135803,0.7785999774932861
YHR008C,YOR353C,0,-3.5954561,0.09072863310575485,0.7770000100135803,0.7786999940872192
YLL043W,YIL126W,0,-3.595537,0.09071803838014603,0.7770000100135803,0.7788000106811523
YLR059C,YDR289C,0,-3.5956533,0.0907074511051178,0.7770000100135803,0.7789000272750854
YLR368W,YGL129C,0,-3.5957053,0.09069685637950897,0.7770000100135803,0.7789999842643738
YGL105W,YBL011W,0,-3.5961578,0.09068627655506134,0.7770000100135803,0.7791000008583069
YDR069C,YOR322C,1,-3.5961816,0.09079238772392273,0.777999997138977,0.7791000008583069
YNL129W,YFR052W,0,-3.596387,0.0907818004488945,0.777999997138977,0.77920001745224
YNL153C,YCR077C,0,-3.5965774,0.09077120572328568,0.777999997138977,0.7792999744415283
YBR008C,YNL110C,0,-3.5966942,0.09076061844825745,0.777999997138977,0.7793999910354614
YOL001W,YHR041C,1,-3.5966995,0.09086667746305466,0.7789999842643738,0.7793999910354614
YKR036C,YDL015C,0,-3.5967615,0.09085607528686523,0.7789999842643738,0.7795000076293945
YER183C,YLR371W,0,-3.5968695,0.09084548056125641,0.7789999842643738,0.7796000242233276
YJL062W,YLR163C,0,-3.59702,0.09083488583564758,0.7789999842643738,0.779699981212616
YBR142W,YPL180W,0,-3.5970886,0.09082429856061935,0.7789999842643738,0.7797999978065491
YDL100C,YDR217C,0,-3.5971978,0.09081371128559113,0.7789999842643738,0.7799000144004822
YJL138C,YDR259C,0,-3.5972974,0.0908031240105629,0.7789999842643738,0.7799999713897705
YHL048W,YPL093W,0,-3.5974152,0.09079254418611526,0.7789999842643738,0.7800999879837036
YGR227W,YJL065C,0,-3.5975604,0.09078195691108704,0.7789999842643738,0.7802000045776367
YNL015W,YPR036W,0,-3.5976574,0.09077138453722,0.7789999842643738,0.7803000211715698
YNR017W,YDL138W,0,-3.5977302,0.09076080471277237,0.7789999842643738,0.7803999781608582
YNR052C,YCR053W,0,-3.5977561,0.09075023233890533,0.7789999842643738,0.7804999947547913
YDL105W,YBR223C,0,-3.5977566,0.0907396599650383,0.7789999842643738,0.7806000113487244
YBR260C,YOR084W,0,-3.5977876,0.09072909504175186,0.7789999842643738,0.7807000279426575
YHR034C,YBR143C,0,-3.5979228,0.09071853011846542,0.7789999842643738,0.7807999849319458
YNL148C,YCL026C-A,0,-3.5980222,0.09070796519517899,0.7789999842643738,0.7809000015258789
YKR068C,YGR197C,0,-3.5981157,0.09069740027189255,0.7789999842643738,0.781000018119812
YLR113W,YBL102W,0,-3.5983284,0.0906868427991867,0.7789999842643738,0.7810999751091003
YPL078C,YMR198W,0,-3.59839,0.09067629277706146,0.7789999842643738,0.7811999917030334
YAR033W,YLR141W,0,-3.5984144,0.09066573530435562,0.7789999842643738,0.7813000082969666
YGL054C,YBR037C,0,-3.5985692,0.09065518528223038,0.7789999842643738,0.7814000248908997
YJL100W,YDR164C,0,-3.5986986,0.09064463526010513,0.7789999842643738,0.781499981880188
YOL027C,YDR088C,0,-3.5987265,0.09063409268856049,0.7789999842643738,0.7815999984741211
YNL275W,YOL105C,0,-3.599078,0.09062354266643524,0.7789999842643738,0.7817000150680542
YDR356W,YDR160W,0,-3.5990949,0.09061300754547119,0.7789999842643738,0.7817999720573425
YIR021W,YOR195W,0,-3.599097,0.09060246497392654,0.7789999842643738,0.7818999886512756
YGR227W,YIL021W,0,-3.5991066,0.0905919298529625,0.7789999842643738,0.7820000052452087
YFR046C,YDR073W,0,-3.5991414,0.09058139473199844,0.7789999842643738,0.7821000218391418
YDR456W,YOR363C,0,-3.599158,0.09057086706161499,0.7789999842643738,0.7821999788284302
YOR078W,YAR007C,1,-3.5992231,0.09067658334970474,0.7799999713897705,0.7821999788284302
YIL019W,YMR006C,0,-3.5993056,0.09066604822874069,0.7799999713897705,0.7822999954223633
YER173W,YBR127C,0,-3.5993798,0.09065550565719604,0.7799999713897705,0.7824000120162964
YIL048W,YBL046W,0,-3.5993812,0.090644970536232,0.7799999713897705,0.7825000286102295
YJL100W,YBR188C,0,-3.599386,0.09063444286584854,0.7799999713897705,0.7825999855995178
YFR009W,YOR221C,0,-3.59942,0.09062390774488449,0.7799999713897705,0.7827000021934509
YOR209C,YER075C,0,-3.5994291,0.09061338007450104,0.7799999713897705,0.782800018787384
YDR073W,YML085C,0,-3.5996006,0.09060285985469818,0.7799999713897705,0.7828999757766724
YBR280C,YEL051W,0,-3.599606,0.09059233218431473,0.7799999713897705,0.7829999923706055
YLL061W,YDR473C,0,-3.599651,0.09058181196451187,0.7799999713897705,0.7831000089645386
YLR127C,YML057W,0,-3.5996568,0.09057129919528961,0.7799999713897705,0.7832000255584717
YJL061W,YEL041W,0,-3.5997772,0.09056077897548676,0.7799999713897705,0.78329998254776
YNL232W,YAR033W,0,-3.5998256,0.0905502662062645,0.7799999713897705,0.7833999991416931
YDR009W,YKR056W,0,-3.5999908,0.09053975343704224,0.7799999713897705,0.7835000157356262
YCL016C,YKL018W,1,-3.5999992,0.09064531326293945,0.781000018119812,0.7835000157356262
YMR116C,YGL136C,1,-3.6000874,0.09075084328651428,0.7820000052452087,0.7835000157356262
YBR135W,YDR397C,0,-3.6001096,0.09074030816555023,0.7820000052452087,0.7835999727249146
YCR020C-A,YER116C,1,-3.600267,0.09084580838680267,0.7829999923706055,0.7835999727249146
YPL227C,YDR382W,0,-3.6003232,0.09083526581525803,0.7829999923706055,0.7836999893188477
YIL004C,YOR259C,0,-3.6004674,0.09082473069429398,0.7829999923706055,0.7838000059127808
YKL007W,YER127W,0,-3.6004822,0.09081419557332993,0.7829999923706055,0.7839000225067139
YIR004W,YDR245W,0,-3.600715,0.09080366790294647,0.7829999923706055,0.7839999794960022
YMR042W,YPR100W,0,-3.6008933,0.09079313278198242,0.7829999923706055,0.7840999960899353
YGR238C,YLR022C,0,-3.6009197,0.09078260511159897,0.7829999923706055,0.7842000126838684
YPR188C,YMR054W,0,-3.6009634,0.09077208489179611,0.7829999923706055,0.7843000292778015
YGR103W,YDR381W,0,-3.601074,0.09076156467199326,0.7829999923706055,0.7843999862670898
YDR411C,YDR093W,0,-3.6011927,0.0907510444521904,0.7829999923706055,0.784500002861023
YNL169C,YDR292C,0,-3.6012785,0.09074052423238754,0.7829999923706055,0.784600019454956
YLR141W,YDR167W,0,-3.6014097,0.09073001146316528,0.7829999923706055,0.7846999764442444
YDR345C,YDR189W,0,-3.6014452,0.09071949869394302,0.7829999923706055,0.7847999930381775
YNL037C,YOL135C,0,-3.6015553,0.09070899337530136,0.7829999923706055,0.7849000096321106
YGR003W,YCL040W,0,-3.6016157,0.0906984806060791,0.7829999923706055,0.7850000262260437
YDR392W,YLR193C,0,-3.6016853,0.09068797528743744,0.7829999923706055,0.785099983215332
YPR199C,YNR046W,0,-3.6016934,0.09067747741937637,0.7829999923706055,0.7851999998092651
YBR059C,YLL031C,0,-3.6018858,0.09066697210073471,0.7829999923706055,0.7853000164031982
YGR229C,YPL106C,1,-3.6019962,0.09077225625514984,0.7839999794960022,0.7853000164031982
YOR371C,YKR065C,0,-3.6020114,0.09076175093650818,0.7839999794960022,0.7853999733924866
YGL143C,YHR098C,0,-3.6020753,0.09075124561786652,0.7839999794960022,0.7854999899864197
YLR423C,YGL212W,1,-3.6021013,0.09085648506879807,0.7850000262260437,0.7854999899864197
YKL129C,YGL144C,0,-3.6021128,0.09084596484899521,0.7850000262260437,0.7856000065803528
YPR103W,YBL061C,0,-3.6021397,0.09083545207977295,0.7850000262260437,0.7857000231742859
YAL044C,YLR417W,1,-3.602184,0.09094064682722092,0.7860000133514404,0.7857000231742859
YOL060C,YIR008C,0,-3.602248,0.09093012660741806,0.7860000133514404,0.7857999801635742
YOR094W,YMR047C,0,-3.6022844,0.0909196063876152,0.7860000133514404,0.7858999967575073
YPR201W,YNL073W,0,-3.602365,0.09090909361839294,0.7860000133514404,0.7860000133514404
YGL017W,YOR180C,0,-3.6024375,0.09089858084917068,0.7860000133514404,0.7860999703407288
YHR176W,YGL144C,0,-3.602455,0.09088806807994843,0.7860000133514404,0.7861999869346619
YIL149C,YJL019W,0,-3.6024702,0.09087755531072617,0.7860000133514404,0.786300003528595
YGL071W,YJL100W,0,-3.6024735,0.0908670499920845,0.7860000133514404,0.7864000201225281
YGR057C,YMR179W,1,-3.6024935,0.09097214043140411,0.7870000004768372,0.7864000201225281
YGR057C,YMR142C,1,-3.6026402,0.09107720851898193,0.7879999876022339,0.7864000201225281
YIL070C,YOR372C,0,-3.6026561,0.09106668084859848,0.7879999876022339,0.7864999771118164
YGR163W,YLR148W,1,-3.6027157,0.09117171168327332,0.7889999747276306,0.7864999771118164
YJL128C,YOR045W,0,-3.6027765,0.09116117656230927,0.7889999747276306,0.7865999937057495
YDR279W,YJR010C-A,0,-3.6028533,0.09115064889192581,0.7889999747276306,0.7867000102996826
YDR216W,YOR106W,0,-3.6028621,0.09114012122154236,0.7889999747276306,0.7868000268936157
YLL027W,YJL129C,1,-3.602885,0.09124509245157242,0.7900000214576721,0.7868000268936157
YOR039W,YLR248W,0,-3.6029952,0.09123455733060837,0.7900000214576721,0.786899983882904
YPL078C,YOL135C,0,-3.603049,0.09122401475906372,0.7900000214576721,0.7870000004768372
YJR064W,YDR246W,0,-3.6031694,0.09121348708868027,0.7900000214576721,0.7871000170707703
YCL026C-A,YJL013C,0,-3.6034749,0.09120295196771622,0.7900000214576721,0.7871999740600586
YBR065C,YJL052W,0,-3.6040752,0.09119242429733276,0.7900000214576721,0.7872999906539917
YLR080W,YDL100C,0,-3.6042788,0.09118190407752991,0.7900000214576721,0.7874000072479248
YDL192W,YAL013W,1,-3.6043532,0.0912867859005928,0.7910000085830688,0.7874000072479248
YDL164C,YDR130C,0,-3.6044285,0.09127625077962875,0.7910000085830688,0.7875000238418579
YGR178C,YOR346W,0,-3.6047394,0.0912657231092453,0.7910000085830688,0.7875999808311462
YGR180C,YMR270C,0,-3.6047494,0.09125518798828125,0.7910000085830688,0.7876999974250793
YKL084W,YOR018W,0,-3.604761,0.0912446677684784,0.7910000085830688,0.7878000140190125
YOR279C,YPL106C,1,-3.6047652,0.09134948253631592,0.7919999957084656,0.7878000140190125
YHR191C,YBL058W,1,-3.605089,0.09145427495241165,0.7929999828338623,0.7878000140190125
YHR158C,YOR361C,0,-3.6051114,0.09144372493028641,0.7929999828338623,0.7878999710083008
YOL146W,YDR494W,0,-3.6051724,0.09143318235874176,0.7929999828338623,0.7879999876022339
YCR027C,YJR127C,0,-3.6051748,0.09142263978719711,0.7929999828338623,0.788100004196167
YLL060C,YLR113W,0,-3.6052134,0.09141210466623306,0.7929999828338623,0.7882000207901001
YDR450W,YHR041C,1,-3.6052244,0.09151683002710342,0.7940000295639038,0.7882000207901001
YDR450W,YHR139C,1,-3.605234,0.0916215255856514,0.7950000166893005,0.7882000207901001
YLR226W,YPL137C,0,-3.6053364,0.09161096811294556,0.7950000166893005,0.7882999777793884
YGL119W,YPR008W,0,-3.6055906,0.09160041809082031,0.7950000166893005,0.7883999943733215
YNL261W,YGL098W,0,-3.6057947,0.09158986061811447,0.7950000166893005,0.7885000109672546
YPL196W,YMR227C,0,-3.6059358,0.09157931059598923,0.7950000166893005,0.7886000275611877
YNL059C,YNL093W,0,-3.60595,0.09156876057386398,0.7950000166893005,0.7886999845504761
YHR108W,YNL015W,0,-3.6060922,0.09155821800231934,0.7950000166893005,0.7888000011444092
YGR006W,YNL079C,0,-3.6060925,0.09154767543077469,0.7950000166893005,0.7889000177383423
YFR008W,YOL060C,0,-3.6061153,0.09153713285923004,0.7950000166893005,0.7889999747276306
YLR260W,YML046W,0,-3.6062772,0.09152659773826599,0.7950000166893005,0.7890999913215637
YAL041W,YJL196C,0,-3.6062791,0.09151605516672134,0.7950000166893005,0.7892000079154968
YJR135C,YML047C,0,-3.606368,0.09150552749633789,0.7950000166893005,0.7893000245094299
YLR160C,YGR078C,0,-3.6065009,0.09149499237537384,0.7950000166893005,0.7893999814987183
YKL093W,YBL103C,0,-3.6071713,0.09148446470499039,0.7950000166893005,0.7894999980926514
YBL030C,YLR145W,0,-3.6073217,0.09147393703460693,0.7950000166893005,0.7896000146865845
YNL012W,YOR332W,0,-3.607354,0.09146341681480408,0.7950000166893005,0.7896999716758728
YBR217W,YAL003W,0,-3.6074984,0.09145289659500122,0.7950000166893005,0.7897999882698059
YOL151W,YMR182C,0,-3.6075044,0.09144237637519836,0.7950000166893005,0.789900004863739
YBR042C,YDR289C,0,-3.6075826,0.09143185615539551,0.7950000166893005,0.7900000214576721
YPL048W,YMR290C,0,-3.6077855,0.09142134338617325,0.7950000166893005,0.7900999784469604
YNL030W,YOR048C,0,-3.6078446,0.09141083061695099,0.7950000166893005,0.7901999950408936
YJR108W,YIL138C,0,-3.6080446,0.09140032529830933,0.7950000166893005,0.7903000116348267
YKL049C,YLR378C,0,-3.608178,0.09138981252908707,0.7950000166893005,0.7904000282287598
YPR046W,YJL139C,0,-3.6082542,0.0913793072104454,0.7950000166893005,0.7904999852180481
YBL045C,YOR372C,0,-3.6082928,0.09136880934238434,0.7950000166893005,0.7906000018119812
YER114C,YMR267W,0,-3.6083045,0.09135831147432327,0.7950000166893005,0.7907000184059143
YDR284C,YDR038C,0,-3.6084845,0.09134781360626221,0.7950000166893005,0.7907999753952026
YGR227W,YLR052W,0,-3.60866,0.09133731573820114,0.7950000166893005,0.7908999919891357
YPR030W,YHR181W,0,-3.608679,0.09132682532072067,0.7950000166893005,0.7910000085830688
YFL016C,YDL190C,0,-3.6088161,0.0913163349032402,0.7950000166893005,0.791100025177002
YOR335C,YHL025W,0,-3.6091418,0.09130584448575974,0.7950000166893005,0.7911999821662903
YGL257C,YGL162W,0,-3.6092336,0.09129536151885986,0.7950000166893005,0.7912999987602234
YMR198W,YOR208W,0,-3.6093926,0.09128487855195999,0.7950000166893005,0.7914000153541565
YBR257W,YMR302C,0,-3.6096056,0.09127439558506012,0.7950000166893005,0.7914999723434448
YDR052C,YPL046C,0,-3.6096659,0.09126392006874084,0.7950000166893005,0.7915999889373779
YCR038C,YMR129W,0,-3.6097105,0.09125344455242157,0.7950000166893005,0.791700005531311
YOR386W,YOL091W,0,-3.6099813,0.0912429690361023,0.7950000166893005,0.7918000221252441
YIL066C,YLR268W,0,-3.610049,0.09123250097036362,0.7950000166893005,0.7918999791145325
YJL099W,YLR347C,0,-3.610053,0.09122203290462494,0.7950000166893005,0.7919999957084656
YJR093C,YBR095C,0,-3.6101081,0.09121156483888626,0.7950000166893005,0.7921000123023987
YLR418C,YOR003W,1,-3.610175,0.09131582081317902,0.7960000038146973,0.7921000123023987
YHR158C,YGR074W,0,-3.61046,0.09130534529685974,0.7960000038146973,0.7922000288963318
YBR247C,YJL004C,0,-3.6105454,0.09129486978054047,0.7960000038146973,0.7922999858856201
YNR058W,YPR155C,0,-3.6113608,0.09128440171480179,0.7960000038146973,0.7924000024795532
YIR009W,YDL106C,0,-3.6113772,0.09127393364906311,0.7960000038146973,0.7925000190734863
YDR345C,YJL138C,0,-3.6113956,0.09126347303390503,0.7960000038146973,0.7925999760627747
YOR249C,YJR078W,0,-3.6114767,0.09125301241874695,0.7960000038146973,0.7926999926567078
YKL017C,YLR141W,0,-3.6116402,0.09124255180358887,0.7960000038146973,0.7928000092506409
YDL076C,YDR088C,0,-3.6117632,0.09123209118843079,0.7960000038146973,0.792900025844574
YER068W,YGL070C,1,-3.611842,0.09133623540401459,0.796999990940094,0.792900025844574
YEL037C,YMR270C,0,-3.6118681,0.09132576733827591,0.796999990940094,0.7929999828338623
YPL177C,YOR063W,0,-3.611869,0.09131530672311783,0.796999990940094,0.7930999994277954
YDL197C,YPL115C,0,-3.6119058,0.09130484610795975,0.796999990940094,0.7932000160217285
YOL059W,YBR017C,0,-3.6120224,0.09129438549280167,0.796999990940094,0.7932999730110168
YGL099W,YNR059W,0,-3.6120498,0.09128393232822418,0.796999990940094,0.79339998960495
YMR080C,YPL002C,1,-3.6121352,0.09138799458742142,0.7979999780654907,0.79339998960495
YDR076W,YDL097C,0,-3.612236,0.09137753397226334,0.7979999780654907,0.7935000061988831
YHL024W,YLR316C,0,-3.6122572,0.09136707335710526,0.7979999780654907,0.7936000227928162
YOL082W,YNL271C,0,-3.6122863,0.09135661274194717,0.7979999780654907,0.7936999797821045
YOR026W,YDL126C,0,-3.6123853,0.09134615212678909,0.7979999780654907,0.7937999963760376
YNL048W,YKR034W,0,-3.612435,0.09133569896221161,0.7979999780654907,0.7939000129699707
YDL135C,YPL087W,0,-3.6124675,0.09132524579763412,0.7979999780654907,0.7940000295639038
YJR035W,YIL031W,0,-3.612487,0.09131479263305664,0.7979999780654907,0.7940999865531921
YHR079C,YBR231C,0,-3.612509,0.09130434691905975,0.7979999780654907,0.7942000031471252
YML081C-A,YGL257C,0,-3.6125293,0.09129390120506287,0.7979999780654907,0.7943000197410583
YLL050C,YKL062W,0,-3.61262,0.09128345549106598,0.7979999780654907,0.7943999767303467
YCR092C,YPL147W,0,-3.6127217,0.09127301722764969,0.7979999780654907,0.7944999933242798
YPR175W,YIL070C,0,-3.6127555,0.0912625789642334,0.7979999780654907,0.7946000099182129
YHR067W,YKL122C,0,-3.61278,0.09125214070081711,0.7979999780654907,0.794700026512146
YIL079C,YKL053C-A,0,-3.6129115,0.09124170988798141,0.7979999780654907,0.7947999835014343
YLR190W,YBR196C,0,-3.6129258,0.09123127907514572,0.7979999780654907,0.7949000000953674
YBL002W,YBR223C,0,-3.6129715,0.09122084826231003,0.7979999780654907,0.7950000166893005
YPL100W,YIL016W,0,-3.613014,0.09121042490005493,0.7979999780654907,0.7950999736785889
YNL001W,YPL058C,0,-3.6130886,0.09120000153779984,0.7979999780654907,0.795199990272522
YPL084W,YBL006C,1,-3.6134422,0.09130384773015976,0.7990000247955322,0.795199990272522
YER009W,YJL187C,0,-3.6136472,0.09129341691732407,0.7990000247955322,0.7953000068664551
YJL100W,YLR410W,0,-3.6137252,0.09128298610448837,0.7990000247955322,0.7954000234603882
YLR172C,YKL093W,0,-3.6138084,0.09127256274223328,0.7990000247955322,0.7954999804496765
YDR365C,YER089C,0,-3.613829,0.09126213937997818,0.7990000247955322,0.7955999970436096
YGL143C,YOR217W,0,-3.6139143,0.09125171601772308,0.7990000247955322,0.7957000136375427
YNL031C,YGL171W,0,-3.6139452,0.09124129265546799,0.7990000247955322,0.795799970626831
YGR254W,YLR398C,0,-3.613986,0.09123087674379349,0.7990000247955322,0.7958999872207642
YDR450W,YLR417W,1,-3.614259,0.09133462607860565,0.800000011920929,0.7958999872207642
YOR074C,YLR105C,0,-3.6143095,0.09132420271635056,0.800000011920929,0.7960000038146973
YEL034W,YKR028W,0,-3.6143258,0.09131377935409546,0.800000011920929,0.7961000204086304
YHR170W,YMR293C,0,-3.614331,0.09130335599184036,0.800000011920929,0.7961999773979187
YPR140W,YGR047C,0,-3.6144745,0.09129293262958527,0.800000011920929,0.7962999939918518
YDL143W,YGL251C,0,-3.6145294,0.09128251671791077,0.800000011920929,0.7964000105857849
YPR113W,YLR354C,0,-3.6145544,0.09127210825681686,0.800000011920929,0.796500027179718
YPR178W,YCL054W,0,-3.6145651,0.09126169234514236,0.800000011920929,0.7965999841690063
YDR251W,YKR037C,0,-3.6146462,0.09125128388404846,0.800000011920929,0.7967000007629395
YDR073W,YCL054W,0,-3.6147687,0.09124087542295456,0.800000011920929,0.7968000173568726
YGR145W,YNL070W,0,-3.614848,0.09123047441244125,0.800000011920929,0.7968999743461609
YMR211W,YNL070W,0,-3.6151116,0.09122006595134735,0.800000011920929,0.796999990940094
YLR342W,YDR473C,0,-3.6151965,0.09120966494083405,0.800000011920929,0.7971000075340271
YNL039W,YDR400W,0,-3.6153834,0.09119927138090134,0.800000011920929,0.7972000241279602
YER019C-A,YFL004W,0,-3.6154552,0.09118887782096863,0.800000011920929,0.7972999811172485
YPL131W,YNR023W,0,-3.6155355,0.09117848426103592,0.800000011920929,0.7973999977111816
YBR192W,YMR016C,0,-3.6155598,0.09116809070110321,0.800000011920929,0.7975000143051147
YNR010W,YDL230W,0,-3.6155841,0.0911577045917511,0.800000011920929,0.7975999712944031
YIL149C,YJR104C,0,-3.6155949,0.09114731848239899,0.800000011920929,0.7976999878883362
YCR071C,YDR082W,1,-3.6158044,0.09125085175037384,0.8009999990463257,0.7976999878883362
YOR103C,YBR037C,0,-3.6158168,0.09124045819044113,0.8009999990463257,0.7978000044822693
YDL138W,YPL124W,0,-3.615878,0.09123006463050842,0.8009999990463257,0.7979000210762024
YDR103W,YDR341C,0,-3.616089,0.09121967852115631,0.8009999990463257,0.7979999780654907
YNL230C,YLR371W,0,-3.6161718,0.0912092924118042,0.8009999990463257,0.7980999946594238
YDR174W,YER068W,1,-3.6162238,0.09131276607513428,0.8019999861717224,0.7980999946594238
YAL056W,YDR295C,1,-3.616248,0.09141620993614197,0.8029999732971191,0.7980999946594238
YMR190C,YHR041C,1,-3.6162562,0.09151963889598846,0.8040000200271606,0.7980999946594238
YJL196C,YOR307C,0,-3.6169403,0.09150921553373337,0.8040000200271606,0.7982000112533569
YBR215W,YOR272W,0,-3.617081,0.09149880707263947,0.8040000200271606,0.79830002784729
YGR163W,YJR145C,1,-3.6171343,0.09160218387842178,0.8050000071525574,0.79830002784729
YLL027W,YOR322C,1,-3.617149,0.09170553833246231,0.8059999942779541,0.79830002784729
YLL009C,YDR359C,0,-3.617153,0.09169510751962662,0.8059999942779541,0.7983999848365784
YMR135C,YML059C,0,-3.6172996,0.09168467670679092,0.8059999942779541,0.7985000014305115
YNR058W,YHR083W,0,-3.6175272,0.09167424589395523,0.8059999942779541,0.7986000180244446
YNL243W,YMR125W,1,-3.6176062,0.09177754819393158,0.8069999814033508,0.7986000180244446
YFL039C,YIL048W,0,-3.6177194,0.09176711738109589,0.8069999814033508,0.7986999750137329
YCR086W,YOL051W,1,-3.6177604,0.09187038242816925,0.8080000281333923,0.7986999750137329
YNR044W,YAL059W,0,-3.6178122,0.09185993671417236,0.8080000281333923,0.798799991607666
YMR036C,YLR340W,0,-3.618234,0.09184949100017548,0.8080000281333923,0.7989000082015991
YBR136W,YPR132W,1,-3.618478,0.09195271879434586,0.8090000152587891,0.7989000082015991
YOL112W,YOR217W,0,-3.6185453,0.09194226562976837,0.8090000152587891,0.7990000247955322
YGL106W,YBR254C,0,-3.6185563,0.09193181991577148,0.8090000152587891,0.7990999817848206
YER167W,YML102W,0,-3.6185925,0.0919213742017746,0.8090000152587891,0.7991999983787537
YGR085C,YLR340W,0,-3.6186965,0.09191092848777771,0.8090000152587891,0.7993000149726868
YNL031C,YER019W,0,-3.6187928,0.09190049022436142,0.8090000152587891,0.7993999719619751
YOL146W,YLR249W,0,-3.6189177,0.09189005196094513,0.8090000152587891,0.7994999885559082
YLR095C,YPL156C,0,-3.6189487,0.09187961369752884,0.8090000152587891,0.7996000051498413
YOR023C,YGL195W,0,-3.619036,0.09186918288469315,0.8090000152587891,0.7997000217437744
YKR022C,YNL261W,0,-3.6191072,0.09185875207185745,0.8090000152587891,0.7997999787330627
YJL164C,YOL028C,0,-3.6191342,0.09184832125902176,0.8090000152587891,0.7998999953269958
YCL016C,YBR035C,1,-3.6191816,0.0919514149427414,0.8100000023841858,0.7998999953269958
YGR155W,YNL044W,0,-3.6192372,0.0919409766793251,0.8100000023841858,0.800000011920929
YDR446W,YNL318C,0,-3.6192527,0.09193053841590881,0.8100000023841858,0.8001000285148621
YNL009W,YOL031C,0,-3.619386,0.09192010760307312,0.8100000023841858,0.8001999855041504
YIL065C,YGL051W,0,-3.6194332,0.09190967679023743,0.8100000023841858,0.8003000020980835
YEL034W,YJL156C,0,-3.6195662,0.09189925342798233,0.8100000023841858,0.8004000186920166
YOL133W,YDR176W,0,-3.6196015,0.09188882261514664,0.8100000023841858,0.8004999756813049
YBR029C,YOR018W,0,-3.6197104,0.09187839925289154,0.8100000023841858,0.800599992275238
YKL062W,YDR456W,0,-3.6197412,0.09186798334121704,0.8100000023841858,0.8007000088691711
YOR067C,YJL116C,0,-3.6198065,0.09185756742954254,0.8100000023841858,0.8008000254631042
YCR038C,YBR223C,0,-3.6199193,0.09184715151786804,0.8100000023841858,0.8008999824523926
YDR265W,YNL201C,0,-3.6199977,0.09183673560619354,0.8100000023841858,0.8009999990463257
YBR192W,YKL086W,0,-3.6201026,0.09182632714509964,0.8100000023841858,0.8011000156402588
YPL178W,YKL170W,1,-3.6201808,0.09192926436662674,0.8109999895095825,0.8011000156402588
YHR026W,YDR129C,0,-3.620279,0.09191884845495224,0.8109999895095825,0.8011999726295471
YPL084W,YBR112C,1,-3.6203072,0.09202175587415695,0.8119999766349792,0.8011999726295471
YLR295C,YBL007C,0,-3.620394,0.09201133251190186,0.8119999766349792,0.8012999892234802
YGR206W,YML034W,0,-3.6204295,0.09200090914964676,0.8119999766349792,0.8014000058174133
YGL257C,YPR198W,0,-3.6204553,0.09199048578739166,0.8119999766349792,0.8015000224113464
YOR078W,YGL212W,1,-3.6205127,0.0920933410525322,0.8130000233650208,0.8015000224113464
YHR059W,YDR156W,1,-3.6207564,0.09219617396593094,0.8140000104904175,0.8015000224113464
YDL200C,YFR002W,0,-3.6208532,0.09218572825193405,0.8140000104904175,0.8015999794006348
YBR195C,YPR165W,0,-3.6209009,0.09217528998851776,0.8140000104904175,0.8016999959945679
YKL051W,YPL057C,0,-3.6209042,0.09216485172510147,0.8140000104904175,0.801800012588501
YKL079W,YBR162C,0,-3.6209784,0.09215442091226578,0.8140000104904175,0.8019000291824341
YGL119W,YLR147C,0,-3.620984,0.09214399009943008,0.8140000104904175,0.8019999861717224
YLL038C,YKR055W,0,-3.621013,0.09213355928659439,0.8140000104904175,0.8021000027656555
YLR431C,YMR139W,0,-3.6210277,0.0921231359243393,0.8140000104904175,0.8022000193595886
YJL014W,YKL220C,0,-3.621086,0.0921127051115036,0.8140000104904175,0.802299976348877
YMR129W,YLR354C,0,-3.6210983,0.0921022891998291,0.8140000104904175,0.8023999929428101
YHR158C,YPR154W,0,-3.621175,0.092091865837574,0.8140000104904175,0.8025000095367432
YJL073W,YDL098C,0,-3.6212285,0.0920814499258995,0.8140000104904175,0.8026000261306763
YDL145C,YKL194C,0,-3.621442,0.092071034014225,0.8140000104904175,0.8026999831199646
YAL059W,YER009W,0,-3.6214612,0.0920606181025505,0.8140000104904175,0.8027999997138977
YOL040C,YGR186W,0,-3.621499,0.0920502096414566,0.8140000104904175,0.8029000163078308
YDR147W,YPL091W,0,-3.6216247,0.0920398011803627,0.8140000104904175,0.8029999732971191
YKL186C,YOR140W,0,-3.6217225,0.0920293927192688,0.8140000104904175,0.8030999898910522
YFL018C,YBR195C,0,-3.6217935,0.0920189917087555,0.8140000104904175,0.8032000064849854
YOL090W,YMR030W,0,-3.621824,0.09200859069824219,0.8140000104904175,0.8033000230789185
YJL085W,YER154W,0,-3.6218474,0.09199818968772888,0.8140000104904175,0.8033999800682068
YKL002W,YBR257W,0,-3.6218717,0.09198779612779617,0.8140000104904175,0.8034999966621399
YOL112W,YDL235C,0,-3.6218944,0.09197740256786346,0.8140000104904175,0.803600013256073
YJR001W,YOR341W,0,-3.6219354,0.09196700900793076,0.8140000104904175,0.8036999702453613
YDR437W,YDR292C,0,-3.6219966,0.09195662289857864,0.8140000104904175,0.8037999868392944
YIL042C,YNL229C,1,-3.6221554,0.0920591875910759,0.8149999976158142,0.8037999868392944
YDR511W,YDR281C,0,-3.6222684,0.09204879403114319,0.8149999976158142,0.8039000034332275
YDR517W,YDR170C,0,-3.6223867,0.09203839302062988,0.8149999976158142,0.8040000200271606
YOL059W,YGR002C,0,-3.6224053,0.09202800691127777,0.8149999976158142,0.804099977016449
YJR043C,YER116C,1,-3.6224387,0.09213051944971085,0.8159999847412109,0.804099977016449
YLR026C,YLR066W,0,-3.6224601,0.09212011843919754,0.8159999847412109,0.8041999936103821
YEL030W,YKL160W,0,-3.6226814,0.09210971742868423,0.8159999847412109,0.8043000102043152
YER088C,YJR074W,0,-3.6230528,0.09209932386875153,0.8159999847412109,0.8044000267982483
YJR078W,YDR189W,0,-3.6232555,0.09208893030881882,0.8159999847412109,0.8044999837875366
YDR182W,YBR185C,0,-3.6232665,0.09207853674888611,0.8159999847412109,0.8046000003814697
YLL050C,YJR049C,0,-3.623332,0.092068150639534,0.8159999847412109,0.8047000169754028
YJL115W,YDR483W,0,-3.6237304,0.09205776453018188,0.8159999847412109,0.8047999739646912
YBR070C,YCR083W,0,-3.6237571,0.09204737842082977,0.8159999847412109,0.8048999905586243
YGR188C,YJL192C,0,-3.6239395,0.09203699231147766,0.8159999847412109,0.8050000071525574
YKL020C,YHR070W,0,-3.6239622,0.09202661365270615,0.8159999847412109,0.8051000237464905
YER026C,YFR046C,0,-3.6240437,0.09201623499393463,0.8159999847412109,0.8051999807357788
YDR060W,YPL128C,0,-3.6242163,0.09200586378574371,0.8159999847412109,0.8052999973297119
YGR097W,YBR272C,0,-3.6242282,0.0919954925775528,0.8159999847412109,0.805400013923645
YDR294C,YGR244C,0,-3.6243043,0.09198512136936188,0.8159999847412109,0.8054999709129333
YPR074C,YER024W,0,-3.6243227,0.09197475016117096,0.8159999847412109,0.8055999875068665
YJR040W,YKL150W,0,-3.624324,0.09196438640356064,0.8159999847412109,0.8057000041007996
YPR057W,YKL194C,0,-3.6243432,0.09195402264595032,0.8159999847412109,0.8058000206947327
YNL039W,YLL038C,0,-3.6247027,0.09194365888834,0.8159999847412109,0.805899977684021
YKR099W,YLL031C,0,-3.6247292,0.09193330258131027,0.8159999847412109,0.8059999942779541
YMR119W,YBR258C,0,-3.6247733,0.09192294627428055,0.8159999847412109,0.8061000108718872
YKL049C,YOR103C,0,-3.6248496,0.09191258996725082,0.8159999847412109,0.8062000274658203
YLR044C,YKR031C,0,-3.6251268,0.0919022411108017,0.8159999847412109,0.8062999844551086
YPL055C,YOR143C,0,-3.625295,0.09189189225435257,0.8159999847412109,0.8064000010490417
YNR007C,YIL132C,0,-3.6253493,0.09188154339790344,0.8159999847412109,0.8065000176429749
YNR035C,YMR227C,0,-3.6254222,0.09187120199203491,0.8159999847412109,0.8065999746322632
YPR067W,YPL050C,0,-3.6254766,0.09186086058616638,0.8159999847412109,0.8066999912261963
YIL010W,YDR325W,0,-3.625515,0.09185051918029785,0.8159999847412109,0.8068000078201294
YGR040W,YPR052C,0,-3.62552,0.09184017777442932,0.8159999847412109,0.8069000244140625
YGL086W,YPR140W,0,-3.6259732,0.09182984381914139,0.8159999847412109,0.8069999814033508
YKL032C,YOR209C,0,-3.6260867,0.09181950986385345,0.8159999847412109,0.8070999979972839
YOL146W,YKL196C,0,-3.6262305,0.09180918335914612,0.8159999847412109,0.807200014591217
YNL230C,YDR515W,0,-3.626327,0.09179884940385818,0.8159999847412109,0.8072999715805054
YJR090C,YER178W,0,-3.6263351,0.09178852289915085,0.8159999847412109,0.8073999881744385
YGL143C,YPL243W,0,-3.626364,0.09177820384502411,0.8159999847412109,0.8075000047683716
YEL018W,YJL117W,0,-3.6263871,0.09176788479089737,0.8159999847412109,0.8076000213623047
YGR261C,YLR172C,0,-3.6264932,0.09175756573677063,0.8159999847412109,0.807699978351593
YGL025C,YPL002C,1,-3.6265051,0.09185968339443207,0.8169999718666077,0.807699978351593
YNL030W,YDR145W,0,-3.6265078,0.09184935688972473,0.8169999718666077,0.8077999949455261
YJR135C,YMR097C,0,-3.6265755,0.0918390303850174,0.8169999718666077,0.8079000115394592
YOR018W,YLR354C,0,-3.6266153,0.09182870388031006,0.8169999718666077,0.8080000281333923
YJL207C,YLR079W,0,-3.626712,0.09181838482618332,0.8169999718666077,0.8080999851226807
YFR046C,YJL168C,0,-3.6267836,0.09180806577205658,0.8169999718666077,0.8082000017166138
YPR029C,YJR007W,0,-3.6268773,0.09179775416851044,0.8169999718666077,0.8083000183105469
YPR083W,YPR056W,0,-3.6269372,0.0917874425649643,0.8169999718666077,0.8083999752998352
YKL005C,YDL143W,0,-3.6270435,0.09177713096141815,0.8169999718666077,0.8084999918937683
YJR047C,YER148W,0,-3.627072,0.09176681935787201,0.8169999718666077,0.8086000084877014
YOR322C,YDL083C,1,-3.6272128,0.0918688252568245,0.8180000185966492,0.8086000084877014
YNR030W,YOR272W,0,-3.6272254,0.09185850620269775,0.8180000185966492,0.8087000250816345
YEL015W,YPR113W,0,-3.6272771,0.09184819459915161,0.8180000185966492,0.8087999820709229
YBR017C,YDL078C,0,-3.627291,0.09183788299560547,0.8180000185966492,0.808899998664856
YDR069C,YML062C,1,-3.6273124,0.09193982928991318,0.8190000057220459,0.808899998664856
YKR007W,YLR147C,0,-3.6273534,0.09192951023578644,0.8190000057220459,0.8090000152587891
YIL098C,YOL127W,0,-3.6273878,0.0919191911816597,0.8190000057220459,0.8090999722480774
YCR048W,YBR237W,0,-3.6274817,0.09190887957811356,0.8190000057220459,0.8091999888420105
YMR229C,YNL334C,0,-3.6275222,0.09189856052398682,0.8190000057220459,0.8093000054359436
YMR143W,YOL109W,1,-3.6277332,0.09200044721364975,0.8199999928474426,0.8093000054359436
YPL084W,YDR499W,1,-3.6277559,0.09210231155157089,0.8209999799728394,0.8093000054359436
YKL194C,YOR344C,0,-3.627917,0.09209197759628296,0.8209999799728394,0.8094000220298767
YER166W,YDR379W,0,-3.6279953,0.09208165109157562,0.8209999799728394,0.809499979019165
YMR276W,YOR244W,0,-3.628395,0.09207132458686829,0.8209999799728394,0.8095999956130981
YPR005C,YOL005C,0,-3.6284044,0.09206099808216095,0.8209999799728394,0.8097000122070312
YPR006C,YNL244C,0,-3.6284227,0.09205067902803421,0.8209999799728394,0.8098000288009644
YGR037C,YHR174W,0,-3.6284392,0.09204035997390747,0.8209999799728394,0.8098999857902527
YLR272C,YNL064C,0,-3.628462,0.09203004091978073,0.8209999799728394,0.8100000023841858
YER133W,YJL080C,0,-3.6284819,0.09201972931623459,0.8209999799728394,0.8101000189781189
YPR144C,YOL147C,0,-3.6284916,0.09200941026210785,0.8209999799728394,0.8101999759674072
YDR512C,YBL018C,0,-3.6285884,0.0919991061091423,0.8209999799728394,0.8102999925613403
YBR243C,YNL199C,0,-3.6286232,0.09198879450559616,0.8209999799728394,0.8104000091552734
YER026C,YIL061C,0,-3.6287367,0.09197849035263062,0.8209999799728394,0.8105000257492065
YLR098C,YJL207C,0,-3.6287625,0.09196818619966507,0.8209999799728394,0.8105999827384949
YAL012W,YJL108C,0,-3.6287923,0.09195788204669952,0.8209999799728394,0.810699999332428
YDR043C,YKL154W,0,-3.628802,0.09194758534431458,0.8209999799728394,0.8108000159263611
YDR483W,YOR035C,0,-3.6288455,0.09193728864192963,0.8209999799728394,0.8108999729156494
YKL062W,YOR048C,0,-3.6288893,0.09192699939012527,0.8209999799728394,0.8109999895095825
YNL275W,YOR207C,0,-3.6288962,0.09191670268774033,0.8209999799728394,0.8111000061035156
YAL020C,YGR193C,0,-3.6289155,0.09190641343593597,0.8209999799728394,0.8112000226974487
YML080W,YOR231W,0,-3.628948,0.09189612418413162,0.8209999799728394,0.8112999796867371
YIL022W,YDR453C,0,-3.6290905,0.09188584238290787,0.8209999799728394,0.8113999962806702
YJL209W,YJR017C,0,-3.6292865,0.09187556058168411,0.8209999799728394,0.8115000128746033
YGL190C,YNL136W,0,-3.6293485,0.09186527878046036,0.8209999799728394,0.8116000294685364
YBR192W,YDL058W,0,-3.6294034,0.0918550044298172,0.8209999799728394,0.8116999864578247
YKL206C,YDR085C,0,-3.6294596,0.09184472262859344,0.8209999799728394,0.8118000030517578
YMR267W,YEL037C,0,-3.6294754,0.09183444827795029,0.8209999799728394,0.8119000196456909
YER053C,YGR172C,0,-3.6294785,0.09182418137788773,0.8209999799728394,0.8119999766349792
YNR038W,YJR004C,0,-3.6294997,0.09181391447782516,0.8209999799728394,0.8120999932289124
YCR033W,YDR312W,0,-3.629594,0.0918036475777626,0.8209999799728394,0.8122000098228455
YNL075W,YGR033C,0,-3.6297681,0.09179338067770004,0.8209999799728394,0.8123000264167786
YMR080C,YLR148W,1,-3.6299407,0.09189490973949432,0.8220000267028809,0.8123000264167786
YBL022C,YGR162W,0,-3.6302485,0.09188464283943176,0.8220000267028809,0.8123999834060669
YBR020W,YHR181W,0,-3.63026,0.0918743684887886,0.8220000267028809,0.8125
YDR158W,YOL135C,0,-3.6303213,0.09186410158872604,0.8220000267028809,0.8126000165939331
YHR191C,YMR080C,1,-3.6304014,0.09196558594703674,0.8230000138282776,0.8126000165939331
YIL040W,YDR158W,0,-3.630451,0.09195530414581299,0.8230000138282776,0.8126999735832214
YHR187W,YOR150W,0,-3.6305287,0.09194503724575043,0.8230000138282776,0.8127999901771545
YBR210W,YDR289C,0,-3.6305878,0.09193476289510727,0.8230000138282776,0.8129000067710876
YPL057C,YJL035C,0,-3.6306326,0.09192449599504471,0.8230000138282776,0.8130000233650208
YKL110C,YJR144W,0,-3.6307948,0.09191422909498215,0.8230000138282776,0.8130999803543091
YPR122W,YJL117W,0,-3.6308568,0.09190396219491959,0.8230000138282776,0.8131999969482422
YDL236W,YOR229W,0,-3.6309588,0.09189370274543762,0.8230000138282776,0.8133000135421753
YEL029C,YNL281W,1,-3.6310713,0.09199509024620056,0.8240000009536743,0.8133000135421753
YKR009C,YEL037C,0,-3.6311152,0.0919848158955574,0.8240000009536743,0.8133999705314636
YNR053C,YGR046W,0,-3.6312335,0.09197454899549484,0.8240000009536743,0.8134999871253967
YNL325C,YDR175C,0,-3.6312354,0.09196428209543228,0.8240000009536743,0.8136000037193298
YKL054C,YGL136C,1,-3.6312897,0.09206561744213104,0.824999988079071,0.8136000037193298
YPR009W,YPR095C,0,-3.6312935,0.09205534309148788,0.824999988079071,0.8137000203132629
YLR047C,YDL236W,0,-3.631307,0.09204507619142532,0.824999988079071,0.8137999773025513
YNL159C,YBL046W,0,-3.6313822,0.09203480929136276,0.824999988079071,0.8138999938964844
YOL026C,YKL041W,0,-3.6313913,0.0920245423913002,0.824999988079071,0.8140000104904175
YKR082W,YGR195W,0,-3.6314094,0.09201427549123764,0.824999988079071,0.8141000270843506
YNR058W,YGL174W,0,-3.6314151,0.09200401604175568,0.824999988079071,0.8141999840736389
YNL136W,YDR147W,0,-3.6314404,0.09199375659227371,0.824999988079071,0.814300000667572
YPL125W,YOL066C,0,-3.6314468,0.09198349714279175,0.824999988079071,0.8144000172615051
YOL063C,YDR170C,0,-3.6315815,0.09197324514389038,0.824999988079071,0.8144999742507935
YCL059C,YJL139C,0,-3.6317081,0.09196299314498901,0.824999988079071,0.8145999908447266
YJL166W,YDR285W,0,-3.6317167,0.09195274114608765,0.824999988079071,0.8147000074386597
YDR511W,YLR051C,0,-3.6317198,0.09194249659776688,0.824999988079071,0.8148000240325928
YBR106W,YPL106C,1,-3.6317918,0.0920436829328537,0.8259999752044678,0.8148000240325928
YBR070C,YNL112W,0,-3.6318312,0.09203342348337173,0.8259999752044678,0.8148999810218811
YIL112W,YMR183C,0,-3.6318395,0.09202317148447037,0.8259999752044678,0.8149999976158142
YOR005C,YNL078W,0,-3.6320548,0.092012919485569,0.8259999752044678,0.8151000142097473
YDL019C,YPL234C,0,-3.6320608,0.09200267493724823,0.8259999752044678,0.8151999711990356
YER089C,YBR073W,0,-3.6322482,0.09199243038892746,0.8259999752044678,0.8152999877929688
YMR070W,YDR450W,1,-3.6323025,0.09209354221820831,0.8270000219345093,0.8152999877929688
YGR147C,YHR181W,0,-3.6323135,0.09208329021930695,0.8270000219345093,0.8154000043869019
YDL175C,YDL045C,0,-3.6324592,0.09207303822040558,0.8270000219345093,0.815500020980835
YPL031C,YKR059W,1,-3.6325328,0.09217410534620285,0.828000009059906,0.815500020980835
YIL098C,YOL080C,0,-3.6325395,0.09216384589672089,0.828000009059906,0.8155999779701233
YJL014W,YPL206C,0,-3.6325817,0.09215358644723892,0.828000009059906,0.8156999945640564
YLL061W,YAR033W,0,-3.6326287,0.09214333444833755,0.828000009059906,0.8158000111579895
YIL004C,YPL048W,0,-3.6326604,0.09213308244943619,0.828000009059906,0.8159000277519226
YBR041W,YJL033W,0,-3.6326685,0.09212283045053482,0.828000009059906,0.8159999847412109
YBR040W,YHL009C,0,-3.632877,0.09211257845163345,0.828000009059906,0.816100001335144
YCR071C,YDL059C,1,-3.6330273,0.09221357107162476,0.8289999961853027,0.816100001335144
YLR433C,YBR210W,0,-3.6330628,0.09220331162214279,0.8289999961853027,0.8162000179290771
YNL094W,YDR382W,0,-3.6331007,0.09219305962324142,0.8289999961853027,0.8162999749183655
YPL160W,YJR093C,0,-3.633159,0.09218280762434006,0.8289999961853027,0.8163999915122986
YOL151W,YOR310C,0,-3.6331978,0.09217256307601929,0.8289999961853027,0.8165000081062317
YDL230W,YGL162W,0,-3.6334155,0.09216231107711792,0.8289999961853027,0.8166000247001648
YNL099C,YIL109C,0,-3.633696,0.09215206652879715,0.8289999961853027,0.8166999816894531
YNL094W,YML059C,0,-3.6337497,0.09214182198047638,0.8289999961853027,0.8167999982833862
YDR436W,YBR254C,0,-3.6339228,0.0921315848827362,0.8289999961853027,0.8169000148773193
YFL024C,YAL053W,0,-3.634186,0.09212134778499603,0.8289999961853027,0.8169999718666077
YJR135C,YBR223C,0,-3.634388,0.09211111068725586,0.8289999961853027,0.8170999884605408
YPL227C,YJR010C-A,0,-3.6344173,0.09210088104009628,0.8289999961853027,0.8172000050544739
YDR435C,YDR303C,0,-3.634421,0.09209064394235611,0.8289999961853027,0.817300021648407
YKL013C,YDL076C,0,-3.6344767,0.09208041429519653,0.8289999961853027,0.8173999786376953
YPL047W,YLR193C,0,-3.634506,0.09207019209861755,0.8289999961853027,0.8174999952316284
YMR113W,YMR309C,0,-3.6346033,0.09205996990203857,0.8289999961853027,0.8176000118255615
YAR002C-A,YBR260C,0,-3.6346362,0.0920497477054596,0.8289999961853027,0.8177000284194946
YML104C,YML120C,0,-3.6346405,0.09203952550888062,0.8289999961853027,0.817799985408783
YLR357W,YKL117W,1,-3.6349337,0.0921403169631958,0.8299999833106995,0.817799985408783
YFL045C,YLR396C,0,-3.6350126,0.09213009476661682,0.8299999833106995,0.8179000020027161
YBR110W,YLR002C,0,-3.6350195,0.09211986511945724,0.8299999833106995,0.8180000185966492
YBR121C,YNL103W,0,-3.6350658,0.09210964292287827,0.8299999833106995,0.8180999755859375
YKL212W,YGR002C,0,-3.6351545,0.09209942072629929,0.8299999833106995,0.8181999921798706
YHL038C,YNL015W,0,-3.6351907,0.0920892059803009,0.8299999833106995,0.8183000087738037
YHR073W,YML052W,0,-3.6351974,0.09207899123430252,0.8299999833106995,0.8184000253677368
YDL192W,YML121W,1,-3.6353624,0.09217970073223114,0.8309999704360962,0.8184000253677368
YLR186W,YKR101W,0,-3.6353948,0.09216947853565216,0.8309999704360962,0.8184999823570251
YMR213W,YCR083W,0,-3.6354601,0.09215925633907318,0.8309999704360962,0.8185999989509583
YDL002C,YDL138W,0,-3.635548,0.0921490341424942,0.8309999704360962,0.8187000155448914
YDR481C,YJL072C,0,-3.6355574,0.09213881939649582,0.8309999704360962,0.8187999725341797
YCR027C,YML098W,0,-3.635564,0.09212860465049744,0.8309999704360962,0.8188999891281128
YPL211W,YOR008C,0,-3.6355672,0.09211838990449905,0.8309999704360962,0.8190000057220459
YJL058C,YOL072W,0,-3.6356847,0.09210818260908127,0.8309999704360962,0.819100022315979
YML126C,YDR529C,0,-3.6358612,0.09209797531366348,0.8309999704360962,0.8191999793052673
YNR033W,YMR182C,0,-3.635871,0.0920877680182457,0.8309999704360962,0.8192999958992004
YOL145C,YLR368W,0,-3.6359162,0.09207756072282791,0.8309999704360962,0.8194000124931335
YPR193C,YGR074W,0,-3.6359441,0.09206736087799072,0.8309999704360962,0.8195000290870667
YIL033C,YOR307C,0,-3.6360579,0.09205716103315353,0.8309999704360962,0.819599986076355
YMR283C,YIL147C,0,-3.6360996,0.09204696863889694,0.8309999704360962,0.8197000026702881
YHR043C,YHR118C,0,-3.6363487,0.09203676879405975,0.8309999704360962,0.8198000192642212
YMR277W,YNL253W,0,-3.6363528,0.09202657639980316,0.8309999704360962,0.8198999762535095
YDR254W,YDR494W,0,-3.6364515,0.09201639145612717,0.8309999704360962,0.8199999928474426
YLR201C,YNL293W,0,-3.6365206,0.09200619906187057,0.8309999704360962,0.8201000094413757
YFL018C,YGL210W,0,-3.6365383,0.09199601411819458,0.8309999704360962,0.8202000260353088
YDL147W,YER118C,0,-3.636594,0.09198582917451859,0.8309999704360962,0.8202999830245972
YJR077C,YDR335W,0,-3.6367245,0.09197565168142319,0.8309999704360962,0.8203999996185303
YDL022W,YOR076C,0,-3.63675,0.09196547418832779,0.8309999704360962,0.8205000162124634
YJL111W,YKR028W,0,-3.6369958,0.09195529669523239,0.8309999704360962,0.8205999732017517
YDR225W,YDR088C,0,-3.6372406,0.091945119202137,0.8309999704360962,0.8206999897956848
YPL145C,YNL073W,0,-3.6374564,0.09193494915962219,0.8309999704360962,0.8208000063896179
YER087C-B,YBL050W,0,-3.6375172,0.09192477911710739,0.8309999704360962,0.820900022983551
YKR065C,YJL001W,0,-3.6375568,0.09191460907459259,0.8309999704360962,0.8209999799728394
YLR095C,YDR057W,0,-3.6376283,0.09190444648265839,0.8309999704360962,0.8210999965667725
YOL116W,YFR050C,0,-3.6376483,0.09189428389072418,0.8309999704360962,0.8212000131607056
YBR211C,YDR362C,0,-3.6376553,0.09188412129878998,0.8309999704360962,0.8213000297546387
YKR097W,YGR241C,0,-3.6377156,0.09187396615743637,0.8309999704360962,0.821399986743927
YNR032W,YEL051W,0,-3.6379917,0.09186380356550217,0.8309999704360962,0.8215000033378601
YHR061C,YIL063C,0,-3.6380737,0.09185365587472916,0.8309999704360962,0.8216000199317932
YLR206W,YIL095W,0,-3.638099,0.09184350073337555,0.8309999704360962,0.8216999769210815
YNL062C,YIL119C,0,-3.6381166,0.09183335304260254,0.8309999704360962,0.8217999935150146
YDR126W,YGL098W,0,-3.638149,0.09182320535182953,0.8309999704360962,0.8219000101089478
YBR188C,YDR076W,0,-3.6382568,0.09181305766105652,0.8309999704360962,0.8220000267028809
YOR316C,YLR044C,0,-3.6383126,0.0918029174208641,0.8309999704360962,0.8220999836921692
YLR442C,YJR019C,0,-3.638338,0.09179277718067169,0.8309999704360962,0.8222000002861023
YGL045W,YHR152W,0,-3.638485,0.09178263694047928,0.8309999704360962,0.8223000168800354
YLR242C,YGL025C,1,-3.6386735,0.09188293665647507,0.8320000171661377,0.8223000168800354
YLR318W,YPL106C,1,-3.6387787,0.09198321402072906,0.8330000042915344,0.8223000168800354
YMR061W,YJL141C,0,-3.6387904,0.09197305887937546,0.8330000042915344,0.8223999738693237
YPL031C,YPL144W,1,-3.6387923,0.09207330644130707,0.8339999914169312,0.8223999738693237
YMR305C,YGR129W,0,-3.6389441,0.09206314384937286,0.8339999914169312,0.8224999904632568
YNL258C,YGL098W,0,-3.6389754,0.09205298125743866,0.8339999914169312,0.8226000070571899
YOL008W,YLR410W,0,-3.639019,0.09204281866550446,0.8339999914169312,0.822700023651123
YLR381W,YOL108C,0,-3.63924,0.09203266352415085,0.8339999914169312,0.8227999806404114
YPR171W,YAL030W,0,-3.6393635,0.09202250838279724,0.8339999914169312,0.8228999972343445
YIL103W,YER051W,0,-3.6396754,0.09201235324144363,0.8339999914169312,0.8230000138282776
YKL062W,YKL125W,0,-3.639703,0.09200220555067062,0.8339999914169312,0.8230999708175659
YDL213C,YMR026C,0,-3.6397073,0.09199205785989761,0.8339999914169312,0.823199987411499
YGR159C,YBR097W,1,-3.6398368,0.09209220111370087,0.8349999785423279,0.823199987411499
YGR166W,YFR052W,0,-3.6399205,0.09208204597234726,0.8349999785423279,0.8233000040054321
YMR198W,YKL126W,0,-3.6403875,0.09207189083099365,0.8349999785423279,0.8234000205993652
YJR135C,YDL078C,0,-3.640487,0.09206174314022064,0.8349999785423279,0.8234999775886536
YNL008C,YOR007C,0,-3.6404927,0.09205159544944763,0.8349999785423279,0.8235999941825867
YAL053W,YHR205W,0,-3.6406772,0.09204144775867462,0.8349999785423279,0.8237000107765198
YBR210W,YNL218W,0,-3.6407795,0.09203130006790161,0.8349999785423279,0.8238000273704529
YOR058C,YCR060W,0,-3.6407964,0.0920211598277092,0.8349999785423279,0.8238999843597412
YJL060W,YJL138C,0,-3.6408699,0.09201101958751678,0.8349999785423279,0.8240000009536743
YLR304C,YMR314W,0,-3.6410582,0.09200087934732437,0.8349999785423279,0.8241000175476074
YBL033C,YDL076C,0,-3.6410646,0.09199074655771255,0.8349999785423279,0.8241999745368958
YDR231C,YLR145W,0,-3.6410828,0.09198061376810074,0.8349999785423279,0.8242999911308289
YPR171W,YLR044C,0,-3.6413522,0.09197048097848892,0.8349999785423279,0.824400007724762
YMR275C,YOR320C,0,-3.6414297,0.0919603556394577,0.8349999785423279,0.8245000243186951
YGL187C,YDL028C,0,-3.6415021,0.09195022284984589,0.8349999785423279,0.8245999813079834
YLR357W,YOL109W,1,-3.6415234,0.0920502096414566,0.8360000252723694,0.8245999813079834
YOR249C,YNL123W,0,-3.6416032,0.09204007685184479,0.8360000252723694,0.8246999979019165
YJL210W,YJL138C,0,-3.6416562,0.09202994406223297,0.8360000252723694,0.8248000144958496
YMR042W,YDL019C,0,-3.641753,0.09201981127262115,0.8360000252723694,0.8248999714851379
YKL025C,YMR239C,0,-3.6418407,0.09200968593358994,0.8360000252723694,0.824999988079071
YJR013W,YOL028C,0,-3.641849,0.09199956059455872,0.8360000252723694,0.8251000046730042
YLL031C,YDR265W,0,-3.6420283,0.0919894352555275,0.8360000252723694,0.8252000212669373
YGL187C,YMR313C,0,-3.6421819,0.09197931736707687,0.8360000252723694,0.8252999782562256
YOR249C,YER015W,0,-3.642275,0.09196919947862625,0.8360000252723694,0.8253999948501587
YNL147W,YNL243W,1,-3.6422815,0.09206908196210861,0.8370000123977661,0.8253999948501587
YGR188C,YNL169C,0,-3.6423023,0.09205895662307739,0.8370000123977661,0.8255000114440918
YMR012W,YJL117W,0,-3.6424978,0.09204883128404617,0.8370000123977661,0.8256000280380249
YDL201W,YPL020C,0,-3.6427386,0.09203870594501495,0.8370000123977661,0.8256999850273132
YBR196C,YMR061W,0,-3.6427858,0.09202858805656433,0.8370000123977661,0.8258000016212463
YDR116C,YMR075W,0,-3.642883,0.09201847016811371,0.8370000123977661,0.8259000182151794
YCR094W,YIL105C,0,-3.6430104,0.09200835227966309,0.8370000123977661,0.8259999752044678
YDL188C,YMR234W,0,-3.6430755,0.09199824184179306,0.8370000123977661,0.8260999917984009
YOR180C,YGR005C,0,-3.6430924,0.09198813140392303,0.8370000123977661,0.826200008392334
YJL122W,YJL102W,0,-3.643173,0.09197802096605301,0.8370000123977661,0.8263000249862671
YOR058C,YDL185W,0,-3.6432288,0.09196791797876358,0.8370000123977661,0.8263999819755554
YJL108C,YDR045C,0,-3.643263,0.09195781499147415,0.8370000123977661,0.8264999985694885
YHR190W,YLL021W,0,-3.643269,0.09194771200418472,0.8370000123977661,0.8266000151634216
YCL025C,YBR022W,0,-3.643284,0.0919376090168953,0.8370000123977661,0.82669997215271
YOL108C,YER149C,0,-3.643501,0.09192751348018646,0.8370000123977661,0.8267999887466431
YDR043C,YDL201W,0,-3.6436448,0.09191741794347763,0.8370000123977661,0.8269000053405762
YPL022W,YLR448W,0,-3.6437662,0.0919073224067688,0.8370000123977661,0.8270000219345093
YHL009C,YNL241C,0,-3.6439364,0.09189723432064056,0.8370000123977661,0.8270999789237976
YGL045W,YKL034W,0,-3.6439457,0.09188714623451233,0.8370000123977661,0.8271999955177307
YPL086C,YCL026C-A,0,-3.6440752,0.0918770581483841,0.8370000123977661,0.8273000121116638
YDR150W,YMR182C,0,-3.644111,0.09186697751283646,0.8370000123977661,0.8274000287055969
YKL182W,YDL195W,0,-3.6441462,0.09185688942670822,0.8370000123977661,0.8274999856948853
YPL178W,YOR322C,1,-3.6443458,0.09195654839277267,0.8379999995231628,0.8274999856948853
YDR440W,YNL117W,0,-3.6443717,0.09194645285606384,0.8379999995231628,0.8276000022888184
YJL101C,YDR071C,0,-3.6443765,0.0919363722205162,0.8379999995231628,0.8277000188827515
YLL060C,YOL040C,0,-3.6444867,0.09192628413438797,0.8379999995231628,0.8277999758720398
YLR206W,YIL085C,0,-3.6445334,0.09191620349884033,0.8379999995231628,0.8278999924659729
YOR113W,YNL286W,0,-3.6445694,0.0919061228632927,0.8379999995231628,0.828000009059906
YEL003W,YBR080C,0,-3.6445985,0.09189604222774506,0.8379999995231628,0.8281000256538391
YAL031C,YKL021C,0,-3.644655,0.09188596159219742,0.8379999995231628,0.8281999826431274
YEL003W,YDR258C,0,-3.6446965,0.09187588840723038,0.8379999995231628,0.8282999992370605
YLR102C,YOR116C,0,-3.644717,0.09186581522226334,0.8379999995231628,0.8284000158309937
YBR257W,YLR059C,0,-3.6447456,0.09185574948787689,0.8379999995231628,0.828499972820282
YOR327C,YOR043W,1,-3.6448114,0.0919552817940712,0.8389999866485596,0.828499972820282
YNR016C,YLR186W,0,-3.644838,0.09194520860910416,0.8389999866485596,0.8285999894142151
YDR054C,YLR210W,0,-3.6449797,0.09193512797355652,0.8389999866485596,0.8287000060081482
YFL029C,YLL038C,0,-3.6450934,0.09192505478858948,0.8389999866485596,0.8288000226020813
YHR034C,YDR178W,0,-3.6451395,0.09191498905420303,0.8389999866485596,0.8288999795913696
YFR046C,YOR373W,0,-3.6451972,0.09190491586923599,0.8389999866485596,0.8289999961853027
YGR140W,YOL111C,0,-3.6452096,0.09189485013484955,0.8389999866485596,0.8291000127792358
YDR088C,YHL007C,0,-3.6453552,0.0918847844004631,0.8389999866485596,0.829200029373169
YOL127W,YOR008C,0,-3.6453567,0.09187472611665726,0.8389999866485596,0.8292999863624573
YNL071W,YJL138C,0,-3.6453993,0.09186466783285141,0.8389999866485596,0.8294000029563904
YLR172C,YOR083W,0,-3.6454008,0.09185460954904556,0.8389999866485596,0.8295000195503235
YDL045C,YOL006C,0,-3.6454098,0.09184455126523972,0.8389999866485596,0.8295999765396118
YIL053W,YAR008W,0,-3.645498,0.09183450043201447,0.8389999866485596,0.8296999931335449
YML112W,YJL222W,0,-3.6455805,0.09182444959878922,0.8389999866485596,0.829800009727478
YER159C,YER061C,0,-3.6455882,0.09181439876556396,0.8389999866485596,0.8299000263214111
YDR359C,YHR060W,0,-3.6455972,0.09180435538291931,0.8389999866485596,0.8299999833106995
YDR499W,YNL147W,1,-3.6456058,0.09190371632575989,0.8399999737739563,0.8299999833106995
YJL146W,YOR014W,0,-3.6456192,0.09189366549253464,0.8399999737739563,0.8300999999046326
YMR128W,YJR010C-A,0,-3.645788,0.09188361465930939,0.8399999737739563,0.8302000164985657
YER061C,YNL127W,0,-3.6458008,0.09187356382608414,0.8399999737739563,0.830299973487854
YDR164C,YNR023W,0,-3.6460364,0.09186352044343948,0.8399999737739563,0.8303999900817871
YKL205W,YBL056W,0,-3.6460714,0.09185346961021423,0.8399999737739563,0.8305000066757202
YER073W,YNL131W,0,-3.6461546,0.09184342622756958,0.8399999737739563,0.8306000232696533
YDR167W,YOR083W,0,-3.6461637,0.09183339029550552,0.8399999737739563,0.8306999802589417
YOR244W,YIL150C,0,-3.6462872,0.09182334691286087,0.8399999737739563,0.8307999968528748
YBR135W,YOR035C,0,-3.6464274,0.09181331098079681,0.8399999737739563,0.8309000134468079
YBL009W,YDR036C,0,-3.6465154,0.09180327504873276,0.8399999737739563,0.8309999704360962
YLR429W,YMR267W,0,-3.6465523,0.0917932465672493,0.8399999737739563,0.8310999870300293
YJL191W,YJL141C,0,-3.646671,0.09178321808576584,0.8399999737739563,0.8312000036239624
YDR188W,YOL071W,0,-3.6467464,0.09177318960428238,0.8399999737739563,0.8313000202178955
YGR008C,YOR115C,0,-3.6470256,0.09176316112279892,0.8399999737739563,0.8313999772071838
YCR034W,YCL034W,0,-3.6470702,0.09175314009189606,0.8399999737739563,0.8314999938011169
YMR211W,YKR052C,0,-3.6473167,0.0917431190609932,0.8399999737739563,0.83160001039505
YLR268W,YGR211W,0,-3.6475003,0.09173309803009033,0.8399999737739563,0.8317000269889832
YGL068W,YNL279W,0,-3.6475658,0.09172308444976807,0.8399999737739563,0.8317999839782715
YAR031W,YER031C,0,-3.6478727,0.0917130708694458,0.8399999737739563,0.8319000005722046
YOL051W,YBR175W,1,-3.6479282,0.09181223064661026,0.8410000205039978,0.8319000005722046
YNL207W,YGL213C,0,-3.6480887,0.0918022021651268,0.8410000205039978,0.8320000171661377
YLR246W,YDR207C,0,-3.6481152,0.09179218858480453,0.8410000205039978,0.832099974155426
YOL133W,YPR187W,0,-3.6482146,0.09178216755390167,0.8410000205039978,0.8321999907493591
YPL098C,YIL021W,0,-3.648228,0.0917721539735794,0.8410000205039978,0.8323000073432922
YGL216W,YDL217C,0,-3.6483338,0.09176214039325714,0.8410000205039978,0.8324000239372253
YLR233C,YDR174W,1,-3.6485574,0.09186122566461563,0.8420000076293945,0.8324000239372253
YPR030W,YKL205W,0,-3.6485615,0.09185120463371277,0.8420000076293945,0.8324999809265137
YDR447C,YHR139C,1,-3.6485968,0.09195026010274887,0.8429999947547913,0.8324999809265137
YML036W,YCR065W,1,-3.648599,0.09204929322004318,0.843999981880188,0.8324999809265137
YOL077C,YHR176W,0,-3.6486394,0.09203925728797913,0.843999981880188,0.8325999975204468
YBL074C,YGL150C,0,-3.648643,0.09202922135591507,0.843999981880188,0.8327000141143799
YOL064C,YGL236C,0,-3.6487715,0.09201918542385101,0.843999981880188,0.8327999711036682
YDR494W,YPL122C,0,-3.6492214,0.09200915694236755,0.843999981880188,0.8328999876976013
YMR219W,YHR062C,0,-3.6493788,0.0919991284608841,0.843999981880188,0.8330000042915344
YLR138W,YNL206C,0,-3.649537,0.09198909997940063,0.843999981880188,0.8331000208854675
YLR048W,YGR112W,0,-3.6495683,0.09197907894849777,0.843999981880188,0.8331999778747559
YKL110C,YER012W,0,-3.64967,0.09196905046701431,0.843999981880188,0.833299994468689
YIL098C,YJL076W,0,-3.6496844,0.09195902943611145,0.843999981880188,0.8334000110626221
YGR077C,YDR463W,0,-3.6496851,0.09194901585578918,0.843999981880188,0.8335000276565552
YAL007C,YIL017C,0,-3.6498077,0.09193899482488632,0.843999981880188,0.8335999846458435
YMR070W,YIL042C,1,-3.6498125,0.09203790128231049,0.8450000286102295,0.8335999846458435
YDR054C,YDR175C,0,-3.649843,0.09202788025140762,0.8450000286102295,0.8337000012397766
YJR139C,YCR092C,0,-3.6498544,0.09201785922050476,0.8450000286102295,0.8338000178337097
YHR119W,YGL127C,1,-3.650017,0.09211672842502594,0.8460000157356262,0.8338000178337097
YCR057C,YJR045C,0,-3.65011,0.09210669249296188,0.8460000157356262,0.833899974822998
YDR421W,YLR324W,0,-3.6501403,0.09209667146205902,0.8460000157356262,0.8339999914169312
YLR403W,YKL080W,0,-3.6501749,0.09208664298057556,0.8460000157356262,0.8341000080108643
YKL029C,YDR205W,0,-3.6501775,0.0920766219496727,0.8460000157356262,0.8342000246047974
YDR508C,YKL059C,0,-3.650215,0.09206660091876984,0.8460000157356262,0.8342999815940857
YNL261W,YBR168W,0,-3.6502826,0.09205657988786697,0.8460000157356262,0.8343999981880188
YDR511W,YKL099C,0,-3.65034,0.09204656630754471,0.8460000157356262,0.8345000147819519
YLR144C,YNL041C,0,-3.6503541,0.09203655272722244,0.8460000157356262,0.8345999717712402
YDR511W,YLR078C,0,-3.6503987,0.09202653914690018,0.8460000157356262,0.8346999883651733
YLL038C,YER015W,0,-3.6504426,0.09201653301715851,0.8460000157356262,0.8348000049591064
YJR108W,YPR100W,0,-3.6507487,0.09200652688741684,0.8460000157356262,0.8349000215530396
YCL001W,YER072W,0,-3.6508038,0.09199652075767517,0.8460000157356262,0.8349999785423279
YBL014C,YOR035C,0,-3.650996,0.0919865146279335,0.8460000157356262,0.835099995136261
YLR423C,YHR021C,1,-3.6514246,0.09208523482084274,0.847000002861023,0.835099995136261
YGR188C,YMR302C,0,-3.651496,0.09207522869110107,0.847000002861023,0.8352000117301941
YDL243C,YNL258C,0,-3.6515796,0.09206521511077881,0.847000002861023,0.8353000283241272
YEL009C,YKL040C,0,-3.651623,0.09205520898103714,0.847000002861023,0.8353999853134155
YKL172W,YAL053W,0,-3.651819,0.09204521030187607,0.847000002861023,0.8355000019073486
YGL105W,YPL128C,0,-3.6518242,0.0920352041721344,0.847000002861023,0.8356000185012817
YJL073W,YOR049C,0,-3.6518457,0.09202520549297333,0.847000002861023,0.8356999754905701
YBL040C,YOR188W,0,-3.6519177,0.09201520681381226,0.847000002861023,0.8357999920845032
YIR006C,YKR037C,0,-3.6520069,0.09200521558523178,0.847000002861023,0.8359000086784363
YAR015W,YDR411C,0,-3.6520584,0.0919952243566513,0.847000002861023,0.8360000252723694
YPR025C,YFR009W,0,-3.6521876,0.09198523312807083,0.847000002861023,0.8360999822616577
YJL183W,YOR256C,0,-3.6524441,0.09197524189949036,0.847000002861023,0.8361999988555908
YLR295C,YPL146C,0,-3.6525893,0.09196525812149048,0.847000002861023,0.8363000154495239
YBL007C,YGL169W,0,-3.6526067,0.0919552743434906,0.847000002861023,0.8363999724388123
YLR459W,YJL010C,0,-3.6528986,0.09194529056549072,0.847000002861023,0.8364999890327454
YKR031C,YDL185W,0,-3.6529167,0.09193530678749084,0.847000002861023,0.8366000056266785
YMR056C,YDL208W,0,-3.652993,0.09192533046007156,0.847000002861023,0.8367000222206116
YDR236C,YOR270C,0,-3.6530533,0.09191535413265228,0.847000002861023,0.8367999792098999
YCR048W,YKL020C,0,-3.6530602,0.0919053852558136,0.847000002861023,0.836899995803833
YDR418W,YHR041C,1,-3.653103,0.09200390428304672,0.8479999899864197,0.836899995803833
YMR314W,YPL012W,0,-3.653217,0.09199392795562744,0.8479999899864197,0.8370000123977661
YHR079C,YOR361C,0,-3.6532326,0.09198394417762756,0.8479999899864197,0.8371000289916992
YFL041W,YHR160C,0,-3.6532362,0.09197396785020828,0.8479999899864197,0.8371999859809875
YDR251W,YLR275W,0,-3.653267,0.091963991522789,0.8479999899864197,0.8373000025749207
YIL065C,YDR404C,0,-3.6532683,0.09195402264595032,0.8479999899864197,0.8374000191688538
YMR128W,YGR086C,0,-3.6533668,0.09194405376911163,0.8479999899864197,0.8374999761581421
YPL049C,YMR125W,1,-3.6536186,0.09204249829053879,0.8489999771118164,0.8374999761581421
YPR073C,YEL060C,0,-3.653662,0.0920325219631195,0.8489999771118164,0.8375999927520752
YNL312W,YKL006C-A,0,-3.6537244,0.09202254563570023,0.8489999771118164,0.8377000093460083
YLR025W,YOL138C,1,-3.6537702,0.0921209529042244,0.8500000238418579,0.8377000093460083
YGL058W,YCR073W-A,1,-3.6539648,0.09221933037042618,0.8510000109672546,0.8377000093460083
YML078W,YBL040C,0,-3.6539657,0.0922093391418457,0.8510000109672546,0.8378000259399414
YMR188C,YBL046W,0,-3.6540248,0.09219934791326523,0.8510000109672546,0.8378999829292297
YJR105W,YDL101C,1,-3.654027,0.09229769557714462,0.8519999980926514,0.8378999829292297
YPR182W,YLR424W,0,-3.654075,0.09228769689798355,0.8519999980926514,0.8379999995231628
YKR026C,YHR083W,0,-3.6542833,0.09227769821882248,0.8519999980926514,0.838100016117096
YOL127W,YLR045C,0,-3.6543295,0.092267706990242,0.8519999980926514,0.8381999731063843
YDR268W,YPR042C,0,-3.6543376,0.09225771576166153,0.8519999980926514,0.8382999897003174
YDR296W,YHR070W,0,-3.6544006,0.09224772453308105,0.8519999980926514,0.8384000062942505
YJR139C,YBL093C,0,-3.6544073,0.09223774075508118,0.8519999980926514,0.8385000228881836
YBL033C,YOR149C,0,-3.6544197,0.0922277569770813,0.8519999980926514,0.8385999798774719
YOL077C,YHR083W,0,-3.6545527,0.09221777319908142,0.8519999980926514,0.838699996471405
YBR210W,YJL012C,0,-3.6545625,0.09220778942108154,0.8519999980926514,0.8388000130653381
YER026C,YDL065C,0,-3.6546175,0.09219781309366226,0.8519999980926514,0.8389000296592712
YBR201W,YIR025W,0,-3.654732,0.09218783676624298,0.8519999980926514,0.8389999866485596
YIL062C,YGL016W,0,-3.6547923,0.0921778678894043,0.8519999980926514,0.8391000032424927
YGL001C,YNL068C,0,-3.655097,0.09216789156198502,0.8519999980926514,0.8392000198364258
YHR152W,YEL013W,0,-3.6552377,0.09215792268514633,0.8519999980926514,0.8392999768257141
YJR155W,YKR056W,0,-3.6552742,0.09214795380830765,0.8519999980926514,0.8393999934196472
YHR053C,YDL200C,0,-3.6553233,0.09213799238204956,0.8519999980926514,0.8395000100135803
YER168C,YNL310C,0,-3.6554646,0.09212803095579147,0.8519999980926514,0.8396000266075134
YHR108W,YLR221C,0,-3.6559343,0.09211806952953339,0.8519999980926514,0.8396999835968018
YAL033W,YNL054W,0,-3.6561131,0.0921081081032753,0.8519999980926514,0.8398000001907349
YGL061C,YNL103W,0,-3.6562135,0.09209815412759781,0.8519999980926514,0.839900016784668
YBR091C,YJR004C,0,-3.6562238,0.09208820015192032,0.8519999980926514,0.8399999737739563
YER068W,YGR072W,1,-3.656285,0.09218631684780121,0.8529999852180481,0.8399999737739563
YOL013C,YHR152W,0,-3.6564727,0.09217635542154312,0.8529999852180481,0.8400999903678894
YMR184W,YBR055C,0,-3.6565588,0.09216639399528503,0.8529999852180481,0.8402000069618225
YBL033C,YKL212W,0,-3.6567743,0.09215644001960754,0.8529999852180481,0.8403000235557556
YLR033W,YLR066W,0,-3.6569922,0.09214648604393005,0.8529999852180481,0.840399980545044
YHR065C,YER120W,0,-3.6571772,0.09213653206825256,0.8529999852180481,0.840499997138977
YPR017C,YNL231C,0,-3.657183,0.09212657809257507,0.8529999852180481,0.8406000137329102
YPL085W,YJR049C,0,-3.6572478,0.09211663156747818,0.8529999852180481,0.8406999707221985
YOR061W,YER169W,0,-3.657406,0.09210668504238129,0.8529999852180481,0.8407999873161316
YGR057C,YDR027C,1,-3.6574802,0.09220470488071442,0.8539999723434448,0.8407999873161316
YJR001W,YER061C,0,-3.6575916,0.09219475090503693,0.8539999723434448,0.8409000039100647
YDR158W,YJL112W,0,-3.658047,0.09218480437994003,0.8539999723434448,0.8410000205039978
YDR069C,YMR070W,1,-3.658127,0.09228278696537018,0.8550000190734863,0.8410000205039978
YJR093C,YBR107C,0,-3.6581767,0.09227282553911209,0.8550000190734863,0.8410999774932861
YER155C,YLR447C,0,-3.6581929,0.0922628715634346,0.8550000190734863,0.8411999940872192
YOR274W,YOR380W,0,-3.6582215,0.09225291013717651,0.8550000190734863,0.8413000106811523
YNL027W,YPR041W,0,-3.6582682,0.09224296361207962,0.8550000190734863,0.8414000272750854
YDR295C,YGR057C,1,-3.6584923,0.09234088659286499,0.8560000061988831,0.8414000272750854
YNR057C,YOL065C,0,-3.658546,0.0923309251666069,0.8560000061988831,0.8414999842643738
YBR182C,YMR054W,0,-3.6585848,0.09232096374034882,0.8560000061988831,0.8416000008583069
YIL131C,YHR073W,0,-3.658648,0.09231100976467133,0.8560000061988831,0.84170001745224
YDL164C,YPL015C,0,-3.6587565,0.09230105578899384,0.8560000061988831,0.8417999744415283
YIL079C,YLL050C,0,-3.6587842,0.09229110181331635,0.8560000061988831,0.8418999910354614
YML081C-A,YBR143C,0,-3.6589224,0.09228115528821945,0.8560000061988831,0.8420000076293945
YKR038C,YDL047W,1,-3.6590927,0.09237900376319885,0.8569999933242798,0.8420000076293945
YNR060W,YJR135C,0,-3.659151,0.09236904233694077,0.8569999933242798,0.8421000242233276
YDR342C,YNL292W,0,-3.659249,0.09235908836126328,0.8569999933242798,0.842199981212616
YCR002C,YMR076C,0,-3.6592534,0.09234913438558578,0.8569999933242798,0.8422999978065491
YMR116C,YDR295C,1,-3.6592667,0.0924469381570816,0.8579999804496765,0.8422999978065491
YML073C,YOR069W,0,-3.6593788,0.09243697673082352,0.8579999804496765,0.8424000144004822
YBR049C,YDR086C,0,-3.6594865,0.09242701530456543,0.8579999804496765,0.8424999713897705
YOL042W,YEL051W,0,-3.6595154,0.09241706132888794,0.8579999804496765,0.8425999879837036
YLR078C,YOR149C,0,-3.6596448,0.09240710735321045,0.8579999804496765,0.8427000045776367
YDL243C,YNL107W,0,-3.6598084,0.09239715337753296,0.8579999804496765,0.8428000211715698
YPR017C,YOR181W,0,-3.6598272,0.09238720685243607,0.8579999804496765,0.8428999781608582
YDR043C,YGL246C,0,-3.6599247,0.09237726032733917,0.8579999804496765,0.8429999947547913
YGR155W,YML005W,0,-3.6600697,0.09236731380224228,0.8579999804496765,0.8431000113487244
YKL013C,YBR065C,0,-3.6603253,0.09235737472772598,0.8579999804496765,0.8432000279426575
YDR016C,YER019C-A,0,-3.660508,0.09234743565320969,0.8579999804496765,0.8432999849319458
YNL230C,YNL015W,0,-3.6608818,0.09233749657869339,0.8579999804496765,0.8434000015258789
YBR107C,YOR179C,0,-3.661074,0.0923275575041771,0.8579999804496765,0.843500018119812
YMR081C,YKL145W,0,-3.6611478,0.0923176258802414,0.8579999804496765,0.8435999751091003
YGL058W,YER116C,1,-3.661197,0.09241528064012527,0.859000027179718,0.8435999751091003
YOL011W,YPL237W,0,-3.6613047,0.09240533411502838,0.859000027179718,0.8436999917030334
YMR182C,YDR181C,0,-3.6615555,0.09239539504051208,0.859000027179718,0.8438000082969666
YNR016C,YDR463W,0,-3.661571,0.09238545596599579,0.859000027179718,0.8439000248908997
YOR181W,YDR400W,0,-3.661616,0.09237552434206009,0.859000027179718,0.843999981880188
YGR074W,YPR140W,0,-3.661721,0.09236559271812439,0.859000027179718,0.8440999984741211
YNL288W,YER030W,0,-3.661729,0.09235566109418869,0.859000027179718,0.8442000150680542
YPL218W,YDR086C,0,-3.6618023,0.09234572947025299,0.859000027179718,0.8442999720573425
YPL145C,YBR083W,0,-3.6618187,0.09233580529689789,0.859000027179718,0.8443999886512756
YER112W,YIL014W,0,-3.6620371,0.09232588112354279,0.859000027179718,0.8445000052452087
YGL169W,YKR001C,0,-3.6620858,0.09231595695018768,0.859000027179718,0.8446000218391418
YNR057C,YPR052C,0,-3.662318,0.09230604022741318,0.859000027179718,0.8446999788284302
YML116W,YDR284C,0,-3.6624243,0.09229612350463867,0.859000027179718,0.8447999954223633
YKR099W,YNR047W,0,-3.6624537,0.09228620678186417,0.859000027179718,0.8449000120162964
YEL026W,YNL121C,0,-3.6625478,0.09227629005908966,0.859000027179718,0.8450000286102295
YKR052C,YDR194C,0,-3.6625917,0.09226638078689575,0.859000027179718,0.8450999855995178
YCL061C,YKL170W,1,-3.662718,0.0923638716340065,0.8600000143051147,0.8450999855995178
YKL146W,YJR093C,0,-3.6628597,0.092353954911232,0.8600000143051147,0.8452000021934509
YOR178C,YDR494W,0,-3.6628757,0.09234403818845749,0.8600000143051147,0.845300018787384
YBR274W,YHR026W,0,-3.6629667,0.09233412146568298,0.8600000143051147,0.8453999757766724
YMR150C,YLR020C,0,-3.663047,0.09232420474290848,0.8600000143051147,0.8454999923706055
YER056C,YHL025W,0,-3.6634157,0.09231429547071457,0.8600000143051147,0.8456000089645386
YOR388C,YOL006C,0,-3.663521,0.09230438619852066,0.8600000143051147,0.8457000255584717
YBL005W,YJL035C,0,-3.6635501,0.09229448437690735,0.8600000143051147,0.84579998254776
YPL153C,YKL080W,0,-3.6636603,0.09228458255529404,0.8600000143051147,0.8458999991416931
YLR069C,YJL148W,0,-3.6640627,0.09227468073368073,0.8600000143051147,0.8460000157356262
YPL259C,YJR103W,0,-3.6640804,0.09226477891206741,0.8600000143051147,0.8460999727249146
YLR459W,YDR259C,0,-3.6643054,0.0922548845410347,0.8600000143051147,0.8461999893188477
YER042W,YOR063W,0,-3.6643312,0.09224498271942139,0.8600000143051147,0.8463000059127808
YEL029C,YKL054C,1,-3.664502,0.09234233945608139,0.8610000014305115,0.8463000059127808
YDL126C,YBR253W,0,-3.6647398,0.09233243763446808,0.8610000014305115,0.8464000225067139
YBR017C,YOR099W,0,-3.664831,0.09232253581285477,0.8610000014305115,0.8464999794960022
YGL187C,YOR117W,0,-3.6648335,0.09231264144182205,0.8610000014305115,0.8465999960899353
YJL128C,YOR294W,0,-3.6651428,0.09230274707078934,0.8610000014305115,0.8467000126838684
YMR263W,YGR099W,1,-3.6652215,0.09240004420280457,0.8619999885559082,0.8467000126838684
YBL085W,YEL024W,0,-3.6653852,0.09239014238119125,0.8619999885559082,0.8468000292778015
YMR213W,YIL014W,0,-3.6653955,0.09238024055957794,0.8619999885559082,0.8468999862670898
YNR019W,YGR183C,0,-3.6654005,0.09237033873796463,0.8619999885559082,0.847000002861023
YOL016C,YJL061W,0,-3.665433,0.09236044436693192,0.8619999885559082,0.847100019454956
YLR013W,YPL210C,0,-3.665501,0.0923505499958992,0.8619999885559082,0.8471999764442444
YHR194W,YER031C,0,-3.665596,0.09234065562486649,0.8619999885559082,0.8472999930381775
YLR009W,YOL055C,0,-3.6656482,0.09233076125383377,0.8619999885559082,0.8474000096321106
YDR517W,YDR086C,0,-3.6657128,0.09232087433338165,0.8619999885559082,0.8475000262260437
YML006C,YCL034W,0,-3.6658094,0.09231098741292953,0.8619999885559082,0.847599983215332
YPL213W,YMR143W,1,-3.665845,0.0924081802368164,0.8629999756813049,0.847599983215332
YEL015W,YLR130C,0,-3.665893,0.09239828586578369,0.8629999756813049,0.8476999998092651
YKL040C,YKR003W,0,-3.665954,0.09238839894533157,0.8629999756813049,0.8478000164031982
YBL079W,YDR276C,0,-3.666165,0.09237850457429886,0.8629999756813049,0.8478999733924866
YML057W,YER031C,0,-3.666211,0.09236861765384674,0.8629999756813049,0.8479999899864197
YHR108W,YDR073W,0,-3.666271,0.09235873073339462,0.8629999756813049,0.8481000065803528
YFL039C,YNL118C,0,-3.66629,0.0923488512635231,0.8629999756813049,0.8482000231742859
YFR014C,YOR316C,0,-3.666333,0.09233897179365158,0.8629999756813049,0.8482999801635742
YPL266W,YNL231C,0,-3.666412,0.09232909232378006,0.8629999756813049,0.8483999967575073
YLR448W,YDR189W,0,-3.666493,0.09231921285390854,0.8629999756813049,0.8485000133514404
YLR015W,YLR357W,1,-3.6666443,0.09241630136966705,0.8640000224113464,0.8485000133514404
YLR183C,YHR070W,0,-3.6666973,0.09240641444921494,0.8640000224113464,0.8485999703407288
YBR073W,YOR294W,0,-3.666816,0.09239653497934341,0.8640000224113464,0.8486999869346619
YMR312W,YJL173C,0,-3.6668367,0.0923866555094719,0.8640000224113464,0.848800003528595
YJR057W,YOR035C,0,-3.6668985,0.09237677603960037,0.8640000224113464,0.8489000201225281
YNL127W,YJL198W,0,-3.6669037,0.09236690402030945,0.8640000224113464,0.8489999771118164
YPR021C,YLR378C,0,-3.6669266,0.09235703200101852,0.8640000224113464,0.8490999937057495
YOL071W,YDR259C,0,-3.6669395,0.0923471599817276,0.8640000224113464,0.8492000102996826
YNL130C,YDR045C,0,-3.6669524,0.09233728796243668,0.8640000224113464,0.8493000268936157
YOR217W,YEL024W,0,-3.66723,0.09232742339372635,0.8640000224113464,0.849399983882904
YHR079C,YBR245C,0,-3.6673372,0.09231755882501602,0.8640000224113464,0.8495000004768372
YER009W,YPR165W,0,-3.6674323,0.0923076942563057,0.8640000224113464,0.8496000170707703
YDL035C,YPL242C,0,-3.6675305,0.09229782968759537,0.8640000224113464,0.8496999740600586
YJL042W,YOR127W,0,-3.6677,0.09228797256946564,0.8640000224113464,0.8497999906539917
YIL062C,YER107C,0,-3.6678298,0.09227811545133591,0.8640000224113464,0.8499000072479248
YLR060W,YER089C,0,-3.668093,0.09226825833320618,0.8640000224113464,0.8500000238418579
YHL007C,YDL190C,0,-3.668155,0.09225840866565704,0.8640000224113464,0.8500999808311462
YBR059C,YDR060W,0,-3.6684527,0.09224855899810791,0.8640000224113464,0.8501999974250793
YLR016C,YDL195W,0,-3.6684763,0.09223870933055878,0.8640000224113464,0.8503000140190125
YDR418W,YHR021C,1,-3.668484,0.09233561158180237,0.8650000095367432,0.8503000140190125
YJR094C,YHR111W,0,-3.6685936,0.09232575446367264,0.8650000095367432,0.8503999710083008
YNR010W,YBR037C,0,-3.6686099,0.0923159047961235,0.8650000095367432,0.8504999876022339
YDR214W,YPR057W,0,-3.6686532,0.09230604767799377,0.8650000095367432,0.850600004196167
YCL014W,YDR285W,0,-3.6687055,0.09229619801044464,0.8650000095367432,0.8507000207901001
YBR165W,YIR026C,0,-3.6687276,0.0922863557934761,0.8650000095367432,0.8507999777793884
YHR085W,YDR218C,0,-3.6687515,0.09227650612592697,0.8650000095367432,0.8508999943733215
YOR327C,YML001W,1,-3.6687882,0.0923733338713646,0.8659999966621399,0.8508999943733215
YAL003W,YLR396C,0,-3.6688044,0.09236348420381546,0.8659999966621399,0.8510000109672546
YFR014C,YGL067W,0,-3.669004,0.09235363453626633,0.8659999966621399,0.8511000275611877
YKR099W,YOR380W,0,-3.6691263,0.0923437848687172,0.8659999966621399,0.8511999845504761
YGL067W,YBL052C,0,-3.6691296,0.09233393520116806,0.8659999966621399,0.8513000011444092
YLR368W,YPR191W,0,-3.6694746,0.09232409298419952,0.8659999966621399,0.8514000177383423
YBR245C,YML058W,0,-3.6694756,0.09231425076723099,0.8659999966621399,0.8514999747276306
YBR177C,YGL216W,0,-3.669523,0.09230441600084305,0.8659999966621399,0.8515999913215637
YLR314C,YLL036C,0,-3.6696265,0.09229457378387451,0.8659999966621399,0.8517000079154968
YOL071W,YLR106C,0,-3.66971,0.09228473901748657,0.8659999966621399,0.8518000245094299
YDL051W,YCL033C,0,-3.6697228,0.09227490425109863,0.8659999966621399,0.8518999814987183
YPL137C,YDR245W,0,-3.6698134,0.09226507693529129,0.8659999966621399,0.8519999980926514
YOR005C,YNL061W,0,-3.6699102,0.09225524961948395,0.8659999966621399,0.8521000146865845
YLR170C,YPL177C,0,-3.6701424,0.0922454223036766,0.8659999966621399,0.8521999716758728
YBL102W,YNR023W,0,-3.6701615,0.09223559498786926,0.8659999966621399,0.8522999882698059
YDL126C,YDR345C,0,-3.6702085,0.09222577512264252,0.8659999966621399,0.852400004863739
YDR156W,YLR466W,1,-3.6704133,0.092322438955307,0.8669999837875366,0.852400004863739
YER015W,YBL022C,0,-3.6705978,0.09231260418891907,0.8669999837875366,0.8525000214576721
YMR033W,YDR086C,0,-3.6706264,0.09230277687311172,0.8669999837875366,0.8525999784469604
YAL007C,YIL026C,0,-3.6707184,0.09229294955730438,0.8669999837875366,0.8526999950408936
YGL058W,YOL138C,1,-3.6708138,0.09238956868648529,0.8679999709129333,0.8526999950408936
YBR135W,YLR138W,0,-3.6708274,0.09237973392009735,0.8679999709129333,0.8528000116348267
YNL068C,YKR007W,0,-3.670838,0.09236990660429001,0.8679999709129333,0.8529000282287598
YJL214W,YGL051W,0,-3.6708434,0.09236007928848267,0.8679999709129333,0.8529999852180481
YHR001W,YOR116C,0,-3.670914,0.09235025197267532,0.8679999709129333,0.8531000018119812
YBR273C,YNL044W,0,-3.6710124,0.09234042465686798,0.8679999709129333,0.8532000184059143
YPL001W,YFL038C,0,-3.6711335,0.09233060479164124,0.8679999709129333,0.8532999753952026
YBR106W,YMR263W,1,-3.671182,0.09242714196443558,0.8690000176429749,0.8532999753952026
YDL197C,YHR024C,0,-3.6712549,0.09241731464862823,0.8690000176429749,0.8533999919891357
YMR182C,YMR088C,0,-3.6713018,0.09240748733282089,0.8690000176429749,0.8535000085830688
YJR068W,YDR379W,0,-3.67157,0.09239766001701355,0.8690000176429749,0.853600025177002
YPR073C,YLR105C,0,-3.6716454,0.0923878401517868,0.8690000176429749,0.8536999821662903
YJL008C,YOR221C,0,-3.67167,0.09237801283597946,0.8690000176429749,0.8537999987602234
YMR213W,YIR008C,0,-3.6720622,0.09236820042133331,0.8690000176429749,0.8539000153541565
YAR002W,YDL047W,1,-3.6723154,0.09246466308832169,0.8700000047683716,0.8539000153541565
YNR016C,YBR173C,0,-3.672396,0.09245483577251434,0.8700000047683716,0.8539999723434448
YKL129C,YBL079W,0,-3.6724217,0.092445008456707,0.8700000047683716,0.8540999889373779
YCR052W,YER018C,0,-3.6724274,0.09243518859148026,0.8700000047683716,0.854200005531311
YLR330W,YOR334W,0,-3.6726274,0.09242536872625351,0.8700000047683716,0.8543000221252441
YMR216C,YML058W,0,-3.672768,0.09241554886102676,0.8700000047683716,0.8543999791145325
YJR091C,YJR019C,0,-3.673185,0.09240573644638062,0.8700000047683716,0.8544999957084656
YLR378C,YDL235C,0,-3.6733317,0.09239592403173447,0.8700000047683716,0.8546000123023987
YNL055C,YNL186W,0,-3.6733377,0.09238611161708832,0.8700000047683716,0.8547000288963318
YNL161W,YGR231C,0,-3.6735263,0.09237629920244217,0.8700000047683716,0.8547999858856201
YDL088C,YKL197C,0,-3.6735632,0.09236649423837662,0.8700000047683716,0.8549000024795532
YER127W,YER008C,0,-3.6735942,0.09235668927431107,0.8700000047683716,0.8550000190734863
YBL069W,YHR176W,0,-3.6735957,0.09234688431024551,0.8700000047683716,0.8550999760627747
YNL281W,YMR263W,1,-3.6736286,0.09244322031736374,0.8709999918937683,0.8550999760627747
YMR311C,YOL003C,0,-3.6736302,0.09243340790271759,0.8709999918937683,0.8551999926567078
YJR047C,YGR009C,0,-3.6736426,0.09242360293865204,0.8709999918937683,0.8553000092506409
YOR028C,YHR085W,0,-3.673706,0.09241379052400589,0.8709999918937683,0.855400025844574
YNL038W,YGR112W,0,-3.6738412,0.09240398555994034,0.8709999918937683,0.8554999828338623
YJL085W,YDR453C,0,-3.6739476,0.09239418804645538,0.8709999918937683,0.8555999994277954
YPL228W,YDL019C,0,-3.6745007,0.09238439053297043,0.8709999918937683,0.8557000160217285
YDR513W,YLR369W,0,-3.6745524,0.09237458556890488,0.8709999918937683,0.8557999730110168
YIL065C,YGR030C,0,-3.6747687,0.09236479550600052,0.8709999918937683,0.85589998960495
YPL086C,YOR354C,0,-3.6748457,0.09235499799251556,0.8709999918937683,0.8560000061988831
YNL282W,YKR037C,0,-3.6749656,0.0923452079296112,0.8709999918937683,0.8561000227928162
YIL153W,YLR033W,0,-3.6749778,0.09233541786670685,0.8709999918937683,0.8561999797821045
YIR037W,YOR195W,0,-3.6750162,0.09232562780380249,0.8709999918937683,0.8562999963760376
YGR134W,YHR150W,0,-3.6751118,0.09231584519147873,0.8709999918937683,0.8564000129699707
YLR342W,YFL049W,0,-3.675279,0.09230606257915497,0.8709999918937683,0.8565000295639038
YOL063C,YIL019W,0,-3.6752856,0.09229627996683121,0.8709999918937683,0.8565999865531921
YAL044C,YDL020C,1,-3.6755517,0.0923924595117569,0.871999979019165,0.8565999865531921
YDR043C,YML065W,0,-3.6757448,0.09238266944885254,0.871999979019165,0.8567000031471252
YIL014W,YDR322C-A,0,-3.6758237,0.09237287938594818,0.871999979019165,0.8568000197410583
YBR196C,YMR283C,0,-3.675917,0.09236309677362442,0.871999979019165,0.8568999767303467
YOR120W,YOR217W,0,-3.6759236,0.09235331416130066,0.871999979019165,0.8569999933242798
YJL146W,YJR052W,0,-3.675938,0.0923435315489769,0.871999979019165,0.8571000099182129
YPL145C,YPR161C,0,-3.6759999,0.09233375638723373,0.871999979019165,0.857200026512146
YOL135C,YOR103C,0,-3.676122,0.09232398122549057,0.871999979019165,0.8572999835014343
YPL053C,YOL026C,0,-3.6761968,0.0923142060637474,0.871999979019165,0.8574000000953674
YBL079W,YBR037C,0,-3.6762612,0.09230443835258484,0.871999979019165,0.8575000166893005
YBR274W,YNL068C,0,-3.676638,0.09229466319084167,0.871999979019165,0.8575999736785889
YER166W,YHR073W,0,-3.6766822,0.09228489547967911,0.871999979019165,0.857699990272522
YML031W,YOR064C,0,-3.6767437,0.09227513521909714,0.871999979019165,0.8578000068664551
YJR144W,YLR398C,0,-3.6768239,0.09226536750793457,0.871999979019165,0.8579000234603882
YKL206C,YKL016C,0,-3.6768591,0.0922556072473526,0.871999979019165,0.8579999804496765
YGR163W,YHR167W,1,-3.6768699,0.09235163778066635,0.8730000257492065,0.8579999804496765
YDR236C,YJR132W,0,-3.6770914,0.09234186261892319,0.8730000257492065,0.8580999970436096
YHR181W,YBR083W,0,-3.6772294,0.09233210235834122,0.8730000257492065,0.8582000136375427
YOR080W,YOR129C,0,-3.6772733,0.09232233464717865,0.8730000257492065,0.858299970626831
YLR215C,YPL208W,0,-3.677377,0.09231257438659668,0.8730000257492065,0.8583999872207642
YMR275C,YPR155C,0,-3.677388,0.09230281412601471,0.8730000257492065,0.8585000038146973
YER026C,YHL025W,0,-3.6774247,0.09229305386543274,0.8730000257492065,0.8586000204086304
YFL055W,YBR095C,0,-3.6777296,0.09228330105543137,0.8730000257492065,0.8586999773979187
YCR020W-B,YOR327C,1,-3.6777487,0.09237924218177795,0.8740000128746033,0.8586999773979187
YGL129C,YLR020C,0,-3.67783,0.09236947447061539,0.8740000128746033,0.8587999939918518
YDR058C,YPL019C,0,-3.677856,0.09235971421003342,0.8740000128746033,0.8589000105857849
YDL100C,YMR150C,0,-3.6779025,0.09234996140003204,0.8740000128746033,0.859000027179718
YOR067C,YMR004W,0,-3.6779654,0.09234020113945007,0.8740000128746033,0.8590999841690063
YMR135C,YIL053W,0,-3.678095,0.0923304483294487,0.8740000128746033,0.8592000007629395
YAR015W,YHR106W,0,-3.6781414,0.09232069551944733,0.8740000128746033,0.8593000173568726
YDR303C,YBR273C,0,-3.6782346,0.09231094270944595,0.8740000128746033,0.8593999743461609
YPL133C,YEL002C,0,-3.6784194,0.09230118989944458,0.8740000128746033,0.859499990940094
YEL065W,YAL016W,0,-3.6784322,0.0922914445400238,0.8740000128746033,0.8596000075340271
YJL115W,YOL158C,0,-3.6786168,0.09228169918060303,0.8740000128746033,0.8597000241279602
YPL243W,YOR089C,0,-3.6788008,0.09227196127176285,0.8740000128746033,0.8597999811172485
YJL191W,YOL129W,0,-3.6789234,0.09226221591234207,0.8740000128746033,0.8598999977111816
YOR149C,YOL006C,0,-3.6790216,0.09225247800350189,0.8740000128746033,0.8600000143051147
YNR033W,YLR435W,0,-3.6791983,0.09224274754524231,0.8740000128746033,0.8600999712944031
YGL257C,YGR005C,0,-3.6792278,0.09223300963640213,0.8740000128746033,0.8601999878883362
YLR295C,YPL091W,0,-3.6793034,0.09222327917814255,0.8740000128746033,0.8603000044822693
YDL007W,YHR181W,0,-3.6793263,0.09221354871988297,0.8740000128746033,0.8604000210762024
YDL035C,YLR208W,0,-3.67933,0.09220381826162338,0.8740000128746033,0.8604999780654907
YFL055W,YDR420W,0,-3.6793811,0.0921940952539444,0.8740000128746033,0.8605999946594238
YPR093C,YNL248C,0,-3.6794333,0.09218437224626541,0.8740000128746033,0.8607000112533569
YDL226C,YJR077C,0,-3.67949,0.09217464923858643,0.8740000128746033,0.86080002784729
YGR261C,YKL043W,0,-3.6795068,0.09216492623090744,0.8740000128746033,0.8608999848365784
YDR272W,YIL053W,0,-3.6796167,0.09215521067380905,0.8740000128746033,0.8610000014305115
YBR278W,YOR179C,0,-3.6796358,0.09214549511671066,0.8740000128746033,0.8611000180244446
YHR175W,YOR229W,0,-3.679676,0.09213577955961227,0.8740000128746033,0.8611999750137329
YEL027W,YCR077C,0,-3.6797001,0.09212606400251389,0.8740000128746033,0.861299991607666
YKL112W,YFL021W,0,-3.679773,0.0921163558959961,0.8740000128746033,0.8614000082015991
YHR086W,YER012W,0,-3.6798313,0.0921066477894783,0.8740000128746033,0.8615000247955322
YPL118W,YPL020C,0,-3.6800275,0.09209694713354111,0.8740000128746033,0.8615999817848206
YBR296C,YOL072W,0,-3.6801512,0.09208723902702332,0.8740000128746033,0.8616999983787537
YPL031C,YML061C,1,-3.6802104,0.09218288958072662,0.875,0.8616999983787537
YJL165C,YBL033C,0,-3.680261,0.09217318147420883,0.875,0.8618000149726868
YDR040C,YHR024C,0,-3.680295,0.09216347336769104,0.875,0.8618999719619751
YBR121C,YPL118W,0,-3.6803668,0.09215376526117325,0.875,0.8619999885559082
YER013W,YHR181W,0,-3.6808083,0.09214405715465546,0.875,0.8621000051498413
YDL188C,YMR203W,0,-3.680878,0.09213435649871826,0.875,0.8622000217437744
YOR038C,YGR241C,0,-3.6808927,0.09212465584278107,0.875,0.8622999787330627
YHR194W,YNL263C,0,-3.6810787,0.09211496263742447,0.875,0.8623999953269958
YGL133W,YNL287W,0,-3.6812127,0.09210526198148727,0.875,0.862500011920929
YBR162C,YHR016C,0,-3.6814237,0.09209556877613068,0.875,0.8626000285148621
YPL118W,YDR043C,0,-3.681456,0.09208587557077408,0.875,0.8626999855041504
YKL004W,YER148W,0,-3.6816761,0.09207618981599808,0.875,0.8628000020980835
YAL010C,YMR080C,1,-3.681748,0.09217171370983124,0.8759999871253967,0.8628000020980835
YMR097C,YDL092W,0,-3.682089,0.09216202050447464,0.8759999871253967,0.8629000186920166
YMR172W,YFR004W,0,-3.6822183,0.09215232729911804,0.8759999871253967,0.8629999756813049
YLR059C,YER129W,0,-3.6823547,0.09214263409376144,0.8759999871253967,0.863099992275238
YLR398C,YLR147C,0,-3.6823833,0.09213294088840485,0.8759999871253967,0.8632000088691711
YLR163C,YBR196C,0,-3.6824849,0.09212325513362885,0.8759999871253967,0.8633000254631042
YML077W,YPR007C,0,-3.6826274,0.09211356192827225,0.8759999871253967,0.8633999824523926
YIL014W,YPL179W,0,-3.682676,0.09210387617349625,0.8759999871253967,0.8634999990463257
YIL149C,YKR065C,0,-3.6828272,0.09209419786930084,0.8759999871253967,0.8636000156402588
YGL043W,YKR031C,0,-3.6829908,0.09208451956510544,0.8759999871253967,0.8636999726295471
YPL179W,YNL064C,0,-3.6830506,0.09207483381032944,0.8759999871253967,0.8637999892234802
YBR022W,YGR172C,0,-3.6831968,0.09206516295671463,0.8759999871253967,0.8639000058174133
YKR009C,YDL201W,0,-3.6833217,0.09205548465251923,0.8759999871253967,0.8640000224113464
YPR110C,YBR083W,0,-3.6833568,0.09204581379890442,0.8759999871253967,0.8640999794006348
YLR011W,YCR060W,0,-3.683448,0.09203614294528961,0.8759999871253967,0.8641999959945679
YBR164C,YBR295W,0,-3.6836016,0.0920264720916748,0.8759999871253967,0.864300012588501
YLR085C,YGL195W,0,-3.683838,0.0920168086886406,0.8759999871253967,0.8644000291824341
YGR057C,YHR021C,1,-3.683966,0.09211217612028122,0.8769999742507935,0.8644000291824341
YGR288W,YKR082W,0,-3.6839747,0.09210249781608582,0.8769999742507935,0.8644999861717224
YHR086W,YBL046W,0,-3.6839967,0.09209282696247101,0.8769999742507935,0.8646000027656555
YAR031W,YBL039C,0,-3.6840546,0.0920831561088562,0.8769999742507935,0.8647000193595886
YIR041W,YGR195W,0,-3.6842053,0.09207349270582199,0.8769999742507935,0.864799976348877
YNL259C,YIL023C,0,-3.6842296,0.09206382185220718,0.8769999742507935,0.8648999929428101
YNL031C,YDR135C,0,-3.684358,0.09205415844917297,0.8769999742507935,0.8650000095367432
YGL200C,YCR077C,0,-3.6847086,0.09204450249671936,0.8769999742507935,0.8651000261306763
YKL120W,YJR068W,0,-3.6847749,0.09203483909368515,0.8769999742507935,0.8651999831199646
YPL233W,YBR024W,0,-3.6848605,0.09202518314123154,0.8769999742507935,0.8652999997138977
YIL070C,YHL028W,0,-3.6850014,0.09201552718877792,0.8769999742507935,0.8654000163078308
YJL100W,YGL087C,0,-3.6852186,0.09200587123632431,0.8769999742507935,0.8654999732971191
YKL059C,YMR309C,0,-3.6852677,0.0919962227344513,0.8769999742507935,0.8655999898910522
YCR028C,YGR132C,0,-3.6853435,0.09198657423257828,0.8769999742507935,0.8657000064849854
YOR103C,YDR473C,0,-3.685726,0.09197692573070526,0.8769999742507935,0.8658000230789185
YNL274C,YDR416W,0,-3.6857467,0.09196728467941284,0.8769999742507935,0.8658999800682068
YER027C,YER042W,0,-3.6858175,0.09195763617753983,0.8769999742507935,0.8659999966621399
YNL329C,YDR086C,0,-3.6858618,0.0919479951262474,0.8769999742507935,0.866100013256073
YDL116W,YMR139W,0,-3.686106,0.09193836152553558,0.8769999742507935,0.8661999702453613
YBR260C,YNL131W,0,-3.6861856,0.09192872047424316,0.8769999742507935,0.8662999868392944
YDL143W,YML046W,0,-3.6863391,0.09191908687353134,0.8769999742507935,0.8664000034332275
YNR030W,YNL119W,0,-3.686487,0.09190945327281952,0.8769999742507935,0.8665000200271606
YIL065C,YDR324C,0,-3.6865146,0.0918998196721077,0.8769999742507935,0.866599977016449
YNL020C,YNL230C,0,-3.686805,0.09189019352197647,0.8769999742507935,0.8666999936103821
YMR308C,YKR031C,0,-3.6868072,0.09188056737184525,0.8769999742507935,0.8668000102043152
YNL294C,YLR145W,0,-3.6869261,0.09187094122171402,0.8769999742507935,0.8669000267982483
YDL035C,YOL005C,0,-3.6869626,0.0918613150715828,0.8769999742507935,0.8669999837875366
YNL119W,YOR213C,0,-3.6869748,0.09185169637203217,0.8769999742507935,0.8671000003814697
YDR439W,YNL209W,0,-3.6871731,0.09184207767248154,0.8769999742507935,0.8672000169754028
YKR019C,YNL169C,0,-3.6874473,0.09183245897293091,0.8769999742507935,0.8672999739646912
YHL038C,YDR429C,0,-3.6879053,0.09182284772396088,0.8769999742507935,0.8673999905586243
YPL270W,YER008C,0,-3.6879818,0.09181323647499084,0.8769999742507935,0.8675000071525574
YOR011W,YOL066C,0,-3.688021,0.09180362522602081,0.8769999742507935,0.8676000237464905
YNL164C,YKR052C,0,-3.688055,0.09179401397705078,0.8769999742507935,0.8676999807357788
YGL071W,YHR174W,0,-3.688121,0.09178440272808075,0.8769999742507935,0.8677999973297119
YGR007W,YDR429C,0,-3.6883032,0.09177479892969131,0.8769999742507935,0.867900013923645
YOL123W,YLR163C,0,-3.6883795,0.09176519513130188,0.8769999742507935,0.8679999709129333
YOR039W,YGL172W,0,-3.688563,0.09175559878349304,0.8769999742507935,0.8680999875068665
YPR023C,YDR478W,0,-3.6886454,0.09174599498510361,0.8769999742507935,0.8682000041007996
YNL116W,YCL059C,0,-3.6887765,0.09173639863729477,0.8769999742507935,0.8683000206947327
YOR034C,YGR005C,0,-3.6888602,0.09172680974006653,0.8769999742507935,0.868399977684021
YJL093C,YOR064C,0,-3.6889675,0.09171721339225769,0.8769999742507935,0.8684999942779541
YDL147W,YPL206C,0,-3.6893158,0.09170762449502945,0.8769999742507935,0.8686000108718872
YEL030W,YJL176C,0,-3.6894548,0.09169803559780121,0.8769999742507935,0.8687000274658203
YJL054W,YOL028C,0,-3.6894674,0.09168844670057297,0.8769999742507935,0.8687999844551086
YML060W,YOL001W,1,-3.689547,0.09178339689970016,0.878000020980835,0.8687999844551086
YOR317W,YDL213C,0,-3.6895673,0.09177380800247192,0.878000020980835,0.8689000010490417
YNR017W,YBL103C,0,-3.689826,0.09176421165466309,0.878000020980835,0.8690000176429749
YKL188C,YDL235C,0,-3.6900887,0.09175462275743484,0.878000020980835,0.8690999746322632
YAR033W,YCL031C,0,-3.6901724,0.0917450338602066,0.878000020980835,0.8691999912261963
YGR284C,YBL052C,0,-3.6903784,0.09173545241355896,0.878000020980835,0.8693000078201294
YNL123W,YJR143C,0,-3.6905792,0.09172586351633072,0.878000020980835,0.8694000244140625
YLR127C,YML127W,0,-3.6905956,0.09171628206968307,0.878000020980835,0.8694999814033508
YKR038C,YMR125W,1,-3.690818,0.0918111577630043,0.8790000081062317,0.8694999814033508
YDR499W,YDL047W,1,-3.691079,0.09190600365400314,0.8799999952316284,0.8694999814033508
YGR289C,YBR196C,0,-3.6912596,0.0918964073061943,0.8799999952316284,0.8695999979972839
YGL025C,YLR372W,1,-3.6916268,0.09199123084545135,0.8809999823570251,0.8695999979972839
YJR078W,YGR239C,0,-3.691733,0.09198162704706192,0.8809999823570251,0.869700014591217
YJR001W,YPL234C,0,-3.6921237,0.09197202324867249,0.8809999823570251,0.8697999715805054
YNL030W,YDR135C,0,-3.6921694,0.09196241945028305,0.8809999823570251,0.8698999881744385
YBR244W,YOR035C,0,-3.6923835,0.09195282310247421,0.8809999823570251,0.8700000047683716
YMR140W,YML055W,0,-3.6924906,0.09194322675466537,0.8809999823570251,0.8701000213623047
YMR100W,YLR275W,0,-3.692514,0.09193363040685654,0.8809999823570251,0.870199978351593
YKR007W,YIL135C,0,-3.692547,0.0919240415096283,0.8809999823570251,0.8702999949455261
YAR018C,YNL003C,0,-3.6927152,0.09191445261240005,0.8809999823570251,0.8704000115394592
YLR134W,YEL050C,0,-3.6929564,0.09190486371517181,0.8809999823570251,0.8705000281333923
YKL152C,YFL060C,0,-3.6929998,0.09189527481794357,0.8809999823570251,0.8705999851226807
YMR312W,YKL186C,0,-3.6930845,0.09188569337129593,0.8809999823570251,0.8707000017166138
YJL072C,YEL024W,0,-3.693187,0.09187610447406769,0.8809999823570251,0.8708000183105469
YIL048W,YDR279W,0,-3.693488,0.09186653047800064,0.8809999823570251,0.8708999752998352
YBR098W,YGR195W,0,-3.6935458,0.091856949031353,0.8809999823570251,0.8709999918937683
YJL208C,YJL093C,0,-3.6936295,0.09184737503528595,0.8809999823570251,0.8711000084877014
YHR086W,YDR228C,0,-3.693634,0.0918378010392189,0.8809999823570251,0.8712000250816345
YML016C,YNL079C,0,-3.6938672,0.09182822704315186,0.8809999823570251,0.8712999820709229
YER142C,YJL148W,0,-3.693889,0.09181865304708481,0.8809999823570251,0.871399998664856
YBR059C,YKR097W,0,-3.6939318,0.09180908650159836,0.8809999823570251,0.8715000152587891
YNL004W,YOL038W,0,-3.6943476,0.09179951995611191,0.8809999823570251,0.8715999722480774
YMR161W,YMR035W,0,-3.6944318,0.09178995341062546,0.8809999823570251,0.8716999888420105
YBR026C,YBR244W,0,-3.6945717,0.0917803943157196,0.8809999823570251,0.8718000054359436
YDL243C,YOR254C,0,-3.6945765,0.09177083522081375,0.8809999823570251,0.8719000220298767
YER009W,YLR248W,0,-3.6951916,0.0917612761259079,0.8809999823570251,0.871999979019165
YNR016C,YJL124C,0,-3.6952312,0.09175171703100204,0.8809999823570251,0.8720999956130981
YOL061W,YKL117W,1,-3.6952841,0.0918462947010994,0.8820000290870667,0.8720999956130981
YDR101C,YKR034W,0,-3.695362,0.09183673560619354,0.8820000290870667,0.8722000122070312
YOL080C,YBR260C,0,-3.6953886,0.09182717651128769,0.8820000290870667,0.8723000288009644
YBR092C,YKR042W,0,-3.695464,0.09181761741638184,0.8820000290870667,0.8723999857902527
YJR035W,YJL011C,0,-3.6955173,0.09180805832147598,0.8820000290870667,0.8725000023841858
YLR342W,YNL038W,0,-3.695738,0.09179849922657013,0.8820000290870667,0.8726000189781189
YJL146W,YLR354C,0,-3.6958015,0.09178894758224487,0.8820000290870667,0.8726999759674072
YBR210W,YDR281C,0,-3.6959448,0.09177939593791962,0.8820000290870667,0.8727999925613403
YLR078C,YHL028W,0,-3.6959772,0.09176984429359436,0.8820000290870667,0.8729000091552734
YBL040C,YGL111W,0,-3.6960504,0.0917603000998497,0.8820000290870667,0.8730000257492065
YKL112W,YJL004C,0,-3.6963403,0.09175075590610504,0.8820000290870667,0.8730999827384949
YLR102C,YGL253W,0,-3.6963537,0.09174121171236038,0.8820000290870667,0.873199999332428
YDR294C,YOR151C,0,-3.696387,0.09173166751861572,0.8820000290870667,0.8733000159263611
YOR198C,YBL007C,0,-3.696443,0.09172213077545166,0.8820000290870667,0.8733999729156494
YPL178W,YGL003C,1,-3.6966617,0.09181657433509827,0.8830000162124634,0.8733999729156494
YPL037C,YMR054W,0,-3.696696,0.09180703014135361,0.8830000162124634,0.8734999895095825
YPR029C,YLR106C,0,-3.6968596,0.09179748594760895,0.8830000162124634,0.8736000061035156
YOR231W,YLR200W,0,-3.6969569,0.09178794175386429,0.8830000162124634,0.8737000226974487
YLR191W,YCR053W,0,-3.69712,0.09177840501070023,0.8830000162124634,0.8737999796867371
YJL042W,YDR527W,0,-3.6971428,0.09176886081695557,0.8830000162124634,0.8738999962806702
YMR212C,YPL058C,0,-3.6974394,0.0917593240737915,0.8830000162124634,0.8740000128746033
YAR015W,YMR023C,0,-3.6976376,0.09174979478120804,0.8830000162124634,0.8741000294685364
YBR164C,YGL087C,0,-3.6976788,0.09174025803804398,0.8830000162124634,0.8741999864578247
YOL013C,YOR075W,0,-3.6978462,0.09173072874546051,0.8830000162124634,0.8743000030517578
YIL049W,YDR037W,0,-3.6980078,0.09172119945287704,0.8830000162124634,0.8744000196456909
YFL025C,YKL020C,0,-3.6980433,0.09171167761087418,0.8830000162124634,0.8744999766349792
YMR308C,YKL188C,0,-3.6981547,0.09170214831829071,0.8830000162124634,0.8745999932289124
YBR008C,YKL134C,0,-3.6987526,0.09169262647628784,0.8830000162124634,0.8747000098228455
YIL033C,YCR033W,0,-3.6987574,0.09168310463428497,0.8830000162124634,0.8748000264167786
YJR077C,YBL014C,0,-3.6989148,0.0916735902428627,0.8830000162124634,0.8748999834060669
YPR176C,YNL163C,0,-3.6991818,0.09166406840085983,0.8830000162124634,0.875
YEL009C,YBR095C,0,-3.6992,0.09165455400943756,0.8830000162124634,0.8751000165939331
YHR024C,YML015C,0,-3.6992004,0.09164504706859589,0.8830000162124634,0.8751999735832214
YMR212C,YCL032W,0,-3.6994154,0.09163553267717361,0.8830000162124634,0.8752999901771545
YOL061W,YBR097W,1,-3.6994293,0.0917297899723053,0.8840000033378601,0.8752999901771545
YPR057W,YGL006W,0,-3.6997788,0.09172027558088303,0.8840000033378601,0.8754000067710876
YGR155W,YGR147C,0,-3.6998777,0.09171076118946075,0.8840000033378601,0.8755000233650208
YKL101W,YOR007C,0,-3.7002692,0.09170124679803848,0.8840000033378601,0.8755999803543091
YLR459W,YJR135C,0,-3.7002823,0.09169173240661621,0.8840000033378601,0.8756999969482422
YPL196W,YLR340W,0,-3.7003295,0.09168222546577454,0.8840000033378601,0.8758000135421753
YER052C,YMR097C,0,-3.700476,0.09167271852493286,0.8840000033378601,0.8758999705314636
YER044C,YER005W,0,-3.7012599,0.09166321158409119,0.8840000033378601,0.8759999871253967
YOL060C,YGR082W,0,-3.701298,0.09165370464324951,0.8840000033378601,0.8761000037193298
YOL051W,YDR499W,1,-3.7013164,0.09174787253141403,0.8849999904632568,0.8761000037193298
YOR058C,YER026C,0,-3.7014282,0.09173836559057236,0.8849999904632568,0.8762000203132629
YLL034C,YPL007C,0,-3.7014472,0.09172885864973068,0.8849999904632568,0.8762999773025513
YDL165W,YMR054W,0,-3.7015939,0.09171935170888901,0.8849999904632568,0.8763999938964844
YER167W,YMR036C,0,-3.7017233,0.09170984476804733,0.8849999904632568,0.8765000104904175
YLR397C,YGL047W,0,-3.7023346,0.09170034527778625,0.8849999904632568,0.8766000270843506
YPL046C,YBR017C,0,-3.7024138,0.09169083833694458,0.8849999904632568,0.8766999840736389
YDL101C,YMR143W,1,-3.7024157,0.09178493916988373,0.8859999775886536,0.8766999840736389
YHR086W,YOR143C,0,-3.7024772,0.09177543222904205,0.8859999775886536,0.876800000667572
YIL056W,YKL119C,0,-3.702493,0.09176592528820038,0.8859999775886536,0.8769000172615051
YLL009C,YOR085W,0,-3.7027943,0.0917564183473587,0.8859999775886536,0.8769999742507935
YPR182W,YOR060C,0,-3.7028434,0.09174691885709763,0.8859999775886536,0.8770999908447266
YIR017C,YGL120C,0,-3.702852,0.09173741936683655,0.8859999775886536,0.8772000074386597
YDR176W,YDL185W,0,-3.7037125,0.09172791987657547,0.8859999775886536,0.8773000240325928
YIR004W,YEL042W,0,-3.7038276,0.09171842783689499,0.8859999775886536,0.8773999810218811
YLR208W,YOR057W,0,-3.703972,0.09170893579721451,0.8859999775886536,0.8774999976158142
YPR008W,YMR089C,0,-3.7039773,0.09169944375753403,0.8859999775886536,0.8776000142097473
YPL055C,YEL002C,0,-3.7044141,0.09168995171785355,0.8859999775886536,0.8776999711990356
YOL060C,YDR162C,0,-3.7047002,0.09168046712875366,0.8859999775886536,0.8777999877929688
YOR178C,YGL252C,0,-3.7047617,0.09167097508907318,0.8859999775886536,0.8779000043869019
YGL105W,YLR353W,0,-3.7050588,0.0916614904999733,0.8859999775886536,0.878000020980835
YML077W,YOL126C,0,-3.7052133,0.09165201336145401,0.8859999775886536,0.8780999779701233
YHR143W,YML115C,0,-3.7054071,0.09164252877235413,0.8859999775886536,0.8781999945640564
YBR207W,YGR285C,0,-3.7055874,0.09163305163383484,0.8859999775886536,0.8783000111579895
YCL014W,YLR248W,0,-3.7055988,0.09162357449531555,0.8859999775886536,0.8784000277519226
YLR220W,YBR188C,0,-3.7056196,0.09161410480737686,0.8859999775886536,0.8784999847412109
YLR226W,YOL129W,0,-3.7058036,0.09160463511943817,0.8859999775886536,0.878600001335144
YKR068C,YLR380W,0,-3.7058327,0.09159516543149948,0.8859999775886536,0.8787000179290771
YJR118C,YAL033W,0,-3.7058437,0.09158569574356079,0.8859999775886536,0.8787999749183655
YJR125C,YPR137W,0,-3.7060118,0.0915762260556221,0.8859999775886536,0.8788999915122986
YER105C,YGL210W,0,-3.7060122,0.09156676381826401,0.8859999775886536,0.8790000081062317
YKL054C,YIL042C,1,-3.7061043,0.09166064113378525,0.8870000243186951,0.8790000081062317
YER009W,YLR043C,0,-3.7062378,0.09165116399526596,0.8870000243186951,0.8791000247001648
YGR057C,YDR083W,1,-3.7063196,0.09174501150846481,0.8880000114440918,0.8791000247001648
YJL125C,YKL045W,0,-3.7063448,0.09173553436994553,0.8880000114440918,0.8791999816894531
YHR068W,YFR027W,0,-3.7064855,0.09172606468200684,0.8880000114440918,0.8792999982833862
YER146W,YDR453C,0,-3.706686,0.09171658754348755,0.8880000114440918,0.8794000148773193
YNL139C,YNL241C,0,-3.7068315,0.09170711785554886,0.8880000114440918,0.8794999718666077
YLL031C,YKL064W,0,-3.7069674,0.09169764816761017,0.8880000114440918,0.8795999884605408
YGR229C,YLR417W,1,-3.707149,0.09179142862558365,0.8889999985694885,0.8795999884605408
YJR057W,YAL001C,0,-3.7072027,0.09178195148706436,0.8889999985694885,0.8797000050544739
YLR354C,YHL009C,0,-3.7072666,0.09177248179912567,0.8889999985694885,0.879800021648407
YPR111W,YNR017W,0,-3.7074518,0.09176300466060638,0.8889999985694885,0.8798999786376953
YPL268W,YLR435W,0,-3.7079856,0.0917535349726677,0.8889999985694885,0.8799999952316284
YGL236C,YPR103W,0,-3.708084,0.091744065284729,0.8889999985694885,0.8801000118255615
YCR020C-A,YMR179W,1,-3.7082226,0.09183778613805771,0.8899999856948853,0.8801000118255615
YJR131W,YOR209C,0,-3.7084014,0.09182830899953842,0.8899999856948853,0.8802000284194946
YNL118C,YPL169C,0,-3.7085853,0.09181883931159973,0.8899999856948853,0.880299985408783
YNR027W,YGL213C,0,-3.7085986,0.09180936962366104,0.8899999856948853,0.8804000020027161
YMR100W,YNL283C,0,-3.7086685,0.09179989993572235,0.8899999856948853,0.8805000185966492
YOR198C,YEL004W,0,-3.7088392,0.09179043024778366,0.8899999856948853,0.8805999755859375
YLR303W,YBR077C,0,-3.7089624,0.09178096055984497,0.8899999856948853,0.8806999921798706
YJR017C,YFR004W,0,-3.7089994,0.09177149832248688,0.8899999856948853,0.8808000087738037
YOL089C,YOL080C,0,-3.7090557,0.09176203608512878,0.8899999856948853,0.8809000253677368
YMR316W,YCR027C,0,-3.7091079,0.09175257384777069,0.8899999856948853,0.8809999823570251
YCR002C,YHL031C,0,-3.7094119,0.0917431190609932,0.8899999856948853,0.8810999989509583
YFL008W,YCR053W,0,-3.7094305,0.0917336642742157,0.8899999856948853,0.8812000155448914
YJR004C,YER120W,0,-3.7094343,0.0917242094874382,0.8899999856948853,0.8812999725341797
YNL286W,YDR110W,0,-3.709458,0.0917147547006607,0.8899999856948853,0.8813999891281128
YOR113W,YHR014W,0,-3.7095268,0.0917053073644638,0.8899999856948853,0.8815000057220459
YOR274W,YDR170C,0,-3.7095296,0.0916958600282669,0.8899999856948853,0.881600022315979
YPL140C,YNL244C,0,-3.709656,0.09168641269207001,0.8899999856948853,0.8816999793052673
YGL187C,YER012W,0,-3.7096741,0.09167696535587311,0.8899999856948853,0.8817999958992004
YLR160C,YNL206C,0,-3.7097137,0.0916675254702568,0.8899999856948853,0.8819000124931335
YKL002W,YML120C,0,-3.709833,0.0916580855846405,0.8899999856948853,0.8820000290870667
YHR116W,YLR048W,0,-3.710262,0.0916486456990242,0.8899999856948853,0.882099986076355
YJR076C,YHR024C,0,-3.710347,0.0916392058134079,0.8899999856948853,0.8822000026702881
YLR216C,YAL016W,0,-3.710426,0.09162977337837219,0.8899999856948853,0.8823000192642212
YFR028C,YDR122W,0,-3.710877,0.09162034094333649,0.8899999856948853,0.8823999762535095
YLR100W,YER025W,0,-3.7109644,0.09161090850830078,0.8899999856948853,0.8824999928474426
YLR035C,YIL126W,0,-3.7109754,0.09160148352384567,0.8899999856948853,0.8826000094413757
YAR015W,YNL314W,0,-3.7112176,0.09159205853939056,0.8899999856948853,0.8827000260353088
YML132W,YCL059C,0,-3.7112556,0.09158263355493546,0.8899999856948853,0.8827999830245972
YJL122W,YDR205W,0,-3.7113016,0.09157320857048035,0.8899999856948853,0.8828999996185303
YOL001W,YOL020W,1,-3.7113044,0.09166666865348816,0.890999972820282,0.8828999996185303
YIL042C,YDR447C,1,-3.711462,0.09176010638475418,0.8920000195503235,0.8828999996185303
YPL040C,YLR347C,0,-3.7117295,0.09175066649913788,0.8920000195503235,0.8830000162124634
YDR079W,YER087C-B,0,-3.711776,0.09174123406410217,0.8920000195503235,0.8830999732017517
YLL060C,YJL033W,0,-3.7119682,0.09173179417848587,0.8920000195503235,0.8831999897956848
YLR398C,YLR262C,0,-3.7120554,0.09172236174345016,0.8920000195503235,0.8833000063896179
YDR189W,YOR179C,0,-3.7122695,0.09171293675899506,0.8920000195503235,0.883400022983551
YOR327C,YOL138C,1,-3.712558,0.0918063148856163,0.8930000066757202,0.883400022983551
YPL204W,YLR448W,0,-3.7126782,0.091796875,0.8930000066757202,0.8834999799728394
YPL171C,YGR030C,0,-3.7127144,0.0917874425649643,0.8930000066757202,0.8835999965667725
YOR099W,YAL030W,0,-3.712736,0.09177800267934799,0.8930000066757202,0.8837000131607056
YNL055C,YDR460W,0,-3.7129788,0.09176857769489288,0.8930000066757202,0.8838000297546387
YER167W,YMR022W,0,-3.7132266,0.09175914525985718,0.8930000066757202,0.883899986743927
YJR078W,YOR061W,0,-3.7133172,0.09174972027540207,0.8930000066757202,0.8840000033378601
YDL028C,YDR481C,0,-3.7133396,0.09174029529094696,0.8930000066757202,0.8841000199317932
YIL142W,YCR002C,0,-3.7133675,0.09173087030649185,0.8930000066757202,0.8841999769210815
YOR319W,YKR063C,0,-3.7138112,0.09172144532203674,0.8930000066757202,0.8842999935150146
YPL127C,YLR451W,0,-3.7139096,0.09171202778816223,0.8930000066757202,0.8844000101089478
YNL007C,YLR409C,0,-3.7140143,0.09170261025428772,0.8930000066757202,0.8845000267028809
YDL031W,YKL080W,0,-3.7140353,0.09169319272041321,0.8930000066757202,0.8845999836921692
YMR025W,YLR285W,0,-3.7142599,0.0916837751865387,0.8930000066757202,0.8847000002861023
YPL046C,YNL135C,0,-3.7147524,0.09167436510324478,0.8930000066757202,0.8848000168800354
YOR026W,YHR086W,0,-3.7147796,0.09166495501995087,0.8930000066757202,0.8848999738693237
YGR227W,YMR302C,0,-3.7147822,0.09165554493665695,0.8930000066757202,0.8849999904632568
YPL255W,YNL027W,0,-3.7149038,0.09164614230394363,0.8930000066757202,0.8851000070571899
YJL156C,YBR117C,0,-3.7150743,0.09163673967123032,0.8930000066757202,0.885200023651123
YNL201C,YIL123W,0,-3.715094,0.091627337038517,0.8930000066757202,0.8852999806404114
YOR080W,YOR361C,0,-3.7151039,0.09161793440580368,0.8930000066757202,0.8853999972343445
YDR016C,YDR043C,0,-3.7151563,0.09160853177309036,0.8930000066757202,0.8855000138282776
YNL291C,YCL043C,0,-3.7153456,0.09159913659095764,0.8930000066757202,0.8855999708175659
YMR081C,YML073C,0,-3.7155006,0.09158974140882492,0.8930000066757202,0.885699987411499
YGR083C,YCL001W,0,-3.715542,0.0915803536772728,0.8930000066757202,0.8858000040054321
YDR512C,YKL122C,0,-3.7155602,0.09157095849514008,0.8930000066757202,0.8859000205993652
YPL015C,YLR069C,0,-3.7156463,0.09156157076358795,0.8930000066757202,0.8859999775886536
YPR183W,YIR002C,0,-3.7157657,0.09155218303203583,0.8930000066757202,0.8860999941825867
YDR011W,YBL039C,0,-3.7159154,0.0915427953004837,0.8930000066757202,0.8862000107765198
YGL174W,YGL028C,0,-3.715955,0.09153341501951218,0.8930000066757202,0.8863000273704529
YPR051W,YOL001W,1,-3.7161634,0.09162652492523193,0.8939999938011169,0.8863000273704529
YLR435W,YDR135C,0,-3.716187,0.09161713719367981,0.8939999938011169,0.8863999843597412
YER061C,YLL004W,0,-3.716327,0.09160774946212769,0.8939999938011169,0.8865000009536743
YNL112W,YMR135C,0,-3.7163618,0.09159836173057556,0.8939999938011169,0.8866000175476074
YLR397C,YOR150W,0,-3.716907,0.09158897399902344,0.8939999938011169,0.8866999745368958
YDL145C,YNL128W,0,-3.716983,0.09157959371805191,0.8939999938011169,0.8867999911308289
YKL054C,YNL032W,1,-3.7170303,0.09167264401912689,0.8949999809265137,0.8867999911308289
YML006C,YBR170C,0,-3.7172132,0.09166325628757477,0.8949999809265137,0.886900007724762
YJL196C,YLR200W,0,-3.7173889,0.09165386855602264,0.8949999809265137,0.8870000243186951
YFL039C,YMR044W,0,-3.7183678,0.09164448082447052,0.8949999809265137,0.8870999813079834
YGL166W,YLR249W,0,-3.7184455,0.09163510054349899,0.8949999809265137,0.8871999979019165
YJR050W,YPL274W,0,-3.7184796,0.09162572026252747,0.8949999809265137,0.8873000144958496
YMR081C,YBR143C,0,-3.7185004,0.09161633998155594,0.8949999809265137,0.8873999714851379
YLR353W,YPR161C,0,-3.7187116,0.09160695970058441,0.8949999809265137,0.887499988079071
YNL031C,YHR161C,0,-3.7189777,0.09159758687019348,0.8949999809265137,0.8876000046730042
YDR518W,YEL034W,0,-3.7191918,0.09158821403980255,0.8949999809265137,0.8877000212669373
YOR353C,YNL244C,0,-3.719404,0.09157884120941162,0.8949999809265137,0.8877999782562256
YDL243C,YJL006C,0,-3.7194107,0.09156946837902069,0.8949999809265137,0.8878999948501587
YDL014W,YDR494W,0,-3.7194703,0.09156010299921036,0.8949999809265137,0.8880000114440918
YPL106C,YKL018W,1,-3.7194993,0.09165302664041519,0.8960000276565552,0.8880000114440918
YDL197C,YIL023C,0,-3.7195394,0.09164365381002426,0.8960000276565552,0.8881000280380249
YJR105W,YCR020C-A,1,-3.7198665,0.0917365550994873,0.8970000147819519,0.8881000280380249
YOL042W,YNL102W,0,-3.7200162,0.09172716736793518,0.8970000147819519,0.8881999850273132
YLR335W,YDL076C,0,-3.7201498,0.09171779453754425,0.8970000147819519,0.8883000016212463
YLR459W,YBL080C,0,-3.720152,0.09170841425657272,0.8970000147819519,0.8884000182151794
YPR122W,YGR082W,0,-3.72031,0.0916990414261818,0.8970000147819519,0.8884999752044678
YLL042C,YPL123C,0,-3.7204595,0.09168966859579086,0.8970000147819519,0.8885999917984009
YDR076W,YOR057W,0,-3.7204688,0.09168029576539993,0.8970000147819519,0.888700008392334
YGR278W,YJR091C,0,-3.720699,0.091670922935009,0.8970000147819519,0.8888000249862671
YLR231C,YPR161C,0,-3.721124,0.09166155755519867,0.8970000147819519,0.8888999819755554
YDR418W,YJL190C,1,-3.7212424,0.09175436943769455,0.8980000019073486,0.8888999819755554
YFL039C,YMR039C,0,-3.7214265,0.09174499660730362,0.8980000019073486,0.8889999985694885
YDR093W,YJR049C,0,-3.7215014,0.09173562377691269,0.8980000019073486,0.8891000151634216
YER016W,YEL034W,0,-3.7219162,0.09172625094652176,0.8980000019073486,0.88919997215271
YDL100C,YKL093W,0,-3.7219293,0.09171688556671143,0.8980000019073486,0.8892999887466431
YJR040W,YNL121C,0,-3.722163,0.0917075127363205,0.8980000019073486,0.8894000053405762
YDL108W,YBR296C,0,-3.7222478,0.09169815480709076,0.8980000019073486,0.8895000219345093
YOL008W,YNL227C,0,-3.7222822,0.09168878942728043,0.8980000019073486,0.8895999789237976
YOR340C,YLR208W,0,-3.7223177,0.09167943149805069,0.8980000019073486,0.8896999955177307
YLR330W,YNR011C,0,-3.722333,0.09167006611824036,0.8980000019073486,0.8898000121116638
YGL222C,YCR033W,0,-3.7225344,0.09166071563959122,0.8980000019073486,0.8899000287055969
YDL197C,YNL261W,0,-3.7227557,0.09165135771036148,0.8980000019073486,0.8899999856948853
YLR304C,YOR127W,0,-3.7229016,0.09164200723171234,0.8980000019073486,0.8901000022888184
YJR070C,YOR354C,0,-3.7229202,0.0916326567530632,0.8980000019073486,0.8902000188827515
YGL017W,YEL041W,0,-3.7231529,0.09162330627441406,0.8980000019073486,0.8902999758720398
YFL039C,YOR103C,0,-3.7236664,0.09161395579576492,0.8980000019073486,0.8903999924659729
YLR376C,YLR409C,0,-3.7243245,0.09160461276769638,0.8980000019073486,0.890500009059906
YOR260W,YBL003C,0,-3.7243826,0.09159526973962784,0.8980000019073486,0.8906000256538391
YHR190W,YKL074C,0,-3.7246158,0.0915859267115593,0.8980000019073486,0.8906999826431274
YBR245C,YGL006W,0,-3.7246358,0.09157658368349075,0.8980000019073486,0.8907999992370605
YLR196W,YHL024W,0,-3.7246854,0.09156724810600281,0.8980000019073486,0.8909000158309937
YLR196W,YBR077C,0,-3.7248518,0.09155791252851486,0.8980000019073486,0.890999972820282
YPR100W,YGR030C,0,-3.7248645,0.09154857695102692,0.8980000019073486,0.8910999894142151
YJL065C,YDL200C,0,-3.7251241,0.09153924882411957,0.8980000019073486,0.8912000060081482
YGL252C,YDL212W,0,-3.7254188,0.09152991324663162,0.8980000019073486,0.8913000226020813
YOR354C,YDL188C,0,-3.7254758,0.09152058511972427,0.8980000019073486,0.8913999795913696
YBR135W,YOR245C,0,-3.7254963,0.09151125699281693,0.8980000019073486,0.8914999961853027
YDR081C,YDR218C,0,-3.7255337,0.09150193631649017,0.8980000019073486,0.8916000127792358
YHR001W-A,YLR009W,0,-3.7255447,0.09149261564016342,0.8980000019073486,0.891700029373169
YJL100W,YGR063C,0,-3.7255788,0.09148329496383667,0.8980000019073486,0.8917999863624573
YPL119C,YIL051C,0,-3.7256267,0.09147397428750992,0.8980000019073486,0.8919000029563904
YOR381W,YJR069C,0,-3.7257195,0.09146465361118317,0.8980000019073486,0.8920000195503235
YOR011W,YMR250W,0,-3.7257318,0.09145534038543701,0.8980000019073486,0.8920999765396118
YAR002C-A,YOR256C,0,-3.7257583,0.09144602715969086,0.8980000019073486,0.8921999931335449
YJL014W,YGR077C,0,-3.725766,0.0914367139339447,0.8980000019073486,0.892300009727478
YKL017C,YDR037W,0,-3.725803,0.09142740815877914,0.8980000019073486,0.8924000263214111
YDR386W,YHR083W,0,-3.7260258,0.09141810238361359,0.8980000019073486,0.8924999833106995
YJL058C,YMR188C,0,-3.7263687,0.09140879660844803,0.8980000019073486,0.8925999999046326
YNL042W,YOL026C,0,-3.727107,0.09139949083328247,0.8980000019073486,0.8927000164985657
YOR174W,YPL058C,0,-3.7271638,0.09139019250869751,0.8980000019073486,0.892799973487854
YMR234W,YPL026C,0,-3.7273552,0.09138088673353195,0.8980000019073486,0.8928999900817871
YML067C,YIL135C,0,-3.7273777,0.09137158840894699,0.8980000019073486,0.8930000066757202
YLR248W,YDR198C,0,-3.7274697,0.09136229753494263,0.8980000019073486,0.8931000232696533
YOL042W,YNL061W,0,-3.7274764,0.09135299921035767,0.8980000019073486,0.8931999802589417
YMR012W,YPR009W,0,-3.727565,0.0913437083363533,0.8980000019073486,0.8932999968528748
YNL062C,YGR121C,0,-3.7275674,0.09133441746234894,0.8980000019073486,0.8934000134468079
YMR240C,YCR067C,0,-3.7275898,0.09132512658834457,0.8980000019073486,0.8934999704360962
YGR057C,YIL042C,1,-3.7277405,0.09141752868890762,0.8989999890327454,0.8934999704360962
YNL219C,YNL232W,0,-3.727853,0.09140823781490326,0.8989999890327454,0.8935999870300293
YGR063C,YDR330W,0,-3.7278545,0.0913989394903183,0.8989999890327454,0.8937000036239624
YBR023C,YDR224C,0,-3.7281435,0.09138964861631393,0.8989999890327454,0.8938000202178955
YNL001W,YJR074W,0,-3.7282403,0.09138036519289017,0.8989999890327454,0.8938999772071838
YBR207W,YGR172C,0,-3.7283702,0.0913710743188858,0.8989999890327454,0.8939999938011169
YPL084W,YGR072W,1,-3.7284245,0.09146341681480408,0.8999999761581421,0.8939999938011169
YNL248C,YBR077C,0,-3.7284591,0.09145411849021912,0.8999999761581421,0.89410001039505
YPL126W,YGL004C,0,-3.7286646,0.09144482761621475,0.8999999761581421,0.8942000269889832
YHR013C,YHR021C,1,-3.7288468,0.09153713285923004,0.9010000228881836,0.8942000269889832
YJL176C,YGR033C,0,-3.7288513,0.09152783453464508,0.9010000228881836,0.8942999839782715
YIL132C,YDR359C,0,-3.7292423,0.09151853621006012,0.9010000228881836,0.8944000005722046
YLR384C,YHR008C,0,-3.7293203,0.09150924533605576,0.9010000228881836,0.8945000171661377
YGL054C,YOR014W,0,-3.7293622,0.0914999470114708,0.9010000228881836,0.894599974155426
YOR174W,YHL028W,0,-3.7293682,0.09149065613746643,0.9010000228881836,0.8946999907493591
YOR354C,YMR247C,0,-3.7294433,0.09148136526346207,0.9010000228881836,0.8948000073432922
YNR059W,YJR112W,0,-3.7294805,0.0914720818400383,0.9010000228881836,0.8949000239372253
YDR101C,YHL048W,0,-3.729517,0.09146279841661453,0.9010000228881836,0.8949999809265137
YLR172C,YDR335W,0,-3.7298832,0.09145351499319077,0.9010000228881836,0.8950999975204468
YDR272W,YKL165C,0,-3.729934,0.091444231569767,0.9010000228881836,0.8952000141143799
YGL004C,YDR398W,0,-3.7301528,0.09143494814634323,0.9010000228881836,0.8952999711036682
YJL196C,YPL190C,0,-3.7303836,0.09142567217350006,0.9010000228881836,0.8953999876976013
YBR102C,YGR172C,0,-3.7305095,0.09141639620065689,0.9010000228881836,0.8955000042915344
YOR136W,YML031W,0,-3.7306347,0.09140712022781372,0.9010000228881836,0.8956000208854675
YKL152C,YDL007W,0,-3.7307532,0.09139785170555115,0.9010000228881836,0.8956999778747559
YNL021W,YNL129W,0,-3.7309115,0.09138857573270798,0.9010000228881836,0.895799994468689
YOR099W,YGR222W,0,-3.7311761,0.0913793072104454,0.9010000228881836,0.8959000110626221
YAL020C,YLR200W,0,-3.7312963,0.09137004613876343,0.9010000228881836,0.8960000276565552
YER056C,YKL021C,0,-3.7313044,0.09136077761650085,0.9010000228881836,0.8960999846458435
YDR309C,YDR129C,0,-3.7313373,0.09135151654481888,0.9010000228881836,0.8962000012397766
YDL031W,YDR518W,0,-3.7316186,0.0913422554731369,0.9010000228881836,0.8963000178337097
YIL014W,YPR100W,0,-3.731759,0.09133299440145493,0.9010000228881836,0.896399974822998
YJR093C,YMR182C,0,-3.732105,0.09132374078035355,0.9010000228881836,0.8964999914169312
YGL236C,YDR251W,0,-3.7321858,0.09131447970867157,0.9010000228881836,0.8966000080108643
YNL098C,YOR224C,0,-3.7323422,0.09130522608757019,0.9010000228881836,0.8967000246047974
YGL126W,YGR185C,0,-3.7325232,0.09129597991704941,0.9010000228881836,0.8967999815940857
YOL001W,YGR229C,1,-3.7325618,0.0913880467414856,0.9020000100135803,0.8967999815940857
YBR106W,YDR450W,1,-3.7326381,0.09148009121417999,0.902999997138977,0.8967999815940857
YGL167C,YDL185W,0,-3.7327511,0.09147083014249802,0.902999997138977,0.8968999981880188
YER162C,YPL243W,0,-3.7327912,0.09146156162023544,0.902999997138977,0.8970000147819519
YPL140C,YLR048W,0,-3.7328212,0.09145230054855347,0.902999997138977,0.8970999717712402
YMR285C,YJL080C,0,-3.7328432,0.09144303947687149,0.902999997138977,0.8971999883651733
YHR143W,YLR335W,0,-3.7330515,0.09143377840518951,0.902999997138977,0.8973000049591064
YNR030W,YPL258C,0,-3.7331164,0.09142452478408813,0.902999997138977,0.8974000215530396
YHR006W,YPL237W,0,-3.73313,0.09141526371240616,0.902999997138977,0.8974999785423279
YDR079W,YPL153C,0,-3.733361,0.09140601009130478,0.902999997138977,0.897599995136261
YAL012W,YDR424C,0,-3.7335985,0.091396763920784,0.902999997138977,0.8977000117301941
YAL023C,YGR030C,0,-3.7336648,0.09138751029968262,0.902999997138977,0.8978000283241272
YKR003W,YGL210W,0,-3.7339003,0.09137826412916183,0.902999997138977,0.8978999853134155
YER044C,YLR016C,0,-3.734035,0.09136901795864105,0.902999997138977,0.8980000019073486
YMR275C,YPL262W,0,-3.7343554,0.09135977178812027,0.902999997138977,0.8981000185012817
YAL031C,YLL002W,0,-3.7343647,0.09135053306818008,0.902999997138977,0.8981999754905701
YMR081C,YOR004W,0,-3.7343893,0.0913412943482399,0.902999997138977,0.8982999920845032
YDL088C,YDL217C,0,-3.7346613,0.09133205562829971,0.902999997138977,0.8984000086784363
YPR187W,YHR030C,0,-3.73476,0.09132281690835953,0.902999997138977,0.8985000252723694
YPL118W,YGL167C,0,-3.7347672,0.09131357818841934,0.902999997138977,0.8985999822616577
YNL068C,YGR253C,0,-3.7350442,0.09130434691905975,0.902999997138977,0.8986999988555908
YJR001W,YNR053C,0,-3.7352846,0.09129511564970016,0.902999997138977,0.8988000154495239
YBR244W,YIL123W,0,-3.7356155,0.09128588438034058,0.902999997138977,0.8988999724388123
YLR127C,YLR060W,0,-3.7358778,0.09127666056156158,0.902999997138977,0.8989999890327454
YHR061C,YJR035W,0,-3.7361877,0.09126743674278259,0.902999997138977,0.8991000056266785
YGR088W,YKL021C,0,-3.736338,0.0912582129240036,0.902999997138977,0.8992000222206116
YER089C,YIL008W,0,-3.7364607,0.09124898910522461,0.902999997138977,0.8992999792098999
YOR032C,YNR017W,0,-3.7365038,0.09123977273702621,0.902999997138977,0.899399995803833
YLR134W,YGL213C,0,-3.7366269,0.09123054891824722,0.902999997138977,0.8995000123977661
YDR162C,YKL058W,0,-3.7366362,0.09122133255004883,0.902999997138977,0.8996000289916992
YCR033W,YPL206C,0,-3.7367613,0.09121212363243103,0.902999997138977,0.8996999859809875
YMR219W,YNR046W,0,-3.7370968,0.09120290726423264,0.902999997138977,0.8998000025749207
YOL002C,YCR053W,0,-3.737285,0.09119369834661484,0.902999997138977,0.8999000191688538
YIL014W,YDL007W,0,-3.7373068,0.09118448942899704,0.902999997138977,0.8999999761581421
YJL165C,YDR079W,0,-3.7374218,0.09117528051137924,0.902999997138977,0.9000999927520752
YNR056C,YGL200C,0,-3.7374728,0.09116607904434204,0.902999997138977,0.9002000093460083
YGR075C,YMR182C,0,-3.7376857,0.09115687757730484,0.902999997138977,0.9003000259399414
YER052C,YDL046W,0,-3.7377765,0.09114767611026764,0.902999997138977,0.9003999829292297
YLR215C,YPR008W,0,-3.7377877,0.09113847464323044,0.902999997138977,0.9004999995231628
YGL087C,YPL012W,0,-3.737838,0.09112927317619324,0.902999997138977,0.900600016117096
YKL170W,YOL061W,1,-3.7382843,0.09122098982334137,0.9039999842643738,0.900600016117096
YHR021C,YBR097W,1,-3.738429,0.09131268411874771,0.9049999713897705,0.900600016117096
YPL228W,YCR033W,0,-3.7384715,0.09130346775054932,0.9049999713897705,0.9006999731063843
YJL111W,YDR236C,0,-3.7385404,0.09129425883293152,0.9049999713897705,0.9007999897003174
YBL005W,YLR020C,0,-3.7387807,0.09128504991531372,0.9049999713897705,0.9009000062942505
YOL065C,YBR267W,0,-3.738785,0.09127584099769592,0.9049999713897705,0.9010000228881836
YER167W,YLR272C,0,-3.7388241,0.09126663953065872,0.9049999713897705,0.9010999798774719
YOR116C,YJL093C,0,-3.738886,0.09125743806362152,0.9049999713897705,0.901199996471405
YHR148W,YDR205W,0,-3.7389987,0.09124823659658432,0.9049999713897705,0.9013000130653381
YOR074C,YKL051W,0,-3.7389991,0.09123903512954712,0.9049999713897705,0.9014000296592712
YGL190C,YBL002W,0,-3.7390518,0.09122984111309052,0.9049999713897705,0.9014999866485596
YNL098C,YGR152C,0,-3.7395747,0.09122063964605331,0.9049999713897705,0.9016000032424927
YDR188W,YML055W,0,-3.7396653,0.09121144562959671,0.9049999713897705,0.9017000198364258
YNL142W,YIR008C,0,-3.740167,0.0912022590637207,0.9049999713897705,0.9017999768257141
YFL039C,YBR196C,0,-3.740237,0.0911930650472641,0.9049999713897705,0.9018999934196472
YJL073W,YKR081C,0,-3.7406,0.09118387848138809,0.9049999713897705,0.9020000100135803
YKR065C,YGR006W,0,-3.7406585,0.09117469191551208,0.9049999713897705,0.9021000266075134
YBR185C,YNR023W,0,-3.7410543,0.09116550534963608,0.9049999713897705,0.9021999835968018
YLR357W,YPL106C,1,-3.7411015,0.09125705063343048,0.906000018119812,0.9021999835968018
YLR354C,YNL186W,0,-3.741303,0.09124785661697388,0.906000018119812,0.9023000001907349
YLR368W,YHR083W,0,-3.7413402,0.09123867005109787,0.906000018119812,0.902400016784668
YGR254W,YPL218W,0,-3.74137,0.09122948348522186,0.906000018119812,0.9024999737739563
YDL083C,YOL138C,1,-3.7416275,0.09132098406553268,0.9070000052452087,0.9024999737739563
YLR208W,YDR246W,0,-3.741648,0.09131179004907608,0.9070000052452087,0.9025999903678894
YPR155C,YDR285W,0,-3.742069,0.09130259603261948,0.9070000052452087,0.9027000069618225
YML016C,YHR152W,0,-3.742248,0.09129340946674347,0.9070000052452087,0.9028000235557556
YEL027W,YDR092W,0,-3.7427619,0.09128421545028687,0.9070000052452087,0.902899980545044
YBL050W,YOR270C,0,-3.7429261,0.09127503633499146,0.9070000052452087,0.902999997138977
YDL148C,YEL013W,0,-3.7430003,0.09126584976911545,0.9070000052452087,0.9031000137329102
YGL213C,YGR129W,0,-3.743023,0.09125666320323944,0.9070000052452087,0.9031999707221985
YIR017C,YIL008W,0,-3.7430322,0.09124748408794403,0.9070000052452087,0.9032999873161316
YGL168W,YGR057C,1,-3.743038,0.09133890271186829,0.9079999923706055,0.9032999873161316
YLR160C,YFL002C,0,-3.743045,0.09132970869541168,0.9079999923706055,0.9034000039100647
YGL071W,YJR040W,0,-3.7431586,0.09132052958011627,0.9079999923706055,0.9035000205039978
YGL191W,YDR097C,0,-3.7432745,0.09131134301424026,0.9079999923706055,0.9035999774932861
YBR039W,YHR042W,0,-3.7432768,0.09130216389894485,0.9079999923706055,0.9036999940872192
YGR206W,YNR039C,0,-3.744098,0.09129298478364944,0.9079999923706055,0.9038000106811523
YHR107C,YHR150W,0,-3.7442894,0.09128380566835403,0.9079999923706055,0.9039000272750854
YBR042C,YLR394W,0,-3.744351,0.09127462655305862,0.9079999923706055,0.9039999842643738
YAR002C-A,YDL200C,0,-3.7443712,0.09126545488834381,0.9079999923706055,0.9041000008583069
YOR224C,YGR002C,0,-3.7445178,0.091256283223629,0.9079999923706055,0.90420001745224
YGL086W,YDR218C,0,-3.744758,0.09124711155891418,0.9079999923706055,0.9042999744415283
YER061C,YGR009C,0,-3.7452788,0.09123793989419937,0.9079999923706055,0.9043999910354614
YFR046C,YDR404C,0,-3.7453682,0.09122877568006516,0.9079999923706055,0.9045000076293945
YPR094W,YEL002C,0,-3.7454522,0.09121961146593094,0.9079999923706055,0.9046000242233276
YIL049W,YFL018C,0,-3.7455258,0.09121044725179672,0.9079999923706055,0.904699981212616
YIR002C,YOL072W,0,-3.745763,0.0912012830376625,0.9079999923706055,0.9047999978065491
YJR103W,YOL128C,0,-3.745827,0.09119212627410889,0.9079999923706055,0.9049000144004822
YER035W,YOR143C,0,-3.7458608,0.09118296951055527,0.9079999923706055,0.9049999713897705
YFL022C,YCL040W,0,-3.7458823,0.09117381274700165,0.9079999923706055,0.9050999879837036
YGR254W,YGR152C,0,-3.7458904,0.09116465598344803,0.9079999923706055,0.9052000045776367
YGL219C,YGL011C,0,-3.7459233,0.091155506670475,0.9079999923706055,0.9053000211715698
YLR186W,YMR026C,0,-3.745927,0.09114635735750198,0.9079999923706055,0.9053999781608582
YKL029C,YFL016C,0,-3.7459424,0.09113720804452896,0.9079999923706055,0.9054999947547913
YER021W,YJL127C,0,-3.7460196,0.09112805873155594,0.9079999923706055,0.9056000113487244
YOR299W,YLR303W,0,-3.7462456,0.09111891686916351,0.9079999923706055,0.9057000279426575
YDL031W,YBR168W,0,-3.7464063,0.09110977500677109,0.9079999923706055,0.9057999849319458
YER112W,YIL053W,0,-3.7464528,0.09110063314437866,0.9079999923706055,0.9059000015258789
YIL009C-A,YBR136W,1,-3.7468705,0.09119181334972382,0.9089999794960022,0.9059000015258789
YML116W,YDR052C,0,-3.7474773,0.0911826640367508,0.9089999794960022,0.906000018119812
YNR058W,YEL013W,0,-3.747504,0.09117352217435837,0.9089999794960022,0.9060999751091003
YJR057W,YPL244C,0,-3.747659,0.09116438031196594,0.9089999794960022,0.9061999917030334
YER061C,YGL018C,0,-3.7476904,0.09115523099899292,0.9089999794960022,0.9063000082969666
YNR038W,YMR302C,0,-3.747883,0.09114609658718109,0.9089999794960022,0.9064000248908997
YNL297C,YLR105C,0,-3.747966,0.09113695472478867,0.9089999794960022,0.906499981880188
YIL009W,YDR276C,0,-3.7479982,0.09112782031297684,0.9089999794960022,0.9065999984741211
YPL048W,YBL056W,0,-3.748163,0.09111868590116501,0.9089999794960022,0.9067000150680542
YJR068W,YDR057W,0,-3.7483013,0.09110955148935318,0.9089999794960022,0.9067999720573425
YFL045C,YNR023W,0,-3.7483778,0.09110042452812195,0.9089999794960022,0.9068999886512756
YHR068W,YHL031C,0,-3.7484572,0.09109129011631012,0.9089999794960022,0.9070000052452087
YIL036W,YDL081C,1,-3.748473,0.09118236601352692,0.9100000262260437,0.9070000052452087
YBR042C,YDR397C,0,-3.748502,0.09117323160171509,0.9100000262260437,0.9071000218391418
YOL135C,YNL055C,0,-3.7487333,0.09116409718990326,0.9100000262260437,0.9071999788284302
YDR037W,YIL076W,0,-3.7491703,0.09115496277809143,0.9100000262260437,0.9072999954223633
YFL016C,YKL099C,0,-3.749212,0.0911458358168602,0.9100000262260437,0.9074000120162964
YPR009W,YNR006W,0,-3.749447,0.09113670140504837,0.9100000262260437,0.9075000286102295
YMR033W,YGL229C,0,-3.7495484,0.09112758189439774,0.9100000262260437,0.9075999855995178
YML069W,YIL105C,0,-3.7501898,0.0911184549331665,0.9100000262260437,0.9077000021934509
YDR071C,YIL123W,0,-3.7505424,0.09110932797193527,0.9100000262260437,0.907800018787384
YOR372C,YGR082W,0,-3.750607,0.09110020846128464,0.9100000262260437,0.9078999757766724
YGL191W,YJL191W,0,-3.7506692,0.091091088950634,0.9100000262260437,0.9079999923706055
YOL149W,YHR024C,0,-3.7506807,0.09108197689056396,0.9100000262260437,0.9081000089645386
YJL019W,YDL159W,0,-3.7507021,0.09107285737991333,0.9100000262260437,0.9082000255584717
YDR258C,YNR053C,0,-3.750749,0.09106374531984329,0.9100000262260437,0.90829998254776
YMR022W,YDR494W,0,-3.750776,0.09105463325977325,0.9100000262260437,0.9083999991416931
YHR053C,YGR082W,0,-3.7508702,0.09104552119970322,0.9100000262260437,0.9085000157356262
YPL228W,YNL044W,0,-3.7510993,0.09103641659021378,0.9100000262260437,0.9085999727249146
YHR107C,YAL053W,0,-3.7511013,0.09102730453014374,0.9100000262260437,0.9086999893188477
YLR172C,YPL180W,0,-3.7512324,0.0910181999206543,0.9100000262260437,0.9088000059127808
YIL040W,YLR362W,0,-3.7514064,0.09100910276174545,0.9100000262260437,0.9089000225067139
YGL078C,YLL060C,0,-3.7515118,0.09099999815225601,0.9100000262260437,0.9089999794960022
YBL023C,YFL038C,0,-3.752133,0.09099090099334717,0.9100000262260437,0.9090999960899353
YPR067W,YAR008W,0,-3.752529,0.09098180383443832,0.9100000262260437,0.9092000126838684
YDL100C,YCL059C,0,-3.7525342,0.09097270667552948,0.9100000262260437,0.9093000292778015
YPL240C,YDL014W,0,-3.7525423,0.09096361696720123,0.9100000262260437,0.9093999862670898
YCR088W,YIL004C,0,-3.752557,0.09095451980829239,0.9100000262260437,0.909500002861023
YLR362W,YER072W,0,-3.7526057,0.09094543009996414,0.9100000262260437,0.909600019454956
YDL065C,YOL110W,0,-3.7528665,0.09093634784221649,0.9100000262260437,0.9096999764442444
YLL001W,YJL191W,0,-3.7529,0.09092725813388824,0.9100000262260437,0.9097999930381775
YKL049C,YOR207C,0,-3.7530682,0.0909181758761406,0.9100000262260437,0.9099000096321106
YDL043C,YLR208W,0,-3.7531862,0.09090909361839294,0.9100000262260437,0.9100000262260437
YOR181W,YDL015C,0,-3.7535603,0.0909000113606453,0.9100000262260437,0.910099983215332
YNL182C,YBR185C,0,-3.7536108,0.09089092910289764,0.9100000262260437,0.9101999998092651
YNR052C,YDR181C,0,-3.753659,0.09088185429573059,0.9100000262260437,0.9103000164031982
YBR205W,YGR007W,0,-3.7538395,0.09087277948856354,0.9100000262260437,0.9103999733924866
YFL009W,YKL059C,0,-3.7539413,0.09086370468139648,0.9100000262260437,0.9104999899864197
YJL061W,YPL026C,0,-3.754531,0.09085462987422943,0.9100000262260437,0.9106000065803528
YNL161W,YER005W,0,-3.7547727,0.09084556251764297,0.9100000262260437,0.9107000231742859
YBR059C,YNL085W,0,-3.7548628,0.09083649516105652,0.9100000262260437,0.9107999801635742
YPL213W,YLR150W,1,-3.7548773,0.09092723578214645,0.9110000133514404,0.9107999801635742
YJL208C,YKR097W,0,-3.7550292,0.0909181609749794,0.9110000133514404,0.9108999967575073
YHR118C,YFR029W,0,-3.7550457,0.09090909361839294,0.9110000133514404,0.9110000133514404
YOR094W,YPR074C,0,-3.7552564,0.09090001881122589,0.9110000133514404,0.9110999703407288
YOR039W,YNL031C,0,-3.7552948,0.09089095145463943,0.9110000133514404,0.9111999869346619
YMR116C,YJL140W,1,-3.7554219,0.09098164737224579,0.9120000004768372,0.9111999869346619
YEL050C,YNL302C,0,-3.7555377,0.09097256511449814,0.9120000004768372,0.911300003528595
YPL093W,YOR085W,0,-3.755566,0.09096349775791168,0.9120000004768372,0.9114000201225281
YOR008C,YKL099C,0,-3.7555873,0.09095442295074463,0.9120000004768372,0.9114999771118164
YKL172W,YDR453C,0,-3.7556443,0.09094535559415817,0.9120000004768372,0.9115999937057495
YDL243C,YPR057W,0,-3.7556806,0.09093628823757172,0.9120000004768372,0.9117000102996826
YPL093W,YNR047W,0,-3.7557251,0.09092722088098526,0.9120000004768372,0.9118000268936157
YNL117W,YNR039C,0,-3.7557533,0.0909181535243988,0.9120000004768372,0.911899983882904
YHR091C,YNL049C,0,-3.7557638,0.09090909361839294,0.9120000004768372,0.9120000004768372
YKR022C,YNL310C,0,-3.7557838,0.09090002626180649,0.9120000004768372,0.9121000170707703
YNL039W,YJR074W,0,-3.7560012,0.09089097380638123,0.9120000004768372,0.9121999740600586
YIL070C,YPL128C,0,-3.7560327,0.09088191390037537,0.9120000004768372,0.9122999906539917
YFL041W,YHR024C,0,-3.7561429,0.0908728539943695,0.9120000004768372,0.9124000072479248
YOR249C,YML034W,0,-3.7561529,0.09086380153894424,0.9120000004768372,0.9125000238418579
YML120C,YEL037C,0,-3.756327,0.09085474908351898,0.9120000004768372,0.9125999808311462
YBR070C,YGL223C,0,-3.7563834,0.09084570407867432,0.9120000004768372,0.9126999974250793
YGR077C,YCL054W,0,-3.756432,0.09083665162324905,0.9120000004768372,0.9128000140190125
YLR219W,YBR022W,0,-3.7566373,0.09082760661840439,0.9120000004768372,0.9128999710083008
YAR018C,YGR288W,0,-3.7568495,0.09081856161355972,0.9120000004768372,0.9129999876022339
YKL043W,YIL016W,0,-3.7571344,0.09080951660871506,0.9120000004768372,0.913100004196167
YNL230C,YNL047C,0,-3.7573464,0.09080047905445099,0.9120000004768372,0.9132000207901001
YNL258C,YIL053W,0,-3.7575135,0.09079144150018692,0.9120000004768372,0.9132999777793884
YML012W,YDR311W,0,-3.7575185,0.09078240394592285,0.9120000004768372,0.9133999943733215
YBR257W,YIL109C,0,-3.7575622,0.09077336639165878,0.9120000004768372,0.9135000109672546
YML065W,YHR160C,0,-3.758354,0.09076432883739471,0.9120000004768372,0.9136000275611877
YCR065W,YGR104C,1,-3.75856,0.09085480868816376,0.9129999876022339,0.9136000275611877
YDR077W,YMR005W,0,-3.7591112,0.09084577113389969,0.9129999876022339,0.9136999845504761
YOR039W,YJL164C,0,-3.7591524,0.09083673357963562,0.9129999876022339,0.9138000011444092
YIL103W,YNL257C,0,-3.7595031,0.09082769602537155,0.9129999876022339,0.9139000177383423
YBR070C,YKL006C-A,0,-3.7595215,0.09081865847110748,0.9129999876022339,0.9139999747276306
YLR144C,YLR170C,0,-3.7596996,0.09080962836742401,0.9129999876022339,0.9140999913215637
YDL051W,YPL007C,0,-3.760225,0.09080059826374054,0.9129999876022339,0.9142000079154968
YBR210W,YNL079C,0,-3.7602522,0.09079156816005707,0.9129999876022339,0.9143000245094299
YOR335C,YNL037C,0,-3.7603734,0.0907825380563736,0.9129999876022339,0.9143999814987183
YGL003C,YOR327C,1,-3.7606428,0.09087293595075607,0.9139999747276306,0.9143999814987183
YNL041C,YLR394W,0,-3.7608154,0.0908639058470726,0.9139999747276306,0.9144999980926514
YIL014W,YDR388W,0,-3.760996,0.09085486829280853,0.9139999747276306,0.9146000146865845
YPL053C,YPL243W,0,-3.7610028,0.09084583818912506,0.9139999747276306,0.9146999716758728
YGR163W,YGL058W,1,-3.7613866,0.09093619883060455,0.9150000214576721,0.9146999716758728
YJL128C,YKL081W,0,-3.7613919,0.09092716127634048,0.9150000214576721,0.9147999882698059
YPL119C,YLR100W,0,-3.7615676,0.09091812372207642,0.9150000214576721,0.914900004863739
YKL220C,YDR178W,0,-3.7616782,0.09090909361839294,0.9150000214576721,0.9150000214576721
YGL211W,YOR054C,0,-3.76169,0.09090005606412888,0.9150000214576721,0.9150999784469604
YLR069C,YKR048C,0,-3.7620585,0.090891033411026,0.9150000214576721,0.9151999950408936
YDR258C,YOL127W,0,-3.7620668,0.09088200330734253,0.9150000214576721,0.9153000116348267
YMR056C,YDR052C,0,-3.7621305,0.09087297320365906,0.9150000214576721,0.9154000282287598
YHR043C,YLR448W,0,-3.7621493,0.09086395055055618,0.9150000214576721,0.9154999852180481
YPL031C,YOL061W,1,-3.7621708,0.09095422178506851,0.9160000085830688,0.9154999852180481
YHR013C,YPL031C,1,-3.7622526,0.09104447811841965,0.9169999957084656,0.9154999852180481
YPL089C,YGR172C,0,-3.7625854,0.09103544056415558,0.9169999957084656,0.9156000018119812
YOR198C,YNL302C,0,-3.7626197,0.09102640300989151,0.9169999957084656,0.9157000184059143
YLR113W,YKL188C,0,-3.7627647,0.09101737290620804,0.9169999957084656,0.9157999753952026
YMR188C,YDR416W,0,-3.762994,0.09100833535194397,0.9169999957084656,0.9158999919891357
YOR002W,YBR153W,0,-3.763149,0.0909993052482605,0.9169999957084656,0.9160000085830688
YLR216C,YDR088C,0,-3.7631652,0.09099027514457703,0.9169999957084656,0.916100025177002
YER155C,YJR103W,0,-3.7635038,0.09098124504089355,0.9169999957084656,0.9161999821662903
YPL008W,YKL074C,0,-3.7636497,0.09097222238779068,0.9169999957084656,0.9162999987602234
YMR311C,YBR245C,0,-3.7637494,0.0909631997346878,0.9169999957084656,0.9164000153541565
YDL035C,YMR076C,0,-3.7638414,0.09095417708158493,0.9169999957084656,0.9164999723434448
YER109C,YJL164C,0,-3.7641184,0.09094515442848206,0.9169999957084656,0.9165999889373779
YGR092W,YDR011W,0,-3.764171,0.09093613922595978,0.9169999957084656,0.916700005531311
YKR037C,YER072W,0,-3.7642372,0.0909271165728569,0.9169999957084656,0.9168000221252441
YGL136C,YNL032W,1,-3.7645612,0.09101725369691849,0.9179999828338623,0.9168000221252441
YNL164C,YOR008C,0,-3.7646875,0.09100823104381561,0.9179999828338623,0.9168999791145325
YEL027W,YDR434W,0,-3.7647402,0.09099920839071274,0.9179999828338623,0.9169999957084656
YJL125C,YBR196C,0,-3.7648103,0.09099018573760986,0.9179999828338623,0.9171000123023987
YGL136C,YOR327C,1,-3.7649758,0.09108027815818787,0.9190000295639038,0.9171000123023987
YDR377W,YDL065C,0,-3.7651305,0.0910712480545044,0.9190000295639038,0.9172000288963318
YOL094C,YOR060C,0,-3.7651513,0.09106222540140152,0.9190000295639038,0.9172999858856201
YJL190C,YMR284W,1,-3.765447,0.09115228056907654,0.9200000166893005,0.9172999858856201
YKL004W,YNL287W,0,-3.7655876,0.09114325046539307,0.9200000166893005,0.9174000024795532
YOL158C,YAL030W,0,-3.7656896,0.09113422781229019,0.9200000166893005,0.9175000190734863
YPR198W,YOR075W,0,-3.7657144,0.09112519770860672,0.9200000166893005,0.9175999760627747
YML118W,YAL033W,0,-3.7658622,0.09111617505550385,0.9200000166893005,0.9176999926567078
YLR022C,YGR197C,0,-3.7659104,0.09110715240240097,0.9200000166893005,0.9178000092506409
YHR191C,YGR057C,1,-3.765958,0.09119714796543121,0.9210000038146973,0.9178000092506409
YOR040W,YER068W,1,-3.7662737,0.09128712862730026,0.921999990940094,0.9178000092506409
YCL061C,YOL001W,1,-3.76631,0.09137709438800812,0.9229999780654907,0.9178000092506409
YJL192C,YDL159W,0,-3.7663245,0.09136804938316345,0.9229999780654907,0.917900025844574
YLR066W,YOR064C,0,-3.7666962,0.09135900437831879,0.9229999780654907,0.9179999828338623
YJR044C,YLR130C,0,-3.7667248,0.09134995937347412,0.9229999780654907,0.9180999994277954
YCR038C,YPL050C,0,-3.7667577,0.09134092181921005,0.9229999780654907,0.9182000160217285
YKL002W,YGR239C,0,-3.766957,0.09133188426494598,0.9229999780654907,0.9182999730110168
YLR095C,YNL085W,0,-3.7670405,0.09132284671068192,0.9229999780654907,0.91839998960495
YDL044C,YDR404C,0,-3.7671156,0.09131380915641785,0.9229999780654907,0.9185000061988831
YOL051W,YDR156W,1,-3.7672362,0.09140370041131973,0.9240000247955322,0.9185000061988831
YOR011W,YDR181C,0,-3.767375,0.09139465540647507,0.9240000247955322,0.9186000227928162
YMR056C,YCR084C,0,-3.7675874,0.091385617852211,0.9240000247955322,0.9186999797821045
YFR050C,YLR316C,0,-3.767923,0.09137658029794693,0.9240000247955322,0.9187999963760376
YPR190C,YDR246W,0,-3.7680256,0.09136755019426346,0.9240000247955322,0.9189000129699707
YHR158C,YJL072C,0,-3.7681222,0.09135851263999939,0.9240000247955322,0.9190000295639038
YBR234C,YOL147C,0,-3.7681553,0.09134948253631592,0.9240000247955322,0.9190999865531921
YKL040C,YDL015C,0,-3.7682147,0.09134045243263245,0.9240000247955322,0.9192000031471252
YKL170W,YJR043C,1,-3.7682824,0.09143026918172836,0.925000011920929,0.9192000031471252
YBR059C,YJR076C,0,-3.7682874,0.0914212316274643,0.925000011920929,0.9193000197410583
YCL014W,YFR052W,0,-3.7685406,0.09141219407320023,0.925000011920929,0.9193999767303467
YDR101C,YNL312W,0,-3.7687638,0.09140316396951675,0.925000011920929,0.9194999933242798
YMR216C,YJL052W,0,-3.769027,0.09139413386583328,0.925000011920929,0.9196000099182129
YPL255W,YLR270W,0,-3.7690585,0.09138510376214981,0.925000011920929,0.919700026512146
YER166W,YGL099W,0,-3.7690928,0.09137607365846634,0.925000011920929,0.9197999835014343
YKL145W,YML007W,0,-3.7690947,0.09136705100536346,0.925000011920929,0.9199000000953674
YNR010W,YHR053C,0,-3.7692752,0.09135802835226059,0.925000011920929,0.9200000166893005
YPL100W,YPL012W,0,-3.7694998,0.09134900569915771,0.925000011920929,0.9200999736785889
YIL046W,YOR232W,0,-3.7695749,0.09133998304605484,0.925000011920929,0.920199990272522
YOR094W,YGL004C,0,-3.7697017,0.09133096039295197,0.925000011920929,0.9203000068664551
YDR284C,YDR382W,0,-3.7700508,0.09132194519042969,0.925000011920929,0.9204000234603882
YML120C,YOR151C,0,-3.7701015,0.09131292998790741,0.925000011920929,0.9204999804496765
YGL003C,YGL070C,1,-3.7701266,0.09140262752771378,0.9259999990463257,0.9204999804496765
YDR182W,YER009W,0,-3.7704678,0.0913936048746109,0.9259999990463257,0.9205999970436096
YKL016C,YBR267W,0,-3.7705224,0.09138458222150803,0.9259999990463257,0.9207000136375427
YML126C,YDR429C,0,-3.7707179,0.09137556701898575,0.9259999990463257,0.920799970626831
YER025W,YFR053C,0,-3.7714741,0.09136655181646347,0.9259999990463257,0.9208999872207642
YGL206C,YNL248C,0,-3.7715356,0.09135753661394119,0.9259999990463257,0.9210000038146973
YFL005W,YAL030W,0,-3.7716372,0.09134852886199951,0.9259999990463257,0.9211000204086304
YMR150C,YDR081C,0,-3.7716374,0.09133951365947723,0.9259999990463257,0.9211999773979187
YMR186W,YBR106W,1,-3.7717087,0.09142913669347763,0.9269999861717224,0.9211999773979187
YOR178C,YFR009W,0,-3.7719166,0.09142012149095535,0.9269999861717224,0.9212999939918518
YHR174W,YOR178C,0,-3.77215,0.09141110628843307,0.9269999861717224,0.9214000105857849
YPR155C,YLR403W,0,-3.772227,0.0914020910859108,0.9269999861717224,0.921500027179718
YML120C,YOR315W,0,-3.7722907,0.09139307588338852,0.9269999861717224,0.9215999841690063
YDR258C,YGL169W,0,-3.772353,0.09138406813144684,0.9269999861717224,0.9217000007629395
YHR014W,YEL013W,0,-3.7723663,0.09137506037950516,0.9269999861717224,0.9218000173568726
YER145C,YEL051W,0,-3.7724526,0.09136605262756348,0.9269999861717224,0.9218999743461609
YBL022C,YDL093W,0,-3.7725368,0.09135705232620239,0.9269999861717224,0.921999990940094
YGL247W,YOR332W,0,-3.7725713,0.09134805202484131,0.9269999861717224,0.9221000075340271
YHR116W,YBL079W,0,-3.7728899,0.09133905172348022,0.9269999861717224,0.9222000241279602
YJL210W,YJL098W,0,-3.7729583,0.09133005142211914,0.9269999861717224,0.9222999811172485
YPL152W,YHR196W,0,-3.7735832,0.09132105112075806,0.9269999861717224,0.9223999977111816
YER053C,YER148W,0,-3.7737515,0.09131205826997757,0.9269999861717224,0.9225000143051147
YGL004C,YGL162W,0,-3.7741516,0.09130306541919708,0.9269999861717224,0.9225999712944031
YIR002C,YDR167W,0,-3.7741792,0.0912940725684166,0.9269999861717224,0.9226999878883362
YJR047C,YER145C,0,-3.77435,0.09128507971763611,0.9269999861717224,0.9228000044822693
YKL054C,YOL061W,1,-3.7745416,0.09137455374002457,0.9279999732971191,0.9228000044822693
YLR074C,YNL297C,0,-3.775037,0.09136556088924408,0.9279999732971191,0.9229000210762024
YDR116C,YIL048W,0,-3.7750814,0.09135656803846359,0.9279999732971191,0.9229999780654907
YDR376W,YOR195W,0,-3.7752879,0.0913475751876831,0.9279999732971191,0.9230999946594238
YML067C,YCR057C,0,-3.7753665,0.09133858233690262,0.9279999732971191,0.9232000112533569
YDR517W,YLR147C,0,-3.775563,0.09132959693670273,0.9279999732971191,0.92330002784729
YER105C,YAL030W,0,-3.7758791,0.09132060408592224,0.9279999732971191,0.9233999848365784
YHR013C,YAL056W,1,-3.7759216,0.09141001850366592,0.9290000200271606,0.9233999848365784
YGR118W,YOL109W,1,-3.7761176,0.09149941056966782,0.9300000071525574,0.9233999848365784
YOR079C,YKR076W,0,-3.7762077,0.09149041026830673,0.9300000071525574,0.9235000014305115
YIL042C,YHR021C,1,-3.7763894,0.09157977253198624,0.9309999942779541,0.9235000014305115
YDR022C,YKL021C,0,-3.7765172,0.09157076478004456,0.9309999942779541,0.9236000180244446
YFL018C,YNR039C,0,-3.7765965,0.09156176447868347,0.9309999942779541,0.9236999750137329
YDR217C,YBR223C,0,-3.7766209,0.09155275672674179,0.9309999942779541,0.923799991607666
YNL101W,YJL125C,0,-3.776798,0.0915437564253807,0.9309999942779541,0.9239000082015991
YJL140W,YBR175W,1,-3.7768276,0.09163307398557663,0.9319999814033508,0.9239000082015991
YLR006C,YPR080W,0,-3.7769406,0.09162406623363495,0.9319999814033508,0.9240000247955322
YJL011C,YNL093W,0,-3.7769687,0.09161505848169327,0.9319999814033508,0.9240999817848206
YML067C,YHR070W,0,-3.7770455,0.09160605818033218,0.9319999814033508,0.9241999983787537
YPL098C,YBR254C,0,-3.7772057,0.0915970504283905,0.9319999814033508,0.9243000149726868
YDR260C,YIL129C,0,-3.777322,0.09158805012702942,0.9319999814033508,0.9243999719619751
YKL004W,YKL002W,0,-3.7777417,0.09157904982566833,0.9319999814033508,0.9244999885559082
YBR288C,YJR001W,0,-3.7778668,0.09157004952430725,0.9319999814033508,0.9246000051498413
YLR425W,YOL128C,0,-3.7778962,0.09156105667352676,0.9319999814033508,0.9247000217437744
YNL027W,YDR480W,0,-3.777944,0.09155206382274628,0.9319999814033508,0.9247999787330627
YPL050C,YGR193C,0,-3.7781208,0.09154307097196579,0.9319999814033508,0.9248999953269958
YGR188C,YKL213C,0,-3.7783606,0.0915340781211853,0.9319999814033508,0.925000011920929
YIL053W,YGL129C,0,-3.7785857,0.09152509272098541,0.9319999814033508,0.9251000285148621
YGR007W,YNL169C,0,-3.7787077,0.09151610732078552,0.9319999814033508,0.9251999855041504
YDR231C,YLR425W,0,-3.7790506,0.09150712192058563,0.9319999814033508,0.9253000020980835
YBR135W,YBR024W,0,-3.7794292,0.09149813652038574,0.9319999814033508,0.9254000186920166
YCR028C,YGR077C,0,-3.7798057,0.09148915112018585,0.9319999814033508,0.9254999756813049
YMR186W,YOL061W,1,-3.780037,0.09157832711935043,0.9330000281333923,0.9254999756813049
YOR039W,YLR447C,0,-3.7803257,0.09156934171915054,0.9330000281333923,0.925599992275238
YLR459W,YMR288W,0,-3.7805307,0.09156035631895065,0.9330000281333923,0.9257000088691711
YJL124C,YMR285C,0,-3.780545,0.09155137091875076,0.9330000281333923,0.9258000254631042
YLR220W,YKL017C,0,-3.7812507,0.09154238551855087,0.9330000281333923,0.9258999824523926
YLR304C,YJR001W,0,-3.7816195,0.09153340756893158,0.9330000281333923,0.9259999990463257
YHR120W,YJR059W,0,-3.781707,0.09152442961931229,0.9330000281333923,0.9261000156402588
YLL031C,YIL118W,0,-3.781792,0.091515451669693,0.9330000281333923,0.9261999726295471
YKL182W,YDR245W,0,-3.781793,0.0915064737200737,0.9330000281333923,0.9262999892234802
YML116W,YKR082W,0,-3.7819316,0.0914974957704544,0.9330000281333923,0.9264000058174133
YLR060W,YKL189W,0,-3.7819698,0.09148852527141571,0.9330000281333923,0.9265000224113464
YNR007C,YDR245W,0,-3.7823102,0.09147955477237701,0.9330000281333923,0.9265999794006348
YGL119W,YGR204W,0,-3.7829316,0.09147059172391891,0.9330000281333923,0.9266999959945679
YHR013C,YMR186W,1,-3.783177,0.09155964851379395,0.9340000152587891,0.9266999959945679
YBR168W,YGR186W,0,-3.7831914,0.09155067801475525,0.9340000152587891,0.926800012588501
YBR043C,YGL213C,0,-3.7832263,0.09154170006513596,0.9340000152587891,0.9269000291824341
YGL119W,YJR007W,0,-3.783263,0.09153272956609726,0.9340000152587891,0.9269999861717224
YOR036W,YOR346W,0,-3.7832687,0.09152376651763916,0.9340000152587891,0.9271000027656555
YOR094W,YEL066W,0,-3.7833292,0.09151479601860046,0.9340000152587891,0.9272000193595886
YIL007C,YOR347C,0,-3.7833357,0.09150583297014236,0.9340000152587891,0.927299976348877
YIL036W,YGR229C,1,-3.7834203,0.09159483015537262,0.9350000023841858,0.927299976348877
YGL012W,YHL027W,0,-3.7834442,0.09158585220575333,0.9350000023841858,0.9273999929428101
YFR046C,YPL082C,0,-3.7834842,0.09157688170671463,0.9350000023841858,0.9275000095367432
YBR070C,YOR007C,0,-3.7839074,0.09156791865825653,0.9350000023841858,0.9276000261306763
YOR136W,YOR224C,0,-3.7841513,0.09155894815921783,0.9350000023841858,0.9276999831199646
YDL020C,YGR229C,1,-3.7848089,0.09164790064096451,0.9359999895095825,0.9276999831199646
YLL021W,YPL239W,0,-3.7849534,0.09163893014192581,0.9359999895095825,0.9277999997138977
YFR014C,YDR175C,0,-3.7850199,0.09162995964288712,0.9359999895095825,0.9279000163078308
YMR213W,YDR260C,0,-3.785145,0.09162098914384842,0.9359999895095825,0.9279999732971191
YJL140W,YOR043W,1,-3.785241,0.09170989692211151,0.9369999766349792,0.9279999732971191
YDR116C,YGL045W,0,-3.7852767,0.09170091897249222,0.9369999766349792,0.9280999898910522
YDR206W,YBL058W,1,-3.7853596,0.09178980439901352,0.9380000233650208,0.9280999898910522
YDR511W,YIL023C,0,-3.7854397,0.09178081899881363,0.9380000233650208,0.9282000064849854
YGR086C,YJR063W,0,-3.785459,0.09177184104919434,0.9380000233650208,0.9283000230789185
YMR056C,YBR095C,0,-3.7854717,0.09176286309957504,0.9380000233650208,0.9283999800682068
YOL130W,YJR077C,0,-3.785723,0.09175388514995575,0.9380000233650208,0.9284999966621399
YDL088C,YMR112C,0,-3.7857623,0.09174491465091705,0.9380000233650208,0.928600013256073
YIL142W,YMR025W,0,-3.7858279,0.09173594415187836,0.9380000233650208,0.9286999702453613
YOR340C,YGL229C,0,-3.7858407,0.09172697365283966,0.9380000233650208,0.9287999868392944
YBR234C,YHL028W,0,-3.7859857,0.09171800315380096,0.9380000233650208,0.9289000034332275
YCR092C,YJR019C,0,-3.786383,0.09170903265476227,0.9380000233650208,0.9290000200271606
YFL016C,YLL036C,0,-3.7864382,0.09170006960630417,0.9380000233650208,0.929099977016449
YOR136W,YDL190C,0,-3.7864907,0.09169110655784607,0.9380000233650208,0.9291999936103821
YPL235W,YJR010C-A,0,-3.786497,0.09168214350938797,0.9380000233650208,0.9293000102043152
YER173W,YPR165W,0,-3.7865407,0.09167318046092987,0.9380000233650208,0.9294000267982483
YDR036C,YIL112W,0,-3.786677,0.09166422486305237,0.9380000233650208,0.9294999837875366
YCR071C,YOL061W,1,-3.7867222,0.09175298362970352,0.9390000104904175,0.9294999837875366
YGL223C,YLR249W,0,-3.7870405,0.09174401313066483,0.9390000104904175,0.9296000003814697
YCR057C,YKR055W,0,-3.7871478,0.09173505008220673,0.9390000104904175,0.9297000169754028
YLR192C,YGL025C,1,-3.7872348,0.09182377904653549,0.9399999976158142,0.9297000169754028
YBR024W,YJL168C,0,-3.7874067,0.0918148085474968,0.9399999976158142,0.9297999739646912
YOR388C,YOR147W,0,-3.7874863,0.0918058380484581,0.9399999976158142,0.9298999905586243
YHR068W,YJR082C,0,-3.7876546,0.091796875,0.9399999976158142,0.9300000071525574
YKL220C,YGR183C,0,-3.787656,0.0917879119515419,0.9399999976158142,0.9301000237464905
YNL294C,YDR201W,0,-3.7876828,0.0917789489030838,0.9399999976158142,0.9301999807357788
YHR030C,YNR046W,0,-3.7876987,0.0917699858546257,0.9399999976158142,0.9302999973297119
YGR077C,YKL028W,0,-3.7878268,0.0917610302567482,0.9399999976158142,0.930400013923645
YER166W,YKR007W,0,-3.7878478,0.0917520746588707,0.9399999976158142,0.9304999709129333
YOR231W,YDL002C,0,-3.7879784,0.0917431190609932,0.9399999976158142,0.9305999875068665
YOR316C,YJL148W,0,-3.788461,0.09173416346311569,0.9399999976158142,0.9307000041007996
YGL084C,YER068W,1,-3.7885273,0.0918227955698967,0.9409999847412109,0.9307000041007996
YMR068W,YNL153C,0,-3.78864,0.0918138325214386,0.9409999847412109,0.9308000206947327
YEL042W,YOL064C,0,-3.7887805,0.0918048769235611,0.9409999847412109,0.930899977684021
YNL068C,YKL152C,0,-3.7889593,0.0917959213256836,0.9409999847412109,0.9309999942779541
YNL004W,YJL042W,0,-3.789386,0.09178696572780609,0.9409999847412109,0.9311000108718872
YCR088W,YJR132W,0,-3.7895231,0.09177801758050919,0.9409999847412109,0.9312000274658203
YNL149C,YOL011W,0,-3.789666,0.09176906943321228,0.9409999847412109,0.9312999844551086
YDL126C,YIL016W,0,-3.7900925,0.09176011383533478,0.9409999847412109,0.9314000010490417
YOL064C,YDL148C,0,-3.7902358,0.09175117313861847,0.9409999847412109,0.9315000176429749
YOR039W,YNL149C,0,-3.790599,0.09174222499132156,0.9409999847412109,0.9315999746322632
YDL024C,YPL233W,0,-3.791197,0.09173328429460526,0.9409999847412109,0.9316999912261963
YPR103W,YOR213C,0,-3.7913132,0.09172433614730835,0.9409999847412109,0.9318000078201294
YJL099W,YAL059W,0,-3.791435,0.09171540290117264,0.9409999847412109,0.9319000244140625
YDR216W,YOR080W,0,-3.7921145,0.09170646220445633,0.9409999847412109,0.9319999814033508
YOR174W,YNR046W,0,-3.7921197,0.09169752150774002,0.9409999847412109,0.9320999979972839
YJR153W,YGL232W,0,-3.792405,0.09168858826160431,0.9409999847412109,0.932200014591217
YER035W,YAR002C-A,0,-3.7925034,0.0916796550154686,0.9409999847412109,0.9322999715805054
YFL029C,YOR260W,0,-3.7925467,0.09167072921991348,0.9409999847412109,0.9323999881744385
YKL172W,YOL110W,0,-3.7925959,0.09166179597377777,0.9409999847412109,0.9325000047683716
YNL021W,YJR019C,0,-3.7926862,0.09165287017822266,0.9409999847412109,0.9326000213623047
YPL031C,YDR418W,1,-3.7929537,0.09174133092164993,0.9419999718666077,0.9326000213623047
YPL248C,YDL092W,0,-3.793165,0.09173239767551422,0.9419999718666077,0.932699978351593
YLR260W,YOR344C,0,-3.7932742,0.09172346442937851,0.9419999718666077,0.9327999949455261
YML012W,YLR134W,0,-3.7932818,0.0917145386338234,0.9419999718666077,0.9329000115394592
YPR018W,YLR193C,0,-3.7933435,0.09170560538768768,0.9419999718666077,0.9330000281333923
YPL262W,YHR086W,0,-3.7935503,0.09169667959213257,0.9419999718666077,0.9330999851226807
YDR174W,YER095W,1,-3.7936304,0.09178508818149567,0.9430000185966492,0.9330999851226807
YPR093C,YKL021C,0,-3.7940166,0.09177615493535995,0.9430000185966492,0.9332000017166138
YDR443C,YLR372W,1,-3.794101,0.09186454117298126,0.9440000057220459,0.9332000017166138
YGL065C,YNL064C,0,-3.7943084,0.09185560047626495,0.9440000057220459,0.9333000183105469
YOL002C,YJL208C,0,-3.7946892,0.09184665977954865,0.9440000057220459,0.9333999752998352
YHL007C,YJR044C,0,-3.7949574,0.09183772653341293,0.9440000057220459,0.9334999918937683
YDL101C,YGL058W,1,-3.7950222,0.09192606806755066,0.9449999928474426,0.9334999918937683
YHR031C,YCR083W,0,-3.7955084,0.09191712737083435,0.9449999928474426,0.9336000084877014
YER178W,YEL054C,0,-3.7959592,0.09190818667411804,0.9449999928474426,0.9337000250816345
YKL146W,YMR241W,0,-3.7960217,0.09189925342798233,0.9449999928474426,0.9337999820709229
YDR231C,YDR162C,0,-3.796034,0.09189031273126602,0.9449999928474426,0.933899998664856
YOL043C,YDL095W,0,-3.7966,0.09188137948513031,0.9449999928474426,0.9340000152587891
YBL005W,YLR043C,0,-3.797036,0.0918724462389946,0.9449999928474426,0.9340999722480774
YOR002W,YLR060W,0,-3.797071,0.09186352044343948,0.9449999928474426,0.9341999888420105
YKL093W,YHR143W-A,0,-3.7971375,0.09185458719730377,0.9449999928474426,0.9343000054359436
YDR270W,YML073C,0,-3.7977417,0.09184566140174866,0.9449999928474426,0.9344000220298767
YOR320C,YGL133W,0,-3.7982378,0.09183673560619354,0.9449999928474426,0.934499979019165
YDR040C,YNL037C,0,-3.798682,0.09182780981063843,0.9449999928474426,0.9345999956130981
YER044C,YBR061C,0,-3.7987573,0.09181889146566391,0.9449999928474426,0.9347000122070312
YDL213C,YHL028W,0,-3.7987773,0.0918099656701088,0.9449999928474426,0.9348000288009644
YOL133W,YPR094W,0,-3.8002603,0.09180104732513428,0.9449999928474426,0.9348999857902527
YLR074C,YCR002C,0,-3.8006146,0.09179212898015976,0.9449999928474426,0.9350000023841858
YJR050W,YDR362C,0,-3.800962,0.09178321808576584,0.9449999928474426,0.9351000189781189
YOR011W,YNL230C,0,-3.8014748,0.09177429974079132,0.9449999928474426,0.9351999759674072
YML078W,YHR001W,0,-3.8022232,0.0917653888463974,0.9449999928474426,0.9352999925613403
YGL003C,YMR142C,1,-3.8022234,0.09185358136892319,0.9459999799728394,0.9352999925613403
YOR040W,YML097C,1,-3.802268,0.09194174408912659,0.9470000267028809,0.9352999925613403
YGL086W,YLR193C,0,-3.803058,0.09193282574415207,0.9470000267028809,0.9354000091552734
YPL028W,YDL225W,0,-3.8033733,0.09192389994859695,0.9470000267028809,0.9355000257492065
YNL159C,YER171W,0,-3.803443,0.09191497415304184,0.9470000267028809,0.9355999827384949
YLR216C,YCR033W,0,-3.803491,0.09190605580806732,0.9470000267028809,0.935699999332428
YLR295C,YDL226C,0,-3.8035462,0.0918971374630928,0.9470000267028809,0.9358000159263611
YNL039W,YLR340W,0,-3.80385,0.09188821911811829,0.9470000267028809,0.9358999729156494
YLR074C,YPL258C,0,-3.8038948,0.09187930822372437,0.9470000267028809,0.9359999895095825
YPL091W,YOR254C,0,-3.804107,0.09187038987874985,0.9470000267028809,0.9361000061035156
YNL015W,YML005W,0,-3.8046029,0.09186147898435593,0.9470000267028809,0.9362000226974487
YDR182W,YGL018C,0,-3.8046749,0.091852568089962,0.9470000267028809,0.9362999796867371
YDR499W,YCR073W-A,1,-3.80468,0.09194064885377884,0.9480000138282776,0.9362999796867371
YCL039W,YNL110C,0,-3.8047473,0.09193173050880432,0.9480000138282776,0.9363999962806702
YLL001W,YBR121C,0,-3.8047874,0.0919228121638298,0.9480000138282776,0.9365000128746033
YMR212C,YNL036W,0,-3.8048718,0.09191390126943588,0.9480000138282776,0.9366000294685364
YDR434W,YGR253C,0,-3.8053207,0.09190499037504196,0.9480000138282776,0.9366999864578247
YDL213C,YBR223C,0,-3.805679,0.09189608693122864,0.9480000138282776,0.9368000030517578
YOR034C,YPL132W,0,-3.8058326,0.09188717603683472,0.9480000138282776,0.9369000196456909
YGL200C,YDL159W,0,-3.8058782,0.09187827259302139,0.9480000138282776,0.9369999766349792
YOL077C,YCL034W,0,-3.8060887,0.09186936914920807,0.9480000138282776,0.9370999932289124
YOL016C,YKL188C,0,-3.8067749,0.09186046570539474,0.9480000138282776,0.9372000098228455
YKR009C,YDR398W,0,-3.8071582,0.09185156226158142,0.9480000138282776,0.9373000264167786
YER030W,YNL149C,0,-3.8074305,0.0918426662683487,0.9480000138282776,0.9373999834060669
YBR153W,YOL110W,0,-3.8079956,0.09183377027511597,0.9480000138282776,0.9375
YER112W,YGR132C,0,-3.8080714,0.09182487428188324,0.9480000138282776,0.9376000165939331
YLR163C,YJL025W,0,-3.8083174,0.09181597828865051,0.9480000138282776,0.9376999735832214
YDR225W,YLR362W,0,-3.8083675,0.09180708974599838,0.9480000138282776,0.9377999901771545
YLR303W,YGL213C,0,-3.8083901,0.09179820120334625,0.9480000138282776,0.9379000067710876
YDR517W,YDR181C,0,-3.8085763,0.09178931266069412,0.9480000138282776,0.9380000233650208
YAL055W,YLR272C,0,-3.8089478,0.09178042411804199,0.9480000138282776,0.9380999803543091
YCR083W,YFL004W,0,-3.809129,0.09177153557538986,0.9480000138282776,0.9381999969482422
YCL052C,YPL131W,0,-3.8096864,0.09176265448331833,0.9480000138282776,0.9383000135421753
YNL073W,YKR053C,0,-3.8097045,0.0917537733912468,0.9480000138282776,0.9383999705314636
YLL060C,YDL092W,0,-3.8098135,0.09174489229917526,0.9480000138282776,0.9384999871253967
YBR041W,YBR082C,0,-3.810006,0.09173601865768433,0.9480000138282776,0.9386000037193298
YKL135C,YNR017W,0,-3.8101375,0.09172713756561279,0.9480000138282776,0.9387000203132629
YBR070C,YDL031W,0,-3.810189,0.09171826392412186,0.9480000138282776,0.9387999773025513
YJL072C,YML058W,0,-3.8102624,0.09170939028263092,0.9480000138282776,0.9388999938964844
YDL028C,YCR053W,0,-3.8103406,0.09170052409172058,0.9480000138282776,0.9390000104904175
YDR182W,YNL149C,0,-3.8105228,0.09169165045022964,0.9480000138282776,0.9391000270843506
YDR434W,YGR191W,0,-3.8106098,0.0916827842593193,0.9480000138282776,0.9391999840736389
YCL039W,YIL110W,0,-3.8110034,0.09167391806840897,0.9480000138282776,0.939300000667572
YCL054W,YIL023C,0,-3.8111184,0.09166505187749863,0.9480000138282776,0.9394000172615051
YBL064C,YDR198C,0,-3.811305,0.09165619313716888,0.9480000138282776,0.9394999742507935
YDR481C,YMR308C,0,-3.8113375,0.09164733439683914,0.9480000138282776,0.9395999908447266
YER051W,YJL019W,0,-3.8114254,0.0916384756565094,0.9480000138282776,0.9397000074386597
YCR033W,YNL079C,0,-3.811505,0.09162961691617966,0.9480000138282776,0.9398000240325928
YAL010C,YPR132W,1,-3.8115866,0.09171740710735321,0.9490000009536743,0.9398000240325928
YNR007C,YHR031C,0,-3.8115911,0.09170854091644287,0.9490000009536743,0.9398999810218811
YNR058W,YDR512C,0,-3.8116498,0.09169968217611313,0.9490000009536743,0.9399999976158142
YDR096W,YGL144C,0,-3.8118355,0.09169082343578339,0.9490000009536743,0.9401000142097473
YNL009W,YJL029C,0,-3.8122733,0.09168196469545364,0.9490000009536743,0.9401999711990356
YKR076W,YDR400W,0,-3.8124912,0.0916731059551239,0.9490000009536743,0.9402999877929688
YIL070C,YOR149C,0,-3.812533,0.09166425466537476,0.9490000009536743,0.9404000043869019
YOR039W,YAL055W,0,-3.8127124,0.09165539592504501,0.9490000009536743,0.940500020980835
YIL030C,YOR089C,0,-3.8128443,0.09164654463529587,0.9490000009536743,0.9405999779701233
YGL191W,YGR152C,0,-3.8132672,0.09163770079612732,0.9490000009536743,0.9406999945640564
YBR102C,YDL079C,0,-3.8134513,0.09162884950637817,0.9490000009536743,0.9408000111579895
YPL119C,YBR055C,0,-3.8135629,0.09162000566720963,0.9490000009536743,0.9409000277519226
YDL045C,YBL018C,0,-3.8135927,0.09161116182804108,0.9490000009536743,0.9409999847412109
YOL071W,YGR211W,0,-3.8135965,0.09160231798887253,0.9490000009536743,0.941100001335144
YIL042C,YGR072W,1,-3.813731,0.09168998897075653,0.949999988079071,0.941100001335144
YPR008W,YOR174W,0,-3.8137393,0.09168114513158798,0.949999988079071,0.9412000179290771
YJR121W,YNR011C,0,-3.813829,0.09167229384183884,0.949999988079071,0.9412999749183655
YPR155C,YLR138W,0,-3.8138697,0.09166345000267029,0.949999988079071,0.9413999915122986
YIL062C,YIL014W,0,-3.8144586,0.09165460616350174,0.949999988079071,0.9415000081062317
YML121W,YBL088C,1,-3.8147407,0.09174223244190216,0.9509999752044678,0.9415000081062317
YLR028C,YDR145W,0,-3.8154266,0.09173338115215302,0.9509999752044678,0.9416000247001648
YJL111W,YCR028C,0,-3.8155828,0.09172453731298447,0.9509999752044678,0.9416999816894531
YNR027W,YKR065C,0,-3.8156412,0.09171569347381592,0.9509999752044678,0.9417999982833862
YCR088W,YLR014C,0,-3.8159058,0.09170684963464737,0.9509999752044678,0.9419000148773193
YOR113W,YLL035W,0,-3.8159378,0.09169800579547882,0.9509999752044678,0.9419999718666077
YOL116W,YBR130C,0,-3.816055,0.09168916195631027,0.9509999752044678,0.9420999884605408
YJR074W,YBR095C,0,-3.8162596,0.09168032556772232,0.9509999752044678,0.9422000050544739
YIL021W,YHR083W,0,-3.8173969,0.09167148917913437,0.9509999752044678,0.942300021648407
YBR008C,YDL226C,0,-3.8174207,0.09166265279054642,0.9509999752044678,0.9423999786376953
YGR007W,YOR372C,0,-3.818442,0.09165381640195847,0.9509999752044678,0.9424999952316284
YML055W,YCR053W,0,-3.8193328,0.09164498746395111,0.9509999752044678,0.9426000118255615
YHR004C,YJL098W,0,-3.8198073,0.09163615107536316,0.9509999752044678,0.9427000284194946
YJL166W,YOR089C,0,-3.819855,0.0916273221373558,0.9509999752044678,0.942799985408783
YEL066W,YGL112C,0,-3.8203032,0.09161850064992905,0.9509999752044678,0.9429000020027161
YNL261W,YHR001W-A,0,-3.820748,0.09160967171192169,0.9509999752044678,0.9430000185966492
YJL094C,YKL014C,0,-3.8211758,0.09160085022449493,0.9509999752044678,0.9430999755859375
YLR092W,YNL107W,0,-3.8212564,0.09159202873706818,0.9509999752044678,0.9431999921798706
YKR068C,YJL210W,0,-3.8215206,0.09158320724964142,0.9509999752044678,0.9433000087738037
YHR186C,YPL218W,0,-3.8215587,0.09157438576221466,0.9509999752044678,0.9434000253677368
YNL049C,YBR254C,0,-3.8218005,0.0915655717253685,0.9509999752044678,0.9434999823570251
YBR207W,YOR361C,0,-3.8220608,0.09155675023794174,0.9509999752044678,0.9435999989509583
YMR298W,YOR372C,0,-3.822431,0.09154794365167618,0.9509999752044678,0.9437000155448914
YNR057C,YMR100W,0,-3.8224864,0.09153912961483002,0.9509999752044678,0.9437999725341797
YPR023C,YHR118C,0,-3.8226647,0.09153031557798386,0.9509999752044678,0.9438999891281128
YML019W,YER094C,0,-3.8228042,0.09152150899171829,0.9509999752044678,0.9440000057220459
YKR026C,YJR127C,0,-3.8231573,0.09151270240545273,0.9509999752044678,0.944100022315979
YHR043C,YIL048W,0,-3.8231986,0.09150389581918716,0.9509999752044678,0.9441999793052673
YPL059W,YFR002W,0,-3.8238719,0.0914950966835022,0.9509999752044678,0.9442999958992004
YGR256W,YHR085W,0,-3.8240302,0.09148629009723663,0.9509999752044678,0.9444000124931335
YMR056C,YMR172W,0,-3.8241196,0.09147749096155167,0.9509999752044678,0.9445000290870667
YGL084C,YCR065W,1,-3.8241591,0.09156487137079239,0.9520000219345093,0.9445000290870667
YNR016C,YGL017W,0,-3.824322,0.09155606478452682,0.9520000219345093,0.944599986076355
YCR071C,YMR080C,1,-3.8247988,0.09164343029260635,0.953000009059906,0.944599986076355
YDL099W,YNL085W,0,-3.8252895,0.09163461625576019,0.953000009059906,0.9447000026702881
YNL037C,YOR217W,0,-3.8256757,0.09162580221891403,0.953000009059906,0.9448000192642212
YLL008W,YDR512C,0,-3.8259861,0.09161699563264847,0.953000009059906,0.9448999762535095
YPL015C,YDR160W,0,-3.826165,0.0916081890463829,0.953000009059906,0.9449999928474426
YMR316W,YJL143W,0,-3.8264332,0.09159938246011734,0.953000009059906,0.9451000094413757
YOL086C,YJL008C,0,-3.8265378,0.09159058332443237,0.953000009059906,0.9452000260353088
YPL204W,YOR295W,0,-3.8268735,0.09158177673816681,0.953000009059906,0.9452999830245972
YOR032C,YIL070C,0,-3.8271878,0.09157297760248184,0.953000009059906,0.9453999996185303
YPL053C,YMR308C,0,-3.8279064,0.09156417846679688,0.953000009059906,0.9455000162124634
YMR056C,YNL227C,0,-3.827937,0.0915553867816925,0.953000009059906,0.9455999732017517
YOR034C,YJL001W,0,-3.8281095,0.09154658764600754,0.953000009059906,0.9456999897956848
YLR011W,YLR009W,0,-3.8281863,0.09153779596090317,0.953000009059906,0.9458000063896179
YDR022C,YBR247C,0,-3.8284414,0.0915290042757988,0.953000009059906,0.945900022983551
YOR232W,YKR042W,0,-3.8285835,0.09152021259069443,0.953000009059906,0.9459999799728394
YPL122C,YDL217C,0,-3.8286288,0.09151142835617065,0.953000009059906,0.9460999965667725
YOR074C,YNR039C,0,-3.8287,0.09150264412164688,0.953000009059906,0.9462000131607056
YKL020C,YDR362C,0,-3.8291848,0.09149385243654251,0.953000009059906,0.9463000297546387
YLL042C,YOR174W,0,-3.8292217,0.09148507565259933,0.953000009059906,0.946399986743927
YER042W,YOR243C,0,-3.8295367,0.09147629141807556,0.953000009059906,0.9465000033378601
YER177W,YML115C,0,-3.8296125,0.09146751463413239,0.953000009059906,0.9466000199317932
YLR157C,YDR071C,0,-3.829788,0.09145873039960861,0.953000009059906,0.9466999769210815
YBR039W,YIL030C,0,-3.8298361,0.09144995361566544,0.953000009059906,0.9467999935150146
YMR033W,YGL190C,0,-3.8306832,0.09144118428230286,0.953000009059906,0.9469000101089478
YDR189W,YPL206C,0,-3.8307912,0.09143240749835968,0.953000009059906,0.9470000267028809
YDR384C,YEL013W,0,-3.8309402,0.0914236381649971,0.953000009059906,0.9470999836921692
YNL009W,YNR052C,0,-3.8313804,0.09141486883163452,0.953000009059906,0.9472000002861023
YML076C,YKL196C,0,-3.831628,0.09140609949827194,0.953000009059906,0.9473000168800354
YIL138C,YDR177W,0,-3.831702,0.09139733016490936,0.953000009059906,0.9473999738693237
YNL049C,YDR392W,0,-3.8324168,0.09138856828212738,0.953000009059906,0.9474999904632568
YGR097W,YGR082W,0,-3.8328855,0.0913798063993454,0.953000009059906,0.9476000070571899
YIL040W,YJL165C,0,-3.8330321,0.09137104451656342,0.953000009059906,0.947700023651123
YJL061W,YIL123W,0,-3.8330796,0.09136228263378143,0.953000009059906,0.9477999806404114
YCL055W,YNL015W,0,-3.8333015,0.09135352820158005,0.953000009059906,0.9478999972343445
YDR101C,YLR330W,0,-3.8333662,0.09134477376937866,0.953000009059906,0.9480000138282776
YPR093C,YGL120C,0,-3.8337839,0.09133601933717728,0.953000009059906,0.9480999708175659
YFR036W,YFR014C,0,-3.833836,0.09132726490497589,0.953000009059906,0.948199987411499
YKL059C,YOL003C,0,-3.8339643,0.0913185104727745,0.953000009059906,0.9483000040054321
YPL050C,YHR150W,0,-3.8343534,0.09130976349115372,0.953000009059906,0.9484000205993652
YML006C,YFL018C,0,-3.8344238,0.09130101650953293,0.953000009059906,0.9484999775886536
YGL143C,YLR145W,0,-3.8348298,0.09129226952791214,0.953000009059906,0.9485999941825867
YGR120C,YCL043C,0,-3.8349206,0.09128352254629135,0.953000009059906,0.9487000107765198
YCR048W,YDL106C,0,-3.8350272,0.09127478301525116,0.953000009059906,0.9488000273704529
YOR078W,YIL042C,1,-3.8351517,0.09136180579662323,0.9539999961853027,0.9488000273704529
YML121W,YHR081W,1,-3.8357234,0.0914488136768341,0.9549999833106995,0.9488000273704529
YPR017C,YDL015C,0,-3.8358977,0.09144005924463272,0.9549999833106995,0.9488999843597412
YNR032W,YGL014W,0,-3.8366416,0.09143130481243134,0.9549999833106995,0.9490000009536743
YNR007C,YGR078C,0,-3.8368733,0.09142255038022995,0.9549999833106995,0.9491000175476074
YKR081C,YOR259C,0,-3.8369415,0.09141380339860916,0.9549999833106995,0.9491999745368958
YFL039C,YDR276C,0,-3.8370073,0.09140505641698837,0.9549999833106995,0.9492999911308289
YOR354C,YGL211W,0,-3.8370085,0.09139630943536758,0.9549999833106995,0.949400007724762
YLR060W,YOR372C,0,-3.8373392,0.0913875624537468,0.9549999833106995,0.9495000243186951
YGR278W,YPL203W,0,-3.8376372,0.09137881547212601,0.9549999833106995,0.9495999813079834
YBR168W,YOR115C,0,-3.8377037,0.09137007594108582,0.9549999833106995,0.9496999979019165
YOL133W,YKL068W,0,-3.837823,0.09136132895946503,0.9549999833106995,0.9498000144958496
YER088C,YKL056C,0,-3.8378985,0.09135258942842484,0.9549999833106995,0.9498999714851379
YGR044C,YJL098W,0,-3.8379009,0.09134385734796524,0.9549999833106995,0.949999988079071
YJR001W,YNL119W,0,-3.8380435,0.09133511781692505,0.9549999833106995,0.9501000046730042
YHR004C,YIL022W,0,-3.8382432,0.09132638573646545,0.9549999833106995,0.9502000212669373
YDL192W,YGL025C,1,-3.8383024,0.09141327440738678,0.9559999704360962,0.9502000212669373
YGL038C,YDL159W,0,-3.8387437,0.09140453487634659,0.9559999704360962,0.9502999782562256
YKL062W,YOR095C,0,-3.8391714,0.0913957953453064,0.9559999704360962,0.9503999948501587
YDR013W,YDR453C,0,-3.8394158,0.0913870558142662,0.9559999704360962,0.9505000114440918
YMR199W,YGR083C,0,-3.839555,0.09137832373380661,0.9559999704360962,0.9506000280380249
YAL031C,YLR316C,0,-3.839597,0.09136959165334702,0.9559999704360962,0.9506999850273132
YPR155C,YBR192W,0,-3.8401232,0.09136085957288742,0.9559999704360962,0.9508000016212463
YOR150W,YLR105C,0,-3.8403265,0.09135212749242783,0.9559999704360962,0.9509000182151794
YKL064W,YNL272C,0,-3.8404052,0.09134339541196823,0.9559999704360962,0.9509999752044678
YDL143W,YPR036W,0,-3.8405368,0.09133467078208923,0.9559999704360962,0.9510999917984009
YLR229C,YDR494W,0,-3.8405445,0.09132594615221024,0.9559999704360962,0.951200008392334
YPL001W,YGL038C,0,-3.8408885,0.09131722152233124,0.9559999704360962,0.9513000249862671
YOL016C,YDR165W,0,-3.841071,0.09130849689245224,0.9559999704360962,0.9513999819755554
YLR201C,YOR171C,0,-3.841287,0.09129977971315384,0.9559999704360962,0.9514999985694885
YKL120W,YOL110W,0,-3.8418868,0.09129106253385544,0.9559999704360962,0.9516000151634216
YBR039W,YDL095W,0,-3.8421123,0.09128234535455704,0.9559999704360962,0.95169997215271
YGL187C,YGL144C,0,-3.8426783,0.09127362817525864,0.9559999704360962,0.9517999887466431
YOR320C,YGL045W,0,-3.8427732,0.09126491844654083,0.9559999704360962,0.9519000053405762
YPL086C,YGL143C,0,-3.842992,0.09125620126724243,0.9559999704360962,0.9520000219345093
YLR246W,YMR239C,0,-3.843341,0.09124749153852463,0.9559999704360962,0.9520999789237976
YGL166W,YNL256W,0,-3.8435605,0.09123878926038742,0.9559999704360962,0.9521999955177307
YPR128C,YDR292C,0,-3.8439326,0.09123007953166962,0.9559999704360962,0.9523000121116638
YLR215C,YNL098C,0,-3.843945,0.09122137725353241,0.9559999704360962,0.9524000287055969
YER019C-A,YGR002C,0,-3.8442576,0.0912126675248146,0.9559999704360962,0.9524999856948853
YLR380W,YGR222W,0,-3.8443038,0.0912039652466774,0.9559999704360962,0.9526000022888184
YML057W,YKL056C,0,-3.8443673,0.09119527041912079,0.9559999704360962,0.9527000188827515
YPR144C,YJL036W,0,-3.8444788,0.09118656814098358,0.9559999704360962,0.9527999758720398
YBR234C,YHR031C,0,-3.8451736,0.09117787331342697,0.9559999704360962,0.9528999924659729
YLR026C,YMR140W,0,-3.8458912,0.09116917848587036,0.9559999704360962,0.953000009059906
YAL003W,YIL023C,0,-3.845906,0.09116048365831375,0.9559999704360962,0.9531000256538391
YBR188C,YPR009W,0,-3.8459637,0.09115178883075714,0.9559999704360962,0.9531999826431274
YOL066C,YCR053W,0,-3.8465607,0.09114310145378113,0.9559999704360962,0.9532999992370605
YPL167C,YLR354C,0,-3.8466449,0.09113441407680511,0.9559999704360962,0.9534000158309937
YDR480W,YLR113W,0,-3.847421,0.0911257266998291,0.9559999704360962,0.953499972820282
YCL025C,YEL036C,0,-3.8478324,0.09111703932285309,0.9559999704360962,0.9535999894142151
YDR512C,YGL195W,0,-3.8484452,0.09110835939645767,0.9559999704360962,0.9537000060081482
YDR421W,YPL262W,0,-3.8485162,0.09109967947006226,0.9559999704360962,0.9538000226020813
YDR178W,YAL002W,0,-3.8488019,0.09109099209308624,0.9559999704360962,0.9538999795913696
YNL112W,YKL129C,0,-3.84884,0.09108231961727142,0.9559999704360962,0.9539999961853027
YNL112W,YGR086C,0,-3.849244,0.09107363969087601,0.9559999704360962,0.9541000127792358
YNL142W,YGR055W,0,-3.8493283,0.09106496721506119,0.9559999704360962,0.954200029373169
YML120C,YDR460W,0,-3.8502023,0.09105629473924637,0.9559999704360962,0.9542999863624573
YJL111W,YDL035C,0,-3.850238,0.09104762226343155,0.9559999704360962,0.9544000029563904
YGR248W,YGL097W,0,-3.850362,0.09103894978761673,0.9559999704360962,0.9545000195503235
YDR518W,YOR136W,0,-3.8505366,0.09103027731180191,0.9559999704360962,0.9545999765396118
YOR316C,YMR089C,0,-3.8511095,0.09102161228656769,0.9559999704360962,0.9546999931335449
YOL128C,YPL206C,0,-3.851201,0.09101294726133347,0.9559999704360962,0.954800009727478
YNL062C,YLR324W,0,-3.8521054,0.09100428223609924,0.9559999704360962,0.9549000263214111
YJR033C,YKL082C,0,-3.8521965,0.09099562466144562,0.9559999704360962,0.9549999833106995
YKL084W,YOR347C,0,-3.8523679,0.0909869596362114,0.9559999704360962,0.9550999999046326
YLR100W,YKL064W,0,-3.8524346,0.09097830206155777,0.9559999704360962,0.9552000164985657
YCL014W,YOL063C,0,-3.852629,0.09096964448690414,0.9559999704360962,0.955299973487854
YBL018C,YBR273C,0,-3.8526406,0.09096098691225052,0.9559999704360962,0.9553999900817871
YLR418C,YIL042C,1,-3.8536952,0.09104747325181961,0.9570000171661377,0.9553999900817871
YDL047W,YDR027C,1,-3.854197,0.09113394469022751,0.9580000042915344,0.9553999900817871
YNL101W,YOL010W,0,-3.8544128,0.09112527221441269,0.9580000042915344,0.9555000066757202
YPL089C,YKR081C,0,-3.8546698,0.09111660718917847,0.9580000042915344,0.9556000232696533
YGR118W,YHR139C,1,-3.8548224,0.09120304137468338,0.9589999914169312,0.9556000232696533
YCR048W,YKL122C,0,-3.8550951,0.09119436889886856,0.9589999914169312,0.9556999802589417
YGR183C,YOL094C,0,-3.8552673,0.09118569642305374,0.9589999914169312,0.9557999968528748
YJL196C,YHR015W,0,-3.8556464,0.09117703139781952,0.9589999914169312,0.9559000134468079
YER035W,YMR312W,0,-3.8558352,0.0911683589220047,0.9589999914169312,0.9559999704360962
YGR229C,YLR466W,1,-3.8560784,0.09125475585460663,0.9599999785423279,0.9559999704360962
YGL008C,YFR004W,0,-3.8563616,0.09124607592821121,0.9599999785423279,0.9560999870300293
YCL040W,YBR030W,0,-3.856763,0.09123741090297699,0.9599999785423279,0.9562000036239624
YHR085W,YFL038C,0,-3.857259,0.09122873842716217,0.9599999785423279,0.9563000202178955
YDR376W,YLR074C,0,-3.8583982,0.09122006595134735,0.9599999785423279,0.9563999772071838
YOL086C,YGR147C,0,-3.8589418,0.09121140092611313,0.9599999785423279,0.9564999938011169
YBR193C,YEL031W,0,-3.8591778,0.0912027359008789,0.9599999785423279,0.95660001039505
YKL146W,YHR026W,0,-3.8594918,0.09119407087564468,0.9599999785423279,0.9567000269889832
YLR368W,YJR143C,0,-3.8596132,0.09118541330099106,0.9599999785423279,0.9567999839782715
YDL013W,YEL053C,1,-3.8597605,0.09127172827720642,0.9610000252723694,0.9567999839782715
YPL274W,YGL232W,0,-3.8604205,0.0912630558013916,0.9610000252723694,0.9569000005722046
YPL106C,YGR099W,1,-3.8611295,0.09134934842586517,0.9620000123977661,0.9569000005722046
YJR010C-A,YBR273C,0,-3.8612483,0.09134067595005035,0.9620000123977661,0.9570000171661377
YGR132C,YOR224C,0,-3.8615735,0.09133200347423553,0.9620000123977661,0.957099974155426
YBL019W,YDL235C,0,-3.8615963,0.09132333099842072,0.9620000123977661,0.9571999907493591
YPL232W,YDR381W,0,-3.8620188,0.09131466597318649,0.9620000123977661,0.9573000073432922
YIR037W,YDR461W,0,-3.862119,0.09130600094795227,0.9620000123977661,0.9574000239372253
YIL036W,YCR020C-A,1,-3.8622687,0.09139223396778107,0.9629999995231628,0.9574000239372253
YNL015W,YBR143C,0,-3.8626053,0.09138356149196625,0.9629999995231628,0.9574999809265137
YLR193C,YGR172C,0,-3.8628533,0.09137489646673203,0.9629999995231628,0.9575999975204468
YOR067C,YGR135W,0,-3.8631194,0.0913662239909172,0.9629999995231628,0.9577000141143799
YNL117W,YFL045C,0,-3.8633838,0.09135755896568298,0.9629999995231628,0.9577999711036682
YPL046C,YOR115C,0,-3.863466,0.09134888648986816,0.9629999995231628,0.9578999876976013
YMR049C,YNL036W,0,-3.863495,0.09134022891521454,0.9629999995231628,0.9580000042915344
YPR155C,YGL030W,0,-3.863713,0.09133156388998032,0.9629999995231628,0.9581000208854675
YKL062W,YGL111W,0,-3.863826,0.0913228988647461,0.9629999995231628,0.9581999778747559
YDR418W,YOL138C,1,-3.864165,0.09140906482934952,0.9639999866485596,0.9581999778747559
YDL099W,YDR284C,0,-3.8644907,0.0914003998041153,0.9639999866485596,0.958299994468689
YDL093W,YML007W,0,-3.8647196,0.09139173477888107,0.9639999866485596,0.9584000110626221
YNR057C,YPR108W,0,-3.864823,0.09138306975364685,0.9639999866485596,0.9585000276565552
YMR056C,YJL080C,0,-3.8648822,0.09137440472841263,0.9639999866485596,0.9585999846458435
YLR193C,YPL019C,0,-3.8648987,0.091365747153759,0.9639999866485596,0.9587000012397766
YLR242C,YBL058W,1,-3.8649414,0.09145186096429825,0.9649999737739563,0.9587000012397766
YLR013W,YBR022W,0,-3.8649485,0.09144318848848343,0.9649999737739563,0.9588000178337097
YLR354C,YIL023C,0,-3.865143,0.0914345309138298,0.9649999737739563,0.958899974822998
YIR009W,YLR447C,0,-3.8656766,0.09142586588859558,0.9649999737739563,0.9589999914169312
YBR185C,YOR229W,0,-3.865865,0.09141720086336136,0.9649999737739563,0.9591000080108643
YOR011W,YKL005C,0,-3.8666327,0.09140854328870773,0.9649999737739563,0.9592000246047974
YGL201C,YOL147C,0,-3.867008,0.09139988571405411,0.9649999737739563,0.9592999815940857
YJL117W,YGL045W,0,-3.8674884,0.09139122813940048,0.9649999737739563,0.9593999981880188
YPL169C,YFR033C,0,-3.8679686,0.09138257801532745,0.9649999737739563,0.9595000147819519
YER068W,YPL144W,1,-3.8684974,0.09146860986948013,0.9660000205039978,0.9595000147819519
YAL033W,YJL166W,0,-3.8685567,0.09145995229482651,0.9660000205039978,0.9595999717712402
YML031W,YLR362W,0,-3.8697028,0.09145129472017288,0.9660000205039978,0.9596999883651733
YAL055W,YER031C,0,-3.8699725,0.09144263714551926,0.9660000205039978,0.9598000049591064
YDR303C,YDL015C,0,-3.8702898,0.09143397957086563,0.9660000205039978,0.9599000215530396
YDR099W,YDR527W,0,-3.871057,0.0914253294467926,0.9660000205039978,0.9599999785423279
YGR200C,YOR089C,0,-3.871353,0.09141667187213898,0.9660000205039978,0.960099995136261
YDL056W,YPL050C,0,-3.8719718,0.09140802174806595,0.9660000205039978,0.9602000117301941
YNL003C,YBR192W,0,-3.8720381,0.09139937907457352,0.9660000205039978,0.9603000283241272
YML126C,YHR066W,0,-3.8722255,0.09139072895050049,0.9660000205039978,0.9603999853134155
YHR148W,YGL229C,0,-3.8724554,0.09138208627700806,0.9660000205039978,0.9605000019073486
YOR040W,YMR080C,1,-3.8727582,0.09146802872419357,0.9670000076293945,0.9605000019073486
YHR123W,YMR311C,0,-3.87279,0.09145937860012054,0.9670000076293945,0.9606000185012817
YFR009W,YIL112W,0,-3.8730536,0.09145072847604752,0.9670000076293945,0.9606999754905701
YDR258C,YPL243W,0,-3.8732162,0.09144207835197449,0.9670000076293945,0.9607999920845032
YOL051W,YNL246W,1,-3.87338,0.09152799099683762,0.9679999947547913,0.9607999920845032
YNL055C,YPL232W,0,-3.8738143,0.09151933342218399,0.9679999947547913,0.9609000086784363
YOR002W,YDL236W,0,-3.8740125,0.09151068329811096,0.9679999947547913,0.9610000252723694
YMR229C,YGR248W,0,-3.8743474,0.09150203317403793,0.9679999947547913,0.9610999822616577
YEL024W,YKL080W,0,-3.8745637,0.0914933830499649,0.9679999947547913,0.9611999988555908
YKL197C,YNL244C,0,-3.8748915,0.09148474037647247,0.9679999947547913,0.9613000154495239
YOR117W,YNL049C,0,-3.8751996,0.09147609025239944,0.9679999947547913,0.9613999724388123
YJL208C,YIL101C,0,-3.875642,0.09146744757890701,0.9679999947547913,0.9614999890327454
YDR022C,YGL211W,0,-3.8760798,0.09145880490541458,0.9679999947547913,0.9616000056266785
YIL049W,YIL021W,0,-3.8761137,0.09145016223192215,0.9679999947547913,0.9617000222206116
YJL014W,YGR191W,0,-3.876129,0.09144152700901031,0.9679999947547913,0.9617999792098999
YGR167W,YHR068W,0,-3.8771806,0.09143289178609848,0.9679999947547913,0.961899995803833
YDL013W,YJL140W,1,-3.8772008,0.09151870012283325,0.968999981880188,0.961899995803833
YML086C,YIL132C,0,-3.8773808,0.09151005744934082,0.968999981880188,0.9620000123977661
YPL178W,YOL061W,1,-3.8775022,0.0915958434343338,0.9700000286102295,0.9620000123977661
YJR121W,YGR140W,0,-3.8781068,0.09158719331026077,0.9700000286102295,0.9621000289916992
YNR026C,YNL093W,0,-3.8785927,0.09157855063676834,0.9700000286102295,0.9621999859809875
YKL190W,YPL270W,0,-3.878613,0.09156990796327591,0.9700000286102295,0.9623000025749207
YKL149C,YMR236W,0,-3.878623,0.09156125783920288,0.9700000286102295,0.9624000191688538
YDR202C,YOR340C,0,-3.8789957,0.09155262261629105,0.9700000286102295,0.9624999761581421
YDR384C,YBL040C,0,-3.8792875,0.09154397994279861,0.9700000286102295,0.9625999927520752
YDR021W,YOR320C,0,-3.8793032,0.09153533726930618,0.9700000286102295,0.9627000093460083
YDL175C,YMR054W,0,-3.8794518,0.09152670204639435,0.9700000286102295,0.9628000259399414
YBL078C,YGR078C,0,-3.8796608,0.09151806682348251,0.9700000286102295,0.9628999829292297
YGL119W,YJR077C,0,-3.8798015,0.09150943160057068,0.9700000286102295,0.9629999995231628
YOR002W,YDL043C,0,-3.8802974,0.09150080382823944,0.9700000286102295,0.963100016117096
YPL100W,YJR070C,0,-3.8803623,0.0914921686053276,0.9700000286102295,0.9631999731063843
YPL058C,YIL109C,0,-3.8804266,0.09148354083299637,0.9700000286102295,0.9632999897003174
YBR260C,YMR182C,0,-3.8815043,0.09147491306066513,0.9700000286102295,0.9634000062942505
YNL098C,YBR130C,0,-3.881799,0.09146629273891449,0.9700000286102295,0.9635000228881836
YHR043C,YOR281C,0,-3.8818777,0.09145766496658325,0.9700000286102295,0.9635999798774719
YLR295C,YDR480W,0,-3.8821938,0.09144904464483261,0.9700000286102295,0.963699996471405
YOR120W,YML093W,0,-3.8826659,0.09144042432308197,0.9700000286102295,0.9638000130653381
YAL005C,YEL051W,0,-3.8827817,0.09143180400133133,0.9700000286102295,0.9639000296592712
YBR036C,YOR143C,0,-3.8830104,0.09142318367958069,0.9700000286102295,0.9639999866485596
YFR052W,YDR429C,0,-3.8834257,0.09141457080841064,0.9700000286102295,0.9641000032424927
YMR311C,YPL126W,0,-3.8835146,0.0914059579372406,0.9700000286102295,0.9642000198364258
YKL046C,YNR046W,0,-3.8835924,0.09139734506607056,0.9700000286102295,0.9642999768257141
YJL065C,YFL013C,0,-3.8836577,0.09138873219490051,0.9700000286102295,0.9643999934196472
YPL258C,YEL051W,0,-3.8837426,0.09138011932373047,0.9700000286102295,0.9645000100135803
YER143W,YBR143C,0,-3.883982,0.09137151390314102,0.9700000286102295,0.9646000266075134
YIL040W,YBR273C,0,-3.8843548,0.09136290848255157,0.9700000286102295,0.9646999835968018
YDL188C,YDR412W,0,-3.8844118,0.09135430306196213,0.9700000286102295,0.9648000001907349
YOR085W,YPL147W,0,-3.88468,0.09134569764137268,0.9700000286102295,0.964900016784668
YPR023C,YMR277W,0,-3.884814,0.09133709967136383,0.9700000286102295,0.9649999737739563
YKL012W,YDR314C,0,-3.8849602,0.09132850170135498,0.9700000286102295,0.9650999903678894
YNL071W,YEL037C,0,-3.8850338,0.09131990373134613,0.9700000286102295,0.9652000069618225
YIL021W,YMR313C,0,-3.8850563,0.09131130576133728,0.9700000286102295,0.9653000235557556
YEL009C,YOR254C,0,-3.8859706,0.09130270779132843,0.9700000286102295,0.965399980545044
YIL062C,YOR207C,0,-3.8875866,0.09129411727190018,0.9700000286102295,0.965499997138977
YDR480W,YNL177C,0,-3.8881006,0.09128552675247192,0.9700000286102295,0.9656000137329102
YJR094C,YDR439W,0,-3.8882904,0.09127693623304367,0.9700000286102295,0.9656999707221985
YBL045C,YDL014W,0,-3.889127,0.09126834571361542,0.9700000286102295,0.9657999873161316
YOL060C,YHR196W,0,-3.8892357,0.09125976264476776,0.9700000286102295,0.9659000039100647
YKR036C,YDR284C,0,-3.8894427,0.0912511795759201,0.9700000286102295,0.9660000205039978
YCR098C,YDR071C,0,-3.8895965,0.09124258905649185,0.9700000286102295,0.9660999774932861
YOR181W,YLR448W,0,-3.8900087,0.09123401343822479,0.9700000286102295,0.9661999940872192
YML060W,YOL138C,1,-3.8903787,0.0913194790482521,0.9710000157356262,0.9661999940872192
YPR032W,YJR044C,0,-3.8908937,0.09131088852882385,0.9710000157356262,0.9663000106811523
YDL081C,YHR139C,1,-3.8909566,0.09139633178710938,0.972000002861023,0.9663000106811523
YKL150W,YIR002C,0,-3.8918128,0.09138774126768112,0.972000002861023,0.9664000272750854
YOR284W,YKR042W,0,-3.8919692,0.09137915074825287,0.972000002861023,0.9664999842643738
YGR191W,YPL209C,0,-3.8921144,0.09137056022882462,0.972000002861023,0.9666000008583069
YOR094W,YER088C,0,-3.892273,0.09136196970939636,0.972000002861023,0.96670001745224
YIL149C,YPL274W,0,-3.8930004,0.0913533866405487,0.972000002861023,0.9667999744415283
YEL009C,YIL105C,0,-3.8932478,0.09134479612112045,0.972000002861023,0.9668999910354614
YLR347C,YGR193C,0,-3.8932593,0.0913362130522728,0.972000002861023,0.9670000076293945
YLL034C,YER018C,0,-3.8933923,0.09132762998342514,0.972000002861023,0.9671000242233276
YKL212W,YKL034W,0,-3.8936684,0.09131905436515808,0.972000002861023,0.967199981212616
YDR423C,YDR341C,0,-3.8937888,0.09131047129631042,0.972000002861023,0.9672999978065491
YMR188C,YDR129C,0,-3.8941262,0.09130189567804337,0.972000002861023,0.9674000144004822
YOR209C,YPL214C,0,-3.8946202,0.0912933200597763,0.972000002861023,0.9674999713897705
YNL275W,YKL062W,0,-3.8946588,0.09128475189208984,0.972000002861023,0.9675999879837036
YOR136W,YCL031C,0,-3.8950975,0.09127617627382278,0.972000002861023,0.9677000045776367
YDL019C,YGL014W,0,-3.8960245,0.09126760810613632,0.972000002861023,0.9678000211715698
YDR447C,YHR021C,1,-3.8966887,0.0913529247045517,0.9729999899864197,0.9678000211715698
YOR038C,YKL062W,0,-3.89671,0.09134434908628464,0.9729999899864197,0.9678999781608582
YGL223C,YNL121C,0,-3.8968768,0.09133577346801758,0.9729999899864197,0.9679999947547913
YOL088C,YJL019W,0,-3.8970451,0.09132719784975052,0.9729999899864197,0.9681000113487244
YDR511W,YLL043W,0,-3.8970857,0.09131862968206406,0.9729999899864197,0.9682000279426575
YJL073W,YPL214C,0,-3.8971715,0.0913100615143776,0.9729999899864197,0.9682999849319458
YOR109W,YNL244C,0,-3.8972101,0.09130149334669113,0.9729999899864197,0.9684000015258789
YDL137W,YLR075W,0,-3.8981857,0.09129292517900467,0.9729999899864197,0.968500018119812
YEL042W,YGR002C,0,-3.8983095,0.0912843570113182,0.9729999899864197,0.9685999751091003
YBL023C,YJR049C,0,-3.89868,0.09127579629421234,0.9729999899864197,0.9686999917030334
YNL009W,YMR129W,0,-3.898725,0.09126723557710648,0.9729999899864197,0.9688000082969666
YER112W,YMR139W,0,-3.898767,0.09125867486000061,0.9729999899864197,0.9689000248908997
YPR135W,YOL040C,0,-3.8996146,0.09125011414289474,0.9729999899864197,0.968999981880188
YJL210W,YBR095C,0,-3.8998792,0.09124156087636948,0.9729999899864197,0.9690999984741211
YNL117W,YMR022W,0,-3.899902,0.09123300760984421,0.9729999899864197,0.9692000150680542
YDL045C,YBR055C,0,-3.900113,0.09122445434331894,0.9729999899864197,0.9692999720573425
YJR001W,YGR254W,0,-3.9002507,0.09121590107679367,0.9729999899864197,0.9693999886512756
YKL172W,YNL173C,0,-3.900698,0.0912073478102684,0.9729999899864197,0.9695000052452087
YGR163W,YKL009W,1,-3.901068,0.09129253029823303,0.9739999771118164,0.9695000052452087
YLR051C,YOL147C,0,-3.9011295,0.09128397703170776,0.9739999771118164,0.9696000218391418
YIL007C,YDR045C,0,-3.9021242,0.0912754163146019,0.9739999771118164,0.9696999788284302
YJR033C,YOL124C,0,-3.9026153,0.09126686304807663,0.9739999771118164,0.9697999954223633
YMR119W,YMR100W,0,-3.9028847,0.09125831723213196,0.9739999771118164,0.9699000120162964
YIL019W,YNL098C,0,-3.9030035,0.09124976396560669,0.9739999771118164,0.9700000286102295
YOL026C,YIL118W,0,-3.9031641,0.09124121814966202,0.9739999771118164,0.9700999855995178
YER035W,YOR232W,0,-3.9032865,0.09123267233371735,0.9739999771118164,0.9702000021934509
YDR251W,YOR004W,0,-3.9036455,0.09122412651777267,0.9739999771118164,0.970300018787384
YDL046W,YPL237W,0,-3.9037075,0.091215580701828,0.9739999771118164,0.9703999757766724
YOR067C,YGR129W,0,-3.903931,0.09120704233646393,0.9739999771118164,0.9704999923706055
YIL098C,YGR172C,0,-3.90394,0.09119850397109985,0.9739999771118164,0.9706000089645386
YGR244C,YBR165W,0,-3.9042892,0.09118996560573578,0.9739999771118164,0.9707000255584717
YPR023C,YLR403W,0,-3.9050407,0.0911814272403717,0.9739999771118164,0.97079998254776
YDL137W,YOR106W,0,-3.9055996,0.09117288887500763,0.9739999771118164,0.9708999991416931
YJL052W,YPR056W,0,-3.9060287,0.09116435796022415,0.9739999771118164,0.9710000157356262
YER127W,YHL028W,0,-3.9070952,0.09115582704544067,0.9739999771118164,0.9710999727249146
YHR181W,YGR046W,0,-3.907422,0.0911472961306572,0.9739999771118164,0.9711999893188477
YNR016C,YNL293W,0,-3.9078076,0.09113876521587372,0.9739999771118164,0.9713000059127808
YPR165W,YIL063C,0,-3.9083595,0.09113024175167084,0.9739999771118164,0.9714000225067139
YOR036W,YPL012W,0,-3.9086835,0.09112171083688736,0.9739999771118164,0.9714999794960022
YLR231C,YIR009W,0,-3.9096034,0.09111318737268448,0.9739999771118164,0.9715999960899353
YFR030W,YPR100W,0,-3.9096806,0.0911046639084816,0.9739999771118164,0.9717000126838684
YGL142C,YOL026C,0,-3.9101176,0.09109614789485931,0.9739999771118164,0.9718000292778015
YHR116W,YLL035W,0,-3.9105976,0.09108762443065643,0.9739999771118164,0.9718999862670898
YLL042C,YGL150C,0,-3.910691,0.09107910841703415,0.9739999771118164,0.972000002861023
YOR173W,YGR185C,0,-3.9106944,0.09107059240341187,0.9739999771118164,0.972100019454956
YBL045C,YOR115C,0,-3.9115038,0.09106207638978958,0.9739999771118164,0.9721999764442444
YBR077C,YMR260C,0,-3.9117594,0.0910535678267479,0.9739999771118164,0.9722999930381775
YHR194W,YLR448W,0,-3.9118762,0.09104505181312561,0.9739999771118164,0.9724000096321106
YOR316C,YGR195W,0,-3.912388,0.09103654325008392,0.9739999771118164,0.9725000262260437
YDL197C,YBR205W,0,-3.9124024,0.09102803468704224,0.9739999771118164,0.972599983215332
YDR494W,YDR341C,0,-3.9126303,0.09101953357458115,0.9739999771118164,0.9726999998092651
YLR291C,YLR425W,0,-3.9128163,0.09101102501153946,0.9739999771118164,0.9728000164031982
YOL077C,YOR363C,0,-3.9128942,0.09100252389907837,0.9739999771118164,0.9728999733924866
YKR066C,YDR225W,0,-3.913468,0.09099402278661728,0.9739999771118164,0.9729999899864197
YAL012W,YML052W,0,-3.9143977,0.09098552167415619,0.9739999771118164,0.9731000065803528
YPR056W,YLR193C,0,-3.9149094,0.0909770205616951,0.9739999771118164,0.9732000231742859
YBL078C,YML046W,0,-3.9149718,0.0909685268998146,0.9739999771118164,0.9732999801635742
YLR304C,YBL050W,0,-3.9149728,0.09096003323793411,0.9739999771118164,0.9733999967575073
YHR068W,YNL097C,0,-3.916089,0.09095153957605362,0.9739999771118164,0.9735000133514404
YKR026C,YNR031C,0,-3.916197,0.09094304591417313,0.9739999771118164,0.9735999703407288
YDR123C,YDR177W,0,-3.9164026,0.09093455225229263,0.9739999771118164,0.9736999869346619
YNR027W,YDR059C,0,-3.9164884,0.09092606604099274,0.9739999771118164,0.973800003528595
YKL135C,YER006W,0,-3.9166534,0.09091757982969284,0.9739999771118164,0.9739000201225281
YNL062C,YOL147C,0,-3.9169545,0.09090909361839294,0.9739999771118164,0.9739999771118164
YMR023C,YIL016W,0,-3.9170191,0.09090060740709305,0.9739999771118164,0.9740999937057495
YHR085W,YMR088C,0,-3.918067,0.09089212119579315,0.9739999771118164,0.9742000102996826
YLR270W,YMR212C,0,-3.9186249,0.09088364243507385,0.9739999771118164,0.9743000268936157
YGL166W,YEL015W,0,-3.9186728,0.09087516367435455,0.9739999771118164,0.974399983882904
YOR095C,YAL030W,0,-3.919294,0.09086668491363525,0.9739999771118164,0.9745000004768372
YJL008C,YNR047W,0,-3.9193215,0.09085820615291595,0.9739999771118164,0.9746000170707703
YHR191C,YKL054C,1,-3.9200726,0.09094300866127014,0.9750000238418579,0.9746000170707703
YER015W,YBL023C,0,-3.920224,0.09093452990055084,0.9750000238418579,0.9746999740600586
YJL033W,YLR006C,0,-3.9211218,0.09092604368925095,0.9750000238418579,0.9747999906539917
YLR100W,YER146W,0,-3.9211278,0.09091756492853165,0.9750000238418579,0.9749000072479248
YPL254W,YPL002C,1,-3.9214513,0.09100233018398285,0.9760000109672546,0.9749000072479248
YJR069C,YIR037W,0,-3.9215512,0.09099384397268295,0.9760000109672546,0.9750000238418579
YNL123W,YML025C,0,-3.9223201,0.09098536521196365,0.9760000109672546,0.9750999808311462
YOL071W,YCR035C,0,-3.9224446,0.09097688645124435,0.9760000109672546,0.9751999974250793
YNR007C,YPR144C,0,-3.9225235,0.09096840023994446,0.9760000109672546,0.9753000140190125
YLR201C,YGR278W,0,-3.922566,0.09095992892980576,0.9760000109672546,0.9753999710083008
YPR023C,YMR112C,0,-3.9229343,0.09095145016908646,0.9760000109672546,0.9754999876022339
YER126C,YOR014W,0,-3.923213,0.09094297140836716,0.9760000109672546,0.975600004196167
YGL142C,YDL208W,0,-3.9236934,0.09093450009822845,0.9760000109672546,0.9757000207901001
YNL182C,YFL016C,0,-3.9238646,0.09092602878808975,0.9760000109672546,0.9757999777793884
YHR041C,YDR443C,1,-3.9241064,0.09101071208715439,0.9769999980926514,0.9757999777793884
YCR075C,YLR068W,0,-3.92414,0.09100223332643509,0.9769999980926514,0.9758999943733215
YPL086C,YGL038C,0,-3.9252908,0.09099376201629639,0.9769999980926514,0.9760000109672546
YNL219C,YDL235C,0,-3.9259384,0.09098528325557709,0.9769999980926514,0.9761000275611877
YGL180W,YHR143W-A,0,-3.9269245,0.09097681194543839,0.9769999980926514,0.9761999845504761
YHR186C,YNL055C,0,-3.92697,0.09096834063529968,0.9769999980926514,0.9763000011444092
YOR067C,YDL126C,0,-3.9278662,0.09095987677574158,0.9769999980926514,0.9764000177383423
YIL142W,YOR005C,0,-3.929027,0.09095140546560287,0.9769999980926514,0.9764999747276306
YOR386W,YML093W,0,-3.9292176,0.09094294160604477,0.9769999980926514,0.9765999913215637
YGL086W,YMR026C,0,-3.930147,0.09093447774648666,0.9769999980926514,0.9767000079154968
YOL082W,YNL112W,0,-3.9302146,0.09092601388692856,0.9769999980926514,0.9768000245094299
YBR131W,YLR069C,0,-3.9303985,0.09091755002737045,0.9769999980926514,0.9768999814987183
YKL021C,YEL024W,0,-3.9312508,0.09090909361839294,0.9769999980926514,0.9769999980926514
YAL044C,YMR186W,1,-3.9316072,0.09099367260932922,0.9779999852180481,0.9769999980926514
YER168C,YBL030C,0,-3.9318998,0.09098520874977112,0.9779999852180481,0.9771000146865845
YDL078C,YKL081W,0,-3.9320424,0.09097674489021301,0.9779999852180481,0.9771999716758728
YOL142W,YDR470C,0,-3.9326668,0.09096828103065491,0.9779999852180481,0.9772999882698059
YPL274W,YPL232W,0,-3.933746,0.0909598246216774,0.9779999852180481,0.977400004863739
YOR249C,YPR182W,0,-3.9337738,0.0909513607621193,0.9779999852180481,0.9775000214576721
YGR238C,YKL119C,0,-3.9342415,0.09094290435314178,0.9779999852180481,0.9775999784469604
YAL059W,YFR029W,0,-3.9344494,0.09093444794416428,0.9779999852180481,0.9776999950408936
YJL100W,YDR194C,0,-3.9347594,0.09092599153518677,0.9779999852180481,0.9778000116348267
YNR001C,YKR062W,0,-3.9353957,0.09091754257678986,0.9779999852180481,0.9779000282287598
YKR076W,YBL039C,0,-3.935724,0.09090909361839294,0.9779999852180481,0.9779999852180481
YJL052W,YKL214C,0,-3.9358666,0.09090064465999603,0.9779999852180481,0.9781000018119812
YOR372C,YBR273C,0,-3.9364932,0.09089219570159912,0.9779999852180481,0.9782000184059143
YHR041C,YOR043W,1,-3.937404,0.09097667783498764,0.9789999723434448,0.9782000184059143
YBR091C,YML013W,0,-3.938981,0.09096822142601013,0.9789999723434448,0.9782999753952026
YOR149C,YDR103W,0,-3.9398534,0.09095977246761322,0.9789999723434448,0.9783999919891357
YDR069C,YHR167W,1,-3.9402902,0.09104422479867935,0.9800000190734863,0.9783999919891357
YDL159W,YDL015C,0,-3.9407997,0.09103576093912125,0.9800000190734863,0.9785000085830688
YNL055C,YPL122C,0,-3.941195,0.09102730453014374,0.9800000190734863,0.978600025177002
YLR219W,YDR341C,0,-3.9426382,0.09101885557174683,0.9800000190734863,0.9786999821662903
YDR165W,YEL041W,0,-3.9427238,0.09101039916276932,0.9800000190734863,0.9787999987602234
YCR033W,YGL097W,0,-3.9427855,0.0910019502043724,0.9800000190734863,0.9789000153541565
YHR111W,YLR193C,0,-3.942849,0.0909935012459755,0.9800000190734863,0.9789999723434448
YBR102C,YML058W,0,-3.94299,0.09098505228757858,0.9800000190734863,0.9790999889373779
YML093W,YEL041W,0,-3.9433265,0.09097660332918167,0.9800000190734863,0.979200005531311
YER154W,YDR183W,0,-3.9435976,0.09096816182136536,0.9800000190734863,0.9793000221252441
YCR020C-A,YOR043W,1,-3.944284,0.09105253219604492,0.9810000061988831,0.9793000221252441
YJL146W,YGR002C,0,-3.944723,0.09104408323764801,0.9810000061988831,0.9793999791145325
YBL033C,YGL097W,0,-3.9451783,0.0910356342792511,0.9810000061988831,0.9794999957084656
YGR074W,YKL035W,0,-3.945421,0.09102718532085419,0.9810000061988831,0.9796000123023987
YIL079C,YOR386W,0,-3.945639,0.09101874381303787,0.9810000061988831,0.9797000288963318
YML080W,YOR120W,0,-3.945999,0.09101029485464096,0.9810000061988831,0.9797999858856201
YDL148C,YNL003C,0,-3.946393,0.09100185334682465,0.9810000061988831,0.9799000024795532
YLL050C,YJR093C,0,-3.9465616,0.09099341183900833,0.9810000061988831,0.9800000190734863
YLR105C,YNL138W,0,-3.9477427,0.09098497778177261,0.9810000061988831,0.9800999760627747
YLR102C,YER006W,0,-3.949376,0.0909765362739563,0.9810000061988831,0.9801999926567078
YPL170W,YCL054W,0,-3.949387,0.09096810221672058,0.9810000061988831,0.9803000092506409
YAL041W,YOL147C,0,-3.9494689,0.09095966815948486,0.9810000061988831,0.980400025844574
YMR312W,YLR206W,0,-3.9501019,0.09095123410224915,0.9810000061988831,0.9804999828338623
YDL192W,YIL036W,1,-3.9509685,0.09103550761938095,0.9819999933242798,0.9804999828338623
YDR022C,YLR196W,0,-3.9512498,0.09102706611156464,0.9819999933242798,0.9805999994277954
YLL001W,YMR128W,0,-3.9521158,0.09101863205432892,0.9819999933242798,0.9807000160217285
YDR036C,YLR409C,0,-3.952225,0.0910101979970932,0.9819999933242798,0.9807999730110168
YLR015W,YOL020W,1,-3.9526432,0.09109443426132202,0.9829999804496765,0.9807999730110168
YMR100W,YGR063C,0,-3.9528828,0.0910859927535057,0.9829999804496765,0.98089998960495
YJL198W,YHR016C,0,-3.9532397,0.09107755124568939,0.9829999804496765,0.9810000061988831
YHR052W,YBR273C,0,-3.9533865,0.09106910973787308,0.9829999804496765,0.9811000227928162
YGL084C,YPL106C,1,-3.9534967,0.09115330874919891,0.984000027179718,0.9811000227928162
YDR456W,YPL012W,0,-3.9535375,0.0911448672413826,0.984000027179718,0.9811999797821045
YPL160W,YPL091W,0,-3.9545214,0.09113642573356628,0.984000027179718,0.9812999963760376
YBR165W,YEL013W,0,-3.9549603,0.09112798422574997,0.984000027179718,0.9814000129699707
YOR157C,YDR341C,0,-3.9575896,0.09111955016851425,0.984000027179718,0.9815000295639038
YDR511W,YBR155W,0,-3.9583762,0.09111110866069794,0.984000027179718,0.9815999865531921
YKL110C,YGR132C,0,-3.9585826,0.09110267460346222,0.984000027179718,0.9817000031471252
YLR078C,YOR299W,0,-3.9593408,0.0910942405462265,0.984000027179718,0.9818000197410583
YLR074C,YOR137C,0,-3.9600503,0.09108580648899078,0.984000027179718,0.9818999767303467
YPL154C,YNL282W,0,-3.9605541,0.09107737988233566,0.984000027179718,0.9819999933242798
YOR038C,YPR067W,0,-3.9605856,0.09106895327568054,0.984000027179718,0.9821000099182129
YNR007C,YIL008W,0,-3.9610655,0.09106051921844482,0.984000027179718,0.982200026512146
YNR007C,YPR112C,0,-3.9617608,0.0910520926117897,0.984000027179718,0.9822999835014343
YLR354C,YGR128C,0,-3.9625685,0.09104367345571518,0.984000027179718,0.9824000000953674
YER143W,YNL061W,0,-3.9626462,0.09103524684906006,0.984000027179718,0.9825000166893005
YKL170W,YPL106C,1,-3.9628274,0.09111933410167694,0.9850000143051147,0.9825000166893005
YLR144C,YOL149W,0,-3.9630983,0.09111090749502182,0.9850000143051147,0.9825999736785889
YOR377W,YOL147C,0,-3.9637573,0.0911024808883667,0.9850000143051147,0.982699990272522
YGL078C,YNL015W,0,-3.9645786,0.09109405428171158,0.9850000143051147,0.9828000068664551
YDR421W,YJR007W,0,-3.9645865,0.09108562767505646,0.9850000143051147,0.9829000234603882
YDR421W,YKR062W,0,-3.96507,0.09107720851898193,0.9850000143051147,0.9829999804496765
YKL064W,YGR162W,0,-3.9653432,0.09106878936290741,0.9850000143051147,0.9830999970436096
YLR028C,YBR130C,0,-3.9663923,0.09106037020683289,0.9850000143051147,0.9832000136375427
YLL036C,YOL110W,0,-3.9669385,0.09105195105075836,0.9850000143051147,0.983299970626831
YLR270W,YNL123W,0,-3.968507,0.09104353189468384,0.9850000143051147,0.9833999872207642
YHR190W,YDR158W,0,-3.969555,0.09103512018918991,0.9850000143051147,0.9835000038146973
YAR002W,YIL042C,1,-3.969645,0.09111911803483963,0.9860000014305115,0.9835000038146973
YNR035C,YBR257W,0,-3.9698336,0.0911106988787651,0.9860000014305115,0.9836000204086304
YGR152C,YDR129C,0,-3.97069,0.09110227972269058,0.9860000014305115,0.9836999773979187
YPL218W,YDR311W,0,-3.9709742,0.09109386801719666,0.9860000014305115,0.9837999939918518
YIL033C,YHR052W,0,-3.9740674,0.09108544886112213,0.9860000014305115,0.9839000105857849
YDR494W,YGR185C,0,-3.9741395,0.0910770371556282,0.9860000014305115,0.984000027179718
YPL178W,YGL136C,1,-3.9748635,0.09116098284721375,0.9869999885559082,0.984000027179718
YKL146W,YDR312W,0,-3.976565,0.09115257114171982,0.9869999885559082,0.9840999841690063
YML073C,YDL007W,0,-3.9775646,0.0911441519856453,0.9869999885559082,0.9842000007629395
YGR193C,YLR221C,0,-3.9789252,0.09113573282957077,0.9869999885559082,0.9843000173568726
YJR121W,YDR311W,0,-3.9806035,0.09112732112407684,0.9869999885559082,0.9843999743461609
YKL034W,YGR241C,0,-3.9814355,0.09111890941858292,0.9869999885559082,0.984499990940094
YGL143C,YLR409C,0,-3.9815357,0.09111049771308899,0.9869999885559082,0.9846000075340271
YMR081C,YNL290W,0,-3.9823568,0.09110208600759506,0.9869999885559082,0.9847000241279602
YMR201C,YKL056C,0,-3.9829504,0.09109367430210114,0.9869999885559082,0.9847999811172485
YGR256W,YER146W,0,-3.9842198,0.0910852700471878,0.9869999885559082,0.9848999977111816
YJR105W,YJL140W,1,-3.9863703,0.09116914123296738,0.9879999756813049,0.9848999977111816
YLR342W,YER021W,0,-3.986881,0.09116072952747345,0.9879999756813049,0.9850000143051147
YHR001W-A,YMR039C,0,-3.9880154,0.09115231782197952,0.9879999756813049,0.9850999712944031
YBL045C,YGL030W,0,-3.989802,0.09114391356706619,0.9879999756813049,0.9851999878883362
YGL084C,YPL213W,1,-3.9905522,0.09122774749994278,0.9890000224113464,0.9851999878883362
YNL161W,YOL026C,0,-3.9911172,0.09121933579444885,0.9890000224113464,0.9853000044822693
YDL088C,YPL154C,0,-3.9916427,0.09121091663837433,0.9890000224113464,0.9854000210762024
YGL223C,YDL046W,0,-3.9926927,0.0912025049328804,0.9890000224113464,0.9854999780654907
YOR011W,YGL191W,0,-3.993046,0.09119410067796707,0.9890000224113464,0.9855999946594238
YLR295C,YMR298W,0,-3.9946463,0.09118568897247314,0.9890000224113464,0.9857000112533569
YFR004W,YGR074W,0,-3.995608,0.09117728471755981,0.9890000224113464,0.98580002784729
YLR397C,YLR206W,0,-3.997115,0.09116888046264648,0.9890000224113464,0.9858999848365784
YHR050W,YKL056C,0,-3.9997933,0.09116047620773315,0.9890000224113464,0.9860000014305115
YBL105C,YPR110C,0,-3.9998262,0.09115207195281982,0.9890000224113464,0.9861000180244446
YNR046W,YDR470C,0,-4.0005713,0.09114367514848709,0.9890000224113464,0.9861999750137329
YCR033W,YLR043C,0,-4.0009546,0.09113527089357376,0.9890000224113464,0.986299991607666
YDR162C,YKL034W,0,-4.001677,0.09112687408924103,0.9890000224113464,0.9864000082015991
YMR186W,YDR447C,1,-4.001811,0.09121061116456985,0.9900000095367432,0.9864000082015991
YLR220W,YDL143W,0,-4.0019393,0.09120221436023712,0.9900000095367432,0.9865000247955322
YDL051W,YML120C,0,-4.002728,0.09119381010532379,0.9900000095367432,0.9865999817848206
YNL293W,YPL131W,0,-4.0030503,0.09118541330099106,0.9900000095367432,0.9866999983787537
YDL051W,YJR004C,0,-4.003372,0.09117700904607773,0.9900000095367432,0.9868000149726868
YNL073W,YKL014C,0,-4.003949,0.091168612241745,0.9900000095367432,0.9868999719619751
YGL180W,YML080W,0,-4.005129,0.09116022288799286,0.9900000095367432,0.9869999885559082
YOL045W,YDR494W,0,-4.0065722,0.09115182608366013,0.9900000095367432,0.9871000051498413
YLL019C,YJL198W,0,-4.0070734,0.09114343672990799,0.9900000095367432,0.9872000217437744
YDL137W,YKL110C,0,-4.0071297,0.09113504737615585,0.9900000095367432,0.9872999787330627
YGL016W,YOR036W,0,-4.0081854,0.09112665802240372,0.9900000095367432,0.9873999953269958
YJL052W,YNL044W,0,-4.009269,0.09111826866865158,0.9900000095367432,0.987500011920929
YFL039C,YDR110W,0,-4.0095096,0.09110988676548004,0.9900000095367432,0.9876000285148621
YDR231C,YMR308C,0,-4.0100756,0.0911014974117279,0.9900000095367432,0.9876999855041504
YBR039W,YGR191W,0,-4.0105944,0.09109311550855637,0.9900000095367432,0.9878000020980835
YJR033C,YMR229C,0,-4.011681,0.09108473360538483,0.9900000095367432,0.9879000186920166
YPL043W,YJR033C,0,-4.0120873,0.09107635915279388,0.9900000095367432,0.9879999756813049
YGR152C,YMR302C,0,-4.012393,0.09106797724962234,0.9900000095367432,0.988099992275238
YOR150W,YMR039C,0,-4.0130873,0.0910596027970314,0.9900000095367432,0.9882000088691711
YGR129W,YLR354C,0,-4.013572,0.09105122834444046,0.9900000095367432,0.9883000254631042
YGR197C,YPL243W,0,-4.015712,0.09104285389184952,0.9900000095367432,0.9883999824523926
YGL087C,YIL008W,0,-4.016958,0.09103447943925858,0.9900000095367432,0.9884999990463257
YNL142W,YKL154W,0,-4.0171514,0.09102611243724823,0.9900000095367432,0.9886000156402588
YHR190W,YOR004W,0,-4.01905,0.09101774543523788,0.9900000095367432,0.9886999726295471
YML118W,YDR165W,0,-4.01951,0.09100937843322754,0.9900000095367432,0.9887999892234802
YLR220W,YGR195W,0,-4.022458,0.0910010114312172,0.9900000095367432,0.9889000058174133
YBR035C,YHR021C,1,-4.023608,0.0910845622420311,0.9909999966621399,0.9889000058174133
YDL078C,YDL014W,0,-4.023674,0.09107618778944016,0.9909999966621399,0.9890000224113464
YLR405W,YOL060C,0,-4.023898,0.09106782078742981,0.9909999966621399,0.9890999794006348
YDR110W,YMR030W,0,-4.024097,0.09105945378541946,0.9909999966621399,0.9891999959945679
YOR260W,YDL015C,0,-4.024237,0.09105108678340912,0.9909999966621399,0.989300012588501
YKL002W,YGR185C,0,-4.0243945,0.09104271978139877,0.9909999966621399,0.9894000291824341
YHL027W,YLR354C,0,-4.026761,0.09103435277938843,0.9909999966621399,0.9894999861717224
YGL003C,YCR020C-A,1,-4.027094,0.09111784398555756,0.9919999837875366,0.9894999861717224
YPL262W,YPR056W,0,-4.0278,0.09110947698354721,0.9919999837875366,0.9896000027656555
YPL031C,YJL140W,1,-4.0296726,0.09119294583797455,0.9929999709129333,0.9896000027656555
YOR216C,YGR141W,0,-4.029764,0.0911845713853836,0.9929999709129333,0.9897000193595886
YEL042W,YDR096W,0,-4.0300875,0.09117619693279266,0.9929999709129333,0.989799976348877
YLR246W,YLR022C,0,-4.0306664,0.09116782993078232,0.9929999709129333,0.9898999929428101
YOR245C,YDR165W,0,-4.0317307,0.09115946292877197,0.9929999709129333,0.9900000095367432
YKL135C,YKL099C,0,-4.0330763,0.09115109592676163,0.9929999709129333,0.9901000261306763
YDL175C,YGR132C,0,-4.033355,0.09114272892475128,0.9929999709129333,0.9901999831199646
YKL170W,YJL140W,1,-4.034534,0.09122613817453384,0.9940000176429749,0.9901999831199646
YDR158W,YDR279W,0,-4.039805,0.0912177637219429,0.9940000176429749,0.9902999997138977
YGR183C,YDL092W,0,-4.0401998,0.09120939671993256,0.9940000176429749,0.9904000163078308
YGL078C,YDL181W,0,-4.043403,0.09120102971792221,0.9940000176429749,0.9904999732971191
YDR513W,YPR137W,0,-4.0468984,0.09119266271591187,0.9940000176429749,0.9905999898910522
YDR456W,YPL043W,0,-4.0484743,0.09118429571390152,0.9940000176429749,0.9907000064849854
YPL084W,YPR132W,1,-4.049197,0.0912676602602005,0.9950000047683716,0.9907000064849854
YOR173W,YIL019W,0,-4.052078,0.09125928580760956,0.9950000047683716,0.9908000230789185
YNL261W,YLR354C,0,-4.052672,0.09125091880559921,0.9950000047683716,0.9908999800682068
YMR116C,YDL020C,1,-4.054369,0.0913342535495758,0.9959999918937683,0.9908999800682068
YOR354C,YDR341C,0,-4.055032,0.09132587909698486,0.9959999918937683,0.9909999966621399
YBR059C,YBR061C,0,-4.0552273,0.09131750464439392,0.9959999918937683,0.991100013256073
YOR002W,YGR195W,0,-4.0555553,0.09130913019180298,0.9959999918937683,0.9911999702453613
YER143W,YGR191W,0,-4.05674,0.09130076318979263,0.9959999918937683,0.9912999868392944
YPR093C,YJL006C,0,-4.0576367,0.09129238873720169,0.9959999918937683,0.9914000034332275
YPR023C,YLR384C,0,-4.060619,0.09128402173519135,0.9959999918937683,0.9915000200271606
YDR511W,YGR278W,0,-4.064534,0.0912756621837616,0.9959999918937683,0.991599977016449
YDL022W,YGL099W,0,-4.065027,0.09126729518175125,0.9959999918937683,0.9916999936103821
YDR312W,YKL035W,0,-4.065431,0.0912589356303215,0.9959999918937683,0.9918000102043152
YJR078W,YDR071C,0,-4.0655346,0.09125057607889175,0.9959999918937683,0.9919000267982483
YAL035W,YBL030C,0,-4.066057,0.091242216527462,0.9959999918937683,0.9919999837875366
YJL186W,YDR177W,0,-4.066289,0.09123385697603226,0.9959999918937683,0.9921000003814697
YBR243C,YDL200C,0,-4.0668335,0.09122549742460251,0.9959999918937683,0.9922000169754028
YBL052C,YJL052W,0,-4.067451,0.09121714532375336,0.9959999918937683,0.9922999739646912
YDR069C,YGL058W,1,-4.0674734,0.091300368309021,0.996999979019165,0.9922999739646912
YJR077C,YBR254C,0,-4.0689793,0.09129200875759125,0.996999979019165,0.9923999905586243
YOL064C,YDR177W,0,-4.069621,0.0912836492061615,0.996999979019165,0.9925000071525574
YOR039W,YNL199C,0,-4.069766,0.09127528965473175,0.996999979019165,0.9926000237464905
YBR024W,YDL112W,0,-4.0698586,0.0912669375538826,0.996999979019165,0.9926999807357788
YDR254W,YAL059W,0,-4.0699215,0.09125857800245285,0.996999979019165,0.9927999973297119
YIL014W,YNL149C,0,-4.070173,0.0912502259016037,0.996999979019165,0.992900013923645
YJL010C,YGL038C,0,-4.074159,0.09124188125133514,0.996999979019165,0.9929999709129333
YCR048W,YGR253C,0,-4.074201,0.09123352915048599,0.996999979019165,0.9930999875068665
YOL042W,YFL008W,0,-4.0758133,0.09122517704963684,0.996999979019165,0.9932000041007996
YGL078C,YHR008C,0,-4.0758486,0.09121683239936829,0.996999979019165,0.9933000206947327
YDR481C,YPR110C,0,-4.077571,0.09120848774909973,0.996999979019165,0.993399977684021
YNL248C,YNL241C,0,-4.0776186,0.09120014309883118,0.996999979019165,0.9934999942779541
YBR280C,YDR023W,0,-4.0811453,0.09119180589914322,0.996999979019165,0.9936000108718872
YFR014C,YIL061C,0,-4.0824847,0.09118346124887466,0.996999979019165,0.9937000274658203
YOL124C,YKL035W,0,-4.082816,0.0911751240491867,0.996999979019165,0.9937999844551086
YNL084C,YOR207C,0,-4.0847588,0.09116678684949875,0.996999979019165,0.9939000010490417
YNL230C,YBR185C,0,-4.091872,0.09115844964981079,0.996999979019165,0.9940000176429749
YML067C,YPL204W,0,-4.0921955,0.09115011990070343,0.996999979019165,0.9940999746322632
YOL108C,YCR053W,0,-4.093358,0.09114178270101547,0.996999979019165,0.9941999912261963
YDL226C,YKL034W,0,-4.0933986,0.09113345295190811,0.996999979019165,0.9943000078201294
YER119C,YOR004W,0,-4.0939817,0.09112512320280075,0.996999979019165,0.9944000244140625
YDL148C,YNR032W,0,-4.0948186,0.09111680090427399,0.996999979019165,0.9944999814033508
YPR017C,YPL154C,0,-4.0952883,0.09110847115516663,0.996999979019165,0.9945999979972839
YKR007W,YNL049C,0,-4.0978875,0.09110014885663986,0.996999979019165,0.994700014591217
YLL009C,YDR311W,0,-4.1003585,0.0910918191075325,0.996999979019165,0.9947999715805054
YGL038C,YDR527W,0,-4.1022906,0.09108350425958633,0.996999979019165,0.9948999881744385
YGR083C,YPL057C,0,-4.1023717,0.09107518196105957,0.996999979019165,0.9950000047683716
YGR152C,YHR008C,0,-4.105864,0.0910668596625328,0.996999979019165,0.9951000213623047
YOL130W,YPR155C,0,-4.1069713,0.09105854481458664,0.996999979019165,0.995199978351593
YDR529C,YDR145W,0,-4.1073422,0.09105022996664047,0.996999979019165,0.9952999949455261
YIL004C,YNL055C,0,-4.111087,0.0910419151186943,0.996999979019165,0.9954000115394592
YMR056C,YKL122C,0,-4.113639,0.09103360027074814,0.996999979019165,0.9955000281333923
YBL099W,YFR009W,0,-4.1145134,0.09102529287338257,0.996999979019165,0.9955999851226807
YFL039C,YBR030W,0,-4.117081,0.0910169780254364,0.996999979019165,0.9957000017166138
YAL007C,YPL058C,0,-4.121459,0.09100867062807083,0.996999979019165,0.9958000183105469
YOR011W,YMR188C,0,-4.130225,0.09100036323070526,0.996999979019165,0.9958999752998352
YCR071C,YOR322C,1,-4.1305456,0.09108332544565201,0.9980000257492065,0.9958999752998352
YDL200C,YAL023C,0,-4.133437,0.09107501059770584,0.9980000257492065,0.9959999918937683
YKR066C,YIL118W,0,-4.13502,0.09106670320034027,0.9980000257492065,0.9961000084877014
YOL064C,YMR188C,0,-4.135057,0.0910583958029747,0.9980000257492065,0.9962000250816345
YNL071W,YDL208W,0,-4.136428,0.09105008840560913,0.9980000257492065,0.9962999820709229
YPL204W,YBR185C,0,-4.1388583,0.09104178100824356,0.9980000257492065,0.996399998664856
YLR449W,YDL078C,0,-4.1394,0.09103347361087799,0.9980000257492065,0.9965000152587891
YGL174W,YDR276C,0,-4.1412764,0.09102517366409302,0.9980000257492065,0.9965999722480774
YNL061W,YHR016C,0,-4.146063,0.09101687371730804,0.9980000257492065,0.9966999888420105
YKR066C,YLR068W,0,-4.1461277,0.09100857377052307,0.9980000257492065,0.9968000054359436
YNL258C,YNL055C,0,-4.1545105,0.0910002738237381,0.9980000257492065,0.9969000220298767
YKL110C,YOL147C,0,-4.1620493,0.09099197387695312,0.9980000257492065,0.996999979019165
YJL196C,YNL064C,0,-4.1630306,0.09098368138074875,0.9980000257492065,0.9970999956130981
YNR001C,YOR340C,0,-4.1670575,0.09097538888454437,0.9980000257492065,0.9972000122070312
YPL015C,YGR152C,0,-4.1695957,0.09096709638834,0.9980000257492065,0.9973000288009644
YPL069C,YNL055C,0,-4.1715326,0.09095880389213562,0.9980000257492065,0.9973999857902527
YMR068W,YER025W,0,-4.1733932,0.09095051139593124,0.9980000257492065,0.9975000023841858
YML094W,YDL019C,0,-4.1734204,0.09094222635030746,0.9980000257492065,0.9976000189781189
YBR130C,YCR083W,0,-4.178674,0.09093394130468369,0.9980000257492065,0.9976999759674072
YLR026C,YJR019C,0,-4.1891546,0.0909256562590599,0.9980000257492065,0.9977999925613403
YOR002W,YDR145W,0,-4.191825,0.09091737121343613,0.9980000257492065,0.9979000091552734
YIL019W,YDR059C,0,-4.193191,0.09090909361839294,0.9980000257492065,0.9980000257492065
YKR007W,YOL055C,0,-4.194358,0.09090080857276917,0.9980000257492065,0.9980999827384949
YGR103W,YOR054C,0,-4.194436,0.09089253097772598,0.9980000257492065,0.998199999332428
YOR011W,YJR082C,0,-4.205064,0.0908842533826828,0.9980000257492065,0.9983000159263611
YGL078C,YBR280C,0,-4.218626,0.09087597578763962,0.9980000257492065,0.9983999729156494
YKL150W,YHR066W,0,-4.2204943,0.09086770564317703,0.9980000257492065,0.9984999895095825
YLR080W,YNR053C,0,-4.2252073,0.09085943549871445,0.9980000257492065,0.9986000061035156
YKL144C,YGL208W,0,-4.2257113,0.09085115790367126,0.9980000257492065,0.9987000226974487
YLR080W,YGR195W,0,-4.229513,0.09084288775920868,0.9980000257492065,0.9987999796867371
YDR511W,YIL114C,0,-4.231006,0.09083462506532669,0.9980000257492065,0.9988999962806702
YLL001W,YHR148W,0,-4.2349443,0.0908263549208641,0.9980000257492065,0.9990000128746033
YML080W,YBR214W,0,-4.239992,0.09081809222698212,0.9980000257492065,0.9991000294685364
YIL019W,YDR178W,0,-4.2426624,0.09080982953310013,0.9980000257492065,0.9991999864578247
YDR110W,YNL177C,0,-4.2428436,0.09080156683921814,0.9980000257492065,0.9993000030517578
YLL026W,YLR264W,1,-4.2446012,0.09088428318500519,0.9990000128746033,0.9993000030517578
YIL042C,YHR167W,1,-4.244663,0.09096697717905045,1.0,0.9993000030517578
YIL033C,YJL010C,0,-4.2496333,0.09095870703458786,1.0,0.9994000196456909
YOL124C,YIL017C,0,-4.253109,0.09095042943954468,1.0,0.9994999766349792
YJL122W,YLR270W,0,-4.295141,0.09094215929508209,1.0,0.9995999932289124
YDR021W,YKL034W,0,-4.3098693,0.0909338891506195,1.0,0.9997000098228455
YOL082W,YLR172C,0,-4.3275385,0.09092562645673752,1.0,0.9998000264167786
YOR245C,YPR110C,0,-4.3301215,0.09091735631227493,1.0,0.9998999834060669
YDR284C,YCL059C,0,-4.389826,0.09090909361839294,1.0,1.0
